7.000000000000000000e+00 1.500000000000000000e+01 4.000000000000000000e+00 0.000000000000000000e+00 1.600000000000000089e+00 -2.256999999999999892e-03 1.255999999999999955e-03 9.999970000000000248e-01 3.126700000000000035e-01 -9.498600000000000376e-01 1.899000000000000080e-03 9.498590000000000089e-01 3.126729999999999787e-01 1.750999999999999952e-03
1.200000000000000000e+01 1.500000000000000000e+01 4.000000000000000000e+00 0.000000000000000000e+00 1.600000000000000089e+00 -2.464000000000000044e-03 1.346900000000000007e-02 9.999059999999999615e-01 3.146619999999999973e-01 -9.491070000000000340e-01 1.355999999999999914e-02 9.492009999999999614e-01 3.146660000000000013e-01 -1.899000000000000080e-03
2.100000000000000000e+01 1.500000000000000000e+01 4.000000000000000000e+00 0.000000000000000000e+00 1.600000000000000089e+00 -2.642999999999999950e-03 2.818500000000000172e-02 9.995990000000000153e-01 3.230489999999999751e-01 -9.459819999999999895e-01 2.752699999999999939e-02 9.463789999999999702e-01 3.229920000000000013e-01 -6.604999999999999760e-03
2.500000000000000000e+01 1.300000000000000000e+01 5.000000000000000000e+00 0.000000000000000000e+00 1.600000000000000089e+00 -6.028000000000000372e-03 6.323600000000000054e-02 9.979799999999999782e-01 3.316209999999999991e-01 -9.413960000000000106e-01 6.165400000000000047e-02 9.433930000000000371e-01 3.313229999999999786e-01 -1.529499999999999957e-02
2.000000000000000000e+01 1.010000000000000000e+02 7.000000000000000000e+00 0.000000000000000000e+00 1.600000000000000089e+00 -1.033000000000000064e-03 -5.264999999999999715e-03 9.999860000000000415e-01 8.881310000000000038e-01 4.595779999999999865e-01 3.337000000000000122e-03 -4.595890000000000253e-01 8.881219999999999670e-01 4.200999999999999873e-03
2.700000000000000000e+01 1.010000000000000000e+02 7.000000000000000000e+00 0.000000000000000000e+00 1.600000000000000089e+00 4.189999999999999931e-04 1.917800000000000060e-02 9.998160000000000380e-01 8.889399999999999524e-01 4.579320000000000057e-01 -9.155999999999999209e-03 -4.580239999999999867e-01 8.887800000000000145e-01 -1.685599999999999946e-02
1.000000000000000000e+00 2.500000000000000000e+01 8.000000000000000000e+00 0.000000000000000000e+00 1.600000000000000089e+00 -4.033000000000000126e-03 -1.314399999999999943e-02 -9.999050000000000438e-01 4.422559999999999825e-01 8.967859999999999721e-01 -1.357200000000000073e-02 8.968800000000000106e-01 -4.422690000000000232e-01 2.196000000000000035e-03
9.000000000000000000e+00 2.500000000000000000e+01 8.000000000000000000e+00 0.000000000000000000e+00 1.600000000000000089e+00 -2.442999999999999859e-03 -4.423999999999999981e-03 -9.999869999999999592e-01 4.452479999999999771e-01 8.953929999999999945e-01 -5.048999999999999669e-03 8.954039999999999777e-01 -4.452539999999999831e-01 -2.180000000000000134e-04
1.200000000000000000e+01 2.500000000000000000e+01 8.000000000000000000e+00 0.000000000000000000e+00 1.600000000000000089e+00 -1.616000000000000032e-03 -4.219999999999999793e-03 -9.999900000000000455e-01 4.444850000000000190e-01 8.957749999999999879e-01 -4.498000000000000262e-03 8.957850000000000534e-01 -4.444879999999999942e-01 4.279999999999999950e-04
1.800000000000000000e+01 2.500000000000000000e+01 8.000000000000000000e+00 0.000000000000000000e+00 1.600000000000000089e+00 -1.448999999999999984e-03 -5.926999999999999977e-03 -9.999810000000000088e-01 4.459779999999999855e-01 8.950240000000000418e-01 -5.950999999999999693e-03 8.950430000000000330e-01 -4.459779999999999855e-01 1.347000000000000107e-03
2.800000000000000000e+01 2.500000000000000000e+01 8.000000000000000000e+00 0.000000000000000000e+00 1.600000000000000089e+00 -1.696000000000000025e-03 1.038999999999999993e-03 -9.999980000000000535e-01 4.468550000000000022e-01 8.946060000000000123e-01 1.720000000000000066e-04 8.946049999999999836e-01 -4.468539999999999734e-01 -1.981000000000000122e-03
2.000000000000000000e+00 2.400000000000000000e+01 9.000000000000000000e+00 0.000000000000000000e+00 1.600000000000000089e+00 -3.331999999999999892e-03 -1.227600000000000045e-02 -9.999190000000000023e-01 4.488739999999999952e-01 8.935079999999999689e-01 -1.246500000000000039e-02 8.935889999999999667e-01 -4.488789999999999725e-01 2.533000000000000095e-03
1.100000000000000000e+01 2.400000000000000000e+01 9.000000000000000000e+00 0.000000000000000000e+00 1.600000000000000089e+00 -1.466000000000000072e-03 -5.105000000000000163e-03 -9.999860000000000415e-01 4.501660000000000106e-01 8.929300000000000015e-01 -5.218000000000000416e-03 8.929439999999999600e-01 -4.501669999999999838e-01 9.890000000000000787e-04
1.900000000000000000e+01 2.400000000000000000e+01 9.000000000000000000e+00 0.000000000000000000e+00 1.600000000000000089e+00 -1.698000000000000074e-03 -8.111999999999999419e-03 -9.999660000000000215e-01 4.513730000000000242e-01 8.922989999999999533e-01 -8.004999999999999963e-03 8.923339999999999606e-01 -4.513719999999999954e-01 2.145999999999999904e-03
2.300000000000000000e+01 2.400000000000000000e+01 9.000000000000000000e+00 0.000000000000000000e+00 1.600000000000000089e+00 -1.794000000000000022e-03 -4.604999999999999719e-03 -9.999879999999999880e-01 4.518300000000000094e-01 8.920900000000000496e-01 -4.917999999999999629e-03 8.921019999999999506e-01 -4.518329999999999846e-01 4.809999999999999823e-04
2.800000000000000000e+01 2.400000000000000000e+01 9.000000000000000000e+00 0.000000000000000000e+00 1.600000000000000089e+00 -1.075999999999999917e-03 1.874000000000000015e-03 -9.999980000000000535e-01 4.530580000000000163e-01 8.914800000000000502e-01 1.183000000000000024e-03 8.914800000000000502e-01 -4.530560000000000143e-01 -1.807999999999999928e-03
3.000000000000000000e+00 3.100000000000000000e+01 1.200000000000000000e+01 0.000000000000000000e+00 1.600000000000000089e+00 -8.610000000000000032e-04 -3.703000000000000128e-03 9.999930000000000208e-01 -1.443000000000000055e-03 9.999919999999999920e-01 3.701999999999999996e-03 -9.999989999999999712e-01 -1.440000000000000091e-03 -8.670000000000000406e-04
1.300000000000000000e+01 3.100000000000000000e+01 1.200000000000000000e+01 0.000000000000000000e+00 1.600000000000000089e+00 8.769999999999999584e-04 -3.089999999999999756e-04 1.000000000000000000e+00 -1.856000000000000011e-03 9.999980000000000535e-01 3.099999999999999999e-04 -9.999980000000000535e-01 -1.856999999999999927e-03 8.760000000000000425e-04
2.000000000000000000e+01 3.100000000000000000e+01 1.200000000000000000e+01 0.000000000000000000e+00 1.600000000000000089e+00 2.500000000000000120e-05 -3.661000000000000192e-03 9.999930000000000208e-01 -3.322999999999999999e-03 9.999879999999999880e-01 3.661000000000000192e-03 -9.999940000000000495e-01 -3.322999999999999999e-03 1.299999999999999920e-05
1.400000000000000000e+01 3.500000000000000000e+01 1.200000000000000000e+01 0.000000000000000000e+00 1.600000000000000089e+00 3.458999999999999835e-03 -4.135999999999999920e-03 -9.999850000000000128e-01 5.726590000000000291e-01 -8.197759999999999492e-01 5.370999999999999906e-03 -8.197870000000000434e-01 -5.726689999999999836e-01 -4.670000000000000214e-04
1.900000000000000000e+01 3.500000000000000000e+01 1.200000000000000000e+01 0.000000000000000000e+00 1.600000000000000089e+00 5.800000000000000034e-04 -4.549000000000000092e-03 -9.999900000000000455e-01 5.539589999999999792e-01 -8.325339999999999963e-01 4.108999999999999805e-03 -8.325439999999999507e-01 -5.539549999999999752e-01 2.037000000000000182e-03
2.500000000000000000e+01 3.500000000000000000e+01 1.200000000000000000e+01 0.000000000000000000e+00 1.600000000000000089e+00 2.073999999999999889e-03 -7.265999999999999889e-03 -9.999710000000000543e-01 5.309310000000000418e-01 -8.473840000000000261e-01 7.258999999999999828e-03 -8.474120000000000541e-01 -5.309310000000000418e-01 2.099999999999999870e-03
2.900000000000000000e+01 3.500000000000000000e+01 1.200000000000000000e+01 0.000000000000000000e+00 1.600000000000000089e+00 6.729999999999999871e-04 -5.083999999999999977e-03 -9.999869999999999592e-01 5.179960000000000120e-01 -8.553699999999999637e-01 4.696999999999999786e-03 -8.553830000000000044e-01 -5.179930000000000367e-01 2.057999999999999934e-03
7.000000000000000000e+00 3.200000000000000000e+01 1.400000000000000000e+01 0.000000000000000000e+00 1.600000000000000089e+00 -1.734000000000000081e-03 -8.508999999999999203e-03 -9.999620000000000175e-01 1.040390000000000065e-01 9.945359999999999756e-01 -8.642999999999999641e-03 9.945720000000000116e-01 -1.040500000000000036e-01 -8.390000000000000105e-04
5.000000000000000000e+00 1.200000000000000000e+01 1.500000000000000000e+01 0.000000000000000000e+00 1.600000000000000089e+00 6.840000000000000377e-04 3.792999999999999931e-03 -9.999930000000000208e-01 -4.690590000000000037e-01 -8.831590000000000273e-01 -3.670999999999999784e-03 -8.831670000000000353e-01 4.690579999999999750e-01 1.175000000000000046e-03
8.000000000000000000e+00 1.200000000000000000e+01 1.500000000000000000e+01 0.000000000000000000e+00 1.600000000000000089e+00 -1.039999999999999909e-03 7.356999999999999824e-03 -9.999719999999999720e-01 -4.661799999999999833e-01 -8.846690000000000387e-01 -6.023999999999999841e-03 -8.846889999999999477e-01 4.661609999999999920e-01 4.349999999999999700e-03
1.300000000000000000e+01 1.200000000000000000e+01 1.500000000000000000e+01 0.000000000000000000e+00 1.600000000000000089e+00 8.670000000000000406e-04 7.943999999999999673e-03 -9.999679999999999680e-01 -4.596210000000000018e-01 -8.880839999999999845e-01 -7.453999999999999689e-03 -8.881149999999999878e-01 4.596129999999999938e-01 2.880999999999999880e-03
1.800000000000000000e+01 1.200000000000000000e+01 1.500000000000000000e+01 0.000000000000000000e+00 1.600000000000000089e+00 -7.439999999999999782e-04 1.123099999999999966e-02 -9.999369999999999647e-01 -4.517559999999999909e-01 -8.920890000000000208e-01 -9.683999999999999900e-03 -8.921409999999999618e-01 4.517200000000000104e-01 5.738000000000000045e-03
2.400000000000000000e+01 1.200000000000000000e+01 1.500000000000000000e+01 0.000000000000000000e+00 1.600000000000000089e+00 -6.302000000000000310e-03 6.001000000000000258e-03 -9.999620000000000175e-01 -4.260140000000000038e-01 -9.047119999999999607e-01 -2.743999999999999911e-03 -9.046950000000000269e-01 4.259800000000000253e-01 8.257999999999999716e-03
6.000000000000000000e+00 1.160000000000000000e+02 1.600000000000000000e+01 0.000000000000000000e+00 1.600000000000000089e+00 -1.079999999999999960e-04 2.489999999999999809e-04 1.000000000000000000e+00 7.435289999999999955e-01 6.687030000000000474e-01 -8.700000000000000051e-05 -6.687030000000000474e-01 7.435289999999999955e-01 -2.570000000000000127e-04
1.100000000000000000e+01 1.160000000000000000e+02 1.600000000000000000e+01 0.000000000000000000e+00 1.600000000000000089e+00 -3.370000000000000057e-04 2.592000000000000120e-03 9.999970000000000248e-01 7.491579999999999906e-01 6.623890000000000056e-01 -1.464000000000000024e-03 -6.623909999999999521e-01 7.491550000000000153e-01 -2.165999999999999957e-03
2.700000000000000000e+01 1.160000000000000000e+02 1.600000000000000000e+01 0.000000000000000000e+00 1.600000000000000089e+00 1.154000000000000078e-03 -7.219999999999999855e-04 9.999989999999999712e-01 7.656629999999999825e-01 6.432409999999999517e-01 -4.189999999999999931e-04 -6.432400000000000340e-01 7.656629999999999825e-01 1.294999999999999927e-03
2.000000000000000000e+00 2.000000000000000000e+00 1.900000000000000000e+01 0.000000000000000000e+00 1.600000000000000089e+00 -1.588000000000000002e-03 2.834899999999999920e-02 -9.995969999999999578e-01 2.401570000000000094e-01 -9.703330000000000011e-01 -2.790099999999999872e-02 -9.707329999999999570e-01 -2.401040000000000119e-01 -5.266999999999999980e-03
1.100000000000000000e+01 2.000000000000000000e+00 1.900000000000000000e+01 0.000000000000000000e+00 1.600000000000000089e+00 2.692699999999999955e-02 6.263699999999999823e-02 -9.976730000000000320e-01 2.352980000000000071e-01 -9.703899999999999748e-01 -5.457399999999999751e-02 -9.715500000000000247e-01 -2.332809999999999884e-01 -4.086800000000000155e-02
1.700000000000000000e+01 2.000000000000000000e+00 1.900000000000000000e+01 0.000000000000000000e+00 1.600000000000000089e+00 2.920700000000000032e-02 7.661900000000000654e-02 -9.966329999999999911e-01 2.897689999999999988e-01 -9.548919999999999630e-01 -6.491800000000000348e-02 -9.566510000000000291e-01 -2.868970000000000131e-01 -5.009099999999999664e-02
2.200000000000000000e+01 2.000000000000000000e+00 1.900000000000000000e+01 0.000000000000000000e+00 1.600000000000000089e+00 2.322899999999999965e-02 5.635099999999999831e-02 -9.981409999999999449e-01 3.257979999999999765e-01 -9.443329999999999780e-01 -4.573100000000000082e-02 -9.451540000000000497e-01 -3.241299999999999737e-01 -4.029599999999999849e-02
1.300000000000000000e+01 4.000000000000000000e+00 2.000000000000000000e+01 0.000000000000000000e+00 1.600000000000000089e+00 1.870899999999999994e-02 4.669899999999999746e-02 -9.987340000000000106e-01 4.009869999999999823e-01 -9.154039999999999955e-01 -3.529100000000000292e-02 -9.158929999999999572e-01 -3.998189999999999800e-01 -3.585200000000000192e-02
2.000000000000000000e+01 4.000000000000000000e+00 2.000000000000000000e+01 0.000000000000000000e+00 1.600000000000000089e+00 2.512999999999999956e-02 2.353399999999999936e-02 -9.994070000000000453e-01 3.664160000000000195e-01 -9.303649999999999975e-01 -1.269499999999999969e-02 -9.301120000000000498e-01 -3.658799999999999830e-01 -3.200299999999999673e-02
2.300000000000000000e+01 4.000000000000000000e+00 2.000000000000000000e+01 0.000000000000000000e+00 1.600000000000000089e+00 2.094999999999999987e-02 1.904099999999999890e-02 -9.995990000000000153e-01 3.587449999999999806e-01 -9.333789999999999587e-01 -1.026099999999999929e-02 -9.332000000000000295e-01 -3.583859999999999824e-01 -2.638499999999999873e-02
2.600000000000000000e+01 4.000000000000000000e+00 2.000000000000000000e+01 0.000000000000000000e+00 1.600000000000000089e+00 7.021000000000000331e-03 1.172899999999999984e-02 -9.999069999999999903e-01 3.565599999999999881e-01 -9.342340000000000089e-01 -8.455000000000000709e-03 -9.342460000000000209e-01 -3.564680000000000071e-01 -1.074199999999999981e-02
2.000000000000000000e+00 1.300000000000000000e+01 2.000000000000000000e+01 0.000000000000000000e+00 1.600000000000000089e+00 -9.409999999999999962e-04 -2.560000000000000209e-03 9.999959999999999960e-01 2.658869999999999845e-01 9.639999999999999680e-01 2.717999999999999930e-03 -9.640039999999999720e-01 2.658889999999999865e-01 -2.259999999999999910e-04
1.100000000000000000e+01 1.300000000000000000e+01 2.000000000000000000e+01 0.000000000000000000e+00 1.600000000000000089e+00 1.230000000000000082e-04 1.490000000000000005e-03 9.999989999999999712e-01 2.647189999999999821e-01 9.643239999999999590e-01 -1.469000000000000037e-03 -9.643260000000000165e-01 2.647189999999999821e-01 -2.750000000000000166e-04
1.700000000000000000e+01 1.300000000000000000e+01 2.000000000000000000e+01 0.000000000000000000e+00 1.600000000000000089e+00 3.130000000000000187e-04 5.230000000000000274e-04 1.000000000000000000e+00 2.626649999999999818e-01 9.648870000000000502e-01 -5.869999999999999567e-04 -9.648870000000000502e-01 2.626649999999999818e-01 1.649999999999999991e-04
2.200000000000000000e+01 1.300000000000000000e+01 2.000000000000000000e+01 0.000000000000000000e+00 1.600000000000000089e+00 2.259999999999999910e-04 1.204999999999999908e-03 9.999989999999999712e-01 2.612949999999999995e-01 9.652579999999999494e-01 -1.221999999999999996e-03 -9.652589999999999781e-01 2.612949999999999995e-01 -9.600000000000000243e-05
2.700000000000000000e+01 1.300000000000000000e+01 2.000000000000000000e+01 0.000000000000000000e+00 1.600000000000000089e+00 -5.310000000000000050e-04 -3.328999999999999928e-03 9.999940000000000495e-01 2.635879999999999890e-01 9.646299999999999875e-01 3.350999999999999812e-03 -9.646350000000000202e-01 2.635879999999999890e-01 3.649999999999999816e-04
2.000000000000000000e+00 3.000000000000000000e+00 2.500000000000000000e+01 0.000000000000000000e+00 1.600000000000000089e+00 3.386000000000000121e-03 9.839999999999999789e-03 9.999460000000000015e-01 -2.286600000000000091e-02 -9.996890000000000498e-01 9.915000000000000202e-03 9.997329999999999828e-01 -2.289800000000000169e-02 -3.160000000000000048e-03
1.700000000000000000e+01 3.000000000000000000e+00 2.500000000000000000e+01 0.000000000000000000e+00 1.600000000000000089e+00 -1.230000000000000082e-04 1.344200000000000082e-02 9.999099999999999655e-01 -3.264800000000000341e-02 -9.993769999999999598e-01 1.342999999999999923e-02 9.994669999999999943e-01 -3.264399999999999941e-02 5.619999999999999996e-04
2.500000000000000000e+01 3.000000000000000000e+00 2.500000000000000000e+01 0.000000000000000000e+00 1.600000000000000089e+00 3.285000000000000159e-03 -3.621000000000000087e-03 9.999879999999999880e-01 -4.930999999999999966e-02 -9.987780000000000546e-01 -3.454000000000000039e-03 9.987780000000000546e-01 -4.929800000000000154e-02 -3.459999999999999968e-03
2.200000000000000000e+01 4.600000000000000000e+01 2.700000000000000000e+01 0.000000000000000000e+00 1.600000000000000089e+00 -1.606999999999999922e-03 -1.440000000000000036e-04 -9.999989999999999712e-01 6.699530000000000207e-01 7.424020000000000064e-01 -1.183999999999999940e-03 7.424020000000000064e-01 -6.699540000000000495e-01 -1.097000000000000102e-03
3.000000000000000000e+01 4.600000000000000000e+01 2.700000000000000000e+01 0.000000000000000000e+00 1.600000000000000089e+00 -8.559999999999999901e-04 -4.006000000000000012e-03 -9.999919999999999920e-01 6.644710000000000338e-01 7.473060000000000258e-01 -3.562000000000000062e-03 7.473140000000000338e-01 -6.644679999999999476e-01 2.021999999999999926e-03
1.900000000000000000e+01 4.600000000000000000e+01 3.000000000000000000e+01 0.000000000000000000e+00 1.600000000000000089e+00 -1.379999999999999933e-03 -1.758999999999999930e-03 -9.999970000000000248e-01 3.252430000000000043e-01 9.456280000000000241e-01 -2.112000000000000162e-03 9.456290000000000529e-01 -3.252450000000000063e-01 -7.330000000000000361e-04
6.000000000000000000e+00 5.800000000000000000e+01 3.100000000000000000e+01 0.000000000000000000e+00 1.600000000000000089e+00 2.860000000000000129e-04 -8.009999999999999542e-04 1.000000000000000000e+00 -7.823679999999999524e-01 -6.228169999999999540e-01 -2.750000000000000166e-04 6.228169999999999540e-01 -7.823679999999999524e-01 -8.050000000000000515e-04
1.300000000000000000e+01 5.800000000000000000e+01 3.100000000000000000e+01 0.000000000000000000e+00 1.600000000000000089e+00 3.782999999999999904e-03 4.621000000000000107e-03 9.999820000000000375e-01 -7.781400000000000539e-01 -6.280630000000000379e-01 5.845999999999999634e-03 6.280790000000000539e-01 -7.781489999999999796e-01 1.219999999999999947e-03
2.300000000000000000e+01 5.800000000000000000e+01 3.100000000000000000e+01 0.000000000000000000e+00 1.600000000000000089e+00 -3.563000000000000195e-03 -1.719999999999999958e-03 9.999919999999999920e-01 -7.719510000000000538e-01 -6.356709999999999861e-01 -3.844000000000000195e-03 6.356720000000000148e-01 -7.719589999999999508e-01 9.370000000000000074e-04
2.700000000000000000e+01 5.800000000000000000e+01 3.100000000000000000e+01 0.000000000000000000e+00 1.600000000000000089e+00 1.345000000000000058e-03 -5.749999999999999903e-04 9.999989999999999712e-01 -7.678380000000000205e-01 -6.406439999999999912e-01 6.639999999999999852e-04 6.406429999999999625e-01 -7.678380000000000205e-01 -1.302999999999999905e-03
2.000000000000000000e+00 4.600000000000000000e+01 3.500000000000000000e+01 0.000000000000000000e+00 1.600000000000000089e+00 8.080000000000000160e-04 -5.126999999999999613e-03 -9.999860000000000415e-01 3.900199999999999778e-01 -9.207929999999999726e-01 5.035999999999999678e-03 -9.208060000000000134e-01 -3.900190000000000046e-01 1.255999999999999955e-03
7.000000000000000000e+00 4.600000000000000000e+01 3.500000000000000000e+01 0.000000000000000000e+00 1.600000000000000089e+00 6.449999999999999570e-04 6.470000000000000057e-04 -1.000000000000000000e+00 3.911990000000000189e-01 -9.203059999999999574e-01 -3.429999999999999889e-04 -9.203059999999999574e-01 -3.911979999999999902e-01 -8.469999999999999881e-04
1.000000000000000000e+01 4.600000000000000000e+01 3.500000000000000000e+01 0.000000000000000000e+00 1.600000000000000089e+00 -1.430000000000000064e-04 2.740999999999999947e-03 -9.999959999999999960e-01 3.915409999999999724e-01 -9.201570000000000027e-01 -2.577999999999999996e-03 -9.201610000000000067e-01 -3.915399999999999991e-01 -9.420000000000000205e-04
1.400000000000000000e+01 4.600000000000000000e+01 3.500000000000000000e+01 0.000000000000000000e+00 1.600000000000000089e+00 -3.390000000000000001e-04 -2.500000000000000120e-05 -1.000000000000000000e+00 3.921350000000000113e-01 -9.199079999999999480e-01 -1.100000000000000039e-04 -9.199079999999999480e-01 -3.921350000000000113e-01 3.209999999999999963e-04
1.900000000000000000e+01 4.600000000000000000e+01 3.500000000000000000e+01 0.000000000000000000e+00 1.600000000000000089e+00 1.160000000000000007e-04 6.139999999999999625e-04 -1.000000000000000000e+00 3.938479999999999759e-01 -9.191759999999999931e-01 -5.190000000000000386e-04 -9.191759999999999931e-01 -3.938470000000000026e-01 -3.480000000000000020e-04
2.200000000000000000e+01 4.600000000000000000e+01 3.500000000000000000e+01 0.000000000000000000e+00 1.600000000000000089e+00 7.039999999999999817e-04 1.000000000000000082e-05 -1.000000000000000000e+00 3.945100000000000273e-01 -9.188920000000000421e-01 2.680000000000000090e-04 -9.188910000000000133e-01 -3.945100000000000273e-01 -6.509999999999999945e-04
2.800000000000000000e+01 4.600000000000000000e+01 3.500000000000000000e+01 0.000000000000000000e+00 1.600000000000000089e+00 -1.900000000000000105e-04 -2.629999999999999959e-04 -1.000000000000000000e+00 3.936970000000000192e-01 -9.192399999999999460e-01 1.669999999999999935e-04 -9.192399999999999460e-01 -3.936970000000000192e-01 2.779999999999999811e-04
6.000000000000000000e+00 3.000000000000000000e+00 4.300000000000000000e+01 0.000000000000000000e+00 1.600000000000000089e+00 -1.106299999999999992e-02 -2.853599999999999887e-02 -9.995319999999999760e-01 7.362450000000000383e-01 -6.766229999999999745e-01 1.116800000000000084e-02 -6.766250000000000320e-01 -7.357759999999999856e-01 2.849499999999999950e-02
1.000000000000000000e+01 3.000000000000000000e+00 4.300000000000000000e+01 0.000000000000000000e+00 1.600000000000000089e+00 2.059999999999999928e-04 -3.480599999999999666e-02 -9.993940000000000046e-01 7.339379999999999793e-01 -6.787999999999999590e-01 2.379200000000000065e-02 -6.792169999999999597e-01 -7.334979999999999833e-01 2.540600000000000150e-02
1.600000000000000000e+01 3.000000000000000000e+00 4.300000000000000000e+01 0.000000000000000000e+00 1.600000000000000089e+00 -2.965999999999999887e-03 -3.588000000000000043e-03 -9.999890000000000168e-01 7.370400000000000285e-01 -6.758490000000000331e-01 2.390000000000000089e-04 -6.758429999999999715e-01 -7.370309999999999917e-01 4.649000000000000354e-03
2.100000000000000000e+01 3.000000000000000000e+00 4.300000000000000000e+01 0.000000000000000000e+00 1.600000000000000089e+00 1.247999999999999977e-03 5.708999999999999665e-03 -9.999829999999999552e-01 7.357829999999999648e-01 -6.772110000000000074e-01 -2.948999999999999799e-03 -6.772169999999999579e-01 -7.357660000000000311e-01 -5.046000000000000138e-03
2.600000000000000000e+01 3.000000000000000000e+00 4.300000000000000000e+01 0.000000000000000000e+00 1.600000000000000089e+00 1.994000000000000113e-03 3.327600000000000002e-02 -9.994439999999999991e-01 7.350710000000000299e-01 -6.776609999999999578e-01 -2.109600000000000017e-02 -6.779870000000000063e-01 -7.346209999999999685e-01 -2.581200000000000161e-02
3.000000000000000000e+01 3.000000000000000000e+00 4.300000000000000000e+01 0.000000000000000000e+00 1.600000000000000089e+00 1.985999999999999918e-03 4.072200000000000125e-02 -9.991689999999999738e-01 7.326310000000000322e-01 -6.801190000000000291e-01 -2.626300000000000162e-02 -6.806229999999999780e-01 -7.319700000000000095e-01 -3.118500000000000091e-02
5.000000000000000000e+00 2.900000000000000000e+01 4.400000000000000000e+01 0.000000000000000000e+00 1.600000000000000089e+00 -3.159999999999999832e-04 1.807000000000000012e-03 -9.999980000000000535e-01 6.470890000000000253e-01 7.624140000000000361e-01 1.172999999999999998e-03 7.624149999999999539e-01 -6.470869999999999678e-01 -1.410000000000000012e-03
1.300000000000000000e+01 2.900000000000000000e+01 4.400000000000000000e+01 0.000000000000000000e+00 1.600000000000000089e+00 -2.348999999999999960e-03 1.655999999999999920e-03 -9.999959999999999960e-01 6.506960000000000521e-01 7.593379999999999574e-01 -2.709999999999999735e-04 7.593339999999999534e-01 -6.506939999999999946e-01 -2.860999999999999828e-03
1.900000000000000000e+01 2.900000000000000000e+01 4.400000000000000000e+01 0.000000000000000000e+00 1.600000000000000089e+00 -1.765999999999999992e-03 2.223999999999999849e-03 -9.999959999999999960e-01 6.596889999999999699e-01 7.515389999999999571e-01 5.060000000000000478e-04 7.515370000000000106e-01 -6.596849999999999659e-01 -2.794000000000000043e-03
2.400000000000000000e+01 2.900000000000000000e+01 4.400000000000000000e+01 0.000000000000000000e+00 1.600000000000000089e+00 1.572999999999999962e-03 -1.219999999999999947e-03 -9.999980000000000535e-01 6.581390000000000295e-01 7.528960000000000097e-01 1.160000000000000007e-04 7.528949999999999809e-01 -6.581380000000000008e-01 1.987000000000000051e-03
2.800000000000000000e+01 2.900000000000000000e+01 4.400000000000000000e+01 0.000000000000000000e+00 1.600000000000000089e+00 -2.199999999999999943e-05 -4.108999999999999805e-03 -9.999919999999999920e-01 6.519329999999999847e-01 7.582699999999999996e-01 -3.129999999999999970e-03 7.582759999999999501e-01 -6.519279999999999520e-01 2.661999999999999870e-03
3.000000000000000000e+00 6.500000000000000000e+01 4.600000000000000000e+01 0.000000000000000000e+00 1.600000000000000089e+00 8.989999999999999511e-04 -4.381000000000000345e-03 9.999900000000000455e-01 6.820479999999999876e-01 -7.312980000000000036e-01 -3.817000000000000080e-03 7.313070000000000404e-01 6.820439999999999836e-01 2.330000000000000040e-03
2.600000000000000000e+01 6.500000000000000000e+01 4.600000000000000000e+01 0.000000000000000000e+00 1.600000000000000089e+00 -1.814999999999999990e-03 2.857999999999999863e-03 9.999940000000000495e-01 6.778370000000000228e-01 -7.352039999999999687e-01 3.331000000000000193e-03 7.352100000000000302e-01 6.778399999999999981e-01 -6.030000000000000204e-04
1.300000000000000000e+01 7.000000000000000000e+01 4.700000000000000000e+01 0.000000000000000000e+00 1.600000000000000089e+00 -8.499999999999999526e-04 -2.546999999999999785e-03 -9.999959999999999960e-01 -8.437240000000000295e-01 -5.367729999999999446e-01 2.083999999999999915e-03 -5.367760000000000309e-01 8.437230000000000008e-01 -1.693000000000000060e-03
2.000000000000000000e+00 5.000000000000000000e+00 5.100000000000000000e+01 0.000000000000000000e+00 1.600000000000000089e+00 3.060000000000000111e-04 -5.699000000000000073e-03 -9.999839999999999840e-01 4.723100000000000076e-01 -8.814170000000000060e-01 5.167999999999999851e-03 -8.814319999999999933e-01 -4.723040000000000016e-01 2.422000000000000108e-03
8.000000000000000000e+00 5.000000000000000000e+00 5.100000000000000000e+01 0.000000000000000000e+00 1.600000000000000089e+00 -5.694000000000000276e-03 -1.340299999999999998e-02 -9.998939999999999495e-01 4.825749999999999762e-01 -8.758080000000000309e-01 8.991999999999999993e-03 -8.758359999999999479e-01 -4.824729999999999852e-01 1.145499999999999990e-02
1.300000000000000000e+01 5.000000000000000000e+00 5.100000000000000000e+01 0.000000000000000000e+00 1.600000000000000089e+00 -2.487000000000000061e-03 -2.701999999999999975e-03 -9.999930000000000208e-01 4.858279999999999821e-01 -8.740539999999999976e-01 1.154000000000000078e-03 -8.740510000000000224e-01 -4.858219999999999761e-01 3.485999999999999949e-03
1.700000000000000000e+01 5.000000000000000000e+00 5.100000000000000000e+01 0.000000000000000000e+00 1.600000000000000089e+00 -6.030000000000000204e-04 3.660000000000000059e-03 -9.999930000000000208e-01 4.896699999999999942e-01 -8.719010000000000371e-01 -3.485999999999999949e-03 -8.719080000000000163e-01 -4.896690000000000209e-01 -1.265999999999999981e-03
2.600000000000000000e+01 5.000000000000000000e+00 5.100000000000000000e+01 0.000000000000000000e+00 1.600000000000000089e+00 2.703999999999999806e-03 1.703100000000000100e-02 -9.998510000000000453e-01 4.830430000000000001e-01 -8.754910000000000192e-01 -1.360600000000000004e-02 -8.755920000000000369e-01 -4.829350000000000032e-01 -1.059399999999999925e-02
2.300000000000000000e+01 1.150000000000000000e+02 5.100000000000000000e+01 0.000000000000000000e+00 1.600000000000000089e+00 8.109999999999999805e-04 6.350000000000000392e-04 9.999989999999999712e-01 8.472269999999999524e-01 -5.312310000000000088e-01 -3.490000000000000263e-04 5.312299999999999800e-01 8.472269999999999524e-01 -9.690000000000000262e-04
1.300000000000000000e+01 7.000000000000000000e+00 5.200000000000000000e+01 0.000000000000000000e+00 1.600000000000000089e+00 -2.778999999999999786e-03 -8.700000000000000051e-04 -9.999959999999999960e-01 1.148939999999999961e-01 -9.933779999999999832e-01 5.450000000000000200e-04 -9.933739999999999792e-01 -1.148919999999999941e-01 2.860000000000000129e-03
1.000000000000000000e+00 6.300000000000000000e+01 5.400000000000000000e+01 0.000000000000000000e+00 1.600000000000000089e+00 2.125000000000000153e-03 -3.416000000000000199e-03 9.999919999999999920e-01 -3.402669999999999861e-01 9.403209999999999624e-01 3.935000000000000130e-03 -9.403259999999999952e-01 -3.402729999999999921e-01 8.360000000000000460e-04
5.000000000000000000e+00 6.300000000000000000e+01 5.400000000000000000e+01 0.000000000000000000e+00 1.600000000000000089e+00 1.376999999999999969e-03 2.477000000000000035e-03 9.999959999999999960e-01 -3.322080000000000033e-01 9.432040000000000424e-01 -1.879000000000000028e-03 -9.432049999999999601e-01 -3.322039999999999993e-01 2.122000000000000188e-03
1.100000000000000000e+01 6.300000000000000000e+01 5.400000000000000000e+01 0.000000000000000000e+00 1.600000000000000089e+00 -1.998999999999999909e-03 -4.769999999999999934e-04 9.999980000000000535e-01 -3.352089999999999792e-01 9.421439999999999815e-01 -2.200000000000000078e-04 -9.421410000000000062e-01 -3.352089999999999792e-01 -2.043000000000000111e-03
1.600000000000000000e+01 6.300000000000000000e+01 5.400000000000000000e+01 0.000000000000000000e+00 1.600000000000000089e+00 -1.418999999999999906e-03 -3.413999999999999934e-03 9.999930000000000208e-01 -3.448530000000000206e-01 9.386529999999999596e-01 2.714999999999999965e-03 -9.386550000000000171e-01 -3.448470000000000146e-01 -2.508999999999999946e-03
2.600000000000000000e+01 6.300000000000000000e+01 5.400000000000000000e+01 0.000000000000000000e+00 1.600000000000000089e+00 1.095999999999999969e-03 7.609999999999999577e-04 9.999989999999999712e-01 -3.335819999999999896e-01 9.427210000000000312e-01 -3.519999999999999908e-04 -9.427200000000000024e-01 -3.335810000000000164e-01 1.286999999999999950e-03
9.000000000000000000e+00 2.500000000000000000e+01 5.500000000000000000e+01 0.000000000000000000e+00 1.600000000000000089e+00 -1.116999999999999937e-03 -1.257000000000000088e-03 -9.999989999999999712e-01 -9.409000000000000696e-03 -9.999550000000000383e-01 1.266999999999999897e-03 -9.999550000000000383e-01 9.409999999999999962e-03 1.105000000000000079e-03
2.000000000000000000e+01 2.600000000000000000e+01 5.500000000000000000e+01 0.000000000000000000e+00 1.600000000000000089e+00 -9.959999999999999236e-04 6.750000000000000357e-04 -9.999989999999999712e-01 -2.614599999999999910e-02 -9.996580000000000465e-01 -6.489999999999999459e-04 -9.996580000000000465e-01 2.614599999999999910e-02 1.013000000000000012e-03
2.100000000000000000e+01 6.800000000000000000e+01 5.700000000000000000e+01 0.000000000000000000e+00 1.600000000000000089e+00 -3.899999999999999929e-04 5.610000000000000403e-03 -9.999839999999999840e-01 -2.418170000000000042e-01 -9.703070000000000306e-01 -5.348999999999999588e-03 -9.703220000000000178e-01 2.418109999999999982e-01 1.734999999999999997e-03
4.000000000000000000e+00 2.100000000000000000e+01 6.000000000000000000e+01 0.000000000000000000e+00 1.600000000000000089e+00 -1.404999999999999999e-03 4.730000000000000046e-04 9.999989999999999712e-01 -8.890199999999999492e-02 9.960400000000000365e-01 -5.959999999999999586e-04 -9.960390000000000077e-01 -8.890299999999999592e-02 -1.356999999999999916e-03
1.000000000000000000e+01 2.100000000000000000e+01 6.000000000000000000e+01 0.000000000000000000e+00 1.600000000000000089e+00 1.400999999999999902e-03 1.099999999999999936e-02 9.999379999999999935e-01 -8.982900000000000607e-02 9.958979999999999499e-01 -1.082999999999999935e-02 -9.959559999999999524e-01 -8.980799999999999894e-02 2.383000000000000135e-03
1.400000000000000000e+01 2.100000000000000000e+01 6.000000000000000000e+01 0.000000000000000000e+00 1.600000000000000089e+00 8.012999999999999290e-03 -6.727999999999999606e-03 9.999449999999999728e-01 -9.233099999999999641e-02 9.957009999999999472e-01 7.440000000000000432e-03 -9.956960000000000255e-01 -9.238599999999999590e-02 7.357999999999999957e-03
2.100000000000000000e+01 2.100000000000000000e+01 6.000000000000000000e+01 0.000000000000000000e+00 1.600000000000000089e+00 -4.799000000000000314e-03 3.651999999999999864e-03 9.999820000000000375e-01 -9.464699999999999502e-02 9.955030000000000268e-01 -4.089999999999999886e-03 -9.954990000000000228e-01 -9.466399999999999815e-02 -4.432000000000000176e-03
2.900000000000000000e+01 2.100000000000000000e+01 6.000000000000000000e+01 0.000000000000000000e+00 1.600000000000000089e+00 2.779999999999999811e-04 7.540999999999999960e-03 9.999719999999999720e-01 -9.500899999999999623e-02 9.954479999999999995e-01 -7.480999999999999803e-03 -9.954760000000000275e-01 -9.500400000000000511e-02 9.929999999999999591e-04
8.000000000000000000e+00 3.000000000000000000e+00 6.300000000000000000e+01 0.000000000000000000e+00 1.600000000000000089e+00 -1.198999999999999979e-03 -8.803000000000000061e-03 9.999599999999999600e-01 -6.144190000000000484e-01 7.889559999999999906e-01 6.209000000000000109e-03 -7.889789999999999859e-01 -6.143870000000000164e-01 -6.355000000000000406e-03
1.200000000000000000e+01 2.700000000000000000e+01 6.300000000000000000e+01 0.000000000000000000e+00 1.600000000000000089e+00 1.224000000000000045e-03 -4.338999999999999975e-03 9.999900000000000455e-01 -2.736520000000000064e-01 9.618179999999999508e-01 4.507999999999999854e-03 -9.618280000000000163e-01 -2.736549999999999816e-01 -1.000000000000000082e-05
1.700000000000000000e+01 2.700000000000000000e+01 6.300000000000000000e+01 0.000000000000000000e+00 1.600000000000000089e+00 -1.386000000000000079e-03 -1.185000000000000072e-03 9.999980000000000535e-01 -2.825650000000000106e-01 9.592479999999999896e-01 7.450000000000000025e-04 -9.592469999999999608e-01 -2.825630000000000086e-01 -1.665000000000000030e-03
2.300000000000000000e+01 2.700000000000000000e+01 6.300000000000000000e+01 0.000000000000000000e+00 1.600000000000000089e+00 3.809999999999999910e-04 -4.296000000000000339e-03 9.999909999999999632e-01 -2.760299999999999976e-01 9.611399999999999944e-01 4.233999999999999916e-03 -9.611490000000000311e-01 -2.760290000000000243e-01 -8.189999999999999581e-04
2.600000000000000000e+01 2.700000000000000000e+01 6.300000000000000000e+01 0.000000000000000000e+00 1.600000000000000089e+00 -2.500000000000000052e-04 -4.981000000000000184e-03 9.999879999999999880e-01 -2.732120000000000104e-01 9.619419999999999638e-01 4.722999999999999768e-03 -9.619539999999999758e-01 -2.732069999999999776e-01 -1.600999999999999993e-03
3.000000000000000000e+00 2.600000000000000000e+01 6.400000000000000000e+01 0.000000000000000000e+00 1.600000000000000089e+00 -9.129999999999999661e-04 -9.896000000000000282e-03 9.999510000000000343e-01 -3.454690000000000261e-01 9.383869999999999711e-01 8.972000000000000808e-03 -9.384299999999999864e-01 -3.454439999999999733e-01 -4.275000000000000154e-03
8.000000000000000000e+00 2.600000000000000000e+01 6.400000000000000000e+01 0.000000000000000000e+00 1.600000000000000089e+00 5.689999999999999529e-04 -1.346800000000000080e-02 9.999090000000000478e-01 -3.541090000000000071e-01 9.351159999999999473e-01 1.279699999999999935e-02 -9.352040000000000353e-01 -3.540840000000000098e-01 -4.237000000000000315e-03
1.700000000000000000e+01 2.600000000000000000e+01 6.400000000000000000e+01 0.000000000000000000e+00 1.600000000000000089e+00 -9.179999999999999792e-04 8.159999999999999936e-04 9.999989999999999712e-01 -3.670959999999999779e-01 9.301829999999999821e-01 -1.095999999999999969e-03 -9.301829999999999821e-01 -3.670959999999999779e-01 -5.540000000000000219e-04
2.200000000000000000e+01 2.600000000000000000e+01 6.400000000000000000e+01 0.000000000000000000e+00 1.600000000000000089e+00 -8.329999999999999731e-04 -6.910999999999999609e-03 9.999759999999999760e-01 -3.614359999999999795e-01 9.323770000000000113e-01 6.143000000000000023e-03 -9.323970000000000313e-01 -3.614220000000000210e-01 -3.274000000000000000e-03
2.300000000000000000e+01 6.900000000000000000e+01 6.600000000000000000e+01 0.000000000000000000e+00 1.600000000000000089e+00 7.191000000000000343e-03 -2.145999999999999904e-03 9.999719999999999720e-01 -9.443740000000000467e-01 3.287880000000000247e-01 7.497000000000000192e-03 -3.287950000000000039e-01 -9.444010000000000460e-01 3.379999999999999758e-04
5.000000000000000000e+00 2.500000000000000000e+01 7.300000000000000000e+01 0.000000000000000000e+00 1.600000000000000089e+00 -3.729000000000000110e-03 7.917000000000000426e-03 9.999620000000000175e-01 7.540170000000000483e-01 -6.568060000000000009e-01 8.012000000000000025e-03 6.568439999999999834e-01 7.540179999999999660e-01 -3.520000000000000125e-03
1.000000000000000000e+01 2.500000000000000000e+01 7.300000000000000000e+01 0.000000000000000000e+00 1.600000000000000089e+00 -1.268000000000000030e-03 -7.012000000000000004e-03 9.999749999999999472e-01 7.445800000000000196e-01 -6.675229999999999775e-01 -3.736000000000000171e-03 6.675320000000000142e-01 7.445559999999999956e-01 6.067999999999999609e-03
1.600000000000000000e+01 2.500000000000000000e+01 7.300000000000000000e+01 0.000000000000000000e+00 1.600000000000000089e+00 5.589000000000000218e-03 2.844000000000000174e-03 9.999799999999999800e-01 7.503400000000000070e-01 -6.610479999999999690e-01 -2.314000000000000085e-03 6.610279999999999490e-01 7.503379999999999495e-01 -5.827999999999999847e-03
1.900000000000000000e+01 2.500000000000000000e+01 7.300000000000000000e+01 0.000000000000000000e+00 1.600000000000000089e+00 7.448999999999999892e-03 5.795999999999999937e-03 9.999550000000000383e-01 7.582780000000000076e-01 -6.519289999999999807e-01 -1.869999999999999917e-03 6.518890000000000517e-01 7.582579999999999876e-01 -9.251000000000000542e-03
6.000000000000000000e+00 4.400000000000000000e+01 7.300000000000000000e+01 0.000000000000000000e+00 1.600000000000000089e+00 3.821000000000000178e-03 7.156000000000000034e-03 9.999670000000000503e-01 5.304699999999999693e-02 -9.985680000000000112e-01 6.943000000000000387e-03 9.985849999999999449e-01 5.301800000000000263e-02 -4.194999999999999944e-03
1.400000000000000000e+01 4.400000000000000000e+01 7.300000000000000000e+01 0.000000000000000000e+00 1.600000000000000089e+00 3.020000000000000223e-04 1.131000000000000061e-03 9.999989999999999712e-01 5.955300000000000177e-02 -9.982240000000000002e-01 1.111000000000000008e-03 9.982250000000000290e-01 5.955300000000000177e-02 -3.690000000000000246e-04
