1.100000000000000000e+01 1.500000000000000000e+01 4.000000000000000000e+00 0.000000000000000000e+00 1.600000000000000089e+00 -1.033999999999999980e-03 2.953799999999999829e-02 9.995629999999999793e-01 3.826629999999999754e-01 -9.234729999999999883e-01 2.768500000000000127e-02 9.238880000000000425e-01 3.825239999999999752e-01 -1.034799999999999956e-02
2.700000000000000000e+01 1.600000000000000000e+01 4.000000000000000000e+00 0.000000000000000000e+00 1.600000000000000089e+00 -2.765000000000000097e-03 2.449999999999999921e-04 9.999959999999999960e-01 4.580540000000000167e-01 -8.889230000000000187e-01 1.484999999999999992e-03 8.889200000000000434e-01 4.580560000000000187e-01 2.345999999999999995e-03
4.000000000000000000e+00 1.010000000000000000e+02 7.000000000000000000e+00 0.000000000000000000e+00 1.600000000000000089e+00 -5.199999999999999544e-04 -4.191000000000000281e-03 9.999909999999999632e-01 8.877650000000000263e-01 4.602910000000000057e-01 2.390999999999999896e-03 -4.602970000000000117e-01 8.877580000000000471e-01 3.481000000000000153e-03
9.000000000000000000e+00 1.010000000000000000e+02 7.000000000000000000e+00 0.000000000000000000e+00 1.600000000000000089e+00 -8.469999999999999881e-04 1.195000000000000055e-02 9.999280000000000390e-01 8.861780000000000213e-01 4.633209999999999829e-01 -4.786999999999999589e-03 -4.633450000000000069e-01 8.861099999999999532e-01 -1.098299999999999971e-02
2.000000000000000000e+01 1.010000000000000000e+02 7.000000000000000000e+00 0.000000000000000000e+00 1.600000000000000089e+00 -3.049999999999999868e-04 -3.628999999999999847e-03 9.999930000000000208e-01 8.856559999999999988e-01 4.643369999999999997e-01 1.955999999999999839e-03 -4.643410000000000037e-01 8.856509999999999661e-01 3.072000000000000078e-03
2.500000000000000000e+01 1.010000000000000000e+02 7.000000000000000000e+00 0.000000000000000000e+00 1.600000000000000089e+00 -1.353999999999999952e-03 -7.976999999999999716e-03 9.999670000000000503e-01 8.856220000000000203e-01 4.643809999999999882e-01 4.904000000000000373e-03 -4.644050000000000122e-01 8.856000000000000538e-01 6.435999999999999881e-03
1.200000000000000000e+01 1.500000000000000000e+01 8.000000000000000000e+00 0.000000000000000000e+00 1.600000000000000089e+00 9.929999999999999591e-04 1.798599999999999852e-02 -9.998380000000000045e-01 -6.145059999999999967e-01 -7.887729999999999464e-01 -1.479899999999999965e-02 -7.889110000000000289e-01 6.144209999999999949e-01 1.026900000000000035e-02
3.000000000000000000e+00 2.500000000000000000e+01 8.000000000000000000e+00 0.000000000000000000e+00 1.600000000000000089e+00 -1.849999999999999973e-04 5.115999999999999888e-03 -9.999869999999999592e-01 4.470049999999999857e-01 8.945199999999999818e-01 4.493999999999999731e-03 8.945309999999999651e-01 -4.469980000000000064e-01 -2.452000000000000186e-03
6.000000000000000000e+00 2.500000000000000000e+01 8.000000000000000000e+00 0.000000000000000000e+00 1.600000000000000089e+00 -1.258999999999999920e-03 4.792000000000000252e-03 -9.999879999999999880e-01 4.472309999999999897e-01 8.944109999999999561e-01 3.723000000000000181e-03 8.944180000000000463e-01 -4.472209999999999797e-01 -3.269000000000000204e-03
1.100000000000000000e+01 2.500000000000000000e+01 8.000000000000000000e+00 0.000000000000000000e+00 1.600000000000000089e+00 -6.570000000000000319e-04 -1.118000000000000070e-03 -9.999989999999999712e-01 4.486809999999999965e-01 8.936910000000000132e-01 -1.294000000000000011e-03 8.936920000000000419e-01 -4.486820000000000253e-01 -8.600000000000000331e-05
1.300000000000000000e+01 2.500000000000000000e+01 8.000000000000000000e+00 0.000000000000000000e+00 1.600000000000000089e+00 -5.000000000000000240e-05 -1.724999999999999971e-03 -9.999980000000000535e-01 4.485379999999999923e-01 8.937619999999999454e-01 -1.564000000000000069e-03 8.937640000000000029e-01 -4.485370000000000190e-01 7.290000000000000473e-04
3.000000000000000000e+01 2.500000000000000000e+01 8.000000000000000000e+00 0.000000000000000000e+00 1.600000000000000089e+00 1.376999999999999969e-03 -8.115000000000000685e-03 -9.999660000000000215e-01 4.468280000000000030e-01 8.945950000000000291e-01 -6.644999999999999865e-03 8.946190000000000531e-01 -4.468039999999999790e-01 4.858000000000000339e-03
2.800000000000000000e+01 9.000000000000000000e+00 9.000000000000000000e+00 0.000000000000000000e+00 1.600000000000000089e+00 1.828799999999999870e-02 1.249699999999999943e-02 -9.997549999999999493e-01 -9.230730000000000324e-01 -3.840120000000000200e-01 -2.168600000000000042e-02 -3.841890000000000027e-01 9.232430000000000359e-01 4.512999999999999651e-03
6.000000000000000000e+00 2.400000000000000000e+01 9.000000000000000000e+00 0.000000000000000000e+00 1.600000000000000089e+00 -1.773000000000000053e-03 4.040000000000000188e-03 -9.999900000000000455e-01 4.545520000000000116e-01 8.907159999999999522e-01 2.792999999999999910e-03 8.907180000000000097e-01 -4.545429999999999748e-01 -3.416000000000000199e-03
1.300000000000000000e+01 2.400000000000000000e+01 9.000000000000000000e+00 0.000000000000000000e+00 1.600000000000000089e+00 -8.299999999999999815e-05 -2.988999999999999903e-03 -9.999959999999999960e-01 4.561000000000000054e-01 8.899249999999999661e-01 -2.697000000000000178e-03 8.899289999999999701e-01 -4.560980000000000034e-01 1.288999999999999998e-03
2.100000000000000000e+01 2.400000000000000000e+01 9.000000000000000000e+00 0.000000000000000000e+00 1.600000000000000089e+00 -1.183000000000000024e-03 -3.703999999999999827e-03 -9.999919999999999920e-01 4.545699999999999741e-01 8.907030000000000225e-01 -3.837000000000000133e-03 8.907100000000000017e-01 -4.545710000000000028e-01 6.300000000000000261e-04
2.500000000000000000e+01 2.400000000000000000e+01 9.000000000000000000e+00 0.000000000000000000e+00 1.600000000000000089e+00 -8.170000000000000179e-04 -4.678999999999999999e-03 -9.999890000000000168e-01 4.542680000000000051e-01 8.908530000000000060e-01 -4.538999999999999632e-03 8.908650000000000180e-01 -4.542669999999999764e-01 1.397999999999999937e-03
5.000000000000000000e+00 7.000000000000000000e+00 1.000000000000000000e+01 0.000000000000000000e+00 1.600000000000000089e+00 1.043199999999999961e-01 9.816700000000000426e-02 -9.896869999999999834e-01 -9.336790000000000367e-01 -3.331089999999999884e-01 -1.314579999999999915e-01 -3.425790000000000224e-01 9.377640000000000420e-01 5.690699999999999925e-02
1.000000000000000000e+00 3.500000000000000000e+01 1.200000000000000000e+01 0.000000000000000000e+00 1.600000000000000089e+00 1.722000000000000006e-03 -1.673999999999999924e-03 -9.999970000000000248e-01 4.941340000000000177e-01 -8.693830000000000169e-01 2.305999999999999890e-03 -8.693840000000000456e-01 -4.941369999999999929e-01 -6.700000000000000226e-04
8.000000000000000000e+00 3.500000000000000000e+01 1.200000000000000000e+01 0.000000000000000000e+00 1.600000000000000089e+00 1.177000000000000095e-03 -4.824000000000000163e-03 -9.999879999999999880e-01 4.658019999999999938e-01 -8.848759999999999959e-01 4.817000000000000101e-03 -8.848880000000000079e-01 -4.658019999999999938e-01 1.204999999999999908e-03
1.200000000000000000e+01 3.500000000000000000e+01 1.200000000000000000e+01 0.000000000000000000e+00 1.600000000000000089e+00 4.510000000000000120e-04 -5.353000000000000119e-03 -9.999860000000000415e-01 4.530390000000000250e-01 -8.914769999999999639e-01 4.976999999999999653e-03 -8.914910000000000334e-01 -4.530350000000000210e-01 2.023000000000000059e-03
1.700000000000000000e+01 3.500000000000000000e+01 1.200000000000000000e+01 0.000000000000000000e+00 1.600000000000000089e+00 -5.500000000000000331e-04 -5.192999999999999700e-03 -9.999860000000000415e-01 4.529449999999999865e-01 -8.915279999999999871e-01 4.381000000000000345e-03 -8.915380000000000527e-01 -4.529369999999999785e-01 2.843000000000000041e-03
2.500000000000000000e+01 3.500000000000000000e+01 1.200000000000000000e+01 0.000000000000000000e+00 1.600000000000000089e+00 9.479999999999999495e-04 -1.748999999999999904e-03 -9.999980000000000535e-01 4.403050000000000019e-01 -8.978460000000000329e-01 1.988000000000000184e-03 -8.978479999999999794e-01 -4.403059999999999752e-01 -8.100000000000000375e-05
2.900000000000000000e+01 3.500000000000000000e+01 1.200000000000000000e+01 0.000000000000000000e+00 1.600000000000000089e+00 -9.219999999999999680e-04 2.386999999999999799e-03 -9.999970000000000248e-01 4.355939999999999812e-01 -9.001400000000000512e-01 -2.550000000000000183e-03 -9.001430000000000264e-01 -4.355950000000000100e-01 -2.100000000000000087e-04
4.000000000000000000e+00 3.200000000000000000e+01 1.400000000000000000e+01 0.000000000000000000e+00 1.600000000000000089e+00 -4.020000000000000136e-04 -5.599999999999999916e-05 -1.000000000000000000e+00 9.368300000000000238e-02 9.956019999999999870e-01 -9.299999999999999727e-05 9.956019999999999870e-01 -9.368300000000000238e-02 -3.950000000000000061e-04
2.300000000000000000e+01 3.200000000000000000e+01 1.400000000000000000e+01 0.000000000000000000e+00 1.600000000000000089e+00 -9.380000000000000317e-04 1.155999999999999910e-03 -9.999989999999999712e-01 1.071590000000000042e-01 9.942410000000000414e-01 1.048000000000000103e-03 9.942410000000000414e-01 -1.071580000000000032e-01 -1.056000000000000081e-03
2.800000000000000000e+01 3.200000000000000000e+01 1.400000000000000000e+01 0.000000000000000000e+00 1.600000000000000089e+00 6.939999999999999555e-04 -2.004000000000000139e-03 -9.999980000000000535e-01 1.071150000000000019e-01 9.942450000000000454e-01 -1.918000000000000000e-03 9.942459999999999631e-01 -1.071129999999999999e-01 9.049999999999999885e-04
2.000000000000000000e+01 1.160000000000000000e+02 1.600000000000000000e+01 0.000000000000000000e+00 1.600000000000000089e+00 1.704000000000000003e-03 2.265000000000000086e-03 9.999959999999999960e-01 7.529360000000000497e-01 6.580880000000000063e-01 -2.772999999999999857e-03 -6.580909999999999815e-01 7.529379999999999962e-01 -5.839999999999999922e-04
2.000000000000000000e+00 2.000000000000000000e+00 1.900000000000000000e+01 0.000000000000000000e+00 1.600000000000000089e+00 1.691000000000000012e-03 5.037500000000000311e-02 -9.987289999999999779e-01 3.490139999999999909e-01 -9.359570000000000389e-01 -4.661799999999999972e-02 -9.371159999999999490e-01 -3.484909999999999952e-01 -1.916400000000000048e-02
8.000000000000000000e+00 2.000000000000000000e+00 1.900000000000000000e+01 0.000000000000000000e+00 1.600000000000000089e+00 3.278999999999999797e-03 2.061100000000000085e-02 -9.997819999999999485e-01 3.467149999999999954e-01 -9.377940000000000165e-01 -1.819600000000000037e-02 -9.379650000000000487e-01 -3.465799999999999992e-01 -1.022200000000000018e-02
1.100000000000000000e+01 2.000000000000000000e+00 1.900000000000000000e+01 0.000000000000000000e+00 1.600000000000000089e+00 3.155999999999999951e-03 3.161999999999999880e-03 -9.999900000000000455e-01 3.401159999999999739e-01 -9.403820000000000512e-01 -1.899999999999999996e-03 -9.403780000000000472e-01 -3.401060000000000194e-01 -4.042999999999999719e-03
1.800000000000000000e+01 2.000000000000000000e+00 1.900000000000000000e+01 0.000000000000000000e+00 1.600000000000000089e+00 -3.419999999999999863e-03 1.525699999999999973e-02 -9.998780000000000445e-01 3.276270000000000016e-01 -9.446790000000000465e-01 -1.553599999999999946e-02 -9.448010000000000019e-01 -3.276399999999999868e-01 -1.768000000000000040e-03
2.500000000000000000e+01 2.000000000000000000e+00 1.900000000000000000e+01 0.000000000000000000e+00 1.600000000000000089e+00 -7.730000000000000326e-04 1.970699999999999882e-02 -9.998050000000000548e-01 3.277860000000000218e-01 -9.445639999999999592e-01 -1.887099999999999889e-02 -9.447520000000000362e-01 -3.277370000000000005e-01 -5.728999999999999718e-03
1.300000000000000000e+01 3.000000000000000000e+00 1.900000000000000000e+01 0.000000000000000000e+00 1.600000000000000089e+00 6.880000000000000265e-04 4.478000000000000209e-03 -9.999900000000000455e-01 3.084549999999999792e-01 -9.512300000000000200e-01 -4.048000000000000383e-03 -9.512389999999999457e-01 -3.084489999999999732e-01 -2.036000000000000049e-03
2.400000000000000000e+01 3.000000000000000000e+00 1.900000000000000000e+01 0.000000000000000000e+00 1.600000000000000089e+00 -1.320999999999999909e-03 1.857500000000000123e-02 -9.998270000000000213e-01 2.999749999999999917e-01 -9.537750000000000394e-01 -1.811600000000000016e-02 -9.539459999999999607e-01 -2.999470000000000192e-01 -4.311999999999999861e-03
1.000000000000000000e+00 1.300000000000000000e+01 2.000000000000000000e+01 0.000000000000000000e+00 1.600000000000000089e+00 -1.234999999999999987e-03 3.452000000000000207e-03 9.999930000000000208e-01 2.625009999999999843e-01 9.649269999999999792e-01 -3.007000000000000124e-03 -9.649309999999999832e-01 2.624960000000000071e-01 -2.098000000000000038e-03
5.000000000000000000e+00 1.300000000000000000e+01 2.000000000000000000e+01 0.000000000000000000e+00 1.600000000000000089e+00 8.720000000000000537e-04 3.686000000000000040e-03 9.999930000000000208e-01 2.598520000000000274e-01 9.656409999999999716e-01 -3.785999999999999869e-03 -9.656479999999999508e-01 2.598539999999999739e-01 -1.150000000000000035e-04
8.000000000000000000e+00 1.300000000000000000e+01 2.000000000000000000e+01 0.000000000000000000e+00 1.600000000000000089e+00 1.544000000000000017e-03 -8.829999999999999958e-04 9.999980000000000535e-01 2.587289999999999868e-01 9.659499999999999753e-01 4.530000000000000064e-04 -9.659489999999999466e-01 2.587280000000000135e-01 1.719999999999999958e-03
1.200000000000000000e+01 1.300000000000000000e+01 2.000000000000000000e+01 0.000000000000000000e+00 1.600000000000000089e+00 4.350000000000000026e-04 8.360000000000000460e-04 1.000000000000000000e+00 2.589730000000000087e-01 9.658839999999999648e-01 -9.200000000000000278e-04 -9.658839999999999648e-01 2.589730000000000087e-01 2.039999999999999984e-04
1.600000000000000000e+01 1.300000000000000000e+01 2.000000000000000000e+01 0.000000000000000000e+00 1.600000000000000089e+00 -4.000000000000000327e-05 6.340000000000000149e-04 1.000000000000000000e+00 2.603489999999999971e-01 9.655139999999999834e-01 -6.019999999999999961e-04 -9.655150000000000121e-01 2.603489999999999971e-01 -2.030000000000000012e-04
1.900000000000000000e+01 1.300000000000000000e+01 2.000000000000000000e+01 0.000000000000000000e+00 1.600000000000000089e+00 -6.310000000000000504e-04 -3.213999999999999843e-03 9.999949999999999672e-01 2.604730000000000101e-01 9.654760000000000009e-01 3.266999999999999939e-03 -9.654810000000000336e-01 2.604739999999999833e-01 2.280000000000000126e-04
2.400000000000000000e+01 1.300000000000000000e+01 2.000000000000000000e+01 0.000000000000000000e+00 1.600000000000000089e+00 -1.276999999999999923e-03 -7.039999999999999817e-04 9.999989999999999712e-01 2.621910000000000074e-01 9.650149999999999562e-01 1.013999999999999927e-03 -9.650149999999999562e-01 2.621919999999999806e-01 -1.048000000000000103e-03
2.200000000000000000e+01 5.000000000000000000e+01 2.200000000000000000e+01 0.000000000000000000e+00 1.600000000000000089e+00 -6.799999999999999946e-05 1.835999999999999958e-03 -9.999980000000000535e-01 -5.622909999999999853e-01 8.269379999999999509e-01 1.556000000000000091e-03 8.269389999999999796e-01 5.622899999999999565e-01 9.759999999999999796e-04
9.000000000000000000e+00 2.000000000000000000e+00 2.500000000000000000e+01 0.000000000000000000e+00 1.600000000000000089e+00 -9.349999999999999587e-04 -2.329999999999999986e-04 1.000000000000000000e+00 7.935000000000000386e-02 -9.968470000000000386e-01 -1.579999999999999916e-04 9.968460000000000099e-01 7.935000000000000386e-02 9.510000000000000224e-04
1.300000000000000000e+01 2.000000000000000000e+00 2.500000000000000000e+01 0.000000000000000000e+00 1.600000000000000089e+00 -5.509999999999999490e-04 -6.800999999999999754e-03 9.999770000000000048e-01 6.750200000000000644e-02 -9.976960000000000273e-01 -6.748999999999999791e-03 9.977190000000000225e-01 6.749700000000000144e-02 1.008999999999999914e-03
4.000000000000000000e+00 3.000000000000000000e+00 2.500000000000000000e+01 0.000000000000000000e+00 1.600000000000000089e+00 -8.239999999999999712e-04 1.559699999999999975e-02 9.998780000000000445e-01 -2.040300000000000100e-02 -9.996709999999999763e-01 1.557700000000000057e-02 9.997920000000000140e-01 -2.038799999999999987e-02 1.142000000000000003e-03
1.400000000000000000e+01 3.000000000000000000e+00 2.500000000000000000e+01 0.000000000000000000e+00 1.600000000000000089e+00 -1.159000000000000091e-03 -3.778999999999999807e-03 9.999919999999999920e-01 -1.711000000000000021e-02 -9.998460000000000125e-01 -3.798000000000000161e-03 9.998529999999999918e-01 -1.711400000000000074e-02 1.093999999999999920e-03
1.900000000000000000e+01 3.000000000000000000e+00 2.500000000000000000e+01 0.000000000000000000e+00 1.600000000000000089e+00 -4.964999999999999795e-03 1.391200000000000075e-02 9.998909999999999743e-01 -1.382599999999999975e-02 -9.998089999999999478e-01 1.384299999999999940e-02 9.998920000000000030e-01 -1.375600000000000087e-02 5.157000000000000126e-03
2.500000000000000000e+01 3.000000000000000000e+00 2.500000000000000000e+01 0.000000000000000000e+00 1.600000000000000089e+00 -3.370999999999999865e-03 8.951999999999999888e-03 9.999540000000000095e-01 -3.798999999999999860e-03 -9.999529999999999808e-01 8.939000000000000765e-03 9.999869999999999592e-01 -3.768000000000000082e-03 3.405000000000000041e-03
2.900000000000000000e+01 3.000000000000000000e+00 2.500000000000000000e+01 0.000000000000000000e+00 1.600000000000000089e+00 -7.499999999999999343e-05 -1.497000000000000067e-03 9.999989999999999712e-01 -1.110000000000000092e-03 -9.999980000000000535e-01 -1.497000000000000067e-03 9.999989999999999712e-01 -1.110000000000000092e-03 7.299999999999999903e-05
1.000000000000000000e+00 4.600000000000000000e+01 2.700000000000000000e+01 0.000000000000000000e+00 1.600000000000000089e+00 1.793000000000000106e-03 2.655999999999999941e-03 -9.999949999999999672e-01 6.620030000000000081e-01 7.494939999999999936e-01 3.177000000000000136e-03 7.494990000000000263e-01 -6.620059999999999834e-01 -4.150000000000000043e-04
1.600000000000000000e+01 4.600000000000000000e+01 3.000000000000000000e+01 0.000000000000000000e+00 1.600000000000000089e+00 -1.765999999999999992e-03 -2.252999999999999794e-03 -9.999959999999999960e-01 3.324909999999999810e-01 9.431019999999999959e-01 -2.712000000000000001e-03 9.431049999999999711e-01 -3.324949999999999850e-01 -9.169999999999999549e-04
2.300000000000000000e+01 4.600000000000000000e+01 3.000000000000000000e+01 0.000000000000000000e+00 1.600000000000000089e+00 2.099999999999999884e-05 -1.090000000000000067e-04 -1.000000000000000000e+00 3.352350000000000052e-01 9.421349999999999447e-01 -9.600000000000000243e-05 9.421349999999999447e-01 -3.352350000000000052e-01 5.599999999999999916e-05
1.000000000000000000e+00 5.800000000000000000e+01 3.100000000000000000e+01 0.000000000000000000e+00 1.600000000000000089e+00 2.416999999999999878e-03 5.294000000000000095e-03 9.999829999999999552e-01 -7.663720000000000532e-01 -6.423750000000000293e-01 5.252999999999999857e-03 6.423919999999999630e-01 -7.663720000000000532e-01 2.504000000000000149e-03
6.000000000000000000e+00 5.800000000000000000e+01 3.100000000000000000e+01 0.000000000000000000e+00 1.600000000000000089e+00 -6.830000000000000134e-04 -3.190000000000000019e-04 1.000000000000000000e+00 -7.612710000000000310e-01 -6.484339999999999549e-01 -7.269999999999999987e-04 6.484339999999999549e-01 -7.612710000000000310e-01 2.000000000000000096e-04
1.200000000000000000e+01 5.800000000000000000e+01 3.100000000000000000e+01 0.000000000000000000e+00 1.600000000000000089e+00 -4.360000000000000269e-04 1.845000000000000069e-03 9.999980000000000535e-01 -7.596640000000000059e-01 -6.503160000000000052e-01 8.689999999999999808e-04 6.503160000000000052e-01 -7.596619999999999484e-01 1.685000000000000083e-03
1.500000000000000000e+01 5.800000000000000000e+01 3.100000000000000000e+01 0.000000000000000000e+00 1.600000000000000089e+00 5.452000000000000249e-03 7.002999999999999677e-03 9.999609999999999888e-01 -7.600949999999999651e-01 -6.497540000000000537e-01 8.694999999999999604e-03 6.497889999999999500e-01 -7.601120000000000099e-01 1.781000000000000031e-03
2.300000000000000000e+01 5.800000000000000000e+01 3.100000000000000000e+01 0.000000000000000000e+00 1.600000000000000089e+00 3.668999999999999952e-03 5.165999999999999585e-03 9.999799999999999800e-01 -7.571759999999999602e-01 -6.531820000000000404e-01 6.152999999999999615e-03 6.532000000000000028e-01 -7.571839999999999682e-01 1.515000000000000071e-03
9.000000000000000000e+00 4.600000000000000000e+01 3.500000000000000000e+01 0.000000000000000000e+00 1.600000000000000089e+00 4.800000000000000122e-04 -5.035000000000000413e-03 -9.999869999999999592e-01 3.895799999999999819e-01 -9.209800000000000209e-01 4.824000000000000163e-03 -9.209920000000000329e-01 -3.895770000000000066e-01 1.520000000000000084e-03
1.700000000000000000e+01 4.600000000000000000e+01 3.500000000000000000e+01 0.000000000000000000e+00 1.600000000000000089e+00 4.589999999999999896e-04 9.849999999999999815e-04 -9.999989999999999712e-01 3.937820000000000209e-01 -9.192040000000000211e-01 -7.240000000000000342e-04 -9.192040000000000211e-01 -3.937809999999999921e-01 -8.099999999999999561e-04
2.100000000000000000e+01 4.600000000000000000e+01 3.500000000000000000e+01 0.000000000000000000e+00 1.600000000000000089e+00 5.590000000000000351e-04 -1.590000000000000050e-03 -9.999989999999999712e-01 3.926200000000000245e-01 -9.196990000000000443e-01 1.681999999999999901e-03 -9.197009999999999907e-01 -3.926200000000000245e-01 1.100000000000000039e-04
2.400000000000000000e+01 4.600000000000000000e+01 3.500000000000000000e+01 0.000000000000000000e+00 1.600000000000000089e+00 -1.440000000000000036e-04 -2.311000000000000120e-03 -9.999970000000000248e-01 3.926720000000000210e-01 -9.196760000000000490e-01 2.067999999999999960e-03 -9.196779999999999955e-01 -3.926709999999999923e-01 1.039999999999999909e-03
4.000000000000000000e+00 3.000000000000000000e+00 4.300000000000000000e+01 0.000000000000000000e+00 1.600000000000000089e+00 1.528000000000000061e-03 -1.163999999999999931e-02 -9.999310000000000143e-01 7.363720000000000265e-01 -6.765170000000000350e-01 9.001000000000000320e-03 -6.765750000000000375e-01 -7.363349999999999618e-01 7.538000000000000429e-03
7.000000000000000000e+00 3.000000000000000000e+00 4.300000000000000000e+01 0.000000000000000000e+00 1.600000000000000089e+00 1.110000000000000092e-03 4.418000000000000052e-03 -9.999900000000000455e-01 7.400079999999999991e-01 -6.725950000000000539e-01 -2.150000000000000001e-03 -6.725980000000000292e-01 -7.399980000000000446e-01 -4.015999999999999605e-03
1.500000000000000000e+01 3.000000000000000000e+00 4.300000000000000000e+01 0.000000000000000000e+00 1.600000000000000089e+00 -2.877999999999999916e-03 -4.649999999999999620e-03 -9.999850000000000128e-01 7.406760000000000010e-01 -6.718610000000000415e-01 9.920000000000000432e-04 -6.718560000000000088e-01 -7.406620000000000426e-01 5.377999999999999968e-03
2.400000000000000000e+01 3.000000000000000000e+00 4.300000000000000000e+01 0.000000000000000000e+00 1.600000000000000089e+00 8.299999999999999815e-05 -1.015600000000000010e-02 -9.999489999999999768e-01 7.439970000000000194e-01 -6.681479999999999642e-01 6.847999999999999921e-03 -6.681829999999999714e-01 -7.439590000000000369e-01 7.500999999999999855e-03
7.000000000000000000e+00 8.000000000000000000e+00 4.400000000000000000e+01 0.000000000000000000e+00 1.600000000000000089e+00 3.919999999999999873e-04 -8.710000000000000294e-04 1.000000000000000000e+00 -7.869190000000000351e-01 -6.170560000000000489e-01 -2.290000000000000098e-04 6.170560000000000489e-01 -7.869180000000000064e-01 -9.280000000000000054e-04
1.100000000000000000e+01 8.000000000000000000e+00 4.400000000000000000e+01 0.000000000000000000e+00 1.600000000000000089e+00 4.409999999999999858e-04 2.337999999999999801e-03 9.999970000000000248e-01 -7.891460000000000141e-01 -6.142030000000000545e-01 1.783999999999999996e-03 6.142050000000000010e-01 -7.891449999999999854e-01 1.574000000000000095e-03
2.600000000000000000e+01 8.000000000000000000e+00 4.400000000000000000e+01 0.000000000000000000e+00 1.600000000000000089e+00 2.629999999999999959e-04 -2.207000000000000194e-03 9.999970000000000248e-01 -7.827060000000000128e-01 -6.223899999999999988e-01 -1.167999999999999984e-03 6.223910000000000275e-01 -7.827039999999999553e-01 -1.891000000000000103e-03
3.000000000000000000e+00 2.900000000000000000e+01 4.400000000000000000e+01 0.000000000000000000e+00 1.600000000000000089e+00 -2.497000000000000088e-03 -2.374999999999999941e-03 -9.999940000000000495e-01 6.564189999999999747e-01 7.543889999999999763e-01 -3.431000000000000022e-03 7.543929999999999803e-01 -6.564229999999999787e-01 -3.249999999999999851e-04
8.000000000000000000e+00 2.900000000000000000e+01 4.400000000000000000e+01 0.000000000000000000e+00 1.600000000000000089e+00 5.159999999999999656e-04 -1.948000000000000079e-03 -9.999980000000000535e-01 6.606199999999999850e-01 7.507190000000000252e-01 -1.121000000000000035e-03 7.507200000000000539e-01 -6.606189999999999563e-01 1.673999999999999924e-03
1.100000000000000000e+01 2.900000000000000000e+01 4.400000000000000000e+01 0.000000000000000000e+00 1.600000000000000089e+00 -1.299999999999999920e-05 -3.523999999999999789e-03 -9.999940000000000495e-01 6.602050000000000418e-01 7.510809999999999986e-01 -2.655999999999999941e-03 7.510850000000000026e-01 -6.602010000000000378e-01 2.317000000000000049e-03
1.500000000000000000e+01 2.900000000000000000e+01 4.400000000000000000e+01 0.000000000000000000e+00 1.600000000000000089e+00 -9.619999999999999645e-04 -1.596999999999999895e-03 -9.999980000000000535e-01 6.589599999999999902e-01 7.521759999999999557e-01 -1.835000000000000043e-03 7.521769999999999845e-01 -6.589610000000000190e-01 3.289999999999999739e-04
2.100000000000000000e+01 2.900000000000000000e+01 4.400000000000000000e+01 0.000000000000000000e+00 1.600000000000000089e+00 1.110000000000000011e-04 -1.335000000000000032e-03 -9.999989999999999712e-01 6.583780000000000188e-01 7.526869999999999949e-01 -9.319999999999999942e-04 7.526869999999999949e-01 -6.583780000000000188e-01 9.629999999999999888e-04
2.500000000000000000e+01 2.900000000000000000e+01 4.400000000000000000e+01 0.000000000000000000e+00 1.600000000000000089e+00 8.530000000000000256e-04 -1.990000000000000124e-04 -1.000000000000000000e+00 6.592890000000000139e-01 7.518890000000000295e-01 4.130000000000000099e-04 7.518890000000000295e-01 -6.592890000000000139e-01 7.720000000000000083e-04
3.000000000000000000e+01 2.900000000000000000e+01 4.400000000000000000e+01 0.000000000000000000e+00 1.600000000000000089e+00 1.832999999999999994e-03 5.481999999999999894e-03 -9.999829999999999552e-01 6.567039999999999544e-01 7.541290000000000493e-01 5.337999999999999863e-03 7.541459999999999830e-01 -6.567030000000000367e-01 -2.217999999999999920e-03
1.500000000000000000e+01 6.500000000000000000e+01 4.600000000000000000e+01 0.000000000000000000e+00 1.600000000000000089e+00 1.449999999999999900e-03 -1.981999999999999821e-03 9.999970000000000248e-01 6.779669999999999863e-01 -7.350879999999999637e-01 -2.439999999999999895e-03 7.350910000000000499e-01 6.779690000000000438e-01 2.779999999999999811e-04
1.000000000000000000e+01 7.000000000000000000e+01 4.700000000000000000e+01 0.000000000000000000e+00 1.600000000000000089e+00 -8.159999999999999936e-04 -1.456999999999999962e-03 -9.999989999999999712e-01 -8.421469999999999789e-01 -5.392460000000000031e-01 1.472999999999999917e-03 -5.392470000000000319e-01 8.421469999999999789e-01 -7.870000000000000476e-04
2.800000000000000000e+01 7.400000000000000000e+01 4.900000000000000000e+01 0.000000000000000000e+00 1.600000000000000089e+00 1.686999999999999915e-03 -9.154000000000000678e-03 9.999569999999999848e-01 -9.819130000000000358e-01 1.893009999999999970e-01 3.389999999999999784e-03 -1.893239999999999923e-01 -9.818759999999999710e-01 -8.668999999999999623e-03
1.400000000000000000e+01 5.000000000000000000e+00 5.100000000000000000e+01 0.000000000000000000e+00 1.600000000000000089e+00 -1.268999999999999946e-03 -1.255999999999999955e-03 -9.999980000000000535e-01 4.857690000000000063e-01 -8.740869999999999473e-01 4.820000000000000066e-04 -8.740860000000000296e-01 -4.857670000000000043e-01 1.719000000000000042e-03
1.700000000000000000e+01 5.000000000000000000e+00 5.100000000000000000e+01 0.000000000000000000e+00 1.600000000000000089e+00 -1.768000000000000040e-03 -7.450000000000000025e-04 -9.999980000000000535e-01 4.937150000000000150e-01 -8.696239999999999526e-01 -2.239999999999999966e-04 -8.696220000000000061e-01 -4.937150000000000150e-01 1.905000000000000009e-03
2.000000000000000000e+01 5.000000000000000000e+00 5.100000000000000000e+01 0.000000000000000000e+00 1.600000000000000089e+00 -3.122000000000000209e-03 1.379999999999999933e-04 -9.999949999999999672e-01 4.942300000000000026e-01 -8.693300000000000471e-01 -1.662999999999999982e-03 -8.693260000000000431e-01 -4.942320000000000046e-01 2.645999999999999915e-03
2.500000000000000000e+01 5.000000000000000000e+00 5.100000000000000000e+01 0.000000000000000000e+00 1.600000000000000089e+00 -2.359999999999999902e-04 -2.040999999999999846e-03 -9.999980000000000535e-01 4.902139999999999831e-01 -8.716009999999999591e-01 1.663999999999999898e-03 -8.716019999999999879e-01 -4.902119999999999811e-01 1.206000000000000041e-03
3.000000000000000000e+01 5.000000000000000000e+00 5.100000000000000000e+01 0.000000000000000000e+00 1.600000000000000089e+00 -5.790000000000000008e-03 5.314000000000000147e-03 -9.999689999999999968e-01 4.931849999999999845e-01 -8.698919999999999986e-01 -7.478000000000000272e-03 -8.699050000000000393e-01 -4.932139999999999858e-01 2.416000000000000179e-03
5.000000000000000000e+00 7.000000000000000000e+00 5.200000000000000000e+01 0.000000000000000000e+00 1.600000000000000089e+00 -4.339999999999999782e-04 -1.549999999999999946e-03 -9.999989999999999712e-01 9.487299999999999900e-02 -9.954880000000000395e-01 1.502000000000000080e-03 -9.954889999999999572e-01 -9.487299999999999900e-02 5.789999999999999791e-04
8.000000000000000000e+00 6.300000000000000000e+01 5.400000000000000000e+01 0.000000000000000000e+00 1.600000000000000089e+00 -1.224000000000000045e-03 1.562000000000000020e-03 9.999980000000000535e-01 -3.405980000000000119e-01 9.402070000000000149e-01 -1.886000000000000090e-03 -9.402080000000000437e-01 -3.406000000000000139e-01 -6.189999999999999756e-04
1.300000000000000000e+01 6.300000000000000000e+01 5.400000000000000000e+01 0.000000000000000000e+00 1.600000000000000089e+00 -1.097000000000000102e-03 1.505999999999999960e-03 9.999980000000000535e-01 -3.381759999999999766e-01 9.410809999999999453e-01 -1.788000000000000093e-03 -9.410819999999999741e-01 -3.381779999999999786e-01 -5.240000000000000517e-04
2.000000000000000000e+01 6.300000000000000000e+01 5.400000000000000000e+01 0.000000000000000000e+00 1.600000000000000089e+00 2.952000000000000197e-03 5.259999999999999919e-03 9.999820000000000375e-01 -3.379369999999999874e-01 9.411599999999999966e-01 -3.952999999999999917e-03 -9.411640000000000006e-01 -3.379190000000000249e-01 4.556000000000000154e-03
2.700000000000000000e+01 6.300000000000000000e+01 5.400000000000000000e+01 0.000000000000000000e+00 1.600000000000000089e+00 -7.969999999999999654e-04 -4.843000000000000083e-03 9.999879999999999880e-01 -3.476179999999999826e-01 9.376269999999999882e-01 4.264000000000000429e-03 -9.376360000000000250e-01 -3.476099999999999746e-01 -2.431000000000000001e-03
4.000000000000000000e+00 2.500000000000000000e+01 5.500000000000000000e+01 0.000000000000000000e+00 1.600000000000000089e+00 6.089999999999999494e-04 -2.664999999999999834e-03 -9.999959999999999960e-01 -1.416899999999999930e-02 -9.998960000000000070e-01 2.655999999999999941e-03 -9.998989999999999823e-01 1.416700000000000077e-02 -6.470000000000000057e-04
1.000000000000000000e+01 2.500000000000000000e+01 5.500000000000000000e+01 0.000000000000000000e+00 1.600000000000000089e+00 9.529999999999999626e-04 3.184000000000000198e-03 -9.999949999999999672e-01 -1.305899999999999943e-02 -9.999099999999999655e-01 -3.197000000000000189e-03 -9.999139999999999695e-01 1.306200000000000069e-02 -9.110000000000000259e-04
1.800000000000000000e+01 2.500000000000000000e+01 5.500000000000000000e+01 0.000000000000000000e+00 1.600000000000000089e+00 -2.056000000000000102e-03 -1.861999999999999940e-03 -9.999959999999999960e-01 -1.338699999999999959e-02 -9.999090000000000478e-01 1.889000000000000054e-03 -9.999080000000000190e-01 1.339100000000000013e-02 2.030999999999999819e-03
2.200000000000000000e+01 2.500000000000000000e+01 5.500000000000000000e+01 0.000000000000000000e+00 1.600000000000000089e+00 1.126999999999999964e-03 1.575999999999999927e-03 -9.999980000000000535e-01 -1.203300000000000029e-02 -9.999259999999999815e-01 -1.588999999999999918e-03 -9.999270000000000103e-01 1.203399999999999956e-02 -1.108000000000000044e-03
2.800000000000000000e+01 2.500000000000000000e+01 5.500000000000000000e+01 0.000000000000000000e+00 1.600000000000000089e+00 1.100000000000000066e-03 2.608000000000000075e-03 -9.999959999999999960e-01 -1.089099999999999964e-02 -9.999369999999999647e-01 -2.619999999999999933e-03 -9.999400000000000510e-01 1.089399999999999917e-02 -1.070999999999999903e-03
8.000000000000000000e+00 2.100000000000000000e+01 6.000000000000000000e+01 0.000000000000000000e+00 1.600000000000000089e+00 -1.231000000000000106e-03 3.416000000000000199e-03 9.999930000000000208e-01 -9.413900000000000046e-02 9.955530000000000213e-01 -3.517000000000000161e-03 -9.955580000000000540e-01 -9.414300000000000446e-02 -9.039999999999999642e-04
1.700000000000000000e+01 2.100000000000000000e+01 6.000000000000000000e+01 0.000000000000000000e+00 1.600000000000000089e+00 5.240000000000000517e-04 -2.750000000000000166e-04 1.000000000000000000e+00 -9.332300000000000317e-02 9.956359999999999655e-01 3.229999999999999907e-04 -9.956359999999999655e-01 -9.332300000000000317e-02 4.960000000000000216e-04
2.200000000000000000e+01 2.100000000000000000e+01 6.000000000000000000e+01 0.000000000000000000e+00 1.600000000000000089e+00 -1.690000000000000096e-03 4.120000000000000398e-03 9.999900000000000455e-01 -9.517699999999999771e-02 9.954509999999999748e-01 -4.262000000000000163e-03 -9.954589999999999828e-01 -9.518300000000000372e-02 -1.291000000000000047e-03
2.900000000000000000e+01 2.100000000000000000e+01 6.000000000000000000e+01 0.000000000000000000e+00 1.600000000000000089e+00 -1.015999999999999976e-03 -1.371000000000000040e-03 9.999989999999999712e-01 -9.167799999999999561e-02 9.957880000000000065e-01 1.271999999999999910e-03 -9.957880000000000065e-01 -9.167599999999999361e-02 -1.137999999999999906e-03
2.500000000000000000e+01 6.700000000000000000e+01 6.000000000000000000e+01 0.000000000000000000e+00 1.600000000000000089e+00 1.949999999999999910e-03 8.589999999999999546e-04 9.999980000000000535e-01 1.742789999999999895e-01 -9.846960000000000157e-01 5.060000000000000478e-04 9.846939999999999582e-01 1.742779999999999885e-01 -2.069999999999999792e-03
1.600000000000000000e+01 3.000000000000000000e+00 6.300000000000000000e+01 0.000000000000000000e+00 1.600000000000000089e+00 -1.020000000000000073e-03 3.723000000000000181e-03 9.999930000000000208e-01 -6.113250000000000073e-01 7.913719999999999644e-01 -3.569999999999999823e-03 -7.913790000000000546e-01 -6.113239999999999785e-01 1.469000000000000037e-03
1.000000000000000000e+00 2.700000000000000000e+01 6.300000000000000000e+01 0.000000000000000000e+00 1.600000000000000089e+00 5.619999999999999996e-03 2.919999999999999961e-04 9.999839999999999840e-01 -2.779249999999999776e-01 9.606019999999999559e-01 1.281999999999999936e-03 -9.605860000000000509e-01 -2.779280000000000084e-01 5.479999999999999628e-03
9.000000000000000000e+00 2.700000000000000000e+01 6.300000000000000000e+01 0.000000000000000000e+00 1.600000000000000089e+00 -2.275000000000000112e-03 -2.063000000000000164e-03 9.999949999999999672e-01 -2.779190000000000271e-01 9.606029999999999847e-01 1.350000000000000071e-03 -9.606019999999999559e-01 -2.779150000000000231e-01 -2.759000000000000168e-03
1.300000000000000000e+01 2.700000000000000000e+01 6.300000000000000000e+01 0.000000000000000000e+00 1.600000000000000089e+00 1.049999999999999935e-03 -5.883000000000000208e-03 9.999820000000000375e-01 -2.804459999999999731e-01 9.598520000000000385e-01 5.941000000000000100e-03 -9.598689999999999722e-01 -2.804470000000000018e-01 -6.419999999999999925e-04
2.000000000000000000e+01 2.700000000000000000e+01 6.300000000000000000e+01 0.000000000000000000e+00 1.600000000000000089e+00 -1.177000000000000095e-03 -6.660000000000000338e-04 9.999989999999999712e-01 -2.820570000000000022e-01 9.593979999999999730e-01 3.069999999999999812e-04 -9.593970000000000553e-01 -2.820559999999999734e-01 -1.317000000000000028e-03
1.000000000000000000e+00 2.600000000000000000e+01 6.400000000000000000e+01 0.000000000000000000e+00 1.600000000000000089e+00 5.669999999999999693e-03 -1.170000000000000033e-03 9.999829999999999552e-01 -3.668710000000000027e-01 9.302660000000000373e-01 3.168999999999999942e-03 -9.302540000000000253e-01 -3.668830000000000147e-01 4.845999999999999613e-03
7.000000000000000000e+00 2.600000000000000000e+01 6.400000000000000000e+01 0.000000000000000000e+00 1.600000000000000089e+00 -2.220000000000000022e-04 -5.869999999999999567e-04 1.000000000000000000e+00 -3.650209999999999844e-01 9.309990000000000210e-01 4.650000000000000270e-04 -9.309990000000000210e-01 -3.650200000000000111e-01 -4.209999999999999875e-04
1.500000000000000000e+01 2.600000000000000000e+01 6.400000000000000000e+01 0.000000000000000000e+00 1.600000000000000089e+00 3.668999999999999952e-03 -6.462999999999999995e-03 9.999719999999999720e-01 -3.725640000000000063e-01 9.279770000000000518e-01 7.365000000000000019e-03 -9.279990000000000183e-01 -3.725809999999999955e-01 9.970000000000000563e-04
1.900000000000000000e+01 2.600000000000000000e+01 6.400000000000000000e+01 0.000000000000000000e+00 1.600000000000000089e+00 -7.709999999999999840e-04 -3.220000000000000206e-03 9.999949999999999672e-01 -3.729310000000000125e-01 9.278549999999999853e-01 2.700000000000000143e-03 -9.278589999999999893e-01 -3.729270000000000085e-01 -1.915999999999999951e-03
2.300000000000000000e+01 2.600000000000000000e+01 6.400000000000000000e+01 0.000000000000000000e+00 1.600000000000000089e+00 -2.900000000000000017e-04 -2.994000000000000133e-03 9.999949999999999672e-01 -3.681349999999999900e-01 9.297680000000000389e-01 2.677000000000000126e-03 -9.297720000000000429e-01 -3.681329999999999880e-01 -1.371000000000000040e-03
1.000000000000000000e+01 6.900000000000000000e+01 6.600000000000000000e+01 0.000000000000000000e+00 1.600000000000000089e+00 -2.033999999999999784e-03 2.018999999999999961e-03 9.999959999999999960e-01 -9.488229999999999720e-01 3.157989999999999964e-01 -2.567999999999999970e-03 -3.158030000000000004e-01 -9.488240000000000007e-01 1.273000000000000043e-03
1.500000000000000000e+01 6.900000000000000000e+01 6.600000000000000000e+01 0.000000000000000000e+00 1.600000000000000089e+00 -4.087999999999999620e-03 4.481999999999999873e-03 9.999820000000000375e-01 -9.500330000000000163e-01 3.121059999999999945e-01 -5.283000000000000369e-03 -3.121229999999999838e-01 -9.500370000000000203e-01 2.981999999999999842e-03
2.200000000000000000e+01 6.900000000000000000e+01 6.600000000000000000e+01 0.000000000000000000e+00 1.600000000000000089e+00 -5.079999999999999880e-04 -5.369999999999999774e-03 9.999850000000000128e-01 -9.512720000000000065e-01 3.083489999999999842e-01 1.172999999999999998e-03 -3.083509999999999862e-01 -9.512580000000000480e-01 -5.264999999999999715e-03
