2.000000000000000000e+00 1.500000000000000000e+01 4.000000000000000000e+00 0.000000000000000000e+00 1.600000000000000089e+00 -6.170000000000000354e-04 2.400999999999999922e-03 9.999970000000000248e-01 2.929490000000000149e-01 -9.561250000000000027e-01 2.477000000000000035e-03 9.561279999999999779e-01 2.929490000000000149e-01 -1.140000000000000063e-04
8.000000000000000000e+00 1.500000000000000000e+01 4.000000000000000000e+00 0.000000000000000000e+00 1.600000000000000089e+00 8.040000000000000271e-04 1.024000000000000084e-02 9.999470000000000303e-01 2.929640000000000022e-01 -9.560760000000000369e-01 9.556000000000000258e-03 9.561229999999999452e-01 2.929410000000000069e-01 -3.769000000000000215e-03
1.700000000000000000e+01 1.500000000000000000e+01 4.000000000000000000e+00 0.000000000000000000e+00 1.600000000000000089e+00 1.814000000000000074e-03 5.664999999999999897e-03 9.999820000000000375e-01 2.910340000000000149e-01 -9.566999999999999948e-01 4.891999999999999647e-03 9.567109999999999781e-01 2.910200000000000009e-01 -3.383999999999999855e-03
2.200000000000000000e+01 1.500000000000000000e+01 4.000000000000000000e+00 0.000000000000000000e+00 1.600000000000000089e+00 -1.814000000000000074e-03 -1.492399999999999977e-02 9.998869999999999703e-01 2.867169999999999996e-01 -9.579159999999999897e-01 -1.377800000000000032e-02 9.580140000000000322e-01 2.866589999999999971e-01 6.016999999999999779e-03
5.000000000000000000e+00 1.600000000000000000e+01 4.000000000000000000e+00 0.000000000000000000e+00 1.600000000000000089e+00 5.000000000000000240e-05 8.498000000000000345e-03 9.999639999999999640e-01 3.579649999999999777e-01 -9.337010000000000032e-01 7.917000000000000426e-03 9.337349999999999817e-01 3.579519999999999924e-01 -3.089000000000000166e-03
1.200000000000000000e+01 1.600000000000000000e+01 4.000000000000000000e+00 0.000000000000000000e+00 1.600000000000000089e+00 -9.799999999999999684e-04 1.165899999999999923e-02 9.999320000000000430e-01 3.547370000000000245e-01 -9.348990000000000355e-01 1.124900000000000032e-02 9.349659999999999638e-01 3.547230000000000105e-01 -3.220000000000000206e-03
3.000000000000000000e+00 1.010000000000000000e+02 7.000000000000000000e+00 0.000000000000000000e+00 1.600000000000000089e+00 1.211000000000000054e-03 -6.440999999999999677e-03 9.999789999999999512e-01 8.855730000000000546e-01 4.644969999999999932e-01 1.920000000000000049e-03 -4.644989999999999952e-01 8.855509999999999771e-01 6.265999999999999868e-03
1.600000000000000000e+01 1.010000000000000000e+02 7.000000000000000000e+00 0.000000000000000000e+00 1.600000000000000089e+00 2.122000000000000188e-03 7.687000000000000256e-03 9.999679999999999680e-01 8.853750000000000231e-01 4.648459999999999814e-01 -5.453000000000000382e-03 -4.648729999999999807e-01 8.853579999999999783e-01 -5.819999999999999653e-03
1.900000000000000000e+01 1.010000000000000000e+02 7.000000000000000000e+00 0.000000000000000000e+00 1.600000000000000089e+00 3.220000000000000206e-04 -1.170299999999999986e-02 9.999310000000000143e-01 8.845129999999999937e-01 4.664869999999999850e-01 5.174999999999999913e-03 -4.665159999999999862e-01 8.844509999999999872e-01 1.050199999999999918e-02
5.000000000000000000e+00 1.500000000000000000e+01 8.000000000000000000e+00 0.000000000000000000e+00 1.600000000000000089e+00 2.131000000000000082e-03 8.760000000000000425e-03 -9.999590000000000423e-01 -5.856660000000000199e-01 -8.105099999999999527e-01 -8.349000000000000518e-03 -8.105499999999999927e-01 5.856599999999999584e-01 3.403000000000000209e-03
9.000000000000000000e+00 1.500000000000000000e+01 8.000000000000000000e+00 0.000000000000000000e+00 1.600000000000000089e+00 1.562000000000000020e-03 9.168000000000000801e-03 -9.999569999999999848e-01 -5.850880000000000525e-01 -8.109269999999999534e-01 -8.349000000000000518e-03 -8.109680000000000222e-01 5.850760000000000405e-01 4.096999999999999947e-03
1.300000000000000000e+01 1.500000000000000000e+01 8.000000000000000000e+00 0.000000000000000000e+00 1.600000000000000089e+00 2.246999999999999865e-03 1.135800000000000004e-02 -9.999329999999999607e-01 -5.828149999999999720e-01 -8.125369999999999537e-01 -1.053899999999999976e-02 -8.126020000000000465e-01 5.827989999999999560e-01 4.793000000000000385e-03
1.700000000000000000e+01 1.500000000000000000e+01 8.000000000000000000e+00 0.000000000000000000e+00 1.600000000000000089e+00 3.480000000000000020e-04 6.308000000000000239e-03 -9.999799999999999800e-01 -5.808670000000000222e-01 -8.139809999999999546e-01 -5.336999999999999730e-03 -8.139990000000000281e-01 5.808569999999999567e-01 3.380000000000000192e-03
2.400000000000000000e+01 1.500000000000000000e+01 8.000000000000000000e+00 0.000000000000000000e+00 1.600000000000000089e+00 -9.129999999999999661e-04 -1.337999999999999953e-02 -9.999099999999999655e-01 -5.816230000000000011e-01 -8.133789999999999631e-01 1.141499999999999980e-02 -8.134580000000000144e-01 5.815810000000000146e-01 -7.039000000000000118e-03
2.900000000000000000e+01 1.500000000000000000e+01 8.000000000000000000e+00 0.000000000000000000e+00 1.600000000000000089e+00 -1.499999999999999869e-04 -8.354000000000000314e-03 -9.999649999999999928e-01 -5.830520000000000147e-01 -8.124059999999999615e-01 6.873999999999999902e-03 -8.124350000000000183e-01 5.830319999999999947e-01 -4.748999999999999749e-03
1.700000000000000000e+01 2.600000000000000000e+01 8.000000000000000000e+00 0.000000000000000000e+00 1.600000000000000089e+00 -2.912999999999999791e-03 -9.806999999999999745e-03 -9.999479999999999480e-01 4.075880000000000059e-01 9.131099999999999772e-01 -1.014299999999999924e-02 9.131610000000000005e-01 -4.075960000000000139e-01 1.337999999999999997e-03
2.100000000000000000e+01 2.600000000000000000e+01 8.000000000000000000e+00 0.000000000000000000e+00 1.600000000000000089e+00 -5.739999999999999660e-04 -4.385000000000000009e-03 -9.999900000000000455e-01 4.081219999999999848e-01 9.129180000000000073e-01 -4.237999999999999580e-03 9.129270000000000440e-01 -4.081199999999999828e-01 1.265000000000000065e-03
2.500000000000000000e+01 2.600000000000000000e+01 8.000000000000000000e+00 0.000000000000000000e+00 1.600000000000000089e+00 2.857000000000000164e-03 4.296000000000000339e-03 -9.999869999999999592e-01 4.086099999999999732e-01 9.126950000000000340e-01 5.088999999999999774e-03 9.127039999999999598e-01 -4.086190000000000100e-01 8.520000000000000013e-04
3.000000000000000000e+01 2.600000000000000000e+01 8.000000000000000000e+00 0.000000000000000000e+00 1.600000000000000089e+00 3.024999999999999911e-03 5.904000000000000394e-03 -9.999780000000000335e-01 4.088339999999999752e-01 9.125849999999999795e-01 6.624999999999999813e-03 9.126039999999999708e-01 -4.088450000000000140e-01 3.469999999999999777e-04
6.000000000000000000e+00 2.400000000000000000e+01 9.000000000000000000e+00 0.000000000000000000e+00 1.600000000000000089e+00 -8.620000000000000275e-04 -7.889999999999999878e-04 -9.999989999999999712e-01 4.626399999999999957e-01 8.865459999999999452e-01 -1.098999999999999934e-03 8.865459999999999452e-01 -4.626410000000000244e-01 -3.989999999999999949e-04
1.100000000000000000e+01 2.400000000000000000e+01 9.000000000000000000e+00 0.000000000000000000e+00 1.600000000000000089e+00 -7.429999999999999539e-04 -3.937000000000000395e-03 -9.999919999999999920e-01 4.606069999999999887e-01 8.875960000000000516e-01 -3.837000000000000133e-03 8.876039999999999486e-01 -4.606060000000000154e-01 1.154000000000000078e-03
1.700000000000000000e+01 2.400000000000000000e+01 9.000000000000000000e+00 0.000000000000000000e+00 1.600000000000000089e+00 -3.181999999999999933e-03 -1.197999999999999933e-02 -9.999230000000000063e-01 4.620770000000000155e-01 8.867570000000000174e-01 -1.209499999999999985e-02 8.868340000000000112e-01 -4.620799999999999907e-01 2.713999999999999833e-03
2.400000000000000000e+01 2.400000000000000000e+01 9.000000000000000000e+00 0.000000000000000000e+00 1.600000000000000089e+00 1.930000000000000075e-03 3.600000000000000091e-05 -9.999980000000000535e-01 4.637919999999999821e-01 8.859430000000000360e-01 9.269999999999999811e-04 8.859420000000000073e-01 -4.637930000000000108e-01 1.693999999999999976e-03
2.900000000000000000e+01 2.400000000000000000e+01 9.000000000000000000e+00 0.000000000000000000e+00 1.600000000000000089e+00 2.431000000000000001e-03 4.836000000000000021e-03 -9.999850000000000128e-01 4.634869999999999823e-01 8.860869999999999580e-01 5.412000000000000144e-03 8.860999999999999988e-01 -4.634940000000000171e-01 -8.700000000000000051e-05
8.000000000000000000e+00 1.020000000000000000e+02 9.000000000000000000e+00 0.000000000000000000e+00 1.600000000000000089e+00 -8.630000000000000518e-04 7.905000000000000568e-03 9.999679999999999680e-01 9.223679999999999657e-01 3.863050000000000095e-01 -2.258000000000000024e-03 -3.863110000000000155e-01 9.223369999999999624e-01 -7.624999999999999833e-03
5.000000000000000000e+00 3.500000000000000000e+01 1.200000000000000000e+01 0.000000000000000000e+00 1.600000000000000089e+00 1.046999999999999971e-03 -6.660000000000000121e-03 -9.999770000000000048e-01 4.452369999999999939e-01 -8.953900000000000192e-01 6.428999999999999819e-03 -8.954119999999999857e-01 -4.452340000000000186e-01 2.027999999999999855e-03
1.200000000000000000e+01 3.500000000000000000e+01 1.200000000000000000e+01 0.000000000000000000e+00 1.600000000000000089e+00 -1.809999999999999977e-03 1.582000000000000073e-03 -9.999970000000000248e-01 4.409890000000000199e-01 -8.975100000000000300e-01 -2.217999999999999920e-03 -8.975109999999999477e-01 -4.409919999999999951e-01 9.269999999999999811e-04
1.900000000000000000e+01 3.500000000000000000e+01 1.200000000000000000e+01 0.000000000000000000e+00 1.600000000000000089e+00 5.670000000000000127e-04 -6.409999999999999682e-04 -1.000000000000000000e+00 4.532089999999999730e-01 -8.914039999999999742e-01 8.279999999999999600e-04 -8.914039999999999742e-01 -4.532089999999999730e-01 -2.139999999999999975e-04
2.300000000000000000e+01 3.500000000000000000e+01 1.200000000000000000e+01 0.000000000000000000e+00 1.600000000000000089e+00 -3.004999999999999859e-03 -3.660000000000000059e-03 -9.999890000000000168e-01 4.608369999999999966e-01 -8.874830000000000219e-01 1.863999999999999988e-03 -8.874800000000000466e-01 -4.608260000000000134e-01 4.354000000000000231e-03
2.600000000000000000e+01 3.500000000000000000e+01 1.200000000000000000e+01 0.000000000000000000e+00 1.600000000000000089e+00 -1.322999999999999957e-03 2.350999999999999791e-03 -9.999959999999999960e-01 4.661489999999999800e-01 -8.847019999999999884e-01 -2.697000000000000178e-03 -8.847049999999999637e-01 -4.661509999999999820e-01 7.499999999999999343e-05
1.100000000000000000e+01 1.200000000000000000e+01 1.500000000000000000e+01 0.000000000000000000e+00 1.600000000000000089e+00 1.897999999999999948e-03 2.750999999999999973e-03 -9.999940000000000495e-01 -4.701670000000000016e-01 -8.825709999999999944e-01 -3.320000000000000034e-03 -8.825749999999999984e-01 4.701710000000000056e-01 -3.820000000000000153e-04
1.600000000000000000e+01 1.200000000000000000e+01 1.500000000000000000e+01 0.000000000000000000e+00 1.600000000000000089e+00 2.910000000000000260e-04 8.925999999999999907e-03 -9.999599999999999600e-01 -4.708209999999999895e-01 -8.821919999999999762e-01 -8.012000000000000025e-03 -8.822290000000000409e-01 4.708040000000000003e-01 3.945999999999999855e-03
2.100000000000000000e+01 1.200000000000000000e+01 1.500000000000000000e+01 0.000000000000000000e+00 1.600000000000000089e+00 -2.590000000000000071e-04 3.863999999999999813e-03 -9.999919999999999920e-01 -4.712589999999999835e-01 -8.819890000000000230e-01 -3.285999999999999859e-03 -8.819949999999999735e-01 4.712540000000000062e-01 2.050000000000000173e-03
2.700000000000000000e+01 1.200000000000000000e+01 1.500000000000000000e+01 0.000000000000000000e+00 1.600000000000000089e+00 -1.564000000000000069e-03 -1.608000000000000054e-03 -9.999970000000000248e-01 -4.694840000000000124e-01 -8.829390000000000294e-01 2.154000000000000099e-03 -8.829399999999999471e-01 4.694860000000000144e-01 6.260000000000000373e-04
6.000000000000000000e+00 1.160000000000000000e+02 1.600000000000000000e+01 0.000000000000000000e+00 1.600000000000000089e+00 -3.031999999999999973e-03 -3.660000000000000059e-03 9.999890000000000168e-01 6.934430000000000316e-01 7.204960000000000253e-01 4.740000000000000289e-03 -7.205049999999999510e-01 6.934489999999999821e-01 3.530000000000000152e-04
2.000000000000000000e+01 1.160000000000000000e+02 1.600000000000000000e+01 0.000000000000000000e+00 1.600000000000000089e+00 -5.180000000000000143e-04 1.956999999999999972e-03 9.999980000000000535e-01 6.585180000000000478e-01 7.525640000000000107e-01 -1.131000000000000061e-03 -7.525650000000000395e-01 6.585159999999999902e-01 -1.678000000000000021e-03
2.600000000000000000e+01 1.160000000000000000e+02 1.600000000000000000e+01 0.000000000000000000e+00 1.600000000000000089e+00 -7.179999999999999967e-04 -2.609999999999999907e-03 9.999959999999999960e-01 6.639770000000000394e-01 7.477489999999999970e-01 2.428000000000000037e-03 -7.477530000000000010e-01 6.639760000000000106e-01 1.196000000000000014e-03
8.000000000000000000e+00 2.000000000000000000e+00 1.900000000000000000e+01 0.000000000000000000e+00 1.600000000000000089e+00 -8.503000000000000141e-03 1.294900000000000044e-02 -9.998799999999999910e-01 2.094290000000000040e-01 -9.777169999999999472e-01 -1.444299999999999924e-02 -9.777869999999999617e-01 -2.095269999999999910e-01 5.602000000000000209e-03
1.100000000000000000e+01 2.000000000000000000e+00 1.900000000000000000e+01 0.000000000000000000e+00 1.600000000000000089e+00 -1.428999999999999932e-03 5.904000000000000394e-03 -9.999820000000000375e-01 2.076919999999999877e-01 -9.781750000000000167e-01 -6.072000000000000140e-03 -9.781929999999999792e-01 -2.076969999999999927e-01 1.720000000000000066e-04
1.800000000000000000e+01 2.000000000000000000e+00 1.900000000000000000e+01 0.000000000000000000e+00 1.600000000000000089e+00 5.368999999999999641e-03 -5.518000000000000335e-03 -9.999700000000000255e-01 1.966809999999999947e-01 -9.804460000000000397e-01 6.466000000000000393e-03 -9.804530000000000189e-01 -1.967089999999999950e-01 -4.179000000000000423e-03
2.100000000000000000e+01 2.000000000000000000e+00 1.900000000000000000e+01 0.000000000000000000e+00 1.600000000000000089e+00 5.187999999999999903e-03 -6.441999999999999810e-03 -9.999660000000000215e-01 1.979650000000000021e-01 -9.801819999999999977e-01 7.341999999999999568e-03 -9.801950000000000385e-01 -1.979960000000000053e-01 -3.808999999999999886e-03
2.600000000000000000e+01 2.000000000000000000e+00 1.900000000000000000e+01 0.000000000000000000e+00 1.600000000000000089e+00 4.276000000000000287e-03 -1.574300000000000005e-02 -9.998669999999999503e-01 2.023199999999999998e-01 -9.791840000000000543e-01 1.628299999999999886e-02 -9.793100000000000138e-01 -2.023619999999999863e-01 -1.000999999999999937e-03
3.000000000000000000e+00 1.300000000000000000e+01 2.000000000000000000e+01 0.000000000000000000e+00 1.600000000000000089e+00 -9.849999999999999815e-04 -5.199999999999999761e-03 9.999860000000000415e-01 2.470900000000000041e-01 9.689780000000000060e-01 5.282000000000000237e-03 -9.689919999999999645e-01 2.470920000000000061e-01 3.299999999999999982e-04
1.300000000000000000e+01 1.300000000000000000e+01 2.000000000000000000e+01 0.000000000000000000e+00 1.600000000000000089e+00 3.429999999999999889e-04 1.667999999999999995e-03 9.999980000000000535e-01 2.473309999999999953e-01 9.689299999999999580e-01 -1.701000000000000038e-03 -9.689309999999999867e-01 2.473309999999999953e-01 -8.000000000000000654e-05
2.300000000000000000e+01 1.300000000000000000e+01 2.000000000000000000e+01 0.000000000000000000e+00 1.600000000000000089e+00 -6.999999999999999895e-06 -1.110000000000000011e-04 1.000000000000000000e+00 2.558949999999999836e-01 9.667050000000000365e-01 1.090000000000000067e-04 -9.667050000000000365e-01 2.558949999999999836e-01 2.199999999999999943e-05
2.900000000000000000e+01 1.300000000000000000e+01 2.000000000000000000e+01 0.000000000000000000e+00 1.600000000000000089e+00 -2.386999999999999799e-03 -2.132999999999999913e-03 9.999949999999999672e-01 2.559270000000000156e-01 9.666919999999999957e-01 2.671999999999999896e-03 -9.666930000000000245e-01 2.559319999999999928e-01 -1.761999999999999894e-03
2.000000000000000000e+00 1.600000000000000000e+01 2.100000000000000000e+01 0.000000000000000000e+00 1.600000000000000089e+00 -5.800000000000000034e-04 -2.782999999999999884e-03 9.999959999999999960e-01 2.984209999999999918e-01 9.544300000000000006e-01 2.830000000000000050e-03 -9.544340000000000046e-01 2.984220000000000206e-01 2.770000000000000110e-04
2.000000000000000000e+01 1.600000000000000000e+01 2.100000000000000000e+01 0.000000000000000000e+00 1.600000000000000089e+00 8.549999999999999658e-04 7.376999999999999877e-03 9.999719999999999720e-01 3.008480000000000043e-01 9.536440000000000472e-01 -7.291999999999999871e-03 -9.536719999999999642e-01 3.008460000000000023e-01 -1.404000000000000083e-03
6.000000000000000000e+00 4.600000000000000000e+01 2.700000000000000000e+01 0.000000000000000000e+00 1.600000000000000089e+00 -2.054999999999999969e-03 -8.809999999999999472e-04 -9.999970000000000248e-01 6.582689999999999930e-01 7.527800000000000047e-01 -2.015999999999999997e-03 7.527800000000000047e-01 -6.582710000000000505e-01 -9.669999999999999776e-04
1.200000000000000000e+01 4.600000000000000000e+01 2.700000000000000000e+01 0.000000000000000000e+00 1.600000000000000089e+00 -4.090000000000000211e-04 8.689999999999999808e-04 -1.000000000000000000e+00 6.575250000000000261e-01 7.534319999999999906e-01 3.860000000000000041e-04 7.534319999999999906e-01 -6.575250000000000261e-01 -8.800000000000000313e-04
1.800000000000000000e+01 4.600000000000000000e+01 2.700000000000000000e+01 0.000000000000000000e+00 1.600000000000000089e+00 -1.242999999999999964e-03 6.620000000000000450e-04 -9.999989999999999712e-01 6.565950000000000397e-01 7.542429999999999968e-01 -3.170000000000000075e-04 7.542419999999999680e-01 -6.565950000000000397e-01 -1.371999999999999956e-03
2.300000000000000000e+01 4.600000000000000000e+01 3.000000000000000000e+01 0.000000000000000000e+00 1.600000000000000089e+00 3.800000000000000209e-05 -1.949999999999999965e-04 -1.000000000000000000e+00 3.298309999999999853e-01 9.440399999999999903e-01 -1.720000000000000066e-04 9.440399999999999903e-01 -3.298309999999999853e-01 1.000000000000000048e-04
3.000000000000000000e+00 5.800000000000000000e+01 3.100000000000000000e+01 0.000000000000000000e+00 1.600000000000000089e+00 1.540000000000000028e-04 -1.289999999999999914e-03 9.999989999999999712e-01 -7.616129999999999844e-01 -6.480320000000000524e-01 -7.190000000000000210e-04 6.480320000000000524e-01 -7.616119999999999557e-01 -1.082000000000000062e-03
9.000000000000000000e+00 5.800000000000000000e+01 3.100000000000000000e+01 0.000000000000000000e+00 1.600000000000000089e+00 -7.825999999999999623e-03 -2.892000000000000039e-03 9.999649999999999928e-01 -7.614659999999999762e-01 -6.481580000000000119e-01 -7.834000000000000685e-03 6.481580000000000119e-01 -7.615009999999999835e-01 2.870000000000000155e-03
1.400000000000000000e+01 5.800000000000000000e+01 3.100000000000000000e+01 0.000000000000000000e+00 1.600000000000000089e+00 -2.380000000000000117e-04 1.216999999999999983e-03 9.999989999999999712e-01 -7.640449999999999742e-01 -6.451630000000000420e-01 6.030000000000000204e-04 6.451630000000000420e-01 -7.640439999999999454e-01 1.083999999999999894e-03
2.000000000000000000e+01 5.800000000000000000e+01 3.100000000000000000e+01 0.000000000000000000e+00 1.600000000000000089e+00 2.579999999999999828e-03 -2.967000000000000019e-03 9.999919999999999920e-01 -7.655300000000000438e-01 -6.434010000000000007e-01 6.600000000000000506e-05 6.433959999999999679e-01 -7.655239999999999823e-01 -3.930999999999999599e-03
2.700000000000000000e+01 5.800000000000000000e+01 3.100000000000000000e+01 0.000000000000000000e+00 1.600000000000000089e+00 -1.858000000000000059e-03 -4.124000000000000062e-03 9.999900000000000455e-01 -7.657519999999999882e-01 -6.431230000000000002e-01 -4.074000000000000364e-03 6.431329999999999547e-01 -7.657519999999999882e-01 -1.962999999999999901e-03
6.000000000000000000e+00 4.600000000000000000e+01 3.500000000000000000e+01 0.000000000000000000e+00 1.600000000000000089e+00 7.330000000000000361e-04 -6.650000000000000095e-04 -9.999989999999999712e-01 3.857880000000000198e-01 -9.225870000000000459e-01 8.970000000000000109e-04 -9.225870000000000459e-01 -3.857880000000000198e-01 -4.200000000000000174e-04
1.400000000000000000e+01 4.600000000000000000e+01 3.500000000000000000e+01 0.000000000000000000e+00 1.600000000000000089e+00 5.240000000000000517e-04 -1.874999999999999931e-03 -9.999980000000000535e-01 3.866080000000000072e-01 -9.222420000000000062e-01 1.931999999999999907e-03 -9.222439999999999527e-01 -3.866080000000000072e-01 2.420000000000000005e-04
1.600000000000000000e+01 4.600000000000000000e+01 3.500000000000000000e+01 0.000000000000000000e+00 1.600000000000000089e+00 3.229999999999999907e-04 1.965999999999999866e-03 -9.999980000000000535e-01 3.863929999999999865e-01 -9.223329999999999584e-01 -1.688000000000000047e-03 -9.223339999999999872e-01 -3.863920000000000132e-01 -1.057999999999999913e-03
2.000000000000000000e+01 4.600000000000000000e+01 3.500000000000000000e+01 0.000000000000000000e+00 1.600000000000000089e+00 3.249999999999999851e-04 -6.199999999999999999e-04 -1.000000000000000000e+00 3.860129999999999950e-01 -9.224930000000000074e-01 6.980000000000000527e-04 -9.224930000000000074e-01 -3.860129999999999950e-01 -6.099999999999999872e-05
2.600000000000000000e+01 4.600000000000000000e+01 3.500000000000000000e+01 0.000000000000000000e+00 1.600000000000000089e+00 -2.669999999999999847e-04 8.350000000000000217e-04 -1.000000000000000000e+00 3.852039999999999909e-01 -9.228309999999999569e-01 -8.729999999999999696e-04 -9.228319999999999856e-01 -3.852039999999999909e-01 -7.499999999999999343e-05
7.000000000000000000e+00 9.500000000000000000e+01 3.600000000000000000e+01 0.000000000000000000e+00 1.600000000000000089e+00 -1.253999999999999906e-03 -2.632500000000000118e-02 9.996530000000000138e-01 9.976110000000000255e-01 6.900699999999999890e-02 3.069000000000000113e-03 -6.906400000000000039e-02 9.972689999999999610e-01 2.617600000000000135e-02
1.700000000000000000e+01 9.500000000000000000e+01 3.600000000000000000e+01 0.000000000000000000e+00 1.600000000000000089e+00 -5.010000000000000347e-04 3.380000000000000192e-03 9.999940000000000495e-01 9.976890000000000480e-01 6.794200000000000239e-02 2.700000000000000035e-04 -6.794000000000000039e-02 9.976840000000000153e-01 -3.406000000000000173e-03
2.000000000000000000e+01 9.500000000000000000e+01 3.600000000000000000e+01 0.000000000000000000e+00 1.600000000000000089e+00 4.281000000000000083e-03 7.849999999999999339e-03 9.999599999999999600e-01 9.974229999999999485e-01 7.157600000000000073e-02 -4.832000000000000357e-03 -7.161099999999999410e-02 9.974039999999999573e-01 -7.523000000000000173e-03
4.000000000000000000e+00 3.000000000000000000e+00 4.300000000000000000e+01 0.000000000000000000e+00 1.600000000000000089e+00 -2.610000000000000015e-04 6.653000000000000060e-03 -9.999780000000000335e-01 7.386829999999999785e-01 -6.740369999999999973e-01 -4.676999999999999734e-03 -6.740530000000000133e-01 -7.386679999999999913e-01 -4.738000000000000024e-03
1.300000000000000000e+01 3.000000000000000000e+00 4.300000000000000000e+01 0.000000000000000000e+00 1.600000000000000089e+00 6.930000000000000396e-04 3.184999999999999897e-03 -9.999949999999999672e-01 7.362520000000000175e-01 -6.767050000000000010e-01 -1.644999999999999978e-03 -6.767069999999999474e-01 -7.362469999999999848e-01 -2.814000000000000095e-03
1.800000000000000000e+01 3.000000000000000000e+00 4.300000000000000000e+01 0.000000000000000000e+00 1.600000000000000089e+00 -1.281999999999999936e-03 -6.152999999999999615e-03 -9.999799999999999800e-01 7.393729999999999469e-01 -6.732879999999999976e-01 3.194999999999999923e-03 -6.732949999999999768e-01 -7.393539999999999557e-01 5.412000000000000144e-03
2.800000000000000000e+01 3.000000000000000000e+00 4.300000000000000000e+01 0.000000000000000000e+00 1.600000000000000089e+00 -2.625000000000000163e-03 -1.424500000000000072e-02 -9.998949999999999783e-01 7.350729999999999764e-01 -6.779439999999999911e-01 7.728999999999999759e-03 -6.779830000000000023e-01 -7.349759999999999627e-01 1.225099999999999974e-02
2.000000000000000000e+00 8.000000000000000000e+00 4.400000000000000000e+01 0.000000000000000000e+00 1.600000000000000089e+00 2.059999999999999928e-04 6.572999999999999850e-03 9.999780000000000335e-01 -7.813320000000000265e-01 -6.240999999999999881e-01 4.263000000000000296e-03 6.241149999999999753e-01 -7.813160000000000105e-01 5.007000000000000166e-03
1.000000000000000000e+01 2.900000000000000000e+01 4.400000000000000000e+01 0.000000000000000000e+00 1.600000000000000089e+00 7.370000000000000249e-04 -1.410000000000000012e-03 -9.999989999999999712e-01 6.723179999999999712e-01 7.402619999999999756e-01 -5.490000000000000088e-04 7.402619999999999756e-01 -6.723170000000000535e-01 1.494000000000000102e-03
1.600000000000000000e+01 2.900000000000000000e+01 4.400000000000000000e+01 0.000000000000000000e+00 1.600000000000000089e+00 -6.459999999999999814e-04 -1.905000000000000009e-03 -9.999980000000000535e-01 6.733999999999999986e-01 7.392760000000000442e-01 -1.843000000000000020e-03 7.392779999999999907e-01 -6.733999999999999986e-01 8.059999999999999673e-04
2.000000000000000000e+01 2.900000000000000000e+01 4.400000000000000000e+01 0.000000000000000000e+00 1.600000000000000089e+00 -1.794999999999999938e-03 3.060000000000000111e-04 -9.999980000000000535e-01 6.707859999999999934e-01 7.416509999999999492e-01 -9.770000000000000039e-04 7.416490000000000027e-01 -6.707859999999999934e-01 -1.536000000000000039e-03
2.400000000000000000e+01 2.900000000000000000e+01 4.400000000000000000e+01 0.000000000000000000e+00 1.600000000000000089e+00 1.417000000000000074e-03 2.779999999999999811e-04 -9.999989999999999712e-01 6.741620000000000390e-01 7.385829999999999895e-01 1.160999999999999923e-03 7.385829999999999895e-01 -6.741620000000000390e-01 8.589999999999999546e-04
2.800000000000000000e+01 2.900000000000000000e+01 4.400000000000000000e+01 0.000000000000000000e+00 1.600000000000000089e+00 1.453999999999999997e-03 -6.617999999999999751e-03 -9.999770000000000048e-01 6.783280000000000420e-01 7.347489999999999855e-01 -3.876000000000000105e-03 7.347580000000000222e-01 -6.783069999999999933e-01 5.557999999999999573e-03
1.900000000000000000e+01 6.000000000000000000e+00 5.100000000000000000e+01 0.000000000000000000e+00 1.600000000000000089e+00 -5.999999999999999474e-04 4.282000000000000216e-03 -9.999909999999999632e-01 3.193509999999999960e-01 -9.476269999999999971e-01 -4.250000000000000305e-03 -9.476360000000000339e-01 -3.193500000000000227e-01 -7.990000000000000140e-04
1.400000000000000000e+01 7.000000000000000000e+00 5.200000000000000000e+01 0.000000000000000000e+00 1.600000000000000089e+00 4.339999999999999782e-04 -3.831000000000000204e-03 -9.999930000000000208e-01 1.196910000000000057e-01 -9.928040000000000198e-01 3.854999999999999920e-03 -9.928109999999999991e-01 -1.196920000000000067e-01 2.799999999999999958e-05
2.000000000000000000e+00 6.300000000000000000e+01 5.400000000000000000e+01 0.000000000000000000e+00 1.600000000000000089e+00 1.147999999999999932e-03 3.490000000000000263e-04 9.999989999999999712e-01 -3.476420000000000066e-01 9.376269999999999882e-01 7.200000000000000182e-05 -9.376269999999999882e-01 -3.476420000000000066e-01 1.198000000000000063e-03
6.000000000000000000e+00 6.300000000000000000e+01 5.400000000000000000e+01 0.000000000000000000e+00 1.600000000000000089e+00 5.410000000000000312e-04 3.739999999999999835e-04 1.000000000000000000e+00 -3.487029999999999852e-01 9.372329999999999828e-01 -1.620000000000000075e-04 -9.372329999999999828e-01 -3.487029999999999852e-01 6.369999999999999794e-04
1.000000000000000000e+01 6.300000000000000000e+01 5.400000000000000000e+01 0.000000000000000000e+00 1.600000000000000089e+00 1.378000000000000102e-03 8.260000000000000198e-04 9.999989999999999712e-01 -3.517930000000000224e-01 9.360779999999999657e-01 -2.880000000000000073e-04 -9.360770000000000479e-01 -3.517919999999999936e-01 1.580999999999999940e-03
1.400000000000000000e+01 6.300000000000000000e+01 5.400000000000000000e+01 0.000000000000000000e+00 1.600000000000000089e+00 9.269999999999999811e-04 -2.961999999999999789e-03 9.999949999999999672e-01 -3.584570000000000256e-01 9.335409999999999542e-01 3.096999999999999927e-03 -9.335459999999999869e-01 -3.584579999999999989e-01 -1.959999999999999937e-04
1.900000000000000000e+01 6.300000000000000000e+01 5.400000000000000000e+01 0.000000000000000000e+00 1.600000000000000089e+00 -3.809999999999999910e-04 8.940000000000000464e-04 1.000000000000000000e+00 -3.594419999999999837e-01 9.331669999999999687e-01 -9.709999999999999664e-04 -9.331679999999999975e-01 -3.594419999999999837e-01 -3.399999999999999973e-05
2.200000000000000000e+01 6.300000000000000000e+01 5.400000000000000000e+01 0.000000000000000000e+00 1.600000000000000089e+00 -1.580000000000000024e-03 5.919999999999999698e-04 9.999989999999999712e-01 -3.537569999999999881e-01 9.353369999999999740e-01 -1.113000000000000057e-03 -9.353359999999999452e-01 -3.537580000000000169e-01 -1.268999999999999946e-03
2.800000000000000000e+01 6.300000000000000000e+01 5.400000000000000000e+01 0.000000000000000000e+00 1.600000000000000089e+00 2.779999999999999811e-04 1.838000000000000007e-03 9.999980000000000535e-01 -3.557219999999999827e-01 9.345909999999999496e-01 -1.618999999999999996e-03 -9.345919999999999783e-01 -3.557210000000000094e-01 9.139999999999999904e-04
1.000000000000000000e+00 2.500000000000000000e+01 5.500000000000000000e+01 0.000000000000000000e+00 1.600000000000000089e+00 1.216000000000000067e-03 -4.287000000000000012e-03 -9.999900000000000455e-01 -1.130699999999999934e-02 -9.999270000000000103e-01 4.272999999999999889e-03 -9.999350000000000183e-01 1.130199999999999955e-02 -1.263999999999999933e-03
6.000000000000000000e+00 2.500000000000000000e+01 5.500000000000000000e+01 0.000000000000000000e+00 1.600000000000000089e+00 -7.069999999999999462e-04 4.169999999999999987e-04 -1.000000000000000000e+00 -1.141299999999999953e-02 -9.999350000000000183e-01 -4.090000000000000211e-04 -9.999350000000000183e-01 1.141299999999999953e-02 7.119999999999999593e-04
1.000000000000000000e+01 2.500000000000000000e+01 5.500000000000000000e+01 0.000000000000000000e+00 1.600000000000000089e+00 -9.359999999999999831e-04 4.749999999999999990e-04 -9.999989999999999712e-01 -1.161500000000000032e-02 -9.999320000000000430e-01 -4.640000000000000027e-04 -9.999320000000000430e-01 1.161399999999999932e-02 9.409999999999999962e-04
1.500000000000000000e+01 2.500000000000000000e+01 5.500000000000000000e+01 0.000000000000000000e+00 1.600000000000000089e+00 -4.260000000000000006e-04 9.340000000000000429e-04 -9.999989999999999712e-01 -1.157900000000000075e-02 -9.999329999999999607e-01 -9.290000000000000297e-04 -9.999329999999999607e-01 1.157900000000000075e-02 4.369999999999999970e-04
1.800000000000000000e+01 2.500000000000000000e+01 5.500000000000000000e+01 0.000000000000000000e+00 1.600000000000000089e+00 8.549999999999999658e-04 1.087999999999999991e-03 -9.999989999999999712e-01 -1.221799999999999969e-02 -9.999249999999999527e-01 -1.098000000000000018e-03 -9.999249999999999527e-01 1.221900000000000069e-02 -8.419999999999999750e-04
2.400000000000000000e+01 2.500000000000000000e+01 5.500000000000000000e+01 0.000000000000000000e+00 1.600000000000000089e+00 9.569999999999999514e-04 8.700000000000000051e-04 -9.999989999999999712e-01 -1.380600000000000056e-02 -9.999040000000000150e-01 -8.829999999999999958e-04 -9.999040000000000150e-01 1.380699999999999983e-02 -9.449999999999999850e-04
8.000000000000000000e+00 6.800000000000000000e+01 5.700000000000000000e+01 0.000000000000000000e+00 1.600000000000000089e+00 2.660000000000000146e-04 -2.990000000000000036e-03 -9.999949999999999672e-01 -2.446820000000000106e-01 -9.695989999999999887e-01 2.834000000000000147e-03 -9.696029999999999927e-01 2.446800000000000086e-01 -9.899999999999999946e-04
1.500000000000000000e+01 6.800000000000000000e+01 5.700000000000000000e+01 0.000000000000000000e+00 1.600000000000000089e+00 1.704999999999999918e-03 -4.657999999999999814e-03 -9.999879999999999880e-01 -2.444860000000000089e-01 -9.696439999999999504e-01 4.100000000000000346e-03 -9.696510000000000407e-01 2.444759999999999989e-01 -2.792000000000000211e-03
6.000000000000000000e+00 2.100000000000000000e+01 6.000000000000000000e+01 0.000000000000000000e+00 1.600000000000000089e+00 -5.599999999999999916e-05 4.947000000000000008e-03 9.999879999999999880e-01 -9.725000000000000311e-02 9.952480000000000215e-01 -4.929000000000000221e-03 -9.952600000000000335e-01 -9.724900000000000211e-02 4.260000000000000006e-04
2.900000000000000000e+01 2.100000000000000000e+01 6.000000000000000000e+01 0.000000000000000000e+00 1.600000000000000089e+00 -5.249999999999999676e-04 1.567100000000000090e-02 9.998770000000000158e-01 -9.323599999999999943e-02 9.955209999999999892e-01 -1.565199999999999925e-02 -9.956439999999999735e-01 -9.323299999999999643e-02 9.380000000000000317e-04
4.000000000000000000e+00 6.000000000000000000e+00 6.100000000000000000e+01 0.000000000000000000e+00 1.600000000000000089e+00 3.827999999999999806e-03 -5.024999999999999953e-03 9.999799999999999800e-01 5.683270000000000266e-01 -8.227790000000000381e-01 -6.309999999999999637e-03 8.227940000000000254e-01 5.683399999999999563e-01 -2.939999999999999905e-04
1.200000000000000000e+01 3.000000000000000000e+00 6.300000000000000000e+01 0.000000000000000000e+00 1.600000000000000089e+00 2.625999999999999862e-03 -3.374999999999999962e-03 9.999909999999999632e-01 -6.159080000000000110e-01 7.878060000000000063e-01 4.276000000000000287e-03 -7.878140000000000143e-01 -6.159139999999999615e-01 -1.000000000000000082e-05
5.000000000000000000e+00 2.700000000000000000e+01 6.300000000000000000e+01 0.000000000000000000e+00 1.600000000000000089e+00 -1.031999999999999931e-03 2.400000000000000061e-05 9.999989999999999712e-01 -2.729790000000000272e-01 9.620199999999999863e-01 -3.049999999999999868e-04 -9.620189999999999575e-01 -2.729800000000000004e-01 -9.859999999999998974e-04
1.000000000000000000e+01 2.700000000000000000e+01 6.300000000000000000e+01 0.000000000000000000e+00 1.600000000000000089e+00 1.144000000000000052e-03 -3.487000000000000082e-03 9.999930000000000208e-01 -2.753120000000000012e-01 9.613479999999999803e-01 3.667000000000000121e-03 -9.613540000000000418e-01 -2.753149999999999764e-01 1.399999999999999877e-04
1.700000000000000000e+01 2.700000000000000000e+01 6.300000000000000000e+01 0.000000000000000000e+00 1.600000000000000089e+00 2.122999999999999887e-03 -2.601000000000000013e-03 9.999940000000000495e-01 -2.718389999999999973e-01 9.623380000000000267e-01 3.079999999999999839e-03 -9.623399999999999732e-01 -2.718439999999999745e-01 1.335999999999999948e-03
2.400000000000000000e+01 2.700000000000000000e+01 6.300000000000000000e+01 0.000000000000000000e+00 1.600000000000000089e+00 -2.060000000000000199e-03 2.565000000000000006e-03 9.999949999999999672e-01 -2.743160000000000043e-01 9.616350000000000176e-01 -3.031999999999999973e-03 -9.616369999999999640e-01 -2.743200000000000083e-01 -1.276999999999999923e-03
5.000000000000000000e+00 2.600000000000000000e+01 6.400000000000000000e+01 0.000000000000000000e+00 1.600000000000000089e+00 -7.460000000000000268e-04 1.301999999999999989e-03 9.999989999999999712e-01 -3.563430000000000208e-01 9.343540000000000179e-01 -1.482999999999999943e-03 -9.343550000000000466e-01 -3.563439999999999941e-01 -2.329999999999999986e-04
1.100000000000000000e+01 2.600000000000000000e+01 6.400000000000000000e+01 0.000000000000000000e+00 1.600000000000000089e+00 1.397000000000000021e-03 -1.842000000000000104e-03 9.999970000000000248e-01 -3.550619999999999887e-01 9.348400000000000043e-01 2.217999999999999920e-03 -9.348419999999999508e-01 -3.550639999999999907e-01 6.520000000000000188e-04
2.300000000000000000e+01 2.600000000000000000e+01 6.400000000000000000e+01 0.000000000000000000e+00 1.600000000000000089e+00 -1.804000000000000048e-03 -1.033000000000000064e-03 9.999980000000000535e-01 -3.524070000000000258e-01 9.358469999999999844e-01 3.310000000000000225e-04 -9.358450000000000379e-01 -3.524059999999999970e-01 -2.052000000000000005e-03
2.900000000000000000e+01 2.600000000000000000e+01 6.400000000000000000e+01 0.000000000000000000e+00 1.600000000000000089e+00 8.799999999999999771e-05 -2.304000000000000058e-03 9.999970000000000248e-01 -3.592920000000000003e-01 9.332230000000000247e-01 2.181999999999999912e-03 -9.332249999999999712e-01 -3.592910000000000270e-01 -7.460000000000000268e-04
2.600000000000000000e+01 6.900000000000000000e+01 6.600000000000000000e+01 0.000000000000000000e+00 1.600000000000000089e+00 1.011699999999999926e-02 -7.913999999999999160e-03 9.999179999999999735e-01 -9.523819999999999508e-01 3.046710000000000251e-01 1.204799999999999968e-02 -3.047409999999999841e-01 -9.524249999999999661e-01 -4.454999999999999759e-03
3.000000000000000000e+01 3.100000000000000000e+01 7.100000000000000000e+01 0.000000000000000000e+00 1.600000000000000089e+00 -3.699000000000000031e-03 4.934000000000000018e-03 -9.999810000000000088e-01 -6.999140000000000361e-01 -7.142260000000000275e-01 -9.349999999999999587e-04 -7.142169999999999908e-01 6.998969999999999914e-01 6.095999999999999856e-03
2.000000000000000000e+00 4.400000000000000000e+01 7.300000000000000000e+01 0.000000000000000000e+00 1.600000000000000089e+00 7.380000000000000492e-04 6.644999999999999865e-03 9.999780000000000335e-01 4.550300000000000178e-02 -9.989419999999999966e-01 6.603999999999999627e-03 9.989639999999999631e-01 4.549700000000000272e-02 -1.039999999999999909e-03
5.000000000000000000e+00 4.400000000000000000e+01 7.300000000000000000e+01 0.000000000000000000e+00 1.600000000000000089e+00 -3.040000000000000167e-04 3.371999999999999997e-03 9.999940000000000495e-01 4.506700000000000289e-02 -9.989780000000000326e-01 3.383000000000000156e-03 9.989839999999999831e-01 4.506700000000000289e-02 1.520000000000000084e-04
9.000000000000000000e+00 4.400000000000000000e+01 7.300000000000000000e+01 0.000000000000000000e+00 1.600000000000000089e+00 9.629999999999999888e-04 3.723000000000000181e-03 9.999930000000000208e-01 4.407099999999999906e-02 -9.990219999999999656e-01 3.677000000000000147e-03 9.990280000000000271e-01 4.406700000000000200e-02 -1.126000000000000048e-03
1.300000000000000000e+01 4.400000000000000000e+01 7.300000000000000000e+01 0.000000000000000000e+00 1.600000000000000089e+00 2.054999999999999969e-03 8.902999999999999456e-03 9.999580000000000135e-01 4.569899999999999657e-02 -9.989170000000000549e-01 8.800000000000000530e-03 9.989529999999999799e-01 4.567899999999999738e-02 -2.459999999999999947e-03
1.800000000000000000e+01 4.400000000000000000e+01 7.300000000000000000e+01 0.000000000000000000e+00 1.600000000000000089e+00 2.243000000000000202e-03 1.611999999999999935e-03 9.999959999999999960e-01 4.908699999999999869e-02 -9.987930000000000419e-01 1.500000000000000031e-03 9.987920000000000131e-01 4.908300000000000163e-02 -2.320000000000000014e-03
2.600000000000000000e+01 4.400000000000000000e+01 7.300000000000000000e+01 0.000000000000000000e+00 1.600000000000000089e+00 -2.709000000000000036e-03 -3.485999999999999949e-03 9.999900000000000455e-01 4.819899999999999879e-02 -9.988320000000000531e-01 -3.351999999999999945e-03 9.988339999999999996e-01 4.818900000000000267e-02 2.873999999999999819e-03
