2.000000000000000000e+00 1.500000000000000000e+01 4.000000000000000000e+00 0.000000000000000000e+00 1.600000000000000089e+00 -3.089000000000000166e-03 -5.501999999999999946e-03 9.999799999999999800e-01 3.222269999999999857e-01 -9.466529999999999667e-01 -4.212999999999999731e-03 9.466569999999999707e-01 3.222070000000000212e-01 4.696999999999999786e-03
7.000000000000000000e+00 1.500000000000000000e+01 4.000000000000000000e+00 0.000000000000000000e+00 1.600000000000000089e+00 1.579000000000000108e-03 -5.978999999999999940e-03 9.999810000000000088e-01 3.237949999999999995e-01 -9.461070000000000313e-01 -6.167999999999999872e-03 9.461260000000000225e-01 3.237990000000000035e-01 4.420000000000000101e-04
1.400000000000000000e+01 1.500000000000000000e+01 4.000000000000000000e+00 0.000000000000000000e+00 1.600000000000000089e+00 -5.987000000000000134e-03 -1.030299999999999966e-02 9.999289999999999567e-01 3.212809999999999833e-01 -9.469520000000000159e-01 -7.832999999999999685e-03 9.469649999999999457e-01 3.212110000000000243e-01 8.980000000000000135e-03
1.700000000000000000e+01 1.500000000000000000e+01 4.000000000000000000e+00 0.000000000000000000e+00 1.600000000000000089e+00 -4.255000000000000102e-03 -1.366999999999999986e-02 9.998979999999999535e-01 3.192849999999999855e-01 -9.475879999999999859e-01 -1.159600000000000040e-02 9.476489999999999636e-01 3.192030000000000145e-01 8.396999999999999950e-03
2.000000000000000000e+01 1.500000000000000000e+01 4.000000000000000000e+00 0.000000000000000000e+00 1.600000000000000089e+00 8.909999999999999734e-04 -9.391000000000000042e-03 9.999550000000000383e-01 3.202860000000000151e-01 -9.472760000000000069e-01 -9.181999999999999190e-03 9.473200000000000509e-01 3.202800000000000091e-01 2.164000000000000125e-03
2.900000000000000000e+01 1.500000000000000000e+01 4.000000000000000000e+00 0.000000000000000000e+00 1.600000000000000089e+00 -5.212999999999999752e-03 -1.694999999999999979e-02 9.998430000000000373e-01 3.266470000000000207e-01 -9.450380000000000447e-01 -1.431800000000000087e-02 9.451319999999999721e-01 3.265210000000000057e-01 1.046300000000000008e-02
8.000000000000000000e+00 1.900000000000000000e+01 5.000000000000000000e+00 0.000000000000000000e+00 1.600000000000000089e+00 -1.680999999999999986e-03 -4.961000000000000132e-03 -9.999860000000000415e-01 -6.743029999999999857e-01 -7.384389999999999565e-01 4.797000000000000049e-03 -7.384519999999999973e-01 6.743019999999999570e-01 -2.103999999999999967e-03
1.000000000000000000e+00 1.010000000000000000e+02 7.000000000000000000e+00 0.000000000000000000e+00 1.600000000000000089e+00 -7.323999999999999781e-03 -2.528999999999999998e-03 9.999700000000000255e-01 8.800810000000000022e-01 4.747620000000000173e-01 7.647000000000000151e-03 -4.747669999999999946e-01 8.801109999999999767e-01 -1.250999999999999942e-03
1.100000000000000000e+01 1.010000000000000000e+02 7.000000000000000000e+00 0.000000000000000000e+00 1.600000000000000089e+00 -1.965000000000000167e-03 -5.208999999999999742e-02 9.986399999999999721e-01 8.809850000000000181e-01 4.724079999999999946e-01 2.637499999999999914e-02 -4.731389999999999763e-01 8.798399999999999554e-01 4.496200000000000196e-02
3.000000000000000000e+00 2.500000000000000000e+01 8.000000000000000000e+00 0.000000000000000000e+00 1.600000000000000089e+00 -9.799999999999999684e-04 -4.363999999999999824e-03 -9.999900000000000455e-01 4.545489999999999808e-01 8.907110000000000305e-01 -4.331999999999999913e-03 8.907209999999999850e-01 -4.545480000000000076e-01 1.111000000000000008e-03
7.000000000000000000e+00 2.500000000000000000e+01 8.000000000000000000e+00 0.000000000000000000e+00 1.600000000000000089e+00 -8.639999999999999677e-04 1.253999999999999906e-03 -9.999989999999999712e-01 4.553659999999999930e-01 8.903039999999999843e-01 7.219999999999999855e-04 8.903039999999999843e-01 -4.553650000000000198e-01 -1.340000000000000045e-03
1.600000000000000000e+01 2.500000000000000000e+01 8.000000000000000000e+00 0.000000000000000000e+00 1.600000000000000089e+00 5.039999999999999992e-04 -1.144599999999999958e-02 -9.999339999999999895e-01 4.528960000000000208e-01 8.915079999999999671e-01 -9.976000000000000492e-03 8.915629999999999944e-01 -4.528610000000000135e-01 5.632999999999999986e-03
2.400000000000000000e+01 2.500000000000000000e+01 8.000000000000000000e+00 0.000000000000000000e+00 1.600000000000000089e+00 1.567000000000000033e-03 -7.600000000000000418e-05 -9.999989999999999712e-01 4.527820000000000178e-01 8.916209999999999969e-01 6.419999999999999925e-04 8.916199999999999681e-01 -4.527829999999999910e-01 1.431999999999999896e-03
2.800000000000000000e+01 2.500000000000000000e+01 8.000000000000000000e+00 0.000000000000000000e+00 1.600000000000000089e+00 9.610000000000000486e-04 2.317000000000000049e-03 -9.999970000000000248e-01 4.515060000000000184e-01 8.922649999999999748e-01 2.501000000000000185e-03 8.922679999999999501e-01 -4.515069999999999917e-01 -1.879999999999999890e-04
3.000000000000000000e+00 2.400000000000000000e+01 9.000000000000000000e+00 0.000000000000000000e+00 1.600000000000000089e+00 -1.124999999999999915e-03 -4.552999999999999756e-03 -9.999890000000000168e-01 4.560719999999999774e-01 8.899310000000000276e-01 -4.564999999999999614e-03 8.899420000000000108e-01 -4.560719999999999774e-01 1.075999999999999917e-03
1.100000000000000000e+01 2.400000000000000000e+01 9.000000000000000000e+00 0.000000000000000000e+00 1.600000000000000089e+00 7.150000000000000322e-04 -3.649999999999999816e-04 -1.000000000000000000e+00 4.580500000000000127e-01 8.889259999999999939e-01 3.000000000000000076e-06 8.889259999999999939e-01 -4.580500000000000127e-01 8.030000000000000028e-04
1.700000000000000000e+01 2.400000000000000000e+01 9.000000000000000000e+00 0.000000000000000000e+00 1.600000000000000089e+00 9.929999999999999591e-04 -6.393000000000000245e-03 -9.999789999999999512e-01 4.568710000000000271e-01 8.895180000000000309e-01 -5.232999999999999804e-03 8.895319999999999894e-01 -4.568559999999999843e-01 3.804000000000000090e-03
2.300000000000000000e+01 2.400000000000000000e+01 9.000000000000000000e+00 0.000000000000000000e+00 1.600000000000000089e+00 1.628000000000000107e-03 2.095000000000000074e-03 -9.999959999999999960e-01 4.564280000000000004e-01 8.897559999999999913e-01 2.606999999999999942e-03 8.897589999999999666e-01 -4.564309999999999756e-01 4.920000000000000328e-04
1.100000000000000000e+01 1.200000000000000000e+01 1.000000000000000000e+01 0.000000000000000000e+00 1.600000000000000089e+00 -4.360000000000000269e-04 -5.109999999999999959e-03 -9.999869999999999592e-01 -5.512559999999999683e-01 -8.343239999999999545e-01 4.504000000000000191e-03 -8.343359999999999665e-01 5.512510000000000465e-01 -2.452999999999999885e-03
3.000000000000000000e+00 3.500000000000000000e+01 1.200000000000000000e+01 0.000000000000000000e+00 1.600000000000000089e+00 3.759999999999999779e-04 -1.259999999999999998e-04 -1.000000000000000000e+00 4.125670000000000170e-01 -9.109270000000000422e-01 2.700000000000000035e-04 -9.109270000000000422e-01 -4.125679999999999903e-01 -2.900000000000000017e-04
7.000000000000000000e+00 3.500000000000000000e+01 1.200000000000000000e+01 0.000000000000000000e+00 1.600000000000000089e+00 2.485999999999999929e-03 -6.045000000000000026e-03 -9.999789999999999512e-01 4.024860000000000104e-01 -9.154029999999999667e-01 6.533999999999999878e-03 -9.154229999999999867e-01 -4.024940000000000184e-01 1.579999999999999916e-04
2.600000000000000000e+01 3.500000000000000000e+01 1.200000000000000000e+01 0.000000000000000000e+00 1.600000000000000089e+00 -6.492000000000000375e-03 8.290000000000000493e-03 -9.999449999999999728e-01 4.415549999999999753e-01 -8.971749999999999448e-01 -1.030499999999999992e-02 -8.972109999999999808e-01 -4.415970000000000173e-01 2.164000000000000125e-03
1.300000000000000000e+01 3.200000000000000000e+01 1.400000000000000000e+01 0.000000000000000000e+00 1.600000000000000089e+00 8.109999999999999805e-04 2.471999999999999805e-03 -9.999970000000000248e-01 1.054559999999999942e-01 9.944209999999999994e-01 2.543999999999999821e-03 9.944239999999999746e-01 -1.054579999999999962e-01 5.450000000000000200e-04
2.100000000000000000e+01 3.200000000000000000e+01 1.400000000000000000e+01 0.000000000000000000e+00 1.600000000000000089e+00 -3.869999999999999742e-04 -4.841999999999999950e-03 -9.999879999999999880e-01 1.055510000000000059e-01 9.944020000000000081e-01 -4.856000000000000073e-03 9.944140000000000201e-01 -1.055520000000000069e-01 1.259999999999999998e-04
3.000000000000000000e+00 1.200000000000000000e+01 1.500000000000000000e+01 0.000000000000000000e+00 1.600000000000000089e+00 -7.810000000000000102e-04 -2.125999999999999852e-03 -9.999970000000000248e-01 -4.626149999999999984e-01 -8.865560000000000107e-01 2.246000000000000166e-03 -8.865589999999999860e-01 4.626160000000000272e-01 -2.910000000000000260e-04
8.000000000000000000e+00 1.160000000000000000e+02 1.600000000000000000e+01 0.000000000000000000e+00 1.600000000000000089e+00 -7.399999999999999623e-05 1.747000000000000072e-03 9.999989999999999712e-01 7.591240000000000210e-01 6.509449999999999958e-01 -1.080999999999999930e-03 -6.509460000000000246e-01 7.591229999999999922e-01 -1.374000000000000004e-03
1.300000000000000000e+01 1.160000000000000000e+02 1.600000000000000000e+01 0.000000000000000000e+00 1.600000000000000089e+00 -3.023000000000000079e-03 -4.440000000000000045e-04 9.999949999999999672e-01 7.668430000000000524e-01 6.418300000000000116e-01 2.602999999999999845e-03 -6.418279999999999541e-01 7.668469999999999454e-01 -1.600000000000000077e-03
2.100000000000000000e+01 1.160000000000000000e+02 1.600000000000000000e+01 0.000000000000000000e+00 1.600000000000000089e+00 -4.120999999999999663e-03 -9.412000000000000227e-03 9.999470000000000303e-01 7.598759999999999959e-01 6.500019999999999687e-01 9.249000000000000277e-03 -6.500550000000000495e-01 7.598740000000000494e-01 4.473000000000000413e-03
2.700000000000000000e+01 1.160000000000000000e+02 1.600000000000000000e+01 0.000000000000000000e+00 1.600000000000000089e+00 -1.680999999999999986e-03 -7.431000000000000105e-03 9.999710000000000543e-01 6.644349999999999978e-01 7.473159999999999803e-01 6.670999999999999847e-03 -7.473440000000000083e-01 6.644269999999999898e-01 3.680999999999999810e-03
3.000000000000000000e+00 2.000000000000000000e+00 1.900000000000000000e+01 0.000000000000000000e+00 1.600000000000000089e+00 -7.579999999999999932e-04 -2.965999999999999887e-03 -9.999949999999999672e-01 1.606839999999999935e-01 -9.870020000000000460e-01 2.805000000000000202e-03 -9.870060000000000500e-01 -1.606819999999999915e-01 1.224999999999999960e-03
7.000000000000000000e+00 2.000000000000000000e+00 1.900000000000000000e+01 0.000000000000000000e+00 1.600000000000000089e+00 -1.438999999999999958e-03 -1.818799999999999931e-02 -9.998340000000000005e-01 1.594879999999999909e-01 -9.870409999999999462e-01 1.772599999999999870e-02 -9.871990000000000487e-01 -1.594359999999999944e-01 4.321000000000000188e-03
1.200000000000000000e+01 2.000000000000000000e+00 1.900000000000000000e+01 0.000000000000000000e+00 1.600000000000000089e+00 1.669999999999999935e-04 -1.704000000000000003e-03 -9.999989999999999712e-01 1.532910000000000106e-01 -9.881799999999999473e-01 1.709999999999999932e-03 -9.881809999999999761e-01 -1.532910000000000106e-01 9.600000000000000243e-05
1.500000000000000000e+01 2.000000000000000000e+00 1.900000000000000000e+01 0.000000000000000000e+00 1.600000000000000089e+00 1.487999999999999956e-03 7.825000000000000358e-03 -9.999679999999999680e-01 1.520100000000000062e-01 -9.883499999999999508e-01 -7.507999999999999917e-03 -9.883779999999999788e-01 -1.519939999999999902e-01 -2.660000000000000038e-03
2.300000000000000000e+01 2.000000000000000000e+00 1.900000000000000000e+01 0.000000000000000000e+00 1.600000000000000089e+00 3.359999999999999814e-04 7.901999999999999302e-03 -9.999689999999999968e-01 1.586730000000000085e-01 -9.873009999999999842e-01 -7.747999999999999679e-03 -9.873309999999999587e-01 -1.586660000000000015e-01 -1.585000000000000037e-03
2.600000000000000000e+01 2.000000000000000000e+00 1.900000000000000000e+01 0.000000000000000000e+00 1.600000000000000089e+00 1.546999999999999981e-03 1.265499999999999958e-02 -9.999190000000000023e-01 1.587459999999999982e-01 -9.872440000000000104e-01 -1.224899999999999947e-02 -9.873180000000000289e-01 -1.587139999999999940e-01 -3.536000000000000081e-03
2.800000000000000000e+01 2.000000000000000000e+00 1.900000000000000000e+01 0.000000000000000000e+00 1.600000000000000089e+00 1.056999999999999997e-03 8.203000000000000222e-03 -9.999660000000000215e-01 1.572989999999999944e-01 -9.875190000000000357e-01 -7.934999999999999346e-03 -9.875500000000000389e-01 -1.572850000000000081e-01 -2.334999999999999836e-03
4.000000000000000000e+00 1.300000000000000000e+01 2.000000000000000000e+01 0.000000000000000000e+00 1.600000000000000089e+00 1.550000000000000000e-04 8.399999999999999535e-05 1.000000000000000000e+00 2.512210000000000276e-01 9.679299999999999571e-01 -1.200000000000000030e-04 -9.679299999999999571e-01 2.512210000000000276e-01 1.289999999999999914e-04
1.600000000000000000e+01 1.300000000000000000e+01 2.000000000000000000e+01 0.000000000000000000e+00 1.600000000000000089e+00 1.730999999999999900e-03 -3.246000000000000187e-03 9.999930000000000208e-01 2.455489999999999895e-01 9.693800000000000194e-01 2.720999999999999894e-03 -9.693829999999999947e-01 2.455430000000000113e-01 2.475000000000000203e-03
2.500000000000000000e+01 1.300000000000000000e+01 2.000000000000000000e+01 0.000000000000000000e+00 1.600000000000000089e+00 -3.980000000000000248e-04 2.789999999999999945e-03 9.999959999999999960e-01 2.480009999999999992e-01 9.687559999999999505e-01 -2.603999999999999978e-03 -9.687599999999999545e-01 2.479989999999999972e-01 -1.077999999999999965e-03
2.000000000000000000e+00 1.600000000000000000e+01 2.100000000000000000e+01 0.000000000000000000e+00 1.600000000000000089e+00 3.539999999999999853e-04 -6.125000000000000236e-03 9.999810000000000088e-01 2.977710000000000079e-01 9.546200000000000241e-01 5.741999999999999708e-03 -9.546369999999999578e-01 2.977629999999999999e-01 2.161999999999999859e-03
9.000000000000000000e+00 1.600000000000000000e+01 2.100000000000000000e+01 0.000000000000000000e+00 1.600000000000000089e+00 2.184000000000000177e-03 1.089399999999999917e-02 9.999379999999999935e-01 2.990389999999999993e-01 9.541770000000000529e-01 -1.104899999999999979e-02 -9.542380000000000306e-01 2.990439999999999765e-01 -1.173999999999999913e-03
1.200000000000000000e+01 1.600000000000000000e+01 2.100000000000000000e+01 0.000000000000000000e+00 1.600000000000000089e+00 1.930999999999999991e-03 1.198300000000000060e-02 9.999259999999999815e-01 2.975090000000000234e-01 9.546430000000000193e-01 -1.201499999999999964e-02 -9.547170000000000378e-01 2.975099999999999967e-01 -1.721000000000000090e-03
2.900000000000000000e+01 1.600000000000000000e+01 2.100000000000000000e+01 0.000000000000000000e+00 1.600000000000000089e+00 -1.139999999999999954e-03 1.910000000000000022e-03 9.999980000000000535e-01 2.971809999999999730e-01 9.548200000000000021e-01 -1.484999999999999992e-03 -9.548210000000000308e-01 2.971790000000000265e-01 -1.655999999999999920e-03
1.300000000000000000e+01 3.000000000000000000e+00 2.500000000000000000e+01 0.000000000000000000e+00 1.600000000000000089e+00 -2.281000000000000041e-03 1.176899999999999995e-02 9.999280000000000390e-01 -4.172100000000000114e-02 -9.990609999999999769e-01 1.166400000000000076e-02 9.991269999999999873e-01 -4.169099999999999889e-02 2.769999999999999893e-03
1.700000000000000000e+01 4.900000000000000000e+01 2.500000000000000000e+01 0.000000000000000000e+00 1.600000000000000089e+00 8.911999999999999783e-03 7.065399999999999459e-02 9.974610000000000420e-01 6.695759999999999490e-01 7.404420000000000446e-01 -5.843099999999999683e-02 -7.426899999999999613e-01 6.683970000000000189e-01 -4.071000000000000313e-02
1.500000000000000000e+01 4.500000000000000000e+01 2.600000000000000000e+01 0.000000000000000000e+00 1.600000000000000089e+00 2.143000000000000113e-02 3.178000000000000269e-02 9.992649999999999588e-01 4.842069999999999985e-01 8.741200000000000081e-01 -3.818400000000000266e-02 -8.746909999999999963e-01 4.846699999999999897e-01 3.344000000000000184e-03
3.000000000000000000e+00 4.600000000000000000e+01 2.700000000000000000e+01 0.000000000000000000e+00 1.600000000000000089e+00 3.458999999999999835e-03 -2.818000000000000192e-03 -9.999900000000000455e-01 6.710009999999999586e-01 7.414560000000000040e-01 2.310000000000000042e-04 7.414479999999999960e-01 -6.709950000000000081e-01 4.454999999999999759e-03
2.400000000000000000e+01 4.900000000000000000e+01 2.900000000000000000e+01 0.000000000000000000e+00 1.600000000000000089e+00 -2.524000000000000202e-03 9.570099999999999441e-02 -9.954070000000000418e-01 6.663419999999999899e-01 -7.420609999999999706e-01 -7.303300000000000070e-02 -7.456420000000000270e-01 -6.634649999999999714e-01 -6.189700000000000063e-02
1.300000000000000000e+01 5.000000000000000000e+01 3.000000000000000000e+01 0.000000000000000000e+00 1.600000000000000089e+00 -6.470399999999999763e-02 -3.589919999999999778e-01 -9.310950000000000060e-01 5.978069999999999773e-01 -7.610400000000000498e-01 2.518830000000000235e-01 -7.990239999999999565e-01 -5.403170000000000472e-01 2.638510000000000022e-01
2.500000000000000000e+01 5.000000000000000000e+01 3.000000000000000000e+01 0.000000000000000000e+00 1.600000000000000089e+00 -4.191000000000000281e-03 1.559069999999999900e-01 -9.877629999999999466e-01 6.597650000000000459e-01 -7.418460000000000054e-01 -1.198909999999999976e-01 -7.514600000000000168e-01 -6.521940000000000515e-01 -9.975299999999999445e-02
3.000000000000000000e+01 5.100000000000000000e+01 3.100000000000000000e+01 0.000000000000000000e+00 1.600000000000000089e+00 -7.217999999999999590e-03 2.054580000000000017e-01 -9.786390000000000366e-01 6.367030000000000189e-01 -7.536990000000000078e-01 -1.629299999999999915e-01 -7.710749999999999549e-01 -6.242790000000000283e-01 -1.253749999999999865e-01
4.000000000000000000e+00 5.600000000000000000e+01 3.300000000000000000e+01 0.000000000000000000e+00 1.600000000000000089e+00 -2.736990000000000256e-01 -3.446930000000000271e-01 -8.979289999999999772e-01 4.655920000000000059e-01 -8.643859999999999877e-01 1.898980000000000112e-01 -8.416130000000000555e-01 -3.660930000000000017e-01 3.970679999999999765e-01
3.000000000000000000e+00 4.600000000000000000e+01 3.500000000000000000e+01 0.000000000000000000e+00 1.600000000000000089e+00 -3.734799999999999925e-02 -1.795100000000000029e-01 -9.830470000000000041e-01 3.524849999999999928e-01 -9.228699999999999681e-01 1.551299999999999901e-01 -9.350720000000000143e-01 -3.407149999999999901e-01 9.774199999999999555e-02
3.000000000000000000e+00 9.500000000000000000e+01 3.600000000000000000e+01 0.000000000000000000e+00 1.600000000000000089e+00 3.591000000000000008e-03 2.392199999999999882e-02 9.997070000000000123e-01 9.977129999999999610e-01 6.739399999999999558e-02 -5.196000000000000098e-03 -6.749900000000000344e-02 9.974399999999999933e-01 -2.362600000000000117e-02
9.000000000000000000e+00 9.500000000000000000e+01 3.600000000000000000e+01 0.000000000000000000e+00 1.600000000000000089e+00 9.724000000000000005e-03 6.139999999999999625e-03 9.999339999999999895e-01 9.970020000000000548e-01 7.670499999999999541e-02 -1.016599999999999969e-02 -7.676199999999999690e-02 9.970350000000000046e-01 -5.375999999999999703e-03
2.500000000000000000e+01 9.500000000000000000e+01 3.600000000000000000e+01 0.000000000000000000e+00 1.600000000000000089e+00 -1.392900000000000041e-02 -4.213800000000000184e-02 9.990149999999999864e-01 9.973999999999999533e-01 7.006600000000000328e-02 1.686199999999999852e-02 -7.070799999999999308e-02 9.966519999999999824e-01 4.105299999999999921e-02
2.800000000000000000e+01 9.500000000000000000e+01 3.600000000000000000e+01 0.000000000000000000e+00 1.600000000000000089e+00 -2.694099999999999967e-02 -1.184169999999999945e-01 9.925979999999999803e-01 9.966840000000000144e-01 7.308599999999999819e-02 3.577099999999999724e-02 -7.678100000000000203e-02 9.902710000000000123e-01 1.160550000000000054e-01
5.000000000000000000e+00 2.900000000000000000e+01 4.400000000000000000e+01 0.000000000000000000e+00 1.600000000000000089e+00 -3.190999999999999826e-03 -5.099999999999999960e-05 -9.999949999999999672e-01 6.569899999999999629e-01 7.538970000000000393e-01 -2.135000000000000179e-03 7.538930000000000353e-01 -6.569930000000000492e-01 -2.371999999999999977e-03
1.000000000000000000e+01 2.900000000000000000e+01 4.400000000000000000e+01 0.000000000000000000e+00 1.600000000000000089e+00 6.130000000000000466e-04 2.233000000000000176e-03 -9.999970000000000248e-01 6.594700000000000006e-01 7.517279999999999518e-01 2.083000000000000216e-03 7.517300000000000093e-01 -6.594700000000000006e-01 -1.012000000000000096e-03
1.400000000000000000e+01 2.900000000000000000e+01 4.400000000000000000e+01 0.000000000000000000e+00 1.600000000000000089e+00 6.599999999999999964e-04 5.400000000000000069e-04 -1.000000000000000000e+00 6.576180000000000359e-01 7.533509999999999929e-01 8.400000000000000348e-04 7.533509999999999929e-01 -6.576189999999999536e-01 1.420000000000000092e-04
1.800000000000000000e+01 2.900000000000000000e+01 4.400000000000000000e+01 0.000000000000000000e+00 1.600000000000000089e+00 1.299999999999999920e-05 -1.677000000000000105e-03 -9.999989999999999712e-01 6.610070000000000112e-01 7.503790000000000182e-01 -1.250000000000000026e-03 7.503800000000000470e-01 -6.610059999999999825e-01 1.118000000000000070e-03
2.500000000000000000e+01 2.900000000000000000e+01 4.400000000000000000e+01 0.000000000000000000e+00 1.600000000000000089e+00 -8.130000000000000291e-04 1.284999999999999901e-03 -9.999989999999999712e-01 6.552799999999999736e-01 7.553860000000000019e-01 4.380000000000000213e-04 7.553849999999999731e-01 -6.552789999999999448e-01 -1.456000000000000046e-03
1.100000000000000000e+01 6.000000000000000000e+01 4.600000000000000000e+01 0.000000000000000000e+00 1.600000000000000089e+00 -4.266710000000000225e-01 -2.650049999999999906e-01 8.647110000000000074e-01 2.092799999999999938e-01 9.012280000000000291e-01 3.794600000000000195e-01 -8.798599999999999755e-01 3.428709999999999813e-01 -3.290669999999999984e-01
2.200000000000000000e+01 6.500000000000000000e+01 4.600000000000000000e+01 0.000000000000000000e+00 1.600000000000000089e+00 1.754700000000000010e-02 1.601319999999999966e-01 9.869400000000000395e-01 6.483179999999999499e-01 -7.532799999999999496e-01 1.106940000000000007e-01 7.611670000000000380e-01 6.379080000000000306e-01 -1.170350000000000001e-01
2.300000000000000000e+01 4.900000000000000000e+01 5.000000000000000000e+01 0.000000000000000000e+00 1.600000000000000089e+00 4.082930000000000170e-01 9.237399999999999778e-02 9.081650000000000000e-01 -8.106959999999999722e-01 -4.206119999999999859e-01 4.072560000000000069e-01 4.196050000000000058e-01 -9.025260000000000504e-01 -9.684600000000000153e-02
3.000000000000000000e+00 5.000000000000000000e+00 5.100000000000000000e+01 0.000000000000000000e+00 1.600000000000000089e+00 -2.239999999999999966e-04 4.823000000000000030e-03 -9.999879999999999880e-01 4.822839999999999905e-01 -8.760040000000000049e-01 -4.333000000000000046e-03 -8.760149999999999881e-01 -4.822790000000000132e-01 -2.129999999999999949e-03
7.000000000000000000e+00 5.000000000000000000e+00 5.100000000000000000e+01 0.000000000000000000e+00 1.600000000000000089e+00 -1.922000000000000097e-03 -4.115999999999999867e-03 -9.999900000000000455e-01 4.846929999999999850e-01 -8.746800000000000130e-01 2.668999999999999932e-03 -8.746819999999999595e-01 -4.846829999999999750e-01 3.676000000000000014e-03
1.400000000000000000e+01 5.000000000000000000e+00 5.100000000000000000e+01 0.000000000000000000e+00 1.600000000000000089e+00 3.684000000000000209e-03 3.272999999999999868e-03 -9.999879999999999880e-01 4.891730000000000245e-01 -8.721860000000000168e-01 -1.052999999999999900e-03 -8.721790000000000376e-01 -4.891630000000000145e-01 -4.813999999999999703e-03
1.800000000000000000e+01 5.000000000000000000e+00 5.100000000000000000e+01 0.000000000000000000e+00 1.600000000000000089e+00 2.592999999999999819e-03 6.408999999999999767e-03 -9.999759999999999760e-01 4.853669999999999929e-01 -8.742999999999999661e-01 -4.344999999999999904e-03 -8.743069999999999453e-01 -4.853439999999999976e-01 -5.376999999999999835e-03
2.100000000000000000e+01 5.000000000000000000e+00 5.100000000000000000e+01 0.000000000000000000e+00 1.600000000000000089e+00 -5.291999999999999829e-03 -1.497999999999999983e-03 -9.999850000000000128e-01 4.887670000000000070e-01 -8.724140000000000228e-01 -1.280000000000000105e-03 -8.723980000000000068e-01 -4.887659999999999783e-01 5.348999999999999588e-03
2.600000000000000000e+01 5.100000000000000000e+01 5.100000000000000000e+01 0.000000000000000000e+00 1.600000000000000089e+00 4.187710000000000043e-01 7.063500000000000334e-02 9.053409999999999513e-01 -7.940310000000000423e-01 -4.552620000000000000e-01 4.028039999999999954e-01 4.406189999999999829e-01 -8.875509999999999788e-01 -1.345639999999999892e-01
9.000000000000000000e+00 1.150000000000000000e+02 5.100000000000000000e+01 0.000000000000000000e+00 1.600000000000000089e+00 1.981000000000000122e-03 8.440000000000000236e-04 9.999980000000000535e-01 8.473330000000000028e-01 -5.310610000000000053e-01 -1.231000000000000106e-03 5.310580000000000300e-01 8.473330000000000028e-01 -1.766999999999999908e-03
2.800000000000000000e+01 1.150000000000000000e+02 5.100000000000000000e+01 0.000000000000000000e+00 1.600000000000000089e+00 -1.605000000000000090e-03 1.747399999999999995e-02 9.998460000000000125e-01 8.447299999999999809e-01 -5.350859999999999506e-01 1.070800000000000050e-02 5.351909999999999723e-01 8.446169999999999511e-01 -1.390199999999999943e-02
9.000000000000000000e+00 7.000000000000000000e+00 5.200000000000000000e+01 0.000000000000000000e+00 1.600000000000000089e+00 -1.490000000000000005e-03 -5.067999999999999589e-03 -9.999860000000000415e-01 9.939499999999999724e-02 -9.950360000000000316e-01 4.895000000000000046e-03 -9.950470000000000148e-01 -9.938600000000000212e-02 1.985999999999999918e-03
2.900000000000000000e+01 7.000000000000000000e+00 5.200000000000000000e+01 0.000000000000000000e+00 1.600000000000000089e+00 4.240000000000000062e-04 -1.098700000000000024e-02 -9.999400000000000510e-01 1.099409999999999971e-01 -9.938780000000000392e-01 1.096699999999999932e-02 -9.939379999999999882e-01 -1.099389999999999951e-01 7.870000000000000476e-04
2.300000000000000000e+01 5.000000000000000000e+01 5.200000000000000000e+01 0.000000000000000000e+00 1.600000000000000089e+00 4.348350000000000271e-01 8.921999999999999376e-02 8.960789999999999589e-01 -8.013069999999999915e-01 -4.156980000000000119e-01 4.302349999999999786e-01 4.108840000000000270e-01 -9.051160000000000316e-01 -1.092670000000000030e-01
2.500000000000000000e+01 5.100000000000000000e+01 5.200000000000000000e+01 0.000000000000000000e+00 1.600000000000000089e+00 4.303810000000000136e-01 -4.806999999999999641e-03 9.026349999999999651e-01 -7.997009999999999952e-01 -4.658039999999999958e-01 3.788199999999999901e-01 4.186300000000000021e-01 -8.848749999999999671e-01 -2.043179999999999996e-01
3.000000000000000000e+00 6.200000000000000000e+01 5.300000000000000000e+01 0.000000000000000000e+00 1.600000000000000089e+00 -5.067699999999999982e-02 -1.405859999999999888e-01 -9.887709999999999555e-01 6.815510000000000179e-01 7.188059999999999450e-01 -1.371330000000000049e-01 7.300140000000000517e-01 -6.808469999999999800e-01 5.938899999999999735e-02
2.000000000000000000e+01 2.500000000000000000e+01 5.500000000000000000e+01 0.000000000000000000e+00 1.600000000000000089e+00 -2.099000000000000171e-03 -2.790000000000000054e-04 -9.999980000000000535e-01 -1.369300000000000031e-02 -9.999059999999999615e-01 3.069999999999999812e-04 -9.999040000000000150e-01 1.369300000000000031e-02 2.095000000000000074e-03
2.600000000000000000e+01 2.500000000000000000e+01 5.500000000000000000e+01 0.000000000000000000e+00 1.600000000000000089e+00 -3.629999999999999872e-04 8.260000000000000198e-04 -1.000000000000000000e+00 -1.028199999999999947e-02 -9.999470000000000303e-01 -8.229999999999999469e-04 -9.999470000000000303e-01 1.028199999999999947e-02 3.710000000000000190e-04
2.200000000000000000e+01 6.000000000000000000e+01 5.500000000000000000e+01 0.000000000000000000e+00 1.600000000000000089e+00 -4.556899999999999840e-02 -9.213799999999999768e-02 9.947030000000000038e-01 -3.076800000000000021e-02 9.953940000000000010e-01 9.079299999999999871e-02 -9.984870000000000134e-01 -2.646799999999999847e-02 -4.819400000000000073e-02
2.600000000000000000e+01 6.000000000000000000e+01 5.500000000000000000e+01 0.000000000000000000e+00 1.600000000000000089e+00 -2.046999999999999861e-02 -8.921700000000000463e-02 9.958019999999999650e-01 7.315699999999999981e-02 9.932069999999999510e-01 9.048799999999999899e-02 -9.971100000000000518e-01 7.470300000000000551e-02 -1.380400000000000030e-02
2.200000000000000000e+01 5.100000000000000000e+01 5.600000000000000000e+01 0.000000000000000000e+00 1.600000000000000089e+00 4.191059999999999786e-01 -1.610229999999999995e-01 8.935440000000000049e-01 -8.833720000000000461e-01 -2.996969999999999912e-01 3.603270000000000084e-01 2.097719999999999863e-01 -9.403470000000000439e-01 -2.678490000000000038e-01
8.000000000000000000e+00 6.800000000000000000e+01 5.700000000000000000e+01 0.000000000000000000e+00 1.600000000000000089e+00 -4.905999999999999771e-03 9.740000000000000394e-03 -9.999409999999999688e-01 -2.357839999999999936e-01 -9.717700000000000227e-01 -8.309000000000000413e-03 -9.717930000000000179e-01 2.357289999999999941e-01 7.063999999999999967e-03
2.900000000000000000e+01 6.800000000000000000e+01 5.700000000000000000e+01 0.000000000000000000e+00 1.600000000000000089e+00 -4.191000000000000281e-03 -6.919999999999999936e-03 -9.999670000000000503e-01 -2.475340000000000040e-01 -9.688480000000000425e-01 7.741999999999999750e-03 -9.688700000000000090e-01 2.475580000000000003e-01 2.347999999999999827e-03
2.000000000000000000e+00 2.100000000000000000e+01 6.000000000000000000e+01 0.000000000000000000e+00 1.600000000000000089e+00 7.140000000000000079e-04 2.504999999999999848e-03 9.999970000000000248e-01 -9.713700000000000112e-02 9.952680000000000415e-01 -2.422999999999999807e-03 -9.952710000000000168e-01 -9.713499999999999912e-02 9.539999999999999869e-04
1.000000000000000000e+01 2.100000000000000000e+01 6.000000000000000000e+01 0.000000000000000000e+00 1.600000000000000089e+00 -8.379999999999999862e-04 8.004000000000000697e-03 9.999679999999999680e-01 -9.614799999999999736e-02 9.953349999999999698e-01 -8.047000000000000333e-03 -9.953670000000000018e-01 -9.615100000000000036e-02 -6.499999999999999431e-05
1.500000000000000000e+01 2.100000000000000000e+01 6.000000000000000000e+01 0.000000000000000000e+00 1.600000000000000089e+00 -5.180000000000000143e-04 -1.027499999999999941e-02 9.999470000000000303e-01 -9.779100000000000292e-02 9.951550000000000118e-01 1.017599999999999928e-02 -9.952069999999999528e-01 -9.778000000000000580e-02 -1.521000000000000000e-03
2.300000000000000000e+01 2.100000000000000000e+01 6.000000000000000000e+01 0.000000000000000000e+00 1.600000000000000089e+00 -5.869999999999999567e-04 4.591999999999999728e-03 9.999890000000000168e-01 -9.721299999999999386e-02 9.952530000000000543e-01 -4.628000000000000169e-03 -9.952630000000000088e-01 -9.721499999999999586e-02 -1.379999999999999933e-04
2.800000000000000000e+01 2.100000000000000000e+01 6.000000000000000000e+01 0.000000000000000000e+00 1.600000000000000089e+00 -2.970000000000000092e-04 -3.100000000000000135e-05 1.000000000000000000e+00 -9.571999999999999953e-02 9.954079999999999595e-01 3.000000000000000076e-06 -9.954079999999999595e-01 -9.571999999999999953e-02 -2.979999999999999793e-04
2.400000000000000000e+01 3.000000000000000000e+00 6.300000000000000000e+01 0.000000000000000000e+00 1.600000000000000089e+00 3.899999999999999929e-05 -2.373000000000000109e-03 9.999970000000000248e-01 -6.171560000000000379e-01 7.868389999999999551e-01 1.891000000000000103e-03 -7.868410000000000126e-01 -6.171539999999999804e-01 -1.433999999999999945e-03
2.000000000000000000e+00 2.700000000000000000e+01 6.300000000000000000e+01 0.000000000000000000e+00 1.600000000000000089e+00 1.307999999999999918e-03 -3.831000000000000204e-03 9.999919999999999920e-01 -2.779010000000000091e-01 9.606010000000000382e-01 4.043999999999999852e-03 -9.606090000000000462e-01 -2.779039999999999844e-01 1.920000000000000049e-04
7.000000000000000000e+00 2.700000000000000000e+01 6.300000000000000000e+01 0.000000000000000000e+00 1.600000000000000089e+00 1.400999999999999902e-03 -4.355000000000000364e-03 9.999900000000000455e-01 -2.788340000000000263e-01 9.603279999999999594e-01 4.572999999999999808e-03 -9.603380000000000249e-01 -2.788370000000000015e-01 1.310000000000000129e-04
1.200000000000000000e+01 2.700000000000000000e+01 6.300000000000000000e+01 0.000000000000000000e+00 1.600000000000000089e+00 -4.730000000000000046e-04 -1.456999999999999962e-03 9.999989999999999712e-01 -2.710400000000000031e-01 9.625669999999999504e-01 1.273999999999999959e-03 -9.625679999999999792e-01 -2.710389999999999744e-01 -8.499999999999999526e-04
1.800000000000000000e+01 2.700000000000000000e+01 6.300000000000000000e+01 0.000000000000000000e+00 1.600000000000000089e+00 7.240000000000000342e-04 -2.442999999999999859e-03 9.999970000000000248e-01 -2.656930000000000125e-01 9.640539999999999665e-01 2.547999999999999918e-03 -9.640570000000000528e-01 -2.656939999999999857e-01 4.899999999999999842e-05
2.300000000000000000e+01 2.700000000000000000e+01 6.300000000000000000e+01 0.000000000000000000e+00 1.600000000000000089e+00 3.970000000000000005e-04 7.544999999999999624e-03 9.999710000000000543e-01 -2.677910000000000013e-01 9.634500000000000286e-01 -7.163000000000000096e-03 -9.634770000000000278e-01 -2.677809999999999913e-01 2.403000000000000188e-03
2.900000000000000000e+01 2.700000000000000000e+01 6.300000000000000000e+01 0.000000000000000000e+00 1.600000000000000089e+00 -3.890000000000000228e-04 3.546999999999999806e-03 9.999940000000000495e-01 -2.699730000000000185e-01 9.628609999999999669e-01 -3.520000000000000125e-03 -9.628679999999999461e-01 -2.699730000000000185e-01 5.829999999999999679e-04
3.000000000000000000e+00 2.600000000000000000e+01 6.400000000000000000e+01 0.000000000000000000e+00 1.600000000000000089e+00 2.033999999999999784e-03 -2.952999999999999896e-03 9.999940000000000495e-01 -3.639629999999999810e-01 9.314069999999999849e-01 3.490000000000000047e-03 -9.314109999999999889e-01 -3.639680000000000137e-01 8.199999999999999824e-04
7.000000000000000000e+00 2.600000000000000000e+01 6.400000000000000000e+01 0.000000000000000000e+00 1.600000000000000089e+00 1.897999999999999948e-03 -4.519999999999999712e-03 9.999879999999999880e-01 -3.641480000000000272e-01 9.313280000000000447e-01 4.899999999999999842e-03 -9.313390000000000279e-01 -3.641530000000000045e-01 1.219999999999999974e-04
1.500000000000000000e+01 2.600000000000000000e+01 6.400000000000000000e+01 0.000000000000000000e+00 1.600000000000000089e+00 -4.629999999999999784e-04 -4.433999999999999574e-03 9.999900000000000455e-01 -3.462480000000000002e-01 9.381340000000000234e-01 3.998999999999999951e-03 -9.381429999999999492e-01 -3.462430000000000230e-01 -1.968999999999999830e-03
2.100000000000000000e+01 2.600000000000000000e+01 6.400000000000000000e+01 0.000000000000000000e+00 1.600000000000000089e+00 5.349999999999999938e-04 4.341000000000000240e-03 9.999900000000000455e-01 -3.464900000000000202e-01 9.380460000000000464e-01 -3.886999999999999830e-03 -9.380530000000000257e-01 -3.464849999999999874e-01 2.005999999999999971e-03
2.500000000000000000e+01 2.600000000000000000e+01 6.400000000000000000e+01 0.000000000000000000e+00 1.600000000000000089e+00 -6.499999999999999431e-05 6.773999999999999640e-03 9.999770000000000048e-01 -3.515320000000000111e-01 9.361540000000000417e-01 -6.364999999999999998e-03 -9.361760000000000081e-01 -3.515240000000000031e-01 2.320000000000000014e-03
2.900000000000000000e+01 2.600000000000000000e+01 6.400000000000000000e+01 0.000000000000000000e+00 1.600000000000000089e+00 -1.164000000000000104e-03 3.916000000000000210e-03 9.999919999999999920e-01 -3.527589999999999892e-01 9.357050000000000090e-01 -4.074999999999999629e-03 -9.357140000000000457e-01 -3.527609999999999912e-01 2.919999999999999961e-04
1.500000000000000000e+01 5.400000000000000000e+01 6.400000000000000000e+01 0.000000000000000000e+00 1.600000000000000089e+00 3.939559999999999729e-01 -7.670299999999999341e-02 -9.159230000000000427e-01 -7.829429999999999445e-01 4.939850000000000074e-01 -3.781269999999999909e-01 4.814550000000000218e-01 8.660809999999999897e-01 1.345550000000000079e-01
2.000000000000000000e+01 5.000000000000000000e+01 6.500000000000000000e+01 0.000000000000000000e+00 1.600000000000000089e+00 -1.770670000000000022e-01 -2.647260000000000169e-01 -9.479279999999999928e-01 3.031909999999999883e-01 9.016349999999999643e-01 -3.084319999999999840e-01 9.363350000000000284e-01 -3.420159999999999867e-01 -7.938699999999999923e-02
1.300000000000000000e+01 5.300000000000000000e+01 6.500000000000000000e+01 0.000000000000000000e+00 1.600000000000000089e+00 4.624630000000000130e-01 -1.084180000000000005e-01 -8.799850000000000172e-01 -7.664349999999999774e-01 4.501009999999999733e-01 -4.582430000000000114e-01 4.457639999999999936e-01 8.863720000000000487e-01 1.250600000000000045e-01
3.000000000000000000e+00 2.500000000000000000e+01 7.300000000000000000e+01 0.000000000000000000e+00 1.600000000000000089e+00 -3.190000000000000019e-04 -3.184999999999999897e-03 9.999949999999999672e-01 7.470099999999999518e-01 -6.648100000000000120e-01 -1.879000000000000028e-03 6.648119999999999585e-01 7.470059999999999478e-01 2.590999999999999987e-03
1.200000000000000000e+01 2.500000000000000000e+01 7.300000000000000000e+01 0.000000000000000000e+00 1.600000000000000089e+00 -9.810000000000001011e-04 -1.410400000000000022e-02 9.999000000000000110e-01 7.446989999999999998e-01 -6.673440000000000483e-01 -8.682999999999999746e-03 6.673989999999999645e-01 7.446159999999999446e-01 1.115799999999999952e-02
2.900000000000000000e+01 2.500000000000000000e+01 7.300000000000000000e+01 0.000000000000000000e+00 1.600000000000000089e+00 5.374999999999999570e-03 8.852999999999999758e-03 9.999460000000000015e-01 7.433760000000000367e-01 -6.688709999999999933e-01 1.925999999999999978e-03 6.688520000000000021e-01 7.433260000000000423e-01 -1.017599999999999928e-02
7.000000000000000000e+00 4.400000000000000000e+01 7.300000000000000000e+01 0.000000000000000000e+00 1.600000000000000089e+00 2.135199999999999945e-02 1.352019999999999889e-01 9.905880000000000241e-01 3.217199999999999921e-02 -9.903939999999999966e-01 1.344819999999999904e-01 9.992539999999999756e-01 2.899799999999999947e-02 -2.549699999999999883e-02
1.500000000000000000e+01 4.400000000000000000e+01 7.300000000000000000e+01 0.000000000000000000e+00 1.600000000000000089e+00 1.925999999999999978e-03 1.366000000000000027e-03 9.999970000000000248e-01 5.319499999999999923e-02 -9.985829999999999984e-01 1.262000000000000101e-03 9.985819999999999697e-01 5.319299999999999723e-02 -1.995999999999999944e-03
2.100000000000000000e+01 4.400000000000000000e+01 7.300000000000000000e+01 0.000000000000000000e+00 1.600000000000000089e+00 -3.319999999999999926e-04 -6.916000000000000272e-03 9.999759999999999760e-01 5.064599999999999658e-02 -9.986930000000000529e-01 -6.890000000000000291e-03 9.987169999999999659e-01 5.064300000000000052e-02 6.819999999999999890e-04
