2.000000000000000000e+01 2.500000000000000000e+01 1.000000000000000000e+00 0.000000000000000000e+00 1.600000000000000089e+00 1.810999999999999893e-03 4.912999999999999833e-03 -9.999860000000000415e-01 -5.301059999999999661e-01 -8.479160000000000030e-01 -5.126000000000000348e-03 -8.479299999999999615e-01 5.301080000000000236e-01 1.069000000000000072e-03
2.700000000000000000e+01 2.500000000000000000e+01 1.000000000000000000e+00 0.000000000000000000e+00 1.600000000000000089e+00 2.887999999999999942e-03 -6.560999999999999992e-03 -9.999740000000000295e-01 -5.346549999999999914e-01 -8.450609999999999511e-01 4.001000000000000216e-03 -8.450659999999999838e-01 5.346290000000000209e-01 -5.948000000000000162e-03
1.000000000000000000e+01 1.500000000000000000e+01 4.000000000000000000e+00 0.000000000000000000e+00 1.600000000000000089e+00 2.664000000000000135e-03 1.310500000000000033e-02 9.999109999999999943e-01 2.946730000000000183e-01 -9.555259999999999865e-01 1.173800000000000017e-02 9.555940000000000545e-01 2.946150000000000158e-01 -6.407000000000000368e-03
1.800000000000000000e+01 1.500000000000000000e+01 4.000000000000000000e+00 0.000000000000000000e+00 1.600000000000000089e+00 1.730999999999999900e-03 2.348999999999999960e-03 9.999959999999999960e-01 3.013040000000000163e-01 -9.535270000000000135e-01 1.719000000000000042e-03 9.535259999999999847e-01 3.013000000000000123e-01 -2.357999999999999853e-03
6.000000000000000000e+00 1.600000000000000000e+01 4.000000000000000000e+00 0.000000000000000000e+00 1.600000000000000089e+00 -2.590000000000000071e-04 9.912000000000000671e-03 9.999510000000000343e-01 3.711130000000000262e-01 -9.285409999999999497e-01 9.299999999999999239e-03 9.285870000000000513e-01 3.710979999999999834e-01 -3.438000000000000084e-03
4.000000000000000000e+00 1.010000000000000000e+02 7.000000000000000000e+00 0.000000000000000000e+00 1.600000000000000089e+00 -9.590000000000000000e-04 1.050500000000000045e-02 9.999440000000000550e-01 8.832959999999999701e-01 4.687970000000000192e-01 -4.078000000000000028e-03 -4.688140000000000085e-01 8.832430000000000003e-01 -9.728000000000000536e-03
9.000000000000000000e+00 1.010000000000000000e+02 7.000000000000000000e+00 0.000000000000000000e+00 1.600000000000000089e+00 2.716000000000000098e-03 -1.886000000000000090e-03 9.999949999999999672e-01 8.830829999999999513e-01 4.692149999999999932e-01 -1.513999999999999938e-03 -4.692089999999999872e-01 8.830820000000000336e-01 2.939999999999999905e-03
1.900000000000000000e+01 1.010000000000000000e+02 7.000000000000000000e+00 0.000000000000000000e+00 1.600000000000000089e+00 -5.100000000000000366e-04 -9.065999999999999406e-03 9.999590000000000423e-01 8.876190000000000468e-01 4.605549999999999922e-01 4.628000000000000169e-03 -4.605779999999999874e-01 8.875849999999999573e-01 7.812000000000000367e-03
2.300000000000000000e+01 1.010000000000000000e+02 7.000000000000000000e+00 0.000000000000000000e+00 1.600000000000000089e+00 -2.618000000000000101e-03 -2.086999999999999880e-03 9.999940000000000495e-01 8.888380000000000170e-01 4.582109999999999794e-01 3.284000000000000027e-03 -4.582149999999999834e-01 8.888409999999999922e-01 6.549999999999999833e-04
1.300000000000000000e+01 1.500000000000000000e+01 8.000000000000000000e+00 0.000000000000000000e+00 1.600000000000000089e+00 8.310000000000000329e-04 1.101300000000000022e-02 -9.999390000000000223e-01 -5.920020000000000282e-01 -8.058819999999999872e-01 -9.367999999999999591e-03 -8.059359999999999857e-01 5.919740000000000002e-01 5.851000000000000298e-03
1.000000000000000000e+01 2.400000000000000000e+01 9.000000000000000000e+00 0.000000000000000000e+00 1.600000000000000089e+00 -8.800000000000000313e-04 -5.569000000000000165e-03 -9.999839999999999840e-01 4.538329999999999864e-01 8.910709999999999464e-01 -5.361999999999999579e-03 8.910860000000000447e-01 -4.538300000000000112e-01 1.742999999999999975e-03
1.600000000000000000e+01 2.400000000000000000e+01 9.000000000000000000e+00 0.000000000000000000e+00 1.600000000000000089e+00 -1.757000000000000098e-03 -8.330999999999999864e-03 -9.999639999999999640e-01 4.546200000000000241e-01 8.906479999999999952e-01 -8.219000000000000611e-03 8.906840000000000312e-01 -4.546180000000000221e-01 2.222000000000000017e-03
2.200000000000000000e+01 2.400000000000000000e+01 9.000000000000000000e+00 0.000000000000000000e+00 1.600000000000000089e+00 -2.239999999999999804e-03 -9.284999999999999851e-03 -9.999540000000000095e-01 4.556479999999999975e-01 8.901109999999999856e-01 -9.286000000000000851e-03 8.901569999999999760e-01 -4.556479999999999975e-01 2.236000000000000140e-03
2.000000000000000000e+00 3.100000000000000000e+01 1.200000000000000000e+01 0.000000000000000000e+00 1.600000000000000089e+00 7.649999999999999465e-04 -2.350000000000000092e-03 9.999970000000000248e-01 1.574000000000000095e-03 9.999959999999999960e-01 2.348999999999999960e-03 -9.999980000000000535e-01 1.572000000000000047e-03 7.690000000000000438e-04
1.600000000000000000e+01 3.100000000000000000e+01 1.200000000000000000e+01 0.000000000000000000e+00 1.600000000000000089e+00 3.829999999999999854e-04 -4.186999999999999750e-03 9.999909999999999632e-01 7.936000000000000346e-03 9.999599999999999600e-01 4.184000000000000219e-03 -9.999679999999999680e-01 7.934000000000000080e-03 4.159999999999999744e-04
2.300000000000000000e+01 3.100000000000000000e+01 1.200000000000000000e+01 0.000000000000000000e+00 1.600000000000000089e+00 1.090000000000000040e-03 -4.190000000000000148e-03 9.999909999999999632e-01 4.680000000000000132e-03 9.999799999999999800e-01 4.185000000000000352e-03 -9.999879999999999880e-01 4.675000000000000336e-03 1.108999999999999960e-03
2.900000000000000000e+01 3.100000000000000000e+01 1.200000000000000000e+01 0.000000000000000000e+00 1.600000000000000089e+00 -5.850000000000000165e-04 -5.355000000000000385e-03 9.999860000000000415e-01 3.262000000000000142e-03 9.999799999999999800e-01 5.356999999999999783e-03 -9.999949999999999672e-01 3.265000000000000107e-03 -5.680000000000000370e-04
1.100000000000000000e+01 3.200000000000000000e+01 1.400000000000000000e+01 0.000000000000000000e+00 1.600000000000000089e+00 7.309999999999999875e-04 2.910000000000000260e-04 -1.000000000000000000e+00 1.009700000000000042e-01 9.948890000000000233e-01 3.629999999999999872e-04 9.948890000000000233e-01 -1.009700000000000042e-01 6.980000000000000527e-04
3.000000000000000000e+00 1.200000000000000000e+01 1.500000000000000000e+01 0.000000000000000000e+00 1.600000000000000089e+00 6.213999999999999906e-03 2.835999999999999979e-03 -9.999770000000000048e-01 -4.686989999999999768e-01 -8.833410000000000428e-01 -5.418000000000000073e-03 -8.833360000000000101e-01 4.687220000000000275e-01 -4.159999999999999636e-03
8.000000000000000000e+00 1.200000000000000000e+01 1.500000000000000000e+01 0.000000000000000000e+00 1.600000000000000089e+00 2.439999999999999949e-04 3.043999999999999831e-03 -9.999949999999999672e-01 -4.710360000000000102e-01 -8.821099999999999497e-01 -2.799999999999999972e-03 -8.821139999999999537e-01 4.710349999999999815e-01 1.219000000000000031e-03
1.600000000000000000e+01 1.200000000000000000e+01 1.500000000000000000e+01 0.000000000000000000e+00 1.600000000000000089e+00 -9.790000000000000525e-04 2.480000000000000108e-04 -1.000000000000000000e+00 -4.687009999999999788e-01 -8.833569999999999478e-01 2.400000000000000061e-04 -8.833560000000000301e-01 4.687009999999999788e-01 9.810000000000001011e-04
2.600000000000000000e+01 1.200000000000000000e+01 1.500000000000000000e+01 0.000000000000000000e+00 1.600000000000000089e+00 3.739999999999999835e-04 3.400000000000000244e-04 -1.000000000000000000e+00 -4.671589999999999909e-01 -8.841729999999999867e-01 -4.749999999999999990e-04 -8.841729999999999867e-01 4.671589999999999909e-01 -1.720000000000000066e-04
4.000000000000000000e+00 1.100000000000000000e+01 1.600000000000000000e+01 0.000000000000000000e+00 1.600000000000000089e+00 4.298999999999999870e-03 4.436999999999999972e-03 -9.999810000000000088e-01 -4.161650000000000071e-01 -9.092710000000000514e-01 -5.823000000000000051e-03 -9.092789999999999484e-01 4.161819999999999964e-01 -2.063000000000000164e-03
1.200000000000000000e+01 1.100000000000000000e+01 1.600000000000000000e+01 0.000000000000000000e+00 1.600000000000000089e+00 -8.599999999999999789e-04 -2.358999999999999986e-03 -9.999970000000000248e-01 -4.166830000000000256e-01 -9.090479999999999672e-01 2.501999999999999884e-03 -9.090510000000000534e-01 4.166839999999999988e-01 -2.010000000000000068e-04
1.500000000000000000e+01 1.100000000000000000e+01 1.600000000000000000e+01 0.000000000000000000e+00 1.600000000000000089e+00 -1.036999999999999944e-03 -5.879999999999999810e-04 -9.999989999999999712e-01 -4.169820000000000193e-01 -9.089139999999999997e-01 9.669999999999999776e-04 -9.089139999999999997e-01 4.169829999999999925e-01 6.970000000000000284e-04
1.900000000000000000e+01 1.100000000000000000e+01 1.600000000000000000e+01 0.000000000000000000e+00 1.600000000000000089e+00 -1.093000000000000005e-03 3.722000000000000048e-03 -9.999919999999999920e-01 -4.185479999999999756e-01 -9.081900000000000528e-01 -2.922999999999999817e-03 -9.081939999999999458e-01 4.185420000000000251e-01 2.550999999999999882e-03
3.000000000000000000e+00 1.160000000000000000e+02 1.600000000000000000e+01 0.000000000000000000e+00 1.600000000000000089e+00 -1.897999999999999948e-03 1.907000000000000058e-03 9.999959999999999960e-01 7.278750000000000497e-01 6.857100000000000417e-01 7.399999999999999623e-05 -6.857069999999999554e-01 7.278729999999999922e-01 -2.688999999999999984e-03
1.700000000000000000e+01 1.160000000000000000e+02 1.600000000000000000e+01 0.000000000000000000e+00 1.600000000000000089e+00 1.559999999999999972e-03 1.887999999999999921e-03 9.999970000000000248e-01 6.942939999999999667e-01 7.196879999999999944e-01 -2.442000000000000160e-03 -7.196900000000000519e-01 6.942949999999999955e-01 -1.879999999999999890e-04
4.000000000000000000e+00 2.000000000000000000e+00 1.900000000000000000e+01 0.000000000000000000e+00 1.600000000000000089e+00 2.269999999999999882e-03 5.209000000000000088e-03 -9.999839999999999840e-01 1.903289999999999982e-01 -9.817090000000000538e-01 -4.681000000000000265e-03 -9.817179999999999795e-01 -1.903150000000000119e-01 -3.220000000000000206e-03
8.000000000000000000e+00 2.000000000000000000e+00 1.900000000000000000e+01 0.000000000000000000e+00 1.600000000000000089e+00 1.971999999999999795e-03 -1.624999999999999925e-03 -9.999970000000000248e-01 1.894220000000000070e-01 -9.818940000000000445e-01 1.968999999999999830e-03 -9.818940000000000445e-01 -1.894250000000000100e-01 -1.628000000000000107e-03
1.200000000000000000e+01 2.000000000000000000e+00 1.900000000000000000e+01 0.000000000000000000e+00 1.600000000000000089e+00 -1.946000000000000030e-03 9.160000000000000390e-04 -9.999980000000000535e-01 1.862439999999999929e-01 -9.825030000000000152e-01 -1.262000000000000101e-03 -9.825019999999999865e-01 -1.862459999999999949e-01 1.742000000000000059e-03
1.600000000000000000e+01 2.000000000000000000e+00 1.900000000000000000e+01 0.000000000000000000e+00 1.600000000000000089e+00 -3.798999999999999860e-03 7.979999999999999897e-04 -9.999919999999999920e-01 1.835330000000000017e-01 -9.830119999999999969e-01 -1.482000000000000027e-03 -9.830060000000000464e-01 -1.835370000000000057e-01 3.588000000000000043e-03
2.100000000000000000e+01 2.000000000000000000e+00 1.900000000000000000e+01 0.000000000000000000e+00 1.600000000000000089e+00 3.939999999999999817e-04 -7.576000000000000269e-03 -9.999710000000000543e-01 1.791669999999999929e-01 -9.837900000000000533e-01 7.524000000000000306e-03 -9.838189999999999991e-01 -1.791649999999999909e-01 9.690000000000000262e-04
1.000000000000000000e+01 4.000000000000000000e+00 2.000000000000000000e+01 0.000000000000000000e+00 1.600000000000000089e+00 2.162999999999999992e-03 1.620000000000000075e-04 -9.999980000000000535e-01 2.841549999999999909e-01 -9.587780000000000191e-01 4.600000000000000139e-04 -9.587759999999999616e-01 -2.841549999999999909e-01 -2.119999999999999923e-03
1.600000000000000000e+01 4.000000000000000000e+00 2.000000000000000000e+01 0.000000000000000000e+00 1.600000000000000089e+00 -5.786999999999999610e-03 3.246999999999999886e-03 -9.999780000000000335e-01 2.758700000000000041e-01 -9.611830000000000096e-01 -4.717999999999999972e-03 -9.611779999999999768e-01 -2.758909999999999973e-01 4.667000000000000141e-03
2.000000000000000000e+01 4.000000000000000000e+00 2.000000000000000000e+01 0.000000000000000000e+00 1.600000000000000089e+00 -2.272000000000000148e-03 -9.372000000000000122e-03 -9.999529999999999808e-01 2.809940000000000215e-01 -9.596729999999999983e-01 8.356000000000000580e-03 -9.597069999999999768e-01 -2.809619999999999895e-01 4.813999999999999703e-03
5.000000000000000000e+00 1.300000000000000000e+01 2.000000000000000000e+01 0.000000000000000000e+00 1.600000000000000089e+00 1.453000000000000081e-03 -4.904999999999999638e-03 9.999869999999999592e-01 2.549600000000000199e-01 9.669419999999999682e-01 4.372000000000000018e-03 -9.669499999999999762e-01 2.549509999999999832e-01 2.655999999999999941e-03
1.000000000000000000e+01 1.300000000000000000e+01 2.000000000000000000e+01 0.000000000000000000e+00 1.600000000000000089e+00 -1.221000000000000080e-03 1.498999999999999898e-03 9.999980000000000535e-01 2.560660000000000158e-01 9.666590000000000460e-01 -1.136000000000000074e-03 -9.666590000000000460e-01 2.560640000000000138e-01 -1.564000000000000069e-03
1.700000000000000000e+01 1.300000000000000000e+01 2.000000000000000000e+01 0.000000000000000000e+00 1.600000000000000089e+00 -4.629999999999999784e-04 -8.100000000000000375e-05 1.000000000000000000e+00 2.526720000000000077e-01 9.675519999999999676e-01 1.959999999999999937e-04 -9.675519999999999676e-01 2.526720000000000077e-01 -4.270000000000000249e-04
2.400000000000000000e+01 1.300000000000000000e+01 2.000000000000000000e+01 0.000000000000000000e+00 1.600000000000000089e+00 -4.409999999999999858e-04 -3.521999999999999957e-03 9.999940000000000495e-01 2.550140000000000184e-01 9.669309999999999850e-01 3.517999999999999860e-03 -9.669370000000000465e-01 2.550140000000000184e-01 4.719999999999999803e-04
2.900000000000000000e+01 1.300000000000000000e+01 2.000000000000000000e+01 0.000000000000000000e+00 1.600000000000000089e+00 5.299999999999999807e-04 -4.929000000000000221e-03 9.999879999999999880e-01 2.562920000000000198e-01 9.665880000000000027e-01 4.629000000000000302e-03 -9.665989999999999860e-01 2.562860000000000138e-01 1.776000000000000018e-03
9.000000000000000000e+00 1.600000000000000000e+01 2.100000000000000000e+01 0.000000000000000000e+00 1.600000000000000089e+00 -1.428999999999999932e-03 -1.714999999999999945e-03 9.999970000000000248e-01 2.977929999999999744e-01 9.546280000000000321e-01 2.063000000000000164e-03 -9.546289999999999498e-01 2.977960000000000051e-01 -8.530000000000000256e-04
1.300000000000000000e+01 1.600000000000000000e+01 2.100000000000000000e+01 0.000000000000000000e+00 1.600000000000000089e+00 -1.118999999999999986e-03 4.000000000000000083e-03 9.999909999999999632e-01 2.980240000000000111e-01 9.545519999999999561e-01 -3.484999999999999817e-03 -9.545580000000000176e-01 2.980180000000000051e-01 -2.259999999999999856e-03
1.700000000000000000e+01 1.600000000000000000e+01 2.100000000000000000e+01 0.000000000000000000e+00 1.600000000000000089e+00 -5.890000000000000053e-04 2.148999999999999869e-03 9.999970000000000248e-01 2.966539999999999733e-01 9.549830000000000263e-01 -1.876999999999999979e-03 -9.549849999999999728e-01 2.966520000000000268e-01 -1.199999999999999895e-03
2.500000000000000000e+01 1.600000000000000000e+01 2.100000000000000000e+01 0.000000000000000000e+00 1.600000000000000089e+00 -3.919999999999999873e-04 -5.714000000000000329e-03 9.999839999999999840e-01 2.967409999999999770e-01 9.549419999999999575e-01 5.572999999999999829e-03 -9.549579999999999735e-01 2.967389999999999750e-01 1.320999999999999909e-03
2.900000000000000000e+01 1.600000000000000000e+01 2.100000000000000000e+01 0.000000000000000000e+00 1.600000000000000089e+00 6.970000000000000284e-04 -4.864000000000000268e-03 9.999879999999999880e-01 2.967230000000000145e-01 9.549530000000000518e-01 4.438000000000000105e-03 -9.549630000000000063e-01 2.967170000000000085e-01 2.109000000000000197e-03
8.000000000000000000e+00 3.000000000000000000e+00 2.500000000000000000e+01 0.000000000000000000e+00 1.600000000000000089e+00 -9.439999999999999607e-04 -8.630000000000000518e-04 9.999989999999999712e-01 -4.388700000000000240e-02 -9.990360000000000351e-01 -9.039999999999999642e-04 9.990360000000000351e-01 -4.388800000000000340e-02 9.049999999999999885e-04
1.200000000000000000e+01 3.000000000000000000e+00 2.500000000000000000e+01 0.000000000000000000e+00 1.600000000000000089e+00 -3.481000000000000153e-03 1.299999999999999940e-03 9.999930000000000208e-01 -3.786099999999999882e-02 -9.992820000000000036e-01 1.167000000000000069e-03 9.992769999999999708e-01 -3.785600000000000076e-02 3.527999999999999886e-03
1.900000000000000000e+01 3.000000000000000000e+00 2.500000000000000000e+01 0.000000000000000000e+00 1.600000000000000089e+00 2.272000000000000148e-03 3.191999999999999959e-03 9.999919999999999920e-01 -3.919500000000000067e-02 -9.992259999999999476e-01 3.278000000000000098e-03 9.992290000000000338e-01 -3.920200000000000073e-02 -2.145000000000000205e-03
2.900000000000000000e+01 3.000000000000000000e+00 2.500000000000000000e+01 0.000000000000000000e+00 1.600000000000000089e+00 -9.652000000000000857e-03 7.249999999999999500e-04 9.999529999999999808e-01 -3.125700000000000006e-02 -9.995110000000000383e-01 4.229999999999999819e-04 9.994650000000000478e-01 -3.125100000000000100e-02 9.669999999999999776e-03
7.000000000000000000e+00 4.600000000000000000e+01 2.700000000000000000e+01 0.000000000000000000e+00 1.600000000000000089e+00 2.557999999999999944e-03 2.582000000000000094e-03 -9.999930000000000208e-01 6.597439999999999971e-01 7.514819999999999833e-01 3.628000000000000148e-03 7.514859999999999873e-01 -6.597490000000000299e-01 2.190000000000000106e-04
1.800000000000000000e+01 4.600000000000000000e+01 2.700000000000000000e+01 0.000000000000000000e+00 1.600000000000000089e+00 2.113999999999999994e-03 1.815999999999999906e-03 -9.999959999999999960e-01 6.629270000000000440e-01 7.486789999999999834e-01 2.760999999999999999e-03 7.486810000000000409e-01 -6.629300000000000193e-01 3.789999999999999966e-04
2.600000000000000000e+01 4.600000000000000000e+01 2.700000000000000000e+01 0.000000000000000000e+00 1.600000000000000089e+00 -2.201999999999999964e-03 -3.141999999999999828e-03 -9.999930000000000208e-01 6.600070000000000103e-01 7.512499999999999734e-01 -3.814000000000000116e-03 7.512560000000000349e-01 -6.600110000000000143e-01 4.200000000000000174e-04
1.000000000000000000e+00 5.800000000000000000e+01 3.100000000000000000e+01 0.000000000000000000e+00 1.600000000000000089e+00 -1.255999999999999955e-03 -2.201999999999999964e-03 9.999970000000000248e-01 -7.944470000000000143e-01 -6.073290000000000077e-01 -2.334999999999999836e-03 6.073319999999999830e-01 -7.944470000000000143e-01 -9.870000000000000301e-04
1.100000000000000000e+01 5.800000000000000000e+01 3.100000000000000000e+01 0.000000000000000000e+00 1.600000000000000089e+00 -2.098000000000000038e-03 3.645999999999999935e-03 9.999909999999999632e-01 -7.949450000000000127e-01 -6.066810000000000258e-01 5.439999999999999957e-04 6.066780000000000506e-01 -7.949370000000000047e-01 4.172000000000000361e-03
1.700000000000000000e+01 5.800000000000000000e+01 3.100000000000000000e+01 0.000000000000000000e+00 1.600000000000000089e+00 7.820000000000000345e-04 3.609999999999999928e-04 1.000000000000000000e+00 -7.947560000000000180e-01 -6.069280000000000230e-01 8.400000000000000348e-04 6.069280000000000230e-01 -7.947570000000000467e-01 -1.879999999999999890e-04
2.100000000000000000e+01 5.800000000000000000e+01 3.100000000000000000e+01 0.000000000000000000e+00 1.600000000000000089e+00 1.479999999999999979e-03 5.119999999999999768e-04 9.999989999999999712e-01 -7.951820000000000555e-01 -6.063690000000000468e-01 1.487999999999999956e-03 6.063690000000000468e-01 -7.951829999999999732e-01 -4.899999999999999842e-04
2.700000000000000000e+01 5.800000000000000000e+01 3.100000000000000000e+01 0.000000000000000000e+00 1.600000000000000089e+00 -1.930000000000000021e-04 1.036000000000000029e-03 9.999989999999999712e-01 -7.912420000000000009e-01 -6.115030000000000188e-01 4.809999999999999823e-04 6.115030000000000188e-01 -7.912409999999999721e-01 9.370000000000000074e-04
2.100000000000000000e+01 6.000000000000000000e+00 3.200000000000000000e+01 0.000000000000000000e+00 1.600000000000000089e+00 -2.199000000000000000e-03 -6.059000000000000150e-03 -9.999789999999999512e-01 1.379019999999999968e-01 9.904260000000000286e-01 -6.304999999999999841e-03 9.904429999999999623e-01 -1.379130000000000078e-01 -1.343000000000000010e-03
2.600000000000000000e+01 6.000000000000000000e+00 3.200000000000000000e+01 0.000000000000000000e+00 1.600000000000000089e+00 -3.893999999999999892e-03 -4.287000000000000012e-03 -9.999829999999999552e-01 1.394749999999999879e-01 9.902140000000000386e-01 -4.787999999999999722e-03 9.902180000000000426e-01 -1.394920000000000049e-01 -3.258000000000000045e-03
2.000000000000000000e+00 4.600000000000000000e+01 3.500000000000000000e+01 0.000000000000000000e+00 1.600000000000000089e+00 5.779999999999999548e-04 1.873000000000000099e-03 -9.999980000000000535e-01 3.836089999999999778e-01 -9.234940000000000371e-01 -1.507000000000000093e-03 -9.234949999999999548e-01 -3.836080000000000045e-01 -1.252000000000000075e-03
6.000000000000000000e+00 4.600000000000000000e+01 3.500000000000000000e+01 0.000000000000000000e+00 1.600000000000000089e+00 -1.359999999999999989e-04 -9.299999999999999727e-05 -1.000000000000000000e+00 3.842720000000000025e-01 -9.232200000000000406e-01 3.399999999999999973e-05 -9.232200000000000406e-01 -3.842720000000000025e-01 1.610000000000000103e-04
1.200000000000000000e+01 4.600000000000000000e+01 3.500000000000000000e+01 0.000000000000000000e+00 1.600000000000000089e+00 1.013000000000000012e-03 -2.480000000000000108e-04 -9.999989999999999712e-01 3.843440000000000190e-01 -9.231899999999999551e-01 6.179999999999999513e-04 -9.231890000000000374e-01 -3.843449999999999922e-01 -8.400000000000000348e-04
1.700000000000000000e+01 4.600000000000000000e+01 3.500000000000000000e+01 0.000000000000000000e+00 1.600000000000000089e+00 -1.310000000000000129e-04 -1.789999999999999870e-04 -1.000000000000000000e+00 3.846229999999999927e-01 -9.230739999999999501e-01 1.150000000000000035e-04 -9.230739999999999501e-01 -3.846229999999999927e-01 1.890000000000000133e-04
2.500000000000000000e+01 4.600000000000000000e+01 3.500000000000000000e+01 0.000000000000000000e+00 1.600000000000000089e+00 -1.182000000000000108e-03 4.769999999999999934e-04 -9.999989999999999712e-01 3.821249999999999925e-01 -9.241099999999999870e-01 -8.930000000000000221e-04 -9.241099999999999870e-01 -3.821260000000000212e-01 9.100000000000000016e-04
1.000000000000000000e+00 9.500000000000000000e+01 3.600000000000000000e+01 0.000000000000000000e+00 1.600000000000000089e+00 -2.864999999999999925e-03 1.974300000000000013e-02 9.998010000000000508e-01 9.974070000000000435e-01 7.195100000000000107e-02 1.438000000000000042e-03 -7.190799999999999970e-02 9.972130000000000161e-01 -1.989799999999999902e-02
4.000000000000000000e+00 9.500000000000000000e+01 3.600000000000000000e+01 0.000000000000000000e+00 1.600000000000000089e+00 -3.066000000000000149e-03 1.631099999999999911e-02 9.998620000000000285e-01 9.972560000000000313e-01 7.400600000000000234e-02 1.850999999999999998e-03 -7.396600000000000397e-02 9.971240000000000103e-01 -1.649300000000000072e-02
9.000000000000000000e+00 9.500000000000000000e+01 3.600000000000000000e+01 0.000000000000000000e+00 1.600000000000000089e+00 1.092100000000000015e-02 1.655999999999999833e-02 9.998029999999999973e-01 9.966679999999999984e-01 8.064699999999999647e-02 -1.222299999999999949e-02 -8.083400000000000307e-02 9.966049999999999631e-01 -1.562400000000000073e-02
1.400000000000000000e+01 9.500000000000000000e+01 3.600000000000000000e+01 0.000000000000000000e+00 1.600000000000000089e+00 1.034099999999999950e-02 5.180999999999999842e-03 9.999329999999999607e-01 9.965159999999999574e-01 8.270399999999999974e-02 -1.073400000000000049e-02 -8.275399999999999423e-02 9.965610000000000301e-01 -4.307000000000000065e-03
1.900000000000000000e+01 9.500000000000000000e+01 3.600000000000000000e+01 0.000000000000000000e+00 1.600000000000000089e+00 2.671000000000000197e-03 1.896799999999999875e-02 9.998169999999999558e-01 9.966599999999999904e-01 8.155199999999999949e-02 -4.209000000000000068e-03 -8.161699999999999511e-02 9.964889999999999581e-01 -1.868699999999999875e-02
2.500000000000000000e+01 9.500000000000000000e+01 3.600000000000000000e+01 0.000000000000000000e+00 1.600000000000000089e+00 -2.811000000000000131e-03 -1.503299999999999949e-02 9.998829999999999663e-01 9.961309999999999887e-01 8.778199999999999892e-02 4.120999999999999663e-03 -8.783299999999999441e-02 9.960259999999999669e-01 1.472799999999999977e-02
7.000000000000000000e+00 3.000000000000000000e+00 4.300000000000000000e+01 0.000000000000000000e+00 1.600000000000000089e+00 4.374000000000000284e-03 2.718299999999999883e-02 -9.996209999999999818e-01 7.404939999999999856e-01 -6.718950000000000200e-01 -1.503099999999999922e-02 -6.720490000000000075e-01 -7.401469999999999994e-01 -2.306800000000000170e-02
1.500000000000000000e+01 3.000000000000000000e+00 4.300000000000000000e+01 0.000000000000000000e+00 1.600000000000000089e+00 -4.194999999999999944e-03 -4.240399999999999725e-02 -9.990919999999999801e-01 7.389219999999999677e-01 -6.733090000000000463e-01 2.547400000000000012e-02 -6.737779999999999880e-01 -7.381440000000000223e-01 3.415800000000000086e-02
2.200000000000000000e+01 3.000000000000000000e+00 4.300000000000000000e+01 0.000000000000000000e+00 1.600000000000000089e+00 -7.505999999999999651e-03 -5.755400000000000099e-02 -9.983140000000000347e-01 7.438730000000000064e-01 -6.675109999999999655e-01 3.289000000000000257e-02 -6.682789999999999564e-01 -7.423720000000000319e-01 4.782299999999999746e-02
2.700000000000000000e+01 3.000000000000000000e+00 4.300000000000000000e+01 0.000000000000000000e+00 1.600000000000000089e+00 -6.875000000000000035e-03 -3.194700000000000317e-02 -9.994659999999999656e-01 7.461969999999999992e-01 -6.655290000000000372e-01 1.614000000000000157e-02 -6.656900000000000039e-01 -7.456880000000000175e-01 2.841499999999999929e-02
7.000000000000000000e+00 8.000000000000000000e+00 4.400000000000000000e+01 0.000000000000000000e+00 1.600000000000000089e+00 2.418000000000000010e-03 1.575800000000000117e-02 9.998730000000000118e-01 -7.826670000000000016e-01 -6.223309999999999675e-01 1.170099999999999960e-02 6.224359999999999893e-01 -7.825959999999999583e-01 1.082900000000000008e-02
6.000000000000000000e+00 2.900000000000000000e+01 4.400000000000000000e+01 0.000000000000000000e+00 1.600000000000000089e+00 -2.866000000000000058e-03 3.779999999999999940e-03 -9.999890000000000168e-01 6.711070000000000091e-01 7.413600000000000190e-01 8.790000000000000070e-04 7.413549999999999862e-01 -6.710970000000000546e-01 -4.662000000000000345e-03
1.400000000000000000e+01 2.900000000000000000e+01 4.400000000000000000e+01 0.000000000000000000e+00 1.600000000000000089e+00 -5.969999999999999829e-04 2.683000000000000055e-03 -9.999959999999999960e-01 6.612590000000000412e-01 7.501560000000000450e-01 1.616999999999999948e-03 7.501569999999999627e-01 -6.612559999999999549e-01 -2.222000000000000017e-03
1.900000000000000000e+01 2.900000000000000000e+01 4.400000000000000000e+01 0.000000000000000000e+00 1.600000000000000089e+00 9.129999999999999661e-04 2.469999999999999973e-03 -9.999970000000000248e-01 6.561860000000000470e-01 7.545950000000000157e-01 2.462999999999999912e-03 7.545979999999999910e-01 -6.561860000000000470e-01 -9.319999999999999942e-04
2.400000000000000000e+01 2.900000000000000000e+01 4.400000000000000000e+01 0.000000000000000000e+00 1.600000000000000089e+00 1.402999999999999950e-03 -2.030000000000000120e-03 -9.999970000000000248e-01 6.548129999999999784e-01 7.557909999999999906e-01 -6.149999999999999868e-04 7.557899999999999618e-01 -6.548100000000000032e-01 2.390000000000000197e-03
2.700000000000000000e+01 2.900000000000000000e+01 4.400000000000000000e+01 0.000000000000000000e+00 1.600000000000000089e+00 1.214000000000000018e-03 -3.667999999999999820e-03 -9.999919999999999920e-01 6.546560000000000157e-01 7.559240000000000403e-01 -1.978000000000000157e-03 7.559259999999999868e-01 -6.546490000000000364e-01 3.320000000000000034e-03
8.000000000000000000e+00 5.400000000000000000e+01 4.600000000000000000e+01 0.000000000000000000e+00 1.600000000000000089e+00 9.600000000000000243e-04 -8.387999999999999623e-03 9.999639999999999640e-01 3.076200000000000045e-01 -9.514730000000000132e-01 -8.276999999999999635e-03 9.515090000000000492e-01 3.076169999999999738e-01 1.667000000000000079e-03
1.800000000000000000e+01 5.400000000000000000e+01 4.600000000000000000e+01 0.000000000000000000e+00 1.600000000000000089e+00 5.410000000000000312e-04 -9.591999999999999832e-03 9.999540000000000095e-01 3.175060000000000104e-01 -9.482110000000000261e-01 -9.266999999999999196e-03 9.482559999999999878e-01 3.174960000000000004e-01 2.531999999999999963e-03
2.000000000000000000e+00 6.300000000000000000e+01 5.400000000000000000e+01 0.000000000000000000e+00 1.600000000000000089e+00 5.010000000000000347e-04 2.472999999999999938e-03 9.999970000000000248e-01 -3.636280000000000068e-01 9.315419999999999812e-01 -2.122000000000000188e-03 -9.315440000000000387e-01 -3.636260000000000048e-01 1.366000000000000027e-03
6.000000000000000000e+00 6.300000000000000000e+01 5.400000000000000000e+01 0.000000000000000000e+00 1.600000000000000089e+00 -1.320000000000000101e-04 2.278000000000000077e-03 9.999970000000000248e-01 -3.637509999999999910e-01 9.314940000000000442e-01 -2.170000000000000054e-03 -9.314959999999999907e-01 -3.637500000000000178e-01 7.060000000000000303e-04
1.100000000000000000e+01 6.300000000000000000e+01 5.400000000000000000e+01 0.000000000000000000e+00 1.600000000000000089e+00 -1.877999999999999895e-03 1.936000000000000004e-03 9.999959999999999960e-01 -3.530010000000000092e-01 9.356200000000000072e-01 -2.474000000000000071e-03 -9.356210000000000360e-01 -3.530039999999999845e-01 -1.074000000000000085e-03
1.500000000000000000e+01 6.300000000000000000e+01 5.400000000000000000e+01 0.000000000000000000e+00 1.600000000000000089e+00 1.800000000000000113e-04 4.318999999999999923e-03 9.999909999999999632e-01 -3.486620000000000275e-01 9.372399999999999620e-01 -3.984999999999999827e-03 -9.372489999999999988e-01 -3.486580000000000235e-01 1.675000000000000057e-03
1.900000000000000000e+01 6.300000000000000000e+01 5.400000000000000000e+01 0.000000000000000000e+00 1.600000000000000089e+00 -2.130000000000000003e-04 4.749999999999999990e-04 1.000000000000000000e+00 -3.477180000000000271e-01 9.375989999999999602e-01 -5.190000000000000386e-04 -9.375989999999999602e-01 -3.477180000000000271e-01 -3.499999999999999693e-05
3.000000000000000000e+01 6.300000000000000000e+01 5.400000000000000000e+01 0.000000000000000000e+00 1.600000000000000089e+00 3.321000000000000167e-03 -3.770000000000000022e-04 9.999940000000000495e-01 -3.563549999999999773e-01 9.343489999999999851e-01 1.534999999999999906e-03 -9.343449999999999811e-01 -3.563580000000000081e-01 2.968000000000000152e-03
3.000000000000000000e+00 2.500000000000000000e+01 5.500000000000000000e+01 0.000000000000000000e+00 1.600000000000000089e+00 -2.500000000000000120e-05 -8.899999999999999491e-04 -1.000000000000000000e+00 -1.119299999999999982e-02 -9.999369999999999647e-01 8.909999999999999734e-04 -9.999369999999999647e-01 1.119299999999999982e-02 1.500000000000000038e-05
7.000000000000000000e+00 2.500000000000000000e+01 5.500000000000000000e+01 0.000000000000000000e+00 1.600000000000000089e+00 5.300000000000000078e-05 -5.399999999999999798e-05 -1.000000000000000000e+00 -1.032500000000000084e-02 -9.999470000000000303e-01 5.300000000000000078e-05 -9.999470000000000303e-01 1.032500000000000084e-02 -5.399999999999999798e-05
1.000000000000000000e+01 2.500000000000000000e+01 5.500000000000000000e+01 0.000000000000000000e+00 1.600000000000000089e+00 -7.499999999999999343e-05 -1.781999999999999947e-03 -9.999980000000000535e-01 -1.025099999999999970e-02 -9.999460000000000015e-01 1.783000000000000080e-03 -9.999470000000000303e-01 1.025099999999999970e-02 5.700000000000000314e-05
1.800000000000000000e+01 2.500000000000000000e+01 5.500000000000000000e+01 0.000000000000000000e+00 1.600000000000000089e+00 4.569999999999999952e-04 -1.510000000000000112e-04 -1.000000000000000000e+00 -1.076200000000000073e-02 -9.999419999999999975e-01 1.469999999999999953e-04 -9.999419999999999975e-01 1.076200000000000073e-02 -4.589999999999999896e-04
2.400000000000000000e+01 2.500000000000000000e+01 5.500000000000000000e+01 0.000000000000000000e+00 1.600000000000000089e+00 1.046000000000000055e-03 -2.115000000000000126e-03 -9.999970000000000248e-01 -1.215699999999999940e-02 -9.999240000000000350e-01 2.102000000000000136e-03 -9.999259999999999815e-01 1.215499999999999914e-02 -1.072000000000000036e-03
2.800000000000000000e+01 2.500000000000000000e+01 5.500000000000000000e+01 0.000000000000000000e+00 1.600000000000000089e+00 8.589999999999999546e-04 1.229999999999999974e-03 -9.999989999999999712e-01 -1.344399999999999935e-02 -9.999090000000000478e-01 -1.240999999999999916e-03 -9.999090000000000478e-01 1.344500000000000035e-02 -8.419999999999999750e-04
8.000000000000000000e+00 6.800000000000000000e+01 5.700000000000000000e+01 0.000000000000000000e+00 1.600000000000000089e+00 1.327999999999999970e-03 2.719000000000000063e-03 -9.999949999999999672e-01 -2.458950000000000025e-01 -9.692920000000000424e-01 -2.961999999999999789e-03 -9.692960000000000464e-01 2.458980000000000055e-01 -6.179999999999999513e-04
2.000000000000000000e+00 2.100000000000000000e+01 6.000000000000000000e+01 0.000000000000000000e+00 1.600000000000000089e+00 -1.657000000000000053e-03 9.714999999999999677e-03 9.999510000000000343e-01 -9.389000000000000123e-02 9.955340000000000300e-01 -9.827999999999999931e-03 -9.955810000000000493e-01 -9.390199999999999936e-02 -7.370000000000000249e-04
1.000000000000000000e+01 2.100000000000000000e+01 6.000000000000000000e+01 0.000000000000000000e+00 1.600000000000000089e+00 -9.699999999999999963e-05 8.403000000000000747e-03 9.999649999999999928e-01 -9.549599999999999755e-02 9.953950000000000298e-01 -8.373999999999999500e-03 -9.954300000000000370e-01 -9.549399999999999555e-02 7.050000000000000060e-04
1.400000000000000000e+01 2.100000000000000000e+01 6.000000000000000000e+01 0.000000000000000000e+00 1.600000000000000089e+00 -8.159999999999999936e-04 2.359999999999999902e-04 1.000000000000000000e+00 -9.449699999999999767e-02 9.955249999999999932e-01 -3.119999999999999944e-04 -9.955249999999999932e-01 -9.449799999999999867e-02 -7.900000000000000121e-04
2.300000000000000000e+01 2.100000000000000000e+01 6.000000000000000000e+01 0.000000000000000000e+00 1.600000000000000089e+00 -9.049999999999999885e-04 -1.240000000000000000e-03 9.999989999999999712e-01 -9.671599999999999642e-02 9.953109999999999458e-01 1.146000000000000100e-03 -9.953119999999999745e-01 -9.671499999999999542e-02 -1.020999999999999989e-03
2.700000000000000000e+01 2.100000000000000000e+01 6.000000000000000000e+01 0.000000000000000000e+00 1.600000000000000089e+00 -2.716999999999999797e-03 -5.990999999999999798e-03 9.999780000000000335e-01 -9.721100000000000574e-02 9.952469999999999928e-01 5.697999999999999940e-03 -9.952600000000000335e-01 -9.719400000000000261e-02 -3.285999999999999859e-03
2.300000000000000000e+01 6.000000000000000000e+00 6.100000000000000000e+01 0.000000000000000000e+00 1.600000000000000089e+00 6.402999999999999838e-03 2.994999999999999832e-03 9.999749999999999472e-01 5.771319999999999784e-01 -8.166499999999999870e-01 -1.250000000000000026e-03 8.166259999999999630e-01 5.771260000000000279e-01 -6.956999999999999643e-03
1.400000000000000000e+01 3.000000000000000000e+00 6.300000000000000000e+01 0.000000000000000000e+00 1.600000000000000089e+00 -6.229999999999999644e-04 -3.359999999999999814e-04 1.000000000000000000e+00 -6.142320000000000002e-01 7.891249999999999654e-01 -1.169999999999999979e-04 -7.891249999999999654e-01 -6.142320000000000002e-01 -6.980000000000000527e-04
1.900000000000000000e+01 3.000000000000000000e+00 6.300000000000000000e+01 0.000000000000000000e+00 1.600000000000000089e+00 -1.012000000000000096e-03 1.136999999999999990e-03 9.999989999999999712e-01 -6.156409999999999938e-01 7.880249999999999755e-01 -1.518999999999999951e-03 -7.880260000000000042e-01 -6.156420000000000226e-01 -9.699999999999999963e-05
5.000000000000000000e+00 2.700000000000000000e+01 6.300000000000000000e+01 0.000000000000000000e+00 1.600000000000000089e+00 -2.410000000000000033e-04 -1.183000000000000024e-03 9.999989999999999712e-01 -2.768510000000000137e-01 9.609119999999999884e-01 1.070999999999999903e-03 -9.609130000000000171e-01 -2.768510000000000137e-01 -5.590000000000000351e-04
9.000000000000000000e+00 2.700000000000000000e+01 6.300000000000000000e+01 0.000000000000000000e+00 1.600000000000000089e+00 7.489999999999999913e-04 2.631999999999999791e-03 9.999959999999999960e-01 -2.800090000000000079e-01 9.599950000000000427e-01 -2.317000000000000049e-03 -9.599969999999999892e-01 -2.800059999999999771e-01 1.456000000000000046e-03
1.500000000000000000e+01 2.700000000000000000e+01 6.300000000000000000e+01 0.000000000000000000e+00 1.600000000000000089e+00 1.263000000000000017e-03 2.286999999999999970e-03 9.999970000000000248e-01 -2.815739999999999910e-01 9.595380000000000020e-01 -1.838999999999999923e-03 -9.595390000000000308e-01 -2.815699999999999870e-01 1.855000000000000095e-03
1.900000000000000000e+01 2.700000000000000000e+01 6.300000000000000000e+01 0.000000000000000000e+00 1.600000000000000089e+00 -2.339999999999999958e-04 3.419999999999999863e-03 9.999940000000000495e-01 -2.780929999999999791e-01 9.605479999999999574e-01 -3.350000000000000113e-03 -9.605540000000000189e-01 -2.780920000000000059e-01 7.259999999999999743e-04
2.300000000000000000e+01 2.700000000000000000e+01 6.300000000000000000e+01 0.000000000000000000e+00 1.600000000000000089e+00 -2.403000000000000188e-03 -3.520000000000000125e-03 9.999909999999999632e-01 -2.785440000000000138e-01 9.604200000000000514e-01 2.710999999999999868e-03 -9.604200000000000514e-01 -2.785349999999999770e-01 -3.288999999999999823e-03
2.800000000000000000e+01 2.700000000000000000e+01 6.300000000000000000e+01 0.000000000000000000e+00 1.600000000000000089e+00 -1.154000000000000078e-03 -3.625000000000000184e-03 9.999930000000000208e-01 -2.766219999999999790e-01 9.609739999999999949e-01 3.164999999999999845e-03 -9.609779999999999989e-01 -2.766159999999999730e-01 -2.112000000000000162e-03
3.000000000000000000e+00 2.600000000000000000e+01 6.400000000000000000e+01 0.000000000000000000e+00 1.600000000000000089e+00 -1.453999999999999997e-03 -5.538999999999999653e-03 9.999839999999999840e-01 -3.619660000000000100e-01 9.321800000000000086e-01 4.636999999999999629e-03 -9.321899999999999631e-01 -3.619530000000000247e-01 -3.360999999999999838e-03
9.000000000000000000e+00 2.600000000000000000e+01 6.400000000000000000e+01 0.000000000000000000e+00 1.600000000000000089e+00 1.213000000000000102e-03 2.916000000000000189e-03 9.999949999999999672e-01 -3.647900000000000031e-01 9.310869999999999980e-01 -2.272999999999999847e-03 -9.310890000000000555e-01 -3.647850000000000259e-01 2.193000000000000071e-03
