3.000000000000000000e+00 1.500000000000000000e+01 4.000000000000000000e+00 0.000000000000000000e+00 1.600000000000000089e+00 -2.850999999999999802e-03 -1.427100000000000070e-02 9.998939999999999495e-01 2.857990000000000252e-01 -9.582030000000000269e-01 -1.286099999999999917e-02 9.582850000000000534e-01 2.857319999999999860e-01 6.811000000000000214e-03
9.000000000000000000e+00 1.500000000000000000e+01 4.000000000000000000e+00 0.000000000000000000e+00 1.600000000000000089e+00 -2.239999999999999804e-03 -3.446999999999999977e-03 9.999919999999999920e-01 2.862100000000000199e-01 -9.581629999999999869e-01 -2.661000000000000171e-03 9.581640000000000157e-01 2.862020000000000119e-01 3.132999999999999934e-03
1.200000000000000000e+01 1.500000000000000000e+01 4.000000000000000000e+00 0.000000000000000000e+00 1.600000000000000089e+00 6.120000000000000223e-04 1.005000000000000034e-03 9.999989999999999712e-01 2.891489999999999894e-01 -9.572840000000000238e-01 7.849999999999999990e-04 9.572840000000000238e-01 2.891480000000000161e-01 -8.769999999999999584e-04
2.100000000000000000e+01 1.500000000000000000e+01 4.000000000000000000e+00 0.000000000000000000e+00 1.600000000000000089e+00 1.459999999999999926e-03 -9.117999999999999369e-03 9.999569999999999848e-01 2.998890000000000167e-01 -9.539299999999999446e-01 -9.136000000000000024e-03 9.539729999999999599e-01 2.998899999999999899e-01 1.340999999999999961e-03
2.600000000000000000e+01 1.500000000000000000e+01 4.000000000000000000e+00 0.000000000000000000e+00 1.600000000000000089e+00 -1.392000000000000008e-03 -1.700199999999999975e-02 9.998540000000000205e-01 2.934149999999999814e-01 -9.558539999999999814e-01 -1.584599999999999898e-02 9.559839999999999449e-01 2.933499999999999996e-01 6.318999999999999964e-03
1.300000000000000000e+01 1.600000000000000000e+01 4.000000000000000000e+00 0.000000000000000000e+00 1.600000000000000089e+00 2.733000000000000186e-03 4.956999999999999601e-03 9.999839999999999840e-01 3.555119999999999947e-01 -9.346649999999999681e-01 3.661999999999999891e-03 9.346680000000000543e-01 3.554959999999999787e-01 -4.316000000000000392e-03
1.700000000000000000e+01 1.010000000000000000e+02 7.000000000000000000e+00 0.000000000000000000e+00 1.600000000000000089e+00 -4.388000000000000407e-03 -1.911699999999999858e-02 9.998080000000000300e-01 8.858610000000000095e-01 4.637760000000000216e-01 1.275599999999999998e-02 -4.639309999999999823e-01 8.857460000000000333e-01 1.490000000000000005e-02
2.600000000000000000e+01 1.010000000000000000e+02 7.000000000000000000e+00 0.000000000000000000e+00 1.600000000000000089e+00 1.384000000000000031e-03 1.718700000000000089e-02 9.998510000000000453e-01 8.852449999999999486e-01 4.650340000000000029e-01 -9.218999999999999764e-03 -4.651230000000000087e-01 8.851259999999999684e-01 -1.457100000000000062e-02
3.000000000000000000e+01 1.010000000000000000e+02 7.000000000000000000e+00 0.000000000000000000e+00 1.600000000000000089e+00 2.359999999999999902e-04 8.319999999999999488e-04 1.000000000000000000e+00 8.862780000000000102e-01 4.631540000000000101e-01 -5.950000000000000427e-04 -4.631540000000000101e-01 8.862769999999999815e-01 -6.269999999999999532e-04
2.000000000000000000e+00 1.500000000000000000e+01 8.000000000000000000e+00 0.000000000000000000e+00 1.600000000000000089e+00 -1.441000000000000007e-03 -1.472700000000000051e-02 -9.998909999999999743e-01 -5.816949999999999621e-01 -8.133059999999999734e-01 1.281700000000000027e-02 -8.134050000000000447e-01 5.816500000000000004e-01 -7.394999999999999664e-03
7.000000000000000000e+00 1.500000000000000000e+01 8.000000000000000000e+00 0.000000000000000000e+00 1.600000000000000089e+00 -5.910000000000000539e-04 -7.368000000000000417e-03 -9.999730000000000008e-01 -5.829349999999999810e-01 -8.124940000000000495e-01 6.330999999999999822e-03 -8.125189999999999912e-01 5.829220000000000512e-01 -3.814999999999999815e-03
1.000000000000000000e+01 1.500000000000000000e+01 8.000000000000000000e+00 0.000000000000000000e+00 1.600000000000000089e+00 -1.500000000000000031e-03 -5.411000000000000011e-03 -9.999839999999999840e-01 -5.829250000000000265e-01 -8.125090000000000368e-01 5.270999999999999644e-03 -8.125250000000000528e-01 5.829229999999999690e-01 -1.935000000000000088e-03
1.300000000000000000e+01 1.500000000000000000e+01 8.000000000000000000e+00 0.000000000000000000e+00 1.600000000000000089e+00 -3.193999999999999791e-03 -2.083999999999999915e-03 -9.999930000000000208e-01 -5.831899999999999862e-01 -8.123280000000000500e-01 3.556000000000000133e-03 -8.123289999999999678e-01 5.831969999999999654e-01 1.379000000000000017e-03
1.700000000000000000e+01 1.500000000000000000e+01 8.000000000000000000e+00 0.000000000000000000e+00 1.600000000000000089e+00 -3.628999999999999847e-03 2.007999999999999802e-03 -9.999909999999999632e-01 -5.839710000000000178e-01 -8.117739999999999956e-01 4.889999999999999599e-04 -8.117659999999999876e-01 5.839680000000000426e-01 4.118000000000000133e-03
2.800000000000000000e+01 1.500000000000000000e+01 8.000000000000000000e+00 0.000000000000000000e+00 1.600000000000000089e+00 -2.338999999999999933e-03 -1.528999999999999977e-02 -9.998799999999999910e-01 -5.876219999999999777e-01 -8.090190000000000436e-01 1.374599999999999954e-02 -8.091319999999999624e-01 5.875839999999999952e-01 -7.092000000000000214e-03
3.000000000000000000e+00 2.600000000000000000e+01 8.000000000000000000e+00 0.000000000000000000e+00 1.600000000000000089e+00 3.204999999999999950e-03 6.307000000000000106e-03 -9.999749999999999472e-01 4.087609999999999855e-01 9.126140000000000363e-01 7.066000000000000232e-03 9.126360000000000028e-01 -4.087729999999999975e-01 3.469999999999999777e-04
8.000000000000000000e+00 2.600000000000000000e+01 8.000000000000000000e+00 0.000000000000000000e+00 1.600000000000000089e+00 1.944999999999999897e-03 3.310000000000000008e-03 -9.999930000000000208e-01 4.083789999999999920e-01 9.128049999999999775e-01 3.815999999999999948e-03 9.128100000000000103e-01 -4.083829999999999960e-01 4.240000000000000062e-04
1.300000000000000000e+01 2.600000000000000000e+01 8.000000000000000000e+00 0.000000000000000000e+00 1.600000000000000089e+00 1.897000000000000032e-03 6.486999999999999711e-03 -9.999770000000000048e-01 4.071139999999999759e-01 9.133529999999999704e-01 6.697999999999999961e-03 9.133750000000000480e-01 -4.071179999999999799e-01 -9.079999999999999530e-04
2.000000000000000000e+01 2.600000000000000000e+01 8.000000000000000000e+00 0.000000000000000000e+00 1.600000000000000089e+00 1.572999999999999962e-03 4.910999999999999567e-03 -9.999869999999999592e-01 4.059360000000000190e-01 9.138870000000000049e-01 5.126000000000000348e-03 9.139000000000000457e-01 -4.059389999999999943e-01 -5.559999999999999621e-04
2.000000000000000000e+00 2.400000000000000000e+01 9.000000000000000000e+00 0.000000000000000000e+00 1.600000000000000089e+00 2.517000000000000140e-03 1.402000000000000034e-03 -9.999959999999999960e-01 4.641259999999999830e-01 8.857660000000000533e-01 2.409999999999999816e-03 8.857660000000000533e-01 -4.641299999999999870e-01 1.577999999999999976e-03
7.000000000000000000e+00 2.400000000000000000e+01 9.000000000000000000e+00 0.000000000000000000e+00 1.600000000000000089e+00 2.076999999999999853e-03 4.681000000000000265e-03 -9.999869999999999592e-01 4.632729999999999904e-01 8.862010000000000165e-01 5.111000000000000092e-03 8.862130000000000285e-01 -4.632780000000000231e-01 -3.280000000000000038e-04
1.200000000000000000e+01 2.400000000000000000e+01 9.000000000000000000e+00 0.000000000000000000e+00 1.600000000000000089e+00 1.820999999999999919e-03 9.924000000000000529e-03 -9.999489999999999768e-01 4.624329999999999830e-01 8.866020000000000012e-01 9.641000000000000264e-03 8.866519999999999957e-01 -4.624269999999999770e-01 -2.975000000000000214e-03
1.500000000000000000e+01 2.400000000000000000e+01 9.000000000000000000e+00 0.000000000000000000e+00 1.600000000000000089e+00 2.152999999999999966e-03 8.267999999999999308e-03 -9.999630000000000463e-01 4.626160000000000272e-01 8.865199999999999747e-01 8.326000000000000068e-03 8.865560000000000107e-01 -4.626170000000000004e-01 -1.915999999999999951e-03
2.100000000000000000e+01 2.400000000000000000e+01 9.000000000000000000e+00 0.000000000000000000e+00 1.600000000000000089e+00 1.691000000000000012e-03 3.076999999999999874e-03 -9.999940000000000495e-01 4.619210000000000260e-01 8.869139999999999802e-01 3.510999999999999798e-03 8.869190000000000129e-01 -4.619240000000000013e-01 7.799999999999999859e-05
1.800000000000000000e+01 4.000000000000000000e+00 1.100000000000000000e+01 0.000000000000000000e+00 1.600000000000000089e+00 1.172000000000000082e-03 2.112999999999999948e-02 -9.997759999999999980e-01 2.247170000000000001e-01 9.742009999999999836e-01 2.085300000000000001e-02 9.744230000000000391e-01 -2.246910000000000018e-01 -3.606999999999999963e-03
2.200000000000000000e+01 4.000000000000000000e+00 1.100000000000000000e+01 0.000000000000000000e+00 1.600000000000000089e+00 1.015000000000000060e-03 6.858000000000000380e-03 -9.999759999999999760e-01 2.214800000000000102e-01 9.751400000000000068e-01 6.912999999999999874e-03 9.751640000000000308e-01 -2.214810000000000112e-01 -5.289999999999999564e-04
2.500000000000000000e+01 4.000000000000000000e+00 1.100000000000000000e+01 0.000000000000000000e+00 1.600000000000000089e+00 3.400000000000000244e-04 -1.381000000000000066e-03 -9.999989999999999712e-01 2.192099999999999882e-01 9.756770000000000165e-01 -1.273000000000000043e-03 9.756780000000000452e-01 -2.192089999999999872e-01 6.350000000000000392e-04
2.400000000000000000e+01 3.100000000000000000e+01 1.200000000000000000e+01 0.000000000000000000e+00 1.600000000000000089e+00 -9.349999999999999587e-04 8.829999999999999958e-04 9.999989999999999712e-01 -2.065300000000000122e-02 9.997859999999999525e-01 -9.020000000000000240e-04 -9.997859999999999525e-01 -2.065399999999999875e-02 -9.169999999999999549e-04
4.000000000000000000e+00 3.500000000000000000e+01 1.200000000000000000e+01 0.000000000000000000e+00 1.600000000000000089e+00 -1.214000000000000018e-03 4.301000000000000136e-03 -9.999900000000000455e-01 4.671680000000000277e-01 -8.841579999999999995e-01 -4.369999999999999753e-03 -8.841679999999999540e-01 -4.671690000000000009e-01 -9.359999999999999831e-04
2.000000000000000000e+01 3.200000000000000000e+01 1.400000000000000000e+01 0.000000000000000000e+00 1.600000000000000089e+00 -1.183000000000000024e-03 1.002000000000000069e-03 -9.999989999999999712e-01 1.106749999999999956e-01 9.938559999999999617e-01 8.649999999999999920e-04 9.938559999999999617e-01 -1.106739999999999946e-01 -1.286999999999999950e-03
5.000000000000000000e+00 1.200000000000000000e+01 1.500000000000000000e+01 0.000000000000000000e+00 1.600000000000000089e+00 -1.358999999999999965e-03 -2.380000000000000171e-03 -9.999959999999999960e-01 -4.698979999999999824e-01 -8.827159999999999451e-01 2.739999999999999814e-03 -8.827190000000000314e-01 4.698999999999999844e-01 8.200000000000000095e-05
1.000000000000000000e+01 1.200000000000000000e+01 1.500000000000000000e+01 0.000000000000000000e+00 1.600000000000000089e+00 -1.299999999999999886e-04 -1.240000000000000054e-04 -1.000000000000000000e+00 -4.710050000000000070e-01 -8.821299999999999697e-01 1.700000000000000122e-04 -8.821299999999999697e-01 4.710050000000000070e-01 5.599999999999999916e-05
1.400000000000000000e+01 1.200000000000000000e+01 1.500000000000000000e+01 0.000000000000000000e+00 1.600000000000000089e+00 -1.108999999999999960e-03 -3.654999999999999829e-03 -9.999930000000000208e-01 -4.724920000000000231e-01 -8.813269999999999715e-01 3.745000000000000065e-03 -8.813339999999999508e-01 4.724929999999999963e-01 -7.489999999999999913e-04
2.200000000000000000e+01 1.200000000000000000e+01 1.500000000000000000e+01 0.000000000000000000e+00 1.600000000000000089e+00 -1.118999999999999986e-03 -1.150999999999999896e-03 -9.999989999999999712e-01 -4.712660000000000182e-01 -8.819900000000000517e-01 1.541999999999999968e-03 -8.819900000000000517e-01 4.712680000000000202e-01 4.449999999999999746e-04
2.800000000000000000e+01 1.200000000000000000e+01 1.500000000000000000e+01 0.000000000000000000e+00 1.600000000000000089e+00 6.120000000000000223e-04 -1.154000000000000078e-03 -9.999989999999999712e-01 -4.703609999999999736e-01 -8.824739999999999807e-01 7.309999999999999875e-04 -8.824739999999999807e-01 4.703600000000000003e-01 -1.082999999999999978e-03
4.000000000000000000e+00 1.160000000000000000e+02 1.600000000000000000e+01 0.000000000000000000e+00 1.600000000000000089e+00 -1.412999999999999977e-03 -3.382000000000000024e-03 9.999930000000000208e-01 6.691019999999999746e-01 7.431630000000000180e-01 3.458999999999999835e-03 -7.431689999999999685e-01 6.691019999999999746e-01 1.213000000000000102e-03
1.600000000000000000e+01 1.160000000000000000e+02 1.600000000000000000e+01 0.000000000000000000e+00 1.600000000000000089e+00 -1.351999999999999903e-03 -1.180000000000000059e-03 9.999980000000000535e-01 6.491019999999999568e-01 7.606990000000000141e-01 1.775000000000000102e-03 -7.607000000000000428e-01 6.491029999999999855e-01 -2.629999999999999959e-04
2.500000000000000000e+01 1.160000000000000000e+02 1.600000000000000000e+01 0.000000000000000000e+00 1.600000000000000089e+00 7.860000000000000233e-04 -4.676999999999999734e-03 9.999890000000000168e-01 6.652740000000000320e-01 7.465929999999999511e-01 2.968999999999999851e-03 -7.465990000000000126e-01 6.652639999999999665e-01 3.697999999999999898e-03
4.000000000000000000e+00 2.000000000000000000e+00 1.900000000000000000e+01 0.000000000000000000e+00 1.600000000000000089e+00 3.902000000000000086e-03 -1.586699999999999916e-02 -9.998669999999999503e-01 2.035409999999999997e-01 -9.789299999999999669e-01 1.632899999999999976e-02 -9.790590000000000126e-01 -2.035780000000000090e-01 -5.900000000000000296e-04
1.200000000000000000e+01 2.000000000000000000e+00 1.900000000000000000e+01 0.000000000000000000e+00 1.600000000000000089e+00 3.671999999999999917e-03 -7.085000000000000152e-03 -9.999679999999999680e-01 2.097729999999999873e-01 -9.777200000000000335e-01 7.697999999999999982e-03 -9.777430000000000287e-01 -2.097940000000000083e-01 -2.103999999999999967e-03
1.800000000000000000e+01 2.000000000000000000e+00 1.900000000000000000e+01 0.000000000000000000e+00 1.600000000000000089e+00 4.917999999999999629e-03 -6.209000000000000109e-03 -9.999689999999999968e-01 2.084399999999999864e-01 -9.780100000000000460e-01 7.098000000000000143e-03 -9.780229999999999757e-01 -2.084679999999999866e-01 -3.516000000000000028e-03
2.100000000000000000e+01 2.000000000000000000e+00 1.900000000000000000e+01 0.000000000000000000e+00 1.600000000000000089e+00 7.540000000000000044e-04 -5.070999999999999987e-03 -9.999869999999999592e-01 2.093019999999999881e-01 -9.778379999999999850e-01 5.117000000000000021e-03 -9.778510000000000257e-01 -2.093029999999999891e-01 3.240000000000000150e-04
1.100000000000000000e+01 4.000000000000000000e+00 2.000000000000000000e+01 0.000000000000000000e+00 1.600000000000000089e+00 8.999999999999999754e-04 -1.582999999999999989e-03 -9.999980000000000535e-01 2.921059999999999768e-01 -9.563840000000000119e-01 1.776999999999999934e-03 -9.563850000000000406e-01 -2.921070000000000055e-01 -3.980000000000000248e-04
7.000000000000000000e+00 1.300000000000000000e+01 2.000000000000000000e+01 0.000000000000000000e+00 1.600000000000000089e+00 -1.108000000000000044e-03 -2.573000000000000200e-03 9.999959999999999960e-01 2.567929999999999935e-01 9.664629999999999610e-01 2.771000000000000026e-03 -9.664660000000000473e-01 2.567949999999999955e-01 -4.099999999999999912e-04
1.200000000000000000e+01 1.300000000000000000e+01 2.000000000000000000e+01 0.000000000000000000e+00 1.600000000000000089e+00 3.399999999999999973e-05 3.240000000000000150e-04 1.000000000000000000e+00 2.573329999999999784e-01 9.663230000000000430e-01 -3.220000000000000206e-04 -9.663230000000000430e-01 2.573329999999999784e-01 -5.000000000000000240e-05
2.000000000000000000e+01 1.300000000000000000e+01 2.000000000000000000e+01 0.000000000000000000e+00 1.600000000000000089e+00 5.490000000000000088e-04 1.620000000000000075e-04 1.000000000000000000e+00 2.562869999999999870e-01 9.666010000000000435e-01 -2.979999999999999793e-04 -9.666010000000000435e-01 2.562869999999999870e-01 4.889999999999999599e-04
2.400000000000000000e+01 1.300000000000000000e+01 2.000000000000000000e+01 0.000000000000000000e+00 1.600000000000000089e+00 -1.590000000000000050e-03 -4.413000000000000256e-03 9.999890000000000168e-01 2.575660000000000172e-01 9.662490000000000245e-01 4.673000000000000070e-03 -9.662589999999999790e-01 2.575700000000000212e-01 -4.000000000000000192e-04
2.300000000000000000e+01 1.600000000000000000e+01 2.100000000000000000e+01 0.000000000000000000e+00 1.600000000000000089e+00 -8.720000000000000537e-04 -4.467999999999999750e-03 9.999900000000000455e-01 3.007659999999999778e-01 9.536869999999999514e-01 4.523000000000000111e-03 -9.536980000000000457e-01 3.007670000000000066e-01 5.130000000000000011e-04
2.800000000000000000e+01 1.600000000000000000e+01 2.100000000000000000e+01 0.000000000000000000e+00 1.600000000000000089e+00 -9.460000000000000093e-04 -5.546999999999999847e-03 9.999839999999999840e-01 3.017980000000000107e-01 9.533559999999999812e-01 5.573999999999999962e-03 -9.533719999999999972e-01 3.017980000000000107e-01 7.720000000000000083e-04
1.000000000000000000e+01 4.600000000000000000e+01 2.700000000000000000e+01 0.000000000000000000e+00 1.600000000000000089e+00 2.138999999999999842e-03 4.600000000000000004e-05 -9.999980000000000535e-01 6.598209999999999908e-01 7.514220000000000343e-01 1.446000000000000020e-03 7.514199999999999768e-01 -6.598220000000000196e-01 1.577000000000000060e-03
1.000000000000000000e+00 4.600000000000000000e+01 3.000000000000000000e+01 0.000000000000000000e+00 1.600000000000000089e+00 5.860000000000000408e-04 -2.706000000000000072e-03 -9.999959999999999960e-01 3.310850000000000182e-01 9.435980000000000478e-01 -2.358999999999999986e-03 9.436010000000000231e-01 -3.310819999999999874e-01 1.448999999999999984e-03
5.000000000000000000e+00 5.800000000000000000e+01 3.100000000000000000e+01 0.000000000000000000e+00 1.600000000000000089e+00 -2.276999999999999944e-03 -4.579999999999999870e-03 9.999869999999999592e-01 -7.664570000000000549e-01 -6.422780000000000156e-01 -4.687000000000000194e-03 6.422909999999999453e-01 -7.664579999999999727e-01 -2.047999999999999907e-03
1.200000000000000000e+01 5.800000000000000000e+01 3.100000000000000000e+01 0.000000000000000000e+00 1.600000000000000089e+00 -1.515000000000000071e-03 2.951000000000000064e-03 9.999940000000000495e-01 -7.732339999999999769e-01 -6.341200000000000170e-01 6.999999999999999929e-04 6.341189999999999882e-01 -7.732290000000000552e-01 3.242999999999999789e-03
1.600000000000000000e+01 5.800000000000000000e+01 3.100000000000000000e+01 0.000000000000000000e+00 1.600000000000000089e+00 6.271999999999999797e-03 6.729999999999999871e-03 9.999580000000000135e-01 -7.749840000000000062e-01 -6.319150000000000045e-01 9.114000000000000573e-03 6.319489999999999830e-01 -7.750089999999999479e-01 1.252999999999999991e-03
1.800000000000000000e+01 5.800000000000000000e+01 3.100000000000000000e+01 0.000000000000000000e+00 1.600000000000000089e+00 7.067000000000000365e-03 8.514999999999999999e-03 9.999390000000000223e-01 -7.746410000000000240e-01 -6.323079999999999812e-01 1.085900000000000060e-02 6.323609999999999509e-01 -7.746709999999999985e-01 2.128000000000000117e-03
2.600000000000000000e+01 5.800000000000000000e+01 3.100000000000000000e+01 0.000000000000000000e+00 1.600000000000000089e+00 -3.485999999999999949e-03 -6.400999999999999572e-03 9.999730000000000008e-01 -7.743449999999999500e-01 -6.327270000000000394e-01 -6.749999999999999924e-03 6.327540000000000386e-01 -7.743480000000000363e-01 -2.750999999999999973e-03
4.000000000000000000e+00 4.600000000000000000e+01 3.500000000000000000e+01 0.000000000000000000e+00 1.600000000000000089e+00 -8.639999999999999677e-04 3.690000000000000246e-04 -1.000000000000000000e+00 3.846970000000000112e-01 -9.230429999999999469e-01 -6.729999999999999871e-04 -9.230420000000000291e-01 -3.846970000000000112e-01 6.549999999999999833e-04
9.000000000000000000e+00 4.600000000000000000e+01 3.500000000000000000e+01 0.000000000000000000e+00 1.600000000000000089e+00 -5.100000000000000366e-04 -2.144000000000000072e-03 -9.999970000000000248e-01 3.857400000000000273e-01 -9.226060000000000372e-01 1.781999999999999947e-03 -9.226069999999999549e-01 -3.857380000000000253e-01 1.297999999999999892e-03
1.500000000000000000e+01 4.600000000000000000e+01 3.500000000000000000e+01 0.000000000000000000e+00 1.600000000000000089e+00 -5.270000000000000162e-04 1.453999999999999997e-03 -9.999989999999999712e-01 3.854330000000000256e-01 -9.227340000000000542e-01 -1.544999999999999932e-03 -9.227360000000000007e-01 -3.854330000000000256e-01 -7.399999999999999623e-05
2.200000000000000000e+01 4.600000000000000000e+01 3.500000000000000000e+01 0.000000000000000000e+00 1.600000000000000089e+00 7.389999999999999651e-04 -2.328999999999999907e-03 -9.999970000000000248e-01 3.853269999999999751e-01 -9.227769999999999584e-01 2.433999999999999966e-03 -9.227800000000000447e-01 -3.853280000000000038e-01 2.149999999999999947e-04
2.500000000000000000e+01 4.600000000000000000e+01 3.500000000000000000e+01 0.000000000000000000e+00 1.600000000000000089e+00 5.370000000000000424e-04 -2.132000000000000214e-03 -9.999980000000000535e-01 3.845750000000000002e-01 -9.230909999999999949e-01 2.174000000000000151e-03 -9.230930000000000524e-01 -3.845759999999999734e-01 3.249999999999999851e-04
2.900000000000000000e+01 4.600000000000000000e+01 3.500000000000000000e+01 0.000000000000000000e+00 1.600000000000000089e+00 -9.039999999999999642e-04 6.459999999999999814e-04 -9.999989999999999712e-01 3.840680000000000205e-01 -9.233040000000000136e-01 -9.430000000000000448e-04 -9.233040000000000136e-01 -3.840689999999999937e-01 5.860000000000000408e-04
1.200000000000000000e+01 9.500000000000000000e+01 3.600000000000000000e+01 0.000000000000000000e+00 1.600000000000000089e+00 -4.310000000000000137e-04 -1.312800000000000078e-02 9.999139999999999695e-01 9.974830000000000085e-01 7.088899999999999368e-02 1.360000000000000098e-03 -7.090100000000000569e-02 9.973980000000000068e-01 1.306399999999999922e-02
1.900000000000000000e+01 9.500000000000000000e+01 3.600000000000000000e+01 0.000000000000000000e+00 1.600000000000000089e+00 5.730000000000000501e-04 3.500600000000000239e-02 9.993870000000000253e-01 9.980839999999999712e-01 6.180499999999999883e-02 -2.736999999999999850e-03 -6.186300000000000132e-02 9.974739999999999718e-01 -3.490300000000000347e-02
2.600000000000000000e+01 9.500000000000000000e+01 3.600000000000000000e+01 0.000000000000000000e+00 1.600000000000000089e+00 -6.048000000000000424e-03 -1.945300000000000154e-02 9.997930000000000428e-01 9.973159999999999803e-01 7.283699999999999897e-02 7.450000000000000025e-03 -7.296700000000000408e-02 9.971539999999999848e-01 1.896000000000000116e-02
6.000000000000000000e+00 3.000000000000000000e+00 4.300000000000000000e+01 0.000000000000000000e+00 1.600000000000000089e+00 -2.577999999999999996e-03 -2.552199999999999955e-02 -9.996709999999999763e-01 7.358120000000000216e-01 -6.770110000000000294e-01 1.538699999999999964e-02 -6.771810000000000329e-01 -7.355300000000000171e-01 2.052400000000000058e-02
1.900000000000000000e+01 3.000000000000000000e+00 4.300000000000000000e+01 0.000000000000000000e+00 1.600000000000000089e+00 5.526999999999999795e-03 2.219600000000000045e-02 -9.997380000000000155e-01 7.413840000000000430e-01 -6.709939999999999793e-01 -1.079899999999999957e-02 -6.710580000000000434e-01 -7.411309999999999842e-01 -2.016400000000000137e-02
2.300000000000000000e+01 3.000000000000000000e+00 4.300000000000000000e+01 0.000000000000000000e+00 1.600000000000000089e+00 -8.199999999999999824e-04 1.002800000000000046e-02 -9.999489999999999768e-01 7.410390000000000033e-01 -6.714219999999999633e-01 -7.341000000000000303e-03 -6.714609999999999745e-01 -7.410080000000000000e-01 -6.879999999999999831e-03
2.800000000000000000e+01 3.000000000000000000e+00 4.300000000000000000e+01 0.000000000000000000e+00 1.600000000000000089e+00 9.460000000000000093e-04 1.610000000000000103e-03 -9.999980000000000535e-01 7.368320000000000425e-01 -6.760760000000000103e-01 -3.910000000000000172e-04 -6.760760000000000103e-01 -7.368299999999999850e-01 -1.825999999999999932e-03
1.500000000000000000e+01 8.000000000000000000e+00 4.400000000000000000e+01 0.000000000000000000e+00 1.600000000000000089e+00 -3.690999999999999837e-03 8.090000000000000403e-04 9.999930000000000208e-01 -7.777180000000000204e-01 -6.286089999999999733e-01 -2.361999999999999950e-03 6.286030000000000229e-01 -7.777209999999999956e-01 2.949999999999999931e-03
2.400000000000000000e+01 8.000000000000000000e+00 4.400000000000000000e+01 0.000000000000000000e+00 1.600000000000000089e+00 3.573999999999999920e-03 9.972999999999999227e-03 9.999440000000000550e-01 -7.792080000000000117e-01 -6.267000000000000348e-01 9.034999999999999629e-03 6.267549999999999510e-01 -7.791970000000000285e-01 5.531999999999999591e-03
2.000000000000000000e+00 2.900000000000000000e+01 4.400000000000000000e+01 0.000000000000000000e+00 1.600000000000000089e+00 3.073000000000000211e-03 2.500000000000000052e-04 -9.999949999999999672e-01 6.752029999999999976e-01 7.376289999999999791e-01 2.259000000000000157e-03 7.376260000000000039e-01 -6.752070000000000016e-01 2.098000000000000038e-03
5.000000000000000000e+00 2.900000000000000000e+01 4.400000000000000000e+01 0.000000000000000000e+00 1.600000000000000089e+00 2.321000000000000146e-03 -4.219999999999999793e-03 -9.999879999999999880e-01 6.786830000000000362e-01 7.344300000000000272e-01 -1.523999999999999964e-03 7.344279999999999697e-01 -6.786710000000000242e-01 4.568000000000000012e-03
1.100000000000000000e+01 2.900000000000000000e+01 4.400000000000000000e+01 0.000000000000000000e+00 1.600000000000000089e+00 1.605000000000000090e-03 7.529999999999999801e-04 -9.999980000000000535e-01 6.824799999999999756e-01 7.309020000000000516e-01 1.645999999999999894e-03 7.309020000000000516e-01 -6.824820000000000331e-01 6.589999999999999721e-04
1.400000000000000000e+01 2.900000000000000000e+01 4.400000000000000000e+01 0.000000000000000000e+00 1.600000000000000089e+00 2.086000000000000180e-03 2.979999999999999793e-04 -9.999980000000000535e-01 6.810329999999999995e-01 7.322509999999999852e-01 1.639000000000000049e-03 7.322490000000000387e-01 -6.810349999999999460e-01 1.325000000000000006e-03
1.900000000000000000e+01 2.900000000000000000e+01 4.400000000000000000e+01 0.000000000000000000e+00 1.600000000000000089e+00 2.121000000000000055e-03 1.378000000000000102e-03 -9.999970000000000248e-01 6.756929999999999881e-01 7.371790000000000287e-01 2.448999999999999788e-03 7.371799999999999464e-01 -6.756959999999999633e-01 6.319999999999999663e-04
2.300000000000000000e+01 2.900000000000000000e+01 4.400000000000000000e+01 0.000000000000000000e+00 1.600000000000000089e+00 -5.670000000000000127e-04 2.900000000000000017e-05 -1.000000000000000000e+00 6.699169999999999847e-01 7.424359999999999848e-01 -3.589999999999999984e-04 7.424359999999999848e-01 -6.699169999999999847e-01 -4.400000000000000157e-04
2.900000000000000000e+01 2.900000000000000000e+01 4.400000000000000000e+01 0.000000000000000000e+00 1.600000000000000089e+00 7.360000000000000006e-04 1.435999999999999993e-03 -9.999989999999999712e-01 6.729410000000000114e-01 7.396949999999999914e-01 1.557999999999999923e-03 7.396960000000000202e-01 -6.729410000000000114e-01 -4.220000000000000118e-04
8.000000000000000000e+00 7.000000000000000000e+00 5.200000000000000000e+01 0.000000000000000000e+00 1.600000000000000089e+00 -6.198000000000000384e-03 -7.660000000000000142e-03 -9.999510000000000343e-01 1.364070000000000005e-01 -9.906300000000000106e-01 6.742999999999999862e-03 -9.906340000000000146e-01 -1.363580000000000070e-01 7.185000000000000414e-03
2.000000000000000000e+01 7.000000000000000000e+00 5.200000000000000000e+01 0.000000000000000000e+00 1.600000000000000089e+00 4.722999999999999768e-03 2.831999999999999882e-03 -9.999850000000000128e-01 7.542000000000000093e-02 -9.971489999999999521e-01 -2.468000000000000142e-03 -9.971410000000000551e-01 -7.540700000000000180e-02 -4.923000000000000292e-03
6.000000000000000000e+00 6.300000000000000000e+01 5.400000000000000000e+01 0.000000000000000000e+00 1.600000000000000089e+00 -9.280000000000000054e-04 4.360000000000000269e-04 9.999989999999999712e-01 -3.544990000000000085e-01 9.350559999999999983e-01 -7.360000000000000006e-04 -9.350559999999999983e-01 -3.544999999999999818e-01 -7.140000000000000079e-04
1.400000000000000000e+01 6.300000000000000000e+01 5.400000000000000000e+01 0.000000000000000000e+00 1.600000000000000089e+00 1.402999999999999950e-03 -8.819999999999999715e-04 9.999989999999999712e-01 -3.481179999999999830e-01 9.374500000000000055e-01 1.314999999999999980e-03 -9.374500000000000055e-01 -3.481190000000000118e-01 1.008999999999999914e-03
2.300000000000000000e+01 6.300000000000000000e+01 5.400000000000000000e+01 0.000000000000000000e+00 1.600000000000000089e+00 1.696000000000000025e-03 -5.310000000000000050e-04 9.999980000000000535e-01 -3.497580000000000133e-01 9.368389999999999773e-01 1.090999999999999956e-03 -9.368389999999999773e-01 -3.497589999999999866e-01 1.402999999999999950e-03
2.800000000000000000e+01 6.300000000000000000e+01 5.400000000000000000e+01 0.000000000000000000e+00 1.600000000000000089e+00 -2.699999999999999899e-05 -1.988000000000000184e-03 9.999980000000000535e-01 -3.597389999999999755e-01 9.330509999999999637e-01 1.845000000000000069e-03 -9.330530000000000213e-01 -3.597380000000000022e-01 -7.399999999999999894e-04
2.000000000000000000e+00 2.500000000000000000e+01 5.500000000000000000e+01 0.000000000000000000e+00 1.600000000000000089e+00 9.650000000000000374e-04 5.011999999999999962e-03 -9.999869999999999592e-01 -1.426000000000000011e-02 -9.998860000000000525e-01 -5.024999999999999953e-03 -9.998979999999999535e-01 1.426400000000000064e-02 -8.930000000000000221e-04
1.300000000000000000e+01 2.500000000000000000e+01 5.500000000000000000e+01 0.000000000000000000e+00 1.600000000000000089e+00 -3.099999999999999999e-04 -3.390000000000000001e-04 -1.000000000000000000e+00 -1.114399999999999939e-02 -9.999379999999999935e-01 3.420000000000000188e-04 -9.999379999999999935e-01 1.114399999999999939e-02 3.060000000000000111e-04
1.800000000000000000e+01 2.500000000000000000e+01 5.500000000000000000e+01 0.000000000000000000e+00 1.600000000000000089e+00 -1.335000000000000032e-03 -2.108000000000000065e-03 -9.999970000000000248e-01 -1.235999999999999946e-02 -9.999209999999999487e-01 2.124000000000000020e-03 -9.999230000000000063e-01 1.236300000000000072e-02 1.309000000000000051e-03
2.100000000000000000e+01 5.800000000000000000e+01 5.900000000000000000e+01 0.000000000000000000e+00 1.600000000000000089e+00 1.840000000000000056e-03 4.421999999999999716e-03 -9.999890000000000168e-01 3.931529999999999747e-01 9.194609999999999728e-01 4.788999999999999854e-03 9.194710000000000383e-01 -3.931569999999999787e-01 -4.600000000000000004e-05
7.000000000000000000e+00 2.100000000000000000e+01 6.000000000000000000e+01 0.000000000000000000e+00 1.600000000000000089e+00 -2.620000000000000258e-04 4.067999999999999568e-03 9.999919999999999920e-01 -9.372900000000000675e-02 9.955889999999999462e-01 -4.074000000000000364e-03 -9.955979999999999830e-01 -9.372900000000000675e-02 1.200000000000000030e-04
1.300000000000000000e+01 2.100000000000000000e+01 6.000000000000000000e+01 0.000000000000000000e+00 1.600000000000000089e+00 2.089999999999999844e-03 5.246999999999999928e-03 9.999839999999999840e-01 -9.611799999999999511e-02 9.953570000000000473e-01 -5.022000000000000422e-03 -9.953680000000000305e-01 -9.610599999999999699e-02 2.585000000000000058e-03
2.500000000000000000e+01 2.100000000000000000e+01 6.000000000000000000e+01 0.000000000000000000e+00 1.600000000000000089e+00 2.719999999999999979e-04 1.606000000000000006e-03 9.999989999999999712e-01 -9.625300000000000522e-02 9.953560000000000185e-01 -1.572000000000000047e-03 -9.953570000000000473e-01 -9.625300000000000522e-02 4.249999999999999763e-04
2.900000000000000000e+01 2.100000000000000000e+01 6.000000000000000000e+01 0.000000000000000000e+00 1.600000000000000089e+00 -1.789999999999999870e-04 2.814000000000000095e-03 9.999959999999999960e-01 -9.509499999999999897e-02 9.954640000000000155e-01 -2.818000000000000192e-03 -9.954680000000000195e-01 -9.509499999999999897e-02 8.899999999999999491e-05
2.400000000000000000e+01 6.000000000000000000e+00 6.100000000000000000e+01 0.000000000000000000e+00 1.600000000000000089e+00 -6.400000000000000524e-04 9.659999999999999533e-04 9.999989999999999712e-01 5.605069999999999775e-01 -8.281490000000000240e-01 1.159000000000000091e-03 8.281490000000000240e-01 5.605080000000000062e-01 -1.200000000000000030e-05
3.000000000000000000e+01 6.000000000000000000e+00 6.100000000000000000e+01 0.000000000000000000e+00 1.600000000000000089e+00 2.982999999999999974e-03 1.923000000000000013e-03 9.999940000000000495e-01 5.590279999999999694e-01 -8.291490000000000249e-01 -7.299999999999999903e-05 8.291429999999999634e-01 5.590249999999999941e-01 -3.547999999999999939e-03
1.400000000000000000e+01 3.000000000000000000e+00 6.300000000000000000e+01 0.000000000000000000e+00 1.600000000000000089e+00 -2.949999999999999931e-03 1.721000000000000090e-03 9.999940000000000495e-01 -6.125559999999999894e-01 7.904210000000000402e-01 -3.167000000000000110e-03 -7.904219999999999580e-01 -6.125610000000000221e-01 -1.278000000000000056e-03
1.000000000000000000e+00 2.700000000000000000e+01 6.300000000000000000e+01 0.000000000000000000e+00 1.600000000000000089e+00 -1.513999999999999938e-03 5.264999999999999715e-03 9.999850000000000128e-01 -2.738639999999999963e-01 9.617529999999999690e-01 -5.479000000000000363e-03 -9.617670000000000385e-01 -2.738689999999999736e-01 -1.399999999999999979e-05
9.000000000000000000e+00 2.700000000000000000e+01 6.300000000000000000e+01 0.000000000000000000e+00 1.600000000000000089e+00 7.860000000000000233e-04 6.700000000000000226e-05 1.000000000000000000e+00 -2.808559999999999945e-01 9.597499999999999920e-01 1.559999999999999972e-04 -9.597499999999999920e-01 -2.808559999999999945e-01 7.730000000000000326e-04
1.600000000000000000e+01 2.700000000000000000e+01 6.300000000000000000e+01 0.000000000000000000e+00 1.600000000000000089e+00 -8.980000000000000352e-04 3.204999999999999950e-03 9.999949999999999672e-01 -2.794380000000000197e-01 9.601579999999999560e-01 -3.328999999999999928e-03 -9.601629999999999887e-01 -2.794400000000000217e-01 3.300000000000000253e-05
2.000000000000000000e+01 2.700000000000000000e+01 6.300000000000000000e+01 0.000000000000000000e+00 1.600000000000000089e+00 5.000000000000000409e-06 -2.321000000000000146e-03 9.999970000000000248e-01 -2.794340000000000157e-01 9.601619999999999600e-01 2.230000000000000211e-03 -9.601650000000000462e-01 -2.794340000000000157e-01 -6.440000000000000412e-04
2.700000000000000000e+01 2.700000000000000000e+01 6.300000000000000000e+01 0.000000000000000000e+00 1.600000000000000089e+00 -3.690000000000000246e-04 -9.100000000000000016e-04 9.999989999999999712e-01 -2.781649999999999956e-01 9.605329999999999702e-01 7.709999999999999840e-04 -9.605329999999999702e-01 -2.781649999999999956e-01 -6.070000000000000092e-04
3.000000000000000000e+01 2.700000000000000000e+01 6.300000000000000000e+01 0.000000000000000000e+00 1.600000000000000089e+00 1.200000000000000030e-04 -2.460000000000000164e-04 1.000000000000000000e+00 -2.778820000000000179e-01 9.606149999999999967e-01 2.689999999999999791e-04 -9.606149999999999967e-01 -2.778820000000000179e-01 4.699999999999999724e-05
7.000000000000000000e+00 2.600000000000000000e+01 6.400000000000000000e+01 0.000000000000000000e+00 1.600000000000000089e+00 -2.950000000000000148e-04 -6.660000000000000338e-04 1.000000000000000000e+00 -3.612949999999999773e-01 9.324510000000000298e-01 5.140000000000000254e-04 -9.324519999999999476e-01 -3.612949999999999773e-01 -5.150000000000000498e-04
1.000000000000000000e+01 2.600000000000000000e+01 6.400000000000000000e+01 0.000000000000000000e+00 1.600000000000000089e+00 1.838000000000000007e-03 2.260999999999999989e-03 9.999959999999999960e-01 -3.642810000000000215e-01 9.312880000000000047e-01 -1.435999999999999993e-03 -9.312869999999999759e-01 -3.642759999999999887e-01 2.534999999999999927e-03
1.500000000000000000e+01 2.600000000000000000e+01 6.400000000000000000e+01 0.000000000000000000e+00 1.600000000000000089e+00 -4.180000000000000230e-04 4.663999999999999743e-03 9.999890000000000168e-01 -3.635450000000000070e-01 9.315660000000000052e-01 -4.497000000000000129e-03 -9.315759999999999597e-01 -3.635430000000000050e-01 1.306000000000000086e-03
2.100000000000000000e+01 2.600000000000000000e+01 6.400000000000000000e+01 0.000000000000000000e+00 1.600000000000000089e+00 -8.899999999999999491e-05 -4.056999999999999842e-03 9.999919999999999920e-01 -3.630999999999999783e-01 9.317429999999999879e-01 3.748000000000000029e-03 -9.317499999999999671e-01 -3.630959999999999743e-01 -1.556000000000000091e-03
2.600000000000000000e+01 2.600000000000000000e+01 6.400000000000000000e+01 0.000000000000000000e+00 1.600000000000000089e+00 -4.290000000000000193e-04 -3.950000000000000061e-04 1.000000000000000000e+00 -3.642889999999999739e-01 9.312859999999999472e-01 2.120000000000000031e-04 -9.312859999999999472e-01 -3.642889999999999739e-01 -5.429999999999999714e-04
4.000000000000000000e+00 6.900000000000000000e+01 6.600000000000000000e+01 0.000000000000000000e+00 1.600000000000000089e+00 1.433500000000000052e-02 -9.832999999999999727e-03 9.998489999999999878e-01 -9.522570000000000201e-01 3.048440000000000039e-01 1.665099999999999913e-02 -3.049620000000000108e-01 -9.523519999999999763e-01 -4.994000000000000175e-03
1.200000000000000000e+01 6.900000000000000000e+01 6.600000000000000000e+01 0.000000000000000000e+00 1.600000000000000089e+00 5.465000000000000240e-03 -8.180000000000000422e-04 9.999850000000000128e-01 -9.532840000000000202e-01 3.020260000000000167e-01 5.457000000000000045e-03 -3.020249999999999879e-01 -9.532990000000000075e-01 8.710000000000000294e-04
1.600000000000000000e+01 3.100000000000000000e+01 7.100000000000000000e+01 0.000000000000000000e+00 1.600000000000000089e+00 5.039999999999999992e-04 4.650000000000000270e-04 -1.000000000000000000e+00 -7.107510000000000217e-01 -7.034439999999999582e-01 -6.849999999999999535e-04 -7.034439999999999582e-01 7.107510000000000217e-01 -2.400000000000000061e-05
2.000000000000000000e+01 2.500000000000000000e+01 7.300000000000000000e+01 0.000000000000000000e+00 1.600000000000000089e+00 2.445999999999999824e-03 3.196000000000000056e-03 9.999919999999999920e-01 7.431550000000000100e-01 -6.691190000000000193e-01 3.200000000000000262e-04 6.691150000000000153e-01 7.431480000000000308e-01 -4.011999999999999941e-03
3.000000000000000000e+01 2.500000000000000000e+01 7.300000000000000000e+01 0.000000000000000000e+00 1.600000000000000089e+00 1.907999999999999974e-03 4.759000000000000209e-03 9.999869999999999592e-01 7.393570000000000420e-01 -6.733109999999999928e-01 1.794000000000000022e-03 6.733109999999999928e-01 7.393440000000000012e-01 -4.802999999999999978e-03
4.000000000000000000e+00 4.400000000000000000e+01 7.300000000000000000e+01 0.000000000000000000e+00 1.600000000000000089e+00 -3.112999999999999882e-03 -2.968999999999999851e-03 9.999909999999999632e-01 4.795599999999999863e-02 -9.988460000000000116e-01 -2.815999999999999927e-03 9.988449999999999829e-01 4.794699999999999657e-02 3.252000000000000116e-03
