3.000000000000000000e+00 1.600000000000000000e+01 4.000000000000000000e+00 0.000000000000000000e+00 1.600000000000000089e+00 -2.000000000000000096e-04 -2.088000000000000012e-03 9.999980000000000535e-01 3.218369999999999842e-01 -9.467929999999999957e-01 -1.912999999999999987e-03 9.467950000000000532e-01 3.218360000000000110e-01 8.620000000000000275e-04
7.000000000000000000e+00 1.600000000000000000e+01 4.000000000000000000e+00 0.000000000000000000e+00 1.600000000000000089e+00 7.179999999999999967e-04 -1.271399999999999961e-02 9.999190000000000023e-01 3.177099999999999924e-01 -9.481079999999999508e-01 -1.228300000000000052e-02 9.481880000000000308e-01 3.176930000000000032e-01 3.359000000000000007e-03
1.100000000000000000e+01 1.600000000000000000e+01 4.000000000000000000e+00 0.000000000000000000e+00 1.600000000000000089e+00 1.630000000000000047e-04 -1.217799999999999959e-02 9.999259999999999815e-01 3.160729999999999928e-01 -9.486639999999999517e-01 -1.160500000000000073e-02 9.487349999999999950e-01 3.160519999999999996e-01 3.694999999999999934e-03
2.300000000000000000e+01 1.600000000000000000e+01 4.000000000000000000e+00 0.000000000000000000e+00 1.600000000000000089e+00 -1.951000000000000043e-03 -1.178500000000000034e-02 9.999289999999999567e-01 3.150510000000000255e-01 -9.490159999999999707e-01 -1.056999999999999953e-02 9.490730000000000555e-01 3.150080000000000102e-01 5.564999999999999634e-03
2.800000000000000000e+01 1.600000000000000000e+01 4.000000000000000000e+00 0.000000000000000000e+00 1.600000000000000089e+00 2.171999999999999886e-03 -1.449100000000000041e-02 9.998930000000000318e-01 3.147050000000000125e-01 -9.490800000000000347e-01 -1.443900000000000045e-02 9.491870000000000029e-01 3.147030000000000105e-01 2.498999999999999919e-03
1.900000000000000000e+01 1.010000000000000000e+02 7.000000000000000000e+00 0.000000000000000000e+00 1.600000000000000089e+00 -1.069999999999999988e-04 -9.518999999999999684e-03 9.999550000000000383e-01 8.865389999999999660e-01 4.626319999999999877e-01 4.498000000000000262e-03 -4.626540000000000097e-01 8.864990000000000370e-01 8.389000000000000623e-03
2.400000000000000000e+01 1.010000000000000000e+02 7.000000000000000000e+00 0.000000000000000000e+00 1.600000000000000089e+00 2.883999999999999845e-03 4.138000000000000185e-03 9.999869999999999592e-01 8.856549999999999701e-01 4.643229999999999857e-01 -4.475999999999999944e-03 -4.643360000000000265e-01 8.856559999999999988e-01 -2.324999999999999810e-03
2.100000000000000000e+01 1.500000000000000000e+01 8.000000000000000000e+00 0.000000000000000000e+00 1.600000000000000089e+00 -3.534999999999999948e-03 -1.027100000000000062e-02 -9.999409999999999688e-01 -5.663939999999999531e-01 -8.240680000000000227e-01 1.046700000000000061e-02 -8.241270000000000540e-01 5.663979999999999571e-01 -2.903999999999999897e-03
2.500000000000000000e+01 1.500000000000000000e+01 8.000000000000000000e+00 0.000000000000000000e+00 1.600000000000000089e+00 -4.382999999999999743e-03 -9.405000000000000165e-03 -9.999460000000000015e-01 -5.654850000000000154e-01 -8.246949999999999559e-01 1.023499999999999931e-02 -8.247470000000000079e-01 5.654989999999999739e-01 -1.704000000000000003e-03
2.800000000000000000e+01 1.500000000000000000e+01 8.000000000000000000e+00 0.000000000000000000e+00 1.600000000000000089e+00 -7.159000000000000433e-03 -1.110300000000000002e-02 -9.999130000000000518e-01 -5.651009999999999645e-01 -8.249159999999999826e-01 1.320600000000000072e-02 -8.249910000000000299e-01 5.651460000000000372e-01 -3.680000000000000003e-04
7.000000000000000000e+00 2.600000000000000000e+01 8.000000000000000000e+00 0.000000000000000000e+00 1.600000000000000089e+00 -2.049000000000000040e-03 1.468999999999999993e-02 -9.998899999999999455e-01 4.251229999999999731e-01 9.050500000000000211e-01 1.242599999999999955e-02 9.051329999999999654e-01 -4.250510000000000121e-01 -8.099000000000000296e-03
1.200000000000000000e+01 2.600000000000000000e+01 8.000000000000000000e+00 0.000000000000000000e+00 1.600000000000000089e+00 4.353000000000000098e-03 -1.047999999999999973e-02 -9.999360000000000470e-01 4.271949999999999914e-01 9.041280000000000427e-01 -7.616000000000000374e-03 9.041489999999999805e-01 -4.271340000000000137e-01 8.413000000000000339e-03
1.800000000000000000e+01 2.600000000000000000e+01 8.000000000000000000e+00 0.000000000000000000e+00 1.600000000000000089e+00 2.099000000000000171e-03 4.224999999999999589e-03 -9.999890000000000168e-01 4.252940000000000054e-01 9.050430000000000419e-01 4.715999999999999706e-03 9.050529999999999964e-01 -4.252989999999999826e-01 1.029999999999999964e-04
2.500000000000000000e+01 2.600000000000000000e+01 8.000000000000000000e+00 0.000000000000000000e+00 1.600000000000000089e+00 1.801000000000000083e-03 7.749999999999999944e-03 -9.999679999999999680e-01 4.236590000000000078e-01 9.057880000000000376e-01 7.782999999999999988e-03 9.058199999999999585e-01 -4.236590000000000078e-01 -1.652000000000000040e-03
2.000000000000000000e+00 1.400000000000000000e+01 9.000000000000000000e+00 0.000000000000000000e+00 1.600000000000000089e+00 1.585999999999999953e-03 -1.392999999999999924e-03 -9.999980000000000535e-01 -5.565489999999999604e-01 -8.308149999999999702e-01 2.739999999999999923e-04 -8.308130000000000237e-01 5.565470000000000139e-01 -2.092999999999999809e-03
5.000000000000000000e+00 1.400000000000000000e+01 9.000000000000000000e+00 0.000000000000000000e+00 1.600000000000000089e+00 4.300000000000000165e-05 -1.463000000000000108e-03 -9.999989999999999712e-01 -5.563479999999999537e-01 -8.309490000000000487e-01 1.191000000000000001e-03 -8.309490000000000487e-01 5.563470000000000359e-01 -8.499999999999999526e-04
1.100000000000000000e+01 1.400000000000000000e+01 9.000000000000000000e+00 0.000000000000000000e+00 1.600000000000000089e+00 -3.063999999999999883e-03 -1.236399999999999999e-02 -9.999190000000000023e-01 -5.586609999999999632e-01 -8.293099999999999916e-01 1.196599999999999921e-02 -8.293899999999999606e-01 5.586529999999999552e-01 -4.366000000000000089e-03
1.900000000000000000e+01 1.400000000000000000e+01 9.000000000000000000e+00 0.000000000000000000e+00 1.600000000000000089e+00 -2.922000000000000118e-03 -5.667000000000000162e-03 -9.999799999999999800e-01 -5.607779999999999987e-01 -8.279419999999999558e-01 6.330999999999999822e-03 -8.279609999999999470e-01 5.607849999999999779e-01 -7.590000000000000175e-04
2.500000000000000000e+01 1.400000000000000000e+01 9.000000000000000000e+00 0.000000000000000000e+00 1.600000000000000089e+00 -5.008000000000000299e-03 -1.142600000000000039e-02 -9.999219999999999775e-01 -5.615250000000000519e-01 -8.273690000000000211e-01 1.226700000000000013e-02 -8.274449999999999861e-01 5.615419999999999856e-01 -2.272000000000000148e-03
4.000000000000000000e+00 1.020000000000000000e+02 9.000000000000000000e+00 0.000000000000000000e+00 1.600000000000000089e+00 7.100000000000000462e-05 1.758999999999999930e-03 9.999980000000000535e-01 9.249159999999999604e-01 3.801700000000000079e-01 -7.349999999999999763e-04 -3.801709999999999812e-01 9.249150000000000427e-01 -1.600000000000000077e-03
6.000000000000000000e+00 1.040000000000000000e+02 1.100000000000000000e+01 0.000000000000000000e+00 1.600000000000000089e+00 -2.056000000000000102e-03 -5.230000000000000274e-04 9.999980000000000535e-01 -9.732579999999999565e-01 -2.297039999999999915e-01 -2.121000000000000055e-03 2.297049999999999925e-01 -9.732600000000000140e-01 -3.699999999999999811e-05
2.900000000000000000e+01 3.100000000000000000e+01 1.200000000000000000e+01 0.000000000000000000e+00 1.600000000000000089e+00 2.272000000000000148e-03 5.956000000000000356e-03 9.999799999999999800e-01 -1.463300000000000017e-02 9.998749999999999583e-01 -5.922000000000000181e-03 -9.998899999999999455e-01 -1.461900000000000005e-02 2.358999999999999986e-03
6.000000000000000000e+00 3.200000000000000000e+01 1.400000000000000000e+01 0.000000000000000000e+00 1.600000000000000089e+00 -1.806699999999999973e-02 4.954900000000000276e-02 -9.986080000000000512e-01 9.144399999999999751e-02 9.946669999999999678e-01 4.769999999999999934e-02 9.956460000000000310e-01 -9.045499999999999374e-02 -2.250100000000000017e-02
1.000000000000000000e+01 3.200000000000000000e+01 1.400000000000000000e+01 0.000000000000000000e+00 1.600000000000000089e+00 1.870000000000000134e-02 -4.055700000000000277e-02 -9.990019999999999456e-01 9.216900000000000093e-02 9.949919999999999876e-01 -3.866900000000000198e-02 9.955680000000000085e-01 -9.135400000000000464e-02 2.234399999999999928e-02
2.100000000000000000e+01 1.200000000000000000e+01 1.500000000000000000e+01 0.000000000000000000e+00 1.600000000000000089e+00 -8.419999999999999750e-04 -5.118000000000000153e-03 -9.999869999999999592e-01 -4.653510000000000146e-01 -8.851130000000000386e-01 4.922000000000000160e-03 -8.851259999999999684e-01 4.653490000000000126e-01 -1.637000000000000000e-03
2.700000000000000000e+01 1.200000000000000000e+01 1.500000000000000000e+01 0.000000000000000000e+00 1.600000000000000089e+00 -4.433999999999999574e-03 -6.300000000000000044e-03 -9.999700000000000255e-01 -4.676719999999999766e-01 -8.838690000000000158e-01 7.642000000000000355e-03 -8.838909999999999823e-01 4.676919999999999966e-01 9.730000000000000151e-04
7.000000000000000000e+00 2.000000000000000000e+00 1.900000000000000000e+01 0.000000000000000000e+00 1.600000000000000089e+00 -1.394999999999999973e-03 4.251999999999999703e-03 -9.999900000000000455e-01 1.327200000000000046e-01 -9.911440000000000250e-01 -4.399000000000000132e-03 -9.911529999999999507e-01 -1.327240000000000086e-01 8.180000000000000422e-04
1.000000000000000000e+01 2.000000000000000000e+00 1.900000000000000000e+01 0.000000000000000000e+00 1.600000000000000089e+00 -7.209999999999999612e-04 5.075999999999999783e-03 -9.999869999999999592e-01 1.331789999999999918e-01 -9.910790000000000433e-01 -5.126999999999999613e-03 -9.910919999999999730e-01 -1.331809999999999938e-01 3.899999999999999929e-05
1.900000000000000000e+01 2.000000000000000000e+00 1.900000000000000000e+01 0.000000000000000000e+00 1.600000000000000089e+00 -1.060000000000000016e-04 -1.301999999999999989e-03 -9.999989999999999712e-01 1.375339999999999896e-01 -9.904960000000000431e-01 1.275000000000000092e-03 -9.904969999999999608e-01 -1.375329999999999886e-01 2.840000000000000185e-04
2.100000000000000000e+01 2.000000000000000000e+00 1.900000000000000000e+01 0.000000000000000000e+00 1.600000000000000089e+00 -6.059999999999999849e-04 -1.765000000000000076e-03 -9.999980000000000535e-01 1.415379999999999971e-01 -9.899310000000000054e-01 1.662000000000000066e-03 -9.899329999999999519e-01 -1.415369999999999961e-01 8.499999999999999526e-04
2.400000000000000000e+01 2.000000000000000000e+00 1.900000000000000000e+01 0.000000000000000000e+00 1.600000000000000089e+00 -1.366000000000000027e-03 -1.430000000000000064e-03 -9.999980000000000535e-01 1.457730000000000137e-01 -9.893170000000000019e-01 1.216000000000000067e-03 -9.893170000000000019e-01 -1.457710000000000117e-01 1.559999999999999972e-03
4.000000000000000000e+00 1.300000000000000000e+01 2.000000000000000000e+01 0.000000000000000000e+00 1.600000000000000089e+00 -3.899999999999999929e-04 3.041999999999999999e-03 9.999949999999999672e-01 2.485080000000000067e-01 9.686259999999999870e-01 -2.850000000000000103e-03 -9.686299999999999910e-01 2.485050000000000037e-01 -1.132999999999999893e-03
1.600000000000000000e+01 1.300000000000000000e+01 2.000000000000000000e+01 0.000000000000000000e+00 1.600000000000000089e+00 -1.984000000000000086e-03 -3.836000000000000000e-03 9.999909999999999632e-01 2.519199999999999773e-01 9.677390000000000159e-01 4.211999999999999598e-03 -9.677459999999999951e-01 2.519259999999999833e-01 -9.539999999999999869e-04
2.200000000000000000e+01 1.300000000000000000e+01 2.000000000000000000e+01 0.000000000000000000e+00 1.600000000000000089e+00 4.449999999999999746e-04 -1.335000000000000032e-03 9.999989999999999712e-01 2.518659999999999788e-01 9.677609999999999824e-01 1.180000000000000059e-03 -9.677620000000000111e-01 2.518650000000000055e-01 7.659999999999999708e-04
2.800000000000000000e+01 1.300000000000000000e+01 2.000000000000000000e+01 0.000000000000000000e+00 1.600000000000000089e+00 1.149000000000000065e-03 7.030999999999999923e-03 9.999749999999999472e-01 2.528090000000000059e-01 9.674899999999999611e-01 -7.092000000000000214e-03 -9.675160000000000426e-01 2.528099999999999792e-01 -6.660000000000000338e-04
1.900000000000000000e+01 1.600000000000000000e+01 2.100000000000000000e+01 0.000000000000000000e+00 1.600000000000000089e+00 -5.289999999999999564e-04 -5.368000000000000375e-03 9.999850000000000128e-01 2.998930000000000207e-01 9.539579999999999727e-01 5.278999999999999838e-03 -9.539729999999999599e-01 2.998919999999999919e-01 1.105000000000000079e-03
2.000000000000000000e+00 4.600000000000000000e+01 2.700000000000000000e+01 0.000000000000000000e+00 1.600000000000000089e+00 -5.059000000000000129e-03 -1.791000000000000057e-03 -9.999860000000000415e-01 6.678819999999999757e-01 7.442520000000000246e-01 -4.712000000000000043e-03 7.442499999999999671e-01 -6.678960000000000452e-01 -2.569000000000000103e-03
2.300000000000000000e+01 4.600000000000000000e+01 2.700000000000000000e+01 0.000000000000000000e+00 1.600000000000000089e+00 1.791999999999999973e-03 4.889999999999999599e-04 -9.999980000000000535e-01 6.654640000000000555e-01 7.464279999999999804e-01 1.557000000000000007e-03 7.464279999999999804e-01 -6.654660000000000020e-01 1.012000000000000096e-03
3.000000000000000000e+01 4.600000000000000000e+01 2.700000000000000000e+01 0.000000000000000000e+00 1.600000000000000089e+00 -9.550000000000000112e-04 1.379000000000000017e-03 -9.999989999999999712e-01 6.706600000000000339e-01 7.417639999999999789e-01 3.820000000000000153e-04 7.417639999999999789e-01 -6.706590000000000051e-01 -1.632999999999999903e-03
8.000000000000000000e+00 4.600000000000000000e+01 3.000000000000000000e+01 0.000000000000000000e+00 1.600000000000000089e+00 1.747999999999999988e-03 1.172000000000000082e-03 -9.999980000000000535e-01 3.275219999999999798e-01 9.448419999999999597e-01 1.680000000000000070e-03 9.448419999999999597e-01 -3.275239999999999818e-01 1.268000000000000030e-03
1.500000000000000000e+01 4.600000000000000000e+01 3.000000000000000000e+01 0.000000000000000000e+00 1.600000000000000089e+00 -8.289999999999999843e-04 -1.461000000000000059e-03 -9.999989999999999712e-01 3.233759999999999968e-01 9.462690000000000268e-01 -1.650999999999999907e-03 9.462699999999999445e-01 -3.233770000000000255e-01 -3.119999999999999944e-04
2.500000000000000000e+01 4.600000000000000000e+01 3.000000000000000000e+01 0.000000000000000000e+00 1.600000000000000089e+00 7.169999999999999724e-04 1.420000000000000092e-04 -1.000000000000000000e+00 3.232670000000000265e-01 9.463080000000000380e-01 3.660000000000000059e-04 9.463070000000000093e-01 -3.232670000000000265e-01 6.329999999999999906e-04
4.000000000000000000e+00 5.800000000000000000e+01 3.100000000000000000e+01 0.000000000000000000e+00 1.600000000000000089e+00 1.727999999999999935e-03 -1.242999999999999964e-03 9.999980000000000535e-01 -7.588970000000000438e-01 -6.512109999999999843e-01 5.019999999999999506e-04 6.512090000000000378e-01 -7.588960000000000150e-01 -2.069000000000000093e-03
1.200000000000000000e+01 5.800000000000000000e+01 3.100000000000000000e+01 0.000000000000000000e+00 1.600000000000000089e+00 -3.618000000000000122e-03 -4.954000000000000070e-03 9.999810000000000088e-01 -7.700960000000000027e-01 -6.379010000000000513e-01 -5.947000000000000029e-03 6.379179999999999851e-01 -7.701029999999999820e-01 -1.507000000000000093e-03
1.500000000000000000e+01 5.800000000000000000e+01 3.100000000000000000e+01 0.000000000000000000e+00 1.600000000000000089e+00 -3.893999999999999892e-03 -4.837000000000000154e-03 9.999810000000000088e-01 -7.709120000000000417e-01 -6.369120000000000337e-01 -6.082999999999999866e-03 6.369289999999999674e-01 -7.709209999999999674e-01 -1.248999999999999893e-03
1.800000000000000000e+01 5.800000000000000000e+01 3.100000000000000000e+01 0.000000000000000000e+00 1.600000000000000089e+00 -5.525999999999999662e-03 -4.354000000000000231e-03 9.999749999999999472e-01 -7.698169999999999735e-01 -6.382250000000000423e-01 -7.033000000000000189e-03 6.382400000000000295e-01 -7.698369999999999935e-01 1.749999999999999982e-04
2.200000000000000000e+01 5.800000000000000000e+01 3.100000000000000000e+01 0.000000000000000000e+00 1.600000000000000089e+00 -4.584999999999999666e-03 -5.420999999999999604e-03 9.999749999999999472e-01 -7.713309999999999889e-01 -6.363959999999999617e-01 -6.987000000000000155e-03 6.364180000000000392e-01 -7.713430000000000009e-01 -1.263000000000000017e-03
2.500000000000000000e+01 5.800000000000000000e+01 3.100000000000000000e+01 0.000000000000000000e+00 1.600000000000000089e+00 -2.318000000000000182e-03 -5.334000000000000200e-03 9.999829999999999552e-01 -7.717840000000000256e-01 -6.358639999999999848e-01 -5.180999999999999842e-03 6.358810000000000295e-01 -7.717829999999999968e-01 -2.642999999999999950e-03
3.000000000000000000e+00 6.000000000000000000e+00 3.200000000000000000e+01 0.000000000000000000e+00 1.600000000000000089e+00 3.490000000000000263e-04 -1.456999999999999962e-03 -9.999989999999999712e-01 2.402610000000000023e-01 9.707069999999999865e-01 -1.330999999999999935e-03 9.707080000000000153e-01 -2.402600000000000013e-01 6.890000000000000508e-04
1.800000000000000000e+01 6.000000000000000000e+00 3.200000000000000000e+01 0.000000000000000000e+00 1.600000000000000089e+00 1.551000000000000078e-03 1.948999999999999995e-03 -9.999970000000000248e-01 2.298250000000000015e-01 9.732290000000000108e-01 2.253999999999999927e-03 9.732309999999999572e-01 -2.298280000000000045e-01 1.062000000000000010e-03
2.800000000000000000e+01 6.000000000000000000e+00 3.200000000000000000e+01 0.000000000000000000e+00 1.600000000000000089e+00 -2.112999999999999861e-03 2.925000000000000083e-03 -9.999930000000000208e-01 1.950530000000000042e-01 9.807900000000000507e-01 2.456999999999999983e-03 9.807900000000000507e-01 -1.950469999999999982e-01 -2.642999999999999950e-03
4.000000000000000000e+00 2.200000000000000000e+01 3.400000000000000000e+01 0.000000000000000000e+00 1.600000000000000089e+00 8.779999999999999827e-04 -1.033999999999999980e-03 9.999989999999999712e-01 3.794390000000000263e-01 -9.252160000000000384e-01 -1.289999999999999914e-03 9.252160000000000384e-01 3.794390000000000263e-01 -4.200000000000000174e-04
2.000000000000000000e+00 4.600000000000000000e+01 3.500000000000000000e+01 0.000000000000000000e+00 1.600000000000000089e+00 -3.549000000000000071e-03 1.075800000000000020e-02 -9.999360000000000470e-01 3.850919999999999899e-01 -9.228089999999999904e-01 -1.129499999999999948e-02 -9.228709999999999969e-01 -3.851069999999999771e-01 -8.679999999999999565e-04
1.000000000000000000e+01 4.600000000000000000e+01 3.500000000000000000e+01 0.000000000000000000e+00 1.600000000000000089e+00 -8.720000000000000537e-04 -9.899999999999999404e-05 -1.000000000000000000e+00 3.871859999999999746e-01 -9.220009999999999595e-01 -2.460000000000000164e-04 -9.220009999999999595e-01 -3.871859999999999746e-01 8.429999999999999993e-04
1.500000000000000000e+01 4.600000000000000000e+01 3.500000000000000000e+01 0.000000000000000000e+00 1.600000000000000089e+00 -1.700000000000000122e-04 -5.178999999999999576e-03 -9.999869999999999592e-01 3.853269999999999751e-01 -9.227680000000000327e-01 4.714000000000000308e-03 -9.227800000000000447e-01 -3.853210000000000246e-01 2.152999999999999966e-03
2.000000000000000000e+01 4.600000000000000000e+01 3.500000000000000000e+01 0.000000000000000000e+00 1.600000000000000089e+00 -7.720000000000000083e-04 7.960000000000000495e-04 -9.999989999999999712e-01 3.854830000000000201e-01 -9.227140000000000342e-01 -1.031999999999999931e-03 -9.227149999999999519e-01 -3.854830000000000201e-01 4.060000000000000024e-04
2.300000000000000000e+01 4.600000000000000000e+01 3.500000000000000000e+01 0.000000000000000000e+00 1.600000000000000089e+00 6.149999999999999868e-04 -2.151999999999999833e-03 -9.999970000000000248e-01 3.869170000000000109e-01 -9.221120000000000427e-01 2.223000000000000149e-03 -9.221139999999999892e-01 -3.869170000000000109e-01 2.660000000000000146e-04
3.000000000000000000e+01 4.600000000000000000e+01 3.500000000000000000e+01 0.000000000000000000e+00 1.600000000000000089e+00 2.821000000000000157e-03 -1.056000000000000081e-03 -9.999949999999999672e-01 3.868099999999999872e-01 -9.221570000000000045e-01 2.064999999999999995e-03 -9.221549999999999470e-01 -3.868139999999999912e-01 -2.193000000000000071e-03
3.000000000000000000e+00 9.500000000000000000e+01 3.600000000000000000e+01 0.000000000000000000e+00 1.600000000000000089e+00 -4.244000000000000376e-03 5.836000000000000042e-03 9.999740000000000295e-01 9.961349999999999927e-01 8.775499999999999967e-02 3.716000000000000119e-03 -8.773100000000000342e-02 9.961250000000000382e-01 -6.185999999999999659e-03
1.200000000000000000e+01 9.500000000000000000e+01 3.600000000000000000e+01 0.000000000000000000e+00 1.600000000000000089e+00 -3.648000000000000201e-03 -7.522000000000000040e-03 9.999649999999999928e-01 9.963199999999999834e-01 8.560600000000000154e-02 4.278999999999999818e-03 -8.563500000000000278e-02 9.963009999999999922e-01 7.182000000000000016e-03
1.700000000000000000e+01 9.500000000000000000e+01 3.600000000000000000e+01 0.000000000000000000e+00 1.600000000000000089e+00 -9.049999999999999885e-04 -2.827999999999999785e-03 9.999959999999999960e-01 9.963490000000000402e-01 8.536599999999999744e-02 1.142999999999999919e-03 -8.536900000000000044e-02 9.963459999999999539e-01 2.739999999999999814e-03
2.000000000000000000e+01 9.500000000000000000e+01 3.600000000000000000e+01 0.000000000000000000e+00 1.600000000000000089e+00 -1.510000000000000112e-04 -7.830999999999999420e-03 9.999689999999999968e-01 9.961830000000000407e-01 8.728400000000000047e-02 8.339999999999999974e-04 -8.728800000000000447e-02 9.961529999999999552e-01 7.787999999999999784e-03
2.700000000000000000e+01 9.500000000000000000e+01 3.600000000000000000e+01 0.000000000000000000e+00 1.600000000000000089e+00 6.446999999999999606e-03 1.148599999999999968e-02 9.999130000000000518e-01 9.965640000000000054e-01 8.250000000000000389e-02 -7.373000000000000213e-03 -8.257699999999999763e-02 9.965249999999999941e-01 -1.091400000000000009e-02
2.000000000000000000e+00 3.000000000000000000e+00 4.300000000000000000e+01 0.000000000000000000e+00 1.600000000000000089e+00 -9.240000000000000166e-04 -6.752000000000000189e-03 -9.999770000000000048e-01 7.389280000000000292e-01 -6.737729999999999553e-01 3.867000000000000211e-03 -6.737830000000000208e-01 -7.389080000000000092e-01 5.611999999999999801e-03
7.000000000000000000e+00 3.000000000000000000e+00 4.300000000000000000e+01 0.000000000000000000e+00 1.600000000000000089e+00 7.910000000000000364e-04 1.033599999999999970e-02 -9.999460000000000015e-01 7.385369999999999990e-01 -6.741829999999999767e-01 -6.385000000000000051e-03 -6.742129999999999512e-01 -7.384920000000000373e-01 -8.167000000000000648e-03
1.400000000000000000e+01 3.000000000000000000e+00 4.300000000000000000e+01 0.000000000000000000e+00 1.600000000000000089e+00 -1.389999999999999905e-04 -1.557000000000000007e-03 -9.999989999999999712e-01 7.358660000000000201e-01 -6.771270000000000344e-01 9.520000000000000467e-04 -6.771270000000000344e-01 -7.358649999999999913e-01 1.240000000000000000e-03
2.200000000000000000e+01 3.000000000000000000e+00 4.300000000000000000e+01 0.000000000000000000e+00 1.600000000000000089e+00 2.100000000000000087e-04 1.145400000000000064e-02 -9.999339999999999895e-01 7.372229999999999617e-01 -6.756069999999999576e-01 -7.584999999999999729e-03 -6.756499999999999728e-01 -7.371729999999999672e-01 -8.585999999999999882e-03
2.900000000000000000e+01 3.000000000000000000e+00 4.300000000000000000e+01 0.000000000000000000e+00 1.600000000000000089e+00 1.673999999999999924e-03 2.292399999999999993e-02 -9.997359999999999580e-01 7.282990000000000297e-01 -6.851059999999999928e-01 -1.448999999999999941e-02 -6.852570000000000050e-01 -7.280830000000000357e-01 -1.784200000000000022e-02
3.000000000000000000e+00 8.000000000000000000e+00 4.400000000000000000e+01 0.000000000000000000e+00 1.600000000000000089e+00 8.890000000000000333e-04 3.906999999999999883e-03 9.999919999999999920e-01 -7.727220000000000200e-01 -6.347369999999999957e-01 3.167000000000000110e-03 6.347439999999999749e-01 -7.727180000000000160e-01 2.455000000000000151e-03
2.200000000000000000e+01 8.000000000000000000e+00 4.400000000000000000e+01 0.000000000000000000e+00 1.600000000000000089e+00 8.859999999999999603e-04 4.742999999999999820e-03 9.999879999999999880e-01 -7.683999999999999719e-01 -6.399589999999999446e-01 3.716999999999999818e-03 6.399690000000000101e-01 -7.683950000000000502e-01 3.078000000000000007e-03
3.000000000000000000e+00 2.900000000000000000e+01 4.400000000000000000e+01 0.000000000000000000e+00 1.600000000000000089e+00 -1.991999999999999847e-03 -4.800000000000000122e-05 -9.999980000000000535e-01 6.546629999999999949e-01 7.559200000000000363e-01 -1.340000000000000045e-03 7.559190000000000076e-01 -6.546640000000000237e-01 -1.474999999999999966e-03
6.000000000000000000e+00 2.900000000000000000e+01 4.400000000000000000e+01 0.000000000000000000e+00 1.600000000000000089e+00 -1.415000000000000025e-03 -2.223000000000000149e-03 -9.999959999999999960e-01 6.572660000000000169e-01 7.536540000000000461e-01 -2.605000000000000111e-03 7.536570000000000213e-01 -6.572679999999999634e-01 3.950000000000000061e-04
1.400000000000000000e+01 2.900000000000000000e+01 4.400000000000000000e+01 0.000000000000000000e+00 1.600000000000000089e+00 -1.210000000000000002e-04 -4.255000000000000102e-03 -9.999909999999999632e-01 6.598840000000000261e-01 7.513600000000000279e-01 -3.276999999999999965e-03 7.513670000000000071e-01 -6.598789999999999933e-01 2.716999999999999797e-03
1.700000000000000000e+01 2.900000000000000000e+01 4.400000000000000000e+01 0.000000000000000000e+00 1.600000000000000089e+00 -1.286999999999999950e-03 -7.275000000000000216e-03 -9.999730000000000008e-01 6.596509999999999874e-01 7.515460000000000473e-01 -6.316999999999999699e-03 7.515709999999999891e-01 -6.596410000000000329e-01 3.831999999999999903e-03
2.100000000000000000e+01 2.900000000000000000e+01 4.400000000000000000e+01 0.000000000000000000e+00 1.600000000000000089e+00 -9.600000000000000243e-05 -4.872999999999999728e-03 -9.999879999999999880e-01 6.597239999999999771e-01 7.514990000000000281e-01 -3.725000000000000012e-03 7.515079999999999538e-01 -6.597169999999999979e-01 3.142999999999999960e-03
4.000000000000000000e+00 6.500000000000000000e+01 4.600000000000000000e+01 0.000000000000000000e+00 1.600000000000000089e+00 -2.429999999999999868e-03 4.246999999999999907e-03 9.999879999999999880e-01 6.813949999999999729e-01 -7.319010000000000238e-01 4.764000000000000005e-03 7.319120000000000070e-01 6.813979999999999482e-01 -1.116000000000000021e-03
1.700000000000000000e+01 7.000000000000000000e+01 4.700000000000000000e+01 0.000000000000000000e+00 1.600000000000000089e+00 -1.969999999999999909e-04 1.173999999999999913e-03 -9.999989999999999712e-01 -8.429210000000000313e-01 -5.380369999999999875e-01 -4.659999999999999971e-04 -5.380369999999999875e-01 8.429200000000000026e-01 1.095000000000000053e-03
2.500000000000000000e+01 5.000000000000000000e+00 5.100000000000000000e+01 0.000000000000000000e+00 1.600000000000000089e+00 3.519999999999999908e-04 6.867999999999999973e-03 -9.999759999999999760e-01 4.737500000000000044e-01 -8.806389999999999496e-01 -5.882000000000000076e-03 -8.806589999999999696e-01 -4.737370000000000192e-01 -3.563999999999999894e-03
1.500000000000000000e+01 1.500000000000000000e+01 5.300000000000000000e+01 0.000000000000000000e+00 1.600000000000000089e+00 2.260999999999999989e-03 3.899999999999999821e-03 -9.999900000000000455e-01 6.755710000000000326e-01 7.372819999999999929e-01 4.402999999999999796e-03 7.372910000000000297e-01 -6.755740000000000078e-01 -9.680000000000000019e-04
3.000000000000000000e+00 6.300000000000000000e+01 5.400000000000000000e+01 0.000000000000000000e+00 1.600000000000000089e+00 1.329000000000000103e-03 5.039999999999999992e-04 9.999989999999999712e-01 -3.446139999999999759e-01 9.387440000000000229e-01 -1.500000000000000038e-05 -9.387429999999999941e-01 -3.446139999999999759e-01 1.420999999999999954e-03
1.400000000000000000e+01 6.300000000000000000e+01 5.400000000000000000e+01 0.000000000000000000e+00 1.600000000000000089e+00 1.108000000000000044e-03 -1.361999999999999929e-03 9.999989999999999712e-01 -3.572949999999999737e-01 9.339899999999999869e-01 1.668999999999999911e-03 -9.339910000000000156e-01 -3.572960000000000025e-01 5.479999999999999845e-04
2.000000000000000000e+01 6.300000000000000000e+01 5.400000000000000000e+01 0.000000000000000000e+00 1.600000000000000089e+00 -1.417999999999999990e-03 -2.614000000000000004e-03 9.999959999999999960e-01 -3.521989999999999843e-01 9.359229999999999494e-01 1.946999999999999946e-03 -9.359239999999999782e-01 -3.521949999999999803e-01 -2.247999999999999998e-03
2.500000000000000000e+01 6.300000000000000000e+01 5.400000000000000000e+01 0.000000000000000000e+00 1.600000000000000089e+00 -2.809999999999999998e-04 3.499999999999999693e-05 1.000000000000000000e+00 -3.535200000000000009e-01 9.354270000000000085e-01 -1.320000000000000101e-04 -9.354270000000000085e-01 -3.535200000000000009e-01 -2.500000000000000052e-04
2.900000000000000000e+01 6.300000000000000000e+01 5.400000000000000000e+01 0.000000000000000000e+00 1.600000000000000089e+00 -1.588999999999999918e-03 4.569999999999999952e-04 9.999989999999999712e-01 -3.549709999999999810e-01 9.348769999999999580e-01 -9.920000000000000432e-04 -9.348760000000000403e-01 -3.549720000000000097e-01 -1.322999999999999957e-03
5.000000000000000000e+00 2.500000000000000000e+01 5.500000000000000000e+01 0.000000000000000000e+00 1.600000000000000089e+00 8.809999999999999472e-04 2.239999999999999804e-03 -9.999970000000000248e-01 -9.927999999999999325e-03 -9.999479999999999480e-01 -2.247999999999999998e-03 -9.999500000000000055e-01 9.929000000000000326e-03 -8.580000000000000387e-04
9.000000000000000000e+00 2.500000000000000000e+01 5.500000000000000000e+01 0.000000000000000000e+00 1.600000000000000089e+00 -2.660000000000000146e-04 8.899999999999999491e-05 -1.000000000000000000e+00 -1.072999999999999995e-02 -9.999419999999999975e-01 -8.600000000000000331e-05 -9.999419999999999975e-01 1.072999999999999995e-02 2.669999999999999847e-04
1.600000000000000000e+01 2.500000000000000000e+01 5.500000000000000000e+01 0.000000000000000000e+00 1.600000000000000089e+00 9.899999999999999404e-05 2.436999999999999930e-03 -9.999970000000000248e-01 -9.440999999999999739e-03 -9.999519999999999520e-01 -2.436999999999999930e-03 -9.999550000000000383e-01 9.440999999999999739e-03 -7.600000000000000418e-05
2.300000000000000000e+01 2.500000000000000000e+01 5.500000000000000000e+01 0.000000000000000000e+00 1.600000000000000089e+00 -3.559999999999999797e-04 -4.002000000000000349e-03 -9.999919999999999920e-01 -1.111200000000000035e-02 -9.999299999999999855e-01 4.004999999999999880e-03 -9.999379999999999935e-01 1.111299999999999961e-02 3.110000000000000243e-04
2.700000000000000000e+01 2.500000000000000000e+01 5.500000000000000000e+01 0.000000000000000000e+00 1.600000000000000089e+00 -3.970000000000000005e-04 3.961000000000000111e-03 -9.999919999999999920e-01 -1.199599999999999972e-02 -9.999200000000000310e-01 -3.956000000000000315e-03 -9.999280000000000390e-01 1.199399999999999945e-02 4.440000000000000045e-04
4.000000000000000000e+00 7.000000000000000000e+00 6.000000000000000000e+01 0.000000000000000000e+00 1.600000000000000089e+00 1.103999999999999947e-03 6.032000000000000035e-03 9.999810000000000088e-01 5.662530000000000063e-01 -8.242199999999999527e-01 4.346000000000000037e-03 8.242310000000000469e-01 5.662369999999999903e-01 -4.324999999999999852e-03
1.000000000000000000e+01 7.000000000000000000e+00 6.000000000000000000e+01 0.000000000000000000e+00 1.600000000000000089e+00 1.749999999999999982e-04 5.571999999999999696e-03 9.999839999999999840e-01 5.655240000000000267e-01 -8.247189999999999799e-01 4.495999999999999996e-03 8.247320000000000206e-01 5.655149999999999899e-01 -3.295999999999999885e-03
1.400000000000000000e+01 7.000000000000000000e+00 6.000000000000000000e+01 0.000000000000000000e+00 1.600000000000000089e+00 4.065000000000000037e-03 3.818000000000000213e-03 9.999839999999999840e-01 5.622580000000000355e-01 -8.269609999999999461e-01 8.720000000000000537e-04 8.269520000000000204e-01 5.622460000000000235e-01 -5.507999999999999875e-03
1.200000000000000000e+01 2.100000000000000000e+01 6.000000000000000000e+01 0.000000000000000000e+00 1.600000000000000089e+00 -7.150000000000000322e-04 8.989999999999999511e-04 9.999989999999999712e-01 -9.750100000000000433e-02 9.952349999999999808e-01 -9.640000000000000131e-04 -9.952349999999999808e-01 -9.750200000000000533e-02 -6.239999999999999887e-04
1.600000000000000000e+01 2.100000000000000000e+01 6.000000000000000000e+01 0.000000000000000000e+00 1.600000000000000089e+00 -2.359999999999999902e-04 2.376000000000000074e-03 9.999970000000000248e-01 -9.704400000000000526e-02 9.952769999999999673e-01 -2.386999999999999799e-03 -9.952800000000000535e-01 -9.704400000000000526e-02 -5.000000000000000409e-06
3.000000000000000000e+00 6.000000000000000000e+00 6.100000000000000000e+01 0.000000000000000000e+00 1.600000000000000089e+00 -3.119999999999999944e-04 8.000000000000000383e-04 1.000000000000000000e+00 5.588039999999999674e-01 -8.292990000000000084e-01 8.379999999999999862e-04 8.293000000000000371e-01 5.588039999999999674e-01 -1.879999999999999890e-04
1.000000000000000000e+01 4.000000000000000000e+00 6.200000000000000000e+01 0.000000000000000000e+00 1.600000000000000089e+00 -1.378000000000000102e-03 -5.689999999999999529e-04 9.999989999999999712e-01 -6.175749999999999851e-01 7.865119999999999889e-01 -4.029999999999999837e-04 -7.865109999999999602e-01 -6.175749999999999851e-01 -1.435000000000000078e-03
2.100000000000000000e+01 4.000000000000000000e+00 6.200000000000000000e+01 0.000000000000000000e+00 1.600000000000000089e+00 -2.990000000000000036e-04 8.108000000000000623e-03 9.999670000000000503e-01 -6.168029999999999902e-01 7.870899999999999563e-01 -6.565999999999999788e-03 -7.871179999999999843e-01 -6.167850000000000277e-01 4.766000000000000271e-03
5.000000000000000000e+00 2.700000000000000000e+01 6.300000000000000000e+01 0.000000000000000000e+00 1.600000000000000089e+00 3.490000000000000263e-04 4.170000000000000095e-03 9.999909999999999632e-01 -2.797080000000000122e-01 9.600769999999999582e-01 -3.906000000000000184e-03 -9.600849999999999662e-01 -2.797049999999999814e-01 1.500999999999999947e-03
1.000000000000000000e+01 2.700000000000000000e+01 6.300000000000000000e+01 0.000000000000000000e+00 1.600000000000000089e+00 -2.020000000000000094e-03 1.041999999999999958e-03 9.999970000000000248e-01 -2.772160000000000180e-01 9.608060000000000489e-01 -1.561000000000000104e-03 -9.608060000000000489e-01 -2.772180000000000200e-01 -1.652000000000000040e-03
1.600000000000000000e+01 2.700000000000000000e+01 6.300000000000000000e+01 0.000000000000000000e+00 1.600000000000000089e+00 2.214999999999999955e-03 -1.438000000000000042e-03 9.999959999999999960e-01 -2.713220000000000076e-01 9.624869999999999814e-01 1.984999999999999785e-03 -9.624859999999999527e-01 -2.713260000000000116e-01 1.740999999999999926e-03
2.200000000000000000e+01 2.700000000000000000e+01 6.300000000000000000e+01 0.000000000000000000e+00 1.600000000000000089e+00 1.781999999999999947e-03 -8.063999999999999987e-03 9.999660000000000215e-01 -2.766710000000000003e-01 9.609290000000000331e-01 8.243000000000000327e-03 -9.609630000000000116e-01 -2.766759999999999775e-01 -5.190000000000000386e-04
2.700000000000000000e+01 2.700000000000000000e+01 6.300000000000000000e+01 0.000000000000000000e+00 1.600000000000000089e+00 4.829999999999999767e-04 2.575000000000000032e-03 9.999970000000000248e-01 -2.746500000000000052e-01 9.615409999999999791e-01 -2.343000000000000031e-03 -9.615439999999999543e-01 -2.746480000000000032e-01 1.172000000000000082e-03
3.000000000000000000e+01 2.700000000000000000e+01 6.300000000000000000e+01 0.000000000000000000e+00 1.600000000000000089e+00 -4.399999999999999886e-05 3.118999999999999811e-03 9.999949999999999672e-01 -2.725480000000000125e-01 9.621370000000000200e-01 -3.013000000000000053e-03 -9.621420000000000528e-01 -2.725469999999999837e-01 8.080000000000000160e-04
6.000000000000000000e+00 2.600000000000000000e+01 6.400000000000000000e+01 0.000000000000000000e+00 1.600000000000000089e+00 1.789999999999999870e-04 2.946999999999999967e-03 9.999959999999999960e-01 -3.473040000000000016e-01 9.377480000000000260e-01 -2.701999999999999975e-03 -9.377520000000000300e-01 -3.473019999999999996e-01 1.191000000000000001e-03
1.000000000000000000e+01 2.600000000000000000e+01 6.400000000000000000e+01 0.000000000000000000e+00 1.600000000000000089e+00 -2.807000000000000033e-03 5.169999999999999899e-04 9.999959999999999960e-01 -3.438709999999999822e-01 9.390159999999999618e-01 -1.451000000000000033e-03 -9.390129999999999866e-01 -3.438740000000000130e-01 -2.458000000000000115e-03
1.600000000000000000e+01 2.600000000000000000e+01 6.400000000000000000e+01 0.000000000000000000e+00 1.600000000000000089e+00 1.940000000000000101e-03 -3.641999999999999838e-03 9.999909999999999632e-01 -3.405750000000000166e-01 9.402080000000000437e-01 4.085000000000000089e-03 -9.402150000000000230e-01 -3.405799999999999939e-01 5.839999999999999922e-04
2.100000000000000000e+01 2.600000000000000000e+01 6.400000000000000000e+01 0.000000000000000000e+00 1.600000000000000089e+00 3.550000000000000204e-03 -1.019899999999999973e-02 9.999419999999999975e-01 -3.442040000000000100e-01 9.388330000000000286e-01 1.079800000000000031e-02 -9.388879999999999448e-01 -3.442219999999999724e-01 -1.779999999999999898e-04
2.800000000000000000e+01 2.600000000000000000e+01 6.400000000000000000e+01 0.000000000000000000e+00 1.600000000000000089e+00 -7.159999999999999481e-04 2.895000000000000004e-03 9.999959999999999960e-01 -3.439929999999999932e-01 9.389680000000000248e-01 -2.965000000000000187e-03 -9.389720000000000288e-01 -3.439940000000000220e-01 3.229999999999999907e-04
8.000000000000000000e+00 6.900000000000000000e+01 6.600000000000000000e+01 0.000000000000000000e+00 1.600000000000000089e+00 -1.020999999999999989e-03 3.965999999999999907e-03 9.999919999999999920e-01 -9.516580000000000039e-01 3.071510000000000074e-01 -2.190000000000000106e-03 -3.071570000000000134e-01 -9.516529999999999712e-01 3.461000000000000101e-03
1.500000000000000000e+01 2.500000000000000000e+01 7.300000000000000000e+01 0.000000000000000000e+00 1.600000000000000089e+00 5.956999999999999622e-03 -1.856000000000000011e-03 9.999799999999999800e-01 7.410940000000000305e-01 -6.713780000000000303e-01 -5.661000000000000233e-03 6.713750000000000551e-01 7.411130000000000217e-01 -2.624000000000000030e-03
2.300000000000000000e+01 2.500000000000000000e+01 7.300000000000000000e+01 0.000000000000000000e+00 1.600000000000000089e+00 -1.299999999999999940e-03 2.563999999999999873e-03 9.999959999999999960e-01 7.409900000000000375e-01 -6.715109999999999690e-01 2.684999999999999887e-03 6.715149999999999730e-01 7.409900000000000375e-01 -1.026999999999999918e-03
2.900000000000000000e+01 2.500000000000000000e+01 7.300000000000000000e+01 0.000000000000000000e+00 1.600000000000000089e+00 -9.359999999999999831e-04 1.374000000000000004e-03 9.999989999999999712e-01 7.437279999999999447e-01 -6.684809999999999919e-01 1.613999999999999983e-03 6.684820000000000206e-01 7.437279999999999447e-01 -3.959999999999999762e-04
