5.000000000000000000e+00 1.500000000000000000e+01 4.000000000000000000e+00 0.000000000000000000e+00 1.600000000000000089e+00 -6.790000000000000029e-03 -1.444999999999999930e-02 9.998730000000000118e-01 3.003990000000000271e-01 -9.537409999999999499e-01 -1.174299999999999997e-02 9.537900000000000267e-01 3.002810000000000201e-01 1.081700000000000023e-02
1.000000000000000000e+01 1.500000000000000000e+01 4.000000000000000000e+00 0.000000000000000000e+00 1.600000000000000089e+00 -4.910000000000000085e-04 -1.258000000000000004e-03 9.999989999999999712e-01 2.961119999999999863e-01 -9.551530000000000298e-01 -1.056000000000000081e-03 9.551530000000000298e-01 2.961119999999999863e-01 8.419999999999999750e-04
1.900000000000000000e+01 1.500000000000000000e+01 4.000000000000000000e+00 0.000000000000000000e+00 1.600000000000000089e+00 -2.622000000000000199e-03 -9.770000000000000039e-04 9.999959999999999960e-01 3.044510000000000272e-01 -9.525280000000000413e-01 -1.320000000000000101e-04 9.525249999999999551e-01 3.044490000000000252e-01 2.795000000000000175e-03
2.700000000000000000e+01 1.500000000000000000e+01 4.000000000000000000e+00 0.000000000000000000e+00 1.600000000000000089e+00 5.164000000000000187e-03 3.950000000000000061e-04 9.999869999999999592e-01 3.083509999999999862e-01 -9.512720000000000065e-01 -1.216999999999999983e-03 9.512589999999999657e-01 3.083529999999999882e-01 -5.034000000000000280e-03
1.100000000000000000e+01 4.000000000000000000e+00 5.000000000000000000e+00 0.000000000000000000e+00 1.600000000000000089e+00 -6.670999999999999847e-03 -2.230199999999999891e-02 9.997289999999999788e-01 2.280469999999999997e-01 -9.734410000000000007e-01 -2.019400000000000014e-02 9.736270000000000202e-01 2.278499999999999970e-01 1.158000000000000002e-02
3.000000000000000000e+00 1.010000000000000000e+02 7.000000000000000000e+00 0.000000000000000000e+00 1.600000000000000089e+00 -7.867999999999999994e-03 -6.503000000000000100e-03 9.999479999999999480e-01 8.782029999999999559e-01 4.781830000000000247e-01 1.001999999999999939e-02 -4.782230000000000092e-01 8.782360000000000166e-01 1.948999999999999995e-03
1.000000000000000000e+01 1.010000000000000000e+02 7.000000000000000000e+00 0.000000000000000000e+00 1.600000000000000089e+00 4.248000000000000040e-03 -9.664999999999999980e-03 9.999440000000000550e-01 8.787329999999999863e-01 4.773129999999999873e-01 8.800000000000000313e-04 -4.772950000000000248e-01 8.786800000000000166e-01 1.052100000000000084e-02
2.400000000000000000e+01 1.010000000000000000e+02 7.000000000000000000e+00 0.000000000000000000e+00 1.600000000000000089e+00 -1.110000000000000092e-03 -6.080000000000000335e-03 9.999810000000000088e-01 8.843379999999999574e-01 4.668309999999999960e-01 3.820000000000000045e-03 -4.668459999999999832e-01 8.843259999999999454e-01 4.858999999999999604e-03
2.700000000000000000e+01 1.010000000000000000e+02 7.000000000000000000e+00 0.000000000000000000e+00 1.600000000000000089e+00 -2.762000000000000132e-03 6.457000000000000066e-03 9.999749999999999472e-01 8.830010000000000359e-01 4.693700000000000094e-01 -5.919999999999999698e-04 -4.693629999999999747e-01 8.829780000000000406e-01 -6.997999999999999880e-03
3.000000000000000000e+00 2.500000000000000000e+01 8.000000000000000000e+00 0.000000000000000000e+00 1.600000000000000089e+00 1.404000000000000083e-03 5.124000000000000082e-03 -9.999860000000000415e-01 4.434560000000000168e-01 8.962809999999999944e-01 5.215000000000000017e-03 8.962949999999999529e-01 -4.434569999999999901e-01 -1.013999999999999927e-03
7.000000000000000000e+00 2.500000000000000000e+01 8.000000000000000000e+00 0.000000000000000000e+00 1.600000000000000089e+00 -1.110000000000000092e-03 2.309999999999999987e-03 -9.999970000000000248e-01 4.432710000000000261e-01 8.963860000000000161e-01 1.579000000000000108e-03 8.963870000000000449e-01 -4.432679999999999954e-01 -2.018999999999999961e-03
1.400000000000000000e+01 2.500000000000000000e+01 8.000000000000000000e+00 0.000000000000000000e+00 1.600000000000000089e+00 3.499999999999999964e-04 -1.376999999999999969e-03 -9.999989999999999712e-01 4.425620000000000109e-01 8.967370000000000063e-01 -1.080000000000000014e-03 8.967380000000000351e-01 -4.425620000000000109e-01 9.240000000000000166e-04
1.900000000000000000e+01 2.500000000000000000e+01 8.000000000000000000e+00 0.000000000000000000e+00 1.600000000000000089e+00 2.255000000000000060e-03 4.299999999999999894e-04 -9.999970000000000248e-01 4.419799999999999840e-01 8.970240000000000435e-01 1.381999999999999982e-03 8.970219999999999860e-01 -4.419819999999999860e-01 1.832999999999999994e-03
2.300000000000000000e+01 2.500000000000000000e+01 8.000000000000000000e+00 0.000000000000000000e+00 1.600000000000000089e+00 1.132999999999999893e-03 9.610000000000000486e-04 -9.999989999999999712e-01 4.427650000000000197e-01 8.966370000000000173e-01 1.363000000000000062e-03 8.966370000000000173e-01 -4.427659999999999929e-01 5.900000000000000296e-04
3.000000000000000000e+00 2.400000000000000000e+01 9.000000000000000000e+00 0.000000000000000000e+00 1.600000000000000089e+00 1.613000000000000067e-03 4.441999999999999768e-03 -9.999890000000000168e-01 4.463039999999999785e-01 8.948690000000000255e-01 4.695000000000000388e-03 8.948800000000000088e-01 -4.463059999999999805e-01 -5.389999999999999826e-04
7.000000000000000000e+00 2.400000000000000000e+01 9.000000000000000000e+00 0.000000000000000000e+00 1.600000000000000089e+00 -8.779999999999999827e-04 3.099999999999999891e-03 -9.999949999999999672e-01 4.456080000000000041e-01 8.952250000000000485e-01 2.383999999999999835e-03 8.952280000000000237e-01 -4.456040000000000001e-01 -2.167999999999999788e-03
1.400000000000000000e+01 2.400000000000000000e+01 9.000000000000000000e+00 0.000000000000000000e+00 1.600000000000000089e+00 3.759999999999999779e-04 -2.811999999999999830e-03 -9.999959999999999960e-01 4.446760000000000157e-01 8.956880000000000397e-01 -2.350999999999999791e-03 8.956910000000000149e-01 -4.446740000000000137e-01 1.587000000000000086e-03
2.300000000000000000e+01 2.400000000000000000e+01 9.000000000000000000e+00 0.000000000000000000e+00 1.600000000000000089e+00 9.479999999999999495e-04 3.016000000000000018e-03 -9.999949999999999672e-01 4.444969999999999755e-01 8.957749999999999879e-01 3.122999999999999908e-03 8.957800000000000207e-01 -4.444980000000000042e-01 -4.910000000000000085e-04
2.300000000000000000e+01 3.100000000000000000e+01 1.200000000000000000e+01 0.000000000000000000e+00 1.600000000000000089e+00 -1.730000000000000038e-04 -3.641000000000000139e-03 9.999930000000000208e-01 9.112000000000000308e-03 9.999519999999999520e-01 3.642999999999999971e-03 -9.999580000000000135e-01 9.112000000000000308e-03 -1.389999999999999905e-04
4.000000000000000000e+00 1.160000000000000000e+02 1.600000000000000000e+01 0.000000000000000000e+00 1.600000000000000089e+00 1.345000000000000058e-03 -2.458000000000000115e-03 9.999959999999999960e-01 7.127250000000000529e-01 7.014439999999999564e-01 7.659999999999999708e-04 -7.014430000000000387e-01 7.127210000000000489e-01 2.694999999999999913e-03
1.100000000000000000e+01 1.160000000000000000e+02 1.600000000000000000e+01 0.000000000000000000e+00 1.600000000000000089e+00 -1.232000000000000022e-03 -4.440000000000000045e-04 9.999989999999999712e-01 6.937919999999999643e-01 7.201739999999999808e-01 1.175000000000000046e-03 -7.201739999999999808e-01 6.937929999999999930e-01 -5.789999999999999791e-04
2.400000000000000000e+01 1.160000000000000000e+02 1.600000000000000000e+01 0.000000000000000000e+00 1.600000000000000089e+00 1.503999999999999912e-03 2.194000000000000204e-03 9.999959999999999960e-01 6.748319999999999874e-01 7.379660000000000108e-01 -2.634000000000000057e-03 -7.379700000000000149e-01 6.748340000000000449e-01 -3.710000000000000190e-04
2.000000000000000000e+00 2.000000000000000000e+00 1.900000000000000000e+01 0.000000000000000000e+00 1.600000000000000089e+00 -1.747999999999999988e-03 1.283399999999999992e-02 -9.999160000000000270e-01 1.859250000000000069e-01 -9.824789999999999912e-01 -1.293500000000000032e-02 -9.825620000000000465e-01 -1.859319999999999862e-01 -6.689999999999999983e-04
7.000000000000000000e+00 2.000000000000000000e+00 1.900000000000000000e+01 0.000000000000000000e+00 1.600000000000000089e+00 1.060000000000000016e-04 9.601000000000000159e-03 -9.999540000000000095e-01 1.904220000000000079e-01 -9.816570000000000018e-01 -9.405000000000000165e-03 -9.817019999999999635e-01 -1.904119999999999979e-01 -1.931999999999999907e-03
1.100000000000000000e+01 2.000000000000000000e+00 1.900000000000000000e+01 0.000000000000000000e+00 1.600000000000000089e+00 3.298999999999999849e-03 -1.045500000000000075e-02 -9.999400000000000510e-01 1.931249999999999911e-01 -9.811140000000000416e-01 1.089599999999999944e-02 -9.811689999999999579e-01 -1.931489999999999874e-01 -1.217999999999999899e-03
2.100000000000000000e+01 2.000000000000000000e+00 1.900000000000000000e+01 0.000000000000000000e+00 1.600000000000000089e+00 -2.011000000000000201e-03 3.265000000000000107e-03 -9.999930000000000208e-01 1.920850000000000057e-01 -9.813720000000000221e-01 -3.589999999999999875e-03 -9.813760000000000261e-01 -1.920910000000000117e-01 1.347000000000000107e-03
2.500000000000000000e+01 2.000000000000000000e+00 1.900000000000000000e+01 0.000000000000000000e+00 1.600000000000000089e+00 -4.410999999999999990e-03 1.629900000000000099e-02 -9.998569999999999958e-01 1.938580000000000025e-01 -9.808850000000000069e-01 -1.684499999999999886e-02 -9.810200000000000031e-01 -1.939039999999999930e-01 1.167000000000000069e-03
3.000000000000000000e+01 4.000000000000000000e+00 2.000000000000000000e+01 0.000000000000000000e+00 1.600000000000000089e+00 4.394000000000000336e-03 -1.574000000000000095e-03 -9.999890000000000168e-01 2.835659999999999847e-01 -9.589490000000000514e-01 2.755000000000000070e-03 -9.589429999999999898e-01 -2.835750000000000215e-01 -3.768000000000000082e-03
2.000000000000000000e+00 1.300000000000000000e+01 2.000000000000000000e+01 0.000000000000000000e+00 1.600000000000000089e+00 -3.184000000000000198e-03 -8.781000000000000610e-03 9.999559999999999560e-01 2.500709999999999877e-01 9.681830000000000158e-01 9.298000000000000709e-03 -9.682220000000000271e-01 2.500890000000000057e-01 -8.859999999999999603e-04
6.000000000000000000e+00 1.300000000000000000e+01 2.000000000000000000e+01 0.000000000000000000e+00 1.600000000000000089e+00 -2.654000000000000109e-03 -1.172300000000000078e-02 9.999280000000000390e-01 2.509350000000000191e-01 9.679290000000000393e-01 1.201400000000000037e-02 -9.679999999999999716e-01 2.509480000000000044e-01 3.730000000000000134e-04
1.900000000000000000e+01 1.300000000000000000e+01 2.000000000000000000e+01 0.000000000000000000e+00 1.600000000000000089e+00 -2.108000000000000065e-03 -5.375999999999999703e-03 9.999829999999999552e-01 2.478970000000000062e-01 9.687689999999999912e-01 5.730999999999999983e-03 -9.687839999999999785e-01 2.479049999999999865e-01 -7.100000000000000191e-04
2.200000000000000000e+01 1.300000000000000000e+01 2.000000000000000000e+01 0.000000000000000000e+00 1.600000000000000089e+00 -8.408999999999999808e-03 -1.479300000000000059e-02 9.998550000000000493e-01 2.492300000000000071e-01 9.683049999999999713e-01 1.642199999999999910e-02 -9.684080000000000465e-01 2.493319999999999981e-01 -4.455999999999999892e-03
2.800000000000000000e+01 1.300000000000000000e+01 2.000000000000000000e+01 0.000000000000000000e+00 1.600000000000000089e+00 -7.222000000000000121e-03 -1.037700000000000081e-02 9.999200000000000310e-01 2.567039999999999877e-01 9.664169999999999705e-01 1.188299999999999947e-02 -9.664629999999999610e-01 2.567699999999999982e-01 -4.315000000000000259e-03
7.000000000000000000e+00 1.600000000000000000e+01 2.100000000000000000e+01 0.000000000000000000e+00 1.600000000000000089e+00 -1.136999999999999990e-03 -9.745000000000000190e-03 9.999519999999999520e-01 2.965599999999999903e-01 9.549659999999999815e-01 9.643000000000000529e-03 -9.550140000000000295e-01 2.965559999999999863e-01 1.804000000000000048e-03
1.100000000000000000e+01 1.600000000000000000e+01 2.100000000000000000e+01 0.000000000000000000e+00 1.600000000000000089e+00 7.955999999999999531e-03 2.052999999999999964e-02 9.997580000000000355e-01 2.956679999999999864e-01 9.550380000000000535e-01 -2.196499999999999841e-02 -9.552580000000000515e-01 2.957710000000000061e-01 1.528000000000000061e-03
2.600000000000000000e+01 1.600000000000000000e+01 2.100000000000000000e+01 0.000000000000000000e+00 1.600000000000000089e+00 -1.140000000000000041e-02 -2.005900000000000044e-02 9.997340000000000115e-01 2.992250000000000187e-01 9.539159999999999862e-01 2.255199999999999913e-02 -9.541140000000000176e-01 2.994029999999999747e-01 -4.872999999999999728e-03
3.000000000000000000e+01 1.600000000000000000e+01 2.100000000000000000e+01 0.000000000000000000e+00 1.600000000000000089e+00 -4.131000000000000123e-03 -2.373999999999999808e-03 9.999890000000000168e-01 3.017009999999999970e-01 9.533960000000000212e-01 3.508999999999999966e-03 -9.533939999999999637e-01 3.017119999999999802e-01 -3.222000000000000038e-03
3.000000000000000000e+01 4.800000000000000000e+01 2.400000000000000000e+01 0.000000000000000000e+00 1.600000000000000089e+00 -3.490000000000000047e-03 2.021999999999999926e-03 9.999919999999999920e-01 8.601370000000000404e-01 5.100590000000000401e-01 1.971000000000000096e-03 -5.100510000000000321e-01 8.601370000000000404e-01 -3.518999999999999993e-03
4.000000000000000000e+00 3.000000000000000000e+00 2.500000000000000000e+01 0.000000000000000000e+00 1.600000000000000089e+00 4.408999999999999725e-03 1.879300000000000068e-02 9.998139999999999805e-01 -5.195400000000000018e-02 -9.984690000000000509e-01 1.899599999999999900e-02 9.986399999999999721e-01 -5.202799999999999786e-02 -3.425999999999999792e-03
8.000000000000000000e+00 3.000000000000000000e+00 2.500000000000000000e+01 0.000000000000000000e+00 1.600000000000000089e+00 -1.732000000000000033e-03 7.727999999999999627e-03 9.999689999999999968e-01 -4.954100000000000170e-02 -9.987430000000000474e-01 7.631999999999999895e-03 9.987709999999999644e-01 -4.952600000000000058e-02 2.112999999999999861e-03
1.500000000000000000e+01 3.000000000000000000e+00 2.500000000000000000e+01 0.000000000000000000e+00 1.600000000000000089e+00 1.289999999999999914e-04 -1.822000000000000052e-03 9.999980000000000535e-01 -5.716600000000000154e-02 -9.983630000000000004e-01 -1.810999999999999893e-03 9.983649999999999469e-01 -5.716600000000000154e-02 -2.329999999999999986e-04
2.000000000000000000e+01 3.000000000000000000e+00 2.500000000000000000e+01 0.000000000000000000e+00 1.600000000000000089e+00 6.441999999999999810e-03 -3.490000000000000047e-03 9.999730000000000008e-01 -6.526800000000000657e-02 -9.978630000000000555e-01 -3.062000000000000052e-03 9.978470000000000395e-01 -6.524699999999999944e-02 -6.655999999999999590e-03
2.400000000000000000e+01 3.000000000000000000e+00 2.500000000000000000e+01 0.000000000000000000e+00 1.600000000000000089e+00 1.611800000000000038e-02 5.249999999999999676e-04 9.998700000000000365e-01 -6.210000000000000242e-02 -9.980689999999999840e-01 1.525000000000000097e-03 9.979400000000000492e-01 -6.211699999999999861e-02 -1.605399999999999883e-02
5.000000000000000000e+00 4.600000000000000000e+01 2.700000000000000000e+01 0.000000000000000000e+00 1.600000000000000089e+00 -1.769999999999999926e-04 -3.206000000000000082e-03 -9.999949999999999672e-01 6.613539999999999974e-01 7.500700000000000145e-01 -2.521999999999999936e-03 7.500740000000000185e-01 -6.613510000000000222e-01 1.987000000000000051e-03
1.700000000000000000e+01 4.600000000000000000e+01 2.700000000000000000e+01 0.000000000000000000e+00 1.600000000000000089e+00 -1.244000000000000097e-03 -3.919999999999999873e-04 -9.999989999999999712e-01 6.597159999999999691e-01 7.515140000000000153e-01 -1.115000000000000106e-03 7.515140000000000153e-01 -6.597169999999999979e-01 -6.759999999999999516e-04
2.200000000000000000e+01 4.600000000000000000e+01 2.700000000000000000e+01 0.000000000000000000e+00 1.600000000000000089e+00 -3.330000000000000169e-04 -2.981999999999999842e-03 -9.999959999999999960e-01 6.551919999999999966e-01 7.554579999999999629e-01 -2.471000000000000106e-03 7.554619999999999669e-01 -6.551900000000000501e-01 1.703000000000000087e-03
3.000000000000000000e+01 4.600000000000000000e+01 2.700000000000000000e+01 0.000000000000000000e+00 1.600000000000000089e+00 1.760000000000000063e-03 -4.688999999999999592e-03 -9.999869999999999592e-01 6.540589999999999460e-01 7.564389999999999725e-01 -2.396000000000000126e-03 7.564410000000000300e-01 -6.540470000000000450e-01 4.399000000000000132e-03
1.800000000000000000e+01 4.600000000000000000e+01 3.000000000000000000e+01 0.000000000000000000e+00 1.600000000000000089e+00 -7.209999999999999612e-04 6.149999999999999868e-04 -1.000000000000000000e+00 3.327490000000000170e-01 9.430150000000000476e-01 3.400000000000000244e-04 9.430150000000000476e-01 -3.327490000000000170e-01 -8.840000000000000201e-04
5.000000000000000000e+00 5.800000000000000000e+01 3.100000000000000000e+01 0.000000000000000000e+00 1.600000000000000089e+00 -1.240999999999999916e-03 -8.052000000000000129e-03 9.999670000000000503e-01 -7.929230000000000445e-01 -6.092940000000000023e-01 -5.890000000000000270e-03 6.093210000000000015e-01 -7.929040000000000532e-01 -5.628000000000000190e-03
1.100000000000000000e+01 5.800000000000000000e+01 3.100000000000000000e+01 0.000000000000000000e+00 1.600000000000000089e+00 -1.758000000000000014e-03 4.178000000000000290e-03 9.999900000000000455e-01 -7.967549999999999910e-01 -6.043020000000000058e-01 1.124999999999999915e-03 6.042999999999999483e-01 -7.967450000000000365e-01 4.390999999999999938e-03
1.600000000000000000e+01 5.800000000000000000e+01 3.100000000000000000e+01 0.000000000000000000e+00 1.600000000000000089e+00 -2.818000000000000192e-03 -4.504000000000000191e-03 9.999860000000000415e-01 -7.960760000000000058e-01 -6.051760000000000472e-01 -4.969000000000000326e-03 6.051900000000000057e-01 -7.960789999999999811e-01 -1.881000000000000076e-03
2.000000000000000000e+01 5.800000000000000000e+01 3.100000000000000000e+01 0.000000000000000000e+00 1.600000000000000089e+00 -1.399999999999999979e-05 -2.944000000000000002e-03 9.999959999999999960e-01 -7.956600000000000339e-01 -6.057399999999999451e-01 -1.794999999999999938e-03 6.057430000000000314e-01 -7.956569999999999476e-01 -2.334000000000000137e-03
2.600000000000000000e+01 5.800000000000000000e+01 3.100000000000000000e+01 0.000000000000000000e+00 1.600000000000000089e+00 9.280000000000000054e-04 6.299999999999999990e-05 1.000000000000000000e+00 -7.970469999999999500e-01 -6.039160000000000084e-01 7.780000000000000457e-04 6.039160000000000084e-01 -7.970479999999999787e-01 -5.100000000000000366e-04
1.800000000000000000e+01 2.300000000000000000e+01 3.400000000000000000e+01 0.000000000000000000e+00 1.600000000000000089e+00 -6.870000000000000022e-04 2.704999999999999939e-03 9.999959999999999960e-01 4.006410000000000249e-01 -9.162310000000000176e-01 2.753999999999999938e-03 9.162350000000000216e-01 4.006419999999999981e-01 -4.539999999999999765e-04
1.800000000000000000e+01 4.200000000000000000e+01 3.400000000000000000e+01 0.000000000000000000e+00 1.600000000000000089e+00 6.329999999999999906e-04 -2.219000000000000052e-03 -9.999970000000000248e-01 -2.918620000000000103e-01 9.564580000000000304e-01 -2.308000000000000156e-03 9.564599999999999769e-01 2.918620000000000103e-01 -4.199999999999999768e-05
5.000000000000000000e+00 4.600000000000000000e+01 3.500000000000000000e+01 0.000000000000000000e+00 1.600000000000000089e+00 -1.991999999999999847e-03 1.791999999999999973e-03 -9.999959999999999960e-01 3.905859999999999888e-01 -9.205630000000000202e-01 -2.428000000000000037e-03 -9.205640000000000489e-01 -3.905899999999999928e-01 1.134000000000000025e-03
1.100000000000000000e+01 4.600000000000000000e+01 3.500000000000000000e+01 0.000000000000000000e+00 1.600000000000000089e+00 5.372000000000000039e-03 -5.363999999999999845e-03 -9.999710000000000543e-01 3.872209999999999819e-01 -9.219600000000000017e-01 7.024999999999999994e-03 -9.219709999999999850e-01 -3.872470000000000079e-01 -2.874999999999999951e-03
1.400000000000000000e+01 4.600000000000000000e+01 3.500000000000000000e+01 0.000000000000000000e+00 1.600000000000000089e+00 3.531999999999999983e-03 -3.848999999999999991e-03 -9.999860000000000415e-01 3.847700000000000009e-01 -9.229990000000000139e-01 4.911999999999999700e-03 -9.230059999999999931e-01 -3.847820000000000129e-01 -1.778999999999999982e-03
1.900000000000000000e+01 4.600000000000000000e+01 3.500000000000000000e+01 0.000000000000000000e+00 1.600000000000000089e+00 -4.690000000000000158e-04 2.380000000000000117e-04 -1.000000000000000000e+00 3.839920000000000000e-01 -9.233360000000000456e-01 -4.000000000000000192e-04 -9.233360000000000456e-01 -3.839920000000000000e-01 3.409999999999999945e-04
2.500000000000000000e+01 4.600000000000000000e+01 3.500000000000000000e+01 0.000000000000000000e+00 1.600000000000000089e+00 -4.194999999999999944e-03 2.217999999999999920e-03 -9.999890000000000168e-01 3.886839999999999740e-01 -9.213639999999999608e-01 -3.674000000000000182e-03 -9.213620000000000143e-01 -3.886950000000000127e-01 3.003000000000000027e-03
6.000000000000000000e+00 9.500000000000000000e+01 3.600000000000000000e+01 0.000000000000000000e+00 1.600000000000000089e+00 -6.839999999999999726e-03 -1.247299999999999971e-02 9.998989999999999823e-01 9.979479999999999462e-01 6.357500000000000651e-02 7.618999999999999904e-03 -6.366399999999999837e-02 9.978989999999999805e-01 1.201299999999999937e-02
1.600000000000000000e+01 9.500000000000000000e+01 3.600000000000000000e+01 0.000000000000000000e+00 1.600000000000000089e+00 1.544099999999999986e-02 2.340800000000000172e-02 9.996070000000000233e-01 9.973710000000000075e-01 7.043399999999999661e-02 -1.705600000000000172e-02 -7.080599999999999394e-02 9.972419999999999618e-01 -2.225900000000000101e-02
2.100000000000000000e+01 9.500000000000000000e+01 3.600000000000000000e+01 0.000000000000000000e+00 1.600000000000000089e+00 -1.304000000000000038e-03 -3.307000000000000044e-03 9.999940000000000495e-01 9.976690000000000280e-01 6.822400000000000686e-02 1.526999999999999929e-03 -6.822899999999999798e-02 9.976650000000000240e-01 3.210000000000000180e-03
2.400000000000000000e+01 9.500000000000000000e+01 3.600000000000000000e+01 0.000000000000000000e+00 1.600000000000000089e+00 -1.018400000000000034e-02 -8.869000000000000147e-03 9.999090000000000478e-01 9.979310000000000125e-01 6.339899999999999702e-02 1.072599999999999942e-02 -6.348800000000000276e-02 9.979489999999999750e-01 8.205000000000000487e-03
2.000000000000000000e+01 9.500000000000000000e+01 3.700000000000000000e+01 0.000000000000000000e+00 1.600000000000000089e+00 3.311999999999999840e-03 -1.160999999999999923e-03 9.999940000000000495e-01 9.959209999999999452e-01 9.017600000000000615e-02 -3.193000000000000092e-03 -9.017200000000000215e-02 9.959249999999999492e-01 1.454999999999999913e-03
8.000000000000000000e+00 3.000000000000000000e+00 4.300000000000000000e+01 0.000000000000000000e+00 1.600000000000000089e+00 -1.136000000000000074e-03 3.603999999999999999e-03 -9.999930000000000208e-01 7.380160000000000053e-01 -6.747750000000000137e-01 -3.271000000000000036e-03 -6.747819999999999929e-01 -7.380139999999999478e-01 -1.892999999999999934e-03
9.000000000000000000e+00 2.900000000000000000e+01 4.400000000000000000e+01 0.000000000000000000e+00 1.600000000000000089e+00 3.226000000000000135e-03 5.640000000000000048e-03 -9.999789999999999512e-01 6.404900000000000038e-01 7.679399999999999560e-01 6.396999999999999909e-03 7.679599999999999760e-01 -6.404969999999999830e-01 -1.134999999999999941e-03
1.700000000000000000e+01 2.900000000000000000e+01 4.400000000000000000e+01 0.000000000000000000e+00 1.600000000000000089e+00 -5.429999999999999714e-04 -4.049999999999999781e-04 -1.000000000000000000e+00 6.441459999999999964e-01 7.649019999999999708e-01 -6.599999999999999964e-04 7.649019999999999708e-01 -6.441470000000000251e-01 -1.540000000000000028e-04
2.300000000000000000e+01 2.900000000000000000e+01 4.400000000000000000e+01 0.000000000000000000e+00 1.600000000000000089e+00 -8.450000000000000479e-04 1.052999999999999900e-03 -9.999989999999999712e-01 6.514560000000000350e-01 7.586859999999999715e-01 2.489999999999999809e-04 7.586859999999999715e-01 -6.514560000000000350e-01 -1.327000000000000055e-03
2.800000000000000000e+01 2.900000000000000000e+01 4.400000000000000000e+01 0.000000000000000000e+00 1.600000000000000089e+00 8.009999999999999542e-04 5.204000000000000292e-03 -9.999860000000000415e-01 6.560160000000000435e-01 7.547340000000000160e-01 4.453000000000000361e-03 7.547469999999999457e-01 -6.560099999999999820e-01 -2.808999999999999865e-03
1.600000000000000000e+01 6.500000000000000000e+01 4.600000000000000000e+01 0.000000000000000000e+00 1.600000000000000089e+00 -0.000000000000000000e+00 -1.378000000000000102e-03 9.999989999999999712e-01 6.798490000000000366e-01 -7.333509999999999751e-01 -1.010000000000000047e-03 7.333520000000000039e-01 6.798490000000000366e-01 9.370000000000000074e-04
1.000000000000000000e+00 5.000000000000000000e+00 5.100000000000000000e+01 0.000000000000000000e+00 1.600000000000000089e+00 -1.830999999999999945e-03 -8.422000000000000666e-03 -9.999630000000000463e-01 4.923159999999999759e-01 -8.703929999999999723e-01 6.428999999999999819e-03 -8.704150000000000498e-01 -4.922849999999999726e-01 5.740000000000000310e-03
5.000000000000000000e+00 5.000000000000000000e+00 5.100000000000000000e+01 0.000000000000000000e+00 1.600000000000000089e+00 9.859999999999998974e-04 -6.999000000000000013e-03 -9.999749999999999472e-01 4.878890000000000171e-01 -8.728810000000000180e-01 6.590999999999999637e-03 -8.729050000000000420e-01 -4.878830000000000111e-01 2.553999999999999847e-03
1.100000000000000000e+01 5.000000000000000000e+00 5.100000000000000000e+01 0.000000000000000000e+00 1.600000000000000089e+00 -2.703999999999999806e-03 3.999999999999999819e-06 -9.999959999999999960e-01 4.876460000000000239e-01 -8.730400000000000382e-01 -1.322000000000000041e-03 -8.730369999999999520e-01 -4.876480000000000259e-01 2.358999999999999986e-03
4.000000000000000000e+00 3.900000000000000000e+01 5.100000000000000000e+01 0.000000000000000000e+00 1.600000000000000089e+00 -1.206199999999999981e-02 -3.016510000000000025e-01 9.533420000000000227e-01 3.356089999999999907e-01 8.968850000000000433e-01 2.880340000000000122e-01 -9.419239999999999835e-01 3.234239999999999893e-01 9.041899999999999937e-02
3.000000000000000000e+00 7.000000000000000000e+00 5.200000000000000000e+01 0.000000000000000000e+00 1.600000000000000089e+00 -3.840999999999999796e-03 -5.191000000000000301e-03 -9.999789999999999512e-01 1.092110000000000025e-01 -9.940069999999999739e-01 4.740000000000000289e-03 -9.940109999999999779e-01 -1.091909999999999964e-01 4.385000000000000009e-03
5.000000000000000000e+00 4.000000000000000000e+01 5.200000000000000000e+01 0.000000000000000000e+00 1.600000000000000089e+00 3.229999999999999907e-04 -2.103269999999999862e-01 9.776310000000000278e-01 1.694759999999999878e-01 9.635010000000000518e-01 2.072309999999999985e-01 -9.855340000000000211e-01 1.656179999999999874e-01 3.595600000000000185e-02
1.200000000000000000e+01 4.200000000000000000e+01 5.200000000000000000e+01 0.000000000000000000e+00 1.600000000000000089e+00 3.333499999999999658e-02 -6.811120000000000507e-01 7.314199999999999591e-01 8.296499999999999708e-02 7.311860000000000026e-01 6.771139999999999937e-01 -9.959949999999999637e-01 3.811099999999999904e-02 8.088299999999999657e-02
1.800000000000000000e+01 4.400000000000000000e+01 5.300000000000000000e+01 0.000000000000000000e+00 1.600000000000000089e+00 5.498499999999999915e-02 -4.651710000000000012e-01 -8.835119999999999640e-01 8.635700000000000320e-02 -8.793189999999999618e-01 4.683379999999999765e-01 -9.947460000000000191e-01 -1.020490000000000008e-01 -8.177999999999999506e-03
1.700000000000000000e+01 4.500000000000000000e+01 5.300000000000000000e+01 0.000000000000000000e+00 1.600000000000000089e+00 7.834099999999999397e-02 -6.609589999999999632e-01 -7.463220000000000409e-01 8.175799999999999734e-02 -7.418409999999999727e-01 6.655729999999999702e-01 -9.935680000000000067e-01 -1.131599999999999967e-01 -4.079000000000000160e-03
1.600000000000000000e+01 4.600000000000000000e+01 5.300000000000000000e+01 0.000000000000000000e+00 1.600000000000000089e+00 1.022740000000000038e-01 -7.293859999999999788e-01 -6.764139999999999597e-01 1.062260000000000010e-01 -6.680840000000000112e-01 7.364640000000000075e-01 -9.890679999999999472e-01 -1.471739999999999993e-01 9.152000000000000413e-03
2.000000000000000000e+00 6.300000000000000000e+01 5.400000000000000000e+01 0.000000000000000000e+00 1.600000000000000089e+00 1.699999999999999987e-05 8.520000000000000013e-04 1.000000000000000000e+00 -3.650079999999999991e-01 9.310040000000000537e-01 -7.870000000000000476e-04 -9.310049999999999715e-01 -3.650070000000000259e-01 3.269999999999999795e-04
5.000000000000000000e+00 6.300000000000000000e+01 5.400000000000000000e+01 0.000000000000000000e+00 1.600000000000000089e+00 -6.489999999999999459e-04 1.348000000000000023e-03 9.999989999999999712e-01 -3.651249999999999774e-01 9.309570000000000345e-01 -1.492000000000000054e-03 -9.309579999999999522e-01 -3.651260000000000061e-01 -1.119999999999999983e-04
9.000000000000000000e+00 6.300000000000000000e+01 5.400000000000000000e+01 0.000000000000000000e+00 1.600000000000000089e+00 -4.040000000000000080e-04 2.187000000000000142e-03 9.999980000000000535e-01 -3.621670000000000167e-01 9.321110000000000229e-01 -2.184999999999999876e-03 -9.321129999999999693e-01 -3.621670000000000167e-01 4.159999999999999744e-04
1.300000000000000000e+01 6.300000000000000000e+01 5.400000000000000000e+01 0.000000000000000000e+00 1.600000000000000089e+00 -7.990000000000000140e-04 4.427000000000000379e-03 9.999900000000000455e-01 -3.602719999999999811e-01 9.328370000000000273e-01 -4.418000000000000052e-03 -9.328469999999999818e-01 -3.602719999999999811e-01 8.490000000000000368e-04
2.000000000000000000e+01 6.300000000000000000e+01 5.400000000000000000e+01 0.000000000000000000e+00 1.600000000000000089e+00 -4.110000000000000155e-04 2.509999999999999753e-04 1.000000000000000000e+00 -3.479909999999999948e-01 9.374980000000000535e-01 -3.789999999999999966e-04 -9.374980000000000535e-01 -3.479920000000000235e-01 -2.979999999999999793e-04
2.900000000000000000e+01 6.300000000000000000e+01 5.400000000000000000e+01 0.000000000000000000e+00 1.600000000000000089e+00 7.700000000000000139e-05 5.400000000000000069e-04 1.000000000000000000e+00 -3.518479999999999941e-01 9.360570000000000279e-01 -4.780000000000000178e-04 -9.360570000000000279e-01 -3.518479999999999941e-01 2.620000000000000258e-04
1.000000000000000000e+01 2.500000000000000000e+01 5.500000000000000000e+01 0.000000000000000000e+00 1.600000000000000089e+00 3.209999999999999963e-04 -4.262000000000000163e-03 -9.999909999999999632e-01 -1.220000000000000077e-02 -9.999160000000000270e-01 4.257999999999999632e-03 -9.999259999999999815e-01 1.219800000000000051e-02 -3.730000000000000134e-04
1.500000000000000000e+01 2.500000000000000000e+01 5.500000000000000000e+01 0.000000000000000000e+00 1.600000000000000089e+00 -4.569999999999999952e-04 -2.958999999999999825e-03 -9.999959999999999960e-01 -1.130800000000000034e-02 -9.999320000000000430e-01 2.964000000000000055e-03 -9.999360000000000470e-01 1.131000000000000061e-02 4.229999999999999819e-04
2.300000000000000000e+01 2.600000000000000000e+01 5.500000000000000000e+01 0.000000000000000000e+00 1.600000000000000089e+00 2.899999999999999800e-03 2.144799999999999832e-02 -9.997660000000000435e-01 -3.262600000000000222e-02 -9.992360000000000131e-01 -2.153100000000000153e-02 -9.994629999999999903e-01 3.268100000000000172e-02 -2.197999999999999867e-03
7.000000000000000000e+00 7.600000000000000000e+01 5.600000000000000000e+01 0.000000000000000000e+00 1.600000000000000089e+00 1.360000000000000098e-03 -2.870999999999999854e-03 -9.999949999999999672e-01 -1.390949999999999964e-01 9.902739999999999876e-01 -3.033000000000000106e-03 9.902779999999999916e-01 1.390979999999999994e-01 9.479999999999999495e-04
1.200000000000000000e+01 4.600000000000000000e+01 5.700000000000000000e+01 0.000000000000000000e+00 1.600000000000000089e+00 3.769999999999999914e-03 -5.572740000000000471e-01 -8.303199999999999470e-01 -1.910900000000000098e-01 -8.154270000000000129e-01 5.464099999999999513e-01 -9.815650000000000208e-01 1.566059999999999952e-01 -1.095629999999999937e-01
1.300000000000000000e+01 6.800000000000000000e+01 5.700000000000000000e+01 0.000000000000000000e+00 1.600000000000000089e+00 1.479000000000000063e-03 2.102999999999999835e-03 -9.999970000000000248e-01 -2.506829999999999892e-01 -9.680659999999999821e-01 -2.406000000000000152e-03 -9.680680000000000396e-01 2.506860000000000199e-01 -9.049999999999999885e-04
2.000000000000000000e+01 6.800000000000000000e+01 5.700000000000000000e+01 0.000000000000000000e+00 1.600000000000000089e+00 -1.118999999999999986e-03 -1.122399999999999960e-02 -9.999360000000000470e-01 -2.494790000000000063e-01 -9.683159999999999545e-01 1.114899999999999919e-02 -9.683800000000000185e-01 2.494750000000000023e-01 -1.716999999999999993e-03
2.000000000000000000e+00 2.100000000000000000e+01 6.000000000000000000e+01 0.000000000000000000e+00 1.600000000000000089e+00 1.139999999999999954e-03 -4.500999999999999793e-03 9.999890000000000168e-01 -9.805200000000000027e-02 9.951710000000000278e-01 4.590999999999999595e-03 -9.951809999999999823e-01 -9.805600000000000427e-02 6.930000000000000396e-04
8.000000000000000000e+00 2.100000000000000000e+01 6.000000000000000000e+01 0.000000000000000000e+00 1.600000000000000089e+00 -7.089999999999999948e-04 4.919999999999999894e-03 9.999879999999999880e-01 -9.944100000000000161e-02 9.950309999999999988e-01 -4.965999999999999928e-03 -9.950430000000000108e-01 -9.944400000000000461e-02 -2.159999999999999919e-04
1.200000000000000000e+01 2.100000000000000000e+01 6.000000000000000000e+01 0.000000000000000000e+00 1.600000000000000089e+00 -1.797999999999999902e-03 -7.690000000000000438e-04 9.999980000000000535e-01 -9.942600000000000049e-02 9.950449999999999573e-01 5.869999999999999567e-04 -9.950430000000000108e-01 -9.942499999999999949e-02 -1.864999999999999904e-03
1.800000000000000000e+01 2.100000000000000000e+01 6.000000000000000000e+01 0.000000000000000000e+00 1.600000000000000089e+00 2.923999999999999950e-03 3.115999999999999846e-03 9.999909999999999632e-01 -9.823099999999999887e-02 9.951600000000000446e-01 -2.814000000000000095e-03 -9.951590000000000158e-01 -9.822200000000000375e-02 3.216000000000000109e-03
2.500000000000000000e+01 2.100000000000000000e+01 6.000000000000000000e+01 0.000000000000000000e+00 1.600000000000000089e+00 -8.970000000000000109e-04 -4.312999999999999994e-03 9.999900000000000455e-01 -9.565300000000000191e-02 9.954060000000000130e-01 4.206999999999999802e-03 -9.954140000000000210e-01 -9.564799999999999691e-02 -1.304999999999999953e-03
2.800000000000000000e+01 4.500000000000000000e+01 6.200000000000000000e+01 0.000000000000000000e+00 1.600000000000000089e+00 -1.921199999999999991e-02 3.086300000000000154e-02 -9.993389999999999773e-01 -6.095549999999999580e-01 -7.926410000000000400e-01 -1.276099999999999977e-02 -7.925109999999999655e-01 6.089059999999999473e-01 3.404100000000000181e-02
2.100000000000000000e+01 3.000000000000000000e+00 6.300000000000000000e+01 0.000000000000000000e+00 1.600000000000000089e+00 3.499999999999999693e-05 6.114999999999999776e-03 9.999810000000000088e-01 -6.152999999999999581e-01 7.882780000000000342e-01 -4.799000000000000314e-03 -7.882930000000000215e-01 -6.152889999999999748e-01 3.789999999999999966e-03
3.000000000000000000e+00 2.700000000000000000e+01 6.300000000000000000e+01 0.000000000000000000e+00 1.600000000000000089e+00 1.587000000000000086e-03 -4.580000000000000195e-04 9.999989999999999712e-01 -2.783579999999999943e-01 9.604770000000000252e-01 8.819999999999999715e-04 -9.604759999999999964e-01 -2.783590000000000231e-01 1.397000000000000021e-03
7.000000000000000000e+00 2.700000000000000000e+01 6.300000000000000000e+01 0.000000000000000000e+00 1.600000000000000089e+00 3.029000000000000008e-03 1.789000000000000009e-03 9.999940000000000495e-01 -2.750279999999999947e-01 9.614359999999999573e-01 -8.869999999999999846e-04 -9.614310000000000356e-01 -2.750239999999999907e-01 3.403999999999999908e-03
1.300000000000000000e+01 2.700000000000000000e+01 6.300000000000000000e+01 0.000000000000000000e+00 1.600000000000000089e+00 1.740000000000000010e-04 6.649000000000000396e-03 9.999780000000000335e-01 -2.728180000000000049e-01 9.620450000000000390e-01 -6.349999999999999742e-03 -9.620659999999999767e-01 -2.728110000000000257e-01 1.981000000000000122e-03
2.000000000000000000e+01 2.700000000000000000e+01 6.300000000000000000e+01 0.000000000000000000e+00 1.600000000000000089e+00 2.909999999999999826e-03 2.999999999999999737e-04 9.999959999999999960e-01 -2.693050000000000166e-01 9.630549999999999944e-01 4.949999999999999973e-04 -9.630509999999999904e-01 -2.693050000000000166e-01 2.883000000000000146e-03
2.800000000000000000e+01 2.700000000000000000e+01 6.300000000000000000e+01 0.000000000000000000e+00 1.600000000000000089e+00 1.624999999999999925e-03 2.377200000000000146e-02 9.997160000000000490e-01 -2.487729999999999941e-01 9.682979999999999920e-01 -2.262000000000000122e-02 -9.685599999999999765e-01 -2.486659999999999981e-01 7.486999999999999732e-03
2.900000000000000000e+01 4.400000000000000000e+01 6.300000000000000000e+01 0.000000000000000000e+00 1.600000000000000089e+00 -2.104200000000000167e-02 5.837599999999999734e-02 -9.980729999999999880e-01 -6.775989999999999513e-01 -7.348719999999999697e-01 -2.869599999999999929e-02 -7.351309999999999789e-01 6.756889999999999841e-01 5.501799999999999746e-02
3.000000000000000000e+00 2.600000000000000000e+01 6.400000000000000000e+01 0.000000000000000000e+00 1.600000000000000089e+00 1.255000000000000039e-03 7.720000000000000083e-04 9.999989999999999712e-01 -3.683939999999999992e-01 9.296699999999999964e-01 -2.559999999999999884e-04 -9.296689999999999676e-01 -3.683930000000000260e-01 1.451000000000000033e-03
7.000000000000000000e+00 2.600000000000000000e+01 6.400000000000000000e+01 0.000000000000000000e+00 1.600000000000000089e+00 2.409000000000000117e-03 2.080999999999999951e-03 9.999949999999999672e-01 -3.633359999999999923e-01 9.316579999999999862e-01 -1.062999999999999926e-03 -9.316550000000000109e-01 -3.633319999999999883e-01 3.001000000000000195e-03
1.300000000000000000e+01 2.600000000000000000e+01 6.400000000000000000e+01 0.000000000000000000e+00 1.600000000000000089e+00 -4.380000000000000213e-04 1.141000000000000087e-03 9.999989999999999712e-01 -3.600720000000000032e-01 9.329239999999999755e-01 -1.222999999999999912e-03 -9.329250000000000043e-01 -3.600720000000000032e-01 1.999999999999999909e-06
1.900000000000000000e+01 2.600000000000000000e+01 6.400000000000000000e+01 0.000000000000000000e+00 1.600000000000000089e+00 2.837000000000000112e-03 5.919999999999999915e-03 9.999780000000000335e-01 -3.572960000000000025e-01 9.339800000000000324e-01 -4.516000000000000049e-03 -9.339870000000000116e-01 -3.572750000000000092e-01 4.765000000000000138e-03
2.400000000000000000e+01 8.900000000000000000e+01 6.400000000000000000e+01 0.000000000000000000e+00 1.600000000000000089e+00 1.850000000000000082e-03 -4.860999999999999870e-03 -9.999869999999999592e-01 8.372610000000000330e-01 5.468030000000000390e-01 -1.108999999999999960e-03 5.468009999999999815e-01 -8.372469999999999635e-01 5.081999999999999712e-03
