2.300000000000000000e+01 1.500000000000000000e+01 4.000000000000000000e+00 0.000000000000000000e+00 1.600000000000000089e+00 3.078000000000000007e-03 7.583999999999999596e-03 9.999670000000000503e-01 2.688579999999999859e-01 -9.631579999999999586e-01 6.478000000000000251e-03 9.631750000000000034e-01 2.688289999999999846e-01 -5.002999999999999635e-03
2.700000000000000000e+01 1.500000000000000000e+01 4.000000000000000000e+00 0.000000000000000000e+00 1.600000000000000089e+00 -1.314999999999999980e-03 8.434000000000000524e-03 9.999639999999999640e-01 2.746210000000000040e-01 -9.615150000000000086e-01 8.470999999999999364e-03 9.615519999999999623e-01 2.746219999999999772e-01 -1.051000000000000068e-03
3.000000000000000000e+00 1.600000000000000000e+01 4.000000000000000000e+00 0.000000000000000000e+00 1.600000000000000089e+00 2.687999999999999851e-03 -1.564099999999999865e-02 9.998740000000000405e-01 3.153369999999999784e-01 -9.488499999999999712e-01 -1.568999999999999909e-02 9.489760000000000417e-01 3.153389999999999804e-01 2.380999999999999870e-03
6.000000000000000000e+00 1.600000000000000000e+01 4.000000000000000000e+00 0.000000000000000000e+00 1.600000000000000089e+00 2.484000000000000097e-03 -1.954699999999999840e-02 9.998059999999999725e-01 3.159460000000000046e-01 -9.485799999999999788e-01 -1.932999999999999996e-02 9.487740000000000062e-01 3.159330000000000194e-01 3.818999999999999912e-03
1.100000000000000000e+01 1.600000000000000000e+01 4.000000000000000000e+00 0.000000000000000000e+00 1.600000000000000089e+00 3.003000000000000027e-03 -2.052000000000000005e-02 9.997850000000000348e-01 3.214969999999999772e-01 -9.466909999999999492e-01 -2.039600000000000093e-02 9.469060000000000255e-01 3.214890000000000247e-01 3.753999999999999958e-03
2.100000000000000000e+01 1.600000000000000000e+01 4.000000000000000000e+00 0.000000000000000000e+00 1.600000000000000089e+00 2.962999999999999922e-03 -6.930000000000000396e-04 9.999949999999999672e-01 3.294650000000000079e-01 -9.441659999999999497e-01 -1.629999999999999939e-03 9.441629999999999745e-01 3.294679999999999831e-01 -2.569000000000000103e-03
1.700000000000000000e+01 1.010000000000000000e+02 7.000000000000000000e+00 0.000000000000000000e+00 1.600000000000000089e+00 -7.100000000000000462e-05 7.499999999999999343e-05 1.000000000000000000e+00 8.848620000000000374e-01 4.658530000000000171e-01 2.799999999999999958e-05 -4.658530000000000171e-01 8.848620000000000374e-01 -1.000000000000000048e-04
2.000000000000000000e+01 1.010000000000000000e+02 7.000000000000000000e+00 0.000000000000000000e+00 1.600000000000000089e+00 9.250000000000000409e-04 2.484000000000000097e-03 9.999959999999999960e-01 8.844840000000000479e-01 4.665670000000000095e-01 -1.977000000000000025e-03 -4.665699999999999847e-01 8.844830000000000192e-01 -1.765000000000000076e-03
3.000000000000000000e+00 1.500000000000000000e+01 8.000000000000000000e+00 0.000000000000000000e+00 1.600000000000000089e+00 -7.922999999999999488e-03 -1.184900000000000016e-02 -9.998979999999999535e-01 -5.656269999999999909e-01 -8.245379999999999932e-01 1.425300000000000004e-02 -8.246229999999999949e-01 5.656820000000000181e-01 -1.700000000000000122e-04
7.000000000000000000e+00 1.500000000000000000e+01 8.000000000000000000e+00 0.000000000000000000e+00 1.600000000000000089e+00 -7.952000000000000735e-03 -1.840699999999999975e-02 -9.997989999999999933e-01 -5.680659999999999599e-01 -8.227480000000000349e-01 1.966599999999999945e-02 -8.229450000000000376e-01 5.681079999999999464e-01 -3.913999999999999944e-03
1.100000000000000000e+01 1.500000000000000000e+01 8.000000000000000000e+00 0.000000000000000000e+00 1.600000000000000089e+00 -7.542000000000000093e-03 -2.197999999999999954e-02 -9.997300000000000075e-01 -5.715820000000000345e-01 -8.202409999999999979e-01 2.234600000000000128e-02 -8.205099999999999616e-01 5.715959999999999930e-01 -6.377999999999999989e-03
1.400000000000000000e+01 1.500000000000000000e+01 8.000000000000000000e+00 0.000000000000000000e+00 1.600000000000000089e+00 -7.078000000000000090e-03 -2.132300000000000167e-02 -9.997479999999999700e-01 -5.750530000000000364e-01 -8.178339999999999499e-01 2.151399999999999840e-02 -8.180859999999999799e-01 5.750600000000000156e-01 -6.472999999999999587e-03
1.900000000000000000e+01 1.500000000000000000e+01 8.000000000000000000e+00 0.000000000000000000e+00 1.600000000000000089e+00 -2.827000000000000086e-03 -5.483000000000000027e-03 -9.999810000000000088e-01 -5.790520000000000111e-01 -8.152679999999999927e-01 6.106999999999999582e-03 -8.152859999999999552e-01 5.790579999999999616e-01 -8.700000000000000051e-04
2.300000000000000000e+01 1.500000000000000000e+01 8.000000000000000000e+00 0.000000000000000000e+00 1.600000000000000089e+00 -3.699999999999999947e-04 6.924999999999999732e-03 -9.999759999999999760e-01 -5.799490000000000478e-01 -8.146349999999999980e-01 -5.427000000000000400e-03 -8.146529999999999605e-01 5.799330000000000318e-01 4.317999999999999790e-03
2.600000000000000000e+01 1.500000000000000000e+01 8.000000000000000000e+00 0.000000000000000000e+00 1.600000000000000089e+00 1.471000000000000085e-03 6.616999999999999618e-03 -9.999770000000000048e-01 -5.793850000000000389e-01 -8.150300000000000322e-01 -6.244999999999999683e-03 -8.150530000000000275e-01 5.793810000000000349e-01 2.635000000000000189e-03
3.000000000000000000e+01 1.500000000000000000e+01 8.000000000000000000e+00 0.000000000000000000e+00 1.600000000000000089e+00 2.628999999999999827e-03 1.299999999999999886e-04 -9.999970000000000248e-01 -5.784920000000000062e-01 -8.156860000000000221e-01 -1.626999999999999974e-03 -8.156830000000000469e-01 5.784949999999999815e-01 -2.069999999999999792e-03
5.000000000000000000e+00 2.600000000000000000e+01 8.000000000000000000e+00 0.000000000000000000e+00 1.600000000000000089e+00 5.823000000000000051e-03 2.603000000000000105e-02 -9.996439999999999770e-01 4.204049999999999732e-01 9.069620000000000459e-01 2.606500000000000136e-02 9.073179999999999579e-01 -4.204069999999999752e-01 -5.662000000000000366e-03
8.000000000000000000e+00 2.600000000000000000e+01 8.000000000000000000e+00 0.000000000000000000e+00 1.600000000000000089e+00 6.942000000000000254e-03 2.130599999999999855e-02 -9.997489999999999988e-01 4.174390000000000045e-01 9.084320000000000173e-01 2.225900000000000101e-02 9.086790000000000145e-01 -4.174880000000000257e-01 -2.588000000000000023e-03
1.400000000000000000e+01 2.600000000000000000e+01 8.000000000000000000e+00 0.000000000000000000e+00 1.600000000000000089e+00 6.747999999999999658e-03 2.270600000000000049e-02 -9.997190000000000243e-01 4.125889999999999835e-01 9.106149999999999523e-01 2.346699999999999828e-02 9.108920000000000350e-01 -4.126319999999999988e-01 -3.223000000000000170e-03
2.200000000000000000e+01 2.600000000000000000e+01 8.000000000000000000e+00 0.000000000000000000e+00 1.600000000000000089e+00 7.110000000000000434e-04 -1.443000000000000055e-03 -9.999989999999999712e-01 4.094769999999999799e-01 9.123200000000000198e-01 -1.025000000000000086e-03 9.123200000000000198e-01 -4.094760000000000066e-01 1.240000000000000000e-03
3.000000000000000000e+01 2.600000000000000000e+01 8.000000000000000000e+00 0.000000000000000000e+00 1.600000000000000089e+00 -6.509999999999999945e-04 1.781000000000000031e-03 -9.999980000000000535e-01 4.108289999999999997e-01 9.117110000000000491e-01 1.356000000000000000e-03 9.117119999999999669e-01 -4.108269999999999977e-01 -1.325000000000000006e-03
1.500000000000000000e+01 2.400000000000000000e+01 9.000000000000000000e+00 0.000000000000000000e+00 1.600000000000000089e+00 7.335000000000000374e-03 2.423499999999999960e-02 -9.996789999999999843e-01 4.667979999999999907e-01 8.840139999999999665e-01 2.485599999999999962e-02 8.843330000000000357e-01 -4.668309999999999960e-01 -4.828999999999999959e-03
1.900000000000000000e+01 2.400000000000000000e+01 9.000000000000000000e+00 0.000000000000000000e+00 1.600000000000000089e+00 4.545999999999999694e-03 1.332500000000000004e-02 -9.999010000000000398e-01 4.636440000000000006e-01 8.859120000000000328e-01 1.391399999999999929e-02 8.860099999999999643e-01 -4.636609999999999898e-01 -2.151000000000000134e-03
2.700000000000000000e+01 2.400000000000000000e+01 9.000000000000000000e+00 0.000000000000000000e+00 1.600000000000000089e+00 -7.849999999999999990e-04 -4.295000000000000207e-03 -9.999900000000000455e-01 4.621850000000000125e-01 8.867739999999999512e-01 -4.172000000000000361e-03 8.867829999999999879e-01 -4.621839999999999837e-01 1.289999999999999914e-03
4.000000000000000000e+00 3.100000000000000000e+01 1.200000000000000000e+01 0.000000000000000000e+00 1.600000000000000089e+00 1.681999999999999901e-03 1.477000000000000014e-03 9.999970000000000248e-01 -1.494999999999999975e-02 9.998869999999999703e-01 -1.451000000000000033e-03 -9.998869999999999703e-01 -1.494799999999999948e-02 1.703000000000000087e-03
1.000000000000000000e+01 3.100000000000000000e+01 1.200000000000000000e+01 0.000000000000000000e+00 1.600000000000000089e+00 1.028999999999999967e-03 1.374000000000000004e-03 9.999989999999999712e-01 -1.338499999999999933e-02 9.999090000000000478e-01 -1.360000000000000098e-03 -9.999099999999999655e-01 -1.338400000000000006e-02 1.048000000000000103e-03
1.700000000000000000e+01 3.100000000000000000e+01 1.200000000000000000e+01 0.000000000000000000e+00 1.600000000000000089e+00 -4.949999999999999973e-04 5.237000000000000335e-03 9.999860000000000415e-01 -8.942000000000000295e-03 9.999460000000000015e-01 -5.242000000000000132e-03 -9.999599999999999600e-01 -8.944999999999999826e-03 -4.490000000000000176e-04
2.300000000000000000e+01 3.100000000000000000e+01 1.200000000000000000e+01 0.000000000000000000e+00 1.600000000000000089e+00 -3.029999999999999924e-04 8.080000000000000160e-04 1.000000000000000000e+00 -5.667000000000000162e-03 9.999839999999999840e-01 -8.090000000000000403e-04 -9.999839999999999840e-01 -5.667000000000000162e-03 -2.990000000000000036e-04
2.700000000000000000e+01 3.100000000000000000e+01 1.200000000000000000e+01 0.000000000000000000e+00 1.600000000000000089e+00 -1.949999999999999965e-04 2.629999999999999959e-03 9.999970000000000248e-01 -1.953000000000000092e-03 9.999949999999999672e-01 -2.631000000000000092e-03 -9.999980000000000535e-01 -1.954000000000000008e-03 -1.900000000000000105e-04
1.200000000000000000e+01 1.200000000000000000e+01 1.500000000000000000e+01 0.000000000000000000e+00 1.600000000000000089e+00 -4.276000000000000287e-03 -6.048000000000000424e-03 -9.999730000000000008e-01 -4.737439999999999984e-01 -8.806319999999999704e-01 7.352000000000000028e-03 -8.806519999999999904e-01 4.737629999999999897e-01 8.999999999999999754e-04
1.700000000000000000e+01 1.200000000000000000e+01 1.500000000000000000e+01 0.000000000000000000e+00 1.600000000000000089e+00 -2.102000000000000136e-03 -4.225999999999999722e-03 -9.999890000000000168e-01 -4.733319999999999750e-01 -8.808709999999999596e-01 4.717999999999999972e-03 -8.808810000000000251e-01 4.733370000000000077e-01 -1.489999999999999897e-04
2.200000000000000000e+01 1.200000000000000000e+01 1.500000000000000000e+01 0.000000000000000000e+00 1.600000000000000089e+00 -8.210000000000000067e-04 3.108999999999999785e-03 -9.999949999999999672e-01 -4.745139999999999914e-01 -8.802450000000000552e-01 -2.347999999999999827e-03 -8.802470000000000017e-01 4.745099999999999874e-01 2.197999999999999867e-03
2.800000000000000000e+01 1.200000000000000000e+01 1.500000000000000000e+01 0.000000000000000000e+00 1.600000000000000089e+00 1.766999999999999908e-03 7.676999999999999796e-03 -9.999689999999999968e-01 -4.729240000000000110e-01 -8.810700000000000198e-01 -7.599999999999999985e-03 -8.811010000000000231e-01 4.729229999999999823e-01 2.073000000000000190e-03
9.000000000000000000e+00 2.000000000000000000e+00 1.900000000000000000e+01 0.000000000000000000e+00 1.600000000000000089e+00 2.288000000000000103e-03 -3.572999999999999787e-03 -9.999909999999999632e-01 1.546269999999999867e-01 -9.879649999999999821e-01 3.883999999999999866e-03 -9.879700000000000149e-01 -1.546349999999999947e-01 -1.708000000000000100e-03
1.300000000000000000e+01 2.000000000000000000e+00 1.900000000000000000e+01 0.000000000000000000e+00 1.600000000000000089e+00 2.968999999999999851e-03 -1.206699999999999960e-02 -9.999230000000000063e-01 1.606539999999999913e-01 -9.869329999999999492e-01 1.238700000000000044e-02 -9.870060000000000500e-01 -1.606779999999999875e-01 -9.920000000000000432e-04
1.600000000000000000e+01 2.000000000000000000e+00 1.900000000000000000e+01 0.000000000000000000e+00 1.600000000000000089e+00 3.173000000000000039e-03 -5.028999999999999616e-03 -9.999820000000000375e-01 1.642510000000000081e-01 -9.864030000000000298e-01 5.481999999999999894e-03 -9.864129999999999843e-01 -1.642659999999999954e-01 -2.304000000000000058e-03
2.100000000000000000e+01 2.000000000000000000e+00 1.900000000000000000e+01 0.000000000000000000e+00 1.600000000000000089e+00 -5.280000000000000405e-04 9.412000000000000227e-03 -9.999559999999999560e-01 1.663320000000000076e-01 -9.860250000000000403e-01 -9.369000000000000591e-03 -9.860700000000000021e-01 -1.663290000000000046e-01 -1.044999999999999922e-03
2.500000000000000000e+01 2.000000000000000000e+00 1.900000000000000000e+01 0.000000000000000000e+00 1.600000000000000089e+00 1.301000000000000073e-03 4.850000000000000144e-03 -9.999869999999999592e-01 1.653110000000000135e-01 -9.862309999999999688e-01 -4.568000000000000012e-03 -9.862410000000000343e-01 -1.653030000000000055e-01 -2.085000000000000048e-03
2.800000000000000000e+01 2.000000000000000000e+00 1.900000000000000000e+01 0.000000000000000000e+00 1.600000000000000089e+00 2.639999999999999986e-03 -2.311999999999999819e-03 -9.999940000000000495e-01 1.640189999999999981e-01 -9.864530000000000243e-01 2.713999999999999833e-03 -9.864540000000000530e-01 -1.640260000000000051e-01 -2.224999999999999981e-03
1.600000000000000000e+01 4.000000000000000000e+00 2.000000000000000000e+01 0.000000000000000000e+00 1.600000000000000089e+00 4.542000000000000030e-03 -5.499000000000000415e-03 -9.999749999999999472e-01 2.569790000000000130e-01 -9.663950000000000040e-01 6.480999999999999782e-03 -9.664059999999999873e-01 -2.570020000000000082e-01 -2.975999999999999913e-03
3.000000000000000000e+00 1.300000000000000000e+01 2.000000000000000000e+01 0.000000000000000000e+00 1.600000000000000089e+00 1.069000000000000072e-03 3.782999999999999904e-03 9.999919999999999920e-01 2.527030000000000109e-01 9.675359999999999516e-01 -3.930999999999999599e-03 -9.675430000000000419e-01 2.527050000000000129e-01 7.899999999999999579e-05
9.000000000000000000e+00 1.300000000000000000e+01 2.000000000000000000e+01 0.000000000000000000e+00 1.600000000000000089e+00 2.699999999999999899e-05 3.601000000000000034e-03 9.999940000000000495e-01 2.521499999999999853e-01 9.676820000000000421e-01 -3.491000000000000179e-03 -9.676879999999999926e-01 2.521490000000000120e-01 -8.819999999999999715e-04
1.600000000000000000e+01 1.300000000000000000e+01 2.000000000000000000e+01 0.000000000000000000e+00 1.600000000000000089e+00 -8.570000000000000144e-04 8.379999999999999862e-04 9.999989999999999712e-01 2.557590000000000141e-01 9.667400000000000437e-01 -5.910000000000000539e-04 -9.667400000000000437e-01 2.557579999999999854e-01 -1.043000000000000090e-03
1.900000000000000000e+01 1.300000000000000000e+01 2.000000000000000000e+01 0.000000000000000000e+00 1.600000000000000089e+00 -1.178999999999999927e-03 -5.749999999999999903e-04 9.999989999999999712e-01 2.569270000000000165e-01 9.664300000000000113e-01 8.589999999999999546e-04 -9.664300000000000113e-01 2.569279999999999897e-01 -9.909999999999999105e-04
2.700000000000000000e+01 1.300000000000000000e+01 2.000000000000000000e+01 0.000000000000000000e+00 1.600000000000000089e+00 3.179999999999999776e-04 2.223000000000000149e-03 9.999970000000000248e-01 2.553420000000000134e-01 9.668480000000000407e-01 -2.230000000000000211e-03 -9.668510000000000160e-01 2.553420000000000134e-01 -2.610000000000000015e-04
9.000000000000000000e+00 1.600000000000000000e+01 2.100000000000000000e+01 0.000000000000000000e+00 1.600000000000000089e+00 -5.789999999999999791e-04 -1.129000000000000012e-03 9.999989999999999712e-01 2.979430000000000134e-01 9.545829999999999593e-01 1.250000000000000026e-03 -9.545829999999999593e-01 2.979439999999999866e-01 -2.159999999999999919e-04
2.100000000000000000e+01 1.600000000000000000e+01 2.100000000000000000e+01 0.000000000000000000e+00 1.600000000000000089e+00 -1.838000000000000007e-03 -6.229999999999999644e-04 9.999980000000000535e-01 2.997980000000000089e-01 9.540020000000000167e-01 1.144999999999999967e-03 -9.540009999999999879e-01 2.997989999999999822e-01 -1.565999999999999901e-03
2.700000000000000000e+01 1.600000000000000000e+01 2.100000000000000000e+01 0.000000000000000000e+00 1.600000000000000089e+00 -3.899999999999999929e-05 4.635000000000000231e-03 9.999890000000000168e-01 2.972819999999999907e-01 9.547799999999999621e-01 -4.414000000000000389e-03 -9.547900000000000276e-01 2.972779999999999867e-01 -1.415000000000000025e-03
5.000000000000000000e+00 4.600000000000000000e+01 2.700000000000000000e+01 0.000000000000000000e+00 1.600000000000000089e+00 1.180999999999999975e-03 2.272000000000000148e-03 -9.999970000000000248e-01 6.770089999999999719e-01 7.359710000000000418e-01 2.471999999999999805e-03 7.359740000000000171e-01 -6.770089999999999719e-01 -6.689999999999999983e-04
9.000000000000000000e+00 4.600000000000000000e+01 2.700000000000000000e+01 0.000000000000000000e+00 1.600000000000000089e+00 1.905000000000000009e-03 1.309000000000000051e-03 -9.999970000000000248e-01 6.852190000000000225e-01 7.283340000000000369e-01 2.259000000000000157e-03 7.283349999999999547e-01 -6.852209999999999690e-01 4.899999999999999842e-04
1.200000000000000000e+01 4.600000000000000000e+01 2.700000000000000000e+01 0.000000000000000000e+00 1.600000000000000089e+00 1.763000000000000027e-03 3.119999999999999944e-04 -9.999980000000000535e-01 6.846179999999999488e-01 7.289010000000000211e-01 1.435000000000000078e-03 7.288999999999999924e-01 -6.846189999999999776e-01 1.072000000000000036e-03
4.000000000000000000e+00 4.600000000000000000e+01 3.000000000000000000e+01 0.000000000000000000e+00 1.600000000000000089e+00 -8.729999999999999696e-04 8.249999999999999955e-04 -9.999989999999999712e-01 3.308050000000000157e-01 9.436989999999999545e-01 4.899999999999999842e-04 9.436989999999999545e-01 -3.308039999999999869e-01 -1.097000000000000102e-03
1.100000000000000000e+01 4.600000000000000000e+01 3.000000000000000000e+01 0.000000000000000000e+00 1.600000000000000089e+00 1.735999999999999913e-03 1.572999999999999962e-03 -9.999970000000000248e-01 3.372680000000000122e-01 9.414059999999999651e-01 2.066000000000000128e-03 9.414069999999999938e-01 -3.372709999999999875e-01 1.103999999999999947e-03
1.500000000000000000e+01 4.600000000000000000e+01 3.000000000000000000e+01 0.000000000000000000e+00 1.600000000000000089e+00 -4.650000000000000270e-04 2.599999999999999840e-05 -1.000000000000000000e+00 3.349869999999999792e-01 9.422230000000000327e-01 -1.310000000000000129e-04 9.422230000000000327e-01 -3.349869999999999792e-01 -4.470000000000000232e-04
3.000000000000000000e+00 6.000000000000000000e+00 3.200000000000000000e+01 0.000000000000000000e+00 1.600000000000000089e+00 1.949999999999999965e-04 5.315000000000000280e-03 -9.999860000000000415e-01 1.950469999999999982e-01 9.807799999999999851e-01 5.250999999999999591e-03 9.807940000000000547e-01 -1.950449999999999962e-01 -8.450000000000000479e-04
2.400000000000000000e+01 2.200000000000000000e+01 3.400000000000000000e+01 0.000000000000000000e+00 1.600000000000000089e+00 1.087000000000000076e-03 1.794999999999999938e-03 9.999980000000000535e-01 3.795259999999999745e-01 -9.251800000000000024e-01 1.247999999999999977e-03 9.251810000000000311e-01 3.795229999999999992e-01 -1.686999999999999915e-03
2.400000000000000000e+01 4.300000000000000000e+01 3.400000000000000000e+01 0.000000000000000000e+00 1.600000000000000089e+00 1.165999999999999936e-03 -3.065000000000000016e-03 -9.999949999999999672e-01 -3.319599999999999773e-01 9.432880000000000154e-01 -3.278999999999999797e-03 9.432930000000000481e-01 3.319619999999999793e-01 8.299999999999999815e-05
1.000000000000000000e+00 4.600000000000000000e+01 3.500000000000000000e+01 0.000000000000000000e+00 1.600000000000000089e+00 1.853999999999999962e-03 4.479999999999999933e-04 -9.999980000000000535e-01 3.869819999999999927e-01 -9.220869999999999900e-01 3.040000000000000167e-04 -9.220850000000000435e-01 -3.869819999999999927e-01 -1.882999999999999908e-03
5.000000000000000000e+00 4.600000000000000000e+01 3.500000000000000000e+01 0.000000000000000000e+00 1.600000000000000089e+00 -2.519999999999999996e-04 5.290000000000000431e-03 -9.999860000000000415e-01 3.871979999999999866e-01 -9.219829999999999970e-01 -4.975000000000000255e-03 -9.219969999999999555e-01 -3.871939999999999826e-01 -1.815999999999999906e-03
1.000000000000000000e+01 4.600000000000000000e+01 3.500000000000000000e+01 0.000000000000000000e+00 1.600000000000000089e+00 -6.790000000000000245e-04 -6.220000000000000485e-04 -1.000000000000000000e+00 3.876749999999999918e-01 -9.217959999999999487e-01 3.099999999999999999e-04 -9.217959999999999487e-01 -3.876749999999999918e-01 8.670000000000000406e-04
1.500000000000000000e+01 4.600000000000000000e+01 3.500000000000000000e+01 0.000000000000000000e+00 1.600000000000000089e+00 1.150000000000000035e-04 -1.100000000000000039e-04 -1.000000000000000000e+00 3.877519999999999856e-01 -9.217640000000000278e-01 1.459999999999999981e-04 -9.217640000000000278e-01 -3.877519999999999856e-01 -6.299999999999999990e-05
2.000000000000000000e+01 4.600000000000000000e+01 3.500000000000000000e+01 0.000000000000000000e+00 1.600000000000000089e+00 4.169999999999999987e-04 1.793000000000000106e-03 -9.999980000000000535e-01 3.875899999999999901e-01 -9.218300000000000383e-01 -1.490999999999999921e-03 -9.218319999999999848e-01 -3.875890000000000168e-01 -1.079000000000000098e-03
2.600000000000000000e+01 4.600000000000000000e+01 3.500000000000000000e+01 0.000000000000000000e+00 1.600000000000000089e+00 -1.332000000000000068e-03 -4.389999999999999914e-04 -9.999989999999999712e-01 3.885549999999999837e-01 -9.214250000000000496e-01 -1.129999999999999955e-04 -9.214240000000000208e-01 -3.885549999999999837e-01 1.397999999999999937e-03
2.000000000000000000e+00 9.500000000000000000e+01 3.600000000000000000e+01 0.000000000000000000e+00 1.600000000000000089e+00 1.124700000000000005e-02 1.631999999999999987e-03 9.999350000000000183e-01 9.963640000000000274e-01 8.444300000000000417e-02 -1.134499999999999918e-02 -8.445600000000000329e-02 9.964269999999999516e-01 -6.769999999999999759e-04
5.000000000000000000e+00 9.500000000000000000e+01 3.600000000000000000e+01 0.000000000000000000e+00 1.600000000000000089e+00 4.087000000000000355e-03 1.484000000000000076e-03 9.999909999999999632e-01 9.960679999999999534e-01 8.848699999999999621e-02 -4.202000000000000006e-03 -8.849300000000000221e-02 9.960759999999999614e-01 -1.116000000000000021e-03
1.000000000000000000e+01 9.500000000000000000e+01 3.600000000000000000e+01 0.000000000000000000e+00 1.600000000000000089e+00 -2.491999999999999858e-03 -4.975000000000000255e-03 9.999850000000000128e-01 9.960550000000000237e-01 8.869199999999999307e-02 2.922999999999999817e-03 -8.870500000000000607e-02 9.960470000000000157e-01 4.734000000000000360e-03
1.800000000000000000e+01 9.500000000000000000e+01 3.600000000000000000e+01 0.000000000000000000e+00 1.600000000000000089e+00 -2.184000000000000177e-03 1.889999999999999970e-03 9.999959999999999960e-01 9.964129999999999932e-01 8.459999999999999465e-02 2.017000000000000130e-03 -8.459600000000000453e-02 9.964129999999999932e-01 -2.067999999999999960e-03
2.200000000000000000e+01 9.500000000000000000e+01 3.600000000000000000e+01 0.000000000000000000e+00 1.600000000000000089e+00 -8.805999999999999592e-03 -1.718799999999999842e-02 9.998139999999999805e-01 9.967179999999999929e-01 8.030700000000000338e-02 1.015899999999999963e-02 -8.046599999999999586e-02 9.966220000000000079e-01 1.642400000000000110e-02
6.000000000000000000e+00 2.900000000000000000e+01 4.400000000000000000e+01 0.000000000000000000e+00 1.600000000000000089e+00 3.910000000000000281e-03 3.838999999999999965e-03 -9.999850000000000128e-01 6.709340000000000304e-01 7.414969999999999617e-01 5.470000000000000036e-03 7.415070000000000272e-01 -6.709450000000000136e-01 3.240000000000000150e-04
1.200000000000000000e+01 2.900000000000000000e+01 4.400000000000000000e+01 0.000000000000000000e+00 1.600000000000000089e+00 8.099999999999999561e-04 5.394000000000000357e-03 -9.999850000000000128e-01 6.758950000000000236e-01 7.369839999999999725e-01 4.523000000000000111e-03 7.369970000000000132e-01 -6.758889999999999620e-01 -3.049000000000000061e-03
1.800000000000000000e+01 2.900000000000000000e+01 4.400000000000000000e+01 0.000000000000000000e+00 1.600000000000000089e+00 -2.394999999999999993e-03 2.610000000000000015e-04 -9.999970000000000248e-01 6.813719999999999777e-01 7.319360000000000310e-01 -1.441000000000000007e-03 7.319329999999999448e-01 -6.813740000000000352e-01 -1.930999999999999991e-03
2.200000000000000000e+01 2.900000000000000000e+01 4.400000000000000000e+01 0.000000000000000000e+00 1.600000000000000089e+00 -6.689999999999999983e-04 2.465999999999999876e-03 -9.999970000000000248e-01 6.794430000000000192e-01 7.337270000000000181e-01 1.355000000000000085e-03 7.337280000000000468e-01 -6.794400000000000439e-01 -2.165999999999999957e-03
2.600000000000000000e+01 2.900000000000000000e+01 4.400000000000000000e+01 0.000000000000000000e+00 1.600000000000000089e+00 1.459000000000000010e-03 3.164999999999999845e-03 -9.999940000000000495e-01 6.726919999999999566e-01 7.399149999999999894e-01 3.324000000000000132e-03 7.399210000000000509e-01 -6.726929999999999854e-01 -1.049999999999999935e-03
3.000000000000000000e+01 2.900000000000000000e+01 4.400000000000000000e+01 0.000000000000000000e+00 1.600000000000000089e+00 -1.250000000000000026e-04 1.789000000000000009e-03 -9.999980000000000535e-01 6.692669999999999453e-01 7.430210000000000425e-01 1.245999999999999929e-03 7.430219999999999603e-01 -6.692660000000000275e-01 -1.289999999999999914e-03
9.000000000000000000e+00 6.500000000000000000e+01 4.600000000000000000e+01 0.000000000000000000e+00 1.600000000000000089e+00 -2.409000000000000117e-03 1.789000000000000009e-03 9.999949999999999672e-01 6.843069999999999986e-01 -7.291879999999999473e-01 2.952999999999999896e-03 7.291900000000000048e-01 6.843110000000000026e-01 5.330000000000000536e-04
2.700000000000000000e+01 7.000000000000000000e+01 4.700000000000000000e+01 0.000000000000000000e+00 1.600000000000000089e+00 -7.999999999999999638e-06 1.492999999999999969e-03 -9.999989999999999712e-01 -8.369879999999999542e-01 -5.472200000000000397e-01 -8.099999999999999561e-04 -5.472209999999999575e-01 8.369870000000000365e-01 1.253999999999999906e-03
1.000000000000000000e+01 5.000000000000000000e+00 5.100000000000000000e+01 0.000000000000000000e+00 1.600000000000000089e+00 -2.171999999999999886e-03 8.838999999999999635e-03 -9.999590000000000423e-01 4.771730000000000138e-01 -8.787650000000000183e-01 -8.803999999999999326e-03 -8.788059999999999761e-01 -4.771730000000000138e-01 -2.308999999999999855e-03
2.000000000000000000e+01 5.000000000000000000e+00 5.100000000000000000e+01 0.000000000000000000e+00 1.600000000000000089e+00 1.789999999999999925e-03 2.050999999999999872e-03 -9.999959999999999960e-01 4.893910000000000204e-01 -8.720639999999999503e-01 -9.120000000000000502e-04 -8.720620000000000038e-01 -4.893879999999999897e-01 -2.563999999999999873e-03
3.000000000000000000e+01 5.000000000000000000e+00 5.100000000000000000e+01 0.000000000000000000e+00 1.600000000000000089e+00 -2.428000000000000037e-03 6.377999999999999989e-03 -9.999770000000000048e-01 4.789490000000000136e-01 -8.778169999999999584e-01 -6.761999999999999782e-03 -8.778390000000000359e-01 -4.789539999999999909e-01 -9.240000000000000166e-04
2.900000000000000000e+01 7.000000000000000000e+00 5.200000000000000000e+01 0.000000000000000000e+00 1.600000000000000089e+00 -1.286000000000000034e-03 6.296000000000000381e-03 -9.999789999999999512e-01 6.314599999999999380e-02 -9.979839999999999822e-01 -6.363999999999999865e-03 -9.980029999999999735e-01 -6.315300000000000080e-02 8.859999999999999603e-04
4.000000000000000000e+00 6.300000000000000000e+01 5.400000000000000000e+01 0.000000000000000000e+00 1.600000000000000089e+00 -9.569999999999999514e-04 5.850000000000000165e-04 9.999989999999999712e-01 -3.538180000000000214e-01 9.353139999999999787e-01 -8.850000000000000444e-04 -9.353139999999999787e-01 -3.538189999999999946e-01 -6.880000000000000265e-04
9.000000000000000000e+00 6.300000000000000000e+01 5.400000000000000000e+01 0.000000000000000000e+00 1.600000000000000089e+00 2.349999999999999930e-04 -1.569999999999999998e-03 9.999989999999999712e-01 -3.490800000000000014e-01 9.370920000000000361e-01 1.552999999999999910e-03 -9.370929999999999538e-01 -3.490800000000000014e-01 -3.269999999999999795e-04
1.500000000000000000e+01 6.300000000000000000e+01 5.400000000000000000e+01 0.000000000000000000e+00 1.600000000000000089e+00 1.242999999999999964e-03 -1.404999999999999999e-03 9.999980000000000535e-01 -3.433740000000000125e-01 9.391969999999999485e-01 1.745999999999999939e-03 -9.391979999999999773e-01 -3.433749999999999858e-01 6.859999999999999779e-04
1.900000000000000000e+01 6.300000000000000000e+01 5.400000000000000000e+01 0.000000000000000000e+00 1.600000000000000089e+00 -2.870000000000000155e-03 -8.799999999999999771e-05 9.999959999999999960e-01 -3.451089999999999991e-01 9.385620000000000074e-01 -9.079999999999999530e-04 -9.385580000000000034e-01 -3.451110000000000011e-01 -2.724999999999999992e-03
2.500000000000000000e+01 6.300000000000000000e+01 5.400000000000000000e+01 0.000000000000000000e+00 1.600000000000000089e+00 8.959999999999999866e-04 2.027999999999999855e-03 9.999970000000000248e-01 -3.512790000000000079e-01 9.362690000000000179e-01 -1.583999999999999905e-03 -9.362700000000000466e-01 -3.512770000000000059e-01 1.551000000000000078e-03
2.800000000000000000e+01 6.300000000000000000e+01 5.400000000000000000e+01 0.000000000000000000e+00 1.600000000000000089e+00 -2.256999999999999892e-03 -8.700000000000000051e-05 9.999970000000000248e-01 -3.525039999999999840e-01 9.358100000000000307e-01 -7.150000000000000322e-04 -9.358079999999999732e-01 -3.525039999999999840e-01 -2.142999999999999940e-03
3.000000000000000000e+01 6.300000000000000000e+01 5.400000000000000000e+01 0.000000000000000000e+00 1.600000000000000089e+00 -4.126999999999999592e-03 -1.167999999999999984e-03 9.999909999999999632e-01 -3.510659999999999892e-01 9.363510000000000444e-01 -3.559999999999999797e-04 -9.363420000000000076e-01 -3.510639999999999872e-01 -4.274000000000000021e-03
2.000000000000000000e+00 2.500000000000000000e+01 5.500000000000000000e+01 0.000000000000000000e+00 1.600000000000000089e+00 -8.600000000000000331e-05 5.139000000000000339e-03 -9.999869999999999592e-01 -1.225799999999999980e-02 -9.999120000000000230e-01 -5.138000000000000206e-03 -9.999249999999999527e-01 1.225700000000000053e-02 1.489999999999999897e-04
5.000000000000000000e+00 2.500000000000000000e+01 5.500000000000000000e+01 0.000000000000000000e+00 1.600000000000000089e+00 -2.959999999999999849e-04 3.053000000000000158e-03 -9.999949999999999672e-01 -1.202100000000000043e-02 -9.999230000000000063e-01 -3.049000000000000061e-03 -9.999280000000000390e-01 1.201999999999999943e-02 3.319999999999999926e-04
1.100000000000000000e+01 2.500000000000000000e+01 5.500000000000000000e+01 0.000000000000000000e+00 1.600000000000000089e+00 1.415000000000000025e-03 -4.100000000000000047e-05 -9.999989999999999712e-01 -1.081499999999999996e-02 -9.999419999999999975e-01 2.500000000000000120e-05 -9.999409999999999688e-01 1.081499999999999996e-02 -1.415000000000000025e-03
1.800000000000000000e+01 2.500000000000000000e+01 5.500000000000000000e+01 0.000000000000000000e+00 1.600000000000000089e+00 1.029999999999999964e-04 -5.270000000000000162e-04 -1.000000000000000000e+00 -9.955000000000000307e-03 -9.999500000000000055e-01 5.259999999999999919e-04 -9.999500000000000055e-01 9.955000000000000307e-03 -1.090000000000000067e-04
2.000000000000000000e+01 2.500000000000000000e+01 5.500000000000000000e+01 0.000000000000000000e+00 1.600000000000000089e+00 2.689999999999999791e-04 -3.399999999999999973e-05 -1.000000000000000000e+00 -1.028199999999999947e-02 -9.999470000000000303e-01 3.100000000000000135e-05 -9.999470000000000303e-01 1.028199999999999947e-02 -2.689999999999999791e-04
1.200000000000000000e+01 5.800000000000000000e+01 5.900000000000000000e+01 0.000000000000000000e+00 1.600000000000000089e+00 1.008999999999999914e-03 4.989999999999999861e-04 -9.999989999999999712e-01 3.878469999999999973e-01 9.217229999999999590e-01 8.520000000000000013e-04 9.217229999999999590e-01 -3.878480000000000261e-01 7.370000000000000249e-04
8.000000000000000000e+00 7.000000000000000000e+00 6.000000000000000000e+01 0.000000000000000000e+00 1.600000000000000089e+00 -3.864999999999999946e-03 3.452000000000000207e-03 9.999869999999999592e-01 5.659560000000000146e-01 -8.244200000000000417e-01 5.034000000000000280e-03 8.244259999999999922e-01 5.659680000000000266e-01 1.232999999999999938e-03
7.000000000000000000e+00 2.100000000000000000e+01 6.000000000000000000e+01 0.000000000000000000e+00 1.600000000000000089e+00 -1.910999999999999938e-03 -1.472399999999999924e-02 9.998899999999999455e-01 -9.440999999999999392e-02 9.954279999999999795e-01 1.447799999999999955e-02 -9.955319999999999725e-01 -9.437199999999999755e-02 -3.291999999999999788e-03
1.300000000000000000e+01 2.100000000000000000e+01 6.000000000000000000e+01 0.000000000000000000e+00 1.600000000000000089e+00 4.270000000000000249e-04 6.464000000000000128e-03 9.999789999999999512e-01 -9.513900000000000134e-02 9.954429999999999668e-01 -6.394000000000000378e-03 -9.954640000000000155e-01 -9.513399999999999634e-02 1.039999999999999909e-03
1.800000000000000000e+01 2.100000000000000000e+01 6.000000000000000000e+01 0.000000000000000000e+00 1.600000000000000089e+00 3.190000000000000019e-04 -3.838999999999999965e-03 9.999930000000000208e-01 -9.685599999999999765e-02 9.952910000000000368e-01 3.851999999999999955e-03 -9.952980000000000160e-01 -9.685599999999999765e-02 -5.399999999999999798e-05
2.400000000000000000e+01 3.000000000000000000e+00 6.300000000000000000e+01 0.000000000000000000e+00 1.600000000000000089e+00 1.168999999999999900e-03 -6.270999999999999665e-03 9.999799999999999800e-01 -6.157420000000000115e-01 7.879270000000000440e-01 5.661000000000000233e-03 -7.879469999999999530e-01 -6.157359999999999500e-01 -2.939999999999999905e-03
2.000000000000000000e+00 2.700000000000000000e+01 6.300000000000000000e+01 0.000000000000000000e+00 1.600000000000000089e+00 -7.860000000000000233e-04 9.100000000000000016e-04 9.999989999999999712e-01 -2.725759999999999850e-01 9.621340000000000447e-01 -1.090000000000000040e-03 -9.621340000000000447e-01 -2.725770000000000137e-01 -5.079999999999999880e-04
8.000000000000000000e+00 2.700000000000000000e+01 6.300000000000000000e+01 0.000000000000000000e+00 1.600000000000000089e+00 -1.273000000000000043e-03 -8.264000000000000512e-03 9.999649999999999928e-01 -2.717829999999999968e-01 9.623279999999999612e-01 7.607000000000000046e-03 -9.623580000000000467e-01 -2.717640000000000056e-01 -3.471000000000000127e-03
1.200000000000000000e+01 2.700000000000000000e+01 6.300000000000000000e+01 0.000000000000000000e+00 1.600000000000000089e+00 4.500000000000000283e-05 -8.184000000000000302e-03 9.999670000000000503e-01 -2.711939999999999906e-01 9.624920000000000142e-01 7.889000000000000179e-03 -9.625249999999999639e-01 -2.711859999999999826e-01 -2.175999999999999983e-03
1.600000000000000000e+01 2.700000000000000000e+01 6.300000000000000000e+01 0.000000000000000000e+00 1.600000000000000089e+00 -1.268999999999999946e-03 -3.543999999999999841e-03 9.999930000000000208e-01 -2.733999999999999764e-01 9.618959999999999733e-01 3.062000000000000052e-03 -9.618999999999999773e-01 -2.733940000000000259e-01 -2.190000000000000106e-03
2.100000000000000000e+01 2.700000000000000000e+01 6.300000000000000000e+01 0.000000000000000000e+00 1.600000000000000089e+00 -4.070000000000000267e-04 -5.421999999999999736e-03 9.999850000000000128e-01 -2.776299999999999879e-01 9.606740000000000279e-01 5.095999999999999835e-03 -9.606879999999999864e-01 -2.776239999999999819e-01 -1.895999999999999899e-03
2.500000000000000000e+01 2.700000000000000000e+01 6.300000000000000000e+01 0.000000000000000000e+00 1.600000000000000089e+00 6.669999999999999497e-04 -2.801000000000000104e-03 9.999959999999999960e-01 -2.805349999999999788e-01 9.598389999999999977e-01 2.874999999999999951e-03 -9.598430000000000017e-01 -2.805360000000000076e-01 -1.459999999999999981e-04
3.000000000000000000e+01 2.700000000000000000e+01 6.300000000000000000e+01 0.000000000000000000e+00 1.600000000000000089e+00 1.830000000000000029e-03 9.740000000000000394e-04 9.999980000000000535e-01 -2.809180000000000010e-01 9.597320000000000295e-01 -4.209999999999999875e-04 -9.597299999999999720e-01 -2.809159999999999990e-01 2.030000000000000120e-03
3.000000000000000000e+00 2.600000000000000000e+01 6.400000000000000000e+01 0.000000000000000000e+00 1.600000000000000089e+00 -1.598000000000000028e-03 2.950000000000000148e-04 9.999989999999999712e-01 -3.432810000000000028e-01 9.392319999999999558e-01 -8.260000000000000198e-04 -9.392310000000000381e-01 -3.432819999999999760e-01 -1.399999999999999986e-03
1.200000000000000000e+01 2.600000000000000000e+01 6.400000000000000000e+01 0.000000000000000000e+00 1.600000000000000089e+00 1.088999999999999907e-03 -1.251500000000000008e-02 9.999209999999999487e-01 -3.499459999999999793e-01 9.366919999999999691e-01 1.210499999999999944e-02 -9.367689999999999628e-01 -3.499320000000000208e-01 -3.360000000000000139e-03
1.600000000000000000e+01 2.600000000000000000e+01 6.400000000000000000e+01 0.000000000000000000e+00 1.600000000000000089e+00 -6.999999999999999387e-05 -6.562000000000000124e-03 9.999789999999999512e-01 -3.544590000000000241e-01 9.350519999999999943e-01 6.111000000000000112e-03 -9.350720000000000143e-01 -3.544510000000000161e-01 -2.390999999999999896e-03
2.100000000000000000e+01 2.600000000000000000e+01 6.400000000000000000e+01 0.000000000000000000e+00 1.600000000000000089e+00 7.159999999999999481e-04 -6.381999999999999652e-03 9.999789999999999512e-01 -3.603029999999999844e-01 9.328149999999999498e-01 6.211000000000000375e-03 -9.328349999999999698e-01 -3.602989999999999804e-01 -1.631999999999999987e-03
2.600000000000000000e+01 2.600000000000000000e+01 6.400000000000000000e+01 0.000000000000000000e+00 1.600000000000000089e+00 1.428999999999999932e-03 -2.612000000000000172e-03 9.999959999999999960e-01 -3.657219999999999915e-01 9.307189999999999630e-01 2.954000000000000029e-03 -9.307229999999999670e-01 -3.657250000000000223e-01 3.739999999999999835e-04
4.000000000000000000e+00 2.500000000000000000e+01 7.300000000000000000e+01 0.000000000000000000e+00 1.600000000000000089e+00 -1.371000000000000040e-03 4.179999999999999688e-03 9.999900000000000455e-01 7.462339999999999529e-01 -6.656729999999999592e-01 3.805999999999999921e-03 6.656819999999999959e-01 7.462320000000000064e-01 -2.207000000000000194e-03
9.000000000000000000e+00 2.500000000000000000e+01 7.300000000000000000e+01 0.000000000000000000e+00 1.600000000000000089e+00 1.642999999999999929e-03 3.085000000000000069e-03 9.999940000000000495e-01 7.470350000000000046e-01 -6.647840000000000416e-01 8.229999999999999469e-04 6.647819999999999840e-01 7.470290000000000541e-01 -3.396999999999999846e-03
