4.000000000000000000e+00 2.500000000000000000e+01 1.000000000000000000e+00 0.000000000000000000e+00 1.600000000000000089e+00 1.314999999999999980e-03 -8.921000000000000110e-03 -9.999590000000000423e-01 -5.264910000000000423e-01 -8.501530000000000475e-01 6.891999999999999689e-03 -8.501800000000000468e-01 5.264600000000000390e-01 -5.813999999999999724e-03
2.600000000000000000e+01 2.500000000000000000e+01 1.000000000000000000e+00 0.000000000000000000e+00 1.600000000000000089e+00 -2.628999999999999827e-03 -1.210699999999999971e-02 -9.999230000000000063e-01 -5.295009999999999994e-01 -8.482290000000000108e-01 1.166200000000000049e-02 -8.483049999999999757e-01 5.294910000000000450e-01 -4.179999999999999688e-03
7.000000000000000000e+00 1.500000000000000000e+01 4.000000000000000000e+00 0.000000000000000000e+00 1.600000000000000089e+00 2.608000000000000075e-03 1.072500000000000016e-02 9.999390000000000223e-01 3.201970000000000094e-01 -9.473049999999999526e-01 9.324999999999999956e-03 9.473470000000000502e-01 3.201530000000000209e-01 -5.904999999999999659e-03
1.400000000000000000e+01 1.500000000000000000e+01 4.000000000000000000e+00 0.000000000000000000e+00 1.600000000000000089e+00 -6.780000000000000002e-04 -2.722000000000000027e-03 9.999959999999999960e-01 3.266169999999999907e-01 -9.451540000000000497e-01 -2.350999999999999791e-03 9.451570000000000249e-01 3.266140000000000154e-01 1.529999999999999893e-03
1.900000000000000000e+01 1.500000000000000000e+01 4.000000000000000000e+00 0.000000000000000000e+00 1.600000000000000089e+00 -1.050000000000000044e-04 -6.583999999999999575e-03 9.999780000000000335e-01 3.198170000000000179e-01 -9.474590000000000511e-01 -6.204999999999999578e-03 9.474789999999999601e-01 3.198099999999999832e-01 2.204999999999999929e-03
2.400000000000000000e+01 1.500000000000000000e+01 4.000000000000000000e+00 0.000000000000000000e+00 1.600000000000000089e+00 1.085000000000000027e-03 -3.578000000000000017e-03 9.999930000000000208e-01 3.122849999999999793e-01 -9.499809999999999643e-01 -3.738000000000000003e-03 9.499880000000000546e-01 3.122869999999999813e-01 8.600000000000000331e-05
3.000000000000000000e+01 1.500000000000000000e+01 4.000000000000000000e+00 0.000000000000000000e+00 1.600000000000000089e+00 -5.065000000000000058e-03 -9.384999999999999246e-03 9.999430000000000263e-01 3.132159999999999944e-01 -9.496539999999999981e-01 -7.326000000000000047e-03 9.496679999999999566e-01 3.131610000000000227e-01 7.749999999999999944e-03
2.600000000000000000e+01 1.600000000000000000e+01 4.000000000000000000e+00 0.000000000000000000e+00 1.600000000000000089e+00 2.339999999999999958e-04 -3.697999999999999898e-03 9.999930000000000208e-01 3.891370000000000107e-01 -9.211730000000000196e-01 -3.497999999999999807e-03 9.211799999999999988e-01 3.891350000000000087e-01 1.224000000000000045e-03
2.000000000000000000e+00 1.010000000000000000e+02 7.000000000000000000e+00 0.000000000000000000e+00 1.600000000000000089e+00 3.428000000000000057e-03 -4.178000000000000290e-03 9.999850000000000128e-01 8.921550000000000313e-01 4.517280000000000184e-01 -1.170999999999999949e-03 -4.517160000000000064e-01 8.921459999999999946e-01 5.275000000000000175e-03
6.000000000000000000e+00 1.010000000000000000e+02 7.000000000000000000e+00 0.000000000000000000e+00 1.600000000000000089e+00 -1.356999999999999916e-03 1.436600000000000030e-02 9.998960000000000070e-01 8.917370000000000019e-01 4.525230000000000086e-01 -5.290999999999999696e-03 -4.525520000000000098e-01 8.916370000000000129e-01 -1.342499999999999943e-02
2.100000000000000000e+01 1.010000000000000000e+02 7.000000000000000000e+00 0.000000000000000000e+00 1.600000000000000089e+00 1.268400000000000083e-02 -1.552800000000000014e-02 9.997989999999999933e-01 8.710520000000000485e-01 4.911789999999999767e-01 -3.422000000000000128e-03 -4.910269999999999913e-01 8.709200000000000275e-01 1.975500000000000173e-02
1.000000000000000000e+00 2.500000000000000000e+01 8.000000000000000000e+00 0.000000000000000000e+00 1.600000000000000089e+00 -3.445000000000000145e-03 -8.075000000000000580e-03 -9.999609999999999888e-01 4.483269999999999755e-01 8.938270000000000381e-01 -8.762999999999999956e-03 8.938629999999999631e-01 -4.483389999999999875e-01 5.419999999999999471e-04
8.000000000000000000e+00 2.500000000000000000e+01 8.000000000000000000e+00 0.000000000000000000e+00 1.600000000000000089e+00 -1.654000000000000088e-03 -3.412000000000000102e-03 -9.999930000000000208e-01 4.514460000000000139e-01 8.922909999999999453e-01 -3.791000000000000099e-03 8.922970000000000068e-01 -4.514489999999999892e-01 6.499999999999999431e-05
1.600000000000000000e+01 2.500000000000000000e+01 8.000000000000000000e+00 0.000000000000000000e+00 1.600000000000000089e+00 2.086999999999999880e-03 8.640999999999999376e-03 -9.999599999999999600e-01 4.512880000000000225e-01 8.923360000000000181e-01 8.652999999999999234e-03 8.923759999999999470e-01 -4.512880000000000225e-01 -2.037999999999999881e-03
2.600000000000000000e+01 2.500000000000000000e+01 8.000000000000000000e+00 0.000000000000000000e+00 1.600000000000000089e+00 -2.169999999999999891e-04 2.367999999999999879e-03 -9.999970000000000248e-01 4.524779999999999913e-01 8.917730000000000379e-01 2.014000000000000165e-03 8.917749999999999844e-01 -4.524759999999999893e-01 -1.265000000000000065e-03
7.000000000000000000e+00 2.400000000000000000e+01 9.000000000000000000e+00 0.000000000000000000e+00 1.600000000000000089e+00 -1.791000000000000057e-03 -3.449999999999999833e-04 -9.999980000000000535e-01 4.547490000000000143e-01 8.906190000000000495e-01 -1.121999999999999950e-03 8.906180000000000208e-01 -4.547499999999999876e-01 -1.438000000000000042e-03
1.600000000000000000e+01 2.400000000000000000e+01 9.000000000000000000e+00 0.000000000000000000e+00 1.600000000000000089e+00 1.935000000000000088e-03 7.400000000000000328e-03 -9.999710000000000543e-01 4.551709999999999923e-01 8.903729999999999700e-01 7.470000000000000077e-03 8.904020000000000268e-01 -4.551720000000000210e-01 -1.644999999999999978e-03
2.000000000000000000e+01 2.400000000000000000e+01 9.000000000000000000e+00 0.000000000000000000e+00 1.600000000000000089e+00 1.469999999999999953e-04 7.782999999999999988e-03 -9.999700000000000255e-01 4.551439999999999930e-01 8.903900000000000148e-01 6.996999999999999748e-03 8.904180000000000428e-01 -4.551310000000000078e-01 -3.410999999999999970e-03
2.600000000000000000e+01 2.400000000000000000e+01 9.000000000000000000e+00 0.000000000000000000e+00 1.600000000000000089e+00 -1.200000000000000030e-05 1.840000000000000056e-03 -9.999980000000000535e-01 4.564559999999999729e-01 8.897439999999999793e-01 1.631999999999999987e-03 8.897460000000000369e-01 -4.564549999999999996e-01 -8.509999999999999769e-04
2.900000000000000000e+01 2.400000000000000000e+01 9.000000000000000000e+00 0.000000000000000000e+00 1.600000000000000089e+00 2.197999999999999867e-03 -1.003599999999999978e-02 -9.999470000000000303e-01 4.554710000000000147e-01 8.902149999999999785e-01 -7.933000000000000815e-03 8.902480000000000393e-01 -4.554289999999999727e-01 6.527999999999999949e-03
6.000000000000000000e+00 4.000000000000000000e+00 1.100000000000000000e+01 0.000000000000000000e+00 1.600000000000000089e+00 -4.405200000000000088e-02 8.598600000000000687e-02 -9.953220000000000400e-01 1.557179999999999953e-01 9.847029999999999950e-01 7.817699999999999649e-02 9.868190000000000017e-01 -1.515450000000000130e-01 -5.676799999999999902e-02
1.200000000000000000e+01 4.000000000000000000e+00 1.100000000000000000e+01 0.000000000000000000e+00 1.600000000000000089e+00 -6.235000000000000091e-03 -2.462500000000000105e-02 -9.996770000000000378e-01 2.400380000000000014e-01 9.704310000000000436e-01 -2.540099999999999997e-02 9.707440000000000513e-01 -2.401189999999999991e-01 -1.399999999999999877e-04
1.900000000000000000e+01 4.000000000000000000e+00 1.100000000000000000e+01 0.000000000000000000e+00 1.600000000000000089e+00 7.367000000000000284e-03 3.798599999999999893e-02 -9.992510000000000003e-01 2.370420000000000027e-01 9.707299999999999818e-01 3.864900000000000280e-02 9.714709999999999734e-01 -2.371499999999999997e-01 -1.853000000000000046e-03
2.500000000000000000e+01 4.000000000000000000e+00 1.100000000000000000e+01 0.000000000000000000e+00 1.600000000000000089e+00 7.835999999999999216e-03 6.986299999999999455e-02 -9.975260000000000238e-01 1.985639999999999905e-01 9.775829999999999798e-01 7.002600000000000491e-02 9.800569999999999560e-01 -1.986209999999999920e-01 -6.211000000000000375e-03
6.000000000000000000e+00 3.100000000000000000e+01 1.200000000000000000e+01 0.000000000000000000e+00 1.600000000000000089e+00 -2.707999999999999904e-03 -1.558299999999999963e-02 9.998749999999999583e-01 -1.281900000000000053e-02 9.997970000000000468e-01 1.554700000000000006e-02 -9.999139999999999695e-01 -1.277499999999999990e-02 -2.906999999999999862e-03
4.000000000000000000e+00 3.500000000000000000e+01 1.200000000000000000e+01 0.000000000000000000e+00 1.600000000000000089e+00 5.036999999999999811e-03 -6.291999999999999850e-03 -9.999679999999999680e-01 4.982469999999999954e-01 -8.669980000000000464e-01 7.964999999999999858e-03 -8.670200000000000129e-01 -4.982710000000000194e-01 -1.232000000000000022e-03
1.800000000000000000e+01 3.500000000000000000e+01 1.200000000000000000e+01 0.000000000000000000e+00 1.600000000000000089e+00 -8.120000000000000048e-04 6.882000000000000096e-03 -9.999759999999999760e-01 4.488099999999999867e-01 -8.936030000000000362e-01 -6.513999999999999825e-03 -8.936269999999999492e-01 -4.488050000000000095e-01 -2.364000000000000216e-03
7.000000000000000000e+00 3.200000000000000000e+01 1.400000000000000000e+01 0.000000000000000000e+00 1.600000000000000089e+00 -6.759999999999999516e-04 -2.255300000000000013e-02 -9.997449999999999948e-01 1.066030000000000033e-01 9.940470000000000139e-01 -2.249599999999999864e-02 9.943009999999999904e-01 -1.065910000000000052e-01 1.732999999999999948e-03
7.000000000000000000e+00 1.200000000000000000e+01 1.500000000000000000e+01 0.000000000000000000e+00 1.600000000000000089e+00 1.832000000000000078e-03 6.627000000000000078e-03 -9.999759999999999760e-01 -4.798169999999999935e-01 -8.773429999999999840e-01 -6.693000000000000164e-03 -8.773670000000000080e-01 4.798169999999999935e-01 1.572999999999999962e-03
3.000000000000000000e+00 2.000000000000000000e+00 1.900000000000000000e+01 0.000000000000000000e+00 1.600000000000000089e+00 3.100299999999999931e-02 4.232899999999999857e-02 -9.986230000000000384e-01 2.913499999999999979e-01 -9.560980000000000034e-01 -3.148100000000000204e-02 -9.561140000000000194e-01 -2.899720000000000075e-01 -4.197499999999999842e-02
9.000000000000000000e+00 2.000000000000000000e+00 1.900000000000000000e+01 0.000000000000000000e+00 1.600000000000000089e+00 -1.631000000000000158e-02 2.569600000000000009e-02 -9.995370000000000088e-01 2.316419999999999868e-01 -9.723749999999999893e-01 -2.877800000000000150e-02 -9.726639999999999731e-01 -2.320039999999999880e-01 9.906999999999999140e-03
1.400000000000000000e+01 2.000000000000000000e+00 1.900000000000000000e+01 0.000000000000000000e+00 1.600000000000000089e+00 -3.233999999999999896e-03 2.835999999999999979e-03 -9.999909999999999632e-01 2.155030000000000001e-01 -9.764969999999999484e-01 -3.467000000000000030e-03 -9.764979999999999771e-01 -2.155120000000000091e-01 2.546999999999999785e-03
1.700000000000000000e+01 2.000000000000000000e+00 1.900000000000000000e+01 0.000000000000000000e+00 1.600000000000000089e+00 -7.200000000000000182e-05 5.206999999999999823e-03 -9.999860000000000415e-01 2.146260000000000112e-01 -9.766829999999999679e-01 -5.100999999999999632e-03 -9.766960000000000086e-01 -2.146240000000000092e-01 -1.046999999999999971e-03
2.500000000000000000e+01 2.000000000000000000e+00 1.900000000000000000e+01 0.000000000000000000e+00 1.600000000000000089e+00 6.074999999999999671e-03 -1.684000000000000080e-02 -9.998399999999999510e-01 1.988989999999999925e-01 -9.798599999999999532e-01 1.771199999999999858e-02 -9.800010000000000110e-01 -1.989750000000000130e-01 -2.603999999999999978e-03
3.000000000000000000e+01 2.000000000000000000e+00 1.900000000000000000e+01 0.000000000000000000e+00 1.600000000000000089e+00 6.198000000000000384e-03 -2.031900000000000026e-02 -9.997740000000000515e-01 1.939829999999999888e-01 -9.807770000000000099e-01 2.113599999999999854e-02 -9.809849999999999959e-01 -1.940699999999999925e-01 -2.137000000000000011e-03
5.000000000000000000e+00 3.000000000000000000e+00 1.900000000000000000e+01 0.000000000000000000e+00 1.600000000000000089e+00 2.143700000000000119e-02 3.922300000000000092e-02 -9.989999999999999991e-01 2.489949999999999941e-01 -9.679539999999999811e-01 -3.266100000000000253e-02 -9.682669999999999888e-01 -2.480459999999999887e-01 -3.051699999999999899e-02
6.000000000000000000e+00 4.000000000000000000e+00 2.000000000000000000e+01 0.000000000000000000e+00 1.600000000000000089e+00 -4.824000000000000163e-03 2.845599999999999866e-02 -9.995829999999999993e-01 2.950439999999999729e-01 -9.550549999999999873e-01 -2.861299999999999955e-02 -9.554719999999999880e-01 -2.950590000000000157e-01 -3.788999999999999833e-03
1.900000000000000000e+01 4.000000000000000000e+00 2.000000000000000000e+01 0.000000000000000000e+00 1.600000000000000089e+00 -2.321000000000000146e-03 3.552000000000000036e-03 -9.999909999999999632e-01 2.775279999999999969e-01 -9.607090000000000352e-01 -4.056999999999999842e-03 -9.607149999999999856e-01 -2.775349999999999762e-01 1.244000000000000097e-03
2.400000000000000000e+01 4.000000000000000000e+00 2.000000000000000000e+01 0.000000000000000000e+00 1.600000000000000089e+00 3.360000000000000139e-03 -6.120999999999999705e-03 -9.999759999999999760e-01 2.697930000000000050e-01 -9.628940000000000277e-01 6.800999999999999754e-03 -9.629119999999999902e-01 -2.698090000000000210e-01 -1.583999999999999905e-03
7.000000000000000000e+00 1.300000000000000000e+01 2.000000000000000000e+01 0.000000000000000000e+00 1.600000000000000089e+00 -2.099000000000000171e-03 -1.960200000000000137e-02 9.998059999999999725e-01 2.563460000000000183e-01 9.663890000000000535e-01 1.948499999999999885e-02 -9.665829999999999700e-01 2.563380000000000103e-01 2.997000000000000098e-03
1.600000000000000000e+01 1.300000000000000000e+01 2.000000000000000000e+01 0.000000000000000000e+00 1.600000000000000089e+00 1.644000000000000062e-03 1.872800000000000159e-02 9.998230000000000173e-01 2.564069999999999960e-01 9.663920000000000288e-01 -1.852399999999999880e-02 -9.665679999999999827e-01 2.563920000000000088e-01 -3.213000000000000144e-03
2.200000000000000000e+01 1.300000000000000000e+01 2.000000000000000000e+01 0.000000000000000000e+00 1.600000000000000089e+00 1.476000000000000098e-03 2.789999999999999945e-03 9.999949999999999672e-01 2.520060000000000078e-01 9.677210000000000534e-01 -3.072000000000000078e-03 -9.677249999999999464e-01 2.520089999999999830e-01 7.249999999999999500e-04
2.700000000000000000e+01 1.300000000000000000e+01 2.000000000000000000e+01 0.000000000000000000e+00 1.600000000000000089e+00 7.709999999999999840e-04 5.389999999999999826e-04 1.000000000000000000e+00 2.506809999999999872e-01 9.680699999999999861e-01 -7.150000000000000322e-04 -9.680689999999999573e-01 2.506809999999999872e-01 6.109999999999999980e-04
1.000000000000000000e+00 1.600000000000000000e+01 2.100000000000000000e+01 0.000000000000000000e+00 1.600000000000000089e+00 1.791000000000000057e-03 -4.928000000000000089e-03 9.999860000000000415e-01 2.981059999999999821e-01 9.545240000000000391e-01 4.170000000000000095e-03 -9.545310000000000183e-01 2.980940000000000256e-01 3.178999999999999968e-03
1.200000000000000000e+01 1.600000000000000000e+01 2.100000000000000000e+01 0.000000000000000000e+00 1.600000000000000089e+00 -6.440000000000000412e-04 -4.832999999999999623e-03 9.999879999999999880e-01 3.026739999999999986e-01 9.530819999999999848e-01 4.800999999999999712e-03 -9.530939999999999968e-01 3.026730000000000254e-01 8.490000000000000368e-04
1.600000000000000000e+01 1.600000000000000000e+01 2.100000000000000000e+01 0.000000000000000000e+00 1.600000000000000089e+00 -1.213000000000000102e-03 4.229000000000000120e-03 9.999900000000000455e-01 3.009080000000000088e-01 9.536459999999999937e-01 -3.667999999999999820e-03 -9.536520000000000552e-01 3.009009999999999740e-01 -2.429000000000000169e-03
2.300000000000000000e+01 1.600000000000000000e+01 2.100000000000000000e+01 0.000000000000000000e+00 1.600000000000000089e+00 1.623000000000000094e-03 1.028000000000000051e-03 9.999980000000000535e-01 2.985510000000000108e-01 9.543930000000000469e-01 -1.464999999999999939e-03 -9.543920000000000181e-01 2.985519999999999841e-01 1.242999999999999964e-03
2.800000000000000000e+01 1.600000000000000000e+01 2.100000000000000000e+01 0.000000000000000000e+00 1.600000000000000089e+00 7.950000000000000252e-04 5.299999999999999807e-04 1.000000000000000000e+00 2.984559999999999991e-01 9.544230000000000214e-01 -7.429999999999999539e-04 -9.544230000000000214e-01 2.984559999999999991e-01 5.999999999999999474e-04
1.300000000000000000e+01 3.000000000000000000e+00 2.500000000000000000e+01 0.000000000000000000e+00 1.600000000000000089e+00 3.095799999999999941e-02 9.709000000000000616e-03 9.994739999999999736e-01 -3.108299999999999952e-02 -9.994600000000000151e-01 1.067199999999999920e-02 9.990369999999999528e-01 -3.139700000000000130e-02 -3.064000000000000057e-02
2.000000000000000000e+01 3.000000000000000000e+00 2.500000000000000000e+01 0.000000000000000000e+00 1.600000000000000089e+00 1.564499999999999919e-02 3.703000000000000128e-03 9.998709999999999543e-01 -1.869200000000000028e-02 -9.998169999999999558e-01 3.996000000000000420e-03 9.997030000000000083e-01 -1.875200000000000131e-02 -1.557300000000000004e-02
1.000000000000000000e+00 4.000000000000000000e+00 2.500000000000000000e+01 0.000000000000000000e+00 1.600000000000000089e+00 2.964899999999999827e-02 5.085300000000000237e-02 9.982659999999999867e-01 -5.442110000000000003e-01 -8.368860000000000188e-01 5.879600000000000104e-02 8.384249999999999758e-01 -5.450099999999999945e-01 2.861999999999999961e-03
1.800000000000000000e+01 4.600000000000000000e+01 2.700000000000000000e+01 0.000000000000000000e+00 1.600000000000000089e+00 -2.086999999999999880e-03 -2.413999999999999913e-03 -9.999949999999999672e-01 6.584349999999999925e-01 7.526310000000000500e-01 -3.190999999999999826e-03 7.526350000000000540e-01 -6.584379999999999677e-01 1.800000000000000046e-05
2.400000000000000000e+01 4.600000000000000000e+01 2.700000000000000000e+01 0.000000000000000000e+00 1.600000000000000089e+00 1.296999999999999976e-03 5.701999999999999603e-03 -9.999829999999999552e-01 6.603630000000000333e-01 7.509289999999999576e-01 5.138000000000000206e-03 7.509449999999999736e-01 -6.603590000000000293e-01 -2.791000000000000078e-03
1.300000000000000000e+01 1.100000000000000000e+01 3.000000000000000000e+01 0.000000000000000000e+00 1.600000000000000089e+00 6.747200000000000419e-02 8.324529999999999985e-01 5.499730000000000452e-01 -2.730409999999999782e-01 -5.147800000000000153e-01 8.126809999999999867e-01 9.596329999999999583e-01 -2.049980000000000135e-01 1.925600000000000089e-01
2.000000000000000000e+00 4.600000000000000000e+01 3.000000000000000000e+01 0.000000000000000000e+00 1.600000000000000089e+00 1.499999999999999869e-04 7.229000000000000183e-03 -9.999740000000000295e-01 3.249940000000000051e-01 9.456909999999999483e-01 6.884999999999999627e-03 9.457160000000000011e-01 -3.249870000000000259e-01 -2.207999999999999893e-03
6.000000000000000000e+00 5.800000000000000000e+01 3.100000000000000000e+01 0.000000000000000000e+00 1.600000000000000089e+00 3.027000000000000177e-03 1.696500000000000091e-02 9.998510000000000453e-01 -7.735119999999999774e-01 -6.336460000000000425e-01 1.309300000000000047e-02 6.337739999999999485e-01 -7.734370000000000411e-01 1.120400000000000042e-02
1.000000000000000000e+01 5.800000000000000000e+01 3.100000000000000000e+01 0.000000000000000000e+00 1.600000000000000089e+00 -5.784000000000000079e-03 -7.828999999999999154e-03 9.999529999999999808e-01 -7.719359999999999555e-01 -6.356300000000000283e-01 -9.440999999999999739e-03 6.356739999999999613e-01 -7.719540000000000290e-01 -2.367000000000000180e-03
1.400000000000000000e+01 5.800000000000000000e+01 3.100000000000000000e+01 0.000000000000000000e+00 1.600000000000000089e+00 -3.690999999999999837e-03 -3.200000000000000153e-03 9.999879999999999880e-01 -7.708460000000000312e-01 -6.370029999999999859e-01 -4.883000000000000188e-03 6.370109999999999939e-01 -7.708549999999999569e-01 -1.160000000000000007e-04
2.100000000000000000e+01 5.800000000000000000e+01 3.100000000000000000e+01 0.000000000000000000e+00 1.600000000000000089e+00 5.266999999999999980e-03 3.275999999999999832e-03 9.999810000000000088e-01 -7.731550000000000367e-01 -6.341869999999999452e-01 6.150000000000000085e-03 6.341949999999999532e-01 -7.731729999999999992e-01 -8.069999999999999916e-04
2.600000000000000000e+01 5.800000000000000000e+01 3.100000000000000000e+01 0.000000000000000000e+00 1.600000000000000089e+00 3.475999999999999923e-03 4.409999999999999858e-03 9.999839999999999840e-01 -7.714069999999999538e-01 -6.363180000000000502e-01 5.487999999999999823e-03 6.363320000000000087e-01 -7.714140000000000441e-01 1.190000000000000085e-03
1.700000000000000000e+01 1.800000000000000000e+01 3.200000000000000000e+01 0.000000000000000000e+00 1.600000000000000089e+00 -8.790299999999999503e-02 6.698720000000000230e-01 7.372539999999999649e-01 -3.894199999999999884e-01 -7.043289999999999829e-01 5.935259999999999980e-01 9.168560000000000043e-01 -2.349289999999999989e-01 3.227749999999999786e-01
1.000000000000000000e+00 2.100000000000000000e+01 3.200000000000000000e+01 0.000000000000000000e+00 1.600000000000000089e+00 -7.603799999999999448e-02 -4.834260000000000224e-01 -8.720769999999999911e-01 -2.568389999999999840e-01 8.545920000000000183e-01 -4.513389999999999902e-01 9.634580000000000366e-01 1.896639999999999993e-01 -1.891440000000000066e-01
1.800000000000000000e+01 1.900000000000000000e+01 3.300000000000000000e+01 0.000000000000000000e+00 1.600000000000000089e+00 -1.275409999999999877e-01 6.351560000000000539e-01 7.617810000000000414e-01 -5.165830000000000144e-01 -6.981929999999999525e-01 4.956490000000000062e-01 8.466850000000000209e-01 -3.303079999999999905e-01 4.171590000000000020e-01
3.000000000000000000e+00 4.200000000000000000e+01 3.400000000000000000e+01 0.000000000000000000e+00 1.600000000000000089e+00 -5.393000000000000224e-03 -1.587000000000000086e-03 -9.999839999999999840e-01 -3.006190000000000251e-01 9.537440000000000362e-01 1.079999999999999960e-04 9.537290000000000489e-01 3.006139999999999923e-01 -5.621000000000000128e-03
8.000000000000000000e+00 4.200000000000000000e+01 3.400000000000000000e+01 0.000000000000000000e+00 1.600000000000000089e+00 4.016999999999999738e-03 1.477999999999999930e-03 -9.999909999999999632e-01 -2.948109999999999897e-01 9.555550000000000432e-01 2.280000000000000126e-04 9.555470000000000352e-01 2.948080000000000145e-01 4.274000000000000021e-03
3.000000000000000000e+00 4.600000000000000000e+01 3.500000000000000000e+01 0.000000000000000000e+00 1.600000000000000089e+00 4.544000000000000296e-03 5.334000000000000200e-03 -9.999749999999999472e-01 3.875210000000000043e-01 -9.218549999999999800e-01 -3.155999999999999951e-03 -9.218490000000000295e-01 -3.874980000000000091e-01 -6.256000000000000276e-03
7.000000000000000000e+00 4.600000000000000000e+01 3.500000000000000000e+01 0.000000000000000000e+00 1.600000000000000089e+00 -1.079000000000000098e-03 1.101899999999999928e-02 -9.999390000000000223e-01 3.870160000000000267e-01 -9.220120000000000537e-01 -1.057800000000000060e-02 -9.220720000000000027e-01 -3.870040000000000147e-01 -3.269999999999999903e-03
1.300000000000000000e+01 4.600000000000000000e+01 3.500000000000000000e+01 0.000000000000000000e+00 1.600000000000000089e+00 -6.300000000000000261e-04 3.944999999999999722e-03 -9.999919999999999920e-01 3.891560000000000019e-01 -9.211629999999999541e-01 -3.879000000000000069e-03 -9.211709999999999621e-01 -3.891560000000000019e-01 -9.550000000000000112e-04
2.100000000000000000e+01 4.600000000000000000e+01 3.500000000000000000e+01 0.000000000000000000e+00 1.600000000000000089e+00 4.960000000000000216e-04 8.369999999999999619e-04 -1.000000000000000000e+00 3.903499999999999748e-01 -9.206659999999999844e-01 -5.770000000000000389e-04 -9.206659999999999844e-01 -3.903499999999999748e-01 -7.829999999999999504e-04
2.500000000000000000e+01 4.600000000000000000e+01 3.500000000000000000e+01 0.000000000000000000e+00 1.600000000000000089e+00 2.001000000000000174e-03 6.080000000000000335e-04 -9.999980000000000535e-01 3.898209999999999731e-01 -9.208910000000000151e-01 2.200000000000000078e-04 -9.208889999999999576e-01 -3.898199999999999998e-01 -2.079999999999999818e-03
1.300000000000000000e+01 9.500000000000000000e+01 3.600000000000000000e+01 0.000000000000000000e+00 1.600000000000000089e+00 -5.969499999999999806e-02 5.102700000000000291e-02 9.969120000000000203e-01 9.958019999999999650e-01 7.247099999999999376e-02 5.591900000000000343e-02 -6.939399999999999735e-02 9.960639999999999494e-01 -5.513900000000000051e-02
2.800000000000000000e+01 9.500000000000000000e+01 3.600000000000000000e+01 0.000000000000000000e+00 1.600000000000000089e+00 2.249299999999999911e-02 1.935299999999999868e-02 9.995600000000000041e-01 9.967939999999999579e-01 7.635699999999999432e-02 -2.390899999999999970e-02 -7.678599999999999315e-02 9.968930000000000291e-01 -1.757299999999999834e-02
1.400000000000000000e+01 2.200000000000000000e+01 3.700000000000000000e+01 0.000000000000000000e+00 1.600000000000000089e+00 -1.559299999999999922e-02 6.317559999999999842e-01 -7.750099999999999767e-01 6.674790000000000445e-01 -5.705320000000000391e-01 -4.785030000000000117e-01 -7.444659999999999611e-01 -5.247640000000000082e-01 -4.127870000000000150e-01
1.900000000000000000e+01 2.800000000000000000e+01 3.700000000000000000e+01 0.000000000000000000e+00 1.600000000000000089e+00 -2.416199999999999945e-02 -1.672240000000000115e-01 -9.856230000000000269e-01 -7.197329999999999561e-01 -6.813449999999999784e-01 1.332430000000000003e-01 -6.938299999999999468e-01 7.126050000000000439e-01 -1.038940000000000002e-01
6.000000000000000000e+00 3.700000000000000000e+01 3.800000000000000000e+01 0.000000000000000000e+00 1.600000000000000089e+00 4.975299999999999861e-02 -5.523000000000000131e-03 9.987460000000000226e-01 6.509139999999999926e-01 7.586270000000000513e-01 -2.823000000000000162e-02 -7.575199999999999712e-01 6.515020000000000255e-01 4.133900000000000075e-02
4.000000000000000000e+00 2.600000000000000000e+01 3.900000000000000000e+01 0.000000000000000000e+00 1.600000000000000089e+00 -1.552350000000000119e-01 -7.468770000000000131e-01 6.465889999999999693e-01 7.176050000000000484e-01 3.645729999999999804e-01 5.934049999999999603e-01 -6.789290000000000047e-01 5.561129999999999685e-01 4.793680000000000163e-01
5.000000000000000000e+00 2.700000000000000000e+01 4.000000000000000000e+01 0.000000000000000000e+00 1.600000000000000089e+00 -1.420829999999999871e-01 -7.862580000000000124e-01 6.013410000000000144e-01 7.128940000000000277e-01 3.401839999999999864e-01 6.132349999999999746e-01 -6.867280000000000051e-01 5.158220000000000027e-01 5.121839999999999726e-01
1.600000000000000000e+01 3.400000000000000000e+01 4.000000000000000000e+01 0.000000000000000000e+00 1.600000000000000089e+00 -1.393870000000000109e-01 3.820180000000000242e-01 -9.135830000000000339e-01 5.409890000000000532e-01 8.021150000000000224e-01 2.528670000000000084e-01 8.293989999999999974e-01 -4.589920000000000111e-01 -3.184719999999999773e-01
2.100000000000000000e+01 1.300000000000000000e+01 4.100000000000000000e+01 0.000000000000000000e+00 1.600000000000000089e+00 -4.605299999999999672e-02 1.380139999999999978e-01 9.893589999999999884e-01 -7.061910000000000132e-01 -7.049870000000000303e-01 6.547300000000000342e-02 7.065219999999999834e-01 -6.956609999999999738e-01 1.299309999999999909e-01
2.200000000000000000e+01 1.400000000000000000e+01 4.200000000000000000e+01 0.000000000000000000e+00 1.600000000000000089e+00 -5.938100000000000322e-02 1.250139999999999862e-01 9.903760000000000341e-01 -6.229510000000000325e-01 -7.798720000000000097e-01 6.109200000000000047e-02 7.800040000000000306e-01 -6.133279999999999843e-01 1.241870000000000057e-01
4.000000000000000000e+00 3.000000000000000000e+00 4.300000000000000000e+01 0.000000000000000000e+00 1.600000000000000089e+00 6.000000000000000152e-05 2.347700000000000134e-02 -9.997239999999999460e-01 7.488719999999999821e-01 -6.625330000000000386e-01 -1.551400000000000001e-02 -6.627150000000000540e-01 -7.486650000000000249e-01 -1.762100000000000125e-02
9.000000000000000000e+00 3.000000000000000000e+00 4.300000000000000000e+01 0.000000000000000000e+00 1.600000000000000089e+00 4.319999999999999838e-04 2.771000000000000026e-03 -9.999959999999999960e-01 7.439710000000000489e-01 -6.682099999999999707e-01 -1.529999999999999893e-03 -6.682120000000000282e-01 -7.439679999999999627e-01 -2.350999999999999791e-03
2.300000000000000000e+01 3.000000000000000000e+00 4.300000000000000000e+01 0.000000000000000000e+00 1.600000000000000089e+00 4.899999999999999842e-04 1.029399999999999933e-02 -9.999470000000000303e-01 7.435859999999999692e-01 -6.686079999999999801e-01 -6.518999999999999621e-03 -6.686400000000000121e-01 -7.435439999999999827e-01 -7.981999999999999512e-03
2.700000000000000000e+01 3.000000000000000000e+00 4.300000000000000000e+01 0.000000000000000000e+00 1.600000000000000089e+00 3.770000000000000022e-04 3.297000000000000017e-03 -9.999949999999999672e-01 7.412300000000000555e-01 -6.712479999999999558e-01 -1.933999999999999955e-03 -6.712510000000000421e-01 -7.412250000000000227e-01 -2.697000000000000178e-03
1.300000000000000000e+01 8.000000000000000000e+00 4.400000000000000000e+01 0.000000000000000000e+00 1.600000000000000089e+00 3.344000000000000184e-03 3.779999999999999940e-03 9.999869999999999592e-01 -7.923350000000000115e-01 -6.100659999999999972e-01 4.956000000000000336e-03 6.100769999999999804e-01 -7.923409999999999620e-01 9.550000000000000112e-04
1.800000000000000000e+01 8.000000000000000000e+00 4.400000000000000000e+01 0.000000000000000000e+00 1.600000000000000089e+00 6.145000000000000288e-03 1.257199999999999984e-02 9.999019999999999575e-01 -7.901129999999999542e-01 -6.128320000000000434e-01 1.256099999999999925e-02 6.129299999999999748e-01 -7.901129999999999542e-01 6.166999999999999739e-03
8.000000000000000000e+00 2.400000000000000000e+01 4.500000000000000000e+01 0.000000000000000000e+00 1.600000000000000089e+00 1.227329999999999949e-01 -3.019760000000000222e-01 -9.453819999999999446e-01 -5.978189999999999893e-01 7.378710000000000546e-01 -3.133029999999999982e-01 7.921799999999999953e-01 6.036190000000000166e-01 -8.996600000000000430e-02
5.000000000000000000e+00 6.500000000000000000e+01 4.600000000000000000e+01 0.000000000000000000e+00 1.600000000000000089e+00 -1.306700000000000049e-02 -1.807459999999999900e-01 9.834429999999999561e-01 6.624619999999999953e-01 -7.382720000000000393e-01 -1.268839999999999968e-01 7.489820000000000366e-01 6.498350000000000515e-01 1.293839999999999990e-01
2.600000000000000000e+01 6.500000000000000000e+01 4.600000000000000000e+01 0.000000000000000000e+00 1.600000000000000089e+00 -2.392000000000000029e-03 -1.379999999999999933e-03 9.999959999999999960e-01 6.794540000000000024e-01 -7.337179999999999813e-01 6.130000000000000466e-04 7.337139999999999773e-01 6.794529999999999736e-01 2.693000000000000081e-03
3.000000000000000000e+01 2.100000000000000000e+01 4.800000000000000000e+01 0.000000000000000000e+00 1.600000000000000089e+00 -9.230999999999999622e-03 9.563999999999999585e-03 -9.999120000000000230e-01 3.084749999999999992e-01 9.512119999999999465e-01 6.250999999999999612e-03 9.511880000000000335e-01 -3.083899999999999975e-01 -1.173100000000000011e-02
7.000000000000000000e+00 4.500000000000000000e+01 5.000000000000000000e+01 0.000000000000000000e+00 1.600000000000000089e+00 -2.298119999999999885e-01 6.359329999999999705e-01 7.367329999999999712e-01 5.335020000000000318e-01 7.154390000000000471e-01 -4.511350000000000082e-01 -8.139790000000000081e-01 2.893720000000000181e-01 -5.036880000000000246e-01
1.800000000000000000e+01 6.000000000000000000e+00 5.100000000000000000e+01 0.000000000000000000e+00 1.600000000000000089e+00 1.689999999999999879e-04 4.244000000000000376e-03 -9.999909999999999632e-01 3.186450000000000116e-01 -9.478659999999999863e-01 -3.969000000000000306e-03 -9.478739999999999943e-01 -3.186419999999999808e-01 -1.512000000000000106e-03
1.200000000000000000e+01 4.800000000000000000e+01 5.100000000000000000e+01 0.000000000000000000e+00 1.600000000000000089e+00 1.691600000000000048e-02 -9.432120000000000504e-01 3.317590000000000261e-01 6.282450000000000534e-01 2.681529999999999747e-01 7.303439999999999932e-01 -7.778319999999999679e-01 1.960719999999999963e-01 5.971049999999999969e-01
3.000000000000000000e+00 7.000000000000000000e+00 5.200000000000000000e+01 0.000000000000000000e+00 1.600000000000000089e+00 1.760000000000000063e-03 7.086000000000000285e-03 -9.999730000000000008e-01 6.820900000000000574e-02 -9.976469999999999505e-01 -6.949000000000000316e-03 -9.976690000000000280e-01 -6.819500000000000561e-02 -2.239000000000000105e-03
2.400000000000000000e+01 7.000000000000000000e+00 5.200000000000000000e+01 0.000000000000000000e+00 1.600000000000000089e+00 5.180000000000000143e-04 -3.710000000000000190e-04 -1.000000000000000000e+00 9.362499999999999989e-02 -9.956070000000000197e-01 4.180000000000000230e-04 -9.956070000000000197e-01 -9.362499999999999989e-02 -4.809999999999999823e-04
1.000000000000000000e+00 4.200000000000000000e+01 5.200000000000000000e+01 0.000000000000000000e+00 1.600000000000000089e+00 -4.708149999999999835e-01 8.451410000000000311e-01 -2.531200000000000117e-01 7.859789999999999832e-01 2.715000000000000191e-01 -5.554499999999999993e-01 -4.007120000000000126e-01 -4.604610000000000092e-01 -7.920890000000000430e-01
1.300000000000000000e+01 4.900000000000000000e+01 5.200000000000000000e+01 0.000000000000000000e+00 1.600000000000000089e+00 -2.736900000000000097e-02 -9.574409999999999865e-01 2.873279999999999723e-01 6.379839999999999955e-01 2.045520000000000116e-01 7.423840000000000439e-01 -7.695629999999999971e-01 2.036290000000000044e-01 6.052340000000000497e-01
6.000000000000000000e+00 6.300000000000000000e+01 5.200000000000000000e+01 0.000000000000000000e+00 1.600000000000000089e+00 -4.083200000000000024e-02 1.943699999999999872e-01 -9.800780000000000047e-01 4.690259999999999985e-01 8.698369999999999713e-01 1.529659999999999909e-01 8.822400000000000242e-01 -4.534360000000000057e-01 -1.266809999999999881e-01
1.300000000000000000e+01 5.000000000000000000e+01 5.300000000000000000e+01 0.000000000000000000e+00 1.600000000000000089e+00 -8.444100000000000217e-02 -9.560969999999999747e-01 2.806210000000000093e-01 6.266890000000000516e-01 1.679940000000000044e-01 7.609460000000000113e-01 -7.746809999999999530e-01 2.401169999999999971e-01 5.849900000000000100e-01
3.000000000000000000e+00 1.400000000000000000e+01 5.400000000000000000e+01 0.000000000000000000e+00 1.600000000000000089e+00 -4.232999999999999784e-03 -8.180000000000000422e-04 -9.999909999999999632e-01 5.802599999999999980e-01 8.144249999999999545e-01 -3.122999999999999908e-03 8.144200000000000328e-01 -5.802680000000000060e-01 -2.972999999999999948e-03
1.700000000000000000e+01 6.300000000000000000e+01 5.400000000000000000e+01 0.000000000000000000e+00 1.600000000000000089e+00 1.221999999999999996e-03 2.056300000000000142e-02 9.997880000000000100e-01 -3.580630000000000202e-01 9.335090000000000332e-01 -1.876200000000000090e-02 -9.336969999999999992e-01 -3.579640000000000044e-01 8.503000000000000141e-03
2.800000000000000000e+01 6.300000000000000000e+01 5.400000000000000000e+01 0.000000000000000000e+00 1.600000000000000089e+00 2.239000000000000105e-03 -2.697000000000000178e-03 9.999940000000000495e-01 -3.830109999999999904e-01 9.237379999999999480e-01 3.348999999999999980e-03 -9.237410000000000343e-01 -3.830160000000000231e-01 1.034999999999999896e-03
1.500000000000000000e+01 2.400000000000000000e+01 5.500000000000000000e+01 0.000000000000000000e+00 1.600000000000000089e+00 -3.821999999999999703e-02 1.407049999999999967e-01 -9.893140000000000267e-01 1.832400000000000001e-02 9.899689999999999879e-01 1.400899999999999923e-01 9.991010000000000169e-01 -1.277400000000000063e-02 -4.041499999999999954e-02
2.600000000000000000e+01 2.500000000000000000e+01 5.500000000000000000e+01 0.000000000000000000e+00 1.600000000000000089e+00 -1.574000000000000052e-02 -2.173690000000000067e-01 9.759630000000000249e-01 4.405900000000000094e-02 9.749849999999999905e-01 2.178609999999999991e-01 -9.989050000000000429e-01 4.642899999999999805e-02 -5.768999999999999823e-03
6.000000000000000000e+00 2.600000000000000000e+01 5.500000000000000000e+01 0.000000000000000000e+00 1.600000000000000089e+00 1.378899999999999917e-02 1.804300000000000001e-02 -9.997420000000000195e-01 -1.043300000000000061e-01 9.944060000000000121e-01 1.650799999999999837e-02 9.944469999999999699e-01 1.040750000000000008e-01 1.559400000000000022e-02
8.000000000000000000e+00 2.600000000000000000e+01 5.500000000000000000e+01 0.000000000000000000e+00 1.600000000000000089e+00 2.504500000000000129e-02 2.324499999999999830e-02 -9.994159999999999711e-01 -1.083979999999999944e-01 9.938979999999999482e-01 2.040099999999999900e-02 9.937920000000000087e-01 1.078240000000000032e-01 2.741199999999999887e-02
1.600000000000000000e+01 5.300000000000000000e+01 5.500000000000000000e+01 0.000000000000000000e+00 1.600000000000000089e+00 4.996300000000000047e-02 -5.964990000000000014e-01 8.010570000000000190e-01 9.445999999999999536e-03 8.023050000000000459e-01 5.968390000000000084e-01 -9.987059999999999826e-01 -2.225399999999999948e-02 4.571999999999999675e-02
2.000000000000000000e+00 7.800000000000000000e+01 5.500000000000000000e+01 0.000000000000000000e+00 1.600000000000000089e+00 9.700000000000000289e-02 -5.654300000000000298e-02 -9.936770000000000325e-01 2.892939999999999956e-01 -9.536780000000000257e-01 8.250699999999999701e-02 -9.523129999999999651e-01 -2.954680000000000084e-01 -7.614899999999999447e-02
1.500000000000000000e+01 2.600000000000000000e+01 5.600000000000000000e+01 0.000000000000000000e+00 1.600000000000000089e+00 -1.220199999999999931e-02 1.112439999999999957e-01 -9.937179999999999902e-01 8.186999999999999833e-03 9.937700000000000422e-01 1.111489999999999978e-01 9.998920000000000030e-01 -6.779000000000000303e-03 -1.303600000000000071e-02
3.000000000000000000e+00 7.700000000000000000e+01 5.600000000000000000e+01 0.000000000000000000e+00 1.600000000000000089e+00 -2.446659999999999946e-01 2.292039999999999911e-01 9.421270000000000477e-01 -4.300950000000000051e-01 -8.964910000000000379e-01 1.064080000000000026e-01 8.689980000000000482e-01 -3.791689999999999783e-01 3.179199999999999804e-01
1.200000000000000000e+01 4.200000000000000000e+01 5.800000000000000000e+01 0.000000000000000000e+00 1.600000000000000089e+00 -5.129749999999999588e-01 -4.639300000000000090e-01 7.222370000000000179e-01 -3.651100000000000179e-02 -8.288189999999999724e-01 -5.583249999999999602e-01 8.576270000000000282e-01 -3.127759999999999985e-01 4.082250000000000045e-01
6.000000000000000000e+00 6.500000000000000000e+01 5.800000000000000000e+01 0.000000000000000000e+00 1.600000000000000089e+00 -5.495149999999999757e-01 -8.274740000000000428e-01 1.154140000000000027e-01 1.092759999999999981e-01 -2.081379999999999897e-01 -9.719759999999999511e-01 8.283070000000000155e-01 -5.215030000000000499e-01 2.047980000000000078e-01
