4.000000000000000000e+00 1.500000000000000000e+01 4.000000000000000000e+00 0.000000000000000000e+00 1.600000000000000089e+00 2.423999999999999939e-03 5.276000000000000308e-03 9.999829999999999552e-01 3.214380000000000015e-01 -9.469210000000000127e-01 4.216000000000000129e-03 9.469269999999999632e-01 3.214219999999999855e-01 -3.990999999999999756e-03
9.000000000000000000e+00 1.500000000000000000e+01 4.000000000000000000e+00 0.000000000000000000e+00 1.600000000000000089e+00 2.109000000000000197e-03 6.004999999999999921e-03 9.999799999999999800e-01 3.225580000000000114e-01 -9.465360000000000440e-01 5.003999999999999768e-03 9.465470000000000272e-01 3.225410000000000221e-01 -3.932999999999999864e-03
1.400000000000000000e+01 1.500000000000000000e+01 4.000000000000000000e+00 0.000000000000000000e+00 1.600000000000000089e+00 -3.129999999999999970e-03 -7.861999999999999197e-03 9.999639999999999640e-01 3.211439999999999850e-01 -9.470079999999999609e-01 -6.440000000000000412e-03 9.470250000000000057e-01 3.211120000000000085e-01 5.488999999999999956e-03
1.900000000000000000e+01 1.500000000000000000e+01 4.000000000000000000e+00 0.000000000000000000e+00 1.600000000000000089e+00 1.546999999999999981e-03 -6.058000000000000017e-03 9.999799999999999800e-01 3.236910000000000065e-01 -9.461420000000000385e-01 -6.232999999999999825e-03 9.461619999999999475e-01 3.236939999999999817e-01 4.970000000000000459e-04
2.600000000000000000e+01 1.500000000000000000e+01 4.000000000000000000e+00 0.000000000000000000e+00 1.600000000000000089e+00 -6.127999999999999767e-03 -1.050099999999999992e-02 9.999259999999999815e-01 3.228840000000000043e-01 -9.464050000000000518e-01 -7.960000000000000062e-03 9.464190000000000103e-01 3.228119999999999878e-01 9.190000000000000252e-03
2.900000000000000000e+01 1.500000000000000000e+01 4.000000000000000000e+00 0.000000000000000000e+00 1.600000000000000089e+00 -6.271999999999999797e-03 -1.484399999999999956e-02 9.998700000000000365e-01 3.207309999999999883e-01 -9.470939999999999914e-01 -1.204900000000000068e-02 9.471500000000000474e-01 3.206140000000000101e-01 1.070100000000000044e-02
2.000000000000000000e+01 1.900000000000000000e+01 5.000000000000000000e+00 0.000000000000000000e+00 1.600000000000000089e+00 -1.680999999999999986e-03 -4.994000000000000175e-03 -9.999860000000000415e-01 -6.743040000000000145e-01 -7.384380000000000388e-01 4.820999999999999765e-03 -7.384519999999999973e-01 6.743029999999999857e-01 -2.125999999999999852e-03
1.300000000000000000e+01 1.010000000000000000e+02 7.000000000000000000e+00 0.000000000000000000e+00 1.600000000000000089e+00 -6.008999999999999585e-03 1.467000000000000075e-02 9.998740000000000405e-01 8.810700000000000198e-01 4.729840000000000155e-01 -1.644999999999999978e-03 -4.729479999999999795e-01 8.809489999999999821e-01 -1.576800000000000077e-02
2.300000000000000000e+01 1.010000000000000000e+02 7.000000000000000000e+00 0.000000000000000000e+00 1.600000000000000089e+00 -1.936999999999999920e-03 -5.189599999999999769e-02 9.986509999999999554e-01 8.809879999999999933e-01 4.724090000000000233e-01 2.625800000000000009e-02 -4.731349999999999723e-01 8.798500000000000210e-01 4.480399999999999661e-02
1.000000000000000000e+00 2.500000000000000000e+01 8.000000000000000000e+00 0.000000000000000000e+00 1.600000000000000089e+00 -1.474999999999999966e-03 -7.230000000000000098e-04 -9.999989999999999712e-01 4.523510000000000031e-01 8.918390000000000484e-01 -1.312000000000000015e-03 8.918390000000000484e-01 -4.523519999999999763e-01 -9.879999999999999460e-04
6.000000000000000000e+00 2.500000000000000000e+01 8.000000000000000000e+00 0.000000000000000000e+00 1.600000000000000089e+00 -1.297999999999999892e-03 -1.518999999999999951e-03 -9.999980000000000535e-01 4.534659999999999802e-01 8.912719999999999532e-01 -1.941999999999999933e-03 8.912729999999999819e-01 -4.534670000000000090e-01 -4.679999999999999915e-04
1.200000000000000000e+01 2.500000000000000000e+01 8.000000000000000000e+00 0.000000000000000000e+00 1.600000000000000089e+00 -9.820000000000000170e-04 6.701999999999999624e-03 -9.999770000000000048e-01 4.530980000000000008e-01 8.914440000000000142e-01 5.529000000000000060e-03 8.914600000000000302e-01 -4.530819999999999848e-01 -3.911999999999999679e-03
1.500000000000000000e+01 2.500000000000000000e+01 8.000000000000000000e+00 0.000000000000000000e+00 1.600000000000000089e+00 -1.054000000000000032e-03 -2.191999999999999938e-03 -9.999970000000000248e-01 4.544039999999999746e-01 8.907920000000000282e-01 -2.432000000000000134e-03 8.907950000000000035e-01 -4.544050000000000034e-01 5.700000000000000314e-05
1.900000000000000000e+01 2.500000000000000000e+01 8.000000000000000000e+00 0.000000000000000000e+00 1.600000000000000089e+00 -8.750000000000000182e-04 1.257000000000000088e-03 -9.999989999999999712e-01 4.554230000000000222e-01 8.902750000000000385e-01 7.209999999999999612e-04 8.902750000000000385e-01 -4.554219999999999935e-01 -1.350999999999999987e-03
2.800000000000000000e+01 2.500000000000000000e+01 8.000000000000000000e+00 0.000000000000000000e+00 1.600000000000000089e+00 2.339999999999999958e-04 -1.527500000000000038e-02 -9.998829999999999663e-01 4.527249999999999885e-01 8.915480000000000071e-01 -1.351399999999999997e-02 8.916500000000000536e-01 -4.526689999999999880e-01 7.124000000000000124e-03
6.000000000000000000e+00 2.400000000000000000e+01 9.000000000000000000e+00 0.000000000000000000e+00 1.600000000000000089e+00 -1.268999999999999946e-03 -2.389000000000000064e-03 -9.999959999999999960e-01 4.553229999999999777e-01 8.903219999999999468e-01 -2.703999999999999806e-03 8.903250000000000330e-01 -4.553249999999999797e-01 -4.199999999999999768e-05
1.500000000000000000e+01 2.400000000000000000e+01 9.000000000000000000e+00 0.000000000000000000e+00 1.600000000000000089e+00 -1.250000000000000026e-03 -2.076000000000000154e-03 -9.999970000000000248e-01 4.559810000000000252e-01 8.899860000000000548e-01 -2.418000000000000010e-03 8.899890000000000301e-01 -4.559819999999999984e-01 -1.659999999999999963e-04
2.300000000000000000e+01 2.400000000000000000e+01 9.000000000000000000e+00 0.000000000000000000e+00 1.600000000000000089e+00 7.150000000000000322e-04 -3.690000000000000246e-04 -1.000000000000000000e+00 4.580500000000000127e-01 8.889259999999999939e-01 -0.000000000000000000e+00 8.889259999999999939e-01 -4.580500000000000127e-01 8.050000000000000515e-04
2.900000000000000000e+01 2.400000000000000000e+01 9.000000000000000000e+00 0.000000000000000000e+00 1.600000000000000089e+00 5.739999999999999660e-04 -1.382500000000000048e-02 -9.999040000000000150e-01 4.566509999999999736e-01 8.895650000000000501e-01 -1.203700000000000082e-02 8.896460000000000479e-01 -4.566000000000000059e-01 6.823000000000000072e-03
2.300000000000000000e+01 1.200000000000000000e+01 1.000000000000000000e+01 0.000000000000000000e+00 1.600000000000000089e+00 -4.360000000000000269e-04 -5.122999999999999950e-03 -9.999869999999999592e-01 -5.512559999999999683e-01 -8.343239999999999545e-01 4.514999999999999916e-03 -8.343359999999999665e-01 5.512510000000000465e-01 -2.459999999999999947e-03
2.000000000000000000e+00 3.100000000000000000e+01 1.200000000000000000e+01 0.000000000000000000e+00 1.600000000000000089e+00 -4.189999999999999931e-04 -2.667999999999999799e-03 9.999959999999999960e-01 -1.731299999999999853e-02 9.998470000000000413e-01 2.660000000000000038e-03 -9.998500000000000165e-01 -1.731200000000000100e-02 -4.650000000000000270e-04
1.000000000000000000e+00 3.500000000000000000e+01 1.200000000000000000e+01 0.000000000000000000e+00 1.600000000000000089e+00 -1.041000000000000042e-03 -9.129999999999999661e-04 -9.999989999999999712e-01 4.557590000000000252e-01 -8.901029999999999776e-01 3.379999999999999758e-04 -8.901029999999999776e-01 -4.557579999999999965e-01 1.343000000000000010e-03
6.000000000000000000e+00 3.500000000000000000e+01 1.200000000000000000e+01 0.000000000000000000e+00 1.600000000000000089e+00 1.569000000000000082e-03 1.500000000000000038e-05 -9.999989999999999712e-01 4.477189999999999781e-01 -8.941740000000000244e-01 6.890000000000000508e-04 -8.941729999999999956e-01 -4.477200000000000069e-01 -1.409000000000000096e-03
1.500000000000000000e+01 3.500000000000000000e+01 1.200000000000000000e+01 0.000000000000000000e+00 1.600000000000000089e+00 -5.890000000000000053e-04 -8.140000000000000534e-04 -9.999989999999999712e-01 4.166880000000000028e-01 -9.090489999999999959e-01 4.939999999999999730e-04 -9.090489999999999959e-01 -4.166880000000000028e-01 8.750000000000000182e-04
1.900000000000000000e+01 3.500000000000000000e+01 1.200000000000000000e+01 0.000000000000000000e+00 1.600000000000000089e+00 2.455999999999999850e-03 -6.039000000000000097e-03 -9.999789999999999512e-01 4.027569999999999761e-01 -9.152839999999999865e-01 6.517000000000000223e-03 -9.153029999999999777e-01 -4.027649999999999841e-01 1.849999999999999973e-04
1.000000000000000000e+00 3.200000000000000000e+01 1.400000000000000000e+01 0.000000000000000000e+00 1.600000000000000089e+00 1.366999999999999943e-03 -3.739000000000000136e-03 -9.999919999999999920e-01 1.069859999999999978e-01 9.942539999999999711e-01 -3.572000000000000088e-03 9.942600000000000326e-01 -1.069810000000000066e-01 1.758999999999999930e-03
2.500000000000000000e+01 3.200000000000000000e+01 1.400000000000000000e+01 0.000000000000000000e+00 1.600000000000000089e+00 7.960000000000000495e-04 2.543999999999999821e-03 -9.999959999999999960e-01 1.051630000000000065e-01 9.944520000000000026e-01 2.614000000000000004e-03 9.944549999999999779e-01 -1.051649999999999946e-01 5.240000000000000517e-04
6.000000000000000000e+00 1.200000000000000000e+01 1.500000000000000000e+01 0.000000000000000000e+00 1.600000000000000089e+00 -3.100000000000000135e-05 -9.380000000000000317e-04 -1.000000000000000000e+00 -4.633760000000000101e-01 -8.861609999999999765e-01 8.459999999999999638e-04 -8.861620000000000053e-01 4.633760000000000101e-01 -4.070000000000000267e-04
1.500000000000000000e+01 1.200000000000000000e+01 1.500000000000000000e+01 0.000000000000000000e+00 1.600000000000000089e+00 -1.512000000000000106e-03 -3.926999999999999935e-03 -9.999909999999999632e-01 -4.636460000000000026e-01 -8.860109999999999930e-01 4.179999999999999688e-03 -8.860190000000000010e-01 4.636480000000000046e-01 -4.809999999999999823e-04
1.000000000000000000e+00 1.160000000000000000e+02 1.600000000000000000e+01 0.000000000000000000e+00 1.600000000000000089e+00 -3.449999999999999833e-04 4.619999999999999975e-03 9.999890000000000168e-01 7.360010000000000163e-01 6.769739999999999647e-01 -2.873999999999999819e-03 -6.769800000000000262e-01 7.359919999999999796e-01 -3.632999999999999945e-03
4.000000000000000000e+00 1.160000000000000000e+02 1.600000000000000000e+01 0.000000000000000000e+00 1.600000000000000089e+00 2.170000000000000054e-03 5.823000000000000051e-03 9.999810000000000088e-01 7.402450000000000419e-01 6.723149999999999959e-01 -5.520999999999999866e-03 -6.723339999999999872e-01 7.402429999999999843e-01 -2.850999999999999802e-03
2.000000000000000000e+01 1.160000000000000000e+02 1.600000000000000000e+01 0.000000000000000000e+00 1.600000000000000089e+00 -8.500000000000000611e-05 1.750999999999999952e-03 9.999980000000000535e-01 7.591329999999999467e-01 6.509350000000000414e-01 -1.075000000000000001e-03 -6.509359999999999591e-01 7.591310000000000002e-01 -1.384999999999999946e-03
2.500000000000000000e+01 1.160000000000000000e+02 1.600000000000000000e+01 0.000000000000000000e+00 1.600000000000000089e+00 -2.988999999999999903e-03 -1.630000000000000047e-04 9.999959999999999960e-01 7.667469999999999564e-01 6.419449999999999878e-01 2.396999999999999825e-03 -6.419430000000000414e-01 7.667509999999999604e-01 -1.794000000000000022e-03
5.000000000000000000e+00 2.000000000000000000e+00 1.900000000000000000e+01 0.000000000000000000e+00 1.600000000000000089e+00 -3.020000000000000223e-04 5.638999999999999915e-03 -9.999839999999999840e-01 1.680939999999999934e-01 -9.857550000000000479e-01 -5.609000000000000270e-03 -9.857709999999999528e-01 -1.680929999999999924e-01 -6.499999999999999702e-04
1.500000000000000000e+01 2.000000000000000000e+00 1.900000000000000000e+01 0.000000000000000000e+00 1.600000000000000089e+00 -1.230000000000000082e-04 -4.772000000000000200e-03 -9.999890000000000168e-01 1.611720000000000097e-01 -9.869149999999999867e-01 4.689999999999999725e-03 -9.869259999999999700e-01 -1.611700000000000077e-01 8.909999999999999734e-04
1.900000000000000000e+01 2.000000000000000000e+00 1.900000000000000000e+01 0.000000000000000000e+00 1.600000000000000089e+00 -1.430000000000000064e-03 -1.821800000000000155e-02 -9.998329999999999718e-01 1.595560000000000034e-01 -9.870290000000000452e-01 1.775600000000000095e-02 -9.871879999999999544e-01 -1.595040000000000069e-01 4.317999999999999790e-03
2.400000000000000000e+01 2.000000000000000000e+00 1.900000000000000000e+01 0.000000000000000000e+00 1.600000000000000089e+00 1.979999999999999881e-04 -1.680000000000000070e-03 -9.999989999999999712e-01 1.532270000000000021e-01 -9.881900000000000128e-01 1.690000000000000096e-03 -9.881910000000000416e-01 -1.532270000000000021e-01 6.099999999999999872e-05
2.700000000000000000e+01 2.000000000000000000e+00 1.900000000000000000e+01 0.000000000000000000e+00 1.600000000000000089e+00 2.079999999999999818e-03 9.006999999999999382e-03 -9.999569999999999848e-01 1.511299999999999866e-01 -9.884770000000000501e-01 -8.588999999999999413e-03 -9.885119999999999463e-01 -1.511059999999999903e-01 -3.416999999999999899e-03
5.000000000000000000e+00 1.300000000000000000e+01 2.000000000000000000e+01 0.000000000000000000e+00 1.600000000000000089e+00 2.900000000000000017e-05 1.167999999999999984e-03 9.999989999999999712e-01 2.516519999999999868e-01 9.678170000000000384e-01 -1.136999999999999990e-03 -9.678179999999999561e-01 2.516519999999999868e-01 -2.660000000000000146e-04
9.000000000000000000e+00 1.300000000000000000e+01 2.000000000000000000e+01 0.000000000000000000e+00 1.600000000000000089e+00 4.749999999999999990e-04 -2.863999999999999792e-03 9.999959999999999960e-01 2.500959999999999850e-01 9.682169999999999943e-01 2.654000000000000109e-03 -9.682209999999999983e-01 2.500939999999999830e-01 1.177000000000000095e-03
1.600000000000000000e+01 1.300000000000000000e+01 2.000000000000000000e+01 0.000000000000000000e+00 1.600000000000000089e+00 3.100000000000000135e-05 -8.980000000000000352e-04 1.000000000000000000e+00 2.514109999999999956e-01 9.678799999999999626e-01 8.610000000000000032e-04 -9.678799999999999626e-01 2.514109999999999956e-01 2.550000000000000183e-04
2.800000000000000000e+01 1.300000000000000000e+01 2.000000000000000000e+01 0.000000000000000000e+00 1.600000000000000089e+00 1.978999999999999856e-03 -1.562000000000000020e-03 9.999970000000000248e-01 2.449639999999999873e-01 9.695319999999999494e-01 1.030000000000000100e-03 -9.695300000000000029e-01 2.449620000000000131e-01 2.301000000000000094e-03
2.000000000000000000e+00 1.600000000000000000e+01 2.100000000000000000e+01 0.000000000000000000e+00 1.600000000000000089e+00 -9.640000000000000131e-04 5.913999999999999986e-03 9.999820000000000375e-01 2.988480000000000025e-01 9.542859999999999676e-01 -5.355000000000000385e-03 -9.543000000000000371e-01 2.988379999999999925e-01 -2.687999999999999851e-03
7.000000000000000000e+00 1.600000000000000000e+01 2.100000000000000000e+01 0.000000000000000000e+00 1.600000000000000089e+00 5.599999999999999916e-05 -3.719999999999999891e-04 1.000000000000000000e+00 2.983330000000000148e-01 9.544620000000000326e-01 3.379999999999999758e-04 -9.544620000000000326e-01 2.983319999999999861e-01 1.649999999999999991e-04
1.200000000000000000e+01 1.600000000000000000e+01 2.100000000000000000e+01 0.000000000000000000e+00 1.600000000000000089e+00 7.299999999999999903e-05 -6.712000000000000084e-03 9.999770000000000048e-01 2.973500000000000032e-01 9.547470000000000123e-01 6.386000000000000183e-03 -9.547689999999999788e-01 2.973430000000000240e-01 2.066000000000000128e-03
2.100000000000000000e+01 1.600000000000000000e+01 2.100000000000000000e+01 0.000000000000000000e+00 1.600000000000000089e+00 2.183000000000000045e-03 1.089299999999999990e-02 9.999379999999999935e-01 2.990389999999999993e-01 9.541770000000000529e-01 -1.104800000000000053e-02 -9.542380000000000306e-01 2.990439999999999765e-01 -1.173999999999999913e-03
2.400000000000000000e+01 1.600000000000000000e+01 2.100000000000000000e+01 0.000000000000000000e+00 1.600000000000000089e+00 1.912000000000000071e-03 1.204299999999999989e-02 9.999259999999999815e-01 2.974419999999999842e-01 9.546639999999999571e-01 -1.206600000000000034e-02 -9.547379999999999756e-01 2.974430000000000129e-01 -1.755999999999999965e-03
2.800000000000000000e+01 1.600000000000000000e+01 2.100000000000000000e+01 0.000000000000000000e+00 1.600000000000000089e+00 1.384999999999999946e-03 -2.889000000000000075e-03 9.999949999999999672e-01 2.956889999999999796e-01 9.552810000000000468e-01 2.350999999999999791e-03 -9.552829999999999933e-01 2.956840000000000024e-01 2.177000000000000116e-03
2.500000000000000000e+01 3.000000000000000000e+00 2.500000000000000000e+01 0.000000000000000000e+00 1.600000000000000089e+00 -2.183000000000000045e-03 1.190300000000000039e-02 9.999270000000000103e-01 -4.179000000000000076e-02 -9.990569999999999729e-01 1.180199999999999999e-02 9.991240000000000121e-01 -4.176099999999999951e-02 2.677999999999999825e-03
2.700000000000000000e+01 4.500000000000000000e+01 2.600000000000000000e+01 0.000000000000000000e+00 1.600000000000000089e+00 1.909200000000000133e-02 2.683699999999999974e-02 9.994570000000000398e-01 4.702160000000000228e-01 8.819470000000000365e-01 -3.266399999999999859e-02 -8.823450000000000459e-01 4.705840000000000023e-01 4.218999999999999660e-03
1.500000000000000000e+01 4.600000000000000000e+01 2.700000000000000000e+01 0.000000000000000000e+00 1.600000000000000089e+00 2.062000000000000031e-03 -2.762000000000000132e-03 -9.999940000000000495e-01 6.730570000000000164e-01 7.395899999999999697e-01 -6.539999999999999590e-04 7.395880000000000232e-01 -6.730519999999999836e-01 3.383999999999999855e-03
4.000000000000000000e+00 4.600000000000000000e+01 3.000000000000000000e+01 0.000000000000000000e+00 1.600000000000000089e+00 7.159999999999999481e-04 2.610000000000000015e-04 -1.000000000000000000e+00 3.284989999999999855e-01 9.445040000000000102e-01 4.820000000000000066e-04 9.445040000000000102e-01 -3.284989999999999855e-01 5.900000000000000296e-04
2.500000000000000000e+01 5.000000000000000000e+01 3.000000000000000000e+01 0.000000000000000000e+00 1.600000000000000089e+00 -6.493300000000000460e-02 -3.594579999999999997e-01 -9.308990000000000320e-01 5.968959999999999821e-01 -7.615709999999999980e-01 2.524379999999999957e-01 -7.996870000000000367e-01 -5.392590000000000439e-01 2.640100000000000224e-01
3.000000000000000000e+00 5.800000000000000000e+01 3.100000000000000000e+01 0.000000000000000000e+00 1.600000000000000089e+00 -2.020000000000000040e-04 -3.771000000000000046e-03 9.999930000000000208e-01 -7.701930000000000165e-01 -6.378059999999999841e-01 -2.560999999999999908e-03 6.378110000000000168e-01 -7.701879999999999837e-01 -2.775000000000000123e-03
1.200000000000000000e+01 5.800000000000000000e+01 3.100000000000000000e+01 0.000000000000000000e+00 1.600000000000000089e+00 2.639599999999999932e-02 -8.891899999999999804e-02 9.956890000000000462e-01 -7.646990000000000176e-01 -6.433149999999999702e-01 -3.717800000000000271e-02 6.438469999999999471e-01 -7.604210000000000136e-01 -8.497699999999999698e-02
1.600000000000000000e+01 5.600000000000000000e+01 3.300000000000000000e+01 0.000000000000000000e+00 1.600000000000000089e+00 -2.587729999999999753e-01 -3.136340000000000239e-01 -9.136030000000000539e-01 4.600380000000000025e-01 -8.716789999999999816e-01 1.689380000000000048e-01 -8.493540000000000534e-01 -3.765749999999999931e-01 3.698500000000000121e-01
5.000000000000000000e+00 4.600000000000000000e+01 3.500000000000000000e+01 0.000000000000000000e+00 1.600000000000000089e+00 -8.869999999999999846e-04 4.040000000000000188e-03 -9.999909999999999632e-01 3.933570000000000122e-01 -9.193769999999999998e-01 -4.062999999999999771e-03 -9.193850000000000078e-01 -3.933570000000000122e-01 -7.739999999999999485e-04
8.000000000000000000e+00 4.600000000000000000e+01 3.500000000000000000e+01 0.000000000000000000e+00 1.600000000000000089e+00 2.889999999999999774e-04 -9.258000000000000604e-03 -9.999569999999999848e-01 3.956109999999999904e-01 -9.183780000000000276e-01 8.616999999999999660e-03 -9.184179999999999566e-01 -3.955969999999999764e-01 3.396999999999999846e-03
1.500000000000000000e+01 4.600000000000000000e+01 3.500000000000000000e+01 0.000000000000000000e+00 1.600000000000000089e+00 -3.089499999999999885e-02 -1.700329999999999897e-01 -9.849539999999999962e-01 3.606969999999999898e-01 -9.209190000000000431e-01 1.476639999999999897e-01 -9.321709999999999718e-01 -3.507080000000000197e-01 8.978200000000000069e-02
1.000000000000000000e+01 9.500000000000000000e+01 3.600000000000000000e+01 0.000000000000000000e+00 1.600000000000000089e+00 -2.449700000000000141e-02 5.475599999999999912e-02 9.981989999999999474e-01 9.957840000000000025e-01 8.963300000000000434e-02 1.952100000000000016e-02 -8.840299999999999547e-02 9.944690000000000474e-01 -5.672100000000000058e-02
1.500000000000000000e+01 9.500000000000000000e+01 3.600000000000000000e+01 0.000000000000000000e+00 1.600000000000000089e+00 -3.289999999999999739e-04 2.860700000000000048e-02 9.995910000000000073e-01 9.976030000000000175e-01 6.918000000000000538e-02 -1.650999999999999907e-03 -6.919799999999999562e-02 9.971940000000000248e-01 -2.856099999999999958e-02
2.100000000000000000e+01 9.500000000000000000e+01 3.600000000000000000e+01 0.000000000000000000e+00 1.600000000000000089e+00 9.724000000000000005e-03 6.139999999999999625e-03 9.999339999999999895e-01 9.970020000000000548e-01 7.670499999999999541e-02 -1.016599999999999969e-02 -7.676199999999999690e-02 9.970350000000000046e-01 -5.375999999999999703e-03
5.000000000000000000e+00 2.900000000000000000e+01 4.400000000000000000e+01 0.000000000000000000e+00 1.600000000000000089e+00 6.920000000000000153e-04 -5.879999999999999810e-04 -1.000000000000000000e+00 6.684320000000000261e-01 7.437740000000000462e-01 2.599999999999999840e-05 7.437730000000000175e-01 -6.684309999999999974e-01 9.079999999999999530e-04
1.100000000000000000e+01 2.900000000000000000e+01 4.400000000000000000e+01 0.000000000000000000e+00 1.600000000000000089e+00 2.530000000000000239e-04 8.210000000000000067e-04 -1.000000000000000000e+00 6.622639999999999638e-01 7.492710000000000203e-01 7.820000000000000345e-04 7.492710000000000203e-01 -6.622639999999999638e-01 -3.539999999999999853e-04
1.700000000000000000e+01 2.900000000000000000e+01 4.400000000000000000e+01 0.000000000000000000e+00 1.600000000000000089e+00 -3.177999999999999835e-03 -1.520000000000000084e-04 -9.999949999999999672e-01 6.580850000000000311e-01 7.529400000000000537e-01 -2.206000000000000062e-03 7.529369999999999674e-01 -6.580890000000000351e-01 -2.292999999999999899e-03
2.200000000000000000e+01 2.900000000000000000e+01 4.400000000000000000e+01 0.000000000000000000e+00 1.600000000000000089e+00 6.139999999999999625e-04 2.233999999999999875e-03 -9.999970000000000248e-01 6.594700000000000006e-01 7.517279999999999518e-01 2.083999999999999915e-03 7.517300000000000093e-01 -6.594700000000000006e-01 -1.010999999999999963e-03
2.600000000000000000e+01 2.900000000000000000e+01 4.400000000000000000e+01 0.000000000000000000e+00 1.600000000000000089e+00 8.059999999999999673e-04 8.140000000000000534e-04 -9.999989999999999712e-01 6.564729999999999732e-01 7.543480000000000185e-01 1.142999999999999919e-03 7.543490000000000473e-01 -6.564740000000000020e-01 7.399999999999999623e-05
2.300000000000000000e+01 6.000000000000000000e+01 4.600000000000000000e+01 0.000000000000000000e+00 1.600000000000000089e+00 -4.262580000000000258e-01 -2.650950000000000251e-01 8.648869999999999614e-01 2.087660000000000071e-01 9.014590000000000103e-01 3.791939999999999755e-01 -8.801820000000000199e-01 3.421939999999999982e-01 -3.289110000000000089e-01
7.000000000000000000e+00 5.000000000000000000e+00 5.100000000000000000e+01 0.000000000000000000e+00 1.600000000000000089e+00 1.087999999999999991e-03 2.967000000000000019e-03 -9.999949999999999672e-01 4.899140000000000161e-01 -8.717679999999999874e-01 -2.053999999999999836e-03 -8.717700000000000449e-01 -4.899089999999999834e-01 -2.402000000000000055e-03
1.000000000000000000e+01 5.000000000000000000e+00 5.100000000000000000e+01 0.000000000000000000e+00 1.600000000000000089e+00 -1.620000000000000075e-04 6.740000000000000331e-03 -9.999770000000000048e-01 4.882790000000000186e-01 -8.726669999999999705e-01 -5.961000000000000153e-03 -8.726880000000000193e-01 -4.882690000000000086e-01 -3.148999999999999889e-03
1.500000000000000000e+01 5.000000000000000000e+00 5.100000000000000000e+01 0.000000000000000000e+00 1.600000000000000089e+00 -5.689999999999999529e-04 6.394999999999999643e-03 -9.999789999999999512e-01 4.829249999999999932e-01 -8.756420000000000314e-01 -5.873999999999999881e-03 -8.756610000000000227e-01 -4.829189999999999872e-01 -2.589999999999999854e-03
1.900000000000000000e+01 5.000000000000000000e+00 5.100000000000000000e+01 0.000000000000000000e+00 1.600000000000000089e+00 -1.923999999999999929e-03 -4.037999999999999923e-03 -9.999900000000000455e-01 4.845999999999999752e-01 -8.747319999999999540e-01 2.599999999999999881e-03 -8.747340000000000115e-01 -4.845900000000000207e-01 3.638999999999999874e-03
2.600000000000000000e+01 5.000000000000000000e+00 5.100000000000000000e+01 0.000000000000000000e+00 1.600000000000000089e+00 3.383000000000000156e-03 3.127000000000000005e-03 -9.999890000000000168e-01 4.893339999999999912e-01 -8.720959999999999823e-01 -1.072000000000000036e-03 -8.720900000000000318e-01 -4.893250000000000099e-01 -4.480999999999999740e-03
2.100000000000000000e+01 1.150000000000000000e+02 5.100000000000000000e+01 0.000000000000000000e+00 1.600000000000000089e+00 1.981000000000000122e-03 8.450000000000000479e-04 9.999980000000000535e-01 8.473330000000000028e-01 -5.310610000000000053e-01 -1.229999999999999974e-03 5.310580000000000300e-01 8.473330000000000028e-01 -1.768000000000000040e-03
2.000000000000000000e+00 7.000000000000000000e+00 5.200000000000000000e+01 0.000000000000000000e+00 1.600000000000000089e+00 1.606000000000000006e-03 -1.210499999999999944e-02 -9.999249999999999527e-01 1.065439999999999998e-01 -9.942330000000000334e-01 1.220700000000000084e-02 -9.943070000000000519e-01 -1.065559999999999979e-01 -3.069999999999999812e-04
2.100000000000000000e+01 7.000000000000000000e+00 5.200000000000000000e+01 0.000000000000000000e+00 1.600000000000000089e+00 -1.490000000000000005e-03 -5.065000000000000058e-03 -9.999860000000000415e-01 9.939499999999999724e-02 -9.950360000000000316e-01 4.891999999999999647e-03 -9.950470000000000148e-01 -9.938600000000000212e-02 1.985999999999999918e-03
6.000000000000000000e+00 6.300000000000000000e+01 5.400000000000000000e+01 0.000000000000000000e+00 1.600000000000000089e+00 -4.330000000000000081e-04 -3.722000000000000048e-03 9.999930000000000208e-01 -3.342870000000000008e-01 9.424649999999999972e-01 3.363000000000000104e-03 -9.424709999999999477e-01 -3.342829999999999968e-01 -1.652999999999999955e-03
4.000000000000000000e+00 2.500000000000000000e+01 5.500000000000000000e+01 0.000000000000000000e+00 1.600000000000000089e+00 1.502000000000000080e-03 4.375999999999999682e-03 -9.999890000000000168e-01 -1.225000000000000047e-02 -9.999149999999999983e-01 -4.394000000000000336e-03 -9.999240000000000350e-01 1.225599999999999953e-02 -1.448000000000000068e-03
1.000000000000000000e+01 5.200000000000000000e+01 5.700000000000000000e+01 0.000000000000000000e+00 1.600000000000000089e+00 8.931200000000000250e-02 4.685619999999999785e-01 8.789050000000000473e-01 3.190819999999999768e-01 -8.493829999999999991e-01 4.203990000000000227e-01 9.435090000000000421e-01 2.428960000000000008e-01 -2.253699999999999870e-01
2.000000000000000000e+01 6.800000000000000000e+01 5.700000000000000000e+01 0.000000000000000000e+00 1.600000000000000089e+00 -4.904999999999999638e-03 9.726000000000000270e-03 -9.999409999999999688e-01 -2.357829999999999926e-01 -9.717700000000000227e-01 -8.295999999999999555e-03 -9.717930000000000179e-01 2.357279999999999931e-01 7.060000000000000303e-03
1.000000000000000000e+01 2.100000000000000000e+01 6.000000000000000000e+01 0.000000000000000000e+00 1.600000000000000089e+00 4.119999999999999856e-04 -1.028199999999999947e-02 9.999470000000000303e-01 -9.643400000000000583e-02 9.952860000000000040e-01 1.027400000000000015e-02 -9.953389999999999738e-01 -9.643300000000000483e-02 -5.820000000000000520e-04
1.500000000000000000e+01 2.100000000000000000e+01 6.000000000000000000e+01 0.000000000000000000e+00 1.600000000000000089e+00 3.000000000000000076e-05 9.229999999999999923e-04 1.000000000000000000e+00 -9.734900000000000497e-02 9.952499999999999680e-01 -9.160000000000000390e-04 -9.952499999999999680e-01 -9.734900000000000497e-02 1.190000000000000058e-04
2.200000000000000000e+01 2.100000000000000000e+01 6.000000000000000000e+01 0.000000000000000000e+00 1.600000000000000089e+00 -8.369999999999999619e-04 8.002999999999999697e-03 9.999679999999999680e-01 -9.614799999999999736e-02 9.953349999999999698e-01 -8.047000000000000333e-03 -9.953670000000000018e-01 -9.615100000000000036e-02 -6.399999999999999710e-05
2.700000000000000000e+01 2.100000000000000000e+01 6.000000000000000000e+01 0.000000000000000000e+00 1.600000000000000089e+00 -3.640000000000000115e-04 -1.077600000000000086e-02 9.999419999999999975e-01 -9.744500000000000384e-02 9.951839999999999575e-01 1.068900000000000058e-02 -9.952410000000000423e-01 -9.743499999999999384e-02 -1.412000000000000061e-03
1.200000000000000000e+01 3.000000000000000000e+00 6.300000000000000000e+01 0.000000000000000000e+00 1.600000000000000089e+00 -7.089999999999999948e-04 7.029999999999999574e-04 9.999989999999999712e-01 -6.149149999999999894e-01 7.885929999999999884e-01 -9.899999999999999946e-04 -7.885929999999999884e-01 -6.149149999999999894e-01 -1.269999999999999970e-04
2.800000000000000000e+01 3.000000000000000000e+00 6.300000000000000000e+01 0.000000000000000000e+00 1.600000000000000089e+00 4.789999999999999879e-04 -4.949999999999999973e-04 1.000000000000000000e+00 -6.129689999999999861e-01 7.901070000000000038e-01 6.849999999999999535e-04 -7.901070000000000038e-01 -6.129689999999999861e-01 7.499999999999999343e-05
3.000000000000000000e+00 2.700000000000000000e+01 6.300000000000000000e+01 0.000000000000000000e+00 1.600000000000000089e+00 2.010000000000000068e-04 1.520000000000000084e-04 1.000000000000000000e+00 -2.787689999999999890e-01 9.603580000000000449e-01 -9.000000000000000567e-05 -9.603580000000000449e-01 -2.787689999999999890e-01 2.349999999999999930e-04
8.000000000000000000e+00 2.700000000000000000e+01 6.300000000000000000e+01 0.000000000000000000e+00 1.600000000000000089e+00 9.550000000000000112e-04 -1.227999999999999925e-03 9.999989999999999712e-01 -2.793599999999999972e-01 9.601849999999999552e-01 1.446000000000000020e-03 -9.601859999999999840e-01 -2.793610000000000260e-01 5.730000000000000501e-04
1.000000000000000000e+01 2.700000000000000000e+01 6.300000000000000000e+01 0.000000000000000000e+00 1.600000000000000089e+00 3.570000000000000040e-04 -2.027999999999999855e-03 9.999980000000000535e-01 -2.787399999999999878e-01 9.603639999999999954e-01 2.047000000000000208e-03 -9.603660000000000529e-01 -2.787410000000000165e-01 -2.220000000000000022e-04
1.400000000000000000e+01 2.700000000000000000e+01 6.300000000000000000e+01 0.000000000000000000e+00 1.600000000000000089e+00 6.310000000000000504e-04 -2.635000000000000189e-03 9.999959999999999960e-01 -2.781270000000000131e-01 9.605409999999999782e-01 2.707000000000000205e-03 -9.605439999999999534e-01 -2.781279999999999863e-01 -1.259999999999999998e-04
1.900000000000000000e+01 2.700000000000000000e+01 6.300000000000000000e+01 0.000000000000000000e+00 1.600000000000000089e+00 1.402000000000000034e-03 -4.342000000000000373e-03 9.999900000000000455e-01 -2.788050000000000250e-01 9.603369999999999962e-01 4.559999999999999817e-03 -9.603469999999999507e-01 -2.788089999999999735e-01 1.359999999999999989e-04
2.400000000000000000e+01 2.700000000000000000e+01 6.300000000000000000e+01 0.000000000000000000e+00 1.600000000000000089e+00 -5.370000000000000424e-04 -1.428000000000000016e-03 9.999989999999999712e-01 -2.710810000000000164e-01 9.625559999999999672e-01 1.229000000000000058e-03 -9.625559999999999672e-01 -2.710799999999999876e-01 -9.039999999999999642e-04
3.000000000000000000e+01 2.700000000000000000e+01 6.300000000000000000e+01 0.000000000000000000e+00 1.600000000000000089e+00 -2.549000000000000050e-03 -3.847999999999999858e-03 9.999890000000000168e-01 -2.660279999999999867e-01 9.639600000000000390e-01 3.030999999999999840e-03 -9.639619999999999855e-01 -2.660179999999999767e-01 -3.481000000000000153e-03
2.900000000000000000e+01 5.500000000000000000e+01 6.300000000000000000e+01 0.000000000000000000e+00 1.600000000000000089e+00 3.026200000000000001e-01 2.923999999999999950e-03 -9.531070000000000375e-01 -7.826100000000000279e-01 5.715280000000000360e-01 -2.467320000000000069e-01 5.440059999999999896e-01 8.205780000000000296e-01 1.752440000000000109e-01
2.000000000000000000e+00 2.600000000000000000e+01 6.400000000000000000e+01 0.000000000000000000e+00 1.600000000000000089e+00 1.310000000000000129e-04 -4.049999999999999781e-04 1.000000000000000000e+00 -3.640479999999999827e-01 9.313799999999999857e-01 4.249999999999999763e-04 -9.313799999999999857e-01 -3.640479999999999827e-01 -2.500000000000000120e-05
9.000000000000000000e+00 2.600000000000000000e+01 6.400000000000000000e+01 0.000000000000000000e+00 1.600000000000000089e+00 9.420000000000000205e-04 -1.958999999999999804e-03 9.999980000000000535e-01 -3.627810000000000201e-01 9.318720000000000336e-01 2.167000000000000089e-03 -9.318739999999999801e-01 -3.627819999999999934e-01 1.669999999999999935e-04
1.500000000000000000e+01 2.600000000000000000e+01 6.400000000000000000e+01 0.000000000000000000e+00 1.600000000000000089e+00 1.503999999999999912e-03 -2.663000000000000003e-03 9.999949999999999672e-01 -3.642360000000000042e-01 9.313019999999999632e-01 3.027999999999999876e-03 -9.313050000000000495e-01 -3.642389999999999795e-01 4.299999999999999894e-04
1.900000000000000000e+01 2.600000000000000000e+01 6.400000000000000000e+01 0.000000000000000000e+00 1.600000000000000089e+00 1.900999999999999912e-03 -4.524000000000000243e-03 9.999879999999999880e-01 -3.642250000000000210e-01 9.312979999999999592e-01 4.904999999999999638e-03 -9.313090000000000535e-01 -3.642299999999999982e-01 1.219999999999999974e-04
2.700000000000000000e+01 2.600000000000000000e+01 6.400000000000000000e+01 0.000000000000000000e+00 1.600000000000000089e+00 -1.340999999999999961e-03 -3.572000000000000088e-03 9.999930000000000208e-01 -3.459340000000000193e-01 9.382540000000000324e-01 2.887999999999999942e-03 -9.382580000000000364e-01 -3.459269999999999845e-01 -2.494000000000000123e-03
2.700000000000000000e+01 5.400000000000000000e+01 6.400000000000000000e+01 0.000000000000000000e+00 1.600000000000000089e+00 3.893440000000000234e-01 -2.438799999999999996e-02 -9.207699999999999774e-01 -7.838429999999999565e-01 5.162210000000000409e-01 -3.451179999999999803e-01 4.837380000000000013e-01 8.561079999999999801e-01 1.818710000000000049e-01
2.500000000000000000e+01 5.300000000000000000e+01 6.500000000000000000e+01 0.000000000000000000e+00 1.600000000000000089e+00 4.599480000000000235e-01 -9.583899999999999364e-02 -8.827580000000000426e-01 -7.656819999999999737e-01 4.606199999999999739e-01 -4.489549999999999930e-01 4.496430000000000149e-01 8.824079999999999702e-01 1.384789999999999910e-01
4.000000000000000000e+00 6.900000000000000000e+01 6.600000000000000000e+01 0.000000000000000000e+00 1.600000000000000089e+00 -1.962999999999999901e-03 1.209799999999999938e-02 9.999249999999999527e-01 -9.560419999999999474e-01 2.931790000000000229e-01 -5.424000000000000002e-03 -2.932219999999999827e-01 -9.559809999999999697e-01 1.099100000000000077e-02
7.000000000000000000e+00 2.500000000000000000e+01 7.300000000000000000e+01 0.000000000000000000e+00 1.600000000000000089e+00 -5.469999999999999602e-04 4.128999999999999858e-03 9.999909999999999632e-01 7.458569999999999922e-01 -6.660979999999999679e-01 3.158000000000000217e-03 6.661059999999999759e-01 7.458529999999999882e-01 -2.714999999999999965e-03
1.500000000000000000e+01 2.500000000000000000e+01 7.300000000000000000e+01 0.000000000000000000e+00 1.600000000000000089e+00 -6.729999999999999871e-04 -4.669000000000000407e-03 9.999890000000000168e-01 7.457489999999999952e-01 -6.662219999999999809e-01 -2.608000000000000075e-03 6.662270000000000136e-01 7.457390000000000407e-01 3.930000000000000333e-03
2.400000000000000000e+01 2.500000000000000000e+01 7.300000000000000000e+01 0.000000000000000000e+00 1.600000000000000089e+00 -9.340000000000000429e-04 -1.402300000000000074e-02 9.999010000000000398e-01 7.447740000000000471e-01 -6.672599999999999643e-01 -8.661999999999999561e-03 6.673160000000000203e-01 7.446930000000000494e-01 1.106700000000000045e-02
1.900000000000000000e+01 4.400000000000000000e+01 7.300000000000000000e+01 0.000000000000000000e+00 1.600000000000000089e+00 2.185099999999999890e-02 1.400389999999999968e-01 9.899050000000000349e-01 3.185999999999999943e-02 -9.897359999999999491e-01 1.393119999999999914e-01 9.992529999999999468e-01 2.849399999999999850e-02 -2.608900000000000108e-02
2.700000000000000000e+01 4.400000000000000000e+01 7.300000000000000000e+01 0.000000000000000000e+00 1.600000000000000089e+00 1.637000000000000000e-03 1.469000000000000037e-03 9.999980000000000535e-01 5.403399999999999870e-02 -9.985380000000000367e-01 1.378000000000000102e-03 9.985380000000000367e-01 5.403100000000000264e-02 -1.714000000000000029e-03
3.000000000000000000e+01 4.400000000000000000e+01 7.300000000000000000e+01 0.000000000000000000e+00 1.600000000000000089e+00 -7.150000000000000322e-04 -9.690000000000000262e-04 9.999989999999999712e-01 5.545900000000000135e-02 -9.984610000000000429e-01 -9.280000000000000054e-04 9.984610000000000429e-01 5.545800000000000035e-02 7.680000000000000195e-04
2.000000000000000000e+00 2.500000000000000000e+01 7.400000000000000000e+01 0.000000000000000000e+00 1.600000000000000089e+00 -1.299000000000000024e-03 -1.209000000000000005e-03 9.999980000000000535e-01 8.254409999999999803e-01 -5.644879999999999898e-01 3.899999999999999929e-04 5.644869999999999610e-01 8.254399999999999515e-01 1.730999999999999900e-03
8.000000000000000000e+00 2.500000000000000000e+01 7.400000000000000000e+01 0.000000000000000000e+00 1.600000000000000089e+00 -6.610000000000000207e-04 1.538000000000000088e-03 9.999989999999999712e-01 8.221249999999999947e-01 -5.693059999999999787e-01 1.418999999999999906e-03 5.693070000000000075e-01 8.221239999999999659e-01 -8.880000000000000089e-04
1.200000000000000000e+01 2.500000000000000000e+01 7.400000000000000000e+01 0.000000000000000000e+00 1.600000000000000089e+00 1.720000000000000066e-04 -6.002000000000000390e-03 9.999820000000000375e-01 8.222190000000000332e-01 -5.691610000000000280e-01 -3.556999999999999832e-03 5.691720000000000113e-01 8.222049999999999637e-01 4.837000000000000154e-03
1.400000000000000000e+01 2.500000000000000000e+01 7.400000000000000000e+01 0.000000000000000000e+00 1.600000000000000089e+00 -6.499999999999999431e-05 -4.774999999999999731e-03 9.999890000000000168e-01 8.228220000000000534e-01 -5.682930000000000481e-01 -2.660000000000000038e-03 5.682989999999999986e-01 8.228119999999999878e-01 3.965999999999999907e-03
