1.200000000000000000e+01 2.500000000000000000e+01 1.000000000000000000e+00 0.000000000000000000e+00 1.600000000000000089e+00 -1.041999999999999958e-03 1.276000000000000007e-03 -9.999989999999999712e-01 -5.240019999999999678e-01 -8.517169999999999463e-01 -5.410000000000000312e-04 -8.517160000000000286e-01 5.240010000000000501e-01 1.556000000000000091e-03
1.600000000000000000e+01 2.500000000000000000e+01 1.000000000000000000e+00 0.000000000000000000e+00 1.600000000000000089e+00 -7.519999999999999558e-04 3.330000000000000061e-03 -9.999940000000000495e-01 -5.225940000000000030e-01 -8.525779999999999470e-01 -2.445999999999999824e-03 -8.525819999999999510e-01 5.225889999999999702e-01 2.380999999999999870e-03
7.000000000000000000e+00 1.500000000000000000e+01 4.000000000000000000e+00 0.000000000000000000e+00 1.600000000000000089e+00 1.384999999999999946e-03 -1.918999999999999916e-03 9.999970000000000248e-01 3.178110000000000102e-01 -9.481509999999999661e-01 -2.259999999999999856e-03 9.481530000000000236e-01 3.178130000000000122e-01 -7.029999999999999574e-04
1.300000000000000000e+01 1.500000000000000000e+01 4.000000000000000000e+00 0.000000000000000000e+00 1.600000000000000089e+00 1.088999999999999907e-03 -3.214999999999999976e-03 9.999940000000000495e-01 3.252200000000000091e-01 -9.456320000000000281e-01 -3.393999999999999882e-03 9.456379999999999786e-01 3.252220000000000111e-01 1.500000000000000038e-05
1.700000000000000000e+01 1.500000000000000000e+01 4.000000000000000000e+00 0.000000000000000000e+00 1.600000000000000089e+00 6.600000000000000506e-05 2.429999999999999977e-04 1.000000000000000000e+00 3.259969999999999812e-01 -9.453709999999999614e-01 2.079999999999999872e-04 9.453709999999999614e-01 3.259969999999999812e-01 -1.420000000000000092e-04
2.100000000000000000e+01 1.500000000000000000e+01 4.000000000000000000e+00 0.000000000000000000e+00 1.600000000000000089e+00 -2.605000000000000111e-03 -4.906999999999999904e-03 9.999850000000000128e-01 3.251609999999999778e-01 -9.456510000000000193e-01 -3.792999999999999931e-03 9.456550000000000233e-01 3.251459999999999906e-01 4.059000000000000108e-03
2.400000000000000000e+01 1.500000000000000000e+01 4.000000000000000000e+00 0.000000000000000000e+00 1.600000000000000089e+00 -2.794000000000000043e-03 -4.152999999999999574e-03 9.999869999999999592e-01 3.234400000000000053e-01 -9.462439999999999740e-01 -3.026000000000000044e-03 9.462439999999999740e-01 3.234279999999999933e-01 3.987000000000000093e-03
7.000000000000000000e+00 1.010000000000000000e+02 7.000000000000000000e+00 0.000000000000000000e+00 1.600000000000000089e+00 1.550000000000000000e-04 1.657300000000000093e-02 9.998629999999999463e-01 8.886150000000000437e-01 4.585890000000000244e-01 -7.739000000000000219e-03 -4.586540000000000061e-01 8.884940000000000060e-01 -1.465499999999999962e-02
1.100000000000000000e+01 1.010000000000000000e+02 7.000000000000000000e+00 0.000000000000000000e+00 1.600000000000000089e+00 -3.748000000000000029e-03 2.615999999999999836e-03 9.999900000000000455e-01 8.886540000000000550e-01 4.585739999999999816e-01 2.131000000000000082e-03 -4.585629999999999984e-01 8.886519999999999975e-01 -4.042999999999999719e-03
2.900000000000000000e+01 1.010000000000000000e+02 7.000000000000000000e+00 0.000000000000000000e+00 1.600000000000000089e+00 -2.531999999999999963e-03 7.219999999999999855e-04 9.999970000000000248e-01 8.836979999999999835e-01 4.680540000000000256e-01 1.899000000000000080e-03 -4.680509999999999948e-01 8.836990000000000123e-01 -1.822999999999999968e-03
5.000000000000000000e+00 2.500000000000000000e+01 8.000000000000000000e+00 0.000000000000000000e+00 1.600000000000000089e+00 2.543000000000000121e-03 7.485000000000000334e-03 -9.999689999999999968e-01 4.480149999999999966e-01 8.939920000000000089e-01 7.830999999999999420e-03 8.940219999999999834e-01 -4.480210000000000026e-01 -1.080000000000000014e-03
1.000000000000000000e+01 2.500000000000000000e+01 8.000000000000000000e+00 0.000000000000000000e+00 1.600000000000000089e+00 7.159999999999999481e-04 3.641000000000000139e-03 -9.999930000000000208e-01 4.467349999999999932e-01 8.946589999999999820e-01 3.576999999999999885e-03 8.946659999999999613e-01 -4.467340000000000200e-01 -9.859999999999998974e-04
1.400000000000000000e+01 2.500000000000000000e+01 8.000000000000000000e+00 0.000000000000000000e+00 1.600000000000000089e+00 1.345999999999999974e-03 -4.053000000000000179e-03 -9.999909999999999632e-01 4.456499999999999906e-01 8.952020000000000532e-01 -3.027999999999999876e-03 8.952059999999999462e-01 -4.456410000000000093e-01 3.010999999999999788e-03
2.000000000000000000e+01 2.500000000000000000e+01 8.000000000000000000e+00 0.000000000000000000e+00 1.600000000000000089e+00 1.227000000000000009e-03 3.583999999999999946e-03 -9.999930000000000208e-01 4.472650000000000237e-01 8.943940000000000223e-01 3.755000000000000091e-03 8.944010000000000016e-01 -4.472659999999999969e-01 -5.060000000000000478e-04
2.400000000000000000e+01 2.500000000000000000e+01 8.000000000000000000e+00 0.000000000000000000e+00 1.600000000000000089e+00 5.839999999999999922e-04 2.162999999999999992e-03 -9.999970000000000248e-01 4.479870000000000241e-01 8.940369999999999706e-01 2.194999999999999903e-03 8.940399999999999459e-01 -4.479879999999999973e-01 -4.470000000000000232e-04
3.000000000000000000e+01 2.500000000000000000e+01 8.000000000000000000e+00 0.000000000000000000e+00 1.600000000000000089e+00 -1.599999999999999928e-05 5.379000000000000101e-03 -9.999860000000000415e-01 4.478179999999999938e-01 8.941120000000000179e-01 4.802999999999999978e-03 8.941249999999999476e-01 -4.478110000000000146e-01 -2.423999999999999939e-03
5.000000000000000000e+00 2.400000000000000000e+01 9.000000000000000000e+00 0.000000000000000000e+00 1.600000000000000089e+00 2.393000000000000162e-03 7.458000000000000219e-03 -9.999689999999999968e-01 4.511850000000000027e-01 8.923969999999999958e-01 7.735999999999999821e-03 8.924269999999999703e-01 -4.511890000000000067e-01 -1.229999999999999974e-03
1.000000000000000000e+01 2.400000000000000000e+01 9.000000000000000000e+00 0.000000000000000000e+00 1.600000000000000089e+00 6.599999999999999964e-04 2.707000000000000205e-03 -9.999959999999999960e-01 4.485259999999999803e-01 8.937659999999999494e-01 2.714999999999999965e-03 8.937690000000000357e-01 -4.485259999999999803e-01 -6.239999999999999887e-04
1.300000000000000000e+01 2.400000000000000000e+01 9.000000000000000000e+00 0.000000000000000000e+00 1.600000000000000089e+00 1.402999999999999950e-03 -2.690000000000000117e-03 -9.999949999999999672e-01 4.480009999999999826e-01 8.940310000000000201e-01 -1.776000000000000018e-03 8.940320000000000489e-01 -4.479960000000000053e-01 2.458999999999999814e-03
1.700000000000000000e+01 2.400000000000000000e+01 9.000000000000000000e+00 0.000000000000000000e+00 1.600000000000000089e+00 7.910000000000000364e-04 -3.181999999999999933e-03 -9.999949999999999672e-01 4.478090000000000126e-01 8.941259999999999764e-01 -2.491000000000000159e-03 8.941289999999999516e-01 -4.478039999999999798e-01 2.132999999999999913e-03
2.300000000000000000e+01 2.400000000000000000e+01 9.000000000000000000e+00 0.000000000000000000e+00 1.600000000000000089e+00 6.899999999999999667e-04 6.965999999999999970e-03 -9.999759999999999760e-01 4.509150000000000102e-01 8.925429999999999753e-01 6.527999999999999949e-03 8.925669999999999993e-01 -4.509079999999999755e-01 -2.524999999999999901e-03
9.000000000000000000e+00 1.200000000000000000e+01 1.000000000000000000e+01 0.000000000000000000e+00 1.600000000000000089e+00 -5.379999999999999583e-04 -3.115999999999999846e-03 -9.999949999999999672e-01 -5.538589999999999902e-01 -8.326059999999999572e-01 2.892000000000000039e-03 -8.326099999999999612e-01 5.538579999999999615e-01 -1.278000000000000056e-03
1.200000000000000000e+01 1.200000000000000000e+01 1.000000000000000000e+01 0.000000000000000000e+00 1.600000000000000089e+00 -1.376999999999999969e-03 -1.041899999999999944e-02 -9.999449999999999728e-01 -5.548189999999999511e-01 -8.319180000000000463e-01 9.431999999999999412e-03 -8.319699999999999873e-01 5.548009999999999886e-01 -4.635000000000000231e-03
2.300000000000000000e+01 1.200000000000000000e+01 1.000000000000000000e+01 0.000000000000000000e+00 1.600000000000000089e+00 1.502000000000000080e-03 2.003000000000000006e-03 -9.999970000000000248e-01 -5.535480000000000400e-01 -8.328130000000000255e-01 -2.500000000000000052e-03 -8.328160000000000007e-01 5.535499999999999865e-01 -1.420000000000000092e-04
2.800000000000000000e+01 1.200000000000000000e+01 1.000000000000000000e+01 0.000000000000000000e+00 1.600000000000000089e+00 -1.255999999999999955e-03 -6.984999999999999890e-03 -9.999749999999999472e-01 -5.516130000000000200e-01 -8.340739999999999821e-01 6.518999999999999621e-03 -8.340990000000000348e-01 5.516079999999999872e-01 -2.805000000000000202e-03
6.000000000000000000e+00 3.100000000000000000e+01 1.200000000000000000e+01 0.000000000000000000e+00 1.600000000000000089e+00 8.869999999999999846e-04 -5.730999999999999983e-03 9.999829999999999552e-01 6.050999999999999955e-03 9.999649999999999928e-01 5.726000000000000187e-03 -9.999810000000000088e-01 6.046000000000000159e-03 9.219999999999999680e-04
9.000000000000000000e+00 3.100000000000000000e+01 1.200000000000000000e+01 0.000000000000000000e+00 1.600000000000000089e+00 8.639999999999999677e-04 1.322000000000000041e-03 9.999989999999999712e-01 4.288000000000000145e-03 9.999900000000000455e-01 -1.325000000000000006e-03 -9.999900000000000455e-01 4.289000000000000278e-03 8.580000000000000387e-04
1.200000000000000000e+01 3.100000000000000000e+01 1.200000000000000000e+01 0.000000000000000000e+00 1.600000000000000089e+00 -6.449999999999999570e-04 1.742000000000000059e-03 9.999980000000000535e-01 4.239999999999999845e-03 9.999900000000000455e-01 -1.740000000000000010e-03 -9.999909999999999632e-01 4.237999999999999580e-03 -6.520000000000000188e-04
2.800000000000000000e+01 3.100000000000000000e+01 1.200000000000000000e+01 0.000000000000000000e+00 1.600000000000000089e+00 9.370000000000000074e-04 2.217999999999999920e-03 9.999970000000000248e-01 3.847999999999999858e-03 9.999900000000000455e-01 -2.222000000000000017e-03 -9.999919999999999920e-01 3.850000000000000124e-03 9.280000000000000054e-04
2.000000000000000000e+01 3.200000000000000000e+01 1.400000000000000000e+01 0.000000000000000000e+00 1.600000000000000089e+00 2.833000000000000015e-03 -5.150000000000000498e-04 -9.999959999999999960e-01 9.648199999999999832e-02 9.953349999999999698e-01 -2.390000000000000089e-04 9.953309999999999658e-01 -9.648099999999999732e-02 2.870000000000000155e-03
2.600000000000000000e+01 3.200000000000000000e+01 1.400000000000000000e+01 0.000000000000000000e+00 1.600000000000000089e+00 2.288000000000000103e-03 5.159999999999999656e-04 -9.999970000000000248e-01 9.859099999999999808e-02 9.951280000000000125e-01 7.389999999999999651e-04 9.951250000000000373e-01 -9.859300000000000008e-02 2.226000000000000114e-03
2.000000000000000000e+00 1.160000000000000000e+02 1.600000000000000000e+01 0.000000000000000000e+00 1.600000000000000089e+00 5.469999999999999602e-04 2.899000000000000101e-03 9.999959999999999960e-01 6.602320000000000411e-01 7.510580000000000034e-01 -2.537999999999999892e-03 -7.510620000000000074e-01 6.602299999999999836e-01 -1.502999999999999996e-03
5.000000000000000000e+00 1.160000000000000000e+02 1.600000000000000000e+01 0.000000000000000000e+00 1.600000000000000089e+00 1.711999999999999980e-03 1.026000000000000002e-03 9.999980000000000535e-01 6.790960000000000329e-01 7.340470000000000050e-01 -1.915000000000000036e-03 -7.340470000000000050e-01 6.790979999999999794e-01 5.599999999999999509e-04
3.000000000000000000e+00 2.000000000000000000e+00 1.900000000000000000e+01 0.000000000000000000e+00 1.600000000000000089e+00 3.209999999999999963e-04 -3.661999999999999891e-03 -9.999930000000000208e-01 1.884570000000000134e-01 -9.820750000000000313e-01 3.655999999999999962e-03 -9.820809999999999818e-01 -1.884570000000000134e-01 3.750000000000000078e-04
7.000000000000000000e+00 2.000000000000000000e+00 1.900000000000000000e+01 0.000000000000000000e+00 1.600000000000000089e+00 -1.191000000000000001e-03 -6.999999999999999929e-04 -9.999989999999999712e-01 1.917169999999999985e-01 -9.814500000000000446e-01 4.589999999999999896e-04 -9.814500000000000446e-01 -1.917159999999999975e-01 1.302999999999999905e-03
1.100000000000000000e+01 2.000000000000000000e+00 1.900000000000000000e+01 0.000000000000000000e+00 1.600000000000000089e+00 3.739999999999999835e-04 -4.009999999999999893e-04 -1.000000000000000000e+00 1.930709999999999926e-01 -9.811849999999999739e-01 4.659999999999999971e-04 -9.811849999999999739e-01 -1.930709999999999926e-01 -2.889999999999999774e-04
1.400000000000000000e+01 2.000000000000000000e+00 1.900000000000000000e+01 0.000000000000000000e+00 1.600000000000000089e+00 2.120000000000000031e-04 -3.181999999999999933e-03 -9.999949999999999672e-01 1.924460000000000059e-01 -9.813020000000000076e-01 3.163000000000000013e-03 -9.813079999999999581e-01 -1.924460000000000059e-01 4.040000000000000080e-04
1.800000000000000000e+01 2.000000000000000000e+00 1.900000000000000000e+01 0.000000000000000000e+00 1.600000000000000089e+00 6.520000000000000188e-04 -1.559999999999999972e-03 -9.999989999999999712e-01 1.887520000000000031e-01 -9.820229999999999793e-01 1.655000000000000004e-03 -9.820250000000000368e-01 -1.887530000000000041e-01 -3.460000000000000076e-04
2.200000000000000000e+01 2.000000000000000000e+00 1.900000000000000000e+01 0.000000000000000000e+00 1.600000000000000089e+00 -4.079999999999999968e-04 1.817999999999999955e-03 -9.999980000000000535e-01 1.887830000000000064e-01 -9.820170000000000288e-01 -1.861999999999999940e-03 -9.820189999999999753e-01 -1.887830000000000064e-01 5.700000000000000314e-05
1.400000000000000000e+01 4.000000000000000000e+00 2.000000000000000000e+01 0.000000000000000000e+00 1.600000000000000089e+00 -4.920000000000000328e-04 -2.913999999999999924e-03 -9.999959999999999960e-01 2.891090000000000049e-01 -9.572929999999999495e-01 2.648000000000000180e-03 -9.572960000000000358e-01 -2.891059999999999741e-01 1.314000000000000064e-03
2.700000000000000000e+01 4.000000000000000000e+00 2.000000000000000000e+01 0.000000000000000000e+00 1.600000000000000089e+00 -4.747000000000000351e-03 -4.789999999999999987e-03 -9.999770000000000048e-01 2.760480000000000156e-01 -9.611380000000000479e-01 3.294000000000000053e-03 -9.611319999999999864e-01 -2.760259999999999936e-01 5.884999999999999606e-03
1.400000000000000000e+01 1.300000000000000000e+01 2.000000000000000000e+01 0.000000000000000000e+00 1.600000000000000089e+00 -2.739999999999999923e-04 -4.449999999999999746e-04 1.000000000000000000e+00 2.571350000000000025e-01 9.663749999999999840e-01 5.000000000000000104e-04 -9.663749999999999840e-01 2.571350000000000025e-01 -1.499999999999999869e-04
1.900000000000000000e+01 1.300000000000000000e+01 2.000000000000000000e+01 0.000000000000000000e+00 1.600000000000000089e+00 6.650000000000000095e-04 -1.820000000000000057e-04 1.000000000000000000e+00 2.561660000000000048e-01 9.666329999999999645e-01 5.000000000000000409e-06 -9.666329999999999645e-01 2.561660000000000048e-01 6.890000000000000508e-04
2.200000000000000000e+01 1.300000000000000000e+01 2.000000000000000000e+01 0.000000000000000000e+00 1.600000000000000089e+00 6.120000000000000223e-04 -8.549999999999999658e-04 9.999989999999999712e-01 2.549779999999999824e-01 9.669470000000000010e-01 6.710000000000000469e-04 -9.669470000000000010e-01 2.549770000000000092e-01 8.099999999999999561e-04
2.600000000000000000e+01 1.300000000000000000e+01 2.000000000000000000e+01 0.000000000000000000e+00 1.600000000000000089e+00 -1.265000000000000065e-03 3.216000000000000109e-03 9.999940000000000495e-01 2.524520000000000097e-01 9.676050000000000484e-01 -2.792000000000000211e-03 -9.676090000000000524e-01 2.524469999999999770e-01 -2.036000000000000049e-03
3.000000000000000000e+00 3.000000000000000000e+00 2.500000000000000000e+01 0.000000000000000000e+00 1.600000000000000089e+00 2.717999999999999930e-03 -5.808999999999999928e-03 9.999789999999999512e-01 -7.208799999999999930e-02 -9.973830000000000195e-01 -5.597999999999999678e-03 9.973950000000000315e-01 -7.207099999999999618e-02 -3.129999999999999970e-03
8.000000000000000000e+00 3.000000000000000000e+00 2.500000000000000000e+01 0.000000000000000000e+00 1.600000000000000089e+00 5.609999999999999752e-04 -2.158000000000000196e-03 9.999980000000000535e-01 -7.215199999999999392e-02 -9.973910000000000275e-01 -2.112000000000000162e-03 9.973929999999999740e-01 -7.215100000000000680e-02 -7.150000000000000322e-04
1.100000000000000000e+01 3.000000000000000000e+00 2.500000000000000000e+01 0.000000000000000000e+00 1.600000000000000089e+00 8.909999999999999734e-04 -1.549999999999999946e-03 9.999980000000000535e-01 -7.584599999999999675e-02 -9.971179999999999488e-01 -1.477999999999999930e-03 9.971189999999999776e-01 -7.584399999999999475e-02 -1.005999999999999950e-03
1.400000000000000000e+01 3.000000000000000000e+00 2.500000000000000000e+01 0.000000000000000000e+00 1.600000000000000089e+00 1.051999999999999984e-03 -3.620000000000000171e-04 9.999989999999999712e-01 -7.989599999999999480e-02 -9.968029999999999946e-01 -2.759999999999999867e-04 9.968029999999999946e-01 -7.989499999999999380e-02 -1.077999999999999965e-03
2.200000000000000000e+01 3.000000000000000000e+00 2.500000000000000000e+01 0.000000000000000000e+00 1.600000000000000089e+00 5.590000000000000351e-04 -5.820000000000000520e-04 1.000000000000000000e+00 -7.522399999999999920e-02 -9.971670000000000256e-01 -5.379999999999999583e-04 9.971670000000000256e-01 -7.522299999999999820e-02 -6.009999999999999717e-04
2.800000000000000000e+01 3.000000000000000000e+00 2.500000000000000000e+01 0.000000000000000000e+00 1.600000000000000089e+00 -1.709999999999999932e-03 -8.869999999999999413e-03 9.999590000000000423e-01 -7.159100000000000186e-02 -9.973940000000000028e-01 -8.970000000000000542e-03 9.974330000000000140e-01 -7.160299999999999998e-02 1.069999999999999988e-03
7.000000000000000000e+00 4.600000000000000000e+01 2.700000000000000000e+01 0.000000000000000000e+00 1.600000000000000089e+00 -1.242999999999999964e-03 -2.530999999999999830e-03 -9.999959999999999960e-01 6.783040000000000180e-01 7.347770000000000135e-01 -2.703000000000000107e-03 7.347810000000000175e-01 -6.783040000000000180e-01 8.030000000000000028e-04
2.100000000000000000e+01 4.600000000000000000e+01 2.700000000000000000e+01 0.000000000000000000e+00 1.600000000000000089e+00 -2.199999999999999943e-05 4.960000000000000216e-04 -1.000000000000000000e+00 6.717290000000000205e-01 7.407970000000000388e-01 3.530000000000000152e-04 7.407970000000000388e-01 -6.717290000000000205e-01 -3.499999999999999964e-04
2.800000000000000000e+01 4.600000000000000000e+01 2.700000000000000000e+01 0.000000000000000000e+00 1.600000000000000089e+00 -1.567000000000000033e-03 1.191000000000000001e-03 -9.999980000000000535e-01 6.703249999999999487e-01 7.420670000000000321e-01 -1.659999999999999963e-04 7.420660000000000034e-01 -6.703240000000000309e-01 -1.961000000000000069e-03
2.400000000000000000e+01 4.600000000000000000e+01 3.000000000000000000e+01 0.000000000000000000e+00 1.600000000000000089e+00 1.046999999999999971e-03 -3.919999999999999873e-04 -9.999989999999999712e-01 3.298710000000000253e-01 9.440260000000000318e-01 -2.400000000000000061e-05 9.440250000000000030e-01 -3.298710000000000253e-01 1.118000000000000070e-03
4.000000000000000000e+00 5.800000000000000000e+01 3.100000000000000000e+01 0.000000000000000000e+00 1.600000000000000089e+00 5.786999999999999610e-03 3.354999999999999909e-03 9.999780000000000335e-01 -8.003019999999999579e-01 -5.995599999999999818e-01 6.642999999999999600e-03 5.995690000000000186e-01 -8.003230000000000066e-01 -7.849999999999999990e-04
1.500000000000000000e+01 5.800000000000000000e+01 3.100000000000000000e+01 0.000000000000000000e+00 1.600000000000000089e+00 4.020000000000000136e-04 -5.590000000000000351e-04 1.000000000000000000e+00 -8.056250000000000355e-01 -5.924260000000000081e-01 -6.999999999999999895e-06 5.924260000000000081e-01 -8.056250000000000355e-01 -6.890000000000000508e-04
2.000000000000000000e+01 5.800000000000000000e+01 3.100000000000000000e+01 0.000000000000000000e+00 1.600000000000000089e+00 4.141999999999999849e-03 2.749999999999999840e-03 9.999879999999999880e-01 -8.001310000000000366e-01 -5.998050000000000326e-01 4.963000000000000397e-03 5.998109999999999831e-01 -8.001420000000000199e-01 -2.829999999999999942e-04
2.800000000000000000e+01 5.800000000000000000e+01 3.100000000000000000e+01 0.000000000000000000e+00 1.600000000000000089e+00 -1.149000000000000065e-03 -3.459999999999999968e-03 9.999930000000000208e-01 -7.945980000000000265e-01 -6.071280000000000010e-01 -3.014000000000000186e-03 6.071349999999999802e-01 -7.945959999999999690e-01 -2.050999999999999872e-03
1.000000000000000000e+01 2.200000000000000000e+01 3.400000000000000000e+01 0.000000000000000000e+00 1.600000000000000089e+00 8.509999999999999769e-04 8.199999999999999824e-04 9.999989999999999712e-01 3.789460000000000051e-01 -9.254189999999999916e-01 4.360000000000000269e-04 9.254179999999999628e-01 3.789449999999999763e-01 -1.098000000000000018e-03
1.200000000000000000e+01 2.200000000000000000e+01 3.400000000000000000e+01 0.000000000000000000e+00 1.600000000000000089e+00 -3.989999999999999949e-04 4.483000000000000006e-03 9.999900000000000455e-01 3.780240000000000267e-01 -9.257859999999999978e-01 4.301000000000000136e-03 9.257959999999999523e-01 3.780220000000000247e-01 -1.325000000000000006e-03
1.700000000000000000e+01 2.300000000000000000e+01 3.400000000000000000e+01 0.000000000000000000e+00 1.600000000000000089e+00 -1.431999999999999896e-03 -1.248999999999999893e-03 9.999980000000000535e-01 3.998669999999999725e-01 -9.165729999999999711e-01 -5.720000000000000258e-04 9.165720000000000534e-01 3.998650000000000260e-01 1.812999999999999941e-03
1.900000000000000000e+01 2.300000000000000000e+01 3.400000000000000000e+01 0.000000000000000000e+00 1.600000000000000089e+00 -3.739999999999999835e-04 -5.287000000000000033e-03 9.999860000000000415e-01 3.996600000000000152e-01 -9.166509999999999936e-01 -4.696999999999999786e-03 9.166630000000000056e-01 3.996529999999999805e-01 2.455999999999999850e-03
2.600000000000000000e+01 2.300000000000000000e+01 3.400000000000000000e+01 0.000000000000000000e+00 1.600000000000000089e+00 1.642000000000000013e-03 2.616999999999999969e-03 9.999949999999999672e-01 4.091489999999999849e-01 -9.124659999999999993e-01 1.716000000000000077e-03 9.124659999999999993e-01 4.091440000000000077e-01 -2.569000000000000103e-03
4.000000000000000000e+00 4.600000000000000000e+01 3.500000000000000000e+01 0.000000000000000000e+00 1.600000000000000089e+00 -3.640000000000000115e-04 -1.103999999999999947e-03 -9.999989999999999712e-01 3.904199999999999893e-01 -9.206360000000000099e-01 8.739999999999999939e-04 -9.206370000000000386e-01 -3.904199999999999893e-01 7.659999999999999708e-04
9.000000000000000000e+00 4.600000000000000000e+01 3.500000000000000000e+01 0.000000000000000000e+00 1.600000000000000089e+00 -6.350000000000000392e-04 -8.549999999999999658e-04 -9.999989999999999712e-01 3.928269999999999817e-01 -9.196119999999999850e-01 5.370000000000000424e-04 -9.196119999999999850e-01 -3.928269999999999817e-01 9.200000000000000278e-04
1.700000000000000000e+01 4.600000000000000000e+01 3.500000000000000000e+01 0.000000000000000000e+00 1.600000000000000089e+00 1.659999999999999963e-04 5.599999999999999916e-05 -1.000000000000000000e+00 3.923760000000000026e-01 -9.198049999999999837e-01 1.399999999999999979e-05 -9.198049999999999837e-01 -3.923760000000000026e-01 -1.740000000000000010e-04
2.100000000000000000e+01 4.600000000000000000e+01 3.500000000000000000e+01 0.000000000000000000e+00 1.600000000000000089e+00 -7.569999999999999689e-04 -8.630000000000000518e-04 -9.999989999999999712e-01 3.917129999999999779e-01 -9.200869999999999882e-01 4.970000000000000459e-04 -9.200869999999999882e-01 -3.917120000000000046e-01 1.033999999999999980e-03
2.800000000000000000e+01 4.600000000000000000e+01 3.500000000000000000e+01 0.000000000000000000e+00 1.600000000000000089e+00 -1.038999999999999993e-03 2.739999999999999814e-03 -9.999959999999999960e-01 3.930750000000000077e-01 -9.195020000000000415e-01 -2.928000000000000047e-03 -9.195060000000000455e-01 -3.930759999999999810e-01 -1.219999999999999974e-04
5.000000000000000000e+00 9.500000000000000000e+01 3.600000000000000000e+01 0.000000000000000000e+00 1.600000000000000089e+00 -7.448999999999999892e-03 -1.317300000000000068e-02 9.998850000000000238e-01 9.970980000000000398e-01 7.565900000000000403e-02 8.425000000000000197e-03 -7.576199999999999601e-02 9.970470000000000166e-01 1.257100000000000058e-02
7.000000000000000000e+00 9.500000000000000000e+01 3.600000000000000000e+01 0.000000000000000000e+00 1.600000000000000089e+00 -7.062999999999999834e-03 -2.076100000000000168e-02 9.997589999999999533e-01 9.970339999999999758e-01 7.647700000000000331e-02 8.632000000000000783e-03 -7.663799999999999779e-02 9.968550000000000466e-01 2.015899999999999984e-02
1.200000000000000000e+01 9.500000000000000000e+01 3.600000000000000000e+01 0.000000000000000000e+00 1.600000000000000089e+00 -3.451000000000000074e-03 1.313100000000000031e-02 9.999080000000000190e-01 9.969869999999999566e-01 7.753000000000000169e-02 2.422999999999999807e-03 -7.749100000000000432e-02 9.969029999999999836e-01 -1.335899999999999935e-02
1.500000000000000000e+01 9.500000000000000000e+01 3.600000000000000000e+01 0.000000000000000000e+00 1.600000000000000089e+00 -6.015000000000000381e-03 1.370999999999999996e-02 9.998879999999999990e-01 9.973990000000000355e-01 7.190699999999999870e-02 5.014000000000000228e-03 -7.183000000000000496e-02 9.973170000000000091e-01 -1.410699999999999975e-02
2.000000000000000000e+01 9.500000000000000000e+01 3.600000000000000000e+01 0.000000000000000000e+00 1.600000000000000089e+00 -7.281000000000000145e-03 -9.034999999999999629e-03 9.999329999999999607e-01 9.975629999999999775e-01 6.932399999999999674e-02 7.889999999999999444e-03 -6.939099999999999435e-02 9.975530000000000230e-01 8.507999999999999938e-03
2.600000000000000000e+01 9.500000000000000000e+01 3.600000000000000000e+01 0.000000000000000000e+00 1.600000000000000089e+00 -1.446199999999999916e-02 -1.065800000000000081e-02 9.998390000000000333e-01 9.980729999999999880e-01 6.019200000000000245e-02 1.507799999999999939e-02 -6.034300000000000080e-02 9.981299999999999617e-01 9.766999999999999640e-03
6.000000000000000000e+00 2.900000000000000000e+01 4.400000000000000000e+01 0.000000000000000000e+00 1.600000000000000089e+00 -6.599999999999999964e-04 3.752000000000000127e-03 -9.999930000000000208e-01 6.700990000000000002e-01 7.422680000000000389e-01 2.343000000000000031e-03 7.422710000000000141e-01 -6.700930000000000497e-01 -3.004000000000000160e-03
1.400000000000000000e+01 2.900000000000000000e+01 4.400000000000000000e+01 0.000000000000000000e+00 1.600000000000000089e+00 -2.550000000000000183e-04 -1.051000000000000068e-03 -9.999989999999999712e-01 6.714210000000000456e-01 7.410750000000000393e-01 -9.499999999999999981e-04 7.410759999999999570e-01 -6.714210000000000456e-01 5.169999999999999899e-04
1.800000000000000000e+01 2.900000000000000000e+01 4.400000000000000000e+01 0.000000000000000000e+00 1.600000000000000089e+00 2.671000000000000197e-03 3.180999999999999800e-03 -9.999909999999999632e-01 6.696389999999999842e-01 7.426749999999999741e-01 4.151000000000000176e-03 7.426819999999999533e-01 -6.696440000000000170e-01 -1.459999999999999981e-04
2.800000000000000000e+01 2.900000000000000000e+01 4.400000000000000000e+01 0.000000000000000000e+00 1.600000000000000089e+00 -1.118000000000000070e-03 -3.383999999999999855e-03 -9.999940000000000495e-01 6.576370000000000271e-01 7.533279999999999976e-01 -3.285000000000000159e-03 7.533339999999999481e-01 -6.576359999999999983e-01 1.382999999999999898e-03
4.000000000000000000e+00 5.000000000000000000e+00 5.100000000000000000e+01 0.000000000000000000e+00 1.600000000000000089e+00 -2.083000000000000216e-03 3.452999999999999906e-03 -9.999919999999999920e-01 4.959459999999999980e-01 -8.683440000000000047e-01 -4.031999999999999994e-03 -8.683509999999999840e-01 -4.959500000000000020e-01 9.600000000000000243e-05
1.600000000000000000e+01 5.000000000000000000e+00 5.100000000000000000e+01 0.000000000000000000e+00 1.600000000000000089e+00 3.248000000000000019e-03 1.325999999999999922e-03 -9.999940000000000495e-01 4.890470000000000095e-01 -8.722569999999999490e-01 4.319999999999999838e-04 -8.722509999999999986e-01 -4.890459999999999807e-01 -3.481999999999999852e-03
2.000000000000000000e+01 5.000000000000000000e+00 5.100000000000000000e+01 0.000000000000000000e+00 1.600000000000000089e+00 9.539999999999999869e-04 -8.642000000000000376e-03 -9.999620000000000175e-01 4.884560000000000013e-01 -8.725519999999999943e-01 8.007000000000000228e-03 -8.725880000000000303e-01 -4.884450000000000180e-01 3.389000000000000085e-03
2.300000000000000000e+01 5.000000000000000000e+00 5.100000000000000000e+01 0.000000000000000000e+00 1.600000000000000089e+00 1.570999999999999914e-03 -5.516000000000000070e-03 -9.999839999999999840e-01 4.873299999999999854e-01 -8.731999999999999762e-01 5.582000000000000156e-03 -8.732159999999999922e-01 -4.873310000000000142e-01 1.315999999999999896e-03
2.700000000000000000e+01 5.000000000000000000e+00 5.100000000000000000e+01 0.000000000000000000e+00 1.600000000000000089e+00 1.864999999999999904e-03 -3.157000000000000084e-03 -9.999930000000000208e-01 4.818049999999999833e-01 -8.762710000000000221e-01 3.664999999999999855e-03 -8.762760000000000549e-01 -4.818089999999999873e-01 -1.129999999999999955e-04
9.000000000000000000e+00 6.300000000000000000e+01 5.400000000000000000e+01 0.000000000000000000e+00 1.600000000000000089e+00 -7.140000000000000079e-04 -1.618999999999999996e-03 9.999980000000000535e-01 -3.538930000000000131e-01 9.352850000000000330e-01 1.262000000000000101e-03 -9.352859999999999507e-01 -3.538919999999999844e-01 -1.240000000000000000e-03
1.400000000000000000e+01 6.300000000000000000e+01 5.400000000000000000e+01 0.000000000000000000e+00 1.600000000000000089e+00 -6.980000000000000527e-04 -8.159999999999999936e-04 1.000000000000000000e+00 -3.520730000000000248e-01 9.359730000000000549e-01 5.180000000000000143e-04 -9.359720000000000262e-01 -3.520719999999999961e-01 -9.409999999999999962e-04
1.800000000000000000e+01 6.300000000000000000e+01 5.400000000000000000e+01 0.000000000000000000e+00 1.600000000000000089e+00 1.291000000000000047e-03 3.637000000000000042e-03 9.999930000000000208e-01 -3.490119999999999889e-01 9.371140000000000025e-01 -2.956999999999999993e-03 -9.371169999999999778e-01 -3.490059999999999829e-01 2.478999999999999867e-03
2.200000000000000000e+01 6.300000000000000000e+01 5.400000000000000000e+01 0.000000000000000000e+00 1.600000000000000089e+00 2.030000000000000012e-04 1.226000000000000093e-03 9.999989999999999712e-01 -3.530249999999999777e-01 9.356130000000000280e-01 -1.075000000000000001e-03 -9.356139999999999457e-01 -3.530240000000000045e-01 6.220000000000000485e-04
2.500000000000000000e+01 6.300000000000000000e+01 5.400000000000000000e+01 0.000000000000000000e+00 1.600000000000000089e+00 -4.099999999999999912e-04 -2.187999999999999841e-03 9.999970000000000248e-01 -3.546520000000000228e-01 9.349960000000000493e-01 1.899999999999999996e-03 -9.349979999999999958e-01 -3.546500000000000208e-01 -1.159000000000000091e-03
7.000000000000000000e+00 2.500000000000000000e+01 5.500000000000000000e+01 0.000000000000000000e+00 1.600000000000000089e+00 -8.100000000000000375e-05 3.386000000000000121e-03 -9.999940000000000495e-01 -1.219199999999999971e-02 -9.999200000000000310e-01 -3.384999999999999988e-03 -9.999259999999999815e-01 1.219100000000000045e-02 1.219999999999999974e-04
1.300000000000000000e+01 2.500000000000000000e+01 5.500000000000000000e+01 0.000000000000000000e+00 1.600000000000000089e+00 1.356000000000000000e-03 2.079999999999999818e-03 -9.999970000000000248e-01 -1.069299999999999938e-02 -9.999409999999999688e-01 -2.093999999999999941e-03 -9.999419999999999975e-01 1.069499999999999965e-02 -1.333999999999999899e-03
2.000000000000000000e+01 2.500000000000000000e+01 5.500000000000000000e+01 0.000000000000000000e+00 1.600000000000000089e+00 -6.049999999999999606e-04 1.890000000000000133e-04 -1.000000000000000000e+00 -1.219600000000000024e-02 -9.999259999999999815e-01 -1.810000000000000085e-04 -9.999249999999999527e-01 1.219600000000000024e-02 6.070000000000000092e-04
6.000000000000000000e+00 2.100000000000000000e+01 6.000000000000000000e+01 0.000000000000000000e+00 1.600000000000000089e+00 -7.209999999999999612e-04 -5.402999999999999817e-03 9.999850000000000128e-01 -9.661599999999999355e-02 9.953079999999999705e-01 5.308000000000000218e-03 -9.953210000000000113e-01 -9.661100000000000243e-02 -1.240000000000000000e-03
9.000000000000000000e+00 3.000000000000000000e+00 6.300000000000000000e+01 0.000000000000000000e+00 1.600000000000000089e+00 1.574000000000000095e-03 -1.090000000000000067e-04 9.999989999999999712e-01 -6.163539999999999575e-01 7.874689999999999745e-01 1.056000000000000081e-03 -7.874679999999999458e-01 -6.163549999999999862e-01 1.172000000000000082e-03
7.000000000000000000e+00 2.700000000000000000e+01 6.300000000000000000e+01 0.000000000000000000e+00 1.600000000000000089e+00 -1.779999999999999898e-03 -3.808999999999999886e-03 9.999909999999999632e-01 -2.677370000000000028e-01 9.634869999999999823e-01 3.193000000000000092e-03 -9.634899999999999576e-01 -2.677289999999999948e-01 -2.735000000000000018e-03
1.500000000000000000e+01 2.700000000000000000e+01 6.300000000000000000e+01 0.000000000000000000e+00 1.600000000000000089e+00 2.099999999999999870e-03 -5.339999999999999695e-04 9.999980000000000535e-01 -2.677749999999999853e-01 9.634810000000000318e-01 1.077000000000000049e-03 -9.634789999999999743e-01 -2.677760000000000140e-01 1.879999999999999944e-03
1.900000000000000000e+01 2.700000000000000000e+01 6.300000000000000000e+01 0.000000000000000000e+00 1.600000000000000089e+00 2.521999999999999936e-03 4.690000000000000158e-04 9.999970000000000248e-01 -2.683459999999999734e-01 9.633230000000000404e-01 2.249999999999999938e-04 -9.633190000000000364e-01 -2.683450000000000002e-01 2.556000000000000112e-03
2.400000000000000000e+01 2.700000000000000000e+01 6.300000000000000000e+01 0.000000000000000000e+00 1.600000000000000089e+00 -1.998999999999999909e-03 7.856999999999999401e-03 9.999670000000000503e-01 -2.701959999999999917e-01 9.627710000000000434e-01 -8.104999999999999358e-03 -9.628029999999999644e-01 -2.702030000000000265e-01 1.990000000000000124e-04
2.900000000000000000e+01 2.700000000000000000e+01 6.300000000000000000e+01 0.000000000000000000e+00 1.600000000000000089e+00 1.101999999999999898e-03 2.723999999999999859e-03 9.999959999999999960e-01 -2.745090000000000030e-01 9.615820000000000478e-01 -2.317000000000000049e-03 -9.615839999999999943e-01 -2.745049999999999990e-01 1.807000000000000012e-03
3.000000000000000000e+00 2.600000000000000000e+01 6.400000000000000000e+01 0.000000000000000000e+00 1.600000000000000089e+00 -1.007999999999999998e-03 -2.834999999999999847e-03 9.999949999999999672e-01 -3.458189999999999875e-01 9.382979999999999654e-01 2.311999999999999819e-03 -9.383010000000000517e-01 -3.458149999999999835e-01 -1.925999999999999978e-03
8.000000000000000000e+00 2.600000000000000000e+01 6.400000000000000000e+01 0.000000000000000000e+00 1.600000000000000089e+00 -1.451999999999999949e-03 -2.429999999999999868e-03 9.999959999999999960e-01 -3.492390000000000216e-01 9.370319999999999760e-01 1.770000000000000089e-03 -9.370330000000000048e-01 -3.492350000000000176e-01 -2.209000000000000026e-03
1.500000000000000000e+01 2.600000000000000000e+01 6.400000000000000000e+01 0.000000000000000000e+00 1.600000000000000089e+00 1.915999999999999951e-03 3.330000000000000169e-04 9.999980000000000535e-01 -3.497810000000000086e-01 9.368309999999999693e-01 3.579999999999999741e-04 -9.368290000000000228e-01 -3.497810000000000086e-01 1.912000000000000071e-03
2.000000000000000000e+01 2.600000000000000000e+01 6.400000000000000000e+01 0.000000000000000000e+00 1.600000000000000089e+00 1.582000000000000073e-03 1.348000000000000023e-03 9.999980000000000535e-01 -3.493479999999999919e-01 9.369929999999999648e-01 -7.100000000000000191e-04 -9.369920000000000471e-01 -3.493459999999999899e-01 1.953000000000000092e-03
2.300000000000000000e+01 2.600000000000000000e+01 6.400000000000000000e+01 0.000000000000000000e+00 1.600000000000000089e+00 -1.564999999999999985e-03 5.919999999999999915e-03 9.999810000000000088e-01 -3.520840000000000081e-01 9.359480000000000022e-01 -6.092000000000000193e-03 -9.359669999999999934e-01 -3.520869999999999833e-01 6.199999999999999999e-04
2.800000000000000000e+01 2.600000000000000000e+01 6.400000000000000000e+01 0.000000000000000000e+00 1.600000000000000089e+00 6.830000000000000134e-04 4.714000000000000308e-03 9.999890000000000168e-01 -3.575710000000000277e-01 9.338769999999999571e-01 -4.158000000000000237e-03 -9.338859999999999939e-01 -3.575639999999999930e-01 2.322999999999999978e-03
9.000000000000000000e+00 2.500000000000000000e+01 7.300000000000000000e+01 0.000000000000000000e+00 1.600000000000000089e+00 5.800000000000000034e-04 -6.319999999999999663e-04 1.000000000000000000e+00 7.476120000000000543e-01 -6.641350000000000309e-01 -8.530000000000000256e-04 6.641350000000000309e-01 7.476120000000000543e-01 8.700000000000000051e-05
1.200000000000000000e+01 2.500000000000000000e+01 7.300000000000000000e+01 0.000000000000000000e+00 1.600000000000000089e+00 -1.657999999999999969e-03 -1.915000000000000036e-03 9.999970000000000248e-01 7.490909999999999513e-01 -6.624670000000000281e-01 -2.699999999999999899e-05 6.624649999999999705e-01 7.490890000000000049e-01 2.533000000000000095e-03
1.700000000000000000e+01 2.500000000000000000e+01 7.300000000000000000e+01 0.000000000000000000e+00 1.600000000000000089e+00 1.008999999999999914e-03 3.390000000000000001e-04 1.000000000000000000e+00 7.422159999999999869e-01 -6.701599999999999779e-01 -5.220000000000000031e-04 6.701599999999999779e-01 7.422159999999999869e-01 -9.280000000000000054e-04
2.400000000000000000e+01 2.500000000000000000e+01 7.300000000000000000e+01 0.000000000000000000e+00 1.600000000000000089e+00 -1.309999999999999967e-03 5.320000000000000293e-04 9.999989999999999712e-01 7.439750000000000529e-01 -6.682059999999999667e-01 1.330000000000000019e-03 6.682059999999999667e-01 7.439759999999999707e-01 4.789999999999999879e-04
3.000000000000000000e+01 2.500000000000000000e+01 7.300000000000000000e+01 0.000000000000000000e+00 1.600000000000000089e+00 -2.700000000000000035e-04 2.446999999999999956e-03 9.999970000000000248e-01 7.457359999999999545e-01 -6.662400000000000544e-01 1.830999999999999945e-03 6.662420000000000009e-01 7.457340000000000080e-01 -1.644999999999999978e-03
2.000000000000000000e+00 4.400000000000000000e+01 7.300000000000000000e+01 0.000000000000000000e+00 1.600000000000000089e+00 -3.014000000000000186e-03 -5.283000000000000369e-03 9.999820000000000375e-01 4.581799999999999762e-02 -9.989369999999999639e-01 -5.139000000000000339e-03 9.989449999999999719e-01 4.580100000000000143e-02 3.252999999999999815e-03
8.000000000000000000e+00 4.400000000000000000e+01 7.300000000000000000e+01 0.000000000000000000e+00 1.600000000000000089e+00 -2.540999999999999856e-03 -9.890000000000000787e-04 9.999959999999999960e-01 4.567899999999999738e-02 -9.989559999999999551e-01 -8.720000000000000537e-04 9.989529999999999799e-01 4.567600000000000132e-02 2.583999999999999925e-03
