8.000000000000000000e+00 1.600000000000000000e+01 4.000000000000000000e+00 0.000000000000000000e+00 1.600000000000000089e+00 -2.495999999999999955e-03 1.413999999999999892e-03 9.999959999999999960e-01 4.564699999999999869e-01 -8.897350000000000536e-01 2.397999999999999958e-03 8.897350000000000536e-01 4.564739999999999909e-01 1.575000000000000011e-03
1.000000000000000000e+00 1.010000000000000000e+02 7.000000000000000000e+00 0.000000000000000000e+00 1.600000000000000089e+00 4.330000000000000081e-04 -2.029699999999999907e-02 9.997939999999999605e-01 8.854290000000000216e-01 4.646870000000000167e-01 9.050000000000000752e-03 -4.647749999999999937e-01 8.852419999999999733e-01 1.817300000000000165e-02
6.000000000000000000e+00 1.010000000000000000e+02 7.000000000000000000e+00 0.000000000000000000e+00 1.600000000000000089e+00 -1.195000000000000099e-03 -7.559999999999999880e-03 9.999710000000000543e-01 8.856230000000000491e-01 4.643829999999999902e-01 4.570000000000000277e-03 -4.644039999999999835e-01 8.856020000000000003e-01 6.139999999999999625e-03
2.400000000000000000e+01 1.010000000000000000e+02 7.000000000000000000e+00 0.000000000000000000e+00 1.600000000000000089e+00 -1.229999999999999974e-03 -3.354000000000000210e-03 9.999940000000000495e-01 8.855699999999999683e-01 4.644989999999999952e-01 2.647000000000000047e-03 -4.645050000000000012e-01 8.855669999999999931e-01 2.399000000000000091e-03
1.000000000000000000e+01 2.500000000000000000e+01 8.000000000000000000e+00 0.000000000000000000e+00 1.600000000000000089e+00 1.977000000000000025e-03 2.419000000000000143e-03 -9.999949999999999672e-01 4.467969999999999997e-01 8.946300000000000363e-01 3.047999999999999928e-03 8.946330000000000116e-01 -4.468010000000000037e-01 6.880000000000000265e-04
1.400000000000000000e+01 2.500000000000000000e+01 8.000000000000000000e+00 0.000000000000000000e+00 1.600000000000000089e+00 2.750999999999999973e-03 8.259000000000000716e-03 -9.999620000000000175e-01 4.451209999999999889e-01 8.954290000000000305e-01 8.619999999999999191e-03 8.954659999999999842e-01 -4.451280000000000237e-01 -1.213000000000000102e-03
1.900000000000000000e+01 2.500000000000000000e+01 8.000000000000000000e+00 0.000000000000000000e+00 1.600000000000000089e+00 2.599999999999999840e-05 7.690000000000000438e-04 -1.000000000000000000e+00 4.440310000000000090e-01 8.960110000000000019e-01 7.010000000000000172e-04 8.960110000000000019e-01 -4.440310000000000090e-01 -3.179999999999999776e-04
2.300000000000000000e+01 2.500000000000000000e+01 8.000000000000000000e+00 0.000000000000000000e+00 1.600000000000000089e+00 -9.179999999999999792e-04 -1.672000000000000092e-03 -9.999980000000000535e-01 4.457570000000000143e-01 8.951519999999999477e-01 -1.905999999999999925e-03 8.951540000000000052e-01 -4.457579999999999876e-01 -7.700000000000000139e-05
2.600000000000000000e+01 2.500000000000000000e+01 8.000000000000000000e+00 0.000000000000000000e+00 1.600000000000000089e+00 2.280000000000000126e-04 -4.063999999999999904e-03 -9.999919999999999920e-01 4.464980000000000060e-01 8.947770000000000445e-01 -3.534999999999999948e-03 8.947840000000000238e-01 -4.464940000000000020e-01 2.017999999999999829e-03
1.500000000000000000e+01 9.000000000000000000e+00 9.000000000000000000e+00 0.000000000000000000e+00 1.600000000000000089e+00 3.989000000000000358e-03 -7.854999999999999136e-03 -9.999609999999999888e-01 -9.447510000000000074e-01 -3.277880000000000238e-01 -1.193999999999999966e-03 -3.277660000000000018e-01 9.447189999999999754e-01 -8.727999999999999647e-03
2.200000000000000000e+01 9.000000000000000000e+00 9.000000000000000000e+00 0.000000000000000000e+00 1.600000000000000089e+00 -2.072099999999999984e-02 -2.303399999999999892e-02 -9.995199999999999640e-01 -9.462080000000000490e-01 -3.224270000000000191e-01 2.704600000000000060e-02 -3.228949999999999876e-01 9.463139999999999885e-01 -1.511299999999999970e-02
2.000000000000000000e+00 2.400000000000000000e+01 9.000000000000000000e+00 0.000000000000000000e+00 1.600000000000000089e+00 -1.036000000000000029e-03 -4.486999999999999669e-03 -9.999890000000000168e-01 4.545620000000000216e-01 8.907040000000000513e-01 -4.467999999999999750e-03 8.907150000000000345e-01 -4.545620000000000216e-01 1.116000000000000021e-03
6.000000000000000000e+00 2.400000000000000000e+01 9.000000000000000000e+00 0.000000000000000000e+00 1.600000000000000089e+00 -7.789999999999999616e-04 -3.811000000000000151e-03 -9.999919999999999920e-01 4.542900000000000271e-01 8.908460000000000267e-01 -3.749000000000000162e-03 8.908530000000000060e-01 -4.542900000000000271e-01 1.036999999999999944e-03
1.400000000000000000e+01 2.400000000000000000e+01 9.000000000000000000e+00 0.000000000000000000e+00 1.600000000000000089e+00 2.805999999999999901e-03 8.614000000000000129e-03 -9.999590000000000423e-01 4.527180000000000093e-01 8.916089999999999849e-01 8.951000000000000623e-03 8.916490000000000249e-01 -4.527240000000000153e-01 -1.397999999999999937e-03
1.700000000000000000e+01 2.400000000000000000e+01 9.000000000000000000e+00 0.000000000000000000e+00 1.600000000000000089e+00 1.221999999999999996e-03 1.873000000000000099e-03 -9.999970000000000248e-01 4.515370000000000217e-01 8.922489999999999588e-01 2.223000000000000149e-03 8.922510000000000163e-01 -4.515390000000000237e-01 2.449999999999999921e-04
2.300000000000000000e+01 2.400000000000000000e+01 9.000000000000000000e+00 0.000000000000000000e+00 1.600000000000000089e+00 -1.224999999999999960e-03 -1.900999999999999912e-03 -9.999970000000000248e-01 4.534960000000000102e-01 8.912560000000000482e-01 -2.249999999999999830e-03 8.912579999999999947e-01 -4.534969999999999835e-01 -2.300000000000000070e-04
2.600000000000000000e+01 2.400000000000000000e+01 9.000000000000000000e+00 0.000000000000000000e+00 1.600000000000000089e+00 -1.620000000000000075e-04 -4.218999999999999660e-03 -9.999909999999999632e-01 4.545529999999999848e-01 8.907110000000000305e-01 -3.831999999999999903e-03 8.907199999999999562e-01 -4.545500000000000096e-01 1.773000000000000053e-03
2.900000000000000000e+01 8.000000000000000000e+00 1.000000000000000000e+01 0.000000000000000000e+00 1.600000000000000089e+00 -9.185000000000000456e-03 -1.044199999999999989e-02 -9.999029999999999863e-01 -9.695300000000000029e-01 -2.447050000000000058e-01 1.146100000000000070e-02 -2.448009999999999908e-01 9.695409999999999862e-01 -7.877000000000000321e-03
1.000000000000000000e+00 3.500000000000000000e+01 1.200000000000000000e+01 0.000000000000000000e+00 1.600000000000000089e+00 1.846999999999999901e-03 -1.639000000000000049e-03 -9.999970000000000248e-01 4.460819999999999785e-01 -8.949890000000000345e-01 2.291000000000000068e-03 -8.949899999999999523e-01 -4.460850000000000093e-01 -9.219999999999999680e-04
6.000000000000000000e+00 3.500000000000000000e+01 1.200000000000000000e+01 0.000000000000000000e+00 1.600000000000000089e+00 9.499999999999999981e-04 -1.567999999999999949e-03 -9.999980000000000535e-01 4.401149999999999785e-01 -8.979390000000000427e-01 1.825999999999999932e-03 -8.979409999999999892e-01 -4.401160000000000072e-01 -1.630000000000000047e-04
1.000000000000000000e+01 3.500000000000000000e+01 1.200000000000000000e+01 0.000000000000000000e+00 1.600000000000000089e+00 -9.979999999999999722e-04 3.880999999999999901e-03 -9.999919999999999920e-01 4.399700000000000277e-01 -8.980040000000000244e-01 -3.924000000000000404e-03 -8.980120000000000324e-01 -4.399710000000000010e-01 -8.109999999999999805e-04
1.700000000000000000e+01 3.500000000000000000e+01 1.200000000000000000e+01 0.000000000000000000e+00 1.600000000000000089e+00 1.544000000000000017e-03 7.669999999999999951e-04 -9.999980000000000535e-01 4.600839999999999930e-01 -8.878749999999999698e-01 2.900000000000000017e-05 -8.878740000000000521e-01 -4.600839999999999930e-01 -1.724000000000000055e-03
2.000000000000000000e+01 3.500000000000000000e+01 1.200000000000000000e+01 0.000000000000000000e+00 1.600000000000000089e+00 1.013999999999999927e-03 -3.592000000000000141e-03 -9.999930000000000208e-01 4.676279999999999881e-01 -8.839179999999999815e-01 3.648999999999999900e-03 -8.839249999999999607e-01 -4.676279999999999881e-01 7.829999999999999504e-04
2.300000000000000000e+01 3.500000000000000000e+01 1.200000000000000000e+01 0.000000000000000000e+00 1.600000000000000089e+00 8.480000000000000124e-04 -1.080999999999999930e-03 -9.999989999999999712e-01 4.724579999999999891e-01 -8.813520000000000243e-01 1.353000000000000036e-03 -8.813530000000000530e-01 -4.724590000000000178e-01 -2.369999999999999874e-04
2.700000000000000000e+01 3.500000000000000000e+01 1.200000000000000000e+01 0.000000000000000000e+00 1.600000000000000089e+00 -2.307000000000000023e-03 2.096999999999999906e-03 -9.999949999999999672e-01 4.670630000000000059e-01 -8.842189999999999772e-01 -2.932000000000000144e-03 -8.842210000000000347e-01 -4.670679999999999832e-01 1.059999999999999961e-03
4.000000000000000000e+00 3.200000000000000000e+01 1.400000000000000000e+01 0.000000000000000000e+00 1.600000000000000089e+00 -1.105999999999999995e-03 2.468000000000000142e-03 -9.999959999999999960e-01 1.067680000000000018e-01 9.942809999999999704e-01 2.335999999999999969e-03 9.942830000000000279e-01 -1.067649999999999988e-01 -1.363000000000000062e-03
9.000000000000000000e+00 3.200000000000000000e+01 1.400000000000000000e+01 0.000000000000000000e+00 1.600000000000000089e+00 2.579999999999999828e-04 -3.612999999999999892e-03 -9.999930000000000208e-01 1.063759999999999983e-01 9.943199999999999816e-01 -3.565000000000000027e-03 9.943260000000000431e-01 -1.063739999999999963e-01 6.409999999999999682e-04
2.100000000000000000e+01 3.200000000000000000e+01 1.400000000000000000e+01 0.000000000000000000e+00 1.600000000000000089e+00 -1.900000000000000105e-05 2.164999999999999824e-03 -9.999980000000000535e-01 1.032799999999999968e-01 9.946500000000000341e-01 2.151000000000000134e-03 9.946519999999999806e-01 -1.032789999999999958e-01 -2.429999999999999977e-04
2.800000000000000000e+01 3.200000000000000000e+01 1.400000000000000000e+01 0.000000000000000000e+00 1.600000000000000089e+00 6.999999999999999895e-06 -7.747999999999999679e-03 -9.999700000000000255e-01 1.028629999999999961e-01 9.946660000000000501e-01 -7.707000000000000309e-03 9.946949999999999958e-01 -1.028599999999999931e-01 8.040000000000000271e-04
1.800000000000000000e+01 1.160000000000000000e+02 1.600000000000000000e+01 0.000000000000000000e+00 1.600000000000000089e+00 7.060000000000000303e-04 1.121999999999999950e-03 9.999989999999999712e-01 7.051920000000000410e-01 7.090159999999999796e-01 -1.294000000000000011e-03 -7.090159999999999796e-01 7.051920000000000410e-01 -2.910000000000000260e-04
2.600000000000000000e+01 1.160000000000000000e+02 1.600000000000000000e+01 0.000000000000000000e+00 1.600000000000000089e+00 -1.121999999999999950e-03 4.139999999999999800e-04 9.999989999999999712e-01 7.600230000000000041e-01 6.498960000000000292e-01 5.839999999999999922e-04 -6.498950000000000005e-01 7.600230000000000041e-01 -1.044000000000000006e-03
6.000000000000000000e+00 2.000000000000000000e+00 1.900000000000000000e+01 0.000000000000000000e+00 1.600000000000000089e+00 -6.579999999999999478e-04 1.899599999999999900e-02 -9.998190000000000133e-01 3.278070000000000150e-01 -9.445700000000000207e-01 -1.816200000000000106e-02 -9.447449999999999459e-01 -3.277590000000000225e-01 -5.605999999999999872e-03
1.200000000000000000e+01 2.000000000000000000e+00 1.900000000000000000e+01 0.000000000000000000e+00 1.600000000000000089e+00 4.300000000000000165e-05 4.111000000000000071e-03 -9.999919999999999920e-01 3.264870000000000272e-01 -9.451939999999999786e-01 -3.872000000000000008e-03 -9.452019999999999866e-01 -3.264839999999999964e-01 -1.382999999999999898e-03
1.800000000000000000e+01 2.000000000000000000e+00 1.900000000000000000e+01 0.000000000000000000e+00 1.600000000000000089e+00 1.005999999999999950e-03 5.982000000000000338e-03 -9.999820000000000375e-01 3.266160000000000174e-01 -9.451420000000000377e-01 -5.324999999999999872e-03 -9.451570000000000249e-01 -3.266049999999999787e-01 -2.905000000000000030e-03
2.300000000000000000e+01 2.000000000000000000e+00 1.900000000000000000e+01 0.000000000000000000e+00 1.600000000000000089e+00 -3.220000000000000206e-04 -4.910999999999999567e-03 -9.999879999999999880e-01 3.297220000000000151e-01 -9.440669999999999895e-01 4.530000000000000172e-03 -9.440779999999999728e-01 -3.297160000000000091e-01 1.923000000000000013e-03
2.800000000000000000e+01 2.000000000000000000e+00 1.900000000000000000e+01 0.000000000000000000e+00 1.600000000000000089e+00 -2.269999999999999882e-03 5.230000000000000274e-03 -9.999839999999999840e-01 3.312530000000000197e-01 -9.435249999999999471e-01 -5.687000000000000215e-03 -9.435390000000000166e-01 -3.312610000000000277e-01 4.090000000000000211e-04
5.000000000000000000e+00 3.000000000000000000e+00 1.900000000000000000e+01 0.000000000000000000e+00 1.600000000000000089e+00 -1.059999999999999961e-03 1.769799999999999846e-02 -9.998430000000000373e-01 2.992779999999999885e-01 -9.540110000000000534e-01 -1.720400000000000054e-02 -9.541659999999999586e-01 -2.992489999999999872e-01 -4.285999999999999879e-03
5.000000000000000000e+00 1.300000000000000000e+01 2.000000000000000000e+01 0.000000000000000000e+00 1.600000000000000089e+00 -1.386999999999999995e-03 -6.179999999999999513e-04 9.999989999999999712e-01 2.621260000000000256e-01 9.650330000000000297e-01 9.600000000000000243e-04 -9.650330000000000297e-01 2.621269999999999989e-01 -1.175999999999999962e-03
1.200000000000000000e+01 1.300000000000000000e+01 2.000000000000000000e+01 0.000000000000000000e+00 1.600000000000000089e+00 5.800000000000000034e-04 2.570000000000000127e-04 1.000000000000000000e+00 2.627519999999999856e-01 9.648630000000000262e-01 -4.000000000000000192e-04 -9.648630000000000262e-01 2.627519999999999856e-01 4.920000000000000328e-04
1.700000000000000000e+01 1.300000000000000000e+01 2.000000000000000000e+01 0.000000000000000000e+00 1.600000000000000089e+00 1.624999999999999925e-03 -2.489999999999999809e-04 9.999989999999999712e-01 2.626390000000000113e-01 9.648940000000000294e-01 -1.859999999999999945e-04 -9.648930000000000007e-01 2.626390000000000113e-01 1.632999999999999903e-03
2.200000000000000000e+01 1.300000000000000000e+01 2.000000000000000000e+01 0.000000000000000000e+00 1.600000000000000089e+00 -8.570000000000000144e-04 3.939999999999999817e-04 1.000000000000000000e+00 2.642439999999999789e-01 9.644559999999999800e-01 -1.540000000000000028e-04 -9.644549999999999512e-01 2.642439999999999789e-01 -9.309999999999999699e-04
2.500000000000000000e+01 1.300000000000000000e+01 2.000000000000000000e+01 0.000000000000000000e+00 1.600000000000000089e+00 -1.657000000000000053e-03 1.410000000000000012e-03 9.999980000000000535e-01 2.648510000000000031e-01 9.642889999999999517e-01 -9.210000000000000521e-04 -9.642880000000000340e-01 2.648490000000000011e-01 -1.971000000000000096e-03
3.000000000000000000e+01 1.300000000000000000e+01 2.000000000000000000e+01 0.000000000000000000e+00 1.600000000000000089e+00 -2.300000000000000070e-04 1.245999999999999929e-03 9.999989999999999712e-01 2.630919999999999925e-01 9.647700000000000164e-01 -1.141000000000000087e-03 -9.647710000000000452e-01 2.630910000000000193e-01 -5.490000000000000088e-04
3.000000000000000000e+00 5.000000000000000000e+01 2.200000000000000000e+01 0.000000000000000000e+00 1.600000000000000089e+00 -4.889999999999999599e-04 2.546999999999999785e-03 -9.999970000000000248e-01 -5.639380000000000503e-01 8.258140000000000480e-01 2.379000000000000038e-03 8.258170000000000233e-01 5.639370000000000216e-01 1.033000000000000064e-03
1.200000000000000000e+01 5.000000000000000000e+01 2.200000000000000000e+01 0.000000000000000000e+00 1.600000000000000089e+00 -2.203999999999999796e-03 2.750000000000000166e-04 -9.999980000000000535e-01 -5.650269999999999460e-01 8.250709999999999988e-01 1.472000000000000001e-03 8.250690000000000524e-01 5.650290000000000035e-01 -1.662999999999999982e-03
1.800000000000000000e+01 5.000000000000000000e+01 2.200000000000000000e+01 0.000000000000000000e+00 1.600000000000000089e+00 9.330000000000000186e-04 3.795000000000000196e-03 -9.999919999999999920e-01 -5.633939999999999504e-01 8.261840000000000295e-01 2.609999999999999907e-03 8.261880000000000335e-01 5.633879999999999999e-01 2.909000000000000127e-03
6.000000000000000000e+00 3.000000000000000000e+00 2.500000000000000000e+01 0.000000000000000000e+00 1.600000000000000089e+00 -3.079000000000000140e-03 8.462000000000000771e-03 9.999590000000000423e-01 -3.654000000000000130e-03 -9.999580000000000135e-01 8.451000000000000179e-03 9.999890000000000168e-01 -3.628000000000000148e-03 3.109999999999999917e-03
1.000000000000000000e+01 3.000000000000000000e+00 2.500000000000000000e+01 0.000000000000000000e+00 1.600000000000000089e+00 -6.620000000000000450e-04 -4.760000000000000234e-04 1.000000000000000000e+00 -1.466999999999999988e-03 -9.999989999999999712e-01 -4.769999999999999934e-04 9.999989999999999712e-01 -1.466999999999999988e-03 6.610000000000000207e-04
1.500000000000000000e+01 3.000000000000000000e+00 2.500000000000000000e+01 0.000000000000000000e+00 1.600000000000000089e+00 -4.104000000000000009e-03 5.780000000000000415e-03 9.999749999999999472e-01 8.189999999999999581e-04 -9.999829999999999552e-01 5.782999999999999946e-03 9.999909999999999632e-01 8.429999999999999993e-04 4.099000000000000213e-03
1.900000000000000000e+01 3.000000000000000000e+00 2.500000000000000000e+01 0.000000000000000000e+00 1.600000000000000089e+00 -3.769999999999999914e-03 8.339999999999999974e-04 9.999919999999999920e-01 9.039000000000000160e-03 -9.999590000000000423e-01 8.679999999999999565e-04 9.999519999999999520e-01 9.041999999999999690e-03 3.762000000000000153e-03
4.000000000000000000e+00 4.600000000000000000e+01 3.000000000000000000e+01 0.000000000000000000e+00 1.600000000000000089e+00 3.739999999999999835e-04 -3.999999999999999819e-06 -1.000000000000000000e+00 3.338700000000000001e-01 9.426189999999999847e-01 1.210000000000000002e-04 9.426189999999999847e-01 -3.338700000000000001e-01 3.530000000000000152e-04
4.000000000000000000e+00 5.800000000000000000e+01 3.100000000000000000e+01 0.000000000000000000e+00 1.600000000000000089e+00 2.961999999999999789e-03 4.889000000000000117e-03 9.999839999999999840e-01 -7.551320000000000254e-01 -6.555499999999999661e-01 5.441999999999999789e-03 6.555659999999999821e-01 -7.551360000000000294e-01 1.750000000000000036e-03
1.500000000000000000e+01 5.800000000000000000e+01 3.100000000000000000e+01 0.000000000000000000e+00 1.600000000000000089e+00 -1.021999999999999905e-03 2.851999999999999934e-03 9.999949999999999672e-01 -7.533769999999999634e-01 -6.575870000000000326e-01 1.105999999999999995e-03 6.575870000000000326e-01 -7.533729999999999594e-01 2.821000000000000157e-03
2.500000000000000000e+01 5.800000000000000000e+01 3.100000000000000000e+01 0.000000000000000000e+00 1.600000000000000089e+00 -7.288000000000000207e-03 -1.550699999999999995e-02 9.998529999999999918e-01 -7.589540000000000175e-01 -6.509570000000000078e-01 -1.562900000000000053e-02 6.511040000000000161e-01 -7.589559999999999640e-01 -7.024999999999999994e-03
3.000000000000000000e+01 5.800000000000000000e+01 3.100000000000000000e+01 0.000000000000000000e+00 1.600000000000000089e+00 -6.043999999999999893e-03 -2.544999999999999953e-03 9.999789999999999512e-01 -7.601269999999999971e-01 -6.497439999999999882e-01 -6.248000000000000081e-03 6.497460000000000457e-01 -7.601489999999999636e-01 1.991999999999999847e-03
1.400000000000000000e+01 2.300000000000000000e+01 3.400000000000000000e+01 0.000000000000000000e+00 1.600000000000000089e+00 6.300000000000000261e-04 -2.288999999999999802e-03 9.999970000000000248e-01 3.965810000000000168e-01 -9.179969999999999519e-01 -2.350999999999999791e-03 9.180000000000000382e-01 3.965810000000000168e-01 3.289999999999999739e-04
1.000000000000000000e+00 4.600000000000000000e+01 3.500000000000000000e+01 0.000000000000000000e+00 1.600000000000000089e+00 1.710000000000000094e-04 -2.625000000000000163e-03 -9.999959999999999960e-01 3.916120000000000156e-01 -9.201270000000000282e-01 2.481999999999999831e-03 -9.201300000000000034e-01 -3.916109999999999869e-01 8.710000000000000294e-04
5.000000000000000000e+00 4.600000000000000000e+01 3.500000000000000000e+01 0.000000000000000000e+00 1.600000000000000089e+00 -2.599999999999999772e-04 -2.456999999999999983e-03 -9.999970000000000248e-01 3.922550000000000203e-01 -9.198539999999999495e-01 2.158000000000000196e-03 -9.198560000000000070e-01 -3.922530000000000183e-01 1.203000000000000076e-03
1.300000000000000000e+01 4.600000000000000000e+01 3.500000000000000000e+01 0.000000000000000000e+00 1.600000000000000089e+00 6.120000000000000223e-04 1.482000000000000027e-03 -9.999989999999999712e-01 3.912470000000000114e-01 -9.202850000000000197e-01 -1.124999999999999915e-03 -9.202860000000000484e-01 -3.912450000000000094e-01 -1.142999999999999919e-03
1.700000000000000000e+01 4.600000000000000000e+01 3.500000000000000000e+01 0.000000000000000000e+00 1.600000000000000089e+00 1.034999999999999896e-03 8.050000000000000515e-04 -9.999989999999999712e-01 3.898510000000000031e-01 -9.208779999999999744e-01 -3.379999999999999758e-04 -9.208769999999999456e-01 -3.898499999999999743e-01 -1.266999999999999897e-03
2.000000000000000000e+01 4.600000000000000000e+01 3.500000000000000000e+01 0.000000000000000000e+00 1.600000000000000089e+00 -3.170000000000000075e-04 9.060000000000000128e-04 -1.000000000000000000e+00 3.896959999999999869e-01 -9.209429999999999561e-01 -9.579999999999999757e-04 -9.209439999999999849e-01 -3.896959999999999869e-01 -6.099999999999999872e-05
2.500000000000000000e+01 4.600000000000000000e+01 3.500000000000000000e+01 0.000000000000000000e+00 1.600000000000000089e+00 -6.269999999999999532e-04 -2.079000000000000119e-03 -9.999980000000000535e-01 3.906370000000000120e-01 -9.205430000000000001e-01 1.668999999999999911e-03 -9.205449999999999466e-01 -3.906350000000000100e-01 1.389000000000000044e-03
5.000000000000000000e+00 3.000000000000000000e+00 4.300000000000000000e+01 0.000000000000000000e+00 1.600000000000000089e+00 8.899999999999999491e-05 -1.049600000000000012e-02 -9.999449999999999728e-01 7.442309999999999759e-01 -6.678849999999999509e-01 7.076999999999999957e-03 -6.679220000000000157e-01 -7.441910000000000469e-01 7.753000000000000343e-03
1.100000000000000000e+01 3.000000000000000000e+00 4.300000000000000000e+01 0.000000000000000000e+00 1.600000000000000089e+00 -4.124000000000000062e-03 -1.051599999999999931e-02 -9.999360000000000470e-01 7.402710000000000123e-01 -6.722960000000000047e-01 4.016999999999999738e-03 -6.722960000000000047e-01 -7.402069999999999483e-01 1.055700000000000041e-02
2.000000000000000000e+01 3.000000000000000000e+00 4.300000000000000000e+01 0.000000000000000000e+00 1.600000000000000089e+00 3.629999999999999872e-04 2.304000000000000058e-03 -9.999970000000000248e-01 7.356690000000000174e-01 -6.773400000000000531e-01 -1.294000000000000011e-03 -6.773409999999999709e-01 -7.356660000000000421e-01 -1.941000000000000017e-03
2.600000000000000000e+01 3.000000000000000000e+00 4.300000000000000000e+01 0.000000000000000000e+00 1.600000000000000089e+00 -1.606999999999999922e-03 -2.961999999999999789e-03 -9.999940000000000495e-01 7.397390000000000354e-01 -6.728939999999999921e-01 8.050000000000000515e-04 -6.728920000000000456e-01 -7.397329999999999739e-01 3.272999999999999868e-03
7.000000000000000000e+00 8.000000000000000000e+00 4.400000000000000000e+01 0.000000000000000000e+00 1.600000000000000089e+00 -1.990000000000000124e-04 -2.811999999999999830e-03 9.999959999999999960e-01 -7.832860000000000378e-01 -6.216589999999999616e-01 -1.904000000000000093e-03 6.216620000000000479e-01 -7.832829999999999515e-01 -2.079000000000000119e-03
2.000000000000000000e+00 2.900000000000000000e+01 4.400000000000000000e+01 0.000000000000000000e+00 1.600000000000000089e+00 -7.360000000000000006e-04 -6.015999999999999646e-03 -9.999820000000000375e-01 6.579220000000000068e-01 7.530700000000000172e-01 -5.014000000000000228e-03 7.530860000000000332e-01 -6.579129999999999701e-01 3.403999999999999908e-03
6.000000000000000000e+00 2.900000000000000000e+01 4.400000000000000000e+01 0.000000000000000000e+00 1.600000000000000089e+00 6.710000000000000469e-04 -5.280000000000000405e-04 -1.000000000000000000e+00 6.592970000000000219e-01 7.518820000000000503e-01 4.600000000000000004e-05 7.518820000000000503e-01 -6.592970000000000219e-01 8.530000000000000256e-04
1.100000000000000000e+01 2.900000000000000000e+01 4.400000000000000000e+01 0.000000000000000000e+00 1.600000000000000089e+00 2.990000000000000036e-04 3.152999999999999987e-03 -9.999949999999999672e-01 6.559789999999999788e-01 7.547749999999999737e-01 2.576000000000000165e-03 7.547789999999999777e-01 -6.559760000000000035e-01 -1.842000000000000104e-03
1.500000000000000000e+01 2.900000000000000000e+01 4.400000000000000000e+01 0.000000000000000000e+00 1.600000000000000089e+00 6.800000000000000488e-04 1.761999999999999894e-03 -9.999980000000000535e-01 6.567619999999999569e-01 7.540959999999999885e-01 1.776000000000000018e-03 7.540980000000000461e-01 -6.567619999999999569e-01 -6.449999999999999570e-04
1.900000000000000000e+01 2.900000000000000000e+01 4.400000000000000000e+01 0.000000000000000000e+00 1.600000000000000089e+00 1.219999999999999974e-04 1.118999999999999986e-03 -9.999989999999999712e-01 6.598319999999999741e-01 7.514129999999999976e-01 9.210000000000000521e-04 7.514129999999999976e-01 -6.598319999999999741e-01 -6.470000000000000057e-04
2.500000000000000000e+01 2.900000000000000000e+01 4.400000000000000000e+01 0.000000000000000000e+00 1.600000000000000089e+00 2.279999999999999909e-03 -8.099999999999999561e-04 -9.999970000000000248e-01 6.616589999999999971e-01 7.498050000000000548e-01 9.009999999999999997e-04 7.498019999999999685e-01 -6.616589999999999971e-01 2.245000000000000034e-03
9.000000000000000000e+00 7.400000000000000000e+01 4.900000000000000000e+01 0.000000000000000000e+00 1.600000000000000089e+00 1.711000000000000064e-03 -5.334000000000000200e-03 9.999839999999999840e-01 -9.820520000000000360e-01 1.885920000000000096e-01 2.686000000000000019e-03 -1.886029999999999929e-01 -9.820410000000000528e-01 -4.915000000000000098e-03
6.000000000000000000e+00 5.000000000000000000e+00 5.100000000000000000e+01 0.000000000000000000e+00 1.600000000000000089e+00 -4.690000000000000158e-04 -2.096000000000000207e-03 -9.999980000000000535e-01 4.903370000000000228e-01 -8.715319999999999734e-01 1.595999999999999979e-03 -8.715330000000000021e-01 -4.903350000000000208e-01 1.436999999999999909e-03
2.900000000000000000e+01 5.000000000000000000e+00 5.100000000000000000e+01 0.000000000000000000e+00 1.600000000000000089e+00 -4.684999999999999928e-03 -2.213999999999999822e-03 -9.999869999999999592e-01 4.918930000000000247e-01 -8.706559999999999855e-01 -3.770000000000000022e-04 -8.706429999999999447e-01 -4.918879999999999919e-01 5.167999999999999851e-03
2.400000000000000000e+01 1.150000000000000000e+02 5.100000000000000000e+01 0.000000000000000000e+00 1.600000000000000089e+00 -1.500000000000000031e-03 -3.341999999999999919e-03 9.999930000000000208e-01 8.461710000000000065e-01 -5.329099999999999948e-01 -5.119999999999999768e-04 5.329089999999999661e-01 8.461649999999999450e-01 3.628000000000000148e-03
1.400000000000000000e+01 7.000000000000000000e+00 5.200000000000000000e+01 0.000000000000000000e+00 1.600000000000000089e+00 -3.403000000000000209e-03 2.237999999999999972e-03 -9.999919999999999920e-01 1.169110000000000010e-01 -9.931389999999999940e-01 -2.621000000000000066e-03 -9.931370000000000475e-01 -1.169189999999999952e-01 3.118000000000000112e-03
8.000000000000000000e+00 6.300000000000000000e+01 5.400000000000000000e+01 0.000000000000000000e+00 1.600000000000000089e+00 -6.160000000000000111e-04 -4.974000000000000123e-03 9.999869999999999592e-01 -3.452729999999999966e-01 9.384919999999999929e-01 4.454999999999999759e-03 -9.385019999999999474e-01 -3.452660000000000173e-01 -2.295999999999999864e-03
1.200000000000000000e+01 6.300000000000000000e+01 5.400000000000000000e+01 0.000000000000000000e+00 1.600000000000000089e+00 -9.439999999999999607e-04 -7.367000000000000284e-03 9.999719999999999720e-01 -3.440949999999999842e-01 9.389119999999999688e-01 6.591999999999999769e-03 -9.389340000000000463e-01 -3.440799999999999970e-01 -3.420999999999999996e-03
1.600000000000000000e+01 6.300000000000000000e+01 5.400000000000000000e+01 0.000000000000000000e+00 1.600000000000000089e+00 -4.100000000000000047e-05 -3.592999999999999840e-03 9.999940000000000495e-01 -3.388220000000000121e-01 9.408440000000000136e-01 3.367000000000000201e-03 -9.408499999999999641e-01 -3.388200000000000101e-01 -1.255999999999999955e-03
1.800000000000000000e+01 6.300000000000000000e+01 5.400000000000000000e+01 0.000000000000000000e+00 1.600000000000000089e+00 3.959999999999999762e-04 -6.019999999999999961e-04 1.000000000000000000e+00 -3.390679999999999805e-01 9.407619999999999871e-01 6.999999999999999929e-04 -9.407619999999999871e-01 -3.390679999999999805e-01 1.689999999999999879e-04
2.300000000000000000e+01 6.300000000000000000e+01 5.400000000000000000e+01 0.000000000000000000e+00 1.600000000000000089e+00 3.770000000000000022e-04 1.128000000000000096e-03 9.999989999999999712e-01 -3.413590000000000235e-01 9.399330000000000185e-01 -9.319999999999999942e-04 -9.399330000000000185e-01 -3.413579999999999948e-01 7.399999999999999894e-04
2.900000000000000000e+01 6.300000000000000000e+01 5.400000000000000000e+01 0.000000000000000000e+00 1.600000000000000089e+00 1.623000000000000094e-03 1.288999999999999998e-03 9.999980000000000535e-01 -3.382600000000000051e-01 9.410519999999999996e-01 -6.639999999999999852e-04 -9.410509999999999708e-01 -3.382580000000000031e-01 1.964000000000000034e-03
3.000000000000000000e+00 2.500000000000000000e+01 5.500000000000000000e+01 0.000000000000000000e+00 1.600000000000000089e+00 1.714000000000000029e-03 3.299999999999999982e-03 -9.999930000000000208e-01 -1.172800000000000058e-02 -9.999259999999999815e-01 -3.320000000000000034e-03 -9.999299999999999855e-01 1.173399999999999964e-02 -1.675000000000000057e-03
9.000000000000000000e+00 2.500000000000000000e+01 5.500000000000000000e+01 0.000000000000000000e+00 1.600000000000000089e+00 6.250000000000000130e-04 1.069999999999999988e-03 -9.999989999999999712e-01 -1.090799999999999929e-02 -9.999400000000000510e-01 -1.077000000000000049e-03 -9.999400000000000510e-01 1.090900000000000029e-02 -6.130000000000000466e-04
1.300000000000000000e+01 2.500000000000000000e+01 5.500000000000000000e+01 0.000000000000000000e+00 1.600000000000000089e+00 -1.240000000000000054e-04 -7.519999999999999558e-04 -1.000000000000000000e+00 -1.085799999999999960e-02 -9.999409999999999688e-01 7.529999999999999801e-04 -9.999409999999999688e-01 1.085799999999999960e-02 1.160000000000000007e-04
1.800000000000000000e+01 2.500000000000000000e+01 5.500000000000000000e+01 0.000000000000000000e+00 1.600000000000000089e+00 -9.829999999999999329e-04 5.779999999999999548e-04 -9.999989999999999712e-01 -1.032800000000000037e-02 -9.999460000000000015e-01 -5.680000000000000370e-04 -9.999460000000000015e-01 1.032800000000000037e-02 9.890000000000000787e-04
2.900000000000000000e+01 2.500000000000000000e+01 5.500000000000000000e+01 0.000000000000000000e+00 1.600000000000000089e+00 8.229999999999999469e-04 -5.935000000000000171e-03 -9.999820000000000375e-01 -1.244499999999999947e-02 -9.999050000000000438e-01 5.923999999999999579e-03 -9.999219999999999775e-01 1.243999999999999967e-02 -8.970000000000000109e-04
3.000000000000000000e+00 2.100000000000000000e+01 6.000000000000000000e+01 0.000000000000000000e+00 1.600000000000000089e+00 -2.053000000000000137e-03 3.889000000000000096e-03 9.999900000000000455e-01 -9.511899999999999522e-02 9.954579999999999540e-01 -4.067000000000000302e-03 -9.954640000000000155e-01 -9.512700000000000322e-02 -1.673999999999999924e-03
1.000000000000000000e+01 2.100000000000000000e+01 6.000000000000000000e+01 0.000000000000000000e+00 1.600000000000000089e+00 -6.970000000000000284e-04 4.300000000000000165e-05 1.000000000000000000e+00 -9.201499999999999957e-02 9.957580000000000320e-01 -1.069999999999999988e-04 -9.957570000000000032e-01 -9.201499999999999957e-02 -6.899999999999999667e-04
1.400000000000000000e+01 2.100000000000000000e+01 6.000000000000000000e+01 0.000000000000000000e+00 1.600000000000000089e+00 9.600000000000000243e-05 -1.669999999999999935e-04 1.000000000000000000e+00 -9.312600000000000044e-02 9.956540000000000390e-01 1.749999999999999982e-04 -9.956540000000000390e-01 -9.312600000000000044e-02 8.100000000000000375e-05
2.100000000000000000e+01 2.100000000000000000e+01 6.000000000000000000e+01 0.000000000000000000e+00 1.600000000000000089e+00 2.530000000000000239e-04 -7.740999999999999617e-03 9.999700000000000255e-01 -9.352900000000000102e-02 9.955869999999999997e-01 7.731000000000000025e-03 -9.956169999999999742e-01 -9.352800000000000002e-02 -4.719999999999999803e-04
2.800000000000000000e+01 2.100000000000000000e+01 6.000000000000000000e+01 0.000000000000000000e+00 1.600000000000000089e+00 -1.936000000000000004e-03 1.232999999999999938e-03 9.999970000000000248e-01 -9.381299999999999362e-02 9.955889999999999462e-01 -1.409000000000000096e-03 -9.955880000000000285e-01 -9.381599999999999662e-02 -1.812000000000000026e-03
6.000000000000000000e+00 6.700000000000000000e+01 6.000000000000000000e+01 0.000000000000000000e+00 1.600000000000000089e+00 1.978999999999999856e-03 1.283000000000000069e-03 9.999970000000000248e-01 1.741759999999999975e-01 -9.847139999999999782e-01 9.179999999999999792e-04 9.847120000000000317e-01 1.741739999999999955e-01 -2.171999999999999886e-03
2.900000000000000000e+01 6.000000000000000000e+00 6.100000000000000000e+01 0.000000000000000000e+00 1.600000000000000089e+00 1.611000000000000019e-03 -5.687000000000000215e-03 9.999829999999999552e-01 5.645259999999999723e-01 -8.253960000000000186e-01 -5.603999999999999607e-03 8.254139999999999810e-01 5.645250000000000545e-01 1.881000000000000076e-03
1.500000000000000000e+01 3.000000000000000000e+00 6.300000000000000000e+01 0.000000000000000000e+00 1.600000000000000089e+00 -5.810000000000000277e-04 3.699999999999999947e-04 1.000000000000000000e+00 -6.186270000000000380e-01 7.856840000000000490e-01 -6.499999999999999702e-04 -7.856849999999999667e-01 -6.186270000000000380e-01 -2.280000000000000126e-04
1.200000000000000000e+01 2.700000000000000000e+01 6.300000000000000000e+01 0.000000000000000000e+00 1.600000000000000089e+00 -9.840000000000000656e-04 -4.344999999999999904e-03 9.999900000000000455e-01 -2.774570000000000092e-01 9.607299999999999729e-01 3.900999999999999954e-03 -9.607379999999999809e-01 -2.774499999999999744e-01 -2.151000000000000134e-03
1.900000000000000000e+01 2.700000000000000000e+01 6.300000000000000000e+01 0.000000000000000000e+00 1.600000000000000089e+00 1.824000000000000100e-03 2.974000000000000081e-03 9.999940000000000495e-01 -2.770619999999999750e-01 9.608489999999999531e-01 -2.353000000000000057e-03 -9.608499999999999819e-01 -2.770560000000000245e-01 2.576000000000000165e-03
2.600000000000000000e+01 2.700000000000000000e+01 6.300000000000000000e+01 0.000000000000000000e+00 1.600000000000000089e+00 -1.482999999999999943e-03 1.931999999999999907e-03 9.999970000000000248e-01 -2.728010000000000157e-01 9.620680000000000343e-01 -2.263999999999999953e-03 -9.620689999999999520e-01 -2.728039999999999909e-01 -8.999999999999999754e-04
4.000000000000000000e+00 2.600000000000000000e+01 6.400000000000000000e+01 0.000000000000000000e+00 1.600000000000000089e+00 -6.200000000000000270e-05 -3.128999999999999837e-03 9.999949999999999672e-01 -3.669890000000000096e-01 9.302209999999999646e-01 2.887999999999999942e-03 -9.302249999999999686e-01 -3.669870000000000076e-01 -1.206000000000000041e-03
1.300000000000000000e+01 2.600000000000000000e+01 6.400000000000000000e+01 0.000000000000000000e+00 1.600000000000000089e+00 -5.770000000000000389e-04 -4.160999999999999768e-03 9.999909999999999632e-01 -3.702880000000000060e-01 9.289100000000000135e-01 3.651999999999999864e-03 -9.289169999999999927e-01 -3.702820000000000000e-01 -2.076999999999999853e-03
1.700000000000000000e+01 2.600000000000000000e+01 6.400000000000000000e+01 0.000000000000000000e+00 1.600000000000000089e+00 1.033999999999999980e-03 -1.131999999999999977e-03 9.999989999999999712e-01 -3.699999999999999956e-01 9.290310000000000512e-01 1.433999999999999945e-03 -9.290310000000000512e-01 -3.700010000000000243e-01 5.419999999999999471e-04
2.000000000000000000e+01 2.600000000000000000e+01 6.400000000000000000e+01 0.000000000000000000e+00 1.600000000000000089e+00 1.549000000000000030e-03 5.047000000000000271e-03 9.999860000000000415e-01 -3.675709999999999811e-01 9.299859999999999793e-01 -4.125000000000000194e-03 -9.299939999999999873e-01 -3.675590000000000246e-01 3.295999999999999885e-03
3.000000000000000000e+00 6.900000000000000000e+01 6.600000000000000000e+01 0.000000000000000000e+00 1.600000000000000089e+00 4.539999999999999765e-04 -3.847999999999999858e-03 9.999919999999999920e-01 -9.504310000000000258e-01 3.109319999999999862e-01 1.628000000000000107e-03 -3.109359999999999902e-01 -9.504240000000000466e-01 -3.516000000000000028e-03
1.000000000000000000e+01 6.900000000000000000e+01 6.600000000000000000e+01 0.000000000000000000e+00 1.600000000000000089e+00 6.048999999999999690e-03 1.002999999999999985e-03 9.999810000000000088e-01 -9.485740000000000283e-01 3.165100000000000136e-01 5.420000000000000338e-03 -3.164989999999999748e-01 -9.485890000000000155e-01 2.866000000000000058e-03
7.000000000000000000e+00 3.100000000000000000e+01 7.100000000000000000e+01 0.000000000000000000e+00 1.600000000000000089e+00 7.230000000000000098e-04 1.407999999999999963e-03 -9.999989999999999712e-01 -7.286909999999999776e-01 -6.848410000000000331e-01 -1.490999999999999921e-03 -6.848429999999999795e-01 7.286909999999999776e-01 5.310000000000000050e-04
4.000000000000000000e+00 2.500000000000000000e+01 7.300000000000000000e+01 0.000000000000000000e+00 1.600000000000000089e+00 -7.380000000000000492e-04 -3.050999999999999893e-03 9.999949999999999672e-01 7.537819999999999521e-01 -6.571230000000000127e-01 -1.448999999999999984e-03 6.571240000000000414e-01 7.537770000000000303e-01 2.785000000000000149e-03
1.700000000000000000e+01 2.500000000000000000e+01 7.300000000000000000e+01 0.000000000000000000e+00 1.600000000000000089e+00 -1.137999999999999906e-03 2.926999999999999914e-03 9.999949999999999672e-01 7.494269999999999543e-01 -6.620810000000000306e-01 2.791000000000000078e-03 6.620859999999999523e-01 7.494260000000000366e-01 -1.440000000000000091e-03
2.000000000000000000e+01 2.500000000000000000e+01 7.300000000000000000e+01 0.000000000000000000e+00 1.600000000000000089e+00 -2.180000000000000080e-03 -2.831000000000000183e-03 9.999940000000000495e-01 7.510829999999999451e-01 -6.602080000000000171e-01 -2.320000000000000014e-04 6.602040000000000131e-01 7.510780000000000234e-01 3.566000000000000159e-03
2.300000000000000000e+01 2.500000000000000000e+01 7.300000000000000000e+01 0.000000000000000000e+00 1.600000000000000089e+00 -3.364999999999999936e-03 -7.433999999999999636e-03 9.999670000000000503e-01 7.522280000000000078e-01 -6.588990000000000125e-01 -2.367000000000000180e-03 6.588939999999999797e-01 7.521949999999999470e-01 7.808999999999999969e-03
2.800000000000000000e+01 2.500000000000000000e+01 7.300000000000000000e+01 0.000000000000000000e+00 1.600000000000000089e+00 -1.500999999999999947e-03 -3.834999999999999867e-03 9.999919999999999920e-01 7.553220000000000489e-01 -6.553520000000000456e-01 -1.379999999999999933e-03 6.553520000000000456e-01 7.553140000000000409e-01 3.880000000000000202e-03
