1.500000000000000000e+01 1.000000000000000000e+01 7.000000000000000000e+00 0.000000000000000000e+00 1.600000000000000089e+00 3.272900000000000115e-02 -7.922999999999999488e-03 9.994330000000000158e-01 7.948389999999999622e-01 -6.060370000000000479e-01 -3.083400000000000030e-02 6.059369999999999479e-01 7.953970000000000207e-01 -1.353700000000000042e-02
9.000000000000000000e+00 1.010000000000000000e+02 7.000000000000000000e+00 0.000000000000000000e+00 1.600000000000000089e+00 9.569999999999999514e-04 -2.660000000000000146e-04 1.000000000000000000e+00 8.862269999999999870e-01 4.632510000000000239e-01 -7.249999999999999500e-04 -4.632499999999999951e-01 8.862269999999999870e-01 6.790000000000000245e-04
1.200000000000000000e+01 1.010000000000000000e+02 7.000000000000000000e+00 0.000000000000000000e+00 1.600000000000000089e+00 -1.859999999999999945e-04 -2.834000000000000147e-03 9.999959999999999960e-01 8.870590000000000419e-01 4.616540000000000088e-01 1.472999999999999917e-03 -4.616560000000000108e-01 8.870559999999999556e-01 2.428000000000000037e-03
2.000000000000000000e+01 1.010000000000000000e+02 7.000000000000000000e+00 0.000000000000000000e+00 1.600000000000000089e+00 -3.537000000000000213e-03 -1.565100000000000172e-02 9.998709999999999543e-01 8.882499999999999840e-01 4.592439999999999856e-01 1.033099999999999991e-02 -4.593470000000000053e-01 8.881719999999999615e-01 1.227699999999999972e-02
2.200000000000000000e+01 1.010000000000000000e+02 7.000000000000000000e+00 0.000000000000000000e+00 1.600000000000000089e+00 -3.229999999999999798e-03 -1.846000000000000071e-02 9.998240000000000460e-01 8.890959999999999974e-01 4.575810000000000155e-01 1.132099999999999947e-02 -4.577100000000000057e-01 8.889759999999999884e-01 1.493500000000000036e-02
2.600000000000000000e+01 1.010000000000000000e+02 7.000000000000000000e+00 0.000000000000000000e+00 1.600000000000000089e+00 -3.566000000000000159e-03 -1.178000000000000054e-02 9.999240000000000350e-01 8.905659999999999688e-01 4.547740000000000116e-01 8.533999999999999919e-03 -4.548400000000000221e-01 8.905290000000000150e-01 8.869000000000000147e-03
5.000000000000000000e+00 2.500000000000000000e+01 8.000000000000000000e+00 0.000000000000000000e+00 1.600000000000000089e+00 -2.269000000000000183e-03 1.188999999999999953e-03 -9.999970000000000248e-01 4.317819999999999991e-01 9.019779999999999465e-01 9.200000000000000007e-05 9.019749999999999712e-01 -4.317799999999999971e-01 -2.560000000000000209e-03
9.000000000000000000e+00 2.500000000000000000e+01 8.000000000000000000e+00 0.000000000000000000e+00 1.600000000000000089e+00 -2.028999999999999988e-03 -1.858999999999999975e-03 -9.999959999999999960e-01 4.324299999999999811e-01 9.016640000000000210e-01 -2.553999999999999847e-03 9.016650000000000498e-01 -4.324339999999999851e-01 -1.026000000000000002e-03
1.500000000000000000e+01 2.500000000000000000e+01 8.000000000000000000e+00 0.000000000000000000e+00 1.600000000000000089e+00 1.369999999999999907e-03 9.219999999999999680e-04 -9.999989999999999712e-01 4.368139999999999801e-01 8.995509999999999895e-01 1.428000000000000016e-03 8.995509999999999895e-01 -4.368150000000000088e-01 8.300000000000000086e-04
2.100000000000000000e+01 2.500000000000000000e+01 8.000000000000000000e+00 0.000000000000000000e+00 1.600000000000000089e+00 2.930000000000000204e-04 2.439000000000000196e-03 -9.999970000000000248e-01 4.358730000000000104e-01 9.000050000000000550e-01 2.321999999999999845e-03 9.000080000000000302e-01 -4.358719999999999817e-01 -8.000000000000000383e-04
2.600000000000000000e+01 2.500000000000000000e+01 8.000000000000000000e+00 0.000000000000000000e+00 1.600000000000000089e+00 -2.776999999999999955e-03 -5.289999999999999564e-04 -9.999959999999999960e-01 4.362179999999999946e-01 8.998399999999999732e-01 -1.688000000000000047e-03 8.998369999999999980e-01 -4.362210000000000254e-01 -2.268000000000000051e-03
4.000000000000000000e+00 2.400000000000000000e+01 9.000000000000000000e+00 0.000000000000000000e+00 1.600000000000000089e+00 -8.660000000000000163e-04 2.062000000000000031e-03 -9.999970000000000248e-01 4.371510000000000118e-01 8.993870000000000475e-01 1.476000000000000098e-03 8.993879999999999653e-01 -4.371490000000000098e-01 -1.680000000000000070e-03
1.200000000000000000e+01 2.400000000000000000e+01 9.000000000000000000e+00 0.000000000000000000e+00 1.600000000000000089e+00 -5.800000000000000034e-04 -2.413999999999999913e-03 -9.999970000000000248e-01 4.409750000000000059e-01 8.975159999999999805e-01 -2.422999999999999807e-03 8.975189999999999557e-01 -4.409750000000000059e-01 5.439999999999999957e-04
1.500000000000000000e+01 2.400000000000000000e+01 9.000000000000000000e+00 0.000000000000000000e+00 1.600000000000000089e+00 1.314000000000000064e-03 6.139999999999999625e-04 -9.999989999999999712e-01 4.435140000000000193e-01 8.962670000000000359e-01 1.132999999999999893e-03 8.962660000000000071e-01 -4.435149999999999926e-01 9.060000000000000128e-04
1.800000000000000000e+01 2.400000000000000000e+01 9.000000000000000000e+00 0.000000000000000000e+00 1.600000000000000089e+00 1.317000000000000028e-03 4.092000000000000151e-03 -9.999909999999999632e-01 4.432110000000000216e-01 8.964069999999999538e-01 4.251999999999999703e-03 8.964170000000000194e-01 -4.432119999999999949e-01 -6.329999999999999906e-04
2.600000000000000000e+01 2.400000000000000000e+01 9.000000000000000000e+00 0.000000000000000000e+00 1.600000000000000089e+00 -2.834000000000000147e-03 -7.609999999999999577e-04 -9.999959999999999960e-01 4.428710000000000147e-01 8.965830000000000188e-01 -1.936999999999999920e-03 8.965809999999999613e-01 -4.428739999999999899e-01 -2.203999999999999796e-03
2.900000000000000000e+01 8.000000000000000000e+00 1.000000000000000000e+01 0.000000000000000000e+00 1.600000000000000089e+00 1.293300000000000005e-02 -3.481000000000000153e-03 -9.999099999999999655e-01 -9.918529999999999847e-01 -1.267840000000000078e-01 -1.238700000000000044e-02 -1.267300000000000093e-01 9.919240000000000279e-01 -5.092000000000000172e-03
2.000000000000000000e+00 4.000000000000000000e+00 1.100000000000000000e+01 0.000000000000000000e+00 1.600000000000000089e+00 -1.420000000000000038e-03 5.238799999999999707e-02 9.986260000000000137e-01 1.721199999999999952e-01 -9.837099999999999733e-01 5.185000000000000026e-02 9.850750000000000339e-01 1.719569999999999987e-01 -7.620000000000000037e-03
1.800000000000000000e+01 4.000000000000000000e+00 1.100000000000000000e+01 0.000000000000000000e+00 1.600000000000000089e+00 4.970000000000000459e-04 -2.264000000000000040e-02 9.997439999999999660e-01 1.745230000000000115e-01 -9.843990000000000240e-01 -2.237899999999999959e-02 9.846530000000000005e-01 1.744900000000000062e-01 3.461999999999999800e-03
2.400000000000000000e+01 4.000000000000000000e+00 1.100000000000000000e+01 0.000000000000000000e+00 1.600000000000000089e+00 2.324000000000000111e-03 -1.221000000000000037e-02 9.999230000000000063e-01 1.774840000000000029e-01 -9.840449999999999475e-01 -1.242900000000000081e-02 9.841210000000000235e-01 1.774989999999999901e-01 -1.200000000000000030e-04
3.000000000000000000e+00 3.200000000000000000e+01 1.400000000000000000e+01 0.000000000000000000e+00 1.600000000000000089e+00 -6.689999999999999983e-04 -3.977999999999999765e-03 -9.999919999999999920e-01 1.306380000000000041e-01 9.914220000000000255e-01 -4.031999999999999994e-03 9.914300000000000335e-01 -1.306390000000000051e-01 -1.440000000000000036e-04
1.600000000000000000e+01 3.200000000000000000e+01 1.400000000000000000e+01 0.000000000000000000e+00 1.600000000000000089e+00 -5.850000000000000165e-04 6.000000000000000152e-06 -1.000000000000000000e+00 1.217769999999999964e-01 9.925580000000000513e-01 -6.499999999999999431e-05 9.925570000000000226e-01 -1.217769999999999964e-01 -5.820000000000000520e-04
2.000000000000000000e+01 3.200000000000000000e+01 1.400000000000000000e+01 0.000000000000000000e+00 1.600000000000000089e+00 1.910000000000000077e-04 4.377999999999999947e-03 -9.999900000000000455e-01 1.217860000000000054e-01 9.925469999999999571e-01 4.368000000000000355e-03 9.925559999999999938e-01 -1.217860000000000054e-01 -3.429999999999999889e-04
2.900000000000000000e+01 3.200000000000000000e+01 1.400000000000000000e+01 0.000000000000000000e+00 1.600000000000000089e+00 -2.550999999999999882e-03 -2.619999999999999933e-03 -9.999930000000000208e-01 1.233159999999999951e-01 9.923629999999999951e-01 -2.915000000000000056e-03 9.923640000000000239e-01 -1.233230000000000021e-01 -2.209000000000000026e-03
6.000000000000000000e+00 1.200000000000000000e+01 1.600000000000000000e+01 0.000000000000000000e+00 1.600000000000000089e+00 1.482999999999999943e-03 -5.500000000000000331e-04 9.999989999999999712e-01 2.637189999999999812e-01 -9.645989999999999842e-01 -9.210000000000000521e-04 9.645979999999999555e-01 2.637200000000000100e-01 -1.284999999999999901e-03
3.000000000000000000e+00 1.160000000000000000e+02 1.600000000000000000e+01 0.000000000000000000e+00 1.600000000000000089e+00 -4.551999999999999623e-03 -2.501999999999999884e-03 9.999869999999999592e-01 7.577049999999999619e-01 6.525779999999999914e-01 5.081999999999999712e-03 -6.525819999999999954e-01 7.577180000000000026e-01 -1.075000000000000001e-03
2.000000000000000000e+01 1.160000000000000000e+02 1.600000000000000000e+01 0.000000000000000000e+00 1.600000000000000089e+00 1.631000000000000071e-03 -2.779999999999999811e-04 9.999989999999999712e-01 7.002169999999999783e-01 7.139299999999999535e-01 -9.430000000000000448e-04 -7.139280000000000070e-01 7.002169999999999783e-01 1.358999999999999965e-03
6.000000000000000000e+00 2.000000000000000000e+00 1.900000000000000000e+01 0.000000000000000000e+00 1.600000000000000089e+00 1.759999999999999954e-04 -2.039600000000000093e-02 -9.997920000000000140e-01 3.566320000000000046e-01 -9.340490000000000181e-01 1.911799999999999958e-02 -9.342449999999999921e-01 -3.565610000000000168e-01 7.108999999999999868e-03
1.600000000000000000e+01 2.000000000000000000e+00 1.900000000000000000e+01 0.000000000000000000e+00 1.600000000000000089e+00 6.193999999999999853e-03 -1.756399999999999975e-02 -9.998270000000000213e-01 3.592650000000000010e-01 -9.330500000000000460e-01 1.861600000000000060e-02 -9.332150000000000167e-01 -3.593180000000000263e-01 5.310000000000000050e-04
7.000000000000000000e+00 3.000000000000000000e+00 1.900000000000000000e+01 0.000000000000000000e+00 1.600000000000000089e+00 -5.730000000000000501e-04 -2.170000000000000054e-02 -9.997639999999999860e-01 3.391680000000000250e-01 -9.405090000000000394e-01 2.021900000000000086e-02 -9.407259999999999511e-01 -3.390759999999999885e-01 7.898999999999999772e-03
1.700000000000000000e+01 3.000000000000000000e+00 1.900000000000000000e+01 0.000000000000000000e+00 1.600000000000000089e+00 4.721999999999999635e-03 -1.026900000000000035e-02 -9.999360000000000470e-01 3.316649999999999876e-01 -9.433300000000000018e-01 1.125400000000000011e-02 -9.433859999999999468e-01 -3.316970000000000196e-01 -1.049000000000000019e-03
2.100000000000000000e+01 3.000000000000000000e+00 1.900000000000000000e+01 0.000000000000000000e+00 1.600000000000000089e+00 3.829999999999999854e-04 -1.019999999999999992e-04 -1.000000000000000000e+00 3.330620000000000247e-01 -9.429049999999999931e-01 2.239999999999999966e-04 -9.429049999999999931e-01 -3.330620000000000247e-01 -3.280000000000000038e-04
2.500000000000000000e+01 3.000000000000000000e+00 1.900000000000000000e+01 0.000000000000000000e+00 1.600000000000000089e+00 -4.270000000000000358e-03 1.895099999999999910e-02 -9.998110000000000053e-01 3.380569999999999964e-01 -9.409279999999999866e-01 -1.927900000000000100e-02 -9.411159999999999526e-01 -3.380750000000000144e-01 -2.389000000000000064e-03
2.800000000000000000e+01 3.000000000000000000e+00 1.900000000000000000e+01 0.000000000000000000e+00 1.600000000000000089e+00 -7.434999999999999769e-03 2.308699999999999988e-02 -9.997059999999999835e-01 3.415259999999999962e-01 -9.395599999999999508e-01 -2.423799999999999913e-02 -9.398429999999999840e-01 -3.416060000000000207e-01 -8.989999999999999511e-04
4.000000000000000000e+00 1.300000000000000000e+01 2.000000000000000000e+01 0.000000000000000000e+00 1.600000000000000089e+00 8.760000000000000425e-04 3.197999999999999888e-03 9.999949999999999672e-01 2.632309999999999928e-01 9.647270000000000012e-01 -3.315999999999999937e-03 -9.647329999999999517e-01 2.632320000000000215e-01 3.999999999999999819e-06
8.000000000000000000e+00 1.300000000000000000e+01 2.000000000000000000e+01 0.000000000000000000e+00 1.600000000000000089e+00 7.609999999999999577e-04 4.856000000000000073e-03 9.999879999999999880e-01 2.635689999999999977e-01 9.646280000000000410e-01 -4.884999999999999586e-03 -9.646400000000000530e-01 2.635689999999999977e-01 -5.460000000000000443e-04
1.200000000000000000e+01 1.300000000000000000e+01 2.000000000000000000e+01 0.000000000000000000e+00 1.600000000000000089e+00 5.770000000000000389e-04 1.105000000000000079e-03 9.999989999999999712e-01 2.614469999999999850e-01 9.652169999999999916e-01 -1.217999999999999899e-03 -9.652180000000000204e-01 2.614480000000000137e-01 2.680000000000000090e-04
1.900000000000000000e+01 1.300000000000000000e+01 2.000000000000000000e+01 0.000000000000000000e+00 1.600000000000000089e+00 -1.420000000000000092e-04 -1.283000000000000069e-03 9.999989999999999712e-01 2.595830000000000082e-01 9.657200000000000228e-01 1.275000000000000092e-03 -9.657210000000000516e-01 2.595830000000000082e-01 1.959999999999999937e-04
2.300000000000000000e+01 1.300000000000000000e+01 2.000000000000000000e+01 0.000000000000000000e+00 1.600000000000000089e+00 7.780000000000000457e-04 -1.381000000000000066e-03 9.999989999999999712e-01 2.585870000000000113e-01 9.659870000000000401e-01 1.132999999999999893e-03 -9.659879999999999578e-01 2.585859999999999825e-01 1.108999999999999960e-03
2.900000000000000000e+01 1.300000000000000000e+01 2.000000000000000000e+01 0.000000000000000000e+00 1.600000000000000089e+00 -9.319999999999999942e-04 -4.177000000000000157e-03 9.999909999999999632e-01 2.588969999999999883e-01 9.658959999999999768e-01 4.276000000000000287e-03 -9.659050000000000136e-01 2.588980000000000170e-01 1.810000000000000085e-04
4.000000000000000000e+00 1.600000000000000000e+01 2.100000000000000000e+01 0.000000000000000000e+00 1.600000000000000089e+00 7.500000000000000156e-04 3.328999999999999928e-03 9.999940000000000495e-01 2.997560000000000224e-01 9.540100000000000247e-01 -3.400999999999999943e-03 -9.540149999999999464e-01 2.997569999999999957e-01 -2.829999999999999942e-04
1.100000000000000000e+01 1.600000000000000000e+01 2.100000000000000000e+01 0.000000000000000000e+00 1.600000000000000089e+00 3.609999999999999928e-04 2.671000000000000197e-03 9.999959999999999960e-01 2.991219999999999990e-01 9.542110000000000314e-01 -2.657000000000000074e-03 -9.542150000000000354e-01 2.991219999999999990e-01 -4.539999999999999765e-04
1.000000000000000000e+01 2.000000000000000000e+00 2.500000000000000000e+01 0.000000000000000000e+00 1.600000000000000089e+00 1.016399999999999942e-02 -3.532400000000000123e-02 9.993239999999999901e-01 8.536199999999999344e-02 -9.956970000000000542e-01 -3.606399999999999884e-02 9.962980000000000169e-01 8.567099999999999715e-02 -7.105000000000000204e-03
9.000000000000000000e+00 3.000000000000000000e+00 2.500000000000000000e+01 0.000000000000000000e+00 1.600000000000000089e+00 5.898999999999999730e-03 -3.119900000000000104e-02 9.994960000000000511e-01 4.073000000000000231e-03 -9.995039999999999480e-01 -3.122300000000000075e-02 9.999740000000000295e-01 4.255000000000000102e-03 -5.768999999999999823e-03
1.600000000000000000e+01 3.000000000000000000e+00 2.500000000000000000e+01 0.000000000000000000e+00 1.600000000000000089e+00 3.078000000000000007e-03 -1.056099999999999921e-02 9.999400000000000510e-01 -3.282399999999999901e-02 -9.994060000000000166e-01 -1.045500000000000075e-02 9.994560000000000111e-01 -3.278999999999999970e-02 -3.422999999999999828e-03
2.200000000000000000e+01 3.000000000000000000e+00 2.500000000000000000e+01 0.000000000000000000e+00 1.600000000000000089e+00 -1.541999999999999968e-03 1.866000000000000037e-03 9.999970000000000248e-01 -3.398099999999999732e-02 -9.994210000000000038e-01 1.812000000000000026e-03 9.994210000000000038e-01 -3.397800000000000126e-02 1.605000000000000090e-03
2.200000000000000000e+01 4.600000000000000000e+01 2.700000000000000000e+01 0.000000000000000000e+00 1.600000000000000089e+00 -1.319999999999999993e-03 -1.689999999999999879e-04 -9.999989999999999712e-01 6.764149999999999885e-01 7.365199999999999525e-01 -1.016999999999999892e-03 7.365199999999999525e-01 -6.764160000000000172e-01 -8.580000000000000387e-04
4.000000000000000000e+00 4.600000000000000000e+01 3.500000000000000000e+01 0.000000000000000000e+00 1.600000000000000089e+00 -1.294999999999999927e-03 -2.797000000000000007e-03 -9.999949999999999672e-01 3.914349999999999774e-01 -9.202029999999999932e-01 2.066999999999999827e-03 -9.202050000000000507e-01 -3.914309999999999734e-01 2.286999999999999970e-03
1.200000000000000000e+01 4.600000000000000000e+01 3.500000000000000000e+01 0.000000000000000000e+00 1.600000000000000089e+00 -4.000000000000000327e-05 1.789999999999999870e-04 -1.000000000000000000e+00 3.917209999999999859e-01 -9.200840000000000130e-01 -1.800000000000000113e-04 -9.200840000000000130e-01 -3.917209999999999859e-01 -3.300000000000000253e-05
2.200000000000000000e+01 4.600000000000000000e+01 3.500000000000000000e+01 0.000000000000000000e+00 1.600000000000000089e+00 -1.260000000000000052e-03 -1.069999999999999988e-04 -9.999989999999999712e-01 3.906959999999999877e-01 -9.205200000000000049e-01 -3.939999999999999817e-04 -9.205189999999999761e-01 -3.906959999999999877e-01 1.201999999999999943e-03
2.900000000000000000e+01 4.600000000000000000e+01 3.500000000000000000e+01 0.000000000000000000e+00 1.600000000000000089e+00 -1.276000000000000007e-03 -1.445000000000000104e-03 -9.999980000000000535e-01 3.891629999999999812e-01 -9.211679999999999868e-01 8.350000000000000217e-04 -9.211679999999999868e-01 -3.891609999999999792e-01 1.737999999999999962e-03
1.400000000000000000e+01 9.500000000000000000e+01 3.600000000000000000e+01 0.000000000000000000e+00 1.600000000000000089e+00 3.180000000000000101e-03 9.645000000000000795e-03 9.999479999999999480e-01 9.967019999999999769e-01 8.105099999999999805e-02 -3.950999999999999651e-03 -8.108500000000000429e-02 9.966629999999999656e-01 -9.355000000000000468e-03
2.000000000000000000e+01 9.500000000000000000e+01 3.600000000000000000e+01 0.000000000000000000e+00 1.600000000000000089e+00 2.784000000000000016e-03 5.961000000000000153e-03 9.999780000000000335e-01 9.962419999999999609e-01 8.655000000000000193e-02 -3.289999999999999956e-03 -8.656800000000000606e-02 9.962299999999999489e-01 -5.696999999999999807e-03
7.000000000000000000e+00 9.500000000000000000e+01 3.700000000000000000e+01 0.000000000000000000e+00 1.600000000000000089e+00 -1.735999999999999913e-03 -1.146699999999999976e-02 9.999329999999999607e-01 9.948320000000000496e-01 1.014909999999999979e-01 2.890999999999999907e-03 -1.015169999999999961e-01 9.947700000000000431e-01 1.123200000000000066e-02
3.000000000000000000e+00 2.900000000000000000e+01 4.400000000000000000e+01 0.000000000000000000e+00 1.600000000000000089e+00 -2.177000000000000116e-03 -3.288000000000000124e-03 -9.999919999999999920e-01 6.590219999999999967e-01 7.521139999999999493e-01 -3.908000000000000015e-03 7.521210000000000395e-01 -6.590249999999999719e-01 5.289999999999999564e-04
1.200000000000000000e+01 2.900000000000000000e+01 4.400000000000000000e+01 0.000000000000000000e+00 1.600000000000000089e+00 3.060000000000000111e-04 -1.840000000000000001e-04 -1.000000000000000000e+00 6.616060000000000274e-01 7.498510000000000453e-01 6.399999999999999710e-05 7.498510000000000453e-01 -6.616060000000000274e-01 3.510000000000000208e-04
2.200000000000000000e+01 2.900000000000000000e+01 4.400000000000000000e+01 0.000000000000000000e+00 1.600000000000000089e+00 -6.999999999999999387e-05 2.224999999999999981e-03 -9.999970000000000248e-01 6.617539999999999534e-01 7.497200000000000530e-01 1.621000000000000045e-03 7.497209999999999708e-01 -6.617520000000000069e-01 -1.525000000000000097e-03
2.600000000000000000e+01 2.900000000000000000e+01 4.400000000000000000e+01 0.000000000000000000e+00 1.600000000000000089e+00 -1.265999999999999981e-03 3.302999999999999946e-03 -9.999940000000000495e-01 6.441109999999999891e-01 7.649310000000000276e-01 1.711999999999999980e-03 7.649310000000000276e-01 -6.441040000000000099e-01 -3.095999999999999794e-03
1.700000000000000000e+01 5.000000000000000000e+00 5.100000000000000000e+01 0.000000000000000000e+00 1.600000000000000089e+00 -1.800000000000000113e-04 7.115999999999999930e-03 -9.999749999999999472e-01 4.884569999999999745e-01 -8.725659999999999528e-01 -6.297999999999999779e-03 -8.725880000000000303e-01 -4.884450000000000180e-01 -3.318999999999999902e-03
2.000000000000000000e+01 6.000000000000000000e+00 5.100000000000000000e+01 0.000000000000000000e+00 1.600000000000000089e+00 6.899999999999999667e-05 4.375000000000000416e-03 -9.999900000000000455e-01 3.151010000000000200e-01 -9.490490000000000315e-01 -4.129999999999999991e-03 -9.490579999999999572e-01 -3.150979999999999892e-01 -1.443999999999999971e-03
2.000000000000000000e+00 1.150000000000000000e+02 5.100000000000000000e+01 0.000000000000000000e+00 1.600000000000000089e+00 -3.481000000000000153e-03 -3.648000000000000201e-03 9.999869999999999592e-01 8.477489999999999748e-01 -5.303959999999999786e-01 1.015999999999999976e-03 5.303849999999999953e-01 8.477419999999999956e-01 4.937999999999999681e-03
6.000000000000000000e+00 1.150000000000000000e+02 5.100000000000000000e+01 0.000000000000000000e+00 1.600000000000000089e+00 3.800000000000000209e-05 5.569999999999999864e-04 1.000000000000000000e+00 8.466970000000000329e-01 -5.320749999999999647e-01 2.640000000000000202e-04 5.320749999999999647e-01 8.466970000000000329e-01 -4.920000000000000328e-04
8.000000000000000000e+00 6.300000000000000000e+01 5.400000000000000000e+01 0.000000000000000000e+00 1.600000000000000089e+00 1.423000000000000003e-03 -2.027999999999999855e-03 9.999970000000000248e-01 -3.462819999999999787e-01 9.381270000000000442e-01 2.394999999999999993e-03 -9.381289999999999907e-01 -3.462850000000000095e-01 6.329999999999999906e-04
1.200000000000000000e+01 6.300000000000000000e+01 5.400000000000000000e+01 0.000000000000000000e+00 1.600000000000000089e+00 -7.500000000000000156e-04 9.070000000000000371e-04 9.999989999999999712e-01 -3.423200000000000132e-01 9.395829999999999460e-01 -1.108999999999999960e-03 -9.395829999999999460e-01 -3.423200000000000132e-01 -3.939999999999999817e-04
2.100000000000000000e+01 6.300000000000000000e+01 5.400000000000000000e+01 0.000000000000000000e+00 1.600000000000000089e+00 -2.369999999999999874e-04 2.910999999999999959e-03 9.999959999999999960e-01 -3.462509999999999755e-01 9.381380000000000274e-01 -2.811999999999999830e-03 -9.381420000000000314e-01 -3.462500000000000022e-01 7.860000000000000233e-04
1.600000000000000000e+01 2.500000000000000000e+01 5.500000000000000000e+01 0.000000000000000000e+00 1.600000000000000089e+00 1.234999999999999987e-03 4.800000000000000122e-05 -9.999989999999999712e-01 -1.157700000000000048e-02 -9.999329999999999607e-01 -6.200000000000000270e-05 -9.999320000000000430e-01 1.157700000000000048e-02 -1.234000000000000071e-03
2.300000000000000000e+01 2.500000000000000000e+01 5.500000000000000000e+01 0.000000000000000000e+00 1.600000000000000089e+00 -1.340000000000000045e-04 1.585999999999999953e-03 -9.999989999999999712e-01 -1.142899999999999992e-02 -9.999329999999999607e-01 -1.583999999999999905e-03 -9.999350000000000183e-01 1.142899999999999992e-02 1.520000000000000084e-04
2.000000000000000000e+01 2.000000000000000000e+01 6.000000000000000000e+01 0.000000000000000000e+00 1.600000000000000089e+00 -7.770000000000000214e-04 -3.680000000000000003e-04 1.000000000000000000e+00 -6.275000000000000022e-02 9.980290000000000550e-01 3.179999999999999776e-04 -9.980290000000000550e-01 -6.275000000000000022e-02 -7.979999999999999897e-04
2.500000000000000000e+01 2.000000000000000000e+01 6.000000000000000000e+01 0.000000000000000000e+00 1.600000000000000089e+00 1.613000000000000067e-03 2.141000000000000108e-03 9.999959999999999960e-01 -6.148399999999999699e-02 9.981060000000000487e-01 -2.037999999999999881e-03 -9.981069999999999665e-01 -6.147999999999999993e-02 1.740999999999999926e-03
5.000000000000000000e+00 2.100000000000000000e+01 6.000000000000000000e+01 0.000000000000000000e+00 1.600000000000000089e+00 1.056999999999999997e-03 -1.038000000000000077e-03 9.999989999999999712e-01 -9.266699999999999937e-02 9.956960000000000255e-01 1.131000000000000061e-03 -9.956970000000000542e-01 -9.266800000000000037e-02 9.560000000000000355e-04
1.200000000000000000e+01 2.100000000000000000e+01 6.000000000000000000e+01 0.000000000000000000e+00 1.600000000000000089e+00 -5.240000000000000517e-04 7.232999999999999846e-03 9.999740000000000295e-01 -9.701400000000000301e-02 9.952569999999999473e-01 -7.249000000000000235e-03 -9.952830000000000288e-01 -9.701500000000000401e-02 1.800000000000000113e-04
1.600000000000000000e+01 2.100000000000000000e+01 6.000000000000000000e+01 0.000000000000000000e+00 1.600000000000000089e+00 1.319999999999999993e-03 3.305000000000000212e-03 9.999940000000000495e-01 -9.618899999999999673e-02 9.953579999999999650e-01 -3.163000000000000013e-03 -9.953619999999999690e-01 -9.618400000000000560e-02 1.631999999999999987e-03
2.800000000000000000e+01 2.100000000000000000e+01 6.000000000000000000e+01 0.000000000000000000e+00 1.600000000000000089e+00 6.319999999999999663e-04 -2.537999999999999892e-03 9.999970000000000248e-01 -9.527800000000000158e-02 9.954469999999999708e-01 2.586999999999999890e-03 -9.954499999999999460e-01 -9.527900000000000258e-02 3.869999999999999742e-04
2.300000000000000000e+01 6.700000000000000000e+01 6.000000000000000000e+01 0.000000000000000000e+00 1.600000000000000089e+00 -7.839999999999999747e-04 -4.112000000000000204e-03 9.999909999999999632e-01 1.726429999999999909e-01 -9.849769999999999914e-01 -3.915000000000000077e-03 9.849839999999999707e-01 1.726389999999999869e-01 1.482000000000000027e-03
1.300000000000000000e+01 3.000000000000000000e+00 6.300000000000000000e+01 0.000000000000000000e+00 1.600000000000000089e+00 1.304000000000000038e-03 -5.462999999999999974e-03 9.999839999999999840e-01 -6.122499999999999609e-01 7.906480000000000175e-01 5.118000000000000153e-03 -7.906630000000000047e-01 -6.122469999999999857e-01 -2.314000000000000085e-03
5.000000000000000000e+00 2.700000000000000000e+01 6.300000000000000000e+01 0.000000000000000000e+00 1.600000000000000089e+00 -1.077000000000000049e-03 8.550999999999999573e-03 9.999630000000000463e-01 -2.701629999999999865e-01 9.627769999999999939e-01 -8.524000000000000327e-03 -9.628139999999999477e-01 -2.701620000000000132e-01 1.273999999999999959e-03
1.200000000000000000e+01 2.700000000000000000e+01 6.300000000000000000e+01 0.000000000000000000e+00 1.600000000000000089e+00 6.329999999999999906e-04 -9.282000000000000320e-03 9.999569999999999848e-01 -2.747709999999999875e-01 9.614669999999999606e-01 9.098999999999999450e-03 -9.615099999999999758e-01 -2.747649999999999815e-01 -1.941999999999999933e-03
1.600000000000000000e+01 2.700000000000000000e+01 6.300000000000000000e+01 0.000000000000000000e+00 1.600000000000000089e+00 3.075000000000000042e-03 -4.593999999999999993e-03 9.999850000000000128e-01 -2.733479999999999799e-01 9.619010000000000060e-01 5.258999999999999786e-03 -9.619100000000000428e-01 -2.733599999999999919e-01 1.701999999999999954e-03
2.100000000000000000e+01 2.700000000000000000e+01 6.300000000000000000e+01 0.000000000000000000e+00 1.600000000000000089e+00 4.970000000000000459e-04 -1.882999999999999908e-03 9.999980000000000535e-01 -2.717589999999999728e-01 9.623629999999999685e-01 1.946999999999999946e-03 -9.623650000000000260e-01 -2.717600000000000016e-01 -3.399999999999999973e-05
2.900000000000000000e+01 2.700000000000000000e+01 6.300000000000000000e+01 0.000000000000000000e+00 1.600000000000000089e+00 -2.530000000000000239e-04 -6.837000000000000195e-03 9.999770000000000048e-01 -2.749099999999999877e-01 9.614479999999999693e-01 6.504000000000000233e-03 -9.614700000000000468e-01 -2.749019999999999797e-01 -2.122000000000000188e-03
6.000000000000000000e+00 2.600000000000000000e+01 6.400000000000000000e+01 0.000000000000000000e+00 1.600000000000000089e+00 -3.366000000000000068e-03 6.198000000000000384e-03 9.999749999999999472e-01 -3.647400000000000087e-01 9.310829999999999940e-01 -6.997999999999999880e-03 -9.311030000000000140e-01 -3.647549999999999959e-01 -8.729999999999999696e-04
1.300000000000000000e+01 2.600000000000000000e+01 6.400000000000000000e+01 0.000000000000000000e+00 1.600000000000000089e+00 2.871999999999999987e-03 -6.780999999999999701e-03 9.999730000000000008e-01 -3.709669999999999912e-01 9.286170000000000258e-01 7.361999999999999621e-03 -9.286410000000000498e-01 -3.709779999999999744e-01 1.520000000000000084e-04
1.700000000000000000e+01 2.600000000000000000e+01 6.400000000000000000e+01 0.000000000000000000e+00 1.600000000000000089e+00 2.645999999999999915e-03 -2.762000000000000132e-03 9.999930000000000208e-01 -3.657540000000000235e-01 9.307050000000000045e-01 3.537999999999999912e-03 -9.307079999999999798e-01 -3.657599999999999740e-01 1.453000000000000081e-03
2.200000000000000000e+01 2.600000000000000000e+01 6.400000000000000000e+01 0.000000000000000000e+00 1.600000000000000089e+00 9.799999999999999684e-04 -3.970999999999999704e-03 9.999919999999999920e-01 -3.646750000000000269e-01 9.311260000000000092e-01 4.054999999999999577e-03 -9.311340000000000172e-01 -3.646760000000000002e-01 -5.349999999999999938e-04
2.700000000000000000e+01 2.600000000000000000e+01 6.400000000000000000e+01 0.000000000000000000e+00 1.600000000000000089e+00 3.970000000000000005e-04 -4.266999999999999960e-03 9.999909999999999632e-01 -3.678520000000000123e-01 9.298750000000000071e-01 4.113999999999999602e-03 -9.298840000000000439e-01 -3.678500000000000103e-01 -1.201000000000000028e-03
3.000000000000000000e+01 2.600000000000000000e+01 6.400000000000000000e+01 0.000000000000000000e+00 1.600000000000000089e+00 4.119999999999999856e-04 -6.485999999999999578e-03 9.999789999999999512e-01 -3.685140000000000082e-01 9.296020000000000394e-01 6.180999999999999862e-03 -9.296219999999999484e-01 -3.685089999999999755e-01 -2.007000000000000103e-03
1.300000000000000000e+01 6.900000000000000000e+01 6.600000000000000000e+01 0.000000000000000000e+00 1.600000000000000089e+00 -4.151000000000000176e-03 -3.449999999999999942e-03 9.999850000000000128e-01 -9.467100000000000515e-01 3.220740000000000269e-01 -2.818999999999999891e-03 -3.220589999999999842e-01 -9.467079999999999940e-01 -4.603000000000000320e-03
1.800000000000000000e+01 6.900000000000000000e+01 6.600000000000000000e+01 0.000000000000000000e+00 1.600000000000000089e+00 9.060000000000000128e-04 -1.420999999999999954e-03 9.999989999999999712e-01 -9.467210000000000347e-01 3.220509999999999762e-01 1.314999999999999980e-03 -3.220520000000000049e-01 -9.467210000000000347e-01 -1.054000000000000032e-03
2.700000000000000000e+01 6.900000000000000000e+01 6.600000000000000000e+01 0.000000000000000000e+00 1.600000000000000089e+00 -2.250999999999999963e-03 -6.122999999999999970e-03 9.999789999999999512e-01 -9.477349999999999941e-01 3.190569999999999795e-01 -1.800000000000000113e-04 -3.190490000000000270e-01 -9.477160000000000029e-01 -6.520999999999999887e-03
6.000000000000000000e+00 2.500000000000000000e+01 7.300000000000000000e+01 0.000000000000000000e+00 1.600000000000000089e+00 4.139999999999999800e-04 -7.609999999999999577e-04 1.000000000000000000e+00 7.541269999999999918e-01 -6.567279999999999784e-01 -8.120000000000000048e-04 6.567279999999999784e-01 7.541280000000000205e-01 3.020000000000000223e-04
1.400000000000000000e+01 2.500000000000000000e+01 7.300000000000000000e+01 0.000000000000000000e+00 1.600000000000000089e+00 1.951000000000000043e-03 3.199999999999999855e-05 9.999980000000000535e-01 7.600710000000000521e-01 -6.498380000000000267e-01 -1.461999999999999975e-03 6.498369999999999980e-01 7.600729999999999986e-01 -1.291999999999999963e-03
2.100000000000000000e+01 2.500000000000000000e+01 7.300000000000000000e+01 0.000000000000000000e+00 1.600000000000000089e+00 -1.013999999999999927e-03 -1.955000000000000140e-03 9.999980000000000535e-01 7.554950000000000276e-01 -6.551540000000000141e-01 -5.150000000000000498e-04 6.551529999999999854e-01 7.554929999999999701e-01 2.141000000000000108e-03
8.000000000000000000e+00 4.400000000000000000e+01 7.300000000000000000e+01 0.000000000000000000e+00 1.600000000000000089e+00 6.999999999999999895e-06 1.363000000000000062e-03 9.999989999999999712e-01 5.492899999999999866e-02 -9.984889999999999599e-01 1.361000000000000014e-03 9.984899999999999887e-01 5.492799999999999766e-02 -8.200000000000000095e-05
1.500000000000000000e+01 4.400000000000000000e+01 7.300000000000000000e+01 0.000000000000000000e+00 1.600000000000000089e+00 -2.959999999999999849e-04 -1.258999999999999920e-03 9.999989999999999712e-01 5.515599999999999670e-02 -9.984769999999999479e-01 -1.240999999999999916e-03 9.984779999999999767e-01 5.515599999999999670e-02 3.649999999999999816e-04
2.100000000000000000e+01 4.400000000000000000e+01 7.300000000000000000e+01 0.000000000000000000e+00 1.600000000000000089e+00 8.260000000000000198e-04 2.999999999999999737e-04 1.000000000000000000e+00 5.680299999999999933e-02 -9.983849999999999669e-01 2.530000000000000239e-04 9.983849999999999669e-01 5.680299999999999933e-02 -8.409999999999999507e-04
2.800000000000000000e+01 4.400000000000000000e+01 7.300000000000000000e+01 0.000000000000000000e+00 1.600000000000000089e+00 2.592999999999999819e-03 2.563999999999999873e-03 9.999930000000000208e-01 5.918099999999999750e-02 -9.982440000000000202e-01 2.406000000000000152e-03 9.982440000000000202e-01 5.917399999999999743e-02 -2.739999999999999814e-03
1.000000000000000000e+01 2.500000000000000000e+01 7.400000000000000000e+01 0.000000000000000000e+00 1.600000000000000089e+00 6.859999999999999779e-04 1.972999999999999927e-03 9.999980000000000535e-01 8.307350000000000012e-01 -5.566680000000000517e-01 5.289999999999999564e-04 5.566680000000000517e-01 8.307330000000000547e-01 -2.020999999999999793e-03
1.500000000000000000e+01 9.900000000000000000e+01 7.500000000000000000e+01 0.000000000000000000e+00 1.600000000000000089e+00 -3.037000000000000203e-03 -4.793000000000000385e-03 -9.999839999999999840e-01 -8.839709999999999512e-01 4.675409999999999844e-01 4.440000000000000045e-04 4.675320000000000031e-01 8.839580000000000215e-01 -5.656999999999999702e-03
8.000000000000000000e+00 9.100000000000000000e+01 7.600000000000000000e+01 0.000000000000000000e+00 1.600000000000000089e+00 -4.550000000000000008e-04 -1.051000000000000068e-03 9.999989999999999712e-01 3.026139999999999941e-01 -9.531129999999999880e-01 -8.639999999999999677e-04 9.531129999999999880e-01 3.026130000000000209e-01 7.519999999999999558e-04
1.400000000000000000e+01 9.100000000000000000e+01 7.600000000000000000e+01 0.000000000000000000e+00 1.600000000000000089e+00 -1.899999999999999996e-03 -2.295999999999999864e-03 9.999959999999999960e-01 2.939860000000000251e-01 -9.558079999999999909e-01 -1.636000000000000084e-03 9.558079999999999909e-01 2.939820000000000211e-01 2.491000000000000159e-03
1.900000000000000000e+01 9.100000000000000000e+01 7.600000000000000000e+01 0.000000000000000000e+00 1.600000000000000089e+00 -8.829999999999999958e-04 -1.029999999999999964e-04 1.000000000000000000e+00 2.858580000000000010e-01 -9.582720000000000127e-01 1.540000000000000028e-04 9.582720000000000127e-01 2.858580000000000010e-01 8.750000000000000182e-04
2.200000000000000000e+01 9.100000000000000000e+01 7.600000000000000000e+01 0.000000000000000000e+00 1.600000000000000089e+00 -1.900999999999999912e-03 -8.329999999999999731e-04 9.999980000000000535e-01 2.870360000000000134e-01 -9.579199999999999937e-01 -2.519999999999999996e-04 9.579180000000000472e-01 2.870349999999999846e-01 2.060000000000000199e-03
2.700000000000000000e+01 9.100000000000000000e+01 7.600000000000000000e+01 0.000000000000000000e+00 1.600000000000000089e+00 -2.328000000000000208e-03 -4.566999999999999879e-03 9.999869999999999592e-01 2.732410000000000116e-01 -9.619379999999999598e-01 -3.756999999999999923e-03 9.619429999999999925e-01 2.732289999999999996e-01 3.488000000000000215e-03
1.000000000000000000e+01 6.300000000000000000e+01 8.100000000000000000e+01 0.000000000000000000e+00 1.600000000000000089e+00 -5.506999999999999743e-03 -1.042900000000000077e-02 9.999299999999999855e-01 3.076999999999999874e-02 -9.994739999999999736e-01 -1.025500000000000023e-02 9.995110000000000383e-01 3.071199999999999972e-02 5.825000000000000316e-03
6.000000000000000000e+00 4.400000000000000000e+01 8.300000000000000000e+01 0.000000000000000000e+00 1.600000000000000089e+00 1.386999999999999995e-03 -3.376999999999999794e-03 9.999930000000000208e-01 5.787010000000000209e-01 -8.155320000000000347e-01 -3.556999999999999832e-03 8.155379999999999852e-01 5.787020000000000497e-01 8.229999999999999469e-04
1.400000000000000000e+01 4.400000000000000000e+01 8.300000000000000000e+01 0.000000000000000000e+00 1.600000000000000089e+00 1.975000000000000193e-03 -3.926999999999999935e-03 9.999900000000000455e-01 5.858219999999999539e-01 -8.104280000000000372e-01 -4.338999999999999975e-03 8.104379999999999917e-01 5.858240000000000114e-01 6.999999999999999929e-04
1.600000000000000000e+01 4.400000000000000000e+01 8.300000000000000000e+01 0.000000000000000000e+00 1.600000000000000089e+00 5.109999999999999525e-04 -4.292999999999999941e-03 9.999909999999999632e-01 5.868160000000000043e-01 -8.097119999999999873e-01 -3.775999999999999843e-03 8.097210000000000241e-01 5.868120000000000003e-01 2.105999999999999799e-03
2.500000000000000000e+01 4.400000000000000000e+01 8.300000000000000000e+01 0.000000000000000000e+00 1.600000000000000089e+00 -2.730000000000000222e-04 1.775000000000000102e-03 9.999980000000000535e-01 5.836240000000000316e-01 -8.120220000000000216e-01 1.600999999999999993e-03 8.120239999999999680e-01 5.836240000000000316e-01 -8.149999999999999693e-04
7.000000000000000000e+00 1.010000000000000000e+02 8.300000000000000000e+01 0.000000000000000000e+00 1.600000000000000089e+00 -2.635000000000000189e-03 -9.981000000000000288e-03 9.999470000000000303e-01 9.932290000000000285e-01 1.161120000000000069e-01 3.775999999999999843e-03 -1.161429999999999962e-01 9.931860000000000133e-01 9.608000000000000221e-03
3.000000000000000000e+00 4.800000000000000000e+01 8.400000000000000000e+01 0.000000000000000000e+00 1.600000000000000089e+00 -3.046999999999999795e-03 -1.188000000000000037e-03 -9.999949999999999672e-01 -9.461460000000000425e-01 -3.237240000000000117e-01 3.266999999999999939e-03 -3.237260000000000137e-01 9.461509999999999643e-01 -1.379999999999999933e-04
7.000000000000000000e+00 4.800000000000000000e+01 8.400000000000000000e+01 0.000000000000000000e+00 1.600000000000000089e+00 -4.183000000000000086e-03 -4.066000000000000170e-03 -9.999829999999999552e-01 -9.475829999999999531e-01 -3.194660000000000277e-01 5.263000000000000317e-03 -3.194819999999999882e-01 9.475890000000000146e-01 -2.517000000000000140e-03
1.600000000000000000e+01 4.800000000000000000e+01 8.400000000000000000e+01 0.000000000000000000e+00 1.600000000000000089e+00 -3.393000000000000183e-03 -2.988000000000000204e-03 -9.999900000000000455e-01 -9.472310000000000452e-01 -3.205250000000000044e-01 4.171000000000000228e-03 -3.205339999999999856e-01 9.472350000000000492e-01 -1.742000000000000059e-03
