3.000000000000000000e+00 1.500000000000000000e+01 4.000000000000000000e+00 0.000000000000000000e+00 1.600000000000000089e+00 2.632999999999999924e-03 1.306000000000000086e-03 9.999959999999999960e-01 2.827560000000000073e-01 -9.591920000000000446e-01 5.079999999999999880e-04 9.591880000000000406e-01 2.827540000000000053e-01 -2.895000000000000004e-03
1.100000000000000000e+01 1.500000000000000000e+01 4.000000000000000000e+00 0.000000000000000000e+00 1.600000000000000089e+00 -1.879999999999999944e-03 1.010800000000000066e-02 9.999470000000000303e-01 2.924729999999999830e-01 -9.562190000000000412e-01 1.021599999999999939e-02 9.562720000000000109e-01 2.924769999999999870e-01 -1.159000000000000091e-03
1.700000000000000000e+01 1.500000000000000000e+01 4.000000000000000000e+00 0.000000000000000000e+00 1.600000000000000089e+00 2.461000000000000080e-03 2.421999999999999847e-02 9.997040000000000370e-01 2.904820000000000180e-01 -9.566170000000000506e-01 2.246099999999999833e-02 9.568769999999999776e-01 2.903399999999999870e-01 -9.390000000000000777e-03
2.200000000000000000e+01 1.500000000000000000e+01 4.000000000000000000e+00 0.000000000000000000e+00 1.600000000000000089e+00 4.569000000000000145e-03 3.164399999999999852e-02 9.994889999999999608e-01 2.948600000000000110e-01 -9.551039999999999530e-01 2.889100000000000001e-02 9.555299999999999905e-01 2.945769999999999778e-01 -1.369399999999999958e-02
2.800000000000000000e+01 1.500000000000000000e+01 4.000000000000000000e+00 0.000000000000000000e+00 1.600000000000000089e+00 -5.266999999999999980e-03 1.150299999999999934e-02 9.999200000000000310e-01 2.975499999999999812e-01 -9.546240000000000281e-01 1.255000000000000039e-02 9.546919999999999851e-01 2.975920000000000232e-01 1.605000000000000090e-03
4.000000000000000000e+00 1.010000000000000000e+02 7.000000000000000000e+00 0.000000000000000000e+00 1.600000000000000089e+00 -1.874999999999999931e-03 -5.275000000000000175e-03 9.999839999999999840e-01 8.836899999999999755e-01 4.680540000000000256e-01 4.126000000000000327e-03 -4.680679999999999841e-01 8.836840000000000250e-01 3.782999999999999904e-03
4.000000000000000000e+00 1.500000000000000000e+01 8.000000000000000000e+00 0.000000000000000000e+00 1.600000000000000089e+00 -4.033000000000000126e-03 -2.109999999999999896e-03 -9.999900000000000455e-01 -5.939790000000000347e-01 -8.044700000000000184e-01 4.093000000000000284e-03 -8.044710000000000472e-01 5.939889999999999892e-01 1.991000000000000148e-03
1.300000000000000000e+01 1.500000000000000000e+01 8.000000000000000000e+00 0.000000000000000000e+00 1.600000000000000089e+00 5.276000000000000308e-03 1.210800000000000071e-02 -9.999130000000000518e-01 -5.937200000000000255e-01 -8.045689999999999786e-01 -1.287600000000000029e-02 -8.046539999999999804e-01 5.937360000000000415e-01 2.944000000000000002e-03
1.700000000000000000e+01 1.500000000000000000e+01 8.000000000000000000e+00 0.000000000000000000e+00 1.600000000000000089e+00 4.022999999999999667e-03 2.272899999999999920e-02 -9.997340000000000115e-01 -5.910800000000000498e-01 -8.063470000000000359e-01 -2.071100000000000024e-02 -8.066029999999999589e-01 5.910060000000000313e-01 1.019100000000000041e-02
2.100000000000000000e+01 1.500000000000000000e+01 8.000000000000000000e+00 0.000000000000000000e+00 1.600000000000000089e+00 3.975000000000000235e-03 3.025699999999999917e-02 -9.995340000000000336e-01 -5.887499999999999956e-01 -8.078710000000000058e-01 -2.679700000000000137e-02 -8.083050000000000512e-01 5.885820000000000496e-01 1.460200000000000040e-02
2.500000000000000000e+01 1.500000000000000000e+01 8.000000000000000000e+00 0.000000000000000000e+00 1.600000000000000089e+00 7.373000000000000213e-03 1.876699999999999896e-02 -9.997970000000000468e-01 -5.861659999999999648e-01 -8.099560000000000093e-01 -1.952600000000000169e-02 -8.101570000000000160e-01 5.861910000000000176e-01 5.028999999999999616e-03
3.000000000000000000e+00 2.400000000000000000e+01 9.000000000000000000e+00 0.000000000000000000e+00 1.600000000000000089e+00 -5.140000000000000254e-04 -6.489999999999999459e-04 -1.000000000000000000e+00 4.535879999999999912e-01 8.912109999999999754e-01 -8.109999999999999805e-04 8.912109999999999754e-01 -4.535879999999999912e-01 -1.640000000000000019e-04
1.700000000000000000e+01 2.400000000000000000e+01 9.000000000000000000e+00 0.000000000000000000e+00 1.600000000000000089e+00 -4.937000000000000416e-03 -8.035000000000000475e-03 -9.999559999999999560e-01 4.536850000000000049e-01 8.911130000000000440e-01 -9.400000000000000369e-03 8.911480000000000512e-01 -4.537109999999999754e-01 -7.540000000000000044e-04
2.500000000000000000e+01 2.400000000000000000e+01 9.000000000000000000e+00 0.000000000000000000e+00 1.600000000000000089e+00 -5.184000000000000240e-03 -1.420000000000000082e-02 -9.998860000000000525e-01 4.571810000000000040e-01 8.892470000000000097e-01 -1.499900000000000018e-02 8.893590000000000106e-01 -4.572060000000000013e-01 1.882999999999999908e-03
1.200000000000000000e+01 4.000000000000000000e+00 1.100000000000000000e+01 0.000000000000000000e+00 1.600000000000000089e+00 3.959999999999999762e-04 -9.294000000000000178e-03 -9.999569999999999848e-01 1.765599999999999947e-01 9.842480000000000118e-01 -9.077999999999999264e-03 9.842899999999999983e-01 -1.765490000000000115e-01 2.030999999999999819e-03
1.800000000000000000e+01 4.000000000000000000e+00 1.100000000000000000e+01 0.000000000000000000e+00 1.600000000000000089e+00 -1.402000000000000034e-03 -2.108900000000000011e-02 -9.997770000000000268e-01 1.821450000000000014e-01 9.830480000000000329e-01 -2.099099999999999924e-02 9.832710000000000061e-01 -1.821339999999999903e-01 2.462999999999999912e-03
2.800000000000000000e+01 4.000000000000000000e+00 1.100000000000000000e+01 0.000000000000000000e+00 1.600000000000000089e+00 9.799999999999999684e-05 -1.902000000000000045e-03 -9.999980000000000535e-01 1.950220000000000009e-01 9.807970000000000299e-01 -1.845999999999999985e-03 9.807989999999999764e-01 -1.950220000000000009e-01 4.670000000000000214e-04
1.700000000000000000e+01 3.100000000000000000e+01 1.200000000000000000e+01 0.000000000000000000e+00 1.600000000000000089e+00 1.859999999999999945e-04 -1.683999999999999950e-03 9.999989999999999712e-01 -2.021200000000000080e-02 9.997939999999999605e-01 1.686999999999999915e-03 -9.997960000000000180e-01 -2.021200000000000080e-02 1.520000000000000084e-04
2.700000000000000000e+01 3.100000000000000000e+01 1.200000000000000000e+01 0.000000000000000000e+00 1.600000000000000089e+00 -5.900000000000000296e-04 -3.959999999999999762e-04 1.000000000000000000e+00 -2.043599999999999930e-02 9.997909999999999853e-01 3.840000000000000097e-04 -9.997909999999999853e-01 -2.043599999999999930e-02 -5.980000000000000072e-04
1.000000000000000000e+00 3.000000000000000000e+00 1.300000000000000000e+01 0.000000000000000000e+00 1.600000000000000089e+00 -6.980000000000000527e-04 6.600000000000000506e-05 1.000000000000000000e+00 -2.497000000000000088e-03 9.999970000000000248e-01 -6.799999999999999946e-05 -9.999970000000000248e-01 -2.497000000000000088e-03 -6.980000000000000527e-04
1.100000000000000000e+01 3.000000000000000000e+00 1.300000000000000000e+01 0.000000000000000000e+00 1.600000000000000089e+00 -6.250000000000000130e-04 -6.209000000000000109e-03 9.999810000000000088e-01 -1.055500000000000015e-02 9.999249999999999527e-01 6.202000000000000048e-03 -9.999440000000000550e-01 -1.055099999999999962e-02 -6.899999999999999667e-04
1.800000000000000000e+01 3.000000000000000000e+00 1.300000000000000000e+01 0.000000000000000000e+00 1.600000000000000089e+00 -1.902999999999999961e-03 -2.257699999999999985e-02 9.997430000000000483e-01 -1.444999999999999930e-02 9.996410000000000018e-01 2.254700000000000107e-02 -9.998939999999999495e-01 -1.440299999999999914e-02 -2.229000000000000078e-03
2.000000000000000000e+01 3.200000000000000000e+01 1.400000000000000000e+01 0.000000000000000000e+00 1.600000000000000089e+00 -1.183999999999999940e-03 -2.825999999999999953e-03 -9.999949999999999672e-01 1.204250000000000043e-01 9.927179999999999893e-01 -2.948000000000000100e-03 9.927219999999999933e-01 -1.204279999999999934e-01 -8.350000000000000217e-04
2.200000000000000000e+01 3.200000000000000000e+01 1.400000000000000000e+01 0.000000000000000000e+00 1.600000000000000089e+00 -8.339999999999999974e-04 -3.255000000000000081e-03 -9.999940000000000495e-01 1.176999999999999991e-01 9.930440000000000378e-01 -3.330000000000000061e-03 9.930489999999999595e-01 -1.177020000000000011e-01 -4.449999999999999746e-04
3.000000000000000000e+00 1.200000000000000000e+01 1.500000000000000000e+01 0.000000000000000000e+00 1.600000000000000089e+00 -3.526000000000000054e-03 -2.105000000000000100e-03 -9.999919999999999920e-01 -4.678260000000000196e-01 -8.838139999999999885e-01 3.510000000000000099e-03 -8.838139999999999885e-01 4.678350000000000009e-01 2.132000000000000214e-03
1.100000000000000000e+01 1.200000000000000000e+01 1.500000000000000000e+01 0.000000000000000000e+00 1.600000000000000089e+00 8.310000000000000329e-04 3.739999999999999835e-03 -9.999930000000000208e-01 -4.701609999999999956e-01 -8.825730000000000519e-01 -3.690999999999999837e-03 -8.825800000000000312e-01 4.701609999999999956e-01 1.023999999999999954e-03
1.700000000000000000e+01 1.200000000000000000e+01 1.500000000000000000e+01 0.000000000000000000e+00 1.600000000000000089e+00 2.841000000000000209e-03 8.440000000000000236e-04 -9.999959999999999960e-01 -4.690059999999999785e-01 -8.831930000000000058e-01 -2.076999999999999853e-03 -8.831909999999999483e-01 4.690090000000000092e-01 -2.112999999999999861e-03
2.600000000000000000e+01 1.200000000000000000e+01 1.500000000000000000e+01 0.000000000000000000e+00 1.600000000000000089e+00 2.952000000000000197e-03 2.014000000000000165e-03 -9.999940000000000495e-01 -4.700079999999999814e-01 -8.826570000000000249e-01 -3.164000000000000146e-03 -8.826570000000000249e-01 4.700139999999999874e-01 -1.659000000000000101e-03
3.000000000000000000e+01 1.200000000000000000e+01 1.500000000000000000e+01 0.000000000000000000e+00 1.600000000000000089e+00 4.053000000000000179e-03 4.812999999999999570e-03 -9.999799999999999800e-01 -4.698390000000000066e-01 -8.827310000000000434e-01 -6.152999999999999615e-03 -8.827430000000000554e-01 4.698550000000000226e-01 -1.317000000000000028e-03
2.000000000000000000e+01 1.100000000000000000e+01 1.600000000000000000e+01 0.000000000000000000e+00 1.600000000000000089e+00 1.239000000000000084e-03 1.214999999999999934e-03 -9.999989999999999712e-01 -4.152930000000000232e-01 -9.096859999999999946e-01 -1.619999999999999912e-03 -9.096870000000000234e-01 4.152950000000000252e-01 -6.220000000000000485e-04
2.600000000000000000e+01 1.100000000000000000e+01 1.600000000000000000e+01 0.000000000000000000e+00 1.600000000000000089e+00 2.057999999999999934e-03 2.092000000000000109e-03 -9.999959999999999960e-01 -4.189479999999999871e-01 -9.080059999999999798e-01 -2.762000000000000132e-03 -9.080080000000000373e-01 4.189519999999999911e-01 -9.929999999999999591e-04
1.400000000000000000e+01 1.160000000000000000e+02 1.600000000000000000e+01 0.000000000000000000e+00 1.600000000000000089e+00 -6.381000000000000387e-03 -6.568000000000000053e-03 9.999580000000000135e-01 7.001089999999999813e-01 7.139769999999999728e-01 9.157000000000000209e-03 -7.140069999999999473e-01 7.001389999999999558e-01 4.199999999999999768e-05
5.000000000000000000e+00 2.000000000000000000e+00 1.900000000000000000e+01 0.000000000000000000e+00 1.600000000000000089e+00 -1.310000000000000129e-04 -3.086999999999999900e-03 -9.999949999999999672e-01 2.106280000000000097e-01 -9.775620000000000420e-01 2.990000000000000036e-03 -9.775660000000000460e-01 -2.106270000000000087e-01 7.780000000000000457e-04
1.200000000000000000e+01 2.000000000000000000e+00 1.900000000000000000e+01 0.000000000000000000e+00 1.600000000000000089e+00 -1.154000000000000078e-03 -5.204000000000000292e-03 -9.999860000000000415e-01 2.059269999999999989e-01 -9.785549999999999526e-01 4.854999999999999941e-03 -9.785669999999999646e-01 -2.059179999999999899e-01 2.200999999999999832e-03
1.600000000000000000e+01 2.000000000000000000e+00 1.900000000000000000e+01 0.000000000000000000e+00 1.600000000000000089e+00 -1.806000000000000097e-03 7.460000000000000268e-04 -9.999980000000000535e-01 2.074749999999999928e-01 -9.782399999999999984e-01 -1.103999999999999947e-03 -9.782389999999999697e-01 -2.074769999999999948e-01 1.611999999999999935e-03
2.100000000000000000e+01 2.000000000000000000e+00 1.900000000000000000e+01 0.000000000000000000e+00 1.600000000000000089e+00 -4.016999999999999738e-03 8.344000000000000722e-03 -9.999569999999999848e-01 2.064680000000000126e-01 -9.784119999999999484e-01 -8.994000000000000258e-03 -9.784450000000000092e-01 -2.064950000000000119e-01 2.207999999999999893e-03
2.600000000000000000e+01 2.000000000000000000e+00 1.900000000000000000e+01 0.000000000000000000e+00 1.600000000000000089e+00 -7.249999999999999500e-04 4.191000000000000281e-03 -9.999909999999999632e-01 1.977309999999999901e-01 -9.802469999999999795e-01 -4.250999999999999571e-03 -9.802560000000000162e-01 -1.977329999999999921e-01 -1.179999999999999951e-04
9.000000000000000000e+00 4.000000000000000000e+00 2.000000000000000000e+01 0.000000000000000000e+00 1.600000000000000089e+00 -3.640000000000000115e-04 -4.105000000000000142e-03 -9.999919999999999920e-01 2.917719999999999758e-01 -9.564799999999999969e-01 3.820000000000000045e-03 -9.564880000000000049e-01 -2.917680000000000273e-01 1.544999999999999932e-03
4.000000000000000000e+00 1.300000000000000000e+01 2.000000000000000000e+01 0.000000000000000000e+00 1.600000000000000089e+00 -7.299999999999999903e-05 2.990000000000000036e-04 1.000000000000000000e+00 2.635810000000000097e-01 9.646369999999999667e-01 -2.689999999999999791e-04 -9.646369999999999667e-01 2.635810000000000097e-01 -1.489999999999999897e-04
1.000000000000000000e+01 1.300000000000000000e+01 2.000000000000000000e+01 0.000000000000000000e+00 1.600000000000000089e+00 -2.635999999999999888e-03 4.629999999999999784e-04 9.999959999999999960e-01 2.638229999999999742e-01 9.645709999999999562e-01 2.489999999999999809e-04 -9.645669999999999522e-01 2.638229999999999742e-01 -2.664000000000000135e-03
1.800000000000000000e+01 1.300000000000000000e+01 2.000000000000000000e+01 0.000000000000000000e+00 1.600000000000000089e+00 2.896999999999999836e-03 1.435999999999999993e-03 9.999949999999999672e-01 2.627059999999999951e-01 9.648729999999999807e-01 -2.147000000000000037e-03 -9.648710000000000342e-01 2.627109999999999723e-01 2.418000000000000010e-03
2.100000000000000000e+01 1.300000000000000000e+01 2.000000000000000000e+01 0.000000000000000000e+00 1.600000000000000089e+00 1.224999999999999960e-03 -4.061999999999999639e-03 9.999909999999999632e-01 2.616319999999999757e-01 9.651610000000000467e-01 3.599999999999999901e-03 -9.651669999999999972e-01 2.616249999999999964e-01 2.245000000000000034e-03
2.600000000000000000e+01 1.300000000000000000e+01 2.000000000000000000e+01 0.000000000000000000e+00 1.600000000000000089e+00 -2.239999999999999966e-04 -5.036999999999999811e-03 9.999869999999999592e-01 2.607320000000000193e-01 9.653990000000000071e-01 4.921000000000000027e-03 -9.654110000000000191e-01 2.607300000000000173e-01 1.097000000000000102e-03
5.000000000000000000e+00 1.600000000000000000e+01 2.100000000000000000e+01 0.000000000000000000e+00 1.600000000000000089e+00 8.799999999999999771e-05 3.249999999999999851e-03 9.999949999999999672e-01 3.026739999999999986e-01 9.530889999999999640e-01 -3.124000000000000041e-03 -9.530939999999999968e-01 3.026719999999999966e-01 -8.999999999999999754e-04
1.500000000000000000e+01 4.600000000000000000e+01 2.700000000000000000e+01 0.000000000000000000e+00 1.600000000000000089e+00 -4.369999999999999970e-04 -1.255000000000000039e-03 -9.999989999999999712e-01 6.659239999999999604e-01 7.460189999999999877e-01 -1.227000000000000009e-03 7.460189999999999877e-01 -6.659239999999999604e-01 5.100000000000000366e-04
2.200000000000000000e+01 4.600000000000000000e+01 2.700000000000000000e+01 0.000000000000000000e+00 1.600000000000000089e+00 -1.722999999999999922e-03 -1.111999999999999924e-03 -9.999980000000000535e-01 6.622160000000000268e-01 7.493100000000000316e-01 -1.974000000000000060e-03 7.493109999999999493e-01 -6.622179999999999733e-01 -5.550000000000000462e-04
6.000000000000000000e+00 4.600000000000000000e+01 3.000000000000000000e+01 0.000000000000000000e+00 1.600000000000000089e+00 -1.029999999999999964e-04 1.630000000000000047e-04 -1.000000000000000000e+00 3.163569999999999993e-01 9.486400000000000388e-01 1.219999999999999974e-04 9.486400000000000388e-01 -3.163569999999999993e-01 -1.489999999999999897e-04
1.000000000000000000e+01 4.600000000000000000e+01 3.000000000000000000e+01 0.000000000000000000e+00 1.600000000000000089e+00 7.309999999999999875e-04 2.240999999999999936e-03 -9.999970000000000248e-01 3.182599999999999874e-01 9.480009999999999826e-01 2.357000000000000154e-03 9.480030000000000401e-01 -3.182610000000000161e-01 -2.099999999999999884e-05
2.000000000000000000e+01 4.600000000000000000e+01 3.000000000000000000e+01 0.000000000000000000e+00 1.600000000000000089e+00 -1.433000000000000029e-03 -3.969999999999999571e-03 -9.999909999999999632e-01 3.199719999999999787e-01 9.474169999999999536e-01 -4.219999999999999793e-03 9.474259999999999904e-01 -3.199759999999999827e-01 -8.799999999999999771e-05
2.000000000000000000e+00 5.800000000000000000e+01 3.100000000000000000e+01 0.000000000000000000e+00 1.600000000000000089e+00 -8.670000000000000406e-04 -1.755000000000000050e-03 9.999980000000000535e-01 -7.826509999999999856e-01 -6.224579999999999558e-01 -1.771000000000000005e-03 6.224600000000000133e-01 -7.826509999999999856e-01 -8.339999999999999974e-04
6.000000000000000000e+00 5.800000000000000000e+01 3.100000000000000000e+01 0.000000000000000000e+00 1.600000000000000089e+00 -1.680000000000000070e-03 -2.001000000000000174e-03 9.999970000000000248e-01 -7.832480000000000553e-01 -6.217040000000000344e-01 -2.560000000000000209e-03 6.217070000000000096e-01 -7.832489999999999730e-01 -5.230000000000000274e-04
1.300000000000000000e+01 5.800000000000000000e+01 3.100000000000000000e+01 0.000000000000000000e+00 1.600000000000000089e+00 4.499999999999999877e-04 1.701999999999999954e-03 9.999980000000000535e-01 -7.816910000000000247e-01 -6.236639999999999961e-01 1.412999999999999977e-03 6.236660000000000537e-01 -7.816899999999999959e-01 1.049999999999999935e-03
2.000000000000000000e+01 5.800000000000000000e+01 3.100000000000000000e+01 0.000000000000000000e+00 1.600000000000000089e+00 -5.127999999999999746e-03 -1.052499999999999963e-02 9.999310000000000143e-01 -7.699669999999999570e-01 -6.379939999999999500e-01 -1.066399999999999987e-02 6.380620000000000180e-01 -7.699690000000000145e-01 -4.832000000000000357e-03
1.500000000000000000e+01 4.200000000000000000e+01 3.400000000000000000e+01 0.000000000000000000e+00 1.600000000000000089e+00 1.912999999999999987e-03 -1.257000000000000088e-03 -9.999970000000000248e-01 -2.926190000000000180e-01 9.562279999999999669e-01 -1.761999999999999894e-03 9.562270000000000492e-01 2.926210000000000200e-01 1.461000000000000059e-03
4.000000000000000000e+00 4.600000000000000000e+01 3.500000000000000000e+01 0.000000000000000000e+00 1.600000000000000089e+00 -9.500000000000000523e-05 -1.579999999999999916e-04 -1.000000000000000000e+00 3.854290000000000216e-01 -9.227370000000000294e-01 1.090000000000000067e-04 -9.227370000000000294e-01 -3.854290000000000216e-01 1.489999999999999897e-04
1.100000000000000000e+01 4.600000000000000000e+01 3.500000000000000000e+01 0.000000000000000000e+00 1.600000000000000089e+00 7.050000000000000060e-04 -3.079999999999999839e-03 -9.999949999999999672e-01 3.842570000000000152e-01 -9.232209999999999583e-01 3.115000000000000147e-03 -9.232259999999999911e-01 -3.842570000000000152e-01 5.320000000000000293e-04
1.600000000000000000e+01 4.600000000000000000e+01 3.500000000000000000e+01 0.000000000000000000e+00 1.600000000000000089e+00 -2.739999999999999923e-04 -1.229000000000000058e-03 -9.999989999999999712e-01 3.856220000000000203e-01 -9.226560000000000317e-01 1.028999999999999967e-03 -9.226569999999999494e-01 -3.856220000000000203e-01 7.269999999999999987e-04
2.300000000000000000e+01 4.600000000000000000e+01 3.500000000000000000e+01 0.000000000000000000e+00 1.600000000000000089e+00 -1.113000000000000057e-03 3.007999999999999823e-03 -9.999949999999999672e-01 3.863039999999999807e-01 -9.223660000000000192e-01 -3.204999999999999950e-03 -9.223710000000000520e-01 -3.863059999999999827e-01 -1.359999999999999989e-04
2.900000000000000000e+01 4.600000000000000000e+01 3.500000000000000000e+01 0.000000000000000000e+00 1.600000000000000089e+00 5.259999999999999919e-04 2.713000000000000134e-03 -9.999959999999999960e-01 3.853099999999999858e-01 -9.227840000000000487e-01 -2.301000000000000094e-03 -9.227870000000000239e-01 -3.853070000000000106e-01 -1.529999999999999893e-03
1.000000000000000000e+00 9.500000000000000000e+01 3.600000000000000000e+01 0.000000000000000000e+00 1.600000000000000089e+00 -2.021999999999999926e-03 -1.255000000000000039e-03 9.999970000000000248e-01 9.976410000000000000e-01 6.861799999999999844e-02 2.102999999999999835e-03 -6.862000000000000044e-02 9.976420000000000288e-01 1.113000000000000057e-03
8.000000000000000000e+00 9.500000000000000000e+01 3.600000000000000000e+01 0.000000000000000000e+00 1.600000000000000089e+00 1.275000000000000092e-03 -1.543899999999999960e-02 9.998799999999999910e-01 9.977169999999999650e-01 6.752500000000000169e-02 -2.300000000000000070e-04 -6.751400000000000456e-02 9.975979999999999848e-01 1.549000000000000030e-02
1.200000000000000000e+01 9.500000000000000000e+01 3.600000000000000000e+01 0.000000000000000000e+00 1.600000000000000089e+00 6.939999999999999555e-04 1.823200000000000168e-02 9.998340000000000005e-01 9.976479999999999793e-01 6.852300000000000058e-02 -1.941999999999999933e-03 -6.854699999999999682e-02 9.974830000000000085e-01 -1.814199999999999841e-02
1.900000000000000000e+01 9.500000000000000000e+01 3.600000000000000000e+01 0.000000000000000000e+00 1.600000000000000089e+00 1.689099999999999976e-02 4.310000000000000137e-04 9.998569999999999958e-01 9.972900000000000098e-01 7.160600000000000298e-02 -1.687800000000000064e-02 -7.160299999999999998e-02 9.974330000000000140e-01 7.789999999999999616e-04
2.500000000000000000e+01 9.500000000000000000e+01 3.600000000000000000e+01 0.000000000000000000e+00 1.600000000000000089e+00 -5.408999999999999746e-03 -2.390199999999999964e-02 9.997000000000000330e-01 9.974359999999999893e-01 7.121700000000000252e-02 7.100000000000000408e-03 -7.136499999999999788e-02 9.971740000000000048e-01 2.345500000000000015e-02
2.900000000000000000e+01 9.500000000000000000e+01 3.600000000000000000e+01 0.000000000000000000e+00 1.600000000000000089e+00 2.249999999999999830e-03 -2.759899999999999853e-02 9.996169999999999778e-01 9.975540000000000518e-01 6.989800000000000180e-02 -3.159999999999999832e-04 -6.986299999999999455e-02 9.971719999999999473e-01 2.768899999999999834e-02
2.200000000000000000e+01 9.500000000000000000e+01 3.700000000000000000e+01 0.000000000000000000e+00 1.600000000000000089e+00 6.934000000000000059e-03 -1.692300000000000054e-02 9.998329999999999718e-01 9.958949999999999747e-01 9.035200000000000176e-02 -5.377999999999999968e-03 -9.024600000000000677e-02 9.957660000000000400e-01 1.747999999999999901e-02
1.100000000000000000e+01 3.000000000000000000e+00 4.300000000000000000e+01 0.000000000000000000e+00 1.600000000000000089e+00 7.410000000000000137e-04 -6.361999999999999600e-03 -9.999789999999999512e-01 7.413889999999999647e-01 -6.710580000000000434e-01 4.819000000000000367e-03 -6.710749999999999771e-01 -7.413769999999999527e-01 4.218999999999999660e-03
1.000000000000000000e+01 2.900000000000000000e+01 4.400000000000000000e+01 0.000000000000000000e+00 1.600000000000000089e+00 3.159999999999999832e-04 2.066000000000000128e-03 -9.999980000000000535e-01 6.814139999999999642e-01 7.318970000000000198e-01 1.727999999999999935e-03 7.318989999999999663e-01 -6.814130000000000464e-01 -1.177000000000000095e-03
1.500000000000000000e+01 2.900000000000000000e+01 4.400000000000000000e+01 0.000000000000000000e+00 1.600000000000000089e+00 1.250000000000000026e-04 1.381000000000000066e-03 -9.999989999999999712e-01 6.783029999999999893e-01 7.347820000000000462e-01 1.100000000000000066e-03 7.347820000000000462e-01 -6.783019999999999605e-01 -8.450000000000000479e-04
2.100000000000000000e+01 2.900000000000000000e+01 4.400000000000000000e+01 0.000000000000000000e+00 1.600000000000000089e+00 -6.030000000000000204e-04 1.221000000000000080e-03 -9.999989999999999712e-01 6.629439999999999777e-01 7.486690000000000289e-01 5.140000000000000254e-04 7.486690000000000289e-01 -6.629429999999999490e-01 -1.260000000000000052e-03
8.000000000000000000e+00 6.000000000000000000e+00 5.100000000000000000e+01 0.000000000000000000e+00 1.600000000000000089e+00 -1.930000000000000075e-03 -4.780999999999999660e-03 -9.999869999999999592e-01 3.258030000000000093e-01 -9.454299999999999926e-01 3.892000000000000060e-03 -9.454360000000000541e-01 -3.257920000000000260e-01 3.382000000000000024e-03
1.700000000000000000e+01 1.150000000000000000e+02 5.100000000000000000e+01 0.000000000000000000e+00 1.600000000000000089e+00 -2.635999999999999888e-03 -7.379000000000000142e-03 9.999689999999999968e-01 8.449759999999999494e-01 -5.348009999999999708e-01 -1.719000000000000042e-03 5.347969999999999668e-01 8.449459999999999749e-01 7.643999999999999753e-03
6.000000000000000000e+00 7.000000000000000000e+00 5.200000000000000000e+01 0.000000000000000000e+00 1.600000000000000089e+00 -2.829999999999999942e-04 -3.059000000000000087e-03 -9.999949999999999672e-01 1.115560000000000024e-01 -9.937540000000000262e-01 3.008999999999999956e-03 -9.937580000000000302e-01 -1.115550000000000014e-01 6.220000000000000485e-04
2.200000000000000000e+01 7.000000000000000000e+00 5.200000000000000000e+01 0.000000000000000000e+00 1.600000000000000089e+00 -2.272000000000000148e-03 -5.902000000000000128e-03 -9.999799999999999800e-01 9.895700000000000329e-02 -9.950759999999999605e-01 5.648000000000000242e-03 -9.950890000000000013e-01 -9.894300000000000317e-02 2.844000000000000174e-03
2.900000000000000000e+01 7.000000000000000000e+00 5.200000000000000000e+01 0.000000000000000000e+00 1.600000000000000089e+00 -4.114999999999999734e-03 -4.135999999999999920e-03 -9.999829999999999552e-01 9.326500000000000068e-02 -9.956340000000000190e-01 3.733999999999999906e-03 -9.956329999999999902e-01 -9.324799999999999756e-02 4.483000000000000006e-03
1.000000000000000000e+00 1.600000000000000000e+01 5.200000000000000000e+01 0.000000000000000000e+00 1.600000000000000089e+00 4.680000000000000132e-03 1.239600000000000077e-02 -9.999120000000000230e-01 7.746189999999999465e-01 6.323250000000000259e-01 1.146499999999999950e-02 6.324109999999999454e-01 -7.746039999999999592e-01 -6.642999999999999600e-03
7.000000000000000000e+00 1.500000000000000000e+01 5.300000000000000000e+01 0.000000000000000000e+00 1.600000000000000089e+00 4.209000000000000068e-03 -5.743999999999999974e-03 -9.999749999999999472e-01 6.839239999999999764e-01 7.295519999999999783e-01 -1.311000000000000099e-03 7.295409999999999950e-01 -6.839009999999999811e-01 6.999000000000000013e-03
1.200000000000000000e+01 1.500000000000000000e+01 5.300000000000000000e+01 0.000000000000000000e+00 1.600000000000000089e+00 -1.940000000000000101e-03 -7.383999999999999939e-03 -9.999710000000000543e-01 6.835900000000000309e-01 7.298350000000000115e-01 -6.714999999999999615e-03 7.298639999999999572e-01 -6.835830000000000517e-01 3.631999999999999812e-03
6.000000000000000000e+00 6.300000000000000000e+01 5.400000000000000000e+01 0.000000000000000000e+00 1.600000000000000089e+00 8.369999999999999619e-04 1.335000000000000032e-03 9.999989999999999712e-01 -3.517620000000000191e-01 9.360889999999999489e-01 -9.550000000000000112e-04 -9.360889999999999489e-01 -3.517600000000000171e-01 1.252999999999999991e-03
9.000000000000000000e+00 6.300000000000000000e+01 5.400000000000000000e+01 0.000000000000000000e+00 1.600000000000000089e+00 1.240999999999999916e-03 -4.119999999999999856e-04 9.999989999999999712e-01 -3.519129999999999758e-01 9.360319999999999752e-01 8.229999999999999469e-04 -9.360319999999999752e-01 -3.519140000000000046e-01 1.015999999999999976e-03
1.500000000000000000e+01 6.300000000000000000e+01 5.400000000000000000e+01 0.000000000000000000e+00 1.600000000000000089e+00 -1.137999999999999906e-03 4.910000000000000085e-04 9.999989999999999712e-01 -3.515320000000000111e-01 9.361760000000000081e-01 -8.589999999999999546e-04 -9.361749999999999794e-01 -3.515320000000000111e-01 -8.919999999999999978e-04
2.100000000000000000e+01 6.300000000000000000e+01 5.400000000000000000e+01 0.000000000000000000e+00 1.600000000000000089e+00 -2.570999999999999935e-03 -1.467999999999999904e-03 9.999959999999999960e-01 -3.556170000000000164e-01 9.346320000000000183e-01 4.580000000000000195e-04 -9.346280000000000143e-01 -3.556150000000000144e-01 -2.925000000000000083e-03
2.900000000000000000e+01 6.300000000000000000e+01 5.400000000000000000e+01 0.000000000000000000e+00 1.600000000000000089e+00 8.869999999999999846e-04 -7.240000000000000342e-04 9.999989999999999712e-01 -3.536039999999999739e-01 9.353949999999999765e-01 9.909999999999999105e-04 -9.353949999999999765e-01 -3.536039999999999739e-01 5.739999999999999660e-04
9.000000000000000000e+00 2.500000000000000000e+01 5.500000000000000000e+01 0.000000000000000000e+00 1.600000000000000089e+00 -1.150999999999999896e-03 -1.642000000000000013e-03 -9.999980000000000535e-01 -1.122199999999999934e-02 -9.999360000000000470e-01 1.655000000000000004e-03 -9.999360000000000470e-01 1.122399999999999960e-02 1.132999999999999893e-03
1.300000000000000000e+01 2.500000000000000000e+01 5.500000000000000000e+01 0.000000000000000000e+00 1.600000000000000089e+00 -4.760000000000000234e-04 1.961000000000000069e-03 -9.999980000000000535e-01 -1.084800000000000000e-02 -9.999390000000000223e-01 -1.955999999999999839e-03 -9.999409999999999688e-01 1.084700000000000074e-02 4.979999999999999618e-04
1.700000000000000000e+01 2.500000000000000000e+01 5.500000000000000000e+01 0.000000000000000000e+00 1.600000000000000089e+00 1.701000000000000038e-03 2.115999999999999825e-03 -9.999959999999999960e-01 -1.080000000000000057e-02 -9.999390000000000223e-01 -2.134000000000000046e-03 -9.999400000000000510e-01 1.080399999999999937e-02 -1.678000000000000021e-03
2.200000000000000000e+01 2.500000000000000000e+01 5.500000000000000000e+01 0.000000000000000000e+00 1.600000000000000089e+00 -7.100000000000000462e-05 -1.216999999999999983e-03 -9.999989999999999712e-01 -1.160600000000000000e-02 -9.999320000000000430e-01 1.217999999999999899e-03 -9.999329999999999607e-01 1.160600000000000000e-02 5.700000000000000314e-05
3.000000000000000000e+01 2.500000000000000000e+01 5.500000000000000000e+01 0.000000000000000000e+00 1.600000000000000089e+00 2.849999999999999886e-04 -6.415999999999999828e-03 -9.999789999999999512e-01 -1.405799999999999932e-02 -9.998810000000000198e-01 6.412000000000000165e-03 -9.999010000000000398e-01 1.405600000000000079e-02 -3.750000000000000078e-04
4.000000000000000000e+00 6.800000000000000000e+01 5.700000000000000000e+01 0.000000000000000000e+00 1.600000000000000089e+00 -5.980000000000000072e-04 -4.707000000000000246e-03 -9.999890000000000168e-01 -2.404940000000000133e-01 -9.706390000000000295e-01 4.713000000000000175e-03 -9.706510000000000415e-01 2.404940000000000133e-01 -5.509999999999999490e-04
1.000000000000000000e+00 2.100000000000000000e+01 6.000000000000000000e+01 0.000000000000000000e+00 1.600000000000000089e+00 -3.040000000000000167e-04 -7.540000000000000044e-04 1.000000000000000000e+00 -9.822000000000000175e-02 9.951649999999999663e-01 7.200000000000000453e-04 -9.951649999999999663e-01 -9.821900000000000075e-02 -3.759999999999999779e-04
6.000000000000000000e+00 2.100000000000000000e+01 6.000000000000000000e+01 0.000000000000000000e+00 1.600000000000000089e+00 -3.919999999999999873e-04 7.308000000000000260e-03 9.999730000000000008e-01 -9.741900000000000559e-02 9.952170000000000183e-01 -7.310999999999999791e-03 -9.952429999999999888e-01 -9.741900000000000559e-02 3.220000000000000206e-04
2.200000000000000000e+01 2.100000000000000000e+01 6.000000000000000000e+01 0.000000000000000000e+00 1.600000000000000089e+00 6.179999999999999513e-04 -3.354999999999999909e-03 9.999940000000000495e-01 -1.001419999999999949e-01 9.949670000000000458e-01 3.399999999999999811e-03 -9.949729999999999963e-01 -1.001439999999999969e-01 2.779999999999999811e-04
2.600000000000000000e+01 2.100000000000000000e+01 6.000000000000000000e+01 0.000000000000000000e+00 1.600000000000000089e+00 1.044999999999999922e-03 3.436999999999999951e-03 9.999940000000000495e-01 -1.007910000000000056e-01 9.949019999999999531e-01 -3.314999999999999804e-03 -9.949069999999999858e-01 -1.007870000000000016e-01 1.386000000000000079e-03
2.500000000000000000e+01 6.000000000000000000e+00 6.100000000000000000e+01 0.000000000000000000e+00 1.600000000000000089e+00 -7.219999999999999855e-04 5.668000000000000295e-03 9.999839999999999840e-01 5.615320000000000311e-01 -8.274390000000000356e-01 5.095999999999999835e-03 8.274550000000000516e-01 5.615269999999999984e-01 -2.585000000000000058e-03
1.300000000000000000e+01 3.000000000000000000e+00 6.300000000000000000e+01 0.000000000000000000e+00 1.600000000000000089e+00 -5.389999999999999826e-04 4.101999999999999744e-03 9.999909999999999632e-01 -6.150529999999999609e-01 7.884780000000000122e-01 -3.566000000000000159e-03 -7.884860000000000202e-01 -6.150489999999999569e-01 2.098000000000000038e-03
1.900000000000000000e+01 3.000000000000000000e+00 6.300000000000000000e+01 0.000000000000000000e+00 1.600000000000000089e+00 -5.199999999999999680e-05 -5.190000000000000386e-04 1.000000000000000000e+00 -6.135169999999999790e-01 7.896809999999999663e-01 3.780000000000000265e-04 -7.896809999999999663e-01 -6.135169999999999790e-01 -3.600000000000000227e-04
4.000000000000000000e+00 2.700000000000000000e+01 6.300000000000000000e+01 0.000000000000000000e+00 1.600000000000000089e+00 -1.198999999999999979e-03 -1.325999999999999922e-03 9.999980000000000535e-01 -2.731830000000000092e-01 9.619619999999999838e-01 9.479999999999999495e-04 -9.619609999999999550e-01 -2.731810000000000072e-01 -1.515999999999999986e-03
8.000000000000000000e+00 2.700000000000000000e+01 6.300000000000000000e+01 0.000000000000000000e+00 1.600000000000000089e+00 2.300000000000000070e-04 -4.819000000000000367e-03 9.999879999999999880e-01 -2.732850000000000001e-01 9.619220000000000548e-01 4.697999999999999919e-03 -9.619330000000000380e-01 -2.732829999999999981e-01 -1.095999999999999969e-03
1.300000000000000000e+01 2.700000000000000000e+01 6.300000000000000000e+01 0.000000000000000000e+00 1.600000000000000089e+00 3.780000000000000265e-04 -9.940000000000000918e-04 9.999989999999999712e-01 -2.735929999999999751e-01 9.618449999999999500e-01 1.059999999999999961e-03 -9.618459999999999788e-01 -2.735929999999999751e-01 9.100000000000000287e-05
1.800000000000000000e+01 2.700000000000000000e+01 6.300000000000000000e+01 0.000000000000000000e+00 1.600000000000000089e+00 -1.245000000000000013e-03 -1.955999999999999839e-03 9.999970000000000248e-01 -2.749489999999999990e-01 9.614570000000000061e-01 1.538000000000000088e-03 -9.614580000000000348e-01 -2.749469999999999970e-01 -1.734999999999999997e-03
2.200000000000000000e+01 2.700000000000000000e+01 6.300000000000000000e+01 0.000000000000000000e+00 1.600000000000000089e+00 -8.710000000000000294e-04 9.000000000000000228e-06 1.000000000000000000e+00 -2.737669999999999826e-01 9.617959999999999843e-01 -2.469999999999999865e-04 -9.617959999999999843e-01 -2.737669999999999826e-01 -8.350000000000000217e-04
2.700000000000000000e+01 2.700000000000000000e+01 6.300000000000000000e+01 0.000000000000000000e+00 1.600000000000000089e+00 2.052000000000000005e-03 2.916999999999999888e-03 9.999940000000000495e-01 -2.726060000000000150e-01 9.621229999999999505e-01 -2.246999999999999865e-03 -9.621239999999999792e-01 -2.726000000000000090e-01 2.769000000000000194e-03
4.000000000000000000e+00 2.600000000000000000e+01 6.400000000000000000e+01 0.000000000000000000e+00 1.600000000000000089e+00 -1.505999999999999960e-03 -1.317000000000000028e-03 9.999980000000000535e-01 -3.581219999999999959e-01 9.336750000000000327e-01 6.899999999999999667e-04 -9.336740000000000039e-01 -3.581199999999999939e-01 -1.877999999999999895e-03
8.000000000000000000e+00 2.600000000000000000e+01 6.400000000000000000e+01 0.000000000000000000e+00 1.600000000000000089e+00 5.439999999999999957e-04 -2.680000000000000090e-03 9.999959999999999960e-01 -3.572520000000000140e-01 9.340039999999999454e-01 2.697000000000000178e-03 -9.340079999999999494e-01 -3.572520000000000140e-01 -4.499999999999999877e-04
1.300000000000000000e+01 2.600000000000000000e+01 6.400000000000000000e+01 0.000000000000000000e+00 1.600000000000000089e+00 8.989999999999999511e-04 -1.599999999999999928e-05 1.000000000000000000e+00 -3.564220000000000166e-01 9.343249999999999611e-01 3.350000000000000113e-04 -9.343249999999999611e-01 -3.564229999999999898e-01 8.350000000000000217e-04
1.800000000000000000e+01 2.600000000000000000e+01 6.400000000000000000e+01 0.000000000000000000e+00 1.600000000000000089e+00 -1.111999999999999924e-03 -2.021999999999999926e-03 9.999970000000000248e-01 -3.567119999999999735e-01 9.342129999999999601e-01 1.492000000000000054e-03 -9.342139999999999889e-01 -3.567089999999999983e-01 -1.760999999999999979e-03
2.300000000000000000e+01 2.600000000000000000e+01 6.400000000000000000e+01 0.000000000000000000e+00 1.600000000000000089e+00 -2.620000000000000258e-04 2.485999999999999929e-03 9.999970000000000248e-01 -3.534619999999999984e-01 9.354459999999999997e-01 -2.418000000000000010e-03 -9.354489999999999750e-01 -3.534610000000000252e-01 6.329999999999999906e-04
2.700000000000000000e+01 2.600000000000000000e+01 6.400000000000000000e+01 0.000000000000000000e+00 1.600000000000000089e+00 1.958000000000000105e-03 4.455999999999999892e-03 9.999879999999999880e-01 -3.503580000000000028e-01 9.366090000000000249e-01 -3.488000000000000215e-03 -9.366139999999999466e-01 -3.503470000000000195e-01 3.395000000000000014e-03
2.800000000000000000e+01 2.500000000000000000e+01 7.300000000000000000e+01 0.000000000000000000e+00 1.600000000000000089e+00 4.590999999999999595e-03 -5.981000000000000205e-03 9.999719999999999720e-01 7.498369999999999758e-01 -6.615809999999999746e-01 -7.400000000000000328e-03 6.616069999999999451e-01 7.498489999999999878e-01 1.446999999999999936e-03
2.000000000000000000e+00 4.400000000000000000e+01 7.300000000000000000e+01 0.000000000000000000e+00 1.600000000000000089e+00 -6.310000000000000504e-04 3.942000000000000191e-03 9.999919999999999920e-01 4.685500000000000081e-02 -9.988939999999999486e-01 3.968000000000000173e-03 9.989019999999999566e-01 4.685700000000000282e-02 4.449999999999999746e-04
6.000000000000000000e+00 4.400000000000000000e+01 7.300000000000000000e+01 0.000000000000000000e+00 1.600000000000000089e+00 6.340000000000000149e-04 5.675000000000000357e-03 9.999839999999999840e-01 4.723299999999999721e-02 -9.988679999999999781e-01 5.637999999999999783e-03 9.988839999999999941e-01 4.722900000000000015e-02 -9.020000000000000240e-04
1.100000000000000000e+01 4.400000000000000000e+01 7.300000000000000000e+01 0.000000000000000000e+00 1.600000000000000089e+00 -8.540000000000000499e-04 1.526000000000000013e-03 9.999989999999999712e-01 4.899400000000000283e-02 -9.987979999999999636e-01 1.565999999999999901e-03 9.987989999999999924e-01 4.899499999999999689e-02 7.789999999999999616e-04
