4.000000000000000000e+00 1.500000000000000000e+01 4.000000000000000000e+00 0.000000000000000000e+00 1.600000000000000089e+00 -2.897999999999999968e-03 -1.845899999999999971e-02 9.998249999999999638e-01 2.884619999999999962e-01 -9.573430000000000550e-01 -1.683899999999999980e-02 9.574869999999999770e-01 2.883629999999999804e-01 8.099000000000000296e-03
1.300000000000000000e+01 1.500000000000000000e+01 4.000000000000000000e+00 0.000000000000000000e+00 1.600000000000000089e+00 -2.243000000000000202e-03 -3.451000000000000074e-03 9.999919999999999920e-01 2.862100000000000199e-01 -9.581629999999999869e-01 -2.664999999999999834e-03 9.581640000000000157e-01 2.862020000000000119e-01 3.137000000000000031e-03
1.600000000000000000e+01 1.500000000000000000e+01 4.000000000000000000e+00 0.000000000000000000e+00 1.600000000000000089e+00 6.120000000000000223e-04 1.005000000000000034e-03 9.999989999999999712e-01 2.891489999999999894e-01 -9.572840000000000238e-01 7.849999999999999990e-04 9.572840000000000238e-01 2.891480000000000161e-01 -8.769999999999999584e-04
2.500000000000000000e+01 1.500000000000000000e+01 4.000000000000000000e+00 0.000000000000000000e+00 1.600000000000000089e+00 1.446999999999999936e-03 -8.852999999999999758e-03 9.999599999999999600e-01 3.010329999999999950e-01 -9.535719999999999752e-01 -8.878000000000000475e-03 9.536130000000000440e-01 3.010340000000000238e-01 1.284999999999999901e-03
1.700000000000000000e+01 1.600000000000000000e+01 4.000000000000000000e+00 0.000000000000000000e+00 1.600000000000000089e+00 2.733000000000000186e-03 4.956999999999999601e-03 9.999839999999999840e-01 3.555119999999999947e-01 -9.346640000000000503e-01 3.661999999999999891e-03 9.346680000000000543e-01 3.554959999999999787e-01 -4.316000000000000392e-03
2.100000000000000000e+01 1.010000000000000000e+02 7.000000000000000000e+00 0.000000000000000000e+00 1.600000000000000089e+00 -4.388000000000000407e-03 -1.911600000000000105e-02 9.998080000000000300e-01 8.858610000000000095e-01 4.637760000000000216e-01 1.275500000000000071e-02 -4.639309999999999823e-01 8.857460000000000333e-01 1.490000000000000005e-02
6.000000000000000000e+00 1.500000000000000000e+01 8.000000000000000000e+00 0.000000000000000000e+00 1.600000000000000089e+00 -8.899999999999999491e-04 -1.366999999999999986e-02 -9.999059999999999615e-01 -5.815860000000000474e-01 -8.134019999999999584e-01 1.163800000000000077e-02 -8.134839999999999849e-01 5.815420000000000034e-01 -7.225999999999999784e-03
1.100000000000000000e+01 1.500000000000000000e+01 8.000000000000000000e+00 0.000000000000000000e+00 1.600000000000000089e+00 -5.829999999999999679e-04 -7.452000000000000290e-03 -9.999719999999999720e-01 -5.829640000000000377e-01 -8.124719999999999720e-01 6.394999999999999643e-03 -8.124970000000000248e-01 5.829520000000000257e-01 -3.870000000000000176e-03
1.400000000000000000e+01 1.500000000000000000e+01 8.000000000000000000e+00 0.000000000000000000e+00 1.600000000000000089e+00 -1.500000000000000031e-03 -5.411000000000000011e-03 -9.999839999999999840e-01 -5.829250000000000265e-01 -8.125090000000000368e-01 5.270999999999999644e-03 -8.125250000000000528e-01 5.829229999999999690e-01 -1.935000000000000088e-03
1.700000000000000000e+01 1.500000000000000000e+01 8.000000000000000000e+00 0.000000000000000000e+00 1.600000000000000089e+00 -3.193999999999999791e-03 -2.083999999999999915e-03 -9.999930000000000208e-01 -5.831899999999999862e-01 -8.123280000000000500e-01 3.556000000000000133e-03 -8.123289999999999678e-01 5.831969999999999654e-01 1.379000000000000017e-03
2.100000000000000000e+01 1.500000000000000000e+01 8.000000000000000000e+00 0.000000000000000000e+00 1.600000000000000089e+00 -3.628999999999999847e-03 2.007999999999999802e-03 -9.999909999999999632e-01 -5.839710000000000178e-01 -8.117739999999999956e-01 4.889999999999999599e-04 -8.117659999999999876e-01 5.839680000000000426e-01 4.118000000000000133e-03
7.000000000000000000e+00 2.600000000000000000e+01 8.000000000000000000e+00 0.000000000000000000e+00 1.600000000000000089e+00 2.848999999999999970e-03 4.161999999999999901e-03 -9.999869999999999592e-01 4.086609999999999965e-01 9.126729999999999565e-01 4.963000000000000397e-03 9.126819999999999933e-01 -4.086699999999999777e-01 8.999999999999999754e-04
1.200000000000000000e+01 2.600000000000000000e+01 8.000000000000000000e+00 0.000000000000000000e+00 1.600000000000000089e+00 1.946999999999999946e-03 3.291000000000000088e-03 -9.999930000000000208e-01 4.083789999999999920e-01 9.128049999999999775e-01 3.798999999999999860e-03 9.128100000000000103e-01 -4.083829999999999960e-01 4.330000000000000081e-04
1.700000000000000000e+01 2.600000000000000000e+01 8.000000000000000000e+00 0.000000000000000000e+00 1.600000000000000089e+00 1.897000000000000032e-03 6.486999999999999711e-03 -9.999770000000000048e-01 4.071139999999999759e-01 9.133529999999999704e-01 6.697999999999999961e-03 9.133750000000000480e-01 -4.071179999999999799e-01 -9.079999999999999530e-04
2.400000000000000000e+01 2.600000000000000000e+01 8.000000000000000000e+00 0.000000000000000000e+00 1.600000000000000089e+00 1.551999999999999994e-03 4.909000000000000169e-03 -9.999869999999999592e-01 4.059030000000000138e-01 9.139019999999999921e-01 5.115999999999999888e-03 9.139150000000000329e-01 -4.059050000000000158e-01 -5.739999999999999660e-04
6.000000000000000000e+00 2.400000000000000000e+01 9.000000000000000000e+00 0.000000000000000000e+00 1.600000000000000089e+00 2.052000000000000005e-03 2.439999999999999949e-04 -9.999980000000000535e-01 4.637390000000000123e-01 8.859709999999999530e-01 1.167999999999999984e-03 8.859690000000000065e-01 -4.637410000000000143e-01 1.704999999999999918e-03
1.100000000000000000e+01 2.400000000000000000e+01 9.000000000000000000e+00 0.000000000000000000e+00 1.600000000000000089e+00 2.080999999999999951e-03 4.634000000000000098e-03 -9.999869999999999592e-01 4.633399999999999741e-01 8.861660000000000093e-01 5.070999999999999987e-03 8.861780000000000213e-01 -4.633439999999999781e-01 -3.029999999999999924e-04
1.600000000000000000e+01 2.400000000000000000e+01 9.000000000000000000e+00 0.000000000000000000e+00 1.600000000000000089e+00 1.820999999999999919e-03 9.924000000000000529e-03 -9.999489999999999768e-01 4.624329999999999830e-01 8.866020000000000012e-01 9.641000000000000264e-03 8.866519999999999957e-01 -4.624269999999999770e-01 -2.975000000000000214e-03
1.900000000000000000e+01 2.400000000000000000e+01 9.000000000000000000e+00 0.000000000000000000e+00 1.600000000000000089e+00 2.152999999999999966e-03 8.267999999999999308e-03 -9.999639999999999640e-01 4.626160000000000272e-01 8.865199999999999747e-01 8.326000000000000068e-03 8.865560000000000107e-01 -4.626170000000000004e-01 -1.915999999999999951e-03
2.500000000000000000e+01 2.400000000000000000e+01 9.000000000000000000e+00 0.000000000000000000e+00 1.600000000000000089e+00 1.642000000000000013e-03 3.086000000000000201e-03 -9.999940000000000495e-01 4.617939999999999823e-01 8.869799999999999907e-01 3.495999999999999976e-03 8.869860000000000522e-01 -4.617970000000000130e-01 3.199999999999999855e-05
2.200000000000000000e+01 4.000000000000000000e+00 1.100000000000000000e+01 0.000000000000000000e+00 1.600000000000000089e+00 1.170999999999999949e-03 2.113400000000000001e-02 -9.997759999999999980e-01 2.247170000000000001e-01 9.742009999999999836e-01 2.085599999999999954e-02 9.744230000000000391e-01 -2.246910000000000018e-01 -3.608000000000000096e-03
2.600000000000000000e+01 4.000000000000000000e+00 1.100000000000000000e+01 0.000000000000000000e+00 1.600000000000000089e+00 1.074000000000000085e-03 7.773000000000000395e-03 -9.999689999999999968e-01 2.212379999999999902e-01 9.751880000000000548e-01 7.818000000000000296e-03 9.752189999999999470e-01 -2.212399999999999922e-01 -6.729999999999999871e-04
2.900000000000000000e+01 4.000000000000000000e+00 1.100000000000000000e+01 0.000000000000000000e+00 1.600000000000000089e+00 4.479999999999999933e-04 2.733999999999999885e-03 -9.999959999999999960e-01 2.201919999999999988e-01 9.754530000000000145e-01 2.765000000000000097e-03 9.754559999999999897e-01 -2.201929999999999998e-01 -1.649999999999999991e-04
2.800000000000000000e+01 3.100000000000000000e+01 1.200000000000000000e+01 0.000000000000000000e+00 1.600000000000000089e+00 -3.370000000000000057e-04 2.648999999999999879e-03 9.999959999999999960e-01 -2.041300000000000059e-02 9.997880000000000100e-01 -2.654999999999999808e-03 -9.997920000000000140e-01 -2.041400000000000159e-02 -2.820000000000000241e-04
5.000000000000000000e+00 3.500000000000000000e+01 1.200000000000000000e+01 0.000000000000000000e+00 1.600000000000000089e+00 -3.490000000000000047e-03 -3.657000000000000094e-03 -9.999869999999999592e-01 4.572280000000000233e-01 -8.893480000000000274e-01 1.655999999999999920e-03 -8.893429999999999946e-01 -4.572169999999999845e-01 4.775999999999999863e-03
8.000000000000000000e+00 3.500000000000000000e+01 1.200000000000000000e+01 0.000000000000000000e+00 1.600000000000000089e+00 -1.309999999999999967e-03 2.805000000000000202e-03 -9.999949999999999672e-01 4.706380000000000008e-01 -8.823210000000000219e-01 -3.092000000000000130e-03 -8.823260000000000547e-01 -4.706400000000000028e-01 -1.640000000000000019e-04
2.400000000000000000e+01 3.200000000000000000e+01 1.400000000000000000e+01 0.000000000000000000e+00 1.600000000000000089e+00 -1.175000000000000046e-03 1.062999999999999926e-03 -9.999989999999999712e-01 1.105130000000000001e-01 9.938740000000000352e-01 9.269999999999999811e-04 9.938740000000000352e-01 -1.105119999999999991e-01 -1.284999999999999901e-03
3.000000000000000000e+00 1.200000000000000000e+01 1.500000000000000000e+01 0.000000000000000000e+00 1.600000000000000089e+00 4.699999999999999859e-04 3.440000000000000132e-04 -1.000000000000000000e+00 -4.701679999999999748e-01 -8.825769999999999449e-01 -5.249999999999999676e-04 -8.825769999999999449e-01 4.701679999999999748e-01 -2.530000000000000239e-04
9.000000000000000000e+00 1.200000000000000000e+01 1.500000000000000000e+01 0.000000000000000000e+00 1.600000000000000089e+00 -1.172999999999999998e-03 -2.033999999999999784e-03 -9.999970000000000248e-01 -4.704760000000000053e-01 -8.824100000000000277e-01 2.347000000000000128e-03 -8.824119999999999742e-01 4.704769999999999786e-01 7.799999999999999859e-05
1.400000000000000000e+01 1.200000000000000000e+01 1.500000000000000000e+01 0.000000000000000000e+00 1.600000000000000089e+00 -1.299999999999999886e-04 -1.240000000000000054e-04 -1.000000000000000000e+00 -4.710050000000000070e-01 -8.821299999999999697e-01 1.700000000000000122e-04 -8.821299999999999697e-01 4.710050000000000070e-01 5.599999999999999916e-05
1.800000000000000000e+01 1.200000000000000000e+01 1.500000000000000000e+01 0.000000000000000000e+00 1.600000000000000089e+00 -1.108999999999999960e-03 -3.654999999999999829e-03 -9.999930000000000208e-01 -4.724920000000000231e-01 -8.813269999999999715e-01 3.745000000000000065e-03 -8.813339999999999508e-01 4.724929999999999963e-01 -7.489999999999999913e-04
2.600000000000000000e+01 1.200000000000000000e+01 1.500000000000000000e+01 0.000000000000000000e+00 1.600000000000000089e+00 -1.098999999999999934e-03 -8.909999999999999734e-04 -9.999989999999999712e-01 -4.707270000000000065e-01 -8.822780000000000067e-01 1.304000000000000038e-03 -8.822790000000000354e-01 4.707279999999999798e-01 5.500000000000000331e-04
2.000000000000000000e+00 1.160000000000000000e+02 1.600000000000000000e+01 0.000000000000000000e+00 1.600000000000000089e+00 2.040000000000000147e-03 2.884999999999999978e-03 9.999940000000000495e-01 6.457070000000000309e-01 7.635769999999999502e-01 -3.520000000000000125e-03 -7.635819999999999830e-01 6.457110000000000349e-01 -3.060000000000000111e-04
8.000000000000000000e+00 1.160000000000000000e+02 1.600000000000000000e+01 0.000000000000000000e+00 1.600000000000000089e+00 -6.290000000000000018e-04 -2.449999999999999921e-03 9.999970000000000248e-01 6.610430000000000472e-01 7.503440000000000110e-01 2.255000000000000060e-03 -7.503469999999999862e-01 6.610430000000000472e-01 1.147000000000000016e-03
2.000000000000000000e+01 1.160000000000000000e+02 1.600000000000000000e+01 0.000000000000000000e+00 1.600000000000000089e+00 -1.351999999999999903e-03 -1.178999999999999927e-03 9.999980000000000535e-01 6.491010000000000391e-01 7.607000000000000428e-01 1.775000000000000102e-03 -7.607009999999999605e-01 6.491029999999999855e-01 -2.629999999999999959e-04
2.900000000000000000e+01 1.160000000000000000e+02 1.600000000000000000e+01 0.000000000000000000e+00 1.600000000000000089e+00 9.820000000000000170e-04 -4.837000000000000154e-03 9.999879999999999880e-01 6.772939999999999516e-01 7.357069999999999999e-01 2.893999999999999871e-03 -7.357120000000000326e-01 6.772829999999999684e-01 3.998999999999999951e-03
3.000000000000000000e+00 2.000000000000000000e+00 1.900000000000000000e+01 0.000000000000000000e+00 1.600000000000000089e+00 5.172000000000000382e-03 -6.867999999999999973e-03 -9.999630000000000463e-01 1.982909999999999950e-01 -9.801119999999999832e-01 7.758000000000000139e-03 -9.801290000000000280e-01 -1.983240000000000003e-01 -3.706999999999999792e-03
8.000000000000000000e+00 2.000000000000000000e+00 1.900000000000000000e+01 0.000000000000000000e+00 1.600000000000000089e+00 4.106000000000000275e-03 -1.543100000000000027e-02 -9.998730000000000118e-01 2.034630000000000050e-01 -9.789529999999999621e-01 1.594399999999999984e-02 -9.790739999999999998e-01 -2.035029999999999895e-01 -8.800000000000000313e-04
1.600000000000000000e+01 2.000000000000000000e+00 1.900000000000000000e+01 0.000000000000000000e+00 1.600000000000000089e+00 3.671999999999999917e-03 -7.085000000000000152e-03 -9.999679999999999680e-01 2.097729999999999873e-01 -9.777200000000000335e-01 7.697999999999999982e-03 -9.777430000000000287e-01 -2.097940000000000083e-01 -2.103999999999999967e-03
2.200000000000000000e+01 2.000000000000000000e+00 1.900000000000000000e+01 0.000000000000000000e+00 1.600000000000000089e+00 4.918999999999999762e-03 -6.206999999999999844e-03 -9.999689999999999968e-01 2.084399999999999864e-01 -9.780100000000000460e-01 7.095999999999999877e-03 -9.780229999999999757e-01 -2.084679999999999866e-01 -3.517000000000000161e-03
2.500000000000000000e+01 2.000000000000000000e+00 1.900000000000000000e+01 0.000000000000000000e+00 1.600000000000000089e+00 8.980000000000000352e-04 -4.858999999999999604e-03 -9.999879999999999880e-01 2.088550000000000129e-01 -9.779339999999999700e-01 4.939999999999999947e-03 -9.779459999999999820e-01 -2.088569999999999871e-01 1.359999999999999989e-04
1.500000000000000000e+01 4.000000000000000000e+00 2.000000000000000000e+01 0.000000000000000000e+00 1.600000000000000089e+00 8.999999999999999754e-04 -1.582999999999999989e-03 -9.999980000000000535e-01 2.921059999999999768e-01 -9.563840000000000119e-01 1.776999999999999934e-03 -9.563850000000000406e-01 -2.921070000000000055e-01 -3.980000000000000248e-04
5.000000000000000000e+00 1.300000000000000000e+01 2.000000000000000000e+01 0.000000000000000000e+00 1.600000000000000089e+00 1.050000000000000044e-04 -8.859999999999999603e-04 1.000000000000000000e+00 2.557800000000000074e-01 9.667350000000000110e-01 8.300000000000000086e-04 -9.667350000000000110e-01 2.557800000000000074e-01 3.280000000000000038e-04
1.100000000000000000e+01 1.300000000000000000e+01 2.000000000000000000e+01 0.000000000000000000e+00 1.600000000000000089e+00 -1.082999999999999978e-03 -2.487000000000000061e-03 9.999959999999999960e-01 2.568869999999999765e-01 9.664380000000000193e-01 2.681999999999999922e-03 -9.664409999999999945e-01 2.568889999999999785e-01 -4.070000000000000267e-04
1.600000000000000000e+01 1.300000000000000000e+01 2.000000000000000000e+01 0.000000000000000000e+00 1.600000000000000089e+00 3.399999999999999973e-05 3.240000000000000150e-04 1.000000000000000000e+00 2.573329999999999784e-01 9.663230000000000430e-01 -3.209999999999999963e-04 -9.663230000000000430e-01 2.573329999999999784e-01 -5.000000000000000240e-05
2.400000000000000000e+01 1.300000000000000000e+01 2.000000000000000000e+01 0.000000000000000000e+00 1.600000000000000089e+00 5.670000000000000127e-04 1.550000000000000000e-04 1.000000000000000000e+00 2.561919999999999753e-01 9.666259999999999852e-01 -2.959999999999999849e-04 -9.666259999999999852e-01 2.561919999999999753e-01 5.090000000000000123e-04
2.800000000000000000e+01 1.300000000000000000e+01 2.000000000000000000e+01 0.000000000000000000e+00 1.600000000000000089e+00 -1.611999999999999935e-03 -4.728999999999999697e-03 9.999879999999999880e-01 2.570270000000000055e-01 9.663910000000000000e-01 4.983999999999999715e-03 -9.664030000000000120e-01 2.570319999999999827e-01 -3.420000000000000188e-04
2.000000000000000000e+00 1.600000000000000000e+01 2.100000000000000000e+01 0.000000000000000000e+00 1.600000000000000089e+00 3.350000000000000113e-04 6.745000000000000127e-03 9.999770000000000048e-01 3.015349999999999975e-01 9.534329999999999750e-01 -6.531999999999999612e-03 -9.534550000000000525e-01 3.015309999999999935e-01 -1.714999999999999945e-03
2.700000000000000000e+01 1.600000000000000000e+01 2.100000000000000000e+01 0.000000000000000000e+00 1.600000000000000089e+00 -6.149999999999999868e-04 -5.242000000000000132e-03 9.999860000000000415e-01 3.003009999999999846e-01 9.538299999999999557e-01 5.185000000000000372e-03 -9.538440000000000252e-01 3.003000000000000114e-01 9.870000000000000301e-04
1.400000000000000000e+01 4.600000000000000000e+01 2.700000000000000000e+01 0.000000000000000000e+00 1.600000000000000089e+00 2.138000000000000143e-03 4.600000000000000004e-05 -9.999980000000000535e-01 6.598209999999999908e-01 7.514210000000000056e-01 1.446000000000000020e-03 7.514199999999999768e-01 -6.598230000000000484e-01 1.575999999999999927e-03
5.000000000000000000e+00 4.600000000000000000e+01 3.000000000000000000e+01 0.000000000000000000e+00 1.600000000000000089e+00 2.939999999999999905e-04 1.749999999999999982e-04 -1.000000000000000000e+00 3.288679999999999937e-01 9.443759999999999932e-01 2.620000000000000258e-04 9.443759999999999932e-01 -3.288679999999999937e-01 2.210000000000000050e-04
1.000000000000000000e+00 5.800000000000000000e+01 3.100000000000000000e+01 0.000000000000000000e+00 1.600000000000000089e+00 3.024000000000000212e-03 -8.576999999999999555e-03 9.999590000000000423e-01 -7.649500000000000188e-01 -6.440820000000000434e-01 -3.210999999999999879e-03 6.440829999999999611e-01 -7.649080000000000323e-01 -8.508999999999999203e-03
9.000000000000000000e+00 5.800000000000000000e+01 3.100000000000000000e+01 0.000000000000000000e+00 1.600000000000000089e+00 -2.194000000000000204e-03 -5.305999999999999953e-03 9.999829999999999552e-01 -7.678719999999999990e-01 -6.405830000000000135e-01 -5.083999999999999977e-03 6.405990000000000295e-01 -7.678709999999999702e-01 -2.668999999999999932e-03
1.600000000000000000e+01 5.800000000000000000e+01 3.100000000000000000e+01 0.000000000000000000e+00 1.600000000000000089e+00 -1.515000000000000071e-03 2.951000000000000064e-03 9.999949999999999672e-01 -7.732339999999999769e-01 -6.341200000000000170e-01 6.999999999999999929e-04 6.341189999999999882e-01 -7.732290000000000552e-01 3.242999999999999789e-03
2.000000000000000000e+01 5.800000000000000000e+01 3.100000000000000000e+01 0.000000000000000000e+00 1.600000000000000089e+00 6.271999999999999797e-03 6.729999999999999871e-03 9.999580000000000135e-01 -7.749840000000000062e-01 -6.319150000000000045e-01 9.114000000000000573e-03 6.319489999999999830e-01 -7.750089999999999479e-01 1.252999999999999991e-03
2.200000000000000000e+01 5.800000000000000000e+01 3.100000000000000000e+01 0.000000000000000000e+00 1.600000000000000089e+00 7.067999999999999630e-03 8.514999999999999999e-03 9.999390000000000223e-01 -7.746410000000000240e-01 -6.323079999999999812e-01 1.085900000000000060e-02 6.323619999999999797e-01 -7.746699999999999697e-01 2.126999999999999984e-03
2.000000000000000000e+00 4.600000000000000000e+01 3.500000000000000000e+01 0.000000000000000000e+00 1.600000000000000089e+00 4.339999999999999782e-04 -3.513000000000000064e-03 -9.999940000000000495e-01 3.850419999999999954e-01 -9.228929999999999634e-01 3.409999999999999837e-03 -9.228990000000000249e-01 -3.850410000000000221e-01 9.520000000000000467e-04
8.000000000000000000e+00 4.600000000000000000e+01 3.500000000000000000e+01 0.000000000000000000e+00 1.600000000000000089e+00 -2.680000000000000090e-04 4.609999999999999840e-04 -1.000000000000000000e+00 3.855859999999999843e-01 -9.226720000000000477e-01 -5.289999999999999564e-04 -9.226720000000000477e-01 -3.855859999999999843e-01 6.899999999999999667e-05
1.300000000000000000e+01 4.600000000000000000e+01 3.500000000000000000e+01 0.000000000000000000e+00 1.600000000000000089e+00 -5.090000000000000123e-04 -2.141999999999999807e-03 -9.999980000000000535e-01 3.857400000000000273e-01 -9.226060000000000372e-01 1.779999999999999898e-03 -9.226069999999999549e-01 -3.857380000000000253e-01 1.296000000000000060e-03
1.900000000000000000e+01 4.600000000000000000e+01 3.500000000000000000e+01 0.000000000000000000e+00 1.600000000000000089e+00 -5.270000000000000162e-04 1.453999999999999997e-03 -9.999989999999999712e-01 3.854330000000000256e-01 -9.227340000000000542e-01 -1.544999999999999932e-03 -9.227360000000000007e-01 -3.854330000000000256e-01 -7.399999999999999623e-05
2.600000000000000000e+01 4.600000000000000000e+01 3.500000000000000000e+01 0.000000000000000000e+00 1.600000000000000089e+00 6.430000000000000169e-04 -2.422999999999999807e-03 -9.999970000000000248e-01 3.849360000000000004e-01 -9.229399999999999826e-01 2.484000000000000097e-03 -9.229429999999999579e-01 -3.849369999999999736e-01 3.400000000000000244e-04
2.900000000000000000e+01 4.600000000000000000e+01 3.500000000000000000e+01 0.000000000000000000e+00 1.600000000000000089e+00 4.800000000000000122e-04 -3.016000000000000018e-03 -9.999949999999999672e-01 3.835740000000000260e-01 -9.235060000000000491e-01 2.969999999999999984e-03 -9.235100000000000531e-01 -3.835729999999999973e-01 7.140000000000000079e-04
2.000000000000000000e+00 9.500000000000000000e+01 3.600000000000000000e+01 0.000000000000000000e+00 1.600000000000000089e+00 7.206999999999999865e-03 1.128099999999999936e-02 9.999099999999999655e-01 9.972800000000000553e-01 7.327599999999999392e-02 -8.014999999999999555e-03 -7.335899999999999366e-02 9.972480000000000233e-01 -1.072200000000000063e-02
1.600000000000000000e+01 9.500000000000000000e+01 3.600000000000000000e+01 0.000000000000000000e+00 1.600000000000000089e+00 -4.299999999999999894e-04 -1.312699999999999978e-02 9.999139999999999695e-01 9.974830000000000085e-01 7.088999999999999468e-02 1.360000000000000098e-03 -7.090200000000000669e-02 9.973980000000000068e-01 1.306399999999999922e-02
2.300000000000000000e+01 9.500000000000000000e+01 3.600000000000000000e+01 0.000000000000000000e+00 1.600000000000000089e+00 5.749999999999999903e-04 3.503300000000000164e-02 9.993859999999999966e-01 9.980850000000000000e-01 6.180399999999999783e-02 -2.740999999999999947e-03 -6.186200000000000032e-02 9.974730000000000540e-01 -3.493099999999999677e-02
1.000000000000000000e+01 3.000000000000000000e+00 4.300000000000000000e+01 0.000000000000000000e+00 1.600000000000000089e+00 -2.618000000000000101e-03 -2.521999999999999936e-02 -9.996779999999999555e-01 7.356810000000000294e-01 -6.771580000000000377e-01 1.515700000000000033e-02 -6.773230000000000084e-01 -7.354049999999999754e-01 2.032700000000000132e-02
2.300000000000000000e+01 3.000000000000000000e+00 4.300000000000000000e+01 0.000000000000000000e+00 1.600000000000000089e+00 5.509000000000000008e-03 2.216800000000000020e-02 -9.997390000000000443e-01 7.413819999999999855e-01 -6.709960000000000369e-01 -1.079300000000000051e-02 -6.710599999999999898e-01 -7.411299999999999555e-01 -2.013200000000000059e-02
2.700000000000000000e+01 3.000000000000000000e+00 4.300000000000000000e+01 0.000000000000000000e+00 1.600000000000000089e+00 -1.941000000000000017e-03 9.126999999999999696e-03 -9.999559999999999560e-01 7.411550000000000082e-01 -6.712919999999999998e-01 -7.565999999999999809e-03 -6.713320000000000398e-01 -7.411370000000000458e-01 -5.460999999999999709e-03
1.900000000000000000e+01 8.000000000000000000e+00 4.400000000000000000e+01 0.000000000000000000e+00 1.600000000000000089e+00 -3.690999999999999837e-03 8.090000000000000403e-04 9.999930000000000208e-01 -7.777180000000000204e-01 -6.286089999999999733e-01 -2.361999999999999950e-03 6.286019999999999941e-01 -7.777209999999999956e-01 2.948999999999999799e-03
2.800000000000000000e+01 8.000000000000000000e+00 4.400000000000000000e+01 0.000000000000000000e+00 1.600000000000000089e+00 3.386000000000000121e-03 9.849999999999999381e-03 9.999460000000000015e-01 -7.787450000000000205e-01 -6.272790000000000310e-01 8.815999999999999184e-03 6.273309999999999720e-01 -7.787330000000000085e-01 5.545999999999999715e-03
2.000000000000000000e+00 2.900000000000000000e+01 4.400000000000000000e+01 0.000000000000000000e+00 1.600000000000000089e+00 -1.196999999999999930e-03 8.009999999999999542e-04 -9.999989999999999712e-01 6.685069999999999624e-01 7.437059999999999782e-01 -2.049999999999999956e-04 7.437049999999999494e-01 -6.685060000000000446e-01 -1.425999999999999967e-03
6.000000000000000000e+00 2.900000000000000000e+01 4.400000000000000000e+01 0.000000000000000000e+00 1.600000000000000089e+00 1.490999999999999921e-03 2.900000000000000017e-04 -9.999989999999999712e-01 6.737990000000000368e-01 7.389139999999999597e-01 1.219000000000000031e-03 7.389130000000000420e-01 -6.737999999999999545e-01 9.060000000000000128e-04
9.000000000000000000e+00 2.900000000000000000e+01 4.400000000000000000e+01 0.000000000000000000e+00 1.600000000000000089e+00 2.112000000000000162e-03 -4.102999999999999876e-03 -9.999890000000000168e-01 6.794059999999999544e-01 7.337609999999999966e-01 -1.575999999999999927e-03 7.337590000000000501e-01 -6.793959999999999999e-01 4.336999999999999710e-03
1.500000000000000000e+01 2.900000000000000000e+01 4.400000000000000000e+01 0.000000000000000000e+00 1.600000000000000089e+00 1.605000000000000090e-03 7.529999999999999801e-04 -9.999980000000000535e-01 6.824799999999999756e-01 7.309020000000000516e-01 1.645999999999999894e-03 7.309020000000000516e-01 -6.824820000000000331e-01 6.589999999999999721e-04
1.800000000000000000e+01 2.900000000000000000e+01 4.400000000000000000e+01 0.000000000000000000e+00 1.600000000000000089e+00 2.086000000000000180e-03 2.979999999999999793e-04 -9.999980000000000535e-01 6.810329999999999995e-01 7.322509999999999852e-01 1.639000000000000049e-03 7.322490000000000387e-01 -6.810349999999999460e-01 1.325000000000000006e-03
2.300000000000000000e+01 2.900000000000000000e+01 4.400000000000000000e+01 0.000000000000000000e+00 1.600000000000000089e+00 2.112999999999999861e-03 1.351999999999999903e-03 -9.999970000000000248e-01 6.756990000000000496e-01 7.371739999999999959e-01 2.423999999999999939e-03 7.371750000000000247e-01 -6.757020000000000248e-01 6.440000000000000412e-04
2.700000000000000000e+01 2.900000000000000000e+01 4.400000000000000000e+01 0.000000000000000000e+00 1.600000000000000089e+00 -8.859999999999999603e-04 -1.263000000000000017e-03 -9.999989999999999712e-01 6.686389999999999834e-01 7.435859999999999692e-01 -1.531000000000000026e-03 7.435869999999999980e-01 -6.686400000000000121e-01 1.859999999999999945e-04
1.200000000000000000e+01 7.000000000000000000e+00 5.200000000000000000e+01 0.000000000000000000e+00 1.600000000000000089e+00 -6.200999999999999915e-03 -7.642999999999999620e-03 -9.999519999999999520e-01 1.364070000000000005e-01 -9.906300000000000106e-01 6.726000000000000208e-03 -9.906340000000000146e-01 -1.363580000000000070e-01 7.185999999999999679e-03
2.400000000000000000e+01 7.000000000000000000e+00 5.200000000000000000e+01 0.000000000000000000e+00 1.600000000000000089e+00 4.736999999999999891e-03 2.808999999999999865e-03 -9.999850000000000128e-01 7.545599999999999530e-02 -9.971459999999999768e-01 -2.442999999999999859e-03 -9.971379999999999688e-01 -7.544299999999999617e-02 -4.935000000000000150e-03
4.000000000000000000e+00 6.300000000000000000e+01 5.400000000000000000e+01 0.000000000000000000e+00 1.600000000000000089e+00 -2.233000000000000176e-03 1.046999999999999971e-03 9.999970000000000248e-01 -3.548580000000000068e-01 9.349189999999999445e-01 -1.771000000000000005e-03 -9.349180000000000268e-01 -3.548609999999999820e-01 -1.716000000000000077e-03
1.000000000000000000e+01 6.300000000000000000e+01 5.400000000000000000e+01 0.000000000000000000e+00 1.600000000000000089e+00 -9.070000000000000371e-04 5.559999999999999621e-04 9.999989999999999712e-01 -3.534479999999999844e-01 9.354540000000000077e-01 -8.409999999999999507e-04 -9.354540000000000077e-01 -3.534479999999999844e-01 -6.520000000000000188e-04
1.800000000000000000e+01 6.300000000000000000e+01 5.400000000000000000e+01 0.000000000000000000e+00 1.600000000000000089e+00 1.402999999999999950e-03 -8.819999999999999715e-04 9.999989999999999712e-01 -3.481179999999999830e-01 9.374500000000000055e-01 1.314999999999999980e-03 -9.374500000000000055e-01 -3.481190000000000118e-01 1.008999999999999914e-03
2.700000000000000000e+01 6.300000000000000000e+01 5.400000000000000000e+01 0.000000000000000000e+00 1.600000000000000089e+00 1.451000000000000033e-03 -1.160000000000000007e-03 9.999980000000000535e-01 -3.510139999999999927e-01 9.363690000000000069e-01 1.595999999999999979e-03 -9.363690000000000069e-01 -3.510159999999999947e-01 9.510000000000000224e-04
6.000000000000000000e+00 2.500000000000000000e+01 5.500000000000000000e+01 0.000000000000000000e+00 1.600000000000000089e+00 9.520000000000000467e-04 7.579999999999999932e-04 -9.999989999999999712e-01 -1.366799999999999959e-02 -9.999059999999999615e-01 -7.709999999999999840e-04 -9.999059999999999615e-01 1.366900000000000059e-02 -9.420000000000000205e-04
1.700000000000000000e+01 2.500000000000000000e+01 5.500000000000000000e+01 0.000000000000000000e+00 1.600000000000000089e+00 -3.099999999999999999e-04 -3.390000000000000001e-04 -1.000000000000000000e+00 -1.114399999999999939e-02 -9.999379999999999935e-01 3.420000000000000188e-04 -9.999379999999999935e-01 1.114399999999999939e-02 3.060000000000000111e-04
2.200000000000000000e+01 2.500000000000000000e+01 5.500000000000000000e+01 0.000000000000000000e+00 1.600000000000000089e+00 -1.335000000000000032e-03 -2.109000000000000197e-03 -9.999970000000000248e-01 -1.235999999999999946e-02 -9.999209999999999487e-01 2.125000000000000153e-03 -9.999230000000000063e-01 1.236300000000000072e-02 1.307999999999999918e-03
2.500000000000000000e+01 5.800000000000000000e+01 5.900000000000000000e+01 0.000000000000000000e+00 1.600000000000000089e+00 1.897000000000000032e-03 4.468999999999999882e-03 -9.999879999999999880e-01 3.930290000000000172e-01 9.195130000000000248e-01 4.854999999999999941e-03 9.195240000000000080e-01 -3.930330000000000212e-01 -1.200000000000000030e-05
1.100000000000000000e+01 2.100000000000000000e+01 6.000000000000000000e+01 0.000000000000000000e+00 1.600000000000000089e+00 -2.539999999999999940e-04 4.370999999999999885e-03 9.999900000000000455e-01 -9.374300000000000688e-02 9.955869999999999997e-01 -4.375999999999999682e-03 -9.955960000000000365e-01 -9.374300000000000688e-02 1.569999999999999944e-04
1.700000000000000000e+01 2.100000000000000000e+01 6.000000000000000000e+01 0.000000000000000000e+00 1.600000000000000089e+00 2.089999999999999844e-03 5.246999999999999928e-03 9.999839999999999840e-01 -9.611799999999999511e-02 9.953570000000000473e-01 -5.022000000000000422e-03 -9.953680000000000305e-01 -9.610599999999999699e-02 2.585000000000000058e-03
2.900000000000000000e+01 2.100000000000000000e+01 6.000000000000000000e+01 0.000000000000000000e+00 1.600000000000000089e+00 1.049999999999999935e-03 5.019999999999999506e-04 9.999989999999999712e-01 -9.635000000000000508e-02 9.953469999999999818e-01 -3.980000000000000248e-04 -9.953469999999999818e-01 -9.634900000000000408e-02 1.093999999999999920e-03
2.800000000000000000e+01 6.000000000000000000e+00 6.100000000000000000e+01 0.000000000000000000e+00 1.600000000000000089e+00 -5.490000000000000088e-04 9.700000000000000505e-04 9.999989999999999712e-01 5.606210000000000360e-01 -8.280720000000000303e-01 1.111000000000000008e-03 8.280720000000000303e-01 5.606210000000000360e-01 -9.000000000000000567e-05
1.800000000000000000e+01 3.000000000000000000e+00 6.300000000000000000e+01 0.000000000000000000e+00 1.600000000000000089e+00 -2.949999999999999931e-03 1.721000000000000090e-03 9.999940000000000495e-01 -6.125559999999999894e-01 7.904210000000000402e-01 -3.167000000000000110e-03 -7.904219999999999580e-01 -6.125610000000000221e-01 -1.278000000000000056e-03
6.000000000000000000e+00 2.700000000000000000e+01 6.300000000000000000e+01 0.000000000000000000e+00 1.600000000000000089e+00 -2.177000000000000116e-03 2.680999999999999790e-03 9.999940000000000495e-01 -2.742499999999999938e-01 9.616529999999999800e-01 -3.174999999999999871e-03 -9.616559999999999553e-01 -2.742559999999999998e-01 -1.358000000000000049e-03
1.300000000000000000e+01 2.700000000000000000e+01 6.300000000000000000e+01 0.000000000000000000e+00 1.600000000000000089e+00 7.839999999999999747e-04 6.399999999999999710e-05 1.000000000000000000e+00 -2.808559999999999945e-01 9.597499999999999920e-01 1.579999999999999916e-04 -9.597499999999999920e-01 -2.808559999999999945e-01 7.699999999999999597e-04
2.000000000000000000e+01 2.700000000000000000e+01 6.300000000000000000e+01 0.000000000000000000e+00 1.600000000000000089e+00 -8.980000000000000352e-04 3.204999999999999950e-03 9.999949999999999672e-01 -2.794389999999999930e-01 9.601579999999999560e-01 -3.328999999999999928e-03 -9.601629999999999887e-01 -2.794400000000000217e-01 3.300000000000000253e-05
2.400000000000000000e+01 2.700000000000000000e+01 6.300000000000000000e+01 0.000000000000000000e+00 1.600000000000000089e+00 -5.000000000000000409e-06 -2.428000000000000037e-03 9.999970000000000248e-01 -2.794710000000000250e-01 9.601509999999999767e-01 2.330000000000000040e-03 -9.601539999999999520e-01 -2.794699999999999962e-01 -6.840000000000000377e-04
5.000000000000000000e+00 2.600000000000000000e+01 6.400000000000000000e+01 0.000000000000000000e+00 1.600000000000000089e+00 -2.001999999999999873e-03 -1.049999999999999935e-03 9.999970000000000248e-01 -3.522009999999999863e-01 9.359239999999999782e-01 2.779999999999999811e-04 -9.359220000000000317e-01 -3.521989999999999843e-01 -2.243999999999999901e-03
1.100000000000000000e+01 2.600000000000000000e+01 6.400000000000000000e+01 0.000000000000000000e+00 1.600000000000000089e+00 -3.499999999999999964e-04 -6.639999999999999852e-04 1.000000000000000000e+00 -3.613589999999999858e-01 9.324270000000000058e-01 4.929999999999999487e-04 -9.324270000000000058e-01 -3.613589999999999858e-01 -5.659999999999999884e-04
1.400000000000000000e+01 2.600000000000000000e+01 6.400000000000000000e+01 0.000000000000000000e+00 1.600000000000000089e+00 1.838000000000000007e-03 2.260999999999999989e-03 9.999959999999999960e-01 -3.642810000000000215e-01 9.312880000000000047e-01 -1.435999999999999993e-03 -9.312869999999999759e-01 -3.642770000000000175e-01 2.534999999999999927e-03
1.900000000000000000e+01 2.600000000000000000e+01 6.400000000000000000e+01 0.000000000000000000e+00 1.600000000000000089e+00 -4.180000000000000230e-04 4.663999999999999743e-03 9.999890000000000168e-01 -3.635450000000000070e-01 9.315660000000000052e-01 -4.497000000000000129e-03 -9.315759999999999597e-01 -3.635430000000000050e-01 1.306000000000000086e-03
2.500000000000000000e+01 2.600000000000000000e+01 6.400000000000000000e+01 0.000000000000000000e+00 1.600000000000000089e+00 -7.600000000000000418e-05 -4.498000000000000262e-03 9.999900000000000455e-01 -3.629040000000000044e-01 9.318170000000000064e-01 4.164000000000000166e-03 -9.318260000000000431e-01 -3.629000000000000004e-01 -1.703000000000000087e-03
3.000000000000000000e+01 2.600000000000000000e+01 6.400000000000000000e+01 0.000000000000000000e+00 1.600000000000000089e+00 -7.900000000000000121e-04 -6.402999999999999838e-03 9.999789999999999512e-01 -3.653449999999999753e-01 9.308549999999999880e-01 5.671999999999999958e-03 -9.308720000000000327e-01 -3.653330000000000188e-01 -3.075000000000000042e-03
8.000000000000000000e+00 6.900000000000000000e+01 6.600000000000000000e+01 0.000000000000000000e+00 1.600000000000000089e+00 1.023699999999999957e-02 -8.448999999999999913e-03 9.999120000000000230e-01 -9.530710000000000015e-01 3.024959999999999871e-01 1.231400000000000029e-02 -3.025729999999999809e-01 -9.531129999999999880e-01 -4.956000000000000336e-03
1.600000000000000000e+01 6.900000000000000000e+01 6.600000000000000000e+01 0.000000000000000000e+00 1.600000000000000089e+00 5.465000000000000240e-03 -8.180000000000000422e-04 9.999850000000000128e-01 -9.532840000000000202e-01 3.020260000000000167e-01 5.457000000000000045e-03 -3.020260000000000167e-01 -9.532990000000000075e-01 8.710000000000000294e-04
2.000000000000000000e+01 3.100000000000000000e+01 7.100000000000000000e+01 0.000000000000000000e+00 1.600000000000000089e+00 5.039999999999999992e-04 4.650000000000000270e-04 -1.000000000000000000e+00 -7.107510000000000217e-01 -7.034439999999999582e-01 -6.849999999999999535e-04 -7.034439999999999582e-01 7.107510000000000217e-01 -2.400000000000000061e-05
2.400000000000000000e+01 2.500000000000000000e+01 7.300000000000000000e+01 0.000000000000000000e+00 1.600000000000000089e+00 2.436999999999999930e-03 3.265000000000000107e-03 9.999919999999999920e-01 7.432490000000000485e-01 -6.690150000000000263e-01 3.730000000000000134e-04 6.690110000000000223e-01 7.432410000000000405e-01 -4.056999999999999842e-03
8.000000000000000000e+00 4.400000000000000000e+01 7.300000000000000000e+01 0.000000000000000000e+00 1.600000000000000089e+00 -2.654999999999999808e-03 -3.128000000000000138e-03 9.999919999999999920e-01 4.762700000000000267e-02 -9.988609999999999989e-01 -2.997999999999999797e-03 9.988620000000000276e-01 4.761900000000000160e-02 2.801000000000000104e-03
1.400000000000000000e+01 4.400000000000000000e+01 7.300000000000000000e+01 0.000000000000000000e+00 1.600000000000000089e+00 1.028000000000000051e-03 -2.095000000000000074e-03 9.999970000000000248e-01 4.404500000000000082e-02 -9.990269999999999984e-01 -2.138000000000000143e-03 9.990289999999999448e-01 4.404700000000000282e-02 -9.349999999999999587e-04
1.800000000000000000e+01 4.400000000000000000e+01 7.300000000000000000e+01 0.000000000000000000e+00 1.600000000000000089e+00 1.175000000000000046e-03 -3.911000000000000414e-03 9.999919999999999920e-01 4.385399999999999715e-02 -9.990299999999999736e-01 -3.958999999999999846e-03 9.990369999999999528e-01 4.385800000000000115e-02 -1.002000000000000069e-03
2.600000000000000000e+01 4.400000000000000000e+01 7.300000000000000000e+01 0.000000000000000000e+00 1.600000000000000089e+00 1.639999999999999965e-03 -2.132000000000000214e-03 9.999959999999999960e-01 4.643400000000000305e-02 -9.989190000000000014e-01 -2.206000000000000062e-03 9.989200000000000301e-01 4.643699999999999911e-02 -1.539000000000000003e-03
3.000000000000000000e+00 2.500000000000000000e+01 7.400000000000000000e+01 0.000000000000000000e+00 1.600000000000000089e+00 5.099000000000000234e-03 -6.172000000000000403e-03 9.999679999999999680e-01 8.171570000000000222e-01 -5.763639999999999874e-01 -7.723999999999999963e-03 5.763930000000000442e-01 8.171699999999999520e-01 2.105000000000000100e-03
1.000000000000000000e+01 2.500000000000000000e+01 7.400000000000000000e+01 0.000000000000000000e+00 1.600000000000000089e+00 2.255000000000000060e-03 7.591999999999999790e-03 9.999689999999999968e-01 8.166860000000000230e-01 -5.770769999999999511e-01 2.540000000000000157e-03 5.770779999999999799e-01 8.166539999999999910e-01 -7.501999999999999988e-03
