5.000000000000000000e+00 4.200000000000000000e+01 2.000000000000000000e+00 0.000000000000000000e+00 1.600000000000000089e+00 -2.369000000000000012e-03 -3.214899999999999702e-02 9.994800000000000351e-01 9.898759999999999781e-01 1.417670000000000041e-01 6.906999999999999945e-03 -1.419150000000000134e-01 9.893779999999999797e-01 3.148800000000000210e-02
1.000000000000000000e+01 4.200000000000000000e+01 2.000000000000000000e+00 0.000000000000000000e+00 1.600000000000000089e+00 -7.780999999999999722e-03 -1.464400000000000077e-02 9.998620000000000285e-01 9.879909999999999526e-01 1.541879999999999917e-01 9.946999999999999245e-03 -1.543120000000000047e-01 9.879329999999999501e-01 1.326899999999999955e-02
6.000000000000000000e+00 1.600000000000000000e+01 4.000000000000000000e+00 0.000000000000000000e+00 1.600000000000000089e+00 -3.314999999999999804e-03 1.901600000000000165e-02 9.998139999999999805e-01 3.231430000000000136e-01 -9.461580000000000545e-01 1.906599999999999961e-02 9.463439999999999630e-01 3.231459999999999888e-01 -3.008999999999999956e-03
9.000000000000000000e+00 1.600000000000000000e+01 4.000000000000000000e+00 0.000000000000000000e+00 1.600000000000000089e+00 3.266999999999999939e-03 2.625999999999999862e-02 9.996500000000000385e-01 3.224139999999999784e-01 -9.462990000000000013e-01 2.380499999999999977e-02 9.465930000000000177e-01 3.222229999999999817e-01 -1.155800000000000056e-02
1.400000000000000000e+01 1.600000000000000000e+01 4.000000000000000000e+00 0.000000000000000000e+00 1.600000000000000089e+00 -8.170000000000000179e-04 1.555699999999999965e-02 9.998789999999999623e-01 3.228719999999999923e-01 -9.463240000000000540e-01 1.498799999999999959e-02 9.464420000000000055e-01 3.228460000000000218e-01 -4.249000000000000173e-03
2.400000000000000000e+01 1.600000000000000000e+01 4.000000000000000000e+00 0.000000000000000000e+00 1.600000000000000089e+00 -2.990000000000000036e-04 9.877999999999999628e-03 9.999510000000000343e-01 3.223829999999999751e-01 -9.465620000000000145e-01 9.445999999999999536e-03 9.466090000000000337e-01 3.223699999999999899e-01 -2.900999999999999933e-03
1.000000000000000000e+00 1.500000000000000000e+01 8.000000000000000000e+00 0.000000000000000000e+00 1.600000000000000089e+00 5.367000000000000243e-03 1.179900000000000046e-02 -9.999160000000000270e-01 -5.675440000000000484e-01 -8.232439999999999758e-01 -1.276099999999999977e-02 -8.233260000000000023e-01 5.675649999999999862e-01 2.279000000000000210e-03
6.000000000000000000e+00 1.500000000000000000e+01 8.000000000000000000e+00 0.000000000000000000e+00 1.600000000000000089e+00 7.302000000000000331e-03 1.467399999999999954e-02 -9.998660000000000325e-01 -5.648130000000000095e-01 -8.250589999999999868e-01 -1.623300000000000090e-02 -8.251870000000000038e-01 5.648560000000000247e-01 2.263999999999999953e-03
1.100000000000000000e+01 1.500000000000000000e+01 8.000000000000000000e+00 0.000000000000000000e+00 1.600000000000000089e+00 4.819000000000000367e-03 2.143799999999999872e-02 -9.997589999999999533e-01 -5.641610000000000236e-01 -8.254120000000000346e-01 -2.041799999999999865e-02 -8.256510000000000238e-01 5.641230000000000411e-01 8.116999999999999216e-03
5.000000000000000000e+00 2.600000000000000000e+01 8.000000000000000000e+00 0.000000000000000000e+00 1.600000000000000089e+00 -5.174999999999999913e-03 -1.317899999999999974e-02 -9.999000000000000110e-01 4.174919999999999742e-01 9.085710000000000175e-01 -1.413599999999999926e-02 9.086659999999999737e-01 -4.175229999999999775e-01 8.000000000000000383e-04
1.200000000000000000e+01 2.600000000000000000e+01 8.000000000000000000e+00 0.000000000000000000e+00 1.600000000000000089e+00 -4.606999999999999984e-03 -1.899700000000000000e-02 -9.998089999999999478e-01 4.215610000000000190e-01 9.065969999999999862e-01 -1.916800000000000101e-02 9.067880000000000384e-01 -4.215690000000000270e-01 3.831999999999999903e-03
1.500000000000000000e+01 2.600000000000000000e+01 8.000000000000000000e+00 0.000000000000000000e+00 1.600000000000000089e+00 -5.212999999999999752e-03 -2.040399999999999853e-02 -9.997779999999999445e-01 4.233040000000000136e-01 9.057520000000000016e-01 -2.069199999999999859e-02 9.059730000000000283e-01 -4.233180000000000276e-01 3.916000000000000210e-03
1.800000000000000000e+01 2.600000000000000000e+01 8.000000000000000000e+00 0.000000000000000000e+00 1.600000000000000089e+00 -5.746000000000000239e-03 -2.206400000000000028e-02 -9.997399999999999620e-01 4.254069999999999796e-01 9.047250000000000014e-01 -2.241200000000000137e-02 9.049840000000000106e-01 -4.254249999999999976e-01 4.186999999999999750e-03
2.200000000000000000e+01 2.600000000000000000e+01 8.000000000000000000e+00 0.000000000000000000e+00 1.600000000000000089e+00 -3.997999999999999818e-03 -3.409000000000000138e-03 -9.999860000000000415e-01 4.282799999999999940e-01 9.036330000000000195e-01 -4.793000000000000385e-03 9.036370000000000235e-01 -4.282929999999999793e-01 -2.151999999999999833e-03
2.700000000000000000e+01 2.600000000000000000e+01 8.000000000000000000e+00 0.000000000000000000e+00 1.600000000000000089e+00 -2.056999999999999801e-03 -1.024500000000000063e-02 -9.999449999999999728e-01 4.270419999999999772e-01 9.041749999999999510e-01 -1.014199999999999997e-02 9.042289999999999495e-01 -4.270399999999999752e-01 2.516000000000000007e-03
1.600000000000000000e+01 1.400000000000000000e+01 9.000000000000000000e+00 0.000000000000000000e+00 1.600000000000000089e+00 6.865999999999999708e-03 1.496399999999999987e-02 -9.998639999999999750e-01 -5.576449999999999463e-01 -8.299199999999999910e-01 -1.625000000000000056e-02 -8.300509999999999833e-01 5.576809999999999823e-01 2.647000000000000047e-03
1.900000000000000000e+01 1.400000000000000000e+01 9.000000000000000000e+00 0.000000000000000000e+00 1.600000000000000089e+00 6.492999999999999640e-03 1.648700000000000165e-02 -9.998430000000000373e-01 -5.559859999999999802e-01 -8.310110000000000552e-01 -1.731299999999999853e-02 -8.311659999999999604e-01 5.560110000000000330e-01 3.771000000000000046e-03
2.300000000000000000e+01 1.400000000000000000e+01 9.000000000000000000e+00 0.000000000000000000e+00 1.600000000000000089e+00 5.401000000000000419e-03 1.180299999999999926e-02 -9.999160000000000270e-01 -5.546240000000000059e-01 -8.320020000000000193e-01 -1.281700000000000027e-02 -8.320840000000000458e-01 5.546459999999999724e-01 2.052000000000000005e-03
2.700000000000000000e+01 1.400000000000000000e+01 9.000000000000000000e+00 0.000000000000000000e+00 1.600000000000000089e+00 2.394999999999999993e-03 4.455999999999999892e-03 -9.999869999999999592e-01 -5.548880000000000479e-01 -8.319100000000000383e-01 -5.035999999999999678e-03 -8.319220000000000503e-01 5.548929999999999696e-01 4.800000000000000122e-04
1.000000000000000000e+01 3.100000000000000000e+01 1.200000000000000000e+01 0.000000000000000000e+00 1.600000000000000089e+00 -2.982999999999999974e-03 1.412999999999999977e-03 9.999949999999999672e-01 1.523399999999999928e-02 9.998829999999999663e-01 -1.368000000000000075e-03 -9.998789999999999623e-01 1.523000000000000048e-02 -3.004000000000000160e-03
1.300000000000000000e+01 3.100000000000000000e+01 1.200000000000000000e+01 0.000000000000000000e+00 1.600000000000000089e+00 -1.956999999999999972e-03 -1.019999999999999992e-04 9.999980000000000535e-01 1.576400000000000023e-02 9.998759999999999870e-01 1.330000000000000073e-04 -9.998740000000000405e-01 1.576400000000000023e-02 -1.955000000000000140e-03
1.600000000000000000e+01 3.100000000000000000e+01 1.200000000000000000e+01 0.000000000000000000e+00 1.600000000000000089e+00 -4.949999999999999973e-04 9.000000000000000567e-05 1.000000000000000000e+00 1.528599999999999924e-02 9.998829999999999663e-01 -8.200000000000000095e-05 -9.998829999999999663e-01 1.528599999999999924e-02 -4.960000000000000216e-04
2.100000000000000000e+01 3.100000000000000000e+01 1.200000000000000000e+01 0.000000000000000000e+00 1.600000000000000089e+00 6.999999999999999929e-04 4.539999999999999765e-04 1.000000000000000000e+00 1.457199999999999988e-02 9.998939999999999495e-01 -4.640000000000000027e-04 -9.998939999999999495e-01 1.457299999999999915e-02 6.930000000000000396e-04
1.100000000000000000e+01 3.200000000000000000e+01 1.400000000000000000e+01 0.000000000000000000e+00 1.600000000000000089e+00 3.873999999999999840e-03 3.480000000000000020e-04 -9.999919999999999920e-01 1.219859999999999972e-01 9.925310000000000521e-01 8.180000000000000422e-04 9.925239999999999618e-01 -1.219879999999999992e-01 3.802999999999999957e-03
6.000000000000000000e+00 1.200000000000000000e+01 1.500000000000000000e+01 0.000000000000000000e+00 1.600000000000000089e+00 5.413000000000000277e-03 5.505999999999999610e-03 -9.999700000000000255e-01 -4.698459999999999859e-01 -8.827169999999999739e-01 -7.402999999999999858e-03 -8.827319999999999611e-01 4.698720000000000119e-01 -2.190999999999999805e-03
9.000000000000000000e+00 1.200000000000000000e+01 1.500000000000000000e+01 0.000000000000000000e+00 1.600000000000000089e+00 3.963000000000000377e-03 9.457999999999999394e-03 -9.999470000000000303e-01 -4.702319999999999833e-01 -8.824840000000000462e-01 -1.021000000000000033e-02 -8.825340000000000407e-01 4.702479999999999993e-01 9.499999999999999981e-04
1.700000000000000000e+01 1.200000000000000000e+01 1.500000000000000000e+01 0.000000000000000000e+00 1.600000000000000089e+00 4.890000000000000249e-03 5.308000000000000218e-03 -9.999740000000000295e-01 -4.687769999999999992e-01 -8.832889999999999908e-01 -6.981000000000000226e-03 -8.833029999999999493e-01 4.687990000000000212e-01 -1.830999999999999945e-03
1.000000000000000000e+00 1.160000000000000000e+02 1.600000000000000000e+01 0.000000000000000000e+00 1.600000000000000089e+00 1.659999999999999963e-04 -1.595999999999999979e-03 9.999989999999999712e-01 6.827820000000000000e-01 7.306219999999999937e-01 1.052999999999999900e-03 -7.306219999999999937e-01 6.827809999999999713e-01 1.211000000000000054e-03
5.000000000000000000e+00 1.160000000000000000e+02 1.600000000000000000e+01 0.000000000000000000e+00 1.600000000000000089e+00 -2.550000000000000183e-04 -1.538000000000000088e-03 9.999989999999999712e-01 6.753679999999999684e-01 7.374800000000000244e-01 1.307000000000000002e-03 -7.374810000000000532e-01 6.753679999999999684e-01 8.509999999999999769e-04
2.400000000000000000e+01 1.160000000000000000e+02 1.600000000000000000e+01 0.000000000000000000e+00 1.600000000000000089e+00 -1.618999999999999996e-03 -2.321999999999999845e-03 9.999959999999999960e-01 7.013719999999999954e-01 7.127900000000000347e-01 2.791000000000000078e-03 -7.127940000000000387e-01 7.013730000000000242e-01 4.739999999999999747e-04
2.800000000000000000e+01 1.160000000000000000e+02 1.600000000000000000e+01 0.000000000000000000e+00 1.600000000000000089e+00 -1.010000000000000020e-04 -5.810000000000000277e-04 1.000000000000000000e+00 6.894639999999999658e-01 7.243199999999999639e-01 4.899999999999999842e-04 -7.243199999999999639e-01 6.894639999999999658e-01 3.280000000000000038e-04
3.000000000000000000e+00 2.000000000000000000e+00 1.900000000000000000e+01 0.000000000000000000e+00 1.600000000000000089e+00 -2.478000000000000168e-03 1.139000000000000038e-03 -9.999959999999999960e-01 1.662299999999999889e-01 -9.860860000000000181e-01 -1.534999999999999906e-03 -9.860839999999999606e-01 -1.662339999999999929e-01 2.253999999999999927e-03
7.000000000000000000e+00 2.000000000000000000e+00 1.900000000000000000e+01 0.000000000000000000e+00 1.600000000000000089e+00 -1.007000000000000083e-03 -2.249999999999999938e-04 -9.999989999999999712e-01 1.672089999999999965e-01 -9.859219999999999651e-01 5.300000000000000078e-05 -9.859210000000000473e-01 -1.672089999999999965e-01 1.030000000000000100e-03
1.200000000000000000e+01 2.000000000000000000e+00 1.900000000000000000e+01 0.000000000000000000e+00 1.600000000000000089e+00 2.135000000000000179e-03 6.693000000000000164e-03 -9.999749999999999472e-01 1.699869999999999992e-01 -9.854270000000000529e-01 -6.231999999999999693e-03 -9.854439999999999866e-01 -1.699700000000000100e-01 -3.240999999999999957e-03
1.800000000000000000e+01 2.000000000000000000e+00 1.900000000000000000e+01 0.000000000000000000e+00 1.600000000000000089e+00 -1.832000000000000078e-03 8.480000000000000124e-04 -9.999980000000000535e-01 1.687800000000000133e-01 -9.856530000000000014e-01 -1.144999999999999967e-03 -9.856519999999999726e-01 -1.687819999999999876e-01 1.662999999999999982e-03
2.200000000000000000e+01 2.000000000000000000e+00 1.900000000000000000e+01 0.000000000000000000e+00 1.600000000000000089e+00 -1.062000000000000010e-03 4.373000000000000151e-03 -9.999900000000000455e-01 1.607520000000000060e-01 -9.869850000000000012e-01 -4.486999999999999669e-03 -9.869940000000000380e-01 -1.607550000000000090e-01 3.449999999999999833e-04
2.700000000000000000e+01 2.000000000000000000e+00 1.900000000000000000e+01 0.000000000000000000e+00 1.600000000000000089e+00 4.231000000000000386e-03 -6.250000000000000130e-04 -9.999909999999999632e-01 1.593100000000000072e-01 -9.872279999999999944e-01 1.291000000000000047e-03 -9.872199999999999864e-01 -1.593140000000000112e-01 -4.076999999999999895e-03
3.000000000000000000e+01 2.000000000000000000e+00 1.900000000000000000e+01 0.000000000000000000e+00 1.600000000000000089e+00 7.230000000000000315e-03 -3.963999999999999642e-03 -9.999660000000000215e-01 1.608090000000000075e-01 -9.869729999999999892e-01 5.074999999999999650e-03 -9.869590000000000307e-01 -1.608400000000000107e-01 -6.498000000000000304e-03
6.000000000000000000e+00 1.300000000000000000e+01 2.000000000000000000e+01 0.000000000000000000e+00 1.600000000000000089e+00 -5.399999999999999798e-05 -7.381000000000000408e-03 9.999730000000000008e-01 2.593250000000000277e-01 9.657639999999999558e-01 7.141999999999999911e-03 -9.657900000000000373e-01 2.593179999999999930e-01 1.861999999999999940e-03
1.000000000000000000e+01 1.300000000000000000e+01 2.000000000000000000e+01 0.000000000000000000e+00 1.600000000000000089e+00 -3.690000000000000246e-04 2.129999999999999949e-03 9.999980000000000535e-01 2.602079999999999949e-01 9.655510000000000481e-01 -1.961000000000000069e-03 -9.655529999999999946e-01 2.602059999999999929e-01 -9.100000000000000016e-04
1.400000000000000000e+01 1.300000000000000000e+01 2.000000000000000000e+01 0.000000000000000000e+00 1.600000000000000089e+00 -1.299000000000000024e-03 6.650000000000000095e-04 9.999989999999999712e-01 2.634070000000000022e-01 9.646850000000000147e-01 -2.999999999999999737e-04 -9.646839999999999860e-01 2.634070000000000022e-01 -1.428000000000000016e-03
2.300000000000000000e+01 1.300000000000000000e+01 2.000000000000000000e+01 0.000000000000000000e+00 1.600000000000000089e+00 1.000000000000000048e-04 -1.825000000000000016e-03 9.999980000000000535e-01 2.608159999999999923e-01 9.653869999999999951e-01 1.735999999999999913e-03 -9.653890000000000526e-01 2.608150000000000190e-01 5.720000000000000258e-04
2.900000000000000000e+01 1.300000000000000000e+01 2.000000000000000000e+01 0.000000000000000000e+00 1.600000000000000089e+00 8.809999999999999472e-04 1.600000000000000077e-03 9.999980000000000535e-01 2.611310000000000020e-01 9.653019999999999934e-01 -1.775000000000000102e-03 -9.653030000000000221e-01 2.611330000000000040e-01 4.330000000000000081e-04
3.000000000000000000e+00 1.600000000000000000e+01 2.100000000000000000e+01 0.000000000000000000e+00 1.600000000000000089e+00 -1.235999999999999903e-03 -7.596000000000000321e-03 9.999700000000000255e-01 2.962710000000000066e-01 9.550739999999999785e-01 7.621000000000000170e-03 -9.551030000000000353e-01 2.962710000000000066e-01 1.069999999999999988e-03
7.000000000000000000e+00 1.600000000000000000e+01 2.100000000000000000e+01 0.000000000000000000e+00 1.600000000000000089e+00 -7.499999999999999343e-05 -5.388999999999999693e-03 9.999850000000000128e-01 2.966840000000000033e-01 9.549619999999999775e-01 5.168999999999999984e-03 -9.549760000000000471e-01 2.966799999999999993e-01 1.526999999999999929e-03
2.300000000000000000e+01 1.600000000000000000e+01 2.100000000000000000e+01 0.000000000000000000e+00 1.600000000000000089e+00 6.549999999999999833e-04 4.429999999999999802e-04 1.000000000000000000e+00 2.990090000000000248e-01 9.542500000000000426e-01 -6.189999999999999756e-04 -9.542500000000000426e-01 2.990090000000000248e-01 4.920000000000000328e-04
6.000000000000000000e+00 4.600000000000000000e+01 2.700000000000000000e+01 0.000000000000000000e+00 1.600000000000000089e+00 9.250000000000000409e-04 1.278000000000000056e-03 -9.999989999999999712e-01 6.795069999999999721e-01 7.336679999999999868e-01 1.565999999999999901e-03 7.336690000000000156e-01 -6.795069999999999721e-01 -1.900000000000000105e-04
8.000000000000000000e+00 4.600000000000000000e+01 3.000000000000000000e+01 0.000000000000000000e+00 1.600000000000000089e+00 4.229999999999999819e-04 1.200000000000000030e-05 -1.000000000000000000e+00 3.365279999999999938e-01 9.416740000000000110e-01 1.540000000000000028e-04 9.416729999999999823e-01 -3.365279999999999938e-01 3.939999999999999817e-04
2.000000000000000000e+01 4.600000000000000000e+01 3.000000000000000000e+01 0.000000000000000000e+00 1.600000000000000089e+00 5.000000000000000240e-05 -4.640000000000000027e-04 -1.000000000000000000e+00 3.367850000000000010e-01 9.415820000000000300e-01 -4.200000000000000174e-04 9.415820000000000300e-01 -3.367850000000000010e-01 2.030000000000000012e-04
2.000000000000000000e+00 5.800000000000000000e+01 3.100000000000000000e+01 0.000000000000000000e+00 1.600000000000000089e+00 7.540000000000000044e-04 1.397999999999999937e-03 9.999989999999999712e-01 -7.975079999999999947e-01 -6.033070000000000377e-01 1.443999999999999971e-03 6.033079999999999554e-01 -7.975079999999999947e-01 6.599999999999999964e-04
8.000000000000000000e+00 5.800000000000000000e+01 3.100000000000000000e+01 0.000000000000000000e+00 1.600000000000000089e+00 9.699999999999999963e-05 -1.907999999999999974e-03 9.999980000000000535e-01 -7.965140000000000553e-01 -6.046200000000000463e-01 -1.075999999999999917e-03 6.046209999999999640e-01 -7.965119999999999978e-01 -1.577999999999999976e-03
1.300000000000000000e+01 5.800000000000000000e+01 3.100000000000000000e+01 0.000000000000000000e+00 1.600000000000000089e+00 -1.569999999999999944e-04 -8.710000000000000294e-04 1.000000000000000000e+00 -7.984630000000000338e-01 -6.020429999999999948e-01 -6.489999999999999459e-04 6.020429999999999948e-01 -7.984630000000000338e-01 -6.009999999999999717e-04
2.100000000000000000e+01 5.800000000000000000e+01 3.100000000000000000e+01 0.000000000000000000e+00 1.600000000000000089e+00 -1.703000000000000087e-03 2.030000000000000012e-04 9.999989999999999712e-01 -7.981549999999999478e-01 -6.024509999999999588e-01 -1.237000000000000035e-03 6.024500000000000410e-01 -7.981559999999999766e-01 1.188000000000000037e-03
2.600000000000000000e+01 5.800000000000000000e+01 3.100000000000000000e+01 0.000000000000000000e+00 1.600000000000000089e+00 2.959999999999999849e-04 7.940000000000000009e-04 1.000000000000000000e+00 -7.955219999999999514e-01 -6.059250000000000469e-01 7.169999999999999724e-04 6.059250000000000469e-01 -7.955210000000000337e-01 4.519999999999999821e-04
1.100000000000000000e+01 4.600000000000000000e+01 3.500000000000000000e+01 0.000000000000000000e+00 1.600000000000000089e+00 -1.828999999999999897e-03 5.176000000000000045e-03 -9.999850000000000128e-01 3.917760000000000131e-01 -9.200439999999999729e-01 -5.479000000000000363e-03 -9.200589999999999602e-01 -3.917800000000000171e-01 -3.460000000000000076e-04
1.400000000000000000e+01 4.600000000000000000e+01 3.500000000000000000e+01 0.000000000000000000e+00 1.600000000000000089e+00 -6.359999999999999551e-04 1.799000000000000035e-03 -9.999980000000000535e-01 3.915219999999999811e-01 -9.201669999999999572e-01 -1.905000000000000009e-03 -9.201679999999999859e-01 -3.915230000000000099e-01 -1.190000000000000058e-04
2.100000000000000000e+01 4.600000000000000000e+01 3.500000000000000000e+01 0.000000000000000000e+00 1.600000000000000089e+00 4.169999999999999987e-04 2.639999999999999986e-03 -9.999959999999999960e-01 3.909850000000000270e-01 -9.203940000000000454e-01 -2.266999999999999918e-03 -9.203970000000000207e-01 -3.909830000000000250e-01 -1.415999999999999941e-03
2.900000000000000000e+01 4.600000000000000000e+01 3.500000000000000000e+01 0.000000000000000000e+00 1.600000000000000089e+00 1.350000000000000071e-03 -7.465000000000000281e-03 -9.999710000000000543e-01 3.894130000000000091e-01 -9.210340000000000193e-01 7.401999999999999726e-03 -9.210620000000000474e-01 -3.894119999999999804e-01 1.662999999999999982e-03
3.000000000000000000e+00 9.500000000000000000e+01 3.600000000000000000e+01 0.000000000000000000e+00 1.600000000000000089e+00 -1.905000000000000009e-03 -8.578999999999999820e-03 9.999609999999999888e-01 9.970250000000000501e-01 7.703200000000000325e-02 2.560000000000000209e-03 -7.705099999999999449e-02 9.969919999999999893e-01 8.406999999999999543e-03
7.000000000000000000e+00 9.500000000000000000e+01 3.600000000000000000e+01 0.000000000000000000e+00 1.600000000000000089e+00 -4.699000000000000052e-03 -1.837300000000000044e-02 9.998200000000000420e-01 9.968529999999999891e-01 7.902900000000000202e-02 6.137000000000000094e-03 -7.912800000000000389e-02 9.967030000000000056e-01 1.794400000000000162e-02
1.100000000000000000e+01 9.500000000000000000e+01 3.600000000000000000e+01 0.000000000000000000e+00 1.600000000000000089e+00 4.657999999999999814e-03 1.204999999999999995e-02 9.999169999999999447e-01 9.965239999999999654e-01 8.311399999999999344e-02 -5.642999999999999579e-03 -8.317499999999999893e-02 9.964669999999999916e-01 -1.162099999999999939e-02
1.500000000000000000e+01 9.500000000000000000e+01 3.600000000000000000e+01 0.000000000000000000e+00 1.600000000000000089e+00 4.076999999999999895e-03 1.887399999999999842e-02 9.998139999999999805e-01 9.967240000000000544e-01 8.068699999999999484e-02 -5.588000000000000085e-03 -8.077700000000000158e-02 9.965610000000000301e-01 -1.848299999999999943e-02
1.900000000000000000e+01 9.500000000000000000e+01 3.600000000000000000e+01 0.000000000000000000e+00 1.600000000000000089e+00 -7.259999999999999743e-04 -9.353999999999999468e-03 9.999559999999999560e-01 9.972330000000000361e-01 7.432300000000000018e-02 1.420000000000000038e-03 -7.433299999999999630e-02 9.971900000000000208e-01 9.273999999999999258e-03
2.200000000000000000e+01 9.500000000000000000e+01 3.600000000000000000e+01 0.000000000000000000e+00 1.600000000000000089e+00 -3.024000000000000212e-03 -2.519499999999999865e-02 9.996779999999999555e-01 9.972739999999999938e-01 7.362900000000000000e-02 4.872999999999999728e-03 -7.372800000000000187e-02 9.969670000000000476e-01 2.490300000000000152e-02
2.500000000000000000e+01 9.500000000000000000e+01 3.600000000000000000e+01 0.000000000000000000e+00 1.600000000000000089e+00 -2.008999999999999935e-03 -1.807900000000000132e-02 9.998350000000000293e-01 9.973100000000000298e-01 7.322800000000000142e-02 3.327999999999999795e-03 -7.327599999999999392e-02 9.971510000000000096e-01 1.788299999999999959e-02
1.600000000000000000e+01 3.000000000000000000e+00 4.300000000000000000e+01 0.000000000000000000e+00 1.600000000000000089e+00 2.272000000000000148e-03 7.636000000000000426e-03 -9.999679999999999680e-01 7.389379999999999837e-01 -6.737649999999999473e-01 -3.465999999999999897e-03 -6.737699999999999800e-01 -7.389069999999999805e-01 -7.172999999999999689e-03
2.100000000000000000e+01 3.000000000000000000e+00 4.300000000000000000e+01 0.000000000000000000e+00 1.600000000000000089e+00 -2.732000000000000053e-03 -6.238999999999999754e-03 -9.999770000000000048e-01 7.388559999999999572e-01 -6.738589999999999858e-01 2.186000000000000009e-03 -6.738579999999999570e-01 -7.388329999999999620e-01 6.451000000000000137e-03
2.700000000000000000e+01 3.000000000000000000e+00 4.300000000000000000e+01 0.000000000000000000e+00 1.600000000000000089e+00 4.220000000000000118e-04 -2.605999999999999810e-03 -9.999959999999999960e-01 7.357120000000000326e-01 -6.772909999999999764e-01 2.075000000000000022e-03 -6.772939999999999516e-01 -7.357110000000000039e-01 1.631000000000000071e-03
1.900000000000000000e+01 8.000000000000000000e+00 4.400000000000000000e+01 0.000000000000000000e+00 1.600000000000000089e+00 -2.509999999999999753e-04 1.624000000000000010e-03 9.999989999999999712e-01 -7.875170000000000226e-01 -6.162919999999999510e-01 8.040000000000000271e-04 6.162919999999999510e-01 -7.875159999999999938e-01 1.433999999999999945e-03
2.800000000000000000e+01 8.000000000000000000e+00 4.400000000000000000e+01 0.000000000000000000e+00 1.600000000000000089e+00 -1.530000000000000056e-04 1.217999999999999899e-03 9.999989999999999712e-01 -7.817429999999999657e-01 -6.236009999999999609e-01 6.400000000000000524e-04 6.236009999999999609e-01 -7.817420000000000480e-01 1.048000000000000103e-03
1.300000000000000000e+01 2.900000000000000000e+01 4.400000000000000000e+01 0.000000000000000000e+00 1.600000000000000089e+00 4.288000000000000145e-03 3.690000000000000246e-04 -9.999909999999999632e-01 6.712099999999999733e-01 7.412600000000000300e-01 3.151999999999999854e-03 7.412549999999999972e-01 -6.712179999999999813e-01 2.931000000000000012e-03
1.800000000000000000e+01 2.900000000000000000e+01 4.400000000000000000e+01 0.000000000000000000e+00 1.600000000000000089e+00 1.118000000000000070e-03 -2.425000000000000072e-03 -9.999959999999999960e-01 6.768309999999999604e-01 7.361379999999999590e-01 -1.028000000000000051e-03 7.361370000000000413e-01 -6.768279999999999852e-01 2.464000000000000044e-03
2.200000000000000000e+01 2.900000000000000000e+01 4.400000000000000000e+01 0.000000000000000000e+00 1.600000000000000089e+00 -3.612000000000000193e-03 -2.919999999999999853e-03 -9.999890000000000168e-01 6.773200000000000331e-01 7.356740000000000501e-01 -4.595000000000000126e-03 7.356789999999999718e-01 -6.773299999999999876e-01 -6.790000000000000245e-04
2.600000000000000000e+01 7.000000000000000000e+01 4.700000000000000000e+01 0.000000000000000000e+00 1.600000000000000089e+00 -8.399999999999999535e-05 -6.279999999999999775e-04 -1.000000000000000000e+00 -8.419710000000000250e-01 -5.395229999999999748e-01 4.099999999999999912e-04 -5.395229999999999748e-01 8.419710000000000250e-01 -4.840000000000000010e-04
5.000000000000000000e+00 6.000000000000000000e+00 5.100000000000000000e+01 0.000000000000000000e+00 1.600000000000000089e+00 -6.337999999999999884e-03 3.070999999999999945e-03 -9.999749999999999472e-01 3.238400000000000167e-01 -9.460990000000000233e-01 -4.957999999999999734e-03 -9.460910000000000153e-01 -3.238639999999999852e-01 5.002000000000000370e-03
2.700000000000000000e+01 6.000000000000000000e+00 5.100000000000000000e+01 0.000000000000000000e+00 1.600000000000000089e+00 -2.814000000000000095e-03 -1.579000000000000108e-03 -9.999949999999999672e-01 3.233849999999999780e-01 -9.462669999999999693e-01 5.839999999999999922e-04 -9.462629999999999653e-01 -3.233809999999999740e-01 3.173000000000000039e-03
2.200000000000000000e+01 1.150000000000000000e+02 5.100000000000000000e+01 0.000000000000000000e+00 1.600000000000000089e+00 -1.814999999999999990e-03 -4.889000000000000117e-03 9.999860000000000415e-01 8.440900000000000070e-01 -5.362000000000000099e-01 -1.090000000000000040e-03 5.361979999999999524e-01 8.440769999999999662e-01 5.100000000000000366e-03
9.000000000000000000e+00 7.000000000000000000e+00 5.200000000000000000e+01 0.000000000000000000e+00 1.600000000000000089e+00 -2.906999999999999862e-03 1.794999999999999938e-03 -9.999940000000000495e-01 8.887299999999999367e-02 -9.960409999999999542e-01 -2.047000000000000208e-03 -9.960390000000000077e-01 -8.887899999999999967e-02 2.736000000000000151e-03
3.000000000000000000e+01 7.000000000000000000e+00 5.200000000000000000e+01 0.000000000000000000e+00 1.600000000000000089e+00 1.742000000000000059e-03 -6.559999999999999859e-03 -9.999770000000000048e-01 9.428799999999999681e-02 -9.955220000000000180e-01 6.695000000000000430e-03 -9.955429999999999557e-01 -9.429700000000000581e-02 -1.116000000000000021e-03
3.000000000000000000e+00 6.300000000000000000e+01 5.400000000000000000e+01 0.000000000000000000e+00 1.600000000000000089e+00 -1.881999999999999992e-03 -1.137999999999999906e-03 9.999980000000000535e-01 -3.539309999999999956e-01 9.352709999999999635e-01 3.980000000000000248e-04 -9.352700000000000458e-01 -3.539300000000000224e-01 -2.162999999999999992e-03
8.000000000000000000e+00 6.300000000000000000e+01 5.400000000000000000e+01 0.000000000000000000e+00 1.600000000000000089e+00 9.979999999999999722e-04 -1.080999999999999930e-03 9.999989999999999712e-01 -3.528319999999999790e-01 9.356860000000000177e-01 1.363000000000000062e-03 -9.356860000000000177e-01 -3.528330000000000077e-01 5.529999999999999976e-04
1.300000000000000000e+01 6.300000000000000000e+01 5.400000000000000000e+01 0.000000000000000000e+00 1.600000000000000089e+00 -1.177000000000000095e-03 -3.040000000000000167e-04 9.999989999999999712e-01 -3.545449999999999990e-01 9.350389999999999535e-01 -1.330000000000000073e-04 -9.350380000000000358e-01 -3.545449999999999990e-01 -1.208000000000000089e-03
2.000000000000000000e+01 6.300000000000000000e+01 5.400000000000000000e+01 0.000000000000000000e+00 1.600000000000000089e+00 1.745999999999999939e-03 -1.477999999999999930e-03 9.999970000000000248e-01 -3.503299999999999748e-01 9.366240000000000121e-01 1.995999999999999944e-03 -9.366250000000000409e-01 -3.503319999999999768e-01 1.116999999999999937e-03
2.700000000000000000e+01 6.300000000000000000e+01 5.400000000000000000e+01 0.000000000000000000e+00 1.600000000000000089e+00 -1.237000000000000035e-03 -4.209999999999999875e-04 9.999989999999999712e-01 -3.551830000000000265e-01 9.347969999999999891e-01 -4.600000000000000004e-05 -9.347959999999999603e-01 -3.551830000000000265e-01 -1.304999999999999953e-03
6.000000000000000000e+00 2.500000000000000000e+01 5.500000000000000000e+01 0.000000000000000000e+00 1.600000000000000089e+00 -1.270000000000000078e-03 1.869999999999999917e-03 -9.999970000000000248e-01 -1.259500000000000029e-02 -9.999190000000000023e-01 -1.853999999999999962e-03 -9.999200000000000310e-01 1.259300000000000003e-02 1.293000000000000095e-03
1.100000000000000000e+01 2.500000000000000000e+01 5.500000000000000000e+01 0.000000000000000000e+00 1.600000000000000089e+00 -7.839999999999999747e-04 -4.047000000000000250e-03 -9.999909999999999632e-01 -1.058800000000000019e-02 -9.999360000000000470e-01 4.054999999999999577e-03 -9.999440000000000550e-01 1.059099999999999972e-02 7.410000000000000137e-04
1.800000000000000000e+01 2.500000000000000000e+01 5.500000000000000000e+01 0.000000000000000000e+00 1.600000000000000089e+00 1.649999999999999991e-04 2.488000000000000194e-03 -9.999970000000000248e-01 -1.083699999999999941e-02 -9.999379999999999935e-01 -2.490000000000000026e-03 -9.999409999999999688e-01 1.083699999999999941e-02 -1.389999999999999905e-04
2.200000000000000000e+01 2.500000000000000000e+01 5.500000000000000000e+01 0.000000000000000000e+00 1.600000000000000089e+00 4.960000000000000216e-04 1.495000000000000018e-03 -9.999989999999999712e-01 -1.126599999999999997e-02 -9.999350000000000183e-01 -1.500999999999999947e-03 -9.999360000000000470e-01 1.126699999999999924e-02 -4.789999999999999879e-04
2.800000000000000000e+01 2.500000000000000000e+01 5.500000000000000000e+01 0.000000000000000000e+00 1.600000000000000089e+00 -9.859999999999998974e-04 -1.489000000000000089e-03 -9.999980000000000535e-01 -1.177600000000000001e-02 -9.999299999999999855e-01 1.500999999999999947e-03 -9.999299999999999855e-01 1.177699999999999927e-02 9.680000000000000019e-04
1.200000000000000000e+01 5.800000000000000000e+01 5.900000000000000000e+01 0.000000000000000000e+00 1.600000000000000089e+00 -2.510000000000000078e-03 -6.302999999999999575e-03 -9.999770000000000048e-01 3.820589999999999820e-01 9.241129999999999622e-01 -6.784000000000000100e-03 9.241350000000000398e-01 -3.820669999999999900e-01 8.799999999999999771e-05
1.500000000000000000e+01 6.000000000000000000e+00 6.100000000000000000e+01 0.000000000000000000e+00 1.600000000000000089e+00 3.899999999999999929e-04 1.036600000000000021e-02 9.999460000000000015e-01 5.623200000000000420e-01 -8.268780000000000019e-01 8.352000000000000049e-03 8.269199999999999884e-01 5.622859999999999525e-01 -6.151000000000000217e-03
4.000000000000000000e+00 2.700000000000000000e+01 6.300000000000000000e+01 0.000000000000000000e+00 1.600000000000000089e+00 -2.059999999999999928e-04 5.643999999999999712e-03 9.999839999999999840e-01 -2.833379999999999788e-01 9.590049999999999963e-01 -5.471000000000000169e-03 -9.590199999999999836e-01 -2.833339999999999748e-01 1.402000000000000034e-03
9.000000000000000000e+00 2.700000000000000000e+01 6.300000000000000000e+01 0.000000000000000000e+00 1.600000000000000089e+00 -1.760999999999999979e-03 -2.919000000000000154e-03 9.999940000000000495e-01 -2.838879999999999737e-01 9.588550000000000129e-01 2.298999999999999828e-03 -9.588560000000000416e-01 -2.838829999999999965e-01 -2.517000000000000140e-03
1.600000000000000000e+01 2.700000000000000000e+01 6.300000000000000000e+01 0.000000000000000000e+00 1.600000000000000089e+00 4.180000000000000230e-04 -1.882999999999999908e-03 9.999980000000000535e-01 -2.816290000000000182e-01 9.595209999999999573e-01 1.925000000000000062e-03 -9.595230000000000148e-01 -2.816290000000000182e-01 -1.289999999999999914e-04
2.000000000000000000e+01 2.700000000000000000e+01 6.300000000000000000e+01 0.000000000000000000e+00 1.600000000000000089e+00 2.877999999999999916e-03 3.611000000000000060e-03 9.999890000000000168e-01 -2.835289999999999755e-01 9.589600000000000346e-01 -2.647000000000000047e-03 -9.589590000000000058e-01 -2.835179999999999922e-01 3.784000000000000037e-03
2.400000000000000000e+01 2.700000000000000000e+01 6.300000000000000000e+01 0.000000000000000000e+00 1.600000000000000089e+00 2.080999999999999951e-03 2.592000000000000120e-03 9.999940000000000495e-01 -2.846440000000000081e-01 9.586320000000000396e-01 -1.892999999999999934e-03 -9.586310000000000109e-01 -2.846380000000000021e-01 2.733000000000000186e-03
4.000000000000000000e+00 2.600000000000000000e+01 6.400000000000000000e+01 0.000000000000000000e+00 1.600000000000000089e+00 -7.960000000000000495e-04 4.864000000000000268e-03 9.999879999999999880e-01 -3.643390000000000239e-01 9.312540000000000262e-01 -4.819999999999999632e-03 -9.312660000000000382e-01 -3.643390000000000239e-01 1.031000000000000015e-03
8.000000000000000000e+00 2.600000000000000000e+01 6.400000000000000000e+01 0.000000000000000000e+00 1.600000000000000089e+00 -2.455000000000000151e-03 -1.484000000000000076e-03 9.999959999999999960e-01 -3.669780000000000264e-01 9.302300000000000013e-01 4.789999999999999879e-04 -9.302270000000000261e-01 -3.669749999999999956e-01 -2.827999999999999785e-03
1.600000000000000000e+01 2.600000000000000000e+01 6.400000000000000000e+01 0.000000000000000000e+00 1.600000000000000089e+00 9.039999999999999642e-04 -2.880000000000000181e-03 9.999949999999999672e-01 -3.668980000000000019e-01 9.302559999999999718e-01 3.010999999999999788e-03 -9.302610000000000046e-01 -3.668989999999999752e-01 -2.149999999999999947e-04
1.900000000000000000e+01 2.600000000000000000e+01 6.400000000000000000e+01 0.000000000000000000e+00 1.600000000000000089e+00 2.801000000000000104e-03 3.164000000000000146e-03 9.999909999999999632e-01 -3.679450000000000220e-01 9.298459999999999503e-01 -1.910999999999999938e-03 -9.298429999999999751e-01 -3.679359999999999853e-01 3.769000000000000215e-03
2.400000000000000000e+01 2.600000000000000000e+01 6.400000000000000000e+01 0.000000000000000000e+00 1.600000000000000089e+00 2.330000000000000040e-03 2.099000000000000171e-03 9.999949999999999672e-01 -3.688560000000000172e-01 9.294860000000000344e-01 -1.090999999999999956e-03 -9.294839999999999769e-01 -3.688509999999999844e-01 2.939999999999999905e-03
2.000000000000000000e+00 6.900000000000000000e+01 6.600000000000000000e+01 0.000000000000000000e+00 1.600000000000000089e+00 2.654999999999999808e-03 -2.001000000000000174e-03 9.999940000000000495e-01 -9.488320000000000087e-01 3.157659999999999911e-01 3.151000000000000155e-03 -3.157710000000000239e-01 -9.488349999999999840e-01 -1.059999999999999961e-03
1.800000000000000000e+01 6.900000000000000000e+01 6.600000000000000000e+01 0.000000000000000000e+00 1.600000000000000089e+00 3.785000000000000170e-03 -1.819000000000000087e-03 9.999909999999999632e-01 -9.501129999999999853e-01 3.118779999999999886e-01 4.164000000000000166e-03 -3.118819999999999926e-01 -9.501209999999999933e-01 -5.479999999999999845e-04
5.000000000000000000e+00 2.500000000000000000e+01 7.300000000000000000e+01 0.000000000000000000e+00 1.600000000000000089e+00 9.510000000000000224e-04 -1.371000000000000040e-03 9.999989999999999712e-01 7.536920000000000286e-01 -6.572259999999999769e-01 -1.618000000000000081e-03 6.572270000000000056e-01 7.536929999999999463e-01 4.079999999999999968e-04
1.200000000000000000e+01 2.500000000000000000e+01 7.300000000000000000e+01 0.000000000000000000e+00 1.600000000000000089e+00 1.119999999999999983e-04 4.296999999999999605e-03 9.999909999999999632e-01 7.540829999999999478e-01 -6.567730000000000512e-01 2.736999999999999850e-03 6.567790000000000017e-01 7.540759999999999685e-01 -3.314000000000000105e-03
1.700000000000000000e+01 2.500000000000000000e+01 7.300000000000000000e+01 0.000000000000000000e+00 1.600000000000000089e+00 2.999999999999999737e-04 1.131999999999999977e-03 9.999989999999999712e-01 7.523499999999999632e-01 -6.587629999999999875e-01 5.199999999999999544e-04 6.587640000000000162e-01 7.523490000000000455e-01 -1.049000000000000019e-03
2.300000000000000000e+01 2.500000000000000000e+01 7.300000000000000000e+01 0.000000000000000000e+00 1.600000000000000089e+00 3.020000000000000223e-04 -1.673000000000000008e-03 9.999989999999999712e-01 7.501959999999999740e-01 -6.612139999999999684e-01 -1.332999999999999984e-03 6.612160000000000259e-01 7.501949999999999452e-01 1.056000000000000081e-03
2.700000000000000000e+01 2.500000000000000000e+01 7.300000000000000000e+01 0.000000000000000000e+00 1.600000000000000089e+00 -4.212999999999999731e-03 -1.477000000000000014e-03 9.999900000000000455e-01 7.524180000000000312e-01 -6.586830000000000185e-01 2.197000000000000168e-03 6.586729999999999530e-01 7.524189999999999490e-01 3.886999999999999830e-03
1.000000000000000000e+00 4.400000000000000000e+01 7.300000000000000000e+01 0.000000000000000000e+00 1.600000000000000089e+00 -4.600000000000000139e-04 -1.239000000000000084e-03 9.999989999999999712e-01 5.318400000000000211e-02 -9.985840000000000272e-01 -1.213000000000000102e-03 9.985849999999999449e-01 5.318300000000000111e-02 5.249999999999999676e-04
5.000000000000000000e+00 4.400000000000000000e+01 7.300000000000000000e+01 0.000000000000000000e+00 1.600000000000000089e+00 -1.510000000000000112e-04 -1.698000000000000074e-03 9.999989999999999712e-01 5.308199999999999724e-02 -9.985889999999999489e-01 -1.686999999999999915e-03 9.985899999999999777e-01 5.308199999999999724e-02 2.410000000000000033e-04
1.200000000000000000e+01 4.400000000000000000e+01 7.300000000000000000e+01 0.000000000000000000e+00 1.600000000000000089e+00 1.005999999999999950e-03 2.240999999999999936e-03 9.999970000000000248e-01 5.133100000000000163e-02 -9.986789999999999834e-01 2.187000000000000142e-03 9.986810000000000409e-01 5.132899999999999963e-02 -1.119999999999999902e-03
1.600000000000000000e+01 4.400000000000000000e+01 7.300000000000000000e+01 0.000000000000000000e+00 1.600000000000000089e+00 3.699999999999999947e-04 -7.399999999999999623e-05 1.000000000000000000e+00 5.151399999999999729e-02 -9.986720000000000041e-01 -9.299999999999999727e-05 9.986720000000000041e-01 5.151399999999999729e-02 -3.649999999999999816e-04
