1.000000000000000000e+00 2.500000000000000000e+01 1.000000000000000000e+00 0.000000000000000000e+00 1.600000000000000089e+00 -5.749999999999999903e-04 1.260400000000000062e-02 -9.999200000000000310e-01 -5.285999999999999588e-01 -8.488069999999999782e-01 -1.039499999999999973e-02 -8.488710000000000422e-01 5.285520000000000218e-01 7.150000000000000105e-03
2.300000000000000000e+01 2.500000000000000000e+01 1.000000000000000000e+00 0.000000000000000000e+00 1.600000000000000089e+00 -2.544999999999999953e-03 -1.163400000000000024e-02 -9.999289999999999567e-01 -5.298490000000000144e-01 -8.480180000000000495e-01 1.121499999999999928e-02 -8.480879999999999530e-01 5.298399999999999777e-01 -4.006000000000000012e-03
2.700000000000000000e+01 2.500000000000000000e+01 1.000000000000000000e+00 0.000000000000000000e+00 1.600000000000000089e+00 -1.840000000000000056e-03 -3.289999999999999956e-03 -9.999930000000000208e-01 -5.322470000000000256e-01 -8.465810000000000279e-01 3.765000000000000117e-03 -8.465869999999999784e-01 5.322500000000000009e-01 -1.930000000000000021e-04
4.000000000000000000e+00 1.500000000000000000e+01 4.000000000000000000e+00 0.000000000000000000e+00 1.600000000000000089e+00 2.851999999999999934e-03 1.212899999999999916e-02 9.999219999999999775e-01 3.219529999999999892e-01 -9.466970000000000107e-01 1.056499999999999974e-02 9.467510000000000092e-01 3.218980000000000175e-01 -6.604999999999999760e-03
1.100000000000000000e+01 1.500000000000000000e+01 4.000000000000000000e+00 0.000000000000000000e+00 1.600000000000000089e+00 -6.780000000000000002e-04 -2.722000000000000027e-03 9.999959999999999960e-01 3.266169999999999907e-01 -9.451540000000000497e-01 -2.350999999999999791e-03 9.451570000000000249e-01 3.266140000000000154e-01 1.529999999999999893e-03
1.600000000000000000e+01 1.500000000000000000e+01 4.000000000000000000e+00 0.000000000000000000e+00 1.600000000000000089e+00 -1.050000000000000044e-04 -6.583999999999999575e-03 9.999780000000000335e-01 3.198170000000000179e-01 -9.474590000000000511e-01 -6.204999999999999578e-03 9.474789999999999601e-01 3.198099999999999832e-01 2.204999999999999929e-03
2.100000000000000000e+01 1.500000000000000000e+01 4.000000000000000000e+00 0.000000000000000000e+00 1.600000000000000089e+00 1.079000000000000098e-03 -3.533999999999999815e-03 9.999930000000000208e-01 3.121740000000000070e-01 -9.500180000000000291e-01 -3.693999999999999801e-03 9.500239999999999796e-01 3.121760000000000090e-01 7.799999999999999859e-05
2.700000000000000000e+01 1.500000000000000000e+01 4.000000000000000000e+00 0.000000000000000000e+00 1.600000000000000089e+00 -2.579999999999999828e-03 -3.533999999999999815e-03 9.999900000000000455e-01 3.145109999999999850e-01 -9.492500000000000382e-01 -2.543000000000000121e-03 9.492500000000000382e-01 3.145020000000000038e-01 3.560999999999999929e-03
2.300000000000000000e+01 1.600000000000000000e+01 4.000000000000000000e+00 0.000000000000000000e+00 1.600000000000000089e+00 2.130000000000000003e-04 -3.229999999999999798e-03 9.999949999999999672e-01 3.877539999999999876e-01 -9.217579999999999663e-01 -3.059999999999999786e-03 9.217629999999999990e-01 3.877530000000000143e-01 1.056000000000000081e-03
3.000000000000000000e+00 1.010000000000000000e+02 7.000000000000000000e+00 0.000000000000000000e+00 1.600000000000000089e+00 -1.910000000000000022e-03 2.063800000000000009e-02 9.997850000000000348e-01 8.914299999999999446e-01 4.530930000000000235e-01 -7.649999999999999682e-03 -4.531540000000000012e-01 8.912240000000000162e-01 -1.926200000000000134e-02
1.800000000000000000e+01 1.010000000000000000e+02 7.000000000000000000e+00 0.000000000000000000e+00 1.600000000000000089e+00 1.268400000000000083e-02 -1.552800000000000014e-02 9.997989999999999933e-01 8.710520000000000485e-01 4.911789999999999767e-01 -3.422000000000000128e-03 -4.910269999999999913e-01 8.709200000000000275e-01 1.975599999999999926e-02
5.000000000000000000e+00 2.500000000000000000e+01 8.000000000000000000e+00 0.000000000000000000e+00 1.600000000000000089e+00 -1.461000000000000059e-03 -2.622999999999999898e-03 -9.999949999999999672e-01 4.513480000000000270e-01 8.923429999999999973e-01 -3.000000000000000062e-03 8.923470000000000013e-01 -4.513499999999999734e-01 -1.200000000000000030e-04
1.300000000000000000e+01 2.500000000000000000e+01 8.000000000000000000e+00 0.000000000000000000e+00 1.600000000000000089e+00 2.086999999999999880e-03 8.640999999999999376e-03 -9.999599999999999600e-01 4.512880000000000225e-01 8.923360000000000181e-01 8.652999999999999234e-03 8.923759999999999470e-01 -4.512880000000000225e-01 -2.037999999999999881e-03
2.300000000000000000e+01 2.500000000000000000e+01 8.000000000000000000e+00 0.000000000000000000e+00 1.600000000000000089e+00 -1.330000000000000073e-04 3.037999999999999902e-03 -9.999949999999999672e-01 4.526359999999999828e-01 8.916920000000000401e-01 2.648999999999999879e-03 8.916960000000000441e-01 -4.526330000000000076e-01 -1.492999999999999969e-03
4.000000000000000000e+00 2.400000000000000000e+01 9.000000000000000000e+00 0.000000000000000000e+00 1.600000000000000089e+00 -1.327999999999999970e-03 1.453999999999999997e-03 -9.999980000000000535e-01 4.548269999999999813e-01 8.905790000000000095e-01 6.909999999999999910e-04 8.905790000000000095e-01 -4.548249999999999793e-01 -1.843999999999999936e-03
1.300000000000000000e+01 2.400000000000000000e+01 9.000000000000000000e+00 0.000000000000000000e+00 1.600000000000000089e+00 1.935000000000000088e-03 7.400000000000000328e-03 -9.999710000000000543e-01 4.551709999999999923e-01 8.903729999999999700e-01 7.470000000000000077e-03 8.904020000000000268e-01 -4.551720000000000210e-01 -1.644999999999999978e-03
1.700000000000000000e+01 2.400000000000000000e+01 9.000000000000000000e+00 0.000000000000000000e+00 1.600000000000000089e+00 1.469999999999999953e-04 7.782999999999999988e-03 -9.999700000000000255e-01 4.551439999999999930e-01 8.903900000000000148e-01 6.997999999999999880e-03 8.904180000000000428e-01 -4.551310000000000078e-01 -3.410999999999999970e-03
2.300000000000000000e+01 2.400000000000000000e+01 9.000000000000000000e+00 0.000000000000000000e+00 1.600000000000000089e+00 1.900000000000000105e-05 2.608000000000000075e-03 -9.999970000000000248e-01 4.565049999999999941e-01 8.897180000000000089e-01 2.328999999999999907e-03 8.897209999999999841e-01 -4.565029999999999921e-01 -1.172999999999999998e-03
2.600000000000000000e+01 2.400000000000000000e+01 9.000000000000000000e+00 0.000000000000000000e+00 1.600000000000000089e+00 1.639000000000000049e-03 -4.029999999999999728e-03 -9.999909999999999632e-01 4.549460000000000170e-01 8.905149999999999455e-01 -2.843000000000000041e-03 8.905180000000000318e-01 -4.549369999999999803e-01 3.292999999999999920e-03
2.900000000000000000e+01 2.400000000000000000e+01 9.000000000000000000e+00 0.000000000000000000e+00 1.600000000000000089e+00 6.560000000000000076e-04 1.484999999999999992e-03 -9.999989999999999712e-01 4.536879999999999802e-01 8.911590000000000344e-01 1.621000000000000045e-03 8.911599999999999522e-01 -4.536890000000000089e-01 -8.899999999999999491e-05
3.000000000000000000e+00 4.000000000000000000e+00 1.100000000000000000e+01 0.000000000000000000e+00 1.600000000000000089e+00 -4.892200000000000021e-02 7.526800000000000157e-02 -9.959630000000000427e-01 1.764169999999999905e-01 9.821299999999999475e-01 6.555700000000000416e-02 9.830989999999999451e-01 -1.724980000000000124e-01 -6.132599999999999857e-02
9.000000000000000000e+00 4.000000000000000000e+00 1.100000000000000000e+01 0.000000000000000000e+00 1.600000000000000089e+00 -6.237000000000000356e-03 -2.464999999999999830e-02 -9.996770000000000378e-01 2.400380000000000014e-01 9.704300000000000148e-01 -2.542700000000000168e-02 9.707430000000000225e-01 -2.401189999999999991e-01 -1.359999999999999989e-04
1.600000000000000000e+01 4.000000000000000000e+00 1.100000000000000000e+01 0.000000000000000000e+00 1.600000000000000089e+00 7.367000000000000284e-03 3.798599999999999893e-02 -9.992510000000000003e-01 2.370420000000000027e-01 9.707299999999999818e-01 3.864900000000000280e-02 9.714709999999999734e-01 -2.371499999999999997e-01 -1.853000000000000046e-03
2.200000000000000000e+01 4.000000000000000000e+00 1.100000000000000000e+01 0.000000000000000000e+00 1.600000000000000089e+00 7.934000000000000080e-03 7.081600000000000394e-02 -9.974579999999999558e-01 1.984519999999999895e-01 9.775369999999999893e-01 7.098100000000000243e-02 9.800790000000000335e-01 -1.985099999999999920e-01 -6.297999999999999779e-03
3.000000000000000000e+00 3.100000000000000000e+01 1.200000000000000000e+01 0.000000000000000000e+00 1.600000000000000089e+00 -2.475999999999999902e-03 -3.305899999999999811e-02 9.994499999999999496e-01 -1.310799999999999986e-02 9.993689999999999518e-01 3.302399999999999780e-02 -9.999109999999999943e-01 -1.301899999999999932e-02 -2.907999999999999995e-03
1.000000000000000000e+00 3.500000000000000000e+01 1.200000000000000000e+01 0.000000000000000000e+00 1.600000000000000089e+00 -9.582000000000000239e-03 1.329400000000000026e-02 -9.998660000000000325e-01 5.195579999999999643e-01 -8.542790000000000106e-01 -1.633700000000000083e-02 -8.543819999999999748e-01 -5.196439999999999948e-01 1.278999999999999972e-03
1.500000000000000000e+01 3.500000000000000000e+01 1.200000000000000000e+01 0.000000000000000000e+00 1.600000000000000089e+00 -8.120000000000000048e-04 6.882000000000000096e-03 -9.999759999999999760e-01 4.488099999999999867e-01 -8.936030000000000362e-01 -6.513999999999999825e-03 -8.936269999999999492e-01 -4.488050000000000095e-01 -2.364000000000000216e-03
2.800000000000000000e+01 3.500000000000000000e+01 1.200000000000000000e+01 0.000000000000000000e+00 1.600000000000000089e+00 5.419000000000000206e-03 6.492000000000000375e-03 -9.999639999999999640e-01 5.070230000000000015e-01 -8.619280000000000275e-01 -2.847999999999999837e-03 -8.619149999999999867e-01 -5.069900000000000517e-01 -7.962000000000000327e-03
4.000000000000000000e+00 3.200000000000000000e+01 1.400000000000000000e+01 0.000000000000000000e+00 1.600000000000000089e+00 -2.429999999999999868e-03 -3.282800000000000301e-02 -9.994579999999999576e-01 1.065780000000000061e-01 9.937599999999999767e-01 -3.289999999999999869e-02 9.943009999999999904e-01 -1.066010000000000013e-01 1.083999999999999894e-03
2.900000000000000000e+01 3.200000000000000000e+01 1.400000000000000000e+01 0.000000000000000000e+00 1.600000000000000089e+00 -3.631000000000000113e-03 3.422000000000000128e-03 -9.999879999999999880e-01 1.107469999999999982e-01 9.938439999999999497e-01 2.998999999999999930e-03 9.938420000000000032e-01 -1.107350000000000001e-01 -3.987000000000000093e-03
4.000000000000000000e+00 1.200000000000000000e+01 1.500000000000000000e+01 0.000000000000000000e+00 1.600000000000000089e+00 1.938999999999999968e-03 6.283000000000000390e-03 -9.999780000000000335e-01 -4.792379999999999973e-01 -8.776610000000000245e-01 -6.442999999999999942e-03 -8.776829999999999909e-01 4.792399999999999993e-01 1.309000000000000051e-03
2.500000000000000000e+01 1.160000000000000000e+02 1.600000000000000000e+01 0.000000000000000000e+00 1.600000000000000089e+00 -7.200000000000000182e-05 5.339999999999999695e-04 1.000000000000000000e+00 7.120830000000000215e-01 7.020950000000000246e-01 -3.240000000000000150e-04 -7.020960000000000534e-01 7.120830000000000215e-01 -4.310000000000000137e-04
6.000000000000000000e+00 2.000000000000000000e+00 1.900000000000000000e+01 0.000000000000000000e+00 1.600000000000000089e+00 -1.667300000000000032e-02 2.561400000000000135e-02 -9.995330000000000048e-01 2.309340000000000004e-01 -9.725439999999999641e-01 -2.877499999999999850e-02 -9.728259999999999685e-01 -2.313060000000000116e-01 1.030000000000000013e-02
1.100000000000000000e+01 2.000000000000000000e+00 1.900000000000000000e+01 0.000000000000000000e+00 1.600000000000000089e+00 -3.233999999999999896e-03 2.835999999999999979e-03 -9.999909999999999632e-01 2.155030000000000001e-01 -9.764969999999999484e-01 -3.467000000000000030e-03 -9.764979999999999771e-01 -2.155120000000000091e-01 2.546999999999999785e-03
1.400000000000000000e+01 2.000000000000000000e+00 1.900000000000000000e+01 0.000000000000000000e+00 1.600000000000000089e+00 -7.200000000000000182e-05 5.206999999999999823e-03 -9.999860000000000415e-01 2.146260000000000112e-01 -9.766829999999999679e-01 -5.100999999999999632e-03 -9.766960000000000086e-01 -2.146240000000000092e-01 -1.046999999999999971e-03
2.200000000000000000e+01 2.000000000000000000e+00 1.900000000000000000e+01 0.000000000000000000e+00 1.600000000000000089e+00 6.283000000000000390e-03 -1.731500000000000053e-02 -9.998299999999999965e-01 1.993139999999999912e-01 -9.797660000000000258e-01 1.822100000000000108e-02 -9.799149999999999805e-01 -1.993949999999999889e-01 -2.704999999999999939e-03
2.600000000000000000e+01 2.000000000000000000e+00 1.900000000000000000e+01 0.000000000000000000e+00 1.600000000000000089e+00 8.706999999999999462e-03 -2.568399999999999850e-02 -9.996319999999999650e-01 1.912050000000000138e-01 -9.811819999999999986e-01 2.687499999999999958e-02 -9.815110000000000223e-01 -1.913690000000000113e-01 -3.631999999999999812e-03
2.000000000000000000e+00 3.000000000000000000e+00 1.900000000000000000e+01 0.000000000000000000e+00 1.600000000000000089e+00 1.834300000000000166e-02 3.976400000000000073e-02 -9.990409999999999568e-01 2.396409999999999929e-01 -9.702579999999999538e-01 -3.421899999999999942e-02 -9.706879999999999953e-01 -2.387829999999999953e-01 -2.732599999999999960e-02
3.000000000000000000e+00 4.000000000000000000e+00 2.000000000000000000e+01 0.000000000000000000e+00 1.600000000000000089e+00 -8.394000000000000419e-03 2.577300000000000077e-02 -9.996329999999999938e-01 2.895039999999999836e-01 -9.567930000000000046e-01 -2.709999999999999909e-02 -9.571399999999999908e-01 -2.896250000000000213e-01 5.699999999999999772e-04
1.600000000000000000e+01 4.000000000000000000e+00 2.000000000000000000e+01 0.000000000000000000e+00 1.600000000000000089e+00 -2.321000000000000146e-03 3.552000000000000036e-03 -9.999909999999999632e-01 2.775279999999999969e-01 -9.607090000000000352e-01 -4.056999999999999842e-03 -9.607149999999999856e-01 -2.775349999999999762e-01 1.244000000000000097e-03
2.100000000000000000e+01 4.000000000000000000e+00 2.000000000000000000e+01 0.000000000000000000e+00 1.600000000000000089e+00 3.419999999999999863e-03 -6.203000000000000180e-03 -9.999749999999999472e-01 2.699360000000000093e-01 -9.628539999999999877e-01 6.896000000000000220e-03 -9.628719999999999501e-01 -2.699529999999999985e-01 -1.618000000000000081e-03
2.700000000000000000e+01 4.000000000000000000e+00 2.000000000000000000e+01 0.000000000000000000e+00 1.600000000000000089e+00 6.903000000000000282e-03 -1.500100000000000044e-02 -9.998639999999999750e-01 2.635879999999999890e-01 -9.644979999999999665e-01 1.629099999999999993e-02 -9.646109999999999962e-01 -2.636640000000000095e-01 -2.703999999999999806e-03
4.000000000000000000e+00 1.300000000000000000e+01 2.000000000000000000e+01 0.000000000000000000e+00 1.600000000000000089e+00 -2.175999999999999983e-03 -2.142300000000000107e-02 9.997679999999999900e-01 2.564330000000000220e-01 9.663279999999999648e-01 2.126499999999999918e-02 -9.665599999999999747e-01 2.564199999999999813e-01 3.390999999999999917e-03
1.300000000000000000e+01 1.300000000000000000e+01 2.000000000000000000e+01 0.000000000000000000e+00 1.600000000000000089e+00 1.644000000000000062e-03 1.872800000000000159e-02 9.998230000000000173e-01 2.564069999999999960e-01 9.663920000000000288e-01 -1.852399999999999880e-02 -9.665679999999999827e-01 2.563920000000000088e-01 -3.213000000000000144e-03
1.900000000000000000e+01 1.300000000000000000e+01 2.000000000000000000e+01 0.000000000000000000e+00 1.600000000000000089e+00 1.477000000000000014e-03 2.791000000000000078e-03 9.999949999999999672e-01 2.520060000000000078e-01 9.677210000000000534e-01 -3.073000000000000211e-03 -9.677249999999999464e-01 2.520089999999999830e-01 7.259999999999999743e-04
2.400000000000000000e+01 1.300000000000000000e+01 2.000000000000000000e+01 0.000000000000000000e+00 1.600000000000000089e+00 1.152999999999999945e-03 1.286000000000000034e-03 9.999989999999999712e-01 2.508920000000000039e-01 9.680140000000000411e-01 -1.533999999999999990e-03 -9.680140000000000411e-01 2.508940000000000059e-01 7.929999999999999766e-04
9.000000000000000000e+00 1.600000000000000000e+01 2.100000000000000000e+01 0.000000000000000000e+00 1.600000000000000089e+00 -6.440000000000000412e-04 -4.832999999999999623e-03 9.999879999999999880e-01 3.026739999999999986e-01 9.530819999999999848e-01 4.800999999999999712e-03 -9.530939999999999968e-01 3.026730000000000254e-01 8.490000000000000368e-04
1.300000000000000000e+01 1.600000000000000000e+01 2.100000000000000000e+01 0.000000000000000000e+00 1.600000000000000089e+00 -1.213000000000000102e-03 4.229000000000000120e-03 9.999900000000000455e-01 3.009080000000000088e-01 9.536459999999999937e-01 -3.667999999999999820e-03 -9.536520000000000552e-01 3.009009999999999740e-01 -2.429000000000000169e-03
2.000000000000000000e+01 1.600000000000000000e+01 2.100000000000000000e+01 0.000000000000000000e+00 1.600000000000000089e+00 1.624999999999999925e-03 1.033000000000000064e-03 9.999980000000000535e-01 2.985499999999999821e-01 9.543930000000000469e-01 -1.471000000000000085e-03 -9.543930000000000469e-01 2.985519999999999841e-01 1.242999999999999964e-03
2.500000000000000000e+01 1.600000000000000000e+01 2.100000000000000000e+01 0.000000000000000000e+00 1.600000000000000089e+00 1.185000000000000072e-03 2.680000000000000090e-03 9.999959999999999960e-01 2.983270000000000088e-01 9.544589999999999463e-01 -2.912000000000000092e-03 -9.544629999999999503e-01 2.983290000000000108e-01 3.310000000000000225e-04
1.000000000000000000e+01 3.000000000000000000e+00 2.500000000000000000e+01 0.000000000000000000e+00 1.600000000000000089e+00 3.095799999999999941e-02 9.709000000000000616e-03 9.994739999999999736e-01 -3.108299999999999952e-02 -9.994600000000000151e-01 1.067099999999999993e-02 9.990369999999999528e-01 -3.139700000000000130e-02 -3.064000000000000057e-02
1.700000000000000000e+01 3.000000000000000000e+00 2.500000000000000000e+01 0.000000000000000000e+00 1.600000000000000089e+00 1.564499999999999919e-02 3.703000000000000128e-03 9.998709999999999543e-01 -1.869200000000000028e-02 -9.998169999999999558e-01 3.996000000000000420e-03 9.997030000000000083e-01 -1.875200000000000131e-02 -1.557300000000000004e-02
1.500000000000000000e+01 4.600000000000000000e+01 2.700000000000000000e+01 0.000000000000000000e+00 1.600000000000000089e+00 -2.086999999999999880e-03 -2.413999999999999913e-03 -9.999949999999999672e-01 6.584349999999999925e-01 7.526310000000000500e-01 -3.190999999999999826e-03 7.526350000000000540e-01 -6.584379999999999677e-01 1.800000000000000046e-05
2.100000000000000000e+01 4.600000000000000000e+01 2.700000000000000000e+01 0.000000000000000000e+00 1.600000000000000089e+00 1.315999999999999896e-03 5.742999999999999841e-03 -9.999829999999999552e-01 6.604299999999999615e-01 7.508700000000000374e-01 5.180999999999999842e-03 7.508869999999999711e-01 -6.604250000000000398e-01 -2.805000000000000202e-03
1.000000000000000000e+01 1.100000000000000000e+01 3.000000000000000000e+01 0.000000000000000000e+00 1.600000000000000089e+00 6.747200000000000419e-02 8.324529999999999985e-01 5.499730000000000452e-01 -2.730409999999999782e-01 -5.147800000000000153e-01 8.126809999999999867e-01 9.596329999999999583e-01 -2.049980000000000135e-01 1.925600000000000089e-01
3.000000000000000000e+00 5.800000000000000000e+01 3.100000000000000000e+01 0.000000000000000000e+00 1.600000000000000089e+00 8.909999999999999734e-04 1.220500000000000057e-02 9.999249999999999527e-01 -7.717000000000000526e-01 -6.359299999999999953e-01 8.449999999999999178e-03 6.359860000000000513e-01 -7.716499999999999471e-01 8.852000000000000493e-03
7.000000000000000000e+00 5.800000000000000000e+01 3.100000000000000000e+01 0.000000000000000000e+00 1.600000000000000089e+00 -5.867999999999999952e-03 -7.929999999999999549e-03 9.999510000000000343e-01 -7.718040000000000456e-01 -6.357890000000000486e-01 -9.570999999999999647e-03 6.358340000000000103e-01 -7.718220000000000081e-01 -2.390000000000000197e-03
1.100000000000000000e+01 5.800000000000000000e+01 3.100000000000000000e+01 0.000000000000000000e+00 1.600000000000000089e+00 -3.690999999999999837e-03 -3.200000000000000153e-03 9.999879999999999880e-01 -7.708460000000000312e-01 -6.370029999999999859e-01 -4.883000000000000188e-03 6.370109999999999939e-01 -7.708549999999999569e-01 -1.160000000000000007e-04
1.800000000000000000e+01 5.800000000000000000e+01 3.100000000000000000e+01 0.000000000000000000e+00 1.600000000000000089e+00 5.266999999999999980e-03 3.275999999999999832e-03 9.999810000000000088e-01 -7.731550000000000367e-01 -6.341869999999999452e-01 6.150000000000000085e-03 6.341949999999999532e-01 -7.731729999999999992e-01 -8.069999999999999916e-04
2.300000000000000000e+01 5.800000000000000000e+01 3.100000000000000000e+01 0.000000000000000000e+00 1.600000000000000089e+00 3.406000000000000173e-03 4.576000000000000206e-03 9.999839999999999840e-01 -7.729139999999999899e-01 -6.344859999999999944e-01 5.536000000000000122e-03 6.345009999999999817e-01 -7.729200000000000514e-01 1.376000000000000053e-03
2.700000000000000000e+01 5.800000000000000000e+01 3.100000000000000000e+01 0.000000000000000000e+00 1.600000000000000089e+00 3.402000000000000076e-03 1.931999999999999907e-03 9.999919999999999920e-01 -7.725469999999999837e-01 -6.349460000000000104e-01 3.854999999999999920e-03 6.349489999999999856e-01 -7.725539999999999630e-01 -6.669999999999999497e-04
1.400000000000000000e+01 1.800000000000000000e+01 3.200000000000000000e+01 0.000000000000000000e+00 1.600000000000000089e+00 -8.790299999999999503e-02 6.698720000000000230e-01 7.372539999999999649e-01 -3.894199999999999884e-01 -7.043289999999999829e-01 5.935259999999999980e-01 9.168560000000000043e-01 -2.349289999999999989e-01 3.227749999999999786e-01
1.500000000000000000e+01 1.900000000000000000e+01 3.300000000000000000e+01 0.000000000000000000e+00 1.600000000000000089e+00 -1.275409999999999877e-01 6.351560000000000539e-01 7.617810000000000414e-01 -5.165830000000000144e-01 -6.981929999999999525e-01 4.956490000000000062e-01 8.466850000000000209e-01 -3.303079999999999905e-01 4.171590000000000020e-01
5.000000000000000000e+00 4.200000000000000000e+01 3.400000000000000000e+01 0.000000000000000000e+00 1.600000000000000089e+00 4.628000000000000169e-03 1.698999999999999989e-03 -9.999879999999999880e-01 -2.940440000000000276e-01 9.557919999999999749e-01 2.629999999999999959e-04 9.557809999999999917e-01 2.940400000000000236e-01 4.923000000000000292e-03
4.000000000000000000e+00 4.600000000000000000e+01 3.500000000000000000e+01 0.000000000000000000e+00 1.600000000000000089e+00 -1.930000000000000075e-03 1.050700000000000071e-02 -9.999430000000000263e-01 3.859429999999999805e-01 -9.224639999999999507e-01 -1.043799999999999936e-02 -9.225210000000000354e-01 -3.859409999999999785e-01 -2.273999999999999980e-03
1.000000000000000000e+01 4.600000000000000000e+01 3.500000000000000000e+01 0.000000000000000000e+00 1.600000000000000089e+00 -6.300000000000000261e-04 3.944999999999999722e-03 -9.999919999999999920e-01 3.891560000000000019e-01 -9.211629999999999541e-01 -3.879000000000000069e-03 -9.211709999999999621e-01 -3.891560000000000019e-01 -9.550000000000000112e-04
1.800000000000000000e+01 4.600000000000000000e+01 3.500000000000000000e+01 0.000000000000000000e+00 1.600000000000000089e+00 4.960000000000000216e-04 8.369999999999999619e-04 -1.000000000000000000e+00 3.903499999999999748e-01 -9.206659999999999844e-01 -5.770000000000000389e-04 -9.206659999999999844e-01 -3.903499999999999748e-01 -7.829999999999999504e-04
2.200000000000000000e+01 4.600000000000000000e+01 3.500000000000000000e+01 0.000000000000000000e+00 1.600000000000000089e+00 2.015999999999999997e-03 5.050000000000000235e-04 -9.999980000000000535e-01 3.899489999999999901e-01 -9.208359999999999879e-01 3.209999999999999963e-04 -9.208340000000000414e-01 -3.899489999999999901e-01 -2.053000000000000137e-03
2.800000000000000000e+01 4.600000000000000000e+01 3.500000000000000000e+01 0.000000000000000000e+00 1.600000000000000089e+00 5.720000000000000258e-04 3.781000000000000073e-03 -9.999930000000000208e-01 3.902499999999999858e-01 -9.207030000000000491e-01 -3.258000000000000045e-03 -9.207089999999999996e-01 -3.902450000000000085e-01 -2.003000000000000006e-03
1.000000000000000000e+01 9.500000000000000000e+01 3.600000000000000000e+01 0.000000000000000000e+00 1.600000000000000089e+00 -5.969499999999999806e-02 5.102899999999999797e-02 9.969109999999999916e-01 9.958019999999999650e-01 7.247099999999999376e-02 5.591900000000000343e-02 -6.939399999999999735e-02 9.960639999999999494e-01 -5.514100000000000251e-02
2.500000000000000000e+01 9.500000000000000000e+01 3.600000000000000000e+01 0.000000000000000000e+00 1.600000000000000089e+00 2.302900000000000086e-02 1.391099999999999975e-02 9.996380000000000265e-01 9.968350000000000266e-01 7.578000000000000014e-02 -2.401899999999999868e-02 -7.608600000000000085e-02 9.970280000000000253e-01 -1.212200000000000083e-02
1.100000000000000000e+01 2.200000000000000000e+01 3.700000000000000000e+01 0.000000000000000000e+00 1.600000000000000089e+00 -1.559299999999999922e-02 6.317559999999999842e-01 -7.750099999999999767e-01 6.674790000000000445e-01 -5.705320000000000391e-01 -4.785030000000000117e-01 -7.444659999999999611e-01 -5.247640000000000082e-01 -4.127870000000000150e-01
1.600000000000000000e+01 2.800000000000000000e+01 3.700000000000000000e+01 0.000000000000000000e+00 1.600000000000000089e+00 -2.416199999999999945e-02 -1.672240000000000115e-01 -9.856230000000000269e-01 -7.197329999999999561e-01 -6.813449999999999784e-01 1.332430000000000003e-01 -6.938299999999999468e-01 7.126050000000000439e-01 -1.038940000000000002e-01
3.000000000000000000e+00 3.700000000000000000e+01 3.800000000000000000e+01 0.000000000000000000e+00 1.600000000000000089e+00 5.145199999999999774e-02 -9.717999999999999208e-03 9.986279999999999601e-01 6.480080000000000284e-01 7.611909999999999510e-01 -2.597999999999999962e-02 -7.598939999999999584e-01 6.484550000000000036e-01 4.546200000000000241e-02
1.000000000000000000e+00 2.600000000000000000e+01 3.900000000000000000e+01 0.000000000000000000e+00 1.600000000000000089e+00 -1.457380000000000064e-01 -6.889450000000000296e-01 7.100109999999999477e-01 7.417890000000000317e-01 3.987680000000000113e-01 5.391970000000000374e-01 -6.546060000000000212e-01 6.052600000000000202e-01 4.529360000000000053e-01
2.000000000000000000e+00 2.700000000000000000e+01 4.000000000000000000e+01 0.000000000000000000e+00 1.600000000000000089e+00 -1.379319999999999991e-01 -7.457289999999999752e-01 6.518150000000000333e-01 7.263450000000000184e-01 3.712500000000000244e-01 5.784430000000000405e-01 -6.733479999999999466e-01 5.532280000000000530e-01 4.904499999999999971e-01
1.300000000000000000e+01 3.400000000000000000e+01 4.000000000000000000e+01 0.000000000000000000e+00 1.600000000000000089e+00 -1.393870000000000109e-01 3.820180000000000242e-01 -9.135830000000000339e-01 5.409890000000000532e-01 8.021150000000000224e-01 2.528670000000000084e-01 8.293989999999999974e-01 -4.589920000000000111e-01 -3.184719999999999773e-01
1.800000000000000000e+01 1.300000000000000000e+01 4.100000000000000000e+01 0.000000000000000000e+00 1.600000000000000089e+00 -4.605299999999999672e-02 1.380139999999999978e-01 9.893589999999999884e-01 -7.061910000000000132e-01 -7.049870000000000303e-01 6.547200000000000242e-02 7.065219999999999834e-01 -6.956620000000000026e-01 1.299309999999999909e-01
1.900000000000000000e+01 1.400000000000000000e+01 4.200000000000000000e+01 0.000000000000000000e+00 1.600000000000000089e+00 -5.937699999999999922e-02 1.250219999999999942e-01 9.903760000000000341e-01 -6.229510000000000325e-01 -7.798709999999999809e-01 6.110000000000000153e-02 7.800040000000000306e-01 -6.133269999999999555e-01 1.241889999999999938e-01
6.000000000000000000e+00 3.000000000000000000e+00 4.300000000000000000e+01 0.000000000000000000e+00 1.600000000000000089e+00 1.230000000000000082e-04 2.492999999999999990e-03 -9.999970000000000248e-01 7.441250000000000364e-01 -6.680380000000000207e-01 -1.574000000000000095e-03 -6.680399999999999672e-01 -7.441229999999999789e-01 -1.936999999999999920e-03
2.000000000000000000e+01 3.000000000000000000e+00 4.300000000000000000e+01 0.000000000000000000e+00 1.600000000000000089e+00 4.670000000000000214e-04 1.027699999999999968e-02 -9.999470000000000303e-01 7.435869999999999980e-01 -6.686079999999999801e-01 -6.524000000000000285e-03 -6.686389999999999834e-01 -7.435439999999999827e-01 -7.953999999999999265e-03
2.400000000000000000e+01 3.000000000000000000e+00 4.300000000000000000e+01 0.000000000000000000e+00 1.600000000000000089e+00 -1.559999999999999972e-04 8.589999999999999546e-04 -1.000000000000000000e+00 7.412469999999999892e-01 -6.712320000000000508e-01 -6.920000000000000153e-04 -6.712329999999999686e-01 -7.412459999999999605e-01 -5.320000000000000293e-04
1.000000000000000000e+01 8.000000000000000000e+00 4.400000000000000000e+01 0.000000000000000000e+00 1.600000000000000089e+00 3.344000000000000184e-03 3.778999999999999807e-03 9.999869999999999592e-01 -7.923350000000000115e-01 -6.100659999999999972e-01 4.955000000000000203e-03 6.100769999999999804e-01 -7.923409999999999620e-01 9.539999999999999869e-04
1.500000000000000000e+01 8.000000000000000000e+00 4.400000000000000000e+01 0.000000000000000000e+00 1.600000000000000089e+00 6.145000000000000288e-03 1.257199999999999984e-02 9.999019999999999575e-01 -7.901129999999999542e-01 -6.128320000000000434e-01 1.256099999999999925e-02 6.129299999999999748e-01 -7.901129999999999542e-01 6.166999999999999739e-03
5.000000000000000000e+00 2.400000000000000000e+01 4.500000000000000000e+01 0.000000000000000000e+00 1.600000000000000089e+00 1.170960000000000056e-01 -3.019439999999999902e-01 -9.461070000000000313e-01 -5.990689999999999626e-01 7.383429999999999715e-01 -3.097820000000000018e-01 7.920890000000000430e-01 6.030579999999999830e-01 -9.442799999999999805e-02
2.300000000000000000e+01 6.500000000000000000e+01 4.600000000000000000e+01 0.000000000000000000e+00 1.600000000000000089e+00 -2.573000000000000200e-03 -1.101999999999999898e-03 9.999959999999999960e-01 6.798290000000000166e-01 -7.333699999999999664e-01 9.409999999999999962e-04 7.333659999999999624e-01 6.798290000000000166e-01 2.635999999999999888e-03
2.700000000000000000e+01 2.100000000000000000e+01 4.800000000000000000e+01 0.000000000000000000e+00 1.600000000000000089e+00 -4.159000000000000370e-03 2.638000000000000154e-03 -9.999879999999999880e-01 3.029789999999999983e-01 9.529969999999999830e-01 1.253999999999999906e-03 9.529879999999999463e-01 -3.029700000000000171e-01 -4.762999999999999873e-03
4.000000000000000000e+00 4.500000000000000000e+01 5.000000000000000000e+01 0.000000000000000000e+00 1.600000000000000089e+00 -1.890290000000000026e-01 6.155789999999999873e-01 7.650689999999999991e-01 5.205969999999999764e-01 7.234350000000000502e-01 -4.534540000000000237e-01 -8.326149999999999940e-01 3.125760000000000205e-01 -4.572189999999999865e-01
1.500000000000000000e+01 6.000000000000000000e+00 5.100000000000000000e+01 0.000000000000000000e+00 1.600000000000000089e+00 1.689999999999999879e-04 4.244000000000000376e-03 -9.999909999999999632e-01 3.186450000000000116e-01 -9.478659999999999863e-01 -3.969000000000000306e-03 -9.478739999999999943e-01 -3.186419999999999808e-01 -1.512000000000000106e-03
9.000000000000000000e+00 4.800000000000000000e+01 5.100000000000000000e+01 0.000000000000000000e+00 1.600000000000000089e+00 1.691399999999999848e-02 -9.431570000000000231e-01 3.319159999999999888e-01 6.282459999999999711e-01 2.682729999999999837e-01 7.302990000000000315e-01 -7.778310000000000501e-01 1.961729999999999863e-01 5.970720000000000471e-01
2.100000000000000000e+01 7.000000000000000000e+00 5.200000000000000000e+01 0.000000000000000000e+00 1.600000000000000089e+00 4.800000000000000122e-04 -3.950000000000000061e-04 -1.000000000000000000e+00 9.365500000000000214e-02 -9.956049999999999622e-01 4.380000000000000213e-04 -9.956049999999999622e-01 -9.365500000000000214e-02 -4.409999999999999858e-04
1.000000000000000000e+01 4.900000000000000000e+01 5.200000000000000000e+01 0.000000000000000000e+00 1.600000000000000089e+00 -2.736900000000000097e-02 -9.574329999999999785e-01 2.873560000000000003e-01 6.379839999999999955e-01 2.045740000000000058e-01 7.423779999999999824e-01 -7.695629999999999971e-01 2.036469999999999947e-01 6.052279999999999882e-01
2.800000000000000000e+01 5.800000000000000000e+01 5.200000000000000000e+01 0.000000000000000000e+00 1.600000000000000089e+00 -3.281000000000000062e-03 1.832000000000000078e-03 9.999930000000000208e-01 -6.263360000000000039e-01 7.795450000000000434e-01 -3.482999999999999985e-03 -7.795459999999999612e-01 -6.263429999999999831e-01 -1.410000000000000012e-03
3.000000000000000000e+00 6.300000000000000000e+01 5.200000000000000000e+01 0.000000000000000000e+00 1.600000000000000089e+00 -3.651700000000000085e-02 1.543400000000000050e-01 -9.873429999999999707e-01 4.629269999999999774e-01 8.782140000000000502e-01 1.201600000000000029e-01 8.856439999999999868e-01 -4.526800000000000268e-01 -1.035179999999999989e-01
1.000000000000000000e+01 5.000000000000000000e+01 5.300000000000000000e+01 0.000000000000000000e+00 1.600000000000000089e+00 -8.443799999999999917e-02 -9.560910000000000242e-01 2.806420000000000026e-01 6.266890000000000516e-01 1.680129999999999957e-01 7.609420000000000073e-01 -7.746809999999999530e-01 2.401280000000000081e-01 5.849849999999999772e-01
1.400000000000000000e+01 6.300000000000000000e+01 5.400000000000000000e+01 0.000000000000000000e+00 1.600000000000000089e+00 1.221999999999999996e-03 2.056300000000000142e-02 9.997880000000000100e-01 -3.580630000000000202e-01 9.335090000000000332e-01 -1.876200000000000090e-02 -9.336969999999999992e-01 -3.579640000000000044e-01 8.503000000000000141e-03
2.500000000000000000e+01 6.300000000000000000e+01 5.400000000000000000e+01 0.000000000000000000e+00 1.600000000000000089e+00 3.043999999999999831e-03 -7.600000000000000418e-04 9.999949999999999672e-01 -3.836919999999999775e-01 9.234590000000000298e-01 1.869999999999999917e-03 -9.234560000000000546e-01 -3.836950000000000083e-01 2.518999999999999972e-03
1.200000000000000000e+01 2.400000000000000000e+01 5.500000000000000000e+01 0.000000000000000000e+00 1.600000000000000089e+00 -3.821999999999999703e-02 1.407049999999999967e-01 -9.893140000000000267e-01 1.832400000000000001e-02 9.899689999999999879e-01 1.400899999999999923e-01 9.991010000000000169e-01 -1.277400000000000063e-02 -4.041499999999999954e-02
2.300000000000000000e+01 2.500000000000000000e+01 5.500000000000000000e+01 0.000000000000000000e+00 1.600000000000000089e+00 -1.520799999999999930e-02 -2.207899999999999863e-01 9.752030000000000420e-01 4.183100000000000013e-02 9.743209999999999926e-01 2.212429999999999952e-01 -9.990090000000000359e-01 4.415899999999999687e-02 -5.582000000000000156e-03
3.000000000000000000e+00 2.600000000000000000e+01 5.500000000000000000e+01 0.000000000000000000e+00 1.600000000000000089e+00 1.799399999999999958e-02 1.180100000000000073e-02 -9.997679999999999900e-01 -1.107630000000000003e-01 9.937989999999999879e-01 9.737000000000000863e-03 9.936840000000000117e-01 1.105619999999999936e-01 1.918999999999999873e-02
5.000000000000000000e+00 2.600000000000000000e+01 5.500000000000000000e+01 0.000000000000000000e+00 1.600000000000000089e+00 2.623500000000000137e-02 2.106099999999999986e-02 -9.994340000000000446e-01 -1.098049999999999998e-01 9.937890000000000335e-01 1.805899999999999866e-02 9.936070000000000180e-01 1.092690000000000050e-01 2.838399999999999951e-02
2.500000000000000000e+01 2.600000000000000000e+01 5.500000000000000000e+01 0.000000000000000000e+00 1.600000000000000089e+00 -1.607700000000000101e-02 -2.912629999999999941e-01 9.565080000000000249e-01 9.710999999999999147e-03 9.565409999999999746e-01 2.914359999999999729e-01 -9.998240000000000460e-01 1.397400000000000031e-02 -1.255000000000000039e-02
1.300000000000000000e+01 5.300000000000000000e+01 5.500000000000000000e+01 0.000000000000000000e+00 1.600000000000000089e+00 4.996300000000000047e-02 -5.964990000000000014e-01 8.010570000000000190e-01 9.445999999999999536e-03 8.023050000000000459e-01 5.968390000000000084e-01 -9.987059999999999826e-01 -2.225399999999999948e-02 4.571999999999999675e-02
1.200000000000000000e+01 2.600000000000000000e+01 5.600000000000000000e+01 0.000000000000000000e+00 1.600000000000000089e+00 -1.220199999999999931e-02 1.112439999999999957e-01 -9.937179999999999902e-01 8.186999999999999833e-03 9.937700000000000422e-01 1.111489999999999978e-01 9.998920000000000030e-01 -6.779000000000000303e-03 -1.303600000000000071e-02
9.000000000000000000e+00 4.200000000000000000e+01 5.800000000000000000e+01 0.000000000000000000e+00 1.600000000000000089e+00 -5.130169999999999453e-01 -4.638349999999999973e-01 7.222669999999999924e-01 -3.648900000000000060e-02 -8.288879999999999582e-01 -5.582240000000000535e-01 8.576019999999999754e-01 -3.127329999999999832e-01 4.083089999999999775e-01
7.000000000000000000e+00 2.000000000000000000e+01 6.000000000000000000e+01 0.000000000000000000e+00 1.600000000000000089e+00 2.700000000000000035e-04 5.065000000000000058e-03 9.999869999999999592e-01 -6.354899999999999438e-02 9.979660000000000197e-01 -5.036999999999999811e-03 -9.979789999999999495e-01 -6.354700000000000626e-02 5.919999999999999698e-04
1.500000000000000000e+01 2.000000000000000000e+01 6.000000000000000000e+01 0.000000000000000000e+00 1.600000000000000089e+00 4.939999999999999730e-04 -4.387000000000000274e-03 9.999900000000000455e-01 -6.498800000000000410e-02 9.978759999999999852e-01 4.408999999999999725e-03 -9.978860000000000507e-01 -6.498900000000000510e-02 2.079999999999999872e-04
2.000000000000000000e+01 2.000000000000000000e+01 6.000000000000000000e+01 0.000000000000000000e+00 1.600000000000000089e+00 1.453000000000000081e-03 9.970000000000000563e-04 9.999980000000000535e-01 -6.478299999999999337e-02 9.978989999999999805e-01 -9.009999999999999997e-04 -9.978979999999999517e-01 -6.478100000000000525e-02 1.513999999999999938e-03
1.000000000000000000e+01 2.100000000000000000e+01 6.000000000000000000e+01 0.000000000000000000e+00 1.600000000000000089e+00 -1.061000000000000094e-03 -1.214999999999999934e-03 9.999989999999999712e-01 -9.768300000000000594e-02 9.952170000000000183e-01 1.105999999999999995e-03 -9.952170000000000183e-01 -9.768200000000000494e-02 -1.175000000000000046e-03
6.000000000000000000e+00 5.600000000000000000e+01 6.000000000000000000e+01 0.000000000000000000e+00 1.600000000000000089e+00 8.077379999999999560e-01 -4.704869999999999886e-01 -3.552489999999999815e-01 -5.261879999999999891e-01 -8.470969999999999889e-01 -7.452200000000000490e-02 -2.658690000000000220e-01 2.471220000000000083e-01 -9.317969999999999864e-01
2.000000000000000000e+01 3.000000000000000000e+00 6.300000000000000000e+01 0.000000000000000000e+00 1.600000000000000089e+00 8.329999999999999731e-04 2.906000000000000163e-03 9.999949999999999672e-01 -6.178059999999999663e-01 7.863280000000000269e-01 -1.770000000000000089e-03 -7.863299999999999734e-01 -6.178019999999999623e-01 2.449999999999999921e-03
1.000000000000000000e+00 2.700000000000000000e+01 6.300000000000000000e+01 0.000000000000000000e+00 1.600000000000000089e+00 -2.405000000000000020e-03 -2.782000000000000185e-03 9.999930000000000208e-01 -2.823080000000000034e-01 9.593220000000000081e-01 1.990000000000000015e-03 -9.593209999999999793e-01 -2.823019999999999974e-01 -3.092000000000000130e-03
