7.000000000000000000e+00 1.600000000000000000e+01 4.000000000000000000e+00 0.000000000000000000e+00 1.600000000000000089e+00 -1.489999999999999897e-04 1.167999999999999984e-03 9.999989999999999712e-01 3.193920000000000092e-01 -9.476219999999999644e-01 1.154999999999999994e-03 9.476229999999999931e-01 3.193920000000000092e-01 -2.320000000000000014e-04
1.100000000000000000e+01 1.600000000000000000e+01 4.000000000000000000e+00 0.000000000000000000e+00 1.600000000000000089e+00 6.949999999999999798e-04 -1.270300000000000075e-02 9.999190000000000023e-01 3.175600000000000089e-01 -9.481589999999999741e-01 -1.226600000000000086e-02 9.482380000000000253e-01 3.175430000000000197e-01 3.374999999999999962e-03
1.500000000000000000e+01 1.600000000000000000e+01 4.000000000000000000e+00 0.000000000000000000e+00 1.600000000000000089e+00 1.630000000000000047e-04 -1.217799999999999959e-02 9.999259999999999815e-01 3.160729999999999928e-01 -9.486639999999999517e-01 -1.160500000000000073e-02 9.487349999999999950e-01 3.160519999999999996e-01 3.694999999999999934e-03
2.700000000000000000e+01 1.600000000000000000e+01 4.000000000000000000e+00 0.000000000000000000e+00 1.600000000000000089e+00 -2.076999999999999853e-03 -1.183900000000000056e-02 9.999280000000000390e-01 3.172889999999999877e-01 -9.482699999999999463e-01 -1.056799999999999927e-02 9.483270000000000310e-01 3.172440000000000260e-01 5.726000000000000187e-03
4.000000000000000000e+00 1.010000000000000000e+02 7.000000000000000000e+00 0.000000000000000000e+00 1.600000000000000089e+00 3.640000000000000115e-04 2.970000000000000092e-04 1.000000000000000000e+00 8.895549999999999846e-01 4.568269999999999831e-01 -4.600000000000000139e-04 -4.568280000000000118e-01 8.895549999999999846e-01 -9.799999999999999684e-05
2.300000000000000000e+01 1.010000000000000000e+02 7.000000000000000000e+00 0.000000000000000000e+00 1.600000000000000089e+00 -1.140000000000000063e-04 -9.535000000000000073e-03 9.999550000000000383e-01 8.865389999999999660e-01 4.626310000000000144e-01 4.512999999999999651e-03 -4.626529999999999809e-01 8.864999999999999547e-01 8.399999999999999481e-03
2.800000000000000000e+01 1.010000000000000000e+02 7.000000000000000000e+00 0.000000000000000000e+00 1.600000000000000089e+00 2.255000000000000060e-03 4.497000000000000129e-03 9.999869999999999592e-01 8.850000000000000089e-01 4.655739999999999879e-01 -4.088999999999999753e-03 -4.655859999999999999e-01 8.849979999999999514e-01 -2.929999999999999879e-03
2.500000000000000000e+01 1.500000000000000000e+01 8.000000000000000000e+00 0.000000000000000000e+00 1.600000000000000089e+00 -3.531999999999999983e-03 -1.046300000000000008e-02 -9.999390000000000223e-01 -5.663880000000000026e-01 -8.240699999999999692e-01 1.062300000000000050e-02 -8.241309999999999469e-01 5.663909999999999778e-01 -3.016000000000000018e-03
2.900000000000000000e+01 1.500000000000000000e+01 8.000000000000000000e+00 0.000000000000000000e+00 1.600000000000000089e+00 -3.167999999999999809e-03 -9.084999999999999326e-03 -9.999540000000000095e-01 -5.658450000000000424e-01 -8.244599999999999707e-01 9.282999999999999585e-03 -8.245059999999999611e-01 5.658480000000000176e-01 -2.528999999999999998e-03
6.000000000000000000e+00 2.600000000000000000e+01 8.000000000000000000e+00 0.000000000000000000e+00 1.600000000000000089e+00 -2.132000000000000214e-03 7.066000000000000232e-03 -9.999730000000000008e-01 4.231559999999999766e-01 9.060399999999999565e-01 5.499999999999999681e-03 9.060540000000000260e-01 -4.231329999999999814e-01 -4.921000000000000027e-03
1.100000000000000000e+01 2.600000000000000000e+01 8.000000000000000000e+00 0.000000000000000000e+00 1.600000000000000089e+00 -2.096000000000000207e-03 1.470300000000000079e-02 -9.998899999999999455e-01 4.251650000000000151e-01 9.050300000000000011e-01 1.241699999999999922e-02 9.051129999999999454e-01 -4.250920000000000254e-01 -8.148000000000000728e-03
1.600000000000000000e+01 2.600000000000000000e+01 8.000000000000000000e+00 0.000000000000000000e+00 1.600000000000000089e+00 4.353000000000000098e-03 -1.047999999999999973e-02 -9.999360000000000470e-01 4.271949999999999914e-01 9.041280000000000427e-01 -7.616000000000000374e-03 9.041489999999999805e-01 -4.271340000000000137e-01 8.413000000000000339e-03
2.200000000000000000e+01 2.600000000000000000e+01 8.000000000000000000e+00 0.000000000000000000e+00 1.600000000000000089e+00 2.099000000000000171e-03 4.224000000000000324e-03 -9.999890000000000168e-01 4.252940000000000054e-01 9.050430000000000419e-01 4.714999999999999573e-03 9.050529999999999964e-01 -4.252989999999999826e-01 1.029999999999999964e-04
2.900000000000000000e+01 2.600000000000000000e+01 8.000000000000000000e+00 0.000000000000000000e+00 1.600000000000000089e+00 7.940000000000000009e-04 2.044999999999999943e-03 -9.999980000000000535e-01 4.238850000000000118e-01 9.057129999999999903e-01 2.188999999999999974e-03 9.057150000000000478e-01 -4.238859999999999850e-01 -1.479999999999999925e-04
3.000000000000000000e+00 1.400000000000000000e+01 9.000000000000000000e+00 0.000000000000000000e+00 1.600000000000000089e+00 5.130000000000000011e-04 9.254000000000000073e-03 -9.999569999999999848e-01 -5.571310000000000429e-01 -8.303859999999999575e-01 -7.971000000000000654e-03 -8.304240000000000510e-01 5.571110000000000229e-01 4.729999999999999830e-03
6.000000000000000000e+00 1.400000000000000000e+01 9.000000000000000000e+00 0.000000000000000000e+00 1.600000000000000089e+00 7.649999999999999465e-04 -3.699999999999999947e-04 -1.000000000000000000e+00 -5.567900000000000071e-01 -8.306540000000000035e-01 -1.190000000000000058e-04 -8.306529999999999747e-01 5.567889999999999784e-01 -8.419999999999999750e-04
9.000000000000000000e+00 1.400000000000000000e+01 9.000000000000000000e+00 0.000000000000000000e+00 1.600000000000000089e+00 -1.029999999999999964e-04 -2.076000000000000154e-03 -9.999980000000000535e-01 -5.564179999999999682e-01 -8.308999999999999719e-01 1.781999999999999947e-03 -8.309020000000000294e-01 5.564170000000000504e-01 -1.069999999999999988e-03
1.500000000000000000e+01 1.400000000000000000e+01 9.000000000000000000e+00 0.000000000000000000e+00 1.600000000000000089e+00 -3.063999999999999883e-03 -1.236399999999999999e-02 -9.999190000000000023e-01 -5.586609999999999632e-01 -8.293099999999999916e-01 1.196599999999999921e-02 -8.293899999999999606e-01 5.586529999999999552e-01 -4.366000000000000089e-03
2.300000000000000000e+01 1.400000000000000000e+01 9.000000000000000000e+00 0.000000000000000000e+00 1.600000000000000089e+00 -2.923999999999999950e-03 -5.701000000000000338e-03 -9.999789999999999512e-01 -5.607790000000000274e-01 -8.279410000000000380e-01 6.360000000000000202e-03 -8.279609999999999470e-01 5.607860000000000067e-01 -7.759999999999999971e-04
2.900000000000000000e+01 1.400000000000000000e+01 9.000000000000000000e+00 0.000000000000000000e+00 1.600000000000000089e+00 -3.701999999999999996e-03 -1.185199999999999969e-02 -9.999230000000000063e-01 -5.615879999999999761e-01 -8.273310000000000386e-01 1.188600000000000073e-02 -8.274080000000000323e-01 5.615890000000000049e-01 -3.593999999999999972e-03
8.000000000000000000e+00 1.020000000000000000e+02 9.000000000000000000e+00 0.000000000000000000e+00 1.600000000000000089e+00 7.200000000000000182e-05 2.066999999999999827e-03 9.999980000000000535e-01 9.253390000000000226e-01 3.791410000000000058e-01 -8.509999999999999769e-04 -3.791419999999999790e-01 9.253369999999999651e-01 -1.884999999999999957e-03
1.000000000000000000e+01 1.040000000000000000e+02 1.100000000000000000e+01 0.000000000000000000e+00 1.600000000000000089e+00 -2.155999999999999930e-03 -5.529999999999999976e-04 9.999980000000000535e-01 -9.733070000000000332e-01 -2.294940000000000035e-01 -2.224999999999999981e-03 2.294950000000000045e-01 -9.733100000000000085e-01 -4.300000000000000165e-05
2.000000000000000000e+00 3.200000000000000000e+01 1.400000000000000000e+01 0.000000000000000000e+00 1.600000000000000089e+00 9.959999999999999236e-04 -3.193999999999999791e-03 -9.999940000000000495e-01 1.101540000000000019e-01 9.939099999999999602e-01 -3.065000000000000016e-03 9.939139999999999642e-01 -1.101509999999999989e-01 1.340999999999999961e-03
1.000000000000000000e+01 3.200000000000000000e+01 1.400000000000000000e+01 0.000000000000000000e+00 1.600000000000000089e+00 -1.789400000000000018e-02 4.913599999999999912e-02 -9.986319999999999641e-01 9.186500000000000221e-02 9.946479999999999766e-01 4.729400000000000270e-02 9.956110000000000237e-01 -9.089300000000000157e-02 -2.231299999999999950e-02
1.400000000000000000e+01 3.200000000000000000e+01 1.400000000000000000e+01 0.000000000000000000e+00 1.600000000000000089e+00 1.870000000000000134e-02 -4.055700000000000277e-02 -9.990019999999999456e-01 9.216900000000000093e-02 9.949919999999999876e-01 -3.866900000000000198e-02 9.955680000000000085e-01 -9.135400000000000464e-02 2.234399999999999928e-02
3.000000000000000000e+00 1.200000000000000000e+01 1.500000000000000000e+01 0.000000000000000000e+00 1.600000000000000089e+00 2.451000000000000054e-03 3.800000000000000209e-05 -9.999970000000000248e-01 -4.641489999999999783e-01 -8.857559999999999878e-01 -1.172000000000000082e-03 -8.857540000000000413e-01 4.641500000000000070e-01 -2.152999999999999966e-03
2.500000000000000000e+01 1.200000000000000000e+01 1.500000000000000000e+01 0.000000000000000000e+00 1.600000000000000089e+00 -7.439999999999999782e-04 -4.767999999999999669e-03 -9.999879999999999880e-01 -4.651060000000000194e-01 -8.852430000000000021e-01 4.566999999999999879e-03 -8.852550000000000141e-01 4.651040000000000174e-01 -1.559000000000000056e-03
5.000000000000000000e+00 2.000000000000000000e+00 1.900000000000000000e+01 0.000000000000000000e+00 1.600000000000000089e+00 -7.540000000000000044e-04 -3.899999999999999929e-04 -1.000000000000000000e+00 1.249330000000000024e-01 -9.921649999999999636e-01 2.930000000000000204e-04 -9.921649999999999636e-01 -1.249330000000000024e-01 7.969999999999999654e-04
1.100000000000000000e+01 2.000000000000000000e+00 1.900000000000000000e+01 0.000000000000000000e+00 1.600000000000000089e+00 -1.356999999999999916e-03 4.174999999999999892e-03 -9.999900000000000455e-01 1.327830000000000121e-01 -9.911360000000000170e-01 -4.317999999999999790e-03 -9.911440000000000250e-01 -1.327879999999999894e-01 7.910000000000000364e-04
1.400000000000000000e+01 2.000000000000000000e+00 1.900000000000000000e+01 0.000000000000000000e+00 1.600000000000000089e+00 -7.209999999999999612e-04 5.075999999999999783e-03 -9.999869999999999592e-01 1.331789999999999918e-01 -9.910790000000000433e-01 -5.126000000000000348e-03 -9.910919999999999730e-01 -1.331809999999999938e-01 3.899999999999999929e-05
2.300000000000000000e+01 2.000000000000000000e+00 1.900000000000000000e+01 0.000000000000000000e+00 1.600000000000000089e+00 -1.069999999999999988e-04 -1.307999999999999918e-03 -9.999989999999999712e-01 1.375339999999999896e-01 -9.904960000000000431e-01 1.280000000000000105e-03 -9.904969999999999608e-01 -1.375339999999999896e-01 2.860000000000000129e-04
2.500000000000000000e+01 2.000000000000000000e+00 1.900000000000000000e+01 0.000000000000000000e+00 1.600000000000000089e+00 -5.400000000000000069e-04 -1.991999999999999847e-03 -9.999980000000000535e-01 1.410589999999999899e-01 -9.899989999999999624e-01 1.895999999999999899e-03 -9.900010000000000199e-01 -1.410579999999999889e-01 8.159999999999999936e-04
2.800000000000000000e+01 2.000000000000000000e+00 1.900000000000000000e+01 0.000000000000000000e+00 1.600000000000000089e+00 -3.159999999999999832e-04 -4.978999999999999919e-03 -9.999879999999999880e-01 1.448750000000000038e-01 -9.894380000000000397e-01 4.880999999999999922e-03 -9.894500000000000517e-01 -1.448720000000000008e-01 1.033999999999999980e-03
2.000000000000000000e+00 1.300000000000000000e+01 2.000000000000000000e+01 0.000000000000000000e+00 1.600000000000000089e+00 -7.309999999999999875e-04 -1.169599999999999980e-02 9.999310000000000143e-01 2.471349999999999936e-01 9.689130000000000242e-01 1.151399999999999993e-02 -9.689809999999999812e-01 2.471260000000000123e-01 2.181999999999999912e-03
8.000000000000000000e+00 1.300000000000000000e+01 2.000000000000000000e+01 0.000000000000000000e+00 1.600000000000000089e+00 -4.780000000000000178e-04 6.819999999999999890e-04 1.000000000000000000e+00 2.488930000000000031e-01 9.685310000000000308e-01 -5.419999999999999471e-04 -9.685310000000000308e-01 2.488930000000000031e-01 -6.329999999999999906e-04
2.000000000000000000e+01 1.300000000000000000e+01 2.000000000000000000e+01 0.000000000000000000e+00 1.600000000000000089e+00 -1.984000000000000086e-03 -3.836000000000000000e-03 9.999909999999999632e-01 2.519199999999999773e-01 9.677390000000000159e-01 4.211999999999999598e-03 -9.677459999999999951e-01 2.519259999999999833e-01 -9.539999999999999869e-04
2.600000000000000000e+01 1.300000000000000000e+01 2.000000000000000000e+01 0.000000000000000000e+00 1.600000000000000089e+00 3.490000000000000263e-04 -1.877999999999999895e-03 9.999980000000000535e-01 2.514640000000000208e-01 9.678649999999999753e-01 1.729999999999999984e-03 -9.678660000000000041e-01 2.514629999999999921e-01 8.099999999999999561e-04
2.300000000000000000e+01 1.600000000000000000e+01 2.100000000000000000e+01 0.000000000000000000e+00 1.600000000000000089e+00 -5.339999999999999695e-04 -5.385000000000000030e-03 9.999850000000000128e-01 2.998939999999999939e-01 9.539579999999999727e-01 5.297999999999999758e-03 -9.539720000000000422e-01 2.998919999999999919e-01 1.105000000000000079e-03
6.000000000000000000e+00 4.600000000000000000e+01 2.700000000000000000e+01 0.000000000000000000e+00 1.600000000000000089e+00 -2.932000000000000144e-03 -3.980000000000000248e-04 -9.999959999999999960e-01 6.699049999999999727e-01 7.424429999999999641e-01 -2.259999999999999856e-03 7.424410000000000176e-01 -6.699089999999999767e-01 -1.910000000000000022e-03
2.700000000000000000e+01 4.600000000000000000e+01 2.700000000000000000e+01 0.000000000000000000e+00 1.600000000000000089e+00 2.243000000000000202e-03 1.002999999999999985e-03 -9.999970000000000248e-01 6.635910000000000419e-01 7.480919999999999792e-01 2.239000000000000105e-03 7.480919999999999792e-01 -6.635940000000000172e-01 1.012000000000000096e-03
4.000000000000000000e+00 4.600000000000000000e+01 3.000000000000000000e+01 0.000000000000000000e+00 1.600000000000000089e+00 -9.659999999999999533e-04 -6.350000000000000392e-04 -9.999989999999999712e-01 3.295699999999999741e-01 9.441310000000000535e-01 -9.169999999999999549e-04 9.441300000000000248e-01 -3.295710000000000028e-01 -7.029999999999999574e-04
1.200000000000000000e+01 4.600000000000000000e+01 3.000000000000000000e+01 0.000000000000000000e+00 1.600000000000000089e+00 1.753000000000000001e-03 1.183999999999999940e-03 -9.999980000000000535e-01 3.275230000000000086e-01 9.448419999999999597e-01 1.693000000000000060e-03 9.448419999999999597e-01 -3.275250000000000106e-01 1.268000000000000030e-03
1.900000000000000000e+01 4.600000000000000000e+01 3.000000000000000000e+01 0.000000000000000000e+00 1.600000000000000089e+00 -8.289999999999999843e-04 -1.461000000000000059e-03 -9.999989999999999712e-01 3.233759999999999968e-01 9.462690000000000268e-01 -1.650999999999999907e-03 9.462699999999999445e-01 -3.233770000000000255e-01 -3.119999999999999944e-04
2.900000000000000000e+01 4.600000000000000000e+01 3.000000000000000000e+01 0.000000000000000000e+00 1.600000000000000089e+00 1.894000000000000067e-03 8.499999999999999526e-04 -9.999980000000000535e-01 3.205939999999999901e-01 9.472159999999999469e-01 1.412000000000000061e-03 9.472150000000000292e-01 -3.205959999999999921e-01 1.521999999999999915e-03
3.000000000000000000e+00 5.800000000000000000e+01 3.100000000000000000e+01 0.000000000000000000e+00 1.600000000000000089e+00 1.085999999999999943e-03 -3.334999999999999857e-03 9.999940000000000495e-01 -7.580649999999999888e-01 -6.521780000000000355e-01 -1.351999999999999903e-03 6.521780000000000355e-01 -7.580590000000000384e-01 -3.236999999999999860e-03
8.000000000000000000e+00 5.800000000000000000e+01 3.100000000000000000e+01 0.000000000000000000e+00 1.600000000000000089e+00 1.897999999999999948e-03 -2.079999999999999872e-04 9.999980000000000535e-01 -7.607009999999999605e-01 -6.491010000000000391e-01 1.309000000000000051e-03 6.491000000000000103e-01 -7.607019999999999893e-01 -1.389999999999999960e-03
1.600000000000000000e+01 5.800000000000000000e+01 3.100000000000000000e+01 0.000000000000000000e+00 1.600000000000000089e+00 -3.618000000000000122e-03 -4.954000000000000070e-03 9.999810000000000088e-01 -7.700960000000000027e-01 -6.379010000000000513e-01 -5.947000000000000029e-03 6.379179999999999851e-01 -7.701029999999999820e-01 -1.507000000000000093e-03
1.900000000000000000e+01 5.800000000000000000e+01 3.100000000000000000e+01 0.000000000000000000e+00 1.600000000000000089e+00 -3.893999999999999892e-03 -4.837000000000000154e-03 9.999810000000000088e-01 -7.709120000000000417e-01 -6.369120000000000337e-01 -6.082999999999999866e-03 6.369289999999999674e-01 -7.709209999999999674e-01 -1.248999999999999893e-03
2.200000000000000000e+01 5.800000000000000000e+01 3.100000000000000000e+01 0.000000000000000000e+00 1.600000000000000089e+00 -5.524000000000000264e-03 -4.350999999999999833e-03 9.999749999999999472e-01 -7.698180000000000023e-01 -6.382250000000000423e-01 -7.028999999999999658e-03 6.382400000000000295e-01 -7.698380000000000223e-01 1.759999999999999954e-04
2.600000000000000000e+01 5.800000000000000000e+01 3.100000000000000000e+01 0.000000000000000000e+00 1.600000000000000089e+00 -4.322000000000000321e-03 -4.676999999999999734e-03 9.999799999999999800e-01 -7.699139999999999873e-01 -6.381170000000000453e-01 -6.311999999999999902e-03 6.381339999999999790e-01 -7.699249999999999705e-01 -8.429999999999999993e-04
3.000000000000000000e+01 5.800000000000000000e+01 3.100000000000000000e+01 0.000000000000000000e+00 1.600000000000000089e+00 -7.649999999999999465e-04 2.460000000000000164e-04 1.000000000000000000e+00 -7.725130000000000052e-01 -6.349979999999999514e-01 -4.350000000000000026e-04 6.349979999999999514e-01 -7.725130000000000052e-01 6.759999999999999516e-04
4.000000000000000000e+00 6.000000000000000000e+00 3.200000000000000000e+01 0.000000000000000000e+00 1.600000000000000089e+00 1.869000000000000002e-03 -2.818999999999999891e-03 -9.999940000000000495e-01 2.408939999999999970e-01 9.705489999999999950e-01 -2.285000000000000139e-03 9.705500000000000238e-01 -2.408879999999999910e-01 2.492999999999999990e-03
7.000000000000000000e+00 6.000000000000000000e+00 3.200000000000000000e+01 0.000000000000000000e+00 1.600000000000000089e+00 8.339999999999999974e-04 -1.350000000000000071e-03 -9.999989999999999712e-01 2.444270000000000054e-01 9.696669999999999456e-01 -1.105000000000000079e-03 9.696669999999999456e-01 -2.444250000000000034e-01 1.137999999999999906e-03
2.200000000000000000e+01 6.000000000000000000e+00 3.200000000000000000e+01 0.000000000000000000e+00 1.600000000000000089e+00 1.551000000000000078e-03 1.951000000000000043e-03 -9.999970000000000248e-01 2.298260000000000025e-01 9.732290000000000108e-01 2.255000000000000060e-03 9.732309999999999572e-01 -2.298290000000000055e-01 1.061000000000000094e-03
2.900000000000000000e+01 6.000000000000000000e+00 3.200000000000000000e+01 0.000000000000000000e+00 1.600000000000000089e+00 -9.470000000000000336e-04 -2.540000000000000157e-03 -9.999959999999999960e-01 2.099610000000000087e-01 9.777059999999999640e-01 -2.681999999999999922e-03 9.777090000000000503e-01 -2.099630000000000107e-01 -3.919999999999999873e-04
8.000000000000000000e+00 2.200000000000000000e+01 3.400000000000000000e+01 0.000000000000000000e+00 1.600000000000000089e+00 6.920000000000000153e-04 -1.739000000000000094e-03 9.999980000000000535e-01 3.787789999999999768e-01 -9.254850000000000021e-01 -1.871999999999999966e-03 9.254869999999999486e-01 3.787800000000000056e-01 1.800000000000000046e-05
1.000000000000000000e+00 4.600000000000000000e+01 3.500000000000000000e+01 0.000000000000000000e+00 1.600000000000000089e+00 -3.710000000000000190e-04 -3.265000000000000107e-03 -9.999949999999999672e-01 3.852760000000000074e-01 -9.227969999999999784e-01 2.870000000000000155e-03 -9.228009999999999824e-01 -3.852729999999999766e-01 1.600000000000000077e-03
6.000000000000000000e+00 4.600000000000000000e+01 3.500000000000000000e+01 0.000000000000000000e+00 1.600000000000000089e+00 -1.655000000000000004e-03 4.858000000000000339e-03 -9.999869999999999592e-01 3.856809999999999961e-01 -9.226180000000000492e-01 -5.120000000000000419e-03 -9.226309999999999789e-01 -3.856840000000000268e-01 -3.469999999999999777e-04
1.400000000000000000e+01 4.600000000000000000e+01 3.500000000000000000e+01 0.000000000000000000e+00 1.600000000000000089e+00 -8.720000000000000537e-04 -9.899999999999999404e-05 -1.000000000000000000e+00 3.871859999999999746e-01 -9.220009999999999595e-01 -2.460000000000000164e-04 -9.220009999999999595e-01 -3.871859999999999746e-01 8.429999999999999993e-04
1.900000000000000000e+01 4.600000000000000000e+01 3.500000000000000000e+01 0.000000000000000000e+00 1.600000000000000089e+00 -1.700000000000000122e-04 -5.178999999999999576e-03 -9.999869999999999592e-01 3.853269999999999751e-01 -9.227680000000000327e-01 4.714000000000000308e-03 -9.227800000000000447e-01 -3.853210000000000246e-01 2.152999999999999966e-03
2.400000000000000000e+01 4.600000000000000000e+01 3.500000000000000000e+01 0.000000000000000000e+00 1.600000000000000089e+00 -7.929999999999999766e-04 7.720000000000000083e-04 -9.999989999999999712e-01 3.854949999999999766e-01 -9.227090000000000014e-01 -1.018000000000000025e-03 -9.227100000000000302e-01 -3.854960000000000053e-01 4.339999999999999782e-04
2.700000000000000000e+01 4.600000000000000000e+01 3.500000000000000000e+01 0.000000000000000000e+00 1.600000000000000089e+00 3.150000000000000131e-04 -2.253999999999999927e-03 -9.999970000000000248e-01 3.860589999999999855e-01 -9.224710000000000409e-01 2.200999999999999832e-03 -9.224740000000000162e-01 -3.860589999999999855e-01 5.800000000000000034e-04
3.000000000000000000e+00 9.500000000000000000e+01 3.600000000000000000e+01 0.000000000000000000e+00 1.600000000000000089e+00 1.423000000000000003e-03 8.189999999999999581e-04 9.999989999999999712e-01 9.961950000000000527e-01 8.713999999999999524e-02 -1.489000000000000089e-03 -8.714099999999999624e-02 9.961959999999999704e-01 -6.920000000000000153e-04
7.000000000000000000e+00 9.500000000000000000e+01 3.600000000000000000e+01 0.000000000000000000e+00 1.600000000000000089e+00 -4.925999999999999823e-03 1.931999999999999907e-03 9.999860000000000415e-01 9.961799999999999544e-01 8.719899999999999873e-02 4.739000000000000157e-03 -8.718900000000000261e-02 9.961889999999999912e-01 -2.354000000000000190e-03
1.600000000000000000e+01 9.500000000000000000e+01 3.600000000000000000e+01 0.000000000000000000e+00 1.600000000000000089e+00 -3.648000000000000201e-03 -7.522000000000000040e-03 9.999649999999999928e-01 9.963199999999999834e-01 8.560600000000000154e-02 4.278999999999999818e-03 -8.563500000000000278e-02 9.963009999999999922e-01 7.182000000000000016e-03
2.100000000000000000e+01 9.500000000000000000e+01 3.600000000000000000e+01 0.000000000000000000e+00 1.600000000000000089e+00 -9.060000000000000128e-04 -2.827999999999999785e-03 9.999959999999999960e-01 9.963490000000000402e-01 8.536599999999999744e-02 1.144000000000000052e-03 -8.536900000000000044e-02 9.963459999999999539e-01 2.739999999999999814e-03
2.400000000000000000e+01 9.500000000000000000e+01 3.600000000000000000e+01 0.000000000000000000e+00 1.600000000000000089e+00 -3.719999999999999891e-04 -7.879999999999999852e-03 9.999689999999999968e-01 9.961870000000000447e-01 8.723499999999999310e-02 1.057999999999999913e-03 -8.723999999999999810e-02 9.961569999999999592e-01 7.816999999999999296e-03
1.000000000000000000e+00 3.000000000000000000e+00 4.300000000000000000e+01 0.000000000000000000e+00 1.600000000000000089e+00 2.043000000000000111e-03 2.136700000000000058e-02 -9.997700000000000475e-01 7.333880000000000399e-01 -6.796849999999999836e-01 -1.302700000000000038e-02 -6.798070000000000501e-01 -7.331929999999999836e-01 -1.705900000000000125e-02
6.000000000000000000e+00 3.000000000000000000e+00 4.300000000000000000e+01 0.000000000000000000e+00 1.600000000000000089e+00 1.686999999999999915e-03 5.459999999999999576e-03 -9.999839999999999840e-01 7.374110000000000387e-01 -6.754400000000000404e-01 -2.443999999999999992e-03 -6.754419999999999868e-01 -7.373950000000000227e-01 -5.165999999999999585e-03
1.100000000000000000e+01 3.000000000000000000e+00 4.300000000000000000e+01 0.000000000000000000e+00 1.600000000000000089e+00 8.850000000000000444e-04 1.059099999999999972e-02 -9.999430000000000263e-01 7.384619999999999518e-01 -6.742629999999999457e-01 -6.487999999999999844e-03 -6.742939999999999490e-01 -7.384150000000000436e-01 -8.418000000000000135e-03
1.800000000000000000e+01 3.000000000000000000e+00 4.300000000000000000e+01 0.000000000000000000e+00 1.600000000000000089e+00 -1.389999999999999905e-04 -1.557000000000000007e-03 -9.999989999999999712e-01 7.358660000000000201e-01 -6.771270000000000344e-01 9.520000000000000467e-04 -6.771270000000000344e-01 -7.358649999999999913e-01 1.240000000000000000e-03
2.600000000000000000e+01 3.000000000000000000e+00 4.300000000000000000e+01 0.000000000000000000e+00 1.600000000000000089e+00 -1.369999999999999961e-04 9.044999999999999221e-03 -9.999590000000000423e-01 7.375789999999999846e-01 -6.752329999999999721e-01 -6.209000000000000109e-03 -6.752610000000000001e-01 -7.375490000000000101e-01 -6.578999999999999779e-03
3.000000000000000000e+00 8.000000000000000000e+00 4.400000000000000000e+01 0.000000000000000000e+00 1.600000000000000089e+00 2.181000000000000213e-03 8.836999999999999370e-03 9.999590000000000423e-01 -7.692700000000000093e-01 -6.388819999999999499e-01 7.323999999999999781e-03 6.389200000000000434e-01 -7.692539999999999933e-01 5.405000000000000082e-03
7.000000000000000000e+00 8.000000000000000000e+00 4.400000000000000000e+01 0.000000000000000000e+00 1.600000000000000089e+00 1.119999999999999902e-03 5.363999999999999845e-03 9.999850000000000128e-01 -7.734879999999999534e-01 -6.337960000000000260e-01 4.265999999999999827e-03 6.338099999999999845e-01 -7.734809999999999741e-01 3.439000000000000216e-03
2.600000000000000000e+01 8.000000000000000000e+00 4.400000000000000000e+01 0.000000000000000000e+00 1.600000000000000089e+00 5.460000000000000443e-04 3.843000000000000062e-03 9.999919999999999920e-01 -7.676410000000000178e-01 -6.408730000000000260e-01 2.882000000000000013e-03 6.408800000000000052e-01 -7.676370000000000138e-01 2.599999999999999881e-03
7.000000000000000000e+00 2.900000000000000000e+01 4.400000000000000000e+01 0.000000000000000000e+00 1.600000000000000089e+00 -9.779999999999999197e-04 2.033000000000000085e-03 -9.999970000000000248e-01 6.576870000000000216e-01 7.532910000000000439e-01 8.890000000000000333e-04 7.532910000000000439e-01 -6.576840000000000463e-01 -2.073999999999999889e-03
1.000000000000000000e+01 2.900000000000000000e+01 4.400000000000000000e+01 0.000000000000000000e+00 1.600000000000000089e+00 -1.283000000000000069e-03 -1.920999999999999965e-03 -9.999970000000000248e-01 6.579300000000000148e-01 7.530759999999999676e-01 -2.291000000000000068e-03 7.530780000000000252e-01 -6.579310000000000436e-01 2.979999999999999793e-04
1.800000000000000000e+01 2.900000000000000000e+01 4.400000000000000000e+01 0.000000000000000000e+00 1.600000000000000089e+00 -1.210000000000000002e-04 -4.255000000000000102e-03 -9.999909999999999632e-01 6.598840000000000261e-01 7.513600000000000279e-01 -3.276999999999999965e-03 7.513670000000000071e-01 -6.598789999999999933e-01 2.716999999999999797e-03
2.100000000000000000e+01 2.900000000000000000e+01 4.400000000000000000e+01 0.000000000000000000e+00 1.600000000000000089e+00 -1.286000000000000034e-03 -7.275000000000000216e-03 -9.999730000000000008e-01 6.596509999999999874e-01 7.515460000000000473e-01 -6.316000000000000433e-03 7.515709999999999891e-01 -6.596410000000000329e-01 3.831999999999999903e-03
2.500000000000000000e+01 2.900000000000000000e+01 4.400000000000000000e+01 0.000000000000000000e+00 1.600000000000000089e+00 1.399999999999999979e-05 -4.756999999999999944e-03 -9.999890000000000168e-01 6.590139999999999887e-01 7.521229999999999860e-01 -3.569000000000000124e-03 7.521309999999999940e-01 -6.590059999999999807e-01 3.145999999999999925e-03
6.000000000000000000e+00 5.400000000000000000e+01 4.600000000000000000e+01 0.000000000000000000e+00 1.600000000000000089e+00 9.370000000000000074e-04 -3.588000000000000043e-03 9.999930000000000208e-01 3.565499999999999781e-01 -9.342690000000000161e-01 -3.686000000000000040e-03 9.342759999999999954e-01 3.565510000000000068e-01 4.040000000000000080e-04
8.000000000000000000e+00 6.500000000000000000e+01 4.600000000000000000e+01 0.000000000000000000e+00 1.600000000000000089e+00 -2.543000000000000121e-03 3.714999999999999986e-03 9.999900000000000455e-01 6.818549999999999889e-01 -7.314739999999999576e-01 4.452000000000000228e-03 7.314829999999999943e-01 6.818589999999999929e-01 -6.729999999999999871e-04
2.100000000000000000e+01 7.000000000000000000e+01 4.700000000000000000e+01 0.000000000000000000e+00 1.600000000000000089e+00 -1.969999999999999909e-04 1.175000000000000046e-03 -9.999989999999999712e-01 -8.429210000000000313e-01 -5.380369999999999875e-01 -4.659999999999999971e-04 -5.380369999999999875e-01 8.429200000000000026e-01 1.095999999999999969e-03
3.000000000000000000e+00 5.000000000000000000e+00 5.100000000000000000e+01 0.000000000000000000e+00 1.600000000000000089e+00 4.498000000000000262e-03 9.546999999999999931e-03 -9.999440000000000550e-01 4.903190000000000048e-01 -8.715209999999999901e-01 -6.115999999999999909e-03 -8.715309999999999446e-01 -4.902650000000000063e-01 -8.600999999999999271e-03
2.900000000000000000e+01 5.000000000000000000e+00 5.100000000000000000e+01 0.000000000000000000e+00 1.600000000000000089e+00 1.840000000000000001e-04 5.282000000000000237e-03 -9.999860000000000415e-01 4.716219999999999857e-01 -8.817890000000000450e-01 -4.571000000000000410e-03 -8.818009999999999460e-01 -4.716150000000000064e-01 -2.652999999999999976e-03
1.900000000000000000e+01 1.500000000000000000e+01 5.300000000000000000e+01 0.000000000000000000e+00 1.600000000000000089e+00 2.260999999999999989e-03 3.899999999999999821e-03 -9.999900000000000455e-01 6.755710000000000326e-01 7.372819999999999929e-01 4.402999999999999796e-03 7.372910000000000297e-01 -6.755740000000000078e-01 -9.680000000000000019e-04
2.000000000000000000e+00 6.300000000000000000e+01 5.400000000000000000e+01 0.000000000000000000e+00 1.600000000000000089e+00 -2.224999999999999981e-03 -3.178999999999999968e-03 9.999919999999999920e-01 -3.433610000000000273e-01 9.392009999999999525e-01 2.222000000000000017e-03 -9.392009999999999525e-01 -3.433539999999999925e-01 -3.181999999999999933e-03
7.000000000000000000e+00 6.300000000000000000e+01 5.400000000000000000e+01 0.000000000000000000e+00 1.600000000000000089e+00 5.109999999999999525e-04 -1.080000000000000014e-03 9.999989999999999712e-01 -3.426390000000000269e-01 9.394660000000000233e-01 1.188999999999999953e-03 -9.394670000000000520e-01 -3.426390000000000269e-01 1.100000000000000039e-04
1.800000000000000000e+01 6.300000000000000000e+01 5.400000000000000000e+01 0.000000000000000000e+00 1.600000000000000089e+00 1.108000000000000044e-03 -1.361999999999999929e-03 9.999989999999999712e-01 -3.572949999999999737e-01 9.339899999999999869e-01 1.668999999999999911e-03 -9.339910000000000156e-01 -3.572960000000000025e-01 5.479999999999999845e-04
2.400000000000000000e+01 6.300000000000000000e+01 5.400000000000000000e+01 0.000000000000000000e+00 1.600000000000000089e+00 -1.428999999999999932e-03 -2.563999999999999873e-03 9.999959999999999960e-01 -3.525460000000000260e-01 9.357919999999999572e-01 1.894999999999999983e-03 -9.357929999999999859e-01 -3.525420000000000220e-01 -2.240999999999999936e-03
2.900000000000000000e+01 6.300000000000000000e+01 5.400000000000000000e+01 0.000000000000000000e+00 1.600000000000000089e+00 -8.799999999999999771e-05 4.719999999999999803e-04 1.000000000000000000e+00 -3.538020000000000054e-01 9.353200000000000403e-01 -4.719999999999999803e-04 -9.353200000000000403e-01 -3.538020000000000054e-01 8.500000000000000611e-05
1.000000000000000000e+00 2.500000000000000000e+01 5.500000000000000000e+01 0.000000000000000000e+00 1.600000000000000089e+00 -1.665000000000000030e-03 -3.919999999999999873e-04 -9.999989999999999712e-01 -8.583000000000000351e-03 -9.999630000000000463e-01 4.060000000000000024e-04 -9.999620000000000175e-01 8.583000000000000351e-03 1.662000000000000066e-03
4.000000000000000000e+00 2.500000000000000000e+01 5.500000000000000000e+01 0.000000000000000000e+00 1.600000000000000089e+00 -2.079999999999999872e-04 1.237000000000000035e-03 -9.999989999999999712e-01 -9.705999999999999350e-03 -9.999519999999999520e-01 -1.234999999999999987e-03 -9.999529999999999808e-01 9.705000000000000085e-03 2.200000000000000078e-04
9.000000000000000000e+00 2.500000000000000000e+01 5.500000000000000000e+01 0.000000000000000000e+00 1.600000000000000089e+00 7.370000000000000249e-04 1.997000000000000077e-03 -9.999980000000000535e-01 -1.000000000000000021e-02 -9.999479999999999480e-01 -2.004000000000000139e-03 -9.999500000000000055e-01 1.000200000000000047e-02 -7.169999999999999724e-04
1.300000000000000000e+01 2.500000000000000000e+01 5.500000000000000000e+01 0.000000000000000000e+00 1.600000000000000089e+00 -2.660000000000000146e-04 8.799999999999999771e-05 -1.000000000000000000e+00 -1.072999999999999995e-02 -9.999419999999999975e-01 -8.500000000000000611e-05 -9.999419999999999975e-01 1.072999999999999995e-02 2.669999999999999847e-04
2.000000000000000000e+01 2.500000000000000000e+01 5.500000000000000000e+01 0.000000000000000000e+00 1.600000000000000089e+00 9.899999999999999404e-05 2.436999999999999930e-03 -9.999970000000000248e-01 -9.440999999999999739e-03 -9.999519999999999520e-01 -2.436999999999999930e-03 -9.999550000000000383e-01 9.440999999999999739e-03 -7.600000000000000418e-05
2.700000000000000000e+01 2.500000000000000000e+01 5.500000000000000000e+01 0.000000000000000000e+00 1.600000000000000089e+00 -4.290000000000000193e-04 -4.984999999999999848e-03 -9.999869999999999592e-01 -1.094200000000000034e-02 -9.999280000000000390e-01 4.989999999999999644e-03 -9.999400000000000510e-01 1.094400000000000060e-02 3.739999999999999835e-04
8.000000000000000000e+00 7.000000000000000000e+00 6.000000000000000000e+01 0.000000000000000000e+00 1.600000000000000089e+00 1.461000000000000059e-03 7.135999999999999982e-03 9.999730000000000008e-01 5.663949999999999818e-01 -8.241180000000000172e-01 5.054000000000000332e-03 8.241330000000000044e-01 5.663730000000000153e-01 -5.245999999999999795e-03
1.400000000000000000e+01 7.000000000000000000e+00 6.000000000000000000e+01 0.000000000000000000e+00 1.600000000000000089e+00 1.759999999999999954e-04 5.572999999999999829e-03 9.999850000000000128e-01 5.655240000000000267e-01 -8.247189999999999799e-01 4.497000000000000129e-03 8.247320000000000206e-01 5.655149999999999899e-01 -3.295999999999999885e-03
1.800000000000000000e+01 7.000000000000000000e+00 6.000000000000000000e+01 0.000000000000000000e+00 1.600000000000000089e+00 4.065000000000000037e-03 3.818000000000000213e-03 9.999839999999999840e-01 5.622580000000000355e-01 -8.269609999999999461e-01 8.720000000000000537e-04 8.269520000000000204e-01 5.622460000000000235e-01 -5.507999999999999875e-03
1.600000000000000000e+01 2.100000000000000000e+01 6.000000000000000000e+01 0.000000000000000000e+00 1.600000000000000089e+00 -7.150000000000000322e-04 8.989999999999999511e-04 9.999989999999999712e-01 -9.750100000000000433e-02 9.952349999999999808e-01 -9.640000000000000131e-04 -9.952349999999999808e-01 -9.750200000000000533e-02 -6.239999999999999887e-04
2.000000000000000000e+01 2.100000000000000000e+01 6.000000000000000000e+01 0.000000000000000000e+00 1.600000000000000089e+00 -2.359999999999999902e-04 2.376000000000000074e-03 9.999970000000000248e-01 -9.704400000000000526e-02 9.952769999999999673e-01 -2.386999999999999799e-03 -9.952800000000000535e-01 -9.704400000000000526e-02 -5.000000000000000409e-06
7.000000000000000000e+00 6.000000000000000000e+00 6.100000000000000000e+01 0.000000000000000000e+00 1.600000000000000089e+00 4.200000000000000174e-04 2.214999999999999955e-03 9.999970000000000248e-01 5.590249999999999941e-01 -8.291490000000000249e-01 1.600999999999999993e-03 8.291500000000000536e-01 5.590230000000000476e-01 -1.585999999999999953e-03
1.400000000000000000e+01 4.000000000000000000e+00 6.200000000000000000e+01 0.000000000000000000e+00 1.600000000000000089e+00 -1.378000000000000102e-03 -5.689999999999999529e-04 9.999989999999999712e-01 -6.175749999999999851e-01 7.865119999999999889e-01 -4.029999999999999837e-04 -7.865109999999999602e-01 -6.175749999999999851e-01 -1.435000000000000078e-03
2.500000000000000000e+01 4.000000000000000000e+00 6.200000000000000000e+01 0.000000000000000000e+00 1.600000000000000089e+00 -3.429999999999999889e-04 7.786000000000000386e-03 9.999700000000000255e-01 -6.164849999999999497e-01 7.873409999999999576e-01 -6.342000000000000415e-03 -7.873670000000000391e-01 -6.164680000000000160e-01 4.529000000000000040e-03
4.000000000000000000e+00 2.700000000000000000e+01 6.300000000000000000e+01 0.000000000000000000e+00 1.600000000000000089e+00 1.185000000000000072e-03 2.602999999999999845e-03 9.999959999999999960e-01 -2.768800000000000150e-01 9.609020000000000339e-01 -2.173000000000000018e-03 -9.609039999999999804e-01 -2.768760000000000110e-01 1.860000000000000108e-03
9.000000000000000000e+00 2.700000000000000000e+01 6.300000000000000000e+01 0.000000000000000000e+00 1.600000000000000089e+00 8.630000000000000518e-04 4.187999999999999882e-03 9.999909999999999632e-01 -2.798519999999999897e-01 9.600360000000000005e-01 -3.778999999999999807e-03 -9.600429999999999797e-01 -2.798459999999999837e-01 2.000000000000000042e-03
1.400000000000000000e+01 2.700000000000000000e+01 6.300000000000000000e+01 0.000000000000000000e+00 1.600000000000000089e+00 -2.020000000000000094e-03 1.041999999999999958e-03 9.999970000000000248e-01 -2.772160000000000180e-01 9.608060000000000489e-01 -1.561000000000000104e-03 -9.608060000000000489e-01 -2.772180000000000200e-01 -1.652000000000000040e-03
2.000000000000000000e+01 2.700000000000000000e+01 6.300000000000000000e+01 0.000000000000000000e+00 1.600000000000000089e+00 2.214999999999999955e-03 -1.438000000000000042e-03 9.999959999999999960e-01 -2.713220000000000076e-01 9.624869999999999814e-01 1.984999999999999785e-03 -9.624859999999999527e-01 -2.713260000000000116e-01 1.740999999999999926e-03
2.600000000000000000e+01 2.700000000000000000e+01 6.300000000000000000e+01 0.000000000000000000e+00 1.600000000000000089e+00 1.824000000000000100e-03 -8.024999999999999148e-03 9.999660000000000215e-01 -2.765529999999999933e-01 9.609630000000000116e-01 8.215999999999999345e-03 -9.609969999999999901e-01 -2.765589999999999993e-01 -4.659999999999999971e-04
5.000000000000000000e+00 2.600000000000000000e+01 6.400000000000000000e+01 0.000000000000000000e+00 1.600000000000000089e+00 1.495000000000000018e-03 3.779999999999999940e-03 9.999919999999999920e-01 -3.471429999999999794e-01 9.378069999999999462e-01 -3.026000000000000044e-03 -9.378109999999999502e-01 -3.471360000000000001e-01 2.714999999999999965e-03
1.000000000000000000e+01 2.600000000000000000e+01 6.400000000000000000e+01 0.000000000000000000e+00 1.600000000000000089e+00 3.910000000000000172e-04 3.059000000000000087e-03 9.999949999999999672e-01 -3.475119999999999876e-01 9.376710000000000322e-01 -2.732000000000000053e-03 -9.376750000000000362e-01 -3.475090000000000123e-01 1.428999999999999932e-03
