8.000000000000000000e+00 2.500000000000000000e+01 1.000000000000000000e+00 0.000000000000000000e+00 1.600000000000000089e+00 -3.317000000000000070e-03 -5.929000000000000242e-03 -9.999770000000000048e-01 -5.233010000000000161e-01 -8.521210000000000173e-01 6.787999999999999763e-03 -8.521419999999999551e-01 5.233109999999999706e-01 -2.770000000000000110e-04
1.500000000000000000e+01 2.500000000000000000e+01 1.000000000000000000e+00 0.000000000000000000e+00 1.600000000000000089e+00 -1.479999999999999925e-04 -3.237999999999999993e-03 -9.999949999999999672e-01 -5.225070000000000547e-01 -8.526299999999999990e-01 2.837999999999999811e-03 -8.526350000000000318e-01 5.225049999999999972e-01 -1.565999999999999901e-03
6.000000000000000000e+00 1.500000000000000000e+01 4.000000000000000000e+00 0.000000000000000000e+00 1.600000000000000089e+00 3.088000000000000033e-03 -3.902000000000000086e-03 9.999879999999999880e-01 3.148679999999999812e-01 -9.491239999999999677e-01 -4.675000000000000336e-03 9.491300000000000292e-01 3.148779999999999912e-01 -1.703000000000000087e-03
1.100000000000000000e+01 1.500000000000000000e+01 4.000000000000000000e+00 0.000000000000000000e+00 1.600000000000000089e+00 -1.884999999999999957e-03 -7.526999999999999837e-03 9.999700000000000255e-01 3.103960000000000052e-01 -9.505850000000000133e-01 -6.570000000000000319e-03 9.506050000000000333e-01 3.103739999999999832e-01 4.127999999999999725e-03
1.700000000000000000e+01 1.500000000000000000e+01 4.000000000000000000e+00 0.000000000000000000e+00 1.600000000000000089e+00 5.209999999999999788e-04 1.606999999999999922e-03 9.999989999999999712e-01 3.071510000000000074e-01 -9.516599999999999504e-01 1.369999999999999907e-03 9.516609999999999792e-01 3.071490000000000054e-01 -9.899999999999999946e-04
2.100000000000000000e+01 1.500000000000000000e+01 4.000000000000000000e+00 0.000000000000000000e+00 1.600000000000000089e+00 -7.640000000000000306e-04 -1.445000000000000104e-03 9.999989999999999712e-01 3.091369999999999951e-01 -9.510170000000000012e-01 -1.137999999999999906e-03 9.510170000000000012e-01 3.091360000000000219e-01 1.172999999999999998e-03
2.800000000000000000e+01 1.500000000000000000e+01 4.000000000000000000e+00 0.000000000000000000e+00 1.600000000000000089e+00 -6.546999999999999868e-03 -1.490200000000000032e-02 9.998679999999999790e-01 3.022409999999999819e-01 -9.531530000000000280e-01 -1.222700000000000002e-02 9.532089999999999730e-01 3.021209999999999729e-01 1.074400000000000008e-02
4.000000000000000000e+00 1.010000000000000000e+02 7.000000000000000000e+00 0.000000000000000000e+00 1.600000000000000089e+00 4.407000000000000327e-03 9.899999999999999404e-05 9.999900000000000455e-01 8.758700000000000374e-01 4.825309999999999877e-01 -3.906999999999999883e-03 -4.825260000000000105e-01 8.758789999999999631e-01 2.040000000000000147e-03
2.600000000000000000e+01 1.010000000000000000e+02 7.000000000000000000e+00 0.000000000000000000e+00 1.600000000000000089e+00 -8.000000000000000167e-03 -2.468000000000000142e-03 9.999649999999999928e-01 8.789360000000000506e-01 4.768700000000000161e-01 8.208999999999999284e-03 -4.768729999999999913e-01 8.789700000000000291e-01 -1.645999999999999894e-03
8.000000000000000000e+00 2.500000000000000000e+01 8.000000000000000000e+00 0.000000000000000000e+00 1.600000000000000089e+00 2.168999999999999921e-03 1.476899999999999914e-02 -9.998890000000000278e-01 4.486689999999999845e-01 8.935859999999999914e-01 1.417200000000000057e-02 8.936950000000000172e-01 -4.486499999999999932e-01 -4.688000000000000327e-03
1.600000000000000000e+01 2.500000000000000000e+01 8.000000000000000000e+00 0.000000000000000000e+00 1.600000000000000089e+00 7.969999999999999654e-04 4.844000000000000215e-03 -9.999879999999999880e-01 4.444629999999999970e-01 8.957850000000000534e-01 4.694000000000000256e-03 8.957969999999999544e-01 -4.444609999999999950e-01 -1.438999999999999958e-03
2.100000000000000000e+01 2.500000000000000000e+01 8.000000000000000000e+00 0.000000000000000000e+00 1.600000000000000089e+00 1.822999999999999968e-03 1.231000000000000106e-03 -9.999980000000000535e-01 4.452400000000000246e-01 8.954090000000000105e-01 1.913999999999999903e-03 8.954090000000000105e-01 -4.452429999999999999e-01 1.083999999999999894e-03
2.600000000000000000e+01 2.500000000000000000e+01 8.000000000000000000e+00 0.000000000000000000e+00 1.600000000000000089e+00 1.521999999999999915e-03 3.847999999999999858e-03 -9.999909999999999632e-01 4.436939999999999773e-01 8.961689999999999934e-01 4.124000000000000062e-03 8.961770000000000014e-01 -4.436959999999999793e-01 -3.429999999999999889e-04
2.000000000000000000e+00 2.400000000000000000e+01 9.000000000000000000e+00 0.000000000000000000e+00 1.600000000000000089e+00 2.919999999999999853e-03 -1.173999999999999913e-03 -9.999949999999999672e-01 4.520689999999999986e-01 8.919829999999999703e-01 2.719999999999999979e-04 8.919780000000000486e-01 -4.520680000000000254e-01 3.135000000000000200e-03
8.000000000000000000e+00 2.400000000000000000e+01 9.000000000000000000e+00 0.000000000000000000e+00 1.600000000000000089e+00 2.193000000000000071e-03 1.303099999999999918e-02 -9.999130000000000518e-01 4.518139999999999934e-01 8.920230000000000103e-01 1.261600000000000048e-02 8.921099999999999586e-01 -4.518019999999999814e-01 -3.931999999999999731e-03
1.600000000000000000e+01 2.400000000000000000e+01 9.000000000000000000e+00 0.000000000000000000e+00 1.600000000000000089e+00 5.500000000000000331e-04 5.385000000000000030e-03 -9.999850000000000128e-01 4.467050000000000187e-01 8.946669999999999900e-01 5.062999999999999792e-03 8.946809999999999485e-01 -4.467010000000000147e-01 -1.913999999999999903e-03
2.100000000000000000e+01 2.400000000000000000e+01 9.000000000000000000e+00 0.000000000000000000e+00 1.600000000000000089e+00 1.575000000000000011e-03 2.778000000000000087e-03 -9.999949999999999672e-01 4.472709999999999742e-01 8.943929999999999936e-01 3.188999999999999994e-03 8.943969999999999976e-01 -4.472740000000000049e-01 1.659999999999999963e-04
2.600000000000000000e+01 2.400000000000000000e+01 9.000000000000000000e+00 0.000000000000000000e+00 1.600000000000000089e+00 1.673000000000000008e-03 3.755999999999999790e-03 -9.999919999999999920e-01 4.464940000000000020e-01 8.947770000000000445e-01 4.107999999999999673e-03 8.947850000000000525e-01 -4.464969999999999772e-01 -1.800000000000000113e-04
4.000000000000000000e+00 3.100000000000000000e+01 1.200000000000000000e+01 0.000000000000000000e+00 1.600000000000000089e+00 -6.099999999999999737e-04 -1.909000000000000107e-03 9.999980000000000535e-01 -1.202399999999999997e-02 9.999259999999999815e-01 1.902000000000000045e-03 -9.999280000000000390e-01 -1.202300000000000070e-02 -6.329999999999999906e-04
9.000000000000000000e+00 3.100000000000000000e+01 1.200000000000000000e+01 0.000000000000000000e+00 1.600000000000000089e+00 1.923999999999999929e-03 8.623000000000000456e-03 9.999609999999999888e-01 -1.140500000000000021e-02 9.998979999999999535e-01 -8.600000000000000006e-03 -9.999329999999999607e-01 -1.138800000000000055e-02 2.021999999999999926e-03
1.400000000000000000e+01 3.100000000000000000e+01 1.200000000000000000e+01 0.000000000000000000e+00 1.600000000000000089e+00 3.527999999999999886e-03 6.745000000000000127e-03 9.999710000000000543e-01 -6.039000000000000097e-03 9.999590000000000423e-01 -6.722999999999999809e-03 -9.999759999999999760e-01 -6.015000000000000381e-03 3.569000000000000124e-03
1.600000000000000000e+01 1.160000000000000000e+02 1.600000000000000000e+01 0.000000000000000000e+00 1.600000000000000089e+00 1.088999999999999907e-03 2.566999999999999837e-03 9.999959999999999960e-01 6.880749999999999922e-01 7.256350000000000300e-01 -2.612000000000000172e-03 -7.256390000000000340e-01 6.880749999999999922e-01 -9.759999999999999796e-04
2.700000000000000000e+01 1.160000000000000000e+02 1.600000000000000000e+01 0.000000000000000000e+00 1.600000000000000089e+00 3.480000000000000020e-04 -6.530000000000000431e-04 1.000000000000000000e+00 7.097919999999999785e-01 7.044110000000000094e-01 2.130000000000000003e-04 -7.044110000000000094e-01 7.097919999999999785e-01 7.089999999999999948e-04
3.000000000000000000e+00 2.000000000000000000e+00 1.900000000000000000e+01 0.000000000000000000e+00 1.600000000000000089e+00 -6.102999999999999918e-03 6.679999999999999740e-04 -9.999810000000000088e-01 1.792449999999999877e-01 -9.838029999999999831e-01 -1.750999999999999952e-03 -9.837860000000000493e-01 -1.792519999999999947e-01 5.884000000000000341e-03
1.000000000000000000e+01 2.000000000000000000e+00 1.900000000000000000e+01 0.000000000000000000e+00 1.600000000000000089e+00 -5.700000000000000314e-05 3.533000000000000116e-03 -9.999940000000000495e-01 1.808960000000000012e-01 -9.834960000000000369e-01 -3.484999999999999817e-03 -9.835019999999999873e-01 -1.808950000000000002e-01 -5.829999999999999679e-04
1.800000000000000000e+01 2.000000000000000000e+00 1.900000000000000000e+01 0.000000000000000000e+00 1.600000000000000089e+00 2.520000000000000104e-03 -2.186000000000000009e-03 -9.999940000000000495e-01 1.814679999999999904e-01 -9.833929999999999616e-01 2.606999999999999942e-03 -9.833939999999999904e-01 -1.814729999999999954e-01 -2.082000000000000083e-03
2.500000000000000000e+01 2.000000000000000000e+00 1.900000000000000000e+01 0.000000000000000000e+00 1.600000000000000089e+00 -1.670999999999999959e-03 7.844999999999999543e-03 -9.999679999999999680e-01 1.850870000000000015e-01 -9.826890000000000347e-01 -8.019000000000000086e-03 -9.827209999999999557e-01 -1.850950000000000095e-01 1.900000000000000105e-04
4.000000000000000000e+00 1.300000000000000000e+01 2.000000000000000000e+01 0.000000000000000000e+00 1.600000000000000089e+00 -7.086000000000000285e-03 -1.308199999999999988e-02 9.998890000000000278e-01 2.498599999999999988e-01 9.681739999999999791e-01 1.443700000000000018e-02 -9.682560000000000056e-01 2.499349999999999905e-01 -3.592000000000000141e-03
1.000000000000000000e+01 1.300000000000000000e+01 2.000000000000000000e+01 0.000000000000000000e+00 1.600000000000000089e+00 5.099999999999999960e-05 2.866000000000000058e-03 9.999959999999999960e-01 2.537099999999999911e-01 9.672760000000000247e-01 -2.785000000000000149e-03 -9.672800000000000287e-01 2.537090000000000178e-01 -6.780000000000000002e-04
2.500000000000000000e+01 1.300000000000000000e+01 2.000000000000000000e+01 0.000000000000000000e+00 1.600000000000000089e+00 -1.175999999999999962e-03 -2.054999999999999969e-03 9.999970000000000248e-01 2.495989999999999875e-01 9.683469999999999578e-01 2.284000000000000006e-03 -9.683490000000000153e-01 2.496009999999999895e-01 -6.260000000000000373e-04
2.900000000000000000e+01 1.300000000000000000e+01 2.000000000000000000e+01 0.000000000000000000e+00 1.600000000000000089e+00 -3.884999999999999998e-03 -1.381899999999999969e-02 9.998970000000000358e-01 2.501369999999999982e-01 9.681039999999999646e-01 1.435200000000000017e-02 -9.682030000000000358e-01 2.501669999999999727e-01 -3.040000000000000167e-04
4.000000000000000000e+00 1.600000000000000000e+01 2.100000000000000000e+01 0.000000000000000000e+00 1.600000000000000089e+00 -7.380000000000000275e-03 -1.153400000000000085e-02 9.999059999999999615e-01 2.971429999999999905e-01 9.547419999999999796e-01 1.320699999999999999e-02 -9.548039999999999861e-01 2.972130000000000050e-01 -3.618999999999999821e-03
9.000000000000000000e+00 1.600000000000000000e+01 2.100000000000000000e+01 0.000000000000000000e+00 1.600000000000000089e+00 -4.490000000000000176e-04 -2.509999999999999753e-04 1.000000000000000000e+00 2.993660000000000210e-01 9.541380000000000416e-01 3.730000000000000134e-04 -9.541380000000000416e-01 2.993660000000000210e-01 -3.530000000000000152e-04
1.500000000000000000e+01 1.600000000000000000e+01 2.100000000000000000e+01 0.000000000000000000e+00 1.600000000000000089e+00 5.818000000000000255e-03 1.177699999999999927e-02 9.999139999999999695e-01 2.991409999999999902e-01 9.541209999999999969e-01 -1.297799999999999995e-02 -9.541910000000000114e-01 2.991909999999999847e-01 2.027999999999999855e-03
1.900000000000000000e+01 1.600000000000000000e+01 2.100000000000000000e+01 0.000000000000000000e+00 1.600000000000000089e+00 5.283000000000000369e-03 1.250800000000000002e-02 9.999080000000000190e-01 2.974700000000000122e-01 9.546350000000000113e-01 -1.351399999999999997e-02 -9.547160000000000091e-01 2.975140000000000007e-01 1.322999999999999957e-03
6.000000000000000000e+00 3.000000000000000000e+00 2.500000000000000000e+01 0.000000000000000000e+00 1.600000000000000089e+00 8.781000000000000610e-03 -5.677999999999999887e-03 9.999449999999999728e-01 -3.470000000000000168e-02 -9.993830000000000213e-01 -5.369999999999999774e-03 9.993589999999999973e-01 -3.465100000000000124e-02 -8.972000000000000808e-03
2.400000000000000000e+01 3.000000000000000000e+00 2.500000000000000000e+01 0.000000000000000000e+00 1.600000000000000089e+00 3.647000000000000068e-03 1.057999999999999913e-03 9.999930000000000208e-01 -5.598500000000000004e-02 -9.984309999999999574e-01 1.260999999999999968e-03 9.984250000000000069e-01 -5.598899999999999710e-02 -3.582000000000000114e-03
2.700000000000000000e+01 3.000000000000000000e+00 2.500000000000000000e+01 0.000000000000000000e+00 1.600000000000000089e+00 4.460000000000000422e-03 1.487800000000000060e-02 9.998789999999999623e-01 -5.283299999999999802e-02 -9.984889999999999599e-01 1.509300000000000051e-02 9.985929999999999529e-01 -5.289399999999999658e-02 -3.667999999999999820e-03
2.800000000000000000e+01 4.600000000000000000e+01 2.700000000000000000e+01 0.000000000000000000e+00 1.600000000000000089e+00 3.499999999999999693e-05 -4.438000000000000105e-03 -9.999900000000000455e-01 6.617290000000000116e-01 7.497359999999999580e-01 -3.305000000000000212e-03 7.497430000000000483e-01 -6.617220000000000324e-01 2.962999999999999922e-03
8.000000000000000000e+00 4.600000000000000000e+01 3.000000000000000000e+01 0.000000000000000000e+00 1.600000000000000089e+00 8.710000000000000294e-04 3.400000000000000244e-04 -1.000000000000000000e+00 3.319960000000000133e-01 9.432800000000000074e-01 6.099999999999999737e-04 9.432800000000000074e-01 -3.319969999999999866e-01 7.079999999999999705e-04
1.300000000000000000e+01 4.600000000000000000e+01 3.000000000000000000e+01 0.000000000000000000e+00 1.600000000000000089e+00 -5.670000000000000127e-04 3.612000000000000193e-03 -9.999930000000000208e-01 3.341060000000000141e-01 9.425299999999999789e-01 3.214999999999999976e-03 9.425350000000000117e-01 -3.341020000000000101e-01 -1.740999999999999926e-03
5.000000000000000000e+00 4.600000000000000000e+01 3.500000000000000000e+01 0.000000000000000000e+00 1.600000000000000089e+00 -2.478000000000000168e-03 7.889999999999999878e-04 -9.999970000000000248e-01 3.890520000000000089e-01 -9.212139999999999773e-01 -1.691000000000000012e-03 -9.212120000000000308e-01 -3.890549999999999842e-01 1.975999999999999892e-03
1.500000000000000000e+01 4.600000000000000000e+01 3.500000000000000000e+01 0.000000000000000000e+00 1.600000000000000089e+00 2.036000000000000049e-03 -2.396999999999999825e-03 -9.999949999999999672e-01 3.887630000000000252e-01 -9.213329999999999576e-01 3.000000000000000062e-03 -9.213360000000000438e-01 -3.887669999999999737e-01 -9.439999999999999607e-04
1.800000000000000000e+01 4.600000000000000000e+01 3.500000000000000000e+01 0.000000000000000000e+00 1.600000000000000089e+00 7.770000000000000214e-04 -3.445000000000000145e-03 -9.999940000000000495e-01 3.891649999999999832e-01 -9.211610000000000076e-01 3.475999999999999923e-03 -9.211679999999999868e-01 -3.891660000000000119e-01 6.250000000000000130e-04
2.100000000000000000e+01 4.600000000000000000e+01 3.500000000000000000e+01 0.000000000000000000e+00 1.600000000000000089e+00 -1.820000000000000057e-04 -4.445000000000000166e-03 -9.999900000000000455e-01 3.892590000000000217e-01 -9.211200000000000498e-01 4.022999999999999667e-03 -9.211289999999999756e-01 -3.892539999999999889e-01 1.897999999999999948e-03
2.800000000000000000e+01 4.600000000000000000e+01 3.500000000000000000e+01 0.000000000000000000e+00 1.600000000000000089e+00 -1.639000000000000049e-03 1.520000000000000084e-03 -9.999970000000000248e-01 3.902439999999999798e-01 -9.207089999999999996e-01 -2.039000000000000014e-03 -9.207100000000000284e-01 -3.902459999999999818e-01 9.160000000000000390e-04
5.000000000000000000e+00 9.500000000000000000e+01 3.600000000000000000e+01 0.000000000000000000e+00 1.600000000000000089e+00 1.752199999999999938e-02 1.758099999999999941e-02 9.996920000000000250e-01 9.981339999999999657e-01 5.818999999999999867e-02 -1.851799999999999974e-02 -5.849800000000000139e-02 9.981510000000000105e-01 -1.652899999999999855e-02
1.300000000000000000e+01 9.500000000000000000e+01 3.600000000000000000e+01 0.000000000000000000e+00 1.600000000000000089e+00 1.734799999999999884e-02 4.068299999999999694e-02 9.990210000000000479e-01 9.966369999999999951e-01 7.932300000000000462e-02 -2.053699999999999970e-02 -8.008099999999999941e-02 9.960179999999999589e-01 -3.917000000000000343e-02
2.900000000000000000e+01 9.500000000000000000e+01 3.600000000000000000e+01 0.000000000000000000e+00 1.600000000000000089e+00 -1.080099999999999984e-02 -1.536500000000000019e-02 9.998240000000000460e-01 9.979850000000000110e-01 6.235399999999999970e-02 1.173899999999999944e-02 -6.252399999999999625e-02 9.979360000000000452e-01 1.465999999999999942e-02
2.200000000000000000e+01 2.900000000000000000e+01 4.400000000000000000e+01 0.000000000000000000e+00 1.600000000000000089e+00 -5.569999999999999864e-04 -1.539699999999999923e-02 -9.998810000000000198e-01 6.756619999999999848e-01 7.371180000000000510e-01 -1.172699999999999958e-02 7.372109999999999497e-01 -6.755879999999999663e-01 9.991999999999999146e-03
1.500000000000000000e+01 2.600000000000000000e+01 4.800000000000000000e+01 0.000000000000000000e+00 1.600000000000000089e+00 -2.964000000000000055e-03 -8.606300000000000061e-02 -9.962849999999999762e-01 -8.409300000000000108e-02 9.927820000000000533e-01 -8.551000000000000267e-02 9.964530000000000332e-01 8.352700000000000402e-02 -1.017999999999999981e-02
2.000000000000000000e+01 2.900000000000000000e+01 4.800000000000000000e+01 0.000000000000000000e+00 1.600000000000000089e+00 -9.780000000000000498e-03 -8.643599999999999894e-02 9.962090000000000112e-01 3.780930000000000124e-01 9.219749999999999890e-01 8.370700000000000363e-02 -9.257159999999999833e-01 3.774790000000000090e-01 2.366400000000000101e-02
2.800000000000000000e+01 5.000000000000000000e+00 5.100000000000000000e+01 0.000000000000000000e+00 1.600000000000000089e+00 1.180000000000000059e-03 -7.411000000000000053e-03 -9.999719999999999720e-01 4.885280000000000178e-01 -8.725199999999999623e-01 7.042999999999999781e-03 -8.725479999999999903e-01 -4.885220000000000118e-01 2.590999999999999987e-03
2.700000000000000000e+01 3.900000000000000000e+01 5.100000000000000000e+01 0.000000000000000000e+00 1.600000000000000089e+00 -2.038600000000000134e-02 -3.200950000000000184e-01 9.471659999999999524e-01 3.362330000000000041e-01 8.899880000000000013e-01 3.080080000000000040e-01 -9.415580000000000060e-01 3.247479999999999811e-01 8.948299999999999310e-02
2.100000000000000000e+01 1.150000000000000000e+02 5.100000000000000000e+01 0.000000000000000000e+00 1.600000000000000089e+00 2.128999999999999816e-03 1.449600000000000020e-02 9.998930000000000318e-01 8.455899999999999528e-01 -5.337990000000000235e-01 5.937999999999999702e-03 5.338279999999999692e-01 8.454869999999999886e-01 -1.339399999999999966e-02
3.000000000000000000e+00 7.000000000000000000e+00 5.200000000000000000e+01 0.000000000000000000e+00 1.600000000000000089e+00 3.348999999999999980e-03 8.914000000000000049e-03 -9.999550000000000383e-01 8.013399999999999690e-02 -9.967470000000000496e-01 -8.616999999999999660e-03 -9.967780000000000529e-01 -8.010200000000000653e-02 -4.052000000000000046e-03
2.600000000000000000e+01 7.000000000000000000e+00 5.200000000000000000e+01 0.000000000000000000e+00 1.600000000000000089e+00 -2.935999999999999808e-03 -6.083999999999999998e-03 -9.999770000000000048e-01 1.060959999999999959e-01 -9.943389999999999729e-01 5.739000000000000178e-03 -9.943520000000000136e-01 -1.060770000000000046e-01 3.565000000000000027e-03
1.000000000000000000e+00 3.700000000000000000e+01 5.200000000000000000e+01 0.000000000000000000e+00 1.600000000000000089e+00 1.633550000000000002e-01 4.853290000000000104e-01 -8.589360000000000328e-01 2.214480000000000059e-01 -8.664530000000000287e-01 -4.474600000000000244e-01 -9.613930000000000531e-01 -1.171139999999999959e-01 -2.490149999999999864e-01
2.800000000000000000e+01 4.000000000000000000e+01 5.200000000000000000e+01 0.000000000000000000e+00 1.600000000000000089e+00 -2.193600000000000064e-02 -1.855040000000000022e-01 9.823990000000000222e-01 1.731739999999999946e-01 9.670760000000000467e-01 1.864780000000000049e-01 -9.846470000000000500e-01 1.742160000000000097e-01 1.091100000000000056e-02
5.000000000000000000e+00 6.300000000000000000e+01 5.400000000000000000e+01 0.000000000000000000e+00 1.600000000000000089e+00 3.049999999999999868e-04 3.186000000000000030e-03 9.999949999999999672e-01 -3.655519999999999881e-01 9.307860000000000023e-01 -2.854000000000000200e-03 -9.307910000000000350e-01 -3.655490000000000128e-01 1.448000000000000068e-03
1.100000000000000000e+01 6.300000000000000000e+01 5.400000000000000000e+01 0.000000000000000000e+00 1.600000000000000089e+00 -8.469999999999999881e-04 1.023999999999999954e-03 9.999989999999999712e-01 -3.633979999999999988e-01 9.316330000000000444e-01 -1.262000000000000101e-03 -9.316330000000000444e-01 -3.633990000000000276e-01 -4.169999999999999987e-04
1.400000000000000000e+01 6.300000000000000000e+01 5.400000000000000000e+01 0.000000000000000000e+00 1.600000000000000089e+00 3.840000000000000097e-04 1.379000000000000017e-03 9.999989999999999712e-01 -3.673600000000000199e-01 9.300779999999999603e-01 -1.141000000000000087e-03 -9.300789999999999891e-01 -3.673589999999999911e-01 8.639999999999999677e-04
1.900000000000000000e+01 6.300000000000000000e+01 5.400000000000000000e+01 0.000000000000000000e+00 1.600000000000000089e+00 4.009999999999999893e-04 -4.543000000000000163e-03 9.999900000000000455e-01 -3.691030000000000144e-01 9.293780000000000374e-01 4.369999999999999753e-03 -9.293879999999999919e-01 -3.691010000000000124e-01 -1.304000000000000038e-03
2.500000000000000000e+01 6.300000000000000000e+01 5.400000000000000000e+01 0.000000000000000000e+00 1.600000000000000089e+00 -7.399999999999999623e-05 -6.999999999999999387e-05 1.000000000000000000e+00 -3.646460000000000257e-01 9.311460000000000292e-01 3.899999999999999929e-05 -9.311460000000000292e-01 -3.646460000000000257e-01 -9.399999999999999448e-05
2.800000000000000000e+01 6.300000000000000000e+01 5.400000000000000000e+01 0.000000000000000000e+00 1.600000000000000089e+00 -5.199999999999999544e-04 1.201999999999999943e-03 9.999989999999999712e-01 -3.662819999999999965e-01 9.305029999999999690e-01 -1.309000000000000051e-03 -9.305039999999999978e-01 -3.662819999999999965e-01 -4.399999999999999886e-05
3.000000000000000000e+00 2.600000000000000000e+01 5.500000000000000000e+01 0.000000000000000000e+00 1.600000000000000089e+00 2.121000000000000055e-03 -1.616999999999999948e-03 -9.999959999999999960e-01 -4.239300000000000013e-02 -9.990999999999999881e-01 1.525000000000000097e-03 -9.990989999999999593e-01 4.238999999999999713e-02 -2.187999999999999841e-03
5.000000000000000000e+00 2.100000000000000000e+01 6.000000000000000000e+01 0.000000000000000000e+00 1.600000000000000089e+00 -7.370000000000000249e-04 -3.269999999999999795e-04 1.000000000000000000e+00 -9.507300000000000473e-02 9.954699999999999660e-01 2.550000000000000183e-04 -9.954699999999999660e-01 -9.507300000000000473e-02 -7.649999999999999465e-04
1.000000000000000000e+01 2.100000000000000000e+01 6.000000000000000000e+01 0.000000000000000000e+00 1.600000000000000089e+00 -1.060000000000000016e-04 3.066000000000000149e-03 9.999949999999999672e-01 -9.566800000000000304e-02 9.954089999999999883e-01 -3.062000000000000052e-03 -9.954129999999999923e-01 -9.566700000000000204e-02 1.879999999999999890e-04
1.500000000000000000e+01 2.100000000000000000e+01 6.000000000000000000e+01 0.000000000000000000e+00 1.600000000000000089e+00 1.054000000000000032e-03 7.556000000000000216e-03 9.999710000000000543e-01 -9.464599999999999402e-02 9.954830000000000068e-01 -7.421999999999999778e-03 -9.955100000000000060e-01 -9.463499999999999690e-02 1.763999999999999943e-03
2.200000000000000000e+01 2.100000000000000000e+01 6.000000000000000000e+01 0.000000000000000000e+00 1.600000000000000089e+00 5.879999999999999810e-04 -6.049999999999999606e-04 1.000000000000000000e+00 -9.644300000000000095e-02 9.953379999999999450e-01 6.589999999999999721e-04 -9.953379999999999450e-01 -9.644300000000000095e-02 5.270000000000000162e-04
2.500000000000000000e+01 2.100000000000000000e+01 6.000000000000000000e+01 0.000000000000000000e+00 1.600000000000000089e+00 7.150000000000000322e-04 -3.562000000000000062e-03 9.999930000000000208e-01 -9.787899999999999379e-02 9.951919999999999655e-01 3.615000000000000158e-03 -9.951980000000000270e-01 -9.788099999999999579e-02 3.629999999999999872e-04
1.000000000000000000e+00 6.700000000000000000e+01 6.000000000000000000e+01 0.000000000000000000e+00 1.600000000000000089e+00 -3.331999999999999892e-03 -1.025500000000000023e-02 9.999419999999999975e-01 1.816470000000000029e-01 -9.833180000000000254e-01 -9.480000000000000579e-03 9.833579999999999544e-01 1.816049999999999887e-01 5.139000000000000339e-03
7.000000000000000000e+00 2.700000000000000000e+01 6.300000000000000000e+01 0.000000000000000000e+00 1.600000000000000089e+00 2.099999999999999884e-05 2.115999999999999825e-03 9.999980000000000535e-01 -2.801420000000000021e-01 9.599560000000000315e-01 -2.026000000000000023e-03 -9.599590000000000067e-01 -2.801409999999999734e-01 6.130000000000000466e-04
1.700000000000000000e+01 2.700000000000000000e+01 6.300000000000000000e+01 0.000000000000000000e+00 1.600000000000000089e+00 -1.196000000000000014e-03 -2.262000000000000122e-03 9.999970000000000248e-01 -2.737220000000000208e-01 9.618069999999999675e-01 1.848000000000000033e-03 -9.618079999999999963e-01 -2.737180000000000168e-01 -1.770000000000000089e-03
2.300000000000000000e+01 2.700000000000000000e+01 6.300000000000000000e+01 0.000000000000000000e+00 1.600000000000000089e+00 -1.288999999999999998e-03 -2.997000000000000098e-03 9.999949999999999672e-01 -2.794380000000000197e-01 9.601610000000000422e-01 2.517999999999999839e-03 -9.601629999999999887e-01 -2.794329999999999870e-01 -2.075000000000000022e-03
2.600000000000000000e+01 2.700000000000000000e+01 6.300000000000000000e+01 0.000000000000000000e+00 1.600000000000000089e+00 7.349999999999999763e-04 -1.312999999999999931e-03 9.999989999999999712e-01 -2.789400000000000213e-01 9.603070000000000217e-01 1.466000000000000072e-03 -9.603080000000000505e-01 -2.789409999999999945e-01 3.400000000000000244e-04
3.000000000000000000e+01 2.700000000000000000e+01 6.300000000000000000e+01 0.000000000000000000e+00 1.600000000000000089e+00 2.769999999999999893e-03 -3.601000000000000034e-03 9.999900000000000455e-01 -2.753109999999999724e-01 9.613460000000000338e-01 4.224999999999999589e-03 -9.613509999999999556e-01 -2.753189999999999804e-01 1.672000000000000092e-03
4.000000000000000000e+00 4.400000000000000000e+01 6.300000000000000000e+01 0.000000000000000000e+00 1.600000000000000089e+00 -4.699999999999999724e-05 1.463500000000000044e-02 -9.998930000000000318e-01 -6.599429999999999463e-01 -7.512360000000000149e-01 -1.096399999999999979e-02 -7.513159999999999838e-01 6.598720000000000141e-01 9.693999999999999492e-03
1.000000000000000000e+01 4.400000000000000000e+01 6.300000000000000000e+01 0.000000000000000000e+00 1.600000000000000089e+00 6.380000000000000037e-04 4.710999999999999910e-03 -9.999890000000000168e-01 -6.677269999999999595e-01 -7.443959999999999466e-01 -3.932999999999999864e-03 -7.444060000000000121e-01 6.677220000000000377e-01 2.670000000000000064e-03
1.400000000000000000e+01 4.400000000000000000e+01 6.300000000000000000e+01 0.000000000000000000e+00 1.600000000000000089e+00 9.128000000000000697e-03 2.210399999999999865e-02 -9.997139999999999915e-01 -6.748290000000000122e-01 -7.376319999999999544e-01 -2.247100000000000139e-02 -7.379179999999999628e-01 6.748410000000000242e-01 8.182999999999999302e-03
2.200000000000000000e+01 4.400000000000000000e+01 6.300000000000000000e+01 0.000000000000000000e+00 1.600000000000000089e+00 9.806999999999999745e-03 -2.873900000000000066e-02 -9.995389999999999553e-01 -7.163709999999999800e-01 -6.975980000000000514e-01 1.302799999999999965e-02 -6.976510000000000211e-01 7.159130000000000216e-01 -2.742899999999999852e-02
3.000000000000000000e+00 2.600000000000000000e+01 6.400000000000000000e+01 0.000000000000000000e+00 1.600000000000000089e+00 -1.350999999999999987e-03 -1.575000000000000011e-03 9.999980000000000535e-01 -3.717340000000000089e-01 9.283390000000000253e-01 9.600000000000000243e-04 -9.283379999999999965e-01 -3.717320000000000069e-01 -1.840000000000000056e-03
7.000000000000000000e+00 2.600000000000000000e+01 6.400000000000000000e+01 0.000000000000000000e+00 1.600000000000000089e+00 -8.350000000000000217e-04 3.220999999999999905e-03 9.999949999999999672e-01 -3.737929999999999864e-01 9.275060000000000526e-01 -3.299999999999999982e-03 -9.275120000000000031e-01 -3.737929999999999864e-01 4.299999999999999894e-04
1.100000000000000000e+01 2.600000000000000000e+01 6.400000000000000000e+01 0.000000000000000000e+00 1.600000000000000089e+00 1.250000000000000026e-03 5.648000000000000242e-03 9.999829999999999552e-01 -3.683949999999999725e-01 9.296569999999999556e-01 -4.789999999999999987e-03 -9.296689999999999676e-01 -3.683830000000000160e-01 3.242999999999999789e-03
1.700000000000000000e+01 2.600000000000000000e+01 6.400000000000000000e+01 0.000000000000000000e+00 1.600000000000000089e+00 -7.640000000000000306e-04 -1.721000000000000090e-03 9.999980000000000535e-01 -3.626389999999999891e-01 9.319290000000000074e-01 1.327000000000000055e-03 -9.319290000000000074e-01 -3.626380000000000159e-01 -1.337000000000000081e-03
2.300000000000000000e+01 2.600000000000000000e+01 6.400000000000000000e+01 0.000000000000000000e+00 1.600000000000000089e+00 -1.038999999999999993e-03 -2.769999999999999893e-03 9.999959999999999960e-01 -3.693879999999999941e-01 9.292730000000000157e-01 2.190999999999999805e-03 -9.292749999999999622e-01 -3.693839999999999901e-01 -1.988999999999999883e-03
2.600000000000000000e+01 2.600000000000000000e+01 6.400000000000000000e+01 0.000000000000000000e+00 1.600000000000000089e+00 2.480000000000000108e-04 -2.669999999999999847e-04 1.000000000000000000e+00 -3.691840000000000122e-01 9.293559999999999599e-01 3.390000000000000001e-04 -9.293559999999999599e-01 -3.691840000000000122e-01 1.320000000000000101e-04
2.500000000000000000e+01 5.600000000000000000e+01 6.400000000000000000e+01 0.000000000000000000e+00 1.600000000000000089e+00 -1.411519999999999997e-01 2.595129999999999937e-01 -9.553679999999999950e-01 1.301199999999999926e-02 9.654329999999999856e-01 2.603249999999999731e-01 9.899019999999999486e-01 2.431399999999999881e-02 -1.396499999999999964e-01
1.800000000000000000e+01 4.300000000000000000e+01 7.300000000000000000e+01 0.000000000000000000e+00 1.600000000000000089e+00 -4.793200000000000238e-02 -1.119730000000000031e-01 9.925549999999999651e-01 5.148400000000000198e-02 -9.926530000000000076e-01 -1.094969999999999971e-01 9.975230000000000485e-01 4.585199999999999693e-02 5.334400000000000253e-02
8.000000000000000000e+00 4.400000000000000000e+01 7.300000000000000000e+01 0.000000000000000000e+00 1.600000000000000089e+00 -1.373000000000000088e-03 -3.995000000000000287e-03 9.999909999999999632e-01 5.625700000000000145e-02 -9.984089999999999909e-01 -3.911999999999999679e-03 9.984150000000000524e-01 5.625200000000000339e-02 1.595000000000000064e-03
1.500000000000000000e+01 4.400000000000000000e+01 7.300000000000000000e+01 0.000000000000000000e+00 1.600000000000000089e+00 -3.650400000000000172e-02 -1.116260000000000030e-01 9.930799999999999628e-01 2.171199999999999866e-02 -9.935960000000000347e-01 -1.108849999999999975e-01 9.990980000000000416e-01 1.751399999999999832e-02 3.869399999999999923e-02
2.000000000000000000e+00 2.500000000000000000e+01 7.400000000000000000e+01 0.000000000000000000e+00 1.600000000000000089e+00 -1.028999999999999967e-03 8.919999999999999978e-04 9.999989999999999712e-01 8.238349999999999840e-01 -5.668279999999999985e-01 1.353000000000000036e-03 5.668279999999999985e-01 8.238360000000000127e-01 -1.520000000000000084e-04
6.000000000000000000e+00 2.500000000000000000e+01 7.400000000000000000e+01 0.000000000000000000e+00 1.600000000000000089e+00 2.749000000000000141e-03 -4.600000000000000139e-04 9.999959999999999960e-01 8.224069999999999991e-01 -5.688940000000000108e-01 -2.521999999999999936e-03 5.688929999999999820e-01 8.224110000000000031e-01 -1.185999999999999988e-03
1.000000000000000000e+01 2.500000000000000000e+01 7.400000000000000000e+01 0.000000000000000000e+00 1.600000000000000089e+00 5.000000000000000104e-04 2.799999999999999755e-04 1.000000000000000000e+00 8.232169999999999765e-01 -5.677269999999999817e-01 -2.530000000000000239e-04 5.677269999999999817e-01 8.232169999999999765e-01 -5.150000000000000498e-04
1.800000000000000000e+01 2.500000000000000000e+01 7.400000000000000000e+01 0.000000000000000000e+00 1.600000000000000089e+00 9.610000000000000486e-04 -5.529999999999999976e-04 9.999989999999999712e-01 8.279320000000000013e-01 -5.608279999999999932e-01 -1.105999999999999995e-03 5.608279999999999932e-01 8.279320000000000013e-01 -8.100000000000000375e-05
2.300000000000000000e+01 2.500000000000000000e+01 7.400000000000000000e+01 0.000000000000000000e+00 1.600000000000000089e+00 -3.439000000000000216e-03 -9.091000000000000122e-03 9.999529999999999808e-01 8.202150000000000274e-01 -5.720509999999999762e-01 -2.380000000000000171e-03 5.720460000000000544e-01 8.201680000000000081e-01 9.424000000000000085e-03
3.000000000000000000e+01 2.500000000000000000e+01 7.400000000000000000e+01 0.000000000000000000e+00 1.600000000000000089e+00 1.575000000000000011e-03 8.760999999999999691e-03 9.999599999999999600e-01 8.202580000000000426e-01 -5.719809999999999617e-01 3.720000000000000216e-03 5.719910000000000272e-01 8.202199999999999491e-01 -8.087000000000000438e-03
4.000000000000000000e+00 9.100000000000000000e+01 7.600000000000000000e+01 0.000000000000000000e+00 1.600000000000000089e+00 -1.620000000000000075e-04 3.020000000000000223e-04 1.000000000000000000e+00 3.944059999999999788e-01 -9.189359999999999751e-01 3.409999999999999945e-04 9.189359999999999751e-01 3.944059999999999788e-01 3.000000000000000076e-05
9.000000000000000000e+00 9.100000000000000000e+01 7.600000000000000000e+01 0.000000000000000000e+00 1.600000000000000089e+00 6.130000000000000466e-04 -5.339999999999999695e-04 1.000000000000000000e+00 3.988849999999999896e-01 -9.170009999999999550e-01 -7.339999999999999520e-04 9.170009999999999550e-01 3.988849999999999896e-01 -3.490000000000000263e-04
1.700000000000000000e+01 9.100000000000000000e+01 7.600000000000000000e+01 0.000000000000000000e+00 1.600000000000000089e+00 1.250999999999999942e-03 1.260999999999999968e-03 9.999980000000000535e-01 3.956450000000000244e-01 -9.184029999999999694e-01 6.629999999999999609e-04 9.184029999999999694e-01 3.956439999999999957e-01 -1.647999999999999942e-03
2.300000000000000000e+01 9.100000000000000000e+01 7.600000000000000000e+01 0.000000000000000000e+00 1.600000000000000089e+00 -1.477999999999999930e-03 -2.373999999999999808e-03 9.999959999999999960e-01 3.958099999999999952e-01 -9.183310000000000084e-01 -1.595000000000000064e-03 9.183310000000000084e-01 3.958059999999999912e-01 2.296999999999999997e-03
2.800000000000000000e+01 9.100000000000000000e+01 7.600000000000000000e+01 0.000000000000000000e+00 1.600000000000000089e+00 -3.436999999999999951e-03 -3.834999999999999867e-03 9.999869999999999592e-01 3.925890000000000213e-01 -9.197109999999999452e-01 -2.177999999999999815e-03 9.197079999999999700e-01 3.925759999999999805e-01 4.667000000000000141e-03
2.000000000000000000e+01 9.000000000000000000e+00 8.200000000000000000e+01 0.000000000000000000e+00 1.600000000000000089e+00 -2.979999999999999793e-04 4.500999999999999793e-03 -9.999900000000000455e-01 5.708710000000000173e-01 8.210319999999999840e-01 3.524999999999999922e-03 8.210399999999999920e-01 -5.708640000000000381e-01 -2.814999999999999794e-03
6.000000000000000000e+00 4.400000000000000000e+01 8.300000000000000000e+01 0.000000000000000000e+00 1.600000000000000089e+00 -1.381999999999999982e-03 -4.929999999999999487e-04 9.999989999999999712e-01 5.708750000000000213e-01 -8.210370000000000168e-01 3.840000000000000097e-04 8.210359999999999880e-01 5.708750000000000213e-01 1.415999999999999941e-03
1.300000000000000000e+01 1.010000000000000000e+02 8.300000000000000000e+01 0.000000000000000000e+00 1.600000000000000089e+00 -8.120000000000000048e-04 -1.118000000000000070e-03 9.999989999999999712e-01 9.952499999999999680e-01 9.734800000000000397e-02 9.169999999999999549e-04 -9.734900000000000497e-02 9.952499999999999680e-01 1.033000000000000064e-03
7.000000000000000000e+00 4.800000000000000000e+01 8.400000000000000000e+01 0.000000000000000000e+00 1.600000000000000089e+00 2.994999999999999832e-03 -5.439999999999999957e-04 -9.999949999999999672e-01 -9.476310000000000011e-01 -3.193559999999999732e-01 -2.664999999999999834e-03 -3.193529999999999980e-01 9.476350000000000051e-01 -1.472000000000000001e-03
2.500000000000000000e+01 4.800000000000000000e+01 8.400000000000000000e+01 0.000000000000000000e+00 1.600000000000000089e+00 -4.793000000000000385e-03 -4.174999999999999892e-03 -9.999799999999999800e-01 -9.463780000000000525e-01 -3.230089999999999906e-01 5.884999999999999606e-03 -3.230270000000000086e-01 9.463869999999999783e-01 -2.403000000000000188e-03
8.000000000000000000e+00 1.500000000000000000e+01 8.600000000000000000e+01 0.000000000000000000e+00 1.600000000000000089e+00 -3.701999999999999996e-03 1.624999999999999925e-03 -9.999919999999999920e-01 1.889750000000000041e-01 9.819820000000000215e-01 8.959999999999999866e-04 9.819750000000000423e-01 -1.889699999999999991e-01 -3.942000000000000191e-03
1.100000000000000000e+01 1.500000000000000000e+01 8.600000000000000000e+01 0.000000000000000000e+00 1.600000000000000089e+00 -5.361999999999999579e-03 2.459999999999999947e-03 -9.999829999999999552e-01 1.890310000000000046e-01 9.819700000000000095e-01 1.402000000000000034e-03 9.819569999999999688e-01 -1.890199999999999936e-01 -5.730999999999999983e-03
1.900000000000000000e+01 1.500000000000000000e+01 8.600000000000000000e+01 0.000000000000000000e+00 1.600000000000000089e+00 -2.769000000000000194e-03 4.209000000000000068e-03 -9.999869999999999592e-01 1.919430000000000025e-01 9.813990000000000213e-01 3.599000000000000202e-03 9.814019999999999966e-01 -1.919309999999999905e-01 -3.524999999999999922e-03
2.600000000000000000e+01 1.500000000000000000e+01 8.600000000000000000e+01 0.000000000000000000e+00 1.600000000000000089e+00 -7.360000000000000006e-04 2.906000000000000163e-03 -9.999949999999999672e-01 1.904869999999999897e-01 9.816859999999999475e-01 2.713000000000000134e-03 9.816890000000000338e-01 -1.904839999999999867e-01 -1.276000000000000007e-03
2.000000000000000000e+00 8.300000000000000000e+01 8.600000000000000000e+01 0.000000000000000000e+00 1.600000000000000089e+00 -2.854999999999999899e-03 -5.288000000000000166e-03 9.999820000000000375e-01 -9.999310000000000143e-01 1.139699999999999915e-02 -2.795000000000000175e-03 -1.138199999999999976e-02 -9.999209999999999487e-01 -5.320000000000000076e-03
