6.000000000000000000e+00 3.000000000000000000e+00 4.000000000000000000e+00 0.000000000000000000e+00 1.600000000000000089e+00 -2.016270000000000007e-01 -9.975900000000000045e-02 -9.743690000000000406e-01 -8.796580000000000510e-01 -4.190539999999999821e-01 2.249329999999999941e-01 -4.307529999999999970e-01 9.024640000000000439e-01 -3.261000000000000010e-03
2.000000000000000000e+00 4.000000000000000000e+00 4.000000000000000000e+00 0.000000000000000000e+00 1.600000000000000089e+00 -1.604909999999999948e-01 -7.753500000000000669e-02 -9.839869999999999450e-01 -8.892139999999999489e-01 -4.213459999999999983e-01 1.782340000000000035e-01 -4.284180000000000210e-01 9.035800000000000498e-01 -1.322999999999999957e-03
8.000000000000000000e+00 1.500000000000000000e+01 4.000000000000000000e+00 0.000000000000000000e+00 1.600000000000000089e+00 -6.290000000000000018e-04 -6.052000000000000088e-03 9.999810000000000088e-01 3.099759999999999738e-01 -9.507280000000000175e-01 -5.558999999999999705e-03 9.507440000000000335e-01 3.099669999999999925e-01 2.474000000000000071e-03
1.400000000000000000e+01 1.500000000000000000e+01 4.000000000000000000e+00 0.000000000000000000e+00 1.600000000000000089e+00 -2.054999999999999969e-03 -2.772000000000000158e-03 9.999940000000000495e-01 3.079399999999999915e-01 -9.514040000000000274e-01 -2.004000000000000139e-03 9.514040000000000274e-01 3.079339999999999855e-01 2.808999999999999865e-03
2.000000000000000000e+01 1.500000000000000000e+01 4.000000000000000000e+00 0.000000000000000000e+00 1.600000000000000089e+00 6.539999999999999590e-04 -3.719999999999999891e-04 1.000000000000000000e+00 3.094899999999999873e-01 -9.509030000000000538e-01 -5.559999999999999621e-04 9.509030000000000538e-01 3.094899999999999873e-01 -5.069999999999999637e-04
2.700000000000000000e+01 1.500000000000000000e+01 4.000000000000000000e+00 0.000000000000000000e+00 1.600000000000000089e+00 2.314999999999999784e-03 -4.264000000000000429e-03 9.999879999999999880e-01 3.128219999999999890e-01 -9.497999999999999776e-01 -4.774999999999999731e-03 9.498090000000000144e-01 3.128299999999999970e-01 -8.649999999999999920e-04
3.000000000000000000e+00 1.600000000000000000e+01 4.000000000000000000e+00 0.000000000000000000e+00 1.600000000000000089e+00 4.699999999999999859e-04 -1.095000000000000053e-03 9.999989999999999712e-01 3.837929999999999953e-01 -9.234179999999999611e-01 -1.191999999999999917e-03 9.234189999999999898e-01 3.837929999999999953e-01 -1.399999999999999979e-05
2.000000000000000000e+00 1.000000000000000000e+01 5.000000000000000000e+00 0.000000000000000000e+00 1.600000000000000089e+00 1.977399999999999991e-02 -1.864699999999999969e-01 9.822619999999999685e-01 2.621069999999999789e-01 -9.471249999999999947e-01 -1.850769999999999915e-01 9.648360000000000269e-01 2.611180000000000168e-01 3.014599999999999919e-02
7.000000000000000000e+00 1.010000000000000000e+02 7.000000000000000000e+00 0.000000000000000000e+00 1.600000000000000089e+00 3.840999999999999796e-03 1.709999999999999932e-03 9.999909999999999632e-01 8.850609999999999866e-01 4.654570000000000096e-01 -4.194999999999999944e-03 -4.654599999999999849e-01 8.850689999999999946e-01 2.750000000000000166e-04
1.300000000000000000e+01 1.010000000000000000e+02 7.000000000000000000e+00 0.000000000000000000e+00 1.600000000000000089e+00 3.903999999999999918e-03 -2.116300000000000125e-02 9.997679999999999900e-01 8.910470000000000335e-01 4.538710000000000244e-01 6.127999999999999767e-03 -4.538949999999999929e-01 8.908160000000000522e-01 2.062900000000000150e-02
1.900000000000000000e+01 1.010000000000000000e+02 7.000000000000000000e+00 0.000000000000000000e+00 1.600000000000000089e+00 -1.152999999999999945e-03 -5.815999999999999989e-03 9.999820000000000375e-01 8.916100000000000136e-01 4.527889999999999970e-01 3.661000000000000192e-03 -4.528030000000000110e-01 8.915990000000000304e-01 4.662999999999999610e-03
7.000000000000000000e+00 2.500000000000000000e+01 8.000000000000000000e+00 0.000000000000000000e+00 1.600000000000000089e+00 -1.252999999999999991e-03 -6.207999999999999977e-03 -9.999799999999999800e-01 4.437780000000000058e-01 8.961160000000000236e-01 -6.119000000000000307e-03 8.961360000000000436e-01 -4.437769999999999770e-01 1.631999999999999987e-03
1.500000000000000000e+01 2.500000000000000000e+01 8.000000000000000000e+00 0.000000000000000000e+00 1.600000000000000089e+00 -8.109999999999999805e-04 1.949999999999999910e-03 -9.999980000000000535e-01 4.444739999999999802e-01 8.957899999999999752e-01 1.386999999999999995e-03 8.957910000000000039e-01 -4.444719999999999782e-01 -1.593000000000000015e-03
1.900000000000000000e+01 2.500000000000000000e+01 8.000000000000000000e+00 0.000000000000000000e+00 1.600000000000000089e+00 -5.700000000000000314e-05 7.119999999999999593e-04 -1.000000000000000000e+00 4.437229999999999785e-01 8.961639999999999606e-01 6.130000000000000466e-04 8.961639999999999606e-01 -4.437229999999999785e-01 -3.669999999999999760e-04
2.600000000000000000e+01 2.500000000000000000e+01 8.000000000000000000e+00 0.000000000000000000e+00 1.600000000000000089e+00 2.210000000000000050e-04 -1.693999999999999976e-03 -9.999989999999999712e-01 4.448170000000000179e-01 8.956199999999999717e-01 -1.418999999999999906e-03 8.956220000000000292e-01 -4.448159999999999892e-01 9.520000000000000467e-04
2.900000000000000000e+01 2.500000000000000000e+01 8.000000000000000000e+00 0.000000000000000000e+00 1.600000000000000089e+00 -1.800000000000000046e-05 -6.884000000000000362e-03 -9.999759999999999760e-01 4.465480000000000005e-01 8.947389999999999510e-01 -6.166999999999999739e-03 8.947599999999999998e-01 -4.465370000000000172e-01 3.056999999999999822e-03
8.000000000000000000e+00 2.400000000000000000e+01 9.000000000000000000e+00 0.000000000000000000e+00 1.600000000000000089e+00 -1.392999999999999924e-03 -7.400999999999999593e-03 -9.999719999999999720e-01 4.498119999999999896e-01 8.930940000000000545e-01 -7.237000000000000377e-03 8.931219999999999715e-01 -4.498090000000000144e-01 2.085000000000000048e-03
1.600000000000000000e+01 2.400000000000000000e+01 9.000000000000000000e+00 0.000000000000000000e+00 1.600000000000000089e+00 -2.210000000000000050e-04 2.076999999999999853e-03 -9.999980000000000535e-01 4.498090000000000144e-01 8.931230000000000002e-01 1.755999999999999965e-03 8.931249999999999467e-01 -4.498070000000000124e-01 -1.131999999999999977e-03
2.200000000000000000e+01 2.400000000000000000e+01 9.000000000000000000e+00 0.000000000000000000e+00 1.600000000000000089e+00 1.240000000000000054e-04 2.132999999999999913e-03 -9.999980000000000535e-01 4.490569999999999840e-01 8.935009999999999897e-01 1.961000000000000069e-03 8.935030000000000472e-01 -4.490560000000000107e-01 -8.469999999999999881e-04
2.600000000000000000e+01 2.400000000000000000e+01 9.000000000000000000e+00 0.000000000000000000e+00 1.600000000000000089e+00 -2.429999999999999977e-04 -2.461000000000000080e-03 -9.999970000000000248e-01 4.504989999999999828e-01 8.927739999999999565e-01 -2.307000000000000023e-03 8.927770000000000428e-01 -4.504980000000000095e-01 8.919999999999999978e-04
2.900000000000000000e+01 2.400000000000000000e+01 9.000000000000000000e+00 0.000000000000000000e+00 1.600000000000000089e+00 -5.649999999999999641e-04 -7.601000000000000117e-03 -9.999710000000000543e-01 4.519099999999999784e-01 8.920360000000000511e-01 -7.034999999999999587e-03 8.920630000000000503e-01 -4.519009999999999971e-01 2.931000000000000012e-03
1.000000000000000000e+01 3.100000000000000000e+01 1.200000000000000000e+01 0.000000000000000000e+00 1.600000000000000089e+00 -1.820000000000000057e-04 2.262000000000000122e-03 9.999970000000000248e-01 -5.082999999999999845e-03 9.999850000000000128e-01 -2.262000000000000122e-03 -9.999869999999999592e-01 -5.082999999999999845e-03 -1.710000000000000094e-04
2.000000000000000000e+01 3.000000000000000000e+00 1.300000000000000000e+01 0.000000000000000000e+00 1.600000000000000089e+00 2.729999999999999788e-03 1.378060000000000118e-01 9.904549999999999743e-01 -2.196400000000000088e-02 9.902279999999999971e-01 -1.377140000000000031e-01 -9.997549999999999493e-01 -2.137800000000000117e-02 5.729999999999999850e-03
7.000000000000000000e+00 3.200000000000000000e+01 1.400000000000000000e+01 0.000000000000000000e+00 1.600000000000000089e+00 7.309999999999999875e-04 2.550999999999999882e-03 -9.999959999999999960e-01 1.126049999999999968e-01 9.936359999999999637e-01 2.616999999999999969e-03 9.936399999999999677e-01 -1.126059999999999978e-01 4.389999999999999914e-04
4.000000000000000000e+00 1.200000000000000000e+01 1.500000000000000000e+01 0.000000000000000000e+00 1.600000000000000089e+00 -2.100000000000000087e-04 -2.882000000000000013e-03 -9.999959999999999960e-01 -4.601430000000000242e-01 -8.878409999999999913e-01 2.654999999999999808e-03 -8.878449999999999953e-01 4.601419999999999955e-01 -1.139999999999999954e-03
1.000000000000000000e+01 1.200000000000000000e+01 1.500000000000000000e+01 0.000000000000000000e+00 1.600000000000000089e+00 -1.164000000000000104e-03 -4.053000000000000179e-03 -9.999909999999999632e-01 -4.665199999999999902e-01 -8.845009999999999817e-01 4.127999999999999725e-03 -8.845100000000000184e-01 4.665210000000000190e-01 -8.620000000000000275e-04
1.500000000000000000e+01 1.200000000000000000e+01 1.500000000000000000e+01 0.000000000000000000e+00 1.600000000000000089e+00 -3.608999999999999795e-03 -2.948999999999999799e-03 -9.999890000000000168e-01 -4.692359999999999864e-01 -8.830620000000000136e-01 4.297999999999999737e-03 -8.830660000000000176e-01 4.692459999999999964e-01 1.802999999999999915e-03
1.900000000000000000e+01 1.200000000000000000e+01 1.500000000000000000e+01 0.000000000000000000e+00 1.600000000000000089e+00 -3.420999999999999996e-03 -2.376000000000000074e-03 -9.999909999999999632e-01 -4.677339999999999831e-01 -8.838610000000000078e-01 3.700000000000000164e-03 -8.838629999999999542e-01 4.677430000000000199e-01 1.912999999999999987e-03
2.300000000000000000e+01 1.200000000000000000e+01 1.500000000000000000e+01 0.000000000000000000e+00 1.600000000000000089e+00 -1.221000000000000080e-03 -8.613000000000000864e-03 -9.999620000000000175e-01 -4.662910000000000110e-01 -8.845939999999999914e-01 8.188000000000000833e-03 -8.846309999999999452e-01 4.662830000000000030e-01 -2.935999999999999808e-03
2.700000000000000000e+01 1.200000000000000000e+01 1.500000000000000000e+01 0.000000000000000000e+00 1.600000000000000089e+00 -1.931999999999999907e-03 -8.103000000000000827e-03 -9.999649999999999928e-01 -4.656139999999999723e-01 -8.849510000000000431e-01 8.071000000000000049e-03 -8.849860000000000504e-01 4.656139999999999723e-01 -2.063000000000000164e-03
3.000000000000000000e+00 1.160000000000000000e+02 1.600000000000000000e+01 0.000000000000000000e+00 1.600000000000000089e+00 2.259999999999999910e-04 -1.810000000000000085e-04 1.000000000000000000e+00 7.174249999999999794e-01 6.966360000000000330e-01 -3.600000000000000091e-05 -6.966360000000000330e-01 7.174249999999999794e-01 2.880000000000000073e-04
7.000000000000000000e+00 1.160000000000000000e+02 1.600000000000000000e+01 0.000000000000000000e+00 1.600000000000000089e+00 1.428999999999999932e-03 -1.809999999999999977e-03 9.999970000000000248e-01 7.091929999999999623e-01 7.050140000000000295e-01 2.620000000000000258e-04 -7.050130000000000008e-01 7.091910000000000158e-01 2.291000000000000068e-03
1.200000000000000000e+01 1.160000000000000000e+02 1.600000000000000000e+01 0.000000000000000000e+00 1.600000000000000089e+00 3.499999999999999964e-04 1.056000000000000081e-03 9.999989999999999712e-01 7.249830000000000441e-01 6.887659999999999894e-01 -9.810000000000001011e-04 -6.887659999999999894e-01 7.249830000000000441e-01 -5.249999999999999676e-04
1.600000000000000000e+01 1.160000000000000000e+02 1.600000000000000000e+01 0.000000000000000000e+00 1.600000000000000089e+00 -1.382999999999999898e-03 -1.812999999999999941e-03 9.999970000000000248e-01 7.267019999999999591e-01 6.869490000000000318e-01 2.250999999999999963e-03 -6.869520000000000071e-01 7.267029999999999879e-01 3.669999999999999760e-04
1.900000000000000000e+01 1.160000000000000000e+02 1.600000000000000000e+01 0.000000000000000000e+00 1.600000000000000089e+00 -1.129000000000000012e-03 -8.639999999999999677e-04 9.999989999999999712e-01 6.963390000000000413e-01 7.177120000000000166e-01 1.405999999999999915e-03 -7.177130000000000454e-01 6.963390000000000413e-01 -2.079999999999999872e-04
8.000000000000000000e+00 2.000000000000000000e+00 1.900000000000000000e+01 0.000000000000000000e+00 1.600000000000000089e+00 1.523900000000000081e-02 -1.740999999999999839e-02 -9.997319999999999540e-01 2.331959999999999866e-01 -9.722140000000000226e-01 2.048499999999999974e-02 -9.723100000000000076e-01 -2.334450000000000136e-01 -1.075500000000000067e-02
1.200000000000000000e+01 2.000000000000000000e+00 1.900000000000000000e+01 0.000000000000000000e+00 1.600000000000000089e+00 1.233300000000000021e-02 -4.303999999999999666e-03 -9.999149999999999983e-01 2.342779999999999863e-01 -9.721440000000000081e-01 7.074999999999999692e-03 -9.720910000000000384e-01 -2.343449999999999978e-01 -1.098099999999999944e-02
1.600000000000000000e+01 2.000000000000000000e+00 1.900000000000000000e+01 0.000000000000000000e+00 1.600000000000000089e+00 6.739000000000000198e-03 -1.062500000000000076e-02 -9.999209999999999487e-01 2.262550000000000117e-01 -9.739959999999999729e-01 1.187399999999999914e-02 -9.740450000000000497e-01 -2.263169999999999904e-01 -4.159999999999999636e-03
3.000000000000000000e+01 2.000000000000000000e+00 1.900000000000000000e+01 0.000000000000000000e+00 1.600000000000000089e+00 7.209999999999999612e-04 -1.117800000000000044e-02 -9.999369999999999647e-01 1.895280000000000020e-01 -9.818120000000000180e-01 1.111200000000000035e-02 -9.818750000000000533e-01 -1.895239999999999980e-01 1.410000000000000012e-03
1.000000000000000000e+01 1.300000000000000000e+01 2.000000000000000000e+01 0.000000000000000000e+00 1.600000000000000089e+00 1.734999999999999997e-03 1.379000000000000017e-03 9.999980000000000535e-01 2.633050000000000113e-01 9.647109999999999852e-01 -1.786999999999999960e-03 -9.647109999999999852e-01 2.633070000000000133e-01 1.311000000000000099e-03
1.900000000000000000e+01 1.300000000000000000e+01 2.000000000000000000e+01 0.000000000000000000e+00 1.600000000000000089e+00 -8.130000000000000291e-04 3.661000000000000192e-03 9.999930000000000208e-01 2.631939999999999835e-01 9.647369999999999557e-01 -3.318000000000000203e-03 -9.647430000000000172e-01 2.631890000000000063e-01 -1.747999999999999988e-03
2.600000000000000000e+01 1.300000000000000000e+01 2.000000000000000000e+01 0.000000000000000000e+00 1.600000000000000089e+00 1.320000000000000101e-04 -3.439999999999999915e-03 9.999940000000000495e-01 2.597820000000000129e-01 9.656620000000000203e-01 3.288000000000000124e-03 -9.656670000000000531e-01 2.597800000000000109e-01 1.020999999999999989e-03
8.000000000000000000e+00 3.000000000000000000e+00 2.500000000000000000e+01 0.000000000000000000e+00 1.600000000000000089e+00 -2.945000000000000135e-03 -4.028000000000000330e-03 9.999879999999999880e-01 -3.607400000000000190e-02 -9.993410000000000348e-01 -4.131000000000000123e-03 9.993450000000000388e-01 -3.608600000000000002e-02 2.798000000000000140e-03
1.100000000000000000e+01 3.000000000000000000e+00 2.500000000000000000e+01 0.000000000000000000e+00 1.600000000000000089e+00 -1.649000000000000075e-03 7.522000000000000040e-03 9.999700000000000255e-01 -3.702899999999999942e-02 -9.992860000000000076e-01 7.455999999999999954e-03 9.993130000000000068e-01 -3.701600000000000029e-02 1.925999999999999978e-03
2.000000000000000000e+01 3.000000000000000000e+00 2.500000000000000000e+01 0.000000000000000000e+00 1.600000000000000089e+00 2.918000000000000021e-03 -1.990000000000000124e-04 9.999959999999999960e-01 -4.537100000000000161e-02 -9.989700000000000246e-01 -6.700000000000000226e-05 9.989660000000000206e-01 -4.537000000000000061e-02 -2.923999999999999950e-03
2.300000000000000000e+01 3.000000000000000000e+00 2.500000000000000000e+01 0.000000000000000000e+00 1.600000000000000089e+00 3.163000000000000013e-03 -2.310000000000000042e-04 9.999949999999999672e-01 -4.896099999999999758e-02 -9.988010000000000499e-01 -7.600000000000000418e-05 9.987960000000000171e-01 -4.895999999999999658e-02 -3.170000000000000075e-03
2.700000000000000000e+01 3.000000000000000000e+00 2.500000000000000000e+01 0.000000000000000000e+00 1.600000000000000089e+00 5.450000000000000200e-04 -3.595000000000000105e-03 9.999930000000000208e-01 -5.422899999999999943e-02 -9.985220000000000207e-01 -3.559999999999999797e-03 9.985279999999999712e-01 -5.422699999999999743e-02 -7.399999999999999894e-04
7.000000000000000000e+00 4.600000000000000000e+01 2.700000000000000000e+01 0.000000000000000000e+00 1.600000000000000089e+00 -2.629999999999999959e-04 1.480999999999999895e-03 -9.999989999999999712e-01 6.733299999999999841e-01 7.393420000000000547e-01 9.179999999999999792e-04 7.393420000000000547e-01 -6.733289999999999553e-01 -1.191999999999999917e-03
1.600000000000000000e+01 4.600000000000000000e+01 2.700000000000000000e+01 0.000000000000000000e+00 1.600000000000000089e+00 -5.039999999999999992e-04 2.220000000000000185e-03 -9.999970000000000248e-01 6.828969999999999763e-01 7.305139999999999967e-01 1.276999999999999923e-03 7.305150000000000254e-01 -6.828940000000000010e-01 -1.884999999999999957e-03
2.100000000000000000e+01 4.600000000000000000e+01 2.700000000000000000e+01 0.000000000000000000e+00 1.600000000000000089e+00 -1.230000000000000082e-04 -8.379999999999999862e-04 -1.000000000000000000e+00 6.795170000000000377e-01 7.336599999999999788e-01 -6.980000000000000527e-04 7.336599999999999788e-01 -6.795170000000000377e-01 4.789999999999999879e-04
1.600000000000000000e+01 4.600000000000000000e+01 3.000000000000000000e+01 0.000000000000000000e+00 1.600000000000000089e+00 -6.960000000000000041e-04 -6.539999999999999590e-04 -1.000000000000000000e+00 3.333139999999999992e-01 9.428149999999999586e-01 -8.490000000000000368e-04 9.428159999999999874e-01 -3.333149999999999724e-01 -4.380000000000000213e-04
2.500000000000000000e+01 4.600000000000000000e+01 3.000000000000000000e+01 0.000000000000000000e+00 1.600000000000000089e+00 1.759999999999999954e-04 -1.067999999999999939e-03 -9.999989999999999712e-01 3.310420000000000029e-01 9.436149999999999816e-01 -9.499999999999999981e-04 9.436160000000000103e-01 -3.310420000000000029e-01 5.199999999999999544e-04
4.000000000000000000e+00 5.800000000000000000e+01 3.100000000000000000e+01 0.000000000000000000e+00 1.600000000000000089e+00 5.285999999999999900e-03 6.658999999999999989e-03 9.999639999999999640e-01 -8.126679999999999460e-01 -5.826689999999999925e-01 8.175999999999999240e-03 5.827020000000000532e-01 -8.126820000000000155e-01 2.331999999999999872e-03
8.000000000000000000e+00 5.800000000000000000e+01 3.100000000000000000e+01 0.000000000000000000e+00 1.600000000000000089e+00 4.800999999999999712e-03 1.313699999999999937e-02 9.999019999999999575e-01 -8.154280000000000417e-01 -5.787440000000000362e-01 1.151899999999999973e-02 5.788389999999999924e-01 -8.154029999999999889e-01 7.933000000000000815e-03
1.500000000000000000e+01 5.800000000000000000e+01 3.100000000000000000e+01 0.000000000000000000e+00 1.600000000000000089e+00 -1.631999999999999987e-03 -3.683000000000000076e-03 9.999919999999999920e-01 -8.147229999999999750e-01 -5.798410000000000508e-01 -3.465000000000000198e-03 5.798489999999999478e-01 -8.147219999999999462e-01 -2.054999999999999969e-03
2.000000000000000000e+01 5.800000000000000000e+01 3.100000000000000000e+01 0.000000000000000000e+00 1.600000000000000089e+00 3.879999999999999985e-04 -5.474999999999999832e-03 9.999850000000000128e-01 -8.119119999999999671e-01 -5.837719999999999576e-01 -2.880999999999999880e-03 5.837790000000000479e-01 -8.118990000000000373e-01 -4.670999999999999805e-03
2.500000000000000000e+01 5.800000000000000000e+01 3.100000000000000000e+01 0.000000000000000000e+00 1.600000000000000089e+00 -2.700999999999999842e-03 -1.036000000000000029e-03 9.999959999999999960e-01 -8.084670000000000467e-01 -5.885340000000000016e-01 -2.794000000000000043e-03 5.885350000000000303e-01 -8.084719999999999684e-01 7.519999999999999558e-04
2.900000000000000000e+01 5.800000000000000000e+01 3.100000000000000000e+01 0.000000000000000000e+00 1.600000000000000089e+00 -5.448999999999999851e-03 2.655999999999999941e-03 9.999820000000000375e-01 -8.085250000000000492e-01 -5.884549999999999503e-01 -2.843000000000000041e-03 5.884359999999999591e-01 -8.085259999999999669e-01 5.354000000000000252e-03
1.700000000000000000e+01 6.000000000000000000e+00 3.200000000000000000e+01 0.000000000000000000e+00 1.600000000000000089e+00 -3.840000000000000097e-04 -4.207999999999999935e-03 -9.999909999999999632e-01 9.667499999999999705e-02 9.953070000000000528e-01 -4.224999999999999589e-03 9.953159999999999785e-01 -9.667599999999999805e-02 2.500000000000000120e-05
2.100000000000000000e+01 6.000000000000000000e+00 3.200000000000000000e+01 0.000000000000000000e+00 1.600000000000000089e+00 -1.689999999999999879e-04 -4.591999999999999728e-03 -9.999890000000000168e-01 1.000410000000000049e-01 9.949729999999999963e-01 -4.585999999999999799e-03 9.949829999999999508e-01 -1.000400000000000039e-01 2.910000000000000260e-04
1.600000000000000000e+01 5.900000000000000000e+01 3.200000000000000000e+01 0.000000000000000000e+00 1.600000000000000089e+00 2.599999999999999772e-04 -3.780000000000000265e-04 1.000000000000000000e+00 -7.257390000000000230e-01 -6.879699999999999704e-01 -7.100000000000000462e-05 6.879699999999999704e-01 -7.257390000000000230e-01 -4.530000000000000064e-04
4.000000000000000000e+00 4.600000000000000000e+01 3.500000000000000000e+01 0.000000000000000000e+00 1.600000000000000089e+00 -1.620000000000000075e-04 2.900000000000000017e-05 -1.000000000000000000e+00 3.918800000000000061e-01 -9.200159999999999449e-01 -9.000000000000000567e-05 -9.200159999999999449e-01 -3.918800000000000061e-01 1.379999999999999933e-04
8.000000000000000000e+00 4.600000000000000000e+01 3.500000000000000000e+01 0.000000000000000000e+00 1.600000000000000089e+00 1.683999999999999950e-03 2.674999999999999861e-03 -9.999949999999999672e-01 3.924730000000000163e-01 -9.197619999999999685e-01 -1.799000000000000035e-03 -9.197619999999999685e-01 -3.924679999999999835e-01 -2.598000000000000049e-03
1.300000000000000000e+01 4.600000000000000000e+01 3.500000000000000000e+01 0.000000000000000000e+00 1.600000000000000089e+00 1.423000000000000003e-03 -7.829999999999999504e-04 -9.999989999999999712e-01 3.919309999999999738e-01 -9.199939999999999785e-01 1.278000000000000056e-03 -9.199929999999999497e-01 -3.919329999999999758e-01 -1.002000000000000069e-03
1.800000000000000000e+01 4.600000000000000000e+01 3.500000000000000000e+01 0.000000000000000000e+00 1.600000000000000089e+00 -8.189999999999999581e-04 3.229000000000000099e-03 -9.999940000000000495e-01 3.905049999999999910e-01 -9.205950000000000522e-01 -3.291999999999999788e-03 -9.205999999999999739e-01 -3.905060000000000198e-01 -5.060000000000000478e-04
2.600000000000000000e+01 4.600000000000000000e+01 3.500000000000000000e+01 0.000000000000000000e+00 1.600000000000000089e+00 -6.769999999999999759e-04 -2.371999999999999977e-03 -9.999970000000000248e-01 3.898059999999999858e-01 -9.208950000000000191e-01 1.920000000000000049e-03 -9.208969999999999656e-01 -3.898030000000000106e-01 1.547999999999999897e-03
4.000000000000000000e+00 9.500000000000000000e+01 3.600000000000000000e+01 0.000000000000000000e+00 1.600000000000000089e+00 8.845999999999999697e-03 2.175099999999999950e-02 9.997239999999999460e-01 9.967489999999999961e-01 7.987299999999999955e-02 -1.055700000000000041e-02 -8.007999999999999841e-02 9.965680000000000094e-01 -2.097399999999999959e-02
9.000000000000000000e+00 9.500000000000000000e+01 3.700000000000000000e+01 0.000000000000000000e+00 1.600000000000000089e+00 1.060700000000000011e-02 -4.399999999999999886e-05 9.999440000000000550e-01 9.947190000000000198e-01 1.020940000000000042e-01 -1.054700000000000082e-02 -1.020879999999999982e-01 9.947749999999999648e-01 1.126000000000000048e-03
3.000000000000000000e+00 2.900000000000000000e+01 4.400000000000000000e+01 0.000000000000000000e+00 1.600000000000000089e+00 -4.431000000000000043e-03 -3.924000000000000404e-03 -9.999820000000000375e-01 6.802479999999999638e-01 7.329579999999999984e-01 -5.890000000000000270e-03 7.329679999999999529e-01 -6.802620000000000333e-01 -5.789999999999999791e-04
1.000000000000000000e+01 2.900000000000000000e+01 4.400000000000000000e+01 0.000000000000000000e+00 1.600000000000000089e+00 -1.099999999999999971e-05 -1.405999999999999915e-03 -9.999989999999999712e-01 6.759739999999999638e-01 7.369250000000000522e-01 -1.043000000000000090e-03 7.369250000000000522e-01 -6.759730000000000461e-01 9.420000000000000205e-04
1.300000000000000000e+01 2.900000000000000000e+01 4.400000000000000000e+01 0.000000000000000000e+00 1.600000000000000089e+00 -2.699999999999999899e-05 1.905000000000000009e-03 -9.999980000000000535e-01 6.715400000000000258e-01 7.409670000000000423e-01 1.392999999999999924e-03 7.409679999999999600e-01 -6.715389999999999970e-01 -1.299000000000000024e-03
1.500000000000000000e+01 2.900000000000000000e+01 4.400000000000000000e+01 0.000000000000000000e+00 1.600000000000000089e+00 -6.669999999999999497e-04 3.030999999999999840e-03 -9.999949999999999672e-01 6.686389999999999834e-01 7.435850000000000515e-01 1.807999999999999928e-03 7.435869999999999980e-01 -6.686349999999999794e-01 -2.523000000000000069e-03
2.600000000000000000e+01 2.900000000000000000e+01 4.400000000000000000e+01 0.000000000000000000e+00 1.600000000000000089e+00 -5.199999999999999544e-04 -2.700000000000000035e-04 -1.000000000000000000e+00 6.664719999999999533e-01 7.455289999999999973e-01 -5.479999999999999845e-04 7.455300000000000260e-01 -6.664729999999999821e-01 -2.079999999999999872e-04
6.000000000000000000e+00 5.000000000000000000e+00 5.100000000000000000e+01 0.000000000000000000e+00 1.600000000000000089e+00 7.211999999999999661e-03 3.690000000000000246e-04 -9.999740000000000295e-01 4.824450000000000127e-01 -8.759200000000000319e-01 3.155999999999999951e-03 -8.758960000000000079e-01 -4.824550000000000227e-01 -6.496000000000000038e-03
1.400000000000000000e+01 5.000000000000000000e+00 5.100000000000000000e+01 0.000000000000000000e+00 1.600000000000000089e+00 -3.337000000000000122e-03 1.508999999999999925e-03 -9.999930000000000208e-01 4.840110000000000245e-01 -8.750569999999999737e-01 -2.935999999999999808e-03 -8.750550000000000272e-01 -4.840180000000000038e-01 2.190000000000000106e-03
1.900000000000000000e+01 5.000000000000000000e+00 5.100000000000000000e+01 0.000000000000000000e+00 1.600000000000000089e+00 -5.010000000000000347e-04 -2.090000000000000115e-04 -1.000000000000000000e+00 4.859919999999999796e-01 -8.739630000000000454e-01 -6.099999999999999872e-05 -8.739630000000000454e-01 -4.859919999999999796e-01 5.400000000000000069e-04
2.900000000000000000e+01 5.000000000000000000e+00 5.100000000000000000e+01 0.000000000000000000e+00 1.600000000000000089e+00 5.680000000000000370e-04 -1.032800000000000037e-02 -9.999470000000000303e-01 4.824140000000000095e-01 -8.758939999999999504e-01 9.320000000000000159e-03 -8.759430000000000271e-01 -4.823939999999999895e-01 4.485000000000000271e-03
2.200000000000000000e+01 6.000000000000000000e+00 5.100000000000000000e+01 0.000000000000000000e+00 1.600000000000000089e+00 5.630000000000000239e-04 -2.759999999999999867e-04 -1.000000000000000000e+00 3.198500000000000232e-01 -9.474679999999999769e-01 4.420000000000000101e-04 -9.474679999999999769e-01 -3.198500000000000232e-01 -4.449999999999999746e-04
1.300000000000000000e+01 1.150000000000000000e+02 5.100000000000000000e+01 0.000000000000000000e+00 1.600000000000000089e+00 -2.239999999999999966e-04 -6.551000000000000399e-03 9.999780000000000335e-01 8.454099999999999948e-01 -5.341080000000000272e-01 -3.310000000000000008e-03 5.341179999999999817e-01 8.453910000000000036e-01 5.657999999999999835e-03
2.400000000000000000e+01 1.600000000000000000e+01 5.200000000000000000e+01 0.000000000000000000e+00 1.600000000000000089e+00 -1.636599999999999860e-02 -1.588200000000000028e-02 -9.997399999999999620e-01 7.812189999999999968e-01 6.238449999999999829e-01 -2.269900000000000043e-02 6.240430000000000144e-01 -7.813870000000000537e-01 2.197999999999999867e-03
2.600000000000000000e+01 1.600000000000000000e+01 5.200000000000000000e+01 0.000000000000000000e+00 1.600000000000000089e+00 -1.539199999999999943e-02 -2.327999999999999861e-02 -9.996099999999999985e-01 7.891280000000000516e-01 6.136589999999999545e-01 -2.644200000000000023e-02 6.140360000000000262e-01 -7.892280000000000406e-01 8.925999999999999907e-03
7.000000000000000000e+00 6.300000000000000000e+01 5.400000000000000000e+01 0.000000000000000000e+00 1.600000000000000089e+00 1.637000000000000000e-03 4.189999999999999931e-04 9.999989999999999712e-01 -3.403930000000000011e-01 9.402829999999999799e-01 1.630000000000000047e-04 -9.402819999999999512e-01 -3.403919999999999724e-01 1.681999999999999901e-03
1.400000000000000000e+01 6.300000000000000000e+01 5.400000000000000000e+01 0.000000000000000000e+00 1.600000000000000089e+00 2.770000000000000110e-04 -1.720000000000000066e-04 1.000000000000000000e+00 -3.530249999999999777e-01 9.356139999999999457e-01 2.579999999999999828e-04 -9.356139999999999457e-01 -3.530249999999999777e-01 1.979999999999999881e-04
2.500000000000000000e+01 6.300000000000000000e+01 5.400000000000000000e+01 0.000000000000000000e+00 1.600000000000000089e+00 -4.360000000000000269e-04 -2.014999999999999864e-03 9.999980000000000535e-01 -3.487399999999999944e-01 9.372179999999999955e-01 1.737000000000000046e-03 -9.372190000000000243e-01 -3.487390000000000212e-01 -1.111000000000000008e-03
3.000000000000000000e+00 2.500000000000000000e+01 5.500000000000000000e+01 0.000000000000000000e+00 1.600000000000000089e+00 -1.569999999999999944e-04 -4.910000000000000085e-04 -1.000000000000000000e+00 -1.026499999999999982e-02 -9.999470000000000303e-01 4.929999999999999487e-04 -9.999470000000000303e-01 1.026499999999999982e-02 1.520000000000000084e-04
1.200000000000000000e+01 2.500000000000000000e+01 5.500000000000000000e+01 0.000000000000000000e+00 1.600000000000000089e+00 7.309999999999999875e-04 7.600000000000000418e-05 -1.000000000000000000e+00 -1.385400000000000000e-02 -9.999040000000000150e-01 -8.600000000000000331e-05 -9.999040000000000150e-01 1.385400000000000000e-02 -7.299999999999999632e-04
1.700000000000000000e+01 2.500000000000000000e+01 5.500000000000000000e+01 0.000000000000000000e+00 1.600000000000000089e+00 1.580000000000000024e-03 2.879000000000000049e-03 -9.999949999999999672e-01 -1.227600000000000045e-02 -9.999200000000000310e-01 -2.897999999999999968e-03 -9.999230000000000063e-01 1.227999999999999925e-02 -1.544000000000000017e-03
1.000000000000000000e+01 2.100000000000000000e+01 6.000000000000000000e+01 0.000000000000000000e+00 1.600000000000000089e+00 8.319999999999999488e-04 7.557999999999999614e-03 9.999710000000000543e-01 -9.639399999999999358e-02 9.953149999999999498e-01 -7.442999999999999963e-03 -9.953429999999999778e-01 -9.638499999999999845e-02 1.557000000000000007e-03
1.900000000000000000e+01 2.100000000000000000e+01 6.000000000000000000e+01 0.000000000000000000e+00 1.600000000000000089e+00 -8.459999999999999638e-04 -1.245999999999999929e-03 9.999989999999999712e-01 -9.782699999999999729e-02 9.952029999999999488e-01 1.157999999999999958e-03 -9.952029999999999488e-01 -9.782599999999999629e-02 -9.640000000000000131e-04
2.400000000000000000e+01 2.100000000000000000e+01 6.000000000000000000e+01 0.000000000000000000e+00 1.600000000000000089e+00 -2.928000000000000047e-03 -2.399000000000000091e-03 9.999930000000000208e-01 -9.671799999999999842e-02 9.953100000000000280e-01 2.105000000000000100e-03 -9.953079999999999705e-01 -9.671100000000000529e-02 -3.145999999999999925e-03
2.900000000000000000e+01 6.000000000000000000e+00 6.100000000000000000e+01 0.000000000000000000e+00 1.600000000000000089e+00 4.427999999999999645e-03 -1.151199999999999966e-02 9.999240000000000350e-01 5.698919999999999542e-01 -8.216320000000000290e-01 -1.198300000000000060e-02 8.217069999999999652e-01 5.699020000000000197e-01 2.922000000000000118e-03
1.700000000000000000e+01 3.000000000000000000e+00 6.300000000000000000e+01 0.000000000000000000e+00 1.600000000000000089e+00 -5.180000000000000143e-04 2.129999999999999949e-03 9.999980000000000535e-01 -6.157219999999999915e-01 7.879610000000000225e-01 -1.998000000000000210e-03 -7.879629999999999690e-01 -6.157219999999999915e-01 9.039999999999999642e-04
2.000000000000000000e+00 2.700000000000000000e+01 6.300000000000000000e+01 0.000000000000000000e+00 1.600000000000000089e+00 1.175000000000000046e-03 -4.284999999999999747e-03 9.999900000000000455e-01 -2.716729999999999978e-01 9.623789999999999845e-01 4.442999999999999901e-03 -9.623890000000000500e-01 -2.716749999999999998e-01 -3.300000000000000253e-05
6.000000000000000000e+00 2.700000000000000000e+01 6.300000000000000000e+01 0.000000000000000000e+00 1.600000000000000089e+00 -9.210000000000000521e-04 2.629999999999999959e-04 1.000000000000000000e+00 -2.742629999999999790e-01 9.616540000000000088e-01 -5.060000000000000478e-04 -9.616540000000000088e-01 -2.742640000000000078e-01 -8.140000000000000534e-04
1.400000000000000000e+01 2.700000000000000000e+01 6.300000000000000000e+01 0.000000000000000000e+00 1.600000000000000089e+00 5.609999999999999752e-04 -1.144000000000000052e-03 9.999989999999999712e-01 -2.713729999999999754e-01 9.624730000000000230e-01 1.253999999999999906e-03 -9.624740000000000517e-01 -2.713729999999999754e-01 2.300000000000000070e-04
1.900000000000000000e+01 2.700000000000000000e+01 6.300000000000000000e+01 0.000000000000000000e+00 1.600000000000000089e+00 -1.147999999999999932e-03 5.779999999999999548e-04 9.999989999999999712e-01 -2.700919999999999987e-01 9.628339999999999677e-01 -8.660000000000000163e-04 -9.628339999999999677e-01 -2.700930000000000275e-01 -9.489999999999999738e-04
2.400000000000000000e+01 2.700000000000000000e+01 6.300000000000000000e+01 0.000000000000000000e+00 1.600000000000000089e+00 -2.507999999999999813e-03 -4.292999999999999941e-03 9.999879999999999880e-01 -2.709170000000000189e-01 9.625960000000000072e-01 3.452999999999999906e-03 -9.625989999999999824e-01 -2.709050000000000069e-01 -3.576999999999999885e-03
2.800000000000000000e+01 2.700000000000000000e+01 6.300000000000000000e+01 0.000000000000000000e+00 1.600000000000000089e+00 -8.409999999999999507e-04 -3.034999999999999937e-03 9.999949999999999672e-01 -2.742939999999999823e-01 9.616419999999999968e-01 2.687999999999999851e-03 -9.616460000000000008e-01 -2.742899999999999783e-01 -1.641000000000000097e-03
5.000000000000000000e+00 2.600000000000000000e+01 6.400000000000000000e+01 0.000000000000000000e+00 1.600000000000000089e+00 -2.190000000000000106e-04 1.141000000000000087e-03 9.999989999999999712e-01 -3.599979999999999847e-01 9.329520000000000035e-01 -1.142999999999999919e-03 -9.329530000000000323e-01 -3.599979999999999847e-01 2.059999999999999928e-04
1.000000000000000000e+01 2.600000000000000000e+01 6.400000000000000000e+01 0.000000000000000000e+00 1.600000000000000089e+00 4.739999999999999747e-04 5.140000000000000254e-04 1.000000000000000000e+00 -3.593000000000000083e-01 9.332219999999999960e-01 -3.099999999999999999e-04 -9.332219999999999960e-01 -3.593000000000000083e-01 6.269999999999999532e-04
1.300000000000000000e+01 2.600000000000000000e+01 6.400000000000000000e+01 0.000000000000000000e+00 1.600000000000000089e+00 6.329999999999999906e-04 -1.508000000000000009e-03 9.999989999999999712e-01 -3.559519999999999906e-01 9.345029999999999726e-01 1.634000000000000036e-03 -9.345040000000000013e-01 -3.559530000000000194e-01 5.500000000000000196e-05
1.600000000000000000e+01 2.600000000000000000e+01 6.400000000000000000e+01 0.000000000000000000e+00 1.600000000000000089e+00 -6.999999999999999387e-05 -1.988999999999999883e-03 9.999980000000000535e-01 -3.549619999999999997e-01 9.348790000000000155e-01 1.833999999999999910e-03 -9.348809999999999620e-01 -3.549619999999999997e-01 -7.709999999999999840e-04
2.400000000000000000e+01 2.600000000000000000e+01 6.400000000000000000e+01 0.000000000000000000e+00 1.600000000000000089e+00 -1.940000000000000101e-03 -3.500000000000000073e-03 9.999919999999999920e-01 -3.549410000000000065e-01 9.348849999999999660e-01 2.582999999999999793e-03 -9.348870000000000235e-01 -3.549329999999999985e-01 -3.056000000000000123e-03
2.900000000000000000e+01 2.600000000000000000e+01 6.400000000000000000e+01 0.000000000000000000e+00 1.600000000000000089e+00 1.599999999999999928e-05 -2.530000000000000131e-03 9.999970000000000248e-01 -3.586810000000000276e-01 9.334569999999999812e-01 2.367000000000000180e-03 -9.334599999999999564e-01 -3.586799999999999988e-01 -8.919999999999999978e-04
9.000000000000000000e+00 6.900000000000000000e+01 6.600000000000000000e+01 0.000000000000000000e+00 1.600000000000000089e+00 -8.850000000000000444e-04 2.331000000000000173e-03 9.999970000000000248e-01 -9.517529999999999601e-01 3.068620000000000236e-01 -1.557000000000000007e-03 -3.068649999999999989e-01 -9.517510000000000137e-01 1.946999999999999946e-03
1.800000000000000000e+01 6.900000000000000000e+01 6.600000000000000000e+01 0.000000000000000000e+00 1.600000000000000089e+00 -1.193000000000000050e-03 3.699999999999999947e-04 9.999989999999999712e-01 -9.512960000000000305e-01 3.082750000000000212e-01 -1.248999999999999893e-03 -3.082750000000000212e-01 -9.512969999999999482e-01 -1.599999999999999928e-05
9.000000000000000000e+00 2.500000000000000000e+01 7.300000000000000000e+01 0.000000000000000000e+00 1.600000000000000089e+00 -3.220000000000000206e-03 -7.211999999999999661e-03 9.999689999999999968e-01 7.380219999999999558e-01 -6.747720000000000384e-01 -2.490000000000000026e-03 6.747689999999999522e-01 7.379909999999999526e-01 7.494999999999999926e-03
1.500000000000000000e+01 2.500000000000000000e+01 7.300000000000000000e+01 0.000000000000000000e+00 1.600000000000000089e+00 -1.876000000000000063e-03 -4.403999999999999929e-03 9.999890000000000168e-01 7.349670000000000369e-01 -6.781009999999999538e-01 -1.606999999999999922e-03 6.781009999999999538e-01 7.349550000000000249e-01 4.508999999999999987e-03
2.300000000000000000e+01 2.500000000000000000e+01 7.300000000000000000e+01 0.000000000000000000e+00 1.600000000000000089e+00 -1.297999999999999892e-03 3.851999999999999955e-03 9.999919999999999920e-01 7.426880000000000148e-01 -6.696280000000000010e-01 3.543000000000000142e-03 6.696360000000000090e-01 7.426869999999999861e-01 -1.991999999999999847e-03
2.800000000000000000e+01 2.500000000000000000e+01 7.300000000000000000e+01 0.000000000000000000e+00 1.600000000000000089e+00 -2.190000000000000106e-04 4.673000000000000070e-03 9.999890000000000168e-01 7.457759999999999945e-01 -6.661890000000000311e-01 3.275999999999999832e-03 6.661970000000000391e-01 7.457679999999999865e-01 -3.338999999999999954e-03
4.000000000000000000e+00 4.400000000000000000e+01 7.300000000000000000e+01 0.000000000000000000e+00 1.600000000000000089e+00 1.276000000000000007e-03 2.173000000000000018e-03 9.999970000000000248e-01 5.516100000000000170e-02 -9.984750000000000014e-01 2.099999999999999870e-03 9.984769999999999479e-01 5.515799999999999870e-02 -1.394000000000000057e-03
9.000000000000000000e+00 4.400000000000000000e+01 7.300000000000000000e+01 0.000000000000000000e+00 1.600000000000000089e+00 -4.710000000000000102e-04 2.165999999999999957e-03 9.999970000000000248e-01 5.349799999999999695e-02 -9.985659999999999537e-01 2.187999999999999841e-03 9.985680000000000112e-01 5.349899999999999795e-02 3.539999999999999853e-04
