1.400000000000000000e+01 1.600000000000000000e+01 4.000000000000000000e+00 0.000000000000000000e+00 1.600000000000000089e+00 -2.491000000000000159e-03 1.428000000000000016e-03 9.999959999999999960e-01 4.564719999999999889e-01 -8.897340000000000249e-01 2.407999999999999984e-03 8.897340000000000249e-01 4.564759999999999929e-01 1.564999999999999985e-03
7.000000000000000000e+00 1.010000000000000000e+02 7.000000000000000000e+00 0.000000000000000000e+00 1.600000000000000089e+00 -2.999999999999999737e-04 -3.700000000000000164e-03 9.999930000000000208e-01 8.856289999999999996e-01 4.643889999999999962e-01 1.984000000000000086e-03 -4.643939999999999735e-01 8.856230000000000491e-01 3.137000000000000031e-03
1.200000000000000000e+01 1.010000000000000000e+02 7.000000000000000000e+00 0.000000000000000000e+00 1.600000000000000089e+00 -1.191999999999999917e-03 -7.145999999999999575e-03 9.999740000000000295e-01 8.858340000000000103e-01 4.639820000000000055e-01 4.372000000000000018e-03 -4.640009999999999968e-01 8.858160000000000478e-01 5.777000000000000017e-03
1.600000000000000000e+01 2.500000000000000000e+01 8.000000000000000000e+00 0.000000000000000000e+00 1.600000000000000089e+00 1.977000000000000025e-03 2.419000000000000143e-03 -9.999949999999999672e-01 4.467969999999999997e-01 8.946300000000000363e-01 3.047999999999999928e-03 8.946330000000000116e-01 -4.468010000000000037e-01 6.880000000000000265e-04
2.000000000000000000e+01 2.500000000000000000e+01 8.000000000000000000e+00 0.000000000000000000e+00 1.600000000000000089e+00 2.750999999999999973e-03 8.259000000000000716e-03 -9.999620000000000175e-01 4.451209999999999889e-01 8.954290000000000305e-01 8.619999999999999191e-03 8.954659999999999842e-01 -4.451280000000000237e-01 -1.213000000000000102e-03
2.500000000000000000e+01 2.500000000000000000e+01 8.000000000000000000e+00 0.000000000000000000e+00 1.600000000000000089e+00 2.699999999999999899e-05 5.659999999999999884e-04 -1.000000000000000000e+00 4.437999999999999723e-01 8.961259999999999781e-01 5.190000000000000386e-04 8.961259999999999781e-01 -4.437999999999999723e-01 -2.269999999999999882e-04
2.900000000000000000e+01 2.500000000000000000e+01 8.000000000000000000e+00 0.000000000000000000e+00 1.600000000000000089e+00 -1.289999999999999914e-03 -3.392000000000000050e-03 -9.999930000000000208e-01 4.449049999999999949e-01 8.955699999999999772e-01 -3.612000000000000193e-03 8.955769999999999564e-01 -4.449069999999999969e-01 3.539999999999999853e-04
2.100000000000000000e+01 9.000000000000000000e+00 9.000000000000000000e+00 0.000000000000000000e+00 1.600000000000000089e+00 3.989000000000000358e-03 -7.853999999999999870e-03 -9.999609999999999888e-01 -9.447510000000000074e-01 -3.277880000000000238e-01 -1.193999999999999966e-03 -3.277660000000000018e-01 9.447189999999999754e-01 -8.727999999999999647e-03
2.800000000000000000e+01 9.000000000000000000e+00 9.000000000000000000e+00 0.000000000000000000e+00 1.600000000000000089e+00 -1.707399999999999890e-02 -2.077899999999999886e-02 -9.996380000000000265e-01 -9.442009999999999570e-01 -3.285690000000000000e-01 2.295700000000000171e-02 -3.289270000000000249e-01 9.442509999999999515e-01 -1.400999999999999988e-02
8.000000000000000000e+00 2.400000000000000000e+01 9.000000000000000000e+00 0.000000000000000000e+00 1.600000000000000089e+00 -1.186999999999999904e-03 -3.710999999999999889e-03 -9.999919999999999920e-01 4.545699999999999741e-01 8.907030000000000225e-01 -3.844999999999999894e-03 8.907100000000000017e-01 -4.545710000000000028e-01 6.300000000000000261e-04
1.200000000000000000e+01 2.400000000000000000e+01 9.000000000000000000e+00 0.000000000000000000e+00 1.600000000000000089e+00 -8.009999999999999542e-04 -3.833000000000000036e-03 -9.999919999999999920e-01 4.544210000000000194e-01 8.907789999999999875e-01 -3.778000000000000108e-03 8.907869999999999955e-01 -4.544199999999999906e-01 1.028999999999999967e-03
2.000000000000000000e+01 2.400000000000000000e+01 9.000000000000000000e+00 0.000000000000000000e+00 1.600000000000000089e+00 2.805999999999999901e-03 8.614000000000000129e-03 -9.999590000000000423e-01 4.527180000000000093e-01 8.916089999999999849e-01 8.951000000000000623e-03 8.916490000000000249e-01 -4.527240000000000153e-01 -1.397999999999999937e-03
2.300000000000000000e+01 2.400000000000000000e+01 9.000000000000000000e+00 0.000000000000000000e+00 1.600000000000000089e+00 1.224000000000000045e-03 1.846999999999999901e-03 -9.999980000000000535e-01 4.515370000000000217e-01 8.922499999999999876e-01 2.200999999999999832e-03 8.922520000000000451e-01 -4.515390000000000237e-01 2.579999999999999828e-04
2.900000000000000000e+01 2.400000000000000000e+01 9.000000000000000000e+00 0.000000000000000000e+00 1.600000000000000089e+00 -1.103000000000000031e-03 -3.720000000000000216e-03 -9.999919999999999920e-01 4.524960000000000093e-01 8.917580000000000506e-01 -3.817000000000000080e-03 8.917659999999999476e-01 -4.524969999999999826e-01 6.999999999999999929e-04
4.000000000000000000e+00 3.500000000000000000e+01 1.200000000000000000e+01 0.000000000000000000e+00 1.600000000000000089e+00 -2.339999999999999958e-04 -4.381000000000000345e-03 -9.999900000000000455e-01 4.482809999999999850e-01 -8.938850000000000406e-01 3.811000000000000151e-03 -8.938930000000000486e-01 -4.482760000000000078e-01 2.171999999999999886e-03
1.200000000000000000e+01 3.500000000000000000e+01 1.200000000000000000e+01 0.000000000000000000e+00 1.600000000000000089e+00 8.509999999999999769e-04 -1.503999999999999912e-03 -9.999989999999999712e-01 4.424409999999999732e-01 -8.967960000000000376e-01 1.724999999999999971e-03 -8.967969999999999553e-01 -4.424420000000000019e-01 -9.699999999999999963e-05
1.600000000000000000e+01 3.500000000000000000e+01 1.200000000000000000e+01 0.000000000000000000e+00 1.600000000000000089e+00 -9.979999999999999722e-04 3.880999999999999901e-03 -9.999919999999999920e-01 4.399710000000000010e-01 -8.980040000000000244e-01 -3.924000000000000404e-03 -8.980120000000000324e-01 -4.399710000000000010e-01 -8.109999999999999805e-04
2.300000000000000000e+01 3.500000000000000000e+01 1.200000000000000000e+01 0.000000000000000000e+00 1.600000000000000089e+00 1.547999999999999897e-03 7.579999999999999932e-04 -9.999989999999999712e-01 4.600870000000000237e-01 -8.878740000000000521e-01 3.899999999999999929e-05 -8.878719999999999946e-01 -4.600870000000000237e-01 -1.724000000000000055e-03
2.600000000000000000e+01 3.500000000000000000e+01 1.200000000000000000e+01 0.000000000000000000e+00 1.600000000000000089e+00 1.072000000000000036e-03 -3.902000000000000086e-03 -9.999919999999999920e-01 4.641669999999999963e-01 -8.857390000000000541e-01 3.954000000000000049e-03 -8.857469999999999510e-01 -4.641680000000000250e-01 8.610000000000000032e-04
2.900000000000000000e+01 3.500000000000000000e+01 1.200000000000000000e+01 0.000000000000000000e+00 1.600000000000000089e+00 1.572999999999999962e-03 -2.756000000000000203e-03 -9.999949999999999672e-01 4.696649999999999991e-01 -8.828390000000000404e-01 3.171999999999999906e-03 -8.828430000000000444e-01 -4.696670000000000011e-01 -9.399999999999999448e-05
1.000000000000000000e+01 3.200000000000000000e+01 1.400000000000000000e+01 0.000000000000000000e+00 1.600000000000000089e+00 -9.409999999999999962e-04 1.126000000000000048e-03 -9.999989999999999712e-01 1.071560000000000012e-01 9.942419999999999591e-01 1.018999999999999941e-03 9.942419999999999591e-01 -1.071550000000000002e-01 -1.056999999999999997e-03
1.500000000000000000e+01 3.200000000000000000e+01 1.400000000000000000e+01 0.000000000000000000e+00 1.600000000000000089e+00 2.579999999999999828e-04 -3.616999999999999989e-03 -9.999930000000000208e-01 1.063759999999999983e-01 9.943199999999999816e-01 -3.569000000000000124e-03 9.943260000000000431e-01 -1.063739999999999963e-01 6.409999999999999682e-04
2.800000000000000000e+01 3.200000000000000000e+01 1.400000000000000000e+01 0.000000000000000000e+00 1.600000000000000089e+00 9.899999999999999404e-05 1.570999999999999914e-03 -9.999989999999999712e-01 1.026379999999999931e-01 9.947179999999999911e-01 1.572999999999999962e-03 9.947190000000000198e-01 -1.026379999999999931e-01 -6.299999999999999990e-05
7.000000000000000000e+00 1.160000000000000000e+02 1.600000000000000000e+01 0.000000000000000000e+00 1.600000000000000089e+00 1.784999999999999911e-03 2.356000000000000021e-03 9.999959999999999960e-01 7.524389999999999690e-01 6.586560000000000192e-01 -2.895000000000000004e-03 -6.586600000000000232e-01 7.524410000000000265e-01 -5.969999999999999829e-04
2.400000000000000000e+01 1.160000000000000000e+02 1.600000000000000000e+01 0.000000000000000000e+00 1.600000000000000089e+00 6.819999999999999890e-04 1.165000000000000020e-03 9.999989999999999712e-01 7.048069999999999613e-01 7.093979999999999730e-01 -1.307000000000000002e-03 -7.093990000000000018e-01 7.048069999999999613e-01 -3.370000000000000057e-04
5.000000000000000000e+00 2.000000000000000000e+00 1.900000000000000000e+01 0.000000000000000000e+00 1.600000000000000089e+00 -3.477000000000000056e-03 1.562500000000000000e-02 -9.998719999999999830e-01 3.264259999999999939e-01 -9.450889999999999569e-01 -1.590400000000000147e-02 -9.452159999999999451e-01 -3.264389999999999792e-01 -1.814999999999999990e-03
1.200000000000000000e+01 2.000000000000000000e+00 1.900000000000000000e+01 0.000000000000000000e+00 1.600000000000000089e+00 -8.040000000000000271e-04 1.941400000000000070e-02 -9.998110000000000053e-01 3.284500000000000197e-01 -9.443380000000000107e-01 -1.860099999999999948e-02 -9.445210000000000550e-01 -3.284030000000000005e-01 -5.617999999999999730e-03
1.800000000000000000e+01 2.000000000000000000e+00 1.900000000000000000e+01 0.000000000000000000e+00 1.600000000000000089e+00 4.300000000000000165e-05 4.111000000000000071e-03 -9.999919999999999920e-01 3.264870000000000272e-01 -9.451939999999999786e-01 -3.872000000000000008e-03 -9.452019999999999866e-01 -3.264839999999999964e-01 -1.382999999999999898e-03
2.400000000000000000e+01 2.000000000000000000e+00 1.900000000000000000e+01 0.000000000000000000e+00 1.600000000000000089e+00 9.740000000000000394e-04 5.958999999999999887e-03 -9.999820000000000375e-01 3.265910000000000202e-01 -9.451509999999999634e-01 -5.314000000000000147e-03 -9.451650000000000329e-01 -3.265799999999999814e-01 -2.867000000000000191e-03
2.900000000000000000e+01 2.000000000000000000e+00 1.900000000000000000e+01 0.000000000000000000e+00 1.600000000000000089e+00 -2.779999999999999811e-04 -6.721999999999999677e-03 -9.999770000000000048e-01 3.286839999999999762e-01 -9.444190000000000085e-01 6.257000000000000409e-03 -9.444399999999999462e-01 -3.286749999999999949e-01 2.471999999999999805e-03
1.100000000000000000e+01 3.000000000000000000e+00 1.900000000000000000e+01 0.000000000000000000e+00 1.600000000000000089e+00 -1.345999999999999974e-03 1.847800000000000137e-02 -9.998280000000000500e-01 3.000249999999999861e-01 -9.537609999999999699e-01 -1.803099999999999842e-02 -9.539309999999999734e-01 -2.999970000000000137e-01 -4.259999999999999898e-03
3.000000000000000000e+00 1.300000000000000000e+01 2.000000000000000000e+01 0.000000000000000000e+00 1.600000000000000089e+00 -6.600000000000000506e-05 6.719999999999999628e-04 1.000000000000000000e+00 2.603900000000000103e-01 9.655030000000000001e-01 -6.319999999999999663e-04 -9.655030000000000001e-01 2.603900000000000103e-01 -2.390000000000000089e-04
6.000000000000000000e+00 1.300000000000000000e+01 2.000000000000000000e+01 0.000000000000000000e+00 1.600000000000000089e+00 -6.409999999999999682e-04 -3.193999999999999791e-03 9.999949999999999672e-01 2.603750000000000231e-01 9.655019999999999714e-01 3.250999999999999984e-03 -9.655070000000000041e-01 2.603759999999999963e-01 2.130000000000000003e-04
1.100000000000000000e+01 1.300000000000000000e+01 2.000000000000000000e+01 0.000000000000000000e+00 1.600000000000000089e+00 -1.311000000000000099e-03 -6.669999999999999497e-04 9.999989999999999712e-01 2.622849999999999904e-01 9.649900000000000144e-01 9.870000000000000301e-04 -9.649900000000000144e-01 2.622860000000000191e-01 -1.090999999999999956e-03
1.800000000000000000e+01 1.300000000000000000e+01 2.000000000000000000e+01 0.000000000000000000e+00 1.600000000000000089e+00 5.800000000000000034e-04 2.570000000000000127e-04 1.000000000000000000e+00 2.627519999999999856e-01 9.648630000000000262e-01 -4.000000000000000192e-04 -9.648630000000000262e-01 2.627519999999999856e-01 4.920000000000000328e-04
2.300000000000000000e+01 1.300000000000000000e+01 2.000000000000000000e+01 0.000000000000000000e+00 1.600000000000000089e+00 1.631000000000000071e-03 -2.660000000000000146e-04 9.999989999999999712e-01 2.626390000000000113e-01 9.648940000000000294e-01 -1.720000000000000066e-04 -9.648930000000000007e-01 2.626390000000000113e-01 1.644000000000000062e-03
2.800000000000000000e+01 1.300000000000000000e+01 2.000000000000000000e+01 0.000000000000000000e+00 1.600000000000000089e+00 7.799999999999999859e-05 -1.788000000000000093e-03 9.999980000000000535e-01 2.638940000000000174e-01 9.645500000000000185e-01 1.704000000000000003e-03 -9.645519999999999650e-01 2.638940000000000174e-01 5.469999999999999602e-04
9.000000000000000000e+00 5.000000000000000000e+01 2.200000000000000000e+01 0.000000000000000000e+00 1.600000000000000089e+00 -7.100000000000000462e-05 1.835000000000000043e-03 -9.999980000000000535e-01 -5.622920000000000140e-01 8.269370000000000331e-01 1.557000000000000007e-03 8.269389999999999796e-01 5.622909999999999853e-01 9.730000000000000151e-04
1.800000000000000000e+01 5.000000000000000000e+01 2.200000000000000000e+01 0.000000000000000000e+00 1.600000000000000089e+00 -2.203999999999999796e-03 2.750000000000000166e-04 -9.999970000000000248e-01 -5.650269999999999460e-01 8.250709999999999988e-01 1.472000000000000001e-03 8.250690000000000524e-01 5.650290000000000035e-01 -1.662999999999999982e-03
2.400000000000000000e+01 5.000000000000000000e+01 2.200000000000000000e+01 0.000000000000000000e+00 1.600000000000000089e+00 9.430000000000000448e-04 3.805999999999999921e-03 -9.999919999999999920e-01 -5.635229999999999961e-01 8.260960000000000525e-01 2.612999999999999871e-03 8.260999999999999455e-01 5.635160000000000169e-01 2.923999999999999950e-03
6.000000000000000000e+00 3.000000000000000000e+00 2.500000000000000000e+01 0.000000000000000000e+00 1.600000000000000089e+00 -4.970999999999999724e-03 1.425900000000000084e-02 9.998860000000000525e-01 -1.397699999999999984e-02 -9.998019999999999685e-01 1.418799999999999922e-02 9.998899999999999455e-01 -1.390500000000000069e-02 5.170000000000000116e-03
1.200000000000000000e+01 3.000000000000000000e+00 2.500000000000000000e+01 0.000000000000000000e+00 1.600000000000000089e+00 -3.340999999999999786e-03 8.887000000000000802e-03 9.999550000000000383e-01 -3.465000000000000198e-03 -9.999550000000000383e-01 8.874999999999999209e-03 9.999879999999999880e-01 -3.435000000000000119e-03 3.371999999999999997e-03
1.600000000000000000e+01 3.000000000000000000e+00 2.500000000000000000e+01 0.000000000000000000e+00 1.600000000000000089e+00 -6.620000000000000450e-04 -4.749999999999999990e-04 1.000000000000000000e+00 -1.466999999999999988e-03 -9.999989999999999712e-01 -4.760000000000000234e-04 9.999989999999999712e-01 -1.466999999999999988e-03 6.620000000000000450e-04
2.100000000000000000e+01 3.000000000000000000e+00 2.500000000000000000e+01 0.000000000000000000e+00 1.600000000000000089e+00 -4.104000000000000009e-03 5.780000000000000415e-03 9.999749999999999472e-01 8.189999999999999581e-04 -9.999829999999999552e-01 5.782999999999999946e-03 9.999909999999999632e-01 8.429999999999999993e-04 4.099000000000000213e-03
2.500000000000000000e+01 3.000000000000000000e+00 2.500000000000000000e+01 0.000000000000000000e+00 1.600000000000000089e+00 -3.976000000000000367e-03 8.090000000000000403e-04 9.999919999999999920e-01 8.533000000000000654e-03 -9.999630000000000463e-01 8.429999999999999993e-04 9.999559999999999560e-01 8.536000000000000185e-03 3.969000000000000306e-03
3.000000000000000000e+00 4.600000000000000000e+01 3.000000000000000000e+01 0.000000000000000000e+00 1.600000000000000089e+00 -3.052000000000000025e-03 -2.844999999999999873e-03 -9.999909999999999632e-01 3.308690000000000242e-01 9.436700000000000088e-01 -3.694999999999999934e-03 9.436719999999999553e-01 -3.308769999999999767e-01 -1.938999999999999968e-03
1.000000000000000000e+01 4.600000000000000000e+01 3.000000000000000000e+01 0.000000000000000000e+00 1.600000000000000089e+00 1.099999999999999971e-05 -1.110000000000000011e-04 -1.000000000000000000e+00 3.352350000000000052e-01 9.421349999999999447e-01 -1.010000000000000020e-04 9.421349999999999447e-01 -3.352350000000000052e-01 4.699999999999999724e-05
2.000000000000000000e+00 5.800000000000000000e+01 3.100000000000000000e+01 0.000000000000000000e+00 1.600000000000000089e+00 8.238999999999999796e-03 9.447000000000000536e-03 9.999209999999999487e-01 -7.590010000000000367e-01 -6.509719999999999951e-01 1.240400000000000010e-02 6.510380000000000056e-01 -7.590430000000000232e-01 1.807000000000000012e-03
1.000000000000000000e+01 5.800000000000000000e+01 3.100000000000000000e+01 0.000000000000000000e+00 1.600000000000000089e+00 3.667000000000000121e-03 5.171000000000000249e-03 9.999799999999999800e-01 -7.571759999999999602e-01 -6.531820000000000404e-01 6.153999999999999748e-03 6.532010000000000316e-01 -7.571830000000000505e-01 1.520000000000000084e-03
2.100000000000000000e+01 5.800000000000000000e+01 3.100000000000000000e+01 0.000000000000000000e+00 1.600000000000000089e+00 -1.021999999999999905e-03 2.853000000000000067e-03 9.999949999999999672e-01 -7.533769999999999634e-01 -6.575870000000000326e-01 1.105999999999999995e-03 6.575870000000000326e-01 -7.533729999999999594e-01 2.821000000000000157e-03
2.000000000000000000e+01 2.300000000000000000e+01 3.400000000000000000e+01 0.000000000000000000e+00 1.600000000000000089e+00 6.300000000000000261e-04 -2.288999999999999802e-03 9.999970000000000248e-01 3.965810000000000168e-01 -9.179969999999999519e-01 -2.350999999999999791e-03 9.180000000000000382e-01 3.965810000000000168e-01 3.289999999999999739e-04
4.000000000000000000e+00 4.600000000000000000e+01 3.500000000000000000e+01 0.000000000000000000e+00 1.600000000000000089e+00 3.069999999999999812e-04 2.005999999999999971e-03 -9.999980000000000535e-01 3.931259999999999755e-01 -9.194830000000000503e-01 -1.724000000000000055e-03 -9.194849999999999968e-01 -3.931250000000000022e-01 -1.070999999999999903e-03
8.000000000000000000e+00 4.600000000000000000e+01 3.500000000000000000e+01 0.000000000000000000e+00 1.600000000000000089e+00 5.559999999999999621e-04 -1.577000000000000060e-03 -9.999989999999999712e-01 3.926200000000000245e-01 -9.196990000000000443e-01 1.667999999999999995e-03 -9.197009999999999907e-01 -3.926200000000000245e-01 1.069999999999999988e-04
1.100000000000000000e+01 4.600000000000000000e+01 3.500000000000000000e+01 0.000000000000000000e+00 1.600000000000000089e+00 -1.520000000000000084e-04 -2.429999999999999868e-03 -9.999970000000000248e-01 3.926560000000000050e-01 -9.196830000000000283e-01 2.174999999999999850e-03 -9.196849999999999747e-01 -3.926540000000000030e-01 1.093999999999999920e-03
1.900000000000000000e+01 4.600000000000000000e+01 3.500000000000000000e+01 0.000000000000000000e+00 1.600000000000000089e+00 6.120000000000000223e-04 1.482000000000000027e-03 -9.999989999999999712e-01 3.912470000000000114e-01 -9.202850000000000197e-01 -1.124999999999999915e-03 -9.202860000000000484e-01 -3.912450000000000094e-01 -1.142999999999999919e-03
2.300000000000000000e+01 4.600000000000000000e+01 3.500000000000000000e+01 0.000000000000000000e+00 1.600000000000000089e+00 1.039999999999999909e-03 8.130000000000000291e-04 -9.999989999999999712e-01 3.898510000000000031e-01 -9.208779999999999744e-01 -3.429999999999999889e-04 -9.208779999999999744e-01 -3.898499999999999743e-01 -1.273999999999999959e-03
2.600000000000000000e+01 4.600000000000000000e+01 3.500000000000000000e+01 0.000000000000000000e+00 1.600000000000000089e+00 -2.320000000000000014e-04 9.730000000000000151e-04 -1.000000000000000000e+00 3.892709999999999781e-01 -9.211230000000000251e-01 -9.859999999999998974e-04 -9.211230000000000251e-01 -3.892709999999999781e-01 -1.649999999999999991e-04
2.900000000000000000e+01 4.600000000000000000e+01 3.500000000000000000e+01 0.000000000000000000e+00 1.600000000000000089e+00 -1.322999999999999957e-03 -5.299999999999999807e-04 -9.999989999999999712e-01 3.891419999999999879e-01 -9.211780000000000523e-01 -2.699999999999999899e-05 -9.211770000000000236e-01 -3.891419999999999879e-01 1.425000000000000051e-03
1.000000000000000000e+00 3.000000000000000000e+00 4.300000000000000000e+01 0.000000000000000000e+00 1.600000000000000089e+00 -5.941000000000000100e-03 -1.745999999999999939e-03 -9.999810000000000088e-01 7.399240000000000261e-01 -6.726820000000000022e-01 -3.222000000000000038e-03 -6.726640000000000397e-01 -7.399289999999999479e-01 5.288000000000000166e-03
1.100000000000000000e+01 3.000000000000000000e+00 4.300000000000000000e+01 0.000000000000000000e+00 1.600000000000000089e+00 -6.000000000000000152e-06 -1.037100000000000001e-02 -9.999460000000000015e-01 7.439299999999999802e-01 -6.682219999999999827e-01 6.925999999999999865e-03 -6.682580000000000187e-01 -7.438900000000000512e-01 7.719000000000000167e-03
1.700000000000000000e+01 3.000000000000000000e+00 4.300000000000000000e+01 0.000000000000000000e+00 1.600000000000000089e+00 -4.124000000000000062e-03 -1.051599999999999931e-02 -9.999360000000000470e-01 7.402710000000000123e-01 -6.722960000000000047e-01 4.016999999999999738e-03 -6.722949999999999759e-01 -7.402079999999999771e-01 1.055700000000000041e-02
2.600000000000000000e+01 3.000000000000000000e+00 4.300000000000000000e+01 0.000000000000000000e+00 1.600000000000000089e+00 6.480000000000000300e-04 2.455999999999999850e-03 -9.999970000000000248e-01 7.355420000000000291e-01 -6.774780000000000246e-01 -1.188000000000000037e-03 -6.774790000000000534e-01 -7.355390000000000539e-01 -2.245000000000000034e-03
1.300000000000000000e+01 8.000000000000000000e+00 4.400000000000000000e+01 0.000000000000000000e+00 1.600000000000000089e+00 -1.820000000000000057e-04 -2.732000000000000053e-03 9.999959999999999960e-01 -7.833440000000000403e-01 -6.215859999999999719e-01 -1.840999999999999972e-03 6.215889999999999471e-01 -7.833409999999999540e-01 -2.027000000000000156e-03
2.000000000000000000e+00 2.900000000000000000e+01 4.400000000000000000e+01 0.000000000000000000e+00 1.600000000000000089e+00 -5.869999999999999567e-04 9.250000000000000409e-04 -9.999989999999999712e-01 6.576969999999999761e-01 7.532830000000000359e-01 3.099999999999999999e-04 7.532830000000000359e-01 -6.576959999999999473e-01 -1.051000000000000068e-03
8.000000000000000000e+00 2.900000000000000000e+01 4.400000000000000000e+01 0.000000000000000000e+00 1.600000000000000089e+00 1.169999999999999979e-04 -1.320999999999999909e-03 -9.999989999999999712e-01 6.583790000000000475e-01 7.526859999999999662e-01 -9.169999999999999549e-04 7.526869999999999949e-01 -6.583780000000000188e-01 9.579999999999999757e-04
1.200000000000000000e+01 2.900000000000000000e+01 4.400000000000000000e+01 0.000000000000000000e+00 1.600000000000000089e+00 7.079999999999999705e-04 -2.550000000000000183e-04 -1.000000000000000000e+00 6.598389999999999533e-01 7.514070000000000471e-01 2.750000000000000166e-04 7.514060000000000183e-01 -6.598399999999999821e-01 6.999999999999999929e-04
1.700000000000000000e+01 2.900000000000000000e+01 4.400000000000000000e+01 0.000000000000000000e+00 1.600000000000000089e+00 2.990000000000000036e-04 3.152999999999999987e-03 -9.999949999999999672e-01 6.559789999999999788e-01 7.547749999999999737e-01 2.576000000000000165e-03 7.547789999999999777e-01 -6.559760000000000035e-01 -1.842000000000000104e-03
2.100000000000000000e+01 2.900000000000000000e+01 4.400000000000000000e+01 0.000000000000000000e+00 1.600000000000000089e+00 6.800000000000000488e-04 1.761999999999999894e-03 -9.999980000000000535e-01 6.567619999999999569e-01 7.540959999999999885e-01 1.776000000000000018e-03 7.540980000000000461e-01 -6.567619999999999569e-01 -6.449999999999999570e-04
2.500000000000000000e+01 2.900000000000000000e+01 4.400000000000000000e+01 0.000000000000000000e+00 1.600000000000000089e+00 5.700000000000000314e-05 1.175000000000000046e-03 -9.999989999999999712e-01 6.592019999999999547e-01 7.519649999999999945e-01 9.210000000000000521e-04 7.519660000000000233e-01 -6.592019999999999547e-01 -7.320000000000000118e-04
2.900000000000000000e+01 2.900000000000000000e+01 4.400000000000000000e+01 0.000000000000000000e+00 1.600000000000000089e+00 -2.314999999999999784e-03 -2.305000000000000191e-03 -9.999949999999999672e-01 6.603560000000000541e-01 7.509460000000000024e-01 -3.259999999999999877e-03 7.509489999999999776e-01 -6.603599999999999470e-01 -2.159999999999999919e-04
2.000000000000000000e+00 6.500000000000000000e+01 4.600000000000000000e+01 0.000000000000000000e+00 1.600000000000000089e+00 1.497999999999999983e-03 -2.727999999999999956e-03 9.999949999999999672e-01 6.772299999999999986e-01 -7.357660000000000311e-01 -3.020999999999999814e-03 7.357700000000000351e-01 6.772310000000000274e-01 7.450000000000000025e-04
1.500000000000000000e+01 7.400000000000000000e+01 4.900000000000000000e+01 0.000000000000000000e+00 1.600000000000000089e+00 1.711000000000000064e-03 -5.334000000000000200e-03 9.999839999999999840e-01 -9.820520000000000360e-01 1.885920000000000096e-01 2.686000000000000019e-03 -1.886029999999999929e-01 -9.820410000000000528e-01 -4.915000000000000098e-03
4.000000000000000000e+00 5.000000000000000000e+00 5.100000000000000000e+01 0.000000000000000000e+00 1.600000000000000089e+00 -1.379000000000000017e-03 -5.349999999999999938e-04 -9.999989999999999712e-01 4.951800000000000090e-01 -8.687909999999999799e-01 -2.180000000000000134e-04 -8.687890000000000335e-01 -4.951800000000000090e-01 1.464000000000000024e-03
7.000000000000000000e+00 5.000000000000000000e+00 5.100000000000000000e+01 0.000000000000000000e+00 1.600000000000000089e+00 -3.075000000000000042e-03 1.890000000000000133e-04 -9.999949999999999672e-01 4.943540000000000156e-01 -8.692590000000000039e-01 -1.685000000000000083e-03 -8.692549999999999999e-01 -4.943569999999999909e-01 2.579999999999999828e-03
1.200000000000000000e+01 5.000000000000000000e+00 5.100000000000000000e+01 0.000000000000000000e+00 1.600000000000000089e+00 -3.930000000000000117e-04 -2.256000000000000193e-03 -9.999970000000000248e-01 4.901590000000000114e-01 -8.716319999999999624e-01 1.773999999999999969e-03 -8.716329999999999911e-01 -4.901570000000000094e-01 1.448000000000000068e-03
2.000000000000000000e+01 7.000000000000000000e+00 5.200000000000000000e+01 0.000000000000000000e+00 1.600000000000000089e+00 -3.403000000000000209e-03 2.237999999999999972e-03 -9.999919999999999920e-01 1.169110000000000010e-01 -9.931389999999999940e-01 -2.621000000000000066e-03 -9.931370000000000475e-01 -1.169189999999999952e-01 3.118000000000000112e-03
7.000000000000000000e+00 6.300000000000000000e+01 5.400000000000000000e+01 0.000000000000000000e+00 1.600000000000000089e+00 2.941000000000000038e-03 5.257999999999999653e-03 9.999820000000000375e-01 -3.382769999999999944e-01 9.410380000000000411e-01 -3.952999999999999917e-03 -9.410420000000000451e-01 -3.382589999999999764e-01 4.545999999999999694e-03
1.400000000000000000e+01 6.300000000000000000e+01 5.400000000000000000e+01 0.000000000000000000e+00 1.600000000000000089e+00 -6.130000000000000466e-04 -4.956999999999999601e-03 9.999879999999999880e-01 -3.452729999999999966e-01 9.384919999999999929e-01 4.440999999999999635e-03 -9.385019999999999474e-01 -3.452660000000000173e-01 -2.286999999999999970e-03
1.800000000000000000e+01 6.300000000000000000e+01 5.400000000000000000e+01 0.000000000000000000e+00 1.600000000000000089e+00 -9.439999999999999607e-04 -7.367000000000000284e-03 9.999719999999999720e-01 -3.440949999999999842e-01 9.389119999999999688e-01 6.591999999999999769e-03 -9.389340000000000463e-01 -3.440799999999999970e-01 -3.420999999999999996e-03
2.200000000000000000e+01 6.300000000000000000e+01 5.400000000000000000e+01 0.000000000000000000e+00 1.600000000000000089e+00 -4.000000000000000327e-05 -3.592000000000000141e-03 9.999940000000000495e-01 -3.388220000000000121e-01 9.408440000000000136e-01 3.366000000000000068e-03 -9.408499999999999641e-01 -3.388200000000000101e-01 -1.255000000000000039e-03
2.400000000000000000e+01 6.300000000000000000e+01 5.400000000000000000e+01 0.000000000000000000e+00 1.600000000000000089e+00 4.200000000000000174e-04 -5.950000000000000427e-04 1.000000000000000000e+00 -3.394090000000000162e-01 9.406379999999999741e-01 7.020000000000000415e-04 -9.406390000000000029e-01 -3.394099999999999895e-01 1.930000000000000021e-04
2.900000000000000000e+01 6.300000000000000000e+01 5.400000000000000000e+01 0.000000000000000000e+00 1.600000000000000089e+00 1.087000000000000076e-03 -5.630000000000000239e-04 9.999989999999999712e-01 -3.451170000000000071e-01 9.385590000000000321e-01 9.039999999999999642e-04 -9.385590000000000321e-01 -3.451179999999999803e-01 8.260000000000000198e-04
5.000000000000000000e+00 2.500000000000000000e+01 5.500000000000000000e+01 0.000000000000000000e+00 1.600000000000000089e+00 -1.948000000000000079e-03 -1.301999999999999989e-03 -9.999970000000000248e-01 -1.328099999999999940e-02 -9.999109999999999943e-01 1.327000000000000055e-03 -9.999099999999999655e-01 1.328400000000000067e-02 1.930999999999999991e-03
9.000000000000000000e+00 2.500000000000000000e+01 5.500000000000000000e+01 0.000000000000000000e+00 1.600000000000000089e+00 1.126999999999999964e-03 1.577000000000000060e-03 -9.999980000000000535e-01 -1.203300000000000029e-02 -9.999259999999999815e-01 -1.590999999999999966e-03 -9.999270000000000103e-01 1.203500000000000056e-02 -1.108000000000000044e-03
1.500000000000000000e+01 2.500000000000000000e+01 5.500000000000000000e+01 0.000000000000000000e+00 1.600000000000000089e+00 6.250000000000000130e-04 1.069000000000000072e-03 -9.999989999999999712e-01 -1.090799999999999929e-02 -9.999400000000000510e-01 -1.075999999999999917e-03 -9.999400000000000510e-01 1.090900000000000029e-02 -6.130000000000000466e-04
1.900000000000000000e+01 2.500000000000000000e+01 5.500000000000000000e+01 0.000000000000000000e+00 1.600000000000000089e+00 -1.240000000000000054e-04 -7.519999999999999558e-04 -1.000000000000000000e+00 -1.085799999999999960e-02 -9.999409999999999688e-01 7.529999999999999801e-04 -9.999409999999999688e-01 1.085799999999999960e-02 1.160000000000000007e-04
2.400000000000000000e+01 2.500000000000000000e+01 5.500000000000000000e+01 0.000000000000000000e+00 1.600000000000000089e+00 -9.740000000000000394e-04 4.800000000000000122e-04 -9.999989999999999712e-01 -1.033899999999999923e-02 -9.999460000000000015e-01 -4.699999999999999859e-04 -9.999460000000000015e-01 1.033799999999999997e-02 9.790000000000000525e-04
4.000000000000000000e+00 2.100000000000000000e+01 6.000000000000000000e+01 0.000000000000000000e+00 1.600000000000000089e+00 4.200000000000000174e-04 -1.044000000000000006e-03 9.999989999999999712e-01 -9.294800000000000284e-02 9.956700000000000550e-01 1.077999999999999965e-03 -9.956709999999999727e-01 -9.294900000000000384e-02 3.209999999999999963e-04
9.000000000000000000e+00 2.100000000000000000e+01 6.000000000000000000e+01 0.000000000000000000e+00 1.600000000000000089e+00 -1.691000000000000012e-03 4.114999999999999734e-03 9.999900000000000455e-01 -9.517699999999999771e-02 9.954509999999999748e-01 -4.257000000000000367e-03 -9.954589999999999828e-01 -9.518300000000000372e-02 -1.291999999999999963e-03
1.600000000000000000e+01 2.100000000000000000e+01 6.000000000000000000e+01 0.000000000000000000e+00 1.600000000000000089e+00 -6.970000000000000284e-04 4.300000000000000165e-05 1.000000000000000000e+00 -9.201499999999999957e-02 9.957580000000000320e-01 -1.069999999999999988e-04 -9.957570000000000032e-01 -9.201600000000000057e-02 -6.899999999999999667e-04
2.000000000000000000e+01 2.100000000000000000e+01 6.000000000000000000e+01 0.000000000000000000e+00 1.600000000000000089e+00 9.600000000000000243e-05 -1.669999999999999935e-04 1.000000000000000000e+00 -9.312600000000000044e-02 9.956540000000000390e-01 1.749999999999999982e-04 -9.956540000000000390e-01 -9.312600000000000044e-02 8.000000000000000654e-05
2.700000000000000000e+01 2.100000000000000000e+01 6.000000000000000000e+01 0.000000000000000000e+00 1.600000000000000089e+00 7.899999999999999579e-05 -7.872000000000000525e-03 9.999689999999999968e-01 -9.317100000000000382e-02 9.956190000000000317e-01 7.844999999999999543e-03 -9.956500000000000350e-01 -9.316900000000000182e-02 -6.549999999999999833e-04
1.200000000000000000e+01 6.700000000000000000e+01 6.000000000000000000e+01 0.000000000000000000e+00 1.600000000000000089e+00 1.770000000000000089e-03 8.300000000000000086e-04 9.999980000000000535e-01 1.736929999999999863e-01 -9.848000000000000087e-01 5.100000000000000366e-04 9.847979999999999512e-01 1.736920000000000130e-01 -1.887000000000000005e-03
3.000000000000000000e+00 3.000000000000000000e+00 6.300000000000000000e+01 0.000000000000000000e+00 1.600000000000000089e+00 -1.134000000000000025e-03 3.742999999999999799e-03 9.999919999999999920e-01 -6.089189999999999880e-01 7.932240000000000402e-01 -3.660000000000000059e-03 -7.932320000000000482e-01 -6.089179999999999593e-01 1.379999999999999933e-03
2.100000000000000000e+01 3.000000000000000000e+00 6.300000000000000000e+01 0.000000000000000000e+00 1.600000000000000089e+00 -5.810000000000000277e-04 3.690000000000000246e-04 1.000000000000000000e+00 -6.186270000000000380e-01 7.856840000000000490e-01 -6.499999999999999702e-04 -7.856849999999999667e-01 -6.186270000000000380e-01 -2.280000000000000126e-04
7.000000000000000000e+00 2.700000000000000000e+01 6.300000000000000000e+01 0.000000000000000000e+00 1.600000000000000089e+00 -1.178999999999999927e-03 -5.839999999999999922e-04 9.999989999999999712e-01 -2.820889999999999787e-01 9.593880000000000186e-01 2.280000000000000126e-04 -9.593869999999999898e-01 -2.820889999999999787e-01 -1.296000000000000060e-03
1.800000000000000000e+01 2.700000000000000000e+01 6.300000000000000000e+01 0.000000000000000000e+00 1.600000000000000089e+00 -9.840000000000000656e-04 -4.344999999999999904e-03 9.999900000000000455e-01 -2.774570000000000092e-01 9.607299999999999729e-01 3.900999999999999954e-03 -9.607379999999999809e-01 -2.774499999999999744e-01 -2.151000000000000134e-03
2.500000000000000000e+01 2.700000000000000000e+01 6.300000000000000000e+01 0.000000000000000000e+00 1.600000000000000089e+00 1.899000000000000080e-03 2.811000000000000131e-03 9.999940000000000495e-01 -2.770299999999999985e-01 9.608590000000000186e-01 -2.174999999999999850e-03 -9.608600000000000474e-01 -2.770239999999999925e-01 2.602999999999999845e-03
2.000000000000000000e+00 2.600000000000000000e+01 6.400000000000000000e+01 0.000000000000000000e+00 1.600000000000000089e+00 4.611999999999999780e-03 -5.963000000000000418e-03 9.999719999999999720e-01 -3.727800000000000002e-01 9.278920000000000501e-01 7.252999999999999899e-03 -9.279079999999999551e-01 -3.728020000000000223e-01 2.056000000000000102e-03
6.000000000000000000e+00 2.600000000000000000e+01 6.400000000000000000e+01 0.000000000000000000e+00 1.600000000000000089e+00 -8.319999999999999488e-04 -3.030999999999999840e-03 9.999949999999999672e-01 -3.727400000000000158e-01 9.279330000000000078e-01 2.501999999999999884e-03 -9.279359999999999831e-01 -3.727360000000000118e-01 -1.900999999999999912e-03
1.000000000000000000e+01 2.600000000000000000e+01 6.400000000000000000e+01 0.000000000000000000e+00 1.600000000000000089e+00 -2.889999999999999774e-04 -3.004000000000000160e-03 9.999949999999999672e-01 -3.681369999999999920e-01 9.297680000000000389e-01 2.687000000000000152e-03 -9.297710000000000141e-01 -3.681349999999999900e-01 -1.374999999999999920e-03
1.900000000000000000e+01 2.600000000000000000e+01 6.400000000000000000e+01 0.000000000000000000e+00 1.600000000000000089e+00 -5.770000000000000389e-04 -4.160999999999999768e-03 9.999909999999999632e-01 -3.702880000000000060e-01 9.289100000000000135e-01 3.651999999999999864e-03 -9.289169999999999927e-01 -3.702820000000000000e-01 -2.076999999999999853e-03
2.300000000000000000e+01 2.600000000000000000e+01 6.400000000000000000e+01 0.000000000000000000e+00 1.600000000000000089e+00 1.041000000000000042e-03 -1.149000000000000065e-03 9.999989999999999712e-01 -3.699990000000000223e-01 9.290310000000000512e-01 1.453000000000000081e-03 -9.290310000000000512e-01 -3.699999999999999956e-01 5.419999999999999471e-04
2.600000000000000000e+01 2.600000000000000000e+01 6.400000000000000000e+01 0.000000000000000000e+00 1.600000000000000089e+00 1.771000000000000005e-03 4.690999999999999857e-03 9.999869999999999592e-01 -3.673960000000000004e-01 9.300570000000000226e-01 -3.713000000000000154e-03 -9.300629999999999731e-01 -3.673850000000000171e-01 3.370000000000000166e-03
2.000000000000000000e+00 6.900000000000000000e+01 6.600000000000000000e+01 0.000000000000000000e+00 1.600000000000000089e+00 -7.361000000000000355e-03 5.722999999999999789e-03 9.999559999999999560e-01 -9.491129999999999844e-01 3.148119999999999807e-01 -8.788999999999999937e-03 -3.148489999999999900e-01 -9.491370000000000084e-01 3.115000000000000147e-03
9.000000000000000000e+00 6.900000000000000000e+01 6.600000000000000000e+01 0.000000000000000000e+00 1.600000000000000089e+00 -5.090000000000000123e-04 -5.369999999999999774e-03 9.999850000000000128e-01 -9.512720000000000065e-01 3.083489999999999842e-01 1.172000000000000082e-03 -3.083509999999999862e-01 -9.512580000000000480e-01 -5.264999999999999715e-03
1.600000000000000000e+01 6.900000000000000000e+01 6.600000000000000000e+01 0.000000000000000000e+00 1.600000000000000089e+00 6.048999999999999690e-03 1.003999999999999901e-03 9.999810000000000088e-01 -9.485740000000000283e-01 3.165100000000000136e-01 5.420000000000000338e-03 -3.164989999999999748e-01 -9.485890000000000155e-01 2.867000000000000191e-03
1.300000000000000000e+01 3.100000000000000000e+01 7.100000000000000000e+01 0.000000000000000000e+00 1.600000000000000089e+00 6.250000000000000130e-04 1.327000000000000055e-03 -9.999989999999999712e-01 -7.287249999999999561e-01 -6.848049999999999971e-01 -1.363999999999999978e-03 -6.848070000000000546e-01 7.287249999999999561e-01 5.389999999999999826e-04
4.000000000000000000e+00 2.500000000000000000e+01 7.300000000000000000e+01 0.000000000000000000e+00 1.600000000000000089e+00 5.590000000000000351e-04 3.706999999999999792e-03 9.999930000000000208e-01 7.582219999999999516e-01 -6.519939999999999625e-01 1.992999999999999980e-03 6.519970000000000487e-01 7.582149999999999723e-01 -3.174999999999999871e-03
1.000000000000000000e+01 2.500000000000000000e+01 7.300000000000000000e+01 0.000000000000000000e+00 1.600000000000000089e+00 -3.789999999999999966e-04 -3.165999999999999977e-03 9.999949999999999672e-01 7.535429999999999628e-01 -6.573959999999999804e-01 -1.796000000000000070e-03 6.573980000000000379e-01 7.535389999999999588e-01 2.635000000000000189e-03
2.300000000000000000e+01 2.500000000000000000e+01 7.300000000000000000e+01 0.000000000000000000e+00 1.600000000000000089e+00 -1.128000000000000096e-03 2.939999999999999905e-03 9.999949999999999672e-01 7.494269999999999543e-01 -6.620819999999999483e-01 2.792000000000000211e-03 6.620859999999999523e-01 7.494260000000000366e-01 -1.456999999999999962e-03
2.600000000000000000e+01 2.500000000000000000e+01 7.300000000000000000e+01 0.000000000000000000e+00 1.600000000000000089e+00 -1.928999999999999942e-03 -2.621000000000000066e-03 9.999949999999999672e-01 7.514680000000000248e-01 -6.597699999999999676e-01 -2.790000000000000054e-04 6.597669999999999924e-01 7.514629999999999921e-01 3.242000000000000090e-03
