1.300000000000000000e+01 2.500000000000000000e+01 1.000000000000000000e+00 0.000000000000000000e+00 1.600000000000000089e+00 -7.010000000000000172e-04 1.874999999999999931e-03 -9.999980000000000535e-01 -5.220059999999999700e-01 -8.529409999999999492e-01 -1.232999999999999938e-03 -8.529419999999999780e-01 5.220040000000000235e-01 1.577000000000000060e-03
6.000000000000000000e+00 1.500000000000000000e+01 4.000000000000000000e+00 0.000000000000000000e+00 1.600000000000000089e+00 6.049999999999999606e-04 -1.286900000000000023e-02 9.999169999999999447e-01 3.816559999999999953e-01 -9.242249999999999632e-01 -1.212599999999999963e-02 9.243040000000000145e-01 3.816320000000000268e-01 4.351999999999999966e-03
1.500000000000000000e+01 1.500000000000000000e+01 4.000000000000000000e+00 0.000000000000000000e+00 1.600000000000000089e+00 -8.838999999999999635e-03 4.364200000000000024e-02 9.990080000000000071e-01 4.240639999999999965e-01 -9.045980000000000132e-01 4.327000000000000290e-02 9.055889999999999773e-01 4.240249999999999853e-01 -1.051099999999999951e-02
1.000000000000000000e+01 1.010000000000000000e+02 7.000000000000000000e+00 0.000000000000000000e+00 1.600000000000000089e+00 2.394999999999999993e-03 -9.771000000000000171e-03 9.999489999999999768e-01 8.864549999999999930e-01 4.628079999999999972e-01 2.399999999999999790e-03 -4.628079999999999972e-01 8.864049999999999985e-01 9.769999999999999171e-03
1.700000000000000000e+01 1.010000000000000000e+02 7.000000000000000000e+00 0.000000000000000000e+00 1.600000000000000089e+00 -1.742000000000000059e-03 7.043999999999999914e-03 9.999740000000000295e-01 8.867070000000000229e-01 4.623280000000000167e-01 -1.712999999999999896e-03 -4.623280000000000167e-01 8.866810000000000525e-01 -7.050999999999999976e-03
3.000000000000000000e+00 1.500000000000000000e+01 8.000000000000000000e+00 0.000000000000000000e+00 1.600000000000000089e+00 -6.970000000000000284e-04 -1.862600000000000020e-02 -9.998259999999999925e-01 -6.185960000000000347e-01 -7.855649999999999578e-01 1.506599999999999953e-02 -7.857089999999999907e-01 6.184990000000000210e-01 -1.097500000000000038e-02
4.000000000000000000e+00 2.500000000000000000e+01 8.000000000000000000e+00 0.000000000000000000e+00 1.600000000000000089e+00 1.732999999999999948e-03 -7.339999999999999520e-04 -9.999980000000000535e-01 4.411370000000000013e-01 8.974400000000000155e-01 1.050000000000000044e-04 8.974379999999999580e-01 -4.411370000000000013e-01 1.879000000000000028e-03
8.000000000000000000e+00 2.500000000000000000e+01 8.000000000000000000e+00 0.000000000000000000e+00 1.600000000000000089e+00 -5.199999999999999544e-04 -2.349999999999999930e-04 -1.000000000000000000e+00 4.404390000000000249e-01 8.977829999999999977e-01 -4.400000000000000157e-04 8.977819999999999689e-01 -4.404390000000000249e-01 -3.629999999999999872e-04
1.300000000000000000e+01 2.500000000000000000e+01 8.000000000000000000e+00 0.000000000000000000e+00 1.600000000000000089e+00 2.315999999999999916e-03 6.152999999999999615e-03 -9.999780000000000335e-01 4.386889999999999956e-01 8.986150000000000526e-01 6.544999999999999603e-03 8.986359999999999904e-01 -4.386939999999999729e-01 -6.179999999999999513e-04
1.700000000000000000e+01 2.500000000000000000e+01 8.000000000000000000e+00 0.000000000000000000e+00 1.600000000000000089e+00 1.655999999999999920e-03 2.056000000000000102e-03 -9.999970000000000248e-01 4.380539999999999989e-01 8.989449999999999941e-01 2.573000000000000200e-03 8.989470000000000516e-01 -4.380569999999999742e-01 5.879999999999999810e-04
2.300000000000000000e+01 2.500000000000000000e+01 8.000000000000000000e+00 0.000000000000000000e+00 1.600000000000000089e+00 1.775000000000000102e-03 3.418000000000000031e-03 -9.999930000000000208e-01 4.363319999999999976e-01 8.997779999999999667e-01 3.850000000000000124e-03 8.997840000000000282e-01 -4.363349999999999729e-01 1.060000000000000016e-04
2.700000000000000000e+01 2.500000000000000000e+01 8.000000000000000000e+00 0.000000000000000000e+00 1.600000000000000089e+00 2.750999999999999973e-03 6.310000000000000504e-04 -9.999959999999999960e-01 4.357909999999999839e-01 9.000460000000000127e-01 1.765999999999999992e-03 9.000439999999999552e-01 -4.357940000000000147e-01 2.200999999999999832e-03
2.000000000000000000e+00 2.400000000000000000e+01 9.000000000000000000e+00 0.000000000000000000e+00 1.600000000000000089e+00 3.013000000000000053e-03 3.328999999999999928e-03 -9.999900000000000455e-01 4.481939999999999813e-01 8.939259999999999984e-01 4.325999999999999984e-03 8.939310000000000311e-01 -4.482019999999999893e-01 1.201999999999999943e-03
8.000000000000000000e+00 2.400000000000000000e+01 9.000000000000000000e+00 0.000000000000000000e+00 1.600000000000000089e+00 -2.000000000000000096e-04 -4.789999999999999879e-04 -1.000000000000000000e+00 4.468360000000000110e-01 8.946159999999999668e-01 -5.180000000000000143e-04 8.946159999999999668e-01 -4.468360000000000110e-01 3.499999999999999693e-05
1.400000000000000000e+01 2.400000000000000000e+01 9.000000000000000000e+00 0.000000000000000000e+00 1.600000000000000089e+00 2.344000000000000163e-03 3.991999999999999889e-03 -9.999890000000000168e-01 4.445819999999999772e-01 8.957260000000000222e-01 4.617999999999999709e-03 8.957349999999999479e-01 -4.445879999999999832e-01 3.249999999999999851e-04
2.300000000000000000e+01 2.400000000000000000e+01 9.000000000000000000e+00 0.000000000000000000e+00 1.600000000000000089e+00 1.505000000000000044e-03 4.271999999999999756e-03 -9.999900000000000455e-01 4.419299999999999895e-01 8.970380000000000020e-01 4.497000000000000129e-03 8.970479999999999565e-01 -4.419330000000000203e-01 -5.379999999999999583e-04
2.800000000000000000e+01 2.400000000000000000e+01 9.000000000000000000e+00 0.000000000000000000e+00 1.600000000000000089e+00 2.373999999999999808e-03 1.368999999999999991e-03 -9.999959999999999960e-01 4.419469999999999787e-01 8.970380000000000020e-01 2.276999999999999944e-03 8.970380000000000020e-01 -4.419509999999999827e-01 1.523999999999999964e-03
2.800000000000000000e+01 8.000000000000000000e+00 1.000000000000000000e+01 0.000000000000000000e+00 1.600000000000000089e+00 8.846500000000000197e-02 5.346200000000000258e-02 -9.946439999999999726e-01 -9.833640000000000159e-01 -1.543519999999999892e-01 -9.575799999999999590e-02 -1.586450000000000082e-01 9.865680000000000005e-01 3.891800000000000120e-02
1.700000000000000000e+01 3.000000000000000000e+00 1.100000000000000000e+01 0.000000000000000000e+00 1.600000000000000089e+00 -6.204000000000000313e-03 1.058850000000000069e-01 9.943589999999999929e-01 1.352820000000000134e-01 -9.851480000000000237e-01 1.057489999999999958e-01 9.907880000000000020e-01 1.351749999999999896e-01 -8.212999999999999814e-03
2.600000000000000000e+01 4.000000000000000000e+00 1.100000000000000000e+01 0.000000000000000000e+00 1.600000000000000089e+00 -1.180999999999999975e-03 1.151179999999999981e-01 9.933509999999999840e-01 1.528970000000000051e-01 -9.816510000000000513e-01 1.139440000000000036e-01 9.882410000000000361e-01 1.520150000000000112e-01 -1.644199999999999828e-02
6.000000000000000000e+00 3.100000000000000000e+01 1.200000000000000000e+01 0.000000000000000000e+00 1.600000000000000089e+00 -8.959999999999999866e-04 6.180999999999999862e-03 9.999799999999999800e-01 -4.905999999999999771e-03 9.999689999999999968e-01 -6.185000000000000393e-03 -9.999879999999999880e-01 -4.911999999999999700e-03 -8.660000000000000163e-04
5.000000000000000000e+00 1.160000000000000000e+02 1.600000000000000000e+01 0.000000000000000000e+00 1.600000000000000089e+00 5.810000000000000277e-04 4.749999999999999990e-04 1.000000000000000000e+00 7.639829999999999677e-01 6.452360000000000317e-01 -7.500000000000000156e-04 -6.452360000000000317e-01 7.639829999999999677e-01 1.200000000000000030e-05
1.000000000000000000e+01 1.160000000000000000e+02 1.600000000000000000e+01 0.000000000000000000e+00 1.600000000000000089e+00 6.700000000000000226e-05 3.249999999999999851e-04 1.000000000000000000e+00 7.525659999999999572e-01 6.585170000000000190e-01 -2.649999999999999903e-04 -6.585170000000000190e-01 7.525659999999999572e-01 -2.000000000000000096e-04
1.400000000000000000e+01 1.160000000000000000e+02 1.600000000000000000e+01 0.000000000000000000e+00 1.600000000000000089e+00 -4.889999999999999599e-04 -1.936000000000000004e-03 9.999980000000000535e-01 7.533480000000000176e-01 6.576199999999999823e-01 1.642000000000000013e-03 -6.576220000000000399e-01 7.533480000000000176e-01 1.136999999999999990e-03
1.700000000000000000e+01 1.160000000000000000e+02 1.600000000000000000e+01 0.000000000000000000e+00 1.600000000000000089e+00 -3.420000000000000188e-04 -2.249000000000000131e-03 9.999970000000000248e-01 7.595600000000000129e-01 6.504349999999999854e-01 1.722999999999999922e-03 -6.504370000000000429e-01 7.595589999999999842e-01 1.485999999999999908e-03
2.300000000000000000e+01 1.160000000000000000e+02 1.600000000000000000e+01 0.000000000000000000e+00 1.600000000000000089e+00 -1.350999999999999987e-03 -9.190000000000000035e-04 9.999989999999999712e-01 7.415209999999999857e-01 6.709270000000000511e-01 1.618000000000000081e-03 -6.709279999999999688e-01 7.415220000000000145e-01 -2.249999999999999938e-04
2.800000000000000000e+01 1.160000000000000000e+02 1.600000000000000000e+01 0.000000000000000000e+00 1.600000000000000089e+00 -9.600000000000000243e-04 -4.730000000000000046e-04 9.999989999999999712e-01 7.554959999999999454e-01 6.551519999999999566e-01 1.034999999999999896e-03 -6.551529999999999854e-01 7.554969999999999741e-01 -2.719999999999999979e-04
5.000000000000000000e+00 2.000000000000000000e+00 1.900000000000000000e+01 0.000000000000000000e+00 1.600000000000000089e+00 6.725000000000000075e-03 -6.230100000000000221e-02 -9.980350000000000055e-01 3.672590000000000021e-01 -9.281549999999999523e-01 6.041300000000000142e-02 -9.300939999999999763e-01 -3.669439999999999924e-01 1.663900000000000101e-02
1.200000000000000000e+01 2.000000000000000000e+00 1.900000000000000000e+01 0.000000000000000000e+00 1.600000000000000089e+00 5.779999999999999548e-04 1.107299999999999951e-02 -9.999390000000000223e-01 3.648210000000000064e-01 -9.310230000000000450e-01 -1.009900000000000034e-02 -9.310779999999999612e-01 -3.647929999999999784e-01 -4.577999999999999604e-03
1.600000000000000000e+01 3.000000000000000000e+00 1.900000000000000000e+01 0.000000000000000000e+00 1.600000000000000089e+00 3.275999999999999832e-03 3.605699999999999877e-02 -9.993440000000000101e-01 3.407919999999999838e-01 -9.395670000000000410e-01 -3.278299999999999964e-02 -9.401329999999999965e-01 -3.404610000000000136e-01 -1.536599999999999945e-02
2.000000000000000000e+01 3.000000000000000000e+00 1.900000000000000000e+01 0.000000000000000000e+00 1.600000000000000089e+00 5.559999999999999621e-04 5.049100000000000116e-02 -9.987239999999999451e-01 3.483939999999999815e-01 -9.361620000000000497e-01 -4.713400000000000228e-02 -9.373479999999999590e-01 -3.479229999999999823e-01 -1.811099999999999863e-02
2.400000000000000000e+01 3.000000000000000000e+00 1.900000000000000000e+01 0.000000000000000000e+00 1.600000000000000089e+00 -3.988000000000000225e-03 4.701500000000000123e-02 -9.988860000000000516e-01 3.540539999999999798e-01 -9.341230000000000366e-01 -4.537999999999999673e-02 -9.352160000000000473e-01 -3.538410000000000166e-01 -1.292100000000000019e-02
2.800000000000000000e+01 3.000000000000000000e+00 1.900000000000000000e+01 0.000000000000000000e+00 1.600000000000000089e+00 -4.263000000000000296e-03 3.245900000000000174e-02 -9.994640000000000191e-01 3.515670000000000184e-01 -9.356189999999999785e-01 -3.188499999999999668e-02 -9.361530000000000129e-01 -3.515150000000000219e-01 -7.422999999999999911e-03
8.000000000000000000e+00 1.300000000000000000e+01 2.000000000000000000e+01 0.000000000000000000e+00 1.600000000000000089e+00 5.990000000000000316e-04 8.260999999999999246e-03 9.999660000000000215e-01 2.610669999999999935e-01 9.652859999999999774e-01 -8.130999999999999339e-03 -9.653199999999999559e-01 2.610629999999999895e-01 -1.577999999999999976e-03
1.200000000000000000e+01 1.300000000000000000e+01 2.000000000000000000e+01 0.000000000000000000e+00 1.600000000000000089e+00 -8.450000000000000479e-04 -2.534999999999999927e-03 9.999959999999999960e-01 2.614469999999999850e-01 9.652140000000000164e-01 2.667999999999999799e-03 -9.652180000000000204e-01 2.614480000000000137e-01 -1.530000000000000056e-04
2.500000000000000000e+01 1.300000000000000000e+01 2.000000000000000000e+01 0.000000000000000000e+00 1.600000000000000089e+00 9.100000000000000287e-05 -3.833000000000000036e-03 9.999930000000000208e-01 2.605230000000000046e-01 9.654610000000000136e-01 3.677000000000000147e-03 -9.654679999999999929e-01 2.605210000000000026e-01 1.085999999999999943e-03
1.200000000000000000e+01 1.600000000000000000e+01 2.100000000000000000e+01 0.000000000000000000e+00 1.600000000000000089e+00 -1.822999999999999968e-03 -5.193999999999999832e-03 9.999850000000000128e-01 2.990160000000000040e-01 9.542319999999999691e-01 5.501999999999999946e-03 -9.542460000000000386e-01 2.990220000000000100e-01 -1.869999999999999917e-04
9.000000000000000000e+00 2.000000000000000000e+00 2.500000000000000000e+01 0.000000000000000000e+00 1.600000000000000089e+00 2.333000000000000004e-03 -9.197000000000000314e-03 9.999550000000000383e-01 6.821399999999999686e-02 -9.976270000000000415e-01 -9.334999999999999548e-03 9.976679999999999993e-01 6.823300000000000198e-02 -1.699999999999999905e-03
8.000000000000000000e+00 3.000000000000000000e+00 2.500000000000000000e+01 0.000000000000000000e+00 1.600000000000000089e+00 1.941999999999999933e-03 -1.289599999999999948e-02 9.999149999999999983e-01 -1.321699999999999958e-02 -9.998299999999999965e-01 -1.286900000000000023e-02 9.999109999999999943e-01 -1.319099999999999960e-02 -2.112000000000000162e-03
1.400000000000000000e+01 3.000000000000000000e+00 2.500000000000000000e+01 0.000000000000000000e+00 1.600000000000000089e+00 1.598000000000000028e-03 5.832999999999999644e-03 9.999820000000000375e-01 -1.788000000000000006e-02 -9.998230000000000173e-01 5.860999999999999890e-03 9.998390000000000333e-01 -1.788899999999999865e-02 -1.494000000000000102e-03
2.900000000000000000e+01 3.000000000000000000e+00 2.500000000000000000e+01 0.000000000000000000e+00 1.600000000000000089e+00 -4.699000000000000052e-03 1.855800000000000158e-02 9.998169999999999558e-01 3.846700000000000119e-02 -9.990839999999999721e-01 1.872499999999999859e-02 9.992490000000000538e-01 3.854799999999999893e-02 3.981000000000000164e-03
3.000000000000000000e+00 4.600000000000000000e+01 2.700000000000000000e+01 0.000000000000000000e+00 1.600000000000000089e+00 1.343999999999999926e-03 2.820000000000000024e-03 -9.999949999999999672e-01 6.707549999999999901e-01 7.416730000000000267e-01 2.993000000000000001e-03 7.416779999999999484e-01 -6.707560000000000189e-01 -8.940000000000000464e-04
1.200000000000000000e+01 4.600000000000000000e+01 2.700000000000000000e+01 0.000000000000000000e+00 1.600000000000000089e+00 -1.479999999999999925e-04 -5.090000000000000123e-04 -1.000000000000000000e+00 6.799619999999999553e-01 7.332469999999999821e-01 -4.739999999999999747e-04 7.332480000000000109e-01 -6.799619999999999553e-01 2.380000000000000117e-04
1.100000000000000000e+01 5.800000000000000000e+01 3.100000000000000000e+01 0.000000000000000000e+00 1.600000000000000089e+00 -3.938999999999999793e-03 -8.883000000000000271e-03 9.999529999999999808e-01 -7.971310000000000340e-01 -6.037470000000000336e-01 -8.503999999999999407e-03 6.037940000000000529e-01 -7.971270000000000300e-01 -4.702999999999999715e-03
1.700000000000000000e+01 5.800000000000000000e+01 3.100000000000000000e+01 0.000000000000000000e+00 1.600000000000000089e+00 -9.210000000000000521e-04 -1.793000000000000106e-03 9.999980000000000535e-01 -8.042719999999999869e-01 -5.942579999999999529e-01 -1.807000000000000012e-03 5.942610000000000392e-01 -8.042719999999999869e-01 -8.949999999999999623e-04
2.000000000000000000e+01 5.800000000000000000e+01 3.100000000000000000e+01 0.000000000000000000e+00 1.600000000000000089e+00 -2.488000000000000194e-03 -4.088999999999999753e-03 9.999890000000000168e-01 -8.054310000000000080e-01 -5.926730000000000054e-01 -4.427000000000000379e-03 5.926839999999999886e-01 -8.054329999999999545e-01 -1.819000000000000087e-03
5.000000000000000000e+00 4.600000000000000000e+01 3.500000000000000000e+01 0.000000000000000000e+00 1.600000000000000089e+00 2.210000000000000159e-03 2.835999999999999979e-03 -9.999940000000000495e-01 3.890609999999999902e-01 -9.212099999999999733e-01 -1.753000000000000001e-03 -9.212089999999999446e-01 -3.890540000000000109e-01 -3.138999999999999863e-03
1.000000000000000000e+01 4.600000000000000000e+01 3.500000000000000000e+01 0.000000000000000000e+00 1.600000000000000089e+00 -1.296999999999999976e-03 -2.158000000000000196e-03 -9.999970000000000248e-01 3.898389999999999911e-01 -9.208819999999999784e-01 1.482000000000000027e-03 -9.208819999999999784e-01 -3.898349999999999871e-01 2.034999999999999917e-03
1.400000000000000000e+01 4.600000000000000000e+01 3.500000000000000000e+01 0.000000000000000000e+00 1.600000000000000089e+00 -1.101999999999999898e-03 -1.528000000000000061e-03 -9.999980000000000535e-01 3.906330000000000080e-01 -9.205459999999999754e-01 9.759999999999999796e-04 -9.205459999999999754e-01 -3.906310000000000060e-01 1.611000000000000019e-03
1.800000000000000000e+01 4.600000000000000000e+01 3.500000000000000000e+01 0.000000000000000000e+00 1.600000000000000089e+00 -8.559999999999999901e-04 -3.681999999999999943e-03 -9.999930000000000208e-01 3.933159999999999989e-01 -9.193980000000000485e-01 3.049000000000000061e-03 -9.194029999999999703e-01 -3.933099999999999929e-01 2.235000000000000007e-03
2.300000000000000000e+01 4.600000000000000000e+01 3.500000000000000000e+01 0.000000000000000000e+00 1.600000000000000089e+00 9.999999999999999547e-07 1.188000000000000037e-03 -9.999989999999999712e-01 3.936899999999999844e-01 -9.192430000000000323e-01 -1.092000000000000089e-03 -9.192430000000000323e-01 -3.936899999999999844e-01 -4.690000000000000158e-04
2.500000000000000000e+01 9.500000000000000000e+01 3.600000000000000000e+01 0.000000000000000000e+00 1.600000000000000089e+00 -6.629000000000000344e-03 -1.061800000000000070e-02 9.999219999999999775e-01 9.957409999999999872e-01 9.188399999999999346e-02 7.577000000000000401e-03 -9.195799999999999808e-02 9.957129999999999592e-01 9.964000000000000634e-03
1.000000000000000000e+00 2.900000000000000000e+01 4.400000000000000000e+01 0.000000000000000000e+00 1.600000000000000089e+00 1.554999999999999959e-03 1.263000000000000017e-03 -9.999980000000000535e-01 6.559540000000000370e-01 7.547979999999999690e-01 1.972999999999999927e-03 7.547989999999999977e-01 -6.559559999999999835e-01 3.449999999999999833e-04
7.000000000000000000e+00 2.900000000000000000e+01 4.400000000000000000e+01 0.000000000000000000e+00 1.600000000000000089e+00 4.969000000000000326e-03 4.557000000000000287e-03 -9.999770000000000048e-01 6.601350000000000273e-01 7.511170000000000346e-01 6.702999999999999757e-03 7.511309999999999931e-01 -6.601529999999999898e-01 7.240000000000000342e-04
1.200000000000000000e+01 2.900000000000000000e+01 4.400000000000000000e+01 0.000000000000000000e+00 1.600000000000000089e+00 -2.273999999999999980e-03 2.458000000000000115e-03 -9.999940000000000495e-01 6.591200000000000392e-01 7.520379999999999843e-01 3.490000000000000263e-04 7.520350000000000090e-01 -6.591150000000000064e-01 -3.330000000000000061e-03
2.300000000000000000e+01 2.900000000000000000e+01 4.400000000000000000e+01 0.000000000000000000e+00 1.600000000000000089e+00 -1.724999999999999971e-03 -1.884000000000000041e-03 -9.999970000000000248e-01 6.578019999999999978e-01 7.531870000000000509e-01 -2.553999999999999847e-03 7.531889999999999974e-01 -6.578040000000000553e-01 -6.000000000000000152e-05
2.600000000000000000e+01 4.000000000000000000e+00 5.000000000000000000e+01 0.000000000000000000e+00 1.600000000000000089e+00 1.201999999999999943e-03 -2.650000000000000012e-03 -9.999959999999999960e-01 5.328770000000000451e-01 -8.461880000000000512e-01 2.883000000000000146e-03 -8.461920000000000552e-01 -5.328789999999999916e-01 3.950000000000000061e-04
4.000000000000000000e+00 1.150000000000000000e+02 5.100000000000000000e+01 0.000000000000000000e+00 1.600000000000000089e+00 -7.299999999999999903e-05 -3.713000000000000154e-03 9.999930000000000208e-01 8.443270000000000497e-01 -5.358249999999999957e-01 -1.928000000000000026e-03 5.358279999999999710e-01 8.443209999999999882e-01 3.174999999999999871e-03
2.000000000000000000e+00 6.300000000000000000e+01 5.400000000000000000e+01 0.000000000000000000e+00 1.600000000000000089e+00 -9.470000000000000336e-04 1.596999999999999895e-03 9.999980000000000535e-01 -3.514780000000000126e-01 9.361939999999999706e-01 -1.827999999999999981e-03 -9.361960000000000282e-01 -3.514789999999999859e-01 -3.260000000000000094e-04
7.000000000000000000e+00 6.300000000000000000e+01 5.400000000000000000e+01 0.000000000000000000e+00 1.600000000000000089e+00 1.499999999999999869e-04 2.811000000000000131e-03 9.999959999999999960e-01 -3.500019999999999798e-01 9.367450000000000498e-01 -2.580999999999999961e-03 -9.367490000000000538e-01 -3.500010000000000066e-01 1.123999999999999999e-03
1.300000000000000000e+01 6.300000000000000000e+01 5.400000000000000000e+01 0.000000000000000000e+00 1.600000000000000089e+00 1.505000000000000044e-03 5.550000000000000462e-04 9.999989999999999712e-01 -3.525889999999999858e-01 9.357779999999999987e-01 1.200000000000000030e-05 -9.357769999999999699e-01 -3.525889999999999858e-01 1.603999999999999957e-03
1.800000000000000000e+01 6.300000000000000000e+01 5.400000000000000000e+01 0.000000000000000000e+00 1.600000000000000089e+00 1.310000000000000129e-04 -3.203999999999999817e-03 9.999949999999999672e-01 -3.506650000000000045e-01 9.364959999999999951e-01 3.046999999999999795e-03 -9.365010000000000279e-01 -3.506630000000000025e-01 -1.000999999999999937e-03
2.300000000000000000e+01 6.300000000000000000e+01 5.400000000000000000e+01 0.000000000000000000e+00 1.600000000000000089e+00 -1.415000000000000025e-03 -4.222000000000000058e-03 9.999900000000000455e-01 -3.513049999999999784e-01 9.362549999999999484e-01 3.455999999999999871e-03 -9.362599999999999811e-01 -3.512959999999999972e-01 -2.808000000000000166e-03
1.500000000000000000e+01 2.500000000000000000e+01 5.500000000000000000e+01 0.000000000000000000e+00 1.600000000000000089e+00 -1.689999999999999879e-04 4.699999999999999859e-04 -1.000000000000000000e+00 -1.393199999999999994e-02 -9.999029999999999863e-01 -4.670000000000000214e-04 -9.999029999999999863e-01 1.393199999999999994e-02 1.749999999999999982e-04
1.900000000000000000e+01 2.600000000000000000e+01 5.500000000000000000e+01 0.000000000000000000e+00 1.600000000000000089e+00 1.315999999999999896e-03 5.100999999999999632e-03 -9.999860000000000415e-01 -3.304499999999999799e-02 -9.994410000000000238e-01 -5.141999999999999869e-03 -9.994530000000000358e-01 3.305099999999999705e-02 -1.147000000000000016e-03
6.000000000000000000e+00 6.800000000000000000e+01 5.700000000000000000e+01 0.000000000000000000e+00 1.600000000000000089e+00 2.380000000000000117e-04 -4.978999999999999919e-03 -9.999879999999999880e-01 -2.418949999999999989e-01 -9.702910000000000146e-01 4.773000000000000333e-03 -9.703019999999999978e-01 2.418909999999999949e-01 -1.435999999999999993e-03
7.000000000000000000e+00 2.100000000000000000e+01 6.000000000000000000e+01 0.000000000000000000e+00 1.600000000000000089e+00 -7.119999999999999593e-04 5.573999999999999962e-03 9.999839999999999840e-01 -9.524799999999999933e-02 9.954380000000000450e-01 -5.616999999999999597e-03 -9.954530000000000323e-01 -9.525100000000000233e-02 -1.779999999999999898e-04
1.300000000000000000e+01 2.100000000000000000e+01 6.000000000000000000e+01 0.000000000000000000e+00 1.600000000000000089e+00 7.190000000000000210e-04 -7.396999999999999929e-03 9.999719999999999720e-01 -9.669099999999999917e-02 9.952870000000000328e-01 7.432000000000000238e-03 -9.953140000000000320e-01 -9.669300000000000117e-02 0.000000000000000000e+00
1.700000000000000000e+01 2.100000000000000000e+01 6.000000000000000000e+01 0.000000000000000000e+00 1.600000000000000089e+00 1.675999999999999972e-03 -1.180000000000000059e-03 9.999980000000000535e-01 -9.719999999999999474e-02 9.952640000000000375e-01 1.337000000000000081e-03 -9.952640000000000375e-01 -9.720199999999999674e-02 1.554000000000000043e-03
2.100000000000000000e+01 2.100000000000000000e+01 6.000000000000000000e+01 0.000000000000000000e+00 1.600000000000000089e+00 -1.601999999999999908e-03 6.785000000000000232e-03 9.999759999999999760e-01 -9.576999999999999402e-02 9.953800000000000425e-01 -6.906999999999999945e-03 -9.954020000000000090e-01 -9.577900000000000302e-02 -9.449999999999999850e-04
2.600000000000000000e+01 2.100000000000000000e+01 6.000000000000000000e+01 0.000000000000000000e+00 1.600000000000000089e+00 -1.115000000000000106e-03 4.850000000000000253e-04 9.999989999999999712e-01 -9.556599999999999817e-02 9.954229999999999468e-01 -5.890000000000000053e-04 -9.954220000000000290e-01 -9.556699999999999917e-02 -1.064000000000000059e-03
8.000000000000000000e+00 6.700000000000000000e+01 6.000000000000000000e+01 0.000000000000000000e+00 1.600000000000000089e+00 -1.356000000000000000e-03 -3.177000000000000136e-03 9.999940000000000495e-01 1.749739999999999907e-01 -9.845690000000000275e-01 -2.890999999999999907e-03 9.845720000000000027e-01 1.749690000000000134e-01 1.891000000000000103e-03
2.000000000000000000e+01 3.000000000000000000e+00 6.300000000000000000e+01 0.000000000000000000e+00 1.600000000000000089e+00 -1.121000000000000035e-03 -3.820000000000000045e-03 9.999919999999999920e-01 -6.132250000000000201e-01 7.899049999999999683e-01 2.330000000000000040e-03 -7.899080000000000545e-01 -6.132170000000000121e-01 -3.227999999999999967e-03
2.000000000000000000e+00 2.700000000000000000e+01 6.300000000000000000e+01 0.000000000000000000e+00 1.600000000000000089e+00 5.199999999999999680e-05 -3.239000000000000126e-03 9.999949999999999672e-01 -2.746399999999999952e-01 9.615420000000000078e-01 3.128000000000000138e-03 -9.615470000000000406e-01 -2.746390000000000220e-01 -8.400000000000000348e-04
7.000000000000000000e+00 2.700000000000000000e+01 6.300000000000000000e+01 0.000000000000000000e+00 1.600000000000000089e+00 -1.036999999999999944e-03 -2.145999999999999904e-03 9.999970000000000248e-01 -2.755580000000000251e-01 9.612829999999999986e-01 1.776999999999999934e-03 -9.612840000000000273e-01 -2.755549999999999944e-01 -1.588000000000000002e-03
1.700000000000000000e+01 2.700000000000000000e+01 6.300000000000000000e+01 0.000000000000000000e+00 1.600000000000000089e+00 1.768000000000000040e-03 -5.419999999999999471e-04 9.999980000000000535e-01 -2.747550000000000270e-01 9.615139999999999798e-01 1.007000000000000083e-03 -9.615129999999999511e-01 -2.747560000000000002e-01 1.551000000000000078e-03
2.200000000000000000e+01 2.700000000000000000e+01 6.300000000000000000e+01 0.000000000000000000e+00 1.600000000000000089e+00 -1.546000000000000065e-03 1.639000000000000049e-03 9.999970000000000248e-01 -2.777229999999999976e-01 9.606590000000000407e-01 -2.004000000000000139e-03 -9.606599999999999584e-01 -2.777249999999999996e-01 -1.030000000000000100e-03
2.500000000000000000e+01 2.700000000000000000e+01 6.300000000000000000e+01 0.000000000000000000e+00 1.600000000000000089e+00 -5.289999999999999564e-04 4.177000000000000157e-03 9.999909999999999632e-01 -2.780299999999999994e-01 9.605629999999999447e-01 -4.159999999999999636e-03 -9.605719999999999814e-01 -2.780290000000000261e-01 6.530000000000000431e-04
2.800000000000000000e+01 2.700000000000000000e+01 6.300000000000000000e+01 0.000000000000000000e+00 1.600000000000000089e+00 1.128000000000000096e-03 5.702999999999999736e-03 9.999829999999999552e-01 -2.769550000000000067e-01 9.608689999999999731e-01 -5.166999999999999718e-03 -9.608820000000000139e-01 -2.769440000000000235e-01 2.663000000000000003e-03
3.000000000000000000e+00 2.600000000000000000e+01 6.400000000000000000e+01 0.000000000000000000e+00 1.600000000000000089e+00 6.890000000000000508e-04 -2.952000000000000197e-03 9.999949999999999672e-01 -3.681269999999999820e-01 9.297710000000000141e-01 2.998999999999999930e-03 -9.297750000000000181e-01 -3.681269999999999820e-01 -4.459999999999999989e-04
7.000000000000000000e+00 2.600000000000000000e+01 6.400000000000000000e+01 0.000000000000000000e+00 1.600000000000000089e+00 -1.028999999999999967e-03 -1.629999999999999939e-03 9.999980000000000535e-01 -3.682070000000000065e-01 9.297429999999999861e-01 1.136999999999999990e-03 -9.297429999999999861e-01 -3.682059999999999778e-01 -1.557000000000000007e-03
1.700000000000000000e+01 2.600000000000000000e+01 6.400000000000000000e+01 0.000000000000000000e+00 1.600000000000000089e+00 2.350999999999999791e-03 1.890000000000000133e-04 9.999970000000000248e-01 -3.670669999999999766e-01 9.301939999999999653e-01 6.870000000000000022e-04 -9.301920000000000188e-01 -3.670669999999999766e-01 2.256000000000000193e-03
2.200000000000000000e+01 2.600000000000000000e+01 6.400000000000000000e+01 0.000000000000000000e+00 1.600000000000000089e+00 -1.979999999999999989e-03 2.315999999999999916e-03 9.999949999999999672e-01 -3.711459999999999759e-01 9.285700000000000065e-01 -2.886000000000000110e-03 -9.285719999999999530e-01 -3.711499999999999799e-01 -9.790000000000000525e-04
2.600000000000000000e+01 2.600000000000000000e+01 6.400000000000000000e+01 0.000000000000000000e+00 1.600000000000000089e+00 -4.270000000000000249e-04 3.818999999999999912e-03 9.999930000000000208e-01 -3.716030000000000166e-01 9.283850000000000158e-01 -3.703999999999999827e-03 -9.283919999999999950e-01 -3.716010000000000146e-01 1.023000000000000038e-03
2.800000000000000000e+01 2.600000000000000000e+01 6.400000000000000000e+01 0.000000000000000000e+00 1.600000000000000089e+00 4.180000000000000230e-04 3.897999999999999989e-03 9.999919999999999920e-01 -3.706289999999999862e-01 9.287739999999999885e-01 -3.465999999999999897e-03 -9.287809999999999677e-01 -3.706249999999999822e-01 1.832999999999999994e-03
1.100000000000000000e+01 6.900000000000000000e+01 6.600000000000000000e+01 0.000000000000000000e+00 1.600000000000000089e+00 1.598999999999999944e-03 1.330999999999999935e-03 9.999980000000000535e-01 -9.536670000000000424e-01 3.008609999999999896e-01 1.123999999999999999e-03 -3.008589999999999876e-01 -9.536670000000000424e-01 1.750999999999999952e-03
2.000000000000000000e+00 2.500000000000000000e+01 7.300000000000000000e+01 0.000000000000000000e+00 1.600000000000000089e+00 -7.209999999999999612e-04 -4.589999999999999896e-04 1.000000000000000000e+00 7.574199999999999822e-01 -6.529279999999999529e-01 2.469999999999999865e-04 6.529279999999999529e-01 7.574199999999999822e-01 8.180000000000000422e-04
5.000000000000000000e+00 2.500000000000000000e+01 7.300000000000000000e+01 0.000000000000000000e+00 1.600000000000000089e+00 -7.249999999999999500e-04 1.088999999999999907e-03 9.999989999999999712e-01 7.577460000000000306e-01 -6.525480000000000169e-01 1.260000000000000052e-03 6.525490000000000457e-01 7.577460000000000306e-01 -3.519999999999999908e-04
1.000000000000000000e+01 2.500000000000000000e+01 7.300000000000000000e+01 0.000000000000000000e+00 1.600000000000000089e+00 1.644999999999999978e-03 1.224999999999999960e-03 9.999980000000000535e-01 7.573499999999999677e-01 -6.530089999999999506e-01 -4.459999999999999989e-04 6.530070000000000041e-01 7.573490000000000499e-01 -2.001999999999999873e-03
1.500000000000000000e+01 2.500000000000000000e+01 7.300000000000000000e+01 0.000000000000000000e+00 1.600000000000000089e+00 -3.970000000000000005e-04 4.899999999999999842e-04 1.000000000000000000e+00 7.583509999999999973e-01 -6.518469999999999542e-01 6.199999999999999999e-04 6.518469999999999542e-01 7.583509999999999973e-01 -1.119999999999999983e-04
2.200000000000000000e+01 2.500000000000000000e+01 7.300000000000000000e+01 0.000000000000000000e+00 1.600000000000000089e+00 -4.539999999999999765e-04 1.464999999999999939e-03 9.999989999999999712e-01 7.541710000000000358e-01 -6.566769999999999552e-01 1.304000000000000038e-03 6.566779999999999839e-01 7.541710000000000358e-01 -8.069999999999999916e-04
2.600000000000000000e+01 2.500000000000000000e+01 7.300000000000000000e+01 0.000000000000000000e+00 1.600000000000000089e+00 -8.239999999999999712e-04 -1.469999999999999953e-04 1.000000000000000000e+00 7.570820000000000327e-01 -6.533200000000000118e-01 5.280000000000000405e-04 6.533200000000000118e-01 7.570820000000000327e-01 6.499999999999999702e-04
2.900000000000000000e+01 2.500000000000000000e+01 7.300000000000000000e+01 0.000000000000000000e+00 1.600000000000000089e+00 -2.285999999999999838e-03 -3.612999999999999892e-03 9.999909999999999632e-01 7.570390000000000175e-01 -6.533689999999999776e-01 -6.300000000000000261e-04 6.533649999999999736e-01 7.570310000000000095e-01 4.229000000000000120e-03
3.000000000000000000e+00 4.400000000000000000e+01 7.300000000000000000e+01 0.000000000000000000e+00 1.600000000000000089e+00 -3.330000000000000169e-04 -4.453000000000000361e-03 9.999900000000000455e-01 5.440199999999999897e-02 -9.985089999999999799e-01 -4.427999999999999645e-03 9.985190000000000454e-01 5.439999999999999697e-02 5.749999999999999903e-04
7.000000000000000000e+00 4.400000000000000000e+01 7.300000000000000000e+01 0.000000000000000000e+00 1.600000000000000089e+00 7.150000000000000322e-04 -2.638999999999999853e-03 9.999959999999999960e-01 5.396600000000000008e-02 -9.985389999999999544e-01 -2.674000000000000161e-03 9.985420000000000407e-01 5.396800000000000208e-02 -5.720000000000000258e-04
1.200000000000000000e+01 4.400000000000000000e+01 7.300000000000000000e+01 0.000000000000000000e+00 1.600000000000000089e+00 3.490000000000000263e-04 4.949999999999999973e-04 1.000000000000000000e+00 5.748799999999999744e-02 -9.983459999999999557e-01 4.739999999999999747e-04 9.983459999999999557e-01 5.748799999999999744e-02 -3.770000000000000022e-04
1.800000000000000000e+01 4.400000000000000000e+01 7.300000000000000000e+01 0.000000000000000000e+00 1.600000000000000089e+00 -6.459999999999999814e-04 -1.534999999999999906e-03 9.999989999999999712e-01 5.469500000000000056e-02 -9.985020000000000007e-01 -1.497999999999999983e-03 9.985030000000000294e-01 5.469399999999999956e-02 7.290000000000000473e-04
2.200000000000000000e+01 4.400000000000000000e+01 7.300000000000000000e+01 0.000000000000000000e+00 1.600000000000000089e+00 -2.469999999999999865e-04 -8.790000000000000070e-04 1.000000000000000000e+00 5.497300000000000103e-02 -9.984870000000000134e-01 -8.639999999999999677e-04 9.984880000000000422e-01 5.497300000000000103e-02 2.950000000000000148e-04
2.800000000000000000e+01 4.400000000000000000e+01 7.300000000000000000e+01 0.000000000000000000e+00 1.600000000000000089e+00 -3.879999999999999985e-04 -8.949999999999999623e-04 9.999989999999999712e-01 5.422500000000000236e-02 -9.985279999999999712e-01 -8.729999999999999696e-04 9.985289999999999999e-01 5.422400000000000136e-02 4.360000000000000269e-04
5.000000000000000000e+00 9.100000000000000000e+01 7.600000000000000000e+01 0.000000000000000000e+00 1.600000000000000089e+00 -2.118999999999999790e-03 1.649000000000000075e-03 9.999959999999999960e-01 3.118819999999999926e-01 -9.501180000000000181e-01 2.227999999999999946e-03 9.501190000000000468e-01 3.118850000000000233e-01 1.498999999999999898e-03
9.000000000000000000e+00 9.100000000000000000e+01 7.600000000000000000e+01 0.000000000000000000e+00 1.600000000000000089e+00 -2.680000000000000090e-04 -1.590000000000000050e-03 9.999989999999999712e-01 3.203309999999999769e-01 -9.473049999999999526e-01 -1.420000000000000038e-03 9.473059999999999814e-01 3.203300000000000036e-01 7.630000000000000063e-04
1.400000000000000000e+01 9.100000000000000000e+01 7.600000000000000000e+01 0.000000000000000000e+00 1.600000000000000089e+00 1.968999999999999830e-03 -9.319999999999999942e-04 9.999980000000000535e-01 3.195979999999999932e-01 -9.475519999999999499e-01 -1.512000000000000106e-03 9.475510000000000321e-01 3.195999999999999952e-01 -1.567999999999999949e-03
2.000000000000000000e+01 9.100000000000000000e+01 7.600000000000000000e+01 0.000000000000000000e+00 1.600000000000000089e+00 -2.139999999999999975e-03 -1.456000000000000046e-03 9.999970000000000248e-01 3.009669999999999845e-01 -9.536339999999999817e-01 -7.439999999999999782e-04 9.536320000000000352e-01 3.009640000000000093e-01 2.478999999999999867e-03
2.400000000000000000e+01 9.100000000000000000e+01 7.600000000000000000e+01 0.000000000000000000e+00 1.600000000000000089e+00 -3.980000000000000248e-04 2.509999999999999753e-04 1.000000000000000000e+00 2.923060000000000103e-01 -9.563249999999999806e-01 3.559999999999999797e-04 9.563249999999999806e-01 2.923060000000000103e-01 3.069999999999999812e-04
2.800000000000000000e+01 9.100000000000000000e+01 7.600000000000000000e+01 0.000000000000000000e+00 1.600000000000000089e+00 -1.105000000000000079e-03 -5.090000000000000123e-04 9.999989999999999712e-01 2.981489999999999974e-01 -9.545190000000000063e-01 -1.559999999999999972e-04 9.545190000000000063e-01 2.981489999999999974e-01 1.206999999999999957e-03
2.200000000000000000e+01 6.300000000000000000e+01 8.100000000000000000e+01 0.000000000000000000e+00 1.600000000000000089e+00 -1.399999999999999979e-05 7.041000000000000383e-03 9.999749999999999472e-01 3.079300000000000093e-02 -9.995009999999999728e-01 7.037999999999999985e-03 9.995260000000000256e-01 3.079199999999999993e-02 -2.030000000000000012e-04
9.000000000000000000e+00 1.020000000000000000e+02 8.200000000000000000e+01 0.000000000000000000e+00 1.600000000000000089e+00 -9.009999999999999997e-04 -3.200999999999999852e-03 -9.999940000000000495e-01 -6.377650000000000263e-01 7.702290000000000525e-01 -1.891000000000000103e-03 7.702299999999999702e-01 6.377599999999999936e-01 -2.735000000000000018e-03
6.000000000000000000e+00 4.400000000000000000e+01 8.300000000000000000e+01 0.000000000000000000e+00 1.600000000000000089e+00 1.067999999999999939e-03 -1.273999999999999959e-03 9.999989999999999712e-01 5.846639999999999615e-01 -8.112740000000000506e-01 -1.657999999999999969e-03 8.112749999999999684e-01 5.846649999999999903e-01 -1.219999999999999974e-04
1.600000000000000000e+01 4.400000000000000000e+01 8.300000000000000000e+01 0.000000000000000000e+00 1.600000000000000089e+00 -1.110000000000000092e-03 6.058000000000000017e-03 9.999810000000000088e-01 5.802089999999999748e-01 -8.144479999999999498e-01 5.577999999999999625e-03 8.144670000000000520e-01 5.802049999999999708e-01 -2.611000000000000040e-03
2.200000000000000000e+01 4.400000000000000000e+01 8.300000000000000000e+01 0.000000000000000000e+00 1.600000000000000089e+00 3.069999999999999812e-04 3.668999999999999952e-03 9.999930000000000208e-01 5.772209999999999841e-01 -8.165829999999999478e-01 2.818999999999999891e-03 8.165879999999999805e-01 5.772159999999999513e-01 -2.367999999999999879e-03
2.600000000000000000e+01 4.400000000000000000e+01 8.300000000000000000e+01 0.000000000000000000e+00 1.600000000000000089e+00 -5.550000000000000462e-04 -1.944999999999999897e-03 9.999980000000000535e-01 5.747100000000000541e-01 -8.183559999999999723e-01 -1.273000000000000043e-03 8.183570000000000011e-01 5.747079999999999966e-01 1.572999999999999962e-03
2.900000000000000000e+01 4.400000000000000000e+01 8.300000000000000000e+01 0.000000000000000000e+00 1.600000000000000089e+00 -2.477000000000000035e-03 -3.053999999999999857e-03 9.999919999999999920e-01 5.722390000000000532e-01 -8.200859999999999816e-01 -1.087000000000000076e-03 8.200830000000000064e-01 5.722319999999999629e-01 3.778999999999999807e-03
