1.300000000000000000e+01 9.000000000000000000e+01 4.000000000000000000e+00 0.000000000000000000e+00 1.600000000000000089e+00 2.115710000000000091e-01 5.847050000000000303e-01 -7.831719999999999793e-01 -3.055479999999999863e-01 8.007159999999999833e-01 5.152609999999999690e-01 9.283740000000000325e-01 1.302820000000000089e-01 3.480630000000000113e-01
3.000000000000000000e+00 8.700000000000000000e+01 6.000000000000000000e+00 0.000000000000000000e+00 1.600000000000000089e+00 -6.653529999999999722e-01 -6.676790000000000225e-01 -3.339320000000000066e-01 -7.463469999999999827e-01 6.048120000000000163e-01 2.777910000000000101e-01 1.649099999999999872e-02 4.340579999999999994e-01 -9.007340000000000346e-01
4.000000000000000000e+00 8.600000000000000000e+01 7.000000000000000000e+00 0.000000000000000000e+00 1.600000000000000089e+00 -6.798819999999999864e-01 -6.778899999999999926e-01 -2.796879999999999922e-01 -7.333210000000000006e-01 6.286070000000000269e-01 2.590230000000000032e-01 2.249999999999999938e-04 3.812070000000000181e-01 -9.244900000000000340e-01
2.700000000000000000e+01 1.010000000000000000e+02 7.000000000000000000e+00 0.000000000000000000e+00 1.600000000000000089e+00 -2.286300000000000138e-02 5.200799999999999867e-02 9.983849999999999669e-01 8.765610000000000346e-01 4.812640000000000251e-01 -4.996999999999999706e-03 -4.807469999999999799e-01 8.750310000000000032e-01 -5.659100000000000241e-02
5.000000000000000000e+00 2.500000000000000000e+01 8.000000000000000000e+00 0.000000000000000000e+00 1.600000000000000089e+00 1.119999999999999983e-04 -4.400000000000000157e-04 -1.000000000000000000e+00 4.530620000000000203e-01 8.914790000000000214e-01 -3.409999999999999945e-04 8.914790000000000214e-01 -4.530620000000000203e-01 2.990000000000000036e-04
1.400000000000000000e+01 2.500000000000000000e+01 8.000000000000000000e+00 0.000000000000000000e+00 1.600000000000000089e+00 1.273000000000000043e-03 5.692000000000000011e-03 -9.999829999999999552e-01 4.528070000000000150e-01 8.915910000000000224e-01 5.650999999999999773e-03 8.916079999999999561e-01 -4.528059999999999863e-01 -1.443000000000000055e-03
1.600000000000000000e+01 2.500000000000000000e+01 8.000000000000000000e+00 0.000000000000000000e+00 1.600000000000000089e+00 1.822000000000000052e-03 3.637000000000000042e-03 -9.999919999999999920e-01 4.511530000000000262e-01 8.924379999999999535e-01 4.067999999999999568e-03 8.924450000000000438e-01 -4.511560000000000015e-01 -1.500000000000000038e-05
2.100000000000000000e+01 2.500000000000000000e+01 8.000000000000000000e+00 0.000000000000000000e+00 1.600000000000000089e+00 1.569999999999999998e-03 2.458999999999999814e-03 -9.999959999999999960e-01 4.506470000000000198e-01 8.926969999999999628e-01 2.903000000000000198e-03 8.927009999999999668e-01 -4.506499999999999950e-01 2.930000000000000204e-04
2.700000000000000000e+01 2.500000000000000000e+01 8.000000000000000000e+00 0.000000000000000000e+00 1.600000000000000089e+00 -2.610000000000000015e-04 7.380000000000000275e-03 -9.999730000000000008e-01 4.523650000000000171e-01 8.918099999999999916e-01 6.464000000000000128e-03 8.918329999999999869e-01 -4.523510000000000031e-01 -3.570999999999999956e-03
4.000000000000000000e+00 2.400000000000000000e+01 9.000000000000000000e+00 0.000000000000000000e+00 1.600000000000000089e+00 -3.919999999999999873e-04 7.259999999999999743e-04 -1.000000000000000000e+00 4.553940000000000210e-01 8.902900000000000258e-01 4.679999999999999915e-04 8.902900000000000258e-01 -4.553929999999999922e-01 -6.790000000000000245e-04
8.000000000000000000e+00 2.400000000000000000e+01 9.000000000000000000e+00 0.000000000000000000e+00 1.600000000000000089e+00 -6.080000000000000335e-04 2.167999999999999788e-03 -9.999970000000000248e-01 4.568720000000000003e-01 8.895309999999999606e-01 1.650999999999999907e-03 8.895319999999999894e-01 -4.568699999999999983e-01 -1.531000000000000026e-03
1.200000000000000000e+01 2.400000000000000000e+01 9.000000000000000000e+00 0.000000000000000000e+00 1.600000000000000089e+00 6.260000000000000373e-04 4.903000000000000240e-03 -9.999879999999999880e-01 4.559309999999999752e-01 8.900029999999999886e-01 4.649000000000000354e-03 8.900150000000000006e-01 -4.559279999999999999e-01 -1.678000000000000021e-03
1.600000000000000000e+01 2.400000000000000000e+01 9.000000000000000000e+00 0.000000000000000000e+00 1.600000000000000089e+00 2.062000000000000031e-03 3.082999999999999803e-03 -9.999930000000000208e-01 4.538679999999999937e-01 8.910609999999999919e-01 3.683000000000000076e-03 8.910660000000000247e-01 -4.538730000000000264e-01 4.380000000000000213e-04
2.100000000000000000e+01 2.400000000000000000e+01 9.000000000000000000e+00 0.000000000000000000e+00 1.600000000000000089e+00 6.999999999999999929e-04 5.739000000000000178e-03 -9.999829999999999552e-01 4.533980000000000232e-01 8.912919999999999732e-01 5.433000000000000329e-03 8.913079999999999892e-01 -4.533940000000000192e-01 -1.978000000000000157e-03
2.800000000000000000e+01 2.400000000000000000e+01 9.000000000000000000e+00 0.000000000000000000e+00 1.600000000000000089e+00 -2.680000000000000090e-04 6.671999999999999979e-03 -9.999780000000000335e-01 4.547559999999999936e-01 8.905969999999999720e-01 5.819999999999999653e-03 8.906159999999999632e-01 -4.547450000000000103e-01 -3.272999999999999868e-03
6.000000000000000000e+00 1.200000000000000000e+01 1.000000000000000000e+01 0.000000000000000000e+00 1.600000000000000089e+00 -2.674999999999999861e-03 1.013000000000000012e-03 -9.999959999999999960e-01 -5.519519999999999982e-01 -8.338750000000000329e-01 6.319999999999999663e-04 -8.338710000000000289e-01 5.519519999999999982e-01 2.789999999999999945e-03
2.500000000000000000e+01 1.200000000000000000e+01 1.000000000000000000e+01 0.000000000000000000e+00 1.600000000000000089e+00 1.719999999999999958e-03 5.713000000000000196e-03 -9.999820000000000375e-01 -5.534320000000000350e-01 -8.328750000000000320e-01 -5.709999999999999798e-03 -8.328919999999999657e-01 5.534320000000000350e-01 1.729000000000000068e-03
2.400000000000000000e+01 4.000000000000000000e+00 1.100000000000000000e+01 0.000000000000000000e+00 1.600000000000000089e+00 1.764399999999999996e-02 -1.239870000000000000e-01 -9.921269999999999811e-01 1.298400000000000110e-01 9.841630000000000100e-01 -1.206829999999999986e-01 9.913779999999999815e-01 -1.266889999999999961e-01 3.346299999999999969e-02
2.100000000000000000e+01 3.100000000000000000e+01 1.200000000000000000e+01 0.000000000000000000e+00 1.600000000000000089e+00 -5.132000000000000277e-03 -2.469599999999999920e-02 9.996819999999999595e-01 -1.611500000000000085e-02 9.995669999999999833e-01 2.460999999999999993e-02 -9.998569999999999958e-01 -1.598400000000000168e-02 -5.527999999999999928e-03
2.600000000000000000e+01 3.100000000000000000e+01 1.200000000000000000e+01 0.000000000000000000e+00 1.600000000000000089e+00 -4.299999999999999894e-04 -1.949199999999999891e-02 9.998099999999999765e-01 -2.627200000000000021e-02 9.994650000000000478e-01 1.947400000000000173e-02 -9.996549999999999603e-01 -2.625900000000000109e-02 -9.420000000000000205e-04
2.000000000000000000e+01 3.500000000000000000e+01 1.200000000000000000e+01 0.000000000000000000e+00 1.600000000000000089e+00 -1.126399999999999971e-02 1.445500000000000083e-02 -9.998320000000000540e-01 5.002520000000000300e-01 -8.656890000000000418e-01 -1.815100000000000047e-02 -8.658059999999999645e-01 -5.003729999999999567e-01 2.520999999999999804e-03
5.000000000000000000e+00 8.400000000000000000e+01 1.200000000000000000e+01 0.000000000000000000e+00 1.600000000000000089e+00 -7.818410000000000082e-01 -5.960750000000000215e-01 -1.828089999999999993e-01 -6.234530000000000349e-01 7.447989999999999888e-01 2.378679999999999961e-01 -5.631999999999999854e-03 2.999479999999999924e-01 -9.539389999999999814e-01
1.000000000000000000e+01 9.600000000000000000e+01 1.200000000000000000e+01 0.000000000000000000e+00 1.600000000000000089e+00 -1.379900000000000050e-02 8.394540000000000335e-01 -5.432550000000000434e-01 -9.146009999999999973e-01 2.089870000000000061e-01 3.461650000000000005e-01 4.041230000000000100e-01 5.016380000000000283e-01 7.648819999999999508e-01
7.000000000000000000e+00 1.160000000000000000e+02 1.600000000000000000e+01 0.000000000000000000e+00 1.600000000000000089e+00 -8.613000000000000864e-03 -8.533999999999999919e-03 9.999259999999999815e-01 7.497509999999999453e-01 6.616100000000000314e-01 1.210400000000000018e-02 -6.616640000000000299e-01 7.498000000000000220e-01 6.999999999999999929e-04
3.000000000000000000e+00 1.300000000000000000e+01 2.000000000000000000e+01 0.000000000000000000e+00 1.600000000000000089e+00 -3.088000000000000033e-03 -1.013599999999999918e-02 9.999440000000000550e-01 2.487370000000000136e-01 9.685129999999999573e-01 1.058500000000000066e-02 -9.685660000000000380e-01 2.487560000000000049e-01 -4.699999999999999859e-04
5.000000000000000000e+00 1.300000000000000000e+01 2.000000000000000000e+01 0.000000000000000000e+00 1.600000000000000089e+00 -1.575000000000000011e-03 -9.259999999999999135e-03 9.999559999999999560e-01 2.491220000000000101e-01 9.684270000000000378e-01 9.360999999999999530e-03 -9.684709999999999708e-01 2.491259999999999863e-01 7.820000000000000345e-04
1.100000000000000000e+01 1.300000000000000000e+01 2.000000000000000000e+01 0.000000000000000000e+00 1.600000000000000089e+00 4.995000000000000308e-03 7.198999999999999670e-03 9.999620000000000175e-01 2.478160000000000085e-01 9.687719999999999665e-01 -8.212999999999999814e-03 -9.687940000000000440e-01 2.478480000000000127e-01 3.054999999999999990e-03
1.600000000000000000e+01 1.300000000000000000e+01 2.000000000000000000e+01 0.000000000000000000e+00 1.600000000000000089e+00 -1.268999999999999946e-03 -6.419999999999999925e-04 9.999989999999999712e-01 2.459989999999999954e-01 9.692699999999999649e-01 9.349999999999999587e-04 -9.692690000000000472e-01 2.459999999999999964e-01 -1.072000000000000036e-03
2.000000000000000000e+01 1.300000000000000000e+01 2.000000000000000000e+01 0.000000000000000000e+00 1.600000000000000089e+00 -2.348999999999999960e-03 -3.911000000000000414e-03 9.999900000000000455e-01 2.468289999999999929e-01 9.690490000000000492e-01 4.369999999999999753e-03 -9.690560000000000285e-01 2.468370000000000009e-01 -1.311000000000000099e-03
2.600000000000000000e+01 1.300000000000000000e+01 2.000000000000000000e+01 0.000000000000000000e+00 1.600000000000000089e+00 -6.377999999999999989e-03 -1.850200000000000108e-02 9.998080000000000300e-01 2.538409999999999833e-01 9.670490000000000475e-01 1.951500000000000110e-02 -9.672250000000000014e-01 2.539170000000000038e-01 -1.471000000000000085e-03
2.800000000000000000e+01 1.300000000000000000e+01 2.000000000000000000e+01 0.000000000000000000e+00 1.600000000000000089e+00 -1.069299999999999938e-02 -2.827999999999999958e-02 9.995429999999999593e-01 2.590839999999999810e-01 9.653859999999999664e-01 3.008600000000000163e-02 -9.657959999999999878e-01 2.592880000000000185e-01 -2.995999999999999965e-03
3.000000000000000000e+01 1.400000000000000000e+01 2.000000000000000000e+01 0.000000000000000000e+00 1.600000000000000089e+00 -1.030099999999999939e-02 -2.599800000000000028e-02 9.996089999999999698e-01 2.391320000000000112e-01 9.705920000000000103e-01 2.770699999999999899e-02 -9.709320000000000173e-01 2.393240000000000089e-01 -3.781000000000000073e-03
1.000000000000000000e+00 1.600000000000000000e+01 2.100000000000000000e+01 0.000000000000000000e+00 1.600000000000000089e+00 -5.163000000000000055e-03 -1.413200000000000046e-02 9.998869999999999703e-01 2.977770000000000139e-01 9.545169999999999488e-01 1.502900000000000069e-02 -9.546210000000000528e-01 2.978210000000000024e-01 -7.200000000000000453e-04
6.000000000000000000e+00 1.600000000000000000e+01 2.100000000000000000e+01 0.000000000000000000e+00 1.600000000000000089e+00 -7.060000000000000303e-04 -6.166999999999999739e-03 9.999810000000000088e-01 2.988580000000000125e-01 9.542779999999999596e-01 6.095999999999999856e-03 -9.542969999999999509e-01 2.988569999999999838e-01 1.168999999999999900e-03
9.000000000000000000e+00 1.600000000000000000e+01 2.100000000000000000e+01 0.000000000000000000e+00 1.600000000000000089e+00 4.870000000000000197e-03 5.801999999999999866e-03 9.999710000000000543e-01 2.984479999999999911e-01 9.544000000000000261e-01 -6.990999999999999819e-03 -9.544129999999999558e-01 2.984740000000000171e-01 2.916000000000000189e-03
2.600000000000000000e+01 1.600000000000000000e+01 2.100000000000000000e+01 0.000000000000000000e+00 1.600000000000000089e+00 -2.994000000000000133e-03 -8.722999999999999851e-03 9.999580000000000135e-01 2.990670000000000273e-01 9.541880000000000361e-01 9.218999999999999764e-03 -9.542279999999999651e-01 2.990809999999999858e-01 -2.480000000000000108e-04
1.400000000000000000e+01 4.600000000000000000e+01 2.700000000000000000e+01 0.000000000000000000e+00 1.600000000000000089e+00 1.127099999999999977e-02 1.722800000000000026e-02 -9.997880000000000100e-01 6.349690000000000056e-01 7.722670000000000368e-01 2.046600000000000155e-02 7.724560000000000315e-01 -6.350649999999999906e-01 -2.235000000000000007e-03
2.000000000000000000e+01 4.600000000000000000e+01 2.700000000000000000e+01 0.000000000000000000e+00 1.600000000000000089e+00 -2.089999999999999844e-03 -9.459999999999999659e-03 -9.999529999999999808e-01 6.784259999999999735e-01 7.346209999999999685e-01 -8.368000000000000438e-03 7.346660000000000412e-01 -6.784120000000000150e-01 4.882000000000000055e-03
2.300000000000000000e+01 4.600000000000000000e+01 3.000000000000000000e+01 0.000000000000000000e+00 1.600000000000000089e+00 -2.500000000000000052e-04 -4.486999999999999669e-03 -9.999900000000000455e-01 3.250020000000000131e-01 9.457029999999999603e-01 -4.324999999999999852e-03 9.457130000000000258e-01 -3.250000000000000111e-01 1.221999999999999996e-03
8.000000000000000000e+00 8.000000000000000000e+01 3.000000000000000000e+01 0.000000000000000000e+00 1.600000000000000089e+00 -9.172890000000000210e-01 -3.903650000000000175e-01 -7.871499999999999331e-02 -3.982169999999999876e-01 8.981630000000000447e-01 1.863499999999999879e-01 -2.044999999999999943e-03 2.022819999999999896e-01 -9.793250000000000011e-01
9.000000000000000000e+00 9.000000000000000000e+01 3.000000000000000000e+01 0.000000000000000000e+00 1.600000000000000089e+00 -9.294360000000000399e-01 3.247780000000000111e-01 -1.751209999999999989e-01 2.585500000000000020e-01 9.118490000000000206e-01 3.188770000000000215e-01 2.632479999999999820e-01 2.510979999999999879e-01 -9.314769999999999994e-01
6.000000000000000000e+00 5.100000000000000000e+01 3.100000000000000000e+01 0.000000000000000000e+00 1.600000000000000089e+00 2.580999999999999961e-02 3.977240000000000220e-01 -9.171420000000000128e-01 5.470420000000000282e-01 -7.735100000000000309e-01 -3.200430000000000219e-01 -8.367069999999999785e-01 -4.934540000000000037e-01 -2.375359999999999971e-01
6.000000000000000000e+00 5.200000000000000000e+01 3.200000000000000000e+01 0.000000000000000000e+00 1.600000000000000089e+00 3.872099999999999848e-02 4.208700000000000219e-01 -9.062940000000000440e-01 5.376199999999999868e-01 -7.732900000000000329e-01 -3.361350000000000171e-01 -8.422979999999999912e-01 -4.742259999999999809e-01 -2.562099999999999933e-01
1.700000000000000000e+01 5.600000000000000000e+01 3.300000000000000000e+01 0.000000000000000000e+00 1.600000000000000089e+00 1.294170000000000043e-01 1.750289999999999901e-01 -9.760199999999999987e-01 2.829329999999999901e-01 -9.498980000000000201e-01 -1.328290000000000026e-01 -9.503690000000000193e-01 -2.589580000000000215e-01 -1.724539999999999962e-01
1.500000000000000000e+01 4.600000000000000000e+01 3.500000000000000000e+01 0.000000000000000000e+00 1.600000000000000089e+00 1.273400000000000053e-02 8.002700000000000091e-02 -9.967110000000000136e-01 3.803420000000000134e-01 -9.222540000000000182e-01 -6.919000000000000150e-02 -9.247579999999999689e-01 -3.782099999999999906e-01 -4.218100000000000321e-02
2.100000000000000000e+01 4.600000000000000000e+01 3.500000000000000000e+01 0.000000000000000000e+00 1.600000000000000089e+00 7.169999999999999724e-04 8.333999999999999395e-03 -9.999649999999999928e-01 3.902680000000000038e-01 -9.206720000000000459e-01 -7.393000000000000266e-03 -9.207009999999999916e-01 -3.902490000000000125e-01 -3.912999999999999812e-03
2.600000000000000000e+01 4.600000000000000000e+01 3.500000000000000000e+01 0.000000000000000000e+00 1.600000000000000089e+00 -1.200000000000000030e-04 7.922999999999999488e-03 -9.999689999999999968e-01 3.913189999999999724e-01 -9.202259999999999884e-01 -7.337999999999999905e-03 -9.202550000000000452e-01 -3.913079999999999892e-01 -2.990000000000000036e-03
9.000000000000000000e+00 7.900000000000000000e+01 3.500000000000000000e+01 0.000000000000000000e+00 1.600000000000000089e+00 -9.399659999999999682e-01 -3.375179999999999847e-01 -5.045299999999999785e-02 -3.411680000000000268e-01 9.257910000000000306e-01 1.628370000000000095e-01 -8.252000000000000654e-03 1.702740000000000087e-01 -9.853619999999999601e-01
1.000000000000000000e+01 8.900000000000000000e+01 3.500000000000000000e+01 0.000000000000000000e+00 1.600000000000000089e+00 -6.058590000000000364e-01 7.671729999999999938e-01 -2.106649999999999912e-01 7.195120000000000404e-01 6.413649999999999629e-01 2.663699999999999957e-01 3.394650000000000167e-01 9.806999999999999745e-03 -9.405679999999999596e-01
1.600000000000000000e+01 7.400000000000000000e+01 3.600000000000000000e+01 0.000000000000000000e+00 1.600000000000000089e+00 -4.300760000000000138e-01 8.560649999999999649e-01 2.866850000000000231e-01 -8.944330000000000336e-01 -3.609240000000000226e-01 -2.640509999999999802e-01 -1.225730000000000014e-01 -3.699830000000000063e-01 9.209169999999999856e-01
1.000000000000000000e+01 7.800000000000000000e+01 3.600000000000000000e+01 0.000000000000000000e+00 1.600000000000000089e+00 -7.865799999999999459e-01 -6.135739999999999528e-01 -6.941500000000000448e-02 -6.158099999999999685e-01 7.711879999999999846e-01 1.613880000000000037e-01 -4.549099999999999672e-02 1.696910000000000085e-01 -9.844469999999999610e-01
2.200000000000000000e+01 6.700000000000000000e+01 4.300000000000000000e+01 0.000000000000000000e+00 1.600000000000000089e+00 -2.910000000000000260e-04 2.409100000000000130e-02 -9.997099999999999875e-01 -4.521850000000000036e-01 8.916619999999999546e-01 2.161899999999999933e-02 8.919240000000000501e-01 4.520600000000000174e-01 1.063399999999999936e-02
2.000000000000000000e+00 2.900000000000000000e+01 4.400000000000000000e+01 0.000000000000000000e+00 1.600000000000000089e+00 -2.680000000000000090e-04 -1.119999999999999902e-03 -9.999989999999999712e-01 6.530350000000000321e-01 7.573269999999999724e-01 -1.023000000000000038e-03 7.573280000000000012e-01 -6.530350000000000321e-01 5.280000000000000405e-04
5.000000000000000000e+00 2.900000000000000000e+01 4.400000000000000000e+01 0.000000000000000000e+00 1.600000000000000089e+00 7.290000000000000473e-04 -1.476000000000000098e-03 -9.999989999999999712e-01 6.559949999999999948e-01 7.547650000000000192e-01 -6.359999999999999551e-04 7.547650000000000192e-01 -6.559939999999999660e-01 1.518999999999999951e-03
1.600000000000000000e+01 2.900000000000000000e+01 4.400000000000000000e+01 0.000000000000000000e+00 1.600000000000000089e+00 -1.683999999999999950e-03 4.146999999999999645e-03 -9.999900000000000455e-01 6.575969999999999871e-01 7.533670000000000089e-01 2.017000000000000130e-03 7.533680000000000376e-01 -6.575870000000000326e-01 -3.995000000000000287e-03
1.900000000000000000e+01 2.900000000000000000e+01 4.400000000000000000e+01 0.000000000000000000e+00 1.600000000000000089e+00 -1.812999999999999941e-03 4.789999999999999987e-03 -9.999869999999999592e-01 6.602209999999999468e-01 7.510679999999999579e-01 2.400999999999999922e-03 7.510689999999999866e-01 -6.602080000000000171e-01 -4.524000000000000243e-03
2.500000000000000000e+01 2.900000000000000000e+01 4.400000000000000000e+01 0.000000000000000000e+00 1.600000000000000089e+00 -7.320000000000000118e-04 -1.379999999999999933e-03 -9.999989999999999712e-01 6.605480000000000240e-01 7.507819999999999494e-01 -1.520000000000000084e-03 7.507840000000000069e-01 -6.605480000000000240e-01 3.620000000000000171e-04
2.800000000000000000e+01 2.900000000000000000e+01 4.400000000000000000e+01 0.000000000000000000e+00 1.600000000000000089e+00 -1.663999999999999898e-03 -3.448999999999999809e-03 -9.999930000000000208e-01 6.610350000000000392e-01 7.503459999999999575e-01 -3.687999999999999872e-03 7.503530000000000477e-01 -6.610369999999999857e-01 1.031999999999999931e-03
2.000000000000000000e+01 6.900000000000000000e+01 4.700000000000000000e+01 0.000000000000000000e+00 1.600000000000000089e+00 -9.622400000000000397e-02 -1.784070000000000100e-01 -9.792399999999999993e-01 -9.918169999999999487e-01 -6.574299999999999589e-02 1.094370000000000065e-01 -8.390200000000000435e-02 9.817580000000000195e-01 -1.706209999999999949e-01
9.000000000000000000e+00 5.900000000000000000e+01 4.800000000000000000e+01 0.000000000000000000e+00 1.600000000000000089e+00 4.849300000000000277e-01 3.321799999999999753e-01 -8.090110000000000356e-01 -8.352450000000000152e-01 4.501299999999999746e-01 -3.158309999999999729e-01 2.592479999999999785e-01 8.288790000000000324e-01 4.957329999999999792e-01
2.300000000000000000e+01 6.800000000000000000e+01 4.800000000000000000e+01 0.000000000000000000e+00 1.600000000000000089e+00 -2.914999999999999883e-02 -1.581770000000000120e-01 -9.869799999999999685e-01 -9.689069999999999627e-01 -2.382370000000000043e-01 6.679699999999999527e-02 -2.457010000000000027e-01 9.582399999999999807e-01 -1.463139999999999996e-01
2.700000000000000000e+01 6.100000000000000000e+01 4.900000000000000000e+01 0.000000000000000000e+00 1.600000000000000089e+00 -1.189800000000000059e-02 2.318100000000000022e-02 9.996599999999999930e-01 -6.404680000000000373e-01 7.675640000000000240e-01 -2.542099999999999915e-02 -7.678930000000000478e-01 -6.405530000000000390e-01 5.714000000000000329e-03
9.000000000000000000e+00 7.400000000000000000e+01 4.900000000000000000e+01 0.000000000000000000e+00 1.600000000000000089e+00 4.305400000000000199e-02 5.813279999999999559e-01 8.125289999999999457e-01 -9.658830000000000471e-01 2.321030000000000038e-01 -1.148799999999999960e-01 -2.553730000000000167e-01 -7.798629999999999729e-01 5.714879999999999960e-01
4.000000000000000000e+00 5.000000000000000000e+00 5.100000000000000000e+01 0.000000000000000000e+00 1.600000000000000089e+00 1.350000000000000071e-03 -3.018999999999999982e-03 -9.999949999999999672e-01 4.893100000000000227e-01 -8.721039999999999903e-01 3.292999999999999920e-03 -8.721090000000000231e-01 -4.893109999999999959e-01 2.990000000000000036e-04
1.100000000000000000e+01 5.000000000000000000e+00 5.100000000000000000e+01 0.000000000000000000e+00 1.600000000000000089e+00 2.311000000000000120e-03 9.000000000000000228e-06 -9.999970000000000248e-01 4.846440000000000192e-01 -8.747110000000000163e-01 1.111999999999999924e-03 -8.747080000000000410e-01 -4.846449999999999925e-01 -2.026000000000000023e-03
2.000000000000000000e+01 5.000000000000000000e+00 5.100000000000000000e+01 0.000000000000000000e+00 1.600000000000000089e+00 -1.108000000000000044e-03 -2.759999999999999867e-04 -9.999989999999999712e-01 4.829229999999999912e-01 -8.756629999999999692e-01 -2.930000000000000204e-04 -8.756620000000000514e-01 -4.829229999999999912e-01 1.103000000000000031e-03
2.400000000000000000e+01 5.000000000000000000e+00 5.100000000000000000e+01 0.000000000000000000e+00 1.600000000000000089e+00 -4.603999999999999586e-03 -2.562000000000000041e-03 -9.999860000000000415e-01 4.865789999999999837e-01 -8.736369999999999969e-01 -1.999999999999999909e-06 -8.736249999999999849e-01 -4.865720000000000045e-01 5.269000000000000246e-03
1.000000000000000000e+01 6.400000000000000000e+01 5.100000000000000000e+01 0.000000000000000000e+00 1.600000000000000089e+00 1.269589999999999885e-01 -3.708879999999999955e-01 -9.199580000000000535e-01 5.311160000000000325e-01 8.087239999999999984e-01 -2.527460000000000262e-01 8.377329999999999499e-01 -4.565159999999999774e-01 2.996599999999999819e-01
1.600000000000000000e+01 1.150000000000000000e+02 5.100000000000000000e+01 0.000000000000000000e+00 1.600000000000000089e+00 -1.016599999999999969e-02 7.884999999999999648e-03 9.999169999999999447e-01 8.509799999999999587e-01 -5.250430000000000375e-01 1.279199999999999955e-02 5.251000000000000112e-01 8.510389999999999899e-01 -1.373000000000000088e-03
7.000000000000000000e+00 8.000000000000000000e+01 5.200000000000000000e+01 0.000000000000000000e+00 1.600000000000000089e+00 5.979099999999999693e-02 -1.798859999999999904e-01 9.818689999999999918e-01 1.068230000000000013e-01 9.791330000000000311e-01 1.728790000000000049e-01 -9.924790000000000001e-01 9.454899999999999416e-02 7.775899999999999479e-02
2.600000000000000000e+01 6.300000000000000000e+01 5.400000000000000000e+01 0.000000000000000000e+00 1.600000000000000089e+00 7.662000000000000408e-03 3.496400000000000202e-02 9.993589999999999973e-01 -1.824399999999999911e-01 9.826639999999999819e-01 -3.298100000000000337e-02 -9.831870000000000331e-01 -1.820700000000000096e-01 1.390800000000000022e-02
2.800000000000000000e+01 6.300000000000000000e+01 5.400000000000000000e+01 0.000000000000000000e+00 1.600000000000000089e+00 -1.797999999999999902e-03 3.826000000000000234e-02 9.992659999999999876e-01 -1.778129999999999988e-01 9.833319999999999839e-01 -3.796900000000000275e-02 -9.840630000000000210e-01 -1.777509999999999923e-01 5.035000000000000413e-03
2.100000000000000000e+01 7.100000000000000000e+01 5.400000000000000000e+01 0.000000000000000000e+00 1.600000000000000089e+00 -2.283040000000000069e-01 6.248829999999999663e-01 7.465910000000000046e-01 -9.621760000000000312e-01 -2.773600000000000024e-02 -2.710139999999999771e-01 -1.486449999999999994e-01 -7.802249999999999464e-01 6.075800000000000090e-01
2.800000000000000000e+01 7.500000000000000000e+01 5.400000000000000000e+01 0.000000000000000000e+00 1.600000000000000089e+00 -3.893099999999999894e-01 -9.578599999999999615e-02 9.161129999999999551e-01 -9.078889999999999461e-01 -1.279780000000000084e-01 -3.991970000000000240e-01 1.554800000000000071e-01 -9.871410000000000462e-01 -3.713999999999999940e-02
4.000000000000000000e+00 2.500000000000000000e+01 5.500000000000000000e+01 0.000000000000000000e+00 1.600000000000000089e+00 -1.268000000000000030e-03 4.199999999999999768e-05 -9.999989999999999712e-01 -1.060099999999999931e-02 -9.999440000000000550e-01 -2.900000000000000017e-05 -9.999430000000000263e-01 1.060099999999999931e-02 1.268999999999999946e-03
9.000000000000000000e+00 2.500000000000000000e+01 5.500000000000000000e+01 0.000000000000000000e+00 1.600000000000000089e+00 -1.255999999999999955e-03 4.132000000000000256e-03 -9.999909999999999632e-01 -8.803000000000000061e-03 -9.999529999999999808e-01 -4.120000000000000398e-03 -9.999599999999999600e-01 8.796999999999999265e-03 1.291999999999999963e-03
1.300000000000000000e+01 2.500000000000000000e+01 5.500000000000000000e+01 0.000000000000000000e+00 1.600000000000000089e+00 -8.239999999999999712e-04 2.347999999999999827e-03 -9.999970000000000248e-01 -7.668999999999999602e-03 -9.999679999999999680e-01 -2.341999999999999898e-03 -9.999700000000000255e-01 7.667000000000000204e-03 8.419999999999999750e-04
1.700000000000000000e+01 2.500000000000000000e+01 5.500000000000000000e+01 0.000000000000000000e+00 1.600000000000000089e+00 1.769999999999999926e-04 8.790000000000000070e-04 -1.000000000000000000e+00 -7.389999999999999868e-03 -9.999719999999999720e-01 -8.800000000000000313e-04 -9.999730000000000008e-01 7.389999999999999868e-03 -1.700000000000000122e-04
1.900000000000000000e+01 2.500000000000000000e+01 5.500000000000000000e+01 0.000000000000000000e+00 1.600000000000000089e+00 6.980000000000000527e-04 -3.049999999999999868e-04 -1.000000000000000000e+00 -7.131000000000000186e-03 -9.999749999999999472e-01 2.999999999999999737e-04 -9.999740000000000295e-01 7.131000000000000186e-03 -7.010000000000000172e-04
2.300000000000000000e+01 2.500000000000000000e+01 5.500000000000000000e+01 0.000000000000000000e+00 1.600000000000000089e+00 1.900000000000000105e-05 -4.057999999999999975e-03 -9.999919999999999920e-01 -8.118000000000000216e-03 -9.999590000000000423e-01 4.057999999999999975e-03 -9.999670000000000503e-01 8.118000000000000216e-03 -5.199999999999999680e-05
9.000000000000000000e+00 5.800000000000000000e+01 5.500000000000000000e+01 0.000000000000000000e+00 1.600000000000000089e+00 -8.556999999999999329e-02 -3.062670000000000115e-01 9.480920000000000458e-01 -1.588440000000000130e-01 9.436050000000000271e-01 2.904809999999999892e-01 -9.835880000000000178e-01 -1.257419999999999927e-01 -1.293930000000000080e-01
2.100000000000000000e+01 8.500000000000000000e+01 5.500000000000000000e+01 0.000000000000000000e+00 1.600000000000000089e+00 8.204999999999999793e-02 -3.963320000000000176e-01 -9.144330000000000513e-01 8.177440000000000264e-01 -4.977139999999999898e-01 2.890929999999999889e-01 -5.697029999999999594e-01 -7.714929999999999843e-01 2.832609999999999850e-01
1.900000000000000000e+01 6.600000000000000000e+01 5.700000000000000000e+01 0.000000000000000000e+00 1.600000000000000089e+00 -8.456999999999999240e-03 5.154940000000000078e-01 8.568519999999999470e-01 -2.198680000000000079e-01 8.349539999999999740e-01 -5.044899999999999940e-01 -9.754930000000000545e-01 -1.926609999999999989e-01 1.062789999999999985e-01
1.000000000000000000e+00 6.800000000000000000e+01 5.700000000000000000e+01 0.000000000000000000e+00 1.600000000000000089e+00 4.981000000000000184e-03 4.279999999999999950e-04 -9.999869999999999592e-01 -2.511709999999999776e-01 -9.679410000000000514e-01 -1.665999999999999946e-03 -9.679299999999999571e-01 2.511760000000000104e-01 -4.714000000000000308e-03
7.000000000000000000e+00 5.800000000000000000e+01 5.900000000000000000e+01 0.000000000000000000e+00 1.600000000000000089e+00 -6.493799999999999573e-02 -1.760950000000000015e-01 -9.822290000000000187e-01 1.941309999999999980e-01 9.632709999999999884e-01 -1.855310000000000015e-01 9.788240000000000274e-01 -2.027289999999999925e-01 -2.836699999999999985e-02
6.000000000000000000e+00 2.100000000000000000e+01 6.000000000000000000e+01 0.000000000000000000e+00 1.600000000000000089e+00 1.887999999999999921e-03 -2.190000000000000106e-04 9.999980000000000535e-01 -9.453000000000000291e-02 9.955220000000000180e-01 3.959999999999999762e-04 -9.955199999999999605e-01 -9.453000000000000291e-02 1.858999999999999975e-03
1.400000000000000000e+01 2.100000000000000000e+01 6.000000000000000000e+01 0.000000000000000000e+00 1.600000000000000089e+00 -2.475000000000000203e-03 -5.433999999999999594e-03 9.999820000000000375e-01 -9.717599999999999849e-02 9.952539999999999720e-01 5.167999999999999851e-03 -9.952640000000000375e-01 -9.716199999999999837e-02 -2.991000000000000169e-03
1.900000000000000000e+01 2.100000000000000000e+01 6.000000000000000000e+01 0.000000000000000000e+00 1.600000000000000089e+00 -8.819999999999999715e-04 -3.969999999999999571e-03 9.999919999999999920e-01 -9.703599999999999726e-02 9.952729999999999633e-01 3.866000000000000079e-03 -9.952800000000000535e-01 -9.703199999999999326e-02 -1.263000000000000017e-03
2.800000000000000000e+01 2.100000000000000000e+01 6.000000000000000000e+01 0.000000000000000000e+00 1.600000000000000089e+00 3.937999999999999660e-03 9.120000000000000502e-04 9.999919999999999920e-01 -9.399200000000000610e-02 9.955730000000000413e-01 -5.379999999999999583e-04 -9.955650000000000333e-01 -9.398900000000000310e-02 4.006000000000000012e-03
1.900000000000000000e+01 6.800000000000000000e+01 6.000000000000000000e+01 0.000000000000000000e+00 1.600000000000000089e+00 1.368510000000000004e-01 -3.558049999999999824e-01 9.244860000000000300e-01 4.684840000000000115e-01 -7.990530000000000133e-01 -3.768790000000000195e-01 8.728080000000000283e-01 4.846829999999999750e-01 5.733800000000000008e-02
5.000000000000000000e+00 6.000000000000000000e+00 6.100000000000000000e+01 0.000000000000000000e+00 1.600000000000000089e+00 -5.943999999999999631e-03 -1.109199999999999943e-02 9.999209999999999487e-01 5.705360000000000431e-01 -8.212519999999999820e-01 -5.717999999999999992e-03 8.212509999999999533e-01 5.704569999999999919e-01 1.120999999999999948e-02
2.000000000000000000e+01 3.000000000000000000e+00 6.300000000000000000e+01 0.000000000000000000e+00 1.600000000000000089e+00 1.121999999999999950e-03 1.949999999999999965e-04 9.999989999999999712e-01 -6.142940000000000067e-01 7.890770000000000284e-01 5.349999999999999938e-04 -7.890759999999999996e-01 -6.142940000000000067e-01 1.005000000000000034e-03
5.000000000000000000e+00 2.700000000000000000e+01 6.300000000000000000e+01 0.000000000000000000e+00 1.600000000000000089e+00 6.780000000000000002e-04 3.268000000000000071e-03 9.999940000000000495e-01 -2.677149999999999808e-01 9.634939999999999616e-01 -2.967000000000000019e-03 -9.634979999999999656e-01 -2.677120000000000055e-01 1.528000000000000061e-03
1.600000000000000000e+01 2.700000000000000000e+01 6.300000000000000000e+01 0.000000000000000000e+00 1.600000000000000089e+00 -2.785000000000000149e-03 -2.559000000000000077e-03 9.999930000000000208e-01 -2.690009999999999901e-01 9.631380000000000496e-01 1.716000000000000077e-03 -9.631359999999999921e-01 -2.689940000000000109e-01 -3.370999999999999865e-03
2.000000000000000000e+01 2.700000000000000000e+01 6.300000000000000000e+01 0.000000000000000000e+00 1.600000000000000089e+00 -1.139000000000000038e-03 -3.520000000000000125e-03 9.999930000000000208e-01 -2.702060000000000017e-01 9.627980000000000427e-01 3.082000000000000104e-03 -9.628020000000000467e-01 -2.701999999999999957e-01 -2.047999999999999907e-03
2.400000000000000000e+01 2.700000000000000000e+01 6.300000000000000000e+01 0.000000000000000000e+00 1.600000000000000089e+00 6.399999999999999710e-05 6.930000000000000396e-04 1.000000000000000000e+00 -2.688949999999999951e-01 9.631690000000000529e-01 -6.499999999999999702e-04 -9.631690000000000529e-01 -2.688949999999999951e-01 2.480000000000000108e-04
3.000000000000000000e+01 2.700000000000000000e+01 6.300000000000000000e+01 0.000000000000000000e+00 1.600000000000000089e+00 -2.915000000000000056e-03 1.801000000000000083e-03 9.999940000000000495e-01 -2.698900000000000188e-01 9.628879999999999661e-01 -2.520999999999999804e-03 -9.628870000000000484e-01 -2.698960000000000248e-01 -2.321000000000000146e-03
1.600000000000000000e+01 8.200000000000000000e+01 6.300000000000000000e+01 0.000000000000000000e+00 1.600000000000000089e+00 9.068479999999999874e-01 -3.343900000000000206e-01 -2.565359999999999863e-01 -3.504979999999999762e-01 -9.363820000000000476e-01 -1.844399999999999859e-02 -2.340480000000000060e-01 1.066409999999999997e-01 -9.663589999999999680e-01
5.000000000000000000e+00 2.600000000000000000e+01 6.400000000000000000e+01 0.000000000000000000e+00 1.600000000000000089e+00 5.000000000000000409e-06 3.392000000000000050e-03 9.999940000000000495e-01 -3.463459999999999872e-01 9.381009999999999627e-01 -3.180000000000000101e-03 -9.381070000000000242e-01 -3.463439999999999852e-01 1.178999999999999927e-03
1.000000000000000000e+01 2.600000000000000000e+01 6.400000000000000000e+01 0.000000000000000000e+00 1.600000000000000089e+00 1.830999999999999945e-03 1.649000000000000075e-03 9.999970000000000248e-01 -3.470130000000000159e-01 9.378600000000000270e-01 -9.110000000000000259e-04 -9.378589999999999982e-01 -3.470099999999999851e-01 2.288999999999999802e-03
1.700000000000000000e+01 2.600000000000000000e+01 6.400000000000000000e+01 0.000000000000000000e+00 1.600000000000000089e+00 -2.443999999999999992e-03 -2.736999999999999850e-03 9.999930000000000208e-01 -3.485440000000000205e-01 9.372909999999999853e-01 1.714000000000000029e-03 -9.372890000000000388e-01 -3.485369999999999857e-01 -3.243999999999999922e-03
2.200000000000000000e+01 2.600000000000000000e+01 6.400000000000000000e+01 0.000000000000000000e+00 1.600000000000000089e+00 -5.199999999999999544e-04 -3.373999999999999829e-03 9.999940000000000495e-01 -3.528479999999999950e-01 9.356759999999999522e-01 2.972999999999999948e-03 -9.356799999999999562e-01 -3.528450000000000197e-01 -1.677000000000000105e-03
2.600000000000000000e+01 2.600000000000000000e+01 6.400000000000000000e+01 0.000000000000000000e+00 1.600000000000000089e+00 -4.670000000000000214e-04 3.712000000000000022e-03 9.999930000000000208e-01 -3.515130000000000199e-01 9.361760000000000081e-01 -3.638999999999999874e-03 -9.361829999999999874e-01 -3.515119999999999911e-01 8.679999999999999565e-04
2.800000000000000000e+01 7.600000000000000000e+01 6.400000000000000000e+01 0.000000000000000000e+00 1.600000000000000089e+00 -5.138580000000000370e-01 -7.426469999999999461e-01 -4.294479999999999964e-01 -8.256809999999999983e-01 5.639950000000000241e-01 1.265200000000000005e-02 2.328109999999999902e-01 3.610889999999999933e-01 -9.030030000000000001e-01
1.500000000000000000e+01 6.900000000000000000e+01 6.500000000000000000e+01 0.000000000000000000e+00 1.600000000000000089e+00 -1.269569999999999865e-01 4.846610000000000085e-01 8.654399999999999871e-01 -9.613939999999999708e-01 1.546220000000000094e-01 -2.276239999999999930e-01 -2.441369999999999929e-01 -8.609269999999999978e-01 4.463199999999999945e-01
5.000000000000000000e+00 6.900000000000000000e+01 6.600000000000000000e+01 0.000000000000000000e+00 1.600000000000000089e+00 5.324999999999999872e-03 -2.394999999999999993e-03 9.999829999999999552e-01 -9.497569999999999624e-01 3.129339999999999899e-01 5.806999999999999662e-03 -3.129419999999999980e-01 -9.497719999999999496e-01 -6.080000000000000335e-04
2.600000000000000000e+01 7.000000000000000000e+01 7.100000000000000000e+01 0.000000000000000000e+00 1.600000000000000089e+00 -2.474010000000000098e-01 8.664060000000000095e-01 4.337440000000000184e-01 -9.647090000000000387e-01 -2.619250000000000189e-01 -2.705799999999999872e-02 9.016499999999999515e-02 -4.251309999999999811e-01 9.006300000000000416e-01
1.200000000000000000e+01 8.300000000000000000e+01 7.200000000000000000e+01 0.000000000000000000e+00 1.600000000000000089e+00 8.274669999999999526e-01 4.887699999999999823e-01 -2.764099999999999890e-01 -3.507700000000000262e-01 6.554899999999999616e-02 -9.341650000000000231e-01 -4.384730000000000016e-01 8.699470000000000258e-01 2.256859999999999977e-01
5.000000000000000000e+00 2.500000000000000000e+01 7.300000000000000000e+01 0.000000000000000000e+00 1.600000000000000089e+00 -2.814000000000000095e-03 -6.451000000000000137e-03 9.999749999999999472e-01 7.400910000000000544e-01 -6.725029999999999619e-01 -2.256000000000000193e-03 6.725010000000000154e-01 7.400660000000000016e-01 6.667000000000000183e-03
1.900000000000000000e+01 2.500000000000000000e+01 7.300000000000000000e+01 0.000000000000000000e+00 1.600000000000000089e+00 1.825999999999999932e-03 4.257000000000000367e-03 9.999890000000000168e-01 7.445460000000000411e-01 -6.675689999999999680e-01 1.482999999999999943e-03 6.675680000000000502e-01 7.445359999999999756e-01 -4.388000000000000407e-03
2.300000000000000000e+01 2.500000000000000000e+01 7.300000000000000000e+01 0.000000000000000000e+00 1.600000000000000089e+00 3.468000000000000162e-03 3.073999999999999910e-03 9.999890000000000168e-01 7.459839999999999804e-01 -6.659629999999999717e-01 -5.400000000000000069e-04 6.659549999999999637e-01 7.459780000000000300e-01 -4.602000000000000188e-03
2.700000000000000000e+01 2.500000000000000000e+01 7.300000000000000000e+01 0.000000000000000000e+00 1.600000000000000089e+00 -3.890999999999999927e-03 -3.026000000000000044e-03 9.999879999999999880e-01 7.448890000000000233e-01 -6.671880000000000033e-01 8.790000000000000070e-04 6.671770000000000200e-01 7.448829999999999618e-01 4.850000000000000144e-03
