2.600000000000000000e+01 2.500000000000000000e+01 1.000000000000000000e+00 0.000000000000000000e+00 1.600000000000000089e+00 -3.543999999999999841e-03 -4.504000000000000191e-03 -9.999839999999999840e-01 -5.307960000000000456e-01 -8.474810000000000398e-01 5.697999999999999940e-03 -8.474920000000000231e-01 5.308070000000000288e-01 6.130000000000000466e-04
1.000000000000000000e+01 1.500000000000000000e+01 4.000000000000000000e+00 0.000000000000000000e+00 1.600000000000000089e+00 2.410999999999999949e-03 1.015999999999999976e-03 9.999970000000000248e-01 2.815739999999999910e-01 -9.595390000000000308e-01 2.959999999999999849e-04 9.595359999999999445e-01 2.815719999999999890e-01 -2.599999999999999881e-03
1.400000000000000000e+01 1.500000000000000000e+01 4.000000000000000000e+00 0.000000000000000000e+00 1.600000000000000089e+00 -9.430000000000000448e-04 2.931000000000000012e-03 9.999949999999999672e-01 2.913020000000000054e-01 -9.566259999999999764e-01 3.079000000000000140e-03 9.566310000000000091e-01 2.913029999999999786e-01 4.800000000000000122e-05
2.000000000000000000e+01 1.500000000000000000e+01 4.000000000000000000e+00 0.000000000000000000e+00 1.600000000000000089e+00 4.110000000000000155e-04 -2.746000000000000177e-03 9.999959999999999960e-01 2.939590000000000258e-01 -9.558140000000000525e-01 -2.745000000000000044e-03 9.558179999999999454e-01 2.939590000000000258e-01 4.150000000000000043e-04
2.600000000000000000e+01 1.500000000000000000e+01 4.000000000000000000e+00 0.000000000000000000e+00 1.600000000000000089e+00 9.829999999999999329e-04 -1.881899999999999892e-02 9.998219999999999885e-01 2.921369999999999800e-01 -9.562019999999999964e-01 -1.828499999999999917e-02 9.563760000000000039e-01 2.921030000000000015e-01 4.558000000000000419e-03
1.000000000000000000e+01 1.010000000000000000e+02 7.000000000000000000e+00 0.000000000000000000e+00 1.600000000000000089e+00 -9.610000000000000486e-04 -6.768999999999999843e-03 9.999770000000000048e-01 8.856469999999999620e-01 4.643419999999999770e-01 3.994000000000000154e-03 -4.643579999999999930e-01 8.856300000000000283e-01 5.549000000000000113e-03
1.400000000000000000e+01 1.010000000000000000e+02 7.000000000000000000e+00 0.000000000000000000e+00 1.600000000000000089e+00 2.057999999999999934e-03 1.652999999999999955e-03 9.999959999999999960e-01 8.849759999999999849e-01 4.656299999999999883e-01 -2.590999999999999987e-03 -4.656330000000000191e-01 8.849780000000000424e-01 -5.050000000000000235e-04
2.200000000000000000e+01 1.010000000000000000e+02 7.000000000000000000e+00 0.000000000000000000e+00 1.600000000000000089e+00 -2.063000000000000164e-03 -1.562299999999999973e-02 9.998759999999999870e-01 8.867660000000000542e-01 4.621299999999999852e-01 9.050000000000000752e-03 -4.622140000000000137e-01 8.866749999999999909e-01 1.290000000000000001e-02
8.000000000000000000e+00 1.500000000000000000e+01 8.000000000000000000e+00 0.000000000000000000e+00 1.600000000000000089e+00 -4.015999999999999605e-03 -6.925999999999999865e-03 -9.999679999999999680e-01 -5.900940000000000074e-01 -8.072949999999999848e-01 7.962000000000000327e-03 -8.073249999999999593e-01 5.901070000000000482e-01 -8.450000000000000479e-04
1.300000000000000000e+01 1.500000000000000000e+01 8.000000000000000000e+00 0.000000000000000000e+00 1.600000000000000089e+00 -2.168999999999999921e-03 -2.095000000000000074e-03 -9.999949999999999672e-01 -5.918299999999999672e-01 -8.060580000000000522e-01 2.972999999999999948e-03 -8.060599999999999987e-01 5.918330000000000535e-01 5.090000000000000123e-04
2.400000000000000000e+01 1.500000000000000000e+01 8.000000000000000000e+00 0.000000000000000000e+00 1.600000000000000089e+00 -2.109000000000000197e-03 -6.511000000000000294e-03 -9.999770000000000048e-01 -5.911560000000000148e-01 -8.065309999999999979e-01 6.498000000000000304e-03 -8.065550000000000219e-01 5.911560000000000148e-01 -2.148000000000000170e-03
2.800000000000000000e+01 1.500000000000000000e+01 8.000000000000000000e+00 0.000000000000000000e+00 1.600000000000000089e+00 -3.678999999999999979e-03 -1.812400000000000122e-02 -9.998289999999999678e-01 -5.933559999999999945e-01 -8.047649999999999526e-01 1.677100000000000118e-02 -8.049309999999999521e-01 5.933169999999999833e-01 -7.793999999999999713e-03
4.000000000000000000e+00 2.600000000000000000e+01 8.000000000000000000e+00 0.000000000000000000e+00 1.600000000000000089e+00 3.690000000000000138e-03 8.984999999999999931e-03 -9.999529999999999808e-01 4.019710000000000227e-01 9.156009999999999982e-01 9.709999999999999881e-03 9.156450000000000422e-01 -4.019869999999999832e-01 -2.329999999999999986e-04
1.000000000000000000e+00 2.400000000000000000e+01 9.000000000000000000e+00 0.000000000000000000e+00 1.600000000000000089e+00 2.210999999999999858e-03 -4.699999999999999724e-05 -9.999980000000000535e-01 4.598610000000000197e-01 8.879899999999999460e-01 9.749999999999999552e-04 8.879879999999999995e-01 -4.598619999999999930e-01 1.984999999999999785e-03
8.000000000000000000e+00 2.400000000000000000e+01 9.000000000000000000e+00 0.000000000000000000e+00 1.600000000000000089e+00 2.887999999999999942e-03 5.367000000000000243e-03 -9.999810000000000088e-01 4.593979999999999730e-01 8.882100000000000550e-01 6.093999999999999591e-03 8.882259999999999600e-01 -4.594070000000000098e-01 9.899999999999999404e-05
1.300000000000000000e+01 2.400000000000000000e+01 9.000000000000000000e+00 0.000000000000000000e+00 1.600000000000000089e+00 2.488999999999999893e-03 9.589000000000000301e-03 -9.999510000000000343e-01 4.595210000000000128e-01 8.881139999999999590e-01 9.660999999999999449e-03 8.881639999999999535e-01 -4.595219999999999860e-01 -2.196000000000000035e-03
1.800000000000000000e+01 2.400000000000000000e+01 9.000000000000000000e+00 0.000000000000000000e+00 1.600000000000000089e+00 1.147999999999999932e-03 3.909000000000000148e-03 -9.999919999999999920e-01 4.598070000000000213e-01 8.880099999999999660e-01 3.998999999999999951e-03 8.880179999999999740e-01 -4.598070000000000213e-01 -7.780000000000000457e-04
2.300000000000000000e+01 2.400000000000000000e+01 9.000000000000000000e+00 0.000000000000000000e+00 1.600000000000000089e+00 2.369000000000000012e-03 8.455000000000000709e-03 -9.999609999999999888e-01 4.585879999999999956e-01 8.886070000000000357e-01 8.600000000000000006e-03 8.886460000000000470e-01 -4.585910000000000264e-01 -1.773000000000000053e-03
2.800000000000000000e+01 2.400000000000000000e+01 9.000000000000000000e+00 0.000000000000000000e+00 1.600000000000000089e+00 3.846000000000000026e-03 1.020199999999999926e-02 -9.999409999999999688e-01 4.582510000000000194e-01 8.887570000000000192e-01 1.082999999999999935e-02 8.888139999999999930e-01 -4.582660000000000067e-01 -1.257000000000000088e-03
1.600000000000000000e+01 4.000000000000000000e+00 1.100000000000000000e+01 0.000000000000000000e+00 1.600000000000000089e+00 2.004999999999999838e-03 1.476399999999999935e-02 -9.998890000000000278e-01 2.084789999999999976e-01 9.779139999999999500e-01 1.485700000000000041e-02 9.780250000000000332e-01 -2.084860000000000047e-01 -1.116999999999999937e-03
2.000000000000000000e+01 4.000000000000000000e+00 1.100000000000000000e+01 0.000000000000000000e+00 1.600000000000000089e+00 3.106999999999999953e-03 2.109700000000000117e-02 -9.997730000000000228e-01 2.019509999999999916e-01 9.791640000000000343e-01 2.128999999999999990e-02 9.793910000000000116e-01 -2.019710000000000116e-01 -1.217999999999999899e-03
5.000000000000000000e+00 3.100000000000000000e+01 1.200000000000000000e+01 0.000000000000000000e+00 1.600000000000000089e+00 -1.574000000000000095e-03 2.152999999999999966e-03 9.999959999999999960e-01 -2.495400000000000049e-02 9.996859999999999635e-01 -2.191999999999999938e-03 -9.996869999999999923e-01 -2.495700000000000002e-02 -1.520000000000000084e-03
1.000000000000000000e+01 3.100000000000000000e+01 1.200000000000000000e+01 0.000000000000000000e+00 1.600000000000000089e+00 -9.150000000000000147e-04 1.381999999999999982e-03 9.999989999999999712e-01 -2.145899999999999891e-02 9.997690000000000188e-01 -1.400999999999999902e-03 -9.997690000000000188e-01 -2.145999999999999991e-02 -8.850000000000000444e-04
1.700000000000000000e+01 3.100000000000000000e+01 1.200000000000000000e+01 0.000000000000000000e+00 1.600000000000000089e+00 -2.599999999999999772e-04 5.019999999999999506e-04 1.000000000000000000e+00 -1.630099999999999952e-02 9.998669999999999503e-01 -5.060000000000000478e-04 -9.998669999999999503e-01 -1.630099999999999952e-02 -2.519999999999999996e-04
2.100000000000000000e+01 3.100000000000000000e+01 1.200000000000000000e+01 0.000000000000000000e+00 1.600000000000000089e+00 2.359999999999999902e-04 2.200000000000000133e-03 9.999980000000000535e-01 -1.652700000000000002e-02 9.998609999999999998e-01 -2.196000000000000035e-03 -9.998629999999999463e-01 -1.652700000000000002e-02 2.719999999999999979e-04
3.000000000000000000e+01 3.000000000000000000e+00 1.300000000000000000e+01 0.000000000000000000e+00 1.600000000000000089e+00 1.278000000000000056e-03 2.371300000000000144e-02 9.997179999999999955e-01 -4.713000000000000175e-03 9.997080000000000410e-01 -2.370699999999999891e-02 -9.999879999999999880e-01 -4.681000000000000265e-03 1.389000000000000044e-03
2.000000000000000000e+00 3.200000000000000000e+01 1.400000000000000000e+01 0.000000000000000000e+00 1.600000000000000089e+00 4.155999999999999972e-03 2.309999999999999987e-03 -9.999890000000000168e-01 1.186129999999999962e-01 9.929369999999999585e-01 2.786999999999999981e-03 9.929320000000000368e-01 -1.186239999999999933e-01 3.853000000000000088e-03
2.000000000000000000e+00 1.200000000000000000e+01 1.500000000000000000e+01 0.000000000000000000e+00 1.600000000000000089e+00 -1.922000000000000097e-03 1.765000000000000076e-03 -9.999970000000000248e-01 -4.715909999999999824e-01 -8.818169999999999620e-01 -6.499999999999999702e-04 -8.818150000000000155e-01 4.715880000000000072e-01 2.527000000000000166e-03
8.000000000000000000e+00 1.200000000000000000e+01 1.500000000000000000e+01 0.000000000000000000e+00 1.600000000000000089e+00 -2.083999999999999915e-03 -1.335000000000000032e-03 -9.999970000000000248e-01 -4.736799999999999899e-01 -8.806950000000000056e-01 2.162999999999999992e-03 -8.806950000000000056e-01 4.736830000000000207e-01 1.203000000000000076e-03
1.200000000000000000e+01 1.200000000000000000e+01 1.500000000000000000e+01 0.000000000000000000e+00 1.600000000000000089e+00 -2.290000000000000098e-04 3.190000000000000019e-04 -1.000000000000000000e+00 -4.741969999999999796e-01 -8.804189999999999516e-01 -1.730000000000000038e-04 -8.804189999999999516e-01 4.741969999999999796e-01 3.530000000000000152e-04
2.500000000000000000e+01 1.200000000000000000e+01 1.500000000000000000e+01 0.000000000000000000e+00 1.600000000000000089e+00 -9.929999999999999591e-04 -2.504999999999999848e-03 -9.999959999999999960e-01 -4.728709999999999858e-01 -8.811280000000000223e-01 2.677000000000000126e-03 -8.811309999999999976e-01 4.728709999999999858e-01 -3.099999999999999999e-04
8.000000000000000000e+00 1.100000000000000000e+01 1.600000000000000000e+01 0.000000000000000000e+00 1.600000000000000089e+00 -1.603000000000000041e-03 -1.833999999999999910e-03 -9.999970000000000248e-01 -4.216550000000000020e-01 -9.067530000000000312e-01 2.338999999999999933e-03 -9.067549999999999777e-01 4.216579999999999773e-01 6.800000000000000488e-04
6.000000000000000000e+00 1.160000000000000000e+02 1.600000000000000000e+01 0.000000000000000000e+00 1.600000000000000089e+00 -1.943000000000000066e-03 5.330000000000000536e-04 9.999980000000000535e-01 6.716189999999999660e-01 7.408959999999999990e-01 9.100000000000000016e-04 -7.408940000000000525e-01 6.716189999999999660e-01 -1.797999999999999902e-03
1.300000000000000000e+01 1.160000000000000000e+02 1.600000000000000000e+01 0.000000000000000000e+00 1.600000000000000089e+00 1.048000000000000103e-03 1.814000000000000074e-03 9.999980000000000535e-01 6.910680000000000156e-01 7.227869999999999573e-01 -2.034999999999999917e-03 -7.227890000000000148e-01 6.910690000000000444e-01 -4.960000000000000216e-04
2.100000000000000000e+01 1.160000000000000000e+02 1.600000000000000000e+01 0.000000000000000000e+00 1.600000000000000089e+00 -1.472000000000000001e-03 -1.873000000000000099e-03 9.999970000000000248e-01 6.680230000000000334e-01 7.441370000000000484e-01 2.377000000000000206e-03 -7.441389999999999949e-01 6.680249999999999799e-01 1.559999999999999972e-04
1.000000000000000000e+00 2.000000000000000000e+00 1.900000000000000000e+01 0.000000000000000000e+00 1.600000000000000089e+00 1.343000000000000010e-03 3.789999999999999966e-03 -9.999919999999999920e-01 2.121709999999999985e-01 -9.772269999999999568e-01 -3.419000000000000164e-03 -9.772319999999999895e-01 -2.121649999999999925e-01 -2.115999999999999825e-03
5.000000000000000000e+00 2.000000000000000000e+00 1.900000000000000000e+01 0.000000000000000000e+00 1.600000000000000089e+00 5.289999999999999564e-04 -4.556000000000000154e-03 -9.999890000000000168e-01 2.146649999999999947e-01 -9.766770000000000174e-01 4.563000000000000216e-03 -9.766880000000000006e-01 -2.146649999999999947e-01 4.620000000000000083e-04
9.000000000000000000e+00 2.000000000000000000e+00 1.900000000000000000e+01 0.000000000000000000e+00 1.600000000000000089e+00 7.680000000000000195e-04 -1.375400000000000060e-02 -9.999050000000000438e-01 2.197929999999999884e-01 -9.754519999999999857e-01 1.358700000000000012e-02 -9.755460000000000242e-01 -2.197830000000000061e-01 2.273999999999999980e-03
1.200000000000000000e+01 2.000000000000000000e+00 1.900000000000000000e+01 0.000000000000000000e+00 1.600000000000000089e+00 -8.090000000000000403e-04 -1.002800000000000046e-02 -9.999489999999999768e-01 2.207679999999999920e-01 -9.752790000000000070e-01 9.601999999999999424e-03 -9.753260000000000263e-01 -2.207490000000000008e-01 3.003000000000000027e-03
2.200000000000000000e+01 2.000000000000000000e+00 1.900000000000000000e+01 0.000000000000000000e+00 1.600000000000000089e+00 4.020000000000000136e-03 4.129999999999999991e-03 -9.999829999999999552e-01 2.149429999999999952e-01 -9.766209999999999614e-01 -3.168999999999999942e-03 -9.766179999999999861e-01 -2.149270000000000069e-01 -4.812999999999999570e-03
3.000000000000000000e+01 3.000000000000000000e+00 1.900000000000000000e+01 0.000000000000000000e+00 1.600000000000000089e+00 -7.940000000000000009e-04 -6.884000000000000362e-03 -9.999759999999999760e-01 1.902159999999999962e-01 -9.817200000000000371e-01 6.607000000000000026e-03 -9.817420000000000035e-01 -1.902059999999999862e-01 2.089000000000000145e-03
2.000000000000000000e+00 1.300000000000000000e+01 2.000000000000000000e+01 0.000000000000000000e+00 1.600000000000000089e+00 -5.429999999999999714e-04 2.524000000000000202e-03 9.999970000000000248e-01 2.586629999999999763e-01 9.659649999999999626e-01 -2.298000000000000129e-03 -9.659670000000000201e-01 2.586609999999999743e-01 -1.177000000000000095e-03
6.000000000000000000e+00 1.300000000000000000e+01 2.000000000000000000e+01 0.000000000000000000e+00 1.600000000000000089e+00 -9.319999999999999942e-04 2.975999999999999913e-03 9.999949999999999672e-01 2.607559999999999878e-01 9.654009999999999536e-01 -2.629999999999999959e-03 -9.654040000000000399e-01 2.607519999999999838e-01 -1.675999999999999972e-03
1.000000000000000000e+01 1.300000000000000000e+01 2.000000000000000000e+01 0.000000000000000000e+00 1.600000000000000089e+00 -6.489999999999999459e-04 2.207999999999999893e-03 9.999970000000000248e-01 2.607679999999999998e-01 9.653990000000000071e-01 -1.962000000000000202e-03 -9.654009999999999536e-01 2.607659999999999978e-01 -1.201999999999999943e-03
1.300000000000000000e+01 1.300000000000000000e+01 2.000000000000000000e+01 0.000000000000000000e+00 1.600000000000000089e+00 -3.190000000000000019e-04 1.348999999999999939e-03 9.999989999999999712e-01 2.606220000000000203e-01 9.654399999999999649e-01 -1.219000000000000031e-03 -9.654409999999999936e-01 2.606209999999999916e-01 -6.599999999999999964e-04
2.200000000000000000e+01 1.300000000000000000e+01 2.000000000000000000e+01 0.000000000000000000e+00 1.600000000000000089e+00 -2.359999999999999902e-04 1.175000000000000046e-03 9.999989999999999712e-01 2.618320000000000092e-01 9.651129999999999987e-01 -1.072000000000000036e-03 -9.651129999999999987e-01 2.618320000000000092e-01 -5.360000000000000181e-04
2.500000000000000000e+01 1.300000000000000000e+01 2.000000000000000000e+01 0.000000000000000000e+00 1.600000000000000089e+00 -9.250000000000000409e-04 -6.174999999999999933e-03 9.999810000000000088e-01 2.622120000000000006e-01 9.649900000000000144e-01 6.200999999999999915e-03 -9.650100000000000344e-01 2.622120000000000006e-01 7.259999999999999743e-04
1.000000000000000000e+01 1.600000000000000000e+01 2.100000000000000000e+01 0.000000000000000000e+00 1.600000000000000089e+00 -1.131000000000000061e-03 1.302999999999999905e-03 9.999989999999999712e-01 3.021209999999999729e-01 9.532690000000000330e-01 -8.999999999999999754e-04 -9.532690000000000330e-01 3.021199999999999997e-01 -1.472000000000000001e-03
1.600000000000000000e+01 1.600000000000000000e+01 2.100000000000000000e+01 0.000000000000000000e+00 1.600000000000000089e+00 3.890000000000000228e-04 3.393000000000000183e-03 9.999940000000000495e-01 3.023680000000000256e-01 9.531849999999999490e-01 -3.350999999999999812e-03 -9.531910000000000105e-01 3.023680000000000256e-01 -6.549999999999999833e-04
2.200000000000000000e+01 1.600000000000000000e+01 2.100000000000000000e+01 0.000000000000000000e+00 1.600000000000000089e+00 -3.699999999999999947e-04 3.312999999999999973e-03 9.999940000000000495e-01 2.998500000000000054e-01 9.539809999999999679e-01 -3.050000000000000194e-03 -9.539860000000000007e-01 2.998469999999999747e-01 -1.345999999999999974e-03
2.500000000000000000e+01 1.600000000000000000e+01 2.100000000000000000e+01 0.000000000000000000e+00 1.600000000000000089e+00 -2.159999999999999919e-04 -8.160000000000000586e-03 9.999670000000000503e-01 3.002480000000000149e-01 9.538290000000000379e-01 7.849000000000000074e-03 -9.538609999999999589e-01 3.002400000000000069e-01 2.243999999999999901e-03
2.900000000000000000e+01 1.600000000000000000e+01 2.100000000000000000e+01 0.000000000000000000e+00 1.600000000000000089e+00 1.660000000000000017e-03 -7.844999999999999543e-03 9.999679999999999680e-01 3.032980000000000120e-01 9.528699999999999948e-01 6.971999999999999899e-03 -9.528940000000000188e-01 3.032770000000000188e-01 3.961000000000000111e-03
2.000000000000000000e+00 4.600000000000000000e+01 2.700000000000000000e+01 0.000000000000000000e+00 1.600000000000000089e+00 1.991999999999999847e-03 3.017999999999999849e-03 -9.999930000000000208e-01 6.613560000000000549e-01 7.500639999999999530e-01 3.580999999999999982e-03 7.500700000000000145e-01 -6.613590000000000302e-01 -5.019999999999999506e-04
9.000000000000000000e+00 4.600000000000000000e+01 2.700000000000000000e+01 0.000000000000000000e+00 1.600000000000000089e+00 -4.028000000000000330e-03 -3.122999999999999908e-03 -9.999869999999999592e-01 6.592149999999999954e-01 7.519379999999999953e-01 -5.002999999999999635e-03 7.519439999999999458e-01 -6.592259999999999787e-01 -9.700000000000000505e-04
1.400000000000000000e+01 4.600000000000000000e+01 2.700000000000000000e+01 0.000000000000000000e+00 1.600000000000000089e+00 6.960000000000000041e-04 1.479000000000000063e-03 -9.999989999999999712e-01 6.579239999999999533e-01 7.530829999999999469e-01 1.572000000000000047e-03 7.530839999999999756e-01 -6.579239999999999533e-01 -4.490000000000000176e-04
3.000000000000000000e+00 4.600000000000000000e+01 3.000000000000000000e+01 0.000000000000000000e+00 1.600000000000000089e+00 1.196999999999999930e-03 1.902000000000000045e-03 -9.999970000000000248e-01 3.195299999999999807e-01 9.475740000000000274e-01 2.184999999999999876e-03 9.475749999999999451e-01 -3.195319999999999827e-01 5.259999999999999919e-04
7.000000000000000000e+00 4.600000000000000000e+01 3.000000000000000000e+01 0.000000000000000000e+00 1.600000000000000089e+00 -1.294999999999999927e-03 -3.603999999999999999e-03 -9.999930000000000208e-01 3.177570000000000117e-01 9.481640000000000068e-01 -3.828999999999999938e-03 9.481709999999999861e-01 -3.177599999999999869e-01 -8.299999999999999815e-05
1.300000000000000000e+01 4.600000000000000000e+01 3.000000000000000000e+01 0.000000000000000000e+00 1.600000000000000089e+00 -1.920000000000000049e-04 8.170000000000000179e-04 -1.000000000000000000e+00 3.187860000000000138e-01 9.478269999999999751e-01 7.140000000000000079e-04 9.478269999999999751e-01 -3.187849999999999850e-01 -4.420000000000000101e-04
1.700000000000000000e+01 4.600000000000000000e+01 3.000000000000000000e+01 0.000000000000000000e+00 1.600000000000000089e+00 1.350000000000000071e-03 -1.090000000000000067e-04 -9.999989999999999712e-01 3.241780000000000217e-01 9.459959999999999480e-01 3.350000000000000113e-04 9.459950000000000303e-01 -3.241780000000000217e-01 1.312000000000000015e-03
2.500000000000000000e+01 4.600000000000000000e+01 3.000000000000000000e+01 0.000000000000000000e+00 1.600000000000000089e+00 1.226000000000000093e-03 2.278000000000000077e-03 -9.999970000000000248e-01 3.249619999999999731e-01 9.457240000000000091e-01 2.553000000000000148e-03 9.457259999999999556e-01 -3.249639999999999751e-01 4.200000000000000174e-04
9.000000000000000000e+00 5.800000000000000000e+01 3.100000000000000000e+01 0.000000000000000000e+00 1.600000000000000089e+00 -1.348000000000000023e-03 -2.106999999999999932e-03 9.999970000000000248e-01 -7.791529999999999845e-01 -6.268289999999999695e-01 -2.370999999999999844e-03 6.268319999999999448e-01 -7.791540000000000132e-01 -7.960000000000000495e-04
1.500000000000000000e+01 5.800000000000000000e+01 3.100000000000000000e+01 0.000000000000000000e+00 1.600000000000000089e+00 -2.175999999999999983e-03 -2.124000000000000020e-03 9.999949999999999672e-01 -7.793029999999999680e-01 -6.266399999999999748e-01 -3.027000000000000177e-03 6.266429999999999501e-01 -7.793060000000000542e-01 -2.919999999999999961e-04
1.700000000000000000e+01 5.800000000000000000e+01 3.100000000000000000e+01 0.000000000000000000e+00 1.600000000000000089e+00 -1.288000000000000082e-03 -1.869999999999999917e-03 9.999970000000000248e-01 -7.809829999999999828e-01 -6.245479999999999920e-01 -2.174000000000000151e-03 6.245509999999999673e-01 -7.809840000000000115e-01 -6.560000000000000076e-04
2.900000000000000000e+01 5.800000000000000000e+01 3.100000000000000000e+01 0.000000000000000000e+00 1.600000000000000089e+00 -3.876000000000000105e-03 -1.856999999999999927e-03 9.999909999999999632e-01 -7.854659999999999975e-01 -6.188909999999999689e-01 -4.193999999999999811e-03 6.188930000000000264e-01 -7.854750000000000343e-01 9.409999999999999962e-04
4.000000000000000000e+00 4.600000000000000000e+01 3.500000000000000000e+01 0.000000000000000000e+00 1.600000000000000089e+00 8.459999999999999638e-04 -6.326000000000000026e-03 -9.999799999999999800e-01 3.847229999999999817e-01 -9.230120000000000546e-01 6.164000000000000208e-03 -9.230319999999999636e-01 -3.847200000000000064e-01 1.652999999999999955e-03
7.000000000000000000e+00 4.600000000000000000e+01 3.500000000000000000e+01 0.000000000000000000e+00 1.600000000000000089e+00 1.140000000000000063e-04 -1.191999999999999917e-03 -9.999989999999999712e-01 3.851149999999999851e-01 -9.228680000000000216e-01 1.144000000000000052e-03 -9.228690000000000504e-01 -3.851149999999999851e-01 3.539999999999999853e-04
1.300000000000000000e+01 4.600000000000000000e+01 3.500000000000000000e+01 0.000000000000000000e+00 1.600000000000000089e+00 -1.610000000000000103e-04 -1.589999999999999888e-04 -1.000000000000000000e+00 3.858969999999999900e-01 -9.225419999999999732e-01 8.399999999999999535e-05 -9.225419999999999732e-01 -3.858969999999999900e-01 2.100000000000000087e-04
1.700000000000000000e+01 4.600000000000000000e+01 3.500000000000000000e+01 0.000000000000000000e+00 1.600000000000000089e+00 -1.626000000000000058e-03 5.990000000000000316e-04 -9.999980000000000535e-01 3.852829999999999866e-01 -9.227980000000000071e-01 -1.178999999999999927e-03 -9.227969999999999784e-01 -3.852840000000000154e-01 1.268999999999999946e-03
2.200000000000000000e+01 4.600000000000000000e+01 3.500000000000000000e+01 0.000000000000000000e+00 1.600000000000000089e+00 -1.162999999999999971e-03 3.376999999999999794e-03 -9.999940000000000495e-01 3.860040000000000138e-01 -9.224900000000000322e-01 -3.563999999999999894e-03 -9.224959999999999827e-01 -3.860060000000000158e-01 -2.310000000000000042e-04
2.800000000000000000e+01 4.600000000000000000e+01 3.500000000000000000e+01 0.000000000000000000e+00 1.600000000000000089e+00 7.299999999999999903e-05 -2.390000000000000197e-03 -9.999970000000000248e-01 3.849049999999999971e-01 -9.229530000000000234e-01 2.233999999999999875e-03 -9.229559999999999986e-01 -3.849040000000000239e-01 8.530000000000000256e-04
2.000000000000000000e+00 9.500000000000000000e+01 3.600000000000000000e+01 0.000000000000000000e+00 1.600000000000000089e+00 4.324999999999999852e-03 2.143899999999999972e-02 9.997610000000000108e-01 9.976549999999999585e-01 6.819600000000000661e-02 -5.778000000000000150e-03 -6.830400000000000360e-02 9.974420000000000508e-01 -2.109400000000000164e-02
7.000000000000000000e+00 9.500000000000000000e+01 3.600000000000000000e+01 0.000000000000000000e+00 1.600000000000000089e+00 -2.159999999999999919e-04 -1.082999999999999978e-03 9.999989999999999712e-01 9.975979999999999848e-01 6.927099999999999924e-02 2.910000000000000260e-04 -6.927200000000000024e-02 9.975969999999999560e-01 1.064999999999999974e-03
1.200000000000000000e+01 9.500000000000000000e+01 3.600000000000000000e+01 0.000000000000000000e+00 1.600000000000000089e+00 3.148000000000000190e-03 -1.822800000000000115e-02 9.998289999999999678e-01 9.973940000000000028e-01 7.212999999999999967e-02 -1.825000000000000016e-03 -7.208399999999999530e-02 9.972290000000000321e-01 1.840800000000000075e-02
1.700000000000000000e+01 9.500000000000000000e+01 3.600000000000000000e+01 0.000000000000000000e+00 1.600000000000000089e+00 3.356000000000000042e-03 2.451000000000000054e-03 9.999909999999999632e-01 9.967979999999999619e-01 7.987700000000000355e-02 -3.542000000000000010e-03 -7.988499999999999768e-02 9.968019999999999659e-01 -2.174999999999999850e-03
2.200000000000000000e+01 9.500000000000000000e+01 3.600000000000000000e+01 0.000000000000000000e+00 1.600000000000000089e+00 -2.703999999999999806e-03 -3.184000000000000198e-03 9.999909999999999632e-01 9.965730000000000421e-01 8.266900000000000637e-02 2.958000000000000126e-03 -8.267700000000000049e-02 9.965720000000000134e-01 2.948999999999999799e-03
3.000000000000000000e+01 9.500000000000000000e+01 3.600000000000000000e+01 0.000000000000000000e+00 1.600000000000000089e+00 -9.399999999999999448e-05 -6.481999999999999915e-03 9.999789999999999512e-01 9.970290000000000541e-01 7.703100000000000225e-02 5.929999999999999941e-04 -7.703300000000000425e-02 9.970080000000000053e-01 6.454999999999999800e-03
2.000000000000000000e+00 3.000000000000000000e+00 4.300000000000000000e+01 0.000000000000000000e+00 1.600000000000000089e+00 -1.430000000000000064e-03 -3.274000000000000000e-03 -9.999940000000000495e-01 7.339869999999999450e-01 -6.791629999999999612e-01 1.173999999999999913e-03 -6.791620000000000434e-01 -7.339799999999999658e-01 3.374999999999999962e-03
7.000000000000000000e+00 3.000000000000000000e+00 4.300000000000000000e+01 0.000000000000000000e+00 1.600000000000000089e+00 -1.502999999999999996e-03 -1.120900000000000021e-02 -9.999360000000000470e-01 7.379449999999999621e-01 -6.748300000000000409e-01 6.455999999999999933e-03 -6.748600000000000154e-01 -7.378879999999999884e-01 9.286000000000000851e-03
9.000000000000000000e+00 3.000000000000000000e+00 4.300000000000000000e+01 0.000000000000000000e+00 1.600000000000000089e+00 -2.615999999999999836e-03 -2.087100000000000066e-02 -9.997789999999999733e-01 7.388719999999999732e-01 -6.737370000000000303e-01 1.213099999999999942e-02 -6.738410000000000233e-01 -7.386770000000000280e-01 1.718300000000000036e-02
1.600000000000000000e+01 3.000000000000000000e+00 4.300000000000000000e+01 0.000000000000000000e+00 1.600000000000000089e+00 -1.783000000000000080e-03 -7.437000000000000034e-03 -9.999710000000000543e-01 7.416540000000000354e-01 -6.707729999999999526e-01 3.665999999999999988e-03 -6.707800000000000429e-01 -7.416260000000000074e-01 6.712000000000000084e-03
2.000000000000000000e+01 3.000000000000000000e+00 4.300000000000000000e+01 0.000000000000000000e+00 1.600000000000000089e+00 -6.629999999999999609e-04 1.149299999999999974e-02 -9.999339999999999895e-01 7.409909999999999553e-01 -6.714649999999999785e-01 -8.208999999999999284e-03 -6.715149999999999730e-01 -7.409470000000000223e-01 -8.071000000000000049e-03
2.600000000000000000e+01 3.000000000000000000e+00 4.300000000000000000e+01 0.000000000000000000e+00 1.600000000000000089e+00 -2.026000000000000023e-03 4.369999999999999753e-03 -9.999879999999999880e-01 7.382689999999999531e-01 -6.744919999999999805e-01 -4.444000000000000034e-03 -6.745039999999999925e-01 -7.382689999999999531e-01 -1.860000000000000108e-03
3.000000000000000000e+01 3.000000000000000000e+00 4.300000000000000000e+01 0.000000000000000000e+00 1.600000000000000089e+00 2.773999999999999990e-03 -4.524000000000000243e-03 -9.999860000000000415e-01 7.367099999999999760e-01 -6.761890000000000400e-01 5.102999999999999897e-03 -6.762029999999999985e-01 -7.367139999999999800e-01 1.456999999999999962e-03
9.000000000000000000e+00 8.000000000000000000e+00 4.400000000000000000e+01 0.000000000000000000e+00 1.600000000000000089e+00 -3.288999999999999823e-03 -7.361999999999999621e-03 9.999679999999999680e-01 -7.757399999999999851e-01 -6.310109999999999886e-01 -7.198000000000000405e-03 6.310440000000000493e-01 -7.757389999999999564e-01 -3.635999999999999909e-03
4.000000000000000000e+00 2.900000000000000000e+01 4.400000000000000000e+01 0.000000000000000000e+00 1.600000000000000089e+00 -2.765000000000000097e-03 -2.269999999999999882e-03 -9.999940000000000495e-01 6.787400000000000100e-01 7.343699999999999672e-01 -3.543000000000000142e-03 7.343730000000000535e-01 -6.787459999999999605e-01 -4.899999999999999842e-04
1.300000000000000000e+01 2.900000000000000000e+01 4.400000000000000000e+01 0.000000000000000000e+00 1.600000000000000089e+00 -3.327999999999999795e-03 1.026999999999999918e-03 -9.999940000000000495e-01 6.648140000000000160e-01 7.470069999999999766e-01 -1.445000000000000104e-03 7.470010000000000261e-01 -6.648150000000000448e-01 -3.168999999999999942e-03
2.900000000000000000e+01 2.900000000000000000e+01 4.400000000000000000e+01 0.000000000000000000e+00 1.600000000000000089e+00 -3.669999999999999760e-04 -1.002000000000000069e-03 -9.999989999999999712e-01 6.597030000000000394e-01 7.515260000000000273e-01 -9.950000000000000077e-04 7.515269999999999451e-01 -6.597030000000000394e-01 3.849999999999999798e-04
6.000000000000000000e+00 5.400000000000000000e+01 4.600000000000000000e+01 0.000000000000000000e+00 1.600000000000000089e+00 -4.910000000000000085e-04 -3.539000000000000045e-03 9.999940000000000495e-01 3.279489999999999905e-01 -9.446900000000000297e-01 -3.181999999999999933e-03 9.446949999999999514e-01 3.279449999999999865e-01 1.624000000000000010e-03
3.000000000000000000e+01 7.000000000000000000e+00 5.200000000000000000e+01 0.000000000000000000e+00 1.600000000000000089e+00 -4.166999999999999697e-03 -7.333000000000000108e-03 -9.999639999999999640e-01 1.236600000000000060e-01 -9.923020000000000174e-01 6.761999999999999782e-03 -9.923159999999999759e-01 -1.236270000000000008e-01 5.041999999999999607e-03
7.000000000000000000e+00 6.300000000000000000e+01 5.400000000000000000e+01 0.000000000000000000e+00 1.600000000000000089e+00 1.520000000000000084e-04 2.713999999999999833e-03 9.999959999999999960e-01 -3.527199999999999780e-01 9.357259999999999467e-01 -2.485999999999999929e-03 -9.357290000000000330e-01 -3.527179999999999760e-01 1.100000000000000066e-03
1.100000000000000000e+01 6.300000000000000000e+01 5.400000000000000000e+01 0.000000000000000000e+00 1.600000000000000089e+00 -1.572999999999999962e-03 1.518999999999999951e-03 9.999980000000000535e-01 -3.500409999999999910e-01 9.367320000000000091e-01 -1.972999999999999927e-03 -9.367330000000000378e-01 -3.500429999999999930e-01 -9.420000000000000205e-04
1.900000000000000000e+01 6.300000000000000000e+01 5.400000000000000000e+01 0.000000000000000000e+00 1.600000000000000089e+00 2.489999999999999809e-04 -1.592000000000000099e-03 9.999989999999999712e-01 -3.477999999999999980e-01 9.375679999999999570e-01 1.579000000000000108e-03 -9.375689999999999857e-01 -3.477999999999999980e-01 -3.200000000000000262e-04
2.300000000000000000e+01 6.300000000000000000e+01 5.400000000000000000e+01 0.000000000000000000e+00 1.600000000000000089e+00 8.050000000000000515e-04 7.730000000000000326e-04 9.999989999999999712e-01 -3.529599999999999960e-01 9.356379999999999697e-01 -4.389999999999999914e-04 -9.356379999999999697e-01 -3.529599999999999960e-01 1.026000000000000002e-03
2.700000000000000000e+01 6.300000000000000000e+01 5.400000000000000000e+01 0.000000000000000000e+00 1.600000000000000089e+00 3.510000000000000208e-04 3.387999999999999953e-03 9.999940000000000495e-01 -3.567589999999999928e-01 9.341920000000000224e-01 -3.040000000000000167e-03 -9.341960000000000264e-01 -3.567560000000000175e-01 1.536999999999999955e-03
1.300000000000000000e+01 2.500000000000000000e+01 5.500000000000000000e+01 0.000000000000000000e+00 1.600000000000000089e+00 1.164000000000000104e-03 1.100000000000000066e-03 -9.999989999999999712e-01 -1.082200000000000002e-02 -9.999409999999999688e-01 -1.111999999999999924e-03 -9.999409999999999688e-01 1.082400000000000029e-02 -1.152000000000000029e-03
2.100000000000000000e+01 2.500000000000000000e+01 5.500000000000000000e+01 0.000000000000000000e+00 1.600000000000000089e+00 -1.363999999999999978e-03 -9.359999999999999831e-04 -9.999989999999999712e-01 -9.534000000000000807e-03 -9.999540000000000095e-01 9.489999999999999738e-04 -9.999540000000000095e-01 9.535000000000000073e-03 1.355000000000000085e-03
2.700000000000000000e+01 2.500000000000000000e+01 5.500000000000000000e+01 0.000000000000000000e+00 1.600000000000000089e+00 -9.399999999999999448e-05 -4.339999999999999782e-04 -1.000000000000000000e+00 -1.050300000000000018e-02 -9.999449999999999728e-01 4.350000000000000026e-04 -9.999449999999999728e-01 1.050300000000000018e-02 9.000000000000000567e-05
5.000000000000000000e+00 6.800000000000000000e+01 5.700000000000000000e+01 0.000000000000000000e+00 1.600000000000000089e+00 2.170000000000000054e-03 -3.252000000000000116e-03 -9.999919999999999920e-01 -2.439669999999999894e-01 -9.697799999999999754e-01 2.624000000000000030e-03 -9.697810000000000041e-01 2.439600000000000102e-01 -2.897999999999999968e-03
7.000000000000000000e+00 2.100000000000000000e+01 6.000000000000000000e+01 0.000000000000000000e+00 1.600000000000000089e+00 -3.820000000000000153e-04 -5.740000000000000310e-03 9.999829999999999552e-01 -9.564799999999999691e-02 9.953990000000000338e-01 5.676999999999999755e-03 -9.954150000000000498e-01 -9.564400000000000679e-02 -9.290000000000000297e-04
1.400000000000000000e+01 2.100000000000000000e+01 6.000000000000000000e+01 0.000000000000000000e+00 1.600000000000000089e+00 -1.699999999999999987e-05 1.696999999999999941e-03 9.999989999999999712e-01 -9.661699999999999455e-02 9.953199999999999825e-01 -1.690000000000000096e-03 -9.953220000000000400e-01 -9.661699999999999455e-02 1.469999999999999953e-04
1.700000000000000000e+01 2.100000000000000000e+01 6.000000000000000000e+01 0.000000000000000000e+00 1.600000000000000089e+00 6.759999999999999516e-04 -5.402999999999999817e-03 9.999850000000000128e-01 -9.713900000000000312e-02 9.952560000000000295e-01 5.442999999999999922e-03 -9.952710000000000168e-01 -9.714100000000000512e-02 1.479999999999999925e-04
2.400000000000000000e+01 2.100000000000000000e+01 6.000000000000000000e+01 0.000000000000000000e+00 1.600000000000000089e+00 -1.749999999999999982e-04 -2.895000000000000004e-03 9.999959999999999960e-01 -9.732799999999999785e-02 9.952480000000000215e-01 2.863999999999999792e-03 -9.952520000000000255e-01 -9.732699999999999685e-02 -4.560000000000000251e-04
2.900000000000000000e+01 2.100000000000000000e+01 6.000000000000000000e+01 0.000000000000000000e+00 1.600000000000000089e+00 2.050999999999999872e-03 -6.489999999999999459e-04 9.999980000000000535e-01 -9.645299999999999707e-02 9.953370000000000273e-01 8.440000000000000236e-04 -9.953349999999999698e-01 -9.645499999999999907e-02 1.978000000000000157e-03
9.000000000000000000e+00 6.000000000000000000e+00 6.100000000000000000e+01 0.000000000000000000e+00 1.600000000000000089e+00 1.593000000000000015e-03 6.329999999999999689e-03 9.999789999999999512e-01 5.592420000000000169e-01 -8.289929999999999799e-01 4.355999999999999629e-03 8.290030000000000454e-01 5.592230000000000256e-01 -4.860999999999999870e-03
1.100000000000000000e+01 4.000000000000000000e+00 6.200000000000000000e+01 0.000000000000000000e+00 1.600000000000000089e+00 -1.587000000000000086e-03 -2.154000000000000099e-03 9.999959999999999960e-01 -6.131079999999999863e-01 7.899990000000000068e-01 7.290000000000000473e-04 -7.899969999999999493e-01 -6.131050000000000111e-01 -2.573999999999999899e-03
2.000000000000000000e+00 3.000000000000000000e+00 6.300000000000000000e+01 0.000000000000000000e+00 1.600000000000000089e+00 1.634000000000000036e-03 -3.425000000000000093e-03 9.999930000000000208e-01 -6.098500000000000032e-01 7.925079999999999902e-01 3.710999999999999889e-03 -7.925149999999999695e-01 -6.098519999999999497e-01 -7.940000000000000009e-04
2.200000000000000000e+01 3.000000000000000000e+00 6.300000000000000000e+01 0.000000000000000000e+00 1.600000000000000089e+00 6.989999999999999686e-04 4.291999999999999808e-03 9.999909999999999632e-01 -6.123739999999999739e-01 7.905630000000000157e-01 -2.965999999999999887e-03 -7.905680000000000485e-01 -6.123659999999999659e-01 3.180999999999999800e-03
4.000000000000000000e+00 2.700000000000000000e+01 6.300000000000000000e+01 0.000000000000000000e+00 1.600000000000000089e+00 1.050000000000000044e-04 -5.402999999999999817e-03 9.999850000000000128e-01 -2.788269999999999915e-01 9.603270000000000417e-01 5.218999999999999681e-03 -9.603410000000000002e-01 -2.788240000000000163e-01 -1.404999999999999999e-03
7.000000000000000000e+00 2.700000000000000000e+01 6.300000000000000000e+01 0.000000000000000000e+00 1.600000000000000089e+00 5.050000000000000235e-04 -2.083999999999999915e-03 9.999980000000000535e-01 -2.778970000000000051e-01 9.606080000000000174e-01 2.142999999999999940e-03 -9.606109999999999927e-01 -2.778979999999999784e-01 -9.399999999999999448e-05
1.100000000000000000e+01 2.700000000000000000e+01 6.300000000000000000e+01 0.000000000000000000e+00 1.600000000000000089e+00 -6.740000000000000114e-04 4.510000000000000120e-04 1.000000000000000000e+00 -2.755210000000000159e-01 9.612950000000000106e-01 -6.189999999999999756e-04 -9.612950000000000106e-01 -2.755219999999999891e-01 -5.230000000000000274e-04
1.500000000000000000e+01 2.700000000000000000e+01 6.300000000000000000e+01 0.000000000000000000e+00 1.600000000000000089e+00 4.300000000000000165e-05 1.100000000000000039e-04 1.000000000000000000e+00 -2.757830000000000004e-01 9.612199999999999633e-01 -9.299999999999999727e-05 -9.612199999999999633e-01 -2.757830000000000004e-01 7.200000000000000182e-05
1.800000000000000000e+01 2.700000000000000000e+01 6.300000000000000000e+01 0.000000000000000000e+00 1.600000000000000089e+00 -2.610000000000000015e-04 -5.169999999999999899e-04 1.000000000000000000e+00 -2.770580000000000265e-01 9.608529999999999571e-01 4.240000000000000062e-04 -9.608529999999999571e-01 -2.770580000000000265e-01 -3.939999999999999817e-04
