7.000000000000000000e+00 1.500000000000000000e+01 4.000000000000000000e+00 0.000000000000000000e+00 1.600000000000000089e+00 2.106999999999999932e-03 8.508999999999999203e-03 9.999620000000000175e-01 2.870619999999999838e-01 -9.578820000000000112e-01 7.545999999999999756e-03 9.579100000000000392e-01 2.870349999999999846e-01 -4.460999999999999688e-03
1.200000000000000000e+01 1.500000000000000000e+01 4.000000000000000000e+00 0.000000000000000000e+00 1.600000000000000089e+00 -1.727000000000000019e-03 -6.633000000000000007e-03 9.999759999999999760e-01 2.867950000000000221e-01 -9.579739999999999922e-01 -5.858999999999999625e-03 9.579900000000000082e-01 2.867790000000000061e-01 3.556999999999999832e-03
1.600000000000000000e+01 1.500000000000000000e+01 4.000000000000000000e+00 0.000000000000000000e+00 1.600000000000000089e+00 -5.212999999999999752e-03 -3.491999999999999878e-03 9.999799999999999800e-01 2.887560000000000127e-01 -9.574009999999999465e-01 -1.838000000000000007e-03 9.573890000000000455e-01 2.887399999999999967e-01 5.998999999999999992e-03
2.200000000000000000e+01 1.500000000000000000e+01 4.000000000000000000e+00 0.000000000000000000e+00 1.600000000000000089e+00 -6.812000000000000347e-03 1.134300000000000065e-02 9.999120000000000230e-01 2.867700000000000249e-01 -9.579140000000000432e-01 1.281999999999999980e-02 9.579750000000000210e-01 2.868319999999999759e-01 3.272000000000000169e-03
8.000000000000000000e+00 1.010000000000000000e+02 7.000000000000000000e+00 0.000000000000000000e+00 1.600000000000000089e+00 -1.083999999999999894e-03 -1.022499999999999971e-02 9.999470000000000303e-01 8.866829999999999989e-01 4.623430000000000040e-01 5.688999999999999613e-03 -4.623769999999999825e-01 8.866420000000000412e-01 8.564999999999999697e-03
1.600000000000000000e+01 1.010000000000000000e+02 7.000000000000000000e+00 0.000000000000000000e+00 1.600000000000000089e+00 1.394000000000000057e-03 1.412199999999999914e-02 9.998989999999999823e-01 8.855480000000000018e-01 4.644820000000000060e-01 -7.793999999999999713e-03 -4.645449999999999857e-01 8.854699999999999793e-01 -1.185800000000000048e-02
2.800000000000000000e+01 1.010000000000000000e+02 7.000000000000000000e+00 0.000000000000000000e+00 1.600000000000000089e+00 2.622000000000000199e-03 -7.465000000000000281e-03 9.999689999999999968e-01 8.880040000000000155e-01 4.598349999999999937e-01 1.105000000000000079e-03 -4.598280000000000145e-01 8.879730000000000123e-01 7.834999999999999951e-03
4.000000000000000000e+00 1.500000000000000000e+01 8.000000000000000000e+00 0.000000000000000000e+00 1.600000000000000089e+00 -1.030000000000000100e-03 2.409000000000000117e-03 -9.999970000000000248e-01 -5.850699999999999790e-01 -8.109819999999999807e-01 -1.350999999999999987e-03 -8.109819999999999807e-01 5.850659999999999750e-01 2.245000000000000034e-03
9.000000000000000000e+00 1.500000000000000000e+01 8.000000000000000000e+00 0.000000000000000000e+00 1.600000000000000089e+00 1.279999999999999942e-04 2.916000000000000189e-03 -9.999959999999999960e-01 -5.844019999999999770e-01 -8.114609999999999879e-01 -2.441000000000000027e-03 -8.114639999999999631e-01 5.844000000000000306e-01 1.600000000000000077e-03
1.600000000000000000e+01 1.500000000000000000e+01 8.000000000000000000e+00 0.000000000000000000e+00 1.600000000000000089e+00 1.472999999999999917e-03 -3.471999999999999826e-03 -9.999930000000000208e-01 -5.822920000000000318e-01 -8.129769999999999497e-01 1.965000000000000167e-03 -8.129779999999999784e-01 5.822850000000000525e-01 -3.219000000000000073e-03
2.200000000000000000e+01 1.500000000000000000e+01 8.000000000000000000e+00 0.000000000000000000e+00 1.600000000000000089e+00 1.012200000000000079e-02 9.483000000000000110e-03 -9.999040000000000150e-01 -5.783420000000000227e-01 -8.156809999999999894e-01 -1.358999999999999965e-02 -8.157320000000000126e-01 5.784240000000000492e-01 -2.772000000000000158e-03
2.700000000000000000e+01 1.500000000000000000e+01 8.000000000000000000e+00 0.000000000000000000e+00 1.600000000000000089e+00 1.064400000000000068e-02 1.876200000000000090e-02 -9.997669999999999613e-01 -5.754489999999999883e-01 -8.175559999999999494e-01 -2.146899999999999850e-02 -8.177680000000000504e-01 5.755439999999999445e-01 2.095000000000000074e-03
2.000000000000000000e+00 2.600000000000000000e+01 8.000000000000000000e+00 0.000000000000000000e+00 1.600000000000000089e+00 1.956999999999999972e-03 6.420999999999999625e-03 -9.999770000000000048e-01 4.065719999999999890e-01 9.135940000000000172e-01 6.662000000000000387e-03 9.136170000000000124e-01 -4.065759999999999930e-01 -8.220000000000000310e-04
7.000000000000000000e+00 2.600000000000000000e+01 8.000000000000000000e+00 0.000000000000000000e+00 1.600000000000000089e+00 1.420000000000000038e-03 5.760000000000000363e-03 -9.999820000000000375e-01 4.047029999999999794e-01 9.144290000000000473e-01 5.841999999999999971e-03 9.144470000000000098e-01 -4.047040000000000082e-01 -1.031999999999999931e-03
1.100000000000000000e+01 2.600000000000000000e+01 8.000000000000000000e+00 0.000000000000000000e+00 1.600000000000000089e+00 1.369999999999999907e-03 3.480000000000000020e-04 -9.999989999999999712e-01 4.047000000000000042e-01 9.144489999999999563e-01 8.720000000000000537e-04 9.144480000000000386e-01 -4.047009999999999774e-01 1.111999999999999924e-03
1.400000000000000000e+01 2.400000000000000000e+01 9.000000000000000000e+00 0.000000000000000000e+00 1.600000000000000089e+00 1.177000000000000095e-03 1.069000000000000072e-03 -9.999989999999999712e-01 4.580159999999999787e-01 8.889420000000000099e-01 1.490000000000000005e-03 8.889430000000000387e-01 -4.580179999999999807e-01 5.569999999999999864e-04
1.800000000000000000e+01 2.400000000000000000e+01 9.000000000000000000e+00 0.000000000000000000e+00 1.600000000000000089e+00 -1.853000000000000046e-03 -8.151999999999999524e-03 -9.999649999999999928e-01 4.583519999999999817e-01 8.887340000000000240e-01 -8.094000000000000500e-03 8.887690000000000312e-01 -4.583510000000000084e-01 2.089999999999999844e-03
2.700000000000000000e+01 2.400000000000000000e+01 9.000000000000000000e+00 0.000000000000000000e+00 1.600000000000000089e+00 -9.325999999999999221e-03 -2.458000000000000115e-02 -9.996540000000000425e-01 4.639809999999999768e-01 8.854610000000000536e-01 -2.610099999999999920e-02 8.857960000000000278e-01 -4.640639999999999765e-01 3.147000000000000058e-03
6.000000000000000000e+00 3.100000000000000000e+01 1.200000000000000000e+01 0.000000000000000000e+00 1.600000000000000089e+00 2.142999999999999940e-03 2.420999999999999975e-03 9.999949999999999672e-01 8.940000000000000030e-03 9.999569999999999848e-01 -2.439999999999999895e-03 -9.999580000000000135e-01 8.944999999999999826e-03 2.122000000000000188e-03
2.200000000000000000e+01 3.100000000000000000e+01 1.200000000000000000e+01 0.000000000000000000e+00 1.600000000000000089e+00 -6.819999999999999890e-04 9.210000000000000521e-04 9.999989999999999712e-01 1.899599999999999900e-02 9.998190000000000133e-01 -9.070000000000000371e-04 -9.998190000000000133e-01 1.899599999999999900e-02 -6.989999999999999686e-04
4.000000000000000000e+00 1.200000000000000000e+01 1.500000000000000000e+01 0.000000000000000000e+00 1.600000000000000089e+00 -4.859999999999999954e-04 -6.895000000000000087e-03 -9.999759999999999760e-01 -4.687500000000000000e-01 -8.833079999999999821e-01 6.317999999999999831e-03 -8.833309999999999773e-01 4.687419999999999920e-01 -2.802999999999999936e-03
1.300000000000000000e+01 1.200000000000000000e+01 1.500000000000000000e+01 0.000000000000000000e+00 1.600000000000000089e+00 -1.726000000000000104e-03 -1.879999999999999944e-03 -9.999970000000000248e-01 -4.674369999999999914e-01 -8.840230000000000032e-01 2.468999999999999841e-03 -8.840249999999999497e-01 4.674389999999999934e-01 6.470000000000000057e-04
1.700000000000000000e+01 1.200000000000000000e+01 1.500000000000000000e+01 0.000000000000000000e+00 1.600000000000000089e+00 1.309000000000000051e-03 3.782000000000000205e-03 -9.999919999999999920e-01 -4.657689999999999886e-01 -8.848970000000000447e-01 -3.956000000000000315e-03 -8.849050000000000527e-01 4.657709999999999906e-01 6.030000000000000204e-04
2.000000000000000000e+01 1.200000000000000000e+01 1.500000000000000000e+01 0.000000000000000000e+00 1.600000000000000089e+00 5.962000000000000285e-03 9.098000000000000184e-03 -9.999409999999999688e-01 -4.662529999999999730e-01 -8.845849999999999547e-01 -1.082800000000000082e-02 -8.846309999999999452e-01 4.662899999999999823e-01 -1.033000000000000064e-03
2.800000000000000000e+01 1.200000000000000000e+01 1.500000000000000000e+01 0.000000000000000000e+00 1.600000000000000089e+00 8.156000000000000055e-03 1.146600000000000050e-02 -9.999010000000000398e-01 -4.669170000000000265e-01 -8.841909999999999492e-01 -1.394800000000000033e-02 -8.842630000000000212e-01 4.669849999999999834e-01 -1.858000000000000059e-03
1.000000000000000000e+01 1.160000000000000000e+02 1.600000000000000000e+01 0.000000000000000000e+00 1.600000000000000089e+00 8.570000000000000144e-04 -1.100000000000000039e-04 1.000000000000000000e+00 6.807440000000000158e-01 7.325209999999999777e-01 -5.029999999999999749e-04 -7.325209999999999777e-01 6.807450000000000445e-01 7.029999999999999574e-04
2.100000000000000000e+01 1.160000000000000000e+02 1.600000000000000000e+01 0.000000000000000000e+00 1.600000000000000089e+00 8.260000000000000198e-04 2.566999999999999837e-03 9.999959999999999960e-01 7.019870000000000276e-01 7.121859999999999857e-01 -2.407999999999999984e-03 -7.121889999999999610e-01 7.019859999999999989e-01 -1.213000000000000102e-03
2.600000000000000000e+01 1.160000000000000000e+02 1.600000000000000000e+01 0.000000000000000000e+00 1.600000000000000089e+00 -2.660000000000000146e-04 -2.759000000000000168e-03 9.999959999999999960e-01 7.096780000000000310e-01 7.045230000000000103e-01 2.132000000000000214e-03 -7.045259999999999856e-01 7.096759999999999735e-01 1.771000000000000005e-03
8.000000000000000000e+00 2.000000000000000000e+00 1.900000000000000000e+01 0.000000000000000000e+00 1.600000000000000089e+00 8.580000000000000387e-04 1.931999999999999907e-03 -9.999980000000000535e-01 1.839919999999999889e-01 -9.829259999999999664e-01 -1.740999999999999926e-03 -9.829269999999999952e-01 -1.839899999999999869e-01 -1.198999999999999979e-03
1.400000000000000000e+01 2.000000000000000000e+00 1.900000000000000000e+01 0.000000000000000000e+00 1.600000000000000089e+00 -1.330999999999999935e-03 -1.242000000000000048e-03 -9.999980000000000535e-01 1.800599999999999978e-01 -9.836549999999999461e-01 9.820000000000000170e-04 -9.836549999999999461e-01 -1.800579999999999958e-01 1.533000000000000074e-03
1.900000000000000000e+01 2.000000000000000000e+00 1.900000000000000000e+01 0.000000000000000000e+00 1.600000000000000089e+00 -5.599999999999999509e-04 -1.689999999999999879e-04 -1.000000000000000000e+00 1.774969999999999881e-01 -9.841210000000000235e-01 6.700000000000000226e-05 -9.841210000000000235e-01 -1.774969999999999881e-01 5.810000000000000277e-04
2.900000000000000000e+01 2.000000000000000000e+00 1.900000000000000000e+01 0.000000000000000000e+00 1.600000000000000089e+00 -8.580000000000000387e-04 3.642999999999999971e-03 -9.999930000000000208e-01 1.738210000000000033e-01 -9.847700000000000342e-01 -3.736999999999999870e-03 -9.847770000000000135e-01 -1.738230000000000053e-01 2.110000000000000059e-04
3.000000000000000000e+00 4.000000000000000000e+00 2.000000000000000000e+01 0.000000000000000000e+00 1.600000000000000089e+00 5.019999999999999506e-04 7.699000000000000114e-03 -9.999700000000000255e-01 2.730369999999999742e-01 -9.619760000000000533e-01 -7.269000000000000287e-03 -9.620030000000000525e-01 -2.730259999999999909e-01 -2.585000000000000058e-03
1.500000000000000000e+01 4.000000000000000000e+00 2.000000000000000000e+01 0.000000000000000000e+00 1.600000000000000089e+00 9.190000000000000035e-04 -4.462999999999999953e-03 -9.999900000000000455e-01 2.728700000000000014e-01 -9.620400000000000063e-01 4.545000000000000429e-03 -9.620509999999999895e-01 -2.728709999999999747e-01 3.339999999999999870e-04
2.100000000000000000e+01 4.000000000000000000e+00 2.000000000000000000e+01 0.000000000000000000e+00 1.600000000000000089e+00 -3.510000000000000099e-03 2.005999999999999971e-03 -9.999919999999999920e-01 2.746709999999999985e-01 -9.615339999999999998e-01 -2.893000000000000172e-03 -9.615320000000000533e-01 -2.746779999999999777e-01 2.824000000000000121e-03
2.500000000000000000e+01 4.000000000000000000e+00 2.000000000000000000e+01 0.000000000000000000e+00 1.600000000000000089e+00 -1.379000000000000017e-03 2.207999999999999893e-03 -9.999970000000000248e-01 2.770900000000000030e-01 -9.608409999999999451e-01 -2.504000000000000149e-03 -9.608430000000000026e-01 -2.770920000000000050e-01 7.129999999999999836e-04
2.900000000000000000e+01 4.000000000000000000e+00 2.000000000000000000e+01 0.000000000000000000e+00 1.600000000000000089e+00 -8.159999999999999936e-04 6.602000000000000229e-03 -9.999780000000000335e-01 2.733630000000000226e-01 -9.618879999999999653e-01 -6.573999999999999982e-03 -9.619109999999999605e-01 -2.733619999999999939e-01 -1.020000000000000073e-03
4.000000000000000000e+00 1.300000000000000000e+01 2.000000000000000000e+01 0.000000000000000000e+00 1.600000000000000089e+00 -4.399999999999999886e-05 -8.484999999999999487e-03 9.999639999999999640e-01 2.594069999999999987e-01 9.657329999999999526e-01 8.205999999999999753e-03 -9.657679999999999598e-01 2.593980000000000175e-01 2.158999999999999895e-03
1.200000000000000000e+01 1.300000000000000000e+01 2.000000000000000000e+01 0.000000000000000000e+00 1.600000000000000089e+00 -2.020000000000000040e-04 7.023999999999999862e-03 9.999749999999999472e-01 2.599339999999999984e-01 9.656029999999999891e-01 -6.729999999999999871e-03 -9.656259999999999843e-01 2.599259999999999904e-01 -2.020999999999999793e-03
1.600000000000000000e+01 1.300000000000000000e+01 2.000000000000000000e+01 0.000000000000000000e+00 1.600000000000000089e+00 -7.150000000000000322e-04 2.664999999999999834e-03 9.999959999999999960e-01 2.579029999999999934e-01 9.661680000000000268e-01 -2.390999999999999896e-03 -9.661710000000000020e-01 2.579000000000000181e-01 -1.378000000000000102e-03
2.000000000000000000e+01 1.300000000000000000e+01 2.000000000000000000e+01 0.000000000000000000e+00 1.600000000000000089e+00 6.350000000000000392e-04 -3.350000000000000113e-03 9.999940000000000495e-01 2.579089999999999994e-01 9.661640000000000228e-01 3.073000000000000211e-03 -9.661689999999999445e-01 2.579060000000000241e-01 1.477000000000000014e-03
2.400000000000000000e+01 1.300000000000000000e+01 2.000000000000000000e+01 0.000000000000000000e+00 1.600000000000000089e+00 1.528999999999999977e-03 -7.674000000000000266e-03 9.999689999999999968e-01 2.588320000000000065e-01 9.658970000000000056e-01 7.016999999999999800e-03 -9.659210000000000296e-01 2.588139999999999885e-01 3.462999999999999932e-03
2.900000000000000000e+01 1.300000000000000000e+01 2.000000000000000000e+01 0.000000000000000000e+00 1.600000000000000089e+00 4.659999999999999971e-04 -1.184999999999999942e-02 9.999299999999999855e-01 2.577119999999999966e-01 9.661549999999999860e-01 1.132900000000000053e-02 -9.662220000000000253e-01 2.576890000000000014e-01 3.504000000000000170e-03
1.000000000000000000e+01 1.600000000000000000e+01 2.100000000000000000e+01 0.000000000000000000e+00 1.600000000000000089e+00 -1.123999999999999999e-03 8.720000000000000537e-04 9.999989999999999712e-01 2.983839999999999826e-01 9.544460000000000166e-01 -4.970000000000000459e-04 -9.544449999999999878e-01 2.983830000000000093e-01 -1.332999999999999984e-03
1.400000000000000000e+01 1.600000000000000000e+01 2.100000000000000000e+01 0.000000000000000000e+00 1.600000000000000089e+00 -1.771000000000000005e-03 3.083999999999999936e-03 9.999940000000000495e-01 2.955740000000000034e-01 9.553169999999999717e-01 -2.422000000000000108e-03 -9.553180000000000005e-01 2.955679999999999974e-01 -2.602999999999999845e-03
2.500000000000000000e+01 1.600000000000000000e+01 2.100000000000000000e+01 0.000000000000000000e+00 1.600000000000000089e+00 1.544000000000000017e-03 -4.102999999999999876e-03 9.999900000000000455e-01 2.951929999999999832e-01 9.554310000000000302e-01 3.464000000000000065e-03 -9.554369999999999807e-01 2.951840000000000019e-01 2.686000000000000019e-03
2.700000000000000000e+01 3.000000000000000000e+00 2.500000000000000000e+01 0.000000000000000000e+00 1.600000000000000089e+00 -4.691999999999999990e-03 8.852999999999999758e-03 9.999500000000000055e-01 -1.697999999999999857e-02 -9.998169999999999558e-01 8.772000000000000283e-03 9.998449999999999838e-01 -1.693800000000000167e-02 4.841999999999999950e-03
1.200000000000000000e+01 4.600000000000000000e+01 2.700000000000000000e+01 0.000000000000000000e+00 1.600000000000000089e+00 -1.396000000000000105e-03 -8.379999999999999862e-04 -9.999989999999999712e-01 6.829119999999999635e-01 7.304990000000000094e-01 -1.564999999999999985e-03 7.305000000000000382e-01 -6.829129999999999923e-01 -4.479999999999999933e-04
2.400000000000000000e+01 4.600000000000000000e+01 2.700000000000000000e+01 0.000000000000000000e+00 1.600000000000000089e+00 9.150000000000000147e-04 1.528999999999999977e-03 -9.999980000000000535e-01 6.811819999999999542e-01 7.321119999999999850e-01 1.742999999999999975e-03 7.321130000000000138e-01 -6.811829999999999830e-01 -3.710000000000000190e-04
3.000000000000000000e+01 4.600000000000000000e+01 2.700000000000000000e+01 0.000000000000000000e+00 1.600000000000000089e+00 -7.499999999999999343e-05 -2.755000000000000070e-03 -9.999959999999999960e-01 6.815269999999999939e-01 7.317900000000000515e-01 -2.066999999999999827e-03 7.317930000000000268e-01 -6.815250000000000474e-01 1.822000000000000052e-03
5.000000000000000000e+00 5.800000000000000000e+01 3.100000000000000000e+01 0.000000000000000000e+00 1.600000000000000089e+00 1.620000000000000075e-04 3.962000000000000244e-03 9.999919999999999920e-01 -8.007210000000000161e-01 -5.990330000000000377e-01 2.503000000000000017e-03 5.990379999999999594e-01 -8.007149999999999546e-01 3.076000000000000175e-03
8.000000000000000000e+00 5.800000000000000000e+01 3.100000000000000000e+01 0.000000000000000000e+00 1.600000000000000089e+00 2.895000000000000004e-03 3.956000000000000315e-03 9.999879999999999880e-01 -8.023700000000000276e-01 -5.968090000000000339e-01 4.683999999999999796e-03 5.968200000000000172e-01 -8.023740000000000316e-01 1.446000000000000020e-03
1.500000000000000000e+01 5.800000000000000000e+01 3.100000000000000000e+01 0.000000000000000000e+00 1.600000000000000089e+00 -2.919999999999999961e-04 2.629999999999999959e-03 9.999970000000000248e-01 -8.013660000000000228e-01 -5.981729999999999547e-01 1.338999999999999913e-03 5.981750000000000123e-01 -8.013620000000000188e-01 2.282999999999999873e-03
2.300000000000000000e+01 5.800000000000000000e+01 3.100000000000000000e+01 0.000000000000000000e+00 1.600000000000000089e+00 2.410999999999999949e-03 7.865000000000000463e-03 9.999660000000000215e-01 -8.014769999999999950e-01 -5.979879999999999640e-01 6.636000000000000405e-03 5.980199999999999960e-01 -8.014660000000000117e-01 4.860999999999999870e-03
2.000000000000000000e+00 4.600000000000000000e+01 3.500000000000000000e+01 0.000000000000000000e+00 1.600000000000000089e+00 -2.099999999999999884e-05 2.054999999999999969e-03 -9.999980000000000535e-01 3.847180000000000044e-01 -9.230319999999999636e-01 -1.905000000000000009e-03 -9.230340000000000211e-01 -3.847169999999999757e-01 -7.709999999999999840e-04
5.000000000000000000e+00 4.600000000000000000e+01 3.500000000000000000e+01 0.000000000000000000e+00 1.600000000000000089e+00 3.800000000000000209e-04 3.589000000000000176e-03 -9.999930000000000208e-01 3.858340000000000103e-01 -9.225630000000000219e-01 -3.164000000000000146e-03 -9.225680000000000547e-01 -3.858309999999999795e-01 -1.734999999999999997e-03
9.000000000000000000e+00 4.600000000000000000e+01 3.500000000000000000e+01 0.000000000000000000e+00 1.600000000000000089e+00 1.433000000000000029e-03 3.680999999999999810e-03 -9.999919999999999920e-01 3.862889999999999935e-01 -9.223740000000000272e-01 -2.841999999999999908e-03 -9.223770000000000024e-01 -3.862820000000000142e-01 -2.743000000000000212e-03
1.800000000000000000e+01 4.600000000000000000e+01 3.500000000000000000e+01 0.000000000000000000e+00 1.600000000000000089e+00 -9.870000000000000301e-04 1.118999999999999986e-03 -9.999989999999999712e-01 3.844509999999999872e-01 -9.231439999999999646e-01 -1.412000000000000061e-03 -9.231449999999999934e-01 -3.844520000000000159e-01 4.809999999999999823e-04
2.700000000000000000e+01 4.600000000000000000e+01 3.500000000000000000e+01 0.000000000000000000e+00 1.600000000000000089e+00 -3.449999999999999833e-04 -1.464000000000000024e-03 -9.999989999999999712e-01 3.858739999999999948e-01 -9.225510000000000099e-01 1.216999999999999983e-03 -9.225520000000000387e-01 -3.858730000000000215e-01 8.829999999999999958e-04
1.500000000000000000e+01 9.500000000000000000e+01 3.600000000000000000e+01 0.000000000000000000e+00 1.600000000000000089e+00 -8.533999999999999919e-03 -2.270600000000000049e-02 9.997059999999999835e-01 9.971569999999999601e-01 7.465099999999999514e-02 1.020800000000000006e-02 -7.486099999999999699e-02 9.969510000000000316e-01 2.200399999999999925e-02
2.200000000000000000e+01 9.500000000000000000e+01 3.600000000000000000e+01 0.000000000000000000e+00 1.600000000000000089e+00 -9.300000000000000541e-04 9.468999999999999986e-03 9.999550000000000383e-01 9.971360000000000223e-01 7.563000000000000278e-02 2.110000000000000059e-04 -7.562499999999999778e-02 9.970909999999999496e-01 -9.511999999999999622e-03
2.800000000000000000e+01 9.500000000000000000e+01 3.600000000000000000e+01 0.000000000000000000e+00 1.600000000000000089e+00 5.061000000000000394e-03 -1.906100000000000155e-02 9.998059999999999725e-01 9.976099999999999968e-01 6.899900000000000477e-02 -3.733999999999999906e-03 -6.891500000000000403e-02 9.974349999999999605e-01 1.936500000000000027e-02
3.000000000000000000e+00 2.900000000000000000e+01 4.400000000000000000e+01 0.000000000000000000e+00 1.600000000000000089e+00 1.629000000000000023e-03 -7.650999999999999815e-03 -9.999689999999999968e-01 6.808619999999999672e-01 7.323979999999999935e-01 -4.494999999999999864e-03 7.324100000000000055e-01 -6.808340000000000503e-01 6.401999999999999705e-03
1.500000000000000000e+01 2.900000000000000000e+01 4.400000000000000000e+01 0.000000000000000000e+00 1.600000000000000089e+00 -3.154999999999999818e-03 -1.270999999999999994e-03 -9.999940000000000495e-01 6.698039999999999550e-01 7.425310000000000521e-01 -3.056999999999999822e-03 7.425310000000000521e-01 -6.698100000000000165e-01 -1.490999999999999921e-03
2.100000000000000000e+01 2.900000000000000000e+01 4.400000000000000000e+01 0.000000000000000000e+00 1.600000000000000089e+00 -2.083999999999999915e-03 8.499999999999999526e-04 -9.999970000000000248e-01 6.668509999999999716e-01 7.451910000000000478e-01 -7.560000000000000530e-04 7.451879999999999615e-01 -6.668509999999999716e-01 -2.119999999999999923e-03
2.500000000000000000e+01 2.900000000000000000e+01 4.400000000000000000e+01 0.000000000000000000e+00 1.600000000000000089e+00 -1.368000000000000075e-03 2.635999999999999888e-03 -9.999959999999999960e-01 6.652059999999999640e-01 7.466589999999999616e-01 1.059000000000000045e-03 7.466589999999999616e-01 -6.652010000000000423e-01 -2.775000000000000123e-03
1.000000000000000000e+01 5.400000000000000000e+01 4.600000000000000000e+01 0.000000000000000000e+00 1.600000000000000089e+00 -3.730000000000000134e-04 8.420999999999999666e-03 9.999639999999999640e-01 3.425969999999999849e-01 -9.394479999999999498e-01 8.040000000000000271e-03 9.394820000000000393e-01 3.425880000000000036e-01 -2.533999999999999794e-03
1.200000000000000000e+01 6.500000000000000000e+01 4.600000000000000000e+01 0.000000000000000000e+00 1.600000000000000089e+00 -2.554999999999999979e-03 1.907000000000000058e-03 9.999949999999999672e-01 6.816419999999999702e-01 -7.316789999999999683e-01 3.137000000000000031e-03 7.316820000000000546e-01 6.816459999999999742e-01 5.699999999999999772e-04
1.300000000000000000e+01 7.000000000000000000e+00 5.200000000000000000e+01 0.000000000000000000e+00 1.600000000000000089e+00 -1.884000000000000041e-03 -2.405000000000000020e-03 -9.999949999999999672e-01 8.436799999999999855e-02 -9.964319999999999844e-01 2.236999999999999839e-03 -9.964330000000000132e-01 -8.436399999999999455e-02 2.080999999999999951e-03
1.200000000000000000e+01 1.500000000000000000e+01 5.300000000000000000e+01 0.000000000000000000e+00 1.600000000000000089e+00 3.209999999999999963e-04 1.007000000000000083e-03 -9.999989999999999712e-01 6.792599999999999749e-01 7.338980000000000503e-01 9.569999999999999514e-04 7.338980000000000503e-01 -6.792589999999999462e-01 -4.490000000000000176e-04
2.600000000000000000e+01 1.500000000000000000e+01 5.300000000000000000e+01 0.000000000000000000e+00 1.600000000000000089e+00 1.515999999999999986e-03 2.249999999999999938e-04 -9.999989999999999712e-01 6.771500000000000297e-01 7.358440000000000536e-01 1.191999999999999917e-03 7.358430000000000248e-01 -6.771509999999999474e-01 9.629999999999999888e-04
1.000000000000000000e+00 6.300000000000000000e+01 5.400000000000000000e+01 0.000000000000000000e+00 1.600000000000000089e+00 -4.380000000000000213e-04 -2.142999999999999940e-03 9.999980000000000535e-01 -3.517100000000000226e-01 9.361070000000000224e-01 1.851999999999999914e-03 -9.361089999999999689e-01 -3.517080000000000206e-01 -1.162999999999999971e-03
7.000000000000000000e+00 6.300000000000000000e+01 5.400000000000000000e+01 0.000000000000000000e+00 1.600000000000000089e+00 -6.489999999999999459e-04 -1.726000000000000104e-03 9.999980000000000535e-01 -3.524990000000000068e-01 9.358109999999999484e-01 1.386000000000000079e-03 -9.358119999999999772e-01 -3.524970000000000048e-01 -1.216000000000000067e-03
1.100000000000000000e+01 6.300000000000000000e+01 5.400000000000000000e+01 0.000000000000000000e+00 1.600000000000000089e+00 8.819999999999999715e-04 -1.309000000000000051e-03 9.999989999999999712e-01 -3.496270000000000211e-01 9.368880000000000541e-01 1.534999999999999906e-03 -9.368880000000000541e-01 -3.496279999999999943e-01 3.690000000000000246e-04
1.600000000000000000e+01 6.300000000000000000e+01 5.400000000000000000e+01 0.000000000000000000e+00 1.600000000000000089e+00 2.500000000000000120e-05 -7.799999999999999859e-04 1.000000000000000000e+00 -3.511130000000000084e-01 9.363329999999999709e-01 7.389999999999999651e-04 -9.363329999999999709e-01 -3.511130000000000084e-01 -2.509999999999999753e-04
2.000000000000000000e+01 6.300000000000000000e+01 5.400000000000000000e+01 0.000000000000000000e+00 1.600000000000000089e+00 3.009999999999999980e-04 -1.949999999999999965e-04 1.000000000000000000e+00 -3.498939999999999828e-01 9.367889999999999828e-01 2.880000000000000073e-04 -9.367889999999999828e-01 -3.498939999999999828e-01 2.139999999999999975e-04
2.200000000000000000e+01 6.300000000000000000e+01 5.400000000000000000e+01 0.000000000000000000e+00 1.600000000000000089e+00 7.529999999999999801e-04 1.179999999999999951e-04 1.000000000000000000e+00 -3.495969999999999911e-01 9.368999999999999551e-01 1.530000000000000056e-04 -9.368999999999999551e-01 -3.495969999999999911e-01 7.460000000000000268e-04
2.600000000000000000e+01 6.300000000000000000e+01 5.400000000000000000e+01 0.000000000000000000e+00 1.600000000000000089e+00 -6.160000000000000111e-04 2.039999999999999984e-04 1.000000000000000000e+00 -3.502339999999999898e-01 9.366619999999999946e-01 -4.070000000000000267e-04 -9.366619999999999946e-01 -3.502339999999999898e-01 -5.060000000000000478e-04
6.000000000000000000e+00 2.500000000000000000e+01 5.500000000000000000e+01 0.000000000000000000e+00 1.600000000000000089e+00 -1.689999999999999879e-04 -1.391000000000000092e-03 -9.999989999999999712e-01 -1.031199999999999999e-02 -9.999460000000000015e-01 1.392999999999999924e-03 -9.999470000000000303e-01 1.031299999999999925e-02 1.550000000000000000e-04
1.300000000000000000e+01 2.500000000000000000e+01 5.500000000000000000e+01 0.000000000000000000e+00 1.600000000000000089e+00 -1.910000000000000077e-04 -1.098999999999999934e-03 -9.999989999999999712e-01 -1.248999999999999937e-02 -9.999209999999999487e-01 1.100999999999999982e-03 -9.999219999999999775e-01 1.249100000000000037e-02 1.769999999999999926e-04
1.800000000000000000e+01 2.500000000000000000e+01 5.500000000000000000e+01 0.000000000000000000e+00 1.600000000000000089e+00 -9.420000000000000205e-04 -2.083000000000000216e-03 -9.999970000000000248e-01 -1.111900000000000041e-02 -9.999360000000000470e-01 2.092999999999999809e-03 -9.999379999999999935e-01 1.112100000000000068e-02 9.190000000000000035e-04
2.200000000000000000e+01 2.500000000000000000e+01 5.500000000000000000e+01 0.000000000000000000e+00 1.600000000000000089e+00 7.420000000000000380e-04 4.310000000000000137e-04 -1.000000000000000000e+00 -1.127399999999999930e-02 -9.999360000000000470e-01 -4.400000000000000157e-04 -9.999360000000000470e-01 1.127399999999999930e-02 -7.370000000000000249e-04
2.400000000000000000e+01 2.500000000000000000e+01 5.500000000000000000e+01 0.000000000000000000e+00 1.600000000000000089e+00 1.185000000000000072e-03 3.011999999999999920e-03 -9.999949999999999672e-01 -1.140099999999999968e-02 -9.999299999999999855e-01 -3.024999999999999911e-03 -9.999339999999999895e-01 1.140500000000000021e-02 -1.149999999999999981e-03
2.300000000000000000e+01 5.800000000000000000e+01 5.900000000000000000e+01 0.000000000000000000e+00 1.600000000000000089e+00 -4.355000000000000364e-03 5.375999999999999703e-03 -9.999759999999999760e-01 3.868650000000000144e-01 9.221300000000000052e-01 3.272999999999999868e-03 9.221260000000000012e-01 -3.868420000000000192e-01 -6.095999999999999856e-03
5.000000000000000000e+00 2.100000000000000000e+01 6.000000000000000000e+01 0.000000000000000000e+00 1.600000000000000089e+00 2.105999999999999799e-03 -1.268900000000000063e-02 9.999169999999999447e-01 -9.290500000000000147e-02 9.955920000000000325e-01 1.282999999999999939e-02 -9.956730000000000302e-01 -9.292499999999999372e-02 9.169999999999999549e-04
3.000000000000000000e+01 3.000000000000000000e+00 6.300000000000000000e+01 0.000000000000000000e+00 1.600000000000000089e+00 6.039000000000000097e-03 -9.834000000000000727e-03 9.999329999999999607e-01 -6.156869999999999843e-01 7.879070000000000240e-01 1.146699999999999976e-02 -7.879669999999999730e-01 -6.157160000000000410e-01 -1.296999999999999976e-03
6.000000000000000000e+00 2.700000000000000000e+01 6.300000000000000000e+01 0.000000000000000000e+00 1.600000000000000089e+00 3.910000000000000281e-03 1.720000000000000066e-04 9.999919999999999920e-01 -2.793280000000000207e-01 9.601950000000000207e-01 9.269999999999999811e-04 -9.601880000000000415e-01 -2.793300000000000227e-01 3.802999999999999957e-03
1.000000000000000000e+01 2.700000000000000000e+01 6.300000000000000000e+01 0.000000000000000000e+00 1.600000000000000089e+00 2.661999999999999870e-03 8.219000000000000611e-03 9.999630000000000463e-01 -2.738929999999999976e-01 9.617329999999999490e-01 -7.176000000000000087e-03 -9.617560000000000553e-01 -2.738639999999999963e-01 4.811000000000000172e-03
1.800000000000000000e+01 2.700000000000000000e+01 6.300000000000000000e+01 0.000000000000000000e+00 1.600000000000000089e+00 -1.693999999999999976e-03 -5.928000000000000110e-03 9.999810000000000088e-01 -2.775340000000000029e-01 9.607019999999999449e-01 5.224999999999999610e-03 -9.607139999999999569e-01 -2.775199999999999889e-01 -3.272999999999999868e-03
2.200000000000000000e+01 2.700000000000000000e+01 6.300000000000000000e+01 0.000000000000000000e+00 1.600000000000000089e+00 6.899999999999999667e-05 -9.145999999999999616e-03 9.999580000000000135e-01 -2.796580000000000177e-01 9.600589999999999957e-01 8.800000000000000530e-03 -9.600999999999999535e-01 -2.796469999999999789e-01 -2.491000000000000159e-03
6.000000000000000000e+00 2.600000000000000000e+01 6.400000000000000000e+01 0.000000000000000000e+00 1.600000000000000089e+00 4.184000000000000219e-03 -8.799999999999999771e-05 9.999909999999999632e-01 -3.612339999999999995e-01 9.324740000000000251e-01 1.593000000000000015e-03 -9.324660000000000171e-01 -3.612369999999999748e-01 3.870000000000000176e-03
1.300000000000000000e+01 2.600000000000000000e+01 6.400000000000000000e+01 0.000000000000000000e+00 1.600000000000000089e+00 -3.106999999999999953e-03 7.509000000000000050e-03 9.999670000000000503e-01 -3.505610000000000115e-01 9.365050000000000319e-01 -8.120999999999999747e-03 -9.365350000000000064e-01 -3.505739999999999967e-01 -2.779999999999999811e-04
1.800000000000000000e+01 2.600000000000000000e+01 6.400000000000000000e+01 0.000000000000000000e+00 1.600000000000000089e+00 -8.840000000000000201e-04 -5.956999999999999622e-03 9.999820000000000375e-01 -3.590119999999999978e-01 9.333179999999999810e-01 5.242000000000000132e-03 -9.333329999999999682e-01 -3.589999999999999858e-01 -2.964000000000000055e-03
2.200000000000000000e+01 2.600000000000000000e+01 6.400000000000000000e+01 0.000000000000000000e+00 1.600000000000000089e+00 1.139000000000000038e-03 -8.843999999999999431e-03 9.999599999999999600e-01 -3.601239999999999997e-01 9.328640000000000265e-01 8.661000000000000296e-03 -9.329039999999999555e-01 -3.601190000000000224e-01 -2.122000000000000188e-03
2.700000000000000000e+01 2.600000000000000000e+01 6.400000000000000000e+01 0.000000000000000000e+00 1.600000000000000089e+00 2.979999999999999793e-04 1.817000000000000039e-03 9.999980000000000535e-01 -3.619319999999999760e-01 9.322030000000000038e-01 -1.585999999999999953e-03 -9.322040000000000326e-01 -3.619310000000000027e-01 9.359999999999999831e-04
1.000000000000000000e+00 2.500000000000000000e+01 7.300000000000000000e+01 0.000000000000000000e+00 1.600000000000000089e+00 -8.229999999999999469e-04 5.309000000000000351e-03 9.999860000000000415e-01 7.521930000000000005e-01 -6.589300000000000157e-01 4.117000000000000000e-03 6.589429999999999454e-01 7.521849999999999925e-01 -3.451000000000000074e-03
7.000000000000000000e+00 2.500000000000000000e+01 7.300000000000000000e+01 0.000000000000000000e+00 1.600000000000000089e+00 5.929999999999999941e-04 -7.200000000000000453e-04 1.000000000000000000e+00 7.497650000000000148e-01 -6.617039999999999589e-01 -9.219999999999999680e-04 6.617039999999999589e-01 7.497650000000000148e-01 1.469999999999999953e-04
1.100000000000000000e+01 2.500000000000000000e+01 7.300000000000000000e+01 0.000000000000000000e+00 1.600000000000000089e+00 4.260000000000000006e-04 -1.203999999999999992e-03 9.999989999999999712e-01 7.482499999999999707e-01 -6.634160000000000057e-01 -1.118000000000000070e-03 6.634170000000000345e-01 7.482499999999999707e-01 6.179999999999999513e-04
2.000000000000000000e+01 2.500000000000000000e+01 7.300000000000000000e+01 0.000000000000000000e+00 1.600000000000000089e+00 1.332000000000000068e-03 2.265000000000000086e-03 9.999970000000000248e-01 7.564570000000000460e-01 -6.540430000000000410e-01 4.739999999999999747e-04 6.540420000000000122e-01 7.564539999999999598e-01 -2.585000000000000058e-03
2.500000000000000000e+01 2.500000000000000000e+01 7.300000000000000000e+01 0.000000000000000000e+00 1.600000000000000089e+00 -1.634000000000000036e-03 -3.344000000000000184e-03 9.999930000000000208e-01 7.563360000000000083e-01 -6.541829999999999590e-01 -9.510000000000000224e-04 6.541820000000000412e-01 7.563290000000000290e-01 3.598000000000000070e-03
6.000000000000000000e+00 4.400000000000000000e+01 7.300000000000000000e+01 0.000000000000000000e+00 1.600000000000000089e+00 -4.459999999999999989e-04 -1.946999999999999946e-03 9.999980000000000535e-01 5.132599999999999663e-02 -9.986800000000000122e-01 -1.922000000000000097e-03 9.986819999999999586e-01 5.132500000000000256e-02 5.460000000000000443e-04
1.200000000000000000e+01 4.400000000000000000e+01 7.300000000000000000e+01 0.000000000000000000e+00 1.600000000000000089e+00 4.130000000000000099e-04 -2.095000000000000074e-03 9.999980000000000535e-01 4.785600000000000270e-02 -9.988519999999999621e-01 -2.112000000000000162e-03 9.988540000000000196e-01 4.785699999999999676e-02 -3.119999999999999944e-04
2.200000000000000000e+01 4.400000000000000000e+01 7.300000000000000000e+01 0.000000000000000000e+00 1.600000000000000089e+00 -1.779999999999999898e-04 -2.347000000000000128e-03 9.999970000000000248e-01 4.848800000000000332e-02 -9.988209999999999589e-01 -2.335999999999999969e-03 9.988240000000000451e-01 4.848700000000000232e-02 2.919999999999999961e-04
2.800000000000000000e+01 4.400000000000000000e+01 7.300000000000000000e+01 0.000000000000000000e+00 1.600000000000000089e+00 3.559999999999999797e-04 1.742999999999999975e-03 9.999980000000000535e-01 5.052000000000000240e-02 -9.987219999999999986e-01 1.722000000000000006e-03 9.987230000000000274e-01 5.051900000000000140e-02 -4.429999999999999802e-04
8.000000000000000000e+00 5.100000000000000000e+01 7.600000000000000000e+01 0.000000000000000000e+00 1.600000000000000089e+00 -6.899999999999999667e-05 -4.829999999999999767e-04 -1.000000000000000000e+00 -4.157219999999999804e-01 -9.094919999999999671e-01 4.679999999999999915e-04 -9.094919999999999671e-01 4.157219999999999804e-01 -1.379999999999999933e-04
1.300000000000000000e+01 5.100000000000000000e+01 7.600000000000000000e+01 0.000000000000000000e+00 1.600000000000000089e+00 -6.890000000000000508e-04 4.605999999999999851e-03 -9.999890000000000168e-01 -4.139820000000000166e-01 -9.102770000000000028e-01 -3.908000000000000015e-03 -9.102850000000000108e-01 4.139749999999999819e-01 2.533999999999999794e-03
2.000000000000000000e+00 9.100000000000000000e+01 7.600000000000000000e+01 0.000000000000000000e+00 1.600000000000000089e+00 -4.899999999999999842e-05 2.634000000000000057e-03 9.999970000000000248e-01 3.131669999999999732e-01 -9.496949999999999559e-01 2.516000000000000007e-03 9.496980000000000421e-01 3.131659999999999999e-01 -7.780000000000000457e-04
6.000000000000000000e+00 9.100000000000000000e+01 7.600000000000000000e+01 0.000000000000000000e+00 1.600000000000000089e+00 -3.249999999999999851e-04 -2.689999999999999791e-04 1.000000000000000000e+00 3.191379999999999773e-01 -9.477079999999999949e-01 -1.510000000000000112e-04 9.477079999999999949e-01 3.191379999999999773e-01 3.939999999999999817e-04
1.200000000000000000e+01 9.100000000000000000e+01 7.600000000000000000e+01 0.000000000000000000e+00 1.600000000000000089e+00 5.199999999999999680e-05 1.247000000000000062e-03 9.999989999999999712e-01 3.164680000000000271e-01 -9.486019999999999452e-01 1.167000000000000069e-03 9.486029999999999740e-01 3.164680000000000271e-01 -4.440000000000000045e-04
1.800000000000000000e+01 9.100000000000000000e+01 7.600000000000000000e+01 0.000000000000000000e+00 1.600000000000000089e+00 5.810000000000000277e-04 3.490000000000000263e-04 1.000000000000000000e+00 3.159179999999999766e-01 -9.487870000000000470e-01 1.479999999999999925e-04 9.487860000000000182e-01 3.159170000000000034e-01 -6.620000000000000450e-04
2.700000000000000000e+01 9.100000000000000000e+01 7.600000000000000000e+01 0.000000000000000000e+00 1.600000000000000089e+00 -2.040000000000000147e-03 -4.640000000000000027e-04 9.999980000000000535e-01 3.202240000000000086e-01 -9.473420000000000174e-01 2.139999999999999975e-04 9.473390000000000422e-01 3.202240000000000086e-01 2.080999999999999951e-03
2.900000000000000000e+01 1.000000000000000000e+02 7.600000000000000000e+01 0.000000000000000000e+00 1.600000000000000089e+00 5.028999999999999616e-03 6.086000000000000264e-03 -9.999689999999999968e-01 -9.120260000000000034e-01 4.101270000000000193e-01 -2.090999999999999977e-03 4.101020000000000221e-01 9.120080000000000409e-01 7.612999999999999975e-03
