4.000000000000000000e+00 4.200000000000000000e+01 2.000000000000000000e+00 0.000000000000000000e+00 1.600000000000000089e+00 -2.609000000000000208e-03 -3.676399999999999807e-02 9.993210000000000148e-01 9.898639999999999661e-01 1.418020000000000114e-01 7.800999999999999775e-03 -1.419930000000000081e-01 9.892119999999999802e-01 3.602099999999999747e-02
9.000000000000000000e+00 4.200000000000000000e+01 2.000000000000000000e+00 0.000000000000000000e+00 1.600000000000000089e+00 -7.781999999999999855e-03 -1.465400000000000036e-02 9.998620000000000285e-01 9.879909999999999526e-01 1.541879999999999917e-01 9.948999999999999511e-03 -1.543120000000000047e-01 9.879329999999999501e-01 1.327799999999999987e-02
1.000000000000000000e+00 1.600000000000000000e+01 4.000000000000000000e+00 0.000000000000000000e+00 1.600000000000000089e+00 -5.281000000000000104e-03 1.157000000000000042e-02 9.999190000000000023e-01 3.228980000000000183e-01 -9.463489999999999958e-01 1.265600000000000058e-02 9.464190000000000103e-01 3.229389999999999761e-01 1.260999999999999968e-03
5.000000000000000000e+00 1.600000000000000000e+01 4.000000000000000000e+00 0.000000000000000000e+00 1.600000000000000089e+00 -3.340999999999999786e-03 1.866100000000000050e-02 9.998200000000000420e-01 3.233320000000000083e-01 -9.461000000000000520e-01 1.873899999999999871e-02 9.462800000000000100e-01 3.233360000000000123e-01 -2.873000000000000120e-03
8.000000000000000000e+00 1.600000000000000000e+01 4.000000000000000000e+00 0.000000000000000000e+00 1.600000000000000089e+00 3.266999999999999939e-03 2.624500000000000097e-02 9.996500000000000385e-01 3.224110000000000031e-01 -9.463009999999999478e-01 2.379099999999999965e-02 9.465940000000000465e-01 3.222209999999999797e-01 -1.155300000000000077e-02
1.300000000000000000e+01 1.600000000000000000e+01 4.000000000000000000e+00 0.000000000000000000e+00 1.600000000000000089e+00 -8.170000000000000179e-04 1.555699999999999965e-02 9.998789999999999623e-01 3.228719999999999923e-01 -9.463240000000000540e-01 1.498799999999999959e-02 9.464420000000000055e-01 3.228460000000000218e-01 -4.249000000000000173e-03
2.300000000000000000e+01 1.600000000000000000e+01 4.000000000000000000e+00 0.000000000000000000e+00 1.600000000000000089e+00 -3.440000000000000132e-04 9.705000000000000085e-03 9.999529999999999808e-01 3.222380000000000244e-01 -9.466130000000000377e-01 9.298000000000000709e-03 9.466579999999999995e-01 3.222260000000000124e-01 -2.801000000000000104e-03
5.000000000000000000e+00 1.500000000000000000e+01 8.000000000000000000e+00 0.000000000000000000e+00 1.600000000000000089e+00 7.372000000000000081e-03 1.404599999999999946e-02 -9.998740000000000405e-01 -5.647419999999999662e-01 -8.251169999999999893e-01 -1.575500000000000164e-02 -8.252350000000000518e-01 5.647870000000000390e-01 1.850000000000000082e-03
1.000000000000000000e+01 1.500000000000000000e+01 8.000000000000000000e+00 0.000000000000000000e+00 1.600000000000000089e+00 4.819000000000000367e-03 2.143799999999999872e-02 -9.997589999999999533e-01 -5.641610000000000236e-01 -8.254120000000000346e-01 -2.041799999999999865e-02 -8.256510000000000238e-01 5.641230000000000411e-01 8.116999999999999216e-03
4.000000000000000000e+00 2.600000000000000000e+01 8.000000000000000000e+00 0.000000000000000000e+00 1.600000000000000089e+00 -4.943999999999999610e-03 -1.243400000000000061e-02 -9.999099999999999655e-01 4.175610000000000155e-01 9.085509999999999975e-01 -1.336200000000000061e-02 9.086349999999999705e-01 -4.175900000000000167e-01 6.999999999999999929e-04
1.100000000000000000e+01 2.600000000000000000e+01 8.000000000000000000e+00 0.000000000000000000e+00 1.600000000000000089e+00 -4.606999999999999984e-03 -1.899700000000000000e-02 -9.998089999999999478e-01 4.215610000000000190e-01 9.065969999999999862e-01 -1.916800000000000101e-02 9.067880000000000384e-01 -4.215690000000000270e-01 3.831999999999999903e-03
1.400000000000000000e+01 2.600000000000000000e+01 8.000000000000000000e+00 0.000000000000000000e+00 1.600000000000000089e+00 -5.212999999999999752e-03 -2.040399999999999853e-02 -9.997779999999999445e-01 4.233040000000000136e-01 9.057520000000000016e-01 -2.069199999999999859e-02 9.059730000000000283e-01 -4.233180000000000276e-01 3.916000000000000210e-03
1.700000000000000000e+01 2.600000000000000000e+01 8.000000000000000000e+00 0.000000000000000000e+00 1.600000000000000089e+00 -5.746000000000000239e-03 -2.206400000000000028e-02 -9.997399999999999620e-01 4.254069999999999796e-01 9.047250000000000014e-01 -2.241200000000000137e-02 9.049840000000000106e-01 -4.254249999999999976e-01 4.186999999999999750e-03
2.100000000000000000e+01 2.600000000000000000e+01 8.000000000000000000e+00 0.000000000000000000e+00 1.600000000000000089e+00 -3.997999999999999818e-03 -3.409999999999999837e-03 -9.999860000000000415e-01 4.282799999999999940e-01 9.036330000000000195e-01 -4.793000000000000385e-03 9.036370000000000235e-01 -4.282929999999999793e-01 -2.152999999999999966e-03
2.600000000000000000e+01 2.600000000000000000e+01 8.000000000000000000e+00 0.000000000000000000e+00 1.600000000000000089e+00 -2.069000000000000093e-03 -1.017599999999999928e-02 -9.999460000000000015e-01 4.270689999999999764e-01 9.041630000000000500e-01 -1.008500000000000021e-02 9.042170000000000485e-01 -4.270669999999999744e-01 2.475000000000000203e-03
1.500000000000000000e+01 1.400000000000000000e+01 9.000000000000000000e+00 0.000000000000000000e+00 1.600000000000000089e+00 6.865999999999999708e-03 1.496399999999999987e-02 -9.998639999999999750e-01 -5.576449999999999463e-01 -8.299199999999999910e-01 -1.625000000000000056e-02 -8.300509999999999833e-01 5.576809999999999823e-01 2.647000000000000047e-03
1.800000000000000000e+01 1.400000000000000000e+01 9.000000000000000000e+00 0.000000000000000000e+00 1.600000000000000089e+00 6.492999999999999640e-03 1.648700000000000165e-02 -9.998430000000000373e-01 -5.559859999999999802e-01 -8.310110000000000552e-01 -1.731299999999999853e-02 -8.311659999999999604e-01 5.560110000000000330e-01 3.771000000000000046e-03
2.200000000000000000e+01 1.400000000000000000e+01 9.000000000000000000e+00 0.000000000000000000e+00 1.600000000000000089e+00 5.396999999999999888e-03 1.178700000000000060e-02 -9.999160000000000270e-01 -5.546240000000000059e-01 -8.320020000000000193e-01 -1.280199999999999914e-02 -8.320830000000000171e-01 5.546470000000000011e-01 2.047000000000000208e-03
2.600000000000000000e+01 1.400000000000000000e+01 9.000000000000000000e+00 0.000000000000000000e+00 1.600000000000000089e+00 2.259999999999999856e-03 3.674000000000000182e-03 -9.999909999999999632e-01 -5.550380000000000313e-01 -8.318140000000000533e-01 -4.310999999999999728e-03 -8.318219999999999503e-01 5.550429999999999531e-01 1.600000000000000131e-04
2.900000000000000000e+01 1.020000000000000000e+02 9.000000000000000000e+00 0.000000000000000000e+00 1.600000000000000089e+00 -1.142000000000000003e-03 5.107999999999999693e-03 9.999860000000000415e-01 9.241899999999999560e-01 3.819330000000000225e-01 -8.959999999999999866e-04 -3.819319999999999937e-01 9.241759999999999975e-01 -5.157000000000000126e-03
9.000000000000000000e+00 3.100000000000000000e+01 1.200000000000000000e+01 0.000000000000000000e+00 1.600000000000000089e+00 -2.982999999999999974e-03 1.413999999999999892e-03 9.999949999999999672e-01 1.523399999999999928e-02 9.998829999999999663e-01 -1.368000000000000075e-03 -9.998789999999999623e-01 1.523000000000000048e-02 -3.004000000000000160e-03
1.200000000000000000e+01 3.100000000000000000e+01 1.200000000000000000e+01 0.000000000000000000e+00 1.600000000000000089e+00 -1.956999999999999972e-03 -1.019999999999999992e-04 9.999980000000000535e-01 1.576400000000000023e-02 9.998759999999999870e-01 1.330000000000000073e-04 -9.998740000000000405e-01 1.576400000000000023e-02 -1.955000000000000140e-03
1.500000000000000000e+01 3.100000000000000000e+01 1.200000000000000000e+01 0.000000000000000000e+00 1.600000000000000089e+00 -4.949999999999999973e-04 9.000000000000000567e-05 1.000000000000000000e+00 1.528599999999999924e-02 9.998829999999999663e-01 -8.200000000000000095e-05 -9.998829999999999663e-01 1.528599999999999924e-02 -4.960000000000000216e-04
2.000000000000000000e+01 3.100000000000000000e+01 1.200000000000000000e+01 0.000000000000000000e+00 1.600000000000000089e+00 6.999999999999999929e-04 4.539999999999999765e-04 1.000000000000000000e+00 1.457199999999999988e-02 9.998939999999999495e-01 -4.640000000000000027e-04 -9.998939999999999495e-01 1.457299999999999915e-02 6.930000000000000396e-04
2.900000000000000000e+01 3.100000000000000000e+01 1.200000000000000000e+01 0.000000000000000000e+00 1.600000000000000089e+00 -5.360000000000000181e-04 3.592000000000000141e-03 9.999930000000000208e-01 1.268700000000000036e-02 9.999130000000000518e-01 -3.585000000000000079e-03 -9.999190000000000023e-01 1.268500000000000009e-02 -5.820000000000000520e-04
1.000000000000000000e+01 3.200000000000000000e+01 1.400000000000000000e+01 0.000000000000000000e+00 1.600000000000000089e+00 3.873999999999999840e-03 3.480000000000000020e-04 -9.999919999999999920e-01 1.219859999999999972e-01 9.925310000000000521e-01 8.180000000000000422e-04 9.925239999999999618e-01 -1.219879999999999992e-01 3.802999999999999957e-03
5.000000000000000000e+00 1.200000000000000000e+01 1.500000000000000000e+01 0.000000000000000000e+00 1.600000000000000089e+00 5.276000000000000308e-03 4.943000000000000345e-03 -9.999740000000000295e-01 -4.695819999999999994e-01 -8.828620000000000356e-01 -6.841999999999999992e-03 -8.828730000000000189e-01 4.696060000000000234e-01 -2.337000000000000102e-03
8.000000000000000000e+00 1.200000000000000000e+01 1.500000000000000000e+01 0.000000000000000000e+00 1.600000000000000089e+00 3.954000000000000049e-03 9.435999999999999943e-03 -9.999479999999999480e-01 -4.702330000000000121e-01 -8.824830000000000174e-01 -1.018699999999999987e-02 -8.825330000000000119e-01 4.702489999999999726e-01 9.470000000000000336e-04
1.600000000000000000e+01 1.200000000000000000e+01 1.500000000000000000e+01 0.000000000000000000e+00 1.600000000000000089e+00 4.890000000000000249e-03 5.308000000000000218e-03 -9.999740000000000295e-01 -4.687769999999999992e-01 -8.832889999999999908e-01 -6.981000000000000226e-03 -8.833029999999999493e-01 4.687990000000000212e-01 -1.830999999999999945e-03
4.000000000000000000e+00 1.160000000000000000e+02 1.600000000000000000e+01 0.000000000000000000e+00 1.600000000000000089e+00 -3.970000000000000005e-04 -2.063000000000000164e-03 9.999980000000000535e-01 6.776919999999999611e-01 7.353439999999999976e-01 1.786000000000000044e-03 -7.353460000000000552e-01 6.776910000000000434e-01 1.105999999999999995e-03
2.300000000000000000e+01 1.160000000000000000e+02 1.600000000000000000e+01 0.000000000000000000e+00 1.600000000000000089e+00 -1.688999999999999963e-03 -2.377999999999999906e-03 9.999959999999999960e-01 7.015980000000000549e-01 7.125669999999999504e-01 2.879000000000000049e-03 -7.125709999999999544e-01 7.016000000000000014e-01 4.650000000000000270e-04
2.700000000000000000e+01 1.160000000000000000e+02 1.600000000000000000e+01 0.000000000000000000e+00 1.600000000000000089e+00 -1.149999999999999981e-03 -1.557000000000000007e-03 9.999980000000000535e-01 6.830699999999999550e-01 7.303500000000000547e-01 1.923000000000000013e-03 -7.303520000000000012e-01 6.830709999999999837e-01 2.239999999999999966e-04
2.000000000000000000e+00 2.000000000000000000e+00 1.900000000000000000e+01 0.000000000000000000e+00 1.600000000000000089e+00 -3.618999999999999821e-03 1.500000000000000031e-03 -9.999919999999999920e-01 1.656479999999999897e-01 -9.861830000000000318e-01 -2.077999999999999986e-03 -9.861779999999999990e-01 -1.656539999999999957e-01 3.321000000000000167e-03
6.000000000000000000e+00 2.000000000000000000e+00 1.900000000000000000e+01 0.000000000000000000e+00 1.600000000000000089e+00 -1.072999999999999952e-03 -2.550000000000000183e-04 -9.999989999999999712e-01 1.668060000000000098e-01 -9.859900000000000331e-01 7.299999999999999903e-05 -9.859890000000000043e-01 -1.668060000000000098e-01 1.100999999999999982e-03
1.100000000000000000e+01 2.000000000000000000e+00 1.900000000000000000e+01 0.000000000000000000e+00 1.600000000000000089e+00 2.135000000000000179e-03 6.693000000000000164e-03 -9.999749999999999472e-01 1.699869999999999992e-01 -9.854270000000000529e-01 -6.231999999999999693e-03 -9.854439999999999866e-01 -1.699700000000000100e-01 -3.240999999999999957e-03
1.700000000000000000e+01 2.000000000000000000e+00 1.900000000000000000e+01 0.000000000000000000e+00 1.600000000000000089e+00 -1.832000000000000078e-03 8.480000000000000124e-04 -9.999980000000000535e-01 1.687800000000000133e-01 -9.856530000000000014e-01 -1.144999999999999967e-03 -9.856519999999999726e-01 -1.687819999999999876e-01 1.662999999999999982e-03
2.100000000000000000e+01 2.000000000000000000e+00 1.900000000000000000e+01 0.000000000000000000e+00 1.600000000000000089e+00 -1.064000000000000059e-03 4.375999999999999682e-03 -9.999900000000000455e-01 1.607520000000000060e-01 -9.869850000000000012e-01 -4.490000000000000067e-03 -9.869940000000000380e-01 -1.607550000000000090e-01 3.469999999999999777e-04
2.600000000000000000e+01 2.000000000000000000e+00 1.900000000000000000e+01 0.000000000000000000e+00 1.600000000000000089e+00 3.481999999999999852e-03 -1.289999999999999914e-04 -9.999940000000000495e-01 1.594250000000000111e-01 -9.872100000000000319e-01 6.819999999999999890e-04 -9.872039999999999704e-01 -1.594260000000000121e-01 -3.416999999999999899e-03
2.900000000000000000e+01 2.000000000000000000e+00 1.900000000000000000e+01 0.000000000000000000e+00 1.600000000000000089e+00 4.133000000000000389e-03 -1.724999999999999971e-03 -9.999900000000000455e-01 1.610570000000000057e-01 -9.869419999999999860e-01 2.367999999999999879e-03 -9.869360000000000355e-01 -1.610650000000000137e-01 -3.801000000000000125e-03
5.000000000000000000e+00 1.300000000000000000e+01 2.000000000000000000e+01 0.000000000000000000e+00 1.600000000000000089e+00 7.999999999999999638e-06 -7.254000000000000031e-03 9.999740000000000295e-01 2.591550000000000242e-01 9.658099999999999463e-01 7.003999999999999809e-03 -9.658360000000000278e-01 2.591479999999999895e-01 1.887999999999999921e-03
9.000000000000000000e+00 1.300000000000000000e+01 2.000000000000000000e+01 0.000000000000000000e+00 1.600000000000000089e+00 -3.680000000000000003e-04 2.132999999999999913e-03 9.999980000000000535e-01 2.602079999999999949e-01 9.655510000000000481e-01 -1.962999999999999901e-03 -9.655529999999999946e-01 2.602059999999999929e-01 -9.110000000000000259e-04
1.300000000000000000e+01 1.300000000000000000e+01 2.000000000000000000e+01 0.000000000000000000e+00 1.600000000000000089e+00 -1.299000000000000024e-03 6.650000000000000095e-04 9.999989999999999712e-01 2.634070000000000022e-01 9.646850000000000147e-01 -2.999999999999999737e-04 -9.646839999999999860e-01 2.634070000000000022e-01 -1.428000000000000016e-03
2.200000000000000000e+01 1.300000000000000000e+01 2.000000000000000000e+01 0.000000000000000000e+00 1.600000000000000089e+00 9.899999999999999404e-05 -1.869999999999999917e-03 9.999980000000000535e-01 2.608170000000000210e-01 9.653869999999999951e-01 1.779999999999999898e-03 -9.653880000000000239e-01 2.608159999999999923e-01 5.829999999999999679e-04
2.800000000000000000e+01 1.300000000000000000e+01 2.000000000000000000e+01 0.000000000000000000e+00 1.600000000000000089e+00 9.539999999999999869e-04 -3.054999999999999990e-03 9.999949999999999672e-01 2.614139999999999797e-01 9.652230000000000532e-01 2.699000000000000010e-03 -9.652260000000000284e-01 2.614099999999999757e-01 1.719999999999999958e-03
2.000000000000000000e+00 1.600000000000000000e+01 2.100000000000000000e+01 0.000000000000000000e+00 1.600000000000000089e+00 -8.220000000000000310e-04 -6.388999999999999714e-03 9.999789999999999512e-01 2.963189999999999991e-01 9.550680000000000280e-01 6.344999999999999946e-03 -9.550889999999999658e-01 2.963180000000000258e-01 1.108000000000000044e-03
6.000000000000000000e+00 1.600000000000000000e+01 2.100000000000000000e+01 0.000000000000000000e+00 1.600000000000000089e+00 -1.900000000000000105e-05 -5.198999999999999629e-03 9.999869999999999592e-01 2.964589999999999725e-01 9.550330000000000208e-01 4.970999999999999724e-03 -9.550450000000000328e-01 2.964559999999999973e-01 1.523000000000000048e-03
2.200000000000000000e+01 1.600000000000000000e+01 2.100000000000000000e+01 0.000000000000000000e+00 1.600000000000000089e+00 6.620000000000000450e-04 4.200000000000000174e-04 1.000000000000000000e+00 2.990099999999999980e-01 9.542500000000000426e-01 -5.990000000000000316e-04 -9.542500000000000426e-01 2.990110000000000268e-01 5.060000000000000478e-04
5.000000000000000000e+00 4.600000000000000000e+01 2.700000000000000000e+01 0.000000000000000000e+00 1.600000000000000089e+00 1.165000000000000020e-03 1.278000000000000056e-03 -9.999980000000000535e-01 6.790140000000000065e-01 7.341229999999999700e-01 1.729000000000000068e-03 7.341239999999999988e-01 -6.790150000000000352e-01 -1.200000000000000030e-05
7.000000000000000000e+00 4.600000000000000000e+01 3.000000000000000000e+01 0.000000000000000000e+00 1.600000000000000089e+00 4.409999999999999858e-04 5.899999999999999754e-05 -1.000000000000000000e+00 3.363079999999999958e-01 9.417520000000000335e-01 2.039999999999999984e-04 9.417520000000000335e-01 -3.363079999999999958e-01 3.950000000000000061e-04
1.900000000000000000e+01 4.600000000000000000e+01 3.000000000000000000e+01 0.000000000000000000e+00 1.600000000000000089e+00 5.000000000000000240e-05 -4.640000000000000027e-04 -1.000000000000000000e+00 3.367850000000000010e-01 9.415820000000000300e-01 -4.200000000000000174e-04 9.415820000000000300e-01 -3.367850000000000010e-01 2.030000000000000012e-04
7.000000000000000000e+00 5.800000000000000000e+01 3.100000000000000000e+01 0.000000000000000000e+00 1.600000000000000089e+00 1.129999999999999955e-04 -1.979999999999999989e-03 9.999980000000000535e-01 -7.964130000000000376e-01 -6.047519999999999563e-01 -1.108000000000000044e-03 6.047529999999999850e-01 -7.964120000000000088e-01 -1.644999999999999978e-03
1.200000000000000000e+01 5.800000000000000000e+01 3.100000000000000000e+01 0.000000000000000000e+00 1.600000000000000089e+00 -1.569999999999999944e-04 -8.710000000000000294e-04 1.000000000000000000e+00 -7.984630000000000338e-01 -6.020429999999999948e-01 -6.489999999999999459e-04 6.020429999999999948e-01 -7.984630000000000338e-01 -6.009999999999999717e-04
2.000000000000000000e+01 5.800000000000000000e+01 3.100000000000000000e+01 0.000000000000000000e+00 1.600000000000000089e+00 -1.703000000000000087e-03 2.020000000000000040e-04 9.999989999999999712e-01 -7.981549999999999478e-01 -6.024509999999999588e-01 -1.237999999999999951e-03 6.024500000000000410e-01 -7.981559999999999766e-01 1.188000000000000037e-03
2.500000000000000000e+01 5.800000000000000000e+01 3.100000000000000000e+01 0.000000000000000000e+00 1.600000000000000089e+00 6.000000000000000152e-05 3.710000000000000190e-04 1.000000000000000000e+00 -7.960260000000000113e-01 -6.052619999999999667e-01 2.730000000000000222e-04 6.052629999999999955e-01 -7.960260000000000113e-01 2.590000000000000071e-04
1.000000000000000000e+01 4.600000000000000000e+01 3.500000000000000000e+01 0.000000000000000000e+00 1.600000000000000089e+00 -1.828999999999999897e-03 5.176000000000000045e-03 -9.999850000000000128e-01 3.917760000000000131e-01 -9.200439999999999729e-01 -5.479000000000000363e-03 -9.200589999999999602e-01 -3.917800000000000171e-01 -3.460000000000000076e-04
1.300000000000000000e+01 4.600000000000000000e+01 3.500000000000000000e+01 0.000000000000000000e+00 1.600000000000000089e+00 -6.359999999999999551e-04 1.799000000000000035e-03 -9.999980000000000535e-01 3.915219999999999811e-01 -9.201669999999999572e-01 -1.905000000000000009e-03 -9.201679999999999859e-01 -3.915230000000000099e-01 -1.190000000000000058e-04
2.000000000000000000e+01 4.600000000000000000e+01 3.500000000000000000e+01 0.000000000000000000e+00 1.600000000000000089e+00 4.169999999999999987e-04 2.639999999999999986e-03 -9.999959999999999960e-01 3.909850000000000270e-01 -9.203940000000000454e-01 -2.266999999999999918e-03 -9.203970000000000207e-01 -3.909830000000000250e-01 -1.415999999999999941e-03
2.800000000000000000e+01 4.600000000000000000e+01 3.500000000000000000e+01 0.000000000000000000e+00 1.600000000000000089e+00 1.131000000000000061e-03 -6.819999999999999674e-03 -9.999759999999999760e-01 3.893340000000000134e-01 -9.210720000000000018e-01 6.721999999999999677e-03 -9.210960000000000258e-01 -3.893329999999999846e-01 1.613000000000000067e-03
2.000000000000000000e+00 9.500000000000000000e+01 3.600000000000000000e+01 0.000000000000000000e+00 1.600000000000000089e+00 -4.906999999999999904e-03 -2.101199999999999943e-02 9.997669999999999613e-01 9.969940000000000468e-01 7.720899999999999985e-02 6.517000000000000223e-03 -7.732799999999999396e-02 9.967930000000000401e-01 2.057000000000000148e-02
6.000000000000000000e+00 9.500000000000000000e+01 3.600000000000000000e+01 0.000000000000000000e+00 1.600000000000000089e+00 -4.925999999999999823e-03 -1.938199999999999992e-02 9.998000000000000220e-01 9.968449999999999811e-01 7.910899999999999876e-02 6.446000000000000341e-03 -7.921899999999999775e-02 9.966779999999999529e-01 1.893200000000000091e-02
1.000000000000000000e+01 9.500000000000000000e+01 3.600000000000000000e+01 0.000000000000000000e+00 1.600000000000000089e+00 4.656999999999999681e-03 1.204900000000000068e-02 9.999169999999999447e-01 9.965239999999999654e-01 8.311399999999999344e-02 -5.642999999999999579e-03 -8.317499999999999893e-02 9.964669999999999916e-01 -1.162000000000000012e-02
1.400000000000000000e+01 9.500000000000000000e+01 3.600000000000000000e+01 0.000000000000000000e+00 1.600000000000000089e+00 4.076999999999999895e-03 1.887399999999999842e-02 9.998139999999999805e-01 9.967240000000000544e-01 8.068699999999999484e-02 -5.588000000000000085e-03 -8.077700000000000158e-02 9.965610000000000301e-01 -1.848299999999999943e-02
1.800000000000000000e+01 9.500000000000000000e+01 3.600000000000000000e+01 0.000000000000000000e+00 1.600000000000000089e+00 -7.259999999999999743e-04 -9.353999999999999468e-03 9.999559999999999560e-01 9.972330000000000361e-01 7.432300000000000018e-02 1.420000000000000038e-03 -7.433299999999999630e-02 9.971900000000000208e-01 9.273999999999999258e-03
2.100000000000000000e+01 9.500000000000000000e+01 3.600000000000000000e+01 0.000000000000000000e+00 1.600000000000000089e+00 -3.026000000000000044e-03 -2.520000000000000018e-02 9.996779999999999555e-01 9.972739999999999938e-01 7.362900000000000000e-02 4.874999999999999993e-03 -7.372800000000000187e-02 9.969670000000000476e-01 2.490900000000000059e-02
2.400000000000000000e+01 9.500000000000000000e+01 3.600000000000000000e+01 0.000000000000000000e+00 1.600000000000000089e+00 -2.122999999999999887e-03 -1.839100000000000110e-02 9.998289999999999678e-01 9.973119999999999763e-01 7.318800000000000305e-02 3.464000000000000065e-03 -7.323899999999999855e-02 9.971489999999999521e-01 1.818699999999999831e-02
2.900000000000000000e+01 9.500000000000000000e+01 3.600000000000000000e+01 0.000000000000000000e+00 1.600000000000000089e+00 -1.694999999999999892e-03 6.000000000000000152e-05 9.999989999999999712e-01 9.971729999999999761e-01 7.512399999999999634e-02 1.685999999999999999e-03 -7.512399999999999634e-02 9.971740000000000048e-01 -1.869999999999999917e-04
1.500000000000000000e+01 3.000000000000000000e+00 4.300000000000000000e+01 0.000000000000000000e+00 1.600000000000000089e+00 2.272000000000000148e-03 7.636000000000000426e-03 -9.999679999999999680e-01 7.389379999999999837e-01 -6.737649999999999473e-01 -3.465999999999999897e-03 -6.737699999999999800e-01 -7.389069999999999805e-01 -7.172999999999999689e-03
2.000000000000000000e+01 3.000000000000000000e+00 4.300000000000000000e+01 0.000000000000000000e+00 1.600000000000000089e+00 -2.732000000000000053e-03 -6.237999999999999622e-03 -9.999770000000000048e-01 7.388559999999999572e-01 -6.738589999999999858e-01 2.184999999999999876e-03 -6.738579999999999570e-01 -7.388329999999999620e-01 6.448999999999999871e-03
2.600000000000000000e+01 3.000000000000000000e+00 4.300000000000000000e+01 0.000000000000000000e+00 1.600000000000000089e+00 7.690000000000000438e-04 5.169999999999999899e-04 -1.000000000000000000e+00 7.359010000000000273e-01 -6.770890000000000519e-01 2.159999999999999919e-04 -6.770880000000000232e-01 -7.359010000000000273e-01 -9.009999999999999997e-04
1.800000000000000000e+01 8.000000000000000000e+00 4.400000000000000000e+01 0.000000000000000000e+00 1.600000000000000089e+00 -2.509999999999999753e-04 1.624000000000000010e-03 9.999989999999999712e-01 -7.875170000000000226e-01 -6.162919999999999510e-01 8.040000000000000271e-04 6.162919999999999510e-01 -7.875159999999999938e-01 1.433999999999999945e-03
2.700000000000000000e+01 8.000000000000000000e+00 4.400000000000000000e+01 0.000000000000000000e+00 1.600000000000000089e+00 2.310000000000000042e-04 1.198000000000000063e-03 9.999989999999999712e-01 -7.819169999999999732e-01 -6.233819999999999917e-01 9.269999999999999811e-04 6.233830000000000204e-01 -7.819169999999999732e-01 7.929999999999999766e-04
1.000000000000000000e+00 2.900000000000000000e+01 4.400000000000000000e+01 0.000000000000000000e+00 1.600000000000000089e+00 1.941000000000000017e-03 1.381000000000000066e-03 -9.999970000000000248e-01 6.406979999999999897e-01 7.677899999999999725e-01 2.304000000000000058e-03 7.677910000000000013e-01 -6.407009999999999650e-01 6.059999999999999849e-04
1.200000000000000000e+01 2.900000000000000000e+01 4.400000000000000000e+01 0.000000000000000000e+00 1.600000000000000089e+00 4.288000000000000145e-03 3.690000000000000246e-04 -9.999909999999999632e-01 6.712099999999999733e-01 7.412600000000000300e-01 3.151999999999999854e-03 7.412549999999999972e-01 -6.712179999999999813e-01 2.931000000000000012e-03
1.700000000000000000e+01 2.900000000000000000e+01 4.400000000000000000e+01 0.000000000000000000e+00 1.600000000000000089e+00 1.118000000000000070e-03 -2.425000000000000072e-03 -9.999959999999999960e-01 6.768309999999999604e-01 7.361379999999999590e-01 -1.028000000000000051e-03 7.361370000000000413e-01 -6.768279999999999852e-01 2.464000000000000044e-03
2.100000000000000000e+01 2.900000000000000000e+01 4.400000000000000000e+01 0.000000000000000000e+00 1.600000000000000089e+00 -3.612000000000000193e-03 -2.919999999999999853e-03 -9.999890000000000168e-01 6.773209999999999509e-01 7.356740000000000501e-01 -4.595000000000000126e-03 7.356789999999999718e-01 -6.773299999999999876e-01 -6.790000000000000245e-04
2.500000000000000000e+01 7.000000000000000000e+01 4.700000000000000000e+01 0.000000000000000000e+00 1.600000000000000089e+00 -3.319999999999999926e-04 -4.949999999999999973e-04 -1.000000000000000000e+00 -8.420910000000000339e-01 -5.393350000000000088e-01 5.469999999999999602e-04 -5.393350000000000088e-01 8.420910000000000339e-01 -2.380000000000000117e-04
4.000000000000000000e+00 6.000000000000000000e+00 5.100000000000000000e+01 0.000000000000000000e+00 1.600000000000000089e+00 -6.727000000000000340e-03 4.683999999999999796e-03 -9.999660000000000215e-01 3.245230000000000059e-01 -9.458550000000000013e-01 -6.612999999999999955e-03 -9.458539999999999726e-01 -3.245569999999999844e-01 4.843000000000000083e-03
2.600000000000000000e+01 6.000000000000000000e+00 5.100000000000000000e+01 0.000000000000000000e+00 1.600000000000000089e+00 -1.551000000000000078e-03 -2.390000000000000089e-04 -9.999989999999999712e-01 3.238789999999999725e-01 -9.460979999999999945e-01 -2.759999999999999867e-04 -9.460969999999999658e-01 -3.238789999999999725e-01 1.544999999999999932e-03
2.100000000000000000e+01 1.150000000000000000e+02 5.100000000000000000e+01 0.000000000000000000e+00 1.600000000000000089e+00 -1.814999999999999990e-03 -4.884999999999999586e-03 9.999860000000000415e-01 8.440900000000000070e-01 -5.362000000000000099e-01 -1.087000000000000076e-03 5.361979999999999524e-01 8.440769999999999662e-01 5.095999999999999835e-03
8.000000000000000000e+00 7.000000000000000000e+00 5.200000000000000000e+01 0.000000000000000000e+00 1.600000000000000089e+00 -2.905000000000000030e-03 1.815999999999999906e-03 -9.999940000000000495e-01 8.887799999999999867e-02 -9.960400000000000365e-01 -2.066999999999999827e-03 -9.960379999999999789e-01 -8.888400000000000467e-02 2.732000000000000053e-03
2.900000000000000000e+01 7.000000000000000000e+00 5.200000000000000000e+01 0.000000000000000000e+00 1.600000000000000089e+00 5.834999999999999909e-03 -3.726000000000000145e-03 -9.999759999999999760e-01 9.165800000000000336e-02 -9.957810000000000272e-01 4.244999999999999642e-03 -9.957730000000000192e-01 -9.168099999999999861e-02 -5.468999999999999903e-03
2.000000000000000000e+00 6.300000000000000000e+01 5.400000000000000000e+01 0.000000000000000000e+00 1.600000000000000089e+00 -1.899000000000000080e-03 -2.569999999999999802e-03 9.999949999999999672e-01 -3.538799999999999724e-01 9.352890000000000370e-01 1.732000000000000033e-03 -9.352890000000000370e-01 -3.538740000000000219e-01 -2.686000000000000019e-03
7.000000000000000000e+00 6.300000000000000000e+01 5.400000000000000000e+01 0.000000000000000000e+00 1.600000000000000089e+00 1.002000000000000069e-03 -1.111999999999999924e-03 9.999989999999999712e-01 -3.531710000000000127e-01 9.355580000000000007e-01 1.394000000000000057e-03 -9.355580000000000007e-01 -3.531719999999999859e-01 5.439999999999999957e-04
1.200000000000000000e+01 6.300000000000000000e+01 5.400000000000000000e+01 0.000000000000000000e+00 1.600000000000000089e+00 -1.177000000000000095e-03 -3.040000000000000167e-04 9.999989999999999712e-01 -3.545449999999999990e-01 9.350389999999999535e-01 -1.330000000000000073e-04 -9.350380000000000358e-01 -3.545449999999999990e-01 -1.208000000000000089e-03
1.900000000000000000e+01 6.300000000000000000e+01 5.400000000000000000e+01 0.000000000000000000e+00 1.600000000000000089e+00 1.745999999999999939e-03 -1.477999999999999930e-03 9.999970000000000248e-01 -3.503299999999999748e-01 9.366240000000000121e-01 1.995999999999999944e-03 -9.366250000000000409e-01 -3.503319999999999768e-01 1.116999999999999937e-03
2.600000000000000000e+01 6.300000000000000000e+01 5.400000000000000000e+01 0.000000000000000000e+00 1.600000000000000089e+00 -6.759999999999999516e-04 -2.599999999999999772e-04 1.000000000000000000e+00 -3.548029999999999795e-01 9.349410000000000220e-01 3.000000000000000076e-06 -9.349410000000000220e-01 -3.548029999999999795e-01 -7.240000000000000342e-04
5.000000000000000000e+00 2.500000000000000000e+01 5.500000000000000000e+01 0.000000000000000000e+00 1.600000000000000089e+00 -1.425999999999999967e-03 1.951000000000000043e-03 -9.999970000000000248e-01 -1.258699999999999923e-02 -9.999190000000000023e-01 -1.933000000000000039e-03 -9.999200000000000310e-01 1.258399999999999970e-02 1.449999999999999900e-03
1.000000000000000000e+01 2.500000000000000000e+01 5.500000000000000000e+01 0.000000000000000000e+00 1.600000000000000089e+00 -7.839999999999999747e-04 -4.047000000000000250e-03 -9.999909999999999632e-01 -1.058800000000000019e-02 -9.999360000000000470e-01 4.054999999999999577e-03 -9.999440000000000550e-01 1.059099999999999972e-02 7.410000000000000137e-04
1.700000000000000000e+01 2.500000000000000000e+01 5.500000000000000000e+01 0.000000000000000000e+00 1.600000000000000089e+00 1.649999999999999991e-04 2.488000000000000194e-03 -9.999970000000000248e-01 -1.083699999999999941e-02 -9.999379999999999935e-01 -2.490000000000000026e-03 -9.999409999999999688e-01 1.083699999999999941e-02 -1.389999999999999905e-04
2.100000000000000000e+01 2.500000000000000000e+01 5.500000000000000000e+01 0.000000000000000000e+00 1.600000000000000089e+00 4.960000000000000216e-04 1.495000000000000018e-03 -9.999989999999999712e-01 -1.126599999999999997e-02 -9.999350000000000183e-01 -1.500000000000000031e-03 -9.999360000000000470e-01 1.126699999999999924e-02 -4.800000000000000122e-04
2.600000000000000000e+01 2.500000000000000000e+01 5.500000000000000000e+01 0.000000000000000000e+00 1.600000000000000089e+00 -6.870000000000000022e-04 -1.920000000000000049e-03 -9.999980000000000535e-01 -1.192700000000000010e-02 -9.999270000000000103e-01 1.928000000000000026e-03 -9.999289999999999567e-01 1.192799999999999937e-02 6.639999999999999852e-04
1.100000000000000000e+01 5.800000000000000000e+01 5.900000000000000000e+01 0.000000000000000000e+00 1.600000000000000089e+00 -2.510000000000000078e-03 -6.302999999999999575e-03 -9.999770000000000048e-01 3.820589999999999820e-01 9.241129999999999622e-01 -6.784000000000000100e-03 9.241350000000000398e-01 -3.820669999999999900e-01 8.799999999999999771e-05
1.400000000000000000e+01 6.000000000000000000e+00 6.100000000000000000e+01 0.000000000000000000e+00 1.600000000000000089e+00 3.899999999999999929e-04 1.036600000000000021e-02 9.999460000000000015e-01 5.623200000000000420e-01 -8.268780000000000019e-01 8.352000000000000049e-03 8.269199999999999884e-01 5.622859999999999525e-01 -6.151000000000000217e-03
8.000000000000000000e+00 2.700000000000000000e+01 6.300000000000000000e+01 0.000000000000000000e+00 1.600000000000000089e+00 -1.763000000000000027e-03 -2.938000000000000073e-03 9.999940000000000495e-01 -2.838890000000000025e-01 9.588539999999999841e-01 2.315999999999999916e-03 -9.588560000000000416e-01 -2.838829999999999965e-01 -2.524000000000000202e-03
1.500000000000000000e+01 2.700000000000000000e+01 6.300000000000000000e+01 0.000000000000000000e+00 1.600000000000000089e+00 4.180000000000000230e-04 -1.882999999999999908e-03 9.999980000000000535e-01 -2.816290000000000182e-01 9.595209999999999573e-01 1.925000000000000062e-03 -9.595230000000000148e-01 -2.816290000000000182e-01 -1.289999999999999914e-04
1.900000000000000000e+01 2.700000000000000000e+01 6.300000000000000000e+01 0.000000000000000000e+00 1.600000000000000089e+00 2.877999999999999916e-03 3.611000000000000060e-03 9.999890000000000168e-01 -2.835289999999999755e-01 9.589600000000000346e-01 -2.647000000000000047e-03 -9.589590000000000058e-01 -2.835179999999999922e-01 3.784000000000000037e-03
2.300000000000000000e+01 2.700000000000000000e+01 6.300000000000000000e+01 0.000000000000000000e+00 1.600000000000000089e+00 2.073000000000000190e-03 2.454000000000000018e-03 9.999949999999999672e-01 -2.846099999999999741e-01 9.586419999999999941e-01 -1.761999999999999894e-03 -9.586409999999999654e-01 -2.846049999999999969e-01 2.684999999999999887e-03
3.000000000000000000e+00 2.600000000000000000e+01 6.400000000000000000e+01 0.000000000000000000e+00 1.600000000000000089e+00 -1.178000000000000011e-03 2.897999999999999968e-03 9.999949999999999672e-01 -3.644689999999999874e-01 9.312099999999999822e-01 -3.128999999999999837e-03 -9.312150000000000150e-01 -3.644709999999999894e-01 -4.100000000000000047e-05
7.000000000000000000e+00 2.600000000000000000e+01 6.400000000000000000e+01 0.000000000000000000e+00 1.600000000000000089e+00 -2.462999999999999912e-03 -1.590000000000000050e-03 9.999959999999999960e-01 -3.669080000000000119e-01 9.302570000000000006e-01 5.760000000000000146e-04 -9.302540000000000253e-01 -3.669049999999999812e-01 -2.874999999999999951e-03
1.500000000000000000e+01 2.600000000000000000e+01 6.400000000000000000e+01 0.000000000000000000e+00 1.600000000000000089e+00 9.039999999999999642e-04 -2.880000000000000181e-03 9.999949999999999672e-01 -3.668980000000000019e-01 9.302559999999999718e-01 3.010999999999999788e-03 -9.302610000000000046e-01 -3.668989999999999752e-01 -2.149999999999999947e-04
1.800000000000000000e+01 2.600000000000000000e+01 6.400000000000000000e+01 0.000000000000000000e+00 1.600000000000000089e+00 2.801000000000000104e-03 3.164000000000000146e-03 9.999909999999999632e-01 -3.679450000000000220e-01 9.298459999999999503e-01 -1.910999999999999938e-03 -9.298429999999999751e-01 -3.679359999999999853e-01 3.769000000000000215e-03
2.300000000000000000e+01 2.600000000000000000e+01 6.400000000000000000e+01 0.000000000000000000e+00 1.600000000000000089e+00 2.333000000000000004e-03 1.991999999999999847e-03 9.999949999999999672e-01 -3.689350000000000129e-01 9.294550000000000312e-01 -9.909999999999999105e-04 -9.294519999999999449e-01 -3.689310000000000089e-01 2.903000000000000198e-03
1.000000000000000000e+00 6.900000000000000000e+01 6.600000000000000000e+01 0.000000000000000000e+00 1.600000000000000089e+00 3.150000000000000131e-04 -2.528999999999999998e-03 9.999970000000000248e-01 -9.485580000000000123e-01 3.166010000000000213e-01 1.098999999999999934e-03 -3.166030000000000233e-01 -9.485550000000000370e-01 -2.298999999999999828e-03
1.700000000000000000e+01 6.900000000000000000e+01 6.600000000000000000e+01 0.000000000000000000e+00 1.600000000000000089e+00 3.785000000000000170e-03 -1.819000000000000087e-03 9.999909999999999632e-01 -9.501129999999999853e-01 3.118779999999999886e-01 4.164000000000000166e-03 -3.118819999999999926e-01 -9.501209999999999933e-01 -5.479999999999999845e-04
4.000000000000000000e+00 2.500000000000000000e+01 7.300000000000000000e+01 0.000000000000000000e+00 1.600000000000000089e+00 9.240000000000000166e-04 -1.639000000000000049e-03 9.999980000000000535e-01 7.538430000000000408e-01 -6.570519999999999694e-01 -1.773000000000000053e-03 6.570540000000000269e-01 7.538430000000000408e-01 6.290000000000000018e-04
1.100000000000000000e+01 2.500000000000000000e+01 7.300000000000000000e+01 0.000000000000000000e+00 1.600000000000000089e+00 1.119999999999999983e-04 4.296999999999999605e-03 9.999909999999999632e-01 7.540829999999999478e-01 -6.567730000000000512e-01 2.736999999999999850e-03 6.567790000000000017e-01 7.540759999999999685e-01 -3.314000000000000105e-03
1.600000000000000000e+01 2.500000000000000000e+01 7.300000000000000000e+01 0.000000000000000000e+00 1.600000000000000089e+00 2.999999999999999737e-04 1.131999999999999977e-03 9.999989999999999712e-01 7.523499999999999632e-01 -6.587629999999999875e-01 5.199999999999999544e-04 6.587640000000000162e-01 7.523490000000000455e-01 -1.049000000000000019e-03
2.200000000000000000e+01 2.500000000000000000e+01 7.300000000000000000e+01 0.000000000000000000e+00 1.600000000000000089e+00 3.069999999999999812e-04 -1.683000000000000034e-03 9.999989999999999712e-01 7.501959999999999740e-01 -6.612139999999999684e-01 -1.343000000000000010e-03 6.612149999999999972e-01 7.501949999999999452e-01 1.059000000000000045e-03
2.600000000000000000e+01 2.500000000000000000e+01 7.300000000000000000e+01 0.000000000000000000e+00 1.600000000000000089e+00 -3.749000000000000162e-03 -2.017999999999999829e-03 9.999909999999999632e-01 7.523609999999999465e-01 -6.587499999999999467e-01 1.490999999999999921e-03 6.587410000000000210e-01 7.523590000000000000e-01 3.987000000000000093e-03
4.000000000000000000e+00 4.400000000000000000e+01 7.300000000000000000e+01 0.000000000000000000e+00 1.600000000000000089e+00 -3.399999999999999973e-05 -1.614999999999999899e-03 9.999989999999999712e-01 5.327099999999999891e-02 -9.985789999999999944e-01 -1.611000000000000019e-03 9.985800000000000232e-01 5.327099999999999891e-02 1.200000000000000030e-04
1.100000000000000000e+01 4.400000000000000000e+01 7.300000000000000000e+01 0.000000000000000000e+00 1.600000000000000089e+00 1.005999999999999950e-03 2.240999999999999936e-03 9.999970000000000248e-01 5.133100000000000163e-02 -9.986789999999999834e-01 2.187000000000000142e-03 9.986810000000000409e-01 5.132899999999999963e-02 -1.119999999999999902e-03
1.500000000000000000e+01 4.400000000000000000e+01 7.300000000000000000e+01 0.000000000000000000e+00 1.600000000000000089e+00 3.699999999999999947e-04 -7.399999999999999623e-05 1.000000000000000000e+00 5.151399999999999729e-02 -9.986720000000000041e-01 -9.299999999999999727e-05 9.986720000000000041e-01 5.151399999999999729e-02 -3.649999999999999816e-04
