2.700000000000000000e+01 2.500000000000000000e+01 1.000000000000000000e+00 0.000000000000000000e+00 1.600000000000000089e+00 -2.426999999999999904e-03 9.034000000000000363e-03 -9.999559999999999560e-01 -5.343949999999999534e-01 -8.452110000000000456e-01 -6.339000000000000017e-03 -8.452309999999999546e-01 5.343560000000000532e-01 6.878999999999999698e-03
3.000000000000000000e+00 1.500000000000000000e+01 4.000000000000000000e+00 0.000000000000000000e+00 1.600000000000000089e+00 2.733000000000000186e-03 -7.002999999999999677e-03 9.999719999999999720e-01 3.261990000000000167e-01 -9.452709999999999724e-01 -7.511999999999999580e-03 9.452970000000000539e-01 3.262100000000000000e-01 -2.990000000000000036e-04
1.000000000000000000e+01 1.500000000000000000e+01 4.000000000000000000e+00 0.000000000000000000e+00 1.600000000000000089e+00 -5.987000000000000134e-03 -1.030299999999999966e-02 9.999289999999999567e-01 3.212809999999999833e-01 -9.469520000000000159e-01 -7.832999999999999685e-03 9.469649999999999457e-01 3.212110000000000243e-01 8.978999999999999135e-03
1.300000000000000000e+01 1.500000000000000000e+01 4.000000000000000000e+00 0.000000000000000000e+00 1.600000000000000089e+00 -4.255000000000000102e-03 -1.366999999999999986e-02 9.998979999999999535e-01 3.192849999999999855e-01 -9.475879999999999859e-01 -1.159600000000000040e-02 9.476489999999999636e-01 3.192030000000000145e-01 8.396999999999999950e-03
1.600000000000000000e+01 1.500000000000000000e+01 4.000000000000000000e+00 0.000000000000000000e+00 1.600000000000000089e+00 8.909999999999999734e-04 -9.391000000000000042e-03 9.999550000000000383e-01 3.202860000000000151e-01 -9.472760000000000069e-01 -9.181999999999999190e-03 9.473200000000000509e-01 3.202800000000000091e-01 2.164000000000000125e-03
2.500000000000000000e+01 1.500000000000000000e+01 4.000000000000000000e+00 0.000000000000000000e+00 1.600000000000000089e+00 -2.890999999999999907e-03 -1.312800000000000078e-02 9.999099999999999655e-01 3.259349999999999747e-01 -9.453230000000000244e-01 -1.146900000000000003e-02 9.453880000000000061e-01 3.258730000000000238e-01 7.012000000000000004e-03
2.800000000000000000e+01 1.500000000000000000e+01 4.000000000000000000e+00 0.000000000000000000e+00 1.600000000000000089e+00 1.708000000000000100e-03 -5.204000000000000292e-03 9.999850000000000128e-01 3.271620000000000084e-01 -9.449520000000000142e-01 -5.477000000000000098e-03 9.449670000000000014e-01 3.271669999999999856e-01 8.799999999999999771e-05
4.000000000000000000e+00 1.900000000000000000e+01 5.000000000000000000e+00 0.000000000000000000e+00 1.600000000000000089e+00 -1.965000000000000167e-03 -6.174999999999999933e-03 -9.999789999999999512e-01 -6.736969999999999903e-01 -7.389839999999999742e-01 5.886999999999999872e-03 -7.390050000000000230e-01 6.736940000000000150e-01 -2.707999999999999904e-03
2.700000000000000000e+01 8.700000000000000000e+01 6.000000000000000000e+00 0.000000000000000000e+00 1.600000000000000089e+00 -6.644700000000000051e-01 -6.166279999999999539e-01 -4.221949999999999870e-01 -7.461839999999999584e-01 5.785050000000000470e-01 3.294560000000000266e-01 4.109000000000000152e-02 5.339490000000000069e-01 -8.445179999999999909e-01
2.800000000000000000e+01 8.600000000000000000e+01 7.000000000000000000e+00 0.000000000000000000e+00 1.600000000000000089e+00 -6.694900000000000295e-01 -6.614980000000000304e-01 -3.379400000000000182e-01 -7.427280000000000548e-01 6.033370000000000122e-01 2.904129999999999767e-01 1.178399999999999934e-02 4.454270000000000174e-01 -8.952409999999999535e-01
7.000000000000000000e+00 1.010000000000000000e+02 7.000000000000000000e+00 0.000000000000000000e+00 1.600000000000000089e+00 -1.975999999999999892e-03 -5.213199999999999779e-02 9.986380000000000257e-01 8.809559999999999613e-01 4.724610000000000198e-01 2.640699999999999992e-02 -4.731949999999999767e-01 8.798080000000000345e-01 4.499299999999999827e-02
1.200000000000000000e+01 2.500000000000000000e+01 8.000000000000000000e+00 0.000000000000000000e+00 1.600000000000000089e+00 5.039999999999999992e-04 -1.144599999999999958e-02 -9.999339999999999895e-01 4.528960000000000208e-01 8.915079999999999671e-01 -9.976000000000000492e-03 8.915629999999999944e-01 -4.528610000000000135e-01 5.632999999999999986e-03
2.000000000000000000e+01 2.500000000000000000e+01 8.000000000000000000e+00 0.000000000000000000e+00 1.600000000000000089e+00 1.567999999999999949e-03 3.999999999999999819e-06 -9.999989999999999712e-01 4.528429999999999955e-01 8.915899999999999936e-01 7.140000000000000079e-04 8.915889999999999649e-01 -4.528440000000000243e-01 1.396000000000000105e-03
2.400000000000000000e+01 2.500000000000000000e+01 8.000000000000000000e+00 0.000000000000000000e+00 1.600000000000000089e+00 1.052999999999999900e-03 2.926000000000000215e-03 -9.999949999999999672e-01 4.518809999999999771e-01 8.920730000000000048e-01 3.086000000000000201e-03 8.920780000000000376e-01 -4.518820000000000059e-01 -3.829999999999999854e-04
2.900000000000000000e+01 2.500000000000000000e+01 8.000000000000000000e+00 0.000000000000000000e+00 1.600000000000000089e+00 4.699999999999999859e-04 -4.570000000000000277e-03 -9.999900000000000455e-01 4.525319999999999898e-01 8.917399999999999771e-01 -3.861999999999999982e-03 8.917479999999999851e-01 -4.525250000000000106e-01 2.487000000000000061e-03
7.000000000000000000e+00 2.400000000000000000e+01 9.000000000000000000e+00 0.000000000000000000e+00 1.600000000000000089e+00 7.399999999999999894e-04 -1.069999999999999988e-04 -1.000000000000000000e+00 4.579989999999999895e-01 8.889529999999999932e-01 2.439999999999999949e-04 8.889519999999999644e-01 -4.579989999999999895e-01 7.069999999999999462e-04
1.300000000000000000e+01 2.400000000000000000e+01 9.000000000000000000e+00 0.000000000000000000e+00 1.600000000000000089e+00 9.929999999999999591e-04 -6.393000000000000245e-03 -9.999789999999999512e-01 4.568710000000000271e-01 8.895180000000000309e-01 -5.232999999999999804e-03 8.895319999999999894e-01 -4.568559999999999843e-01 3.804000000000000090e-03
1.900000000000000000e+01 2.400000000000000000e+01 9.000000000000000000e+00 0.000000000000000000e+00 1.600000000000000089e+00 1.624000000000000010e-03 2.112000000000000162e-03 -9.999959999999999960e-01 4.564289999999999736e-01 8.897559999999999913e-01 2.621000000000000066e-03 8.897580000000000489e-01 -4.564320000000000044e-01 4.809999999999999823e-04
2.800000000000000000e+01 2.400000000000000000e+01 9.000000000000000000e+00 0.000000000000000000e+00 1.600000000000000089e+00 2.210000000000000050e-04 -1.165999999999999936e-03 -9.999989999999999712e-01 4.548679999999999946e-01 8.905579999999999607e-01 -9.380000000000000317e-04 8.905589999999999895e-01 -4.548679999999999946e-01 7.269999999999999987e-04
2.600000000000000000e+01 8.900000000000000000e+01 9.000000000000000000e+00 0.000000000000000000e+00 1.600000000000000089e+00 -9.260760000000000103e-01 -2.538400000000000031e-02 -3.764810000000000101e-01 -1.394880000000000009e-01 9.500899999999999901e-01 2.790569999999999995e-01 3.506070000000000020e-01 3.109430000000000249e-01 -8.833959999999999591e-01
7.000000000000000000e+00 1.200000000000000000e+01 1.000000000000000000e+01 0.000000000000000000e+00 1.600000000000000089e+00 -4.600000000000000139e-04 -5.113000000000000357e-03 -9.999869999999999592e-01 -5.512150000000000105e-01 -8.343509999999999538e-01 4.519999999999999712e-03 -8.343629999999999658e-01 5.512099999999999778e-01 -2.433999999999999966e-03
3.000000000000000000e+00 3.500000000000000000e+01 1.200000000000000000e+01 0.000000000000000000e+00 1.600000000000000089e+00 3.031999999999999973e-03 -8.170999999999999444e-03 -9.999620000000000175e-01 3.951580000000000092e-01 -9.185720000000000551e-01 8.703999999999999931e-03 -9.186079999999999801e-01 -3.951700000000000212e-01 4.440000000000000045e-04
2.200000000000000000e+01 3.500000000000000000e+01 1.200000000000000000e+01 0.000000000000000000e+00 1.600000000000000089e+00 -6.906999999999999945e-03 7.637999999999999824e-03 -9.999470000000000303e-01 4.442269999999999830e-01 -8.958589999999999609e-01 -9.910999999999999671e-03 -8.958880000000000177e-01 -4.442720000000000002e-01 2.794000000000000043e-03
9.000000000000000000e+00 3.200000000000000000e+01 1.400000000000000000e+01 0.000000000000000000e+00 1.600000000000000089e+00 8.120000000000000048e-04 2.478000000000000168e-03 -9.999970000000000248e-01 1.054559999999999942e-01 9.944209999999999994e-01 2.550000000000000183e-03 9.944239999999999746e-01 -1.054569999999999952e-01 5.460000000000000443e-04
1.700000000000000000e+01 3.200000000000000000e+01 1.400000000000000000e+01 0.000000000000000000e+00 1.600000000000000089e+00 -3.869999999999999742e-04 -4.841999999999999950e-03 -9.999879999999999880e-01 1.055510000000000059e-01 9.944020000000000081e-01 -4.854999999999999941e-03 9.944140000000000201e-01 -1.055520000000000069e-01 1.259999999999999998e-04
4.000000000000000000e+00 1.160000000000000000e+02 1.600000000000000000e+01 0.000000000000000000e+00 1.600000000000000089e+00 2.799999999999999755e-04 2.194999999999999903e-03 9.999970000000000248e-01 7.636140000000000150e-01 6.456709999999999949e-01 -1.631000000000000071e-03 -6.456730000000000524e-01 7.636119999999999575e-01 -1.495000000000000018e-03
9.000000000000000000e+00 1.160000000000000000e+02 1.600000000000000000e+01 0.000000000000000000e+00 1.600000000000000089e+00 -3.023000000000000079e-03 -4.420000000000000101e-04 9.999949999999999672e-01 7.668420000000000236e-01 6.418310000000000404e-01 2.601000000000000013e-03 -6.418289999999999829e-01 7.668460000000000276e-01 -1.600999999999999993e-03
1.700000000000000000e+01 1.160000000000000000e+02 1.600000000000000000e+01 0.000000000000000000e+00 1.600000000000000089e+00 -4.120999999999999663e-03 -9.412000000000000227e-03 9.999470000000000303e-01 7.598759999999999959e-01 6.500019999999999687e-01 9.249000000000000277e-03 -6.500550000000000495e-01 7.598740000000000494e-01 4.473000000000000413e-03
2.300000000000000000e+01 1.160000000000000000e+02 1.600000000000000000e+01 0.000000000000000000e+00 1.600000000000000089e+00 -1.918999999999999916e-03 -6.891999999999999689e-03 9.999740000000000295e-01 6.598340000000000316e-01 7.513840000000000519e-01 6.445000000000000208e-03 -7.514089999999999936e-01 6.598289999999999988e-01 3.105000000000000121e-03
3.000000000000000000e+00 2.000000000000000000e+00 1.900000000000000000e+01 0.000000000000000000e+00 1.600000000000000089e+00 -2.260999999999999989e-03 -2.147200000000000150e-02 -9.997669999999999613e-01 1.582199999999999995e-01 -9.871839999999999504e-01 2.084400000000000142e-02 -9.874009999999999732e-01 -1.581359999999999988e-01 5.629000000000000323e-03
8.000000000000000000e+00 2.000000000000000000e+00 1.900000000000000000e+01 0.000000000000000000e+00 1.600000000000000089e+00 1.649999999999999991e-04 -1.698999999999999989e-03 -9.999989999999999712e-01 1.532910000000000106e-01 -9.881799999999999473e-01 1.704000000000000003e-03 -9.881809999999999761e-01 -1.532910000000000106e-01 9.699999999999999963e-05
1.100000000000000000e+01 2.000000000000000000e+00 1.900000000000000000e+01 0.000000000000000000e+00 1.600000000000000089e+00 1.487999999999999956e-03 7.825000000000000358e-03 -9.999679999999999680e-01 1.520100000000000062e-01 -9.883499999999999508e-01 -7.507999999999999917e-03 -9.883779999999999788e-01 -1.519939999999999902e-01 -2.660000000000000038e-03
1.900000000000000000e+01 2.000000000000000000e+00 1.900000000000000000e+01 0.000000000000000000e+00 1.600000000000000089e+00 3.420000000000000188e-04 7.894999999999999241e-03 -9.999689999999999968e-01 1.586720000000000075e-01 -9.873009999999999842e-01 -7.740999999999999617e-03 -9.873309999999999587e-01 -1.586650000000000005e-01 -1.590999999999999966e-03
2.200000000000000000e+01 2.000000000000000000e+00 1.900000000000000000e+01 0.000000000000000000e+00 1.600000000000000089e+00 1.761999999999999894e-03 1.235799999999999919e-02 -9.999219999999999775e-01 1.592749999999999999e-01 -9.871619999999999839e-01 -1.192000000000000004e-02 -9.872330000000000272e-01 -1.592419999999999947e-01 -3.707999999999999925e-03
2.400000000000000000e+01 2.000000000000000000e+00 1.900000000000000000e+01 0.000000000000000000e+00 1.600000000000000089e+00 1.796999999999999986e-03 7.654000000000000213e-03 -9.999689999999999968e-01 1.566960000000000020e-01 -9.876200000000000534e-01 -7.277999999999999747e-03 -9.876449999999999951e-01 -1.566780000000000117e-01 -2.974000000000000081e-03
3.000000000000000000e+01 2.000000000000000000e+00 1.900000000000000000e+01 0.000000000000000000e+00 1.600000000000000089e+00 1.471000000000000085e-03 8.104999999999999358e-03 -9.999660000000000215e-01 1.499890000000000112e-01 -9.886570000000000080e-01 -7.792000000000000315e-03 -9.886869999999999825e-01 -1.499729999999999952e-01 -2.670000000000000064e-03
1.200000000000000000e+01 1.300000000000000000e+01 2.000000000000000000e+01 0.000000000000000000e+00 1.600000000000000089e+00 1.730999999999999900e-03 -3.246000000000000187e-03 9.999930000000000208e-01 2.455489999999999895e-01 9.693800000000000194e-01 2.720999999999999894e-03 -9.693829999999999947e-01 2.455430000000000113e-01 2.475000000000000203e-03
2.100000000000000000e+01 1.300000000000000000e+01 2.000000000000000000e+01 0.000000000000000000e+00 1.600000000000000089e+00 -4.670000000000000214e-04 2.472999999999999938e-03 9.999970000000000248e-01 2.481530000000000125e-01 9.687179999999999680e-01 -2.279999999999999909e-03 -9.687210000000000543e-01 2.481520000000000115e-01 -1.067000000000000023e-03
2.700000000000000000e+01 1.300000000000000000e+01 2.000000000000000000e+01 0.000000000000000000e+00 1.600000000000000089e+00 -2.709000000000000036e-03 -7.813000000000000500e-03 9.999660000000000215e-01 2.486790000000000112e-01 9.685510000000000508e-01 8.241999999999999327e-03 -9.685820000000000540e-01 2.486929999999999974e-01 -6.809999999999999647e-04
2.900000000000000000e+01 1.300000000000000000e+01 2.000000000000000000e+01 0.000000000000000000e+00 1.600000000000000089e+00 -2.743999999999999911e-03 -1.027100000000000062e-02 9.999430000000000263e-01 2.487310000000000076e-01 9.685139999999999860e-01 1.063099999999999982e-02 -9.685690000000000133e-01 2.487459999999999949e-01 -1.019999999999999992e-04
5.000000000000000000e+00 1.600000000000000000e+01 2.100000000000000000e+01 0.000000000000000000e+00 1.600000000000000089e+00 2.260999999999999989e-03 1.099699999999999983e-02 9.999369999999999647e-01 2.986550000000000038e-01 9.542960000000000331e-01 -1.116999999999999937e-02 -9.543589999999999574e-01 2.986610000000000098e-01 -1.126000000000000048e-03
8.000000000000000000e+00 1.600000000000000000e+01 2.100000000000000000e+01 0.000000000000000000e+00 1.600000000000000089e+00 1.933000000000000039e-03 1.198199999999999960e-02 9.999259999999999815e-01 2.975099999999999967e-01 9.546430000000000193e-01 -1.201499999999999964e-02 -9.547170000000000378e-01 2.975110000000000254e-01 -1.719000000000000042e-03
2.500000000000000000e+01 1.600000000000000000e+01 2.100000000000000000e+01 0.000000000000000000e+00 1.600000000000000089e+00 -2.652999999999999976e-03 -5.766000000000000292e-03 9.999799999999999800e-01 2.974849999999999994e-01 9.547060000000000546e-01 6.294000000000000115e-03 -9.547229999999999883e-01 2.974950000000000094e-01 -8.170000000000000179e-04
3.000000000000000000e+01 1.600000000000000000e+01 2.100000000000000000e+01 0.000000000000000000e+00 1.600000000000000089e+00 -3.599000000000000202e-03 -1.259799999999999982e-02 9.999139999999999695e-01 2.989530000000000243e-01 9.541779999999999706e-01 1.309800000000000027e-02 -9.542610000000000259e-01 2.989749999999999908e-01 3.319999999999999926e-04
9.000000000000000000e+00 3.000000000000000000e+00 2.500000000000000000e+01 0.000000000000000000e+00 1.600000000000000089e+00 -2.279000000000000210e-03 1.176600000000000042e-02 9.999280000000000390e-01 -4.172100000000000114e-02 -9.990609999999999769e-01 1.166099999999999949e-02 9.991269999999999873e-01 -4.169099999999999889e-02 2.768000000000000061e-03
1.300000000000000000e+01 4.900000000000000000e+01 2.500000000000000000e+01 0.000000000000000000e+00 1.600000000000000089e+00 8.911999999999999783e-03 7.065399999999999459e-02 9.974610000000000420e-01 6.695759999999999490e-01 7.404420000000000446e-01 -5.843099999999999683e-02 -7.426899999999999613e-01 6.683970000000000189e-01 -4.071000000000000313e-02
1.100000000000000000e+01 4.500000000000000000e+01 2.600000000000000000e+01 0.000000000000000000e+00 1.600000000000000089e+00 2.143000000000000113e-02 3.178000000000000269e-02 9.992649999999999588e-01 4.842069999999999985e-01 8.741200000000000081e-01 -3.818400000000000266e-02 -8.746909999999999963e-01 4.846699999999999897e-01 3.344000000000000184e-03
2.000000000000000000e+01 4.900000000000000000e+01 2.900000000000000000e+01 0.000000000000000000e+00 1.600000000000000089e+00 -2.606999999999999942e-03 9.782299999999999329e-02 -9.951999999999999735e-01 6.663320000000000354e-01 -7.419069999999999832e-01 -7.467100000000000126e-02 -7.456509999999999527e-01 -6.633280000000000287e-01 -6.324899999999999967e-02
9.000000000000000000e+00 5.000000000000000000e+01 3.000000000000000000e+01 0.000000000000000000e+00 1.600000000000000089e+00 -6.469199999999999950e-02 -3.589060000000000028e-01 -9.311289999999999845e-01 5.978090000000000348e-01 -7.610590000000000410e-01 2.518179999999999863e-01 -7.990239999999999565e-01 -5.403470000000000217e-01 2.637920000000000265e-01
2.100000000000000000e+01 5.000000000000000000e+01 3.000000000000000000e+01 0.000000000000000000e+00 1.600000000000000089e+00 -4.364999999999999956e-03 1.637619999999999909e-01 -9.864899999999999780e-01 6.597129999999999939e-01 -7.408940000000000525e-01 -1.259109999999999951e-01 -7.515049999999999786e-01 -6.513499999999999845e-01 -1.048020000000000063e-01
2.600000000000000000e+01 5.000000000000000000e+01 3.000000000000000000e+01 0.000000000000000000e+00 1.600000000000000089e+00 -9.136999999999999289e-03 2.520399999999999863e-01 -9.676740000000000341e-01 6.380299999999999860e-01 -7.436610000000000165e-01 -1.997180000000000066e-01 -7.699580000000000313e-01 -6.192290000000000294e-01 -1.540140000000000120e-01
2.800000000000000000e+01 5.100000000000000000e+01 3.100000000000000000e+01 0.000000000000000000e+00 1.600000000000000089e+00 -5.419000000000000206e-03 2.702439999999999842e-01 -9.627769999999999939e-01 6.120480000000000365e-01 -7.604919999999999458e-01 -2.169089999999999907e-01 -7.908020000000000049e-01 -5.904409999999999936e-01 -1.612810000000000077e-01
2.900000000000000000e+01 5.200000000000000000e+01 3.200000000000000000e+01 0.000000000000000000e+00 1.600000000000000089e+00 -6.570000000000000319e-04 2.639279999999999959e-01 -9.645420000000000105e-01 5.992469999999999741e-01 -7.720740000000000380e-01 -2.116709999999999980e-01 -8.005640000000000533e-01 -5.781380000000000408e-01 -1.576510000000000133e-01
5.000000000000000000e+00 9.500000000000000000e+01 3.600000000000000000e+01 0.000000000000000000e+00 1.600000000000000089e+00 9.795999999999999153e-03 5.942000000000000233e-03 9.999339999999999895e-01 9.969449999999999701e-01 7.743400000000000283e-02 -1.022699999999999998e-02 -7.749000000000000332e-02 9.969799999999999773e-01 -5.165000000000000320e-03
2.100000000000000000e+01 9.500000000000000000e+01 3.600000000000000000e+01 0.000000000000000000e+00 1.600000000000000089e+00 -1.570200000000000068e-02 -5.872499999999999942e-02 9.981510000000000105e-01 9.973889999999999700e-01 6.945400000000000185e-02 1.977599999999999844e-02 -7.048699999999999410e-02 9.958550000000000457e-01 5.748099999999999737e-02
6.000000000000000000e+00 2.900000000000000000e+01 4.400000000000000000e+01 0.000000000000000000e+00 1.600000000000000089e+00 7.330000000000000361e-04 2.089999999999999844e-03 -9.999980000000000535e-01 6.589589999999999614e-01 7.521759999999999557e-01 2.054999999999999969e-03 7.521790000000000420e-01 -6.589589999999999614e-01 -8.260000000000000198e-04
1.000000000000000000e+01 2.900000000000000000e+01 4.400000000000000000e+01 0.000000000000000000e+00 1.600000000000000089e+00 6.599999999999999964e-04 5.400000000000000069e-04 -1.000000000000000000e+00 6.576180000000000359e-01 7.533509999999999929e-01 8.400000000000000348e-04 7.533509999999999929e-01 -6.576189999999999536e-01 1.420000000000000092e-04
1.400000000000000000e+01 2.900000000000000000e+01 4.400000000000000000e+01 0.000000000000000000e+00 1.600000000000000089e+00 1.299999999999999920e-05 -1.677000000000000105e-03 -9.999989999999999712e-01 6.610070000000000112e-01 7.503790000000000182e-01 -1.250000000000000026e-03 7.503800000000000470e-01 -6.610059999999999825e-01 1.118000000000000070e-03
2.100000000000000000e+01 2.900000000000000000e+01 4.400000000000000000e+01 0.000000000000000000e+00 1.600000000000000089e+00 -8.199999999999999824e-04 1.209000000000000005e-03 -9.999989999999999712e-01 6.557699999999999640e-01 7.549609999999999932e-01 3.739999999999999835e-04 7.549609999999999932e-01 -6.557690000000000463e-01 -1.412000000000000061e-03
2.600000000000000000e+01 2.900000000000000000e+01 4.400000000000000000e+01 0.000000000000000000e+00 1.600000000000000089e+00 9.899999999999999404e-05 -1.564000000000000069e-03 -9.999989999999999712e-01 6.541360000000000507e-01 7.563760000000000483e-01 -1.118000000000000070e-03 7.563769999999999660e-01 -6.541350000000000220e-01 1.098000000000000018e-03
2.900000000000000000e+01 2.900000000000000000e+01 4.400000000000000000e+01 0.000000000000000000e+00 1.600000000000000089e+00 1.048000000000000103e-03 -1.812000000000000026e-03 -9.999980000000000535e-01 6.536300000000000443e-01 7.568139999999999867e-01 -6.859999999999999779e-04 7.568139999999999867e-01 -6.536279999999999868e-01 1.977000000000000025e-03
7.000000000000000000e+00 6.000000000000000000e+01 4.600000000000000000e+01 0.000000000000000000e+00 1.600000000000000089e+00 -4.219579999999999997e-01 -2.651290000000000036e-01 8.669820000000000304e-01 2.038270000000000082e-01 9.040610000000000035e-01 3.756700000000000039e-01 -8.834060000000000246e-01 3.352319999999999744e-01 -3.274349999999999761e-01
1.800000000000000000e+01 6.500000000000000000e+01 4.600000000000000000e+01 0.000000000000000000e+00 1.600000000000000089e+00 1.753700000000000050e-02 1.600850000000000051e-01 9.869470000000000187e-01 6.483200000000000074e-01 -7.532830000000000359e-01 1.106639999999999985e-01 7.611660000000000093e-01 6.379169999999999563e-01 -1.169970000000000038e-01
1.900000000000000000e+01 4.900000000000000000e+01 5.000000000000000000e+01 0.000000000000000000e+00 1.600000000000000089e+00 4.083269999999999955e-01 9.238000000000000378e-02 9.081489999999999840e-01 -8.106849999999999890e-01 -4.206010000000000026e-01 4.072899999999999854e-01 4.195929999999999938e-01 -9.025300000000000544e-01 -9.685199999999999365e-02
3.000000000000000000e+00 5.000000000000000000e+00 5.100000000000000000e+01 0.000000000000000000e+00 1.600000000000000089e+00 -2.348999999999999960e-03 -8.385999999999999358e-03 -9.999620000000000175e-01 4.849289999999999989e-01 -8.745309999999999473e-01 6.194999999999999986e-03 -8.745500000000000496e-01 -4.848959999999999937e-01 6.120999999999999705e-03
1.000000000000000000e+01 5.000000000000000000e+00 5.100000000000000000e+01 0.000000000000000000e+00 1.600000000000000089e+00 3.684000000000000209e-03 3.272999999999999868e-03 -9.999879999999999880e-01 4.891730000000000245e-01 -8.721860000000000168e-01 -1.051999999999999984e-03 -8.721790000000000376e-01 -4.891630000000000145e-01 -4.813999999999999703e-03
1.400000000000000000e+01 5.000000000000000000e+00 5.100000000000000000e+01 0.000000000000000000e+00 1.600000000000000089e+00 2.592999999999999819e-03 6.408999999999999767e-03 -9.999759999999999760e-01 4.853669999999999929e-01 -8.742999999999999661e-01 -4.344999999999999904e-03 -8.743069999999999453e-01 -4.853439999999999976e-01 -5.376999999999999835e-03
1.700000000000000000e+01 5.000000000000000000e+00 5.100000000000000000e+01 0.000000000000000000e+00 1.600000000000000089e+00 -5.291999999999999829e-03 -1.497999999999999983e-03 -9.999850000000000128e-01 4.887670000000000070e-01 -8.724140000000000228e-01 -1.278999999999999972e-03 -8.723980000000000068e-01 -4.887659999999999783e-01 5.348999999999999588e-03
2.800000000000000000e+01 5.000000000000000000e+00 5.100000000000000000e+01 0.000000000000000000e+00 1.600000000000000089e+00 1.978999999999999856e-03 -4.449999999999999963e-03 -9.999879999999999880e-01 4.884899999999999798e-01 -8.725559999999999983e-01 4.850000000000000144e-03 -8.725669999999999815e-01 -4.884930000000000105e-01 4.470000000000000232e-04
2.200000000000000000e+01 5.100000000000000000e+01 5.100000000000000000e+01 0.000000000000000000e+00 1.600000000000000089e+00 4.185679999999999956e-01 9.235699999999999465e-02 9.034769999999999746e-01 -7.902019999999999600e-01 -4.533039999999999847e-01 4.124280000000000168e-01 4.476399999999999824e-01 -8.865579999999999572e-01 -1.167580000000000007e-01
5.000000000000000000e+00 1.150000000000000000e+02 5.100000000000000000e+01 0.000000000000000000e+00 1.600000000000000089e+00 1.991999999999999847e-03 1.165000000000000020e-03 9.999970000000000248e-01 8.473110000000000364e-01 -5.310970000000000413e-01 -1.069000000000000072e-03 5.310939999999999550e-01 8.473100000000000076e-01 -2.044999999999999943e-03
2.400000000000000000e+01 1.150000000000000000e+02 5.100000000000000000e+01 0.000000000000000000e+00 1.600000000000000089e+00 -1.376000000000000053e-03 1.887300000000000089e-02 9.998209999999999598e-01 8.441959999999999464e-01 -5.359159999999999480e-01 1.127799999999999983e-02 5.360319999999999530e-01 8.440609999999999502e-01 -1.519500000000000017e-02
3.000000000000000000e+00 7.000000000000000000e+00 5.200000000000000000e+01 0.000000000000000000e+00 1.600000000000000089e+00 -3.527000000000000187e-03 -3.742999999999999799e-03 -9.999869999999999592e-01 9.095799999999999719e-02 -9.958489999999999842e-01 3.406999999999999872e-03 -9.958479999999999555e-01 -9.094499999999999806e-02 3.853000000000000088e-03
5.000000000000000000e+00 7.000000000000000000e+00 5.200000000000000000e+01 0.000000000000000000e+00 1.600000000000000089e+00 -1.925999999999999978e-03 -5.815999999999999989e-03 -9.999810000000000088e-01 9.888600000000000168e-02 -9.950830000000000508e-01 5.597000000000000412e-03 -9.950970000000000093e-01 -9.887300000000000255e-02 2.491999999999999858e-03
2.500000000000000000e+01 7.000000000000000000e+00 5.200000000000000000e+01 0.000000000000000000e+00 1.600000000000000089e+00 8.390000000000000105e-04 -7.752000000000000210e-03 -9.999700000000000255e-01 1.103589999999999988e-01 -9.938609999999999944e-01 7.798000000000000244e-03 -9.938909999999999689e-01 -1.103620000000000018e-01 2.199999999999999943e-05
1.900000000000000000e+01 5.000000000000000000e+01 5.200000000000000000e+01 0.000000000000000000e+00 1.600000000000000089e+00 4.348690000000000055e-01 8.924100000000000088e-02 8.960609999999999964e-01 -8.012909999999999755e-01 -4.156880000000000019e-01 4.302759999999999918e-01 4.108800000000000230e-01 -9.051190000000000069e-01 -1.092619999999999980e-01
2.100000000000000000e+01 5.100000000000000000e+01 5.200000000000000000e+01 0.000000000000000000e+00 1.600000000000000089e+00 4.304749999999999965e-01 6.292999999999999983e-03 9.025809999999999667e-01 -7.981439999999999646e-01 -4.643109999999999737e-01 3.839029999999999943e-01 4.214939999999999798e-01 -8.856500000000000483e-01 -1.948519999999999974e-01
1.600000000000000000e+01 2.500000000000000000e+01 5.500000000000000000e+01 0.000000000000000000e+00 1.600000000000000089e+00 -2.099000000000000171e-03 -2.790000000000000054e-04 -9.999980000000000535e-01 -1.369300000000000031e-02 -9.999059999999999615e-01 3.069999999999999812e-04 -9.999040000000000150e-01 1.369300000000000031e-02 2.095000000000000074e-03
2.200000000000000000e+01 2.500000000000000000e+01 5.500000000000000000e+01 0.000000000000000000e+00 1.600000000000000089e+00 -6.049999999999999606e-04 4.600000000000000139e-04 -1.000000000000000000e+00 -1.043200000000000030e-02 -9.999449999999999728e-01 -4.539999999999999765e-04 -9.999449999999999728e-01 1.043099999999999930e-02 6.099999999999999737e-04
2.800000000000000000e+01 2.500000000000000000e+01 5.500000000000000000e+01 0.000000000000000000e+00 1.600000000000000089e+00 -3.490000000000000263e-04 -1.167000000000000069e-03 -9.999989999999999712e-01 -1.085400000000000080e-02 -9.999400000000000510e-01 1.170999999999999949e-03 -9.999409999999999688e-01 1.085500000000000007e-02 3.359999999999999814e-04
1.800000000000000000e+01 6.000000000000000000e+01 5.500000000000000000e+01 0.000000000000000000e+00 1.600000000000000089e+00 -4.557699999999999946e-02 -9.222500000000000142e-02 9.946949999999999958e-01 -3.076800000000000021e-02 9.953870000000000218e-01 9.087900000000000145e-02 -9.984870000000000134e-01 -2.646300000000000041e-02 -4.820399999999999685e-02
2.200000000000000000e+01 6.000000000000000000e+01 5.500000000000000000e+01 0.000000000000000000e+00 1.600000000000000089e+00 -2.043499999999999830e-02 -1.039360000000000006e-01 9.943739999999999801e-01 8.122100000000000153e-02 9.911219999999999475e-01 1.052649999999999975e-01 -9.964870000000000116e-01 8.291500000000000259e-02 -1.181199999999999958e-02
1.800000000000000000e+01 5.100000000000000000e+01 5.600000000000000000e+01 0.000000000000000000e+00 1.600000000000000089e+00 4.191079999999999806e-01 -1.610260000000000025e-01 8.935429999999999762e-01 -8.833710000000000173e-01 -2.997000000000000219e-01 3.603279999999999816e-01 2.097729999999999873e-01 -9.403460000000000152e-01 -2.678530000000000078e-01
4.000000000000000000e+00 6.800000000000000000e+01 5.700000000000000000e+01 0.000000000000000000e+00 1.600000000000000089e+00 -5.316000000000000413e-03 1.042500000000000024e-02 -9.999320000000000430e-01 -2.356870000000000076e-01 -9.717879999999999852e-01 -8.878000000000000475e-03 -9.718139999999999556e-01 2.356240000000000001e-01 7.622999999999999568e-03
2.500000000000000000e+01 6.800000000000000000e+01 5.700000000000000000e+01 0.000000000000000000e+00 1.600000000000000089e+00 -1.534999999999999906e-03 -3.941000000000000059e-03 -9.999909999999999632e-01 -2.499580000000000135e-01 -9.682479999999999976e-01 4.198999999999999608e-03 -9.682549999999999768e-01 2.499619999999999898e-01 5.010000000000000347e-04
6.000000000000000000e+00 2.100000000000000000e+01 6.000000000000000000e+01 0.000000000000000000e+00 1.600000000000000089e+00 -8.429999999999999993e-04 7.727000000000000361e-03 9.999700000000000255e-01 -9.598600000000000187e-02 9.953520000000000145e-01 -7.772000000000000262e-03 -9.953819999999999890e-01 -9.599000000000000588e-02 -9.799999999999999684e-05
1.100000000000000000e+01 2.100000000000000000e+01 6.000000000000000000e+01 0.000000000000000000e+00 1.600000000000000089e+00 -5.180000000000000143e-04 -1.027499999999999941e-02 9.999470000000000303e-01 -9.779100000000000292e-02 9.951550000000000118e-01 1.017599999999999928e-02 -9.952069999999999528e-01 -9.778000000000000580e-02 -1.521000000000000000e-03
1.900000000000000000e+01 2.100000000000000000e+01 6.000000000000000000e+01 0.000000000000000000e+00 1.600000000000000089e+00 -5.959999999999999586e-04 4.621000000000000107e-03 9.999890000000000168e-01 -9.721200000000000674e-02 9.952530000000000543e-01 -4.656999999999999681e-03 -9.952630000000000088e-01 -9.721399999999999486e-02 -1.440000000000000036e-04
2.400000000000000000e+01 2.100000000000000000e+01 6.000000000000000000e+01 0.000000000000000000e+00 1.600000000000000089e+00 -8.760000000000000425e-04 1.861999999999999940e-03 9.999980000000000535e-01 -9.581599999999999839e-02 9.953969999999999763e-01 -1.938000000000000052e-03 -9.953990000000000338e-01 -9.581699999999999939e-02 -6.930000000000000396e-04
2.900000000000000000e+01 6.000000000000000000e+00 6.100000000000000000e+01 0.000000000000000000e+00 1.600000000000000089e+00 -8.918999999999999845e-03 -1.839000000000000010e-02 9.997909999999999853e-01 5.701230000000000464e-01 -8.214979999999999505e-01 -1.002499999999999919e-02 8.215109999999999912e-01 5.699140000000000317e-01 1.781100000000000044e-02
2.000000000000000000e+01 3.000000000000000000e+00 6.300000000000000000e+01 0.000000000000000000e+00 1.600000000000000089e+00 4.300000000000000165e-05 -2.309999999999999987e-03 9.999970000000000248e-01 -6.172180000000000444e-01 7.867899999999999894e-01 1.843999999999999936e-03 -7.867920000000000469e-01 -6.172159999999999869e-01 -1.392000000000000008e-03
3.000000000000000000e+00 2.700000000000000000e+01 6.300000000000000000e+01 0.000000000000000000e+00 1.600000000000000089e+00 8.840000000000000201e-04 -5.119000000000000286e-03 9.999860000000000415e-01 -2.785909999999999775e-01 9.603960000000000274e-01 5.163000000000000055e-03 -9.604089999999999572e-01 -2.785920000000000063e-01 -5.770000000000000389e-04
8.000000000000000000e+00 2.700000000000000000e+01 6.300000000000000000e+01 0.000000000000000000e+00 1.600000000000000089e+00 -4.789999999999999879e-04 -1.464999999999999939e-03 9.999989999999999712e-01 -2.710389999999999744e-01 9.625679999999999792e-01 1.280000000000000105e-03 -9.625679999999999792e-01 -2.710380000000000011e-01 -8.580000000000000387e-04
1.400000000000000000e+01 2.700000000000000000e+01 6.300000000000000000e+01 0.000000000000000000e+00 1.600000000000000089e+00 7.240000000000000342e-04 -2.442999999999999859e-03 9.999970000000000248e-01 -2.656930000000000125e-01 9.640539999999999665e-01 2.547999999999999918e-03 -9.640570000000000528e-01 -2.656939999999999857e-01 4.899999999999999842e-05
1.900000000000000000e+01 2.700000000000000000e+01 6.300000000000000000e+01 0.000000000000000000e+00 1.600000000000000089e+00 3.879999999999999985e-04 7.550000000000000287e-03 9.999710000000000543e-01 -2.677919999999999745e-01 9.634500000000000286e-01 -7.170000000000000158e-03 -9.634770000000000278e-01 -2.677820000000000200e-01 2.396000000000000126e-03
2.500000000000000000e+01 2.700000000000000000e+01 6.300000000000000000e+01 0.000000000000000000e+00 1.600000000000000089e+00 -4.589999999999999896e-04 3.288999999999999823e-03 9.999949999999999672e-01 -2.695060000000000233e-01 9.629929999999999879e-01 -3.291000000000000088e-03 -9.629990000000000494e-01 -2.695060000000000233e-01 4.440000000000000045e-04
2.900000000000000000e+01 2.700000000000000000e+01 6.300000000000000000e+01 0.000000000000000000e+00 1.600000000000000089e+00 1.147000000000000016e-03 2.178999999999999947e-03 9.999970000000000248e-01 -2.673619999999999886e-01 9.635939999999999506e-01 -1.793000000000000106e-03 -9.635960000000000081e-01 -2.673590000000000133e-01 1.688000000000000047e-03
3.000000000000000000e+00 2.600000000000000000e+01 6.400000000000000000e+01 0.000000000000000000e+00 1.600000000000000089e+00 1.404000000000000083e-03 -5.564000000000000369e-03 9.999829999999999552e-01 -3.636329999999999840e-01 9.315250000000000474e-01 5.694000000000000276e-03 -9.315409999999999524e-01 -3.636349999999999860e-01 -7.159999999999999481e-04
1.100000000000000000e+01 2.600000000000000000e+01 6.400000000000000000e+01 0.000000000000000000e+00 1.600000000000000089e+00 -4.629999999999999784e-04 -4.433999999999999574e-03 9.999900000000000455e-01 -3.462480000000000002e-01 9.381340000000000234e-01 3.998999999999999951e-03 -9.381429999999999492e-01 -3.462430000000000230e-01 -1.968999999999999830e-03
1.700000000000000000e+01 2.600000000000000000e+01 6.400000000000000000e+01 0.000000000000000000e+00 1.600000000000000089e+00 5.349999999999999938e-04 4.342000000000000373e-03 9.999900000000000455e-01 -3.464900000000000202e-01 9.380460000000000464e-01 -3.886999999999999830e-03 -9.380530000000000257e-01 -3.464849999999999874e-01 2.005999999999999971e-03
2.100000000000000000e+01 2.600000000000000000e+01 6.400000000000000000e+01 0.000000000000000000e+00 1.600000000000000089e+00 -1.520000000000000084e-04 6.866999999999999840e-03 9.999759999999999760e-01 -3.517060000000000186e-01 9.360880000000000312e-01 -6.481999999999999915e-03 -9.361110000000000264e-01 -3.516980000000000106e-01 2.272999999999999847e-03
2.500000000000000000e+01 2.600000000000000000e+01 6.400000000000000000e+01 0.000000000000000000e+00 1.600000000000000089e+00 -1.268999999999999946e-03 3.684999999999999908e-03 9.999919999999999920e-01 -3.515900000000000136e-01 9.361460000000000337e-01 -3.896000000000000157e-03 -9.361530000000000129e-01 -3.515920000000000156e-01 1.079999999999999960e-04
2.900000000000000000e+01 2.600000000000000000e+01 6.400000000000000000e+01 0.000000000000000000e+00 1.600000000000000089e+00 1.579999999999999916e-04 2.007000000000000103e-03 9.999980000000000535e-01 -3.464039999999999897e-01 9.380840000000000289e-01 -1.827999999999999981e-03 -9.380849999999999467e-01 -3.464030000000000165e-01 8.429999999999999993e-04
1.100000000000000000e+01 5.400000000000000000e+01 6.400000000000000000e+01 0.000000000000000000e+00 1.600000000000000089e+00 3.939559999999999729e-01 -7.670299999999999341e-02 -9.159230000000000427e-01 -7.829429999999999445e-01 4.939850000000000074e-01 -3.781269999999999909e-01 4.814550000000000218e-01 8.660809999999999897e-01 1.345550000000000079e-01
1.600000000000000000e+01 5.000000000000000000e+01 6.500000000000000000e+01 0.000000000000000000e+00 1.600000000000000089e+00 -1.770670000000000022e-01 -2.647260000000000169e-01 -9.479279999999999928e-01 3.031909999999999883e-01 9.016349999999999643e-01 -3.084319999999999840e-01 9.363350000000000284e-01 -3.420159999999999867e-01 -7.938699999999999923e-02
9.000000000000000000e+00 5.300000000000000000e+01 6.500000000000000000e+01 0.000000000000000000e+00 1.600000000000000089e+00 4.624610000000000110e-01 -1.084169999999999995e-01 -8.799860000000000460e-01 -7.664360000000000062e-01 4.501009999999999733e-01 -4.582410000000000094e-01 4.457639999999999936e-01 8.863720000000000487e-01 1.250590000000000035e-01
2.800000000000000000e+01 6.900000000000000000e+01 6.600000000000000000e+01 0.000000000000000000e+00 1.600000000000000089e+00 6.649999999999999661e-03 2.062000000000000031e-03 9.999759999999999760e-01 -9.469400000000000039e-01 3.213610000000000078e-01 5.635000000000000252e-03 -3.213420000000000165e-01 -9.469539999999999624e-01 4.089999999999999886e-03
8.000000000000000000e+00 2.500000000000000000e+01 7.300000000000000000e+01 0.000000000000000000e+00 1.600000000000000089e+00 -9.790000000000000525e-04 -1.408900000000000083e-02 9.999000000000000110e-01 7.447000000000000286e-01 -6.673430000000000195e-01 -8.673999999999999419e-03 6.673989999999999645e-01 7.446169999999999733e-01 1.114599999999999966e-02
2.500000000000000000e+01 2.500000000000000000e+01 7.300000000000000000e+01 0.000000000000000000e+00 1.600000000000000089e+00 3.591000000000000008e-03 3.703999999999999827e-03 9.999869999999999592e-01 7.422389999999999821e-01 -6.701350000000000362e-01 -1.830000000000000029e-04 6.701259999999999994e-01 7.422299999999999454e-01 -5.154999999999999860e-03
3.000000000000000000e+00 4.400000000000000000e+01 7.300000000000000000e+01 0.000000000000000000e+00 1.600000000000000089e+00 1.596099999999999949e-02 8.567400000000000015e-02 9.961950000000000527e-01 3.897599999999999676e-02 -9.956180000000000030e-01 8.500000000000000611e-02 9.991130000000000289e-01 3.747099999999999737e-02 -1.923000000000000057e-02
1.100000000000000000e+01 4.400000000000000000e+01 7.300000000000000000e+01 0.000000000000000000e+00 1.600000000000000089e+00 1.925999999999999978e-03 1.366000000000000027e-03 9.999970000000000248e-01 5.319499999999999923e-02 -9.985829999999999984e-01 1.262000000000000101e-03 9.985819999999999697e-01 5.319299999999999723e-02 -1.995999999999999944e-03
1.700000000000000000e+01 4.400000000000000000e+01 7.300000000000000000e+01 0.000000000000000000e+00 1.600000000000000089e+00 -3.319999999999999926e-04 -6.916000000000000272e-03 9.999759999999999760e-01 5.064599999999999658e-02 -9.986930000000000529e-01 -6.890000000000000291e-03 9.987169999999999659e-01 5.064300000000000052e-02 6.819999999999999890e-04
