7.000000000000000000e+00 2.500000000000000000e+01 1.000000000000000000e+00 0.000000000000000000e+00 1.600000000000000089e+00 -1.853999999999999962e-03 -4.446000000000000299e-03 -9.999879999999999880e-01 -5.213170000000000304e-01 -8.533500000000000529e-01 4.760000000000000342e-03 -8.533610000000000362e-01 5.213200000000000056e-01 -7.360000000000000006e-04
3.000000000000000000e+01 1.700000000000000000e+01 3.000000000000000000e+00 0.000000000000000000e+00 1.600000000000000089e+00 -2.616900000000000129e-02 -1.567199999999999843e-02 -9.995349999999999513e-01 -7.321609999999999507e-01 -6.804780000000000273e-01 2.983799999999999994e-02 -6.806290000000000395e-01 7.326009999999999467e-01 6.333000000000000088e-03
4.000000000000000000e+00 1.800000000000000000e+01 3.000000000000000000e+00 0.000000000000000000e+00 1.600000000000000089e+00 8.569999999999999493e-03 5.400000000000000286e-03 -9.999489999999999768e-01 -7.778420000000000334e-01 -6.283790000000000209e-01 -1.005999999999999950e-02 -6.284020000000000161e-01 7.778880000000000239e-01 -1.185000000000000072e-03
8.000000000000000000e+00 2.100000000000000000e+01 4.000000000000000000e+00 0.000000000000000000e+00 1.600000000000000089e+00 -1.041999999999999958e-03 -3.429999999999999889e-04 -9.999989999999999712e-01 -6.566290000000000182e-01 -7.542130000000000223e-01 9.430000000000000448e-04 -7.542130000000000223e-01 6.566290000000000182e-01 5.609999999999999752e-04
1.100000000000000000e+01 2.100000000000000000e+01 4.000000000000000000e+00 0.000000000000000000e+00 1.600000000000000089e+00 -2.005999999999999971e-03 2.773999999999999990e-03 -9.999940000000000495e-01 -6.573539999999999939e-01 -7.535809999999999453e-01 -7.720000000000000083e-04 -7.535789999999999988e-01 6.573489999999999611e-01 3.334999999999999857e-03
7.000000000000000000e+00 1.010000000000000000e+02 7.000000000000000000e+00 0.000000000000000000e+00 1.600000000000000089e+00 6.459000000000000331e-03 2.918700000000000114e-02 9.995530000000000248e-01 8.853779999999999983e-01 4.644710000000000227e-01 -1.928399999999999906e-02 -4.648260000000000169e-01 8.851069999999999771e-01 -2.284200000000000119e-02
1.500000000000000000e+01 1.010000000000000000e+02 7.000000000000000000e+00 0.000000000000000000e+00 1.600000000000000089e+00 -8.459999999999999638e-04 2.505999999999999981e-03 9.999970000000000248e-01 8.905859999999999888e-01 4.548139999999999961e-01 -3.860000000000000041e-04 -4.548130000000000228e-01 8.905830000000000135e-01 -2.616999999999999969e-03
2.400000000000000000e+01 1.010000000000000000e+02 7.000000000000000000e+00 0.000000000000000000e+00 1.600000000000000089e+00 4.180000000000000230e-04 2.190399999999999986e-02 9.997599999999999820e-01 8.880329999999999613e-01 4.596600000000000130e-01 -1.044199999999999989e-02 -4.597789999999999933e-01 8.878249999999999753e-01 -1.925899999999999834e-02
2.000000000000000000e+00 2.500000000000000000e+01 8.000000000000000000e+00 0.000000000000000000e+00 1.600000000000000089e+00 3.461999999999999800e-03 -4.490799999999999653e-02 -9.989850000000000119e-01 4.403639999999999777e-01 8.969810000000000283e-01 -3.879699999999999815e-02 8.978129999999999722e-01 -4.397820000000000062e-01 2.288199999999999956e-02
5.000000000000000000e+00 2.500000000000000000e+01 8.000000000000000000e+00 0.000000000000000000e+00 1.600000000000000089e+00 1.273000000000000043e-03 -2.259200000000000097e-02 -9.997439999999999660e-01 4.404529999999999834e-01 8.975589999999999957e-01 -1.972199999999999995e-02 8.977749999999999897e-01 -4.403150000000000119e-01 1.109399999999999969e-02
1.500000000000000000e+01 2.500000000000000000e+01 8.000000000000000000e+00 0.000000000000000000e+00 1.600000000000000089e+00 -5.800000000000000034e-05 1.744700000000000070e-02 -9.998479999999999590e-01 4.423889999999999767e-01 8.966870000000000118e-01 1.562099999999999947e-02 8.968230000000000368e-01 -4.423210000000000197e-01 -7.769999999999999997e-03
2.000000000000000000e+01 2.500000000000000000e+01 8.000000000000000000e+00 0.000000000000000000e+00 1.600000000000000089e+00 -4.440000000000000045e-04 5.388999999999999693e-03 -9.999850000000000128e-01 4.421900000000000275e-01 8.969099999999999850e-01 4.636999999999999629e-03 8.969209999999999683e-01 -4.421809999999999907e-01 -2.781000000000000052e-03
2.500000000000000000e+01 2.500000000000000000e+01 8.000000000000000000e+00 0.000000000000000000e+00 1.600000000000000089e+00 1.681999999999999901e-03 4.125000000000000194e-03 -9.999900000000000455e-01 4.396019999999999928e-01 8.981810000000000072e-01 4.445000000000000166e-03 8.981909999999999616e-01 -4.396050000000000235e-01 -3.029999999999999924e-04
6.000000000000000000e+00 2.400000000000000000e+01 9.000000000000000000e+00 0.000000000000000000e+00 1.600000000000000089e+00 6.310000000000000504e-04 -1.464200000000000050e-02 -9.998930000000000318e-01 4.458550000000000013e-01 8.950129999999999475e-01 -1.282499999999999959e-02 8.951050000000000395e-01 -4.457990000000000008e-01 7.092000000000000214e-03
1.300000000000000000e+01 2.400000000000000000e+01 9.000000000000000000e+00 0.000000000000000000e+00 1.600000000000000089e+00 2.151999999999999833e-03 7.442999999999999963e-03 -9.999700000000000255e-01 4.497780000000000111e-01 8.931080000000000130e-01 7.615000000000000241e-03 8.931379999999999875e-01 -4.497809999999999864e-01 -1.425999999999999967e-03
1.700000000000000000e+01 2.400000000000000000e+01 9.000000000000000000e+00 0.000000000000000000e+00 1.600000000000000089e+00 -2.262000000000000122e-03 2.015399999999999830e-02 -9.997939999999999605e-01 4.489130000000000065e-01 8.934140000000000414e-01 1.699399999999999869e-02 8.935720000000000329e-01 -4.487829999999999875e-01 -1.106799999999999971e-02
2.500000000000000000e+01 2.400000000000000000e+01 9.000000000000000000e+00 0.000000000000000000e+00 1.600000000000000089e+00 2.070999999999999924e-03 5.049999999999999802e-03 -9.999850000000000128e-01 4.461149999999999838e-01 8.949589999999999490e-01 5.444000000000000054e-03 8.949730000000000185e-01 -4.461200000000000165e-01 -3.989999999999999949e-04
1.300000000000000000e+01 3.500000000000000000e+01 1.200000000000000000e+01 0.000000000000000000e+00 1.600000000000000089e+00 1.459999999999999981e-04 -1.103000000000000031e-03 -9.999989999999999712e-01 4.042959999999999887e-01 -9.146279999999999966e-01 1.067999999999999939e-03 -9.146279999999999966e-01 -4.042959999999999887e-01 3.130000000000000187e-04
1.900000000000000000e+01 3.500000000000000000e+01 1.200000000000000000e+01 0.000000000000000000e+00 1.600000000000000089e+00 1.075999999999999917e-03 4.913999999999999965e-03 -9.999869999999999592e-01 4.029269999999999796e-01 -9.152230000000000087e-01 -4.063999999999999904e-03 -9.152310000000000167e-01 -4.029179999999999984e-01 -2.965000000000000187e-03
2.200000000000000000e+01 3.500000000000000000e+01 1.200000000000000000e+01 0.000000000000000000e+00 1.600000000000000089e+00 -1.926999999999999894e-03 3.699000000000000031e-03 -9.999909999999999632e-01 4.109740000000000060e-01 -9.116370000000000307e-01 -4.164000000000000166e-03 -9.116450000000000387e-01 -4.109789999999999832e-01 2.359999999999999902e-04
2.700000000000000000e+01 3.500000000000000000e+01 1.200000000000000000e+01 0.000000000000000000e+00 1.600000000000000089e+00 -2.432000000000000134e-03 4.101999999999999744e-03 -9.999890000000000168e-01 4.208899999999999864e-01 -9.070989999999999887e-01 -4.745000000000000086e-03 -9.071080000000000254e-01 -4.208970000000000211e-01 4.800000000000000122e-04
3.000000000000000000e+01 3.500000000000000000e+01 1.200000000000000000e+01 0.000000000000000000e+00 1.600000000000000089e+00 -1.160999999999999923e-03 1.162999999999999971e-03 -9.999989999999999712e-01 4.291860000000000119e-01 -9.032149999999999901e-01 -1.549000000000000030e-03 -9.032149999999999901e-01 -4.291880000000000139e-01 5.490000000000000088e-04
2.400000000000000000e+01 3.200000000000000000e+01 1.400000000000000000e+01 0.000000000000000000e+00 1.600000000000000089e+00 5.770000000000000389e-04 5.399999999999999798e-05 -1.000000000000000000e+00 1.236680000000000001e-01 9.923239999999999839e-01 1.250000000000000026e-04 9.923239999999999839e-01 -1.236680000000000001e-01 5.659999999999999884e-04
2.000000000000000000e+00 1.300000000000000000e+01 1.600000000000000000e+01 0.000000000000000000e+00 1.600000000000000089e+00 2.135999999999999878e-03 4.631400000000000100e-02 9.989249999999999519e-01 1.187580000000000024e-01 -9.918700000000000294e-01 4.573300000000000282e-02 9.929210000000000536e-01 1.185319999999999985e-01 -7.618999999999999904e-03
7.000000000000000000e+00 1.300000000000000000e+01 1.600000000000000000e+01 0.000000000000000000e+00 1.600000000000000089e+00 9.590000000000000000e-04 3.700300000000000117e-02 9.993149999999999533e-01 1.116150000000000059e-01 -9.930750000000000410e-01 3.666500000000000314e-02 9.937510000000000510e-01 1.115030000000000049e-01 -5.082999999999999845e-03
1.700000000000000000e+01 1.300000000000000000e+01 1.600000000000000000e+01 0.000000000000000000e+00 1.600000000000000089e+00 2.197000000000000168e-03 -2.064300000000000163e-02 9.997840000000000060e-01 1.174930000000000002e-01 -9.928569999999999895e-01 -2.075799999999999867e-02 9.930710000000000370e-01 1.175130000000000063e-01 2.439999999999999949e-04
2.400000000000000000e+01 1.300000000000000000e+01 1.600000000000000000e+01 0.000000000000000000e+00 1.600000000000000089e+00 6.223000000000000233e-03 -5.854999999999999788e-02 9.982649999999999579e-01 1.404120000000000090e-01 -9.883429999999999715e-01 -5.884299999999999947e-02 9.900740000000000096e-01 1.405349999999999933e-01 2.070999999999999924e-03
9.000000000000000000e+00 2.000000000000000000e+00 1.900000000000000000e+01 0.000000000000000000e+00 1.600000000000000089e+00 -5.140999999999999737e-03 5.771000000000000088e-03 -9.999700000000000255e-01 2.841779999999999862e-01 -9.587459999999999871e-01 -6.994000000000000217e-03 -9.587579999999999991e-01 -2.842060000000000142e-01 3.288999999999999823e-03
1.900000000000000000e+01 2.000000000000000000e+00 1.900000000000000000e+01 0.000000000000000000e+00 1.600000000000000089e+00 2.229000000000000078e-03 -9.074000000000000468e-03 -9.999559999999999560e-01 2.906859999999999999e-01 -9.567729999999999846e-01 9.329999999999999752e-03 -9.568159999999999998e-01 -2.906940000000000079e-01 5.050000000000000235e-04
4.000000000000000000e+00 3.000000000000000000e+00 1.900000000000000000e+01 0.000000000000000000e+00 1.600000000000000089e+00 -3.174999999999999871e-03 1.935999999999999874e-02 -9.998080000000000300e-01 3.118319999999999981e-01 -9.499400000000000066e-01 -1.938499999999999945e-02 -9.501319999999999766e-01 -3.118330000000000268e-01 -3.020999999999999814e-03
1.400000000000000000e+01 3.000000000000000000e+00 1.900000000000000000e+01 0.000000000000000000e+00 1.600000000000000089e+00 -8.600000000000000331e-05 4.809999999999999823e-04 -1.000000000000000000e+00 3.037509999999999932e-01 -9.527510000000000145e-01 -4.840000000000000010e-04 -9.527510000000000145e-01 -3.037509999999999932e-01 -6.499999999999999431e-05
2.300000000000000000e+01 3.000000000000000000e+00 1.900000000000000000e+01 0.000000000000000000e+00 1.600000000000000089e+00 8.299000000000000821e-03 -1.718300000000000036e-02 -9.998179999999999845e-01 3.233519999999999728e-01 -9.460889999999999578e-01 1.894399999999999903e-02 -9.462420000000000275e-01 -3.234500000000000153e-01 -2.295000000000000165e-03
2.800000000000000000e+01 3.000000000000000000e+00 1.900000000000000000e+01 0.000000000000000000e+00 1.600000000000000089e+00 1.049300000000000059e-02 -2.867099999999999857e-02 -9.995340000000000336e-01 3.309500000000000219e-01 -9.431540000000000479e-01 3.052799999999999958e-02 -9.435900000000000398e-01 -3.311160000000000214e-01 -4.079999999999999968e-04
2.000000000000000000e+00 4.000000000000000000e+00 2.000000000000000000e+01 0.000000000000000000e+00 1.600000000000000089e+00 -4.128999999999999858e-03 2.106600000000000139e-02 -9.997700000000000475e-01 4.257509999999999906e-01 -9.046009999999999884e-01 -2.081900000000000070e-02 -9.048310000000000519e-01 -4.257389999999999786e-01 -5.233999999999999937e-03
5.000000000000000000e+00 4.000000000000000000e+00 2.000000000000000000e+01 0.000000000000000000e+00 1.600000000000000089e+00 -4.119000000000000265e-03 1.789200000000000165e-02 -9.998310000000000253e-01 4.235680000000000001e-01 -9.056859999999999911e-01 -1.795199999999999921e-02 -9.058549999999999658e-01 -4.235700000000000021e-01 -3.847999999999999858e-03
1.400000000000000000e+01 4.000000000000000000e+00 2.000000000000000000e+01 0.000000000000000000e+00 1.600000000000000089e+00 6.480000000000000300e-04 2.510000000000000078e-03 -9.999970000000000248e-01 4.280329999999999968e-01 -9.037610000000000365e-01 -1.991000000000000148e-03 -9.037629999999999830e-01 -4.280300000000000216e-01 -1.660000000000000017e-03
1.700000000000000000e+01 4.000000000000000000e+00 2.000000000000000000e+01 0.000000000000000000e+00 1.600000000000000089e+00 2.622999999999999898e-03 -5.105000000000000163e-03 -9.999839999999999840e-01 4.304430000000000200e-01 -9.025999999999999579e-01 5.736999999999999912e-03 -9.026140000000000274e-01 -4.304509999999999725e-01 -1.700000000000000122e-04
2.300000000000000000e+01 4.000000000000000000e+00 2.000000000000000000e+01 0.000000000000000000e+00 1.600000000000000089e+00 7.288000000000000207e-03 -1.836700000000000138e-02 -9.998050000000000548e-01 4.357090000000000130e-01 -8.998720000000000052e-01 1.970799999999999982e-02 -9.000580000000000247e-01 -4.357670000000000154e-01 1.443999999999999971e-03
2.800000000000000000e+01 4.000000000000000000e+00 2.000000000000000000e+01 0.000000000000000000e+00 1.600000000000000089e+00 7.618999999999999904e-03 -3.071499999999999925e-02 -9.994990000000000263e-01 4.303969999999999740e-01 -9.021069999999999922e-01 3.100299999999999931e-02 -9.026079999999999659e-01 -4.304169999999999940e-01 6.347000000000000211e-03
4.000000000000000000e+00 1.300000000000000000e+01 2.000000000000000000e+01 0.000000000000000000e+00 1.600000000000000089e+00 -1.183999999999999940e-03 3.399000000000000112e-03 9.999940000000000495e-01 3.048379999999999979e-01 9.524000000000000243e-01 -2.876000000000000084e-03 -9.524029999999999996e-01 3.048330000000000206e-01 -2.164000000000000125e-03
1.300000000000000000e+01 1.300000000000000000e+01 2.000000000000000000e+01 0.000000000000000000e+00 1.600000000000000089e+00 -5.550000000000000462e-04 1.366000000000000027e-03 9.999989999999999712e-01 3.126900000000000235e-01 9.498539999999999761e-01 -1.123999999999999999e-03 -9.498550000000000049e-01 3.126889999999999947e-01 -9.550000000000000112e-04
1.900000000000000000e+01 1.300000000000000000e+01 2.000000000000000000e+01 0.000000000000000000e+00 1.600000000000000089e+00 -5.300000000000000078e-05 4.616000000000000311e-03 9.999890000000000168e-01 3.102599999999999802e-01 9.506419999999999870e-01 -4.372000000000000018e-03 -9.506520000000000525e-01 3.102570000000000050e-01 -1.482999999999999943e-03
2.400000000000000000e+01 1.300000000000000000e+01 2.000000000000000000e+01 0.000000000000000000e+00 1.600000000000000089e+00 2.369999999999999874e-04 1.137400000000000043e-02 9.999350000000000183e-01 3.051360000000000183e-01 9.522460000000000369e-01 -1.090400000000000050e-02 -9.523089999999999611e-01 3.051189999999999736e-01 -3.245000000000000055e-03
8.000000000000000000e+00 1.400000000000000000e+01 2.000000000000000000e+01 0.000000000000000000e+00 1.600000000000000089e+00 1.699999999999999987e-05 1.716000000000000077e-03 9.999980000000000535e-01 2.671830000000000038e-01 9.636439999999999451e-01 -1.657999999999999969e-03 -9.636460000000000026e-01 2.671819999999999751e-01 -4.420000000000000101e-04
8.000000000000000000e+00 1.600000000000000000e+01 2.100000000000000000e+01 0.000000000000000000e+00 1.600000000000000089e+00 4.850000000000000253e-04 7.257999999999999695e-03 9.999740000000000295e-01 3.035459999999999825e-01 9.527910000000000545e-01 -7.062999999999999834e-03 -9.528170000000000250e-01 3.035410000000000053e-01 -1.740999999999999926e-03
1.300000000000000000e+01 1.600000000000000000e+01 2.100000000000000000e+01 0.000000000000000000e+00 1.600000000000000089e+00 -1.124999999999999915e-03 1.620000000000000075e-04 9.999989999999999712e-01 3.043219999999999814e-01 9.525689999999999991e-01 1.890000000000000133e-04 -9.525689999999999991e-01 3.043219999999999814e-01 -1.121000000000000035e-03
2.000000000000000000e+01 1.600000000000000000e+01 2.100000000000000000e+01 0.000000000000000000e+00 1.600000000000000089e+00 3.780000000000000265e-04 -2.562000000000000041e-03 9.999970000000000248e-01 3.081329999999999902e-01 9.513399999999999634e-01 2.321000000000000146e-03 -9.513430000000000497e-01 3.081309999999999882e-01 1.149000000000000065e-03
7.000000000000000000e+00 4.200000000000000000e+01 2.500000000000000000e+01 0.000000000000000000e+00 1.600000000000000089e+00 1.423800000000000066e-02 -6.665689999999999671e-01 7.453070000000000528e-01 -4.471229999999999927e-01 6.624630000000000241e-01 6.010189999999999699e-01 -8.943590000000000151e-01 -3.418019999999999947e-01 -2.886059999999999737e-01
1.300000000000000000e+01 4.600000000000000000e+01 2.700000000000000000e+01 0.000000000000000000e+00 1.600000000000000089e+00 -3.426999999999999925e-03 8.559999999999999901e-04 -9.999940000000000495e-01 6.811800000000000077e-01 7.321140000000000425e-01 -1.708000000000000100e-03 7.321079999999999810e-01 -6.811810000000000365e-01 -3.092000000000000130e-03
8.000000000000000000e+00 3.900000000000000000e+01 2.900000000000000000e+01 0.000000000000000000e+00 1.600000000000000089e+00 -1.621589999999999976e-01 -9.312559999999999727e-01 3.262929999999999997e-01 5.398460000000000480e-01 -3.605200000000000071e-01 -7.606519999999999948e-01 8.259969999999999812e-01 5.280100000000000071e-02 5.611960000000000282e-01
1.700000000000000000e+01 4.600000000000000000e+01 3.000000000000000000e+01 0.000000000000000000e+00 1.600000000000000089e+00 -5.099999999999999960e-05 4.960000000000000216e-04 -1.000000000000000000e+00 3.284369999999999790e-01 9.445259999999999767e-01 4.510000000000000120e-04 9.445259999999999767e-01 -3.284369999999999790e-01 -2.110000000000000059e-04
2.200000000000000000e+01 4.600000000000000000e+01 3.000000000000000000e+01 0.000000000000000000e+00 1.600000000000000089e+00 -2.069999999999999900e-04 -1.770000000000000089e-03 -9.999980000000000535e-01 3.304469999999999907e-01 9.438229999999999675e-01 -1.739000000000000094e-03 9.438250000000000250e-01 -3.304469999999999907e-01 3.890000000000000228e-04
2.000000000000000000e+00 5.800000000000000000e+01 3.100000000000000000e+01 0.000000000000000000e+00 1.600000000000000089e+00 1.008299999999999995e-02 2.005499999999999991e-02 9.997479999999999700e-01 -7.955929999999999946e-01 -6.054960000000000342e-01 2.017000000000000043e-02 6.057479999999999531e-01 -7.955959999999999699e-01 9.849999999999999381e-03
9.000000000000000000e+00 5.800000000000000000e+01 3.100000000000000000e+01 0.000000000000000000e+00 1.600000000000000089e+00 5.689999999999999529e-04 8.505999999999999672e-03 9.999639999999999640e-01 -8.015510000000000135e-01 -5.979010000000000158e-01 5.542000000000000051e-03 5.979259999999999575e-01 -8.015250000000000430e-01 6.478000000000000251e-03
1.200000000000000000e+01 5.800000000000000000e+01 3.100000000000000000e+01 0.000000000000000000e+00 1.600000000000000089e+00 -8.220000000000000310e-04 -4.699999999999999724e-05 1.000000000000000000e+00 -8.001160000000000494e-01 -5.998459999999999903e-01 -6.859999999999999779e-04 5.998449999999999616e-01 -8.001160000000000494e-01 4.560000000000000251e-04
1.900000000000000000e+01 5.800000000000000000e+01 3.100000000000000000e+01 0.000000000000000000e+00 1.600000000000000089e+00 -2.001000000000000174e-03 -1.794999999999999938e-03 9.999959999999999960e-01 -8.009990000000000165e-01 -5.986590000000000522e-01 -2.677000000000000126e-03 5.986620000000000275e-01 -8.010019999999999918e-01 -2.400000000000000061e-04
2.200000000000000000e+01 5.800000000000000000e+01 3.100000000000000000e+01 0.000000000000000000e+00 1.600000000000000089e+00 -1.529999999999999893e-03 -3.890000000000000228e-04 9.999989999999999712e-01 -8.017619999999999747e-01 -5.976420000000000066e-01 -1.459000000000000010e-03 5.976420000000000066e-01 -8.017630000000000035e-01 6.019999999999999961e-04
2.700000000000000000e+01 5.800000000000000000e+01 3.100000000000000000e+01 0.000000000000000000e+00 1.600000000000000089e+00 5.820999999999999786e-03 1.415000000000000025e-03 9.999820000000000375e-01 -8.000660000000000549e-01 -5.998860000000000303e-01 5.505999999999999610e-03 5.998830000000000551e-01 -8.000840000000000174e-01 -2.360000000000000119e-03
3.000000000000000000e+00 2.300000000000000000e+01 3.400000000000000000e+01 0.000000000000000000e+00 1.600000000000000089e+00 1.461999999999999975e-03 5.877000000000000279e-03 9.999820000000000375e-01 3.936459999999999959e-01 -9.192489999999999828e-01 4.826999999999999694e-03 9.192609999999999948e-01 3.936319999999999819e-01 -3.657000000000000094e-03
7.000000000000000000e+00 2.300000000000000000e+01 3.400000000000000000e+01 0.000000000000000000e+00 1.600000000000000089e+00 3.565000000000000027e-03 1.966999999999999998e-03 9.999919999999999920e-01 3.982129999999999836e-01 -9.172930000000000250e-01 3.840000000000000097e-04 9.172860000000000458e-01 3.982080000000000064e-01 -4.054000000000000312e-03
9.000000000000000000e+00 4.600000000000000000e+01 3.500000000000000000e+01 0.000000000000000000e+00 1.600000000000000089e+00 -6.421999999999999757e-03 -1.593749999999999889e-01 -9.871969999999999912e-01 3.834890000000000243e-01 -9.121299999999999963e-01 1.447610000000000008e-01 -9.235229999999999828e-01 -3.776490000000000125e-01 6.697599999999999387e-02
1.400000000000000000e+01 4.600000000000000000e+01 3.500000000000000000e+01 0.000000000000000000e+00 1.600000000000000089e+00 3.780000000000000265e-04 5.793000000000000406e-03 -9.999829999999999552e-01 3.907809999999999895e-01 -9.204689999999999817e-01 -5.185000000000000372e-03 -9.204839999999999689e-01 -3.907720000000000082e-01 -2.612000000000000172e-03
1.800000000000000000e+01 4.600000000000000000e+01 3.500000000000000000e+01 0.000000000000000000e+00 1.600000000000000089e+00 -1.547999999999999897e-03 7.191000000000000343e-03 -9.999730000000000008e-01 3.914850000000000274e-01 -9.201559999999999739e-01 -7.224000000000000386e-03 -9.201829999999999732e-01 -3.914860000000000007e-01 -1.391000000000000092e-03
2.500000000000000000e+01 4.600000000000000000e+01 3.500000000000000000e+01 0.000000000000000000e+00 1.600000000000000089e+00 5.130000000000000011e-04 -5.367000000000000243e-03 -9.999850000000000128e-01 3.913010000000000099e-01 -9.202479999999999549e-01 5.139999999999999604e-03 -9.202630000000000532e-01 -3.912979999999999792e-01 1.628000000000000107e-03
4.000000000000000000e+00 9.500000000000000000e+01 3.700000000000000000e+01 0.000000000000000000e+00 1.600000000000000089e+00 1.992999999999999980e-03 -1.938099999999999892e-02 9.998099999999999765e-01 9.972910000000000386e-01 7.355899999999999939e-02 -5.619999999999999996e-04 -7.353400000000000214e-02 9.971029999999999616e-01 1.947499999999999926e-02
3.000000000000000000e+00 5.100000000000000000e+01 4.300000000000000000e+01 0.000000000000000000e+00 1.600000000000000089e+00 -3.821350000000000025e-01 7.059849999999999737e-01 -5.962859999999999827e-01 -5.963730000000000420e-01 3.044999999999999929e-01 7.427099999999999813e-01 7.059119999999999839e-01 6.394250000000000211e-01 3.046699999999999964e-01
1.100000000000000000e+01 2.900000000000000000e+01 4.400000000000000000e+01 0.000000000000000000e+00 1.600000000000000089e+00 5.807999999999999795e-03 1.019100000000000041e-02 -9.999310000000000143e-01 6.965160000000000240e-01 7.174509999999999499e-01 1.135800000000000004e-02 7.175179999999999891e-01 -6.965339999999999865e-01 -2.931000000000000012e-03
1.500000000000000000e+01 2.900000000000000000e+01 4.400000000000000000e+01 0.000000000000000000e+00 1.600000000000000089e+00 -7.370000000000000249e-04 4.722999999999999768e-03 -9.999890000000000168e-01 6.600030000000000063e-01 7.512569999999999526e-01 3.062000000000000052e-03 7.512630000000000141e-01 -6.599930000000000518e-01 -3.670999999999999784e-03
1.900000000000000000e+01 2.900000000000000000e+01 4.400000000000000000e+01 0.000000000000000000e+00 1.600000000000000089e+00 -1.350000000000000071e-03 2.007999999999999802e-03 -9.999970000000000248e-01 6.544870000000000410e-01 7.560729999999999951e-01 6.340000000000000149e-04 7.560719999999999663e-01 -6.544849999999999834e-01 -2.334999999999999836e-03
2.300000000000000000e+01 2.900000000000000000e+01 4.400000000000000000e+01 0.000000000000000000e+00 1.600000000000000089e+00 1.335000000000000032e-03 1.026999999999999918e-03 -9.999989999999999712e-01 6.601550000000000473e-01 7.511280000000000179e-01 1.652999999999999955e-03 7.511280000000000179e-01 -6.601559999999999651e-01 3.249999999999999851e-04
2.700000000000000000e+01 2.900000000000000000e+01 4.400000000000000000e+01 0.000000000000000000e+00 1.600000000000000089e+00 1.409000000000000096e-03 -3.003000000000000027e-03 -9.999949999999999672e-01 6.594029999999999614e-01 7.517890000000000406e-01 -1.329000000000000103e-03 7.517880000000000118e-01 -6.593970000000000109e-01 3.039000000000000035e-03
3.000000000000000000e+00 5.000000000000000000e+01 4.500000000000000000e+01 0.000000000000000000e+00 1.600000000000000089e+00 7.595990000000000242e-01 2.602079999999999949e-01 5.960720000000000462e-01 6.391940000000000399e-01 -1.293330000000000035e-01 -7.580930000000000168e-01 -1.201689999999999980e-01 9.568520000000000358e-01 -2.645649999999999946e-01
1.400000000000000000e+01 6.500000000000000000e+01 4.600000000000000000e+01 0.000000000000000000e+00 1.600000000000000089e+00 1.572999999999999962e-03 7.669999999999999951e-04 9.999980000000000535e-01 6.806149999999999700e-01 -7.326409999999999867e-01 -5.090000000000000123e-04 7.326390000000000402e-01 6.806149999999999700e-01 -1.675000000000000057e-03
1.300000000000000000e+01 7.000000000000000000e+01 4.700000000000000000e+01 0.000000000000000000e+00 1.600000000000000089e+00 1.899999999999999996e-03 5.416999999999999940e-03 -9.999839999999999840e-01 -8.362640000000000073e-01 -5.483090000000000463e-01 -4.558999999999999685e-03 -5.483240000000000336e-01 8.362579999999999458e-01 3.488000000000000215e-03
1.000000000000000000e+00 2.900000000000000000e+01 4.800000000000000000e+01 0.000000000000000000e+00 1.600000000000000089e+00 9.024000000000000771e-03 1.039189999999999975e-01 9.945450000000000124e-01 3.588310000000000111e-01 9.280059999999999976e-01 -1.002230000000000065e-01 -9.333590000000000497e-01 3.577779999999999849e-01 -2.891499999999999973e-02
6.000000000000000000e+00 2.900000000000000000e+01 4.800000000000000000e+01 0.000000000000000000e+00 1.600000000000000089e+00 3.435000000000000119e-03 -6.617999999999999751e-03 9.999719999999999720e-01 3.744839999999999836e-01 9.272209999999999619e-01 4.850000000000000144e-03 -9.272270000000000234e-01 3.744569999999999843e-01 5.663999999999999764e-03
1.100000000000000000e+01 2.900000000000000000e+01 4.800000000000000000e+01 0.000000000000000000e+00 1.600000000000000089e+00 -2.688999999999999984e-03 7.424000000000000044e-03 9.999689999999999968e-01 3.631369999999999876e-01 9.317170000000000174e-01 -5.941000000000000100e-03 -9.317320000000000046e-01 3.631099999999999883e-01 -5.202000000000000027e-03
3.000000000000000000e+00 7.000000000000000000e+00 5.200000000000000000e+01 0.000000000000000000e+00 1.600000000000000089e+00 -1.283000000000000069e-03 -6.491000000000000242e-03 -9.999780000000000335e-01 7.251499999999999613e-02 -9.973469999999999835e-01 6.381000000000000387e-03 -9.973659999999999748e-01 -7.250500000000000000e-02 1.750000000000000036e-03
2.400000000000000000e+01 7.000000000000000000e+00 5.200000000000000000e+01 0.000000000000000000e+00 1.600000000000000089e+00 -7.496000000000000059e-03 -3.984999999999999827e-03 -9.999639999999999640e-01 1.393580000000000096e-01 -9.902379999999999516e-01 2.900999999999999933e-03 -9.902140000000000386e-01 -1.393310000000000104e-01 7.978000000000000716e-03
1.500000000000000000e+01 4.500000000000000000e+01 5.300000000000000000e+01 0.000000000000000000e+00 1.600000000000000089e+00 -3.303899999999999892e-02 -4.096929999999999739e-01 9.116250000000000187e-01 6.218499999999999722e-02 9.095130000000000159e-01 4.109979999999999745e-01 -9.975180000000000158e-01 7.026799999999999713e-02 -4.572999999999999808e-03
1.000000000000000000e+00 6.300000000000000000e+01 5.400000000000000000e+01 0.000000000000000000e+00 1.600000000000000089e+00 -2.148999999999999869e-03 -2.530000000000000131e-03 9.999949999999999672e-01 -3.615010000000000168e-01 9.323700000000000321e-01 1.582000000000000073e-03 -9.323690000000000033e-01 -3.614959999999999840e-01 -2.918000000000000021e-03
5.000000000000000000e+00 6.300000000000000000e+01 5.400000000000000000e+01 0.000000000000000000e+00 1.600000000000000089e+00 -1.088999999999999907e-03 2.789999999999999945e-03 9.999959999999999960e-01 -3.579379999999999784e-01 9.337410000000000432e-01 -2.994999999999999832e-03 -9.337450000000000472e-01 -3.579399999999999804e-01 -1.800000000000000046e-05
1.500000000000000000e+01 6.300000000000000000e+01 5.400000000000000000e+01 0.000000000000000000e+00 1.600000000000000089e+00 4.490000000000000176e-04 1.817999999999999955e-03 9.999980000000000535e-01 -3.513919999999999821e-01 9.362270000000000314e-01 -1.544999999999999932e-03 -9.362279999999999491e-01 -3.513910000000000089e-01 1.059000000000000045e-03
2.000000000000000000e+01 6.300000000000000000e+01 5.400000000000000000e+01 0.000000000000000000e+00 1.600000000000000089e+00 2.259999999999999910e-04 -9.089999999999999773e-04 1.000000000000000000e+00 -3.510510000000000019e-01 9.363559999999999661e-01 9.300000000000000541e-04 -9.363559999999999661e-01 -3.510510000000000019e-01 -1.069999999999999988e-04
2.400000000000000000e+01 6.300000000000000000e+01 5.400000000000000000e+01 0.000000000000000000e+00 1.600000000000000089e+00 1.172999999999999998e-03 3.333000000000000025e-03 9.999940000000000495e-01 -3.474360000000000226e-01 9.376999999999999780e-01 -2.717999999999999930e-03 -9.377029999999999532e-01 -3.474300000000000166e-01 2.258000000000000024e-03
3.000000000000000000e+01 6.300000000000000000e+01 5.400000000000000000e+01 0.000000000000000000e+00 1.600000000000000089e+00 3.379999999999999758e-04 1.825999999999999932e-03 9.999980000000000535e-01 -3.505179999999999962e-01 9.365539999999999976e-01 -1.592000000000000099e-03 -9.365560000000000551e-01 -3.505170000000000230e-01 9.560000000000000355e-04
2.500000000000000000e+01 2.500000000000000000e+01 5.500000000000000000e+01 0.000000000000000000e+00 1.600000000000000089e+00 8.779999999999999827e-04 -2.671999999999999896e-03 -9.999959999999999960e-01 -1.301599999999999979e-02 -9.999120000000000230e-01 2.660000000000000038e-03 -9.999149999999999983e-01 1.301300000000000026e-02 -9.129999999999999661e-04
2.000000000000000000e+00 2.900000000000000000e+01 5.500000000000000000e+01 0.000000000000000000e+00 1.600000000000000089e+00 2.203999999999999796e-03 6.726860000000000062e-01 -7.399250000000000549e-01 7.858400000000000107e-02 7.375220000000000109e-01 6.707349999999999701e-01 9.969050000000000411e-01 -5.962499999999999745e-02 -5.123599999999999682e-02
1.500000000000000000e+01 6.800000000000000000e+01 5.700000000000000000e+01 0.000000000000000000e+00 1.600000000000000089e+00 -3.809999999999999910e-04 -4.575000000000000074e-03 -9.999890000000000168e-01 -2.404340000000000088e-01 -9.706550000000000455e-01 4.532999999999999703e-03 -9.706650000000000000e-01 2.404330000000000078e-01 -7.299999999999999632e-04
9.000000000000000000e+00 2.100000000000000000e+01 6.000000000000000000e+01 0.000000000000000000e+00 1.600000000000000089e+00 6.999999999999999387e-05 2.971999999999999816e-03 9.999959999999999960e-01 -9.697999999999999676e-02 9.952820000000000000e-01 -2.952000000000000197e-03 -9.952860000000000040e-01 -9.697899999999999576e-02 3.579999999999999741e-04
1.200000000000000000e+01 2.100000000000000000e+01 6.000000000000000000e+01 0.000000000000000000e+00 1.600000000000000089e+00 -3.390000000000000001e-04 4.840000000000000010e-04 1.000000000000000000e+00 -9.765000000000000069e-02 9.952210000000000223e-01 -5.150000000000000498e-04 -9.952210000000000223e-01 -9.765000000000000069e-02 -2.900000000000000017e-04
1.500000000000000000e+01 2.100000000000000000e+01 6.000000000000000000e+01 0.000000000000000000e+00 1.600000000000000089e+00 -2.730000000000000222e-04 3.499999999999999964e-04 1.000000000000000000e+00 -9.581000000000000627e-02 9.953999999999999515e-01 -3.739999999999999835e-04 -9.953999999999999515e-01 -9.581000000000000627e-02 -2.380000000000000117e-04
2.300000000000000000e+01 2.100000000000000000e+01 6.000000000000000000e+01 0.000000000000000000e+00 1.600000000000000089e+00 -7.870000000000000476e-04 2.386999999999999799e-03 9.999970000000000248e-01 -9.768400000000000694e-02 9.952149999999999608e-01 -2.452000000000000186e-03 -9.952170000000000183e-01 -9.768499999999999406e-02 -5.500000000000000331e-04
9.000000000000000000e+00 4.400000000000000000e+01 6.100000000000000000e+01 0.000000000000000000e+00 1.600000000000000089e+00 -9.302280000000000548e-01 3.140189999999999926e-01 1.899129999999999985e-01 -3.567119999999999735e-01 -6.521400000000000530e-01 -6.689319999999999711e-01 -8.620800000000000685e-02 -6.900039999999999507e-01 7.186540000000000150e-01
2.000000000000000000e+00 2.900000000000000000e+01 6.200000000000000000e+01 0.000000000000000000e+00 1.600000000000000089e+00 1.739500000000000074e-02 2.837839999999999807e-01 9.587299999999999711e-01 -2.215110000000000134e-01 9.361410000000000009e-01 -2.730790000000000162e-01 -9.750029999999999530e-01 -2.076189999999999980e-01 7.914499999999999313e-02
3.000000000000000000e+00 2.700000000000000000e+01 6.300000000000000000e+01 0.000000000000000000e+00 1.600000000000000089e+00 2.593999999999999952e-03 9.387399999999999911e-02 9.955810000000000493e-01 -2.628820000000000046e-01 9.606310000000000127e-01 -8.989400000000000168e-02 -9.648240000000000149e-01 -2.614870000000000250e-01 2.716899999999999871e-02
8.000000000000000000e+00 2.700000000000000000e+01 6.300000000000000000e+01 0.000000000000000000e+00 1.600000000000000089e+00 -4.383999999999999876e-03 -3.365300000000000236e-02 9.994239999999999791e-01 -2.654130000000000100e-01 9.636270000000000113e-01 3.128399999999999931e-02 -9.641250000000000098e-01 -2.651229999999999976e-01 -1.315700000000000029e-02
1.800000000000000000e+01 2.700000000000000000e+01 6.300000000000000000e+01 0.000000000000000000e+00 1.600000000000000089e+00 -2.358999999999999986e-03 8.350000000000000217e-04 9.999970000000000248e-01 -2.726729999999999987e-01 9.621060000000000167e-01 -1.446000000000000020e-03 -9.621039999999999592e-01 -2.726750000000000007e-01 -2.041999999999999978e-03
2.200000000000000000e+01 2.700000000000000000e+01 6.300000000000000000e+01 0.000000000000000000e+00 1.600000000000000089e+00 7.569999999999999689e-04 3.298999999999999849e-03 9.999940000000000495e-01 -2.720500000000000140e-01 9.622779999999999667e-01 -2.968999999999999851e-03 -9.622829999999999995e-01 -2.720469999999999833e-01 1.626000000000000058e-03
2.500000000000000000e+01 2.700000000000000000e+01 6.300000000000000000e+01 0.000000000000000000e+00 1.600000000000000089e+00 1.925999999999999978e-03 3.454000000000000039e-03 9.999919999999999920e-01 -2.685469999999999802e-01 9.632629999999999804e-01 -2.809999999999999998e-03 -9.632650000000000379e-01 -2.685390000000000277e-01 2.782000000000000185e-03
2.800000000000000000e+01 2.700000000000000000e+01 6.300000000000000000e+01 0.000000000000000000e+00 1.600000000000000089e+00 1.577999999999999976e-03 6.581000000000000044e-03 9.999770000000000048e-01 -2.668820000000000081e-01 9.637109999999999843e-01 -5.921000000000000048e-03 -9.637280000000000291e-01 -2.668659999999999921e-01 3.276999999999999965e-03
1.600000000000000000e+01 5.300000000000000000e+01 6.300000000000000000e+01 0.000000000000000000e+00 1.600000000000000089e+00 -1.303839999999999999e-01 7.046930000000000138e-01 6.974289999999999656e-01 4.426979999999999804e-01 -5.880389999999999784e-01 6.769260000000000277e-01 8.871409999999999574e-01 3.970110000000000028e-01 -2.352960000000000051e-01
1.400000000000000000e+01 2.600000000000000000e+01 6.400000000000000000e+01 0.000000000000000000e+00 1.600000000000000089e+00 1.938999999999999968e-03 -2.056000000000000102e-03 9.999959999999999960e-01 -3.567620000000000235e-01 9.341920000000000224e-01 2.612000000000000172e-03 -9.341930000000000511e-01 -3.567660000000000275e-01 1.077999999999999965e-03
1.900000000000000000e+01 2.600000000000000000e+01 6.400000000000000000e+01 0.000000000000000000e+00 1.600000000000000089e+00 -2.010000000000000068e-03 3.945999999999999855e-03 9.999900000000000455e-01 -3.607779999999999876e-01 9.326410000000000533e-01 -4.405000000000000061e-03 -9.326499999999999790e-01 -3.607830000000000203e-01 -4.519999999999999821e-04
2.800000000000000000e+01 2.600000000000000000e+01 6.400000000000000000e+01 0.000000000000000000e+00 1.600000000000000089e+00 8.069999999999999916e-04 5.956999999999999622e-03 9.999820000000000375e-01 -3.510429999999999939e-01 9.363449999999999829e-01 -5.295000000000000227e-03 -9.363590000000000524e-01 -3.510320000000000107e-01 2.847000000000000138e-03
1.000000000000000000e+01 3.900000000000000000e+01 6.500000000000000000e+01 0.000000000000000000e+00 1.600000000000000089e+00 -9.870609999999999662e-01 1.423169999999999991e-01 7.387199999999999322e-02 -1.570950000000000124e-01 -9.506219999999999670e-01 -2.676549999999999763e-01 3.213200000000000084e-02 -2.757970000000000144e-01 9.606789999999999496e-01
2.500000000000000000e+01 5.400000000000000000e+01 6.500000000000000000e+01 0.000000000000000000e+00 1.600000000000000089e+00 -3.588879999999999848e-01 -2.904840000000000200e-01 8.870280000000000387e-01 3.178099999999999675e-02 -9.535909999999999664e-01 -2.994229999999999947e-01 9.328389999999999738e-01 -7.926900000000000612e-02 3.514639999999999986e-01
8.000000000000000000e+00 3.200000000000000000e+01 6.600000000000000000e+01 0.000000000000000000e+00 1.600000000000000089e+00 -8.672000000000000541e-02 -9.515679999999999694e-01 2.949559999999999960e-01 9.424040000000000195e-01 -1.743609999999999882e-01 -2.854349999999999943e-01 3.230399999999999938e-01 2.532139999999999946e-01 9.118819999999999704e-01
1.800000000000000000e+01 6.900000000000000000e+01 6.600000000000000000e+01 0.000000000000000000e+00 1.600000000000000089e+00 -5.090000000000000123e-04 1.879999999999999944e-03 9.999980000000000535e-01 -9.636500000000000066e-01 2.671669999999999878e-01 -9.929999999999999591e-04 -2.671689999999999898e-01 -9.636479999999999491e-01 1.675999999999999972e-03
2.200000000000000000e+01 6.900000000000000000e+01 6.600000000000000000e+01 0.000000000000000000e+00 1.600000000000000089e+00 -3.818000000000000213e-03 -5.367000000000000243e-03 9.999780000000000335e-01 -9.536109999999999864e-01 3.010349999999999970e-01 -2.024999999999999890e-03 -3.010169999999999790e-01 -9.535979999999999457e-01 -6.267000000000000001e-03
7.000000000000000000e+00 3.400000000000000000e+01 6.900000000000000000e+01 0.000000000000000000e+00 1.600000000000000089e+00 7.767349999999999532e-01 -6.205979999999999830e-01 -1.074299999999999977e-01 -6.278519999999999657e-01 -7.764510000000000023e-01 -5.408799999999999719e-02 -4.984700000000000242e-02 1.094620000000000037e-01 -9.927399999999999558e-01
1.600000000000000000e+01 7.000000000000000000e+01 7.200000000000000000e+01 0.000000000000000000e+00 1.600000000000000089e+00 2.514080000000000203e-01 8.212150000000000283e-01 5.122489999999999544e-01 -1.529129999999999934e-01 -4.889009999999999745e-01 8.588329999999999576e-01 9.557259999999999645e-01 -2.942469999999999808e-01 2.661000000000000171e-03
