2.500000000000000000e+01 2.500000000000000000e+01 1.000000000000000000e+00 0.000000000000000000e+00 1.600000000000000089e+00 1.830999999999999945e-03 5.167999999999999851e-03 -9.999850000000000128e-01 -5.299310000000000409e-01 -8.480240000000000000e-01 -5.353000000000000119e-03 -8.480389999999999873e-01 5.299329999999999874e-01 1.185999999999999988e-03
4.000000000000000000e+00 1.500000000000000000e+01 4.000000000000000000e+00 0.000000000000000000e+00 1.600000000000000089e+00 -4.550000000000000225e-03 -3.611000000000000060e-03 9.999829999999999552e-01 2.986579999999999790e-01 -9.543580000000000396e-01 -2.088000000000000012e-03 9.543490000000000029e-01 2.986429999999999918e-01 5.420999999999999604e-03
1.500000000000000000e+01 1.500000000000000000e+01 4.000000000000000000e+00 0.000000000000000000e+00 1.600000000000000089e+00 2.664000000000000135e-03 1.310500000000000033e-02 9.999109999999999943e-01 2.946730000000000183e-01 -9.555259999999999865e-01 1.173800000000000017e-02 9.555940000000000545e-01 2.946150000000000158e-01 -6.407000000000000368e-03
2.300000000000000000e+01 1.500000000000000000e+01 4.000000000000000000e+00 0.000000000000000000e+00 1.600000000000000089e+00 1.722999999999999922e-03 2.325999999999999943e-03 9.999959999999999960e-01 3.013040000000000163e-01 -9.535270000000000135e-01 1.698999999999999989e-03 9.535270000000000135e-01 3.013000000000000123e-01 -2.343000000000000031e-03
1.100000000000000000e+01 1.600000000000000000e+01 4.000000000000000000e+00 0.000000000000000000e+00 1.600000000000000089e+00 -2.320000000000000014e-04 1.004299999999999984e-02 9.999500000000000055e-01 3.698259999999999881e-01 -9.290530000000000177e-01 9.417000000000000023e-03 9.291009999999999547e-01 3.698089999999999988e-01 -3.498999999999999940e-03
3.000000000000000000e+00 1.010000000000000000e+02 7.000000000000000000e+00 0.000000000000000000e+00 1.600000000000000089e+00 -7.849999999999999990e-04 1.014800000000000077e-02 9.999479999999999480e-01 8.839179999999999815e-01 4.676239999999999841e-01 -4.052000000000000046e-03 -4.676409999999999734e-01 8.838690000000000158e-01 -9.336999999999999814e-03
9.000000000000000000e+00 1.010000000000000000e+02 7.000000000000000000e+00 0.000000000000000000e+00 1.600000000000000089e+00 -8.989999999999999511e-04 1.093700000000000054e-02 9.999400000000000510e-01 8.837789999999999813e-01 4.678849999999999953e-01 -4.322999999999999586e-03 -4.679039999999999866e-01 8.837220000000000075e-01 -1.008599999999999948e-02
1.400000000000000000e+01 1.010000000000000000e+02 7.000000000000000000e+00 0.000000000000000000e+00 1.600000000000000089e+00 2.716000000000000098e-03 -1.882999999999999908e-03 9.999949999999999672e-01 8.830829999999999513e-01 4.692149999999999932e-01 -1.515000000000000071e-03 -4.692089999999999872e-01 8.830820000000000336e-01 2.938000000000000073e-03
2.400000000000000000e+01 1.010000000000000000e+02 7.000000000000000000e+00 0.000000000000000000e+00 1.600000000000000089e+00 -5.619999999999999996e-04 -9.249999999999999542e-03 9.999569999999999848e-01 8.875880000000000436e-01 4.606129999999999947e-01 4.759000000000000209e-03 -4.606370000000000187e-01 8.875530000000000364e-01 7.950999999999999734e-03
2.800000000000000000e+01 1.010000000000000000e+02 7.000000000000000000e+00 0.000000000000000000e+00 1.600000000000000089e+00 -3.798000000000000161e-03 -7.285999999999999942e-03 9.999660000000000215e-01 8.883830000000000338e-01 4.590549999999999908e-01 6.718000000000000013e-03 -4.590879999999999961e-01 8.883780000000000010e-01 4.728999999999999697e-03
1.800000000000000000e+01 1.500000000000000000e+01 8.000000000000000000e+00 0.000000000000000000e+00 1.600000000000000089e+00 8.310000000000000329e-04 1.101300000000000022e-02 -9.999390000000000223e-01 -5.920020000000000282e-01 -8.058819999999999872e-01 -9.367999999999999591e-03 -8.059359999999999857e-01 5.919740000000000002e-01 5.851000000000000298e-03
6.000000000000000000e+00 2.400000000000000000e+01 9.000000000000000000e+00 0.000000000000000000e+00 1.600000000000000089e+00 -1.299999999999999940e-03 -1.376999999999999969e-03 -9.999980000000000535e-01 4.531919999999999837e-01 8.914109999999999534e-01 -1.815999999999999906e-03 8.914119999999999822e-01 -4.531930000000000125e-01 -5.349999999999999938e-04
1.500000000000000000e+01 2.400000000000000000e+01 9.000000000000000000e+00 0.000000000000000000e+00 1.600000000000000089e+00 -8.800000000000000313e-04 -5.569000000000000165e-03 -9.999839999999999840e-01 4.538329999999999864e-01 8.910709999999999464e-01 -5.361999999999999579e-03 8.910860000000000447e-01 -4.538300000000000112e-01 1.742999999999999975e-03
2.100000000000000000e+01 2.400000000000000000e+01 9.000000000000000000e+00 0.000000000000000000e+00 1.600000000000000089e+00 -1.757000000000000098e-03 -8.330000000000000598e-03 -9.999639999999999640e-01 4.546200000000000241e-01 8.906479999999999952e-01 -8.217999999999999611e-03 8.906840000000000312e-01 -4.546180000000000221e-01 2.222000000000000017e-03
2.700000000000000000e+01 2.400000000000000000e+01 9.000000000000000000e+00 0.000000000000000000e+00 1.600000000000000089e+00 -1.987000000000000051e-03 -7.688000000000000389e-03 -9.999679999999999680e-01 4.552430000000000088e-01 8.903339999999999588e-01 -7.748999999999999812e-03 8.903649999999999620e-01 -4.552439999999999820e-01 1.729999999999999984e-03
7.000000000000000000e+00 3.100000000000000000e+01 1.200000000000000000e+01 0.000000000000000000e+00 1.600000000000000089e+00 1.351999999999999903e-03 -2.187999999999999841e-03 9.999970000000000248e-01 4.447000000000000432e-03 9.999879999999999880e-01 2.181999999999999912e-03 -9.999890000000000168e-01 4.444000000000000034e-03 1.361999999999999929e-03
2.100000000000000000e+01 3.100000000000000000e+01 1.200000000000000000e+01 0.000000000000000000e+00 1.600000000000000089e+00 3.829999999999999854e-04 -4.186999999999999750e-03 9.999909999999999632e-01 7.936000000000000346e-03 9.999599999999999600e-01 4.184000000000000219e-03 -9.999679999999999680e-01 7.934000000000000080e-03 4.159999999999999744e-04
2.800000000000000000e+01 3.100000000000000000e+01 1.200000000000000000e+01 0.000000000000000000e+00 1.600000000000000089e+00 1.551999999999999994e-03 -3.634000000000000077e-03 9.999919999999999920e-01 4.316000000000000392e-03 9.999839999999999840e-01 3.628000000000000148e-03 -9.999900000000000455e-01 4.309999999999999595e-03 1.567999999999999949e-03
1.600000000000000000e+01 3.200000000000000000e+01 1.400000000000000000e+01 0.000000000000000000e+00 1.600000000000000089e+00 7.309999999999999875e-04 2.910000000000000260e-04 -1.000000000000000000e+00 1.009700000000000042e-01 9.948890000000000233e-01 3.629999999999999872e-04 9.948890000000000233e-01 -1.009700000000000042e-01 6.980000000000000527e-04
1.000000000000000000e+00 1.200000000000000000e+01 1.500000000000000000e+01 0.000000000000000000e+00 1.600000000000000089e+00 4.465000000000000219e-03 8.115000000000000685e-03 -9.999569999999999848e-01 -4.690400000000000125e-01 -8.831280000000000241e-01 -9.261999999999999400e-03 -8.831649999999999778e-01 4.690619999999999790e-01 -1.369999999999999961e-04
8.000000000000000000e+00 1.200000000000000000e+01 1.500000000000000000e+01 0.000000000000000000e+00 1.600000000000000089e+00 4.623000000000000373e-03 4.309999999999999595e-03 -9.999799999999999800e-01 -4.695139999999999869e-01 -8.829050000000000509e-01 -5.976000000000000409e-03 -8.829129999999999479e-01 4.695320000000000049e-01 -2.057999999999999934e-03
1.300000000000000000e+01 1.200000000000000000e+01 1.500000000000000000e+01 0.000000000000000000e+00 1.600000000000000089e+00 2.349999999999999930e-04 3.050000000000000194e-03 -9.999949999999999672e-01 -4.710360000000000102e-01 -8.821099999999999497e-01 -2.801999999999999803e-03 -8.821139999999999537e-01 4.710340000000000082e-01 1.229000000000000058e-03
2.100000000000000000e+01 1.200000000000000000e+01 1.500000000000000000e+01 0.000000000000000000e+00 1.600000000000000089e+00 -9.790000000000000525e-04 2.480000000000000108e-04 -1.000000000000000000e+00 -4.687009999999999788e-01 -8.833569999999999478e-01 2.390000000000000089e-04 -8.833560000000000301e-01 4.687009999999999788e-01 9.810000000000001011e-04
9.000000000000000000e+00 1.100000000000000000e+01 1.600000000000000000e+01 0.000000000000000000e+00 1.600000000000000089e+00 3.627000000000000016e-03 4.539999999999999765e-03 -9.999829999999999552e-01 -4.173490000000000255e-01 -9.087290000000000090e-01 -5.638999999999999915e-03 -9.087389999999999635e-01 4.173620000000000108e-01 -1.400999999999999902e-03
1.700000000000000000e+01 1.100000000000000000e+01 1.600000000000000000e+01 0.000000000000000000e+00 1.600000000000000089e+00 -8.599999999999999789e-04 -2.358999999999999986e-03 -9.999970000000000248e-01 -4.166830000000000256e-01 -9.090479999999999672e-01 2.501999999999999884e-03 -9.090510000000000534e-01 4.166839999999999988e-01 -2.010000000000000068e-04
2.000000000000000000e+01 1.100000000000000000e+01 1.600000000000000000e+01 0.000000000000000000e+00 1.600000000000000089e+00 -1.036999999999999944e-03 -5.879999999999999810e-04 -9.999989999999999712e-01 -4.169820000000000193e-01 -9.089139999999999997e-01 9.669999999999999776e-04 -9.089139999999999997e-01 4.169829999999999925e-01 6.970000000000000284e-04
2.400000000000000000e+01 1.100000000000000000e+01 1.600000000000000000e+01 0.000000000000000000e+00 1.600000000000000089e+00 -1.106999999999999911e-03 3.738000000000000003e-03 -9.999919999999999920e-01 -4.185470000000000024e-01 -9.081900000000000528e-01 -2.932000000000000144e-03 -9.081939999999999458e-01 4.185409999999999964e-01 2.569999999999999802e-03
8.000000000000000000e+00 1.160000000000000000e+02 1.600000000000000000e+01 0.000000000000000000e+00 1.600000000000000089e+00 -5.720000000000000258e-04 2.606999999999999942e-03 9.999959999999999960e-01 7.150680000000000369e-01 6.990530000000000355e-01 -1.412999999999999977e-03 -6.990539999999999532e-01 7.150649999999999507e-01 -2.263999999999999953e-03
2.200000000000000000e+01 1.160000000000000000e+02 1.600000000000000000e+01 0.000000000000000000e+00 1.600000000000000089e+00 1.561000000000000104e-03 1.887000000000000005e-03 9.999970000000000248e-01 6.942920000000000202e-01 7.196890000000000231e-01 -2.441000000000000027e-03 -7.196919999999999984e-01 6.942930000000000490e-01 -1.869999999999999917e-04
9.000000000000000000e+00 2.000000000000000000e+00 1.900000000000000000e+01 0.000000000000000000e+00 1.600000000000000089e+00 2.784000000000000016e-03 5.662000000000000366e-03 -9.999799999999999800e-01 1.915530000000000010e-01 -9.814690000000000358e-01 -5.023999999999999820e-03 -9.814779999999999616e-01 -1.915350000000000108e-01 -3.817000000000000080e-03
1.300000000000000000e+01 2.000000000000000000e+00 1.900000000000000000e+01 0.000000000000000000e+00 1.600000000000000089e+00 1.981999999999999821e-03 -1.632999999999999903e-03 -9.999970000000000248e-01 1.894230000000000080e-01 -9.818940000000000445e-01 1.978999999999999856e-03 -9.818940000000000445e-01 -1.894270000000000120e-01 -1.637000000000000000e-03
1.700000000000000000e+01 2.000000000000000000e+00 1.900000000000000000e+01 0.000000000000000000e+00 1.600000000000000089e+00 -1.946000000000000030e-03 9.160000000000000390e-04 -9.999980000000000535e-01 1.862439999999999929e-01 -9.825030000000000152e-01 -1.262000000000000101e-03 -9.825019999999999865e-01 -1.862459999999999949e-01 1.742000000000000059e-03
2.100000000000000000e+01 2.000000000000000000e+00 1.900000000000000000e+01 0.000000000000000000e+00 1.600000000000000089e+00 -3.798999999999999860e-03 7.979999999999999897e-04 -9.999919999999999920e-01 1.835330000000000017e-01 -9.830119999999999969e-01 -1.480999999999999895e-03 -9.830060000000000464e-01 -1.835370000000000057e-01 3.588000000000000043e-03
2.600000000000000000e+01 2.000000000000000000e+00 1.900000000000000000e+01 0.000000000000000000e+00 1.600000000000000089e+00 8.999999999999999754e-04 -8.966999999999999277e-03 -9.999590000000000423e-01 1.784109999999999863e-01 -9.839149999999999840e-01 8.984000000000000666e-03 -9.839560000000000528e-01 -1.784119999999999873e-01 7.140000000000000079e-04
5.000000000000000000e+00 4.000000000000000000e+00 2.000000000000000000e+01 0.000000000000000000e+00 1.600000000000000089e+00 1.569999999999999998e-03 8.748999999999999833e-03 -9.999599999999999600e-01 2.911779999999999924e-01 -9.566360000000000419e-01 -7.912999999999999895e-03 -9.566679999999999628e-01 -2.911540000000000239e-01 -4.049999999999999781e-03
1.500000000000000000e+01 4.000000000000000000e+00 2.000000000000000000e+01 0.000000000000000000e+00 1.600000000000000089e+00 2.162999999999999992e-03 1.620000000000000075e-04 -9.999980000000000535e-01 2.841549999999999909e-01 -9.587780000000000191e-01 4.600000000000000139e-04 -9.587759999999999616e-01 -2.841549999999999909e-01 -2.119999999999999923e-03
2.100000000000000000e+01 4.000000000000000000e+00 2.000000000000000000e+01 0.000000000000000000e+00 1.600000000000000089e+00 -5.786999999999999610e-03 3.246000000000000187e-03 -9.999780000000000335e-01 2.758700000000000041e-01 -9.611830000000000096e-01 -4.716999999999999839e-03 -9.611779999999999768e-01 -2.758909999999999973e-01 4.667000000000000141e-03
2.500000000000000000e+01 4.000000000000000000e+00 2.000000000000000000e+01 0.000000000000000000e+00 1.600000000000000089e+00 -2.165999999999999957e-03 -9.938999999999999918e-03 -9.999479999999999480e-01 2.801250000000000129e-01 -9.599220000000000530e-01 8.933999999999999234e-03 -9.599609999999999532e-01 -2.800909999999999789e-01 4.863000000000000135e-03
5.000000000000000000e+00 1.300000000000000000e+01 2.000000000000000000e+01 0.000000000000000000e+00 1.600000000000000089e+00 8.620000000000000275e-04 1.152999999999999945e-03 9.999989999999999712e-01 2.542470000000000008e-01 9.671380000000000532e-01 -1.333999999999999899e-03 -9.671389999999999709e-01 2.542479999999999740e-01 5.400000000000000069e-04
1.000000000000000000e+01 1.300000000000000000e+01 2.000000000000000000e+01 0.000000000000000000e+00 1.600000000000000089e+00 1.147999999999999932e-03 -3.678999999999999979e-03 9.999930000000000208e-01 2.552249999999999797e-01 9.668759999999999577e-01 3.263999999999999974e-03 -9.668809999999999905e-01 2.552189999999999737e-01 2.049000000000000040e-03
1.500000000000000000e+01 1.300000000000000000e+01 2.000000000000000000e+01 0.000000000000000000e+00 1.600000000000000089e+00 -1.221000000000000080e-03 1.498999999999999898e-03 9.999980000000000535e-01 2.560660000000000158e-01 9.666590000000000460e-01 -1.136999999999999990e-03 -9.666590000000000460e-01 2.560640000000000138e-01 -1.564000000000000069e-03
2.200000000000000000e+01 1.300000000000000000e+01 2.000000000000000000e+01 0.000000000000000000e+00 1.600000000000000089e+00 -4.609999999999999840e-04 -7.100000000000000462e-05 1.000000000000000000e+00 2.526729999999999809e-01 9.675519999999999676e-01 1.849999999999999973e-04 -9.675519999999999676e-01 2.526729999999999809e-01 -4.279999999999999950e-04
2.800000000000000000e+01 1.300000000000000000e+01 2.000000000000000000e+01 0.000000000000000000e+00 1.600000000000000089e+00 2.169999999999999891e-04 1.994999999999999812e-03 9.999980000000000535e-01 2.543079999999999785e-01 9.671210000000000084e-01 -1.984999999999999785e-03 -9.671229999999999549e-01 2.543079999999999785e-01 -2.970000000000000092e-04
2.000000000000000000e+00 1.600000000000000000e+01 2.100000000000000000e+01 0.000000000000000000e+00 1.600000000000000089e+00 5.169999999999999899e-04 6.637999999999999803e-03 9.999780000000000335e-01 2.983489999999999753e-01 9.544350000000000334e-01 -6.490000000000000109e-03 -9.544569999999999999e-01 2.983450000000000268e-01 -1.487000000000000040e-03
6.000000000000000000e+00 1.600000000000000000e+01 2.100000000000000000e+01 0.000000000000000000e+00 1.600000000000000089e+00 1.379000000000000017e-03 3.317000000000000070e-03 9.999940000000000495e-01 2.971779999999999977e-01 9.548149999999999693e-01 -3.576000000000000185e-03 -9.548210000000000308e-01 2.971809999999999730e-01 3.310000000000000225e-04
1.400000000000000000e+01 1.600000000000000000e+01 2.100000000000000000e+01 0.000000000000000000e+00 1.600000000000000089e+00 -1.428999999999999932e-03 -1.704999999999999918e-03 9.999980000000000535e-01 2.977929999999999744e-01 9.546280000000000321e-01 2.053000000000000137e-03 -9.546289999999999498e-01 2.977960000000000051e-01 -8.570000000000000144e-04
1.800000000000000000e+01 1.600000000000000000e+01 2.100000000000000000e+01 0.000000000000000000e+00 1.600000000000000089e+00 -1.118999999999999986e-03 4.000000000000000083e-03 9.999909999999999632e-01 2.980240000000000111e-01 9.545519999999999561e-01 -3.484999999999999817e-03 -9.545580000000000176e-01 2.980180000000000051e-01 -2.259999999999999856e-03
2.200000000000000000e+01 1.600000000000000000e+01 2.100000000000000000e+01 0.000000000000000000e+00 1.600000000000000089e+00 -5.860000000000000408e-04 2.158999999999999895e-03 9.999970000000000248e-01 2.966539999999999733e-01 9.549830000000000263e-01 -1.887999999999999921e-03 -9.549849999999999728e-01 2.966520000000000268e-01 -1.199999999999999895e-03
3.000000000000000000e+01 1.600000000000000000e+01 2.100000000000000000e+01 0.000000000000000000e+00 1.600000000000000089e+00 1.160999999999999923e-03 -2.709999999999999735e-04 9.999989999999999712e-01 2.964539999999999953e-01 9.550469999999999793e-01 -8.600000000000000331e-05 -9.550469999999999793e-01 2.964530000000000221e-01 1.188999999999999953e-03
3.000000000000000000e+00 3.000000000000000000e+00 2.500000000000000000e+01 0.000000000000000000e+00 1.600000000000000089e+00 -3.482999999999999985e-03 5.079000000000000181e-03 9.999810000000000088e-01 -6.270399999999999585e-02 -9.980200000000000182e-01 4.851000000000000277e-03 9.980259999999999687e-01 -6.268600000000000561e-02 3.795000000000000196e-03
1.300000000000000000e+01 3.000000000000000000e+00 2.500000000000000000e+01 0.000000000000000000e+00 1.600000000000000089e+00 -9.550000000000000112e-04 -8.540000000000000499e-04 9.999989999999999712e-01 -4.388700000000000240e-02 -9.990360000000000351e-01 -8.949999999999999623e-04 9.990360000000000351e-01 -4.388800000000000340e-02 9.160000000000000390e-04
1.700000000000000000e+01 3.000000000000000000e+00 2.500000000000000000e+01 0.000000000000000000e+00 1.600000000000000089e+00 -3.481000000000000153e-03 1.299999999999999940e-03 9.999930000000000208e-01 -3.786099999999999882e-02 -9.992820000000000036e-01 1.167000000000000069e-03 9.992769999999999708e-01 -3.785600000000000076e-02 3.527999999999999886e-03
2.400000000000000000e+01 3.000000000000000000e+00 2.500000000000000000e+01 0.000000000000000000e+00 1.600000000000000089e+00 2.334999999999999836e-03 3.069999999999999812e-03 9.999930000000000208e-01 -3.915400000000000130e-02 -9.992280000000000051e-01 3.158999999999999916e-03 9.992299999999999516e-01 -3.916100000000000136e-02 -2.213000000000000123e-03
1.200000000000000000e+01 4.600000000000000000e+01 2.700000000000000000e+01 0.000000000000000000e+00 1.600000000000000089e+00 2.575000000000000032e-03 2.543999999999999821e-03 -9.999930000000000208e-01 6.597809999999999508e-01 7.514499999999999513e-01 3.611000000000000060e-03 7.514539999999999553e-01 -6.597859999999999836e-01 2.559999999999999884e-04
2.300000000000000000e+01 4.600000000000000000e+01 2.700000000000000000e+01 0.000000000000000000e+00 1.600000000000000089e+00 2.124000000000000020e-03 1.822000000000000052e-03 -9.999959999999999960e-01 6.629260000000000153e-01 7.486800000000000122e-01 2.772000000000000158e-03 7.486819999999999586e-01 -6.629289999999999905e-01 3.829999999999999854e-04
3.000000000000000000e+00 5.800000000000000000e+01 3.100000000000000000e+01 0.000000000000000000e+00 1.600000000000000089e+00 3.514000000000000196e-03 -1.113000000000000057e-03 9.999930000000000208e-01 -7.940099999999999936e-01 -6.079020000000000534e-01 2.112999999999999861e-03 6.078949999999999632e-01 -7.940120000000000511e-01 -3.020000000000000115e-03
1.600000000000000000e+01 5.800000000000000000e+01 3.100000000000000000e+01 0.000000000000000000e+00 1.600000000000000089e+00 -2.098000000000000038e-03 3.645999999999999935e-03 9.999909999999999632e-01 -7.949450000000000127e-01 -6.066810000000000258e-01 5.439999999999999957e-04 6.066780000000000506e-01 -7.949370000000000047e-01 4.172000000000000361e-03
2.200000000000000000e+01 5.800000000000000000e+01 3.100000000000000000e+01 0.000000000000000000e+00 1.600000000000000089e+00 7.820000000000000345e-04 3.600000000000000227e-04 1.000000000000000000e+00 -7.947560000000000180e-01 -6.069280000000000230e-01 8.400000000000000348e-04 6.069290000000000518e-01 -7.947560000000000180e-01 -1.890000000000000133e-04
2.600000000000000000e+01 5.800000000000000000e+01 3.100000000000000000e+01 0.000000000000000000e+00 1.600000000000000089e+00 1.476000000000000098e-03 5.379999999999999583e-04 9.999989999999999712e-01 -7.939129999999999798e-01 -6.080299999999999594e-01 1.498999999999999898e-03 6.080299999999999594e-01 -7.939140000000000086e-01 -4.699999999999999859e-04
2.600000000000000000e+01 6.000000000000000000e+00 3.200000000000000000e+01 0.000000000000000000e+00 1.600000000000000089e+00 -2.066999999999999827e-03 -6.095999999999999856e-03 -9.999789999999999512e-01 1.361819999999999975e-01 9.906639999999999890e-01 -6.321000000000000230e-03 9.906819999999999515e-01 -1.361920000000000075e-01 -1.216999999999999983e-03
7.000000000000000000e+00 5.900000000000000000e+01 3.200000000000000000e+01 0.000000000000000000e+00 1.600000000000000089e+00 2.262000000000000122e-03 4.964999999999999795e-03 9.999850000000000128e-01 -6.929969999999999741e-01 -7.209219999999999517e-01 5.146999999999999666e-03 7.209370000000000500e-01 -6.929990000000000316e-01 1.809999999999999977e-03
3.000000000000000000e+00 4.600000000000000000e+01 3.500000000000000000e+01 0.000000000000000000e+00 1.600000000000000089e+00 -5.069999999999999637e-04 -3.020000000000000115e-03 -9.999949999999999672e-01 3.843440000000000190e-01 -9.231859999999999511e-01 2.592999999999999819e-03 -9.231899999999999551e-01 -3.843409999999999882e-01 1.629000000000000023e-03
7.000000000000000000e+00 4.600000000000000000e+01 3.500000000000000000e+01 0.000000000000000000e+00 1.600000000000000089e+00 6.210000000000000242e-04 -4.699999999999999859e-04 -1.000000000000000000e+00 3.849500000000000144e-01 -9.229370000000000074e-01 6.729999999999999871e-04 -9.229370000000000074e-01 -3.849500000000000144e-01 -3.919999999999999873e-04
1.100000000000000000e+01 4.600000000000000000e+01 3.500000000000000000e+01 0.000000000000000000e+00 1.600000000000000089e+00 -9.699999999999999963e-05 -2.130000000000000003e-04 -1.000000000000000000e+00 3.844119999999999759e-01 -9.231610000000000094e-01 1.589999999999999888e-04 -9.231610000000000094e-01 -3.844119999999999759e-01 1.710000000000000094e-04
1.700000000000000000e+01 4.600000000000000000e+01 3.500000000000000000e+01 0.000000000000000000e+00 1.600000000000000089e+00 1.013000000000000012e-03 -2.480000000000000108e-04 -9.999989999999999712e-01 3.843440000000000190e-01 -9.231899999999999551e-01 6.179999999999999513e-04 -9.231890000000000374e-01 -3.843449999999999922e-01 -8.400000000000000348e-04
2.200000000000000000e+01 4.600000000000000000e+01 3.500000000000000000e+01 0.000000000000000000e+00 1.600000000000000089e+00 -1.310000000000000129e-04 -1.830000000000000029e-04 -1.000000000000000000e+00 3.846229999999999927e-01 -9.230739999999999501e-01 1.179999999999999951e-04 -9.230739999999999501e-01 -3.846229999999999927e-01 1.910000000000000077e-04
3.000000000000000000e+01 4.600000000000000000e+01 3.500000000000000000e+01 0.000000000000000000e+00 1.600000000000000089e+00 -2.337999999999999801e-03 6.000000000000000152e-06 -9.999970000000000248e-01 3.823810000000000264e-01 -9.240040000000000475e-01 -8.999999999999999754e-04 -9.240019999999999900e-01 -3.823819999999999997e-01 2.158999999999999895e-03
4.000000000000000000e+00 9.500000000000000000e+01 3.600000000000000000e+01 0.000000000000000000e+00 1.600000000000000089e+00 -1.771000000000000005e-03 8.460999999999999771e-03 9.999630000000000463e-01 9.972429999999999906e-01 7.419000000000000594e-02 1.139000000000000038e-03 -7.417799999999999394e-02 9.972079999999999833e-01 -8.569000000000000228e-03
9.000000000000000000e+00 9.500000000000000000e+01 3.600000000000000000e+01 0.000000000000000000e+00 1.600000000000000089e+00 -3.040999999999999866e-03 1.663900000000000101e-02 9.998569999999999958e-01 9.972710000000000186e-01 7.380399999999999461e-02 1.804999999999999964e-03 -7.376399999999999624e-02 9.971339999999999648e-01 -1.681799999999999962e-02
1.400000000000000000e+01 9.500000000000000000e+01 3.600000000000000000e+01 0.000000000000000000e+00 1.600000000000000089e+00 1.092100000000000015e-02 1.656300000000000133e-02 9.998029999999999973e-01 9.966679999999999984e-01 8.064699999999999647e-02 -1.222200000000000022e-02 -8.083400000000000307e-02 9.966049999999999631e-01 -1.562699999999999853e-02
1.900000000000000000e+01 9.500000000000000000e+01 3.600000000000000000e+01 0.000000000000000000e+00 1.600000000000000089e+00 1.034099999999999950e-02 5.180999999999999842e-03 9.999329999999999607e-01 9.965159999999999574e-01 8.270399999999999974e-02 -1.073400000000000049e-02 -8.275399999999999423e-02 9.965610000000000301e-01 -4.307000000000000065e-03
2.400000000000000000e+01 9.500000000000000000e+01 3.600000000000000000e+01 0.000000000000000000e+00 1.600000000000000089e+00 2.750999999999999973e-03 1.905499999999999902e-02 9.998150000000000093e-01 9.966639999999999944e-01 8.150100000000000400e-02 -4.296000000000000339e-03 -8.156800000000000161e-02 9.964910000000000156e-01 -1.876699999999999896e-02
3.000000000000000000e+01 9.500000000000000000e+01 3.600000000000000000e+01 0.000000000000000000e+00 1.600000000000000089e+00 3.406999999999999872e-03 -8.647999999999999438e-03 9.999569999999999848e-01 9.963070000000000537e-01 8.581999999999999351e-02 -2.652999999999999976e-03 -8.579399999999999527e-02 9.962729999999999642e-01 8.909000000000000252e-03
4.000000000000000000e+00 3.000000000000000000e+00 4.300000000000000000e+01 0.000000000000000000e+00 1.600000000000000089e+00 1.391000000000000092e-03 -2.237300000000000053e-02 -9.997489999999999988e-01 7.337970000000000326e-01 -6.791749999999999732e-01 1.621999999999999831e-02 -6.793679999999999719e-01 -7.336350000000000371e-01 1.547199999999999964e-02
1.200000000000000000e+01 3.000000000000000000e+00 4.300000000000000000e+01 0.000000000000000000e+00 1.600000000000000089e+00 4.388999999999999672e-03 2.691400000000000042e-02 -9.996279999999999610e-01 7.404269999999999463e-01 -6.719730000000000425e-01 -1.484100000000000003e-02 -6.721230000000000260e-01 -7.400860000000000216e-01 -2.287700000000000150e-02
2.000000000000000000e+01 3.000000000000000000e+00 4.300000000000000000e+01 0.000000000000000000e+00 1.600000000000000089e+00 -4.194999999999999944e-03 -4.240399999999999725e-02 -9.990919999999999801e-01 7.389219999999999677e-01 -6.733090000000000463e-01 2.547400000000000012e-02 -6.737779999999999880e-01 -7.381440000000000223e-01 3.415800000000000086e-02
2.700000000000000000e+01 3.000000000000000000e+00 4.300000000000000000e+01 0.000000000000000000e+00 1.600000000000000089e+00 -7.056999999999999905e-03 -5.940399999999999847e-02 -9.982090000000000130e-01 7.437960000000000127e-01 -6.675179999999999447e-01 3.446599999999999664e-02 -6.683700000000000196e-01 -7.422199999999999909e-01 4.889500000000000096e-02
1.200000000000000000e+01 8.000000000000000000e+00 4.400000000000000000e+01 0.000000000000000000e+00 1.600000000000000089e+00 2.396999999999999825e-03 1.568900000000000156e-02 9.998740000000000405e-01 -7.827319999999999833e-01 -6.222499999999999698e-01 1.163999999999999931e-02 6.223539999999999628e-01 -7.826610000000000511e-01 1.078899999999999998e-02
5.000000000000000000e+00 2.900000000000000000e+01 4.400000000000000000e+01 0.000000000000000000e+00 1.600000000000000089e+00 -2.616999999999999969e-03 1.958999999999999804e-03 -9.999949999999999672e-01 6.836600000000000454e-01 7.298010000000000330e-01 -3.589999999999999984e-04 7.297960000000000003e-01 -6.836569999999999592e-01 -3.249999999999999851e-03
1.100000000000000000e+01 2.900000000000000000e+01 4.400000000000000000e+01 0.000000000000000000e+00 1.600000000000000089e+00 -2.896999999999999836e-03 3.752000000000000127e-03 -9.999890000000000168e-01 6.719100000000000072e-01 7.406319999999999570e-01 8.319999999999999488e-04 7.406270000000000353e-01 -6.719000000000000528e-01 -4.667000000000000141e-03
1.900000000000000000e+01 2.900000000000000000e+01 4.400000000000000000e+01 0.000000000000000000e+00 1.600000000000000089e+00 -5.969999999999999829e-04 2.683000000000000055e-03 -9.999959999999999960e-01 6.612590000000000412e-01 7.501560000000000450e-01 1.616999999999999948e-03 7.501569999999999627e-01 -6.612559999999999549e-01 -2.222000000000000017e-03
2.400000000000000000e+01 2.900000000000000000e+01 4.400000000000000000e+01 0.000000000000000000e+00 1.600000000000000089e+00 9.190000000000000035e-04 2.475000000000000203e-03 -9.999970000000000248e-01 6.559669999999999668e-01 7.547859999999999570e-01 2.471000000000000106e-03 7.547890000000000432e-01 -6.559669999999999668e-01 -9.300000000000000541e-04
2.900000000000000000e+01 2.900000000000000000e+01 4.400000000000000000e+01 0.000000000000000000e+00 1.600000000000000089e+00 1.809999999999999977e-03 -1.180000000000000059e-03 -9.999980000000000535e-01 6.537150000000000460e-01 7.567409999999999970e-01 2.910000000000000260e-04 7.567380000000000217e-01 -6.537140000000000173e-01 2.141000000000000108e-03
4.000000000000000000e+00 5.400000000000000000e+01 4.600000000000000000e+01 0.000000000000000000e+00 1.600000000000000089e+00 -3.373999999999999829e-03 2.619999999999999933e-03 9.999909999999999632e-01 3.113339999999999996e-01 -9.502939999999999721e-01 3.540000000000000178e-03 9.502939999999999721e-01 3.113440000000000096e-01 2.390999999999999896e-03
1.300000000000000000e+01 5.400000000000000000e+01 4.600000000000000000e+01 0.000000000000000000e+00 1.600000000000000089e+00 9.590000000000000000e-04 -8.392999999999999419e-03 9.999639999999999640e-01 3.076200000000000045e-01 -9.514730000000000132e-01 -8.281000000000000166e-03 9.515090000000000492e-01 3.076169999999999738e-01 1.668999999999999911e-03
2.300000000000000000e+01 5.400000000000000000e+01 4.600000000000000000e+01 0.000000000000000000e+00 1.600000000000000089e+00 5.349999999999999938e-04 -9.587000000000000036e-03 9.999540000000000095e-01 3.175060000000000104e-01 -9.482110000000000261e-01 -9.259999999999999135e-03 9.482559999999999878e-01 3.174969999999999737e-01 2.536000000000000060e-03
6.000000000000000000e+00 6.500000000000000000e+01 4.600000000000000000e+01 0.000000000000000000e+00 1.600000000000000089e+00 1.588000000000000002e-03 -8.940000000000000464e-04 9.999980000000000535e-01 6.798830000000000151e-01 -7.333190000000000541e-01 -1.735999999999999913e-03 7.333190000000000541e-01 6.798840000000000439e-01 -5.569999999999999864e-04
3.000000000000000000e+00 7.000000000000000000e+00 5.200000000000000000e+01 0.000000000000000000e+00 1.600000000000000089e+00 -3.585000000000000079e-03 -1.330000000000000019e-03 -9.999930000000000208e-01 1.054900000000000004e-01 -9.944199999999999706e-01 9.439999999999999607e-04 -9.944140000000000201e-01 -1.054849999999999954e-01 3.706000000000000093e-03
2.000000000000000000e+00 1.500000000000000000e+01 5.300000000000000000e+01 0.000000000000000000e+00 1.600000000000000089e+00 -3.262999999999999842e-03 -8.793000000000000468e-03 -9.999559999999999560e-01 6.799220000000000264e-01 7.332340000000000524e-01 -8.666000000000000092e-03 7.332769999999999566e-01 -6.799199999999999688e-01 3.586000000000000212e-03
4.000000000000000000e+00 6.300000000000000000e+01 5.400000000000000000e+01 0.000000000000000000e+00 1.600000000000000089e+00 1.531000000000000026e-03 8.310000000000000329e-04 9.999980000000000535e-01 -3.618000000000000105e-01 9.322559999999999736e-01 -2.210000000000000050e-04 -9.322549999999999448e-01 -3.617989999999999817e-01 1.727999999999999935e-03
7.000000000000000000e+00 6.300000000000000000e+01 5.400000000000000000e+01 0.000000000000000000e+00 1.600000000000000089e+00 6.800000000000000488e-04 2.392000000000000029e-03 9.999970000000000248e-01 -3.611849999999999783e-01 9.324919999999999876e-01 -1.984999999999999785e-03 -9.324940000000000451e-01 -3.611829999999999763e-01 1.497999999999999983e-03
1.100000000000000000e+01 6.300000000000000000e+01 5.400000000000000000e+01 0.000000000000000000e+00 1.600000000000000089e+00 -1.330000000000000073e-04 2.285000000000000139e-03 9.999970000000000248e-01 -3.626840000000000064e-01 9.319100000000000161e-01 -2.177999999999999815e-03 -9.319119999999999626e-01 -3.626829999999999776e-01 7.050000000000000060e-04
1.600000000000000000e+01 6.300000000000000000e+01 5.400000000000000000e+01 0.000000000000000000e+00 1.600000000000000089e+00 -1.877999999999999895e-03 1.936000000000000004e-03 9.999959999999999960e-01 -3.530010000000000092e-01 9.356200000000000072e-01 -2.474000000000000071e-03 -9.356210000000000360e-01 -3.530039999999999845e-01 -1.074000000000000085e-03
2.000000000000000000e+01 6.300000000000000000e+01 5.400000000000000000e+01 0.000000000000000000e+00 1.600000000000000089e+00 1.800000000000000113e-04 4.318999999999999923e-03 9.999909999999999632e-01 -3.486620000000000275e-01 9.372399999999999620e-01 -3.984999999999999827e-03 -9.372489999999999988e-01 -3.486580000000000235e-01 1.675000000000000057e-03
2.400000000000000000e+01 6.300000000000000000e+01 5.400000000000000000e+01 0.000000000000000000e+00 1.600000000000000089e+00 -2.120000000000000031e-04 4.760000000000000234e-04 1.000000000000000000e+00 -3.480630000000000113e-01 9.374710000000000543e-01 -5.199999999999999544e-04 -9.374710000000000543e-01 -3.480630000000000113e-01 -3.300000000000000253e-05
3.000000000000000000e+01 6.300000000000000000e+01 5.400000000000000000e+01 0.000000000000000000e+00 1.600000000000000089e+00 -1.317999999999999944e-03 -2.730999999999999921e-03 9.999949999999999672e-01 -3.475389999999999868e-01 9.376630000000000242e-01 2.102999999999999835e-03 -9.376649999999999707e-01 -3.475340000000000096e-01 -2.184999999999999876e-03
8.000000000000000000e+00 2.500000000000000000e+01 5.500000000000000000e+01 0.000000000000000000e+00 1.600000000000000089e+00 -3.559999999999999797e-04 -6.229999999999999644e-04 -1.000000000000000000e+00 -1.115700000000000025e-02 -9.999379999999999935e-01 6.269999999999999532e-04 -9.999379999999999935e-01 1.115799999999999952e-02 3.490000000000000263e-04
1.200000000000000000e+01 2.500000000000000000e+01 5.500000000000000000e+01 0.000000000000000000e+00 1.600000000000000089e+00 4.199999999999999768e-05 -4.699999999999999724e-05 -1.000000000000000000e+00 -1.032100000000000031e-02 -9.999470000000000303e-01 4.699999999999999724e-05 -9.999470000000000303e-01 1.032100000000000031e-02 -4.300000000000000165e-05
1.500000000000000000e+01 2.500000000000000000e+01 5.500000000000000000e+01 0.000000000000000000e+00 1.600000000000000089e+00 -7.499999999999999343e-05 -1.781999999999999947e-03 -9.999980000000000535e-01 -1.025099999999999970e-02 -9.999460000000000015e-01 1.783000000000000080e-03 -9.999470000000000303e-01 1.025099999999999970e-02 5.700000000000000314e-05
2.300000000000000000e+01 2.500000000000000000e+01 5.500000000000000000e+01 0.000000000000000000e+00 1.600000000000000089e+00 4.459999999999999989e-04 -1.569999999999999944e-04 -1.000000000000000000e+00 -1.076300000000000000e-02 -9.999419999999999975e-01 1.520000000000000084e-04 -9.999419999999999975e-01 1.076200000000000073e-02 -4.470000000000000232e-04
2.900000000000000000e+01 2.500000000000000000e+01 5.500000000000000000e+01 0.000000000000000000e+00 1.600000000000000089e+00 -2.669999999999999847e-04 -2.638000000000000154e-03 -9.999959999999999960e-01 -1.190800000000000018e-02 -9.999259999999999815e-01 2.641000000000000118e-03 -9.999289999999999567e-01 1.190800000000000018e-02 2.349999999999999930e-04
1.300000000000000000e+01 6.800000000000000000e+01 5.700000000000000000e+01 0.000000000000000000e+00 1.600000000000000089e+00 1.319999999999999993e-03 2.733999999999999885e-03 -9.999949999999999672e-01 -2.458950000000000025e-01 -9.692920000000000424e-01 -2.975000000000000214e-03 -9.692960000000000464e-01 2.458980000000000055e-01 -6.070000000000000092e-04
4.000000000000000000e+00 2.100000000000000000e+01 6.000000000000000000e+01 0.000000000000000000e+00 1.600000000000000089e+00 -4.180000000000000230e-04 -1.199000000000000066e-02 9.999280000000000390e-01 -9.264999999999999625e-02 9.956279999999999575e-01 1.190000000000000085e-02 -9.956990000000000007e-01 -9.263799999999999812e-02 -1.526999999999999929e-03
7.000000000000000000e+00 2.100000000000000000e+01 6.000000000000000000e+01 0.000000000000000000e+00 1.600000000000000089e+00 -1.716999999999999993e-03 2.118000000000000091e-03 9.999959999999999960e-01 -9.392699999999999660e-02 9.955770000000000453e-01 -2.269999999999999882e-03 -9.955779999999999630e-01 -9.392999999999999960e-02 -1.510000000000000057e-03
1.500000000000000000e+01 2.100000000000000000e+01 6.000000000000000000e+01 0.000000000000000000e+00 1.600000000000000089e+00 -9.799999999999999684e-05 8.403000000000000747e-03 9.999649999999999928e-01 -9.549599999999999755e-02 9.953950000000000298e-01 -8.373999999999999500e-03 -9.954300000000000370e-01 -9.549399999999999555e-02 7.050000000000000060e-04
1.900000000000000000e+01 2.100000000000000000e+01 6.000000000000000000e+01 0.000000000000000000e+00 1.600000000000000089e+00 -8.159999999999999936e-04 2.359999999999999902e-04 1.000000000000000000e+00 -9.449699999999999767e-02 9.955249999999999932e-01 -3.119999999999999944e-04 -9.955249999999999932e-01 -9.449799999999999867e-02 -7.900000000000000121e-04
2.800000000000000000e+01 2.100000000000000000e+01 6.000000000000000000e+01 0.000000000000000000e+00 1.600000000000000089e+00 1.340000000000000045e-04 -2.559999999999999884e-04 1.000000000000000000e+00 -9.616199999999999748e-02 9.953659999999999730e-01 2.680000000000000090e-04 -9.953659999999999730e-01 -9.616199999999999748e-02 1.079999999999999960e-04
2.800000000000000000e+01 6.000000000000000000e+00 6.100000000000000000e+01 0.000000000000000000e+00 1.600000000000000089e+00 4.799999999999999580e-03 1.809000000000000061e-03 9.999869999999999592e-01 5.775599999999999623e-01 -8.163470000000000448e-01 -1.294999999999999927e-03 8.163340000000000041e-01 5.775590000000000446e-01 -4.963000000000000397e-03
1.900000000000000000e+01 3.000000000000000000e+00 6.300000000000000000e+01 0.000000000000000000e+00 1.600000000000000089e+00 -6.229999999999999644e-04 -3.359999999999999814e-04 1.000000000000000000e+00 -6.142320000000000002e-01 7.891249999999999654e-01 -1.169999999999999979e-04 -7.891249999999999654e-01 -6.142320000000000002e-01 -6.980000000000000527e-04
2.400000000000000000e+01 3.000000000000000000e+00 6.300000000000000000e+01 0.000000000000000000e+00 1.600000000000000089e+00 -9.659999999999999533e-04 1.221000000000000080e-03 9.999989999999999712e-01 -6.155570000000000208e-01 7.880909999999999860e-01 -1.557000000000000007e-03 -7.880920000000000147e-01 -6.155580000000000496e-01 -1.000000000000000082e-05
6.000000000000000000e+00 2.700000000000000000e+01 6.300000000000000000e+01 0.000000000000000000e+00 1.600000000000000089e+00 -2.301999999999999793e-03 -1.040699999999999958e-02 9.999430000000000263e-01 -2.776830000000000132e-01 9.606270000000000087e-01 9.357999999999999999e-03 -9.606700000000000239e-01 -2.776449999999999751e-01 -5.100999999999999632e-03
9.000000000000000000e+00 2.700000000000000000e+01 6.300000000000000000e+01 0.000000000000000000e+00 1.600000000000000089e+00 -1.020999999999999989e-03 -4.903000000000000240e-03 9.999869999999999592e-01 -2.770710000000000117e-01 9.608389999999999986e-01 4.427999999999999645e-03 -9.608489999999999531e-01 -2.770630000000000037e-01 -2.340000000000000066e-03
