2.000000000000000000e+00 1.500000000000000000e+01 4.000000000000000000e+00 0.000000000000000000e+00 1.600000000000000089e+00 -3.255000000000000081e-03 7.071000000000000028e-03 9.999700000000000255e-01 2.899490000000000123e-01 -9.570109999999999451e-01 7.710999999999999972e-03 9.570370000000000266e-01 2.899649999999999728e-01 1.064999999999999974e-03
4.000000000000000000e+00 1.600000000000000000e+01 4.000000000000000000e+00 0.000000000000000000e+00 1.600000000000000089e+00 -3.742999999999999799e-03 1.450800000000000006e-02 9.998879999999999990e-01 3.514979999999999771e-01 -9.360699999999999577e-01 1.489799999999999978e-02 9.361810000000000409e-01 3.515150000000000219e-01 -1.595999999999999979e-03
1.200000000000000000e+01 1.600000000000000000e+01 4.000000000000000000e+00 0.000000000000000000e+00 1.600000000000000089e+00 -3.383999999999999855e-03 2.837599999999999845e-02 9.995920000000000361e-01 3.390070000000000028e-01 -9.403719999999999857e-01 2.784299999999999969e-02 9.407780000000000031e-01 3.389619999999999855e-01 -6.437000000000000013e-03
1.500000000000000000e+01 1.600000000000000000e+01 4.000000000000000000e+00 0.000000000000000000e+00 1.600000000000000089e+00 -1.449999999999999900e-03 3.093500000000000069e-02 9.995199999999999640e-01 3.373860000000000192e-01 -9.409009999999999874e-01 2.961000000000000090e-02 9.413650000000000073e-01 3.372669999999999835e-01 -9.072999999999999468e-03
1.900000000000000000e+01 1.600000000000000000e+01 4.000000000000000000e+00 0.000000000000000000e+00 1.600000000000000089e+00 -2.769999999999999893e-03 2.637099999999999861e-02 9.996479999999999810e-01 3.349989999999999912e-01 -9.418659999999999810e-01 2.577499999999999930e-02 9.422150000000000247e-01 3.349520000000000275e-01 -6.224999999999999631e-03
2.600000000000000000e+01 1.600000000000000000e+01 4.000000000000000000e+00 0.000000000000000000e+00 1.600000000000000089e+00 -1.799000000000000035e-03 1.204000000000000035e-02 9.999259999999999815e-01 3.246530000000000249e-01 -9.457569999999999588e-01 1.197200000000000000e-02 9.458309999999999773e-01 3.246510000000000229e-01 -2.207000000000000194e-03
8.000000000000000000e+00 1.010000000000000000e+02 7.000000000000000000e+00 0.000000000000000000e+00 1.600000000000000089e+00 2.298999999999999828e-03 6.532899999999999818e-02 9.978609999999999980e-01 8.879219999999999891e-01 4.588740000000000041e-01 -3.208699999999999747e-02 -4.599889999999999812e-01 8.860959999999999948e-01 -5.695200000000000262e-02
1.500000000000000000e+01 1.010000000000000000e+02 7.000000000000000000e+00 0.000000000000000000e+00 1.600000000000000089e+00 1.640000000000000019e-04 1.829400000000000123e-02 9.998329999999999718e-01 8.874279999999999946e-01 4.608670000000000266e-01 -8.578000000000000555e-03 -4.609469999999999956e-01 8.872809999999999864e-01 -1.615899999999999975e-02
3.000000000000000000e+01 1.010000000000000000e+02 7.000000000000000000e+00 0.000000000000000000e+00 1.600000000000000089e+00 4.490000000000000067e-03 1.271000000000000081e-02 9.999090000000000478e-01 8.891499999999999959e-01 4.575110000000000010e-01 -9.808000000000000745e-03 -4.575940000000000007e-01 8.891130000000000422e-01 -9.247000000000000011e-03
1.000000000000000000e+00 1.500000000000000000e+01 8.000000000000000000e+00 0.000000000000000000e+00 1.600000000000000089e+00 6.993000000000000084e-03 7.402999999999999858e-03 -9.999479999999999480e-01 -5.814820000000000544e-01 -8.134970000000000256e-01 -1.008900000000000075e-02 -8.135289999999999466e-01 5.815219999999999834e-01 -1.384000000000000031e-03
5.000000000000000000e+00 1.500000000000000000e+01 8.000000000000000000e+00 0.000000000000000000e+00 1.600000000000000089e+00 9.436999999999999209e-03 1.683600000000000027e-02 -9.998139999999999805e-01 -5.798140000000000516e-01 -8.145229999999999970e-01 -1.918800000000000019e-02 -8.146940000000000293e-01 5.798870000000000413e-01 2.075000000000000022e-03
7.000000000000000000e+00 1.500000000000000000e+01 8.000000000000000000e+00 0.000000000000000000e+00 1.600000000000000089e+00 1.086100000000000086e-02 1.892299999999999885e-02 -9.997620000000000395e-01 -5.786270000000000024e-01 -8.153029999999999999e-01 -2.171800000000000119e-02 -8.155200000000000227e-01 5.787250000000000449e-01 2.093999999999999941e-03
1.400000000000000000e+01 1.500000000000000000e+01 8.000000000000000000e+00 0.000000000000000000e+00 1.600000000000000089e+00 9.931000000000000591e-03 2.637799999999999867e-02 -9.996030000000000193e-01 -5.736329999999999485e-01 -8.186569999999999681e-01 -2.730199999999999988e-02 -8.190520000000000023e-01 5.736759999999999637e-01 7.001000000000000278e-03
1.900000000000000000e+01 1.500000000000000000e+01 8.000000000000000000e+00 0.000000000000000000e+00 1.600000000000000089e+00 1.056900000000000027e-02 2.616399999999999976e-02 -9.996019999999999905e-01 -5.711850000000000538e-01 -8.203599999999999781e-01 -2.751200000000000173e-02 -8.207529999999999548e-01 5.712490000000000068e-01 6.274000000000000063e-03
2.400000000000000000e+01 1.500000000000000000e+01 8.000000000000000000e+00 0.000000000000000000e+00 1.600000000000000089e+00 6.402999999999999838e-03 1.715399999999999911e-02 -9.998320000000000540e-01 -5.677360000000000184e-01 -8.230189999999999451e-01 -1.775600000000000095e-02 -8.231859999999999733e-01 5.677550000000000097e-01 4.468999999999999882e-03
1.000000000000000000e+00 2.600000000000000000e+01 8.000000000000000000e+00 0.000000000000000000e+00 1.600000000000000089e+00 -8.486999999999999753e-03 -1.158600000000000081e-02 -9.998970000000000358e-01 4.046850000000000169e-01 9.143489999999999673e-01 -1.402899999999999980e-02 9.144170000000000353e-01 -4.047620000000000107e-01 -3.072000000000000078e-03
8.000000000000000000e+00 2.600000000000000000e+01 8.000000000000000000e+00 0.000000000000000000e+00 1.600000000000000089e+00 -6.562000000000000124e-03 -1.522899999999999948e-02 -9.998620000000000285e-01 4.110179999999999945e-01 9.114759999999999529e-01 -1.658099999999999852e-02 9.116039999999999699e-01 -4.110699999999999910e-01 2.790000000000000054e-04
1.300000000000000000e+01 2.600000000000000000e+01 8.000000000000000000e+00 0.000000000000000000e+00 1.600000000000000089e+00 -7.773000000000000395e-03 -2.994700000000000140e-02 -9.995209999999999928e-01 4.156690000000000107e-01 9.090049999999999519e-01 -3.046799999999999856e-02 9.094830000000000414e-01 -4.157069999999999932e-01 5.381999999999999632e-03
2.200000000000000000e+01 2.600000000000000000e+01 8.000000000000000000e+00 0.000000000000000000e+00 1.600000000000000089e+00 -6.244000000000000418e-03 -1.135300000000000024e-02 -9.999160000000000270e-01 4.226739999999999942e-01 9.061890000000000223e-01 -1.292800000000000026e-02 9.062599999999999545e-01 -4.227199999999999847e-01 -8.589999999999999546e-04
2.600000000000000000e+01 2.600000000000000000e+01 8.000000000000000000e+00 0.000000000000000000e+00 1.600000000000000089e+00 -5.157000000000000126e-03 -1.035699999999999989e-02 -9.999329999999999607e-01 4.233500000000000041e-01 9.058920000000000305e-01 -1.156599999999999989e-02 9.059509999999999508e-01 -4.233819999999999806e-01 -2.869999999999999830e-04
2.400000000000000000e+01 1.400000000000000000e+01 9.000000000000000000e+00 0.000000000000000000e+00 1.600000000000000089e+00 6.582000000000000177e-03 1.944699999999999901e-02 -9.997890000000000388e-01 -5.613390000000000324e-01 -8.273490000000000011e-01 -1.978900000000000103e-02 -8.275599999999999623e-01 5.613510000000000444e-01 5.471000000000000169e-03
1.000000000000000000e+00 2.400000000000000000e+01 9.000000000000000000e+00 0.000000000000000000e+00 1.600000000000000089e+00 -8.805999999999999592e-03 -1.545400000000000072e-02 -9.998420000000000085e-01 4.616730000000000000e-01 8.868719999999999937e-01 -1.777400000000000160e-02 8.870059999999999611e-01 -4.617569999999999730e-01 -6.759999999999999516e-04
6.000000000000000000e+00 2.400000000000000000e+01 9.000000000000000000e+00 0.000000000000000000e+00 1.600000000000000089e+00 -7.702999999999999778e-03 -1.387799999999999971e-02 -9.998740000000000405e-01 4.640329999999999733e-01 8.856760000000000188e-01 -1.586800000000000016e-02 8.857840000000000158e-01 -4.640969999999999818e-01 -3.820000000000000153e-04
1.200000000000000000e+01 2.400000000000000000e+01 9.000000000000000000e+00 0.000000000000000000e+00 1.600000000000000089e+00 -8.361000000000000376e-03 -3.056000000000000036e-02 -9.994979999999999976e-01 4.695730000000000182e-01 8.823530000000000539e-01 -3.090599999999999944e-02 8.828540000000000276e-01 -4.695960000000000134e-01 6.973000000000000032e-03
1.800000000000000000e+01 2.400000000000000000e+01 9.000000000000000000e+00 0.000000000000000000e+00 1.600000000000000089e+00 -9.332999999999999283e-03 -2.466300000000000089e-02 -9.996519999999999850e-01 4.762859999999999872e-01 8.789019999999999611e-01 -2.613000000000000045e-02 8.792410000000000503e-01 -4.763649999999999829e-01 3.543999999999999841e-03
2.000000000000000000e+00 4.000000000000000000e+00 1.100000000000000000e+01 0.000000000000000000e+00 1.600000000000000089e+00 5.730000000000000501e-04 6.263999999999999603e-03 -9.999799999999999800e-01 1.901799999999999879e-01 9.817289999999999628e-01 6.258999999999999807e-03 9.817489999999999828e-01 -1.901799999999999879e-01 -6.290000000000000018e-04
6.000000000000000000e+00 4.000000000000000000e+00 1.100000000000000000e+01 0.000000000000000000e+00 1.600000000000000089e+00 2.199000000000000000e-03 2.279300000000000076e-02 -9.997380000000000155e-01 1.795249999999999901e-01 9.834889999999999466e-01 2.281700000000000048e-02 9.837510000000000421e-01 -1.795279999999999931e-01 -1.930000000000000075e-03
2.000000000000000000e+00 1.040000000000000000e+02 1.100000000000000000e+01 0.000000000000000000e+00 1.600000000000000089e+00 9.341999999999999610e-03 1.043499999999999983e-02 9.999019999999999575e-01 -9.747710000000000541e-01 -2.229140000000000010e-01 1.143300000000000045e-02 2.230109999999999870e-01 -9.747820000000000373e-01 8.089000000000000704e-03
7.000000000000000000e+00 1.040000000000000000e+02 1.100000000000000000e+01 0.000000000000000000e+00 1.600000000000000089e+00 9.317000000000000628e-03 1.008500000000000021e-02 9.999059999999999615e-01 -9.737120000000000219e-01 -2.275000000000000078e-01 1.136799999999999963e-02 2.275929999999999898e-01 -9.737259999999999804e-01 7.701000000000000380e-03
1.000000000000000000e+00 3.100000000000000000e+01 1.200000000000000000e+01 0.000000000000000000e+00 1.600000000000000089e+00 3.461000000000000101e-03 -2.435000000000000098e-03 9.999909999999999632e-01 -2.474000000000000157e-02 9.996909999999999963e-01 2.520000000000000104e-03 -9.996880000000000210e-01 -2.474799999999999917e-02 3.399999999999999811e-03
5.000000000000000000e+00 3.100000000000000000e+01 1.200000000000000000e+01 0.000000000000000000e+00 1.600000000000000089e+00 2.648000000000000180e-03 3.982000000000000296e-03 9.999879999999999880e-01 -2.334100000000000064e-02 9.997200000000000530e-01 -3.918999999999999741e-03 -9.997239999999999460e-01 -2.333000000000000004e-02 2.740999999999999947e-03
1.500000000000000000e+01 3.100000000000000000e+01 1.200000000000000000e+01 0.000000000000000000e+00 1.600000000000000089e+00 -1.111999999999999924e-03 -6.492999999999999640e-03 9.999780000000000335e-01 -2.345399999999999915e-02 9.997040000000000370e-01 6.465000000000000260e-03 -9.997239999999999460e-01 -2.344699999999999909e-02 -1.263999999999999933e-03
5.000000000000000000e+00 3.500000000000000000e+01 1.200000000000000000e+01 0.000000000000000000e+00 1.600000000000000089e+00 3.467000000000000030e-03 2.550000000000000183e-03 -9.999909999999999632e-01 4.890399999999999747e-01 -8.722609999999999530e-01 -5.289999999999999564e-04 -8.722550000000000026e-01 -4.890329999999999955e-01 -4.270999999999999623e-03
8.000000000000000000e+00 3.500000000000000000e+01 1.200000000000000000e+01 0.000000000000000000e+00 1.600000000000000089e+00 2.392000000000000029e-03 -1.116000000000000021e-03 -9.999970000000000248e-01 4.992030000000000078e-01 -8.664819999999999744e-01 2.161000000000000160e-03 -8.664819999999999744e-01 -4.992070000000000118e-01 -1.515999999999999986e-03
1.200000000000000000e+01 3.500000000000000000e+01 1.200000000000000000e+01 0.000000000000000000e+00 1.600000000000000089e+00 -2.171000000000000187e-03 -2.259999999999999856e-03 -9.999949999999999672e-01 4.935390000000000055e-01 -8.697230000000000238e-01 8.940000000000000464e-04 -8.697209999999999663e-01 -4.935350000000000015e-01 3.003000000000000027e-03
1.700000000000000000e+01 3.500000000000000000e+01 1.200000000000000000e+01 0.000000000000000000e+00 1.600000000000000089e+00 -2.432000000000000134e-03 -2.611000000000000040e-03 -9.999940000000000495e-01 4.829709999999999837e-01 -8.756359999999999699e-01 1.111000000000000008e-03 -8.756329999999999947e-01 -4.829649999999999777e-01 3.390999999999999917e-03
2.600000000000000000e+01 3.500000000000000000e+01 1.200000000000000000e+01 0.000000000000000000e+00 1.600000000000000089e+00 2.952000000000000197e-03 5.550000000000000462e-04 -9.999949999999999672e-01 4.631049999999999889e-01 -8.863029999999999520e-01 8.750000000000000182e-04 -8.862980000000000302e-01 -4.631060000000000176e-01 -2.873000000000000120e-03
1.100000000000000000e+01 3.000000000000000000e+00 1.300000000000000000e+01 0.000000000000000000e+00 1.600000000000000089e+00 2.436999999999999930e-03 4.561599999999999683e-02 9.989559999999999551e-01 -1.947099999999999873e-02 9.987719999999999931e-01 -4.556000000000000327e-02 -9.998070000000000013e-01 -1.933999999999999955e-02 3.321999999999999866e-03
3.000000000000000000e+00 3.200000000000000000e+01 1.400000000000000000e+01 0.000000000000000000e+00 1.600000000000000089e+00 -1.384999999999999946e-03 1.580000000000000024e-03 -9.999980000000000535e-01 1.131879999999999969e-01 9.935730000000000395e-01 1.412999999999999977e-03 9.935730000000000395e-01 -1.131859999999999949e-01 -1.554999999999999959e-03
9.000000000000000000e+00 3.200000000000000000e+01 1.400000000000000000e+01 0.000000000000000000e+00 1.600000000000000089e+00 6.170000000000000354e-04 4.527999999999999907e-03 -9.999900000000000455e-01 1.119939999999999963e-01 9.936979999999999702e-01 4.569000000000000145e-03 9.937089999999999534e-01 -1.119949999999999973e-01 1.060000000000000016e-04
9.000000000000000000e+00 1.200000000000000000e+01 1.500000000000000000e+01 0.000000000000000000e+00 1.600000000000000089e+00 8.410000000000000808e-03 1.721599999999999867e-02 -9.998160000000000380e-01 -4.691640000000000255e-01 -8.829029999999999934e-01 -1.914899999999999936e-02 -8.830710000000000504e-01 4.692390000000000172e-01 6.520000000000000188e-04
1.500000000000000000e+01 1.200000000000000000e+01 1.500000000000000000e+01 0.000000000000000000e+00 1.600000000000000089e+00 7.337999999999999905e-03 1.682700000000000168e-02 -9.998310000000000253e-01 -4.693620000000000014e-01 -8.828160000000000451e-01 -1.830299999999999983e-02 -8.829749999999999543e-01 4.694169999999999732e-01 1.420000000000000038e-03
1.900000000000000000e+01 1.200000000000000000e+01 1.500000000000000000e+01 0.000000000000000000e+00 1.600000000000000089e+00 7.492999999999999661e-03 1.383500000000000008e-02 -9.998759999999999870e-01 -4.686270000000000158e-01 -8.832560000000000411e-01 -1.573300000000000046e-02 -8.833640000000000381e-01 4.686870000000000203e-01 -1.350000000000000017e-04
4.000000000000000000e+00 1.100000000000000000e+01 1.600000000000000000e+01 0.000000000000000000e+00 1.600000000000000089e+00 4.359000000000000027e-03 3.550000000000000204e-03 -9.999839999999999840e-01 -4.199260000000000215e-01 -9.075440000000000174e-01 -5.053000000000000200e-03 -9.075480000000000214e-01 4.199410000000000087e-01 -2.465000000000000177e-03
6.000000000000000000e+00 1.160000000000000000e+02 1.600000000000000000e+01 0.000000000000000000e+00 1.600000000000000089e+00 6.003999999999999788e-03 4.739000000000000157e-03 9.999710000000000543e-01 7.289949999999999486e-01 6.844770000000000021e-01 -7.621000000000000170e-03 -6.844930000000000181e-01 7.290189999999999726e-01 6.549999999999999833e-04
2.900000000000000000e+01 1.160000000000000000e+02 1.600000000000000000e+01 0.000000000000000000e+00 1.600000000000000089e+00 -1.310000000000000129e-04 -7.150000000000000322e-04 1.000000000000000000e+00 6.826910000000000478e-01 7.307069999999999954e-01 6.109999999999999980e-04 -7.307069999999999954e-01 6.826910000000000478e-01 3.919999999999999873e-04
5.000000000000000000e+00 2.000000000000000000e+00 1.900000000000000000e+01 0.000000000000000000e+00 1.600000000000000089e+00 -6.030000000000000204e-04 -7.922000000000000222e-03 -9.999679999999999680e-01 1.850880000000000025e-01 -9.826920000000000099e-01 7.673000000000000133e-03 -9.827219999999999844e-01 -1.850779999999999925e-01 2.059000000000000066e-03
1.500000000000000000e+01 2.000000000000000000e+00 1.900000000000000000e+01 0.000000000000000000e+00 1.600000000000000089e+00 1.062999999999999926e-03 1.899599999999999900e-02 -9.998190000000000133e-01 1.617329999999999879e-01 -9.866599999999999815e-01 -1.857400000000000023e-02 -9.868339999999999890e-01 -1.616839999999999944e-01 -4.120999999999999663e-03
2.200000000000000000e+01 2.000000000000000000e+00 1.900000000000000000e+01 0.000000000000000000e+00 1.600000000000000089e+00 2.880000000000000181e-03 2.207000000000000194e-03 -9.999930000000000208e-01 1.397690000000000043e-01 -9.901830000000000354e-01 -1.783000000000000080e-03 -9.901799999999999491e-01 -1.397629999999999983e-01 -3.160000000000000048e-03
9.000000000000000000e+00 1.300000000000000000e+01 2.000000000000000000e+01 0.000000000000000000e+00 1.600000000000000089e+00 -2.344000000000000163e-03 -8.269000000000000308e-03 9.999630000000000463e-01 2.541829999999999923e-01 9.671180000000000332e-01 8.592999999999999944e-03 -9.671530000000000404e-01 2.541939999999999755e-01 -1.649999999999999991e-04
1.300000000000000000e+01 1.300000000000000000e+01 2.000000000000000000e+01 0.000000000000000000e+00 1.600000000000000089e+00 -2.384999999999999967e-03 -9.093999999999999653e-03 9.999559999999999560e-01 2.545640000000000125e-01 9.670100000000000362e-01 9.402000000000000635e-03 -9.670530000000000515e-01 2.545749999999999957e-01 9.000000000000000228e-06
1.600000000000000000e+01 1.300000000000000000e+01 2.000000000000000000e+01 0.000000000000000000e+00 1.600000000000000089e+00 -1.376000000000000053e-03 -8.236000000000000265e-03 9.999649999999999928e-01 2.547240000000000060e-01 9.669780000000000042e-01 8.314999999999999475e-03 -9.670130000000000114e-01 2.547260000000000080e-01 7.680000000000000195e-04
2.100000000000000000e+01 1.300000000000000000e+01 2.000000000000000000e+01 0.000000000000000000e+00 1.600000000000000089e+00 1.699999999999999905e-03 1.649999999999999991e-04 9.999989999999999712e-01 2.521720000000000073e-01 9.676820000000000421e-01 -5.890000000000000053e-04 -9.676810000000000134e-01 2.521729999999999805e-01 1.603000000000000041e-03
2.600000000000000000e+01 1.300000000000000000e+01 2.000000000000000000e+01 0.000000000000000000e+00 1.600000000000000089e+00 2.445999999999999824e-03 4.845999999999999613e-03 9.999850000000000128e-01 2.490529999999999966e-01 9.684749999999999748e-01 -5.303000000000000422e-03 -9.684869999999999868e-01 2.490620000000000056e-01 1.162000000000000055e-03
1.200000000000000000e+01 1.600000000000000000e+01 2.100000000000000000e+01 0.000000000000000000e+00 1.600000000000000089e+00 -2.802999999999999936e-03 -8.099000000000000296e-03 9.999630000000000463e-01 3.014660000000000117e-01 9.534380000000000077e-01 8.566999999999999962e-03 -9.534730000000000150e-01 3.014789999999999970e-01 -2.310000000000000042e-04
1.800000000000000000e+01 1.600000000000000000e+01 2.100000000000000000e+01 0.000000000000000000e+00 1.600000000000000089e+00 -6.610000000000000207e-04 -4.269000000000000225e-03 9.999909999999999632e-01 3.026429999999999954e-01 9.530939999999999968e-01 4.269000000000000225e-03 -9.531039999999999512e-01 3.026429999999999954e-01 6.620000000000000450e-04
2.200000000000000000e+01 1.600000000000000000e+01 2.100000000000000000e+01 0.000000000000000000e+00 1.600000000000000089e+00 2.206000000000000062e-03 8.815999999999999184e-03 9.999590000000000423e-01 3.025829999999999909e-01 9.530800000000000383e-01 -9.069999999999999937e-03 -9.531209999999999960e-01 3.025900000000000256e-01 -5.649999999999999641e-04
6.000000000000000000e+00 3.000000000000000000e+00 2.500000000000000000e+01 0.000000000000000000e+00 1.600000000000000089e+00 1.430000000000000064e-04 4.793000000000000385e-03 9.999879999999999880e-01 2.048499999999999974e-02 -9.997789999999999733e-01 4.789999999999999987e-03 9.997899999999999565e-01 2.048399999999999874e-02 -2.410000000000000033e-04
1.100000000000000000e+01 4.600000000000000000e+01 2.700000000000000000e+01 0.000000000000000000e+00 1.600000000000000089e+00 -7.649999999999999465e-04 -2.689999999999999791e-04 -1.000000000000000000e+00 6.697800000000000420e-01 7.425589999999999691e-01 -7.119999999999999593e-04 7.425589999999999691e-01 -6.697809999999999597e-01 -3.879999999999999985e-04
1.900000000000000000e+01 4.600000000000000000e+01 2.700000000000000000e+01 0.000000000000000000e+00 1.600000000000000089e+00 -2.703000000000000107e-03 -1.420000000000000038e-03 -9.999949999999999672e-01 6.670009999999999550e-01 7.450510000000000188e-01 -2.860999999999999828e-03 7.450520000000000476e-01 -6.670059999999999878e-01 -1.067000000000000023e-03
2.500000000000000000e+01 4.600000000000000000e+01 2.700000000000000000e+01 0.000000000000000000e+00 1.600000000000000089e+00 -3.269999999999999795e-04 5.029999999999999749e-04 -1.000000000000000000e+00 6.622630000000000461e-01 7.492720000000000491e-01 1.600000000000000131e-04 7.492720000000000491e-01 -6.622620000000000173e-01 -5.779999999999999548e-04
1.800000000000000000e+01 4.600000000000000000e+01 3.000000000000000000e+01 0.000000000000000000e+00 1.600000000000000089e+00 -1.569999999999999998e-03 -2.469999999999999973e-03 -9.999959999999999960e-01 3.280100000000000238e-01 9.446700000000000097e-01 -2.848999999999999970e-03 9.446729999999999849e-01 -3.280139999999999723e-01 -6.729999999999999871e-04
2.100000000000000000e+01 4.600000000000000000e+01 3.000000000000000000e+01 0.000000000000000000e+00 1.600000000000000089e+00 -2.886000000000000110e-03 -1.603999999999999957e-03 -9.999949999999999672e-01 3.265919999999999934e-01 9.451619999999999466e-01 -2.458000000000000115e-03 9.451610000000000289e-01 -3.265970000000000262e-01 -2.203999999999999796e-03
8.000000000000000000e+00 5.800000000000000000e+01 3.100000000000000000e+01 0.000000000000000000e+00 1.600000000000000089e+00 1.523000000000000048e-03 6.046000000000000159e-03 9.999810000000000088e-01 -7.673069999999999613e-01 -6.412609999999999699e-01 5.046000000000000138e-03 6.412790000000000434e-01 -7.672989999999999533e-01 3.663000000000000023e-03
1.600000000000000000e+01 5.800000000000000000e+01 3.100000000000000000e+01 0.000000000000000000e+00 1.600000000000000089e+00 7.604999999999999781e-03 -2.100000000000000087e-04 9.999710000000000543e-01 -7.612590000000000190e-01 -6.484229999999999716e-01 5.653000000000000039e-03 6.484029999999999516e-01 -7.612799999999999567e-01 -5.091000000000000039e-03
2.000000000000000000e+01 5.800000000000000000e+01 3.100000000000000000e+01 0.000000000000000000e+00 1.600000000000000089e+00 4.250000000000000305e-03 9.043000000000000690e-03 9.999500000000000055e-01 -7.580480000000000551e-01 -6.521350000000000202e-01 9.119999999999999635e-03 6.521850000000000147e-01 -7.580489999999999728e-01 4.082999999999999824e-03
2.500000000000000000e+01 5.800000000000000000e+01 3.100000000000000000e+01 0.000000000000000000e+00 1.600000000000000089e+00 -5.046000000000000138e-03 -4.086000000000000222e-03 9.999789999999999512e-01 -7.614229999999999610e-01 -6.482229999999999936e-01 -6.491000000000000242e-03 6.482350000000000056e-01 -7.614400000000000057e-01 1.600000000000000131e-04
2.800000000000000000e+01 5.800000000000000000e+01 3.100000000000000000e+01 0.000000000000000000e+00 1.600000000000000089e+00 -5.751000000000000036e-03 -4.022999999999999667e-03 9.999749999999999472e-01 -7.628770000000000273e-01 -6.465060000000000251e-01 -6.988000000000000288e-03 6.465180000000000371e-01 -7.628989999999999938e-01 6.489999999999999459e-04
2.000000000000000000e+00 6.000000000000000000e+00 3.200000000000000000e+01 0.000000000000000000e+00 1.600000000000000089e+00 -7.193999999999999874e-03 -8.545999999999999777e-03 -9.999379999999999935e-01 1.760770000000000113e-01 9.843290000000000095e-01 -9.679000000000000103e-03 9.843499999999999472e-01 -1.761350000000000138e-01 -5.577000000000000360e-03
1.900000000000000000e+01 6.000000000000000000e+00 3.200000000000000000e+01 0.000000000000000000e+00 1.600000000000000089e+00 3.383000000000000156e-03 -1.549000000000000030e-03 -9.999930000000000208e-01 2.068450000000000011e-01 9.783730000000000482e-01 -8.149999999999999693e-04 9.783680000000000154e-01 -2.068409999999999971e-01 3.631000000000000113e-03
2.800000000000000000e+01 6.000000000000000000e+00 3.200000000000000000e+01 0.000000000000000000e+00 1.600000000000000089e+00 -2.811000000000000131e-03 2.175999999999999983e-03 -9.999940000000000495e-01 2.152100000000000124e-01 9.765669999999999629e-01 1.520000000000000084e-03 9.765639999999999876e-01 -2.152050000000000074e-01 -3.213999999999999843e-03
2.000000000000000000e+00 4.600000000000000000e+01 3.500000000000000000e+01 0.000000000000000000e+00 1.600000000000000089e+00 2.272000000000000148e-03 -4.650000000000000270e-04 -9.999970000000000248e-01 3.862619999999999942e-01 -9.223879999999999857e-01 1.307000000000000002e-03 -9.223860000000000392e-01 -3.862639999999999962e-01 -1.915999999999999951e-03
6.000000000000000000e+00 4.600000000000000000e+01 3.500000000000000000e+01 0.000000000000000000e+00 1.600000000000000089e+00 -9.499999999999999981e-04 1.539999999999999919e-03 -9.999980000000000535e-01 3.861299999999999732e-01 -9.224430000000000129e-01 -1.788000000000000093e-03 -9.224440000000000417e-01 -3.861310000000000020e-01 2.820000000000000241e-04
1.400000000000000000e+01 4.600000000000000000e+01 3.500000000000000000e+01 0.000000000000000000e+00 1.600000000000000089e+00 -8.149999999999999693e-04 4.151000000000000176e-03 -9.999909999999999632e-01 3.848539999999999739e-01 -9.229680000000000106e-01 -4.145000000000000247e-03 -9.229770000000000474e-01 -3.848539999999999739e-01 -8.459999999999999638e-04
2.200000000000000000e+01 4.600000000000000000e+01 3.500000000000000000e+01 0.000000000000000000e+00 1.600000000000000089e+00 2.017999999999999829e-03 -1.129000000000000012e-03 -9.999970000000000248e-01 3.865049999999999875e-01 -9.222860000000000502e-01 1.822000000000000052e-03 -9.222850000000000215e-01 -3.865069999999999895e-01 -1.425000000000000051e-03
2.600000000000000000e+01 4.600000000000000000e+01 3.500000000000000000e+01 0.000000000000000000e+00 1.600000000000000089e+00 1.376000000000000053e-03 -5.385000000000000030e-03 -9.999850000000000128e-01 3.850939999999999919e-01 -9.228610000000000424e-01 5.499999999999999681e-03 -9.228760000000000296e-01 -3.850959999999999939e-01 8.040000000000000271e-04
2.000000000000000000e+00 9.500000000000000000e+01 3.600000000000000000e+01 0.000000000000000000e+00 1.600000000000000089e+00 -1.456099999999999929e-02 -7.136199999999999488e-02 9.973440000000000083e-01 9.980419999999999847e-01 5.964099999999999957e-02 1.883900000000000158e-02 -6.082699999999999912e-02 9.956660000000000510e-01 7.035399999999999987e-02
7.000000000000000000e+00 9.500000000000000000e+01 3.600000000000000000e+01 0.000000000000000000e+00 1.600000000000000089e+00 -4.030999999999999861e-03 -6.780999999999999701e-03 9.999689999999999968e-01 9.984699999999999687e-01 5.512000000000000233e-02 4.399000000000000132e-03 -5.514800000000000257e-02 9.984570000000000389e-01 6.549000000000000134e-03
1.100000000000000000e+01 9.500000000000000000e+01 3.600000000000000000e+01 0.000000000000000000e+00 1.600000000000000089e+00 2.076999999999999853e-03 9.057800000000000573e-02 9.958869999999999667e-01 9.978470000000000395e-01 6.509299999999999808e-02 -8.002000000000000432e-03 -6.554999999999999716e-02 9.937599999999999767e-01 -9.024799999999999489e-02
1.500000000000000000e+01 9.500000000000000000e+01 3.600000000000000000e+01 0.000000000000000000e+00 1.600000000000000089e+00 3.996000000000000420e-03 8.733000000000000485e-02 9.961710000000000287e-01 9.970029999999999726e-01 7.661999999999999367e-02 -1.071599999999999983e-02 -7.726299999999999835e-02 9.932279999999999998e-01 -8.676200000000000578e-02
2.000000000000000000e+01 9.500000000000000000e+01 3.600000000000000000e+01 0.000000000000000000e+00 1.600000000000000089e+00 2.008999999999999935e-03 2.973900000000000154e-02 9.995560000000000000e-01 9.970290000000000541e-01 7.691099999999999326e-02 -4.291999999999999808e-03 -7.700500000000000400e-02 9.965939999999999799e-01 -2.949600000000000138e-02
2.600000000000000000e+01 9.500000000000000000e+01 3.600000000000000000e+01 0.000000000000000000e+00 1.600000000000000089e+00 2.853000000000000067e-03 -2.243099999999999955e-02 9.997439999999999660e-01 9.965009999999999701e-01 8.357499999999999651e-02 -9.680000000000000019e-04 -8.353199999999999514e-02 9.962490000000000512e-01 2.258999999999999897e-02
8.000000000000000000e+00 3.000000000000000000e+00 4.300000000000000000e+01 0.000000000000000000e+00 1.600000000000000089e+00 3.112000000000000183e-03 -3.235000000000000028e-03 -9.999900000000000455e-01 7.417240000000000499e-01 -6.706900000000000084e-01 4.478000000000000209e-03 -6.706980000000000164e-01 -7.417310000000000292e-01 3.119999999999999944e-04
1.300000000000000000e+01 3.000000000000000000e+00 4.300000000000000000e+01 0.000000000000000000e+00 1.600000000000000089e+00 -6.049999999999999606e-04 -2.701699999999999935e-02 -9.996350000000000513e-01 7.393999999999999462e-01 -6.730319999999999636e-01 1.774299999999999836e-02 -6.732660000000000311e-01 -7.391199999999999992e-01 2.038299999999999834e-02
2.400000000000000000e+01 3.000000000000000000e+00 4.300000000000000000e+01 0.000000000000000000e+00 1.600000000000000089e+00 7.735999999999999821e-03 3.659199999999999953e-02 -9.992999999999999661e-01 7.425939999999999763e-01 -6.694790000000000463e-01 -1.876500000000000043e-02 -6.696969999999999867e-01 -7.419289999999999496e-01 -3.235199999999999881e-02
2.800000000000000000e+01 3.000000000000000000e+00 4.300000000000000000e+01 0.000000000000000000e+00 1.600000000000000089e+00 1.072299999999999989e-02 3.878999999999999809e-02 -9.991900000000000226e-01 7.411389999999999922e-01 -6.711080000000000378e-01 -1.810000000000000150e-02 -6.712660000000000293e-01 -7.403440000000000021e-01 -3.594499999999999779e-02
7.000000000000000000e+00 8.000000000000000000e+00 4.400000000000000000e+01 0.000000000000000000e+00 1.600000000000000089e+00 -1.105000000000000079e-03 -4.577999999999999604e-03 9.999890000000000168e-01 -7.685400000000000009e-01 -6.397909999999999986e-01 -3.778000000000000108e-03 6.398009999999999531e-01 -7.685359999999999969e-01 -2.811999999999999830e-03
1.700000000000000000e+01 8.000000000000000000e+00 4.400000000000000000e+01 0.000000000000000000e+00 1.600000000000000089e+00 -1.712999999999999896e-03 -1.763999999999999943e-03 9.999970000000000248e-01 -7.647059999999999969e-01 -6.443740000000000023e-01 -2.446999999999999956e-03 6.443769999999999776e-01 -7.647080000000000544e-01 -2.449999999999999921e-04
2.300000000000000000e+01 8.000000000000000000e+00 4.400000000000000000e+01 0.000000000000000000e+00 1.600000000000000089e+00 9.699999999999999963e-05 7.455999999999999954e-03 9.999719999999999720e-01 -7.705899999999999972e-01 -6.373130000000000184e-01 4.826999999999999694e-03 6.373309999999999809e-01 -7.705689999999999484e-01 5.682999999999999684e-03
2.900000000000000000e+01 8.000000000000000000e+00 4.400000000000000000e+01 0.000000000000000000e+00 1.600000000000000089e+00 4.968000000000000194e-03 1.551800000000000054e-02 9.998669999999999503e-01 -7.695999999999999508e-01 -6.383780000000000010e-01 1.373199999999999942e-02 6.385070000000000467e-01 -7.695659999999999723e-01 8.770999999999999283e-03
3.000000000000000000e+00 2.900000000000000000e+01 4.400000000000000000e+01 0.000000000000000000e+00 1.600000000000000089e+00 7.759999999999999971e-04 1.794999999999999938e-03 -9.999980000000000535e-01 6.565849999999999742e-01 7.542499999999999760e-01 1.863999999999999988e-03 7.542520000000000335e-01 -6.565849999999999742e-01 -5.929999999999999941e-04
7.000000000000000000e+00 2.900000000000000000e+01 4.400000000000000000e+01 0.000000000000000000e+00 1.600000000000000089e+00 -2.488000000000000194e-03 -3.882000000000000034e-03 -9.999890000000000168e-01 6.587279999999999802e-01 7.523670000000000080e-01 -4.558999999999999685e-03 7.523769999999999625e-01 -6.587319999999999842e-01 6.849999999999999535e-04
1.400000000000000000e+01 2.900000000000000000e+01 4.400000000000000000e+01 0.000000000000000000e+00 1.600000000000000089e+00 6.279999999999999775e-04 1.874000000000000015e-03 -9.999980000000000535e-01 6.706879999999999509e-01 7.417380000000000084e-01 1.810999999999999893e-03 7.417399999999999549e-01 -6.706870000000000331e-01 -7.910000000000000364e-04
1.800000000000000000e+01 2.900000000000000000e+01 4.400000000000000000e+01 0.000000000000000000e+00 1.600000000000000089e+00 1.366000000000000027e-03 2.550999999999999882e-03 -9.999959999999999960e-01 6.783639999999999670e-01 7.347209999999999575e-01 2.801000000000000104e-03 7.347249999999999615e-01 -6.783649999999999958e-01 -7.269999999999999987e-04
2.300000000000000000e+01 2.900000000000000000e+01 4.400000000000000000e+01 0.000000000000000000e+00 1.600000000000000089e+00 1.392000000000000008e-03 -2.285999999999999838e-03 -9.999959999999999960e-01 6.831990000000000007e-01 7.302319999999999922e-01 -7.179999999999999967e-04 7.302309999999999635e-01 -6.831960000000000255e-01 2.577999999999999996e-03
1.000000000000000000e+01 5.400000000000000000e+01 4.600000000000000000e+01 0.000000000000000000e+00 1.600000000000000089e+00 -9.120000000000000502e-04 -2.674000000000000161e-03 9.999959999999999960e-01 3.034149999999999903e-01 -9.528560000000000363e-01 -2.271000000000000015e-03 9.528579999999999828e-01 3.034120000000000150e-01 1.680000000000000070e-03
1.600000000000000000e+01 6.500000000000000000e+01 4.600000000000000000e+01 0.000000000000000000e+00 1.600000000000000089e+00 3.212000000000000011e-03 -2.693000000000000081e-03 9.999909999999999632e-01 6.826630000000000198e-01 -7.307209999999999539e-01 -4.160999999999999768e-03 7.307259999999999867e-01 6.826710000000000278e-01 -5.090000000000000123e-04
2.500000000000000000e+01 6.500000000000000000e+01 4.600000000000000000e+01 0.000000000000000000e+00 1.600000000000000089e+00 1.869000000000000002e-03 -2.110000000000000059e-04 9.999980000000000535e-01 6.805029999999999690e-01 -7.327439999999999509e-01 -1.425999999999999967e-03 7.327420000000000044e-01 6.805050000000000265e-01 -1.224999999999999960e-03
1.300000000000000000e+01 7.000000000000000000e+01 4.700000000000000000e+01 0.000000000000000000e+00 1.600000000000000089e+00 -3.840000000000000097e-04 2.077999999999999986e-03 -9.999980000000000535e-01 -8.388809999999999878e-01 -5.443149999999999933e-01 -8.090000000000000403e-04 -5.443149999999999933e-01 8.388790000000000413e-01 1.951999999999999959e-03
1.600000000000000000e+01 7.000000000000000000e+01 4.700000000000000000e+01 0.000000000000000000e+00 1.600000000000000089e+00 -2.273999999999999980e-03 -2.024000000000000191e-03 -9.999949999999999672e-01 -8.409839999999999538e-01 -5.410509999999999486e-01 3.007000000000000124e-03 -5.410549999999999526e-01 8.409870000000000401e-01 -4.719999999999999803e-04
2.100000000000000000e+01 1.150000000000000000e+02 5.100000000000000000e+01 0.000000000000000000e+00 1.600000000000000089e+00 -2.396000000000000126e-03 -6.479000000000000384e-03 9.999759999999999760e-01 8.420760000000000467e-01 -5.393580000000000041e-01 -1.477000000000000014e-03 5.393540000000000001e-01 8.420520000000000227e-01 6.747999999999999658e-03
1.100000000000000000e+01 7.000000000000000000e+00 5.200000000000000000e+01 0.000000000000000000e+00 1.600000000000000089e+00 -1.248400000000000030e-02 -7.618999999999999904e-03 -9.998930000000000318e-01 1.131510000000000016e-01 -9.935589999999999700e-01 6.158000000000000279e-03 -9.934990000000000210e-01 -1.130619999999999958e-01 1.326500000000000075e-02
7.000000000000000000e+00 1.500000000000000000e+01 5.300000000000000000e+01 0.000000000000000000e+00 1.600000000000000089e+00 -4.099999999999999912e-04 6.260000000000000373e-04 -1.000000000000000000e+00 6.800049999999999706e-01 7.332079999999999709e-01 1.800000000000000113e-04 7.332079999999999709e-01 -6.800049999999999706e-01 -7.269999999999999987e-04
5.000000000000000000e+00 6.300000000000000000e+01 5.400000000000000000e+01 0.000000000000000000e+00 1.600000000000000089e+00 2.132000000000000214e-03 3.092999999999999829e-03 9.999930000000000208e-01 -3.515050000000000119e-01 9.361829999999999874e-01 -2.145999999999999904e-03 -9.361829999999999874e-01 -3.514979999999999771e-01 3.082999999999999803e-03
1.100000000000000000e+01 6.300000000000000000e+01 5.400000000000000000e+01 0.000000000000000000e+00 1.600000000000000089e+00 -9.380000000000000317e-04 -8.790000000000000070e-04 9.999989999999999712e-01 -3.559649999999999759e-01 9.344989999999999686e-01 4.879999999999999898e-04 -9.344989999999999686e-01 -3.559640000000000026e-01 -1.188999999999999953e-03
1.700000000000000000e+01 6.300000000000000000e+01 5.400000000000000000e+01 0.000000000000000000e+00 1.600000000000000089e+00 -1.959999999999999937e-04 -3.570000000000000040e-04 1.000000000000000000e+00 -3.540360000000000174e-01 9.352319999999999522e-01 2.640000000000000202e-04 -9.352319999999999522e-01 -3.540360000000000174e-01 -3.099999999999999999e-04
2.200000000000000000e+01 6.300000000000000000e+01 5.400000000000000000e+01 0.000000000000000000e+00 1.600000000000000089e+00 -1.559999999999999972e-04 2.013000000000000032e-03 9.999980000000000535e-01 -3.543479999999999963e-01 9.351120000000000543e-01 -1.938000000000000052e-03 -9.351140000000000008e-01 -3.543479999999999963e-01 5.680000000000000370e-04
2.900000000000000000e+01 6.300000000000000000e+01 5.400000000000000000e+01 0.000000000000000000e+00 1.600000000000000089e+00 -1.500000000000000038e-05 1.105999999999999995e-03 9.999989999999999712e-01 -3.499809999999999865e-01 9.367560000000000331e-01 -1.041000000000000042e-03 -9.367569999999999508e-01 -3.499809999999999865e-01 3.730000000000000134e-04
3.000000000000000000e+00 2.500000000000000000e+01 5.500000000000000000e+01 0.000000000000000000e+00 1.600000000000000089e+00 -3.399999999999999973e-05 5.292999999999999962e-03 -9.999860000000000415e-01 -1.364699999999999941e-02 -9.998930000000000318e-01 -5.291999999999999829e-03 -9.999069999999999903e-01 1.364600000000000014e-02 1.069999999999999988e-04
7.000000000000000000e+00 2.500000000000000000e+01 5.500000000000000000e+01 0.000000000000000000e+00 1.600000000000000089e+00 -1.415000000000000025e-03 3.144999999999999792e-03 -9.999940000000000495e-01 -1.192999999999999963e-02 -9.999240000000000350e-01 -3.128000000000000138e-03 -9.999280000000000390e-01 1.192499999999999984e-02 1.451999999999999949e-03
1.100000000000000000e+01 2.500000000000000000e+01 5.500000000000000000e+01 0.000000000000000000e+00 1.600000000000000089e+00 -2.439000000000000196e-03 2.720000000000000195e-03 -9.999930000000000208e-01 -1.026700000000000008e-02 -9.999440000000000550e-01 -2.694999999999999913e-03 -9.999440000000000550e-01 1.026099999999999929e-02 2.467000000000000009e-03
1.600000000000000000e+01 2.500000000000000000e+01 5.500000000000000000e+01 0.000000000000000000e+00 1.600000000000000089e+00 -6.589999999999999721e-04 -2.709999999999999735e-04 -1.000000000000000000e+00 -1.062899999999999956e-02 -9.999430000000000263e-01 2.779999999999999811e-04 -9.999430000000000263e-01 1.062899999999999956e-02 6.570000000000000319e-04
