2.500000000000000000e+01 3.000000000000000000e+00 4.000000000000000000e+00 0.000000000000000000e+00 1.600000000000000089e+00 -2.015419999999999989e-01 -1.006750000000000006e-01 -9.742920000000000469e-01 -8.801510000000000167e-01 -4.178499999999999992e-01 2.252450000000000008e-01 -4.297849999999999726e-01 9.029209999999999736e-01 -4.394999999999999601e-03
1.200000000000000000e+01 6.000000000000000000e+00 4.000000000000000000e+00 0.000000000000000000e+00 1.600000000000000089e+00 -1.227570000000000050e-01 -9.941500000000000337e-02 -9.874450000000000172e-01 -8.549949999999999495e-01 -4.945910000000000029e-01 1.560860000000000025e-01 -5.038989999999999858e-01 8.634209999999999940e-01 -2.428500000000000103e-02
1.900000000000000000e+01 1.500000000000000000e+01 4.000000000000000000e+00 0.000000000000000000e+00 1.600000000000000089e+00 -4.200000000000000174e-04 -2.429200000000000109e-02 9.997049999999999548e-01 3.162860000000000116e-01 -9.483869999999999800e-01 -2.291199999999999834e-02 9.486639999999999517e-01 3.161829999999999918e-01 8.082000000000000642e-03
2.700000000000000000e+01 1.500000000000000000e+01 4.000000000000000000e+00 0.000000000000000000e+00 1.600000000000000089e+00 1.410000000000000120e-04 -5.244000000000000397e-03 9.999860000000000415e-01 3.122949999999999893e-01 -9.499720000000000386e-01 -5.026000000000000086e-03 9.499849999999999683e-01 3.122920000000000140e-01 1.503999999999999912e-03
2.200000000000000000e+01 1.600000000000000000e+01 4.000000000000000000e+00 0.000000000000000000e+00 1.600000000000000089e+00 -6.689999999999999983e-04 -4.577000000000000339e-03 9.999890000000000168e-01 3.815290000000000070e-01 -9.243479999999999475e-01 -3.976000000000000367e-03 9.243569999999999842e-01 3.815219999999999723e-01 2.364999999999999915e-03
5.000000000000000000e+00 1.300000000000000000e+01 5.000000000000000000e+00 0.000000000000000000e+00 1.600000000000000089e+00 1.886900000000000036e-02 -1.054920000000000024e-01 9.942410000000000414e-01 3.680109999999999770e-01 -9.238730000000000553e-01 -1.050100000000000061e-01 9.296299999999999564e-01 3.678730000000000055e-01 2.138999999999999929e-02
4.000000000000000000e+00 1.000000000000000000e+00 6.000000000000000000e+00 0.000000000000000000e+00 1.600000000000000089e+00 1.962900000000000061e-02 -1.216269999999999990e-01 -9.923819999999999864e-01 -1.726959999999999884e-01 -9.780670000000000197e-01 1.164560000000000040e-01 -9.847799999999999887e-01 1.690939999999999943e-01 -4.020300000000000262e-02
4.000000000000000000e+00 1.010000000000000000e+02 7.000000000000000000e+00 0.000000000000000000e+00 1.600000000000000089e+00 2.105000000000000100e-03 -1.613500000000000004e-02 9.998679999999999790e-01 8.857709999999999750e-01 4.640889999999999738e-01 5.623999999999999659e-03 -4.641179999999999750e-01 8.856420000000000403e-01 1.526899999999999959e-02
1.800000000000000000e+01 1.010000000000000000e+02 7.000000000000000000e+00 0.000000000000000000e+00 1.600000000000000089e+00 -2.631000000000000092e-03 -7.931999999999999815e-03 9.999649999999999928e-01 8.862349999999999950e-01 4.631970000000000254e-01 6.006000000000000054e-03 -4.632290000000000019e-01 8.862200000000000077e-01 5.811000000000000193e-03
2.600000000000000000e+01 1.010000000000000000e+02 7.000000000000000000e+00 0.000000000000000000e+00 1.600000000000000089e+00 3.406000000000000173e-03 1.997000000000000077e-03 9.999919999999999920e-01 8.846530000000000227e-01 4.662330000000000085e-01 -3.943999999999999589e-03 -4.662370000000000125e-01 8.846600000000000019e-01 -1.779999999999999898e-04
2.000000000000000000e+00 2.500000000000000000e+01 8.000000000000000000e+00 0.000000000000000000e+00 1.600000000000000089e+00 2.709999999999999735e-04 8.455000000000000709e-03 -9.999639999999999640e-01 4.394109999999999960e-01 8.982529999999999681e-01 7.714000000000000370e-03 8.982860000000000289e-01 -4.393969999999999820e-01 -3.471999999999999826e-03
8.000000000000000000e+00 2.500000000000000000e+01 8.000000000000000000e+00 0.000000000000000000e+00 1.600000000000000089e+00 1.221000000000000080e-03 4.628000000000000169e-03 -9.999890000000000168e-01 4.393699999999999828e-01 8.982940000000000369e-01 4.693000000000000123e-03 8.983050000000000201e-01 -4.393710000000000115e-01 -9.370000000000000074e-04
1.300000000000000000e+01 2.500000000000000000e+01 8.000000000000000000e+00 0.000000000000000000e+00 1.600000000000000089e+00 6.740000000000000114e-04 -4.422999999999999848e-03 -9.999900000000000455e-01 4.407969999999999944e-01 8.975990000000000357e-01 -3.673000000000000050e-03 8.976060000000000150e-01 -4.407900000000000151e-01 2.553999999999999847e-03
1.900000000000000000e+01 2.500000000000000000e+01 8.000000000000000000e+00 0.000000000000000000e+00 1.600000000000000089e+00 -2.125000000000000153e-03 -1.474999999999999966e-03 -9.999970000000000248e-01 4.406479999999999841e-01 8.976769999999999472e-01 -2.259999999999999856e-03 8.976779999999999760e-01 -4.406510000000000149e-01 -1.258000000000000004e-03
2.600000000000000000e+01 2.500000000000000000e+01 8.000000000000000000e+00 0.000000000000000000e+00 1.600000000000000089e+00 -1.299000000000000024e-03 -6.558999999999999726e-03 -9.999780000000000335e-01 4.435180000000000233e-01 8.962419999999999831e-01 -6.453999999999999668e-03 8.962649999999999784e-01 -4.435160000000000213e-01 1.745000000000000023e-03
3.000000000000000000e+00 2.400000000000000000e+01 9.000000000000000000e+00 0.000000000000000000e+00 1.600000000000000089e+00 7.499999999999999343e-05 8.248000000000000123e-03 -9.999660000000000215e-01 4.457889999999999908e-01 8.951069999999999860e-01 7.416999999999999982e-03 8.951379999999999892e-01 -4.457740000000000036e-01 -3.609999999999999928e-03
9.000000000000000000e+00 2.400000000000000000e+01 9.000000000000000000e+00 0.000000000000000000e+00 1.600000000000000089e+00 9.229999999999999923e-04 3.422000000000000128e-03 -9.999940000000000495e-01 4.460950000000000193e-01 8.949789999999999690e-01 3.474000000000000091e-03 8.949850000000000305e-01 -4.460950000000000193e-01 -7.010000000000000172e-04
1.900000000000000000e+01 2.400000000000000000e+01 9.000000000000000000e+00 0.000000000000000000e+00 1.600000000000000089e+00 -1.497000000000000067e-03 -2.710000000000000169e-03 -9.999949999999999672e-01 4.458969999999999878e-01 8.950789999999999580e-01 -3.093999999999999962e-03 8.950829999999999620e-01 -4.458989999999999898e-01 -1.310000000000000129e-04
2.700000000000000000e+01 2.400000000000000000e+01 9.000000000000000000e+00 0.000000000000000000e+00 1.600000000000000089e+00 -1.413999999999999892e-03 -8.583000000000000351e-03 -9.999620000000000175e-01 4.494600000000000262e-01 8.932620000000000005e-01 -8.302999999999999617e-03 8.932989999999999542e-01 -4.494549999999999934e-01 2.595000000000000084e-03
2.900000000000000000e+01 3.100000000000000000e+01 1.200000000000000000e+01 0.000000000000000000e+00 1.600000000000000089e+00 6.620000000000000450e-04 2.093999999999999941e-03 9.999980000000000535e-01 -5.955000000000000224e-03 9.999799999999999800e-01 -2.089999999999999844e-03 -9.999820000000000375e-01 -5.954000000000000091e-03 6.740000000000000114e-04
5.000000000000000000e+00 3.200000000000000000e+01 1.400000000000000000e+01 0.000000000000000000e+00 1.600000000000000089e+00 -1.227999999999999925e-03 -4.433999999999999574e-03 -9.999890000000000168e-01 1.256929999999999992e-01 9.920590000000000241e-01 -4.552999999999999756e-03 9.920679999999999499e-01 -1.256980000000000042e-01 -6.599999999999999964e-04
1.600000000000000000e+01 3.200000000000000000e+01 1.400000000000000000e+01 0.000000000000000000e+00 1.600000000000000089e+00 -1.090000000000000067e-04 1.889999999999999970e-03 -9.999980000000000535e-01 1.160719999999999946e-01 9.932389999999999830e-01 1.864999999999999904e-03 9.932410000000000405e-01 -1.160709999999999936e-01 -3.280000000000000038e-04
2.000000000000000000e+01 3.200000000000000000e+01 1.400000000000000000e+01 0.000000000000000000e+00 1.600000000000000089e+00 -2.959999999999999849e-04 1.396000000000000105e-03 -9.999989999999999712e-01 1.171699999999999964e-01 9.931109999999999660e-01 1.351999999999999903e-03 9.931119999999999948e-01 -1.171699999999999964e-01 -4.569999999999999952e-04
2.600000000000000000e+01 3.200000000000000000e+01 1.400000000000000000e+01 0.000000000000000000e+00 1.600000000000000089e+00 6.750000000000000357e-04 2.141999999999999807e-03 -9.999970000000000248e-01 1.124529999999999974e-01 9.936549999999999550e-01 2.203999999999999796e-03 9.936570000000000125e-01 -1.124539999999999984e-01 4.299999999999999894e-04
2.000000000000000000e+00 1.200000000000000000e+01 1.500000000000000000e+01 0.000000000000000000e+00 1.600000000000000089e+00 7.865000000000000463e-03 1.028899999999999954e-02 -9.999160000000000270e-01 -4.102759999999999740e-01 -9.118739999999999624e-01 -1.260999999999999968e-02 -9.119270000000000431e-01 4.103410000000000113e-01 -2.951000000000000064e-03
9.000000000000000000e+00 1.200000000000000000e+01 1.500000000000000000e+01 0.000000000000000000e+00 1.600000000000000089e+00 1.866000000000000037e-03 -4.282000000000000216e-03 -9.999890000000000168e-01 -4.336849999999999872e-01 -9.010590000000000543e-01 3.049000000000000061e-03 -9.010629999999999473e-01 4.336749999999999772e-01 -3.539000000000000045e-03
1.300000000000000000e+01 1.200000000000000000e+01 1.500000000000000000e+01 0.000000000000000000e+00 1.600000000000000089e+00 3.665999999999999988e-03 -3.235000000000000028e-03 -9.999879999999999880e-01 -4.461370000000000058e-01 -8.949639999999999818e-01 1.260000000000000052e-03 -8.949570000000000025e-01 4.461269999999999958e-01 -4.725000000000000033e-03
2.300000000000000000e+01 1.200000000000000000e+01 1.500000000000000000e+01 0.000000000000000000e+00 1.600000000000000089e+00 -1.039999999999999936e-04 -2.961000000000000090e-03 -9.999959999999999960e-01 -4.612229999999999941e-01 -8.872799999999999576e-01 2.675999999999999993e-03 -8.872839999999999616e-01 4.612220000000000208e-01 -1.273999999999999959e-03
2.200000000000000000e+01 1.160000000000000000e+02 1.600000000000000000e+01 0.000000000000000000e+00 1.600000000000000089e+00 4.690000000000000158e-04 4.049999999999999781e-04 1.000000000000000000e+00 7.101809999999999512e-01 7.040180000000000327e-01 -6.189999999999999756e-04 -7.040189999999999504e-01 7.101819999999999800e-01 4.199999999999999768e-05
2.600000000000000000e+01 1.160000000000000000e+02 1.600000000000000000e+01 0.000000000000000000e+00 1.600000000000000089e+00 1.126999999999999964e-03 -2.046000000000000076e-03 9.999970000000000248e-01 7.113749999999999796e-01 7.028119999999999923e-01 6.359999999999999551e-04 -7.028119999999999923e-01 7.113720000000000043e-01 2.247999999999999998e-03
1.000000000000000000e+00 2.000000000000000000e+00 1.900000000000000000e+01 0.000000000000000000e+00 1.600000000000000089e+00 -5.246999999999999928e-03 -5.549699999999999772e-02 -9.984450000000000269e-01 3.345099999999999740e-01 -9.410359999999999836e-01 5.054800000000000265e-02 -9.423780000000000490e-01 -3.337249999999999939e-01 2.350199999999999859e-02
6.000000000000000000e+00 2.000000000000000000e+00 1.900000000000000000e+01 0.000000000000000000e+00 1.600000000000000089e+00 -2.849799999999999903e-02 -6.675100000000000477e-02 -9.973629999999999995e-01 3.112900000000000111e-01 -9.487449999999999495e-01 5.460199999999999776e-02 -9.498879999999999546e-01 -3.089129999999999932e-01 4.781599999999999739e-02
9.000000000000000000e+00 2.000000000000000000e+00 1.900000000000000000e+01 0.000000000000000000e+00 1.600000000000000089e+00 -3.800499999999999712e-02 -6.872200000000000530e-02 -9.969120000000000203e-01 2.884869999999999934e-01 -9.559090000000000087e-01 5.489800000000000235e-02 -9.567290000000000516e-01 -2.855099999999999860e-01 5.615499999999999658e-02
1.400000000000000000e+01 2.000000000000000000e+00 1.900000000000000000e+01 0.000000000000000000e+00 1.600000000000000089e+00 -3.869600000000000123e-02 -6.787100000000000077e-02 -9.969430000000000236e-01 2.351850000000000052e-01 -9.702819999999999778e-01 5.692799999999999944e-02 -9.711800000000000432e-01 -2.322629999999999972e-01 5.350800000000000001e-02
1.800000000000000000e+01 2.000000000000000000e+00 1.900000000000000000e+01 0.000000000000000000e+00 1.600000000000000089e+00 -2.624100000000000044e-02 -6.006199999999999734e-02 -9.978500000000000147e-01 2.064090000000000091e-01 -9.770090000000000163e-01 5.337999999999999690e-02 -9.781140000000000390e-01 -2.045649999999999968e-01 3.803499999999999936e-02
2.800000000000000000e+01 2.000000000000000000e+00 1.900000000000000000e+01 0.000000000000000000e+00 1.600000000000000089e+00 1.569699999999999915e-02 -1.421000000000000041e-02 -9.997759999999999980e-01 2.326850000000000029e-01 -9.723950000000000093e-01 1.747399999999999995e-02 -9.724260000000000126e-01 -2.329070000000000029e-01 -1.195700000000000061e-02
5.000000000000000000e+00 3.000000000000000000e+00 1.900000000000000000e+01 0.000000000000000000e+00 1.600000000000000089e+00 -2.866300000000000098e-02 -6.469600000000000350e-02 -9.974929999999999630e-01 3.011440000000000228e-01 -9.520990000000000286e-01 5.309900000000000037e-02 -9.531479999999999952e-01 -2.988669999999999938e-01 4.677300000000000207e-02
3.000000000000000000e+00 1.300000000000000000e+01 2.000000000000000000e+01 0.000000000000000000e+00 1.600000000000000089e+00 2.629999999999999959e-04 -2.357999999999999853e-03 9.999970000000000248e-01 2.645680000000000254e-01 9.643639999999999990e-01 2.203999999999999796e-03 -9.643669999999999742e-01 2.645669999999999966e-01 8.769999999999999584e-04
8.000000000000000000e+00 1.300000000000000000e+01 2.000000000000000000e+01 0.000000000000000000e+00 1.600000000000000089e+00 7.159999999999999481e-04 2.846000000000000005e-03 9.999959999999999960e-01 2.642059999999999964e-01 9.644620000000000415e-01 -2.935000000000000109e-03 -9.644660000000000455e-01 2.642070000000000252e-01 -6.099999999999999872e-05
1.100000000000000000e+01 1.300000000000000000e+01 2.000000000000000000e+01 0.000000000000000000e+00 1.600000000000000089e+00 3.739999999999999835e-04 -4.389999999999999914e-04 1.000000000000000000e+00 2.629830000000000223e-01 9.647999999999999909e-01 3.249999999999999851e-04 -9.647999999999999909e-01 2.629830000000000223e-01 4.760000000000000234e-04
1.500000000000000000e+01 1.300000000000000000e+01 2.000000000000000000e+01 0.000000000000000000e+00 1.600000000000000089e+00 -1.230000000000000082e-04 -4.807999999999999774e-03 9.999879999999999880e-01 2.646899999999999809e-01 9.643220000000000125e-01 4.669000000000000407e-03 -9.643340000000000245e-01 2.646870000000000056e-01 1.154000000000000078e-03
2.000000000000000000e+01 1.300000000000000000e+01 2.000000000000000000e+01 0.000000000000000000e+00 1.600000000000000089e+00 -9.500000000000000523e-05 3.710000000000000190e-04 1.000000000000000000e+00 2.651379999999999848e-01 9.642100000000000115e-01 -3.330000000000000169e-04 -9.642100000000000115e-01 2.651379999999999848e-01 -1.900000000000000105e-04
2.900000000000000000e+01 1.300000000000000000e+01 2.000000000000000000e+01 0.000000000000000000e+00 1.600000000000000089e+00 1.770000000000000089e-03 3.667999999999999820e-03 9.999919999999999920e-01 2.631680000000000130e-01 9.647419999999999884e-01 -4.003999999999999747e-03 -9.647480000000000500e-01 2.631729999999999903e-01 7.429999999999999539e-04
1.200000000000000000e+01 3.000000000000000000e+00 2.500000000000000000e+01 0.000000000000000000e+00 1.600000000000000089e+00 1.484000000000000076e-03 6.930000000000000396e-04 9.999989999999999712e-01 -4.024599999999999705e-02 -9.991889999999999938e-01 7.519999999999999558e-04 9.991889999999999938e-01 -4.024699999999999805e-02 -1.454999999999999913e-03
2.000000000000000000e+01 3.000000000000000000e+00 2.500000000000000000e+01 0.000000000000000000e+00 1.600000000000000089e+00 -2.027000000000000156e-03 -8.236000000000000265e-03 9.999639999999999640e-01 -4.017199999999999938e-02 -9.991579999999999906e-01 -8.311000000000000679e-03 9.991910000000000514e-01 -4.018800000000000150e-02 1.694999999999999892e-03
2.700000000000000000e+01 3.000000000000000000e+00 2.500000000000000000e+01 0.000000000000000000e+00 1.600000000000000089e+00 -3.712000000000000022e-03 -7.804000000000000173e-03 9.999630000000000463e-01 -3.584899999999999892e-02 -9.993260000000000476e-01 -7.931999999999999815e-03 9.993499999999999606e-01 -3.587699999999999917e-02 3.429000000000000190e-03
7.000000000000000000e+00 4.600000000000000000e+01 2.700000000000000000e+01 0.000000000000000000e+00 1.600000000000000089e+00 -5.389999999999999826e-04 2.164999999999999824e-03 -9.999970000000000248e-01 6.779519999999999991e-01 7.351060000000000372e-01 1.226000000000000093e-03 7.351060000000000372e-01 -6.779490000000000238e-01 -1.864999999999999904e-03
1.900000000000000000e+01 4.600000000000000000e+01 2.700000000000000000e+01 0.000000000000000000e+00 1.600000000000000089e+00 -1.987000000000000051e-03 -8.599999999999999789e-04 -9.999980000000000535e-01 6.774550000000000294e-01 7.355610000000000204e-01 -1.978999999999999856e-03 7.355610000000000204e-01 -6.774580000000000046e-01 -8.790000000000000070e-04
2.600000000000000000e+01 4.600000000000000000e+01 2.700000000000000000e+01 0.000000000000000000e+00 1.600000000000000089e+00 -4.360000000000000269e-04 1.459000000000000010e-03 -9.999989999999999712e-01 6.722080000000000277e-01 7.403619999999999646e-01 7.870000000000000476e-04 7.403619999999999646e-01 -6.722069999999999990e-01 -1.302999999999999905e-03
9.000000000000000000e+00 4.600000000000000000e+01 3.000000000000000000e+01 0.000000000000000000e+00 1.600000000000000089e+00 -2.860000000000000129e-04 2.158000000000000196e-03 -9.999980000000000535e-01 3.314190000000000191e-01 9.434820000000000428e-01 1.941000000000000017e-03 9.434829999999999606e-01 -3.314179999999999904e-01 -9.849999999999999815e-04
7.000000000000000000e+00 5.800000000000000000e+01 3.100000000000000000e+01 0.000000000000000000e+00 1.600000000000000089e+00 -2.063000000000000164e-03 -4.824000000000000163e-03 9.999860000000000415e-01 -8.145179999999999643e-01 -5.801209999999999978e-01 -4.479000000000000342e-03 5.801349999999999563e-01 -8.145160000000000178e-01 -2.733000000000000186e-03
1.200000000000000000e+01 5.800000000000000000e+01 3.100000000000000000e+01 0.000000000000000000e+00 1.600000000000000089e+00 2.347999999999999827e-03 1.033000000000000064e-03 9.999970000000000248e-01 -8.149290000000000145e-01 -5.795550000000000423e-01 2.511999999999999910e-03 5.795559999999999601e-01 -8.149319999999999897e-01 -5.190000000000000386e-04
1.600000000000000000e+01 5.800000000000000000e+01 3.100000000000000000e+01 0.000000000000000000e+00 1.600000000000000089e+00 -1.129000000000000012e-03 -3.040000000000000167e-03 9.999949999999999672e-01 -8.153559999999999697e-01 -5.789539999999999687e-01 -2.680999999999999790e-03 5.789590000000000014e-01 -8.153550000000000519e-01 -1.825000000000000016e-03
2.300000000000000000e+01 5.800000000000000000e+01 3.100000000000000000e+01 0.000000000000000000e+00 1.600000000000000089e+00 4.604999999999999719e-03 5.823000000000000051e-03 9.999719999999999720e-01 -8.143049999999999455e-01 -5.803939999999999655e-01 7.130000000000000053e-03 5.804190000000000182e-01 -8.143150000000000110e-01 2.067999999999999960e-03
2.700000000000000000e+01 5.800000000000000000e+01 3.100000000000000000e+01 0.000000000000000000e+00 1.600000000000000089e+00 6.995000000000000349e-03 2.120700000000000016e-02 9.997509999999999453e-01 -8.140150000000000441e-01 -5.805639999999999690e-01 1.801000000000000170e-02 5.808020000000000405e-01 -8.139380000000000503e-01 1.320200000000000019e-02
5.000000000000000000e+00 4.600000000000000000e+01 3.500000000000000000e+01 0.000000000000000000e+00 1.600000000000000089e+00 -7.079999999999999705e-04 -5.829999999999999679e-04 -1.000000000000000000e+00 3.908690000000000220e-01 -9.204459999999999864e-01 2.599999999999999772e-04 -9.204459999999999864e-01 -3.908690000000000220e-01 8.800000000000000313e-04
9.000000000000000000e+00 4.600000000000000000e+01 3.500000000000000000e+01 0.000000000000000000e+00 1.600000000000000089e+00 6.679999999999999740e-04 5.065000000000000058e-03 -9.999869999999999592e-01 3.906789999999999985e-01 -9.205160000000000009e-01 -4.401000000000000398e-03 -9.205269999999999841e-01 -3.906709999999999905e-01 -2.592999999999999819e-03
1.700000000000000000e+01 4.600000000000000000e+01 3.500000000000000000e+01 0.000000000000000000e+00 1.600000000000000089e+00 -1.389999999999999905e-04 -1.820000000000000057e-04 -1.000000000000000000e+00 3.926959999999999895e-01 -9.196680000000000410e-01 1.129999999999999955e-04 -9.196680000000000410e-01 -3.926959999999999895e-01 1.990000000000000124e-04
2.300000000000000000e+01 4.600000000000000000e+01 3.500000000000000000e+01 0.000000000000000000e+00 1.600000000000000089e+00 -1.930000000000000021e-04 3.289999999999999739e-04 -1.000000000000000000e+00 3.926499999999999990e-01 -9.196879999999999500e-01 -3.780000000000000265e-04 -9.196879999999999500e-01 -3.926499999999999990e-01 4.899999999999999842e-05
2.700000000000000000e+01 4.600000000000000000e+01 3.500000000000000000e+01 0.000000000000000000e+00 1.600000000000000089e+00 2.148999999999999869e-03 3.441000000000000048e-03 -9.999919999999999920e-01 3.917840000000000211e-01 -9.200540000000000385e-01 -2.324000000000000111e-03 -9.200549999999999562e-01 -3.917760000000000131e-01 -3.324999999999999831e-03
2.000000000000000000e+00 9.500000000000000000e+01 3.600000000000000000e+01 0.000000000000000000e+00 1.600000000000000089e+00 -4.013000000000000074e-03 -5.144000000000000135e-03 9.999789999999999512e-01 9.965709999999999846e-01 8.261899999999999800e-02 4.423999999999999981e-03 -8.264000000000000512e-02 9.965680000000000094e-01 4.794999999999999783e-03
5.000000000000000000e+00 9.500000000000000000e+01 3.600000000000000000e+01 0.000000000000000000e+00 1.600000000000000089e+00 -6.350000000000000392e-04 -1.074499999999999934e-02 9.999419999999999975e-01 9.966949999999999976e-01 8.122200000000000253e-02 1.505999999999999960e-03 -8.123400000000000065e-02 9.966380000000000239e-01 1.065699999999999981e-02
1.300000000000000000e+01 9.500000000000000000e+01 3.600000000000000000e+01 0.000000000000000000e+00 1.600000000000000089e+00 -3.370000000000000166e-03 -1.960900000000000143e-02 9.998019999999999685e-01 9.967380000000000129e-01 8.055800000000000460e-02 4.938999999999999814e-03 -8.063900000000000234e-02 9.965570000000000261e-01 1.927399999999999947e-02
2.300000000000000000e+01 9.500000000000000000e+01 3.600000000000000000e+01 0.000000000000000000e+00 1.600000000000000089e+00 6.350999999999999875e-03 1.930400000000000171e-02 9.997930000000000428e-01 9.968209999999999571e-01 7.927900000000000225e-02 -7.863000000000000198e-03 -7.941399999999999848e-02 9.966660000000000519e-01 -1.873999999999999971e-02
2.800000000000000000e+01 9.500000000000000000e+01 3.700000000000000000e+01 0.000000000000000000e+00 1.600000000000000089e+00 8.014999999999999555e-03 -6.671999999999999979e-03 9.999460000000000015e-01 9.949019999999999531e-01 1.005800000000000027e-01 -7.302999999999999596e-03 -1.005260000000000042e-01 9.949069999999999858e-01 7.445000000000000229e-03
2.200000000000000000e+01 2.900000000000000000e+01 4.400000000000000000e+01 0.000000000000000000e+00 1.600000000000000089e+00 -3.899000000000000122e-03 -3.317000000000000070e-03 -9.999869999999999592e-01 6.796699999999999964e-01 7.335000000000000409e-01 -5.082999999999999845e-03 7.335070000000000201e-01 -6.796809999999999796e-01 -6.059999999999999849e-04
2.900000000000000000e+01 2.900000000000000000e+01 4.400000000000000000e+01 0.000000000000000000e+00 1.600000000000000089e+00 -3.390000000000000001e-04 -3.828999999999999938e-03 -9.999930000000000208e-01 6.764879999999999782e-01 7.364469999999999628e-01 -3.049000000000000061e-03 7.364530000000000243e-01 -6.764839999999999742e-01 2.341000000000000199e-03
4.000000000000000000e+00 5.400000000000000000e+01 4.600000000000000000e+01 0.000000000000000000e+00 1.600000000000000089e+00 5.739999999999999660e-04 4.747999999999999617e-03 9.999890000000000168e-01 2.916440000000000143e-01 -9.565169999999999506e-01 4.374000000000000284e-03 9.565270000000000161e-01 2.916380000000000083e-01 -1.933000000000000039e-03
7.000000000000000000e+00 5.000000000000000000e+00 5.100000000000000000e+01 0.000000000000000000e+00 1.600000000000000089e+00 1.258000000000000004e-03 2.063000000000000164e-03 -9.999970000000000248e-01 4.906209999999999738e-01 -8.713720000000000354e-01 -1.180000000000000059e-03 -8.713720000000000354e-01 -4.906179999999999986e-01 -2.109000000000000197e-03
2.500000000000000000e+01 5.000000000000000000e+00 5.100000000000000000e+01 0.000000000000000000e+00 1.600000000000000089e+00 7.612999999999999975e-03 3.440000000000000132e-04 -9.999710000000000543e-01 4.825780000000000070e-01 -8.758460000000000134e-01 3.373000000000000130e-03 -8.758200000000000429e-01 -4.825900000000000190e-01 -6.833999999999999797e-03
1.000000000000000000e+00 6.300000000000000000e+01 5.400000000000000000e+01 0.000000000000000000e+00 1.600000000000000089e+00 -1.111000000000000008e-03 -4.022000000000000401e-03 9.999909999999999632e-01 -3.605709999999999749e-01 9.327260000000000550e-01 3.350000000000000113e-03 -9.327309999999999768e-01 -3.605639999999999956e-01 -2.487000000000000061e-03
5.000000000000000000e+00 6.300000000000000000e+01 5.400000000000000000e+01 0.000000000000000000e+00 1.600000000000000089e+00 -1.436999999999999909e-03 -3.579999999999999849e-03 9.999919999999999920e-01 -3.548600000000000088e-01 9.349150000000000515e-01 2.837000000000000112e-03 -9.349180000000000268e-01 -3.548529999999999740e-01 -2.614000000000000004e-03
9.000000000000000000e+00 6.300000000000000000e+01 5.400000000000000000e+01 0.000000000000000000e+00 1.600000000000000089e+00 -1.659999999999999963e-04 -5.640000000000000482e-04 1.000000000000000000e+00 -3.473990000000000133e-01 9.377170000000000227e-01 4.710000000000000102e-04 -9.377170000000000227e-01 -3.473990000000000133e-01 -3.510000000000000208e-04
1.600000000000000000e+01 6.300000000000000000e+01 5.400000000000000000e+01 0.000000000000000000e+00 1.600000000000000089e+00 6.250000000000000130e-04 7.680000000000000195e-04 1.000000000000000000e+00 -3.477450000000000263e-01 9.375890000000000057e-01 -5.029999999999999749e-04 -9.375890000000000057e-01 -3.477450000000000263e-01 8.540000000000000499e-04
2.600000000000000000e+01 6.300000000000000000e+01 5.400000000000000000e+01 0.000000000000000000e+00 1.600000000000000089e+00 1.281999999999999936e-03 5.869999999999999567e-04 9.999989999999999712e-01 -3.410099999999999798e-01 9.400589999999999780e-01 -1.150000000000000035e-04 -9.400589999999999780e-01 -3.410099999999999798e-01 1.404999999999999999e-03
3.000000000000000000e+00 2.500000000000000000e+01 5.500000000000000000e+01 0.000000000000000000e+00 1.600000000000000089e+00 -7.360000000000000006e-04 2.912000000000000092e-03 -9.999949999999999672e-01 -1.351600000000000024e-02 -9.999040000000000150e-01 -2.902000000000000066e-03 -9.999080000000000190e-01 1.351399999999999997e-02 7.759999999999999971e-04
1.100000000000000000e+01 2.500000000000000000e+01 5.500000000000000000e+01 0.000000000000000000e+00 1.600000000000000089e+00 4.350000000000000026e-04 -2.713000000000000134e-03 -9.999959999999999960e-01 -1.400500000000000009e-02 -9.998979999999999535e-01 2.706000000000000072e-03 -9.999019999999999575e-01 1.400400000000000082e-02 -4.730000000000000046e-04
1.500000000000000000e+01 2.500000000000000000e+01 5.500000000000000000e+01 0.000000000000000000e+00 1.600000000000000089e+00 -5.940000000000000184e-04 2.115000000000000126e-03 -9.999980000000000535e-01 -1.271500000000000061e-02 -9.999169999999999447e-01 -2.106999999999999932e-03 -9.999190000000000023e-01 1.271399999999999961e-02 6.210000000000000242e-04
2.200000000000000000e+01 2.500000000000000000e+01 5.500000000000000000e+01 0.000000000000000000e+00 1.600000000000000089e+00 1.550000000000000000e-04 2.093999999999999941e-03 -9.999980000000000535e-01 -1.022900000000000025e-02 -9.999449999999999728e-01 -2.096000000000000207e-03 -9.999479999999999480e-01 1.022900000000000025e-02 -1.340000000000000045e-04
6.000000000000000000e+00 2.100000000000000000e+01 6.000000000000000000e+01 0.000000000000000000e+00 1.600000000000000089e+00 -2.370000000000000145e-03 2.811999999999999830e-03 9.999930000000000208e-01 -9.560000000000000442e-02 9.954150000000000498e-01 -3.026000000000000044e-03 -9.954169999999999963e-01 -9.560599999999999654e-02 -2.090999999999999977e-03
2.900000000000000000e+01 2.100000000000000000e+01 6.000000000000000000e+01 0.000000000000000000e+00 1.600000000000000089e+00 1.624999999999999925e-03 1.260200000000000035e-02 9.999190000000000023e-01 -9.619300000000000073e-02 9.952860000000000040e-01 -1.238700000000000044e-02 -9.953610000000000513e-01 -9.616500000000000048e-02 2.830000000000000050e-03
1.300000000000000000e+01 6.000000000000000000e+00 6.100000000000000000e+01 0.000000000000000000e+00 1.600000000000000089e+00 -6.819999999999999890e-04 1.111999999999999924e-03 9.999989999999999712e-01 5.665810000000000013e-01 -8.240049999999999875e-01 1.302999999999999905e-03 8.240060000000000162e-01 5.665810000000000013e-01 -6.799999999999999946e-05
4.000000000000000000e+00 2.700000000000000000e+01 6.300000000000000000e+01 0.000000000000000000e+00 1.600000000000000089e+00 3.981000000000000164e-03 8.805999999999999592e-03 9.999529999999999808e-01 -2.727519999999999945e-01 9.620560000000000223e-01 -7.387000000000000337e-03 -9.620760000000000423e-01 -2.727100000000000080e-01 6.231999999999999693e-03
1.300000000000000000e+01 2.700000000000000000e+01 6.300000000000000000e+01 0.000000000000000000e+00 1.600000000000000089e+00 -3.625999999999999883e-03 -8.207000000000000753e-03 9.999599999999999600e-01 -2.730210000000000137e-01 9.619830000000000325e-01 6.904999999999999680e-03 -9.620009999999999950e-01 -2.729849999999999777e-01 -5.728999999999999718e-03
2.100000000000000000e+01 2.700000000000000000e+01 6.300000000000000000e+01 0.000000000000000000e+00 1.600000000000000089e+00 3.609999999999999928e-04 -3.435999999999999818e-03 9.999940000000000495e-01 -2.718119999999999981e-01 9.623439999999999772e-01 3.405000000000000041e-03 -9.623500000000000387e-01 -2.718119999999999981e-01 -5.860000000000000408e-04
2.500000000000000000e+01 2.700000000000000000e+01 6.300000000000000000e+01 0.000000000000000000e+00 1.600000000000000089e+00 -1.031999999999999931e-03 7.899999999999999579e-05 9.999989999999999712e-01 -2.742829999999999990e-01 9.616489999999999760e-01 -3.589999999999999984e-04 -9.616489999999999760e-01 -2.742829999999999990e-01 -9.709999999999999664e-04
6.000000000000000000e+00 2.600000000000000000e+01 6.400000000000000000e+01 0.000000000000000000e+00 1.600000000000000089e+00 3.566999999999999858e-03 5.853999999999999829e-03 9.999770000000000048e-01 -3.538990000000000191e-01 9.352740000000000498e-01 -4.212999999999999731e-03 -9.352770000000000250e-01 -3.538749999999999951e-01 5.407999999999999613e-03
1.400000000000000000e+01 2.600000000000000000e+01 6.400000000000000000e+01 0.000000000000000000e+00 1.600000000000000089e+00 -4.274000000000000021e-03 -1.082299999999999929e-02 9.999320000000000430e-01 -3.547810000000000130e-01 9.349100000000000188e-01 8.602999999999999536e-03 -9.349399999999999933e-01 -3.547199999999999798e-01 -7.835999999999999216e-03
2.400000000000000000e+01 2.600000000000000000e+01 6.400000000000000000e+01 0.000000000000000000e+00 1.600000000000000089e+00 -2.930000000000000204e-04 1.023999999999999954e-03 9.999989999999999712e-01 -3.602020000000000222e-01 9.328739999999999810e-01 -1.061000000000000094e-03 -9.328739999999999810e-01 -3.602029999999999954e-01 9.500000000000000523e-05
2.900000000000000000e+01 2.600000000000000000e+01 6.400000000000000000e+01 0.000000000000000000e+00 1.600000000000000089e+00 5.590000000000000351e-04 1.299999999999999920e-05 1.000000000000000000e+00 -3.605260000000000131e-01 9.327490000000000503e-01 1.890000000000000133e-04 -9.327490000000000503e-01 -3.605260000000000131e-01 5.259999999999999919e-04
2.000000000000000000e+00 6.900000000000000000e+01 6.600000000000000000e+01 0.000000000000000000e+00 1.600000000000000089e+00 1.525000000000000097e-03 -4.072000000000000099e-03 9.999909999999999632e-01 -9.472500000000000364e-01 3.204830000000000179e-01 2.749000000000000141e-03 -3.204910000000000259e-01 -9.472450000000000037e-01 -3.369000000000000033e-03
2.800000000000000000e+01 6.900000000000000000e+01 6.600000000000000000e+01 0.000000000000000000e+00 1.600000000000000089e+00 -1.188000000000000037e-03 4.252999999999999836e-03 9.999900000000000455e-01 -9.512479999999999825e-01 3.084189999999999987e-01 -2.442000000000000160e-03 -3.084259999999999780e-01 -9.512410000000000032e-01 3.678999999999999979e-03
1.000000000000000000e+00 2.500000000000000000e+01 7.300000000000000000e+01 0.000000000000000000e+00 1.600000000000000089e+00 -1.479000000000000063e-03 -5.773999999999999619e-03 9.999820000000000375e-01 7.456709999999999727e-01 -6.663090000000000401e-01 -2.743999999999999911e-03 6.663130000000000441e-01 7.456530000000000102e-01 5.290999999999999696e-03
6.000000000000000000e+00 2.500000000000000000e+01 7.300000000000000000e+01 0.000000000000000000e+00 1.600000000000000089e+00 4.100000000000000047e-05 -1.779999999999999898e-03 9.999980000000000535e-01 7.485399999999999832e-01 -6.630890000000000395e-01 -1.211000000000000054e-03 6.630899999999999572e-01 7.485389999999999544e-01 1.304999999999999953e-03
1.100000000000000000e+01 2.500000000000000000e+01 7.300000000000000000e+01 0.000000000000000000e+00 1.600000000000000089e+00 8.710000000000000294e-04 7.572999999999999871e-03 9.999710000000000543e-01 7.533699999999999841e-01 -6.575830000000000286e-01 4.323999999999999719e-03 6.575959999999999583e-01 7.533440000000000136e-01 -6.277999999999999726e-03
2.800000000000000000e+01 2.500000000000000000e+01 7.300000000000000000e+01 0.000000000000000000e+00 1.600000000000000089e+00 -3.144000000000000093e-03 -8.130000000000000074e-03 9.999620000000000175e-01 7.389029999999999765e-01 -6.738039999999999585e-01 -3.154999999999999818e-03 6.738039999999999585e-01 7.388649999999999940e-01 8.125000000000000278e-03
1.000000000000000000e+01 4.400000000000000000e+01 7.300000000000000000e+01 0.000000000000000000e+00 1.600000000000000089e+00 1.042500000000000024e-02 1.431699999999999987e-02 9.998430000000000373e-01 5.200899999999999967e-02 -9.985519999999999952e-01 1.375600000000000087e-02 9.985920000000000352e-01 5.185700000000000032e-02 -1.115400000000000072e-02
1.300000000000000000e+01 4.400000000000000000e+01 7.300000000000000000e+01 0.000000000000000000e+00 1.600000000000000089e+00 2.344000000000000163e-03 3.511999999999999931e-03 9.999909999999999632e-01 5.485899999999999804e-02 -9.984880000000000422e-01 3.377999999999999926e-03 9.984910000000000174e-01 5.485000000000000292e-02 -2.533000000000000095e-03
2.000000000000000000e+01 4.400000000000000000e+01 7.300000000000000000e+01 0.000000000000000000e+00 1.600000000000000089e+00 2.863999999999999792e-03 3.441000000000000048e-03 9.999900000000000455e-01 5.422400000000000136e-02 -9.985230000000000494e-01 3.279999999999999930e-03 9.985249999999999959e-01 5.421499999999999930e-02 -3.046000000000000096e-03
2.300000000000000000e+01 4.400000000000000000e+01 7.300000000000000000e+01 0.000000000000000000e+00 1.600000000000000089e+00 1.672000000000000092e-03 2.494000000000000123e-03 9.999949999999999672e-01 5.442299999999999915e-02 -9.985150000000000414e-01 2.399000000000000091e-03 9.985169999999999879e-01 5.441900000000000209e-02 -1.804999999999999964e-03
2.800000000000000000e+01 4.400000000000000000e+01 7.300000000000000000e+01 0.000000000000000000e+00 1.600000000000000089e+00 1.499999999999999869e-04 3.199999999999999855e-05 1.000000000000000000e+00 5.430100000000000204e-02 -9.985249999999999959e-01 2.400000000000000061e-05 9.985249999999999959e-01 5.430100000000000204e-02 -1.520000000000000084e-04
2.000000000000000000e+01 2.500000000000000000e+01 7.400000000000000000e+01 0.000000000000000000e+00 1.600000000000000089e+00 2.039000000000000014e-03 1.340000000000000045e-04 9.999980000000000535e-01 8.346489999999999743e-01 -5.507800000000000473e-01 -1.628000000000000107e-03 5.507790000000000186e-01 8.346500000000000030e-01 -1.234999999999999987e-03
2.500000000000000000e+01 2.500000000000000000e+01 7.400000000000000000e+01 0.000000000000000000e+00 1.600000000000000089e+00 1.528999999999999977e-03 -5.955000000000000224e-03 9.999810000000000088e-01 8.276400000000000423e-01 -5.612399999999999611e-01 -4.606999999999999984e-03 5.612570000000000059e-01 8.276320000000000343e-01 4.069999999999999833e-03
2.900000000000000000e+01 2.500000000000000000e+01 7.400000000000000000e+01 0.000000000000000000e+00 1.600000000000000089e+00 -3.021999999999999947e-03 -9.438999999999999474e-03 9.999510000000000343e-01 8.242559999999999887e-01 -5.662099999999999911e-01 -2.854000000000000200e-03 5.662089999999999623e-01 8.242070000000000229e-01 9.490999999999999437e-03
1.700000000000000000e+01 5.100000000000000000e+01 7.600000000000000000e+01 0.000000000000000000e+00 1.600000000000000089e+00 1.129999999999999928e-03 -2.000000000000000096e-04 -9.999989999999999712e-01 -3.979900000000000104e-01 -9.173900000000000388e-01 -2.660000000000000146e-04 -9.173890000000000100e-01 3.979900000000000104e-01 -1.116000000000000021e-03
2.300000000000000000e+01 5.100000000000000000e+01 7.600000000000000000e+01 0.000000000000000000e+00 1.600000000000000089e+00 -5.240000000000000517e-04 -1.209999999999999921e-03 -9.999989999999999712e-01 -3.999809999999999754e-01 -9.165229999999999766e-01 1.319000000000000077e-03 -9.165229999999999766e-01 3.999809999999999754e-01 -3.999999999999999819e-06
6.000000000000000000e+00 9.100000000000000000e+01 7.600000000000000000e+01 0.000000000000000000e+00 1.600000000000000089e+00 2.138999999999999842e-03 2.199999999999999943e-05 9.999980000000000535e-01 3.601559999999999762e-01 -9.328920000000000545e-01 -7.500000000000000156e-04 9.328899999999999970e-01 3.601559999999999762e-01 -2.004000000000000139e-03
9.000000000000000000e+00 9.100000000000000000e+01 7.600000000000000000e+01 0.000000000000000000e+00 1.600000000000000089e+00 3.142999999999999960e-03 8.199999999999999824e-04 9.999949999999999672e-01 3.524900000000000255e-01 -9.358159999999999812e-01 -3.400000000000000244e-04 9.358100000000000307e-01 3.524889999999999968e-01 -3.229999999999999798e-03
1.300000000000000000e+01 9.100000000000000000e+01 7.600000000000000000e+01 0.000000000000000000e+00 1.600000000000000089e+00 1.745999999999999939e-03 1.131000000000000061e-03 9.999980000000000535e-01 3.476299999999999946e-01 -9.376320000000000210e-01 4.530000000000000064e-04 9.376299999999999635e-01 3.476290000000000213e-01 -2.030000000000000120e-03
2.400000000000000000e+01 9.100000000000000000e+01 7.600000000000000000e+01 0.000000000000000000e+00 1.600000000000000089e+00 9.790000000000000525e-04 -8.589999999999999546e-04 9.999989999999999712e-01 3.174299999999999899e-01 -9.482810000000000406e-01 -1.124999999999999915e-03 9.482810000000000406e-01 3.174310000000000187e-01 -6.560000000000000076e-04
2.800000000000000000e+01 9.100000000000000000e+01 7.600000000000000000e+01 0.000000000000000000e+00 1.600000000000000089e+00 2.769999999999999893e-03 2.242000000000000069e-03 9.999940000000000495e-01 3.235589999999999855e-01 -9.462070000000000203e-01 1.224999999999999960e-03 9.462040000000000450e-01 3.235529999999999795e-01 -3.346000000000000016e-03
7.000000000000000000e+00 4.400000000000000000e+01 8.300000000000000000e+01 0.000000000000000000e+00 1.600000000000000089e+00 -1.829599999999999976e-02 -3.335899999999999976e-02 9.992760000000000531e-01 5.449800000000000200e-01 -8.382549999999999724e-01 -1.800600000000000117e-02 8.382490000000000219e-01 5.442559999999999620e-01 3.351599999999999718e-02
