1.400000000000000000e+01 2.500000000000000000e+01 1.000000000000000000e+00 0.000000000000000000e+00 1.600000000000000089e+00 3.591000000000000008e-03 3.348999999999999980e-03 -9.999879999999999880e-01 -5.434870000000000534e-01 -8.394040000000000390e-01 -4.762999999999999873e-03 -8.394099999999999895e-01 5.434970000000000079e-01 -1.193999999999999966e-03
1.000000000000000000e+01 1.500000000000000000e+01 4.000000000000000000e+00 0.000000000000000000e+00 1.600000000000000089e+00 -8.700000000000000051e-04 3.599000000000000202e-03 9.999930000000000208e-01 2.862569999999999837e-01 -9.581460000000000532e-01 3.697000000000000199e-03 9.581530000000000324e-01 2.862580000000000124e-01 -1.969999999999999909e-04
2.200000000000000000e+01 1.500000000000000000e+01 4.000000000000000000e+00 0.000000000000000000e+00 1.600000000000000089e+00 2.190000000000000106e-03 4.726000000000000166e-03 9.999860000000000415e-01 2.902250000000000107e-01 -9.569509999999999961e-01 3.886999999999999830e-03 9.569560000000000288e-01 2.902120000000000255e-01 -3.467000000000000030e-03
2.800000000000000000e+01 1.500000000000000000e+01 4.000000000000000000e+00 0.000000000000000000e+00 1.600000000000000089e+00 1.855000000000000095e-03 8.651000000000000703e-03 9.999609999999999888e-01 2.951380000000000114e-01 -9.554230000000000222e-01 7.719000000000000167e-03 9.554529999999999967e-01 2.951119999999999854e-01 -4.324999999999999852e-03
2.000000000000000000e+00 1.600000000000000000e+01 4.000000000000000000e+00 0.000000000000000000e+00 1.600000000000000089e+00 -4.740000000000000289e-03 -5.733000000000000249e-03 9.999719999999999720e-01 3.621699999999999919e-01 -9.321049999999999613e-01 -3.627000000000000016e-03 9.321000000000000396e-01 3.621420000000000194e-01 6.493999999999999773e-03
7.000000000000000000e+00 1.600000000000000000e+01 4.000000000000000000e+00 0.000000000000000000e+00 1.600000000000000089e+00 -5.076999999999999916e-03 -9.300000000000000541e-04 9.999869999999999592e-01 3.552989999999999760e-01 -9.347520000000000273e-01 9.349999999999999587e-04 9.347389999999999866e-01 3.552989999999999760e-01 5.075999999999999783e-03
1.200000000000000000e+01 1.600000000000000000e+01 4.000000000000000000e+00 0.000000000000000000e+00 1.600000000000000089e+00 -4.840000000000000010e-04 5.616000000000000332e-03 9.999839999999999840e-01 3.520690000000000208e-01 -9.359589999999999854e-01 5.427000000000000400e-03 9.359739999999999727e-01 3.520659999999999901e-01 -1.523999999999999964e-03
1.600000000000000000e+01 1.600000000000000000e+01 4.000000000000000000e+00 0.000000000000000000e+00 1.600000000000000089e+00 -8.059999999999999673e-04 4.466000000000000351e-03 9.999900000000000455e-01 3.529519999999999880e-01 -9.356309999999999905e-01 4.462999999999999953e-03 9.356409999999999449e-01 3.529519999999999880e-01 -8.220000000000000310e-04
2.500000000000000000e+01 1.600000000000000000e+01 4.000000000000000000e+00 0.000000000000000000e+00 1.600000000000000089e+00 7.739999999999999485e-04 8.935000000000000234e-03 9.999599999999999600e-01 3.576469999999999927e-01 -9.338220000000000409e-01 8.066999999999999518e-03 9.338570000000000482e-01 3.576259999999999994e-01 -3.918999999999999741e-03
8.000000000000000000e+00 1.010000000000000000e+02 7.000000000000000000e+00 0.000000000000000000e+00 1.600000000000000089e+00 7.550000000000000287e-04 -8.054000000000000395e-03 9.999670000000000503e-01 8.874419999999999531e-01 4.609099999999999864e-01 3.041999999999999999e-03 -4.609199999999999964e-01 8.874100000000000321e-01 7.494999999999999926e-03
1.300000000000000000e+01 1.010000000000000000e+02 7.000000000000000000e+00 0.000000000000000000e+00 1.600000000000000089e+00 -8.069999999999999916e-04 7.237000000000000377e-03 9.999740000000000295e-01 8.881470000000000198e-01 4.595520000000000160e-01 -2.609000000000000208e-03 -4.595580000000000220e-01 8.881219999999999670e-01 -6.798000000000000223e-03
1.800000000000000000e+01 1.010000000000000000e+02 7.000000000000000000e+00 0.000000000000000000e+00 1.600000000000000089e+00 -2.073999999999999889e-03 -5.165999999999999585e-03 9.999850000000000128e-01 8.890519999999999534e-01 4.577869999999999995e-01 4.209000000000000068e-03 -4.578019999999999867e-01 8.890470000000000317e-01 3.642999999999999971e-03
2.300000000000000000e+01 1.010000000000000000e+02 7.000000000000000000e+00 0.000000000000000000e+00 1.600000000000000089e+00 1.301999999999999989e-03 -7.735999999999999821e-03 9.999689999999999968e-01 8.865389999999999660e-01 4.626480000000000037e-01 2.425000000000000072e-03 -4.626520000000000077e-01 8.865079999999999627e-01 7.460999999999999750e-03
4.000000000000000000e+00 1.500000000000000000e+01 8.000000000000000000e+00 0.000000000000000000e+00 1.600000000000000089e+00 2.684999999999999887e-03 -4.272999999999999889e-03 -9.999869999999999592e-01 -5.874080000000000412e-01 -8.092890000000000361e-01 1.881000000000000076e-03 -8.092859999999999498e-01 5.873950000000000005e-01 -4.682999999999999663e-03
1.000000000000000000e+01 1.500000000000000000e+01 8.000000000000000000e+00 0.000000000000000000e+00 1.600000000000000089e+00 2.582999999999999793e-03 7.147999999999999840e-03 -9.999710000000000543e-01 -5.839480000000000226e-01 -8.117579999999999796e-01 -7.310999999999999791e-03 -8.117870000000000363e-01 5.839499999999999691e-01 2.076999999999999853e-03
1.700000000000000000e+01 1.500000000000000000e+01 8.000000000000000000e+00 0.000000000000000000e+00 1.600000000000000089e+00 1.886000000000000090e-03 2.756999999999999902e-03 -9.999940000000000495e-01 -5.842509999999999648e-01 -8.115660000000000096e-01 -3.338999999999999954e-03 -8.115710000000000424e-01 5.842540000000000511e-01 8.000000000000000654e-05
2.000000000000000000e+01 1.500000000000000000e+01 8.000000000000000000e+00 0.000000000000000000e+00 1.600000000000000089e+00 -5.760000000000000146e-04 1.760999999999999979e-03 -9.999980000000000535e-01 -5.849499999999999700e-01 -8.110680000000000112e-01 -1.092000000000000089e-03 -8.110690000000000399e-01 5.849490000000000522e-01 1.497000000000000067e-03
2.500000000000000000e+01 1.500000000000000000e+01 8.000000000000000000e+00 0.000000000000000000e+00 1.600000000000000089e+00 1.647999999999999942e-03 9.244999999999999746e-03 -9.999559999999999560e-01 -5.856689999999999952e-01 -8.105059999999999487e-01 -8.458999999999999506e-03 -8.105489999999999640e-01 5.856569999999999832e-01 4.079000000000000160e-03
1.100000000000000000e+01 2.600000000000000000e+01 8.000000000000000000e+00 0.000000000000000000e+00 1.600000000000000089e+00 -3.833000000000000036e-03 -1.408099999999999977e-02 -9.998930000000000318e-01 4.076159999999999783e-01 9.130399999999999627e-01 -1.442000000000000053e-02 9.131460000000000132e-01 -4.076279999999999903e-01 2.239999999999999804e-03
1.500000000000000000e+01 2.600000000000000000e+01 8.000000000000000000e+00 0.000000000000000000e+00 1.600000000000000089e+00 -2.164000000000000125e-03 -6.991999999999999951e-03 -9.999730000000000008e-01 4.087939999999999907e-01 9.125980000000000203e-01 -7.265999999999999889e-03 9.126239999999999908e-01 -4.087979999999999947e-01 8.829999999999999958e-04
2.100000000000000000e+01 2.600000000000000000e+01 8.000000000000000000e+00 0.000000000000000000e+00 1.600000000000000089e+00 -8.300000000000000086e-04 3.278000000000000098e-03 -9.999940000000000495e-01 4.090550000000000019e-01 9.125060000000000393e-01 2.651999999999999844e-03 9.125090000000000146e-01 -4.090500000000000247e-01 -2.099000000000000171e-03
5.000000000000000000e+00 2.400000000000000000e+01 9.000000000000000000e+00 0.000000000000000000e+00 1.600000000000000089e+00 -2.095000000000000074e-03 -3.285000000000000159e-03 -9.999919999999999920e-01 4.593450000000000033e-01 8.882499999999999840e-01 -3.880000000000000202e-03 8.882560000000000455e-01 -4.593490000000000073e-01 -3.510000000000000208e-04
1.000000000000000000e+01 2.400000000000000000e+01 9.000000000000000000e+00 0.000000000000000000e+00 1.600000000000000089e+00 -4.176000000000000024e-03 -1.633000000000000076e-02 -9.998580000000000245e-01 4.590239999999999876e-01 8.882719999999999505e-01 -1.642400000000000110e-02 8.884140000000000370e-01 -4.590270000000000183e-01 3.787000000000000002e-03
1.700000000000000000e+01 2.400000000000000000e+01 9.000000000000000000e+00 0.000000000000000000e+00 1.600000000000000089e+00 -1.855000000000000095e-03 -2.651000000000000145e-03 -9.999949999999999672e-01 4.619779999999999998e-01 8.868859999999999522e-01 -3.207999999999999914e-03 8.868890000000000384e-01 -4.619820000000000038e-01 -4.200000000000000174e-04
2.600000000000000000e+01 2.400000000000000000e+01 9.000000000000000000e+00 0.000000000000000000e+00 1.600000000000000089e+00 -9.290000000000000297e-04 -1.160000000000000007e-03 -9.999989999999999712e-01 4.627240000000000242e-01 8.865009999999999835e-01 -1.458000000000000095e-03 8.865020000000000122e-01 -4.627240000000000242e-01 -2.860000000000000129e-04
2.800000000000000000e+01 1.020000000000000000e+02 9.000000000000000000e+00 0.000000000000000000e+00 1.600000000000000089e+00 -2.214999999999999955e-03 1.330000000000000019e-03 9.999970000000000248e-01 9.218960000000000488e-01 3.874340000000000006e-01 1.526999999999999929e-03 -3.874299999999999966e-01 9.218969999999999665e-01 -2.083999999999999915e-03
1.400000000000000000e+01 3.100000000000000000e+01 1.200000000000000000e+01 0.000000000000000000e+00 1.600000000000000089e+00 -8.400000000000000348e-04 -1.851999999999999914e-03 9.999980000000000535e-01 -2.348700000000000093e-02 9.997219999999999995e-01 1.832000000000000078e-03 -9.997239999999999460e-01 -2.348599999999999993e-02 -8.829999999999999958e-04
1.900000000000000000e+01 3.500000000000000000e+01 1.200000000000000000e+01 0.000000000000000000e+00 1.600000000000000089e+00 1.299000000000000024e-03 -5.224999999999999610e-03 -9.999850000000000128e-01 4.695489999999999942e-01 -8.828909999999999814e-01 5.224000000000000345e-03 -8.829059999999999686e-01 -4.695489999999999942e-01 1.306000000000000086e-03
2.500000000000000000e+01 3.500000000000000000e+01 1.200000000000000000e+01 0.000000000000000000e+00 1.600000000000000089e+00 1.067999999999999939e-03 -6.629999999999999609e-03 -9.999770000000000048e-01 4.472869999999999902e-01 -8.943670000000000231e-01 6.407999999999999634e-03 -8.943900000000000183e-01 -4.472840000000000149e-01 2.010000000000000068e-03
2.200000000000000000e+01 4.000000000000000000e+00 1.300000000000000000e+01 0.000000000000000000e+00 1.600000000000000089e+00 3.789999999999999966e-04 -2.202270000000000061e-01 9.754490000000000105e-01 -1.021539999999999948e-01 9.703370000000000051e-01 2.191120000000000012e-01 -9.947690000000000143e-01 -9.972899999999999820e-02 -2.212899999999999937e-02
7.000000000000000000e+00 3.200000000000000000e+01 1.400000000000000000e+01 0.000000000000000000e+00 1.600000000000000089e+00 -2.442999999999999859e-03 -4.910000000000000302e-03 -9.999850000000000128e-01 1.120239999999999986e-01 9.936920000000000197e-01 -5.152999999999999595e-03 9.937030000000000030e-01 -1.120349999999999957e-01 -1.877999999999999895e-03
4.000000000000000000e+00 1.200000000000000000e+01 1.500000000000000000e+01 0.000000000000000000e+00 1.600000000000000089e+00 -1.910000000000000077e-04 -3.005999999999999991e-03 -9.999949999999999672e-01 -4.678309999999999969e-01 -8.838139999999999885e-01 2.746999999999999876e-03 -8.838179999999999925e-01 4.678289999999999949e-01 -1.237999999999999951e-03
8.000000000000000000e+00 1.200000000000000000e+01 1.500000000000000000e+01 0.000000000000000000e+00 1.600000000000000089e+00 3.490000000000000263e-04 -1.600000000000000131e-04 -1.000000000000000000e+00 -4.679229999999999778e-01 -8.837690000000000268e-01 -2.199999999999999943e-05 -8.837690000000000268e-01 4.679229999999999778e-01 -3.840000000000000097e-04
1.500000000000000000e+01 1.200000000000000000e+01 1.500000000000000000e+01 0.000000000000000000e+00 1.600000000000000089e+00 2.712000000000000001e-03 -9.060000000000000128e-04 -9.999959999999999960e-01 -4.677020000000000066e-01 -8.838859999999999495e-01 -4.679999999999999915e-04 -8.838819999999999455e-01 4.677009999999999779e-01 -2.821000000000000157e-03
1.800000000000000000e+01 1.200000000000000000e+01 1.500000000000000000e+01 0.000000000000000000e+00 1.600000000000000089e+00 2.475999999999999902e-03 -4.260000000000000006e-04 -9.999970000000000248e-01 -4.680219999999999936e-01 -8.837169999999999748e-01 -7.829999999999999504e-04 -8.837129999999999708e-01 4.680219999999999936e-01 -2.386999999999999799e-03
2.000000000000000000e+01 1.200000000000000000e+01 1.500000000000000000e+01 0.000000000000000000e+00 1.600000000000000089e+00 1.497999999999999983e-03 -4.290000000000000193e-04 -9.999989999999999712e-01 -4.682520000000000016e-01 -8.835950000000000193e-01 -3.220000000000000206e-04 -8.835939999999999905e-01 4.682509999999999728e-01 -1.523999999999999964e-03
2.700000000000000000e+01 1.200000000000000000e+01 1.500000000000000000e+01 0.000000000000000000e+00 1.600000000000000089e+00 7.739999999999999485e-04 3.969999999999999571e-03 -9.999919999999999920e-01 -4.681799999999999851e-01 -8.836249999999999938e-01 -3.870999999999999875e-03 -8.836330000000000018e-01 4.681790000000000118e-01 1.175000000000000046e-03
4.000000000000000000e+00 1.100000000000000000e+01 1.600000000000000000e+01 0.000000000000000000e+00 1.600000000000000089e+00 -6.700000000000000226e-04 -1.083999999999999894e-03 -9.999989999999999712e-01 -4.199990000000000112e-01 -9.075239999999999974e-01 1.265000000000000065e-03 -9.075239999999999974e-01 4.199990000000000112e-01 1.530000000000000056e-04
8.000000000000000000e+00 1.100000000000000000e+01 1.600000000000000000e+01 0.000000000000000000e+00 1.600000000000000089e+00 8.700000000000000051e-05 4.139999999999999800e-04 -1.000000000000000000e+00 -4.202810000000000157e-01 -9.073940000000000339e-01 -4.119999999999999856e-04 -9.073940000000000339e-01 4.202810000000000157e-01 9.500000000000000523e-05
1.100000000000000000e+01 1.100000000000000000e+01 1.600000000000000000e+01 0.000000000000000000e+00 1.600000000000000089e+00 1.642999999999999929e-03 -1.659999999999999963e-04 -9.999989999999999712e-01 -4.194330000000000003e-01 -9.077859999999999818e-01 -5.379999999999999583e-04 -9.077849999999999531e-01 4.194330000000000003e-01 -1.561000000000000104e-03
1.700000000000000000e+01 1.100000000000000000e+01 1.600000000000000000e+01 0.000000000000000000e+00 1.600000000000000089e+00 2.284000000000000006e-03 5.630000000000000239e-04 -9.999970000000000248e-01 -4.203509999999999747e-01 -9.073600000000000554e-01 -1.471000000000000085e-03 -9.073590000000000266e-01 4.203529999999999767e-01 -1.835999999999999958e-03
1.000000000000000000e+00 1.160000000000000000e+02 1.600000000000000000e+01 0.000000000000000000e+00 1.600000000000000089e+00 -5.349999999999999938e-04 -1.159000000000000091e-03 9.999989999999999712e-01 7.036670000000000424e-01 7.105280000000000484e-01 1.199999999999999895e-03 -7.105289999999999662e-01 7.036670000000000424e-01 4.360000000000000269e-04
5.000000000000000000e+00 1.160000000000000000e+02 1.600000000000000000e+01 0.000000000000000000e+00 1.600000000000000089e+00 -1.905999999999999925e-03 -1.978999999999999856e-03 9.999959999999999960e-01 6.994380000000000042e-01 7.146879999999999900e-01 2.746999999999999876e-03 -7.146909999999999652e-01 6.994399999999999507e-01 2.199999999999999943e-05
1.400000000000000000e+01 1.160000000000000000e+02 1.600000000000000000e+01 0.000000000000000000e+00 1.600000000000000089e+00 9.810000000000001011e-04 1.525000000000000097e-03 9.999980000000000535e-01 7.343460000000000543e-01 6.787729999999999597e-01 -1.755999999999999965e-03 -6.787739999999999885e-01 7.343469999999999720e-01 -4.539999999999999765e-04
2.600000000000000000e+01 1.160000000000000000e+02 1.600000000000000000e+01 0.000000000000000000e+00 1.600000000000000089e+00 -3.171000000000000207e-03 -3.762999999999999852e-03 9.999879999999999880e-01 6.960990000000000233e-01 7.179290000000000393e-01 4.909000000000000169e-03 -7.179389999999999938e-01 6.961060000000000025e-01 3.420000000000000188e-04
3.000000000000000000e+00 2.000000000000000000e+00 1.900000000000000000e+01 0.000000000000000000e+00 1.600000000000000089e+00 -2.527000000000000166e-03 6.804000000000000152e-03 -9.999740000000000295e-01 1.781999999999999973e-01 -9.839679999999999538e-01 -7.145000000000000309e-03 -9.839909999999999490e-01 -1.782130000000000103e-01 1.275000000000000092e-03
7.000000000000000000e+00 2.000000000000000000e+00 1.900000000000000000e+01 0.000000000000000000e+00 1.600000000000000089e+00 -2.906999999999999862e-03 4.310999999999999728e-03 -9.999860000000000415e-01 1.734900000000000053e-01 -9.848240000000000327e-01 -4.749999999999999882e-03 -9.848310000000000120e-01 -1.735019999999999896e-01 2.115000000000000126e-03
1.300000000000000000e+01 2.000000000000000000e+00 1.900000000000000000e+01 0.000000000000000000e+00 1.600000000000000089e+00 -1.959999999999999937e-03 9.190000000000000252e-03 -9.999559999999999560e-01 1.750960000000000016e-01 -9.845070000000000210e-01 -9.391000000000000042e-03 -9.845490000000000075e-01 -1.751070000000000126e-01 3.200000000000000262e-04
1.800000000000000000e+01 2.000000000000000000e+00 1.900000000000000000e+01 0.000000000000000000e+00 1.600000000000000089e+00 -8.633999999999999314e-03 2.396600000000000119e-02 -9.996760000000000090e-01 1.850580000000000003e-01 -9.824060000000000015e-01 -2.514999999999999875e-02 -9.826899999999999524e-01 -1.852149999999999908e-01 4.047000000000000250e-03
2.800000000000000000e+01 2.000000000000000000e+00 1.900000000000000000e+01 0.000000000000000000e+00 1.600000000000000089e+00 -9.343999999999999875e-03 1.290099999999999927e-02 -9.998730000000000118e-01 2.090879999999999961e-01 -9.777879999999999905e-01 -1.456999999999999962e-02 -9.778520000000000545e-01 -2.091969999999999941e-01 6.439000000000000279e-03
2.000000000000000000e+00 4.000000000000000000e+00 2.000000000000000000e+01 0.000000000000000000e+00 1.600000000000000089e+00 -1.981000000000000122e-03 4.598999999999999790e-03 -9.999869999999999592e-01 2.699409999999999865e-01 -9.628640000000000532e-01 -4.963000000000000397e-03 -9.628750000000000364e-01 -2.699469999999999925e-01 6.660000000000000338e-04
6.000000000000000000e+00 4.000000000000000000e+00 2.000000000000000000e+01 0.000000000000000000e+00 1.600000000000000089e+00 -2.941000000000000038e-03 4.836000000000000021e-03 -9.999839999999999840e-01 2.605060000000000153e-01 -9.654570000000000096e-01 -5.434999999999999727e-03 -9.654679999999999929e-01 -2.605180000000000273e-01 1.580000000000000024e-03
1.000000000000000000e+01 4.000000000000000000e+00 2.000000000000000000e+01 0.000000000000000000e+00 1.600000000000000089e+00 5.349999999999999938e-04 1.669999999999999935e-04 -1.000000000000000000e+00 2.533929999999999794e-01 -9.673629999999999729e-01 -2.599999999999999840e-05 -9.673629999999999729e-01 -2.533929999999999794e-01 -5.599999999999999509e-04
3.000000000000000000e+00 1.300000000000000000e+01 2.000000000000000000e+01 0.000000000000000000e+00 1.600000000000000089e+00 3.399999999999999973e-05 -1.765000000000000076e-03 9.999980000000000535e-01 2.513730000000000131e-01 9.678889999999999993e-01 1.699999999999999905e-03 -9.678900000000000281e-01 2.513730000000000131e-01 4.769999999999999934e-04
7.000000000000000000e+00 1.300000000000000000e+01 2.000000000000000000e+01 0.000000000000000000e+00 1.600000000000000089e+00 -1.949999999999999965e-04 -1.812999999999999941e-03 9.999980000000000535e-01 2.530140000000000167e-01 9.674610000000000154e-01 1.804000000000000048e-03 -9.674629999999999619e-01 2.530140000000000167e-01 2.709999999999999735e-04
1.100000000000000000e+01 1.300000000000000000e+01 2.000000000000000000e+01 0.000000000000000000e+00 1.600000000000000089e+00 -2.840000000000000185e-04 -3.118999999999999811e-03 9.999949999999999672e-01 2.536849999999999938e-01 9.672819999999999752e-01 3.089000000000000166e-03 -9.672870000000000079e-01 2.536840000000000206e-01 5.159999999999999656e-04
1.700000000000000000e+01 1.300000000000000000e+01 2.000000000000000000e+01 0.000000000000000000e+00 1.600000000000000089e+00 -6.200000000000000270e-05 -6.093999999999999591e-03 9.999810000000000088e-01 2.506419999999999759e-01 9.680619999999999781e-01 5.915000000000000119e-03 -9.680800000000000516e-01 2.506380000000000274e-01 1.466999999999999988e-03
2.300000000000000000e+01 1.300000000000000000e+01 2.000000000000000000e+01 0.000000000000000000e+00 1.600000000000000089e+00 -7.759999999999999971e-04 -5.337999999999999863e-03 9.999850000000000128e-01 2.479840000000000100e-01 9.687489999999999712e-01 5.363999999999999845e-03 -9.687639999999999585e-01 2.479850000000000110e-01 5.720000000000000258e-04
8.000000000000000000e+00 1.600000000000000000e+01 2.100000000000000000e+01 0.000000000000000000e+00 1.600000000000000089e+00 4.310000000000000137e-04 6.549999999999999833e-04 1.000000000000000000e+00 3.003509999999999791e-01 9.538280000000000092e-01 -7.550000000000000287e-04 -9.538290000000000379e-01 3.003520000000000079e-01 2.149999999999999947e-04
1.400000000000000000e+01 1.600000000000000000e+01 2.100000000000000000e+01 0.000000000000000000e+00 1.600000000000000089e+00 -4.800000000000000122e-04 -4.015999999999999605e-03 9.999919999999999920e-01 2.993739999999999735e-01 9.541269999999999474e-01 3.976000000000000367e-03 -9.541359999999999841e-01 2.993739999999999735e-01 7.450000000000000025e-04
1.700000000000000000e+01 1.600000000000000000e+01 2.100000000000000000e+01 0.000000000000000000e+00 1.600000000000000089e+00 -6.139999999999999625e-04 -9.192000000000000517e-03 9.999580000000000135e-01 2.994390000000000107e-01 9.540739999999999776e-01 8.954000000000000153e-03 -9.541150000000000464e-01 2.994310000000000027e-01 2.167000000000000089e-03
2.200000000000000000e+01 1.600000000000000000e+01 2.100000000000000000e+01 0.000000000000000000e+00 1.600000000000000089e+00 -1.306000000000000086e-03 -6.446000000000000341e-03 9.999780000000000335e-01 2.989959999999999840e-01 9.542319999999999691e-01 6.542000000000000072e-03 -9.542530000000000179e-01 2.989979999999999860e-01 6.809999999999999647e-04
2.000000000000000000e+01 5.000000000000000000e+01 2.200000000000000000e+01 0.000000000000000000e+00 1.600000000000000089e+00 -4.000000000000000192e-04 -3.203000000000000118e-03 -9.999949999999999672e-01 -5.800149999999999473e-01 8.146020000000000483e-01 -2.377000000000000206e-03 8.146060000000000523e-01 5.800110000000000543e-01 -2.184000000000000177e-03
2.000000000000000000e+00 3.000000000000000000e+00 2.500000000000000000e+01 0.000000000000000000e+00 1.600000000000000089e+00 2.209000000000000026e-03 1.133900000000000012e-02 9.999329999999999607e-01 -2.078899999999999845e-02 -9.997190000000000243e-01 1.138300000000000076e-02 9.997810000000000308e-01 -2.081300000000000164e-02 -1.971999999999999795e-03
9.000000000000000000e+00 4.600000000000000000e+01 2.700000000000000000e+01 0.000000000000000000e+00 1.600000000000000089e+00 -1.413999999999999892e-03 -2.709999999999999735e-04 -9.999989999999999712e-01 6.632890000000000175e-01 7.483619999999999717e-01 -1.139999999999999954e-03 7.483619999999999717e-01 -6.632900000000000462e-01 -8.779999999999999827e-04
1.500000000000000000e+01 4.600000000000000000e+01 2.700000000000000000e+01 0.000000000000000000e+00 1.600000000000000089e+00 1.464000000000000024e-03 -2.579999999999999828e-04 -9.999989999999999712e-01 6.589159999999999462e-01 7.522159999999999958e-01 7.709999999999999840e-04 7.522149999999999670e-01 -6.589159999999999462e-01 1.270999999999999994e-03
1.900000000000000000e+01 4.600000000000000000e+01 2.700000000000000000e+01 0.000000000000000000e+00 1.600000000000000089e+00 -1.132999999999999893e-03 -1.041999999999999958e-03 -9.999989999999999712e-01 6.617199999999999749e-01 7.497500000000000275e-01 -1.531000000000000026e-03 7.497500000000000275e-01 -6.617210000000000036e-01 -1.589999999999999888e-04
2.600000000000000000e+01 4.600000000000000000e+01 2.700000000000000000e+01 0.000000000000000000e+00 1.600000000000000089e+00 -2.131000000000000082e-03 -9.020000000000000240e-04 -9.999970000000000248e-01 6.578810000000000491e-01 7.531189999999999829e-01 -2.080999999999999951e-03 7.531189999999999829e-01 -6.578840000000000243e-01 -1.010999999999999963e-03
2.000000000000000000e+00 5.800000000000000000e+01 3.100000000000000000e+01 0.000000000000000000e+00 1.600000000000000089e+00 8.231999999999999734e-03 2.501999999999999884e-03 9.999630000000000463e-01 -7.811550000000000438e-01 -6.242860000000000076e-01 7.993000000000000105e-03 6.242830000000000323e-01 -7.811919999999999975e-01 -3.184999999999999897e-03
1.000000000000000000e+01 5.800000000000000000e+01 3.100000000000000000e+01 0.000000000000000000e+00 1.600000000000000089e+00 1.554999999999999959e-03 3.354000000000000210e-03 9.999930000000000208e-01 -7.760629999999999473e-01 -6.306469999999999576e-01 3.321999999999999866e-03 6.306540000000000479e-01 -7.760629999999999473e-01 1.621999999999999961e-03
1.500000000000000000e+01 5.800000000000000000e+01 3.100000000000000000e+01 0.000000000000000000e+00 1.600000000000000089e+00 2.769000000000000194e-03 5.091000000000000039e-03 9.999829999999999552e-01 -7.699850000000000305e-01 -6.380400000000000515e-01 5.380000000000000233e-03 6.380559999999999565e-01 -7.699869999999999770e-01 2.152999999999999966e-03
2.000000000000000000e+01 5.800000000000000000e+01 3.100000000000000000e+01 0.000000000000000000e+00 1.600000000000000089e+00 1.485999999999999908e-03 2.285999999999999838e-03 9.999959999999999960e-01 -7.672900000000000276e-01 -6.412949999999999484e-01 2.605999999999999810e-03 6.412980000000000347e-01 -7.672909999999999453e-01 8.019999999999999785e-04
2.300000000000000000e+01 5.800000000000000000e+01 3.100000000000000000e+01 0.000000000000000000e+00 1.600000000000000089e+00 6.109999999999999980e-04 4.350000000000000026e-04 1.000000000000000000e+00 -7.642419999999999769e-01 -6.449289999999999745e-01 7.479999999999999670e-04 6.449289999999999745e-01 -7.642419999999999769e-01 -6.099999999999999872e-05
3.000000000000000000e+01 5.800000000000000000e+01 3.100000000000000000e+01 0.000000000000000000e+00 1.600000000000000089e+00 -9.145999999999999616e-03 -3.886999999999999830e-03 9.999510000000000343e-01 -7.599590000000000511e-01 -6.499019999999999797e-01 -9.476999999999999313e-03 6.499070000000000125e-01 -7.600080000000000169e-01 2.988999999999999903e-03
2.000000000000000000e+00 6.000000000000000000e+00 3.200000000000000000e+01 0.000000000000000000e+00 1.600000000000000089e+00 1.067999999999999939e-03 -9.332000000000000017e-03 -9.999559999999999560e-01 1.564170000000000005e-01 9.876500000000000279e-01 -9.050000000000000752e-03 9.876909999999999856e-01 -1.564010000000000122e-01 2.514000000000000175e-03
3.000000000000000000e+00 4.600000000000000000e+01 3.500000000000000000e+01 0.000000000000000000e+00 1.600000000000000089e+00 -1.968999999999999830e-03 -3.983999999999999694e-03 -9.999900000000000455e-01 3.857949999999999990e-01 -9.225799999999999557e-01 2.916000000000000189e-03 -9.225820000000000132e-01 -3.857860000000000178e-01 3.354000000000000210e-03
7.000000000000000000e+00 4.600000000000000000e+01 3.500000000000000000e+01 0.000000000000000000e+00 1.600000000000000089e+00 -1.552999999999999910e-03 2.190000000000000106e-04 -9.999989999999999712e-01 3.858739999999999948e-01 -9.225510000000000099e-01 -8.019999999999999785e-04 -9.225499999999999812e-01 -3.858750000000000235e-01 1.348999999999999939e-03
1.300000000000000000e+01 4.600000000000000000e+01 3.500000000000000000e+01 0.000000000000000000e+00 1.600000000000000089e+00 4.640000000000000027e-04 -3.896000000000000157e-03 -9.999919999999999920e-01 3.865669999999999940e-01 -9.222540000000000182e-01 3.772999999999999878e-03 -9.222609999999999975e-01 -3.865660000000000207e-01 1.077999999999999965e-03
1.700000000000000000e+01 4.600000000000000000e+01 3.500000000000000000e+01 0.000000000000000000e+00 1.600000000000000089e+00 2.950000000000000148e-04 5.860000000000000408e-04 -1.000000000000000000e+00 3.865999999999999992e-01 -9.222470000000000390e-01 -4.270000000000000249e-04 -9.222470000000000390e-01 -3.865999999999999992e-01 -4.989999999999999861e-04
2.600000000000000000e+01 4.600000000000000000e+01 3.500000000000000000e+01 0.000000000000000000e+00 1.600000000000000089e+00 7.439999999999999782e-04 9.200000000000000007e-05 -1.000000000000000000e+00 3.855379999999999918e-01 -9.226919999999999566e-01 2.020000000000000040e-04 -9.226919999999999566e-01 -3.855379999999999918e-01 -7.219999999999999855e-04
1.000000000000000000e+00 9.500000000000000000e+01 3.600000000000000000e+01 0.000000000000000000e+00 1.600000000000000089e+00 1.845999999999999985e-03 9.402000000000000635e-03 9.999540000000000095e-01 9.967369999999999841e-01 8.067599999999999771e-02 -2.598000000000000049e-03 -8.069600000000000384e-02 9.966960000000000264e-01 -9.221999999999999295e-03
7.000000000000000000e+00 9.500000000000000000e+01 3.600000000000000000e+01 0.000000000000000000e+00 1.600000000000000089e+00 3.974000000000000102e-03 -5.625999999999999925e-03 9.999759999999999760e-01 9.970660000000000078e-01 7.646699999999999331e-02 -3.531999999999999983e-03 -7.644499999999999906e-02 9.970560000000000533e-01 5.912999999999999853e-03
1.600000000000000000e+01 9.500000000000000000e+01 3.600000000000000000e+01 0.000000000000000000e+00 1.600000000000000089e+00 -4.119999999999999856e-04 9.074000000000000468e-03 9.999590000000000423e-01 9.966009999999999591e-01 8.238199999999999690e-02 -3.370000000000000057e-04 -8.238199999999999690e-02 9.965600000000000014e-01 -9.076999999999999999e-03
1.900000000000000000e+01 9.500000000000000000e+01 3.600000000000000000e+01 0.000000000000000000e+00 1.600000000000000089e+00 -9.079999999999999530e-04 1.562699999999999853e-02 9.998770000000000158e-01 9.970379999999999798e-01 7.691599999999999826e-02 -2.970000000000000092e-04 -7.691099999999999326e-02 9.969149999999999956e-01 -1.565100000000000172e-02
2.700000000000000000e+01 9.500000000000000000e+01 3.600000000000000000e+01 0.000000000000000000e+00 1.600000000000000089e+00 -1.366999999999999943e-03 -2.812100000000000016e-02 9.996040000000000481e-01 9.975669999999999815e-01 6.963700000000000445e-02 3.322999999999999999e-03 -6.970300000000000107e-02 9.971759999999999513e-01 2.795699999999999921e-02
7.000000000000000000e+00 3.000000000000000000e+00 4.300000000000000000e+01 0.000000000000000000e+00 1.600000000000000089e+00 9.500000000000000523e-05 1.414999999999999938e-02 -9.999000000000000110e-01 7.397669999999999524e-01 -6.727969999999999784e-01 -9.450999999999999332e-03 -6.728629999999999889e-01 -7.396920000000000162e-01 -1.053100000000000043e-02
2.400000000000000000e+01 3.000000000000000000e+00 4.300000000000000000e+01 0.000000000000000000e+00 1.600000000000000089e+00 -6.189999999999999756e-04 6.454999999999999800e-03 -9.999789999999999512e-01 7.385500000000000398e-01 -6.741810000000000302e-01 -4.808999999999999907e-03 -6.741979999999999640e-01 -7.385380000000000278e-01 -4.349999999999999700e-03
4.000000000000000000e+00 8.000000000000000000e+00 4.400000000000000000e+01 0.000000000000000000e+00 1.600000000000000089e+00 4.355999999999999629e-03 1.434599999999999938e-02 9.998879999999999990e-01 -7.735049999999999981e-01 -6.336680000000000090e-01 1.246099999999999985e-02 6.337760000000000060e-01 -7.734720000000000484e-01 8.335999999999999660e-03
1.100000000000000000e+01 8.000000000000000000e+00 4.400000000000000000e+01 0.000000000000000000e+00 1.600000000000000089e+00 3.510000000000000208e-04 5.654000000000000171e-03 9.999839999999999840e-01 -7.793379999999999752e-01 -6.265920000000000378e-01 3.815999999999999948e-03 6.266040000000000498e-01 -7.793269999999999920e-01 4.185999999999999617e-03
1.800000000000000000e+01 8.000000000000000000e+00 4.400000000000000000e+01 0.000000000000000000e+00 1.600000000000000089e+00 3.499999999999999693e-05 -1.611000000000000019e-03 9.999989999999999712e-01 -7.819920000000000204e-01 -6.232879999999999532e-01 -9.759999999999999796e-04 6.232889999999999819e-01 -7.819909999999999917e-01 -1.281999999999999936e-03
2.200000000000000000e+01 8.000000000000000000e+00 4.400000000000000000e+01 0.000000000000000000e+00 1.600000000000000089e+00 1.012000000000000096e-03 2.301000000000000094e-03 9.999970000000000248e-01 -7.821259999999999879e-01 -6.231160000000000032e-01 2.226000000000000114e-03 6.231189999999999785e-01 -7.821259999999999879e-01 1.168999999999999900e-03
2.600000000000000000e+01 8.000000000000000000e+00 4.400000000000000000e+01 0.000000000000000000e+00 1.600000000000000089e+00 2.915000000000000056e-03 4.187999999999999882e-03 9.999869999999999592e-01 -7.829249999999999821e-01 -6.220959999999999823e-01 4.887999999999999984e-03 6.221090000000000231e-01 -7.829289999999999861e-01 1.466000000000000072e-03
2.800000000000000000e+01 8.000000000000000000e+00 4.400000000000000000e+01 0.000000000000000000e+00 1.600000000000000089e+00 2.968999999999999851e-03 4.896000000000000178e-03 9.999839999999999840e-01 -7.813600000000000545e-01 -6.240569999999999729e-01 5.375999999999999703e-03 6.240729999999999889e-01 -7.813630000000000297e-01 1.972999999999999927e-03
3.000000000000000000e+00 2.900000000000000000e+01 4.400000000000000000e+01 0.000000000000000000e+00 1.600000000000000089e+00 -2.043999999999999810e-03 4.461999999999999821e-03 -9.999879999999999880e-01 6.743470000000000297e-01 7.384119999999999573e-01 1.915999999999999951e-03 7.384110000000000396e-01 -6.743350000000000177e-01 -4.518000000000000314e-03
1.100000000000000000e+01 2.900000000000000000e+01 4.400000000000000000e+01 0.000000000000000000e+00 1.600000000000000089e+00 -4.099999999999999912e-04 2.517999999999999839e-03 -9.999970000000000248e-01 6.742369999999999752e-01 7.385140000000000038e-01 1.582999999999999989e-03 7.385150000000000325e-01 -6.742340000000000000e-01 -2.001000000000000174e-03
1.600000000000000000e+01 2.900000000000000000e+01 4.400000000000000000e+01 0.000000000000000000e+00 1.600000000000000089e+00 -7.370000000000000249e-04 2.075000000000000022e-03 -9.999980000000000535e-01 6.703729999999999967e-01 7.420240000000000169e-01 1.046000000000000055e-03 7.420240000000000169e-01 -6.703700000000000214e-01 -1.938000000000000052e-03
2.100000000000000000e+01 2.900000000000000000e+01 4.400000000000000000e+01 0.000000000000000000e+00 1.600000000000000089e+00 -3.400000000000000244e-04 -5.450000000000000200e-04 -1.000000000000000000e+00 6.729779999999999651e-01 7.396620000000000417e-01 -6.319999999999999663e-04 7.396629999999999594e-01 -6.729779999999999651e-01 1.150000000000000035e-04
3.000000000000000000e+01 2.900000000000000000e+01 4.400000000000000000e+01 0.000000000000000000e+00 1.600000000000000089e+00 -3.980000000000000248e-04 7.510000000000000399e-04 -1.000000000000000000e+00 6.695569999999999578e-01 7.427610000000000046e-01 2.919999999999999961e-04 7.427610000000000046e-01 -6.695560000000000400e-01 -7.979999999999999897e-04
1.600000000000000000e+01 5.400000000000000000e+01 4.600000000000000000e+01 0.000000000000000000e+00 1.600000000000000089e+00 -1.650999999999999907e-03 7.709999999999999840e-04 9.999980000000000535e-01 3.291040000000000076e-01 -9.442930000000000490e-01 1.270999999999999994e-03 9.442920000000000202e-01 3.291060000000000096e-01 1.304999999999999953e-03
2.000000000000000000e+00 6.000000000000000000e+00 5.100000000000000000e+01 0.000000000000000000e+00 1.600000000000000089e+00 4.813999999999999703e-03 1.086799999999999919e-02 -9.999289999999999567e-01 3.245259999999999811e-01 -9.458370000000000388e-01 -8.718000000000000055e-03 -9.458640000000000381e-01 -3.244609999999999994e-01 -8.080000000000000376e-03
6.000000000000000000e+00 6.000000000000000000e+00 5.100000000000000000e+01 0.000000000000000000e+00 1.600000000000000089e+00 5.033000000000000147e-03 8.203000000000000222e-03 -9.999540000000000095e-01 3.237149999999999750e-01 -9.461349999999999483e-01 -6.132000000000000298e-03 -9.461410000000000098e-01 -3.236700000000000133e-01 -7.416999999999999982e-03
2.000000000000000000e+01 6.000000000000000000e+00 5.100000000000000000e+01 0.000000000000000000e+00 1.600000000000000089e+00 -3.119999999999999944e-04 -4.000000000000000192e-04 -1.000000000000000000e+00 3.301709999999999923e-01 -9.439210000000000100e-01 2.739999999999999923e-04 -9.439210000000000100e-01 -3.301709999999999923e-01 4.270000000000000249e-04
2.000000000000000000e+00 7.000000000000000000e+00 5.200000000000000000e+01 0.000000000000000000e+00 1.600000000000000089e+00 6.636000000000000405e-03 8.802000000000000796e-03 -9.999390000000000223e-01 1.178120000000000001e-01 -9.930039999999999978e-01 -7.959000000000000796e-03 -9.930139999999999523e-01 -1.177519999999999956e-01 -7.625999999999999966e-03
5.000000000000000000e+00 6.300000000000000000e+01 5.400000000000000000e+01 0.000000000000000000e+00 1.600000000000000089e+00 9.000000000000000567e-05 1.306000000000000086e-03 9.999989999999999712e-01 -3.536639999999999784e-01 9.353719999999999812e-01 -1.190000000000000085e-03 -9.353719999999999812e-01 -3.536639999999999784e-01 5.460000000000000443e-04
9.000000000000000000e+00 6.300000000000000000e+01 5.400000000000000000e+01 0.000000000000000000e+00 1.600000000000000089e+00 -2.410000000000000033e-04 1.049000000000000019e-03 9.999989999999999712e-01 -3.482660000000000200e-01 9.373949999999999783e-01 -1.067999999999999939e-03 -9.373960000000000070e-01 -3.482660000000000200e-01 1.389999999999999905e-04
1.400000000000000000e+01 6.300000000000000000e+01 5.400000000000000000e+01 0.000000000000000000e+00 1.600000000000000089e+00 -1.119999999999999983e-04 1.355000000000000085e-03 9.999989999999999712e-01 -3.531770000000000187e-01 9.355550000000000255e-01 -1.307000000000000002e-03 -9.355560000000000542e-01 -3.531770000000000187e-01 3.739999999999999835e-04
2.000000000000000000e+01 6.300000000000000000e+01 5.400000000000000000e+01 0.000000000000000000e+00 1.600000000000000089e+00 4.859999999999999954e-04 -4.279999999999999950e-04 1.000000000000000000e+00 -3.491630000000000011e-01 9.370619999999999505e-01 5.699999999999999772e-04 -9.370619999999999505e-01 -3.491630000000000011e-01 3.060000000000000111e-04
2.200000000000000000e+01 6.300000000000000000e+01 5.400000000000000000e+01 0.000000000000000000e+00 1.600000000000000089e+00 1.188999999999999953e-03 -1.440000000000000036e-04 9.999989999999999712e-01 -3.468200000000000172e-01 9.379319999999999879e-01 5.469999999999999602e-04 -9.379309999999999592e-01 -3.468200000000000172e-01 1.064999999999999974e-03
2.600000000000000000e+01 6.300000000000000000e+01 5.400000000000000000e+01 0.000000000000000000e+00 1.600000000000000089e+00 2.999999999999999737e-04 1.219999999999999974e-04 1.000000000000000000e+00 -3.488470000000000182e-01 9.371800000000000130e-01 -1.000000000000000082e-05 -9.371800000000000130e-01 -3.488470000000000182e-01 3.240000000000000150e-04
6.000000000000000000e+00 2.500000000000000000e+01 5.500000000000000000e+01 0.000000000000000000e+00 1.600000000000000089e+00 -7.640000000000000306e-04 4.769999999999999934e-04 -1.000000000000000000e+00 -1.120299999999999942e-02 -9.999369999999999647e-01 -4.690000000000000158e-04 -9.999369999999999647e-01 1.120200000000000015e-02 7.699999999999999597e-04
1.000000000000000000e+01 2.500000000000000000e+01 5.500000000000000000e+01 0.000000000000000000e+00 1.600000000000000089e+00 2.919999999999999961e-04 5.578999999999999758e-03 -9.999839999999999840e-01 -1.194800000000000029e-02 -9.999130000000000518e-01 -5.582000000000000156e-03 -9.999289999999999567e-01 1.194899999999999955e-02 -2.259999999999999910e-04
2.100000000000000000e+01 2.500000000000000000e+01 5.500000000000000000e+01 0.000000000000000000e+00 1.600000000000000089e+00 1.382999999999999898e-03 -4.279999999999999950e-03 -9.999900000000000455e-01 -1.124299999999999952e-02 -9.999280000000000390e-01 4.264000000000000429e-03 -9.999360000000000470e-01 1.123700000000000046e-02 -1.430999999999999980e-03
