1.000000000000000000e+01 1.000000000000000000e+01 7.000000000000000000e+00 0.000000000000000000e+00 1.600000000000000089e+00 3.272900000000000115e-02 -7.924000000000000488e-03 9.994330000000000158e-01 7.948389999999999622e-01 -6.060370000000000479e-01 -3.083400000000000030e-02 6.059369999999999479e-01 7.953970000000000207e-01 -1.353700000000000042e-02
4.000000000000000000e+00 1.010000000000000000e+02 7.000000000000000000e+00 0.000000000000000000e+00 1.600000000000000089e+00 7.739999999999999485e-04 2.089000000000000145e-03 9.999970000000000248e-01 8.859590000000000520e-01 4.637600000000000056e-01 -1.654000000000000088e-03 -4.637620000000000076e-01 8.859590000000000520e-01 -1.492000000000000054e-03
7.000000000000000000e+00 1.010000000000000000e+02 7.000000000000000000e+00 0.000000000000000000e+00 1.600000000000000089e+00 -1.920000000000000049e-04 -2.710000000000000169e-03 9.999959999999999960e-01 8.870350000000000179e-01 4.616990000000000260e-01 1.422000000000000087e-03 -4.617020000000000013e-01 8.870320000000000427e-01 2.314999999999999784e-03
1.500000000000000000e+01 1.010000000000000000e+02 7.000000000000000000e+00 0.000000000000000000e+00 1.600000000000000089e+00 -3.537000000000000213e-03 -1.565100000000000172e-02 9.998709999999999543e-01 8.882499999999999840e-01 4.592439999999999856e-01 1.033099999999999991e-02 -4.593470000000000053e-01 8.881719999999999615e-01 1.227699999999999972e-02
1.700000000000000000e+01 1.010000000000000000e+02 7.000000000000000000e+00 0.000000000000000000e+00 1.600000000000000089e+00 -3.230999999999999931e-03 -1.847000000000000031e-02 9.998240000000000460e-01 8.890949999999999687e-01 4.575819999999999887e-01 1.132700000000000026e-02 -4.577109999999999790e-01 8.889759999999999884e-01 1.494299999999999969e-02
2.100000000000000000e+01 1.010000000000000000e+02 7.000000000000000000e+00 0.000000000000000000e+00 1.600000000000000089e+00 -3.654000000000000130e-03 -1.361300000000000010e-02 9.999010000000000398e-01 8.908150000000000235e-01 4.542680000000000051e-01 9.440000000000000474e-03 -4.543510000000000049e-01 8.907610000000000250e-01 1.046700000000000061e-02
2.600000000000000000e+01 1.010000000000000000e+02 7.000000000000000000e+00 0.000000000000000000e+00 1.600000000000000089e+00 -2.824000000000000121e-03 -1.702599999999999947e-02 9.998510000000000453e-01 8.896619999999999528e-01 4.565040000000000209e-01 1.028699999999999927e-02 -4.566109999999999891e-01 8.895579999999999599e-01 1.385899999999999979e-02
4.000000000000000000e+00 2.500000000000000000e+01 8.000000000000000000e+00 0.000000000000000000e+00 1.600000000000000089e+00 -2.053999999999999836e-03 -1.786000000000000044e-03 -9.999959999999999960e-01 4.319939999999999891e-01 9.018730000000000357e-01 -2.497999999999999787e-03 9.018739999999999535e-01 -4.319970000000000199e-01 -1.080999999999999930e-03
1.000000000000000000e+01 2.500000000000000000e+01 8.000000000000000000e+00 0.000000000000000000e+00 1.600000000000000089e+00 1.369999999999999907e-03 9.219999999999999680e-04 -9.999989999999999712e-01 4.368139999999999801e-01 8.995509999999999895e-01 1.428000000000000016e-03 8.995509999999999895e-01 -4.368150000000000088e-01 8.300000000000000086e-04
1.600000000000000000e+01 2.500000000000000000e+01 8.000000000000000000e+00 0.000000000000000000e+00 1.600000000000000089e+00 2.919999999999999961e-04 2.438000000000000063e-03 -9.999970000000000248e-01 4.358730000000000104e-01 9.000050000000000550e-01 2.321999999999999845e-03 9.000080000000000302e-01 -4.358719999999999817e-01 -8.000000000000000383e-04
2.100000000000000000e+01 2.500000000000000000e+01 8.000000000000000000e+00 0.000000000000000000e+00 1.600000000000000089e+00 -2.850000000000000103e-03 -1.108999999999999960e-03 -9.999949999999999672e-01 4.365200000000000191e-01 8.996920000000000472e-01 -2.242000000000000069e-03 8.996899999999999897e-01 -4.365240000000000231e-01 -2.079999999999999818e-03
2.500000000000000000e+01 2.500000000000000000e+01 8.000000000000000000e+00 0.000000000000000000e+00 1.600000000000000089e+00 -8.090000000000000403e-04 -1.665000000000000030e-03 -9.999980000000000535e-01 4.369410000000000238e-01 8.994879999999999542e-01 -1.850999999999999998e-03 8.994900000000000118e-01 -4.369419999999999971e-01 -0.000000000000000000e+00
1.000000000000000000e+00 9.000000000000000000e+00 9.000000000000000000e+00 0.000000000000000000e+00 1.600000000000000089e+00 1.815699999999999953e-02 2.612700000000000092e-02 -9.994939999999999936e-01 -9.630229999999999624e-01 -2.683010000000000117e-01 -2.450799999999999854e-02 -2.688059999999999894e-01 9.629809999999999759e-01 2.028900000000000148e-02
2.800000000000000000e+01 9.000000000000000000e+00 9.000000000000000000e+00 0.000000000000000000e+00 1.600000000000000089e+00 1.432399999999999993e-02 4.439000000000000237e-03 -9.998879999999999990e-01 -9.682009999999999783e-01 -2.497250000000000025e-01 -1.497799999999999999e-02 -2.497630000000000128e-01 9.683070000000000288e-01 7.209999999999999612e-04
7.000000000000000000e+00 2.400000000000000000e+01 9.000000000000000000e+00 0.000000000000000000e+00 1.600000000000000089e+00 -5.950000000000000427e-04 -2.407999999999999984e-03 -9.999970000000000248e-01 4.409159999999999746e-01 8.975450000000000372e-01 -2.423999999999999939e-03 8.975480000000000125e-01 -4.409159999999999746e-01 5.280000000000000405e-04
1.000000000000000000e+01 2.400000000000000000e+01 9.000000000000000000e+00 0.000000000000000000e+00 1.600000000000000089e+00 1.314000000000000064e-03 6.139999999999999625e-04 -9.999989999999999712e-01 4.435140000000000193e-01 8.962670000000000359e-01 1.132999999999999893e-03 8.962660000000000071e-01 -4.435149999999999926e-01 9.049999999999999885e-04
1.300000000000000000e+01 2.400000000000000000e+01 9.000000000000000000e+00 0.000000000000000000e+00 1.600000000000000089e+00 1.317000000000000028e-03 4.092000000000000151e-03 -9.999909999999999632e-01 4.432110000000000216e-01 8.964069999999999538e-01 4.251999999999999703e-03 8.964170000000000194e-01 -4.432119999999999949e-01 -6.329999999999999906e-04
2.100000000000000000e+01 2.400000000000000000e+01 9.000000000000000000e+00 0.000000000000000000e+00 1.600000000000000089e+00 -2.907999999999999995e-03 -1.451000000000000033e-03 -9.999949999999999672e-01 4.430870000000000086e-01 8.964750000000000218e-01 -2.589000000000000155e-03 8.964739999999999931e-01 -4.430930000000000146e-01 -1.964000000000000034e-03
2.500000000000000000e+01 2.400000000000000000e+01 9.000000000000000000e+00 0.000000000000000000e+00 1.600000000000000089e+00 -1.038000000000000077e-03 -1.075999999999999917e-03 -9.999989999999999712e-01 4.436280000000000223e-01 8.962099999999999511e-01 -1.425000000000000051e-03 8.962099999999999511e-01 -4.436289999999999956e-01 -4.519999999999999821e-04
2.400000000000000000e+01 8.000000000000000000e+00 1.000000000000000000e+01 0.000000000000000000e+00 1.600000000000000089e+00 1.524000000000000007e-02 -3.873000000000000140e-03 -9.998759999999999870e-01 -9.942530000000000534e-01 -1.060320000000000012e-01 -1.474400000000000016e-02 -1.059620000000000006e-01 9.943549999999999889e-01 -5.466000000000000372e-03
1.000000000000000000e+00 4.000000000000000000e+00 1.100000000000000000e+01 0.000000000000000000e+00 1.600000000000000089e+00 9.380000000000000317e-04 2.517799999999999899e-02 9.996829999999999883e-01 1.848730000000000095e-01 -9.824549999999999672e-01 2.457099999999999909e-02 9.827620000000000244e-01 1.847920000000000118e-01 -5.576000000000000227e-03
1.300000000000000000e+01 4.000000000000000000e+00 1.100000000000000000e+01 0.000000000000000000e+00 1.600000000000000089e+00 4.970000000000000459e-04 -2.264000000000000040e-02 9.997439999999999660e-01 1.745230000000000115e-01 -9.843990000000000240e-01 -2.237899999999999959e-02 9.846530000000000005e-01 1.744900000000000062e-01 3.461999999999999800e-03
1.900000000000000000e+01 4.000000000000000000e+00 1.100000000000000000e+01 0.000000000000000000e+00 1.600000000000000089e+00 2.301000000000000094e-03 -1.213400000000000069e-02 9.999240000000000350e-01 1.774419999999999886e-01 -9.840539999999999843e-01 -1.234900000000000060e-02 9.841290000000000315e-01 1.774570000000000036e-01 -1.119999999999999983e-04
2.500000000000000000e+01 4.000000000000000000e+00 1.100000000000000000e+01 0.000000000000000000e+00 1.600000000000000089e+00 -3.337000000000000122e-03 1.369599999999999984e-02 9.999010000000000398e-01 1.398290000000000088e-01 -9.900759999999999561e-01 1.402800000000000054e-02 9.901699999999999946e-01 1.398619999999999863e-01 1.389000000000000044e-03
3.000000000000000000e+01 4.000000000000000000e+00 1.100000000000000000e+01 0.000000000000000000e+00 1.600000000000000089e+00 -4.037999999999999923e-03 9.383999999999999980e-03 9.999479999999999480e-01 1.312170000000000003e-01 -9.913049999999999917e-01 9.832999999999999727e-03 9.913450000000000317e-01 1.312500000000000056e-01 2.772000000000000158e-03
1.100000000000000000e+01 3.200000000000000000e+01 1.400000000000000000e+01 0.000000000000000000e+00 1.600000000000000089e+00 -5.850000000000000165e-04 6.000000000000000152e-06 -1.000000000000000000e+00 1.217769999999999964e-01 9.925580000000000513e-01 -6.499999999999999431e-05 9.925570000000000226e-01 -1.217769999999999964e-01 -5.820000000000000520e-04
1.500000000000000000e+01 3.200000000000000000e+01 1.400000000000000000e+01 0.000000000000000000e+00 1.600000000000000089e+00 1.910000000000000077e-04 4.376999999999999814e-03 -9.999900000000000455e-01 1.217860000000000054e-01 9.925469999999999571e-01 4.368000000000000355e-03 9.925559999999999938e-01 -1.217860000000000054e-01 -3.429999999999999889e-04
1.000000000000000000e+00 1.200000000000000000e+01 1.600000000000000000e+01 0.000000000000000000e+00 1.600000000000000089e+00 3.451000000000000074e-03 -1.418499999999999969e-02 9.998930000000000318e-01 2.630790000000000073e-01 -9.646639999999999660e-01 -1.459300000000000007e-02 9.647679999999999589e-01 2.631009999999999738e-01 4.029999999999999837e-04
1.500000000000000000e+01 1.160000000000000000e+02 1.600000000000000000e+01 0.000000000000000000e+00 1.600000000000000089e+00 1.631000000000000071e-03 -2.779999999999999811e-04 9.999989999999999712e-01 7.002169999999999783e-01 7.139299999999999535e-01 -9.430000000000000448e-04 -7.139280000000000070e-01 7.002169999999999783e-01 1.358999999999999965e-03
1.100000000000000000e+01 2.000000000000000000e+00 1.900000000000000000e+01 0.000000000000000000e+00 1.600000000000000089e+00 6.193999999999999853e-03 -1.756399999999999975e-02 -9.998270000000000213e-01 3.592650000000000010e-01 -9.330500000000000460e-01 1.861600000000000060e-02 -9.332150000000000167e-01 -3.593180000000000263e-01 5.310000000000000050e-04
3.000000000000000000e+00 3.000000000000000000e+00 1.900000000000000000e+01 0.000000000000000000e+00 1.600000000000000089e+00 -4.200000000000000174e-04 -3.065800000000000122e-02 -9.995300000000000296e-01 3.365440000000000098e-01 -9.412289999999999823e-01 2.872800000000000006e-02 -9.416679999999999495e-01 -3.363740000000000063e-01 1.071300000000000030e-02
1.200000000000000000e+01 3.000000000000000000e+00 1.900000000000000000e+01 0.000000000000000000e+00 1.600000000000000089e+00 4.721999999999999635e-03 -1.026900000000000035e-02 -9.999360000000000470e-01 3.316649999999999876e-01 -9.433300000000000018e-01 1.125400000000000011e-02 -9.433859999999999468e-01 -3.316970000000000196e-01 -1.049000000000000019e-03
1.600000000000000000e+01 3.000000000000000000e+00 1.900000000000000000e+01 0.000000000000000000e+00 1.600000000000000089e+00 3.829999999999999854e-04 -1.019999999999999992e-04 -1.000000000000000000e+00 3.330620000000000247e-01 -9.429049999999999931e-01 2.239999999999999966e-04 -9.429049999999999931e-01 -3.330620000000000247e-01 -3.280000000000000038e-04
2.000000000000000000e+01 3.000000000000000000e+00 1.900000000000000000e+01 0.000000000000000000e+00 1.600000000000000089e+00 -4.361000000000000293e-03 1.936299999999999827e-02 -9.998029999999999973e-01 3.387729999999999908e-01 -9.406619999999999981e-01 -1.969600000000000170e-02 -9.408579999999999721e-01 -3.387919999999999821e-01 -2.456999999999999983e-03
2.300000000000000000e+01 3.000000000000000000e+00 1.900000000000000000e+01 0.000000000000000000e+00 1.600000000000000089e+00 -7.017999999999999933e-03 2.470500000000000126e-02 -9.996699999999999475e-01 3.427780000000000271e-01 -9.390669999999999851e-01 -2.561400000000000135e-02 -9.393899999999999473e-01 -3.428450000000000109e-01 -1.877999999999999895e-03
2.800000000000000000e+01 3.000000000000000000e+00 1.900000000000000000e+01 0.000000000000000000e+00 1.600000000000000089e+00 -1.649000000000000075e-03 1.372400000000000009e-02 -9.999040000000000150e-01 3.453039999999999998e-01 -9.383949999999999791e-01 -1.344899999999999915e-02 -9.384890000000000176e-01 -3.452930000000000166e-01 -3.190999999999999826e-03
3.000000000000000000e+01 4.000000000000000000e+00 2.000000000000000000e+01 0.000000000000000000e+00 1.600000000000000089e+00 1.124999999999999915e-03 9.336000000000000548e-03 -9.999559999999999560e-01 3.793170000000000153e-01 -9.252299999999999969e-01 -8.212000000000000549e-03 -9.252660000000000329e-01 -3.792909999999999893e-01 -4.582000000000000135e-03
3.000000000000000000e+00 1.300000000000000000e+01 2.000000000000000000e+01 0.000000000000000000e+00 1.600000000000000089e+00 8.720000000000000537e-04 6.291999999999999850e-03 9.999799999999999800e-01 2.630060000000000175e-01 9.647740000000000204e-01 -6.300000000000000044e-03 -9.647940000000000405e-01 2.630060000000000175e-01 -8.140000000000000534e-04
7.000000000000000000e+00 1.300000000000000000e+01 2.000000000000000000e+01 0.000000000000000000e+00 1.600000000000000089e+00 5.789999999999999791e-04 1.160999999999999923e-03 9.999989999999999712e-01 2.613619999999999832e-01 9.652399999999999869e-01 -1.271999999999999910e-03 -9.652410000000000156e-01 2.613630000000000120e-01 2.550000000000000183e-04
1.400000000000000000e+01 1.300000000000000000e+01 2.000000000000000000e+01 0.000000000000000000e+00 1.600000000000000089e+00 -1.420000000000000092e-04 -1.283000000000000069e-03 9.999989999999999712e-01 2.595830000000000082e-01 9.657200000000000228e-01 1.275000000000000092e-03 -9.657210000000000516e-01 2.595830000000000082e-01 1.959999999999999937e-04
1.800000000000000000e+01 1.300000000000000000e+01 2.000000000000000000e+01 0.000000000000000000e+00 1.600000000000000089e+00 7.870000000000000476e-04 -1.358999999999999965e-03 9.999989999999999712e-01 2.585890000000000133e-01 9.659870000000000401e-01 1.110000000000000092e-03 -9.659870000000000401e-01 2.585870000000000113e-01 1.111000000000000008e-03
2.400000000000000000e+01 1.300000000000000000e+01 2.000000000000000000e+01 0.000000000000000000e+00 1.600000000000000089e+00 -8.700000000000000051e-05 -1.930000000000000075e-03 9.999980000000000535e-01 2.596499999999999919e-01 9.657010000000000316e-01 1.887000000000000005e-03 -9.657029999999999781e-01 2.596499999999999919e-01 4.169999999999999987e-04
2.700000000000000000e+01 1.300000000000000000e+01 2.000000000000000000e+01 0.000000000000000000e+00 1.600000000000000089e+00 -3.009999999999999980e-04 -3.527000000000000187e-03 9.999940000000000495e-01 2.605910000000000171e-01 9.654430000000000511e-01 3.482999999999999985e-03 -9.654490000000000016e-01 2.605910000000000171e-01 6.290000000000000018e-04
6.000000000000000000e+00 1.600000000000000000e+01 2.100000000000000000e+01 0.000000000000000000e+00 1.600000000000000089e+00 3.680000000000000003e-04 2.922000000000000118e-03 9.999959999999999960e-01 2.988129999999999953e-01 9.543070000000000164e-01 -2.897999999999999968e-03 -9.543110000000000204e-01 2.988129999999999953e-01 -5.220000000000000031e-04
2.700000000000000000e+01 1.600000000000000000e+01 2.100000000000000000e+01 0.000000000000000000e+00 1.600000000000000089e+00 -4.139999999999999800e-04 -5.007000000000000166e-03 9.999869999999999592e-01 2.976070000000000104e-01 9.546759999999999691e-01 4.903000000000000240e-03 -9.546879999999999811e-01 2.976050000000000084e-01 1.095000000000000053e-03
5.000000000000000000e+00 2.000000000000000000e+00 2.500000000000000000e+01 0.000000000000000000e+00 1.600000000000000089e+00 1.041699999999999918e-02 -3.558200000000000252e-02 9.993119999999999781e-01 8.388099999999999723e-02 -9.958129999999999482e-01 -3.633100000000000218e-02 9.964210000000000012e-01 8.420099999999999807e-02 -7.388999999999999735e-03
2.500000000000000000e+01 2.000000000000000000e+00 2.500000000000000000e+01 0.000000000000000000e+00 1.600000000000000089e+00 -9.353999999999999468e-03 1.992100000000000121e-02 9.997580000000000355e-01 7.559499999999999553e-02 -9.969259999999999788e-01 2.057200000000000001e-02 9.970949999999999536e-01 7.576900000000000301e-02 7.818999999999999562e-03
2.800000000000000000e+01 2.000000000000000000e+00 2.500000000000000000e+01 0.000000000000000000e+00 1.600000000000000089e+00 -8.798000000000000265e-03 1.623799999999999896e-02 9.998289999999999678e-01 8.247100000000000264e-02 -9.964499999999999469e-01 1.690900000000000042e-02 9.965549999999999686e-01 8.260599999999999887e-02 7.426999999999999574e-03
4.000000000000000000e+00 3.000000000000000000e+00 2.500000000000000000e+01 0.000000000000000000e+00 1.600000000000000089e+00 6.518999999999999621e-03 -3.195200000000000123e-02 9.994680000000000231e-01 1.930999999999999991e-03 -9.994870000000000143e-01 -3.196500000000000036e-02 9.999770000000000048e-01 2.138000000000000143e-03 -6.453999999999999668e-03
1.100000000000000000e+01 3.000000000000000000e+00 2.500000000000000000e+01 0.000000000000000000e+00 1.600000000000000089e+00 3.078000000000000007e-03 -1.056099999999999921e-02 9.999400000000000510e-01 -3.282399999999999901e-02 -9.994060000000000166e-01 -1.045500000000000075e-02 9.994560000000000111e-01 -3.278999999999999970e-02 -3.422999999999999828e-03
1.700000000000000000e+01 3.000000000000000000e+00 2.500000000000000000e+01 0.000000000000000000e+00 1.600000000000000089e+00 -1.544999999999999932e-03 1.871000000000000050e-03 9.999970000000000248e-01 -3.398099999999999732e-02 -9.994210000000000038e-01 1.817000000000000039e-03 9.994210000000000038e-01 -3.397800000000000126e-02 1.606999999999999922e-03
1.700000000000000000e+01 4.600000000000000000e+01 2.700000000000000000e+01 0.000000000000000000e+00 1.600000000000000089e+00 -1.320999999999999909e-03 -1.700000000000000122e-04 -9.999989999999999712e-01 6.764139999999999597e-01 7.365209999999999813e-01 -1.018999999999999941e-03 7.365199999999999525e-01 -6.764149999999999885e-01 -8.580000000000000387e-04
2.600000000000000000e+01 4.600000000000000000e+01 3.000000000000000000e+01 0.000000000000000000e+00 1.600000000000000089e+00 -1.105999999999999995e-03 -1.837000000000000091e-03 -9.999980000000000535e-01 3.323760000000000048e-01 9.431450000000000111e-01 -2.101000000000000003e-03 9.431460000000000399e-01 -3.323780000000000068e-01 -4.319999999999999838e-04
7.000000000000000000e+00 4.600000000000000000e+01 3.500000000000000000e+01 0.000000000000000000e+00 1.600000000000000089e+00 -6.600000000000000506e-05 1.669999999999999935e-04 -1.000000000000000000e+00 3.917340000000000266e-01 -9.200789999999999802e-01 -1.800000000000000113e-04 -9.200789999999999802e-01 -3.917340000000000266e-01 -5.000000000000000409e-06
1.700000000000000000e+01 4.600000000000000000e+01 3.500000000000000000e+01 0.000000000000000000e+00 1.600000000000000089e+00 -1.258999999999999920e-03 -1.060000000000000016e-04 -9.999989999999999712e-01 3.906959999999999877e-01 -9.205200000000000049e-01 -3.939999999999999817e-04 -9.205189999999999761e-01 -3.906959999999999877e-01 1.199999999999999895e-03
2.400000000000000000e+01 4.600000000000000000e+01 3.500000000000000000e+01 0.000000000000000000e+00 1.600000000000000089e+00 -9.600000000000000243e-05 -2.272999999999999847e-03 -9.999970000000000248e-01 3.895750000000000046e-01 -9.209920000000000329e-01 2.056000000000000102e-03 -9.209950000000000081e-01 -3.895739999999999759e-01 9.740000000000000394e-04
3.000000000000000000e+01 4.600000000000000000e+01 3.500000000000000000e+01 0.000000000000000000e+00 1.600000000000000089e+00 1.830000000000000029e-04 2.707999999999999904e-03 -9.999959999999999960e-01 3.892760000000000109e-01 -9.211179999999999923e-01 -2.422999999999999807e-03 -9.211209999999999676e-01 -3.892740000000000089e-01 -1.222999999999999912e-03
9.000000000000000000e+00 9.500000000000000000e+01 3.600000000000000000e+01 0.000000000000000000e+00 1.600000000000000089e+00 3.181999999999999933e-03 9.650999999999999857e-03 9.999479999999999480e-01 9.967019999999999769e-01 8.105099999999999805e-02 -3.954000000000000049e-03 -8.108500000000000429e-02 9.966629999999999656e-01 -9.362000000000000530e-03
1.500000000000000000e+01 9.500000000000000000e+01 3.600000000000000000e+01 0.000000000000000000e+00 1.600000000000000089e+00 2.784000000000000016e-03 5.961000000000000153e-03 9.999780000000000335e-01 9.962419999999999609e-01 8.655000000000000193e-02 -3.289999999999999956e-03 -8.656800000000000606e-02 9.962299999999999489e-01 -5.696999999999999807e-03
2.000000000000000000e+00 9.500000000000000000e+01 3.700000000000000000e+01 0.000000000000000000e+00 1.600000000000000089e+00 1.513000000000000022e-03 -3.573999999999999920e-03 9.999919999999999920e-01 9.949310000000000098e-01 1.005530000000000035e-01 -1.146000000000000100e-03 -1.005479999999999985e-01 9.949249999999999483e-01 3.707999999999999925e-03
1.000000000000000000e+00 2.900000000000000000e+01 4.400000000000000000e+01 0.000000000000000000e+00 1.600000000000000089e+00 -1.534999999999999906e-03 1.763999999999999943e-03 -9.999970000000000248e-01 6.628810000000000535e-01 7.487249999999999739e-01 3.029999999999999924e-04 7.487230000000000274e-01 -6.628789999999999960e-01 -2.318999999999999881e-03
7.000000000000000000e+00 2.900000000000000000e+01 4.400000000000000000e+01 0.000000000000000000e+00 1.600000000000000089e+00 3.150000000000000131e-04 -1.550000000000000000e-04 -1.000000000000000000e+00 6.613609999999999767e-01 7.500670000000000393e-01 9.200000000000000007e-05 7.500670000000000393e-01 -6.613609999999999767e-01 3.390000000000000001e-04
1.700000000000000000e+01 2.900000000000000000e+01 4.400000000000000000e+01 0.000000000000000000e+00 1.600000000000000089e+00 -6.899999999999999667e-05 2.224999999999999981e-03 -9.999970000000000248e-01 6.617539999999999534e-01 7.497190000000000243e-01 1.621999999999999961e-03 7.497209999999999708e-01 -6.617520000000000069e-01 -1.525000000000000097e-03
2.100000000000000000e+01 2.900000000000000000e+01 4.400000000000000000e+01 0.000000000000000000e+00 1.600000000000000089e+00 -1.294999999999999927e-03 3.017000000000000150e-03 -9.999949999999999672e-01 6.455689999999999484e-01 7.637000000000000455e-01 1.467999999999999904e-03 7.637009999999999632e-01 -6.455640000000000267e-01 -2.936999999999999941e-03
2.500000000000000000e+01 2.900000000000000000e+01 4.400000000000000000e+01 0.000000000000000000e+00 1.600000000000000089e+00 -2.739000000000000115e-03 -1.536999999999999955e-03 -9.999949999999999672e-01 6.498019999999999907e-01 7.600970000000000226e-01 -2.948000000000000100e-03 7.600980000000000514e-01 -6.498070000000000235e-01 -1.083999999999999894e-03
1.200000000000000000e+01 5.000000000000000000e+00 5.100000000000000000e+01 0.000000000000000000e+00 1.600000000000000089e+00 -1.800000000000000113e-04 7.115999999999999930e-03 -9.999749999999999472e-01 4.884569999999999745e-01 -8.725659999999999528e-01 -6.297999999999999779e-03 -8.725880000000000303e-01 -4.884450000000000180e-01 -3.318999999999999902e-03
1.500000000000000000e+01 6.000000000000000000e+00 5.100000000000000000e+01 0.000000000000000000e+00 1.600000000000000089e+00 6.899999999999999667e-05 4.375000000000000416e-03 -9.999900000000000455e-01 3.151010000000000200e-01 -9.490490000000000315e-01 -4.129999999999999991e-03 -9.490579999999999572e-01 -3.150979999999999892e-01 -1.443999999999999971e-03
1.000000000000000000e+00 1.150000000000000000e+02 5.100000000000000000e+01 0.000000000000000000e+00 1.600000000000000089e+00 2.207999999999999893e-03 1.685000000000000083e-03 9.999959999999999960e-01 8.458649999999999780e-01 -5.333959999999999813e-01 -9.690000000000000262e-04 5.333930000000000060e-01 8.458639999999999493e-01 -2.602999999999999845e-03
2.600000000000000000e+01 1.600000000000000000e+01 5.200000000000000000e+01 0.000000000000000000e+00 1.600000000000000089e+00 -2.072000000000000057e-03 -8.710000000000000294e-04 -9.999970000000000248e-01 7.754889999999999839e-01 6.313579999999999748e-01 -2.157000000000000063e-03 6.313579999999999748e-01 -7.754910000000000414e-01 -6.329999999999999906e-04
2.200000000000000000e+01 5.800000000000000000e+01 5.200000000000000000e+01 0.000000000000000000e+00 1.600000000000000089e+00 6.939999999999999555e-04 -8.082000000000000642e-03 9.999670000000000503e-01 -6.309709999999999486e-01 7.757770000000000499e-01 6.708000000000000421e-03 -7.758059999999999956e-01 -6.309550000000000436e-01 -4.560999999999999950e-03
3.000000000000000000e+00 6.300000000000000000e+01 5.400000000000000000e+01 0.000000000000000000e+00 1.600000000000000089e+00 1.727000000000000019e-03 -3.442000000000000181e-03 9.999930000000000208e-01 -3.486219999999999875e-01 9.372559999999999780e-01 3.827999999999999806e-03 -9.372620000000000395e-01 -3.486259999999999915e-01 4.189999999999999931e-04
7.000000000000000000e+00 6.300000000000000000e+01 5.400000000000000000e+01 0.000000000000000000e+00 1.600000000000000089e+00 -7.439999999999999782e-04 8.779999999999999827e-04 9.999989999999999712e-01 -3.426540000000000141e-01 9.394609999999999905e-01 -1.080000000000000014e-03 -9.394620000000000193e-01 -3.426540000000000141e-01 -3.980000000000000248e-04
1.600000000000000000e+01 6.300000000000000000e+01 5.400000000000000000e+01 0.000000000000000000e+00 1.600000000000000089e+00 -2.369999999999999874e-04 2.909999999999999826e-03 9.999959999999999960e-01 -3.462509999999999755e-01 9.381380000000000274e-01 -2.811999999999999830e-03 -9.381420000000000314e-01 -3.462500000000000022e-01 7.860000000000000233e-04
2.700000000000000000e+01 6.300000000000000000e+01 5.400000000000000000e+01 0.000000000000000000e+00 1.600000000000000089e+00 9.820000000000000170e-04 -5.936999999999999569e-03 9.999820000000000375e-01 -3.556630000000000069e-01 9.345959999999999823e-01 5.897999999999999597e-03 -9.346139999999999448e-01 -3.556619999999999782e-01 -1.193000000000000050e-03
1.100000000000000000e+01 2.500000000000000000e+01 5.500000000000000000e+01 0.000000000000000000e+00 1.600000000000000089e+00 1.234999999999999987e-03 4.800000000000000122e-05 -9.999989999999999712e-01 -1.157700000000000048e-02 -9.999329999999999607e-01 -6.200000000000000270e-05 -9.999320000000000430e-01 1.157700000000000048e-02 -1.234000000000000071e-03
1.800000000000000000e+01 2.500000000000000000e+01 5.500000000000000000e+01 0.000000000000000000e+00 1.600000000000000089e+00 -1.310000000000000129e-04 1.572000000000000047e-03 -9.999989999999999712e-01 -1.142999999999999919e-02 -9.999329999999999607e-01 -1.569999999999999998e-03 -9.999350000000000183e-01 1.142999999999999919e-02 1.489999999999999897e-04
2.600000000000000000e+01 2.500000000000000000e+01 5.500000000000000000e+01 0.000000000000000000e+00 1.600000000000000089e+00 1.064000000000000059e-03 9.870000000000000301e-04 -9.999989999999999712e-01 -1.225500000000000027e-02 -9.999240000000000350e-01 -1.000000000000000021e-03 -9.999240000000000350e-01 1.225599999999999953e-02 -1.051999999999999984e-03
1.500000000000000000e+01 2.000000000000000000e+01 6.000000000000000000e+01 0.000000000000000000e+00 1.600000000000000089e+00 -7.770000000000000214e-04 -3.680000000000000003e-04 1.000000000000000000e+00 -6.275000000000000022e-02 9.980290000000000550e-01 3.179999999999999776e-04 -9.980290000000000550e-01 -6.275000000000000022e-02 -7.979999999999999897e-04
2.000000000000000000e+01 2.000000000000000000e+01 6.000000000000000000e+01 0.000000000000000000e+00 1.600000000000000089e+00 1.649999999999999991e-03 2.347000000000000128e-03 9.999959999999999960e-01 -6.156899999999999873e-02 9.980999999999999872e-01 -2.240999999999999936e-03 -9.981010000000000160e-01 -6.156500000000000167e-02 1.791000000000000057e-03
7.000000000000000000e+00 2.100000000000000000e+01 6.000000000000000000e+01 0.000000000000000000e+00 1.600000000000000089e+00 -4.899999999999999842e-04 7.427999999999999707e-03 9.999719999999999720e-01 -9.700499999999999401e-02 9.952560000000000295e-01 -7.440999999999999698e-03 -9.952839999999999465e-01 -9.700599999999999501e-02 2.329999999999999986e-04
1.100000000000000000e+01 2.100000000000000000e+01 6.000000000000000000e+01 0.000000000000000000e+00 1.600000000000000089e+00 1.319999999999999993e-03 3.305000000000000212e-03 9.999940000000000495e-01 -9.618899999999999673e-02 9.953579999999999650e-01 -3.163000000000000013e-03 -9.953619999999999690e-01 -9.618400000000000560e-02 1.631999999999999987e-03
2.300000000000000000e+01 2.100000000000000000e+01 6.000000000000000000e+01 0.000000000000000000e+00 1.600000000000000089e+00 6.710000000000000469e-04 -4.879999999999999898e-04 1.000000000000000000e+00 -9.585299999999999376e-02 9.953950000000000298e-01 5.500000000000000331e-04 -9.953950000000000298e-01 -9.585299999999999376e-02 6.210000000000000242e-04
2.700000000000000000e+01 2.100000000000000000e+01 6.000000000000000000e+01 0.000000000000000000e+00 1.600000000000000089e+00 -9.590000000000000000e-04 1.820000000000000057e-04 1.000000000000000000e+00 -9.592900000000000038e-02 9.953880000000000505e-01 -2.730000000000000222e-04 -9.953880000000000505e-01 -9.593000000000000138e-02 -9.370000000000000074e-04
1.800000000000000000e+01 6.700000000000000000e+01 6.000000000000000000e+01 0.000000000000000000e+00 1.600000000000000089e+00 -7.960000000000000495e-04 -4.147999999999999778e-03 9.999909999999999632e-01 1.726419999999999899e-01 -9.849769999999999914e-01 -3.949000000000000253e-03 9.849839999999999707e-01 1.726380000000000137e-01 1.500000000000000031e-03
8.000000000000000000e+00 3.000000000000000000e+00 6.300000000000000000e+01 0.000000000000000000e+00 1.600000000000000089e+00 1.296999999999999976e-03 -5.444000000000000054e-03 9.999839999999999840e-01 -6.122499999999999609e-01 7.906480000000000175e-01 5.098000000000000101e-03 -7.906630000000000047e-01 -6.122469999999999857e-01 -2.308000000000000156e-03
2.600000000000000000e+01 3.000000000000000000e+00 6.300000000000000000e+01 0.000000000000000000e+00 1.600000000000000089e+00 -1.461000000000000059e-03 -7.908999999999999364e-03 9.999679999999999680e-01 -6.146099999999999897e-01 7.888129999999999864e-01 5.341000000000000261e-03 -7.888300000000000312e-01 -6.145819999999999617e-01 -6.013000000000000116e-03
7.000000000000000000e+00 2.700000000000000000e+01 6.300000000000000000e+01 0.000000000000000000e+00 1.600000000000000089e+00 6.790000000000000245e-04 -9.239999999999999949e-03 9.999569999999999848e-01 -2.747990000000000155e-01 9.614589999999999526e-01 9.070999999999999203e-03 -9.615010000000000501e-01 -2.747939999999999827e-01 -1.886000000000000090e-03
1.100000000000000000e+01 2.700000000000000000e+01 6.300000000000000000e+01 0.000000000000000000e+00 1.600000000000000089e+00 3.075000000000000042e-03 -4.593999999999999993e-03 9.999850000000000128e-01 -2.733479999999999799e-01 9.619010000000000060e-01 5.258999999999999786e-03 -9.619100000000000428e-01 -2.733599999999999919e-01 1.701999999999999954e-03
1.600000000000000000e+01 2.700000000000000000e+01 6.300000000000000000e+01 0.000000000000000000e+00 1.600000000000000089e+00 4.970000000000000459e-04 -1.881999999999999992e-03 9.999980000000000535e-01 -2.717589999999999728e-01 9.623629999999999685e-01 1.946000000000000030e-03 -9.623650000000000260e-01 -2.717600000000000016e-01 -3.399999999999999973e-05
2.400000000000000000e+01 2.700000000000000000e+01 6.300000000000000000e+01 0.000000000000000000e+00 1.600000000000000089e+00 1.129999999999999955e-04 -4.697999999999999919e-03 9.999890000000000168e-01 -2.750469999999999859e-01 9.614200000000000523e-01 4.547999999999999959e-03 -9.614310000000000356e-01 -2.750440000000000107e-01 -1.183999999999999940e-03
2.900000000000000000e+01 2.700000000000000000e+01 6.300000000000000000e+01 0.000000000000000000e+00 1.600000000000000089e+00 4.840000000000000010e-04 -2.939999999999999905e-03 9.999959999999999960e-01 -2.742519999999999958e-01 9.616529999999999800e-01 2.959999999999999958e-03 -9.616580000000000128e-01 -2.742519999999999958e-01 -3.409999999999999945e-04
1.000000000000000000e+00 2.600000000000000000e+01 6.400000000000000000e+01 0.000000000000000000e+00 1.600000000000000089e+00 -5.135999999999999940e-03 8.647999999999999438e-03 9.999489999999999768e-01 -3.656659999999999910e-01 9.306929999999999925e-01 -9.927000000000000060e-03 -9.307320000000000038e-01 -3.656989999999999963e-01 -1.618000000000000081e-03
3.000000000000000000e+00 2.600000000000000000e+01 6.400000000000000000e+01 0.000000000000000000e+00 1.600000000000000089e+00 -4.525999999999999641e-03 4.419000000000000185e-03 9.999799999999999800e-01 -3.684720000000000217e-01 9.296210000000000306e-01 -5.775999999999999884e-03 -9.296280000000000099e-01 -3.684899999999999842e-01 -2.579000000000000129e-03
8.000000000000000000e+00 2.600000000000000000e+01 6.400000000000000000e+01 0.000000000000000000e+00 1.600000000000000089e+00 2.884999999999999978e-03 -6.765000000000000180e-03 9.999730000000000008e-01 -3.709680000000000200e-01 9.286170000000000258e-01 7.352000000000000028e-03 -9.286410000000000498e-01 -3.709790000000000032e-01 1.689999999999999879e-04
1.200000000000000000e+01 2.600000000000000000e+01 6.400000000000000000e+01 0.000000000000000000e+00 1.600000000000000089e+00 2.645999999999999915e-03 -2.762000000000000132e-03 9.999930000000000208e-01 -3.657540000000000235e-01 9.307050000000000045e-01 3.537999999999999912e-03 -9.307079999999999798e-01 -3.657599999999999740e-01 1.453000000000000081e-03
1.700000000000000000e+01 2.600000000000000000e+01 6.400000000000000000e+01 0.000000000000000000e+00 1.600000000000000089e+00 9.810000000000001011e-04 -3.969999999999999571e-03 9.999919999999999920e-01 -3.646750000000000269e-01 9.311260000000000092e-01 4.054000000000000312e-03 -9.311340000000000172e-01 -3.646760000000000002e-01 -5.339999999999999695e-04
2.200000000000000000e+01 2.600000000000000000e+01 6.400000000000000000e+01 0.000000000000000000e+00 1.600000000000000089e+00 5.590000000000000351e-04 -3.788000000000000134e-03 9.999930000000000208e-01 -3.685930000000000040e-01 9.295830000000000481e-01 3.727999999999999977e-03 -9.295909999999999451e-01 -3.685930000000000040e-01 -8.769999999999999584e-04
2.600000000000000000e+01 2.600000000000000000e+01 6.400000000000000000e+01 0.000000000000000000e+00 1.600000000000000089e+00 7.680000000000000195e-04 -4.362000000000000426e-03 9.999900000000000455e-01 -3.687369999999999814e-01 9.295240000000000169e-01 4.337999999999999842e-03 -9.295339999999999714e-01 -3.687360000000000082e-01 -8.949999999999999623e-04
8.000000000000000000e+00 6.900000000000000000e+01 6.600000000000000000e+01 0.000000000000000000e+00 1.600000000000000089e+00 -4.137000000000000052e-03 -3.468000000000000162e-03 9.999850000000000128e-01 -9.467109999999999692e-01 3.220729999999999982e-01 -2.799999999999999972e-03 -3.220580000000000109e-01 -9.467090000000000227e-01 -4.616000000000000311e-03
1.300000000000000000e+01 6.900000000000000000e+01 6.600000000000000000e+01 0.000000000000000000e+00 1.600000000000000089e+00 9.060000000000000128e-04 -1.420999999999999954e-03 9.999989999999999712e-01 -9.467210000000000347e-01 3.220509999999999762e-01 1.314999999999999980e-03 -3.220520000000000049e-01 -9.467210000000000347e-01 -1.054000000000000032e-03
2.200000000000000000e+01 6.900000000000000000e+01 6.600000000000000000e+01 0.000000000000000000e+00 1.600000000000000089e+00 -1.922000000000000097e-03 -6.298999999999999912e-03 9.999780000000000335e-01 -9.487630000000000230e-01 3.159879999999999911e-01 1.669999999999999935e-04 -3.159819999999999851e-01 -9.487419999999999742e-01 -6.583000000000000310e-03
1.000000000000000000e+00 2.500000000000000000e+01 7.300000000000000000e+01 0.000000000000000000e+00 1.600000000000000089e+00 -2.223000000000000149e-03 -1.399999999999999979e-05 9.999980000000000535e-01 7.547930000000000472e-01 -6.559610000000000163e-01 1.668999999999999911e-03 6.559599999999999875e-01 7.547949999999999937e-01 1.469000000000000037e-03
9.000000000000000000e+00 2.500000000000000000e+01 7.300000000000000000e+01 0.000000000000000000e+00 1.600000000000000089e+00 1.949999999999999910e-03 3.000000000000000076e-05 9.999980000000000535e-01 7.600710000000000521e-01 -6.498380000000000267e-01 -1.461999999999999975e-03 6.498369999999999980e-01 7.600729999999999986e-01 -1.289999999999999914e-03
1.600000000000000000e+01 2.500000000000000000e+01 7.300000000000000000e+01 0.000000000000000000e+00 1.600000000000000089e+00 -1.013999999999999927e-03 -1.955000000000000140e-03 9.999980000000000535e-01 7.554950000000000276e-01 -6.551540000000000141e-01 -5.150000000000000498e-04 6.551529999999999854e-01 7.554929999999999701e-01 2.141000000000000108e-03
2.500000000000000000e+01 2.500000000000000000e+01 7.300000000000000000e+01 0.000000000000000000e+00 1.600000000000000089e+00 -1.463000000000000108e-03 -2.541999999999999989e-03 9.999959999999999960e-01 7.542600000000000415e-01 -6.565750000000000197e-01 -5.649999999999999641e-04 6.565739999999999910e-01 7.542560000000000375e-01 2.877999999999999916e-03
3.000000000000000000e+00 4.400000000000000000e+01 7.300000000000000000e+01 0.000000000000000000e+00 1.600000000000000089e+00 1.179999999999999951e-04 2.827000000000000086e-03 9.999959999999999960e-01 5.582700000000000162e-02 -9.984359999999999902e-01 2.815999999999999927e-03 9.984399999999999942e-01 5.582700000000000162e-02 -2.759999999999999867e-04
1.000000000000000000e+01 4.400000000000000000e+01 7.300000000000000000e+01 0.000000000000000000e+00 1.600000000000000089e+00 -2.959999999999999849e-04 -1.258999999999999920e-03 9.999989999999999712e-01 5.515599999999999670e-02 -9.984769999999999479e-01 -1.240000000000000000e-03 9.984779999999999767e-01 5.515599999999999670e-02 3.649999999999999816e-04
1.600000000000000000e+01 4.400000000000000000e+01 7.300000000000000000e+01 0.000000000000000000e+00 1.600000000000000089e+00 8.249999999999999955e-04 2.999999999999999737e-04 1.000000000000000000e+00 5.680299999999999933e-02 -9.983849999999999669e-01 2.530000000000000239e-04 9.983849999999999669e-01 5.680299999999999933e-02 -8.409999999999999507e-04
2.300000000000000000e+01 4.400000000000000000e+01 7.300000000000000000e+01 0.000000000000000000e+00 1.600000000000000089e+00 1.944999999999999897e-03 3.445000000000000145e-03 9.999919999999999920e-01 5.813499999999999918e-02 -9.983030000000000515e-01 3.325999999999999963e-03 9.983070000000000555e-01 5.812900000000000011e-02 -2.141999999999999807e-03
5.000000000000000000e+00 2.500000000000000000e+01 7.400000000000000000e+01 0.000000000000000000e+00 1.600000000000000089e+00 3.559999999999999797e-04 1.716000000000000077e-03 9.999980000000000535e-01 8.307799999999999629e-01 -5.565999999999999837e-01 6.589999999999999721e-04 5.566010000000000124e-01 8.307790000000000452e-01 -1.624000000000000010e-03
1.000000000000000000e+01 9.900000000000000000e+01 7.500000000000000000e+01 0.000000000000000000e+00 1.600000000000000089e+00 -3.037000000000000203e-03 -4.792000000000000252e-03 -9.999839999999999840e-01 -8.839709999999999512e-01 4.675409999999999844e-01 4.440000000000000045e-04 4.675320000000000031e-01 8.839580000000000215e-01 -5.655999999999999570e-03
3.000000000000000000e+00 9.100000000000000000e+01 7.600000000000000000e+01 0.000000000000000000e+00 1.600000000000000089e+00 -6.909999999999999910e-04 -1.126000000000000048e-03 9.999989999999999712e-01 3.026579999999999826e-01 -9.530990000000000295e-01 -8.639999999999999677e-04 9.530990000000000295e-01 3.026570000000000094e-01 9.990000000000001049e-04
