1.000000000000000000e+00 1.600000000000000000e+01 4.000000000000000000e+00 0.000000000000000000e+00 1.600000000000000089e+00 1.188000000000000037e-03 -1.264999999999999979e-02 9.999190000000000023e-01 3.169939999999999980e-01 -9.483470000000000510e-01 -1.237399999999999958e-02 9.484270000000000200e-01 3.169830000000000148e-01 2.883999999999999845e-03
6.000000000000000000e+00 1.600000000000000000e+01 4.000000000000000000e+00 0.000000000000000000e+00 1.600000000000000089e+00 7.050000000000000060e-04 -8.515999999999999265e-03 9.999630000000000463e-01 3.175379999999999869e-01 -9.482089999999999685e-01 -8.299000000000000821e-03 9.482450000000000045e-01 3.175319999999999809e-01 2.036000000000000049e-03
1.700000000000000000e+01 1.600000000000000000e+01 4.000000000000000000e+00 0.000000000000000000e+00 1.600000000000000089e+00 -1.938999999999999968e-03 -1.175900000000000035e-02 9.999289999999999567e-01 3.150510000000000255e-01 -9.490159999999999707e-01 -1.054899999999999935e-02 9.490730000000000555e-01 3.150089999999999835e-01 5.544000000000000317e-03
2.200000000000000000e+01 1.600000000000000000e+01 4.000000000000000000e+00 0.000000000000000000e+00 1.600000000000000089e+00 2.784000000000000016e-03 -1.399199999999999923e-02 9.998979999999999535e-01 3.130749999999999922e-01 -9.496229999999999949e-01 -1.416000000000000071e-02 9.497240000000000126e-01 3.130820000000000269e-01 1.737000000000000046e-03
2.500000000000000000e+01 1.600000000000000000e+01 4.000000000000000000e+00 0.000000000000000000e+00 1.600000000000000089e+00 2.475000000000000203e-03 -1.925299999999999928e-02 9.998120000000000340e-01 3.158250000000000224e-01 -9.486259999999999692e-01 -1.904899999999999996e-02 9.488140000000000462e-01 3.158130000000000104e-01 3.733000000000000207e-03
1.300000000000000000e+01 1.010000000000000000e+02 7.000000000000000000e+00 0.000000000000000000e+00 1.600000000000000089e+00 -1.069999999999999988e-04 -9.518999999999999684e-03 9.999550000000000383e-01 8.865389999999999660e-01 4.626319999999999877e-01 4.499000000000000395e-03 -4.626540000000000097e-01 8.864990000000000370e-01 8.389000000000000623e-03
1.800000000000000000e+01 1.010000000000000000e+02 7.000000000000000000e+00 0.000000000000000000e+00 1.600000000000000089e+00 2.869000000000000022e-03 4.028999999999999596e-03 9.999879999999999880e-01 8.856880000000000308e-01 4.642600000000000060e-01 -4.412000000000000123e-03 -4.642729999999999912e-01 8.856899999999999773e-01 -2.236000000000000140e-03
1.500000000000000000e+01 1.500000000000000000e+01 8.000000000000000000e+00 0.000000000000000000e+00 1.600000000000000089e+00 -3.534999999999999948e-03 -1.027100000000000062e-02 -9.999409999999999688e-01 -5.663939999999999531e-01 -8.240680000000000227e-01 1.046700000000000061e-02 -8.241270000000000540e-01 5.663979999999999571e-01 -2.903999999999999897e-03
1.900000000000000000e+01 1.500000000000000000e+01 8.000000000000000000e+00 0.000000000000000000e+00 1.600000000000000089e+00 -4.498000000000000262e-03 -9.315999999999999628e-03 -9.999460000000000015e-01 -5.655480000000000507e-01 -8.246520000000000516e-01 1.022699999999999998e-02 -8.247029999999999639e-01 5.655639999999999556e-01 -1.559999999999999972e-03
2.200000000000000000e+01 1.500000000000000000e+01 8.000000000000000000e+00 0.000000000000000000e+00 1.600000000000000089e+00 -7.597999999999999719e-03 -1.154299999999999944e-02 -9.999050000000000438e-01 -5.656400000000000317e-01 -8.245360000000000467e-01 1.381699999999999942e-02 -8.246170000000000444e-01 5.656910000000000549e-01 -2.649999999999999903e-04
2.600000000000000000e+01 1.500000000000000000e+01 8.000000000000000000e+00 0.000000000000000000e+00 1.600000000000000089e+00 -7.653000000000000080e-03 -1.735199999999999937e-02 -9.998200000000000420e-01 -5.678889999999999771e-01 -8.228950000000000431e-01 1.862799999999999873e-02 -8.230699999999999683e-01 5.679290000000000171e-01 -3.556999999999999832e-03
6.000000000000000000e+00 2.600000000000000000e+01 8.000000000000000000e+00 0.000000000000000000e+00 1.600000000000000089e+00 4.500999999999999793e-03 -1.164800000000000037e-02 -9.999219999999999775e-01 4.271079999999999877e-01 9.041599999999999637e-01 -8.609999999999999598e-03 9.041890000000000205e-01 -4.270360000000000267e-01 9.044999999999999221e-03
1.200000000000000000e+01 2.600000000000000000e+01 8.000000000000000000e+00 0.000000000000000000e+00 1.600000000000000089e+00 2.099000000000000171e-03 4.224999999999999589e-03 -9.999890000000000168e-01 4.252940000000000054e-01 9.050430000000000419e-01 4.716999999999999839e-03 9.050529999999999964e-01 -4.252989999999999826e-01 1.029999999999999964e-04
1.900000000000000000e+01 2.600000000000000000e+01 8.000000000000000000e+00 0.000000000000000000e+00 1.600000000000000089e+00 1.905999999999999925e-03 8.281000000000000166e-03 -9.999639999999999640e-01 4.237199999999999855e-01 9.057549999999999768e-01 8.309000000000000413e-03 9.057910000000000128e-01 -4.237210000000000143e-01 -1.781999999999999947e-03
2.400000000000000000e+01 2.600000000000000000e+01 8.000000000000000000e+00 0.000000000000000000e+00 1.600000000000000089e+00 5.746000000000000239e-03 2.548800000000000024e-02 -9.996589999999999643e-01 4.206019999999999759e-01 9.068859999999999699e-01 2.554000000000000020e-02 9.072270000000000056e-01 -4.206050000000000066e-01 -5.509000000000000008e-03
2.700000000000000000e+01 2.600000000000000000e+01 8.000000000000000000e+00 0.000000000000000000e+00 1.600000000000000089e+00 6.624999999999999813e-03 1.942400000000000029e-02 -9.997890000000000388e-01 4.176010000000000000e-01 9.084010000000000140e-01 2.041499999999999912e-02 9.086060000000000247e-01 -4.176480000000000192e-01 -2.092999999999999809e-03
5.000000000000000000e+00 1.400000000000000000e+01 9.000000000000000000e+00 0.000000000000000000e+00 1.600000000000000089e+00 -3.099999999999999891e-03 -1.209400000000000058e-02 -9.999219999999999775e-01 -5.587130000000000152e-01 -8.292770000000000419e-01 1.176199999999999989e-02 -8.293549999999999534e-01 5.587060000000000359e-01 -4.186999999999999750e-03
1.300000000000000000e+01 1.400000000000000000e+01 9.000000000000000000e+00 0.000000000000000000e+00 1.600000000000000089e+00 -2.922000000000000118e-03 -5.667000000000000162e-03 -9.999799999999999800e-01 -5.607779999999999987e-01 -8.279419999999999558e-01 6.330999999999999822e-03 -8.279609999999999470e-01 5.607849999999999779e-01 -7.590000000000000175e-04
1.900000000000000000e+01 1.400000000000000000e+01 9.000000000000000000e+00 0.000000000000000000e+00 1.600000000000000089e+00 -5.107000000000000428e-03 -1.135199999999999924e-02 -9.999230000000000063e-01 -5.616090000000000249e-01 -8.273120000000000474e-01 1.226099999999999933e-02 -8.273869999999999836e-01 5.616280000000000161e-01 -2.150000000000000001e-03
2.300000000000000000e+01 3.100000000000000000e+01 1.200000000000000000e+01 0.000000000000000000e+00 1.600000000000000089e+00 1.634999999999999952e-03 2.005999999999999971e-03 9.999970000000000248e-01 -1.483399999999999996e-02 9.998879999999999990e-01 -1.981000000000000122e-03 -9.998890000000000278e-01 -1.483100000000000043e-02 1.663999999999999898e-03
2.900000000000000000e+01 3.100000000000000000e+01 1.200000000000000000e+01 0.000000000000000000e+00 1.600000000000000089e+00 9.120000000000000502e-04 2.664999999999999834e-03 9.999959999999999960e-01 -1.525199999999999993e-02 9.998799999999999910e-01 -2.650000000000000012e-03 -9.998829999999999663e-01 -1.524999999999999967e-02 9.529999999999999626e-04
3.000000000000000000e+00 3.200000000000000000e+01 1.400000000000000000e+01 0.000000000000000000e+00 1.600000000000000089e+00 2.770200000000000093e-02 -6.361700000000000688e-02 -9.975899999999999768e-01 8.481400000000000050e-02 9.945239999999999636e-01 -6.106700000000000322e-02 9.960120000000000084e-01 -8.291800000000000559e-02 3.294600000000000306e-02
1.500000000000000000e+01 1.200000000000000000e+01 1.500000000000000000e+01 0.000000000000000000e+00 1.600000000000000089e+00 -8.419999999999999750e-04 -5.118000000000000153e-03 -9.999869999999999592e-01 -4.653510000000000146e-01 -8.851130000000000386e-01 4.922000000000000160e-03 -8.851259999999999684e-01 4.653490000000000126e-01 -1.637000000000000000e-03
2.100000000000000000e+01 1.200000000000000000e+01 1.500000000000000000e+01 0.000000000000000000e+00 1.600000000000000089e+00 -4.044999999999999984e-03 -6.620000000000000016e-03 -9.999700000000000255e-01 -4.690309999999999757e-01 -8.831480000000000441e-01 7.742999999999999883e-03 -8.831719999999999571e-01 4.690480000000000205e-01 4.670000000000000214e-04
4.000000000000000000e+00 2.000000000000000000e+00 1.900000000000000000e+01 0.000000000000000000e+00 1.600000000000000089e+00 -4.409999999999999858e-04 6.350999999999999875e-03 -9.999799999999999800e-01 1.328290000000000026e-01 -9.911189999999999722e-01 -6.354000000000000273e-03 -9.911389999999999922e-01 -1.328290000000000026e-01 -4.070000000000000267e-04
1.300000000000000000e+01 2.000000000000000000e+00 1.900000000000000000e+01 0.000000000000000000e+00 1.600000000000000089e+00 -1.060000000000000016e-04 -1.301999999999999989e-03 -9.999989999999999712e-01 1.375339999999999896e-01 -9.904960000000000431e-01 1.275000000000000092e-03 -9.904969999999999608e-01 -1.375329999999999886e-01 2.840000000000000185e-04
1.500000000000000000e+01 2.000000000000000000e+00 1.900000000000000000e+01 0.000000000000000000e+00 1.600000000000000089e+00 -6.059999999999999849e-04 -1.765000000000000076e-03 -9.999980000000000535e-01 1.415379999999999971e-01 -9.899310000000000054e-01 1.660999999999999933e-03 -9.899329999999999519e-01 -1.415369999999999961e-01 8.499999999999999526e-04
1.800000000000000000e+01 2.000000000000000000e+00 1.900000000000000000e+01 0.000000000000000000e+00 1.600000000000000089e+00 -1.413999999999999892e-03 -1.183999999999999940e-03 -9.999980000000000535e-01 1.458359999999999934e-01 -9.893079999999999652e-01 9.650000000000000374e-04 -9.893079999999999652e-01 -1.458339999999999914e-01 1.572000000000000047e-03
2.800000000000000000e+01 2.000000000000000000e+00 1.900000000000000000e+01 0.000000000000000000e+00 1.600000000000000089e+00 2.536000000000000060e-03 5.119999999999999768e-04 -9.999970000000000248e-01 1.531899999999999928e-01 -9.881969999999999921e-01 -1.169999999999999979e-04 -9.881940000000000168e-01 -1.531889999999999918e-01 -2.585000000000000058e-03
1.000000000000000000e+01 1.300000000000000000e+01 2.000000000000000000e+01 0.000000000000000000e+00 1.600000000000000089e+00 -1.984000000000000086e-03 -3.836000000000000000e-03 9.999909999999999632e-01 2.519199999999999773e-01 9.677390000000000159e-01 4.211999999999999598e-03 -9.677459999999999951e-01 2.519259999999999833e-01 -9.539999999999999869e-04
1.600000000000000000e+01 1.300000000000000000e+01 2.000000000000000000e+01 0.000000000000000000e+00 1.600000000000000089e+00 4.449999999999999746e-04 -1.337000000000000081e-03 9.999989999999999712e-01 2.518659999999999788e-01 9.677620000000000111e-01 1.182000000000000108e-03 -9.677620000000000111e-01 2.518650000000000055e-01 7.669999999999999951e-04
2.200000000000000000e+01 1.300000000000000000e+01 2.000000000000000000e+01 0.000000000000000000e+00 1.600000000000000089e+00 1.144000000000000052e-03 5.125000000000000215e-03 9.999860000000000415e-01 2.531180000000000097e-01 9.674209999999999754e-01 -5.248000000000000061e-03 -9.674350000000000449e-01 2.531209999999999849e-01 -1.910000000000000077e-04
2.800000000000000000e+01 1.300000000000000000e+01 2.000000000000000000e+01 0.000000000000000000e+00 1.600000000000000089e+00 3.789999999999999966e-04 4.805000000000000243e-03 9.999879999999999880e-01 2.513909999999999756e-01 9.678740000000000121e-01 -4.746000000000000218e-03 -9.678860000000000241e-01 2.513900000000000023e-01 -8.409999999999999507e-04
1.300000000000000000e+01 1.600000000000000000e+01 2.100000000000000000e+01 0.000000000000000000e+00 1.600000000000000089e+00 -5.289999999999999564e-04 -5.368000000000000375e-03 9.999850000000000128e-01 2.998930000000000207e-01 9.539579999999999727e-01 5.278999999999999838e-03 -9.539729999999999599e-01 2.998919999999999919e-01 1.105000000000000079e-03
2.800000000000000000e+01 1.600000000000000000e+01 2.100000000000000000e+01 0.000000000000000000e+00 1.600000000000000089e+00 -5.330000000000000536e-04 -5.910000000000000539e-04 1.000000000000000000e+00 2.976199999999999957e-01 9.546839999999999771e-01 7.230000000000000098e-04 -9.546839999999999771e-01 2.976210000000000244e-01 -3.319999999999999926e-04
1.700000000000000000e+01 4.600000000000000000e+01 2.700000000000000000e+01 0.000000000000000000e+00 1.600000000000000089e+00 1.804999999999999964e-03 4.960000000000000216e-04 -9.999980000000000535e-01 6.654679999999999485e-01 7.464250000000000052e-01 1.570999999999999914e-03 7.464239999999999764e-01 -6.654689999999999772e-01 1.016999999999999892e-03
2.400000000000000000e+01 4.600000000000000000e+01 2.700000000000000000e+01 0.000000000000000000e+00 1.600000000000000089e+00 1.217999999999999899e-03 2.171999999999999886e-03 -9.999970000000000248e-01 6.775849999999999929e-01 7.354410000000000114e-01 2.422999999999999807e-03 7.354439999999999866e-01 -6.775849999999999929e-01 -5.760000000000000146e-04
2.800000000000000000e+01 4.600000000000000000e+01 2.700000000000000000e+01 0.000000000000000000e+00 1.600000000000000089e+00 1.546000000000000065e-03 1.639999999999999965e-03 -9.999970000000000248e-01 6.839420000000000499e-01 7.295329999999999870e-01 2.253999999999999927e-03 7.295350000000000446e-01 -6.839439999999999964e-01 6.000000000000000152e-06
2.000000000000000000e+00 4.600000000000000000e+01 3.000000000000000000e+01 0.000000000000000000e+00 1.600000000000000089e+00 3.054999999999999990e-03 1.046000000000000055e-03 -9.999949999999999672e-01 3.253090000000000148e-01 9.456059999999999466e-01 1.982999999999999954e-03 9.456029999999999713e-01 -3.253139999999999921e-01 2.549000000000000050e-03
9.000000000000000000e+00 4.600000000000000000e+01 3.000000000000000000e+01 0.000000000000000000e+00 1.600000000000000089e+00 -8.289999999999999843e-04 -1.461000000000000059e-03 -9.999989999999999712e-01 3.233759999999999968e-01 9.462690000000000268e-01 -1.650999999999999907e-03 9.462699999999999445e-01 -3.233770000000000255e-01 -3.119999999999999944e-04
1.900000000000000000e+01 4.600000000000000000e+01 3.000000000000000000e+01 0.000000000000000000e+00 1.600000000000000089e+00 8.030000000000000028e-04 1.190000000000000058e-04 -1.000000000000000000e+00 3.241049999999999764e-01 9.460210000000000008e-01 3.730000000000000134e-04 9.460210000000000008e-01 -3.241049999999999764e-01 7.209999999999999612e-04
2.300000000000000000e+01 4.600000000000000000e+01 3.000000000000000000e+01 0.000000000000000000e+00 1.600000000000000089e+00 -6.040000000000000447e-04 6.599999999999999964e-04 -1.000000000000000000e+00 3.314790000000000236e-01 9.434620000000000228e-01 4.220000000000000118e-04 9.434620000000000228e-01 -3.314790000000000236e-01 -7.889999999999999878e-04
6.000000000000000000e+00 5.800000000000000000e+01 3.100000000000000000e+01 0.000000000000000000e+00 1.600000000000000089e+00 -3.762999999999999852e-03 -5.039000000000000076e-03 9.999799999999999800e-01 -7.692409999999999526e-01 -6.389289999999999692e-01 -6.114999999999999776e-03 6.389479999999999604e-01 -7.692489999999999606e-01 -1.472000000000000001e-03
9.000000000000000000e+00 5.800000000000000000e+01 3.100000000000000000e+01 0.000000000000000000e+00 1.600000000000000089e+00 -3.895000000000000025e-03 -4.837000000000000154e-03 9.999810000000000088e-01 -7.709120000000000417e-01 -6.369120000000000337e-01 -6.082999999999999866e-03 6.369299999999999962e-01 -7.709209999999999674e-01 -1.247999999999999977e-03
1.200000000000000000e+01 5.800000000000000000e+01 3.100000000000000000e+01 0.000000000000000000e+00 1.600000000000000089e+00 -5.525999999999999662e-03 -4.354000000000000231e-03 9.999749999999999472e-01 -7.698169999999999735e-01 -6.382250000000000423e-01 -7.033000000000000189e-03 6.382400000000000295e-01 -7.698369999999999935e-01 1.749999999999999982e-04
1.600000000000000000e+01 5.800000000000000000e+01 3.100000000000000000e+01 0.000000000000000000e+00 1.600000000000000089e+00 -4.584000000000000401e-03 -5.418000000000000073e-03 9.999749999999999472e-01 -7.713309999999999889e-01 -6.363959999999999617e-01 -6.983999999999999757e-03 6.364180000000000392e-01 -7.713440000000000296e-01 -1.262000000000000101e-03
1.900000000000000000e+01 5.800000000000000000e+01 3.100000000000000000e+01 0.000000000000000000e+00 1.600000000000000089e+00 -2.226000000000000114e-03 -5.091000000000000039e-03 9.999850000000000128e-01 -7.726950000000000207e-01 -6.347580000000000444e-01 -4.951999999999999805e-03 6.347730000000000317e-01 -7.726939999999999920e-01 -2.520999999999999804e-03
2.700000000000000000e+01 5.800000000000000000e+01 3.100000000000000000e+01 0.000000000000000000e+00 1.600000000000000089e+00 -2.177999999999999815e-03 3.699999999999999811e-05 9.999980000000000535e-01 -7.756790000000000074e-01 -6.311250000000000471e-01 -1.665999999999999946e-03 6.311240000000000183e-01 -7.756809999999999539e-01 1.402999999999999950e-03
1.200000000000000000e+01 6.000000000000000000e+00 3.200000000000000000e+01 0.000000000000000000e+00 1.600000000000000089e+00 1.551000000000000078e-03 1.948999999999999995e-03 -9.999970000000000248e-01 2.298250000000000015e-01 9.732290000000000108e-01 2.253999999999999927e-03 9.732309999999999572e-01 -2.298280000000000045e-01 1.062000000000000010e-03
2.200000000000000000e+01 6.000000000000000000e+00 3.200000000000000000e+01 0.000000000000000000e+00 1.600000000000000089e+00 -3.159999999999999832e-04 3.910000000000000281e-03 -9.999919999999999920e-01 1.996729999999999894e-01 9.798550000000000315e-01 3.768000000000000082e-03 9.798630000000000395e-01 -1.996709999999999874e-01 -1.090000000000000040e-03
4.000000000000000000e+00 4.600000000000000000e+01 3.500000000000000000e+01 0.000000000000000000e+00 1.600000000000000089e+00 -1.075999999999999917e-03 -7.759999999999999971e-04 -9.999989999999999712e-01 3.863949999999999885e-01 -9.223329999999999584e-01 2.999999999999999737e-04 -9.223329999999999584e-01 -3.863940000000000152e-01 1.291999999999999963e-03
9.000000000000000000e+00 4.600000000000000000e+01 3.500000000000000000e+01 0.000000000000000000e+00 1.600000000000000089e+00 -1.700000000000000122e-04 -5.181999999999999974e-03 -9.999869999999999592e-01 3.853269999999999751e-01 -9.227680000000000327e-01 4.715999999999999706e-03 -9.227800000000000447e-01 -3.853210000000000246e-01 2.154000000000000099e-03
1.400000000000000000e+01 4.600000000000000000e+01 3.500000000000000000e+01 0.000000000000000000e+00 1.600000000000000089e+00 -7.720000000000000083e-04 7.960000000000000495e-04 -9.999989999999999712e-01 3.854830000000000201e-01 -9.227140000000000342e-01 -1.031999999999999931e-03 -9.227149999999999519e-01 -3.854830000000000201e-01 4.060000000000000024e-04
1.700000000000000000e+01 4.600000000000000000e+01 3.500000000000000000e+01 0.000000000000000000e+00 1.600000000000000089e+00 6.059999999999999849e-04 -2.118000000000000091e-03 -9.999980000000000535e-01 3.869179999999999842e-01 -9.221120000000000427e-01 2.187999999999999841e-03 -9.221139999999999892e-01 -3.869179999999999842e-01 2.610000000000000015e-04
2.400000000000000000e+01 4.600000000000000000e+01 3.500000000000000000e+01 0.000000000000000000e+00 1.600000000000000089e+00 -1.749999999999999982e-04 5.153999999999999727e-03 -9.999869999999999592e-01 3.875649999999999928e-01 -9.218300000000000383e-01 -4.819000000000000367e-03 -9.218420000000000503e-01 -3.875609999999999888e-01 -1.835999999999999958e-03
2.900000000000000000e+01 4.600000000000000000e+01 3.500000000000000000e+01 0.000000000000000000e+00 1.600000000000000089e+00 -3.849999999999999798e-04 1.327000000000000055e-03 -9.999989999999999712e-01 3.864020000000000232e-01 -9.223289999999999544e-01 -1.373000000000000088e-03 -9.223299999999999832e-01 -3.864020000000000232e-01 -1.579999999999999916e-04
2.000000000000000000e+00 9.500000000000000000e+01 3.600000000000000000e+01 0.000000000000000000e+00 1.600000000000000089e+00 -6.269999999999999532e-04 -6.989000000000000420e-03 9.999749999999999472e-01 9.960740000000000149e-01 8.851699999999999846e-02 1.242999999999999964e-03 -8.852400000000000546e-02 9.960499999999999909e-01 6.905999999999999812e-03
6.000000000000000000e+00 9.500000000000000000e+01 3.600000000000000000e+01 0.000000000000000000e+00 1.600000000000000089e+00 -3.810000000000000019e-03 -7.703999999999999911e-03 9.999630000000000463e-01 9.963119999999999754e-01 8.568800000000000028e-02 4.455999999999999892e-03 -8.571900000000000353e-02 9.962919999999999554e-01 7.349999999999999763e-03
1.100000000000000000e+01 9.500000000000000000e+01 3.600000000000000000e+01 0.000000000000000000e+00 1.600000000000000089e+00 -9.049999999999999885e-04 -2.827999999999999785e-03 9.999959999999999960e-01 9.963490000000000402e-01 8.536499999999999644e-02 1.142999999999999919e-03 -8.536799999999999944e-02 9.963459999999999539e-01 2.739999999999999814e-03
1.400000000000000000e+01 9.500000000000000000e+01 3.600000000000000000e+01 0.000000000000000000e+00 1.600000000000000089e+00 -1.510000000000000112e-04 -7.830999999999999420e-03 9.999689999999999968e-01 9.961830000000000407e-01 8.728400000000000047e-02 8.339999999999999974e-04 -8.728800000000000447e-02 9.961529999999999552e-01 7.787999999999999784e-03
2.100000000000000000e+01 9.500000000000000000e+01 3.600000000000000000e+01 0.000000000000000000e+00 1.600000000000000089e+00 6.207999999999999977e-03 1.001499999999999960e-02 9.999310000000000143e-01 9.965509999999999646e-01 8.268100000000000449e-02 -7.015000000000000402e-03 -8.274600000000000011e-02 9.965260000000000229e-01 -9.466999999999999721e-03
2.400000000000000000e+01 9.500000000000000000e+01 3.600000000000000000e+01 0.000000000000000000e+00 1.600000000000000089e+00 3.631000000000000113e-03 2.638999999999999853e-03 9.999900000000000455e-01 9.961210000000000342e-01 8.790900000000000103e-02 -3.848999999999999991e-03 -8.791799999999999615e-02 9.961250000000000382e-01 -2.309999999999999987e-03
2.900000000000000000e+01 9.500000000000000000e+01 3.600000000000000000e+01 0.000000000000000000e+00 1.600000000000000089e+00 -1.599999999999999928e-05 -9.870000000000000301e-04 1.000000000000000000e+00 9.960919999999999774e-01 8.832299999999999873e-02 1.029999999999999964e-04 -8.832299999999999873e-02 9.960909999999999487e-01 9.820000000000000170e-04
8.000000000000000000e+00 2.900000000000000000e+01 4.400000000000000000e+01 0.000000000000000000e+00 1.600000000000000089e+00 -1.269999999999999970e-04 -4.250000000000000305e-03 -9.999909999999999632e-01 6.598840000000000261e-01 7.513600000000000279e-01 -3.276999999999999965e-03 7.513680000000000359e-01 -6.598779999999999646e-01 2.709000000000000036e-03
1.100000000000000000e+01 2.900000000000000000e+01 4.400000000000000000e+01 0.000000000000000000e+00 1.600000000000000089e+00 -1.286999999999999950e-03 -7.275000000000000216e-03 -9.999730000000000008e-01 6.596509999999999874e-01 7.515460000000000473e-01 -6.316999999999999699e-03 7.515709999999999891e-01 -6.596410000000000329e-01 3.831999999999999903e-03
1.500000000000000000e+01 2.900000000000000000e+01 4.400000000000000000e+01 0.000000000000000000e+00 1.600000000000000089e+00 -9.600000000000000243e-05 -4.872999999999999728e-03 -9.999879999999999880e-01 6.597239999999999771e-01 7.514990000000000281e-01 -3.725000000000000012e-03 7.515079999999999538e-01 -6.597169999999999979e-01 3.142999999999999960e-03
2.500000000000000000e+01 2.900000000000000000e+01 4.400000000000000000e+01 0.000000000000000000e+00 1.600000000000000089e+00 3.787000000000000002e-03 3.396000000000000147e-03 -9.999869999999999592e-01 6.707589999999999941e-01 7.416580000000000394e-01 5.059000000000000129e-03 7.416650000000000187e-01 -6.707699999999999774e-01 5.299999999999999807e-04
2.800000000000000000e+01 6.500000000000000000e+01 4.600000000000000000e+01 0.000000000000000000e+00 1.600000000000000089e+00 -2.665999999999999967e-03 9.039999999999999642e-04 9.999959999999999960e-01 6.844999999999999973e-01 -7.290090000000000181e-01 2.484000000000000097e-03 7.290079999999999893e-01 6.845040000000000013e-01 1.324000000000000090e-03
1.100000000000000000e+01 7.000000000000000000e+01 4.700000000000000000e+01 0.000000000000000000e+00 1.600000000000000089e+00 -1.969999999999999909e-04 1.173999999999999913e-03 -9.999989999999999712e-01 -8.429210000000000313e-01 -5.380369999999999875e-01 -4.659999999999999971e-04 -5.380369999999999875e-01 8.429210000000000313e-01 1.095000000000000053e-03
1.900000000000000000e+01 5.000000000000000000e+00 5.100000000000000000e+01 0.000000000000000000e+00 1.600000000000000089e+00 4.049999999999999781e-04 6.956999999999999643e-03 -9.999759999999999760e-01 4.735369999999999857e-01 -8.807540000000000369e-01 -5.936000000000000304e-03 -8.807739999999999458e-01 -4.735230000000000272e-01 -3.651999999999999864e-03
9.000000000000000000e+00 1.500000000000000000e+01 5.300000000000000000e+01 0.000000000000000000e+00 1.600000000000000089e+00 2.260999999999999989e-03 3.899999999999999821e-03 -9.999900000000000455e-01 6.755710000000000326e-01 7.372809999999999642e-01 4.402999999999999796e-03 7.372910000000000297e-01 -6.755740000000000078e-01 -9.680000000000000019e-04
8.000000000000000000e+00 6.300000000000000000e+01 5.400000000000000000e+01 0.000000000000000000e+00 1.600000000000000089e+00 1.101999999999999898e-03 -1.369999999999999907e-03 9.999980000000000535e-01 -3.572960000000000025e-01 9.339899999999999869e-01 1.673000000000000008e-03 -9.339899999999999869e-01 -3.572980000000000045e-01 5.400000000000000069e-04
1.400000000000000000e+01 6.300000000000000000e+01 5.400000000000000000e+01 0.000000000000000000e+00 1.600000000000000089e+00 -1.417999999999999990e-03 -2.614000000000000004e-03 9.999959999999999960e-01 -3.521989999999999843e-01 9.359229999999999494e-01 1.946999999999999946e-03 -9.359239999999999782e-01 -3.521949999999999803e-01 -2.247999999999999998e-03
1.900000000000000000e+01 6.300000000000000000e+01 5.400000000000000000e+01 0.000000000000000000e+00 1.600000000000000089e+00 -2.829999999999999942e-04 5.500000000000000196e-05 1.000000000000000000e+00 -3.524269999999999903e-01 9.358389999999999764e-01 -1.510000000000000112e-04 -9.358389999999999764e-01 -3.524269999999999903e-01 -2.449999999999999921e-04
2.300000000000000000e+01 6.300000000000000000e+01 5.400000000000000000e+01 0.000000000000000000e+00 1.600000000000000089e+00 -7.039999999999999817e-04 1.036000000000000029e-03 9.999989999999999712e-01 -3.516630000000000034e-01 9.361260000000000137e-01 -1.216999999999999983e-03 -9.361270000000000424e-01 -3.516630000000000034e-01 -2.939999999999999905e-04
2.800000000000000000e+01 6.300000000000000000e+01 5.400000000000000000e+01 0.000000000000000000e+00 1.600000000000000089e+00 -4.319999999999999838e-04 -1.219000000000000031e-03 9.999989999999999712e-01 -3.529780000000000140e-01 9.356309999999999905e-01 9.879999999999999460e-04 -9.356320000000000192e-01 -3.529769999999999852e-01 -8.339999999999999974e-04
3.000000000000000000e+00 2.500000000000000000e+01 5.500000000000000000e+01 0.000000000000000000e+00 1.600000000000000089e+00 -3.280000000000000038e-04 8.720000000000000537e-04 -1.000000000000000000e+00 -1.100300000000000063e-02 -9.999390000000000223e-01 -8.679999999999999565e-04 -9.999390000000000223e-01 1.100199999999999963e-02 3.379999999999999758e-04
1.000000000000000000e+01 2.500000000000000000e+01 5.500000000000000000e+01 0.000000000000000000e+00 1.600000000000000089e+00 9.899999999999999404e-05 2.436999999999999930e-03 -9.999970000000000248e-01 -9.440999999999999739e-03 -9.999519999999999520e-01 -2.436999999999999930e-03 -9.999550000000000383e-01 9.440999999999999739e-03 -7.600000000000000418e-05
1.700000000000000000e+01 2.500000000000000000e+01 5.500000000000000000e+01 0.000000000000000000e+00 1.600000000000000089e+00 -3.519999999999999908e-04 -4.000000000000000083e-03 -9.999919999999999920e-01 -1.111099999999999935e-02 -9.999299999999999855e-01 4.003999999999999747e-03 -9.999379999999999935e-01 1.111200000000000035e-02 3.080000000000000055e-04
2.100000000000000000e+01 2.500000000000000000e+01 5.500000000000000000e+01 0.000000000000000000e+00 1.600000000000000089e+00 -4.000000000000000192e-04 3.785000000000000170e-03 -9.999930000000000208e-01 -1.198100000000000033e-02 -9.999209999999999487e-01 -3.778999999999999807e-03 -9.999280000000000390e-01 1.197900000000000006e-02 4.449999999999999746e-04
2.400000000000000000e+01 2.500000000000000000e+01 5.500000000000000000e+01 0.000000000000000000e+00 1.600000000000000089e+00 -4.090000000000000211e-04 3.249000000000000152e-03 -9.999949999999999672e-01 -1.213900000000000048e-02 -9.999209999999999487e-01 -3.243999999999999922e-03 -9.999259999999999815e-01 1.213700000000000022e-02 4.490000000000000176e-04
3.000000000000000000e+01 2.500000000000000000e+01 5.500000000000000000e+01 0.000000000000000000e+00 1.600000000000000089e+00 2.059999999999999928e-04 -1.386000000000000079e-03 -9.999989999999999712e-01 -1.129199999999999995e-02 -9.999350000000000183e-01 1.384000000000000031e-03 -9.999360000000000470e-01 1.129199999999999995e-02 -2.220000000000000022e-04
4.000000000000000000e+00 7.000000000000000000e+00 6.000000000000000000e+01 0.000000000000000000e+00 1.600000000000000089e+00 -2.860000000000000129e-04 1.394000000000000057e-03 9.999989999999999712e-01 5.653690000000000104e-01 -8.248370000000000424e-01 1.311000000000000099e-03 8.248379999999999601e-01 5.653679999999999817e-01 -5.519999999999999733e-04
8.000000000000000000e+00 7.000000000000000000e+00 6.000000000000000000e+01 0.000000000000000000e+00 1.600000000000000089e+00 4.059000000000000108e-03 3.750999999999999994e-03 9.999850000000000128e-01 5.622589999999999533e-01 -8.269609999999999461e-01 8.199999999999999824e-04 8.269509999999999916e-01 5.622479999999999700e-01 -5.466000000000000372e-03
2.700000000000000000e+01 7.000000000000000000e+00 6.000000000000000000e+01 0.000000000000000000e+00 1.600000000000000089e+00 -3.595999999999999804e-03 1.955999999999999839e-03 9.999919999999999920e-01 5.656670000000000309e-01 -8.246259999999999701e-01 3.647000000000000068e-03 8.246259999999999701e-01 5.656750000000000389e-01 1.858999999999999975e-03
6.000000000000000000e+00 2.100000000000000000e+01 6.000000000000000000e+01 0.000000000000000000e+00 1.600000000000000089e+00 -5.609999999999999752e-04 1.492999999999999969e-03 9.999989999999999712e-01 -9.737500000000000322e-02 9.952469999999999928e-01 -1.541000000000000052e-03 -9.952480000000000215e-01 -9.737600000000000422e-02 -4.130000000000000099e-04
1.000000000000000000e+01 2.100000000000000000e+01 6.000000000000000000e+01 0.000000000000000000e+00 1.600000000000000089e+00 -2.359999999999999902e-04 2.376000000000000074e-03 9.999970000000000248e-01 -9.704400000000000526e-02 9.952769999999999673e-01 -2.387999999999999932e-03 -9.952800000000000535e-01 -9.704400000000000526e-02 -5.000000000000000409e-06
2.600000000000000000e+01 2.100000000000000000e+01 6.000000000000000000e+01 0.000000000000000000e+00 1.600000000000000089e+00 -2.018999999999999961e-03 -1.600000000000000033e-02 9.998700000000000365e-01 -9.418799999999999395e-02 9.954300000000000370e-01 1.573899999999999952e-02 -9.955519999999999925e-01 -9.414400000000000546e-02 -3.517000000000000161e-03
1.500000000000000000e+01 4.000000000000000000e+00 6.200000000000000000e+01 0.000000000000000000e+00 1.600000000000000089e+00 -2.990000000000000036e-04 8.108000000000000623e-03 9.999670000000000503e-01 -6.168029999999999902e-01 7.870899999999999563e-01 -6.565999999999999788e-03 -7.871179999999999843e-01 -6.167850000000000277e-01 4.766000000000000271e-03
4.000000000000000000e+00 2.700000000000000000e+01 6.300000000000000000e+01 0.000000000000000000e+00 1.600000000000000089e+00 -2.345999999999999995e-03 5.990000000000000316e-04 9.999970000000000248e-01 -2.764570000000000083e-01 9.610250000000000181e-01 -1.224000000000000045e-03 -9.610229999999999606e-01 -2.764590000000000103e-01 -2.089000000000000145e-03
1.000000000000000000e+01 2.700000000000000000e+01 6.300000000000000000e+01 0.000000000000000000e+00 1.600000000000000089e+00 2.214999999999999955e-03 -1.438000000000000042e-03 9.999959999999999960e-01 -2.713220000000000076e-01 9.624869999999999814e-01 1.984999999999999785e-03 -9.624859999999999527e-01 -2.713260000000000116e-01 1.740999999999999926e-03
1.600000000000000000e+01 2.700000000000000000e+01 6.300000000000000000e+01 0.000000000000000000e+00 1.600000000000000089e+00 1.781000000000000031e-03 -8.063999999999999987e-03 9.999660000000000215e-01 -2.766710000000000003e-01 9.609290000000000331e-01 8.241999999999999327e-03 -9.609630000000000116e-01 -2.766759999999999775e-01 -5.199999999999999544e-04
2.100000000000000000e+01 2.700000000000000000e+01 6.300000000000000000e+01 0.000000000000000000e+00 1.600000000000000089e+00 -1.090000000000000067e-04 1.987000000000000051e-03 9.999980000000000535e-01 -2.748570000000000180e-01 9.614829999999999766e-01 -1.940000000000000101e-03 -9.614850000000000341e-01 -2.748570000000000180e-01 4.409999999999999858e-04
2.700000000000000000e+01 2.700000000000000000e+01 6.300000000000000000e+01 0.000000000000000000e+00 1.600000000000000089e+00 -1.688000000000000047e-03 -8.019999999999999352e-03 9.999660000000000215e-01 -2.715859999999999941e-01 9.623869999999999925e-01 7.259999999999999960e-03 -9.624129999999999630e-01 -2.715640000000000276e-01 -3.802999999999999957e-03
4.000000000000000000e+00 2.600000000000000000e+01 6.400000000000000000e+01 0.000000000000000000e+00 1.600000000000000089e+00 -3.212000000000000011e-03 1.789999999999999870e-04 9.999949999999999672e-01 -3.429110000000000213e-01 9.393669999999999520e-01 -1.270000000000000078e-03 -9.393620000000000303e-01 -3.429139999999999966e-01 -2.955999999999999860e-03
1.000000000000000000e+01 2.600000000000000000e+01 6.400000000000000000e+01 0.000000000000000000e+00 1.600000000000000089e+00 1.940000000000000101e-03 -3.641999999999999838e-03 9.999909999999999632e-01 -3.405750000000000166e-01 9.402080000000000437e-01 4.085000000000000089e-03 -9.402150000000000230e-01 -3.405799999999999939e-01 5.829999999999999679e-04
1.500000000000000000e+01 2.600000000000000000e+01 6.400000000000000000e+01 0.000000000000000000e+00 1.600000000000000089e+00 3.550000000000000204e-03 -1.019899999999999973e-02 9.999419999999999975e-01 -3.442040000000000100e-01 9.388330000000000286e-01 1.079800000000000031e-02 -9.388879999999999448e-01 -3.442219999999999724e-01 -1.779999999999999898e-04
2.200000000000000000e+01 2.600000000000000000e+01 6.400000000000000000e+01 0.000000000000000000e+00 1.600000000000000089e+00 -1.405999999999999915e-03 1.059999999999999961e-03 9.999989999999999712e-01 -3.447680000000000189e-01 9.386870000000000491e-01 -1.479999999999999979e-03 -9.386870000000000491e-01 -3.447700000000000209e-01 -9.539999999999999869e-04
2.000000000000000000e+00 6.900000000000000000e+01 6.600000000000000000e+01 0.000000000000000000e+00 1.600000000000000089e+00 4.899999999999999842e-04 5.141999999999999869e-03 9.999869999999999592e-01 -9.511030000000000317e-01 3.088710000000000067e-01 -1.121999999999999950e-03 -3.088719999999999799e-01 -9.510899999999999910e-01 5.041999999999999607e-03
9.000000000000000000e+00 2.500000000000000000e+01 7.300000000000000000e+01 0.000000000000000000e+00 1.600000000000000089e+00 5.956000000000000356e-03 -1.856999999999999927e-03 9.999810000000000088e-01 7.410940000000000305e-01 -6.713780000000000303e-01 -5.661000000000000233e-03 6.713750000000000551e-01 7.411130000000000217e-01 -2.622999999999999898e-03
1.700000000000000000e+01 2.500000000000000000e+01 7.300000000000000000e+01 0.000000000000000000e+00 1.600000000000000089e+00 -1.309000000000000051e-03 2.575000000000000032e-03 9.999959999999999960e-01 7.409900000000000375e-01 -6.715100000000000513e-01 2.699000000000000010e-03 6.715140000000000553e-01 7.409909999999999553e-01 -1.028999999999999967e-03
2.300000000000000000e+01 2.500000000000000000e+01 7.300000000000000000e+01 0.000000000000000000e+00 1.600000000000000089e+00 -9.629999999999999888e-04 3.640000000000000006e-03 9.999930000000000208e-01 7.453189999999999538e-01 -6.666999999999999593e-01 3.144000000000000093e-03 6.667070000000000496e-01 7.453170000000000073e-01 -2.070999999999999924e-03
2.800000000000000000e+01 2.500000000000000000e+01 7.300000000000000000e+01 0.000000000000000000e+00 1.600000000000000089e+00 5.810000000000000277e-04 3.833000000000000036e-03 9.999919999999999920e-01 7.485899999999999777e-01 -6.630300000000000082e-01 2.105999999999999799e-03 6.630329999999999835e-01 7.485829999999999984e-01 -3.255000000000000081e-03
5.000000000000000000e+00 4.400000000000000000e+01 7.300000000000000000e+01 0.000000000000000000e+00 1.600000000000000089e+00 1.332999999999999984e-03 4.597000000000000391e-03 9.999890000000000168e-01 3.784499999999999670e-02 -9.992729999999999668e-01 4.543000000000000163e-03 9.992830000000000323e-01 3.783899999999999764e-02 -1.505999999999999960e-03
1.100000000000000000e+01 4.400000000000000000e+01 7.300000000000000000e+01 0.000000000000000000e+00 1.600000000000000089e+00 2.942000000000000171e-03 1.788000000000000093e-03 9.999940000000000495e-01 3.992199999999999915e-02 -9.992010000000000058e-01 1.668999999999999911e-03 9.991980000000000306e-01 3.991700000000000109e-02 -3.010999999999999788e-03
1.500000000000000000e+01 4.400000000000000000e+01 7.300000000000000000e+01 0.000000000000000000e+00 1.600000000000000089e+00 4.571999999999999675e-03 2.727999999999999956e-03 9.999860000000000415e-01 4.351900000000000213e-02 -9.990489999999999648e-01 2.527000000000000166e-03 9.990419999999999856e-01 4.350699999999999706e-02 -4.686000000000000061e-03
1.800000000000000000e+01 4.400000000000000000e+01 7.300000000000000000e+01 0.000000000000000000e+00 1.600000000000000089e+00 2.211999999999999991e-03 1.623000000000000094e-03 9.999959999999999960e-01 4.580399999999999749e-02 -9.989489999999999759e-01 1.520000000000000084e-03 9.989479999999999471e-01 4.580000000000000043e-02 -2.284000000000000006e-03
2.200000000000000000e+01 4.400000000000000000e+01 7.300000000000000000e+01 0.000000000000000000e+00 1.600000000000000089e+00 6.369999999999999794e-04 1.252999999999999991e-03 9.999989999999999712e-01 4.483100000000000279e-02 -9.989940000000000486e-01 1.222999999999999912e-03 9.989940000000000486e-01 4.483000000000000179e-02 -6.930000000000000396e-04
4.000000000000000000e+00 2.500000000000000000e+01 7.400000000000000000e+01 0.000000000000000000e+00 1.600000000000000089e+00 1.968999999999999830e-03 -4.640000000000000027e-04 9.999980000000000535e-01 8.155569999999999764e-01 -5.786740000000000217e-01 -1.874000000000000015e-03 5.786740000000000217e-01 8.155590000000000339e-01 -7.609999999999999577e-04
2.700000000000000000e+01 2.500000000000000000e+01 7.400000000000000000e+01 0.000000000000000000e+00 1.600000000000000089e+00 4.679999999999999915e-04 3.876999999999999804e-03 9.999919999999999920e-01 8.237970000000000015e-01 -5.668819999999999970e-01 1.812000000000000026e-03 5.668849999999999723e-01 8.237900000000000222e-01 -3.458999999999999835e-03
8.000000000000000000e+00 1.150000000000000000e+02 7.400000000000000000e+01 0.000000000000000000e+00 1.600000000000000089e+00 -4.525799999999999962e-02 4.951300000000000145e-02 -9.977479999999999682e-01 -9.671720000000000317e-01 -2.521809999999999885e-01 3.135700000000000293e-02 -2.500600000000000045e-01 9.664129999999999665e-01 5.930099999999999955e-02
3.000000000000000000e+00 9.100000000000000000e+01 7.600000000000000000e+01 0.000000000000000000e+00 1.600000000000000089e+00 1.361000000000000014e-03 1.527399999999999938e-02 9.998820000000000485e-01 3.049749999999999961e-01 -9.522549999999999626e-01 1.413099999999999946e-02 9.523589999999999556e-01 3.049200000000000244e-01 -5.955000000000000224e-03
