3.000000000000000000e+00 2.500000000000000000e+01 1.000000000000000000e+00 0.000000000000000000e+00 1.600000000000000089e+00 -3.165999999999999977e-03 3.649999999999999816e-04 -9.999949999999999672e-01 -5.230359999999999454e-01 -8.523089999999999833e-01 1.343999999999999926e-03 -8.523049999999999793e-01 5.230380000000000029e-01 2.889000000000000075e-03
1.000000000000000000e+01 2.500000000000000000e+01 1.000000000000000000e+00 0.000000000000000000e+00 1.600000000000000089e+00 -1.479999999999999925e-04 -3.237999999999999993e-03 -9.999949999999999672e-01 -5.225070000000000547e-01 -8.526299999999999990e-01 2.837999999999999811e-03 -8.526350000000000318e-01 5.225049999999999972e-01 -1.565999999999999901e-03
6.000000000000000000e+00 1.500000000000000000e+01 4.000000000000000000e+00 0.000000000000000000e+00 1.600000000000000089e+00 -1.889000000000000054e-03 -7.399000000000000195e-03 9.999710000000000543e-01 3.115209999999999924e-01 -9.502169999999999783e-01 -6.441999999999999810e-03 9.502369999999999983e-01 3.114999999999999991e-01 4.100000000000000346e-03
1.200000000000000000e+01 1.500000000000000000e+01 4.000000000000000000e+00 0.000000000000000000e+00 1.600000000000000089e+00 5.209999999999999788e-04 1.606999999999999922e-03 9.999989999999999712e-01 3.071510000000000074e-01 -9.516599999999999504e-01 1.369999999999999907e-03 9.516609999999999792e-01 3.071490000000000054e-01 -9.899999999999999946e-04
1.600000000000000000e+01 1.500000000000000000e+01 4.000000000000000000e+00 0.000000000000000000e+00 1.600000000000000089e+00 -7.640000000000000306e-04 -1.445000000000000104e-03 9.999989999999999712e-01 3.091369999999999951e-01 -9.510170000000000012e-01 -1.137999999999999906e-03 9.510170000000000012e-01 3.091360000000000219e-01 1.172999999999999998e-03
2.300000000000000000e+01 1.500000000000000000e+01 4.000000000000000000e+00 0.000000000000000000e+00 1.600000000000000089e+00 -6.801999999999999887e-03 -1.377800000000000032e-02 9.998820000000000485e-01 2.990800000000000125e-01 -9.541629999999999834e-01 -1.111299999999999961e-02 9.542040000000000521e-01 2.989689999999999848e-01 1.061100000000000064e-02
2.800000000000000000e+01 1.500000000000000000e+01 4.000000000000000000e+00 0.000000000000000000e+00 1.600000000000000089e+00 -2.994999999999999832e-03 -5.279999999999999971e-03 9.999820000000000375e-01 2.973489999999999744e-01 -9.547600000000000531e-01 -4.151000000000000176e-03 9.547639999999999461e-01 2.973310000000000120e-01 4.428999999999999777e-03
2.900000000000000000e+01 4.000000000000000000e+00 5.000000000000000000e+00 0.000000000000000000e+00 1.600000000000000089e+00 -5.859999999999999758e-03 -2.915399999999999936e-02 9.995579999999999465e-01 2.224270000000000136e-01 -9.745719999999999938e-01 -2.712099999999999927e-02 9.749320000000000208e-01 2.221700000000000064e-01 1.219600000000000024e-02
2.100000000000000000e+01 1.010000000000000000e+02 7.000000000000000000e+00 0.000000000000000000e+00 1.600000000000000089e+00 -7.477000000000000139e-03 -4.479999999999999933e-04 9.999719999999999720e-01 8.792600000000000415e-01 4.762930000000000219e-01 6.787999999999999763e-03 -4.762830000000000119e-01 8.792860000000000120e-01 -3.167000000000000110e-03
2.800000000000000000e+01 1.010000000000000000e+02 7.000000000000000000e+00 0.000000000000000000e+00 1.600000000000000089e+00 3.566999999999999858e-03 -2.102000000000000136e-03 9.999909999999999632e-01 8.781189999999999829e-01 4.784379999999999744e-01 -2.126999999999999984e-03 -4.784289999999999932e-01 8.781189999999999829e-01 3.553000000000000169e-03
3.000000000000000000e+00 2.500000000000000000e+01 8.000000000000000000e+00 0.000000000000000000e+00 1.600000000000000089e+00 2.413999999999999913e-03 1.208500000000000026e-02 -9.999240000000000350e-01 4.479199999999999848e-01 8.939939999999999554e-01 1.188600000000000073e-02 8.940700000000000314e-01 -4.479150000000000076e-01 -3.255000000000000081e-03
1.100000000000000000e+01 2.500000000000000000e+01 8.000000000000000000e+00 0.000000000000000000e+00 1.600000000000000089e+00 7.969999999999999654e-04 4.844000000000000215e-03 -9.999879999999999880e-01 4.444629999999999970e-01 8.957850000000000534e-01 4.694000000000000256e-03 8.957969999999999544e-01 -4.444609999999999950e-01 -1.438999999999999958e-03
1.600000000000000000e+01 2.500000000000000000e+01 8.000000000000000000e+00 0.000000000000000000e+00 1.600000000000000089e+00 1.822999999999999968e-03 1.229999999999999974e-03 -9.999980000000000535e-01 4.452400000000000246e-01 8.954090000000000105e-01 1.912999999999999987e-03 8.954090000000000105e-01 -4.452429999999999999e-01 1.083999999999999894e-03
2.100000000000000000e+01 2.500000000000000000e+01 8.000000000000000000e+00 0.000000000000000000e+00 1.600000000000000089e+00 1.113999999999999973e-03 3.030000000000000141e-03 -9.999949999999999672e-01 4.439270000000000160e-01 8.960569999999999924e-01 3.210000000000000180e-03 8.960620000000000251e-01 -4.439279999999999893e-01 -3.469999999999999777e-04
2.500000000000000000e+01 2.500000000000000000e+01 8.000000000000000000e+00 0.000000000000000000e+00 1.600000000000000089e+00 -1.126999999999999964e-03 1.889999999999999970e-03 -9.999980000000000535e-01 4.431689999999999796e-01 8.964370000000000394e-01 1.195000000000000099e-03 8.964379999999999571e-01 -4.431660000000000044e-01 -1.848000000000000033e-03
3.000000000000000000e+00 2.400000000000000000e+01 9.000000000000000000e+00 0.000000000000000000e+00 1.600000000000000089e+00 2.334000000000000137e-03 1.010999999999999920e-02 -9.999460000000000015e-01 4.513869999999999827e-01 8.922710000000000363e-01 1.007500000000000062e-02 8.923250000000000348e-01 -4.513869999999999827e-01 -2.481000000000000132e-03
1.100000000000000000e+01 2.400000000000000000e+01 9.000000000000000000e+00 0.000000000000000000e+00 1.600000000000000089e+00 5.500000000000000331e-04 5.383999999999999897e-03 -9.999850000000000128e-01 4.467050000000000187e-01 8.946669999999999900e-01 5.062999999999999792e-03 8.946809999999999485e-01 -4.467010000000000147e-01 -1.913999999999999903e-03
1.600000000000000000e+01 2.400000000000000000e+01 9.000000000000000000e+00 0.000000000000000000e+00 1.600000000000000089e+00 1.575000000000000011e-03 2.776999999999999955e-03 -9.999949999999999672e-01 4.472709999999999742e-01 8.943929999999999936e-01 3.187999999999999862e-03 8.943969999999999976e-01 -4.472740000000000049e-01 1.659999999999999963e-04
2.100000000000000000e+01 2.400000000000000000e+01 9.000000000000000000e+00 0.000000000000000000e+00 1.600000000000000089e+00 1.319000000000000077e-03 2.948000000000000100e-03 -9.999949999999999672e-01 4.466269999999999962e-01 8.947140000000000093e-01 3.226000000000000135e-03 8.947190000000000420e-01 -4.466289999999999982e-01 -1.369999999999999961e-04
2.500000000000000000e+01 2.400000000000000000e+01 9.000000000000000000e+00 0.000000000000000000e+00 1.600000000000000089e+00 -8.649999999999999920e-04 2.729000000000000089e-03 -9.999959999999999960e-01 4.455270000000000064e-01 8.952660000000000062e-01 2.056999999999999801e-03 8.952679999999999527e-01 -4.455239999999999756e-01 -1.990000000000000015e-03
4.000000000000000000e+00 3.100000000000000000e+01 1.200000000000000000e+01 0.000000000000000000e+00 1.600000000000000089e+00 1.675999999999999972e-03 9.945999999999999980e-03 9.999489999999999768e-01 -1.193600000000000043e-02 9.998789999999999623e-01 -9.924999999999999795e-03 -9.999270000000000103e-01 -1.191900000000000077e-02 1.794000000000000022e-03
9.000000000000000000e+00 3.100000000000000000e+01 1.200000000000000000e+01 0.000000000000000000e+00 1.600000000000000089e+00 3.527000000000000187e-03 6.743999999999999995e-03 9.999710000000000543e-01 -6.039000000000000097e-03 9.999590000000000423e-01 -6.722999999999999809e-03 -9.999759999999999760e-01 -6.015000000000000381e-03 3.567999999999999991e-03
1.100000000000000000e+01 1.160000000000000000e+02 1.600000000000000000e+01 0.000000000000000000e+00 1.600000000000000089e+00 1.088999999999999907e-03 2.566999999999999837e-03 9.999959999999999960e-01 6.880749999999999922e-01 7.256350000000000300e-01 -2.612000000000000172e-03 -7.256390000000000340e-01 6.880749999999999922e-01 -9.759999999999999796e-04
2.200000000000000000e+01 1.160000000000000000e+02 1.600000000000000000e+01 0.000000000000000000e+00 1.600000000000000089e+00 7.730000000000000326e-04 -1.471000000000000085e-03 9.999989999999999712e-01 7.035730000000000040e-01 7.106230000000000047e-01 5.010000000000000347e-04 -7.106230000000000047e-01 7.035719999999999752e-01 1.583999999999999905e-03
2.900000000000000000e+01 1.160000000000000000e+02 1.600000000000000000e+01 0.000000000000000000e+00 1.600000000000000089e+00 -2.854999999999999899e-03 -1.227999999999999925e-03 9.999949999999999672e-01 6.965440000000000520e-01 7.175089999999999524e-01 2.870000000000000155e-03 -7.175089999999999524e-01 6.965479999999999450e-01 -1.193000000000000050e-03
1.000000000000000000e+00 2.000000000000000000e+00 1.900000000000000000e+01 0.000000000000000000e+00 1.600000000000000089e+00 1.090000000000000067e-04 8.181000000000000771e-03 -9.999670000000000503e-01 1.810039999999999982e-01 -9.834500000000000464e-01 -8.026000000000000148e-03 -9.834819999999999673e-01 -1.809969999999999912e-01 -1.588000000000000002e-03
5.000000000000000000e+00 2.000000000000000000e+00 1.900000000000000000e+01 0.000000000000000000e+00 1.600000000000000089e+00 4.929999999999999487e-04 5.087999999999999641e-03 -9.999869999999999592e-01 1.801490000000000036e-01 -9.836270000000000291e-01 -4.916000000000000231e-03 -9.836390000000000411e-01 -1.801439999999999986e-01 -1.400999999999999902e-03
1.300000000000000000e+01 2.000000000000000000e+00 1.900000000000000000e+01 0.000000000000000000e+00 1.600000000000000089e+00 2.520000000000000104e-03 -2.186000000000000009e-03 -9.999940000000000495e-01 1.814679999999999904e-01 -9.833929999999999616e-01 2.606999999999999942e-03 -9.833939999999999904e-01 -1.814729999999999954e-01 -2.082000000000000083e-03
2.000000000000000000e+01 2.000000000000000000e+00 1.900000000000000000e+01 0.000000000000000000e+00 1.600000000000000089e+00 -1.832000000000000078e-03 8.576999999999999555e-03 -9.999620000000000175e-01 1.856180000000000052e-01 -9.825829999999999842e-01 -8.767999999999999752e-03 -9.826200000000000490e-01 -1.856269999999999865e-01 2.079999999999999872e-04
2.500000000000000000e+01 2.000000000000000000e+00 1.900000000000000000e+01 0.000000000000000000e+00 1.600000000000000089e+00 5.000000000000000409e-06 9.858000000000000443e-03 -9.999510000000000343e-01 1.899689999999999990e-01 -9.817420000000000035e-01 -9.676999999999999838e-03 -9.817900000000000515e-01 -1.899599999999999900e-01 -1.876999999999999979e-03
2.900000000000000000e+01 2.000000000000000000e+00 1.900000000000000000e+01 0.000000000000000000e+00 1.600000000000000089e+00 3.271000000000000036e-03 -1.184600000000000063e-02 -9.999249999999999527e-01 1.926140000000000074e-01 -9.811980000000000146e-01 1.225399999999999927e-02 -9.812689999999999468e-01 -1.926400000000000057e-01 -9.280000000000000054e-04
5.000000000000000000e+00 1.300000000000000000e+01 2.000000000000000000e+01 0.000000000000000000e+00 1.600000000000000089e+00 4.730000000000000046e-04 4.231999999999999651e-03 9.999909999999999632e-01 2.536080000000000001e-01 9.672979999999999912e-01 -4.212999999999999731e-03 -9.673070000000000279e-01 2.536080000000000001e-01 -6.160000000000000111e-04
2.000000000000000000e+01 1.300000000000000000e+01 2.000000000000000000e+01 0.000000000000000000e+00 1.600000000000000089e+00 -1.358000000000000049e-03 -2.661000000000000171e-03 9.999959999999999960e-01 2.497640000000000138e-01 9.683019999999999960e-01 2.915000000000000056e-03 -9.683060000000000000e-01 2.497669999999999890e-01 -6.509999999999999945e-04
2.400000000000000000e+01 1.300000000000000000e+01 2.000000000000000000e+01 0.000000000000000000e+00 1.600000000000000089e+00 -2.612000000000000172e-03 -1.147899999999999962e-02 9.999310000000000143e-01 2.509480000000000044e-01 9.679290000000000393e-01 1.176699999999999968e-02 -9.679969999999999963e-01 2.509620000000000184e-01 3.530000000000000152e-04
4.000000000000000000e+00 1.600000000000000000e+01 2.100000000000000000e+01 0.000000000000000000e+00 1.600000000000000089e+00 5.839999999999999922e-04 2.547999999999999918e-03 9.999970000000000248e-01 2.991099999999999870e-01 9.542150000000000354e-01 -2.605999999999999810e-03 -9.542180000000000106e-01 2.991110000000000158e-01 -2.049999999999999956e-04
1.000000000000000000e+01 1.600000000000000000e+01 2.100000000000000000e+01 0.000000000000000000e+00 1.600000000000000089e+00 5.818000000000000255e-03 1.177699999999999927e-02 9.999139999999999695e-01 2.991409999999999902e-01 9.541209999999999969e-01 -1.297899999999999922e-02 -9.541910000000000114e-01 2.991909999999999847e-01 2.027999999999999855e-03
1.400000000000000000e+01 1.600000000000000000e+01 2.100000000000000000e+01 0.000000000000000000e+00 1.600000000000000089e+00 5.283000000000000369e-03 1.250800000000000002e-02 9.999080000000000190e-01 2.974700000000000122e-01 9.546350000000000113e-01 -1.351399999999999997e-02 -9.547160000000000091e-01 2.975140000000000007e-01 1.322999999999999957e-03
2.500000000000000000e+01 1.600000000000000000e+01 2.100000000000000000e+01 0.000000000000000000e+00 1.600000000000000089e+00 -1.198999999999999979e-03 -9.964000000000000634e-03 9.999500000000000055e-01 2.963669999999999916e-01 9.550229999999999553e-01 9.872000000000000566e-03 -9.550729999999999498e-01 2.963640000000000163e-01 1.807999999999999928e-03
2.900000000000000000e+01 1.600000000000000000e+01 2.100000000000000000e+01 0.000000000000000000e+00 1.600000000000000089e+00 1.029099999999999980e-02 2.505299999999999888e-02 9.996329999999999938e-01 2.962380000000000013e-01 9.547330000000000538e-01 -2.697700000000000098e-02 -9.550589999999999913e-01 2.964069999999999760e-01 2.403000000000000188e-03
1.000000000000000000e+00 3.000000000000000000e+00 2.500000000000000000e+01 0.000000000000000000e+00 1.600000000000000089e+00 2.059999999999999928e-04 3.236999999999999860e-03 9.999949999999999672e-01 -3.867600000000000204e-02 -9.992469999999999963e-01 3.242000000000000090e-03 9.992520000000000291e-01 -3.867600000000000204e-02 -8.100000000000000375e-05
1.900000000000000000e+01 3.000000000000000000e+00 2.500000000000000000e+01 0.000000000000000000e+00 1.600000000000000089e+00 3.706999999999999792e-03 1.142999999999999919e-03 9.999919999999999920e-01 -5.600200000000000317e-02 -9.984300000000000397e-01 1.348999999999999939e-03 9.984239999999999782e-01 -5.600700000000000123e-02 -3.638000000000000175e-03
2.200000000000000000e+01 3.000000000000000000e+00 2.500000000000000000e+01 0.000000000000000000e+00 1.600000000000000089e+00 4.651999999999999885e-03 1.501700000000000083e-02 9.998759999999999870e-01 -5.224899999999999683e-02 -9.985180000000000167e-01 1.523900000000000081e-02 9.986230000000000384e-01 -5.231299999999999839e-02 -3.860999999999999849e-03
2.600000000000000000e+01 3.000000000000000000e+00 2.500000000000000000e+01 0.000000000000000000e+00 1.600000000000000089e+00 -1.335000000000000032e-03 8.016000000000000555e-03 9.999670000000000503e-01 -4.944599999999999690e-02 -9.987449999999999939e-01 7.939999999999999142e-03 9.987759999999999971e-01 -4.943399999999999878e-02 1.729999999999999984e-03
2.300000000000000000e+01 4.600000000000000000e+01 2.700000000000000000e+01 0.000000000000000000e+00 1.600000000000000089e+00 -5.180000000000000143e-04 -3.376000000000000095e-03 -9.999940000000000495e-01 6.625130000000000186e-01 7.490449999999999608e-01 -2.871999999999999987e-03 7.490499999999999936e-01 -6.625109999999999610e-01 1.848999999999999949e-03
3.000000000000000000e+00 4.600000000000000000e+01 3.000000000000000000e+01 0.000000000000000000e+00 1.600000000000000089e+00 1.327000000000000055e-03 1.335000000000000032e-03 -9.999980000000000535e-01 3.303440000000000265e-01 9.438590000000000035e-01 1.698000000000000074e-03 9.438600000000000323e-01 -3.303459999999999730e-01 8.120000000000000048e-04
8.000000000000000000e+00 4.600000000000000000e+01 3.000000000000000000e+01 0.000000000000000000e+00 1.600000000000000089e+00 -5.609999999999999752e-04 3.612999999999999892e-03 -9.999930000000000208e-01 3.341069999999999873e-01 9.425299999999999789e-01 3.217999999999999940e-03 9.425350000000000117e-01 -3.341029999999999833e-01 -1.735999999999999913e-03
1.000000000000000000e+01 4.600000000000000000e+01 3.500000000000000000e+01 0.000000000000000000e+00 1.600000000000000089e+00 2.036000000000000049e-03 -2.396999999999999825e-03 -9.999949999999999672e-01 3.887630000000000252e-01 -9.213329999999999576e-01 3.000000000000000062e-03 -9.213360000000000438e-01 -3.887669999999999737e-01 -9.439999999999999607e-04
1.300000000000000000e+01 4.600000000000000000e+01 3.500000000000000000e+01 0.000000000000000000e+00 1.600000000000000089e+00 7.770000000000000214e-04 -3.445000000000000145e-03 -9.999940000000000495e-01 3.891649999999999832e-01 -9.211610000000000076e-01 3.475999999999999923e-03 -9.211679999999999868e-01 -3.891660000000000119e-01 6.250000000000000130e-04
1.600000000000000000e+01 4.600000000000000000e+01 3.500000000000000000e+01 0.000000000000000000e+00 1.600000000000000089e+00 -1.820000000000000057e-04 -4.444000000000000034e-03 -9.999900000000000455e-01 3.892590000000000217e-01 -9.211200000000000498e-01 4.022999999999999667e-03 -9.211289999999999756e-01 -3.892539999999999889e-01 1.897999999999999948e-03
2.300000000000000000e+01 4.600000000000000000e+01 3.500000000000000000e+01 0.000000000000000000e+00 1.600000000000000089e+00 -2.090999999999999977e-03 1.590000000000000050e-03 -9.999970000000000248e-01 3.908940000000000192e-01 -9.204329999999999457e-01 -2.281000000000000041e-03 -9.204329999999999457e-01 -3.908969999999999945e-01 1.302999999999999905e-03
2.900000000000000000e+01 4.600000000000000000e+01 3.500000000000000000e+01 0.000000000000000000e+00 1.600000000000000089e+00 5.276000000000000308e-03 -5.327000000000000138e-03 -9.999719999999999720e-01 3.874009999999999954e-01 -9.218849999999999545e-01 6.955000000000000245e-03 -9.218960000000000488e-01 -3.874270000000000214e-01 -2.799999999999999972e-03
8.000000000000000000e+00 9.500000000000000000e+01 3.600000000000000000e+01 0.000000000000000000e+00 1.600000000000000089e+00 1.732399999999999912e-02 4.064299999999999857e-02 9.990240000000000231e-01 9.966380000000000239e-01 7.932599999999999374e-02 -2.051000000000000045e-02 -8.008200000000000041e-02 9.960200000000000164e-01 -3.913200000000000012e-02
2.400000000000000000e+01 9.500000000000000000e+01 3.600000000000000000e+01 0.000000000000000000e+00 1.600000000000000089e+00 -7.657999999999999877e-03 -1.337099999999999921e-02 9.998810000000000198e-01 9.979479999999999462e-01 6.347099999999999964e-02 8.491999999999999549e-03 -6.357699999999999463e-02 9.978939999999999477e-01 1.285799999999999964e-02
1.700000000000000000e+01 2.900000000000000000e+01 4.400000000000000000e+01 0.000000000000000000e+00 1.600000000000000089e+00 -5.559999999999999621e-04 -1.539300000000000043e-02 -9.998810000000000198e-01 6.756619999999999848e-01 7.371180000000000510e-01 -1.172300000000000078e-02 7.372109999999999497e-01 -6.755879999999999663e-01 9.990000000000000616e-03
2.700000000000000000e+01 2.900000000000000000e+01 4.400000000000000000e+01 0.000000000000000000e+00 1.600000000000000089e+00 3.700000000000000164e-03 6.080999999999999600e-03 -9.999749999999999472e-01 6.398380000000000178e-01 7.684779999999999944e-01 7.040000000000000251e-03 7.685009999999999897e-01 -6.398470000000000546e-01 -1.048000000000000103e-03
1.000000000000000000e+01 2.600000000000000000e+01 4.800000000000000000e+01 0.000000000000000000e+00 1.600000000000000089e+00 -2.964000000000000055e-03 -8.606199999999999961e-02 -9.962849999999999762e-01 -8.409300000000000108e-02 9.927820000000000533e-01 -8.550900000000000167e-02 9.964530000000000332e-01 8.352700000000000402e-02 -1.017999999999999981e-02
1.500000000000000000e+01 2.900000000000000000e+01 4.800000000000000000e+01 0.000000000000000000e+00 1.600000000000000089e+00 -9.780000000000000498e-03 -8.643599999999999894e-02 9.962090000000000112e-01 3.780930000000000124e-01 9.219749999999999890e-01 8.370700000000000363e-02 -9.257159999999999833e-01 3.774790000000000090e-01 2.366400000000000101e-02
2.300000000000000000e+01 5.000000000000000000e+00 5.100000000000000000e+01 0.000000000000000000e+00 1.600000000000000089e+00 1.231000000000000106e-03 -8.361999999999999642e-03 -9.999639999999999640e-01 4.878990000000000271e-01 -8.728639999999999732e-01 7.900000000000000772e-03 -8.728989999999999805e-01 -4.878919999999999924e-01 3.004999999999999859e-03
2.900000000000000000e+01 5.000000000000000000e+00 5.100000000000000000e+01 0.000000000000000000e+00 1.600000000000000089e+00 -7.299999999999999903e-05 -2.170000000000000054e-03 -9.999980000000000535e-01 4.869609999999999772e-01 -8.734220000000000317e-01 1.860000000000000108e-03 -8.734239999999999782e-01 -4.869589999999999752e-01 1.119999999999999902e-03
2.200000000000000000e+01 3.900000000000000000e+01 5.100000000000000000e+01 0.000000000000000000e+00 1.600000000000000089e+00 -1.027499999999999941e-02 -3.278229999999999755e-01 9.446830000000000505e-01 3.330299999999999927e-01 8.896770000000000511e-01 3.123569999999999958e-01 -9.428600000000000314e-01 3.178170000000000162e-01 1.000329999999999969e-01
1.600000000000000000e+01 1.150000000000000000e+02 5.100000000000000000e+01 0.000000000000000000e+00 1.600000000000000089e+00 2.128999999999999816e-03 1.449499999999999920e-02 9.998930000000000318e-01 8.455899999999999528e-01 -5.337990000000000235e-01 5.937999999999999702e-03 5.338279999999999692e-01 8.454869999999999886e-01 -1.339300000000000039e-02
2.100000000000000000e+01 7.000000000000000000e+00 5.200000000000000000e+01 0.000000000000000000e+00 1.600000000000000089e+00 -2.680999999999999790e-03 -6.507999999999999896e-03 -9.999749999999999472e-01 1.068759999999999988e-01 -9.942530000000000534e-01 6.184000000000000261e-03 -9.942689999999999584e-01 -1.068569999999999937e-01 3.360999999999999838e-03
2.300000000000000000e+01 4.000000000000000000e+01 5.200000000000000000e+01 0.000000000000000000e+00 1.600000000000000089e+00 2.298999999999999828e-03 -2.108520000000000116e-01 9.775150000000000228e-01 1.693969999999999920e-01 9.634730000000000238e-01 2.074249999999999983e-01 -9.855450000000000044e-01 1.651110000000000078e-01 3.793300000000000144e-02
6.000000000000000000e+00 6.300000000000000000e+01 5.400000000000000000e+01 0.000000000000000000e+00 1.600000000000000089e+00 -8.580000000000000387e-04 9.840000000000000656e-04 9.999989999999999712e-01 -3.644080000000000097e-01 9.312390000000000390e-01 -1.229000000000000058e-03 -9.312390000000000390e-01 -3.644089999999999829e-01 -4.400000000000000157e-04
9.000000000000000000e+00 6.300000000000000000e+01 5.400000000000000000e+01 0.000000000000000000e+00 1.600000000000000089e+00 3.840000000000000097e-04 1.379000000000000017e-03 9.999989999999999712e-01 -3.673600000000000199e-01 9.300779999999999603e-01 -1.141000000000000087e-03 -9.300789999999999891e-01 -3.673589999999999911e-01 8.639999999999999677e-04
1.400000000000000000e+01 6.300000000000000000e+01 5.400000000000000000e+01 0.000000000000000000e+00 1.600000000000000089e+00 4.009999999999999893e-04 -4.543000000000000163e-03 9.999900000000000455e-01 -3.691030000000000144e-01 9.293780000000000374e-01 4.369999999999999753e-03 -9.293879999999999919e-01 -3.691010000000000124e-01 -1.304000000000000038e-03
2.000000000000000000e+01 6.300000000000000000e+01 5.400000000000000000e+01 0.000000000000000000e+00 1.600000000000000089e+00 -1.000000000000000048e-04 -5.199999999999999680e-05 1.000000000000000000e+00 -3.636110000000000175e-01 9.315510000000000179e-01 1.200000000000000030e-05 -9.315510000000000179e-01 -3.636110000000000175e-01 -1.119999999999999983e-04
2.300000000000000000e+01 6.300000000000000000e+01 5.400000000000000000e+01 0.000000000000000000e+00 1.600000000000000089e+00 -6.340000000000000149e-04 1.270999999999999994e-03 9.999989999999999712e-01 -3.637190000000000145e-01 9.315080000000000027e-01 -1.415000000000000025e-03 -9.315080000000000027e-01 -3.637199999999999878e-01 -1.279999999999999942e-04
2.700000000000000000e+01 6.300000000000000000e+01 5.400000000000000000e+01 0.000000000000000000e+00 1.600000000000000089e+00 -2.249999999999999938e-04 1.799000000000000035e-03 9.999980000000000535e-01 -3.639589999999999770e-01 9.314130000000000464e-01 -1.757000000000000098e-03 -9.314149999999999929e-01 -3.639589999999999770e-01 4.449999999999999746e-04
2.800000000000000000e+01 2.500000000000000000e+01 5.500000000000000000e+01 0.000000000000000000e+00 1.600000000000000089e+00 7.450000000000000025e-04 -6.322999999999999628e-03 -9.999799999999999800e-01 -1.232499999999999915e-02 -9.999040000000000150e-01 6.313000000000000035e-03 -9.999240000000000350e-01 1.231999999999999935e-02 -8.229999999999999469e-04
4.000000000000000000e+00 2.100000000000000000e+01 6.000000000000000000e+01 0.000000000000000000e+00 1.600000000000000089e+00 -2.020000000000000040e-04 4.448999999999999830e-03 9.999900000000000455e-01 -9.553799999999999792e-02 9.954159999999999675e-01 -4.447999999999999697e-03 -9.954260000000000330e-01 -9.553799999999999792e-02 2.239999999999999966e-04
1.000000000000000000e+01 2.100000000000000000e+01 6.000000000000000000e+01 0.000000000000000000e+00 1.600000000000000089e+00 1.054000000000000032e-03 7.557000000000000349e-03 9.999710000000000543e-01 -9.464599999999999402e-02 9.954830000000000068e-01 -7.422999999999999911e-03 -9.955100000000000060e-01 -9.463499999999999690e-02 1.763999999999999943e-03
1.700000000000000000e+01 2.100000000000000000e+01 6.000000000000000000e+01 0.000000000000000000e+00 1.600000000000000089e+00 5.910000000000000539e-04 -6.049999999999999606e-04 1.000000000000000000e+00 -9.644300000000000095e-02 9.953379999999999450e-01 6.589999999999999721e-04 -9.953379999999999450e-01 -9.644300000000000095e-02 5.299999999999999807e-04
2.000000000000000000e+01 2.100000000000000000e+01 6.000000000000000000e+01 0.000000000000000000e+00 1.600000000000000089e+00 8.970000000000000109e-04 -3.518999999999999993e-03 9.999930000000000208e-01 -9.804300000000000515e-02 9.951759999999999495e-01 3.589999999999999875e-03 -9.951820000000000110e-01 -9.804499999999999327e-02 5.479999999999999845e-04
2.600000000000000000e+01 2.100000000000000000e+01 6.000000000000000000e+01 0.000000000000000000e+00 1.600000000000000089e+00 -5.540000000000000219e-04 5.340000000000000129e-03 9.999860000000000415e-01 -9.919500000000000539e-02 9.950539999999999941e-01 -5.368999999999999641e-03 -9.950679999999999525e-01 -9.919600000000000639e-02 -2.099999999999999884e-05
2.000000000000000000e+00 2.700000000000000000e+01 6.300000000000000000e+01 0.000000000000000000e+00 1.600000000000000089e+00 1.840999999999999972e-03 6.445000000000000208e-03 9.999780000000000335e-01 -2.798200000000000132e-01 9.600360000000000005e-01 -5.673000000000000091e-03 -9.600509999999999877e-01 -2.798030000000000239e-01 3.570999999999999956e-03
1.200000000000000000e+01 2.700000000000000000e+01 6.300000000000000000e+01 0.000000000000000000e+00 1.600000000000000089e+00 -1.196000000000000014e-03 -2.262000000000000122e-03 9.999970000000000248e-01 -2.737220000000000208e-01 9.618069999999999675e-01 1.848000000000000033e-03 -9.618079999999999963e-01 -2.737180000000000168e-01 -1.770000000000000089e-03
1.800000000000000000e+01 2.700000000000000000e+01 6.300000000000000000e+01 0.000000000000000000e+00 1.600000000000000089e+00 -1.270000000000000078e-03 -2.949999999999999931e-03 9.999949999999999672e-01 -2.794380000000000197e-01 9.601600000000000135e-01 2.478000000000000168e-03 -9.601629999999999887e-01 -2.794340000000000157e-01 -2.043999999999999810e-03
2.100000000000000000e+01 2.700000000000000000e+01 6.300000000000000000e+01 0.000000000000000000e+00 1.600000000000000089e+00 1.116999999999999937e-03 -2.530000000000000239e-04 9.999989999999999712e-01 -2.789940000000000198e-01 9.602929999999999522e-01 5.550000000000000462e-04 -9.602920000000000345e-01 -2.789940000000000198e-01 1.002000000000000069e-03
2.500000000000000000e+01 2.700000000000000000e+01 6.300000000000000000e+01 0.000000000000000000e+00 1.600000000000000089e+00 3.027000000000000177e-03 2.111000000000000029e-03 9.999930000000000208e-01 -2.749869999999999814e-01 9.614470000000000516e-01 -1.198000000000000063e-03 -9.614430000000000476e-01 -2.749820000000000042e-01 3.490000000000000047e-03
5.000000000000000000e+00 4.400000000000000000e+01 6.300000000000000000e+01 0.000000000000000000e+00 1.600000000000000089e+00 4.029999999999999837e-04 3.491000000000000179e-03 -9.999940000000000495e-01 -6.680000000000000382e-01 -7.441560000000000397e-01 -2.867000000000000191e-03 -7.441609999999999614e-01 6.679969999999999519e-01 2.031999999999999952e-03
9.000000000000000000e+00 4.400000000000000000e+01 6.300000000000000000e+01 0.000000000000000000e+00 1.600000000000000089e+00 9.126000000000000431e-03 2.210200000000000012e-02 -9.997139999999999915e-01 -6.748290000000000122e-01 -7.376319999999999544e-01 -2.246899999999999939e-02 -7.379179999999999628e-01 6.748410000000000242e-01 8.182999999999999302e-03
1.700000000000000000e+01 4.400000000000000000e+01 6.300000000000000000e+01 0.000000000000000000e+00 1.600000000000000089e+00 9.809999999999999276e-03 -2.874799999999999925e-02 -9.995389999999999553e-01 -7.163709999999999800e-01 -6.975980000000000514e-01 1.303299999999999945e-02 -6.976510000000000211e-01 7.159130000000000216e-01 -2.743800000000000058e-02
2.000000000000000000e+00 2.600000000000000000e+01 6.400000000000000000e+01 0.000000000000000000e+00 1.600000000000000089e+00 8.369999999999999619e-04 6.559999999999999859e-03 9.999780000000000335e-01 -3.735249999999999959e-01 9.276020000000000376e-01 -5.772000000000000221e-03 -9.276200000000000001e-01 -3.735120000000000107e-01 3.226999999999999834e-03
6.000000000000000000e+00 2.600000000000000000e+01 6.400000000000000000e+01 0.000000000000000000e+00 1.600000000000000089e+00 1.361999999999999929e-03 5.858999999999999625e-03 9.999820000000000375e-01 -3.681929999999999925e-01 9.297360000000000069e-01 -4.945999999999999876e-03 -9.297480000000000189e-01 -3.681800000000000073e-01 3.422999999999999828e-03
1.200000000000000000e+01 2.600000000000000000e+01 6.400000000000000000e+01 0.000000000000000000e+00 1.600000000000000089e+00 -7.640000000000000306e-04 -1.721000000000000090e-03 9.999980000000000535e-01 -3.626389999999999891e-01 9.319290000000000074e-01 1.327000000000000055e-03 -9.319290000000000074e-01 -3.626380000000000159e-01 -1.337000000000000081e-03
1.800000000000000000e+01 2.600000000000000000e+01 6.400000000000000000e+01 0.000000000000000000e+00 1.600000000000000089e+00 -1.020999999999999989e-03 -2.729000000000000089e-03 9.999959999999999960e-01 -3.693850000000000189e-01 9.292740000000000444e-01 2.158999999999999895e-03 -9.292759999999999909e-01 -3.693810000000000149e-01 -1.956999999999999972e-03
2.100000000000000000e+01 2.600000000000000000e+01 6.400000000000000000e+01 0.000000000000000000e+00 1.600000000000000089e+00 7.100000000000000191e-04 7.179999999999999967e-04 9.999989999999999712e-01 -3.692460000000000186e-01 9.293310000000000182e-01 -4.049999999999999781e-04 -9.293310000000000182e-01 -3.692460000000000186e-01 9.240000000000000166e-04
2.500000000000000000e+01 2.600000000000000000e+01 6.400000000000000000e+01 0.000000000000000000e+00 1.600000000000000089e+00 2.357000000000000154e-03 2.416999999999999878e-03 9.999940000000000495e-01 -3.632670000000000066e-01 9.316839999999999566e-01 -1.396000000000000105e-03 -9.316820000000000102e-01 -3.632610000000000006e-01 3.073999999999999910e-03
2.000000000000000000e+01 5.600000000000000000e+01 6.400000000000000000e+01 0.000000000000000000e+00 1.600000000000000089e+00 -1.450440000000000063e-01 2.622369999999999979e-01 -9.540410000000000279e-01 1.317499999999999921e-02 9.646639999999999660e-01 2.631539999999999990e-01 9.893370000000000219e-01 2.559900000000000023e-02 -1.433740000000000014e-01
2.800000000000000000e+01 5.200000000000000000e+01 6.600000000000000000e+01 0.000000000000000000e+00 1.600000000000000089e+00 2.017289999999999917e-01 6.715999999999999748e-02 9.771360000000000046e-01 5.223299999999999610e-01 8.365629999999999455e-01 -1.653330000000000077e-01 -8.285390000000000255e-01 5.437389999999999723e-01 1.336789999999999923e-01
2.600000000000000000e+01 5.300000000000000000e+01 6.600000000000000000e+01 0.000000000000000000e+00 1.600000000000000089e+00 2.253519999999999968e-01 4.655000000000000110e-02 9.731649999999999467e-01 5.479450000000000154e-01 8.198569999999999469e-01 -1.661030000000000006e-01 -8.055879999999999708e-01 5.706729999999999858e-01 1.592500000000000027e-01
1.300000000000000000e+01 4.300000000000000000e+01 7.300000000000000000e+01 0.000000000000000000e+00 1.600000000000000089e+00 -4.793200000000000238e-02 -1.119730000000000031e-01 9.925549999999999651e-01 5.148400000000000198e-02 -9.926530000000000076e-01 -1.094969999999999971e-01 9.975230000000000485e-01 4.585199999999999693e-02 5.334400000000000253e-02
3.000000000000000000e+00 4.400000000000000000e+01 7.300000000000000000e+01 0.000000000000000000e+00 1.600000000000000089e+00 -1.819000000000000087e-03 -4.375000000000000416e-03 9.999890000000000168e-01 5.654200000000000198e-02 -9.983910000000000284e-01 -4.264999999999999694e-03 9.983990000000000364e-01 5.653299999999999992e-02 2.063000000000000164e-03
1.000000000000000000e+01 4.400000000000000000e+01 7.300000000000000000e+01 0.000000000000000000e+00 1.600000000000000089e+00 -3.650400000000000172e-02 -1.116260000000000030e-01 9.930799999999999628e-01 2.171199999999999866e-02 -9.935960000000000347e-01 -1.108849999999999975e-01 9.990980000000000416e-01 1.751399999999999832e-02 3.869399999999999923e-02
1.000000000000000000e+00 2.500000000000000000e+01 7.400000000000000000e+01 0.000000000000000000e+00 1.600000000000000089e+00 1.529999999999999893e-03 -3.700999999999999863e-03 9.999919999999999920e-01 8.230129999999999946e-01 -5.680119999999999614e-01 -3.360999999999999838e-03 5.680199999999999694e-01 8.230119999999999658e-01 2.177000000000000116e-03
5.000000000000000000e+00 2.500000000000000000e+01 7.400000000000000000e+01 0.000000000000000000e+00 1.600000000000000089e+00 -5.700000000000000314e-05 -9.299999999999999727e-05 1.000000000000000000e+00 8.233209999999999695e-01 -5.675769999999999982e-01 -6.000000000000000152e-06 5.675769999999999982e-01 8.233200000000000518e-01 1.090000000000000067e-04
1.300000000000000000e+01 2.500000000000000000e+01 7.400000000000000000e+01 0.000000000000000000e+00 1.600000000000000089e+00 9.610000000000000486e-04 -5.529999999999999976e-04 9.999989999999999712e-01 8.279320000000000013e-01 -5.608279999999999932e-01 -1.105999999999999995e-03 5.608279999999999932e-01 8.279320000000000013e-01 -8.100000000000000375e-05
1.800000000000000000e+01 2.500000000000000000e+01 7.400000000000000000e+01 0.000000000000000000e+00 1.600000000000000089e+00 -3.445999999999999844e-03 -9.105000000000000246e-03 9.999529999999999808e-01 8.202129999999999699e-01 -5.720530000000000337e-01 -2.383000000000000135e-03 5.720480000000000009e-01 8.201659999999999506e-01 9.438999999999999474e-03
2.500000000000000000e+01 2.500000000000000000e+01 7.400000000000000000e+01 0.000000000000000000e+00 1.600000000000000089e+00 -3.110000000000000243e-04 2.510000000000000078e-03 9.999970000000000248e-01 8.211300000000000265e-01 -5.707389999999999963e-01 1.688000000000000047e-03 5.707410000000000538e-01 8.211279999999999690e-01 -1.884000000000000041e-03
2.900000000000000000e+01 2.500000000000000000e+01 7.400000000000000000e+01 0.000000000000000000e+00 1.600000000000000089e+00 -3.690000000000000246e-04 1.639000000000000049e-03 9.999989999999999712e-01 8.243460000000000232e-01 -5.660849999999999493e-01 1.232000000000000022e-03 5.660859999999999781e-01 8.243449999999999944e-01 -1.142000000000000003e-03
4.000000000000000000e+00 9.100000000000000000e+01 7.600000000000000000e+01 0.000000000000000000e+00 1.600000000000000089e+00 8.949999999999999623e-04 -6.139999999999999625e-04 9.999989999999999712e-01 4.010199999999999876e-01 -9.160690000000000222e-01 -9.210000000000000521e-04 9.160690000000000222e-01 4.010199999999999876e-01 -5.730000000000000501e-04
1.200000000000000000e+01 9.100000000000000000e+01 7.600000000000000000e+01 0.000000000000000000e+00 1.600000000000000089e+00 1.250999999999999942e-03 1.260999999999999968e-03 9.999980000000000535e-01 3.956450000000000244e-01 -9.184029999999999694e-01 6.629999999999999609e-04 9.184029999999999694e-01 3.956439999999999957e-01 -1.647999999999999942e-03
1.800000000000000000e+01 9.100000000000000000e+01 7.600000000000000000e+01 0.000000000000000000e+00 1.600000000000000089e+00 -1.479999999999999979e-03 -2.374999999999999941e-03 9.999959999999999960e-01 3.958130000000000259e-01 -9.183299999999999796e-01 -1.595999999999999979e-03 9.183299999999999796e-01 3.958099999999999952e-01 2.298999999999999828e-03
2.300000000000000000e+01 9.100000000000000000e+01 7.600000000000000000e+01 0.000000000000000000e+00 1.600000000000000089e+00 -5.040000000000000209e-03 6.999999999999999387e-05 9.999869999999999592e-01 3.890230000000000077e-01 -9.212259999999999893e-01 2.024999999999999890e-03 9.212139999999999773e-01 3.890279999999999849e-01 4.616000000000000311e-03
1.500000000000000000e+01 9.000000000000000000e+00 8.200000000000000000e+01 0.000000000000000000e+00 1.600000000000000089e+00 -2.979999999999999793e-04 4.500999999999999793e-03 -9.999900000000000455e-01 5.708710000000000173e-01 8.210319999999999840e-01 3.524999999999999922e-03 8.210399999999999920e-01 -5.708640000000000381e-01 -2.814999999999999794e-03
2.600000000000000000e+01 9.000000000000000000e+00 8.200000000000000000e+01 0.000000000000000000e+00 1.600000000000000089e+00 3.110000000000000243e-04 -5.785000000000000211e-03 -9.999829999999999552e-01 5.711749999999999883e-01 8.208159999999999901e-01 -4.571000000000000410e-03 8.208280000000000021e-01 -5.711640000000000050e-01 3.559999999999999797e-03
8.000000000000000000e+00 1.010000000000000000e+02 8.300000000000000000e+01 0.000000000000000000e+00 1.600000000000000089e+00 -8.149999999999999693e-04 -1.121999999999999950e-03 9.999989999999999712e-01 9.952499999999999680e-01 9.735099999999999310e-02 9.210000000000000521e-04 -9.735199999999999410e-02 9.952499999999999680e-01 1.038000000000000077e-03
2.000000000000000000e+00 4.800000000000000000e+01 8.400000000000000000e+01 0.000000000000000000e+00 1.600000000000000089e+00 4.788999999999999854e-03 1.240000000000000054e-04 -9.999890000000000168e-01 -9.478860000000000063e-01 -3.185779999999999723e-01 -4.578999999999999737e-03 -3.185749999999999971e-01 9.478969999999999896e-01 -1.407999999999999963e-03
2.000000000000000000e+01 4.800000000000000000e+01 8.400000000000000000e+01 0.000000000000000000e+00 1.600000000000000089e+00 -4.747999999999999617e-03 -4.061000000000000373e-03 -9.999799999999999800e-01 -9.465750000000000552e-01 -3.224330000000000251e-01 5.804000000000000131e-03 -3.224500000000000144e-01 9.465839999999999810e-01 -2.312999999999999952e-03
4.000000000000000000e+00 1.500000000000000000e+01 8.600000000000000000e+01 0.000000000000000000e+00 1.600000000000000089e+00 -4.403999999999999929e-03 1.894999999999999983e-03 -9.999879999999999880e-01 1.893420000000000103e-01 9.819109999999999783e-01 1.026999999999999918e-03 9.819010000000000238e-01 -1.893350000000000033e-01 -4.682999999999999663e-03
6.000000000000000000e+00 1.500000000000000000e+01 8.600000000000000000e+01 0.000000000000000000e+00 1.600000000000000089e+00 -5.342999999999999659e-03 2.530999999999999830e-03 -9.999829999999999552e-01 1.891909999999999981e-01 9.819390000000000063e-01 1.474999999999999966e-03 9.819259999999999655e-01 -1.891790000000000138e-01 -5.726000000000000187e-03
