7.000000000000000000e+00 1.600000000000000000e+01 4.000000000000000000e+00 0.000000000000000000e+00 1.600000000000000089e+00 -2.374999999999999941e-03 1.147100000000000029e-02 9.999310000000000143e-01 3.229920000000000013e-01 -9.463300000000000045e-01 1.162299999999999965e-02 9.463989999999999903e-01 3.229969999999999786e-01 -1.456999999999999962e-03
1.400000000000000000e+01 1.600000000000000000e+01 4.000000000000000000e+00 0.000000000000000000e+00 1.600000000000000089e+00 -1.030000000000000100e-03 1.474699999999999969e-02 9.998909999999999743e-01 3.159750000000000059e-01 -9.486599999999999477e-01 1.431699999999999987e-02 9.487670000000000270e-01 3.159549999999999859e-01 -3.681999999999999943e-03
2.000000000000000000e+01 1.600000000000000000e+01 4.000000000000000000e+00 0.000000000000000000e+00 1.600000000000000089e+00 -1.890000000000000133e-04 1.139000000000000038e-03 9.999989999999999712e-01 3.192579999999999862e-01 -9.476670000000000371e-01 1.139999999999999954e-03 9.476679999999999549e-01 3.192579999999999862e-01 -1.849999999999999973e-04
2.400000000000000000e+01 1.600000000000000000e+01 4.000000000000000000e+00 0.000000000000000000e+00 1.600000000000000089e+00 6.780000000000000002e-04 -1.275300000000000045e-02 9.999179999999999735e-01 3.177070000000000172e-01 -9.481089999999999796e-01 -1.230799999999999950e-02 9.481889999999999485e-01 3.176889999999999992e-01 3.409000000000000138e-03
2.800000000000000000e+01 1.600000000000000000e+01 4.000000000000000000e+00 0.000000000000000000e+00 1.600000000000000089e+00 -3.280000000000000038e-04 -1.676199999999999912e-02 9.998590000000000533e-01 3.176729999999999832e-01 -9.480690000000000506e-01 -1.578999999999999848e-02 9.482000000000000428e-01 3.176229999999999887e-01 5.636000000000000384e-03
1.100000000000000000e+01 1.010000000000000000e+02 7.000000000000000000e+00 0.000000000000000000e+00 1.600000000000000089e+00 2.079999999999999872e-04 1.655999999999999920e-03 9.999989999999999712e-01 8.899420000000000108e-01 4.560730000000000062e-01 -9.399999999999999719e-04 -4.560739999999999794e-01 8.899409999999999821e-01 -1.379000000000000017e-03
1.700000000000000000e+01 1.010000000000000000e+02 7.000000000000000000e+00 0.000000000000000000e+00 1.600000000000000089e+00 -9.200000000000000007e-05 -2.229999999999999994e-04 1.000000000000000000e+00 8.900249999999999551e-01 4.559110000000000107e-01 1.840000000000000001e-04 -4.559110000000000107e-01 8.900249999999999551e-01 1.559999999999999972e-04
5.000000000000000000e+00 1.500000000000000000e+01 8.000000000000000000e+00 0.000000000000000000e+00 1.600000000000000089e+00 5.708000000000000400e-03 1.585999999999999910e-02 -9.998580000000000245e-01 -5.675590000000000357e-01 -8.231709999999999861e-01 -1.629799999999999999e-02 -8.233129999999999615e-01 5.675719999999999654e-01 4.303000000000000401e-03
3.000000000000000000e+00 2.600000000000000000e+01 8.000000000000000000e+00 0.000000000000000000e+00 1.600000000000000089e+00 -5.764000000000000026e-03 -9.561999999999999320e-03 -9.999379999999999935e-01 4.224950000000000094e-01 9.062970000000000192e-01 -1.110200000000000076e-02 9.063470000000000137e-01 -4.225329999999999919e-01 -1.183000000000000024e-03
7.000000000000000000e+00 2.600000000000000000e+01 8.000000000000000000e+00 0.000000000000000000e+00 1.600000000000000089e+00 -4.908000000000000036e-03 -1.079199999999999951e-02 -9.999299999999999855e-01 4.235030000000000183e-01 9.058169999999999833e-01 -1.185499999999999922e-02 9.058810000000000473e-01 -4.235309999999999908e-01 1.250000000000000026e-04
1.200000000000000000e+01 2.600000000000000000e+01 8.000000000000000000e+00 0.000000000000000000e+00 1.600000000000000089e+00 -4.899999999999999842e-04 -6.603000000000000362e-03 -9.999780000000000335e-01 4.234669999999999823e-01 9.058910000000000018e-01 -6.189000000000000057e-03 9.059120000000000505e-01 -4.234600000000000031e-01 2.351999999999999924e-03
1.900000000000000000e+01 2.600000000000000000e+01 8.000000000000000000e+00 0.000000000000000000e+00 1.600000000000000089e+00 -2.066000000000000128e-03 6.689999999999999766e-03 -9.999749999999999472e-01 4.232920000000000016e-01 9.059789999999999788e-01 5.186999999999999771e-03 9.059909999999999908e-01 -4.232710000000000083e-01 -4.703999999999999848e-03
2.400000000000000000e+01 2.600000000000000000e+01 8.000000000000000000e+00 0.000000000000000000e+00 1.600000000000000089e+00 -2.105999999999999799e-03 1.483199999999999970e-02 -9.998879999999999990e-01 4.251190000000000246e-01 9.050510000000000499e-01 1.252999999999999947e-02 9.051350000000000229e-01 -4.250450000000000061e-01 -8.210999999999999549e-03
2.900000000000000000e+01 2.600000000000000000e+01 8.000000000000000000e+00 0.000000000000000000e+00 1.600000000000000089e+00 4.427000000000000379e-03 -1.145200000000000037e-02 -9.999249999999999527e-01 4.274510000000000254e-01 9.039989999999999970e-01 -8.460999999999999771e-03 9.040280000000000538e-01 -4.273810000000000109e-01 8.897999999999999660e-03
5.000000000000000000e+00 1.400000000000000000e+01 9.000000000000000000e+00 0.000000000000000000e+00 1.600000000000000089e+00 5.840999999999999838e-03 1.814999999999999947e-02 -9.998179999999999845e-01 -5.611939999999999706e-01 -8.274820000000000508e-01 -1.830000000000000029e-02 -8.276639999999999553e-01 5.611990000000000034e-01 5.351999999999999987e-03
1.100000000000000000e+01 1.400000000000000000e+01 9.000000000000000000e+00 0.000000000000000000e+00 1.600000000000000089e+00 4.662999999999999610e-03 1.200400000000000078e-02 -9.999169999999999447e-01 -5.595280000000000253e-01 -8.287170000000000369e-01 -1.255799999999999972e-02 -8.287989999999999524e-01 5.595400000000000373e-01 2.851999999999999934e-03
1.600000000000000000e+01 1.400000000000000000e+01 9.000000000000000000e+00 0.000000000000000000e+00 1.600000000000000089e+00 1.309000000000000051e-03 8.621000000000000191e-03 -9.999620000000000175e-01 -5.574719999999999676e-01 -8.301579999999999515e-01 -7.886999999999999914e-03 -8.301950000000000163e-01 5.574609999999999843e-01 3.719000000000000083e-03
1.900000000000000000e+01 1.400000000000000000e+01 9.000000000000000000e+00 0.000000000000000000e+00 1.600000000000000089e+00 8.459999999999999638e-04 -3.780000000000000265e-04 -1.000000000000000000e+00 -5.568440000000000056e-01 -8.306170000000000497e-01 -1.569999999999999944e-04 -8.306170000000000497e-01 5.568429999999999769e-01 -9.129999999999999661e-04
2.200000000000000000e+01 1.400000000000000000e+01 9.000000000000000000e+00 0.000000000000000000e+00 1.600000000000000089e+00 -1.019999999999999992e-04 -2.075000000000000022e-03 -9.999980000000000535e-01 -5.564179999999999682e-01 -8.308999999999999719e-01 1.781000000000000031e-03 -8.309020000000000294e-01 5.564170000000000504e-01 -1.069999999999999988e-03
2.800000000000000000e+01 1.400000000000000000e+01 9.000000000000000000e+00 0.000000000000000000e+00 1.600000000000000089e+00 -3.344999999999999883e-03 -1.446000000000000063e-02 -9.998899999999999455e-01 -5.585510000000000197e-01 -8.293540000000000356e-01 1.386199999999999932e-02 -8.294639999999999791e-01 5.585360000000000325e-01 -5.302000000000000289e-03
2.100000000000000000e+01 1.020000000000000000e+02 9.000000000000000000e+00 0.000000000000000000e+00 1.600000000000000089e+00 8.100000000000000375e-05 2.101000000000000003e-03 9.999980000000000535e-01 9.253379999999999939e-01 3.791419999999999790e-01 -8.720000000000000537e-04 -3.791430000000000078e-01 9.253360000000000474e-01 -1.912999999999999987e-03
2.300000000000000000e+01 1.040000000000000000e+02 1.100000000000000000e+01 0.000000000000000000e+00 1.600000000000000089e+00 -2.139999999999999975e-03 -5.400000000000000069e-04 9.999980000000000535e-01 -9.733070000000000332e-01 -2.294950000000000045e-01 -2.207000000000000194e-03 2.294960000000000055e-01 -9.733100000000000085e-01 -3.499999999999999693e-05
7.000000000000000000e+00 3.500000000000000000e+01 1.200000000000000000e+01 0.000000000000000000e+00 1.600000000000000089e+00 2.991000000000000169e-03 8.210000000000000067e-04 -9.999949999999999672e-01 4.667930000000000135e-01 -8.843659999999999854e-01 6.700000000000000226e-04 -8.843609999999999527e-01 -4.667930000000000135e-01 -3.027999999999999876e-03
1.500000000000000000e+01 3.200000000000000000e+01 1.400000000000000000e+01 0.000000000000000000e+00 1.600000000000000089e+00 2.262000000000000122e-03 -4.139999999999999800e-04 -9.999970000000000248e-01 1.100890000000000063e-01 9.939219999999999722e-01 -1.630000000000000047e-04 9.939189999999999969e-01 -1.100880000000000053e-01 2.294000000000000032e-03
2.300000000000000000e+01 3.200000000000000000e+01 1.400000000000000000e+01 0.000000000000000000e+00 1.600000000000000089e+00 -1.789299999999999918e-02 4.914400000000000018e-02 -9.986310000000000464e-01 9.186600000000000321e-02 9.946469999999999478e-01 4.730199999999999683e-02 9.956110000000000237e-01 -9.089400000000000257e-02 -2.231199999999999850e-02
2.700000000000000000e+01 3.200000000000000000e+01 1.400000000000000000e+01 0.000000000000000000e+00 1.600000000000000089e+00 1.993999999999999939e-02 -4.351200000000000206e-02 -9.988540000000000196e-01 9.092899999999999594e-02 9.949909999999999588e-01 -4.152900000000000341e-02 9.956580000000000430e-01 -8.999699999999999367e-02 2.379600000000000118e-02
1.600000000000000000e+01 1.200000000000000000e+01 1.500000000000000000e+01 0.000000000000000000e+00 1.600000000000000089e+00 2.567999999999999970e-03 5.460000000000000443e-04 -9.999970000000000248e-01 -4.650349999999999762e-01 -8.852910000000000501e-01 -1.678000000000000021e-03 -8.852879999999999638e-01 4.650380000000000069e-01 -2.018999999999999961e-03
1.000000000000000000e+01 1.160000000000000000e+02 1.600000000000000000e+01 0.000000000000000000e+00 1.600000000000000089e+00 -2.037999999999999881e-03 -3.755000000000000091e-03 9.999909999999999632e-01 6.795639999999999459e-01 7.336049999999999516e-01 4.139999999999999583e-03 -7.336139999999999883e-01 6.795660000000000034e-01 1.056999999999999997e-03
3.000000000000000000e+00 2.000000000000000000e+00 1.900000000000000000e+01 0.000000000000000000e+00 1.600000000000000089e+00 4.321000000000000188e-03 1.154000000000000078e-03 -9.999900000000000455e-01 1.370409999999999962e-01 -9.905650000000000288e-01 -5.509999999999999490e-04 -9.905559999999999921e-01 -1.370369999999999922e-01 -4.438000000000000105e-03
1.400000000000000000e+01 2.000000000000000000e+00 1.900000000000000000e+01 0.000000000000000000e+00 1.600000000000000089e+00 3.322999999999999999e-03 -5.434999999999999727e-03 -9.999799999999999800e-01 1.290620000000000100e-01 -9.916190000000000282e-01 5.818000000000000255e-03 -9.916310000000000402e-01 -1.290789999999999993e-01 -2.592999999999999819e-03
1.800000000000000000e+01 2.000000000000000000e+00 1.900000000000000000e+01 0.000000000000000000e+00 1.600000000000000089e+00 -4.229999999999999819e-04 -1.660000000000000017e-03 -9.999980000000000535e-01 1.258680000000000077e-01 -9.920459999999999834e-01 1.593999999999999931e-03 -9.920470000000000121e-01 -1.258680000000000077e-01 6.290000000000000018e-04
2.400000000000000000e+01 2.000000000000000000e+00 1.900000000000000000e+01 0.000000000000000000e+00 1.600000000000000089e+00 -1.397000000000000021e-03 4.300000000000000003e-03 -9.999900000000000455e-01 1.327119999999999966e-01 -9.911450000000000538e-01 -4.447000000000000432e-03 -9.911539999999999795e-01 -1.327170000000000016e-01 8.140000000000000534e-04
2.700000000000000000e+01 2.000000000000000000e+00 1.900000000000000000e+01 0.000000000000000000e+00 1.600000000000000089e+00 -1.160999999999999923e-03 7.832999999999999685e-03 -9.999689999999999968e-01 1.326469999999999871e-01 -9.911320000000000130e-01 -7.917000000000000426e-03 -9.911630000000000162e-01 -1.326519999999999921e-01 1.119999999999999983e-04
7.000000000000000000e+00 1.300000000000000000e+01 2.000000000000000000e+01 0.000000000000000000e+00 1.600000000000000089e+00 2.344999999999999862e-03 4.775999999999999863e-03 9.999860000000000415e-01 2.492570000000000063e-01 9.684230000000000338e-01 -5.210000000000000221e-03 -9.684350000000000458e-01 2.492649999999999866e-01 1.080999999999999930e-03
1.500000000000000000e+01 1.300000000000000000e+01 2.000000000000000000e+01 0.000000000000000000e+00 1.600000000000000089e+00 7.299999999999999903e-05 -5.681000000000000286e-03 9.999839999999999840e-01 2.480900000000000050e-01 9.687219999999999720e-01 5.485000000000000292e-03 -9.687369999999999592e-01 2.480850000000000000e-01 1.480999999999999895e-03
2.100000000000000000e+01 1.300000000000000000e+01 2.000000000000000000e+01 0.000000000000000000e+00 1.600000000000000089e+00 -4.710000000000000102e-04 7.140000000000000079e-04 1.000000000000000000e+00 2.488940000000000041e-01 9.685310000000000308e-01 -5.739999999999999660e-04 -9.685310000000000308e-01 2.488940000000000041e-01 -6.329999999999999906e-04
3.000000000000000000e+00 1.600000000000000000e+01 2.100000000000000000e+01 0.000000000000000000e+00 1.600000000000000089e+00 3.738000000000000003e-03 1.474699999999999969e-02 9.998839999999999950e-01 3.020829999999999904e-01 9.531610000000000360e-01 -1.518700000000000085e-02 -9.532739999999999547e-01 3.021050000000000124e-01 -8.919999999999999978e-04
6.000000000000000000e+00 4.600000000000000000e+01 2.700000000000000000e+01 0.000000000000000000e+00 1.600000000000000089e+00 -3.249999999999999851e-04 5.330000000000000536e-04 -1.000000000000000000e+00 6.622400000000000508e-01 7.492919999999999581e-01 1.840000000000000001e-04 7.492919999999999581e-01 -6.622390000000000221e-01 -5.969999999999999829e-04
1.400000000000000000e+01 4.600000000000000000e+01 2.700000000000000000e+01 0.000000000000000000e+00 1.600000000000000089e+00 7.479999999999999670e-04 1.645999999999999894e-03 -9.999980000000000535e-01 6.698159999999999670e-01 7.425249999999999906e-01 1.722999999999999922e-03 7.425270000000000481e-01 -6.698159999999999670e-01 -5.479999999999999845e-04
1.900000000000000000e+01 4.600000000000000000e+01 2.700000000000000000e+01 0.000000000000000000e+00 1.600000000000000089e+00 -2.959999999999999958e-03 -3.400000000000000244e-04 -9.999959999999999960e-01 6.703200000000000269e-01 7.420689999999999786e-01 -2.236999999999999839e-03 7.420660000000000034e-01 -6.703240000000000309e-01 -1.968999999999999830e-03
2.000000000000000000e+00 4.600000000000000000e+01 3.000000000000000000e+01 0.000000000000000000e+00 1.600000000000000089e+00 -3.494999999999999843e-03 -1.229999999999999974e-03 -9.999930000000000208e-01 3.244219999999999882e-01 9.459100000000000286e-01 -2.296999999999999997e-03 9.459060000000000246e-01 -3.244279999999999942e-01 -2.906999999999999862e-03
1.700000000000000000e+01 4.600000000000000000e+01 3.000000000000000000e+01 0.000000000000000000e+00 1.600000000000000089e+00 -1.132999999999999893e-03 -8.000000000000000383e-04 -9.999989999999999712e-01 3.303519999999999790e-01 9.438569999999999460e-01 -1.129000000000000012e-03 9.438569999999999460e-01 -3.303530000000000078e-01 -8.050000000000000515e-04
2.500000000000000000e+01 4.600000000000000000e+01 3.000000000000000000e+01 0.000000000000000000e+00 1.600000000000000089e+00 1.796000000000000070e-03 1.227000000000000009e-03 -9.999980000000000535e-01 3.268369999999999886e-01 9.450790000000000024e-01 1.747000000000000072e-03 9.450790000000000024e-01 -3.268400000000000194e-01 1.296000000000000060e-03
3.000000000000000000e+01 4.600000000000000000e+01 3.000000000000000000e+01 0.000000000000000000e+00 1.600000000000000089e+00 1.626000000000000058e-03 -9.089999999999999773e-04 -9.999980000000000535e-01 3.254290000000000238e-01 9.455670000000000464e-01 -3.310000000000000225e-04 9.455649999999999888e-01 -3.254279999999999951e-01 1.832999999999999994e-03
6.000000000000000000e+00 5.800000000000000000e+01 3.100000000000000000e+01 0.000000000000000000e+00 1.600000000000000089e+00 -4.958999999999999866e-03 -3.848999999999999991e-03 9.999799999999999800e-01 -7.614670000000000050e-01 -6.481729999999999992e-01 -6.270999999999999665e-03 6.481850000000000112e-01 -7.614830000000000210e-01 2.840000000000000185e-04
9.000000000000000000e+00 5.800000000000000000e+01 3.100000000000000000e+01 0.000000000000000000e+00 1.600000000000000089e+00 -2.906999999999999862e-03 -9.550000000000000112e-04 9.999949999999999672e-01 -7.645690000000000541e-01 -6.445359999999999978e-01 -2.837999999999999811e-03 6.445349999999999691e-01 -7.645739999999999759e-01 1.144000000000000052e-03
1.700000000000000000e+01 5.800000000000000000e+01 3.100000000000000000e+01 0.000000000000000000e+00 1.600000000000000089e+00 2.905000000000000030e-03 -1.088999999999999907e-03 9.999949999999999672e-01 -7.603239999999999998e-01 -6.495429999999999815e-01 1.502000000000000080e-03 6.495379999999999487e-01 -7.603239999999999998e-01 -2.714999999999999965e-03
2.100000000000000000e+01 5.800000000000000000e+01 3.100000000000000000e+01 0.000000000000000000e+00 1.600000000000000089e+00 1.920000000000000049e-03 -1.849999999999999973e-04 9.999980000000000535e-01 -7.607019999999999893e-01 -6.491000000000000103e-01 1.340999999999999961e-03 6.490989999999999815e-01 -7.607030000000000181e-01 -1.386999999999999995e-03
2.900000000000000000e+01 5.800000000000000000e+01 3.100000000000000000e+01 0.000000000000000000e+00 1.600000000000000089e+00 -3.271000000000000036e-03 -3.311000000000000141e-03 9.999890000000000168e-01 -7.683480000000000310e-01 -6.400160000000000293e-01 -4.632999999999999965e-03 6.400240000000000373e-01 -7.683550000000000102e-01 -4.510000000000000120e-04
9.000000000000000000e+00 6.000000000000000000e+00 3.200000000000000000e+01 0.000000000000000000e+00 1.600000000000000089e+00 -1.776000000000000018e-03 6.030000000000000204e-04 -9.999980000000000535e-01 2.200910000000000089e-01 9.754789999999999850e-01 1.969999999999999909e-04 9.754779999999999562e-01 -2.200900000000000079e-01 -1.864999999999999904e-03
1.700000000000000000e+01 6.000000000000000000e+00 3.200000000000000000e+01 0.000000000000000000e+00 1.600000000000000089e+00 2.066000000000000128e-03 -2.442999999999999859e-03 -9.999949999999999672e-01 2.435029999999999972e-01 9.698980000000000379e-01 -1.866000000000000037e-03 9.698980000000000379e-01 -2.434969999999999912e-01 2.599000000000000182e-03
2.000000000000000000e+01 6.000000000000000000e+00 3.200000000000000000e+01 0.000000000000000000e+00 1.600000000000000089e+00 8.589999999999999546e-04 -1.307999999999999918e-03 -9.999989999999999712e-01 2.445749999999999869e-01 9.696299999999999919e-01 -1.057999999999999913e-03 9.696299999999999919e-01 -2.445740000000000136e-01 1.152999999999999945e-03
2.900000000000000000e+01 6.000000000000000000e+00 3.200000000000000000e+01 0.000000000000000000e+00 1.600000000000000089e+00 2.120000000000000031e-04 -3.547999999999999939e-03 -9.999940000000000495e-01 2.238870000000000027e-01 9.746089999999999476e-01 -3.410999999999999970e-03 9.746150000000000091e-01 -2.238850000000000007e-01 1.000999999999999937e-03
2.100000000000000000e+01 2.200000000000000000e+01 3.400000000000000000e+01 0.000000000000000000e+00 1.600000000000000089e+00 6.870000000000000022e-04 -1.744000000000000107e-03 9.999980000000000535e-01 3.787800000000000056e-01 -9.254850000000000021e-01 -1.874999999999999931e-03 9.254869999999999486e-01 3.787800000000000056e-01 2.500000000000000120e-05
3.000000000000000000e+00 4.600000000000000000e+01 3.500000000000000000e+01 0.000000000000000000e+00 1.600000000000000089e+00 2.135999999999999878e-03 -1.608000000000000054e-03 -9.999959999999999960e-01 3.855020000000000113e-01 -9.227039999999999687e-01 2.307000000000000023e-03 -9.227049999999999974e-01 -3.855060000000000153e-01 -1.350999999999999987e-03
8.000000000000000000e+00 4.600000000000000000e+01 3.500000000000000000e+01 0.000000000000000000e+00 1.600000000000000089e+00 6.239999999999999887e-04 -3.975000000000000235e-03 -9.999919999999999920e-01 3.853820000000000023e-01 -9.227490000000000414e-01 3.908000000000000015e-03 -9.227570000000000494e-01 -3.853809999999999736e-01 9.560000000000000355e-04
1.200000000000000000e+01 4.600000000000000000e+01 3.500000000000000000e+01 0.000000000000000000e+00 1.600000000000000089e+00 -4.850000000000000253e-04 1.038000000000000077e-03 -9.999989999999999712e-01 3.857220000000000093e-01 -9.226149999999999629e-01 -1.144999999999999967e-03 -9.226149999999999629e-01 -3.857220000000000093e-01 4.699999999999999724e-05
1.400000000000000000e+01 4.600000000000000000e+01 3.500000000000000000e+01 0.000000000000000000e+00 1.600000000000000089e+00 -2.269999999999999882e-04 -1.990000000000000124e-04 -1.000000000000000000e+00 3.857400000000000273e-01 -9.226069999999999549e-01 9.600000000000000243e-05 -9.226069999999999549e-01 -3.857400000000000273e-01 2.860000000000000129e-04
1.900000000000000000e+01 4.600000000000000000e+01 3.500000000000000000e+01 0.000000000000000000e+00 1.600000000000000089e+00 -1.613999999999999983e-03 4.902000000000000107e-03 -9.999869999999999592e-01 3.858050000000000090e-01 -9.225659999999999972e-01 -5.145000000000000268e-03 -9.225790000000000379e-01 -3.858079999999999843e-01 -4.020000000000000136e-04
1.000000000000000000e+00 9.500000000000000000e+01 3.600000000000000000e+01 0.000000000000000000e+00 1.600000000000000089e+00 2.448999999999999788e-03 3.658999999999999926e-03 9.999900000000000455e-01 9.972400000000000153e-01 7.419699999999999906e-02 -2.713999999999999833e-03 -7.420599999999999419e-02 9.972370000000000401e-01 -3.467000000000000030e-03
7.000000000000000000e+00 9.500000000000000000e+01 3.600000000000000000e+01 0.000000000000000000e+00 1.600000000000000089e+00 2.920999999999999985e-03 -2.221599999999999964e-02 9.997489999999999988e-01 9.965119999999999534e-01 8.344300000000000328e-02 -1.056999999999999997e-03 -8.339900000000000091e-02 9.962649999999999562e-01 2.238300000000000012e-02
1.100000000000000000e+01 9.500000000000000000e+01 3.600000000000000000e+01 0.000000000000000000e+00 1.600000000000000089e+00 6.520000000000000188e-04 -1.125699999999999965e-02 9.999360000000000470e-01 9.960130000000000372e-01 8.920300000000000451e-02 3.550000000000000096e-04 -8.920100000000000251e-02 9.959500000000000020e-01 1.127000000000000050e-02
1.600000000000000000e+01 9.500000000000000000e+01 3.600000000000000000e+01 0.000000000000000000e+00 1.600000000000000089e+00 2.103999999999999967e-03 6.790000000000000029e-03 9.999749999999999472e-01 9.962060000000000359e-01 8.698000000000000176e-02 -2.687000000000000152e-03 -8.699600000000000388e-02 9.961870000000000447e-01 -6.581000000000000044e-03
2.000000000000000000e+01 9.500000000000000000e+01 3.600000000000000000e+01 0.000000000000000000e+00 1.600000000000000089e+00 -4.898999999999999709e-03 2.165999999999999957e-03 9.999860000000000415e-01 9.961769999999999792e-01 8.723300000000000498e-02 4.690999999999999857e-03 -8.722100000000000686e-02 9.961860000000000159e-01 -2.585000000000000058e-03
2.900000000000000000e+01 9.500000000000000000e+01 3.600000000000000000e+01 0.000000000000000000e+00 1.600000000000000089e+00 5.190000000000000386e-04 2.628999999999999827e-03 9.999959999999999960e-01 9.962370000000000392e-01 8.666200000000000292e-02 -7.450000000000000025e-04 -8.666400000000000492e-02 9.962339999999999529e-01 -2.573999999999999899e-03
5.000000000000000000e+00 3.000000000000000000e+00 4.300000000000000000e+01 0.000000000000000000e+00 1.600000000000000089e+00 7.244999999999999704e-03 3.467699999999999949e-02 -9.993720000000000381e-01 7.428649999999999975e-01 -6.692040000000000211e-01 -1.783600000000000116e-02 -6.694020000000000525e-01 -7.422689999999999566e-01 -3.060900000000000079e-02
9.000000000000000000e+00 3.000000000000000000e+00 4.300000000000000000e+01 0.000000000000000000e+00 1.600000000000000089e+00 8.774999999999999814e-03 4.730299999999999783e-02 -9.988420000000000076e-01 7.405030000000000223e-01 -6.715769999999999795e-01 -2.529899999999999857e-02 -6.719960000000000377e-01 -7.394230000000000524e-01 -4.092099999999999904e-02
1.400000000000000000e+01 3.000000000000000000e+00 4.300000000000000000e+01 0.000000000000000000e+00 1.600000000000000089e+00 4.082999999999999824e-03 4.005600000000000133e-02 -9.991889999999999938e-01 7.354129999999999834e-01 -6.771890000000000409e-01 -2.414300000000000126e-02 -6.776069999999999593e-01 -7.347179999999999822e-01 -3.222200000000000064e-02
1.900000000000000000e+01 3.000000000000000000e+00 4.300000000000000000e+01 0.000000000000000000e+00 1.600000000000000089e+00 1.951000000000000043e-03 6.506999999999999763e-03 -9.999770000000000048e-01 7.372469999999999857e-01 -6.756170000000000231e-01 -2.958000000000000126e-03 -6.756210000000000271e-01 -7.372239999999999904e-01 -6.114999999999999776e-03
2.400000000000000000e+01 3.000000000000000000e+00 4.300000000000000000e+01 0.000000000000000000e+00 1.600000000000000089e+00 8.369999999999999619e-04 1.060799999999999937e-02 -9.999430000000000263e-01 7.385150000000000325e-01 -6.742059999999999720e-01 -6.533999999999999878e-03 -6.742369999999999752e-01 -7.384669999999999845e-01 -8.397999999999999216e-03
4.000000000000000000e+00 8.000000000000000000e+00 4.400000000000000000e+01 0.000000000000000000e+00 1.600000000000000089e+00 -9.999999999999999547e-07 5.820999999999999786e-03 9.999829999999999552e-01 -7.695610000000000506e-01 -6.385629999999999917e-01 3.716999999999999818e-03 6.385739999999999750e-01 -7.695480000000000098e-01 4.479999999999999608e-03
1.600000000000000000e+01 8.000000000000000000e+00 4.400000000000000000e+01 0.000000000000000000e+00 1.600000000000000089e+00 3.033999999999999805e-03 1.145299999999999964e-02 9.999299999999999855e-01 -7.717140000000000111e-01 -6.358970000000000455e-01 9.624999999999999875e-03 6.359629999999999450e-01 -7.716889999999999583e-01 6.909000000000000211e-03
2.000000000000000000e+01 8.000000000000000000e+00 4.400000000000000000e+01 0.000000000000000000e+00 1.600000000000000089e+00 1.144000000000000052e-03 5.431000000000000064e-03 9.999850000000000128e-01 -7.735670000000000046e-01 -6.337000000000000410e-01 4.325999999999999984e-03 6.337139999999999995e-01 -7.735600000000000254e-01 3.475999999999999923e-03
4.000000000000000000e+00 2.900000000000000000e+01 4.400000000000000000e+01 0.000000000000000000e+00 1.600000000000000089e+00 1.170999999999999949e-03 -2.919000000000000154e-03 -9.999949999999999672e-01 6.819460000000000521e-01 7.314009999999999678e-01 -1.337000000000000081e-03 7.314019999999999966e-01 -6.819410000000000194e-01 2.847000000000000138e-03
1.300000000000000000e+01 2.900000000000000000e+01 4.400000000000000000e+01 0.000000000000000000e+00 1.600000000000000089e+00 9.899999999999999404e-05 2.240999999999999936e-03 -9.999970000000000248e-01 6.725740000000000052e-01 7.400280000000000191e-01 1.724999999999999971e-03 7.400299999999999656e-01 -6.725729999999999764e-01 -1.433999999999999945e-03
2.000000000000000000e+01 2.900000000000000000e+01 4.400000000000000000e+01 0.000000000000000000e+00 1.600000000000000089e+00 -9.650000000000000374e-04 2.086999999999999880e-03 -9.999970000000000248e-01 6.579420000000000268e-01 7.530679999999999596e-01 9.370000000000000074e-04 7.530679999999999596e-01 -6.579399999999999693e-01 -2.099999999999999870e-03
2.300000000000000000e+01 2.900000000000000000e+01 4.400000000000000000e+01 0.000000000000000000e+00 1.600000000000000089e+00 -1.276000000000000007e-03 -1.920000000000000049e-03 -9.999970000000000248e-01 6.579310000000000436e-01 7.530750000000000499e-01 -2.285999999999999838e-03 7.530769999999999964e-01 -6.579319999999999613e-01 3.020000000000000223e-04
1.200000000000000000e+01 5.400000000000000000e+01 4.600000000000000000e+01 0.000000000000000000e+00 1.600000000000000089e+00 3.259999999999999877e-03 4.920000000000000328e-04 9.999949999999999672e-01 3.209299999999999931e-01 -9.471030000000000282e-01 -5.800000000000000034e-04 9.470969999999999667e-01 3.209299999999999931e-01 -3.245000000000000055e-03
1.900000000000000000e+01 5.400000000000000000e+01 4.600000000000000000e+01 0.000000000000000000e+00 1.600000000000000089e+00 1.051000000000000068e-03 -3.484999999999999817e-03 9.999930000000000208e-01 3.573000000000000065e-01 -9.339830000000000076e-01 -3.629999999999999980e-03 9.339889999999999581e-01 3.573009999999999797e-01 2.640000000000000202e-04
6.000000000000000000e+00 6.500000000000000000e+01 4.600000000000000000e+01 0.000000000000000000e+00 1.600000000000000089e+00 2.023000000000000059e-03 -6.399999999999999710e-05 9.999980000000000535e-01 6.804970000000000185e-01 -7.327500000000000124e-01 -1.423000000000000003e-03 7.327479999999999549e-01 6.804980000000000473e-01 -1.438999999999999958e-03
2.100000000000000000e+01 6.500000000000000000e+01 4.600000000000000000e+01 0.000000000000000000e+00 1.600000000000000089e+00 -2.549000000000000050e-03 3.713000000000000154e-03 9.999900000000000455e-01 6.818539999999999601e-01 -7.314749999999999863e-01 4.453999999999999626e-03 7.314840000000000231e-01 6.818589999999999929e-01 -6.669999999999999497e-04
1.600000000000000000e+01 5.000000000000000000e+00 5.100000000000000000e+01 0.000000000000000000e+00 1.600000000000000089e+00 3.373999999999999829e-03 1.114000000000000060e-02 -9.999320000000000430e-01 4.901780000000000026e-01 -8.715850000000000541e-01 -8.056000000000000660e-03 -8.716159999999999464e-01 -4.901170000000000249e-01 -8.401999999999999746e-03
2.000000000000000000e+00 1.150000000000000000e+02 5.100000000000000000e+01 0.000000000000000000e+00 1.600000000000000089e+00 -2.867000000000000191e-03 -5.934000000000000039e-03 9.999780000000000335e-01 8.421290000000000164e-01 -5.392759999999999776e-01 -7.860000000000000233e-04 5.392689999999999984e-01 8.421079999999999677e-01 6.543000000000000205e-03
3.000000000000000000e+00 6.300000000000000000e+01 5.400000000000000000e+01 0.000000000000000000e+00 1.600000000000000089e+00 -6.729999999999999871e-04 3.689000000000000005e-03 9.999930000000000208e-01 -3.566540000000000266e-01 9.342289999999999761e-01 -3.687000000000000173e-03 -9.342359999999999554e-01 -3.566540000000000266e-01 6.870000000000000022e-04
1.000000000000000000e+01 6.300000000000000000e+01 5.400000000000000000e+01 0.000000000000000000e+00 1.600000000000000089e+00 2.900000000000000017e-05 2.520000000000000104e-03 9.999970000000000248e-01 -3.468470000000000164e-01 9.379189999999999472e-01 -2.354000000000000190e-03 -9.379220000000000335e-01 -3.468459999999999877e-01 9.020000000000000240e-04
1.500000000000000000e+01 6.300000000000000000e+01 5.400000000000000000e+01 0.000000000000000000e+00 1.600000000000000089e+00 -1.360000000000000098e-03 -2.660000000000000146e-04 9.999989999999999712e-01 -3.420619999999999772e-01 9.396769999999999845e-01 -2.149999999999999947e-04 -9.396759999999999557e-01 -3.420619999999999772e-01 -1.368999999999999991e-03
2.000000000000000000e+01 6.300000000000000000e+01 5.400000000000000000e+01 0.000000000000000000e+00 1.600000000000000089e+00 5.270000000000000162e-04 -1.018999999999999941e-03 9.999989999999999712e-01 -3.423109999999999764e-01 9.395860000000000323e-01 1.137999999999999906e-03 -9.395869999999999500e-01 -3.423109999999999764e-01 1.459999999999999981e-04
3.000000000000000000e+01 6.300000000000000000e+01 5.400000000000000000e+01 0.000000000000000000e+00 1.600000000000000089e+00 1.630000000000000047e-04 3.101000000000000024e-03 9.999949999999999672e-01 -3.580990000000000006e-01 9.336790000000000367e-01 -2.835999999999999979e-03 -9.336839999999999584e-01 -3.580969999999999986e-01 1.263000000000000017e-03
2.000000000000000000e+00 2.500000000000000000e+01 5.500000000000000000e+01 0.000000000000000000e+00 1.600000000000000089e+00 2.688999999999999984e-03 3.190000000000000127e-03 -9.999909999999999632e-01 -8.290000000000000493e-03 -9.999599999999999600e-01 -3.212000000000000011e-03 -9.999620000000000175e-01 8.297999999999999821e-03 -2.663000000000000003e-03
1.400000000000000000e+01 2.500000000000000000e+01 5.500000000000000000e+01 0.000000000000000000e+00 1.600000000000000089e+00 -1.105000000000000079e-03 -2.681999999999999922e-03 -9.999959999999999960e-01 -9.525999999999999746e-03 -9.999510000000000343e-01 2.691999999999999948e-03 -9.999540000000000095e-01 9.528999999999999276e-03 1.079000000000000098e-03
1.700000000000000000e+01 2.500000000000000000e+01 5.500000000000000000e+01 0.000000000000000000e+00 1.600000000000000089e+00 -3.069999999999999812e-04 7.079999999999999705e-04 -1.000000000000000000e+00 -9.811999999999999542e-03 -9.999519999999999520e-01 -7.050000000000000060e-04 -9.999519999999999520e-01 9.811999999999999542e-03 3.139999999999999888e-04
2.200000000000000000e+01 2.500000000000000000e+01 5.500000000000000000e+01 0.000000000000000000e+00 1.600000000000000089e+00 7.360000000000000006e-04 1.998000000000000210e-03 -9.999980000000000535e-01 -1.000000000000000021e-02 -9.999479999999999480e-01 -2.004999999999999838e-03 -9.999500000000000055e-01 1.000200000000000047e-02 -7.159999999999999481e-04
2.600000000000000000e+01 2.500000000000000000e+01 5.500000000000000000e+01 0.000000000000000000e+00 1.600000000000000089e+00 -4.009999999999999893e-04 1.110000000000000011e-04 -1.000000000000000000e+00 -1.059700000000000052e-02 -9.999440000000000550e-01 -1.069999999999999988e-04 -9.999440000000000550e-01 1.059700000000000052e-02 4.020000000000000136e-04
6.000000000000000000e+00 7.000000000000000000e+00 6.000000000000000000e+01 0.000000000000000000e+00 1.600000000000000089e+00 -2.468999999999999841e-03 -1.134899999999999971e-02 9.999329999999999607e-01 5.696379999999999777e-01 -8.218579999999999774e-01 -7.922000000000000222e-03 8.218919999999999559e-01 5.695799999999999752e-01 8.493999999999999814e-03
2.100000000000000000e+01 7.000000000000000000e+00 6.000000000000000000e+01 0.000000000000000000e+00 1.600000000000000089e+00 1.459999999999999926e-03 7.154999999999999902e-03 9.999730000000000008e-01 5.663949999999999818e-01 -8.241180000000000172e-01 5.069999999999999854e-03 8.241319999999999757e-01 5.663730000000000153e-01 -5.256000000000000255e-03
2.700000000000000000e+01 7.000000000000000000e+00 6.000000000000000000e+01 0.000000000000000000e+00 1.600000000000000089e+00 -2.620000000000000258e-04 4.274000000000000021e-03 9.999909999999999632e-01 5.656240000000000157e-01 -8.246550000000000269e-01 3.671999999999999917e-03 8.246630000000000349e-01 5.656200000000000117e-01 -2.200999999999999832e-03
3.000000000000000000e+00 2.100000000000000000e+01 6.000000000000000000e+01 0.000000000000000000e+00 1.600000000000000089e+00 1.510999999999999973e-03 6.645999999999999998e-03 9.999770000000000048e-01 -9.441499999999999893e-02 9.955119999999999525e-01 -6.473999999999999720e-03 -9.955319999999999725e-01 -9.440300000000000080e-02 2.131000000000000082e-03
6.000000000000000000e+00 2.100000000000000000e+01 6.000000000000000000e+01 0.000000000000000000e+00 1.600000000000000089e+00 2.537000000000000192e-03 1.822999999999999968e-03 9.999949999999999672e-01 -9.464899999999999702e-02 9.955089999999999772e-01 -1.574000000000000095e-03 -9.955070000000000308e-01 -9.464500000000000690e-02 2.697999999999999877e-03
1.000000000000000000e+01 2.100000000000000000e+01 6.000000000000000000e+01 0.000000000000000000e+00 1.600000000000000089e+00 2.811999999999999830e-03 2.945999999999999834e-03 9.999919999999999920e-01 -9.590400000000000313e-02 9.953870000000000218e-01 -2.663000000000000003e-03 -9.953870000000000218e-01 -9.589599999999999513e-02 3.082000000000000104e-03
1.300000000000000000e+01 2.100000000000000000e+01 6.000000000000000000e+01 0.000000000000000000e+00 1.600000000000000089e+00 2.308000000000000156e-03 7.611999999999999843e-03 9.999679999999999680e-01 -9.714000000000000412e-02 9.952440000000000175e-01 -7.352000000000000028e-03 -9.952680000000000415e-01 -9.711999999999999800e-02 3.037000000000000203e-03
2.900000000000000000e+01 2.100000000000000000e+01 6.000000000000000000e+01 0.000000000000000000e+00 1.600000000000000089e+00 -7.810000000000000102e-04 -5.257999999999999653e-03 9.999860000000000415e-01 -9.706499999999999850e-02 9.952649999999999553e-01 5.158000000000000258e-03 -9.952779999999999960e-01 -9.705999999999999350e-02 -1.288000000000000082e-03
2.000000000000000000e+01 6.000000000000000000e+00 6.100000000000000000e+01 0.000000000000000000e+00 1.600000000000000089e+00 4.169999999999999987e-04 2.288000000000000103e-03 9.999970000000000248e-01 5.589490000000000292e-01 -8.292000000000000481e-01 1.663999999999999898e-03 8.292019999999999946e-01 5.589469999999999716e-01 -1.624000000000000010e-03
4.000000000000000000e+00 2.700000000000000000e+01 6.300000000000000000e+01 0.000000000000000000e+00 1.600000000000000089e+00 1.804000000000000048e-03 4.166999999999999697e-03 9.999900000000000455e-01 -2.730659999999999754e-01 9.619889999999999830e-01 -3.516000000000000028e-03 -9.619940000000000158e-01 -2.730569999999999942e-01 2.873999999999999819e-03
9.000000000000000000e+00 2.700000000000000000e+01 6.300000000000000000e+01 0.000000000000000000e+00 1.600000000000000089e+00 2.115000000000000126e-03 2.782000000000000185e-03 9.999940000000000495e-01 -2.755639999999999756e-01 9.612800000000000233e-01 -2.092000000000000109e-03 -9.612800000000000233e-01 -2.755580000000000251e-01 2.799999999999999972e-03
1.400000000000000000e+01 2.700000000000000000e+01 6.300000000000000000e+01 0.000000000000000000e+00 1.600000000000000089e+00 1.049000000000000019e-03 5.340000000000000129e-03 9.999850000000000128e-01 -2.777350000000000096e-01 9.606449999999999712e-01 -4.839000000000000419e-03 -9.606569999999999832e-01 -2.777259999999999729e-01 2.491000000000000159e-03
1.700000000000000000e+01 2.700000000000000000e+01 6.300000000000000000e+01 0.000000000000000000e+00 1.600000000000000089e+00 1.180000000000000059e-03 2.614000000000000004e-03 9.999959999999999960e-01 -2.772979999999999889e-01 9.607809999999999961e-01 -2.184999999999999876e-03 -9.607830000000000537e-01 -2.772950000000000137e-01 1.858000000000000059e-03
2.200000000000000000e+01 2.700000000000000000e+01 6.300000000000000000e+01 0.000000000000000000e+00 1.600000000000000089e+00 8.630000000000000518e-04 4.187999999999999882e-03 9.999909999999999632e-01 -2.798519999999999897e-01 9.600360000000000005e-01 -3.778999999999999807e-03 -9.600429999999999797e-01 -2.798459999999999837e-01 2.001000000000000174e-03
2.700000000000000000e+01 2.700000000000000000e+01 6.300000000000000000e+01 0.000000000000000000e+00 1.600000000000000089e+00 -2.213000000000000123e-03 1.534999999999999906e-03 9.999959999999999960e-01 -2.771919999999999940e-01 9.608119999999999994e-01 -2.088000000000000012e-03 -9.608119999999999994e-01 -2.771950000000000247e-01 -1.701000000000000038e-03
4.000000000000000000e+00 2.600000000000000000e+01 6.400000000000000000e+01 0.000000000000000000e+00 1.600000000000000089e+00 1.631000000000000071e-03 5.137000000000000073e-03 9.999860000000000415e-01 -3.480900000000000105e-01 9.374519999999999520e-01 -4.248000000000000040e-03 -9.374599999999999600e-01 -3.480779999999999985e-01 3.317000000000000070e-03
9.000000000000000000e+00 2.600000000000000000e+01 6.400000000000000000e+01 0.000000000000000000e+00 1.600000000000000089e+00 2.327000000000000075e-03 4.146999999999999645e-03 9.999890000000000168e-01 -3.496500000000000163e-01 9.368750000000000133e-01 -3.072000000000000078e-03 -9.368779999999999886e-01 -3.496389999999999776e-01 3.629999999999999980e-03
1.200000000000000000e+01 2.600000000000000000e+01 6.400000000000000000e+01 0.000000000000000000e+00 1.600000000000000089e+00 1.500999999999999947e-03 8.741000000000000505e-03 9.999609999999999888e-01 -3.506319999999999992e-01 9.364820000000000366e-01 -7.660000000000000142e-03 -9.365120000000000111e-01 -3.506070000000000020e-01 4.471000000000000148e-03
1.800000000000000000e+01 2.600000000000000000e+01 6.400000000000000000e+01 0.000000000000000000e+00 1.600000000000000089e+00 1.461000000000000059e-03 3.924999999999999670e-03 9.999909999999999632e-01 -3.475179999999999936e-01 9.376679999999999460e-01 -3.171999999999999906e-03 -9.376719999999999500e-01 -3.475110000000000143e-01 2.733999999999999885e-03
