1.300000000000000000e+01 1.900000000000000000e+01 5.000000000000000000e+00 0.000000000000000000e+00 1.600000000000000089e+00 2.849999999999999886e-04 -1.789999999999999870e-04 -1.000000000000000000e+00 -7.075190000000000090e-01 -7.066940000000000444e-01 -7.499999999999999343e-05 -7.066940000000000444e-01 7.075190000000000090e-01 -3.280000000000000038e-04
5.000000000000000000e+00 1.010000000000000000e+02 7.000000000000000000e+00 0.000000000000000000e+00 1.600000000000000089e+00 -2.897999999999999968e-03 -1.585599999999999857e-02 9.998700000000000365e-01 8.895539999999999559e-01 4.567249999999999921e-01 9.820999999999999869e-03 -4.568209999999999771e-01 8.894670000000000076e-01 1.278100000000000069e-02
1.600000000000000000e+01 1.010000000000000000e+02 7.000000000000000000e+00 0.000000000000000000e+00 1.600000000000000089e+00 6.989999999999999686e-04 -7.131000000000000186e-03 9.999740000000000295e-01 8.886469999999999647e-01 4.585850000000000204e-01 2.648999999999999879e-03 -4.585919999999999996e-01 8.886220000000000230e-01 6.657999999999999856e-03
2.300000000000000000e+01 1.010000000000000000e+02 7.000000000000000000e+00 0.000000000000000000e+00 1.600000000000000089e+00 1.239000000000000084e-03 9.593000000000000832e-03 9.999529999999999808e-01 8.891440000000000454e-01 4.575949999999999740e-01 -5.491000000000000221e-03 -4.576259999999999772e-01 8.891090000000000382e-01 -7.962999999999999592e-03
4.000000000000000000e+00 2.500000000000000000e+01 8.000000000000000000e+00 0.000000000000000000e+00 1.600000000000000089e+00 -3.680000000000000003e-04 -5.119999999999999768e-04 -1.000000000000000000e+00 4.369430000000000258e-01 8.994889999999999830e-01 -6.210000000000000242e-04 8.994889999999999830e-01 -4.369430000000000258e-01 -1.069999999999999988e-04
1.300000000000000000e+01 2.500000000000000000e+01 8.000000000000000000e+00 0.000000000000000000e+00 1.600000000000000089e+00 -1.909000000000000107e-03 8.385000000000000092e-03 -9.999630000000000463e-01 4.364080000000000181e-01 8.997239999999999682e-01 6.712000000000000084e-03 8.997469999999999635e-01 -4.363790000000000169e-01 -5.376999999999999835e-03
1.900000000000000000e+01 2.500000000000000000e+01 8.000000000000000000e+00 0.000000000000000000e+00 1.600000000000000089e+00 -6.530000000000000431e-04 3.274000000000000000e-03 -9.999940000000000495e-01 4.366780000000000106e-01 8.996140000000000247e-01 2.660000000000000038e-03 8.996170000000000000e-01 -4.366740000000000066e-01 -2.017000000000000130e-03
2.200000000000000000e+01 2.500000000000000000e+01 8.000000000000000000e+00 0.000000000000000000e+00 1.600000000000000089e+00 -3.750000000000000078e-04 -1.194500000000000076e-02 -9.999289999999999567e-01 4.374120000000000230e-01 8.991949999999999665e-01 -1.090499999999999976e-02 8.992609999999999770e-01 -4.373850000000000238e-01 4.886999999999999851e-03
7.000000000000000000e+00 9.000000000000000000e+00 9.000000000000000000e+00 0.000000000000000000e+00 1.600000000000000089e+00 1.607300000000000048e-02 6.769999999999999976e-03 -9.998479999999999590e-01 -9.714570000000000149e-01 -2.365919999999999968e-01 -1.721900000000000167e-02 -2.366729999999999945e-01 9.715859999999999497e-01 2.773999999999999990e-03
1.300000000000000000e+01 9.000000000000000000e+00 9.000000000000000000e+00 0.000000000000000000e+00 1.600000000000000089e+00 2.599200000000000121e-02 1.519900000000000070e-02 -9.995469999999999633e-01 -9.741260000000000474e-01 -2.241710000000000091e-01 -2.873900000000000066e-02 -2.245060000000000111e-01 9.744310000000000471e-01 8.978999999999999135e-03
1.800000000000000000e+01 9.000000000000000000e+00 9.000000000000000000e+00 0.000000000000000000e+00 1.600000000000000089e+00 2.815300000000000094e-02 7.020000000000000198e-03 -9.995789999999999953e-01 -9.868529999999999802e-01 -1.590119999999999867e-01 -2.891099999999999920e-02 -1.591480000000000117e-01 9.872520000000000184e-01 2.451000000000000054e-03
4.000000000000000000e+00 2.400000000000000000e+01 9.000000000000000000e+00 0.000000000000000000e+00 1.600000000000000089e+00 -4.560000000000000251e-04 5.230000000000000274e-04 -1.000000000000000000e+00 4.435870000000000091e-01 8.962309999999999999e-01 2.660000000000000146e-04 8.962309999999999999e-01 -4.435859999999999803e-01 -6.409999999999999682e-04
1.000000000000000000e+01 2.400000000000000000e+01 9.000000000000000000e+00 0.000000000000000000e+00 1.600000000000000089e+00 -1.489000000000000089e-03 1.234000000000000071e-03 -9.999980000000000535e-01 4.438920000000000088e-01 8.960799999999999876e-01 4.440000000000000045e-04 8.960789999999999589e-01 -4.438900000000000068e-01 -1.881999999999999992e-03
1.300000000000000000e+01 2.400000000000000000e+01 9.000000000000000000e+00 0.000000000000000000e+00 1.600000000000000089e+00 -1.025000000000000086e-03 2.462000000000000213e-03 -9.999959999999999960e-01 4.426470000000000127e-01 8.966939999999999911e-01 1.753999999999999917e-03 8.966950000000000198e-01 -4.426439999999999819e-01 -2.008999999999999935e-03
1.900000000000000000e+01 2.400000000000000000e+01 9.000000000000000000e+00 0.000000000000000000e+00 1.600000000000000089e+00 -6.909999999999999910e-04 2.752000000000000106e-03 -9.999959999999999960e-01 4.416930000000000023e-01 8.971639999999999615e-01 2.164000000000000125e-03 8.971660000000000190e-01 -4.416900000000000270e-01 -1.835000000000000043e-03
2.200000000000000000e+01 2.400000000000000000e+01 9.000000000000000000e+00 0.000000000000000000e+00 1.600000000000000089e+00 -8.009999999999999542e-04 -9.003000000000000586e-03 -9.999590000000000423e-01 4.425780000000000269e-01 8.966910000000000158e-01 -8.427999999999999728e-03 8.967300000000000271e-01 -4.425660000000000149e-01 3.266999999999999939e-03
2.600000000000000000e+01 2.400000000000000000e+01 9.000000000000000000e+00 0.000000000000000000e+00 1.600000000000000089e+00 6.049999999999999606e-04 -7.204000000000000334e-03 -9.999740000000000295e-01 4.441459999999999853e-01 8.959329999999999794e-01 -6.185999999999999659e-03 8.959540000000000282e-01 -4.441309999999999980e-01 3.742000000000000100e-03
3.000000000000000000e+01 2.400000000000000000e+01 9.000000000000000000e+00 0.000000000000000000e+00 1.600000000000000089e+00 2.115999999999999825e-03 1.113000000000000057e-03 -9.999970000000000248e-01 4.442150000000000265e-01 8.959179999999999922e-01 1.936999999999999920e-03 8.959179999999999922e-01 -4.442180000000000017e-01 1.400999999999999902e-03
3.000000000000000000e+00 8.000000000000000000e+00 1.000000000000000000e+01 0.000000000000000000e+00 1.600000000000000089e+00 1.652199999999999849e-02 -2.384999999999999967e-03 -9.998609999999999998e-01 -9.946249999999999813e-01 -1.022669999999999968e-01 -1.619100000000000053e-02 -1.022139999999999993e-01 9.947540000000000271e-01 -4.061000000000000373e-03
4.000000000000000000e+00 4.000000000000000000e+00 1.100000000000000000e+01 0.000000000000000000e+00 1.600000000000000089e+00 -3.542000000000000010e-03 1.452600000000000072e-02 9.998879999999999990e-01 1.376020000000000021e-01 -9.903760000000000341e-01 1.487499999999999933e-02 9.904809999999999448e-01 1.376390000000000113e-01 1.508999999999999925e-03
8.000000000000000000e+00 4.000000000000000000e+00 1.100000000000000000e+01 0.000000000000000000e+00 1.600000000000000089e+00 -3.461999999999999800e-03 1.402600000000000027e-02 9.998960000000000070e-01 1.360490000000000033e-01 -9.905979999999999785e-01 1.436600000000000030e-02 9.906960000000000210e-01 1.360850000000000115e-01 1.521000000000000000e-03
1.900000000000000000e+01 2.800000000000000000e+01 1.300000000000000000e+01 0.000000000000000000e+00 1.600000000000000089e+00 -7.810000000000000102e-04 3.531900000000000317e-02 9.993760000000000421e-01 -4.768700000000000022e-02 9.982379999999999587e-01 -3.531600000000000017e-02 -9.988620000000000276e-01 -4.768499999999999822e-02 9.039999999999999642e-04
2.100000000000000000e+01 2.800000000000000000e+01 1.300000000000000000e+01 0.000000000000000000e+00 1.600000000000000089e+00 -4.853999999999999808e-03 -5.755600000000000299e-02 9.983300000000000507e-01 -6.081600000000000200e-02 9.965110000000000356e-01 5.715599999999999847e-02 -9.981370000000000520e-01 -6.043699999999999767e-02 -8.337000000000000660e-03
1.300000000000000000e+01 2.900000000000000000e+01 1.300000000000000000e+01 0.000000000000000000e+00 1.600000000000000089e+00 1.799699999999999911e-02 2.696839999999999793e-01 9.627809999999999979e-01 -1.621500000000000025e-02 9.628889999999999949e-01 -2.694110000000000116e-01 -9.997070000000000123e-01 -1.076300000000000000e-02 2.170199999999999907e-02
1.900000000000000000e+01 1.200000000000000000e+01 1.600000000000000000e+01 0.000000000000000000e+00 1.600000000000000089e+00 -3.784000000000000037e-03 2.594000000000000125e-02 9.996559999999999890e-01 2.826670000000000016e-01 -9.588670000000000249e-01 2.595199999999999937e-02 9.592110000000000358e-01 2.826679999999999748e-01 -3.703999999999999827e-03
2.500000000000000000e+01 1.200000000000000000e+01 1.600000000000000000e+01 0.000000000000000000e+00 1.600000000000000089e+00 -6.430000000000000169e-04 -2.259999999999999910e-04 1.000000000000000000e+00 2.728490000000000082e-01 -9.620570000000000510e-01 -4.199999999999999768e-05 9.620570000000000510e-01 2.728490000000000082e-01 6.800000000000000488e-04
2.900000000000000000e+01 1.200000000000000000e+01 1.600000000000000000e+01 0.000000000000000000e+00 1.600000000000000089e+00 3.193999999999999791e-03 -1.123299999999999993e-02 9.999320000000000430e-01 2.674659999999999815e-01 -9.634970000000000478e-01 -1.167799999999999915e-02 9.635620000000000296e-01 2.674849999999999728e-01 -7.299999999999999903e-05
1.500000000000000000e+01 1.160000000000000000e+02 1.600000000000000000e+01 0.000000000000000000e+00 1.600000000000000089e+00 8.409999999999999507e-04 2.843000000000000041e-03 9.999959999999999960e-01 7.743430000000000035e-01 6.327610000000000179e-01 -2.449999999999999921e-03 -6.327650000000000219e-01 7.743419999999999748e-01 -1.668999999999999911e-03
2.500000000000000000e+01 1.160000000000000000e+02 1.600000000000000000e+01 0.000000000000000000e+00 1.600000000000000089e+00 1.217999999999999899e-03 1.060000000000000016e-04 9.999989999999999712e-01 7.661369999999999569e-01 6.426770000000000538e-01 -1.000999999999999937e-03 -6.426760000000000250e-01 7.661369999999999569e-01 7.020000000000000415e-04
2.900000000000000000e+01 1.160000000000000000e+02 1.600000000000000000e+01 0.000000000000000000e+00 1.600000000000000089e+00 4.800999999999999712e-03 3.379000000000000059e-03 9.999829999999999552e-01 7.652290000000000481e-01 6.437319999999999709e-01 -5.849000000000000032e-03 -6.437399999999999789e-01 7.652440000000000353e-01 5.050000000000000235e-04
2.800000000000000000e+01 3.000000000000000000e+01 1.800000000000000000e+01 0.000000000000000000e+00 1.600000000000000089e+00 6.171399999999999803e-02 -3.257999999999999785e-02 -9.975619999999999488e-01 -9.980940000000000367e-01 -2.540999999999999856e-03 -6.166399999999999659e-02 -5.259999999999999919e-04 9.994659999999999656e-01 -3.267500000000000265e-02
2.800000000000000000e+01 3.400000000000000000e+01 1.800000000000000000e+01 0.000000000000000000e+00 1.600000000000000089e+00 5.227199999999999902e-02 1.347609999999999919e-01 9.894979999999999887e-01 -9.906279999999999530e-01 -1.182079999999999936e-01 6.843100000000000571e-02 1.261889999999999956e-01 -9.838019999999999543e-01 1.273189999999999877e-01
1.800000000000000000e+01 2.000000000000000000e+00 1.900000000000000000e+01 0.000000000000000000e+00 1.600000000000000089e+00 -3.093999999999999962e-03 2.865799999999999945e-02 -9.995840000000000281e-01 3.474740000000000051e-01 -9.372730000000000228e-01 -2.794699999999999962e-02 -9.376849999999999907e-01 -3.474160000000000026e-01 -7.058000000000000038e-03
2.700000000000000000e+01 2.000000000000000000e+00 1.900000000000000000e+01 0.000000000000000000e+00 1.600000000000000089e+00 -5.900000000000000296e-04 3.676000000000000014e-03 -9.999930000000000208e-01 3.379980000000000206e-01 -9.411399999999999766e-01 -3.658999999999999926e-03 -9.411460000000000381e-01 -3.379980000000000206e-01 -6.870000000000000022e-04
2.000000000000000000e+00 3.000000000000000000e+00 1.900000000000000000e+01 0.000000000000000000e+00 1.600000000000000089e+00 -6.380000000000000254e-03 2.179100000000000134e-02 -9.997420000000000195e-01 3.440090000000000092e-01 -9.386929999999999996e-01 -2.265599999999999906e-02 -9.389450000000000296e-01 -3.440650000000000097e-01 -1.507000000000000093e-03
7.000000000000000000e+00 3.000000000000000000e+00 1.900000000000000000e+01 0.000000000000000000e+00 1.600000000000000089e+00 -2.338999999999999933e-03 1.584800000000000098e-02 -9.998719999999999830e-01 3.456279999999999908e-01 -9.382409999999999917e-01 -1.567999999999999949e-02 -9.383690000000000087e-01 -3.456199999999999828e-01 -3.282999999999999894e-03
1.200000000000000000e+01 3.000000000000000000e+00 1.900000000000000000e+01 0.000000000000000000e+00 1.600000000000000089e+00 -3.650000000000000033e-03 1.714500000000000052e-02 -9.998460000000000125e-01 3.443780000000000174e-01 -9.386710000000000331e-01 -1.735300000000000037e-02 -9.388239999999999919e-01 -3.443880000000000274e-01 -2.478999999999999867e-03
1.500000000000000000e+01 3.000000000000000000e+00 1.900000000000000000e+01 0.000000000000000000e+00 1.600000000000000089e+00 -4.186999999999999750e-03 2.256800000000000125e-02 -9.997369999999999868e-01 3.420790000000000219e-01 -9.393979999999999553e-01 -2.263899999999999940e-02 -9.396619999999999973e-01 -3.420839999999999992e-01 -3.787000000000000002e-03
2.000000000000000000e+01 3.000000000000000000e+00 1.900000000000000000e+01 0.000000000000000000e+00 1.600000000000000089e+00 -1.760000000000000063e-03 2.304900000000000004e-02 -9.997329999999999828e-01 3.368050000000000210e-01 -9.413099999999999801e-01 -2.229499999999999885e-02 -9.415729999999999933e-01 -3.367539999999999978e-01 -6.106000000000000316e-03
8.000000000000000000e+00 4.000000000000000000e+00 2.000000000000000000e+01 0.000000000000000000e+00 1.600000000000000089e+00 -1.306000000000000086e-03 1.373300000000000042e-02 -9.999050000000000438e-01 3.792530000000000068e-01 -9.251989999999999936e-01 -1.320200000000000019e-02 -9.252920000000000034e-01 -3.792349999999999888e-01 -4.000000000000000083e-03
1.400000000000000000e+01 4.000000000000000000e+00 2.000000000000000000e+01 0.000000000000000000e+00 1.600000000000000089e+00 -3.432999999999999854e-03 1.894399999999999903e-02 -9.998150000000000093e-01 3.849230000000000151e-01 -9.227570000000000494e-01 -1.880599999999999980e-02 -9.229420000000000401e-01 -3.849170000000000091e-01 -4.124000000000000062e-03
2.100000000000000000e+01 4.000000000000000000e+00 2.000000000000000000e+01 0.000000000000000000e+00 1.600000000000000089e+00 -1.000999999999999937e-03 2.142300000000000107e-02 -9.997700000000000475e-01 3.872590000000000199e-01 -9.217509999999999870e-01 -2.013900000000000065e-02 -9.219699999999999562e-01 -3.871899999999999786e-01 -7.373000000000000213e-03
2.500000000000000000e+01 4.000000000000000000e+00 2.000000000000000000e+01 0.000000000000000000e+00 1.600000000000000089e+00 -5.599999999999999916e-05 1.041199999999999938e-02 -9.999460000000000015e-01 3.873269999999999769e-01 -9.218920000000000448e-01 -9.620999999999999344e-03 -9.219429999999999570e-01 -3.873059999999999836e-01 -3.981000000000000164e-03
3.000000000000000000e+00 1.300000000000000000e+01 2.000000000000000000e+01 0.000000000000000000e+00 1.600000000000000089e+00 -4.939999999999999730e-04 -1.796000000000000070e-03 9.999980000000000535e-01 2.598500000000000254e-01 9.656470000000000331e-01 1.861999999999999940e-03 -9.656489999999999796e-01 2.598500000000000254e-01 -1.000000000000000082e-05
6.000000000000000000e+00 1.300000000000000000e+01 2.000000000000000000e+01 0.000000000000000000e+00 1.600000000000000089e+00 -1.640000000000000019e-04 -3.108000000000000086e-03 9.999949999999999672e-01 2.607430000000000025e-01 9.654040000000000399e-01 3.043000000000000132e-03 -9.654080000000000439e-01 2.607419999999999738e-01 6.520000000000000188e-04
1.000000000000000000e+01 1.300000000000000000e+01 2.000000000000000000e+01 0.000000000000000000e+00 1.600000000000000089e+00 1.185000000000000072e-03 -4.298999999999999870e-03 9.999900000000000455e-01 2.607809999999999850e-01 9.653899999999999704e-01 3.841999999999999929e-03 -9.653969999999999496e-01 2.607740000000000058e-01 2.265000000000000086e-03
1.400000000000000000e+01 1.300000000000000000e+01 2.000000000000000000e+01 0.000000000000000000e+00 1.600000000000000089e+00 1.815999999999999906e-03 -1.384999999999999946e-03 9.999970000000000248e-01 2.601280000000000259e-01 9.655740000000000434e-01 8.649999999999999920e-04 -9.655719999999999859e-01 2.601260000000000239e-01 2.112999999999999861e-03
2.000000000000000000e+01 1.300000000000000000e+01 2.000000000000000000e+01 0.000000000000000000e+00 1.600000000000000089e+00 1.240000000000000054e-04 1.510999999999999973e-03 9.999989999999999712e-01 2.623050000000000104e-01 9.649839999999999529e-01 -1.490999999999999921e-03 -9.649849999999999817e-01 2.623050000000000104e-01 -2.759999999999999867e-04
2.700000000000000000e+01 1.300000000000000000e+01 2.000000000000000000e+01 0.000000000000000000e+00 1.600000000000000089e+00 -3.570000000000000040e-04 1.134000000000000025e-03 9.999989999999999712e-01 2.634850000000000247e-01 9.646630000000000482e-01 -1.000000000000000021e-03 -9.646639999999999660e-01 2.634839999999999960e-01 -6.440000000000000412e-04
6.000000000000000000e+00 1.600000000000000000e+01 2.100000000000000000e+01 0.000000000000000000e+00 1.600000000000000089e+00 -8.400000000000000348e-04 -4.824000000000000163e-03 9.999879999999999880e-01 2.975820000000000132e-01 9.546839999999999771e-01 4.856000000000000073e-03 -9.546959999999999891e-01 2.975820000000000132e-01 6.340000000000000149e-04
4.000000000000000000e+00 2.000000000000000000e+00 2.500000000000000000e+01 0.000000000000000000e+00 1.600000000000000089e+00 -1.043299999999999957e-02 1.821300000000000002e-02 9.997800000000000020e-01 7.707400000000000362e-02 -9.968449999999999811e-01 1.896400000000000169e-02 9.969710000000000516e-01 7.725500000000000422e-02 8.996000000000000524e-03
7.000000000000000000e+00 2.000000000000000000e+00 2.500000000000000000e+01 0.000000000000000000e+00 1.600000000000000089e+00 -7.976000000000000451e-03 1.608599999999999960e-02 9.998390000000000333e-01 8.449500000000000066e-02 -9.962839999999999474e-01 1.670299999999999910e-02 9.963920000000000554e-01 8.461399999999999477e-02 6.586999999999999973e-03
1.400000000000000000e+01 3.000000000000000000e+00 2.500000000000000000e+01 0.000000000000000000e+00 1.600000000000000089e+00 -5.069999999999999854e-03 1.709099999999999855e-02 9.998409999999999798e-01 1.021700000000000039e-02 -9.998010000000000508e-01 1.714200000000000099e-02 9.999350000000000183e-01 1.030200000000000039e-02 4.893999999999999913e-03
1.800000000000000000e+01 3.000000000000000000e+00 2.500000000000000000e+01 0.000000000000000000e+00 1.600000000000000089e+00 -6.093999999999999591e-03 2.290299999999999975e-02 9.997190000000000243e-01 1.580700000000000160e-02 -9.996110000000000273e-01 2.299700000000000008e-02 9.998559999999999670e-01 1.594299999999999884e-02 5.729999999999999850e-03
2.500000000000000000e+01 3.000000000000000000e+00 2.500000000000000000e+01 0.000000000000000000e+00 1.600000000000000089e+00 -3.931999999999999731e-03 6.290999999999999717e-03 9.999730000000000008e-01 1.977599999999999844e-02 -9.997840000000000060e-01 6.367000000000000264e-03 9.997970000000000468e-01 1.980099999999999916e-02 3.807000000000000054e-03
2.900000000000000000e+01 3.000000000000000000e+00 2.500000000000000000e+01 0.000000000000000000e+00 1.600000000000000089e+00 2.229999999999999994e-04 -6.231000000000000427e-03 9.999810000000000088e-01 3.279499999999999776e-02 -9.994429999999999703e-01 -6.235000000000000091e-03 9.994619999999999616e-01 3.279599999999999876e-02 -1.900000000000000105e-05
2.000000000000000000e+01 3.000000000000000000e+01 2.500000000000000000e+01 0.000000000000000000e+00 1.600000000000000089e+00 -2.234800000000000120e-01 -8.220999999999999142e-03 9.746740000000000403e-01 -9.741570000000000507e-01 -3.174300000000000038e-02 -2.236289999999999945e-01 3.277700000000000058e-02 -9.994619999999999616e-01 -9.150000000000000147e-04
1.800000000000000000e+01 3.100000000000000000e+01 2.500000000000000000e+01 0.000000000000000000e+00 1.600000000000000089e+00 -3.081280000000000130e-01 5.639299999999999868e-02 9.496719999999999606e-01 -9.476639999999999509e-01 6.953800000000000259e-02 -3.116050000000000209e-01 -8.361100000000000476e-02 -9.959839999999999804e-01 3.201500000000000179e-02
3.000000000000000000e+01 2.900000000000000000e+01 2.600000000000000000e+01 0.000000000000000000e+00 1.600000000000000089e+00 3.559999999999999797e-04 6.988000000000000288e-03 -9.999759999999999760e-01 1.665030000000000121e-01 -9.860170000000000323e-01 -6.831000000000000266e-03 -9.860409999999999453e-01 -1.664960000000000051e-01 -1.515000000000000071e-03
1.300000000000000000e+01 4.600000000000000000e+01 2.700000000000000000e+01 0.000000000000000000e+00 1.600000000000000089e+00 -4.676999999999999734e-03 -2.500000000000000052e-03 -9.999860000000000415e-01 6.788910000000000222e-01 7.342220000000000413e-01 -5.009999999999999697e-03 7.342239999999999878e-01 -6.789049999999999807e-01 -1.735999999999999913e-03
5.000000000000000000e+00 4.600000000000000000e+01 3.000000000000000000e+01 0.000000000000000000e+00 1.600000000000000089e+00 -1.582000000000000073e-03 -2.276999999999999944e-03 -9.999959999999999960e-01 3.326520000000000032e-01 9.430460000000000509e-01 -2.674000000000000161e-03 9.430479999999999974e-01 -3.326549999999999785e-01 -7.339999999999999520e-04
2.700000000000000000e+01 4.600000000000000000e+01 3.000000000000000000e+01 0.000000000000000000e+00 1.600000000000000089e+00 -6.194199999999999706e-02 -8.349199999999999677e-02 -9.945810000000000484e-01 4.954620000000000135e-01 8.624699999999999589e-01 -1.032590000000000036e-01 8.664180000000000215e-01 -4.991729999999999778e-01 -1.205600000000000074e-02
2.900000000000000000e+01 4.700000000000000000e+01 3.100000000000000000e+01 0.000000000000000000e+00 1.600000000000000089e+00 7.473999999999999741e-03 -1.161390000000000061e-01 9.932050000000000045e-01 1.517469999999999930e-01 9.818620000000000125e-01 1.136699999999999933e-01 -9.883910000000000196e-01 1.498659999999999992e-01 2.496200000000000155e-02
4.000000000000000000e+00 5.800000000000000000e+01 3.100000000000000000e+01 0.000000000000000000e+00 1.600000000000000089e+00 6.960000000000000041e-04 -5.697999999999999940e-03 9.999839999999999840e-01 -8.112989999999999924e-01 -5.846249999999999503e-01 -2.765999999999999796e-03 5.846310000000000118e-01 -8.112829999999999764e-01 -5.029999999999999749e-03
2.700000000000000000e+01 3.200000000000000000e+01 3.300000000000000000e+01 0.000000000000000000e+00 1.600000000000000089e+00 7.599799999999999611e-02 -8.570700000000000540e-02 -9.934180000000000232e-01 1.406640000000000112e-01 -9.854140000000000121e-01 9.577700000000000102e-02 -9.871360000000000134e-01 -1.470170000000000088e-01 -6.283400000000000096e-02
1.100000000000000000e+01 4.300000000000000000e+01 3.400000000000000000e+01 0.000000000000000000e+00 1.600000000000000089e+00 -1.129999999999999955e-04 -1.895999999999999899e-03 -9.999980000000000535e-01 -3.259279999999999955e-01 9.453930000000000389e-01 -1.755000000000000050e-03 9.453949999999999854e-01 3.259270000000000223e-01 -7.249999999999999500e-04
3.000000000000000000e+00 4.600000000000000000e+01 3.500000000000000000e+01 0.000000000000000000e+00 1.600000000000000089e+00 -4.800000000000000122e-04 -1.902000000000000045e-03 -9.999980000000000535e-01 3.886399999999999855e-01 -9.213879999999999848e-01 1.565999999999999901e-03 -9.213890000000000136e-01 -3.886390000000000122e-01 1.180999999999999975e-03
9.000000000000000000e+00 4.600000000000000000e+01 3.500000000000000000e+01 0.000000000000000000e+00 1.600000000000000089e+00 2.910000000000000260e-04 7.420999999999999645e-03 -9.999719999999999720e-01 3.896890000000000076e-01 -9.209220000000000184e-01 -6.721000000000000411e-03 -9.209460000000000424e-01 -3.896760000000000224e-01 -3.160000000000000048e-03
1.400000000000000000e+01 4.600000000000000000e+01 3.500000000000000000e+01 0.000000000000000000e+00 1.600000000000000089e+00 -1.118000000000000070e-03 -2.959999999999999958e-03 -9.999949999999999672e-01 3.908820000000000072e-01 -9.204379999999999784e-01 2.288000000000000103e-03 -9.204400000000000359e-01 -3.908780000000000032e-01 2.186000000000000009e-03
1.700000000000000000e+01 4.600000000000000000e+01 3.500000000000000000e+01 0.000000000000000000e+00 1.600000000000000089e+00 -1.810000000000000085e-04 -4.512000000000000385e-03 -9.999900000000000455e-01 3.919690000000000119e-01 -9.199690000000000367e-01 4.080000000000000293e-03 -9.199779999999999625e-01 -3.919639999999999791e-01 1.935000000000000088e-03
2.300000000000000000e+01 4.600000000000000000e+01 3.500000000000000000e+01 0.000000000000000000e+00 1.600000000000000089e+00 4.560000000000000251e-04 6.603799999999999948e-02 -9.978169999999999540e-01 3.951529999999999765e-01 -9.166220000000000478e-01 -6.048300000000000204e-02 -9.186149999999999594e-01 -3.942629999999999746e-01 -2.651299999999999837e-02
8.000000000000000000e+00 9.500000000000000000e+01 3.600000000000000000e+01 0.000000000000000000e+00 1.600000000000000089e+00 2.543000000000000121e-03 2.415099999999999886e-02 9.997049999999999548e-01 9.969599999999999573e-01 7.779500000000000304e-02 -4.414999999999999654e-03 -7.787900000000000378e-02 9.966770000000000351e-01 -2.387999999999999845e-02
2.100000000000000000e+01 9.500000000000000000e+01 3.600000000000000000e+01 0.000000000000000000e+00 1.600000000000000089e+00 3.409999999999999837e-03 7.844000000000000278e-03 9.999630000000000463e-01 9.970830000000000526e-01 7.622299999999999909e-02 -3.997999999999999818e-03 -7.625099999999999933e-02 9.970599999999999463e-01 -7.561000000000000013e-03
2.900000000000000000e+01 4.200000000000000000e+01 4.200000000000000000e+01 0.000000000000000000e+00 1.600000000000000089e+00 -2.834789999999999810e-01 -1.805329999999999990e-01 9.418320000000000025e-01 8.500400000000000178e-01 -5.019439999999999458e-01 1.596370000000000011e-01 4.439279999999999893e-01 8.458480000000000443e-01 2.957509999999999861e-01
4.000000000000000000e+00 2.900000000000000000e+01 4.400000000000000000e+01 0.000000000000000000e+00 1.600000000000000089e+00 -2.975000000000000214e-03 -2.406000000000000152e-03 -9.999930000000000208e-01 6.495689999999999520e-01 7.602929999999999966e-01 -3.762000000000000153e-03 7.602970000000000006e-01 -6.495750000000000135e-01 -6.989999999999999686e-04
1.000000000000000000e+01 2.900000000000000000e+01 4.400000000000000000e+01 0.000000000000000000e+00 1.600000000000000089e+00 -2.338999999999999933e-03 1.054999999999999948e-03 -9.999970000000000248e-01 6.591669999999999474e-01 7.519959999999999978e-01 -7.489999999999999913e-04 7.519930000000000225e-01 -6.591660000000000297e-01 -2.454000000000000018e-03
1.200000000000000000e+01 2.900000000000000000e+01 4.400000000000000000e+01 0.000000000000000000e+00 1.600000000000000089e+00 -1.115000000000000106e-03 8.880000000000000089e-04 -9.999989999999999712e-01 6.598490000000000189e-01 7.513980000000000103e-01 -6.899999999999999667e-05 7.513969999999999816e-01 -6.598479999999999901e-01 -1.423000000000000003e-03
1.800000000000000000e+01 2.900000000000000000e+01 4.400000000000000000e+01 0.000000000000000000e+00 1.600000000000000089e+00 2.322999999999999978e-03 4.101999999999999744e-03 -9.999890000000000168e-01 6.491350000000000176e-01 7.606589999999999741e-01 4.629000000000000302e-03 7.606699999999999573e-01 -6.491390000000000216e-01 -8.949999999999999623e-04
2.200000000000000000e+01 2.900000000000000000e+01 4.400000000000000000e+01 0.000000000000000000e+00 1.600000000000000089e+00 -4.823000000000000030e-03 7.179999999999999967e-04 -9.999879999999999880e-01 6.384659999999999780e-01 7.696460000000000523e-01 -2.527000000000000166e-03 7.696349999999999580e-01 -6.384699999999999820e-01 -4.170000000000000095e-03
4.000000000000000000e+00 5.000000000000000000e+00 5.100000000000000000e+01 0.000000000000000000e+00 1.600000000000000089e+00 -6.470000000000000057e-04 9.471000000000000252e-03 -9.999550000000000383e-01 4.872509999999999897e-01 -8.732199999999999962e-01 -8.585999999999999882e-03 -8.732619999999999827e-01 -4.872349999999999737e-01 -4.049999999999999781e-03
1.800000000000000000e+01 6.000000000000000000e+00 5.100000000000000000e+01 0.000000000000000000e+00 1.600000000000000089e+00 3.936000000000000262e-03 2.994999999999999832e-03 -9.999879999999999880e-01 3.150760000000000227e-01 -9.490650000000000475e-01 -1.601999999999999908e-03 -9.490579999999999572e-01 -3.150660000000000127e-01 -4.678999999999999999e-03
1.200000000000000000e+01 1.150000000000000000e+02 5.100000000000000000e+01 0.000000000000000000e+00 1.600000000000000089e+00 -9.259999999999999568e-04 2.559999999999999884e-04 1.000000000000000000e+00 8.467550000000000354e-01 -5.319829999999999837e-01 9.200000000000000278e-04 5.319829999999999837e-01 8.467550000000000354e-01 2.759999999999999867e-04
1.700000000000000000e+01 1.150000000000000000e+02 5.100000000000000000e+01 0.000000000000000000e+00 1.600000000000000089e+00 2.449999999999999921e-04 1.297999999999999892e-03 9.999989999999999712e-01 8.475819999999999466e-01 -5.306640000000000246e-01 4.809999999999999823e-04 5.306640000000000246e-01 8.475810000000000288e-01 -1.229999999999999974e-03
1.200000000000000000e+01 7.000000000000000000e+00 5.200000000000000000e+01 0.000000000000000000e+00 1.600000000000000089e+00 -6.260000000000000373e-04 -8.379999999999999862e-04 -9.999989999999999712e-01 8.552700000000000580e-02 -9.963359999999999994e-01 7.810000000000000102e-04 -9.963359999999999994e-01 -8.552700000000000580e-02 6.949999999999999798e-04
2.100000000000000000e+01 7.000000000000000000e+00 5.200000000000000000e+01 0.000000000000000000e+00 1.600000000000000089e+00 5.505999999999999610e-03 -2.103999999999999967e-03 -9.999829999999999552e-01 9.636200000000000321e-02 -9.953429999999999778e-01 2.624000000000000030e-03 -9.953309999999999658e-01 -9.637500000000000233e-02 -5.277999999999999706e-03
5.000000000000000000e+00 1.600000000000000000e+01 5.200000000000000000e+01 0.000000000000000000e+00 1.600000000000000089e+00 -2.465999999999999876e-03 -2.640000000000000202e-04 -9.999970000000000248e-01 7.753010000000000179e-01 6.315880000000000383e-01 -2.077999999999999986e-03 6.315870000000000095e-01 -7.753039999999999932e-01 -1.353000000000000036e-03
6.000000000000000000e+00 6.300000000000000000e+01 5.400000000000000000e+01 0.000000000000000000e+00 1.600000000000000089e+00 1.015999999999999976e-03 -5.960000000000000020e-03 9.999820000000000375e-01 -3.547790000000000110e-01 9.349309999999999565e-01 5.932999999999999906e-03 -9.349499999999999478e-01 -3.547790000000000110e-01 -1.165000000000000020e-03
1.000000000000000000e+01 6.300000000000000000e+01 5.400000000000000000e+01 0.000000000000000000e+00 1.600000000000000089e+00 3.350000000000000113e-04 -1.118999999999999986e-03 9.999989999999999712e-01 -3.542130000000000001e-01 9.351639999999999953e-01 1.165000000000000020e-03 -9.351650000000000240e-01 -3.542130000000000001e-01 -8.299999999999999815e-05
1.400000000000000000e+01 6.300000000000000000e+01 5.400000000000000000e+01 0.000000000000000000e+00 1.600000000000000089e+00 -2.480000000000000000e-03 6.220000000000000485e-04 9.999970000000000248e-01 -3.520929999999999893e-01 9.359640000000000182e-01 -1.454999999999999913e-03 -9.359619999999999607e-01 -3.520949999999999913e-01 -2.102000000000000136e-03
2.300000000000000000e+01 6.300000000000000000e+01 5.400000000000000000e+01 0.000000000000000000e+00 1.600000000000000089e+00 -4.060000000000000024e-04 2.625000000000000163e-03 9.999959999999999960e-01 -3.461929999999999730e-01 9.381599999999999939e-01 -2.602999999999999845e-03 -9.381629999999999692e-01 -3.461929999999999730e-01 5.270000000000000162e-04
2.500000000000000000e+01 6.300000000000000000e+01 5.400000000000000000e+01 0.000000000000000000e+00 1.600000000000000089e+00 7.280000000000000230e-04 4.042999999999999719e-03 9.999919999999999920e-01 -3.503020000000000023e-01 9.366299999999999626e-01 -3.531999999999999983e-03 -9.366370000000000529e-01 -3.502959999999999963e-01 2.098000000000000038e-03
5.000000000000000000e+00 2.500000000000000000e+01 5.500000000000000000e+01 0.000000000000000000e+00 1.600000000000000089e+00 8.199999999999999824e-04 6.480000000000000300e-04 -9.999989999999999712e-01 -1.218299999999999939e-02 -9.999259999999999815e-01 -6.579999999999999478e-04 -9.999249999999999527e-01 1.218299999999999939e-02 -8.120000000000000048e-04
1.800000000000000000e+01 2.500000000000000000e+01 5.500000000000000000e+01 0.000000000000000000e+00 1.600000000000000089e+00 -2.069999999999999900e-04 2.412000000000000081e-03 -9.999970000000000248e-01 -1.138899999999999982e-02 -9.999320000000000430e-01 -2.409999999999999816e-03 -9.999350000000000183e-01 1.138899999999999982e-02 2.339999999999999958e-04
2.000000000000000000e+00 2.100000000000000000e+01 6.000000000000000000e+01 0.000000000000000000e+00 1.600000000000000089e+00 -9.539999999999999869e-04 -1.129999999999999955e-04 1.000000000000000000e+00 -9.587400000000000089e-02 9.953929999999999723e-01 2.099999999999999884e-05 -9.953929999999999723e-01 -9.587400000000000089e-02 -9.600000000000000243e-04
6.000000000000000000e+00 2.100000000000000000e+01 6.000000000000000000e+01 0.000000000000000000e+00 1.600000000000000089e+00 -1.304000000000000038e-03 1.626000000000000058e-03 9.999980000000000535e-01 -9.592599999999999738e-02 9.953870000000000218e-01 -1.744000000000000107e-03 -9.953880000000000505e-01 -9.592799999999999938e-02 -1.142000000000000003e-03
1.000000000000000000e+01 2.100000000000000000e+01 6.000000000000000000e+01 0.000000000000000000e+00 1.600000000000000089e+00 -5.640000000000000482e-04 2.582000000000000094e-03 9.999959999999999960e-01 -9.379099999999999937e-02 9.955880000000000285e-01 -2.622999999999999898e-03 -9.955920000000000325e-01 -9.379200000000000037e-02 -3.200000000000000262e-04
1.800000000000000000e+01 2.100000000000000000e+01 6.000000000000000000e+01 0.000000000000000000e+00 1.600000000000000089e+00 1.423000000000000003e-03 -8.954000000000000153e-03 9.999590000000000423e-01 -9.824600000000000000e-02 9.951210000000000333e-01 9.050000000000000752e-03 -9.951609999999999623e-01 -9.825499999999999512e-02 5.360000000000000181e-04
2.400000000000000000e+01 2.100000000000000000e+01 6.000000000000000000e+01 0.000000000000000000e+00 1.600000000000000089e+00 -7.950000000000000252e-04 5.786999999999999610e-03 9.999829999999999552e-01 -9.818599999999999550e-02 9.951510000000000078e-01 -5.837000000000000174e-03 -9.951680000000000526e-01 -9.818899999999999850e-02 -2.229999999999999994e-04
2.300000000000000000e+01 6.700000000000000000e+01 6.000000000000000000e+01 0.000000000000000000e+00 1.600000000000000089e+00 2.736000000000000151e-03 5.098000000000000101e-03 9.999829999999999552e-01 1.795569999999999944e-01 -9.837369999999999726e-01 4.524000000000000243e-03 9.837439999999999518e-01 1.795420000000000071e-01 -3.606999999999999963e-03
5.000000000000000000e+00 3.000000000000000000e+00 6.300000000000000000e+01 0.000000000000000000e+00 1.600000000000000089e+00 -1.108999999999999960e-03 -8.120999999999999747e-03 9.999660000000000215e-01 -6.145570000000000199e-01 7.888509999999999689e-01 5.725000000000000054e-03 -7.888709999999999889e-01 -6.145300000000000207e-01 -5.865000000000000421e-03
1.300000000000000000e+01 3.000000000000000000e+00 6.300000000000000000e+01 0.000000000000000000e+00 1.600000000000000089e+00 2.317000000000000049e-03 -5.271999999999999777e-03 9.999829999999999552e-01 -6.154079999999999551e-01 7.881890000000000285e-01 5.581000000000000023e-03 -7.882050000000000445e-01 -6.154110000000000413e-01 -1.417999999999999990e-03
3.000000000000000000e+00 2.700000000000000000e+01 6.300000000000000000e+01 0.000000000000000000e+00 1.600000000000000089e+00 5.710000000000000015e-04 -5.493999999999999752e-03 9.999850000000000128e-01 -2.749280000000000057e-01 9.614500000000000268e-01 5.439000000000000258e-03 -9.614650000000000141e-01 -2.749269999999999770e-01 -9.610000000000000486e-04
8.000000000000000000e+00 2.700000000000000000e+01 6.300000000000000000e+01 0.000000000000000000e+00 1.600000000000000089e+00 1.131999999999999977e-03 1.368000000000000075e-03 9.999980000000000535e-01 -2.748720000000000052e-01 9.614800000000000013e-01 -1.003999999999999901e-03 -9.614800000000000013e-01 -2.748709999999999765e-01 1.464999999999999939e-03
1.300000000000000000e+01 2.700000000000000000e+01 6.300000000000000000e+01 0.000000000000000000e+00 1.600000000000000089e+00 9.849999999999999815e-04 5.186999999999999771e-03 9.999860000000000415e-01 -2.747800000000000242e-01 9.614960000000000173e-01 -4.716999999999999839e-03 -9.615070000000000006e-01 -2.747709999999999875e-01 2.371999999999999977e-03
1.700000000000000000e+01 2.700000000000000000e+01 6.300000000000000000e+01 0.000000000000000000e+00 1.600000000000000089e+00 -1.461000000000000059e-03 -3.367999999999999900e-03 9.999930000000000208e-01 -2.706089999999999884e-01 9.626850000000000129e-01 2.847000000000000138e-03 -9.626879999999999882e-01 -2.706029999999999824e-01 -2.318000000000000182e-03
5.000000000000000000e+00 2.600000000000000000e+01 6.400000000000000000e+01 0.000000000000000000e+00 1.600000000000000089e+00 8.530000000000000256e-04 -4.024999999999999932e-03 9.999909999999999632e-01 -3.686719999999999997e-01 9.295510000000000161e-01 4.055999999999999710e-03 -9.295590000000000241e-01 -3.686729999999999730e-01 -6.909999999999999910e-04
1.200000000000000000e+01 2.600000000000000000e+01 6.400000000000000000e+01 0.000000000000000000e+00 1.600000000000000089e+00 1.283999999999999985e-03 6.701000000000000359e-03 9.999770000000000048e-01 -3.662759999999999905e-01 9.304879999999999818e-01 -5.764000000000000026e-03 -9.305050000000000265e-01 -3.662599999999999745e-01 3.648999999999999900e-03
2.000000000000000000e+01 2.600000000000000000e+01 6.400000000000000000e+01 0.000000000000000000e+00 1.600000000000000089e+00 -8.289999999999999843e-04 -4.317999999999999790e-03 9.999900000000000455e-01 -3.646829999999999794e-01 9.311239999999999517e-01 3.717999999999999951e-03 -9.311310000000000420e-01 -3.646760000000000002e-01 -2.347000000000000128e-03
1.000000000000000000e+00 6.900000000000000000e+01 6.600000000000000000e+01 0.000000000000000000e+00 1.600000000000000089e+00 -4.695000000000000388e-03 1.427000000000000100e-03 9.999879999999999880e-01 -9.487370000000000525e-01 3.160290000000000044e-01 -4.905999999999999771e-03 -3.160319999999999796e-01 -9.487480000000000357e-01 -1.299999999999999886e-04
1.200000000000000000e+01 6.900000000000000000e+01 6.600000000000000000e+01 0.000000000000000000e+00 1.600000000000000089e+00 -5.190000000000000169e-03 3.163000000000000013e-03 9.999820000000000375e-01 -9.489560000000000217e-01 3.153520000000000212e-01 -5.923000000000000313e-03 -3.153650000000000064e-01 -9.489699999999999802e-01 1.364999999999999894e-03
1.600000000000000000e+01 6.900000000000000000e+01 6.600000000000000000e+01 0.000000000000000000e+00 1.600000000000000089e+00 -4.433000000000000308e-03 4.310000000000000137e-04 9.999900000000000455e-01 -9.496750000000000469e-01 3.132070000000000132e-01 -4.344999999999999904e-03 -3.132059999999999844e-01 -9.496850000000000014e-01 -9.790000000000000525e-04
4.000000000000000000e+00 2.500000000000000000e+01 7.300000000000000000e+01 0.000000000000000000e+00 1.600000000000000089e+00 -2.102999999999999835e-03 -2.710999999999999868e-03 9.999940000000000495e-01 7.543910000000000338e-01 -6.564250000000000362e-01 -1.930000000000000021e-04 6.564219999999999500e-01 7.543860000000000010e-01 3.425999999999999792e-03
