1.100000000000000000e+01 1.500000000000000000e+01 4.000000000000000000e+00 0.000000000000000000e+00 1.600000000000000089e+00 2.135999999999999878e-03 8.449999999999999178e-03 9.999620000000000175e-01 2.869590000000000196e-01 -9.579140000000000432e-01 7.481999999999999935e-03 9.579400000000000137e-01 2.869329999999999936e-01 -4.471000000000000148e-03
1.600000000000000000e+01 1.500000000000000000e+01 4.000000000000000000e+00 0.000000000000000000e+00 1.600000000000000089e+00 -1.727000000000000019e-03 -6.633000000000000007e-03 9.999770000000000048e-01 2.867950000000000221e-01 -9.579739999999999922e-01 -5.858999999999999625e-03 9.579900000000000082e-01 2.867790000000000061e-01 3.556999999999999832e-03
2.000000000000000000e+01 1.500000000000000000e+01 4.000000000000000000e+00 0.000000000000000000e+00 1.600000000000000089e+00 -5.212999999999999752e-03 -3.491999999999999878e-03 9.999799999999999800e-01 2.887560000000000127e-01 -9.574009999999999465e-01 -1.838000000000000007e-03 9.573890000000000455e-01 2.887399999999999967e-01 5.998999999999999992e-03
2.600000000000000000e+01 1.500000000000000000e+01 4.000000000000000000e+00 0.000000000000000000e+00 1.600000000000000089e+00 -6.490000000000000109e-03 1.097799999999999991e-02 9.999190000000000023e-01 2.883839999999999737e-01 -9.574350000000000360e-01 1.238399999999999918e-02 9.574930000000000385e-01 2.884410000000000029e-01 3.047999999999999928e-03
2.000000000000000000e+00 1.600000000000000000e+01 4.000000000000000000e+00 0.000000000000000000e+00 1.600000000000000089e+00 6.349999999999999742e-03 -1.299799999999999914e-02 9.998949999999999783e-01 3.457330000000000125e-01 -9.382220000000000004e-01 -1.439200000000000028e-02 9.383110000000000062e-01 3.457890000000000130e-01 -1.464000000000000024e-03
1.200000000000000000e+01 1.010000000000000000e+02 7.000000000000000000e+00 0.000000000000000000e+00 1.600000000000000089e+00 -1.083999999999999894e-03 -1.023199999999999978e-02 9.999470000000000303e-01 8.866829999999999989e-01 4.623430000000000040e-01 5.692000000000000011e-03 -4.623769999999999825e-01 8.866420000000000412e-01 8.571000000000000493e-03
2.000000000000000000e+01 1.010000000000000000e+02 7.000000000000000000e+00 0.000000000000000000e+00 1.600000000000000089e+00 1.394000000000000057e-03 1.412199999999999914e-02 9.998989999999999823e-01 8.855480000000000018e-01 4.644820000000000060e-01 -7.793999999999999713e-03 -4.645449999999999857e-01 8.854699999999999793e-01 -1.185800000000000048e-02
2.000000000000000000e+00 1.500000000000000000e+01 8.000000000000000000e+00 0.000000000000000000e+00 1.600000000000000089e+00 -7.723999999999999963e-03 -1.372100000000000056e-02 -9.998759999999999870e-01 -5.839779999999999971e-01 -8.116189999999999793e-01 1.564899999999999972e-02 -8.117330000000000378e-01 5.840260000000000451e-01 -1.744000000000000107e-03
8.000000000000000000e+00 1.500000000000000000e+01 8.000000000000000000e+00 0.000000000000000000e+00 1.600000000000000089e+00 -2.155999999999999930e-03 2.269999999999999882e-04 -9.999980000000000535e-01 -5.852199999999999624e-01 -8.108739999999999837e-01 1.077999999999999965e-03 -8.108710000000000084e-01 5.852209999999999912e-01 1.881999999999999992e-03
1.300000000000000000e+01 1.500000000000000000e+01 8.000000000000000000e+00 0.000000000000000000e+00 1.600000000000000089e+00 1.259999999999999998e-04 2.912999999999999791e-03 -9.999959999999999960e-01 -5.844019999999999770e-01 -8.114609999999999879e-01 -2.436999999999999930e-03 -8.114639999999999631e-01 5.844000000000000306e-01 1.600000000000000077e-03
2.000000000000000000e+01 1.500000000000000000e+01 8.000000000000000000e+00 0.000000000000000000e+00 1.600000000000000089e+00 1.472999999999999917e-03 -3.471999999999999826e-03 -9.999930000000000208e-01 -5.822920000000000318e-01 -8.129769999999999497e-01 1.965000000000000167e-03 -8.129779999999999784e-01 5.822850000000000525e-01 -3.219000000000000073e-03
2.600000000000000000e+01 1.500000000000000000e+01 8.000000000000000000e+00 0.000000000000000000e+00 1.600000000000000089e+00 9.768999999999999906e-03 9.416000000000000758e-03 -9.999080000000000190e-01 -5.783479999999999732e-01 -8.156809999999999894e-01 -1.333100000000000084e-02 -8.157320000000000126e-01 5.784249999999999670e-01 -2.521999999999999936e-03
1.000000000000000000e+00 2.600000000000000000e+01 8.000000000000000000e+00 0.000000000000000000e+00 1.600000000000000089e+00 5.782999999999999946e-03 1.136099999999999957e-02 -9.999190000000000023e-01 4.072970000000000201e-01 9.132069999999999910e-01 1.273200000000000026e-02 9.132770000000000055e-01 -4.073379999999999779e-01 6.530000000000000431e-04
6.000000000000000000e+00 2.600000000000000000e+01 8.000000000000000000e+00 0.000000000000000000e+00 1.600000000000000089e+00 3.854999999999999920e-03 7.924000000000000488e-03 -9.999609999999999888e-01 4.067049999999999832e-01 9.135170000000000234e-01 8.807000000000000592e-03 9.135520000000000307e-01 -4.067230000000000012e-01 2.979999999999999793e-04
1.100000000000000000e+01 2.600000000000000000e+01 8.000000000000000000e+00 0.000000000000000000e+00 1.600000000000000089e+00 1.463000000000000108e-03 5.780999999999999681e-03 -9.999820000000000375e-01 4.047350000000000114e-01 9.144149999999999778e-01 5.878000000000000412e-03 9.144330000000000513e-01 -4.047359999999999847e-01 -1.002000000000000069e-03
1.500000000000000000e+01 2.600000000000000000e+01 8.000000000000000000e+00 0.000000000000000000e+00 1.600000000000000089e+00 1.369999999999999907e-03 3.480000000000000020e-04 -9.999989999999999712e-01 4.047000000000000042e-01 9.144489999999999563e-01 8.720000000000000537e-04 9.144489999999999563e-01 -4.047009999999999774e-01 1.111999999999999924e-03
2.000000000000000000e+00 2.400000000000000000e+01 9.000000000000000000e+00 0.000000000000000000e+00 1.600000000000000089e+00 5.379000000000000101e-03 8.000000000000000167e-03 -9.999540000000000095e-01 4.573960000000000248e-01 8.892120000000000024e-01 9.575000000000000178e-03 8.892470000000000097e-01 -4.574259999999999993e-01 1.123999999999999999e-03
1.800000000000000000e+01 2.400000000000000000e+01 9.000000000000000000e+00 0.000000000000000000e+00 1.600000000000000089e+00 1.177000000000000095e-03 1.069000000000000072e-03 -9.999989999999999712e-01 4.580159999999999787e-01 8.889430000000000387e-01 1.490000000000000005e-03 8.889430000000000387e-01 -4.580179999999999807e-01 5.569999999999999864e-04
2.200000000000000000e+01 2.400000000000000000e+01 9.000000000000000000e+00 0.000000000000000000e+00 1.600000000000000089e+00 -1.850999999999999998e-03 -8.149999999999999259e-03 -9.999649999999999928e-01 4.583519999999999817e-01 8.887340000000000240e-01 -8.092000000000000234e-03 8.887690000000000312e-01 -4.583510000000000084e-01 2.090999999999999977e-03
2.000000000000000000e+00 1.040000000000000000e+02 1.100000000000000000e+01 0.000000000000000000e+00 1.600000000000000089e+00 -4.422999999999999848e-03 5.230000000000000274e-03 9.999770000000000048e-01 -9.731969999999999787e-01 -2.299519999999999897e-01 -3.102000000000000157e-03 2.299299999999999955e-01 -9.731880000000000530e-01 6.106999999999999582e-03
5.000000000000000000e+00 3.100000000000000000e+01 1.200000000000000000e+01 0.000000000000000000e+00 1.600000000000000089e+00 4.009999999999999893e-04 -6.279999999999999775e-04 1.000000000000000000e+00 6.782999999999999967e-03 9.999770000000000048e-01 6.250000000000000130e-04 -9.999770000000000048e-01 6.782999999999999967e-03 4.049999999999999781e-04
1.000000000000000000e+01 3.100000000000000000e+01 1.200000000000000000e+01 0.000000000000000000e+00 1.600000000000000089e+00 2.126999999999999984e-03 2.461000000000000080e-03 9.999949999999999672e-01 9.405000000000000165e-03 9.999529999999999808e-01 -2.481000000000000132e-03 -9.999540000000000095e-01 9.409999999999999962e-03 2.103999999999999967e-03
2.600000000000000000e+01 3.100000000000000000e+01 1.200000000000000000e+01 0.000000000000000000e+00 1.600000000000000089e+00 -8.140000000000000534e-04 1.039999999999999909e-03 9.999989999999999712e-01 1.847199999999999884e-02 9.998289999999999678e-01 -1.025000000000000086e-03 -9.998289999999999678e-01 1.847100000000000131e-02 -8.329999999999999731e-04
8.000000000000000000e+00 1.200000000000000000e+01 1.500000000000000000e+01 0.000000000000000000e+00 1.600000000000000089e+00 -1.678999999999999937e-03 -7.258999999999999828e-03 -9.999719999999999720e-01 -4.698260000000000214e-01 -8.827300000000000146e-01 7.197000000000000272e-03 -8.827580000000000426e-01 4.698249999999999926e-01 -1.928999999999999942e-03
1.700000000000000000e+01 1.200000000000000000e+01 1.500000000000000000e+01 0.000000000000000000e+00 1.600000000000000089e+00 -1.726000000000000104e-03 -1.879999999999999944e-03 -9.999970000000000248e-01 -4.674369999999999914e-01 -8.840230000000000032e-01 2.468999999999999841e-03 -8.840249999999999497e-01 4.674389999999999934e-01 6.470000000000000057e-04
2.100000000000000000e+01 1.200000000000000000e+01 1.500000000000000000e+01 0.000000000000000000e+00 1.600000000000000089e+00 1.309000000000000051e-03 3.781000000000000073e-03 -9.999919999999999920e-01 -4.657689999999999886e-01 -8.848970000000000447e-01 -3.956000000000000315e-03 -8.849050000000000527e-01 4.657709999999999906e-01 6.030000000000000204e-04
2.400000000000000000e+01 1.200000000000000000e+01 1.500000000000000000e+01 0.000000000000000000e+00 1.600000000000000089e+00 5.893999999999999934e-03 9.081999999999999795e-03 -9.999409999999999688e-01 -4.661790000000000100e-01 -8.846249999999999947e-01 -1.078299999999999918e-02 -8.846709999999999852e-01 4.662149999999999905e-01 -9.799999999999999684e-04
1.400000000000000000e+01 1.160000000000000000e+02 1.600000000000000000e+01 0.000000000000000000e+00 1.600000000000000089e+00 8.570000000000000144e-04 -1.100000000000000039e-04 1.000000000000000000e+00 6.807440000000000158e-01 7.325220000000000065e-01 -5.029999999999999749e-04 -7.325209999999999777e-01 6.807440000000000158e-01 7.029999999999999574e-04
2.500000000000000000e+01 1.160000000000000000e+02 1.600000000000000000e+01 0.000000000000000000e+00 1.600000000000000089e+00 6.639999999999999852e-04 2.665999999999999967e-03 9.999959999999999960e-01 7.027309999999999945e-01 7.114509999999999446e-01 -2.364000000000000216e-03 -7.114549999999999486e-01 7.027299999999999658e-01 -1.400999999999999902e-03
1.200000000000000000e+01 2.000000000000000000e+00 1.900000000000000000e+01 0.000000000000000000e+00 1.600000000000000089e+00 8.630000000000000518e-04 1.907999999999999974e-03 -9.999980000000000535e-01 1.839899999999999869e-01 -9.829269999999999952e-01 -1.716000000000000077e-03 -9.829280000000000239e-01 -1.839880000000000126e-01 -1.198999999999999979e-03
1.800000000000000000e+01 2.000000000000000000e+00 1.900000000000000000e+01 0.000000000000000000e+00 1.600000000000000089e+00 -1.330999999999999935e-03 -1.242000000000000048e-03 -9.999980000000000535e-01 1.800599999999999978e-01 -9.836549999999999461e-01 9.820000000000000170e-04 -9.836549999999999461e-01 -1.800579999999999958e-01 1.533000000000000074e-03
2.300000000000000000e+01 2.000000000000000000e+00 1.900000000000000000e+01 0.000000000000000000e+00 1.600000000000000089e+00 -5.689999999999999529e-04 -1.540000000000000028e-04 -1.000000000000000000e+00 1.774999999999999911e-01 -9.841210000000000235e-01 5.000000000000000240e-05 -9.841210000000000235e-01 -1.774999999999999911e-01 5.869999999999999567e-04
7.000000000000000000e+00 4.000000000000000000e+00 2.000000000000000000e+01 0.000000000000000000e+00 1.600000000000000089e+00 2.034999999999999917e-03 3.148999999999999889e-03 -9.999930000000000208e-01 2.742319999999999758e-01 -9.616599999999999593e-01 -2.471000000000000106e-03 -9.616609999999999880e-01 -2.742249999999999965e-01 -2.821000000000000157e-03
1.900000000000000000e+01 4.000000000000000000e+00 2.000000000000000000e+01 0.000000000000000000e+00 1.600000000000000089e+00 9.190000000000000035e-04 -4.464000000000000086e-03 -9.999900000000000455e-01 2.728689999999999727e-01 -9.620400000000000063e-01 4.545000000000000429e-03 -9.620509999999999895e-01 -2.728709999999999747e-01 3.339999999999999870e-04
2.500000000000000000e+01 4.000000000000000000e+00 2.000000000000000000e+01 0.000000000000000000e+00 1.600000000000000089e+00 -3.513000000000000064e-03 1.977000000000000025e-03 -9.999919999999999920e-01 2.735679999999999779e-01 -9.618480000000000363e-01 -2.863000000000000093e-03 -9.618459999999999788e-01 -2.735759999999999859e-01 2.837999999999999811e-03
2.900000000000000000e+01 4.000000000000000000e+00 2.000000000000000000e+01 0.000000000000000000e+00 1.600000000000000089e+00 -1.417999999999999990e-03 -2.259999999999999910e-04 -9.999989999999999712e-01 2.772490000000000232e-01 -9.607980000000000409e-01 -1.769999999999999926e-04 -9.607970000000000121e-01 -2.772490000000000232e-01 1.425000000000000051e-03
5.000000000000000000e+00 1.300000000000000000e+01 2.000000000000000000e+01 0.000000000000000000e+00 1.600000000000000089e+00 -2.829999999999999942e-04 3.530999999999999851e-03 9.999940000000000495e-01 2.594529999999999892e-01 9.657499999999999973e-01 -3.337000000000000122e-03 -9.657559999999999478e-01 2.594509999999999872e-01 -1.188999999999999953e-03
8.000000000000000000e+00 1.300000000000000000e+01 2.000000000000000000e+01 0.000000000000000000e+00 1.600000000000000089e+00 3.049999999999999868e-04 -4.211000000000000333e-03 9.999909999999999632e-01 2.598019999999999774e-01 9.656540000000000123e-01 3.987000000000000093e-03 -9.656620000000000203e-01 2.597990000000000022e-01 1.389000000000000044e-03
1.600000000000000000e+01 1.300000000000000000e+01 2.000000000000000000e+01 0.000000000000000000e+00 1.600000000000000089e+00 -2.020000000000000040e-04 7.023999999999999862e-03 9.999749999999999472e-01 2.599339999999999984e-01 9.656029999999999891e-01 -6.729999999999999871e-03 -9.656259999999999843e-01 2.599259999999999904e-01 -2.020999999999999793e-03
2.000000000000000000e+01 1.300000000000000000e+01 2.000000000000000000e+01 0.000000000000000000e+00 1.600000000000000089e+00 -7.150000000000000322e-04 2.664999999999999834e-03 9.999959999999999960e-01 2.579029999999999934e-01 9.661680000000000268e-01 -2.390999999999999896e-03 -9.661710000000000020e-01 2.579000000000000181e-01 -1.378000000000000102e-03
2.400000000000000000e+01 1.300000000000000000e+01 2.000000000000000000e+01 0.000000000000000000e+00 1.600000000000000089e+00 6.310000000000000504e-04 -3.212000000000000011e-03 9.999949999999999672e-01 2.578139999999999876e-01 9.661899999999999933e-01 2.939999999999999905e-03 -9.661939999999999973e-01 2.578110000000000124e-01 1.438000000000000042e-03
2.800000000000000000e+01 1.300000000000000000e+01 2.000000000000000000e+01 0.000000000000000000e+00 1.600000000000000089e+00 1.621999999999999961e-03 -4.836000000000000021e-03 9.999869999999999592e-01 2.586769999999999903e-01 9.659539999999999793e-01 4.251999999999999703e-03 -9.659619999999999873e-01 2.586669999999999803e-01 2.817000000000000060e-03
5.000000000000000000e+00 1.600000000000000000e+01 2.100000000000000000e+01 0.000000000000000000e+00 1.600000000000000089e+00 -5.199999999999999680e-05 4.229000000000000120e-03 9.999909999999999632e-01 2.988279999999999825e-01 9.542990000000000084e-01 -4.020000000000000136e-03 -9.543070000000000164e-01 2.988250000000000073e-01 -1.312999999999999931e-03
1.400000000000000000e+01 1.600000000000000000e+01 2.100000000000000000e+01 0.000000000000000000e+00 1.600000000000000089e+00 -1.123999999999999999e-03 8.720000000000000537e-04 9.999989999999999712e-01 2.983839999999999826e-01 9.544460000000000166e-01 -4.970000000000000459e-04 -9.544449999999999878e-01 2.983839999999999826e-01 -1.332999999999999984e-03
1.800000000000000000e+01 1.600000000000000000e+01 2.100000000000000000e+01 0.000000000000000000e+00 1.600000000000000089e+00 -1.771000000000000005e-03 3.083999999999999936e-03 9.999940000000000495e-01 2.955740000000000034e-01 9.553169999999999717e-01 -2.422000000000000108e-03 -9.553180000000000005e-01 2.955679999999999974e-01 -2.602999999999999845e-03
2.900000000000000000e+01 1.600000000000000000e+01 2.100000000000000000e+01 0.000000000000000000e+00 1.600000000000000089e+00 2.142999999999999940e-03 3.011999999999999920e-03 9.999930000000000208e-01 2.948330000000000117e-01 9.555420000000000025e-01 -3.510000000000000099e-03 -9.555460000000000065e-01 2.948379999999999890e-01 1.160000000000000007e-03
3.000000000000000000e+00 4.600000000000000000e+01 2.700000000000000000e+01 0.000000000000000000e+00 1.600000000000000089e+00 3.000000000000000062e-03 1.237000000000000035e-03 -9.999949999999999672e-01 6.757570000000000521e-01 7.371180000000000510e-01 2.939000000000000206e-03 7.371180000000000510e-01 -6.757630000000000026e-01 1.376000000000000053e-03
1.600000000000000000e+01 4.600000000000000000e+01 2.700000000000000000e+01 0.000000000000000000e+00 1.600000000000000089e+00 -1.396000000000000105e-03 -8.379999999999999862e-04 -9.999989999999999712e-01 6.829119999999999635e-01 7.304990000000000094e-01 -1.564999999999999985e-03 7.305000000000000382e-01 -6.829129999999999923e-01 -4.479999999999999933e-04
2.800000000000000000e+01 4.600000000000000000e+01 2.700000000000000000e+01 0.000000000000000000e+00 1.600000000000000089e+00 1.440000000000000091e-03 2.445999999999999824e-03 -9.999959999999999960e-01 6.804930000000000145e-01 7.327500000000000124e-01 2.772000000000000158e-03 7.327529999999999877e-01 -6.804940000000000433e-01 -6.099999999999999737e-04
9.000000000000000000e+00 5.800000000000000000e+01 3.100000000000000000e+01 0.000000000000000000e+00 1.600000000000000089e+00 1.859999999999999945e-04 3.950000000000000386e-03 9.999919999999999920e-01 -8.018899999999999917e-01 -5.974669999999999703e-01 2.508999999999999946e-03 5.974720000000000031e-01 -8.018840000000000412e-01 3.056000000000000123e-03
1.200000000000000000e+01 5.800000000000000000e+01 3.100000000000000000e+01 0.000000000000000000e+00 1.600000000000000089e+00 2.895000000000000004e-03 3.954000000000000049e-03 9.999879999999999880e-01 -8.023689999999999989e-01 -5.968099999999999516e-01 4.682999999999999663e-03 5.968210000000000459e-01 -8.023730000000000029e-01 1.445000000000000104e-03
1.900000000000000000e+01 5.800000000000000000e+01 3.100000000000000000e+01 0.000000000000000000e+00 1.600000000000000089e+00 -2.919999999999999961e-04 2.629999999999999959e-03 9.999970000000000248e-01 -8.013660000000000228e-01 -5.981729999999999547e-01 1.338999999999999913e-03 5.981750000000000123e-01 -8.013620000000000188e-01 2.282999999999999873e-03
2.700000000000000000e+01 5.800000000000000000e+01 3.100000000000000000e+01 0.000000000000000000e+00 1.600000000000000089e+00 1.794000000000000022e-03 7.217999999999999590e-03 9.999719999999999720e-01 -7.997119999999999784e-01 -6.003560000000000008e-01 5.767999999999999690e-03 6.003810000000000535e-01 -7.996999999999999664e-01 4.695000000000000388e-03
6.000000000000000000e+00 4.600000000000000000e+01 3.500000000000000000e+01 0.000000000000000000e+00 1.600000000000000089e+00 6.629999999999999609e-04 -6.380000000000000037e-04 -1.000000000000000000e+00 3.862400000000000277e-01 -9.223980000000000512e-01 8.440000000000000236e-04 -9.223980000000000512e-01 -3.862410000000000010e-01 -3.649999999999999816e-04
9.000000000000000000e+00 4.600000000000000000e+01 3.500000000000000000e+01 0.000000000000000000e+00 1.600000000000000089e+00 5.299999999999999807e-04 3.350999999999999812e-03 -9.999940000000000495e-01 3.862639999999999962e-01 -9.223839999999999817e-01 -2.886000000000000110e-03 -9.223879999999999857e-01 -3.862599999999999922e-01 -1.783000000000000080e-03
1.300000000000000000e+01 4.600000000000000000e+01 3.500000000000000000e+01 0.000000000000000000e+00 1.600000000000000089e+00 1.433000000000000029e-03 3.680999999999999810e-03 -9.999919999999999920e-01 3.862889999999999935e-01 -9.223740000000000272e-01 -2.841999999999999908e-03 -9.223770000000000024e-01 -3.862820000000000142e-01 -2.743999999999999911e-03
2.200000000000000000e+01 4.600000000000000000e+01 3.500000000000000000e+01 0.000000000000000000e+00 1.600000000000000089e+00 -9.870000000000000301e-04 1.118000000000000070e-03 -9.999989999999999712e-01 3.844509999999999872e-01 -9.231439999999999646e-01 -1.410999999999999928e-03 -9.231449999999999934e-01 -3.844520000000000159e-01 4.809999999999999823e-04
3.000000000000000000e+00 9.500000000000000000e+01 3.600000000000000000e+01 0.000000000000000000e+00 1.600000000000000089e+00 1.356000000000000000e-03 -7.503000000000000121e-03 9.999710000000000543e-01 9.965270000000000516e-01 8.326400000000000468e-02 -7.269999999999999987e-04 -8.325599999999999667e-02 9.964990000000000236e-01 7.590000000000000392e-03
1.900000000000000000e+01 9.500000000000000000e+01 3.600000000000000000e+01 0.000000000000000000e+00 1.600000000000000089e+00 -8.533999999999999919e-03 -2.270499999999999949e-02 9.997059999999999835e-01 9.971579999999999888e-01 7.465099999999999514e-02 1.020800000000000006e-02 -7.485999999999999599e-02 9.969510000000000316e-01 2.200399999999999925e-02
2.600000000000000000e+01 9.500000000000000000e+01 3.600000000000000000e+01 0.000000000000000000e+00 1.600000000000000089e+00 -1.128000000000000096e-03 1.087600000000000025e-02 9.999400000000000510e-01 9.970879999999999743e-01 7.626199999999999646e-02 2.950000000000000148e-04 -7.625400000000000234e-02 9.970280000000000253e-01 -1.093000000000000048e-02
7.000000000000000000e+00 2.900000000000000000e+01 4.400000000000000000e+01 0.000000000000000000e+00 1.600000000000000089e+00 1.881999999999999992e-03 -7.446999999999999627e-03 -9.999710000000000543e-01 6.822099999999999831e-01 7.311450000000000449e-01 -4.160999999999999768e-03 7.311539999999999706e-01 -6.821819999999999551e-01 6.457000000000000066e-03
1.900000000000000000e+01 2.900000000000000000e+01 4.400000000000000000e+01 0.000000000000000000e+00 1.600000000000000089e+00 -3.154999999999999818e-03 -1.270999999999999994e-03 -9.999940000000000495e-01 6.698039999999999550e-01 7.425319999999999698e-01 -3.056999999999999822e-03 7.425310000000000521e-01 -6.698100000000000165e-01 -1.490999999999999921e-03
2.500000000000000000e+01 2.900000000000000000e+01 4.400000000000000000e+01 0.000000000000000000e+00 1.600000000000000089e+00 -1.941999999999999933e-03 7.789999999999999616e-04 -9.999980000000000535e-01 6.663339999999999819e-01 7.456530000000000102e-01 -7.129999999999999836e-04 7.456509999999999527e-01 -6.663329999999999531e-01 -1.966999999999999998e-03
2.900000000000000000e+01 2.900000000000000000e+01 4.400000000000000000e+01 0.000000000000000000e+00 1.600000000000000089e+00 1.051000000000000068e-03 9.210000000000000521e-04 -9.999989999999999712e-01 6.664250000000000451e-01 7.455709999999999837e-01 1.386999999999999995e-03 7.455709999999999837e-01 -6.664259999999999629e-01 1.689999999999999879e-04
1.400000000000000000e+01 5.400000000000000000e+01 4.600000000000000000e+01 0.000000000000000000e+00 1.600000000000000089e+00 -3.730000000000000134e-04 8.422000000000000666e-03 9.999639999999999640e-01 3.425969999999999849e-01 -9.394479999999999498e-01 8.040000000000000271e-03 9.394820000000000393e-01 3.425880000000000036e-01 -2.534999999999999927e-03
3.000000000000000000e+00 6.500000000000000000e+01 4.600000000000000000e+01 0.000000000000000000e+00 1.600000000000000089e+00 -1.579999999999999916e-04 6.899999999999999667e-04 1.000000000000000000e+00 6.815839999999999677e-01 -7.317399999999999460e-01 6.120000000000000223e-04 7.317399999999999460e-01 6.815830000000000499e-01 -3.550000000000000096e-04
1.600000000000000000e+01 6.500000000000000000e+01 4.600000000000000000e+01 0.000000000000000000e+00 1.600000000000000089e+00 -2.554999999999999979e-03 1.907000000000000058e-03 9.999949999999999672e-01 6.816419999999999702e-01 -7.316789999999999683e-01 3.137000000000000031e-03 7.316820000000000546e-01 6.816459999999999742e-01 5.699999999999999772e-04
3.000000000000000000e+01 6.000000000000000000e+00 5.100000000000000000e+01 0.000000000000000000e+00 1.600000000000000089e+00 -3.325999999999999963e-03 9.190000000000000035e-04 -9.999940000000000495e-01 3.148029999999999995e-01 -9.491549999999999709e-01 -1.918999999999999916e-03 -9.491509999999999669e-01 -3.148079999999999767e-01 2.867999999999999890e-03
1.700000000000000000e+01 7.000000000000000000e+00 5.200000000000000000e+01 0.000000000000000000e+00 1.600000000000000089e+00 -1.884000000000000041e-03 -2.405000000000000020e-03 -9.999949999999999672e-01 8.436799999999999855e-02 -9.964319999999999844e-01 2.236999999999999839e-03 -9.964330000000000132e-01 -8.436399999999999455e-02 2.080999999999999951e-03
1.600000000000000000e+01 1.500000000000000000e+01 5.300000000000000000e+01 0.000000000000000000e+00 1.600000000000000089e+00 3.209999999999999963e-04 1.007000000000000083e-03 -9.999989999999999712e-01 6.792599999999999749e-01 7.338980000000000503e-01 9.569999999999999514e-04 7.338980000000000503e-01 -6.792589999999999462e-01 -4.490000000000000176e-04
3.000000000000000000e+01 1.500000000000000000e+01 5.300000000000000000e+01 0.000000000000000000e+00 1.600000000000000089e+00 4.102999999999999876e-03 3.723000000000000181e-03 -9.999850000000000128e-01 6.746649999999999592e-01 7.381029999999999536e-01 5.516000000000000070e-03 7.381130000000000191e-01 -6.746769999999999712e-01 5.169999999999999899e-04
1.000000000000000000e+00 6.300000000000000000e+01 5.400000000000000000e+01 0.000000000000000000e+00 1.600000000000000089e+00 -1.409000000000000096e-03 -1.606000000000000006e-03 9.999980000000000535e-01 -3.497449999999999726e-01 9.368440000000000101e-01 1.012000000000000096e-03 -9.368440000000000101e-01 -3.497430000000000261e-01 -1.881999999999999992e-03
5.000000000000000000e+00 6.300000000000000000e+01 5.400000000000000000e+01 0.000000000000000000e+00 1.600000000000000089e+00 -6.899999999999999667e-04 3.820000000000000153e-04 1.000000000000000000e+00 -3.508990000000000165e-01 9.364130000000000509e-01 -5.999999999999999474e-04 -9.364130000000000509e-01 -3.508990000000000165e-01 -5.119999999999999768e-04
1.100000000000000000e+01 6.300000000000000000e+01 5.400000000000000000e+01 0.000000000000000000e+00 1.600000000000000089e+00 -6.329999999999999906e-04 -1.652999999999999955e-03 9.999980000000000535e-01 -3.521690000000000098e-01 9.359359999999999902e-01 1.325000000000000006e-03 -9.359359999999999902e-01 -3.521670000000000078e-01 -1.175000000000000046e-03
1.500000000000000000e+01 6.300000000000000000e+01 5.400000000000000000e+01 0.000000000000000000e+00 1.600000000000000089e+00 8.819999999999999715e-04 -1.309000000000000051e-03 9.999989999999999712e-01 -3.496270000000000211e-01 9.368880000000000541e-01 1.534999999999999906e-03 -9.368880000000000541e-01 -3.496279999999999943e-01 3.690000000000000246e-04
2.000000000000000000e+01 6.300000000000000000e+01 5.400000000000000000e+01 0.000000000000000000e+00 1.600000000000000089e+00 2.500000000000000120e-05 -7.799999999999999859e-04 1.000000000000000000e+00 -3.511139999999999817e-01 9.363329999999999709e-01 7.389999999999999651e-04 -9.363329999999999709e-01 -3.511130000000000084e-01 -2.509999999999999753e-04
2.400000000000000000e+01 6.300000000000000000e+01 5.400000000000000000e+01 0.000000000000000000e+00 1.600000000000000089e+00 3.379999999999999758e-04 -1.859999999999999945e-04 1.000000000000000000e+00 -3.502219999999999778e-01 9.366670000000000273e-01 2.930000000000000204e-04 -9.366670000000000273e-01 -3.502219999999999778e-01 2.509999999999999753e-04
2.600000000000000000e+01 6.300000000000000000e+01 5.400000000000000000e+01 0.000000000000000000e+00 1.600000000000000089e+00 1.034999999999999896e-03 1.200000000000000030e-04 1.000000000000000000e+00 -3.511389999999999789e-01 9.363230000000000164e-01 2.509999999999999753e-04 -9.363230000000000164e-01 -3.511389999999999789e-01 1.010999999999999963e-03
1.000000000000000000e+01 2.500000000000000000e+01 5.500000000000000000e+01 0.000000000000000000e+00 1.600000000000000089e+00 -2.059999999999999928e-04 -1.132999999999999893e-03 -9.999989999999999712e-01 -1.045100000000000022e-02 -9.999449999999999728e-01 1.134999999999999941e-03 -9.999449999999999728e-01 1.045100000000000022e-02 1.939999999999999993e-04
1.700000000000000000e+01 2.500000000000000000e+01 5.500000000000000000e+01 0.000000000000000000e+00 1.600000000000000089e+00 -1.910000000000000077e-04 -1.098999999999999934e-03 -9.999989999999999712e-01 -1.248999999999999937e-02 -9.999209999999999487e-01 1.101999999999999898e-03 -9.999219999999999775e-01 1.249100000000000037e-02 1.769999999999999926e-04
2.200000000000000000e+01 2.500000000000000000e+01 5.500000000000000000e+01 0.000000000000000000e+00 1.600000000000000089e+00 -9.409999999999999962e-04 -2.086000000000000180e-03 -9.999970000000000248e-01 -1.111900000000000041e-02 -9.999360000000000470e-01 2.096000000000000207e-03 -9.999379999999999935e-01 1.112100000000000068e-02 9.179999999999999792e-04
2.600000000000000000e+01 2.500000000000000000e+01 5.500000000000000000e+01 0.000000000000000000e+00 1.600000000000000089e+00 8.970000000000000109e-04 -3.289999999999999739e-04 -1.000000000000000000e+00 -1.122899999999999940e-02 -9.999369999999999647e-01 3.190000000000000019e-04 -9.999369999999999647e-01 1.122899999999999940e-02 -9.009999999999999997e-04
2.800000000000000000e+01 2.500000000000000000e+01 5.500000000000000000e+01 0.000000000000000000e+00 1.600000000000000089e+00 1.882999999999999908e-03 1.012000000000000096e-03 -9.999980000000000535e-01 -1.178500000000000034e-02 -9.999299999999999855e-01 -1.033999999999999980e-03 -9.999289999999999567e-01 1.178700000000000060e-02 -1.869999999999999917e-03
2.700000000000000000e+01 5.800000000000000000e+01 5.900000000000000000e+01 0.000000000000000000e+00 1.600000000000000089e+00 -4.083999999999999957e-03 4.874999999999999993e-03 -9.999799999999999800e-01 3.862369999999999970e-01 9.223949999999999649e-01 2.919000000000000154e-03 9.223909999999999609e-01 -3.862169999999999770e-01 -5.649999999999999641e-03
9.000000000000000000e+00 2.100000000000000000e+01 6.000000000000000000e+01 0.000000000000000000e+00 1.600000000000000089e+00 2.076000000000000154e-03 -9.190000000000000252e-03 9.999559999999999560e-01 -9.307100000000000095e-02 9.956159999999999455e-01 9.343999999999999875e-03 -9.956570000000000142e-01 -9.308600000000000207e-02 1.211999999999999970e-03
1.000000000000000000e+00 3.000000000000000000e+00 6.300000000000000000e+01 0.000000000000000000e+00 1.600000000000000089e+00 -8.880000000000000089e-04 6.830000000000000134e-04 9.999989999999999712e-01 -6.145599999999999952e-01 7.888690000000000424e-01 -1.085000000000000027e-03 -7.888690000000000424e-01 -6.145610000000000239e-01 -2.809999999999999998e-04
4.000000000000000000e+00 2.700000000000000000e+01 6.300000000000000000e+01 0.000000000000000000e+00 1.600000000000000089e+00 -1.849999999999999973e-04 -1.333999999999999899e-03 9.999989999999999712e-01 -2.758780000000000121e-01 9.611920000000000464e-01 1.231000000000000106e-03 -9.611929999999999641e-01 -2.758769999999999833e-01 -5.460000000000000443e-04
1.000000000000000000e+01 2.700000000000000000e+01 6.300000000000000000e+01 0.000000000000000000e+00 1.600000000000000089e+00 3.736000000000000171e-03 8.399999999999999535e-05 9.999930000000000208e-01 -2.793350000000000000e-01 9.601929999999999632e-01 9.629999999999999888e-04 -9.601859999999999840e-01 -2.793370000000000020e-01 3.611000000000000060e-03
1.400000000000000000e+01 2.700000000000000000e+01 6.300000000000000000e+01 0.000000000000000000e+00 1.600000000000000089e+00 2.661999999999999870e-03 8.219000000000000611e-03 9.999630000000000463e-01 -2.738929999999999976e-01 9.617329999999999490e-01 -7.174999999999999954e-03 -9.617560000000000553e-01 -2.738639999999999963e-01 4.811000000000000172e-03
2.200000000000000000e+01 2.700000000000000000e+01 6.300000000000000000e+01 0.000000000000000000e+00 1.600000000000000089e+00 -1.693999999999999976e-03 -5.925999999999999844e-03 9.999810000000000088e-01 -2.775340000000000029e-01 9.607010000000000272e-01 5.223000000000000212e-03 -9.607139999999999569e-01 -2.775199999999999889e-01 -3.272000000000000169e-03
2.600000000000000000e+01 2.700000000000000000e+01 6.300000000000000000e+01 0.000000000000000000e+00 1.600000000000000089e+00 1.119999999999999983e-04 -9.249999999999999542e-03 9.999569999999999848e-01 -2.793950000000000045e-01 9.601349999999999607e-01 8.911999999999999783e-03 -9.601760000000000295e-01 -2.793840000000000212e-01 -2.477000000000000035e-03
1.000000000000000000e+00 2.600000000000000000e+01 6.400000000000000000e+01 0.000000000000000000e+00 1.600000000000000089e+00 6.849999999999999535e-04 -1.072000000000000036e-03 9.999989999999999712e-01 -3.573540000000000050e-01 9.339680000000000204e-01 1.245999999999999929e-03 -9.339690000000000492e-01 -3.573549999999999782e-01 2.559999999999999884e-04
5.000000000000000000e+00 2.600000000000000000e+01 6.400000000000000000e+01 0.000000000000000000e+00 1.600000000000000089e+00 7.510000000000000399e-04 -4.559999999999999817e-03 9.999890000000000168e-01 -3.587790000000000146e-01 9.334109999999999907e-01 4.525999999999999641e-03 -9.334219999999999740e-01 -3.587790000000000146e-01 -9.349999999999999587e-04
1.000000000000000000e+01 2.600000000000000000e+01 6.400000000000000000e+01 0.000000000000000000e+00 1.600000000000000089e+00 4.015999999999999605e-03 -2.000000000000000096e-04 9.999919999999999920e-01 -3.613569999999999838e-01 9.324259999999999771e-01 1.637000000000000000e-03 -9.324189999999999978e-01 -3.613600000000000145e-01 3.671999999999999917e-03
1.700000000000000000e+01 2.600000000000000000e+01 6.400000000000000000e+01 0.000000000000000000e+00 1.600000000000000089e+00 -3.106999999999999953e-03 7.509000000000000050e-03 9.999670000000000503e-01 -3.505610000000000115e-01 9.365050000000000319e-01 -8.120999999999999747e-03 -9.365350000000000064e-01 -3.505739999999999967e-01 -2.779999999999999811e-04
2.200000000000000000e+01 2.600000000000000000e+01 6.400000000000000000e+01 0.000000000000000000e+00 1.600000000000000089e+00 -8.840000000000000201e-04 -5.955000000000000224e-03 9.999820000000000375e-01 -3.590119999999999978e-01 9.333179999999999810e-01 5.240999999999999999e-03 -9.333329999999999682e-01 -3.590010000000000145e-01 -2.964000000000000055e-03
2.600000000000000000e+01 2.600000000000000000e+01 6.400000000000000000e+01 0.000000000000000000e+00 1.600000000000000089e+00 1.201999999999999943e-03 -9.076000000000000734e-03 9.999580000000000135e-01 -3.597400000000000042e-01 9.330100000000000060e-01 8.900999999999999190e-03 -9.330519999999999925e-01 -3.597360000000000002e-01 -2.142999999999999940e-03
2.000000000000000000e+00 2.500000000000000000e+01 7.300000000000000000e+01 0.000000000000000000e+00 1.600000000000000089e+00 1.217999999999999899e-03 3.963999999999999642e-03 9.999909999999999632e-01 7.501309999999999922e-01 -6.612869999999999582e-01 1.708000000000000100e-03 6.612879999999999869e-01 7.501219999999999555e-01 -3.778999999999999807e-03
5.000000000000000000e+00 2.500000000000000000e+01 7.300000000000000000e+01 0.000000000000000000e+00 1.600000000000000089e+00 9.079999999999999530e-04 2.161000000000000160e-03 9.999970000000000248e-01 7.513410000000000366e-01 -6.599129999999999718e-01 7.439999999999999782e-04 6.599129999999999718e-01 7.513389999999999791e-01 -2.223000000000000149e-03
1.100000000000000000e+01 2.500000000000000000e+01 7.300000000000000000e+01 0.000000000000000000e+00 1.600000000000000089e+00 6.340000000000000149e-04 -7.759999999999999971e-04 9.999989999999999712e-01 7.496770000000000378e-01 -6.618030000000000301e-01 -9.890000000000000787e-04 6.618039999999999479e-01 7.496770000000000378e-01 1.620000000000000075e-04
1.500000000000000000e+01 2.500000000000000000e+01 7.300000000000000000e+01 0.000000000000000000e+00 1.600000000000000089e+00 4.260000000000000006e-04 -1.203999999999999992e-03 9.999989999999999712e-01 7.482499999999999707e-01 -6.634160000000000057e-01 -1.118000000000000070e-03 6.634170000000000345e-01 7.482499999999999707e-01 6.179999999999999513e-04
2.400000000000000000e+01 2.500000000000000000e+01 7.300000000000000000e+01 0.000000000000000000e+00 1.600000000000000089e+00 1.405999999999999915e-03 2.266999999999999918e-03 9.999959999999999960e-01 7.565420000000000478e-01 -6.539449999999999985e-01 4.189999999999999931e-04 6.539430000000000520e-01 7.565389999999999615e-01 -2.635000000000000189e-03
2.900000000000000000e+01 2.500000000000000000e+01 7.300000000000000000e+01 0.000000000000000000e+00 1.600000000000000089e+00 3.130000000000000187e-04 -3.690999999999999837e-03 9.999930000000000208e-01 7.574119999999999742e-01 -6.529319999999999569e-01 -2.647000000000000047e-03 6.529380000000000184e-01 7.574070000000000524e-01 2.590999999999999987e-03
1.000000000000000000e+00 4.400000000000000000e+01 7.300000000000000000e+01 0.000000000000000000e+00 1.600000000000000089e+00 3.524999999999999922e-03 1.846999999999999901e-03 9.999919999999999920e-01 4.814299999999999830e-02 -9.988390000000000324e-01 1.675000000000000057e-03 9.988339999999999996e-01 4.813599999999999823e-02 -3.609999999999999928e-03
1.000000000000000000e+01 4.400000000000000000e+01 7.300000000000000000e+01 0.000000000000000000e+00 1.600000000000000089e+00 -3.200000000000000262e-04 -1.876999999999999979e-03 9.999980000000000535e-01 5.095899999999999735e-02 -9.986990000000000034e-01 -1.858999999999999975e-03 9.987009999999999499e-01 5.095800000000000329e-02 4.150000000000000043e-04
1.600000000000000000e+01 4.400000000000000000e+01 7.300000000000000000e+01 0.000000000000000000e+00 1.600000000000000089e+00 4.130000000000000099e-04 -2.095000000000000074e-03 9.999980000000000535e-01 4.785600000000000270e-02 -9.988519999999999621e-01 -2.112000000000000162e-03 9.988540000000000196e-01 4.785699999999999676e-02 -3.119999999999999944e-04
2.600000000000000000e+01 4.400000000000000000e+01 7.300000000000000000e+01 0.000000000000000000e+00 1.600000000000000089e+00 -3.249999999999999851e-04 -2.827999999999999785e-03 9.999959999999999960e-01 4.898000000000000270e-02 -9.987960000000000171e-01 -2.808999999999999865e-03 9.988000000000000211e-01 4.897800000000000070e-02 4.629999999999999784e-04
1.200000000000000000e+01 5.100000000000000000e+01 7.600000000000000000e+01 0.000000000000000000e+00 1.600000000000000089e+00 -6.499999999999999431e-05 -4.800000000000000122e-04 -1.000000000000000000e+00 -4.157219999999999804e-01 -9.094919999999999671e-01 4.640000000000000027e-04 -9.094919999999999671e-01 4.157219999999999804e-01 -1.410000000000000120e-04
1.700000000000000000e+01 5.100000000000000000e+01 7.600000000000000000e+01 0.000000000000000000e+00 1.600000000000000089e+00 -6.890000000000000508e-04 4.605999999999999851e-03 -9.999890000000000168e-01 -4.139820000000000166e-01 -9.102770000000000028e-01 -3.908000000000000015e-03 -9.102850000000000108e-01 4.139749999999999819e-01 2.533999999999999794e-03
6.000000000000000000e+00 9.100000000000000000e+01 7.600000000000000000e+01 0.000000000000000000e+00 1.600000000000000089e+00 -1.649999999999999991e-04 9.539999999999999869e-04 1.000000000000000000e+00 3.124439999999999995e-01 -9.499360000000000026e-01 9.579999999999999757e-04 9.499360000000000026e-01 3.124439999999999995e-01 -1.420000000000000092e-04
1.000000000000000000e+01 9.100000000000000000e+01 7.600000000000000000e+01 0.000000000000000000e+00 1.600000000000000089e+00 -3.229999999999999907e-04 -3.570000000000000040e-04 1.000000000000000000e+00 3.185450000000000226e-01 -9.479079999999999728e-01 -2.359999999999999902e-04 9.479079999999999728e-01 3.185450000000000226e-01 4.200000000000000174e-04
1.600000000000000000e+01 9.100000000000000000e+01 7.600000000000000000e+01 0.000000000000000000e+00 1.600000000000000089e+00 5.199999999999999680e-05 1.247000000000000062e-03 9.999989999999999712e-01 3.164680000000000271e-01 -9.486029999999999740e-01 1.167000000000000069e-03 9.486029999999999740e-01 3.164669999999999983e-01 -4.440000000000000045e-04
