2.000000000000000000e+01 1.700000000000000000e+01 3.000000000000000000e+00 0.000000000000000000e+00 1.600000000000000089e+00 -2.818400000000000072e-02 -1.768899999999999986e-02 -9.994459999999999456e-01 -7.128360000000000252e-01 -7.005770000000000053e-01 3.250100000000000211e-02 -7.007640000000000535e-01 7.133570000000000189e-01 7.135999999999999982e-03
1.000000000000000000e+00 2.100000000000000000e+01 4.000000000000000000e+00 0.000000000000000000e+00 1.600000000000000089e+00 -2.675999999999999993e-03 6.543000000000000205e-03 -9.999749999999999472e-01 -6.573290000000000521e-01 -7.535969999999999613e-01 -3.171999999999999906e-03 -7.535990000000000189e-01 6.573039999999999994e-01 6.316999999999999699e-03
5.000000000000000000e+00 1.010000000000000000e+02 7.000000000000000000e+00 0.000000000000000000e+00 1.600000000000000089e+00 -8.869999999999999846e-04 2.255000000000000060e-03 9.999970000000000248e-01 8.903889999999999860e-01 4.551999999999999935e-01 -2.369999999999999874e-04 -4.551990000000000203e-01 8.903870000000000395e-01 -2.412000000000000081e-03
1.400000000000000000e+01 1.010000000000000000e+02 7.000000000000000000e+00 0.000000000000000000e+00 1.600000000000000089e+00 4.119999999999999856e-04 2.187499999999999861e-02 9.997610000000000108e-01 8.880590000000000428e-01 4.596109999999999918e-01 -1.042200000000000071e-02 -4.597289999999999988e-01 8.878509999999999458e-01 -1.923700000000000063e-02
5.000000000000000000e+00 2.500000000000000000e+01 8.000000000000000000e+00 0.000000000000000000e+00 1.600000000000000089e+00 -2.339999999999999958e-04 1.846100000000000171e-02 -9.998299999999999965e-01 4.420700000000000185e-01 8.968289999999999873e-01 1.645599999999999841e-02 8.969799999999999995e-01 -4.419910000000000228e-01 -8.370999999999999969e-03
1.000000000000000000e+01 2.500000000000000000e+01 8.000000000000000000e+00 0.000000000000000000e+00 1.600000000000000089e+00 -4.440000000000000045e-04 5.388999999999999693e-03 -9.999850000000000128e-01 4.421900000000000275e-01 8.969099999999999850e-01 4.636999999999999629e-03 8.969209999999999683e-01 -4.421809999999999907e-01 -2.781000000000000052e-03
1.500000000000000000e+01 2.500000000000000000e+01 8.000000000000000000e+00 0.000000000000000000e+00 1.600000000000000089e+00 1.724999999999999971e-03 4.472000000000000280e-03 -9.999879999999999880e-01 4.397780000000000022e-01 8.980939999999999479e-01 4.774999999999999731e-03 8.981050000000000422e-01 -4.397809999999999775e-01 -4.180000000000000230e-04
1.800000000000000000e+01 2.500000000000000000e+01 8.000000000000000000e+00 0.000000000000000000e+00 1.600000000000000089e+00 6.679999999999999740e-04 8.533000000000000654e-03 -9.999630000000000463e-01 4.381530000000000147e-01 8.988650000000000251e-01 7.962999999999999592e-03 8.989000000000000323e-01 -4.381430000000000047e-01 -3.138000000000000164e-03
2.100000000000000000e+01 2.500000000000000000e+01 8.000000000000000000e+00 0.000000000000000000e+00 1.600000000000000089e+00 2.590000000000000071e-04 3.014000000000000186e-03 -9.999949999999999672e-01 4.375580000000000025e-01 8.991860000000000408e-01 2.824000000000000121e-03 8.991900000000000448e-01 -4.375569999999999737e-01 -1.085999999999999943e-03
2.900000000000000000e+01 2.500000000000000000e+01 8.000000000000000000e+00 0.000000000000000000e+00 1.600000000000000089e+00 -5.249999999999999676e-04 -1.219000000000000031e-03 -9.999989999999999712e-01 4.373319999999999985e-01 8.992989999999999595e-01 -1.325999999999999922e-03 8.992999999999999883e-01 -4.373319999999999985e-01 6.099999999999999872e-05
3.000000000000000000e+00 2.400000000000000000e+01 9.000000000000000000e+00 0.000000000000000000e+00 1.600000000000000089e+00 2.194000000000000204e-03 1.237300000000000032e-02 -9.999209999999999487e-01 4.497140000000000026e-01 8.930909999999999682e-01 1.203700000000000082e-02 8.931700000000000195e-01 -4.497050000000000214e-01 -3.605000000000000131e-03
7.000000000000000000e+00 2.400000000000000000e+01 9.000000000000000000e+00 0.000000000000000000e+00 1.600000000000000089e+00 -2.269999999999999882e-03 2.027699999999999989e-02 -9.997920000000000140e-01 4.488659999999999872e-01 8.934349999999999792e-01 1.710000000000000062e-02 8.935959999999999459e-01 -4.487340000000000217e-01 -1.112999999999999927e-02
1.500000000000000000e+01 2.400000000000000000e+01 9.000000000000000000e+00 0.000000000000000000e+00 1.600000000000000089e+00 2.112000000000000162e-03 5.368000000000000375e-03 -9.999829999999999552e-01 4.462470000000000048e-01 8.948909999999999920e-01 5.746000000000000239e-03 8.949070000000000080e-01 -4.462519999999999820e-01 -5.060000000000000478e-04
2.200000000000000000e+01 2.400000000000000000e+01 9.000000000000000000e+00 0.000000000000000000e+00 1.600000000000000089e+00 2.049999999999999956e-04 9.269999999999999811e-04 -1.000000000000000000e+00 4.442639999999999922e-01 8.958960000000000257e-01 9.219999999999999680e-04 8.958960000000000257e-01 -4.442639999999999922e-01 -2.280000000000000126e-04
2.800000000000000000e+01 2.400000000000000000e+01 9.000000000000000000e+00 0.000000000000000000e+00 1.600000000000000089e+00 -2.380000000000000117e-04 -3.118999999999999811e-03 -9.999949999999999672e-01 4.438219999999999943e-01 8.961099999999999621e-01 -2.899999999999999800e-03 8.961149999999999949e-01 -4.438199999999999923e-01 1.170999999999999949e-03
3.000000000000000000e+00 3.500000000000000000e+01 1.200000000000000000e+01 0.000000000000000000e+00 1.600000000000000089e+00 1.441999999999999922e-03 5.330000000000000536e-04 -9.999989999999999712e-01 3.997169999999999890e-01 -9.166389999999999816e-01 8.799999999999999771e-05 -9.166370000000000351e-01 -3.997169999999999890e-01 -1.534999999999999906e-03
9.000000000000000000e+00 3.500000000000000000e+01 1.200000000000000000e+01 0.000000000000000000e+00 1.600000000000000089e+00 1.075999999999999917e-03 4.916000000000000231e-03 -9.999869999999999592e-01 4.029269999999999796e-01 -9.152230000000000087e-01 -4.066000000000000170e-03 -9.152310000000000167e-01 -4.029179999999999984e-01 -2.965000000000000187e-03
1.200000000000000000e+01 3.500000000000000000e+01 1.200000000000000000e+01 0.000000000000000000e+00 1.600000000000000089e+00 -1.925999999999999978e-03 3.697000000000000199e-03 -9.999909999999999632e-01 4.109740000000000060e-01 -9.116379999999999484e-01 -4.161999999999999901e-03 -9.116450000000000387e-01 -4.109780000000000100e-01 2.369999999999999874e-04
1.700000000000000000e+01 3.500000000000000000e+01 1.200000000000000000e+01 0.000000000000000000e+00 1.600000000000000089e+00 -2.356000000000000021e-03 3.624000000000000051e-03 -9.999909999999999632e-01 4.254700000000000149e-01 -9.049620000000000442e-01 -4.283000000000000348e-03 -9.049690000000000234e-01 -4.254760000000000209e-01 5.900000000000000296e-04
2.600000000000000000e+01 3.500000000000000000e+01 1.200000000000000000e+01 0.000000000000000000e+00 1.600000000000000089e+00 -1.271999999999999910e-03 4.643999999999999691e-03 -9.999879999999999880e-01 4.528090000000000170e-01 -8.915950000000000264e-01 -4.716999999999999839e-03 -8.916060000000000096e-01 -4.528099999999999903e-01 -9.680000000000000019e-04
2.900000000000000000e+01 3.500000000000000000e+01 1.200000000000000000e+01 0.000000000000000000e+00 1.600000000000000089e+00 -2.599999999999999881e-03 5.732000000000000116e-03 -9.999799999999999800e-01 4.591950000000000198e-01 -8.883140000000000480e-01 -6.285999999999999921e-03 -8.883320000000000105e-01 -4.592019999999999991e-01 -3.229999999999999907e-04
1.400000000000000000e+01 3.200000000000000000e+01 1.400000000000000000e+01 0.000000000000000000e+00 1.600000000000000089e+00 5.779999999999999548e-04 9.600000000000000243e-05 -1.000000000000000000e+00 1.238439999999999958e-01 9.923020000000000174e-01 1.669999999999999935e-04 9.923009999999999886e-01 -1.238439999999999958e-01 5.619999999999999996e-04
2.100000000000000000e+01 1.200000000000000000e+01 1.600000000000000000e+01 0.000000000000000000e+00 1.600000000000000089e+00 2.527999999999999865e-03 -9.495800000000000074e-02 9.954779999999999740e-01 2.060790000000000122e-01 -9.740640000000000409e-01 -9.343799999999999328e-02 9.785319999999999574e-01 2.053830000000000100e-01 1.710599999999999968e-02
7.000000000000000000e+00 1.300000000000000000e+01 1.600000000000000000e+01 0.000000000000000000e+00 1.600000000000000089e+00 2.162999999999999992e-03 -2.083899999999999988e-02 9.997800000000000020e-01 1.175559999999999938e-01 -9.928449999999999775e-01 -2.094899999999999887e-02 9.930639999999999468e-01 1.175760000000000000e-01 3.020000000000000223e-04
1.400000000000000000e+01 1.300000000000000000e+01 1.600000000000000000e+01 0.000000000000000000e+00 1.600000000000000089e+00 6.087000000000000396e-03 -5.912400000000000294e-02 9.982320000000000082e-01 1.403979999999999950e-01 -9.883119999999999683e-01 -5.939200000000000035e-02 9.900759999999999561e-01 1.405109999999999970e-01 2.285000000000000139e-03
2.100000000000000000e+01 1.160000000000000000e+02 1.600000000000000000e+01 0.000000000000000000e+00 1.600000000000000089e+00 4.810000000000000039e-03 1.023999999999999954e-03 9.999879999999999880e-01 6.674080000000000013e-01 7.446810000000000374e-01 -3.972999999999999969e-03 -7.446770000000000334e-01 6.674189999999999845e-01 2.897999999999999968e-03
9.000000000000000000e+00 2.000000000000000000e+00 1.900000000000000000e+01 0.000000000000000000e+00 1.600000000000000089e+00 2.230999999999999910e-03 -9.072999999999999468e-03 -9.999559999999999560e-01 2.906859999999999999e-01 -9.567729999999999846e-01 9.329999999999999752e-03 -9.568159999999999998e-01 -2.906940000000000079e-01 5.029999999999999749e-04
2.200000000000000000e+01 2.000000000000000000e+00 1.900000000000000000e+01 0.000000000000000000e+00 1.600000000000000089e+00 1.213999999999999975e-02 -5.182300000000000101e-02 -9.985819999999999697e-01 3.320159999999999778e-01 -9.417889999999999873e-01 5.291200000000000070e-02 -9.431960000000000344e-01 -3.321879999999999833e-01 5.773000000000000353e-03
3.000000000000000000e+01 2.000000000000000000e+00 1.900000000000000000e+01 0.000000000000000000e+00 1.600000000000000089e+00 9.344999999999999141e-03 -5.196800000000000030e-02 -9.986049999999999649e-01 3.607879999999999976e-01 -9.312059999999999782e-01 5.183700000000000113e-02 -9.326010000000000133e-01 -3.607690000000000063e-01 1.004700000000000037e-02
4.000000000000000000e+00 3.000000000000000000e+00 1.900000000000000000e+01 0.000000000000000000e+00 1.600000000000000089e+00 1.392999999999999924e-03 1.019999999999999992e-04 -9.999989999999999712e-01 3.032719999999999860e-01 -9.529039999999999733e-01 3.249999999999999851e-04 -9.529029999999999445e-01 -3.032719999999999860e-01 -1.358000000000000049e-03
1.300000000000000000e+01 3.000000000000000000e+00 1.900000000000000000e+01 0.000000000000000000e+00 1.600000000000000089e+00 8.312999999999999209e-03 -1.720500000000000154e-02 -9.998169999999999558e-01 3.233509999999999995e-01 -9.460889999999999578e-01 1.896899999999999975e-02 -9.462429999999999453e-01 -3.234500000000000153e-01 -2.301999999999999793e-03
1.800000000000000000e+01 3.000000000000000000e+00 1.900000000000000000e+01 0.000000000000000000e+00 1.600000000000000089e+00 1.117499999999999917e-02 -3.291199999999999681e-02 -9.993959999999999511e-01 3.319699999999999873e-01 -9.426489999999999592e-01 3.475500000000000117e-02 -9.432239999999999513e-01 -3.321580000000000088e-01 3.910000000000000172e-04
2.400000000000000000e+01 3.000000000000000000e+00 1.900000000000000000e+01 0.000000000000000000e+00 1.600000000000000089e+00 1.333999999999999943e-02 -5.606699999999999878e-02 -9.983379999999999477e-01 3.421739999999999782e-01 -9.378910000000000302e-01 5.724499999999999728e-02 -9.395419999999999883e-01 -3.423689999999999789e-01 6.673000000000000112e-03
4.000000000000000000e+00 4.000000000000000000e+00 2.000000000000000000e+01 0.000000000000000000e+00 1.600000000000000089e+00 1.922000000000000097e-03 1.905999999999999925e-03 -9.999959999999999960e-01 4.269060000000000077e-01 -9.042959999999999887e-01 -9.030000000000000483e-04 -9.042940000000000422e-01 -4.269029999999999769e-01 -2.552000000000000015e-03
7.000000000000000000e+00 4.000000000000000000e+00 2.000000000000000000e+01 0.000000000000000000e+00 1.600000000000000089e+00 2.674000000000000161e-03 -5.108999999999999826e-03 -9.999829999999999552e-01 4.303790000000000115e-01 -9.026300000000000434e-01 5.761999999999999761e-03 -9.026440000000000019e-01 -4.303870000000000196e-01 -2.149999999999999947e-04
1.300000000000000000e+01 4.000000000000000000e+00 2.000000000000000000e+01 0.000000000000000000e+00 1.600000000000000089e+00 7.296000000000000402e-03 -1.839199999999999863e-02 -9.998040000000000260e-01 4.357059999999999822e-01 -8.998730000000000340e-01 1.973300000000000054e-02 -9.000599999999999712e-01 -4.357650000000000134e-01 1.448000000000000068e-03
1.800000000000000000e+01 4.000000000000000000e+00 2.000000000000000000e+01 0.000000000000000000e+00 1.600000000000000089e+00 7.992000000000000839e-03 -3.407500000000000112e-02 -9.993870000000000253e-01 4.292529999999999957e-01 -9.025360000000000049e-01 3.420499999999999929e-02 -9.031489999999999796e-01 -4.292639999999999789e-01 7.413999999999999584e-03
2.500000000000000000e+01 4.000000000000000000e+00 2.000000000000000000e+01 0.000000000000000000e+00 1.600000000000000089e+00 9.332999999999999283e-03 -5.388500000000000234e-02 -9.985039999999999472e-01 4.095650000000000124e-01 -9.107420000000000515e-01 5.297700000000000325e-02 -9.122329999999999606e-01 -4.094459999999999766e-01 1.356899999999999946e-02
3.000000000000000000e+00 1.300000000000000000e+01 2.000000000000000000e+01 0.000000000000000000e+00 1.600000000000000089e+00 -6.799999999999999946e-05 1.925000000000000062e-03 9.999980000000000535e-01 3.128000000000000225e-01 9.498170000000000224e-01 -1.807000000000000012e-03 -9.498189999999999689e-01 3.127989999999999937e-01 -6.669999999999999497e-04
9.000000000000000000e+00 1.300000000000000000e+01 2.000000000000000000e+01 0.000000000000000000e+00 1.600000000000000089e+00 -5.199999999999999680e-05 4.615000000000000178e-03 9.999890000000000168e-01 3.102599999999999802e-01 9.506419999999999870e-01 -4.370999999999999885e-03 -9.506520000000000525e-01 3.102570000000000050e-01 -1.482000000000000027e-03
1.400000000000000000e+01 1.300000000000000000e+01 2.000000000000000000e+01 0.000000000000000000e+00 1.600000000000000089e+00 3.350000000000000113e-04 1.115599999999999925e-02 9.999379999999999935e-01 3.051769999999999761e-01 9.522350000000000536e-01 -1.072599999999999942e-02 -9.522960000000000313e-01 3.051619999999999888e-01 -3.085000000000000069e-03
2.200000000000000000e+01 1.300000000000000000e+01 2.000000000000000000e+01 0.000000000000000000e+00 1.600000000000000089e+00 4.451000000000000095e-03 -8.056000000000000660e-03 9.999580000000000135e-01 2.762229999999999963e-01 9.610720000000000374e-01 6.512999999999999692e-03 -9.610830000000000206e-01 2.761819999999999831e-01 6.503000000000000100e-03
2.700000000000000000e+01 1.300000000000000000e+01 2.000000000000000000e+01 0.000000000000000000e+00 1.600000000000000089e+00 7.739999999999999485e-04 2.880000000000000073e-04 1.000000000000000000e+00 2.626560000000000006e-01 9.648900000000000254e-01 -4.820000000000000066e-04 -9.648889999999999967e-01 2.626560000000000006e-01 6.710000000000000469e-04
3.000000000000000000e+00 1.600000000000000000e+01 2.100000000000000000e+01 0.000000000000000000e+00 1.600000000000000089e+00 -8.400000000000000348e-04 -5.519999999999999733e-04 9.999989999999999712e-01 3.041240000000000054e-01 9.526320000000000343e-01 7.810000000000000102e-04 -9.526320000000000343e-01 3.041249999999999787e-01 -6.319999999999999663e-04
1.000000000000000000e+01 1.600000000000000000e+01 2.100000000000000000e+01 0.000000000000000000e+00 1.600000000000000089e+00 3.780000000000000265e-04 -2.562000000000000041e-03 9.999970000000000248e-01 3.081329999999999902e-01 9.513399999999999634e-01 2.321000000000000146e-03 -9.513430000000000497e-01 3.081309999999999882e-01 1.149000000000000065e-03
1.000000000000000000e+01 5.000000000000000000e+01 2.200000000000000000e+01 0.000000000000000000e+00 1.600000000000000089e+00 -2.098000000000000038e-03 -4.245999999999999774e-03 -9.999890000000000168e-01 -5.798240000000000061e-01 8.147389999999999910e-01 -2.243000000000000202e-03 8.147389999999999910e-01 5.798130000000000228e-01 -4.171000000000000228e-03
3.000000000000000000e+00 4.600000000000000000e+01 2.700000000000000000e+01 0.000000000000000000e+00 1.600000000000000089e+00 1.497000000000000067e-03 3.079000000000000140e-03 -9.999940000000000495e-01 6.788290000000000157e-01 7.342889999999999695e-01 3.276999999999999965e-03 7.342940000000000023e-01 -6.788300000000000445e-01 -9.909999999999999105e-04
2.800000000000000000e+01 4.600000000000000000e+01 2.700000000000000000e+01 0.000000000000000000e+00 1.600000000000000089e+00 9.100000000000000016e-04 8.369999999999999619e-04 -9.999989999999999712e-01 6.749509999999999676e-01 7.378609999999999891e-01 1.231000000000000106e-03 7.378620000000000179e-01 -6.749519999999999964e-01 1.060000000000000016e-04
7.000000000000000000e+00 4.600000000000000000e+01 3.000000000000000000e+01 0.000000000000000000e+00 1.600000000000000089e+00 -6.899999999999999667e-05 4.939999999999999730e-04 -1.000000000000000000e+00 3.282169999999999810e-01 9.446020000000000527e-01 4.440000000000000045e-04 9.446020000000000527e-01 -3.282169999999999810e-01 -2.269999999999999882e-04
1.200000000000000000e+01 4.600000000000000000e+01 3.000000000000000000e+01 0.000000000000000000e+00 1.600000000000000089e+00 -2.110000000000000059e-04 -1.773000000000000053e-03 -9.999980000000000535e-01 3.304469999999999907e-01 9.438229999999999675e-01 -1.742999999999999975e-03 9.438250000000000250e-01 -3.304469999999999907e-01 3.869999999999999742e-04
2.500000000000000000e+01 4.600000000000000000e+01 3.000000000000000000e+01 0.000000000000000000e+00 1.600000000000000089e+00 4.580000000000000195e-04 7.619999999999999820e-04 -1.000000000000000000e+00 3.295589999999999908e-01 9.441349999999999465e-01 8.710000000000000294e-04 9.441349999999999465e-01 -3.295589999999999908e-01 1.810000000000000085e-04
2.000000000000000000e+00 5.800000000000000000e+01 3.100000000000000000e+01 0.000000000000000000e+00 1.600000000000000089e+00 -1.490999999999999921e-03 -1.192900000000000037e-02 9.999280000000000390e-01 -7.985729999999999773e-01 -6.018390000000000128e-01 -8.370000000000000703e-03 6.018959999999999866e-01 -7.985280000000000156e-01 -8.628999999999999518e-03
9.000000000000000000e+00 5.800000000000000000e+01 3.100000000000000000e+01 0.000000000000000000e+00 1.600000000000000089e+00 -2.001999999999999873e-03 -1.797999999999999902e-03 9.999959999999999960e-01 -8.010000000000000453e-01 -5.986590000000000522e-01 -2.680000000000000090e-03 5.986620000000000275e-01 -8.010019999999999918e-01 -2.410000000000000033e-04
1.200000000000000000e+01 5.800000000000000000e+01 3.100000000000000000e+01 0.000000000000000000e+00 1.600000000000000089e+00 -1.539000000000000003e-03 -3.959999999999999762e-04 9.999989999999999712e-01 -8.017619999999999747e-01 -5.976420000000000066e-01 -1.469999999999999953e-03 5.976420000000000066e-01 -8.017630000000000035e-01 6.019999999999999961e-04
1.700000000000000000e+01 5.800000000000000000e+01 3.100000000000000000e+01 0.000000000000000000e+00 1.600000000000000089e+00 3.562000000000000062e-03 -3.449999999999999833e-04 9.999940000000000495e-01 -8.019089999999999829e-01 -5.974409999999999998e-01 2.650000000000000012e-03 5.974359999999999671e-01 -8.019129999999999869e-01 -2.405000000000000020e-03
2.400000000000000000e+01 5.800000000000000000e+01 3.100000000000000000e+01 0.000000000000000000e+00 1.600000000000000089e+00 1.396000000000000105e-03 -1.230000000000000082e-04 9.999989999999999712e-01 -8.046790000000000331e-01 -5.937099999999999600e-01 1.049999999999999935e-03 5.937090000000000423e-01 -8.046790000000000331e-01 -9.280000000000000054e-04
2.900000000000000000e+01 5.800000000000000000e+01 3.100000000000000000e+01 0.000000000000000000e+00 1.600000000000000089e+00 -3.809999999999999910e-04 -1.544999999999999932e-03 9.999989999999999712e-01 -8.057959999999999567e-01 -5.921920000000000517e-01 -1.221999999999999996e-03 5.921929999999999694e-01 -8.057950000000000390e-01 -1.018999999999999941e-03
4.000000000000000000e+00 4.600000000000000000e+01 3.500000000000000000e+01 0.000000000000000000e+00 1.600000000000000089e+00 9.489999999999999738e-04 8.000000000000000167e-03 -9.999679999999999680e-01 3.901850000000000041e-01 -9.207100000000000284e-01 -6.995999999999999615e-03 -9.207359999999999989e-01 -3.901649999999999840e-01 -3.995000000000000287e-03
8.000000000000000000e+00 4.600000000000000000e+01 3.500000000000000000e+01 0.000000000000000000e+00 1.600000000000000089e+00 -1.544999999999999932e-03 7.179999999999999750e-03 -9.999730000000000008e-01 3.914850000000000274e-01 -9.201559999999999739e-01 -7.211999999999999661e-03 -9.201829999999999732e-01 -3.914850000000000274e-01 -1.389000000000000044e-03
1.500000000000000000e+01 4.600000000000000000e+01 3.500000000000000000e+01 0.000000000000000000e+00 1.600000000000000089e+00 4.850000000000000253e-04 -5.115999999999999888e-03 -9.999869999999999592e-01 3.914119999999999822e-01 -9.202029999999999932e-01 4.897999999999999576e-03 -9.202150000000000052e-01 -3.914090000000000069e-01 1.556000000000000091e-03
2.100000000000000000e+01 4.600000000000000000e+01 3.500000000000000000e+01 0.000000000000000000e+00 1.600000000000000089e+00 1.940000000000000101e-03 2.609000000000000208e-03 -9.999949999999999672e-01 3.913170000000000259e-01 -9.202540000000000164e-01 -1.641000000000000097e-03 -9.202540000000000164e-01 -3.913119999999999932e-01 -2.805999999999999901e-03
2.600000000000000000e+01 4.600000000000000000e+01 3.500000000000000000e+01 0.000000000000000000e+00 1.600000000000000089e+00 -5.730000000000000501e-04 -2.684000000000000188e-03 -9.999959999999999960e-01 3.904349999999999765e-01 -9.206280000000000019e-01 2.247999999999999998e-03 -9.206299999999999484e-01 -3.904320000000000013e-01 1.575000000000000011e-03
1.900000000000000000e+01 3.000000000000000000e+00 4.300000000000000000e+01 0.000000000000000000e+00 1.600000000000000089e+00 -1.900999999999999912e-03 6.551999999999999665e-03 -9.999770000000000048e-01 7.328750000000000542e-01 -6.803379999999999983e-01 -5.850000000000000165e-03 -6.803609999999999935e-01 -7.328689999999999927e-01 -3.508999999999999966e-03
2.200000000000000000e+01 3.000000000000000000e+00 4.300000000000000000e+01 0.000000000000000000e+00 1.600000000000000089e+00 -1.185000000000000072e-03 8.867999999999999147e-03 -9.999599999999999600e-01 7.338010000000000366e-01 -6.793289999999999607e-01 -6.893999999999999954e-03 -6.793630000000000502e-01 -7.337799999999999878e-01 -5.702999999999999736e-03
2.800000000000000000e+01 3.000000000000000000e+00 4.300000000000000000e+01 0.000000000000000000e+00 1.600000000000000089e+00 6.600000000000000506e-05 -8.600999999999999271e-03 -9.999630000000000463e-01 7.352009999999999934e-01 -6.778239999999999821e-01 5.878999999999999677e-03 -6.778499999999999526e-01 -7.351739999999999942e-01 6.277999999999999726e-03
1.000000000000000000e+00 2.900000000000000000e+01 4.400000000000000000e+01 0.000000000000000000e+00 1.600000000000000089e+00 -2.250999999999999963e-03 3.586999999999999911e-03 -9.999909999999999632e-01 6.671270000000000255e-01 7.449430000000000218e-01 1.170000000000000033e-03 7.449400000000000466e-01 -6.671190000000000175e-01 -4.069999999999999833e-03
5.000000000000000000e+00 2.900000000000000000e+01 4.400000000000000000e+01 0.000000000000000000e+00 1.600000000000000089e+00 -1.979999999999999989e-03 3.939999999999999926e-03 -9.999900000000000455e-01 6.577450000000000241e-01 7.532389999999999919e-01 1.665000000000000030e-03 7.532379999999999631e-01 -6.577349999999999586e-01 -4.082999999999999824e-03
9.000000000000000000e+00 2.900000000000000000e+01 4.400000000000000000e+01 0.000000000000000000e+00 1.600000000000000089e+00 -1.353000000000000036e-03 2.004999999999999838e-03 -9.999970000000000248e-01 6.544870000000000410e-01 7.560729999999999951e-01 6.300000000000000261e-04 7.560719999999999663e-01 -6.544849999999999834e-01 -2.334999999999999836e-03
1.300000000000000000e+01 2.900000000000000000e+01 4.400000000000000000e+01 0.000000000000000000e+00 1.600000000000000089e+00 1.343999999999999926e-03 1.025000000000000086e-03 -9.999989999999999712e-01 6.601519999999999611e-01 7.511299999999999644e-01 1.657000000000000053e-03 7.511299999999999644e-01 -6.601540000000000186e-01 3.330000000000000169e-04
1.700000000000000000e+01 2.900000000000000000e+01 4.400000000000000000e+01 0.000000000000000000e+00 1.600000000000000089e+00 1.832999999999999994e-03 -3.144000000000000093e-03 -9.999930000000000208e-01 6.607680000000000220e-01 7.505899999999999794e-01 -1.149000000000000065e-03 7.505880000000000329e-01 -6.607610000000000428e-01 3.452999999999999906e-03
2.300000000000000000e+01 2.900000000000000000e+01 4.400000000000000000e+01 0.000000000000000000e+00 1.600000000000000089e+00 2.820000000000000241e-04 -3.591000000000000008e-03 -9.999930000000000208e-01 6.637389999999999679e-01 7.479599999999999582e-01 -2.498999999999999919e-03 7.479649999999999910e-01 -6.637340000000000462e-01 2.595000000000000084e-03
4.000000000000000000e+00 6.500000000000000000e+01 4.600000000000000000e+01 0.000000000000000000e+00 1.600000000000000089e+00 1.103000000000000031e-03 6.840000000000000377e-04 9.999989999999999712e-01 6.801930000000000476e-01 -7.330330000000000457e-01 -2.489999999999999809e-04 7.330320000000000169e-01 6.801930000000000476e-01 -1.273000000000000043e-03
3.000000000000000000e+00 7.000000000000000000e+01 4.700000000000000000e+01 0.000000000000000000e+00 1.600000000000000089e+00 2.337999999999999801e-03 5.120000000000000419e-03 -9.999839999999999840e-01 -8.352610000000000312e-01 -5.498330000000000162e-01 -4.767999999999999669e-03 -5.498480000000000034e-01 8.352589999999999737e-01 2.991000000000000169e-03
1.400000000000000000e+01 7.000000000000000000e+00 5.200000000000000000e+01 0.000000000000000000e+00 1.600000000000000089e+00 -7.479999999999999670e-03 -3.870999999999999875e-03 -9.999649999999999928e-01 1.392500000000000127e-01 -9.902530000000000499e-01 2.792000000000000211e-03 -9.902290000000000258e-01 -1.392239999999999867e-01 7.945999999999999938e-03
5.000000000000000000e+00 6.300000000000000000e+01 5.400000000000000000e+01 0.000000000000000000e+00 1.600000000000000089e+00 8.799999999999999771e-05 9.060000000000000128e-04 1.000000000000000000e+00 -3.530360000000000165e-01 9.356090000000000240e-01 -8.170000000000000179e-04 -9.356100000000000527e-01 -3.530360000000000165e-01 4.029999999999999837e-04
1.000000000000000000e+01 6.300000000000000000e+01 5.400000000000000000e+01 0.000000000000000000e+00 1.600000000000000089e+00 2.259999999999999910e-04 -9.089999999999999773e-04 1.000000000000000000e+00 -3.510510000000000019e-01 9.363559999999999661e-01 9.309999999999999699e-04 -9.363559999999999661e-01 -3.510510000000000019e-01 -1.079999999999999960e-04
1.400000000000000000e+01 6.300000000000000000e+01 5.400000000000000000e+01 0.000000000000000000e+00 1.600000000000000089e+00 1.126999999999999964e-03 3.226999999999999834e-03 9.999940000000000495e-01 -3.470980000000000176e-01 9.378250000000000197e-01 -2.635000000000000189e-03 -9.378279999999999950e-01 -3.470929999999999849e-01 2.177000000000000116e-03
2.000000000000000000e+01 6.300000000000000000e+01 5.400000000000000000e+01 0.000000000000000000e+00 1.600000000000000089e+00 -9.510000000000000224e-04 8.729999999999999696e-04 9.999989999999999712e-01 -3.489630000000000232e-01 9.371359999999999690e-01 -1.149999999999999981e-03 -9.371359999999999690e-01 -3.489639999999999964e-01 -5.860000000000000408e-04
2.500000000000000000e+01 6.300000000000000000e+01 5.400000000000000000e+01 0.000000000000000000e+00 1.600000000000000089e+00 2.044999999999999943e-03 1.007000000000000083e-03 9.999970000000000248e-01 -3.511929999999999774e-01 9.363029999999999964e-01 -2.249999999999999938e-04 -9.363010000000000499e-01 -3.511909999999999754e-01 2.268000000000000051e-03
1.000000000000000000e+00 2.500000000000000000e+01 5.500000000000000000e+01 0.000000000000000000e+00 1.600000000000000089e+00 5.599999999999999916e-05 -3.011999999999999920e-03 -9.999949999999999672e-01 -1.841900000000000134e-02 -9.998259999999999925e-01 3.010000000000000089e-03 -9.998299999999999965e-01 1.841900000000000134e-02 -1.119999999999999983e-04
3.000000000000000000e+00 2.500000000000000000e+01 5.500000000000000000e+01 0.000000000000000000e+00 1.600000000000000089e+00 -4.550000000000000008e-04 1.425000000000000051e-03 -9.999989999999999712e-01 -1.811300000000000063e-02 -9.998350000000000293e-01 -1.417000000000000074e-03 -9.998359999999999470e-01 1.811300000000000063e-02 4.809999999999999823e-04
1.500000000000000000e+01 2.500000000000000000e+01 5.500000000000000000e+01 0.000000000000000000e+00 1.600000000000000089e+00 8.769999999999999584e-04 -2.614000000000000004e-03 -9.999959999999999960e-01 -1.315299999999999976e-02 -9.999099999999999655e-01 2.602000000000000146e-03 -9.999130000000000518e-01 1.315000000000000023e-02 -9.120000000000000502e-04
2.100000000000000000e+01 2.500000000000000000e+01 5.500000000000000000e+01 0.000000000000000000e+00 1.600000000000000089e+00 1.665999999999999946e-03 -4.414999999999999654e-03 -9.999890000000000168e-01 -1.314199999999999917e-02 -9.999040000000000150e-01 4.393000000000000203e-03 -9.999120000000000230e-01 1.313399999999999984e-02 -1.724000000000000055e-03
2.400000000000000000e+01 2.500000000000000000e+01 5.500000000000000000e+01 0.000000000000000000e+00 1.600000000000000089e+00 2.895000000000000004e-03 -5.898999999999999730e-03 -9.999780000000000335e-01 -1.439600000000000081e-02 -9.998789999999999623e-01 5.856000000000000094e-03 -9.998920000000000030e-01 1.437800000000000016e-02 -2.978999999999999877e-03
5.000000000000000000e+00 6.800000000000000000e+01 5.700000000000000000e+01 0.000000000000000000e+00 1.600000000000000089e+00 -6.220000000000000485e-04 -5.558999999999999705e-03 -9.999839999999999840e-01 -2.407640000000000058e-01 -9.705679999999999863e-01 5.544999999999999582e-03 -9.705840000000000023e-01 2.407630000000000048e-01 -7.339999999999999520e-04
2.000000000000000000e+00 2.100000000000000000e+01 6.000000000000000000e+01 0.000000000000000000e+00 1.600000000000000089e+00 -1.201999999999999943e-03 6.899999999999999667e-05 9.999989999999999712e-01 -9.736100000000000310e-02 9.952490000000000503e-01 -1.849999999999999973e-04 -9.952480000000000215e-01 -9.736100000000000310e-02 -1.188999999999999953e-03
5.000000000000000000e+00 2.100000000000000000e+01 6.000000000000000000e+01 0.000000000000000000e+00 1.600000000000000089e+00 -4.240000000000000062e-04 2.739999999999999923e-04 1.000000000000000000e+00 -9.553300000000000680e-02 9.954260000000000330e-01 -3.130000000000000187e-04 -9.954260000000000330e-01 -9.553300000000000680e-02 -3.959999999999999762e-04
1.300000000000000000e+01 2.100000000000000000e+01 6.000000000000000000e+01 0.000000000000000000e+00 1.600000000000000089e+00 -7.950000000000000252e-04 2.403999999999999887e-03 9.999970000000000248e-01 -9.768300000000000594e-02 9.952140000000000430e-01 -2.471000000000000106e-03 -9.952170000000000183e-01 -9.768499999999999406e-02 -5.569999999999999864e-04
2.700000000000000000e+01 6.000000000000000000e+00 6.100000000000000000e+01 0.000000000000000000e+00 1.600000000000000089e+00 -1.269999999999999970e-04 2.915000000000000056e-03 9.999959999999999960e-01 5.667729999999999713e-01 -8.238710000000000200e-01 2.472999999999999938e-03 8.238739999999999952e-01 5.667710000000000248e-01 -1.547999999999999897e-03
1.700000000000000000e+01 3.000000000000000000e+00 6.300000000000000000e+01 0.000000000000000000e+00 1.600000000000000089e+00 6.449999999999999570e-04 -1.338999999999999913e-03 9.999989999999999712e-01 -6.159160000000000190e-01 7.878110000000000390e-01 1.451999999999999949e-03 -7.878119999999999568e-01 -6.159160000000000190e-01 -3.159999999999999832e-04
8.000000000000000000e+00 2.700000000000000000e+01 6.300000000000000000e+01 0.000000000000000000e+00 1.600000000000000089e+00 -2.357999999999999853e-03 8.360000000000000460e-04 9.999970000000000248e-01 -2.726729999999999987e-01 9.621060000000000167e-01 -1.446999999999999936e-03 -9.621039999999999592e-01 -2.726759999999999740e-01 -2.040999999999999846e-03
1.200000000000000000e+01 2.700000000000000000e+01 6.300000000000000000e+01 0.000000000000000000e+00 1.600000000000000089e+00 7.560000000000000530e-04 3.301999999999999814e-03 9.999940000000000495e-01 -2.720500000000000140e-01 9.622779999999999667e-01 -2.971999999999999816e-03 -9.622829999999999995e-01 -2.720469999999999833e-01 1.626000000000000058e-03
1.500000000000000000e+01 2.700000000000000000e+01 6.300000000000000000e+01 0.000000000000000000e+00 1.600000000000000089e+00 1.920999999999999965e-03 3.652999999999999997e-03 9.999909999999999632e-01 -2.685589999999999922e-01 9.632579999999999476e-01 -3.003000000000000027e-03 -9.632610000000000339e-01 -2.685509999999999842e-01 2.831000000000000183e-03
1.800000000000000000e+01 2.700000000000000000e+01 6.300000000000000000e+01 0.000000000000000000e+00 1.600000000000000089e+00 1.778000000000000067e-03 7.689999999999999787e-03 9.999689999999999968e-01 -2.668079999999999896e-01 9.637250000000000538e-01 -6.936999999999999590e-03 -9.637480000000000491e-01 -2.667869999999999964e-01 3.765999999999999816e-03
2.300000000000000000e+01 2.700000000000000000e+01 6.300000000000000000e+01 0.000000000000000000e+00 1.600000000000000089e+00 1.918000000000000000e-03 1.116699999999999984e-02 9.999360000000000470e-01 -2.660449999999999759e-01 9.639060000000000406e-01 -1.025500000000000023e-02 -9.639590000000000103e-01 -2.660080000000000222e-01 4.819999999999999632e-03
2.900000000000000000e+01 2.700000000000000000e+01 6.300000000000000000e+01 0.000000000000000000e+00 1.600000000000000089e+00 -4.009999999999999893e-04 1.025900000000000076e-02 9.999470000000000303e-01 -2.658800000000000052e-01 9.639539999999999775e-01 -9.997000000000000677e-03 -9.640060000000000295e-01 -2.658699999999999952e-01 2.341000000000000199e-03
6.000000000000000000e+00 5.300000000000000000e+01 6.300000000000000000e+01 0.000000000000000000e+00 1.600000000000000089e+00 -1.302959999999999952e-01 7.065540000000000154e-01 6.955609999999999848e-01 4.443230000000000235e-01 -5.855399999999999494e-01 6.780270000000000463e-01 8.863410000000000455e-01 3.973979999999999735e-01 -2.376439999999999941e-01
4.000000000000000000e+00 2.600000000000000000e+01 6.400000000000000000e+01 0.000000000000000000e+00 1.600000000000000089e+00 2.220999999999999884e-03 -2.187999999999999841e-03 9.999949999999999672e-01 -3.559849999999999959e-01 9.344869999999999566e-01 2.835999999999999979e-03 -9.344890000000000141e-01 -3.559889999999999999e-01 1.296999999999999976e-03
9.000000000000000000e+00 2.600000000000000000e+01 6.400000000000000000e+01 0.000000000000000000e+00 1.600000000000000089e+00 -2.010000000000000068e-03 3.944999999999999722e-03 9.999900000000000455e-01 -3.607779999999999876e-01 9.326410000000000533e-01 -4.403999999999999929e-03 -9.326499999999999790e-01 -3.607830000000000203e-01 -4.510000000000000120e-04
1.900000000000000000e+01 2.600000000000000000e+01 6.400000000000000000e+01 0.000000000000000000e+00 1.600000000000000089e+00 1.301999999999999989e-03 7.933000000000000815e-03 9.999679999999999680e-01 -3.505829999999999780e-01 9.365059999999999496e-01 -6.973000000000000032e-03 -9.365310000000000024e-01 -3.505619999999999847e-01 4.001000000000000216e-03
2.300000000000000000e+01 2.600000000000000000e+01 6.400000000000000000e+01 0.000000000000000000e+00 1.600000000000000089e+00 2.207999999999999893e-03 1.052699999999999990e-02 9.999419999999999975e-01 -3.481009999999999938e-01 9.374130000000000518e-01 -9.100000000000000450e-03 -9.374540000000000095e-01 -3.480610000000000093e-01 5.734000000000000381e-03
2.800000000000000000e+01 2.600000000000000000e+01 6.400000000000000000e+01 0.000000000000000000e+00 1.600000000000000089e+00 -1.188999999999999953e-03 1.261100000000000068e-02 9.999200000000000310e-01 -3.441850000000000187e-01 9.388220000000000454e-01 -1.224899999999999947e-02 -9.389009999999999856e-01 -3.441710000000000047e-01 3.223999999999999869e-03
3.000000000000000000e+00 4.300000000000000000e+01 6.400000000000000000e+01 0.000000000000000000e+00 1.600000000000000089e+00 -1.668489999999999973e-01 -9.241030000000000078e-01 -3.437959999999999905e-01 -8.295169999999999488e-01 -5.691999999999999837e-02 5.555729999999999835e-01 -5.329749999999999766e-01 3.778810000000000224e-01 -7.570620000000000127e-01
2.000000000000000000e+00 5.400000000000000000e+01 6.400000000000000000e+01 0.000000000000000000e+00 1.600000000000000089e+00 7.650259999999999838e-01 1.494640000000000135e-01 -6.264150000000000551e-01 -6.438869999999999871e-01 1.957180000000000031e-01 -7.396650000000000169e-01 1.204700000000000042e-02 9.692030000000000367e-01 2.459669999999999912e-01
1.500000000000000000e+01 5.400000000000000000e+01 6.500000000000000000e+01 0.000000000000000000e+00 1.600000000000000089e+00 -3.590110000000000245e-01 -2.913040000000000074e-01 8.867089999999999694e-01 3.239999999999999825e-02 -9.533620000000000427e-01 -3.000840000000000174e-01 9.327710000000000168e-01 -7.900400000000000478e-02 3.517060000000000186e-01
8.000000000000000000e+00 6.900000000000000000e+01 6.600000000000000000e+01 0.000000000000000000e+00 1.600000000000000089e+00 -4.850000000000000253e-04 1.866000000000000037e-03 9.999980000000000535e-01 -9.636500000000000066e-01 2.671660000000000146e-01 -9.659999999999999533e-04 -2.671680000000000166e-01 -9.636489999999999778e-01 1.668999999999999911e-03
1.200000000000000000e+01 6.900000000000000000e+01 6.600000000000000000e+01 0.000000000000000000e+00 1.600000000000000089e+00 -3.821000000000000178e-03 -5.367000000000000243e-03 9.999780000000000335e-01 -9.536109999999999864e-01 3.010349999999999970e-01 -2.027999999999999855e-03 -3.010180000000000078e-01 -9.535979999999999457e-01 -6.268000000000000134e-03
6.000000000000000000e+00 7.000000000000000000e+01 7.200000000000000000e+01 0.000000000000000000e+00 1.600000000000000089e+00 2.517090000000000161e-01 8.230380000000000473e-01 5.091660000000000075e-01 -1.538090000000000013e-01 -4.853990000000000249e-01 8.606570000000000054e-01 9.555029999999999912e-01 -2.949499999999999900e-01 4.410999999999999990e-03
1.000000000000000000e+01 7.000000000000000000e+01 7.200000000000000000e+01 0.000000000000000000e+00 1.600000000000000089e+00 -2.861859999999999959e-01 -9.293829999999999592e-01 2.331209999999999949e-01 -2.372700000000000156e-02 -2.363480000000000025e-01 -9.713789999999999925e-01 9.578799999999999537e-01 -2.835260000000000002e-01 4.558799999999999658e-02
8.000000000000000000e+00 7.700000000000000000e+01 7.200000000000000000e+01 0.000000000000000000e+00 1.600000000000000089e+00 3.136900000000000105e-02 1.801550000000000096e-01 9.831379999999999564e-01 8.680499999999999328e-02 -9.803969999999999629e-01 1.768820000000000114e-01 9.957310000000000327e-01 7.979300000000000281e-02 -4.639200000000000268e-02
9.000000000000000000e+00 2.500000000000000000e+01 7.300000000000000000e+01 0.000000000000000000e+00 1.600000000000000089e+00 1.307000000000000002e-03 -6.732000000000000137e-03 9.999770000000000048e-01 7.549770000000000092e-01 -6.557290000000000063e-01 -5.401000000000000419e-03 6.557500000000000551e-01 7.549660000000000259e-01 4.224999999999999589e-03
1.700000000000000000e+01 2.500000000000000000e+01 7.300000000000000000e+01 0.000000000000000000e+00 1.600000000000000089e+00 -5.360000000000000181e-04 -3.544999999999999974e-03 9.999940000000000495e-01 7.513539999999999663e-01 -6.598969999999999558e-01 -1.936000000000000004e-03 6.598990000000000133e-01 7.513480000000000159e-01 3.017000000000000150e-03
