1.000000000000000000e+00 1.500000000000000000e+01 4.000000000000000000e+00 0.000000000000000000e+00 1.600000000000000089e+00 -2.704999999999999939e-03 2.167300000000000129e-02 9.997610000000000108e-01 2.862560000000000104e-01 -9.579109999999999570e-01 2.154000000000000012e-02 9.581490000000000284e-01 2.862460000000000004e-01 -3.612999999999999892e-03
7.000000000000000000e+00 1.600000000000000000e+01 4.000000000000000000e+00 0.000000000000000000e+00 1.600000000000000089e+00 -3.412999999999999801e-03 2.825599999999999987e-02 9.995950000000000113e-01 3.391830000000000123e-01 -9.403110000000000079e-01 2.773799999999999877e-02 9.407140000000000502e-01 3.391399999999999970e-01 -6.374000000000000325e-03
1.000000000000000000e+01 1.600000000000000000e+01 4.000000000000000000e+00 0.000000000000000000e+00 1.600000000000000089e+00 -1.449999999999999900e-03 3.093500000000000069e-02 9.995199999999999640e-01 3.373860000000000192e-01 -9.409009999999999874e-01 2.961000000000000090e-02 9.413650000000000073e-01 3.372669999999999835e-01 -9.072000000000000203e-03
1.400000000000000000e+01 1.600000000000000000e+01 4.000000000000000000e+00 0.000000000000000000e+00 1.600000000000000089e+00 -2.769999999999999893e-03 2.637099999999999861e-02 9.996479999999999810e-01 3.349989999999999912e-01 -9.418659999999999810e-01 2.577499999999999930e-02 9.422150000000000247e-01 3.349520000000000275e-01 -6.224999999999999631e-03
2.100000000000000000e+01 1.600000000000000000e+01 4.000000000000000000e+00 0.000000000000000000e+00 1.600000000000000089e+00 -2.396000000000000126e-03 1.157900000000000075e-02 9.999299999999999855e-01 3.228570000000000051e-01 -9.463749999999999662e-01 1.173300000000000037e-02 9.464449999999999807e-01 3.228619999999999823e-01 -1.469999999999999953e-03
2.800000000000000000e+01 1.600000000000000000e+01 4.000000000000000000e+00 0.000000000000000000e+00 1.600000000000000089e+00 -4.119999999999999856e-04 1.537700000000000004e-02 9.998820000000000485e-01 3.174939999999999984e-01 -9.481460000000000443e-01 1.471199999999999938e-02 9.482599999999999918e-01 3.174629999999999952e-01 -4.492000000000000333e-03
3.000000000000000000e+00 1.010000000000000000e+02 7.000000000000000000e+00 0.000000000000000000e+00 1.600000000000000089e+00 2.858999999999999996e-03 6.558400000000000341e-02 9.978430000000000355e-01 8.881879999999999775e-01 4.583180000000000032e-01 -3.266800000000000259e-02 -4.594719999999999915e-01 8.863649999999999585e-01 -5.693999999999999756e-02
1.000000000000000000e+01 1.010000000000000000e+02 7.000000000000000000e+00 0.000000000000000000e+00 1.600000000000000089e+00 1.640000000000000019e-04 1.829300000000000023e-02 9.998329999999999718e-01 8.874279999999999946e-01 4.608670000000000266e-01 -8.576999999999999555e-03 -4.609469999999999956e-01 8.872809999999999864e-01 -1.615799999999999875e-02
2.500000000000000000e+01 1.010000000000000000e+02 7.000000000000000000e+00 0.000000000000000000e+00 1.600000000000000089e+00 2.310000000000000042e-04 1.471000000000000085e-03 9.999989999999999712e-01 8.897089999999999721e-01 4.565279999999999894e-01 -8.779999999999999827e-04 -4.565290000000000181e-01 8.897080000000000544e-01 -1.203000000000000076e-03
3.000000000000000000e+00 1.500000000000000000e+01 8.000000000000000000e+00 0.000000000000000000e+00 1.600000000000000089e+00 1.117100000000000037e-02 1.793300000000000102e-02 -9.997770000000000268e-01 -5.774200000000000443e-01 -8.161749999999999838e-01 -2.109099999999999864e-02 -8.163709999999999578e-01 5.775270000000000126e-01 1.237000000000000035e-03
9.000000000000000000e+00 1.500000000000000000e+01 8.000000000000000000e+00 0.000000000000000000e+00 1.600000000000000089e+00 9.929999999999999591e-03 2.637499999999999914e-02 -9.996030000000000193e-01 -5.736329999999999485e-01 -8.186569999999999681e-01 -2.729900000000000035e-02 -8.190520000000000023e-01 5.736759999999999637e-01 7.000000000000000146e-03
1.400000000000000000e+01 1.500000000000000000e+01 8.000000000000000000e+00 0.000000000000000000e+00 1.600000000000000089e+00 1.056900000000000027e-02 2.616399999999999976e-02 -9.996019999999999905e-01 -5.711850000000000538e-01 -8.203599999999999781e-01 -2.751200000000000173e-02 -8.207529999999999548e-01 5.712490000000000068e-01 6.274000000000000063e-03
1.900000000000000000e+01 1.500000000000000000e+01 8.000000000000000000e+00 0.000000000000000000e+00 1.600000000000000089e+00 6.432000000000000217e-03 1.713299999999999892e-02 -9.998329999999999718e-01 -5.677309999999999857e-01 -8.230229999999999491e-01 -1.775499999999999995e-02 -8.231889999999999485e-01 5.677499999999999769e-01 4.433999999999999574e-03
3.000000000000000000e+00 2.600000000000000000e+01 8.000000000000000000e+00 0.000000000000000000e+00 1.600000000000000089e+00 -6.091000000000000060e-03 -1.575599999999999917e-02 -9.998569999999999958e-01 4.118169999999999886e-01 9.111099999999999755e-01 -1.686599999999999905e-02 9.112460000000000004e-01 -4.118609999999999771e-01 9.389999999999999476e-04
8.000000000000000000e+00 2.600000000000000000e+01 8.000000000000000000e+00 0.000000000000000000e+00 1.600000000000000089e+00 -7.769999999999999997e-03 -2.995000000000000093e-02 -9.995209999999999928e-01 4.156699999999999839e-01 9.090049999999999519e-01 -3.046899999999999956e-02 9.094830000000000414e-01 -4.157069999999999932e-01 5.386000000000000162e-03
1.700000000000000000e+01 2.600000000000000000e+01 8.000000000000000000e+00 0.000000000000000000e+00 1.600000000000000089e+00 -6.243000000000000285e-03 -1.135399999999999951e-02 -9.999160000000000270e-01 4.226750000000000229e-01 9.061890000000000223e-01 -1.292800000000000026e-02 9.062599999999999545e-01 -4.227199999999999847e-01 -8.589999999999999546e-04
2.100000000000000000e+01 2.600000000000000000e+01 8.000000000000000000e+00 0.000000000000000000e+00 1.600000000000000089e+00 -4.919999999999999894e-03 -1.081200000000000043e-02 -9.999289999999999567e-01 4.235510000000000108e-01 9.057939999999999880e-01 -1.187799999999999967e-02 9.058589999999999698e-01 -4.235800000000000121e-01 1.230000000000000082e-04
2.600000000000000000e+01 2.600000000000000000e+01 8.000000000000000000e+00 0.000000000000000000e+00 1.600000000000000089e+00 -1.369999999999999961e-04 -6.877000000000000300e-03 -9.999759999999999760e-01 4.233319999999999861e-01 9.059530000000000083e-01 -6.288000000000000186e-03 9.059749999999999748e-01 -4.233230000000000048e-01 2.786999999999999981e-03
1.900000000000000000e+01 1.400000000000000000e+01 9.000000000000000000e+00 0.000000000000000000e+00 1.600000000000000089e+00 6.589000000000000239e-03 1.943800000000000042e-02 -9.997890000000000388e-01 -5.613479999999999581e-01 -8.273439999999999683e-01 -1.978399999999999950e-02 -8.275540000000000118e-01 5.613599999999999701e-01 5.459999999999999576e-03
2.500000000000000000e+01 1.400000000000000000e+01 9.000000000000000000e+00 0.000000000000000000e+00 1.600000000000000089e+00 4.758000000000000076e-03 1.249899999999999969e-02 -9.999109999999999943e-01 -5.594900000000000428e-01 -8.287349999999999994e-01 -1.302200000000000059e-02 -8.288240000000000052e-01 5.595020000000000548e-01 3.050000000000000194e-03
7.000000000000000000e+00 2.400000000000000000e+01 9.000000000000000000e+00 0.000000000000000000e+00 1.600000000000000089e+00 -8.333000000000000129e-03 -3.063099999999999851e-02 -9.994960000000000511e-01 4.695019999999999749e-01 8.823879999999999502e-01 -3.095600000000000088e-02 8.828920000000000101e-01 -4.695239999999999969e-01 7.028000000000000393e-03
1.300000000000000000e+01 2.400000000000000000e+01 9.000000000000000000e+00 0.000000000000000000e+00 1.600000000000000089e+00 -9.332999999999999283e-03 -2.466300000000000089e-02 -9.996519999999999850e-01 4.762859999999999872e-01 8.789019999999999611e-01 -2.613000000000000045e-02 8.792410000000000503e-01 -4.763649999999999829e-01 3.543999999999999841e-03
1.000000000000000000e+00 4.000000000000000000e+00 1.100000000000000000e+01 0.000000000000000000e+00 1.600000000000000089e+00 1.608000000000000054e-03 2.574399999999999952e-02 -9.996669999999999723e-01 1.748190000000000022e-01 9.842670000000000030e-01 2.562800000000000147e-02 9.845990000000000020e-01 -1.748020000000000129e-01 -2.918000000000000021e-03
1.000000000000000000e+01 3.100000000000000000e+01 1.200000000000000000e+01 0.000000000000000000e+00 1.600000000000000089e+00 -1.111999999999999924e-03 -6.492999999999999640e-03 9.999780000000000335e-01 -2.345399999999999915e-02 9.997040000000000370e-01 6.465000000000000260e-03 -9.997239999999999460e-01 -2.344699999999999909e-02 -1.263999999999999933e-03
3.000000000000000000e+00 3.500000000000000000e+01 1.200000000000000000e+01 0.000000000000000000e+00 1.600000000000000089e+00 2.080999999999999951e-03 -2.795000000000000175e-03 -9.999940000000000495e-01 4.957659999999999845e-01 -8.684490000000000265e-01 3.458999999999999835e-03 -8.684539999999999482e-01 -4.957699999999999885e-01 -4.209999999999999875e-04
7.000000000000000000e+00 3.500000000000000000e+01 1.200000000000000000e+01 0.000000000000000000e+00 1.600000000000000089e+00 -2.184999999999999876e-03 -2.295000000000000165e-03 -9.999949999999999672e-01 4.932159999999999878e-01 -8.699059999999999571e-01 9.190000000000000035e-04 -8.699040000000000106e-01 -4.932119999999999838e-01 3.033000000000000106e-03
1.200000000000000000e+01 3.500000000000000000e+01 1.200000000000000000e+01 0.000000000000000000e+00 1.600000000000000089e+00 -2.432000000000000134e-03 -2.611000000000000040e-03 -9.999940000000000495e-01 4.829709999999999837e-01 -8.756359999999999699e-01 1.111000000000000008e-03 -8.756329999999999947e-01 -4.829649999999999777e-01 3.390999999999999917e-03
2.100000000000000000e+01 3.500000000000000000e+01 1.200000000000000000e+01 0.000000000000000000e+00 1.600000000000000089e+00 2.944000000000000002e-03 8.050000000000000515e-04 -9.999949999999999672e-01 4.671339999999999937e-01 -8.841860000000000275e-01 6.639999999999999852e-04 -8.841809999999999947e-01 -4.671339999999999937e-01 -2.978999999999999877e-03
2.700000000000000000e+01 3.500000000000000000e+01 1.200000000000000000e+01 0.000000000000000000e+00 1.600000000000000089e+00 -1.991999999999999847e-03 -5.529999999999999976e-04 -9.999980000000000535e-01 4.606689999999999952e-01 -8.875720000000000276e-01 -4.260000000000000006e-04 -8.875699999999999701e-01 -4.606689999999999952e-01 2.023000000000000059e-03
6.000000000000000000e+00 3.000000000000000000e+00 1.300000000000000000e+01 0.000000000000000000e+00 1.600000000000000089e+00 2.382000000000000003e-03 4.533199999999999730e-02 9.989689999999999959e-01 -1.995299999999999851e-02 9.987749999999999684e-01 -4.527500000000000274e-02 -9.997979999999999645e-01 -1.982499999999999887e-02 3.282999999999999894e-03
4.000000000000000000e+00 3.200000000000000000e+01 1.400000000000000000e+01 0.000000000000000000e+00 1.600000000000000089e+00 1.582999999999999989e-03 5.081999999999999712e-03 -9.999860000000000415e-01 1.115389999999999993e-01 9.937460000000000182e-01 5.226999999999999875e-03 9.937589999999999479e-01 -1.115460000000000063e-01 1.007000000000000083e-03
2.900000000000000000e+01 3.200000000000000000e+01 1.400000000000000000e+01 0.000000000000000000e+00 1.600000000000000089e+00 3.142999999999999960e-03 -6.299999999999999990e-05 -9.999949999999999672e-01 1.091310000000000058e-01 9.940269999999999939e-01 2.799999999999999755e-04 9.940219999999999612e-01 -1.091310000000000058e-01 3.131000000000000102e-03
1.000000000000000000e+00 1.200000000000000000e+01 1.500000000000000000e+01 0.000000000000000000e+00 1.600000000000000089e+00 7.912000000000000630e-03 1.525499999999999946e-02 -9.998519999999999630e-01 -4.686119999999999730e-01 -8.832370000000000498e-01 -1.718400000000000136e-02 -8.833689999999999598e-01 4.686779999999999835e-01 1.610000000000000103e-04
4.000000000000000000e+00 1.200000000000000000e+01 1.500000000000000000e+01 0.000000000000000000e+00 1.600000000000000089e+00 8.500999999999999876e-03 1.747399999999999995e-02 -9.998110000000000053e-01 -4.682109999999999883e-01 -8.834030000000000493e-01 -1.941999999999999976e-02 -8.835760000000000280e-01 4.682870000000000088e-01 6.710000000000000469e-04
1.000000000000000000e+01 1.200000000000000000e+01 1.500000000000000000e+01 0.000000000000000000e+00 1.600000000000000089e+00 7.337999999999999905e-03 1.682700000000000168e-02 -9.998310000000000253e-01 -4.693620000000000014e-01 -8.828160000000000451e-01 -1.830299999999999983e-02 -8.829749999999999543e-01 4.694169999999999732e-01 1.420000000000000038e-03
1.400000000000000000e+01 1.200000000000000000e+01 1.500000000000000000e+01 0.000000000000000000e+00 1.600000000000000089e+00 7.492999999999999661e-03 1.383500000000000008e-02 -9.998759999999999870e-01 -4.686270000000000158e-01 -8.832560000000000411e-01 -1.573300000000000046e-02 -8.833640000000000381e-01 4.686870000000000203e-01 -1.350000000000000017e-04
3.000000000000000000e+01 1.200000000000000000e+01 1.500000000000000000e+01 0.000000000000000000e+00 1.600000000000000089e+00 2.612999999999999871e-03 -9.520000000000000467e-04 -9.999959999999999960e-01 -4.634260000000000046e-01 -8.861360000000000348e-01 -3.680000000000000003e-04 -8.861320000000000308e-01 4.634249999999999758e-01 -2.756999999999999902e-03
2.400000000000000000e+01 1.160000000000000000e+02 1.600000000000000000e+01 0.000000000000000000e+00 1.600000000000000089e+00 -2.069000000000000093e-03 -3.720000000000000216e-03 9.999909999999999632e-01 6.790629999999999722e-01 7.340689999999999715e-01 4.135999999999999920e-03 -7.340769999999999795e-01 6.790650000000000297e-01 1.007000000000000083e-03
1.000000000000000000e+01 2.000000000000000000e+00 1.900000000000000000e+01 0.000000000000000000e+00 1.600000000000000089e+00 1.062999999999999926e-03 1.899599999999999900e-02 -9.998190000000000133e-01 1.617329999999999879e-01 -9.866599999999999815e-01 -1.857400000000000023e-02 -9.868339999999999890e-01 -1.616839999999999944e-01 -4.120999999999999663e-03
1.700000000000000000e+01 2.000000000000000000e+00 1.900000000000000000e+01 0.000000000000000000e+00 1.600000000000000089e+00 2.880999999999999880e-03 2.200999999999999832e-03 -9.999930000000000208e-01 1.397690000000000043e-01 -9.901830000000000354e-01 -1.776999999999999934e-03 -9.901799999999999491e-01 -1.397629999999999983e-01 -3.160000000000000048e-03
2.800000000000000000e+01 2.000000000000000000e+00 1.900000000000000000e+01 0.000000000000000000e+00 1.600000000000000089e+00 2.967000000000000019e-03 -4.271999999999999756e-03 -9.999860000000000415e-01 1.290290000000000048e-01 -9.916300000000000114e-01 4.618999999999999842e-03 -9.916359999999999619e-01 -1.290409999999999890e-01 -2.390999999999999896e-03
4.000000000000000000e+00 1.300000000000000000e+01 2.000000000000000000e+01 0.000000000000000000e+00 1.600000000000000089e+00 -2.468000000000000142e-03 -7.934999999999999346e-03 9.999660000000000215e-01 2.539259999999999851e-01 9.671880000000000477e-01 8.302000000000000351e-03 -9.672199999999999687e-01 2.539379999999999971e-01 -3.719999999999999891e-04
8.000000000000000000e+00 1.300000000000000000e+01 2.000000000000000000e+01 0.000000000000000000e+00 1.600000000000000089e+00 -2.380999999999999870e-03 -9.081000000000000530e-03 9.999559999999999560e-01 2.545649999999999857e-01 9.670100000000000362e-01 9.388000000000000511e-03 -9.670530000000000515e-01 2.545760000000000245e-01 1.000000000000000082e-05
1.100000000000000000e+01 1.300000000000000000e+01 2.000000000000000000e+01 0.000000000000000000e+00 1.600000000000000089e+00 -1.376000000000000053e-03 -8.236000000000000265e-03 9.999649999999999928e-01 2.547240000000000060e-01 9.669780000000000042e-01 8.314999999999999475e-03 -9.670130000000000114e-01 2.547260000000000080e-01 7.680000000000000195e-04
1.600000000000000000e+01 1.300000000000000000e+01 2.000000000000000000e+01 0.000000000000000000e+00 1.600000000000000089e+00 1.699999999999999905e-03 1.649999999999999991e-04 9.999989999999999712e-01 2.521720000000000073e-01 9.676820000000000421e-01 -5.879999999999999810e-04 -9.676810000000000134e-01 2.521729999999999805e-01 1.603000000000000041e-03
2.100000000000000000e+01 1.300000000000000000e+01 2.000000000000000000e+01 0.000000000000000000e+00 1.600000000000000089e+00 2.325999999999999943e-03 4.721999999999999635e-03 9.999860000000000415e-01 2.493750000000000133e-01 9.683929999999999483e-01 -5.152999999999999595e-03 -9.684040000000000425e-01 2.493829999999999936e-01 1.075000000000000001e-03
2.900000000000000000e+01 1.300000000000000000e+01 2.000000000000000000e+01 0.000000000000000000e+00 1.600000000000000089e+00 1.087000000000000076e-03 -1.407999999999999963e-03 9.999980000000000535e-01 2.476349999999999940e-01 9.688529999999999642e-01 1.095000000000000053e-03 -9.688529999999999642e-01 2.476329999999999920e-01 1.402000000000000034e-03
7.000000000000000000e+00 1.600000000000000000e+01 2.100000000000000000e+01 0.000000000000000000e+00 1.600000000000000089e+00 -2.811000000000000131e-03 -8.113000000000000420e-03 9.999630000000000463e-01 3.014089999999999825e-01 9.534559999999999702e-01 8.583000000000000351e-03 -9.534909999999999775e-01 3.014220000000000232e-01 -2.349999999999999930e-04
1.300000000000000000e+01 1.600000000000000000e+01 2.100000000000000000e+01 0.000000000000000000e+00 1.600000000000000089e+00 -6.610000000000000207e-04 -4.269000000000000225e-03 9.999909999999999632e-01 3.026429999999999954e-01 9.530939999999999968e-01 4.269000000000000225e-03 -9.531039999999999512e-01 3.026429999999999954e-01 6.620000000000000450e-04
1.700000000000000000e+01 1.600000000000000000e+01 2.100000000000000000e+01 0.000000000000000000e+00 1.600000000000000089e+00 2.204999999999999929e-03 8.814000000000000654e-03 9.999590000000000423e-01 3.025829999999999909e-01 9.530800000000000383e-01 -9.067999999999999672e-03 -9.531209999999999960e-01 3.025900000000000256e-01 -5.659999999999999884e-04
1.000000000000000000e+00 3.000000000000000000e+00 2.500000000000000000e+01 0.000000000000000000e+00 1.600000000000000089e+00 4.327000000000000117e-03 2.036999999999999922e-02 9.997829999999999773e-01 1.898800000000000140e-02 -9.996140000000000025e-01 2.028500000000000095e-02 9.998099999999999765e-01 1.889599999999999960e-02 -4.713000000000000175e-03
6.000000000000000000e+00 4.600000000000000000e+01 2.700000000000000000e+01 0.000000000000000000e+00 1.600000000000000089e+00 -8.319999999999999488e-04 -2.420000000000000005e-04 -1.000000000000000000e+00 6.692909999999999693e-01 7.429999999999999938e-01 -7.370000000000000249e-04 7.429999999999999938e-01 -6.692919999999999980e-01 -4.560000000000000251e-04
1.400000000000000000e+01 4.600000000000000000e+01 2.700000000000000000e+01 0.000000000000000000e+00 1.600000000000000089e+00 -2.703000000000000107e-03 -1.420000000000000038e-03 -9.999949999999999672e-01 6.670009999999999550e-01 7.450510000000000188e-01 -2.860999999999999828e-03 7.450520000000000476e-01 -6.670059999999999878e-01 -1.067000000000000023e-03
2.000000000000000000e+01 4.600000000000000000e+01 2.700000000000000000e+01 0.000000000000000000e+00 1.600000000000000089e+00 -3.020000000000000223e-04 5.810000000000000277e-04 -1.000000000000000000e+00 6.627450000000000285e-01 7.488449999999999829e-01 2.349999999999999930e-04 7.488449999999999829e-01 -6.627450000000000285e-01 -6.109999999999999980e-04
2.800000000000000000e+01 4.600000000000000000e+01 2.700000000000000000e+01 0.000000000000000000e+00 1.600000000000000089e+00 1.046999999999999971e-03 1.446000000000000020e-03 -9.999980000000000535e-01 6.680500000000000327e-01 7.441140000000000532e-01 1.775000000000000102e-03 7.441159999999999997e-01 -6.680509999999999504e-01 -1.869999999999999917e-04
1.300000000000000000e+01 4.600000000000000000e+01 3.000000000000000000e+01 0.000000000000000000e+00 1.600000000000000089e+00 -1.569999999999999998e-03 -2.469999999999999973e-03 -9.999959999999999960e-01 3.280100000000000238e-01 9.446700000000000097e-01 -2.848999999999999970e-03 9.446729999999999849e-01 -3.280139999999999723e-01 -6.729999999999999871e-04
1.600000000000000000e+01 4.600000000000000000e+01 3.000000000000000000e+01 0.000000000000000000e+00 1.600000000000000089e+00 -2.886000000000000110e-03 -1.603999999999999957e-03 -9.999949999999999672e-01 3.265919999999999934e-01 9.451619999999999466e-01 -2.458000000000000115e-03 9.451610000000000289e-01 -3.265970000000000262e-01 -2.203999999999999796e-03
3.000000000000000000e+00 5.800000000000000000e+01 3.100000000000000000e+01 0.000000000000000000e+00 1.600000000000000089e+00 9.399999999999999719e-04 4.926999999999999956e-03 9.999869999999999592e-01 -7.652750000000000385e-01 -6.436920000000000419e-01 3.890999999999999927e-03 6.437030000000000252e-01 -7.652689999999999770e-01 3.164999999999999845e-03
1.100000000000000000e+01 5.800000000000000000e+01 3.100000000000000000e+01 0.000000000000000000e+00 1.600000000000000089e+00 7.604999999999999781e-03 -2.100000000000000087e-04 9.999710000000000543e-01 -7.612590000000000190e-01 -6.484229999999999716e-01 5.653000000000000039e-03 6.484029999999999516e-01 -7.612799999999999567e-01 -5.091000000000000039e-03
1.500000000000000000e+01 5.800000000000000000e+01 3.100000000000000000e+01 0.000000000000000000e+00 1.600000000000000089e+00 4.250000000000000305e-03 9.043000000000000690e-03 9.999500000000000055e-01 -7.580480000000000551e-01 -6.521350000000000202e-01 9.119999999999999635e-03 6.521850000000000147e-01 -7.580489999999999728e-01 4.082999999999999824e-03
2.000000000000000000e+01 5.800000000000000000e+01 3.100000000000000000e+01 0.000000000000000000e+00 1.600000000000000089e+00 -4.836000000000000021e-03 -3.664999999999999855e-03 9.999820000000000375e-01 -7.623210000000000264e-01 -6.471710000000000518e-01 -6.058000000000000017e-03 6.471810000000000063e-01 -7.623360000000000136e-01 3.359999999999999814e-04
2.300000000000000000e+01 5.800000000000000000e+01 3.100000000000000000e+01 0.000000000000000000e+00 1.600000000000000089e+00 -2.909000000000000127e-03 -9.759999999999999796e-04 9.999949999999999672e-01 -7.645669999999999966e-01 -6.445380000000000553e-01 -2.854000000000000200e-03 6.445370000000000266e-01 -7.645720000000000294e-01 1.129000000000000012e-03
1.400000000000000000e+01 6.000000000000000000e+00 3.200000000000000000e+01 0.000000000000000000e+00 1.600000000000000089e+00 3.383000000000000156e-03 -1.549000000000000030e-03 -9.999930000000000208e-01 2.068450000000000011e-01 9.783730000000000482e-01 -8.149999999999999693e-04 9.783680000000000154e-01 -2.068409999999999971e-01 3.631000000000000113e-03
2.300000000000000000e+01 6.000000000000000000e+00 3.200000000000000000e+01 0.000000000000000000e+00 1.600000000000000089e+00 -1.778000000000000067e-03 5.959999999999999586e-04 -9.999980000000000535e-01 2.200950000000000129e-01 9.754779999999999562e-01 1.900000000000000105e-04 9.754770000000000385e-01 -2.200940000000000119e-01 -1.864999999999999904e-03
1.000000000000000000e+00 4.600000000000000000e+01 3.500000000000000000e+01 0.000000000000000000e+00 1.600000000000000089e+00 -2.109999999999999896e-03 1.913999999999999903e-03 -9.999959999999999960e-01 3.854949999999999766e-01 -9.227060000000000262e-01 -2.579999999999999828e-03 -9.227079999999999727e-01 -3.854980000000000073e-01 1.209000000000000005e-03
9.000000000000000000e+00 4.600000000000000000e+01 3.500000000000000000e+01 0.000000000000000000e+00 1.600000000000000089e+00 -8.140000000000000534e-04 4.151000000000000176e-03 -9.999909999999999632e-01 3.848539999999999739e-01 -9.229680000000000106e-01 -4.145000000000000247e-03 -9.229770000000000474e-01 -3.848539999999999739e-01 -8.459999999999999638e-04
1.700000000000000000e+01 4.600000000000000000e+01 3.500000000000000000e+01 0.000000000000000000e+00 1.600000000000000089e+00 2.017999999999999829e-03 -1.128000000000000096e-03 -9.999970000000000248e-01 3.865049999999999875e-01 -9.222860000000000502e-01 1.820000000000000003e-03 -9.222850000000000215e-01 -3.865069999999999895e-01 -1.425000000000000051e-03
2.200000000000000000e+01 4.600000000000000000e+01 3.500000000000000000e+01 0.000000000000000000e+00 1.600000000000000089e+00 6.279999999999999775e-04 -3.969999999999999571e-03 -9.999919999999999920e-01 3.853820000000000023e-01 -9.227490000000000414e-01 3.906000000000000184e-03 -9.227570000000000494e-01 -3.853809999999999736e-01 9.510000000000000224e-04
2.600000000000000000e+01 4.600000000000000000e+01 3.500000000000000000e+01 0.000000000000000000e+00 1.600000000000000089e+00 -7.929999999999999766e-04 1.799000000000000035e-03 -9.999980000000000535e-01 3.853849999999999776e-01 -9.227539999999999631e-01 -1.965000000000000167e-03 -9.227549999999999919e-01 -3.853860000000000063e-01 3.800000000000000209e-05
2.800000000000000000e+01 4.600000000000000000e+01 3.500000000000000000e+01 0.000000000000000000e+00 1.600000000000000089e+00 -1.044999999999999922e-03 1.788000000000000093e-03 -9.999980000000000535e-01 3.850359999999999894e-01 -9.228990000000000249e-01 -2.052000000000000005e-03 -9.229009999999999714e-01 -3.850370000000000181e-01 2.759999999999999867e-04
6.000000000000000000e+00 9.500000000000000000e+01 3.600000000000000000e+01 0.000000000000000000e+00 1.600000000000000089e+00 2.037000000000000182e-03 9.258299999999999863e-02 9.957030000000000047e-01 9.978409999999999780e-01 6.517299999999999482e-02 -8.101000000000000562e-03 -6.564300000000000690e-02 9.935699999999999532e-01 -9.225099999999999967e-02
1.000000000000000000e+01 9.500000000000000000e+01 3.600000000000000000e+01 0.000000000000000000e+00 1.600000000000000089e+00 3.996000000000000420e-03 8.733100000000000585e-02 9.961710000000000287e-01 9.970029999999999726e-01 7.661999999999999367e-02 -1.071599999999999983e-02 -7.726299999999999835e-02 9.932279999999999998e-01 -8.676300000000000678e-02
1.500000000000000000e+01 9.500000000000000000e+01 3.600000000000000000e+01 0.000000000000000000e+00 1.600000000000000089e+00 2.008999999999999935e-03 2.973900000000000154e-02 9.995560000000000000e-01 9.970290000000000541e-01 7.691099999999999326e-02 -4.291999999999999808e-03 -7.700500000000000400e-02 9.965939999999999799e-01 -2.949600000000000138e-02
2.100000000000000000e+01 9.500000000000000000e+01 3.600000000000000000e+01 0.000000000000000000e+00 1.600000000000000089e+00 2.941000000000000038e-03 -2.180800000000000100e-02 9.997580000000000355e-01 9.965089999999999781e-01 8.348400000000000265e-02 -1.110000000000000092e-03 -8.343899999999999928e-02 9.962699999999999889e-01 2.197800000000000101e-02
2.500000000000000000e+01 9.500000000000000000e+01 3.600000000000000000e+01 0.000000000000000000e+00 1.600000000000000089e+00 1.015000000000000060e-03 -1.070600000000000024e-02 9.999419999999999975e-01 9.960010000000000252e-01 8.933900000000000174e-02 -5.399999999999999798e-05 -8.933299999999999574e-02 9.959440000000000515e-01 1.075399999999999967e-02
3.000000000000000000e+01 9.500000000000000000e+01 3.600000000000000000e+01 0.000000000000000000e+00 1.600000000000000089e+00 9.190999999999999517e-03 1.640700000000000144e-02 9.998230000000000173e-01 9.959630000000000427e-01 8.913200000000000289e-02 -1.061800000000000070e-02 -8.928999999999999437e-02 9.958850000000000202e-01 -1.552100000000000007e-02
3.000000000000000000e+00 3.000000000000000000e+00 4.300000000000000000e+01 0.000000000000000000e+00 1.600000000000000089e+00 2.631000000000000092e-03 -3.644999999999999803e-03 -9.999900000000000455e-01 7.423720000000000319e-01 -6.699730000000000407e-01 4.394999999999999601e-03 -6.699819999999999665e-01 -7.423769999999999536e-01 9.430000000000000448e-04
8.000000000000000000e+00 3.000000000000000000e+00 4.300000000000000000e+01 0.000000000000000000e+00 1.600000000000000089e+00 -6.260000000000000373e-04 -2.701900000000000135e-02 -9.996350000000000513e-01 7.394009999999999749e-01 -6.730319999999999636e-01 1.772900000000000170e-02 -6.732650000000000023e-01 -7.391199999999999992e-01 2.039900000000000047e-02
1.900000000000000000e+01 3.000000000000000000e+00 4.300000000000000000e+01 0.000000000000000000e+00 1.600000000000000089e+00 7.668999999999999602e-03 3.709599999999999703e-02 -9.992820000000000036e-01 7.425230000000000441e-01 -6.695459999999999745e-01 -1.915700000000000042e-02 -6.697760000000000380e-01 -7.418430000000000302e-01 -3.268000000000000071e-02
2.300000000000000000e+01 3.000000000000000000e+00 4.300000000000000000e+01 0.000000000000000000e+00 1.600000000000000089e+00 8.760999999999999691e-03 4.720499999999999696e-02 -9.988470000000000404e-01 7.405019999999999936e-01 -6.715799999999999548e-01 -2.524300000000000155e-02 -6.719969999999999555e-01 -7.394269999999999454e-01 -4.083900000000000030e-02
2.800000000000000000e+01 3.000000000000000000e+00 4.300000000000000000e+01 0.000000000000000000e+00 1.600000000000000089e+00 1.985999999999999918e-03 3.911099999999999993e-02 -9.992330000000000378e-01 7.352629999999999999e-01 -6.773190000000000044e-01 -2.504899999999999835e-02 -6.777790000000000203e-01 -7.346489999999999965e-01 -3.010200000000000028e-02
2.000000000000000000e+00 8.000000000000000000e+00 4.400000000000000000e+01 0.000000000000000000e+00 1.600000000000000089e+00 1.240000000000000000e-03 1.482000000000000027e-03 9.999980000000000535e-01 -7.684569999999999457e-01 -6.398979999999999668e-01 1.902000000000000045e-03 6.399000000000000243e-01 -7.684579999999999744e-01 3.449999999999999833e-04
1.200000000000000000e+01 8.000000000000000000e+00 4.400000000000000000e+01 0.000000000000000000e+00 1.600000000000000089e+00 -1.712999999999999896e-03 -1.763999999999999943e-03 9.999970000000000248e-01 -7.647059999999999969e-01 -6.443740000000000023e-01 -2.446999999999999956e-03 6.443769999999999776e-01 -7.647080000000000544e-01 -2.449999999999999921e-04
1.800000000000000000e+01 8.000000000000000000e+00 4.400000000000000000e+01 0.000000000000000000e+00 1.600000000000000089e+00 1.060000000000000016e-04 7.479000000000000405e-03 9.999719999999999720e-01 -7.705910000000000259e-01 -6.373109999999999609e-01 4.849000000000000012e-03 6.373299999999999521e-01 -7.705699999999999772e-01 5.695999999999999674e-03
2.000000000000000000e+00 2.900000000000000000e+01 4.400000000000000000e+01 0.000000000000000000e+00 1.600000000000000089e+00 -4.386000000000000142e-03 -5.675999999999999622e-03 -9.999740000000000295e-01 6.577039999999999553e-01 7.532419999999999671e-01 -7.160999999999999831e-03 7.532630000000000159e-01 -6.577190000000000536e-01 4.290000000000000193e-04
9.000000000000000000e+00 2.900000000000000000e+01 4.400000000000000000e+01 0.000000000000000000e+00 1.600000000000000089e+00 6.269999999999999532e-04 1.874000000000000015e-03 -9.999980000000000535e-01 6.706879999999999509e-01 7.417380000000000084e-01 1.809999999999999977e-03 7.417399999999999549e-01 -6.706870000000000331e-01 -7.919999999999999523e-04
1.300000000000000000e+01 2.900000000000000000e+01 4.400000000000000000e+01 0.000000000000000000e+00 1.600000000000000089e+00 1.366000000000000027e-03 2.550999999999999882e-03 -9.999959999999999960e-01 6.783639999999999670e-01 7.347209999999999575e-01 2.801000000000000104e-03 7.347249999999999615e-01 -6.783649999999999958e-01 -7.269999999999999987e-04
1.800000000000000000e+01 2.900000000000000000e+01 4.400000000000000000e+01 0.000000000000000000e+00 1.600000000000000089e+00 1.397999999999999937e-03 -2.279000000000000210e-03 -9.999959999999999960e-01 6.831939999999999680e-01 7.302359999999999962e-01 -7.089999999999999948e-04 7.302349999999999675e-01 -6.831909999999999927e-01 2.576999999999999864e-03
2.700000000000000000e+01 2.900000000000000000e+01 4.400000000000000000e+01 0.000000000000000000e+00 1.600000000000000089e+00 -4.760000000000000234e-04 9.049999999999999885e-04 -9.999989999999999712e-01 6.723510000000000320e-01 7.402330000000000298e-01 3.490000000000000263e-04 7.402320000000000011e-01 -6.723500000000000032e-01 -9.610000000000000486e-04
5.000000000000000000e+00 5.400000000000000000e+01 4.600000000000000000e+01 0.000000000000000000e+00 1.600000000000000089e+00 -1.435999999999999993e-03 -2.938000000000000073e-03 9.999949999999999672e-01 3.035229999999999873e-01 -9.528210000000000290e-01 -2.363000000000000083e-03 9.528229999999999755e-01 3.035180000000000100e-01 2.259999999999999856e-03
2.600000000000000000e+01 5.400000000000000000e+01 4.600000000000000000e+01 0.000000000000000000e+00 1.600000000000000089e+00 3.040999999999999866e-03 1.905000000000000009e-03 9.999940000000000495e-01 3.195029999999999815e-01 -9.475850000000000106e-01 8.339999999999999974e-04 9.475810000000000066e-01 3.194980000000000042e-01 -3.490000000000000047e-03
1.100000000000000000e+01 6.500000000000000000e+01 4.600000000000000000e+01 0.000000000000000000e+00 1.600000000000000089e+00 3.212000000000000011e-03 -2.693000000000000081e-03 9.999909999999999632e-01 6.826630000000000198e-01 -7.307209999999999539e-01 -4.160999999999999768e-03 7.307259999999999867e-01 6.826710000000000278e-01 -5.090000000000000123e-04
2.000000000000000000e+01 6.500000000000000000e+01 4.600000000000000000e+01 0.000000000000000000e+00 1.600000000000000089e+00 1.955999999999999839e-03 -1.219999999999999974e-04 9.999980000000000535e-01 6.808300000000000463e-01 -7.324410000000000087e-01 -1.420999999999999954e-03 7.324389999999999512e-01 6.808309999999999640e-01 -1.350000000000000071e-03
8.000000000000000000e+00 7.000000000000000000e+01 4.700000000000000000e+01 0.000000000000000000e+00 1.600000000000000089e+00 -3.759999999999999779e-04 2.060000000000000199e-03 -9.999980000000000535e-01 -8.388809999999999878e-01 -5.443139999999999645e-01 -8.059999999999999673e-04 -5.443149999999999933e-01 8.388790000000000413e-01 1.933000000000000039e-03
1.100000000000000000e+01 7.000000000000000000e+01 4.700000000000000000e+01 0.000000000000000000e+00 1.600000000000000089e+00 -2.273999999999999980e-03 -2.024000000000000191e-03 -9.999949999999999672e-01 -8.409839999999999538e-01 -5.410509999999999486e-01 3.007000000000000124e-03 -5.410549999999999526e-01 8.409870000000000401e-01 -4.719999999999999803e-04
1.600000000000000000e+01 1.150000000000000000e+02 5.100000000000000000e+01 0.000000000000000000e+00 1.600000000000000089e+00 -2.394999999999999993e-03 -6.479000000000000384e-03 9.999759999999999760e-01 8.420760000000000467e-01 -5.393580000000000041e-01 -1.477000000000000014e-03 5.393540000000000001e-01 8.420520000000000227e-01 6.747999999999999658e-03
6.000000000000000000e+00 7.000000000000000000e+00 5.200000000000000000e+01 0.000000000000000000e+00 1.600000000000000089e+00 -1.298700000000000028e-02 -7.931999999999999815e-03 -9.998839999999999950e-01 1.127520000000000050e-01 -9.936019999999999852e-01 6.416999999999999961e-03 -9.935380000000000322e-01 -1.126560000000000061e-01 1.379900000000000050e-02
2.000000000000000000e+00 1.500000000000000000e+01 5.300000000000000000e+01 0.000000000000000000e+00 1.600000000000000089e+00 -4.530000000000000064e-04 9.950000000000000077e-04 -9.999989999999999712e-01 6.771730000000000249e-01 7.358240000000000336e-01 4.260000000000000006e-04 7.358230000000000048e-01 -6.771730000000000249e-01 -1.007000000000000083e-03
1.000000000000000000e+00 6.300000000000000000e+01 5.400000000000000000e+01 0.000000000000000000e+00 1.600000000000000089e+00 4.650000000000000270e-04 -4.029999999999999837e-04 1.000000000000000000e+00 -3.539510000000000156e-01 9.352639999999999842e-01 5.419999999999999471e-04 -9.352639999999999842e-01 -3.539519999999999889e-01 2.930000000000000204e-04
6.000000000000000000e+00 6.300000000000000000e+01 5.400000000000000000e+01 0.000000000000000000e+00 1.600000000000000089e+00 -1.079000000000000098e-03 -1.152999999999999945e-03 9.999989999999999712e-01 -3.570499999999999785e-01 9.340850000000000541e-01 6.920000000000000153e-04 -9.340850000000000541e-01 -3.570490000000000053e-01 -1.420000000000000038e-03
1.200000000000000000e+01 6.300000000000000000e+01 5.400000000000000000e+01 0.000000000000000000e+00 1.600000000000000089e+00 -1.959999999999999937e-04 -3.570000000000000040e-04 1.000000000000000000e+00 -3.540360000000000174e-01 9.352319999999999522e-01 2.640000000000000202e-04 -9.352319999999999522e-01 -3.540360000000000174e-01 -3.099999999999999999e-04
1.700000000000000000e+01 6.300000000000000000e+01 5.400000000000000000e+01 0.000000000000000000e+00 1.600000000000000089e+00 -1.550000000000000000e-04 2.014000000000000165e-03 9.999980000000000535e-01 -3.543479999999999963e-01 9.351120000000000543e-01 -1.938000000000000052e-03 -9.351140000000000008e-01 -3.543479999999999963e-01 5.680000000000000370e-04
2.400000000000000000e+01 6.300000000000000000e+01 5.400000000000000000e+01 0.000000000000000000e+00 1.600000000000000089e+00 5.899999999999999754e-05 2.601000000000000013e-03 9.999970000000000248e-01 -3.471850000000000214e-01 9.377940000000000165e-01 -2.418000000000000010e-03 -9.377969999999999917e-01 -3.471839999999999926e-01 9.590000000000000000e-04
2.900000000000000000e+01 6.300000000000000000e+01 5.400000000000000000e+01 0.000000000000000000e+00 1.600000000000000089e+00 -1.665000000000000030e-03 1.660999999999999933e-03 9.999970000000000248e-01 -3.446989999999999776e-01 9.387109999999999621e-01 -2.132999999999999913e-03 -9.387119999999999909e-01 -3.447020000000000084e-01 -9.909999999999999105e-04
2.000000000000000000e+00 2.500000000000000000e+01 5.500000000000000000e+01 0.000000000000000000e+00 1.600000000000000089e+00 -1.991999999999999847e-03 3.539000000000000045e-03 -9.999919999999999920e-01 -1.137099999999999916e-02 -9.999289999999999567e-01 -3.516000000000000028e-03 -9.999329999999999607e-01 1.136400000000000084e-02 2.031999999999999952e-03
6.000000000000000000e+00 2.500000000000000000e+01 5.500000000000000000e+01 0.000000000000000000e+00 1.600000000000000089e+00 -2.449999999999999921e-03 2.755000000000000070e-03 -9.999930000000000208e-01 -1.010299999999999913e-02 -9.999449999999999728e-01 -2.729999999999999788e-03 -9.999460000000000015e-01 1.009600000000000081e-02 2.478000000000000168e-03
1.100000000000000000e+01 2.500000000000000000e+01 5.500000000000000000e+01 0.000000000000000000e+00 1.600000000000000089e+00 -6.589999999999999721e-04 -2.709999999999999735e-04 -1.000000000000000000e+00 -1.062899999999999956e-02 -9.999430000000000263e-01 2.779999999999999811e-04 -9.999430000000000263e-01 1.062899999999999956e-02 6.570000000000000319e-04
1.600000000000000000e+01 2.500000000000000000e+01 5.500000000000000000e+01 0.000000000000000000e+00 1.600000000000000089e+00 1.649000000000000075e-03 2.138999999999999842e-03 -9.999959999999999960e-01 -8.847999999999999962e-03 -9.999590000000000423e-01 -2.154000000000000099e-03 -9.999590000000000423e-01 8.852000000000000493e-03 -1.629999999999999939e-03
2.800000000000000000e+01 2.500000000000000000e+01 5.500000000000000000e+01 0.000000000000000000e+00 1.600000000000000089e+00 -1.162000000000000055e-03 -2.791000000000000078e-03 -9.999949999999999672e-01 -9.277999999999999789e-03 -9.999529999999999808e-01 2.801000000000000104e-03 -9.999559999999999560e-01 9.280999999999999320e-03 1.136000000000000074e-03
4.000000000000000000e+00 6.800000000000000000e+01 5.700000000000000000e+01 0.000000000000000000e+00 1.600000000000000089e+00 -9.600000000000000243e-05 1.502999999999999996e-03 -9.999989999999999712e-01 -2.445869999999999989e-01 -9.696259999999999879e-01 -1.433999999999999945e-03 -9.696270000000000167e-01 2.445869999999999989e-01 4.609999999999999840e-04
4.000000000000000000e+00 7.000000000000000000e+00 6.000000000000000000e+01 0.000000000000000000e+00 1.600000000000000089e+00 1.010000000000000047e-03 -4.726000000000000166e-03 9.999879999999999880e-01 5.673399999999999554e-01 -8.234719999999999818e-01 -4.465000000000000219e-03 8.234829999999999650e-01 5.673380000000000090e-01 1.850000000000000082e-03
1.200000000000000000e+01 7.000000000000000000e+00 6.000000000000000000e+01 0.000000000000000000e+00 1.600000000000000089e+00 6.009999999999999717e-04 1.377500000000000079e-02 9.999050000000000438e-01 5.710039999999999560e-01 -8.208739999999999926e-01 1.096500000000000079e-02 8.209469999999999823e-01 5.709429999999999783e-01 -8.359000000000000111e-03
