1.600000000000000000e+01 2.500000000000000000e+01 1.000000000000000000e+00 0.000000000000000000e+00 1.600000000000000089e+00 1.075000000000000001e-03 -1.123999999999999999e-03 -9.999989999999999712e-01 -5.272860000000000325e-01 -8.496879999999999988e-01 3.879999999999999985e-04 -8.496869999999999701e-01 5.272850000000000037e-01 -1.505999999999999960e-03
2.000000000000000000e+00 1.500000000000000000e+01 4.000000000000000000e+00 0.000000000000000000e+00 1.600000000000000089e+00 5.497000000000000150e-03 8.928999999999999437e-03 9.999449999999999728e-01 3.264179999999999859e-01 -9.452019999999999866e-01 6.645999999999999998e-03 9.452089999999999659e-01 3.263639999999999874e-01 -8.109999999999999154e-03
1.100000000000000000e+01 1.500000000000000000e+01 4.000000000000000000e+00 0.000000000000000000e+00 1.600000000000000089e+00 -1.000999999999999937e-03 4.375999999999999682e-03 9.999900000000000455e-01 3.279110000000000080e-01 -9.446980000000000377e-01 4.461999999999999821e-03 9.447079999999999922e-01 3.279119999999999813e-01 -4.899999999999999842e-04
1.700000000000000000e+01 1.500000000000000000e+01 4.000000000000000000e+00 0.000000000000000000e+00 1.600000000000000089e+00 6.269999999999999532e-04 1.100000000000000039e-04 1.000000000000000000e+00 3.283079999999999887e-01 -9.445710000000000495e-01 -1.019999999999999992e-04 9.445710000000000495e-01 3.283079999999999887e-01 -6.290000000000000018e-04
2.000000000000000000e+01 1.500000000000000000e+01 4.000000000000000000e+00 0.000000000000000000e+00 1.600000000000000089e+00 -6.319999999999999663e-04 3.429000000000000190e-03 9.999940000000000495e-01 3.286180000000000212e-01 -9.444569999999999910e-01 3.445999999999999844e-03 9.444630000000000525e-01 3.286180000000000212e-01 -5.299999999999999807e-04
2.600000000000000000e+01 1.500000000000000000e+01 4.000000000000000000e+00 0.000000000000000000e+00 1.600000000000000089e+00 -1.010000000000000047e-03 -2.660000000000000146e-04 9.999989999999999712e-01 3.250319999999999876e-01 -9.457029999999999603e-01 7.600000000000000418e-05 9.457029999999999603e-01 3.250319999999999876e-01 1.041999999999999958e-03
1.300000000000000000e+01 1.010000000000000000e+02 7.000000000000000000e+00 0.000000000000000000e+00 1.600000000000000089e+00 2.497600000000000167e-02 -6.767900000000000305e-02 9.973940000000000028e-01 8.806610000000000271e-01 4.736389999999999767e-01 1.008700000000000048e-02 -4.730880000000000085e-01 8.781149999999999789e-01 7.143199999999999550e-02
2.900000000000000000e+01 1.010000000000000000e+02 7.000000000000000000e+00 0.000000000000000000e+00 1.600000000000000089e+00 -1.848999999999999949e-03 1.485000000000000035e-02 9.998879999999999990e-01 8.835779999999999745e-01 4.682540000000000036e-01 -5.320000000000000076e-03 -4.682810000000000028e-01 8.834689999999999488e-01 -1.398699999999999943e-02
4.000000000000000000e+00 2.500000000000000000e+01 8.000000000000000000e+00 0.000000000000000000e+00 1.600000000000000089e+00 -1.589999999999999888e-04 7.230000000000000315e-03 -9.999740000000000295e-01 4.523190000000000266e-01 8.918329999999999869e-01 6.375999999999999723e-03 8.918559999999999821e-01 -4.523070000000000146e-01 -3.412999999999999801e-03
9.000000000000000000e+00 2.500000000000000000e+01 8.000000000000000000e+00 0.000000000000000000e+00 1.600000000000000089e+00 1.800000000000000046e-05 -3.069000000000000113e-03 -9.999949999999999672e-01 4.519469999999999876e-01 8.920409999999999728e-01 -2.729999999999999788e-03 8.920449999999999768e-01 -4.519440000000000124e-01 1.402999999999999950e-03
1.200000000000000000e+01 2.500000000000000000e+01 8.000000000000000000e+00 0.000000000000000000e+00 1.600000000000000089e+00 -2.820000000000000241e-04 -3.377999999999999926e-03 -9.999940000000000495e-01 4.530710000000000015e-01 8.914689999999999559e-01 -3.138999999999999863e-03 8.914739999999999887e-01 -4.530689999999999995e-01 1.278999999999999972e-03
1.500000000000000000e+01 2.500000000000000000e+01 8.000000000000000000e+00 0.000000000000000000e+00 1.600000000000000089e+00 -5.569999999999999864e-04 -3.753999999999999958e-03 -9.999930000000000208e-01 4.532939999999999747e-01 8.913539999999999797e-01 -3.598000000000000070e-03 8.913609999999999589e-01 -4.532930000000000015e-01 1.204999999999999908e-03
2.400000000000000000e+01 2.500000000000000000e+01 8.000000000000000000e+00 0.000000000000000000e+00 1.600000000000000089e+00 -2.103999999999999967e-03 4.519999999999999712e-03 -9.999879999999999880e-01 4.516629999999999812e-01 8.921829999999999483e-01 3.082999999999999803e-03 8.921860000000000346e-01 -4.516510000000000247e-01 -3.918999999999999741e-03
2.800000000000000000e+01 2.500000000000000000e+01 8.000000000000000000e+00 0.000000000000000000e+00 1.600000000000000089e+00 -3.758000000000000056e-03 4.035999999999999657e-03 -9.999850000000000128e-01 4.488420000000000187e-01 8.936089999999999867e-01 1.920000000000000049e-03 8.936030000000000362e-01 -4.488280000000000047e-01 -5.168999999999999984e-03
5.000000000000000000e+00 2.400000000000000000e+01 9.000000000000000000e+00 0.000000000000000000e+00 1.600000000000000089e+00 1.469999999999999953e-04 4.675000000000000336e-03 -9.999890000000000168e-01 4.546499999999999986e-01 8.906600000000000072e-01 4.231000000000000386e-03 8.906699999999999617e-01 -4.546450000000000213e-01 -1.994000000000000113e-03
9.000000000000000000e+00 2.400000000000000000e+01 9.000000000000000000e+00 0.000000000000000000e+00 1.600000000000000089e+00 -1.060000000000000016e-04 -4.209000000000000068e-03 -9.999909999999999632e-01 4.542479999999999851e-01 8.908669999999999645e-01 -3.798999999999999860e-03 8.908749999999999725e-01 -4.542450000000000099e-01 1.817000000000000039e-03
1.200000000000000000e+01 2.400000000000000000e+01 9.000000000000000000e+00 0.000000000000000000e+00 1.600000000000000089e+00 -4.889999999999999599e-04 -3.408000000000000005e-03 -9.999940000000000495e-01 4.550509999999999833e-01 8.904600000000000293e-01 -3.256999999999999913e-03 8.904649999999999510e-01 -4.550500000000000100e-01 1.115000000000000106e-03
1.600000000000000000e+01 2.400000000000000000e+01 9.000000000000000000e+00 0.000000000000000000e+00 1.600000000000000089e+00 -7.029999999999999574e-04 -3.883999999999999866e-03 -9.999919999999999920e-01 4.559099999999999819e-01 8.900179999999999758e-01 -3.776999999999999975e-03 8.900259999999999838e-01 -4.559090000000000087e-01 1.144999999999999967e-03
2.300000000000000000e+01 2.400000000000000000e+01 9.000000000000000000e+00 0.000000000000000000e+00 1.600000000000000089e+00 -1.441000000000000007e-03 4.518999999999999580e-03 -9.999890000000000168e-01 4.567829999999999946e-01 8.895720000000000294e-01 3.361999999999999971e-03 8.895769999999999511e-01 -4.567729999999999846e-01 -3.346000000000000016e-03
3.000000000000000000e+01 2.400000000000000000e+01 9.000000000000000000e+00 0.000000000000000000e+00 1.600000000000000089e+00 -1.833999999999999910e-03 5.667000000000000162e-03 -9.999820000000000375e-01 4.523030000000000106e-01 8.918540000000000356e-01 4.224999999999999589e-03 8.918620000000000436e-01 -4.522869999999999946e-01 -4.198999999999999608e-03
2.000000000000000000e+00 1.200000000000000000e+01 1.000000000000000000e+01 0.000000000000000000e+00 1.600000000000000089e+00 1.572999999999999962e-03 7.505000000000000386e-03 -9.999710000000000543e-01 -5.531869999999999843e-01 -8.330269999999999619e-01 -7.121999999999999859e-03 -8.330549999999999899e-01 5.531819999999999515e-01 2.841999999999999908e-03
9.000000000000000000e+00 4.000000000000000000e+00 1.100000000000000000e+01 0.000000000000000000e+00 1.600000000000000089e+00 3.339199999999999807e-02 -2.199939999999999951e-01 -9.749299999999999633e-01 1.241880000000000067e-01 9.688269999999999937e-01 -2.143629999999999980e-01 9.916970000000000507e-01 -1.139170000000000044e-01 5.967200000000000282e-02
2.900000000000000000e+01 4.000000000000000000e+00 1.100000000000000000e+01 0.000000000000000000e+00 1.600000000000000089e+00 2.764399999999999843e-02 -2.308840000000000059e-01 -9.725880000000000081e-01 1.020739999999999981e-01 9.685259999999999980e-01 -2.270179999999999976e-01 9.943929999999999714e-01 -9.300100000000000033e-02 5.034199999999999786e-02
3.000000000000000000e+00 3.100000000000000000e+01 1.200000000000000000e+01 0.000000000000000000e+00 1.600000000000000089e+00 1.476000000000000098e-03 -1.051999999999999984e-02 9.999440000000000550e-01 -2.785299999999999929e-02 9.995560000000000000e-01 1.055700000000000041e-02 -9.996110000000000273e-01 -2.786699999999999941e-02 1.183000000000000024e-03
1.000000000000000000e+01 3.100000000000000000e+01 1.200000000000000000e+01 0.000000000000000000e+00 1.600000000000000089e+00 1.067999999999999939e-03 9.717999999999999208e-03 9.999519999999999520e-01 -1.948599999999999985e-02 9.997629999999999573e-01 -9.695999999999999758e-03 -9.998099999999999765e-01 -1.947499999999999926e-02 1.258000000000000004e-03
1.900000000000000000e+01 3.100000000000000000e+01 1.200000000000000000e+01 0.000000000000000000e+00 1.600000000000000089e+00 2.590999999999999987e-03 5.513999999999999804e-03 9.999810000000000088e-01 -7.209000000000000130e-03 9.999590000000000423e-01 -5.494999999999999885e-03 -9.999710000000000543e-01 -7.193999999999999874e-03 2.631000000000000092e-03
1.400000000000000000e+01 3.500000000000000000e+01 1.200000000000000000e+01 0.000000000000000000e+00 1.600000000000000089e+00 1.052499999999999963e-02 -1.248699999999999984e-02 -9.998669999999999503e-01 4.849649999999999794e-01 -8.743870000000000253e-01 1.602500000000000105e-02 -8.744699999999999696e-01 -4.850689999999999724e-01 -3.147000000000000058e-03
1.900000000000000000e+01 3.500000000000000000e+01 1.200000000000000000e+01 0.000000000000000000e+00 1.600000000000000089e+00 5.637999999999999783e-03 -1.474999999999999966e-03 -9.999829999999999552e-01 5.124109999999999498e-01 -8.587299999999999933e-01 4.155999999999999972e-03 -8.587219999999999853e-01 -5.124260000000000481e-01 -4.086000000000000222e-03
2.500000000000000000e+01 3.500000000000000000e+01 1.200000000000000000e+01 0.000000000000000000e+00 1.600000000000000089e+00 -6.396999999999999909e-03 5.349999999999999938e-04 -9.999789999999999512e-01 4.908959999999999990e-01 -8.712109999999999577e-01 -3.605999999999999830e-03 -8.711950000000000527e-01 -4.909089999999999843e-01 5.310999999999999749e-03
1.300000000000000000e+01 1.200000000000000000e+01 1.500000000000000000e+01 0.000000000000000000e+00 1.600000000000000089e+00 1.440199999999999987e-02 -2.497900000000000120e-02 -9.995840000000000281e-01 -4.934649999999999870e-01 -8.696430000000000549e-01 1.462199999999999958e-02 -8.696460000000000301e-01 4.930490000000000150e-01 -2.485000000000000056e-02
2.200000000000000000e+01 1.200000000000000000e+01 1.500000000000000000e+01 0.000000000000000000e+00 1.600000000000000089e+00 -8.660000000000000163e-04 -1.251400000000000082e-02 -9.999209999999999487e-01 -4.775150000000000228e-01 -8.785490000000000244e-01 1.140900000000000074e-02 -8.786230000000000429e-01 4.774880000000000235e-01 -5.215000000000000017e-03
5.000000000000000000e+00 4.000000000000000000e+00 2.000000000000000000e+01 0.000000000000000000e+00 1.600000000000000089e+00 -1.383000000000000028e-02 3.799500000000000099e-02 -9.991820000000000146e-01 2.454850000000000088e-01 -9.685650000000000093e-01 -4.022900000000000087e-02 -9.693019999999999969e-01 -2.458400000000000030e-01 4.067999999999999568e-03
1.200000000000000000e+01 4.000000000000000000e+00 2.000000000000000000e+01 0.000000000000000000e+00 1.600000000000000089e+00 -6.099000000000000254e-03 9.809000000000000011e-03 -9.999329999999999607e-01 2.403160000000000018e-01 -9.706320000000000503e-01 -1.098700000000000024e-02 -9.706749999999999545e-01 -2.403669999999999973e-01 3.562000000000000062e-03
1.900000000000000000e+01 4.000000000000000000e+00 2.000000000000000000e+01 0.000000000000000000e+00 1.600000000000000089e+00 5.390999999999999959e-03 -1.734499999999999931e-02 -9.998350000000000293e-01 1.791739999999999999e-01 -9.836519999999999708e-01 1.803000000000000089e-02 -9.838029999999999831e-01 -1.792410000000000114e-01 -2.194999999999999903e-03
3.000000000000000000e+00 1.300000000000000000e+01 2.000000000000000000e+01 0.000000000000000000e+00 1.600000000000000089e+00 -1.026799999999999935e-02 -2.838200000000000098e-02 9.995439999999999880e-01 2.569520000000000137e-01 9.659560000000000368e-01 3.006699999999999998e-02 -9.663699999999999513e-01 2.571430000000000105e-01 -2.625000000000000163e-03
6.000000000000000000e+00 1.300000000000000000e+01 2.000000000000000000e+01 0.000000000000000000e+00 1.600000000000000089e+00 -2.690999999999999989e-02 -6.240799999999999820e-02 9.976880000000000193e-01 2.780599999999999739e-01 9.581939999999999902e-01 6.743799999999999795e-02 -9.601870000000000127e-01 2.792319999999999802e-01 -8.430999999999999259e-03
2.200000000000000000e+01 1.300000000000000000e+01 2.000000000000000000e+01 0.000000000000000000e+00 1.600000000000000089e+00 2.920599999999999932e-02 8.684100000000000152e-02 9.957939999999999570e-01 2.629779999999999895e-01 9.604559999999999764e-01 -9.147299999999999875e-02 -9.643599999999999950e-01 2.645429999999999726e-01 5.213999999999999885e-03
7.000000000000000000e+00 1.400000000000000000e+01 2.000000000000000000e+01 0.000000000000000000e+00 1.600000000000000089e+00 -2.694799999999999973e-02 -7.851500000000000146e-02 9.965490000000000181e-01 2.609540000000000193e-01 9.617909999999999515e-01 8.283300000000000385e-02 -9.649750000000000272e-01 2.622849999999999904e-01 -5.429999999999999931e-03
1.600000000000000000e+01 1.400000000000000000e+01 2.000000000000000000e+01 0.000000000000000000e+00 1.600000000000000089e+00 7.034000000000000322e-03 -1.234200000000000054e-02 9.998989999999999823e-01 2.718579999999999885e-01 9.622859999999999747e-01 9.964999999999999900e-03 -9.623119999999999452e-01 2.717609999999999748e-01 1.012399999999999932e-02
3.000000000000000000e+00 1.600000000000000000e+01 2.100000000000000000e+01 0.000000000000000000e+00 1.600000000000000089e+00 -4.675999999999999601e-03 -1.645399999999999988e-02 9.998540000000000205e-01 3.003970000000000251e-01 9.536609999999999809e-01 1.709899999999999962e-02 -9.538029999999999564e-01 3.004330000000000056e-01 4.829999999999999767e-04
9.000000000000000000e+00 1.600000000000000000e+01 2.100000000000000000e+01 0.000000000000000000e+00 1.600000000000000089e+00 -2.629499999999999893e-02 -1.108549999999999952e-01 9.934889999999999555e-01 3.326270000000000060e-01 9.362310000000000354e-01 1.132699999999999957e-01 -9.426919999999999744e-01 3.334389999999999854e-01 1.225500000000000027e-02
1.700000000000000000e+01 1.600000000000000000e+01 2.100000000000000000e+01 0.000000000000000000e+00 1.600000000000000089e+00 1.302599999999999938e-02 3.193000000000000092e-03 9.999099999999999655e-01 3.367800000000000238e-01 9.415540000000000020e-01 -7.394000000000000399e-03 -9.414930000000000243e-01 3.368459999999999788e-01 1.118899999999999929e-02
2.400000000000000000e+01 1.600000000000000000e+01 2.100000000000000000e+01 0.000000000000000000e+00 1.600000000000000089e+00 1.187299999999999987e-02 3.900599999999999901e-02 9.991679999999999451e-01 3.037179999999999880e-01 9.518889999999999851e-01 -4.076899999999999968e-02 -9.526879999999999793e-01 3.039490000000000247e-01 -5.450000000000000200e-04
2.800000000000000000e+01 1.600000000000000000e+01 2.100000000000000000e+01 0.000000000000000000e+00 1.600000000000000089e+00 1.348000000000000023e-03 7.270000000000000420e-03 9.999730000000000008e-01 2.978839999999999821e-01 9.545740000000000336e-01 -7.341999999999999568e-03 -9.546010000000000328e-01 2.978859999999999841e-01 -8.790000000000000070e-04
1.900000000000000000e+01 4.600000000000000000e+01 2.700000000000000000e+01 0.000000000000000000e+00 1.600000000000000089e+00 -2.722000000000000027e-03 1.600999999999999993e-03 -9.999949999999999672e-01 6.743449999999999722e-01 7.384159999999999613e-01 -6.539999999999999590e-04 7.384110000000000396e-01 -6.743430000000000257e-01 -3.089999999999999865e-03
5.000000000000000000e+00 5.800000000000000000e+01 3.100000000000000000e+01 0.000000000000000000e+00 1.600000000000000089e+00 8.399999999999999535e-05 -2.415000000000000046e-03 9.999970000000000248e-01 -7.740169999999999551e-01 -6.331630000000000313e-01 -1.464000000000000024e-03 6.331649999999999778e-01 -7.740150000000000086e-01 -1.923000000000000013e-03
1.000000000000000000e+01 5.800000000000000000e+01 3.100000000000000000e+01 0.000000000000000000e+00 1.600000000000000089e+00 5.107999999999999693e-03 6.228000000000000029e-03 9.999679999999999680e-01 -7.773280000000000189e-01 -6.290459999999999940e-01 7.889000000000000179e-03 6.290750000000000508e-01 -7.773430000000000062e-01 1.628000000000000107e-03
1.400000000000000000e+01 5.800000000000000000e+01 3.100000000000000000e+01 0.000000000000000000e+00 1.600000000000000089e+00 8.196000000000000160e-03 9.426000000000000351e-03 9.999219999999999775e-01 -7.783010000000000206e-01 -6.277709999999999679e-01 1.229700000000000064e-02 6.278380000000000072e-01 -7.783409999999999496e-01 2.190999999999999805e-03
1.800000000000000000e+01 5.800000000000000000e+01 3.100000000000000000e+01 0.000000000000000000e+00 1.600000000000000089e+00 3.880000000000000202e-03 1.281000000000000021e-03 9.999919999999999920e-01 -7.785109999999999530e-01 -6.276190000000000380e-01 3.824000000000000142e-03 6.276190000000000380e-01 -7.785189999999999610e-01 -1.438000000000000042e-03
2.000000000000000000e+01 5.800000000000000000e+01 3.100000000000000000e+01 0.000000000000000000e+00 1.600000000000000089e+00 1.796000000000000070e-03 -4.380000000000000213e-04 9.999980000000000535e-01 -7.765520000000000200e-01 -6.300519999999999454e-01 1.118000000000000070e-03 6.300499999999999989e-01 -7.765530000000000488e-01 -1.472000000000000001e-03
2.400000000000000000e+01 5.800000000000000000e+01 3.100000000000000000e+01 0.000000000000000000e+00 1.600000000000000089e+00 -4.309000000000000330e-03 -6.732000000000000137e-03 9.999679999999999680e-01 -7.702440000000000397e-01 -6.377040000000000486e-01 -7.612999999999999975e-03 6.377350000000000518e-01 -7.702520000000000477e-01 -2.436999999999999930e-03
2.800000000000000000e+01 5.800000000000000000e+01 3.100000000000000000e+01 0.000000000000000000e+00 1.600000000000000089e+00 -8.040999999999999537e-03 -1.542400000000000021e-02 9.998489999999999878e-01 -7.662959999999999772e-01 -6.422870000000000523e-01 -1.607000000000000095e-02 6.424379999999999535e-01 -7.663090000000000179e-01 -6.655000000000000325e-03
1.700000000000000000e+01 5.000000000000000000e+00 3.200000000000000000e+01 0.000000000000000000e+00 1.600000000000000089e+00 1.612570000000000114e-01 -8.793250000000000233e-01 -4.480890000000000151e-01 -6.811399999999999677e-01 2.293949999999999878e-01 -6.952890000000000459e-01 7.141739999999999755e-01 4.173310000000000075e-01 -5.619520000000000071e-01
1.500000000000000000e+01 5.000000000000000000e+00 3.300000000000000000e+01 0.000000000000000000e+00 1.600000000000000089e+00 1.148710000000000009e-01 -9.729280000000000150e-01 -2.005399999999999960e-01 -6.941720000000000113e-01 6.578699999999999826e-02 -7.167970000000000175e-01 7.105850000000000222e-01 2.215479999999999949e-01 -6.678220000000000267e-01
1.900000000000000000e+01 8.000000000000000000e+00 3.400000000000000000e+01 0.000000000000000000e+00 1.600000000000000089e+00 2.075420000000000043e-01 -9.109469999999999512e-01 -3.565119999999999956e-01 -7.100020000000000220e-01 1.104279999999999984e-01 -6.954869999999999663e-01 6.729209999999999914e-01 3.974679999999999880e-01 -6.238559999999999661e-01
2.200000000000000000e+01 9.000000000000000000e+00 3.400000000000000000e+01 0.000000000000000000e+00 1.600000000000000089e+00 2.441220000000000057e-01 -8.338740000000000041e-01 -4.950339999999999741e-01 -7.265740000000000531e-01 1.808079999999999965e-01 -6.628720000000000168e-01 6.422569999999999668e-01 5.214999999999999636e-01 -5.617320000000000091e-01
2.100000000000000000e+01 2.600000000000000000e+01 3.500000000000000000e+01 0.000000000000000000e+00 1.600000000000000089e+00 3.122730000000000228e-01 5.628609999999999447e-01 7.652919999999999723e-01 -6.790239999999999609e-01 -4.311450000000000005e-01 5.941720000000000335e-01 6.643890000000000073e-01 -7.051960000000000450e-01 2.475610000000000033e-01
3.000000000000000000e+00 4.600000000000000000e+01 3.500000000000000000e+01 0.000000000000000000e+00 1.600000000000000089e+00 -8.610000000000000032e-04 7.078000000000000090e-03 -9.999749999999999472e-01 3.909400000000000097e-01 -9.203909999999999592e-01 -6.851000000000000319e-03 -9.204160000000000119e-01 -3.909360000000000057e-01 -1.975000000000000193e-03
1.000000000000000000e+01 4.600000000000000000e+01 3.500000000000000000e+01 0.000000000000000000e+00 1.600000000000000089e+00 3.339999999999999870e-04 1.933000000000000039e-03 -9.999980000000000535e-01 3.915159999999999751e-01 -9.201700000000000434e-01 -1.647999999999999942e-03 -9.201709999999999612e-01 -3.915139999999999731e-01 -1.064999999999999974e-03
1.500000000000000000e+01 4.600000000000000000e+01 3.500000000000000000e+01 0.000000000000000000e+00 1.600000000000000089e+00 2.024000000000000191e-03 -7.934999999999999346e-03 -9.999670000000000503e-01 3.899219999999999908e-01 -9.208119999999999639e-01 8.096000000000000765e-03 -9.208460000000000534e-01 -3.899250000000000216e-01 1.229999999999999974e-03
1.900000000000000000e+01 4.600000000000000000e+01 3.500000000000000000e+01 0.000000000000000000e+00 1.600000000000000089e+00 1.025000000000000086e-03 -1.127099999999999977e-02 -9.999360000000000470e-01 3.900589999999999891e-01 -9.207269999999999621e-01 1.077799999999999939e-02 -9.207889999999999686e-01 -3.900449999999999751e-01 3.452999999999999906e-03
2.400000000000000000e+01 4.600000000000000000e+01 3.500000000000000000e+01 0.000000000000000000e+00 1.600000000000000089e+00 -1.090999999999999956e-03 -8.165999999999999648e-03 -9.999660000000000215e-01 3.893530000000000046e-01 -9.210610000000000186e-01 7.097000000000000010e-03 -9.210880000000000178e-01 -3.893320000000000114e-01 4.184000000000000219e-03
2.900000000000000000e+01 4.600000000000000000e+01 3.500000000000000000e+01 0.000000000000000000e+00 1.600000000000000089e+00 -8.980000000000000352e-04 -3.249999999999999851e-03 -9.999940000000000495e-01 3.891890000000000072e-01 -9.211540000000000283e-01 2.644000000000000083e-03 -9.211570000000000036e-01 -3.891850000000000032e-01 2.092000000000000109e-03
2.200000000000000000e+01 1.100000000000000000e+01 3.600000000000000000e+01 0.000000000000000000e+00 1.600000000000000089e+00 2.103679999999999994e-01 -9.140350000000000419e-01 -3.468220000000000192e-01 -7.260360000000000147e-01 9.150500000000000300e-02 -6.815409999999999524e-01 6.546880000000000477e-01 3.951799999999999757e-01 -6.443729999999999736e-01
2.100000000000000000e+01 2.700000000000000000e+01 3.600000000000000000e+01 0.000000000000000000e+00 1.600000000000000089e+00 3.496759999999999868e-01 3.832450000000000023e-01 8.548970000000000180e-01 -6.968889999999999807e-01 -5.034699999999999731e-01 5.107490000000000085e-01 6.261569999999999636e-01 -7.743649999999999700e-01 9.102799999999999780e-02
2.000000000000000000e+00 9.500000000000000000e+01 3.600000000000000000e+01 0.000000000000000000e+00 1.600000000000000089e+00 -7.485300000000000287e-02 4.766299999999999704e-02 9.960550000000000237e-01 9.971259999999999568e-01 -8.179999999999999771e-03 7.532500000000000306e-02 1.173800000000000017e-02 9.988299999999999956e-01 -4.691399999999999737e-02
2.000000000000000000e+01 1.100000000000000000e+01 3.700000000000000000e+01 0.000000000000000000e+00 1.600000000000000089e+00 1.725289999999999879e-01 -9.385369999999999546e-01 -2.989689999999999848e-01 -7.146919999999999940e-01 8.959000000000000297e-02 -6.936780000000000168e-01 6.778269999999999573e-01 3.333510000000000084e-01 -6.553069999999999729e-01
2.300000000000000000e+01 1.200000000000000000e+01 3.700000000000000000e+01 0.000000000000000000e+00 1.600000000000000089e+00 1.857379999999999864e-01 -9.289070000000000382e-01 -3.203639999999999821e-01 -7.371069999999999567e-01 8.387500000000000511e-02 -6.705510000000000081e-01 6.497500000000000497e-01 3.606889999999999818e-01 -6.691249999999999698e-01
1.400000000000000000e+01 2.200000000000000000e+01 3.700000000000000000e+01 0.000000000000000000e+00 1.600000000000000089e+00 7.681240000000000290e-01 -3.303019999999999845e-01 5.485309999999999908e-01 -6.308420000000000138e-01 -2.436830000000000107e-01 7.366519999999999735e-01 -1.096499999999999975e-01 -9.118770000000000486e-01 -3.955469999999999819e-01
2.500000000000000000e+01 3.600000000000000000e+01 3.800000000000000000e+01 0.000000000000000000e+00 1.600000000000000089e+00 -3.638250000000000095e-01 8.329000000000000292e-02 9.277360000000000051e-01 9.093579999999999997e-01 2.474770000000000025e-01 3.343999999999999750e-01 -2.017410000000000037e-01 9.653070000000000261e-01 -1.657790000000000097e-01
2.700000000000000000e+01 3.700000000000000000e+01 3.800000000000000000e+01 0.000000000000000000e+00 1.600000000000000089e+00 -2.974559999999999982e-01 -1.022750000000000048e-01 9.492420000000000302e-01 8.042319999999999469e-01 5.089709999999999512e-01 3.068540000000000156e-01 -5.145199999999999774e-01 8.546859999999999458e-01 -6.914399999999999713e-02
2.200000000000000000e+01 1.400000000000000000e+01 3.900000000000000000e+01 0.000000000000000000e+00 1.600000000000000089e+00 1.403000000000000080e-01 -8.559309999999999974e-01 -4.976920000000000233e-01 -7.142439999999999900e-01 2.606220000000000203e-01 -6.495630000000000015e-01 6.856910000000000505e-01 4.466069999999999762e-01 -5.747790000000000399e-01
2.800000000000000000e+01 3.800000000000000000e+01 3.900000000000000000e+01 0.000000000000000000e+00 1.600000000000000089e+00 -2.873879999999999768e-01 -1.691719999999999891e-01 9.427560000000000384e-01 7.907699999999999729e-01 5.134809999999999652e-01 3.331979999999999942e-01 -5.404550000000000187e-01 8.412600000000000078e-01 -1.379200000000000044e-02
2.800000000000000000e+01 3.900000000000000000e+01 4.000000000000000000e+01 0.000000000000000000e+00 1.600000000000000089e+00 -2.975940000000000252e-01 -2.047259999999999913e-01 9.324829999999999508e-01 8.071099999999999941e-01 4.677359999999999851e-01 3.602730000000000099e-01 -5.099129999999999496e-01 8.598320000000000407e-01 2.604100000000000165e-02
1.600000000000000000e+01 3.000000000000000000e+00 4.300000000000000000e+01 0.000000000000000000e+00 1.600000000000000089e+00 5.827999999999999847e-03 -3.563000000000000195e-03 -9.999770000000000048e-01 7.434680000000000177e-01 -6.687380000000000546e-01 6.715999999999999748e-03 -6.687459999999999516e-01 -7.434899999999999842e-01 -1.248999999999999893e-03
2.400000000000000000e+01 3.000000000000000000e+00 4.300000000000000000e+01 0.000000000000000000e+00 1.600000000000000089e+00 9.090000000000000857e-03 2.740799999999999834e-02 -9.995829999999999993e-01 7.370229999999999837e-01 -6.757649999999999491e-01 -1.182700000000000071e-02 -6.758070000000000466e-01 -7.366080000000000405e-01 -2.634299999999999836e-02
1.100000000000000000e+01 2.500000000000000000e+01 4.300000000000000000e+01 0.000000000000000000e+00 1.600000000000000089e+00 1.488300000000000040e-02 -1.226499999999999986e-02 -9.998139999999999805e-01 8.416270000000000140e-01 5.400270000000000348e-01 5.903000000000000261e-03 5.398539999999999450e-01 -8.415580000000000283e-01 1.836000000000000132e-02
1.100000000000000000e+01 2.400000000000000000e+01 4.400000000000000000e+01 0.000000000000000000e+00 1.600000000000000089e+00 1.861900000000000013e-02 1.591100000000000153e-02 -9.997000000000000330e-01 7.839810000000000390e-01 6.203020000000000200e-01 2.447399999999999923e-02 6.205049999999999732e-01 -7.842019999999999547e-01 -9.250000000000000409e-04
2.000000000000000000e+00 2.900000000000000000e+01 4.400000000000000000e+01 0.000000000000000000e+00 1.600000000000000089e+00 2.799999999999999958e-05 -2.073999999999999889e-03 -9.999980000000000535e-01 6.597269999999999524e-01 7.515039999999999498e-01 -1.539999999999999919e-03 7.515049999999999786e-01 -6.597260000000000346e-01 1.389000000000000044e-03
5.000000000000000000e+00 2.900000000000000000e+01 4.400000000000000000e+01 0.000000000000000000e+00 1.600000000000000089e+00 -8.679999999999999565e-04 -3.155999999999999951e-03 -9.999949999999999672e-01 6.607910000000000172e-01 7.505640000000000089e-01 -2.942999999999999870e-03 7.505699999999999594e-01 -6.607899999999999885e-01 1.433999999999999945e-03
1.100000000000000000e+01 2.900000000000000000e+01 4.400000000000000000e+01 0.000000000000000000e+00 1.600000000000000089e+00 -3.507999999999999834e-03 -4.645599999999999730e-02 -9.989139999999999686e-01 6.345229999999999482e-01 7.719629999999999548e-01 -3.812900000000000317e-02 7.728960000000000274e-01 -6.339679999999999760e-01 2.676999999999999866e-02
1.300000000000000000e+01 2.900000000000000000e+01 4.400000000000000000e+01 0.000000000000000000e+00 1.600000000000000089e+00 -4.630700000000000094e-02 -1.822169999999999901e-01 -9.821670000000000122e-01 6.560850000000000293e-01 7.358740000000000281e-01 -1.674559999999999937e-01 7.532649999999999624e-01 -6.521400000000000530e-01 8.547399999999999443e-02
2.800000000000000000e+01 2.200000000000000000e+01 4.600000000000000000e+01 0.000000000000000000e+00 1.600000000000000089e+00 5.096200000000000035e-02 5.978999999999999940e-03 -9.986829999999999874e-01 -2.014209999999999889e-01 9.794950000000000045e-01 -4.414999999999999654e-03 9.781779999999999919e-01 2.013810000000000044e-01 5.112099999999999977e-02
4.000000000000000000e+00 7.100000000000000000e+01 4.600000000000000000e+01 0.000000000000000000e+00 1.600000000000000089e+00 8.227440000000000309e-01 -4.481550000000000256e-01 -3.496420000000000083e-01 -4.329620000000000135e-01 -8.926530000000000298e-01 1.253569999999999962e-01 -3.682880000000000043e-01 4.824500000000000316e-02 -9.284590000000000343e-01
4.000000000000000000e+00 6.100000000000000000e+01 4.900000000000000000e+01 0.000000000000000000e+00 1.600000000000000089e+00 -6.556000000000000195e-03 3.707400000000000279e-02 9.992910000000000403e-01 -6.443200000000000038e-01 7.640620000000000189e-01 -3.257399999999999879e-02 -7.647279999999999633e-01 -6.440770000000000106e-01 1.887899999999999995e-02
5.000000000000000000e+00 7.100000000000000000e+01 4.900000000000000000e+01 0.000000000000000000e+00 1.600000000000000089e+00 -4.177980000000000027e-01 8.696120000000000516e-01 2.630979999999999985e-01 -8.945260000000000433e-01 -3.430630000000000068e-01 -2.865840000000000054e-01 -1.589579999999999882e-01 -3.550820000000000087e-01 9.212219999999999853e-01
1.000000000000000000e+00 5.000000000000000000e+00 5.100000000000000000e+01 0.000000000000000000e+00 1.600000000000000089e+00 -2.710999999999999868e-03 -8.694999999999999604e-03 -9.999590000000000423e-01 4.875519999999999854e-01 -8.730710000000000415e-01 6.270000000000000399e-03 -8.730900000000000327e-01 -4.875149999999999761e-01 6.605999999999999893e-03
1.400000000000000000e+01 6.000000000000000000e+00 5.100000000000000000e+01 0.000000000000000000e+00 1.600000000000000089e+00 -6.871999999999999637e-03 -5.542000000000000051e-03 -9.999609999999999888e-01 3.316600000000000104e-01 -9.433939999999999548e-01 2.948999999999999799e-03 -9.433740000000000459e-01 -3.316270000000000051e-01 8.321000000000000271e-03
5.000000000000000000e+00 6.300000000000000000e+01 5.400000000000000000e+01 0.000000000000000000e+00 1.600000000000000089e+00 2.785999999999999848e-03 3.425799999999999679e-02 9.994089999999999918e-01 -2.047849999999999948e-01 9.782520000000000104e-01 -3.296199999999999825e-02 -9.788029999999999786e-01 -2.045720000000000038e-01 9.740999999999999659e-03
1.200000000000000000e+01 6.300000000000000000e+01 5.400000000000000000e+01 0.000000000000000000e+00 1.600000000000000089e+00 -6.185000000000000393e-03 2.300000000000000002e-05 9.999810000000000088e-01 -3.454929999999999946e-01 9.384190000000000031e-01 -2.158000000000000196e-03 -9.384010000000000407e-01 -3.454990000000000006e-01 -5.797000000000000069e-03
1.500000000000000000e+01 6.300000000000000000e+01 5.400000000000000000e+01 0.000000000000000000e+00 1.600000000000000089e+00 1.907000000000000015e-02 3.312999999999999973e-02 9.992689999999999628e-01 -3.320989999999999776e-01 9.429149999999999476e-01 -2.492400000000000171e-02 -9.430520000000000014e-01 -3.313809999999999811e-01 2.898399999999999935e-02
2.100000000000000000e+01 6.300000000000000000e+01 5.400000000000000000e+01 0.000000000000000000e+00 1.600000000000000089e+00 2.409620000000000095e-01 4.652629999999999821e-01 -8.517439999999999456e-01 8.389320000000000110e-01 3.414090000000000180e-01 4.238310000000000133e-01 4.879859999999999753e-01 -8.166830000000000478e-01 -3.080570000000000253e-01
5.000000000000000000e+00 7.500000000000000000e+01 5.400000000000000000e+01 0.000000000000000000e+00 1.600000000000000089e+00 -5.180749999999999522e-01 -1.655989999999999962e-01 8.391520000000000090e-01 -8.373869999999999925e-01 -1.017300000000000010e-01 -5.370599999999999818e-01 1.743039999999999867e-01 -9.809320000000000261e-01 -8.596600000000000075e-02
8.000000000000000000e+00 2.500000000000000000e+01 5.500000000000000000e+01 0.000000000000000000e+00 1.600000000000000089e+00 1.195000000000000099e-03 9.590000000000000000e-04 -9.999989999999999712e-01 -1.256999999999999958e-02 -9.999209999999999487e-01 -9.740000000000000394e-04 -9.999200000000000310e-01 1.257100000000000058e-02 -1.183000000000000024e-03
1.200000000000000000e+01 2.500000000000000000e+01 5.500000000000000000e+01 0.000000000000000000e+00 1.600000000000000089e+00 -8.739999999999999939e-04 -7.950000000000000252e-04 -9.999989999999999712e-01 -1.096899999999999958e-02 -9.999400000000000510e-01 8.050000000000000515e-04 -9.999390000000000223e-01 1.097000000000000058e-02 8.649999999999999920e-04
1.900000000000000000e+01 2.500000000000000000e+01 5.500000000000000000e+01 0.000000000000000000e+00 1.600000000000000089e+00 -2.145999999999999904e-03 -4.463400000000000006e-02 -9.990010000000000279e-01 -1.176100000000000062e-02 -9.989329999999999599e-01 4.465600000000000125e-02 -9.999289999999999567e-01 1.184499999999999963e-02 1.618999999999999996e-03
2.000000000000000000e+01 8.000000000000000000e+01 5.500000000000000000e+01 0.000000000000000000e+00 1.600000000000000089e+00 -1.355069999999999886e-01 -6.121069999999999567e-01 -7.790780000000000483e-01 -1.047820000000000001e-01 -7.730679999999999774e-01 6.256089999999999707e-01 -9.852199999999999847e-01 1.664080000000000004e-01 4.061900000000000233e-02
5.000000000000000000e+00 2.100000000000000000e+01 6.000000000000000000e+01 0.000000000000000000e+00 1.600000000000000089e+00 3.137000000000000031e-03 -2.736000000000000151e-03 9.999909999999999632e-01 -9.442200000000000593e-02 9.955279999999999685e-01 3.020000000000000115e-03 -9.955270000000000508e-01 -9.443100000000000105e-02 2.864999999999999925e-03
1.600000000000000000e+01 2.100000000000000000e+01 6.000000000000000000e+01 0.000000000000000000e+00 1.600000000000000089e+00 -1.330000000000000073e-04 -7.861999999999999197e-03 9.999689999999999968e-01 -9.814399999999999513e-02 9.951419999999999710e-01 7.811000000000000235e-03 -9.951719999999999455e-01 -9.814000000000000501e-02 -9.039999999999999642e-04
2.300000000000000000e+01 2.100000000000000000e+01 6.000000000000000000e+01 0.000000000000000000e+00 1.600000000000000089e+00 2.961999999999999789e-03 -1.497000000000000067e-03 9.999949999999999672e-01 -9.881600000000000106e-02 9.951039999999999885e-01 1.781999999999999947e-03 -9.951010000000000133e-01 -9.882100000000000606e-02 2.799999999999999972e-03
1.900000000000000000e+01 6.000000000000000000e+00 6.100000000000000000e+01 0.000000000000000000e+00 1.600000000000000089e+00 -1.129999999999999928e-03 3.596999999999999937e-03 9.999930000000000208e-01 5.759360000000000035e-01 -8.174869999999999637e-01 3.592000000000000141e-03 8.174940000000000540e-01 5.759360000000000035e-01 -1.147999999999999932e-03
2.800000000000000000e+01 6.000000000000000000e+00 6.100000000000000000e+01 0.000000000000000000e+00 1.600000000000000089e+00 -1.515000000000000071e-03 -3.350000000000000113e-04 9.999989999999999712e-01 5.729149999999999521e-01 -8.196149999999999824e-01 5.929999999999999941e-04 8.196130000000000360e-01 5.729149999999999521e-01 1.433999999999999945e-03
1.800000000000000000e+01 8.900000000000000000e+01 6.200000000000000000e+01 0.000000000000000000e+00 1.600000000000000089e+00 -1.228110000000000035e-01 4.774579999999999935e-01 8.700290000000000523e-01 8.192930000000000490e-01 5.435140000000000526e-01 -1.826230000000000075e-01 -5.600680000000000103e-01 6.903810000000000224e-01 -4.579280000000000017e-01
2.200000000000000000e+01 3.000000000000000000e+00 6.300000000000000000e+01 0.000000000000000000e+00 1.600000000000000089e+00 -1.917000000000000084e-03 -2.559000000000000077e-03 9.999949999999999672e-01 -6.193610000000000504e-01 7.851059999999999706e-01 8.220000000000000310e-04 -7.851040000000000241e-01 -6.193560000000000176e-01 -3.089999999999999865e-03
2.800000000000000000e+01 3.000000000000000000e+00 6.300000000000000000e+01 0.000000000000000000e+00 1.600000000000000089e+00 1.546000000000000065e-03 -1.628000000000000107e-03 9.999970000000000248e-01 -6.147000000000000242e-01 7.887579999999999592e-01 2.235000000000000007e-03 -7.887600000000000167e-01 -6.147019999999999706e-01 2.180000000000000134e-04
1.000000000000000000e+00 2.700000000000000000e+01 6.300000000000000000e+01 0.000000000000000000e+00 1.600000000000000089e+00 1.788000000000000093e-03 3.869000000000000043e-03 9.999909999999999632e-01 -2.668829999999999814e-01 9.637229999999999963e-01 -3.250999999999999984e-03 -9.637270000000000003e-01 -2.668749999999999734e-01 2.756000000000000203e-03
7.000000000000000000e+00 2.700000000000000000e+01 6.300000000000000000e+01 0.000000000000000000e+00 1.600000000000000089e+00 -1.930000000000000021e-04 -4.975000000000000255e-03 9.999879999999999880e-01 -2.706720000000000237e-01 9.626599999999999602e-01 4.736999999999999891e-03 -9.626719999999999722e-01 -2.706669999999999909e-01 -1.533000000000000074e-03
2.500000000000000000e+01 2.700000000000000000e+01 6.300000000000000000e+01 0.000000000000000000e+00 1.600000000000000089e+00 -2.159999999999999919e-04 -6.819000000000000408e-03 9.999770000000000048e-01 -2.749329999999999830e-01 9.614409999999999901e-01 6.497000000000000171e-03 -9.614629999999999566e-01 -2.749249999999999750e-01 -2.083000000000000216e-03
3.000000000000000000e+00 2.600000000000000000e+01 6.400000000000000000e+01 0.000000000000000000e+00 1.600000000000000089e+00 7.590000000000000175e-04 4.133999999999999654e-03 9.999909999999999632e-01 -3.506480000000000152e-01 9.364999999999999991e-01 -3.605999999999999830e-03 -9.365069999999999784e-01 -3.506429999999999825e-01 2.160000000000000028e-03
1.000000000000000000e+01 2.600000000000000000e+01 6.400000000000000000e+01 0.000000000000000000e+00 1.600000000000000089e+00 1.881999999999999992e-03 -6.849000000000000053e-03 9.999749999999999472e-01 -3.523109999999999853e-01 9.358560000000000212e-01 7.072000000000000161e-03 -9.358809999999999629e-01 -3.523160000000000180e-01 -6.520000000000000188e-04
1.400000000000000000e+01 2.600000000000000000e+01 6.400000000000000000e+01 0.000000000000000000e+00 1.600000000000000089e+00 -1.899000000000000080e-03 -2.844000000000000174e-03 9.999940000000000495e-01 -3.516179999999999861e-01 9.361410000000000009e-01 1.994999999999999812e-03 -9.361410000000000009e-01 -3.516130000000000089e-01 -2.778000000000000087e-03
2.200000000000000000e+01 2.600000000000000000e+01 6.400000000000000000e+01 0.000000000000000000e+00 1.600000000000000089e+00 7.519999999999999558e-04 -9.471000000000000252e-03 9.999550000000000383e-01 -3.588330000000000131e-01 9.333569999999999922e-01 9.110000000000000042e-03 -9.334019999999999539e-01 -3.588230000000000031e-01 -2.697000000000000178e-03
