2.500000000000000000e+01 2.500000000000000000e+01 1.000000000000000000e+00 0.000000000000000000e+00 1.600000000000000089e+00 4.655000000000000283e-03 7.281000000000000145e-03 -9.999630000000000463e-01 -5.212459999999999871e-01 -8.533629999999999827e-01 -8.640999999999999376e-03 -8.533939999999999859e-01 5.212670000000000359e-01 -1.769999999999999926e-04
5.000000000000000000e+00 1.010000000000000000e+02 7.000000000000000000e+00 0.000000000000000000e+00 1.600000000000000089e+00 -5.749999999999999903e-04 -7.553999999999999951e-03 9.999710000000000543e-01 8.892449999999999521e-01 4.574139999999999873e-01 3.967000000000000040e-03 -4.574309999999999765e-01 8.892219999999999569e-01 6.453999999999999668e-03
2.200000000000000000e+01 1.010000000000000000e+02 7.000000000000000000e+00 0.000000000000000000e+00 1.600000000000000089e+00 8.700000000000000051e-04 -7.355999999999999692e-03 9.999730000000000008e-01 8.897070000000000256e-01 4.565239999999999854e-01 2.583999999999999925e-03 -4.565299999999999914e-01 8.896810000000000551e-01 6.942000000000000254e-03
3.000000000000000000e+00 2.500000000000000000e+01 8.000000000000000000e+00 0.000000000000000000e+00 1.600000000000000089e+00 2.664999999999999834e-03 4.977999999999999786e-03 -9.999839999999999840e-01 4.374250000000000083e-01 8.992369999999999530e-01 5.642000000000000313e-03 8.992510000000000225e-01 -4.374330000000000163e-01 2.200000000000000078e-04
6.000000000000000000e+00 2.500000000000000000e+01 8.000000000000000000e+00 0.000000000000000000e+00 1.600000000000000089e+00 1.371999999999999956e-03 3.749999999999999861e-03 -9.999919999999999920e-01 4.377849999999999797e-01 8.990709999999999535e-01 3.972999999999999969e-03 8.990789999999999615e-01 -4.377869999999999817e-01 -4.079999999999999968e-04
1.200000000000000000e+01 2.500000000000000000e+01 8.000000000000000000e+00 0.000000000000000000e+00 1.600000000000000089e+00 4.449999999999999746e-04 2.964000000000000055e-03 -9.999959999999999960e-01 4.381309999999999927e-01 8.989059999999999828e-01 2.858999999999999996e-03 8.989110000000000156e-01 -4.381309999999999927e-01 -8.989999999999999511e-04
2.100000000000000000e+01 2.500000000000000000e+01 8.000000000000000000e+00 0.000000000000000000e+00 1.600000000000000089e+00 -2.419000000000000143e-03 -4.160999999999999768e-03 -9.999879999999999880e-01 4.396809999999999885e-01 8.981409999999999672e-01 -4.800999999999999712e-03 8.981510000000000327e-01 -4.396880000000000233e-01 -3.440000000000000132e-04
2.500000000000000000e+01 2.500000000000000000e+01 8.000000000000000000e+00 0.000000000000000000e+00 1.600000000000000089e+00 -3.494999999999999843e-03 -4.877000000000000259e-03 -9.999820000000000375e-01 4.402610000000000134e-01 8.978509999999999547e-01 -5.917999999999999650e-03 8.978629999999999667e-01 -4.402730000000000254e-01 -9.899999999999999946e-04
2.800000000000000000e+01 2.500000000000000000e+01 8.000000000000000000e+00 0.000000000000000000e+00 1.600000000000000089e+00 -2.675999999999999993e-03 -8.897999999999999660e-03 -9.999569999999999848e-01 4.397800000000000042e-01 8.980590000000000517e-01 -9.168000000000000801e-03 8.981019999999999559e-01 -4.397849999999999815e-01 1.508999999999999925e-03
7.000000000000000000e+00 9.000000000000000000e+00 9.000000000000000000e+00 0.000000000000000000e+00 1.600000000000000089e+00 -3.706000000000000266e-02 -1.567199999999999843e-02 -9.991900000000000226e-01 -9.769910000000000538e-01 -2.095849999999999935e-01 3.952399999999999664e-02 -2.100349999999999995e-01 9.776650000000000063e-01 -7.544999999999999624e-03
1.100000000000000000e+01 9.000000000000000000e+00 9.000000000000000000e+00 0.000000000000000000e+00 1.600000000000000089e+00 -7.305200000000000582e-02 -5.275900000000000034e-02 -9.959320000000000395e-01 -9.520950000000000246e-01 -2.936380000000000101e-01 8.539199999999999569e-02 -2.969490000000000185e-01 9.544599999999999751e-01 -2.878100000000000103e-02
2.000000000000000000e+00 2.400000000000000000e+01 9.000000000000000000e+00 0.000000000000000000e+00 1.600000000000000089e+00 2.507000000000000114e-03 8.082999999999999907e-03 -9.999639999999999640e-01 4.436849999999999961e-01 8.961440000000000516e-01 8.356000000000000580e-03 8.961789999999999479e-01 -4.436899999999999733e-01 -1.340000000000000045e-03
6.000000000000000000e+00 2.400000000000000000e+01 9.000000000000000000e+00 0.000000000000000000e+00 1.600000000000000089e+00 9.439999999999999607e-04 5.511000000000000273e-03 -9.999839999999999840e-01 4.444549999999999890e-01 8.957850000000000534e-01 5.355999999999999650e-03 8.958009999999999584e-01 -4.444529999999999870e-01 -1.603000000000000041e-03
1.200000000000000000e+01 2.400000000000000000e+01 9.000000000000000000e+00 0.000000000000000000e+00 1.600000000000000089e+00 3.869999999999999742e-04 3.543000000000000142e-03 -9.999940000000000495e-01 4.442619999999999902e-01 8.958909999999999929e-01 3.346000000000000016e-03 8.958970000000000544e-01 -4.442599999999999882e-01 -1.227000000000000009e-03
1.600000000000000000e+01 2.400000000000000000e+01 9.000000000000000000e+00 0.000000000000000000e+00 1.600000000000000089e+00 -7.799999999999999859e-05 1.869999999999999917e-04 -1.000000000000000000e+00 4.431339999999999724e-01 8.964550000000000018e-01 1.330000000000000073e-04 8.964550000000000018e-01 -4.431339999999999724e-01 -1.530000000000000056e-04
1.900000000000000000e+01 2.400000000000000000e+01 9.000000000000000000e+00 0.000000000000000000e+00 1.600000000000000089e+00 -1.685000000000000083e-03 -3.487000000000000082e-03 -9.999919999999999920e-01 4.446140000000000092e-01 8.957140000000000102e-01 -3.872000000000000008e-03 8.957199999999999607e-01 -4.446180000000000132e-01 4.100000000000000047e-05
2.500000000000000000e+01 2.400000000000000000e+01 9.000000000000000000e+00 0.000000000000000000e+00 1.600000000000000089e+00 -2.828999999999999918e-03 -6.714000000000000350e-03 -9.999730000000000008e-01 4.466300000000000270e-01 8.946889999999999565e-01 -7.270999999999999686e-03 8.947140000000000093e-01 -4.466390000000000082e-01 4.679999999999999915e-04
2.800000000000000000e+01 2.400000000000000000e+01 9.000000000000000000e+00 0.000000000000000000e+00 1.600000000000000089e+00 -1.482000000000000027e-03 -9.926000000000000795e-03 -9.999500000000000055e-01 4.460370000000000168e-01 8.949629999999999530e-01 -9.544999999999999665e-03 8.950129999999999475e-01 -4.460290000000000088e-01 3.101000000000000024e-03
2.400000000000000000e+01 7.000000000000000000e+00 1.000000000000000000e+01 0.000000000000000000e+00 1.600000000000000089e+00 -5.902799999999999714e-02 -3.851000000000000256e-02 -9.975129999999999830e-01 -9.861550000000000038e-01 -1.528730000000000089e-01 6.425699999999999468e-02 -1.549669999999999936e-01 9.874950000000000117e-01 -2.895299999999999957e-02
2.800000000000000000e+01 7.000000000000000000e+00 1.000000000000000000e+01 0.000000000000000000e+00 1.600000000000000089e+00 -6.819999999999999674e-03 -1.217299999999999979e-02 -9.999029999999999863e-01 -9.886779999999999458e-01 -1.498079999999999967e-01 8.566999999999999962e-03 -1.498980000000000035e-01 9.886399999999999633e-01 -1.101399999999999949e-02
2.300000000000000000e+01 3.000000000000000000e+00 1.100000000000000000e+01 0.000000000000000000e+00 1.600000000000000089e+00 -6.870000000000000022e-04 -7.535799999999999443e-02 9.971560000000000423e-01 1.378389999999999893e-01 -9.876449999999999951e-01 -7.454500000000000015e-02 9.904539999999999456e-01 1.373959999999999904e-01 1.106599999999999945e-02
4.000000000000000000e+00 3.000000000000000000e+01 1.200000000000000000e+01 0.000000000000000000e+00 1.600000000000000089e+00 -1.059099999999999972e-02 -1.216369999999999951e-01 9.925180000000000113e-01 -2.497399999999999967e-02 9.922959999999999559e-01 1.213430000000000064e-01 -9.996319999999999650e-01 -2.350199999999999859e-02 -1.354799999999999928e-02
8.000000000000000000e+00 3.100000000000000000e+01 1.200000000000000000e+01 0.000000000000000000e+00 1.600000000000000089e+00 2.879000000000000049e-03 -2.143160000000000065e-01 9.767599999999999616e-01 -6.577500000000000013e-02 9.746080000000000298e-01 2.140370000000000050e-01 -9.978299999999999947e-01 -6.486300000000000399e-02 -1.129100000000000069e-02
1.000000000000000000e+01 3.500000000000000000e+01 1.300000000000000000e+01 0.000000000000000000e+00 1.600000000000000089e+00 -1.912079999999999891e-01 -5.317500000000000004e-02 9.801079999999999792e-01 9.676749999999999519e-01 -1.775110000000000021e-01 1.791510000000000047e-01 1.644529999999999881e-01 9.826810000000000267e-01 8.539700000000000069e-02
1.900000000000000000e+01 3.200000000000000000e+01 1.400000000000000000e+01 0.000000000000000000e+00 1.600000000000000089e+00 1.033000000000000064e-03 -1.531999999999999942e-03 -9.999980000000000535e-01 1.169800000000000006e-01 9.931330000000000435e-01 -1.399999999999999986e-03 9.931339999999999613e-01 -1.169779999999999986e-01 1.204999999999999908e-03
2.300000000000000000e+01 3.200000000000000000e+01 1.400000000000000000e+01 0.000000000000000000e+00 1.600000000000000089e+00 2.739999999999999923e-04 2.699000000000000010e-03 -9.999959999999999960e-01 1.179349999999999982e-01 9.930179999999999563e-01 2.712000000000000001e-03 9.930210000000000425e-01 -1.179359999999999992e-01 -4.600000000000000004e-05
2.700000000000000000e+01 3.200000000000000000e+01 1.400000000000000000e+01 0.000000000000000000e+00 1.600000000000000089e+00 -3.440000000000000132e-04 2.712000000000000001e-03 -9.999959999999999960e-01 1.188540000000000013e-01 9.929080000000000128e-01 2.651999999999999844e-03 9.929120000000000168e-01 -1.188519999999999993e-01 -6.639999999999999852e-04
2.000000000000000000e+00 1.200000000000000000e+01 1.600000000000000000e+01 0.000000000000000000e+00 1.600000000000000089e+00 3.919999999999999873e-03 -1.628100000000000033e-02 9.998599999999999710e-01 2.674009999999999998e-01 -9.634399999999999631e-01 -1.673699999999999841e-02 9.635770000000000168e-01 2.674289999999999723e-01 5.760000000000000146e-04
5.000000000000000000e+00 1.200000000000000000e+01 1.600000000000000000e+01 0.000000000000000000e+00 1.600000000000000089e+00 7.093999999999999612e-03 -2.120400000000000063e-02 9.997500000000000275e-01 2.691080000000000139e-01 -9.628510000000000124e-01 -2.233100000000000016e-02 9.630840000000000511e-01 2.691990000000000216e-01 -1.123999999999999999e-03
2.000000000000000000e+00 1.160000000000000000e+02 1.600000000000000000e+01 0.000000000000000000e+00 1.600000000000000089e+00 1.312000000000000015e-03 1.766999999999999908e-03 9.999980000000000535e-01 7.770019999999999705e-01 6.294939999999999980e-01 -2.132000000000000214e-03 -6.294969999999999732e-01 7.770029999999999992e-01 -5.479999999999999845e-04
1.400000000000000000e+01 1.160000000000000000e+02 1.600000000000000000e+01 0.000000000000000000e+00 1.600000000000000089e+00 1.693999999999999976e-03 4.433999999999999574e-03 9.999890000000000168e-01 7.162619999999999543e-01 6.978189999999999671e-01 -4.308000000000000197e-03 -6.978299999999999503e-01 7.162610000000000365e-01 -1.992999999999999980e-03
2.000000000000000000e+01 1.160000000000000000e+02 1.600000000000000000e+01 0.000000000000000000e+00 1.600000000000000089e+00 -4.620000000000000083e-04 1.900999999999999912e-03 9.999980000000000535e-01 7.056090000000000417e-01 7.086010000000000364e-01 -1.020999999999999989e-03 -7.086010000000000364e-01 7.056069999999999842e-01 -1.668999999999999911e-03
2.600000000000000000e+01 1.160000000000000000e+02 1.600000000000000000e+01 0.000000000000000000e+00 1.600000000000000089e+00 -3.781000000000000073e-03 -3.194999999999999923e-03 9.999879999999999880e-01 7.395159999999999512e-01 6.731209999999999694e-01 4.947000000000000008e-03 -6.731289999999999774e-01 7.395249999999999879e-01 -1.820000000000000057e-04
3.000000000000000000e+00 3.400000000000000000e+01 1.800000000000000000e+01 0.000000000000000000e+00 1.600000000000000089e+00 2.363740000000000008e-01 2.749789999999999734e-01 9.319410000000000194e-01 -9.506759999999999655e-01 2.637109999999999732e-01 1.633149999999999880e-01 -2.008550000000000058e-01 -9.245769999999999822e-01 3.237499999999999822e-01
1.800000000000000000e+01 2.000000000000000000e+00 1.900000000000000000e+01 0.000000000000000000e+00 1.600000000000000089e+00 9.860000000000000708e-03 -5.233199999999999658e-02 -9.985810000000000519e-01 3.640970000000000040e-01 -9.298899999999999944e-01 5.232699999999999851e-02 -9.313090000000000535e-01 -3.640959999999999752e-01 9.884999999999999690e-03
2.800000000000000000e+01 2.000000000000000000e+00 1.900000000000000000e+01 0.000000000000000000e+00 1.600000000000000089e+00 -2.279999999999999909e-03 -1.745999999999999983e-02 -9.998449999999999838e-01 3.442490000000000272e-01 -9.387489999999999446e-01 1.560800000000000035e-02 -9.388760000000000439e-01 -3.441600000000000215e-01 8.151000000000000259e-03
1.100000000000000000e+01 3.000000000000000000e+00 1.900000000000000000e+01 0.000000000000000000e+00 1.600000000000000089e+00 8.692999999999999339e-03 -4.697300000000000086e-02 -9.988580000000000236e-01 3.398100000000000009e-01 -9.393120000000000358e-01 4.713099999999999928e-02 -9.404540000000000122e-01 -3.398320000000000229e-01 7.795999999999999978e-03
9.000000000000000000e+00 4.000000000000000000e+00 2.000000000000000000e+01 0.000000000000000000e+00 1.600000000000000089e+00 3.850999999999999823e-03 -3.428199999999999997e-02 -9.994049999999999878e-01 3.813790000000000235e-01 -9.238239999999999785e-01 3.315900000000000097e-02 -9.244109999999999827e-01 -3.812800000000000078e-01 9.516999999999999418e-03
2.500000000000000000e+01 4.000000000000000000e+00 2.000000000000000000e+01 0.000000000000000000e+00 1.600000000000000089e+00 -7.990000000000000140e-04 -1.483100000000000043e-02 -9.998899999999999455e-01 3.273289999999999811e-01 -9.448100000000000387e-01 1.375299999999999960e-02 -9.449100000000000277e-01 -3.272820000000000173e-01 5.610000000000000403e-03
6.000000000000000000e+00 1.300000000000000000e+01 2.000000000000000000e+01 0.000000000000000000e+00 1.600000000000000089e+00 -1.368000000000000075e-03 4.278999999999999818e-03 9.999900000000000455e-01 2.624380000000000046e-01 9.649419999999999664e-01 -3.769000000000000215e-03 -9.649480000000000279e-01 2.624299999999999966e-01 -2.442999999999999859e-03
1.100000000000000000e+01 1.300000000000000000e+01 2.000000000000000000e+01 0.000000000000000000e+00 1.600000000000000089e+00 8.620000000000000275e-04 -3.402000000000000076e-03 9.999940000000000495e-01 2.602470000000000061e-01 9.655369999999999786e-01 3.059999999999999786e-03 -9.655420000000000114e-01 2.602430000000000021e-01 1.717999999999999909e-03
1.400000000000000000e+01 1.300000000000000000e+01 2.000000000000000000e+01 0.000000000000000000e+00 1.600000000000000089e+00 1.048000000000000103e-03 -8.684000000000000746e-03 9.999620000000000175e-01 2.580760000000000276e-01 9.660910000000000331e-01 8.118999999999999481e-03 -9.661239999999999828e-01 2.580569999999999808e-01 3.253999999999999948e-03
2.000000000000000000e+01 1.300000000000000000e+01 2.000000000000000000e+01 0.000000000000000000e+00 1.600000000000000089e+00 -1.364999999999999894e-03 -1.969999999999999909e-04 9.999989999999999712e-01 2.599069999999999991e-01 9.656329999999999636e-01 5.450000000000000200e-04 -9.656329999999999636e-01 2.599079999999999724e-01 -1.266999999999999897e-03
2.600000000000000000e+01 1.300000000000000000e+01 2.000000000000000000e+01 0.000000000000000000e+00 1.600000000000000089e+00 -2.314000000000000085e-03 -1.577999999999999976e-03 9.999959999999999960e-01 2.625870000000000148e-01 9.649060000000000414e-01 2.129999999999999949e-03 -9.649050000000000127e-01 2.625910000000000188e-01 -1.817999999999999955e-03
3.000000000000000000e+00 1.600000000000000000e+01 2.100000000000000000e+01 0.000000000000000000e+00 1.600000000000000089e+00 -4.600000000000000004e-05 5.283999999999999635e-03 9.999860000000000415e-01 2.956779999999999964e-01 9.552739999999999565e-01 -5.034000000000000280e-03 -9.552880000000000260e-01 2.956730000000000191e-01 -1.606999999999999922e-03
1.700000000000000000e+01 1.600000000000000000e+01 2.100000000000000000e+01 0.000000000000000000e+00 1.600000000000000089e+00 3.539999999999999853e-04 -9.048999999999999752e-03 9.999590000000000423e-01 2.974580000000000002e-01 9.546970000000000178e-01 8.533999999999999919e-03 -9.547350000000000003e-01 2.974430000000000129e-01 3.030000000000000141e-03
2.200000000000000000e+01 1.600000000000000000e+01 2.100000000000000000e+01 0.000000000000000000e+00 1.600000000000000089e+00 -8.599999999999999789e-04 5.825000000000000316e-03 9.999829999999999552e-01 2.982569999999999943e-01 9.544709999999999583e-01 -5.303000000000000422e-03 -9.544850000000000279e-01 2.982469999999999843e-01 -2.557999999999999944e-03
2.700000000000000000e+01 1.600000000000000000e+01 2.100000000000000000e+01 0.000000000000000000e+00 1.600000000000000089e+00 -2.569000000000000103e-03 -5.288000000000000166e-03 9.999829999999999552e-01 2.985510000000000108e-01 9.543760000000000021e-01 5.813999999999999724e-03 -9.543899999999999606e-01 2.985610000000000208e-01 -8.729999999999999696e-04
2.200000000000000000e+01 4.100000000000000000e+01 2.400000000000000000e+01 0.000000000000000000e+00 1.600000000000000089e+00 2.229659999999999975e-01 4.056900000000000089e-02 9.739820000000000144e-01 -9.067089999999999872e-01 3.755600000000000049e-01 1.919220000000000093e-01 -3.580019999999999869e-01 -9.259100000000000108e-01 1.205210000000000031e-01
1.600000000000000000e+01 2.000000000000000000e+00 2.500000000000000000e+01 0.000000000000000000e+00 1.600000000000000089e+00 1.104699999999999953e-02 -4.369100000000000067e-02 9.989839999999999831e-01 7.584200000000000663e-02 -9.961309999999999887e-01 -4.440500000000000003e-02 9.970590000000000286e-01 7.625600000000000434e-02 -7.690999999999999920e-03
2.000000000000000000e+00 3.000000000000000000e+00 2.500000000000000000e+01 0.000000000000000000e+00 1.600000000000000089e+00 8.689999999999999808e-03 -7.249000000000000235e-03 9.999360000000000470e-01 3.538899999999999685e-02 -9.993450000000000388e-01 -7.552999999999999818e-03 9.993360000000000021e-01 3.545299999999999840e-02 -8.427000000000000463e-03
9.000000000000000000e+00 3.000000000000000000e+00 2.500000000000000000e+01 0.000000000000000000e+00 1.600000000000000089e+00 9.577999999999999708e-03 -2.093899999999999928e-02 9.997350000000000403e-01 1.686500000000000152e-02 -9.996350000000000513e-01 -2.109799999999999870e-02 9.998120000000000340e-01 1.706200000000000078e-02 -9.221000000000000030e-03
1.700000000000000000e+01 3.000000000000000000e+00 2.500000000000000000e+01 0.000000000000000000e+00 1.600000000000000089e+00 2.410999999999999949e-03 -3.641799999999999898e-02 9.993339999999999446e-01 -1.603600000000000164e-02 -9.992100000000000426e-01 -3.637499999999999761e-02 9.998690000000000078e-01 -1.593800000000000078e-02 -2.994000000000000133e-03
2.000000000000000000e+01 3.000000000000000000e+00 2.500000000000000000e+01 0.000000000000000000e+00 1.600000000000000089e+00 -3.163000000000000013e-03 -1.704599999999999865e-02 9.998500000000000165e-01 -2.986499999999999919e-02 -9.994070000000000453e-01 -1.713299999999999892e-02 9.995490000000000208e-01 -2.991399999999999962e-02 2.651999999999999844e-03
1.000000000000000000e+00 2.900000000000000000e+01 2.600000000000000000e+01 0.000000000000000000e+00 1.600000000000000089e+00 9.053000000000000283e-03 5.618900000000000283e-02 -9.983790000000000164e-01 9.633600000000000496e-02 -9.938249999999999584e-01 -5.505899999999999683e-02 -9.953079999999999705e-01 -9.568200000000000316e-02 -1.440999999999999920e-02
1.400000000000000000e+01 5.800000000000000000e+01 3.100000000000000000e+01 0.000000000000000000e+00 1.600000000000000089e+00 8.902000000000000191e-03 1.103499999999999967e-02 9.999000000000000110e-01 -8.107309999999999794e-01 -5.852589999999999737e-01 1.367600000000000066e-02 5.853509999999999547e-01 -8.107720000000000482e-01 3.736000000000000171e-03
2.000000000000000000e+01 5.800000000000000000e+01 3.100000000000000000e+01 0.000000000000000000e+00 1.600000000000000089e+00 3.800000000000000209e-04 -5.818000000000000255e-03 9.999829999999999552e-01 -8.101319999999999633e-01 -5.862399999999999833e-01 -3.102999999999999856e-03 5.862479999999999913e-01 -8.101169999999999760e-01 -4.937000000000000416e-03
2.400000000000000000e+01 5.800000000000000000e+01 3.100000000000000000e+01 0.000000000000000000e+00 1.600000000000000089e+00 3.269999999999999795e-04 -6.936999999999999590e-03 9.999759999999999760e-01 -8.086640000000000494e-01 -5.882579999999999476e-01 -3.815999999999999948e-03 5.882699999999999596e-01 -8.086440000000000294e-01 -5.801999999999999866e-03
3.000000000000000000e+00 3.600000000000000000e+01 3.700000000000000000e+01 0.000000000000000000e+00 1.600000000000000089e+00 2.123659999999999992e-01 -2.023639999999999883e-01 9.560070000000000512e-01 2.773599999999999954e-01 9.505700000000000260e-01 1.396000000000000019e-01 -9.370009999999999728e-01 2.355119999999999991e-01 2.579969999999999763e-01
1.100000000000000000e+01 4.600000000000000000e+01 4.100000000000000000e+01 0.000000000000000000e+00 1.600000000000000089e+00 -4.954629999999999868e-01 5.244999999999999662e-03 8.686129999999999685e-01 5.987689999999999957e-01 -7.223749999999999893e-01 3.459039999999999893e-01 6.292790000000000328e-01 6.914810000000000123e-01 3.547699999999999743e-01
2.900000000000000000e+01 4.800000000000000000e+01 4.100000000000000000e+01 0.000000000000000000e+00 1.600000000000000089e+00 1.288080000000000058e-01 1.153290000000000010e-01 9.849409999999999554e-01 8.141859999999999653e-01 5.547189999999999621e-01 -1.714299999999999990e-01 -5.661359999999999726e-01 8.240060000000000162e-01 -2.244700000000000167e-02
2.000000000000000000e+00 3.000000000000000000e+00 4.300000000000000000e+01 0.000000000000000000e+00 1.600000000000000089e+00 5.529999999999999976e-04 -1.555600000000000038e-02 -9.998789999999999623e-01 7.321689999999999587e-01 -6.810340000000000282e-01 1.099999999999999936e-02 -6.811230000000000340e-01 -7.320860000000000145e-01 1.101300000000000022e-02
6.000000000000000000e+00 3.000000000000000000e+00 4.300000000000000000e+01 0.000000000000000000e+00 1.600000000000000089e+00 -3.579999999999999849e-03 4.569999999999999952e-04 -9.999930000000000208e-01 7.300680000000000502e-01 -6.833679999999999755e-01 -2.926000000000000215e-03 -6.833650000000000002e-01 -7.300740000000000007e-01 2.112999999999999861e-03
4.000000000000000000e+00 3.500000000000000000e+01 4.300000000000000000e+01 0.000000000000000000e+00 1.600000000000000089e+00 -3.698029999999999928e-01 -4.775139999999999940e-01 -7.970110000000000250e-01 -8.084780000000000300e-01 5.880859999999999976e-01 2.278300000000000117e-02 4.578320000000000167e-01 6.527899999999999814e-01 -6.035350000000000437e-01
3.000000000000000000e+00 3.600000000000000000e+01 4.300000000000000000e+01 0.000000000000000000e+00 1.600000000000000089e+00 -4.352699999999999902e-01 -4.612859999999999738e-01 7.731470000000000287e-01 7.378500000000000059e-01 -6.748439999999999994e-01 1.276399999999999930e-02 5.158660000000000467e-01 5.760220000000000340e-01 6.340989999999999682e-01
1.500000000000000000e+01 8.000000000000000000e+00 4.400000000000000000e+01 0.000000000000000000e+00 1.600000000000000089e+00 -1.273000000000000043e-03 -1.448999999999999984e-03 9.999980000000000535e-01 -7.908450000000000202e-01 -6.120139999999999469e-01 -1.894000000000000067e-03 6.120160000000000045e-01 -7.908460000000000489e-01 -3.669999999999999760e-04
1.800000000000000000e+01 8.000000000000000000e+00 4.400000000000000000e+01 0.000000000000000000e+00 1.600000000000000089e+00 4.260000000000000006e-04 4.414000000000000389e-03 9.999900000000000455e-01 -7.916889999999999761e-01 -6.109170000000000433e-01 3.033999999999999805e-03 6.109240000000000226e-01 -7.916819999999999968e-01 3.233999999999999896e-03
2.200000000000000000e+01 8.000000000000000000e+00 4.400000000000000000e+01 0.000000000000000000e+00 1.600000000000000089e+00 -3.076999999999999874e-03 6.459999999999999814e-04 9.999949999999999672e-01 -7.930749999999999744e-01 -6.091210000000000235e-01 -2.047000000000000208e-03 6.091159999999999908e-01 -7.930770000000000319e-01 2.386000000000000100e-03
5.000000000000000000e+00 3.500000000000000000e+01 4.400000000000000000e+01 0.000000000000000000e+00 1.600000000000000089e+00 -2.328189999999999982e-01 -5.668109999999999538e-01 -7.902660000000000240e-01 -9.303839999999999888e-01 3.664120000000000155e-01 1.129400000000000022e-02 2.831609999999999960e-01 7.378810000000000091e-01 -6.126599999999999824e-01
4.000000000000000000e+00 3.600000000000000000e+01 4.400000000000000000e+01 0.000000000000000000e+00 1.600000000000000089e+00 -4.165780000000000038e-01 -4.865630000000000233e-01 7.679310000000000302e-01 7.892780000000000351e-01 -6.127359999999999474e-01 3.992699999999999722e-02 4.511129999999999862e-01 6.227439999999999642e-01 6.392860000000000209e-01
3.000000000000000000e+01 7.000000000000000000e+01 4.700000000000000000e+01 0.000000000000000000e+00 1.600000000000000089e+00 1.984400000000000053e-02 2.532299999999999829e-02 -9.994819999999999816e-01 -8.386149999999999993e-01 -5.438739999999999686e-01 -3.042999999999999872e-02 -5.443630000000000413e-01 8.387850000000000028e-01 1.044299999999999916e-02
2.800000000000000000e+01 2.900000000000000000e+01 4.800000000000000000e+01 0.000000000000000000e+00 1.600000000000000089e+00 4.623000000000000373e-03 -1.013750000000000068e-01 9.948380000000000001e-01 3.554590000000000249e-01 9.300420000000000353e-01 9.312099999999999544e-02 -9.346809999999999841e-01 3.531929999999999792e-01 4.033400000000000180e-02
2.000000000000000000e+00 3.100000000000000000e+01 4.900000000000000000e+01 0.000000000000000000e+00 1.600000000000000089e+00 -1.705900000000000125e-02 -1.987720000000000042e-01 -9.798970000000000180e-01 3.235669999999999935e-01 -9.284010000000000318e-01 1.826929999999999943e-01 -9.460520000000000040e-01 -3.139449999999999741e-01 8.015400000000000302e-02
1.400000000000000000e+01 3.700000000000000000e+01 5.100000000000000000e+01 0.000000000000000000e+00 1.600000000000000089e+00 -4.020900000000000030e-01 -3.836319999999999730e-01 8.313540000000000374e-01 9.002379999999999827e-01 -3.312789999999999901e-01 2.825349999999999806e-01 1.670210000000000028e-01 8.620210000000000372e-01 4.785639999999999894e-01
1.600000000000000000e+01 3.800000000000000000e+01 5.100000000000000000e+01 0.000000000000000000e+00 1.600000000000000089e+00 -3.731149999999999745e-01 -3.989880000000000093e-01 8.376120000000000232e-01 9.226879999999999526e-01 -2.540799999999999725e-01 2.899829999999999908e-01 9.712099999999999900e-02 8.810519999999999463e-01 4.629420000000000202e-01
2.000000000000000000e+01 7.000000000000000000e+00 5.200000000000000000e+01 0.000000000000000000e+00 1.600000000000000089e+00 -3.570000000000000040e-04 2.139999999999999975e-03 -9.999980000000000535e-01 7.695599999999999663e-02 -9.970320000000000293e-01 -2.161000000000000160e-03 -9.970339999999999758e-01 -7.695699999999999763e-02 1.910000000000000077e-04
2.800000000000000000e+01 5.800000000000000000e+01 5.200000000000000000e+01 0.000000000000000000e+00 1.600000000000000089e+00 -8.493999999999999814e-03 -1.235299999999999940e-02 9.998879999999999990e-01 -6.143539999999999557e-01 7.890169999999999684e-01 4.529000000000000040e-03 -7.889850000000000474e-01 -6.142469999999999875e-01 -1.429099999999999988e-02
2.400000000000000000e+01 5.700000000000000000e+01 5.300000000000000000e+01 0.000000000000000000e+00 1.600000000000000089e+00 -1.271699999999999914e-02 -1.584699999999999998e-02 9.997939999999999605e-01 -5.393630000000000368e-01 8.420490000000000475e-01 6.485999999999999578e-03 -8.419769999999999754e-01 -5.391690000000000094e-01 -1.925500000000000128e-02
1.100000000000000000e+01 6.300000000000000000e+01 5.400000000000000000e+01 0.000000000000000000e+00 1.600000000000000089e+00 2.329999999999999986e-04 -2.680000000000000090e-03 9.999959999999999960e-01 -3.587270000000000181e-01 9.334390000000000187e-01 2.585000000000000058e-03 -9.334430000000000227e-01 -3.587259999999999893e-01 -7.439999999999999782e-04
1.700000000000000000e+01 6.300000000000000000e+01 5.400000000000000000e+01 0.000000000000000000e+00 1.600000000000000089e+00 1.806000000000000097e-03 -8.200000000000000095e-05 9.999980000000000535e-01 -3.630390000000000006e-01 9.317739999999999911e-01 7.320000000000000118e-04 -9.317720000000000447e-01 -3.630390000000000006e-01 1.652999999999999955e-03
2.500000000000000000e+01 6.300000000000000000e+01 5.400000000000000000e+01 0.000000000000000000e+00 1.600000000000000089e+00 -2.056999999999999801e-03 -5.262000000000000184e-03 9.999839999999999840e-01 -3.694879999999999831e-01 9.292259999999999964e-01 4.129999999999999991e-03 -9.292329999999999757e-01 -3.694729999999999959e-01 -3.854999999999999920e-03
3.000000000000000000e+01 6.300000000000000000e+01 5.400000000000000000e+01 0.000000000000000000e+00 1.600000000000000089e+00 -3.565000000000000027e-03 -5.699999999999999772e-04 9.999930000000000208e-01 -3.704999999999999960e-01 9.288319999999999910e-01 -7.919999999999999523e-04 -9.288260000000000405e-01 -3.704999999999999960e-01 -3.523000000000000090e-03
8.000000000000000000e+00 2.500000000000000000e+01 5.500000000000000000e+01 0.000000000000000000e+00 1.600000000000000089e+00 8.040000000000000271e-04 1.580000000000000024e-03 -9.999980000000000535e-01 -1.069100000000000085e-02 -9.999419999999999975e-01 -1.588000000000000002e-03 -9.999430000000000263e-01 1.069200000000000012e-02 -7.870000000000000476e-04
2.600000000000000000e+01 2.600000000000000000e+01 5.500000000000000000e+01 0.000000000000000000e+00 1.600000000000000089e+00 -5.230000000000000274e-04 -5.590999999999999616e-03 -9.999839999999999840e-01 -2.788600000000000106e-02 -9.995950000000000113e-01 5.603000000000000341e-03 -9.996110000000000273e-01 2.788799999999999960e-02 3.669999999999999760e-04
2.800000000000000000e+01 2.900000000000000000e+01 5.500000000000000000e+01 0.000000000000000000e+00 1.600000000000000089e+00 2.854999999999999899e-03 3.895799999999999957e-02 9.992370000000000418e-01 7.156200000000000061e-02 -9.966869999999999896e-01 3.865400000000000086e-02 9.974319999999999853e-01 7.139700000000000213e-02 -5.632999999999999986e-03
1.300000000000000000e+01 2.000000000000000000e+01 6.000000000000000000e+01 0.000000000000000000e+00 1.600000000000000089e+00 1.376999999999999969e-03 -2.145999999999999904e-03 9.999970000000000248e-01 -6.040800000000000336e-02 9.981710000000000305e-01 2.226000000000000114e-03 -9.981729999999999769e-01 -6.041099999999999942e-02 1.245000000000000013e-03
2.600000000000000000e+01 2.000000000000000000e+01 6.000000000000000000e+01 0.000000000000000000e+00 1.600000000000000089e+00 1.606999999999999922e-03 1.471000000000000085e-03 9.999980000000000535e-01 -6.304800000000000681e-02 9.980099999999999527e-01 -1.366999999999999943e-03 -9.980090000000000350e-01 -6.304600000000000481e-02 1.696999999999999941e-03
4.000000000000000000e+00 2.100000000000000000e+01 6.000000000000000000e+01 0.000000000000000000e+00 1.600000000000000089e+00 -5.130000000000000011e-04 -4.104000000000000009e-03 9.999909999999999632e-01 -9.549599999999999755e-02 9.954220000000000290e-01 4.035999999999999657e-03 -9.954300000000000370e-01 -9.549399999999999555e-02 -9.030000000000000483e-04
9.000000000000000000e+00 2.100000000000000000e+01 6.000000000000000000e+01 0.000000000000000000e+00 1.600000000000000089e+00 7.799999999999999859e-04 -6.602000000000000229e-03 9.999780000000000335e-01 -9.288499999999999535e-02 9.956549999999999567e-01 6.645999999999999998e-03 -9.956770000000000342e-01 -9.288799999999999835e-02 1.640000000000000019e-04
1.700000000000000000e+01 2.100000000000000000e+01 6.000000000000000000e+01 0.000000000000000000e+00 1.600000000000000089e+00 -9.219999999999999680e-04 -3.883000000000000167e-03 9.999919999999999920e-01 -9.734299999999999897e-02 9.952440000000000175e-01 3.775000000000000144e-03 -9.952499999999999680e-01 -9.733899999999999497e-02 -1.294999999999999927e-03
2.300000000000000000e+01 2.100000000000000000e+01 6.000000000000000000e+01 0.000000000000000000e+00 1.600000000000000089e+00 -2.130000000000000003e-04 2.700000000000000143e-03 9.999959999999999960e-01 -9.524299999999999433e-02 9.954499999999999460e-01 -2.707999999999999904e-03 -9.954539999999999500e-01 -9.524399999999999533e-02 4.500000000000000283e-05
3.000000000000000000e+00 2.700000000000000000e+01 6.300000000000000000e+01 0.000000000000000000e+00 1.600000000000000089e+00 2.892000000000000039e-03 -7.118000000000000195e-03 9.999700000000000255e-01 -2.748539999999999872e-01 9.614559999999999773e-01 7.638999999999999957e-03 -9.614819999999999478e-01 -2.748680000000000012e-01 8.239999999999999712e-04
7.000000000000000000e+00 2.700000000000000000e+01 6.300000000000000000e+01 0.000000000000000000e+00 1.600000000000000089e+00 2.039000000000000014e-03 -1.353000000000000036e-03 9.999970000000000248e-01 -2.749389999999999890e-01 9.614599999999999813e-01 1.861000000000000024e-03 -9.614599999999999813e-01 -2.749420000000000197e-01 1.588000000000000002e-03
1.000000000000000000e+01 2.700000000000000000e+01 6.300000000000000000e+01 0.000000000000000000e+00 1.600000000000000089e+00 4.899999999999999842e-04 -7.145999999999999575e-03 9.999740000000000295e-01 -2.758959999999999746e-01 9.611619999999999608e-01 7.003999999999999809e-03 -9.611870000000000136e-01 -2.758920000000000261e-01 -1.500999999999999947e-03
1.500000000000000000e+01 2.700000000000000000e+01 6.300000000000000000e+01 0.000000000000000000e+00 1.600000000000000089e+00 -1.748999999999999904e-03 -8.184999999999999568e-03 9.999649999999999928e-01 -2.765630000000000033e-01 9.609680000000000444e-01 7.381999999999999673e-03 -9.609940000000000149e-01 -2.765400000000000080e-01 -3.943999999999999589e-03
2.600000000000000000e+01 2.700000000000000000e+01 6.300000000000000000e+01 0.000000000000000000e+00 1.600000000000000089e+00 -3.190000000000000019e-04 8.059999999999999673e-04 1.000000000000000000e+00 -2.705629999999999979e-01 9.627019999999999467e-01 -8.630000000000000518e-04 -9.627019999999999467e-01 -2.705629999999999979e-01 -8.899999999999999491e-05
4.000000000000000000e+00 2.600000000000000000e+01 6.400000000000000000e+01 0.000000000000000000e+00 1.600000000000000089e+00 3.383000000000000156e-03 -5.181999999999999974e-03 9.999810000000000088e-01 -3.671710000000000251e-01 9.301340000000000163e-01 6.061999999999999680e-03 -9.301469999999999461e-01 -3.671840000000000104e-01 1.244000000000000097e-03
1.000000000000000000e+01 2.600000000000000000e+01 6.400000000000000000e+01 0.000000000000000000e+00 1.600000000000000089e+00 1.889999999999999970e-03 -7.346000000000000099e-03 9.999710000000000543e-01 -3.653310000000000168e-01 9.308469999999999800e-01 7.529000000000000102e-03 -9.308760000000000367e-01 -3.653339999999999921e-01 -9.240000000000000166e-04
1.500000000000000000e+01 2.600000000000000000e+01 6.400000000000000000e+01 0.000000000000000000e+00 1.600000000000000089e+00 -1.134999999999999941e-03 -9.783000000000000029e-03 9.999510000000000343e-01 -3.674319999999999808e-01 9.300100000000000033e-01 8.682000000000000481e-03 -9.300500000000000433e-01 -3.674040000000000084e-01 -4.649999999999999620e-03
2.000000000000000000e+01 2.600000000000000000e+01 6.400000000000000000e+01 0.000000000000000000e+00 1.600000000000000089e+00 -1.129999999999999955e-04 -1.301000000000000073e-03 9.999989999999999712e-01 -3.623560000000000114e-01 9.320389999999999509e-01 1.172000000000000082e-03 -9.320399999999999796e-01 -3.623560000000000114e-01 -5.770000000000000389e-04
2.600000000000000000e+01 2.600000000000000000e+01 6.400000000000000000e+01 0.000000000000000000e+00 1.600000000000000089e+00 2.640000000000000202e-04 6.059999999999999849e-04 1.000000000000000000e+00 -3.625050000000000217e-01 9.319819999999999771e-01 -4.690000000000000158e-04 -9.319819999999999771e-01 -3.625050000000000217e-01 4.659999999999999971e-04
2.700000000000000000e+01 8.000000000000000000e+00 6.700000000000000000e+01 0.000000000000000000e+00 1.600000000000000089e+00 -4.795999999999999916e-03 -5.847999999999999900e-03 -9.999710000000000543e-01 -1.402670000000000028e-01 -9.900930000000000009e-01 6.462999999999999995e-03 -9.901020000000000376e-01 1.402940000000000020e-01 3.928000000000000068e-03
2.800000000000000000e+01 7.100000000000000000e+01 7.200000000000000000e+01 0.000000000000000000e+00 1.600000000000000089e+00 7.643229999999999746e-01 4.453829999999999734e-01 4.663080000000000003e-01 -3.124609999999999888e-01 -3.767690000000000206e-01 8.720160000000000133e-01 5.640720000000000178e-01 -8.122059999999999835e-01 -1.488089999999999968e-01
2.000000000000000000e+00 2.500000000000000000e+01 7.300000000000000000e+01 0.000000000000000000e+00 1.600000000000000089e+00 3.285000000000000159e-03 -5.619999999999999996e-04 9.999940000000000495e-01 7.623670000000000169e-01 -6.471390000000000198e-01 -2.867999999999999890e-03 6.471369999999999623e-01 7.623720000000000496e-01 -1.696999999999999941e-03
5.000000000000000000e+00 2.500000000000000000e+01 7.300000000000000000e+01 0.000000000000000000e+00 1.600000000000000089e+00 2.955999999999999860e-03 -1.033000000000000064e-03 9.999949999999999672e-01 7.636129999999999862e-01 -6.456669999999999909e-01 -2.923999999999999950e-03 6.456669999999999909e-01 7.636180000000000190e-01 -1.119999999999999902e-03
1.100000000000000000e+01 2.500000000000000000e+01 7.300000000000000000e+01 0.000000000000000000e+00 1.600000000000000089e+00 -3.523000000000000090e-03 -1.354799999999999928e-02 9.999019999999999575e-01 7.526669999999999749e-01 -6.583719999999999573e-01 -6.269000000000000267e-03 6.583919999999999773e-01 7.525709999999999900e-01 1.251700000000000035e-02
1.900000000000000000e+01 2.500000000000000000e+01 7.300000000000000000e+01 0.000000000000000000e+00 1.600000000000000089e+00 -1.072999999999999952e-03 -6.629999999999999609e-04 9.999989999999999712e-01 7.505669999999999842e-01 -6.607939999999999925e-01 3.669999999999999760e-04 6.607929999999999637e-01 7.505669999999999842e-01 1.206999999999999957e-03
2.500000000000000000e+01 2.500000000000000000e+01 7.300000000000000000e+01 0.000000000000000000e+00 1.600000000000000089e+00 2.443999999999999992e-03 5.385000000000000030e-03 9.999829999999999552e-01 7.554889999999999661e-01 -6.551590000000000469e-01 1.681999999999999901e-03 6.551569999999999894e-01 7.554720000000000324e-01 -5.669999999999999693e-03
5.000000000000000000e+00 4.400000000000000000e+01 7.300000000000000000e+01 0.000000000000000000e+00 1.600000000000000089e+00 -8.859999999999999603e-04 -2.547999999999999918e-03 9.999959999999999960e-01 5.422799999999999843e-02 -9.985260000000000247e-01 -2.497000000000000088e-03 9.985279999999999712e-01 5.422500000000000236e-02 1.023000000000000038e-03
1.200000000000000000e+01 4.400000000000000000e+01 7.300000000000000000e+01 0.000000000000000000e+00 1.600000000000000089e+00 3.480000000000000020e-04 8.970000000000000109e-04 1.000000000000000000e+00 5.484699999999999992e-02 -9.984939999999999927e-01 8.760000000000000425e-04 9.984950000000000214e-01 5.484699999999999992e-02 -3.959999999999999762e-04
2.800000000000000000e+01 5.600000000000000000e+01 7.500000000000000000e+01 0.000000000000000000e+00 1.600000000000000089e+00 2.564359999999999973e-01 8.293570000000000109e-01 4.963940000000000019e-01 -5.085200000000000137e-02 5.244320000000000093e-01 -8.499320000000000208e-01 -9.652230000000000532e-01 1.927099999999999924e-01 1.766570000000000085e-01
6.000000000000000000e+00 5.100000000000000000e+01 7.600000000000000000e+01 0.000000000000000000e+00 1.600000000000000089e+00 1.132999999999999893e-03 -1.410000000000000012e-03 -9.999980000000000535e-01 -3.995509999999999895e-01 -9.167110000000000536e-01 8.400000000000000348e-04 -9.167100000000000248e-01 3.995489999999999875e-01 -1.601999999999999908e-03
