2.500000000000000000e+01 2.500000000000000000e+01 1.000000000000000000e+00 0.000000000000000000e+00 1.600000000000000089e+00 -1.443999999999999971e-03 6.419999999999999925e-04 -9.999989999999999712e-01 -5.226100000000000190e-01 -8.525719999999999965e-01 2.079999999999999872e-04 -8.525709999999999678e-01 5.226100000000000190e-01 1.567000000000000033e-03
7.000000000000000000e+00 1.500000000000000000e+01 4.000000000000000000e+00 0.000000000000000000e+00 1.600000000000000089e+00 -3.020000000000000223e-04 6.164000000000000208e-03 9.999810000000000088e-01 3.135109999999999841e-01 -9.495660000000000212e-01 5.948000000000000162e-03 9.495839999999999836e-01 3.135069999999999801e-01 -1.645999999999999894e-03
1.400000000000000000e+01 1.500000000000000000e+01 4.000000000000000000e+00 0.000000000000000000e+00 1.600000000000000089e+00 -1.240000000000000000e-03 -7.636999999999999691e-03 9.999700000000000255e-01 3.136289999999999911e-01 -9.495209999999999484e-01 -6.863000000000000177e-03 9.495449999999999724e-01 3.136109999999999731e-01 3.572999999999999787e-03
1.600000000000000000e+01 1.500000000000000000e+01 4.000000000000000000e+00 0.000000000000000000e+00 1.600000000000000089e+00 9.319999999999999942e-04 -4.303999999999999666e-03 9.999900000000000455e-01 3.143070000000000030e-01 -9.493110000000000159e-01 -4.379000000000000080e-03 9.493209999999999704e-01 3.143079999999999763e-01 4.679999999999999915e-04
2.000000000000000000e+01 1.500000000000000000e+01 4.000000000000000000e+00 0.000000000000000000e+00 1.600000000000000089e+00 3.661999999999999891e-03 4.687000000000000194e-03 9.999820000000000375e-01 3.144159999999999733e-01 -9.492800000000000127e-01 3.298000000000000150e-03 9.492779999999999552e-01 3.143980000000000108e-01 -4.950000000000000407e-03
2.500000000000000000e+01 1.500000000000000000e+01 4.000000000000000000e+00 0.000000000000000000e+00 1.600000000000000089e+00 2.876999999999999783e-03 -3.526000000000000054e-03 9.999900000000000455e-01 3.186930000000000041e-01 -9.478480000000000238e-01 -4.258999999999999765e-03 9.478539999999999743e-01 3.187019999999999853e-01 -1.603000000000000041e-03
2.900000000000000000e+01 1.500000000000000000e+01 4.000000000000000000e+00 0.000000000000000000e+00 1.600000000000000089e+00 4.305999999999999932e-03 -2.109999999999999896e-03 9.999879999999999880e-01 3.190279999999999783e-01 -9.477389999999999981e-01 -3.373999999999999829e-03 9.477349999999999941e-01 3.190390000000000170e-01 -3.408000000000000005e-03
2.100000000000000000e+01 4.000000000000000000e+00 5.000000000000000000e+00 0.000000000000000000e+00 1.600000000000000089e+00 -8.533000000000000654e-03 -2.060800000000000132e-02 9.997509999999999453e-01 2.224299999999999888e-01 -9.747789999999999511e-01 -1.819499999999999937e-02 9.749109999999999721e-01 2.222189999999999999e-01 1.290200000000000027e-02
6.000000000000000000e+00 1.010000000000000000e+02 7.000000000000000000e+00 0.000000000000000000e+00 1.600000000000000089e+00 4.000000000000000192e-04 -3.319999999999999926e-04 1.000000000000000000e+00 8.860909999999999620e-01 4.635110000000000063e-01 -2.010000000000000068e-04 -4.635110000000000063e-01 8.860909999999999620e-01 4.800000000000000122e-04
1.000000000000000000e+01 1.010000000000000000e+02 7.000000000000000000e+00 0.000000000000000000e+00 1.600000000000000089e+00 3.569999999999999823e-03 8.729999999999999913e-03 9.999559999999999560e-01 8.876969999999999583e-01 4.603709999999999747e-01 -7.187999999999999945e-03 -4.604130000000000167e-01 8.876840000000000286e-01 -6.106000000000000316e-03
1.400000000000000000e+01 1.010000000000000000e+02 7.000000000000000000e+00 0.000000000000000000e+00 1.600000000000000089e+00 7.759999999999999971e-04 -7.342999999999999701e-03 9.999730000000000008e-01 8.890599999999999614e-01 4.577820000000000222e-01 2.671999999999999896e-03 -4.577890000000000015e-01 8.890339999999999909e-01 6.884000000000000362e-03
1.700000000000000000e+01 1.010000000000000000e+02 7.000000000000000000e+00 0.000000000000000000e+00 1.600000000000000089e+00 -9.340000000000000429e-04 -1.027299999999999915e-02 9.999470000000000303e-01 8.898859999999999548e-01 4.561490000000000267e-01 5.517000000000000202e-03 -4.561819999999999764e-01 8.898439999999999683e-01 8.715000000000000524e-03
2.000000000000000000e+00 2.500000000000000000e+01 8.000000000000000000e+00 0.000000000000000000e+00 1.600000000000000089e+00 -2.776999999999999955e-03 -3.017999999999999849e-03 -9.999919999999999920e-01 4.478400000000000158e-01 8.941050000000000386e-01 -3.942000000000000191e-03 8.941099999999999604e-01 -4.478469999999999951e-01 -1.131000000000000061e-03
6.000000000000000000e+00 2.500000000000000000e+01 8.000000000000000000e+00 0.000000000000000000e+00 1.600000000000000089e+00 -1.508000000000000009e-03 -4.979999999999999618e-04 -9.999989999999999712e-01 4.488920000000000132e-01 8.935849999999999627e-01 -1.121000000000000035e-03 8.935849999999999627e-01 -4.488929999999999865e-01 -1.123999999999999999e-03
1.500000000000000000e+01 2.500000000000000000e+01 8.000000000000000000e+00 0.000000000000000000e+00 1.600000000000000089e+00 -1.440000000000000036e-04 -4.093000000000000284e-03 -9.999919999999999920e-01 4.490359999999999907e-01 8.935060000000000224e-01 -3.722000000000000048e-03 8.935140000000000304e-01 -4.490330000000000155e-01 1.709000000000000016e-03
1.900000000000000000e+01 2.500000000000000000e+01 8.000000000000000000e+00 0.000000000000000000e+00 1.600000000000000089e+00 5.980000000000000072e-04 -4.590000000000000330e-03 -9.999890000000000168e-01 4.493289999999999784e-01 8.933579999999999854e-01 -3.831999999999999903e-03 8.933659999999999934e-01 -4.493219999999999992e-01 2.596999999999999916e-03
2.300000000000000000e+01 2.500000000000000000e+01 8.000000000000000000e+00 0.000000000000000000e+00 1.600000000000000089e+00 1.881000000000000076e-03 3.005999999999999991e-03 -9.999940000000000495e-01 4.490450000000000275e-01 8.935020000000000184e-01 3.530999999999999851e-03 8.935070000000000512e-01 -4.490489999999999760e-01 3.310000000000000225e-04
2.900000000000000000e+01 2.500000000000000000e+01 8.000000000000000000e+00 0.000000000000000000e+00 1.600000000000000089e+00 -3.260000000000000094e-04 3.159999999999999832e-04 -1.000000000000000000e+00 4.476249999999999951e-01 8.942219999999999613e-01 1.359999999999999989e-04 8.942210000000000436e-01 -4.476249999999999951e-01 -4.330000000000000081e-04
1.000000000000000000e+00 2.400000000000000000e+01 9.000000000000000000e+00 0.000000000000000000e+00 1.600000000000000089e+00 -2.197999999999999867e-03 -1.085000000000000027e-03 -9.999970000000000248e-01 4.534500000000000197e-01 8.912790000000000434e-01 -1.964000000000000034e-03 8.912790000000000434e-01 -4.534529999999999950e-01 -1.466999999999999988e-03
7.000000000000000000e+00 2.400000000000000000e+01 9.000000000000000000e+00 0.000000000000000000e+00 1.600000000000000089e+00 -1.301000000000000073e-03 3.471000000000000127e-03 -9.999930000000000208e-01 4.547629999999999728e-01 8.906089999999999840e-01 2.500000000000000052e-03 8.906119999999999592e-01 -4.547559999999999936e-01 -2.736999999999999850e-03
1.500000000000000000e+01 2.400000000000000000e+01 9.000000000000000000e+00 0.000000000000000000e+00 1.600000000000000089e+00 3.399999999999999973e-05 -4.433000000000000308e-03 -9.999900000000000455e-01 4.534869999999999735e-01 8.912539999999999907e-01 -3.935000000000000130e-03 8.912630000000000274e-01 -4.534819999999999962e-01 2.040000000000000147e-03
2.300000000000000000e+01 2.400000000000000000e+01 9.000000000000000000e+00 0.000000000000000000e+00 1.600000000000000089e+00 1.884999999999999957e-03 5.028999999999999616e-03 -9.999860000000000415e-01 4.535319999999999907e-01 8.912240000000000162e-01 5.336999999999999730e-03 8.912379999999999747e-01 -4.535350000000000215e-01 -6.009999999999999717e-04
2.900000000000000000e+01 2.400000000000000000e+01 9.000000000000000000e+00 0.000000000000000000e+00 1.600000000000000089e+00 -2.359999999999999902e-04 8.809999999999999472e-04 -1.000000000000000000e+00 4.526259999999999728e-01 8.917000000000000481e-01 6.790000000000000245e-04 8.917009999999999659e-01 -4.526249999999999996e-01 -6.089999999999999494e-04
4.000000000000000000e+00 3.100000000000000000e+01 1.200000000000000000e+01 0.000000000000000000e+00 1.600000000000000089e+00 7.150000000000000322e-04 -2.547999999999999918e-03 9.999959999999999960e-01 -9.470000000000000336e-04 9.999959999999999960e-01 2.549000000000000050e-03 -9.999989999999999712e-01 -9.479999999999999495e-04 7.129999999999999836e-04
1.800000000000000000e+01 3.100000000000000000e+01 1.200000000000000000e+01 0.000000000000000000e+00 1.600000000000000089e+00 -1.497999999999999983e-03 -4.923000000000000292e-03 9.999869999999999592e-01 -2.586999999999999890e-03 9.999850000000000128e-01 4.918999999999999762e-03 -9.999959999999999960e-01 -2.579999999999999828e-03 -1.510000000000000057e-03
2.100000000000000000e+01 3.100000000000000000e+01 1.200000000000000000e+01 0.000000000000000000e+00 1.600000000000000089e+00 -1.116000000000000021e-03 -2.724999999999999992e-03 9.999959999999999960e-01 6.999999999999999387e-05 9.999959999999999960e-01 2.724999999999999992e-03 -9.999989999999999712e-01 7.299999999999999903e-05 -1.116000000000000021e-03
2.400000000000000000e+01 3.100000000000000000e+01 1.200000000000000000e+01 0.000000000000000000e+00 1.600000000000000089e+00 -4.699999999999999859e-04 -4.169999999999999987e-04 1.000000000000000000e+00 1.619999999999999912e-03 9.999989999999999712e-01 4.169999999999999987e-04 -9.999989999999999712e-01 1.619999999999999912e-03 -4.699999999999999859e-04
2.800000000000000000e+01 3.100000000000000000e+01 1.200000000000000000e+01 0.000000000000000000e+00 1.600000000000000089e+00 1.955000000000000140e-03 -4.199999999999999768e-05 9.999980000000000535e-01 2.642999999999999950e-03 9.999959999999999960e-01 3.699999999999999811e-05 -9.999949999999999672e-01 2.642999999999999950e-03 1.955999999999999839e-03
1.000000000000000000e+01 3.200000000000000000e+01 1.400000000000000000e+01 0.000000000000000000e+00 1.600000000000000089e+00 1.359999999999999989e-04 4.272999999999999889e-03 -9.999909999999999632e-01 1.063130000000000047e-01 9.943239999999999856e-01 4.263000000000000296e-03 9.943330000000000224e-01 -1.063130000000000047e-01 -3.190000000000000019e-04
3.000000000000000000e+00 1.200000000000000000e+01 1.500000000000000000e+01 0.000000000000000000e+00 1.600000000000000089e+00 -2.970000000000000092e-04 -5.623999999999999659e-03 -9.999839999999999840e-01 -4.711839999999999917e-01 -8.820200000000000262e-01 5.100000000000000366e-03 -8.820350000000000135e-01 4.711779999999999857e-01 -2.387999999999999932e-03
5.000000000000000000e+00 1.160000000000000000e+02 1.600000000000000000e+01 0.000000000000000000e+00 1.600000000000000089e+00 2.970000000000000092e-04 2.771000000000000026e-03 9.999959999999999960e-01 6.986449999999999605e-01 7.154650000000000176e-01 -2.190000000000000106e-03 -7.154679999999999929e-01 6.986430000000000140e-01 -1.722999999999999922e-03
7.000000000000000000e+00 2.000000000000000000e+00 1.900000000000000000e+01 0.000000000000000000e+00 1.600000000000000089e+00 1.987000000000000051e-03 5.829999999999999679e-04 -9.999980000000000535e-01 1.910090000000000121e-01 -9.815880000000000161e-01 -1.930000000000000021e-04 -9.815859999999999586e-01 -1.910090000000000121e-01 -2.062000000000000031e-03
1.100000000000000000e+01 2.000000000000000000e+00 1.900000000000000000e+01 0.000000000000000000e+00 1.600000000000000089e+00 -7.849999999999999990e-04 -1.332000000000000068e-03 -9.999989999999999712e-01 1.927109999999999934e-01 -9.812549999999999883e-01 1.154999999999999994e-03 -9.812549999999999883e-01 -1.927099999999999924e-01 1.026999999999999918e-03
1.700000000000000000e+01 2.000000000000000000e+00 1.900000000000000000e+01 0.000000000000000000e+00 1.600000000000000089e+00 -1.575000000000000011e-03 -2.714999999999999965e-03 -9.999949999999999672e-01 1.957119999999999971e-01 -9.806589999999999474e-01 2.354999999999999889e-03 -9.806599999999999762e-01 -1.957079999999999931e-01 2.076000000000000154e-03
2.300000000000000000e+01 2.000000000000000000e+00 1.900000000000000000e+01 0.000000000000000000e+00 1.600000000000000089e+00 -1.028999999999999967e-03 -9.039999999999999425e-03 -9.999590000000000423e-01 1.950040000000000107e-01 -9.807639999999999691e-01 8.665000000000000827e-03 -9.808019999999999516e-01 -1.949869999999999937e-01 2.772000000000000158e-03
2.700000000000000000e+01 2.000000000000000000e+00 1.900000000000000000e+01 0.000000000000000000e+00 1.600000000000000089e+00 -8.360000000000000460e-04 1.706999999999999967e-03 -9.999980000000000535e-01 1.928259999999999974e-01 -9.812309999999999643e-01 -1.837000000000000091e-03 -9.812330000000000219e-01 -1.928269999999999984e-01 4.920000000000000328e-04
1.300000000000000000e+01 4.000000000000000000e+00 2.000000000000000000e+01 0.000000000000000000e+00 1.600000000000000089e+00 -3.033999999999999805e-03 -2.883999999999999845e-03 -9.999909999999999632e-01 3.068429999999999769e-01 -9.517579999999999929e-01 1.814000000000000074e-03 -9.517550000000000177e-01 -3.068350000000000244e-01 3.772999999999999878e-03
2.000000000000000000e+01 4.000000000000000000e+00 2.000000000000000000e+01 0.000000000000000000e+00 1.600000000000000089e+00 -4.020000000000000136e-04 -5.458000000000000178e-03 -9.999850000000000128e-01 3.063230000000000119e-01 -9.519140000000000379e-01 5.072000000000000119e-03 -9.519279999999999964e-01 -3.063159999999999772e-01 2.053999999999999836e-03
3.000000000000000000e+00 1.300000000000000000e+01 2.000000000000000000e+01 0.000000000000000000e+00 1.600000000000000089e+00 1.186999999999999904e-03 -1.113999999999999973e-03 9.999989999999999712e-01 2.604520000000000168e-01 9.654869999999999841e-01 7.669999999999999951e-04 -9.654859999999999554e-01 2.604509999999999881e-01 1.435999999999999993e-03
8.000000000000000000e+00 1.300000000000000000e+01 2.000000000000000000e+01 0.000000000000000000e+00 1.600000000000000089e+00 3.409999999999999945e-04 5.730000000000000501e-04 1.000000000000000000e+00 2.596609999999999752e-01 9.657000000000000028e-01 -6.419999999999999925e-04 -9.657000000000000028e-01 2.596609999999999752e-01 1.810000000000000085e-04
1.300000000000000000e+01 1.300000000000000000e+01 2.000000000000000000e+01 0.000000000000000000e+00 1.600000000000000089e+00 2.759999999999999867e-04 -1.407000000000000048e-03 9.999989999999999712e-01 2.583770000000000233e-01 9.660429999999999851e-01 1.288000000000000082e-03 -9.660440000000000138e-01 2.583759999999999946e-01 6.310000000000000504e-04
1.600000000000000000e+01 1.300000000000000000e+01 2.000000000000000000e+01 0.000000000000000000e+00 1.600000000000000089e+00 -9.740000000000000394e-04 7.479999999999999670e-04 9.999989999999999712e-01 2.577269999999999839e-01 9.662180000000000213e-01 -4.719999999999999803e-04 -9.662169999999999925e-01 2.577260000000000106e-01 -1.134000000000000025e-03
5.000000000000000000e+00 3.000000000000000000e+00 2.500000000000000000e+01 0.000000000000000000e+00 1.600000000000000089e+00 1.165999999999999936e-03 6.447999999999999739e-03 9.999780000000000335e-01 -5.865700000000000081e-02 -9.982569999999999499e-01 6.505999999999999631e-03 9.982769999999999699e-01 -5.866400000000000087e-02 -7.860000000000000233e-04
1.300000000000000000e+01 3.000000000000000000e+00 2.500000000000000000e+01 0.000000000000000000e+00 1.600000000000000089e+00 -3.000000000000000076e-05 -2.168999999999999921e-03 9.999980000000000535e-01 -6.919400000000000550e-02 -9.976009999999999600e-01 -2.165999999999999957e-03 9.976030000000000175e-01 -6.919400000000000550e-02 -1.200000000000000030e-04
1.900000000000000000e+01 3.000000000000000000e+00 2.500000000000000000e+01 0.000000000000000000e+00 1.600000000000000089e+00 -4.341000000000000240e-03 -8.144000000000000197e-03 9.999569999999999848e-01 -6.634199999999999819e-02 -9.977610000000000090e-01 -8.413999999999999604e-03 9.977880000000000082e-01 -6.637500000000000344e-02 3.791000000000000099e-03
2.200000000000000000e+01 3.000000000000000000e+00 2.500000000000000000e+01 0.000000000000000000e+00 1.600000000000000089e+00 -2.936999999999999941e-03 -7.703999999999999911e-03 9.999660000000000215e-01 -6.827500000000000235e-02 -9.976350000000000495e-01 -7.886999999999999914e-03 9.976620000000000488e-01 -6.829599999999999560e-02 2.403999999999999887e-03
2.500000000000000000e+01 3.000000000000000000e+00 2.500000000000000000e+01 0.000000000000000000e+00 1.600000000000000089e+00 1.907999999999999974e-03 -4.029999999999999728e-03 9.999900000000000455e-01 -7.421600000000000419e-02 -9.972349999999999826e-01 -3.876999999999999804e-03 9.972400000000000153e-01 -7.420799999999999619e-02 -2.201999999999999964e-03
4.000000000000000000e+00 4.600000000000000000e+01 2.700000000000000000e+01 0.000000000000000000e+00 1.600000000000000089e+00 9.330000000000000186e-04 -3.099999999999999999e-04 -1.000000000000000000e+00 6.767260000000000497e-01 7.362349999999999728e-01 4.029999999999999837e-04 7.362340000000000551e-01 -6.767260000000000497e-01 8.970000000000000109e-04
8.000000000000000000e+00 4.600000000000000000e+01 2.700000000000000000e+01 0.000000000000000000e+00 1.600000000000000089e+00 1.265999999999999981e-03 -5.550000000000000462e-04 -9.999989999999999712e-01 6.784949999999999593e-01 7.346049999999999525e-01 4.510000000000000120e-04 7.346040000000000347e-01 -6.784949999999999593e-01 1.306000000000000086e-03
2.900000000000000000e+01 4.600000000000000000e+01 3.000000000000000000e+01 0.000000000000000000e+00 1.600000000000000089e+00 -1.755999999999999965e-03 6.800000000000000488e-04 -9.999980000000000535e-01 3.315299999999999914e-01 9.434449999999999781e-01 5.899999999999999754e-05 9.434430000000000316e-01 -3.315290000000000181e-01 -1.881999999999999992e-03
6.000000000000000000e+00 5.800000000000000000e+01 3.100000000000000000e+01 0.000000000000000000e+00 1.600000000000000089e+00 -2.154999999999999798e-03 -2.500000000000000052e-04 9.999980000000000535e-01 -8.094040000000000123e-01 -5.872490000000000210e-01 -1.891000000000000103e-03 5.872479999999999922e-01 -8.094059999999999588e-01 1.062999999999999926e-03
1.300000000000000000e+01 5.800000000000000000e+01 3.100000000000000000e+01 0.000000000000000000e+00 1.600000000000000089e+00 -6.319999999999999663e-04 1.427000000000000100e-03 9.999989999999999712e-01 -8.120159999999999600e-01 -5.836360000000000436e-01 3.190000000000000019e-04 5.836350000000000149e-01 -8.120140000000000136e-01 1.526999999999999929e-03
2.200000000000000000e+01 5.800000000000000000e+01 3.100000000000000000e+01 0.000000000000000000e+00 1.600000000000000089e+00 -1.360000000000000098e-03 2.328999999999999907e-03 9.999959999999999960e-01 -8.070270000000000499e-01 -5.905150000000000121e-01 2.779999999999999811e-04 5.905129999999999546e-01 -8.070230000000000459e-01 2.683000000000000055e-03
2.600000000000000000e+01 5.800000000000000000e+01 3.100000000000000000e+01 0.000000000000000000e+00 1.600000000000000089e+00 -3.549000000000000071e-03 7.780000000000000457e-04 9.999930000000000208e-01 -8.055930000000000035e-01 -5.924650000000000194e-01 -2.399000000000000091e-03 5.924589999999999579e-01 -8.055959999999999788e-01 2.729999999999999788e-03
7.000000000000000000e+00 4.600000000000000000e+01 3.500000000000000000e+01 0.000000000000000000e+00 1.600000000000000089e+00 -5.529999999999999976e-04 -8.620000000000000275e-04 -9.999989999999999712e-01 3.923579999999999846e-01 -9.198129999999999917e-01 5.760000000000000146e-04 -9.198129999999999917e-01 -3.923570000000000113e-01 8.469999999999999881e-04
1.300000000000000000e+01 4.600000000000000000e+01 3.500000000000000000e+01 0.000000000000000000e+00 1.600000000000000089e+00 5.990000000000000316e-04 -6.930000000000000396e-04 -1.000000000000000000e+00 3.915669999999999984e-01 -9.201489999999999947e-01 8.720000000000000537e-04 -9.201489999999999947e-01 -3.915669999999999984e-01 -2.799999999999999755e-04
1.900000000000000000e+01 4.600000000000000000e+01 3.500000000000000000e+01 0.000000000000000000e+00 1.600000000000000089e+00 -6.310000000000000504e-04 -5.624999999999999792e-03 -9.999839999999999840e-01 3.926660000000000150e-01 -9.196680000000000410e-01 4.925999999999999823e-03 -9.196809999999999707e-01 -3.926569999999999783e-01 2.788999999999999813e-03
2.300000000000000000e+01 4.600000000000000000e+01 3.500000000000000000e+01 0.000000000000000000e+00 1.600000000000000089e+00 -2.880000000000000073e-04 9.179999999999999792e-04 -1.000000000000000000e+00 3.928010000000000113e-01 -9.196229999999999682e-01 -9.569999999999999514e-04 -9.196229999999999682e-01 -3.928010000000000113e-01 -9.600000000000000243e-05
2.700000000000000000e+01 4.600000000000000000e+01 3.500000000000000000e+01 0.000000000000000000e+00 1.600000000000000089e+00 -1.140000000000000063e-04 4.557000000000000287e-03 -9.999900000000000455e-01 3.904989999999999850e-01 -9.205940000000000234e-01 -4.239999999999999845e-03 -9.206029999999999491e-01 -3.904960000000000098e-01 -1.673999999999999924e-03
2.000000000000000000e+00 9.500000000000000000e+01 3.600000000000000000e+01 0.000000000000000000e+00 1.600000000000000089e+00 -3.981000000000000164e-03 -4.644999999999999823e-03 9.999810000000000088e-01 9.972969999999999891e-01 7.334999999999999853e-02 4.310999999999999728e-03 -7.336800000000000266e-02 9.972950000000000426e-01 4.340000000000000108e-03
8.000000000000000000e+00 9.500000000000000000e+01 3.600000000000000000e+01 0.000000000000000000e+00 1.600000000000000089e+00 2.011000000000000201e-03 -2.056699999999999848e-02 9.997859999999999525e-01 9.969799999999999773e-01 7.765600000000000280e-02 -4.079999999999999968e-04 -7.763100000000000556e-02 9.967679999999999874e-01 2.066099999999999881e-02
4.000000000000000000e+00 2.900000000000000000e+01 4.400000000000000000e+01 0.000000000000000000e+00 1.600000000000000089e+00 8.419999999999999750e-04 -4.026000000000000065e-03 -9.999919999999999920e-01 6.699239999999999640e-01 7.424260000000000304e-01 -2.425000000000000072e-03 7.424290000000000056e-01 -6.699159999999999560e-01 3.321999999999999866e-03
1.000000000000000000e+01 2.900000000000000000e+01 4.400000000000000000e+01 0.000000000000000000e+00 1.600000000000000089e+00 -9.420000000000000205e-04 -5.089999999999999906e-03 -9.999869999999999592e-01 6.665360000000000174e-01 7.454589999999999828e-01 -4.422999999999999848e-03 7.454720000000000235e-01 -6.665320000000000134e-01 2.690000000000000117e-03
1.300000000000000000e+01 2.900000000000000000e+01 4.400000000000000000e+01 0.000000000000000000e+00 1.600000000000000089e+00 -2.730000000000000222e-04 -5.278999999999999838e-03 -9.999860000000000415e-01 6.646980000000000111e-01 7.471010000000000151e-01 -4.126000000000000327e-03 7.471119999999999983e-01 -6.646900000000000031e-01 3.305000000000000212e-03
1.800000000000000000e+01 2.900000000000000000e+01 4.400000000000000000e+01 0.000000000000000000e+00 1.600000000000000089e+00 1.173999999999999913e-03 1.683000000000000034e-03 -9.999980000000000535e-01 6.566940000000000000e-01 7.541539999999999910e-01 2.040000000000000147e-03 7.541560000000000485e-01 -6.566950000000000287e-01 -2.200000000000000078e-04
2.300000000000000000e+01 2.900000000000000000e+01 4.400000000000000000e+01 0.000000000000000000e+00 1.600000000000000089e+00 5.090000000000000123e-04 -6.620000000000000450e-04 -1.000000000000000000e+00 6.596659999999999746e-01 7.515589999999999771e-01 -1.610000000000000103e-04 7.515589999999999771e-01 -6.596649999999999459e-01 8.189999999999999581e-04
2.700000000000000000e+01 2.900000000000000000e+01 4.400000000000000000e+01 0.000000000000000000e+00 1.600000000000000089e+00 -2.939999999999999905e-04 -1.539000000000000003e-03 -9.999989999999999712e-01 6.626170000000000115e-01 7.489569999999999839e-01 -1.347000000000000107e-03 7.489580000000000126e-01 -6.626170000000000115e-01 7.990000000000000140e-04
6.000000000000000000e+00 5.000000000000000000e+00 5.100000000000000000e+01 0.000000000000000000e+00 1.600000000000000089e+00 9.219999999999999680e-04 7.879999999999999635e-04 -9.999989999999999712e-01 4.864930000000000088e-01 -8.736840000000000162e-01 -2.400000000000000061e-04 -8.736840000000000162e-01 -4.864930000000000088e-01 -1.188999999999999953e-03
1.100000000000000000e+01 5.000000000000000000e+00 5.100000000000000000e+01 0.000000000000000000e+00 1.600000000000000089e+00 -4.290000000000000193e-04 -5.439999999999999957e-04 -1.000000000000000000e+00 4.828580000000000094e-01 -8.756990000000000052e-01 2.689999999999999791e-04 -8.756990000000000052e-01 -4.828580000000000094e-01 6.380000000000000037e-04
1.900000000000000000e+01 5.000000000000000000e+00 5.100000000000000000e+01 0.000000000000000000e+00 1.600000000000000089e+00 -1.381000000000000066e-03 -4.330999999999999781e-03 -9.999900000000000455e-01 4.904470000000000218e-01 -8.714659999999999629e-01 3.096999999999999927e-03 -8.714699999999999669e-01 -4.904379999999999851e-01 3.327000000000000096e-03
2.600000000000000000e+01 5.000000000000000000e+00 5.100000000000000000e+01 0.000000000000000000e+00 1.600000000000000089e+00 -1.824000000000000100e-03 -6.426000000000000288e-03 -9.999780000000000335e-01 4.958159999999999790e-01 -8.684150000000000480e-01 4.675999999999999601e-03 -8.684260000000000312e-01 -4.957960000000000145e-01 4.769999999999999934e-03
4.000000000000000000e+00 6.300000000000000000e+01 5.400000000000000000e+01 0.000000000000000000e+00 1.600000000000000089e+00 3.690000000000000246e-04 -4.009999999999999893e-04 1.000000000000000000e+00 -3.481099999999999750e-01 9.374540000000000095e-01 5.050000000000000235e-04 -9.374540000000000095e-01 -3.481099999999999750e-01 2.059999999999999928e-04
9.000000000000000000e+00 6.300000000000000000e+01 5.400000000000000000e+01 0.000000000000000000e+00 1.600000000000000089e+00 -4.169999999999999987e-04 1.492999999999999969e-03 9.999989999999999712e-01 -3.486150000000000082e-01 9.372650000000000148e-01 -1.544999999999999932e-03 -9.372660000000000435e-01 -3.486159999999999815e-01 1.299999999999999886e-04
1.800000000000000000e+01 6.300000000000000000e+01 5.400000000000000000e+01 0.000000000000000000e+00 1.600000000000000089e+00 1.677000000000000105e-03 4.508999999999999987e-03 9.999879999999999880e-01 -3.544240000000000168e-01 9.350779999999999648e-01 -3.621999999999999786e-03 -9.350829999999999975e-01 -3.544140000000000068e-01 3.167000000000000110e-03
2.000000000000000000e+00 2.500000000000000000e+01 5.500000000000000000e+01 0.000000000000000000e+00 1.600000000000000089e+00 2.798999999999999839e-03 4.494999999999999864e-03 -9.999860000000000415e-01 -7.620000000000000037e-03 -9.999609999999999888e-01 -4.516000000000000049e-03 -9.999670000000000503e-01 7.631999999999999895e-03 -2.765000000000000097e-03
2.600000000000000000e+01 2.500000000000000000e+01 5.500000000000000000e+01 0.000000000000000000e+00 1.600000000000000089e+00 3.274000000000000000e-03 -5.100000000000000366e-04 -9.999940000000000495e-01 -1.415499999999999918e-02 -9.999000000000000110e-01 4.640000000000000027e-04 -9.998939999999999495e-01 1.415399999999999991e-02 -3.281000000000000062e-03
6.000000000000000000e+00 2.000000000000000000e+01 6.000000000000000000e+01 0.000000000000000000e+00 1.600000000000000089e+00 8.713000000000000259e-03 -1.812300000000000022e-02 9.997979999999999645e-01 -6.159799999999999998e-02 9.979270000000000085e-01 1.862600000000000020e-02 -9.980630000000000335e-01 -6.174799999999999733e-02 7.578999999999999800e-03
1.500000000000000000e+01 2.000000000000000000e+01 6.000000000000000000e+01 0.000000000000000000e+00 1.600000000000000089e+00 -5.863000000000000156e-03 1.248999999999999893e-03 9.999820000000000375e-01 -4.900600000000000095e-02 9.987970000000000459e-01 -1.534999999999999906e-03 -9.987810000000000299e-01 -4.901400000000000201e-02 -5.794999999999999804e-03
2.000000000000000000e+01 2.100000000000000000e+01 6.000000000000000000e+01 0.000000000000000000e+00 1.600000000000000089e+00 -5.714000000000000329e-03 5.075999999999999783e-03 9.999710000000000543e-01 -9.500599999999999323e-02 9.954610000000000403e-01 -5.596000000000000280e-03 -9.954600000000000115e-01 -9.503499999999999448e-02 -5.205999999999999690e-03
2.600000000000000000e+01 2.100000000000000000e+01 6.000000000000000000e+01 0.000000000000000000e+00 1.600000000000000089e+00 3.837000000000000133e-03 1.688999999999999963e-03 9.999909999999999632e-01 -9.670499999999999929e-02 9.953119999999999745e-01 -1.309999999999999967e-03 -9.953060000000000240e-01 -9.669999999999999429e-02 3.982000000000000296e-03
6.000000000000000000e+00 3.000000000000000000e+00 6.300000000000000000e+01 0.000000000000000000e+00 1.600000000000000089e+00 1.252000000000000075e-03 -2.425000000000000072e-03 9.999959999999999960e-01 -6.162400000000000100e-01 7.875539999999999763e-01 2.680999999999999790e-03 -7.875579999999999803e-01 -6.162410000000000387e-01 -5.079999999999999880e-04
3.000000000000000000e+00 2.700000000000000000e+01 6.300000000000000000e+01 0.000000000000000000e+00 1.600000000000000089e+00 -1.268999999999999946e-03 5.692000000000000011e-03 9.999829999999999552e-01 -2.699039999999999773e-01 9.628700000000000037e-01 -5.823000000000000051e-03 -9.628860000000000197e-01 -2.699070000000000080e-01 3.150000000000000131e-04
1.000000000000000000e+01 2.700000000000000000e+01 6.300000000000000000e+01 0.000000000000000000e+00 1.600000000000000089e+00 6.043999999999999893e-03 1.173999999999999913e-03 9.999810000000000088e-01 -2.846029999999999949e-01 9.586449999999999694e-01 5.940000000000000184e-04 -9.586270000000000069e-01 -2.846009999999999929e-01 6.127999999999999767e-03
1.300000000000000000e+01 2.700000000000000000e+01 6.300000000000000000e+01 0.000000000000000000e+00 1.600000000000000089e+00 3.510000000000000099e-03 3.285000000000000159e-03 9.999879999999999880e-01 -2.886329999999999729e-01 9.574380000000000113e-01 -2.132000000000000214e-03 -9.574340000000000073e-01 -2.886219999999999897e-01 4.309000000000000330e-03
2.000000000000000000e+01 2.700000000000000000e+01 6.300000000000000000e+01 0.000000000000000000e+00 1.600000000000000089e+00 -5.296999999999999625e-03 1.067000000000000023e-03 9.999850000000000128e-01 -2.703389999999999960e-01 9.627620000000000067e-01 -2.459999999999999947e-03 -9.627510000000000234e-01 -2.703479999999999772e-01 -4.812000000000000305e-03
2.400000000000000000e+01 2.700000000000000000e+01 6.300000000000000000e+01 0.000000000000000000e+00 1.600000000000000089e+00 2.007999999999999802e-03 1.954000000000000008e-03 9.999959999999999960e-01 -2.681569999999999787e-01 9.633739999999999526e-01 -1.343999999999999926e-03 -9.633730000000000349e-01 -2.681529999999999747e-01 2.458999999999999814e-03
2.900000000000000000e+01 2.700000000000000000e+01 6.300000000000000000e+01 0.000000000000000000e+00 1.600000000000000089e+00 5.050000000000000235e-04 2.295999999999999864e-03 9.999970000000000248e-01 -2.700799999999999867e-01 9.628360000000000252e-01 -2.075000000000000022e-03 -9.628379999999999717e-01 -2.700779999999999847e-01 1.106999999999999911e-03
2.000000000000000000e+00 2.600000000000000000e+01 6.400000000000000000e+01 0.000000000000000000e+00 1.600000000000000089e+00 -2.272000000000000148e-03 6.028999999999999637e-03 9.999789999999999512e-01 -3.513620000000000076e-01 9.362179999999999946e-01 -6.442999999999999942e-03 -9.362369999999999859e-01 -3.513689999999999869e-01 -7.999999999999999638e-06
1.300000000000000000e+01 2.600000000000000000e+01 6.400000000000000000e+01 0.000000000000000000e+00 1.600000000000000089e+00 5.559999999999999838e-03 8.245999999999999858e-03 9.999510000000000343e-01 -3.780029999999999779e-01 9.257880000000000553e-01 -5.532999999999999724e-03 -9.257880000000000553e-01 -3.779529999999999834e-01 8.264999999999999777e-03
2.300000000000000000e+01 2.600000000000000000e+01 6.400000000000000000e+01 0.000000000000000000e+00 1.600000000000000089e+00 7.680000000000000195e-04 -4.600000000000000004e-05 1.000000000000000000e+00 -3.450420000000000154e-01 9.385869999999999491e-01 3.080000000000000055e-04 -9.385869999999999491e-01 -3.450420000000000154e-01 7.050000000000000060e-04
1.300000000000000000e+01 6.900000000000000000e+01 6.600000000000000000e+01 0.000000000000000000e+00 1.600000000000000089e+00 -3.321000000000000167e-03 3.514000000000000196e-03 9.999879999999999880e-01 -9.499220000000000441e-01 3.124589999999999868e-01 -4.252999999999999836e-03 -3.124700000000000255e-01 -9.499250000000000194e-01 2.301000000000000094e-03
1.100000000000000000e+01 2.500000000000000000e+01 7.300000000000000000e+01 0.000000000000000000e+00 1.600000000000000089e+00 -1.672000000000000092e-03 -4.440000000000000045e-04 9.999989999999999712e-01 7.444460000000000521e-01 -6.676819999999999977e-01 9.489999999999999738e-04 6.676809999999999690e-01 7.444460000000000521e-01 1.446999999999999936e-03
1.500000000000000000e+01 2.500000000000000000e+01 7.300000000000000000e+01 0.000000000000000000e+00 1.600000000000000089e+00 1.230000000000000082e-04 -2.099000000000000171e-03 9.999980000000000535e-01 7.458289999999999642e-01 -6.661359999999999504e-01 -1.490000000000000005e-03 6.661369999999999791e-01 7.458280000000000465e-01 1.484000000000000076e-03
2.000000000000000000e+00 4.400000000000000000e+01 7.300000000000000000e+01 0.000000000000000000e+00 1.600000000000000089e+00 6.120000000000000223e-04 4.299999999999999894e-04 1.000000000000000000e+00 4.981900000000000217e-02 -9.987580000000000346e-01 3.989999999999999949e-04 9.987580000000000346e-01 4.981900000000000217e-02 -6.329999999999999906e-04
8.000000000000000000e+00 4.400000000000000000e+01 7.300000000000000000e+01 0.000000000000000000e+00 1.600000000000000089e+00 -1.007000000000000083e-03 -1.201000000000000028e-03 9.999989999999999712e-01 4.971400000000000124e-02 -9.987629999999999564e-01 -1.149999999999999981e-03 9.987629999999999564e-01 4.971300000000000024e-02 1.066000000000000107e-03
1.100000000000000000e+01 4.400000000000000000e+01 7.300000000000000000e+01 0.000000000000000000e+00 1.600000000000000089e+00 -3.959999999999999762e-04 -1.075999999999999917e-03 9.999989999999999712e-01 5.008699999999999958e-02 -9.987439999999999651e-01 -1.054999999999999948e-03 9.987449999999999939e-01 5.008599999999999858e-02 4.499999999999999877e-04
1.400000000000000000e+01 4.400000000000000000e+01 7.300000000000000000e+01 0.000000000000000000e+00 1.600000000000000089e+00 -1.459999999999999926e-03 -1.392000000000000008e-03 9.999980000000000535e-01 5.074100000000000138e-02 -9.987110000000000154e-01 -1.315999999999999896e-03 9.987110000000000154e-01 5.073899999999999938e-02 1.528999999999999977e-03
2.200000000000000000e+01 4.400000000000000000e+01 7.300000000000000000e+01 0.000000000000000000e+00 1.600000000000000089e+00 -5.749999999999999903e-04 -2.288000000000000103e-03 9.999970000000000248e-01 5.110499999999999765e-02 -9.986909999999999954e-01 -2.256000000000000193e-03 9.986930000000000529e-01 5.110399999999999665e-02 6.909999999999999910e-04
2.700000000000000000e+01 4.400000000000000000e+01 7.300000000000000000e+01 0.000000000000000000e+00 1.600000000000000089e+00 -1.685999999999999999e-03 -2.567999999999999970e-03 9.999949999999999672e-01 5.203499999999999792e-02 -9.986420000000000297e-01 -2.477000000000000035e-03 9.986439999999999761e-01 5.203100000000000086e-02 1.817000000000000039e-03
4.000000000000000000e+00 2.500000000000000000e+01 7.400000000000000000e+01 0.000000000000000000e+00 1.600000000000000089e+00 1.828999999999999897e-03 -1.557999999999999923e-03 9.999970000000000248e-01 8.206360000000000321e-01 -5.714460000000000095e-01 -2.392000000000000029e-03 5.714489999999999847e-01 8.206379999999999786e-01 2.339999999999999958e-04
2.100000000000000000e+01 2.500000000000000000e+01 7.400000000000000000e+01 0.000000000000000000e+00 1.600000000000000089e+00 1.095499999999999946e-02 1.239299999999999950e-02 9.998629999999999463e-01 8.344639999999999835e-01 -5.510570000000000190e-01 -2.312999999999999952e-03 5.509530000000000260e-01 8.343760000000000066e-01 -1.637800000000000020e-02
3.000000000000000000e+00 5.100000000000000000e+01 7.600000000000000000e+01 0.000000000000000000e+00 1.600000000000000089e+00 5.360000000000000181e-04 8.630000000000000518e-04 -1.000000000000000000e+00 -3.993880000000000208e-01 -9.167819999999999858e-01 -1.005000000000000034e-03 -9.167819999999999858e-01 3.993880000000000208e-01 -1.469999999999999953e-04
4.000000000000000000e+00 9.100000000000000000e+01 7.600000000000000000e+01 0.000000000000000000e+00 1.600000000000000089e+00 -1.694999999999999892e-03 -1.160000000000000007e-03 9.999980000000000535e-01 3.097409999999999886e-01 -9.508210000000000273e-01 -5.779999999999999548e-04 9.508199999999999985e-01 3.097389999999999866e-01 1.971000000000000096e-03
8.000000000000000000e+00 9.100000000000000000e+01 7.600000000000000000e+01 0.000000000000000000e+00 1.600000000000000089e+00 6.539999999999999590e-04 -2.169999999999999891e-04 1.000000000000000000e+00 3.097360000000000113e-01 -9.508219999999999450e-01 -4.090000000000000211e-04 9.508219999999999450e-01 3.097369999999999846e-01 -5.540000000000000219e-04
1.100000000000000000e+01 9.100000000000000000e+01 7.600000000000000000e+01 0.000000000000000000e+00 1.600000000000000089e+00 -8.600000000000000331e-05 -1.226000000000000093e-03 9.999989999999999712e-01 3.159589999999999899e-01 -9.487719999999999487e-01 -1.136000000000000074e-03 9.487729999999999775e-01 3.159589999999999899e-01 4.690000000000000158e-04
1.900000000000000000e+01 9.100000000000000000e+01 7.600000000000000000e+01 0.000000000000000000e+00 1.600000000000000089e+00 -1.498999999999999898e-03 -2.177999999999999815e-03 9.999959999999999960e-01 3.130470000000000197e-01 -9.497360000000000246e-01 -1.598999999999999944e-03 9.497370000000000534e-01 3.130430000000000157e-01 2.105999999999999799e-03
2.600000000000000000e+01 9.100000000000000000e+01 7.600000000000000000e+01 0.000000000000000000e+00 1.600000000000000089e+00 -2.200000000000000078e-04 1.915999999999999951e-03 9.999980000000000535e-01 3.167179999999999995e-01 -9.485179999999999723e-01 1.887000000000000005e-03 9.485200000000000298e-01 3.167170000000000263e-01 -3.980000000000000248e-04
1.800000000000000000e+01 4.400000000000000000e+01 8.300000000000000000e+01 0.000000000000000000e+00 1.600000000000000089e+00 1.691999999999999928e-03 -3.761000000000000020e-03 9.999919999999999920e-01 5.817769999999999886e-01 -8.133380000000000054e-01 -4.042999999999999719e-03 8.133460000000000134e-01 5.817790000000000461e-01 8.120000000000000048e-04
2.300000000000000000e+01 4.400000000000000000e+01 8.300000000000000000e+01 0.000000000000000000e+00 1.600000000000000089e+00 -2.939999999999999905e-04 -2.530999999999999830e-03 9.999970000000000248e-01 5.860760000000000414e-01 -8.102540000000000298e-01 -1.879000000000000028e-03 8.102559999999999762e-01 5.860729999999999551e-01 1.721000000000000090e-03
1.100000000000000000e+01 1.400000000000000000e+01 8.600000000000000000e+01 0.000000000000000000e+00 1.600000000000000089e+00 -3.099999999999999999e-04 4.124000000000000062e-03 -9.999909999999999632e-01 1.922659999999999925e-01 9.813349999999999573e-01 3.987000000000000093e-03 9.813429999999999653e-01 -1.922629999999999895e-01 -1.097000000000000102e-03
2.000000000000000000e+00 1.500000000000000000e+01 8.600000000000000000e+01 0.000000000000000000e+00 1.600000000000000089e+00 -2.135999999999999878e-03 6.931999999999999794e-03 -9.999740000000000295e-01 1.828430000000000055e-01 9.831210000000000226e-01 6.425000000000000155e-03 9.831400000000000139e-01 -1.828239999999999865e-01 -3.367000000000000201e-03
9.000000000000000000e+00 1.500000000000000000e+01 8.600000000000000000e+01 0.000000000000000000e+00 1.600000000000000089e+00 -5.899999999999999754e-05 2.301000000000000094e-03 -9.999970000000000248e-01 1.850469999999999893e-01 9.827270000000000172e-01 2.250999999999999963e-03 9.827299999999999924e-01 -1.850469999999999893e-01 -4.829999999999999767e-04
