8.000000000000000000e+00 2.500000000000000000e+01 1.000000000000000000e+00 0.000000000000000000e+00 1.600000000000000089e+00 8.760000000000000425e-04 -9.145000000000000351e-03 -9.999580000000000135e-01 -5.267979999999999885e-01 -8.499590000000000201e-01 7.311999999999999923e-03 -8.499900000000000233e-01 5.267699999999999605e-01 -5.562000000000000104e-03
4.000000000000000000e+00 1.500000000000000000e+01 4.000000000000000000e+00 0.000000000000000000e+00 1.600000000000000089e+00 -3.339999999999999870e-04 4.760000000000000342e-03 9.999890000000000168e-01 3.253360000000000141e-01 -9.455869999999999553e-01 4.609000000000000249e-03 9.455980000000000496e-01 3.253340000000000121e-01 -1.232000000000000022e-03
1.100000000000000000e+01 1.500000000000000000e+01 4.000000000000000000e+00 0.000000000000000000e+00 1.600000000000000089e+00 2.626999999999999995e-03 1.077600000000000086e-02 9.999390000000000223e-01 3.200720000000000232e-01 -9.473470000000000502e-01 9.367999999999999591e-03 9.473899999999999544e-01 3.200279999999999792e-01 -5.937999999999999702e-03
1.800000000000000000e+01 1.500000000000000000e+01 4.000000000000000000e+00 0.000000000000000000e+00 1.600000000000000089e+00 -6.780000000000000002e-04 -2.722000000000000027e-03 9.999959999999999960e-01 3.266169999999999907e-01 -9.451540000000000497e-01 -2.350999999999999791e-03 9.451570000000000249e-01 3.266140000000000154e-01 1.529999999999999893e-03
2.300000000000000000e+01 1.500000000000000000e+01 4.000000000000000000e+00 0.000000000000000000e+00 1.600000000000000089e+00 -1.029999999999999964e-04 -6.599999999999999964e-03 9.999780000000000335e-01 3.198159999999999892e-01 -9.474590000000000511e-01 -6.220999999999999967e-03 9.474799999999999889e-01 3.198090000000000099e-01 2.207999999999999893e-03
2.800000000000000000e+01 1.500000000000000000e+01 4.000000000000000000e+00 0.000000000000000000e+00 1.600000000000000089e+00 1.608999999999999970e-03 -5.259999999999999919e-03 9.999850000000000128e-01 3.140890000000000071e-01 -9.493780000000000552e-01 -5.499000000000000415e-03 9.493920000000000137e-01 3.140930000000000111e-01 1.240000000000000054e-04
6.000000000000000000e+00 1.010000000000000000e+02 7.000000000000000000e+00 0.000000000000000000e+00 1.600000000000000089e+00 5.764000000000000026e-03 -1.743000000000000105e-02 9.998310000000000253e-01 8.905920000000000503e-01 4.547950000000000048e-01 2.794000000000000043e-03 -4.547669999999999768e-01 8.904260000000000508e-01 1.814400000000000041e-02
1.000000000000000000e+01 1.010000000000000000e+02 7.000000000000000000e+00 0.000000000000000000e+00 1.600000000000000089e+00 -1.291000000000000047e-03 1.358700000000000012e-02 9.999069999999999903e-01 8.919089999999999518e-01 4.521879999999999789e-01 -4.993000000000000042e-03 -4.522140000000000049e-01 8.918190000000000284e-01 -1.270199999999999975e-02
5.000000000000000000e+00 2.500000000000000000e+01 8.000000000000000000e+00 0.000000000000000000e+00 1.600000000000000089e+00 -8.949999999999999623e-04 -5.838999999999999573e-03 -9.999829999999999552e-01 4.480950000000000211e-01 8.939690000000000136e-01 -5.621000000000000128e-03 8.939859999999999474e-01 -4.480919999999999903e-01 1.815999999999999906e-03
1.200000000000000000e+01 2.500000000000000000e+01 8.000000000000000000e+00 0.000000000000000000e+00 1.600000000000000089e+00 -1.647999999999999942e-03 -3.400999999999999943e-03 -9.999930000000000208e-01 4.514460000000000139e-01 8.922909999999999453e-01 -3.778999999999999807e-03 8.922970000000000068e-01 -4.514489999999999892e-01 6.499999999999999431e-05
2.000000000000000000e+01 2.500000000000000000e+01 8.000000000000000000e+00 0.000000000000000000e+00 1.600000000000000089e+00 2.086999999999999880e-03 8.640999999999999376e-03 -9.999599999999999600e-01 4.512880000000000225e-01 8.923360000000000181e-01 8.652999999999999234e-03 8.923759999999999470e-01 -4.512880000000000225e-01 -2.037999999999999881e-03
3.000000000000000000e+01 2.500000000000000000e+01 8.000000000000000000e+00 0.000000000000000000e+00 1.600000000000000089e+00 -3.730000000000000134e-04 2.135000000000000092e-02 -9.997719999999999940e-01 4.526890000000000081e-01 8.914689999999999559e-01 1.886900000000000036e-02 8.916680000000000161e-01 -4.525790000000000091e-01 -9.997000000000000677e-03
5.000000000000000000e+00 2.400000000000000000e+01 9.000000000000000000e+00 0.000000000000000000e+00 1.600000000000000089e+00 -1.288999999999999998e-03 -7.314000000000000189e-03 -9.999719999999999720e-01 4.522390000000000021e-01 8.918690000000000229e-01 -7.106000000000000337e-03 8.918960000000000221e-01 -4.522349999999999981e-01 2.158000000000000196e-03
1.100000000000000000e+01 2.400000000000000000e+01 9.000000000000000000e+00 0.000000000000000000e+00 1.600000000000000089e+00 -1.773999999999999969e-03 -3.570000000000000040e-04 -9.999980000000000535e-01 4.547950000000000048e-01 8.905950000000000255e-01 -1.123999999999999999e-03 8.905939999999999968e-01 -4.547970000000000068e-01 -1.417000000000000074e-03
2.000000000000000000e+01 2.400000000000000000e+01 9.000000000000000000e+00 0.000000000000000000e+00 1.600000000000000089e+00 1.935000000000000088e-03 7.400000000000000328e-03 -9.999710000000000543e-01 4.551709999999999923e-01 8.903729999999999700e-01 7.470000000000000077e-03 8.904020000000000268e-01 -4.551720000000000210e-01 -1.644999999999999978e-03
2.400000000000000000e+01 2.400000000000000000e+01 9.000000000000000000e+00 0.000000000000000000e+00 1.600000000000000089e+00 1.600000000000000131e-04 8.071000000000000049e-03 -9.999670000000000503e-01 4.550910000000000233e-01 8.904149999999999565e-01 7.259999999999999960e-03 8.904450000000000420e-01 -4.550770000000000093e-01 -3.530999999999999851e-03
1.000000000000000000e+01 4.000000000000000000e+00 1.100000000000000000e+01 0.000000000000000000e+00 1.600000000000000089e+00 -4.279499999999999971e-02 7.879600000000000493e-02 -9.959719999999999684e-01 1.550850000000000006e-01 9.853250000000000064e-01 7.129000000000000614e-02 9.869740000000000180e-01 -1.514099999999999890e-01 -5.438799999999999885e-02
1.600000000000000000e+01 4.000000000000000000e+00 1.100000000000000000e+01 0.000000000000000000e+00 1.600000000000000089e+00 -6.235000000000000091e-03 -2.462500000000000105e-02 -9.996770000000000378e-01 2.400380000000000014e-01 9.704310000000000436e-01 -2.540099999999999997e-02 9.707440000000000513e-01 -2.401189999999999991e-01 -1.399999999999999877e-04
2.300000000000000000e+01 4.000000000000000000e+00 1.100000000000000000e+01 0.000000000000000000e+00 1.600000000000000089e+00 7.361999999999999621e-03 3.792399999999999938e-02 -9.992529999999999468e-01 2.370450000000000057e-01 9.707320000000000393e-01 3.858799999999999730e-02 9.714709999999999734e-01 -2.371530000000000027e-01 -1.843000000000000020e-03
1.000000000000000000e+01 3.100000000000000000e+01 1.200000000000000000e+01 0.000000000000000000e+00 1.600000000000000089e+00 -2.543999999999999821e-03 -1.516799999999999919e-02 9.998820000000000485e-01 -1.248100000000000077e-02 9.998080000000000300e-01 1.513499999999999915e-02 -9.999190000000000023e-01 -1.244100000000000067e-02 -2.732000000000000053e-03
8.000000000000000000e+00 3.500000000000000000e+01 1.200000000000000000e+01 0.000000000000000000e+00 1.600000000000000089e+00 5.295000000000000227e-03 -5.951999999999999826e-03 -9.999679999999999680e-01 5.007319999999999549e-01 -8.655669999999999753e-01 7.804000000000000173e-03 -8.655859999999999665e-01 -5.007570000000000077e-01 -1.603000000000000041e-03
2.200000000000000000e+01 3.500000000000000000e+01 1.200000000000000000e+01 0.000000000000000000e+00 1.600000000000000089e+00 -8.130000000000000291e-04 6.882000000000000096e-03 -9.999759999999999760e-01 4.488110000000000155e-01 -8.936030000000000362e-01 -6.514999999999999958e-03 -8.936269999999999492e-01 -4.488050000000000095e-01 -2.361999999999999950e-03
5.000000000000000000e+00 3.200000000000000000e+01 1.400000000000000000e+01 0.000000000000000000e+00 1.600000000000000089e+00 6.999999999999999387e-05 3.268299999999999678e-02 -9.994659999999999656e-01 1.040760000000000018e-01 9.940379999999999772e-01 3.251300000000000023e-02 9.945690000000000364e-01 -1.040220000000000034e-01 -3.331999999999999892e-03
1.100000000000000000e+01 3.200000000000000000e+01 1.400000000000000000e+01 0.000000000000000000e+00 1.600000000000000089e+00 -6.639999999999999852e-04 -2.244399999999999867e-02 -9.997479999999999700e-01 1.067469999999999947e-01 9.940339999999999732e-01 -2.238700000000000065e-02 9.942860000000000031e-01 -1.067349999999999965e-01 1.734999999999999997e-03
1.100000000000000000e+01 1.200000000000000000e+01 1.500000000000000000e+01 0.000000000000000000e+00 1.600000000000000089e+00 1.855000000000000095e-03 6.623999999999999680e-03 -9.999759999999999760e-01 -4.798450000000000215e-01 -8.773279999999999967e-01 -6.701999999999999624e-03 -8.773509999999999920e-01 4.798459999999999948e-01 1.551000000000000078e-03
1.300000000000000000e+01 2.000000000000000000e+00 1.900000000000000000e+01 0.000000000000000000e+00 1.600000000000000089e+00 -1.631099999999999911e-02 2.570300000000000015e-02 -9.995370000000000088e-01 2.316410000000000136e-01 -9.723749999999999893e-01 -2.878400000000000056e-02 -9.726650000000000018e-01 -2.320029999999999870e-01 9.905999999999999875e-03
1.800000000000000000e+01 2.000000000000000000e+00 1.900000000000000000e+01 0.000000000000000000e+00 1.600000000000000089e+00 -3.233999999999999896e-03 2.835999999999999979e-03 -9.999909999999999632e-01 2.155030000000000001e-01 -9.764969999999999484e-01 -3.467000000000000030e-03 -9.764979999999999771e-01 -2.155120000000000091e-01 2.546999999999999785e-03
2.100000000000000000e+01 2.000000000000000000e+00 1.900000000000000000e+01 0.000000000000000000e+00 1.600000000000000089e+00 -7.200000000000000182e-05 5.206999999999999823e-03 -9.999860000000000415e-01 2.146260000000000112e-01 -9.766829999999999679e-01 -5.100999999999999632e-03 -9.766960000000000086e-01 -2.146240000000000092e-01 -1.046999999999999971e-03
2.900000000000000000e+01 2.000000000000000000e+00 1.900000000000000000e+01 0.000000000000000000e+00 1.600000000000000089e+00 4.637999999999999762e-03 -1.699600000000000069e-02 -9.998449999999999838e-01 2.005159999999999998e-01 -9.795329999999999870e-01 1.758099999999999941e-02 -9.796789999999999665e-01 -2.005669999999999953e-01 -1.134999999999999941e-03
9.000000000000000000e+00 3.000000000000000000e+00 1.900000000000000000e+01 0.000000000000000000e+00 1.600000000000000089e+00 2.099200000000000024e-02 4.017600000000000338e-02 -9.989719999999999711e-01 2.493789999999999896e-01 -9.678200000000000136e-01 -3.368299999999999766e-02 -9.681779999999999831e-01 -2.484159999999999979e-01 -3.033500000000000085e-02
4.000000000000000000e+00 4.000000000000000000e+00 2.000000000000000000e+01 0.000000000000000000e+00 1.600000000000000089e+00 1.528999999999999977e-03 1.997099999999999917e-02 -9.997989999999999933e-01 3.060729999999999840e-01 -9.518269999999999786e-01 -1.854499999999999899e-02 -9.520070000000000476e-01 -3.059830000000000050e-01 -7.566999999999999942e-03
1.000000000000000000e+01 4.000000000000000000e+00 2.000000000000000000e+01 0.000000000000000000e+00 1.600000000000000089e+00 -4.578999999999999737e-03 2.867000000000000104e-02 -9.995779999999999665e-01 2.954330000000000012e-01 -9.549309999999999743e-01 -2.874300000000000119e-02 -9.553519999999999790e-01 -2.954399999999999804e-01 -4.098000000000000080e-03
2.300000000000000000e+01 4.000000000000000000e+00 2.000000000000000000e+01 0.000000000000000000e+00 1.600000000000000089e+00 -2.321999999999999845e-03 3.567999999999999991e-03 -9.999909999999999632e-01 2.775239999999999929e-01 -9.607099999999999529e-01 -4.072000000000000099e-03 -9.607160000000000144e-01 -2.775310000000000277e-01 1.240000000000000000e-03
2.900000000000000000e+01 4.000000000000000000e+00 2.000000000000000000e+01 0.000000000000000000e+00 1.600000000000000089e+00 3.529000000000000019e-03 -8.550999999999999573e-03 -9.999569999999999848e-01 2.668030000000000124e-01 -9.637069999999999803e-01 9.183000000000000190e-03 -9.637449999999999628e-01 -2.668240000000000056e-01 -1.118999999999999986e-03
4.000000000000000000e+00 1.300000000000000000e+01 2.000000000000000000e+01 0.000000000000000000e+00 1.600000000000000089e+00 7.190000000000000210e-04 -1.374999999999999920e-03 9.999989999999999712e-01 2.514230000000000076e-01 9.678769999999999873e-01 1.149999999999999981e-03 -9.678769999999999873e-01 2.514219999999999788e-01 1.041000000000000042e-03
1.100000000000000000e+01 1.300000000000000000e+01 2.000000000000000000e+01 0.000000000000000000e+00 1.600000000000000089e+00 -2.101000000000000003e-03 -1.960500000000000090e-02 9.998059999999999725e-01 2.564420000000000033e-01 9.663629999999999720e-01 1.948799999999999838e-02 -9.665569999999999995e-01 2.564330000000000220e-01 2.997000000000000098e-03
2.000000000000000000e+01 1.300000000000000000e+01 2.000000000000000000e+01 0.000000000000000000e+00 1.600000000000000089e+00 1.644000000000000062e-03 1.872800000000000159e-02 9.998230000000000173e-01 2.564069999999999960e-01 9.663920000000000288e-01 -1.852399999999999880e-02 -9.665679999999999827e-01 2.563920000000000088e-01 -3.213000000000000144e-03
2.600000000000000000e+01 1.300000000000000000e+01 2.000000000000000000e+01 0.000000000000000000e+00 1.600000000000000089e+00 1.415999999999999941e-03 3.340000000000000087e-03 9.999930000000000208e-01 2.518710000000000115e-01 9.677540000000000031e-01 -3.589000000000000176e-03 -9.677599999999999536e-01 2.518739999999999868e-01 5.299999999999999807e-04
5.000000000000000000e+00 1.600000000000000000e+01 2.100000000000000000e+01 0.000000000000000000e+00 1.600000000000000089e+00 7.669999999999999951e-04 3.699999999999999947e-04 1.000000000000000000e+00 2.976130000000000164e-01 9.546860000000000346e-01 -5.820000000000000520e-04 -9.546860000000000346e-01 2.976130000000000164e-01 6.220000000000000485e-04
1.600000000000000000e+01 1.600000000000000000e+01 2.100000000000000000e+01 0.000000000000000000e+00 1.600000000000000089e+00 -6.440000000000000412e-04 -4.832999999999999623e-03 9.999879999999999880e-01 3.026739999999999986e-01 9.530819999999999848e-01 4.800999999999999712e-03 -9.530939999999999968e-01 3.026730000000000254e-01 8.490000000000000368e-04
2.000000000000000000e+01 1.600000000000000000e+01 2.100000000000000000e+01 0.000000000000000000e+00 1.600000000000000089e+00 -1.213000000000000102e-03 4.229000000000000120e-03 9.999900000000000455e-01 3.009080000000000088e-01 9.536459999999999937e-01 -3.667999999999999820e-03 -9.536520000000000552e-01 3.009009999999999740e-01 -2.429000000000000169e-03
2.700000000000000000e+01 1.600000000000000000e+01 2.100000000000000000e+01 0.000000000000000000e+00 1.600000000000000089e+00 1.611000000000000019e-03 1.508000000000000009e-03 9.999980000000000535e-01 2.982069999999999999e-01 9.544989999999999863e-01 -1.920000000000000049e-03 -9.545000000000000151e-01 2.982090000000000019e-01 1.087999999999999991e-03
1.700000000000000000e+01 3.000000000000000000e+00 2.500000000000000000e+01 0.000000000000000000e+00 1.600000000000000089e+00 3.095799999999999941e-02 9.709000000000000616e-03 9.994739999999999736e-01 -3.108299999999999952e-02 -9.994600000000000151e-01 1.067199999999999920e-02 9.990369999999999528e-01 -3.139700000000000130e-02 -3.064000000000000057e-02
2.400000000000000000e+01 3.000000000000000000e+00 2.500000000000000000e+01 0.000000000000000000e+00 1.600000000000000089e+00 1.560899999999999961e-02 3.628999999999999847e-03 9.998719999999999830e-01 -1.866500000000000103e-02 -9.998179999999999845e-01 3.921000000000000006e-03 9.997040000000000370e-01 -1.872400000000000106e-02 -1.553799999999999973e-02
6.000000000000000000e+00 4.000000000000000000e+00 2.500000000000000000e+01 0.000000000000000000e+00 1.600000000000000089e+00 5.739400000000000057e-02 4.499700000000000227e-02 9.973370000000000291e-01 -5.832340000000000302e-01 -8.092759999999999954e-01 7.007599999999999940e-02 8.102740000000000498e-01 -5.857029999999999736e-01 -2.020399999999999974e-02
2.200000000000000000e+01 4.600000000000000000e+01 2.700000000000000000e+01 0.000000000000000000e+00 1.600000000000000089e+00 -2.086000000000000180e-03 -2.416999999999999878e-03 -9.999949999999999672e-01 6.584349999999999925e-01 7.526310000000000500e-01 -3.193000000000000092e-03 7.526350000000000540e-01 -6.584379999999999677e-01 2.099999999999999884e-05
2.800000000000000000e+01 4.600000000000000000e+01 2.700000000000000000e+01 0.000000000000000000e+00 1.600000000000000089e+00 5.079999999999999880e-04 3.158999999999999916e-03 -9.999949999999999672e-01 6.568850000000000522e-01 7.539860000000000451e-01 2.714999999999999965e-03 7.539900000000000491e-01 -6.568829999999999947e-01 -1.691999999999999928e-03
1.700000000000000000e+01 1.100000000000000000e+01 3.000000000000000000e+01 0.000000000000000000e+00 1.600000000000000089e+00 6.747200000000000419e-02 8.324529999999999985e-01 5.499730000000000452e-01 -2.730409999999999782e-01 -5.147800000000000153e-01 8.126809999999999867e-01 9.596329999999999583e-01 -2.049980000000000135e-01 1.925600000000000089e-01
6.000000000000000000e+00 4.600000000000000000e+01 3.000000000000000000e+01 0.000000000000000000e+00 1.600000000000000089e+00 1.592000000000000099e-03 7.165999999999999627e-03 -9.999730000000000008e-01 3.250390000000000224e-01 9.456729999999999858e-01 7.294000000000000136e-03 9.456989999999999563e-01 -3.250419999999999976e-01 -8.239999999999999712e-04
1.000000000000000000e+00 5.800000000000000000e+01 3.100000000000000000e+01 0.000000000000000000e+00 1.600000000000000089e+00 2.389000000000000064e-03 -7.933000000000000815e-03 9.999660000000000215e-01 -7.722360000000000335e-01 -6.353280000000000038e-01 -3.194999999999999923e-03 6.353309999999999791e-01 -7.722020000000000550e-01 -7.643999999999999753e-03
5.000000000000000000e+00 5.800000000000000000e+01 3.100000000000000000e+01 0.000000000000000000e+00 1.600000000000000089e+00 6.928000000000000130e-03 9.716999999999999943e-03 9.999289999999999567e-01 -7.755640000000000311e-01 -6.311639999999999473e-01 1.150699999999999987e-02 6.312309999999999865e-01 -7.755889999999999729e-01 3.163000000000000013e-03
1.000000000000000000e+01 5.800000000000000000e+01 3.100000000000000000e+01 0.000000000000000000e+00 1.600000000000000089e+00 3.011999999999999920e-03 1.651000000000000037e-02 9.998590000000000533e-01 -7.744640000000000413e-01 -6.324889999999999679e-01 1.277700000000000016e-02 6.326110000000000344e-01 -7.743929999999999980e-01 1.088100000000000005e-02
1.400000000000000000e+01 5.800000000000000000e+01 3.100000000000000000e+01 0.000000000000000000e+00 1.600000000000000089e+00 -5.784000000000000079e-03 -7.828999999999999154e-03 9.999529999999999808e-01 -7.719359999999999555e-01 -6.356300000000000283e-01 -9.442000000000000740e-03 6.356739999999999613e-01 -7.719540000000000290e-01 -2.367000000000000180e-03
1.800000000000000000e+01 5.800000000000000000e+01 3.100000000000000000e+01 0.000000000000000000e+00 1.600000000000000089e+00 -3.690999999999999837e-03 -3.200000000000000153e-03 9.999879999999999880e-01 -7.708460000000000312e-01 -6.370029999999999859e-01 -4.883000000000000188e-03 6.370109999999999939e-01 -7.708549999999999569e-01 -1.160000000000000007e-04
2.500000000000000000e+01 5.800000000000000000e+01 3.100000000000000000e+01 0.000000000000000000e+00 1.600000000000000089e+00 5.216000000000000150e-03 3.213999999999999843e-03 9.999810000000000088e-01 -7.723149999999999737e-01 -6.352109999999999701e-01 6.069999999999999875e-03 6.352179999999999493e-01 -7.723320000000000185e-01 -8.310000000000000329e-04
2.100000000000000000e+01 1.800000000000000000e+01 3.200000000000000000e+01 0.000000000000000000e+00 1.600000000000000089e+00 -8.790800000000000003e-02 6.698690000000000477e-01 7.372570000000000512e-01 -3.894199999999999884e-01 -7.043329999999999869e-01 5.935209999999999653e-01 9.168560000000000043e-01 -2.349269999999999969e-01 3.227769999999999806e-01
2.200000000000000000e+01 1.900000000000000000e+01 3.300000000000000000e+01 0.000000000000000000e+00 1.600000000000000089e+00 -1.275429999999999897e-01 6.351219999999999644e-01 7.618089999999999584e-01 -5.165859999999999896e-01 -6.982150000000000301e-01 4.956160000000000010e-01 8.466829999999999634e-01 -3.303269999999999817e-01 4.171480000000000188e-01
7.000000000000000000e+00 4.200000000000000000e+01 3.400000000000000000e+01 0.000000000000000000e+00 1.600000000000000089e+00 -4.224000000000000324e-03 -2.756999999999999902e-03 -9.999869999999999592e-01 -3.012360000000000038e-01 9.535489999999999799e-01 -1.356000000000000000e-03 9.535400000000000542e-01 3.012270000000000225e-01 -4.858000000000000339e-03
1.200000000000000000e+01 4.200000000000000000e+01 3.400000000000000000e+01 0.000000000000000000e+00 1.600000000000000089e+00 4.026000000000000065e-03 1.479000000000000063e-03 -9.999909999999999632e-01 -2.948120000000000185e-01 9.555550000000000432e-01 2.269999999999999882e-04 9.555470000000000352e-01 2.948080000000000145e-01 4.283000000000000348e-03
2.000000000000000000e+00 4.600000000000000000e+01 3.500000000000000000e+01 0.000000000000000000e+00 1.600000000000000089e+00 1.899000000000000080e-03 -4.921000000000000027e-03 -9.999860000000000415e-01 3.892349999999999977e-01 -9.211230000000000251e-01 5.271999999999999777e-03 -9.211359999999999548e-01 -3.892399999999999749e-01 1.669999999999999935e-04
7.000000000000000000e+00 4.600000000000000000e+01 3.500000000000000000e+01 0.000000000000000000e+00 1.600000000000000089e+00 3.821000000000000178e-03 4.458000000000000157e-03 -9.999829999999999552e-01 3.886490000000000222e-01 -9.213820000000000343e-01 -2.622000000000000199e-03 -9.213780000000000303e-01 -3.886319999999999775e-01 -5.252999999999999857e-03
1.100000000000000000e+01 4.600000000000000000e+01 3.500000000000000000e+01 0.000000000000000000e+00 1.600000000000000089e+00 -1.090000000000000040e-03 1.110099999999999976e-02 -9.999379999999999935e-01 3.870020000000000127e-01 -9.220169999999999755e-01 -1.065800000000000081e-02 -9.220779999999999532e-01 -3.869900000000000007e-01 -3.291000000000000088e-03
1.700000000000000000e+01 4.600000000000000000e+01 3.500000000000000000e+01 0.000000000000000000e+00 1.600000000000000089e+00 -6.300000000000000261e-04 3.944999999999999722e-03 -9.999919999999999920e-01 3.891560000000000019e-01 -9.211629999999999541e-01 -3.879000000000000069e-03 -9.211709999999999621e-01 -3.891560000000000019e-01 -9.550000000000000112e-04
2.500000000000000000e+01 4.600000000000000000e+01 3.500000000000000000e+01 0.000000000000000000e+00 1.600000000000000089e+00 4.350000000000000026e-04 8.509999999999999769e-04 -1.000000000000000000e+00 3.902160000000000073e-01 -9.207229999999999581e-01 -6.139999999999999625e-04 -9.207229999999999581e-01 -3.902160000000000073e-01 -7.320000000000000118e-04
2.900000000000000000e+01 4.600000000000000000e+01 3.500000000000000000e+01 0.000000000000000000e+00 1.600000000000000089e+00 1.807000000000000012e-03 1.030000000000000100e-03 -9.999980000000000535e-01 3.885580000000000145e-01 -9.214240000000000208e-01 -2.469999999999999865e-04 -9.214219999999999633e-01 -3.885569999999999857e-01 -2.064999999999999995e-03
4.000000000000000000e+00 2.200000000000000000e+01 3.600000000000000000e+01 0.000000000000000000e+00 1.600000000000000089e+00 -1.922850000000000115e-01 -7.270400000000000196e-01 6.591200000000000392e-01 7.312009999999999899e-01 3.418109999999999760e-01 5.903479999999999839e-01 -6.545009999999999994e-01 5.954639999999999933e-01 4.658869999999999956e-01
1.700000000000000000e+01 9.500000000000000000e+01 3.600000000000000000e+01 0.000000000000000000e+00 1.600000000000000089e+00 -5.969499999999999806e-02 5.102700000000000291e-02 9.969120000000000203e-01 9.958019999999999650e-01 7.247099999999999376e-02 5.591900000000000343e-02 -6.939399999999999735e-02 9.960639999999999494e-01 -5.513900000000000051e-02
2.700000000000000000e+01 9.500000000000000000e+01 3.600000000000000000e+01 0.000000000000000000e+00 1.600000000000000089e+00 4.922300000000000286e-02 3.186599999999999849e-02 9.982790000000000274e-01 9.975100000000000078e-01 4.897800000000000070e-02 -5.074900000000000244e-02 -5.051100000000000034e-02 9.982910000000000394e-01 -2.937499999999999833e-02
1.800000000000000000e+01 2.200000000000000000e+01 3.700000000000000000e+01 0.000000000000000000e+00 1.600000000000000089e+00 -1.559299999999999922e-02 6.317559999999999842e-01 -7.750099999999999767e-01 6.674790000000000445e-01 -5.705320000000000391e-01 -4.785030000000000117e-01 -7.444659999999999611e-01 -5.247640000000000082e-01 -4.127870000000000150e-01
5.000000000000000000e+00 2.300000000000000000e+01 3.700000000000000000e+01 0.000000000000000000e+00 1.600000000000000089e+00 -1.865539999999999976e-01 -7.467219999999999969e-01 6.384389999999999787e-01 7.266249999999999654e-01 3.324989999999999890e-01 6.012159999999999727e-01 -6.612209999999999477e-01 5.760650000000000492e-01 4.805579999999999852e-01
2.300000000000000000e+01 2.800000000000000000e+01 3.700000000000000000e+01 0.000000000000000000e+00 1.600000000000000089e+00 -2.423300000000000107e-02 -1.674279999999999935e-01 -9.855869999999999909e-01 -7.197310000000000096e-01 -6.813099999999999712e-01 1.334339999999999971e-01 -6.938299999999999468e-01 7.125909999999999744e-01 -1.039930000000000021e-01
3.000000000000000000e+00 1.500000000000000000e+01 3.800000000000000000e+01 0.000000000000000000e+00 1.600000000000000089e+00 1.843470000000000109e-01 3.302370000000000028e-01 9.257210000000000161e-01 -7.945769999999999778e-01 -5.042959999999999665e-01 3.381310000000000149e-01 5.785010000000000430e-01 -7.978899999999999881e-01 1.694340000000000013e-01
1.000000000000000000e+01 3.700000000000000000e+01 3.800000000000000000e+01 0.000000000000000000e+00 1.600000000000000089e+00 4.677400000000000307e-02 -8.474000000000000629e-03 9.988690000000000069e-01 6.524759999999999449e-01 7.574250000000000149e-01 -2.412800000000000014e-02 -7.563649999999999540e-01 6.528669999999999751e-01 4.095700000000000035e-02
4.000000000000000000e+00 3.800000000000000000e+01 3.800000000000000000e+01 0.000000000000000000e+00 1.600000000000000089e+00 -1.115560000000000024e-01 -1.520060000000000022e-01 9.820640000000000480e-01 6.906400000000000317e-01 6.987109999999999710e-01 1.865999999999999881e-01 -7.145430000000000392e-01 6.990690000000000515e-01 2.703600000000000100e-02
8.000000000000000000e+00 2.600000000000000000e+01 3.900000000000000000e+01 0.000000000000000000e+00 1.600000000000000089e+00 -1.539030000000000120e-01 -7.625939999999999941e-01 6.283020000000000271e-01 7.139280000000000070e-01 3.537799999999999834e-01 6.042739999999999778e-01 -6.830960000000000365e-01 5.415619999999999878e-01 4.899899999999999811e-01
4.000000000000000000e+00 3.900000000000000000e+01 3.900000000000000000e+01 0.000000000000000000e+00 1.600000000000000089e+00 -1.528460000000000096e-01 -2.425200000000000133e-01 9.580300000000000482e-01 7.238850000000000007e-01 6.324840000000000462e-01 2.755989999999999829e-01 -6.727769999999999584e-01 7.356279999999999486e-01 7.888399999999999579e-02
9.000000000000000000e+00 2.700000000000000000e+01 4.000000000000000000e+01 0.000000000000000000e+00 1.600000000000000089e+00 -1.426209999999999978e-01 -7.939270000000000493e-01 5.910490000000000466e-01 7.118470000000000075e-01 3.326279999999999792e-01 6.185730000000000395e-01 -6.877010000000000067e-01 5.089590000000000503e-01 5.177150000000000363e-01
2.000000000000000000e+01 3.400000000000000000e+01 4.000000000000000000e+01 0.000000000000000000e+00 1.600000000000000089e+00 -1.393870000000000109e-01 3.820180000000000242e-01 -9.135830000000000339e-01 5.409890000000000532e-01 8.021150000000000224e-01 2.528670000000000084e-01 8.293989999999999974e-01 -4.589920000000000111e-01 -3.184719999999999773e-01
2.500000000000000000e+01 1.300000000000000000e+01 4.100000000000000000e+01 0.000000000000000000e+00 1.600000000000000089e+00 -4.674600000000000283e-02 1.385909999999999920e-01 9.892459999999999587e-01 -7.053660000000000485e-01 -7.058060000000000445e-01 6.554999999999999716e-02 7.073000000000000398e-01 -6.947170000000000289e-01 1.307510000000000061e-01
2.600000000000000000e+01 1.400000000000000000e+01 4.200000000000000000e+01 0.000000000000000000e+00 1.600000000000000089e+00 -6.190299999999999969e-02 1.237619999999999970e-01 9.903790000000000093e-01 -6.204960000000000475e-01 -7.819920000000000204e-01 5.893700000000000327e-02 7.817629999999999857e-01 -6.108780000000000321e-01 1.252020000000000077e-01
2.900000000000000000e+01 3.100000000000000000e+01 4.200000000000000000e+01 0.000000000000000000e+00 1.600000000000000089e+00 -2.622700000000000031e-02 3.989349999999999841e-01 -9.166039999999999743e-01 5.924300000000000122e-01 7.447559999999999736e-01 3.071900000000000186e-01 8.051949999999999941e-01 -5.349669999999999703e-01 -2.558739999999999903e-01
8.000000000000000000e+00 3.000000000000000000e+00 4.300000000000000000e+01 0.000000000000000000e+00 1.600000000000000089e+00 -2.324999999999999810e-03 2.801500000000000171e-02 -9.996049999999999658e-01 7.500130000000000408e-01 -6.611120000000000330e-01 -2.027299999999999935e-02 -6.614189999999999792e-01 -7.497639999999999860e-01 -1.947499999999999926e-02
1.300000000000000000e+01 3.000000000000000000e+00 4.300000000000000000e+01 0.000000000000000000e+00 1.600000000000000089e+00 4.279999999999999950e-04 2.769000000000000194e-03 -9.999959999999999960e-01 7.439710000000000489e-01 -6.682099999999999707e-01 -1.531000000000000026e-03 -6.682109999999999994e-01 -7.439679999999999627e-01 -2.345999999999999995e-03
2.700000000000000000e+01 3.000000000000000000e+00 4.300000000000000000e+01 0.000000000000000000e+00 1.600000000000000089e+00 2.390000000000000089e-04 1.192700000000000010e-02 -9.999289999999999567e-01 7.436220000000000052e-01 -6.685539999999999816e-01 -7.795999999999999978e-03 -6.685999999999999721e-01 -7.435680000000000067e-01 -9.029000000000000567e-03
1.700000000000000000e+01 8.000000000000000000e+00 4.400000000000000000e+01 0.000000000000000000e+00 1.600000000000000089e+00 3.344000000000000184e-03 3.779999999999999940e-03 9.999869999999999592e-01 -7.923350000000000115e-01 -6.100659999999999972e-01 4.956000000000000336e-03 6.100769999999999804e-01 -7.923409999999999620e-01 9.550000000000000112e-04
2.200000000000000000e+01 8.000000000000000000e+00 4.400000000000000000e+01 0.000000000000000000e+00 1.600000000000000089e+00 6.146999999999999686e-03 1.257400000000000011e-02 9.999019999999999575e-01 -7.901129999999999542e-01 -6.128320000000000434e-01 1.256400000000000051e-02 6.129299999999999748e-01 -7.901129999999999542e-01 6.167999999999999872e-03
5.000000000000000000e+00 2.200000000000000000e+01 4.500000000000000000e+01 0.000000000000000000e+00 1.600000000000000089e+00 1.463550000000000129e-01 -7.753200000000000369e-02 -9.861889999999999823e-01 -4.712970000000000215e-01 8.710449999999999582e-01 -1.384219999999999895e-01 8.697470000000000478e-01 4.850459999999999772e-01 9.094199999999999506e-02
1.200000000000000000e+01 2.400000000000000000e+01 4.500000000000000000e+01 0.000000000000000000e+00 1.600000000000000089e+00 1.229119999999999935e-01 -3.021530000000000049e-01 -9.453019999999999756e-01 -5.978109999999999813e-01 7.377730000000000121e-01 -3.135490000000000221e-01 7.921580000000000288e-01 6.036510000000000487e-01 -8.995000000000000218e-02
1.000000000000000000e+00 2.200000000000000000e+01 4.600000000000000000e+01 0.000000000000000000e+00 1.600000000000000089e+00 7.676499999999999990e-02 -4.598100000000000104e-02 -9.959879999999999844e-01 -3.003950000000000231e-01 9.514529999999999932e-01 -6.707799999999999874e-02 9.507210000000000383e-01 3.043399999999999994e-01 5.922600000000000087e-02
9.000000000000000000e+00 6.500000000000000000e+01 4.600000000000000000e+01 0.000000000000000000e+00 1.600000000000000089e+00 -7.263999999999999624e-03 -1.538289999999999935e-01 9.880710000000000326e-01 6.616689999999999516e-01 -7.415950000000000042e-01 -1.105919999999999959e-01 7.497610000000000108e-01 6.529730000000000256e-01 1.071710000000000024e-01
3.000000000000000000e+00 5.300000000000000000e+01 4.900000000000000000e+01 0.000000000000000000e+00 1.600000000000000089e+00 -4.140499999999999736e-01 6.082790000000000141e-01 6.771700000000000497e-01 -8.933170000000000277e-01 -1.287000000000000088e-01 -4.306050000000000155e-01 -1.747759999999999869e-01 -7.832189999999999985e-01 5.966749999999999554e-01
1.100000000000000000e+01 4.500000000000000000e+01 5.000000000000000000e+01 0.000000000000000000e+00 1.600000000000000089e+00 -2.336600000000000066e-01 6.443719999999999448e-01 7.281400000000000095e-01 5.328030000000000266e-01 7.112810000000000521e-01 -4.584759999999999946e-01 -8.133409999999999807e-01 2.808280000000000221e-01 -5.095210000000000017e-01
2.200000000000000000e+01 6.000000000000000000e+00 5.100000000000000000e+01 0.000000000000000000e+00 1.600000000000000089e+00 1.610000000000000103e-04 4.243000000000000244e-03 -9.999909999999999632e-01 3.186459999999999848e-01 -9.478649999999999576e-01 -3.969999999999999571e-03 -9.478739999999999943e-01 -3.186430000000000096e-01 -1.503999999999999912e-03
1.600000000000000000e+01 4.800000000000000000e+01 5.100000000000000000e+01 0.000000000000000000e+00 1.600000000000000089e+00 1.691600000000000048e-02 -9.432120000000000504e-01 3.317590000000000261e-01 6.282450000000000534e-01 2.681529999999999747e-01 7.303439999999999932e-01 -7.778319999999999679e-01 1.960719999999999963e-01 5.971049999999999969e-01
3.000000000000000000e+00 7.000000000000000000e+00 5.200000000000000000e+01 0.000000000000000000e+00 1.600000000000000089e+00 8.514999999999999999e-03 5.546999999999999847e-03 -9.999479999999999480e-01 8.301000000000000045e-02 -9.965370000000000061e-01 -4.820999999999999765e-03 -9.965119999999999534e-01 -8.296499999999999708e-02 -8.946000000000000826e-03
7.000000000000000000e+00 7.000000000000000000e+00 5.200000000000000000e+01 0.000000000000000000e+00 1.600000000000000089e+00 4.825000000000000296e-03 8.677000000000000685e-03 -9.999510000000000343e-01 7.292899999999999383e-02 -9.973030000000000506e-01 -8.302000000000000351e-03 -9.973250000000000171e-01 -7.288500000000000534e-02 -5.445000000000000187e-03
2.800000000000000000e+01 7.000000000000000000e+00 5.200000000000000000e+01 0.000000000000000000e+00 1.600000000000000089e+00 -1.312999999999999931e-03 1.338999999999999913e-03 -9.999980000000000535e-01 9.307100000000000095e-02 -9.956580000000000430e-01 -1.454999999999999913e-03 -9.956589999999999607e-01 -9.307300000000000295e-02 1.183000000000000024e-03
1.700000000000000000e+01 4.900000000000000000e+01 5.200000000000000000e+01 0.000000000000000000e+00 1.600000000000000089e+00 -2.736900000000000097e-02 -9.574409999999999865e-01 2.873279999999999723e-01 6.379839999999999955e-01 2.045520000000000116e-01 7.423840000000000439e-01 -7.695629999999999971e-01 2.036290000000000044e-01 6.052340000000000497e-01
1.000000000000000000e+01 6.300000000000000000e+01 5.200000000000000000e+01 0.000000000000000000e+00 1.600000000000000089e+00 -3.906300000000000050e-02 2.086699999999999944e-01 -9.772060000000000191e-01 4.692779999999999729e-01 8.672260000000000524e-01 1.664259999999999906e-01 8.821860000000000257e-01 -4.520799999999999819e-01 -1.318010000000000015e-01
1.700000000000000000e+01 5.000000000000000000e+01 5.300000000000000000e+01 0.000000000000000000e+00 1.600000000000000089e+00 -8.444100000000000217e-02 -9.560969999999999747e-01 2.806210000000000093e-01 6.266890000000000516e-01 1.679940000000000044e-01 7.609460000000000113e-01 -7.746809999999999530e-01 2.401169999999999971e-01 5.849900000000000100e-01
7.000000000000000000e+00 1.400000000000000000e+01 5.400000000000000000e+01 0.000000000000000000e+00 1.600000000000000089e+00 -4.864000000000000268e-03 -7.720000000000000083e-04 -9.999879999999999880e-01 5.805609999999999937e-01 8.142099999999999893e-01 -3.452000000000000207e-03 8.142019999999999813e-01 -5.805709999999999482e-01 -3.511999999999999931e-03
2.100000000000000000e+01 6.300000000000000000e+01 5.400000000000000000e+01 0.000000000000000000e+00 1.600000000000000089e+00 1.221999999999999996e-03 2.056200000000000042e-02 9.997880000000000100e-01 -3.580630000000000202e-01 9.335090000000000332e-01 -1.876200000000000090e-02 -9.336969999999999992e-01 -3.579640000000000044e-01 8.503000000000000141e-03
8.000000000000000000e+00 7.200000000000000000e+01 5.400000000000000000e+01 0.000000000000000000e+00 1.600000000000000089e+00 -9.133829999999999449e-01 2.412430000000000130e-01 3.279230000000000200e-01 -2.856150000000000078e-01 -9.537320000000000242e-01 -9.390900000000000636e-02 2.900960000000000205e-01 -1.794350000000000112e-01 9.400249999999999995e-01
1.900000000000000000e+01 2.400000000000000000e+01 5.500000000000000000e+01 0.000000000000000000e+00 1.600000000000000089e+00 -3.821999999999999703e-02 1.407049999999999967e-01 -9.893140000000000267e-01 1.832400000000000001e-02 9.899689999999999879e-01 1.400899999999999923e-01 9.991010000000000169e-01 -1.277400000000000063e-02 -4.041499999999999954e-02
1.000000000000000000e+01 2.600000000000000000e+01 5.500000000000000000e+01 0.000000000000000000e+00 1.600000000000000089e+00 1.346499999999999954e-02 1.855800000000000158e-02 -9.997369999999999868e-01 -1.031480000000000036e-01 9.945199999999999596e-01 1.707200000000000037e-02 9.945749999999999869e-01 1.028909999999999964e-01 1.530499999999999916e-02
1.200000000000000000e+01 2.600000000000000000e+01 5.500000000000000000e+01 0.000000000000000000e+00 1.600000000000000089e+00 2.501899999999999957e-02 2.333000000000000004e-02 -9.994150000000000533e-01 -1.083839999999999942e-01 9.938979999999999482e-01 2.048799999999999927e-02 9.937939999999999552e-01 1.078080000000000011e-01 2.739499999999999921e-02
2.000000000000000000e+01 5.300000000000000000e+01 5.500000000000000000e+01 0.000000000000000000e+00 1.600000000000000089e+00 4.996300000000000047e-02 -5.964990000000000014e-01 8.010570000000000190e-01 9.445999999999999536e-03 8.023050000000000459e-01 5.968390000000000084e-01 -9.987059999999999826e-01 -2.225299999999999848e-02 4.571999999999999675e-02
3.000000000000000000e+00 7.500000000000000000e+01 5.500000000000000000e+01 0.000000000000000000e+00 1.600000000000000089e+00 -8.607620000000000271e-01 2.689529999999999976e-01 4.321499999999999786e-01 -3.417290000000000050e-01 -9.345670000000000366e-01 -9.902400000000000091e-02 3.772409999999999930e-01 -2.329140000000000099e-01 8.963480000000000336e-01
1.900000000000000000e+01 2.600000000000000000e+01 5.600000000000000000e+01 0.000000000000000000e+00 1.600000000000000089e+00 -1.220199999999999931e-02 1.112439999999999957e-01 -9.937179999999999902e-01 8.186999999999999833e-03 9.937700000000000422e-01 1.111489999999999978e-01 9.998920000000000030e-01 -6.779000000000000303e-03 -1.303600000000000071e-02
1.600000000000000000e+01 4.200000000000000000e+01 5.800000000000000000e+01 0.000000000000000000e+00 1.600000000000000089e+00 -5.129749999999999588e-01 -4.639300000000000090e-01 7.222370000000000179e-01 -3.651100000000000179e-02 -8.288189999999999724e-01 -5.583249999999999602e-01 8.576270000000000282e-01 -3.127759999999999985e-01 4.082250000000000045e-01
4.000000000000000000e+00 5.500000000000000000e+01 5.800000000000000000e+01 0.000000000000000000e+00 1.600000000000000089e+00 7.810390000000000388e-01 4.214879999999999738e-01 -4.607879999999999754e-01 5.747940000000000271e-01 -7.736459999999999448e-01 2.666169999999999929e-01 -2.441109999999999947e-01 -4.730969999999999898e-01 -8.465160000000000462e-01
1.000000000000000000e+01 6.500000000000000000e+01 5.800000000000000000e+01 0.000000000000000000e+00 1.600000000000000089e+00 -5.581509999999999527e-01 -8.221349999999999492e-01 1.120759999999999951e-01 1.118650000000000061e-01 -2.084010000000000029e-01 -9.716249999999999609e-01 8.221640000000000059e-01 -5.297760000000000247e-01 2.082869999999999999e-01
