1.700000000000000000e+01 2.500000000000000000e+01 1.000000000000000000e+00 0.000000000000000000e+00 1.600000000000000089e+00 -2.550000000000000183e-03 -1.163499999999999951e-02 -9.999289999999999567e-01 -5.298500000000000432e-01 -8.480170000000000208e-01 1.121899999999999981e-02 -8.480879999999999530e-01 5.298410000000000064e-01 -4.002999999999999614e-03
2.100000000000000000e+01 2.500000000000000000e+01 1.000000000000000000e+00 0.000000000000000000e+00 1.600000000000000089e+00 -2.203000000000000097e-03 -1.686999999999999915e-03 -9.999959999999999960e-01 -5.324069999999999636e-01 -8.464840000000000142e-01 2.601000000000000013e-03 -8.464850000000000430e-01 5.324109999999999676e-01 9.669999999999999776e-04
2.500000000000000000e+01 2.500000000000000000e+01 1.000000000000000000e+00 0.000000000000000000e+00 1.600000000000000089e+00 -1.938000000000000052e-03 3.154999999999999818e-03 -9.999930000000000208e-01 -5.306380000000000541e-01 -8.475970000000000448e-01 -1.645999999999999894e-03 -8.475970000000000448e-01 5.306309999999999638e-01 3.317000000000000070e-03
5.000000000000000000e+00 1.500000000000000000e+01 4.000000000000000000e+00 0.000000000000000000e+00 1.600000000000000089e+00 -1.059000000000000045e-03 -3.262999999999999842e-03 9.999940000000000495e-01 3.282829999999999915e-01 -9.445750000000000535e-01 -2.735000000000000018e-03 9.445789999999999464e-01 3.282780000000000142e-01 2.070999999999999924e-03
1.000000000000000000e+01 1.500000000000000000e+01 4.000000000000000000e+00 0.000000000000000000e+00 1.600000000000000089e+00 -1.050000000000000044e-04 -6.584999999999999708e-03 9.999780000000000335e-01 3.198170000000000179e-01 -9.474590000000000511e-01 -6.204999999999999578e-03 9.474789999999999601e-01 3.198090000000000099e-01 2.204999999999999929e-03
1.500000000000000000e+01 1.500000000000000000e+01 4.000000000000000000e+00 0.000000000000000000e+00 1.600000000000000089e+00 1.079000000000000098e-03 -3.533999999999999815e-03 9.999930000000000208e-01 3.121740000000000070e-01 -9.500180000000000291e-01 -3.693999999999999801e-03 9.500239999999999796e-01 3.121760000000000090e-01 7.799999999999999859e-05
2.100000000000000000e+01 1.500000000000000000e+01 4.000000000000000000e+00 0.000000000000000000e+00 1.600000000000000089e+00 -2.439999999999999895e-03 -3.193000000000000092e-03 9.999919999999999920e-01 3.126680000000000015e-01 -9.498600000000000376e-01 -2.269999999999999882e-03 9.498590000000000089e-01 3.126599999999999935e-01 3.315999999999999937e-03
2.400000000000000000e+01 1.500000000000000000e+01 4.000000000000000000e+00 0.000000000000000000e+00 1.600000000000000089e+00 -4.939999999999999730e-04 -2.210999999999999858e-03 9.999970000000000248e-01 3.130410000000000137e-01 -9.497370000000000534e-01 -1.946000000000000030e-03 9.497389999999999999e-01 3.130399999999999849e-01 1.160999999999999923e-03
1.700000000000000000e+01 1.600000000000000000e+01 4.000000000000000000e+00 0.000000000000000000e+00 1.600000000000000089e+00 2.249999999999999938e-04 -3.213000000000000144e-03 9.999949999999999672e-01 3.877559999999999896e-01 -9.217570000000000485e-01 -3.049000000000000061e-03 9.217619999999999703e-01 3.877550000000000163e-01 1.038999999999999993e-03
3.000000000000000000e+01 1.600000000000000000e+01 4.000000000000000000e+00 0.000000000000000000e+00 1.600000000000000089e+00 -1.157000000000000042e-03 -5.047000000000000271e-03 9.999869999999999592e-01 3.891490000000000227e-01 -9.211650000000000116e-01 -4.198000000000000342e-03 9.211740000000000483e-01 3.891390000000000127e-01 3.030000000000000141e-03
1.200000000000000000e+01 1.010000000000000000e+02 7.000000000000000000e+00 0.000000000000000000e+00 1.600000000000000089e+00 1.268400000000000083e-02 -1.552800000000000014e-02 9.997989999999999933e-01 8.710520000000000485e-01 4.911789999999999767e-01 -3.422000000000000128e-03 -4.910269999999999913e-01 8.709200000000000275e-01 1.975599999999999926e-02
7.000000000000000000e+00 2.500000000000000000e+01 8.000000000000000000e+00 0.000000000000000000e+00 1.600000000000000089e+00 2.116999999999999958e-03 8.916999999999999579e-03 -9.999580000000000135e-01 4.512309999999999932e-01 8.923619999999999886e-01 8.913000000000000783e-03 8.924039999999999750e-01 -4.512309999999999932e-01 -2.135000000000000179e-03
1.700000000000000000e+01 2.500000000000000000e+01 8.000000000000000000e+00 0.000000000000000000e+00 1.600000000000000089e+00 -1.179999999999999951e-04 3.105000000000000121e-03 -9.999949999999999672e-01 4.526350000000000096e-01 8.916920000000000401e-01 2.716000000000000098e-03 8.916960000000000441e-01 -4.526330000000000076e-01 -1.510999999999999973e-03
2.600000000000000000e+01 2.500000000000000000e+01 8.000000000000000000e+00 0.000000000000000000e+00 1.600000000000000089e+00 2.416000000000000179e-03 -1.876000000000000063e-03 -9.999949999999999672e-01 4.500589999999999868e-01 8.929979999999999585e-01 -5.869999999999999567e-04 8.929949999999999832e-01 -4.500560000000000116e-01 3.001999999999999894e-03
7.000000000000000000e+00 2.400000000000000000e+01 9.000000000000000000e+00 0.000000000000000000e+00 1.600000000000000089e+00 1.959999999999999937e-03 7.647000000000000151e-03 -9.999689999999999968e-01 4.551220000000000265e-01 8.903959999999999653e-01 7.701999999999999645e-03 8.904269999999999685e-01 -4.551229999999999998e-01 -1.734999999999999997e-03
1.100000000000000000e+01 2.400000000000000000e+01 9.000000000000000000e+00 0.000000000000000000e+00 1.600000000000000089e+00 1.469999999999999953e-04 7.782999999999999988e-03 -9.999700000000000255e-01 4.551439999999999930e-01 8.903900000000000148e-01 6.997999999999999880e-03 8.904180000000000428e-01 -4.551310000000000078e-01 -3.410999999999999970e-03
1.700000000000000000e+01 2.400000000000000000e+01 9.000000000000000000e+00 0.000000000000000000e+00 1.600000000000000089e+00 3.100000000000000135e-05 2.648999999999999879e-03 -9.999959999999999960e-01 4.565040000000000209e-01 8.897180000000000089e-01 2.370999999999999844e-03 8.897209999999999841e-01 -4.565020000000000189e-01 -1.182000000000000108e-03
2.000000000000000000e+01 2.400000000000000000e+01 9.000000000000000000e+00 0.000000000000000000e+00 1.600000000000000089e+00 1.949999999999999910e-03 -3.333000000000000025e-03 -9.999919999999999920e-01 4.550270000000000148e-01 8.904750000000000165e-01 -2.080999999999999951e-03 8.904760000000000453e-01 -4.550190000000000068e-01 3.252999999999999815e-03
2.300000000000000000e+01 2.400000000000000000e+01 9.000000000000000000e+00 0.000000000000000000e+00 1.600000000000000089e+00 2.187999999999999841e-03 1.389999999999999960e-03 -9.999970000000000248e-01 4.536189999999999944e-01 8.911930000000000129e-01 2.232000000000000043e-03 8.911930000000000129e-01 -4.536220000000000252e-01 1.319000000000000077e-03
2.500000000000000000e+01 2.400000000000000000e+01 9.000000000000000000e+00 0.000000000000000000e+00 1.600000000000000089e+00 2.324999999999999810e-03 -2.100000000000000087e-04 -9.999970000000000248e-01 4.531330000000000080e-01 8.914419999999999566e-01 8.660000000000000163e-04 8.914400000000000102e-01 -4.531339999999999812e-01 2.167999999999999788e-03
3.000000000000000000e+01 2.400000000000000000e+01 9.000000000000000000e+00 0.000000000000000000e+00 1.600000000000000089e+00 1.115000000000000106e-03 -3.078000000000000007e-03 -9.999949999999999672e-01 4.528659999999999908e-01 8.915760000000000352e-01 -2.239999999999999804e-03 8.915779999999999816e-01 -4.528610000000000135e-01 2.387999999999999932e-03
1.000000000000000000e+01 4.000000000000000000e+00 1.100000000000000000e+01 0.000000000000000000e+00 1.600000000000000089e+00 7.367000000000000284e-03 3.798599999999999893e-02 -9.992510000000000003e-01 2.370420000000000027e-01 9.707299999999999818e-01 3.864999999999999686e-02 9.714709999999999734e-01 -2.371499999999999997e-01 -1.853000000000000046e-03
1.600000000000000000e+01 4.000000000000000000e+00 1.100000000000000000e+01 0.000000000000000000e+00 1.600000000000000089e+00 7.931999999999999815e-03 7.081899999999999307e-02 -9.974579999999999558e-01 1.984509999999999885e-01 9.775369999999999893e-01 7.098300000000000443e-02 9.800790000000000335e-01 -1.985089999999999910e-01 -6.300000000000000044e-03
9.000000000000000000e+00 3.500000000000000000e+01 1.200000000000000000e+01 0.000000000000000000e+00 1.600000000000000089e+00 -8.080000000000000160e-04 6.879999999999999831e-03 -9.999759999999999760e-01 4.488099999999999867e-01 -8.936030000000000362e-01 -6.511000000000000294e-03 -8.936269999999999492e-01 -4.488050000000000095e-01 -2.366000000000000048e-03
2.200000000000000000e+01 3.500000000000000000e+01 1.200000000000000000e+01 0.000000000000000000e+00 1.600000000000000089e+00 2.797000000000000007e-03 6.975000000000000297e-03 -9.999719999999999720e-01 5.105979999999999963e-01 -8.598080000000000167e-01 -4.569000000000000145e-03 -8.598149999999999959e-01 -5.105699999999999683e-01 -5.965999999999999949e-03
2.300000000000000000e+01 3.200000000000000000e+01 1.400000000000000000e+01 0.000000000000000000e+00 1.600000000000000089e+00 -1.240000000000000000e-03 7.039999999999999817e-04 -9.999989999999999712e-01 1.106560000000000044e-01 9.938590000000000479e-01 5.619999999999999996e-04 9.938580000000000192e-01 -1.106550000000000034e-01 -1.311000000000000099e-03
2.700000000000000000e+01 3.200000000000000000e+01 1.400000000000000000e+01 0.000000000000000000e+00 1.600000000000000089e+00 3.445000000000000145e-03 -5.081999999999999712e-03 -9.999810000000000088e-01 1.100959999999999994e-01 9.939099999999999602e-01 -4.671999999999999938e-03 9.939149999999999929e-01 -1.100779999999999953e-01 3.983999999999999694e-03
1.900000000000000000e+01 1.160000000000000000e+02 1.600000000000000000e+01 0.000000000000000000e+00 1.600000000000000089e+00 -2.410000000000000033e-04 7.659999999999999708e-04 1.000000000000000000e+00 7.118379999999999708e-01 7.023430000000000506e-01 -3.669999999999999760e-04 -7.023430000000000506e-01 7.118379999999999708e-01 -7.140000000000000079e-04
5.000000000000000000e+00 2.000000000000000000e+00 1.900000000000000000e+01 0.000000000000000000e+00 1.600000000000000089e+00 -7.110000000000000434e-04 1.551999999999999994e-03 -9.999989999999999712e-01 2.141589999999999883e-01 -9.767970000000000264e-01 -1.667999999999999995e-03 -9.767989999999999728e-01 -2.141589999999999883e-01 3.620000000000000171e-04
8.000000000000000000e+00 2.000000000000000000e+00 1.900000000000000000e+01 0.000000000000000000e+00 1.600000000000000089e+00 -3.499999999999999693e-05 5.191000000000000301e-03 -9.999869999999999592e-01 2.146260000000000112e-01 -9.766829999999999679e-01 -5.078000000000000048e-03 -9.766960000000000086e-01 -2.146230000000000082e-01 -1.080000000000000014e-03
1.600000000000000000e+01 2.000000000000000000e+00 1.900000000000000000e+01 0.000000000000000000e+00 1.600000000000000089e+00 6.282000000000000257e-03 -1.731399999999999953e-02 -9.998299999999999965e-01 1.993139999999999912e-01 -9.797660000000000258e-01 1.821899999999999908e-02 -9.799149999999999805e-01 -1.993949999999999889e-01 -2.703999999999999806e-03
2.000000000000000000e+01 2.000000000000000000e+00 1.900000000000000000e+01 0.000000000000000000e+00 1.600000000000000089e+00 8.052999999999999395e-03 -2.505999999999999894e-02 -9.996540000000000425e-01 1.917979999999999963e-01 -9.810860000000000136e-01 2.614000000000000004e-02 -9.814009999999999678e-01 -1.919420000000000015e-01 -3.093999999999999962e-03
2.400000000000000000e+01 2.000000000000000000e+00 1.900000000000000000e+01 0.000000000000000000e+00 1.600000000000000089e+00 3.902999999999999785e-03 -1.662999999999999895e-02 -9.998540000000000205e-01 1.827189999999999925e-01 -9.830170000000000297e-01 1.706299999999999831e-02 -9.831569999999999476e-01 -1.827590000000000048e-01 -7.979999999999999897e-04
1.000000000000000000e+01 4.000000000000000000e+00 2.000000000000000000e+01 0.000000000000000000e+00 1.600000000000000089e+00 -2.321000000000000146e-03 3.552000000000000036e-03 -9.999909999999999632e-01 2.775279999999999969e-01 -9.607090000000000352e-01 -4.056999999999999842e-03 -9.607149999999999856e-01 -2.775349999999999762e-01 1.244000000000000097e-03
1.500000000000000000e+01 4.000000000000000000e+00 2.000000000000000000e+01 0.000000000000000000e+00 1.600000000000000089e+00 3.419000000000000164e-03 -6.203000000000000180e-03 -9.999749999999999472e-01 2.699360000000000093e-01 -9.628539999999999877e-01 6.896000000000000220e-03 -9.628719999999999501e-01 -2.699529999999999985e-01 -1.618000000000000081e-03
2.100000000000000000e+01 4.000000000000000000e+00 2.000000000000000000e+01 0.000000000000000000e+00 1.600000000000000089e+00 6.322000000000000362e-03 -1.418299999999999943e-02 -9.998789999999999623e-01 2.656669999999999865e-01 -9.639429999999999943e-01 1.535300000000000033e-02 -9.640440000000000120e-01 -2.657320000000000237e-01 -2.327000000000000075e-03
7.000000000000000000e+00 1.300000000000000000e+01 2.000000000000000000e+01 0.000000000000000000e+00 1.600000000000000089e+00 1.709000000000000016e-03 1.903099999999999931e-02 9.998169999999999558e-01 2.563079999999999803e-01 9.664120000000000488e-01 -1.883299999999999905e-02 -9.665939999999999532e-01 2.562929999999999930e-01 -3.226000000000000135e-03
1.300000000000000000e+01 1.300000000000000000e+01 2.000000000000000000e+01 0.000000000000000000e+00 1.600000000000000089e+00 1.477000000000000014e-03 2.791000000000000078e-03 9.999949999999999672e-01 2.520060000000000078e-01 9.677210000000000534e-01 -3.073000000000000211e-03 -9.677249999999999464e-01 2.520089999999999830e-01 7.259999999999999743e-04
1.800000000000000000e+01 1.300000000000000000e+01 2.000000000000000000e+01 0.000000000000000000e+00 1.600000000000000089e+00 1.178000000000000011e-03 1.263000000000000017e-03 9.999989999999999712e-01 2.509759999999999769e-01 9.679919999999999636e-01 -1.518000000000000035e-03 -9.679929999999999923e-01 2.509770000000000056e-01 8.239999999999999712e-04
2.400000000000000000e+01 1.300000000000000000e+01 2.000000000000000000e+01 0.000000000000000000e+00 1.600000000000000089e+00 1.827999999999999981e-03 6.636000000000000405e-03 9.999759999999999760e-01 2.504129999999999967e-01 9.681149999999999478e-01 -6.882000000000000096e-03 -9.681370000000000253e-01 2.504190000000000027e-01 1.079999999999999960e-04
3.000000000000000000e+00 1.600000000000000000e+01 2.100000000000000000e+01 0.000000000000000000e+00 1.600000000000000089e+00 6.099999999999999872e-05 -2.311000000000000120e-03 9.999970000000000248e-01 3.029589999999999783e-01 9.530009999999999870e-01 2.184000000000000177e-03 -9.530039999999999623e-01 3.029580000000000051e-01 7.590000000000000175e-04
7.000000000000000000e+00 1.600000000000000000e+01 2.100000000000000000e+01 0.000000000000000000e+00 1.600000000000000089e+00 -1.180000000000000059e-03 4.316999999999999657e-03 9.999900000000000455e-01 3.008520000000000083e-01 9.536639999999999562e-01 -3.762000000000000153e-03 -9.536700000000000177e-01 3.008440000000000003e-01 -2.423999999999999939e-03
1.400000000000000000e+01 1.600000000000000000e+01 2.100000000000000000e+01 0.000000000000000000e+00 1.600000000000000089e+00 1.624999999999999925e-03 1.033000000000000064e-03 9.999980000000000535e-01 2.985499999999999821e-01 9.543930000000000469e-01 -1.471000000000000085e-03 -9.543930000000000469e-01 2.985519999999999841e-01 1.242999999999999964e-03
1.900000000000000000e+01 1.600000000000000000e+01 2.100000000000000000e+01 0.000000000000000000e+00 1.600000000000000089e+00 1.255000000000000039e-03 2.552000000000000015e-03 9.999959999999999960e-01 2.986159999999999926e-01 9.543690000000000229e-01 -2.811000000000000131e-03 -9.543719999999999981e-01 2.986179999999999946e-01 4.360000000000000269e-04
2.500000000000000000e+01 1.600000000000000000e+01 2.100000000000000000e+01 0.000000000000000000e+00 1.600000000000000089e+00 1.665000000000000030e-03 5.787999999999999742e-03 9.999820000000000375e-01 2.975849999999999884e-01 9.546759999999999691e-01 -6.021999999999999575e-03 -9.546940000000000426e-01 2.975889999999999924e-01 -1.330000000000000073e-04
4.000000000000000000e+00 3.000000000000000000e+00 2.500000000000000000e+01 0.000000000000000000e+00 1.600000000000000089e+00 2.913200000000000164e-02 3.854999999999999920e-03 9.995680000000000121e-01 -2.949799999999999991e-02 -9.995540000000000536e-01 4.714000000000000308e-03 9.991400000000000281e-01 -2.962199999999999903e-02 -2.900600000000000053e-02
1.100000000000000000e+01 3.000000000000000000e+00 2.500000000000000000e+01 0.000000000000000000e+00 1.600000000000000089e+00 1.564499999999999919e-02 3.703000000000000128e-03 9.998709999999999543e-01 -1.869200000000000028e-02 -9.998169999999999558e-01 3.996000000000000420e-03 9.997030000000000083e-01 -1.875200000000000131e-02 -1.557300000000000004e-02
2.800000000000000000e+01 3.000000000000000000e+00 2.500000000000000000e+01 0.000000000000000000e+00 1.600000000000000089e+00 2.649999999999999903e-04 2.030000000000000120e-03 9.999980000000000535e-01 -3.099599999999999925e-02 -9.995169999999999888e-01 2.037000000000000182e-03 9.995190000000000463e-01 -3.099700000000000025e-02 -2.010000000000000068e-04
9.000000000000000000e+00 4.600000000000000000e+01 2.700000000000000000e+01 0.000000000000000000e+00 1.600000000000000089e+00 -2.089000000000000145e-03 -2.413000000000000214e-03 -9.999949999999999672e-01 6.584349999999999925e-01 7.526310000000000500e-01 -3.191999999999999959e-03 7.526350000000000540e-01 -6.584379999999999677e-01 1.599999999999999928e-05
1.500000000000000000e+01 4.600000000000000000e+01 2.700000000000000000e+01 0.000000000000000000e+00 1.600000000000000089e+00 1.314999999999999980e-03 5.742999999999999841e-03 -9.999829999999999552e-01 6.604299999999999615e-01 7.508700000000000374e-01 5.180999999999999842e-03 7.508869999999999711e-01 -6.604250000000000398e-01 -2.805000000000000202e-03
4.000000000000000000e+00 1.100000000000000000e+01 3.000000000000000000e+01 0.000000000000000000e+00 1.600000000000000089e+00 4.897599999999999870e-02 8.309140000000000414e-01 5.542399999999999549e-01 -2.548819999999999975e-01 -5.261369999999999658e-01 8.113050000000000539e-01 9.657310000000000061e-01 -1.809999999999999942e-01 1.860169999999999879e-01
2.800000000000000000e+01 4.600000000000000000e+01 3.000000000000000000e+01 0.000000000000000000e+00 1.600000000000000089e+00 3.420000000000000188e-04 -1.196000000000000014e-03 -9.999989999999999712e-01 3.412379999999999858e-01 9.399760000000000337e-01 -1.007999999999999998e-03 9.399769999999999515e-01 -3.412379999999999858e-01 7.299999999999999632e-04
5.000000000000000000e+00 5.800000000000000000e+01 3.100000000000000000e+01 0.000000000000000000e+00 1.600000000000000089e+00 -2.822999999999999989e-03 -1.773999999999999969e-03 9.999940000000000495e-01 -7.694069999999999521e-01 -6.387509999999999577e-01 -3.305000000000000212e-03 6.387530000000000152e-01 -7.694119999999999848e-01 4.380000000000000213e-04
1.200000000000000000e+01 5.800000000000000000e+01 3.100000000000000000e+01 0.000000000000000000e+00 1.600000000000000089e+00 5.266999999999999980e-03 3.275999999999999832e-03 9.999810000000000088e-01 -7.731550000000000367e-01 -6.341869999999999452e-01 6.150000000000000085e-03 6.341949999999999532e-01 -7.731729999999999992e-01 -8.069999999999999916e-04
1.700000000000000000e+01 5.800000000000000000e+01 3.100000000000000000e+01 0.000000000000000000e+00 1.600000000000000089e+00 3.399999999999999811e-03 4.592999999999999861e-03 9.999839999999999840e-01 -7.729139999999999899e-01 -6.344870000000000232e-01 5.542000000000000051e-03 6.345020000000000104e-01 -7.729200000000000514e-01 1.392000000000000008e-03
2.100000000000000000e+01 5.800000000000000000e+01 3.100000000000000000e+01 0.000000000000000000e+00 1.600000000000000089e+00 2.203000000000000097e-03 1.005000000000000034e-03 9.999970000000000248e-01 -7.747230000000000505e-01 -6.322969999999999979e-01 2.341999999999999898e-03 6.322969999999999979e-01 -7.747260000000000257e-01 -6.139999999999999625e-04
2.400000000000000000e+01 5.800000000000000000e+01 3.100000000000000000e+01 0.000000000000000000e+00 1.600000000000000089e+00 -5.509000000000000008e-03 -6.433000000000000350e-03 9.999639999999999640e-01 -7.778639999999999999e-01 -6.283769999999999634e-01 -8.328000000000000333e-03 6.284079999999999666e-01 -7.778819999999999624e-01 -1.541999999999999968e-03
2.800000000000000000e+01 5.800000000000000000e+01 3.100000000000000000e+01 0.000000000000000000e+00 1.600000000000000089e+00 -7.471000000000000210e-03 -1.229599999999999964e-02 9.998970000000000358e-01 -7.803369999999999473e-01 -6.252130000000000187e-01 -1.352000000000000077e-02 6.253140000000000365e-01 -7.803579999999999961e-01 -4.924000000000000425e-03
8.000000000000000000e+00 1.800000000000000000e+01 3.200000000000000000e+01 0.000000000000000000e+00 1.600000000000000089e+00 -8.784100000000000241e-02 6.698499999999999455e-01 7.372819999999999929e-01 -3.894429999999999836e-01 -7.043289999999999829e-01 5.935110000000000108e-01 9.168520000000000003e-01 -2.349950000000000094e-01 3.227369999999999961e-01
9.000000000000000000e+00 1.900000000000000000e+01 3.300000000000000000e+01 0.000000000000000000e+00 1.600000000000000089e+00 -1.275310000000000055e-01 6.351529999999999676e-01 7.617850000000000454e-01 -5.165880000000000472e-01 -6.981910000000000061e-01 4.956479999999999775e-01 8.466839999999999922e-01 -3.303180000000000005e-01 4.171529999999999960e-01
4.000000000000000000e+00 4.600000000000000000e+01 3.500000000000000000e+01 0.000000000000000000e+00 1.600000000000000089e+00 -1.649999999999999991e-04 2.478999999999999867e-03 -9.999970000000000248e-01 3.885569999999999857e-01 -9.214219999999999633e-01 -2.347999999999999827e-03 -9.214250000000000496e-01 -3.885560000000000125e-01 -8.109999999999999805e-04
1.200000000000000000e+01 4.600000000000000000e+01 3.500000000000000000e+01 0.000000000000000000e+00 1.600000000000000089e+00 4.960000000000000216e-04 8.369999999999999619e-04 -1.000000000000000000e+00 3.903499999999999748e-01 -9.206659999999999844e-01 -5.770000000000000389e-04 -9.206659999999999844e-01 -3.903499999999999748e-01 -7.829999999999999504e-04
1.600000000000000000e+01 4.600000000000000000e+01 3.500000000000000000e+01 0.000000000000000000e+00 1.600000000000000089e+00 2.014999999999999864e-03 5.060000000000000478e-04 -9.999980000000000535e-01 3.899489999999999901e-01 -9.208359999999999879e-01 3.200000000000000262e-04 -9.208340000000000414e-01 -3.899489999999999901e-01 -2.053000000000000137e-03
2.200000000000000000e+01 4.600000000000000000e+01 3.500000000000000000e+01 0.000000000000000000e+00 1.600000000000000089e+00 1.293000000000000095e-03 3.344999999999999883e-03 -9.999940000000000495e-01 3.912340000000000262e-01 -9.202879999999999949e-01 -2.572000000000000067e-03 -9.202900000000000524e-01 -3.912280000000000202e-01 -2.498999999999999919e-03
2.700000000000000000e+01 4.600000000000000000e+01 3.500000000000000000e+01 0.000000000000000000e+00 1.600000000000000089e+00 -3.759999999999999779e-04 2.762999999999999831e-03 -9.999959999999999960e-01 3.909309999999999730e-01 -9.204160000000000119e-01 -2.690000000000000117e-03 -9.204200000000000159e-01 -3.909299999999999997e-01 -7.339999999999999520e-04
4.000000000000000000e+00 9.500000000000000000e+01 3.600000000000000000e+01 0.000000000000000000e+00 1.600000000000000089e+00 -6.416600000000000081e-02 4.114700000000000302e-02 9.970909999999999496e-01 9.956369999999999942e-01 7.047000000000000486e-02 6.116400000000000309e-02 -6.774900000000000366e-02 9.966650000000000231e-01 -4.549000000000000266e-02
1.900000000000000000e+01 9.500000000000000000e+01 3.600000000000000000e+01 0.000000000000000000e+00 1.600000000000000089e+00 2.230899999999999897e-02 1.278199999999999996e-02 9.996690000000000298e-01 9.968550000000000466e-01 7.577499999999999514e-02 -2.321499999999999952e-02 -7.604700000000000348e-02 9.970430000000000126e-01 -1.105100000000000006e-02
3.000000000000000000e+01 9.500000000000000000e+01 3.600000000000000000e+01 0.000000000000000000e+00 1.600000000000000089e+00 -2.951600000000000057e-02 -4.364599999999999730e-02 9.986110000000000264e-01 9.971189999999999776e-01 6.854699999999999682e-02 3.246799999999999686e-02 -6.986900000000000055e-02 9.966930000000000511e-01 4.149699999999999916e-02
5.000000000000000000e+00 2.200000000000000000e+01 3.700000000000000000e+01 0.000000000000000000e+00 1.600000000000000089e+00 -1.582199999999999926e-02 6.303699999999999859e-01 -7.761329999999999618e-01 6.673890000000000100e-01 -5.713500000000000245e-01 -4.776520000000000210e-01 -7.445410000000000084e-01 -5.255400000000000071e-01 -4.116619999999999724e-01
1.000000000000000000e+01 2.800000000000000000e+01 3.700000000000000000e+01 0.000000000000000000e+00 1.600000000000000089e+00 -2.416000000000000092e-02 -1.672190000000000065e-01 -9.856239999999999446e-01 -7.197329999999999561e-01 -6.813460000000000072e-01 1.332379999999999953e-01 -6.938309999999999755e-01 7.126050000000000439e-01 -1.038909999999999972e-01
7.000000000000000000e+00 3.400000000000000000e+01 4.000000000000000000e+01 0.000000000000000000e+00 1.600000000000000089e+00 -1.393510000000000026e-01 3.821209999999999885e-01 -9.135450000000000514e-01 5.410819999999999519e-01 8.020300000000000207e-01 2.529399999999999982e-01 8.293439999999999701e-01 -4.590549999999999908e-01 -3.185230000000000006e-01
1.200000000000000000e+01 1.300000000000000000e+01 4.100000000000000000e+01 0.000000000000000000e+00 1.600000000000000089e+00 -4.605299999999999672e-02 1.380139999999999978e-01 9.893589999999999884e-01 -7.061910000000000132e-01 -7.049870000000000303e-01 6.547200000000000242e-02 7.065219999999999834e-01 -6.956620000000000026e-01 1.299309999999999909e-01
1.300000000000000000e+01 1.400000000000000000e+01 4.200000000000000000e+01 0.000000000000000000e+00 1.600000000000000089e+00 -5.937699999999999922e-02 1.250219999999999942e-01 9.903760000000000341e-01 -6.229510000000000325e-01 -7.798709999999999809e-01 6.110000000000000153e-02 7.800040000000000306e-01 -6.133269999999999555e-01 1.241889999999999938e-01
1.400000000000000000e+01 3.000000000000000000e+00 4.300000000000000000e+01 0.000000000000000000e+00 1.600000000000000089e+00 4.670000000000000214e-04 1.027699999999999968e-02 -9.999470000000000303e-01 7.435869999999999980e-01 -6.686079999999999801e-01 -6.524000000000000285e-03 -6.686389999999999834e-01 -7.435439999999999827e-01 -7.955000000000000265e-03
1.800000000000000000e+01 3.000000000000000000e+00 4.300000000000000000e+01 0.000000000000000000e+00 1.600000000000000089e+00 -1.160000000000000007e-04 1.005999999999999950e-03 -9.999989999999999712e-01 7.411750000000000282e-01 -6.713109999999999911e-01 -7.609999999999999577e-04 -6.713120000000000198e-01 -7.411750000000000282e-01 -6.679999999999999740e-04
4.000000000000000000e+00 8.000000000000000000e+00 4.400000000000000000e+01 0.000000000000000000e+00 1.600000000000000089e+00 2.203999999999999796e-03 2.406000000000000152e-03 9.999949999999999672e-01 -7.895489999999999453e-01 -6.136789999999999745e-01 3.216999999999999808e-03 6.136829999999999785e-01 -7.895520000000000316e-01 5.469999999999999602e-04
9.000000000000000000e+00 8.000000000000000000e+00 4.400000000000000000e+01 0.000000000000000000e+00 1.600000000000000089e+00 6.145000000000000288e-03 1.257300000000000084e-02 9.999019999999999575e-01 -7.901129999999999542e-01 -6.128320000000000434e-01 1.256200000000000025e-02 6.129299999999999748e-01 -7.901129999999999542e-01 6.167999999999999872e-03
1.700000000000000000e+01 6.500000000000000000e+01 4.600000000000000000e+01 0.000000000000000000e+00 1.600000000000000089e+00 -2.566000000000000138e-03 -1.119999999999999902e-03 9.999959999999999960e-01 6.798300000000000454e-01 -7.333690000000000486e-01 9.229999999999999923e-04 7.333659999999999624e-01 6.798290000000000166e-01 2.642999999999999950e-03
2.100000000000000000e+01 2.100000000000000000e+01 4.800000000000000000e+01 0.000000000000000000e+00 1.600000000000000089e+00 -2.853000000000000067e-03 -2.890000000000000208e-03 -9.999919999999999920e-01 3.069350000000000134e-01 9.517240000000000144e-01 -3.625999999999999883e-03 9.517259999999999609e-01 -3.069419999999999926e-01 -1.827999999999999981e-03
9.000000000000000000e+00 6.000000000000000000e+00 5.100000000000000000e+01 0.000000000000000000e+00 1.600000000000000089e+00 1.669999999999999935e-04 4.237999999999999580e-03 -9.999909999999999632e-01 3.186450000000000116e-01 -9.478659999999999863e-01 -3.963999999999999642e-03 -9.478739999999999943e-01 -3.186419999999999808e-01 -1.508000000000000009e-03
3.000000000000000000e+00 4.800000000000000000e+01 5.100000000000000000e+01 0.000000000000000000e+00 1.600000000000000089e+00 1.796000000000000027e-02 -9.395229999999999970e-01 3.420150000000000134e-01 6.374419999999999531e-01 2.742950000000000110e-01 7.200210000000000221e-01 -7.702890000000000015e-01 2.050839999999999885e-01 6.038170000000000481e-01
1.500000000000000000e+01 7.000000000000000000e+00 5.200000000000000000e+01 0.000000000000000000e+00 1.600000000000000089e+00 4.800000000000000122e-04 -3.939999999999999817e-04 -1.000000000000000000e+00 9.365400000000000114e-02 -9.956049999999999622e-01 4.380000000000000213e-04 -9.956049999999999622e-01 -9.365500000000000214e-02 -4.409999999999999858e-04
4.000000000000000000e+00 4.900000000000000000e+01 5.200000000000000000e+01 0.000000000000000000e+00 1.600000000000000089e+00 -2.758299999999999988e-02 -9.484989999999999810e-01 3.155760000000000232e-01 6.399319999999999453e-01 2.257720000000000005e-01 7.345159999999999467e-01 -7.679359999999999520e-01 2.222079999999999889e-01 6.007479999999999487e-01
4.000000000000000000e+00 5.000000000000000000e+01 5.300000000000000000e+01 0.000000000000000000e+00 1.600000000000000089e+00 -7.926700000000000412e-02 -9.435459999999999958e-01 3.216180000000000150e-01 6.267960000000000198e-01 2.036989999999999912e-01 7.520860000000000323e-01 -7.751409999999999689e-01 2.612050000000000205e-01 5.752639999999999976e-01
8.000000000000000000e+00 6.300000000000000000e+01 5.400000000000000000e+01 0.000000000000000000e+00 1.600000000000000089e+00 1.278000000000000056e-03 2.057799999999999907e-02 9.997869999999999813e-01 -3.580459999999999754e-01 9.335160000000000124e-01 -1.875699999999999937e-02 -9.337029999999999497e-01 -3.579459999999999864e-01 8.560999999999999166e-03
1.900000000000000000e+01 6.300000000000000000e+01 5.400000000000000000e+01 0.000000000000000000e+00 1.600000000000000089e+00 3.184999999999999897e-03 -3.429999999999999889e-04 9.999949999999999672e-01 -3.830859999999999821e-01 9.237109999999999488e-01 1.536999999999999955e-03 -9.237069999999999448e-01 -3.830890000000000128e-01 2.809999999999999998e-03
2.800000000000000000e+01 6.300000000000000000e+01 5.400000000000000000e+01 0.000000000000000000e+00 1.600000000000000089e+00 -1.920999999999999965e-03 -1.067199999999999920e-02 9.999409999999999688e-01 -4.031359999999999943e-01 9.150960000000000205e-01 8.991999999999999993e-03 -9.151380000000000070e-01 -4.030949999999999811e-01 -6.060000000000000282e-03
6.000000000000000000e+00 2.400000000000000000e+01 5.500000000000000000e+01 0.000000000000000000e+00 1.600000000000000089e+00 -3.981200000000000017e-02 1.374060000000000004e-01 -9.897139999999999826e-01 1.818200000000000024e-02 9.904349999999999543e-01 1.367750000000000077e-01 9.990419999999999856e-01 -1.255000000000000039e-02 -4.193000000000000199e-02
1.700000000000000000e+01 2.500000000000000000e+01 5.500000000000000000e+01 0.000000000000000000e+00 1.600000000000000089e+00 -1.519900000000000070e-02 -2.208019999999999983e-01 9.751999999999999558e-01 4.183100000000000013e-02 9.743190000000000461e-01 2.212540000000000062e-01 -9.990090000000000359e-01 4.415600000000000080e-02 -5.571999999999999696e-03
1.900000000000000000e+01 2.600000000000000000e+01 5.500000000000000000e+01 0.000000000000000000e+00 1.600000000000000089e+00 -1.579500000000000001e-02 -2.918729999999999936e-01 9.563270000000000381e-01 9.107000000000000511e-03 9.563639999999999919e-01 2.920340000000000158e-01 -9.998340000000000005e-01 1.332200000000000051e-02 -1.244800000000000073e-02
7.000000000000000000e+00 5.300000000000000000e+01 5.500000000000000000e+01 0.000000000000000000e+00 1.600000000000000089e+00 4.938100000000000128e-02 -5.906179999999999763e-01 8.054390000000000160e-01 9.757000000000000048e-03 8.066699999999999982e-01 5.909219999999999473e-01 -9.987319999999999531e-01 -2.132099999999999967e-02 4.559699999999999864e-02
6.000000000000000000e+00 2.600000000000000000e+01 5.600000000000000000e+01 0.000000000000000000e+00 1.600000000000000089e+00 -1.273900000000000032e-02 1.134909999999999947e-01 -9.934570000000000345e-01 8.307999999999999413e-03 9.935159999999999547e-01 1.133910000000000057e-01 9.998839999999999950e-01 -6.808999999999999948e-03 -1.359899999999999998e-02
9.000000000000000000e+00 2.000000000000000000e+01 6.000000000000000000e+01 0.000000000000000000e+00 1.600000000000000089e+00 4.929999999999999487e-04 -4.394999999999999601e-03 9.999900000000000455e-01 -6.498800000000000410e-02 9.978759999999999852e-01 4.418000000000000052e-03 -9.978860000000000507e-01 -6.498900000000000510e-02 2.069999999999999900e-04
1.400000000000000000e+01 2.000000000000000000e+01 6.000000000000000000e+01 0.000000000000000000e+00 1.600000000000000089e+00 1.453000000000000081e-03 9.970000000000000563e-04 9.999980000000000535e-01 -6.478299999999999337e-02 9.978989999999999805e-01 -9.009999999999999997e-04 -9.978979999999999517e-01 -6.478100000000000525e-02 1.513999999999999938e-03
4.000000000000000000e+00 2.100000000000000000e+01 6.000000000000000000e+01 0.000000000000000000e+00 1.600000000000000089e+00 -1.299999999999999940e-03 -5.002000000000000370e-03 9.999869999999999592e-01 -9.758200000000000207e-02 9.952159999999999895e-01 4.851000000000000277e-03 -9.952269999999999728e-01 -9.757499999999999507e-02 -1.781999999999999947e-03
2.100000000000000000e+01 2.100000000000000000e+01 6.000000000000000000e+01 0.000000000000000000e+00 1.600000000000000089e+00 9.399999999999999719e-04 1.940000000000000101e-03 9.999980000000000535e-01 -9.559499999999999942e-02 9.954190000000000538e-01 -1.840999999999999972e-03 -9.954199999999999715e-01 -9.559299999999999742e-02 1.121000000000000035e-03
2.600000000000000000e+01 2.100000000000000000e+01 6.000000000000000000e+01 0.000000000000000000e+00 1.600000000000000089e+00 -6.589999999999999721e-04 1.329000000000000103e-03 9.999989999999999712e-01 -9.284000000000000585e-02 9.956800000000000095e-01 -1.384000000000000031e-03 -9.956810000000000382e-01 -9.284100000000000685e-02 -5.330000000000000536e-04
3.000000000000000000e+00 4.400000000000000000e+01 6.100000000000000000e+01 0.000000000000000000e+00 1.600000000000000089e+00 -8.959150000000000169e-01 1.965799999999999839e-02 4.437900000000000178e-01 -3.310420000000000029e-01 -6.957200000000000051e-01 -6.374830000000000219e-01 2.962230000000000141e-01 -7.180440000000000156e-01 6.298139999999999850e-01
4.000000000000000000e+00 4.300000000000000000e+01 6.200000000000000000e+01 0.000000000000000000e+00 1.600000000000000089e+00 -8.777239999999999487e-01 1.144000000000000017e-01 4.653100000000000014e-01 -4.101250000000000173e-01 -6.815240000000000187e-01 -6.060710000000000264e-01 2.477850000000000052e-01 -7.227980000000000516e-01 6.451080000000000148e-01
1.400000000000000000e+01 3.000000000000000000e+00 6.300000000000000000e+01 0.000000000000000000e+00 1.600000000000000089e+00 8.329999999999999731e-04 2.906000000000000163e-03 9.999949999999999672e-01 -6.178059999999999663e-01 7.863280000000000269e-01 -1.770000000000000089e-03 -7.863299999999999734e-01 -6.178019999999999623e-01 2.449999999999999921e-03
5.000000000000000000e+00 2.700000000000000000e+01 6.300000000000000000e+01 0.000000000000000000e+00 1.600000000000000089e+00 9.259999999999999568e-04 -2.040000000000000147e-03 9.999970000000000248e-01 -2.805239999999999956e-01 9.598449999999999482e-01 2.217999999999999920e-03 -9.598470000000000057e-01 -2.805250000000000243e-01 3.170000000000000075e-04
1.600000000000000000e+01 2.700000000000000000e+01 6.300000000000000000e+01 0.000000000000000000e+00 1.600000000000000089e+00 2.161999999999999859e-03 -4.166999999999999697e-03 9.999890000000000168e-01 -2.889410000000000034e-01 9.573359999999999648e-01 4.614000000000000046e-03 -9.573439999999999728e-01 -2.889479999999999826e-01 8.649999999999999920e-04
2.200000000000000000e+01 2.700000000000000000e+01 6.300000000000000000e+01 0.000000000000000000e+00 1.600000000000000089e+00 1.350000000000000071e-03 4.939999999999999947e-03 9.999869999999999592e-01 -2.809320000000000150e-01 9.597179999999999600e-01 -4.362000000000000426e-03 -9.597269999999999968e-01 -2.809229999999999783e-01 2.684000000000000188e-03
2.500000000000000000e+01 2.700000000000000000e+01 6.300000000000000000e+01 0.000000000000000000e+00 1.600000000000000089e+00 5.999999999999999474e-04 1.355000000000000085e-03 9.999989999999999712e-01 -2.801000000000000156e-01 9.599699999999999900e-01 -1.131999999999999977e-03 -9.599710000000000187e-01 -2.800989999999999869e-01 9.560000000000000355e-04
1.200000000000000000e+01 4.400000000000000000e+01 6.300000000000000000e+01 0.000000000000000000e+00 1.600000000000000089e+00 -2.068300000000000000e-02 -1.028300000000000047e-01 -9.944840000000000346e-01 -6.873439999999999550e-01 -7.208790000000000475e-01 8.883499999999999730e-02 -7.260379999999999612e-01 6.853900000000000547e-01 -5.577000000000000013e-02
1.600000000000000000e+01 4.400000000000000000e+01 6.300000000000000000e+01 0.000000000000000000e+00 1.600000000000000089e+00 -5.571999999999999696e-03 -1.339000000000000086e-02 -9.998949999999999783e-01 -6.595389999999999864e-01 -7.515439999999999898e-01 1.374000000000000048e-02 -7.516490000000000116e-01 6.595469999999999944e-01 -4.643999999999999691e-03
1.900000000000000000e+01 4.400000000000000000e+01 6.300000000000000000e+01 0.000000000000000000e+00 1.600000000000000089e+00 -4.104000000000000009e-03 -6.780000000000000002e-04 -9.999909999999999632e-01 -6.452529999999999655e-01 -7.639620000000000299e-01 3.165999999999999977e-03 -7.639580000000000259e-01 6.452609999999999735e-01 2.697999999999999877e-03
2.500000000000000000e+01 4.400000000000000000e+01 6.300000000000000000e+01 0.000000000000000000e+00 1.600000000000000089e+00 2.520000000000000104e-03 2.419100000000000070e-02 -9.997040000000000370e-01 -6.362229999999999830e-01 -7.712390000000000079e-01 -2.026599999999999929e-02 -7.715009999999999923e-01 6.360860000000000403e-01 1.344799999999999988e-02
2.800000000000000000e+01 4.400000000000000000e+01 6.300000000000000000e+01 0.000000000000000000e+00 1.600000000000000089e+00 9.837999999999999523e-03 1.985100000000000059e-02 -9.997549999999999493e-01 -6.346850000000000547e-01 -7.724699999999999900e-01 -2.158399999999999902e-02 -7.727089999999999792e-01 6.347409999999999997e-01 5.000000000000000104e-03
7.000000000000000000e+00 2.600000000000000000e+01 6.400000000000000000e+01 0.000000000000000000e+00 1.600000000000000089e+00 9.640000000000000131e-04 2.180000000000000080e-03 9.999970000000000248e-01 -3.678210000000000091e-01 9.298950000000000271e-01 -1.672000000000000092e-03 -9.298959999999999448e-01 -3.678179999999999783e-01 1.698000000000000074e-03
1.700000000000000000e+01 2.600000000000000000e+01 6.400000000000000000e+01 0.000000000000000000e+00 1.600000000000000089e+00 2.023000000000000059e-03 -1.469999999999999953e-03 9.999970000000000248e-01 -3.699149999999999938e-01 9.290629999999999722e-01 2.113999999999999994e-03 -9.290629999999999722e-01 -3.699180000000000246e-01 1.335999999999999948e-03
2.100000000000000000e+01 2.600000000000000000e+01 6.400000000000000000e+01 0.000000000000000000e+00 1.600000000000000089e+00 5.060000000000000478e-04 4.014000000000000207e-03 9.999919999999999920e-01 -3.679120000000000168e-01 9.298539999999999583e-01 -3.546000000000000107e-03 -9.298600000000000199e-01 -3.679069999999999840e-01 1.946999999999999946e-03
