2.000000000000000000e+00 1.500000000000000000e+01 4.000000000000000000e+00 0.000000000000000000e+00 1.600000000000000089e+00 -3.199999999999999855e-05 -6.135999999999999961e-03 9.999810000000000088e-01 2.894280000000000186e-01 -9.571819999999999773e-01 -5.864000000000000289e-03 9.572000000000000508e-01 2.894220000000000126e-01 1.807000000000000012e-03
5.000000000000000000e+00 1.500000000000000000e+01 4.000000000000000000e+00 0.000000000000000000e+00 1.600000000000000089e+00 -2.263999999999999953e-03 -8.446999999999999648e-03 9.999620000000000175e-01 2.884430000000000049e-01 -9.574679999999999858e-01 -7.434999999999999769e-03 9.574939999999999563e-01 2.884149999999999769e-01 4.603999999999999586e-03
9.000000000000000000e+00 1.500000000000000000e+01 4.000000000000000000e+00 0.000000000000000000e+00 1.600000000000000089e+00 -5.216000000000000150e-03 -3.497000000000000108e-03 9.999799999999999800e-01 2.887560000000000127e-01 -9.574009999999999465e-01 -1.842000000000000104e-03 9.573890000000000455e-01 2.887410000000000254e-01 6.002999999999999656e-03
1.500000000000000000e+01 1.500000000000000000e+01 4.000000000000000000e+00 0.000000000000000000e+00 1.600000000000000089e+00 -6.808999999999999948e-03 1.134699999999999945e-02 9.999120000000000230e-01 2.867700000000000249e-01 -9.579140000000000432e-01 1.282299999999999933e-02 9.579750000000000210e-01 2.868319999999999759e-01 3.268000000000000071e-03
3.000000000000000000e+01 1.600000000000000000e+01 4.000000000000000000e+00 0.000000000000000000e+00 1.600000000000000089e+00 1.025000000000000086e-03 1.523200000000000075e-02 9.998829999999999663e-01 3.263380000000000170e-01 -9.451490000000000169e-01 1.406300000000000085e-02 9.452530000000000099e-01 3.262860000000000205e-01 -5.939999999999999968e-03
9.000000000000000000e+00 1.010000000000000000e+02 7.000000000000000000e+00 0.000000000000000000e+00 1.600000000000000089e+00 1.392999999999999924e-03 1.412500000000000040e-02 9.998989999999999823e-01 8.855480000000000018e-01 4.644820000000000060e-01 -7.794999999999999846e-03 -4.645449999999999857e-01 8.854699999999999793e-01 -1.186100000000000002e-02
2.100000000000000000e+01 1.010000000000000000e+02 7.000000000000000000e+00 0.000000000000000000e+00 1.600000000000000089e+00 2.598000000000000049e-03 -4.847999999999999879e-03 9.999850000000000128e-01 8.882870000000000488e-01 4.592899999999999761e-01 -8.100000000000000375e-05 -4.592820000000000236e-01 8.882729999999999793e-01 5.499999999999999681e-03
2.000000000000000000e+00 1.500000000000000000e+01 8.000000000000000000e+00 0.000000000000000000e+00 1.600000000000000089e+00 2.100000000000000087e-04 -2.275000000000000112e-03 -9.999970000000000248e-01 -5.843220000000000081e-01 -8.115200000000000191e-01 1.722999999999999922e-03 -8.115219999999999656e-01 5.843199999999999505e-01 -1.500000000000000031e-03
9.000000000000000000e+00 1.500000000000000000e+01 8.000000000000000000e+00 0.000000000000000000e+00 1.600000000000000089e+00 1.472999999999999917e-03 -3.474000000000000091e-03 -9.999930000000000208e-01 -5.822920000000000318e-01 -8.129769999999999497e-01 1.966999999999999998e-03 -8.129779999999999784e-01 5.822850000000000525e-01 -3.220999999999999905e-03
1.500000000000000000e+01 1.500000000000000000e+01 8.000000000000000000e+00 0.000000000000000000e+00 1.600000000000000089e+00 1.012599999999999958e-02 9.494000000000000702e-03 -9.999040000000000150e-01 -5.783420000000000227e-01 -8.156809999999999894e-01 -1.360100000000000024e-02 -8.157320000000000126e-01 5.784240000000000492e-01 -2.769000000000000194e-03
2.000000000000000000e+01 1.500000000000000000e+01 8.000000000000000000e+00 0.000000000000000000e+00 1.600000000000000089e+00 1.138699999999999955e-02 2.253900000000000001e-02 -9.996810000000000418e-01 -5.751509999999999678e-01 -8.176660000000000039e-01 -2.498699999999999879e-02 -8.179680000000000284e-01 5.752519999999999856e-01 3.651999999999999864e-03
2.800000000000000000e+01 1.500000000000000000e+01 8.000000000000000000e+00 0.000000000000000000e+00 1.600000000000000089e+00 4.715999999999999706e-03 2.102499999999999855e-02 -9.997679999999999900e-01 -5.683219999999999938e-01 -8.225630000000000441e-01 -1.997900000000000023e-02 -8.227919999999999678e-01 5.682850000000000401e-01 8.070000000000000784e-03
4.000000000000000000e+00 2.600000000000000000e+01 8.000000000000000000e+00 0.000000000000000000e+00 1.600000000000000089e+00 1.397000000000000021e-03 -9.200000000000000278e-04 -9.999989999999999712e-01 4.045670000000000099e-01 9.145079999999999876e-01 -2.770000000000000110e-04 9.145069999999999588e-01 -4.045659999999999812e-01 1.649999999999999991e-03
2.600000000000000000e+01 2.600000000000000000e+01 8.000000000000000000e+00 0.000000000000000000e+00 1.600000000000000089e+00 -7.396999999999999929e-03 -2.061500000000000138e-02 -9.997599999999999820e-01 4.124140000000000028e-01 9.107349999999999612e-01 -2.182999999999999871e-02 9.109669999999999712e-01 -4.124760000000000093e-01 1.765000000000000076e-03
7.000000000000000000e+00 2.400000000000000000e+01 9.000000000000000000e+00 0.000000000000000000e+00 1.600000000000000089e+00 1.186999999999999904e-03 1.066000000000000107e-03 -9.999989999999999712e-01 4.579520000000000257e-01 8.889759999999999884e-01 1.490999999999999921e-03 8.889759999999999884e-01 -4.579529999999999990e-01 5.670000000000000127e-04
1.100000000000000000e+01 2.400000000000000000e+01 9.000000000000000000e+00 0.000000000000000000e+00 1.600000000000000089e+00 -1.853000000000000046e-03 -8.151999999999999524e-03 -9.999649999999999928e-01 4.583519999999999817e-01 8.887340000000000240e-01 -8.094000000000000500e-03 8.887690000000000312e-01 -4.583510000000000084e-01 2.089999999999999844e-03
2.000000000000000000e+01 2.400000000000000000e+01 9.000000000000000000e+00 0.000000000000000000e+00 1.600000000000000089e+00 -9.532000000000000542e-03 -2.488100000000000034e-02 -9.996450000000000058e-01 4.642310000000000048e-01 8.853189999999999671e-01 -2.646199999999999941e-02 8.856629999999999781e-01 -4.643189999999999817e-01 3.112000000000000183e-03
2.500000000000000000e+01 2.400000000000000000e+01 9.000000000000000000e+00 0.000000000000000000e+00 1.600000000000000089e+00 -8.064999999999999253e-03 -2.526000000000000120e-02 -9.996479999999999810e-01 4.660380000000000078e-01 8.843800000000000550e-01 -2.610799999999999926e-02 8.847279999999999589e-01 -4.660850000000000271e-01 4.638999999999999894e-03
1.500000000000000000e+01 3.100000000000000000e+01 1.200000000000000000e+01 0.000000000000000000e+00 1.600000000000000089e+00 -6.819999999999999890e-04 9.210000000000000521e-04 9.999989999999999712e-01 1.899599999999999900e-02 9.998190000000000133e-01 -9.079999999999999530e-04 -9.998190000000000133e-01 1.899500000000000147e-02 -6.989999999999999686e-04
2.500000000000000000e+01 3.100000000000000000e+01 1.200000000000000000e+01 0.000000000000000000e+00 1.600000000000000089e+00 8.409999999999999507e-04 -1.508000000000000009e-03 9.999989999999999712e-01 9.171000000000000332e-03 9.999569999999999848e-01 1.500999999999999947e-03 -9.999580000000000135e-01 9.169999999999999332e-03 8.540000000000000499e-04
6.000000000000000000e+00 1.200000000000000000e+01 1.500000000000000000e+01 0.000000000000000000e+00 1.600000000000000089e+00 -1.699999999999999905e-03 -2.112000000000000162e-03 -9.999959999999999960e-01 -4.671649999999999969e-01 -8.841660000000000075e-01 2.661000000000000171e-03 -8.841689999999999827e-01 4.671669999999999989e-01 5.169999999999999899e-04
1.000000000000000000e+01 1.200000000000000000e+01 1.500000000000000000e+01 0.000000000000000000e+00 1.600000000000000089e+00 1.309000000000000051e-03 3.781000000000000073e-03 -9.999919999999999920e-01 -4.657689999999999886e-01 -8.848970000000000447e-01 -3.956000000000000315e-03 -8.849050000000000527e-01 4.657709999999999906e-01 6.030000000000000204e-04
1.300000000000000000e+01 1.200000000000000000e+01 1.500000000000000000e+01 0.000000000000000000e+00 1.600000000000000089e+00 5.962000000000000285e-03 9.098000000000000184e-03 -9.999409999999999688e-01 -4.662529999999999730e-01 -8.845849999999999547e-01 -1.082800000000000082e-02 -8.846309999999999452e-01 4.662899999999999823e-01 -1.033000000000000064e-03
2.100000000000000000e+01 1.200000000000000000e+01 1.500000000000000000e+01 0.000000000000000000e+00 1.600000000000000089e+00 7.656999999999999744e-03 1.235999999999999946e-02 -9.998939999999999495e-01 -4.683249999999999913e-01 -8.834370000000000278e-01 -1.450700000000000080e-02 -8.835229999999999473e-01 4.683860000000000245e-01 -9.759999999999999796e-04
3.000000000000000000e+00 1.160000000000000000e+02 1.600000000000000000e+01 0.000000000000000000e+00 1.600000000000000089e+00 9.870000000000000301e-04 1.111999999999999924e-03 9.999989999999999712e-01 6.817889999999999784e-01 7.315479999999999761e-01 -1.487000000000000040e-03 -7.315479999999999761e-01 6.817900000000000071e-01 -3.600000000000000091e-05
1.400000000000000000e+01 1.160000000000000000e+02 1.600000000000000000e+01 0.000000000000000000e+00 1.600000000000000089e+00 8.260000000000000198e-04 2.566999999999999837e-03 9.999959999999999960e-01 7.019870000000000276e-01 7.121859999999999857e-01 -2.407999999999999984e-03 -7.121889999999999610e-01 7.019859999999999989e-01 -1.214000000000000018e-03
1.900000000000000000e+01 1.160000000000000000e+02 1.600000000000000000e+01 0.000000000000000000e+00 1.600000000000000089e+00 -2.249999999999999938e-04 -2.840000000000000076e-03 9.999959999999999960e-01 7.048769999999999758e-01 7.093270000000000408e-01 2.173000000000000018e-03 -7.093300000000000161e-01 7.048740000000000006e-01 1.842000000000000104e-03
7.000000000000000000e+00 2.000000000000000000e+00 1.900000000000000000e+01 0.000000000000000000e+00 1.600000000000000089e+00 -1.348999999999999939e-03 -1.167000000000000069e-03 -9.999980000000000535e-01 1.799860000000000071e-01 -9.836690000000000156e-01 9.049999999999999885e-04 -9.836679999999999868e-01 -1.799840000000000051e-01 1.536999999999999955e-03
1.200000000000000000e+01 2.000000000000000000e+00 1.900000000000000000e+01 0.000000000000000000e+00 1.600000000000000089e+00 -5.599999999999999509e-04 -1.689999999999999879e-04 -1.000000000000000000e+00 1.774969999999999881e-01 -9.841210000000000235e-01 6.700000000000000226e-05 -9.841210000000000235e-01 -1.774969999999999881e-01 5.810000000000000277e-04
2.200000000000000000e+01 2.000000000000000000e+00 1.900000000000000000e+01 0.000000000000000000e+00 1.600000000000000089e+00 -5.270000000000000162e-04 4.845999999999999613e-03 -9.999879999999999880e-01 1.725520000000000109e-01 -9.849879999999999747e-01 -4.865000000000000401e-03 -9.849999999999999867e-01 -1.725530000000000119e-01 -3.170000000000000075e-04
2.700000000000000000e+01 2.000000000000000000e+00 1.900000000000000000e+01 0.000000000000000000e+00 1.600000000000000089e+00 -4.719999999999999803e-04 -3.200000000000000262e-04 -1.000000000000000000e+00 1.683379999999999876e-01 -9.857289999999999663e-01 2.359999999999999902e-04 -9.857289999999999663e-01 -1.683379999999999876e-01 5.190000000000000386e-04
3.000000000000000000e+01 2.000000000000000000e+00 1.900000000000000000e+01 0.000000000000000000e+00 1.600000000000000089e+00 -1.430000000000000064e-04 -5.310000000000000050e-04 -1.000000000000000000e+00 1.688330000000000108e-01 -9.856439999999999646e-01 5.000000000000000104e-04 -9.856449999999999934e-01 -1.688330000000000108e-01 2.300000000000000070e-04
8.000000000000000000e+00 4.000000000000000000e+00 2.000000000000000000e+01 0.000000000000000000e+00 1.600000000000000089e+00 9.160000000000000390e-04 -4.455999999999999892e-03 -9.999900000000000455e-01 2.728689999999999727e-01 -9.620400000000000063e-01 4.537000000000000234e-03 -9.620509999999999895e-01 -2.728709999999999747e-01 3.350000000000000113e-04
1.400000000000000000e+01 4.000000000000000000e+00 2.000000000000000000e+01 0.000000000000000000e+00 1.600000000000000089e+00 -3.510000000000000099e-03 2.005999999999999971e-03 -9.999919999999999920e-01 2.746709999999999985e-01 -9.615339999999999998e-01 -2.893000000000000172e-03 -9.615320000000000533e-01 -2.746779999999999777e-01 2.824000000000000121e-03
1.800000000000000000e+01 4.000000000000000000e+00 2.000000000000000000e+01 0.000000000000000000e+00 1.600000000000000089e+00 -1.427000000000000100e-03 2.390000000000000197e-03 -9.999959999999999960e-01 2.781089999999999951e-01 -9.605460000000000109e-01 -2.691999999999999948e-03 -9.605479999999999574e-01 -2.781120000000000259e-01 7.060000000000000303e-04
2.200000000000000000e+01 4.000000000000000000e+00 2.000000000000000000e+01 0.000000000000000000e+00 1.600000000000000089e+00 -1.443000000000000055e-03 6.829000000000000001e-03 -9.999759999999999760e-01 2.727040000000000020e-01 -9.620729999999999560e-01 -6.963999999999999704e-03 -9.620969999999999800e-01 -2.727069999999999772e-01 -4.739999999999999747e-04
5.000000000000000000e+00 1.300000000000000000e+01 2.000000000000000000e+01 0.000000000000000000e+00 1.600000000000000089e+00 -2.200000000000000078e-04 7.440000000000000432e-03 9.999719999999999720e-01 2.596640000000000059e-01 9.656730000000000036e-01 -7.127999999999999788e-03 -9.656989999999999741e-01 2.596550000000000247e-01 -2.144000000000000072e-03
9.000000000000000000e+00 1.300000000000000000e+01 2.000000000000000000e+01 0.000000000000000000e+00 1.600000000000000089e+00 -7.150000000000000322e-04 2.665999999999999967e-03 9.999959999999999960e-01 2.579029999999999934e-01 9.661680000000000268e-01 -2.392000000000000029e-03 -9.661710000000000020e-01 2.579000000000000181e-01 -1.378000000000000102e-03
1.300000000000000000e+01 1.300000000000000000e+01 2.000000000000000000e+01 0.000000000000000000e+00 1.600000000000000089e+00 6.350000000000000392e-04 -3.350000000000000113e-03 9.999940000000000495e-01 2.579089999999999994e-01 9.661640000000000228e-01 3.072000000000000078e-03 -9.661689999999999445e-01 2.579060000000000241e-01 1.477000000000000014e-03
1.700000000000000000e+01 1.300000000000000000e+01 2.000000000000000000e+01 0.000000000000000000e+00 1.600000000000000089e+00 1.529999999999999893e-03 -7.643999999999999753e-03 9.999700000000000255e-01 2.589199999999999835e-01 9.658740000000000103e-01 6.987000000000000155e-03 -9.658980000000000343e-01 2.589009999999999923e-01 3.457000000000000003e-03
2.100000000000000000e+01 1.300000000000000000e+01 2.000000000000000000e+01 0.000000000000000000e+00 1.600000000000000089e+00 3.069999999999999812e-04 -1.025700000000000049e-02 9.999470000000000303e-01 2.583239999999999981e-01 9.660079999999999778e-01 9.830000000000000196e-03 -9.660579999999999723e-01 2.583070000000000088e-01 2.945999999999999834e-03
2.600000000000000000e+01 1.300000000000000000e+01 2.000000000000000000e+01 0.000000000000000000e+00 1.600000000000000089e+00 -4.870000000000000197e-04 4.739999999999999747e-04 1.000000000000000000e+00 2.591160000000000130e-01 9.658459999999999823e-01 -3.319999999999999926e-04 -9.658459999999999823e-01 2.591149999999999842e-01 -5.929999999999999941e-04
3.000000000000000000e+00 1.600000000000000000e+01 2.100000000000000000e+01 0.000000000000000000e+00 1.600000000000000089e+00 -1.252999999999999991e-03 4.343999999999999771e-03 9.999900000000000455e-01 2.977560000000000207e-01 9.546350000000000113e-01 -3.774000000000000011e-03 -9.546409999999999618e-01 2.977480000000000127e-01 -2.490000000000000026e-03
7.000000000000000000e+00 1.600000000000000000e+01 2.100000000000000000e+01 0.000000000000000000e+00 1.600000000000000089e+00 -1.760999999999999979e-03 3.190999999999999826e-03 9.999930000000000208e-01 2.955059999999999909e-01 9.553380000000000205e-01 -2.527999999999999865e-03 -9.553390000000000493e-01 2.954990000000000117e-01 -2.625000000000000163e-03
1.800000000000000000e+01 1.600000000000000000e+01 2.100000000000000000e+01 0.000000000000000000e+00 1.600000000000000089e+00 1.516999999999999902e-03 -3.850000000000000124e-03 9.999909999999999632e-01 2.954809999999999937e-01 9.553430000000000533e-01 3.229999999999999798e-03 -9.553469999999999462e-01 2.954729999999999857e-01 2.586999999999999890e-03
2.600000000000000000e+01 1.600000000000000000e+01 2.100000000000000000e+01 0.000000000000000000e+00 1.600000000000000089e+00 3.339999999999999870e-04 6.701000000000000359e-03 9.999780000000000335e-01 2.961730000000000196e-01 9.551119999999999610e-01 -6.498999999999999569e-03 -9.551340000000000385e-01 2.961690000000000156e-01 -1.665000000000000030e-03
2.000000000000000000e+01 3.000000000000000000e+00 2.500000000000000000e+01 0.000000000000000000e+00 1.600000000000000089e+00 -4.804000000000000110e-03 8.137000000000000136e-03 9.999550000000000383e-01 -1.603999999999999870e-02 -9.998390000000000333e-01 8.059000000000000191e-03 9.998599999999999710e-01 -1.600000000000000033e-02 4.934000000000000018e-03
5.000000000000000000e+00 4.600000000000000000e+01 2.700000000000000000e+01 0.000000000000000000e+00 1.600000000000000089e+00 -1.632999999999999903e-03 -6.040000000000000447e-04 -9.999989999999999712e-01 6.819899999999999851e-01 7.313600000000000101e-01 -1.554999999999999959e-03 7.313589999999999813e-01 -6.819920000000000426e-01 -7.820000000000000345e-04
1.700000000000000000e+01 4.600000000000000000e+01 2.700000000000000000e+01 0.000000000000000000e+00 1.600000000000000089e+00 9.300000000000000541e-04 1.577999999999999976e-03 -9.999980000000000535e-01 6.812279999999999447e-01 7.320689999999999698e-01 1.789000000000000009e-03 7.320710000000000273e-01 -6.812279999999999447e-01 -3.939999999999999817e-04
2.300000000000000000e+01 4.600000000000000000e+01 2.700000000000000000e+01 0.000000000000000000e+00 1.600000000000000089e+00 5.919999999999999698e-04 -6.290000000000000018e-04 -1.000000000000000000e+00 6.847699999999999898e-01 7.287590000000000456e-01 -5.300000000000000078e-05 7.287590000000000456e-01 -6.847699999999999898e-01 8.620000000000000275e-04
1.000000000000000000e+00 5.800000000000000000e+01 3.100000000000000000e+01 0.000000000000000000e+00 1.600000000000000089e+00 4.721999999999999635e-03 -1.330000000000000019e-03 9.999879999999999880e-01 -8.015259999999999607e-01 -5.979529999999999568e-01 2.990000000000000036e-03 5.979419999999999735e-01 -8.015299999999999647e-01 -3.889999999999999795e-03
8.000000000000000000e+00 5.800000000000000000e+01 3.100000000000000000e+01 0.000000000000000000e+00 1.600000000000000089e+00 -2.919999999999999961e-04 2.625000000000000163e-03 9.999970000000000248e-01 -8.013649999999999940e-01 -5.981750000000000123e-01 1.335999999999999948e-03 5.981760000000000410e-01 -8.013620000000000188e-01 2.278000000000000077e-03
1.600000000000000000e+01 5.800000000000000000e+01 3.100000000000000000e+01 0.000000000000000000e+00 1.600000000000000089e+00 2.416999999999999878e-03 7.863000000000000198e-03 9.999660000000000215e-01 -8.014740000000000197e-01 -5.979919999999999680e-01 6.640000000000000069e-03 5.980240000000000000e-01 -8.014630000000000365e-01 4.856000000000000073e-03
2.400000000000000000e+01 5.800000000000000000e+01 3.100000000000000000e+01 0.000000000000000000e+00 1.600000000000000089e+00 6.359999999999999551e-04 2.709999999999999735e-04 1.000000000000000000e+00 -8.012780000000000458e-01 -5.982910000000000172e-01 6.719999999999999628e-04 5.982910000000000172e-01 -8.012789999999999635e-01 -1.630000000000000047e-04
2.900000000000000000e+01 5.800000000000000000e+01 3.100000000000000000e+01 0.000000000000000000e+00 1.600000000000000089e+00 4.920000000000000328e-04 5.766000000000000292e-03 9.999829999999999552e-01 -7.984679999999999556e-01 -6.020250000000000323e-01 3.863999999999999813e-03 6.020370000000000443e-01 -7.984560000000000546e-01 4.307000000000000065e-03
2.000000000000000000e+00 4.600000000000000000e+01 3.500000000000000000e+01 0.000000000000000000e+00 1.600000000000000089e+00 1.608999999999999970e-03 4.106000000000000275e-03 -9.999900000000000455e-01 3.850080000000000169e-01 -9.229079999999999506e-01 -3.170000000000000075e-03 -9.229119999999999546e-01 -3.849989999999999801e-01 -3.066000000000000149e-03
1.100000000000000000e+01 4.600000000000000000e+01 3.500000000000000000e+01 0.000000000000000000e+00 1.600000000000000089e+00 -9.870000000000000301e-04 1.118999999999999986e-03 -9.999989999999999712e-01 3.844509999999999872e-01 -9.231439999999999646e-01 -1.412000000000000061e-03 -9.231449999999999934e-01 -3.844520000000000159e-01 4.809999999999999823e-04
2.000000000000000000e+01 4.600000000000000000e+01 3.500000000000000000e+01 0.000000000000000000e+00 1.600000000000000089e+00 -4.389999999999999914e-04 -5.289999999999999564e-04 -1.000000000000000000e+00 3.866160000000000152e-01 -9.222409999999999775e-01 3.179999999999999776e-04 -9.222409999999999775e-01 -3.866149999999999864e-01 6.089999999999999494e-04
2.300000000000000000e+01 4.600000000000000000e+01 3.500000000000000000e+01 0.000000000000000000e+00 1.600000000000000089e+00 -6.769999999999999759e-04 1.371000000000000040e-03 -9.999989999999999712e-01 3.860060000000000158e-01 -9.224949999999999539e-01 -1.526000000000000013e-03 -9.224959999999999827e-01 -3.860069999999999890e-01 9.500000000000000523e-05
2.700000000000000000e+01 4.600000000000000000e+01 3.500000000000000000e+01 0.000000000000000000e+00 1.600000000000000089e+00 -9.259999999999999568e-04 1.933999999999999955e-03 -9.999980000000000535e-01 3.855399999999999938e-01 -9.226879999999999526e-01 -2.141999999999999807e-03 -9.226900000000000102e-01 -3.855419999999999958e-01 1.090000000000000067e-04
8.000000000000000000e+00 9.500000000000000000e+01 3.600000000000000000e+01 0.000000000000000000e+00 1.600000000000000089e+00 -8.552999999999999839e-03 -2.267999999999999877e-02 9.997059999999999835e-01 9.971569999999999601e-01 7.464899999999999314e-02 1.022499999999999971e-02 -7.485899999999999499e-02 9.969519999999999493e-01 2.197700000000000001e-02
1.500000000000000000e+01 9.500000000000000000e+01 3.600000000000000000e+01 0.000000000000000000e+00 1.600000000000000089e+00 -9.280000000000000054e-04 9.476999999999999313e-03 9.999550000000000383e-01 9.971360000000000223e-01 7.563000000000000278e-02 2.079999999999999872e-04 -7.562499999999999778e-02 9.970909999999999496e-01 -9.520000000000000684e-03
2.100000000000000000e+01 9.500000000000000000e+01 3.600000000000000000e+01 0.000000000000000000e+00 1.600000000000000089e+00 5.487999999999999823e-03 -1.497000000000000067e-02 9.998730000000000118e-01 9.975549999999999695e-01 6.974800000000000444e-02 -4.431000000000000043e-03 -6.967199999999999782e-02 9.974520000000000053e-01 1.531599999999999975e-02
8.000000000000000000e+00 2.900000000000000000e+01 4.400000000000000000e+01 0.000000000000000000e+00 1.600000000000000089e+00 -3.174999999999999871e-03 -1.291000000000000047e-03 -9.999940000000000495e-01 6.698030000000000372e-01 7.425319999999999698e-01 -3.085000000000000069e-03 7.425319999999999698e-01 -6.698089999999999877e-01 -1.492999999999999969e-03
1.400000000000000000e+01 2.900000000000000000e+01 4.400000000000000000e+01 0.000000000000000000e+00 1.600000000000000089e+00 -2.083999999999999915e-03 8.509999999999999769e-04 -9.999970000000000248e-01 6.668509999999999716e-01 7.451910000000000478e-01 -7.560000000000000530e-04 7.451879999999999615e-01 -6.668509999999999716e-01 -2.119999999999999923e-03
1.800000000000000000e+01 2.900000000000000000e+01 4.400000000000000000e+01 0.000000000000000000e+00 1.600000000000000089e+00 -1.423999999999999919e-03 2.550999999999999882e-03 -9.999959999999999960e-01 6.654660000000000020e-01 7.464269999999999516e-01 9.569999999999999514e-04 7.464260000000000339e-01 -6.654619999999999980e-01 -2.760999999999999999e-03
2.400000000000000000e+01 2.900000000000000000e+01 4.400000000000000000e+01 0.000000000000000000e+00 1.600000000000000089e+00 -6.049999999999999822e-03 -1.915999999999999951e-03 -9.999799999999999800e-01 6.444910000000000361e-01 7.645929999999999671e-01 -5.363999999999999845e-03 7.645880000000000454e-01 -6.445100000000000273e-01 -3.390999999999999917e-03
2.900000000000000000e+01 2.900000000000000000e+01 4.400000000000000000e+01 0.000000000000000000e+00 1.600000000000000089e+00 -3.661000000000000192e-03 -3.755999999999999790e-03 -9.999860000000000415e-01 6.373010000000000064e-01 7.705969999999999764e-01 -5.226999999999999875e-03 7.706060000000000132e-01 -6.373119999999999896e-01 -4.270000000000000249e-04
3.000000000000000000e+00 5.400000000000000000e+01 4.600000000000000000e+01 0.000000000000000000e+00 1.600000000000000089e+00 3.499999999999999693e-05 8.984000000000000666e-03 9.999599999999999600e-01 3.393289999999999917e-01 -9.406299999999999661e-01 8.439000000000000321e-03 9.406679999999999486e-01 3.393149999999999777e-01 -3.082000000000000104e-03
5.000000000000000000e+00 6.500000000000000000e+01 4.600000000000000000e+01 0.000000000000000000e+00 1.600000000000000089e+00 -2.683000000000000055e-03 1.951000000000000043e-03 9.999940000000000495e-01 6.812460000000000182e-01 -7.320480000000000320e-01 3.256000000000000213e-03 7.320499999999999785e-01 6.812510000000000510e-01 6.350000000000000392e-04
6.000000000000000000e+00 7.000000000000000000e+00 5.200000000000000000e+01 0.000000000000000000e+00 1.600000000000000089e+00 -2.118999999999999790e-03 -2.729999999999999788e-03 -9.999940000000000495e-01 8.387899999999999523e-02 -9.964730000000000532e-01 2.543000000000000121e-03 -9.964739999999999709e-01 -8.387300000000000311e-02 2.341000000000000199e-03
5.000000000000000000e+00 1.500000000000000000e+01 5.300000000000000000e+01 0.000000000000000000e+00 1.600000000000000089e+00 9.100000000000000287e-05 1.245999999999999929e-03 -9.999989999999999712e-01 6.789190000000000502e-01 7.342130000000000045e-01 9.770000000000000039e-04 7.342140000000000333e-01 -6.789180000000000215e-01 -7.789999999999999616e-04
1.900000000000000000e+01 1.500000000000000000e+01 5.300000000000000000e+01 0.000000000000000000e+00 1.600000000000000089e+00 1.170999999999999949e-03 8.299999999999999815e-05 -9.999989999999999712e-01 6.774360000000000381e-01 7.355810000000000404e-01 8.540000000000000499e-04 7.355810000000000404e-01 -6.774369999999999559e-01 8.050000000000000515e-04
4.000000000000000000e+00 6.300000000000000000e+01 5.400000000000000000e+01 0.000000000000000000e+00 1.600000000000000089e+00 1.307000000000000002e-03 -6.179999999999999513e-04 9.999989999999999712e-01 -3.513249999999999984e-01 9.362530000000000019e-01 1.036999999999999944e-03 -9.362530000000000019e-01 -3.513260000000000272e-01 1.007000000000000083e-03
9.000000000000000000e+00 6.300000000000000000e+01 5.400000000000000000e+01 0.000000000000000000e+00 1.600000000000000089e+00 2.500000000000000120e-05 -7.780000000000000457e-04 1.000000000000000000e+00 -3.511130000000000084e-01 9.363329999999999709e-01 7.370000000000000249e-04 -9.363329999999999709e-01 -3.511130000000000084e-01 -2.500000000000000052e-04
1.300000000000000000e+01 6.300000000000000000e+01 5.400000000000000000e+01 0.000000000000000000e+00 1.600000000000000089e+00 3.009999999999999980e-04 -1.949999999999999965e-04 1.000000000000000000e+00 -3.498939999999999828e-01 9.367889999999999828e-01 2.880000000000000073e-04 -9.367889999999999828e-01 -3.498939999999999828e-01 2.139999999999999975e-04
1.500000000000000000e+01 6.300000000000000000e+01 5.400000000000000000e+01 0.000000000000000000e+00 1.600000000000000089e+00 7.529999999999999801e-04 1.210000000000000002e-04 1.000000000000000000e+00 -3.495969999999999911e-01 9.368999999999999551e-01 1.489999999999999897e-04 -9.368999999999999551e-01 -3.495969999999999911e-01 7.479999999999999670e-04
1.900000000000000000e+01 6.300000000000000000e+01 5.400000000000000000e+01 0.000000000000000000e+00 1.600000000000000089e+00 -5.029999999999999749e-04 4.569999999999999952e-04 1.000000000000000000e+00 -3.487979999999999969e-01 9.371979999999999755e-01 -6.040000000000000447e-04 -9.371979999999999755e-01 -3.487979999999999969e-01 -3.119999999999999944e-04
2.800000000000000000e+01 6.300000000000000000e+01 5.400000000000000000e+01 0.000000000000000000e+00 1.600000000000000089e+00 1.002999999999999985e-03 2.232000000000000043e-03 9.999970000000000248e-01 -3.544180000000000108e-01 9.350850000000000550e-01 -1.732000000000000033e-03 -9.350859999999999728e-01 -3.544149999999999801e-01 1.729000000000000068e-03
6.000000000000000000e+00 2.500000000000000000e+01 5.500000000000000000e+01 0.000000000000000000e+00 1.600000000000000089e+00 -2.149999999999999947e-04 -1.101999999999999898e-03 -9.999989999999999712e-01 -1.236100000000000046e-02 -9.999230000000000063e-01 1.103999999999999947e-03 -9.999240000000000350e-01 1.236100000000000046e-02 2.010000000000000068e-04
1.100000000000000000e+01 2.500000000000000000e+01 5.500000000000000000e+01 0.000000000000000000e+00 1.600000000000000089e+00 -9.420000000000000205e-04 -2.083000000000000216e-03 -9.999970000000000248e-01 -1.111900000000000041e-02 -9.999360000000000470e-01 2.092999999999999809e-03 -9.999379999999999935e-01 1.112100000000000068e-02 9.190000000000000035e-04
1.500000000000000000e+01 2.500000000000000000e+01 5.500000000000000000e+01 0.000000000000000000e+00 1.600000000000000089e+00 7.420000000000000380e-04 4.299999999999999894e-04 -1.000000000000000000e+00 -1.127399999999999930e-02 -9.999360000000000470e-01 -4.380000000000000213e-04 -9.999360000000000470e-01 1.127399999999999930e-02 -7.370000000000000249e-04
1.700000000000000000e+01 2.500000000000000000e+01 5.500000000000000000e+01 0.000000000000000000e+00 1.600000000000000089e+00 1.196999999999999930e-03 2.978000000000000178e-03 -9.999949999999999672e-01 -1.139899999999999941e-02 -9.999310000000000143e-01 -2.991000000000000169e-03 -9.999339999999999895e-01 1.140299999999999994e-02 -1.162999999999999971e-03
2.800000000000000000e+01 2.500000000000000000e+01 5.500000000000000000e+01 0.000000000000000000e+00 1.600000000000000089e+00 1.786999999999999960e-03 -4.413000000000000256e-03 -9.999890000000000168e-01 -1.279100000000000029e-02 -9.999090000000000478e-01 4.389999999999999805e-03 -9.999169999999999447e-01 1.278299999999999922e-02 -1.843999999999999936e-03
1.600000000000000000e+01 5.800000000000000000e+01 5.900000000000000000e+01 0.000000000000000000e+00 1.600000000000000089e+00 -4.341000000000000240e-03 5.394000000000000357e-03 -9.999759999999999760e-01 3.868610000000000104e-01 9.221319999999999517e-01 3.295000000000000186e-03 9.221279999999999477e-01 -3.868369999999999864e-01 -6.088999999999999795e-03
2.300000000000000000e+01 3.000000000000000000e+00 6.300000000000000000e+01 0.000000000000000000e+00 1.600000000000000089e+00 3.482999999999999985e-03 -7.080000000000000356e-03 9.999689999999999968e-01 -6.168209999999999527e-01 7.870650000000000146e-01 7.721000000000000432e-03 -7.870949999999999891e-01 -6.168289999999999607e-01 -1.626000000000000058e-03
2.600000000000000000e+01 3.000000000000000000e+00 6.300000000000000000e+01 0.000000000000000000e+00 1.600000000000000089e+00 1.157999999999999958e-03 -5.471000000000000169e-03 9.999839999999999840e-01 -6.169189999999999952e-01 7.870110000000000161e-01 5.020000000000000157e-03 -7.870260000000000034e-01 -6.169149999999999912e-01 -2.464000000000000044e-03
1.100000000000000000e+01 2.700000000000000000e+01 6.300000000000000000e+01 0.000000000000000000e+00 1.600000000000000089e+00 -1.693999999999999976e-03 -5.928000000000000110e-03 9.999810000000000088e-01 -2.775340000000000029e-01 9.607019999999999449e-01 5.224999999999999610e-03 -9.607139999999999569e-01 -2.775199999999999889e-01 -3.272999999999999868e-03
1.500000000000000000e+01 2.700000000000000000e+01 6.300000000000000000e+01 0.000000000000000000e+00 1.600000000000000089e+00 7.100000000000000462e-05 -9.145999999999999616e-03 9.999580000000000135e-01 -2.796580000000000177e-01 9.600589999999999957e-01 8.800999999999999795e-03 -9.600999999999999535e-01 -2.796469999999999789e-01 -2.490000000000000026e-03
2.300000000000000000e+01 2.700000000000000000e+01 6.300000000000000000e+01 0.000000000000000000e+00 1.600000000000000089e+00 2.339999999999999958e-04 1.195000000000000099e-03 9.999989999999999712e-01 -2.828959999999999808e-01 9.591499999999999471e-01 -1.080000000000000014e-03 -9.591499999999999471e-01 -2.828959999999999808e-01 5.619999999999999996e-04
2.700000000000000000e+01 2.700000000000000000e+01 6.300000000000000000e+01 0.000000000000000000e+00 1.600000000000000089e+00 1.610000000000000103e-04 2.049999999999999956e-04 1.000000000000000000e+00 -2.831629999999999980e-01 9.590720000000000356e-01 -1.510000000000000112e-04 -9.590720000000000356e-01 -2.831629999999999980e-01 2.120000000000000031e-04
6.000000000000000000e+00 2.600000000000000000e+01 6.400000000000000000e+01 0.000000000000000000e+00 1.600000000000000089e+00 -3.278000000000000098e-03 7.451000000000000158e-03 9.999670000000000503e-01 -3.502910000000000190e-01 9.366060000000000496e-01 -8.127000000000000543e-03 -9.366349999999999953e-01 -3.503060000000000063e-01 -4.600000000000000139e-04
1.100000000000000000e+01 2.600000000000000000e+01 6.400000000000000000e+01 0.000000000000000000e+00 1.600000000000000089e+00 -8.840000000000000201e-04 -5.956999999999999622e-03 9.999820000000000375e-01 -3.590119999999999978e-01 9.333179999999999810e-01 5.242000000000000132e-03 -9.333329999999999682e-01 -3.589999999999999858e-01 -2.964000000000000055e-03
1.500000000000000000e+01 2.600000000000000000e+01 6.400000000000000000e+01 0.000000000000000000e+00 1.600000000000000089e+00 1.141000000000000087e-03 -8.845000000000000431e-03 9.999599999999999600e-01 -3.601239999999999997e-01 9.328640000000000265e-01 8.661999999999999561e-03 -9.329039999999999555e-01 -3.601190000000000224e-01 -2.121000000000000055e-03
2.000000000000000000e+01 2.600000000000000000e+01 6.400000000000000000e+01 0.000000000000000000e+00 1.600000000000000089e+00 4.000000000000000192e-04 1.761999999999999894e-03 9.999980000000000535e-01 -3.627059999999999729e-01 9.319020000000000081e-01 -1.495999999999999934e-03 -9.319030000000000369e-01 -3.627049999999999996e-01 1.012000000000000096e-03
2.700000000000000000e+01 2.600000000000000000e+01 6.400000000000000000e+01 0.000000000000000000e+00 1.600000000000000089e+00 4.490000000000000176e-04 5.739999999999999660e-04 1.000000000000000000e+00 -3.630929999999999991e-01 9.317530000000000534e-01 -3.719999999999999891e-04 -9.317530000000000534e-01 -3.630929999999999991e-01 6.269999999999999532e-04
4.000000000000000000e+00 2.500000000000000000e+01 7.300000000000000000e+01 0.000000000000000000e+00 1.600000000000000089e+00 8.670000000000000406e-04 -1.391000000000000092e-03 9.999989999999999712e-01 7.486800000000000122e-01 -6.629289999999999905e-01 -1.570999999999999914e-03 6.629310000000000480e-01 7.486810000000000409e-01 4.670000000000000214e-04
1.300000000000000000e+01 2.500000000000000000e+01 7.300000000000000000e+01 0.000000000000000000e+00 1.600000000000000089e+00 1.332000000000000068e-03 2.265000000000000086e-03 9.999970000000000248e-01 7.564570000000000460e-01 -6.540430000000000410e-01 4.739999999999999747e-04 6.540420000000000122e-01 7.564539999999999598e-01 -2.585000000000000058e-03
1.800000000000000000e+01 2.500000000000000000e+01 7.300000000000000000e+01 0.000000000000000000e+00 1.600000000000000089e+00 -1.570999999999999914e-03 -3.250999999999999984e-03 9.999930000000000208e-01 7.560700000000000198e-01 -6.544900000000000162e-01 -9.399999999999999719e-04 6.544889999999999874e-01 7.560639999999999583e-01 3.485999999999999949e-03
2.400000000000000000e+01 2.500000000000000000e+01 7.300000000000000000e+01 0.000000000000000000e+00 1.600000000000000089e+00 1.289999999999999914e-04 7.709999999999999840e-04 1.000000000000000000e+00 7.541299999999999670e-01 -6.567239999999999744e-01 4.090000000000000211e-04 6.567250000000000032e-01 7.541299999999999670e-01 -6.669999999999999497e-04
5.000000000000000000e+00 4.400000000000000000e+01 7.300000000000000000e+01 0.000000000000000000e+00 1.600000000000000089e+00 4.569999999999999952e-04 -1.855000000000000095e-03 9.999980000000000535e-01 4.829900000000000165e-02 -9.988310000000000244e-01 -1.874999999999999931e-03 9.988329999999999709e-01 4.830000000000000265e-02 -3.660000000000000059e-04
1.500000000000000000e+01 4.400000000000000000e+01 7.300000000000000000e+01 0.000000000000000000e+00 1.600000000000000089e+00 -1.779999999999999898e-04 -2.344999999999999862e-03 9.999970000000000248e-01 4.848800000000000332e-02 -9.988209999999999589e-01 -2.333000000000000004e-03 9.988240000000000451e-01 4.848700000000000232e-02 2.910000000000000260e-04
2.100000000000000000e+01 4.400000000000000000e+01 7.300000000000000000e+01 0.000000000000000000e+00 1.600000000000000089e+00 5.339999999999999695e-04 2.121000000000000055e-03 9.999980000000000535e-01 5.017400000000000332e-02 -9.987380000000000146e-01 2.092000000000000109e-03 9.987399999999999611e-01 5.017300000000000232e-02 -6.390000000000000280e-04
2.500000000000000000e+01 4.400000000000000000e+01 7.300000000000000000e+01 0.000000000000000000e+00 1.600000000000000089e+00 3.950000000000000061e-04 -1.817999999999999955e-03 9.999980000000000535e-01 5.168600000000000277e-02 -9.986620000000000497e-01 -1.835999999999999958e-03 9.986629999999999674e-01 5.168699999999999684e-02 -2.999999999999999737e-04
6.000000000000000000e+00 5.100000000000000000e+01 7.600000000000000000e+01 0.000000000000000000e+00 1.600000000000000089e+00 -7.240000000000000342e-04 4.773999999999999598e-03 -9.999879999999999880e-01 -4.130829999999999780e-01 -9.106840000000000490e-01 -4.048999999999999648e-03 -9.106929999999999747e-01 4.130750000000000255e-01 2.631000000000000092e-03
5.000000000000000000e+00 9.100000000000000000e+01 7.600000000000000000e+01 0.000000000000000000e+00 1.600000000000000089e+00 9.000000000000000228e-06 1.332000000000000068e-03 9.999989999999999712e-01 3.173759999999999915e-01 -9.482990000000000030e-01 1.260000000000000052e-03 9.483000000000000318e-01 3.173759999999999915e-01 -4.310000000000000137e-04
1.100000000000000000e+01 9.100000000000000000e+01 7.600000000000000000e+01 0.000000000000000000e+00 1.600000000000000089e+00 5.810000000000000277e-04 3.490000000000000263e-04 1.000000000000000000e+00 3.159179999999999766e-01 -9.487870000000000470e-01 1.479999999999999925e-04 9.487860000000000182e-01 3.159170000000000034e-01 -6.620000000000000450e-04
2.000000000000000000e+01 9.100000000000000000e+01 7.600000000000000000e+01 0.000000000000000000e+00 1.600000000000000089e+00 -2.023000000000000059e-03 -7.140000000000000079e-04 9.999980000000000535e-01 3.182840000000000114e-01 -9.479950000000000321e-01 -3.300000000000000253e-05 9.479929999999999746e-01 3.182829999999999826e-01 2.145000000000000205e-03
8.000000000000000000e+00 9.000000000000000000e+00 8.200000000000000000e+01 0.000000000000000000e+00 1.600000000000000089e+00 2.386000000000000100e-03 -1.041999999999999958e-03 -9.999970000000000248e-01 5.743749999999999689e-01 8.185919999999999863e-01 5.180000000000000143e-04 8.185890000000000111e-01 -5.743740000000000512e-01 2.550999999999999882e-03
4.000000000000000000e+00 4.400000000000000000e+01 8.300000000000000000e+01 0.000000000000000000e+00 1.600000000000000089e+00 8.050000000000000515e-04 3.883000000000000167e-03 9.999919999999999920e-01 5.883760000000000101e-01 -8.085830000000000517e-01 2.665999999999999967e-03 8.085869999999999447e-01 5.883690000000000309e-01 -2.935999999999999808e-03
1.200000000000000000e+01 4.400000000000000000e+01 8.300000000000000000e+01 0.000000000000000000e+00 1.600000000000000089e+00 7.969999999999999654e-04 -3.899999999999999929e-04 1.000000000000000000e+00 5.854000000000000314e-01 -8.107440000000000202e-01 -7.820000000000000345e-04 8.107440000000000202e-01 5.854009999999999492e-01 -4.180000000000000230e-04
1.600000000000000000e+01 4.400000000000000000e+01 8.300000000000000000e+01 0.000000000000000000e+00 1.600000000000000089e+00 6.470000000000000057e-04 -7.594000000000000056e-03 9.999710000000000543e-01 5.884310000000000374e-01 -8.085210000000000452e-01 -6.520999999999999887e-03 8.085470000000000157e-01 5.884179999999999966e-01 3.945999999999999855e-03
