5.000000000000000000e+00 1.500000000000000000e+01 4.000000000000000000e+00 0.000000000000000000e+00 1.600000000000000089e+00 2.259000000000000157e-03 4.431000000000000043e-03 9.999879999999999880e-01 2.920110000000000205e-01 -9.564080000000000359e-01 3.578000000000000017e-03 9.564120000000000399e-01 2.919990000000000085e-01 -3.454000000000000039e-03
1.100000000000000000e+01 1.500000000000000000e+01 4.000000000000000000e+00 0.000000000000000000e+00 1.600000000000000089e+00 8.260000000000000198e-04 1.026499999999999982e-02 9.999470000000000303e-01 2.929649999999999754e-01 -9.560750000000000082e-01 9.572999999999999912e-03 9.561229999999999452e-01 2.929419999999999802e-01 -3.797000000000000028e-03
2.000000000000000000e+01 1.500000000000000000e+01 4.000000000000000000e+00 0.000000000000000000e+00 1.600000000000000089e+00 1.814000000000000074e-03 5.664999999999999897e-03 9.999820000000000375e-01 2.910340000000000149e-01 -9.566999999999999948e-01 4.891999999999999647e-03 9.567109999999999781e-01 2.910200000000000009e-01 -3.383999999999999855e-03
2.500000000000000000e+01 1.500000000000000000e+01 4.000000000000000000e+00 0.000000000000000000e+00 1.600000000000000089e+00 -1.855000000000000095e-03 -1.517800000000000052e-02 9.998829999999999663e-01 2.877509999999999790e-01 -9.576029999999999820e-01 -1.400200000000000056e-02 9.577029999999999710e-01 2.876909999999999745e-01 6.144000000000000156e-03
8.000000000000000000e+00 1.600000000000000000e+01 4.000000000000000000e+00 0.000000000000000000e+00 1.600000000000000089e+00 5.950000000000000427e-04 9.036999999999999894e-03 9.999590000000000423e-01 3.563319999999999821e-01 -9.343230000000000146e-01 8.231999999999999734e-03 9.343590000000000506e-01 3.563120000000000176e-01 -3.775999999999999843e-03
1.500000000000000000e+01 1.600000000000000000e+01 4.000000000000000000e+00 0.000000000000000000e+00 1.600000000000000089e+00 -9.799999999999999684e-04 1.165899999999999923e-02 9.999320000000000430e-01 3.547370000000000245e-01 -9.348990000000000355e-01 1.124900000000000032e-02 9.349659999999999638e-01 3.547230000000000105e-01 -3.220000000000000206e-03
6.000000000000000000e+00 1.010000000000000000e+02 7.000000000000000000e+00 0.000000000000000000e+00 1.600000000000000089e+00 1.428999999999999932e-03 -7.552999999999999818e-03 9.999700000000000255e-01 8.863010000000000055e-01 4.631049999999999889e-01 2.232000000000000043e-03 -4.631080000000000196e-01 8.862710000000000310e-01 7.355999999999999692e-03
1.900000000000000000e+01 1.010000000000000000e+02 7.000000000000000000e+00 0.000000000000000000e+00 1.600000000000000089e+00 2.122000000000000188e-03 7.687000000000000256e-03 9.999679999999999680e-01 8.853750000000000231e-01 4.648459999999999814e-01 -5.453000000000000382e-03 -4.648729999999999807e-01 8.853579999999999783e-01 -5.819999999999999653e-03
2.200000000000000000e+01 1.010000000000000000e+02 7.000000000000000000e+00 0.000000000000000000e+00 1.600000000000000089e+00 3.229999999999999907e-04 -1.169399999999999953e-02 9.999320000000000430e-01 8.845129999999999937e-01 4.664869999999999850e-01 5.168999999999999984e-03 -4.665159999999999862e-01 8.844509999999999872e-01 1.049399999999999986e-02
3.000000000000000000e+00 1.500000000000000000e+01 8.000000000000000000e+00 0.000000000000000000e+00 1.600000000000000089e+00 -1.536000000000000039e-03 4.989999999999999861e-04 -9.999989999999999712e-01 -5.849820000000000020e-01 -8.110460000000000447e-01 4.939999999999999730e-04 -8.110450000000000159e-01 5.849820000000000020e-01 1.536999999999999955e-03
8.000000000000000000e+00 1.500000000000000000e+01 8.000000000000000000e+00 0.000000000000000000e+00 1.600000000000000089e+00 1.806000000000000097e-03 9.202000000000000110e-03 -9.999559999999999560e-01 -5.857419999999999849e-01 -8.104529999999999790e-01 -8.515999999999999265e-03 -8.104949999999999655e-01 5.857320000000000304e-01 3.925999999999999802e-03
1.200000000000000000e+01 1.500000000000000000e+01 8.000000000000000000e+00 0.000000000000000000e+00 1.600000000000000089e+00 1.561000000000000104e-03 9.171999999999999598e-03 -9.999569999999999848e-01 -5.850880000000000525e-01 -8.109269999999999534e-01 -8.351000000000000784e-03 -8.109680000000000222e-01 5.850760000000000405e-01 4.100000000000000346e-03
1.600000000000000000e+01 1.500000000000000000e+01 8.000000000000000000e+00 0.000000000000000000e+00 1.600000000000000089e+00 2.246999999999999865e-03 1.135800000000000004e-02 -9.999329999999999607e-01 -5.828149999999999720e-01 -8.125369999999999537e-01 -1.053899999999999976e-02 -8.126020000000000465e-01 5.827989999999999560e-01 4.793000000000000385e-03
2.000000000000000000e+01 1.500000000000000000e+01 8.000000000000000000e+00 0.000000000000000000e+00 1.600000000000000089e+00 3.480000000000000020e-04 6.308000000000000239e-03 -9.999799999999999800e-01 -5.808670000000000222e-01 -8.139809999999999546e-01 -5.336999999999999730e-03 -8.139990000000000281e-01 5.808569999999999567e-01 3.380000000000000192e-03
2.700000000000000000e+01 1.500000000000000000e+01 8.000000000000000000e+00 0.000000000000000000e+00 1.600000000000000089e+00 -1.366000000000000027e-03 -1.530899999999999969e-02 -9.998820000000000485e-01 -5.813650000000000206e-01 -8.135350000000000081e-01 1.324999999999999963e-02 -8.136419999999999764e-01 5.813150000000000261e-01 -7.788999999999999917e-03
4.000000000000000000e+00 2.600000000000000000e+01 8.000000000000000000e+00 0.000000000000000000e+00 1.600000000000000089e+00 -7.460000000000000268e-04 4.406000000000000194e-03 -9.999900000000000455e-01 4.089599999999999902e-01 9.125450000000000506e-01 3.714999999999999986e-03 9.125520000000000298e-01 -4.089530000000000109e-01 -2.481999999999999831e-03
2.000000000000000000e+01 2.600000000000000000e+01 8.000000000000000000e+00 0.000000000000000000e+00 1.600000000000000089e+00 -2.912999999999999791e-03 -9.806999999999999745e-03 -9.999479999999999480e-01 4.075880000000000059e-01 9.131099999999999772e-01 -1.014299999999999924e-02 9.131610000000000005e-01 -4.075960000000000139e-01 1.337999999999999997e-03
2.400000000000000000e+01 2.600000000000000000e+01 8.000000000000000000e+00 0.000000000000000000e+00 1.600000000000000089e+00 -6.009999999999999717e-04 -4.601000000000000055e-03 -9.999890000000000168e-01 4.080909999999999815e-01 9.129300000000000193e-01 -4.446000000000000299e-03 9.129410000000000025e-01 -4.080889999999999795e-01 1.329000000000000103e-03
2.800000000000000000e+01 2.600000000000000000e+01 8.000000000000000000e+00 0.000000000000000000e+00 1.600000000000000089e+00 2.393999999999999861e-03 6.279999999999999775e-04 -9.999970000000000248e-01 4.086159999999999792e-01 9.127049999999999885e-01 1.551000000000000078e-03 9.127030000000000420e-01 -4.086179999999999812e-01 1.928000000000000026e-03
9.000000000000000000e+00 2.400000000000000000e+01 9.000000000000000000e+00 0.000000000000000000e+00 1.600000000000000089e+00 -8.180000000000000422e-04 -5.259999999999999919e-04 -1.000000000000000000e+00 4.627839999999999732e-01 8.864710000000000090e-01 -8.450000000000000479e-04 8.864710000000000090e-01 -4.627850000000000019e-01 -4.820000000000000066e-04
1.400000000000000000e+01 2.400000000000000000e+01 9.000000000000000000e+00 0.000000000000000000e+00 1.600000000000000089e+00 -7.429999999999999539e-04 -3.937000000000000395e-03 -9.999919999999999920e-01 4.606069999999999887e-01 8.875960000000000516e-01 -3.837000000000000133e-03 8.876039999999999486e-01 -4.606060000000000154e-01 1.154000000000000078e-03
2.000000000000000000e+01 2.400000000000000000e+01 9.000000000000000000e+00 0.000000000000000000e+00 1.600000000000000089e+00 -3.181999999999999933e-03 -1.197999999999999933e-02 -9.999230000000000063e-01 4.620770000000000155e-01 8.867570000000000174e-01 -1.209499999999999985e-02 8.868340000000000112e-01 -4.620799999999999907e-01 2.713999999999999833e-03
2.700000000000000000e+01 2.400000000000000000e+01 9.000000000000000000e+00 0.000000000000000000e+00 1.600000000000000089e+00 1.670000000000000043e-03 -1.420999999999999954e-03 -9.999980000000000535e-01 4.637009999999999743e-01 8.859909999999999730e-01 -4.850000000000000253e-04 8.859900000000000553e-01 -4.636989999999999723e-01 2.138999999999999842e-03
1.100000000000000000e+01 1.020000000000000000e+02 9.000000000000000000e+00 0.000000000000000000e+00 1.600000000000000089e+00 -8.620000000000000275e-04 7.860999999999999932e-03 9.999689999999999968e-01 9.223689999999999944e-01 3.863039999999999807e-01 -2.242000000000000069e-03 -3.863090000000000135e-01 9.223379999999999912e-01 -7.583999999999999596e-03
2.000000000000000000e+00 3.500000000000000000e+01 1.200000000000000000e+01 0.000000000000000000e+00 1.600000000000000089e+00 2.445000000000000125e-03 -6.447999999999999739e-03 -9.999759999999999760e-01 4.589579999999999771e-01 -8.884309999999999707e-01 6.851000000000000319e-03 -8.884539999999999660e-01 -4.589639999999999831e-01 7.870000000000000476e-04
8.000000000000000000e+00 3.500000000000000000e+01 1.200000000000000000e+01 0.000000000000000000e+00 1.600000000000000089e+00 1.168999999999999900e-03 -6.734000000000000402e-03 -9.999770000000000048e-01 4.495640000000000192e-01 -8.932240000000000180e-01 6.540999999999999939e-03 -8.932470000000000132e-01 -4.495609999999999884e-01 1.982999999999999954e-03
1.500000000000000000e+01 3.500000000000000000e+01 1.200000000000000000e+01 0.000000000000000000e+00 1.600000000000000089e+00 -1.809999999999999977e-03 1.582000000000000073e-03 -9.999970000000000248e-01 4.409890000000000199e-01 -8.975100000000000300e-01 -2.217999999999999920e-03 -8.975109999999999477e-01 -4.409919999999999951e-01 9.269999999999999811e-04
2.200000000000000000e+01 3.500000000000000000e+01 1.200000000000000000e+01 0.000000000000000000e+00 1.600000000000000089e+00 5.670000000000000127e-04 -6.440000000000000412e-04 -1.000000000000000000e+00 4.532089999999999730e-01 -8.914039999999999742e-01 8.310000000000000329e-04 -8.914039999999999742e-01 -4.532089999999999730e-01 -2.139999999999999975e-04
2.600000000000000000e+01 3.500000000000000000e+01 1.200000000000000000e+01 0.000000000000000000e+00 1.600000000000000089e+00 -3.080999999999999971e-03 -4.274000000000000021e-03 -9.999860000000000415e-01 4.564179999999999904e-01 -8.897620000000000529e-01 2.396999999999999825e-03 -8.897599999999999953e-01 -4.564039999999999764e-01 4.691999999999999990e-03
2.900000000000000000e+01 3.500000000000000000e+01 1.200000000000000000e+01 0.000000000000000000e+00 1.600000000000000089e+00 -2.792000000000000211e-03 -1.206999999999999957e-03 -9.999949999999999672e-01 4.609829999999999761e-01 -8.874090000000000034e-01 -2.159999999999999919e-04 -8.874049999999999994e-01 -4.609809999999999741e-01 3.033999999999999805e-03
5.000000000000000000e+00 4.000000000000000000e+00 1.300000000000000000e+01 0.000000000000000000e+00 1.600000000000000089e+00 8.229999999999999469e-04 -2.201889999999999958e-01 9.754570000000000185e-01 -1.040350000000000025e-01 9.701450000000000351e-01 2.190779999999999950e-01 -9.945730000000000404e-01 -1.016620000000000024e-01 -2.210900000000000018e-02
3.000000000000000000e+00 1.200000000000000000e+01 1.500000000000000000e+01 0.000000000000000000e+00 1.600000000000000089e+00 1.317999999999999944e-03 4.820000000000000066e-04 -9.999989999999999712e-01 -4.671799999999999842e-01 -8.841620000000000035e-01 -1.041999999999999958e-03 -8.841609999999999747e-01 4.671810000000000129e-01 -9.399999999999999719e-04
1.400000000000000000e+01 1.200000000000000000e+01 1.500000000000000000e+01 0.000000000000000000e+00 1.600000000000000089e+00 1.897999999999999948e-03 2.750999999999999973e-03 -9.999940000000000495e-01 -4.701670000000000016e-01 -8.825709999999999944e-01 -3.320000000000000034e-03 -8.825749999999999984e-01 4.701710000000000056e-01 -3.820000000000000153e-04
1.900000000000000000e+01 1.200000000000000000e+01 1.500000000000000000e+01 0.000000000000000000e+00 1.600000000000000089e+00 2.910000000000000260e-04 8.925999999999999907e-03 -9.999599999999999600e-01 -4.708209999999999895e-01 -8.821919999999999762e-01 -8.012000000000000025e-03 -8.822290000000000409e-01 4.708040000000000003e-01 3.945999999999999855e-03
2.400000000000000000e+01 1.200000000000000000e+01 1.500000000000000000e+01 0.000000000000000000e+00 1.600000000000000089e+00 -2.910000000000000260e-04 3.742999999999999799e-03 -9.999930000000000208e-01 -4.711929999999999730e-01 -8.820249999999999480e-01 -3.164000000000000146e-03 -8.820299999999999807e-01 4.711879999999999957e-01 2.020000000000000094e-03
9.000000000000000000e+00 1.160000000000000000e+02 1.600000000000000000e+01 0.000000000000000000e+00 1.600000000000000089e+00 -3.079999999999999839e-03 -3.566000000000000159e-03 9.999890000000000168e-01 6.926149999999999807e-01 7.212920000000000442e-01 4.704999999999999981e-03 -7.213000000000000522e-01 6.926219999999999599e-01 2.480000000000000108e-04
2.300000000000000000e+01 1.160000000000000000e+02 1.600000000000000000e+01 0.000000000000000000e+00 1.600000000000000089e+00 -5.249999999999999676e-04 1.948000000000000079e-03 9.999980000000000535e-01 6.585339999999999527e-01 7.525500000000000522e-01 -1.119999999999999902e-03 -7.525509999999999700e-01 6.585320000000000062e-01 -1.677000000000000105e-03
2.900000000000000000e+01 1.160000000000000000e+02 1.600000000000000000e+01 0.000000000000000000e+00 1.600000000000000089e+00 -3.080000000000000055e-04 -4.514999999999999916e-03 9.999900000000000455e-01 6.670369999999999910e-01 7.450160000000000116e-01 3.569000000000000124e-03 -7.450250000000000483e-01 6.670310000000000406e-01 2.782999999999999884e-03
1.100000000000000000e+01 2.000000000000000000e+00 1.900000000000000000e+01 0.000000000000000000e+00 1.600000000000000089e+00 -8.496000000000000080e-03 1.292699999999999926e-02 -9.998799999999999910e-01 2.094280000000000030e-01 -9.777179999999999760e-01 -1.442000000000000053e-02 -9.777869999999999617e-01 -2.095249999999999890e-01 5.599999999999999943e-03
1.400000000000000000e+01 2.000000000000000000e+00 1.900000000000000000e+01 0.000000000000000000e+00 1.600000000000000089e+00 -1.428999999999999932e-03 5.904000000000000394e-03 -9.999820000000000375e-01 2.076919999999999877e-01 -9.781750000000000167e-01 -6.072000000000000140e-03 -9.781929999999999792e-01 -2.076969999999999927e-01 1.720000000000000066e-04
2.100000000000000000e+01 2.000000000000000000e+00 1.900000000000000000e+01 0.000000000000000000e+00 1.600000000000000089e+00 5.368999999999999641e-03 -5.518000000000000335e-03 -9.999700000000000255e-01 1.966809999999999947e-01 -9.804460000000000397e-01 6.466999999999999658e-03 -9.804530000000000189e-01 -1.967089999999999950e-01 -4.179000000000000423e-03
2.400000000000000000e+01 2.000000000000000000e+00 1.900000000000000000e+01 0.000000000000000000e+00 1.600000000000000089e+00 5.204000000000000292e-03 -6.454999999999999800e-03 -9.999660000000000215e-01 1.978800000000000003e-01 -9.801990000000000425e-01 7.357999999999999957e-03 -9.802119999999999722e-01 -1.979120000000000046e-01 -3.823000000000000009e-03
2.900000000000000000e+01 2.000000000000000000e+00 1.900000000000000000e+01 0.000000000000000000e+00 1.600000000000000089e+00 3.924999999999999670e-03 -1.468000000000000034e-02 -9.998839999999999950e-01 2.013290000000000080e-01 -9.794059999999999988e-01 1.516999999999999946e-02 -9.795160000000000533e-01 -2.013649999999999884e-01 -8.880000000000000089e-04
6.000000000000000000e+00 1.300000000000000000e+01 2.000000000000000000e+01 0.000000000000000000e+00 1.600000000000000089e+00 -7.439999999999999782e-04 -5.231999999999999672e-03 9.999860000000000415e-01 2.478100000000000025e-01 9.687949999999999617e-01 5.253999999999999990e-03 -9.688080000000000025e-01 2.478100000000000025e-01 5.760000000000000146e-04
1.600000000000000000e+01 1.300000000000000000e+01 2.000000000000000000e+01 0.000000000000000000e+00 1.600000000000000089e+00 3.429999999999999889e-04 1.667999999999999995e-03 9.999980000000000535e-01 2.473309999999999953e-01 9.689299999999999580e-01 -1.701000000000000038e-03 -9.689309999999999867e-01 2.473309999999999953e-01 -8.000000000000000654e-05
2.600000000000000000e+01 1.300000000000000000e+01 2.000000000000000000e+01 0.000000000000000000e+00 1.600000000000000089e+00 2.190000000000000106e-04 3.950000000000000061e-04 1.000000000000000000e+00 2.556260000000000199e-01 9.667759999999999687e-01 -4.380000000000000213e-04 -9.667759999999999687e-01 2.556260000000000199e-01 1.100000000000000039e-04
5.000000000000000000e+00 1.600000000000000000e+01 2.100000000000000000e+01 0.000000000000000000e+00 1.600000000000000089e+00 -1.366000000000000027e-03 -6.124000000000000103e-03 9.999799999999999800e-01 2.985999999999999766e-01 9.543580000000000396e-01 6.252999999999999878e-03 -9.543779999999999486e-01 2.986019999999999786e-01 5.249999999999999676e-04
2.300000000000000000e+01 1.600000000000000000e+01 2.100000000000000000e+01 0.000000000000000000e+00 1.600000000000000089e+00 8.630000000000000518e-04 7.409999999999999920e-03 9.999719999999999720e-01 3.008480000000000043e-01 9.536440000000000472e-01 -7.327000000000000179e-03 -9.536719999999999642e-01 3.008460000000000023e-01 -1.405999999999999915e-03
3.000000000000000000e+00 5.000000000000000000e+01 2.200000000000000000e+01 0.000000000000000000e+00 1.600000000000000089e+00 1.154999999999999994e-03 -1.631999999999999987e-03 -9.999980000000000535e-01 -5.808440000000000270e-01 8.140119999999999578e-01 -1.998999999999999909e-03 8.140140000000000153e-01 5.808449999999999447e-01 -6.999999999999999895e-06
2.000000000000000000e+00 4.600000000000000000e+01 2.700000000000000000e+01 0.000000000000000000e+00 1.600000000000000089e+00 -1.892000000000000019e-03 -1.126999999999999964e-03 -9.999980000000000535e-01 6.608650000000000357e-01 7.505020000000000024e-01 -2.096000000000000207e-03 7.505030000000000312e-01 -6.608669999999999822e-01 -6.759999999999999516e-04
9.000000000000000000e+00 4.600000000000000000e+01 2.700000000000000000e+01 0.000000000000000000e+00 1.600000000000000089e+00 -2.079999999999999818e-03 -8.859999999999999603e-04 -9.999970000000000248e-01 6.587589999999999835e-01 7.523520000000000207e-01 -2.036000000000000049e-03 7.523520000000000207e-01 -6.587610000000000410e-01 -9.810000000000001011e-04
1.500000000000000000e+01 4.600000000000000000e+01 2.700000000000000000e+01 0.000000000000000000e+00 1.600000000000000089e+00 -4.090000000000000211e-04 8.689999999999999808e-04 -1.000000000000000000e+00 6.575250000000000261e-01 7.534319999999999906e-01 3.860000000000000041e-04 7.534319999999999906e-01 -6.575250000000000261e-01 -8.800000000000000313e-04
2.100000000000000000e+01 4.600000000000000000e+01 2.700000000000000000e+01 0.000000000000000000e+00 1.600000000000000089e+00 -1.242999999999999964e-03 6.620000000000000450e-04 -9.999989999999999712e-01 6.565950000000000397e-01 7.542429999999999968e-01 -3.170000000000000075e-04 7.542419999999999680e-01 -6.565950000000000397e-01 -1.371999999999999956e-03
2.600000000000000000e+01 4.600000000000000000e+01 3.000000000000000000e+01 0.000000000000000000e+00 1.600000000000000089e+00 -1.079999999999999960e-04 -3.469999999999999777e-04 -1.000000000000000000e+00 3.288050000000000139e-01 9.443979999999999597e-01 -3.629999999999999872e-04 9.443979999999999597e-01 -3.288050000000000139e-01 1.200000000000000030e-05
3.000000000000000000e+00 5.800000000000000000e+01 3.100000000000000000e+01 0.000000000000000000e+00 1.600000000000000089e+00 3.959999999999999762e-04 1.845000000000000069e-03 9.999980000000000535e-01 -7.651829999999999465e-01 -6.438110000000000221e-01 1.490999999999999921e-03 6.438120000000000509e-01 -7.651829999999999465e-01 1.157000000000000042e-03
6.000000000000000000e+00 5.800000000000000000e+01 3.100000000000000000e+01 0.000000000000000000e+00 1.600000000000000089e+00 4.829999999999999767e-04 4.389999999999999914e-04 1.000000000000000000e+00 -7.632860000000000200e-01 -6.460609999999999964e-01 6.520000000000000188e-04 6.460609999999999964e-01 -7.632860000000000200e-01 2.300000000000000002e-05
1.200000000000000000e+01 5.800000000000000000e+01 3.100000000000000000e+01 0.000000000000000000e+00 1.600000000000000089e+00 -7.825000000000000358e-03 -2.892000000000000039e-03 9.999649999999999928e-01 -7.614659999999999762e-01 -6.481580000000000119e-01 -7.832999999999999685e-03 6.481580000000000119e-01 -7.615009999999999835e-01 2.870000000000000155e-03
1.700000000000000000e+01 5.800000000000000000e+01 3.100000000000000000e+01 0.000000000000000000e+00 1.600000000000000089e+00 -2.380000000000000117e-04 1.216999999999999983e-03 9.999989999999999712e-01 -7.640449999999999742e-01 -6.451630000000000420e-01 6.030000000000000204e-04 6.451630000000000420e-01 -7.640439999999999454e-01 1.083999999999999894e-03
2.300000000000000000e+01 5.800000000000000000e+01 3.100000000000000000e+01 0.000000000000000000e+00 1.600000000000000089e+00 2.560999999999999908e-03 -2.975000000000000214e-03 9.999919999999999920e-01 -7.655300000000000438e-01 -6.434010000000000007e-01 4.600000000000000004e-05 6.433959999999999679e-01 -7.655239999999999823e-01 -3.924999999999999670e-03
1.000000000000000000e+00 4.600000000000000000e+01 3.500000000000000000e+01 0.000000000000000000e+00 1.600000000000000089e+00 -9.629999999999999888e-04 9.376000000000000653e-03 -9.999559999999999560e-01 3.856829999999999981e-01 -9.225870000000000459e-01 -9.022000000000000505e-03 -9.226309999999999789e-01 -3.856740000000000168e-01 -2.726999999999999823e-03
9.000000000000000000e+00 4.600000000000000000e+01 3.500000000000000000e+01 0.000000000000000000e+00 1.600000000000000089e+00 7.119999999999999593e-04 -3.510000000000000208e-04 -1.000000000000000000e+00 3.859090000000000020e-01 -9.225370000000000514e-01 5.990000000000000316e-04 -9.225360000000000227e-01 -3.859099999999999753e-01 -5.209999999999999788e-04
1.700000000000000000e+01 4.600000000000000000e+01 3.500000000000000000e+01 0.000000000000000000e+00 1.600000000000000089e+00 5.240000000000000517e-04 -1.874999999999999931e-03 -9.999980000000000535e-01 3.866080000000000072e-01 -9.222420000000000062e-01 1.931999999999999907e-03 -9.222439999999999527e-01 -3.866080000000000072e-01 2.420000000000000005e-04
1.900000000000000000e+01 4.600000000000000000e+01 3.500000000000000000e+01 0.000000000000000000e+00 1.600000000000000089e+00 3.229999999999999907e-04 1.965999999999999866e-03 -9.999980000000000535e-01 3.863929999999999865e-01 -9.223329999999999584e-01 -1.688000000000000047e-03 -9.223339999999999872e-01 -3.863920000000000132e-01 -1.057999999999999913e-03
2.300000000000000000e+01 4.600000000000000000e+01 3.500000000000000000e+01 0.000000000000000000e+00 1.600000000000000089e+00 3.249999999999999851e-04 -6.440000000000000412e-04 -1.000000000000000000e+00 3.860129999999999950e-01 -9.224930000000000074e-01 7.190000000000000210e-04 -9.224930000000000074e-01 -3.860129999999999950e-01 -5.099999999999999960e-05
2.900000000000000000e+01 4.600000000000000000e+01 3.500000000000000000e+01 0.000000000000000000e+00 1.600000000000000089e+00 -2.489999999999999809e-04 -2.337000000000000102e-03 -9.999970000000000248e-01 3.846319999999999739e-01 -9.230679999999999996e-01 2.060999999999999898e-03 -9.230699999999999461e-01 -3.846300000000000274e-01 1.129000000000000012e-03
2.000000000000000000e+00 9.500000000000000000e+01 3.600000000000000000e+01 0.000000000000000000e+00 1.600000000000000089e+00 -2.000000000000000042e-03 1.680500000000000049e-02 9.998569999999999958e-01 9.973060000000000258e-01 7.334699999999999553e-02 7.619999999999999820e-04 -7.332400000000000029e-02 9.971649999999999681e-01 -1.690600000000000089e-02
1.000000000000000000e+01 9.500000000000000000e+01 3.600000000000000000e+01 0.000000000000000000e+00 1.600000000000000089e+00 -1.275000000000000092e-03 -2.627600000000000074e-02 9.996540000000000425e-01 9.976089999999999680e-01 6.904399999999999427e-02 3.086999999999999900e-03 -6.910099999999999576e-02 9.972670000000000146e-01 2.612499999999999892e-02
2.000000000000000000e+01 9.500000000000000000e+01 3.600000000000000000e+01 0.000000000000000000e+00 1.600000000000000089e+00 -5.010000000000000347e-04 3.380000000000000192e-03 9.999940000000000495e-01 9.976890000000000480e-01 6.794200000000000239e-02 2.700000000000000035e-04 -6.794000000000000039e-02 9.976840000000000153e-01 -3.406999999999999872e-03
2.300000000000000000e+01 9.500000000000000000e+01 3.600000000000000000e+01 0.000000000000000000e+00 1.600000000000000089e+00 4.315000000000000259e-03 7.943999999999999673e-03 9.999590000000000423e-01 9.974229999999999485e-01 7.157900000000000373e-02 -4.871999999999999595e-03 -7.161399999999999710e-02 9.974030000000000395e-01 -7.615000000000000241e-03
1.000000000000000000e+00 3.000000000000000000e+00 4.300000000000000000e+01 0.000000000000000000e+00 1.600000000000000089e+00 2.593999999999999952e-03 1.212000000000000056e-02 -9.999230000000000063e-01 7.370830000000000437e-01 -6.757729999999999571e-01 -6.278999999999999859e-03 -6.757969999999999811e-01 -7.370100000000000540e-01 -1.068700000000000032e-02
7.000000000000000000e+00 3.000000000000000000e+00 4.300000000000000000e+01 0.000000000000000000e+00 1.600000000000000089e+00 -6.130000000000000466e-04 6.760999999999999649e-03 -9.999770000000000048e-01 7.385490000000000110e-01 -6.741810000000000302e-01 -5.010999999999999829e-03 -6.742000000000000215e-01 -7.385350000000000525e-01 -4.579999999999999870e-03
1.600000000000000000e+01 3.000000000000000000e+00 4.300000000000000000e+01 0.000000000000000000e+00 1.600000000000000089e+00 6.930000000000000396e-04 3.184999999999999897e-03 -9.999949999999999672e-01 7.362520000000000175e-01 -6.767050000000000010e-01 -1.644999999999999978e-03 -6.767069999999999474e-01 -7.362469999999999848e-01 -2.814000000000000095e-03
2.100000000000000000e+01 3.000000000000000000e+00 4.300000000000000000e+01 0.000000000000000000e+00 1.600000000000000089e+00 -1.281999999999999936e-03 -6.152999999999999615e-03 -9.999799999999999800e-01 7.393729999999999469e-01 -6.732879999999999976e-01 3.194999999999999923e-03 -6.732949999999999768e-01 -7.393539999999999557e-01 5.413000000000000277e-03
5.000000000000000000e+00 8.000000000000000000e+00 4.400000000000000000e+01 0.000000000000000000e+00 1.600000000000000089e+00 1.324000000000000090e-03 2.884999999999999978e-03 9.999949999999999672e-01 -7.813489999999999602e-01 -6.240869999999999473e-01 2.834999999999999847e-03 6.240919999999999801e-01 -7.813489999999999602e-01 1.428999999999999932e-03
9.000000000000000000e+00 8.000000000000000000e+00 4.400000000000000000e+01 0.000000000000000000e+00 1.600000000000000089e+00 2.677999999999999825e-03 4.085000000000000089e-03 9.999879999999999880e-01 -7.836980000000000057e-01 -6.211240000000000094e-01 4.636000000000000364e-03 6.211360000000000214e-01 -7.837009999999999810e-01 1.538000000000000088e-03
1.100000000000000000e+01 8.000000000000000000e+00 4.400000000000000000e+01 0.000000000000000000e+00 1.600000000000000089e+00 2.150000000000000001e-03 4.196000000000000077e-03 9.999890000000000168e-01 -7.826300000000000479e-01 -6.224720000000000253e-01 4.295000000000000207e-03 6.224830000000000085e-01 -7.826309999999999656e-01 1.946000000000000030e-03
4.000000000000000000e+00 2.900000000000000000e+01 4.400000000000000000e+01 0.000000000000000000e+00 1.600000000000000089e+00 -4.500000000000000283e-05 -4.690000000000000158e-04 -1.000000000000000000e+00 6.718750000000000000e-01 7.406639999999999890e-01 -3.780000000000000265e-04 7.406639999999999890e-01 -6.718750000000000000e-01 2.820000000000000241e-04
1.300000000000000000e+01 2.900000000000000000e+01 4.400000000000000000e+01 0.000000000000000000e+00 1.600000000000000089e+00 7.370000000000000249e-04 -1.410000000000000012e-03 -9.999989999999999712e-01 6.723179999999999712e-01 7.402619999999999756e-01 -5.479999999999999845e-04 7.402619999999999756e-01 -6.723170000000000535e-01 1.494000000000000102e-03
1.900000000000000000e+01 2.900000000000000000e+01 4.400000000000000000e+01 0.000000000000000000e+00 1.600000000000000089e+00 -6.459999999999999814e-04 -1.905000000000000009e-03 -9.999980000000000535e-01 6.733999999999999986e-01 7.392760000000000442e-01 -1.843000000000000020e-03 7.392779999999999907e-01 -6.733999999999999986e-01 8.059999999999999673e-04
2.300000000000000000e+01 2.900000000000000000e+01 4.400000000000000000e+01 0.000000000000000000e+00 1.600000000000000089e+00 -1.797999999999999902e-03 3.240000000000000150e-04 -9.999980000000000535e-01 6.707859999999999934e-01 7.416500000000000314e-01 -9.659999999999999533e-04 7.416490000000000027e-01 -6.707859999999999934e-01 -1.551000000000000078e-03
2.700000000000000000e+01 2.900000000000000000e+01 4.400000000000000000e+01 0.000000000000000000e+00 1.600000000000000089e+00 1.448999999999999984e-03 2.027000000000000156e-03 -9.999970000000000248e-01 6.726579999999999782e-01 7.399489999999999679e-01 2.475000000000000203e-03 7.399520000000000541e-01 -6.726600000000000357e-01 -2.910000000000000260e-04
3.000000000000000000e+00 6.000000000000000000e+00 5.100000000000000000e+01 0.000000000000000000e+00 1.600000000000000089e+00 -4.040000000000000080e-04 9.709999999999999664e-04 -9.999989999999999712e-01 3.317269999999999941e-01 -9.433749999999999636e-01 -1.049999999999999935e-03 -9.433749999999999636e-01 -3.317280000000000229e-01 5.899999999999999754e-05
2.200000000000000000e+01 6.000000000000000000e+00 5.100000000000000000e+01 0.000000000000000000e+00 1.600000000000000089e+00 -5.959999999999999586e-04 4.289000000000000278e-03 -9.999909999999999632e-01 3.193509999999999960e-01 -9.476269999999999971e-01 -4.253999999999999969e-03 -9.476360000000000339e-01 -3.193500000000000227e-01 -8.050000000000000515e-04
1.700000000000000000e+01 7.000000000000000000e+00 5.200000000000000000e+01 0.000000000000000000e+00 1.600000000000000089e+00 4.339999999999999782e-04 -3.831000000000000204e-03 -9.999930000000000208e-01 1.196910000000000057e-01 -9.928040000000000198e-01 3.854999999999999920e-03 -9.928109999999999991e-01 -1.196920000000000067e-01 2.799999999999999958e-05
3.000000000000000000e+00 6.300000000000000000e+01 5.400000000000000000e+01 0.000000000000000000e+00 1.600000000000000089e+00 1.727999999999999935e-03 -8.019999999999999785e-04 9.999980000000000535e-01 -3.492009999999999836e-01 9.370469999999999633e-01 1.355000000000000085e-03 -9.370460000000000456e-01 -3.492029999999999856e-01 1.338999999999999913e-03
5.000000000000000000e+00 6.300000000000000000e+01 5.400000000000000000e+01 0.000000000000000000e+00 1.600000000000000089e+00 1.580000000000000024e-03 -3.069999999999999812e-04 9.999989999999999712e-01 -3.478800000000000225e-01 9.375390000000000112e-01 8.379999999999999862e-04 -9.375379999999999825e-01 -3.478809999999999958e-01 1.374000000000000004e-03
9.000000000000000000e+00 6.300000000000000000e+01 5.400000000000000000e+01 0.000000000000000000e+00 1.600000000000000089e+00 5.890000000000000053e-04 3.099999999999999999e-04 1.000000000000000000e+00 -3.476429999999999798e-01 9.376269999999999882e-01 -8.600000000000000331e-05 -9.376269999999999882e-01 -3.476429999999999798e-01 6.599999999999999964e-04
1.300000000000000000e+01 6.300000000000000000e+01 5.400000000000000000e+01 0.000000000000000000e+00 1.600000000000000089e+00 1.378000000000000102e-03 8.260000000000000198e-04 9.999989999999999712e-01 -3.517930000000000224e-01 9.360779999999999657e-01 -2.880000000000000073e-04 -9.360770000000000479e-01 -3.517919999999999936e-01 1.580000000000000024e-03
1.700000000000000000e+01 6.300000000000000000e+01 5.400000000000000000e+01 0.000000000000000000e+00 1.600000000000000089e+00 9.269999999999999811e-04 -2.961999999999999789e-03 9.999949999999999672e-01 -3.584570000000000256e-01 9.335409999999999542e-01 3.096999999999999927e-03 -9.335459999999999869e-01 -3.584579999999999989e-01 -1.959999999999999937e-04
2.200000000000000000e+01 6.300000000000000000e+01 5.400000000000000000e+01 0.000000000000000000e+00 1.600000000000000089e+00 -3.820000000000000153e-04 8.940000000000000464e-04 1.000000000000000000e+00 -3.594410000000000105e-01 9.331669999999999687e-01 -9.709999999999999664e-04 -9.331679999999999975e-01 -3.594419999999999837e-01 -3.499999999999999693e-05
2.500000000000000000e+01 6.300000000000000000e+01 5.400000000000000000e+01 0.000000000000000000e+00 1.600000000000000089e+00 -1.667999999999999995e-03 4.739999999999999747e-04 9.999989999999999712e-01 -3.547690000000000010e-01 9.349530000000000340e-01 -1.033999999999999980e-03 -9.349520000000000053e-01 -3.547699999999999743e-01 -1.392000000000000008e-03
4.000000000000000000e+00 2.500000000000000000e+01 5.500000000000000000e+01 0.000000000000000000e+00 1.600000000000000089e+00 1.822999999999999968e-03 -3.841999999999999929e-03 -9.999909999999999632e-01 -1.135500000000000051e-02 -9.999280000000000390e-01 3.821000000000000178e-03 -9.999339999999999895e-01 1.134800000000000045e-02 -1.866999999999999953e-03
9.000000000000000000e+00 2.500000000000000000e+01 5.500000000000000000e+01 0.000000000000000000e+00 1.600000000000000089e+00 -6.629999999999999609e-04 3.690000000000000246e-04 -1.000000000000000000e+00 -1.155600000000000030e-02 -9.999329999999999607e-01 -3.609999999999999928e-04 -9.999329999999999607e-01 1.155600000000000030e-02 6.669999999999999497e-04
1.300000000000000000e+01 2.500000000000000000e+01 5.500000000000000000e+01 0.000000000000000000e+00 1.600000000000000089e+00 -9.359999999999999831e-04 4.749999999999999990e-04 -9.999989999999999712e-01 -1.161500000000000032e-02 -9.999320000000000430e-01 -4.640000000000000027e-04 -9.999320000000000430e-01 1.161399999999999932e-02 9.409999999999999962e-04
1.800000000000000000e+01 2.500000000000000000e+01 5.500000000000000000e+01 0.000000000000000000e+00 1.600000000000000089e+00 -4.260000000000000006e-04 9.340000000000000429e-04 -9.999989999999999712e-01 -1.157900000000000075e-02 -9.999329999999999607e-01 -9.290000000000000297e-04 -9.999329999999999607e-01 1.157900000000000075e-02 4.369999999999999970e-04
2.100000000000000000e+01 2.500000000000000000e+01 5.500000000000000000e+01 0.000000000000000000e+00 1.600000000000000089e+00 8.549999999999999658e-04 1.087999999999999991e-03 -9.999989999999999712e-01 -1.221799999999999969e-02 -9.999249999999999527e-01 -1.098000000000000018e-03 -9.999249999999999527e-01 1.221900000000000069e-02 -8.419999999999999750e-04
2.700000000000000000e+01 2.500000000000000000e+01 5.500000000000000000e+01 0.000000000000000000e+00 1.600000000000000089e+00 1.263999999999999933e-03 1.503999999999999912e-03 -9.999980000000000535e-01 -1.382399999999999948e-02 -9.999029999999999863e-01 -1.521999999999999915e-03 -9.999040000000000150e-01 1.382599999999999975e-02 -1.242999999999999964e-03
1.100000000000000000e+01 6.800000000000000000e+01 5.700000000000000000e+01 0.000000000000000000e+00 1.600000000000000089e+00 2.730000000000000222e-04 -2.995999999999999965e-03 -9.999949999999999672e-01 -2.446810000000000096e-01 -9.695989999999999887e-01 2.837999999999999811e-03 -9.696040000000000214e-01 2.446790000000000076e-01 -9.979999999999999722e-04
1.800000000000000000e+01 6.800000000000000000e+01 5.700000000000000000e+01 0.000000000000000000e+00 1.600000000000000089e+00 1.704999999999999918e-03 -4.657999999999999814e-03 -9.999879999999999880e-01 -2.444860000000000089e-01 -9.696439999999999504e-01 4.100000000000000346e-03 -9.696510000000000407e-01 2.444759999999999989e-01 -2.792000000000000211e-03
4.000000000000000000e+00 2.100000000000000000e+01 6.000000000000000000e+01 0.000000000000000000e+00 1.600000000000000089e+00 -6.250000000000000130e-04 -3.359000000000000007e-03 9.999940000000000495e-01 -9.775499999999999468e-02 9.952050000000000063e-01 3.282000000000000195e-03 -9.952100000000000390e-01 -9.775300000000000655e-02 -9.499999999999999981e-04
9.000000000000000000e+00 2.100000000000000000e+01 6.000000000000000000e+01 0.000000000000000000e+00 1.600000000000000089e+00 -9.200000000000000007e-05 4.655000000000000283e-03 9.999890000000000168e-01 -9.743100000000000371e-02 9.952309999999999768e-01 -4.642000000000000293e-03 -9.952419999999999600e-01 -9.743000000000000271e-02 3.620000000000000171e-04
7.000000000000000000e+00 6.000000000000000000e+00 6.100000000000000000e+01 0.000000000000000000e+00 1.600000000000000089e+00 4.067000000000000302e-03 -3.027000000000000177e-03 9.999869999999999592e-01 5.686120000000000063e-01 -8.225919999999999899e-01 -4.801999999999999845e-03 8.225959999999999939e-01 5.686240000000000183e-01 -1.624999999999999925e-03
2.000000000000000000e+00 3.000000000000000000e+00 6.300000000000000000e+01 0.000000000000000000e+00 1.600000000000000089e+00 -3.098000000000000059e-03 2.000000000000000096e-04 9.999949999999999672e-01 -6.189489999999999714e-01 7.854280000000000150e-01 -2.075000000000000022e-03 -7.854250000000000398e-01 -6.189519999999999467e-01 -2.308999999999999855e-03
1.500000000000000000e+01 3.000000000000000000e+00 6.300000000000000000e+01 0.000000000000000000e+00 1.600000000000000089e+00 2.625999999999999862e-03 -3.374999999999999962e-03 9.999909999999999632e-01 -6.159080000000000110e-01 7.878060000000000063e-01 4.276000000000000287e-03 -7.878140000000000143e-01 -6.159139999999999615e-01 -1.000000000000000082e-05
3.000000000000000000e+00 2.700000000000000000e+01 6.300000000000000000e+01 0.000000000000000000e+00 1.600000000000000089e+00 2.880000000000000073e-04 -2.289999999999999935e-03 9.999970000000000248e-01 -2.732169999999999876e-01 9.619499999999999718e-01 2.281000000000000041e-03 -9.619520000000000293e-01 -2.732169999999999876e-01 -3.490000000000000263e-04
8.000000000000000000e+00 2.700000000000000000e+01 6.300000000000000000e+01 0.000000000000000000e+00 1.600000000000000089e+00 -1.051999999999999984e-03 -3.710000000000000190e-04 9.999989999999999712e-01 -2.732749999999999901e-01 9.619360000000000133e-01 6.899999999999999667e-05 -9.619349999999999845e-01 -2.732749999999999901e-01 -1.113000000000000057e-03
1.300000000000000000e+01 2.700000000000000000e+01 6.300000000000000000e+01 0.000000000000000000e+00 1.600000000000000089e+00 1.144000000000000052e-03 -3.487000000000000082e-03 9.999930000000000208e-01 -2.753120000000000012e-01 9.613479999999999803e-01 3.667999999999999820e-03 -9.613540000000000418e-01 -2.753149999999999764e-01 1.399999999999999877e-04
2.000000000000000000e+01 2.700000000000000000e+01 6.300000000000000000e+01 0.000000000000000000e+00 1.600000000000000089e+00 2.122999999999999887e-03 -2.601000000000000013e-03 9.999940000000000495e-01 -2.718389999999999973e-01 9.623380000000000267e-01 3.079999999999999839e-03 -9.623399999999999732e-01 -2.718439999999999745e-01 1.335999999999999948e-03
2.700000000000000000e+01 2.700000000000000000e+01 6.300000000000000000e+01 0.000000000000000000e+00 1.600000000000000089e+00 -1.825999999999999932e-03 4.113999999999999602e-03 9.999900000000000455e-01 -2.734039999999999804e-01 9.618889999999999940e-01 -4.457000000000000024e-03 -9.618980000000000308e-01 -2.734090000000000131e-01 -6.310000000000000504e-04
3.000000000000000000e+00 2.600000000000000000e+01 6.400000000000000000e+01 0.000000000000000000e+00 1.600000000000000089e+00 1.230000000000000082e-04 -3.946999999999999988e-03 9.999919999999999920e-01 -3.545969999999999955e-01 9.350119999999999543e-01 3.733999999999999906e-03 -9.350190000000000445e-01 -3.545940000000000203e-01 -1.283999999999999985e-03
8.000000000000000000e+00 2.600000000000000000e+01 6.400000000000000000e+01 0.000000000000000000e+00 1.600000000000000089e+00 -7.990000000000000140e-04 7.529999999999999801e-04 9.999989999999999712e-01 -3.566759999999999931e-01 9.342270000000000296e-01 -9.890000000000000787e-04 -9.342279999999999474e-01 -3.566770000000000218e-01 -4.780000000000000178e-04
1.400000000000000000e+01 2.600000000000000000e+01 6.400000000000000000e+01 0.000000000000000000e+00 1.600000000000000089e+00 1.397000000000000021e-03 -1.842000000000000104e-03 9.999970000000000248e-01 -3.550619999999999887e-01 9.348400000000000043e-01 2.217999999999999920e-03 -9.348419999999999508e-01 -3.550639999999999907e-01 6.520000000000000188e-04
