2.400000000000000000e+01 1.900000000000000000e+01 5.000000000000000000e+00 0.000000000000000000e+00 1.600000000000000089e+00 2.629999999999999959e-04 -3.629999999999999872e-04 -1.000000000000000000e+00 -7.074979999999999603e-01 -7.067149999999999821e-01 7.100000000000000462e-05 -7.067149999999999821e-01 7.074979999999999603e-01 -4.429999999999999802e-04
2.800000000000000000e+01 1.900000000000000000e+01 5.000000000000000000e+00 0.000000000000000000e+00 1.600000000000000089e+00 1.110000000000000092e-03 -7.320000000000000118e-04 -9.999989999999999712e-01 -7.062619999999999454e-01 -7.079499999999999682e-01 -2.649999999999999903e-04 -7.079499999999999682e-01 7.062619999999999454e-01 -1.302999999999999905e-03
5.000000000000000000e+00 1.010000000000000000e+02 7.000000000000000000e+00 0.000000000000000000e+00 1.600000000000000089e+00 -3.628000000000000148e-03 -1.654500000000000068e-02 9.998569999999999958e-01 8.879580000000000251e-01 4.597959999999999825e-01 1.083100000000000035e-02 -4.599090000000000122e-01 8.878700000000000481e-01 1.302299999999999985e-02
7.000000000000000000e+00 1.010000000000000000e+02 7.000000000000000000e+00 0.000000000000000000e+00 1.600000000000000089e+00 -3.239999999999999825e-03 -1.860300000000000148e-02 9.998219999999999885e-01 8.890700000000000269e-01 4.576290000000000080e-01 1.139599999999999988e-02 -4.577590000000000270e-01 8.889489999999999892e-01 1.505699999999999920e-02
1.100000000000000000e+01 1.010000000000000000e+02 7.000000000000000000e+00 0.000000000000000000e+00 1.600000000000000089e+00 -3.654000000000000130e-03 -1.361300000000000010e-02 9.999010000000000398e-01 8.908150000000000235e-01 4.542680000000000051e-01 9.440000000000000474e-03 -4.543510000000000049e-01 8.907610000000000250e-01 1.046700000000000061e-02
1.600000000000000000e+01 1.010000000000000000e+02 7.000000000000000000e+00 0.000000000000000000e+00 1.600000000000000089e+00 -2.745000000000000044e-03 -1.602599999999999858e-02 9.998679999999999790e-01 8.899040000000000283e-01 4.560429999999999762e-01 9.752999999999999517e-03 -4.561390000000000167e-01 8.898139999999999938e-01 1.300899999999999973e-02
2.700000000000000000e+01 1.010000000000000000e+02 7.000000000000000000e+00 0.000000000000000000e+00 1.600000000000000089e+00 1.070999999999999903e-03 -9.175000000000000863e-03 9.999569999999999848e-01 8.882609999999999673e-01 4.593280000000000141e-01 3.262999999999999842e-03 -4.593380000000000241e-01 8.882189999999999808e-01 8.642000000000000376e-03
6.000000000000000000e+00 2.500000000000000000e+01 8.000000000000000000e+00 0.000000000000000000e+00 1.600000000000000089e+00 2.829999999999999942e-04 2.629999999999999959e-03 -9.999970000000000248e-01 4.356550000000000145e-01 9.001099999999999657e-01 2.491000000000000159e-03 9.001139999999999697e-01 -4.356539999999999857e-01 -8.909999999999999734e-04
1.100000000000000000e+01 2.500000000000000000e+01 8.000000000000000000e+00 0.000000000000000000e+00 1.600000000000000089e+00 -2.850000000000000103e-03 -1.108999999999999960e-03 -9.999949999999999672e-01 4.365200000000000191e-01 8.996920000000000472e-01 -2.242000000000000069e-03 8.996899999999999897e-01 -4.365240000000000231e-01 -2.079999999999999818e-03
1.500000000000000000e+01 2.500000000000000000e+01 8.000000000000000000e+00 0.000000000000000000e+00 1.600000000000000089e+00 -8.620000000000000275e-04 -1.415999999999999941e-03 -9.999989999999999712e-01 4.371459999999999790e-01 8.993889999999999940e-01 -1.649999999999999991e-03 8.993900000000000228e-01 -4.371470000000000078e-01 -1.559999999999999972e-04
2.400000000000000000e+01 2.500000000000000000e+01 8.000000000000000000e+00 0.000000000000000000e+00 1.600000000000000089e+00 -1.902000000000000045e-03 8.526999999999999857e-03 -9.999620000000000175e-01 4.363389999999999769e-01 8.997560000000000002e-01 6.841999999999999992e-03 8.997800000000000242e-01 -4.363090000000000024e-01 -5.432000000000000196e-03
3.000000000000000000e+01 2.500000000000000000e+01 8.000000000000000000e+00 0.000000000000000000e+00 1.600000000000000089e+00 -5.249999999999999676e-04 1.704900000000000165e-02 -9.998540000000000205e-01 4.368170000000000108e-01 8.994240000000000013e-01 1.510700000000000064e-02 8.995499999999999607e-01 -4.367449999999999943e-01 -7.919000000000000691e-03
1.800000000000000000e+01 9.000000000000000000e+00 9.000000000000000000e+00 0.000000000000000000e+00 1.600000000000000089e+00 1.611599999999999838e-02 6.760000000000000384e-03 -9.998470000000000413e-01 -9.714359999999999662e-01 -2.366729999999999945e-01 -1.725900000000000004e-02 -2.367529999999999912e-01 9.715660000000000407e-01 2.752999999999999805e-03
2.400000000000000000e+01 9.000000000000000000e+00 9.000000000000000000e+00 0.000000000000000000e+00 1.600000000000000089e+00 2.584699999999999845e-02 1.515500000000000007e-02 -9.995509999999999673e-01 -9.740240000000000009e-01 -2.246309999999999973e-01 -2.859300000000000036e-02 -2.249639999999999973e-01 9.743260000000000254e-01 8.956000000000000419e-03
2.900000000000000000e+01 9.000000000000000000e+00 9.000000000000000000e+00 0.000000000000000000e+00 1.600000000000000089e+00 2.913100000000000064e-02 9.124999999999999431e-03 -9.995340000000000336e-01 -9.815519999999999801e-01 -1.887749999999999984e-01 -3.032999999999999932e-02 -1.889629999999999921e-01 9.819780000000000175e-01 3.457000000000000003e-03
3.000000000000000000e+00 2.400000000000000000e+01 9.000000000000000000e+00 0.000000000000000000e+00 1.600000000000000089e+00 1.046000000000000055e-03 6.819000000000000408e-03 -9.999759999999999760e-01 4.427309999999999857e-01 8.966300000000000381e-01 6.577000000000000381e-03 8.966539999999999511e-01 -4.427280000000000104e-01 -2.080999999999999951e-03
1.100000000000000000e+01 2.400000000000000000e+01 9.000000000000000000e+00 0.000000000000000000e+00 1.600000000000000089e+00 -2.907999999999999995e-03 -1.449999999999999900e-03 -9.999949999999999672e-01 4.430870000000000086e-01 8.964750000000000218e-01 -2.589000000000000155e-03 8.964739999999999931e-01 -4.430930000000000146e-01 -1.964000000000000034e-03
1.500000000000000000e+01 2.400000000000000000e+01 9.000000000000000000e+00 0.000000000000000000e+00 1.600000000000000089e+00 -1.038000000000000077e-03 -9.150000000000000147e-04 -9.999989999999999712e-01 4.437769999999999770e-01 8.961360000000000436e-01 -1.280000000000000105e-03 8.961369999999999614e-01 -4.437780000000000058e-01 -5.240000000000000517e-04
2.100000000000000000e+01 2.400000000000000000e+01 9.000000000000000000e+00 0.000000000000000000e+00 1.600000000000000089e+00 -1.489000000000000089e-03 1.234999999999999987e-03 -9.999980000000000535e-01 4.438920000000000088e-01 8.960799999999999876e-01 4.459999999999999989e-04 8.960789999999999589e-01 -4.438900000000000068e-01 -1.882999999999999908e-03
2.400000000000000000e+01 2.400000000000000000e+01 9.000000000000000000e+00 0.000000000000000000e+00 1.600000000000000089e+00 -1.020999999999999989e-03 2.619999999999999933e-03 -9.999959999999999960e-01 4.425939999999999874e-01 8.967199999999999616e-01 1.897999999999999948e-03 8.967220000000000191e-01 -4.425899999999999834e-01 -2.076000000000000154e-03
1.400000000000000000e+01 8.000000000000000000e+00 1.000000000000000000e+01 0.000000000000000000e+00 1.600000000000000089e+00 1.534199999999999973e-02 -3.802999999999999957e-03 -9.998749999999999583e-01 -9.943440000000000056e-01 -1.051639999999999936e-01 -1.485700000000000041e-02 -1.050949999999999940e-01 9.944479999999999986e-01 -5.394999999999999622e-03
3.000000000000000000e+00 4.000000000000000000e+00 1.100000000000000000e+01 0.000000000000000000e+00 1.600000000000000089e+00 1.211000000000000054e-03 -2.698000000000000051e-02 9.996350000000000513e-01 1.747529999999999917e-01 -9.842480000000000118e-01 -2.677600000000000119e-02 9.846120000000000427e-01 1.747219999999999884e-01 3.523000000000000090e-03
9.000000000000000000e+00 4.000000000000000000e+00 1.100000000000000000e+01 0.000000000000000000e+00 1.600000000000000089e+00 2.301999999999999793e-03 -1.213299999999999969e-02 9.999240000000000350e-01 1.774419999999999886e-01 -9.840539999999999843e-01 -1.234900000000000060e-02 9.841290000000000315e-01 1.774570000000000036e-01 -1.119999999999999983e-04
1.500000000000000000e+01 4.000000000000000000e+00 1.100000000000000000e+01 0.000000000000000000e+00 1.600000000000000089e+00 -3.359000000000000007e-03 1.393600000000000047e-02 9.998970000000000358e-01 1.402569999999999928e-01 -9.900120000000000031e-01 1.426900000000000043e-02 9.901090000000000169e-01 1.402909999999999990e-01 1.371000000000000040e-03
1.900000000000000000e+01 4.000000000000000000e+00 1.100000000000000000e+01 0.000000000000000000e+00 1.600000000000000089e+00 -3.464000000000000065e-03 1.403300000000000033e-02 9.998960000000000070e-01 1.360510000000000053e-01 -9.905979999999999785e-01 1.437399999999999962e-02 9.906960000000000210e-01 1.360870000000000135e-01 1.521999999999999915e-03
2.400000000000000000e+01 2.900000000000000000e+01 1.300000000000000000e+01 0.000000000000000000e+00 1.600000000000000089e+00 1.804100000000000148e-02 2.701709999999999945e-01 9.626430000000000264e-01 -1.629900000000000099e-02 9.627520000000000522e-01 -2.698960000000000248e-01 -9.997040000000000370e-01 -1.082100000000000076e-02 2.177199999999999969e-02
5.000000000000000000e+00 3.200000000000000000e+01 1.400000000000000000e+01 0.000000000000000000e+00 1.600000000000000089e+00 2.689999999999999791e-04 4.704999999999999981e-03 -9.999890000000000168e-01 1.212410000000000015e-01 9.926120000000000498e-01 4.701999999999999583e-03 9.926230000000000331e-01 -1.212410000000000015e-01 -3.029999999999999924e-04
5.000000000000000000e+00 1.160000000000000000e+02 1.600000000000000000e+01 0.000000000000000000e+00 1.600000000000000089e+00 1.895999999999999899e-03 -2.030000000000000012e-04 9.999980000000000535e-01 7.006339999999999790e-01 7.135190000000000143e-01 -1.183000000000000024e-03 -7.135179999999999856e-01 7.006350000000000078e-01 1.495000000000000018e-03
2.600000000000000000e+01 1.160000000000000000e+02 1.600000000000000000e+01 0.000000000000000000e+00 1.600000000000000089e+00 9.759999999999999796e-04 3.216000000000000109e-03 9.999940000000000495e-01 7.755330000000000279e-01 6.313010000000000010e-01 -2.786999999999999981e-03 -6.313060000000000338e-01 7.755309999999999704e-01 -1.877999999999999895e-03
1.000000000000000000e+00 2.000000000000000000e+00 1.900000000000000000e+01 0.000000000000000000e+00 1.600000000000000089e+00 2.768000000000000061e-03 1.085000000000000027e-03 -9.999959999999999960e-01 3.592989999999999795e-01 -9.332219999999999960e-01 -1.800000000000000046e-05 -9.332179999999999920e-01 -3.592980000000000063e-01 -2.972999999999999948e-03
2.900000000000000000e+01 2.000000000000000000e+00 1.900000000000000000e+01 0.000000000000000000e+00 1.600000000000000089e+00 -4.779000000000000262e-03 2.609200000000000061e-02 -9.996479999999999810e-01 3.491339999999999999e-01 -9.367090000000000138e-01 -2.611799999999999886e-02 -9.370600000000000041e-01 -3.491360000000000019e-01 -4.632999999999999965e-03
6.000000000000000000e+00 3.000000000000000000e+00 1.900000000000000000e+01 0.000000000000000000e+00 1.600000000000000089e+00 2.970000000000000092e-04 3.609999999999999928e-04 -1.000000000000000000e+00 3.325110000000000010e-01 -9.430990000000000206e-01 -2.410000000000000033e-04 -9.430990000000000206e-01 -3.325110000000000010e-01 -4.000000000000000192e-04
1.000000000000000000e+01 3.000000000000000000e+00 1.900000000000000000e+01 0.000000000000000000e+00 1.600000000000000089e+00 -4.361000000000000293e-03 1.936299999999999827e-02 -9.998029999999999973e-01 3.387729999999999908e-01 -9.406619999999999981e-01 -1.969600000000000170e-02 -9.408579999999999721e-01 -3.387919999999999821e-01 -2.456999999999999983e-03
1.300000000000000000e+01 3.000000000000000000e+00 1.900000000000000000e+01 0.000000000000000000e+00 1.600000000000000089e+00 -7.028000000000000393e-03 2.473399999999999904e-02 -9.996690000000000298e-01 3.427769999999999984e-01 -9.390669999999999851e-01 -2.564500000000000113e-02 -9.393909999999999760e-01 -3.428430000000000089e-01 -1.879000000000000028e-03
1.800000000000000000e+01 3.000000000000000000e+00 1.900000000000000000e+01 0.000000000000000000e+00 1.600000000000000089e+00 -2.409000000000000117e-03 1.596300000000000149e-02 -9.998700000000000365e-01 3.456650000000000000e-01 -9.382249999999999757e-01 -1.581099999999999867e-02 -9.383550000000000502e-01 -3.456580000000000208e-01 -3.258000000000000045e-03
2.300000000000000000e+01 3.000000000000000000e+00 1.900000000000000000e+01 0.000000000000000000e+00 1.600000000000000089e+00 -3.641999999999999838e-03 1.711899999999999880e-02 -9.998470000000000413e-01 3.443789999999999907e-01 -9.386710000000000331e-01 -1.732600000000000112e-02 -9.388239999999999919e-01 -3.443899999999999739e-01 -2.477000000000000035e-03
2.600000000000000000e+01 3.000000000000000000e+00 1.900000000000000000e+01 0.000000000000000000e+00 1.600000000000000089e+00 -4.278999999999999818e-03 2.165399999999999964e-02 -9.997559999999999780e-01 3.414099999999999913e-01 -9.396619999999999973e-01 -2.181400000000000006e-02 -9.399049999999999905e-01 -3.414200000000000013e-01 -3.371999999999999997e-03
1.900000000000000000e+01 4.000000000000000000e+00 2.000000000000000000e+01 0.000000000000000000e+00 1.600000000000000089e+00 -1.311000000000000099e-03 1.375600000000000087e-02 -9.999050000000000438e-01 3.792510000000000048e-01 -9.251989999999999936e-01 -1.322500000000000064e-02 -9.252930000000000321e-01 -3.792320000000000135e-01 -4.003999999999999747e-03
2.500000000000000000e+01 4.000000000000000000e+00 2.000000000000000000e+01 0.000000000000000000e+00 1.600000000000000089e+00 -3.334999999999999857e-03 1.846700000000000078e-02 -9.998240000000000460e-01 3.843900000000000095e-01 -9.229889999999999484e-01 -1.832999999999999907e-02 -9.231650000000000134e-01 -3.843829999999999747e-01 -4.021000000000000268e-03
4.000000000000000000e+00 1.300000000000000000e+01 2.000000000000000000e+01 0.000000000000000000e+00 1.600000000000000089e+00 -3.159999999999999832e-04 -6.650000000000000095e-04 1.000000000000000000e+00 2.593010000000000037e-01 9.657959999999999878e-01 7.249999999999999500e-04 -9.657959999999999878e-01 2.593010000000000037e-01 -1.330000000000000073e-04
8.000000000000000000e+00 1.300000000000000000e+01 2.000000000000000000e+01 0.000000000000000000e+00 1.600000000000000089e+00 7.860000000000000233e-04 -1.350999999999999987e-03 9.999989999999999712e-01 2.585879999999999845e-01 9.659870000000000401e-01 1.101999999999999898e-03 -9.659870000000000401e-01 2.585870000000000113e-01 1.108999999999999960e-03
1.400000000000000000e+01 1.300000000000000000e+01 2.000000000000000000e+01 0.000000000000000000e+00 1.600000000000000089e+00 -7.100000000000000462e-05 -1.879999999999999944e-03 9.999980000000000535e-01 2.597289999999999877e-01 9.656799999999999828e-01 1.833999999999999910e-03 -9.656810000000000116e-01 2.597289999999999877e-01 4.189999999999999931e-04
1.700000000000000000e+01 1.300000000000000000e+01 2.000000000000000000e+01 0.000000000000000000e+00 1.600000000000000089e+00 -1.520000000000000084e-04 -3.092000000000000130e-03 9.999949999999999672e-01 2.608190000000000230e-01 9.653829999999999911e-01 3.024000000000000212e-03 -9.653880000000000239e-01 2.608179999999999943e-01 6.589999999999999721e-04
2.100000000000000000e+01 1.300000000000000000e+01 2.000000000000000000e+01 0.000000000000000000e+00 1.600000000000000089e+00 1.183999999999999940e-03 -4.300000000000000003e-03 9.999900000000000455e-01 2.607809999999999850e-01 9.653899999999999704e-01 3.843000000000000062e-03 -9.653969999999999496e-01 2.607740000000000058e-01 2.265000000000000086e-03
2.500000000000000000e+01 1.300000000000000000e+01 2.000000000000000000e+01 0.000000000000000000e+00 1.600000000000000089e+00 1.717999999999999909e-03 -1.678000000000000021e-03 9.999970000000000248e-01 2.600009999999999821e-01 9.656080000000000219e-01 1.173999999999999913e-03 -9.656069999999999931e-01 2.599989999999999801e-01 2.095000000000000074e-03
1.700000000000000000e+01 1.600000000000000000e+01 2.100000000000000000e+01 0.000000000000000000e+00 1.600000000000000089e+00 -6.359999999999999551e-04 -4.523000000000000111e-03 9.999900000000000455e-01 2.978740000000000276e-01 9.545940000000000536e-01 4.506999999999999722e-03 -9.546050000000000368e-01 2.978740000000000276e-01 7.399999999999999894e-04
1.500000000000000000e+01 2.000000000000000000e+00 2.500000000000000000e+01 0.000000000000000000e+00 1.600000000000000089e+00 -9.360999999999999530e-03 1.998199999999999976e-02 9.997570000000000068e-01 7.649400000000000643e-02 -9.968559999999999643e-01 2.064099999999999963e-02 9.970259999999999678e-01 7.666900000000000104e-02 7.803000000000000040e-03
1.800000000000000000e+01 2.000000000000000000e+00 2.500000000000000000e+01 0.000000000000000000e+00 1.600000000000000089e+00 -7.936000000000000346e-03 1.622399999999999884e-02 9.998369999999999758e-01 8.452600000000000391e-02 -9.962790000000000257e-01 1.683700000000000127e-02 9.963899999999999979e-01 8.464599999999999902e-02 6.535000000000000010e-03
1.000000000000000000e+00 3.000000000000000000e+00 2.500000000000000000e+01 0.000000000000000000e+00 1.600000000000000089e+00 2.799999999999999972e-03 8.760000000000000425e-04 9.999959999999999960e-01 -4.188900000000000262e-02 -9.991219999999999546e-01 9.920000000000000432e-04 9.991179999999999506e-01 -4.189099999999999768e-02 -2.760999999999999999e-03
7.000000000000000000e+00 3.000000000000000000e+00 2.500000000000000000e+01 0.000000000000000000e+00 1.600000000000000089e+00 -1.529999999999999893e-03 1.954000000000000008e-03 9.999970000000000248e-01 -3.397300000000000320e-02 -9.994210000000000038e-01 1.900999999999999912e-03 9.994220000000000326e-01 -3.397000000000000020e-02 1.595999999999999979e-03
2.500000000000000000e+01 3.000000000000000000e+00 2.500000000000000000e+01 0.000000000000000000e+00 1.600000000000000089e+00 -4.945999999999999876e-03 1.657899999999999999e-02 9.998500000000000165e-01 9.669000000000000511e-03 -9.998150000000000093e-01 1.662599999999999842e-02 9.999409999999999688e-01 9.749000000000000721e-03 4.784000000000000058e-03
2.900000000000000000e+01 3.000000000000000000e+00 2.500000000000000000e+01 0.000000000000000000e+00 1.600000000000000089e+00 -4.866999999999999799e-03 2.050899999999999945e-02 9.997779999999999445e-01 1.515999999999999986e-02 -9.996730000000000338e-01 2.058099999999999860e-02 9.998730000000000118e-01 1.525699999999999973e-02 4.555000000000000021e-03
2.000000000000000000e+00 4.600000000000000000e+01 2.700000000000000000e+01 0.000000000000000000e+00 1.600000000000000089e+00 8.689999999999999808e-04 -4.290000000000000193e-04 -1.000000000000000000e+00 6.752599999999999714e-01 7.375800000000000134e-01 2.700000000000000035e-04 7.375800000000000134e-01 -6.752599999999999714e-01 9.309999999999999699e-04
7.000000000000000000e+00 4.600000000000000000e+01 2.700000000000000000e+01 0.000000000000000000e+00 1.600000000000000089e+00 -1.332000000000000068e-03 -2.039999999999999984e-04 -9.999989999999999712e-01 6.763869999999999605e-01 7.365450000000000053e-01 -1.051000000000000068e-03 7.365450000000000053e-01 -6.763879999999999892e-01 -8.429999999999999993e-04
2.400000000000000000e+01 4.600000000000000000e+01 2.700000000000000000e+01 0.000000000000000000e+00 1.600000000000000089e+00 -4.771000000000000067e-03 -2.576000000000000165e-03 -9.999850000000000128e-01 6.789140000000000175e-01 7.341999999999999638e-01 -5.130000000000000011e-03 7.342030000000000500e-01 -6.789279999999999760e-01 -1.753999999999999917e-03
1.600000000000000000e+01 4.600000000000000000e+01 3.000000000000000000e+01 0.000000000000000000e+00 1.600000000000000089e+00 -1.381000000000000066e-03 -1.899000000000000080e-03 -9.999970000000000248e-01 3.336700000000000221e-01 9.426870000000000527e-01 -2.250999999999999963e-03 9.426889999999999992e-01 -3.336720000000000241e-01 -6.679999999999999740e-04
2.900000000000000000e+01 5.800000000000000000e+01 3.100000000000000000e+01 0.000000000000000000e+00 1.600000000000000089e+00 -5.074999999999999650e-03 -1.225399999999999927e-02 9.999120000000000230e-01 -8.134689999999999976e-01 -5.815000000000000169e-01 -1.125499999999999938e-02 5.815860000000000474e-01 -8.134540000000000104e-01 -7.016999999999999800e-03
2.200000000000000000e+01 4.300000000000000000e+01 3.400000000000000000e+01 0.000000000000000000e+00 1.600000000000000089e+00 -1.129999999999999955e-04 -1.891000000000000103e-03 -9.999980000000000535e-01 -3.259279999999999955e-01 9.453930000000000389e-01 -1.750999999999999952e-03 9.453949999999999854e-01 3.259270000000000223e-01 -7.230000000000000098e-04
7.000000000000000000e+00 4.600000000000000000e+01 3.500000000000000000e+01 0.000000000000000000e+00 1.600000000000000089e+00 -1.263000000000000017e-03 -7.399999999999999623e-05 -9.999989999999999712e-01 3.907109999999999750e-01 -9.205130000000000257e-01 -4.249999999999999763e-04 -9.205130000000000257e-01 -3.907109999999999750e-01 1.191000000000000001e-03
1.400000000000000000e+01 4.600000000000000000e+01 3.500000000000000000e+01 0.000000000000000000e+00 1.600000000000000089e+00 -7.299999999999999903e-05 -2.150000000000000001e-03 -9.999980000000000535e-01 3.895569999999999866e-01 -9.210000000000000409e-01 1.951000000000000043e-03 -9.210019999999999873e-01 -3.895560000000000134e-01 9.049999999999999885e-04
2.000000000000000000e+01 4.600000000000000000e+01 3.500000000000000000e+01 0.000000000000000000e+00 1.600000000000000089e+00 2.910000000000000260e-04 7.421999999999999778e-03 -9.999719999999999720e-01 3.896890000000000076e-01 -9.209220000000000184e-01 -6.721999999999999677e-03 -9.209460000000000424e-01 -3.896760000000000224e-01 -3.160000000000000048e-03
2.500000000000000000e+01 4.600000000000000000e+01 3.500000000000000000e+01 0.000000000000000000e+00 1.600000000000000089e+00 -1.221000000000000080e-03 -2.952999999999999896e-03 -9.999949999999999672e-01 3.907660000000000022e-01 -9.204870000000000552e-01 2.240999999999999936e-03 -9.204890000000000017e-01 -3.907610000000000250e-01 2.278000000000000077e-03
2.800000000000000000e+01 4.600000000000000000e+01 3.500000000000000000e+01 0.000000000000000000e+00 1.600000000000000089e+00 -7.900000000000000121e-04 -5.642000000000000313e-03 -9.999839999999999840e-01 3.910980000000000012e-01 -9.203360000000000429e-01 4.884000000000000320e-03 -9.203489999999999727e-01 -3.910870000000000180e-01 2.933999999999999976e-03
1.900000000000000000e+01 9.500000000000000000e+01 3.600000000000000000e+01 0.000000000000000000e+00 1.600000000000000089e+00 2.566999999999999837e-03 2.416599999999999998e-02 9.997049999999999548e-01 9.969599999999999573e-01 7.779200000000000004e-02 -4.440999999999999635e-03 -7.787600000000000078e-02 9.966770000000000351e-01 -2.389300000000000104e-02
7.000000000000000000e+00 2.900000000000000000e+01 4.400000000000000000e+01 0.000000000000000000e+00 1.600000000000000089e+00 -1.230000000000000082e-04 2.174999999999999850e-03 -9.999980000000000535e-01 6.614950000000000552e-01 7.499479999999999480e-01 1.549999999999999946e-03 7.499489999999999768e-01 -6.614929999999999977e-01 -1.531000000000000026e-03
1.100000000000000000e+01 2.900000000000000000e+01 4.400000000000000000e+01 0.000000000000000000e+00 1.600000000000000089e+00 -1.294999999999999927e-03 3.017000000000000150e-03 -9.999949999999999672e-01 6.455689999999999484e-01 7.637000000000000455e-01 1.467999999999999904e-03 7.637009999999999632e-01 -6.455640000000000267e-01 -2.936999999999999941e-03
1.500000000000000000e+01 2.900000000000000000e+01 4.400000000000000000e+01 0.000000000000000000e+00 1.600000000000000089e+00 -2.749000000000000141e-03 -1.484000000000000076e-03 -9.999949999999999672e-01 6.504320000000000102e-01 7.595589999999999842e-01 -2.915000000000000056e-03 7.595589999999999842e-01 -6.504370000000000429e-01 -1.123000000000000083e-03
2.100000000000000000e+01 2.900000000000000000e+01 4.400000000000000000e+01 0.000000000000000000e+00 1.600000000000000089e+00 -2.338999999999999933e-03 1.054999999999999948e-03 -9.999970000000000248e-01 6.591669999999999474e-01 7.519959999999999978e-01 -7.489999999999999913e-04 7.519930000000000225e-01 -6.591660000000000297e-01 -2.455000000000000151e-03
2.300000000000000000e+01 2.900000000000000000e+01 4.400000000000000000e+01 0.000000000000000000e+00 1.600000000000000089e+00 -1.115000000000000106e-03 8.970000000000000109e-04 -9.999989999999999712e-01 6.598479999999999901e-01 7.513990000000000391e-01 -6.200000000000000270e-05 7.513980000000000103e-01 -6.598479999999999901e-01 -1.428999999999999932e-03
2.900000000000000000e+01 2.900000000000000000e+01 4.400000000000000000e+01 0.000000000000000000e+00 1.600000000000000089e+00 4.537000000000000234e-03 6.962999999999999572e-03 -9.999649999999999928e-01 6.479869999999999797e-01 7.616070000000000340e-01 8.243000000000000327e-03 7.616380000000000372e-01 -6.480019999999999669e-01 -1.056999999999999997e-03
2.000000000000000000e+00 5.000000000000000000e+00 5.100000000000000000e+01 0.000000000000000000e+00 1.600000000000000089e+00 -2.801000000000000104e-03 8.245000000000000592e-03 -9.999620000000000175e-01 4.864450000000000163e-01 -8.736690000000000289e-01 -8.566999999999999962e-03 -8.737070000000000114e-01 -4.864510000000000223e-01 -1.562999999999999936e-03
5.000000000000000000e+00 6.000000000000000000e+00 5.100000000000000000e+01 0.000000000000000000e+00 1.600000000000000089e+00 -3.280000000000000038e-04 4.429999999999999910e-03 -9.999900000000000455e-01 3.149419999999999997e-01 -9.491009999999999724e-01 -4.308000000000000197e-03 -9.491110000000000380e-01 -3.149399999999999977e-01 -1.083999999999999894e-03
2.900000000000000000e+01 6.000000000000000000e+00 5.100000000000000000e+01 0.000000000000000000e+00 1.600000000000000089e+00 2.070999999999999924e-03 3.529000000000000019e-03 -9.999919999999999920e-01 3.143830000000000235e-01 -9.492920000000000247e-01 -2.699000000000000010e-03 -9.492939999999999712e-01 -3.143750000000000155e-01 -3.075000000000000042e-03
2.300000000000000000e+01 1.150000000000000000e+02 5.100000000000000000e+01 0.000000000000000000e+00 1.600000000000000089e+00 -9.380000000000000317e-04 2.770000000000000110e-04 9.999989999999999712e-01 8.467540000000000067e-01 -5.319840000000000124e-01 9.420000000000000205e-04 5.319840000000000124e-01 8.467540000000000067e-01 2.649999999999999903e-04
2.800000000000000000e+01 1.150000000000000000e+02 5.100000000000000000e+01 0.000000000000000000e+00 1.600000000000000089e+00 -1.150999999999999896e-03 9.139999999999999904e-04 9.999989999999999712e-01 8.478440000000000420e-01 -5.302430000000000199e-01 1.461000000000000059e-03 5.302440000000000486e-01 8.478449999999999598e-01 -1.640000000000000019e-04
2.300000000000000000e+01 7.000000000000000000e+00 5.200000000000000000e+01 0.000000000000000000e+00 1.600000000000000089e+00 -6.380000000000000037e-04 -8.369999999999999619e-04 -9.999989999999999712e-01 8.552899999999999392e-02 -9.963349999999999707e-01 7.789999999999999616e-04 -9.963349999999999707e-01 -8.552899999999999392e-02 7.069999999999999462e-04
1.600000000000000000e+01 1.600000000000000000e+01 5.200000000000000000e+01 0.000000000000000000e+00 1.600000000000000089e+00 -2.423999999999999939e-03 -5.330000000000000536e-04 -9.999970000000000248e-01 7.769340000000000135e-01 6.295779999999999710e-01 -2.219000000000000052e-03 6.295770000000000532e-01 -7.769369999999999887e-01 -1.111999999999999924e-03
1.200000000000000000e+01 5.800000000000000000e+01 5.200000000000000000e+01 0.000000000000000000e+00 1.600000000000000089e+00 6.939999999999999555e-04 -8.078999999999999376e-03 9.999670000000000503e-01 -6.309719999999999773e-01 7.757770000000000499e-01 6.705000000000000022e-03 -7.758059999999999956e-01 -6.309550000000000436e-01 -4.558999999999999685e-03
6.000000000000000000e+00 6.300000000000000000e+01 5.400000000000000000e+01 0.000000000000000000e+00 1.600000000000000089e+00 -2.069999999999999900e-04 3.013000000000000053e-03 9.999949999999999672e-01 -3.472779999999999756e-01 9.377579999999999805e-01 -2.896999999999999836e-03 -9.377619999999999845e-01 -3.472770000000000024e-01 8.530000000000000256e-04
1.700000000000000000e+01 6.300000000000000000e+01 5.400000000000000000e+01 0.000000000000000000e+00 1.600000000000000089e+00 9.590000000000000000e-04 -5.983999999999999736e-03 9.999820000000000375e-01 -3.538100000000000134e-01 9.352979999999999627e-01 5.936999999999999569e-03 -9.353169999999999540e-01 -3.538100000000000134e-01 -1.219999999999999947e-03
2.100000000000000000e+01 6.300000000000000000e+01 5.400000000000000000e+01 0.000000000000000000e+00 1.600000000000000089e+00 3.350000000000000113e-04 -1.118999999999999986e-03 9.999989999999999712e-01 -3.542130000000000001e-01 9.351639999999999953e-01 1.165000000000000020e-03 -9.351650000000000240e-01 -3.542130000000000001e-01 -8.299999999999999815e-05
2.500000000000000000e+01 6.300000000000000000e+01 5.400000000000000000e+01 0.000000000000000000e+00 1.600000000000000089e+00 -2.432000000000000134e-03 7.680000000000000195e-04 9.999970000000000248e-01 -3.532029999999999892e-01 9.355449999999999600e-01 -1.577999999999999976e-03 -9.355440000000000422e-01 -3.532049999999999912e-01 -2.004000000000000139e-03
8.000000000000000000e+00 2.500000000000000000e+01 5.500000000000000000e+01 0.000000000000000000e+00 1.600000000000000089e+00 -1.289999999999999914e-04 1.569999999999999998e-03 -9.999989999999999712e-01 -1.142999999999999919e-02 -9.999329999999999607e-01 -1.569000000000000082e-03 -9.999350000000000183e-01 1.142999999999999919e-02 1.469999999999999953e-04
1.600000000000000000e+01 2.500000000000000000e+01 5.500000000000000000e+01 0.000000000000000000e+00 1.600000000000000089e+00 8.069999999999999916e-04 7.579999999999999932e-04 -9.999989999999999712e-01 -1.232699999999999942e-02 -9.999240000000000350e-01 -7.680000000000000195e-04 -9.999240000000000350e-01 1.232800000000000042e-02 -7.979999999999999897e-04
2.900000000000000000e+01 2.500000000000000000e+01 5.500000000000000000e+01 0.000000000000000000e+00 1.600000000000000089e+00 1.337000000000000081e-03 -4.929999999999999487e-04 -9.999989999999999712e-01 -1.134100000000000039e-02 -9.999360000000000470e-01 4.780000000000000178e-04 -9.999350000000000183e-01 1.133999999999999939e-02 -1.343000000000000010e-03
5.000000000000000000e+00 2.000000000000000000e+01 6.000000000000000000e+01 0.000000000000000000e+00 1.600000000000000089e+00 -9.560000000000000355e-04 -1.126999999999999964e-03 9.999989999999999712e-01 -6.261899999999999411e-02 9.980369999999999520e-01 1.064999999999999974e-03 -9.980369999999999520e-01 -6.261799999999999311e-02 -1.025000000000000086e-03
1.000000000000000000e+01 2.000000000000000000e+01 6.000000000000000000e+01 0.000000000000000000e+00 1.600000000000000089e+00 1.649999999999999991e-03 2.347000000000000128e-03 9.999959999999999960e-01 -6.156899999999999873e-02 9.980999999999999872e-01 -2.240999999999999936e-03 -9.981010000000000160e-01 -6.156500000000000167e-02 1.791000000000000057e-03
1.300000000000000000e+01 2.100000000000000000e+01 6.000000000000000000e+01 0.000000000000000000e+00 1.600000000000000089e+00 6.620000000000000450e-04 -4.650000000000000270e-04 1.000000000000000000e+00 -9.585200000000000664e-02 9.953950000000000298e-01 5.259999999999999919e-04 -9.953950000000000298e-01 -9.585299999999999376e-02 6.139999999999999625e-04
1.700000000000000000e+01 2.100000000000000000e+01 6.000000000000000000e+01 0.000000000000000000e+00 1.600000000000000089e+00 -1.196999999999999930e-03 1.430000000000000064e-03 9.999980000000000535e-01 -9.606800000000000062e-02 9.953739999999999810e-01 -1.538000000000000088e-03 -9.953739999999999810e-01 -9.607000000000000262e-02 -1.054000000000000032e-03
2.100000000000000000e+01 2.100000000000000000e+01 6.000000000000000000e+01 0.000000000000000000e+00 1.600000000000000089e+00 -5.640000000000000482e-04 2.582000000000000094e-03 9.999959999999999960e-01 -9.379099999999999937e-02 9.955880000000000285e-01 -2.622999999999999898e-03 -9.955920000000000325e-01 -9.379200000000000037e-02 -3.190000000000000019e-04
2.900000000000000000e+01 2.100000000000000000e+01 6.000000000000000000e+01 0.000000000000000000e+00 1.600000000000000089e+00 2.069000000000000093e-03 -3.996999999999999685e-03 9.999900000000000455e-01 -9.742800000000000071e-02 9.952339999999999520e-01 4.179999999999999688e-03 -9.952400000000000135e-01 -9.743499999999999384e-02 1.670000000000000043e-03
8.000000000000000000e+00 6.700000000000000000e+01 6.000000000000000000e+01 0.000000000000000000e+00 1.600000000000000089e+00 -7.849999999999999990e-04 -4.121999999999999796e-03 9.999909999999999632e-01 1.726389999999999869e-01 -9.849769999999999914e-01 -3.924000000000000404e-03 9.849849999999999994e-01 1.726340000000000097e-01 1.484999999999999992e-03
1.600000000000000000e+01 3.000000000000000000e+00 6.300000000000000000e+01 0.000000000000000000e+00 1.600000000000000089e+00 -1.286000000000000034e-03 -7.531000000000000368e-03 9.999710000000000543e-01 -6.154020000000000046e-01 7.881970000000000365e-01 5.144000000000000135e-03 -7.882130000000000525e-01 -6.153769999999999518e-01 -5.648000000000000242e-03
2.400000000000000000e+01 3.000000000000000000e+00 6.300000000000000000e+01 0.000000000000000000e+00 1.600000000000000089e+00 2.337000000000000102e-03 -5.308000000000000218e-03 9.999829999999999552e-01 -6.153309999999999613e-01 7.882489999999999775e-01 5.622000000000000261e-03 -7.882649999999999935e-01 -6.153340000000000476e-01 -1.423999999999999919e-03
1.000000000000000000e+00 2.700000000000000000e+01 6.300000000000000000e+01 0.000000000000000000e+00 1.600000000000000089e+00 -6.109999999999999980e-04 7.690000000000000438e-04 1.000000000000000000e+00 -2.721020000000000105e-01 9.622680000000000122e-01 -9.060000000000000128e-04 -9.622680000000000122e-01 -2.721029999999999838e-01 -3.789999999999999966e-04
6.000000000000000000e+00 2.700000000000000000e+01 6.300000000000000000e+01 0.000000000000000000e+00 1.600000000000000089e+00 2.439999999999999949e-04 -1.758999999999999930e-03 9.999980000000000535e-01 -2.717069999999999763e-01 9.623779999999999557e-01 1.758999999999999930e-03 -9.623800000000000132e-01 -2.717069999999999763e-01 -2.429999999999999977e-04
1.400000000000000000e+01 2.700000000000000000e+01 6.300000000000000000e+01 0.000000000000000000e+00 1.600000000000000089e+00 1.310000000000000129e-04 -4.597000000000000391e-03 9.999890000000000168e-01 -2.750119999999999787e-01 9.614300000000000068e-01 4.455999999999999892e-03 -9.614409999999999901e-01 -2.750099999999999767e-01 -1.137999999999999906e-03
1.900000000000000000e+01 2.700000000000000000e+01 6.300000000000000000e+01 0.000000000000000000e+00 1.600000000000000089e+00 1.129999999999999928e-03 1.361000000000000014e-03 9.999980000000000535e-01 -2.748709999999999765e-01 9.614800000000000013e-01 -9.979999999999999722e-04 -9.614800000000000013e-01 -2.748700000000000032e-01 1.459999999999999926e-03
2.400000000000000000e+01 2.700000000000000000e+01 6.300000000000000000e+01 0.000000000000000000e+00 1.600000000000000089e+00 1.025000000000000086e-03 5.276999999999999573e-03 9.999860000000000415e-01 -2.748039999999999927e-01 9.614880000000000093e-01 -4.792000000000000252e-03 -9.615000000000000213e-01 -2.747950000000000115e-01 2.435999999999999797e-03
2.800000000000000000e+01 2.700000000000000000e+01 6.300000000000000000e+01 0.000000000000000000e+00 1.600000000000000089e+00 -9.190000000000000035e-04 -1.897000000000000032e-03 9.999980000000000535e-01 -2.695179999999999798e-01 9.629940000000000166e-01 1.579000000000000108e-03 -9.629950000000000454e-01 -2.695159999999999778e-01 -1.396000000000000105e-03
2.000000000000000000e+00 2.600000000000000000e+01 6.400000000000000000e+01 0.000000000000000000e+00 1.600000000000000089e+00 -5.670000000000000127e-04 -1.730000000000000038e-04 1.000000000000000000e+00 -3.629519999999999968e-01 9.318079999999999696e-01 -4.399999999999999886e-05 -9.318079999999999696e-01 -3.629519999999999968e-01 -5.910000000000000539e-04
7.000000000000000000e+00 2.600000000000000000e+01 6.400000000000000000e+01 0.000000000000000000e+00 1.600000000000000089e+00 9.030000000000000483e-04 -3.937000000000000395e-03 9.999919999999999920e-01 -3.645749999999999824e-01 9.311660000000000492e-01 3.995000000000000287e-03 -9.311739999999999462e-01 -3.645749999999999824e-01 -5.940000000000000184e-04
1.200000000000000000e+01 2.600000000000000000e+01 6.400000000000000000e+01 0.000000000000000000e+00 1.600000000000000089e+00 5.590000000000000351e-04 -3.787000000000000002e-03 9.999930000000000208e-01 -3.685930000000000040e-01 9.295830000000000481e-01 3.726999999999999844e-03 -9.295909999999999451e-01 -3.685930000000000040e-01 -8.769999999999999584e-04
1.600000000000000000e+01 2.600000000000000000e+01 6.400000000000000000e+01 0.000000000000000000e+00 1.600000000000000089e+00 8.149999999999999693e-04 -3.706999999999999792e-03 9.999930000000000208e-01 -3.690120000000000067e-01 9.294170000000000487e-01 3.746000000000000198e-03 -9.294240000000000279e-01 -3.690129999999999799e-01 -6.109999999999999980e-04
2.300000000000000000e+01 2.600000000000000000e+01 6.400000000000000000e+01 0.000000000000000000e+00 1.600000000000000089e+00 1.286999999999999950e-03 6.725000000000000075e-03 9.999770000000000048e-01 -3.662750000000000172e-01 9.304890000000000105e-01 -5.786000000000000344e-03 -9.305060000000000553e-01 -3.662579999999999725e-01 3.661000000000000192e-03
3.000000000000000000e+01 2.600000000000000000e+01 6.400000000000000000e+01 0.000000000000000000e+00 1.600000000000000089e+00 -1.224999999999999960e-03 -5.422999999999999869e-03 9.999850000000000128e-01 -3.579890000000000017e-01 9.337140000000000439e-01 4.624999999999999771e-03 -9.337250000000000272e-01 -3.579780000000000184e-01 -3.085000000000000069e-03
3.000000000000000000e+00 6.900000000000000000e+01 6.600000000000000000e+01 0.000000000000000000e+00 1.600000000000000089e+00 -8.429999999999999993e-04 -7.299999999999999903e-05 1.000000000000000000e+00 -9.458220000000000516e-01 3.246859999999999746e-01 -7.739999999999999485e-04 -3.246850000000000014e-01 -9.458220000000000516e-01 -3.429999999999999889e-04
1.200000000000000000e+01 6.900000000000000000e+01 6.600000000000000000e+01 0.000000000000000000e+00 1.600000000000000089e+00 -1.922000000000000097e-03 -6.296999999999999646e-03 9.999780000000000335e-01 -9.487630000000000230e-01 3.159890000000000199e-01 1.669999999999999935e-04 -3.159830000000000139e-01 -9.487419999999999742e-01 -6.582000000000000177e-03
2.300000000000000000e+01 6.900000000000000000e+01 6.600000000000000000e+01 0.000000000000000000e+00 1.600000000000000089e+00 -5.205000000000000425e-03 3.184000000000000198e-03 9.999810000000000088e-01 -9.489570000000000505e-01 3.153500000000000192e-01 -5.943000000000000366e-03 -3.153630000000000044e-01 -9.489699999999999802e-01 1.379999999999999933e-03
2.700000000000000000e+01 6.900000000000000000e+01 6.600000000000000000e+01 0.000000000000000000e+00 1.600000000000000089e+00 -4.725000000000000033e-03 1.711000000000000064e-03 9.999869999999999592e-01 -9.486360000000000348e-01 3.163290000000000268e-01 -5.023999999999999820e-03 -3.163329999999999753e-01 -9.486480000000000468e-01 1.289999999999999914e-04
6.000000000000000000e+00 2.500000000000000000e+01 7.300000000000000000e+01 0.000000000000000000e+00 1.600000000000000089e+00 -9.359999999999999831e-04 -1.634999999999999952e-03 9.999980000000000535e-01 7.557380000000000209e-01 -6.548730000000000384e-01 -3.640000000000000115e-04 6.548730000000000384e-01 7.557369999999999921e-01 1.848000000000000033e-03
1.500000000000000000e+01 2.500000000000000000e+01 7.300000000000000000e+01 0.000000000000000000e+00 1.600000000000000089e+00 -1.440000000000000091e-03 -2.382000000000000003e-03 9.999959999999999960e-01 7.539949999999999708e-01 -6.568800000000000194e-01 -4.789999999999999879e-04 6.568789999999999907e-01 7.539909999999999668e-01 2.742000000000000080e-03
