5.000000000000000000e+00 2.500000000000000000e+01 1.000000000000000000e+00 0.000000000000000000e+00 1.600000000000000089e+00 -4.690000000000000158e-04 -2.906000000000000163e-03 -9.999959999999999960e-01 -5.247560000000000002e-01 -8.512490000000000334e-01 2.720000000000000195e-03 -8.512530000000000374e-01 5.247549999999999715e-01 -1.126000000000000048e-03
6.000000000000000000e+00 1.500000000000000000e+01 4.000000000000000000e+00 0.000000000000000000e+00 1.600000000000000089e+00 -2.173000000000000018e-03 -9.683000000000000634e-03 9.999510000000000343e-01 2.821489999999999831e-01 -9.593310000000000448e-01 -8.675999999999999684e-03 9.593679999999999986e-01 2.821159999999999779e-01 4.817000000000000101e-03
1.500000000000000000e+01 1.500000000000000000e+01 4.000000000000000000e+00 0.000000000000000000e+00 1.600000000000000089e+00 -1.879999999999999944e-03 1.010800000000000066e-02 9.999470000000000303e-01 2.924729999999999830e-01 -9.562190000000000412e-01 1.021599999999999939e-02 9.562720000000000109e-01 2.924769999999999870e-01 -1.159000000000000091e-03
2.100000000000000000e+01 1.500000000000000000e+01 4.000000000000000000e+00 0.000000000000000000e+00 1.600000000000000089e+00 2.462000000000000213e-03 2.422099999999999947e-02 9.997040000000000370e-01 2.904820000000000180e-01 -9.566170000000000506e-01 2.246099999999999833e-02 9.568769999999999776e-01 2.903399999999999870e-01 -9.390000000000000777e-03
2.600000000000000000e+01 1.500000000000000000e+01 4.000000000000000000e+00 0.000000000000000000e+00 1.600000000000000089e+00 5.131000000000000144e-03 3.200999999999999679e-02 9.994739999999999736e-01 2.965320000000000178e-01 -9.545810000000000128e-01 2.904999999999999943e-02 9.550089999999999968e-01 2.962270000000000181e-01 -1.439000000000000001e-02
2.000000000000000000e+00 1.010000000000000000e+02 7.000000000000000000e+00 0.000000000000000000e+00 1.600000000000000089e+00 -7.299999999999999632e-04 1.868000000000000086e-03 9.999980000000000535e-01 8.855819999999999803e-01 4.644829999999999792e-01 -2.210000000000000050e-04 -4.644820000000000060e-01 8.855800000000000338e-01 -1.992999999999999980e-03
8.000000000000000000e+00 1.010000000000000000e+02 7.000000000000000000e+00 0.000000000000000000e+00 1.600000000000000089e+00 -2.005999999999999971e-03 -4.388999999999999672e-03 9.999879999999999880e-01 8.842280000000000140e-01 4.670400000000000107e-01 3.824000000000000142e-03 -4.670520000000000227e-01 8.842250000000000387e-01 2.942999999999999870e-03
1.000000000000000000e+00 1.500000000000000000e+01 8.000000000000000000e+00 0.000000000000000000e+00 1.600000000000000089e+00 -1.028000000000000051e-03 -1.964899999999999980e-02 -9.998059999999999725e-01 -5.958069999999999755e-01 -8.029600000000000071e-01 1.639300000000000132e-02 -8.031270000000000353e-01 5.957090000000000440e-01 -1.088100000000000005e-02
8.000000000000000000e+00 1.500000000000000000e+01 8.000000000000000000e+00 0.000000000000000000e+00 1.600000000000000089e+00 -3.883999999999999866e-03 -2.971000000000000116e-03 -9.999879999999999880e-01 -5.944040000000000434e-01 -8.041530000000000067e-01 4.697999999999999919e-03 -8.041570000000000107e-01 5.944150000000000267e-01 1.356999999999999916e-03
1.700000000000000000e+01 1.500000000000000000e+01 8.000000000000000000e+00 0.000000000000000000e+00 1.600000000000000089e+00 5.276000000000000308e-03 1.210800000000000071e-02 -9.999130000000000518e-01 -5.937200000000000255e-01 -8.045689999999999786e-01 -1.287600000000000029e-02 -8.046539999999999804e-01 5.937360000000000415e-01 2.944000000000000002e-03
2.100000000000000000e+01 1.500000000000000000e+01 8.000000000000000000e+00 0.000000000000000000e+00 1.600000000000000089e+00 4.022999999999999667e-03 2.272899999999999920e-02 -9.997340000000000115e-01 -5.910800000000000498e-01 -8.063470000000000359e-01 -2.071100000000000024e-02 -8.066029999999999589e-01 5.910060000000000313e-01 1.019100000000000041e-02
2.500000000000000000e+01 1.500000000000000000e+01 8.000000000000000000e+00 0.000000000000000000e+00 1.600000000000000089e+00 3.836000000000000000e-03 3.031299999999999967e-02 -9.995330000000000048e-01 -5.887069999999999803e-01 -8.079039999999999555e-01 -2.676100000000000007e-02 -8.083380000000000010e-01 5.885340000000000016e-01 1.474600000000000043e-02
2.900000000000000000e+01 1.500000000000000000e+01 8.000000000000000000e+00 0.000000000000000000e+00 1.600000000000000089e+00 5.815999999999999989e-03 2.108000000000000151e-02 -9.997610000000000108e-01 -5.871499999999999497e-01 -8.092190000000000216e-01 -2.047799999999999968e-02 -8.094569999999999821e-01 5.871290000000000120e-01 7.670999999999999867e-03
3.000000000000000000e+00 2.400000000000000000e+01 9.000000000000000000e+00 0.000000000000000000e+00 1.600000000000000089e+00 3.716000000000000119e-03 5.610000000000000403e-03 -9.999770000000000048e-01 4.555109999999999992e-01 8.902050000000000241e-01 6.687000000000000235e-03 8.902219999999999578e-01 -4.555250000000000132e-01 7.529999999999999801e-04
7.000000000000000000e+00 2.400000000000000000e+01 9.000000000000000000e+00 0.000000000000000000e+00 1.600000000000000089e+00 3.220000000000000206e-04 -5.680000000000000370e-04 -1.000000000000000000e+00 4.541589999999999794e-01 8.909209999999999630e-01 -3.589999999999999984e-04 8.909209999999999630e-01 -4.541589999999999794e-01 5.450000000000000200e-04
2.100000000000000000e+01 2.400000000000000000e+01 9.000000000000000000e+00 0.000000000000000000e+00 1.600000000000000089e+00 -4.937000000000000416e-03 -8.033999999999999475e-03 -9.999559999999999560e-01 4.536850000000000049e-01 8.911130000000000440e-01 -9.398999999999999369e-03 8.911480000000000512e-01 -4.537109999999999754e-01 -7.550000000000000287e-04
2.900000000000000000e+01 2.400000000000000000e+01 9.000000000000000000e+00 0.000000000000000000e+00 1.600000000000000089e+00 -3.595000000000000105e-03 -7.767999999999999731e-03 -9.999630000000000463e-01 4.557260000000000200e-01 8.900789999999999536e-01 -8.552000000000000574e-03 8.901130000000000431e-01 -4.557399999999999785e-01 3.400000000000000244e-04
1.000000000000000000e+00 4.000000000000000000e+00 1.100000000000000000e+01 0.000000000000000000e+00 1.600000000000000089e+00 -3.550000000000000096e-04 9.209999999999999437e-03 -9.999580000000000135e-01 1.696350000000000080e-01 9.854659999999999531e-01 9.015999999999999709e-03 9.855070000000000219e-01 -1.696239999999999970e-01 -1.912000000000000071e-03
1.600000000000000000e+01 4.000000000000000000e+00 1.100000000000000000e+01 0.000000000000000000e+00 1.600000000000000089e+00 3.959999999999999762e-04 -9.294000000000000178e-03 -9.999569999999999848e-01 1.765599999999999947e-01 9.842480000000000118e-01 -9.077999999999999264e-03 9.842899999999999983e-01 -1.765490000000000115e-01 2.030999999999999819e-03
2.200000000000000000e+01 4.000000000000000000e+00 1.100000000000000000e+01 0.000000000000000000e+00 1.600000000000000089e+00 -1.402000000000000034e-03 -2.108900000000000011e-02 -9.997770000000000268e-01 1.821450000000000014e-01 9.830480000000000329e-01 -2.099099999999999924e-02 9.832710000000000061e-01 -1.821339999999999903e-01 2.462999999999999912e-03
2.100000000000000000e+01 3.100000000000000000e+01 1.200000000000000000e+01 0.000000000000000000e+00 1.600000000000000089e+00 1.869999999999999917e-04 -1.683999999999999950e-03 9.999989999999999712e-01 -2.021200000000000080e-02 9.997939999999999605e-01 1.688000000000000047e-03 -9.997960000000000180e-01 -2.021200000000000080e-02 1.520000000000000084e-04
5.000000000000000000e+00 3.000000000000000000e+00 1.300000000000000000e+01 0.000000000000000000e+00 1.600000000000000089e+00 2.790000000000000054e-04 6.323999999999999760e-03 9.999799999999999800e-01 -1.626000000000000058e-03 9.999789999999999512e-01 -6.322999999999999628e-03 -9.999989999999999712e-01 -1.624000000000000010e-03 2.889999999999999774e-04
1.500000000000000000e+01 3.000000000000000000e+00 1.300000000000000000e+01 0.000000000000000000e+00 1.600000000000000089e+00 -6.250000000000000130e-04 -6.209000000000000109e-03 9.999810000000000088e-01 -1.055500000000000015e-02 9.999249999999999527e-01 6.202000000000000048e-03 -9.999440000000000550e-01 -1.055099999999999962e-02 -6.899999999999999667e-04
2.200000000000000000e+01 3.000000000000000000e+00 1.300000000000000000e+01 0.000000000000000000e+00 1.600000000000000089e+00 -1.905999999999999925e-03 -2.257800000000000085e-02 9.997430000000000483e-01 -1.444999999999999930e-02 9.996410000000000018e-01 2.254799999999999860e-02 -9.998939999999999495e-01 -1.440299999999999914e-02 -2.230999999999999910e-03
2.400000000000000000e+01 3.200000000000000000e+01 1.400000000000000000e+01 0.000000000000000000e+00 1.600000000000000089e+00 -1.201000000000000028e-03 -2.861999999999999961e-03 -9.999949999999999672e-01 1.202779999999999960e-01 9.927359999999999518e-01 -2.984999999999999806e-03 9.927390000000000381e-01 -1.202809999999999990e-01 -8.480000000000000124e-04
2.600000000000000000e+01 3.200000000000000000e+01 1.400000000000000000e+01 0.000000000000000000e+00 1.600000000000000089e+00 -9.810000000000001011e-04 -3.523999999999999789e-03 -9.999930000000000208e-01 1.175619999999999998e-01 9.930590000000000250e-01 -3.615000000000000158e-03 9.930649999999999755e-01 -1.175640000000000018e-01 -5.590000000000000351e-04
3.000000000000000000e+00 1.200000000000000000e+01 1.500000000000000000e+01 0.000000000000000000e+00 1.600000000000000089e+00 -1.294999999999999927e-03 -7.080999999999999621e-03 -9.999740000000000295e-01 -4.679510000000000058e-01 -8.837279999999999580e-01 6.863000000000000177e-03 -8.837530000000000108e-01 4.679479999999999751e-01 -2.168999999999999921e-03
7.000000000000000000e+00 1.200000000000000000e+01 1.500000000000000000e+01 0.000000000000000000e+00 1.600000000000000089e+00 -3.347999999999999848e-03 -3.285000000000000159e-03 -9.999890000000000168e-01 -4.690509999999999957e-01 -8.831599999999999451e-01 4.472000000000000280e-03 -8.831649999999999778e-01 4.690610000000000057e-01 1.415999999999999941e-03
1.500000000000000000e+01 1.200000000000000000e+01 1.500000000000000000e+01 0.000000000000000000e+00 1.600000000000000089e+00 8.310000000000000329e-04 3.739999999999999835e-03 -9.999930000000000208e-01 -4.701609999999999956e-01 -8.825730000000000519e-01 -3.690999999999999837e-03 -8.825800000000000312e-01 4.701609999999999956e-01 1.023999999999999954e-03
2.100000000000000000e+01 1.200000000000000000e+01 1.500000000000000000e+01 0.000000000000000000e+00 1.600000000000000089e+00 2.841000000000000209e-03 8.429999999999999993e-04 -9.999959999999999960e-01 -4.690059999999999785e-01 -8.831930000000000058e-01 -2.076999999999999853e-03 -8.831909999999999483e-01 4.690090000000000092e-01 -2.112999999999999861e-03
2.400000000000000000e+01 1.100000000000000000e+01 1.600000000000000000e+01 0.000000000000000000e+00 1.600000000000000089e+00 1.206999999999999957e-03 1.057999999999999913e-03 -9.999989999999999712e-01 -4.152870000000000172e-01 -9.096889999999999699e-01 -1.464000000000000024e-03 -9.096889999999999699e-01 4.152890000000000192e-01 -6.589999999999999721e-04
1.800000000000000000e+01 1.160000000000000000e+02 1.600000000000000000e+01 0.000000000000000000e+00 1.600000000000000089e+00 -6.381000000000000387e-03 -6.568000000000000053e-03 9.999580000000000135e-01 7.001089999999999813e-01 7.139769999999999728e-01 9.157000000000000209e-03 -7.140069999999999473e-01 7.001389999999999558e-01 4.199999999999999768e-05
5.000000000000000000e+00 2.000000000000000000e+00 1.900000000000000000e+01 0.000000000000000000e+00 1.600000000000000089e+00 1.678999999999999937e-03 -1.406899999999999991e-02 -9.999000000000000110e-01 2.137459999999999916e-01 -9.767879999999999896e-01 1.410299999999999922e-02 -9.768879999999999786e-01 -2.137479999999999936e-01 1.366999999999999943e-03
9.000000000000000000e+00 2.000000000000000000e+00 1.900000000000000000e+01 0.000000000000000000e+00 1.600000000000000089e+00 -9.799999999999999684e-05 -3.876999999999999804e-03 -9.999919999999999920e-01 2.114580000000000071e-01 -9.773800000000000265e-01 3.769000000000000215e-03 -9.773870000000000058e-01 -2.114560000000000051e-01 9.150000000000000147e-04
1.600000000000000000e+01 2.000000000000000000e+00 1.900000000000000000e+01 0.000000000000000000e+00 1.600000000000000089e+00 -1.154000000000000078e-03 -5.204000000000000292e-03 -9.999860000000000415e-01 2.059269999999999989e-01 -9.785549999999999526e-01 4.854999999999999941e-03 -9.785669999999999646e-01 -2.059179999999999899e-01 2.200999999999999832e-03
2.000000000000000000e+01 2.000000000000000000e+00 1.900000000000000000e+01 0.000000000000000000e+00 1.600000000000000089e+00 -1.806000000000000097e-03 7.460000000000000268e-04 -9.999980000000000535e-01 2.074749999999999928e-01 -9.782399999999999984e-01 -1.103999999999999947e-03 -9.782389999999999697e-01 -2.074769999999999948e-01 1.611999999999999935e-03
2.500000000000000000e+01 2.000000000000000000e+00 1.900000000000000000e+01 0.000000000000000000e+00 1.600000000000000089e+00 -4.027000000000000197e-03 7.837000000000000216e-03 -9.999609999999999888e-01 2.061179999999999957e-01 -9.784899999999999709e-01 -8.498999999999999611e-03 -9.785190000000000277e-01 -2.061439999999999939e-01 2.324999999999999810e-03
3.000000000000000000e+01 2.000000000000000000e+00 1.900000000000000000e+01 0.000000000000000000e+00 1.600000000000000089e+00 -3.465999999999999897e-03 5.621000000000000128e-03 -9.999780000000000335e-01 2.039009999999999989e-01 -9.789719999999999533e-01 -6.210000000000000242e-03 -9.789849999999999941e-01 -2.039179999999999882e-01 2.246999999999999865e-03
1.300000000000000000e+01 4.000000000000000000e+00 2.000000000000000000e+01 0.000000000000000000e+00 1.600000000000000089e+00 -3.640000000000000115e-04 -4.108999999999999805e-03 -9.999909999999999632e-01 2.917719999999999758e-01 -9.564799999999999969e-01 3.824000000000000142e-03 -9.564880000000000049e-01 -2.917680000000000273e-01 1.546999999999999981e-03
4.000000000000000000e+00 1.300000000000000000e+01 2.000000000000000000e+01 0.000000000000000000e+00 1.600000000000000089e+00 1.389999999999999905e-04 7.960000000000000495e-04 1.000000000000000000e+00 2.635879999999999890e-01 9.646350000000000202e-01 -8.040000000000000271e-04 -9.646350000000000202e-01 2.635879999999999890e-01 -7.600000000000000418e-05
8.000000000000000000e+00 1.300000000000000000e+01 2.000000000000000000e+01 0.000000000000000000e+00 1.600000000000000089e+00 -1.649999999999999991e-04 6.170000000000000354e-04 1.000000000000000000e+00 2.640049999999999897e-01 9.645209999999999617e-01 -5.519999999999999733e-04 -9.645209999999999617e-01 2.640049999999999897e-01 -3.220000000000000206e-04
1.400000000000000000e+01 1.300000000000000000e+01 2.000000000000000000e+01 0.000000000000000000e+00 1.600000000000000089e+00 -2.635999999999999888e-03 4.629999999999999784e-04 9.999959999999999960e-01 2.638229999999999742e-01 9.645709999999999562e-01 2.489999999999999809e-04 -9.645669999999999522e-01 2.638229999999999742e-01 -2.664000000000000135e-03
2.200000000000000000e+01 1.300000000000000000e+01 2.000000000000000000e+01 0.000000000000000000e+00 1.600000000000000089e+00 2.896999999999999836e-03 1.438999999999999958e-03 9.999949999999999672e-01 2.627059999999999951e-01 9.648729999999999807e-01 -2.150000000000000001e-03 -9.648719999999999519e-01 2.627109999999999723e-01 2.416999999999999878e-03
2.500000000000000000e+01 1.300000000000000000e+01 2.000000000000000000e+01 0.000000000000000000e+00 1.600000000000000089e+00 1.232999999999999938e-03 -3.807000000000000054e-03 9.999919999999999920e-01 2.614850000000000230e-01 9.652020000000000044e-01 3.351999999999999945e-03 -9.652070000000000372e-01 2.614779999999999882e-01 2.186000000000000009e-03
3.000000000000000000e+00 1.600000000000000000e+01 2.100000000000000000e+01 0.000000000000000000e+00 1.600000000000000089e+00 -4.000000000000000192e-04 -5.468999999999999903e-03 9.999850000000000128e-01 3.022810000000000219e-01 9.532040000000000513e-01 5.334000000000000200e-03 -9.532190000000000385e-01 3.022790000000000199e-01 1.271999999999999910e-03
9.000000000000000000e+00 1.600000000000000000e+01 2.100000000000000000e+01 0.000000000000000000e+00 1.600000000000000089e+00 -9.799999999999999684e-05 2.687000000000000152e-03 9.999959999999999960e-01 3.030160000000000076e-01 9.529819999999999958e-01 -2.531999999999999963e-03 -9.529849999999999710e-01 3.030149999999999788e-01 -9.070000000000000371e-04
3.000000000000000000e+00 4.600000000000000000e+01 2.700000000000000000e+01 0.000000000000000000e+00 1.600000000000000089e+00 -5.950000000000000427e-04 1.124999999999999915e-03 -9.999989999999999712e-01 6.672169999999999490e-01 7.448639999999999706e-01 4.409999999999999858e-04 7.448639999999999706e-01 -6.672160000000000313e-01 -1.193999999999999966e-03
1.900000000000000000e+01 4.600000000000000000e+01 2.700000000000000000e+01 0.000000000000000000e+00 1.600000000000000089e+00 -4.369999999999999970e-04 -1.255000000000000039e-03 -9.999989999999999712e-01 6.659239999999999604e-01 7.460189999999999877e-01 -1.227000000000000009e-03 7.460189999999999877e-01 -6.659239999999999604e-01 5.100000000000000366e-04
2.600000000000000000e+01 4.600000000000000000e+01 2.700000000000000000e+01 0.000000000000000000e+00 1.600000000000000089e+00 -1.864999999999999904e-03 -1.446000000000000020e-03 -9.999970000000000248e-01 6.611960000000000059e-01 7.502090000000000147e-01 -2.318000000000000182e-03 7.502109999999999612e-01 -6.611989999999999812e-01 -4.429999999999999802e-04
1.000000000000000000e+01 4.600000000000000000e+01 3.000000000000000000e+01 0.000000000000000000e+00 1.600000000000000089e+00 -7.200000000000000182e-05 2.539999999999999940e-04 -1.000000000000000000e+00 3.171350000000000002e-01 9.483800000000000008e-01 2.180000000000000134e-04 9.483800000000000008e-01 -3.171350000000000002e-01 -1.489999999999999897e-04
1.400000000000000000e+01 4.600000000000000000e+01 3.000000000000000000e+01 0.000000000000000000e+00 1.600000000000000089e+00 7.309999999999999875e-04 2.240999999999999936e-03 -9.999970000000000248e-01 3.182599999999999874e-01 9.480009999999999826e-01 2.357000000000000154e-03 9.480030000000000401e-01 -3.182610000000000161e-01 -2.099999999999999884e-05
2.400000000000000000e+01 4.600000000000000000e+01 3.000000000000000000e+01 0.000000000000000000e+00 1.600000000000000089e+00 -1.422000000000000087e-03 -3.995000000000000287e-03 -9.999909999999999632e-01 3.197459999999999747e-01 9.474939999999999474e-01 -4.239999999999999845e-03 9.475019999999999554e-01 -3.197490000000000054e-01 -6.899999999999999667e-05
2.000000000000000000e+00 5.800000000000000000e+01 3.100000000000000000e+01 0.000000000000000000e+00 1.600000000000000089e+00 3.034999999999999937e-03 -9.269999999999999811e-04 9.999949999999999672e-01 -7.814940000000000220e-01 -6.239109999999999934e-01 1.793000000000000106e-03 6.239059999999999606e-01 -7.814950000000000507e-01 -2.618000000000000101e-03
6.000000000000000000e+00 5.800000000000000000e+01 3.100000000000000000e+01 0.000000000000000000e+00 1.600000000000000089e+00 1.064999999999999974e-03 -1.719999999999999958e-03 9.999980000000000535e-01 -7.829139999999999988e-01 -6.221299999999999608e-01 -2.359999999999999902e-04 6.221290000000000431e-01 -7.829120000000000523e-01 -2.008999999999999935e-03
1.000000000000000000e+01 5.800000000000000000e+01 3.100000000000000000e+01 0.000000000000000000e+00 1.600000000000000089e+00 -1.549999999999999946e-03 -2.007999999999999802e-03 9.999970000000000248e-01 -7.841439999999999522e-01 -6.205739999999999590e-01 -2.462000000000000213e-03 6.205770000000000453e-01 -7.841460000000000097e-01 -6.130000000000000466e-04
1.700000000000000000e+01 5.800000000000000000e+01 3.100000000000000000e+01 0.000000000000000000e+00 1.600000000000000089e+00 4.499999999999999877e-04 1.701999999999999954e-03 9.999980000000000535e-01 -7.816910000000000247e-01 -6.236639999999999961e-01 1.412999999999999977e-03 6.236660000000000537e-01 -7.816899999999999959e-01 1.049999999999999935e-03
2.400000000000000000e+01 5.800000000000000000e+01 3.100000000000000000e+01 0.000000000000000000e+00 1.600000000000000089e+00 -5.276000000000000308e-03 -1.064200000000000042e-02 9.999289999999999567e-01 -7.698650000000000215e-01 -6.381149999999999878e-01 -1.085299999999999980e-02 6.381850000000000023e-01 -7.698679999999999968e-01 -4.826000000000000428e-03
1.900000000000000000e+01 4.200000000000000000e+01 3.400000000000000000e+01 0.000000000000000000e+00 1.600000000000000089e+00 1.912999999999999987e-03 -1.257000000000000088e-03 -9.999970000000000248e-01 -2.926190000000000180e-01 9.562279999999999669e-01 -1.761999999999999894e-03 9.562270000000000492e-01 2.926210000000000200e-01 1.461000000000000059e-03
2.000000000000000000e+00 4.600000000000000000e+01 3.500000000000000000e+01 0.000000000000000000e+00 1.600000000000000089e+00 3.530000000000000152e-04 2.273999999999999980e-03 -9.999970000000000248e-01 3.860299999999999843e-01 -9.224839999999999707e-01 -1.962000000000000202e-03 -9.224860000000000282e-01 -3.860290000000000110e-01 -1.203999999999999992e-03
8.000000000000000000e+00 4.600000000000000000e+01 3.500000000000000000e+01 0.000000000000000000e+00 1.600000000000000089e+00 2.090000000000000115e-04 -8.490000000000000368e-04 -1.000000000000000000e+00 3.861720000000000153e-01 -9.224259999999999682e-01 8.639999999999999677e-04 -9.224269999999999969e-01 -3.861720000000000153e-01 1.350000000000000017e-04
1.500000000000000000e+01 4.600000000000000000e+01 3.500000000000000000e+01 0.000000000000000000e+00 1.600000000000000089e+00 7.050000000000000060e-04 -3.079999999999999839e-03 -9.999949999999999672e-01 3.842570000000000152e-01 -9.232209999999999583e-01 3.115000000000000147e-03 -9.232259999999999911e-01 -3.842570000000000152e-01 5.320000000000000293e-04
2.000000000000000000e+01 4.600000000000000000e+01 3.500000000000000000e+01 0.000000000000000000e+00 1.600000000000000089e+00 -2.739999999999999923e-04 -1.229000000000000058e-03 -9.999989999999999712e-01 3.856220000000000203e-01 -9.226560000000000317e-01 1.028999999999999967e-03 -9.226569999999999494e-01 -3.856220000000000203e-01 7.269999999999999987e-04
2.700000000000000000e+01 4.600000000000000000e+01 3.500000000000000000e+01 0.000000000000000000e+00 1.600000000000000089e+00 -1.118000000000000070e-03 2.177000000000000116e-03 -9.999970000000000248e-01 3.855629999999999891e-01 -9.226779999999999982e-01 -2.439999999999999895e-03 -9.226809999999999734e-01 -3.855649999999999911e-01 1.920000000000000049e-04
5.000000000000000000e+00 9.500000000000000000e+01 3.600000000000000000e+01 0.000000000000000000e+00 1.600000000000000089e+00 -2.386999999999999799e-03 -1.228500000000000078e-02 9.999219999999999775e-01 9.976000000000000423e-01 6.916300000000000225e-02 3.232000000000000064e-03 -6.919699999999999462e-02 9.975300000000000278e-01 1.209099999999999932e-02
1.200000000000000000e+01 9.500000000000000000e+01 3.600000000000000000e+01 0.000000000000000000e+00 1.600000000000000089e+00 1.276000000000000007e-03 -1.545900000000000052e-02 9.998799999999999910e-01 9.977169999999999650e-01 6.752600000000000269e-02 -2.300000000000000070e-04 -6.751500000000000556e-02 9.975979999999999848e-01 1.550999999999999948e-02
1.600000000000000000e+01 9.500000000000000000e+01 3.600000000000000000e+01 0.000000000000000000e+00 1.600000000000000089e+00 6.939999999999999555e-04 1.823200000000000168e-02 9.998340000000000005e-01 9.976479999999999793e-01 6.852300000000000058e-02 -1.941999999999999933e-03 -6.854699999999999682e-02 9.974830000000000085e-01 -1.814199999999999841e-02
2.300000000000000000e+01 9.500000000000000000e+01 3.600000000000000000e+01 0.000000000000000000e+00 1.600000000000000089e+00 1.690600000000000089e-02 4.449999999999999746e-04 9.998569999999999958e-01 9.972900000000000098e-01 7.160500000000000198e-02 -1.689399999999999930e-02 -7.160299999999999998e-02 9.974330000000000140e-01 7.669999999999999951e-04
2.600000000000000000e+01 9.500000000000000000e+01 3.700000000000000000e+01 0.000000000000000000e+00 1.600000000000000089e+00 7.337999999999999905e-03 -1.577800000000000036e-02 9.998489999999999878e-01 9.958620000000000250e-01 9.068400000000000072e-02 -5.877000000000000279e-03 -9.057700000000000473e-02 9.957549999999999457e-01 1.637800000000000020e-02
5.000000000000000000e+00 3.000000000000000000e+00 4.300000000000000000e+01 0.000000000000000000e+00 1.600000000000000089e+00 -2.616999999999999969e-03 2.090000000000000115e-04 -9.999970000000000248e-01 7.400259999999999616e-01 -6.725750000000000339e-01 -2.076999999999999853e-03 -6.725729999999999764e-01 -7.400290000000000479e-01 1.606000000000000006e-03
1.200000000000000000e+01 3.000000000000000000e+00 4.300000000000000000e+01 0.000000000000000000e+00 1.600000000000000089e+00 5.410000000000000312e-04 -1.434799999999999964e-02 -9.998970000000000358e-01 7.412539999999999685e-01 -6.711500000000000243e-01 1.003199999999999925e-02 -6.712249999999999606e-01 -7.411830000000000362e-01 1.027299999999999915e-02
1.500000000000000000e+01 3.000000000000000000e+00 4.300000000000000000e+01 0.000000000000000000e+00 1.600000000000000089e+00 7.410000000000000137e-04 -6.361999999999999600e-03 -9.999789999999999512e-01 7.413889999999999647e-01 -6.710580000000000434e-01 4.819000000000000367e-03 -6.710749999999999771e-01 -7.413769999999999527e-01 4.218999999999999660e-03
2.000000000000000000e+01 3.000000000000000000e+00 4.300000000000000000e+01 0.000000000000000000e+00 1.600000000000000089e+00 -1.139999999999999954e-03 -1.274699999999999965e-02 -9.999179999999999735e-01 7.417430000000000412e-01 -6.706400000000000139e-01 7.702999999999999778e-03 -6.706830000000000291e-01 -7.416730000000000267e-01 1.021900000000000065e-02
2.600000000000000000e+01 3.000000000000000000e+00 4.300000000000000000e+01 0.000000000000000000e+00 1.600000000000000089e+00 -2.429999999999999868e-03 -5.860999999999999890e-03 -9.999799999999999800e-01 7.378559999999999564e-01 -6.749549999999999716e-01 2.162999999999999992e-03 -6.749540000000000539e-01 -7.378360000000000474e-01 5.963999999999999684e-03
2.600000000000000000e+01 8.000000000000000000e+00 4.400000000000000000e+01 0.000000000000000000e+00 1.600000000000000089e+00 1.712999999999999896e-03 1.508999999999999925e-03 9.999970000000000248e-01 -7.729880000000000084e-01 -6.344170000000000087e-01 2.281000000000000041e-03 6.344189999999999552e-01 -7.729899999999999549e-01 8.000000000000000654e-05
2.000000000000000000e+00 2.900000000000000000e+01 4.400000000000000000e+01 0.000000000000000000e+00 1.600000000000000089e+00 -2.468000000000000142e-03 -1.631999999999999987e-03 -9.999959999999999960e-01 6.738739999999999730e-01 7.388409999999999700e-01 -2.869000000000000022e-03 7.388419999999999987e-01 -6.738779999999999770e-01 -7.240000000000000342e-04
1.400000000000000000e+01 2.900000000000000000e+01 4.400000000000000000e+01 0.000000000000000000e+00 1.600000000000000089e+00 3.159999999999999832e-04 2.066000000000000128e-03 -9.999980000000000535e-01 6.814139999999999642e-01 7.318970000000000198e-01 1.727999999999999935e-03 7.318989999999999663e-01 -6.814130000000000464e-01 -1.177000000000000095e-03
1.900000000000000000e+01 2.900000000000000000e+01 4.400000000000000000e+01 0.000000000000000000e+00 1.600000000000000089e+00 1.250000000000000026e-04 1.381000000000000066e-03 -9.999989999999999712e-01 6.783029999999999893e-01 7.347820000000000462e-01 1.100000000000000066e-03 7.347820000000000462e-01 -6.783019999999999605e-01 -8.450000000000000479e-04
2.500000000000000000e+01 2.900000000000000000e+01 4.400000000000000000e+01 0.000000000000000000e+00 1.600000000000000089e+00 -8.700000000000000051e-05 1.596999999999999895e-03 -9.999989999999999712e-01 6.623740000000000183e-01 7.491719999999999491e-01 1.139000000000000038e-03 7.491729999999999778e-01 -6.623729999999999896e-01 -1.121999999999999950e-03
7.000000000000000000e+00 6.000000000000000000e+00 5.100000000000000000e+01 0.000000000000000000e+00 1.600000000000000089e+00 1.699999999999999905e-03 -2.089000000000000145e-03 -9.999959999999999960e-01 3.317709999999999826e-01 -9.433570000000000011e-01 2.534999999999999927e-03 -9.433580000000000298e-01 -3.317740000000000133e-01 -9.100000000000000016e-04
1.200000000000000000e+01 6.000000000000000000e+00 5.100000000000000000e+01 0.000000000000000000e+00 1.600000000000000089e+00 -1.920000000000000049e-03 -4.762999999999999873e-03 -9.999869999999999592e-01 3.258050000000000113e-01 -9.454289999999999639e-01 3.876999999999999804e-03 -9.454350000000000254e-01 -3.257939999999999725e-01 3.367000000000000201e-03
2.100000000000000000e+01 1.150000000000000000e+02 5.100000000000000000e+01 0.000000000000000000e+00 1.600000000000000089e+00 -2.635999999999999888e-03 -7.379000000000000142e-03 9.999689999999999968e-01 8.449759999999999494e-01 -5.348009999999999708e-01 -1.719000000000000042e-03 5.347969999999999668e-01 8.449459999999999749e-01 7.644999999999999886e-03
1.000000000000000000e+01 7.000000000000000000e+00 5.200000000000000000e+01 0.000000000000000000e+00 1.600000000000000089e+00 -1.979999999999999881e-04 -3.020000000000000115e-03 -9.999949999999999672e-01 1.121779999999999999e-01 -9.936840000000000117e-01 2.978000000000000178e-03 -9.936880000000000157e-01 -1.121769999999999989e-01 5.360000000000000181e-04
2.600000000000000000e+01 7.000000000000000000e+00 5.200000000000000000e+01 0.000000000000000000e+00 1.600000000000000089e+00 -2.138000000000000143e-03 -6.099000000000000254e-03 -9.999789999999999512e-01 9.837600000000000511e-02 -9.951320000000000165e-01 5.858999999999999625e-03 -9.951470000000000038e-01 -9.836100000000000398e-02 2.727999999999999956e-03
5.000000000000000000e+00 1.600000000000000000e+01 5.200000000000000000e+01 0.000000000000000000e+00 1.600000000000000089e+00 8.460000000000000506e-03 1.133499999999999959e-02 -9.999000000000000110e-01 7.760350000000000303e-01 6.305410000000000181e-01 1.371400000000000050e-02 6.306329999999999991e-01 -7.760730000000000128e-01 -3.461999999999999800e-03
1.100000000000000000e+01 1.500000000000000000e+01 5.300000000000000000e+01 0.000000000000000000e+00 1.600000000000000089e+00 4.270999999999999623e-03 -5.687000000000000215e-03 -9.999749999999999472e-01 6.838739999999999819e-01 7.295989999999999975e-01 -1.229000000000000058e-03 7.295880000000000143e-01 -6.838509999999999867e-01 7.004999999999999942e-03
1.600000000000000000e+01 1.500000000000000000e+01 5.300000000000000000e+01 0.000000000000000000e+00 1.600000000000000089e+00 -1.940000000000000101e-03 -7.383999999999999939e-03 -9.999710000000000543e-01 6.835900000000000309e-01 7.298350000000000115e-01 -6.714999999999999615e-03 7.298639999999999572e-01 -6.835830000000000517e-01 3.631999999999999812e-03
1.000000000000000000e+00 6.300000000000000000e+01 5.400000000000000000e+01 0.000000000000000000e+00 1.600000000000000089e+00 3.420000000000000188e-04 -9.905000000000000610e-03 9.999510000000000343e-01 -3.562509999999999843e-01 9.343430000000000346e-01 9.376999999999999919e-03 -9.343900000000000539e-01 -3.562370000000000259e-01 -3.209000000000000047e-03
5.000000000000000000e+00 6.300000000000000000e+01 5.400000000000000000e+01 0.000000000000000000e+00 1.600000000000000089e+00 -1.351999999999999903e-03 -6.040000000000000447e-04 9.999989999999999712e-01 -3.510190000000000254e-01 9.363679999999999781e-01 9.100000000000000287e-05 -9.363669999999999494e-01 -3.510179999999999967e-01 -1.477999999999999930e-03
1.000000000000000000e+01 6.300000000000000000e+01 5.400000000000000000e+01 0.000000000000000000e+00 1.600000000000000089e+00 8.540000000000000499e-04 1.441999999999999922e-03 9.999989999999999712e-01 -3.507649999999999935e-01 9.364630000000000454e-01 -1.051000000000000068e-03 -9.364630000000000454e-01 -3.507640000000000202e-01 1.304999999999999953e-03
1.300000000000000000e+01 6.300000000000000000e+01 5.400000000000000000e+01 0.000000000000000000e+00 1.600000000000000089e+00 1.242000000000000048e-03 -4.099999999999999912e-04 9.999989999999999712e-01 -3.519129999999999758e-01 9.360319999999999752e-01 8.210000000000000067e-04 -9.360319999999999752e-01 -3.519140000000000046e-01 1.018000000000000025e-03
1.900000000000000000e+01 6.300000000000000000e+01 5.400000000000000000e+01 0.000000000000000000e+00 1.600000000000000089e+00 -1.137999999999999906e-03 4.910000000000000085e-04 9.999989999999999712e-01 -3.515320000000000111e-01 9.361760000000000081e-01 -8.589999999999999546e-04 -9.361749999999999794e-01 -3.515320000000000111e-01 -8.919999999999999978e-04
2.500000000000000000e+01 6.300000000000000000e+01 5.400000000000000000e+01 0.000000000000000000e+00 1.600000000000000089e+00 -2.618999999999999800e-03 -1.502999999999999996e-03 9.999949999999999672e-01 -3.566500000000000226e-01 9.342380000000000129e-01 4.699999999999999859e-04 -9.342340000000000089e-01 -3.566469999999999918e-01 -2.982999999999999974e-03
3.000000000000000000e+00 2.500000000000000000e+01 5.500000000000000000e+01 0.000000000000000000e+00 1.600000000000000089e+00 -7.899999999999999579e-05 -3.252000000000000116e-03 -9.999949999999999672e-01 -1.195200000000000082e-02 -9.999230000000000063e-01 3.252999999999999815e-03 -9.999289999999999567e-01 1.195300000000000008e-02 4.000000000000000327e-05
1.300000000000000000e+01 2.500000000000000000e+01 5.500000000000000000e+01 0.000000000000000000e+00 1.600000000000000089e+00 -1.150999999999999896e-03 -1.642999999999999929e-03 -9.999980000000000535e-01 -1.122199999999999934e-02 -9.999360000000000470e-01 1.655999999999999920e-03 -9.999360000000000470e-01 1.122399999999999960e-02 1.131999999999999977e-03
1.700000000000000000e+01 2.500000000000000000e+01 5.500000000000000000e+01 0.000000000000000000e+00 1.600000000000000089e+00 -4.760000000000000234e-04 1.961000000000000069e-03 -9.999980000000000535e-01 -1.084800000000000000e-02 -9.999390000000000223e-01 -1.955999999999999839e-03 -9.999409999999999688e-01 1.084700000000000074e-02 4.979999999999999618e-04
2.100000000000000000e+01 2.500000000000000000e+01 5.500000000000000000e+01 0.000000000000000000e+00 1.600000000000000089e+00 1.701000000000000038e-03 2.115999999999999825e-03 -9.999959999999999960e-01 -1.080000000000000057e-02 -9.999390000000000223e-01 -2.134000000000000046e-03 -9.999400000000000510e-01 1.080399999999999937e-02 -1.678000000000000021e-03
2.600000000000000000e+01 2.500000000000000000e+01 5.500000000000000000e+01 0.000000000000000000e+00 1.600000000000000089e+00 -2.190000000000000106e-04 -8.490000000000000368e-04 -1.000000000000000000e+00 -1.140500000000000021e-02 -9.999350000000000183e-01 8.509999999999999769e-04 -9.999350000000000183e-01 1.140500000000000021e-02 2.100000000000000087e-04
8.000000000000000000e+00 6.800000000000000000e+01 5.700000000000000000e+01 0.000000000000000000e+00 1.600000000000000089e+00 4.569999999999999952e-04 -4.382999999999999743e-03 -9.999900000000000455e-01 -2.404100000000000126e-01 -9.706630000000000535e-01 4.144000000000000114e-03 -9.706709999999999505e-01 2.404060000000000086e-01 -1.497000000000000067e-03
5.000000000000000000e+00 2.100000000000000000e+01 6.000000000000000000e+01 0.000000000000000000e+00 1.600000000000000089e+00 -1.154999999999999994e-03 -3.148999999999999889e-03 9.999940000000000495e-01 -9.733100000000000085e-02 9.952469999999999928e-01 3.021999999999999947e-03 -9.952509999999999968e-01 -9.732699999999999685e-02 -1.456000000000000046e-03
1.000000000000000000e+01 2.100000000000000000e+01 6.000000000000000000e+01 0.000000000000000000e+00 1.600000000000000089e+00 -4.380000000000000213e-04 7.016999999999999800e-03 9.999749999999999472e-01 -9.755099999999999882e-02 9.952060000000000350e-01 -7.026000000000000127e-03 -9.952299999999999480e-01 -9.755099999999999882e-02 2.489999999999999809e-04
2.600000000000000000e+01 2.100000000000000000e+01 6.000000000000000000e+01 0.000000000000000000e+00 1.600000000000000089e+00 6.759999999999999516e-04 -2.854000000000000200e-03 9.999959999999999960e-01 -9.989800000000000069e-02 9.949930000000000163e-01 2.906999999999999862e-03 -9.949970000000000203e-01 -9.990000000000000269e-02 3.869999999999999742e-04
2.900000000000000000e+01 6.000000000000000000e+00 6.100000000000000000e+01 0.000000000000000000e+00 1.600000000000000089e+00 -7.269999999999999987e-04 6.649999999999999661e-03 9.999780000000000335e-01 5.615750000000000464e-01 -8.274049999999999461e-01 5.910999999999999588e-03 8.274259999999999948e-01 5.615660000000000096e-01 -3.132999999999999934e-03
1.700000000000000000e+01 3.000000000000000000e+00 6.300000000000000000e+01 0.000000000000000000e+00 1.600000000000000089e+00 -5.389999999999999826e-04 4.101999999999999744e-03 9.999909999999999632e-01 -6.150529999999999609e-01 7.884780000000000122e-01 -3.566000000000000159e-03 -7.884860000000000202e-01 -6.150489999999999569e-01 2.098000000000000038e-03
2.300000000000000000e+01 3.000000000000000000e+00 6.300000000000000000e+01 0.000000000000000000e+00 1.600000000000000089e+00 -4.899999999999999842e-05 -4.970000000000000459e-04 1.000000000000000000e+00 -6.135169999999999790e-01 7.896819999999999951e-01 3.620000000000000171e-04 -7.896819999999999951e-01 -6.135159999999999503e-01 -3.440000000000000132e-04
2.000000000000000000e+00 2.700000000000000000e+01 6.300000000000000000e+01 0.000000000000000000e+00 1.600000000000000089e+00 1.809000000000000061e-03 -4.712000000000000043e-03 9.999869999999999592e-01 -2.742160000000000153e-01 9.616550000000000376e-01 5.027000000000000218e-03 -9.616660000000000208e-01 -2.742220000000000213e-01 4.470000000000000232e-04
8.000000000000000000e+00 2.700000000000000000e+01 6.300000000000000000e+01 0.000000000000000000e+00 1.600000000000000089e+00 -9.920000000000000432e-04 -2.691999999999999948e-03 9.999959999999999960e-01 -2.735819999999999919e-01 9.618459999999999788e-01 2.318000000000000182e-03 -9.618480000000000363e-01 -2.735779999999999879e-01 -1.690000000000000096e-03
1.200000000000000000e+01 2.700000000000000000e+01 6.300000000000000000e+01 0.000000000000000000e+00 1.600000000000000089e+00 2.290000000000000098e-04 -4.838000000000000286e-03 9.999879999999999880e-01 -2.732859999999999734e-01 9.619210000000000260e-01 4.715999999999999706e-03 -9.619330000000000380e-01 -2.732840000000000269e-01 -1.101999999999999898e-03
1.700000000000000000e+01 2.700000000000000000e+01 6.300000000000000000e+01 0.000000000000000000e+00 1.600000000000000089e+00 3.780000000000000265e-04 -9.940000000000000918e-04 9.999989999999999712e-01 -2.735929999999999751e-01 9.618449999999999500e-01 1.059999999999999961e-03 -9.618459999999999788e-01 -2.735929999999999751e-01 9.100000000000000287e-05
2.200000000000000000e+01 2.700000000000000000e+01 6.300000000000000000e+01 0.000000000000000000e+00 1.600000000000000089e+00 -1.245000000000000013e-03 -1.955000000000000140e-03 9.999970000000000248e-01 -2.749489999999999990e-01 9.614570000000000061e-01 1.538000000000000088e-03 -9.614580000000000348e-01 -2.749469999999999970e-01 -1.734000000000000081e-03
2.600000000000000000e+01 2.700000000000000000e+01 6.300000000000000000e+01 0.000000000000000000e+00 1.600000000000000089e+00 -9.200000000000000278e-04 -1.630000000000000047e-04 1.000000000000000000e+00 -2.735799999999999899e-01 9.618489999999999540e-01 -9.500000000000000523e-05 -9.618489999999999540e-01 -2.735799999999999899e-01 -9.290000000000000297e-04
1.000000000000000000e+00 2.600000000000000000e+01 6.400000000000000000e+01 0.000000000000000000e+00 1.600000000000000089e+00 2.494000000000000123e-03 -3.161999999999999880e-03 9.999919999999999920e-01 -3.589100000000000068e-01 9.333639999999999715e-01 3.847000000000000159e-03 -9.333690000000000042e-01 -3.589169999999999860e-01 1.193000000000000050e-03
8.000000000000000000e+00 2.600000000000000000e+01 6.400000000000000000e+01 0.000000000000000000e+00 1.600000000000000089e+00 -1.180999999999999975e-03 -2.680000000000000090e-03 9.999959999999999960e-01 -3.586520000000000263e-01 9.334689999999999932e-01 2.077999999999999986e-03 -9.334710000000000507e-01 -3.586480000000000223e-01 -2.063000000000000164e-03
