6.000000000000000000e+00 2.500000000000000000e+01 1.000000000000000000e+00 0.000000000000000000e+00 1.600000000000000089e+00 -4.141999999999999849e-03 -4.959999999999999999e-03 -9.999789999999999512e-01 -5.308490000000000153e-01 -8.474420000000000286e-01 6.401999999999999705e-03 -8.474559999999999871e-01 5.308640000000000025e-01 8.769999999999999584e-04
1.500000000000000000e+01 2.500000000000000000e+01 1.000000000000000000e+00 0.000000000000000000e+00 1.600000000000000089e+00 -7.590000000000000175e-04 -3.134000000000000067e-03 -9.999949999999999672e-01 -5.252259999999999707e-01 -8.509569999999999634e-01 3.065000000000000016e-03 -8.509619999999999962e-01 5.252259999999999707e-01 -1.000999999999999937e-03
6.000000000000000000e+00 1.500000000000000000e+01 4.000000000000000000e+00 0.000000000000000000e+00 1.600000000000000089e+00 2.959999999999999849e-04 -1.955099999999999894e-02 9.998089999999999478e-01 2.914809999999999901e-01 -9.563920000000000199e-01 -1.878900000000000015e-02 9.565770000000000106e-01 2.914309999999999956e-01 5.415999999999999807e-03
1.600000000000000000e+01 1.500000000000000000e+01 4.000000000000000000e+00 0.000000000000000000e+00 1.600000000000000089e+00 -2.340000000000000066e-03 -1.002699999999999945e-02 9.999470000000000303e-01 2.810360000000000080e-01 -9.596550000000000358e-01 -8.966000000000000011e-03 9.596949999999999648e-01 2.810000000000000275e-01 5.062999999999999792e-03
2.500000000000000000e+01 1.500000000000000000e+01 4.000000000000000000e+00 0.000000000000000000e+00 1.600000000000000089e+00 -2.047000000000000208e-03 9.613999999999999282e-03 9.999519999999999520e-01 2.936549999999999994e-01 -9.558609999999999607e-01 9.790999999999999356e-03 9.559090000000000087e-01 2.936610000000000054e-01 -8.660000000000000163e-04
2.000000000000000000e+00 1.010000000000000000e+02 7.000000000000000000e+00 0.000000000000000000e+00 1.600000000000000089e+00 -1.650999999999999907e-03 -2.083700000000000135e-02 9.997810000000000308e-01 8.866690000000000405e-01 4.622709999999999875e-01 1.109899999999999949e-02 -4.624010000000000065e-01 8.864940000000000042e-01 1.771199999999999858e-02
1.200000000000000000e+01 1.010000000000000000e+02 7.000000000000000000e+00 0.000000000000000000e+00 1.600000000000000089e+00 -1.092000000000000089e-03 -3.154000000000000119e-03 9.999940000000000495e-01 8.859489999999999865e-01 4.637760000000000216e-01 2.429999999999999868e-03 -4.637809999999999988e-01 8.859470000000000400e-01 2.288000000000000103e-03
1.800000000000000000e+01 1.010000000000000000e+02 7.000000000000000000e+00 0.000000000000000000e+00 1.600000000000000089e+00 -2.020000000000000094e-03 -4.453999999999999626e-03 9.999879999999999880e-01 8.842269999999999852e-01 4.670409999999999839e-01 3.867000000000000211e-03 -4.670529999999999959e-01 8.842240000000000100e-01 2.994999999999999832e-03
4.000000000000000000e+00 1.500000000000000000e+01 8.000000000000000000e+00 0.000000000000000000e+00 1.600000000000000089e+00 -2.052000000000000005e-03 -7.121999999999999859e-03 -9.999730000000000008e-01 -5.911159999999999748e-01 -8.065569999999999684e-01 6.957999999999999775e-03 -8.065839999999999677e-01 5.911140000000000283e-01 -2.554999999999999979e-03
8.000000000000000000e+00 1.500000000000000000e+01 8.000000000000000000e+00 0.000000000000000000e+00 1.600000000000000089e+00 -3.112000000000000183e-03 -2.016000000000000084e-02 -9.997920000000000140e-01 -5.937989999999999657e-01 -8.044109999999999872e-01 1.806900000000000173e-02 -8.046069999999999611e-01 5.937320000000000375e-01 -9.468000000000000721e-03
1.800000000000000000e+01 1.500000000000000000e+01 8.000000000000000000e+00 0.000000000000000000e+00 1.600000000000000089e+00 -3.886999999999999830e-03 -2.998999999999999930e-03 -9.999879999999999880e-01 -5.944040000000000434e-01 -8.041530000000000067e-01 4.721999999999999635e-03 -8.041570000000000107e-01 5.944150000000000267e-01 1.343000000000000010e-03
2.700000000000000000e+01 1.500000000000000000e+01 8.000000000000000000e+00 0.000000000000000000e+00 1.600000000000000089e+00 5.341000000000000261e-03 9.393999999999999573e-03 -9.999419999999999975e-01 -5.937240000000000295e-01 -8.045970000000000066e-01 -1.073099999999999922e-02 -8.046510000000000051e-01 5.937470000000000248e-01 1.280000000000000105e-03
3.000000000000000000e+00 2.400000000000000000e+01 9.000000000000000000e+00 0.000000000000000000e+00 1.600000000000000089e+00 3.259000000000000178e-03 1.114700000000000066e-02 -9.999329999999999607e-01 4.581200000000000272e-01 8.888169999999999682e-01 1.140099999999999968e-02 8.888840000000000074e-01 -4.581259999999999777e-01 -2.210000000000000159e-03
8.000000000000000000e+00 2.400000000000000000e+01 9.000000000000000000e+00 0.000000000000000000e+00 1.600000000000000089e+00 4.271999999999999756e-03 1.064200000000000042e-02 -9.999339999999999895e-01 4.581990000000000229e-01 8.887760000000000105e-01 1.141700000000000007e-02 8.888390000000000457e-01 -4.582180000000000142e-01 -1.079000000000000098e-03
1.000000000000000000e+01 2.400000000000000000e+01 9.000000000000000000e+00 0.000000000000000000e+00 1.600000000000000089e+00 4.536000000000000101e-03 1.042200000000000071e-02 -9.999350000000000183e-01 4.574650000000000105e-01 8.891550000000000287e-01 1.134199999999999965e-02 8.892160000000000064e-01 -4.574869999999999770e-01 -7.349999999999999763e-04
1.300000000000000000e+01 2.400000000000000000e+01 9.000000000000000000e+00 0.000000000000000000e+00 1.600000000000000089e+00 3.844999999999999894e-03 7.435999999999999902e-03 -9.999649999999999928e-01 4.560750000000000082e-01 8.899019999999999708e-01 8.370999999999999969e-03 8.899329999999999741e-01 -4.560910000000000242e-01 3.000000000000000076e-05
1.700000000000000000e+01 2.400000000000000000e+01 9.000000000000000000e+00 0.000000000000000000e+00 1.600000000000000089e+00 3.280000000000000038e-04 -4.679999999999999915e-04 -1.000000000000000000e+00 4.542209999999999859e-01 8.908890000000000420e-01 -2.680000000000000090e-04 8.908890000000000420e-01 -4.542209999999999859e-01 5.050000000000000235e-04
1.000000000000000000e+01 4.000000000000000000e+00 1.100000000000000000e+01 0.000000000000000000e+00 1.600000000000000089e+00 8.739999999999999939e-04 2.206199999999999828e-02 -9.997559999999999780e-01 1.752279999999999949e-01 9.842849999999999655e-01 2.187400000000000108e-02 9.845270000000000410e-01 -1.752049999999999996e-01 -3.004999999999999859e-03
2.600000000000000000e+01 4.000000000000000000e+00 1.100000000000000000e+01 0.000000000000000000e+00 1.600000000000000089e+00 6.700000000000000226e-04 -9.067999999999999672e-03 -9.999590000000000423e-01 1.762749999999999873e-01 9.843020000000000103e-01 -8.807999999999999857e-03 9.843410000000000215e-01 -1.762620000000000020e-01 2.258000000000000024e-03
1.000000000000000000e+01 3.000000000000000000e+00 1.300000000000000000e+01 0.000000000000000000e+00 1.600000000000000089e+00 6.520000000000000188e-04 2.221700000000000064e-02 9.997530000000000028e-01 -2.867000000000000191e-03 9.997489999999999988e-01 -2.221499999999999864e-02 -9.999959999999999960e-01 -2.851999999999999934e-03 7.150000000000000322e-04
1.200000000000000000e+01 3.000000000000000000e+00 1.300000000000000000e+01 0.000000000000000000e+00 1.600000000000000089e+00 4.929999999999999487e-04 1.635899999999999854e-02 9.998660000000000325e-01 -1.585999999999999953e-03 9.998650000000000038e-01 -1.635800000000000101e-02 -9.999989999999999712e-01 -1.577999999999999976e-03 5.190000000000000386e-04
1.500000000000000000e+01 3.000000000000000000e+00 1.300000000000000000e+01 0.000000000000000000e+00 1.600000000000000089e+00 1.190000000000000058e-04 7.400000000000000328e-03 9.999730000000000008e-01 -1.093999999999999920e-03 9.999719999999999720e-01 -7.400000000000000328e-03 -9.999989999999999712e-01 -1.093999999999999920e-03 1.269999999999999970e-04
2.500000000000000000e+01 3.000000000000000000e+00 1.300000000000000000e+01 0.000000000000000000e+00 1.600000000000000089e+00 -7.370000000000000249e-04 -6.058000000000000017e-03 9.999810000000000088e-01 -1.100699999999999942e-02 9.999209999999999487e-01 6.049999999999999822e-03 -9.999390000000000223e-01 -1.100199999999999963e-02 -8.030000000000000028e-04
3.000000000000000000e+01 3.000000000000000000e+00 1.300000000000000000e+01 0.000000000000000000e+00 1.600000000000000089e+00 -9.590000000000000000e-04 -1.323599999999999950e-02 9.999120000000000230e-01 -1.462100000000000032e-02 9.998059999999999725e-01 1.322100000000000011e-02 -9.998930000000000318e-01 -1.460799999999999946e-02 -1.152000000000000029e-03
5.000000000000000000e+00 1.200000000000000000e+01 1.500000000000000000e+01 0.000000000000000000e+00 1.600000000000000089e+00 -1.002999999999999985e-03 -2.713999999999999833e-03 -9.999959999999999960e-01 -4.725329999999999808e-01 -8.813079999999999803e-01 2.866000000000000058e-03 -8.813119999999999843e-01 4.725340000000000096e-01 -3.989999999999999949e-04
1.200000000000000000e+01 1.200000000000000000e+01 1.500000000000000000e+01 0.000000000000000000e+00 1.600000000000000089e+00 -1.366999999999999943e-03 -9.726999999999999535e-03 -9.999519999999999520e-01 -4.710690000000000155e-01 -8.820480000000000542e-01 9.223999999999999561e-03 -8.820959999999999912e-01 4.710579999999999767e-01 -3.376000000000000095e-03
1.700000000000000000e+01 1.200000000000000000e+01 1.500000000000000000e+01 0.000000000000000000e+00 1.600000000000000089e+00 -3.350000000000000113e-03 -3.348999999999999980e-03 -9.999890000000000168e-01 -4.691060000000000230e-01 -8.831299999999999706e-01 4.529000000000000040e-03 -8.831360000000000321e-01 4.691159999999999775e-01 1.386999999999999995e-03
2.500000000000000000e+01 1.200000000000000000e+01 1.500000000000000000e+01 0.000000000000000000e+00 1.600000000000000089e+00 8.229999999999999469e-04 3.860000000000000150e-03 -9.999919999999999920e-01 -4.699499999999999789e-01 -8.826850000000000529e-01 -3.794000000000000063e-03 -8.826929999999999499e-01 4.699490000000000056e-01 1.087000000000000076e-03
1.000000000000000000e+00 1.160000000000000000e+02 1.600000000000000000e+01 0.000000000000000000e+00 1.600000000000000089e+00 -7.460000000000000268e-04 6.000000000000000152e-05 1.000000000000000000e+00 6.768180000000000307e-01 7.361509999999999998e-01 4.600000000000000139e-04 -7.361499999999999710e-01 6.768180000000000307e-01 -5.890000000000000053e-04
2.800000000000000000e+01 1.160000000000000000e+02 1.600000000000000000e+01 0.000000000000000000e+00 1.600000000000000089e+00 -6.526999999999999816e-03 -3.818000000000000213e-03 9.999710000000000543e-01 7.090729999999999533e-01 7.050969999999999738e-01 7.320000000000000118e-03 -7.051049999999999818e-01 7.090999999999999526e-01 -1.894999999999999983e-03
2.000000000000000000e+00 2.000000000000000000e+00 1.900000000000000000e+01 0.000000000000000000e+00 1.600000000000000089e+00 1.142000000000000003e-03 1.082100000000000076e-02 -9.999409999999999688e-01 2.145839999999999970e-01 -9.766510000000000469e-01 -1.032399999999999984e-02 -9.767050000000000454e-01 -2.145600000000000007e-01 -3.436999999999999951e-03
9.000000000000000000e+00 2.000000000000000000e+00 1.900000000000000000e+01 0.000000000000000000e+00 1.600000000000000089e+00 -5.910000000000000539e-04 -6.228000000000000029e-03 -9.999799999999999800e-01 2.100450000000000095e-01 -9.776730000000000143e-01 5.963999999999999684e-03 -9.776909999999999767e-01 -2.100380000000000025e-01 1.886000000000000090e-03
1.500000000000000000e+01 2.000000000000000000e+00 1.900000000000000000e+01 0.000000000000000000e+00 1.600000000000000089e+00 1.526000000000000013e-03 -1.436600000000000030e-02 -9.998960000000000070e-01 2.143039999999999945e-01 -9.766610000000000014e-01 1.435900000000000024e-02 -9.767660000000000231e-01 -2.143039999999999945e-01 1.588999999999999918e-03
1.900000000000000000e+01 2.000000000000000000e+00 1.900000000000000000e+01 0.000000000000000000e+00 1.600000000000000089e+00 -9.799999999999999684e-05 -3.879000000000000069e-03 -9.999919999999999920e-01 2.114580000000000071e-01 -9.773800000000000265e-01 3.771000000000000046e-03 -9.773870000000000058e-01 -2.114560000000000051e-01 9.160000000000000390e-04
2.600000000000000000e+01 2.000000000000000000e+00 1.900000000000000000e+01 0.000000000000000000e+00 1.600000000000000089e+00 -1.185999999999999988e-03 -5.464000000000000107e-03 -9.999839999999999840e-01 2.050500000000000100e-01 -9.787379999999999969e-01 5.105000000000000163e-03 -9.787510000000000376e-01 -2.050410000000000010e-01 2.282000000000000174e-03
1.100000000000000000e+01 4.000000000000000000e+00 2.000000000000000000e+01 0.000000000000000000e+00 1.600000000000000089e+00 1.100000000000000066e-03 -7.683999999999999858e-03 -9.999700000000000255e-01 2.981260000000000021e-01 -9.544960000000000111e-01 7.662000000000000408e-03 -9.545259999999999856e-01 -2.981249999999999734e-01 1.240000000000000000e-03
2.300000000000000000e+01 4.000000000000000000e+00 2.000000000000000000e+01 0.000000000000000000e+00 1.600000000000000089e+00 -3.570000000000000040e-04 -4.101999999999999744e-03 -9.999919999999999920e-01 2.917669999999999986e-01 -9.564820000000000544e-01 3.820000000000000045e-03 -9.564890000000000336e-01 -2.917629999999999946e-01 1.538000000000000088e-03
2.000000000000000000e+00 1.300000000000000000e+01 2.000000000000000000e+01 0.000000000000000000e+00 1.600000000000000089e+00 -1.056000000000000081e-03 -4.106000000000000275e-03 9.999909999999999632e-01 2.613389999999999880e-01 9.652380000000000404e-01 4.238999999999999713e-03 -9.652469999999999661e-01 2.613409999999999900e-01 5.399999999999999798e-05
5.000000000000000000e+00 1.300000000000000000e+01 2.000000000000000000e+01 0.000000000000000000e+00 1.600000000000000089e+00 -1.038000000000000077e-03 -7.250000000000000368e-03 9.999730000000000008e-01 2.621280000000000276e-01 9.650060000000000304e-01 7.269000000000000287e-03 -9.650330000000000297e-01 2.621280000000000276e-01 8.980000000000000352e-04
1.300000000000000000e+01 1.300000000000000000e+01 2.000000000000000000e+01 0.000000000000000000e+00 1.600000000000000089e+00 4.690000000000000158e-04 7.129999999999999836e-04 1.000000000000000000e+00 2.645390000000000241e-01 9.643749999999999822e-01 -8.120000000000000048e-04 -9.643749999999999822e-01 2.645390000000000241e-01 2.629999999999999959e-04
1.800000000000000000e+01 1.300000000000000000e+01 2.000000000000000000e+01 0.000000000000000000e+00 1.600000000000000089e+00 -1.630000000000000047e-04 6.369999999999999794e-04 1.000000000000000000e+00 2.640060000000000184e-01 9.645209999999999617e-01 -5.720000000000000258e-04 -9.645209999999999617e-01 2.640060000000000184e-01 -3.249999999999999851e-04
2.400000000000000000e+01 1.300000000000000000e+01 2.000000000000000000e+01 0.000000000000000000e+00 1.600000000000000089e+00 -2.673000000000000029e-03 3.350000000000000113e-04 9.999959999999999960e-01 2.637340000000000240e-01 9.645949999999999802e-01 3.820000000000000153e-04 -9.645920000000000050e-01 2.637340000000000240e-01 -2.665999999999999967e-03
2.000000000000000000e+00 1.600000000000000000e+01 2.100000000000000000e+01 0.000000000000000000e+00 1.600000000000000089e+00 -1.306000000000000086e-03 -4.560000000000000251e-04 9.999989999999999712e-01 2.989559999999999995e-01 9.542659999999999476e-01 8.260000000000000198e-04 -9.542659999999999476e-01 2.989569999999999728e-01 -1.110000000000000092e-03
5.000000000000000000e+00 1.600000000000000000e+01 2.100000000000000000e+01 0.000000000000000000e+00 1.600000000000000089e+00 -3.089999999999999756e-04 -9.077999999999999264e-03 9.999590000000000423e-01 3.001380000000000159e-01 9.538560000000000372e-01 8.751999999999999363e-03 -9.538959999999999662e-01 3.001280000000000059e-01 2.429999999999999868e-03
9.000000000000000000e+00 1.600000000000000000e+01 2.100000000000000000e+01 0.000000000000000000e+00 1.600000000000000089e+00 1.281999999999999936e-03 -7.834999999999999951e-03 9.999679999999999680e-01 3.034080000000000110e-01 9.528339999999999588e-01 7.076999999999999957e-03 -9.528600000000000403e-01 3.033890000000000198e-01 3.599000000000000202e-03
1.300000000000000000e+01 1.600000000000000000e+01 2.100000000000000000e+01 0.000000000000000000e+00 1.600000000000000089e+00 -3.289999999999999739e-04 -3.495999999999999976e-03 9.999940000000000495e-01 3.029510000000000258e-01 9.529999999999999583e-01 3.431000000000000022e-03 -9.530060000000000198e-01 3.029499999999999971e-01 7.450000000000000025e-04
1.900000000000000000e+01 1.600000000000000000e+01 2.100000000000000000e+01 0.000000000000000000e+00 1.600000000000000089e+00 -9.799999999999999684e-05 2.688999999999999984e-03 9.999959999999999960e-01 3.030160000000000076e-01 9.529819999999999958e-01 -2.531999999999999963e-03 -9.529849999999999710e-01 3.030149999999999788e-01 -9.079999999999999530e-04
1.300000000000000000e+01 4.600000000000000000e+01 2.700000000000000000e+01 0.000000000000000000e+00 1.600000000000000089e+00 -1.340000000000000045e-03 5.039999999999999992e-04 -9.999989999999999712e-01 6.685459999999999736e-01 7.436709999999999710e-01 -5.209999999999999788e-04 7.436700000000000532e-01 -6.685459999999999736e-01 -1.333999999999999899e-03
2.900000000000000000e+01 4.600000000000000000e+01 2.700000000000000000e+01 0.000000000000000000e+00 1.600000000000000089e+00 1.678999999999999937e-03 -5.019999999999999506e-04 -9.999980000000000535e-01 6.643029999999999768e-01 7.474629999999999885e-01 7.399999999999999894e-04 7.474619999999999598e-01 -6.643029999999999768e-01 1.588000000000000002e-03
5.000000000000000000e+00 4.600000000000000000e+01 3.000000000000000000e+01 0.000000000000000000e+00 1.600000000000000089e+00 1.051999999999999984e-03 2.098000000000000038e-03 -9.999970000000000248e-01 3.245069999999999899e-01 9.458809999999999718e-01 2.325999999999999943e-03 9.458830000000000293e-01 -3.245080000000000187e-01 3.139999999999999888e-04
1.000000000000000000e+01 4.600000000000000000e+01 3.000000000000000000e+01 0.000000000000000000e+00 1.600000000000000089e+00 -3.609999999999999928e-04 -1.681999999999999901e-03 -9.999989999999999712e-01 3.238199999999999967e-01 9.461169999999999858e-01 -1.708000000000000100e-03 9.461190000000000433e-01 -3.238199999999999967e-01 2.030000000000000012e-04
2.000000000000000000e+01 4.600000000000000000e+01 3.000000000000000000e+01 0.000000000000000000e+00 1.600000000000000089e+00 -7.200000000000000182e-05 2.539999999999999940e-04 -1.000000000000000000e+00 3.171350000000000002e-01 9.483800000000000008e-01 2.180000000000000134e-04 9.483800000000000008e-01 -3.171350000000000002e-01 -1.489999999999999897e-04
2.400000000000000000e+01 4.600000000000000000e+01 3.000000000000000000e+01 0.000000000000000000e+00 1.600000000000000089e+00 7.640000000000000306e-04 2.269000000000000183e-03 -9.999970000000000248e-01 3.180250000000000021e-01 9.480790000000000051e-01 2.393999999999999861e-03 9.480819999999999803e-01 -3.180259999999999754e-01 3.000000000000000076e-06
9.000000000000000000e+00 5.800000000000000000e+01 3.100000000000000000e+01 0.000000000000000000e+00 1.600000000000000089e+00 -2.327000000000000075e-03 -4.075999999999999762e-03 9.999890000000000168e-01 -7.858300000000000285e-01 -6.184279999999999777e-01 -4.348999999999999568e-03 6.184389999999999610e-01 -7.858309999999999462e-01 -1.763999999999999943e-03
1.600000000000000000e+01 5.800000000000000000e+01 3.100000000000000000e+01 0.000000000000000000e+00 1.600000000000000089e+00 1.048000000000000103e-03 -2.027999999999999855e-03 9.999970000000000248e-01 -7.838699999999999557e-01 -6.209249999999999492e-01 -4.380000000000000213e-04 6.209240000000000315e-01 -7.838680000000000092e-01 -2.240999999999999936e-03
2.000000000000000000e+01 5.800000000000000000e+01 3.100000000000000000e+01 0.000000000000000000e+00 1.600000000000000089e+00 -1.549999999999999946e-03 -2.007999999999999802e-03 9.999970000000000248e-01 -7.841439999999999522e-01 -6.205739999999999590e-01 -2.462000000000000213e-03 6.205770000000000453e-01 -7.841460000000000097e-01 -6.130000000000000466e-04
2.700000000000000000e+01 5.800000000000000000e+01 3.100000000000000000e+01 0.000000000000000000e+00 1.600000000000000089e+00 1.510000000000000112e-04 2.203999999999999796e-03 9.999980000000000535e-01 -7.802630000000000399e-01 -6.254499999999999504e-01 1.495999999999999934e-03 6.254520000000000080e-01 -7.802609999999999824e-01 1.626000000000000058e-03
2.800000000000000000e+01 4.200000000000000000e+01 3.400000000000000000e+01 0.000000000000000000e+00 1.600000000000000089e+00 8.130000000000000291e-04 -8.260000000000000198e-04 -9.999989999999999712e-01 -2.910470000000000002e-01 9.567080000000000028e-01 -1.026000000000000002e-03 9.567080000000000028e-01 2.910479999999999734e-01 5.370000000000000424e-04
2.000000000000000000e+00 4.600000000000000000e+01 3.500000000000000000e+01 0.000000000000000000e+00 1.600000000000000089e+00 -2.689999999999999791e-04 3.018999999999999982e-03 -9.999949999999999672e-01 3.852679999999999993e-01 -9.227999999999999536e-01 -2.889000000000000075e-03 -9.228049999999999864e-01 -3.852670000000000261e-01 -9.139999999999999904e-04
8.000000000000000000e+00 4.600000000000000000e+01 3.500000000000000000e+01 0.000000000000000000e+00 1.600000000000000089e+00 -7.600000000000000418e-05 -2.458999999999999814e-03 -9.999970000000000248e-01 3.860850000000000115e-01 -9.224609999999999754e-01 2.239000000000000105e-03 -9.224630000000000329e-01 -3.860830000000000095e-01 1.020000000000000073e-03
1.200000000000000000e+01 4.600000000000000000e+01 3.500000000000000000e+01 0.000000000000000000e+00 1.600000000000000089e+00 -4.920000000000000328e-04 4.229999999999999819e-04 -1.000000000000000000e+00 3.869790000000000174e-01 -9.220880000000000187e-01 -5.800000000000000034e-04 -9.220880000000000187e-01 -3.869799999999999907e-01 2.900000000000000017e-04
1.800000000000000000e+01 4.600000000000000000e+01 3.500000000000000000e+01 0.000000000000000000e+00 1.600000000000000089e+00 2.069999999999999900e-04 -8.599999999999999789e-04 -1.000000000000000000e+00 3.861720000000000153e-01 -9.224259999999999682e-01 8.729999999999999696e-04 -9.224269999999999969e-01 -3.861720000000000153e-01 1.410000000000000120e-04
2.500000000000000000e+01 4.600000000000000000e+01 3.500000000000000000e+01 0.000000000000000000e+00 1.600000000000000089e+00 7.029999999999999574e-04 -3.203999999999999817e-03 -9.999949999999999672e-01 3.841269999999999962e-01 -9.232749999999999568e-01 3.227999999999999967e-03 -9.232799999999999896e-01 -3.841269999999999962e-01 5.820000000000000520e-04
3.000000000000000000e+00 9.500000000000000000e+01 3.600000000000000000e+01 0.000000000000000000e+00 1.600000000000000089e+00 -6.693000000000000164e-03 -2.628999999999999827e-03 9.999740000000000295e-01 9.966380000000000239e-01 8.164000000000000423e-02 6.884999999999999627e-03 -8.165600000000000636e-02 9.966580000000000439e-01 2.073999999999999889e-03
1.000000000000000000e+01 9.500000000000000000e+01 3.600000000000000000e+01 0.000000000000000000e+00 1.600000000000000089e+00 -4.329999999999999648e-03 -2.439099999999999949e-02 9.996930000000000538e-01 9.972579999999999778e-01 7.375600000000000211e-02 6.119000000000000307e-03 -7.388300000000000423e-02 9.969780000000000308e-01 2.400499999999999856e-02
1.500000000000000000e+01 9.500000000000000000e+01 3.600000000000000000e+01 0.000000000000000000e+00 1.600000000000000089e+00 -2.547999999999999918e-03 -1.466899999999999975e-02 9.998890000000000278e-01 9.975979999999999848e-01 6.917600000000000138e-02 3.556999999999999832e-03 -6.922000000000000375e-02 9.974969999999999670e-01 1.445800000000000037e-02
2.200000000000000000e+01 9.500000000000000000e+01 3.600000000000000000e+01 0.000000000000000000e+00 1.600000000000000089e+00 1.268999999999999946e-03 -1.546699999999999985e-02 9.998799999999999910e-01 9.977169999999999650e-01 6.752600000000000269e-02 -2.220000000000000022e-04 -6.751400000000000456e-02 9.975979999999999848e-01 1.551699999999999954e-02
2.600000000000000000e+01 9.500000000000000000e+01 3.600000000000000000e+01 0.000000000000000000e+00 1.600000000000000089e+00 -9.849999999999999815e-04 1.549599999999999936e-02 9.998789999999999623e-01 9.976439999999999753e-01 6.860499999999999932e-02 -8.100000000000000375e-05 -6.859800000000000619e-02 9.975239999999999663e-01 -1.552699999999999914e-02
6.000000000000000000e+00 3.000000000000000000e+00 4.300000000000000000e+01 0.000000000000000000e+00 1.600000000000000089e+00 -1.944999999999999897e-03 2.779999999999999919e-03 -9.999940000000000495e-01 7.384319999999999773e-01 -6.743200000000000305e-01 -3.311000000000000141e-03 -6.743249999999999522e-01 -7.384340000000000348e-01 -7.410000000000000137e-04
9.000000000000000000e+00 3.000000000000000000e+00 4.300000000000000000e+01 0.000000000000000000e+00 1.600000000000000089e+00 3.804999999999999789e-03 -7.293000000000000003e-03 -9.999660000000000215e-01 7.378770000000000051e-01 -6.748910000000000187e-01 7.729999999999999892e-03 -6.749239999999999684e-01 -7.378820000000000379e-01 2.814000000000000095e-03
1.500000000000000000e+01 3.000000000000000000e+00 4.300000000000000000e+01 0.000000000000000000e+00 1.600000000000000089e+00 -2.446999999999999956e-03 -9.510000000000000224e-04 -9.999970000000000248e-01 7.398190000000000044e-01 -6.728049999999999864e-01 -1.170000000000000033e-03 -6.728020000000000111e-01 -7.398190000000000044e-01 2.350000000000000092e-03
2.200000000000000000e+01 3.000000000000000000e+00 4.300000000000000000e+01 0.000000000000000000e+00 1.600000000000000089e+00 5.479999999999999845e-04 -1.433899999999999932e-02 -9.998970000000000358e-01 7.412539999999999685e-01 -6.711500000000000243e-01 1.003099999999999999e-02 -6.712249999999999606e-01 -7.411830000000000362e-01 1.026099999999999929e-02
2.500000000000000000e+01 3.000000000000000000e+00 4.300000000000000000e+01 0.000000000000000000e+00 1.600000000000000089e+00 1.232000000000000022e-03 -5.734000000000000381e-03 -9.999829999999999552e-01 7.415599999999999969e-01 -6.708699999999999664e-01 4.760999999999999607e-03 -6.708859999999999824e-01 -7.415530000000000177e-01 3.425000000000000093e-03
3.000000000000000000e+01 3.000000000000000000e+00 4.300000000000000000e+01 0.000000000000000000e+00 1.600000000000000089e+00 8.401000000000000481e-03 1.623000000000000094e-03 -9.999630000000000463e-01 7.435040000000000537e-01 -6.687110000000000554e-01 5.160999999999999789e-03 -6.686779999999999946e-01 -7.435199999999999587e-01 -6.824000000000000205e-03
8.000000000000000000e+00 2.900000000000000000e+01 4.400000000000000000e+01 0.000000000000000000e+00 1.600000000000000089e+00 2.079000000000000119e-03 -4.659999999999999971e-04 -9.999980000000000535e-01 6.626319999999999988e-01 7.489440000000000541e-01 1.028999999999999967e-03 7.489419999999999966e-01 -6.626330000000000275e-01 1.866000000000000037e-03
1.200000000000000000e+01 2.900000000000000000e+01 4.400000000000000000e+01 0.000000000000000000e+00 1.600000000000000089e+00 -3.339999999999999870e-04 -5.190000000000000386e-04 -1.000000000000000000e+00 6.718199999999999728e-01 7.407139999999999835e-01 -6.080000000000000335e-04 7.407139999999999835e-01 -6.718199999999999728e-01 1.019999999999999992e-04
2.400000000000000000e+01 2.900000000000000000e+01 4.400000000000000000e+01 0.000000000000000000e+00 1.600000000000000089e+00 2.970000000000000092e-04 2.031999999999999952e-03 -9.999980000000000535e-01 6.811629999999999630e-01 7.321290000000000298e-01 1.690000000000000096e-03 7.321309999999999762e-01 -6.811620000000000452e-01 -1.167000000000000069e-03
2.900000000000000000e+01 2.900000000000000000e+01 4.400000000000000000e+01 0.000000000000000000e+00 1.600000000000000089e+00 -5.500000000000000331e-04 -1.085000000000000027e-03 -9.999989999999999712e-01 6.791939999999999644e-01 7.339579999999999993e-01 -1.170000000000000033e-03 7.339590000000000281e-01 -6.791939999999999644e-01 3.330000000000000169e-04
1.700000000000000000e+01 6.000000000000000000e+00 5.100000000000000000e+01 0.000000000000000000e+00 1.600000000000000089e+00 1.675999999999999972e-03 -2.125999999999999852e-03 -9.999959999999999960e-01 3.316080000000000139e-01 -9.434139999999999748e-01 2.562000000000000041e-03 -9.434160000000000323e-01 -3.316109999999999891e-01 -8.760000000000000425e-04
2.200000000000000000e+01 6.000000000000000000e+00 5.100000000000000000e+01 0.000000000000000000e+00 1.600000000000000089e+00 -1.915000000000000036e-03 -4.754999999999999678e-03 -9.999869999999999592e-01 3.258050000000000113e-01 -9.454289999999999639e-01 3.870999999999999875e-03 -9.454350000000000254e-01 -3.257929999999999993e-01 3.360000000000000139e-03
9.000000000000000000e+00 7.000000000000000000e+00 5.200000000000000000e+01 0.000000000000000000e+00 1.600000000000000089e+00 -5.655999999999999570e-03 -3.788999999999999833e-03 -9.999770000000000048e-01 1.232950000000000018e-01 -9.923650000000000526e-01 3.062000000000000052e-03 -9.923539999999999583e-01 -1.232749999999999957e-01 6.080000000000000335e-03
2.000000000000000000e+01 7.000000000000000000e+00 5.200000000000000000e+01 0.000000000000000000e+00 1.600000000000000089e+00 -1.979999999999999881e-04 -3.020000000000000115e-03 -9.999949999999999672e-01 1.121779999999999999e-01 -9.936840000000000117e-01 2.978000000000000178e-03 -9.936880000000000157e-01 -1.121769999999999989e-01 5.360000000000000181e-04
1.500000000000000000e+01 1.600000000000000000e+01 5.200000000000000000e+01 0.000000000000000000e+00 1.600000000000000089e+00 8.470999999999999364e-03 1.108199999999999984e-02 -9.999029999999999863e-01 7.780030000000000001e-01 6.281149999999999789e-01 1.355199999999999981e-02 6.282039999999999846e-01 -7.780420000000000114e-01 -3.301000000000000115e-03
2.100000000000000000e+01 1.500000000000000000e+01 5.300000000000000000e+01 0.000000000000000000e+00 1.600000000000000089e+00 4.270999999999999623e-03 -5.687000000000000215e-03 -9.999749999999999472e-01 6.838739999999999819e-01 7.295989999999999975e-01 -1.229000000000000058e-03 7.295880000000000143e-01 -6.838509999999999867e-01 7.004999999999999942e-03
2.600000000000000000e+01 1.500000000000000000e+01 5.300000000000000000e+01 0.000000000000000000e+00 1.600000000000000089e+00 -2.109000000000000197e-03 -7.614000000000000108e-03 -9.999689999999999968e-01 6.832639999999999825e-01 7.301379999999999537e-01 -7.000000000000000146e-03 7.301680000000000392e-01 -6.832580000000000320e-01 3.663000000000000023e-03
3.000000000000000000e+00 6.300000000000000000e+01 5.400000000000000000e+01 0.000000000000000000e+00 1.600000000000000089e+00 1.722000000000000006e-03 1.348999999999999939e-03 9.999980000000000535e-01 -3.558919999999999861e-01 9.345269999999999966e-01 -6.480000000000000300e-04 -9.345259999999999678e-01 -3.558899999999999841e-01 2.089000000000000145e-03
7.000000000000000000e+00 6.300000000000000000e+01 5.400000000000000000e+01 0.000000000000000000e+00 1.600000000000000089e+00 7.320000000000000118e-04 2.214999999999999955e-03 9.999970000000000248e-01 -3.555289999999999839e-01 9.346640000000000503e-01 -1.809999999999999977e-03 -9.346649999999999681e-01 -3.555269999999999819e-01 1.472000000000000001e-03
1.100000000000000000e+01 6.300000000000000000e+01 5.400000000000000000e+01 0.000000000000000000e+00 1.600000000000000089e+00 1.121999999999999950e-03 -3.681999999999999943e-03 9.999930000000000208e-01 -3.554479999999999862e-01 9.346879999999999633e-01 3.840000000000000097e-03 -9.346950000000000536e-01 -3.554490000000000149e-01 -2.599999999999999772e-04
1.500000000000000000e+01 6.300000000000000000e+01 5.400000000000000000e+01 0.000000000000000000e+00 1.600000000000000089e+00 -1.136000000000000074e-03 -1.779999999999999898e-04 9.999989999999999712e-01 -3.497390000000000221e-01 9.368469999999999853e-01 -2.310000000000000042e-04 -9.368469999999999853e-01 -3.497390000000000221e-01 -1.126999999999999964e-03
2.000000000000000000e+01 6.300000000000000000e+01 5.400000000000000000e+01 0.000000000000000000e+00 1.600000000000000089e+00 8.540000000000000499e-04 1.443000000000000055e-03 9.999989999999999712e-01 -3.507649999999999935e-01 9.364630000000000454e-01 -1.051000000000000068e-03 -9.364630000000000454e-01 -3.507640000000000202e-01 1.304999999999999953e-03
2.300000000000000000e+01 6.300000000000000000e+01 5.400000000000000000e+01 0.000000000000000000e+00 1.600000000000000089e+00 1.237000000000000035e-03 -4.200000000000000174e-04 9.999989999999999712e-01 -3.519079999999999986e-01 9.360340000000000327e-01 8.279999999999999600e-04 -9.360340000000000327e-01 -3.519090000000000273e-01 1.010000000000000047e-03
2.900000000000000000e+01 6.300000000000000000e+01 5.400000000000000000e+01 0.000000000000000000e+00 1.600000000000000089e+00 -1.918999999999999916e-03 -2.249999999999999938e-04 9.999980000000000535e-01 -3.510170000000000234e-01 9.363690000000000069e-01 -4.629999999999999784e-04 -9.363669999999999494e-01 -3.510170000000000234e-01 -1.876000000000000063e-03
7.000000000000000000e+00 2.500000000000000000e+01 5.500000000000000000e+01 0.000000000000000000e+00 1.600000000000000089e+00 1.200000000000000030e-04 -5.890000000000000053e-04 -1.000000000000000000e+00 -1.069200000000000012e-02 -9.999430000000000263e-01 5.869999999999999567e-04 -9.999430000000000263e-01 1.069200000000000012e-02 -1.259999999999999998e-04
1.000000000000000000e+01 2.500000000000000000e+01 5.500000000000000000e+01 0.000000000000000000e+00 1.600000000000000089e+00 1.552999999999999910e-03 1.371000000000000040e-03 -9.999980000000000535e-01 -1.174799999999999976e-02 -9.999299999999999855e-01 -1.389999999999999960e-03 -9.999299999999999855e-01 1.175000000000000003e-02 -1.536000000000000039e-03
1.300000000000000000e+01 2.500000000000000000e+01 5.500000000000000000e+01 0.000000000000000000e+00 1.600000000000000089e+00 7.770000000000000214e-04 -1.583999999999999905e-03 -9.999980000000000535e-01 -1.187900000000000067e-02 -9.999280000000000390e-01 1.575000000000000011e-03 -9.999289999999999567e-01 1.187799999999999967e-02 -7.960000000000000495e-04
2.300000000000000000e+01 2.500000000000000000e+01 5.500000000000000000e+01 0.000000000000000000e+00 1.600000000000000089e+00 -1.165000000000000020e-03 -1.652999999999999955e-03 -9.999980000000000535e-01 -1.122300000000000034e-02 -9.999360000000000470e-01 1.665999999999999946e-03 -9.999360000000000470e-01 1.122399999999999960e-02 1.147000000000000016e-03
2.700000000000000000e+01 2.500000000000000000e+01 5.500000000000000000e+01 0.000000000000000000e+00 1.600000000000000089e+00 -1.216000000000000067e-03 1.724999999999999971e-03 -9.999980000000000535e-01 -1.078800000000000071e-02 -9.999400000000000510e-01 -1.711999999999999980e-03 -9.999409999999999688e-01 1.078600000000000045e-02 1.234000000000000071e-03
1.800000000000000000e+01 6.800000000000000000e+01 5.700000000000000000e+01 0.000000000000000000e+00 1.600000000000000089e+00 4.550000000000000008e-04 -4.398000000000000000e-03 -9.999900000000000455e-01 -2.404100000000000126e-01 -9.706630000000000535e-01 4.159000000000000370e-03 -9.706709999999999505e-01 2.404060000000000086e-01 -1.498999999999999898e-03
4.000000000000000000e+00 2.100000000000000000e+01 6.000000000000000000e+01 0.000000000000000000e+00 1.600000000000000089e+00 -2.480000000000000108e-04 -1.203999999999999992e-03 9.999989999999999712e-01 -9.696499999999999564e-02 9.952870000000000328e-01 1.175000000000000046e-03 -9.952879999999999505e-01 -9.696499999999999564e-02 -3.640000000000000115e-04
9.000000000000000000e+00 2.100000000000000000e+01 6.000000000000000000e+01 0.000000000000000000e+00 1.600000000000000089e+00 1.005999999999999950e-03 -1.561000000000000104e-03 9.999980000000000535e-01 -9.680700000000000416e-02 9.953020000000000200e-01 1.650999999999999907e-03 -9.953030000000000488e-01 -9.680900000000000616e-02 8.509999999999999769e-04
1.500000000000000000e+01 2.100000000000000000e+01 6.000000000000000000e+01 0.000000000000000000e+00 1.600000000000000089e+00 -9.879999999999999460e-04 -3.583999999999999946e-03 9.999930000000000208e-01 -9.755300000000000082e-02 9.952239999999999975e-01 3.469999999999999994e-03 -9.952299999999999480e-01 -9.754899999999999682e-02 -1.332999999999999984e-03
2.000000000000000000e+01 2.100000000000000000e+01 6.000000000000000000e+01 0.000000000000000000e+00 1.600000000000000089e+00 -4.380000000000000213e-04 7.015999999999999667e-03 9.999749999999999472e-01 -9.755099999999999882e-02 9.952060000000000350e-01 -7.024999999999999994e-03 -9.952299999999999480e-01 -9.755099999999999882e-02 2.489999999999999809e-04
2.700000000000000000e+01 3.000000000000000000e+00 6.300000000000000000e+01 0.000000000000000000e+00 1.600000000000000089e+00 -1.740000000000000010e-04 4.036999999999999790e-03 9.999919999999999920e-01 -6.140849999999999920e-01 7.892329999999999623e-01 -3.292999999999999920e-03 -7.892400000000000526e-01 -6.140809999999999880e-01 2.341999999999999898e-03
3.000000000000000000e+00 2.700000000000000000e+01 6.300000000000000000e+01 0.000000000000000000e+00 1.600000000000000089e+00 9.120000000000000502e-04 3.823000000000000009e-03 9.999919999999999920e-01 -2.750299999999999967e-01 9.614289999999999781e-01 -3.423999999999999960e-03 -9.614350000000000396e-01 -2.750250000000000195e-01 1.928000000000000026e-03
9.000000000000000000e+00 2.700000000000000000e+01 6.300000000000000000e+01 0.000000000000000000e+00 1.600000000000000089e+00 -1.075999999999999917e-03 4.826999999999999694e-03 9.999879999999999880e-01 -2.731819999999999804e-01 9.619499999999999718e-01 -4.937000000000000416e-03 -9.619619999999999838e-01 -2.731839999999999824e-01 2.829999999999999942e-04
1.200000000000000000e+01 2.700000000000000000e+01 6.300000000000000000e+01 0.000000000000000000e+00 1.600000000000000089e+00 3.860000000000000041e-04 -8.270000000000000441e-04 1.000000000000000000e+00 -2.742559999999999998e-01 9.616559999999999553e-01 9.009999999999999997e-04 -9.616569999999999840e-01 -2.742559999999999998e-01 1.450000000000000009e-04
1.800000000000000000e+01 2.700000000000000000e+01 6.300000000000000000e+01 0.000000000000000000e+00 1.600000000000000089e+00 -9.950000000000000077e-04 -2.680000000000000090e-03 9.999959999999999960e-01 -2.735810000000000186e-01 9.618459999999999788e-01 2.305000000000000191e-03 -9.618480000000000363e-01 -2.735779999999999879e-01 -1.691000000000000012e-03
2.200000000000000000e+01 2.700000000000000000e+01 6.300000000000000000e+01 0.000000000000000000e+00 1.600000000000000089e+00 2.290000000000000098e-04 -4.832999999999999623e-03 9.999879999999999880e-01 -2.732870000000000021e-01 9.619210000000000260e-01 4.712000000000000043e-03 -9.619330000000000380e-01 -2.732840000000000269e-01 -1.100000000000000066e-03
2.700000000000000000e+01 2.700000000000000000e+01 6.300000000000000000e+01 0.000000000000000000e+00 1.600000000000000089e+00 4.920000000000000328e-04 1.450000000000000009e-04 1.000000000000000000e+00 -2.731359999999999899e-01 9.619760000000000533e-01 -5.000000000000000409e-06 -9.619750000000000245e-01 -2.731359999999999899e-01 5.130000000000000011e-04
1.000000000000000000e+00 2.600000000000000000e+01 6.400000000000000000e+01 0.000000000000000000e+00 1.600000000000000089e+00 1.175000000000000046e-03 3.174999999999999871e-03 9.999940000000000495e-01 -3.608259999999999801e-01 9.326299999999999590e-01 -2.537000000000000192e-03 -9.326320000000000165e-01 -3.608210000000000028e-01 2.240999999999999936e-03
6.000000000000000000e+00 2.600000000000000000e+01 6.400000000000000000e+01 0.000000000000000000e+00 1.600000000000000089e+00 -1.010999999999999963e-03 6.485999999999999578e-03 9.999780000000000335e-01 -3.579930000000000057e-01 9.337020000000000319e-01 -6.418000000000000094e-03 -9.337239999999999984e-01 -3.579919999999999769e-01 1.378000000000000102e-03
1.100000000000000000e+01 2.600000000000000000e+01 6.400000000000000000e+01 0.000000000000000000e+00 1.600000000000000089e+00 3.310000000000000225e-04 1.732000000000000033e-03 9.999980000000000535e-01 -3.591440000000000188e-01 9.332810000000000272e-01 -1.497000000000000067e-03 -9.332819999999999450e-01 -3.591429999999999900e-01 9.309999999999999699e-04
