5.000000000000000000e+00 1.500000000000000000e+01 4.000000000000000000e+00 0.000000000000000000e+00 1.600000000000000089e+00 9.100000000000000016e-04 1.068200000000000052e-02 9.999430000000000263e-01 2.945929999999999938e-01 -9.555709999999999482e-01 9.939999999999999183e-03 9.556219999999999715e-01 2.945670000000000233e-01 -4.016999999999999738e-03
1.400000000000000000e+01 1.500000000000000000e+01 4.000000000000000000e+00 0.000000000000000000e+00 1.600000000000000089e+00 1.814000000000000074e-03 5.664999999999999897e-03 9.999820000000000375e-01 2.910340000000000149e-01 -9.566999999999999948e-01 4.891999999999999647e-03 9.567109999999999781e-01 2.910200000000000009e-01 -3.383999999999999855e-03
1.900000000000000000e+01 1.500000000000000000e+01 4.000000000000000000e+00 0.000000000000000000e+00 1.600000000000000089e+00 -1.814000000000000074e-03 -1.492399999999999977e-02 9.998869999999999703e-01 2.867169999999999996e-01 -9.579159999999999897e-01 -1.377699999999999932e-02 9.580140000000000322e-01 2.866589999999999971e-01 6.015999999999999646e-03
2.800000000000000000e+01 1.500000000000000000e+01 4.000000000000000000e+00 0.000000000000000000e+00 1.600000000000000089e+00 -2.781000000000000052e-03 -3.701999999999999996e-03 9.999890000000000168e-01 2.880570000000000075e-01 -9.576090000000000435e-01 -2.743999999999999911e-03 9.576090000000000435e-01 2.880460000000000242e-01 3.729999999999999809e-03
2.000000000000000000e+00 1.600000000000000000e+01 4.000000000000000000e+00 0.000000000000000000e+00 1.600000000000000089e+00 3.330000000000000169e-04 1.375799999999999940e-02 9.999050000000000438e-01 3.580180000000000029e-01 -9.336280000000000134e-01 1.272700000000000047e-02 9.337149999999999617e-01 3.579800000000000204e-01 -5.236000000000000203e-03
9.000000000000000000e+00 1.600000000000000000e+01 4.000000000000000000e+00 0.000000000000000000e+00 1.600000000000000089e+00 -9.799999999999999684e-04 1.166000000000000023e-02 9.999320000000000430e-01 3.547359999999999958e-01 -9.348990000000000355e-01 1.124900000000000032e-02 9.349659999999999638e-01 3.547230000000000105e-01 -3.220000000000000206e-03
1.300000000000000000e+01 1.010000000000000000e+02 7.000000000000000000e+00 0.000000000000000000e+00 1.600000000000000089e+00 2.122000000000000188e-03 7.687000000000000256e-03 9.999679999999999680e-01 8.853750000000000231e-01 4.648459999999999814e-01 -5.453000000000000382e-03 -4.648729999999999807e-01 8.853579999999999783e-01 -5.819999999999999653e-03
1.600000000000000000e+01 1.010000000000000000e+02 7.000000000000000000e+00 0.000000000000000000e+00 1.600000000000000089e+00 3.220000000000000206e-04 -1.170299999999999986e-02 9.999310000000000143e-01 8.845129999999999937e-01 4.664869999999999850e-01 5.174999999999999913e-03 -4.665159999999999862e-01 8.844509999999999872e-01 1.050199999999999918e-02
2.000000000000000000e+00 1.500000000000000000e+01 8.000000000000000000e+00 0.000000000000000000e+00 1.600000000000000089e+00 2.560999999999999908e-03 1.519099999999999964e-02 -9.998810000000000198e-01 -5.855989999999999807e-01 -8.104829999999999535e-01 -1.381300000000000062e-02 -8.105970000000000120e-01 5.855650000000000022e-01 6.820999999999999806e-03
6.000000000000000000e+00 1.500000000000000000e+01 8.000000000000000000e+00 0.000000000000000000e+00 1.600000000000000089e+00 1.518999999999999951e-03 9.376000000000000653e-03 -9.999550000000000383e-01 -5.850070000000000547e-01 -8.109840000000000382e-01 -8.493000000000000549e-03 -8.110270000000000534e-01 5.849929999999999852e-01 4.252999999999999836e-03
1.000000000000000000e+01 1.500000000000000000e+01 8.000000000000000000e+00 0.000000000000000000e+00 1.600000000000000089e+00 2.246999999999999865e-03 1.135800000000000004e-02 -9.999329999999999607e-01 -5.828149999999999720e-01 -8.125369999999999537e-01 -1.053899999999999976e-02 -8.126020000000000465e-01 5.827989999999999560e-01 4.793999999999999651e-03
1.400000000000000000e+01 1.500000000000000000e+01 8.000000000000000000e+00 0.000000000000000000e+00 1.600000000000000089e+00 3.480000000000000020e-04 6.308000000000000239e-03 -9.999799999999999800e-01 -5.808670000000000222e-01 -8.139809999999999546e-01 -5.336999999999999730e-03 -8.139990000000000281e-01 5.808569999999999567e-01 3.380000000000000192e-03
2.100000000000000000e+01 1.500000000000000000e+01 8.000000000000000000e+00 0.000000000000000000e+00 1.600000000000000089e+00 -9.280000000000000054e-04 -1.332400000000000077e-02 -9.999109999999999943e-01 -5.816500000000000004e-01 -8.133590000000000542e-01 1.137799999999999923e-02 -8.134379999999999944e-01 5.816090000000000426e-01 -6.995000000000000349e-03
2.600000000000000000e+01 1.500000000000000000e+01 8.000000000000000000e+00 0.000000000000000000e+00 1.600000000000000089e+00 -5.140000000000000254e-04 -7.769999999999999997e-03 -9.999700000000000255e-01 -5.828999999999999737e-01 -8.125170000000000448e-01 6.612999999999999955e-03 -8.125440000000000440e-01 5.828849999999999865e-01 -4.112000000000000204e-03
2.900000000000000000e+01 1.500000000000000000e+01 8.000000000000000000e+00 0.000000000000000000e+00 1.600000000000000089e+00 -6.849999999999999535e-04 -7.302000000000000331e-03 -9.999730000000000008e-01 -5.828200000000000047e-01 -8.125769999999999937e-01 6.333000000000000088e-03 -8.126010000000000177e-01 5.828090000000000215e-01 -3.699000000000000031e-03
1.400000000000000000e+01 2.600000000000000000e+01 8.000000000000000000e+00 0.000000000000000000e+00 1.600000000000000089e+00 -2.912999999999999791e-03 -9.806999999999999745e-03 -9.999479999999999480e-01 4.075880000000000059e-01 9.131099999999999772e-01 -1.014299999999999924e-02 9.131610000000000005e-01 -4.075960000000000139e-01 1.337999999999999997e-03
1.800000000000000000e+01 2.600000000000000000e+01 8.000000000000000000e+00 0.000000000000000000e+00 1.600000000000000089e+00 -5.749999999999999903e-04 -4.385000000000000009e-03 -9.999900000000000455e-01 4.081219999999999848e-01 9.129180000000000073e-01 -4.237999999999999580e-03 9.129270000000000440e-01 -4.081199999999999828e-01 1.265000000000000065e-03
2.200000000000000000e+01 2.600000000000000000e+01 8.000000000000000000e+00 0.000000000000000000e+00 1.600000000000000089e+00 2.818000000000000192e-03 4.059000000000000108e-03 -9.999879999999999880e-01 4.086949999999999750e-01 9.126579999999999693e-01 4.857000000000000206e-03 9.126670000000000060e-01 -4.087029999999999830e-01 9.129999999999999661e-04
2.700000000000000000e+01 2.600000000000000000e+01 8.000000000000000000e+00 0.000000000000000000e+00 1.600000000000000089e+00 2.085000000000000048e-03 2.609999999999999907e-03 -9.999940000000000495e-01 4.083749999999999880e-01 9.128089999999999815e-01 3.233999999999999896e-03 9.128119999999999568e-01 -4.083789999999999920e-01 8.369999999999999619e-04
3.000000000000000000e+00 2.400000000000000000e+01 9.000000000000000000e+00 0.000000000000000000e+00 1.600000000000000089e+00 -8.999999999999999754e-04 -3.510999999999999798e-03 -9.999930000000000208e-01 4.623519999999999852e-01 8.866889999999999494e-01 -3.529000000000000019e-03 8.866960000000000397e-01 -4.623519999999999852e-01 8.260000000000000198e-04
8.000000000000000000e+00 2.400000000000000000e+01 9.000000000000000000e+00 0.000000000000000000e+00 1.600000000000000089e+00 -7.429999999999999539e-04 -3.951999999999999784e-03 -9.999919999999999920e-01 4.606069999999999887e-01 8.875960000000000516e-01 -3.850000000000000124e-03 8.876039999999999486e-01 -4.606060000000000154e-01 1.160999999999999923e-03
1.400000000000000000e+01 2.400000000000000000e+01 9.000000000000000000e+00 0.000000000000000000e+00 1.600000000000000089e+00 -3.181999999999999933e-03 -1.197999999999999933e-02 -9.999230000000000063e-01 4.620770000000000155e-01 8.867570000000000174e-01 -1.209499999999999985e-02 8.868340000000000112e-01 -4.620799999999999907e-01 2.713999999999999833e-03
2.100000000000000000e+01 2.400000000000000000e+01 9.000000000000000000e+00 0.000000000000000000e+00 1.600000000000000089e+00 1.925999999999999978e-03 1.200000000000000030e-05 -9.999980000000000535e-01 4.638599999999999945e-01 8.859080000000000288e-01 9.039999999999999642e-04 8.859059999999999713e-01 -4.638610000000000233e-01 1.701000000000000038e-03
2.600000000000000000e+01 2.400000000000000000e+01 9.000000000000000000e+00 0.000000000000000000e+00 1.600000000000000089e+00 2.145999999999999904e-03 3.938999999999999793e-03 -9.999900000000000455e-01 4.632229999999999959e-01 8.862309999999999910e-01 4.485000000000000271e-03 8.862389999999999990e-01 -4.632279999999999731e-01 7.700000000000000139e-05
5.000000000000000000e+00 1.020000000000000000e+02 9.000000000000000000e+00 0.000000000000000000e+00 1.600000000000000089e+00 -1.227999999999999925e-03 8.448999999999999913e-03 9.999639999999999640e-01 9.220690000000000275e-01 3.870190000000000019e-01 -2.138000000000000143e-03 -3.870230000000000059e-01 9.220329999999999915e-01 -8.266000000000000777e-03
2.000000000000000000e+00 3.500000000000000000e+01 1.200000000000000000e+01 0.000000000000000000e+00 1.600000000000000089e+00 1.680000000000000070e-03 -6.300000000000000044e-03 -9.999789999999999512e-01 4.445270000000000055e-01 -8.957429999999999559e-01 6.389999999999999847e-03 -8.957640000000000047e-01 -4.445279999999999787e-01 1.294999999999999927e-03
9.000000000000000000e+00 3.500000000000000000e+01 1.200000000000000000e+01 0.000000000000000000e+00 1.600000000000000089e+00 -1.810999999999999893e-03 1.582000000000000073e-03 -9.999970000000000248e-01 4.409890000000000199e-01 -8.975100000000000300e-01 -2.217999999999999920e-03 -8.975109999999999477e-01 -4.409919999999999951e-01 9.269999999999999811e-04
1.600000000000000000e+01 3.500000000000000000e+01 1.200000000000000000e+01 0.000000000000000000e+00 1.600000000000000089e+00 5.670000000000000127e-04 -6.409999999999999682e-04 -1.000000000000000000e+00 4.532089999999999730e-01 -8.914039999999999742e-01 8.279999999999999600e-04 -8.914039999999999742e-01 -4.532089999999999730e-01 -2.139999999999999975e-04
2.000000000000000000e+01 3.500000000000000000e+01 1.200000000000000000e+01 0.000000000000000000e+00 1.600000000000000089e+00 -3.007999999999999823e-03 -3.644000000000000104e-03 -9.999890000000000168e-01 4.608329999999999926e-01 -8.874849999999999683e-01 1.848000000000000033e-03 -8.874819999999999931e-01 -4.608229999999999826e-01 4.348999999999999568e-03
2.300000000000000000e+01 3.500000000000000000e+01 1.200000000000000000e+01 0.000000000000000000e+00 1.600000000000000089e+00 -1.296999999999999976e-03 2.798999999999999839e-03 -9.999949999999999672e-01 4.706290000000000195e-01 -8.823260000000000547e-01 -3.079999999999999839e-03 -8.823299999999999477e-01 -4.706310000000000215e-01 -1.730000000000000038e-04
4.000000000000000000e+00 1.200000000000000000e+01 1.500000000000000000e+01 0.000000000000000000e+00 1.600000000000000089e+00 1.064999999999999974e-03 3.056000000000000123e-03 -9.999949999999999672e-01 -4.682109999999999883e-01 -8.836110000000000353e-01 -3.199000000000000021e-03 -8.836159999999999570e-01 4.682120000000000171e-01 4.899999999999999842e-04
8.000000000000000000e+00 1.200000000000000000e+01 1.500000000000000000e+01 0.000000000000000000e+00 1.600000000000000089e+00 1.899999999999999996e-03 2.752999999999999805e-03 -9.999940000000000495e-01 -4.701670000000000016e-01 -8.825709999999999944e-01 -3.322999999999999999e-03 -8.825760000000000272e-01 4.701699999999999768e-01 -3.820000000000000153e-04
1.300000000000000000e+01 1.200000000000000000e+01 1.500000000000000000e+01 0.000000000000000000e+00 1.600000000000000089e+00 2.910000000000000260e-04 8.925999999999999907e-03 -9.999599999999999600e-01 -4.708209999999999895e-01 -8.821919999999999762e-01 -8.012000000000000025e-03 -8.822290000000000409e-01 4.708040000000000003e-01 3.945999999999999855e-03
1.800000000000000000e+01 1.200000000000000000e+01 1.500000000000000000e+01 0.000000000000000000e+00 1.600000000000000089e+00 -2.590000000000000071e-04 3.863999999999999813e-03 -9.999919999999999920e-01 -4.712589999999999835e-01 -8.819890000000000230e-01 -3.285999999999999859e-03 -8.819949999999999735e-01 4.712540000000000062e-01 2.050000000000000173e-03
2.400000000000000000e+01 1.200000000000000000e+01 1.500000000000000000e+01 0.000000000000000000e+00 1.600000000000000089e+00 -1.175000000000000046e-03 -2.073999999999999889e-03 -9.999970000000000248e-01 -4.704240000000000088e-01 -8.824379999999999447e-01 2.383000000000000135e-03 -8.824400000000000022e-01 4.704249999999999821e-01 6.099999999999999872e-05
2.900000000000000000e+01 1.200000000000000000e+01 1.500000000000000000e+01 0.000000000000000000e+00 1.600000000000000089e+00 3.179999999999999776e-04 -4.199999999999999768e-05 -1.000000000000000000e+00 -4.694289999999999852e-01 -8.829700000000000326e-01 -1.129999999999999955e-04 -8.829700000000000326e-01 4.694289999999999852e-01 -2.999999999999999737e-04
3.000000000000000000e+00 1.160000000000000000e+02 1.600000000000000000e+01 0.000000000000000000e+00 1.600000000000000089e+00 -4.277999999999999685e-03 -3.945999999999999855e-03 9.999829999999999552e-01 6.909980000000000011e-01 7.228329999999999478e-01 5.808999999999999928e-03 -7.228440000000000420e-01 6.910110000000000419e-01 -3.660000000000000059e-04
1.700000000000000000e+01 1.160000000000000000e+02 1.600000000000000000e+01 0.000000000000000000e+00 1.600000000000000089e+00 -5.180000000000000143e-04 1.956999999999999972e-03 9.999980000000000535e-01 6.585180000000000478e-01 7.525640000000000107e-01 -1.131999999999999977e-03 -7.525650000000000395e-01 6.585159999999999902e-01 -1.678000000000000021e-03
2.300000000000000000e+01 1.160000000000000000e+02 1.600000000000000000e+01 0.000000000000000000e+00 1.600000000000000089e+00 -6.489999999999999459e-04 -2.446999999999999956e-03 9.999970000000000248e-01 6.610819999999999474e-01 7.503109999999999502e-01 2.265000000000000086e-03 -7.503140000000000365e-01 6.610810000000000297e-01 1.131000000000000061e-03
5.000000000000000000e+00 2.000000000000000000e+00 1.900000000000000000e+01 0.000000000000000000e+00 1.600000000000000089e+00 -7.597999999999999719e-03 1.195000000000000055e-02 -9.999000000000000110e-01 2.086669999999999914e-01 -9.778970000000000162e-01 -1.327300000000000008e-02 -9.779569999999999652e-01 -2.087469999999999881e-01 4.937000000000000416e-03
8.000000000000000000e+00 2.000000000000000000e+00 1.900000000000000000e+01 0.000000000000000000e+00 1.600000000000000089e+00 -1.420000000000000038e-03 5.888000000000000005e-03 -9.999820000000000375e-01 2.076919999999999877e-01 -9.781760000000000455e-01 -6.054999999999999619e-03 -9.781929999999999792e-01 -2.076959999999999917e-01 1.659999999999999963e-04
1.500000000000000000e+01 2.000000000000000000e+00 1.900000000000000000e+01 0.000000000000000000e+00 1.600000000000000089e+00 5.368999999999999641e-03 -5.518000000000000335e-03 -9.999700000000000255e-01 1.966809999999999947e-01 -9.804460000000000397e-01 6.466000000000000393e-03 -9.804530000000000189e-01 -1.967089999999999950e-01 -4.179000000000000423e-03
1.800000000000000000e+01 2.000000000000000000e+00 1.900000000000000000e+01 0.000000000000000000e+00 1.600000000000000089e+00 5.186999999999999771e-03 -6.442999999999999942e-03 -9.999660000000000215e-01 1.979650000000000021e-01 -9.801819999999999977e-01 7.341999999999999568e-03 -9.801950000000000385e-01 -1.979960000000000053e-01 -3.808999999999999886e-03
2.300000000000000000e+01 2.000000000000000000e+00 1.900000000000000000e+01 0.000000000000000000e+00 1.600000000000000089e+00 4.091000000000000018e-03 -1.538999999999999917e-02 -9.998730000000000118e-01 2.034630000000000050e-01 -9.789529999999999621e-01 1.590000000000000094e-02 -9.790739999999999998e-01 -2.035029999999999895e-01 -8.739999999999999939e-04
1.000000000000000000e+00 4.000000000000000000e+00 2.000000000000000000e+01 0.000000000000000000e+00 1.600000000000000089e+00 -8.985999999999999197e-03 1.224999999999999960e-03 -9.999590000000000423e-01 2.981860000000000066e-01 -9.545000000000000151e-01 -3.848999999999999991e-03 -9.544660000000000366e-01 -2.982079999999999731e-01 8.212000000000000549e-03
1.000000000000000000e+01 1.300000000000000000e+01 2.000000000000000000e+01 0.000000000000000000e+00 1.600000000000000089e+00 3.429999999999999889e-04 1.667999999999999995e-03 9.999980000000000535e-01 2.473309999999999953e-01 9.689299999999999580e-01 -1.701000000000000038e-03 -9.689309999999999867e-01 2.473309999999999953e-01 -8.000000000000000654e-05
2.000000000000000000e+01 1.300000000000000000e+01 2.000000000000000000e+01 0.000000000000000000e+00 1.600000000000000089e+00 -3.000000000000000076e-06 -1.389999999999999905e-04 1.000000000000000000e+00 2.558960000000000123e-01 9.667040000000000077e-01 1.350000000000000017e-04 -9.667040000000000077e-01 2.558960000000000123e-01 3.300000000000000253e-05
2.600000000000000000e+01 1.300000000000000000e+01 2.000000000000000000e+01 0.000000000000000000e+00 1.600000000000000089e+00 -1.043000000000000090e-03 -2.710999999999999868e-03 9.999959999999999960e-01 2.566359999999999753e-01 9.665040000000000298e-01 2.887999999999999942e-03 -9.665070000000000050e-01 2.566379999999999773e-01 -3.119999999999999944e-04
1.700000000000000000e+01 1.600000000000000000e+01 2.100000000000000000e+01 0.000000000000000000e+00 1.600000000000000089e+00 8.549999999999999658e-04 7.376999999999999877e-03 9.999719999999999720e-01 3.008480000000000043e-01 9.536440000000000472e-01 -7.291999999999999871e-03 -9.536719999999999642e-01 3.008460000000000023e-01 -1.404000000000000083e-03
3.000000000000000000e+00 4.600000000000000000e+01 2.700000000000000000e+01 0.000000000000000000e+00 1.600000000000000089e+00 -1.931999999999999907e-03 -3.449999999999999833e-04 -9.999980000000000535e-01 6.559679999999999955e-01 7.547880000000000145e-01 -1.528000000000000061e-03 7.547869999999999857e-01 -6.559690000000000243e-01 -1.232000000000000022e-03
9.000000000000000000e+00 4.600000000000000000e+01 2.700000000000000000e+01 0.000000000000000000e+00 1.600000000000000089e+00 -4.079999999999999968e-04 8.700000000000000051e-04 -1.000000000000000000e+00 6.575250000000000261e-01 7.534319999999999906e-01 3.869999999999999742e-04 7.534319999999999906e-01 -6.575250000000000261e-01 -8.790000000000000070e-04
1.500000000000000000e+01 4.600000000000000000e+01 2.700000000000000000e+01 0.000000000000000000e+00 1.600000000000000089e+00 -1.242999999999999964e-03 6.620000000000000450e-04 -9.999989999999999712e-01 6.565950000000000397e-01 7.542429999999999968e-01 -3.170000000000000075e-04 7.542419999999999680e-01 -6.565950000000000397e-01 -1.371999999999999956e-03
2.900000000000000000e+01 4.600000000000000000e+01 2.700000000000000000e+01 0.000000000000000000e+00 1.600000000000000089e+00 -4.800000000000000122e-05 -7.849999999999999990e-04 -1.000000000000000000e+00 6.573320000000000274e-01 7.536009999999999653e-01 -6.229999999999999644e-04 7.536009999999999653e-01 -6.573320000000000274e-01 4.800000000000000122e-04
2.000000000000000000e+01 4.600000000000000000e+01 3.000000000000000000e+01 0.000000000000000000e+00 1.600000000000000089e+00 3.499999999999999693e-05 -1.920000000000000049e-04 -1.000000000000000000e+00 3.298309999999999853e-01 9.440399999999999903e-01 -1.700000000000000122e-04 9.440399999999999903e-01 -3.298309999999999853e-01 9.699999999999999963e-05
6.000000000000000000e+00 5.800000000000000000e+01 3.100000000000000000e+01 0.000000000000000000e+00 1.600000000000000089e+00 -7.713000000000000238e-03 -2.664000000000000135e-03 9.999670000000000503e-01 -7.605420000000000513e-01 -6.492440000000000433e-01 -7.596000000000000321e-03 6.492430000000000145e-01 -7.605750000000000011e-01 2.981999999999999842e-03
1.100000000000000000e+01 5.800000000000000000e+01 3.100000000000000000e+01 0.000000000000000000e+00 1.600000000000000089e+00 -2.380000000000000117e-04 1.216999999999999983e-03 9.999989999999999712e-01 -7.640449999999999742e-01 -6.451630000000000420e-01 6.030000000000000204e-04 6.451630000000000420e-01 -7.640439999999999454e-01 1.083999999999999894e-03
1.700000000000000000e+01 5.800000000000000000e+01 3.100000000000000000e+01 0.000000000000000000e+00 1.600000000000000089e+00 2.579999999999999828e-03 -2.967000000000000019e-03 9.999919999999999920e-01 -7.655300000000000438e-01 -6.434010000000000007e-01 6.600000000000000506e-05 6.433959999999999679e-01 -7.655239999999999823e-01 -3.930999999999999599e-03
2.400000000000000000e+01 5.800000000000000000e+01 3.100000000000000000e+01 0.000000000000000000e+00 1.600000000000000089e+00 -2.184000000000000177e-03 -5.335000000000000332e-03 9.999829999999999552e-01 -7.677599999999999980e-01 -6.407180000000000097e-01 -5.094999999999999703e-03 6.407340000000000257e-01 -7.677580000000000515e-01 -2.696000000000000046e-03
3.000000000000000000e+00 4.600000000000000000e+01 3.500000000000000000e+01 0.000000000000000000e+00 1.600000000000000089e+00 1.252000000000000075e-03 -1.554000000000000043e-03 -9.999980000000000535e-01 3.851530000000000231e-01 -9.228509999999999769e-01 1.915999999999999951e-03 -9.228520000000000056e-01 -3.851539999999999964e-01 -5.569999999999999864e-04
1.100000000000000000e+01 4.600000000000000000e+01 3.500000000000000000e+01 0.000000000000000000e+00 1.600000000000000089e+00 5.240000000000000517e-04 -1.874999999999999931e-03 -9.999980000000000535e-01 3.866080000000000072e-01 -9.222420000000000062e-01 1.931999999999999907e-03 -9.222439999999999527e-01 -3.866080000000000072e-01 2.420000000000000005e-04
1.300000000000000000e+01 4.600000000000000000e+01 3.500000000000000000e+01 0.000000000000000000e+00 1.600000000000000089e+00 3.229999999999999907e-04 1.965999999999999866e-03 -9.999980000000000535e-01 3.863929999999999865e-01 -9.223329999999999584e-01 -1.688000000000000047e-03 -9.223339999999999872e-01 -3.863920000000000132e-01 -1.057999999999999913e-03
1.700000000000000000e+01 4.600000000000000000e+01 3.500000000000000000e+01 0.000000000000000000e+00 1.600000000000000089e+00 3.249999999999999851e-04 -6.199999999999999999e-04 -1.000000000000000000e+00 3.860129999999999950e-01 -9.224930000000000074e-01 6.980000000000000527e-04 -9.224930000000000074e-01 -3.860129999999999950e-01 -6.099999999999999872e-05
2.300000000000000000e+01 4.600000000000000000e+01 3.500000000000000000e+01 0.000000000000000000e+00 1.600000000000000089e+00 -2.629999999999999959e-04 4.859999999999999954e-04 -1.000000000000000000e+00 3.855859999999999843e-01 -9.226720000000000477e-01 -5.500000000000000331e-04 -9.226720000000000477e-01 -3.855859999999999843e-01 5.500000000000000196e-05
2.800000000000000000e+01 4.600000000000000000e+01 3.500000000000000000e+01 0.000000000000000000e+00 1.600000000000000089e+00 -1.359999999999999989e-04 -8.710000000000000294e-04 -1.000000000000000000e+00 3.848880000000000079e-01 -9.229629999999999779e-01 7.510000000000000399e-04 -9.229629999999999779e-01 -3.848880000000000079e-01 4.609999999999999840e-04
4.000000000000000000e+00 9.500000000000000000e+01 3.600000000000000000e+01 0.000000000000000000e+00 1.600000000000000089e+00 -2.259999999999999910e-04 -2.942300000000000124e-02 9.995669999999999833e-01 9.976099999999999968e-01 6.905500000000000527e-02 2.258000000000000024e-03 -6.909099999999999964e-02 9.971790000000000376e-01 2.933699999999999850e-02
1.400000000000000000e+01 9.500000000000000000e+01 3.600000000000000000e+01 0.000000000000000000e+00 1.600000000000000089e+00 -5.010000000000000347e-04 3.380000000000000192e-03 9.999940000000000495e-01 9.976890000000000480e-01 6.794200000000000239e-02 2.700000000000000035e-04 -6.794000000000000039e-02 9.976840000000000153e-01 -3.406000000000000173e-03
1.700000000000000000e+01 9.500000000000000000e+01 3.600000000000000000e+01 0.000000000000000000e+00 1.600000000000000089e+00 4.281000000000000083e-03 7.849999999999999339e-03 9.999599999999999600e-01 9.974229999999999485e-01 7.157600000000000073e-02 -4.832000000000000357e-03 -7.161099999999999410e-02 9.974039999999999573e-01 -7.523000000000000173e-03
1.000000000000000000e+00 3.000000000000000000e+00 4.300000000000000000e+01 0.000000000000000000e+00 1.600000000000000089e+00 -6.315000000000000301e-03 2.223999999999999849e-03 -9.999780000000000335e-01 7.373750000000000027e-01 -6.754559999999999453e-01 -6.158000000000000279e-03 -6.754539999999999988e-01 -7.373969999999999692e-01 2.625000000000000163e-03
1.000000000000000000e+01 3.000000000000000000e+00 4.300000000000000000e+01 0.000000000000000000e+00 1.600000000000000089e+00 6.930000000000000396e-04 3.184000000000000198e-03 -9.999949999999999672e-01 7.362520000000000175e-01 -6.767050000000000010e-01 -1.644000000000000062e-03 -6.767069999999999474e-01 -7.362469999999999848e-01 -2.812999999999999962e-03
1.500000000000000000e+01 3.000000000000000000e+00 4.300000000000000000e+01 0.000000000000000000e+00 1.600000000000000089e+00 -1.281999999999999936e-03 -6.152999999999999615e-03 -9.999799999999999800e-01 7.393729999999999469e-01 -6.732879999999999976e-01 3.194999999999999923e-03 -6.732949999999999768e-01 -7.393539999999999557e-01 5.412000000000000144e-03
2.500000000000000000e+01 3.000000000000000000e+00 4.300000000000000000e+01 0.000000000000000000e+00 1.600000000000000089e+00 -2.482999999999999964e-03 -2.532699999999999882e-02 -9.996760000000000090e-01 7.357970000000000343e-01 -6.770289999999999919e-01 1.532500000000000008e-02 -6.771979999999999666e-01 -7.355209999999999804e-01 2.031700000000000172e-02
3.000000000000000000e+00 8.000000000000000000e+00 4.400000000000000000e+01 0.000000000000000000e+00 1.600000000000000089e+00 2.756000000000000203e-03 2.446999999999999956e-03 9.999930000000000208e-01 -7.822449999999999681e-01 -6.229599999999999582e-01 3.680999999999999810e-03 6.229649999999999910e-01 -7.822500000000000009e-01 1.969999999999999909e-04
5.000000000000000000e+00 8.000000000000000000e+00 4.400000000000000000e+01 0.000000000000000000e+00 1.600000000000000089e+00 1.998999999999999909e-03 3.657000000000000094e-03 9.999909999999999632e-01 -7.818100000000000049e-01 -6.235049999999999759e-01 3.844000000000000195e-03 6.235129999999999839e-01 -7.818110000000000337e-01 1.613000000000000067e-03
7.000000000000000000e+00 2.900000000000000000e+01 4.400000000000000000e+01 0.000000000000000000e+00 1.600000000000000089e+00 7.690000000000000438e-04 -1.399999999999999986e-03 -9.999989999999999712e-01 6.720350000000000490e-01 7.405190000000000383e-01 -5.199999999999999544e-04 7.405190000000000383e-01 -6.720340000000000202e-01 1.510000000000000057e-03
1.300000000000000000e+01 2.900000000000000000e+01 4.400000000000000000e+01 0.000000000000000000e+00 1.600000000000000089e+00 -6.459999999999999814e-04 -1.905000000000000009e-03 -9.999980000000000535e-01 6.733999999999999986e-01 7.392760000000000442e-01 -1.843000000000000020e-03 7.392779999999999907e-01 -6.733999999999999986e-01 8.059999999999999673e-04
1.700000000000000000e+01 2.900000000000000000e+01 4.400000000000000000e+01 0.000000000000000000e+00 1.600000000000000089e+00 -1.794999999999999938e-03 3.060000000000000111e-04 -9.999980000000000535e-01 6.707859999999999934e-01 7.416509999999999492e-01 -9.770000000000000039e-04 7.416490000000000027e-01 -6.707859999999999934e-01 -1.536000000000000039e-03
2.100000000000000000e+01 2.900000000000000000e+01 4.400000000000000000e+01 0.000000000000000000e+00 1.600000000000000089e+00 1.435000000000000078e-03 3.119999999999999944e-04 -9.999989999999999712e-01 6.744409999999999572e-01 7.383279999999999843e-01 1.198000000000000063e-03 7.383269999999999555e-01 -6.744419999999999860e-01 8.490000000000000368e-04
2.400000000000000000e+01 2.900000000000000000e+01 4.400000000000000000e+01 0.000000000000000000e+00 1.600000000000000089e+00 2.079999999999999818e-03 -4.112000000000000204e-03 -9.999890000000000168e-01 6.791380000000000194e-01 7.340079999999999938e-01 -1.606000000000000006e-03 7.340069999999999650e-01 -6.791279999999999539e-01 4.318999999999999923e-03
3.000000000000000000e+01 2.900000000000000000e+01 4.400000000000000000e+01 0.000000000000000000e+00 1.600000000000000089e+00 -7.699999999999999597e-04 1.134999999999999941e-03 -9.999989999999999712e-01 6.836759999999999504e-01 7.297860000000000458e-01 3.009999999999999980e-04 7.297860000000000458e-01 -6.836750000000000327e-01 -1.337999999999999997e-03
1.600000000000000000e+01 6.000000000000000000e+00 5.100000000000000000e+01 0.000000000000000000e+00 1.600000000000000089e+00 -5.999999999999999474e-04 4.282000000000000216e-03 -9.999909999999999632e-01 3.193509999999999960e-01 -9.476269999999999971e-01 -4.250000000000000305e-03 -9.476360000000000339e-01 -3.193500000000000227e-01 -7.990000000000000140e-04
1.100000000000000000e+01 7.000000000000000000e+00 5.200000000000000000e+01 0.000000000000000000e+00 1.600000000000000089e+00 4.339999999999999782e-04 -3.831000000000000204e-03 -9.999930000000000208e-01 1.196910000000000057e-01 -9.928040000000000198e-01 3.854999999999999920e-03 -9.928109999999999991e-01 -1.196920000000000067e-01 2.799999999999999958e-05
2.700000000000000000e+01 7.000000000000000000e+00 5.200000000000000000e+01 0.000000000000000000e+00 1.600000000000000089e+00 -6.414000000000000430e-03 -8.115000000000000685e-03 -9.999460000000000015e-01 1.368399999999999894e-01 -9.905669999999999753e-01 7.160999999999999831e-03 -9.905720000000000081e-01 -1.367859999999999909e-01 7.463000000000000016e-03
3.000000000000000000e+00 6.300000000000000000e+01 5.400000000000000000e+01 0.000000000000000000e+00 1.600000000000000089e+00 4.800000000000000122e-05 5.720000000000000258e-04 1.000000000000000000e+00 -3.503390000000000115e-01 9.366229999999999833e-01 -5.190000000000000386e-04 -9.366229999999999833e-01 -3.503390000000000115e-01 2.449999999999999921e-04
7.000000000000000000e+00 6.300000000000000000e+01 5.400000000000000000e+01 0.000000000000000000e+00 1.600000000000000089e+00 1.358000000000000049e-03 8.310000000000000329e-04 9.999989999999999712e-01 -3.521310000000000273e-01 9.359509999999999774e-01 -2.999999999999999737e-04 -9.359499999999999487e-01 -3.521299999999999986e-01 1.564000000000000069e-03
1.100000000000000000e+01 6.300000000000000000e+01 5.400000000000000000e+01 0.000000000000000000e+00 1.600000000000000089e+00 9.269999999999999811e-04 -2.961999999999999789e-03 9.999949999999999672e-01 -3.584570000000000256e-01 9.335409999999999542e-01 3.096999999999999927e-03 -9.335459999999999869e-01 -3.584579999999999989e-01 -1.959999999999999937e-04
1.600000000000000000e+01 6.300000000000000000e+01 5.400000000000000000e+01 0.000000000000000000e+00 1.600000000000000089e+00 -3.809999999999999910e-04 8.940000000000000464e-04 1.000000000000000000e+00 -3.594419999999999837e-01 9.331669999999999687e-01 -9.709999999999999664e-04 -9.331679999999999975e-01 -3.594419999999999837e-01 -3.399999999999999973e-05
1.900000000000000000e+01 6.300000000000000000e+01 5.400000000000000000e+01 0.000000000000000000e+00 1.600000000000000089e+00 -1.582999999999999989e-03 5.890000000000000053e-04 9.999989999999999712e-01 -3.537569999999999881e-01 9.353369999999999740e-01 -1.111000000000000008e-03 -9.353359999999999452e-01 -3.537580000000000169e-01 -1.271999999999999910e-03
2.500000000000000000e+01 6.300000000000000000e+01 5.400000000000000000e+01 0.000000000000000000e+00 1.600000000000000089e+00 -8.030000000000000028e-04 5.410000000000000312e-04 1.000000000000000000e+00 -3.545590000000000130e-01 9.350330000000000030e-01 -7.900000000000000121e-04 -9.350330000000000030e-01 -3.545590000000000130e-01 -5.590000000000000351e-04
3.000000000000000000e+00 2.500000000000000000e+01 5.500000000000000000e+01 0.000000000000000000e+00 1.600000000000000089e+00 -1.278999999999999972e-03 7.050000000000000060e-04 -9.999989999999999712e-01 -1.156500000000000063e-02 -9.999329999999999607e-01 -6.899999999999999667e-04 -9.999320000000000430e-01 1.156399999999999963e-02 1.286999999999999950e-03
7.000000000000000000e+00 2.500000000000000000e+01 5.500000000000000000e+01 0.000000000000000000e+00 1.600000000000000089e+00 -9.479999999999999495e-04 4.519999999999999821e-04 -9.999989999999999712e-01 -1.161500000000000032e-02 -9.999320000000000430e-01 -4.409999999999999858e-04 -9.999320000000000430e-01 1.161399999999999932e-02 9.529999999999999626e-04
1.200000000000000000e+01 2.500000000000000000e+01 5.500000000000000000e+01 0.000000000000000000e+00 1.600000000000000089e+00 -4.260000000000000006e-04 9.340000000000000429e-04 -9.999989999999999712e-01 -1.157900000000000075e-02 -9.999329999999999607e-01 -9.290000000000000297e-04 -9.999329999999999607e-01 1.157900000000000075e-02 4.369999999999999970e-04
1.500000000000000000e+01 2.500000000000000000e+01 5.500000000000000000e+01 0.000000000000000000e+00 1.600000000000000089e+00 8.549999999999999658e-04 1.087999999999999991e-03 -9.999989999999999712e-01 -1.221799999999999969e-02 -9.999249999999999527e-01 -1.098000000000000018e-03 -9.999249999999999527e-01 1.221900000000000069e-02 -8.419999999999999750e-04
2.100000000000000000e+01 2.500000000000000000e+01 5.500000000000000000e+01 0.000000000000000000e+00 1.600000000000000089e+00 9.700000000000000505e-04 9.439999999999999607e-04 -9.999989999999999712e-01 -1.379999999999999977e-02 -9.999040000000000150e-01 -9.569999999999999514e-04 -9.999040000000000150e-01 1.380100000000000077e-02 -9.569999999999999514e-04
5.000000000000000000e+00 6.800000000000000000e+01 5.700000000000000000e+01 0.000000000000000000e+00 1.600000000000000089e+00 1.659999999999999963e-04 -3.245000000000000055e-03 -9.999949999999999672e-01 -2.448609999999999953e-01 -9.695529999999999982e-01 3.105999999999999820e-03 -9.695580000000000309e-01 2.448589999999999933e-01 -9.550000000000000112e-04
1.200000000000000000e+01 6.800000000000000000e+01 5.700000000000000000e+01 0.000000000000000000e+00 1.600000000000000089e+00 1.704999999999999918e-03 -4.657999999999999814e-03 -9.999879999999999880e-01 -2.444860000000000089e-01 -9.696439999999999504e-01 4.100000000000000346e-03 -9.696510000000000407e-01 2.444759999999999989e-01 -2.792000000000000211e-03
3.000000000000000000e+00 2.100000000000000000e+01 6.000000000000000000e+01 0.000000000000000000e+00 1.600000000000000089e+00 1.289999999999999914e-04 6.087000000000000396e-03 9.999820000000000375e-01 -9.729799999999999560e-02 9.952370000000000383e-01 -6.045000000000000026e-03 -9.952550000000000008e-01 -9.729599999999999360e-02 7.209999999999999612e-04
2.600000000000000000e+01 2.100000000000000000e+01 6.000000000000000000e+01 0.000000000000000000e+00 1.600000000000000089e+00 -5.829999999999999679e-04 1.863000000000000073e-03 9.999980000000000535e-01 -9.346400000000000541e-02 9.956209999999999782e-01 -1.910000000000000022e-03 -9.956220000000000070e-01 -9.346500000000000641e-02 -4.060000000000000024e-04
9.000000000000000000e+00 3.000000000000000000e+00 6.300000000000000000e+01 0.000000000000000000e+00 1.600000000000000089e+00 2.625000000000000163e-03 -3.370000000000000166e-03 9.999909999999999632e-01 -6.159080000000000110e-01 7.878060000000000063e-01 4.271999999999999756e-03 -7.878140000000000143e-01 -6.159139999999999615e-01 -7.999999999999999638e-06
2.000000000000000000e+00 2.700000000000000000e+01 6.300000000000000000e+01 0.000000000000000000e+00 1.600000000000000089e+00 -2.043999999999999810e-03 -1.005999999999999950e-03 9.999970000000000248e-01 -2.734929999999999861e-01 9.618740000000000068e-01 4.090000000000000211e-04 -9.618719999999999493e-01 -2.734909999999999841e-01 -2.242000000000000069e-03
7.000000000000000000e+00 2.700000000000000000e+01 6.300000000000000000e+01 0.000000000000000000e+00 1.600000000000000089e+00 1.134000000000000025e-03 -3.508999999999999966e-03 9.999930000000000208e-01 -2.753499999999999837e-01 9.613369999999999971e-01 3.686000000000000040e-03 -9.613429999999999476e-01 -2.753519999999999857e-01 1.240000000000000054e-04
1.400000000000000000e+01 2.700000000000000000e+01 6.300000000000000000e+01 0.000000000000000000e+00 1.600000000000000089e+00 2.122999999999999887e-03 -2.601000000000000013e-03 9.999940000000000495e-01 -2.718389999999999973e-01 9.623380000000000267e-01 3.079999999999999839e-03 -9.623399999999999732e-01 -2.718439999999999745e-01 1.335999999999999948e-03
2.100000000000000000e+01 2.700000000000000000e+01 6.300000000000000000e+01 0.000000000000000000e+00 1.600000000000000089e+00 -2.089000000000000145e-03 2.569999999999999802e-03 9.999949999999999672e-01 -2.742859999999999743e-01 9.616430000000000256e-01 -3.044999999999999964e-03 -9.616460000000000008e-01 -2.742910000000000070e-01 -1.304000000000000038e-03
2.800000000000000000e+01 2.700000000000000000e+01 6.300000000000000000e+01 0.000000000000000000e+00 1.600000000000000089e+00 -7.770000000000000214e-04 -4.659999999999999971e-04 1.000000000000000000e+00 -2.807580000000000076e-01 9.597790000000000488e-01 2.290000000000000098e-04 -9.597780000000000200e-01 -2.807580000000000076e-01 -8.769999999999999584e-04
2.000000000000000000e+00 2.600000000000000000e+01 6.400000000000000000e+01 0.000000000000000000e+00 1.600000000000000089e+00 -1.482000000000000027e-03 1.392999999999999924e-03 9.999980000000000535e-01 -3.567969999999999753e-01 9.341800000000000104e-01 -1.830000000000000029e-03 -9.341810000000000391e-01 -3.567989999999999773e-01 -8.880000000000000089e-04
8.000000000000000000e+00 2.600000000000000000e+01 6.400000000000000000e+01 0.000000000000000000e+00 1.600000000000000089e+00 1.396000000000000105e-03 -1.840999999999999972e-03 9.999970000000000248e-01 -3.550619999999999887e-01 9.348400000000000043e-01 2.216999999999999787e-03 -9.348419999999999508e-01 -3.550650000000000195e-01 6.520000000000000188e-04
2.000000000000000000e+01 2.600000000000000000e+01 6.400000000000000000e+01 0.000000000000000000e+00 1.600000000000000089e+00 -1.814000000000000074e-03 -1.030000000000000100e-03 9.999980000000000535e-01 -3.524070000000000258e-01 9.358469999999999844e-01 3.249999999999999851e-04 -9.358450000000000379e-01 -3.524059999999999970e-01 -2.060999999999999898e-03
2.600000000000000000e+01 2.600000000000000000e+01 6.400000000000000000e+01 0.000000000000000000e+00 1.600000000000000089e+00 -8.109999999999999805e-04 -6.269999999999999532e-04 9.999989999999999712e-01 -3.609680000000000111e-01 9.325780000000000181e-01 2.930000000000000204e-04 -9.325780000000000181e-01 -3.609680000000000111e-01 -9.820000000000000170e-04
2.900000000000000000e+01 2.600000000000000000e+01 6.400000000000000000e+01 0.000000000000000000e+00 1.600000000000000089e+00 -4.789999999999999879e-04 1.350999999999999987e-03 9.999989999999999712e-01 -3.638509999999999800e-01 9.314559999999999507e-01 -1.433000000000000029e-03 -9.314569999999999794e-01 -3.638509999999999800e-01 4.500000000000000283e-05
2.300000000000000000e+01 6.900000000000000000e+01 6.600000000000000000e+01 0.000000000000000000e+00 1.600000000000000089e+00 1.019100000000000041e-02 -8.446000000000000382e-03 9.999120000000000230e-01 -9.530739999999999768e-01 3.024899999999999811e-01 1.226900000000000039e-02 -3.025669999999999749e-01 -9.531150000000000455e-01 -4.968000000000000194e-03
2.700000000000000000e+01 3.100000000000000000e+01 7.100000000000000000e+01 0.000000000000000000e+00 1.600000000000000089e+00 -5.159999999999999656e-04 3.465000000000000198e-03 -9.999940000000000495e-01 -7.050199999999999800e-01 -7.091840000000000366e-01 -2.092999999999999809e-03 -7.091870000000000118e-01 7.050149999999999473e-01 2.808999999999999865e-03
2.000000000000000000e+00 4.400000000000000000e+01 7.300000000000000000e+01 0.000000000000000000e+00 1.600000000000000089e+00 -1.562999999999999936e-03 1.415999999999999941e-03 9.999980000000000535e-01 4.486300000000000010e-02 -9.989919999999999911e-01 1.484000000000000076e-03 9.989919999999999911e-01 4.486500000000000210e-02 1.497999999999999983e-03
6.000000000000000000e+00 4.400000000000000000e+01 7.300000000000000000e+01 0.000000000000000000e+00 1.600000000000000089e+00 8.949999999999999623e-04 3.644000000000000104e-03 9.999930000000000208e-01 4.441900000000000015e-02 -9.990059999999999496e-01 3.601000000000000034e-03 9.990130000000000399e-01 4.441599999999999715e-02 -1.056000000000000081e-03
