2.400000000000000000e+01 3.000000000000000000e+00 4.000000000000000000e+00 0.000000000000000000e+00 1.600000000000000089e+00 -2.025579999999999881e-01 -1.009280000000000038e-01 -9.740550000000000042e-01 -8.798709999999999587e-01 -4.178859999999999797e-01 2.262720000000000009e-01 -4.298810000000000131e-01 9.028760000000000119e-01 -4.157000000000000105e-03
1.100000000000000000e+01 6.000000000000000000e+00 4.000000000000000000e+00 0.000000000000000000e+00 1.600000000000000089e+00 -1.227570000000000050e-01 -9.941500000000000337e-02 -9.874450000000000172e-01 -8.549949999999999495e-01 -4.945910000000000029e-01 1.560860000000000025e-01 -5.038989999999999858e-01 8.634209999999999940e-01 -2.428500000000000103e-02
1.800000000000000000e+01 1.500000000000000000e+01 4.000000000000000000e+00 0.000000000000000000e+00 1.600000000000000089e+00 -4.200000000000000174e-04 -2.429200000000000109e-02 9.997049999999999548e-01 3.162860000000000116e-01 -9.483869999999999800e-01 -2.291199999999999834e-02 9.486639999999999517e-01 3.161829999999999918e-01 8.082000000000000642e-03
2.600000000000000000e+01 1.500000000000000000e+01 4.000000000000000000e+00 0.000000000000000000e+00 1.600000000000000089e+00 2.199999999999999943e-05 -5.466000000000000372e-03 9.999850000000000128e-01 3.116430000000000033e-01 -9.501849999999999463e-01 -5.200999999999999894e-03 9.501990000000000158e-01 3.116380000000000261e-01 1.681999999999999901e-03
2.100000000000000000e+01 1.600000000000000000e+01 4.000000000000000000e+00 0.000000000000000000e+00 1.600000000000000089e+00 -6.700000000000000226e-04 -4.578999999999999737e-03 9.999890000000000168e-01 3.815279999999999783e-01 -9.243489999999999762e-01 -3.976999999999999633e-03 9.243569999999999842e-01 3.815219999999999723e-01 2.366000000000000048e-03
4.000000000000000000e+00 1.300000000000000000e+01 5.000000000000000000e+00 0.000000000000000000e+00 1.600000000000000089e+00 1.815200000000000147e-02 -1.010209999999999997e-01 9.947190000000000198e-01 3.670649999999999746e-01 -9.247379999999999489e-01 -1.006119999999999931e-01 9.300180000000000113e-01 3.669529999999999736e-01 2.029500000000000054e-02
3.000000000000000000e+00 1.000000000000000000e+00 6.000000000000000000e+00 0.000000000000000000e+00 1.600000000000000089e+00 2.091200000000000003e-02 -1.168460000000000054e-01 -9.929299999999999793e-01 -1.695879999999999888e-01 -9.791699999999999848e-01 1.116550000000000042e-01 -9.852929999999999744e-01 1.660540000000000072e-01 -4.029200000000000143e-02
3.000000000000000000e+00 1.010000000000000000e+02 7.000000000000000000e+00 0.000000000000000000e+00 1.600000000000000089e+00 2.432000000000000134e-03 -1.814699999999999994e-02 9.998320000000000540e-01 8.858449999999999935e-01 4.639380000000000170e-01 6.265999999999999868e-03 -4.639739999999999975e-01 8.856819999999999693e-01 1.720400000000000054e-02
1.700000000000000000e+01 1.010000000000000000e+02 7.000000000000000000e+00 0.000000000000000000e+00 1.600000000000000089e+00 -2.631000000000000092e-03 -7.931999999999999815e-03 9.999649999999999928e-01 8.862349999999999950e-01 4.631970000000000254e-01 6.006000000000000054e-03 -4.632290000000000019e-01 8.862200000000000077e-01 5.811000000000000193e-03
2.500000000000000000e+01 1.010000000000000000e+02 7.000000000000000000e+00 0.000000000000000000e+00 1.600000000000000089e+00 3.774000000000000011e-03 2.059000000000000066e-03 9.999909999999999632e-01 8.848660000000000414e-01 4.658249999999999891e-01 -4.298999999999999870e-03 -4.658300000000000218e-01 8.848740000000000494e-01 -6.399999999999999710e-05
1.000000000000000000e+00 2.500000000000000000e+01 8.000000000000000000e+00 0.000000000000000000e+00 1.600000000000000089e+00 1.700000000000000122e-04 5.056999999999999863e-03 -9.999869999999999592e-01 4.395620000000000083e-01 8.981999999999999984e-01 4.616999999999999577e-03 8.982120000000000104e-01 -4.395580000000000043e-01 -2.069999999999999792e-03
7.000000000000000000e+00 2.500000000000000000e+01 8.000000000000000000e+00 0.000000000000000000e+00 1.600000000000000089e+00 1.219000000000000031e-03 4.551000000000000358e-03 -9.999890000000000168e-01 4.393050000000000010e-01 8.983259999999999579e-01 4.623999999999999638e-03 8.983370000000000521e-01 -4.393059999999999743e-01 -9.039999999999999642e-04
1.200000000000000000e+01 2.500000000000000000e+01 8.000000000000000000e+00 0.000000000000000000e+00 1.600000000000000089e+00 6.740000000000000114e-04 -4.422999999999999848e-03 -9.999900000000000455e-01 4.407969999999999944e-01 8.975990000000000357e-01 -3.673000000000000050e-03 8.976060000000000150e-01 -4.407900000000000151e-01 2.553999999999999847e-03
1.800000000000000000e+01 2.500000000000000000e+01 8.000000000000000000e+00 0.000000000000000000e+00 1.600000000000000089e+00 -2.125000000000000153e-03 -1.474999999999999966e-03 -9.999970000000000248e-01 4.406479999999999841e-01 8.976769999999999472e-01 -2.259999999999999856e-03 8.976779999999999760e-01 -4.406510000000000149e-01 -1.258000000000000004e-03
2.500000000000000000e+01 2.500000000000000000e+01 8.000000000000000000e+00 0.000000000000000000e+00 1.600000000000000089e+00 -1.304000000000000038e-03 -6.596000000000000300e-03 -9.999770000000000048e-01 4.436359999999999748e-01 8.961839999999999806e-01 -6.490000000000000109e-03 8.962059999999999471e-01 -4.436339999999999728e-01 1.758000000000000014e-03
2.000000000000000000e+00 2.400000000000000000e+01 9.000000000000000000e+00 0.000000000000000000e+00 1.600000000000000089e+00 -4.500000000000000283e-05 5.955000000000000224e-03 -9.999820000000000375e-01 4.458230000000000248e-01 8.951050000000000395e-01 5.309999999999999616e-03 8.951210000000000555e-01 -4.458150000000000168e-01 -2.694999999999999913e-03
8.000000000000000000e+00 2.400000000000000000e+01 9.000000000000000000e+00 0.000000000000000000e+00 1.600000000000000089e+00 9.219999999999999680e-04 3.403999999999999908e-03 -9.999940000000000495e-01 4.460939999999999905e-01 8.949789999999999690e-01 3.458000000000000136e-03 8.949850000000000305e-01 -4.460950000000000193e-01 -6.939999999999999555e-04
1.800000000000000000e+01 2.400000000000000000e+01 9.000000000000000000e+00 0.000000000000000000e+00 1.600000000000000089e+00 -1.497000000000000067e-03 -2.710000000000000169e-03 -9.999949999999999672e-01 4.458969999999999878e-01 8.950789999999999580e-01 -3.093999999999999962e-03 8.950829999999999620e-01 -4.458989999999999898e-01 -1.310000000000000129e-04
2.600000000000000000e+01 2.400000000000000000e+01 9.000000000000000000e+00 0.000000000000000000e+00 1.600000000000000089e+00 -1.467999999999999904e-03 -8.267000000000000043e-03 -9.999649999999999928e-01 4.496089999999999809e-01 8.931890000000000107e-01 -8.045000000000000068e-03 8.932240000000000180e-01 -4.496049999999999769e-01 2.406000000000000152e-03
2.800000000000000000e+01 3.100000000000000000e+01 1.200000000000000000e+01 0.000000000000000000e+00 1.600000000000000089e+00 -6.989999999999999686e-04 3.183000000000000065e-03 9.999949999999999672e-01 -5.807999999999999795e-03 9.999780000000000335e-01 -3.187000000000000163e-03 -9.999829999999999552e-01 -5.810000000000000060e-03 -6.809999999999999647e-04
4.000000000000000000e+00 3.200000000000000000e+01 1.400000000000000000e+01 0.000000000000000000e+00 1.600000000000000089e+00 -1.072999999999999952e-03 -5.589000000000000218e-03 -9.999839999999999840e-01 1.252129999999999910e-01 9.921140000000000514e-01 -5.680000000000000153e-03 9.921290000000000386e-01 -1.252169999999999950e-01 -3.649999999999999816e-04
1.500000000000000000e+01 3.200000000000000000e+01 1.400000000000000000e+01 0.000000000000000000e+00 1.600000000000000089e+00 -1.090000000000000067e-04 1.889999999999999970e-03 -9.999980000000000535e-01 1.160719999999999946e-01 9.932389999999999830e-01 1.864999999999999904e-03 9.932410000000000405e-01 -1.160709999999999936e-01 -3.280000000000000038e-04
1.900000000000000000e+01 3.200000000000000000e+01 1.400000000000000000e+01 0.000000000000000000e+00 1.600000000000000089e+00 -2.959999999999999849e-04 1.396000000000000105e-03 -9.999989999999999712e-01 1.171699999999999964e-01 9.931109999999999660e-01 1.351999999999999903e-03 9.931119999999999948e-01 -1.171699999999999964e-01 -4.569999999999999952e-04
2.500000000000000000e+01 3.200000000000000000e+01 1.400000000000000000e+01 0.000000000000000000e+00 1.600000000000000089e+00 9.489999999999999738e-04 2.513000000000000043e-03 -9.999959999999999960e-01 1.124740000000000045e-01 9.936509999999999510e-01 2.603999999999999978e-03 9.936540000000000372e-01 -1.124769999999999937e-01 6.599999999999999964e-04
8.000000000000000000e+00 1.200000000000000000e+01 1.500000000000000000e+01 0.000000000000000000e+00 1.600000000000000089e+00 1.845000000000000069e-03 -4.291999999999999808e-03 -9.999890000000000168e-01 -4.336880000000000179e-01 -9.010580000000000256e-01 3.066999999999999848e-03 -9.010610000000000008e-01 4.336780000000000079e-01 -3.523000000000000090e-03
1.200000000000000000e+01 1.200000000000000000e+01 1.500000000000000000e+01 0.000000000000000000e+00 1.600000000000000089e+00 3.665999999999999988e-03 -3.235000000000000028e-03 -9.999879999999999880e-01 -4.461370000000000058e-01 -8.949639999999999818e-01 1.260000000000000052e-03 -8.949570000000000025e-01 4.461269999999999958e-01 -4.725000000000000033e-03
2.200000000000000000e+01 1.200000000000000000e+01 1.500000000000000000e+01 0.000000000000000000e+00 1.600000000000000089e+00 -1.010000000000000020e-04 -2.945999999999999834e-03 -9.999959999999999960e-01 -4.612240000000000228e-01 -8.872799999999999576e-01 2.661000000000000171e-03 -8.872839999999999616e-01 4.612229999999999941e-01 -1.268999999999999946e-03
2.800000000000000000e+01 1.200000000000000000e+01 1.500000000000000000e+01 0.000000000000000000e+00 1.600000000000000089e+00 -1.193999999999999966e-03 -2.291000000000000068e-03 -9.999970000000000248e-01 -4.645259999999999945e-01 -8.855560000000000098e-01 2.582999999999999793e-03 -8.855589999999999851e-01 4.645279999999999965e-01 -6.999999999999999895e-06
2.100000000000000000e+01 1.160000000000000000e+02 1.600000000000000000e+01 0.000000000000000000e+00 1.600000000000000089e+00 4.719999999999999803e-04 4.040000000000000080e-04 1.000000000000000000e+00 7.101830000000000087e-01 7.040170000000000039e-01 -6.189999999999999756e-04 -7.040170000000000039e-01 7.101830000000000087e-01 4.500000000000000283e-05
2.500000000000000000e+01 1.160000000000000000e+02 1.600000000000000000e+01 0.000000000000000000e+00 1.600000000000000089e+00 1.417000000000000074e-03 -2.108000000000000065e-03 9.999970000000000248e-01 7.094740000000000490e-01 7.047309999999999963e-01 4.800000000000000122e-04 -7.047299999999999676e-01 7.094709999999999628e-01 2.494000000000000123e-03
3.000000000000000000e+01 1.160000000000000000e+02 1.600000000000000000e+01 0.000000000000000000e+00 1.600000000000000089e+00 1.789000000000000009e-03 -5.919999999999999698e-04 9.999980000000000535e-01 7.057179999999999565e-01 7.084920000000000107e-01 -8.429999999999999993e-04 -7.084899999999999531e-01 7.057179999999999565e-01 1.685999999999999999e-03
5.000000000000000000e+00 2.000000000000000000e+00 1.900000000000000000e+01 0.000000000000000000e+00 1.600000000000000089e+00 -3.004199999999999926e-02 -6.567800000000000027e-02 -9.973889999999999700e-01 3.103750000000000120e-01 -9.491270000000000540e-01 5.315099999999999686e-02 -9.501389999999999558e-01 -3.079680000000000195e-01 4.889799999999999702e-02
8.000000000000000000e+00 2.000000000000000000e+00 1.900000000000000000e+01 0.000000000000000000e+00 1.600000000000000089e+00 -3.804199999999999943e-02 -6.868299999999999406e-02 -9.969130000000000491e-01 2.884860000000000202e-01 -9.559119999999999839e-01 5.484900000000000192e-02 -9.567280000000000229e-01 -2.855090000000000128e-01 5.617899999999999977e-02
1.300000000000000000e+01 2.000000000000000000e+00 1.900000000000000000e+01 0.000000000000000000e+00 1.600000000000000089e+00 -3.869600000000000123e-02 -6.787100000000000077e-02 -9.969430000000000236e-01 2.351850000000000052e-01 -9.702819999999999778e-01 5.692799999999999944e-02 -9.711800000000000432e-01 -2.322629999999999972e-01 5.350800000000000001e-02
1.700000000000000000e+01 2.000000000000000000e+00 1.900000000000000000e+01 0.000000000000000000e+00 1.600000000000000089e+00 -2.624100000000000044e-02 -6.006199999999999734e-02 -9.978500000000000147e-01 2.064090000000000091e-01 -9.770090000000000163e-01 5.337999999999999690e-02 -9.781140000000000390e-01 -2.045649999999999968e-01 3.803499999999999936e-02
2.600000000000000000e+01 2.000000000000000000e+00 1.900000000000000000e+01 0.000000000000000000e+00 1.600000000000000089e+00 1.556199999999999944e-02 -1.857500000000000123e-02 -9.997059999999999835e-01 2.321080000000000088e-01 -9.724479999999999791e-01 2.168199999999999988e-02 -9.725660000000000416e-01 -2.323770000000000002e-01 -1.082200000000000002e-02
4.000000000000000000e+00 3.000000000000000000e+00 1.900000000000000000e+01 0.000000000000000000e+00 1.600000000000000089e+00 -3.186599999999999849e-02 -6.360599999999999588e-02 -9.974659999999999638e-01 3.001309999999999811e-01 -9.525249999999999551e-01 5.115200000000000302e-02 -9.533660000000000467e-01 -2.977409999999999779e-01 4.944400000000000184e-02
2.000000000000000000e+00 1.300000000000000000e+01 2.000000000000000000e+01 0.000000000000000000e+00 1.600000000000000089e+00 -2.429999999999999977e-04 -1.830999999999999945e-03 9.999980000000000535e-01 2.644830000000000236e-01 9.643890000000000517e-01 1.830000000000000029e-03 -9.643899999999999695e-01 2.644830000000000236e-01 2.500000000000000052e-04
7.000000000000000000e+00 1.300000000000000000e+01 2.000000000000000000e+01 0.000000000000000000e+00 1.600000000000000089e+00 7.029999999999999574e-04 2.869000000000000022e-03 9.999959999999999960e-01 2.641189999999999927e-01 9.644859999999999545e-01 -2.952000000000000197e-03 -9.644899999999999585e-01 2.641200000000000214e-01 -8.000000000000000654e-05
1.000000000000000000e+01 1.300000000000000000e+01 2.000000000000000000e+01 0.000000000000000000e+00 1.600000000000000089e+00 3.739999999999999835e-04 -4.389999999999999914e-04 1.000000000000000000e+00 2.629830000000000223e-01 9.647999999999999909e-01 3.249999999999999851e-04 -9.647999999999999909e-01 2.629830000000000223e-01 4.760000000000000234e-04
1.400000000000000000e+01 1.300000000000000000e+01 2.000000000000000000e+01 0.000000000000000000e+00 1.600000000000000089e+00 -1.230000000000000082e-04 -4.807999999999999774e-03 9.999879999999999880e-01 2.646899999999999809e-01 9.643220000000000125e-01 4.669000000000000407e-03 -9.643340000000000245e-01 2.646870000000000056e-01 1.154000000000000078e-03
1.900000000000000000e+01 1.300000000000000000e+01 2.000000000000000000e+01 0.000000000000000000e+00 1.600000000000000089e+00 -9.500000000000000523e-05 3.710000000000000190e-04 1.000000000000000000e+00 2.651379999999999848e-01 9.642100000000000115e-01 -3.330000000000000169e-04 -9.642100000000000115e-01 2.651379999999999848e-01 -1.900000000000000105e-04
2.800000000000000000e+01 1.300000000000000000e+01 2.000000000000000000e+01 0.000000000000000000e+00 1.600000000000000089e+00 8.009999999999999542e-04 8.520000000000000013e-04 9.999989999999999712e-01 2.632160000000000055e-01 9.647360000000000380e-01 -1.033000000000000064e-03 -9.647369999999999557e-01 2.632160000000000055e-01 5.490000000000000088e-04
1.100000000000000000e+01 3.000000000000000000e+00 2.500000000000000000e+01 0.000000000000000000e+00 1.600000000000000089e+00 1.484000000000000076e-03 6.930000000000000396e-04 9.999989999999999712e-01 -4.024599999999999705e-02 -9.991889999999999938e-01 7.519999999999999558e-04 9.991889999999999938e-01 -4.024699999999999805e-02 -1.454999999999999913e-03
1.900000000000000000e+01 3.000000000000000000e+00 2.500000000000000000e+01 0.000000000000000000e+00 1.600000000000000089e+00 -2.027000000000000156e-03 -8.236000000000000265e-03 9.999639999999999640e-01 -4.017199999999999938e-02 -9.991579999999999906e-01 -8.311000000000000679e-03 9.991910000000000514e-01 -4.018800000000000150e-02 1.694999999999999892e-03
2.600000000000000000e+01 3.000000000000000000e+00 2.500000000000000000e+01 0.000000000000000000e+00 1.600000000000000089e+00 -3.135999999999999899e-03 -6.329999999999999689e-03 9.999749999999999472e-01 -3.594499999999999779e-02 -9.993330000000000268e-01 -6.438000000000000146e-03 9.993490000000000428e-01 -3.596400000000000291e-02 2.906999999999999862e-03
2.900000000000000000e+01 3.000000000000000000e+00 2.500000000000000000e+01 0.000000000000000000e+00 1.600000000000000089e+00 -2.298999999999999828e-03 -8.229999999999999469e-04 9.999970000000000248e-01 -3.547000000000000153e-02 -9.993699999999999806e-01 -9.039999999999999642e-04 9.993680000000000341e-01 -3.547199999999999659e-02 2.269000000000000183e-03
6.000000000000000000e+00 4.600000000000000000e+01 2.700000000000000000e+01 0.000000000000000000e+00 1.600000000000000089e+00 -5.469999999999999602e-04 2.086000000000000180e-03 -9.999980000000000535e-01 6.774550000000000294e-01 7.355629999999999669e-01 1.164000000000000104e-03 7.355639999999999956e-01 -6.774529999999999719e-01 -1.814999999999999990e-03
1.800000000000000000e+01 4.600000000000000000e+01 2.700000000000000000e+01 0.000000000000000000e+00 1.600000000000000089e+00 -1.987000000000000051e-03 -8.599999999999999789e-04 -9.999980000000000535e-01 6.774550000000000294e-01 7.355610000000000204e-01 -1.978999999999999856e-03 7.355610000000000204e-01 -6.774580000000000046e-01 -8.790000000000000070e-04
2.500000000000000000e+01 4.600000000000000000e+01 2.700000000000000000e+01 0.000000000000000000e+00 1.600000000000000089e+00 -3.390000000000000001e-04 1.533000000000000074e-03 -9.999989999999999712e-01 6.728049999999999864e-01 7.398190000000000044e-01 9.060000000000000128e-04 7.398200000000000331e-01 -6.728039999999999576e-01 -1.281999999999999936e-03
8.000000000000000000e+00 4.600000000000000000e+01 3.000000000000000000e+01 0.000000000000000000e+00 1.600000000000000089e+00 -2.829999999999999942e-04 2.164999999999999824e-03 -9.999980000000000535e-01 3.314199999999999924e-01 9.434810000000000141e-01 1.948999999999999995e-03 9.434829999999999606e-01 -3.314179999999999904e-01 -9.849999999999999815e-04
6.000000000000000000e+00 5.800000000000000000e+01 3.100000000000000000e+01 0.000000000000000000e+00 1.600000000000000089e+00 -2.027999999999999855e-03 -4.950999999999999672e-03 9.999860000000000415e-01 -8.138969999999999816e-01 -5.809919999999999529e-01 -4.526999999999999774e-03 5.810060000000000224e-01 -8.138950000000000351e-01 -2.850999999999999802e-03
1.100000000000000000e+01 5.800000000000000000e+01 3.100000000000000000e+01 0.000000000000000000e+00 1.600000000000000089e+00 2.347999999999999827e-03 1.033000000000000064e-03 9.999970000000000248e-01 -8.149290000000000145e-01 -5.795550000000000423e-01 2.511999999999999910e-03 5.795559999999999601e-01 -8.149319999999999897e-01 -5.190000000000000386e-04
1.500000000000000000e+01 5.800000000000000000e+01 3.100000000000000000e+01 0.000000000000000000e+00 1.600000000000000089e+00 -1.129000000000000012e-03 -3.040000000000000167e-03 9.999949999999999672e-01 -8.153559999999999697e-01 -5.789539999999999687e-01 -2.680999999999999790e-03 5.789590000000000014e-01 -8.153550000000000519e-01 -1.825000000000000016e-03
2.200000000000000000e+01 5.800000000000000000e+01 3.100000000000000000e+01 0.000000000000000000e+00 1.600000000000000089e+00 4.558999999999999685e-03 5.717999999999999992e-03 9.999730000000000008e-01 -8.143029999999999990e-01 -5.803979999999999695e-01 7.030999999999999923e-03 5.804219999999999935e-01 -8.143129999999999535e-01 2.010000000000000068e-03
2.600000000000000000e+01 5.800000000000000000e+01 3.100000000000000000e+01 0.000000000000000000e+00 1.600000000000000089e+00 5.120000000000000419e-03 1.475800000000000028e-02 9.998780000000000445e-01 -8.143099999999999783e-01 -5.802899999999999725e-01 1.273499999999999979e-02 5.804070000000000062e-01 -8.142759999999999998e-01 9.046000000000000221e-03
4.000000000000000000e+00 4.600000000000000000e+01 3.500000000000000000e+01 0.000000000000000000e+00 1.600000000000000089e+00 -6.130000000000000466e-04 -1.221000000000000080e-03 -9.999989999999999712e-01 3.904699999999999838e-01 -9.206149999999999611e-01 8.840000000000000201e-04 -9.206159999999999899e-01 -3.904690000000000105e-01 1.041000000000000042e-03
8.000000000000000000e+00 4.600000000000000000e+01 3.500000000000000000e+01 0.000000000000000000e+00 1.600000000000000089e+00 6.719999999999999628e-04 5.054000000000000332e-03 -9.999869999999999592e-01 3.906800000000000272e-01 -9.205160000000000009e-01 -4.389999999999999805e-03 -9.205259999999999554e-01 -3.906720000000000192e-01 -2.592999999999999819e-03
1.600000000000000000e+01 4.600000000000000000e+01 3.500000000000000000e+01 0.000000000000000000e+00 1.600000000000000089e+00 -1.389999999999999905e-04 -1.820000000000000057e-04 -1.000000000000000000e+00 3.926959999999999895e-01 -9.196680000000000410e-01 1.129999999999999955e-04 -9.196680000000000410e-01 -3.926959999999999895e-01 1.990000000000000124e-04
2.200000000000000000e+01 4.600000000000000000e+01 3.500000000000000000e+01 0.000000000000000000e+00 1.600000000000000089e+00 -2.030000000000000012e-04 3.319999999999999926e-04 -1.000000000000000000e+00 3.926499999999999990e-01 -9.196879999999999500e-01 -3.849999999999999798e-04 -9.196879999999999500e-01 -3.926499999999999990e-01 5.599999999999999916e-05
2.600000000000000000e+01 4.600000000000000000e+01 3.500000000000000000e+01 0.000000000000000000e+00 1.600000000000000089e+00 1.618999999999999996e-03 2.985999999999999939e-03 -9.999940000000000495e-01 3.921399999999999886e-01 -9.199030000000000262e-01 -2.112000000000000162e-03 -9.199040000000000550e-01 -3.921350000000000113e-01 -2.660000000000000038e-03
2.900000000000000000e+01 4.600000000000000000e+01 3.500000000000000000e+01 0.000000000000000000e+00 1.600000000000000089e+00 7.560000000000000530e-04 2.393999999999999861e-03 -9.999970000000000248e-01 3.914960000000000107e-01 -9.201780000000000515e-01 -1.907000000000000058e-03 -9.201789999999999692e-01 -3.914929999999999799e-01 -1.631999999999999987e-03
4.000000000000000000e+00 9.500000000000000000e+01 3.600000000000000000e+01 0.000000000000000000e+00 1.600000000000000089e+00 1.959999999999999937e-04 -1.281000000000000021e-02 9.999179999999999735e-01 9.966829999999999856e-01 8.137900000000000689e-02 8.480000000000000124e-04 -8.138399999999999801e-02 9.966009999999999591e-01 1.278400000000000022e-02
1.200000000000000000e+01 9.500000000000000000e+01 3.600000000000000000e+01 0.000000000000000000e+00 1.600000000000000089e+00 -3.370000000000000166e-03 -1.960900000000000143e-02 9.998019999999999685e-01 9.967380000000000129e-01 8.055800000000000460e-02 4.938999999999999814e-03 -8.063900000000000234e-02 9.965570000000000261e-01 1.927399999999999947e-02
2.200000000000000000e+01 9.500000000000000000e+01 3.600000000000000000e+01 0.000000000000000000e+00 1.600000000000000089e+00 6.364999999999999998e-03 1.936399999999999927e-02 9.997920000000000140e-01 9.968209999999999571e-01 7.927800000000000125e-02 -7.881000000000000852e-03 -7.941399999999999848e-02 9.966650000000000231e-01 -1.879799999999999874e-02
2.700000000000000000e+01 9.500000000000000000e+01 3.700000000000000000e+01 0.000000000000000000e+00 1.600000000000000089e+00 9.091000000000000122e-03 -3.054999999999999990e-03 9.999540000000000095e-01 9.948399999999999466e-01 1.010830000000000062e-01 -8.734999999999999709e-03 -1.010520000000000029e-01 9.948730000000000073e-01 3.957999999999999713e-03
2.100000000000000000e+01 2.900000000000000000e+01 4.400000000000000000e+01 0.000000000000000000e+00 1.600000000000000089e+00 -3.897999999999999989e-03 -3.312999999999999973e-03 -9.999869999999999592e-01 6.796699999999999964e-01 7.335009999999999586e-01 -5.080000000000000314e-03 7.335080000000000489e-01 -6.796809999999999796e-01 -6.070000000000000092e-04
2.800000000000000000e+01 2.900000000000000000e+01 4.400000000000000000e+01 0.000000000000000000e+00 1.600000000000000089e+00 2.159999999999999919e-04 -2.214999999999999955e-03 -9.999970000000000248e-01 6.754130000000000411e-01 7.374380000000000379e-01 -1.487000000000000040e-03 7.374389999999999556e-01 -6.754109999999999836e-01 1.655000000000000004e-03
3.000000000000000000e+00 5.400000000000000000e+01 4.600000000000000000e+01 0.000000000000000000e+00 1.600000000000000089e+00 1.099999999999999971e-05 7.405000000000000124e-03 9.999730000000000008e-01 2.933939999999999881e-01 -9.559659999999999824e-01 7.075999999999999825e-03 9.559919999999999529e-01 2.933859999999999801e-01 -2.183000000000000045e-03
6.000000000000000000e+00 5.000000000000000000e+00 5.100000000000000000e+01 0.000000000000000000e+00 1.600000000000000089e+00 1.201999999999999943e-03 2.370000000000000145e-03 -9.999959999999999960e-01 4.907639999999999780e-01 -8.712919999999999554e-01 -1.474999999999999966e-03 -8.712919999999999554e-01 -4.907599999999999740e-01 -2.210999999999999858e-03
2.400000000000000000e+01 5.000000000000000000e+00 5.100000000000000000e+01 0.000000000000000000e+00 1.600000000000000089e+00 7.212999999999999794e-03 3.400000000000000244e-04 -9.999740000000000295e-01 4.824269999999999947e-01 -8.759299999999999864e-01 3.181999999999999933e-03 -8.759059999999999624e-01 -4.824379999999999780e-01 -6.481999999999999915e-03
4.000000000000000000e+00 6.300000000000000000e+01 5.400000000000000000e+01 0.000000000000000000e+00 1.600000000000000089e+00 -1.520000000000000084e-03 -3.836000000000000000e-03 9.999909999999999632e-01 -3.551010000000000000e-01 9.348229999999999595e-01 3.046000000000000096e-03 -9.348269999999999635e-01 -3.550940000000000207e-01 -2.782999999999999884e-03
8.000000000000000000e+00 6.300000000000000000e+01 5.400000000000000000e+01 0.000000000000000000e+00 1.600000000000000089e+00 -1.679999999999999907e-04 -5.680000000000000370e-04 1.000000000000000000e+00 -3.473999999999999866e-01 9.377170000000000227e-01 4.739999999999999747e-04 -9.377170000000000227e-01 -3.473999999999999866e-01 -3.539999999999999853e-04
1.500000000000000000e+01 6.300000000000000000e+01 5.400000000000000000e+01 0.000000000000000000e+00 1.600000000000000089e+00 6.250000000000000130e-04 7.680000000000000195e-04 1.000000000000000000e+00 -3.477450000000000263e-01 9.375890000000000057e-01 -5.029999999999999749e-04 -9.375890000000000057e-01 -3.477450000000000263e-01 8.540000000000000499e-04
2.500000000000000000e+01 6.300000000000000000e+01 5.400000000000000000e+01 0.000000000000000000e+00 1.600000000000000089e+00 1.471000000000000085e-03 3.089999999999999756e-04 9.999989999999999712e-01 -3.409840000000000093e-01 9.400690000000000435e-01 2.110000000000000059e-04 -9.400680000000000147e-01 -3.409840000000000093e-01 1.487999999999999956e-03
2.000000000000000000e+00 2.500000000000000000e+01 5.500000000000000000e+01 0.000000000000000000e+00 1.600000000000000089e+00 -4.409999999999999858e-04 3.913999999999999944e-03 -9.999919999999999920e-01 -1.313100000000000031e-02 -9.999059999999999615e-01 -3.906999999999999883e-03 -9.999139999999999695e-01 1.312900000000000005e-02 4.929999999999999487e-04
1.000000000000000000e+01 2.500000000000000000e+01 5.500000000000000000e+01 0.000000000000000000e+00 1.600000000000000089e+00 4.350000000000000026e-04 -2.713000000000000134e-03 -9.999959999999999960e-01 -1.400500000000000009e-02 -9.998979999999999535e-01 2.706000000000000072e-03 -9.999019999999999575e-01 1.400400000000000082e-02 -4.730000000000000046e-04
1.400000000000000000e+01 2.500000000000000000e+01 5.500000000000000000e+01 0.000000000000000000e+00 1.600000000000000089e+00 -5.940000000000000184e-04 2.115000000000000126e-03 -9.999980000000000535e-01 -1.271500000000000061e-02 -9.999169999999999447e-01 -2.106999999999999932e-03 -9.999190000000000023e-01 1.271399999999999961e-02 6.210000000000000242e-04
2.100000000000000000e+01 2.500000000000000000e+01 5.500000000000000000e+01 0.000000000000000000e+00 1.600000000000000089e+00 1.559999999999999972e-04 2.093999999999999941e-03 -9.999980000000000535e-01 -1.022900000000000025e-02 -9.999449999999999728e-01 -2.096000000000000207e-03 -9.999479999999999480e-01 1.022900000000000025e-02 -1.350000000000000017e-04
5.000000000000000000e+00 2.100000000000000000e+01 6.000000000000000000e+01 0.000000000000000000e+00 1.600000000000000089e+00 -2.550999999999999882e-03 3.941000000000000059e-03 9.999890000000000168e-01 -9.535399999999999432e-02 9.954349999999999588e-01 -4.166000000000000432e-03 -9.954399999999999915e-01 -9.536400000000000432e-02 -2.164000000000000125e-03
2.800000000000000000e+01 2.100000000000000000e+01 6.000000000000000000e+01 0.000000000000000000e+00 1.600000000000000089e+00 9.560000000000000355e-04 1.235999999999999946e-02 9.999230000000000063e-01 -9.608999999999999486e-02 9.952980000000000160e-01 -1.221099999999999963e-02 -9.953720000000000345e-01 -9.607100000000000362e-02 2.139999999999999975e-03
1.200000000000000000e+01 6.000000000000000000e+00 6.100000000000000000e+01 0.000000000000000000e+00 1.600000000000000089e+00 -6.819999999999999890e-04 1.111999999999999924e-03 9.999989999999999712e-01 5.665810000000000013e-01 -8.240049999999999875e-01 1.302999999999999905e-03 8.240060000000000162e-01 5.665810000000000013e-01 -6.799999999999999946e-05
3.000000000000000000e+00 2.700000000000000000e+01 6.300000000000000000e+01 0.000000000000000000e+00 1.600000000000000089e+00 3.399000000000000112e-03 8.772000000000000283e-03 9.999559999999999560e-01 -2.724429999999999907e-01 9.621429999999999705e-01 -7.513999999999999846e-03 -9.621659999999999657e-01 -2.724050000000000082e-01 5.660000000000000100e-03
1.200000000000000000e+01 2.700000000000000000e+01 6.300000000000000000e+01 0.000000000000000000e+00 1.600000000000000089e+00 -3.625999999999999883e-03 -8.207000000000000753e-03 9.999599999999999600e-01 -2.730210000000000137e-01 9.619830000000000325e-01 6.904999999999999680e-03 -9.620009999999999950e-01 -2.729849999999999777e-01 -5.728999999999999718e-03
2.000000000000000000e+01 2.700000000000000000e+01 6.300000000000000000e+01 0.000000000000000000e+00 1.600000000000000089e+00 3.620000000000000171e-04 -3.435999999999999818e-03 9.999940000000000495e-01 -2.718119999999999981e-01 9.623439999999999772e-01 3.403999999999999908e-03 -9.623500000000000387e-01 -2.718119999999999981e-01 -5.860000000000000408e-04
2.400000000000000000e+01 2.700000000000000000e+01 6.300000000000000000e+01 0.000000000000000000e+00 1.600000000000000089e+00 -9.779999999999999197e-04 2.739999999999999923e-04 9.999989999999999712e-01 -2.743289999999999895e-01 9.616360000000000463e-01 -5.320000000000000293e-04 -9.616350000000000176e-01 -2.743289999999999895e-01 -8.660000000000000163e-04
5.000000000000000000e+00 2.600000000000000000e+01 6.400000000000000000e+01 0.000000000000000000e+00 1.600000000000000089e+00 3.350000000000000113e-03 5.904999999999999659e-03 9.999770000000000048e-01 -3.536830000000000251e-01 9.353550000000000475e-01 -4.337999999999999842e-03 -9.353590000000000515e-01 -3.536610000000000031e-01 5.222000000000000079e-03
1.300000000000000000e+01 2.600000000000000000e+01 6.400000000000000000e+01 0.000000000000000000e+00 1.600000000000000089e+00 -4.274000000000000021e-03 -1.082299999999999929e-02 9.999320000000000430e-01 -3.547810000000000130e-01 9.349100000000000188e-01 8.602999999999999536e-03 -9.349399999999999933e-01 -3.547199999999999798e-01 -7.835999999999999216e-03
2.300000000000000000e+01 2.600000000000000000e+01 6.400000000000000000e+01 0.000000000000000000e+00 1.600000000000000089e+00 -2.979999999999999793e-04 1.067999999999999939e-03 9.999989999999999712e-01 -3.602600000000000247e-01 9.328509999999999858e-01 -1.103999999999999947e-03 -9.328520000000000145e-01 -3.602600000000000247e-01 1.069999999999999988e-04
2.800000000000000000e+01 2.600000000000000000e+01 6.400000000000000000e+01 0.000000000000000000e+00 1.600000000000000089e+00 3.359999999999999814e-04 7.979999999999999897e-04 1.000000000000000000e+00 -3.596469999999999945e-01 9.330880000000000285e-01 -6.239999999999999887e-04 -9.330880000000000285e-01 -3.596469999999999945e-01 5.999999999999999474e-04
1.000000000000000000e+00 6.900000000000000000e+01 6.600000000000000000e+01 0.000000000000000000e+00 1.600000000000000089e+00 2.905000000000000030e-03 -2.080999999999999951e-03 9.999940000000000495e-01 -9.480769999999999476e-01 3.180239999999999734e-01 3.415000000000000067e-03 -3.180290000000000061e-01 -9.480800000000000338e-01 -1.049000000000000019e-03
2.700000000000000000e+01 6.900000000000000000e+01 6.600000000000000000e+01 0.000000000000000000e+00 1.600000000000000089e+00 -9.240000000000000166e-04 1.784999999999999911e-03 9.999980000000000535e-01 -9.510939999999999950e-01 3.088989999999999791e-01 -1.430000000000000064e-03 -3.089009999999999811e-01 -9.510929999999999662e-01 1.412000000000000061e-03
5.000000000000000000e+00 2.500000000000000000e+01 7.300000000000000000e+01 0.000000000000000000e+00 1.600000000000000089e+00 1.330000000000000073e-04 -1.379999999999999933e-03 9.999989999999999712e-01 7.487530000000000019e-01 -6.628479999999999928e-01 -1.013999999999999927e-03 6.628490000000000215e-01 7.487530000000000019e-01 9.449999999999999850e-04
1.000000000000000000e+01 2.500000000000000000e+01 7.300000000000000000e+01 0.000000000000000000e+00 1.600000000000000089e+00 8.710000000000000294e-04 7.572999999999999871e-03 9.999710000000000543e-01 7.533699999999999841e-01 -6.575830000000000286e-01 4.323999999999999719e-03 6.575959999999999583e-01 7.533440000000000136e-01 -6.277999999999999726e-03
2.700000000000000000e+01 2.500000000000000000e+01 7.300000000000000000e+01 0.000000000000000000e+00 1.600000000000000089e+00 -3.269999999999999903e-03 -9.083000000000000795e-03 9.999529999999999808e-01 7.387660000000000338e-01 -6.739519999999999955e-01 -3.706000000000000093e-03 6.739540000000000530e-01 7.387190000000000145e-01 8.914000000000000049e-03
9.000000000000000000e+00 4.400000000000000000e+01 7.300000000000000000e+01 0.000000000000000000e+00 1.600000000000000089e+00 1.042900000000000077e-02 1.432199999999999966e-02 9.998430000000000373e-01 5.200899999999999967e-02 -9.985519999999999952e-01 1.376100000000000066e-02 9.985920000000000352e-01 5.185700000000000032e-02 -1.115900000000000052e-02
1.200000000000000000e+01 4.400000000000000000e+01 7.300000000000000000e+01 0.000000000000000000e+00 1.600000000000000089e+00 2.344000000000000163e-03 3.511999999999999931e-03 9.999909999999999632e-01 5.485899999999999804e-02 -9.984880000000000422e-01 3.377999999999999926e-03 9.984910000000000174e-01 5.485000000000000292e-02 -2.533000000000000095e-03
1.900000000000000000e+01 4.400000000000000000e+01 7.300000000000000000e+01 0.000000000000000000e+00 1.600000000000000089e+00 2.863999999999999792e-03 3.441000000000000048e-03 9.999900000000000455e-01 5.422400000000000136e-02 -9.985230000000000494e-01 3.279999999999999930e-03 9.985249999999999959e-01 5.421499999999999930e-02 -3.046000000000000096e-03
2.200000000000000000e+01 4.400000000000000000e+01 7.300000000000000000e+01 0.000000000000000000e+00 1.600000000000000089e+00 1.665999999999999946e-03 2.507000000000000114e-03 9.999949999999999672e-01 5.442299999999999915e-02 -9.985150000000000414e-01 2.412000000000000081e-03 9.985169999999999879e-01 5.441900000000000209e-02 -1.799000000000000035e-03
2.700000000000000000e+01 4.400000000000000000e+01 7.300000000000000000e+01 0.000000000000000000e+00 1.600000000000000089e+00 -4.400000000000000157e-04 1.477999999999999930e-03 9.999989999999999712e-01 5.407499999999999807e-02 -9.985359999999999792e-01 1.500000000000000031e-03 9.985370000000000079e-01 5.407599999999999907e-02 3.589999999999999984e-04
1.900000000000000000e+01 2.500000000000000000e+01 7.400000000000000000e+01 0.000000000000000000e+00 1.600000000000000089e+00 2.039000000000000014e-03 1.340000000000000045e-04 9.999980000000000535e-01 8.346489999999999743e-01 -5.507800000000000473e-01 -1.628000000000000107e-03 5.507790000000000186e-01 8.346500000000000030e-01 -1.234999999999999987e-03
2.400000000000000000e+01 2.500000000000000000e+01 7.400000000000000000e+01 0.000000000000000000e+00 1.600000000000000089e+00 1.495999999999999934e-03 -6.186999999999999791e-03 9.999799999999999800e-01 8.276149999999999896e-01 -5.612759999999999971e-01 -4.710999999999999910e-03 5.612939999999999596e-01 8.276059999999999528e-01 4.281000000000000083e-03
2.800000000000000000e+01 2.500000000000000000e+01 7.400000000000000000e+01 0.000000000000000000e+00 1.600000000000000089e+00 -2.873000000000000120e-03 -1.083199999999999961e-02 9.999369999999999647e-01 8.234879999999999978e-01 -5.673209999999999642e-01 -3.779999999999999940e-03 5.673259999999999970e-01 8.234249999999999625e-01 1.055000000000000035e-02
1.600000000000000000e+01 5.100000000000000000e+01 7.600000000000000000e+01 0.000000000000000000e+00 1.600000000000000089e+00 1.129999999999999928e-03 -2.000000000000000096e-04 -9.999989999999999712e-01 -3.979900000000000104e-01 -9.173900000000000388e-01 -2.660000000000000146e-04 -9.173890000000000100e-01 3.979900000000000104e-01 -1.116000000000000021e-03
2.200000000000000000e+01 5.100000000000000000e+01 7.600000000000000000e+01 0.000000000000000000e+00 1.600000000000000089e+00 -5.230000000000000274e-04 -1.211999999999999970e-03 -9.999989999999999712e-01 -3.999809999999999754e-01 -9.165219999999999478e-01 1.319999999999999993e-03 -9.165229999999999766e-01 3.999809999999999754e-01 -6.000000000000000152e-06
3.000000000000000000e+00 9.100000000000000000e+01 7.600000000000000000e+01 0.000000000000000000e+00 1.600000000000000089e+00 4.110000000000000155e-04 -7.500000000000000156e-04 1.000000000000000000e+00 3.663710000000000022e-01 -9.304679999999999618e-01 -8.480000000000000124e-04 9.304689999999999905e-01 3.663710000000000022e-01 -1.079999999999999960e-04
5.000000000000000000e+00 9.100000000000000000e+01 7.600000000000000000e+01 0.000000000000000000e+00 1.600000000000000089e+00 2.174999999999999850e-03 3.739999999999999835e-04 9.999980000000000535e-01 3.599840000000000262e-01 -9.329589999999999828e-01 -4.339999999999999782e-04 9.329560000000000075e-01 3.599840000000000262e-01 -2.162999999999999992e-03
8.000000000000000000e+00 9.100000000000000000e+01 7.600000000000000000e+01 0.000000000000000000e+00 1.600000000000000089e+00 3.144000000000000093e-03 8.300000000000000086e-04 9.999949999999999672e-01 3.524900000000000255e-01 -9.358159999999999812e-01 -3.310000000000000225e-04 9.358100000000000307e-01 3.524889999999999968e-01 -3.235000000000000028e-03
1.200000000000000000e+01 9.100000000000000000e+01 7.600000000000000000e+01 0.000000000000000000e+00 1.600000000000000089e+00 1.745999999999999939e-03 1.131000000000000061e-03 9.999980000000000535e-01 3.476299999999999946e-01 -9.376320000000000210e-01 4.530000000000000064e-04 9.376299999999999635e-01 3.476290000000000213e-01 -2.030000000000000120e-03
2.300000000000000000e+01 9.100000000000000000e+01 7.600000000000000000e+01 0.000000000000000000e+00 1.600000000000000089e+00 9.560000000000000355e-04 -8.549999999999999658e-04 9.999989999999999712e-01 3.171289999999999942e-01 -9.483819999999999473e-01 -1.113999999999999973e-03 9.483819999999999473e-01 3.171300000000000230e-01 -6.359999999999999551e-04
2.700000000000000000e+01 9.100000000000000000e+01 7.600000000000000000e+01 0.000000000000000000e+00 1.600000000000000089e+00 2.233000000000000176e-03 2.288999999999999802e-03 9.999949999999999672e-01 3.234219999999999873e-01 -9.462540000000000395e-01 1.443999999999999971e-03 9.462519999999999820e-01 3.234179999999999833e-01 -2.854000000000000200e-03
3.000000000000000000e+01 9.100000000000000000e+01 7.600000000000000000e+01 0.000000000000000000e+00 1.600000000000000089e+00 1.497000000000000067e-03 2.850000000000000103e-03 9.999949999999999672e-01 3.256749999999999923e-01 -9.454789999999999583e-01 2.207000000000000194e-03 9.454810000000000159e-01 3.256700000000000150e-01 -2.344000000000000163e-03
