2.000000000000000000e+00 1.500000000000000000e+01 4.000000000000000000e+00 0.000000000000000000e+00 1.600000000000000089e+00 -6.729999999999999871e-04 1.396000000000000105e-03 9.999989999999999712e-01 3.258039999999999825e-01 -9.454360000000000541e-01 1.539000000000000003e-03 9.454369999999999719e-01 3.258039999999999825e-01 1.810000000000000085e-04
7.000000000000000000e+00 1.500000000000000000e+01 4.000000000000000000e+00 0.000000000000000000e+00 1.600000000000000089e+00 7.259999999999999743e-04 6.540999999999999939e-03 9.999780000000000335e-01 3.246720000000000161e-01 -9.458079999999999821e-01 5.950999999999999693e-03 9.458259999999999446e-01 3.246609999999999774e-01 -2.809999999999999998e-03
9.000000000000000000e+00 1.500000000000000000e+01 4.000000000000000000e+00 0.000000000000000000e+00 1.600000000000000089e+00 2.530000000000000239e-04 1.070300000000000071e-02 9.999430000000000263e-01 3.223840000000000039e-01 -9.465559999999999530e-01 1.004999999999999991e-02 9.466090000000000337e-01 3.223630000000000106e-01 -3.690000000000000138e-03
1.300000000000000000e+01 1.500000000000000000e+01 4.000000000000000000e+00 0.000000000000000000e+00 1.600000000000000089e+00 1.168999999999999900e-03 1.282900000000000013e-02 9.999169999999999447e-01 3.189440000000000053e-01 -9.476999999999999869e-01 1.178599999999999960e-02 9.477729999999999766e-01 3.189040000000000208e-01 -5.199999999999999761e-03
2.200000000000000000e+01 1.500000000000000000e+01 4.000000000000000000e+00 0.000000000000000000e+00 1.600000000000000089e+00 2.220999999999999884e-03 9.322000000000000425e-03 9.999540000000000095e-01 3.183579999999999743e-01 -9.479360000000000008e-01 8.130000000000000074e-03 9.479680000000000328e-01 3.183250000000000246e-01 -5.073000000000000252e-03
2.000000000000000000e+01 7.400000000000000000e+01 4.000000000000000000e+00 0.000000000000000000e+00 1.600000000000000089e+00 -8.809029999999999916e-01 -3.781860000000000221e-01 2.845770000000000244e-01 -3.999039999999999817e-01 9.163360000000000394e-01 -2.013900000000000065e-02 -2.531519999999999881e-01 -1.315439999999999943e-01 -9.584420000000000162e-01
1.500000000000000000e+01 1.010000000000000000e+02 7.000000000000000000e+00 0.000000000000000000e+00 1.600000000000000089e+00 -1.556000000000000091e-03 -1.064700000000000021e-02 9.999419999999999975e-01 8.829110000000000014e-01 4.694980000000000264e-01 6.373000000000000193e-03 -4.695389999999999842e-01 8.828690000000000149e-01 8.670000000000000623e-03
2.200000000000000000e+01 1.010000000000000000e+02 7.000000000000000000e+00 0.000000000000000000e+00 1.600000000000000089e+00 2.830000000000000050e-03 -3.848300000000000332e-02 9.992550000000000043e-01 8.846960000000000379e-01 4.659130000000000216e-01 1.543800000000000033e-02 -4.661600000000000188e-01 8.839930000000000287e-01 3.536399999999999960e-02
2.700000000000000000e+01 1.010000000000000000e+02 7.000000000000000000e+00 0.000000000000000000e+00 1.600000000000000089e+00 3.770000000000000022e-04 -3.056299999999999989e-02 9.995330000000000048e-01 8.848340000000000094e-01 4.656980000000000008e-01 1.390699999999999922e-02 -4.659050000000000136e-01 8.844159999999999799e-01 2.721900000000000014e-02
4.000000000000000000e+00 2.500000000000000000e+01 8.000000000000000000e+00 0.000000000000000000e+00 1.600000000000000089e+00 -3.194999999999999923e-03 -2.788000000000000114e-03 -9.999909999999999632e-01 4.453779999999999961e-01 8.953339999999999632e-01 -3.919999999999999873e-03 8.953370000000000495e-01 -4.453860000000000041e-01 -1.618999999999999996e-03
9.000000000000000000e+00 2.500000000000000000e+01 8.000000000000000000e+00 0.000000000000000000e+00 1.600000000000000089e+00 -3.749999999999999861e-03 -7.609000000000000312e-03 -9.999639999999999640e-01 4.476999999999999869e-01 8.941440000000000499e-01 -8.481999999999999956e-03 8.941759999999999708e-01 -4.477160000000000029e-01 5.399999999999999798e-05
1.300000000000000000e+01 2.500000000000000000e+01 8.000000000000000000e+00 0.000000000000000000e+00 1.600000000000000089e+00 -2.226999999999999813e-03 -4.519999999999999712e-03 -9.999869999999999592e-01 4.491490000000000204e-01 8.934419999999999584e-01 -5.039000000000000076e-03 8.934539999999999704e-01 -4.491550000000000264e-01 4.000000000000000327e-05
1.800000000000000000e+01 2.500000000000000000e+01 8.000000000000000000e+00 0.000000000000000000e+00 1.600000000000000089e+00 -2.105999999999999799e-03 -8.286999999999999228e-03 -9.999630000000000463e-01 4.494469999999999854e-01 8.932679999999999509e-01 -8.349000000000000518e-03 8.933050000000000157e-01 -4.494480000000000142e-01 1.843000000000000020e-03
2.600000000000000000e+01 2.500000000000000000e+01 8.000000000000000000e+00 0.000000000000000000e+00 1.600000000000000089e+00 -2.280000000000000126e-04 -2.716999999999999797e-03 -9.999959999999999960e-01 4.532479999999999842e-01 8.913809999999999789e-01 -2.524999999999999901e-03 8.913839999999999542e-01 -4.532470000000000110e-01 1.028000000000000051e-03
4.000000000000000000e+00 2.400000000000000000e+01 9.000000000000000000e+00 0.000000000000000000e+00 1.600000000000000089e+00 -3.174999999999999871e-03 -3.713999999999999854e-03 -9.999879999999999880e-01 4.482909999999999950e-01 8.938749999999999751e-01 -4.742999999999999820e-03 8.938819999999999544e-01 -4.482999999999999763e-01 -1.172999999999999998e-03
9.000000000000000000e+00 2.400000000000000000e+01 9.000000000000000000e+00 0.000000000000000000e+00 1.600000000000000089e+00 -3.739999999999999835e-03 -7.455999999999999954e-03 -9.999649999999999928e-01 4.506999999999999895e-01 8.926359999999999850e-01 -8.340999999999999456e-03 8.926669999999999883e-01 -4.507160000000000055e-01 2.199999999999999943e-05
1.400000000000000000e+01 2.400000000000000000e+01 9.000000000000000000e+00 0.000000000000000000e+00 1.600000000000000089e+00 -1.624999999999999925e-03 -4.791000000000000120e-03 -9.999869999999999592e-01 4.519389999999999796e-01 8.920350000000000223e-01 -5.008000000000000299e-03 8.920470000000000343e-01 -4.519409999999999816e-01 7.159999999999999481e-04
1.900000000000000000e+01 2.400000000000000000e+01 9.000000000000000000e+00 0.000000000000000000e+00 1.600000000000000089e+00 -2.001999999999999873e-03 -1.090600000000000076e-02 -9.999390000000000223e-01 4.517120000000000024e-01 8.921000000000000041e-01 -1.063399999999999936e-02 8.921609999999999818e-01 -4.517059999999999964e-01 3.139999999999999996e-03
2.300000000000000000e+01 2.400000000000000000e+01 9.000000000000000000e+00 0.000000000000000000e+00 1.600000000000000089e+00 -1.459000000000000010e-03 -8.104000000000000092e-03 -9.999660000000000215e-01 4.546850000000000058e-01 8.906169999999999920e-01 -7.881000000000000852e-03 8.906509999999999705e-01 -4.546810000000000018e-01 2.386000000000000100e-03
2.600000000000000000e+01 2.400000000000000000e+01 9.000000000000000000e+00 0.000000000000000000e+00 1.600000000000000089e+00 -1.459999999999999981e-04 -2.171000000000000187e-03 -9.999980000000000535e-01 4.561839999999999784e-01 8.898829999999999796e-01 -1.998000000000000210e-03 8.898850000000000371e-01 -4.561830000000000052e-01 8.610000000000000032e-04
1.700000000000000000e+01 3.100000000000000000e+01 1.200000000000000000e+01 0.000000000000000000e+00 1.600000000000000089e+00 1.050000000000000044e-04 -1.853000000000000046e-03 9.999980000000000535e-01 -1.326500000000000075e-02 9.999099999999999655e-01 1.855000000000000095e-03 -9.999120000000000230e-01 -1.326500000000000075e-02 8.100000000000000375e-05
1.500000000000000000e+01 3.500000000000000000e+01 1.200000000000000000e+01 0.000000000000000000e+00 1.600000000000000089e+00 -1.039999999999999936e-04 -5.577999999999999625e-03 -9.999839999999999840e-01 4.933710000000000040e-01 -8.698059999999999681e-01 4.800999999999999712e-03 -8.698190000000000088e-01 -4.933629999999999960e-01 2.843000000000000041e-03
2.100000000000000000e+01 3.500000000000000000e+01 1.200000000000000000e+01 0.000000000000000000e+00 1.600000000000000089e+00 1.833999999999999910e-03 -2.779999999999999919e-03 -9.999940000000000495e-01 4.802500000000000102e-01 -8.771250000000000435e-01 3.320000000000000034e-03 -8.771299999999999653e-01 -4.802540000000000142e-01 -2.739999999999999923e-04
2.500000000000000000e+01 3.500000000000000000e+01 1.200000000000000000e+01 0.000000000000000000e+00 1.600000000000000089e+00 1.539999999999999919e-03 -8.158999999999999586e-03 -9.999660000000000215e-01 4.688700000000000090e-01 -8.832320000000000171e-01 7.929000000000000284e-03 -8.832659999999999956e-01 -4.688660000000000050e-01 2.465999999999999876e-03
2.800000000000000000e+01 3.500000000000000000e+01 1.200000000000000000e+01 0.000000000000000000e+00 1.600000000000000089e+00 6.290000000000000018e-04 -7.066000000000000232e-03 -9.999749999999999472e-01 4.613869999999999916e-01 -8.871750000000000469e-01 6.558999999999999726e-03 -8.871989999999999599e-01 -4.613800000000000123e-01 2.701999999999999975e-03
1.800000000000000000e+01 7.300000000000000000e+01 1.300000000000000000e+01 0.000000000000000000e+00 1.600000000000000089e+00 -9.140249999999999764e-01 -2.217379999999999907e-01 3.396919999999999940e-01 -3.369599999999999818e-01 8.812600000000000433e-01 -3.314210000000000211e-01 -2.258680000000000132e-01 -4.173890000000000100e-01 -8.802100000000000479e-01
2.400000000000000000e+01 3.200000000000000000e+01 1.400000000000000000e+01 0.000000000000000000e+00 1.600000000000000089e+00 2.671000000000000197e-03 2.527999999999999865e-03 -9.999930000000000208e-01 1.030999999999999972e-01 9.946669999999999678e-01 2.789999999999999945e-03 9.946669999999999678e-01 -1.031070000000000042e-01 2.396000000000000126e-03
2.700000000000000000e+01 3.200000000000000000e+01 1.400000000000000000e+01 0.000000000000000000e+00 1.600000000000000089e+00 1.067000000000000023e-03 1.015999999999999976e-03 -9.999989999999999712e-01 1.028249999999999997e-01 9.946989999999999998e-01 1.119999999999999902e-03 9.946989999999999998e-01 -1.028260000000000007e-01 9.569999999999999514e-04
3.000000000000000000e+01 1.160000000000000000e+02 1.600000000000000000e+01 0.000000000000000000e+00 1.600000000000000089e+00 7.314000000000000189e-03 2.309500000000000094e-02 9.997070000000000123e-01 7.394190000000000484e-01 6.729199999999999626e-01 -2.095500000000000140e-02 -6.732059999999999711e-01 7.393549999999999844e-01 -1.215499999999999914e-02
4.000000000000000000e+00 2.000000000000000000e+00 1.900000000000000000e+01 0.000000000000000000e+00 1.600000000000000089e+00 1.990000000000000124e-04 -3.834000000000000168e-03 -9.999930000000000208e-01 2.059350000000000069e-01 -9.785580000000000389e-01 3.792999999999999931e-03 -9.785660000000000469e-01 -2.059340000000000059e-01 5.940000000000000184e-04
1.000000000000000000e+01 2.000000000000000000e+00 1.900000000000000000e+01 0.000000000000000000e+00 1.600000000000000089e+00 1.877999999999999895e-03 1.568400000000000002e-02 -9.998749999999999583e-01 2.038699999999999957e-01 -9.788839999999999764e-01 -1.497099999999999993e-02 -9.789959999999999773e-01 -2.038159999999999972e-01 -5.035999999999999678e-03
1.300000000000000000e+01 2.000000000000000000e+00 1.900000000000000000e+01 0.000000000000000000e+00 1.600000000000000089e+00 1.270000000000000078e-03 2.510099999999999831e-02 -9.996840000000000170e-01 1.981159999999999866e-01 -9.798759999999999692e-01 -2.435199999999999865e-02 -9.801779999999999937e-01 -1.980230000000000046e-01 -6.217000000000000304e-03
2.000000000000000000e+01 2.000000000000000000e+00 1.900000000000000000e+01 0.000000000000000000e+00 1.600000000000000089e+00 -3.155999999999999951e-03 1.517800000000000052e-02 -9.998799999999999910e-01 1.855360000000000065e-01 -9.825150000000000272e-01 -1.549999999999999989e-02 -9.826319999999999499e-01 -1.855630000000000057e-01 2.840000000000000185e-04
2.400000000000000000e+01 2.000000000000000000e+00 1.900000000000000000e+01 0.000000000000000000e+00 1.600000000000000089e+00 -2.883000000000000146e-03 1.648200000000000012e-02 -9.998599999999999710e-01 1.849899999999999878e-01 -9.825979999999999714e-01 -1.673099999999999934e-02 -9.827360000000000539e-01 -1.850120000000000098e-01 -2.159999999999999919e-04
5.000000000000000000e+00 4.000000000000000000e+00 2.000000000000000000e+01 0.000000000000000000e+00 1.600000000000000089e+00 -1.077000000000000049e-03 -3.422999999999999828e-03 -9.999940000000000495e-01 3.242599999999999927e-01 -9.459640000000000271e-01 2.889000000000000075e-03 -9.459670000000000023e-01 -3.242550000000000154e-01 2.128000000000000117e-03
1.000000000000000000e+01 4.000000000000000000e+00 2.000000000000000000e+01 0.000000000000000000e+00 1.600000000000000089e+00 7.720000000000000083e-04 1.434299999999999985e-02 -9.998970000000000358e-01 3.217679999999999985e-01 -9.467250000000000387e-01 -1.333200000000000010e-02 -9.468180000000000485e-01 -3.217240000000000100e-01 -5.346000000000000058e-03
9.000000000000000000e+00 1.300000000000000000e+01 2.000000000000000000e+01 0.000000000000000000e+00 1.600000000000000089e+00 -3.130000000000000187e-04 -1.198999999999999979e-03 9.999989999999999712e-01 2.672709999999999808e-01 9.636209999999999498e-01 1.239000000000000084e-03 -9.636209999999999498e-01 2.672709999999999808e-01 1.900000000000000105e-05
1.200000000000000000e+01 1.300000000000000000e+01 2.000000000000000000e+01 0.000000000000000000e+00 1.600000000000000089e+00 1.745000000000000023e-03 7.283000000000000411e-03 9.999719999999999720e-01 2.652939999999999743e-01 9.641389999999999683e-01 -7.485000000000000334e-03 -9.641659999999999675e-01 2.652990000000000070e-01 -2.500000000000000052e-04
1.800000000000000000e+01 1.300000000000000000e+01 2.000000000000000000e+01 0.000000000000000000e+00 1.600000000000000089e+00 3.110000000000000243e-04 -2.788999999999999813e-03 9.999959999999999960e-01 2.604739999999999833e-01 9.654770000000000296e-01 2.612000000000000172e-03 -9.654810000000000336e-01 2.604719999999999813e-01 1.026999999999999918e-03
2.200000000000000000e+01 1.300000000000000000e+01 2.000000000000000000e+01 0.000000000000000000e+00 1.600000000000000089e+00 1.596999999999999895e-03 8.600000000000000331e-05 9.999989999999999712e-01 2.596729999999999872e-01 9.656970000000000276e-01 -4.970000000000000459e-04 -9.656949999999999701e-01 2.596729999999999872e-01 1.520000000000000084e-03
2.500000000000000000e+01 1.300000000000000000e+01 2.000000000000000000e+01 0.000000000000000000e+00 1.600000000000000089e+00 1.760999999999999979e-03 3.619999999999999954e-03 9.999919999999999920e-01 2.572010000000000129e-01 9.663500000000000423e-01 -3.950999999999999651e-03 -9.663559999999999928e-01 2.572059999999999902e-01 7.709999999999999840e-04
2.600000000000000000e+01 1.600000000000000000e+01 2.100000000000000000e+01 0.000000000000000000e+00 1.600000000000000089e+00 2.150000000000000001e-03 5.021000000000000289e-03 9.999850000000000128e-01 2.994870000000000032e-01 9.540849999999999609e-01 -5.434999999999999727e-03 -9.540980000000000016e-01 2.994939999999999825e-01 5.479999999999999845e-04
5.000000000000000000e+00 3.000000000000000000e+00 2.500000000000000000e+01 0.000000000000000000e+00 1.600000000000000089e+00 -3.510999999999999798e-03 -4.683999999999999796e-03 9.999829999999999552e-01 -9.982199999999999407e-02 -9.949930000000000163e-01 -5.010999999999999829e-03 9.949989999999999668e-01 -9.983799999999999619e-02 3.026000000000000044e-03
1.000000000000000000e+01 3.000000000000000000e+00 2.500000000000000000e+01 0.000000000000000000e+00 1.600000000000000089e+00 2.197000000000000168e-03 1.379400000000000071e-02 9.999019999999999575e-01 -9.352800000000000002e-02 -9.955190000000000428e-01 1.393900000000000000e-02 9.956139999999999990e-01 -9.354899999999999327e-02 -8.970000000000000109e-04
1.300000000000000000e+01 3.000000000000000000e+00 2.500000000000000000e+01 0.000000000000000000e+00 1.600000000000000089e+00 3.830000000000000071e-03 1.787599999999999953e-02 9.998329999999999718e-01 -8.784000000000000141e-02 -9.959689999999999932e-01 1.814299999999999941e-02 9.961269999999999847e-01 -8.789500000000000091e-02 -2.243999999999999901e-03
1.900000000000000000e+01 3.000000000000000000e+00 2.500000000000000000e+01 0.000000000000000000e+00 1.600000000000000089e+00 3.869000000000000043e-03 1.874400000000000024e-02 9.998169999999999558e-01 -6.959300000000000208e-02 -9.973950000000000315e-01 1.896799999999999875e-02 9.975680000000000103e-01 -6.965300000000000658e-02 -2.554999999999999979e-03
2.200000000000000000e+01 3.000000000000000000e+00 2.500000000000000000e+01 0.000000000000000000e+00 1.600000000000000089e+00 4.275000000000000154e-03 1.907899999999999874e-02 9.998089999999999478e-01 -6.287099999999999633e-02 -9.978350000000000275e-01 1.931000000000000077e-02 9.980120000000000102e-01 -6.294099999999999695e-02 -3.066000000000000149e-03
2.600000000000000000e+01 3.000000000000000000e+00 2.500000000000000000e+01 0.000000000000000000e+00 1.600000000000000089e+00 3.951999999999999784e-03 1.165700000000000069e-02 9.999240000000000350e-01 -4.843700000000000089e-02 -9.987559999999999771e-01 1.183500000000000003e-02 9.988179999999999836e-01 -4.848000000000000226e-02 -3.382000000000000024e-03
6.000000000000000000e+00 4.600000000000000000e+01 2.700000000000000000e+01 0.000000000000000000e+00 1.600000000000000089e+00 -2.610000000000000015e-04 -1.404999999999999999e-03 -9.999989999999999712e-01 6.746910000000000407e-01 7.380989999999999496e-01 -1.213000000000000102e-03 7.380999999999999783e-01 -6.746900000000000119e-01 7.560000000000000530e-04
1.000000000000000000e+01 4.600000000000000000e+01 2.700000000000000000e+01 0.000000000000000000e+00 1.600000000000000089e+00 -6.019999999999999961e-04 -2.053000000000000137e-03 -9.999980000000000535e-01 6.703890000000000127e-01 7.420069999999999721e-01 -1.926999999999999894e-03 7.420090000000000297e-01 -6.703890000000000127e-01 9.290000000000000297e-04
2.100000000000000000e+01 4.600000000000000000e+01 2.700000000000000000e+01 0.000000000000000000e+00 1.600000000000000089e+00 -2.030000000000000012e-04 1.679999999999999907e-04 -1.000000000000000000e+00 6.637690000000000534e-01 7.479369999999999630e-01 -9.000000000000000228e-06 7.479369999999999630e-01 -6.637690000000000534e-01 -2.629999999999999959e-04
1.500000000000000000e+01 4.600000000000000000e+01 3.000000000000000000e+01 0.000000000000000000e+00 1.600000000000000089e+00 6.589999999999999721e-04 9.529999999999999626e-04 -9.999989999999999712e-01 3.201919999999999766e-01 9.473519999999999719e-01 1.113999999999999973e-03 9.473519999999999719e-01 -3.201930000000000054e-01 3.190000000000000019e-04
2.200000000000000000e+01 4.600000000000000000e+01 3.000000000000000000e+01 0.000000000000000000e+00 1.600000000000000089e+00 2.599999999999999840e-05 3.800000000000000209e-05 -1.000000000000000000e+00 3.209600000000000231e-01 9.470929999999999627e-01 4.399999999999999886e-05 9.470929999999999627e-01 -3.209600000000000231e-01 1.299999999999999920e-05
3.000000000000000000e+00 5.800000000000000000e+01 3.100000000000000000e+01 0.000000000000000000e+00 1.600000000000000089e+00 -6.210000000000000242e-04 -2.295999999999999864e-03 9.999970000000000248e-01 -7.955759999999999499e-01 -6.058499999999999996e-01 -1.884999999999999957e-03 6.058529999999999749e-01 -7.955750000000000322e-01 -1.449999999999999900e-03
6.000000000000000000e+00 5.800000000000000000e+01 3.100000000000000000e+01 0.000000000000000000e+00 1.600000000000000089e+00 -3.412000000000000102e-03 -5.217000000000000283e-03 9.999810000000000088e-01 -7.976220000000000532e-01 -6.031300000000000550e-01 -5.867999999999999952e-03 6.031490000000000462e-01 -7.976259999999999462e-01 -2.102999999999999835e-03
1.100000000000000000e+01 5.800000000000000000e+01 3.100000000000000000e+01 0.000000000000000000e+00 1.600000000000000089e+00 -6.329999999999999906e-04 -4.494999999999999864e-03 9.999900000000000455e-01 -7.958070000000000421e-01 -6.055420000000000247e-01 -3.226000000000000135e-03 6.055500000000000327e-01 -7.958009999999999806e-01 -3.193999999999999791e-03
1.600000000000000000e+01 5.800000000000000000e+01 3.100000000000000000e+01 0.000000000000000000e+00 1.600000000000000089e+00 5.133000000000000410e-03 4.061000000000000373e-03 9.999789999999999512e-01 -7.858150000000000412e-01 -6.184269999999999490e-01 6.544999999999999603e-03 6.184399999999999897e-01 -7.858319999999999750e-01 1.699999999999999987e-05
2.200000000000000000e+01 5.800000000000000000e+01 3.100000000000000000e+01 0.000000000000000000e+00 1.600000000000000089e+00 1.512000000000000106e-03 9.479999999999999495e-04 9.999980000000000535e-01 -7.787889999999999535e-01 -6.272830000000000350e-01 1.771999999999999921e-03 6.272839999999999527e-01 -7.787899999999999823e-01 -2.100000000000000087e-04
2.600000000000000000e+01 5.800000000000000000e+01 3.100000000000000000e+01 0.000000000000000000e+00 1.600000000000000089e+00 5.007000000000000166e-03 5.689999999999999745e-03 9.999710000000000543e-01 -7.741139999999999688e-01 -6.330019999999999536e-01 7.478000000000000272e-03 6.330259999999999776e-01 -7.741289999999999560e-01 1.234999999999999987e-03
3.000000000000000000e+01 5.800000000000000000e+01 3.100000000000000000e+01 0.000000000000000000e+00 1.600000000000000089e+00 2.870000000000000155e-03 4.530000000000000172e-03 9.999860000000000415e-01 -7.724480000000000235e-01 -6.350580000000000114e-01 5.093999999999999570e-03 6.350719999999999699e-01 -7.724509999999999987e-01 1.677000000000000105e-03
6.000000000000000000e+00 1.800000000000000000e+01 3.400000000000000000e+01 0.000000000000000000e+00 1.600000000000000089e+00 -4.139999999999999800e-04 -2.138999999999999842e-03 -9.999980000000000535e-01 -3.057239999999999958e-01 -9.521180000000000199e-01 2.162999999999999992e-03 -9.521199999999999664e-01 3.057239999999999958e-01 -2.599999999999999772e-04
4.000000000000000000e+00 4.600000000000000000e+01 3.500000000000000000e+01 0.000000000000000000e+00 1.600000000000000089e+00 7.870000000000000476e-04 -5.645999999999999977e-03 -9.999839999999999840e-01 3.913090000000000179e-01 -9.202430000000000332e-01 5.504000000000000212e-03 -9.202590000000000492e-01 -3.913070000000000159e-01 1.484999999999999992e-03
7.000000000000000000e+00 4.600000000000000000e+01 3.500000000000000000e+01 0.000000000000000000e+00 1.600000000000000089e+00 -5.829999999999999679e-04 -1.324000000000000090e-03 -9.999989999999999712e-01 3.930250000000000132e-01 -9.195269999999999833e-01 9.879999999999999460e-04 -9.195280000000000120e-01 -3.930239999999999845e-01 1.056000000000000081e-03
1.300000000000000000e+01 4.600000000000000000e+01 3.500000000000000000e+01 0.000000000000000000e+00 1.600000000000000089e+00 1.075999999999999917e-03 -5.974000000000000143e-03 -9.999820000000000375e-01 3.915219999999999811e-01 -9.201500000000000234e-01 5.917999999999999650e-03 -9.201679999999999859e-01 -3.915210000000000079e-01 1.348999999999999939e-03
1.700000000000000000e+01 4.600000000000000000e+01 3.500000000000000000e+01 0.000000000000000000e+00 1.600000000000000089e+00 5.090000000000000123e-04 -1.866000000000000037e-03 -9.999980000000000535e-01 3.910509999999999819e-01 -9.203670000000000462e-01 1.915999999999999951e-03 -9.203689999999999927e-01 -3.910509999999999819e-01 2.610000000000000015e-04
2.300000000000000000e+01 4.600000000000000000e+01 3.500000000000000000e+01 0.000000000000000000e+00 1.600000000000000089e+00 -7.609999999999999577e-04 1.729000000000000068e-03 -9.999980000000000535e-01 3.921020000000000061e-01 -9.199199999999999600e-01 -1.889000000000000054e-03 -9.199209999999999887e-01 -3.921029999999999793e-01 2.199999999999999943e-05
2.900000000000000000e+01 4.600000000000000000e+01 3.500000000000000000e+01 0.000000000000000000e+00 1.600000000000000089e+00 -6.489999999999999459e-04 2.651000000000000145e-03 -9.999959999999999960e-01 3.929819999999999980e-01 -9.195419999999999705e-01 -2.693000000000000081e-03 -9.195459999999999745e-01 -3.929830000000000267e-01 -4.449999999999999746e-04
4.000000000000000000e+00 9.500000000000000000e+01 3.600000000000000000e+01 0.000000000000000000e+00 1.600000000000000089e+00 3.508999999999999966e-03 -1.928200000000000053e-02 9.998080000000000300e-01 9.972339999999999538e-01 7.429700000000000193e-02 -2.066999999999999827e-03 -7.424200000000000244e-02 9.970499999999999918e-01 1.949000000000000038e-02
8.000000000000000000e+00 9.500000000000000000e+01 3.600000000000000000e+01 0.000000000000000000e+00 1.600000000000000089e+00 1.474999999999999966e-03 -5.874800000000000161e-02 9.982720000000000482e-01 9.971470000000000056e-01 7.543099999999999805e-02 2.965999999999999887e-03 -7.547500000000000042e-02 9.954190000000000538e-01 5.869200000000000111e-02
5.000000000000000000e+00 2.900000000000000000e+01 4.400000000000000000e+01 0.000000000000000000e+00 1.600000000000000089e+00 3.170000000000000075e-04 1.360000000000000098e-03 -9.999989999999999712e-01 6.688650000000000428e-01 7.433830000000000160e-01 1.222999999999999912e-03 7.433840000000000447e-01 -6.688650000000000428e-01 -6.740000000000000114e-04
8.000000000000000000e+00 2.900000000000000000e+01 4.400000000000000000e+01 0.000000000000000000e+00 1.600000000000000089e+00 1.902999999999999961e-03 1.884999999999999957e-03 -9.999959999999999960e-01 6.666549999999999976e-01 7.453619999999999690e-01 2.673000000000000029e-03 7.453640000000000265e-01 -6.666579999999999728e-01 1.620000000000000075e-04
1.200000000000000000e+01 2.900000000000000000e+01 4.400000000000000000e+01 0.000000000000000000e+00 1.600000000000000089e+00 1.348000000000000023e-03 2.719999999999999979e-04 -9.999989999999999712e-01 6.550789999999999669e-01 7.555600000000000094e-01 1.087999999999999991e-03 7.555600000000000094e-01 -6.550789999999999669e-01 8.400000000000000348e-04
1.600000000000000000e+01 2.900000000000000000e+01 4.400000000000000000e+01 0.000000000000000000e+00 1.600000000000000089e+00 -6.660000000000000338e-04 -1.461999999999999975e-03 -9.999989999999999712e-01 6.507230000000000514e-01 7.593140000000000445e-01 -1.543000000000000101e-03 7.593149999999999622e-01 -6.507230000000000514e-01 4.459999999999999989e-04
2.400000000000000000e+01 2.900000000000000000e+01 4.400000000000000000e+01 0.000000000000000000e+00 1.600000000000000089e+00 3.730000000000000134e-04 1.044999999999999922e-03 -9.999989999999999712e-01 6.508500000000000396e-01 7.592050000000000187e-01 1.036000000000000029e-03 7.592060000000000475e-01 -6.508500000000000396e-01 -3.970000000000000005e-04
2.800000000000000000e+01 2.900000000000000000e+01 4.400000000000000000e+01 0.000000000000000000e+00 1.600000000000000089e+00 -1.926999999999999894e-03 -2.324000000000000111e-03 -9.999949999999999672e-01 6.591869999999999674e-01 7.519730000000000025e-01 -3.017999999999999849e-03 7.519770000000000065e-01 -6.591900000000000537e-01 8.299999999999999815e-05
2.000000000000000000e+00 5.000000000000000000e+00 5.100000000000000000e+01 0.000000000000000000e+00 1.600000000000000089e+00 5.566999999999999900e-03 7.054000000000000374e-03 -9.999599999999999600e-01 4.830099999999999949e-01 -8.756080000000000529e-01 -3.487000000000000082e-03 -8.755969999999999587e-01 -4.829720000000000124e-01 -8.281999999999999432e-03
2.900000000000000000e+01 5.000000000000000000e+00 5.100000000000000000e+01 0.000000000000000000e+00 1.600000000000000089e+00 -7.649999999999999465e-04 1.085999999999999943e-03 -9.999989999999999712e-01 4.912860000000000005e-01 -8.709970000000000212e-01 -1.320999999999999909e-03 -8.709980000000000500e-01 -4.912869999999999737e-01 1.330000000000000073e-04
1.200000000000000000e+01 6.000000000000000000e+00 5.100000000000000000e+01 0.000000000000000000e+00 1.600000000000000089e+00 3.848999999999999991e-03 1.581400000000000167e-02 -9.998679999999999790e-01 3.097460000000000213e-01 -9.507189999999999808e-01 -1.384499999999999967e-02 -9.508119999999999905e-01 -3.096519999999999828e-01 -8.557000000000000370e-03
1.300000000000000000e+01 7.000000000000000000e+00 5.200000000000000000e+01 0.000000000000000000e+00 1.600000000000000089e+00 9.480000000000000579e-03 1.461699999999999978e-02 -9.998479999999999590e-01 9.926500000000000601e-02 -9.949679999999999636e-01 -1.360500000000000077e-02 -9.950160000000000116e-01 -9.912100000000000077e-02 -1.088300000000000031e-02
1.700000000000000000e+01 7.000000000000000000e+00 5.200000000000000000e+01 0.000000000000000000e+00 1.600000000000000089e+00 6.542000000000000072e-03 9.416000000000000758e-03 -9.999339999999999895e-01 9.421799999999999620e-02 -9.955129999999999812e-01 -8.758000000000000160e-03 -9.955300000000000260e-01 -9.415500000000000258e-02 -7.399000000000000195e-03
3.000000000000000000e+00 6.300000000000000000e+01 5.400000000000000000e+01 0.000000000000000000e+00 1.600000000000000089e+00 2.350999999999999791e-03 1.278000000000000056e-03 9.999959999999999960e-01 -3.370969999999999800e-01 9.414700000000000291e-01 -4.110000000000000155e-04 -9.414670000000000538e-01 -3.370949999999999780e-01 2.644000000000000083e-03
1.200000000000000000e+01 6.300000000000000000e+01 5.400000000000000000e+01 0.000000000000000000e+00 1.600000000000000089e+00 6.792000000000000294e-03 4.307000000000000065e-03 9.999679999999999680e-01 -3.422390000000000154e-01 9.396109999999999740e-01 -1.722000000000000006e-03 -9.395879999999999788e-01 -3.422160000000000202e-01 7.856000000000000136e-03
2.300000000000000000e+01 6.300000000000000000e+01 5.400000000000000000e+01 0.000000000000000000e+00 1.600000000000000089e+00 -8.809999999999999472e-04 -5.199999999999999544e-04 9.999989999999999712e-01 -3.175640000000000129e-01 9.482369999999999965e-01 2.130000000000000003e-04 -9.482359999999999678e-01 -3.175640000000000129e-01 -1.000999999999999937e-03
2.900000000000000000e+01 6.300000000000000000e+01 5.400000000000000000e+01 0.000000000000000000e+00 1.600000000000000089e+00 -1.397200000000000004e-02 -9.190000000000000252e-03 9.998599999999999710e-01 -3.347169999999999868e-01 9.423099999999999810e-01 3.983999999999999694e-03 -9.422150000000000247e-01 -3.346149999999999958e-01 -1.624199999999999949e-02
2.200000000000000000e+01 2.500000000000000000e+01 5.500000000000000000e+01 0.000000000000000000e+00 1.600000000000000089e+00 2.130000000000000003e-04 -6.252999999999999878e-03 -9.999799999999999800e-01 -1.140599999999999947e-02 -9.999149999999999983e-01 6.250000000000000347e-03 -9.999350000000000183e-01 1.140399999999999921e-02 -2.840000000000000185e-04
2.600000000000000000e+01 2.500000000000000000e+01 5.500000000000000000e+01 0.000000000000000000e+00 1.600000000000000089e+00 5.770000000000000389e-04 -9.112999999999999573e-03 -9.999580000000000135e-01 -1.403800000000000013e-02 -9.998599999999999710e-01 9.105000000000000246e-03 -9.999010000000000398e-01 1.403199999999999933e-02 -7.050000000000000060e-04
2.000000000000000000e+00 2.100000000000000000e+01 6.000000000000000000e+01 0.000000000000000000e+00 1.600000000000000089e+00 -4.519999999999999821e-04 -1.792499999999999996e-02 9.998390000000000333e-01 -9.278999999999999748e-02 9.955260000000000220e-01 1.780599999999999891e-02 -9.956859999999999600e-01 -9.276700000000000224e-02 -2.112999999999999861e-03
6.000000000000000000e+00 2.100000000000000000e+01 6.000000000000000000e+01 0.000000000000000000e+00 1.600000000000000089e+00 -1.641000000000000097e-03 -6.846999999999999788e-03 9.999749999999999472e-01 -9.305599999999999983e-02 9.956390000000000517e-01 6.664999999999999918e-03 -9.956599999999999895e-01 -9.304300000000000070e-02 -2.271000000000000015e-03
1.200000000000000000e+01 2.100000000000000000e+01 6.000000000000000000e+01 0.000000000000000000e+00 1.600000000000000089e+00 -1.453999999999999997e-03 4.638999999999999894e-03 9.999879999999999880e-01 -9.584700000000000164e-02 9.953849999999999643e-01 -4.756999999999999944e-03 -9.953950000000000298e-01 -9.585200000000000664e-02 -1.002000000000000069e-03
1.700000000000000000e+01 2.100000000000000000e+01 6.000000000000000000e+01 0.000000000000000000e+00 1.600000000000000089e+00 1.353999999999999952e-03 1.072700000000000042e-02 9.999419999999999975e-01 -9.600599999999999412e-02 9.953250000000000153e-01 -1.054800000000000008e-02 -9.953800000000000425e-01 -9.598700000000000288e-02 2.377999999999999906e-03
2.100000000000000000e+01 2.100000000000000000e+01 6.000000000000000000e+01 0.000000000000000000e+00 1.600000000000000089e+00 2.769999999999999893e-03 -5.619999999999999996e-04 9.999959999999999960e-01 -9.439000000000000168e-02 9.955349999999999477e-01 8.210000000000000067e-04 -9.955310000000000548e-01 -9.439200000000000368e-02 2.704999999999999939e-03
2.800000000000000000e+01 2.100000000000000000e+01 6.000000000000000000e+01 0.000000000000000000e+00 1.600000000000000089e+00 2.514999999999999875e-03 1.254500000000000060e-02 9.999179999999999735e-01 -9.705900000000000638e-02 9.952029999999999488e-01 -1.224199999999999941e-02 -9.952750000000000208e-01 -9.701999999999999513e-02 3.720000000000000216e-03
1.100000000000000000e+01 8.200000000000000000e+01 6.200000000000000000e+01 0.000000000000000000e+00 1.600000000000000089e+00 6.359580000000000233e-01 -7.463459999999999539e-01 1.962780000000000080e-01 -6.464090000000000114e-01 -6.541059999999999652e-01 -3.928119999999999945e-01 4.215599999999999903e-01 1.229360000000000036e-01 -8.984280000000000044e-01
1.200000000000000000e+01 3.000000000000000000e+00 6.300000000000000000e+01 0.000000000000000000e+00 1.600000000000000089e+00 1.704999999999999918e-03 1.383299999999999981e-02 9.999029999999999863e-01 -6.250449999999999617e-01 7.805279999999999996e-01 -9.733000000000000332e-03 -7.805870000000000308e-01 -6.249670000000000503e-01 9.976999999999999758e-03
1.900000000000000000e+01 3.000000000000000000e+00 6.300000000000000000e+01 0.000000000000000000e+00 1.600000000000000089e+00 7.339999999999999520e-04 2.301000000000000094e-03 9.999970000000000248e-01 -6.174100000000000144e-01 7.866410000000000347e-01 -1.356999999999999916e-03 -7.866410000000000347e-01 -6.174070000000000391e-01 1.998000000000000210e-03
2.700000000000000000e+01 3.000000000000000000e+00 6.300000000000000000e+01 0.000000000000000000e+00 1.600000000000000089e+00 3.499999999999999964e-04 1.727999999999999935e-03 9.999980000000000535e-01 -6.167289999999999717e-01 7.871749999999999581e-01 -1.144000000000000052e-03 -7.871759999999999868e-01 -6.167270000000000252e-01 1.342000000000000094e-03
4.000000000000000000e+00 2.700000000000000000e+01 6.300000000000000000e+01 0.000000000000000000e+00 1.600000000000000089e+00 6.499999999999999702e-04 -2.641999999999999817e-03 9.999959999999999960e-01 -2.814289999999999847e-01 9.595780000000000420e-01 2.717999999999999930e-03 -9.595820000000000460e-01 -2.814300000000000135e-01 -1.200000000000000030e-04
1.000000000000000000e+01 2.700000000000000000e+01 6.300000000000000000e+01 0.000000000000000000e+00 1.600000000000000089e+00 -1.227999999999999925e-03 -3.047999999999999928e-03 9.999949999999999672e-01 -2.761799999999999811e-01 9.611030000000000406e-01 2.589999999999999854e-03 -9.611049999999999871e-01 -2.761750000000000038e-01 -2.021999999999999926e-03
1.300000000000000000e+01 2.700000000000000000e+01 6.300000000000000000e+01 0.000000000000000000e+00 1.600000000000000089e+00 2.339999999999999958e-04 1.520000000000000084e-04 1.000000000000000000e+00 -2.714039999999999786e-01 9.624650000000000150e-01 -8.299999999999999815e-05 -9.624650000000000150e-01 -2.714039999999999786e-01 2.669999999999999847e-04
2.000000000000000000e+01 2.700000000000000000e+01 6.300000000000000000e+01 0.000000000000000000e+00 1.600000000000000089e+00 2.259999999999999856e-03 6.702999999999999757e-03 9.999749999999999472e-01 -2.728809999999999847e-01 9.620300000000000518e-01 -5.832000000000000378e-03 -9.620450000000000390e-01 -2.728610000000000202e-01 4.002999999999999614e-03
2.700000000000000000e+01 2.700000000000000000e+01 6.300000000000000000e+01 0.000000000000000000e+00 1.600000000000000089e+00 7.919999999999999523e-04 -1.722000000000000006e-03 9.999980000000000535e-01 -2.791350000000000220e-01 9.602500000000000480e-01 1.874000000000000015e-03 -9.602519999999999945e-01 -2.791359999999999952e-01 2.799999999999999755e-04
1.000000000000000000e+01 2.600000000000000000e+01 6.400000000000000000e+01 0.000000000000000000e+00 1.600000000000000089e+00 -2.135999999999999878e-03 -2.884999999999999978e-03 9.999940000000000495e-01 -3.567259999999999875e-01 9.342070000000000096e-01 1.933000000000000039e-03 -9.342059999999999809e-01 -3.567199999999999815e-01 -3.024000000000000212e-03
1.400000000000000000e+01 2.600000000000000000e+01 6.400000000000000000e+01 0.000000000000000000e+00 1.600000000000000089e+00 2.979999999999999793e-04 -1.051999999999999984e-03 9.999989999999999712e-01 -3.528180000000000205e-01 9.356919999999999682e-01 1.090000000000000040e-03 -9.356919999999999682e-01 -3.528180000000000205e-01 -9.299999999999999727e-05
2.100000000000000000e+01 2.600000000000000000e+01 6.400000000000000000e+01 0.000000000000000000e+00 1.600000000000000089e+00 1.628000000000000107e-03 8.595999999999999475e-03 9.999620000000000175e-01 -3.590090000000000225e-01 9.333040000000000225e-01 -7.438000000000000167e-03 -9.333329999999999682e-01 -3.589829999999999965e-01 4.604999999999999719e-03
2.700000000000000000e+01 2.600000000000000000e+01 6.400000000000000000e+01 0.000000000000000000e+00 1.600000000000000089e+00 5.800000000000000034e-04 -6.620000000000000450e-04 1.000000000000000000e+00 -3.642400000000000082e-01 9.313050000000000495e-01 8.270000000000000441e-04 -9.313050000000000495e-01 -3.642400000000000082e-01 2.990000000000000036e-04
2.300000000000000000e+01 7.300000000000000000e+01 6.400000000000000000e+01 0.000000000000000000e+00 1.600000000000000089e+00 -9.697379999999999889e-01 1.568269999999999942e-01 -1.871180000000000065e-01 -1.486429999999999974e-01 -9.872419999999999529e-01 -5.708200000000000079e-02 -1.936829999999999941e-01 -2.754099999999999951e-02 9.806780000000000497e-01
6.000000000000000000e+00 8.200000000000000000e+01 7.000000000000000000e+01 0.000000000000000000e+00 1.600000000000000089e+00 7.515619999999999523e-01 -4.497809999999999864e-01 4.825470000000000037e-01 -5.085960000000000480e-01 -8.609430000000000138e-01 -1.034999999999999983e-02 4.201010000000000022e-01 -2.376419999999999921e-01 -8.758089999999999486e-01
5.000000000000000000e+00 7.100000000000000000e+01 7.200000000000000000e+01 0.000000000000000000e+00 1.600000000000000089e+00 4.379310000000000147e-01 -5.055400000000000171e-02 -8.975859999999999950e-01 8.875530000000000364e-01 1.831869999999999887e-01 4.227190000000000114e-01 1.430559999999999887e-01 -9.817770000000000108e-01 1.250930000000000097e-01
2.000000000000000000e+01 8.100000000000000000e+01 7.200000000000000000e+01 0.000000000000000000e+00 1.600000000000000089e+00 -6.798769999999999536e-01 -2.337660000000000016e-01 -6.950690000000000479e-01 -7.096639999999999615e-01 -2.910199999999999940e-02 7.039389999999999814e-01 -1.847840000000000038e-01 9.718569999999999709e-01 -1.461089999999999889e-01
4.000000000000000000e+00 2.500000000000000000e+01 7.300000000000000000e+01 0.000000000000000000e+00 1.600000000000000089e+00 -3.154999999999999818e-03 1.559000000000000056e-03 9.999940000000000495e-01 7.427880000000000038e-01 -6.695179999999999465e-01 3.387999999999999953e-03 6.695189999999999753e-01 7.427939999999999543e-01 9.539999999999999869e-04
1.100000000000000000e+01 2.500000000000000000e+01 7.300000000000000000e+01 0.000000000000000000e+00 1.600000000000000089e+00 -1.608999999999999970e-03 -7.185999999999999679e-03 9.999730000000000008e-01 7.388449999999999740e-01 -6.738659999999999650e-01 -3.654000000000000130e-03 6.738739999999999730e-01 7.388190000000000035e-01 6.393000000000000245e-03
4.000000000000000000e+00 4.400000000000000000e+01 7.300000000000000000e+01 0.000000000000000000e+00 1.600000000000000089e+00 9.060000000000000128e-04 -1.324000000000000090e-03 9.999989999999999712e-01 4.793700000000000044e-02 -9.988489999999999869e-01 -1.366000000000000027e-03 9.988500000000000156e-01 4.793900000000000244e-02 -8.419999999999999750e-04
