1.200000000000000000e+01 1.900000000000000000e+01 5.000000000000000000e+00 0.000000000000000000e+00 1.600000000000000089e+00 5.139999999999999604e-03 4.525999999999999641e-03 -9.999770000000000048e-01 -6.941119999999999512e-01 -7.198339999999999739e-01 -6.825999999999999603e-03 -7.198480000000000434e-01 6.941310000000000535e-01 -5.590000000000000351e-04
2.500000000000000000e+01 1.000000000000000000e+01 7.000000000000000000e+00 0.000000000000000000e+00 1.600000000000000089e+00 3.365800000000000042e-02 -7.467999999999999812e-03 9.994060000000000166e-01 7.935259999999999536e-01 -6.077329999999999677e-01 -3.126600000000000212e-02 6.076049999999999507e-01 7.941070000000000073e-01 -1.452900000000000025e-02
1.900000000000000000e+01 1.010000000000000000e+02 7.000000000000000000e+00 0.000000000000000000e+00 1.600000000000000089e+00 9.560000000000000355e-04 -2.750000000000000166e-04 9.999989999999999712e-01 8.862269999999999870e-01 4.632510000000000239e-01 -7.200000000000000453e-04 -4.632499999999999951e-01 8.862269999999999870e-01 6.870000000000000022e-04
2.200000000000000000e+01 1.010000000000000000e+02 7.000000000000000000e+00 0.000000000000000000e+00 1.600000000000000089e+00 -1.859999999999999945e-04 -2.824999999999999820e-03 9.999959999999999960e-01 8.870590000000000419e-01 4.616540000000000088e-01 1.469000000000000037e-03 -4.616560000000000108e-01 8.870559999999999556e-01 2.419999999999999842e-03
2.900000000000000000e+01 1.010000000000000000e+02 7.000000000000000000e+00 0.000000000000000000e+00 1.600000000000000089e+00 -3.187000000000000163e-03 -5.457000000000000045e-03 9.999799999999999800e-01 8.874720000000000386e-01 4.608309999999999906e-01 5.342999999999999659e-03 -4.608510000000000106e-01 8.874710000000000099e-01 3.373999999999999829e-03
5.000000000000000000e+00 2.500000000000000000e+01 8.000000000000000000e+00 0.000000000000000000e+00 1.600000000000000089e+00 1.814000000000000074e-03 3.876999999999999804e-03 -9.999909999999999632e-01 4.360100000000000087e-01 8.999319999999999542e-01 4.279999999999999950e-03 8.999399999999999622e-01 -4.360129999999999839e-01 -5.800000000000000034e-05
9.000000000000000000e+00 2.500000000000000000e+01 8.000000000000000000e+00 0.000000000000000000e+00 1.600000000000000089e+00 2.213999999999999822e-03 1.374999999999999920e-03 -9.999970000000000248e-01 4.360350000000000059e-01 8.999270000000000325e-01 2.201999999999999964e-03 8.999270000000000325e-01 -4.360379999999999812e-01 1.392999999999999924e-03
1.500000000000000000e+01 2.500000000000000000e+01 8.000000000000000000e+00 0.000000000000000000e+00 1.600000000000000089e+00 -1.955000000000000140e-03 1.340000000000000045e-03 -9.999970000000000248e-01 4.321909999999999918e-01 9.017819999999999725e-01 3.629999999999999872e-04 9.017800000000000260e-01 -4.321889999999999898e-01 -2.341999999999999898e-03
1.900000000000000000e+01 2.500000000000000000e+01 8.000000000000000000e+00 0.000000000000000000e+00 1.600000000000000089e+00 -2.028999999999999988e-03 -1.860000000000000108e-03 -9.999959999999999960e-01 4.324299999999999811e-01 9.016640000000000210e-01 -2.553999999999999847e-03 9.016650000000000498e-01 -4.324339999999999851e-01 -1.025000000000000086e-03
2.500000000000000000e+01 2.500000000000000000e+01 8.000000000000000000e+00 0.000000000000000000e+00 1.600000000000000089e+00 1.358999999999999965e-03 8.120000000000000048e-04 -9.999989999999999712e-01 4.365959999999999841e-01 8.996570000000000400e-01 1.324000000000000090e-03 8.996560000000000112e-01 -4.365979999999999861e-01 8.679999999999999565e-04
5.000000000000000000e+00 2.400000000000000000e+01 9.000000000000000000e+00 0.000000000000000000e+00 1.600000000000000089e+00 1.595000000000000064e-03 4.719000000000000104e-03 -9.999879999999999880e-01 4.417059999999999875e-01 8.971459999999999990e-01 4.938999999999999814e-03 8.971580000000000110e-01 -4.417090000000000183e-01 -6.539999999999999590e-04
1.000000000000000000e+01 2.400000000000000000e+01 9.000000000000000000e+00 0.000000000000000000e+00 1.600000000000000089e+00 1.539999999999999919e-03 2.606999999999999942e-03 -9.999949999999999672e-01 4.419259999999999855e-01 8.970460000000000100e-01 3.020000000000000115e-03 8.970500000000000140e-01 -4.419290000000000163e-01 2.290000000000000098e-04
1.400000000000000000e+01 2.400000000000000000e+01 9.000000000000000000e+00 0.000000000000000000e+00 1.600000000000000089e+00 -3.519999999999999908e-04 2.334000000000000137e-03 -9.999970000000000248e-01 4.377869999999999817e-01 8.990770000000000151e-01 1.943999999999999981e-03 8.990789999999999615e-01 -4.377849999999999797e-01 -1.337999999999999997e-03
2.200000000000000000e+01 2.400000000000000000e+01 9.000000000000000000e+00 0.000000000000000000e+00 1.600000000000000089e+00 -5.800000000000000034e-04 -2.415000000000000046e-03 -9.999970000000000248e-01 4.409750000000000059e-01 8.975159999999999805e-01 -2.423999999999999939e-03 8.975189999999999557e-01 -4.409750000000000059e-01 5.439999999999999957e-04
2.500000000000000000e+01 2.400000000000000000e+01 9.000000000000000000e+00 0.000000000000000000e+00 1.600000000000000089e+00 1.289999999999999914e-03 5.529999999999999976e-04 -9.999989999999999712e-01 4.433599999999999763e-01 8.963430000000000009e-01 1.067999999999999939e-03 8.963430000000000009e-01 -4.433610000000000051e-01 9.110000000000000259e-04
2.800000000000000000e+01 2.400000000000000000e+01 9.000000000000000000e+00 0.000000000000000000e+00 1.600000000000000089e+00 1.198999999999999979e-03 3.857999999999999884e-03 -9.999919999999999920e-01 4.428750000000000187e-01 8.965750000000000108e-01 3.989000000000000358e-03 8.965830000000000188e-01 -4.428759999999999919e-01 -6.340000000000000149e-04
1.000000000000000000e+01 8.000000000000000000e+00 1.000000000000000000e+01 0.000000000000000000e+00 1.600000000000000089e+00 9.020999999999999852e-02 5.180499999999999688e-02 -9.945739999999999581e-01 -9.850039999999999907e-01 -1.428290000000000115e-01 -9.678200000000000691e-02 -1.470680000000000043e-01 9.883910000000000196e-01 3.814399999999999735e-02
2.000000000000000000e+00 3.000000000000000000e+00 1.100000000000000000e+01 0.000000000000000000e+00 1.600000000000000089e+00 -1.394999999999999973e-03 1.097790000000000016e-01 9.939550000000000329e-01 1.166819999999999941e-01 -9.871490000000000542e-01 1.091909999999999964e-01 9.931680000000000508e-01 1.161289999999999961e-01 -1.143199999999999945e-02
8.000000000000000000e+00 4.000000000000000000e+00 1.100000000000000000e+01 0.000000000000000000e+00 1.600000000000000089e+00 -1.186999999999999904e-03 1.154889999999999944e-01 9.933079999999999687e-01 1.541180000000000050e-01 -9.814199999999999591e-01 1.142910000000000037e-01 9.880520000000000413e-01 1.532219999999999971e-01 -1.663399999999999948e-02
2.800000000000000000e+01 4.000000000000000000e+00 1.100000000000000000e+01 0.000000000000000000e+00 1.600000000000000089e+00 -6.949999999999999798e-04 -1.575800000000000117e-02 9.998759999999999870e-01 1.723870000000000124e-01 -9.849090000000000344e-01 -1.540200000000000076e-02 9.850290000000000434e-01 1.723550000000000082e-01 3.400999999999999943e-03
2.600000000000000000e+01 3.200000000000000000e+01 1.400000000000000000e+01 0.000000000000000000e+00 1.600000000000000089e+00 -8.159999999999999936e-04 -1.237999999999999951e-03 -9.999989999999999712e-01 1.213159999999999933e-01 9.926129999999999676e-01 -1.327000000000000055e-03 9.926139999999999963e-01 -1.213169999999999943e-01 -6.589999999999999721e-04
1.600000000000000000e+01 1.200000000000000000e+01 1.600000000000000000e+01 0.000000000000000000e+00 1.600000000000000089e+00 1.422000000000000087e-03 -1.930000000000000021e-04 9.999989999999999712e-01 2.640799999999999814e-01 -9.645000000000000240e-01 -5.619999999999999996e-04 9.645000000000000240e-01 2.640810000000000102e-01 -1.319999999999999993e-03
5.000000000000000000e+00 1.160000000000000000e+02 1.600000000000000000e+01 0.000000000000000000e+00 1.600000000000000089e+00 -1.476000000000000098e-03 -7.240000000000000342e-04 9.999989999999999712e-01 7.430710000000000370e-01 6.692110000000000003e-01 1.582000000000000073e-03 -6.692110000000000003e-01 7.430719999999999548e-01 -4.499999999999999877e-04
1.000000000000000000e+01 1.160000000000000000e+02 1.600000000000000000e+01 0.000000000000000000e+00 1.600000000000000089e+00 -2.507999999999999813e-03 -7.280000000000000230e-04 9.999970000000000248e-01 7.501560000000000450e-01 6.612569999999999837e-01 2.363000000000000083e-03 -6.612569999999999837e-01 7.501590000000000202e-01 -1.113000000000000057e-03
1.300000000000000000e+01 1.160000000000000000e+02 1.600000000000000000e+01 0.000000000000000000e+00 1.600000000000000089e+00 -3.954000000000000049e-03 -2.294000000000000032e-03 9.999900000000000455e-01 7.517160000000000508e-01 6.594719999999999471e-01 4.485000000000000271e-03 -6.594750000000000334e-01 7.517260000000000053e-01 -8.829999999999999958e-04
3.000000000000000000e+01 1.160000000000000000e+02 1.600000000000000000e+01 0.000000000000000000e+00 1.600000000000000089e+00 9.370000000000000074e-04 -1.389999999999999905e-04 1.000000000000000000e+00 7.090619999999999701e-01 7.051460000000000505e-01 -5.659999999999999884e-04 -7.051460000000000505e-01 7.090619999999999701e-01 7.590000000000000175e-04
1.600000000000000000e+01 2.000000000000000000e+00 1.900000000000000000e+01 0.000000000000000000e+00 1.600000000000000089e+00 4.500000000000000283e-05 -1.958199999999999871e-02 -9.998080000000000300e-01 3.573830000000000062e-01 -9.337790000000000257e-01 1.830499999999999836e-02 -9.339579999999999549e-01 -3.573149999999999937e-01 6.956000000000000377e-03
2.600000000000000000e+01 2.000000000000000000e+00 1.900000000000000000e+01 0.000000000000000000e+00 1.600000000000000089e+00 6.768999999999999843e-03 -1.759399999999999853e-02 -9.998219999999999885e-01 3.582989999999999786e-01 -9.334170000000000522e-01 1.885099999999999970e-02 -9.335830000000000517e-01 -3.583620000000000139e-01 -1.500000000000000038e-05
2.000000000000000000e+00 3.000000000000000000e+00 1.900000000000000000e+01 0.000000000000000000e+00 1.600000000000000089e+00 -2.442999999999999859e-03 4.880000000000000310e-02 -9.988059999999999716e-01 3.500969999999999915e-01 -9.355550000000000255e-01 -4.656600000000000322e-02 -9.367100000000000426e-01 -3.497919999999999918e-01 -1.479899999999999965e-02
6.000000000000000000e+00 3.000000000000000000e+00 1.900000000000000000e+01 0.000000000000000000e+00 1.600000000000000089e+00 -4.218000000000000395e-03 4.666499999999999815e-02 -9.989019999999999566e-01 3.536619999999999764e-01 -9.342840000000000034e-01 -4.513899999999999857e-02 -9.353639999999999732e-01 -3.534640000000000004e-01 -1.256299999999999951e-02
1.000000000000000000e+01 3.000000000000000000e+00 1.900000000000000000e+01 0.000000000000000000e+00 1.600000000000000089e+00 -5.165000000000000320e-03 2.725800000000000098e-02 -9.996150000000000313e-01 3.512910000000000199e-01 -9.358670000000000044e-01 -2.733500000000000166e-02 -9.362519999999999731e-01 -3.512970000000000259e-01 -4.741000000000000422e-03
1.700000000000000000e+01 3.000000000000000000e+00 1.900000000000000000e+01 0.000000000000000000e+00 1.600000000000000089e+00 -6.089999999999999494e-04 -2.151399999999999840e-02 -9.997679999999999900e-01 3.392209999999999948e-01 -9.404930000000000234e-01 2.003200000000000119e-02 -9.407060000000000421e-01 -3.391310000000000158e-01 7.870999999999999525e-03
7.000000000000000000e+00 1.300000000000000000e+01 2.000000000000000000e+01 0.000000000000000000e+00 1.600000000000000089e+00 1.610000000000000103e-04 -3.503000000000000037e-03 9.999940000000000495e-01 2.605910000000000171e-01 9.654439999999999689e-01 3.340000000000000087e-03 -9.654490000000000016e-01 2.605890000000000151e-01 1.067999999999999939e-03
1.400000000000000000e+01 1.300000000000000000e+01 2.000000000000000000e+01 0.000000000000000000e+00 1.600000000000000089e+00 5.240000000000000517e-04 1.582000000000000073e-03 9.999989999999999712e-01 2.633460000000000245e-01 9.647000000000000020e-01 -1.663999999999999898e-03 -9.647010000000000307e-01 2.633460000000000245e-01 8.899999999999999491e-05
1.800000000000000000e+01 1.300000000000000000e+01 2.000000000000000000e+01 0.000000000000000000e+00 1.600000000000000089e+00 7.560000000000000530e-04 4.840999999999999817e-03 9.999879999999999880e-01 2.635689999999999977e-01 9.646280000000000410e-01 -4.869000000000000064e-03 -9.646400000000000530e-01 2.635689999999999977e-01 -5.469999999999999602e-04
2.200000000000000000e+01 1.300000000000000000e+01 2.000000000000000000e+01 0.000000000000000000e+00 1.600000000000000089e+00 5.770000000000000389e-04 1.106999999999999911e-03 9.999989999999999712e-01 2.614469999999999850e-01 9.652169999999999916e-01 -1.219000000000000031e-03 -9.652180000000000204e-01 2.614480000000000137e-01 2.669999999999999847e-04
3.000000000000000000e+01 1.300000000000000000e+01 2.000000000000000000e+01 0.000000000000000000e+00 1.600000000000000089e+00 -5.940000000000000184e-04 -2.273999999999999980e-03 9.999970000000000248e-01 2.596729999999999872e-01 9.656940000000000524e-01 2.350000000000000092e-03 -9.656959999999999988e-01 2.596740000000000159e-01 1.699999999999999987e-05
1.400000000000000000e+01 1.600000000000000000e+01 2.100000000000000000e+01 0.000000000000000000e+00 1.600000000000000089e+00 5.320000000000000293e-04 2.079000000000000119e-03 9.999980000000000535e-01 3.002130000000000076e-01 9.538699999999999957e-01 -2.142999999999999940e-03 -9.538720000000000532e-01 3.002130000000000076e-01 -1.160000000000000007e-04
2.100000000000000000e+01 1.600000000000000000e+01 2.100000000000000000e+01 0.000000000000000000e+00 1.600000000000000089e+00 3.609999999999999928e-04 2.671000000000000197e-03 9.999959999999999960e-01 2.991219999999999990e-01 9.542110000000000314e-01 -2.657000000000000074e-03 -9.542150000000000354e-01 2.991219999999999990e-01 -4.539999999999999765e-04
2.000000000000000000e+01 2.000000000000000000e+00 2.500000000000000000e+01 0.000000000000000000e+00 1.600000000000000089e+00 1.016399999999999942e-02 -3.532400000000000123e-02 9.993239999999999901e-01 8.536199999999999344e-02 -9.956970000000000542e-01 -3.606399999999999884e-02 9.962980000000000169e-01 8.567099999999999715e-02 -7.105000000000000204e-03
1.100000000000000000e+01 3.000000000000000000e+00 2.500000000000000000e+01 0.000000000000000000e+00 1.600000000000000089e+00 -4.640000000000000027e-04 8.942000000000000295e-03 9.999599999999999600e-01 3.563899999999999707e-02 -9.993250000000000188e-01 8.952999999999999153e-03 9.993649999999999478e-01 3.564200000000000007e-02 1.450000000000000009e-04
1.900000000000000000e+01 3.000000000000000000e+00 2.500000000000000000e+01 0.000000000000000000e+00 1.600000000000000089e+00 5.898999999999999730e-03 -3.119699999999999904e-02 9.994960000000000511e-01 4.073000000000000231e-03 -9.995039999999999480e-01 -3.122099999999999875e-02 9.999740000000000295e-01 4.255000000000000102e-03 -5.768999999999999823e-03
2.600000000000000000e+01 3.000000000000000000e+00 2.500000000000000000e+01 0.000000000000000000e+00 1.600000000000000089e+00 3.168999999999999942e-03 -1.015899999999999963e-02 9.999430000000000263e-01 -3.309100000000000236e-02 -9.994020000000000126e-01 -1.004900000000000064e-02 9.994469999999999743e-01 -3.305700000000000305e-02 -3.503000000000000037e-03
5.000000000000000000e+00 4.600000000000000000e+01 3.500000000000000000e+01 0.000000000000000000e+00 1.600000000000000089e+00 -3.399999999999999973e-05 1.469999999999999953e-03 -9.999989999999999712e-01 3.933240000000000069e-01 -9.193989999999999663e-01 -1.364999999999999894e-03 -9.193999999999999950e-01 -3.933229999999999782e-01 -5.469999999999999602e-04
1.400000000000000000e+01 4.600000000000000000e+01 3.500000000000000000e+01 0.000000000000000000e+00 1.600000000000000089e+00 -8.630000000000000518e-04 -2.776999999999999955e-03 -9.999959999999999960e-01 3.922399999999999776e-01 -9.198600000000000110e-01 2.216000000000000088e-03 -9.198629999999999862e-01 -3.922359999999999736e-01 1.882999999999999908e-03
2.200000000000000000e+01 4.600000000000000000e+01 3.500000000000000000e+01 0.000000000000000000e+00 1.600000000000000089e+00 -4.100000000000000047e-05 1.810000000000000085e-04 -1.000000000000000000e+00 3.917209999999999859e-01 -9.200840000000000130e-01 -1.820000000000000057e-04 -9.200840000000000130e-01 -3.917209999999999859e-01 -3.300000000000000253e-05
7.000000000000000000e+00 9.500000000000000000e+01 3.600000000000000000e+01 0.000000000000000000e+00 1.600000000000000089e+00 -6.181999999999999995e-03 -1.029200000000000080e-02 9.999280000000000390e-01 9.957589999999999497e-01 9.172500000000000098e-02 7.100999999999999673e-03 -9.179199999999999859e-02 9.957310000000000327e-01 9.681000000000000369e-03
2.400000000000000000e+01 9.500000000000000000e+01 3.600000000000000000e+01 0.000000000000000000e+00 1.600000000000000089e+00 3.308999999999999875e-03 1.010299999999999913e-02 9.999430000000000263e-01 9.967049999999999521e-01 8.100899999999999768e-02 -4.117000000000000000e-03 -8.104600000000000692e-02 9.966620000000000479e-01 -9.801999999999999949e-03
3.000000000000000000e+01 9.500000000000000000e+01 3.600000000000000000e+01 0.000000000000000000e+00 1.600000000000000089e+00 1.008000000000000042e-02 4.314300000000000079e-02 9.990179999999999616e-01 9.964039999999999564e-01 8.362100000000000088e-02 -1.366500000000000006e-02 -8.412899999999999545e-02 9.955629999999999757e-01 -4.214500000000000191e-02
1.700000000000000000e+01 9.500000000000000000e+01 3.700000000000000000e+01 0.000000000000000000e+00 1.600000000000000089e+00 -1.626999999999999974e-03 -1.145900000000000044e-02 9.999329999999999607e-01 9.948280000000000456e-01 1.015390000000000043e-01 2.782000000000000185e-03 -1.015640000000000015e-01 9.947660000000000391e-01 1.123399999999999919e-02
1.100000000000000000e+01 6.000000000000000000e+01 3.900000000000000000e+01 0.000000000000000000e+00 1.600000000000000089e+00 -1.340999999999999961e-03 -1.140399999999999921e-02 -9.999339999999999895e-01 2.963149999999999951e-01 -9.550330000000000208e-01 1.049399999999999986e-02 -9.550889999999999658e-01 -2.962810000000000166e-01 4.658999999999999947e-03
5.000000000000000000e+00 2.900000000000000000e+01 4.400000000000000000e+01 0.000000000000000000e+00 1.600000000000000089e+00 -1.443000000000000055e-03 -1.606000000000000006e-03 -9.999980000000000535e-01 6.562400000000000455e-01 7.545500000000000540e-01 -2.158000000000000196e-03 7.545509999999999717e-01 -6.562409999999999632e-01 -3.499999999999999693e-05
1.300000000000000000e+01 2.900000000000000000e+01 4.400000000000000000e+01 0.000000000000000000e+00 1.600000000000000089e+00 -1.590999999999999966e-03 -3.154000000000000119e-03 -9.999940000000000495e-01 6.610430000000000472e-01 7.503400000000000070e-01 -3.419000000000000164e-03 7.503459999999999575e-01 -6.610449999999999937e-01 8.909999999999999734e-04
2.200000000000000000e+01 2.900000000000000000e+01 4.400000000000000000e+01 0.000000000000000000e+00 1.600000000000000089e+00 3.060000000000000111e-04 -1.849999999999999973e-04 -1.000000000000000000e+00 6.616060000000000274e-01 7.498510000000000453e-01 6.399999999999999710e-05 7.498510000000000453e-01 -6.616060000000000274e-01 3.510000000000000208e-04
3.000000000000000000e+01 2.900000000000000000e+01 4.400000000000000000e+01 0.000000000000000000e+00 1.600000000000000089e+00 3.788000000000000134e-03 5.355000000000000385e-03 -9.999780000000000335e-01 6.718739999999999712e-01 7.406369999999999898e-01 6.512000000000000427e-03 7.406559999999999810e-01 -6.718840000000000368e-01 -7.929999999999999766e-04
8.000000000000000000e+00 4.000000000000000000e+00 5.000000000000000000e+01 0.000000000000000000e+00 1.600000000000000089e+00 1.170999999999999949e-03 -3.281000000000000062e-03 -9.999940000000000495e-01 5.324020000000000419e-01 -8.464850000000000430e-01 3.399999999999999811e-03 -8.464909999999999934e-01 -5.324029999999999596e-01 7.550000000000000287e-04
2.700000000000000000e+01 5.000000000000000000e+00 5.100000000000000000e+01 0.000000000000000000e+00 1.600000000000000089e+00 -1.456999999999999962e-03 7.585999999999999861e-03 -9.999700000000000255e-01 4.887190000000000145e-01 -8.724100000000000188e-01 -7.330999999999999843e-03 -8.724399999999999933e-01 -4.887159999999999838e-01 -2.435999999999999797e-03
3.000000000000000000e+01 6.000000000000000000e+00 5.100000000000000000e+01 0.000000000000000000e+00 1.600000000000000089e+00 -4.891999999999999647e-03 1.021400000000000086e-02 -9.999360000000000470e-01 3.159770000000000079e-01 -9.486999999999999877e-01 -1.123599999999999946e-02 -9.487539999999999862e-01 -3.160120000000000151e-01 1.413999999999999892e-03
1.200000000000000000e+01 1.150000000000000000e+02 5.100000000000000000e+01 0.000000000000000000e+00 1.600000000000000089e+00 -2.425000000000000072e-03 -4.471000000000000148e-03 9.999869999999999592e-01 8.471279999999999921e-01 -5.313890000000000002e-01 -3.220000000000000206e-04 5.313839999999999675e-01 8.471159999999999801e-01 5.075999999999999783e-03
1.600000000000000000e+01 1.150000000000000000e+02 5.100000000000000000e+01 0.000000000000000000e+00 1.600000000000000089e+00 5.500000000000000196e-05 4.339999999999999782e-04 1.000000000000000000e+00 8.466879999999999962e-01 -5.320899999999999519e-01 1.840000000000000001e-04 5.320899999999999519e-01 8.466879999999999962e-01 -3.959999999999999762e-04
5.000000000000000000e+00 6.300000000000000000e+01 5.400000000000000000e+01 0.000000000000000000e+00 1.600000000000000089e+00 -1.525000000000000097e-03 -4.251999999999999703e-03 9.999900000000000455e-01 -3.528129999999999877e-01 9.356870000000000465e-01 3.439999999999999915e-03 -9.356919999999999682e-01 -3.528049999999999797e-01 -2.926999999999999914e-03
1.800000000000000000e+01 6.300000000000000000e+01 5.400000000000000000e+01 0.000000000000000000e+00 1.600000000000000089e+00 1.427000000000000100e-03 -2.007000000000000103e-03 9.999970000000000248e-01 -3.462819999999999787e-01 9.381270000000000442e-01 2.377000000000000206e-03 -9.381289999999999907e-01 -3.462850000000000095e-01 6.440000000000000412e-04
2.200000000000000000e+01 6.300000000000000000e+01 5.400000000000000000e+01 0.000000000000000000e+00 1.600000000000000089e+00 -7.489999999999999913e-04 9.110000000000000259e-04 9.999989999999999712e-01 -3.423200000000000132e-01 9.395829999999999460e-01 -1.111999999999999924e-03 -9.395829999999999460e-01 -3.423200000000000132e-01 -3.919999999999999873e-04
2.600000000000000000e+01 2.500000000000000000e+01 5.500000000000000000e+01 0.000000000000000000e+00 1.600000000000000089e+00 1.449999999999999900e-03 -3.930000000000000117e-04 -9.999989999999999712e-01 -1.148099999999999989e-02 -9.999339999999999895e-01 3.770000000000000022e-04 -9.999329999999999607e-01 1.148099999999999989e-02 -1.453999999999999997e-03
1.000000000000000000e+00 2.600000000000000000e+01 5.500000000000000000e+01 0.000000000000000000e+00 1.600000000000000089e+00 1.923000000000000013e-03 1.018299999999999934e-02 -9.999460000000000015e-01 -3.346299999999999969e-02 -9.993880000000000541e-01 -1.024100000000000010e-02 -9.994380000000000486e-01 3.348099999999999687e-02 -1.580999999999999940e-03
3.000000000000000000e+00 2.100000000000000000e+01 6.000000000000000000e+01 0.000000000000000000e+00 1.600000000000000089e+00 -2.321999999999999845e-03 7.790000000000000049e-03 9.999670000000000503e-01 -9.501999999999999336e-02 9.954429999999999668e-01 -7.976000000000000451e-03 -9.954730000000000523e-01 -9.503599999999999548e-02 -1.570999999999999914e-03
8.000000000000000000e+00 2.100000000000000000e+01 6.000000000000000000e+01 0.000000000000000000e+00 1.600000000000000089e+00 -7.560000000000000530e-04 1.755000000000000050e-03 9.999980000000000535e-01 -9.568799999999999528e-02 9.954100000000000170e-01 -1.819000000000000087e-03 -9.954110000000000458e-01 -9.568999999999999728e-02 -5.850000000000000165e-04
1.500000000000000000e+01 2.100000000000000000e+01 6.000000000000000000e+01 0.000000000000000000e+00 1.600000000000000089e+00 8.589999999999999546e-04 -1.654000000000000088e-03 9.999980000000000535e-01 -9.298099999999999421e-02 9.956660000000000510e-01 1.727000000000000019e-03 -9.956679999999999975e-01 -9.298199999999999521e-02 7.020000000000000415e-04
2.200000000000000000e+01 2.100000000000000000e+01 6.000000000000000000e+01 0.000000000000000000e+00 1.600000000000000089e+00 -5.230000000000000274e-04 7.237000000000000377e-03 9.999740000000000295e-01 -9.701400000000000301e-02 9.952569999999999473e-01 -7.252999999999999899e-03 -9.952830000000000288e-01 -9.701500000000000401e-02 1.810000000000000085e-04
2.600000000000000000e+01 2.100000000000000000e+01 6.000000000000000000e+01 0.000000000000000000e+00 1.600000000000000089e+00 1.459999999999999926e-03 3.680999999999999810e-03 9.999919999999999920e-01 -9.599399999999999600e-02 9.953760000000000385e-01 -3.523999999999999789e-03 -9.953809999999999603e-01 -9.598800000000000388e-02 1.807000000000000012e-03
2.000000000000000000e+00 3.000000000000000000e+00 6.300000000000000000e+01 0.000000000000000000e+00 1.600000000000000089e+00 -1.760000000000000063e-03 -2.115999999999999825e-03 9.999959999999999960e-01 -6.126200000000000534e-01 7.903780000000000250e-01 5.940000000000000184e-04 -7.903759999999999675e-01 -6.126160000000000494e-01 -2.687999999999999851e-03
2.300000000000000000e+01 3.000000000000000000e+00 6.300000000000000000e+01 0.000000000000000000e+00 1.600000000000000089e+00 1.309000000000000051e-03 -5.486000000000000425e-03 9.999839999999999840e-01 -6.122509999999999897e-01 7.906469999999999887e-01 5.139000000000000339e-03 -7.906630000000000047e-01 -6.122480000000000144e-01 -2.324000000000000111e-03
4.000000000000000000e+00 2.700000000000000000e+01 6.300000000000000000e+01 0.000000000000000000e+00 1.600000000000000089e+00 -2.036000000000000049e-03 6.160000000000000111e-04 9.999980000000000535e-01 -2.776509999999999811e-01 9.606810000000000072e-01 -1.155999999999999910e-03 -9.606799999999999784e-01 -2.776520000000000099e-01 -1.784999999999999911e-03
7.000000000000000000e+00 2.700000000000000000e+01 6.300000000000000000e+01 0.000000000000000000e+00 1.600000000000000089e+00 -2.970000000000000092e-04 4.212999999999999731e-03 9.999909999999999632e-01 -2.780710000000000126e-01 9.605519999999999614e-01 -4.129999999999999991e-03 -9.605609999999999982e-01 -2.780690000000000106e-01 8.869999999999999846e-04
1.000000000000000000e+01 2.700000000000000000e+01 6.300000000000000000e+01 0.000000000000000000e+00 1.600000000000000089e+00 2.625999999999999862e-03 6.367000000000000264e-03 9.999759999999999760e-01 -2.765420000000000100e-01 9.609870000000000356e-01 -5.393000000000000224e-03 -9.609980000000000189e-01 -2.765219999999999900e-01 4.284999999999999747e-03
1.500000000000000000e+01 2.700000000000000000e+01 6.300000000000000000e+01 0.000000000000000000e+00 1.600000000000000089e+00 -9.120000000000000502e-04 8.319999999999999271e-03 9.999649999999999928e-01 -2.705469999999999819e-01 9.626710000000000544e-01 -8.255999999999999450e-03 -9.627059999999999507e-01 -2.705449999999999799e-01 1.373000000000000088e-03
2.200000000000000000e+01 2.700000000000000000e+01 6.300000000000000000e+01 0.000000000000000000e+00 1.600000000000000089e+00 6.319999999999999663e-04 -9.280999999999999320e-03 9.999569999999999848e-01 -2.747709999999999875e-01 9.614669999999999606e-01 9.098000000000000184e-03 -9.615099999999999758e-01 -2.747649999999999815e-01 -1.943000000000000066e-03
2.600000000000000000e+01 2.700000000000000000e+01 6.300000000000000000e+01 0.000000000000000000e+00 1.600000000000000089e+00 2.902000000000000066e-03 -4.545000000000000429e-03 9.999850000000000128e-01 -2.732240000000000224e-01 9.619370000000000420e-01 5.165000000000000320e-03 -9.619459999999999678e-01 -2.732350000000000056e-01 1.549999999999999946e-03
4.000000000000000000e+00 2.600000000000000000e+01 6.400000000000000000e+01 0.000000000000000000e+00 1.600000000000000089e+00 -2.694999999999999913e-03 1.345000000000000058e-03 9.999949999999999672e-01 -3.707980000000000165e-01 9.287109999999999532e-01 -2.247999999999999998e-03 -9.287100000000000355e-01 -3.708029999999999937e-01 -2.004000000000000139e-03
8.000000000000000000e+00 2.600000000000000000e+01 6.400000000000000000e+01 0.000000000000000000e+00 1.600000000000000089e+00 2.169999999999999891e-04 3.952999999999999917e-03 9.999919999999999920e-01 -3.717539999999999734e-01 9.283240000000000380e-01 -3.589000000000000176e-03 -9.283310000000000173e-01 -3.717500000000000249e-01 1.670999999999999959e-03
1.000000000000000000e+01 2.600000000000000000e+01 6.400000000000000000e+01 0.000000000000000000e+00 1.600000000000000089e+00 2.161000000000000160e-03 4.364999999999999956e-03 9.999879999999999880e-01 -3.702949999999999853e-01 9.289079999999999560e-01 -3.255000000000000081e-03 -9.289119999999999600e-01 -3.702840000000000020e-01 3.624000000000000051e-03
1.600000000000000000e+01 2.600000000000000000e+01 6.400000000000000000e+01 0.000000000000000000e+00 1.600000000000000089e+00 -3.301000000000000115e-03 6.086000000000000264e-03 9.999759999999999760e-01 -3.650200000000000111e-01 9.309739999999999682e-01 -6.871000000000000371e-03 -9.309939999999999882e-01 -3.650340000000000251e-01 -8.509999999999999769e-04
2.300000000000000000e+01 2.600000000000000000e+01 6.400000000000000000e+01 0.000000000000000000e+00 1.600000000000000089e+00 2.866000000000000058e-03 -6.768999999999999843e-03 9.999730000000000008e-01 -3.709689999999999932e-01 9.286159999999999970e-01 7.348999999999999630e-03 -9.286410000000000498e-01 -3.709799999999999764e-01 1.510000000000000112e-04
2.700000000000000000e+01 2.600000000000000000e+01 6.400000000000000000e+01 0.000000000000000000e+00 1.600000000000000089e+00 2.399000000000000091e-03 -2.344000000000000163e-03 9.999940000000000495e-01 -3.652409999999999823e-01 9.309079999999999577e-01 3.057999999999999954e-03 -9.309100000000000152e-01 -3.652469999999999883e-01 1.376999999999999969e-03
1.000000000000000000e+01 6.900000000000000000e+01 6.600000000000000000e+01 0.000000000000000000e+00 1.600000000000000089e+00 1.550000000000000000e-04 -4.198000000000000342e-03 9.999909999999999632e-01 -9.493099999999999872e-01 3.143380000000000063e-01 1.466999999999999988e-03 -3.143420000000000103e-01 -9.493019999999999792e-01 -3.937000000000000395e-03
2.300000000000000000e+01 6.900000000000000000e+01 6.600000000000000000e+01 0.000000000000000000e+00 1.600000000000000089e+00 -4.131000000000000123e-03 -3.458000000000000136e-03 9.999850000000000128e-01 -9.467100000000000515e-01 3.220740000000000269e-01 -2.797000000000000007e-03 -3.220600000000000129e-01 -9.467079999999999940e-01 -4.603999999999999586e-03
2.800000000000000000e+01 6.900000000000000000e+01 6.600000000000000000e+01 0.000000000000000000e+00 1.600000000000000089e+00 2.768000000000000061e-03 -4.223000000000000191e-03 9.999869999999999592e-01 -9.461370000000000058e-01 3.237410000000000010e-01 3.985999999999999960e-03 -3.237539999999999862e-01 -9.461359999999999770e-01 -3.099999999999999891e-03
4.000000000000000000e+00 2.500000000000000000e+01 7.300000000000000000e+01 0.000000000000000000e+00 1.600000000000000089e+00 -3.449999999999999833e-04 1.784999999999999911e-03 9.999980000000000535e-01 7.545199999999999685e-01 -6.562750000000000528e-01 1.431999999999999896e-03 6.562769999999999992e-01 7.545190000000000508e-01 -1.119999999999999902e-03
8.000000000000000000e+00 2.500000000000000000e+01 7.300000000000000000e+01 0.000000000000000000e+00 1.600000000000000089e+00 -9.430000000000000448e-04 -4.629999999999999784e-04 9.999989999999999712e-01 7.565300000000000358e-01 -6.539589999999999570e-01 4.099999999999999912e-04 6.539580000000000393e-01 7.565300000000000358e-01 9.669999999999999776e-04
1.100000000000000000e+01 2.500000000000000000e+01 7.300000000000000000e+01 0.000000000000000000e+00 1.600000000000000089e+00 -1.574000000000000095e-03 -3.896000000000000157e-03 9.999909999999999632e-01 7.555020000000000069e-01 -6.551449999999999774e-01 -1.363999999999999978e-03 6.551439999999999486e-01 7.554929999999999701e-01 3.974000000000000102e-03
1.600000000000000000e+01 2.500000000000000000e+01 7.300000000000000000e+01 0.000000000000000000e+00 1.600000000000000089e+00 3.809999999999999910e-04 -5.739999999999999660e-04 1.000000000000000000e+00 7.538639999999999786e-01 -6.570310000000000317e-01 -6.639999999999999852e-04 6.570310000000000317e-01 7.538639999999999786e-01 1.820000000000000057e-04
2.400000000000000000e+01 2.500000000000000000e+01 7.300000000000000000e+01 0.000000000000000000e+00 1.600000000000000089e+00 1.984000000000000086e-03 8.700000000000000051e-05 9.999980000000000535e-01 7.601550000000000251e-01 -6.497399999999999842e-01 -1.451999999999999949e-03 6.497389999999999555e-01 7.601560000000000539e-01 -1.355000000000000085e-03
4.000000000000000000e+00 4.400000000000000000e+01 7.300000000000000000e+01 0.000000000000000000e+00 1.600000000000000089e+00 3.300000000000000253e-05 -8.769999999999999584e-04 1.000000000000000000e+00 5.570399999999999657e-02 -9.984469999999999734e-01 -8.779999999999999827e-04 9.984469999999999734e-01 5.570399999999999657e-02 1.599999999999999928e-05
1.000000000000000000e+01 4.400000000000000000e+01 7.300000000000000000e+01 0.000000000000000000e+00 1.600000000000000089e+00 -6.700000000000000226e-05 -5.000000000000000104e-04 1.000000000000000000e+00 5.351399999999999907e-02 -9.985669999999999824e-01 -4.960000000000000216e-04 9.985669999999999824e-01 5.351399999999999907e-02 9.299999999999999727e-05
1.300000000000000000e+01 4.400000000000000000e+01 7.300000000000000000e+01 0.000000000000000000e+00 1.600000000000000089e+00 5.749999999999999903e-04 -1.598999999999999944e-03 9.999989999999999712e-01 5.311799999999999855e-02 -9.985870000000000024e-01 -1.626999999999999974e-03 9.985880000000000312e-01 5.311899999999999955e-02 -4.889999999999999599e-04
1.800000000000000000e+01 4.400000000000000000e+01 7.300000000000000000e+01 0.000000000000000000e+00 1.600000000000000089e+00 6.999999999999999895e-06 1.360000000000000098e-03 9.999989999999999712e-01 5.492899999999999866e-02 -9.984889999999999599e-01 1.358000000000000049e-03 9.984899999999999887e-01 5.492899999999999866e-02 -8.200000000000000095e-05
2.500000000000000000e+01 4.400000000000000000e+01 7.300000000000000000e+01 0.000000000000000000e+00 1.600000000000000089e+00 -2.500000000000000052e-04 -1.425000000000000051e-03 9.999989999999999712e-01 5.548199999999999660e-02 -9.984589999999999854e-01 -1.409000000000000096e-03 9.984600000000000142e-01 5.548100000000000254e-02 3.289999999999999739e-04
2.000000000000000000e+01 2.500000000000000000e+01 7.400000000000000000e+01 0.000000000000000000e+00 1.600000000000000089e+00 6.859999999999999779e-04 1.972999999999999927e-03 9.999980000000000535e-01 8.307350000000000012e-01 -5.566680000000000517e-01 5.289999999999999564e-04 5.566680000000000517e-01 8.307330000000000547e-01 -2.020999999999999793e-03
2.500000000000000000e+01 9.900000000000000000e+01 7.500000000000000000e+01 0.000000000000000000e+00 1.600000000000000089e+00 -3.157000000000000084e-03 -4.542000000000000030e-03 -9.999850000000000128e-01 -8.839409999999999767e-01 4.675989999999999869e-01 6.669999999999999497e-04 4.675880000000000036e-01 8.839289999999999647e-01 -5.491000000000000221e-03
3.000000000000000000e+00 9.100000000000000000e+01 7.600000000000000000e+01 0.000000000000000000e+00 1.600000000000000089e+00 -1.891000000000000103e-03 -5.479999999999999845e-04 9.999980000000000535e-01 2.940119999999999956e-01 -9.558020000000000405e-01 3.199999999999999855e-05 9.557999999999999829e-01 2.940119999999999956e-01 1.968000000000000131e-03
6.000000000000000000e+00 9.100000000000000000e+01 7.600000000000000000e+01 0.000000000000000000e+00 1.600000000000000089e+00 -3.629999999999999872e-04 3.879999999999999985e-04 1.000000000000000000e+00 2.922399999999999998e-01 -9.563450000000000006e-01 4.769999999999999934e-04 9.563450000000000006e-01 2.922399999999999998e-01 2.339999999999999958e-04
1.000000000000000000e+01 9.100000000000000000e+01 7.600000000000000000e+01 0.000000000000000000e+00 1.600000000000000089e+00 -8.750000000000000182e-04 2.700000000000000035e-04 1.000000000000000000e+00 2.983600000000000141e-01 -9.544529999999999959e-01 5.190000000000000386e-04 9.544529999999999959e-01 2.983600000000000141e-01 7.550000000000000287e-04
1.800000000000000000e+01 9.100000000000000000e+01 7.600000000000000000e+01 0.000000000000000000e+00 1.600000000000000089e+00 -4.640000000000000027e-04 -1.056999999999999997e-03 9.999989999999999712e-01 3.026130000000000209e-01 -9.531129999999999880e-01 -8.670000000000000406e-04 9.531140000000000168e-01 3.026119999999999921e-01 7.619999999999999820e-04
2.400000000000000000e+01 9.100000000000000000e+01 7.600000000000000000e+01 0.000000000000000000e+00 1.600000000000000089e+00 -1.895999999999999899e-03 -2.328999999999999907e-03 9.999959999999999960e-01 2.942420000000000035e-01 -9.557299999999999685e-01 -1.667999999999999995e-03 9.557290000000000507e-01 2.942370000000000263e-01 2.497000000000000088e-03
2.900000000000000000e+01 9.100000000000000000e+01 7.600000000000000000e+01 0.000000000000000000e+00 1.600000000000000089e+00 -7.940000000000000009e-04 -1.314000000000000064e-03 9.999989999999999712e-01 2.862959999999999949e-01 -9.581410000000000204e-01 -1.031000000000000015e-03 9.581410000000000204e-01 2.862950000000000217e-01 1.136999999999999990e-03
4.000000000000000000e+00 6.300000000000000000e+01 8.100000000000000000e+01 0.000000000000000000e+00 1.600000000000000089e+00 -1.193999999999999966e-03 7.067999999999999630e-03 9.999740000000000295e-01 3.403099999999999875e-02 -9.993959999999999511e-01 7.104000000000000072e-03 9.994199999999999751e-01 3.403899999999999981e-02 9.529999999999999626e-04
2.000000000000000000e+01 6.300000000000000000e+01 8.100000000000000000e+01 0.000000000000000000e+00 1.600000000000000089e+00 -5.507999999999999875e-03 -1.042900000000000077e-02 9.999299999999999855e-01 3.076999999999999874e-02 -9.994739999999999736e-01 -1.025500000000000023e-02 9.995110000000000383e-01 3.071199999999999972e-02 5.825999999999999582e-03
4.000000000000000000e+00 4.400000000000000000e+01 8.300000000000000000e+01 0.000000000000000000e+00 1.600000000000000089e+00 4.260000000000000006e-04 3.347999999999999848e-03 9.999940000000000495e-01 5.781239999999999712e-01 -8.159450000000000314e-01 2.484999999999999796e-03 8.159490000000000354e-01 5.781199999999999672e-01 -2.282999999999999873e-03
8.000000000000000000e+00 4.400000000000000000e+01 8.300000000000000000e+01 0.000000000000000000e+00 1.600000000000000089e+00 -4.870000000000000197e-04 -1.968999999999999830e-03 9.999980000000000535e-01 5.735179999999999723e-01 -8.191920000000000313e-01 -1.332999999999999984e-03 8.191929999999999490e-01 5.735160000000000258e-01 1.528000000000000061e-03
1.100000000000000000e+01 4.400000000000000000e+01 8.300000000000000000e+01 0.000000000000000000e+00 1.600000000000000089e+00 -1.028999999999999967e-03 -2.413000000000000214e-03 9.999970000000000248e-01 5.719899999999999984e-01 -8.202589999999999604e-01 -1.389999999999999960e-03 8.202599999999999891e-01 5.719870000000000232e-01 2.223999999999999849e-03
1.600000000000000000e+01 4.400000000000000000e+01 8.300000000000000000e+01 0.000000000000000000e+00 1.600000000000000089e+00 1.253999999999999906e-03 -3.363000000000000104e-03 9.999940000000000495e-01 5.776999999999999913e-01 -8.162420000000000231e-01 -3.468999999999999861e-03 8.162479999999999736e-01 5.777010000000000201e-01 9.190000000000000035e-04
2.400000000000000000e+01 4.400000000000000000e+01 8.300000000000000000e+01 0.000000000000000000e+00 1.600000000000000089e+00 1.988000000000000184e-03 -3.956000000000000315e-03 9.999900000000000455e-01 5.861269999999999536e-01 -8.102080000000000393e-01 -4.369999999999999753e-03 8.102169999999999650e-01 5.861290000000000111e-01 7.079999999999999705e-04
