8.000000000000000000e+00 2.500000000000000000e+01 1.000000000000000000e+00 0.000000000000000000e+00 1.600000000000000089e+00 -1.599999999999999928e-05 -1.533000000000000074e-03 -9.999989999999999712e-01 -5.300839999999999996e-01 -8.479440000000000310e-01 1.307999999999999918e-03 -8.479449999999999488e-01 5.300829999999999709e-01 -7.990000000000000140e-04
1.500000000000000000e+01 2.500000000000000000e+01 1.000000000000000000e+00 0.000000000000000000e+00 1.600000000000000089e+00 -3.399999999999999973e-05 -1.201999999999999943e-03 -9.999989999999999712e-01 -5.304079999999999906e-01 -8.477419999999999956e-01 1.036999999999999944e-03 -8.477430000000000243e-01 5.304079999999999906e-01 -6.089999999999999494e-04
3.000000000000000000e+01 2.500000000000000000e+01 1.000000000000000000e+00 0.000000000000000000e+00 1.600000000000000089e+00 2.570999999999999935e-03 -6.290999999999999717e-03 -9.999770000000000048e-01 -5.283449999999999536e-01 -8.490199999999999969e-01 3.983000000000000429e-03 -8.490259999999999474e-01 5.283229999999999871e-01 -5.506999999999999743e-03
1.200000000000000000e+01 3.000000000000000000e+00 4.000000000000000000e+00 0.000000000000000000e+00 1.600000000000000089e+00 -1.215640000000000054e-01 -3.328699999999999715e-02 -9.920250000000000457e-01 -8.339860000000000051e-01 -5.385199999999999987e-01 1.202669999999999989e-01 -5.382280000000000397e-01 8.419550000000000090e-01 3.770400000000000140e-02
6.000000000000000000e+00 1.500000000000000000e+01 4.000000000000000000e+00 0.000000000000000000e+00 1.600000000000000089e+00 2.579999999999999828e-04 -1.018699999999999987e-02 9.999479999999999480e-01 3.166760000000000130e-01 -9.484839999999999938e-01 -9.743999999999999190e-03 9.485339999999999883e-01 3.166619999999999990e-01 2.981999999999999842e-03
1.800000000000000000e+01 1.500000000000000000e+01 4.000000000000000000e+00 0.000000000000000000e+00 1.600000000000000089e+00 -3.429999999999999889e-04 5.321000000000000209e-03 9.999860000000000415e-01 3.210089999999999888e-01 -9.470619999999999594e-01 5.148999999999999931e-03 9.470760000000000289e-01 3.210060000000000136e-01 -1.382999999999999898e-03
2.300000000000000000e+01 1.500000000000000000e+01 4.000000000000000000e+00 0.000000000000000000e+00 1.600000000000000089e+00 -3.495999999999999976e-03 -4.741000000000000422e-03 9.999829999999999552e-01 3.181680000000000064e-01 -9.480279999999999818e-01 -3.382000000000000024e-03 9.480279999999999818e-01 3.181510000000000171e-01 4.823000000000000030e-03
2.700000000000000000e+01 1.500000000000000000e+01 4.000000000000000000e+00 0.000000000000000000e+00 1.600000000000000089e+00 4.470000000000000232e-04 2.168999999999999921e-03 9.999970000000000248e-01 3.203779999999999961e-01 -9.472880000000000189e-01 1.910999999999999938e-03 9.472899999999999654e-01 3.203770000000000229e-01 -1.118999999999999986e-03
1.100000000000000000e+01 1.600000000000000000e+01 4.000000000000000000e+00 0.000000000000000000e+00 1.600000000000000089e+00 3.572999999999999787e-03 -2.494000000000000123e-03 9.999909999999999632e-01 3.951709999999999945e-01 -9.185999999999999721e-01 -3.703000000000000128e-03 9.186010000000000009e-01 3.951799999999999757e-01 -2.295999999999999864e-03
1.600000000000000000e+01 1.010000000000000000e+02 7.000000000000000000e+00 0.000000000000000000e+00 1.600000000000000089e+00 -6.139999999999999625e-04 4.112000000000000204e-03 9.999909999999999632e-01 8.895880000000000454e-01 4.567629999999999746e-01 -1.332000000000000068e-03 -4.567640000000000033e-01 8.895790000000000086e-01 -3.937999999999999660e-03
2.000000000000000000e+01 1.010000000000000000e+02 7.000000000000000000e+00 0.000000000000000000e+00 1.600000000000000089e+00 -1.890000000000000133e-04 4.477000000000000077e-03 9.999900000000000455e-01 8.894130000000000091e-01 4.571000000000000063e-01 -1.877999999999999895e-03 -4.571040000000000103e-01 8.894039999999999724e-01 -4.067999999999999568e-03
2.600000000000000000e+01 1.010000000000000000e+02 7.000000000000000000e+00 0.000000000000000000e+00 1.600000000000000089e+00 -3.049999999999999868e-04 2.390000000000000197e-03 9.999970000000000248e-01 8.896979999999999889e-01 4.565489999999999826e-01 -8.199999999999999824e-04 -4.565489999999999826e-01 8.896950000000000136e-01 -2.265000000000000086e-03
4.000000000000000000e+00 2.500000000000000000e+01 8.000000000000000000e+00 0.000000000000000000e+00 1.600000000000000089e+00 -1.080000000000000014e-03 7.159000000000000433e-03 -9.999740000000000295e-01 4.439080000000000248e-01 8.960529999999999884e-01 5.936000000000000304e-03 8.960719999999999796e-01 -4.438900000000000068e-01 -4.146000000000000379e-03
1.100000000000000000e+01 2.500000000000000000e+01 8.000000000000000000e+00 0.000000000000000000e+00 1.600000000000000089e+00 1.049999999999999935e-03 -1.819000000000000087e-03 -9.999980000000000535e-01 4.449250000000000149e-01 8.955670000000000019e-01 -1.162000000000000055e-03 8.955670000000000019e-01 -4.449230000000000129e-01 1.750000000000000036e-03
1.300000000000000000e+01 2.500000000000000000e+01 8.000000000000000000e+00 0.000000000000000000e+00 1.600000000000000089e+00 3.559999999999999797e-04 1.299999999999999920e-05 -1.000000000000000000e+00 4.451109999999999789e-01 8.954760000000000497e-01 1.700000000000000122e-04 8.954750000000000210e-01 -4.451109999999999789e-01 3.130000000000000187e-04
2.400000000000000000e+01 2.500000000000000000e+01 8.000000000000000000e+00 0.000000000000000000e+00 1.600000000000000089e+00 6.660000000000000338e-04 -1.359999999999999989e-04 -1.000000000000000000e+00 4.479850000000000221e-01 8.940409999999999746e-01 1.759999999999999954e-04 8.940409999999999746e-01 -4.479850000000000221e-01 6.570000000000000319e-04
2.900000000000000000e+01 2.500000000000000000e+01 8.000000000000000000e+00 0.000000000000000000e+00 1.600000000000000089e+00 -3.000000000000000076e-06 -3.318000000000000203e-03 -9.999949999999999672e-01 4.478019999999999778e-01 8.941280000000000339e-01 -2.968000000000000152e-03 8.941329999999999556e-01 -4.477999999999999758e-01 1.482999999999999943e-03
5.000000000000000000e+00 2.400000000000000000e+01 9.000000000000000000e+00 0.000000000000000000e+00 1.600000000000000089e+00 -3.280000000000000038e-04 7.349999999999999763e-03 -9.999730000000000008e-01 4.495439999999999992e-01 8.932350000000000012e-01 6.418000000000000094e-03 8.932579999999999965e-01 -4.495290000000000119e-01 -3.596999999999999937e-03
1.000000000000000000e+01 2.400000000000000000e+01 9.000000000000000000e+00 0.000000000000000000e+00 1.600000000000000089e+00 9.110000000000000259e-04 -3.271000000000000036e-03 -9.999940000000000495e-01 4.509560000000000235e-01 8.925429999999999753e-01 -2.508999999999999946e-03 8.925459999999999505e-01 -4.509509999999999907e-01 2.288000000000000103e-03
1.400000000000000000e+01 2.400000000000000000e+01 9.000000000000000000e+00 0.000000000000000000e+00 1.600000000000000089e+00 -1.039999999999999936e-04 7.690000000000000438e-04 -1.000000000000000000e+00 4.511800000000000255e-01 8.924330000000000318e-01 6.400000000000000524e-04 8.924330000000000318e-01 -4.511800000000000255e-01 -4.400000000000000157e-04
2.100000000000000000e+01 2.400000000000000000e+01 9.000000000000000000e+00 0.000000000000000000e+00 1.600000000000000089e+00 -2.210000000000000050e-04 8.850000000000000444e-04 -1.000000000000000000e+00 4.521049999999999791e-01 8.919650000000000079e-01 6.899999999999999667e-04 8.919650000000000079e-01 -4.521040000000000059e-01 -5.969999999999999829e-04
2.600000000000000000e+01 2.400000000000000000e+01 9.000000000000000000e+00 0.000000000000000000e+00 1.600000000000000089e+00 2.429999999999999977e-04 5.950000000000000427e-04 -1.000000000000000000e+00 4.534170000000000145e-01 8.912980000000000347e-01 6.409999999999999682e-04 8.912980000000000347e-01 -4.534170000000000145e-01 -5.300000000000000078e-05
2.800000000000000000e+01 2.400000000000000000e+01 9.000000000000000000e+00 0.000000000000000000e+00 1.600000000000000089e+00 7.299999999999999903e-05 -1.869000000000000002e-03 -9.999980000000000535e-01 4.531859999999999777e-01 8.914140000000000397e-01 -1.631999999999999987e-03 8.914159999999999862e-01 -4.531850000000000045e-01 9.120000000000000502e-04
7.000000000000000000e+00 3.100000000000000000e+01 1.200000000000000000e+01 0.000000000000000000e+00 1.600000000000000089e+00 2.383999999999999835e-03 -3.201999999999999985e-03 9.999919999999999920e-01 -5.928000000000000110e-03 9.999770000000000048e-01 3.216000000000000109e-03 -9.999799999999999800e-01 -5.936000000000000304e-03 2.364999999999999915e-03
1.700000000000000000e+01 3.100000000000000000e+01 1.200000000000000000e+01 0.000000000000000000e+00 1.600000000000000089e+00 -8.589999999999999546e-04 -1.955999999999999839e-03 9.999980000000000535e-01 5.730000000000000501e-04 9.999980000000000535e-01 1.955999999999999839e-03 -9.999989999999999712e-01 5.749999999999999903e-04 -8.580000000000000387e-04
2.400000000000000000e+01 3.100000000000000000e+01 1.200000000000000000e+01 0.000000000000000000e+00 1.600000000000000089e+00 6.019999999999999961e-04 2.210000000000000159e-03 9.999970000000000248e-01 6.980000000000000527e-04 9.999970000000000248e-01 -2.210000000000000159e-03 -1.000000000000000000e+00 6.989999999999999686e-04 6.009999999999999717e-04
2.800000000000000000e+01 3.100000000000000000e+01 1.200000000000000000e+01 0.000000000000000000e+00 1.600000000000000089e+00 1.123999999999999999e-03 3.836000000000000000e-03 9.999919999999999920e-01 2.975999999999999913e-03 9.999879999999999880e-01 -3.838999999999999965e-03 -9.999949999999999672e-01 2.980000000000000010e-03 1.113000000000000057e-03
2.000000000000000000e+00 3.500000000000000000e+01 1.200000000000000000e+01 0.000000000000000000e+00 1.600000000000000089e+00 -4.550000000000000008e-04 -3.795000000000000196e-03 -9.999930000000000208e-01 5.247479999999999922e-01 -8.512520000000000087e-01 2.991000000000000169e-03 -8.512579999999999592e-01 -5.247429999999999595e-01 2.379000000000000038e-03
9.000000000000000000e+00 3.500000000000000000e+01 1.200000000000000000e+01 0.000000000000000000e+00 1.600000000000000089e+00 2.273999999999999980e-03 6.405000000000000103e-03 -9.999770000000000048e-01 5.385590000000000099e-01 -8.425770000000000204e-01 -4.172999999999999626e-03 -8.425850000000000284e-01 -5.385370000000000434e-01 -5.364999999999999977e-03
1.200000000000000000e+01 3.500000000000000000e+01 1.200000000000000000e+01 0.000000000000000000e+00 1.600000000000000089e+00 7.420000000000000380e-04 4.720000000000000237e-03 -9.999890000000000168e-01 5.482970000000000343e-01 -8.362760000000000193e-01 -3.540000000000000178e-03 -8.362829999999999986e-01 -5.482879999999999976e-01 -3.207999999999999914e-03
1.600000000000000000e+01 3.500000000000000000e+01 1.200000000000000000e+01 0.000000000000000000e+00 1.600000000000000089e+00 -4.335999999999999577e-03 4.873999999999999860e-03 -9.999789999999999512e-01 5.591089999999999671e-01 -8.290689999999999449e-01 -6.465000000000000260e-03 -8.290830000000000144e-01 -5.591249999999999831e-01 8.689999999999999808e-04
2.300000000000000000e+01 3.500000000000000000e+01 1.200000000000000000e+01 0.000000000000000000e+00 1.600000000000000089e+00 -9.849999999999999815e-04 6.551000000000000399e-03 -9.999780000000000335e-01 5.795169999999999488e-01 -8.149389999999999690e-01 -5.910000000000000323e-03 -8.149589999999999890e-01 -5.795099999999999696e-01 -2.994000000000000133e-03
2.700000000000000000e+01 3.500000000000000000e+01 1.200000000000000000e+01 0.000000000000000000e+00 1.600000000000000089e+00 6.949999999999999798e-04 4.421999999999999716e-03 -9.999900000000000455e-01 5.880729999999999569e-01 -8.088020000000000209e-01 -3.167999999999999809e-03 -8.088079999999999714e-01 -5.880649999999999489e-01 -3.161999999999999880e-03
2.000000000000000000e+00 1.070000000000000000e+02 1.300000000000000000e+01 0.000000000000000000e+00 1.600000000000000089e+00 1.115999999999999978e-02 6.910999999999999609e-03 9.999139999999999695e-01 -9.952349999999999808e-01 9.694500000000000339e-02 1.043799999999999936e-02 -9.686400000000000565e-02 -9.952659999999999840e-01 7.960000000000000062e-03
1.200000000000000000e+01 3.200000000000000000e+01 1.400000000000000000e+01 0.000000000000000000e+00 1.600000000000000089e+00 -1.286000000000000034e-03 2.445000000000000125e-03 -9.999959999999999960e-01 9.983200000000000407e-02 9.950020000000000531e-01 2.304000000000000058e-03 9.950029999999999708e-01 -9.982900000000000107e-02 -1.523999999999999964e-03
1.800000000000000000e+01 3.200000000000000000e+01 1.400000000000000000e+01 0.000000000000000000e+00 1.600000000000000089e+00 2.135999999999999878e-03 -1.693999999999999976e-03 -9.999959999999999960e-01 1.027669999999999972e-01 9.947040000000000326e-01 -1.464999999999999939e-03 9.947030000000000038e-01 -1.027629999999999932e-01 2.298999999999999828e-03
2.000000000000000000e+00 1.200000000000000000e+01 1.500000000000000000e+01 0.000000000000000000e+00 1.600000000000000089e+00 -1.866999999999999953e-03 -4.730999999999999962e-03 -9.999869999999999592e-01 -4.658010000000000206e-01 -8.848749999999999671e-01 5.055999999999999731e-03 -8.848880000000000079e-01 4.658039999999999958e-01 -5.509999999999999490e-04
8.000000000000000000e+00 1.200000000000000000e+01 1.500000000000000000e+01 0.000000000000000000e+00 1.600000000000000089e+00 1.299000000000000024e-03 -1.698999999999999989e-03 -9.999980000000000535e-01 -4.669499999999999762e-01 -8.842830000000000412e-01 8.959999999999999866e-04 -8.842830000000000412e-01 4.669479999999999742e-01 -1.941999999999999933e-03
1.700000000000000000e+01 1.200000000000000000e+01 1.500000000000000000e+01 0.000000000000000000e+00 1.600000000000000089e+00 3.420000000000000188e-04 -6.860999999999999911e-03 -9.999759999999999760e-01 -4.732450000000000268e-01 -8.809109999999999996e-01 5.882000000000000076e-03 -8.809310000000000196e-01 4.732319999999999860e-01 -3.547999999999999939e-03
2.300000000000000000e+01 1.200000000000000000e+01 1.500000000000000000e+01 0.000000000000000000e+00 1.600000000000000089e+00 1.123000000000000083e-03 3.556999999999999832e-03 -9.999930000000000208e-01 -4.718010000000000259e-01 -8.816979999999999817e-01 -3.665999999999999988e-03 -8.817049999999999610e-01 4.718010000000000259e-01 6.880000000000000265e-04
2.900000000000000000e+01 1.200000000000000000e+01 1.500000000000000000e+01 0.000000000000000000e+00 1.600000000000000089e+00 9.389999999999999476e-04 9.730000000000000151e-04 -9.999989999999999712e-01 -4.700440000000000174e-01 -8.826420000000000377e-01 -1.301000000000000073e-03 -8.826429999999999554e-01 4.700440000000000174e-01 -3.710000000000000190e-04
2.000000000000000000e+00 1.100000000000000000e+01 1.600000000000000000e+01 0.000000000000000000e+00 1.600000000000000089e+00 -1.252000000000000075e-03 -4.562000000000000083e-03 -9.999890000000000168e-01 -4.074809999999999821e-01 -9.132019999999999582e-01 4.675999999999999601e-03 -9.132130000000000525e-01 4.074820000000000109e-01 -7.150000000000000322e-04
6.000000000000000000e+00 1.100000000000000000e+01 1.600000000000000000e+01 0.000000000000000000e+00 1.600000000000000089e+00 1.157999999999999958e-03 -4.852999999999999675e-03 -9.999879999999999880e-01 -4.081899999999999973e-01 -9.128880000000000328e-01 3.956999999999999580e-03 -9.128960000000000408e-01 4.081810000000000160e-01 -3.037999999999999902e-03
1.200000000000000000e+01 1.100000000000000000e+01 1.600000000000000000e+01 0.000000000000000000e+00 1.600000000000000089e+00 1.701000000000000038e-03 2.997999999999999797e-03 -9.999940000000000495e-01 -4.125130000000000186e-01 -9.109450000000000047e-01 -3.432999999999999854e-03 -9.109500000000000375e-01 4.125170000000000226e-01 -3.130000000000000187e-04
1.800000000000000000e+01 1.100000000000000000e+01 1.600000000000000000e+01 0.000000000000000000e+00 1.600000000000000089e+00 4.730000000000000046e-04 -6.086000000000000264e-03 -9.999810000000000088e-01 -4.158729999999999927e-01 -9.094069999999999654e-01 5.337999999999999863e-03 -9.094229999999999814e-01 4.158629999999999827e-01 -2.961999999999999789e-03
2.400000000000000000e+01 1.100000000000000000e+01 1.600000000000000000e+01 0.000000000000000000e+00 1.600000000000000089e+00 5.159999999999999656e-04 2.491999999999999858e-03 -9.999970000000000248e-01 -4.174510000000000165e-01 -9.086959999999999482e-01 -2.480000000000000000e-03 -9.086990000000000345e-01 4.174510000000000165e-01 5.710000000000000015e-04
2.000000000000000000e+00 1.160000000000000000e+02 1.600000000000000000e+01 0.000000000000000000e+00 1.600000000000000089e+00 3.899999999999999929e-04 1.490999999999999921e-03 9.999989999999999712e-01 7.633440000000000225e-01 6.459909999999999819e-01 -1.260999999999999968e-03 -6.459920000000000107e-01 7.633440000000000225e-01 -8.859999999999999603e-04
6.000000000000000000e+00 1.160000000000000000e+02 1.600000000000000000e+01 0.000000000000000000e+00 1.600000000000000089e+00 3.370000000000000057e-04 -9.290000000000000297e-04 9.999989999999999712e-01 7.621280000000000276e-01 6.474259999999999460e-01 3.449999999999999833e-04 -6.474259999999999460e-01 7.621280000000000276e-01 9.259999999999999568e-04
2.100000000000000000e+01 1.160000000000000000e+02 1.600000000000000000e+01 0.000000000000000000e+00 1.600000000000000089e+00 1.750000000000000036e-03 1.098999999999999934e-03 9.999980000000000535e-01 7.890949999999999909e-01 6.142670000000000075e-01 -2.056000000000000102e-03 -6.142680000000000362e-01 7.890970000000000484e-01 2.069999999999999900e-04
2.300000000000000000e+01 1.160000000000000000e+02 1.600000000000000000e+01 0.000000000000000000e+00 1.600000000000000089e+00 1.598999999999999944e-03 4.650000000000000270e-04 9.999989999999999712e-01 7.854719999999999480e-01 6.188949999999999729e-01 -1.544000000000000017e-03 -6.188949999999999729e-01 7.854729999999999768e-01 6.250000000000000130e-04
2.000000000000000000e+00 2.000000000000000000e+00 1.900000000000000000e+01 0.000000000000000000e+00 1.600000000000000089e+00 -6.963999999999999704e-03 -3.393800000000000289e-02 -9.993999999999999551e-01 2.738149999999999751e-01 -9.612910000000000066e-01 3.073599999999999943e-02 -9.617569999999999730e-01 -2.734360000000000124e-01 1.598700000000000121e-02
1.000000000000000000e+01 2.000000000000000000e+00 1.900000000000000000e+01 0.000000000000000000e+00 1.600000000000000089e+00 7.759000000000000272e-03 -2.960799999999999890e-02 -9.995319999999999760e-01 2.609460000000000113e-01 -9.648679999999999479e-01 3.060699999999999879e-02 -9.653220000000000134e-01 -2.610609999999999875e-01 2.390000000000000089e-04
1.300000000000000000e+01 2.000000000000000000e+00 1.900000000000000000e+01 0.000000000000000000e+00 1.600000000000000089e+00 1.367799999999999919e-02 -1.987600000000000131e-02 -9.997089999999999588e-01 2.544680000000000275e-01 -9.668149999999999800e-01 2.270300000000000096e-02 -9.669839999999999547e-01 -2.547039999999999860e-01 -8.167000000000000648e-03
1.700000000000000000e+01 2.000000000000000000e+00 1.900000000000000000e+01 0.000000000000000000e+00 1.600000000000000089e+00 1.396200000000000045e-02 4.325999999999999984e-03 -9.998930000000000318e-01 2.451389999999999958e-01 -9.694880000000000164e-01 -7.720000000000000083e-04 -9.693869999999999987e-01 -2.451019999999999865e-01 -1.459700000000000060e-02
2.600000000000000000e+01 2.000000000000000000e+00 1.900000000000000000e+01 0.000000000000000000e+00 1.600000000000000089e+00 8.699000000000000135e-03 -1.262500000000000080e-02 -9.998820000000000485e-01 2.282810000000000117e-01 -9.734909999999999952e-01 1.427800000000000076e-02 -9.735570000000000057e-01 -2.283779999999999977e-01 -5.585999999999999820e-03
1.800000000000000000e+01 3.000000000000000000e+00 1.900000000000000000e+01 0.000000000000000000e+00 1.600000000000000089e+00 1.442399999999999932e-02 8.370999999999999969e-03 -9.998609999999999998e-01 2.558570000000000011e-01 -9.667050000000000365e-01 -4.402999999999999796e-03 -9.666069999999999940e-01 -2.557579999999999854e-01 -1.608499999999999860e-02
2.000000000000000000e+01 3.000000000000000000e+00 1.900000000000000000e+01 0.000000000000000000e+00 1.600000000000000089e+00 9.383000000000000715e-03 1.131300000000000014e-02 -9.998920000000000030e-01 2.427970000000000128e-01 -9.700379999999999558e-01 -8.696999999999999870e-03 -9.700320000000000054e-01 -2.426889999999999881e-01 -1.184900000000000016e-02
1.700000000000000000e+01 4.000000000000000000e+00 2.000000000000000000e+01 0.000000000000000000e+00 1.600000000000000089e+00 7.577000000000000401e-03 1.073299999999999949e-02 -9.999139999999999695e-01 3.895649999999999946e-01 -9.209730000000000416e-01 -6.934000000000000059e-03 -9.209680000000000089e-01 -3.894790000000000196e-01 -1.115999999999999978e-02
2.000000000000000000e+01 4.000000000000000000e+00 2.000000000000000000e+01 0.000000000000000000e+00 1.600000000000000089e+00 1.044000000000000006e-03 1.561099999999999988e-02 -9.998780000000000445e-01 3.657630000000000048e-01 -9.306010000000000115e-01 -1.414699999999999985e-02 -9.307069999999999510e-01 -3.657030000000000003e-01 -6.681000000000000306e-03
3.000000000000000000e+00 1.300000000000000000e+01 2.000000000000000000e+01 0.000000000000000000e+00 1.600000000000000089e+00 1.387999999999999911e-03 6.650000000000000095e-04 9.999989999999999712e-01 2.594119999999999759e-01 9.657660000000000133e-01 -1.002000000000000069e-03 -9.657660000000000133e-01 2.594130000000000047e-01 1.167999999999999984e-03
9.000000000000000000e+00 1.300000000000000000e+01 2.000000000000000000e+01 0.000000000000000000e+00 1.600000000000000089e+00 -6.790000000000000245e-04 -2.021999999999999926e-03 9.999980000000000535e-01 2.591840000000000255e-01 9.658259999999999623e-01 2.128999999999999816e-03 -9.658280000000000198e-01 2.591849999999999987e-01 -1.310000000000000129e-04
1.300000000000000000e+01 1.300000000000000000e+01 2.000000000000000000e+01 0.000000000000000000e+00 1.600000000000000089e+00 3.009999999999999980e-04 -2.096000000000000207e-03 9.999980000000000535e-01 2.608969999999999900e-01 9.653650000000000286e-01 1.943999999999999981e-03 -9.653669999999999751e-01 2.608960000000000168e-01 8.379999999999999862e-04
1.900000000000000000e+01 1.300000000000000000e+01 2.000000000000000000e+01 0.000000000000000000e+00 1.600000000000000089e+00 2.109000000000000197e-03 2.972999999999999948e-03 9.999930000000000208e-01 2.596169999999999867e-01 9.657059999999999533e-01 -3.418000000000000031e-03 -9.657090000000000396e-01 2.596229999999999927e-01 1.265000000000000065e-03
2.300000000000000000e+01 1.300000000000000000e+01 2.000000000000000000e+01 0.000000000000000000e+00 1.600000000000000089e+00 6.689999999999999983e-04 2.154000000000000099e-03 9.999970000000000248e-01 2.586740000000000150e-01 9.659619999999999873e-01 -2.252999999999999794e-03 -9.659649999999999626e-01 2.586749999999999883e-01 8.899999999999999491e-05
1.600000000000000000e+01 5.000000000000000000e+01 2.200000000000000000e+01 0.000000000000000000e+00 1.600000000000000089e+00 3.941000000000000059e-03 3.386000000000000121e-03 -9.999869999999999592e-01 -5.766289999999999472e-01 8.170060000000000100e-01 4.939999999999999730e-04 8.169960000000000555e-01 5.766200000000000214e-01 5.172000000000000382e-03
7.000000000000000000e+00 3.000000000000000000e+00 2.500000000000000000e+01 0.000000000000000000e+00 1.600000000000000089e+00 -9.600000000000000243e-04 -4.922000000000000160e-03 9.999869999999999592e-01 -4.794400000000000051e-02 -9.988380000000000036e-01 -4.962000000000000265e-03 9.988500000000000156e-01 -4.794799999999999757e-02 7.230000000000000098e-04
1.300000000000000000e+01 3.000000000000000000e+00 2.500000000000000000e+01 0.000000000000000000e+00 1.600000000000000089e+00 6.040000000000000447e-04 -1.706000000000000051e-03 9.999980000000000535e-01 -3.358799999999999980e-02 -9.994340000000000446e-01 -1.683999999999999950e-03 9.994359999999999911e-01 -3.358699999999999880e-02 -6.610000000000000207e-04
1.500000000000000000e+01 3.000000000000000000e+00 2.500000000000000000e+01 0.000000000000000000e+00 1.600000000000000089e+00 1.686999999999999915e-03 -1.289999999999999914e-04 9.999989999999999712e-01 -3.076999999999999874e-02 -9.995270000000000543e-01 -7.700000000000000139e-05 9.995249999999999968e-01 -3.076999999999999874e-02 -1.690000000000000096e-03
2.000000000000000000e+01 3.000000000000000000e+00 2.500000000000000000e+01 0.000000000000000000e+00 1.600000000000000089e+00 -1.154999999999999994e-03 7.178999999999999618e-03 9.999740000000000295e-01 -2.346399999999999875e-02 -9.996990000000000043e-01 7.150000000000000105e-03 9.997239999999999460e-01 -2.345500000000000015e-02 1.324000000000000090e-03
2.300000000000000000e+01 3.000000000000000000e+00 2.500000000000000000e+01 0.000000000000000000e+00 1.600000000000000089e+00 -5.758000000000000097e-03 1.992700000000000027e-02 9.997850000000000348e-01 -1.939000000000000098e-02 -9.996159999999999490e-01 1.981099999999999875e-02 9.997949999999999893e-01 -1.927099999999999994e-02 6.141999999999999890e-03
7.000000000000000000e+00 4.600000000000000000e+01 3.000000000000000000e+01 0.000000000000000000e+00 1.600000000000000089e+00 2.173000000000000018e-03 1.263000000000000017e-03 -9.999970000000000248e-01 3.301470000000000238e-01 9.439269999999999605e-01 1.909000000000000107e-03 9.439269999999999605e-01 -3.301509999999999723e-01 1.634000000000000036e-03
2.000000000000000000e+00 5.800000000000000000e+01 3.100000000000000000e+01 0.000000000000000000e+00 1.600000000000000089e+00 -5.980000000000000072e-04 -4.153999999999999707e-03 9.999909999999999632e-01 -7.662529999999999619e-01 -6.425309999999999633e-01 -3.127000000000000005e-03 6.425389999999999713e-01 -7.662480000000000402e-01 -2.798999999999999839e-03
6.000000000000000000e+00 5.800000000000000000e+01 3.100000000000000000e+01 0.000000000000000000e+00 1.600000000000000089e+00 -1.526999999999999929e-03 -3.776999999999999975e-03 9.999919999999999920e-01 -7.681010000000000337e-01 -6.403180000000000538e-01 -3.592000000000000141e-03 6.403269999999999795e-01 -7.681000000000000050e-01 -1.923999999999999929e-03
8.000000000000000000e+00 5.800000000000000000e+01 3.100000000000000000e+01 0.000000000000000000e+00 1.600000000000000089e+00 -1.229000000000000058e-03 -3.801000000000000125e-03 9.999919999999999920e-01 -7.693630000000000191e-01 -6.388040000000000385e-01 -3.373999999999999829e-03 6.388110000000000177e-01 -7.693600000000000438e-01 -2.138999999999999842e-03
1.600000000000000000e+01 5.800000000000000000e+01 3.100000000000000000e+01 0.000000000000000000e+00 1.600000000000000089e+00 1.262000000000000101e-03 -1.301999999999999989e-03 9.999980000000000535e-01 -7.748850000000000460e-01 -6.321020000000000527e-01 1.550000000000000000e-04 6.321010000000000240e-01 -7.748840000000000172e-01 -1.806000000000000097e-03
2.400000000000000000e+01 5.800000000000000000e+01 3.100000000000000000e+01 0.000000000000000000e+00 1.600000000000000089e+00 -3.101000000000000024e-03 -4.139999999999999800e-04 9.999949999999999672e-01 -7.772759999999999669e-01 -6.291539999999999910e-01 -2.671000000000000197e-03 6.291520000000000445e-01 -7.772799999999999709e-01 1.629999999999999939e-03
2.000000000000000000e+00 4.600000000000000000e+01 3.500000000000000000e+01 0.000000000000000000e+00 1.600000000000000089e+00 -8.540000000000000499e-04 -3.989000000000000358e-03 -9.999919999999999920e-01 3.913309999999999844e-01 -9.202439999999999509e-01 3.337000000000000122e-03 -9.202489999999999837e-01 -3.913249999999999784e-01 2.347000000000000128e-03
6.000000000000000000e+00 4.600000000000000000e+01 3.500000000000000000e+01 0.000000000000000000e+00 1.600000000000000089e+00 -2.739999999999999923e-04 -1.173999999999999913e-03 -9.999989999999999712e-01 3.911049999999999804e-01 -9.203449999999999687e-01 9.730000000000000151e-04 -9.203459999999999974e-01 -3.911049999999999804e-01 7.110000000000000434e-04
1.300000000000000000e+01 4.600000000000000000e+01 3.500000000000000000e+01 0.000000000000000000e+00 1.600000000000000089e+00 -3.959999999999999762e-04 -2.436999999999999930e-03 -9.999970000000000248e-01 3.903030000000000110e-01 -9.206839999999999469e-01 2.089000000000000145e-03 -9.206860000000000044e-01 -3.903010000000000090e-01 1.315999999999999896e-03
1.900000000000000000e+01 4.600000000000000000e+01 3.500000000000000000e+01 0.000000000000000000e+00 1.600000000000000089e+00 -2.649999999999999903e-04 -7.749999999999999728e-04 -1.000000000000000000e+00 3.908570000000000100e-01 -9.204510000000000192e-01 6.099999999999999737e-04 -9.204510000000000192e-01 -3.908570000000000100e-01 5.469999999999999602e-04
2.200000000000000000e+01 4.600000000000000000e+01 3.500000000000000000e+01 0.000000000000000000e+00 1.600000000000000089e+00 -2.999999999999999737e-04 3.053000000000000158e-03 -9.999949999999999672e-01 3.913760000000000017e-01 -9.202259999999999884e-01 -2.926999999999999914e-03 -9.202310000000000212e-01 -3.913749999999999729e-01 -9.190000000000000035e-04
2.700000000000000000e+01 4.600000000000000000e+01 3.500000000000000000e+01 0.000000000000000000e+00 1.600000000000000089e+00 -1.559999999999999972e-04 -6.419999999999999925e-04 -1.000000000000000000e+00 3.919980000000000131e-01 -9.199659999999999505e-01 5.289999999999999564e-04 -9.199659999999999505e-01 -3.919980000000000131e-01 3.950000000000000061e-04
1.000000000000000000e+00 3.000000000000000000e+00 4.300000000000000000e+01 0.000000000000000000e+00 1.600000000000000089e+00 8.530000000000000256e-04 1.802099999999999883e-02 -9.998369999999999758e-01 7.512039999999999829e-01 -6.599739999999999496e-01 -1.125499999999999938e-02 -6.600700000000000456e-01 -7.510719999999999619e-01 -1.410100000000000069e-02
8.000000000000000000e+00 3.000000000000000000e+00 4.300000000000000000e+01 0.000000000000000000e+00 1.600000000000000089e+00 -4.780000000000000178e-04 6.517000000000000223e-03 -9.999789999999999512e-01 7.408839999999999870e-01 -6.716159999999999908e-01 -4.730999999999999962e-03 -6.716330000000000355e-01 -7.408709999999999463e-01 -4.506999999999999722e-03
5.000000000000000000e+00 8.000000000000000000e+00 4.400000000000000000e+01 0.000000000000000000e+00 1.600000000000000089e+00 3.755999999999999790e-03 5.728999999999999718e-03 9.999770000000000048e-01 -7.889890000000000514e-01 -6.143729999999999469e-01 6.483000000000000047e-03 6.143960000000000532e-01 -7.889950000000000019e-01 2.211999999999999991e-03
9.000000000000000000e+00 8.000000000000000000e+00 4.400000000000000000e+01 0.000000000000000000e+00 1.600000000000000089e+00 2.115999999999999825e-03 3.812999999999999983e-03 9.999900000000000455e-01 -7.904290000000000482e-01 -6.125399999999999734e-01 4.008000000000000278e-03 6.125490000000000101e-01 -7.904299999999999660e-01 1.716999999999999993e-03
4.000000000000000000e+00 2.900000000000000000e+01 4.400000000000000000e+01 0.000000000000000000e+00 1.600000000000000089e+00 9.190000000000000035e-04 1.198999999999999979e-03 -9.999989999999999712e-01 6.555760000000000476e-01 7.551269999999999927e-01 1.508000000000000009e-03 7.551280000000000214e-01 -6.555769999999999653e-01 -9.100000000000000287e-05
8.000000000000000000e+00 2.900000000000000000e+01 4.400000000000000000e+01 0.000000000000000000e+00 1.600000000000000089e+00 4.500000000000000283e-05 -9.079999999999999530e-04 -1.000000000000000000e+00 6.562160000000000215e-01 7.545730000000000492e-01 -6.560000000000000076e-04 7.545730000000000492e-01 -6.562160000000000215e-01 6.300000000000000261e-04
1.100000000000000000e+01 2.900000000000000000e+01 4.400000000000000000e+01 0.000000000000000000e+00 1.600000000000000089e+00 -1.101999999999999898e-03 -2.053000000000000137e-03 -9.999970000000000248e-01 6.550249999999999684e-01 7.556040000000000534e-01 -2.272999999999999847e-03 7.556070000000000286e-01 -6.550249999999999684e-01 5.119999999999999768e-04
1.700000000000000000e+01 2.900000000000000000e+01 4.400000000000000000e+01 0.000000000000000000e+00 1.600000000000000089e+00 1.502999999999999996e-03 8.859999999999999603e-04 -9.999989999999999712e-01 6.528549999999999631e-01 7.574809999999999599e-01 1.652000000000000040e-03 7.574809999999999599e-01 -6.528570000000000206e-01 5.599999999999999509e-04
2.000000000000000000e+01 2.900000000000000000e+01 4.400000000000000000e+01 0.000000000000000000e+00 1.600000000000000089e+00 -1.139000000000000038e-03 -1.265999999999999981e-03 -9.999989999999999712e-01 6.549500000000000322e-01 7.556699999999999529e-01 -1.703000000000000087e-03 7.556709999999999816e-01 -6.549509999999999499e-01 -3.199999999999999855e-05
2.400000000000000000e+01 2.900000000000000000e+01 4.400000000000000000e+01 0.000000000000000000e+00 1.600000000000000089e+00 -1.729000000000000068e-03 1.105999999999999995e-03 -9.999980000000000535e-01 6.583940000000000348e-01 7.526730000000000365e-01 -3.060000000000000111e-04 7.526709999999999789e-01 -6.583940000000000348e-01 -2.028999999999999988e-03
2.900000000000000000e+01 2.900000000000000000e+01 4.400000000000000000e+01 0.000000000000000000e+00 1.600000000000000089e+00 1.614999999999999899e-03 3.158000000000000217e-03 -9.999940000000000495e-01 6.542059999999999542e-01 7.563090000000000090e-01 3.444000000000000013e-03 7.563149999999999595e-01 -6.542069999999999830e-01 -8.450000000000000479e-04
1.400000000000000000e+01 6.500000000000000000e+01 4.600000000000000000e+01 0.000000000000000000e+00 1.600000000000000089e+00 3.213000000000000144e-03 -1.724999999999999971e-03 9.999930000000000208e-01 6.810589999999999700e-01 -7.322199999999999820e-01 -3.451000000000000074e-03 7.322210000000000107e-01 6.810659999999999492e-01 -1.177000000000000095e-03
9.000000000000000000e+00 5.000000000000000000e+00 5.100000000000000000e+01 0.000000000000000000e+00 1.600000000000000089e+00 6.700000000000000226e-04 8.588999999999999413e-03 -9.999630000000000463e-01 4.668459999999999832e-01 -8.843090000000000117e-01 -7.283000000000000411e-03 -8.843379999999999574e-01 -4.668240000000000167e-01 -4.602000000000000188e-03
2.500000000000000000e+01 5.000000000000000000e+00 5.100000000000000000e+01 0.000000000000000000e+00 1.600000000000000089e+00 1.018400000000000034e-02 -1.172600000000000031e-02 -9.998789999999999623e-01 4.675329999999999764e-01 -8.838460000000000205e-01 1.512699999999999982e-02 -8.839169999999999527e-01 -4.676310000000000189e-01 -3.518999999999999993e-03
1.600000000000000000e+01 6.000000000000000000e+00 5.100000000000000000e+01 0.000000000000000000e+00 1.600000000000000089e+00 -2.982999999999999974e-03 1.000999999999999980e-02 -9.999449999999999728e-01 2.874439999999999773e-01 -9.577400000000000357e-01 -1.044499999999999942e-02 -9.577930000000000055e-01 -2.874599999999999933e-01 -2.099999999999999884e-05
1.600000000000000000e+01 7.000000000000000000e+00 5.200000000000000000e+01 0.000000000000000000e+00 1.600000000000000089e+00 -1.221000000000000080e-03 8.706000000000000197e-03 -9.999609999999999888e-01 3.952800000000000064e-02 -9.991799999999999571e-01 -8.746999999999999567e-03 -9.992180000000000506e-01 -3.953700000000000270e-02 8.760000000000000425e-04
3.000000000000000000e+00 6.300000000000000000e+01 5.400000000000000000e+01 0.000000000000000000e+00 1.600000000000000089e+00 1.876000000000000063e-03 2.497000000000000088e-03 9.999949999999999672e-01 -3.490849999999999786e-01 9.370889999999999498e-01 -1.685000000000000083e-03 -9.370889999999999498e-01 -3.490809999999999746e-01 2.629999999999999959e-03
1.200000000000000000e+01 6.300000000000000000e+01 5.400000000000000000e+01 0.000000000000000000e+00 1.600000000000000089e+00 -8.880000000000000089e-04 -5.400000000000000069e-04 9.999989999999999712e-01 -3.469920000000000226e-01 9.378680000000000350e-01 1.979999999999999881e-04 -9.378680000000000350e-01 -3.469920000000000226e-01 -1.020999999999999989e-03
1.700000000000000000e+01 6.300000000000000000e+01 5.400000000000000000e+01 0.000000000000000000e+00 1.600000000000000089e+00 1.299999999999999886e-04 2.605000000000000111e-03 9.999970000000000248e-01 -3.486029999999999962e-01 9.372669999999999613e-01 -2.396000000000000126e-03 -9.372700000000000475e-01 -3.486020000000000230e-01 1.030000000000000100e-03
2.000000000000000000e+01 6.300000000000000000e+01 5.400000000000000000e+01 0.000000000000000000e+00 1.600000000000000089e+00 1.710000000000000094e-04 4.059000000000000108e-03 9.999919999999999920e-01 -3.527500000000000080e-01 9.357100000000000417e-01 -3.738000000000000003e-03 -9.357180000000000497e-01 -3.527460000000000040e-01 1.592000000000000099e-03
2.500000000000000000e+01 6.300000000000000000e+01 5.400000000000000000e+01 0.000000000000000000e+00 1.600000000000000089e+00 -1.912000000000000071e-03 -3.151000000000000155e-03 9.999930000000000208e-01 -3.526449999999999863e-01 9.357539999999999747e-01 2.273999999999999980e-03 -9.357550000000000034e-01 -3.526389999999999803e-01 -2.900999999999999933e-03
3.000000000000000000e+01 6.300000000000000000e+01 5.400000000000000000e+01 0.000000000000000000e+00 1.600000000000000089e+00 4.789999999999999879e-04 9.590000000000000000e-04 9.999989999999999712e-01 -3.454809999999999826e-01 9.384249999999999536e-01 -7.349999999999999763e-04 -9.384249999999999536e-01 -3.454809999999999826e-01 7.810000000000000102e-04
1.600000000000000000e+01 2.500000000000000000e+01 5.500000000000000000e+01 0.000000000000000000e+00 1.600000000000000089e+00 1.435999999999999993e-03 5.839999999999999705e-03 -9.999820000000000375e-01 -1.923199999999999910e-02 -9.997979999999999645e-01 -5.866999999999999819e-03 -9.998139999999999805e-01 1.924000000000000016e-02 -1.322999999999999957e-03
1.000000000000000000e+00 1.500000000000000000e+01 5.700000000000000000e+01 0.000000000000000000e+00 1.600000000000000089e+00 3.261000000000000010e-03 6.093000000000000325e-03 -9.999759999999999760e-01 4.403020000000000267e-01 8.978230000000000377e-01 6.905999999999999812e-03 8.978439999999999754e-01 -4.403139999999999832e-01 2.449999999999999921e-04
2.000000000000000000e+00 2.100000000000000000e+01 6.000000000000000000e+01 0.000000000000000000e+00 1.600000000000000089e+00 -1.940000000000000101e-03 -4.440999999999999635e-03 9.999879999999999880e-01 -9.540800000000000669e-02 9.954290000000000083e-01 4.236000000000000182e-03 -9.954359999999999875e-01 -9.539899999999999769e-02 -2.354999999999999889e-03
6.000000000000000000e+00 2.100000000000000000e+01 6.000000000000000000e+01 0.000000000000000000e+00 1.600000000000000089e+00 -3.209999999999999963e-04 2.330000000000000040e-03 9.999970000000000248e-01 -9.537299999999999944e-02 9.954389999999999628e-01 -2.350000000000000092e-03 -9.954420000000000490e-01 -9.537400000000000044e-02 -9.799999999999999684e-05
8.000000000000000000e+00 2.100000000000000000e+01 6.000000000000000000e+01 0.000000000000000000e+00 1.600000000000000089e+00 7.929999999999999766e-04 5.067000000000000323e-03 9.999869999999999592e-01 -9.461799999999999378e-02 9.955009999999999692e-01 -4.969000000000000326e-03 -9.955129999999999812e-01 -9.461300000000000265e-02 1.268999999999999946e-03
2.000000000000000000e+01 2.100000000000000000e+01 6.000000000000000000e+01 0.000000000000000000e+00 1.600000000000000089e+00 -9.899999999999999404e-05 5.383999999999999897e-03 9.999860000000000415e-01 -9.533200000000000007e-02 9.954309999999999548e-01 -5.368999999999999641e-03 -9.954450000000000243e-01 -9.533099999999999907e-02 4.139999999999999800e-04
2.400000000000000000e+01 2.100000000000000000e+01 6.000000000000000000e+01 0.000000000000000000e+00 1.600000000000000089e+00 6.949999999999999798e-04 5.361000000000000314e-03 9.999850000000000128e-01 -9.733500000000000485e-02 9.952379999999999560e-01 -5.268000000000000113e-03 -9.952509999999999968e-01 -9.732999999999999985e-02 1.213000000000000102e-03
2.900000000000000000e+01 2.100000000000000000e+01 6.000000000000000000e+01 0.000000000000000000e+00 1.600000000000000089e+00 -1.737999999999999962e-03 -5.223000000000000212e-03 9.999850000000000128e-01 -9.626700000000000534e-02 9.953429999999999778e-01 5.032000000000000015e-03 -9.953539999999999610e-01 -9.625699999999999534e-02 -2.233000000000000176e-03
