5.000000000000000000e+00 1.500000000000000000e+01 4.000000000000000000e+00 0.000000000000000000e+00 1.600000000000000089e+00 -1.877999999999999895e-03 6.535000000000000010e-03 9.999770000000000048e-01 2.740909999999999735e-01 -9.616799999999999793e-01 6.799999999999999621e-03 9.617019999999999458e-01 2.740969999999999795e-01 1.500000000000000038e-05
2.500000000000000000e+01 1.500000000000000000e+01 4.000000000000000000e+00 0.000000000000000000e+00 1.600000000000000089e+00 2.024999999999999890e-03 8.316999999999999740e-03 9.999630000000000463e-01 2.879900000000000237e-01 -9.576050000000000395e-01 7.381999999999999673e-03 9.576310000000000100e-01 2.879650000000000265e-01 -4.334000000000000179e-03
1.600000000000000000e+01 1.600000000000000000e+01 4.000000000000000000e+00 0.000000000000000000e+00 1.600000000000000089e+00 7.301000000000000198e-03 -1.187299999999999987e-02 9.999029999999999863e-01 3.410020000000000273e-01 -9.399640000000000217e-01 -1.365099999999999994e-02 9.400340000000000362e-01 3.410679999999999823e-01 -2.814000000000000095e-03
1.400000000000000000e+01 1.010000000000000000e+02 7.000000000000000000e+00 0.000000000000000000e+00 1.600000000000000089e+00 9.240000000000000166e-04 -1.286000000000000034e-03 9.999989999999999712e-01 8.838780000000000525e-01 4.677180000000000226e-01 -2.149999999999999947e-04 -4.677180000000000226e-01 8.838770000000000238e-01 1.569000000000000082e-03
2.600000000000000000e+01 1.010000000000000000e+02 7.000000000000000000e+00 0.000000000000000000e+00 1.600000000000000089e+00 -1.190000000000000085e-03 -1.128599999999999916e-02 9.999360000000000470e-01 8.863659999999999872e-01 4.629429999999999934e-01 6.279999999999999992e-03 -4.629840000000000066e-01 8.863159999999999927e-01 9.452999999999999597e-03
4.000000000000000000e+00 1.500000000000000000e+01 8.000000000000000000e+00 0.000000000000000000e+00 1.600000000000000089e+00 1.654000000000000088e-03 5.969999999999999613e-03 -9.999810000000000088e-01 -5.791380000000000416e-01 -8.152080000000000437e-01 -5.825000000000000316e-03 -8.152279999999999527e-01 5.791370000000000129e-01 2.109000000000000197e-03
8.000000000000000000e+00 1.500000000000000000e+01 8.000000000000000000e+00 0.000000000000000000e+00 1.600000000000000089e+00 9.709999999999999664e-04 -4.967000000000000061e-03 -9.999869999999999592e-01 -5.776780000000000248e-01 -8.162570000000000103e-01 3.494000000000000144e-03 -8.162639999999999896e-01 5.776670000000000416e-01 -3.661999999999999891e-03
1.100000000000000000e+01 1.500000000000000000e+01 8.000000000000000000e+00 0.000000000000000000e+00 1.600000000000000089e+00 -2.981000000000000143e-03 -9.983999999999999819e-03 -9.999460000000000015e-01 -5.779680000000000373e-01 -8.159999999999999476e-01 9.870999999999999566e-03 -8.160539999999999461e-01 5.779659999999999798e-01 -3.337999999999999821e-03
1.600000000000000000e+01 1.500000000000000000e+01 8.000000000000000000e+00 0.000000000000000000e+00 1.600000000000000089e+00 -8.214000000000000815e-03 -1.331700000000000071e-02 -9.998780000000000445e-01 -5.828100000000000502e-01 -8.124580000000000135e-01 1.560899999999999961e-02 -8.125670000000000393e-01 5.828670000000000240e-01 -1.087999999999999991e-03
2.200000000000000000e+01 1.500000000000000000e+01 8.000000000000000000e+00 0.000000000000000000e+00 1.600000000000000089e+00 -2.164999999999999824e-03 2.130000000000000003e-04 -9.999980000000000535e-01 -5.852199999999999624e-01 -8.108739999999999837e-01 1.093999999999999920e-03 -8.108720000000000372e-01 5.852209999999999912e-01 1.881000000000000076e-03
2.700000000000000000e+01 1.500000000000000000e+01 8.000000000000000000e+00 0.000000000000000000e+00 1.600000000000000089e+00 4.550000000000000008e-04 3.360999999999999838e-03 -9.999940000000000495e-01 -5.841809999999999503e-01 -8.116179999999999506e-01 -2.993000000000000001e-03 -8.116229999999999833e-01 5.841790000000000038e-01 1.593999999999999931e-03
8.000000000000000000e+00 2.600000000000000000e+01 8.000000000000000000e+00 0.000000000000000000e+00 1.600000000000000089e+00 5.140000000000000254e-04 6.239999999999999887e-04 -1.000000000000000000e+00 4.106119999999999770e-01 9.118100000000000094e-01 7.799999999999999859e-04 9.118100000000000094e-01 -4.106119999999999770e-01 2.130000000000000003e-04
1.500000000000000000e+01 2.600000000000000000e+01 8.000000000000000000e+00 0.000000000000000000e+00 1.600000000000000089e+00 5.846999999999999767e-03 1.150699999999999987e-02 -9.999169999999999447e-01 4.085449999999999915e-01 9.126469999999999860e-01 1.289200000000000068e-02 9.127189999999999470e-01 -4.085860000000000047e-01 6.350000000000000392e-04
2.000000000000000000e+01 2.600000000000000000e+01 8.000000000000000000e+00 0.000000000000000000e+00 1.600000000000000089e+00 3.959999999999999978e-03 8.229000000000000203e-03 -9.999580000000000135e-01 4.068240000000000189e-01 9.134609999999999674e-01 9.128999999999999962e-03 9.134980000000000322e-01 -4.068430000000000102e-01 2.689999999999999791e-04
2.500000000000000000e+01 2.600000000000000000e+01 8.000000000000000000e+00 0.000000000000000000e+00 1.600000000000000089e+00 1.484000000000000076e-03 5.832000000000000378e-03 -9.999820000000000375e-01 4.046420000000000017e-01 9.144560000000000466e-01 5.934000000000000039e-03 9.144740000000000091e-01 -4.046429999999999749e-01 -1.002999999999999985e-03
2.900000000000000000e+01 2.600000000000000000e+01 8.000000000000000000e+00 0.000000000000000000e+00 1.600000000000000089e+00 1.121000000000000035e-03 8.899999999999999491e-04 -9.999989999999999712e-01 4.042279999999999762e-01 9.146570000000000533e-01 1.266999999999999897e-03 9.146570000000000533e-01 -4.042290000000000050e-01 6.660000000000000338e-04
5.000000000000000000e+00 2.400000000000000000e+01 9.000000000000000000e+00 0.000000000000000000e+00 1.600000000000000089e+00 -4.859999999999999954e-04 -3.818000000000000213e-03 -9.999930000000000208e-01 4.622339999999999782e-01 8.867509999999999559e-01 -3.609999999999999928e-03 8.867580000000000462e-01 -4.622319999999999762e-01 1.333999999999999899e-03
8.000000000000000000e+00 2.400000000000000000e+01 9.000000000000000000e+00 0.000000000000000000e+00 1.600000000000000089e+00 5.159999999999999656e-04 2.005999999999999971e-03 -9.999980000000000535e-01 4.626730000000000009e-01 8.865269999999999539e-01 2.017000000000000130e-03 8.865290000000000115e-01 -4.626730000000000009e-01 -4.710000000000000102e-04
1.400000000000000000e+01 2.400000000000000000e+01 9.000000000000000000e+00 0.000000000000000000e+00 1.600000000000000089e+00 5.692000000000000011e-03 9.405999999999999431e-03 -9.999400000000000510e-01 4.599739999999999940e-01 8.878639999999999866e-01 1.097000000000000058e-02 8.879139999999999810e-01 -4.600090000000000012e-01 7.269999999999999987e-04
8.000000000000000000e+00 1.040000000000000000e+02 1.100000000000000000e+01 0.000000000000000000e+00 1.600000000000000089e+00 2.700000000000000035e-04 -4.026000000000000065e-03 9.999919999999999920e-01 -9.725530000000000008e-01 -2.326799999999999979e-01 -6.740000000000000114e-04 2.326809999999999989e-01 -9.725449999999999928e-01 -3.977999999999999765e-03
1.600000000000000000e+01 1.040000000000000000e+02 1.100000000000000000e+01 0.000000000000000000e+00 1.600000000000000089e+00 -2.190000000000000106e-03 4.527999999999999907e-03 9.999869999999999592e-01 -9.737930000000000197e-01 -2.274349999999999983e-01 -1.103000000000000031e-03 2.274269999999999903e-01 -9.737829999999999542e-01 4.908000000000000036e-03
5.000000000000000000e+00 3.100000000000000000e+01 1.200000000000000000e+01 0.000000000000000000e+00 1.600000000000000089e+00 1.240000000000000054e-04 3.314000000000000105e-03 9.999940000000000495e-01 -1.175000000000000046e-03 9.999940000000000495e-01 -3.312999999999999973e-03 -9.999989999999999712e-01 -1.173999999999999913e-03 1.279999999999999942e-04
1.200000000000000000e+01 3.100000000000000000e+01 1.200000000000000000e+01 0.000000000000000000e+00 1.600000000000000089e+00 -8.300000000000000086e-04 5.021000000000000289e-03 9.999869999999999592e-01 4.572999999999999808e-03 9.999770000000000048e-01 -5.017999999999999891e-03 -9.999890000000000168e-01 4.569000000000000145e-03 -8.530000000000000256e-04
1.900000000000000000e+01 3.100000000000000000e+01 1.200000000000000000e+01 0.000000000000000000e+00 1.600000000000000089e+00 4.350000000000000026e-04 6.000000000000000152e-05 1.000000000000000000e+00 7.296000000000000402e-03 9.999730000000000008e-01 -6.299999999999999990e-05 -9.999730000000000008e-01 7.296000000000000402e-03 4.339999999999999782e-04
2.400000000000000000e+01 3.100000000000000000e+01 1.200000000000000000e+01 0.000000000000000000e+00 1.600000000000000089e+00 2.103999999999999967e-03 2.350000000000000092e-03 9.999949999999999672e-01 9.258999999999999869e-03 9.999540000000000095e-01 -2.370000000000000145e-03 -9.999550000000000383e-01 9.263999999999999665e-03 2.082000000000000083e-03
6.000000000000000000e+00 1.200000000000000000e+01 1.500000000000000000e+01 0.000000000000000000e+00 1.600000000000000089e+00 1.384999999999999946e-03 3.909000000000000148e-03 -9.999909999999999632e-01 -4.736489999999999867e-01 -8.807040000000000424e-01 -4.099000000000000213e-03 -8.807129999999999681e-01 4.736500000000000155e-01 6.310000000000000504e-04
1.100000000000000000e+01 1.200000000000000000e+01 1.500000000000000000e+01 0.000000000000000000e+00 1.600000000000000089e+00 -2.227999999999999946e-03 -3.246000000000000187e-03 -9.999919999999999920e-01 -4.713430000000000120e-01 -8.819409999999999750e-01 3.912999999999999812e-03 -8.819470000000000365e-01 4.713479999999999892e-01 4.350000000000000026e-04
1.500000000000000000e+01 1.200000000000000000e+01 1.500000000000000000e+01 0.000000000000000000e+00 1.600000000000000089e+00 -5.890000000000000270e-03 -3.017000000000000150e-03 -9.999780000000000335e-01 -4.691270000000000162e-01 -8.831139999999999546e-01 5.427000000000000400e-03 -8.831109999999999793e-01 4.691489999999999827e-01 3.785999999999999869e-03
2.200000000000000000e+01 1.200000000000000000e+01 1.500000000000000000e+01 0.000000000000000000e+00 1.600000000000000089e+00 -1.680000000000000070e-03 -7.276999999999999615e-03 -9.999719999999999720e-01 -4.698260000000000214e-01 -8.827300000000000146e-01 7.212999999999999794e-03 -8.827580000000000426e-01 4.698240000000000194e-01 -1.936000000000000004e-03
2.800000000000000000e+01 1.160000000000000000e+02 1.600000000000000000e+01 0.000000000000000000e+00 1.600000000000000089e+00 8.779999999999999827e-04 -1.959999999999999937e-04 1.000000000000000000e+00 6.869439999999999991e-01 7.267099999999999671e-01 -4.609999999999999840e-04 -7.267099999999999671e-01 6.869439999999999991e-01 7.730000000000000326e-04
3.000000000000000000e+00 2.000000000000000000e+00 1.900000000000000000e+01 0.000000000000000000e+00 1.600000000000000089e+00 3.125000000000000173e-03 -2.400000000000000061e-04 -9.999949999999999672e-01 1.651980000000000115e-01 -9.862600000000000255e-01 7.529999999999999801e-04 -9.862549999999999928e-01 -1.652000000000000135e-01 -3.041999999999999999e-03
6.000000000000000000e+00 2.000000000000000000e+00 1.900000000000000000e+01 0.000000000000000000e+00 1.600000000000000089e+00 2.784000000000000016e-03 -1.413999999999999892e-03 -9.999949999999999672e-01 1.644049999999999956e-01 -9.863910000000000178e-01 1.853000000000000046e-03 -9.863889999999999603e-01 -1.644100000000000006e-01 -2.514000000000000175e-03
8.000000000000000000e+00 2.000000000000000000e+00 1.900000000000000000e+01 0.000000000000000000e+00 1.600000000000000089e+00 1.211999999999999970e-03 -1.095000000000000053e-03 -9.999989999999999712e-01 1.652480000000000060e-01 -9.862509999999999888e-01 1.280000000000000105e-03 -9.862509999999999888e-01 -1.652490000000000070e-01 -1.013999999999999927e-03
1.200000000000000000e+01 2.000000000000000000e+00 1.900000000000000000e+01 0.000000000000000000e+00 1.600000000000000089e+00 -1.863999999999999988e-03 -3.559000000000000098e-03 -9.999919999999999920e-01 1.695160000000000000e-01 -9.855220000000000091e-01 3.191999999999999959e-03 -9.855260000000000131e-01 -1.695089999999999930e-01 2.439999999999999895e-03
2.600000000000000000e+01 2.000000000000000000e+00 1.900000000000000000e+01 0.000000000000000000e+00 1.600000000000000089e+00 1.085000000000000027e-03 2.331000000000000173e-03 -9.999970000000000248e-01 1.832650000000000112e-01 -9.830609999999999626e-01 -2.092999999999999809e-03 -9.830630000000000202e-01 -1.832620000000000082e-01 -1.494000000000000102e-03
2.000000000000000000e+00 4.000000000000000000e+00 2.000000000000000000e+01 0.000000000000000000e+00 1.600000000000000089e+00 2.726999999999999823e-03 1.536999999999999955e-03 -9.999949999999999672e-01 2.547679999999999945e-01 -9.670020000000000282e-01 -7.919999999999999523e-04 -9.669980000000000242e-01 -2.547639999999999905e-01 -3.027999999999999876e-03
7.000000000000000000e+00 4.000000000000000000e+00 2.000000000000000000e+01 0.000000000000000000e+00 1.600000000000000089e+00 2.706000000000000072e-03 1.755999999999999965e-03 -9.999949999999999672e-01 2.565999999999999948e-01 -9.665169999999999595e-01 -1.002999999999999985e-03 -9.665139999999999842e-01 -2.565959999999999908e-01 -3.066000000000000149e-03
1.400000000000000000e+01 4.000000000000000000e+00 2.000000000000000000e+01 0.000000000000000000e+00 1.600000000000000089e+00 1.126999999999999964e-03 -9.272999999999999993e-03 -9.999559999999999560e-01 2.678579999999999850e-01 -9.634139999999999926e-01 9.235999999999999419e-03 -9.634580000000000366e-01 -2.678570000000000118e-01 1.397999999999999937e-03
2.100000000000000000e+01 4.000000000000000000e+00 2.000000000000000000e+01 0.000000000000000000e+00 1.600000000000000089e+00 2.050999999999999872e-03 3.105999999999999820e-03 -9.999930000000000208e-01 2.744079999999999853e-01 -9.616099999999999648e-01 -2.423999999999999939e-03 -9.616109999999999935e-01 -2.744010000000000060e-01 -2.824000000000000121e-03
5.000000000000000000e+00 1.300000000000000000e+01 2.000000000000000000e+01 0.000000000000000000e+00 1.600000000000000089e+00 4.159999999999999744e-04 7.290000000000000473e-04 1.000000000000000000e+00 2.556339999999999724e-01 9.667729999999999935e-01 -8.109999999999999805e-04 -9.667740000000000222e-01 2.556339999999999724e-01 2.159999999999999919e-04
1.300000000000000000e+01 1.300000000000000000e+01 2.000000000000000000e+01 0.000000000000000000e+00 1.600000000000000089e+00 -1.019999999999999992e-04 8.307999999999999413e-03 9.999649999999999928e-01 2.590290000000000092e-01 9.658360000000000278e-01 -7.997999999999999901e-03 -9.658689999999999776e-01 2.590199999999999725e-01 -2.249999999999999830e-03
1.900000000000000000e+01 1.300000000000000000e+01 2.000000000000000000e+01 0.000000000000000000e+00 1.600000000000000089e+00 -1.730000000000000038e-04 3.373999999999999829e-03 9.999940000000000495e-01 2.597479999999999789e-01 9.656709999999999461e-01 -3.213000000000000144e-03 -9.656759999999999788e-01 2.597459999999999769e-01 -1.044000000000000006e-03
2.200000000000000000e+01 1.300000000000000000e+01 2.000000000000000000e+01 0.000000000000000000e+00 1.600000000000000089e+00 3.099999999999999999e-04 -4.230000000000000253e-03 9.999909999999999632e-01 2.598030000000000062e-01 9.656529999999999836e-01 4.003999999999999747e-03 -9.656620000000000203e-01 2.597990000000000022e-01 1.397999999999999937e-03
5.000000000000000000e+00 1.600000000000000000e+01 2.100000000000000000e+01 0.000000000000000000e+00 1.600000000000000089e+00 -5.099999999999999960e-05 2.455000000000000151e-03 9.999970000000000248e-01 2.971820000000000017e-01 9.548179999999999445e-01 -2.328999999999999907e-03 -9.548210000000000308e-01 2.971809999999999730e-01 -7.789999999999999616e-04
1.400000000000000000e+01 1.600000000000000000e+01 2.100000000000000000e+01 0.000000000000000000e+00 1.600000000000000089e+00 4.009999999999999893e-04 9.405000000000000165e-03 9.999559999999999560e-01 2.982739999999999836e-01 9.544369999999999798e-01 -9.095999999999999919e-03 -9.544799999999999951e-01 2.982650000000000023e-01 -2.422999999999999807e-03
1.900000000000000000e+01 1.600000000000000000e+01 2.100000000000000000e+01 0.000000000000000000e+00 1.600000000000000089e+00 1.420000000000000092e-04 4.373000000000000151e-03 9.999900000000000455e-01 2.991530000000000022e-01 9.541960000000000441e-01 -4.214999999999999997e-03 -9.542049999999999699e-01 2.991510000000000002e-01 -1.172999999999999998e-03
2.800000000000000000e+01 1.600000000000000000e+01 2.100000000000000000e+01 0.000000000000000000e+00 1.600000000000000089e+00 -1.049999999999999935e-03 -3.131000000000000102e-03 9.999949999999999672e-01 2.984359999999999791e-01 9.544240000000000501e-01 3.301999999999999814e-03 -9.544289999999999718e-01 2.984379999999999811e-01 -6.700000000000000226e-05
1.700000000000000000e+01 4.600000000000000000e+01 2.700000000000000000e+01 0.000000000000000000e+00 1.600000000000000089e+00 3.937000000000000395e-03 1.786000000000000044e-03 -9.999909999999999632e-01 6.768579999999999597e-01 7.361020000000000341e-01 3.980000000000000031e-03 7.361029999999999518e-01 -6.768680000000000252e-01 1.688999999999999963e-03
3.000000000000000000e+00 5.800000000000000000e+01 3.100000000000000000e+01 0.000000000000000000e+00 1.600000000000000089e+00 -2.432999999999999833e-03 1.355000000000000085e-03 9.999959999999999960e-01 -7.903869999999999507e-01 -6.126070000000000126e-01 -1.093000000000000005e-03 6.126030000000000086e-01 -7.903860000000000330e-01 2.562000000000000041e-03
7.000000000000000000e+00 5.800000000000000000e+01 3.100000000000000000e+01 0.000000000000000000e+00 1.600000000000000089e+00 2.190000000000000106e-04 -2.154999999999999798e-03 9.999980000000000535e-01 -7.925750000000000295e-01 -6.097730000000000095e-01 -1.139999999999999954e-03 6.097740000000000382e-01 -7.925729999999999720e-01 -1.840999999999999972e-03
1.100000000000000000e+01 5.800000000000000000e+01 3.100000000000000000e+01 0.000000000000000000e+00 1.600000000000000089e+00 -6.170000000000000354e-04 2.137000000000000011e-03 9.999970000000000248e-01 -7.961650000000000116e-01 -6.050790000000000335e-01 8.009999999999999542e-04 6.050790000000000335e-01 -7.961629999999999541e-01 2.075000000000000022e-03
1.500000000000000000e+01 5.800000000000000000e+01 3.100000000000000000e+01 0.000000000000000000e+00 1.600000000000000089e+00 -5.000000000000000240e-05 1.064999999999999974e-03 9.999989999999999712e-01 -7.988929999999999643e-01 -6.014730000000000354e-01 6.009999999999999717e-04 6.014730000000000354e-01 -7.988920000000000465e-01 8.800000000000000313e-04
2.300000000000000000e+01 5.800000000000000000e+01 3.100000000000000000e+01 0.000000000000000000e+00 1.600000000000000089e+00 1.779999999999999898e-04 3.928000000000000068e-03 9.999919999999999920e-01 -8.018880000000000452e-01 -5.974690000000000278e-01 2.490000000000000026e-03 5.974749999999999783e-01 -8.018819999999999837e-01 3.043999999999999831e-03
2.600000000000000000e+01 5.800000000000000000e+01 3.100000000000000000e+01 0.000000000000000000e+00 1.600000000000000089e+00 2.827000000000000086e-03 3.459999999999999968e-03 9.999900000000000455e-01 -8.011169999999999680e-01 -5.984920000000000240e-01 4.335999999999999577e-03 5.985009999999999497e-01 -8.011209999999999720e-01 1.080000000000000014e-03
9.000000000000000000e+00 6.000000000000000000e+00 3.200000000000000000e+01 0.000000000000000000e+00 1.600000000000000089e+00 1.721000000000000090e-03 5.630999999999999721e-03 -9.999829999999999552e-01 1.816309999999999869e-01 9.833490000000000286e-01 5.850000000000000165e-03 9.833650000000000446e-01 -1.816379999999999939e-01 6.700000000000000226e-04
1.400000000000000000e+01 6.000000000000000000e+00 3.200000000000000000e+01 0.000000000000000000e+00 1.600000000000000089e+00 1.186999999999999904e-03 -1.253999999999999906e-03 -9.999989999999999712e-01 1.723870000000000124e-01 9.850290000000000434e-01 -1.031000000000000015e-03 9.850290000000000434e-01 -1.723860000000000114e-01 1.386000000000000079e-03
2.000000000000000000e+00 2.200000000000000000e+01 3.400000000000000000e+01 0.000000000000000000e+00 1.600000000000000089e+00 1.864999999999999904e-03 -2.959999999999999849e-04 9.999980000000000535e-01 3.787710000000000243e-01 -9.254900000000000349e-01 -9.799999999999999684e-04 9.254890000000000061e-01 3.787719999999999976e-01 -1.613999999999999983e-03
2.000000000000000000e+00 4.300000000000000000e+01 3.400000000000000000e+01 0.000000000000000000e+00 1.600000000000000089e+00 1.763000000000000027e-03 -4.877000000000000259e-03 -9.999869999999999592e-01 -3.312640000000000029e-01 9.435240000000000293e-01 -5.185999999999999638e-03 9.435360000000000413e-01 3.312689999999999801e-01 4.800000000000000122e-05
4.000000000000000000e+00 4.600000000000000000e+01 3.500000000000000000e+01 0.000000000000000000e+00 1.600000000000000089e+00 -1.547999999999999897e-03 2.649999999999999903e-04 -9.999989999999999712e-01 3.882109999999999728e-01 -9.215700000000000003e-01 -8.450000000000000479e-04 -9.215689999999999715e-01 -3.882120000000000015e-01 1.322999999999999957e-03
8.000000000000000000e+00 4.600000000000000000e+01 3.500000000000000000e+01 0.000000000000000000e+00 1.600000000000000089e+00 1.136000000000000074e-03 -3.393999999999999882e-03 -9.999940000000000495e-01 3.883610000000000118e-01 -9.215010000000000145e-01 3.569000000000000124e-03 -9.215069999999999650e-01 -3.883619999999999850e-01 2.709999999999999735e-04
1.200000000000000000e+01 4.600000000000000000e+01 3.500000000000000000e+01 0.000000000000000000e+00 1.600000000000000089e+00 -3.040000000000000167e-04 -1.529999999999999893e-03 -9.999989999999999712e-01 3.880830000000000113e-01 -9.216239999999999988e-01 1.293000000000000095e-03 -9.216239999999999988e-01 -3.880819999999999825e-01 8.739999999999999939e-04
1.500000000000000000e+01 4.600000000000000000e+01 3.500000000000000000e+01 0.000000000000000000e+00 1.600000000000000089e+00 -7.690000000000000438e-04 -3.420999999999999996e-03 -9.999940000000000495e-01 3.881009999999999738e-01 -9.216130000000000155e-01 2.854000000000000200e-03 -9.216170000000000195e-01 -3.880959999999999965e-01 2.037000000000000182e-03
2.000000000000000000e+01 4.600000000000000000e+01 3.500000000000000000e+01 0.000000000000000000e+00 1.600000000000000089e+00 6.160000000000000111e-04 -6.430000000000000169e-04 -1.000000000000000000e+00 3.863739999999999952e-01 -9.223419999999999952e-01 8.310000000000000329e-04 -9.223419999999999952e-01 -3.863739999999999952e-01 -3.200000000000000262e-04
2.300000000000000000e+01 4.600000000000000000e+01 3.500000000000000000e+01 0.000000000000000000e+00 1.600000000000000089e+00 5.230000000000000274e-04 3.347000000000000149e-03 -9.999940000000000495e-01 3.862650000000000250e-01 -9.223829999999999529e-01 -2.884999999999999978e-03 -9.223879999999999857e-01 -3.862610000000000210e-01 -1.776000000000000018e-03
2.700000000000000000e+01 4.600000000000000000e+01 3.500000000000000000e+01 0.000000000000000000e+00 1.600000000000000089e+00 1.203000000000000076e-03 3.514999999999999895e-03 -9.999930000000000208e-01 3.856640000000000068e-01 -9.226349999999999829e-01 -2.778999999999999786e-03 -9.226389999999999869e-01 -3.856580000000000008e-01 -2.465999999999999876e-03
9.000000000000000000e+00 9.500000000000000000e+01 3.600000000000000000e+01 0.000000000000000000e+00 1.600000000000000089e+00 4.380000000000000213e-03 -1.427100000000000070e-02 9.998890000000000278e-01 9.967719999999999914e-01 8.022100000000000064e-02 -3.220999999999999905e-03 -8.016700000000000215e-02 9.966749999999999776e-01 1.457600000000000041e-02
1.700000000000000000e+01 9.500000000000000000e+01 3.600000000000000000e+01 0.000000000000000000e+00 1.600000000000000089e+00 2.213999999999999822e-03 -5.080999999999999579e-03 9.999850000000000128e-01 9.965699999999999559e-01 8.273500000000000298e-02 -1.786000000000000044e-03 -8.272400000000000586e-02 9.965589999999999726e-01 5.246999999999999928e-03
4.000000000000000000e+00 2.900000000000000000e+01 4.400000000000000000e+01 0.000000000000000000e+00 1.600000000000000089e+00 1.652999999999999955e-03 2.949999999999999931e-03 -9.999940000000000495e-01 6.720679999999999987e-01 7.404819999999999736e-01 3.295000000000000186e-03 7.404870000000000063e-01 -6.720699999999999452e-01 -7.579999999999999932e-04
8.000000000000000000e+00 2.900000000000000000e+01 4.400000000000000000e+01 0.000000000000000000e+00 1.600000000000000089e+00 -8.610000000000000032e-04 9.600000000000000243e-04 -9.999989999999999712e-01 6.757849999999999691e-01 7.370989999999999487e-01 1.250000000000000026e-04 7.370980000000000310e-01 -6.757840000000000513e-01 -1.283000000000000069e-03
1.100000000000000000e+01 2.900000000000000000e+01 4.400000000000000000e+01 0.000000000000000000e+00 1.600000000000000089e+00 -1.691000000000000012e-03 7.230000000000000098e-04 -9.999980000000000535e-01 6.840720000000000134e-01 7.294140000000000068e-01 -6.290000000000000018e-04 7.294119999999999493e-01 -6.840720000000000134e-01 -1.727999999999999935e-03
1.500000000000000000e+01 2.900000000000000000e+01 4.400000000000000000e+01 0.000000000000000000e+00 1.600000000000000089e+00 -5.800000000000000034e-05 -4.185999999999999617e-03 -9.999909999999999632e-01 6.882200000000000539e-01 7.254950000000000010e-01 -3.076999999999999874e-03 7.255019999999999802e-01 -6.882139999999999924e-01 2.838999999999999944e-03
2.100000000000000000e+01 2.900000000000000000e+01 4.400000000000000000e+01 0.000000000000000000e+00 1.600000000000000089e+00 1.876999999999999979e-03 -7.370999999999999948e-03 -9.999710000000000543e-01 6.824829999999999508e-01 7.308900000000000396e-01 -4.107000000000000407e-03 7.308989999999999654e-01 -6.824559999999999516e-01 6.401999999999999705e-03
2.800000000000000000e+01 5.400000000000000000e+01 4.600000000000000000e+01 0.000000000000000000e+00 1.600000000000000089e+00 1.544999999999999932e-03 9.487999999999999906e-03 9.999540000000000095e-01 3.436009999999999898e-01 -9.390779999999999683e-01 8.378999999999999296e-03 9.391140000000000043e-01 3.435719999999999885e-01 -4.710999999999999910e-03
1.100000000000000000e+01 6.500000000000000000e+01 4.600000000000000000e+01 0.000000000000000000e+00 1.600000000000000089e+00 2.259999999999999910e-04 -1.247000000000000062e-03 9.999989999999999712e-01 6.825160000000000116e-01 -7.308700000000000196e-01 -1.064999999999999974e-03 7.308700000000000196e-01 6.825160000000000116e-01 6.859999999999999779e-04
1.700000000000000000e+01 6.500000000000000000e+01 4.600000000000000000e+01 0.000000000000000000e+00 1.600000000000000089e+00 -1.500000000000000038e-05 5.450000000000000200e-04 1.000000000000000000e+00 6.818109999999999449e-01 -7.315279999999999561e-01 4.090000000000000211e-04 7.315279999999999561e-01 6.818109999999999449e-01 -3.600000000000000227e-04
5.000000000000000000e+00 7.000000000000000000e+01 4.700000000000000000e+01 0.000000000000000000e+00 1.600000000000000089e+00 -7.849999999999999990e-04 -4.400000000000000157e-04 -1.000000000000000000e+00 -8.371880000000000432e-01 -5.469150000000000400e-01 8.970000000000000109e-04 -5.469150000000000400e-01 8.371880000000000432e-01 6.099999999999999872e-05
7.000000000000000000e+00 5.000000000000000000e+00 5.100000000000000000e+01 0.000000000000000000e+00 1.600000000000000089e+00 -1.129000000000000012e-03 2.109000000000000197e-03 -9.999970000000000248e-01 4.799610000000000265e-01 -8.772870000000000390e-01 -2.392000000000000029e-03 -8.772889999999999855e-01 -4.799619999999999997e-01 -2.199999999999999943e-05
1.000000000000000000e+01 5.000000000000000000e+00 5.100000000000000000e+01 0.000000000000000000e+00 1.600000000000000089e+00 1.144000000000000052e-03 -9.690000000000000262e-04 -9.999989999999999712e-01 4.818000000000000060e-01 -8.762799999999999478e-01 1.399999999999999986e-03 -8.762799999999999478e-01 -4.818009999999999793e-01 -5.349999999999999938e-04
1.700000000000000000e+01 5.000000000000000000e+00 5.100000000000000000e+01 0.000000000000000000e+00 1.600000000000000089e+00 -2.400999999999999922e-03 3.233000000000000197e-03 -9.999919999999999920e-01 4.866170000000000218e-01 -8.736059999999999937e-01 -3.991999999999999889e-03 -8.736120000000000552e-01 -4.866219999999999990e-01 5.240000000000000517e-04
7.000000000000000000e+00 7.000000000000000000e+00 5.200000000000000000e+01 0.000000000000000000e+00 1.600000000000000089e+00 -1.467999999999999904e-03 2.454000000000000018e-03 -9.999959999999999960e-01 7.096900000000000430e-02 -9.974750000000000005e-01 -2.552000000000000015e-03 -9.974769999999999470e-01 -7.097299999999999442e-02 1.291000000000000047e-03
3.000000000000000000e+00 6.300000000000000000e+01 5.400000000000000000e+01 0.000000000000000000e+00 1.600000000000000089e+00 1.025000000000000086e-03 2.601000000000000013e-03 9.999959999999999960e-01 -3.532989999999999742e-01 9.355080000000000062e-01 -2.070999999999999924e-03 -9.355099999999999527e-01 -3.532959999999999989e-01 1.877999999999999895e-03
6.000000000000000000e+00 6.300000000000000000e+01 5.400000000000000000e+01 0.000000000000000000e+00 1.600000000000000089e+00 -1.611000000000000019e-03 2.799999999999999958e-05 9.999989999999999712e-01 -3.515499999999999736e-01 9.361690000000000289e-01 -5.929999999999999941e-04 -9.361680000000000001e-01 -3.515499999999999736e-01 -1.497999999999999983e-03
1.100000000000000000e+01 6.300000000000000000e+01 5.400000000000000000e+01 0.000000000000000000e+00 1.600000000000000089e+00 4.510000000000000120e-04 -3.359999999999999814e-04 1.000000000000000000e+00 -3.510920000000000152e-01 9.363409999999999789e-01 4.730000000000000046e-04 -9.363409999999999789e-01 -3.510920000000000152e-01 3.049999999999999868e-04
1.500000000000000000e+01 6.300000000000000000e+01 5.400000000000000000e+01 0.000000000000000000e+00 1.600000000000000089e+00 8.799999999999999771e-05 1.299999999999999886e-04 1.000000000000000000e+00 -3.493439999999999879e-01 9.369939999999999936e-01 -9.100000000000000287e-05 -9.369939999999999936e-01 -3.493439999999999879e-01 1.279999999999999942e-04
1.900000000000000000e+01 6.300000000000000000e+01 5.400000000000000000e+01 0.000000000000000000e+00 1.600000000000000089e+00 -4.989999999999999861e-04 7.690000000000000438e-04 1.000000000000000000e+00 -3.494030000000000191e-01 9.369720000000000271e-01 -8.949999999999999623e-04 -9.369720000000000271e-01 -3.494039999999999924e-01 -1.990000000000000124e-04
2.500000000000000000e+01 6.300000000000000000e+01 5.400000000000000000e+01 0.000000000000000000e+00 1.600000000000000089e+00 -6.170000000000000354e-04 -1.407999999999999963e-03 9.999989999999999712e-01 -3.532009999999999872e-01 9.355470000000000175e-01 1.098999999999999934e-03 -9.355470000000000175e-01 -3.532000000000000139e-01 -1.074000000000000085e-03
2.900000000000000000e+01 6.300000000000000000e+01 5.400000000000000000e+01 0.000000000000000000e+00 1.600000000000000089e+00 1.845000000000000069e-03 1.020000000000000073e-03 9.999980000000000535e-01 -3.508620000000000072e-01 9.364270000000000094e-01 -3.080000000000000055e-04 -9.364249999999999519e-01 -3.508609999999999784e-01 2.085000000000000048e-03
1.100000000000000000e+01 2.500000000000000000e+01 5.500000000000000000e+01 0.000000000000000000e+00 1.600000000000000089e+00 -1.479999999999999925e-04 5.730999999999999983e-03 -9.999839999999999840e-01 -1.229899999999999917e-02 -9.999080000000000190e-01 -5.728999999999999718e-03 -9.999240000000000350e-01 1.229799999999999990e-02 2.190000000000000106e-04
2.400000000000000000e+01 2.500000000000000000e+01 5.500000000000000000e+01 0.000000000000000000e+00 1.600000000000000089e+00 -2.049999999999999956e-04 -1.113000000000000057e-03 -9.999989999999999712e-01 -1.045199999999999949e-02 -9.999449999999999728e-01 1.115000000000000106e-03 -9.999449999999999728e-01 1.045199999999999949e-02 1.930000000000000021e-04
1.500000000000000000e+01 6.800000000000000000e+01 5.700000000000000000e+01 0.000000000000000000e+00 1.600000000000000089e+00 2.400000000000000061e-04 -2.203999999999999796e-03 -9.999980000000000535e-01 -2.444590000000000096e-01 -9.696569999999999911e-01 2.077999999999999986e-03 -9.696599999999999664e-01 2.444580000000000086e-01 -7.709999999999999840e-04
1.400000000000000000e+01 2.100000000000000000e+01 6.000000000000000000e+01 0.000000000000000000e+00 1.600000000000000089e+00 -4.159999999999999744e-04 8.115999999999999950e-03 9.999670000000000503e-01 -9.534099999999999520e-02 9.954119999999999635e-01 -8.118999999999999481e-03 -9.954450000000000243e-01 -9.534099999999999520e-02 3.600000000000000227e-04
2.300000000000000000e+01 2.100000000000000000e+01 6.000000000000000000e+01 0.000000000000000000e+00 1.600000000000000089e+00 2.077999999999999986e-03 -9.173000000000000598e-03 9.999559999999999560e-01 -9.306999999999999995e-02 9.956159999999999455e-01 9.327000000000000221e-03 -9.956570000000000142e-01 -9.308600000000000207e-02 1.216000000000000067e-03
2.000000000000000000e+00 3.000000000000000000e+00 6.300000000000000000e+01 0.000000000000000000e+00 1.600000000000000089e+00 2.158000000000000196e-03 -6.556000000000000195e-03 9.999759999999999760e-01 -6.137080000000000313e-01 7.895069999999999588e-01 6.500999999999999834e-03 -7.895299999999999541e-01 -6.137070000000000025e-01 -2.320000000000000014e-03
9.000000000000000000e+00 3.000000000000000000e+00 6.300000000000000000e+01 0.000000000000000000e+00 1.600000000000000089e+00 1.363999999999999978e-03 -1.201999999999999943e-03 9.999980000000000535e-01 -6.142379999999999507e-01 7.891190000000000149e-01 1.786999999999999960e-03 -7.891200000000000436e-01 -6.142400000000000082e-01 3.379999999999999758e-04
1.500000000000000000e+01 3.000000000000000000e+00 6.300000000000000000e+01 0.000000000000000000e+00 1.600000000000000089e+00 -5.969999999999999829e-04 -1.913999999999999903e-03 9.999980000000000535e-01 -6.142079999999999762e-01 7.891430000000000389e-01 1.144000000000000052e-03 -7.891439999999999566e-01 -6.142060000000000297e-01 -1.647000000000000026e-03
3.000000000000000000e+00 2.700000000000000000e+01 6.300000000000000000e+01 0.000000000000000000e+00 1.600000000000000089e+00 9.269999999999999811e-04 -7.150000000000000322e-04 9.999989999999999712e-01 -2.805540000000000256e-01 9.598379999999999690e-01 9.460000000000000093e-04 -9.598379999999999690e-01 -2.805549999999999988e-01 6.890000000000000508e-04
8.000000000000000000e+00 2.700000000000000000e+01 6.300000000000000000e+01 0.000000000000000000e+00 1.600000000000000089e+00 3.207999999999999914e-03 3.697000000000000199e-03 9.999879999999999880e-01 -2.785279999999999978e-01 9.604249999999999732e-01 -2.657000000000000074e-03 -9.604230000000000267e-01 -2.785159999999999858e-01 4.111000000000000071e-03
1.500000000000000000e+01 2.700000000000000000e+01 6.300000000000000000e+01 0.000000000000000000e+00 1.600000000000000089e+00 3.899999999999999929e-05 -1.330999999999999935e-03 9.999989999999999712e-01 -2.749519999999999742e-01 9.614570000000000061e-01 1.289999999999999914e-03 -9.614580000000000348e-01 -2.749519999999999742e-01 -3.280000000000000038e-04
1.800000000000000000e+01 2.700000000000000000e+01 6.300000000000000000e+01 0.000000000000000000e+00 1.600000000000000089e+00 -2.530000000000000239e-04 -1.871000000000000050e-03 9.999980000000000535e-01 -2.760319999999999996e-01 9.611469999999999736e-01 1.729000000000000068e-03 -9.611480000000000024e-01 -2.760310000000000263e-01 -7.600000000000000418e-04
2.400000000000000000e+01 2.700000000000000000e+01 6.300000000000000000e+01 0.000000000000000000e+00 1.600000000000000089e+00 3.768000000000000082e-03 -6.999999999999999895e-06 9.999930000000000208e-01 -2.793900000000000272e-01 9.601769999999999472e-01 1.059000000000000045e-03 -9.601699999999999680e-01 -2.793919999999999737e-01 3.615999999999999857e-03
4.000000000000000000e+00 2.600000000000000000e+01 6.400000000000000000e+01 0.000000000000000000e+00 1.600000000000000089e+00 1.410000000000000012e-03 -1.170000000000000033e-03 9.999980000000000535e-01 -3.655180000000000096e-01 9.308030000000000470e-01 1.605000000000000090e-03 -9.308030000000000470e-01 -3.655200000000000116e-01 8.850000000000000444e-04
1.500000000000000000e+01 2.600000000000000000e+01 6.400000000000000000e+01 0.000000000000000000e+00 1.600000000000000089e+00 2.110000000000000059e-04 -1.804999999999999964e-03 9.999980000000000535e-01 -3.567549999999999888e-01 9.341960000000000264e-01 1.761999999999999894e-03 -9.341979999999999729e-01 -3.567549999999999888e-01 -4.470000000000000232e-04
1.900000000000000000e+01 2.600000000000000000e+01 6.400000000000000000e+01 0.000000000000000000e+00 1.600000000000000089e+00 7.860000000000000233e-04 -4.687000000000000194e-03 9.999890000000000168e-01 -3.589700000000000113e-01 9.333380000000000010e-01 4.656999999999999681e-03 -9.333489999999999842e-01 -3.589700000000000113e-01 -9.489999999999999738e-04
2.400000000000000000e+01 2.600000000000000000e+01 6.400000000000000000e+01 0.000000000000000000e+00 1.600000000000000089e+00 4.056999999999999842e-03 -2.779999999999999811e-04 9.999919999999999920e-01 -3.612960000000000060e-01 9.324500000000000011e-01 1.724999999999999971e-03 -9.324419999999999931e-01 -3.613000000000000100e-01 3.683000000000000076e-03
6.000000000000000000e+00 2.500000000000000000e+01 7.300000000000000000e+01 0.000000000000000000e+00 1.600000000000000089e+00 1.048000000000000103e-03 3.214999999999999976e-03 9.999940000000000495e-01 7.485690000000000399e-01 -6.630559999999999787e-01 1.348000000000000023e-03 6.630559999999999787e-01 7.485629999999999784e-01 -3.101000000000000024e-03
1.600000000000000000e+01 2.500000000000000000e+01 7.300000000000000000e+01 0.000000000000000000e+00 1.600000000000000089e+00 1.211000000000000054e-03 2.415000000000000046e-03 9.999959999999999960e-01 7.491560000000000441e-01 -6.623940000000000383e-01 6.920000000000000153e-04 6.623930000000000096e-01 7.491520000000000401e-01 -2.611000000000000040e-03
1.900000000000000000e+01 2.500000000000000000e+01 7.300000000000000000e+01 0.000000000000000000e+00 1.600000000000000089e+00 8.880000000000000089e-04 2.079999999999999818e-03 9.999970000000000248e-01 7.508040000000000269e-01 -6.605250000000000288e-01 7.069999999999999462e-04 6.605250000000000288e-01 7.508010000000000517e-01 -2.148000000000000170e-03
2.500000000000000000e+01 2.500000000000000000e+01 7.300000000000000000e+01 0.000000000000000000e+00 1.600000000000000089e+00 5.739999999999999660e-04 -1.159000000000000091e-03 9.999989999999999712e-01 7.499590000000000423e-01 -6.614830000000000432e-01 -1.196999999999999930e-03 6.614839999999999609e-01 7.499590000000000423e-01 4.889999999999999599e-04
2.900000000000000000e+01 2.500000000000000000e+01 7.300000000000000000e+01 0.000000000000000000e+00 1.600000000000000089e+00 -1.093000000000000005e-03 -7.125000000000000257e-03 9.999740000000000295e-01 7.470099999999999518e-01 -6.648009999999999753e-01 -3.919999999999999873e-03 6.648119999999999585e-01 7.469860000000000388e-01 6.048999999999999690e-03
8.000000000000000000e+00 4.400000000000000000e+01 7.300000000000000000e+01 0.000000000000000000e+00 1.600000000000000089e+00 2.923999999999999950e-03 1.374000000000000004e-03 9.999949999999999672e-01 4.638199999999999962e-02 -9.989230000000000054e-01 1.237000000000000035e-03 9.989190000000000014e-01 4.637800000000000256e-02 -2.984999999999999806e-03
1.300000000000000000e+01 4.400000000000000000e+01 7.300000000000000000e+01 0.000000000000000000e+00 1.600000000000000089e+00 1.137999999999999906e-03 9.899999999999999946e-04 9.999989999999999712e-01 4.648800000000000154e-02 -9.989179999999999726e-01 9.359999999999999831e-04 9.989179999999999726e-01 4.648700000000000054e-02 -1.183000000000000024e-03
2.400000000000000000e+01 4.400000000000000000e+01 7.300000000000000000e+01 0.000000000000000000e+00 1.600000000000000089e+00 -3.469999999999999777e-04 -1.884999999999999957e-03 9.999980000000000535e-01 5.100999999999999979e-02 -9.986960000000000282e-01 -1.863999999999999988e-03 9.986979999999999746e-01 5.100899999999999879e-02 4.429999999999999802e-04
