4.000000000000000000e+00 2.500000000000000000e+01 1.000000000000000000e+00 0.000000000000000000e+00 1.600000000000000089e+00 -2.658000000000000206e-03 -1.234799999999999960e-02 -9.999200000000000310e-01 -5.296410000000000284e-01 -8.481389999999999763e-01 1.188099999999999920e-02 -8.482180000000000275e-01 5.296300000000000452e-01 -4.284999999999999747e-03
8.000000000000000000e+00 2.500000000000000000e+01 1.000000000000000000e+00 0.000000000000000000e+00 1.600000000000000089e+00 -2.203999999999999796e-03 -1.701999999999999954e-03 -9.999959999999999960e-01 -5.324069999999999636e-01 -8.464850000000000430e-01 2.614000000000000004e-03 -8.464859999999999607e-01 5.324100000000000499e-01 9.590000000000000000e-04
1.200000000000000000e+01 2.500000000000000000e+01 1.000000000000000000e+00 0.000000000000000000e+00 1.600000000000000089e+00 -1.631000000000000071e-03 3.771000000000000046e-03 -9.999919999999999920e-01 -5.307570000000000343e-01 -8.475209999999999688e-01 -2.330000000000000040e-03 -8.475219999999999976e-01 5.307490000000000263e-01 3.383999999999999855e-03
1.900000000000000000e+01 2.500000000000000000e+01 1.000000000000000000e+00 0.000000000000000000e+00 1.600000000000000089e+00 -3.770000000000000022e-04 4.035999999999999657e-03 -9.999919999999999920e-01 -5.266699999999999715e-01 -8.500640000000000418e-01 -3.232000000000000064e-03 -8.500699999999999923e-01 5.266650000000000498e-01 2.445999999999999824e-03
2.000000000000000000e+00 1.500000000000000000e+01 4.000000000000000000e+00 0.000000000000000000e+00 1.600000000000000089e+00 9.460000000000000093e-04 -3.582000000000000114e-03 9.999930000000000208e-01 3.127019999999999800e-01 -9.498440000000000216e-01 -3.697999999999999898e-03 9.498510000000000009e-01 3.127039999999999820e-01 2.210000000000000050e-04
8.000000000000000000e+00 1.500000000000000000e+01 4.000000000000000000e+00 0.000000000000000000e+00 1.600000000000000089e+00 -2.442999999999999859e-03 -3.190000000000000127e-03 9.999919999999999920e-01 3.126680000000000015e-01 -9.498600000000000376e-01 -2.265999999999999785e-03 9.498590000000000089e-01 3.126599999999999935e-01 3.318000000000000203e-03
1.100000000000000000e+01 1.500000000000000000e+01 4.000000000000000000e+00 0.000000000000000000e+00 1.600000000000000089e+00 -5.349999999999999938e-04 -2.269999999999999882e-03 9.999970000000000248e-01 3.129239999999999799e-01 -9.497759999999999536e-01 -1.988999999999999883e-03 9.497780000000000111e-01 3.129219999999999779e-01 1.217999999999999899e-03
2.100000000000000000e+01 1.500000000000000000e+01 4.000000000000000000e+00 0.000000000000000000e+00 1.600000000000000089e+00 -3.409999999999999945e-04 -5.814999999999999857e-03 9.999829999999999552e-01 3.105189999999999895e-01 -9.505519999999999525e-01 -5.421999999999999736e-03 9.505670000000000508e-01 3.105120000000000102e-01 2.129999999999999949e-03
2.800000000000000000e+01 1.500000000000000000e+01 4.000000000000000000e+00 0.000000000000000000e+00 1.600000000000000089e+00 3.980000000000000031e-03 -5.278999999999999838e-03 9.999780000000000335e-01 3.163850000000000273e-01 -9.486099999999999532e-01 -6.267000000000000001e-03 9.486219999999999652e-01 3.164029999999999898e-01 -2.105000000000000100e-03
4.000000000000000000e+00 1.600000000000000000e+01 4.000000000000000000e+00 0.000000000000000000e+00 1.600000000000000089e+00 1.930000000000000021e-04 -3.010000000000000089e-03 9.999949999999999672e-01 3.894310000000000271e-01 -9.210509999999999531e-01 -2.847000000000000138e-03 9.210549999999999571e-01 3.894299999999999984e-01 9.940000000000000918e-04
1.700000000000000000e+01 1.600000000000000000e+01 4.000000000000000000e+00 0.000000000000000000e+00 1.600000000000000089e+00 -2.099999999999999870e-03 -5.747000000000000372e-03 9.999810000000000088e-01 3.864090000000000025e-01 -9.223160000000000247e-01 -4.488999999999999935e-03 9.223249999999999504e-01 3.863929999999999865e-01 4.158000000000000237e-03
1.900000000000000000e+01 1.010000000000000000e+02 7.000000000000000000e+00 0.000000000000000000e+00 1.600000000000000089e+00 -8.340000000000000191e-03 2.255400000000000113e-02 9.997110000000000163e-01 8.785079999999999556e-01 4.777150000000000007e-01 -3.448000000000000110e-03 -4.776549999999999963e-01 8.782250000000000334e-01 -2.379799999999999971e-02
2.600000000000000000e+01 1.010000000000000000e+02 7.000000000000000000e+00 0.000000000000000000e+00 1.600000000000000089e+00 3.111000000000000050e-03 2.999999999999999737e-04 9.999949999999999672e-01 8.758350000000000302e-01 4.826030000000000042e-01 -2.869000000000000022e-03 -4.826010000000000022e-01 8.758390000000000342e-01 1.237999999999999951e-03
4.000000000000000000e+00 2.500000000000000000e+01 8.000000000000000000e+00 0.000000000000000000e+00 1.600000000000000089e+00 -2.069999999999999900e-04 3.902000000000000086e-03 -9.999919999999999920e-01 4.525150000000000006e-01 8.917500000000000426e-01 3.386000000000000121e-03 8.917570000000000219e-01 -4.525109999999999966e-01 -1.949999999999999910e-03
1.300000000000000000e+01 2.500000000000000000e+01 8.000000000000000000e+00 0.000000000000000000e+00 1.600000000000000089e+00 2.311999999999999819e-03 -1.240999999999999916e-03 -9.999970000000000248e-01 4.502459999999999796e-01 8.929049999999999487e-01 -6.700000000000000226e-05 8.929019999999999735e-01 -4.502439999999999776e-01 2.622999999999999898e-03
1.700000000000000000e+01 2.500000000000000000e+01 8.000000000000000000e+00 0.000000000000000000e+00 1.600000000000000089e+00 7.979999999999999897e-04 4.543000000000000163e-03 -9.999890000000000168e-01 4.493730000000000224e-01 8.933330000000000437e-01 4.416999999999999919e-03 8.933440000000000270e-01 -4.493719999999999937e-01 -1.327999999999999970e-03
2.000000000000000000e+01 2.500000000000000000e+01 8.000000000000000000e+00 0.000000000000000000e+00 1.600000000000000089e+00 8.679999999999999565e-04 6.491000000000000242e-03 -9.999789999999999512e-01 4.489139999999999797e-01 8.935530000000000417e-01 6.190000000000000190e-03 8.935739999999999794e-01 -4.489099999999999757e-01 -2.138000000000000143e-03
4.000000000000000000e+00 2.400000000000000000e+01 9.000000000000000000e+00 0.000000000000000000e+00 1.600000000000000089e+00 -1.090000000000000067e-04 2.863000000000000093e-03 -9.999959999999999960e-01 4.563960000000000239e-01 8.897730000000000361e-01 2.497999999999999787e-03 8.897770000000000401e-01 -4.563940000000000219e-01 -1.404000000000000083e-03
7.000000000000000000e+00 2.400000000000000000e+01 9.000000000000000000e+00 0.000000000000000000e+00 1.600000000000000089e+00 1.933999999999999955e-03 -3.327999999999999795e-03 -9.999930000000000208e-01 4.549750000000000183e-01 8.905020000000000158e-01 -2.083000000000000216e-03 8.905020000000000158e-01 -4.549679999999999835e-01 3.236000000000000161e-03
1.000000000000000000e+01 2.400000000000000000e+01 9.000000000000000000e+00 0.000000000000000000e+00 1.600000000000000089e+00 2.186000000000000009e-03 1.415999999999999941e-03 -9.999970000000000248e-01 4.536180000000000212e-01 8.911930000000000129e-01 2.253999999999999927e-03 8.911930000000000129e-01 -4.536220000000000252e-01 1.306000000000000086e-03
1.200000000000000000e+01 2.400000000000000000e+01 9.000000000000000000e+00 0.000000000000000000e+00 1.600000000000000089e+00 2.299999999999999961e-03 2.200000000000000078e-04 -9.999970000000000248e-01 4.532499999999999862e-01 8.913830000000000364e-01 1.239000000000000084e-03 8.913809999999999789e-01 -4.532510000000000150e-01 1.949999999999999910e-03
1.600000000000000000e+01 2.400000000000000000e+01 9.000000000000000000e+00 0.000000000000000000e+00 1.600000000000000089e+00 1.193000000000000050e-03 3.856000000000000053e-03 -9.999919999999999920e-01 4.525730000000000031e-01 8.917180000000000106e-01 3.977999999999999765e-03 8.917260000000000186e-01 -4.525750000000000051e-01 -6.809999999999999647e-04
2.000000000000000000e+01 2.400000000000000000e+01 9.000000000000000000e+00 0.000000000000000000e+00 1.600000000000000089e+00 6.589999999999999721e-04 7.444000000000000096e-03 -9.999719999999999720e-01 4.513559999999999794e-01 8.923170000000000268e-01 6.939999999999999988e-03 8.923440000000000261e-01 -4.513480000000000270e-01 -2.772000000000000158e-03
2.400000000000000000e+01 2.400000000000000000e+01 9.000000000000000000e+00 0.000000000000000000e+00 1.600000000000000089e+00 2.109000000000000197e-03 -1.289999999999999914e-04 -9.999980000000000535e-01 4.518039999999999834e-01 8.921170000000000488e-01 8.369999999999999619e-04 8.921149999999999913e-01 -4.518050000000000122e-01 1.940000000000000101e-03
4.000000000000000000e+00 4.000000000000000000e+00 1.100000000000000000e+01 0.000000000000000000e+00 1.600000000000000089e+00 6.970999999999999766e-03 6.863400000000000056e-02 -9.976180000000000048e-01 1.888180000000000136e-01 9.796049999999999480e-01 6.871399999999999730e-02 9.819870000000000543e-01 -1.888469999999999871e-01 -6.130000000000000032e-03
2.600000000000000000e+01 3.100000000000000000e+01 1.200000000000000000e+01 0.000000000000000000e+00 1.600000000000000089e+00 -1.240000000000000054e-04 -2.528999999999999998e-03 9.999970000000000248e-01 -1.242599999999999955e-02 9.999200000000000310e-01 2.527000000000000166e-03 -9.999230000000000063e-01 -1.242500000000000028e-02 -1.550000000000000000e-04
1.000000000000000000e+00 3.500000000000000000e+01 1.200000000000000000e+01 0.000000000000000000e+00 1.600000000000000089e+00 3.478999999999999888e-03 -2.890999999999999907e-03 -9.999900000000000455e-01 4.665909999999999780e-01 -8.844629999999999992e-01 4.179999999999999688e-03 -8.844659999999999744e-01 -4.666009999999999880e-01 -1.729000000000000068e-03
9.000000000000000000e+00 3.500000000000000000e+01 1.200000000000000000e+01 0.000000000000000000e+00 1.600000000000000089e+00 2.794000000000000043e-03 6.976000000000000430e-03 -9.999719999999999720e-01 5.105979999999999963e-01 -8.598080000000000167e-01 -4.571000000000000410e-03 -8.598149999999999959e-01 -5.105699999999999683e-01 -5.964999999999999816e-03
1.000000000000000000e+01 3.200000000000000000e+01 1.400000000000000000e+01 0.000000000000000000e+00 1.600000000000000089e+00 -1.242000000000000048e-03 6.830000000000000134e-04 -9.999989999999999712e-01 1.106540000000000024e-01 9.938590000000000479e-01 5.419999999999999471e-04 9.938580000000000192e-01 -1.106530000000000014e-01 -1.309999999999999967e-03
1.400000000000000000e+01 3.200000000000000000e+01 1.400000000000000000e+01 0.000000000000000000e+00 1.600000000000000089e+00 3.968000000000000173e-03 -5.858000000000000360e-03 -9.999749999999999472e-01 1.107609999999999983e-01 9.938320000000000487e-01 -5.382999999999999764e-03 9.938390000000000279e-01 -1.107370000000000021e-01 4.591999999999999728e-03
6.000000000000000000e+00 1.160000000000000000e+02 1.600000000000000000e+01 0.000000000000000000e+00 1.600000000000000089e+00 -2.460000000000000164e-04 7.179999999999999967e-04 1.000000000000000000e+00 7.125620000000000287e-01 7.016090000000000382e-01 -3.289999999999999739e-04 -7.016090000000000382e-01 7.125620000000000287e-01 -6.840000000000000377e-04
3.000000000000000000e+00 2.000000000000000000e+00 1.900000000000000000e+01 0.000000000000000000e+00 1.600000000000000089e+00 7.003999999999999809e-03 -2.234299999999999828e-02 -9.997260000000000035e-01 1.977990000000000026e-01 -9.799660000000000037e-01 2.328699999999999867e-02 -9.802180000000000337e-01 -1.979080000000000006e-01 -2.443999999999999992e-03
7.000000000000000000e+00 2.000000000000000000e+00 1.900000000000000000e+01 0.000000000000000000e+00 1.600000000000000089e+00 8.049999999999999864e-03 -2.513699999999999962e-02 -9.996519999999999850e-01 1.917290000000000105e-01 -9.810980000000000256e-01 2.621400000000000119e-02 -9.814150000000000373e-01 -1.918729999999999880e-01 -3.079000000000000140e-03
1.100000000000000000e+01 2.000000000000000000e+00 1.900000000000000000e+01 0.000000000000000000e+00 1.600000000000000089e+00 3.854999999999999920e-03 -1.651599999999999943e-02 -9.998559999999999670e-01 1.827900000000000080e-01 -9.830060000000000464e-01 1.694199999999999873e-02 -9.831440000000000179e-01 -1.828289999999999915e-01 -7.709999999999999840e-04
1.800000000000000000e+01 2.000000000000000000e+00 1.900000000000000000e+01 0.000000000000000000e+00 1.600000000000000089e+00 -8.930000000000000221e-04 2.390000000000000089e-04 -1.000000000000000000e+00 1.782590000000000008e-01 -9.839839999999999698e-01 -3.939999999999999817e-04 -9.839830000000000521e-01 -1.782590000000000008e-01 8.369999999999999619e-04
2.500000000000000000e+01 2.000000000000000000e+00 1.900000000000000000e+01 0.000000000000000000e+00 1.600000000000000089e+00 -4.137000000000000052e-03 -5.088999999999999774e-03 -9.999780000000000335e-01 1.796580000000000121e-01 -9.837200000000000388e-01 4.263000000000000296e-03 -9.837200000000000388e-01 -1.796359999999999901e-01 4.983999999999999715e-03
2.000000000000000000e+00 4.000000000000000000e+00 2.000000000000000000e+01 0.000000000000000000e+00 1.600000000000000089e+00 6.335000000000000353e-03 -1.324099999999999930e-02 -9.998920000000000030e-01 2.669119999999999826e-01 -9.636130000000000528e-01 1.445100000000000030e-02 -9.637000000000000011e-01 -2.669750000000000179e-01 -2.569999999999999802e-03
8.000000000000000000e+00 4.000000000000000000e+00 2.000000000000000000e+01 0.000000000000000000e+00 1.600000000000000089e+00 6.326000000000000026e-03 -1.419800000000000055e-02 -9.998789999999999623e-01 2.656669999999999865e-01 -9.639419999999999655e-01 1.536900000000000072e-02 -9.640440000000000120e-01 -2.657320000000000237e-01 -2.325999999999999943e-03
5.000000000000000000e+00 1.300000000000000000e+01 2.000000000000000000e+01 0.000000000000000000e+00 1.600000000000000089e+00 1.093999999999999920e-03 9.840000000000000656e-04 9.999989999999999712e-01 2.507030000000000092e-01 9.680630000000000068e-01 -1.227000000000000009e-03 -9.680640000000000356e-01 2.507039999999999824e-01 8.120000000000000048e-04
1.100000000000000000e+01 1.300000000000000000e+01 2.000000000000000000e+01 0.000000000000000000e+00 1.600000000000000089e+00 1.794000000000000022e-03 6.432000000000000217e-03 9.999780000000000335e-01 2.505060000000000064e-01 9.680919999999999526e-01 -6.675999999999999643e-03 -9.681130000000000013e-01 2.505129999999999857e-01 1.250000000000000026e-04
1.700000000000000000e+01 1.300000000000000000e+01 2.000000000000000000e+01 0.000000000000000000e+00 1.600000000000000089e+00 5.599999999999999916e-05 -1.392000000000000008e-03 9.999989999999999712e-01 2.511410000000000031e-01 9.679499999999999771e-01 1.333999999999999899e-03 -9.679510000000000058e-01 2.511399999999999744e-01 4.040000000000000080e-04
2.200000000000000000e+01 1.300000000000000000e+01 2.000000000000000000e+01 0.000000000000000000e+00 1.600000000000000089e+00 -5.540000000000000219e-04 1.978999999999999856e-03 9.999980000000000535e-01 2.503110000000000057e-01 9.681640000000000246e-01 -1.776999999999999934e-03 -9.681650000000000533e-01 2.503099999999999770e-01 -1.031000000000000015e-03
2.600000000000000000e+01 1.300000000000000000e+01 2.000000000000000000e+01 0.000000000000000000e+00 1.600000000000000089e+00 -6.270999999999999665e-03 -1.144399999999999931e-02 9.999149999999999983e-01 2.498680000000000068e-01 9.681969999999999743e-01 1.264799999999999952e-02 -9.682600000000000096e-01 2.499260000000000093e-01 -3.212000000000000011e-03
1.000000000000000000e+00 1.600000000000000000e+01 2.100000000000000000e+01 0.000000000000000000e+00 1.600000000000000089e+00 8.999999999999999754e-04 -3.980000000000000248e-04 9.999989999999999712e-01 2.983390000000000208e-01 9.544599999999999751e-01 1.110000000000000011e-04 -9.544599999999999751e-01 2.983390000000000208e-01 9.779999999999999197e-04
6.000000000000000000e+00 1.600000000000000000e+01 2.100000000000000000e+01 0.000000000000000000e+00 1.600000000000000089e+00 1.199999999999999895e-03 2.471999999999999805e-03 9.999959999999999960e-01 2.983359999999999901e-01 9.544569999999999999e-01 -2.717999999999999930e-03 -9.544599999999999751e-01 2.983379999999999921e-01 4.079999999999999968e-04
1.200000000000000000e+01 1.600000000000000000e+01 2.100000000000000000e+01 0.000000000000000000e+00 1.600000000000000089e+00 1.600999999999999993e-03 5.216000000000000150e-03 9.999850000000000128e-01 2.978819999999999801e-01 9.545869999999999633e-01 -5.455999999999999912e-03 -9.546010000000000328e-01 2.978870000000000129e-01 -2.500000000000000120e-05
2.100000000000000000e+01 1.600000000000000000e+01 2.100000000000000000e+01 0.000000000000000000e+00 1.600000000000000089e+00 9.000000000000000228e-06 6.340000000000000149e-04 1.000000000000000000e+00 2.966860000000000053e-01 9.549750000000000183e-01 -6.080000000000000335e-04 -9.549750000000000183e-01 2.966860000000000053e-01 -1.800000000000000113e-04
2.600000000000000000e+01 1.600000000000000000e+01 2.100000000000000000e+01 0.000000000000000000e+00 1.600000000000000089e+00 -6.759000000000000251e-03 -1.115000000000000019e-02 9.999149999999999983e-01 2.969419999999999837e-01 9.548119999999999941e-01 1.265400000000000032e-02 -9.548720000000000541e-01 2.970019999999999882e-01 -3.142999999999999960e-03
1.500000000000000000e+01 3.000000000000000000e+00 2.500000000000000000e+01 0.000000000000000000e+00 1.600000000000000089e+00 -1.900999999999999912e-03 5.105000000000000163e-03 9.999850000000000128e-01 -2.945199999999999901e-02 -9.995530000000000248e-01 5.047000000000000271e-03 9.995640000000000081e-01 -2.944199999999999942e-02 2.050000000000000173e-03
2.800000000000000000e+01 3.000000000000000000e+00 2.500000000000000000e+01 0.000000000000000000e+00 1.600000000000000089e+00 9.525999999999999746e-03 -8.961999999999999481e-03 9.999149999999999983e-01 -3.429299999999999710e-02 -9.993750000000000133e-01 -8.630000000000000518e-03 9.993659999999999766e-01 -3.420800000000000229e-02 -9.827000000000000665e-03
2.000000000000000000e+00 4.600000000000000000e+01 2.700000000000000000e+01 0.000000000000000000e+00 1.600000000000000089e+00 3.233000000000000197e-03 5.610000000000000403e-03 -9.999789999999999512e-01 6.614579999999999904e-01 7.499559999999999560e-01 6.346000000000000078e-03 7.499759999999999760e-01 -6.614640000000000519e-01 -1.286000000000000034e-03
1.800000000000000000e+01 4.600000000000000000e+01 2.700000000000000000e+01 0.000000000000000000e+00 1.600000000000000089e+00 8.099999999999999561e-04 -2.828999999999999918e-03 -9.999959999999999960e-01 6.762089999999999490e-01 7.367080000000000295e-01 -1.536000000000000039e-03 7.367089999999999472e-01 -6.762049999999999450e-01 2.508999999999999946e-03
1.500000000000000000e+01 4.600000000000000000e+01 3.000000000000000000e+01 0.000000000000000000e+00 1.600000000000000089e+00 9.700000000000000505e-04 -9.539999999999999869e-04 -9.999989999999999712e-01 3.424039999999999861e-01 9.395529999999999715e-01 -5.640000000000000482e-04 9.395520000000000538e-01 -3.424030000000000129e-01 1.237999999999999951e-03
4.000000000000000000e+00 5.800000000000000000e+01 3.100000000000000000e+01 0.000000000000000000e+00 1.600000000000000089e+00 3.049000000000000061e-03 6.275000000000000196e-03 9.999759999999999760e-01 -7.710869999999999669e-01 -6.366979999999999862e-01 6.347000000000000211e-03 6.367220000000000102e-01 -7.710879999999999956e-01 2.897999999999999968e-03
8.000000000000000000e+00 5.800000000000000000e+01 3.100000000000000000e+01 0.000000000000000000e+00 1.600000000000000089e+00 2.203999999999999796e-03 1.020999999999999989e-03 9.999970000000000248e-01 -7.747230000000000505e-01 -6.322969999999999979e-01 2.353000000000000057e-03 6.322969999999999979e-01 -7.747260000000000257e-01 -6.030000000000000204e-04
1.100000000000000000e+01 5.800000000000000000e+01 3.100000000000000000e+01 0.000000000000000000e+00 1.600000000000000089e+00 -5.538000000000000388e-03 -6.409999999999999899e-03 9.999639999999999640e-01 -7.779850000000000376e-01 -6.282280000000000086e-01 -8.335999999999999660e-03 6.282590000000000119e-01 -7.780030000000000001e-01 -1.507000000000000093e-03
1.500000000000000000e+01 5.800000000000000000e+01 3.100000000000000000e+01 0.000000000000000000e+00 1.600000000000000089e+00 -7.621000000000000170e-03 -1.021599999999999939e-02 9.999190000000000023e-01 -7.830819999999999448e-01 -6.217970000000000441e-01 -1.232100000000000035e-02 6.218719999999999803e-01 -7.831120000000000303e-01 -3.261000000000000010e-03
1.900000000000000000e+01 5.800000000000000000e+01 3.100000000000000000e+01 0.000000000000000000e+00 1.600000000000000089e+00 -3.494000000000000144e-03 -3.579999999999999741e-04 9.999940000000000495e-01 -7.877880000000000438e-01 -6.159400000000000430e-01 -2.972999999999999948e-03 6.159369999999999568e-01 -7.877929999999999655e-01 1.869999999999999917e-03
2.900000000000000000e+01 5.800000000000000000e+01 3.100000000000000000e+01 0.000000000000000000e+00 1.600000000000000089e+00 2.945999999999999834e-03 1.108000000000000044e-03 9.999949999999999672e-01 -7.902919999999999945e-01 -6.127219999999999889e-01 3.007999999999999823e-03 6.127230000000000176e-01 -7.902970000000000272e-01 -9.290000000000000297e-04
3.000000000000000000e+00 4.600000000000000000e+01 3.500000000000000000e+01 0.000000000000000000e+00 1.600000000000000089e+00 1.851999999999999914e-03 6.089999999999999494e-04 -9.999980000000000535e-01 3.887860000000000205e-01 -9.213280000000000358e-01 1.579999999999999916e-04 -9.213259999999999783e-01 -3.887849999999999917e-01 -1.943000000000000066e-03
9.000000000000000000e+00 4.600000000000000000e+01 3.500000000000000000e+01 0.000000000000000000e+00 1.600000000000000089e+00 1.291999999999999963e-03 3.340999999999999786e-03 -9.999940000000000495e-01 3.912340000000000262e-01 -9.202879999999999949e-01 -2.569000000000000103e-03 -9.202900000000000524e-01 -3.912280000000000202e-01 -2.495999999999999955e-03
1.400000000000000000e+01 4.600000000000000000e+01 3.500000000000000000e+01 0.000000000000000000e+00 1.600000000000000089e+00 -4.070000000000000267e-04 4.099999999999999912e-04 -1.000000000000000000e+00 3.917109999999999759e-01 -9.200880000000000170e-01 -5.370000000000000424e-04 -9.200880000000000170e-01 -3.917109999999999759e-01 2.130000000000000003e-04
2.300000000000000000e+01 4.600000000000000000e+01 3.500000000000000000e+01 0.000000000000000000e+00 1.600000000000000089e+00 3.000000000000000076e-05 3.050999999999999893e-03 -9.999949999999999672e-01 3.905219999999999803e-01 -9.205889999999999906e-01 -2.797000000000000007e-03 -9.205940000000000234e-01 -3.905199999999999783e-01 -1.219000000000000031e-03
2.700000000000000000e+01 4.600000000000000000e+01 3.500000000000000000e+01 0.000000000000000000e+00 1.600000000000000089e+00 -2.419000000000000143e-03 1.118000000000000070e-03 -9.999970000000000248e-01 3.885669999999999957e-01 -9.214179999999999593e-01 -1.969999999999999963e-03 -9.214170000000000416e-01 -3.885700000000000265e-01 1.794999999999999938e-03
6.000000000000000000e+00 9.500000000000000000e+01 3.600000000000000000e+01 0.000000000000000000e+00 1.600000000000000089e+00 2.151199999999999987e-02 1.286099999999999917e-02 9.996859999999999635e-01 9.968470000000000386e-01 7.610999999999999710e-02 -2.242999999999999855e-02 -7.637399999999999745e-02 9.970160000000000133e-01 -1.118300000000000023e-02
1.700000000000000000e+01 9.500000000000000000e+01 3.600000000000000000e+01 0.000000000000000000e+00 1.600000000000000089e+00 -3.510800000000000032e-02 -4.830700000000000272e-02 9.982149999999999634e-01 9.973309999999999675e-01 6.229099999999999915e-02 3.809099999999999986e-02 -6.401999999999999358e-02 9.968879999999999963e-01 4.599099999999999716e-02
2.700000000000000000e+01 9.500000000000000000e+01 3.600000000000000000e+01 0.000000000000000000e+00 1.600000000000000089e+00 1.441800000000000026e-02 1.192400000000000057e-02 9.998249999999999638e-01 9.982429999999999914e-01 5.730999999999999983e-02 -1.507799999999999939e-02 -5.748000000000000331e-02 9.982849999999999779e-01 -1.107700000000000004e-02
5.000000000000000000e+00 3.000000000000000000e+00 4.300000000000000000e+01 0.000000000000000000e+00 1.600000000000000089e+00 -5.820000000000000520e-04 -4.380000000000000213e-04 -1.000000000000000000e+00 7.411929999999999907e-01 -6.712919999999999998e-01 -1.369999999999999961e-04 -6.712919999999999998e-01 -7.411929999999999907e-01 7.150000000000000322e-04
9.000000000000000000e+00 3.000000000000000000e+00 4.300000000000000000e+01 0.000000000000000000e+00 1.600000000000000089e+00 -6.299999999999999990e-05 -7.986999999999999308e-03 -9.999679999999999680e-01 7.390970000000000040e-01 -6.735780000000000101e-01 5.334000000000000200e-03 -6.735989999999999478e-01 -7.390729999999999800e-01 5.945999999999999897e-03
1.200000000000000000e+01 3.000000000000000000e+00 4.300000000000000000e+01 0.000000000000000000e+00 1.600000000000000089e+00 -1.412000000000000061e-03 -7.418000000000000115e-03 -9.999719999999999720e-01 7.382969999999999811e-01 -6.744639999999999525e-01 3.961000000000000111e-03 -6.744740000000000180e-01 -7.382699999999999818e-01 6.428999999999999819e-03
2.900000000000000000e+01 3.000000000000000000e+00 4.300000000000000000e+01 0.000000000000000000e+00 1.600000000000000089e+00 -6.000000000000000152e-06 -6.897999999999999618e-03 -9.999759999999999760e-01 7.405289999999999928e-01 -6.720080000000000497e-01 4.630999999999999700e-03 -6.720239999999999547e-01 -7.405119999999999481e-01 5.112000000000000224e-03
6.000000000000000000e+00 8.000000000000000000e+00 4.400000000000000000e+01 0.000000000000000000e+00 1.600000000000000089e+00 -1.284999999999999901e-03 -3.487000000000000082e-03 9.999930000000000208e-01 -7.756889999999999619e-01 -6.311069999999999736e-01 -3.197999999999999888e-03 6.311139999999999528e-01 -7.756880000000000441e-01 -1.894000000000000067e-03
1.000000000000000000e+01 8.000000000000000000e+00 4.400000000000000000e+01 0.000000000000000000e+00 1.600000000000000089e+00 -4.478000000000000209e-03 -8.566999999999999962e-03 9.999529999999999808e-01 -7.833130000000000370e-01 -6.215640000000000054e-01 -8.833000000000000573e-03 6.216110000000000246e-01 -7.833160000000000123e-01 -3.926999999999999935e-03
1.500000000000000000e+01 8.000000000000000000e+00 4.400000000000000000e+01 0.000000000000000000e+00 1.600000000000000089e+00 -1.137999999999999906e-03 -4.704999999999999981e-03 9.999879999999999880e-01 -7.920390000000000486e-01 -6.104589999999999739e-01 -3.772999999999999878e-03 6.104690000000000394e-01 -7.920340000000000158e-01 -3.031999999999999973e-03
2.000000000000000000e+00 6.500000000000000000e+01 4.600000000000000000e+01 0.000000000000000000e+00 1.600000000000000089e+00 -2.804000000000000069e-03 1.252000000000000075e-03 9.999949999999999672e-01 6.793569999999999887e-01 -7.338019999999999543e-01 2.824000000000000121e-03 7.338019999999999543e-01 6.793620000000000214e-01 1.206999999999999957e-03
4.000000000000000000e+00 6.500000000000000000e+01 4.600000000000000000e+01 0.000000000000000000e+00 1.600000000000000089e+00 -2.654000000000000109e-03 -6.489999999999999459e-04 9.999959999999999960e-01 6.795649999999999746e-01 -7.336139999999999883e-01 1.327000000000000055e-03 7.336110000000000131e-01 6.795660000000000034e-01 2.387999999999999932e-03
1.800000000000000000e+01 6.500000000000000000e+01 4.600000000000000000e+01 0.000000000000000000e+00 1.600000000000000089e+00 1.631999999999999987e-03 1.013000000000000012e-03 9.999980000000000535e-01 6.797720000000000429e-01 -7.334230000000000471e-01 -3.669999999999999760e-04 7.334209999999999896e-01 6.797720000000000429e-01 -1.886000000000000090e-03
2.400000000000000000e+01 6.500000000000000000e+01 4.600000000000000000e+01 0.000000000000000000e+00 1.600000000000000089e+00 3.701999999999999996e-03 -1.240000000000000000e-03 9.999919999999999920e-01 6.797929999999999806e-01 -7.333960000000000479e-01 -3.425999999999999792e-03 7.333939999999999904e-01 6.798009999999999886e-01 -1.871999999999999966e-03
8.000000000000000000e+00 2.100000000000000000e+01 4.800000000000000000e+01 0.000000000000000000e+00 1.600000000000000089e+00 -2.854999999999999899e-03 -2.909000000000000127e-03 -9.999919999999999920e-01 3.069330000000000114e-01 9.517240000000000144e-01 -3.644000000000000104e-03 9.517269999999999897e-01 -3.069410000000000194e-01 -1.824000000000000100e-03
2.000000000000000000e+00 7.000000000000000000e+00 5.200000000000000000e+01 0.000000000000000000e+00 1.600000000000000089e+00 1.087000000000000076e-03 1.315999999999999896e-03 -9.999989999999999712e-01 8.895699999999999441e-02 -9.960350000000000037e-01 -1.214000000000000018e-03 -9.960350000000000037e-01 -8.895599999999999341e-02 -1.199999999999999895e-03
2.200000000000000000e+01 7.000000000000000000e+00 5.200000000000000000e+01 0.000000000000000000e+00 1.600000000000000089e+00 -3.530000000000000152e-03 -6.629999999999999609e-04 -9.999940000000000495e-01 8.307299999999999407e-02 -9.965429999999999566e-01 3.669999999999999760e-04 -9.965370000000000061e-01 -8.307100000000000595e-02 3.572999999999999787e-03
2.500000000000000000e+01 7.000000000000000000e+00 5.200000000000000000e+01 0.000000000000000000e+00 1.600000000000000089e+00 2.343000000000000031e-03 6.249000000000000214e-03 -9.999780000000000335e-01 8.209199999999999831e-02 -9.966059999999999919e-01 -6.035000000000000434e-03 -9.966220000000000079e-01 -8.207599999999999618e-02 -2.847999999999999837e-03
2.000000000000000000e+00 5.800000000000000000e+01 5.200000000000000000e+01 0.000000000000000000e+00 1.600000000000000089e+00 -2.798000000000000140e-03 -3.910799999999999693e-02 9.992309999999999803e-01 -6.446650000000000436e-01 7.639489999999999892e-01 2.809400000000000092e-02 -7.644600000000000284e-01 -6.440909999999999691e-01 -2.734899999999999831e-02
1.900000000000000000e+01 5.800000000000000000e+01 5.200000000000000000e+01 0.000000000000000000e+00 1.600000000000000089e+00 -2.799999999999999958e-05 -4.253999999999999969e-03 9.999909999999999632e-01 -6.253370000000000317e-01 7.803480000000000416e-01 3.302999999999999946e-03 -7.803550000000000209e-01 -6.253309999999999702e-01 -2.681999999999999922e-03
6.000000000000000000e+00 6.300000000000000000e+01 5.400000000000000000e+01 0.000000000000000000e+00 1.600000000000000089e+00 3.050999999999999893e-03 1.190000000000000085e-03 9.999949999999999672e-01 -3.840089999999999892e-01 9.233289999999999553e-01 7.299999999999999903e-05 -9.233240000000000336e-01 -3.840069999999999872e-01 3.274000000000000000e-03
1.600000000000000000e+01 6.300000000000000000e+01 5.400000000000000000e+01 0.000000000000000000e+00 1.600000000000000089e+00 -3.981000000000000164e-03 -1.269099999999999916e-02 9.999120000000000230e-01 -3.927149999999999808e-01 9.196050000000000058e-01 1.010800000000000066e-02 -9.196509999999999962e-01 -3.926399999999999890e-01 -8.644999999999999907e-03
1.900000000000000000e+01 6.300000000000000000e+01 5.400000000000000000e+01 0.000000000000000000e+00 1.600000000000000089e+00 -3.710000000000000190e-03 -7.226999999999999917e-03 9.999670000000000503e-01 -3.758159999999999834e-01 9.266790000000000305e-01 5.303000000000000422e-03 -9.266870000000000385e-01 -3.757840000000000069e-01 -6.154999999999999881e-03
2.200000000000000000e+01 6.300000000000000000e+01 5.400000000000000000e+01 0.000000000000000000e+00 1.600000000000000089e+00 -1.291000000000000047e-03 2.230999999999999910e-03 9.999970000000000248e-01 -3.667719999999999869e-01 9.303069999999999951e-01 -2.549000000000000050e-03 -9.303099999999999703e-01 -3.667739999999999889e-01 -3.829999999999999854e-04
2.700000000000000000e+01 6.300000000000000000e+01 5.400000000000000000e+01 0.000000000000000000e+00 1.600000000000000089e+00 5.169999999999999899e-04 3.129999999999999970e-03 9.999949999999999672e-01 -3.663310000000000177e-01 9.304799999999999738e-01 -2.723000000000000160e-03 -9.304839999999999778e-01 -3.663279999999999870e-01 1.628000000000000107e-03
4.000000000000000000e+00 2.500000000000000000e+01 5.500000000000000000e+01 0.000000000000000000e+00 1.600000000000000089e+00 -1.682900000000000021e-02 -2.212339999999999862e-01 9.750760000000000538e-01 4.017799999999999844e-02 9.742760000000000309e-01 2.217459999999999987e-01 -9.990510000000000224e-01 4.290800000000000169e-02 -7.507999999999999917e-03
6.000000000000000000e+00 2.600000000000000000e+01 5.500000000000000000e+01 0.000000000000000000e+00 1.600000000000000089e+00 -1.603200000000000111e-02 -2.916540000000000243e-01 9.563890000000000446e-01 8.854000000000000759e-03 9.564329999999999776e-01 2.918160000000000198e-01 -9.998320000000000540e-01 1.314599999999999970e-02 -1.275100000000000018e-02
2.500000000000000000e+01 2.600000000000000000e+01 5.500000000000000000e+01 0.000000000000000000e+00 1.600000000000000089e+00 1.490999999999999921e-03 -1.273000000000000043e-03 -9.999980000000000535e-01 -4.302299999999999874e-02 -9.990729999999999889e-01 1.208000000000000089e-03 -9.990729999999999889e-01 4.302099999999999674e-02 -1.544000000000000017e-03
8.000000000000000000e+00 2.100000000000000000e+01 6.000000000000000000e+01 0.000000000000000000e+00 1.600000000000000089e+00 9.340000000000000429e-04 1.904000000000000093e-03 9.999980000000000535e-01 -9.559499999999999942e-02 9.954190000000000538e-01 -1.806000000000000097e-03 -9.954199999999999715e-01 -9.559299999999999742e-02 1.111000000000000008e-03
1.300000000000000000e+01 2.100000000000000000e+01 6.000000000000000000e+01 0.000000000000000000e+00 1.600000000000000089e+00 -3.750000000000000078e-04 4.530000000000000064e-04 1.000000000000000000e+00 -9.313299999999999357e-02 9.956540000000000390e-01 -4.859999999999999954e-04 -9.956540000000000390e-01 -9.313299999999999357e-02 -3.310000000000000225e-04
1.700000000000000000e+01 2.100000000000000000e+01 6.000000000000000000e+01 0.000000000000000000e+00 1.600000000000000089e+00 -3.800000000000000209e-04 2.380000000000000117e-04 1.000000000000000000e+00 -9.413900000000000046e-02 9.955589999999999717e-01 -2.719999999999999979e-04 -9.955589999999999717e-01 -9.413900000000000046e-02 -3.559999999999999797e-04
2.200000000000000000e+01 2.100000000000000000e+01 6.000000000000000000e+01 0.000000000000000000e+00 1.600000000000000089e+00 -6.660000000000000338e-04 -2.237999999999999972e-03 9.999970000000000248e-01 -9.475799999999999501e-02 9.954979999999999940e-01 2.164999999999999824e-03 -9.955000000000000515e-01 -9.475600000000000689e-02 -8.750000000000000182e-04
2.700000000000000000e+01 2.100000000000000000e+01 6.000000000000000000e+01 0.000000000000000000e+00 1.600000000000000089e+00 -9.990000000000001049e-04 -1.822999999999999968e-03 9.999980000000000535e-01 -9.489400000000000612e-02 9.954859999999999820e-01 1.719999999999999958e-03 -9.954870000000000108e-01 -9.489200000000000412e-02 -1.167999999999999984e-03
2.300000000000000000e+01 6.700000000000000000e+01 6.000000000000000000e+01 0.000000000000000000e+00 1.600000000000000089e+00 -6.880000000000000265e-04 -4.087999999999999620e-03 9.999909999999999632e-01 1.807719999999999883e-01 -9.835169999999999746e-01 -3.896000000000000157e-03 9.835249999999999826e-01 1.807680000000000120e-01 1.415999999999999941e-03
3.000000000000000000e+00 2.700000000000000000e+01 6.300000000000000000e+01 0.000000000000000000e+00 1.600000000000000089e+00 2.647000000000000047e-03 -4.866999999999999799e-03 9.999850000000000128e-01 -2.891750000000000154e-01 9.572610000000000285e-01 5.425000000000000135e-03 -9.572730000000000405e-01 -2.891850000000000254e-01 1.126000000000000048e-03
9.000000000000000000e+00 2.700000000000000000e+01 6.300000000000000000e+01 0.000000000000000000e+00 1.600000000000000089e+00 1.350999999999999987e-03 4.939999999999999947e-03 9.999869999999999592e-01 -2.809320000000000150e-01 9.597179999999999600e-01 -4.361000000000000293e-03 -9.597269999999999968e-01 -2.809229999999999783e-01 2.684999999999999887e-03
1.200000000000000000e+01 2.700000000000000000e+01 6.300000000000000000e+01 0.000000000000000000e+00 1.600000000000000089e+00 6.740000000000000114e-04 1.237000000000000035e-03 9.999989999999999712e-01 -2.801199999999999801e-01 9.599640000000000395e-01 -9.990000000000001049e-04 -9.599649999999999572e-01 -2.801190000000000069e-01 9.940000000000000918e-04
2.300000000000000000e+01 2.700000000000000000e+01 6.300000000000000000e+01 0.000000000000000000e+00 1.600000000000000089e+00 -1.523999999999999964e-03 -1.384999999999999946e-03 9.999980000000000535e-01 -2.790699999999999847e-01 9.602699999999999569e-01 9.049999999999999885e-04 -9.602690000000000392e-01 -2.790679999999999827e-01 -1.850000000000000082e-03
2.900000000000000000e+01 2.700000000000000000e+01 6.300000000000000000e+01 0.000000000000000000e+00 1.600000000000000089e+00 -1.103999999999999947e-03 -3.805999999999999921e-03 9.999919999999999920e-01 -2.817350000000000132e-01 9.594859999999999500e-01 3.340999999999999786e-03 -9.594920000000000115e-01 -2.817290000000000072e-01 -2.131000000000000082e-03
3.000000000000000000e+00 4.400000000000000000e+01 6.300000000000000000e+01 0.000000000000000000e+00 1.600000000000000089e+00 -4.041999999999999586e-03 -1.653500000000000109e-02 -9.998550000000000493e-01 -6.551660000000000261e-01 -7.553330000000000322e-01 1.514000000000000068e-02 -7.554739999999999789e-01 6.551320000000000476e-01 -7.779999999999999589e-03
6.000000000000000000e+00 4.400000000000000000e+01 6.300000000000000000e+01 0.000000000000000000e+00 1.600000000000000089e+00 -3.903999999999999918e-03 -1.015999999999999976e-03 -9.999919999999999920e-01 -6.449160000000000448e-01 -7.642470000000000097e-01 3.294000000000000053e-03 -7.642440000000000344e-01 6.449230000000000240e-01 2.328000000000000208e-03
1.200000000000000000e+01 4.400000000000000000e+01 6.300000000000000000e+01 0.000000000000000000e+00 1.600000000000000089e+00 1.972999999999999927e-03 2.442199999999999926e-02 -9.997000000000000330e-01 -6.362219999999999542e-01 -7.712440000000000406e-01 -2.009700000000000028e-02 -7.715039999999999676e-01 6.360700000000000243e-01 1.401600000000000068e-02
1.500000000000000000e+01 4.400000000000000000e+01 6.300000000000000000e+01 0.000000000000000000e+00 1.600000000000000089e+00 4.938999999999999814e-03 1.961399999999999949e-02 -9.997949999999999893e-01 -6.366239999999999677e-01 -7.709580000000000322e-01 -1.827000000000000152e-02 -7.711590000000000389e-01 6.365840000000000387e-01 8.678999999999999215e-03
2.100000000000000000e+01 4.400000000000000000e+01 6.300000000000000000e+01 0.000000000000000000e+00 1.600000000000000089e+00 -7.690000000000000438e-04 1.350000000000000071e-03 -9.999989999999999712e-01 -6.506579999999999586e-01 -7.593710000000000182e-01 -5.249999999999999676e-04 -7.593710000000000182e-01 6.506560000000000121e-01 1.461999999999999975e-03
2.600000000000000000e+01 4.400000000000000000e+01 6.300000000000000000e+01 0.000000000000000000e+00 1.600000000000000089e+00 5.019999999999999506e-04 1.393900000000000000e-02 -9.999029999999999863e-01 -6.598800000000000221e-01 -7.512940000000000174e-01 -1.080399999999999937e-02 -7.513710000000000111e-01 6.598209999999999908e-01 8.821000000000000715e-03
4.000000000000000000e+00 2.600000000000000000e+01 6.400000000000000000e+01 0.000000000000000000e+00 1.600000000000000089e+00 2.207999999999999893e-03 -1.941000000000000017e-03 9.999959999999999960e-01 -3.694549999999999779e-01 9.292449999999999877e-01 2.618999999999999800e-03 -9.292460000000000164e-01 -3.694589999999999819e-01 1.333999999999999899e-03
8.000000000000000000e+00 2.600000000000000000e+01 6.400000000000000000e+01 0.000000000000000000e+00 1.600000000000000089e+00 5.090000000000000123e-04 4.016999999999999738e-03 9.999919999999999920e-01 -3.679109999999999880e-01 9.298539999999999583e-01 -3.547999999999999939e-03 -9.298610000000000486e-01 -3.679069999999999840e-01 1.951000000000000043e-03
1.200000000000000000e+01 2.600000000000000000e+01 6.400000000000000000e+01 0.000000000000000000e+00 1.600000000000000089e+00 6.920000000000000153e-04 1.232999999999999938e-03 9.999989999999999712e-01 -3.694189999999999974e-01 9.292620000000000324e-01 -8.899999999999999491e-04 -9.292629999999999502e-01 -3.694180000000000241e-01 1.098999999999999934e-03
