1.500000000000000000e+01 1.600000000000000000e+01 4.000000000000000000e+00 0.000000000000000000e+00 1.600000000000000089e+00 -2.491000000000000159e-03 1.428000000000000016e-03 9.999959999999999960e-01 4.564719999999999889e-01 -8.897340000000000249e-01 2.407999999999999984e-03 8.897340000000000249e-01 4.564759999999999929e-01 1.564999999999999985e-03
8.000000000000000000e+00 1.010000000000000000e+02 7.000000000000000000e+00 0.000000000000000000e+00 1.600000000000000089e+00 -3.020000000000000223e-04 -3.611000000000000060e-03 9.999930000000000208e-01 8.856559999999999988e-01 4.643369999999999997e-01 1.943999999999999981e-03 -4.643410000000000037e-01 8.856509999999999661e-01 3.057999999999999954e-03
1.300000000000000000e+01 1.010000000000000000e+02 7.000000000000000000e+00 0.000000000000000000e+00 1.600000000000000089e+00 -1.191999999999999917e-03 -7.145999999999999575e-03 9.999740000000000295e-01 8.858340000000000103e-01 4.639820000000000055e-01 4.372000000000000018e-03 -4.640009999999999968e-01 8.858160000000000478e-01 5.777000000000000017e-03
2.000000000000000000e+00 2.500000000000000000e+01 8.000000000000000000e+00 0.000000000000000000e+00 1.600000000000000089e+00 3.370000000000000057e-04 -4.134999999999999787e-03 -9.999909999999999632e-01 4.477349999999999941e-01 8.941590000000000371e-01 -3.546999999999999806e-03 8.941660000000000164e-01 -4.477289999999999881e-01 2.152999999999999966e-03
1.700000000000000000e+01 2.500000000000000000e+01 8.000000000000000000e+00 0.000000000000000000e+00 1.600000000000000089e+00 1.977000000000000025e-03 2.419000000000000143e-03 -9.999949999999999672e-01 4.467969999999999997e-01 8.946300000000000363e-01 3.047999999999999928e-03 8.946330000000000116e-01 -4.468010000000000037e-01 6.880000000000000265e-04
2.100000000000000000e+01 2.500000000000000000e+01 8.000000000000000000e+00 0.000000000000000000e+00 1.600000000000000089e+00 2.752000000000000106e-03 8.260999999999999246e-03 -9.999620000000000175e-01 4.451209999999999889e-01 8.954290000000000305e-01 8.621999999999999456e-03 8.954659999999999842e-01 -4.451280000000000237e-01 -1.213000000000000102e-03
2.600000000000000000e+01 2.500000000000000000e+01 8.000000000000000000e+00 0.000000000000000000e+00 1.600000000000000089e+00 2.959999999999999849e-04 2.174999999999999850e-03 -9.999980000000000535e-01 4.436610000000000276e-01 8.961919999999999886e-01 2.080999999999999951e-03 8.961949999999999639e-01 -4.436599999999999988e-01 -6.999999999999999929e-04
3.000000000000000000e+01 2.500000000000000000e+01 8.000000000000000000e+00 0.000000000000000000e+00 1.600000000000000089e+00 1.510000000000000112e-04 6.237000000000000356e-03 -9.999810000000000088e-01 4.446760000000000157e-01 8.956739999999999702e-01 5.654000000000000171e-03 8.956910000000000149e-01 -4.446680000000000077e-01 -2.638000000000000154e-03
2.200000000000000000e+01 9.000000000000000000e+00 9.000000000000000000e+00 0.000000000000000000e+00 1.600000000000000089e+00 3.993000000000000022e-03 -7.849999999999999339e-03 -9.999609999999999888e-01 -9.447510000000000074e-01 -3.277869999999999950e-01 -1.198999999999999979e-03 -3.277649999999999730e-01 9.447189999999999754e-01 -8.725000000000000117e-03
2.900000000000000000e+01 9.000000000000000000e+00 9.000000000000000000e+00 0.000000000000000000e+00 1.600000000000000089e+00 -1.464099999999999950e-02 -1.958500000000000171e-02 -9.997009999999999508e-01 -9.441850000000000520e-01 -3.287919999999999732e-01 2.026999999999999982e-02 -3.290910000000000224e-01 9.441990000000000105e-01 -1.367799999999999919e-02
1.000000000000000000e+00 2.400000000000000000e+01 9.000000000000000000e+00 0.000000000000000000e+00 1.600000000000000089e+00 8.809999999999999472e-04 -6.441999999999999810e-03 -9.999789999999999512e-01 4.561040000000000094e-01 8.899110000000000076e-01 -5.330999999999999801e-03 8.899259999999999948e-01 -4.560890000000000222e-01 3.723000000000000181e-03
9.000000000000000000e+00 2.400000000000000000e+01 9.000000000000000000e+00 0.000000000000000000e+00 1.600000000000000089e+00 -1.183000000000000024e-03 -3.706999999999999792e-03 -9.999919999999999920e-01 4.545699999999999741e-01 8.907030000000000225e-01 -3.840000000000000097e-03 8.907100000000000017e-01 -4.545710000000000028e-01 6.310000000000000504e-04
1.300000000000000000e+01 2.400000000000000000e+01 9.000000000000000000e+00 0.000000000000000000e+00 1.600000000000000089e+00 -8.009999999999999542e-04 -3.833000000000000036e-03 -9.999919999999999920e-01 4.544210000000000194e-01 8.907789999999999875e-01 -3.778000000000000108e-03 8.907869999999999955e-01 -4.544199999999999906e-01 1.028999999999999967e-03
2.100000000000000000e+01 2.400000000000000000e+01 9.000000000000000000e+00 0.000000000000000000e+00 1.600000000000000089e+00 2.807000000000000033e-03 8.616000000000000394e-03 -9.999590000000000423e-01 4.527180000000000093e-01 8.916089999999999849e-01 8.952999999999999153e-03 8.916490000000000249e-01 -4.527240000000000153e-01 -1.397999999999999937e-03
2.400000000000000000e+01 2.400000000000000000e+01 9.000000000000000000e+00 0.000000000000000000e+00 1.600000000000000089e+00 1.268000000000000030e-03 2.141999999999999807e-03 -9.999970000000000248e-01 4.514750000000000152e-01 8.922799999999999621e-01 2.482999999999999964e-03 8.922830000000000483e-01 -4.514770000000000172e-01 1.649999999999999991e-04
5.000000000000000000e+00 3.500000000000000000e+01 1.200000000000000000e+01 0.000000000000000000e+00 1.600000000000000089e+00 -8.140000000000000534e-04 -5.050999999999999934e-03 -9.999869999999999592e-01 4.494609999999999994e-01 -8.932909999999999462e-01 4.146000000000000379e-03 -8.932999999999999829e-01 -4.494509999999999894e-01 2.997000000000000098e-03
1.300000000000000000e+01 3.500000000000000000e+01 1.200000000000000000e+01 0.000000000000000000e+00 1.600000000000000089e+00 8.509999999999999769e-04 -1.503999999999999912e-03 -9.999989999999999712e-01 4.424409999999999732e-01 -8.967960000000000376e-01 1.724999999999999971e-03 -8.967969999999999553e-01 -4.424420000000000019e-01 -9.699999999999999963e-05
1.700000000000000000e+01 3.500000000000000000e+01 1.200000000000000000e+01 0.000000000000000000e+00 1.600000000000000089e+00 -9.979999999999999722e-04 3.880999999999999901e-03 -9.999919999999999920e-01 4.399710000000000010e-01 -8.980040000000000244e-01 -3.924000000000000404e-03 -8.980120000000000324e-01 -4.399710000000000010e-01 -8.109999999999999805e-04
2.400000000000000000e+01 3.500000000000000000e+01 1.200000000000000000e+01 0.000000000000000000e+00 1.600000000000000089e+00 1.557999999999999923e-03 7.410000000000000137e-04 -9.999980000000000535e-01 4.598559999999999870e-01 -8.879939999999999500e-01 5.800000000000000034e-05 -8.879920000000000035e-01 -4.598550000000000137e-01 -1.724000000000000055e-03
2.700000000000000000e+01 3.500000000000000000e+01 1.200000000000000000e+01 0.000000000000000000e+00 1.600000000000000089e+00 1.141000000000000087e-03 -4.346000000000000037e-03 -9.999900000000000455e-01 4.630009999999999959e-01 -8.863469999999999960e-01 4.380000000000000213e-03 -8.863569999999999505e-01 -4.630020000000000246e-01 1.000000000000000021e-03
1.100000000000000000e+01 3.200000000000000000e+01 1.400000000000000000e+01 0.000000000000000000e+00 1.600000000000000089e+00 -9.409999999999999962e-04 1.126000000000000048e-03 -9.999989999999999712e-01 1.071560000000000012e-01 9.942419999999999591e-01 1.018999999999999941e-03 9.942419999999999591e-01 -1.071550000000000002e-01 -1.056999999999999997e-03
1.600000000000000000e+01 3.200000000000000000e+01 1.400000000000000000e+01 0.000000000000000000e+00 1.600000000000000089e+00 2.579999999999999828e-04 -3.616999999999999989e-03 -9.999930000000000208e-01 1.063759999999999983e-01 9.943199999999999816e-01 -3.569000000000000124e-03 9.943260000000000431e-01 -1.063739999999999963e-01 6.409999999999999682e-04
2.900000000000000000e+01 3.200000000000000000e+01 1.400000000000000000e+01 0.000000000000000000e+00 1.600000000000000089e+00 9.569999999999999514e-04 2.661999999999999870e-03 -9.999959999999999960e-01 1.028680000000000011e-01 9.946909999999999918e-01 2.746999999999999876e-03 9.946949999999999958e-01 -1.028700000000000031e-01 6.780000000000000002e-04
8.000000000000000000e+00 1.160000000000000000e+02 1.600000000000000000e+01 0.000000000000000000e+00 1.600000000000000089e+00 1.690000000000000096e-03 2.265000000000000086e-03 9.999959999999999960e-01 7.529449999999999754e-01 6.580770000000000231e-01 -2.762000000000000132e-03 -6.580810000000000271e-01 7.529470000000000329e-01 -5.929999999999999941e-04
2.500000000000000000e+01 1.160000000000000000e+02 1.600000000000000000e+01 0.000000000000000000e+00 1.600000000000000089e+00 5.980000000000000072e-04 1.206999999999999957e-03 9.999989999999999712e-01 7.054660000000000375e-01 7.087430000000000119e-01 -1.278000000000000056e-03 -7.087440000000000406e-01 7.054660000000000375e-01 -4.270000000000000249e-04
2.000000000000000000e+00 2.000000000000000000e+00 1.900000000000000000e+01 0.000000000000000000e+00 1.600000000000000089e+00 -8.700000000000000051e-05 8.564999999999999697e-03 -9.999630000000000463e-01 3.273150000000000226e-01 -9.448800000000000532e-01 -8.122000000000000747e-03 -9.449149999999999494e-01 -3.273039999999999838e-01 -2.722000000000000027e-03
6.000000000000000000e+00 2.000000000000000000e+00 1.900000000000000000e+01 0.000000000000000000e+00 1.600000000000000089e+00 -3.501000000000000206e-03 1.583299999999999985e-02 -9.998690000000000078e-01 3.268499999999999739e-01 -9.449389999999999734e-01 -1.610800000000000079e-02 -9.450699999999999656e-01 -3.268630000000000146e-01 -1.866999999999999953e-03
1.300000000000000000e+01 2.000000000000000000e+00 1.900000000000000000e+01 0.000000000000000000e+00 1.600000000000000089e+00 -8.040000000000000271e-04 1.941400000000000070e-02 -9.998110000000000053e-01 3.284500000000000197e-01 -9.443380000000000107e-01 -1.860099999999999948e-02 -9.445210000000000550e-01 -3.284030000000000005e-01 -5.617999999999999730e-03
1.900000000000000000e+01 2.000000000000000000e+00 1.900000000000000000e+01 0.000000000000000000e+00 1.600000000000000089e+00 4.300000000000000165e-05 4.111000000000000071e-03 -9.999919999999999920e-01 3.264870000000000272e-01 -9.451939999999999786e-01 -3.872000000000000008e-03 -9.452019999999999866e-01 -3.264839999999999964e-01 -1.382999999999999898e-03
2.500000000000000000e+01 2.000000000000000000e+00 1.900000000000000000e+01 0.000000000000000000e+00 1.600000000000000089e+00 9.380000000000000317e-04 6.279999999999999992e-03 -9.999799999999999800e-01 3.259369999999999767e-01 -9.453749999999999654e-01 -5.630999999999999721e-03 -9.453909999999999814e-01 -3.259250000000000203e-01 -2.932999999999999843e-03
1.000000000000000000e+00 3.000000000000000000e+00 1.900000000000000000e+01 0.000000000000000000e+00 1.600000000000000089e+00 -6.599999999999999964e-04 9.233999999999999153e-03 -9.999569999999999848e-01 3.020990000000000064e-01 -9.532340000000000257e-01 -9.001999999999999585e-03 -9.532760000000000122e-01 -3.020920000000000272e-01 -2.160000000000000028e-03
1.200000000000000000e+01 3.000000000000000000e+00 1.900000000000000000e+01 0.000000000000000000e+00 1.600000000000000089e+00 -1.345999999999999974e-03 1.847800000000000137e-02 -9.998280000000000500e-01 3.000249999999999861e-01 -9.537609999999999699e-01 -1.803099999999999842e-02 -9.539309999999999734e-01 -2.999970000000000137e-01 -4.259999999999999898e-03
4.000000000000000000e+00 1.300000000000000000e+01 2.000000000000000000e+01 0.000000000000000000e+00 1.600000000000000089e+00 -9.000000000000000567e-05 -2.559999999999999884e-04 1.000000000000000000e+00 2.602570000000000161e-01 9.655390000000000361e-01 2.700000000000000035e-04 -9.655390000000000361e-01 2.602570000000000161e-01 -2.000000000000000164e-05
7.000000000000000000e+00 1.300000000000000000e+01 2.000000000000000000e+01 0.000000000000000000e+00 1.600000000000000089e+00 -6.400000000000000524e-04 -3.294000000000000053e-03 9.999940000000000495e-01 2.603880000000000083e-01 9.654979999999999674e-01 3.347000000000000149e-03 -9.655040000000000289e-01 2.603889999999999816e-01 2.400000000000000061e-04
1.200000000000000000e+01 1.300000000000000000e+01 2.000000000000000000e+01 0.000000000000000000e+00 1.600000000000000089e+00 -1.311000000000000099e-03 -6.669999999999999497e-04 9.999989999999999712e-01 2.622849999999999904e-01 9.649900000000000144e-01 9.870000000000000301e-04 -9.649900000000000144e-01 2.622860000000000191e-01 -1.090999999999999956e-03
1.900000000000000000e+01 1.300000000000000000e+01 2.000000000000000000e+01 0.000000000000000000e+00 1.600000000000000089e+00 5.800000000000000034e-04 2.570000000000000127e-04 1.000000000000000000e+00 2.627519999999999856e-01 9.648630000000000262e-01 -4.000000000000000192e-04 -9.648630000000000262e-01 2.627519999999999856e-01 4.920000000000000328e-04
2.400000000000000000e+01 1.300000000000000000e+01 2.000000000000000000e+01 0.000000000000000000e+00 1.600000000000000089e+00 1.608000000000000054e-03 -2.390000000000000089e-04 9.999989999999999712e-01 2.625620000000000176e-01 9.649149999999999672e-01 -1.920000000000000049e-04 -9.649140000000000494e-01 2.625620000000000176e-01 1.613999999999999983e-03
2.900000000000000000e+01 1.300000000000000000e+01 2.000000000000000000e+01 0.000000000000000000e+00 1.600000000000000089e+00 -5.259999999999999919e-04 -2.380000000000000117e-04 1.000000000000000000e+00 2.637590000000000212e-01 9.645890000000000297e-01 3.680000000000000003e-04 -9.645890000000000297e-01 2.637590000000000212e-01 -4.440000000000000045e-04
1.000000000000000000e+01 5.000000000000000000e+01 2.200000000000000000e+01 0.000000000000000000e+00 1.600000000000000089e+00 -7.200000000000000182e-05 1.832999999999999994e-03 -9.999980000000000535e-01 -5.622920000000000140e-01 8.269379999999999509e-01 1.557000000000000007e-03 8.269389999999999796e-01 5.622909999999999853e-01 9.709999999999999664e-04
1.900000000000000000e+01 5.000000000000000000e+01 2.200000000000000000e+01 0.000000000000000000e+00 1.600000000000000089e+00 -2.203999999999999796e-03 2.750000000000000166e-04 -9.999970000000000248e-01 -5.650269999999999460e-01 8.250709999999999988e-01 1.472000000000000001e-03 8.250690000000000524e-01 5.650290000000000035e-01 -1.662999999999999982e-03
2.500000000000000000e+01 5.000000000000000000e+01 2.200000000000000000e+01 0.000000000000000000e+00 1.600000000000000089e+00 9.300000000000000541e-04 3.808000000000000187e-03 -9.999919999999999920e-01 -5.644599999999999618e-01 8.254559999999999675e-01 2.618000000000000101e-03 8.254599999999999715e-01 5.644529999999999825e-01 2.916999999999999888e-03
1.000000000000000000e+00 2.000000000000000000e+00 2.500000000000000000e+01 0.000000000000000000e+00 1.600000000000000089e+00 -2.612000000000000172e-03 3.543000000000000142e-03 9.999900000000000455e-01 6.047899999999999804e-02 -9.981630000000000225e-01 3.693999999999999801e-03 9.981659999999999977e-01 6.048800000000000010e-02 2.393000000000000162e-03
2.000000000000000000e+00 3.000000000000000000e+00 2.500000000000000000e+01 0.000000000000000000e+00 1.600000000000000089e+00 -1.547999999999999897e-03 4.649000000000000354e-03 9.999879999999999880e-01 -1.949199999999999891e-02 -9.997989999999999933e-01 4.617999999999999709e-03 9.998089999999999478e-01 -1.948400000000000132e-02 1.639000000000000049e-03
7.000000000000000000e+00 3.000000000000000000e+00 2.500000000000000000e+01 0.000000000000000000e+00 1.600000000000000089e+00 -4.987000000000000113e-03 1.414499999999999959e-02 9.998869999999999703e-01 -1.383000000000000028e-02 -9.998050000000000548e-01 1.407500000000000070e-02 9.998920000000000030e-01 -1.375799999999999940e-02 5.181999999999999974e-03
1.300000000000000000e+01 3.000000000000000000e+00 2.500000000000000000e+01 0.000000000000000000e+00 1.600000000000000089e+00 -3.340999999999999786e-03 8.887000000000000802e-03 9.999550000000000383e-01 -3.465000000000000198e-03 -9.999550000000000383e-01 8.874999999999999209e-03 9.999879999999999880e-01 -3.435000000000000119e-03 3.371999999999999997e-03
1.700000000000000000e+01 3.000000000000000000e+00 2.500000000000000000e+01 0.000000000000000000e+00 1.600000000000000089e+00 -6.620000000000000450e-04 -4.749999999999999990e-04 1.000000000000000000e+00 -1.466999999999999988e-03 -9.999989999999999712e-01 -4.760000000000000234e-04 9.999989999999999712e-01 -1.466999999999999988e-03 6.620000000000000450e-04
2.200000000000000000e+01 3.000000000000000000e+00 2.500000000000000000e+01 0.000000000000000000e+00 1.600000000000000089e+00 -4.105000000000000142e-03 5.781999999999999813e-03 9.999749999999999472e-01 8.189999999999999581e-04 -9.999829999999999552e-01 5.786000000000000344e-03 9.999909999999999632e-01 8.429999999999999993e-04 4.100000000000000346e-03
2.600000000000000000e+01 3.000000000000000000e+00 2.500000000000000000e+01 0.000000000000000000e+00 1.600000000000000089e+00 -3.976999999999999633e-03 1.263999999999999933e-03 9.999909999999999632e-01 8.534999999999999185e-03 -9.999630000000000463e-01 1.297999999999999892e-03 9.999559999999999560e-01 8.540000000000000716e-03 3.965999999999999907e-03
1.000000000000000000e+00 4.600000000000000000e+01 2.700000000000000000e+01 0.000000000000000000e+00 1.600000000000000089e+00 -2.060999999999999898e-03 -2.729000000000000089e-03 -9.999940000000000495e-01 6.661639999999999784e-01 7.457970000000000432e-01 -3.408000000000000005e-03 7.458019999999999650e-01 -6.661669999999999536e-01 2.809999999999999998e-04
4.000000000000000000e+00 4.600000000000000000e+01 3.000000000000000000e+01 0.000000000000000000e+00 1.600000000000000089e+00 -2.416999999999999878e-03 -2.890000000000000208e-03 -9.999930000000000208e-01 3.309389999999999832e-01 9.436459999999999848e-01 -3.527000000000000187e-03 9.436489999999999601e-01 -3.309449999999999892e-01 -1.324000000000000090e-03
1.100000000000000000e+01 4.600000000000000000e+01 3.000000000000000000e+01 0.000000000000000000e+00 1.600000000000000089e+00 1.099999999999999971e-05 -1.110000000000000011e-04 -1.000000000000000000e+00 3.352350000000000052e-01 9.421349999999999447e-01 -1.010000000000000020e-04 9.421349999999999447e-01 -3.352350000000000052e-01 4.699999999999999724e-05
3.000000000000000000e+00 5.800000000000000000e+01 3.100000000000000000e+01 0.000000000000000000e+00 1.600000000000000089e+00 7.139999999999999646e-03 7.841000000000000747e-03 9.999440000000000550e-01 -7.585589999999999833e-01 -6.515199999999999880e-01 1.052499999999999963e-02 6.515649999999999498e-01 -7.585910000000000153e-01 1.296000000000000060e-03
1.100000000000000000e+01 5.800000000000000000e+01 3.100000000000000000e+01 0.000000000000000000e+00 1.600000000000000089e+00 3.667000000000000121e-03 5.171000000000000249e-03 9.999799999999999800e-01 -7.571759999999999602e-01 -6.531820000000000404e-01 6.153999999999999748e-03 6.532010000000000316e-01 -7.571830000000000505e-01 1.520000000000000084e-03
2.200000000000000000e+01 5.800000000000000000e+01 3.100000000000000000e+01 0.000000000000000000e+00 1.600000000000000089e+00 -1.018999999999999941e-03 2.857000000000000164e-03 9.999949999999999672e-01 -7.533779999999999921e-01 -6.575870000000000326e-01 1.111000000000000008e-03 6.575870000000000326e-01 -7.533729999999999594e-01 2.821999999999999856e-03
2.100000000000000000e+01 2.300000000000000000e+01 3.400000000000000000e+01 0.000000000000000000e+00 1.600000000000000089e+00 6.300000000000000261e-04 -2.288999999999999802e-03 9.999970000000000248e-01 3.965810000000000168e-01 -9.179969999999999519e-01 -2.350999999999999791e-03 9.180000000000000382e-01 3.965810000000000168e-01 3.289999999999999739e-04
5.000000000000000000e+00 4.600000000000000000e+01 3.500000000000000000e+01 0.000000000000000000e+00 1.600000000000000089e+00 2.590000000000000071e-04 7.839999999999999747e-04 -1.000000000000000000e+00 3.934980000000000144e-01 -9.193249999999999478e-01 -6.189999999999999756e-04 -9.193249999999999478e-01 -3.934980000000000144e-01 -5.469999999999999602e-04
9.000000000000000000e+00 4.600000000000000000e+01 3.500000000000000000e+01 0.000000000000000000e+00 1.600000000000000089e+00 5.580000000000000107e-04 -1.593000000000000015e-03 -9.999989999999999712e-01 3.926200000000000245e-01 -9.196990000000000443e-01 1.683999999999999950e-03 -9.197009999999999907e-01 -3.926200000000000245e-01 1.119999999999999983e-04
1.200000000000000000e+01 4.600000000000000000e+01 3.500000000000000000e+01 0.000000000000000000e+00 1.600000000000000089e+00 -1.520000000000000084e-04 -2.429999999999999868e-03 -9.999970000000000248e-01 3.926560000000000050e-01 -9.196830000000000283e-01 2.174999999999999850e-03 -9.196849999999999747e-01 -3.926540000000000030e-01 1.093999999999999920e-03
2.000000000000000000e+01 4.600000000000000000e+01 3.500000000000000000e+01 0.000000000000000000e+00 1.600000000000000089e+00 6.120000000000000223e-04 1.482000000000000027e-03 -9.999989999999999712e-01 3.912470000000000114e-01 -9.202850000000000197e-01 -1.124999999999999915e-03 -9.202860000000000484e-01 -3.912450000000000094e-01 -1.142999999999999919e-03
2.400000000000000000e+01 4.600000000000000000e+01 3.500000000000000000e+01 0.000000000000000000e+00 1.600000000000000089e+00 1.061000000000000094e-03 8.559999999999999901e-04 -9.999989999999999712e-01 3.898619999999999863e-01 -9.208730000000000526e-01 -3.750000000000000078e-04 -9.208730000000000526e-01 -3.898619999999999863e-01 -1.311000000000000099e-03
2.700000000000000000e+01 4.600000000000000000e+01 3.500000000000000000e+01 0.000000000000000000e+00 1.600000000000000089e+00 -5.899999999999999754e-05 1.472999999999999917e-03 -9.999989999999999712e-01 3.887430000000000052e-01 -9.213449999999999696e-01 -1.379999999999999933e-03 -9.213459999999999983e-01 -3.887430000000000052e-01 -5.180000000000000143e-04
3.000000000000000000e+00 3.000000000000000000e+00 4.300000000000000000e+01 0.000000000000000000e+00 1.600000000000000089e+00 -3.863999999999999813e-03 -5.231999999999999672e-03 -9.999789999999999512e-01 7.398400000000000531e-01 -6.727830000000000199e-01 6.610000000000000207e-04 -6.727720000000000367e-01 -7.398219999999999796e-01 6.471000000000000189e-03
1.200000000000000000e+01 3.000000000000000000e+00 4.300000000000000000e+01 0.000000000000000000e+00 1.600000000000000089e+00 -6.000000000000000152e-06 -1.037100000000000001e-02 -9.999460000000000015e-01 7.439299999999999802e-01 -6.682219999999999827e-01 6.925999999999999865e-03 -6.682580000000000187e-01 -7.438900000000000512e-01 7.719000000000000167e-03
1.800000000000000000e+01 3.000000000000000000e+00 4.300000000000000000e+01 0.000000000000000000e+00 1.600000000000000089e+00 -4.124000000000000062e-03 -1.051599999999999931e-02 -9.999360000000000470e-01 7.402710000000000123e-01 -6.722960000000000047e-01 4.016999999999999738e-03 -6.722949999999999759e-01 -7.402079999999999771e-01 1.055700000000000041e-02
2.700000000000000000e+01 3.000000000000000000e+00 4.300000000000000000e+01 0.000000000000000000e+00 1.600000000000000089e+00 7.240000000000000342e-04 2.174999999999999850e-03 -9.999970000000000248e-01 7.352790000000000159e-01 -6.777640000000000331e-01 -9.420000000000000205e-04 -6.777640000000000331e-01 -7.352760000000000407e-01 -2.089999999999999844e-03
1.400000000000000000e+01 8.000000000000000000e+00 4.400000000000000000e+01 0.000000000000000000e+00 1.600000000000000089e+00 -1.820000000000000057e-04 -2.732000000000000053e-03 9.999959999999999960e-01 -7.833440000000000403e-01 -6.215859999999999719e-01 -1.840999999999999972e-03 6.215889999999999471e-01 -7.833409999999999540e-01 -2.027000000000000156e-03
3.000000000000000000e+00 2.900000000000000000e+01 4.400000000000000000e+01 0.000000000000000000e+00 1.600000000000000089e+00 -1.119999999999999902e-03 -1.830000000000000029e-04 -9.999989999999999712e-01 6.573839999999999684e-01 7.535549999999999748e-01 -8.739999999999999939e-04 7.535549999999999748e-01 -6.573849999999999971e-01 -7.240000000000000342e-04
9.000000000000000000e+00 2.900000000000000000e+01 4.400000000000000000e+01 0.000000000000000000e+00 1.600000000000000089e+00 1.119999999999999983e-04 -1.332000000000000068e-03 -9.999989999999999712e-01 6.583780000000000188e-01 7.526869999999999949e-01 -9.280000000000000054e-04 7.526869999999999949e-01 -6.583780000000000188e-01 9.610000000000000486e-04
1.300000000000000000e+01 2.900000000000000000e+01 4.400000000000000000e+01 0.000000000000000000e+00 1.600000000000000089e+00 7.079999999999999705e-04 -2.550000000000000183e-04 -1.000000000000000000e+00 6.598389999999999533e-01 7.514070000000000471e-01 2.750000000000000166e-04 7.514060000000000183e-01 -6.598399999999999821e-01 6.999999999999999929e-04
1.800000000000000000e+01 2.900000000000000000e+01 4.400000000000000000e+01 0.000000000000000000e+00 1.600000000000000089e+00 2.990000000000000036e-04 3.152999999999999987e-03 -9.999949999999999672e-01 6.559789999999999788e-01 7.547749999999999737e-01 2.576000000000000165e-03 7.547789999999999777e-01 -6.559760000000000035e-01 -1.842000000000000104e-03
2.200000000000000000e+01 2.900000000000000000e+01 4.400000000000000000e+01 0.000000000000000000e+00 1.600000000000000089e+00 6.809999999999999647e-04 1.765000000000000076e-03 -9.999980000000000535e-01 6.567610000000000392e-01 7.540959999999999885e-01 1.778000000000000067e-03 7.540980000000000461e-01 -6.567610000000000392e-01 -6.459999999999999814e-04
2.600000000000000000e+01 2.900000000000000000e+01 4.400000000000000000e+01 0.000000000000000000e+00 1.600000000000000089e+00 1.359999999999999989e-04 1.428999999999999932e-03 -9.999989999999999712e-01 6.587300000000000377e-01 7.523779999999999912e-01 1.164000000000000104e-03 7.523790000000000200e-01 -6.587300000000000377e-01 -8.390000000000000105e-04
3.000000000000000000e+00 6.500000000000000000e+01 4.600000000000000000e+01 0.000000000000000000e+00 1.600000000000000089e+00 1.487999999999999956e-03 -1.343000000000000010e-03 9.999980000000000535e-01 6.774019999999999486e-01 -7.356099999999999861e-01 -1.995999999999999944e-03 7.356110000000000149e-01 6.774040000000000061e-01 -1.849999999999999973e-04
1.600000000000000000e+01 7.400000000000000000e+01 4.900000000000000000e+01 0.000000000000000000e+00 1.600000000000000089e+00 1.711000000000000064e-03 -5.334000000000000200e-03 9.999839999999999840e-01 -9.820520000000000360e-01 1.885920000000000096e-01 2.686000000000000019e-03 -1.886029999999999929e-01 -9.820410000000000528e-01 -4.915000000000000098e-03
2.000000000000000000e+00 5.000000000000000000e+00 5.100000000000000000e+01 0.000000000000000000e+00 1.600000000000000089e+00 -4.179999999999999688e-03 -5.474999999999999832e-03 -9.999759999999999760e-01 4.889830000000000010e-01 -8.722889999999999810e-01 2.732000000000000053e-03 -8.722830000000000306e-01 -4.889600000000000057e-01 6.322999999999999628e-03
5.000000000000000000e+00 5.000000000000000000e+00 5.100000000000000000e+01 0.000000000000000000e+00 1.600000000000000089e+00 -2.067999999999999960e-03 -1.307999999999999918e-03 -9.999970000000000248e-01 4.944490000000000274e-01 -8.692060000000000342e-01 1.140000000000000063e-04 -8.692039999999999766e-01 -4.944479999999999986e-01 2.443999999999999992e-03
8.000000000000000000e+00 5.000000000000000000e+00 5.100000000000000000e+01 0.000000000000000000e+00 1.600000000000000089e+00 -3.128000000000000138e-03 1.289999999999999914e-04 -9.999949999999999672e-01 4.942289999999999739e-01 -8.693300000000000471e-01 -1.657999999999999969e-03 -8.693260000000000431e-01 -4.942320000000000046e-01 2.655999999999999941e-03
1.300000000000000000e+01 5.000000000000000000e+00 5.100000000000000000e+01 0.000000000000000000e+00 1.600000000000000089e+00 -3.930000000000000117e-04 -2.256000000000000193e-03 -9.999970000000000248e-01 4.901590000000000114e-01 -8.716319999999999624e-01 1.773999999999999969e-03 -8.716329999999999911e-01 -4.901570000000000094e-01 1.448000000000000068e-03
2.100000000000000000e+01 7.000000000000000000e+00 5.200000000000000000e+01 0.000000000000000000e+00 1.600000000000000089e+00 -3.403999999999999908e-03 2.237999999999999972e-03 -9.999919999999999920e-01 1.169110000000000010e-01 -9.931389999999999940e-01 -2.619999999999999933e-03 -9.931370000000000475e-01 -1.169189999999999952e-01 3.118999999999999811e-03
8.000000000000000000e+00 6.300000000000000000e+01 5.400000000000000000e+01 0.000000000000000000e+00 1.600000000000000089e+00 2.951000000000000064e-03 5.250000000000000326e-03 9.999820000000000375e-01 -3.379369999999999874e-01 9.411610000000000253e-01 -3.943999999999999589e-03 -9.411640000000000006e-01 -3.379190000000000249e-01 4.551000000000000358e-03
1.500000000000000000e+01 6.300000000000000000e+01 5.400000000000000000e+01 0.000000000000000000e+00 1.600000000000000089e+00 -6.130000000000000466e-04 -4.956999999999999601e-03 9.999879999999999880e-01 -3.452729999999999966e-01 9.384919999999999929e-01 4.440999999999999635e-03 -9.385019999999999474e-01 -3.452660000000000173e-01 -2.286999999999999970e-03
1.900000000000000000e+01 6.300000000000000000e+01 5.400000000000000000e+01 0.000000000000000000e+00 1.600000000000000089e+00 -9.439999999999999607e-04 -7.367000000000000284e-03 9.999719999999999720e-01 -3.440949999999999842e-01 9.389119999999999688e-01 6.591999999999999769e-03 -9.389340000000000463e-01 -3.440799999999999970e-01 -3.420999999999999996e-03
2.300000000000000000e+01 6.300000000000000000e+01 5.400000000000000000e+01 0.000000000000000000e+00 1.600000000000000089e+00 -3.399999999999999973e-05 -3.586999999999999911e-03 9.999940000000000495e-01 -3.388209999999999833e-01 9.408450000000000424e-01 3.363000000000000104e-03 -9.408509999999999929e-01 -3.388180000000000081e-01 -1.247999999999999977e-03
2.500000000000000000e+01 6.300000000000000000e+01 5.400000000000000000e+01 0.000000000000000000e+00 1.600000000000000089e+00 4.889999999999999599e-04 -5.569999999999999864e-04 1.000000000000000000e+00 -3.400869999999999727e-01 9.403939999999999522e-01 6.899999999999999667e-04 -9.403939999999999522e-01 -3.400869999999999727e-01 2.700000000000000035e-04
2.900000000000000000e+01 6.300000000000000000e+01 5.400000000000000000e+01 0.000000000000000000e+00 1.600000000000000089e+00 2.177999999999999815e-03 1.569999999999999944e-04 9.999980000000000535e-01 -3.444849999999999857e-01 9.387919999999999598e-01 6.030000000000000204e-04 -9.387889999999999846e-01 -3.444860000000000144e-01 2.099000000000000171e-03
6.000000000000000000e+00 2.500000000000000000e+01 5.500000000000000000e+01 0.000000000000000000e+00 1.600000000000000089e+00 -2.083999999999999915e-03 -1.949999999999999910e-03 -9.999959999999999960e-01 -1.324600000000000083e-02 -9.999099999999999655e-01 1.977000000000000025e-03 -9.999099999999999655e-01 1.324999999999999963e-02 2.057999999999999934e-03
1.000000000000000000e+01 2.500000000000000000e+01 5.500000000000000000e+01 0.000000000000000000e+00 1.600000000000000089e+00 1.126000000000000048e-03 1.575000000000000011e-03 -9.999980000000000535e-01 -1.203300000000000029e-02 -9.999259999999999815e-01 -1.588999999999999918e-03 -9.999270000000000103e-01 1.203399999999999956e-02 -1.106999999999999911e-03
1.600000000000000000e+01 2.500000000000000000e+01 5.500000000000000000e+01 0.000000000000000000e+00 1.600000000000000089e+00 6.250000000000000130e-04 1.069000000000000072e-03 -9.999989999999999712e-01 -1.090799999999999929e-02 -9.999400000000000510e-01 -1.075999999999999917e-03 -9.999400000000000510e-01 1.090900000000000029e-02 -6.130000000000000466e-04
2.000000000000000000e+01 2.500000000000000000e+01 5.500000000000000000e+01 0.000000000000000000e+00 1.600000000000000089e+00 -1.240000000000000054e-04 -7.519999999999999558e-04 -1.000000000000000000e+00 -1.085799999999999960e-02 -9.999409999999999688e-01 7.529999999999999801e-04 -9.999409999999999688e-01 1.085799999999999960e-02 1.160000000000000007e-04
2.500000000000000000e+01 2.500000000000000000e+01 5.500000000000000000e+01 0.000000000000000000e+00 1.600000000000000089e+00 -1.049000000000000019e-03 5.820000000000000520e-04 -9.999989999999999712e-01 -1.017999999999999981e-02 -9.999479999999999480e-01 -5.720000000000000258e-04 -9.999479999999999480e-01 1.017900000000000055e-02 1.054999999999999948e-03
5.000000000000000000e+00 2.100000000000000000e+01 6.000000000000000000e+01 0.000000000000000000e+00 1.600000000000000089e+00 4.850000000000000253e-04 3.009999999999999980e-04 1.000000000000000000e+00 -9.307300000000000295e-02 9.956589999999999607e-01 -2.539999999999999940e-04 -9.956589999999999607e-01 -9.307300000000000295e-02 5.100000000000000366e-04
1.000000000000000000e+01 2.100000000000000000e+01 6.000000000000000000e+01 0.000000000000000000e+00 1.600000000000000089e+00 -1.691000000000000012e-03 4.119000000000000265e-03 9.999900000000000455e-01 -9.517699999999999771e-02 9.954509999999999748e-01 -4.261000000000000031e-03 -9.954589999999999828e-01 -9.518300000000000372e-02 -1.291000000000000047e-03
1.700000000000000000e+01 2.100000000000000000e+01 6.000000000000000000e+01 0.000000000000000000e+00 1.600000000000000089e+00 -6.970000000000000284e-04 4.300000000000000165e-05 1.000000000000000000e+00 -9.201499999999999957e-02 9.957580000000000320e-01 -1.069999999999999988e-04 -9.957570000000000032e-01 -9.201600000000000057e-02 -6.899999999999999667e-04
2.100000000000000000e+01 2.100000000000000000e+01 6.000000000000000000e+01 0.000000000000000000e+00 1.600000000000000089e+00 9.600000000000000243e-05 -1.679999999999999907e-04 1.000000000000000000e+00 -9.312600000000000044e-02 9.956540000000000390e-01 1.759999999999999954e-04 -9.956540000000000390e-01 -9.312600000000000044e-02 8.000000000000000654e-05
2.800000000000000000e+01 2.100000000000000000e+01 6.000000000000000000e+01 0.000000000000000000e+00 1.600000000000000089e+00 -5.929999999999999941e-04 -1.182300000000000018e-02 9.999299999999999855e-01 -9.317699999999999594e-02 9.955810000000000493e-01 1.171600000000000072e-02 -9.956490000000000062e-01 -9.316399999999999681e-02 -1.691999999999999928e-03
1.300000000000000000e+01 6.700000000000000000e+01 6.000000000000000000e+01 0.000000000000000000e+00 1.600000000000000089e+00 1.770000000000000089e-03 8.300000000000000086e-04 9.999980000000000535e-01 1.736929999999999863e-01 -9.848000000000000087e-01 5.100000000000000366e-04 9.847979999999999512e-01 1.736920000000000130e-01 -1.887000000000000005e-03
4.000000000000000000e+00 3.000000000000000000e+00 6.300000000000000000e+01 0.000000000000000000e+00 1.600000000000000089e+00 -1.551000000000000078e-03 5.165000000000000320e-03 9.999850000000000128e-01 -6.095209999999999795e-01 7.927539999999999587e-01 -5.040000000000000209e-03 -7.927680000000000282e-01 -6.095199999999999507e-01 1.918000000000000000e-03
2.200000000000000000e+01 3.000000000000000000e+00 6.300000000000000000e+01 0.000000000000000000e+00 1.600000000000000089e+00 -5.800000000000000034e-04 3.750000000000000078e-04 1.000000000000000000e+00 -6.186270000000000380e-01 7.856849999999999667e-01 -6.539999999999999590e-04 -7.856849999999999667e-01 -6.186270000000000380e-01 -2.239999999999999966e-04
1.000000000000000000e+00 2.700000000000000000e+01 6.300000000000000000e+01 0.000000000000000000e+00 1.600000000000000089e+00 4.047000000000000250e-03 -5.693000000000000144e-03 9.999759999999999760e-01 -2.816730000000000067e-01 9.594880000000000075e-01 6.603000000000000362e-03 -9.595019999999999660e-01 -2.816930000000000267e-01 2.279999999999999909e-03
8.000000000000000000e+00 2.700000000000000000e+01 6.300000000000000000e+01 0.000000000000000000e+00 1.600000000000000089e+00 -1.172999999999999998e-03 -6.480000000000000300e-04 9.999989999999999712e-01 -2.820570000000000022e-01 9.593979999999999730e-01 2.910000000000000260e-04 -9.593970000000000553e-01 -2.820559999999999734e-01 -1.307999999999999918e-03
1.900000000000000000e+01 2.700000000000000000e+01 6.300000000000000000e+01 0.000000000000000000e+00 1.600000000000000089e+00 -9.840000000000000656e-04 -4.344999999999999904e-03 9.999900000000000455e-01 -2.774570000000000092e-01 9.607299999999999729e-01 3.900999999999999954e-03 -9.607379999999999809e-01 -2.774499999999999744e-01 -2.151000000000000134e-03
2.600000000000000000e+01 2.700000000000000000e+01 6.300000000000000000e+01 0.000000000000000000e+00 1.600000000000000089e+00 2.049000000000000040e-03 3.174999999999999871e-03 9.999930000000000208e-01 -2.768880000000000230e-01 9.608989999999999476e-01 -2.484000000000000097e-03 -9.608999999999999764e-01 -2.768809999999999882e-01 2.847999999999999837e-03
3.000000000000000000e+00 2.600000000000000000e+01 6.400000000000000000e+01 0.000000000000000000e+00 1.600000000000000089e+00 4.688000000000000327e-03 -6.418000000000000094e-03 9.999679999999999680e-01 -3.724799999999999778e-01 9.280080000000000551e-01 7.701999999999999645e-03 -9.280279999999999641e-01 -3.725040000000000018e-01 1.959999999999999937e-03
7.000000000000000000e+00 2.600000000000000000e+01 6.400000000000000000e+01 0.000000000000000000e+00 1.600000000000000089e+00 -7.640000000000000306e-04 -3.164000000000000146e-03 9.999949999999999672e-01 -3.728500000000000147e-01 9.278880000000000461e-01 2.651000000000000145e-03 -9.278910000000000213e-01 -3.728460000000000107e-01 -1.887999999999999921e-03
1.100000000000000000e+01 2.600000000000000000e+01 6.400000000000000000e+01 0.000000000000000000e+00 1.600000000000000089e+00 -2.889999999999999774e-04 -3.004999999999999859e-03 9.999949999999999672e-01 -3.681369999999999920e-01 9.297680000000000389e-01 2.687000000000000152e-03 -9.297710000000000141e-01 -3.681349999999999900e-01 -1.374999999999999920e-03
2.000000000000000000e+01 2.600000000000000000e+01 6.400000000000000000e+01 0.000000000000000000e+00 1.600000000000000089e+00 -5.770000000000000389e-04 -4.160999999999999768e-03 9.999909999999999632e-01 -3.702880000000000060e-01 9.289100000000000135e-01 3.651999999999999864e-03 -9.289169999999999927e-01 -3.702820000000000000e-01 -2.076999999999999853e-03
2.400000000000000000e+01 2.600000000000000000e+01 6.400000000000000000e+01 0.000000000000000000e+00 1.600000000000000089e+00 1.036000000000000029e-03 -1.115000000000000106e-03 9.999989999999999712e-01 -3.699270000000000058e-01 9.290599999999999969e-01 1.418999999999999906e-03 -9.290599999999999969e-01 -3.699279999999999791e-01 5.500000000000000331e-04
2.700000000000000000e+01 2.600000000000000000e+01 6.400000000000000000e+01 0.000000000000000000e+00 1.600000000000000089e+00 1.807000000000000012e-03 5.155999999999999993e-03 9.999850000000000128e-01 -3.672839999999999994e-01 9.301000000000000378e-01 -4.132000000000000256e-03 -9.301070000000000171e-01 -3.672710000000000141e-01 3.573999999999999920e-03
3.000000000000000000e+00 6.900000000000000000e+01 6.600000000000000000e+01 0.000000000000000000e+00 1.600000000000000089e+00 -5.074000000000000385e-03 5.372000000000000039e-03 9.999730000000000008e-01 -9.491370000000000084e-01 3.147969999999999935e-01 -6.506999999999999763e-03 -3.148230000000000195e-01 -9.491439999999999877e-01 3.501000000000000206e-03
1.000000000000000000e+01 6.900000000000000000e+01 6.600000000000000000e+01 0.000000000000000000e+00 1.600000000000000089e+00 -5.069999999999999637e-04 -5.370999999999999906e-03 9.999850000000000128e-01 -9.512720000000000065e-01 3.083489999999999842e-01 1.173999999999999913e-03 -3.083509999999999862e-01 -9.512580000000000480e-01 -5.265999999999999848e-03
1.700000000000000000e+01 6.900000000000000000e+01 6.600000000000000000e+01 0.000000000000000000e+00 1.600000000000000089e+00 6.048999999999999690e-03 1.003999999999999901e-03 9.999810000000000088e-01 -9.485740000000000283e-01 3.165100000000000136e-01 5.420000000000000338e-03 -3.164989999999999748e-01 -9.485890000000000155e-01 2.867000000000000191e-03
1.400000000000000000e+01 3.100000000000000000e+01 7.100000000000000000e+01 0.000000000000000000e+00 1.600000000000000089e+00 6.250000000000000130e-04 1.327000000000000055e-03 -9.999989999999999712e-01 -7.287249999999999561e-01 -6.848049999999999971e-01 -1.363999999999999978e-03 -6.848070000000000546e-01 7.287249999999999561e-01 5.389999999999999826e-04
