5.000000000000000000e+00 1.500000000000000000e+01 4.000000000000000000e+00 0.000000000000000000e+00 1.600000000000000089e+00 2.247999999999999998e-03 8.692000000000000073e-03 9.999599999999999600e-01 2.885739999999999972e-01 -9.574270000000000280e-01 7.673000000000000133e-03 9.574549999999999450e-01 2.885449999999999959e-01 -4.660000000000000080e-03
1.000000000000000000e+01 1.500000000000000000e+01 4.000000000000000000e+00 0.000000000000000000e+00 1.600000000000000089e+00 -1.727000000000000019e-03 -6.633000000000000007e-03 9.999759999999999760e-01 2.867950000000000221e-01 -9.579739999999999922e-01 -5.858999999999999625e-03 9.579900000000000082e-01 2.867790000000000061e-01 3.556999999999999832e-03
1.400000000000000000e+01 1.500000000000000000e+01 4.000000000000000000e+00 0.000000000000000000e+00 1.600000000000000089e+00 -5.212999999999999752e-03 -3.491999999999999878e-03 9.999799999999999800e-01 2.887560000000000127e-01 -9.574009999999999465e-01 -1.838000000000000007e-03 9.573890000000000455e-01 2.887399999999999967e-01 5.998999999999999992e-03
2.000000000000000000e+01 1.500000000000000000e+01 4.000000000000000000e+00 0.000000000000000000e+00 1.600000000000000089e+00 -6.808999999999999948e-03 1.134699999999999945e-02 9.999120000000000230e-01 2.867700000000000249e-01 -9.579140000000000432e-01 1.282299999999999933e-02 9.579750000000000210e-01 2.868319999999999759e-01 3.268000000000000071e-03
6.000000000000000000e+00 1.010000000000000000e+02 7.000000000000000000e+00 0.000000000000000000e+00 1.600000000000000089e+00 -9.890000000000000787e-04 -8.765000000000000221e-03 9.999609999999999888e-01 8.864790000000000170e-01 4.627419999999999867e-01 4.932999999999999885e-03 -4.627669999999999839e-01 8.864499999999999602e-01 7.311999999999999923e-03
1.400000000000000000e+01 1.010000000000000000e+02 7.000000000000000000e+00 0.000000000000000000e+00 1.600000000000000089e+00 1.394000000000000057e-03 1.412199999999999914e-02 9.998989999999999823e-01 8.855480000000000018e-01 4.644820000000000060e-01 -7.793999999999999713e-03 -4.645449999999999857e-01 8.854699999999999793e-01 -1.185800000000000048e-02
2.600000000000000000e+01 1.010000000000000000e+02 7.000000000000000000e+00 0.000000000000000000e+00 1.600000000000000089e+00 2.487000000000000061e-03 -5.987000000000000134e-03 9.999789999999999512e-01 8.880090000000000483e-01 4.598249999999999837e-01 5.439999999999999957e-04 -4.598189999999999777e-01 8.879890000000000283e-01 6.459999999999999597e-03
2.000000000000000000e+00 1.500000000000000000e+01 8.000000000000000000e+00 0.000000000000000000e+00 1.600000000000000089e+00 -7.600000000000000418e-04 3.508999999999999966e-03 -9.999940000000000495e-01 -5.846900000000000430e-01 -8.112540000000000306e-01 -2.402000000000000055e-03 -8.112570000000000059e-01 5.846839999999999815e-01 2.667999999999999799e-03
7.000000000000000000e+00 1.500000000000000000e+01 8.000000000000000000e+00 0.000000000000000000e+00 1.600000000000000089e+00 1.320000000000000101e-04 2.929000000000000180e-03 -9.999959999999999960e-01 -5.843679999999999986e-01 -8.114850000000000119e-01 -2.454000000000000018e-03 -8.114890000000000159e-01 5.843650000000000233e-01 1.605000000000000090e-03
1.400000000000000000e+01 1.500000000000000000e+01 8.000000000000000000e+00 0.000000000000000000e+00 1.600000000000000089e+00 1.472999999999999917e-03 -3.471999999999999826e-03 -9.999930000000000208e-01 -5.822920000000000318e-01 -8.129769999999999497e-01 1.965000000000000167e-03 -8.129779999999999784e-01 5.822850000000000525e-01 -3.219000000000000073e-03
2.000000000000000000e+01 1.500000000000000000e+01 8.000000000000000000e+00 0.000000000000000000e+00 1.600000000000000089e+00 1.012599999999999958e-02 9.494000000000000702e-03 -9.999040000000000150e-01 -5.783420000000000227e-01 -8.156809999999999894e-01 -1.360100000000000024e-02 -8.157320000000000126e-01 5.784240000000000492e-01 -2.769000000000000194e-03
2.500000000000000000e+01 1.500000000000000000e+01 8.000000000000000000e+00 0.000000000000000000e+00 1.600000000000000089e+00 1.128099999999999936e-02 2.230000000000000038e-02 -9.996880000000000210e-01 -5.751479999999999926e-01 -8.176759999999999584e-01 -2.472999999999999851e-02 -8.179720000000000324e-01 5.752469999999999528e-01 3.602000000000000167e-03
5.000000000000000000e+00 2.600000000000000000e+01 8.000000000000000000e+00 0.000000000000000000e+00 1.600000000000000089e+00 1.448999999999999984e-03 5.322999999999999607e-03 -9.999850000000000128e-01 4.044940000000000202e-01 9.145240000000000036e-01 5.454999999999999780e-03 9.145389999999999908e-01 -4.044960000000000222e-01 -8.279999999999999600e-04
9.000000000000000000e+00 2.600000000000000000e+01 8.000000000000000000e+00 0.000000000000000000e+00 1.600000000000000089e+00 1.369999999999999907e-03 3.469999999999999777e-04 -9.999989999999999712e-01 4.047000000000000042e-01 9.144489999999999563e-01 8.720000000000000537e-04 9.144489999999999563e-01 -4.047009999999999774e-01 1.113000000000000057e-03
2.900000000000000000e+01 2.600000000000000000e+01 8.000000000000000000e+00 0.000000000000000000e+00 1.600000000000000089e+00 -8.437999999999999320e-03 -1.441800000000000026e-02 -9.998599999999999710e-01 4.103589999999999738e-01 9.117729999999999446e-01 -1.661100000000000076e-02 9.118849999999999456e-01 -4.104419999999999735e-01 -1.776999999999999934e-03
1.200000000000000000e+01 2.400000000000000000e+01 9.000000000000000000e+00 0.000000000000000000e+00 1.600000000000000089e+00 1.177000000000000095e-03 1.069000000000000072e-03 -9.999989999999999712e-01 4.580159999999999787e-01 8.889420000000000099e-01 1.490000000000000005e-03 8.889430000000000387e-01 -4.580179999999999807e-01 5.569999999999999864e-04
1.600000000000000000e+01 2.400000000000000000e+01 9.000000000000000000e+00 0.000000000000000000e+00 1.600000000000000089e+00 -1.853000000000000046e-03 -8.151999999999999524e-03 -9.999649999999999928e-01 4.583519999999999817e-01 8.887340000000000240e-01 -8.094000000000000500e-03 8.887690000000000312e-01 -4.583510000000000084e-01 2.089999999999999844e-03
2.500000000000000000e+01 2.400000000000000000e+01 9.000000000000000000e+00 0.000000000000000000e+00 1.600000000000000089e+00 -9.435999999999999943e-03 -2.443999999999999992e-02 -9.996570000000000178e-01 4.640779999999999905e-01 8.854119999999999768e-01 -2.602799999999999905e-02 8.857439999999999758e-01 -4.641640000000000210e-01 2.987000000000000072e-03
4.000000000000000000e+00 3.100000000000000000e+01 1.200000000000000000e+01 0.000000000000000000e+00 1.600000000000000089e+00 1.979999999999999989e-03 2.488999999999999893e-03 9.999949999999999672e-01 8.756999999999999160e-03 9.999590000000000423e-01 -2.507000000000000114e-03 -9.999599999999999600e-01 8.762000000000000691e-03 1.958000000000000105e-03
2.000000000000000000e+01 3.100000000000000000e+01 1.200000000000000000e+01 0.000000000000000000e+00 1.600000000000000089e+00 -6.819999999999999890e-04 9.210000000000000521e-04 9.999989999999999712e-01 1.899599999999999900e-02 9.998190000000000133e-01 -9.079999999999999530e-04 -9.998190000000000133e-01 1.899500000000000147e-02 -6.989999999999999686e-04
2.000000000000000000e+00 1.200000000000000000e+01 1.500000000000000000e+01 0.000000000000000000e+00 1.600000000000000089e+00 -1.662999999999999982e-03 -3.873999999999999840e-03 -9.999909999999999632e-01 -4.687339999999999840e-01 -8.833290000000000308e-01 4.202000000000000006e-03 -8.833379999999999566e-01 4.687370000000000148e-01 -3.469999999999999777e-04
1.100000000000000000e+01 1.200000000000000000e+01 1.500000000000000000e+01 0.000000000000000000e+00 1.600000000000000089e+00 -1.726000000000000104e-03 -1.879999999999999944e-03 -9.999970000000000248e-01 -4.674369999999999914e-01 -8.840230000000000032e-01 2.468999999999999841e-03 -8.840249999999999497e-01 4.674389999999999934e-01 6.470000000000000057e-04
1.500000000000000000e+01 1.200000000000000000e+01 1.500000000000000000e+01 0.000000000000000000e+00 1.600000000000000089e+00 1.309000000000000051e-03 3.782000000000000205e-03 -9.999919999999999920e-01 -4.657689999999999886e-01 -8.848970000000000447e-01 -3.956000000000000315e-03 -8.849050000000000527e-01 4.657709999999999906e-01 6.030000000000000204e-04
1.800000000000000000e+01 1.200000000000000000e+01 1.500000000000000000e+01 0.000000000000000000e+00 1.600000000000000089e+00 5.962000000000000285e-03 9.098000000000000184e-03 -9.999409999999999688e-01 -4.662529999999999730e-01 -8.845849999999999547e-01 -1.082800000000000082e-02 -8.846309999999999452e-01 4.662899999999999823e-01 -1.033000000000000064e-03
2.600000000000000000e+01 1.200000000000000000e+01 1.500000000000000000e+01 0.000000000000000000e+00 1.600000000000000089e+00 7.670999999999999867e-03 1.171499999999999972e-02 -9.999019999999999575e-01 -4.677399999999999891e-01 -8.837559999999999860e-01 -1.394199999999999953e-02 -8.838329999999999798e-01 4.678010000000000224e-01 -1.299999999999999940e-03
8.000000000000000000e+00 1.160000000000000000e+02 1.600000000000000000e+01 0.000000000000000000e+00 1.600000000000000089e+00 8.649999999999999920e-04 -1.160000000000000007e-04 1.000000000000000000e+00 6.807279999999999998e-01 7.325359999999999649e-01 -5.039999999999999992e-04 -7.325359999999999649e-01 6.807279999999999998e-01 7.119999999999999593e-04
1.900000000000000000e+01 1.160000000000000000e+02 1.600000000000000000e+01 0.000000000000000000e+00 1.600000000000000089e+00 8.260000000000000198e-04 2.566999999999999837e-03 9.999959999999999960e-01 7.019870000000000276e-01 7.121859999999999857e-01 -2.407999999999999984e-03 -7.121889999999999610e-01 7.019859999999999989e-01 -1.214000000000000018e-03
2.400000000000000000e+01 1.160000000000000000e+02 1.600000000000000000e+01 0.000000000000000000e+00 1.600000000000000089e+00 -2.519999999999999996e-04 -2.948999999999999799e-03 9.999959999999999960e-01 7.045099999999999696e-01 7.096900000000000430e-01 2.269999999999999882e-03 -7.096940000000000470e-01 7.045080000000000231e-01 1.899000000000000080e-03
6.000000000000000000e+00 2.000000000000000000e+00 1.900000000000000000e+01 0.000000000000000000e+00 1.600000000000000089e+00 8.059999999999999673e-04 1.518000000000000035e-03 -9.999989999999999712e-01 1.835189999999999877e-01 -9.830149999999999721e-01 -1.343999999999999926e-03 -9.830160000000000009e-01 -1.835179999999999867e-01 -1.070999999999999903e-03
1.200000000000000000e+01 2.000000000000000000e+00 1.900000000000000000e+01 0.000000000000000000e+00 1.600000000000000089e+00 -1.330999999999999935e-03 -1.242000000000000048e-03 -9.999980000000000535e-01 1.800599999999999978e-01 -9.836549999999999461e-01 9.820000000000000170e-04 -9.836549999999999461e-01 -1.800579999999999958e-01 1.533000000000000074e-03
1.700000000000000000e+01 2.000000000000000000e+00 1.900000000000000000e+01 0.000000000000000000e+00 1.600000000000000089e+00 -5.599999999999999509e-04 -1.689999999999999879e-04 -1.000000000000000000e+00 1.774969999999999881e-01 -9.841210000000000235e-01 6.700000000000000226e-05 -9.841210000000000235e-01 -1.774969999999999881e-01 5.810000000000000277e-04
2.700000000000000000e+01 2.000000000000000000e+00 1.900000000000000000e+01 0.000000000000000000e+00 1.600000000000000089e+00 -2.259999999999999910e-04 6.536000000000000143e-03 -9.999789999999999512e-01 1.721139999999999892e-01 -9.850560000000000427e-01 -6.477000000000000118e-03 -9.850769999999999804e-01 -1.721119999999999872e-01 -9.020000000000000240e-04
1.300000000000000000e+01 4.000000000000000000e+00 2.000000000000000000e+01 0.000000000000000000e+00 1.600000000000000089e+00 9.190000000000000035e-04 -4.462999999999999953e-03 -9.999900000000000455e-01 2.728700000000000014e-01 -9.620400000000000063e-01 4.545000000000000429e-03 -9.620509999999999895e-01 -2.728709999999999747e-01 3.339999999999999870e-04
1.900000000000000000e+01 4.000000000000000000e+00 2.000000000000000000e+01 0.000000000000000000e+00 1.600000000000000089e+00 -3.510000000000000099e-03 2.005999999999999971e-03 -9.999919999999999920e-01 2.746709999999999985e-01 -9.615339999999999998e-01 -2.893000000000000172e-03 -9.615320000000000533e-01 -2.746779999999999777e-01 2.824000000000000121e-03
2.300000000000000000e+01 4.000000000000000000e+00 2.000000000000000000e+01 0.000000000000000000e+00 1.600000000000000089e+00 -1.435000000000000078e-03 2.413000000000000214e-03 -9.999959999999999960e-01 2.781069999999999931e-01 -9.605460000000000109e-01 -2.716999999999999797e-03 -9.605489999999999862e-01 -2.781100000000000239e-01 7.079999999999999705e-04
2.700000000000000000e+01 4.000000000000000000e+00 2.000000000000000000e+01 0.000000000000000000e+00 1.600000000000000089e+00 -1.569999999999999998e-03 8.266000000000000777e-03 -9.999649999999999928e-01 2.703039999999999887e-01 -9.627390000000000114e-01 -8.382999999999999827e-03 -9.627740000000000187e-01 -2.703070000000000195e-01 -7.219999999999999855e-04
2.000000000000000000e+00 1.300000000000000000e+01 2.000000000000000000e+01 0.000000000000000000e+00 1.600000000000000089e+00 1.392999999999999924e-03 3.750000000000000078e-04 9.999989999999999712e-01 2.592789999999999817e-01 9.658020000000000493e-01 -7.230000000000000098e-04 -9.658010000000000206e-01 2.592800000000000105e-01 1.247999999999999977e-03
1.000000000000000000e+01 1.300000000000000000e+01 2.000000000000000000e+01 0.000000000000000000e+00 1.600000000000000089e+00 -2.020000000000000040e-04 7.024999999999999994e-03 9.999749999999999472e-01 2.599339999999999984e-01 9.656029999999999891e-01 -6.731000000000000004e-03 -9.656259999999999843e-01 2.599259999999999904e-01 -2.020999999999999793e-03
1.400000000000000000e+01 1.300000000000000000e+01 2.000000000000000000e+01 0.000000000000000000e+00 1.600000000000000089e+00 -7.150000000000000322e-04 2.664999999999999834e-03 9.999959999999999960e-01 2.579029999999999934e-01 9.661680000000000268e-01 -2.390999999999999896e-03 -9.661710000000000020e-01 2.579000000000000181e-01 -1.378000000000000102e-03
1.800000000000000000e+01 1.300000000000000000e+01 2.000000000000000000e+01 0.000000000000000000e+00 1.600000000000000089e+00 6.350000000000000392e-04 -3.350000000000000113e-03 9.999940000000000495e-01 2.579089999999999994e-01 9.661640000000000228e-01 3.072000000000000078e-03 -9.661689999999999445e-01 2.579060000000000241e-01 1.477000000000000014e-03
2.200000000000000000e+01 1.300000000000000000e+01 2.000000000000000000e+01 0.000000000000000000e+00 1.600000000000000089e+00 1.531000000000000026e-03 -7.649000000000000417e-03 9.999700000000000255e-01 2.589199999999999835e-01 9.658740000000000103e-01 6.991999999999999951e-03 -9.658980000000000343e-01 2.589009999999999923e-01 3.458999999999999835e-03
2.600000000000000000e+01 1.300000000000000000e+01 2.000000000000000000e+01 0.000000000000000000e+00 1.600000000000000089e+00 3.780000000000000265e-04 -1.101899999999999928e-02 9.999390000000000223e-01 2.580009999999999803e-01 9.660870000000000291e-01 1.054800000000000008e-02 -9.661440000000000028e-01 2.579819999999999891e-01 3.209000000000000047e-03
8.000000000000000000e+00 1.600000000000000000e+01 2.100000000000000000e+01 0.000000000000000000e+00 1.600000000000000089e+00 -1.113000000000000057e-03 9.309999999999999699e-04 9.999989999999999712e-01 2.983850000000000113e-01 9.544449999999999878e-01 -5.559999999999999621e-04 -9.544449999999999878e-01 2.983850000000000113e-01 -1.340000000000000045e-03
1.200000000000000000e+01 1.600000000000000000e+01 2.100000000000000000e+01 0.000000000000000000e+00 1.600000000000000089e+00 -1.771000000000000005e-03 3.083999999999999936e-03 9.999940000000000495e-01 2.955740000000000034e-01 9.553169999999999717e-01 -2.422000000000000108e-03 -9.553180000000000005e-01 2.955679999999999974e-01 -2.602999999999999845e-03
2.300000000000000000e+01 1.600000000000000000e+01 2.100000000000000000e+01 0.000000000000000000e+00 1.600000000000000089e+00 1.513999999999999938e-03 -3.886999999999999830e-03 9.999909999999999632e-01 2.954809999999999937e-01 9.553430000000000533e-01 3.265999999999999806e-03 -9.553469999999999462e-01 2.954740000000000144e-01 2.595000000000000084e-03
2.500000000000000000e+01 3.000000000000000000e+00 2.500000000000000000e+01 0.000000000000000000e+00 1.600000000000000089e+00 -4.899999999999999842e-03 7.903999999999999568e-03 9.999569999999999848e-01 -1.616099999999999828e-02 -9.998390000000000333e-01 7.823999999999999358e-03 9.998569999999999958e-01 -1.612200000000000091e-02 5.027000000000000218e-03
1.000000000000000000e+01 4.600000000000000000e+01 2.700000000000000000e+01 0.000000000000000000e+00 1.600000000000000089e+00 -1.396000000000000105e-03 -8.379999999999999862e-04 -9.999989999999999712e-01 6.829119999999999635e-01 7.304990000000000094e-01 -1.564999999999999985e-03 7.305000000000000382e-01 -6.829129999999999923e-01 -4.479999999999999933e-04
2.200000000000000000e+01 4.600000000000000000e+01 2.700000000000000000e+01 0.000000000000000000e+00 1.600000000000000089e+00 9.290000000000000297e-04 1.580000000000000024e-03 -9.999980000000000535e-01 6.812279999999999447e-01 7.320689999999999698e-01 1.789999999999999925e-03 7.320699999999999985e-01 -6.812289999999999734e-01 -3.959999999999999762e-04
2.800000000000000000e+01 4.600000000000000000e+01 2.700000000000000000e+01 0.000000000000000000e+00 1.600000000000000089e+00 1.080999999999999930e-03 2.369999999999999874e-04 -9.999989999999999712e-01 6.838060000000000249e-01 7.296629999999999505e-01 9.120000000000000502e-04 7.296629999999999505e-01 -6.838070000000000537e-01 6.269999999999999532e-04
3.000000000000000000e+00 5.800000000000000000e+01 3.100000000000000000e+01 0.000000000000000000e+00 1.600000000000000089e+00 4.889999999999999599e-04 4.255000000000000102e-03 9.999909999999999632e-01 -8.004740000000000189e-01 -5.993610000000000326e-01 2.942000000000000171e-03 5.993680000000000119e-01 -8.004679999999999573e-01 3.112999999999999882e-03
6.000000000000000000e+00 5.800000000000000000e+01 3.100000000000000000e+01 0.000000000000000000e+00 1.600000000000000089e+00 2.945999999999999834e-03 3.950999999999999651e-03 9.999879999999999880e-01 -8.015799999999999592e-01 -5.978689999999999838e-01 4.722999999999999768e-03 5.978799999999999670e-01 -8.015839999999999632e-01 1.405999999999999915e-03
1.300000000000000000e+01 5.800000000000000000e+01 3.100000000000000000e+01 0.000000000000000000e+00 1.600000000000000089e+00 -2.919999999999999961e-04 2.629999999999999959e-03 9.999970000000000248e-01 -8.013660000000000228e-01 -5.981729999999999547e-01 1.338999999999999913e-03 5.981750000000000123e-01 -8.013620000000000188e-01 2.282999999999999873e-03
2.100000000000000000e+01 5.800000000000000000e+01 3.100000000000000000e+01 0.000000000000000000e+00 1.600000000000000089e+00 2.416999999999999878e-03 7.863000000000000198e-03 9.999660000000000215e-01 -8.014740000000000197e-01 -5.979919999999999680e-01 6.638999999999999936e-03 5.980240000000000000e-01 -8.014630000000000365e-01 4.856000000000000073e-03
2.900000000000000000e+01 5.800000000000000000e+01 3.100000000000000000e+01 0.000000000000000000e+00 1.600000000000000089e+00 -9.870000000000000301e-04 -4.628000000000000169e-03 9.999890000000000168e-01 -8.006429999999999936e-01 -5.991309999999999691e-01 -3.563000000000000195e-03 5.991410000000000347e-01 -8.006379999999999608e-01 -3.114000000000000015e-03
3.000000000000000000e+00 4.600000000000000000e+01 3.500000000000000000e+01 0.000000000000000000e+00 1.600000000000000089e+00 4.130000000000000099e-04 4.270000000000000358e-03 -9.999909999999999632e-01 3.853539999999999743e-01 -9.227610000000000534e-01 -3.782000000000000205e-03 -9.227689999999999504e-01 -3.853489999999999971e-01 -2.026000000000000023e-03
7.000000000000000000e+00 4.600000000000000000e+01 3.500000000000000000e+01 0.000000000000000000e+00 1.600000000000000089e+00 1.433000000000000029e-03 3.677999999999999846e-03 -9.999919999999999920e-01 3.863030000000000075e-01 -9.223679999999999657e-01 -2.838999999999999944e-03 -9.223710000000000520e-01 -3.862949999999999995e-01 -2.742000000000000080e-03
1.600000000000000000e+01 4.600000000000000000e+01 3.500000000000000000e+01 0.000000000000000000e+00 1.600000000000000089e+00 -9.870000000000000301e-04 1.118999999999999986e-03 -9.999989999999999712e-01 3.844509999999999872e-01 -9.231439999999999646e-01 -1.412000000000000061e-03 -9.231449999999999934e-01 -3.844520000000000159e-01 4.809999999999999823e-04
2.500000000000000000e+01 4.600000000000000000e+01 3.500000000000000000e+01 0.000000000000000000e+00 1.600000000000000089e+00 -4.090000000000000211e-04 -4.690000000000000158e-04 -1.000000000000000000e+00 3.865049999999999875e-01 -9.222869999999999679e-01 2.739999999999999923e-04 -9.222869999999999679e-01 -3.865049999999999875e-01 5.580000000000000107e-04
2.800000000000000000e+01 4.600000000000000000e+01 3.500000000000000000e+01 0.000000000000000000e+00 1.600000000000000089e+00 -5.509999999999999490e-04 1.802999999999999915e-03 -9.999980000000000535e-01 3.851539999999999964e-01 -9.228509999999999769e-01 -1.876000000000000063e-03 -9.228520000000000056e-01 -3.851539999999999964e-01 -1.859999999999999945e-04
1.300000000000000000e+01 9.500000000000000000e+01 3.600000000000000000e+01 0.000000000000000000e+00 1.600000000000000089e+00 -8.533999999999999919e-03 -2.270600000000000049e-02 9.997059999999999835e-01 9.971569999999999601e-01 7.465099999999999514e-02 1.020800000000000006e-02 -7.486099999999999699e-02 9.969510000000000316e-01 2.200399999999999925e-02
2.000000000000000000e+01 9.500000000000000000e+01 3.600000000000000000e+01 0.000000000000000000e+00 1.600000000000000089e+00 -9.280000000000000054e-04 9.476999999999999313e-03 9.999550000000000383e-01 9.971360000000000223e-01 7.563000000000000278e-02 2.079999999999999872e-04 -7.562499999999999778e-02 9.970909999999999496e-01 -9.520000000000000684e-03
2.600000000000000000e+01 9.500000000000000000e+01 3.600000000000000000e+01 0.000000000000000000e+00 1.600000000000000089e+00 5.756999999999999965e-03 -1.549700000000000036e-02 9.998629999999999463e-01 9.975479999999999903e-01 6.983399999999999330e-02 -4.661000000000000212e-03 -6.975199999999999456e-02 9.974380000000000468e-01 1.586100000000000010e-02
1.000000000000000000e+00 2.900000000000000000e+01 4.400000000000000000e+01 0.000000000000000000e+00 1.600000000000000089e+00 2.474000000000000071e-03 -8.937000000000000499e-03 -9.999569999999999848e-01 6.837779999999999969e-01 7.296740000000000448e-01 -4.830000000000000092e-03 7.296859999999999458e-01 -6.837360000000000104e-01 7.915999999999999426e-03
1.300000000000000000e+01 2.900000000000000000e+01 4.400000000000000000e+01 0.000000000000000000e+00 1.600000000000000089e+00 -3.154999999999999818e-03 -1.270999999999999994e-03 -9.999940000000000495e-01 6.698039999999999550e-01 7.425310000000000521e-01 -3.056999999999999822e-03 7.425310000000000521e-01 -6.698100000000000165e-01 -1.490999999999999921e-03
1.900000000000000000e+01 2.900000000000000000e+01 4.400000000000000000e+01 0.000000000000000000e+00 1.600000000000000089e+00 -2.083999999999999915e-03 8.509999999999999769e-04 -9.999970000000000248e-01 6.668509999999999716e-01 7.451910000000000478e-01 -7.560000000000000530e-04 7.451879999999999615e-01 -6.668509999999999716e-01 -2.119999999999999923e-03
2.300000000000000000e+01 2.900000000000000000e+01 4.400000000000000000e+01 0.000000000000000000e+00 1.600000000000000089e+00 -1.407000000000000048e-03 2.563000000000000174e-03 -9.999959999999999960e-01 6.654710000000000347e-01 7.464229999999999476e-01 9.770000000000000039e-04 7.464220000000000299e-01 -6.654670000000000307e-01 -2.756000000000000203e-03
2.900000000000000000e+01 2.900000000000000000e+01 4.400000000000000000e+01 0.000000000000000000e+00 1.600000000000000089e+00 -4.512000000000000385e-03 6.130000000000000466e-04 -9.999900000000000455e-01 6.469899999999999540e-01 7.624950000000000339e-01 -2.452000000000000186e-03 7.624849999999999683e-01 -6.469939999999999580e-01 -3.837000000000000133e-03
8.000000000000000000e+00 5.400000000000000000e+01 4.600000000000000000e+01 0.000000000000000000e+00 1.600000000000000089e+00 -3.789999999999999966e-04 8.420000000000000401e-03 9.999639999999999640e-01 3.425989999999999869e-01 -9.394470000000000320e-01 8.040000000000000271e-03 9.394820000000000393e-01 3.425900000000000056e-01 -2.528999999999999998e-03
1.000000000000000000e+01 6.500000000000000000e+01 4.600000000000000000e+01 0.000000000000000000e+00 1.600000000000000089e+00 -2.554999999999999979e-03 1.907000000000000058e-03 9.999949999999999672e-01 6.816419999999999702e-01 -7.316789999999999683e-01 3.137000000000000031e-03 7.316820000000000546e-01 6.816459999999999742e-01 5.699999999999999772e-04
1.100000000000000000e+01 7.000000000000000000e+00 5.200000000000000000e+01 0.000000000000000000e+00 1.600000000000000089e+00 -1.884000000000000041e-03 -2.405000000000000020e-03 -9.999949999999999672e-01 8.436799999999999855e-02 -9.964319999999999844e-01 2.236999999999999839e-03 -9.964330000000000132e-01 -8.436399999999999455e-02 2.080999999999999951e-03
1.000000000000000000e+01 1.500000000000000000e+01 5.300000000000000000e+01 0.000000000000000000e+00 1.600000000000000089e+00 3.209999999999999963e-04 1.007000000000000083e-03 -9.999989999999999712e-01 6.792599999999999749e-01 7.338980000000000503e-01 9.569999999999999514e-04 7.338980000000000503e-01 -6.792589999999999462e-01 -4.490000000000000176e-04
2.400000000000000000e+01 1.500000000000000000e+01 5.300000000000000000e+01 0.000000000000000000e+00 1.600000000000000089e+00 1.240000000000000000e-03 1.160000000000000007e-04 -9.999989999999999712e-01 6.774740000000000206e-01 7.355460000000000331e-01 9.259999999999999568e-04 7.355450000000000044e-01 -6.774750000000000494e-01 8.339999999999999974e-04
5.000000000000000000e+00 6.300000000000000000e+01 5.400000000000000000e+01 0.000000000000000000e+00 1.600000000000000089e+00 -6.210000000000000242e-04 -1.304999999999999953e-03 9.999989999999999712e-01 -3.537600000000000189e-01 9.353359999999999452e-01 1.000999999999999937e-03 -9.353359999999999452e-01 -3.537589999999999901e-01 -1.041999999999999958e-03
9.000000000000000000e+00 6.300000000000000000e+01 5.400000000000000000e+01 0.000000000000000000e+00 1.600000000000000089e+00 8.829999999999999958e-04 -1.306000000000000086e-03 9.999989999999999712e-01 -3.496270000000000211e-01 9.368880000000000541e-01 1.531999999999999942e-03 -9.368880000000000541e-01 -3.496279999999999943e-01 3.710000000000000190e-04
1.400000000000000000e+01 6.300000000000000000e+01 5.400000000000000000e+01 0.000000000000000000e+00 1.600000000000000089e+00 2.500000000000000120e-05 -7.799999999999999859e-04 1.000000000000000000e+00 -3.511130000000000084e-01 9.363329999999999709e-01 7.389999999999999651e-04 -9.363329999999999709e-01 -3.511130000000000084e-01 -2.509999999999999753e-04
1.800000000000000000e+01 6.300000000000000000e+01 5.400000000000000000e+01 0.000000000000000000e+00 1.600000000000000089e+00 3.009999999999999980e-04 -1.949999999999999965e-04 1.000000000000000000e+00 -3.498939999999999828e-01 9.367889999999999828e-01 2.880000000000000073e-04 -9.367889999999999828e-01 -3.498939999999999828e-01 2.139999999999999975e-04
2.000000000000000000e+01 6.300000000000000000e+01 5.400000000000000000e+01 0.000000000000000000e+00 1.600000000000000089e+00 7.529999999999999801e-04 1.210000000000000002e-04 1.000000000000000000e+00 -3.495969999999999911e-01 9.368999999999999551e-01 1.489999999999999897e-04 -9.368999999999999551e-01 -3.495969999999999911e-01 7.479999999999999670e-04
2.400000000000000000e+01 6.300000000000000000e+01 5.400000000000000000e+01 0.000000000000000000e+00 1.600000000000000089e+00 -5.419999999999999471e-04 5.090000000000000123e-04 1.000000000000000000e+00 -3.491310000000000247e-01 9.370739999999999625e-01 -6.660000000000000338e-04 -9.370739999999999625e-01 -3.491319999999999979e-01 -3.299999999999999982e-04
4.000000000000000000e+00 2.500000000000000000e+01 5.500000000000000000e+01 0.000000000000000000e+00 1.600000000000000089e+00 -2.620000000000000258e-04 -6.909999999999999910e-04 -1.000000000000000000e+00 -1.065100000000000074e-02 -9.999430000000000263e-01 6.939999999999999555e-04 -9.999430000000000263e-01 1.065100000000000074e-02 2.550000000000000183e-04
1.100000000000000000e+01 2.500000000000000000e+01 5.500000000000000000e+01 0.000000000000000000e+00 1.600000000000000089e+00 -1.910000000000000077e-04 -1.098999999999999934e-03 -9.999989999999999712e-01 -1.248999999999999937e-02 -9.999209999999999487e-01 1.100999999999999982e-03 -9.999219999999999775e-01 1.249100000000000037e-02 1.769999999999999926e-04
1.600000000000000000e+01 2.500000000000000000e+01 5.500000000000000000e+01 0.000000000000000000e+00 1.600000000000000089e+00 -9.420000000000000205e-04 -2.083000000000000216e-03 -9.999970000000000248e-01 -1.111900000000000041e-02 -9.999360000000000470e-01 2.092999999999999809e-03 -9.999379999999999935e-01 1.112100000000000068e-02 9.190000000000000035e-04
2.000000000000000000e+01 2.500000000000000000e+01 5.500000000000000000e+01 0.000000000000000000e+00 1.600000000000000089e+00 7.420000000000000380e-04 4.299999999999999894e-04 -1.000000000000000000e+00 -1.127399999999999930e-02 -9.999360000000000470e-01 -4.380000000000000213e-04 -9.999360000000000470e-01 1.127399999999999930e-02 -7.370000000000000249e-04
2.200000000000000000e+01 2.500000000000000000e+01 5.500000000000000000e+01 0.000000000000000000e+00 1.600000000000000089e+00 1.198000000000000063e-03 2.977000000000000045e-03 -9.999949999999999672e-01 -1.139899999999999941e-02 -9.999310000000000143e-01 -2.991000000000000169e-03 -9.999339999999999895e-01 1.140299999999999994e-02 -1.164000000000000104e-03
2.100000000000000000e+01 5.800000000000000000e+01 5.900000000000000000e+01 0.000000000000000000e+00 1.600000000000000089e+00 -4.340000000000000108e-03 5.394000000000000357e-03 -9.999759999999999760e-01 3.868610000000000104e-01 9.221319999999999517e-01 3.295000000000000186e-03 9.221279999999999477e-01 -3.868369999999999864e-01 -6.088999999999999795e-03
3.000000000000000000e+00 2.100000000000000000e+01 6.000000000000000000e+01 0.000000000000000000e+00 1.600000000000000089e+00 1.869000000000000002e-03 -3.317000000000000070e-03 9.999930000000000208e-01 -9.260300000000000475e-02 9.956970000000000542e-01 3.474999999999999790e-03 -9.957009999999999472e-01 -9.260899999999999688e-02 1.554000000000000043e-03
2.800000000000000000e+01 3.000000000000000000e+00 6.300000000000000000e+01 0.000000000000000000e+00 1.600000000000000089e+00 5.308000000000000218e-03 -6.336999999999999751e-03 9.999660000000000215e-01 -6.152220000000000466e-01 7.883109999999999840e-01 8.262000000000000247e-03 -7.883360000000000367e-01 -6.152450000000000419e-01 2.860000000000000129e-04
4.000000000000000000e+00 2.700000000000000000e+01 6.300000000000000000e+01 0.000000000000000000e+00 1.600000000000000089e+00 4.043999999999999852e-03 5.230000000000000274e-04 9.999919999999999920e-01 -2.791069999999999940e-01 9.602600000000000025e-01 6.269999999999999532e-04 -9.602519999999999945e-01 -2.791069999999999940e-01 4.028999999999999596e-03
8.000000000000000000e+00 2.700000000000000000e+01 6.300000000000000000e+01 0.000000000000000000e+00 1.600000000000000089e+00 2.660000000000000038e-03 8.210000000000000284e-03 9.999630000000000463e-01 -2.738920000000000243e-01 9.617339999999999778e-01 -7.166999999999999760e-03 -9.617569999999999730e-01 -2.738630000000000231e-01 4.806999999999999641e-03
1.600000000000000000e+01 2.700000000000000000e+01 6.300000000000000000e+01 0.000000000000000000e+00 1.600000000000000089e+00 -1.693999999999999976e-03 -5.928000000000000110e-03 9.999810000000000088e-01 -2.775340000000000029e-01 9.607019999999999449e-01 5.224999999999999610e-03 -9.607139999999999569e-01 -2.775199999999999889e-01 -3.272999999999999868e-03
2.000000000000000000e+01 2.700000000000000000e+01 6.300000000000000000e+01 0.000000000000000000e+00 1.600000000000000089e+00 7.100000000000000462e-05 -9.145999999999999616e-03 9.999580000000000135e-01 -2.796580000000000177e-01 9.600589999999999957e-01 8.800999999999999795e-03 -9.600999999999999535e-01 -2.796469999999999789e-01 -2.490000000000000026e-03
2.800000000000000000e+01 2.700000000000000000e+01 6.300000000000000000e+01 0.000000000000000000e+00 1.600000000000000089e+00 5.509999999999999490e-04 2.174000000000000151e-03 9.999970000000000248e-01 -2.823950000000000071e-01 9.592960000000000376e-01 -1.930000000000000075e-03 -9.592979999999999841e-01 -2.823930000000000051e-01 1.142999999999999919e-03
4.000000000000000000e+00 2.600000000000000000e+01 6.400000000000000000e+01 0.000000000000000000e+00 1.600000000000000089e+00 4.214999999999999997e-03 7.960000000000000495e-04 9.999909999999999632e-01 -3.608330000000000148e-01 9.326299999999999590e-01 7.789999999999999616e-04 -9.326210000000000333e-01 -3.608330000000000148e-01 4.218000000000000395e-03
1.100000000000000000e+01 2.600000000000000000e+01 6.400000000000000000e+01 0.000000000000000000e+00 1.600000000000000089e+00 -3.106999999999999953e-03 7.509000000000000050e-03 9.999670000000000503e-01 -3.505610000000000115e-01 9.365050000000000319e-01 -8.120999999999999747e-03 -9.365350000000000064e-01 -3.505739999999999967e-01 -2.779999999999999811e-04
1.600000000000000000e+01 2.600000000000000000e+01 6.400000000000000000e+01 0.000000000000000000e+00 1.600000000000000089e+00 -8.840000000000000201e-04 -5.956999999999999622e-03 9.999820000000000375e-01 -3.590119999999999978e-01 9.333179999999999810e-01 5.242000000000000132e-03 -9.333329999999999682e-01 -3.589999999999999858e-01 -2.964000000000000055e-03
2.000000000000000000e+01 2.600000000000000000e+01 6.400000000000000000e+01 0.000000000000000000e+00 1.600000000000000089e+00 1.141000000000000087e-03 -8.845000000000000431e-03 9.999599999999999600e-01 -3.601239999999999997e-01 9.328640000000000265e-01 8.661999999999999561e-03 -9.329039999999999555e-01 -3.601190000000000224e-01 -2.121000000000000055e-03
2.500000000000000000e+01 2.600000000000000000e+01 6.400000000000000000e+01 0.000000000000000000e+00 1.600000000000000089e+00 4.429999999999999802e-04 1.824000000000000100e-03 9.999980000000000535e-01 -3.625459999999999794e-01 9.319650000000000434e-01 -1.539000000000000003e-03 -9.319659999999999611e-01 -3.625450000000000061e-01 1.075000000000000001e-03
2.900000000000000000e+01 2.600000000000000000e+01 6.400000000000000000e+01 0.000000000000000000e+00 1.600000000000000089e+00 8.180000000000000422e-04 2.249000000000000131e-03 9.999970000000000248e-01 -3.633529999999999816e-01 9.316499999999999782e-01 -1.797999999999999902e-03 -9.316510000000000069e-01 -3.633500000000000063e-01 1.579000000000000108e-03
5.000000000000000000e+00 2.500000000000000000e+01 7.300000000000000000e+01 0.000000000000000000e+00 1.600000000000000089e+00 8.829999999999999958e-04 -7.640000000000000306e-04 9.999989999999999712e-01 7.500400000000000400e-01 -6.613919999999999799e-01 -1.167999999999999984e-03 6.613919999999999799e-01 7.500400000000000400e-01 -1.099999999999999971e-05
9.000000000000000000e+00 2.500000000000000000e+01 7.300000000000000000e+01 0.000000000000000000e+00 1.600000000000000089e+00 4.270000000000000249e-04 -1.201999999999999943e-03 9.999989999999999712e-01 7.482499999999999707e-01 -6.634160000000000057e-01 -1.116999999999999937e-03 6.634170000000000345e-01 7.482499999999999707e-01 6.160000000000000111e-04
1.800000000000000000e+01 2.500000000000000000e+01 7.300000000000000000e+01 0.000000000000000000e+00 1.600000000000000089e+00 1.332000000000000068e-03 2.265000000000000086e-03 9.999970000000000248e-01 7.564570000000000460e-01 -6.540430000000000410e-01 4.739999999999999747e-04 6.540420000000000122e-01 7.564539999999999598e-01 -2.585000000000000058e-03
2.300000000000000000e+01 2.500000000000000000e+01 7.300000000000000000e+01 0.000000000000000000e+00 1.600000000000000089e+00 -1.570999999999999914e-03 -3.246000000000000187e-03 9.999940000000000495e-01 7.560729999999999951e-01 -6.544870000000000410e-01 -9.370000000000000074e-04 6.544860000000000122e-01 7.560670000000000446e-01 3.481999999999999852e-03
2.900000000000000000e+01 2.500000000000000000e+01 7.300000000000000000e+01 0.000000000000000000e+00 1.600000000000000089e+00 5.460000000000000443e-04 9.110000000000000259e-04 9.999989999999999712e-01 7.549270000000000147e-01 -6.558079999999999465e-01 1.849999999999999973e-04 6.558079999999999465e-01 7.549270000000000147e-01 -1.046000000000000055e-03
4.000000000000000000e+00 4.400000000000000000e+01 7.300000000000000000e+01 0.000000000000000000e+00 1.600000000000000089e+00 -2.999999999999999737e-04 -2.256999999999999892e-03 9.999970000000000248e-01 5.172800000000000314e-02 -9.986589999999999634e-01 -2.239000000000000105e-03 9.986610000000000209e-01 5.172800000000000314e-02 4.169999999999999987e-04
1.000000000000000000e+01 4.400000000000000000e+01 7.300000000000000000e+01 0.000000000000000000e+00 1.600000000000000089e+00 4.130000000000000099e-04 -2.095000000000000074e-03 9.999980000000000535e-01 4.785600000000000270e-02 -9.988519999999999621e-01 -2.112000000000000162e-03 9.988540000000000196e-01 4.785699999999999676e-02 -3.119999999999999944e-04
2.000000000000000000e+01 4.400000000000000000e+01 7.300000000000000000e+01 0.000000000000000000e+00 1.600000000000000089e+00 -1.779999999999999898e-04 -2.344000000000000163e-03 9.999970000000000248e-01 4.848800000000000332e-02 -9.988209999999999589e-01 -2.333000000000000004e-03 9.988240000000000451e-01 4.848700000000000232e-02 2.910000000000000260e-04
2.600000000000000000e+01 4.400000000000000000e+01 7.300000000000000000e+01 0.000000000000000000e+00 1.600000000000000089e+00 5.710000000000000015e-04 3.046999999999999795e-03 9.999949999999999672e-01 5.068899999999999795e-02 -9.987099999999999866e-01 3.014999999999999885e-03 9.987139999999999906e-01 5.068700000000000289e-02 -7.249999999999999500e-04
3.000000000000000000e+01 4.400000000000000000e+01 7.300000000000000000e+01 0.000000000000000000e+00 1.600000000000000089e+00 1.253999999999999906e-03 4.164000000000000166e-03 9.999909999999999632e-01 5.161000000000000310e-02 -9.986589999999999634e-01 4.093000000000000284e-03 9.986669999999999714e-01 5.160399999999999709e-02 -1.466999999999999988e-03
6.000000000000000000e+00 5.100000000000000000e+01 7.600000000000000000e+01 0.000000000000000000e+00 1.600000000000000089e+00 -3.600000000000000091e-05 -6.189999999999999756e-04 -1.000000000000000000e+00 -4.148200000000000220e-01 -9.099030000000000173e-01 5.779999999999999548e-04 -9.099030000000000173e-01 4.148200000000000220e-01 -2.239999999999999966e-04
1.100000000000000000e+01 5.100000000000000000e+01 7.600000000000000000e+01 0.000000000000000000e+00 1.600000000000000089e+00 -6.890000000000000508e-04 4.605999999999999851e-03 -9.999890000000000168e-01 -4.139820000000000166e-01 -9.102770000000000028e-01 -3.908000000000000015e-03 -9.102850000000000108e-01 4.139749999999999819e-01 2.533999999999999794e-03
4.000000000000000000e+00 9.100000000000000000e+01 7.600000000000000000e+01 0.000000000000000000e+00 1.600000000000000089e+00 -2.369999999999999874e-04 -1.020000000000000073e-03 9.999989999999999712e-01 3.206530000000000213e-01 -9.471960000000000379e-01 -8.899999999999999491e-04 9.471969999999999557e-01 3.206530000000000213e-01 5.509999999999999490e-04
1.000000000000000000e+01 9.100000000000000000e+01 7.600000000000000000e+01 0.000000000000000000e+00 1.600000000000000089e+00 5.199999999999999680e-05 1.247000000000000062e-03 9.999989999999999712e-01 3.164680000000000271e-01 -9.486019999999999452e-01 1.167000000000000069e-03 9.486029999999999740e-01 3.164680000000000271e-01 -4.440000000000000045e-04
1.600000000000000000e+01 9.100000000000000000e+01 7.600000000000000000e+01 0.000000000000000000e+00 1.600000000000000089e+00 5.810000000000000277e-04 3.490000000000000263e-04 1.000000000000000000e+00 3.159179999999999766e-01 -9.487870000000000470e-01 1.479999999999999925e-04 9.487860000000000182e-01 3.159170000000000034e-01 -6.620000000000000450e-04
