3.000000000000000000e+00 1.500000000000000000e+01 4.000000000000000000e+00 0.000000000000000000e+00 1.600000000000000089e+00 1.330000000000000073e-04 7.387999999999999602e-03 9.999730000000000008e-01 3.267229999999999857e-01 -9.450950000000000184e-01 6.938999999999999856e-03 9.451199999999999601e-01 3.267129999999999757e-01 -2.540000000000000157e-03
5.000000000000000000e+00 1.500000000000000000e+01 4.000000000000000000e+00 0.000000000000000000e+00 1.600000000000000089e+00 -9.999999999999999547e-07 1.080099999999999984e-02 9.999419999999999975e-01 3.239259999999999917e-01 -9.460269999999999513e-01 1.021900000000000065e-02 9.460830000000000073e-01 3.239070000000000005e-01 -3.497999999999999807e-03
9.000000000000000000e+00 1.500000000000000000e+01 4.000000000000000000e+00 0.000000000000000000e+00 1.600000000000000089e+00 1.167000000000000069e-03 1.282600000000000059e-02 9.999169999999999447e-01 3.189440000000000053e-01 -9.476999999999999869e-01 1.178399999999999934e-02 9.477729999999999766e-01 3.189040000000000208e-01 -5.197000000000000230e-03
1.800000000000000000e+01 1.500000000000000000e+01 4.000000000000000000e+00 0.000000000000000000e+00 1.600000000000000089e+00 2.219000000000000052e-03 9.320000000000000159e-03 9.999540000000000095e-01 3.183579999999999743e-01 -9.479360000000000008e-01 8.127999999999999808e-03 9.479680000000000328e-01 3.183250000000000246e-01 -5.069999999999999854e-03
2.700000000000000000e+01 1.500000000000000000e+01 4.000000000000000000e+00 0.000000000000000000e+00 1.600000000000000089e+00 -5.113999999999999622e-03 -1.138499999999999929e-02 9.999219999999999775e-01 3.222180000000000044e-01 -9.466210000000000457e-01 -9.129999999999999227e-03 9.466520000000000490e-01 3.221459999999999879e-01 8.508999999999999203e-03
1.600000000000000000e+01 7.400000000000000000e+01 4.000000000000000000e+00 0.000000000000000000e+00 1.600000000000000089e+00 -8.809040000000000203e-01 -3.781860000000000221e-01 2.845770000000000244e-01 -3.999030000000000085e-01 9.163360000000000394e-01 -2.013799999999999965e-02 -2.531519999999999881e-01 -1.315429999999999933e-01 -9.584420000000000162e-01
1.000000000000000000e+00 4.000000000000000000e+00 5.000000000000000000e+00 0.000000000000000000e+00 1.600000000000000089e+00 5.442999999999999922e-03 2.225299999999999848e-02 9.997380000000000155e-01 2.200840000000000019e-01 -9.752650000000000485e-01 2.051000000000000045e-02 9.754660000000000553e-01 2.199149999999999994e-01 -1.020599999999999979e-02
1.100000000000000000e+01 1.010000000000000000e+02 7.000000000000000000e+00 0.000000000000000000e+00 1.600000000000000089e+00 -1.556000000000000091e-03 -1.064700000000000021e-02 9.999419999999999975e-01 8.829110000000000014e-01 4.694980000000000264e-01 6.373000000000000193e-03 -4.695389999999999842e-01 8.828690000000000149e-01 8.670000000000000623e-03
1.800000000000000000e+01 1.010000000000000000e+02 7.000000000000000000e+00 0.000000000000000000e+00 1.600000000000000089e+00 2.830000000000000050e-03 -3.848599999999999938e-02 9.992550000000000043e-01 8.846960000000000379e-01 4.659130000000000216e-01 1.543899999999999960e-02 -4.661600000000000188e-01 8.839930000000000287e-01 3.536700000000000260e-02
2.300000000000000000e+01 1.010000000000000000e+02 7.000000000000000000e+00 0.000000000000000000e+00 1.600000000000000089e+00 4.800000000000000122e-05 -2.986000000000000112e-02 9.995540000000000536e-01 8.853790000000000271e-01 4.646640000000000215e-01 1.383799999999999961e-02 -4.648700000000000054e-01 8.849839999999999929e-01 2.646000000000000088e-02
5.000000000000000000e+00 2.500000000000000000e+01 8.000000000000000000e+00 0.000000000000000000e+00 1.600000000000000089e+00 -3.625000000000000184e-03 -7.976999999999999716e-03 -9.999620000000000175e-01 4.475629999999999886e-01 8.942090000000000316e-01 -8.755999999999999894e-03 8.942449999999999566e-01 -4.475779999999999759e-01 3.289999999999999739e-04
9.000000000000000000e+00 2.500000000000000000e+01 8.000000000000000000e+00 0.000000000000000000e+00 1.600000000000000089e+00 -2.226000000000000114e-03 -4.518999999999999580e-03 -9.999869999999999592e-01 4.491490000000000204e-01 8.934419999999999584e-01 -5.037999999999999944e-03 8.934539999999999704e-01 -4.491550000000000264e-01 4.100000000000000047e-05
1.400000000000000000e+01 2.500000000000000000e+01 8.000000000000000000e+00 0.000000000000000000e+00 1.600000000000000089e+00 -2.105999999999999799e-03 -8.286999999999999228e-03 -9.999630000000000463e-01 4.494469999999999854e-01 8.932679999999999509e-01 -8.349000000000000518e-03 8.933050000000000157e-01 -4.494480000000000142e-01 1.843000000000000020e-03
2.200000000000000000e+01 2.500000000000000000e+01 8.000000000000000000e+00 0.000000000000000000e+00 1.600000000000000089e+00 -2.689999999999999791e-04 -2.361999999999999950e-03 -9.999970000000000248e-01 4.533980000000000232e-01 8.913060000000000427e-01 -2.227999999999999946e-03 8.913079999999999892e-01 -4.533969999999999945e-01 8.310000000000000329e-04
2.800000000000000000e+01 2.500000000000000000e+01 8.000000000000000000e+00 0.000000000000000000e+00 1.600000000000000089e+00 -6.639999999999999852e-04 1.528000000000000061e-03 -9.999989999999999712e-01 4.517390000000000017e-01 8.921489999999999698e-01 1.062999999999999926e-03 8.921499999999999986e-01 -4.517379999999999729e-01 -1.281999999999999936e-03
5.000000000000000000e+00 2.400000000000000000e+01 9.000000000000000000e+00 0.000000000000000000e+00 1.600000000000000089e+00 -3.586999999999999911e-03 -7.739000000000000219e-03 -9.999639999999999640e-01 4.506209999999999938e-01 8.926749999999999963e-01 -8.524999999999999592e-03 8.927079999999999460e-01 -4.506350000000000078e-01 2.860000000000000129e-04
1.000000000000000000e+01 2.400000000000000000e+01 9.000000000000000000e+00 0.000000000000000000e+00 1.600000000000000089e+00 -1.624000000000000010e-03 -4.791000000000000120e-03 -9.999869999999999592e-01 4.519389999999999796e-01 8.920350000000000223e-01 -5.008000000000000299e-03 8.920470000000000343e-01 -4.519409999999999816e-01 7.159999999999999481e-04
1.500000000000000000e+01 2.400000000000000000e+01 9.000000000000000000e+00 0.000000000000000000e+00 1.600000000000000089e+00 -2.001999999999999873e-03 -1.090600000000000076e-02 -9.999390000000000223e-01 4.517120000000000024e-01 8.921000000000000041e-01 -1.063399999999999936e-02 8.921609999999999818e-01 -4.517059999999999964e-01 3.141000000000000129e-03
1.900000000000000000e+01 2.400000000000000000e+01 9.000000000000000000e+00 0.000000000000000000e+00 1.600000000000000089e+00 -1.459000000000000010e-03 -8.115999999999999950e-03 -9.999660000000000215e-01 4.546850000000000058e-01 8.906180000000000208e-01 -7.891999999999999710e-03 8.906509999999999705e-01 -4.546810000000000018e-01 2.390000000000000197e-03
2.200000000000000000e+01 2.400000000000000000e+01 9.000000000000000000e+00 0.000000000000000000e+00 1.600000000000000089e+00 -1.640000000000000019e-04 -1.876000000000000063e-03 -9.999980000000000535e-01 4.562700000000000089e-01 8.898399999999999643e-01 -1.744000000000000107e-03 8.898409999999999931e-01 -4.562700000000000089e-01 7.100000000000000191e-04
1.300000000000000000e+01 3.100000000000000000e+01 1.200000000000000000e+01 0.000000000000000000e+00 1.600000000000000089e+00 1.050000000000000044e-04 -1.853000000000000046e-03 9.999980000000000535e-01 -1.326500000000000075e-02 9.999099999999999655e-01 1.855000000000000095e-03 -9.999120000000000230e-01 -1.326500000000000075e-02 8.100000000000000375e-05
2.900000000000000000e+01 3.100000000000000000e+01 1.200000000000000000e+01 0.000000000000000000e+00 1.600000000000000089e+00 -1.747999999999999988e-03 -4.486000000000000404e-03 9.999879999999999880e-01 -1.655699999999999880e-02 9.998529999999999918e-01 4.455999999999999892e-03 -9.998609999999999998e-01 -1.654900000000000121e-02 -1.822000000000000052e-03
1.100000000000000000e+01 3.500000000000000000e+01 1.200000000000000000e+01 0.000000000000000000e+00 1.600000000000000089e+00 -1.039999999999999936e-04 -5.577999999999999625e-03 -9.999839999999999840e-01 4.933710000000000040e-01 -8.698059999999999681e-01 4.800999999999999712e-03 -8.698190000000000088e-01 -4.933629999999999960e-01 2.843000000000000041e-03
1.700000000000000000e+01 3.500000000000000000e+01 1.200000000000000000e+01 0.000000000000000000e+00 1.600000000000000089e+00 1.833999999999999910e-03 -2.781000000000000052e-03 -9.999940000000000495e-01 4.802500000000000102e-01 -8.771250000000000435e-01 3.320000000000000034e-03 -8.771299999999999653e-01 -4.802540000000000142e-01 -2.739999999999999923e-04
2.100000000000000000e+01 3.500000000000000000e+01 1.200000000000000000e+01 0.000000000000000000e+00 1.600000000000000089e+00 1.543000000000000101e-03 -8.073000000000000315e-03 -9.999660000000000215e-01 4.710489999999999955e-01 -8.820719999999999672e-01 7.848000000000000809e-03 -8.821059999999999457e-01 -4.710449999999999915e-01 2.442000000000000160e-03
2.400000000000000000e+01 3.500000000000000000e+01 1.200000000000000000e+01 0.000000000000000000e+00 1.600000000000000089e+00 2.339999999999999958e-04 -5.644999999999999844e-03 -9.999839999999999840e-01 4.649260000000000059e-01 -8.853349999999999831e-01 5.106000000000000295e-03 -8.853499999999999703e-01 -4.649199999999999999e-01 2.418000000000000010e-03
2.800000000000000000e+01 3.500000000000000000e+01 1.200000000000000000e+01 0.000000000000000000e+00 1.600000000000000089e+00 -2.478999999999999867e-03 -1.309000000000000051e-03 -9.999959999999999960e-01 4.556830000000000047e-01 -8.901419999999999888e-01 3.499999999999999693e-05 -8.901390000000000136e-01 -4.556810000000000027e-01 2.802999999999999936e-03
1.400000000000000000e+01 7.300000000000000000e+01 1.300000000000000000e+01 0.000000000000000000e+00 1.600000000000000089e+00 -9.140249999999999764e-01 -2.217379999999999907e-01 3.396919999999999940e-01 -3.369599999999999818e-01 8.812600000000000433e-01 -3.314210000000000211e-01 -2.258680000000000132e-01 -4.173890000000000100e-01 -8.802100000000000479e-01
2.000000000000000000e+01 3.200000000000000000e+01 1.400000000000000000e+01 0.000000000000000000e+00 1.600000000000000089e+00 2.635000000000000189e-03 2.524999999999999901e-03 -9.999930000000000208e-01 1.032560000000000006e-01 9.946509999999999518e-01 2.784000000000000016e-03 9.946509999999999518e-01 -1.032629999999999937e-01 2.360000000000000119e-03
2.300000000000000000e+01 3.200000000000000000e+01 1.400000000000000000e+01 0.000000000000000000e+00 1.600000000000000089e+00 6.099999999999999737e-04 5.109999999999999525e-04 -1.000000000000000000e+00 1.037190000000000056e-01 9.946059999999999901e-01 5.720000000000000258e-04 9.946059999999999901e-01 -1.037200000000000066e-01 5.529999999999999976e-04
6.000000000000000000e+00 2.000000000000000000e+00 1.900000000000000000e+01 0.000000000000000000e+00 1.600000000000000089e+00 1.904000000000000093e-03 1.595600000000000143e-02 -9.998709999999999543e-01 2.032940000000000025e-01 -9.789989999999999526e-01 -1.523599999999999954e-02 -9.791159999999999863e-01 -2.032390000000000030e-01 -5.107999999999999693e-03
9.000000000000000000e+00 2.000000000000000000e+00 1.900000000000000000e+01 0.000000000000000000e+00 1.600000000000000089e+00 1.270000000000000078e-03 2.510300000000000031e-02 -9.996840000000000170e-01 1.981159999999999866e-01 -9.798759999999999692e-01 -2.435400000000000065e-02 -9.801779999999999937e-01 -1.980230000000000046e-01 -6.217999999999999569e-03
1.600000000000000000e+01 2.000000000000000000e+00 1.900000000000000000e+01 0.000000000000000000e+00 1.600000000000000089e+00 -3.155999999999999951e-03 1.517800000000000052e-02 -9.998799999999999910e-01 1.855360000000000065e-01 -9.825150000000000272e-01 -1.549999999999999989e-02 -9.826319999999999499e-01 -1.855630000000000057e-01 2.840000000000000185e-04
2.000000000000000000e+01 2.000000000000000000e+00 1.900000000000000000e+01 0.000000000000000000e+00 1.600000000000000089e+00 -2.886000000000000110e-03 1.641600000000000004e-02 -9.998609999999999998e-01 1.850600000000000023e-01 -9.825859999999999594e-01 -1.666700000000000126e-02 -9.827230000000000132e-01 -1.850819999999999965e-01 -2.030000000000000012e-04
2.700000000000000000e+01 2.000000000000000000e+00 1.900000000000000000e+01 0.000000000000000000e+00 1.600000000000000089e+00 -1.389999999999999960e-03 3.419000000000000164e-03 -9.999930000000000208e-01 1.751639999999999864e-01 -9.845329999999999915e-01 -3.609999999999999928e-03 -9.845380000000000242e-01 -1.751679999999999904e-01 7.699999999999999597e-04
6.000000000000000000e+00 4.000000000000000000e+00 2.000000000000000000e+01 0.000000000000000000e+00 1.600000000000000089e+00 7.299999999999999632e-04 1.469400000000000046e-02 -9.998920000000000030e-01 3.207539999999999836e-01 -9.470640000000000169e-01 -1.368399999999999998e-02 -9.471619999999999484e-01 -3.207090000000000218e-01 -5.403999999999999949e-03
2.800000000000000000e+01 4.000000000000000000e+00 2.000000000000000000e+01 0.000000000000000000e+00 1.600000000000000089e+00 -2.209000000000000026e-03 4.433000000000000308e-03 -9.999879999999999880e-01 2.592240000000000100e-01 -9.658050000000000246e-01 -4.853999999999999808e-03 -9.658149999999999791e-01 -2.592320000000000180e-01 9.840000000000000656e-04
5.000000000000000000e+00 1.300000000000000000e+01 2.000000000000000000e+01 0.000000000000000000e+00 1.600000000000000089e+00 -2.120000000000000031e-04 -1.083999999999999894e-03 9.999989999999999712e-01 2.671350000000000113e-01 9.636590000000000433e-01 1.100999999999999982e-03 -9.636590000000000433e-01 2.671350000000000113e-01 8.500000000000000611e-05
8.000000000000000000e+00 1.300000000000000000e+01 2.000000000000000000e+01 0.000000000000000000e+00 1.600000000000000089e+00 1.747999999999999988e-03 7.284999999999999809e-03 9.999719999999999720e-01 2.652939999999999743e-01 9.641389999999999683e-01 -7.487999999999999864e-03 -9.641659999999999675e-01 2.652990000000000070e-01 -2.469999999999999865e-04
1.400000000000000000e+01 1.300000000000000000e+01 2.000000000000000000e+01 0.000000000000000000e+00 1.600000000000000089e+00 3.110000000000000243e-04 -2.788999999999999813e-03 9.999959999999999960e-01 2.604739999999999833e-01 9.654770000000000296e-01 2.612000000000000172e-03 -9.654810000000000336e-01 2.604719999999999813e-01 1.026999999999999918e-03
1.800000000000000000e+01 1.300000000000000000e+01 2.000000000000000000e+01 0.000000000000000000e+00 1.600000000000000089e+00 1.595999999999999979e-03 8.299999999999999815e-05 9.999989999999999712e-01 2.596720000000000139e-01 9.656970000000000276e-01 -4.949999999999999973e-04 -9.656949999999999701e-01 2.596729999999999872e-01 1.518999999999999951e-03
2.100000000000000000e+01 1.300000000000000000e+01 2.000000000000000000e+01 0.000000000000000000e+00 1.600000000000000089e+00 1.753999999999999917e-03 3.465999999999999897e-03 9.999919999999999920e-01 2.573059999999999792e-01 9.663230000000000430e-01 -3.801000000000000125e-03 -9.663279999999999648e-01 2.573099999999999832e-01 8.030000000000000028e-04
2.600000000000000000e+01 1.300000000000000000e+01 2.000000000000000000e+01 0.000000000000000000e+00 1.600000000000000089e+00 1.237999999999999951e-03 -9.909999999999999105e-04 9.999989999999999712e-01 2.554540000000000144e-01 9.668210000000000415e-01 6.419999999999999925e-04 -9.668200000000000127e-01 2.554529999999999856e-01 1.449999999999999900e-03
2.200000000000000000e+01 1.600000000000000000e+01 2.100000000000000000e+01 0.000000000000000000e+00 1.600000000000000089e+00 1.910000000000000022e-03 3.771000000000000046e-03 9.999909999999999632e-01 2.998279999999999834e-01 9.539840000000000542e-01 -4.170000000000000095e-03 -9.539910000000000334e-01 2.998339999999999894e-01 6.920000000000000153e-04
2.600000000000000000e+01 1.600000000000000000e+01 2.100000000000000000e+01 0.000000000000000000e+00 1.600000000000000089e+00 1.783999999999999996e-03 -1.240000000000000000e-03 9.999980000000000535e-01 2.990880000000000205e-01 9.542249999999999899e-01 6.499999999999999702e-04 -9.542239999999999611e-01 2.990869999999999918e-01 2.073000000000000190e-03
1.000000000000000000e+00 3.000000000000000000e+00 2.500000000000000000e+01 0.000000000000000000e+00 1.600000000000000089e+00 -2.618999999999999800e-03 3.632999999999999945e-03 9.999900000000000455e-01 -9.923500000000000376e-02 -9.950579999999999981e-01 3.354999999999999909e-03 9.950609999999999733e-01 -9.922499999999999376e-02 2.967000000000000019e-03
6.000000000000000000e+00 3.000000000000000000e+00 2.500000000000000000e+01 0.000000000000000000e+00 1.600000000000000089e+00 2.348999999999999960e-03 1.427900000000000003e-02 9.998949999999999783e-01 -9.354500000000000315e-02 -9.955100000000000060e-01 1.443599999999999918e-02 9.956120000000000525e-01 -9.356899999999999940e-02 -1.002000000000000069e-03
9.000000000000000000e+00 3.000000000000000000e+00 2.500000000000000000e+01 0.000000000000000000e+00 1.600000000000000089e+00 3.831000000000000204e-03 1.788100000000000106e-02 9.998329999999999718e-01 -8.784000000000000141e-02 -9.959689999999999932e-01 1.814899999999999847e-02 9.961269999999999847e-01 -8.789500000000000091e-02 -2.245000000000000034e-03
1.500000000000000000e+01 3.000000000000000000e+00 2.500000000000000000e+01 0.000000000000000000e+00 1.600000000000000089e+00 3.869000000000000043e-03 1.874400000000000024e-02 9.998169999999999558e-01 -6.959300000000000208e-02 -9.973950000000000315e-01 1.896799999999999875e-02 9.975680000000000103e-01 -6.965300000000000658e-02 -2.554999999999999979e-03
1.800000000000000000e+01 3.000000000000000000e+00 2.500000000000000000e+01 0.000000000000000000e+00 1.600000000000000089e+00 4.270000000000000358e-03 1.907999999999999974e-02 9.998089999999999478e-01 -6.287099999999999633e-02 -9.978350000000000275e-01 1.931099999999999831e-02 9.980130000000000390e-01 -6.294099999999999695e-02 -3.060999999999999919e-03
2.200000000000000000e+01 3.000000000000000000e+00 2.500000000000000000e+01 0.000000000000000000e+00 1.600000000000000089e+00 3.416000000000000199e-03 1.138199999999999976e-02 9.999289999999999567e-01 -4.837700000000000333e-02 -9.987629999999999564e-01 1.153400000000000085e-02 9.988230000000000164e-01 -4.841299999999999770e-02 -2.860999999999999828e-03
2.000000000000000000e+00 4.600000000000000000e+01 2.700000000000000000e+01 0.000000000000000000e+00 1.600000000000000089e+00 3.359999999999999814e-04 -2.887999999999999942e-03 -9.999959999999999960e-01 6.736419999999999630e-01 7.390550000000000175e-01 -1.907999999999999974e-03 7.390579999999999927e-01 -6.736389999999999878e-01 2.194000000000000204e-03
6.000000000000000000e+00 4.600000000000000000e+01 2.700000000000000000e+01 0.000000000000000000e+00 1.600000000000000089e+00 -5.860000000000000408e-04 -2.141999999999999807e-03 -9.999970000000000248e-01 6.699079999999999480e-01 7.424410000000000176e-01 -1.982999999999999954e-03 7.424439999999999928e-01 -6.699079999999999480e-01 1.000000000000000021e-03
1.700000000000000000e+01 4.600000000000000000e+01 2.700000000000000000e+01 0.000000000000000000e+00 1.600000000000000089e+00 -2.030000000000000012e-04 1.679999999999999907e-04 -1.000000000000000000e+00 6.637690000000000534e-01 7.479369999999999630e-01 -9.000000000000000228e-06 7.479369999999999630e-01 -6.637690000000000534e-01 -2.640000000000000202e-04
2.800000000000000000e+01 4.600000000000000000e+01 2.700000000000000000e+01 0.000000000000000000e+00 1.600000000000000089e+00 -1.116000000000000021e-03 6.589999999999999721e-04 -9.999989999999999712e-01 6.636020000000000252e-01 7.480860000000000287e-01 -2.480000000000000108e-04 7.480850000000000000e-01 -6.636020000000000252e-01 -1.271999999999999910e-03
1.100000000000000000e+01 4.600000000000000000e+01 3.000000000000000000e+01 0.000000000000000000e+00 1.600000000000000089e+00 6.589999999999999721e-04 9.529999999999999626e-04 -9.999989999999999712e-01 3.201919999999999766e-01 9.473519999999999719e-01 1.113999999999999973e-03 9.473519999999999719e-01 -3.201930000000000054e-01 3.190000000000000019e-04
1.800000000000000000e+01 4.600000000000000000e+01 3.000000000000000000e+01 0.000000000000000000e+00 1.600000000000000089e+00 2.500000000000000120e-05 3.800000000000000209e-05 -1.000000000000000000e+00 3.209609999999999963e-01 9.470929999999999627e-01 4.399999999999999886e-05 9.470929999999999627e-01 -3.209609999999999963e-01 1.200000000000000030e-05
2.000000000000000000e+00 5.800000000000000000e+01 3.100000000000000000e+01 0.000000000000000000e+00 1.600000000000000089e+00 -5.688000000000000347e-03 -6.886999999999999893e-03 9.999599999999999600e-01 -7.975470000000000059e-01 -6.031940000000000079e-01 -8.691000000000000808e-03 6.032300000000000439e-01 -7.975649999999999684e-01 -2.062000000000000031e-03
7.000000000000000000e+00 5.800000000000000000e+01 3.100000000000000000e+01 0.000000000000000000e+00 1.600000000000000089e+00 -6.729999999999999871e-04 -4.512999999999999651e-03 9.999900000000000455e-01 -7.957009999999999916e-01 -6.056810000000000249e-01 -3.269000000000000204e-03 6.056890000000000329e-01 -7.956950000000000411e-01 -3.183000000000000065e-03
1.200000000000000000e+01 5.800000000000000000e+01 3.100000000000000000e+01 0.000000000000000000e+00 1.600000000000000089e+00 5.133000000000000410e-03 4.061000000000000373e-03 9.999789999999999512e-01 -7.858150000000000412e-01 -6.184269999999999490e-01 6.544999999999999603e-03 6.184399999999999897e-01 -7.858319999999999750e-01 1.699999999999999987e-05
1.800000000000000000e+01 5.800000000000000000e+01 3.100000000000000000e+01 0.000000000000000000e+00 1.600000000000000089e+00 1.516999999999999902e-03 9.529999999999999626e-04 9.999980000000000535e-01 -7.787889999999999535e-01 -6.272839999999999527e-01 1.778999999999999982e-03 6.272839999999999527e-01 -7.787899999999999823e-01 -2.090000000000000115e-04
2.200000000000000000e+01 5.800000000000000000e+01 3.100000000000000000e+01 0.000000000000000000e+00 1.600000000000000089e+00 5.466999999999999638e-03 6.649000000000000396e-03 9.999630000000000463e-01 -7.753470000000000084e-01 -6.314790000000000125e-01 8.437999999999999320e-03 6.315119999999999623e-01 -7.753649999999999709e-01 1.703000000000000087e-03
2.600000000000000000e+01 5.800000000000000000e+01 3.100000000000000000e+01 0.000000000000000000e+00 1.600000000000000089e+00 4.514999999999999916e-03 5.785000000000000211e-03 9.999730000000000008e-01 -7.705920000000000547e-01 -6.372879999999999656e-01 7.165999999999999627e-03 6.373119999999999896e-01 -7.706039999999999557e-01 1.580000000000000024e-03
2.000000000000000000e+00 1.800000000000000000e+01 3.400000000000000000e+01 0.000000000000000000e+00 1.600000000000000089e+00 5.460000000000000443e-04 -2.979999999999999793e-04 -1.000000000000000000e+00 -3.040220000000000145e-01 -9.526649999999999840e-01 1.179999999999999951e-04 -9.526649999999999840e-01 3.040220000000000145e-01 -6.109999999999999980e-04
3.000000000000000000e+00 4.600000000000000000e+01 3.500000000000000000e+01 0.000000000000000000e+00 1.600000000000000089e+00 -1.222999999999999912e-03 -3.699999999999999947e-04 -9.999989999999999712e-01 3.925210000000000088e-01 -9.197429999999999772e-01 -1.399999999999999877e-04 -9.197419999999999485e-01 -3.925210000000000088e-01 1.270000000000000078e-03
9.000000000000000000e+00 4.600000000000000000e+01 3.500000000000000000e+01 0.000000000000000000e+00 1.600000000000000089e+00 1.075999999999999917e-03 -5.974000000000000143e-03 -9.999820000000000375e-01 3.915219999999999811e-01 -9.201500000000000234e-01 5.918999999999999782e-03 -9.201679999999999859e-01 -3.915210000000000079e-01 1.348999999999999939e-03
1.300000000000000000e+01 4.600000000000000000e+01 3.500000000000000000e+01 0.000000000000000000e+00 1.600000000000000089e+00 5.090000000000000123e-04 -1.866000000000000037e-03 -9.999980000000000535e-01 3.910509999999999819e-01 -9.203670000000000462e-01 1.915999999999999951e-03 -9.203689999999999927e-01 -3.910509999999999819e-01 2.610000000000000015e-04
1.900000000000000000e+01 4.600000000000000000e+01 3.500000000000000000e+01 0.000000000000000000e+00 1.600000000000000089e+00 -7.600000000000000418e-04 1.724999999999999971e-03 -9.999980000000000535e-01 3.921009999999999773e-01 -9.199199999999999600e-01 -1.884999999999999957e-03 -9.199220000000000175e-01 -3.921020000000000061e-01 2.199999999999999943e-05
2.500000000000000000e+01 4.600000000000000000e+01 3.500000000000000000e+01 0.000000000000000000e+00 1.600000000000000089e+00 -5.900000000000000296e-04 1.835000000000000043e-03 -9.999980000000000535e-01 3.931839999999999780e-01 -9.194579999999999975e-01 -1.918999999999999916e-03 -9.194600000000000550e-01 -3.931839999999999780e-01 -1.789999999999999870e-04
2.800000000000000000e+01 4.600000000000000000e+01 3.500000000000000000e+01 0.000000000000000000e+00 1.600000000000000089e+00 -3.299999999999999982e-04 6.909999999999999910e-04 -1.000000000000000000e+00 3.915469999999999784e-01 -9.201580000000000314e-01 -7.649999999999999465e-04 -9.201580000000000314e-01 -3.915469999999999784e-01 3.300000000000000253e-05
4.000000000000000000e+00 9.500000000000000000e+01 3.600000000000000000e+01 0.000000000000000000e+00 1.600000000000000089e+00 8.760000000000000425e-04 -6.100900000000000073e-02 9.981370000000000520e-01 9.971379999999999688e-01 7.551499999999999879e-02 3.740999999999999968e-03 -7.560200000000000253e-02 9.952769999999999673e-01 6.090000000000000274e-02
5.000000000000000000e+00 2.900000000000000000e+01 4.400000000000000000e+01 0.000000000000000000e+00 1.600000000000000089e+00 1.981000000000000122e-03 1.374999999999999920e-03 -9.999970000000000248e-01 6.627410000000000245e-01 7.488449999999999829e-01 2.343000000000000031e-03 7.488460000000000116e-01 -6.627429999999999710e-01 5.720000000000000258e-04
8.000000000000000000e+00 2.900000000000000000e+01 4.400000000000000000e+01 0.000000000000000000e+00 1.600000000000000089e+00 1.340999999999999961e-03 2.579999999999999828e-04 -9.999989999999999712e-01 6.550810000000000244e-01 7.555579999999999519e-01 1.072999999999999952e-03 7.555579999999999519e-01 -6.550820000000000531e-01 8.440000000000000236e-04
1.200000000000000000e+01 2.900000000000000000e+01 4.400000000000000000e+01 0.000000000000000000e+00 1.600000000000000089e+00 -6.660000000000000338e-04 -1.461999999999999975e-03 -9.999989999999999712e-01 6.507230000000000514e-01 7.593140000000000445e-01 -1.543000000000000101e-03 7.593149999999999622e-01 -6.507230000000000514e-01 4.459999999999999989e-04
2.000000000000000000e+01 2.900000000000000000e+01 4.400000000000000000e+01 0.000000000000000000e+00 1.600000000000000089e+00 3.570000000000000040e-04 1.062000000000000010e-03 -9.999989999999999712e-01 6.511069999999999913e-01 7.589850000000000207e-01 1.038999999999999993e-03 7.589850000000000207e-01 -6.511069999999999913e-01 -4.209999999999999875e-04
2.400000000000000000e+01 2.900000000000000000e+01 4.400000000000000000e+01 0.000000000000000000e+00 1.600000000000000089e+00 -2.583999999999999925e-03 -2.246999999999999865e-03 -9.999940000000000495e-01 6.617830000000000101e-01 7.496880000000000210e-01 -3.393999999999999882e-03 7.496909999999999963e-01 -6.617880000000000429e-01 -4.499999999999999877e-04
2.800000000000000000e+01 2.900000000000000000e+01 4.400000000000000000e+01 0.000000000000000000e+00 1.600000000000000089e+00 -4.602000000000000188e-03 -3.651999999999999864e-03 -9.999829999999999552e-01 6.682730000000000059e-01 7.438930000000000264e-01 -5.792000000000000273e-03 7.439019999999999522e-01 -6.682879999999999932e-01 -9.829999999999999329e-04
2.800000000000000000e+01 7.000000000000000000e+01 4.700000000000000000e+01 0.000000000000000000e+00 1.600000000000000089e+00 -2.530400000000000010e-02 1.846100000000000171e-02 -9.995089999999999808e-01 -8.418350000000000000e-01 -5.396159999999999846e-01 1.134600000000000018e-02 -5.391420000000000101e-01 8.417090000000000405e-01 2.919499999999999873e-02
2.500000000000000000e+01 5.000000000000000000e+00 5.100000000000000000e+01 0.000000000000000000e+00 1.600000000000000089e+00 -1.822000000000000052e-03 -1.624000000000000010e-03 -9.999970000000000248e-01 4.897710000000000119e-01 -8.718510000000000426e-01 5.230000000000000274e-04 -8.718489999999999851e-01 -4.897690000000000099e-01 2.383999999999999835e-03
8.000000000000000000e+00 6.000000000000000000e+00 5.100000000000000000e+01 0.000000000000000000e+00 1.600000000000000089e+00 3.831000000000000204e-03 1.579300000000000148e-02 -9.998679999999999790e-01 3.097409999999999886e-01 -9.507200000000000095e-01 -1.383000000000000028e-02 -9.508130000000000193e-01 -3.096470000000000056e-01 -8.533999999999999919e-03
9.000000000000000000e+00 7.000000000000000000e+00 5.200000000000000000e+01 0.000000000000000000e+00 1.600000000000000089e+00 9.478999999999999579e-03 1.461499999999999952e-02 -9.998479999999999590e-01 9.926400000000000501e-02 -9.949679999999999636e-01 -1.360300000000000051e-02 -9.950160000000000116e-01 -9.911999999999999977e-02 -1.088300000000000031e-02
1.300000000000000000e+01 7.000000000000000000e+00 5.200000000000000000e+01 0.000000000000000000e+00 1.600000000000000089e+00 6.542000000000000072e-03 9.416000000000000758e-03 -9.999339999999999895e-01 9.421799999999999620e-02 -9.955129999999999812e-01 -8.758000000000000160e-03 -9.955300000000000260e-01 -9.415500000000000258e-02 -7.399000000000000195e-03
2.800000000000000000e+01 7.000000000000000000e+00 5.200000000000000000e+01 0.000000000000000000e+00 1.600000000000000089e+00 -6.335000000000000353e-03 -6.859999999999999779e-03 -9.999559999999999560e-01 1.100340000000000068e-01 -9.939090000000000424e-01 6.121999999999999838e-03 -9.939080000000000137e-01 -1.099910000000000054e-01 7.052000000000000109e-03
8.000000000000000000e+00 6.300000000000000000e+01 5.400000000000000000e+01 0.000000000000000000e+00 1.600000000000000089e+00 6.794999999999999825e-03 4.316000000000000392e-03 9.999679999999999680e-01 -3.422410000000000174e-01 9.396109999999999740e-01 -1.729000000000000068e-03 -9.395879999999999788e-01 -3.422180000000000222e-01 7.861999999999999197e-03
1.900000000000000000e+01 6.300000000000000000e+01 5.400000000000000000e+01 0.000000000000000000e+00 1.600000000000000089e+00 -8.809999999999999472e-04 -5.249999999999999676e-04 1.000000000000000000e+00 -3.175640000000000129e-01 9.482369999999999965e-01 2.180000000000000134e-04 -9.482369999999999965e-01 -3.175629999999999842e-01 -1.002000000000000069e-03
2.500000000000000000e+01 6.300000000000000000e+01 5.400000000000000000e+01 0.000000000000000000e+00 1.600000000000000089e+00 -1.095600000000000046e-02 -8.104999999999999358e-03 9.999069999999999903e-01 -3.358590000000000186e-01 9.419039999999999635e-01 3.955000000000000182e-03 -9.418490000000000473e-01 -3.357840000000000269e-01 -1.304100000000000051e-02
1.800000000000000000e+01 2.500000000000000000e+01 5.500000000000000000e+01 0.000000000000000000e+00 1.600000000000000089e+00 2.120000000000000031e-04 -6.251999999999999745e-03 -9.999799999999999800e-01 -1.140599999999999947e-02 -9.999149999999999983e-01 6.250000000000000347e-03 -9.999350000000000183e-01 1.140399999999999921e-02 -2.840000000000000185e-04
2.200000000000000000e+01 2.500000000000000000e+01 5.500000000000000000e+01 0.000000000000000000e+00 1.600000000000000089e+00 5.339999999999999695e-04 -8.375000000000000500e-03 -9.999649999999999928e-01 -1.416199999999999924e-02 -9.998650000000000038e-01 8.366000000000000172e-03 -9.999000000000000110e-01 1.415699999999999945e-02 -6.530000000000000431e-04
2.000000000000000000e+00 2.100000000000000000e+01 6.000000000000000000e+01 0.000000000000000000e+00 1.600000000000000089e+00 -1.031000000000000015e-03 -8.300000000000000086e-04 9.999989999999999712e-01 -9.266000000000000625e-02 9.956970000000000542e-01 7.309999999999999875e-04 -9.956970000000000542e-01 -9.265900000000000525e-02 -1.103999999999999947e-03
8.000000000000000000e+00 2.100000000000000000e+01 6.000000000000000000e+01 0.000000000000000000e+00 1.600000000000000089e+00 -1.443999999999999971e-03 4.655000000000000283e-03 9.999879999999999880e-01 -9.584600000000000064e-02 9.953849999999999643e-01 -4.772000000000000200e-03 -9.953950000000000298e-01 -9.585200000000000664e-02 -9.920000000000000432e-04
1.300000000000000000e+01 2.100000000000000000e+01 6.000000000000000000e+01 0.000000000000000000e+00 1.600000000000000089e+00 1.353999999999999952e-03 1.072700000000000042e-02 9.999419999999999975e-01 -9.600599999999999412e-02 9.953250000000000153e-01 -1.054800000000000008e-02 -9.953800000000000425e-01 -9.598700000000000288e-02 2.377999999999999906e-03
1.700000000000000000e+01 2.100000000000000000e+01 6.000000000000000000e+01 0.000000000000000000e+00 1.600000000000000089e+00 2.769999999999999893e-03 -5.590000000000000351e-04 9.999959999999999960e-01 -9.439000000000000168e-02 9.955349999999999477e-01 8.180000000000000422e-04 -9.955310000000000548e-01 -9.439200000000000368e-02 2.704999999999999939e-03
2.400000000000000000e+01 2.100000000000000000e+01 6.000000000000000000e+01 0.000000000000000000e+00 1.600000000000000089e+00 5.860000000000000408e-04 1.498299999999999979e-02 9.998879999999999990e-01 -9.743300000000000571e-02 9.951309999999999878e-01 -1.485399999999999915e-02 -9.952419999999999600e-01 -9.741400000000000059e-02 2.043000000000000111e-03
2.800000000000000000e+01 2.100000000000000000e+01 6.000000000000000000e+01 0.000000000000000000e+00 1.600000000000000089e+00 -2.301000000000000094e-03 -4.244999999999999642e-03 9.999879999999999880e-01 -9.789799999999999891e-02 9.951879999999999615e-01 3.998999999999999951e-03 -9.951940000000000230e-01 -9.788800000000000279e-02 -2.706000000000000072e-03
1.000000000000000000e+00 6.000000000000000000e+00 6.100000000000000000e+01 0.000000000000000000e+00 1.600000000000000089e+00 1.374999999999999920e-03 -1.729999999999999984e-03 9.999970000000000248e-01 5.707600000000000451e-01 -8.211140000000000105e-01 -2.204999999999999929e-03 8.211159999999999570e-01 5.707619999999999916e-01 -1.420000000000000092e-04
7.000000000000000000e+00 8.200000000000000000e+01 6.200000000000000000e+01 0.000000000000000000e+00 1.600000000000000089e+00 6.358099999999999863e-01 -7.464889999999999581e-01 1.962139999999999995e-01 -6.465090000000000003e-01 -6.539350000000000440e-01 -3.929320000000000035e-01 4.216300000000000048e-01 1.229760000000000020e-01 -8.983900000000000219e-01
8.000000000000000000e+00 3.000000000000000000e+00 6.300000000000000000e+01 0.000000000000000000e+00 1.600000000000000089e+00 1.709999999999999932e-03 1.384499999999999967e-02 9.999029999999999863e-01 -6.250449999999999617e-01 7.805279999999999996e-01 -9.738000000000000128e-03 -7.805870000000000308e-01 -6.249679999999999680e-01 9.988000000000000350e-03
1.500000000000000000e+01 3.000000000000000000e+00 6.300000000000000000e+01 0.000000000000000000e+00 1.600000000000000089e+00 7.339999999999999520e-04 2.301000000000000094e-03 9.999970000000000248e-01 -6.174100000000000144e-01 7.866410000000000347e-01 -1.356999999999999916e-03 -7.866410000000000347e-01 -6.174070000000000391e-01 1.998000000000000210e-03
2.300000000000000000e+01 3.000000000000000000e+00 6.300000000000000000e+01 0.000000000000000000e+00 1.600000000000000089e+00 5.590000000000000351e-04 1.100999999999999982e-03 9.999989999999999712e-01 -6.175640000000000018e-01 7.865210000000000257e-01 -5.199999999999999544e-04 -7.865210000000000257e-01 -6.175629999999999731e-01 1.119999999999999902e-03
6.000000000000000000e+00 2.700000000000000000e+01 6.300000000000000000e+01 0.000000000000000000e+00 1.600000000000000089e+00 -1.314999999999999980e-03 -3.007999999999999823e-03 9.999949999999999672e-01 -2.760230000000000183e-01 9.611480000000000024e-01 2.527999999999999865e-03 -9.611499999999999488e-01 -2.760179999999999856e-01 -2.095000000000000074e-03
9.000000000000000000e+00 2.700000000000000000e+01 6.300000000000000000e+01 0.000000000000000000e+00 1.600000000000000089e+00 2.329999999999999986e-04 1.520000000000000084e-04 1.000000000000000000e+00 -2.714039999999999786e-01 9.624650000000000150e-01 -8.299999999999999815e-05 -9.624650000000000150e-01 -2.714039999999999786e-01 2.660000000000000146e-04
1.600000000000000000e+01 2.700000000000000000e+01 6.300000000000000000e+01 0.000000000000000000e+00 1.600000000000000089e+00 2.259999999999999856e-03 6.702999999999999757e-03 9.999749999999999472e-01 -2.728809999999999847e-01 9.620300000000000518e-01 -5.832000000000000378e-03 -9.620450000000000390e-01 -2.728610000000000202e-01 4.002999999999999614e-03
2.300000000000000000e+01 2.700000000000000000e+01 6.300000000000000000e+01 0.000000000000000000e+00 1.600000000000000089e+00 1.179999999999999951e-04 -1.724999999999999971e-03 9.999989999999999712e-01 -2.794209999999999749e-01 9.601669999999999927e-01 1.688999999999999963e-03 -9.601690000000000502e-01 -2.794209999999999749e-01 -3.690000000000000246e-04
3.000000000000000000e+01 2.700000000000000000e+01 6.300000000000000000e+01 0.000000000000000000e+00 1.600000000000000089e+00 -1.508000000000000009e-03 -6.765000000000000180e-03 9.999759999999999760e-01 -2.783900000000000263e-01 9.604489999999999972e-01 6.078000000000000069e-03 -9.604669999999999597e-01 -2.783740000000000103e-01 -3.331000000000000193e-03
6.000000000000000000e+00 2.600000000000000000e+01 6.400000000000000000e+01 0.000000000000000000e+00 1.600000000000000089e+00 -2.230000000000000211e-03 -2.802999999999999936e-03 9.999940000000000495e-01 -3.564289999999999958e-01 9.343209999999999571e-01 1.824000000000000100e-03 -9.343200000000000394e-01 -3.564229999999999898e-01 -3.082999999999999803e-03
1.000000000000000000e+01 2.600000000000000000e+01 6.400000000000000000e+01 0.000000000000000000e+00 1.600000000000000089e+00 2.979999999999999793e-04 -1.051999999999999984e-03 9.999989999999999712e-01 -3.528180000000000205e-01 9.356919999999999682e-01 1.090000000000000040e-03 -9.356919999999999682e-01 -3.528180000000000205e-01 -9.299999999999999727e-05
1.700000000000000000e+01 2.600000000000000000e+01 6.400000000000000000e+01 0.000000000000000000e+00 1.600000000000000089e+00 1.628000000000000107e-03 8.595999999999999475e-03 9.999620000000000175e-01 -3.590090000000000225e-01 9.333040000000000225e-01 -7.438000000000000167e-03 -9.333329999999999682e-01 -3.589829999999999965e-01 4.604999999999999719e-03
2.300000000000000000e+01 2.600000000000000000e+01 6.400000000000000000e+01 0.000000000000000000e+00 1.600000000000000089e+00 -7.700000000000000139e-05 -1.397999999999999937e-03 9.999989999999999712e-01 -3.647819999999999951e-01 9.310920000000000307e-01 1.273999999999999959e-03 -9.310929999999999485e-01 -3.647819999999999951e-01 -5.820000000000000520e-04
2.900000000000000000e+01 2.600000000000000000e+01 6.400000000000000000e+01 0.000000000000000000e+00 1.600000000000000089e+00 -1.080000000000000014e-03 -6.910999999999999609e-03 9.999759999999999760e-01 -3.630979999999999763e-01 9.317309999999999759e-01 6.047000000000000292e-03 -9.317499999999999671e-01 -3.630829999999999891e-01 -3.516000000000000028e-03
1.900000000000000000e+01 7.300000000000000000e+01 6.400000000000000000e+01 0.000000000000000000e+00 1.600000000000000089e+00 -9.697369999999999601e-01 1.568229999999999902e-01 -1.871269999999999878e-01 -1.486389999999999934e-01 -9.872429999999999817e-01 -5.708300000000000179e-02 -1.936910000000000021e-01 -2.754099999999999951e-02 9.806759999999999922e-01
3.000000000000000000e+00 8.200000000000000000e+01 6.800000000000000000e+01 0.000000000000000000e+00 1.600000000000000089e+00 5.922619999999999552e-01 -4.667990000000000195e-01 6.567530000000000312e-01 -6.497270000000000545e-01 -7.587359999999999660e-01 4.664000000000000090e-02 4.765309999999999824e-01 -4.543329999999999869e-01 -7.526620000000000532e-01
1.600000000000000000e+01 8.100000000000000000e+01 7.200000000000000000e+01 0.000000000000000000e+00 1.600000000000000089e+00 -6.798769999999999536e-01 -2.337660000000000016e-01 -6.950690000000000479e-01 -7.096639999999999615e-01 -2.910199999999999940e-02 7.039389999999999814e-01 -1.847850000000000048e-01 9.718569999999999709e-01 -1.461089999999999889e-01
