1.800000000000000000e+01 1.900000000000000000e+01 5.000000000000000000e+00 0.000000000000000000e+00 1.600000000000000089e+00 2.849999999999999886e-04 -1.789999999999999870e-04 -1.000000000000000000e+00 -7.075190000000000090e-01 -7.066940000000000444e-01 -7.499999999999999343e-05 -7.066940000000000444e-01 7.075190000000000090e-01 -3.280000000000000038e-04
1.000000000000000000e+00 1.010000000000000000e+02 7.000000000000000000e+00 0.000000000000000000e+00 1.600000000000000089e+00 -3.066999999999999848e-03 -1.625100000000000156e-02 9.998629999999999463e-01 8.898190000000000266e-01 4.562010000000000232e-01 1.014400000000000024e-02 -4.563039999999999874e-01 8.897279999999999633e-01 1.306099999999999969e-02
5.000000000000000000e+00 1.010000000000000000e+02 7.000000000000000000e+00 0.000000000000000000e+00 1.600000000000000089e+00 -3.562000000000000062e-03 -1.272200000000000067e-02 9.999130000000000518e-01 8.905760000000000343e-01 4.547459999999999836e-01 8.958000000000000684e-03 -4.548200000000000021e-01 8.905300000000000438e-01 9.709999999999999881e-03
1.000000000000000000e+01 1.010000000000000000e+02 7.000000000000000000e+00 0.000000000000000000e+00 1.600000000000000089e+00 -2.745000000000000044e-03 -1.602500000000000105e-02 9.998679999999999790e-01 8.899040000000000283e-01 4.560429999999999762e-01 9.752999999999999517e-03 -4.561390000000000167e-01 8.898139999999999938e-01 1.300899999999999973e-02
2.100000000000000000e+01 1.010000000000000000e+02 7.000000000000000000e+00 0.000000000000000000e+00 1.600000000000000089e+00 6.989999999999999686e-04 -7.132000000000000318e-03 9.999740000000000295e-01 8.886469999999999647e-01 4.585850000000000204e-01 2.648999999999999879e-03 -4.585919999999999996e-01 8.886220000000000230e-01 6.657999999999999856e-03
2.800000000000000000e+01 1.010000000000000000e+02 7.000000000000000000e+00 0.000000000000000000e+00 1.600000000000000089e+00 1.562999999999999936e-03 1.182799999999999997e-02 9.999289999999999567e-01 8.886950000000000127e-01 4.584480000000000222e-01 -6.812000000000000347e-03 -4.584960000000000147e-01 8.886429999999999607e-01 -9.794999999999999887e-03
5.000000000000000000e+00 2.500000000000000000e+01 8.000000000000000000e+00 0.000000000000000000e+00 1.600000000000000089e+00 -3.004999999999999859e-03 -1.431999999999999896e-03 -9.999949999999999672e-01 4.361990000000000034e-01 8.998469999999999525e-01 -2.599000000000000182e-03 8.998450000000000060e-01 -4.362039999999999806e-01 -2.079999999999999818e-03
9.000000000000000000e+00 2.500000000000000000e+01 8.000000000000000000e+00 0.000000000000000000e+00 1.600000000000000089e+00 -8.620000000000000275e-04 -1.417000000000000074e-03 -9.999989999999999712e-01 4.371459999999999790e-01 8.993889999999999940e-01 -1.650999999999999907e-03 8.993900000000000228e-01 -4.371470000000000078e-01 -1.559999999999999972e-04
1.800000000000000000e+01 2.500000000000000000e+01 8.000000000000000000e+00 0.000000000000000000e+00 1.600000000000000089e+00 -1.909000000000000107e-03 8.385000000000000092e-03 -9.999630000000000463e-01 4.364080000000000181e-01 8.997239999999999682e-01 6.712000000000000084e-03 8.997469999999999635e-01 -4.363790000000000169e-01 -5.376999999999999835e-03
2.400000000000000000e+01 2.500000000000000000e+01 8.000000000000000000e+00 0.000000000000000000e+00 1.600000000000000089e+00 -6.729999999999999871e-04 3.360000000000000139e-03 -9.999940000000000495e-01 4.366039999999999921e-01 8.996499999999999497e-01 2.729000000000000089e-03 8.996539999999999537e-01 -4.365999999999999881e-01 -2.072000000000000057e-03
2.700000000000000000e+01 2.500000000000000000e+01 8.000000000000000000e+00 0.000000000000000000e+00 1.600000000000000089e+00 -6.620000000000000450e-04 -1.105000000000000079e-02 -9.999390000000000223e-01 4.369210000000000038e-01 8.994419999999999638e-01 -1.022900000000000025e-02 8.994999999999999662e-01 -4.369009999999999838e-01 4.231999999999999651e-03
1.200000000000000000e+01 9.000000000000000000e+00 9.000000000000000000e+00 0.000000000000000000e+00 1.600000000000000089e+00 1.611599999999999838e-02 6.760000000000000384e-03 -9.998470000000000413e-01 -9.714359999999999662e-01 -2.366729999999999945e-01 -1.725900000000000004e-02 -2.367529999999999912e-01 9.715660000000000407e-01 2.752999999999999805e-03
1.800000000000000000e+01 9.000000000000000000e+00 9.000000000000000000e+00 0.000000000000000000e+00 1.600000000000000089e+00 2.599200000000000121e-02 1.519900000000000070e-02 -9.995469999999999633e-01 -9.741260000000000474e-01 -2.241710000000000091e-01 -2.873900000000000066e-02 -2.245060000000000111e-01 9.744310000000000471e-01 8.978999999999999135e-03
2.300000000000000000e+01 9.000000000000000000e+00 9.000000000000000000e+00 0.000000000000000000e+00 1.600000000000000089e+00 2.816000000000000100e-02 7.020000000000000198e-03 -9.995789999999999953e-01 -9.868550000000000377e-01 -1.590030000000000054e-01 -2.891900000000000026e-02 -1.591390000000000027e-01 9.872530000000000472e-01 2.451000000000000054e-03
5.000000000000000000e+00 2.400000000000000000e+01 9.000000000000000000e+00 0.000000000000000000e+00 1.600000000000000089e+00 -3.076000000000000175e-03 -1.629000000000000023e-03 -9.999940000000000495e-01 4.428429999999999866e-01 8.965950000000000308e-01 -2.821999999999999856e-03 8.965940000000000021e-01 -4.428489999999999926e-01 -2.036000000000000049e-03
9.000000000000000000e+00 2.400000000000000000e+01 9.000000000000000000e+00 0.000000000000000000e+00 1.600000000000000089e+00 -1.038000000000000077e-03 -9.150000000000000147e-04 -9.999989999999999712e-01 4.437769999999999770e-01 8.961360000000000436e-01 -1.280000000000000105e-03 8.961369999999999614e-01 -4.437780000000000058e-01 -5.240000000000000517e-04
1.500000000000000000e+01 2.400000000000000000e+01 9.000000000000000000e+00 0.000000000000000000e+00 1.600000000000000089e+00 -1.489000000000000089e-03 1.232999999999999938e-03 -9.999980000000000535e-01 4.438920000000000088e-01 8.960799999999999876e-01 4.440000000000000045e-04 8.960789999999999589e-01 -4.438900000000000068e-01 -1.881999999999999992e-03
1.800000000000000000e+01 2.400000000000000000e+01 9.000000000000000000e+00 0.000000000000000000e+00 1.600000000000000089e+00 -1.025000000000000086e-03 2.462000000000000213e-03 -9.999959999999999960e-01 4.426470000000000127e-01 8.966939999999999911e-01 1.753999999999999917e-03 8.966950000000000198e-01 -4.426439999999999819e-01 -2.008999999999999935e-03
2.400000000000000000e+01 2.400000000000000000e+01 9.000000000000000000e+00 0.000000000000000000e+00 1.600000000000000089e+00 -7.039999999999999817e-04 2.830000000000000050e-03 -9.999959999999999960e-01 4.416340000000000265e-01 8.971930000000000183e-01 2.227999999999999946e-03 8.971949999999999648e-01 -4.416300000000000225e-01 -1.881999999999999992e-03
2.700000000000000000e+01 2.400000000000000000e+01 9.000000000000000000e+00 0.000000000000000000e+00 1.600000000000000089e+00 -1.054999999999999948e-03 -8.257999999999999716e-03 -9.999649999999999928e-01 4.420839999999999770e-01 8.969390000000000418e-01 -7.874000000000000790e-03 8.969730000000000203e-01 -4.420769999999999977e-01 2.703999999999999806e-03
8.000000000000000000e+00 8.000000000000000000e+00 1.000000000000000000e+01 0.000000000000000000e+00 1.600000000000000089e+00 1.539800000000000023e-02 -3.759000000000000188e-03 -9.998740000000000405e-01 -9.943429999999999769e-01 -1.051649999999999946e-01 -1.491800000000000070e-02 -1.050959999999999950e-01 9.944479999999999986e-01 -5.356999999999999783e-03
3.000000000000000000e+00 4.000000000000000000e+00 1.100000000000000000e+01 0.000000000000000000e+00 1.600000000000000089e+00 1.791000000000000057e-03 -3.197999999999999888e-03 9.999930000000000208e-01 1.769950000000000134e-01 -9.842060000000000253e-01 -3.465000000000000198e-03 9.842100000000000293e-01 1.769999999999999907e-01 -1.196999999999999930e-03
9.000000000000000000e+00 4.000000000000000000e+00 1.100000000000000000e+01 0.000000000000000000e+00 1.600000000000000089e+00 -3.359000000000000007e-03 1.394100000000000027e-02 9.998970000000000358e-01 1.402579999999999938e-01 -9.900120000000000031e-01 1.427499999999999949e-02 9.901090000000000169e-01 1.402909999999999990e-01 1.369999999999999907e-03
1.300000000000000000e+01 4.000000000000000000e+00 1.100000000000000000e+01 0.000000000000000000e+00 1.600000000000000089e+00 -3.464000000000000065e-03 1.403300000000000033e-02 9.998960000000000070e-01 1.360510000000000053e-01 -9.905979999999999785e-01 1.437399999999999962e-02 9.906960000000000210e-01 1.360870000000000135e-01 1.521999999999999915e-03
2.400000000000000000e+01 2.800000000000000000e+01 1.300000000000000000e+01 0.000000000000000000e+00 1.600000000000000089e+00 -7.630000000000000063e-04 3.651399999999999785e-02 9.993330000000000268e-01 -4.767600000000000310e-02 9.981950000000000545e-01 -3.650899999999999979e-02 -9.988629999999999454e-01 -4.767199999999999910e-02 9.790000000000000525e-04
2.600000000000000000e+01 2.800000000000000000e+01 1.300000000000000000e+01 0.000000000000000000e+00 1.600000000000000089e+00 -5.085000000000000110e-03 -4.859200000000000325e-02 9.988059999999999716e-01 -6.000699999999999784e-02 9.970339999999999758e-01 4.820100000000000079e-02 -9.981849999999999890e-01 -5.969000000000000000e-02 -7.986000000000000043e-03
1.800000000000000000e+01 2.900000000000000000e+01 1.300000000000000000e+01 0.000000000000000000e+00 1.600000000000000089e+00 1.799699999999999911e-02 2.696839999999999793e-01 9.627809999999999979e-01 -1.621500000000000025e-02 9.628889999999999949e-01 -2.694110000000000116e-01 -9.997070000000000123e-01 -1.076300000000000000e-02 2.170199999999999907e-02
2.400000000000000000e+01 1.200000000000000000e+01 1.600000000000000000e+01 0.000000000000000000e+00 1.600000000000000089e+00 -3.802999999999999957e-03 2.596000000000000044e-02 9.996559999999999890e-01 2.827310000000000101e-01 -9.588480000000000336e-01 2.597599999999999909e-02 9.591920000000000446e-01 2.827319999999999833e-01 -3.693000000000000102e-03
2.000000000000000000e+01 1.160000000000000000e+02 1.600000000000000000e+01 0.000000000000000000e+00 1.600000000000000089e+00 8.409999999999999507e-04 2.843000000000000041e-03 9.999959999999999960e-01 7.743430000000000035e-01 6.327610000000000179e-01 -2.449999999999999921e-03 -6.327650000000000219e-01 7.743419999999999748e-01 -1.668999999999999911e-03
2.300000000000000000e+01 2.000000000000000000e+00 1.900000000000000000e+01 0.000000000000000000e+00 1.600000000000000089e+00 -3.108999999999999785e-03 2.865799999999999945e-02 -9.995840000000000281e-01 3.474740000000000051e-01 -9.372730000000000228e-01 -2.795200000000000115e-02 -9.376849999999999907e-01 -3.474160000000000026e-01 -7.043999999999999914e-03
4.000000000000000000e+00 3.000000000000000000e+00 1.900000000000000000e+01 0.000000000000000000e+00 1.600000000000000089e+00 -3.976999999999999633e-03 2.163899999999999851e-02 -9.997580000000000355e-01 3.386250000000000093e-01 -9.406710000000000349e-01 -2.170700000000000060e-02 -9.409129999999999994e-01 -3.386299999999999866e-01 -3.586999999999999911e-03
7.000000000000000000e+00 3.000000000000000000e+00 1.900000000000000000e+01 0.000000000000000000e+00 1.600000000000000089e+00 -6.973000000000000032e-03 2.477299999999999988e-02 -9.996690000000000298e-01 3.427359999999999851e-01 -9.390810000000000546e-01 -2.566200000000000078e-02 -9.394059999999999633e-01 -3.428010000000000224e-01 -1.943000000000000066e-03
1.200000000000000000e+01 3.000000000000000000e+00 1.900000000000000000e+01 0.000000000000000000e+00 1.600000000000000089e+00 -2.409000000000000117e-03 1.596300000000000149e-02 -9.998700000000000365e-01 3.456650000000000000e-01 -9.382249999999999757e-01 -1.581099999999999867e-02 -9.383550000000000502e-01 -3.456580000000000208e-01 -3.258000000000000045e-03
1.700000000000000000e+01 3.000000000000000000e+00 1.900000000000000000e+01 0.000000000000000000e+00 1.600000000000000089e+00 -3.650000000000000033e-03 1.714500000000000052e-02 -9.998460000000000125e-01 3.443780000000000174e-01 -9.386710000000000331e-01 -1.735300000000000037e-02 -9.388239999999999919e-01 -3.443880000000000274e-01 -2.478999999999999867e-03
2.000000000000000000e+01 3.000000000000000000e+00 1.900000000000000000e+01 0.000000000000000000e+00 1.600000000000000089e+00 -4.186999999999999750e-03 2.256800000000000125e-02 -9.997369999999999868e-01 3.420790000000000219e-01 -9.393979999999999553e-01 -2.263899999999999940e-02 -9.396619999999999973e-01 -3.420839999999999992e-01 -3.787000000000000002e-03
2.500000000000000000e+01 3.000000000000000000e+00 1.900000000000000000e+01 0.000000000000000000e+00 1.600000000000000089e+00 -1.920999999999999965e-03 2.302500000000000033e-02 -9.997329999999999828e-01 3.361500000000000044e-01 -9.415440000000000476e-01 -2.233100000000000016e-02 -9.418069999999999498e-01 -3.361029999999999851e-01 -5.930999999999999640e-03
1.300000000000000000e+01 4.000000000000000000e+00 2.000000000000000000e+01 0.000000000000000000e+00 1.600000000000000089e+00 -1.311000000000000099e-03 1.375600000000000087e-02 -9.999050000000000438e-01 3.792510000000000048e-01 -9.251989999999999936e-01 -1.322500000000000064e-02 -9.252930000000000321e-01 -3.792320000000000135e-01 -4.003999999999999747e-03
1.900000000000000000e+01 4.000000000000000000e+00 2.000000000000000000e+01 0.000000000000000000e+00 1.600000000000000089e+00 -3.432999999999999854e-03 1.894399999999999903e-02 -9.998150000000000093e-01 3.849230000000000151e-01 -9.227570000000000494e-01 -1.880599999999999980e-02 -9.229420000000000401e-01 -3.849159999999999804e-01 -4.124000000000000062e-03
2.600000000000000000e+01 4.000000000000000000e+00 2.000000000000000000e+01 0.000000000000000000e+00 1.600000000000000089e+00 -1.307000000000000002e-03 2.138500000000000123e-02 -9.997700000000000475e-01 3.864830000000000210e-01 -9.220749999999999780e-01 -2.022900000000000045e-02 -9.222960000000000047e-01 -3.864199999999999857e-01 -7.060000000000000303e-03
2.000000000000000000e+00 1.300000000000000000e+01 2.000000000000000000e+01 0.000000000000000000e+00 1.600000000000000089e+00 6.089999999999999494e-04 -1.864999999999999904e-03 9.999980000000000535e-01 2.578880000000000061e-01 9.661729999999999485e-01 1.644999999999999978e-03 -9.661739999999999773e-01 2.578869999999999774e-01 1.069000000000000072e-03
8.000000000000000000e+00 1.300000000000000000e+01 2.000000000000000000e+01 0.000000000000000000e+00 1.600000000000000089e+00 -7.499999999999999343e-05 -1.881000000000000076e-03 9.999980000000000535e-01 2.597289999999999877e-01 9.656799999999999828e-01 1.835999999999999958e-03 -9.656810000000000116e-01 2.597289999999999877e-01 4.169999999999999987e-04
1.100000000000000000e+01 1.300000000000000000e+01 2.000000000000000000e+01 0.000000000000000000e+00 1.600000000000000089e+00 -1.520000000000000084e-04 -3.092000000000000130e-03 9.999949999999999672e-01 2.608190000000000230e-01 9.653829999999999911e-01 3.024000000000000212e-03 -9.653880000000000239e-01 2.608179999999999943e-01 6.589999999999999721e-04
1.500000000000000000e+01 1.300000000000000000e+01 2.000000000000000000e+01 0.000000000000000000e+00 1.600000000000000089e+00 1.185000000000000072e-03 -4.298999999999999870e-03 9.999900000000000455e-01 2.607809999999999850e-01 9.653899999999999704e-01 3.841999999999999929e-03 -9.653969999999999496e-01 2.607740000000000058e-01 2.265000000000000086e-03
1.900000000000000000e+01 1.300000000000000000e+01 2.000000000000000000e+01 0.000000000000000000e+00 1.600000000000000089e+00 1.815999999999999906e-03 -1.384999999999999946e-03 9.999970000000000248e-01 2.601280000000000259e-01 9.655740000000000434e-01 8.649999999999999920e-04 -9.655719999999999859e-01 2.601260000000000239e-01 2.112999999999999861e-03
2.500000000000000000e+01 1.300000000000000000e+01 2.000000000000000000e+01 0.000000000000000000e+00 1.600000000000000089e+00 8.899999999999999491e-05 1.446000000000000020e-03 9.999989999999999712e-01 2.621999999999999886e-01 9.650119999999999809e-01 -1.418999999999999906e-03 -9.650130000000000097e-01 2.621999999999999886e-01 -2.930000000000000204e-04
1.100000000000000000e+01 1.600000000000000000e+01 2.100000000000000000e+01 0.000000000000000000e+00 1.600000000000000089e+00 -6.359999999999999551e-04 -4.523000000000000111e-03 9.999900000000000455e-01 2.978740000000000276e-01 9.545940000000000536e-01 4.506999999999999722e-03 -9.546050000000000368e-01 2.978740000000000276e-01 7.399999999999999894e-04
9.000000000000000000e+00 2.000000000000000000e+00 2.500000000000000000e+01 0.000000000000000000e+00 1.600000000000000089e+00 -9.360000000000000264e-03 1.998600000000000029e-02 9.997559999999999780e-01 7.649400000000000643e-02 -9.968559999999999643e-01 2.064399999999999916e-02 9.970259999999999678e-01 7.666900000000000104e-02 7.801999999999999907e-03
1.200000000000000000e+01 2.000000000000000000e+00 2.500000000000000000e+01 0.000000000000000000e+00 1.600000000000000089e+00 -7.936000000000000346e-03 1.622399999999999884e-02 9.998369999999999758e-01 8.452600000000000391e-02 -9.962790000000000257e-01 1.683700000000000127e-02 9.963899999999999979e-01 8.464599999999999902e-02 6.535000000000000010e-03
1.900000000000000000e+01 3.000000000000000000e+00 2.500000000000000000e+01 0.000000000000000000e+00 1.600000000000000089e+00 -5.069999999999999854e-03 1.709099999999999855e-02 9.998409999999999798e-01 1.021700000000000039e-02 -9.998010000000000508e-01 1.714200000000000099e-02 9.999350000000000183e-01 1.030200000000000039e-02 4.893999999999999913e-03
2.300000000000000000e+01 3.000000000000000000e+00 2.500000000000000000e+01 0.000000000000000000e+00 1.600000000000000089e+00 -6.080999999999999600e-03 2.288400000000000156e-02 9.997200000000000530e-01 1.580499999999999960e-02 -9.996110000000000273e-01 2.297799999999999843e-02 9.998569999999999958e-01 1.594100000000000031e-02 5.716999999999999860e-03
2.500000000000000000e+01 3.000000000000000000e+01 2.500000000000000000e+01 0.000000000000000000e+00 1.600000000000000089e+00 -2.245890000000000108e-01 -9.310000000000000567e-03 9.744089999999999696e-01 -9.737379999999999924e-01 -3.617000000000000076e-02 -2.247800000000000076e-01 3.733700000000000213e-02 -9.993020000000000236e-01 -9.420000000000000205e-04
2.300000000000000000e+01 3.100000000000000000e+01 2.500000000000000000e+01 0.000000000000000000e+00 1.600000000000000089e+00 -3.080760000000000165e-01 5.639899999999999775e-02 9.496890000000000054e-01 -9.476820000000000244e-01 6.952500000000000346e-02 -3.115530000000000244e-01 -8.359800000000000564e-02 -9.959850000000000092e-01 3.202900000000000191e-02
1.800000000000000000e+01 4.600000000000000000e+01 2.700000000000000000e+01 0.000000000000000000e+00 1.600000000000000089e+00 -4.675999999999999601e-03 -2.500000000000000052e-03 -9.999860000000000415e-01 6.788910000000000222e-01 7.342220000000000413e-01 -5.009999999999999697e-03 7.342239999999999878e-01 -6.789049999999999807e-01 -1.735999999999999913e-03
1.000000000000000000e+01 4.600000000000000000e+01 3.000000000000000000e+01 0.000000000000000000e+00 1.600000000000000089e+00 -1.381000000000000066e-03 -1.899000000000000080e-03 -9.999970000000000248e-01 3.336700000000000221e-01 9.426870000000000527e-01 -2.250999999999999963e-03 9.426889999999999992e-01 -3.336720000000000241e-01 -6.679999999999999740e-04
5.000000000000000000e+00 5.800000000000000000e+01 3.100000000000000000e+01 0.000000000000000000e+00 1.600000000000000089e+00 -9.110000000000000259e-04 -1.688000000000000047e-03 9.999980000000000535e-01 -8.104459999999999997e-01 -5.858109999999999706e-01 -1.727000000000000019e-03 5.858130000000000281e-01 -8.104459999999999997e-01 -8.339999999999999974e-04
2.700000000000000000e+01 5.800000000000000000e+01 3.100000000000000000e+01 0.000000000000000000e+00 1.600000000000000089e+00 -3.880999999999999901e-03 -8.480000000000000124e-04 9.999919999999999920e-01 -8.089220000000000299e-01 -5.879050000000000109e-01 -3.638000000000000175e-03 5.879029999999999534e-01 -8.089300000000000379e-01 1.595999999999999979e-03
1.600000000000000000e+01 4.300000000000000000e+01 3.400000000000000000e+01 0.000000000000000000e+00 1.600000000000000089e+00 -1.129999999999999955e-04 -1.895999999999999899e-03 -9.999980000000000535e-01 -3.259279999999999955e-01 9.453930000000000389e-01 -1.755000000000000050e-03 9.453949999999999854e-01 3.259270000000000223e-01 -7.249999999999999500e-04
1.000000000000000000e+00 4.600000000000000000e+01 3.500000000000000000e+01 0.000000000000000000e+00 1.600000000000000089e+00 -3.073999999999999910e-03 3.638999999999999874e-03 -9.999890000000000168e-01 3.898630000000000151e-01 -9.208619999999999584e-01 -4.549000000000000092e-03 -9.208680000000000199e-01 -3.898719999999999963e-01 1.412000000000000061e-03
8.000000000000000000e+00 4.600000000000000000e+01 3.500000000000000000e+01 0.000000000000000000e+00 1.600000000000000089e+00 -8.000000000000000654e-05 -2.134000000000000046e-03 -9.999980000000000535e-01 3.895569999999999866e-01 -9.210000000000000409e-01 1.933999999999999955e-03 -9.210019999999999873e-01 -3.895560000000000134e-01 9.049999999999999885e-04
1.400000000000000000e+01 4.600000000000000000e+01 3.500000000000000000e+01 0.000000000000000000e+00 1.600000000000000089e+00 2.910000000000000260e-04 7.421999999999999778e-03 -9.999719999999999720e-01 3.896890000000000076e-01 -9.209220000000000184e-01 -6.721999999999999677e-03 -9.209460000000000424e-01 -3.896760000000000224e-01 -3.160000000000000048e-03
1.900000000000000000e+01 4.600000000000000000e+01 3.500000000000000000e+01 0.000000000000000000e+00 1.600000000000000089e+00 -1.118000000000000070e-03 -2.959999999999999958e-03 -9.999949999999999672e-01 3.908820000000000072e-01 -9.204379999999999784e-01 2.288000000000000103e-03 -9.204400000000000359e-01 -3.908780000000000032e-01 2.186000000000000009e-03
2.200000000000000000e+01 4.600000000000000000e+01 3.500000000000000000e+01 0.000000000000000000e+00 1.600000000000000089e+00 -1.789999999999999870e-04 -4.511000000000000253e-03 -9.999900000000000455e-01 3.919690000000000119e-01 -9.199690000000000367e-01 4.079000000000000160e-03 -9.199779999999999625e-01 -3.919639999999999791e-01 1.933000000000000039e-03
2.900000000000000000e+01 4.600000000000000000e+01 3.500000000000000000e+01 0.000000000000000000e+00 1.600000000000000089e+00 5.060000000000000478e-04 4.783599999999999658e-02 -9.988550000000000484e-01 3.934270000000000267e-01 -9.183130000000000459e-01 -4.377999999999999947e-02 -9.193559999999999510e-01 -3.929549999999999987e-01 -1.928399999999999906e-02
1.300000000000000000e+01 9.500000000000000000e+01 3.600000000000000000e+01 0.000000000000000000e+00 1.600000000000000089e+00 2.566999999999999837e-03 2.416599999999999998e-02 9.997049999999999548e-01 9.969599999999999573e-01 7.779200000000000004e-02 -4.440999999999999635e-03 -7.787600000000000078e-02 9.966770000000000351e-01 -2.389300000000000104e-02
2.600000000000000000e+01 9.500000000000000000e+01 3.600000000000000000e+01 0.000000000000000000e+00 1.600000000000000089e+00 3.297000000000000017e-03 5.282000000000000237e-03 9.999810000000000088e-01 9.970750000000000446e-01 7.633800000000000308e-02 -3.690999999999999837e-03 -7.635599999999999332e-02 9.970679999999999543e-01 -5.015000000000000360e-03
5.000000000000000000e+00 2.900000000000000000e+01 4.400000000000000000e+01 0.000000000000000000e+00 1.600000000000000089e+00 -1.368999999999999991e-03 2.861999999999999961e-03 -9.999949999999999672e-01 6.439270000000000271e-01 7.650860000000000438e-01 1.307999999999999918e-03 7.650860000000000438e-01 -6.439219999999999944e-01 -2.890999999999999907e-03
9.000000000000000000e+00 2.900000000000000000e+01 4.400000000000000000e+01 0.000000000000000000e+00 1.600000000000000089e+00 -2.749000000000000141e-03 -1.485999999999999908e-03 -9.999949999999999672e-01 6.504320000000000102e-01 7.595589999999999842e-01 -2.916999999999999888e-03 7.595589999999999842e-01 -6.504370000000000429e-01 -1.121999999999999950e-03
1.500000000000000000e+01 2.900000000000000000e+01 4.400000000000000000e+01 0.000000000000000000e+00 1.600000000000000089e+00 -2.338999999999999933e-03 1.054999999999999948e-03 -9.999970000000000248e-01 6.591669999999999474e-01 7.519959999999999978e-01 -7.489999999999999913e-04 7.519930000000000225e-01 -6.591660000000000297e-01 -2.454000000000000018e-03
1.700000000000000000e+01 2.900000000000000000e+01 4.400000000000000000e+01 0.000000000000000000e+00 1.600000000000000089e+00 -1.115000000000000106e-03 8.880000000000000089e-04 -9.999989999999999712e-01 6.598490000000000189e-01 7.513980000000000103e-01 -6.899999999999999667e-05 7.513969999999999816e-01 -6.598479999999999901e-01 -1.423000000000000003e-03
2.300000000000000000e+01 2.900000000000000000e+01 4.400000000000000000e+01 0.000000000000000000e+00 1.600000000000000089e+00 2.337999999999999801e-03 4.127999999999999725e-03 -9.999890000000000168e-01 6.491369999999999640e-01 7.606570000000000276e-01 4.657999999999999814e-03 7.606680000000000108e-01 -6.491409999999999680e-01 -9.020000000000000240e-04
2.600000000000000000e+01 2.900000000000000000e+01 4.400000000000000000e+01 0.000000000000000000e+00 1.600000000000000089e+00 -1.962999999999999901e-03 -1.500000000000000038e-05 -9.999980000000000535e-01 6.436680000000000179e-01 7.653039999999999843e-01 -1.275000000000000092e-03 7.653020000000000378e-01 -6.436690000000000467e-01 -1.492999999999999969e-03
2.300000000000000000e+01 6.000000000000000000e+00 5.100000000000000000e+01 0.000000000000000000e+00 1.600000000000000089e+00 3.945999999999999855e-03 2.990000000000000036e-03 -9.999879999999999880e-01 3.150700000000000167e-01 -9.490669999999999940e-01 -1.593999999999999931e-03 -9.490600000000000147e-01 -3.150600000000000067e-01 -4.687000000000000194e-03
1.700000000000000000e+01 1.150000000000000000e+02 5.100000000000000000e+01 0.000000000000000000e+00 1.600000000000000089e+00 -9.259999999999999568e-04 2.559999999999999884e-04 1.000000000000000000e+00 8.467550000000000354e-01 -5.319829999999999837e-01 9.200000000000000278e-04 5.319829999999999837e-01 8.467550000000000354e-01 2.759999999999999867e-04
2.200000000000000000e+01 1.150000000000000000e+02 5.100000000000000000e+01 0.000000000000000000e+00 1.600000000000000089e+00 2.469999999999999865e-04 1.301000000000000073e-03 9.999989999999999712e-01 8.475819999999999466e-01 -5.306640000000000246e-01 4.809999999999999823e-04 5.306640000000000246e-01 8.475810000000000288e-01 -1.234000000000000071e-03
1.700000000000000000e+01 7.000000000000000000e+00 5.200000000000000000e+01 0.000000000000000000e+00 1.600000000000000089e+00 -6.260000000000000373e-04 -8.379999999999999862e-04 -9.999989999999999712e-01 8.552700000000000580e-02 -9.963359999999999994e-01 7.810000000000000102e-04 -9.963359999999999994e-01 -8.552700000000000580e-02 6.949999999999999798e-04
2.600000000000000000e+01 7.000000000000000000e+00 5.200000000000000000e+01 0.000000000000000000e+00 1.600000000000000089e+00 5.786000000000000344e-03 -2.687999999999999851e-03 -9.999799999999999800e-01 9.599699999999999900e-02 -9.953760000000000385e-01 3.230999999999999931e-03 -9.953650000000000553e-01 -9.601300000000000112e-02 -5.500999999999999814e-03
1.000000000000000000e+01 1.600000000000000000e+01 5.200000000000000000e+01 0.000000000000000000e+00 1.600000000000000089e+00 -2.423999999999999939e-03 -5.330000000000000536e-04 -9.999970000000000248e-01 7.769340000000000135e-01 6.295779999999999710e-01 -2.219000000000000052e-03 6.295770000000000532e-01 -7.769369999999999887e-01 -1.111999999999999924e-03
6.000000000000000000e+00 5.800000000000000000e+01 5.200000000000000000e+01 0.000000000000000000e+00 1.600000000000000089e+00 7.140000000000000079e-04 -7.898000000000000506e-03 9.999689999999999968e-01 -6.309139999999999748e-01 7.758249999999999869e-01 6.577999999999999646e-03 -7.758530000000000149e-01 -6.308989999999999876e-01 -4.428999999999999777e-03
1.100000000000000000e+01 6.300000000000000000e+01 5.400000000000000000e+01 0.000000000000000000e+00 1.600000000000000089e+00 9.590000000000000000e-04 -5.983999999999999736e-03 9.999820000000000375e-01 -3.538100000000000134e-01 9.352979999999999627e-01 5.936999999999999569e-03 -9.353169999999999540e-01 -3.538100000000000134e-01 -1.219999999999999947e-03
1.500000000000000000e+01 6.300000000000000000e+01 5.400000000000000000e+01 0.000000000000000000e+00 1.600000000000000089e+00 3.350000000000000113e-04 -1.118999999999999986e-03 9.999989999999999712e-01 -3.542130000000000001e-01 9.351639999999999953e-01 1.165000000000000020e-03 -9.351650000000000240e-01 -3.542130000000000001e-01 -8.299999999999999815e-05
1.900000000000000000e+01 6.300000000000000000e+01 5.400000000000000000e+01 0.000000000000000000e+00 1.600000000000000089e+00 -2.480000000000000000e-03 6.220000000000000485e-04 9.999970000000000248e-01 -3.520929999999999893e-01 9.359640000000000182e-01 -1.454999999999999913e-03 -9.359619999999999607e-01 -3.520949999999999913e-01 -2.102000000000000136e-03
2.800000000000000000e+01 6.300000000000000000e+01 5.400000000000000000e+01 0.000000000000000000e+00 1.600000000000000089e+00 -5.060000000000000478e-04 2.066000000000000128e-03 9.999980000000000535e-01 -3.470010000000000039e-01 9.378619999999999735e-01 -2.113999999999999994e-03 -9.378640000000000310e-01 -3.470019999999999771e-01 2.420000000000000005e-04
2.000000000000000000e+00 2.500000000000000000e+01 5.500000000000000000e+01 0.000000000000000000e+00 1.600000000000000089e+00 5.649999999999999641e-04 -9.610000000000000486e-04 -9.999989999999999712e-01 -1.100499999999999916e-02 -9.999390000000000223e-01 9.550000000000000112e-04 -9.999390000000000223e-01 1.100399999999999989e-02 -5.760000000000000146e-04
1.000000000000000000e+01 2.500000000000000000e+01 5.500000000000000000e+01 0.000000000000000000e+00 1.600000000000000089e+00 8.069999999999999916e-04 7.579999999999999932e-04 -9.999989999999999712e-01 -1.232699999999999942e-02 -9.999240000000000350e-01 -7.680000000000000195e-04 -9.999240000000000350e-01 1.232800000000000042e-02 -7.979999999999999897e-04
2.300000000000000000e+01 2.500000000000000000e+01 5.500000000000000000e+01 0.000000000000000000e+00 1.600000000000000089e+00 -2.149999999999999947e-04 2.413000000000000214e-03 -9.999970000000000248e-01 -1.138899999999999982e-02 -9.999320000000000430e-01 -2.409999999999999816e-03 -9.999350000000000183e-01 1.138800000000000055e-02 2.420000000000000005e-04
2.700000000000000000e+01 2.500000000000000000e+01 5.500000000000000000e+01 0.000000000000000000e+00 1.600000000000000089e+00 -2.910000000000000260e-04 5.943000000000000366e-03 -9.999820000000000375e-01 -1.050399999999999945e-02 -9.999270000000000103e-01 -5.938999999999999835e-03 -9.999449999999999728e-01 1.050199999999999918e-02 3.530000000000000152e-04
4.000000000000000000e+00 2.000000000000000000e+01 6.000000000000000000e+01 0.000000000000000000e+00 1.600000000000000089e+00 1.940000000000000101e-03 3.343000000000000051e-03 9.999930000000000208e-01 -6.137100000000000194e-02 9.981100000000000527e-01 -3.216999999999999808e-03 -9.981130000000000280e-01 -6.136400000000000188e-02 2.141000000000000108e-03
7.000000000000000000e+00 2.100000000000000000e+01 6.000000000000000000e+01 0.000000000000000000e+00 1.600000000000000089e+00 6.710000000000000469e-04 -4.310000000000000137e-04 1.000000000000000000e+00 -9.583600000000000452e-02 9.953969999999999763e-01 4.939999999999999730e-04 -9.953969999999999763e-01 -9.583600000000000452e-02 6.269999999999999532e-04
1.100000000000000000e+01 2.100000000000000000e+01 6.000000000000000000e+01 0.000000000000000000e+00 1.600000000000000089e+00 -1.196999999999999930e-03 1.430000000000000064e-03 9.999980000000000535e-01 -9.606800000000000062e-02 9.953739999999999810e-01 -1.538000000000000088e-03 -9.953739999999999810e-01 -9.607000000000000262e-02 -1.054000000000000032e-03
1.500000000000000000e+01 2.100000000000000000e+01 6.000000000000000000e+01 0.000000000000000000e+00 1.600000000000000089e+00 -5.640000000000000482e-04 2.580999999999999961e-03 9.999959999999999960e-01 -9.379099999999999937e-02 9.955880000000000285e-01 -2.622999999999999898e-03 -9.955920000000000325e-01 -9.379200000000000037e-02 -3.200000000000000262e-04
2.300000000000000000e+01 2.100000000000000000e+01 6.000000000000000000e+01 0.000000000000000000e+00 1.600000000000000089e+00 1.420999999999999954e-03 -8.918999999999999845e-03 9.999590000000000423e-01 -9.824700000000000100e-02 9.951210000000000333e-01 9.015999999999999709e-03 -9.951609999999999623e-01 -9.825599999999999612e-02 5.370000000000000424e-04
2.900000000000000000e+01 2.100000000000000000e+01 6.000000000000000000e+01 0.000000000000000000e+00 1.600000000000000089e+00 -6.840000000000000377e-04 1.614099999999999910e-02 9.998700000000000365e-01 -9.780899999999999317e-02 9.950750000000000428e-01 -1.613099999999999951e-02 -9.952050000000000063e-01 -9.780700000000000505e-02 8.980000000000000352e-04
2.000000000000000000e+00 6.700000000000000000e+01 6.000000000000000000e+01 0.000000000000000000e+00 1.600000000000000089e+00 2.331999999999999872e-03 2.338999999999999933e-03 9.999949999999999672e-01 1.715359999999999940e-01 -9.851760000000000517e-01 1.905000000000000009e-03 9.851750000000000229e-01 1.715309999999999890e-01 -2.699000000000000010e-03
2.800000000000000000e+01 6.700000000000000000e+01 6.000000000000000000e+01 0.000000000000000000e+00 1.600000000000000089e+00 4.079000000000000160e-03 8.843000000000000166e-03 9.999529999999999808e-01 1.798919999999999964e-01 -9.836540000000000283e-01 7.964999999999999858e-03 9.836780000000000523e-01 1.798510000000000109e-01 -5.603000000000000341e-03
1.000000000000000000e+01 3.000000000000000000e+00 6.300000000000000000e+01 0.000000000000000000e+00 1.600000000000000089e+00 -1.286000000000000034e-03 -7.531000000000000368e-03 9.999710000000000543e-01 -6.154020000000000046e-01 7.881970000000000365e-01 5.144000000000000135e-03 -7.882130000000000525e-01 -6.153769999999999518e-01 -5.648000000000000242e-03
1.800000000000000000e+01 3.000000000000000000e+00 6.300000000000000000e+01 0.000000000000000000e+00 1.600000000000000089e+00 2.317000000000000049e-03 -5.271999999999999777e-03 9.999829999999999552e-01 -6.154079999999999551e-01 7.881890000000000285e-01 5.581000000000000023e-03 -7.882050000000000445e-01 -6.154110000000000413e-01 -1.417999999999999990e-03
8.000000000000000000e+00 2.700000000000000000e+01 6.300000000000000000e+01 0.000000000000000000e+00 1.600000000000000089e+00 1.250000000000000026e-04 -4.597000000000000391e-03 9.999890000000000168e-01 -2.750119999999999787e-01 9.614310000000000356e-01 4.454999999999999759e-03 -9.614409999999999901e-01 -2.750090000000000034e-01 -1.144000000000000052e-03
1.300000000000000000e+01 2.700000000000000000e+01 6.300000000000000000e+01 0.000000000000000000e+00 1.600000000000000089e+00 1.129999999999999928e-03 1.361000000000000014e-03 9.999980000000000535e-01 -2.748709999999999765e-01 9.614800000000000013e-01 -9.979999999999999722e-04 -9.614800000000000013e-01 -2.748700000000000032e-01 1.459999999999999926e-03
1.800000000000000000e+01 2.700000000000000000e+01 6.300000000000000000e+01 0.000000000000000000e+00 1.600000000000000089e+00 9.849999999999999815e-04 5.186999999999999771e-03 9.999860000000000415e-01 -2.747800000000000242e-01 9.614960000000000173e-01 -4.716999999999999839e-03 -9.615070000000000006e-01 -2.747709999999999875e-01 2.371999999999999977e-03
2.200000000000000000e+01 2.700000000000000000e+01 6.300000000000000000e+01 0.000000000000000000e+00 1.600000000000000089e+00 -1.459999999999999926e-03 -3.367999999999999900e-03 9.999930000000000208e-01 -2.706089999999999884e-01 9.626850000000000129e-01 2.847000000000000138e-03 -9.626879999999999882e-01 -2.706029999999999824e-01 -2.317000000000000049e-03
6.000000000000000000e+00 2.600000000000000000e+01 6.400000000000000000e+01 0.000000000000000000e+00 1.600000000000000089e+00 4.939999999999999730e-04 -3.740999999999999968e-03 9.999930000000000208e-01 -3.683759999999999812e-01 9.296699999999999964e-01 3.660000000000000059e-03 -9.296769999999999756e-01 -3.683750000000000080e-01 -9.179999999999999792e-04
1.000000000000000000e+01 2.600000000000000000e+01 6.400000000000000000e+01 0.000000000000000000e+00 1.600000000000000089e+00 8.149999999999999693e-04 -3.706999999999999792e-03 9.999930000000000208e-01 -3.690120000000000067e-01 9.294170000000000487e-01 3.746000000000000198e-03 -9.294240000000000279e-01 -3.690129999999999799e-01 -6.109999999999999980e-04
1.700000000000000000e+01 2.600000000000000000e+01 6.400000000000000000e+01 0.000000000000000000e+00 1.600000000000000089e+00 1.283999999999999985e-03 6.701000000000000359e-03 9.999770000000000048e-01 -3.662759999999999905e-01 9.304879999999999818e-01 -5.765000000000000159e-03 -9.305050000000000265e-01 -3.662599999999999745e-01 3.648999999999999900e-03
2.500000000000000000e+01 2.600000000000000000e+01 6.400000000000000000e+01 0.000000000000000000e+00 1.600000000000000089e+00 -7.050000000000000060e-04 -4.388000000000000407e-03 9.999900000000000455e-01 -3.644780000000000242e-01 9.312040000000000317e-01 3.828999999999999938e-03 -9.312120000000000397e-01 -3.644709999999999894e-01 -2.256000000000000193e-03
6.000000000000000000e+00 6.900000000000000000e+01 6.600000000000000000e+01 0.000000000000000000e+00 1.600000000000000089e+00 -1.758000000000000014e-03 -6.505000000000000365e-03 9.999770000000000048e-01 -9.483129999999999615e-01 3.173360000000000070e-01 3.970000000000000005e-04 -3.173320000000000030e-01 -9.482909999999999950e-01 -6.727000000000000340e-03
1.700000000000000000e+01 6.900000000000000000e+01 6.600000000000000000e+01 0.000000000000000000e+00 1.600000000000000089e+00 -5.190000000000000169e-03 3.163000000000000013e-03 9.999820000000000375e-01 -9.489560000000000217e-01 3.153520000000000212e-01 -5.923000000000000313e-03 -3.153650000000000064e-01 -9.489699999999999802e-01 1.364999999999999894e-03
2.100000000000000000e+01 6.900000000000000000e+01 6.600000000000000000e+01 0.000000000000000000e+00 1.600000000000000089e+00 -4.433000000000000308e-03 4.310000000000000137e-04 9.999900000000000455e-01 -9.496750000000000469e-01 3.132070000000000132e-01 -4.344999999999999904e-03 -3.132059999999999844e-01 -9.496850000000000014e-01 -9.790000000000000525e-04
9.000000000000000000e+00 2.500000000000000000e+01 7.300000000000000000e+01 0.000000000000000000e+00 1.600000000000000089e+00 -1.438999999999999958e-03 -2.380999999999999870e-03 9.999959999999999960e-01 7.539949999999999708e-01 -6.568800000000000194e-01 -4.789999999999999879e-04 6.568789999999999907e-01 7.539909999999999668e-01 2.740999999999999947e-03
1.900000000000000000e+01 2.500000000000000000e+01 7.300000000000000000e+01 0.000000000000000000e+00 1.600000000000000089e+00 2.256999999999999892e-03 1.737000000000000046e-03 9.999959999999999960e-01 7.550160000000000204e-01 -6.557060000000000111e-01 -5.659999999999999884e-04 6.557030000000000358e-01 7.550139999999999629e-01 -2.791000000000000078e-03
2.600000000000000000e+01 2.500000000000000000e+01 7.300000000000000000e+01 0.000000000000000000e+00 1.600000000000000089e+00 -2.773999999999999990e-03 -2.562000000000000041e-03 9.999930000000000208e-01 7.577620000000000466e-01 -6.525309999999999722e-01 4.310000000000000137e-04 6.525260000000000504e-01 7.577570000000000139e-01 3.750999999999999994e-03
7.000000000000000000e+00 4.400000000000000000e+01 7.300000000000000000e+01 0.000000000000000000e+00 1.600000000000000089e+00 1.962000000000000202e-03 3.406999999999999872e-03 9.999919999999999920e-01 5.818700000000000261e-02 -9.982999999999999652e-01 3.286999999999999991e-03 9.983039999999999692e-01 5.818000000000000255e-02 -2.157000000000000063e-03
1.500000000000000000e+01 4.400000000000000000e+01 7.300000000000000000e+01 0.000000000000000000e+00 1.600000000000000089e+00 -1.340000000000000045e-04 2.673000000000000029e-03 9.999959999999999960e-01 5.732399999999999995e-02 -9.983520000000000172e-01 2.675999999999999993e-03 9.983560000000000212e-01 5.732399999999999995e-02 -1.900000000000000105e-05
