6.000000000000000000e+00 4.200000000000000000e+01 2.000000000000000000e+00 0.000000000000000000e+00 1.600000000000000089e+00 -1.902000000000000045e-03 -2.946100000000000108e-02 9.995640000000000081e-01 9.898959999999999981e-01 1.416650000000000131e-01 6.059000000000000150e-03 -1.417819999999999914e-01 9.894760000000000222e-01 2.889399999999999955e-02
1.100000000000000000e+01 4.200000000000000000e+01 2.000000000000000000e+00 0.000000000000000000e+00 1.600000000000000089e+00 -7.780999999999999722e-03 -1.464400000000000077e-02 9.998620000000000285e-01 9.879909999999999526e-01 1.541879999999999917e-01 9.946999999999999245e-03 -1.543120000000000047e-01 9.879329999999999501e-01 1.326800000000000028e-02
7.000000000000000000e+00 1.600000000000000000e+01 4.000000000000000000e+00 0.000000000000000000e+00 1.600000000000000089e+00 -3.190999999999999826e-03 1.929200000000000012e-02 9.998089999999999478e-01 3.222039999999999904e-01 -9.464740000000000375e-01 1.929099999999999912e-02 9.466649999999999787e-01 3.222039999999999904e-01 -3.196000000000000056e-03
1.000000000000000000e+01 1.600000000000000000e+01 4.000000000000000000e+00 0.000000000000000000e+00 1.600000000000000089e+00 3.268000000000000071e-03 2.626200000000000062e-02 9.996500000000000385e-01 3.224139999999999784e-01 -9.462990000000000013e-01 2.380699999999999830e-02 9.465930000000000177e-01 3.222229999999999817e-01 -1.156000000000000083e-02
1.500000000000000000e+01 1.600000000000000000e+01 4.000000000000000000e+00 0.000000000000000000e+00 1.600000000000000089e+00 -8.170000000000000179e-04 1.555699999999999965e-02 9.998789999999999623e-01 3.228719999999999923e-01 -9.463240000000000540e-01 1.498799999999999959e-02 9.464420000000000055e-01 3.228460000000000218e-01 -4.249000000000000173e-03
2.500000000000000000e+01 1.600000000000000000e+01 4.000000000000000000e+00 0.000000000000000000e+00 1.600000000000000089e+00 -4.060000000000000024e-04 9.698999999999999289e-03 9.999529999999999808e-01 3.232909999999999950e-01 -9.462540000000000395e-01 9.308999999999999567e-03 9.463000000000000300e-01 3.232789999999999830e-01 -2.752000000000000106e-03
2.000000000000000000e+00 1.500000000000000000e+01 8.000000000000000000e+00 0.000000000000000000e+00 1.600000000000000089e+00 4.774999999999999731e-03 1.572099999999999886e-02 -9.998650000000000038e-01 -5.676060000000000549e-01 -8.231519999999999948e-01 -1.565300000000000025e-02 -8.232869999999999910e-01 5.676039999999999974e-01 4.993000000000000042e-03
7.000000000000000000e+00 1.500000000000000000e+01 8.000000000000000000e+00 0.000000000000000000e+00 1.600000000000000089e+00 7.288000000000000207e-03 1.499400000000000038e-02 -9.998609999999999998e-01 -5.648680000000000367e-01 -8.250159999999999716e-01 -1.649000000000000118e-02 -8.251490000000000213e-01 5.649100000000000232e-01 2.456999999999999983e-03
1.200000000000000000e+01 1.500000000000000000e+01 8.000000000000000000e+00 0.000000000000000000e+00 1.600000000000000089e+00 4.819000000000000367e-03 2.143799999999999872e-02 -9.997589999999999533e-01 -5.641610000000000236e-01 -8.254120000000000346e-01 -2.041799999999999865e-02 -8.256510000000000238e-01 5.641230000000000411e-01 8.116999999999999216e-03
6.000000000000000000e+00 2.600000000000000000e+01 8.000000000000000000e+00 0.000000000000000000e+00 1.600000000000000089e+00 -5.399000000000000153e-03 -1.399700000000000076e-02 -9.998869999999999703e-01 4.174269999999999925e-01 9.085870000000000335e-01 -1.497300000000000020e-02 9.086940000000000017e-01 -4.174610000000000265e-01 9.370000000000000074e-04
1.300000000000000000e+01 2.600000000000000000e+01 8.000000000000000000e+00 0.000000000000000000e+00 1.600000000000000089e+00 -4.606999999999999984e-03 -1.899700000000000000e-02 -9.998089999999999478e-01 4.215610000000000190e-01 9.065969999999999862e-01 -1.916800000000000101e-02 9.067880000000000384e-01 -4.215690000000000270e-01 3.831999999999999903e-03
1.600000000000000000e+01 2.600000000000000000e+01 8.000000000000000000e+00 0.000000000000000000e+00 1.600000000000000089e+00 -5.212999999999999752e-03 -2.040399999999999853e-02 -9.997779999999999445e-01 4.233040000000000136e-01 9.057520000000000016e-01 -2.069199999999999859e-02 9.059730000000000283e-01 -4.233180000000000276e-01 3.916000000000000210e-03
1.900000000000000000e+01 2.600000000000000000e+01 8.000000000000000000e+00 0.000000000000000000e+00 1.600000000000000089e+00 -5.746000000000000239e-03 -2.206400000000000028e-02 -9.997399999999999620e-01 4.254069999999999796e-01 9.047250000000000014e-01 -2.241200000000000137e-02 9.049840000000000106e-01 -4.254249999999999976e-01 4.186999999999999750e-03
2.300000000000000000e+01 2.600000000000000000e+01 8.000000000000000000e+00 0.000000000000000000e+00 1.600000000000000089e+00 -3.997999999999999818e-03 -3.405000000000000041e-03 -9.999860000000000415e-01 4.282810000000000228e-01 9.036330000000000195e-01 -4.788999999999999854e-03 9.036370000000000235e-01 -4.282940000000000080e-01 -2.154000000000000099e-03
2.800000000000000000e+01 2.600000000000000000e+01 8.000000000000000000e+00 0.000000000000000000e+00 1.600000000000000089e+00 -2.181000000000000213e-03 -8.920000000000000845e-03 -9.999580000000000135e-01 4.269870000000000054e-01 9.042130000000000445e-01 -8.996999999999999789e-03 9.042550000000000310e-01 -4.269879999999999787e-01 1.837000000000000091e-03
1.700000000000000000e+01 1.400000000000000000e+01 9.000000000000000000e+00 0.000000000000000000e+00 1.600000000000000089e+00 6.865999999999999708e-03 1.496399999999999987e-02 -9.998639999999999750e-01 -5.576449999999999463e-01 -8.299199999999999910e-01 -1.625000000000000056e-02 -8.300509999999999833e-01 5.576809999999999823e-01 2.647000000000000047e-03
2.000000000000000000e+01 1.400000000000000000e+01 9.000000000000000000e+00 0.000000000000000000e+00 1.600000000000000089e+00 6.492999999999999640e-03 1.648700000000000165e-02 -9.998430000000000373e-01 -5.559859999999999802e-01 -8.310110000000000552e-01 -1.731299999999999853e-02 -8.311659999999999604e-01 5.560110000000000330e-01 3.771000000000000046e-03
2.400000000000000000e+01 1.400000000000000000e+01 9.000000000000000000e+00 0.000000000000000000e+00 1.600000000000000089e+00 5.395999999999999755e-03 1.172499999999999931e-02 -9.999169999999999447e-01 -5.546079999999999899e-01 -8.320140000000000313e-01 -1.274999999999999918e-02 -8.320940000000000003e-01 5.546309999999999851e-01 2.013000000000000032e-03
2.800000000000000000e+01 1.400000000000000000e+01 9.000000000000000000e+00 0.000000000000000000e+00 1.600000000000000089e+00 2.384999999999999967e-03 3.781000000000000073e-03 -9.999900000000000455e-01 -5.547790000000000221e-01 -8.319849999999999746e-01 -4.468999999999999882e-03 -8.319940000000000113e-01 5.547849999999999726e-01 1.129999999999999955e-04
1.100000000000000000e+01 3.100000000000000000e+01 1.200000000000000000e+01 0.000000000000000000e+00 1.600000000000000089e+00 -2.982999999999999974e-03 1.412999999999999977e-03 9.999949999999999672e-01 1.523399999999999928e-02 9.998829999999999663e-01 -1.366999999999999943e-03 -9.998789999999999623e-01 1.523000000000000048e-02 -3.004000000000000160e-03
1.400000000000000000e+01 3.100000000000000000e+01 1.200000000000000000e+01 0.000000000000000000e+00 1.600000000000000089e+00 -1.956999999999999972e-03 -1.019999999999999992e-04 9.999980000000000535e-01 1.576400000000000023e-02 9.998759999999999870e-01 1.330000000000000073e-04 -9.998740000000000405e-01 1.576400000000000023e-02 -1.955000000000000140e-03
1.700000000000000000e+01 3.100000000000000000e+01 1.200000000000000000e+01 0.000000000000000000e+00 1.600000000000000089e+00 -4.949999999999999973e-04 9.000000000000000567e-05 1.000000000000000000e+00 1.528599999999999924e-02 9.998829999999999663e-01 -8.200000000000000095e-05 -9.998829999999999663e-01 1.528599999999999924e-02 -4.960000000000000216e-04
2.200000000000000000e+01 3.100000000000000000e+01 1.200000000000000000e+01 0.000000000000000000e+00 1.600000000000000089e+00 7.010000000000000172e-04 4.530000000000000064e-04 1.000000000000000000e+00 1.457199999999999988e-02 9.998939999999999495e-01 -4.629999999999999784e-04 -9.998939999999999495e-01 1.457299999999999915e-02 6.949999999999999798e-04
1.200000000000000000e+01 3.200000000000000000e+01 1.400000000000000000e+01 0.000000000000000000e+00 1.600000000000000089e+00 3.873999999999999840e-03 3.480000000000000020e-04 -9.999919999999999920e-01 1.219859999999999972e-01 9.925310000000000521e-01 8.180000000000000422e-04 9.925239999999999618e-01 -1.219879999999999992e-01 3.802999999999999957e-03
7.000000000000000000e+00 1.200000000000000000e+01 1.500000000000000000e+01 0.000000000000000000e+00 1.600000000000000089e+00 5.468999999999999903e-03 5.394000000000000357e-03 -9.999700000000000255e-01 -4.700420000000000154e-01 -8.826140000000000096e-01 -7.330999999999999843e-03 -8.826270000000000504e-01 4.700679999999999858e-01 -2.292000000000000200e-03
1.000000000000000000e+01 1.200000000000000000e+01 1.500000000000000000e+01 0.000000000000000000e+00 1.600000000000000089e+00 3.963000000000000377e-03 9.456000000000000863e-03 -9.999470000000000303e-01 -4.702319999999999833e-01 -8.824840000000000462e-01 -1.020899999999999933e-02 -8.825340000000000407e-01 4.702479999999999993e-01 9.489999999999999738e-04
1.800000000000000000e+01 1.200000000000000000e+01 1.500000000000000000e+01 0.000000000000000000e+00 1.600000000000000089e+00 4.890000000000000249e-03 5.308000000000000218e-03 -9.999740000000000295e-01 -4.687769999999999992e-01 -8.832889999999999908e-01 -6.981000000000000226e-03 -8.833029999999999493e-01 4.687990000000000212e-01 -1.830999999999999945e-03
2.000000000000000000e+00 1.160000000000000000e+02 1.600000000000000000e+01 0.000000000000000000e+00 1.600000000000000089e+00 -1.930000000000000021e-04 -1.023000000000000038e-03 1.000000000000000000e+00 6.840549999999999686e-01 7.294300000000000228e-01 8.790000000000000070e-04 -7.294310000000000516e-01 6.840549999999999686e-01 5.590000000000000351e-04
6.000000000000000000e+00 1.160000000000000000e+02 1.600000000000000000e+01 0.000000000000000000e+00 1.600000000000000089e+00 -3.110000000000000243e-04 -1.507000000000000093e-03 9.999989999999999712e-01 6.729859999999999731e-01 7.396540000000000337e-01 1.324000000000000090e-03 -7.396549999999999514e-01 6.729859999999999731e-01 7.839999999999999747e-04
2.500000000000000000e+01 1.160000000000000000e+02 1.600000000000000000e+01 0.000000000000000000e+00 1.600000000000000089e+00 -1.704000000000000003e-03 -2.266999999999999918e-03 9.999959999999999960e-01 7.030399999999999983e-01 7.111439999999999984e-01 2.809999999999999998e-03 -7.111480000000000024e-01 7.030419999999999447e-01 3.820000000000000153e-04
2.900000000000000000e+01 1.160000000000000000e+02 1.600000000000000000e+01 0.000000000000000000e+00 1.600000000000000089e+00 -9.110000000000000259e-04 -8.100000000000000375e-05 1.000000000000000000e+00 6.943479999999999652e-01 7.196390000000000287e-01 6.909999999999999910e-04 -7.196390000000000287e-01 6.943479999999999652e-01 -5.990000000000000316e-04
4.000000000000000000e+00 2.000000000000000000e+00 1.900000000000000000e+01 0.000000000000000000e+00 1.600000000000000089e+00 -2.077999999999999986e-03 1.791000000000000057e-03 -9.999959999999999960e-01 1.663810000000000011e-01 -9.860590000000000188e-01 -2.112000000000000162e-03 -9.860590000000000188e-01 -1.663840000000000041e-01 1.750999999999999952e-03
8.000000000000000000e+00 2.000000000000000000e+00 1.900000000000000000e+01 0.000000000000000000e+00 1.600000000000000089e+00 -1.002999999999999985e-03 -1.779999999999999898e-04 -1.000000000000000000e+00 1.672649999999999970e-01 -9.859120000000000106e-01 6.999999999999999895e-06 -9.859109999999999818e-01 -1.672649999999999970e-01 1.018999999999999941e-03
1.300000000000000000e+01 2.000000000000000000e+00 1.900000000000000000e+01 0.000000000000000000e+00 1.600000000000000089e+00 2.135000000000000179e-03 6.693000000000000164e-03 -9.999749999999999472e-01 1.699869999999999992e-01 -9.854270000000000529e-01 -6.231999999999999693e-03 -9.854439999999999866e-01 -1.699700000000000100e-01 -3.240999999999999957e-03
1.900000000000000000e+01 2.000000000000000000e+00 1.900000000000000000e+01 0.000000000000000000e+00 1.600000000000000089e+00 -1.832000000000000078e-03 8.480000000000000124e-04 -9.999980000000000535e-01 1.687800000000000133e-01 -9.856530000000000014e-01 -1.144999999999999967e-03 -9.856519999999999726e-01 -1.687819999999999876e-01 1.662999999999999982e-03
2.300000000000000000e+01 2.000000000000000000e+00 1.900000000000000000e+01 0.000000000000000000e+00 1.600000000000000089e+00 -1.072000000000000036e-03 4.382999999999999743e-03 -9.999900000000000455e-01 1.607520000000000060e-01 -9.869839999999999725e-01 -4.498000000000000262e-03 -9.869940000000000380e-01 -1.607560000000000100e-01 3.530000000000000152e-04
2.800000000000000000e+01 2.000000000000000000e+00 1.900000000000000000e+01 0.000000000000000000e+00 1.600000000000000089e+00 3.396999999999999846e-03 5.119999999999999768e-04 -9.999940000000000495e-01 1.593340000000000034e-01 -9.872250000000000192e-01 3.600000000000000091e-05 -9.872189999999999577e-01 -1.593330000000000024e-01 -3.435000000000000119e-03
7.000000000000000000e+00 1.300000000000000000e+01 2.000000000000000000e+01 0.000000000000000000e+00 1.600000000000000089e+00 -6.200000000000000270e-05 -7.637999999999999824e-03 9.999710000000000543e-01 2.593840000000000034e-01 9.657459999999999933e-01 7.393000000000000266e-03 -9.657740000000000213e-01 2.593770000000000242e-01 1.922000000000000097e-03
1.100000000000000000e+01 1.300000000000000000e+01 2.000000000000000000e+01 0.000000000000000000e+00 1.600000000000000089e+00 -3.690000000000000246e-04 2.129999999999999949e-03 9.999980000000000535e-01 2.602079999999999949e-01 9.655510000000000481e-01 -1.959999999999999937e-03 -9.655529999999999946e-01 2.602059999999999929e-01 -9.100000000000000016e-04
1.500000000000000000e+01 1.300000000000000000e+01 2.000000000000000000e+01 0.000000000000000000e+00 1.600000000000000089e+00 -1.299000000000000024e-03 6.650000000000000095e-04 9.999989999999999712e-01 2.634070000000000022e-01 9.646850000000000147e-01 -2.999999999999999737e-04 -9.646839999999999860e-01 2.634070000000000022e-01 -1.428000000000000016e-03
2.400000000000000000e+01 1.300000000000000000e+01 2.000000000000000000e+01 0.000000000000000000e+00 1.600000000000000089e+00 7.700000000000000139e-05 -1.786999999999999960e-03 9.999980000000000535e-01 2.607180000000000053e-01 9.654129999999999656e-01 1.704999999999999918e-03 -9.654150000000000231e-01 2.607180000000000053e-01 5.400000000000000069e-04
3.000000000000000000e+01 1.300000000000000000e+01 2.000000000000000000e+01 0.000000000000000000e+00 1.600000000000000089e+00 1.890000000000000133e-04 4.303999999999999666e-03 9.999909999999999632e-01 2.617129999999999734e-01 9.651370000000000227e-01 -4.203000000000000139e-03 -9.651459999999999484e-01 2.617110000000000269e-01 -9.439999999999999607e-04
4.000000000000000000e+00 1.600000000000000000e+01 2.100000000000000000e+01 0.000000000000000000e+00 1.600000000000000089e+00 -8.419999999999999750e-04 -7.740999999999999617e-03 9.999700000000000255e-01 2.961969999999999881e-01 9.550959999999999450e-01 7.642999999999999620e-03 -9.551269999999999483e-01 2.961940000000000128e-01 1.489000000000000089e-03
8.000000000000000000e+00 1.600000000000000000e+01 2.100000000000000000e+01 0.000000000000000000e+00 1.600000000000000089e+00 -5.500000000000000196e-05 -5.387000000000000295e-03 9.999850000000000128e-01 2.967420000000000058e-01 9.549440000000000150e-01 5.160999999999999789e-03 -9.549579999999999735e-01 2.967380000000000018e-01 1.546000000000000065e-03
2.400000000000000000e+01 1.600000000000000000e+01 2.100000000000000000e+01 0.000000000000000000e+00 1.600000000000000089e+00 6.449999999999999570e-04 3.770000000000000022e-04 1.000000000000000000e+00 2.989569999999999728e-01 9.542669999999999764e-01 -5.519999999999999733e-04 -9.542659999999999476e-01 2.989569999999999728e-01 5.029999999999999749e-04
7.000000000000000000e+00 4.600000000000000000e+01 2.700000000000000000e+01 0.000000000000000000e+00 1.600000000000000089e+00 8.279999999999999600e-04 1.242999999999999964e-03 -9.999989999999999712e-01 6.799340000000000384e-01 7.332720000000000349e-01 1.474999999999999966e-03 7.332729999999999526e-01 -6.799349999999999561e-01 -2.380000000000000117e-04
9.000000000000000000e+00 4.600000000000000000e+01 3.000000000000000000e+01 0.000000000000000000e+00 1.600000000000000089e+00 4.180000000000000230e-04 6.999999999999999895e-06 -1.000000000000000000e+00 3.365279999999999938e-01 9.416729999999999823e-01 1.479999999999999925e-04 9.416729999999999823e-01 -3.365279999999999938e-01 3.910000000000000172e-04
2.100000000000000000e+01 4.600000000000000000e+01 3.000000000000000000e+01 0.000000000000000000e+00 1.600000000000000089e+00 5.000000000000000240e-05 -4.640000000000000027e-04 -1.000000000000000000e+00 3.367850000000000010e-01 9.415820000000000300e-01 -4.200000000000000174e-04 9.415820000000000300e-01 -3.367850000000000010e-01 2.030000000000000012e-04
3.000000000000000000e+00 5.800000000000000000e+01 3.100000000000000000e+01 0.000000000000000000e+00 1.600000000000000089e+00 1.381999999999999982e-03 4.198999999999999608e-03 9.999900000000000455e-01 -7.972719999999999807e-01 -6.036089999999999511e-01 3.635999999999999909e-03 6.036190000000000166e-01 -7.972690000000000055e-01 2.513000000000000043e-03
9.000000000000000000e+00 5.800000000000000000e+01 3.100000000000000000e+01 0.000000000000000000e+00 1.600000000000000089e+00 1.039999999999999936e-04 -1.897999999999999948e-03 9.999980000000000535e-01 -7.965130000000000265e-01 -6.046200000000000463e-01 -1.064999999999999974e-03 6.046209999999999640e-01 -7.965119999999999978e-01 -1.574000000000000095e-03
1.400000000000000000e+01 5.800000000000000000e+01 3.100000000000000000e+01 0.000000000000000000e+00 1.600000000000000089e+00 -1.569999999999999944e-04 -8.710000000000000294e-04 1.000000000000000000e+00 -7.984630000000000338e-01 -6.020429999999999948e-01 -6.489999999999999459e-04 6.020429999999999948e-01 -7.984630000000000338e-01 -6.009999999999999717e-04
2.200000000000000000e+01 5.800000000000000000e+01 3.100000000000000000e+01 0.000000000000000000e+00 1.600000000000000089e+00 -1.703000000000000087e-03 2.020000000000000040e-04 9.999989999999999712e-01 -7.981549999999999478e-01 -6.024509999999999588e-01 -1.237000000000000035e-03 6.024500000000000410e-01 -7.981559999999999766e-01 1.188000000000000037e-03
2.700000000000000000e+01 5.800000000000000000e+01 3.100000000000000000e+01 0.000000000000000000e+00 1.600000000000000089e+00 1.420000000000000092e-04 5.720000000000000258e-04 1.000000000000000000e+00 -7.951479999999999659e-01 -6.064159999999999551e-01 4.600000000000000139e-04 6.064159999999999551e-01 -7.951479999999999659e-01 3.680000000000000003e-04
1.200000000000000000e+01 4.600000000000000000e+01 3.500000000000000000e+01 0.000000000000000000e+00 1.600000000000000089e+00 -1.828999999999999897e-03 5.176000000000000045e-03 -9.999850000000000128e-01 3.917760000000000131e-01 -9.200439999999999729e-01 -5.479000000000000363e-03 -9.200589999999999602e-01 -3.917800000000000171e-01 -3.460000000000000076e-04
1.500000000000000000e+01 4.600000000000000000e+01 3.500000000000000000e+01 0.000000000000000000e+00 1.600000000000000089e+00 -6.359999999999999551e-04 1.799000000000000035e-03 -9.999980000000000535e-01 3.915219999999999811e-01 -9.201669999999999572e-01 -1.905000000000000009e-03 -9.201679999999999859e-01 -3.915230000000000099e-01 -1.190000000000000058e-04
2.200000000000000000e+01 4.600000000000000000e+01 3.500000000000000000e+01 0.000000000000000000e+00 1.600000000000000089e+00 4.169999999999999987e-04 2.638000000000000154e-03 -9.999959999999999960e-01 3.909850000000000270e-01 -9.203940000000000454e-01 -2.265000000000000086e-03 -9.203970000000000207e-01 -3.909830000000000250e-01 -1.415000000000000025e-03
4.000000000000000000e+00 9.500000000000000000e+01 3.600000000000000000e+01 0.000000000000000000e+00 1.600000000000000089e+00 -2.219000000000000052e-03 -1.090000000000000067e-04 9.999980000000000535e-01 9.970539999999999958e-01 7.667599999999999416e-02 2.220999999999999884e-03 -7.667599999999999416e-02 9.970560000000000533e-01 -6.099999999999999872e-05
8.000000000000000000e+00 9.500000000000000000e+01 3.600000000000000000e+01 0.000000000000000000e+00 1.600000000000000089e+00 -4.741999999999999688e-03 -1.809600000000000097e-02 9.998249999999999638e-01 9.968510000000000426e-01 7.905900000000000427e-02 6.159000000000000412e-03 -7.915700000000000514e-02 9.967059999999999809e-01 1.766399999999999915e-02
1.200000000000000000e+01 9.500000000000000000e+01 3.600000000000000000e+01 0.000000000000000000e+00 1.600000000000000089e+00 4.657999999999999814e-03 1.204999999999999995e-02 9.999169999999999447e-01 9.965239999999999654e-01 8.311399999999999344e-02 -5.642999999999999579e-03 -8.317499999999999893e-02 9.964669999999999916e-01 -1.162099999999999939e-02
1.600000000000000000e+01 9.500000000000000000e+01 3.600000000000000000e+01 0.000000000000000000e+00 1.600000000000000089e+00 4.076999999999999895e-03 1.887399999999999842e-02 9.998139999999999805e-01 9.967240000000000544e-01 8.068699999999999484e-02 -5.588000000000000085e-03 -8.077700000000000158e-02 9.965610000000000301e-01 -1.848299999999999943e-02
2.000000000000000000e+01 9.500000000000000000e+01 3.600000000000000000e+01 0.000000000000000000e+00 1.600000000000000089e+00 -7.259999999999999743e-04 -9.353999999999999468e-03 9.999559999999999560e-01 9.972330000000000361e-01 7.432300000000000018e-02 1.420000000000000038e-03 -7.433299999999999630e-02 9.971900000000000208e-01 9.273999999999999258e-03
2.300000000000000000e+01 9.500000000000000000e+01 3.600000000000000000e+01 0.000000000000000000e+00 1.600000000000000089e+00 -3.033999999999999805e-03 -2.520700000000000024e-02 9.996779999999999555e-01 9.972739999999999938e-01 7.362900000000000000e-02 4.883000000000000188e-03 -7.372900000000000287e-02 9.969670000000000476e-01 2.491499999999999965e-02
2.600000000000000000e+01 9.500000000000000000e+01 3.600000000000000000e+01 0.000000000000000000e+00 1.600000000000000089e+00 -2.259999999999999856e-03 -1.876900000000000096e-02 9.998209999999999598e-01 9.973060000000000258e-01 7.326499999999999679e-02 3.629999999999999980e-03 -7.331999999999999629e-02 9.971360000000000223e-01 1.855300000000000005e-02
2.000000000000000000e+00 3.000000000000000000e+00 4.300000000000000000e+01 0.000000000000000000e+00 1.600000000000000089e+00 -4.811000000000000172e-03 -2.205500000000000169e-02 -9.997449999999999948e-01 7.393929999999999669e-01 -6.731800000000000006e-01 1.129299999999999922e-02 -6.732569999999999943e-01 -7.391499999999999737e-01 1.954600000000000087e-02
1.700000000000000000e+01 3.000000000000000000e+00 4.300000000000000000e+01 0.000000000000000000e+00 1.600000000000000089e+00 2.272000000000000148e-03 7.636000000000000426e-03 -9.999679999999999680e-01 7.389379999999999837e-01 -6.737649999999999473e-01 -3.465999999999999897e-03 -6.737699999999999800e-01 -7.389069999999999805e-01 -7.172999999999999689e-03
2.200000000000000000e+01 3.000000000000000000e+00 4.300000000000000000e+01 0.000000000000000000e+00 1.600000000000000089e+00 -2.730999999999999921e-03 -6.250999999999999612e-03 -9.999770000000000048e-01 7.388559999999999572e-01 -6.738589999999999858e-01 2.194999999999999903e-03 -6.738570000000000393e-01 -7.388329999999999620e-01 6.459000000000000331e-03
2.800000000000000000e+01 3.000000000000000000e+00 4.300000000000000000e+01 0.000000000000000000e+00 1.600000000000000089e+00 1.709999999999999932e-03 -7.362999999999999753e-03 -9.999719999999999720e-01 7.356559999999999766e-01 -6.773259999999999836e-01 6.244999999999999683e-03 -6.773529999999999829e-01 -7.356460000000000221e-01 4.258999999999999765e-03
2.000000000000000000e+01 8.000000000000000000e+00 4.400000000000000000e+01 0.000000000000000000e+00 1.600000000000000089e+00 -2.509999999999999753e-04 1.624000000000000010e-03 9.999989999999999712e-01 -7.875170000000000226e-01 -6.162919999999999510e-01 8.040000000000000271e-04 6.162919999999999510e-01 -7.875159999999999938e-01 1.433000000000000029e-03
2.900000000000000000e+01 8.000000000000000000e+00 4.400000000000000000e+01 0.000000000000000000e+00 1.600000000000000089e+00 -4.087000000000000355e-03 -3.266999999999999939e-03 9.999860000000000415e-01 -7.813649999999999762e-01 -6.240520000000000511e-01 -5.231999999999999672e-03 6.240609999999999769e-01 -7.813759999999999595e-01 -3.000000000000000076e-06
1.000000000000000000e+00 2.900000000000000000e+01 4.400000000000000000e+01 0.000000000000000000e+00 1.600000000000000089e+00 -1.404000000000000083e-03 -5.950000000000000427e-04 -9.999989999999999712e-01 6.373680000000000456e-01 7.705589999999999939e-01 -1.353000000000000036e-03 7.705589999999999939e-01 -6.373689999999999634e-01 -7.029999999999999574e-04
1.400000000000000000e+01 2.900000000000000000e+01 4.400000000000000000e+01 0.000000000000000000e+00 1.600000000000000089e+00 4.288000000000000145e-03 3.690000000000000246e-04 -9.999909999999999632e-01 6.712099999999999733e-01 7.412600000000000300e-01 3.151999999999999854e-03 7.412549999999999972e-01 -6.712179999999999813e-01 2.931000000000000012e-03
1.900000000000000000e+01 2.900000000000000000e+01 4.400000000000000000e+01 0.000000000000000000e+00 1.600000000000000089e+00 1.118000000000000070e-03 -2.425000000000000072e-03 -9.999959999999999960e-01 6.768309999999999604e-01 7.361379999999999590e-01 -1.028000000000000051e-03 7.361370000000000413e-01 -6.768279999999999852e-01 2.464000000000000044e-03
2.300000000000000000e+01 2.900000000000000000e+01 4.400000000000000000e+01 0.000000000000000000e+00 1.600000000000000089e+00 -3.621999999999999786e-03 -2.926999999999999914e-03 -9.999890000000000168e-01 6.773230000000000084e-01 7.356709999999999638e-01 -4.606999999999999984e-03 7.356759999999999966e-01 -6.773329999999999629e-01 -6.819999999999999890e-04
2.700000000000000000e+01 7.000000000000000000e+01 4.700000000000000000e+01 0.000000000000000000e+00 1.600000000000000089e+00 1.630000000000000047e-04 -4.150000000000000043e-04 -1.000000000000000000e+00 -8.420400000000000107e-01 -5.394149999999999778e-01 8.600000000000000331e-05 -5.394149999999999778e-01 8.420400000000000107e-01 -4.369999999999999970e-04
6.000000000000000000e+00 6.000000000000000000e+00 5.100000000000000000e+01 0.000000000000000000e+00 1.600000000000000089e+00 -5.806000000000000397e-03 2.210000000000000159e-03 -9.999810000000000088e-01 3.235680000000000223e-01 -9.461969999999999548e-01 -3.969999999999999571e-03 -9.461870000000000003e-01 -3.235850000000000115e-01 4.779000000000000262e-03
2.800000000000000000e+01 6.000000000000000000e+00 5.100000000000000000e+01 0.000000000000000000e+00 1.600000000000000089e+00 -4.760000000000000342e-03 -1.474000000000000050e-03 -9.999879999999999880e-01 3.227070000000000216e-01 -9.464989999999999792e-01 -1.410000000000000120e-04 -9.464869999999999672e-01 -3.227039999999999909e-01 4.981000000000000184e-03
2.300000000000000000e+01 1.150000000000000000e+02 5.100000000000000000e+01 0.000000000000000000e+00 1.600000000000000089e+00 -1.812000000000000026e-03 -4.866999999999999799e-03 9.999860000000000415e-01 8.440889999999999782e-01 -5.362019999999999564e-01 -1.080000000000000014e-03 5.362000000000000099e-01 8.440760000000000485e-01 5.080000000000000314e-03
1.000000000000000000e+01 7.000000000000000000e+00 5.200000000000000000e+01 0.000000000000000000e+00 1.600000000000000089e+00 -2.906000000000000163e-03 1.791000000000000057e-03 -9.999940000000000495e-01 8.887399999999999467e-02 -9.960409999999999542e-01 -2.041999999999999978e-03 -9.960390000000000077e-01 -8.887899999999999967e-02 2.736000000000000151e-03
3.000000000000000000e+00 6.300000000000000000e+01 5.400000000000000000e+01 0.000000000000000000e+00 1.600000000000000089e+00 -1.608000000000000054e-03 7.330000000000000361e-04 9.999980000000000535e-01 -3.540389999999999926e-01 9.352300000000000058e-01 -1.255000000000000039e-03 -9.352289999999999770e-01 -3.540409999999999946e-01 -1.244000000000000097e-03
9.000000000000000000e+00 6.300000000000000000e+01 5.400000000000000000e+01 0.000000000000000000e+00 1.600000000000000089e+00 9.990000000000001049e-04 -1.072999999999999952e-03 9.999989999999999712e-01 -3.528339999999999810e-01 9.356849999999999890e-01 1.356999999999999916e-03 -9.356860000000000177e-01 -3.528350000000000097e-01 5.559999999999999621e-04
1.400000000000000000e+01 6.300000000000000000e+01 5.400000000000000000e+01 0.000000000000000000e+00 1.600000000000000089e+00 -1.177000000000000095e-03 -3.040000000000000167e-04 9.999989999999999712e-01 -3.545449999999999990e-01 9.350389999999999535e-01 -1.330000000000000073e-04 -9.350380000000000358e-01 -3.545449999999999990e-01 -1.208000000000000089e-03
2.100000000000000000e+01 6.300000000000000000e+01 5.400000000000000000e+01 0.000000000000000000e+00 1.600000000000000089e+00 1.745999999999999939e-03 -1.477999999999999930e-03 9.999970000000000248e-01 -3.503299999999999748e-01 9.366240000000000121e-01 1.995999999999999944e-03 -9.366250000000000409e-01 -3.503319999999999768e-01 1.116999999999999937e-03
2.800000000000000000e+01 6.300000000000000000e+01 5.400000000000000000e+01 0.000000000000000000e+00 1.600000000000000089e+00 -1.613000000000000067e-03 -1.062000000000000010e-03 9.999980000000000535e-01 -3.553700000000000192e-01 9.347259999999999458e-01 4.200000000000000174e-04 -9.347239999999999993e-01 -3.553689999999999904e-01 -1.884999999999999957e-03
2.000000000000000000e+00 2.500000000000000000e+01 5.500000000000000000e+01 0.000000000000000000e+00 1.600000000000000089e+00 1.971000000000000096e-03 -1.144999999999999967e-03 -9.999970000000000248e-01 -1.353799999999999969e-02 -9.999080000000000190e-01 1.118999999999999986e-03 -9.999059999999999615e-01 1.353599999999999942e-02 -1.985999999999999918e-03
7.000000000000000000e+00 2.500000000000000000e+01 5.500000000000000000e+01 0.000000000000000000e+00 1.600000000000000089e+00 -1.132999999999999893e-03 1.565999999999999901e-03 -9.999980000000000535e-01 -1.271300000000000034e-02 -9.999179999999999735e-01 -1.551000000000000078e-03 -9.999190000000000023e-01 1.271100000000000008e-02 1.152999999999999945e-03
1.200000000000000000e+01 2.500000000000000000e+01 5.500000000000000000e+01 0.000000000000000000e+00 1.600000000000000089e+00 -7.839999999999999747e-04 -4.047000000000000250e-03 -9.999909999999999632e-01 -1.058800000000000019e-02 -9.999360000000000470e-01 4.054999999999999577e-03 -9.999440000000000550e-01 1.059099999999999972e-02 7.410000000000000137e-04
1.900000000000000000e+01 2.500000000000000000e+01 5.500000000000000000e+01 0.000000000000000000e+00 1.600000000000000089e+00 1.649999999999999991e-04 2.488000000000000194e-03 -9.999970000000000248e-01 -1.083699999999999941e-02 -9.999379999999999935e-01 -2.490000000000000026e-03 -9.999409999999999688e-01 1.083699999999999941e-02 -1.389999999999999905e-04
2.300000000000000000e+01 2.500000000000000000e+01 5.500000000000000000e+01 0.000000000000000000e+00 1.600000000000000089e+00 4.979999999999999618e-04 1.495999999999999934e-03 -9.999989999999999712e-01 -1.126500000000000071e-02 -9.999350000000000183e-01 -1.502000000000000080e-03 -9.999360000000000470e-01 1.126599999999999997e-02 -4.809999999999999823e-04
2.900000000000000000e+01 2.500000000000000000e+01 5.500000000000000000e+01 0.000000000000000000e+00 1.600000000000000089e+00 -1.113999999999999973e-03 -1.644999999999999978e-03 -9.999980000000000535e-01 -1.163100000000000071e-02 -9.999310000000000143e-01 1.657999999999999969e-03 -9.999320000000000430e-01 1.163299999999999924e-02 1.095000000000000053e-03
1.300000000000000000e+01 5.800000000000000000e+01 5.900000000000000000e+01 0.000000000000000000e+00 1.600000000000000089e+00 -2.510000000000000078e-03 -6.302999999999999575e-03 -9.999770000000000048e-01 3.820589999999999820e-01 9.241129999999999622e-01 -6.784000000000000100e-03 9.241350000000000398e-01 -3.820669999999999900e-01 8.799999999999999771e-05
1.600000000000000000e+01 6.000000000000000000e+00 6.100000000000000000e+01 0.000000000000000000e+00 1.600000000000000089e+00 3.899999999999999929e-04 1.036600000000000021e-02 9.999460000000000015e-01 5.623200000000000420e-01 -8.268780000000000019e-01 8.352000000000000049e-03 8.269199999999999884e-01 5.622859999999999525e-01 -6.151000000000000217e-03
1.000000000000000000e+00 2.700000000000000000e+01 6.300000000000000000e+01 0.000000000000000000e+00 1.600000000000000089e+00 7.929999999999999766e-04 3.546000000000000107e-03 9.999930000000000208e-01 -2.833930000000000060e-01 9.589990000000000459e-01 -3.176000000000000004e-03 -9.590039999999999676e-01 -2.833890000000000020e-01 1.765000000000000076e-03
5.000000000000000000e+00 2.700000000000000000e+01 6.300000000000000000e+01 0.000000000000000000e+00 1.600000000000000089e+00 -2.259999999999999910e-04 4.909000000000000169e-03 9.999879999999999880e-01 -2.834920000000000218e-01 9.589630000000000098e-01 -4.772000000000000200e-03 -9.589750000000000218e-01 -2.834889999999999910e-01 1.175000000000000046e-03
1.000000000000000000e+01 2.700000000000000000e+01 6.300000000000000000e+01 0.000000000000000000e+00 1.600000000000000089e+00 -1.760999999999999979e-03 -2.922000000000000118e-03 9.999940000000000495e-01 -2.838879999999999737e-01 9.588550000000000129e-01 2.301999999999999793e-03 -9.588560000000000416e-01 -2.838829999999999965e-01 -2.517999999999999839e-03
1.700000000000000000e+01 2.700000000000000000e+01 6.300000000000000000e+01 0.000000000000000000e+00 1.600000000000000089e+00 4.180000000000000230e-04 -1.882999999999999908e-03 9.999980000000000535e-01 -2.816290000000000182e-01 9.595209999999999573e-01 1.925000000000000062e-03 -9.595230000000000148e-01 -2.816290000000000182e-01 -1.289999999999999914e-04
2.100000000000000000e+01 2.700000000000000000e+01 6.300000000000000000e+01 0.000000000000000000e+00 1.600000000000000089e+00 2.877999999999999916e-03 3.611000000000000060e-03 9.999890000000000168e-01 -2.835289999999999755e-01 9.589600000000000346e-01 -2.647000000000000047e-03 -9.589590000000000058e-01 -2.835179999999999922e-01 3.784000000000000037e-03
2.500000000000000000e+01 2.700000000000000000e+01 6.300000000000000000e+01 0.000000000000000000e+00 1.600000000000000089e+00 2.069999999999999792e-03 2.601000000000000013e-03 9.999940000000000495e-01 -2.845610000000000084e-01 9.586559999999999526e-01 -1.904000000000000093e-03 -9.586559999999999526e-01 -2.845559999999999756e-01 2.724999999999999992e-03
3.000000000000000000e+01 2.700000000000000000e+01 6.300000000000000000e+01 0.000000000000000000e+00 1.600000000000000089e+00 -3.700999999999999863e-03 -1.129999999999999928e-03 9.999919999999999920e-01 -2.819349999999999912e-01 9.594340000000000090e-01 4.000000000000000327e-05 -9.594260000000000010e-01 -2.819329999999999892e-01 -3.869000000000000043e-03
1.000000000000000000e+00 2.600000000000000000e+01 6.400000000000000000e+01 0.000000000000000000e+00 1.600000000000000089e+00 9.389999999999999476e-04 3.615999999999999857e-03 9.999930000000000208e-01 -3.630390000000000006e-01 9.317689999999999584e-01 -3.027999999999999876e-03 -9.317739999999999911e-01 -3.630329999999999946e-01 2.187999999999999841e-03
5.000000000000000000e+00 2.600000000000000000e+01 6.400000000000000000e+01 0.000000000000000000e+00 1.600000000000000089e+00 -7.810000000000000102e-04 4.264000000000000429e-03 9.999909999999999632e-01 -3.645729999999999804e-01 9.311650000000000205e-01 -4.255000000000000102e-03 -9.311739999999999462e-01 -3.645729999999999804e-01 8.279999999999999600e-04
9.000000000000000000e+00 2.600000000000000000e+01 6.400000000000000000e+01 0.000000000000000000e+00 1.600000000000000089e+00 -2.455000000000000151e-03 -1.500000000000000031e-03 9.999959999999999960e-01 -3.669780000000000264e-01 9.302289999999999726e-01 4.939999999999999730e-04 -9.302259999999999973e-01 -3.669760000000000244e-01 -2.834999999999999847e-03
1.700000000000000000e+01 2.600000000000000000e+01 6.400000000000000000e+01 0.000000000000000000e+00 1.600000000000000089e+00 9.039999999999999642e-04 -2.880000000000000181e-03 9.999949999999999672e-01 -3.668980000000000019e-01 9.302559999999999718e-01 3.010999999999999788e-03 -9.302610000000000046e-01 -3.668989999999999752e-01 -2.149999999999999947e-04
2.000000000000000000e+01 2.600000000000000000e+01 6.400000000000000000e+01 0.000000000000000000e+00 1.600000000000000089e+00 2.801000000000000104e-03 3.164000000000000146e-03 9.999909999999999632e-01 -3.679450000000000220e-01 9.298459999999999503e-01 -1.910999999999999938e-03 -9.298429999999999751e-01 -3.679359999999999853e-01 3.769000000000000215e-03
2.500000000000000000e+01 2.600000000000000000e+01 6.400000000000000000e+01 0.000000000000000000e+00 1.600000000000000089e+00 2.292999999999999899e-03 2.064999999999999995e-03 9.999949999999999672e-01 -3.687679999999999847e-01 9.295210000000000417e-01 -1.074000000000000085e-03 -9.295189999999999841e-01 -3.687639999999999807e-01 2.893000000000000172e-03
3.000000000000000000e+00 6.900000000000000000e+01 6.600000000000000000e+01 0.000000000000000000e+00 1.600000000000000089e+00 1.440000000000000036e-04 -6.669999999999999497e-04 1.000000000000000000e+00 -9.490680000000000227e-01 3.150709999999999900e-01 3.469999999999999777e-04 -3.150709999999999900e-01 -9.490680000000000227e-01 -5.879999999999999810e-04
1.900000000000000000e+01 6.900000000000000000e+01 6.600000000000000000e+01 0.000000000000000000e+00 1.600000000000000089e+00 3.785000000000000170e-03 -1.819000000000000087e-03 9.999909999999999632e-01 -9.501129999999999853e-01 3.118779999999999886e-01 4.164000000000000166e-03 -3.118819999999999926e-01 -9.501209999999999933e-01 -5.479999999999999845e-04
6.000000000000000000e+00 2.500000000000000000e+01 7.300000000000000000e+01 0.000000000000000000e+00 1.600000000000000089e+00 9.510000000000000224e-04 -1.080999999999999930e-03 9.999989999999999712e-01 7.535100000000000131e-01 -6.574349999999999916e-01 -1.427000000000000100e-03 6.574360000000000204e-01 7.535110000000000419e-01 1.890000000000000133e-04
1.300000000000000000e+01 2.500000000000000000e+01 7.300000000000000000e+01 0.000000000000000000e+00 1.600000000000000089e+00 1.119999999999999983e-04 4.296999999999999605e-03 9.999909999999999632e-01 7.540829999999999478e-01 -6.567730000000000512e-01 2.736999999999999850e-03 6.567790000000000017e-01 7.540759999999999685e-01 -3.314000000000000105e-03
1.800000000000000000e+01 2.500000000000000000e+01 7.300000000000000000e+01 0.000000000000000000e+00 1.600000000000000089e+00 2.999999999999999737e-04 1.131999999999999977e-03 9.999989999999999712e-01 7.523499999999999632e-01 -6.587629999999999875e-01 5.199999999999999544e-04 6.587640000000000162e-01 7.523490000000000455e-01 -1.049000000000000019e-03
2.400000000000000000e+01 2.500000000000000000e+01 7.300000000000000000e+01 0.000000000000000000e+00 1.600000000000000089e+00 3.009999999999999980e-04 -1.677000000000000105e-03 9.999989999999999712e-01 7.502680000000000460e-01 -6.611320000000000530e-01 -1.333999999999999899e-03 6.611329999999999707e-01 7.502680000000000460e-01 1.059000000000000045e-03
2.800000000000000000e+01 2.500000000000000000e+01 7.300000000000000000e+01 0.000000000000000000e+00 1.600000000000000089e+00 -4.390999999999999938e-03 -1.265999999999999981e-03 9.999900000000000455e-01 7.521879999999999677e-01 -6.589439999999999742e-01 2.468000000000000142e-03 6.589340000000000197e-01 7.521910000000000540e-01 3.844999999999999894e-03
2.000000000000000000e+00 4.400000000000000000e+01 7.300000000000000000e+01 0.000000000000000000e+00 1.600000000000000089e+00 -6.960000000000000041e-04 -3.330000000000000169e-04 1.000000000000000000e+00 5.312100000000000155e-02 -9.985880000000000312e-01 -2.950000000000000148e-04 9.985880000000000312e-01 5.312100000000000155e-02 7.119999999999999593e-04
