2.100000000000000000e+01 1.500000000000000000e+01 4.000000000000000000e+00 0.000000000000000000e+00 1.600000000000000089e+00 3.070999999999999945e-03 7.577999999999999667e-03 9.999670000000000503e-01 2.688570000000000126e-01 -9.631579999999999586e-01 6.472999999999999587e-03 9.631750000000000034e-01 2.688280000000000114e-01 -4.995999999999999573e-03
2.500000000000000000e+01 1.500000000000000000e+01 4.000000000000000000e+00 0.000000000000000000e+00 1.600000000000000089e+00 -1.884999999999999957e-03 6.803000000000000019e-03 9.999749999999999472e-01 2.733639999999999959e-01 -9.618849999999999900e-01 7.059000000000000170e-03 9.619090000000000140e-01 2.733700000000000019e-01 -4.600000000000000004e-05
4.000000000000000000e+00 1.600000000000000000e+01 4.000000000000000000e+00 0.000000000000000000e+00 1.600000000000000089e+00 2.713999999999999833e-03 -2.021200000000000080e-02 9.997920000000000140e-01 3.170220000000000260e-01 -9.482070000000000221e-01 -2.002999999999999919e-02 9.484139999999999793e-01 3.170109999999999872e-01 3.834000000000000168e-03
9.000000000000000000e+00 1.600000000000000000e+01 4.000000000000000000e+00 0.000000000000000000e+00 1.600000000000000089e+00 3.004000000000000160e-03 -2.051899999999999905e-02 9.997850000000000348e-01 3.214960000000000040e-01 -9.466909999999999492e-01 -2.039499999999999993e-02 9.469060000000000255e-01 3.214879999999999960e-01 3.752999999999999826e-03
1.900000000000000000e+01 1.600000000000000000e+01 4.000000000000000000e+00 0.000000000000000000e+00 1.600000000000000089e+00 2.962999999999999922e-03 -6.930000000000000396e-04 9.999949999999999672e-01 3.294650000000000079e-01 -9.441659999999999497e-01 -1.629999999999999939e-03 9.441629999999999745e-01 3.294679999999999831e-01 -2.569000000000000103e-03
1.500000000000000000e+01 1.010000000000000000e+02 7.000000000000000000e+00 0.000000000000000000e+00 1.600000000000000089e+00 -7.100000000000000462e-05 7.499999999999999343e-05 1.000000000000000000e+00 8.848620000000000374e-01 4.658530000000000171e-01 2.799999999999999958e-05 -4.658530000000000171e-01 8.848620000000000374e-01 -1.000000000000000048e-04
1.800000000000000000e+01 1.010000000000000000e+02 7.000000000000000000e+00 0.000000000000000000e+00 1.600000000000000089e+00 9.250000000000000409e-04 2.484000000000000097e-03 9.999959999999999960e-01 8.844840000000000479e-01 4.665670000000000095e-01 -1.977000000000000025e-03 -4.665699999999999847e-01 8.844830000000000192e-01 -1.765000000000000076e-03
5.000000000000000000e+00 1.500000000000000000e+01 8.000000000000000000e+00 0.000000000000000000e+00 1.600000000000000089e+00 -8.035999999999999741e-03 -1.885600000000000123e-02 -9.997899999999999565e-01 -5.681049999999999711e-01 -8.227109999999999701e-01 2.008199999999999916e-02 -8.229170000000000096e-01 5.681469999999999576e-01 -4.100999999999999611e-03
9.000000000000000000e+00 1.500000000000000000e+01 8.000000000000000000e+00 0.000000000000000000e+00 1.600000000000000089e+00 -7.542000000000000093e-03 -2.198400000000000007e-02 -9.997300000000000075e-01 -5.715820000000000345e-01 -8.202409999999999979e-01 2.234900000000000081e-02 -8.205099999999999616e-01 5.715959999999999930e-01 -6.379000000000000122e-03
1.200000000000000000e+01 1.500000000000000000e+01 8.000000000000000000e+00 0.000000000000000000e+00 1.600000000000000089e+00 -7.078000000000000090e-03 -2.132300000000000167e-02 -9.997479999999999700e-01 -5.750530000000000364e-01 -8.178339999999999499e-01 2.151399999999999840e-02 -8.180859999999999799e-01 5.750600000000000156e-01 -6.472999999999999587e-03
1.700000000000000000e+01 1.500000000000000000e+01 8.000000000000000000e+00 0.000000000000000000e+00 1.600000000000000089e+00 -2.827000000000000086e-03 -5.483000000000000027e-03 -9.999810000000000088e-01 -5.790520000000000111e-01 -8.152679999999999927e-01 6.106999999999999582e-03 -8.152859999999999552e-01 5.790579999999999616e-01 -8.700000000000000051e-04
2.100000000000000000e+01 1.500000000000000000e+01 8.000000000000000000e+00 0.000000000000000000e+00 1.600000000000000089e+00 -3.669999999999999760e-04 6.924999999999999732e-03 -9.999759999999999760e-01 -5.799490000000000478e-01 -8.146349999999999980e-01 -5.427999999999999665e-03 -8.146529999999999605e-01 5.799330000000000318e-01 4.315000000000000259e-03
2.400000000000000000e+01 1.500000000000000000e+01 8.000000000000000000e+00 0.000000000000000000e+00 1.600000000000000089e+00 1.523000000000000048e-03 6.158000000000000279e-03 -9.999799999999999800e-01 -5.793150000000000244e-01 -8.150819999999999732e-01 -5.902000000000000128e-03 -8.151019999999999932e-01 5.793129999999999669e-01 2.327000000000000075e-03
2.800000000000000000e+01 1.500000000000000000e+01 8.000000000000000000e+00 0.000000000000000000e+00 1.600000000000000089e+00 2.246000000000000166e-03 -2.713000000000000134e-03 -9.999940000000000495e-01 -5.773209999999999731e-01 -8.165170000000000483e-01 9.179999999999999792e-04 -8.165139999999999620e-01 5.773160000000000514e-01 -3.399999999999999811e-03
3.000000000000000000e+00 2.600000000000000000e+01 8.000000000000000000e+00 0.000000000000000000e+00 1.600000000000000089e+00 6.339000000000000017e-03 2.781799999999999898e-02 -9.995929999999999538e-01 4.200650000000000217e-01 9.070650000000000102e-01 2.790700000000000125e-02 9.074719999999999454e-01 -4.200710000000000277e-01 -5.936000000000000304e-03
6.000000000000000000e+00 2.600000000000000000e+01 8.000000000000000000e+00 0.000000000000000000e+00 1.600000000000000089e+00 6.947000000000000050e-03 2.119700000000000056e-02 -9.997509999999999453e-01 4.173060000000000103e-01 9.084959999999999702e-01 2.216200000000000114e-02 9.087389999999999635e-01 -4.173560000000000048e-01 -2.534999999999999927e-03
1.200000000000000000e+01 2.600000000000000000e+01 8.000000000000000000e+00 0.000000000000000000e+00 1.600000000000000089e+00 6.747999999999999658e-03 2.270600000000000049e-02 -9.997190000000000243e-01 4.125889999999999835e-01 9.106149999999999523e-01 2.346699999999999828e-02 9.108920000000000350e-01 -4.126319999999999988e-01 -3.223000000000000170e-03
2.000000000000000000e+01 2.600000000000000000e+01 8.000000000000000000e+00 0.000000000000000000e+00 1.600000000000000089e+00 7.119999999999999593e-04 -1.443999999999999971e-03 -9.999989999999999712e-01 4.094769999999999799e-01 9.123200000000000198e-01 -1.026000000000000002e-03 9.123200000000000198e-01 -4.094760000000000066e-01 1.240000000000000000e-03
2.800000000000000000e+01 2.600000000000000000e+01 8.000000000000000000e+00 0.000000000000000000e+00 1.600000000000000089e+00 -2.770000000000000110e-04 2.148000000000000170e-03 -9.999980000000000535e-01 4.105420000000000180e-01 9.118399999999999839e-01 1.845000000000000069e-03 9.118420000000000414e-01 -4.105400000000000160e-01 -1.134000000000000025e-03
1.300000000000000000e+01 2.400000000000000000e+01 9.000000000000000000e+00 0.000000000000000000e+00 1.600000000000000089e+00 7.334000000000000241e-03 2.423499999999999960e-02 -9.996789999999999843e-01 4.667979999999999907e-01 8.840139999999999665e-01 2.485599999999999962e-02 8.843330000000000357e-01 -4.668309999999999960e-01 -4.828999999999999959e-03
1.700000000000000000e+01 2.400000000000000000e+01 9.000000000000000000e+00 0.000000000000000000e+00 1.600000000000000089e+00 4.545999999999999694e-03 1.332500000000000004e-02 -9.999010000000000398e-01 4.636440000000000006e-01 8.859120000000000328e-01 1.391399999999999929e-02 8.860099999999999643e-01 -4.636609999999999898e-01 -2.151000000000000134e-03
2.500000000000000000e+01 2.400000000000000000e+01 9.000000000000000000e+00 0.000000000000000000e+00 1.600000000000000089e+00 -5.879999999999999810e-04 -3.295000000000000186e-03 -9.999940000000000495e-01 4.622560000000000002e-01 8.867410000000000014e-01 -3.193000000000000092e-03 8.867460000000000342e-01 -4.622550000000000270e-01 1.002000000000000069e-03
2.800000000000000000e+01 2.400000000000000000e+01 9.000000000000000000e+00 0.000000000000000000e+00 1.600000000000000089e+00 -2.700000000000000035e-04 4.695999999999999654e-03 -9.999890000000000168e-01 4.625389999999999779e-01 8.865899999999999892e-01 4.039000000000000055e-03 8.865990000000000260e-01 -4.625330000000000275e-01 -2.412000000000000081e-03
2.800000000000000000e+01 1.040000000000000000e+02 1.100000000000000000e+01 0.000000000000000000e+00 1.600000000000000089e+00 7.730000000000000326e-04 -4.826000000000000428e-03 9.999879999999999880e-01 -9.717339999999999867e-01 -2.360770000000000091e-01 -3.879999999999999985e-04 2.360760000000000081e-01 -9.717219999999999747e-01 -4.871999999999999595e-03
2.000000000000000000e+00 3.100000000000000000e+01 1.200000000000000000e+01 0.000000000000000000e+00 1.600000000000000089e+00 3.059000000000000087e-03 -1.433999999999999945e-03 9.999940000000000495e-01 -1.485999999999999995e-02 9.998879999999999990e-01 1.479999999999999979e-03 -9.998850000000000238e-01 -1.486499999999999974e-02 3.037000000000000203e-03
8.000000000000000000e+00 3.100000000000000000e+01 1.200000000000000000e+01 0.000000000000000000e+00 1.600000000000000089e+00 1.036999999999999944e-03 1.361000000000000014e-03 9.999989999999999712e-01 -1.338400000000000006e-02 9.999099999999999655e-01 -1.347000000000000107e-03 -9.999099999999999655e-01 -1.338300000000000080e-02 1.054999999999999948e-03
1.500000000000000000e+01 3.100000000000000000e+01 1.200000000000000000e+01 0.000000000000000000e+00 1.600000000000000089e+00 -4.949999999999999973e-04 5.237000000000000335e-03 9.999860000000000415e-01 -8.942000000000000295e-03 9.999460000000000015e-01 -5.240999999999999999e-03 -9.999599999999999600e-01 -8.944999999999999826e-03 -4.490000000000000176e-04
2.100000000000000000e+01 3.100000000000000000e+01 1.200000000000000000e+01 0.000000000000000000e+00 1.600000000000000089e+00 -2.970000000000000092e-04 8.130000000000000291e-04 1.000000000000000000e+00 -5.667000000000000162e-03 9.999839999999999840e-01 -8.149999999999999693e-04 -9.999839999999999840e-01 -5.667000000000000162e-03 -2.919999999999999961e-04
2.500000000000000000e+01 3.100000000000000000e+01 1.200000000000000000e+01 0.000000000000000000e+00 1.600000000000000089e+00 2.239999999999999966e-04 2.611000000000000040e-03 9.999970000000000248e-01 -1.386000000000000079e-03 9.999959999999999960e-01 -2.609999999999999907e-03 -9.999989999999999712e-01 -1.384999999999999946e-03 2.280000000000000126e-04
1.000000000000000000e+01 1.200000000000000000e+01 1.500000000000000000e+01 0.000000000000000000e+00 1.600000000000000089e+00 -4.276000000000000287e-03 -6.048000000000000424e-03 -9.999730000000000008e-01 -4.737439999999999984e-01 -8.806319999999999704e-01 7.352000000000000028e-03 -8.806519999999999904e-01 4.737629999999999897e-01 8.999999999999999754e-04
1.500000000000000000e+01 1.200000000000000000e+01 1.500000000000000000e+01 0.000000000000000000e+00 1.600000000000000089e+00 -2.102000000000000136e-03 -4.225999999999999722e-03 -9.999890000000000168e-01 -4.733319999999999750e-01 -8.808709999999999596e-01 4.717999999999999972e-03 -8.808810000000000251e-01 4.733370000000000077e-01 -1.489999999999999897e-04
2.000000000000000000e+01 1.200000000000000000e+01 1.500000000000000000e+01 0.000000000000000000e+00 1.600000000000000089e+00 -8.210000000000000067e-04 3.105999999999999820e-03 -9.999949999999999672e-01 -4.745150000000000201e-01 -8.802450000000000552e-01 -2.344000000000000163e-03 -8.802470000000000017e-01 4.745099999999999874e-01 2.197000000000000168e-03
2.600000000000000000e+01 1.200000000000000000e+01 1.500000000000000000e+01 0.000000000000000000e+00 1.600000000000000089e+00 1.263000000000000017e-03 4.492000000000000333e-03 -9.999890000000000168e-01 -4.734619999999999940e-01 -8.808030000000000026e-01 -4.555000000000000021e-03 -8.808129999999999571e-01 4.734619999999999940e-01 1.015000000000000060e-03
3.000000000000000000e+01 1.200000000000000000e+01 1.500000000000000000e+01 0.000000000000000000e+00 1.600000000000000089e+00 -4.960000000000000216e-04 -1.820999999999999919e-03 -9.999980000000000535e-01 -4.735269999999999757e-01 -8.807770000000000321e-01 1.838999999999999923e-03 -8.807789999999999786e-01 4.735269999999999757e-01 -4.249999999999999763e-04
7.000000000000000000e+00 2.000000000000000000e+00 1.900000000000000000e+01 0.000000000000000000e+00 1.600000000000000089e+00 2.308999999999999855e-03 -3.627000000000000016e-03 -9.999909999999999632e-01 1.545640000000000069e-01 -9.879750000000000476e-01 3.941000000000000059e-03 -9.879799999999999693e-01 -1.545709999999999862e-01 -1.721000000000000090e-03
1.100000000000000000e+01 2.000000000000000000e+00 1.900000000000000000e+01 0.000000000000000000e+00 1.600000000000000089e+00 2.969999999999999984e-03 -1.206699999999999960e-02 -9.999230000000000063e-01 1.606539999999999913e-01 -9.869329999999999492e-01 1.238700000000000044e-02 -9.870060000000000500e-01 -1.606779999999999875e-01 -9.920000000000000432e-04
1.400000000000000000e+01 2.000000000000000000e+00 1.900000000000000000e+01 0.000000000000000000e+00 1.600000000000000089e+00 3.173000000000000039e-03 -5.028999999999999616e-03 -9.999820000000000375e-01 1.642510000000000081e-01 -9.864030000000000298e-01 5.481999999999999894e-03 -9.864129999999999843e-01 -1.642659999999999954e-01 -2.304000000000000058e-03
1.900000000000000000e+01 2.000000000000000000e+00 1.900000000000000000e+01 0.000000000000000000e+00 1.600000000000000089e+00 -5.280000000000000405e-04 9.412000000000000227e-03 -9.999559999999999560e-01 1.663320000000000076e-01 -9.860250000000000403e-01 -9.369000000000000591e-03 -9.860700000000000021e-01 -1.663290000000000046e-01 -1.044999999999999922e-03
2.300000000000000000e+01 2.000000000000000000e+00 1.900000000000000000e+01 0.000000000000000000e+00 1.600000000000000089e+00 1.382999999999999898e-03 4.947000000000000008e-03 -9.999869999999999592e-01 1.657460000000000044e-01 -9.861579999999999790e-01 -4.649000000000000354e-03 -9.861680000000000446e-01 -1.657369999999999954e-01 -2.183000000000000045e-03
2.600000000000000000e+01 2.000000000000000000e+00 1.900000000000000000e+01 0.000000000000000000e+00 1.600000000000000089e+00 3.124000000000000041e-03 -7.410000000000000137e-04 -9.999949999999999672e-01 1.638840000000000019e-01 -9.864789999999999948e-01 1.242999999999999964e-03 -9.864749999999999908e-01 -1.638870000000000049e-01 -2.959999999999999958e-03
2.800000000000000000e+01 2.000000000000000000e+00 1.900000000000000000e+01 0.000000000000000000e+00 1.600000000000000089e+00 3.307000000000000044e-03 -9.030000000000000483e-04 -9.999940000000000495e-01 1.633910000000000085e-01 -9.865599999999999925e-01 1.430999999999999980e-03 -9.865559999999999885e-01 -1.633940000000000115e-01 -3.115000000000000147e-03
1.400000000000000000e+01 4.000000000000000000e+00 2.000000000000000000e+01 0.000000000000000000e+00 1.600000000000000089e+00 4.542000000000000030e-03 -5.499000000000000415e-03 -9.999749999999999472e-01 2.569790000000000130e-01 -9.663950000000000040e-01 6.480999999999999782e-03 -9.664059999999999873e-01 -2.570020000000000082e-01 -2.975999999999999913e-03
1.000000000000000000e+00 1.300000000000000000e+01 2.000000000000000000e+01 0.000000000000000000e+00 1.600000000000000089e+00 7.630000000000000063e-04 6.350000000000000392e-04 1.000000000000000000e+00 2.528710000000000124e-01 9.675000000000000266e-01 -8.080000000000000160e-04 -9.675000000000000266e-01 2.528710000000000124e-01 5.779999999999999548e-04
7.000000000000000000e+00 1.300000000000000000e+01 2.000000000000000000e+01 0.000000000000000000e+00 1.600000000000000089e+00 1.599999999999999928e-05 3.555000000000000000e-03 9.999940000000000495e-01 2.520470000000000210e-01 9.677090000000000414e-01 -3.444000000000000013e-03 -9.677149999999999919e-01 2.520450000000000190e-01 -8.809999999999999472e-04
1.400000000000000000e+01 1.300000000000000000e+01 2.000000000000000000e+01 0.000000000000000000e+00 1.600000000000000089e+00 -8.570000000000000144e-04 8.379999999999999862e-04 9.999989999999999712e-01 2.557590000000000141e-01 9.667400000000000437e-01 -5.910000000000000539e-04 -9.667400000000000437e-01 2.557579999999999854e-01 -1.043000000000000090e-03
1.700000000000000000e+01 1.300000000000000000e+01 2.000000000000000000e+01 0.000000000000000000e+00 1.600000000000000089e+00 -1.178999999999999927e-03 -5.749999999999999903e-04 9.999989999999999712e-01 2.569270000000000165e-01 9.664300000000000113e-01 8.589999999999999546e-04 -9.664300000000000113e-01 2.569279999999999897e-01 -9.909999999999999105e-04
2.500000000000000000e+01 1.300000000000000000e+01 2.000000000000000000e+01 0.000000000000000000e+00 1.600000000000000089e+00 1.890000000000000133e-04 4.989999999999999861e-04 1.000000000000000000e+00 2.557710000000000261e-01 9.667369999999999575e-01 -5.310000000000000050e-04 -9.667379999999999862e-01 2.557710000000000261e-01 5.500000000000000196e-05
7.000000000000000000e+00 1.600000000000000000e+01 2.100000000000000000e+01 0.000000000000000000e+00 1.600000000000000089e+00 -5.839999999999999922e-04 -1.152999999999999945e-03 9.999989999999999712e-01 2.978740000000000276e-01 9.546040000000000081e-01 1.273999999999999959e-03 -9.546050000000000368e-01 2.978750000000000009e-01 -2.139999999999999975e-04
1.900000000000000000e+01 1.600000000000000000e+01 2.100000000000000000e+01 0.000000000000000000e+00 1.600000000000000089e+00 -1.838000000000000007e-03 -6.239999999999999887e-04 9.999980000000000535e-01 2.997980000000000089e-01 9.540020000000000167e-01 1.146000000000000100e-03 -9.540009999999999879e-01 2.997989999999999822e-01 -1.565999999999999901e-03
2.500000000000000000e+01 1.600000000000000000e+01 2.100000000000000000e+01 0.000000000000000000e+00 1.600000000000000089e+00 -2.329999999999999986e-04 2.350999999999999791e-03 9.999970000000000248e-01 2.973430000000000240e-01 9.547679999999999501e-01 -2.174999999999999850e-03 -9.547710000000000363e-01 2.973419999999999952e-01 -9.210000000000000521e-04
3.000000000000000000e+00 4.600000000000000000e+01 2.700000000000000000e+01 0.000000000000000000e+00 1.600000000000000089e+00 1.930000000000000075e-03 3.638999999999999874e-03 -9.999919999999999920e-01 6.776299999999999546e-01 7.353920000000000456e-01 3.983999999999999694e-03 7.354000000000000536e-01 -6.776320000000000121e-01 -1.046999999999999971e-03
7.000000000000000000e+00 4.600000000000000000e+01 2.700000000000000000e+01 0.000000000000000000e+00 1.600000000000000089e+00 1.922000000000000097e-03 1.347000000000000107e-03 -9.999970000000000248e-01 6.852099999999999858e-01 7.283420000000000449e-01 2.298000000000000129e-03 7.283429999999999627e-01 -6.852129999999999610e-01 4.769999999999999934e-04
1.000000000000000000e+01 4.600000000000000000e+01 2.700000000000000000e+01 0.000000000000000000e+00 1.600000000000000089e+00 1.763000000000000027e-03 3.119999999999999944e-04 -9.999980000000000535e-01 6.846179999999999488e-01 7.289010000000000211e-01 1.435000000000000078e-03 7.288999999999999924e-01 -6.846189999999999776e-01 1.072000000000000036e-03
9.000000000000000000e+00 4.600000000000000000e+01 3.000000000000000000e+01 0.000000000000000000e+00 1.600000000000000089e+00 1.735999999999999913e-03 1.572999999999999962e-03 -9.999970000000000248e-01 3.372680000000000122e-01 9.414059999999999651e-01 2.066000000000000128e-03 9.414069999999999938e-01 -3.372709999999999875e-01 1.103999999999999947e-03
1.300000000000000000e+01 4.600000000000000000e+01 3.000000000000000000e+01 0.000000000000000000e+00 1.600000000000000089e+00 -4.650000000000000270e-04 2.599999999999999840e-05 -1.000000000000000000e+00 3.349869999999999792e-01 9.422230000000000327e-01 -1.310000000000000129e-04 9.422230000000000327e-01 -3.349869999999999792e-01 -4.470000000000000232e-04
2.200000000000000000e+01 2.200000000000000000e+01 3.400000000000000000e+01 0.000000000000000000e+00 1.600000000000000089e+00 1.095000000000000053e-03 1.869999999999999917e-03 9.999980000000000535e-01 3.794699999999999740e-01 -9.252029999999999976e-01 1.314999999999999980e-03 9.252029999999999976e-01 3.794680000000000275e-01 -1.722999999999999922e-03
2.200000000000000000e+01 4.300000000000000000e+01 3.400000000000000000e+01 0.000000000000000000e+00 1.600000000000000089e+00 1.175999999999999962e-03 -3.082999999999999803e-03 -9.999949999999999672e-01 -3.319520000000000248e-01 9.432909999999999906e-01 -3.298999999999999849e-03 9.432960000000000234e-01 3.319540000000000268e-01 8.600000000000000331e-05
3.000000000000000000e+00 4.600000000000000000e+01 3.500000000000000000e+01 0.000000000000000000e+00 1.600000000000000089e+00 -7.179999999999999967e-04 6.066000000000000211e-03 -9.999810000000000088e-01 3.866729999999999889e-01 -9.221979999999999622e-01 -5.871999999999999616e-03 -9.222169999999999535e-01 -3.866700000000000137e-01 -1.683000000000000034e-03
8.000000000000000000e+00 4.600000000000000000e+01 3.500000000000000000e+01 0.000000000000000000e+00 1.600000000000000089e+00 -6.819999999999999890e-04 -6.260000000000000373e-04 -1.000000000000000000e+00 3.876749999999999918e-01 -9.217959999999999487e-01 3.130000000000000187e-04 -9.217959999999999487e-01 -3.876749999999999918e-01 8.710000000000000294e-04
1.300000000000000000e+01 4.600000000000000000e+01 3.500000000000000000e+01 0.000000000000000000e+00 1.600000000000000089e+00 1.150000000000000035e-04 -1.100000000000000039e-04 -1.000000000000000000e+00 3.877519999999999856e-01 -9.217640000000000278e-01 1.459999999999999981e-04 -9.217640000000000278e-01 -3.877519999999999856e-01 -6.299999999999999990e-05
1.800000000000000000e+01 4.600000000000000000e+01 3.500000000000000000e+01 0.000000000000000000e+00 1.600000000000000089e+00 4.169999999999999987e-04 1.793000000000000106e-03 -9.999980000000000535e-01 3.875899999999999901e-01 -9.218300000000000383e-01 -1.490999999999999921e-03 -9.218319999999999848e-01 -3.875890000000000168e-01 -1.079000000000000098e-03
2.400000000000000000e+01 4.600000000000000000e+01 3.500000000000000000e+01 0.000000000000000000e+00 1.600000000000000089e+00 -1.234999999999999987e-03 -4.899999999999999842e-05 -9.999989999999999712e-01 3.889540000000000219e-01 -9.212569999999999926e-01 -4.350000000000000026e-04 -9.212559999999999638e-01 -3.889540000000000219e-01 1.157000000000000042e-03
2.800000000000000000e+01 4.600000000000000000e+01 3.500000000000000000e+01 0.000000000000000000e+00 1.600000000000000089e+00 9.510000000000000224e-04 -1.874000000000000015e-03 -9.999980000000000535e-01 3.875640000000000196e-01 -9.218399999999999928e-01 2.096000000000000207e-03 -9.218420000000000503e-01 -3.875649999999999928e-01 -1.499999999999999869e-04
3.000000000000000000e+00 9.500000000000000000e+01 3.600000000000000000e+01 0.000000000000000000e+00 1.600000000000000089e+00 -1.294999999999999927e-03 1.007999999999999998e-03 9.999989999999999712e-01 9.959259999999999780e-01 9.016899999999999915e-02 1.198999999999999979e-03 -9.016799999999999815e-02 9.959259999999999780e-01 -1.121000000000000035e-03
8.000000000000000000e+00 9.500000000000000000e+01 3.600000000000000000e+01 0.000000000000000000e+00 1.600000000000000089e+00 -2.531999999999999963e-03 -4.975000000000000255e-03 9.999839999999999840e-01 9.960550000000000237e-01 8.869399999999999507e-02 2.962999999999999922e-03 -8.870699999999999419e-02 9.960470000000000157e-01 4.730999999999999962e-03
1.600000000000000000e+01 9.500000000000000000e+01 3.600000000000000000e+01 0.000000000000000000e+00 1.600000000000000089e+00 -2.184000000000000177e-03 1.889999999999999970e-03 9.999959999999999960e-01 9.964129999999999932e-01 8.459999999999999465e-02 2.017000000000000130e-03 -8.459600000000000453e-02 9.964129999999999932e-01 -2.067999999999999960e-03
2.000000000000000000e+01 9.500000000000000000e+01 3.600000000000000000e+01 0.000000000000000000e+00 1.600000000000000089e+00 -8.798000000000000265e-03 -1.718899999999999942e-02 9.998139999999999805e-01 9.967179999999999929e-01 8.030700000000000338e-02 1.015100000000000030e-02 -8.046599999999999586e-02 9.966220000000000079e-01 1.642599999999999963e-02
2.900000000000000000e+01 9.500000000000000000e+01 3.600000000000000000e+01 0.000000000000000000e+00 1.600000000000000089e+00 1.062100000000000023e-02 1.897999999999999948e-03 9.999419999999999975e-01 9.968360000000000554e-01 7.875999999999999668e-02 -1.073700000000000002e-02 -7.877499999999999780e-02 9.968920000000000003e-01 -1.054999999999999948e-03
4.000000000000000000e+00 2.900000000000000000e+01 4.400000000000000000e+01 0.000000000000000000e+00 1.600000000000000089e+00 4.604999999999999719e-03 4.719000000000000104e-03 -9.999780000000000335e-01 6.702780000000000404e-01 7.420809999999999906e-01 6.589000000000000239e-03 7.420959999999999779e-01 -6.702939999999999454e-01 2.539999999999999940e-04
1.000000000000000000e+01 2.900000000000000000e+01 4.400000000000000000e+01 0.000000000000000000e+00 1.600000000000000089e+00 8.099999999999999561e-04 5.394999999999999622e-03 -9.999850000000000128e-01 6.758950000000000236e-01 7.369839999999999725e-01 4.523000000000000111e-03 7.369970000000000132e-01 -6.758889999999999620e-01 -3.049000000000000061e-03
1.600000000000000000e+01 2.900000000000000000e+01 4.400000000000000000e+01 0.000000000000000000e+00 1.600000000000000089e+00 -2.394999999999999993e-03 2.610000000000000015e-04 -9.999970000000000248e-01 6.813719999999999777e-01 7.319360000000000310e-01 -1.441000000000000007e-03 7.319329999999999448e-01 -6.813730000000000064e-01 -1.930999999999999991e-03
2.000000000000000000e+01 2.900000000000000000e+01 4.400000000000000000e+01 0.000000000000000000e+00 1.600000000000000089e+00 -6.710000000000000469e-04 2.462999999999999912e-03 -9.999970000000000248e-01 6.794440000000000479e-01 7.337259999999999893e-01 1.350999999999999987e-03 7.337270000000000181e-01 -6.794409999999999616e-01 -2.165999999999999957e-03
2.400000000000000000e+01 2.900000000000000000e+01 4.400000000000000000e+01 0.000000000000000000e+00 1.600000000000000089e+00 1.222999999999999912e-03 2.863000000000000093e-03 -9.999949999999999672e-01 6.737360000000000015e-01 7.389660000000000117e-01 2.939999999999999905e-03 7.389710000000000445e-01 -6.737360000000000015e-01 -1.025000000000000086e-03
2.800000000000000000e+01 2.900000000000000000e+01 4.400000000000000000e+01 0.000000000000000000e+00 1.600000000000000089e+00 -9.139999999999999904e-04 3.319999999999999926e-04 -1.000000000000000000e+00 6.724820000000000242e-01 7.401130000000000209e-01 -3.690000000000000246e-04 7.401130000000000209e-01 -6.724820000000000242e-01 -8.999999999999999754e-04
7.000000000000000000e+00 6.500000000000000000e+01 4.600000000000000000e+01 0.000000000000000000e+00 1.600000000000000089e+00 -2.393999999999999861e-03 1.789999999999999925e-03 9.999959999999999960e-01 6.842759999999999954e-01 -7.292170000000000041e-01 2.942999999999999870e-03 7.292189999999999506e-01 6.842799999999999994e-01 5.209999999999999788e-04
2.500000000000000000e+01 7.000000000000000000e+01 4.700000000000000000e+01 0.000000000000000000e+00 1.600000000000000089e+00 -3.809999999999999910e-04 6.399999999999999710e-05 -1.000000000000000000e+00 -8.372910000000000075e-01 -5.467579999999999663e-01 2.840000000000000185e-04 -5.467579999999999663e-01 8.372910000000000075e-01 2.620000000000000258e-04
8.000000000000000000e+00 5.000000000000000000e+00 5.100000000000000000e+01 0.000000000000000000e+00 1.600000000000000089e+00 -2.167999999999999788e-03 8.831999999999999573e-03 -9.999590000000000423e-01 4.771739999999999871e-01 -8.787650000000000183e-01 -8.795999999999999999e-03 -8.788059999999999761e-01 -4.771739999999999871e-01 -2.308999999999999855e-03
1.800000000000000000e+01 5.000000000000000000e+00 5.100000000000000000e+01 0.000000000000000000e+00 1.600000000000000089e+00 1.789999999999999925e-03 2.050999999999999872e-03 -9.999959999999999960e-01 4.893919999999999937e-01 -8.720639999999999503e-01 -9.120000000000000502e-04 -8.720620000000000038e-01 -4.893879999999999897e-01 -2.563999999999999873e-03
2.700000000000000000e+01 5.000000000000000000e+00 5.100000000000000000e+01 0.000000000000000000e+00 1.600000000000000089e+00 -2.129999999999999949e-03 1.170999999999999949e-03 -9.999970000000000248e-01 4.793930000000000136e-01 -8.775979999999999892e-01 -2.047999999999999907e-03 -8.775979999999999892e-01 -4.793959999999999888e-01 1.307999999999999918e-03
2.700000000000000000e+01 7.000000000000000000e+00 5.200000000000000000e+01 0.000000000000000000e+00 1.600000000000000089e+00 -2.724999999999999992e-03 3.020999999999999814e-03 -9.999919999999999920e-01 6.786999999999999977e-02 -9.976890000000000480e-01 -3.199000000000000021e-03 -9.976899999999999658e-01 -6.787799999999999390e-02 2.514000000000000175e-03
2.000000000000000000e+00 6.300000000000000000e+01 5.400000000000000000e+01 0.000000000000000000e+00 1.600000000000000089e+00 -1.196000000000000014e-03 2.011000000000000201e-03 9.999970000000000248e-01 -3.519769999999999843e-01 9.360060000000000047e-01 -2.302999999999999926e-03 -9.360079999999999512e-01 -3.519789999999999863e-01 -4.119999999999999856e-04
7.000000000000000000e+00 6.300000000000000000e+01 5.400000000000000000e+01 0.000000000000000000e+00 1.600000000000000089e+00 2.239999999999999966e-04 -1.559000000000000056e-03 9.999989999999999712e-01 -3.494160000000000044e-01 9.369659999999999656e-01 1.539000000000000003e-03 -9.369680000000000231e-01 -3.494160000000000044e-01 -3.350000000000000113e-04
1.300000000000000000e+01 6.300000000000000000e+01 5.400000000000000000e+01 0.000000000000000000e+00 1.600000000000000089e+00 1.242999999999999964e-03 -1.404999999999999999e-03 9.999980000000000535e-01 -3.433729999999999838e-01 9.391969999999999485e-01 1.745999999999999939e-03 -9.391979999999999773e-01 -3.433749999999999858e-01 6.859999999999999779e-04
1.700000000000000000e+01 6.300000000000000000e+01 5.400000000000000000e+01 0.000000000000000000e+00 1.600000000000000089e+00 -2.870000000000000155e-03 -8.799999999999999771e-05 9.999959999999999960e-01 -3.451089999999999991e-01 9.385620000000000074e-01 -9.079999999999999530e-04 -9.385580000000000034e-01 -3.451099999999999723e-01 -2.724999999999999992e-03
2.300000000000000000e+01 6.300000000000000000e+01 5.400000000000000000e+01 0.000000000000000000e+00 1.600000000000000089e+00 9.139999999999999904e-04 1.978000000000000157e-03 9.999980000000000535e-01 -3.502279999999999838e-01 9.366630000000000233e-01 -1.533000000000000074e-03 -9.366640000000000521e-01 -3.502259999999999818e-01 1.549000000000000030e-03
2.600000000000000000e+01 6.300000000000000000e+01 5.400000000000000000e+01 0.000000000000000000e+00 1.600000000000000089e+00 -1.655000000000000004e-03 -5.899999999999999754e-05 9.999989999999999712e-01 -3.518919999999999826e-01 9.360399999999999832e-01 -5.270000000000000162e-04 -9.360389999999999544e-01 -3.518930000000000113e-01 -1.569999999999999998e-03
3.000000000000000000e+00 2.500000000000000000e+01 5.500000000000000000e+01 0.000000000000000000e+00 1.600000000000000089e+00 -3.970000000000000005e-04 2.075000000000000022e-03 -9.999980000000000535e-01 -1.230000000000000017e-02 -9.999219999999999775e-01 -2.069999999999999792e-03 -9.999240000000000350e-01 1.229899999999999917e-02 4.229999999999999819e-04
9.000000000000000000e+00 2.500000000000000000e+01 5.500000000000000000e+01 0.000000000000000000e+00 1.600000000000000089e+00 1.413999999999999892e-03 -4.000000000000000327e-05 -9.999989999999999712e-01 -1.081499999999999996e-02 -9.999419999999999975e-01 2.500000000000000120e-05 -9.999409999999999688e-01 1.081499999999999996e-02 -1.415000000000000025e-03
1.600000000000000000e+01 2.500000000000000000e+01 5.500000000000000000e+01 0.000000000000000000e+00 1.600000000000000089e+00 1.029999999999999964e-04 -5.270000000000000162e-04 -1.000000000000000000e+00 -9.955000000000000307e-03 -9.999500000000000055e-01 5.259999999999999919e-04 -9.999500000000000055e-01 9.955000000000000307e-03 -1.090000000000000067e-04
1.800000000000000000e+01 2.500000000000000000e+01 5.500000000000000000e+01 0.000000000000000000e+00 1.600000000000000089e+00 2.689999999999999791e-04 -3.399999999999999973e-05 -1.000000000000000000e+00 -1.028199999999999947e-02 -9.999470000000000303e-01 3.100000000000000135e-05 -9.999470000000000303e-01 1.028199999999999947e-02 -2.689999999999999791e-04
1.000000000000000000e+01 5.800000000000000000e+01 5.900000000000000000e+01 0.000000000000000000e+00 1.600000000000000089e+00 1.008999999999999914e-03 4.989999999999999861e-04 -9.999989999999999712e-01 3.878469999999999973e-01 9.217229999999999590e-01 8.520000000000000013e-04 9.217229999999999590e-01 -3.878480000000000261e-01 7.370000000000000249e-04
6.000000000000000000e+00 7.000000000000000000e+00 6.000000000000000000e+01 0.000000000000000000e+00 1.600000000000000089e+00 -3.706000000000000093e-03 3.670999999999999784e-03 9.999860000000000415e-01 5.661890000000000533e-01 -8.242599999999999927e-01 5.124000000000000082e-03 8.242669999999999719e-01 5.662000000000000366e-01 9.759999999999999796e-04
5.000000000000000000e+00 2.100000000000000000e+01 6.000000000000000000e+01 0.000000000000000000e+00 1.600000000000000089e+00 -1.825999999999999932e-03 -1.553900000000000073e-02 9.998780000000000445e-01 -9.418500000000000483e-02 9.954370000000000163e-01 1.529800000000000083e-02 -9.955530000000000213e-01 -9.414599999999999358e-02 -3.281000000000000062e-03
1.100000000000000000e+01 2.100000000000000000e+01 6.000000000000000000e+01 0.000000000000000000e+00 1.600000000000000089e+00 4.270000000000000249e-04 6.464000000000000128e-03 9.999789999999999512e-01 -9.513900000000000134e-02 9.954429999999999668e-01 -6.394000000000000378e-03 -9.954640000000000155e-01 -9.513399999999999634e-02 1.039999999999999909e-03
1.600000000000000000e+01 2.100000000000000000e+01 6.000000000000000000e+01 0.000000000000000000e+00 1.600000000000000089e+00 3.190000000000000019e-04 -3.838999999999999965e-03 9.999930000000000208e-01 -9.685599999999999765e-02 9.952910000000000368e-01 3.851999999999999955e-03 -9.952980000000000160e-01 -9.685599999999999765e-02 -5.399999999999999798e-05
2.200000000000000000e+01 3.000000000000000000e+00 6.300000000000000000e+01 0.000000000000000000e+00 1.600000000000000089e+00 1.162000000000000055e-03 -6.261000000000000072e-03 9.999799999999999800e-01 -6.158329999999999638e-01 7.878560000000000008e-01 5.649000000000000375e-03 -7.878760000000000208e-01 -6.158270000000000133e-01 -2.939999999999999905e-03
2.900000000000000000e+01 3.000000000000000000e+00 6.300000000000000000e+01 0.000000000000000000e+00 1.600000000000000089e+00 4.200000000000000174e-04 -5.673000000000000091e-03 9.999839999999999840e-01 -6.133849999999999580e-01 7.897699999999999720e-01 4.738000000000000024e-03 -7.897840000000000416e-01 -6.133769999999999500e-01 -3.148000000000000190e-03
6.000000000000000000e+00 2.700000000000000000e+01 6.300000000000000000e+01 0.000000000000000000e+00 1.600000000000000089e+00 -1.288000000000000082e-03 -8.193000000000000629e-03 9.999660000000000215e-01 -2.716910000000000158e-01 9.623549999999999605e-01 7.535000000000000031e-03 -9.623840000000000172e-01 -2.716720000000000246e-01 -3.465999999999999897e-03
1.000000000000000000e+01 2.700000000000000000e+01 6.300000000000000000e+01 0.000000000000000000e+00 1.600000000000000089e+00 4.500000000000000283e-05 -8.182999999999999302e-03 9.999670000000000503e-01 -2.711939999999999906e-01 9.624920000000000142e-01 7.889000000000000179e-03 -9.625249999999999639e-01 -2.711859999999999826e-01 -2.175999999999999983e-03
1.400000000000000000e+01 2.700000000000000000e+01 6.300000000000000000e+01 0.000000000000000000e+00 1.600000000000000089e+00 -1.268999999999999946e-03 -3.543999999999999841e-03 9.999930000000000208e-01 -2.733999999999999764e-01 9.618959999999999733e-01 3.062000000000000052e-03 -9.618999999999999773e-01 -2.733940000000000259e-01 -2.190000000000000106e-03
1.900000000000000000e+01 2.700000000000000000e+01 6.300000000000000000e+01 0.000000000000000000e+00 1.600000000000000089e+00 -4.060000000000000024e-04 -5.420999999999999604e-03 9.999850000000000128e-01 -2.776299999999999879e-01 9.606740000000000279e-01 5.094999999999999703e-03 -9.606879999999999864e-01 -2.776239999999999819e-01 -1.895999999999999899e-03
2.300000000000000000e+01 2.700000000000000000e+01 6.300000000000000000e+01 0.000000000000000000e+00 1.600000000000000089e+00 7.990000000000000140e-04 -2.526000000000000034e-03 9.999959999999999960e-01 -2.805469999999999908e-01 9.598370000000000513e-01 2.648999999999999879e-03 -9.598400000000000265e-01 -2.805480000000000196e-01 5.899999999999999754e-05
2.800000000000000000e+01 2.700000000000000000e+01 6.300000000000000000e+01 0.000000000000000000e+00 1.600000000000000089e+00 3.193000000000000092e-03 4.315000000000000259e-03 9.999860000000000415e-01 -2.790199999999999902e-01 9.602800000000000225e-01 -3.252999999999999815e-03 -9.602800000000000225e-01 -2.790059999999999762e-01 4.270999999999999623e-03
1.000000000000000000e+01 2.600000000000000000e+01 6.400000000000000000e+01 0.000000000000000000e+00 1.600000000000000089e+00 1.088999999999999907e-03 -1.251500000000000008e-02 9.999209999999999487e-01 -3.499459999999999793e-01 9.366919999999999691e-01 1.210400000000000018e-02 -9.367689999999999628e-01 -3.499320000000000208e-01 -3.360000000000000139e-03
1.400000000000000000e+01 2.600000000000000000e+01 6.400000000000000000e+01 0.000000000000000000e+00 1.600000000000000089e+00 -6.999999999999999387e-05 -6.562000000000000124e-03 9.999780000000000335e-01 -3.544590000000000241e-01 9.350519999999999943e-01 6.111000000000000112e-03 -9.350709999999999855e-01 -3.544510000000000161e-01 -2.390999999999999896e-03
1.900000000000000000e+01 2.600000000000000000e+01 6.400000000000000000e+01 0.000000000000000000e+00 1.600000000000000089e+00 7.159999999999999481e-04 -6.381999999999999652e-03 9.999789999999999512e-01 -3.603020000000000111e-01 9.328149999999999498e-01 6.211000000000000375e-03 -9.328349999999999698e-01 -3.602989999999999804e-01 -1.631999999999999987e-03
2.400000000000000000e+01 2.600000000000000000e+01 6.400000000000000000e+01 0.000000000000000000e+00 1.600000000000000089e+00 1.618000000000000081e-03 -2.121000000000000055e-03 9.999959999999999960e-01 -3.657500000000000195e-01 9.307100000000000373e-01 2.566000000000000138e-03 -9.307119999999999838e-01 -3.657529999999999948e-01 7.299999999999999632e-04
1.000000000000000000e+00 2.500000000000000000e+01 7.300000000000000000e+01 0.000000000000000000e+00 1.600000000000000089e+00 -2.799999999999999958e-05 6.131000000000000165e-03 9.999810000000000088e-01 7.464570000000000372e-01 -6.654210000000000402e-01 4.100999999999999611e-03 6.654330000000000522e-01 7.464429999999999676e-01 -4.558000000000000419e-03
7.000000000000000000e+00 2.500000000000000000e+01 7.300000000000000000e+01 0.000000000000000000e+00 1.600000000000000089e+00 1.677000000000000105e-03 3.115000000000000147e-03 9.999940000000000495e-01 7.471320000000000183e-01 -6.646750000000000158e-01 8.180000000000000422e-04 6.646739999999999871e-01 7.471259999999999568e-01 -3.442000000000000181e-03
1.200000000000000000e+01 2.500000000000000000e+01 7.300000000000000000e+01 0.000000000000000000e+00 1.600000000000000089e+00 7.640000000000000306e-04 -6.279999999999999775e-04 1.000000000000000000e+00 7.393990000000000284e-01 -6.732669999999999488e-01 -9.879999999999999460e-04 6.732669999999999488e-01 7.393990000000000284e-01 -5.000000000000000240e-05
1.800000000000000000e+01 2.500000000000000000e+01 7.300000000000000000e+01 0.000000000000000000e+00 1.600000000000000089e+00 -1.515000000000000071e-03 1.613000000000000067e-03 9.999980000000000535e-01 7.401999999999999691e-01 -6.723829999999999529e-01 2.206000000000000062e-03 6.723850000000000104e-01 7.402020000000000266e-01 -1.749999999999999982e-04
2.600000000000000000e+01 2.500000000000000000e+01 7.300000000000000000e+01 0.000000000000000000e+00 1.600000000000000089e+00 5.950000000000000427e-04 2.811999999999999830e-03 9.999959999999999960e-01 7.485990000000000144e-01 -6.630220000000000002e-01 1.418999999999999906e-03 6.630230000000000290e-01 7.485950000000000104e-01 -2.500000000000000052e-03
