4.000000000000000000e+00 1.500000000000000000e+01 4.000000000000000000e+00 0.000000000000000000e+00 1.600000000000000089e+00 -2.158999999999999895e-03 1.930000000000000021e-04 9.999980000000000535e-01 3.312890000000000001e-01 -9.435289999999999511e-01 8.970000000000000109e-04 9.435270000000000046e-01 3.312899999999999734e-01 1.972999999999999927e-03
7.000000000000000000e+00 1.500000000000000000e+01 4.000000000000000000e+00 0.000000000000000000e+00 1.600000000000000089e+00 -8.159999999999999936e-04 3.043999999999999831e-03 9.999949999999999672e-01 3.262200000000000100e-01 -9.452890000000000459e-01 3.144000000000000093e-03 9.452930000000000499e-01 3.262209999999999832e-01 -2.220000000000000022e-04
1.200000000000000000e+01 1.500000000000000000e+01 4.000000000000000000e+00 0.000000000000000000e+00 1.600000000000000089e+00 7.360000000000000006e-04 6.581000000000000044e-03 9.999780000000000335e-01 3.245720000000000272e-01 -9.458419999999999606e-01 5.984999999999999869e-03 9.458609999999999518e-01 3.245600000000000152e-01 -2.831999999999999882e-03
1.400000000000000000e+01 1.500000000000000000e+01 4.000000000000000000e+00 0.000000000000000000e+00 1.600000000000000089e+00 2.539999999999999940e-04 1.070300000000000071e-02 9.999430000000000263e-01 3.223840000000000039e-01 -9.465559999999999530e-01 1.004999999999999991e-02 9.466090000000000337e-01 3.223630000000000106e-01 -3.690999999999999837e-03
1.800000000000000000e+01 1.500000000000000000e+01 4.000000000000000000e+00 0.000000000000000000e+00 1.600000000000000089e+00 1.168999999999999900e-03 1.282900000000000013e-02 9.999169999999999447e-01 3.189440000000000053e-01 -9.476999999999999869e-01 1.178599999999999960e-02 9.477729999999999766e-01 3.189040000000000208e-01 -5.199999999999999761e-03
2.700000000000000000e+01 1.500000000000000000e+01 4.000000000000000000e+00 0.000000000000000000e+00 1.600000000000000089e+00 2.284000000000000006e-03 1.015300000000000057e-02 9.999460000000000015e-01 3.199600000000000222e-01 -9.473890000000000366e-01 8.888999999999999332e-03 9.474280000000000479e-01 3.199230000000000129e-01 -5.412000000000000144e-03
2.500000000000000000e+01 7.400000000000000000e+01 4.000000000000000000e+00 0.000000000000000000e+00 1.600000000000000089e+00 -8.829050000000000509e-01 -3.733069999999999999e-01 2.848160000000000136e-01 -3.951689999999999925e-01 9.183620000000000116e-01 -2.129699999999999996e-02 -2.536140000000000061e-01 -1.313529999999999975e-01 -9.583450000000000024e-01
6.000000000000000000e+00 4.000000000000000000e+00 5.000000000000000000e+00 0.000000000000000000e+00 1.600000000000000089e+00 6.329999999999999906e-04 3.170000000000000075e-03 9.999949999999999672e-01 2.321139999999999870e-01 -9.726839999999999931e-01 2.935999999999999808e-03 9.726879999999999971e-01 2.321110000000000118e-01 -1.351999999999999903e-03
6.000000000000000000e+00 1.010000000000000000e+02 7.000000000000000000e+00 0.000000000000000000e+00 1.600000000000000089e+00 -3.570000000000000040e-04 5.368999999999999641e-03 9.999850000000000128e-01 8.847420000000000284e-01 4.660770000000000191e-01 -2.186000000000000009e-03 -4.660819999999999963e-01 8.847279999999999589e-01 -4.916000000000000231e-03
2.000000000000000000e+01 1.010000000000000000e+02 7.000000000000000000e+00 0.000000000000000000e+00 1.600000000000000089e+00 -1.556000000000000091e-03 -1.064700000000000021e-02 9.999419999999999975e-01 8.829110000000000014e-01 4.694980000000000264e-01 6.373000000000000193e-03 -4.695389999999999842e-01 8.828690000000000149e-01 8.670000000000000623e-03
2.700000000000000000e+01 1.010000000000000000e+02 7.000000000000000000e+00 0.000000000000000000e+00 1.600000000000000089e+00 2.335999999999999969e-03 -3.886599999999999777e-02 9.992419999999999636e-01 8.842130000000000267e-01 4.668070000000000275e-01 1.609000000000000014e-02 -4.670779999999999932e-01 8.835049999999999848e-01 3.545600000000000140e-02
2.000000000000000000e+00 2.500000000000000000e+01 8.000000000000000000e+00 0.000000000000000000e+00 1.600000000000000089e+00 3.970000000000000005e-04 4.355999999999999629e-03 -9.999900000000000455e-01 4.467769999999999797e-01 8.946359999999999868e-01 4.074999999999999629e-03 8.946450000000000236e-01 -4.467749999999999777e-01 -1.590999999999999966e-03
5.000000000000000000e+00 2.500000000000000000e+01 8.000000000000000000e+00 0.000000000000000000e+00 1.600000000000000089e+00 -5.079999999999999880e-04 -8.970000000000000109e-04 -9.999989999999999712e-01 4.458389999999999853e-01 8.951120000000000188e-01 -1.028999999999999967e-03 8.951130000000000475e-01 -4.458400000000000141e-01 -5.500000000000000196e-05
9.000000000000000000e+00 2.500000000000000000e+01 8.000000000000000000e+00 0.000000000000000000e+00 1.600000000000000089e+00 -2.981000000000000143e-03 -3.282000000000000195e-03 -9.999900000000000455e-01 4.456390000000000073e-01 8.952020000000000532e-01 -4.266999999999999960e-03 8.952080000000000037e-01 -4.456479999999999886e-01 -1.206000000000000041e-03
1.400000000000000000e+01 2.500000000000000000e+01 8.000000000000000000e+00 0.000000000000000000e+00 1.600000000000000089e+00 -3.749000000000000162e-03 -7.609000000000000312e-03 -9.999639999999999640e-01 4.476999999999999869e-01 8.941440000000000499e-01 -8.481999999999999956e-03 8.941759999999999708e-01 -4.477160000000000029e-01 5.399999999999999798e-05
1.800000000000000000e+01 2.500000000000000000e+01 8.000000000000000000e+00 0.000000000000000000e+00 1.600000000000000089e+00 -2.226999999999999813e-03 -4.519999999999999712e-03 -9.999869999999999592e-01 4.491490000000000204e-01 8.934429999999999872e-01 -5.039000000000000076e-03 8.934539999999999704e-01 -4.491550000000000264e-01 4.000000000000000327e-05
2.300000000000000000e+01 2.500000000000000000e+01 8.000000000000000000e+00 0.000000000000000000e+00 1.600000000000000089e+00 -2.113999999999999994e-03 -8.314000000000000209e-03 -9.999630000000000463e-01 4.494460000000000122e-01 8.932679999999999509e-01 -8.377000000000000765e-03 8.933050000000000157e-01 -4.494469999999999854e-01 1.848000000000000033e-03
3.000000000000000000e+00 2.400000000000000000e+01 9.000000000000000000e+00 0.000000000000000000e+00 1.600000000000000089e+00 4.699999999999999859e-04 1.884999999999999957e-03 -9.999980000000000535e-01 4.490370000000000195e-01 8.935110000000000552e-01 1.894999999999999983e-03 8.935130000000000017e-01 -4.490370000000000195e-01 -4.260000000000000006e-04
9.000000000000000000e+00 2.400000000000000000e+01 9.000000000000000000e+00 0.000000000000000000e+00 1.600000000000000089e+00 -2.895000000000000004e-03 -3.996000000000000420e-03 -9.999879999999999880e-01 4.485319999999999863e-01 8.937540000000000484e-01 -4.870000000000000197e-03 8.937619999999999454e-01 -4.485399999999999943e-01 -7.950000000000000252e-04
1.400000000000000000e+01 2.400000000000000000e+01 9.000000000000000000e+00 0.000000000000000000e+00 1.600000000000000089e+00 -3.739000000000000136e-03 -7.455999999999999954e-03 -9.999649999999999928e-01 4.507010000000000183e-01 8.926359999999999850e-01 -8.340999999999999456e-03 8.926669999999999883e-01 -4.507160000000000055e-01 2.300000000000000002e-05
1.900000000000000000e+01 2.400000000000000000e+01 9.000000000000000000e+00 0.000000000000000000e+00 1.600000000000000089e+00 -1.624999999999999925e-03 -4.791000000000000120e-03 -9.999869999999999592e-01 4.519389999999999796e-01 8.920350000000000223e-01 -5.008000000000000299e-03 8.920470000000000343e-01 -4.519409999999999816e-01 7.159999999999999481e-04
2.400000000000000000e+01 2.400000000000000000e+01 9.000000000000000000e+00 0.000000000000000000e+00 1.600000000000000089e+00 -2.017999999999999829e-03 -1.102900000000000061e-02 -9.999369999999999647e-01 4.516580000000000039e-01 8.921259999999999746e-01 -1.075199999999999941e-02 8.921890000000000098e-01 -4.516510000000000247e-01 3.180999999999999800e-03
2.800000000000000000e+01 2.400000000000000000e+01 9.000000000000000000e+00 0.000000000000000000e+00 1.600000000000000089e+00 -1.955000000000000140e-03 -1.084399999999999947e-02 -9.999390000000000223e-01 4.539889999999999759e-01 8.909449999999999870e-01 -1.055000000000000035e-02 8.910050000000000470e-01 -4.539819999999999967e-01 3.180999999999999800e-03
1.000000000000000000e+00 3.100000000000000000e+01 1.200000000000000000e+01 0.000000000000000000e+00 1.600000000000000089e+00 1.021999999999999905e-03 2.005999999999999971e-03 9.999970000000000248e-01 -4.098000000000000080e-03 9.999900000000000455e-01 -2.001999999999999873e-03 -9.999909999999999632e-01 -4.095999999999999815e-03 1.030000000000000100e-03
6.000000000000000000e+00 3.100000000000000000e+01 1.200000000000000000e+01 0.000000000000000000e+00 1.600000000000000089e+00 5.199999999999999680e-05 -2.599999999999999840e-05 1.000000000000000000e+00 -2.454000000000000018e-03 9.999970000000000248e-01 2.599999999999999840e-05 -9.999970000000000248e-01 -2.454000000000000018e-03 5.199999999999999680e-05
2.200000000000000000e+01 3.100000000000000000e+01 1.200000000000000000e+01 0.000000000000000000e+00 1.600000000000000089e+00 1.050000000000000044e-04 -1.856000000000000011e-03 9.999980000000000535e-01 -1.326500000000000075e-02 9.999099999999999655e-01 1.856999999999999927e-03 -9.999120000000000230e-01 -1.326500000000000075e-02 8.000000000000000654e-05
2.000000000000000000e+01 3.500000000000000000e+01 1.200000000000000000e+01 0.000000000000000000e+00 1.600000000000000089e+00 -1.039999999999999936e-04 -5.577999999999999625e-03 -9.999839999999999840e-01 4.933710000000000040e-01 -8.698059999999999681e-01 4.800999999999999712e-03 -8.698190000000000088e-01 -4.933629999999999960e-01 2.843000000000000041e-03
2.600000000000000000e+01 3.500000000000000000e+01 1.200000000000000000e+01 0.000000000000000000e+00 1.600000000000000089e+00 1.794999999999999938e-03 -2.537999999999999892e-03 -9.999949999999999672e-01 4.771650000000000058e-01 -8.788080000000000336e-01 3.086999999999999900e-03 -8.788120000000000376e-01 -4.771679999999999811e-01 -3.660000000000000059e-04
2.300000000000000000e+01 7.300000000000000000e+01 1.300000000000000000e+01 0.000000000000000000e+00 1.600000000000000089e+00 -9.138349999999999529e-01 -2.221579999999999944e-01 3.399289999999999812e-01 -3.375540000000000207e-01 8.809139999999999748e-01 -3.317339999999999733e-01 -2.257510000000000072e-01 -4.178939999999999877e-01 -8.800000000000000044e-01
2.900000000000000000e+01 3.200000000000000000e+01 1.400000000000000000e+01 0.000000000000000000e+00 1.600000000000000089e+00 3.484999999999999817e-03 2.958999999999999825e-03 -9.999900000000000455e-01 1.027769999999999934e-01 9.946989999999999998e-01 3.301000000000000115e-03 9.946979999999999711e-01 -1.027880000000000044e-01 3.161999999999999880e-03
3.000000000000000000e+00 1.160000000000000000e+02 1.600000000000000000e+01 0.000000000000000000e+00 1.600000000000000089e+00 -5.740000000000000310e-03 -4.917000000000000363e-03 9.999710000000000543e-01 7.045540000000000136e-01 7.096109999999999918e-01 7.533999999999999898e-03 -7.096270000000000078e-01 7.045770000000000088e-01 -6.089999999999999494e-04
4.000000000000000000e+00 2.000000000000000000e+00 1.900000000000000000e+01 0.000000000000000000e+00 1.600000000000000089e+00 1.595000000000000064e-03 -2.673599999999999935e-02 -9.996410000000000018e-01 1.957589999999999886e-01 -9.802929999999999700e-01 2.653000000000000150e-02 -9.806510000000000504e-01 -1.957309999999999883e-01 3.670000000000000085e-03
9.000000000000000000e+00 2.000000000000000000e+00 1.900000000000000000e+01 0.000000000000000000e+00 1.600000000000000089e+00 4.350000000000000026e-04 -6.486999999999999711e-03 -9.999789999999999512e-01 2.062930000000000041e-01 -9.784690000000000332e-01 6.438000000000000146e-03 -9.784899999999999709e-01 -2.062920000000000031e-01 9.129999999999999661e-04
1.500000000000000000e+01 2.000000000000000000e+00 1.900000000000000000e+01 0.000000000000000000e+00 1.600000000000000089e+00 1.877999999999999895e-03 1.568299999999999902e-02 -9.998749999999999583e-01 2.038699999999999957e-01 -9.788839999999999764e-01 -1.497099999999999993e-02 -9.789959999999999773e-01 -2.038159999999999972e-01 -5.035999999999999678e-03
1.800000000000000000e+01 2.000000000000000000e+00 1.900000000000000000e+01 0.000000000000000000e+00 1.600000000000000089e+00 1.270000000000000078e-03 2.510099999999999831e-02 -9.996840000000000170e-01 1.981159999999999866e-01 -9.798759999999999692e-01 -2.435199999999999865e-02 -9.801779999999999937e-01 -1.980220000000000036e-01 -6.217000000000000304e-03
2.500000000000000000e+01 2.000000000000000000e+00 1.900000000000000000e+01 0.000000000000000000e+00 1.600000000000000089e+00 -3.129999999999999970e-03 1.527799999999999991e-02 -9.998780000000000445e-01 1.849969999999999948e-01 -9.826150000000000162e-01 -1.559299999999999922e-02 -9.827339999999999964e-01 -1.850229999999999930e-01 2.489999999999999809e-04
2.800000000000000000e+01 2.000000000000000000e+00 1.900000000000000000e+01 0.000000000000000000e+00 1.600000000000000089e+00 -3.340999999999999786e-03 1.788400000000000059e-02 -9.998340000000000005e-01 1.846210000000000073e-01 -9.826409999999999867e-01 -1.819300000000000084e-02 -9.828040000000000109e-01 -1.846510000000000096e-01 -1.900000000000000105e-05
1.000000000000000000e+01 4.000000000000000000e+00 2.000000000000000000e+01 0.000000000000000000e+00 1.600000000000000089e+00 -1.036999999999999944e-03 -5.174999999999999913e-03 -9.999860000000000415e-01 3.256379999999999830e-01 -9.454839999999999911e-01 4.556000000000000154e-03 -9.454939999999999456e-01 -3.256279999999999730e-01 2.665999999999999967e-03
1.500000000000000000e+01 4.000000000000000000e+00 2.000000000000000000e+01 0.000000000000000000e+00 1.600000000000000089e+00 7.720000000000000083e-04 1.434299999999999985e-02 -9.998970000000000358e-01 3.217679999999999985e-01 -9.467250000000000387e-01 -1.333200000000000010e-02 -9.468180000000000485e-01 -3.217240000000000100e-01 -5.346000000000000058e-03
1.400000000000000000e+01 1.300000000000000000e+01 2.000000000000000000e+01 0.000000000000000000e+00 1.600000000000000089e+00 -3.119999999999999944e-04 -1.198000000000000063e-03 9.999989999999999712e-01 2.672709999999999808e-01 9.636209999999999498e-01 1.237999999999999951e-03 -9.636209999999999498e-01 2.672709999999999808e-01 2.000000000000000164e-05
1.700000000000000000e+01 1.300000000000000000e+01 2.000000000000000000e+01 0.000000000000000000e+00 1.600000000000000089e+00 1.745000000000000023e-03 7.283000000000000411e-03 9.999719999999999720e-01 2.652939999999999743e-01 9.641389999999999683e-01 -7.485000000000000334e-03 -9.641659999999999675e-01 2.652990000000000070e-01 -2.500000000000000052e-04
2.300000000000000000e+01 1.300000000000000000e+01 2.000000000000000000e+01 0.000000000000000000e+00 1.600000000000000089e+00 3.110000000000000243e-04 -2.763999999999999964e-03 9.999959999999999960e-01 2.604739999999999833e-01 9.654770000000000296e-01 2.588000000000000023e-03 -9.654810000000000336e-01 2.604719999999999813e-01 1.020999999999999989e-03
2.700000000000000000e+01 1.300000000000000000e+01 2.000000000000000000e+01 0.000000000000000000e+00 1.600000000000000089e+00 1.742000000000000059e-03 2.939999999999999905e-04 9.999980000000000535e-01 2.596550000000000247e-01 9.657010000000000316e-01 -7.370000000000000249e-04 -9.657000000000000028e-01 2.596559999999999979e-01 1.606000000000000006e-03
3.000000000000000000e+01 1.300000000000000000e+01 2.000000000000000000e+01 0.000000000000000000e+00 1.600000000000000089e+00 2.863000000000000093e-03 5.636000000000000384e-03 9.999799999999999800e-01 2.586240000000000205e-01 9.659579999999999833e-01 -6.184000000000000261e-03 -9.659739999999999993e-01 2.586370000000000058e-01 1.307999999999999918e-03
5.000000000000000000e+00 3.000000000000000000e+00 2.500000000000000000e+01 0.000000000000000000e+00 1.600000000000000089e+00 -8.791000000000000203e-03 -2.739600000000000021e-02 9.995859999999999745e-01 -8.850600000000000134e-02 -9.956800000000000095e-01 -2.806700000000000167e-02 9.960369999999999502e-01 -8.871600000000000319e-02 6.329000000000000424e-03
1.000000000000000000e+01 3.000000000000000000e+00 2.500000000000000000e+01 0.000000000000000000e+00 1.600000000000000089e+00 -3.956999999999999580e-03 -6.342000000000000415e-03 9.999719999999999720e-01 -9.951000000000000123e-02 -9.950139999999999540e-01 -6.705000000000000022e-03 9.950290000000000523e-01 -9.953299999999999648e-02 3.305999999999999911e-03
1.500000000000000000e+01 3.000000000000000000e+00 2.500000000000000000e+01 0.000000000000000000e+00 1.600000000000000089e+00 2.197000000000000168e-03 1.379400000000000071e-02 9.999019999999999575e-01 -9.352800000000000002e-02 -9.955190000000000428e-01 1.393900000000000000e-02 9.956139999999999990e-01 -9.354899999999999327e-02 -8.970000000000000109e-04
1.800000000000000000e+01 3.000000000000000000e+00 2.500000000000000000e+01 0.000000000000000000e+00 1.600000000000000089e+00 3.830000000000000071e-03 1.787599999999999953e-02 9.998329999999999718e-01 -8.784000000000000141e-02 -9.959689999999999932e-01 1.814299999999999941e-02 9.961269999999999847e-01 -8.789500000000000091e-02 -2.243999999999999901e-03
2.400000000000000000e+01 3.000000000000000000e+00 2.500000000000000000e+01 0.000000000000000000e+00 1.600000000000000089e+00 3.847999999999999858e-03 1.878799999999999915e-02 9.998160000000000380e-01 -6.956700000000000383e-02 -9.973959999999999493e-01 1.900999999999999912e-02 9.975699999999999568e-01 -6.962799999999999545e-02 -2.530999999999999830e-03
2.700000000000000000e+01 3.000000000000000000e+00 2.500000000000000000e+01 0.000000000000000000e+00 1.600000000000000089e+00 4.117000000000000000e-03 1.999099999999999835e-02 9.997920000000000140e-01 -6.451099999999999890e-02 -9.977120000000000433e-01 2.021500000000000033e-02 9.979090000000000460e-01 -6.457999999999999852e-02 -2.818000000000000192e-03
4.000000000000000000e+00 4.600000000000000000e+01 2.700000000000000000e+01 0.000000000000000000e+00 1.600000000000000089e+00 -6.639999999999999852e-04 -6.120000000000000223e-04 -1.000000000000000000e+00 6.759800000000000253e-01 7.369189999999999907e-01 -8.999999999999999754e-04 7.369200000000000195e-01 -6.759800000000000253e-01 -7.600000000000000418e-05
1.100000000000000000e+01 4.600000000000000000e+01 2.700000000000000000e+01 0.000000000000000000e+00 1.600000000000000089e+00 -2.660000000000000146e-04 -1.404999999999999999e-03 -9.999989999999999712e-01 6.751470000000000526e-01 7.376819999999999489e-01 -1.216000000000000067e-03 7.376829999999999776e-01 -6.751470000000000526e-01 7.519999999999999558e-04
1.500000000000000000e+01 4.600000000000000000e+01 2.700000000000000000e+01 0.000000000000000000e+00 1.600000000000000089e+00 -6.019999999999999961e-04 -2.053000000000000137e-03 -9.999980000000000535e-01 6.703890000000000127e-01 7.420069999999999721e-01 -1.926999999999999894e-03 7.420090000000000297e-01 -6.703890000000000127e-01 9.290000000000000297e-04
2.600000000000000000e+01 4.600000000000000000e+01 2.700000000000000000e+01 0.000000000000000000e+00 1.600000000000000089e+00 -5.249999999999999676e-04 -8.399999999999999535e-05 -1.000000000000000000e+00 6.625879999999999548e-01 7.489839999999999831e-01 -4.110000000000000155e-04 7.489839999999999831e-01 -6.625879999999999548e-01 -3.379999999999999758e-04
2.000000000000000000e+00 4.600000000000000000e+01 3.000000000000000000e+01 0.000000000000000000e+00 1.600000000000000089e+00 -2.400000000000000061e-04 1.314999999999999980e-03 -9.999989999999999712e-01 3.311669999999999892e-01 9.435719999999999663e-01 1.160999999999999923e-03 9.435719999999999663e-01 -3.311660000000000159e-01 -6.620000000000000450e-04
5.000000000000000000e+00 4.600000000000000000e+01 3.000000000000000000e+01 0.000000000000000000e+00 1.600000000000000089e+00 -4.049999999999999781e-04 -1.056000000000000081e-03 -9.999989999999999712e-01 3.300989999999999758e-01 9.439459999999999518e-01 -1.131000000000000061e-03 9.439459999999999518e-01 -3.300989999999999758e-01 -3.399999999999999973e-05
2.000000000000000000e+01 4.600000000000000000e+01 3.000000000000000000e+01 0.000000000000000000e+00 1.600000000000000089e+00 6.589999999999999721e-04 9.529999999999999626e-04 -9.999989999999999712e-01 3.201919999999999766e-01 9.473519999999999719e-01 1.113999999999999973e-03 9.473519999999999719e-01 -3.201930000000000054e-01 3.190000000000000019e-04
2.700000000000000000e+01 4.600000000000000000e+01 3.000000000000000000e+01 0.000000000000000000e+00 1.600000000000000089e+00 -2.640000000000000202e-04 -6.019999999999999961e-04 -1.000000000000000000e+00 3.191709999999999825e-01 9.476970000000000116e-01 -6.549999999999999833e-04 9.476970000000000116e-01 -3.191709999999999825e-01 -5.800000000000000034e-05
4.000000000000000000e+00 5.800000000000000000e+01 3.100000000000000000e+01 0.000000000000000000e+00 1.600000000000000089e+00 1.624000000000000010e-03 1.540000000000000028e-04 9.999989999999999712e-01 -7.970030000000000170e-01 -6.039729999999999821e-01 1.386999999999999995e-03 6.039729999999999821e-01 -7.970040000000000457e-01 -8.580000000000000387e-04
8.000000000000000000e+00 5.800000000000000000e+01 3.100000000000000000e+01 0.000000000000000000e+00 1.600000000000000089e+00 -5.929999999999999941e-04 -1.683000000000000034e-03 9.999980000000000535e-01 -7.974609999999999754e-01 -6.033680000000000154e-01 -1.487999999999999956e-03 6.033699999999999619e-01 -7.974609999999999754e-01 -9.849999999999999815e-04
1.100000000000000000e+01 5.800000000000000000e+01 3.100000000000000000e+01 0.000000000000000000e+00 1.600000000000000089e+00 -3.419000000000000164e-03 -5.147999999999999798e-03 9.999810000000000088e-01 -7.984179999999999611e-01 -6.020759999999999446e-01 -5.828999999999999980e-03 6.020940000000000181e-01 -7.984219999999999651e-01 -2.052000000000000005e-03
1.600000000000000000e+01 5.800000000000000000e+01 3.100000000000000000e+01 0.000000000000000000e+00 1.600000000000000089e+00 -6.329999999999999906e-04 -4.494999999999999864e-03 9.999900000000000455e-01 -7.958070000000000421e-01 -6.055420000000000247e-01 -3.226000000000000135e-03 6.055500000000000327e-01 -7.958009999999999806e-01 -3.193999999999999791e-03
2.100000000000000000e+01 5.800000000000000000e+01 3.100000000000000000e+01 0.000000000000000000e+00 1.600000000000000089e+00 5.133000000000000410e-03 4.061000000000000373e-03 9.999789999999999512e-01 -7.858150000000000412e-01 -6.184269999999999490e-01 6.544999999999999603e-03 6.184399999999999897e-01 -7.858319999999999750e-01 1.699999999999999987e-05
2.700000000000000000e+01 5.800000000000000000e+01 3.100000000000000000e+01 0.000000000000000000e+00 1.600000000000000089e+00 9.240000000000000166e-04 -3.930000000000000117e-04 1.000000000000000000e+00 -7.773280000000000189e-01 -6.290949999999999598e-01 4.710000000000000102e-04 6.290949999999999598e-01 -7.773280000000000189e-01 -8.869999999999999846e-04
6.000000000000000000e+00 1.800000000000000000e+01 3.400000000000000000e+01 0.000000000000000000e+00 1.600000000000000089e+00 -1.400999999999999902e-03 -6.292999999999999983e-03 -9.999789999999999512e-01 -3.107440000000000202e-01 -9.504719999999999835e-01 6.416999999999999961e-03 -9.504930000000000323e-01 3.107460000000000222e-01 -6.229999999999999644e-04
1.100000000000000000e+01 1.800000000000000000e+01 3.400000000000000000e+01 0.000000000000000000e+00 1.600000000000000089e+00 -4.470000000000000232e-04 -2.175999999999999983e-03 -9.999970000000000248e-01 -3.062790000000000235e-01 -9.519389999999999796e-01 2.209000000000000026e-03 -9.519419999999999549e-01 3.062790000000000235e-01 -2.410000000000000033e-04
4.000000000000000000e+00 4.600000000000000000e+01 3.500000000000000000e+01 0.000000000000000000e+00 1.600000000000000089e+00 1.541999999999999968e-03 -1.223600000000000035e-02 -9.999240000000000350e-01 3.911749999999999949e-01 -9.202399999999999469e-01 1.186399999999999955e-02 -9.203149999999999942e-01 -3.911629999999999829e-01 3.367000000000000201e-03
9.000000000000000000e+00 4.600000000000000000e+01 3.500000000000000000e+01 0.000000000000000000e+00 1.600000000000000089e+00 1.049000000000000019e-03 -6.684999999999999970e-03 -9.999770000000000048e-01 3.920029999999999903e-01 -9.199410000000000087e-01 6.560999999999999992e-03 -9.199629999999999752e-01 -3.920009999999999883e-01 1.655999999999999920e-03
1.200000000000000000e+01 4.600000000000000000e+01 3.500000000000000000e+01 0.000000000000000000e+00 1.600000000000000089e+00 -5.599999999999999509e-04 -1.379999999999999933e-03 -9.999989999999999712e-01 3.930089999999999972e-01 -9.195339999999999625e-01 1.049000000000000019e-03 -9.195339999999999625e-01 -3.930080000000000240e-01 1.056999999999999997e-03
1.800000000000000000e+01 4.600000000000000000e+01 3.500000000000000000e+01 0.000000000000000000e+00 1.600000000000000089e+00 1.075999999999999917e-03 -5.974000000000000143e-03 -9.999820000000000375e-01 3.915210000000000079e-01 -9.201500000000000234e-01 5.917999999999999650e-03 -9.201679999999999859e-01 -3.915210000000000079e-01 1.348999999999999939e-03
2.200000000000000000e+01 4.600000000000000000e+01 3.500000000000000000e+01 0.000000000000000000e+00 1.600000000000000089e+00 5.079999999999999880e-04 -1.866999999999999953e-03 -9.999980000000000535e-01 3.910509999999999819e-01 -9.203670000000000462e-01 1.917000000000000084e-03 -9.203689999999999927e-01 -3.910509999999999819e-01 2.629999999999999959e-04
2.800000000000000000e+01 4.600000000000000000e+01 3.500000000000000000e+01 0.000000000000000000e+00 1.600000000000000089e+00 -1.149999999999999981e-03 7.999999999999999638e-06 -9.999989999999999712e-01 3.909020000000000272e-01 -9.204320000000000279e-01 -4.569999999999999952e-04 -9.204320000000000279e-01 -3.909020000000000272e-01 1.054999999999999948e-03
1.000000000000000000e+00 9.500000000000000000e+01 3.600000000000000000e+01 0.000000000000000000e+00 1.600000000000000089e+00 7.718000000000000034e-03 8.323000000000000537e-03 9.999360000000000470e-01 9.972090000000000121e-01 7.420100000000000307e-02 -8.314999999999999475e-03 -7.426599999999999868e-02 9.972090000000000121e-01 -7.727000000000000361e-03
9.000000000000000000e+00 9.500000000000000000e+01 3.600000000000000000e+01 0.000000000000000000e+00 1.600000000000000089e+00 4.227999999999999987e-03 -1.599700000000000080e-02 9.998629999999999463e-01 9.972609999999999530e-01 7.390700000000000047e-02 -3.034999999999999937e-03 -7.384899999999999798e-02 9.971370000000000511e-01 1.626500000000000168e-02
1.300000000000000000e+01 9.500000000000000000e+01 3.600000000000000000e+01 0.000000000000000000e+00 1.600000000000000089e+00 1.482000000000000027e-03 -5.870999999999999830e-02 9.982739999999999947e-01 9.971470000000000056e-01 7.542999999999999705e-02 2.955999999999999860e-03 -7.547299999999999842e-02 9.954210000000000003e-01 5.865399999999999781e-02
2.000000000000000000e+00 2.900000000000000000e+01 4.400000000000000000e+01 0.000000000000000000e+00 1.600000000000000089e+00 -3.009999999999999980e-04 -4.499999999999999877e-04 -1.000000000000000000e+00 6.657629999999999937e-01 7.461630000000000207e-01 -5.370000000000000424e-04 7.461640000000000494e-01 -6.657629999999999937e-01 7.499999999999999343e-05
6.000000000000000000e+00 2.900000000000000000e+01 4.400000000000000000e+01 0.000000000000000000e+00 1.600000000000000089e+00 -6.750000000000000357e-04 -2.141999999999999807e-03 -9.999970000000000248e-01 6.668899999999999828e-01 7.451539999999999830e-01 -2.046000000000000076e-03 7.451560000000000406e-01 -6.668889999999999540e-01 9.250000000000000409e-04
1.000000000000000000e+01 2.900000000000000000e+01 4.400000000000000000e+01 0.000000000000000000e+00 1.600000000000000089e+00 4.929999999999999487e-04 1.095000000000000053e-03 -9.999989999999999712e-01 6.697910000000000252e-01 7.425490000000000146e-01 1.144000000000000052e-03 7.425500000000000433e-01 -6.697910000000000252e-01 -3.669999999999999760e-04
1.300000000000000000e+01 2.900000000000000000e+01 4.400000000000000000e+01 0.000000000000000000e+00 1.600000000000000089e+00 1.910999999999999938e-03 1.881000000000000076e-03 -9.999959999999999960e-01 6.666539999999999688e-01 7.453619999999999690e-01 2.675999999999999993e-03 7.453650000000000553e-01 -6.666570000000000551e-01 1.710000000000000094e-04
1.700000000000000000e+01 2.900000000000000000e+01 4.400000000000000000e+01 0.000000000000000000e+00 1.600000000000000089e+00 1.348000000000000023e-03 2.719999999999999979e-04 -9.999989999999999712e-01 6.550789999999999669e-01 7.555600000000000094e-01 1.087999999999999991e-03 7.555600000000000094e-01 -6.550789999999999669e-01 8.400000000000000348e-04
2.100000000000000000e+01 2.900000000000000000e+01 4.400000000000000000e+01 0.000000000000000000e+00 1.600000000000000089e+00 -6.660000000000000338e-04 -1.461999999999999975e-03 -9.999989999999999712e-01 6.507230000000000514e-01 7.593140000000000445e-01 -1.543000000000000101e-03 7.593149999999999622e-01 -6.507230000000000514e-01 4.459999999999999989e-04
3.000000000000000000e+01 2.900000000000000000e+01 4.400000000000000000e+01 0.000000000000000000e+00 1.600000000000000089e+00 -7.700000000000000139e-05 1.028999999999999967e-03 -1.000000000000000000e+00 6.468380000000000241e-01 7.626270000000000548e-01 7.349999999999999763e-04 7.626270000000000548e-01 -6.468380000000000241e-01 -7.240000000000000342e-04
3.000000000000000000e+00 6.000000000000000000e+00 5.100000000000000000e+01 0.000000000000000000e+00 1.600000000000000089e+00 -5.145000000000000268e-03 -8.188000000000000833e-03 -9.999529999999999808e-01 3.210370000000000168e-01 -9.470469999999999722e-01 6.102999999999999918e-03 -9.470530000000000337e-01 -3.209899999999999975e-01 7.500999999999999855e-03
1.700000000000000000e+01 6.000000000000000000e+00 5.100000000000000000e+01 0.000000000000000000e+00 1.600000000000000089e+00 3.848999999999999991e-03 1.581400000000000167e-02 -9.998669999999999503e-01 3.097460000000000213e-01 -9.507189999999999808e-01 -1.384499999999999967e-02 -9.508119999999999905e-01 -3.096519999999999828e-01 -8.557000000000000370e-03
1.000000000000000000e+00 1.150000000000000000e+02 5.100000000000000000e+01 0.000000000000000000e+00 1.600000000000000089e+00 -8.512999999999999734e-03 -2.075899999999999967e-02 9.997479999999999700e-01 8.434110000000000218e-01 -5.372540000000000093e-01 -3.974000000000000102e-03 5.372010000000000396e-01 8.431650000000000533e-01 2.208200000000000093e-02
2.000000000000000000e+00 7.000000000000000000e+00 5.200000000000000000e+01 0.000000000000000000e+00 1.600000000000000089e+00 -6.354000000000000273e-03 -4.434999999999999706e-03 -9.999700000000000255e-01 1.209810000000000052e-01 -9.926479999999999748e-01 3.632999999999999945e-03 -9.926340000000000163e-01 -1.209549999999999931e-01 6.844000000000000257e-03
1.800000000000000000e+01 7.000000000000000000e+00 5.200000000000000000e+01 0.000000000000000000e+00 1.600000000000000089e+00 9.480000000000000579e-03 1.461699999999999978e-02 -9.998479999999999590e-01 9.926500000000000601e-02 -9.949679999999999636e-01 -1.360500000000000077e-02 -9.950160000000000116e-01 -9.912100000000000077e-02 -1.088300000000000031e-02
2.200000000000000000e+01 7.000000000000000000e+00 5.200000000000000000e+01 0.000000000000000000e+00 1.600000000000000089e+00 6.540999999999999939e-03 9.412000000000000227e-03 -9.999339999999999895e-01 9.421799999999999620e-02 -9.955129999999999812e-01 -8.753999999999999629e-03 -9.955300000000000260e-01 -9.415500000000000258e-02 -7.398000000000000062e-03
8.000000000000000000e+00 6.300000000000000000e+01 5.400000000000000000e+01 0.000000000000000000e+00 1.600000000000000089e+00 1.030000000000000100e-03 1.499999999999999869e-04 9.999989999999999712e-01 -3.346319999999999850e-01 9.423489999999999922e-01 2.030000000000000012e-04 -9.423479999999999634e-01 -3.346319999999999850e-01 1.020999999999999989e-03
1.700000000000000000e+01 6.300000000000000000e+01 5.400000000000000000e+01 0.000000000000000000e+00 1.600000000000000089e+00 6.792000000000000294e-03 4.307000000000000065e-03 9.999679999999999680e-01 -3.422390000000000154e-01 9.396109999999999740e-01 -1.722000000000000006e-03 -9.395879999999999788e-01 -3.422160000000000202e-01 7.856000000000000136e-03
2.800000000000000000e+01 6.300000000000000000e+01 5.400000000000000000e+01 0.000000000000000000e+00 1.600000000000000089e+00 3.403999999999999908e-03 3.503000000000000037e-03 9.999879999999999880e-01 -3.207450000000000023e-01 9.471629999999999772e-01 -2.226000000000000114e-03 -9.471600000000000019e-01 -3.207329999999999903e-01 4.347000000000000169e-03
2.700000000000000000e+01 2.500000000000000000e+01 5.500000000000000000e+01 0.000000000000000000e+00 1.600000000000000089e+00 1.900000000000000105e-04 -5.824000000000000184e-03 -9.999829999999999552e-01 -1.101899999999999928e-02 -9.999219999999999775e-01 5.820999999999999786e-03 -9.999390000000000223e-01 1.101700000000000075e-02 -2.550000000000000183e-04
2.700000000000000000e+01 6.800000000000000000e+01 5.700000000000000000e+01 0.000000000000000000e+00 1.600000000000000089e+00 -3.147699999999999804e-02 7.206700000000000328e-01 6.925639999999999574e-01 -2.774220000000000019e-01 6.593820000000000237e-01 -6.987510000000000110e-01 -9.602319999999999744e-01 -2.141260000000000108e-01 1.791739999999999999e-01
7.000000000000000000e+00 2.100000000000000000e+01 6.000000000000000000e+01 0.000000000000000000e+00 1.600000000000000089e+00 -5.680000000000000370e-04 -9.065999999999999406e-03 9.999590000000000423e-01 -9.318999999999999506e-02 9.956080000000000485e-01 8.973000000000000073e-03 -9.956479999999999775e-01 -9.318099999999999994e-02 -1.410999999999999928e-03
1.100000000000000000e+01 2.100000000000000000e+01 6.000000000000000000e+01 0.000000000000000000e+00 1.600000000000000089e+00 -1.621000000000000045e-03 -6.603999999999999627e-03 9.999770000000000048e-01 -9.318500000000000394e-02 9.956279999999999575e-01 6.424000000000000023e-03 -9.956469999999999487e-01 -9.317300000000000582e-02 -2.230000000000000211e-03
1.700000000000000000e+01 2.100000000000000000e+01 6.000000000000000000e+01 0.000000000000000000e+00 1.600000000000000089e+00 -1.453999999999999997e-03 4.638999999999999894e-03 9.999879999999999880e-01 -9.584700000000000164e-02 9.953849999999999643e-01 -4.755999999999999811e-03 -9.953950000000000298e-01 -9.585200000000000664e-02 -1.002000000000000069e-03
2.200000000000000000e+01 2.100000000000000000e+01 6.000000000000000000e+01 0.000000000000000000e+00 1.600000000000000089e+00 1.353000000000000036e-03 1.072099999999999963e-02 9.999419999999999975e-01 -9.600599999999999412e-02 9.953250000000000153e-01 -1.054100000000000002e-02 -9.953800000000000425e-01 -9.598700000000000288e-02 2.376000000000000074e-03
2.600000000000000000e+01 2.100000000000000000e+01 6.000000000000000000e+01 0.000000000000000000e+00 1.600000000000000089e+00 2.589999999999999854e-03 -1.850000000000000082e-03 9.999949999999999672e-01 -9.412500000000000033e-02 9.955580000000000540e-01 2.086000000000000180e-03 -9.955570000000000253e-01 -9.413000000000000533e-02 2.405000000000000020e-03
1.600000000000000000e+01 8.200000000000000000e+01 6.200000000000000000e+01 0.000000000000000000e+00 1.600000000000000089e+00 6.359580000000000233e-01 -7.463459999999999539e-01 1.962780000000000080e-01 -6.464090000000000114e-01 -6.541059999999999652e-01 -3.928119999999999945e-01 4.215599999999999903e-01 1.229360000000000036e-01 -8.984280000000000044e-01
1.700000000000000000e+01 3.000000000000000000e+00 6.300000000000000000e+01 0.000000000000000000e+00 1.600000000000000089e+00 1.704999999999999918e-03 1.383299999999999981e-02 9.999029999999999863e-01 -6.250449999999999617e-01 7.805279999999999996e-01 -9.733000000000000332e-03 -7.805870000000000308e-01 -6.249670000000000503e-01 9.976999999999999758e-03
2.400000000000000000e+01 3.000000000000000000e+00 6.300000000000000000e+01 0.000000000000000000e+00 1.600000000000000089e+00 7.159999999999999481e-04 2.384999999999999967e-03 9.999970000000000248e-01 -6.173189999999999511e-01 7.867119999999999669e-01 -1.435000000000000078e-03 -7.867129999999999956e-01 -6.173159999999999759e-01 2.034999999999999917e-03
5.000000000000000000e+00 2.700000000000000000e+01 6.300000000000000000e+01 0.000000000000000000e+00 1.600000000000000089e+00 2.050000000000000173e-03 -4.821999999999999897e-03 9.999860000000000415e-01 -2.801170000000000049e-01 9.599520000000000275e-01 5.203000000000000159e-03 -9.599640000000000395e-01 -2.801239999999999841e-01 6.179999999999999513e-04
9.000000000000000000e+00 2.700000000000000000e+01 6.300000000000000000e+01 0.000000000000000000e+00 1.600000000000000089e+00 7.780000000000000457e-04 -3.322999999999999999e-03 9.999940000000000495e-01 -2.815860000000000030e-01 9.595299999999999940e-01 3.406999999999999872e-03 -9.595359999999999445e-01 -2.815869999999999762e-01 -1.890000000000000133e-04
1.500000000000000000e+01 2.700000000000000000e+01 6.300000000000000000e+01 0.000000000000000000e+00 1.600000000000000089e+00 -1.227999999999999925e-03 -3.047999999999999928e-03 9.999949999999999672e-01 -2.761799999999999811e-01 9.611030000000000406e-01 2.589999999999999854e-03 -9.611049999999999871e-01 -2.761750000000000038e-01 -2.021999999999999926e-03
1.800000000000000000e+01 2.700000000000000000e+01 6.300000000000000000e+01 0.000000000000000000e+00 1.600000000000000089e+00 2.339999999999999958e-04 1.520000000000000084e-04 1.000000000000000000e+00 -2.714050000000000074e-01 9.624650000000000150e-01 -8.299999999999999815e-05 -9.624650000000000150e-01 -2.714039999999999786e-01 2.669999999999999847e-04
2.500000000000000000e+01 2.700000000000000000e+01 6.300000000000000000e+01 0.000000000000000000e+00 1.600000000000000089e+00 2.232000000000000043e-03 7.115999999999999930e-03 9.999719999999999720e-01 -2.727410000000000112e-01 9.620670000000000055e-01 -6.237999999999999622e-03 -9.620849999999999680e-01 -2.727200000000000180e-01 4.087999999999999620e-03
5.000000000000000000e+00 2.600000000000000000e+01 6.400000000000000000e+01 0.000000000000000000e+00 1.600000000000000089e+00 3.075000000000000042e-03 -7.877000000000000321e-03 9.999639999999999640e-01 -3.634000000000000008e-01 9.315949999999999509e-01 8.455999999999999975e-03 -9.316280000000000117e-01 -3.634129999999999860e-01 1.999999999999999909e-06
1.500000000000000000e+01 2.600000000000000000e+01 6.400000000000000000e+01 0.000000000000000000e+00 1.600000000000000089e+00 -2.135999999999999878e-03 -2.884999999999999978e-03 9.999940000000000495e-01 -3.567259999999999875e-01 9.342070000000000096e-01 1.933000000000000039e-03 -9.342059999999999809e-01 -3.567199999999999815e-01 -3.024000000000000212e-03
1.900000000000000000e+01 2.600000000000000000e+01 6.400000000000000000e+01 0.000000000000000000e+00 1.600000000000000089e+00 2.979999999999999793e-04 -1.051999999999999984e-03 9.999989999999999712e-01 -3.528180000000000205e-01 9.356910000000000505e-01 1.090000000000000040e-03 -9.356919999999999682e-01 -3.528180000000000205e-01 -9.299999999999999727e-05
2.600000000000000000e+01 2.600000000000000000e+01 6.400000000000000000e+01 0.000000000000000000e+00 1.600000000000000089e+00 1.539999999999999919e-03 9.546999999999999931e-03 9.999529999999999808e-01 -3.584120000000000084e-01 9.335259999999999669e-01 -8.361000000000000376e-03 -9.335620000000000029e-01 -3.583819999999999784e-01 4.859999999999999737e-03
1.100000000000000000e+01 8.200000000000000000e+01 7.000000000000000000e+01 0.000000000000000000e+00 1.600000000000000089e+00 7.524999999999999467e-01 -4.492349999999999954e-01 4.815929999999999933e-01 -5.073720000000000452e-01 -8.616570000000000062e-01 -1.098400000000000071e-02 4.199030000000000262e-01 -2.360819999999999863e-01 -8.763260000000000494e-01
1.000000000000000000e+01 7.100000000000000000e+01 7.200000000000000000e+01 0.000000000000000000e+00 1.600000000000000089e+00 4.393569999999999975e-01 -3.826700000000000240e-02 -8.974969999999999892e-01 8.847479999999999789e-01 1.914049999999999918e-01 4.249539999999999984e-01 1.555239999999999956e-01 -9.807649999999999979e-01 1.179520000000000013e-01
