1.700000000000000000e+01 2.500000000000000000e+01 1.000000000000000000e+00 0.000000000000000000e+00 1.600000000000000089e+00 1.810999999999999893e-03 4.912999999999999833e-03 -9.999860000000000415e-01 -5.301059999999999661e-01 -8.479160000000000030e-01 -5.126000000000000348e-03 -8.479299999999999615e-01 5.301080000000000236e-01 1.069000000000000072e-03
2.400000000000000000e+01 2.500000000000000000e+01 1.000000000000000000e+00 0.000000000000000000e+00 1.600000000000000089e+00 2.651999999999999844e-03 -6.818000000000000276e-03 -9.999730000000000008e-01 -5.352580000000000116e-01 -8.446780000000000399e-01 4.340000000000000108e-03 -8.446850000000000191e-01 5.352320000000000411e-01 -5.890000000000000270e-03
2.800000000000000000e+01 2.500000000000000000e+01 1.000000000000000000e+00 0.000000000000000000e+00 1.600000000000000089e+00 2.726000000000000124e-03 -3.828999999999999938e-03 -9.999890000000000168e-01 -5.372639999999999638e-01 -8.434120000000000505e-01 1.765000000000000076e-03 -8.434099999999999930e-01 5.372529999999999806e-01 -4.355999999999999629e-03
7.000000000000000000e+00 1.500000000000000000e+01 4.000000000000000000e+00 0.000000000000000000e+00 1.600000000000000089e+00 2.644000000000000083e-03 1.302400000000000085e-02 9.999120000000000230e-01 2.947910000000000252e-01 -9.554899999999999505e-01 1.166599999999999929e-02 9.555580000000000185e-01 2.947339999999999960e-01 -6.364999999999999998e-03
1.500000000000000000e+01 1.500000000000000000e+01 4.000000000000000000e+00 0.000000000000000000e+00 1.600000000000000089e+00 1.730999999999999900e-03 2.348999999999999960e-03 9.999959999999999960e-01 3.013040000000000163e-01 -9.535270000000000135e-01 1.719000000000000042e-03 9.535259999999999847e-01 3.013000000000000123e-01 -2.357999999999999853e-03
3.000000000000000000e+00 1.600000000000000000e+01 4.000000000000000000e+00 0.000000000000000000e+00 1.600000000000000089e+00 -5.169999999999999899e-04 8.290000000000000493e-03 9.999649999999999928e-01 3.709160000000000235e-01 -9.286330000000000418e-01 7.889999999999999444e-03 9.286659999999999915e-01 3.709080000000000155e-01 -2.595000000000000084e-03
1.000000000000000000e+00 1.010000000000000000e+02 7.000000000000000000e+00 0.000000000000000000e+00 1.600000000000000089e+00 -5.749999999999999903e-04 1.157599999999999948e-02 9.999329999999999607e-01 8.835469999999999713e-01 4.683160000000000101e-01 -4.913999999999999965e-03 -4.683410000000000073e-01 8.834849999999999648e-01 -1.049699999999999939e-02
6.000000000000000000e+00 1.010000000000000000e+02 7.000000000000000000e+00 0.000000000000000000e+00 1.600000000000000089e+00 2.694999999999999913e-03 -2.272999999999999847e-03 9.999940000000000495e-01 8.828519999999999701e-01 4.696489999999999831e-01 -1.311000000000000099e-03 -4.696440000000000059e-01 8.828500000000000236e-01 3.272000000000000169e-03
1.600000000000000000e+01 1.010000000000000000e+02 7.000000000000000000e+00 0.000000000000000000e+00 1.600000000000000089e+00 -5.100000000000000366e-04 -9.065999999999999406e-03 9.999590000000000423e-01 8.876190000000000468e-01 4.605549999999999922e-01 4.628000000000000169e-03 -4.605779999999999874e-01 8.875849999999999573e-01 7.812000000000000367e-03
2.000000000000000000e+01 1.010000000000000000e+02 7.000000000000000000e+00 0.000000000000000000e+00 1.600000000000000089e+00 -2.632999999999999924e-03 -2.089999999999999844e-03 9.999940000000000495e-01 8.888369999999999882e-01 4.582109999999999794e-01 3.298000000000000150e-03 -4.582160000000000122e-01 8.888409999999999922e-01 6.509999999999999945e-04
1.000000000000000000e+01 1.500000000000000000e+01 8.000000000000000000e+00 0.000000000000000000e+00 1.600000000000000089e+00 8.310000000000000329e-04 1.101300000000000022e-02 -9.999390000000000223e-01 -5.920020000000000282e-01 -8.058819999999999872e-01 -9.367999999999999591e-03 -8.059359999999999857e-01 5.919740000000000002e-01 5.850000000000000165e-03
1.000000000000000000e+00 2.400000000000000000e+01 9.000000000000000000e+00 0.000000000000000000e+00 1.600000000000000089e+00 -1.688000000000000047e-03 -2.184999999999999876e-03 -9.999959999999999960e-01 4.537140000000000062e-01 8.911430000000000184e-01 -2.713000000000000134e-03 8.911459999999999937e-01 -4.537169999999999814e-01 -5.130000000000000011e-04
7.000000000000000000e+00 2.400000000000000000e+01 9.000000000000000000e+00 0.000000000000000000e+00 1.600000000000000089e+00 -8.919999999999999978e-04 -5.550000000000000246e-03 -9.999839999999999840e-01 4.537849999999999939e-01 8.910949999999999704e-01 -5.350999999999999854e-03 8.911109999999999864e-01 -4.537820000000000187e-01 1.722999999999999922e-03
1.300000000000000000e+01 2.400000000000000000e+01 9.000000000000000000e+00 0.000000000000000000e+00 1.600000000000000089e+00 -1.757000000000000098e-03 -8.330999999999999864e-03 -9.999639999999999640e-01 4.546200000000000241e-01 8.906479999999999952e-01 -8.219000000000000611e-03 8.906840000000000312e-01 -4.546180000000000221e-01 2.222000000000000017e-03
1.900000000000000000e+01 2.400000000000000000e+01 9.000000000000000000e+00 0.000000000000000000e+00 1.600000000000000089e+00 -2.240999999999999936e-03 -9.286000000000000851e-03 -9.999540000000000095e-01 4.556479999999999975e-01 8.901109999999999856e-01 -9.287000000000000116e-03 8.901569999999999760e-01 -4.556479999999999975e-01 2.236000000000000140e-03
2.800000000000000000e+01 2.400000000000000000e+01 9.000000000000000000e+00 0.000000000000000000e+00 1.600000000000000089e+00 -4.555000000000000021e-03 -1.088899999999999937e-02 -9.999299999999999855e-01 4.594039999999999790e-01 8.881499999999999950e-01 -1.176499999999999942e-02 8.882160000000000055e-01 -4.594249999999999723e-01 9.569999999999999514e-04
2.700000000000000000e+01 1.040000000000000000e+02 1.100000000000000000e+01 0.000000000000000000e+00 1.600000000000000089e+00 2.797000000000000007e-03 -1.224800000000000021e-02 9.999209999999999487e-01 -9.744230000000000391e-01 -2.247230000000000061e-01 -2.699999999999999899e-05 2.247059999999999891e-01 -9.743460000000000454e-01 -1.256400000000000051e-02
1.300000000000000000e+01 3.100000000000000000e+01 1.200000000000000000e+01 0.000000000000000000e+00 1.600000000000000089e+00 3.829999999999999854e-04 -4.186999999999999750e-03 9.999909999999999632e-01 7.936000000000000346e-03 9.999599999999999600e-01 4.184000000000000219e-03 -9.999679999999999680e-01 7.934000000000000080e-03 4.159999999999999744e-04
2.000000000000000000e+01 3.100000000000000000e+01 1.200000000000000000e+01 0.000000000000000000e+00 1.600000000000000089e+00 1.087000000000000076e-03 -4.199999999999999740e-03 9.999909999999999632e-01 4.677999999999999867e-03 9.999799999999999800e-01 4.194999999999999944e-03 -9.999879999999999880e-01 4.673000000000000070e-03 1.106999999999999911e-03
2.600000000000000000e+01 3.100000000000000000e+01 1.200000000000000000e+01 0.000000000000000000e+00 1.600000000000000089e+00 -5.389999999999999826e-04 -6.151000000000000217e-03 9.999810000000000088e-01 1.981999999999999821e-03 9.999789999999999512e-01 6.152000000000000350e-03 -9.999980000000000535e-01 1.984999999999999785e-03 -5.259999999999999919e-04
8.000000000000000000e+00 3.200000000000000000e+01 1.400000000000000000e+01 0.000000000000000000e+00 1.600000000000000089e+00 7.269999999999999987e-04 2.770000000000000110e-04 -1.000000000000000000e+00 1.009690000000000032e-01 9.948890000000000233e-01 3.490000000000000263e-04 9.948890000000000233e-01 -1.009700000000000042e-01 6.960000000000000041e-04
5.000000000000000000e+00 1.200000000000000000e+01 1.500000000000000000e+01 0.000000000000000000e+00 1.600000000000000089e+00 -3.550000000000000096e-04 3.060999999999999919e-03 -9.999949999999999672e-01 -4.705380000000000118e-01 -8.823760000000000492e-01 -2.533999999999999794e-03 -8.823800000000000532e-01 4.705349999999999810e-01 1.753999999999999917e-03
1.300000000000000000e+01 1.200000000000000000e+01 1.500000000000000000e+01 0.000000000000000000e+00 1.600000000000000089e+00 -9.790000000000000525e-04 2.480000000000000108e-04 -1.000000000000000000e+00 -4.687009999999999788e-01 -8.833569999999999478e-01 2.400000000000000061e-04 -8.833560000000000301e-01 4.687009999999999788e-01 9.810000000000001011e-04
2.300000000000000000e+01 1.200000000000000000e+01 1.500000000000000000e+01 0.000000000000000000e+00 1.600000000000000089e+00 3.499999999999999964e-04 4.970000000000000459e-04 -1.000000000000000000e+00 -4.676669999999999994e-01 -8.839050000000000518e-01 -6.030000000000000204e-04 -8.839050000000000518e-01 4.676669999999999994e-01 -7.700000000000000139e-05
3.000000000000000000e+01 1.200000000000000000e+01 1.500000000000000000e+01 0.000000000000000000e+00 1.600000000000000089e+00 1.237999999999999951e-03 3.740999999999999968e-03 -9.999919999999999920e-01 -4.660190000000000166e-01 -8.847660000000000524e-01 -3.886999999999999830e-03 -8.847739999999999494e-01 4.660210000000000186e-01 6.480000000000000300e-04
9.000000000000000000e+00 1.100000000000000000e+01 1.600000000000000000e+01 0.000000000000000000e+00 1.600000000000000089e+00 -8.610000000000000032e-04 -2.357999999999999853e-03 -9.999970000000000248e-01 -4.166830000000000256e-01 -9.090479999999999672e-01 2.501999999999999884e-03 -9.090519999999999712e-01 4.166839999999999988e-01 -2.000000000000000096e-04
1.200000000000000000e+01 1.100000000000000000e+01 1.600000000000000000e+01 0.000000000000000000e+00 1.600000000000000089e+00 -1.036999999999999944e-03 -5.879999999999999810e-04 -9.999989999999999712e-01 -4.169820000000000193e-01 -9.089139999999999997e-01 9.669999999999999776e-04 -9.089139999999999997e-01 4.169829999999999925e-01 6.970000000000000284e-04
1.600000000000000000e+01 1.100000000000000000e+01 1.600000000000000000e+01 0.000000000000000000e+00 1.600000000000000089e+00 -1.093000000000000005e-03 3.722000000000000048e-03 -9.999919999999999920e-01 -4.185479999999999756e-01 -9.081900000000000528e-01 -2.922999999999999817e-03 -9.081939999999999458e-01 4.185420000000000251e-01 2.550999999999999882e-03
1.400000000000000000e+01 1.160000000000000000e+02 1.600000000000000000e+01 0.000000000000000000e+00 1.600000000000000089e+00 1.559999999999999972e-03 1.887999999999999921e-03 9.999970000000000248e-01 6.942939999999999667e-01 7.196879999999999944e-01 -2.442000000000000160e-03 -7.196900000000000519e-01 6.942949999999999955e-01 -1.879999999999999890e-04
2.700000000000000000e+01 1.160000000000000000e+02 1.600000000000000000e+01 0.000000000000000000e+00 1.600000000000000089e+00 -1.167000000000000069e-03 -9.749999999999999552e-04 9.999989999999999712e-01 7.107769999999999921e-01 7.034150000000000125e-01 1.515000000000000071e-03 -7.034160000000000412e-01 7.107780000000000209e-01 -1.279999999999999942e-04
5.000000000000000000e+00 2.000000000000000000e+00 1.900000000000000000e+01 0.000000000000000000e+00 1.600000000000000089e+00 1.975999999999999892e-03 -2.073000000000000190e-03 -9.999959999999999960e-01 1.885920000000000096e-01 -9.820529999999999538e-01 2.409000000000000117e-03 -9.820529999999999538e-01 -1.885960000000000136e-01 -1.549999999999999946e-03
9.000000000000000000e+00 2.000000000000000000e+00 1.900000000000000000e+01 0.000000000000000000e+00 1.600000000000000089e+00 -1.946999999999999946e-03 9.169999999999999549e-04 -9.999980000000000535e-01 1.862439999999999929e-01 -9.825030000000000152e-01 -1.263999999999999933e-03 -9.825019999999999865e-01 -1.862459999999999949e-01 1.742000000000000059e-03
1.300000000000000000e+01 2.000000000000000000e+00 1.900000000000000000e+01 0.000000000000000000e+00 1.600000000000000089e+00 -3.798999999999999860e-03 7.979999999999999897e-04 -9.999919999999999920e-01 1.835330000000000017e-01 -9.830119999999999969e-01 -1.482000000000000027e-03 -9.830060000000000464e-01 -1.835370000000000057e-01 3.588000000000000043e-03
1.800000000000000000e+01 2.000000000000000000e+00 1.900000000000000000e+01 0.000000000000000000e+00 1.600000000000000089e+00 3.950000000000000061e-04 -7.576000000000000269e-03 -9.999710000000000543e-01 1.791669999999999929e-01 -9.837900000000000533e-01 7.524999999999999571e-03 -9.838189999999999991e-01 -1.791649999999999909e-01 9.690000000000000262e-04
7.000000000000000000e+00 4.000000000000000000e+00 2.000000000000000000e+01 0.000000000000000000e+00 1.600000000000000089e+00 2.154999999999999798e-03 1.279999999999999942e-04 -9.999980000000000535e-01 2.840230000000000254e-01 -9.588170000000000304e-01 4.899999999999999842e-04 -9.588149999999999729e-01 -2.840239999999999987e-01 -2.102999999999999835e-03
1.300000000000000000e+01 4.000000000000000000e+00 2.000000000000000000e+01 0.000000000000000000e+00 1.600000000000000089e+00 -5.786999999999999610e-03 3.246999999999999886e-03 -9.999780000000000335e-01 2.758700000000000041e-01 -9.611830000000000096e-01 -4.717999999999999972e-03 -9.611779999999999768e-01 -2.758909999999999973e-01 4.667000000000000141e-03
1.700000000000000000e+01 4.000000000000000000e+00 2.000000000000000000e+01 0.000000000000000000e+00 1.600000000000000089e+00 -2.272000000000000148e-03 -9.372000000000000122e-03 -9.999529999999999808e-01 2.809940000000000215e-01 -9.596729999999999983e-01 8.356000000000000580e-03 -9.597069999999999768e-01 -2.809619999999999895e-01 4.813999999999999703e-03
2.000000000000000000e+00 1.300000000000000000e+01 2.000000000000000000e+01 0.000000000000000000e+00 1.600000000000000089e+00 -1.190000000000000085e-03 -3.318999999999999902e-03 9.999940000000000495e-01 2.556289999999999951e-01 9.667689999999999895e-01 3.513000000000000064e-03 -9.667740000000000222e-01 2.556320000000000259e-01 -3.020000000000000223e-04
7.000000000000000000e+00 1.300000000000000000e+01 2.000000000000000000e+01 0.000000000000000000e+00 1.600000000000000089e+00 -1.253999999999999906e-03 1.467999999999999904e-03 9.999980000000000535e-01 2.559750000000000081e-01 9.666829999999999590e-01 -1.098999999999999934e-03 -9.666829999999999590e-01 2.559730000000000061e-01 -1.588000000000000002e-03
1.400000000000000000e+01 1.300000000000000000e+01 2.000000000000000000e+01 0.000000000000000000e+00 1.600000000000000089e+00 -4.629999999999999784e-04 -8.100000000000000375e-05 1.000000000000000000e+00 2.526720000000000077e-01 9.675519999999999676e-01 1.959999999999999937e-04 -9.675519999999999676e-01 2.526720000000000077e-01 -4.270000000000000249e-04
2.100000000000000000e+01 1.300000000000000000e+01 2.000000000000000000e+01 0.000000000000000000e+00 1.600000000000000089e+00 -4.739999999999999747e-04 -3.497999999999999807e-03 9.999940000000000495e-01 2.551080000000000014e-01 9.669060000000000432e-01 3.503000000000000037e-03 -9.669130000000000225e-01 2.551080000000000014e-01 4.339999999999999782e-04
2.600000000000000000e+01 1.300000000000000000e+01 2.000000000000000000e+01 0.000000000000000000e+00 1.600000000000000089e+00 -8.249999999999999955e-04 -2.745000000000000044e-03 9.999959999999999960e-01 2.571320000000000272e-01 9.663720000000000088e-01 2.863999999999999792e-03 -9.663760000000000128e-01 2.571339999999999737e-01 -9.100000000000000287e-05
6.000000000000000000e+00 1.600000000000000000e+01 2.100000000000000000e+01 0.000000000000000000e+00 1.600000000000000089e+00 -1.515999999999999986e-03 -1.652999999999999955e-03 9.999970000000000248e-01 2.975160000000000027e-01 9.547149999999999803e-01 2.028999999999999988e-03 -9.547160000000000091e-01 2.975180000000000047e-01 -9.560000000000000355e-04
1.000000000000000000e+01 1.600000000000000000e+01 2.100000000000000000e+01 0.000000000000000000e+00 1.600000000000000089e+00 -1.118999999999999986e-03 4.000000000000000083e-03 9.999909999999999632e-01 2.980240000000000111e-01 9.545519999999999561e-01 -3.484999999999999817e-03 -9.545580000000000176e-01 2.980180000000000051e-01 -2.259999999999999856e-03
1.400000000000000000e+01 1.600000000000000000e+01 2.100000000000000000e+01 0.000000000000000000e+00 1.600000000000000089e+00 -5.890000000000000053e-04 2.148999999999999869e-03 9.999970000000000248e-01 2.966539999999999733e-01 9.549830000000000263e-01 -1.876999999999999979e-03 -9.549849999999999728e-01 2.966520000000000268e-01 -1.199999999999999895e-03
2.200000000000000000e+01 1.600000000000000000e+01 2.100000000000000000e+01 0.000000000000000000e+00 1.600000000000000089e+00 -4.710000000000000102e-04 -5.830000000000000113e-03 9.999829999999999552e-01 2.970200000000000062e-01 9.548539999999999806e-01 5.707000000000000267e-03 -9.548710000000000253e-01 2.970180000000000042e-01 1.281999999999999936e-03
2.600000000000000000e+01 1.600000000000000000e+01 2.100000000000000000e+01 0.000000000000000000e+00 1.600000000000000089e+00 -5.680000000000000370e-04 -4.978999999999999919e-03 9.999869999999999592e-01 2.967230000000000145e-01 9.549509999999999943e-01 4.923000000000000292e-03 -9.549630000000000063e-01 2.967219999999999858e-01 9.349999999999999587e-04
2.900000000000000000e+01 1.600000000000000000e+01 2.100000000000000000e+01 0.000000000000000000e+00 1.600000000000000089e+00 -1.660000000000000017e-03 -2.830000000000000050e-03 9.999949999999999672e-01 2.968879999999999852e-01 9.549069999999999503e-01 3.196000000000000056e-03 -9.549109999999999543e-01 2.968919999999999892e-01 -7.450000000000000025e-04
5.000000000000000000e+00 3.000000000000000000e+00 2.500000000000000000e+01 0.000000000000000000e+00 1.600000000000000089e+00 -1.093999999999999920e-03 -9.829999999999999329e-04 9.999989999999999712e-01 -4.352899999999999825e-02 -9.990520000000000511e-01 -1.030000000000000100e-03 9.990520000000000511e-01 -4.352999999999999925e-02 1.049999999999999935e-03
9.000000000000000000e+00 3.000000000000000000e+00 2.500000000000000000e+01 0.000000000000000000e+00 1.600000000000000089e+00 -3.481999999999999852e-03 1.301000000000000073e-03 9.999930000000000208e-01 -3.786099999999999882e-02 -9.992820000000000036e-01 1.167999999999999984e-03 9.992769999999999708e-01 -3.785600000000000076e-02 3.527999999999999886e-03
1.600000000000000000e+01 3.000000000000000000e+00 2.500000000000000000e+01 0.000000000000000000e+00 1.600000000000000089e+00 2.272000000000000148e-03 3.191999999999999959e-03 9.999919999999999920e-01 -3.919500000000000067e-02 -9.992259999999999476e-01 3.278000000000000098e-03 9.992290000000000338e-01 -3.920200000000000073e-02 -2.145000000000000205e-03
2.600000000000000000e+01 3.000000000000000000e+00 2.500000000000000000e+01 0.000000000000000000e+00 1.600000000000000089e+00 -8.172000000000000444e-03 -9.259999999999999568e-04 9.999660000000000215e-01 -2.953700000000000075e-02 -9.995629999999999793e-01 -1.167000000000000069e-03 9.995300000000000296e-01 -2.954599999999999935e-02 8.141000000000000666e-03
4.000000000000000000e+00 4.600000000000000000e+01 2.700000000000000000e+01 0.000000000000000000e+00 1.600000000000000089e+00 3.122000000000000209e-03 2.553000000000000148e-03 -9.999919999999999920e-01 6.587260000000000337e-01 7.523720000000000407e-01 3.976999999999999633e-03 7.523760000000000447e-01 -6.587330000000000130e-01 6.679999999999999740e-04
1.500000000000000000e+01 4.600000000000000000e+01 2.700000000000000000e+01 0.000000000000000000e+00 1.600000000000000089e+00 2.113999999999999994e-03 1.815999999999999906e-03 -9.999959999999999960e-01 6.629270000000000440e-01 7.486789999999999834e-01 2.760999999999999999e-03 7.486810000000000409e-01 -6.629300000000000193e-01 3.789999999999999966e-04
2.300000000000000000e+01 4.600000000000000000e+01 2.700000000000000000e+01 0.000000000000000000e+00 1.600000000000000089e+00 -2.142999999999999940e-03 -3.041999999999999999e-03 -9.999930000000000208e-01 6.610120000000000440e-01 7.503659999999999775e-01 -3.700000000000000164e-03 7.503720000000000390e-01 -6.610160000000000480e-01 4.029999999999999837e-04
2.800000000000000000e+01 4.600000000000000000e+01 3.000000000000000000e+01 0.000000000000000000e+00 1.600000000000000089e+00 -1.276999999999999923e-03 -7.429999999999999539e-04 -9.999989999999999712e-01 3.237400000000000277e-01 9.461460000000000425e-01 -1.116000000000000021e-03 9.461450000000000138e-01 -3.237410000000000010e-01 -9.680000000000000019e-04
8.000000000000000000e+00 5.800000000000000000e+01 3.100000000000000000e+01 0.000000000000000000e+00 1.600000000000000089e+00 -2.099000000000000171e-03 3.645999999999999935e-03 9.999909999999999632e-01 -7.949460000000000415e-01 -6.066799999999999971e-01 5.439999999999999957e-04 6.066770000000000218e-01 -7.949380000000000335e-01 4.171000000000000228e-03
1.400000000000000000e+01 5.800000000000000000e+01 3.100000000000000000e+01 0.000000000000000000e+00 1.600000000000000089e+00 7.820000000000000345e-04 3.609999999999999928e-04 1.000000000000000000e+00 -7.947560000000000180e-01 -6.069280000000000230e-01 8.400000000000000348e-04 6.069280000000000230e-01 -7.947570000000000467e-01 -1.879999999999999890e-04
1.800000000000000000e+01 5.800000000000000000e+01 3.100000000000000000e+01 0.000000000000000000e+00 1.600000000000000089e+00 1.479999999999999979e-03 5.119999999999999768e-04 9.999989999999999712e-01 -7.951820000000000555e-01 -6.063690000000000468e-01 1.487999999999999956e-03 6.063690000000000468e-01 -7.951829999999999732e-01 -4.899999999999999842e-04
2.400000000000000000e+01 5.800000000000000000e+01 3.100000000000000000e+01 0.000000000000000000e+00 1.600000000000000089e+00 -4.879999999999999898e-04 5.450000000000000200e-04 1.000000000000000000e+00 -7.927969999999999740e-01 -6.094859999999999722e-01 -5.399999999999999798e-05 6.094859999999999722e-01 -7.927959999999999452e-01 7.290000000000000473e-04
1.800000000000000000e+01 6.000000000000000000e+00 3.200000000000000000e+01 0.000000000000000000e+00 1.600000000000000089e+00 -2.199000000000000000e-03 -6.059000000000000150e-03 -9.999789999999999512e-01 1.379019999999999968e-01 9.904260000000000286e-01 -6.304999999999999841e-03 9.904429999999999623e-01 -1.379130000000000078e-01 -1.343000000000000010e-03
2.300000000000000000e+01 6.000000000000000000e+00 3.200000000000000000e+01 0.000000000000000000e+00 1.600000000000000089e+00 -3.693000000000000102e-03 -3.317000000000000070e-03 -9.999879999999999880e-01 1.414100000000000079e-01 9.899440000000000461e-01 -3.805999999999999921e-03 9.899440000000000461e-01 -1.414219999999999922e-01 -3.187000000000000163e-03
3.000000000000000000e+00 4.600000000000000000e+01 3.500000000000000000e+01 0.000000000000000000e+00 1.600000000000000089e+00 -2.959999999999999849e-04 -3.220000000000000206e-04 -1.000000000000000000e+00 3.835109999999999908e-01 -9.235360000000000236e-01 1.840000000000000001e-04 -9.235360000000000236e-01 -3.835109999999999908e-01 3.970000000000000005e-04
9.000000000000000000e+00 4.600000000000000000e+01 3.500000000000000000e+01 0.000000000000000000e+00 1.600000000000000089e+00 1.013000000000000012e-03 -2.480000000000000108e-04 -9.999989999999999712e-01 3.843440000000000190e-01 -9.231899999999999551e-01 6.179999999999999513e-04 -9.231890000000000374e-01 -3.843449999999999922e-01 -8.400000000000000348e-04
1.400000000000000000e+01 4.600000000000000000e+01 3.500000000000000000e+01 0.000000000000000000e+00 1.600000000000000089e+00 -1.310000000000000129e-04 -1.789999999999999870e-04 -1.000000000000000000e+00 3.846229999999999927e-01 -9.230739999999999501e-01 1.150000000000000035e-04 -9.230739999999999501e-01 -3.846229999999999927e-01 1.890000000000000133e-04
2.200000000000000000e+01 4.600000000000000000e+01 3.500000000000000000e+01 0.000000000000000000e+00 1.600000000000000089e+00 -1.077999999999999965e-03 5.450000000000000200e-04 -9.999989999999999712e-01 3.822420000000000262e-01 -9.240620000000000500e-01 -9.150000000000000147e-04 -9.240620000000000500e-01 -3.822420000000000262e-01 7.879999999999999635e-04
2.700000000000000000e+01 4.600000000000000000e+01 3.500000000000000000e+01 0.000000000000000000e+00 1.600000000000000089e+00 1.015000000000000060e-03 -1.190000000000000058e-04 -9.999989999999999712e-01 3.810479999999999978e-01 -9.245550000000000157e-01 4.970000000000000459e-04 -9.245550000000000157e-01 -3.810479999999999978e-01 -8.930000000000000221e-04
1.000000000000000000e+00 9.500000000000000000e+01 3.600000000000000000e+01 0.000000000000000000e+00 1.600000000000000089e+00 -6.290999999999999717e-03 1.047799999999999947e-02 9.999249999999999527e-01 9.971269999999999856e-01 7.554500000000000104e-02 5.481999999999999894e-03 -7.548199999999999354e-02 9.970869999999999456e-01 -1.092300000000000042e-02
6.000000000000000000e+00 9.500000000000000000e+01 3.600000000000000000e+01 0.000000000000000000e+00 1.600000000000000089e+00 1.085599999999999933e-02 1.641099999999999851e-02 9.998059999999999725e-01 9.966599999999999904e-01 8.075899999999999745e-02 -1.214699999999999981e-02 -8.094300000000000106e-02 9.965990000000000126e-01 -1.548000000000000070e-02
1.100000000000000000e+01 9.500000000000000000e+01 3.600000000000000000e+01 0.000000000000000000e+00 1.600000000000000089e+00 1.034099999999999950e-02 5.180999999999999842e-03 9.999329999999999607e-01 9.965159999999999574e-01 8.270399999999999974e-02 -1.073400000000000049e-02 -8.275399999999999423e-02 9.965610000000000301e-01 -4.307000000000000065e-03
1.600000000000000000e+01 9.500000000000000000e+01 3.600000000000000000e+01 0.000000000000000000e+00 1.600000000000000089e+00 2.671000000000000197e-03 1.896799999999999875e-02 9.998169999999999558e-01 9.966599999999999904e-01 8.155199999999999949e-02 -4.209000000000000068e-03 -8.161699999999999511e-02 9.964889999999999581e-01 -1.868699999999999875e-02
2.200000000000000000e+01 9.500000000000000000e+01 3.600000000000000000e+01 0.000000000000000000e+00 1.600000000000000089e+00 -2.944000000000000002e-03 -1.492600000000000003e-02 9.998839999999999950e-01 9.961269999999999847e-01 8.781899999999999429e-02 4.244000000000000376e-03 -8.787200000000000566e-02 9.960250000000000492e-01 1.460999999999999972e-02
2.700000000000000000e+01 9.500000000000000000e+01 3.600000000000000000e+01 0.000000000000000000e+00 1.600000000000000089e+00 -4.495999999999999996e-03 4.119999999999999856e-04 9.999900000000000455e-01 9.957150000000000167e-01 9.237099999999999478e-02 4.438000000000000105e-03 -9.236900000000000666e-02 9.957249999999999712e-01 -8.249999999999999955e-04
4.000000000000000000e+00 3.000000000000000000e+00 4.300000000000000000e+01 0.000000000000000000e+00 1.600000000000000089e+00 4.569000000000000145e-03 2.736999999999999850e-02 -9.996150000000000313e-01 7.404749999999999943e-01 -6.719169999999999865e-01 -1.501300000000000030e-02 -6.720690000000000275e-01 -7.401210000000000289e-01 -2.333700000000000011e-02
1.200000000000000000e+01 3.000000000000000000e+00 4.300000000000000000e+01 0.000000000000000000e+00 1.600000000000000089e+00 -4.194999999999999944e-03 -4.240399999999999725e-02 -9.990919999999999801e-01 7.389219999999999677e-01 -6.733090000000000463e-01 2.547400000000000012e-02 -6.737779999999999880e-01 -7.381440000000000223e-01 3.415800000000000086e-02
1.900000000000000000e+01 3.000000000000000000e+00 4.300000000000000000e+01 0.000000000000000000e+00 1.600000000000000089e+00 -7.506999999999999784e-03 -5.754800000000000193e-02 -9.983140000000000347e-01 7.438730000000000064e-01 -6.675109999999999655e-01 3.288499999999999757e-02 -6.682789999999999564e-01 -7.423729999999999496e-01 4.781900000000000039e-02
2.400000000000000000e+01 3.000000000000000000e+00 4.300000000000000000e+01 0.000000000000000000e+00 1.600000000000000089e+00 -7.995999999999999636e-03 -2.953799999999999829e-02 -9.995319999999999760e-01 7.463750000000000107e-01 -6.653850000000000042e-01 1.369199999999999931e-02 -6.654780000000000140e-01 -7.459160000000000235e-01 2.736699999999999897e-02
2.800000000000000000e+01 3.000000000000000000e+00 4.300000000000000000e+01 0.000000000000000000e+00 1.600000000000000089e+00 -9.357000000000000733e-03 -1.427999999999999929e-02 -9.998540000000000205e-01 7.476329999999999920e-01 -6.641070000000000029e-01 2.488999999999999893e-03 -6.640460000000000251e-01 -7.475009999999999710e-01 1.688999999999999876e-02
4.000000000000000000e+00 8.000000000000000000e+00 4.400000000000000000e+01 0.000000000000000000e+00 1.600000000000000089e+00 2.357999999999999853e-03 1.597399999999999862e-02 9.998700000000000365e-01 -7.815720000000000445e-01 -6.237040000000000362e-01 1.180800000000000079e-02 6.238110000000000044e-01 -7.814980000000000260e-01 1.101399999999999949e-02
2.800000000000000000e+01 8.000000000000000000e+00 4.400000000000000000e+01 0.000000000000000000e+00 1.600000000000000089e+00 -1.900000000000000105e-04 -4.403999999999999929e-03 9.999900000000000455e-01 -7.670829999999999593e-01 -6.415410000000000279e-01 -2.971000000000000116e-03 6.415469999999999784e-01 -7.670759999999999801e-01 -3.256999999999999913e-03
3.000000000000000000e+00 2.900000000000000000e+01 4.400000000000000000e+01 0.000000000000000000e+00 1.600000000000000089e+00 -2.929000000000000180e-03 4.159000000000000370e-03 -9.999869999999999592e-01 6.687290000000000179e-01 7.435049999999999715e-01 1.132999999999999893e-03 7.435000000000000497e-01 -6.687180000000000346e-01 -4.958999999999999866e-03
1.100000000000000000e+01 2.900000000000000000e+01 4.400000000000000000e+01 0.000000000000000000e+00 1.600000000000000089e+00 -5.969999999999999829e-04 2.683000000000000055e-03 -9.999959999999999960e-01 6.612590000000000412e-01 7.501560000000000450e-01 1.616999999999999948e-03 7.501569999999999627e-01 -6.612559999999999549e-01 -2.222000000000000017e-03
1.600000000000000000e+01 2.900000000000000000e+01 4.400000000000000000e+01 0.000000000000000000e+00 1.600000000000000089e+00 9.129999999999999661e-04 2.469999999999999973e-03 -9.999970000000000248e-01 6.561860000000000470e-01 7.545950000000000157e-01 2.462999999999999912e-03 7.545979999999999910e-01 -6.561860000000000470e-01 -9.319999999999999942e-04
2.100000000000000000e+01 2.900000000000000000e+01 4.400000000000000000e+01 0.000000000000000000e+00 1.600000000000000089e+00 1.399999999999999986e-03 -2.053999999999999836e-03 -9.999970000000000248e-01 6.550740000000000451e-01 7.555640000000000134e-01 -6.350000000000000392e-04 7.555629999999999846e-01 -6.550709999999999589e-01 2.403000000000000188e-03
2.400000000000000000e+01 2.900000000000000000e+01 4.400000000000000000e+01 0.000000000000000000e+00 1.600000000000000089e+00 1.394999999999999973e-03 -3.726999999999999844e-03 -9.999919999999999920e-01 6.564980000000000260e-01 7.543260000000000520e-01 -1.895999999999999899e-03 7.543269999999999698e-01 -6.564900000000000180e-01 3.498999999999999940e-03
5.000000000000000000e+00 5.400000000000000000e+01 4.600000000000000000e+01 0.000000000000000000e+00 1.600000000000000089e+00 8.019999999999999785e-04 -9.613999999999999282e-03 9.999529999999999808e-01 3.074790000000000023e-01 -9.515080000000000204e-01 -9.395000000000000573e-03 9.515540000000000109e-01 3.074720000000000231e-01 2.193000000000000071e-03
1.500000000000000000e+01 5.400000000000000000e+01 4.600000000000000000e+01 0.000000000000000000e+00 1.600000000000000089e+00 5.410000000000000312e-04 -9.591999999999999832e-03 9.999540000000000095e-01 3.175060000000000104e-01 -9.482110000000000261e-01 -9.266999999999999196e-03 9.482559999999999878e-01 3.174960000000000004e-01 2.531999999999999963e-03
3.000000000000000000e+00 6.300000000000000000e+01 5.400000000000000000e+01 0.000000000000000000e+00 1.600000000000000089e+00 -5.550000000000000462e-04 1.928999999999999942e-03 9.999980000000000535e-01 -3.650959999999999761e-01 9.309680000000000177e-01 -1.998000000000000210e-03 -9.309699999999999642e-01 -3.650970000000000049e-01 1.879999999999999890e-04
8.000000000000000000e+00 6.300000000000000000e+01 5.400000000000000000e+01 0.000000000000000000e+00 1.600000000000000089e+00 -1.881000000000000076e-03 1.933999999999999955e-03 9.999959999999999960e-01 -3.529999999999999805e-01 9.356200000000000072e-01 -2.472999999999999938e-03 -9.356210000000000360e-01 -3.530039999999999845e-01 -1.077000000000000049e-03
1.200000000000000000e+01 6.300000000000000000e+01 5.400000000000000000e+01 0.000000000000000000e+00 1.600000000000000089e+00 1.800000000000000113e-04 4.318999999999999923e-03 9.999909999999999632e-01 -3.486620000000000275e-01 9.372399999999999620e-01 -3.984999999999999827e-03 -9.372489999999999988e-01 -3.486580000000000235e-01 1.675000000000000057e-03
1.600000000000000000e+01 6.300000000000000000e+01 5.400000000000000000e+01 0.000000000000000000e+00 1.600000000000000089e+00 -2.130000000000000003e-04 4.749999999999999990e-04 1.000000000000000000e+00 -3.477180000000000271e-01 9.375989999999999602e-01 -5.190000000000000386e-04 -9.375989999999999602e-01 -3.477180000000000271e-01 -3.499999999999999693e-05
2.700000000000000000e+01 6.300000000000000000e+01 5.400000000000000000e+01 0.000000000000000000e+00 1.600000000000000089e+00 1.856000000000000011e-03 -1.034999999999999896e-03 9.999980000000000535e-01 -3.576670000000000127e-01 9.338480000000000114e-01 1.629999999999999939e-03 -9.338469999999999827e-01 -3.576699999999999879e-01 1.363000000000000062e-03
4.000000000000000000e+00 2.500000000000000000e+01 5.500000000000000000e+01 0.000000000000000000e+00 1.600000000000000089e+00 1.420000000000000092e-04 1.910000000000000077e-04 -1.000000000000000000e+00 -1.017099999999999949e-02 -9.999479999999999480e-01 -1.920000000000000049e-04 -9.999479999999999480e-01 1.017099999999999949e-02 -1.399999999999999877e-04
7.000000000000000000e+00 2.500000000000000000e+01 5.500000000000000000e+01 0.000000000000000000e+00 1.600000000000000089e+00 -7.100000000000000462e-05 -1.775000000000000102e-03 -9.999980000000000535e-01 -1.025299999999999996e-02 -9.999460000000000015e-01 1.776000000000000018e-03 -9.999470000000000303e-01 1.025299999999999996e-02 5.300000000000000078e-05
1.500000000000000000e+01 2.500000000000000000e+01 5.500000000000000000e+01 0.000000000000000000e+00 1.600000000000000089e+00 4.569999999999999952e-04 -1.510000000000000112e-04 -1.000000000000000000e+00 -1.076200000000000073e-02 -9.999419999999999975e-01 1.469999999999999953e-04 -9.999419999999999975e-01 1.076200000000000073e-02 -4.589999999999999896e-04
2.100000000000000000e+01 2.500000000000000000e+01 5.500000000000000000e+01 0.000000000000000000e+00 1.600000000000000089e+00 1.056999999999999997e-03 -2.018999999999999961e-03 -9.999970000000000248e-01 -1.214900000000000008e-02 -9.999240000000000350e-01 2.005999999999999971e-03 -9.999259999999999815e-01 1.214699999999999981e-02 -1.080999999999999930e-03
2.500000000000000000e+01 2.500000000000000000e+01 5.500000000000000000e+01 0.000000000000000000e+00 1.600000000000000089e+00 5.569999999999999864e-04 2.096000000000000207e-03 -9.999980000000000535e-01 -1.282999999999999939e-02 -9.999149999999999983e-01 -2.102999999999999835e-03 -9.999179999999999735e-01 1.283100000000000039e-02 -5.299999999999999807e-04
5.000000000000000000e+00 6.800000000000000000e+01 5.700000000000000000e+01 0.000000000000000000e+00 1.600000000000000089e+00 1.157000000000000042e-03 1.860000000000000108e-03 -9.999980000000000535e-01 -2.460299999999999987e-01 -9.692600000000000104e-01 -2.086999999999999880e-03 -9.692619999999999569e-01 2.460320000000000007e-01 -6.639999999999999852e-04
7.000000000000000000e+00 2.100000000000000000e+01 6.000000000000000000e+01 0.000000000000000000e+00 1.600000000000000089e+00 -6.099999999999999872e-05 8.408999999999999808e-03 9.999649999999999928e-01 -9.547799999999999343e-02 9.953959999999999475e-01 -8.375999999999999765e-03 -9.954309999999999548e-01 -9.547600000000000531e-02 7.420000000000000380e-04
1.100000000000000000e+01 2.100000000000000000e+01 6.000000000000000000e+01 0.000000000000000000e+00 1.600000000000000089e+00 -8.159999999999999936e-04 2.359999999999999902e-04 1.000000000000000000e+00 -9.449699999999999767e-02 9.955249999999999932e-01 -3.119999999999999944e-04 -9.955249999999999932e-01 -9.449799999999999867e-02 -7.900000000000000121e-04
2.000000000000000000e+01 2.100000000000000000e+01 6.000000000000000000e+01 0.000000000000000000e+00 1.600000000000000089e+00 -9.020000000000000240e-04 -1.276000000000000007e-03 9.999989999999999712e-01 -9.671599999999999642e-02 9.953109999999999458e-01 1.182000000000000108e-03 -9.953119999999999745e-01 -9.671399999999999442e-02 -1.020999999999999989e-03
2.400000000000000000e+01 2.100000000000000000e+01 6.000000000000000000e+01 0.000000000000000000e+00 1.600000000000000089e+00 -2.409999999999999816e-03 -7.236000000000000244e-03 9.999710000000000543e-01 -9.739000000000000434e-02 9.952220000000000510e-01 6.967000000000000103e-03 -9.952429999999999888e-01 -9.736999999999999822e-02 -3.102999999999999856e-03
2.000000000000000000e+01 6.000000000000000000e+00 6.100000000000000000e+01 0.000000000000000000e+00 1.600000000000000089e+00 6.368000000000000396e-03 2.958999999999999825e-03 9.999749999999999472e-01 5.771330000000000071e-01 -8.166489999999999583e-01 -1.258999999999999920e-03 8.166250000000000453e-01 5.771269999999999456e-01 -6.908000000000000078e-03
1.100000000000000000e+01 3.000000000000000000e+00 6.300000000000000000e+01 0.000000000000000000e+00 1.600000000000000089e+00 -6.229999999999999644e-04 -3.359999999999999814e-04 1.000000000000000000e+00 -6.142320000000000002e-01 7.891249999999999654e-01 -1.169999999999999979e-04 -7.891249999999999654e-01 -6.142320000000000002e-01 -6.980000000000000527e-04
1.600000000000000000e+01 3.000000000000000000e+00 6.300000000000000000e+01 0.000000000000000000e+00 1.600000000000000089e+00 -1.012000000000000096e-03 1.136999999999999990e-03 9.999989999999999712e-01 -6.156409999999999938e-01 7.880249999999999755e-01 -1.518999999999999951e-03 -7.880260000000000042e-01 -6.156420000000000226e-01 -9.699999999999999963e-05
2.000000000000000000e+00 2.700000000000000000e+01 6.300000000000000000e+01 0.000000000000000000e+00 1.600000000000000089e+00 1.028999999999999967e-03 2.233000000000000176e-03 9.999970000000000248e-01 -2.763149999999999773e-01 9.610649999999999471e-01 -1.861999999999999940e-03 -9.610670000000000046e-01 -2.763120000000000021e-01 1.606000000000000006e-03
6.000000000000000000e+00 2.700000000000000000e+01 6.300000000000000000e+01 0.000000000000000000e+00 1.600000000000000089e+00 8.180000000000000422e-04 2.879000000000000049e-03 9.999949999999999672e-01 -2.799829999999999819e-01 9.600020000000000220e-01 -2.533999999999999794e-03 -9.600049999999999972e-01 -2.799800000000000066e-01 1.592000000000000099e-03
1.200000000000000000e+01 2.700000000000000000e+01 6.300000000000000000e+01 0.000000000000000000e+00 1.600000000000000089e+00 1.263000000000000017e-03 2.286999999999999970e-03 9.999970000000000248e-01 -2.815739999999999910e-01 9.595380000000000020e-01 -1.838999999999999923e-03 -9.595390000000000308e-01 -2.815699999999999870e-01 1.855000000000000095e-03
1.600000000000000000e+01 2.700000000000000000e+01 6.300000000000000000e+01 0.000000000000000000e+00 1.600000000000000089e+00 -2.339999999999999958e-04 3.419999999999999863e-03 9.999940000000000495e-01 -2.780929999999999791e-01 9.605479999999999574e-01 -3.350000000000000113e-03 -9.605540000000000189e-01 -2.780920000000000059e-01 7.259999999999999743e-04
2.000000000000000000e+01 2.700000000000000000e+01 6.300000000000000000e+01 0.000000000000000000e+00 1.600000000000000089e+00 -2.396000000000000126e-03 -3.518999999999999993e-03 9.999909999999999632e-01 -2.785440000000000138e-01 9.604200000000000514e-01 2.712000000000000001e-03 -9.604200000000000514e-01 -2.785349999999999770e-01 -3.281000000000000062e-03
2.500000000000000000e+01 2.700000000000000000e+01 6.300000000000000000e+01 0.000000000000000000e+00 1.600000000000000089e+00 -1.010000000000000047e-03 -4.152999999999999574e-03 9.999909999999999632e-01 -2.764800000000000035e-01 9.610130000000000061e-01 3.712000000000000022e-03 -9.610189999999999566e-01 -2.764739999999999975e-01 -2.118999999999999790e-03
1.000000000000000000e+00 2.600000000000000000e+01 6.400000000000000000e+01 0.000000000000000000e+00 1.600000000000000089e+00 8.120000000000000048e-04 -3.209999999999999963e-04 1.000000000000000000e+00 -3.621489999999999987e-01 9.321199999999999486e-01 5.929999999999999941e-04 -9.321199999999999486e-01 -3.621489999999999987e-01 6.409999999999999682e-04
