4.000000000000000000e+00 2.500000000000000000e+01 1.000000000000000000e+00 0.000000000000000000e+00 1.600000000000000089e+00 3.236999999999999860e-03 -9.277999999999999789e-03 -9.999519999999999520e-01 -5.349709999999999743e-01 -8.448489999999999611e-01 6.107999999999999714e-03 -8.448639999999999484e-01 5.349249999999999838e-01 -7.697999999999999982e-03
8.000000000000000000e+00 2.500000000000000000e+01 1.000000000000000000e+00 0.000000000000000000e+00 1.600000000000000089e+00 2.952999999999999896e-03 -1.812000000000000026e-03 -9.999940000000000495e-01 -5.371580000000000243e-01 -8.434819999999999540e-01 -5.800000000000000034e-05 -8.434770000000000323e-01 5.371550000000000491e-01 -3.464000000000000065e-03
1.000000000000000000e+01 1.500000000000000000e+01 4.000000000000000000e+00 0.000000000000000000e+00 1.600000000000000089e+00 -1.090000000000000067e-04 1.474899999999999996e-02 9.998909999999999743e-01 2.921940000000000093e-01 -9.562549999999999661e-01 1.413700000000000026e-02 9.563589999999999591e-01 2.921630000000000060e-01 -4.205000000000000404e-03
1.300000000000000000e+01 1.500000000000000000e+01 4.000000000000000000e+00 0.000000000000000000e+00 1.600000000000000089e+00 -1.582999999999999989e-03 1.398100000000000037e-02 9.999010000000000398e-01 2.933749999999999969e-01 -9.558980000000000254e-01 1.383000000000000028e-02 9.559959999999999569e-01 2.933669999999999889e-01 -2.588000000000000023e-03
2.600000000000000000e+01 1.500000000000000000e+01 4.000000000000000000e+00 0.000000000000000000e+00 1.600000000000000089e+00 -3.099999999999999999e-04 4.448999999999999830e-03 9.999900000000000455e-01 2.879349999999999965e-01 -9.576400000000000468e-01 4.348999999999999568e-03 9.576500000000000012e-01 2.879329999999999945e-01 -9.840000000000000656e-04
2.300000000000000000e+01 1.600000000000000000e+01 4.000000000000000000e+00 0.000000000000000000e+00 1.600000000000000089e+00 -5.019000000000000024e-03 -7.410000000000000137e-04 9.999869999999999592e-01 3.550949999999999940e-01 -9.348300000000000498e-01 1.088999999999999907e-03 9.348170000000000091e-01 3.550960000000000227e-01 4.955000000000000203e-03
2.800000000000000000e+01 1.600000000000000000e+01 4.000000000000000000e+00 0.000000000000000000e+00 1.600000000000000089e+00 1.213000000000000102e-03 8.413999999999999604e-03 9.999639999999999640e-01 3.540900000000000158e-01 -9.351819999999999578e-01 7.439000000000000300e-03 9.352110000000000145e-01 3.540679999999999938e-01 -4.113999999999999602e-03
1.100000000000000000e+01 1.010000000000000000e+02 7.000000000000000000e+00 0.000000000000000000e+00 1.600000000000000089e+00 8.850000000000000444e-04 2.406999999999999851e-03 9.999970000000000248e-01 8.834950000000000303e-01 4.684360000000000190e-01 -1.910000000000000022e-03 -4.684389999999999943e-01 8.834940000000000015e-01 -1.711999999999999980e-03
1.700000000000000000e+01 1.010000000000000000e+02 7.000000000000000000e+00 0.000000000000000000e+00 1.600000000000000089e+00 -1.312999999999999931e-03 -1.765000000000000076e-03 9.999980000000000535e-01 8.834910000000000263e-01 4.684440000000000270e-01 1.985999999999999918e-03 -4.684470000000000023e-01 8.834910000000000263e-01 9.439999999999999607e-04
2.400000000000000000e+01 1.010000000000000000e+02 7.000000000000000000e+00 0.000000000000000000e+00 1.600000000000000089e+00 7.969999999999999654e-04 -7.848000000000000809e-03 9.999689999999999968e-01 8.874069999999999458e-01 4.609770000000000256e-01 2.910999999999999959e-03 -4.609849999999999781e-01 8.873769999999999714e-01 7.331999999999999976e-03
2.900000000000000000e+01 1.010000000000000000e+02 7.000000000000000000e+00 0.000000000000000000e+00 1.600000000000000089e+00 7.129999999999999836e-04 2.144599999999999979e-02 9.997700000000000475e-01 8.873410000000000464e-01 4.609949999999999881e-01 -1.052200000000000010e-02 -4.611140000000000239e-01 8.871440000000000436e-01 -1.870099999999999887e-02
1.100000000000000000e+01 1.500000000000000000e+01 8.000000000000000000e+00 0.000000000000000000e+00 1.600000000000000089e+00 4.640000000000000027e-03 1.342499999999999943e-02 -9.998989999999999823e-01 -5.906029999999999891e-01 -8.068480000000000096e-01 -1.357399999999999926e-02 -8.069490000000000274e-01 5.906059999999999643e-01 4.185000000000000352e-03
1.400000000000000000e+01 1.500000000000000000e+01 8.000000000000000000e+00 0.000000000000000000e+00 1.600000000000000089e+00 4.126999999999999592e-03 9.511000000000000357e-03 -9.999460000000000015e-01 -5.885789999999999633e-01 -8.083770000000000122e-01 -1.011800000000000026e-02 -8.084289999999999532e-01 5.885890000000000288e-01 2.262000000000000122e-03
2.000000000000000000e+01 1.500000000000000000e+01 8.000000000000000000e+00 0.000000000000000000e+00 1.600000000000000089e+00 2.912999999999999791e-03 -2.882000000000000013e-03 -9.999919999999999920e-01 -5.875240000000000462e-01 -8.092059999999999809e-01 6.199999999999999999e-04 -8.092009999999999481e-01 5.875169999999999559e-01 -4.050999999999999913e-03
2.600000000000000000e+01 1.500000000000000000e+01 8.000000000000000000e+00 0.000000000000000000e+00 1.600000000000000089e+00 2.328999999999999907e-03 8.122000000000000747e-03 -9.999639999999999640e-01 -5.838379999999999681e-01 -8.118319999999999981e-01 -7.953999999999999265e-03 -8.118670000000000053e-01 5.838349999999999929e-01 2.850999999999999802e-03
2.700000000000000000e+01 2.600000000000000000e+01 8.000000000000000000e+00 0.000000000000000000e+00 1.600000000000000089e+00 -3.765000000000000117e-03 -1.519999999999999997e-02 -9.998770000000000158e-01 4.074030000000000151e-01 9.131190000000000140e-01 -1.541499999999999988e-02 9.132409999999999695e-01 -4.074110000000000231e-01 2.753999999999999938e-03
8.000000000000000000e+00 2.400000000000000000e+01 9.000000000000000000e+00 0.000000000000000000e+00 1.600000000000000089e+00 -3.655999999999999962e-03 -7.030999999999999923e-03 -9.999689999999999968e-01 4.598539999999999850e-01 8.879590000000000538e-01 -7.924999999999999753e-03 8.879869999999999708e-01 -4.598679999999999990e-01 -1.299999999999999920e-05
1.800000000000000000e+01 2.400000000000000000e+01 9.000000000000000000e+00 0.000000000000000000e+00 1.600000000000000089e+00 -1.641000000000000097e-03 1.090000000000000040e-03 -9.999980000000000535e-01 4.597550000000000248e-01 8.880460000000000020e-01 2.130000000000000003e-04 8.880439999999999445e-01 -4.597530000000000228e-01 -1.958000000000000105e-03
2.100000000000000000e+01 2.400000000000000000e+01 9.000000000000000000e+00 0.000000000000000000e+00 1.600000000000000089e+00 -2.217999999999999920e-03 -3.131000000000000102e-03 -9.999930000000000208e-01 4.594840000000000035e-01 8.881780000000000230e-01 -3.799999999999999992e-03 8.881829999999999448e-01 -4.594889999999999808e-01 -5.310000000000000050e-04
2.600000000000000000e+01 2.400000000000000000e+01 9.000000000000000000e+00 0.000000000000000000e+00 1.600000000000000089e+00 -4.147999999999999778e-03 -1.709099999999999855e-02 -9.998449999999999838e-01 4.588389999999999969e-01 8.883550000000000058e-01 -1.708900000000000002e-02 8.885100000000000220e-01 -4.588389999999999969e-01 4.157000000000000105e-03
7.000000000000000000e+00 1.040000000000000000e+02 1.100000000000000000e+01 0.000000000000000000e+00 1.600000000000000089e+00 2.162999999999999992e-03 -1.079399999999999978e-02 9.999390000000000223e-01 -9.747120000000000228e-01 -2.234669999999999990e-01 -3.040000000000000167e-04 2.234559999999999880e-01 -9.746519999999999628e-01 -1.100399999999999989e-02
6.000000000000000000e+00 3.100000000000000000e+01 1.200000000000000000e+01 0.000000000000000000e+00 1.600000000000000089e+00 -5.240000000000000517e-04 -6.133000000000000430e-03 9.999810000000000088e-01 1.799000000000000035e-03 9.999799999999999800e-01 6.133999999999999696e-03 -9.999980000000000535e-01 1.801999999999999999e-03 -5.130000000000000011e-04
3.000000000000000000e+01 3.100000000000000000e+01 1.200000000000000000e+01 0.000000000000000000e+00 1.600000000000000089e+00 -1.874000000000000015e-03 -6.851000000000000319e-03 9.999749999999999472e-01 -2.308100000000000082e-02 9.997099999999999875e-01 6.806000000000000417e-03 -9.997319999999999540e-01 -2.306800000000000170e-02 -2.030999999999999819e-03
2.300000000000000000e+01 3.200000000000000000e+01 1.400000000000000000e+01 0.000000000000000000e+00 1.600000000000000089e+00 -2.432999999999999833e-03 -4.928000000000000089e-03 -9.999850000000000128e-01 1.121729999999999949e-01 9.936749999999999750e-01 -5.170000000000000116e-03 9.936859999999999582e-01 -1.121840000000000059e-01 -1.863999999999999988e-03
3.000000000000000000e+00 1.200000000000000000e+01 1.500000000000000000e+01 0.000000000000000000e+00 1.600000000000000089e+00 -2.110000000000000059e-04 1.412999999999999977e-03 -9.999989999999999712e-01 -4.661989999999999745e-01 -8.846789999999999932e-01 -1.152000000000000029e-03 -8.846800000000000219e-01 4.661980000000000013e-01 8.450000000000000479e-04
1.200000000000000000e+01 1.200000000000000000e+01 1.500000000000000000e+01 0.000000000000000000e+00 1.600000000000000089e+00 1.918000000000000000e-03 2.285999999999999838e-03 -9.999959999999999960e-01 -4.675079999999999791e-01 -8.839839999999999920e-01 -2.918000000000000021e-03 -8.839869999999999672e-01 4.675119999999999831e-01 -6.260000000000000373e-04
2.000000000000000000e+01 1.200000000000000000e+01 1.500000000000000000e+01 0.000000000000000000e+00 1.600000000000000089e+00 2.950000000000000148e-04 -1.634999999999999952e-03 -9.999989999999999712e-01 -4.688610000000000277e-01 -8.832710000000000283e-01 1.306000000000000086e-03 -8.832719999999999461e-01 4.688599999999999990e-01 -1.026999999999999918e-03
2.400000000000000000e+01 1.200000000000000000e+01 1.500000000000000000e+01 0.000000000000000000e+00 1.600000000000000089e+00 3.310000000000000225e-04 -1.949999999999999965e-04 -1.000000000000000000e+00 -4.678720000000000101e-01 -8.837960000000000260e-01 1.800000000000000046e-05 -8.837960000000000260e-01 4.678720000000000101e-01 -3.840000000000000097e-04
2.000000000000000000e+01 1.100000000000000000e+01 1.600000000000000000e+01 0.000000000000000000e+00 1.600000000000000089e+00 -1.259999999999999998e-04 -3.460000000000000076e-04 -1.000000000000000000e+00 -4.212310000000000221e-01 -9.069530000000000092e-01 3.669999999999999760e-04 -9.069530000000000092e-01 4.212310000000000221e-01 -3.199999999999999855e-05
2.400000000000000000e+01 1.100000000000000000e+01 1.600000000000000000e+01 0.000000000000000000e+00 1.600000000000000089e+00 8.399999999999999535e-05 3.879999999999999985e-04 -1.000000000000000000e+00 -4.202739999999999809e-01 -9.073970000000000091e-01 -3.869999999999999742e-04 -9.073970000000000091e-01 4.202739999999999809e-01 8.700000000000000051e-05
2.700000000000000000e+01 1.100000000000000000e+01 1.600000000000000000e+01 0.000000000000000000e+00 1.600000000000000089e+00 1.430999999999999980e-03 -4.749999999999999990e-04 -9.999989999999999712e-01 -4.179410000000000069e-01 -9.084740000000000038e-01 -1.659999999999999963e-04 -9.084729999999999750e-01 4.179410000000000069e-01 -1.498999999999999898e-03
7.000000000000000000e+00 1.160000000000000000e+02 1.600000000000000000e+01 0.000000000000000000e+00 1.600000000000000089e+00 -1.644000000000000062e-03 -1.090999999999999956e-03 9.999980000000000535e-01 7.041009999999999769e-01 7.100980000000000070e-01 1.931999999999999907e-03 -7.100980000000000070e-01 7.041020000000000056e-01 -3.989999999999999949e-04
1.200000000000000000e+01 1.160000000000000000e+02 1.600000000000000000e+01 0.000000000000000000e+00 1.600000000000000089e+00 4.760000000000000234e-04 -2.229999999999999994e-04 1.000000000000000000e+00 7.087689999999999824e-01 7.054409999999999847e-01 -1.800000000000000113e-04 -7.054399999999999560e-01 7.087689999999999824e-01 4.939999999999999730e-04
1.700000000000000000e+01 1.160000000000000000e+02 1.600000000000000000e+01 0.000000000000000000e+00 1.600000000000000089e+00 1.770000000000000089e-03 6.710000000000000469e-04 9.999980000000000535e-01 7.036299999999999777e-01 7.105650000000000022e-01 -1.722999999999999922e-03 -7.105650000000000022e-01 7.036320000000000352e-01 7.860000000000000233e-04
2.100000000000000000e+01 1.160000000000000000e+02 1.600000000000000000e+01 0.000000000000000000e+00 1.600000000000000089e+00 -1.716000000000000077e-03 -1.879000000000000028e-03 9.999970000000000248e-01 6.967820000000000125e-01 7.172779999999999712e-01 2.543000000000000121e-03 -7.172809999999999464e-01 6.967839999999999590e-01 7.799999999999999859e-05
1.500000000000000000e+01 2.000000000000000000e+00 1.900000000000000000e+01 0.000000000000000000e+00 1.600000000000000089e+00 6.930000000000000396e-04 -4.976000000000000388e-03 -9.999869999999999592e-01 1.841170000000000029e-01 -9.828919999999999879e-01 5.017999999999999891e-03 -9.829039999999999999e-01 -1.841180000000000039e-01 2.349999999999999930e-04
1.900000000000000000e+01 2.000000000000000000e+00 1.900000000000000000e+01 0.000000000000000000e+00 1.600000000000000089e+00 -1.815999999999999906e-03 4.291999999999999808e-03 -9.999890000000000168e-01 1.798790000000000111e-01 -9.836780000000000523e-01 -4.547999999999999959e-03 -9.836869999999999781e-01 -1.798849999999999894e-01 1.013999999999999927e-03
2.300000000000000000e+01 2.000000000000000000e+00 1.900000000000000000e+01 0.000000000000000000e+00 1.600000000000000089e+00 -2.918000000000000021e-03 4.336999999999999710e-03 -9.999860000000000415e-01 1.735569999999999891e-01 -9.848120000000000207e-01 -4.776999999999999996e-03 -9.848190000000000000e-01 -1.735690000000000011e-01 2.121000000000000055e-03
2.900000000000000000e+01 2.000000000000000000e+00 1.900000000000000000e+01 0.000000000000000000e+00 1.600000000000000089e+00 -2.187999999999999841e-03 5.316000000000000413e-03 -9.999829999999999552e-01 1.732210000000000139e-01 -9.848670000000000480e-01 -5.615000000000000199e-03 -9.848810000000000064e-01 -1.732299999999999951e-01 1.234000000000000071e-03
1.800000000000000000e+01 4.000000000000000000e+00 2.000000000000000000e+01 0.000000000000000000e+00 1.600000000000000089e+00 -1.505000000000000044e-03 -2.759999999999999867e-04 -9.999989999999999712e-01 2.731669999999999932e-01 -9.619670000000000165e-01 -1.459999999999999981e-04 -9.619649999999999590e-01 -2.731669999999999932e-01 1.523000000000000048e-03
2.200000000000000000e+01 4.000000000000000000e+00 2.000000000000000000e+01 0.000000000000000000e+00 1.600000000000000089e+00 -2.952999999999999896e-03 4.645999999999999956e-03 -9.999850000000000128e-01 2.615410000000000235e-01 -9.651779999999999804e-01 -5.256000000000000255e-03 -9.651880000000000459e-01 -2.615529999999999800e-01 1.634999999999999952e-03
2.600000000000000000e+01 4.000000000000000000e+00 2.000000000000000000e+01 0.000000000000000000e+00 1.600000000000000089e+00 5.360000000000000181e-04 -8.500000000000000611e-05 -1.000000000000000000e+00 2.518779999999999908e-01 -9.677590000000000359e-01 2.169999999999999891e-04 -9.677590000000000359e-01 -2.518779999999999908e-01 -4.970000000000000459e-04
6.000000000000000000e+00 1.300000000000000000e+01 2.000000000000000000e+01 0.000000000000000000e+00 1.600000000000000089e+00 -7.050000000000000060e-04 -2.785999999999999848e-03 9.999959999999999960e-01 2.572180000000000022e-01 9.663490000000000135e-01 2.873000000000000120e-03 -9.663530000000000175e-01 2.572189999999999754e-01 3.600000000000000091e-05
1.200000000000000000e+01 1.300000000000000000e+01 2.000000000000000000e+01 0.000000000000000000e+00 1.600000000000000089e+00 7.159999999999999481e-04 2.680000000000000090e-04 1.000000000000000000e+00 2.572519999999999807e-01 9.663439999999999808e-01 -4.429999999999999802e-04 -9.663439999999999808e-01 2.572530000000000094e-01 6.229999999999999644e-04
1.600000000000000000e+01 1.300000000000000000e+01 2.000000000000000000e+01 0.000000000000000000e+00 1.600000000000000089e+00 8.329999999999999731e-04 1.279999999999999942e-04 1.000000000000000000e+00 2.544790000000000108e-01 9.670779999999999932e-01 -3.359999999999999814e-04 -9.670779999999999932e-01 2.544799999999999840e-01 7.730000000000000326e-04
1.900000000000000000e+01 1.300000000000000000e+01 2.000000000000000000e+01 0.000000000000000000e+00 1.600000000000000089e+00 -2.400000000000000061e-05 -1.255000000000000039e-03 9.999989999999999712e-01 2.524609999999999910e-01 9.676059999999999661e-01 1.219999999999999947e-03 -9.676069999999999949e-01 2.524609999999999910e-01 2.930000000000000204e-04
2.300000000000000000e+01 1.300000000000000000e+01 2.000000000000000000e+01 0.000000000000000000e+00 1.600000000000000089e+00 -2.000000000000000096e-04 -1.830999999999999945e-03 9.999980000000000535e-01 2.531120000000000037e-01 9.674350000000000449e-01 1.822000000000000052e-03 -9.674369999999999914e-01 2.531120000000000037e-01 2.700000000000000035e-04
2.700000000000000000e+01 1.300000000000000000e+01 2.000000000000000000e+01 0.000000000000000000e+00 1.600000000000000089e+00 -1.779999999999999898e-04 -2.536000000000000060e-03 9.999970000000000248e-01 2.535180000000000211e-01 9.673270000000000479e-01 2.497999999999999787e-03 -9.673310000000000519e-01 2.535180000000000211e-01 4.710000000000000102e-04
2.900000000000000000e+01 1.300000000000000000e+01 2.000000000000000000e+01 0.000000000000000000e+00 1.600000000000000089e+00 3.800000000000000209e-04 -1.180000000000000059e-03 9.999989999999999712e-01 2.529219999999999802e-01 9.674859999999999571e-01 1.046000000000000055e-03 -9.674869999999999859e-01 2.529210000000000069e-01 6.660000000000000338e-04
2.000000000000000000e+00 1.600000000000000000e+01 2.100000000000000000e+01 0.000000000000000000e+00 1.600000000000000089e+00 -1.430000000000000064e-03 -9.388999999999999777e-03 9.999550000000000383e-01 2.966090000000000115e-01 9.549530000000000518e-01 9.391000000000000042e-03 -9.549980000000000135e-01 2.966090000000000115e-01 1.418999999999999906e-03
6.000000000000000000e+00 1.600000000000000000e+01 2.100000000000000000e+01 0.000000000000000000e+00 1.600000000000000089e+00 -4.200000000000000174e-04 -4.336999999999999710e-03 9.999909999999999632e-01 2.968169999999999975e-01 9.549250000000000238e-01 4.265999999999999827e-03 -9.549339999999999495e-01 2.968160000000000243e-01 8.859999999999999603e-04
9.000000000000000000e+00 1.600000000000000000e+01 2.100000000000000000e+01 0.000000000000000000e+00 1.600000000000000089e+00 -1.610000000000000103e-04 3.170000000000000075e-04 1.000000000000000000e+00 2.974180000000000157e-01 9.547470000000000123e-01 -2.550000000000000183e-04 -9.547470000000000123e-01 2.974180000000000157e-01 -2.480000000000000108e-04
1.500000000000000000e+01 1.600000000000000000e+01 2.100000000000000000e+01 0.000000000000000000e+00 1.600000000000000089e+00 5.379999999999999583e-04 4.473000000000000413e-03 9.999900000000000455e-01 2.987319999999999975e-01 9.543270000000000364e-01 -4.428999999999999777e-03 -9.543369999999999909e-01 2.987310000000000243e-01 -8.220000000000000310e-04
2.400000000000000000e+01 1.600000000000000000e+01 2.100000000000000000e+01 0.000000000000000000e+00 1.600000000000000089e+00 4.609999999999999840e-04 7.429999999999999539e-04 1.000000000000000000e+00 3.002969999999999806e-01 9.538459999999999717e-01 -8.469999999999999881e-04 -9.538459999999999717e-01 3.002969999999999806e-01 2.169999999999999891e-04
3.000000000000000000e+01 1.600000000000000000e+01 2.100000000000000000e+01 0.000000000000000000e+00 1.600000000000000089e+00 7.799999999999999859e-05 2.680000000000000090e-03 9.999959999999999960e-01 2.995650000000000257e-01 9.540720000000000312e-01 -2.579999999999999828e-03 -9.540760000000000352e-01 2.995639999999999969e-01 -7.280000000000000230e-04
6.000000000000000000e+00 3.000000000000000000e+00 2.500000000000000000e+01 0.000000000000000000e+00 1.600000000000000089e+00 -7.835999999999999216e-03 1.210000000000000002e-04 9.999689999999999968e-01 -2.961000000000000090e-02 -9.995610000000000328e-01 -1.110000000000000011e-04 9.995309999999999473e-01 -2.961000000000000090e-02 7.835999999999999216e-03
1.500000000000000000e+01 3.000000000000000000e+00 2.500000000000000000e+01 0.000000000000000000e+00 1.600000000000000089e+00 -2.039999999999999984e-04 1.463000000000000108e-03 9.999989999999999712e-01 -2.563500000000000154e-02 -9.996699999999999475e-01 1.456999999999999962e-03 9.996709999999999763e-01 -2.563500000000000154e-02 2.410000000000000033e-04
1.800000000000000000e+01 3.000000000000000000e+00 2.500000000000000000e+01 0.000000000000000000e+00 1.600000000000000089e+00 1.711999999999999980e-03 5.998999999999999992e-03 9.999810000000000088e-01 -2.154500000000000165e-02 -9.997500000000000275e-01 6.035000000000000434e-03 9.997660000000000435e-01 -2.155500000000000124e-02 -1.582999999999999989e-03
3.000000000000000000e+00 4.600000000000000000e+01 2.700000000000000000e+01 0.000000000000000000e+00 1.600000000000000089e+00 -3.797000000000000028e-03 -2.599000000000000182e-03 -9.999890000000000168e-01 6.574370000000000491e-01 7.534960000000000546e-01 -4.453999999999999626e-03 7.534999999999999476e-01 -6.574470000000000036e-01 -1.152000000000000029e-03
1.200000000000000000e+01 4.600000000000000000e+01 2.700000000000000000e+01 0.000000000000000000e+00 1.600000000000000089e+00 -5.540000000000000219e-04 1.910000000000000077e-04 -1.000000000000000000e+00 6.649810000000000443e-01 7.468609999999999971e-01 -2.259999999999999910e-04 7.468599999999999683e-01 -6.649810000000000443e-01 -5.400000000000000069e-04
1.700000000000000000e+01 4.600000000000000000e+01 2.700000000000000000e+01 0.000000000000000000e+00 1.600000000000000089e+00 1.804000000000000048e-03 3.020000000000000223e-04 -9.999980000000000535e-01 6.631359999999999477e-01 7.484969999999999679e-01 1.423000000000000003e-03 7.484960000000000502e-01 -6.631380000000000052e-01 1.149999999999999981e-03
2.500000000000000000e+01 4.600000000000000000e+01 2.700000000000000000e+01 0.000000000000000000e+00 1.600000000000000089e+00 -1.485999999999999908e-03 -3.910000000000000172e-04 -9.999989999999999712e-01 6.628779999999999673e-01 7.487260000000000026e-01 -1.278000000000000056e-03 7.487260000000000026e-01 -6.628789999999999960e-01 -8.540000000000000499e-04
4.000000000000000000e+00 5.800000000000000000e+01 3.100000000000000000e+01 0.000000000000000000e+00 1.600000000000000089e+00 -4.640000000000000027e-04 5.490000000000000088e-04 1.000000000000000000e+00 -7.909929999999999461e-01 -6.118259999999999810e-01 -3.100000000000000135e-05 6.118259999999999810e-01 -7.909920000000000284e-01 7.179999999999999967e-04
1.100000000000000000e+01 5.800000000000000000e+01 3.100000000000000000e+01 0.000000000000000000e+00 1.600000000000000089e+00 4.939999999999999730e-04 -4.186999999999999750e-03 9.999909999999999632e-01 -7.912700000000000289e-01 -6.114629999999999788e-01 -2.168999999999999921e-03 6.114669999999999828e-01 -7.912620000000000209e-01 -3.615999999999999857e-03
1.800000000000000000e+01 5.800000000000000000e+01 3.100000000000000000e+01 0.000000000000000000e+00 1.600000000000000089e+00 6.774999999999999772e-03 1.136999999999999990e-03 9.999759999999999760e-01 -7.841730000000000089e-01 -6.205129999999999812e-01 6.019000000000000045e-03 6.205060000000000020e-01 -7.841949999999999754e-01 -3.311999999999999840e-03
2.600000000000000000e+01 5.800000000000000000e+01 3.100000000000000000e+01 0.000000000000000000e+00 1.600000000000000089e+00 1.453000000000000081e-03 2.935999999999999808e-03 9.999949999999999672e-01 -7.747810000000000530e-01 -6.322219999999999507e-01 2.981999999999999842e-03 6.322280000000000122e-01 -7.747810000000000530e-01 1.356000000000000000e-03
1.000000000000000000e+00 6.000000000000000000e+00 3.200000000000000000e+01 0.000000000000000000e+00 1.600000000000000089e+00 -6.132000000000000298e-03 -4.710000000000000102e-04 -9.999810000000000088e-01 1.393620000000000136e-01 9.902410000000000379e-01 -1.320999999999999909e-03 9.902229999999999643e-01 -1.393669999999999909e-01 -6.007000000000000187e-03
3.000000000000000000e+00 6.000000000000000000e+00 3.200000000000000000e+01 0.000000000000000000e+00 1.600000000000000089e+00 -4.196000000000000077e-03 -2.175999999999999983e-03 -9.999890000000000168e-01 1.391900000000000082e-01 9.902619999999999756e-01 -2.739000000000000115e-03 9.902570000000000539e-01 -1.391999999999999904e-01 -3.853000000000000088e-03
1.800000000000000000e+01 6.000000000000000000e+00 3.200000000000000000e+01 0.000000000000000000e+00 1.600000000000000089e+00 -2.779999999999999811e-04 -5.512999999999999672e-03 -9.999850000000000128e-01 1.547169999999999934e-01 9.879440000000000444e-01 -5.490000000000000088e-03 9.879590000000000316e-01 -1.547159999999999924e-01 5.789999999999999791e-04
2.000000000000000000e+00 4.600000000000000000e+01 3.500000000000000000e+01 0.000000000000000000e+00 1.600000000000000089e+00 1.000000000000000082e-05 1.043000000000000090e-03 -9.999989999999999712e-01 3.808279999999999998e-01 -9.246450000000000502e-01 -9.600000000000000243e-04 -9.246459999999999679e-01 -3.808279999999999998e-01 -4.070000000000000267e-04
7.000000000000000000e+00 4.600000000000000000e+01 3.500000000000000000e+01 0.000000000000000000e+00 1.600000000000000089e+00 3.420000000000000188e-04 1.180999999999999975e-03 -9.999989999999999712e-01 3.820509999999999740e-01 -9.241409999999999902e-01 -9.600000000000000243e-04 -9.241409999999999902e-01 -3.820509999999999740e-01 -7.669999999999999951e-04
1.200000000000000000e+01 4.600000000000000000e+01 3.500000000000000000e+01 0.000000000000000000e+00 1.600000000000000089e+00 -1.381999999999999982e-03 4.707000000000000246e-03 -9.999879999999999880e-01 3.836289999999999978e-01 -9.234740000000000171e-01 -4.877000000000000259e-03 -9.234860000000000291e-01 -3.836309999999999998e-01 -5.299999999999999807e-04
1.600000000000000000e+01 4.600000000000000000e+01 3.500000000000000000e+01 0.000000000000000000e+00 1.600000000000000089e+00 1.242999999999999964e-03 3.789999999999999966e-04 -9.999989999999999712e-01 3.857349999999999945e-01 -9.226100000000000412e-01 1.299999999999999886e-04 -9.226090000000000124e-01 -3.857349999999999945e-01 -1.293000000000000095e-03
1.900000000000000000e+01 4.600000000000000000e+01 3.500000000000000000e+01 0.000000000000000000e+00 1.600000000000000089e+00 -9.089999999999999773e-04 -2.282999999999999873e-03 -9.999970000000000248e-01 3.863929999999999865e-01 -9.223329999999999584e-01 1.755000000000000050e-03 -9.223339999999999872e-01 -3.863900000000000112e-01 1.719999999999999958e-03
2.300000000000000000e+01 4.600000000000000000e+01 3.500000000000000000e+01 0.000000000000000000e+00 1.600000000000000089e+00 -1.531000000000000026e-03 3.179999999999999776e-04 -9.999989999999999712e-01 3.858539999999999748e-01 -9.225590000000000179e-01 -8.840000000000000201e-04 -9.225579999999999892e-01 -3.858550000000000035e-01 1.289999999999999914e-03
2.900000000000000000e+01 4.600000000000000000e+01 3.500000000000000000e+01 0.000000000000000000e+00 1.600000000000000089e+00 4.719999999999999803e-04 -2.603999999999999978e-03 -9.999959999999999960e-01 3.855950000000000211e-01 -9.226649999999999574e-01 2.585000000000000058e-03 -9.226680000000000437e-01 -3.855950000000000211e-01 5.689999999999999529e-04
2.000000000000000000e+00 9.500000000000000000e+01 3.600000000000000000e+01 0.000000000000000000e+00 1.600000000000000089e+00 -3.952999999999999917e-03 -2.179000000000000034e-02 9.997549999999999493e-01 9.961259999999999559e-01 8.774700000000000555e-02 5.851000000000000298e-03 -8.785300000000000054e-02 9.959040000000000115e-01 2.135899999999999951e-02
7.000000000000000000e+00 9.500000000000000000e+01 3.600000000000000000e+01 0.000000000000000000e+00 1.600000000000000089e+00 -4.504000000000000191e-03 -8.670000000000000406e-04 9.999890000000000168e-01 9.957850000000000312e-01 9.160000000000000087e-02 4.564999999999999614e-03 -9.160300000000000387e-02 9.957960000000000145e-01 4.510000000000000120e-04
1.100000000000000000e+01 9.500000000000000000e+01 3.600000000000000000e+01 0.000000000000000000e+00 1.600000000000000089e+00 -1.093999999999999920e-03 -9.569999999999999514e-04 9.999989999999999712e-01 9.959770000000000012e-01 8.960500000000000409e-02 1.175999999999999962e-03 -8.960600000000000509e-02 9.959770000000000012e-01 8.549999999999999658e-04
1.700000000000000000e+01 9.500000000000000000e+01 3.600000000000000000e+01 0.000000000000000000e+00 1.600000000000000089e+00 1.268999999999999946e-03 1.896000000000000116e-02 9.998190000000000133e-01 9.966110000000000246e-01 8.220600000000000129e-02 -2.824000000000000121e-03 -8.224399999999999766e-02 9.964349999999999596e-01 -1.879099999999999868e-02
2.300000000000000000e+01 9.500000000000000000e+01 3.600000000000000000e+01 0.000000000000000000e+00 1.600000000000000089e+00 3.997999999999999818e-03 -5.359000000000000048e-03 9.999780000000000335e-01 9.970620000000000038e-01 7.650999999999999468e-02 -3.576000000000000185e-03 -7.648900000000000143e-02 9.970539999999999958e-01 5.649000000000000375e-03
3.000000000000000000e+01 9.500000000000000000e+01 3.600000000000000000e+01 0.000000000000000000e+00 1.600000000000000089e+00 -4.879999999999999898e-04 -4.728000000000000431e-03 9.999890000000000168e-01 9.968069999999999986e-01 7.984199999999999631e-02 8.639999999999999677e-04 -7.984499999999999931e-02 9.967960000000000154e-01 4.674000000000000203e-03
4.000000000000000000e+00 3.000000000000000000e+00 4.300000000000000000e+01 0.000000000000000000e+00 1.600000000000000089e+00 -5.955000000000000224e-03 -2.191600000000000145e-02 -9.997420000000000195e-01 7.464300000000000379e-01 -6.653869999999999507e-01 1.013999999999999971e-02 -6.654369999999999452e-01 -7.461769999999999792e-01 2.032099999999999879e-02
8.000000000000000000e+00 3.000000000000000000e+00 4.300000000000000000e+01 0.000000000000000000e+00 1.600000000000000089e+00 -5.656999999999999702e-03 -5.782999999999999946e-03 -9.999670000000000503e-01 7.469080000000000163e-01 -6.649270000000000458e-01 -3.800000000000000209e-04 -6.649030000000000218e-01 -7.468860000000000499e-01 8.080999999999999642e-03
1.500000000000000000e+01 3.000000000000000000e+00 4.300000000000000000e+01 0.000000000000000000e+00 1.600000000000000089e+00 2.900000000000000017e-04 2.286900000000000044e-02 -9.997380000000000155e-01 7.424770000000000536e-01 -6.697009999999999907e-01 -1.510399999999999937e-02 -6.698709999999999942e-01 -7.422790000000000221e-01 -1.717399999999999829e-02
2.300000000000000000e+01 3.000000000000000000e+00 4.300000000000000000e+01 0.000000000000000000e+00 1.600000000000000089e+00 9.000000000000000567e-05 1.410800000000000075e-02 -9.999000000000000110e-01 7.397080000000000322e-01 -6.728619999999999601e-01 -9.426999999999999616e-03 -6.729279999999999706e-01 -7.396329999999999849e-01 -1.049600000000000012e-02
3.000000000000000000e+01 3.000000000000000000e+00 4.300000000000000000e+01 0.000000000000000000e+00 1.600000000000000089e+00 6.377999999999999989e-03 6.346000000000000078e-03 -9.999599999999999600e-01 7.390550000000000175e-01 -6.736440000000000206e-01 4.389999999999999914e-04 -6.736140000000000461e-01 -7.390280000000000182e-01 -8.987000000000000197e-03
8.000000000000000000e+00 8.000000000000000000e+00 4.400000000000000000e+01 0.000000000000000000e+00 1.600000000000000089e+00 3.130000000000000187e-04 -2.018999999999999961e-03 9.999980000000000535e-01 -7.687749999999999861e-01 -6.395189999999999486e-01 -1.051000000000000068e-03 6.395199999999999774e-01 -7.687730000000000397e-01 -1.752000000000000085e-03
1.200000000000000000e+01 8.000000000000000000e+00 4.400000000000000000e+01 0.000000000000000000e+00 1.600000000000000089e+00 3.579000000000000150e-03 5.582000000000000156e-03 9.999780000000000335e-01 -7.694900000000000073e-01 -6.386279999999999735e-01 6.318999999999999964e-03 6.386490000000000222e-01 -7.694950000000000401e-01 2.008999999999999935e-03
2.000000000000000000e+01 8.000000000000000000e+00 4.400000000000000000e+01 0.000000000000000000e+00 1.600000000000000089e+00 4.275000000000000154e-03 1.484700000000000082e-02 9.998810000000000198e-01 -7.747939999999999827e-01 -6.320869999999999544e-01 1.269799999999999922e-02 6.321999999999999842e-01 -7.747549999999999715e-01 8.800999999999999795e-03
2.700000000000000000e+01 8.000000000000000000e+00 4.400000000000000000e+01 0.000000000000000000e+00 1.600000000000000089e+00 9.000000000000000228e-06 4.570000000000000277e-03 9.999900000000000455e-01 -7.774039999999999839e-01 -6.289949999999999708e-01 2.882000000000000013e-03 6.290019999999999500e-01 -7.773959999999999759e-01 3.546000000000000107e-03
4.000000000000000000e+00 2.900000000000000000e+01 4.400000000000000000e+01 0.000000000000000000e+00 1.600000000000000089e+00 7.940000000000000009e-04 -4.578999999999999737e-03 -9.999890000000000168e-01 6.555790000000000228e-01 7.551210000000000422e-01 -2.936999999999999941e-03 7.551259999999999639e-01 -6.555699999999999861e-01 3.602000000000000167e-03
1.100000000000000000e+01 2.900000000000000000e+01 4.400000000000000000e+01 0.000000000000000000e+00 1.600000000000000089e+00 2.066999999999999827e-03 -5.513999999999999804e-03 -9.999829999999999552e-01 6.721500000000000252e-01 7.404100000000000126e-01 -2.693000000000000081e-03 7.404119999999999591e-01 -6.721329999999999805e-01 5.237000000000000335e-03
1.400000000000000000e+01 2.900000000000000000e+01 4.400000000000000000e+01 0.000000000000000000e+00 1.600000000000000089e+00 1.066000000000000107e-03 -1.018000000000000025e-03 -9.999989999999999712e-01 6.781319999999999570e-01 7.349400000000000377e-01 -2.500000000000000120e-05 7.349390000000000089e-01 -6.781310000000000393e-01 1.474000000000000050e-03
1.900000000000000000e+01 2.900000000000000000e+01 4.400000000000000000e+01 0.000000000000000000e+00 1.600000000000000089e+00 -1.860000000000000108e-03 4.192999999999999679e-03 -9.999900000000000455e-01 6.763719999999999732e-01 7.365580000000000460e-01 1.830000000000000029e-03 7.365580000000000460e-01 -6.763620000000000188e-01 -4.205999999999999669e-03
2.700000000000000000e+01 2.900000000000000000e+01 4.400000000000000000e+01 0.000000000000000000e+00 1.600000000000000089e+00 -4.130000000000000099e-04 1.955999999999999839e-03 -9.999980000000000535e-01 6.734090000000000353e-01 7.392689999999999539e-01 1.167999999999999984e-03 7.392699999999999827e-01 -6.734069999999999778e-01 -1.621999999999999961e-03
1.800000000000000000e+01 6.500000000000000000e+01 4.600000000000000000e+01 0.000000000000000000e+00 1.600000000000000089e+00 1.595999999999999979e-03 -9.269999999999999811e-04 9.999980000000000535e-01 6.809089999999999865e-01 -7.323659999999999615e-01 -1.765000000000000076e-03 7.323659999999999615e-01 6.809110000000000440e-01 -5.379999999999999583e-04
1.800000000000000000e+01 6.000000000000000000e+00 5.100000000000000000e+01 0.000000000000000000e+00 1.600000000000000089e+00 3.082000000000000104e-03 7.304999999999999861e-03 -9.999689999999999968e-01 3.257220000000000115e-01 -9.454470000000000374e-01 -5.903000000000000261e-03 -9.454609999999999959e-01 -3.256930000000000103e-01 -5.292999999999999962e-03
2.200000000000000000e+01 6.000000000000000000e+00 5.100000000000000000e+01 0.000000000000000000e+00 1.600000000000000089e+00 4.994000000000000175e-03 8.061000000000000457e-03 -9.999550000000000383e-01 3.235089999999999910e-01 -9.462059999999999915e-01 -6.011999999999999983e-03 -9.462120000000000530e-01 -3.234639999999999738e-01 -7.333000000000000108e-03
1.300000000000000000e+01 7.000000000000000000e+00 5.200000000000000000e+01 0.000000000000000000e+00 1.600000000000000089e+00 7.579999999999999932e-04 -2.354000000000000190e-03 -9.999970000000000248e-01 1.182279999999999998e-01 -9.929839999999999778e-01 2.426999999999999904e-03 -9.929860000000000353e-01 -1.182290000000000008e-01 -4.739999999999999747e-04
1.800000000000000000e+01 7.000000000000000000e+00 5.200000000000000000e+01 0.000000000000000000e+00 1.600000000000000089e+00 4.458000000000000157e-03 5.955000000000000224e-03 -9.999719999999999720e-01 1.181880000000000014e-01 -9.929769999999999985e-01 -5.387000000000000295e-03 -9.929810000000000025e-01 -1.181610000000000021e-01 -5.131000000000000144e-03
7.000000000000000000e+00 6.300000000000000000e+01 5.400000000000000000e+01 0.000000000000000000e+00 1.600000000000000089e+00 1.820000000000000003e-03 -1.296000000000000060e-03 9.999970000000000248e-01 -3.566449999999999898e-01 9.342380000000000129e-01 1.860000000000000108e-03 -9.342380000000000129e-01 -3.566480000000000206e-01 1.237999999999999951e-03
1.100000000000000000e+01 6.300000000000000000e+01 5.400000000000000000e+01 0.000000000000000000e+00 1.600000000000000089e+00 1.779999999999999898e-04 -1.160000000000000007e-04 1.000000000000000000e+00 -3.595380000000000242e-01 9.331300000000000150e-01 1.720000000000000066e-04 -9.331300000000000150e-01 -3.595380000000000242e-01 1.240000000000000054e-04
1.400000000000000000e+01 6.300000000000000000e+01 5.400000000000000000e+01 0.000000000000000000e+00 1.600000000000000089e+00 -1.263999999999999933e-03 -1.101999999999999898e-03 9.999989999999999712e-01 -3.574879999999999725e-01 9.339180000000000259e-01 5.770000000000000389e-04 -9.339169999999999972e-01 -3.574860000000000260e-01 -1.575000000000000011e-03
2.100000000000000000e+01 6.300000000000000000e+01 5.400000000000000000e+01 0.000000000000000000e+00 1.600000000000000089e+00 -2.599999999999999840e-05 6.790000000000000245e-04 1.000000000000000000e+00 -3.523450000000000193e-01 9.358699999999999797e-01 -6.449999999999999570e-04 -9.358699999999999797e-01 -3.523450000000000193e-01 2.149999999999999947e-04
2.500000000000000000e+01 6.300000000000000000e+01 5.400000000000000000e+01 0.000000000000000000e+00 1.600000000000000089e+00 -2.990000000000000036e-04 1.284999999999999901e-03 9.999989999999999712e-01 -3.491870000000000251e-01 9.370519999999999960e-01 -1.309000000000000051e-03 -9.370530000000000248e-01 -3.491870000000000251e-01 1.679999999999999907e-04
5.000000000000000000e+00 2.500000000000000000e+01 5.500000000000000000e+01 0.000000000000000000e+00 1.600000000000000089e+00 6.669999999999999497e-04 2.213000000000000123e-03 -9.999970000000000248e-01 -1.285000000000000031e-02 -9.999149999999999983e-01 -2.222000000000000017e-03 -9.999169999999999447e-01 1.285200000000000058e-02 -6.390000000000000280e-04
1.500000000000000000e+01 2.500000000000000000e+01 5.500000000000000000e+01 0.000000000000000000e+00 1.600000000000000089e+00 1.219999999999999947e-03 -1.907999999999999974e-03 -9.999970000000000248e-01 -1.181500000000000085e-02 -9.999280000000000390e-01 1.894000000000000067e-03 -9.999289999999999567e-01 1.181300000000000058e-02 -1.242999999999999964e-03
2.200000000000000000e+01 2.500000000000000000e+01 5.500000000000000000e+01 0.000000000000000000e+00 1.600000000000000089e+00 -6.650000000000000095e-04 4.510000000000000120e-04 -1.000000000000000000e+00 -1.134899999999999971e-02 -9.999360000000000470e-01 -4.440000000000000045e-04 -9.999350000000000183e-01 1.134899999999999971e-02 6.700000000000000226e-04
2.600000000000000000e+01 2.500000000000000000e+01 5.500000000000000000e+01 0.000000000000000000e+00 1.600000000000000089e+00 3.950000000000000061e-04 5.375999999999999703e-03 -9.999860000000000415e-01 -1.190100000000000012e-02 -9.999149999999999983e-01 -5.380000000000000233e-03 -9.999289999999999567e-01 1.190300000000000039e-02 -3.310000000000000225e-04
4.000000000000000000e+00 2.100000000000000000e+01 6.000000000000000000e+01 0.000000000000000000e+00 1.600000000000000089e+00 -2.472999999999999938e-03 -8.408999999999999808e-03 9.999620000000000175e-01 -9.715500000000000524e-02 9.952360000000000095e-01 8.129000000000000808e-03 -9.952659999999999840e-01 -9.713099999999999512e-02 -3.278000000000000098e-03
1.100000000000000000e+01 2.100000000000000000e+01 6.000000000000000000e+01 0.000000000000000000e+00 1.600000000000000089e+00 -7.470000000000000511e-04 1.506500000000000027e-02 9.998860000000000525e-01 -9.581599999999999839e-02 9.952849999999999753e-01 -1.506700000000000053e-02 -9.953990000000000338e-01 -9.581699999999999939e-02 6.999999999999999929e-04
