1.300000000000000000e+01 1.500000000000000000e+01 4.000000000000000000e+00 0.000000000000000000e+00 1.600000000000000089e+00 3.072000000000000078e-03 7.577999999999999667e-03 9.999670000000000503e-01 2.688570000000000126e-01 -9.631579999999999586e-01 6.472999999999999587e-03 9.631750000000000034e-01 2.688280000000000114e-01 -4.995999999999999573e-03
1.700000000000000000e+01 1.500000000000000000e+01 4.000000000000000000e+00 0.000000000000000000e+00 1.600000000000000089e+00 -1.717999999999999909e-03 6.641000000000000202e-03 9.999759999999999760e-01 2.723369999999999957e-01 -9.621769999999999490e-01 6.858000000000000380e-03 9.622000000000000552e-01 2.723430000000000017e-01 -1.559999999999999972e-04
1.100000000000000000e+01 1.600000000000000000e+01 4.000000000000000000e+00 0.000000000000000000e+00 1.600000000000000089e+00 2.962999999999999922e-03 -6.930000000000000396e-04 9.999949999999999672e-01 3.294650000000000079e-01 -9.441659999999999497e-01 -1.629999999999999939e-03 9.441629999999999745e-01 3.294679999999999831e-01 -2.569000000000000103e-03
2.800000000000000000e+01 1.600000000000000000e+01 4.000000000000000000e+00 0.000000000000000000e+00 1.600000000000000089e+00 7.668999999999999602e-03 -1.150999999999999940e-02 9.999040000000000150e-01 3.415920000000000067e-01 -9.397520000000000318e-01 -1.343699999999999929e-02 9.398170000000000135e-01 3.416620000000000212e-01 -3.275999999999999832e-03
7.000000000000000000e+00 1.010000000000000000e+02 7.000000000000000000e+00 0.000000000000000000e+00 1.600000000000000089e+00 -3.399999999999999973e-05 2.660000000000000146e-04 1.000000000000000000e+00 8.848300000000000054e-01 4.659150000000000236e-01 -9.399999999999999448e-05 -4.659150000000000236e-01 8.848300000000000054e-01 -2.519999999999999996e-04
1.000000000000000000e+01 1.010000000000000000e+02 7.000000000000000000e+00 0.000000000000000000e+00 1.600000000000000089e+00 9.250000000000000409e-04 2.484000000000000097e-03 9.999959999999999960e-01 8.844840000000000479e-01 4.665670000000000095e-01 -1.977000000000000025e-03 -4.665699999999999847e-01 8.844830000000000192e-01 -1.765000000000000076e-03
2.600000000000000000e+01 1.010000000000000000e+02 7.000000000000000000e+00 0.000000000000000000e+00 1.600000000000000089e+00 1.082000000000000062e-03 1.541000000000000052e-03 9.999980000000000535e-01 8.835480000000000000e-01 4.683370000000000033e-01 -1.678000000000000021e-03 -4.683390000000000053e-01 8.835490000000000288e-01 -8.549999999999999658e-04
1.000000000000000000e+00 1.500000000000000000e+01 8.000000000000000000e+00 0.000000000000000000e+00 1.600000000000000089e+00 -6.885999999999999760e-03 -2.067000000000000087e-02 -9.997629999999999573e-01 -5.731969999999999565e-01 -8.191509999999999625e-01 2.088399999999999979e-02 -8.193880000000000052e-01 5.732049999999999645e-01 -6.206999999999999844e-03
4.000000000000000000e+00 1.500000000000000000e+01 8.000000000000000000e+00 0.000000000000000000e+00 1.600000000000000089e+00 -6.747999999999999658e-03 -2.096100000000000046e-02 -9.997580000000000355e-01 -5.753719999999999946e-01 -8.176210000000000422e-01 2.102599999999999955e-02 -8.178640000000000354e-01 5.753749999999999698e-01 -6.543000000000000205e-03
9.000000000000000000e+00 1.500000000000000000e+01 8.000000000000000000e+00 0.000000000000000000e+00 1.600000000000000089e+00 -2.827000000000000086e-03 -5.481999999999999894e-03 -9.999810000000000088e-01 -5.790520000000000111e-01 -8.152679999999999927e-01 6.106999999999999582e-03 -8.152859999999999552e-01 5.790579999999999616e-01 -8.700000000000000051e-04
1.300000000000000000e+01 1.500000000000000000e+01 8.000000000000000000e+00 0.000000000000000000e+00 1.600000000000000089e+00 -3.669999999999999760e-04 6.924999999999999732e-03 -9.999759999999999760e-01 -5.799490000000000478e-01 -8.146349999999999980e-01 -5.427999999999999665e-03 -8.146529999999999605e-01 5.799330000000000318e-01 4.315000000000000259e-03
1.600000000000000000e+01 1.500000000000000000e+01 8.000000000000000000e+00 0.000000000000000000e+00 1.600000000000000089e+00 1.494000000000000102e-03 6.056999999999999884e-03 -9.999810000000000088e-01 -5.793509999999999494e-01 -8.150570000000000315e-01 -5.801999999999999866e-03 -8.150770000000000515e-01 5.793490000000000029e-01 2.291000000000000068e-03
2.000000000000000000e+01 1.500000000000000000e+01 8.000000000000000000e+00 0.000000000000000000e+00 1.600000000000000089e+00 9.740000000000000394e-04 -4.961000000000000132e-03 -9.999869999999999592e-01 -5.776780000000000248e-01 -8.162570000000000103e-01 3.487000000000000082e-03 -8.162639999999999896e-01 5.776679999999999593e-01 -3.661000000000000192e-03
2.300000000000000000e+01 1.500000000000000000e+01 8.000000000000000000e+00 0.000000000000000000e+00 1.600000000000000089e+00 -2.974000000000000081e-03 -9.988999999999999616e-03 -9.999460000000000015e-01 -5.779670000000000085e-01 -8.160009999999999764e-01 9.870000000000000301e-03 -8.160549999999999748e-01 5.779649999999999510e-01 -3.346000000000000016e-03
2.800000000000000000e+01 1.500000000000000000e+01 8.000000000000000000e+00 0.000000000000000000e+00 1.600000000000000089e+00 -8.371999999999999234e-03 -1.459099999999999980e-02 -9.998590000000000533e-01 -5.819950000000000401e-01 -8.130199999999999649e-01 1.673799999999999941e-02 -8.131490000000000107e-01 5.820530000000000426e-01 -1.685999999999999999e-03
4.000000000000000000e+00 2.600000000000000000e+01 8.000000000000000000e+00 0.000000000000000000e+00 1.600000000000000089e+00 6.453000000000000402e-03 2.339199999999999960e-02 -9.997059999999999835e-01 4.122540000000000093e-01 9.107530000000000348e-01 2.397200000000000025e-02 9.110460000000000225e-01 -4.122879999999999878e-01 -3.765999999999999816e-03
1.200000000000000000e+01 2.600000000000000000e+01 8.000000000000000000e+00 0.000000000000000000e+00 1.600000000000000089e+00 7.119999999999999593e-04 -1.443999999999999971e-03 -9.999989999999999712e-01 4.094769999999999799e-01 9.123200000000000198e-01 -1.026000000000000002e-03 9.123200000000000198e-01 -4.094760000000000066e-01 1.240000000000000000e-03
2.000000000000000000e+01 2.600000000000000000e+01 8.000000000000000000e+00 0.000000000000000000e+00 1.600000000000000089e+00 5.180000000000000143e-04 6.310000000000000504e-04 -1.000000000000000000e+00 4.106110000000000038e-01 9.118100000000000094e-01 7.879999999999999635e-04 9.118100000000000094e-01 -4.106119999999999770e-01 2.139999999999999975e-04
2.700000000000000000e+01 2.600000000000000000e+01 8.000000000000000000e+00 0.000000000000000000e+00 1.600000000000000089e+00 5.392000000000000091e-03 1.133400000000000032e-02 -9.999209999999999487e-01 4.084280000000000133e-01 9.127039999999999598e-01 1.254800000000000013e-02 9.127750000000000030e-01 -4.084639999999999938e-01 2.930000000000000204e-04
5.000000000000000000e+00 2.400000000000000000e+01 9.000000000000000000e+00 0.000000000000000000e+00 1.600000000000000089e+00 7.134999999999999849e-03 2.423499999999999960e-02 -9.996810000000000418e-01 4.665500000000000203e-01 8.841480000000000450e-01 2.476400000000000129e-02 8.844659999999999744e-01 -4.665779999999999927e-01 -4.997999999999999839e-03
9.000000000000000000e+00 2.400000000000000000e+01 9.000000000000000000e+00 0.000000000000000000e+00 1.600000000000000089e+00 4.545000000000000429e-03 1.332400000000000077e-02 -9.999010000000000398e-01 4.636440000000000006e-01 8.859120000000000328e-01 1.391300000000000002e-02 8.860099999999999643e-01 -4.636609999999999898e-01 -2.151000000000000134e-03
1.700000000000000000e+01 2.400000000000000000e+01 9.000000000000000000e+00 0.000000000000000000e+00 1.600000000000000089e+00 -5.150000000000000498e-04 -3.681999999999999943e-03 -9.999930000000000208e-01 4.623920000000000252e-01 8.866690000000000405e-01 -3.503000000000000037e-03 8.866749999999999909e-01 -4.623909999999999965e-01 1.245999999999999929e-03
2.000000000000000000e+01 2.400000000000000000e+01 9.000000000000000000e+00 0.000000000000000000e+00 1.600000000000000089e+00 5.140000000000000254e-04 2.003000000000000006e-03 -9.999980000000000535e-01 4.626720000000000277e-01 8.865269999999999539e-01 2.014000000000000165e-03 8.865290000000000115e-01 -4.626720000000000277e-01 -4.710000000000000102e-04
2.600000000000000000e+01 2.400000000000000000e+01 9.000000000000000000e+00 0.000000000000000000e+00 1.600000000000000089e+00 5.498000000000000283e-03 9.553000000000000727e-03 -9.999390000000000223e-01 4.598019999999999885e-01 8.879529999999999923e-01 1.101199999999999922e-02 8.880040000000000155e-01 -4.598349999999999937e-01 4.889999999999999599e-04
2.000000000000000000e+01 1.040000000000000000e+02 1.100000000000000000e+01 0.000000000000000000e+00 1.600000000000000089e+00 2.719999999999999979e-04 -3.995000000000000287e-03 9.999919999999999920e-01 -9.725530000000000008e-01 -2.326799999999999979e-01 -6.650000000000000095e-04 2.326809999999999989e-01 -9.725449999999999928e-01 -3.949000000000000253e-03
2.800000000000000000e+01 1.040000000000000000e+02 1.100000000000000000e+01 0.000000000000000000e+00 1.600000000000000089e+00 -1.092000000000000089e-03 4.793000000000000385e-03 9.999879999999999880e-01 -9.731729999999999547e-01 -2.300760000000000027e-01 4.000000000000000327e-05 2.300729999999999997e-01 -9.731610000000000538e-01 4.916000000000000231e-03
7.000000000000000000e+00 3.100000000000000000e+01 1.200000000000000000e+01 0.000000000000000000e+00 1.600000000000000089e+00 -5.140000000000000254e-04 5.200999999999999894e-03 9.999860000000000415e-01 -9.060999999999999610e-03 9.999449999999999728e-01 -5.205000000000000425e-03 -9.999590000000000423e-01 -9.063999999999999141e-03 -4.670000000000000214e-04
1.300000000000000000e+01 3.100000000000000000e+01 1.200000000000000000e+01 0.000000000000000000e+00 1.600000000000000089e+00 -2.970000000000000092e-04 8.130000000000000291e-04 1.000000000000000000e+00 -5.667000000000000162e-03 9.999839999999999840e-01 -8.149999999999999693e-04 -9.999839999999999840e-01 -5.667000000000000162e-03 -2.919999999999999961e-04
1.700000000000000000e+01 3.100000000000000000e+01 1.200000000000000000e+01 0.000000000000000000e+00 1.600000000000000089e+00 1.910000000000000077e-04 2.657000000000000074e-03 9.999959999999999960e-01 -9.089999999999999773e-04 9.999959999999999960e-01 -2.657000000000000074e-03 -1.000000000000000000e+00 -9.079999999999999530e-04 1.939999999999999993e-04
2.400000000000000000e+01 3.100000000000000000e+01 1.200000000000000000e+01 0.000000000000000000e+00 1.600000000000000089e+00 -8.279999999999999600e-04 5.019000000000000024e-03 9.999869999999999592e-01 4.426000000000000247e-03 9.999780000000000335e-01 -5.015000000000000360e-03 -9.999900000000000455e-01 4.421999999999999716e-03 -8.499999999999999526e-04
3.000000000000000000e+01 3.100000000000000000e+01 1.200000000000000000e+01 0.000000000000000000e+00 1.600000000000000089e+00 3.499999999999999693e-05 2.422000000000000108e-03 9.999970000000000248e-01 5.590000000000000351e-03 9.999810000000000088e-01 -2.422999999999999807e-03 -9.999839999999999840e-01 5.590000000000000351e-03 2.099999999999999884e-05
2.000000000000000000e+00 1.200000000000000000e+01 1.500000000000000000e+01 0.000000000000000000e+00 1.600000000000000089e+00 -3.187000000000000163e-03 -4.256000000000000234e-03 -9.999860000000000415e-01 -4.726850000000000218e-01 -8.812159999999999993e-01 5.257000000000000388e-03 -8.812259999999999538e-01 4.726949999999999763e-01 7.969999999999999654e-04
7.000000000000000000e+00 1.200000000000000000e+01 1.500000000000000000e+01 0.000000000000000000e+00 1.600000000000000089e+00 -2.070999999999999924e-03 -4.148999999999999910e-03 -9.999890000000000168e-01 -4.732640000000000180e-01 -8.809090000000000531e-01 4.636000000000000364e-03 -8.809179999999999788e-01 4.732680000000000220e-01 -1.389999999999999905e-04
1.200000000000000000e+01 1.200000000000000000e+01 1.500000000000000000e+01 0.000000000000000000e+00 1.600000000000000089e+00 -8.210000000000000067e-04 3.105999999999999820e-03 -9.999949999999999672e-01 -4.745139999999999914e-01 -8.802450000000000552e-01 -2.344000000000000163e-03 -8.802470000000000017e-01 4.745099999999999874e-01 2.197000000000000168e-03
1.800000000000000000e+01 1.200000000000000000e+01 1.500000000000000000e+01 0.000000000000000000e+00 1.600000000000000089e+00 1.289999999999999914e-03 4.091000000000000018e-03 -9.999909999999999632e-01 -4.739229999999999832e-01 -8.805560000000000054e-01 -4.212999999999999731e-03 -8.805650000000000421e-01 4.739240000000000119e-01 8.019999999999999785e-04
2.300000000000000000e+01 1.200000000000000000e+01 1.500000000000000000e+01 0.000000000000000000e+00 1.600000000000000089e+00 -2.226000000000000114e-03 -3.246999999999999886e-03 -9.999919999999999920e-01 -4.713430000000000120e-01 -8.819409999999999750e-01 3.911999999999999679e-03 -8.819470000000000365e-01 4.713479999999999892e-01 4.319999999999999838e-04
2.700000000000000000e+01 1.200000000000000000e+01 1.500000000000000000e+01 0.000000000000000000e+00 1.600000000000000089e+00 -6.104000000000000051e-03 -1.978000000000000157e-03 -9.999789999999999512e-01 -4.679619999999999891e-01 -8.837359999999999660e-01 4.604999999999999719e-03 -8.837270000000000403e-01 4.679809999999999803e-01 4.468999999999999882e-03
3.000000000000000000e+00 2.000000000000000000e+00 1.900000000000000000e+01 0.000000000000000000e+00 1.600000000000000089e+00 2.625000000000000163e-03 -1.515500000000000007e-02 -9.998820000000000485e-01 1.607729999999999992e-01 -9.868719999999999715e-01 1.537999999999999957e-02 -9.869879999999999765e-01 -1.607939999999999925e-01 -1.540000000000000028e-04
6.000000000000000000e+00 2.000000000000000000e+00 1.900000000000000000e+01 0.000000000000000000e+00 1.600000000000000089e+00 3.139999999999999996e-03 -5.315000000000000280e-03 -9.999810000000000088e-01 1.638689999999999869e-01 -9.864650000000000363e-01 5.756999999999999965e-03 -9.864770000000000483e-01 -1.638840000000000019e-01 -2.226000000000000114e-03
1.100000000000000000e+01 2.000000000000000000e+00 1.900000000000000000e+01 0.000000000000000000e+00 1.600000000000000089e+00 -5.280000000000000405e-04 9.412000000000000227e-03 -9.999559999999999560e-01 1.663310000000000066e-01 -9.860250000000000403e-01 -9.369000000000000591e-03 -9.860700000000000021e-01 -1.663290000000000046e-01 -1.044999999999999922e-03
1.500000000000000000e+01 2.000000000000000000e+00 1.900000000000000000e+01 0.000000000000000000e+00 1.600000000000000089e+00 1.373000000000000088e-03 4.936000000000000283e-03 -9.999869999999999592e-01 1.657480000000000064e-01 -9.861569999999999503e-01 -4.640000000000000027e-03 -9.861670000000000158e-01 -1.657399999999999984e-01 -2.171999999999999886e-03
1.800000000000000000e+01 2.000000000000000000e+00 1.900000000000000000e+01 0.000000000000000000e+00 1.600000000000000089e+00 2.575000000000000032e-03 -7.039999999999999817e-04 -9.999959999999999960e-01 1.648439999999999905e-01 -9.863189999999999458e-01 1.118999999999999986e-03 -9.863159999999999705e-01 -1.648459999999999925e-01 -2.423999999999999939e-03
2.000000000000000000e+01 2.000000000000000000e+00 1.900000000000000000e+01 0.000000000000000000e+00 1.600000000000000089e+00 1.195000000000000099e-03 -1.041999999999999958e-03 -9.999989999999999712e-01 1.652470000000000050e-01 -9.862509999999999888e-01 1.224999999999999960e-03 -9.862509999999999888e-01 -1.652490000000000070e-01 -1.005999999999999950e-03
2.400000000000000000e+01 2.000000000000000000e+00 1.900000000000000000e+01 0.000000000000000000e+00 1.600000000000000089e+00 -1.913999999999999903e-03 -3.403999999999999908e-03 -9.999919999999999920e-01 1.694390000000000063e-01 -9.855359999999999676e-01 3.030000000000000141e-03 -9.855390000000000539e-01 -1.694319999999999993e-01 2.462999999999999912e-03
2.900000000000000000e+01 2.000000000000000000e+00 1.900000000000000000e+01 0.000000000000000000e+00 1.600000000000000089e+00 9.909999999999999105e-04 -8.871999999999999678e-03 -9.999599999999999600e-01 1.701560000000000017e-01 -9.853769999999999474e-01 8.911000000000000518e-03 -9.854169999999999874e-01 -1.701580000000000037e-01 5.330000000000000536e-04
6.000000000000000000e+00 4.000000000000000000e+00 2.000000000000000000e+01 0.000000000000000000e+00 1.600000000000000089e+00 4.472000000000000280e-03 -5.635000000000000252e-03 -9.999740000000000295e-01 2.558309999999999751e-01 -9.666989999999999750e-01 6.591999999999999769e-03 -9.667109999999999870e-01 -2.558529999999999971e-01 -2.882000000000000013e-03
1.400000000000000000e+01 4.000000000000000000e+00 2.000000000000000000e+01 0.000000000000000000e+00 1.600000000000000089e+00 1.859999999999999945e-04 5.648000000000000242e-03 -9.999839999999999840e-01 2.552780000000000049e-01 -9.668520000000000447e-01 -5.414000000000000409e-03 -9.668679999999999497e-01 -2.552730000000000277e-01 -1.621999999999999961e-03
1.900000000000000000e+01 4.000000000000000000e+00 2.000000000000000000e+01 0.000000000000000000e+00 1.600000000000000089e+00 2.625000000000000163e-03 1.887999999999999921e-03 -9.999949999999999672e-01 2.567590000000000150e-01 -9.664749999999999730e-01 -1.149999999999999981e-03 -9.664719999999999978e-01 -2.567550000000000110e-01 -3.021999999999999947e-03
2.600000000000000000e+01 4.000000000000000000e+00 2.000000000000000000e+01 0.000000000000000000e+00 1.600000000000000089e+00 6.909999999999999910e-04 -8.696000000000000604e-03 -9.999620000000000175e-01 2.660859999999999892e-01 -9.639109999999999623e-01 8.566999999999999962e-03 -9.639489999999999448e-01 -2.660819999999999852e-01 1.647999999999999942e-03
6.000000000000000000e+00 1.300000000000000000e+01 2.000000000000000000e+01 0.000000000000000000e+00 1.600000000000000089e+00 -8.120000000000000048e-04 1.159000000000000091e-03 9.999989999999999712e-01 2.556309999999999971e-01 9.667740000000000222e-01 -9.129999999999999661e-04 -9.667740000000000222e-01 2.556300000000000239e-01 -1.082000000000000062e-03
9.000000000000000000e+00 1.300000000000000000e+01 2.000000000000000000e+01 0.000000000000000000e+00 1.600000000000000089e+00 -1.178000000000000011e-03 -5.689999999999999529e-04 9.999989999999999712e-01 2.569270000000000165e-01 9.664300000000000113e-01 8.520000000000000013e-04 -9.664300000000000113e-01 2.569279999999999897e-01 -9.920000000000000432e-04
1.700000000000000000e+01 1.300000000000000000e+01 2.000000000000000000e+01 0.000000000000000000e+00 1.600000000000000089e+00 3.020000000000000223e-04 7.630000000000000063e-04 1.000000000000000000e+00 2.559339999999999948e-01 9.666940000000000532e-01 -8.149999999999999693e-04 -9.666940000000000532e-01 2.559339999999999948e-01 9.600000000000000243e-05
2.500000000000000000e+01 1.300000000000000000e+01 2.000000000000000000e+01 0.000000000000000000e+00 1.600000000000000089e+00 -1.459999999999999981e-04 8.236999999999999530e-03 9.999660000000000215e-01 2.588719999999999910e-01 9.658790000000000431e-01 -7.917999999999999691e-03 -9.659119999999999928e-01 2.588619999999999810e-01 -2.272999999999999847e-03
1.100000000000000000e+01 1.600000000000000000e+01 2.100000000000000000e+01 0.000000000000000000e+00 1.600000000000000089e+00 -1.838000000000000007e-03 -6.239999999999999887e-04 9.999980000000000535e-01 2.997980000000000089e-01 9.540020000000000167e-01 1.146000000000000100e-03 -9.540009999999999879e-01 2.997989999999999822e-01 -1.565999999999999901e-03
1.700000000000000000e+01 1.600000000000000000e+01 2.100000000000000000e+01 0.000000000000000000e+00 1.600000000000000089e+00 -1.150000000000000035e-04 2.338999999999999933e-03 9.999970000000000248e-01 2.976170000000000204e-01 9.546829999999999483e-01 -2.199000000000000000e-03 -9.546850000000000058e-01 2.976159999999999917e-01 -8.059999999999999673e-04
2.600000000000000000e+01 1.600000000000000000e+01 2.100000000000000000e+01 0.000000000000000000e+00 1.600000000000000089e+00 3.069999999999999812e-04 9.542999999999999400e-03 9.999540000000000095e-01 2.978750000000000009e-01 9.545609999999999928e-01 -9.201000000000000845e-03 -9.546050000000000368e-01 2.978640000000000176e-01 -2.550000000000000183e-03
2.000000000000000000e+00 4.600000000000000000e+01 2.700000000000000000e+01 0.000000000000000000e+00 1.600000000000000089e+00 1.582000000000000073e-03 -2.400000000000000061e-05 -9.999989999999999712e-01 6.824369999999999603e-01 7.309430000000000094e-01 1.062000000000000010e-03 7.309419999999999806e-01 -6.824379999999999891e-01 1.172999999999999998e-03
2.900000000000000000e+01 4.600000000000000000e+01 2.700000000000000000e+01 0.000000000000000000e+00 1.600000000000000089e+00 3.431000000000000022e-03 1.706000000000000051e-03 -9.999930000000000208e-01 6.778170000000000028e-01 7.352220000000000422e-01 3.579999999999999849e-03 7.352229999999999599e-01 -6.778239999999999821e-01 1.366999999999999943e-03
1.000000000000000000e+00 4.600000000000000000e+01 3.000000000000000000e+01 0.000000000000000000e+00 1.600000000000000089e+00 2.174999999999999850e-03 1.134999999999999941e-03 -9.999970000000000248e-01 3.357129999999999836e-01 9.419619999999999660e-01 1.799999999999999951e-03 9.419619999999999660e-01 -3.357160000000000144e-01 1.667999999999999995e-03
5.000000000000000000e+00 4.600000000000000000e+01 3.000000000000000000e+01 0.000000000000000000e+00 1.600000000000000089e+00 -5.779999999999999548e-04 -9.000000000000000567e-05 -1.000000000000000000e+00 3.338189999999999769e-01 9.426369999999999472e-01 -2.779999999999999811e-04 9.426369999999999472e-01 -3.338200000000000056e-01 -5.150000000000000498e-04
4.000000000000000000e+00 5.800000000000000000e+01 3.100000000000000000e+01 0.000000000000000000e+00 1.600000000000000089e+00 -3.440000000000000132e-04 1.807000000000000012e-03 9.999980000000000535e-01 -7.834419999999999717e-01 -6.214640000000000164e-01 8.530000000000000256e-04 6.214650000000000452e-01 -7.834410000000000540e-01 1.629999999999999939e-03
9.000000000000000000e+00 5.800000000000000000e+01 3.100000000000000000e+01 0.000000000000000000e+00 1.600000000000000089e+00 -2.396000000000000126e-03 -2.350999999999999791e-03 9.999940000000000495e-01 -7.875029999999999530e-01 -6.163020000000000165e-01 -3.335999999999999990e-03 6.163070000000000492e-01 -7.875060000000000393e-01 -3.750000000000000078e-04
1.500000000000000000e+01 5.800000000000000000e+01 3.100000000000000000e+01 0.000000000000000000e+00 1.600000000000000089e+00 -2.358999999999999986e-03 2.220000000000000022e-04 9.999970000000000248e-01 -7.919340000000000268e-01 -6.106040000000000356e-01 -1.732999999999999948e-03 6.106019999999999781e-01 -7.919359999999999733e-01 1.616000000000000032e-03
1.900000000000000000e+01 5.800000000000000000e+01 3.100000000000000000e+01 0.000000000000000000e+00 1.600000000000000089e+00 2.079999999999999872e-04 -2.177000000000000116e-03 9.999980000000000535e-01 -7.926729999999999610e-01 -6.096460000000000212e-01 -1.162000000000000055e-03 6.096470000000000500e-01 -7.926710000000000145e-01 -1.851999999999999914e-03
2.300000000000000000e+01 5.800000000000000000e+01 3.100000000000000000e+01 0.000000000000000000e+00 1.600000000000000089e+00 -6.109999999999999980e-04 2.144000000000000072e-03 9.999970000000000248e-01 -7.961650000000000116e-01 -6.050790000000000335e-01 8.099999999999999561e-04 6.050790000000000335e-01 -7.961620000000000363e-01 2.076999999999999853e-03
2.700000000000000000e+01 5.800000000000000000e+01 3.100000000000000000e+01 0.000000000000000000e+00 1.600000000000000089e+00 2.739999999999999923e-04 1.319999999999999993e-03 9.999989999999999712e-01 -7.970040000000000457e-01 -6.039740000000000109e-01 1.015000000000000060e-03 6.039740000000000109e-01 -7.970030000000000170e-01 8.869999999999999846e-04
2.100000000000000000e+01 6.000000000000000000e+00 3.200000000000000000e+01 0.000000000000000000e+00 1.600000000000000089e+00 1.722000000000000006e-03 5.634000000000000119e-03 -9.999829999999999552e-01 1.816309999999999869e-01 9.833490000000000286e-01 5.852999999999999696e-03 9.833650000000000446e-01 -1.816379999999999939e-01 6.700000000000000226e-04
2.600000000000000000e+01 6.000000000000000000e+00 3.200000000000000000e+01 0.000000000000000000e+00 1.600000000000000089e+00 1.240000000000000000e-03 -7.739999999999999485e-04 -9.999989999999999712e-01 1.709189999999999876e-01 9.852849999999999664e-01 -5.509999999999999490e-04 9.852840000000000487e-01 -1.709179999999999866e-01 1.353999999999999952e-03
1.400000000000000000e+01 2.200000000000000000e+01 3.400000000000000000e+01 0.000000000000000000e+00 1.600000000000000089e+00 1.093999999999999920e-03 1.868000000000000086e-03 9.999980000000000535e-01 3.794699999999999740e-01 -9.252029999999999976e-01 1.312999999999999931e-03 9.252029999999999976e-01 3.794680000000000275e-01 -1.722000000000000006e-03
1.400000000000000000e+01 4.300000000000000000e+01 3.400000000000000000e+01 0.000000000000000000e+00 1.600000000000000089e+00 1.175000000000000046e-03 -3.082000000000000104e-03 -9.999949999999999672e-01 -3.319520000000000248e-01 9.432909999999999906e-01 -3.297000000000000017e-03 9.432960000000000234e-01 3.319540000000000268e-01 8.500000000000000611e-05
5.000000000000000000e+00 4.600000000000000000e+01 3.500000000000000000e+01 0.000000000000000000e+00 1.600000000000000089e+00 3.800000000000000209e-05 9.899999999999999404e-05 -1.000000000000000000e+00 3.873909999999999854e-01 -9.219159999999999577e-01 -7.600000000000000418e-05 -9.219159999999999577e-01 -3.873909999999999854e-01 -7.299999999999999903e-05
1.000000000000000000e+01 4.600000000000000000e+01 3.500000000000000000e+01 0.000000000000000000e+00 1.600000000000000089e+00 4.169999999999999987e-04 1.793000000000000106e-03 -9.999980000000000535e-01 3.875899999999999901e-01 -9.218300000000000383e-01 -1.490999999999999921e-03 -9.218319999999999848e-01 -3.875890000000000168e-01 -1.079000000000000098e-03
1.600000000000000000e+01 4.600000000000000000e+01 3.500000000000000000e+01 0.000000000000000000e+00 1.600000000000000089e+00 -1.208000000000000089e-03 -1.649999999999999991e-04 -9.999989999999999712e-01 3.889380000000000059e-01 -9.212639999999999718e-01 -3.179999999999999776e-04 -9.212630000000000541e-01 -3.889380000000000059e-01 1.178000000000000011e-03
2.000000000000000000e+01 4.600000000000000000e+01 3.500000000000000000e+01 0.000000000000000000e+00 1.600000000000000089e+00 1.139000000000000038e-03 -3.399000000000000112e-03 -9.999940000000000495e-01 3.883610000000000118e-01 -9.214999999999999858e-01 3.575000000000000053e-03 -9.215069999999999650e-01 -3.883619999999999850e-01 2.709999999999999735e-04
2.400000000000000000e+01 4.600000000000000000e+01 3.500000000000000000e+01 0.000000000000000000e+00 1.600000000000000089e+00 -3.119999999999999944e-04 -1.492000000000000054e-03 -9.999989999999999712e-01 3.881020000000000025e-01 -9.216159999999999908e-01 1.253999999999999906e-03 -9.216159999999999908e-01 -3.881009999999999738e-01 8.670000000000000406e-04
2.700000000000000000e+01 4.600000000000000000e+01 3.500000000000000000e+01 0.000000000000000000e+00 1.600000000000000089e+00 -9.859999999999998974e-04 -2.710999999999999868e-03 -9.999959999999999960e-01 3.874759999999999871e-01 -9.218769999999999465e-01 2.116999999999999958e-03 -9.218790000000000040e-01 -3.874730000000000119e-01 1.959999999999999937e-03
8.000000000000000000e+00 9.500000000000000000e+01 3.600000000000000000e+01 0.000000000000000000e+00 1.600000000000000089e+00 -2.194000000000000204e-03 1.935000000000000088e-03 9.999959999999999960e-01 9.964129999999999932e-01 8.459999999999999465e-02 2.021999999999999926e-03 -8.459600000000000453e-02 9.964129999999999932e-01 -2.112999999999999861e-03
1.200000000000000000e+01 9.500000000000000000e+01 3.600000000000000000e+01 0.000000000000000000e+00 1.600000000000000089e+00 -8.798000000000000265e-03 -1.718899999999999942e-02 9.998139999999999805e-01 9.967190000000000216e-01 8.030700000000000338e-02 1.015100000000000030e-02 -8.046599999999999586e-02 9.966220000000000079e-01 1.642599999999999963e-02
2.100000000000000000e+01 9.500000000000000000e+01 3.600000000000000000e+01 0.000000000000000000e+00 1.600000000000000089e+00 4.375999999999999682e-03 -1.427900000000000003e-02 9.998890000000000278e-01 9.967719999999999914e-01 8.022200000000000164e-02 -3.216999999999999808e-03 -8.016700000000000215e-02 9.966749999999999776e-01 1.458399999999999974e-02
2.900000000000000000e+01 9.500000000000000000e+01 3.600000000000000000e+01 0.000000000000000000e+00 1.600000000000000089e+00 4.309999999999999595e-03 2.171599999999999919e-02 9.997549999999999493e-01 9.966979999999999729e-01 8.097799999999999443e-02 -6.054999999999999619e-03 -8.108899999999999442e-02 9.964790000000000036e-01 -2.129500000000000143e-02
2.000000000000000000e+00 2.900000000000000000e+01 4.400000000000000000e+01 0.000000000000000000e+00 1.600000000000000089e+00 9.669999999999999776e-04 5.036999999999999811e-03 -9.999869999999999592e-01 6.767400000000000082e-01 7.362090000000000023e-01 4.362999999999999691e-03 7.362210000000000143e-01 -6.767360000000000042e-01 -2.697000000000000178e-03
8.000000000000000000e+00 2.900000000000000000e+01 4.400000000000000000e+01 0.000000000000000000e+00 1.600000000000000089e+00 -2.393999999999999861e-03 2.579999999999999828e-04 -9.999970000000000248e-01 6.813740000000000352e-01 7.319339999999999735e-01 -1.443000000000000055e-03 7.319309999999999983e-01 -6.813759999999999817e-01 -1.928000000000000026e-03
1.200000000000000000e+01 2.900000000000000000e+01 4.400000000000000000e+01 0.000000000000000000e+00 1.600000000000000089e+00 -6.710000000000000469e-04 2.462999999999999912e-03 -9.999970000000000248e-01 6.794440000000000479e-01 7.337259999999999893e-01 1.350999999999999987e-03 7.337270000000000181e-01 -6.794409999999999616e-01 -2.165999999999999957e-03
1.600000000000000000e+01 2.900000000000000000e+01 4.400000000000000000e+01 0.000000000000000000e+00 1.600000000000000089e+00 1.245000000000000013e-03 2.893999999999999871e-03 -9.999949999999999672e-01 6.739929999999999533e-01 7.387320000000000553e-01 2.978000000000000178e-03 7.387369999999999770e-01 -6.739939999999999820e-01 -1.031000000000000015e-03
2.000000000000000000e+01 2.900000000000000000e+01 4.400000000000000000e+01 0.000000000000000000e+00 1.600000000000000089e+00 -8.639999999999999677e-04 9.590000000000000000e-04 -9.999989999999999712e-01 6.757849999999999691e-01 7.370980000000000310e-01 1.230000000000000082e-04 7.370980000000000310e-01 -6.757849999999999691e-01 -1.283999999999999985e-03
2.300000000000000000e+01 2.900000000000000000e+01 4.400000000000000000e+01 0.000000000000000000e+00 1.600000000000000089e+00 -1.690000000000000096e-03 7.259999999999999743e-04 -9.999980000000000535e-01 6.840760000000000174e-01 7.294110000000000316e-01 -6.269999999999999532e-04 7.294089999999999741e-01 -6.840749999999999886e-01 -1.729000000000000068e-03
2.700000000000000000e+01 2.900000000000000000e+01 4.400000000000000000e+01 0.000000000000000000e+00 1.600000000000000089e+00 -1.129999999999999955e-04 -4.118000000000000133e-03 -9.999919999999999920e-01 6.876079999999999970e-01 7.260750000000000259e-01 -3.067999999999999981e-03 7.260820000000000052e-01 -6.876029999999999642e-01 2.749000000000000141e-03
2.300000000000000000e+01 6.500000000000000000e+01 4.600000000000000000e+01 0.000000000000000000e+00 1.600000000000000089e+00 2.339999999999999958e-04 -1.245000000000000013e-03 9.999989999999999712e-01 6.825160000000000116e-01 -7.308700000000000196e-01 -1.069000000000000072e-03 7.308710000000000484e-01 6.825160000000000116e-01 6.790000000000000245e-04
2.900000000000000000e+01 6.500000000000000000e+01 4.600000000000000000e+01 0.000000000000000000e+00 1.600000000000000089e+00 4.330000000000000081e-04 1.616000000000000032e-03 9.999989999999999712e-01 6.815949999999999509e-01 -7.317289999999999628e-01 8.869999999999999846e-04 7.317289999999999628e-01 6.815940000000000332e-01 -1.417999999999999990e-03
1.700000000000000000e+01 7.000000000000000000e+01 4.700000000000000000e+01 0.000000000000000000e+00 1.600000000000000089e+00 -3.959999999999999762e-04 8.200000000000000095e-05 -1.000000000000000000e+00 -8.375230000000000175e-01 -5.464010000000000256e-01 2.869999999999999830e-04 -5.464010000000000256e-01 8.375240000000000462e-01 2.849999999999999886e-04
1.000000000000000000e+01 5.000000000000000000e+00 5.100000000000000000e+01 0.000000000000000000e+00 1.600000000000000089e+00 1.789999999999999925e-03 2.050999999999999872e-03 -9.999959999999999960e-01 4.893919999999999937e-01 -8.720639999999999503e-01 -9.120000000000000502e-04 -8.720620000000000038e-01 -4.893879999999999897e-01 -2.563999999999999873e-03
1.900000000000000000e+01 5.000000000000000000e+00 5.100000000000000000e+01 0.000000000000000000e+00 1.600000000000000089e+00 -1.172999999999999998e-03 2.069000000000000093e-03 -9.999970000000000248e-01 4.798609999999999820e-01 -8.773410000000000375e-01 -2.377999999999999906e-03 -8.773440000000000127e-01 -4.798629999999999840e-01 3.600000000000000091e-05
2.200000000000000000e+01 5.000000000000000000e+00 5.100000000000000000e+01 0.000000000000000000e+00 1.600000000000000089e+00 1.144999999999999967e-03 -9.749999999999999552e-04 -9.999989999999999712e-01 4.818000000000000060e-01 -8.762799999999999478e-01 1.405999999999999915e-03 -8.762809999999999766e-01 -4.818009999999999793e-01 -5.330000000000000536e-04
2.800000000000000000e+01 5.000000000000000000e+00 5.100000000000000000e+01 0.000000000000000000e+00 1.600000000000000089e+00 -3.504000000000000170e-03 2.892000000000000039e-03 -9.999900000000000455e-01 4.838140000000000218e-01 -8.751600000000000490e-01 -4.225999999999999722e-03 -8.751640000000000530e-01 -4.838239999999999763e-01 1.667000000000000079e-03
1.900000000000000000e+01 7.000000000000000000e+00 5.200000000000000000e+01 0.000000000000000000e+00 1.600000000000000089e+00 -1.484000000000000076e-03 2.409000000000000117e-03 -9.999959999999999960e-01 7.095700000000000618e-02 -9.974760000000000293e-01 -2.507999999999999813e-03 -9.974779999999999758e-01 -7.096099999999999630e-02 1.309999999999999967e-03
3.000000000000000000e+01 1.500000000000000000e+01 5.300000000000000000e+01 0.000000000000000000e+00 1.600000000000000089e+00 -3.408000000000000005e-03 -5.840999999999999838e-03 -9.999770000000000048e-01 6.800100000000000033e-01 7.331729999999999636e-01 -6.599999999999999964e-03 7.331950000000000411e-01 -6.800169999999999826e-01 1.474000000000000050e-03
5.000000000000000000e+00 6.300000000000000000e+01 5.400000000000000000e+01 0.000000000000000000e+00 1.600000000000000089e+00 1.683000000000000034e-03 -9.139999999999999904e-04 9.999980000000000535e-01 -3.445440000000000169e-01 9.387689999999999646e-01 1.438000000000000042e-03 -9.387689999999999646e-01 -3.445460000000000189e-01 1.265000000000000065e-03
9.000000000000000000e+00 6.300000000000000000e+01 5.400000000000000000e+01 0.000000000000000000e+00 1.600000000000000089e+00 -2.867999999999999890e-03 -8.500000000000000611e-05 9.999959999999999960e-01 -3.451089999999999991e-01 9.385620000000000074e-01 -9.100000000000000016e-04 -9.385580000000000034e-01 -3.451099999999999723e-01 -2.720999999999999894e-03
1.500000000000000000e+01 6.300000000000000000e+01 5.400000000000000000e+01 0.000000000000000000e+00 1.600000000000000089e+00 9.139999999999999904e-04 1.985999999999999918e-03 9.999980000000000535e-01 -3.502279999999999838e-01 9.366630000000000233e-01 -1.539999999999999919e-03 -9.366640000000000521e-01 -3.502259999999999818e-01 1.551999999999999994e-03
1.800000000000000000e+01 6.300000000000000000e+01 5.400000000000000000e+01 0.000000000000000000e+00 1.600000000000000089e+00 -1.559000000000000056e-03 1.699999999999999987e-05 9.999989999999999712e-01 -3.504419999999999757e-01 9.365839999999999721e-01 -5.619999999999999996e-04 -9.365830000000000544e-01 -3.504430000000000045e-01 -1.453999999999999997e-03
2.300000000000000000e+01 6.300000000000000000e+01 5.400000000000000000e+01 0.000000000000000000e+00 1.600000000000000089e+00 4.400000000000000157e-04 -3.510000000000000208e-04 1.000000000000000000e+00 -3.510909999999999864e-01 9.363409999999999789e-01 4.829999999999999767e-04 -9.363409999999999789e-01 -3.510909999999999864e-01 2.880000000000000073e-04
2.700000000000000000e+01 6.300000000000000000e+01 5.400000000000000000e+01 0.000000000000000000e+00 1.600000000000000089e+00 -1.769999999999999926e-04 -3.089999999999999756e-04 1.000000000000000000e+00 -3.514109999999999734e-01 9.362209999999999699e-01 2.269999999999999882e-04 -9.362209999999999699e-01 -3.514109999999999734e-01 -2.739999999999999923e-04
8.000000000000000000e+00 2.500000000000000000e+01 5.500000000000000000e+01 0.000000000000000000e+00 1.600000000000000089e+00 1.039999999999999936e-04 -5.270000000000000162e-04 -1.000000000000000000e+00 -9.955000000000000307e-03 -9.999500000000000055e-01 5.259999999999999919e-04 -9.999500000000000055e-01 9.955000000000000307e-03 -1.090000000000000067e-04
1.000000000000000000e+01 2.500000000000000000e+01 5.500000000000000000e+01 0.000000000000000000e+00 1.600000000000000089e+00 2.689999999999999791e-04 -3.399999999999999973e-05 -1.000000000000000000e+00 -1.028199999999999947e-02 -9.999470000000000303e-01 3.100000000000000135e-05 -9.999470000000000303e-01 1.028199999999999947e-02 -2.689999999999999791e-04
2.300000000000000000e+01 2.500000000000000000e+01 5.500000000000000000e+01 0.000000000000000000e+00 1.600000000000000089e+00 -1.420000000000000092e-04 5.715999999999999727e-03 -9.999839999999999840e-01 -1.230000000000000017e-02 -9.999080000000000190e-01 -5.714000000000000329e-03 -9.999240000000000350e-01 1.229899999999999917e-02 2.130000000000000003e-04
2.700000000000000000e+01 6.800000000000000000e+01 5.700000000000000000e+01 0.000000000000000000e+00 1.600000000000000089e+00 3.299999999999999982e-04 -1.789000000000000009e-03 -9.999980000000000535e-01 -2.447769999999999946e-01 -9.695780000000000509e-01 1.654000000000000088e-03 -9.695789999999999687e-01 2.447759999999999936e-01 -7.579999999999999932e-04
2.000000000000000000e+00 5.800000000000000000e+01 5.900000000000000000e+01 0.000000000000000000e+00 1.600000000000000089e+00 1.049000000000000019e-03 1.489000000000000089e-03 -9.999980000000000535e-01 3.873159999999999936e-01 9.219450000000000145e-01 1.778999999999999982e-03 9.219460000000000433e-01 -3.873170000000000224e-01 3.899999999999999929e-04
3.000000000000000000e+00 2.100000000000000000e+01 6.000000000000000000e+01 0.000000000000000000e+00 1.600000000000000089e+00 1.642000000000000013e-03 9.154000000000000678e-03 9.999569999999999848e-01 -9.476600000000000301e-02 9.954589999999999828e-01 -8.956999999999999684e-03 -9.954979999999999940e-01 -9.474799999999999889e-02 2.503000000000000017e-03
8.000000000000000000e+00 2.100000000000000000e+01 6.000000000000000000e+01 0.000000000000000000e+00 1.600000000000000089e+00 3.260000000000000094e-04 -3.834000000000000168e-03 9.999930000000000208e-01 -9.685499999999999665e-02 9.952910000000000368e-01 3.847999999999999858e-03 -9.952980000000000160e-01 -9.685499999999999665e-02 -4.699999999999999724e-05
2.700000000000000000e+01 2.100000000000000000e+01 6.000000000000000000e+01 0.000000000000000000e+00 1.600000000000000089e+00 -8.040000000000000271e-04 9.678000000000000838e-03 9.999529999999999808e-01 -9.435999999999999943e-02 9.954910000000000148e-01 -9.710999999999999147e-03 -9.955380000000000340e-01 -9.436400000000000343e-02 1.129999999999999955e-04
1.400000000000000000e+01 3.000000000000000000e+00 6.300000000000000000e+01 0.000000000000000000e+00 1.600000000000000089e+00 1.162999999999999971e-03 -6.257999999999999674e-03 9.999799999999999800e-01 -6.158329999999999638e-01 7.878560000000000008e-01 5.647000000000000110e-03 -7.878760000000000208e-01 -6.158270000000000133e-01 -2.938000000000000073e-03
2.100000000000000000e+01 3.000000000000000000e+00 6.300000000000000000e+01 0.000000000000000000e+00 1.600000000000000089e+00 1.363999999999999978e-03 -1.201000000000000028e-03 9.999980000000000535e-01 -6.142379999999999507e-01 7.891190000000000149e-01 1.786000000000000044e-03 -7.891200000000000436e-01 -6.142400000000000082e-01 3.379999999999999758e-04
