3.000000000000000000e+00 1.500000000000000000e+01 4.000000000000000000e+00 0.000000000000000000e+00 1.600000000000000089e+00 -3.853000000000000088e-03 -6.814999999999999877e-03 9.999689999999999968e-01 3.225199999999999734e-01 -9.465479999999999450e-01 -5.207999999999999956e-03 9.465550000000000352e-01 3.224899999999999989e-01 5.845000000000000369e-03
8.000000000000000000e+00 1.500000000000000000e+01 4.000000000000000000e+00 0.000000000000000000e+00 1.600000000000000089e+00 1.549000000000000030e-03 -6.040000000000000230e-03 9.999810000000000088e-01 3.236910000000000065e-01 -9.461429999999999563e-01 -6.216000000000000171e-03 9.461619999999999475e-01 3.236939999999999817e-01 4.889999999999999599e-04
1.500000000000000000e+01 1.500000000000000000e+01 4.000000000000000000e+00 0.000000000000000000e+00 1.600000000000000089e+00 -5.987000000000000134e-03 -1.030299999999999966e-02 9.999289999999999567e-01 3.212809999999999833e-01 -9.469520000000000159e-01 -7.832999999999999685e-03 9.469649999999999457e-01 3.212110000000000243e-01 8.980000000000000135e-03
1.800000000000000000e+01 1.500000000000000000e+01 4.000000000000000000e+00 0.000000000000000000e+00 1.600000000000000089e+00 -4.255000000000000102e-03 -1.366999999999999986e-02 9.998979999999999535e-01 3.192849999999999855e-01 -9.475879999999999859e-01 -1.159600000000000040e-02 9.476489999999999636e-01 3.192030000000000145e-01 8.396999999999999950e-03
2.100000000000000000e+01 1.500000000000000000e+01 4.000000000000000000e+00 0.000000000000000000e+00 1.600000000000000089e+00 8.909999999999999734e-04 -9.391000000000000042e-03 9.999550000000000383e-01 3.202860000000000151e-01 -9.472760000000000069e-01 -9.181999999999999190e-03 9.473200000000000509e-01 3.202800000000000091e-01 2.164000000000000125e-03
3.000000000000000000e+01 1.500000000000000000e+01 4.000000000000000000e+00 0.000000000000000000e+00 1.600000000000000089e+00 -5.740999999999999576e-03 -1.146199999999999997e-02 9.999179999999999735e-01 3.262610000000000232e-01 -9.452369999999999939e-01 -8.961999999999999481e-03 9.452620000000000466e-01 3.261830000000000007e-01 9.166999999999999801e-03
9.000000000000000000e+00 1.900000000000000000e+01 5.000000000000000000e+00 0.000000000000000000e+00 1.600000000000000089e+00 -1.680000000000000070e-03 -4.985999999999999981e-03 -9.999860000000000415e-01 -6.743040000000000145e-01 -7.384380000000000388e-01 4.814999999999999836e-03 -7.384519999999999973e-01 6.743029999999999857e-01 -2.122000000000000188e-03
2.000000000000000000e+00 1.010000000000000000e+02 7.000000000000000000e+00 0.000000000000000000e+00 1.600000000000000089e+00 -7.112000000000000266e-03 6.049999999999999822e-03 9.999559999999999560e-01 8.802450000000000552e-01 4.745070000000000121e-01 3.389999999999999784e-03 -4.744659999999999989e-01 8.802309999999999857e-01 -8.699999999999999400e-03
1.200000000000000000e+01 1.010000000000000000e+02 7.000000000000000000e+00 0.000000000000000000e+00 1.600000000000000089e+00 -1.965000000000000167e-03 -5.208999999999999742e-02 9.986399999999999721e-01 8.809850000000000181e-01 4.724079999999999946e-01 2.637499999999999914e-02 -4.731389999999999763e-01 8.798399999999999554e-01 4.496200000000000196e-02
4.000000000000000000e+00 2.500000000000000000e+01 8.000000000000000000e+00 0.000000000000000000e+00 1.600000000000000089e+00 -9.340000000000000429e-04 -3.318999999999999902e-03 -9.999940000000000495e-01 4.543590000000000129e-01 8.908120000000000482e-01 -3.380999999999999891e-03 8.908179999999999987e-01 -4.543599999999999861e-01 6.759999999999999516e-04
8.000000000000000000e+00 2.500000000000000000e+01 8.000000000000000000e+00 0.000000000000000000e+00 1.600000000000000089e+00 -8.739999999999999939e-04 1.245999999999999929e-03 -9.999989999999999712e-01 4.554239999999999955e-01 8.902750000000000385e-01 7.110000000000000434e-04 8.902740000000000098e-01 -4.554230000000000222e-01 -1.345000000000000058e-03
1.700000000000000000e+01 2.500000000000000000e+01 8.000000000000000000e+00 0.000000000000000000e+00 1.600000000000000089e+00 5.039999999999999992e-04 -1.144599999999999958e-02 -9.999339999999999895e-01 4.528960000000000208e-01 8.915079999999999671e-01 -9.976000000000000492e-03 8.915629999999999944e-01 -4.528610000000000135e-01 5.632999999999999986e-03
2.500000000000000000e+01 2.500000000000000000e+01 8.000000000000000000e+00 0.000000000000000000e+00 1.600000000000000089e+00 1.624000000000000010e-03 -2.930000000000000204e-04 -9.999989999999999712e-01 4.526970000000000161e-01 8.916640000000000121e-01 4.739999999999999747e-04 8.916629999999999834e-01 -4.526970000000000161e-01 1.580999999999999940e-03
2.900000000000000000e+01 2.500000000000000000e+01 8.000000000000000000e+00 0.000000000000000000e+00 1.600000000000000089e+00 1.698999999999999989e-03 1.299999999999999886e-04 -9.999989999999999712e-01 4.517510000000000137e-01 8.921440000000000481e-01 8.840000000000000201e-04 8.921430000000000193e-01 -4.517510000000000137e-01 1.456999999999999962e-03
4.000000000000000000e+00 2.400000000000000000e+01 9.000000000000000000e+00 0.000000000000000000e+00 1.600000000000000089e+00 -1.069999999999999988e-03 -3.089999999999999865e-03 -9.999949999999999672e-01 4.559540000000000259e-01 8.899970000000000381e-01 -3.237999999999999993e-03 8.900019999999999598e-01 -4.559549999999999992e-01 4.569999999999999952e-04
1.200000000000000000e+01 2.400000000000000000e+01 9.000000000000000000e+00 0.000000000000000000e+00 1.600000000000000089e+00 7.150000000000000322e-04 -3.649999999999999816e-04 -1.000000000000000000e+00 4.580500000000000127e-01 8.889259999999999939e-01 3.000000000000000076e-06 8.889259999999999939e-01 -4.580500000000000127e-01 8.030000000000000028e-04
1.800000000000000000e+01 2.400000000000000000e+01 9.000000000000000000e+00 0.000000000000000000e+00 1.600000000000000089e+00 9.929999999999999591e-04 -6.393000000000000245e-03 -9.999789999999999512e-01 4.568710000000000271e-01 8.895180000000000309e-01 -5.232999999999999804e-03 8.895319999999999894e-01 -4.568559999999999843e-01 3.804000000000000090e-03
2.400000000000000000e+01 2.400000000000000000e+01 9.000000000000000000e+00 0.000000000000000000e+00 1.600000000000000089e+00 1.634999999999999952e-03 2.017999999999999829e-03 -9.999970000000000248e-01 4.563829999999999831e-01 8.897800000000000153e-01 2.541999999999999989e-03 8.897819999999999618e-01 -4.563849999999999851e-01 5.339999999999999695e-04
1.200000000000000000e+01 1.200000000000000000e+01 1.000000000000000000e+01 0.000000000000000000e+00 1.600000000000000089e+00 -4.360000000000000269e-04 -5.109999999999999959e-03 -9.999869999999999592e-01 -5.512559999999999683e-01 -8.343239999999999545e-01 4.504000000000000191e-03 -8.343359999999999665e-01 5.512510000000000465e-01 -2.452999999999999885e-03
2.000000000000000000e+00 3.500000000000000000e+01 1.200000000000000000e+01 0.000000000000000000e+00 1.600000000000000089e+00 -1.933000000000000039e-03 1.779999999999999898e-03 -9.999970000000000248e-01 4.129860000000000197e-01 -9.107340000000000435e-01 -2.419000000000000143e-03 -9.107349999999999612e-01 -4.129889999999999950e-01 1.026000000000000002e-03
4.000000000000000000e+00 3.500000000000000000e+01 1.200000000000000000e+01 0.000000000000000000e+00 1.600000000000000089e+00 -5.050000000000000235e-04 -1.599999999999999928e-05 -1.000000000000000000e+00 4.118240000000000234e-01 -9.112630000000000452e-01 -1.930000000000000021e-04 -9.112630000000000452e-01 -4.118240000000000234e-01 4.670000000000000214e-04
8.000000000000000000e+00 3.500000000000000000e+01 1.200000000000000000e+01 0.000000000000000000e+00 1.600000000000000089e+00 2.456999999999999983e-03 -6.032000000000000035e-03 -9.999789999999999512e-01 4.027540000000000009e-01 -9.152850000000000152e-01 6.510000000000000162e-03 -9.153050000000000352e-01 -4.027620000000000089e-01 1.810000000000000085e-04
2.700000000000000000e+01 3.500000000000000000e+01 1.200000000000000000e+01 0.000000000000000000e+00 1.600000000000000089e+00 -5.787999999999999742e-03 9.011999999999999178e-03 -9.999430000000000263e-01 4.430189999999999961e-01 -8.964490000000000514e-01 -1.064299999999999968e-02 -8.964940000000000131e-01 -4.430549999999999766e-01 1.196000000000000014e-03
1.400000000000000000e+01 3.200000000000000000e+01 1.400000000000000000e+01 0.000000000000000000e+00 1.600000000000000089e+00 8.109999999999999805e-04 2.471999999999999805e-03 -9.999970000000000248e-01 1.054559999999999942e-01 9.944209999999999994e-01 2.543999999999999821e-03 9.944239999999999746e-01 -1.054579999999999962e-01 5.450000000000000200e-04
2.200000000000000000e+01 3.200000000000000000e+01 1.400000000000000000e+01 0.000000000000000000e+00 1.600000000000000089e+00 -3.899999999999999929e-04 -4.841999999999999950e-03 -9.999879999999999880e-01 1.055510000000000059e-01 9.944020000000000081e-01 -4.856000000000000073e-03 9.944140000000000201e-01 -1.055520000000000069e-01 1.230000000000000082e-04
4.000000000000000000e+00 1.200000000000000000e+01 1.500000000000000000e+01 0.000000000000000000e+00 1.600000000000000089e+00 -9.799999999999999684e-04 -2.576999999999999864e-03 -9.999959999999999960e-01 -4.627539999999999987e-01 -8.864830000000000210e-01 2.737999999999999982e-03 -8.864859999999999962e-01 4.627539999999999987e-01 -3.229999999999999907e-04
9.000000000000000000e+00 1.160000000000000000e+02 1.600000000000000000e+01 0.000000000000000000e+00 1.600000000000000089e+00 -8.600000000000000331e-05 1.747999999999999988e-03 9.999980000000000535e-01 7.591320000000000290e-01 6.509359999999999591e-01 -1.072999999999999952e-03 -6.509359999999999591e-01 7.591310000000000002e-01 -1.381999999999999982e-03
1.400000000000000000e+01 1.160000000000000000e+02 1.600000000000000000e+01 0.000000000000000000e+00 1.600000000000000089e+00 -3.023000000000000079e-03 -4.440000000000000045e-04 9.999949999999999672e-01 7.668430000000000524e-01 6.418300000000000116e-01 2.602999999999999845e-03 -6.418279999999999541e-01 7.668469999999999454e-01 -1.600000000000000077e-03
2.200000000000000000e+01 1.160000000000000000e+02 1.600000000000000000e+01 0.000000000000000000e+00 1.600000000000000089e+00 -4.119000000000000265e-03 -9.412000000000000227e-03 9.999470000000000303e-01 7.598789999999999711e-01 6.499989999999999934e-01 9.247999999999999277e-03 -6.500510000000000455e-01 7.598770000000000246e-01 4.473999999999999679e-03
2.800000000000000000e+01 1.160000000000000000e+02 1.600000000000000000e+01 0.000000000000000000e+00 1.600000000000000089e+00 -1.067000000000000023e-03 -8.380000000000000296e-03 9.999639999999999640e-01 6.670150000000000245e-01 7.450120000000000076e-01 6.955000000000000245e-03 -7.450440000000000396e-01 6.669979999999999798e-01 4.793999999999999651e-03
4.000000000000000000e+00 2.000000000000000000e+00 1.900000000000000000e+01 0.000000000000000000e+00 1.600000000000000089e+00 -7.420000000000000380e-04 -3.242999999999999789e-03 -9.999949999999999672e-01 1.603279999999999983e-01 -9.870590000000000197e-01 3.082000000000000104e-03 -9.870640000000000525e-01 -1.603249999999999953e-01 1.252000000000000075e-03
8.000000000000000000e+00 2.000000000000000000e+00 1.900000000000000000e+01 0.000000000000000000e+00 1.600000000000000089e+00 -1.438000000000000042e-03 -1.819899999999999990e-02 -9.998329999999999718e-01 1.595550000000000024e-01 -9.870299999999999629e-01 1.773699999999999929e-02 -9.871879999999999544e-01 -1.595030000000000059e-01 4.322999999999999586e-03
1.300000000000000000e+01 2.000000000000000000e+00 1.900000000000000000e+01 0.000000000000000000e+00 1.600000000000000089e+00 1.669999999999999935e-04 -1.704000000000000003e-03 -9.999989999999999712e-01 1.532910000000000106e-01 -9.881799999999999473e-01 1.709999999999999932e-03 -9.881809999999999761e-01 -1.532910000000000106e-01 9.600000000000000243e-05
1.600000000000000000e+01 2.000000000000000000e+00 1.900000000000000000e+01 0.000000000000000000e+00 1.600000000000000089e+00 1.487999999999999956e-03 7.825000000000000358e-03 -9.999679999999999680e-01 1.520100000000000062e-01 -9.883499999999999508e-01 -7.507999999999999917e-03 -9.883779999999999788e-01 -1.519939999999999902e-01 -2.660000000000000038e-03
2.400000000000000000e+01 2.000000000000000000e+00 1.900000000000000000e+01 0.000000000000000000e+00 1.600000000000000089e+00 3.800000000000000209e-04 7.948999999999999469e-03 -9.999679999999999680e-01 1.586029999999999940e-01 -9.873119999999999674e-01 -7.787999999999999784e-03 -9.873420000000000529e-01 -1.585950000000000137e-01 -1.636000000000000084e-03
2.700000000000000000e+01 2.000000000000000000e+00 1.900000000000000000e+01 0.000000000000000000e+00 1.600000000000000089e+00 2.031999999999999952e-03 1.375000000000000007e-02 -9.999029999999999863e-01 1.590550000000000019e-01 -9.871809999999999752e-01 -1.325199999999999989e-02 -9.872680000000000344e-01 -1.590119999999999867e-01 -4.192999999999999679e-03
2.900000000000000000e+01 2.000000000000000000e+00 1.900000000000000000e+01 0.000000000000000000e+00 1.600000000000000089e+00 2.233000000000000176e-03 1.106599999999999945e-02 -9.999360000000000470e-01 1.582989999999999953e-01 -9.873349999999999627e-01 -1.057300000000000080e-02 -9.873889999999999612e-01 -1.582649999999999890e-01 -3.956000000000000315e-03
5.000000000000000000e+00 1.300000000000000000e+01 2.000000000000000000e+01 0.000000000000000000e+00 1.600000000000000089e+00 3.100000000000000135e-05 -6.679999999999999740e-04 1.000000000000000000e+00 2.512079999999999869e-01 9.679330000000000434e-01 6.380000000000000037e-04 -9.679330000000000434e-01 2.512079999999999869e-01 1.979999999999999881e-04
1.700000000000000000e+01 1.300000000000000000e+01 2.000000000000000000e+01 0.000000000000000000e+00 1.600000000000000089e+00 1.730999999999999900e-03 -3.246000000000000187e-03 9.999930000000000208e-01 2.455489999999999895e-01 9.693800000000000194e-01 2.720999999999999894e-03 -9.693829999999999947e-01 2.455430000000000113e-01 2.475000000000000203e-03
2.600000000000000000e+01 1.300000000000000000e+01 2.000000000000000000e+01 0.000000000000000000e+00 1.600000000000000089e+00 -2.390000000000000089e-04 2.919000000000000154e-03 9.999959999999999960e-01 2.479000000000000092e-01 9.687820000000000320e-01 -2.768000000000000061e-03 -9.687860000000000360e-01 2.478980000000000072e-01 -9.550000000000000112e-04
3.000000000000000000e+00 1.600000000000000000e+01 2.100000000000000000e+01 0.000000000000000000e+00 1.600000000000000089e+00 1.469999999999999953e-04 -7.714999999999999636e-03 9.999700000000000255e-01 2.975229999999999819e-01 9.546869999999999523e-01 7.322000000000000383e-03 -9.547149999999999803e-01 2.975130000000000274e-01 2.435999999999999797e-03
1.000000000000000000e+01 1.600000000000000000e+01 2.100000000000000000e+01 0.000000000000000000e+00 1.600000000000000089e+00 2.183000000000000045e-03 1.089299999999999990e-02 9.999379999999999935e-01 2.990389999999999993e-01 9.541770000000000529e-01 -1.104800000000000053e-02 -9.542380000000000306e-01 2.990439999999999765e-01 -1.173999999999999913e-03
1.300000000000000000e+01 1.600000000000000000e+01 2.100000000000000000e+01 0.000000000000000000e+00 1.600000000000000089e+00 1.930999999999999991e-03 1.198300000000000060e-02 9.999259999999999815e-01 2.975090000000000234e-01 9.546430000000000193e-01 -1.201499999999999964e-02 -9.547170000000000378e-01 2.975099999999999967e-01 -1.721000000000000090e-03
1.400000000000000000e+01 3.000000000000000000e+00 2.500000000000000000e+01 0.000000000000000000e+00 1.600000000000000089e+00 -2.281000000000000041e-03 1.176899999999999995e-02 9.999280000000000390e-01 -4.172100000000000114e-02 -9.990609999999999769e-01 1.166400000000000076e-02 9.991269999999999873e-01 -4.169099999999999889e-02 2.769999999999999893e-03
1.800000000000000000e+01 4.900000000000000000e+01 2.500000000000000000e+01 0.000000000000000000e+00 1.600000000000000089e+00 8.911999999999999783e-03 7.065399999999999459e-02 9.974610000000000420e-01 6.695759999999999490e-01 7.404420000000000446e-01 -5.843099999999999683e-02 -7.426899999999999613e-01 6.683970000000000189e-01 -4.071000000000000313e-02
1.600000000000000000e+01 4.500000000000000000e+01 2.600000000000000000e+01 0.000000000000000000e+00 1.600000000000000089e+00 2.143000000000000113e-02 3.178000000000000269e-02 9.992649999999999588e-01 4.842069999999999985e-01 8.741200000000000081e-01 -3.818400000000000266e-02 -8.746909999999999963e-01 4.846699999999999897e-01 3.344000000000000184e-03
4.000000000000000000e+00 4.600000000000000000e+01 2.700000000000000000e+01 0.000000000000000000e+00 1.600000000000000089e+00 2.665999999999999967e-03 -2.425000000000000072e-03 -9.999940000000000495e-01 6.712949999999999751e-01 7.411910000000000442e-01 -7.999999999999999638e-06 7.411860000000000115e-01 -6.712900000000000533e-01 3.603999999999999999e-03
2.500000000000000000e+01 4.900000000000000000e+01 2.900000000000000000e+01 0.000000000000000000e+00 1.600000000000000089e+00 -2.420999999999999975e-03 9.223000000000000642e-02 -9.957350000000000367e-01 6.662940000000000529e-01 -7.423600000000000199e-01 -7.038200000000000012e-02 -7.456850000000000422e-01 -6.636220000000000452e-01 -5.965499999999999969e-02
1.400000000000000000e+01 5.000000000000000000e+01 3.000000000000000000e+01 0.000000000000000000e+00 1.600000000000000089e+00 -6.470399999999999763e-02 -3.589919999999999778e-01 -9.310950000000000060e-01 5.978069999999999773e-01 -7.610400000000000498e-01 2.518830000000000235e-01 -7.990239999999999565e-01 -5.403170000000000472e-01 2.638510000000000022e-01
2.600000000000000000e+01 5.000000000000000000e+01 3.000000000000000000e+01 0.000000000000000000e+00 1.600000000000000089e+00 -3.923000000000000272e-03 1.481909999999999894e-01 -9.889510000000000245e-01 6.601439999999999531e-01 -7.424579999999999513e-01 -1.138740000000000030e-01 -7.511290000000000466e-01 -6.532959999999999878e-01 -9.491499999999999937e-02
5.000000000000000000e+00 5.600000000000000000e+01 3.300000000000000000e+01 0.000000000000000000e+00 1.600000000000000089e+00 -2.640950000000000242e-01 -3.251290000000000013e-01 -9.080449999999999910e-01 4.620609999999999995e-01 -8.690499999999999892e-01 1.767809999999999937e-01 -8.466129999999999489e-01 -3.728850000000000220e-01 3.797409999999999952e-01
4.000000000000000000e+00 4.600000000000000000e+01 3.500000000000000000e+01 0.000000000000000000e+00 1.600000000000000089e+00 -3.399400000000000338e-02 -1.733359999999999901e-01 -9.842760000000000398e-01 3.566119999999999846e-01 -9.221200000000000507e-01 1.500730000000000119e-01 -9.336339999999999639e-01 -3.459030000000000160e-01 9.316000000000000669e-02
4.000000000000000000e+00 9.500000000000000000e+01 3.600000000000000000e+01 0.000000000000000000e+00 1.600000000000000089e+00 3.132999999999999934e-03 2.441899999999999973e-02 9.996969999999999468e-01 9.976519999999999833e-01 6.832499999999999685e-02 -4.795999999999999916e-03 -6.842199999999999671e-02 9.973640000000000283e-01 -2.414799999999999933e-02
1.000000000000000000e+01 9.500000000000000000e+01 3.600000000000000000e+01 0.000000000000000000e+00 1.600000000000000089e+00 9.724000000000000005e-03 6.140999999999999757e-03 9.999339999999999895e-01 9.970020000000000548e-01 7.670499999999999541e-02 -1.016700000000000069e-02 -7.676199999999999690e-02 9.970350000000000046e-01 -5.376999999999999835e-03
2.600000000000000000e+01 9.500000000000000000e+01 3.600000000000000000e+01 0.000000000000000000e+00 1.600000000000000089e+00 -1.243799999999999940e-02 -3.193599999999999911e-02 9.994129999999999958e-01 9.974220000000000308e-01 7.024700000000000388e-02 1.465799999999999916e-02 -7.067400000000000071e-02 9.970179999999999598e-01 3.098000000000000059e-02
6.000000000000000000e+00 2.900000000000000000e+01 4.400000000000000000e+01 0.000000000000000000e+00 1.600000000000000089e+00 -3.190999999999999826e-03 -2.159999999999999919e-04 -9.999949999999999672e-01 6.574569999999999581e-01 7.534880000000000466e-01 -2.259999999999999856e-03 7.534849999999999604e-01 -6.574609999999999621e-01 -2.262000000000000122e-03
1.100000000000000000e+01 2.900000000000000000e+01 4.400000000000000000e+01 0.000000000000000000e+00 1.600000000000000089e+00 6.130000000000000466e-04 2.233000000000000176e-03 -9.999970000000000248e-01 6.594700000000000006e-01 7.517279999999999518e-01 2.083000000000000216e-03 7.517300000000000093e-01 -6.594700000000000006e-01 -1.012000000000000096e-03
1.500000000000000000e+01 2.900000000000000000e+01 4.400000000000000000e+01 0.000000000000000000e+00 1.600000000000000089e+00 6.599999999999999964e-04 5.400000000000000069e-04 -1.000000000000000000e+00 6.576180000000000359e-01 7.533509999999999929e-01 8.400000000000000348e-04 7.533509999999999929e-01 -6.576189999999999536e-01 1.420000000000000092e-04
1.900000000000000000e+01 2.900000000000000000e+01 4.400000000000000000e+01 0.000000000000000000e+00 1.600000000000000089e+00 1.299999999999999920e-05 -1.677000000000000105e-03 -9.999989999999999712e-01 6.610070000000000112e-01 7.503790000000000182e-01 -1.250000000000000026e-03 7.503800000000000470e-01 -6.610059999999999825e-01 1.118000000000000070e-03
2.600000000000000000e+01 2.900000000000000000e+01 4.400000000000000000e+01 0.000000000000000000e+00 1.600000000000000089e+00 -6.579999999999999478e-04 1.224999999999999960e-03 -9.999989999999999712e-01 6.549960000000000226e-01 7.556319999999999704e-01 4.939999999999999730e-04 7.556319999999999704e-01 -6.549949999999999939e-01 -1.299000000000000024e-03
1.200000000000000000e+01 6.000000000000000000e+01 4.600000000000000000e+01 0.000000000000000000e+00 1.600000000000000089e+00 -4.266710000000000225e-01 -2.650049999999999906e-01 8.647110000000000074e-01 2.092799999999999938e-01 9.012280000000000291e-01 3.794600000000000195e-01 -8.798599999999999755e-01 3.428709999999999813e-01 -3.290669999999999984e-01
2.300000000000000000e+01 6.500000000000000000e+01 4.600000000000000000e+01 0.000000000000000000e+00 1.600000000000000089e+00 1.757999999999999841e-02 1.602320000000000133e-01 9.869229999999999947e-01 6.483160000000000034e-01 -7.532739999999999991e-01 1.107490000000000002e-01 7.611689999999999845e-01 6.378899999999999570e-01 -1.171240000000000059e-01
2.400000000000000000e+01 4.900000000000000000e+01 5.000000000000000000e+01 0.000000000000000000e+00 1.600000000000000089e+00 4.081060000000000243e-01 9.241800000000000015e-02 9.082449999999999690e-01 -8.108610000000000539e-01 -4.204189999999999872e-01 4.071279999999999899e-01 4.194689999999999808e-01 -9.026110000000000522e-01 -9.663700000000000068e-02
2.900000000000000000e+01 5.600000000000000000e+01 5.000000000000000000e+01 0.000000000000000000e+00 1.600000000000000089e+00 2.712289999999999979e-01 4.560310000000000197e-01 -8.476259999999999906e-01 -9.457339999999999636e-01 2.899909999999999988e-01 -1.466040000000000121e-01 1.789479999999999960e-01 8.413920000000000288e-01 5.099380000000000024e-01
4.000000000000000000e+00 5.000000000000000000e+00 5.100000000000000000e+01 0.000000000000000000e+00 1.600000000000000089e+00 1.649999999999999991e-04 5.289000000000000298e-03 -9.999860000000000415e-01 4.826869999999999772e-01 -8.757810000000000317e-01 -4.551999999999999623e-03 -8.757930000000000437e-01 -4.826799999999999979e-01 -2.697000000000000178e-03
8.000000000000000000e+00 5.000000000000000000e+00 5.100000000000000000e+01 0.000000000000000000e+00 1.600000000000000089e+00 -1.910000000000000022e-03 -4.059000000000000108e-03 -9.999900000000000455e-01 4.846019999999999772e-01 -8.747310000000000363e-01 2.625000000000000163e-03 -8.747329999999999828e-01 -4.845920000000000227e-01 3.637000000000000042e-03
1.500000000000000000e+01 5.000000000000000000e+00 5.100000000000000000e+01 0.000000000000000000e+00 1.600000000000000089e+00 3.684000000000000209e-03 3.272999999999999868e-03 -9.999879999999999880e-01 4.891730000000000245e-01 -8.721860000000000168e-01 -1.052999999999999900e-03 -8.721790000000000376e-01 -4.891630000000000145e-01 -4.813999999999999703e-03
1.900000000000000000e+01 5.000000000000000000e+00 5.100000000000000000e+01 0.000000000000000000e+00 1.600000000000000089e+00 2.592999999999999819e-03 6.408999999999999767e-03 -9.999759999999999760e-01 4.853669999999999929e-01 -8.742999999999999661e-01 -4.344999999999999904e-03 -8.743069999999999453e-01 -4.853439999999999976e-01 -5.376999999999999835e-03
2.200000000000000000e+01 5.000000000000000000e+00 5.100000000000000000e+01 0.000000000000000000e+00 1.600000000000000089e+00 -5.292999999999999962e-03 -1.492999999999999969e-03 -9.999850000000000128e-01 4.887670000000000070e-01 -8.724129999999999940e-01 -1.283999999999999985e-03 -8.723980000000000068e-01 -4.887659999999999783e-01 5.347000000000000190e-03
2.700000000000000000e+01 5.100000000000000000e+01 5.100000000000000000e+01 0.000000000000000000e+00 1.600000000000000089e+00 4.189419999999999811e-01 3.982299999999999729e-02 9.071390000000000287e-01 -7.986130000000000173e-01 -4.592490000000000183e-01 3.889819999999999944e-01 4.320930000000000049e-01 -8.874149999999999539e-01 -1.605949999999999878e-01
1.000000000000000000e+01 1.150000000000000000e+02 5.100000000000000000e+01 0.000000000000000000e+00 1.600000000000000089e+00 1.981000000000000122e-03 8.450000000000000479e-04 9.999980000000000535e-01 8.473330000000000028e-01 -5.310610000000000053e-01 -1.229999999999999974e-03 5.310580000000000300e-01 8.473330000000000028e-01 -1.768000000000000040e-03
2.800000000000000000e+01 1.150000000000000000e+02 5.100000000000000000e+01 0.000000000000000000e+00 1.600000000000000089e+00 -1.824000000000000100e-03 1.012099999999999979e-02 9.999470000000000303e-01 8.451319999999999943e-01 -5.345119999999999871e-01 6.950999999999999714e-03 5.345539999999999736e-01 8.450999999999999623e-01 -7.578999999999999800e-03
1.000000000000000000e+01 7.000000000000000000e+00 5.200000000000000000e+01 0.000000000000000000e+00 1.600000000000000089e+00 -1.490000000000000005e-03 -5.066000000000000190e-03 -9.999860000000000415e-01 9.939499999999999724e-02 -9.950360000000000316e-01 4.892999999999999780e-03 -9.950470000000000148e-01 -9.938600000000000212e-02 1.985999999999999918e-03
2.400000000000000000e+01 5.000000000000000000e+01 5.200000000000000000e+01 0.000000000000000000e+00 1.600000000000000089e+00 4.347650000000000126e-01 8.797900000000000165e-02 8.962360000000000326e-01 -8.015910000000000535e-01 -4.157420000000000004e-01 4.296639999999999904e-01 4.104050000000000198e-01 -9.052170000000000494e-01 -1.102280000000000065e-01
2.600000000000000000e+01 5.100000000000000000e+01 5.200000000000000000e+01 0.000000000000000000e+00 1.600000000000000089e+00 4.305030000000000245e-01 -2.727299999999999863e-02 9.021770000000000067e-01 -8.023820000000000396e-01 -4.693050000000000277e-01 3.686949999999999950e-01 4.133410000000000140e-01 -8.826150000000000384e-01 -2.239200000000000079e-01
2.100000000000000000e+01 2.500000000000000000e+01 5.500000000000000000e+01 0.000000000000000000e+00 1.600000000000000089e+00 -2.099000000000000171e-03 -2.790000000000000054e-04 -9.999980000000000535e-01 -1.369300000000000031e-02 -9.999059999999999615e-01 3.080000000000000055e-04 -9.999040000000000150e-01 1.369300000000000031e-02 2.095000000000000074e-03
2.700000000000000000e+01 2.500000000000000000e+01 5.500000000000000000e+01 0.000000000000000000e+00 1.600000000000000089e+00 -4.040000000000000080e-04 5.460000000000000443e-04 -1.000000000000000000e+00 -1.038099999999999960e-02 -9.999460000000000015e-01 -5.419999999999999471e-04 -9.999460000000000015e-01 1.038099999999999960e-02 4.090000000000000211e-04
2.300000000000000000e+01 6.000000000000000000e+01 5.500000000000000000e+01 0.000000000000000000e+00 1.600000000000000089e+00 -4.551999999999999796e-02 -9.189600000000000546e-02 9.947279999999999456e-01 -3.079799999999999899e-02 9.954159999999999675e-01 9.055000000000000548e-02 -9.984889999999999599e-01 -2.651299999999999837e-02 -4.814100000000000323e-02
2.700000000000000000e+01 6.000000000000000000e+01 5.500000000000000000e+01 0.000000000000000000e+00 1.600000000000000089e+00 -1.792099999999999943e-02 -8.591999999999999638e-02 9.961410000000000542e-01 6.097199999999999842e-02 9.943530000000000424e-01 8.686299999999999577e-02 -9.979789999999999495e-01 6.229400000000000215e-02 -1.258100000000000017e-02
2.300000000000000000e+01 5.100000000000000000e+01 5.600000000000000000e+01 0.000000000000000000e+00 1.600000000000000089e+00 4.190880000000000161e-01 -1.609849999999999892e-01 8.935600000000000209e-01 -8.833839999999999471e-01 -2.996599999999999819e-01 3.603290000000000104e-01 2.097559999999999980e-01 -9.403660000000000352e-01 -2.677959999999999785e-01
9.000000000000000000e+00 6.800000000000000000e+01 5.700000000000000000e+01 0.000000000000000000e+00 1.600000000000000089e+00 -4.905999999999999771e-03 9.728999999999999801e-03 -9.999409999999999688e-01 -2.357829999999999926e-01 -9.717700000000000227e-01 -8.297999999999999821e-03 -9.717930000000000179e-01 2.357279999999999931e-01 7.060999999999999568e-03
4.000000000000000000e+00 2.100000000000000000e+01 6.000000000000000000e+01 0.000000000000000000e+00 1.600000000000000089e+00 2.649999999999999903e-04 2.213000000000000123e-03 9.999970000000000248e-01 -9.708999999999999575e-02 9.952729999999999633e-01 -2.177000000000000116e-03 -9.952750000000000208e-01 -9.708999999999999575e-02 4.789999999999999879e-04
1.100000000000000000e+01 2.100000000000000000e+01 6.000000000000000000e+01 0.000000000000000000e+00 1.600000000000000089e+00 -8.379999999999999862e-04 8.004000000000000697e-03 9.999679999999999680e-01 -9.614799999999999736e-02 9.953349999999999698e-01 -8.047000000000000333e-03 -9.953670000000000018e-01 -9.615100000000000036e-02 -6.499999999999999431e-05
1.600000000000000000e+01 2.100000000000000000e+01 6.000000000000000000e+01 0.000000000000000000e+00 1.600000000000000089e+00 -5.180000000000000143e-04 -1.027499999999999941e-02 9.999470000000000303e-01 -9.779100000000000292e-02 9.951550000000000118e-01 1.017599999999999928e-02 -9.952069999999999528e-01 -9.778000000000000580e-02 -1.521000000000000000e-03
2.400000000000000000e+01 2.100000000000000000e+01 6.000000000000000000e+01 0.000000000000000000e+00 1.600000000000000089e+00 -5.649999999999999641e-04 4.734999999999999626e-03 9.999890000000000168e-01 -9.719400000000000261e-02 9.952539999999999720e-01 -4.767999999999999669e-03 -9.952649999999999553e-01 -9.719600000000000461e-02 -1.019999999999999992e-04
2.900000000000000000e+01 2.100000000000000000e+01 6.000000000000000000e+01 0.000000000000000000e+00 1.600000000000000089e+00 3.579999999999999741e-04 3.539000000000000045e-03 9.999940000000000495e-01 -9.571399999999999353e-02 9.954030000000000378e-01 -3.488000000000000215e-03 -9.954089999999999883e-01 -9.571200000000000541e-02 6.949999999999999798e-04
2.500000000000000000e+01 3.000000000000000000e+00 6.300000000000000000e+01 0.000000000000000000e+00 1.600000000000000089e+00 6.299999999999999990e-05 -2.501999999999999884e-03 9.999970000000000248e-01 -6.167340000000000044e-01 7.871690000000000076e-01 2.007999999999999802e-03 -7.871709999999999541e-01 -6.167329999999999757e-01 -1.492999999999999969e-03
3.000000000000000000e+01 3.000000000000000000e+00 6.300000000000000000e+01 0.000000000000000000e+00 1.600000000000000089e+00 -1.299999999999999940e-03 -2.353000000000000057e-03 9.999959999999999960e-01 -6.159630000000000383e-01 7.877739999999999743e-01 1.052999999999999900e-03 -7.877739999999999743e-01 -6.159599999999999520e-01 -2.472999999999999938e-03
3.000000000000000000e+00 2.700000000000000000e+01 6.300000000000000000e+01 0.000000000000000000e+00 1.600000000000000089e+00 1.033000000000000064e-03 -3.787000000000000002e-03 9.999919999999999920e-01 -2.777270000000000016e-01 9.606519999999999504e-01 3.924999999999999670e-03 -9.606590000000000407e-01 -2.777290000000000036e-01 -5.899999999999999754e-05
8.000000000000000000e+00 2.700000000000000000e+01 6.300000000000000000e+01 0.000000000000000000e+00 1.600000000000000089e+00 1.402000000000000034e-03 -4.356999999999999762e-03 9.999900000000000455e-01 -2.788050000000000250e-01 9.603369999999999962e-01 4.575000000000000074e-03 -9.603469999999999507e-01 -2.788089999999999735e-01 1.320000000000000101e-04
1.300000000000000000e+01 2.700000000000000000e+01 6.300000000000000000e+01 0.000000000000000000e+00 1.600000000000000089e+00 -4.730000000000000046e-04 -1.456999999999999962e-03 9.999989999999999712e-01 -2.710400000000000031e-01 9.625669999999999504e-01 1.273999999999999959e-03 -9.625679999999999792e-01 -2.710389999999999744e-01 -8.499999999999999526e-04
1.900000000000000000e+01 2.700000000000000000e+01 6.300000000000000000e+01 0.000000000000000000e+00 1.600000000000000089e+00 7.240000000000000342e-04 -2.442999999999999859e-03 9.999970000000000248e-01 -2.656930000000000125e-01 9.640539999999999665e-01 2.547999999999999918e-03 -9.640570000000000528e-01 -2.656939999999999857e-01 4.899999999999999842e-05
2.400000000000000000e+01 2.700000000000000000e+01 6.300000000000000000e+01 0.000000000000000000e+00 1.600000000000000089e+00 4.220000000000000118e-04 7.391000000000000000e-03 9.999730000000000008e-01 -2.678320000000000145e-01 9.634399999999999631e-01 -7.008000000000000340e-03 -9.634660000000000446e-01 -2.678220000000000045e-01 2.386000000000000100e-03
3.000000000000000000e+01 2.700000000000000000e+01 6.300000000000000000e+01 0.000000000000000000e+00 1.600000000000000089e+00 9.399999999999999719e-04 -2.160000000000000028e-03 9.999970000000000248e-01 -2.705469999999999819e-01 9.627040000000000042e-01 2.334000000000000137e-03 -9.627059999999999507e-01 -2.705480000000000107e-01 3.209999999999999963e-04
4.000000000000000000e+00 2.600000000000000000e+01 6.400000000000000000e+01 0.000000000000000000e+00 1.600000000000000089e+00 1.793000000000000106e-03 -3.305000000000000212e-03 9.999930000000000208e-01 -3.638540000000000108e-01 9.314489999999999714e-01 3.729999999999999809e-03 -9.314540000000000042e-01 -3.638580000000000148e-01 4.679999999999999915e-04
8.000000000000000000e+00 2.600000000000000000e+01 6.400000000000000000e+01 0.000000000000000000e+00 1.600000000000000089e+00 1.900999999999999912e-03 -4.542000000000000030e-03 9.999879999999999880e-01 -3.642250000000000210e-01 9.312979999999999592e-01 4.922000000000000160e-03 -9.313090000000000535e-01 -3.642299999999999982e-01 1.169999999999999979e-04
1.600000000000000000e+01 2.600000000000000000e+01 6.400000000000000000e+01 0.000000000000000000e+00 1.600000000000000089e+00 -4.629999999999999784e-04 -4.433999999999999574e-03 9.999900000000000455e-01 -3.462480000000000002e-01 9.381340000000000234e-01 3.998999999999999951e-03 -9.381429999999999492e-01 -3.462430000000000230e-01 -1.968999999999999830e-03
2.200000000000000000e+01 2.600000000000000000e+01 6.400000000000000000e+01 0.000000000000000000e+00 1.600000000000000089e+00 5.370000000000000424e-04 4.334000000000000179e-03 9.999900000000000455e-01 -3.464900000000000202e-01 9.380460000000000464e-01 -3.879000000000000069e-03 -9.380530000000000257e-01 -3.464849999999999874e-01 2.004999999999999838e-03
2.600000000000000000e+01 2.600000000000000000e+01 6.400000000000000000e+01 0.000000000000000000e+00 1.600000000000000089e+00 3.020000000000000223e-04 6.122999999999999970e-03 9.999810000000000088e-01 -3.514630000000000254e-01 9.361850000000000449e-01 -5.627000000000000057e-03 -9.362019999999999786e-01 -3.514550000000000174e-01 2.435000000000000098e-03
3.000000000000000000e+01 2.600000000000000000e+01 6.400000000000000000e+01 0.000000000000000000e+00 1.600000000000000089e+00 1.146000000000000100e-03 -5.959999999999999586e-04 9.999989999999999712e-01 -3.539619999999999989e-01 9.352589999999999515e-01 9.629999999999999888e-04 -9.352589999999999515e-01 -3.539630000000000276e-01 8.610000000000000032e-04
1.600000000000000000e+01 5.400000000000000000e+01 6.400000000000000000e+01 0.000000000000000000e+00 1.600000000000000089e+00 3.939559999999999729e-01 -7.670299999999999341e-02 -9.159230000000000427e-01 -7.829429999999999445e-01 4.939850000000000074e-01 -3.781269999999999909e-01 4.814550000000000218e-01 8.660809999999999897e-01 1.345550000000000079e-01
2.100000000000000000e+01 5.000000000000000000e+01 6.500000000000000000e+01 0.000000000000000000e+00 1.600000000000000089e+00 -1.770660000000000012e-01 -2.647269999999999901e-01 -9.479279999999999928e-01 3.031909999999999883e-01 9.016349999999999643e-01 -3.084319999999999840e-01 9.363350000000000284e-01 -3.420159999999999867e-01 -7.938599999999999823e-02
1.400000000000000000e+01 5.300000000000000000e+01 6.500000000000000000e+01 0.000000000000000000e+00 1.600000000000000089e+00 4.624630000000000130e-01 -1.084180000000000005e-01 -8.799850000000000172e-01 -7.664349999999999774e-01 4.501009999999999733e-01 -4.582430000000000114e-01 4.457639999999999936e-01 8.863720000000000487e-01 1.250600000000000045e-01
4.000000000000000000e+00 2.500000000000000000e+01 7.300000000000000000e+01 0.000000000000000000e+00 1.600000000000000089e+00 -1.007000000000000083e-03 -4.094999999999999682e-03 9.999909999999999632e-01 7.466009999999999591e-01 -6.652689999999999992e-01 -1.971999999999999795e-03 6.652709999999999457e-01 7.465929999999999511e-01 3.726999999999999844e-03
1.300000000000000000e+01 2.500000000000000000e+01 7.300000000000000000e+01 0.000000000000000000e+00 1.600000000000000089e+00 -9.810000000000001011e-04 -1.410400000000000022e-02 9.999000000000000110e-01 7.446989999999999998e-01 -6.673440000000000483e-01 -8.682999999999999746e-03 6.673989999999999645e-01 7.446159999999999446e-01 1.115799999999999952e-02
8.000000000000000000e+00 4.400000000000000000e+01 7.300000000000000000e+01 0.000000000000000000e+00 1.600000000000000089e+00 2.175900000000000056e-02 1.387960000000000027e-01 9.900820000000000176e-01 3.186699999999999949e-02 -9.899099999999999566e-01 1.380709999999999993e-01 9.992550000000000043e-01 2.854599999999999846e-02 -2.596199999999999897e-02
1.600000000000000000e+01 4.400000000000000000e+01 7.300000000000000000e+01 0.000000000000000000e+00 1.600000000000000089e+00 1.925999999999999978e-03 1.366000000000000027e-03 9.999970000000000248e-01 5.319499999999999923e-02 -9.985829999999999984e-01 1.262000000000000101e-03 9.985819999999999697e-01 5.319299999999999723e-02 -1.995999999999999944e-03
2.200000000000000000e+01 4.400000000000000000e+01 7.300000000000000000e+01 0.000000000000000000e+00 1.600000000000000089e+00 -3.330000000000000169e-04 -6.917000000000000405e-03 9.999759999999999760e-01 5.064699999999999758e-02 -9.986930000000000529e-01 -6.891000000000000424e-03 9.987169999999999659e-01 5.064300000000000052e-02 6.830000000000000134e-04
3.000000000000000000e+00 2.500000000000000000e+01 7.400000000000000000e+01 0.000000000000000000e+00 1.600000000000000089e+00 -9.430000000000000448e-04 -3.396000000000000147e-03 9.999940000000000495e-01 8.232070000000000221e-01 -5.677400000000000224e-01 -1.152000000000000029e-03 5.677400000000000224e-01 8.232009999999999605e-01 3.331000000000000193e-03
1.000000000000000000e+01 2.500000000000000000e+01 7.400000000000000000e+01 0.000000000000000000e+00 1.600000000000000089e+00 1.592000000000000099e-03 -6.821999999999999939e-03 9.999749999999999472e-01 8.224289999999999656e-01 -5.688440000000000163e-01 -5.190000000000000169e-03 5.688649999999999540e-01 8.224169999999999536e-01 4.704999999999999981e-03
1.400000000000000000e+01 5.100000000000000000e+01 7.600000000000000000e+01 0.000000000000000000e+00 1.600000000000000089e+00 -1.177000000000000095e-03 -7.889000000000000179e-03 -9.999679999999999680e-01 -4.048559999999999937e-01 -9.143480000000000496e-01 7.689999999999999787e-03 -9.143799999999999706e-01 4.048519999999999897e-01 -2.118000000000000091e-03
2.600000000000000000e+01 5.100000000000000000e+01 7.600000000000000000e+01 0.000000000000000000e+00 1.600000000000000089e+00 3.472999999999999959e-03 6.132000000000000298e-03 -9.999749999999999472e-01 -4.007609999999999784e-01 -9.161559999999999704e-01 -7.009999999999999738e-03 -9.161759999999999904e-01 4.007749999999999924e-01 -7.240000000000000342e-04
