5.000000000000000000e+00 2.500000000000000000e+01 1.000000000000000000e+00 0.000000000000000000e+00 1.600000000000000089e+00 4.520999999999999845e-03 6.647000000000000131e-03 -9.999679999999999680e-01 -5.209430000000000449e-01 -8.535540000000000349e-01 -8.028999999999999679e-03 -8.535789999999999766e-01 5.209629999999999539e-01 -3.970000000000000005e-04
1.100000000000000000e+01 2.500000000000000000e+01 1.000000000000000000e+00 0.000000000000000000e+00 1.600000000000000089e+00 -2.177999999999999815e-03 -1.051000000000000024e-02 -9.999419999999999975e-01 -5.182149999999999812e-01 -8.551910000000000345e-01 1.011699999999999926e-02 -8.552480000000000082e-01 5.182069999999999732e-01 -3.583999999999999946e-03
2.200000000000000000e+01 2.500000000000000000e+01 1.000000000000000000e+00 0.000000000000000000e+00 1.600000000000000089e+00 -2.302999999999999926e-03 -5.401999999999999684e-03 -9.999829999999999552e-01 -5.208270000000000399e-01 -8.536420000000000119e-01 5.811000000000000193e-03 -8.536589999999999456e-01 5.208310000000000439e-01 -8.480000000000000124e-04
2.900000000000000000e+01 1.700000000000000000e+01 3.000000000000000000e+00 0.000000000000000000e+00 1.600000000000000089e+00 2.188100000000000114e-02 1.541000000000000009e-02 -9.996420000000000305e-01 -6.907600000000000406e-01 -7.226069999999999993e-01 -2.625900000000000109e-02 -7.227529999999999788e-01 6.910880000000000356e-01 -5.166999999999999718e-03
2.800000000000000000e+01 4.200000000000000000e+01 3.000000000000000000e+00 0.000000000000000000e+00 1.600000000000000089e+00 -5.358880000000000310e-01 -5.834899999999999531e-01 6.102149999999999519e-01 -7.441740000000000022e-01 6.678180000000000227e-01 -1.495999999999999934e-02 -3.987840000000000273e-01 -4.621230000000000060e-01 -7.920939999999999648e-01
7.000000000000000000e+00 1.900000000000000000e+01 5.000000000000000000e+00 0.000000000000000000e+00 1.600000000000000089e+00 1.410000000000000012e-03 2.497000000000000088e-03 -9.999959999999999960e-01 -6.926269999999999927e-01 -7.212910000000000155e-01 -2.778000000000000087e-03 -7.212950000000000195e-01 6.926280000000000214e-01 7.129999999999999836e-04
1.000000000000000000e+01 1.900000000000000000e+01 5.000000000000000000e+00 0.000000000000000000e+00 1.600000000000000089e+00 8.399999999999999535e-05 -8.347999999999999518e-03 -9.999649999999999928e-01 -6.927919999999999634e-01 -7.211130000000000040e-01 5.961000000000000153e-03 -7.211379999999999457e-01 6.927670000000000217e-01 -5.844000000000000236e-03
1.400000000000000000e+01 1.900000000000000000e+01 5.000000000000000000e+00 0.000000000000000000e+00 1.600000000000000089e+00 8.809999999999999472e-04 -3.412999999999999801e-03 -9.999940000000000495e-01 -6.946409999999999529e-01 -7.193540000000000489e-01 1.843000000000000020e-03 -7.193559999999999954e-01 6.946350000000000025e-01 -3.004000000000000160e-03
2.300000000000000000e+01 1.900000000000000000e+01 5.000000000000000000e+00 0.000000000000000000e+00 1.600000000000000089e+00 -1.484000000000000076e-03 -3.624000000000000051e-03 -9.999919999999999920e-01 -7.026019999999999488e-01 -7.115740000000000398e-01 3.621999999999999786e-03 -7.115820000000000478e-01 7.026019999999999488e-01 -1.490000000000000005e-03
2.000000000000000000e+00 1.010000000000000000e+02 7.000000000000000000e+00 0.000000000000000000e+00 1.600000000000000089e+00 -3.399999999999999973e-05 -1.350799999999999917e-02 9.999090000000000478e-01 8.894320000000000004e-01 4.570259999999999878e-01 6.204000000000000313e-03 -4.570679999999999743e-01 8.893510000000000026e-01 1.199899999999999925e-02
1.300000000000000000e+01 1.010000000000000000e+02 7.000000000000000000e+00 0.000000000000000000e+00 1.600000000000000089e+00 1.482000000000000027e-03 -1.545599999999999925e-02 9.998789999999999623e-01 8.829270000000000174e-01 4.694729999999999737e-01 5.948000000000000162e-03 -4.695079999999999809e-01 8.828120000000000411e-01 1.434200000000000058e-02
5.000000000000000000e+00 2.500000000000000000e+01 8.000000000000000000e+00 0.000000000000000000e+00 1.600000000000000089e+00 -3.396000000000000147e-03 -5.004999999999999900e-03 -9.999820000000000375e-01 4.401599999999999957e-01 8.978990000000000027e-01 -5.989000000000000400e-03 8.979129999999999612e-01 -4.401729999999999809e-01 -8.459999999999999638e-04
8.000000000000000000e+00 2.500000000000000000e+01 8.000000000000000000e+00 0.000000000000000000e+00 1.600000000000000089e+00 -1.495999999999999934e-03 -8.212999999999999814e-03 -9.999649999999999928e-01 4.396610000000000240e-01 8.981280000000000374e-01 -8.033999999999999475e-03 8.981630000000000447e-01 -4.396570000000000200e-01 2.268000000000000051e-03
1.300000000000000000e+01 2.500000000000000000e+01 8.000000000000000000e+00 0.000000000000000000e+00 1.600000000000000089e+00 1.033999999999999980e-03 -8.021999999999999617e-03 -9.999670000000000503e-01 4.379709999999999992e-01 8.989639999999999853e-01 -6.758000000000000118e-03 8.989890000000000381e-01 -4.379489999999999772e-01 4.442999999999999901e-03
1.700000000000000000e+01 2.500000000000000000e+01 8.000000000000000000e+00 0.000000000000000000e+00 1.600000000000000089e+00 9.000000000000000567e-05 1.031000000000000015e-03 -1.000000000000000000e+00 4.390189999999999926e-01 8.984769999999999701e-01 9.659999999999999533e-04 8.984779999999999989e-01 -4.390189999999999926e-01 -3.719999999999999891e-04
2.200000000000000000e+01 2.500000000000000000e+01 8.000000000000000000e+00 0.000000000000000000e+00 1.600000000000000089e+00 1.315999999999999896e-03 4.341000000000000240e-03 -9.999900000000000455e-01 4.394879999999999898e-01 8.982369999999999521e-01 4.477000000000000077e-03 8.982480000000000464e-01 -4.394890000000000185e-01 -7.259999999999999743e-04
2.600000000000000000e+01 2.500000000000000000e+01 8.000000000000000000e+00 0.000000000000000000e+00 1.600000000000000089e+00 2.343000000000000031e-03 2.259000000000000157e-03 -9.999949999999999672e-01 4.388199999999999878e-01 8.985699999999999799e-01 3.057999999999999954e-03 8.985720000000000374e-01 -4.388250000000000206e-01 1.113999999999999973e-03
5.000000000000000000e+00 2.400000000000000000e+01 9.000000000000000000e+00 0.000000000000000000e+00 1.600000000000000089e+00 -2.660000000000000038e-03 -6.688999999999999634e-03 -9.999740000000000295e-01 4.465870000000000117e-01 8.947110000000000340e-01 -7.172999999999999689e-03 8.947359999999999758e-01 -4.465950000000000197e-01 6.070000000000000092e-04
8.000000000000000000e+00 2.400000000000000000e+01 9.000000000000000000e+00 0.000000000000000000e+00 1.600000000000000089e+00 -5.519999999999999733e-04 -9.702999999999999819e-03 -9.999529999999999808e-01 4.460359999999999880e-01 8.949700000000000433e-01 -8.930999999999999703e-03 8.950150000000000050e-01 -4.460200000000000276e-01 3.834000000000000168e-03
1.200000000000000000e+01 2.400000000000000000e+01 9.000000000000000000e+00 0.000000000000000000e+00 1.600000000000000089e+00 1.381999999999999982e-03 -1.025700000000000049e-02 -9.999460000000000015e-01 4.446970000000000089e-01 8.956399999999999917e-01 -8.573000000000000759e-03 8.956800000000000317e-01 -4.446609999999999729e-01 5.799000000000000335e-03
1.800000000000000000e+01 2.400000000000000000e+01 9.000000000000000000e+00 0.000000000000000000e+00 1.600000000000000089e+00 3.020000000000000223e-04 3.578000000000000017e-03 -9.999940000000000495e-01 4.447070000000000189e-01 8.956699999999999662e-01 3.338999999999999954e-03 8.956760000000000277e-01 -4.447050000000000169e-01 -1.320999999999999909e-03
2.300000000000000000e+01 2.400000000000000000e+01 9.000000000000000000e+00 0.000000000000000000e+00 1.600000000000000089e+00 1.235999999999999903e-03 5.326000000000000005e-03 -9.999850000000000128e-01 4.458579999999999766e-01 8.950879999999999947e-01 5.317999999999999811e-03 8.951029999999999820e-01 -4.458579999999999766e-01 -1.268999999999999946e-03
2.700000000000000000e+01 2.400000000000000000e+01 9.000000000000000000e+00 0.000000000000000000e+00 1.600000000000000089e+00 2.239999999999999804e-03 3.147000000000000058e-03 -9.999919999999999920e-01 4.448710000000000164e-01 8.955870000000000219e-01 3.814999999999999815e-03 8.955920000000000547e-01 -4.448759999999999937e-01 6.059999999999999849e-04
4.000000000000000000e+00 7.000000000000000000e+00 1.000000000000000000e+01 0.000000000000000000e+00 1.600000000000000089e+00 -4.946600000000000302e-02 -3.587100000000000011e-02 -9.981309999999999905e-01 -9.848519999999999497e-01 -1.645340000000000136e-01 5.472099999999999881e-02 -1.661890000000000034e-01 9.857190000000000119e-01 -2.718900000000000136e-02
8.000000000000000000e+00 7.000000000000000000e+00 1.000000000000000000e+01 0.000000000000000000e+00 1.600000000000000089e+00 5.472000000000000301e-03 -6.779999999999999569e-03 -9.999620000000000175e-01 -9.911419999999999675e-01 -1.327319999999999889e-01 -4.524000000000000243e-03 -1.326970000000000094e-01 9.911290000000000378e-01 -7.446000000000000361e-03
2.000000000000000000e+01 8.000000000000000000e+00 1.000000000000000000e+01 0.000000000000000000e+00 1.600000000000000089e+00 6.467499999999999638e-02 2.523800000000000002e-02 -9.975870000000000015e-01 -9.883520000000000083e-01 -1.363870000000000082e-01 -6.752700000000000369e-02 -1.377619999999999956e-01 9.903340000000000476e-01 1.612299999999999844e-02
2.500000000000000000e+01 8.000000000000000000e+00 1.000000000000000000e+01 0.000000000000000000e+00 1.600000000000000089e+00 6.179599999999999677e-02 9.757000000000000048e-03 -9.980409999999999560e-01 -9.970210000000000461e-01 -4.563799999999999801e-02 -6.217899999999999816e-02 -4.615500000000000158e-02 9.989099999999999646e-01 6.908000000000000078e-03
3.000000000000000000e+00 3.000000000000000000e+00 1.100000000000000000e+01 0.000000000000000000e+00 1.600000000000000089e+00 -1.763999999999999943e-03 -6.397799999999999321e-02 9.979500000000000037e-01 1.332510000000000083e-01 -9.890670000000000295e-01 -6.317300000000000693e-02 9.910809999999999897e-01 1.328660000000000119e-01 1.026999999999999962e-02
9.000000000000000000e+00 3.000000000000000000e+00 1.100000000000000000e+01 0.000000000000000000e+00 1.600000000000000089e+00 -1.461000000000000059e-03 1.863300000000000026e-02 9.998249999999999638e-01 1.209540000000000060e-01 -9.924819999999999753e-01 1.867299999999999863e-02 9.926570000000000116e-01 1.209599999999999981e-01 -8.040000000000000271e-04
2.600000000000000000e+01 4.000000000000000000e+00 1.100000000000000000e+01 0.000000000000000000e+00 1.600000000000000089e+00 -2.593999999999999952e-03 5.671699999999999658e-02 9.983870000000000244e-01 1.735210000000000086e-01 -9.832189999999999541e-01 5.630700000000000288e-02 9.848270000000000080e-01 1.733879999999999866e-01 -7.290999999999999738e-03
3.000000000000000000e+00 3.200000000000000000e+01 1.400000000000000000e+01 0.000000000000000000e+00 1.600000000000000089e+00 1.299999999999999886e-04 2.828999999999999918e-03 -9.999959999999999960e-01 1.173519999999999980e-01 9.930860000000000243e-01 2.824999999999999820e-03 9.930900000000000283e-01 -1.173519999999999980e-01 -2.030000000000000012e-04
7.000000000000000000e+00 3.200000000000000000e+01 1.400000000000000000e+01 0.000000000000000000e+00 1.600000000000000089e+00 6.809999999999999647e-04 2.291000000000000068e-03 -9.999970000000000248e-01 1.194349999999999995e-01 9.928390000000000271e-01 2.356000000000000021e-03 9.928420000000000023e-01 -1.194370000000000015e-01 4.029999999999999837e-04
1.000000000000000000e+01 3.200000000000000000e+01 1.400000000000000000e+01 0.000000000000000000e+00 1.600000000000000089e+00 3.114000000000000015e-03 -2.611000000000000040e-03 -9.999919999999999920e-01 1.200969999999999954e-01 9.927599999999999758e-01 -2.217999999999999920e-03 9.927570000000000006e-01 -1.200890000000000013e-01 3.405000000000000041e-03
1.400000000000000000e+01 3.200000000000000000e+01 1.400000000000000000e+01 0.000000000000000000e+00 1.600000000000000089e+00 1.544999999999999932e-03 -5.740000000000000310e-03 -9.999820000000000375e-01 1.197389999999999982e-01 9.927899999999999503e-01 -5.512999999999999672e-03 9.928040000000000198e-01 -1.197280000000000011e-01 2.222000000000000017e-03
2.500000000000000000e+01 3.200000000000000000e+01 1.400000000000000000e+01 0.000000000000000000e+00 1.600000000000000089e+00 -1.412000000000000061e-03 6.849000000000000053e-03 -9.999759999999999760e-01 1.157829999999999970e-01 9.932520000000000238e-01 6.638999999999999936e-03 9.932739999999999903e-01 -1.157709999999999989e-01 -2.194999999999999903e-03
6.000000000000000000e+00 1.160000000000000000e+02 1.600000000000000000e+01 0.000000000000000000e+00 1.600000000000000089e+00 -3.749999999999999861e-03 -4.121999999999999796e-03 9.999839999999999840e-01 7.375059999999999949e-01 6.753179999999999739e-01 5.549000000000000113e-03 -6.753299999999999859e-01 7.375159999999999494e-01 5.079999999999999880e-04
2.800000000000000000e+01 1.160000000000000000e+02 1.600000000000000000e+01 0.000000000000000000e+00 1.600000000000000089e+00 -1.726000000000000104e-03 1.167000000000000069e-03 9.999980000000000535e-01 8.284540000000000237e-01 5.600559999999999983e-01 7.770000000000000214e-04 -5.600540000000000518e-01 8.284540000000000237e-01 -1.933999999999999955e-03
2.600000000000000000e+01 3.600000000000000000e+01 1.800000000000000000e+01 0.000000000000000000e+00 1.600000000000000089e+00 -4.440230000000000010e-01 3.054499999999999924e-02 -8.954940000000000122e-01 -8.868470000000000519e-01 -1.575890000000000069e-01 4.343600000000000239e-01 -1.278519999999999934e-01 9.870320000000000205e-01 9.706199999999999550e-02
8.000000000000000000e+00 2.000000000000000000e+00 1.900000000000000000e+01 0.000000000000000000e+00 1.600000000000000089e+00 -4.374000000000000284e-03 -9.542000000000000134e-03 -9.999449999999999728e-01 3.457649999999999890e-01 -9.382909999999999862e-01 7.440999999999999698e-03 -9.383110000000000062e-01 -3.457140000000000213e-01 7.402999999999999858e-03
1.100000000000000000e+01 3.000000000000000000e+00 1.900000000000000000e+01 0.000000000000000000e+00 1.600000000000000089e+00 -7.760000000000000404e-03 1.266499999999999918e-02 -9.998899999999999455e-01 3.125279999999999725e-01 -9.497980000000000311e-01 -1.445600000000000010e-02 -9.498769999999999714e-01 -3.126059999999999950e-01 3.412000000000000102e-03
1.400000000000000000e+01 3.000000000000000000e+00 1.900000000000000000e+01 0.000000000000000000e+00 1.600000000000000089e+00 -5.697999999999999940e-03 2.588299999999999976e-02 -9.996490000000000098e-01 3.198520000000000252e-01 -9.471009999999999707e-01 -2.634600000000000136e-02 -9.474500000000000144e-01 -3.198900000000000077e-01 -2.882000000000000013e-03
1.900000000000000000e+01 3.000000000000000000e+00 1.900000000000000000e+01 0.000000000000000000e+00 1.600000000000000089e+00 -5.971999999999999878e-03 3.496599999999999708e-02 -9.993710000000000093e-01 3.257450000000000068e-01 -9.448090000000000099e-01 -3.500299999999999939e-02 -9.454390000000000294e-01 -3.257490000000000108e-01 -5.747999999999999637e-03
2.600000000000000000e+01 3.000000000000000000e+00 1.900000000000000000e+01 0.000000000000000000e+00 1.600000000000000089e+00 -8.501999999999999141e-03 4.023199999999999693e-02 -9.991539999999999866e-01 3.337789999999999924e-01 -9.417699999999999960e-01 -4.076099999999999862e-02 -9.426130000000000342e-01 -3.338439999999999741e-01 -5.421999999999999736e-03
5.000000000000000000e+00 4.000000000000000000e+00 2.000000000000000000e+01 0.000000000000000000e+00 1.600000000000000089e+00 -1.051000000000000068e-03 -1.267700000000000077e-02 -9.999190000000000023e-01 3.268619999999999859e-01 -9.450009999999999799e-01 1.163699999999999977e-02 -9.450720000000000232e-01 -3.268229999999999746e-01 5.137000000000000073e-03
2.200000000000000000e+01 4.000000000000000000e+00 2.000000000000000000e+01 0.000000000000000000e+00 1.600000000000000089e+00 -4.093000000000000284e-03 3.126099999999999712e-02 -9.995030000000000303e-01 3.645090000000000274e-01 -9.306969999999999965e-01 -3.060200000000000073e-02 -9.311909999999999910e-01 -3.644530000000000269e-01 -7.585999999999999861e-03
2.700000000000000000e+01 4.000000000000000000e+00 2.000000000000000000e+01 0.000000000000000000e+00 1.600000000000000089e+00 -5.144000000000000135e-03 3.485400000000000303e-02 -9.993790000000000173e-01 3.839850000000000207e-01 -9.227070000000000549e-01 -3.415699999999999986e-02 -9.233249999999999513e-01 -3.839230000000000143e-01 -8.637000000000000580e-03
6.000000000000000000e+00 1.300000000000000000e+01 2.000000000000000000e+01 0.000000000000000000e+00 1.600000000000000089e+00 -2.219000000000000052e-03 -1.587000000000000086e-03 9.999959999999999960e-01 2.626789999999999958e-01 9.648809999999999887e-01 2.113999999999999994e-03 -9.648809999999999887e-01 2.626829999999999998e-01 -1.724000000000000055e-03
1.100000000000000000e+01 1.300000000000000000e+01 2.000000000000000000e+01 0.000000000000000000e+00 1.600000000000000089e+00 -9.920000000000000432e-04 -3.699999999999999947e-04 9.999989999999999712e-01 2.618750000000000244e-01 9.651020000000000154e-01 6.170000000000000354e-04 -9.651009999999999867e-01 2.618750000000000244e-01 -8.610000000000000032e-04
1.500000000000000000e+01 1.300000000000000000e+01 2.000000000000000000e+01 0.000000000000000000e+00 1.600000000000000089e+00 4.060000000000000024e-04 4.087999999999999620e-03 9.999919999999999920e-01 2.594330000000000247e-01 9.657520000000000548e-01 -4.053000000000000179e-03 -9.657609999999999806e-01 2.594330000000000247e-01 -6.689999999999999983e-04
1.800000000000000000e+01 1.300000000000000000e+01 2.000000000000000000e+01 0.000000000000000000e+00 1.600000000000000089e+00 -5.330000000000000536e-04 -8.189999999999999581e-04 9.999989999999999712e-01 2.596330000000000027e-01 9.657069999999999821e-01 9.300000000000000541e-04 -9.657069999999999821e-01 2.596330000000000027e-01 -3.020000000000000223e-04
2.400000000000000000e+01 1.300000000000000000e+01 2.000000000000000000e+01 0.000000000000000000e+00 1.600000000000000089e+00 4.499999999999999877e-04 -2.889999999999999774e-04 1.000000000000000000e+00 2.613130000000000175e-01 9.652539999999999454e-01 1.610000000000000103e-04 -9.652539999999999454e-01 2.613119999999999887e-01 5.100000000000000366e-04
2.800000000000000000e+01 1.300000000000000000e+01 2.000000000000000000e+01 0.000000000000000000e+00 1.600000000000000089e+00 1.698999999999999989e-03 1.640000000000000019e-04 9.999989999999999712e-01 2.627360000000000251e-01 9.648670000000000302e-01 -6.049999999999999606e-04 -9.648660000000000014e-01 2.627369999999999983e-01 1.595999999999999979e-03
7.000000000000000000e+00 1.600000000000000000e+01 2.100000000000000000e+01 0.000000000000000000e+00 1.600000000000000089e+00 -2.546999999999999785e-03 -4.905999999999999771e-03 9.999850000000000128e-01 2.988489999999999758e-01 9.542850000000000499e-01 5.442999999999999922e-03 -9.542969999999999509e-01 2.988580000000000125e-01 -9.650000000000000374e-04
2.700000000000000000e+01 3.900000000000000000e+01 2.300000000000000000e+01 0.000000000000000000e+00 1.600000000000000089e+00 -4.661730000000000040e-01 -8.104209999999999470e-01 3.548259999999999748e-01 -8.260840000000000405e-01 5.422979999999999468e-01 1.532910000000000106e-01 -3.166510000000000158e-01 -2.216559999999999919e-01 -9.222799999999999887e-01
2.000000000000000000e+01 2.000000000000000000e+00 2.500000000000000000e+01 0.000000000000000000e+00 1.600000000000000089e+00 -8.498999999999999611e-03 2.290100000000000122e-02 9.997019999999999795e-01 8.965599999999999958e-02 -9.956939999999999680e-01 2.357100000000000167e-02 9.959369999999999612e-01 8.982999999999999319e-02 6.408999999999999767e-03
1.100000000000000000e+01 3.000000000000000000e+00 2.500000000000000000e+01 0.000000000000000000e+00 1.600000000000000089e+00 -2.608000000000000075e-03 5.536000000000000122e-03 9.999810000000000088e-01 -4.047599999999999809e-02 -9.991659999999999986e-01 5.426000000000000267e-03 9.991769999999999818e-01 -4.046099999999999697e-02 2.830000000000000050e-03
2.300000000000000000e+01 3.000000000000000000e+00 2.500000000000000000e+01 0.000000000000000000e+00 1.600000000000000089e+00 -8.966000000000000011e-03 2.835500000000000173e-02 9.995579999999999465e-01 2.729900000000000035e-02 -9.992180000000000506e-01 2.859000000000000083e-02 9.995870000000000033e-01 2.754300000000000151e-02 8.184999999999999568e-03
2.900000000000000000e+01 3.000000000000000000e+00 2.500000000000000000e+01 0.000000000000000000e+00 1.600000000000000089e+00 -1.244100000000000067e-02 2.855900000000000105e-02 9.995150000000000423e-01 3.660900000000000265e-02 -9.989090000000000469e-01 2.899699999999999847e-02 9.992520000000000291e-01 3.695199999999999874e-02 1.138199999999999976e-02
8.000000000000000000e+00 4.300000000000000000e+01 2.600000000000000000e+01 0.000000000000000000e+00 1.600000000000000089e+00 -9.246899999999999564e-02 2.331030000000000046e-01 -9.680459999999999621e-01 9.838599999999999568e-01 -1.281879999999999964e-01 -1.248469999999999996e-01 -1.531939999999999968e-01 -9.639659999999999895e-01 -2.174870000000000136e-01
2.600000000000000000e+01 3.800000000000000000e+01 2.900000000000000000e+01 0.000000000000000000e+00 1.600000000000000089e+00 3.357910000000000061e-01 3.207530000000000103e-01 -8.856420000000000403e-01 8.642330000000000290e-01 2.690379999999999994e-01 4.251119999999999899e-01 3.746269999999999878e-01 -9.081500000000000128e-01 -1.868650000000000033e-01
2.200000000000000000e+01 4.400000000000000000e+01 3.100000000000000000e+01 0.000000000000000000e+00 1.600000000000000089e+00 9.117480000000000029e-01 -2.000159999999999993e-01 -3.587589999999999946e-01 2.169159999999999977e-01 9.761649999999999494e-01 7.034999999999999587e-03 3.488010000000000277e-01 -8.423500000000000432e-02 9.334040000000000115e-01
4.000000000000000000e+00 5.800000000000000000e+01 3.100000000000000000e+01 0.000000000000000000e+00 1.600000000000000089e+00 -2.689999999999999791e-04 -7.772000000000000262e-03 9.999700000000000255e-01 -8.070389999999999509e-01 -5.904789999999999761e-01 -4.806000000000000376e-03 5.904989999999999961e-01 -8.070159999999999556e-01 -6.113999999999999643e-03
1.200000000000000000e+01 5.800000000000000000e+01 3.100000000000000000e+01 0.000000000000000000e+00 1.600000000000000089e+00 -5.146000000000000400e-03 1.407000000000000048e-03 9.999860000000000415e-01 -8.082139999999999880e-01 -5.888799999999999590e-01 -3.331000000000000193e-03 5.888670000000000293e-01 -8.082190000000000207e-01 4.167999999999999830e-03
1.800000000000000000e+01 5.800000000000000000e+01 3.100000000000000000e+01 0.000000000000000000e+00 1.600000000000000089e+00 -5.789999999999999791e-04 -1.050599999999999971e-02 9.999449999999999728e-01 -8.067029999999999479e-01 -5.909189999999999721e-01 -6.675999999999999643e-03 5.909569999999999546e-01 -8.066619999999999902e-01 -8.132999999999999605e-03
2.400000000000000000e+01 5.800000000000000000e+01 3.100000000000000000e+01 0.000000000000000000e+00 1.600000000000000089e+00 1.003999999999999901e-03 -1.618299999999999947e-02 9.998690000000000078e-01 -7.978250000000000064e-01 -6.028229999999999977e-01 -8.956000000000000419e-03 6.028879999999999795e-01 -7.977109999999999479e-01 -1.351600000000000024e-02
2.900000000000000000e+01 5.800000000000000000e+01 3.100000000000000000e+01 0.000000000000000000e+00 1.600000000000000089e+00 2.577999999999999996e-03 8.599000000000000740e-03 9.999599999999999600e-01 -7.892219999999999791e-01 -6.140649999999999720e-01 7.315000000000000321e-03 6.141029999999999545e-01 -7.892090000000000494e-01 5.203000000000000159e-03
2.400000000000000000e+01 3.800000000000000000e+01 3.400000000000000000e+01 0.000000000000000000e+00 1.600000000000000089e+00 4.835999999999999743e-01 -8.546859999999999458e-01 -1.887939999999999896e-01 8.554270000000000485e-01 5.071900000000000297e-01 -1.048950000000000021e-01 1.854069999999999885e-01 -1.107719999999999955e-01 9.763979999999999881e-01
1.000000000000000000e+01 3.700000000000000000e+01 3.500000000000000000e+01 0.000000000000000000e+00 1.600000000000000089e+00 2.129550000000000054e-01 2.372370000000000034e-01 -9.478229999999999711e-01 -4.393349999999999755e-01 -8.432260000000000311e-01 -3.097659999999999858e-01 -8.727169999999999650e-01 4.823779999999999735e-01 -7.534200000000000619e-02
2.800000000000000000e+01 2.900000000000000000e+01 3.600000000000000000e+01 0.000000000000000000e+00 1.600000000000000089e+00 4.597229999999999928e-01 4.174350000000000005e-01 -7.838380000000000347e-01 8.027339999999999476e-01 1.821820000000000106e-01 5.678269999999999706e-01 3.798320000000000030e-01 -8.902569999999999650e-01 -2.513369999999999771e-01
2.600000000000000000e+01 3.000000000000000000e+01 3.600000000000000000e+01 0.000000000000000000e+00 1.600000000000000089e+00 3.358140000000000014e-01 4.282380000000000075e-01 -8.389520000000000310e-01 8.183179999999999898e-01 3.084399999999999920e-01 4.849959999999999827e-01 4.664599999999999858e-01 -8.493979999999999864e-01 -2.468569999999999931e-01
1.100000000000000000e+01 9.500000000000000000e+01 3.600000000000000000e+01 0.000000000000000000e+00 1.600000000000000089e+00 8.548000000000000043e-03 -1.417559999999999931e-01 9.898649999999999949e-01 9.974680000000000213e-01 7.109400000000000441e-02 1.567999999999999949e-03 -7.059600000000000597e-02 9.873450000000000282e-01 1.420049999999999923e-01
2.000000000000000000e+01 3.400000000000000000e+01 4.000000000000000000e+01 0.000000000000000000e+00 1.600000000000000089e+00 6.529300000000000381e-02 -7.121880000000000432e-01 6.989450000000000385e-01 7.617920000000000247e-01 -4.168390000000000151e-01 -4.959009999999999807e-01 6.445220000000000393e-01 5.648300000000000542e-01 5.153229999999999755e-01
2.200000000000000000e+01 3.800000000000000000e+01 4.000000000000000000e+01 0.000000000000000000e+00 1.600000000000000089e+00 -5.531650000000000178e-01 -7.587139999999999995e-01 -3.440380000000000105e-01 -8.207189999999999763e-01 4.254669999999999841e-01 3.813110000000000110e-01 -1.429290000000000005e-01 4.932860000000000023e-01 -8.580440000000000289e-01
9.000000000000000000e+00 4.800000000000000000e+01 4.100000000000000000e+01 0.000000000000000000e+00 1.600000000000000089e+00 1.232390000000000013e-01 5.285999999999999900e-03 9.923629999999999951e-01 8.260760000000000325e-01 5.535889999999999977e-01 -1.055370000000000058e-01 -5.499190000000000467e-01 8.327729999999999855e-01 6.385699999999999710e-02
1.100000000000000000e+01 4.800000000000000000e+01 4.200000000000000000e+01 0.000000000000000000e+00 1.600000000000000089e+00 1.240720000000000017e-01 -9.382200000000000262e-02 9.878280000000000394e-01 8.785389999999999588e-01 4.731719999999999815e-01 -6.540500000000000480e-02 -4.612760000000000193e-01 8.759599999999999609e-01 1.411330000000000084e-01
2.600000000000000000e+01 2.500000000000000000e+01 4.300000000000000000e+01 0.000000000000000000e+00 1.600000000000000089e+00 1.201770000000000060e-01 2.665600000000000191e-01 -9.562969999999999526e-01 8.140380000000000393e-01 5.249120000000000452e-01 2.486140000000000017e-01 5.682420000000000249e-01 -8.083399999999999475e-01 -1.539079999999999893e-01
2.500000000000000000e+01 5.100000000000000000e+01 4.300000000000000000e+01 0.000000000000000000e+00 1.600000000000000089e+00 -1.178799999999999987e-01 4.325700000000000101e-01 -8.938610000000000166e-01 -6.190170000000000394e-01 6.718370000000000175e-01 4.067589999999999817e-01 7.764809999999999768e-01 6.012640000000000207e-01 1.885729999999999906e-01
2.400000000000000000e+01 5.200000000000000000e+01 4.300000000000000000e+01 0.000000000000000000e+00 1.600000000000000089e+00 -6.580199999999999938e-02 4.183439999999999936e-01 -9.059019999999999850e-01 -5.074600000000000222e-01 7.676690000000000458e-01 3.913679999999999937e-01 8.591590000000000060e-01 4.854620000000000046e-01 1.617780000000000051e-01
2.000000000000000000e+00 8.000000000000000000e+00 4.400000000000000000e+01 0.000000000000000000e+00 1.600000000000000089e+00 -1.482000000000000027e-03 -1.471000000000000085e-03 9.999980000000000535e-01 -7.916919999999999513e-01 -6.109160000000000146e-01 -2.073000000000000190e-03 6.109179999999999611e-01 -7.916940000000000088e-01 -2.590000000000000071e-04
1.000000000000000000e+01 8.000000000000000000e+00 4.400000000000000000e+01 0.000000000000000000e+00 1.600000000000000089e+00 -1.667000000000000079e-03 2.763999999999999964e-03 9.999949999999999672e-01 -8.027410000000000379e-01 -5.963279999999999692e-01 3.099999999999999999e-04 5.963260000000000227e-01 -8.027360000000000051e-01 3.213000000000000144e-03
2.200000000000000000e+01 8.000000000000000000e+00 4.400000000000000000e+01 0.000000000000000000e+00 1.600000000000000089e+00 -2.448999999999999788e-03 -5.168999999999999984e-03 9.999839999999999840e-01 -7.857990000000000252e-01 -6.184610000000000385e-01 -5.120999999999999684e-03 6.184770000000000545e-01 -7.857990000000000252e-01 -2.546999999999999785e-03
1.200000000000000000e+01 5.400000000000000000e+01 4.600000000000000000e+01 0.000000000000000000e+00 1.600000000000000089e+00 -1.277700000000000016e-02 -4.134999999999999787e-02 9.990630000000000344e-01 2.684480000000000199e-01 -9.626059999999999617e-01 -3.640800000000000286e-02 9.632089999999999819e-01 2.677309999999999968e-01 2.339899999999999966e-02
2.300000000000000000e+01 6.500000000000000000e+01 4.600000000000000000e+01 0.000000000000000000e+00 1.600000000000000089e+00 -3.122000000000000209e-03 2.601000000000000013e-03 9.999919999999999920e-01 6.790920000000000289e-01 -7.340419999999999723e-01 4.028999999999999596e-03 7.340459999999999763e-01 6.790990000000000082e-01 5.249999999999999676e-04
8.000000000000000000e+00 2.900000000000000000e+01 4.800000000000000000e+01 0.000000000000000000e+00 1.600000000000000089e+00 4.885999999999999718e-03 -1.071150000000000019e-01 9.942349999999999799e-01 3.583430000000000226e-01 9.284040000000000070e-01 9.826200000000000212e-02 -9.335769999999999902e-01 3.557969999999999744e-01 4.291999999999999982e-02
1.800000000000000000e+01 2.900000000000000000e+01 4.800000000000000000e+01 0.000000000000000000e+00 1.600000000000000089e+00 1.884999999999999957e-03 7.565999999999999809e-03 9.999700000000000255e-01 3.597279999999999922e-01 9.330249999999999932e-01 -7.738000000000000086e-03 -9.330549999999999677e-01 3.597310000000000230e-01 -9.629999999999999888e-04
2.300000000000000000e+01 2.900000000000000000e+01 4.800000000000000000e+01 0.000000000000000000e+00 1.600000000000000089e+00 9.235000000000000153e-03 3.183159999999999878e-01 9.479400000000000048e-01 3.990159999999999818e-01 8.680649999999999755e-01 -2.953810000000000047e-01 -9.168979999999999908e-01 3.809710000000000041e-01 -1.189960000000000045e-01
2.700000000000000000e+01 6.000000000000000000e+00 5.100000000000000000e+01 0.000000000000000000e+00 1.600000000000000089e+00 -3.052000000000000025e-03 -6.229000000000000162e-03 -9.999759999999999760e-01 2.975659999999999972e-01 -9.546879999999999811e-01 5.039000000000000076e-03 -9.546959999999999891e-01 -2.975430000000000019e-01 4.767000000000000404e-03
1.800000000000000000e+01 4.500000000000000000e+01 5.100000000000000000e+01 0.000000000000000000e+00 1.600000000000000089e+00 9.340049999999999741e-01 -1.937129999999999963e-01 -3.001820000000000044e-01 3.243659999999999877e-01 8.119709999999999983e-01 4.852719999999999811e-01 1.497360000000000080e-01 -5.506159999999999943e-01 8.212190000000000323e-01
2.000000000000000000e+01 1.150000000000000000e+02 5.100000000000000000e+01 0.000000000000000000e+00 1.600000000000000089e+00 -1.603000000000000041e-03 -2.577199999999999977e-02 9.996669999999999723e-01 8.386259999999999826e-01 -5.445600000000000440e-01 -1.269400000000000042e-02 5.447049999999999947e-01 8.383260000000000156e-01 2.248599999999999904e-02
2.500000000000000000e+01 1.150000000000000000e+02 5.100000000000000000e+01 0.000000000000000000e+00 1.600000000000000089e+00 -6.781999999999999834e-03 -1.278800000000000076e-02 9.998949999999999783e-01 8.439060000000000450e-01 -5.364900000000000224e-01 -1.136999999999999990e-03 5.364489999999999537e-01 8.438099999999999490e-01 1.443099999999999938e-02
8.000000000000000000e+00 5.800000000000000000e+01 5.200000000000000000e+01 0.000000000000000000e+00 1.600000000000000089e+00 -6.475999999999999986e-03 -3.177300000000000263e-02 9.994739999999999736e-01 -6.175450000000000106e-01 7.862550000000000372e-01 2.099300000000000124e-02 -7.865090000000000137e-01 -6.170839999999999659e-01 -2.471299999999999886e-02
4.000000000000000000e+00 5.700000000000000000e+01 5.300000000000000000e+01 0.000000000000000000e+00 1.600000000000000089e+00 -1.269799999999999922e-02 -1.570200000000000068e-02 9.997960000000000180e-01 -5.384299999999999642e-01 8.426460000000000061e-01 6.395999999999999776e-03 -8.425740000000000451e-01 -5.382390000000000230e-01 -1.915400000000000089e-02
5.000000000000000000e+00 6.300000000000000000e+01 5.400000000000000000e+01 0.000000000000000000e+00 1.600000000000000089e+00 -2.076999999999999853e-03 -5.283999999999999635e-03 9.999839999999999840e-01 -3.698779999999999846e-01 9.290709999999999802e-01 4.140999999999999716e-03 -9.290779999999999594e-01 -3.698629999999999973e-01 -3.883999999999999866e-03
1.000000000000000000e+01 6.300000000000000000e+01 5.400000000000000000e+01 0.000000000000000000e+00 1.600000000000000089e+00 -2.755000000000000070e-03 -1.070300000000000071e-02 9.999390000000000223e-01 -3.687650000000000095e-01 9.294799999999999729e-01 8.932999999999999968e-03 -9.295179999999999554e-01 -3.687179999999999902e-01 -6.507999999999999896e-03
1.500000000000000000e+01 6.300000000000000000e+01 5.400000000000000000e+01 0.000000000000000000e+00 1.600000000000000089e+00 1.005999999999999950e-03 -7.669999999999999951e-04 9.999989999999999712e-01 -3.815549999999999775e-01 9.243449999999999722e-01 1.092000000000000089e-03 -9.243460000000000010e-01 -3.815560000000000063e-01 6.369999999999999794e-04
2.000000000000000000e+01 6.300000000000000000e+01 5.400000000000000000e+01 0.000000000000000000e+00 1.600000000000000089e+00 -1.111000000000000008e-03 1.691999999999999928e-03 9.999980000000000535e-01 -3.804270000000000151e-01 9.248089999999999922e-01 -1.987000000000000051e-03 -9.248100000000000209e-01 -3.804279999999999884e-01 -3.829999999999999854e-04
2.200000000000000000e+01 6.300000000000000000e+01 5.400000000000000000e+01 0.000000000000000000e+00 1.600000000000000089e+00 6.819999999999999890e-04 1.554000000000000043e-03 9.999989999999999712e-01 -3.733989999999999809e-01 9.276699999999999946e-01 -1.186999999999999904e-03 -9.276699999999999946e-01 -3.733980000000000077e-01 1.213000000000000102e-03
2.600000000000000000e+01 6.300000000000000000e+01 5.400000000000000000e+01 0.000000000000000000e+00 1.600000000000000089e+00 8.390000000000000105e-04 5.424000000000000002e-03 9.999850000000000128e-01 -3.655689999999999773e-01 9.307720000000000438e-01 -4.741999999999999688e-03 -9.307839999999999447e-01 -3.655599999999999961e-01 2.763999999999999964e-03
2.300000000000000000e+01 2.500000000000000000e+01 5.500000000000000000e+01 0.000000000000000000e+00 1.600000000000000089e+00 7.100000000000000462e-05 1.186450000000000005e-01 9.929369999999999585e-01 3.458999999999999835e-03 9.929310000000000080e-01 -1.186450000000000005e-01 -9.999940000000000495e-01 3.442999999999999880e-03 -3.400000000000000244e-04
2.700000000000000000e+01 2.500000000000000000e+01 5.500000000000000000e+01 0.000000000000000000e+00 1.600000000000000089e+00 -4.852999999999999675e-03 -6.974500000000000144e-02 9.975530000000000230e-01 8.427000000000000463e-03 9.975260000000000238e-01 6.978499999999999981e-02 -9.999529999999999808e-01 8.744999999999999302e-03 -4.252999999999999836e-03
6.000000000000000000e+00 2.600000000000000000e+01 5.500000000000000000e+01 0.000000000000000000e+00 1.600000000000000089e+00 -3.330000000000000169e-04 -5.089999999999999906e-03 -9.999869999999999592e-01 -2.808899999999999939e-02 -9.995920000000000361e-01 5.096999999999999968e-03 -9.996049999999999658e-01 2.809000000000000039e-02 1.900000000000000105e-04
7.000000000000000000e+00 2.900000000000000000e+01 5.500000000000000000e+01 0.000000000000000000e+00 1.600000000000000089e+00 2.756999999999999902e-03 4.303099999999999981e-02 9.990700000000000136e-01 7.050700000000000023e-02 -9.965960000000000374e-01 4.272999999999999715e-02 9.975079999999999503e-01 7.032299999999999662e-02 -5.780999999999999681e-03
2.000000000000000000e+01 3.100000000000000000e+01 5.500000000000000000e+01 0.000000000000000000e+00 1.600000000000000089e+00 1.184869999999999951e-01 4.032479999999999953e-01 -9.073870000000000546e-01 3.358999999999999764e-01 8.436719999999999775e-01 4.187939999999999996e-01 9.344149999999999956e-01 -3.544129999999999781e-01 -3.548699999999999771e-02
1.500000000000000000e+01 5.600000000000000000e+01 5.500000000000000000e+01 0.000000000000000000e+00 1.600000000000000089e+00 -1.532429999999999903e-01 2.494220000000000048e-01 -9.561929999999999596e-01 -8.803339999999999499e-01 -4.740340000000000109e-01 1.743400000000000158e-02 -4.489190000000000125e-01 8.444409999999999972e-01 2.922170000000000045e-01
6.000000000000000000e+00 2.000000000000000000e+01 6.000000000000000000e+01 0.000000000000000000e+00 1.600000000000000089e+00 1.650999999999999907e-03 1.644999999999999978e-03 9.999970000000000248e-01 -6.296100000000000307e-02 9.980149999999999855e-01 -1.536999999999999955e-03 -9.980149999999999855e-01 -6.295900000000000107e-02 1.750999999999999952e-03
3.000000000000000000e+00 2.100000000000000000e+01 6.000000000000000000e+01 0.000000000000000000e+00 1.600000000000000089e+00 3.139999999999999888e-04 4.205000000000000404e-03 9.999909999999999632e-01 -9.416299999999999670e-02 9.955479999999999885e-01 -4.157000000000000105e-03 -9.955570000000000253e-01 -9.416099999999999470e-02 7.079999999999999705e-04
1.200000000000000000e+01 2.100000000000000000e+01 6.000000000000000000e+01 0.000000000000000000e+00 1.600000000000000089e+00 1.420000000000000092e-04 3.029000000000000008e-03 9.999949999999999672e-01 -9.610200000000000686e-02 9.953670000000000018e-01 -3.001999999999999894e-03 -9.953720000000000345e-01 -9.610100000000000586e-02 4.330000000000000081e-04
1.600000000000000000e+01 2.100000000000000000e+01 6.000000000000000000e+01 0.000000000000000000e+00 1.600000000000000089e+00 9.039999999999999642e-04 -7.851000000000000340e-03 9.999689999999999968e-01 -9.749800000000000133e-02 9.952039999999999775e-01 7.901999999999999302e-03 -9.952349999999999808e-01 -9.750200000000000533e-02 1.340000000000000045e-04
2.200000000000000000e+01 2.100000000000000000e+01 6.000000000000000000e+01 0.000000000000000000e+00 1.600000000000000089e+00 -1.572999999999999962e-03 9.310000000000000567e-03 9.999550000000000383e-01 -9.928800000000000125e-02 9.950139999999999540e-01 -9.419999999999999554e-03 -9.950579999999999981e-01 -9.929799999999999738e-02 -6.409999999999999682e-04
2.700000000000000000e+01 2.100000000000000000e+01 6.000000000000000000e+01 0.000000000000000000e+00 1.600000000000000089e+00 2.458999999999999814e-03 6.921000000000000069e-03 9.999730000000000008e-01 -9.647400000000000420e-02 9.953130000000000033e-01 -6.650999999999999794e-03 -9.953330000000000233e-01 -9.645499999999999907e-02 3.115000000000000147e-03
1.600000000000000000e+01 6.000000000000000000e+00 6.100000000000000000e+01 0.000000000000000000e+00 1.600000000000000089e+00 -1.590000000000000050e-03 -5.226999999999999875e-03 9.999850000000000128e-01 5.690819999999999768e-01 -8.222739999999999494e-01 -3.393000000000000183e-03 8.222800000000000109e-01 5.690680000000000183e-01 4.282000000000000216e-03
6.000000000000000000e+00 2.700000000000000000e+01 6.300000000000000000e+01 0.000000000000000000e+00 1.600000000000000089e+00 1.530000000000000056e-04 2.210000000000000050e-04 1.000000000000000000e+00 -2.706729999999999969e-01 9.626710000000000544e-01 -1.720000000000000066e-04 -9.626710000000000544e-01 -2.706729999999999969e-01 2.069999999999999900e-04
