4.000000000000000000e+00 2.500000000000000000e+01 1.000000000000000000e+00 0.000000000000000000e+00 1.600000000000000089e+00 2.177000000000000116e-03 -2.139999999999999975e-04 -9.999980000000000535e-01 -5.166600000000000081e-01 -8.561900000000000066e-01 -9.420000000000000205e-04 -8.561879999999999491e-01 5.166610000000000369e-01 -1.974000000000000060e-03
2.700000000000000000e+01 2.500000000000000000e+01 1.000000000000000000e+00 0.000000000000000000e+00 1.600000000000000089e+00 -1.441999999999999922e-03 1.879999999999999944e-03 -9.999970000000000248e-01 -5.226039999999999575e-01 -8.525749999999999718e-01 -8.490000000000000368e-04 -8.525749999999999718e-01 5.226009999999999822e-01 2.211999999999999991e-03
2.000000000000000000e+00 1.500000000000000000e+01 4.000000000000000000e+00 0.000000000000000000e+00 1.600000000000000089e+00 -7.259999999999999743e-04 -1.268000000000000030e-03 9.999989999999999712e-01 3.114350000000000174e-01 -9.502669999999999728e-01 -9.790000000000000525e-04 9.502669999999999728e-01 3.114339999999999886e-01 1.085000000000000027e-03
9.000000000000000000e+00 1.500000000000000000e+01 4.000000000000000000e+00 0.000000000000000000e+00 1.600000000000000089e+00 -3.110000000000000243e-04 6.148999999999999952e-03 9.999810000000000088e-01 3.133889999999999731e-01 -9.496059999999999501e-01 5.936999999999999569e-03 9.496250000000000524e-01 3.133850000000000247e-01 -1.631000000000000071e-03
1.600000000000000000e+01 1.500000000000000000e+01 4.000000000000000000e+00 0.000000000000000000e+00 1.600000000000000089e+00 -1.240000000000000000e-03 -7.636999999999999691e-03 9.999700000000000255e-01 3.136289999999999911e-01 -9.495209999999999484e-01 -6.863000000000000177e-03 9.495449999999999724e-01 3.136109999999999731e-01 3.572999999999999787e-03
1.800000000000000000e+01 1.500000000000000000e+01 4.000000000000000000e+00 0.000000000000000000e+00 1.600000000000000089e+00 9.319999999999999942e-04 -4.303999999999999666e-03 9.999900000000000455e-01 3.143070000000000030e-01 -9.493110000000000159e-01 -4.379000000000000080e-03 9.493209999999999704e-01 3.143079999999999763e-01 4.679999999999999915e-04
2.200000000000000000e+01 1.500000000000000000e+01 4.000000000000000000e+00 0.000000000000000000e+00 1.600000000000000089e+00 3.661999999999999891e-03 4.686000000000000061e-03 9.999820000000000375e-01 3.144159999999999733e-01 -9.492800000000000127e-01 3.297000000000000017e-03 9.492779999999999552e-01 3.143980000000000108e-01 -4.949000000000000274e-03
2.700000000000000000e+01 1.500000000000000000e+01 4.000000000000000000e+00 0.000000000000000000e+00 1.600000000000000089e+00 2.151000000000000134e-03 -4.886999999999999851e-03 9.999860000000000415e-01 3.195939999999999892e-01 -9.475400000000000489e-01 -5.317999999999999811e-03 9.475519999999999499e-01 3.196010000000000240e-01 -4.760000000000000234e-04
2.300000000000000000e+01 4.000000000000000000e+00 5.000000000000000000e+00 0.000000000000000000e+00 1.600000000000000089e+00 -8.531000000000000388e-03 -2.060599999999999932e-02 9.997509999999999453e-01 2.224279999999999868e-01 -9.747789999999999511e-01 -1.819399999999999837e-02 9.749120000000000008e-01 2.222169999999999979e-01 1.289900000000000074e-02
8.000000000000000000e+00 1.010000000000000000e+02 7.000000000000000000e+00 0.000000000000000000e+00 1.600000000000000089e+00 4.530000000000000064e-04 -2.280000000000000126e-04 1.000000000000000000e+00 8.863199999999999967e-01 4.630739999999999856e-01 -2.959999999999999849e-04 -4.630730000000000124e-01 8.863199999999999967e-01 4.110000000000000155e-04
1.200000000000000000e+01 1.010000000000000000e+02 7.000000000000000000e+00 0.000000000000000000e+00 1.600000000000000089e+00 3.569999999999999823e-03 8.730999999999999178e-03 9.999559999999999560e-01 8.876969999999999583e-01 4.603709999999999747e-01 -7.189000000000000078e-03 -4.604130000000000167e-01 8.876840000000000286e-01 -6.106999999999999582e-03
1.600000000000000000e+01 1.010000000000000000e+02 7.000000000000000000e+00 0.000000000000000000e+00 1.600000000000000089e+00 7.759999999999999971e-04 -7.342999999999999701e-03 9.999730000000000008e-01 8.890599999999999614e-01 4.577820000000000222e-01 2.671999999999999896e-03 -4.577890000000000015e-01 8.890339999999999909e-01 6.884000000000000362e-03
1.900000000000000000e+01 1.010000000000000000e+02 7.000000000000000000e+00 0.000000000000000000e+00 1.600000000000000089e+00 -9.340000000000000429e-04 -1.027299999999999915e-02 9.999470000000000303e-01 8.898859999999999548e-01 4.561490000000000267e-01 5.517000000000000202e-03 -4.561819999999999764e-01 8.898439999999999683e-01 8.715000000000000524e-03
4.000000000000000000e+00 2.500000000000000000e+01 8.000000000000000000e+00 0.000000000000000000e+00 1.600000000000000089e+00 -2.353000000000000057e-03 -5.376999999999999835e-03 -9.999829999999999552e-01 4.479529999999999901e-01 8.940379999999999994e-01 -5.860999999999999890e-03 8.940540000000000154e-01 -4.479589999999999961e-01 3.049999999999999868e-04
8.000000000000000000e+00 2.500000000000000000e+01 8.000000000000000000e+00 0.000000000000000000e+00 1.600000000000000089e+00 -1.507000000000000093e-03 -6.539999999999999590e-04 -9.999989999999999712e-01 4.490890000000000160e-01 8.934860000000000024e-01 -1.260999999999999968e-03 8.934860000000000024e-01 -4.490899999999999892e-01 -1.051999999999999984e-03
1.700000000000000000e+01 2.500000000000000000e+01 8.000000000000000000e+00 0.000000000000000000e+00 1.600000000000000089e+00 -1.440000000000000036e-04 -4.093000000000000284e-03 -9.999919999999999920e-01 4.490359999999999907e-01 8.935060000000000224e-01 -3.722000000000000048e-03 8.935140000000000304e-01 -4.490330000000000155e-01 1.709000000000000016e-03
2.100000000000000000e+01 2.500000000000000000e+01 8.000000000000000000e+00 0.000000000000000000e+00 1.600000000000000089e+00 5.980000000000000072e-04 -4.590999999999999595e-03 -9.999890000000000168e-01 4.493289999999999784e-01 8.933579999999999854e-01 -3.833000000000000036e-03 8.933659999999999934e-01 -4.493219999999999992e-01 2.596999999999999916e-03
2.500000000000000000e+01 2.500000000000000000e+01 8.000000000000000000e+00 0.000000000000000000e+00 1.600000000000000089e+00 1.915000000000000036e-03 3.066000000000000149e-03 -9.999930000000000208e-01 4.488880000000000092e-01 8.935809999999999587e-01 3.599000000000000202e-03 8.935859999999999914e-01 -4.488920000000000132e-01 3.350000000000000113e-04
4.000000000000000000e+00 2.400000000000000000e+01 9.000000000000000000e+00 0.000000000000000000e+00 1.600000000000000089e+00 -1.874000000000000015e-03 -3.588000000000000043e-03 -9.999919999999999920e-01 4.534690000000000110e-01 8.912630000000000274e-01 -4.048000000000000383e-03 8.912700000000000067e-01 -4.534730000000000150e-01 -4.300000000000000165e-05
9.000000000000000000e+00 2.400000000000000000e+01 9.000000000000000000e+00 0.000000000000000000e+00 1.600000000000000089e+00 -1.299000000000000024e-03 3.438000000000000084e-03 -9.999930000000000208e-01 4.548150000000000248e-01 8.905830000000000135e-01 2.471000000000000106e-03 8.905849999999999600e-01 -4.548079999999999901e-01 -2.720000000000000195e-03
1.700000000000000000e+01 2.400000000000000000e+01 9.000000000000000000e+00 0.000000000000000000e+00 1.600000000000000089e+00 3.399999999999999973e-05 -4.433000000000000308e-03 -9.999900000000000455e-01 4.534869999999999735e-01 8.912539999999999907e-01 -3.935000000000000130e-03 8.912630000000000274e-01 -4.534819999999999962e-01 2.040000000000000147e-03
2.500000000000000000e+01 2.400000000000000000e+01 9.000000000000000000e+00 0.000000000000000000e+00 1.600000000000000089e+00 1.936999999999999920e-03 5.194999999999999965e-03 -9.999850000000000128e-01 4.534039999999999737e-01 8.912879999999999692e-01 5.507999999999999875e-03 8.913029999999999564e-01 -4.534070000000000045e-01 -6.290000000000000018e-04
6.000000000000000000e+00 3.100000000000000000e+01 1.200000000000000000e+01 0.000000000000000000e+00 1.600000000000000089e+00 1.469999999999999953e-04 -2.733000000000000186e-03 9.999959999999999960e-01 -1.069000000000000072e-03 9.999959999999999960e-01 2.733000000000000186e-03 -9.999989999999999712e-01 -1.069000000000000072e-03 1.440000000000000036e-04
2.000000000000000000e+01 3.100000000000000000e+01 1.200000000000000000e+01 0.000000000000000000e+00 1.600000000000000089e+00 -1.497999999999999983e-03 -4.923000000000000292e-03 9.999869999999999592e-01 -2.586999999999999890e-03 9.999850000000000128e-01 4.918999999999999762e-03 -9.999959999999999960e-01 -2.579999999999999828e-03 -1.510000000000000057e-03
2.300000000000000000e+01 3.100000000000000000e+01 1.200000000000000000e+01 0.000000000000000000e+00 1.600000000000000089e+00 -1.124999999999999915e-03 -2.714999999999999965e-03 9.999959999999999960e-01 6.999999999999999387e-05 9.999959999999999960e-01 2.714999999999999965e-03 -9.999989999999999712e-01 7.299999999999999903e-05 -1.124999999999999915e-03
2.600000000000000000e+01 3.100000000000000000e+01 1.200000000000000000e+01 0.000000000000000000e+00 1.600000000000000089e+00 -7.569999999999999689e-04 -2.049999999999999956e-04 1.000000000000000000e+00 1.203999999999999992e-03 9.999989999999999712e-01 2.059999999999999928e-04 -9.999989999999999712e-01 1.204999999999999908e-03 -7.560000000000000530e-04
1.200000000000000000e+01 3.200000000000000000e+01 1.400000000000000000e+01 0.000000000000000000e+00 1.600000000000000089e+00 1.369999999999999961e-04 4.272999999999999889e-03 -9.999909999999999632e-01 1.063130000000000047e-01 9.943239999999999856e-01 4.263000000000000296e-03 9.943330000000000224e-01 -1.063130000000000047e-01 -3.190000000000000019e-04
5.000000000000000000e+00 1.200000000000000000e+01 1.500000000000000000e+01 0.000000000000000000e+00 1.600000000000000089e+00 -6.740000000000000114e-04 -1.997000000000000077e-03 -9.999980000000000535e-01 -4.719229999999999814e-01 -8.816370000000000040e-01 2.077999999999999986e-03 -8.816399999999999793e-01 4.719229999999999814e-01 -3.480000000000000020e-04
7.000000000000000000e+00 1.160000000000000000e+02 1.600000000000000000e+01 0.000000000000000000e+00 1.600000000000000089e+00 4.870000000000000197e-04 2.380000000000000171e-03 9.999970000000000248e-01 6.944420000000000037e-01 7.195449999999999902e-01 -2.050999999999999872e-03 -7.195479999999999654e-01 6.944409999999999750e-01 -1.302999999999999905e-03
2.000000000000000000e+00 2.000000000000000000e+00 1.900000000000000000e+01 0.000000000000000000e+00 1.600000000000000089e+00 5.550000000000000462e-04 8.715999999999999789e-03 -9.999620000000000175e-01 1.905779999999999974e-01 -9.816359999999999530e-01 -8.449999999999999178e-03 -9.816719999999999891e-01 -1.905660000000000132e-01 -2.206000000000000062e-03
9.000000000000000000e+00 2.000000000000000000e+00 1.900000000000000000e+01 0.000000000000000000e+00 1.600000000000000089e+00 1.987000000000000051e-03 5.569999999999999864e-04 -9.999980000000000535e-01 1.910640000000000116e-01 -9.815779999999999506e-01 -1.669999999999999935e-04 -9.815760000000000041e-01 -1.910630000000000106e-01 -2.056999999999999801e-03
1.300000000000000000e+01 2.000000000000000000e+00 1.900000000000000000e+01 0.000000000000000000e+00 1.600000000000000089e+00 -7.849999999999999990e-04 -1.332000000000000068e-03 -9.999989999999999712e-01 1.927109999999999934e-01 -9.812549999999999883e-01 1.154999999999999994e-03 -9.812549999999999883e-01 -1.927099999999999924e-01 1.026999999999999918e-03
1.900000000000000000e+01 2.000000000000000000e+00 1.900000000000000000e+01 0.000000000000000000e+00 1.600000000000000089e+00 -1.575000000000000011e-03 -2.714999999999999965e-03 -9.999949999999999672e-01 1.957119999999999971e-01 -9.806589999999999474e-01 2.354999999999999889e-03 -9.806599999999999762e-01 -1.957079999999999931e-01 2.076000000000000154e-03
2.500000000000000000e+01 2.000000000000000000e+00 1.900000000000000000e+01 0.000000000000000000e+00 1.600000000000000089e+00 -1.131999999999999977e-03 -9.438999999999999474e-03 -9.999550000000000383e-01 1.945459999999999967e-01 -9.808519999999999461e-01 9.039000000000000160e-03 -9.808930000000000149e-01 -1.945270000000000055e-01 2.945999999999999834e-03
2.900000000000000000e+01 2.000000000000000000e+00 1.900000000000000000e+01 0.000000000000000000e+00 1.600000000000000089e+00 -2.396000000000000126e-03 -1.186999999999999904e-03 -9.999959999999999960e-01 1.941400000000000070e-01 -9.809740000000000126e-01 6.999999999999999929e-04 -9.809710000000000374e-01 -1.941380000000000050e-01 2.580999999999999961e-03
1.500000000000000000e+01 4.000000000000000000e+00 2.000000000000000000e+01 0.000000000000000000e+00 1.600000000000000089e+00 -3.033999999999999805e-03 -2.883999999999999845e-03 -9.999909999999999632e-01 3.068429999999999769e-01 -9.517579999999999929e-01 1.814000000000000074e-03 -9.517550000000000177e-01 -3.068350000000000244e-01 3.772999999999999878e-03
2.000000000000000000e+00 1.300000000000000000e+01 2.000000000000000000e+01 0.000000000000000000e+00 1.600000000000000089e+00 -1.079000000000000098e-03 3.770000000000000022e-04 9.999989999999999712e-01 2.605620000000000158e-01 9.654570000000000096e-01 -8.200000000000000095e-05 -9.654570000000000096e-01 2.605609999999999871e-01 -1.139999999999999954e-03
5.000000000000000000e+00 1.300000000000000000e+01 2.000000000000000000e+01 0.000000000000000000e+00 1.600000000000000089e+00 1.949999999999999965e-04 -2.320000000000000014e-04 1.000000000000000000e+00 2.605759999999999743e-01 9.654530000000000056e-01 1.730000000000000038e-04 -9.654530000000000056e-01 2.605759999999999743e-01 2.489999999999999809e-04
1.000000000000000000e+01 1.300000000000000000e+01 2.000000000000000000e+01 0.000000000000000000e+00 1.600000000000000089e+00 3.339999999999999870e-04 5.879999999999999810e-04 1.000000000000000000e+00 2.596609999999999752e-01 9.657000000000000028e-01 -6.549999999999999833e-04 -9.657000000000000028e-01 2.596609999999999752e-01 1.700000000000000122e-04
1.500000000000000000e+01 1.300000000000000000e+01 2.000000000000000000e+01 0.000000000000000000e+00 1.600000000000000089e+00 2.759999999999999867e-04 -1.407000000000000048e-03 9.999989999999999712e-01 2.583770000000000233e-01 9.660429999999999851e-01 1.288000000000000082e-03 -9.660440000000000138e-01 2.583759999999999946e-01 6.310000000000000504e-04
1.800000000000000000e+01 1.300000000000000000e+01 2.000000000000000000e+01 0.000000000000000000e+00 1.600000000000000089e+00 -9.740000000000000394e-04 7.479999999999999670e-04 9.999989999999999712e-01 2.577269999999999839e-01 9.662180000000000213e-01 -4.719999999999999803e-04 -9.662169999999999925e-01 2.577260000000000106e-01 -1.134000000000000025e-03
3.000000000000000000e+01 1.300000000000000000e+01 2.000000000000000000e+01 0.000000000000000000e+00 1.600000000000000089e+00 -4.640000000000000027e-04 3.187000000000000163e-03 9.999949999999999672e-01 2.563810000000000255e-01 9.665709999999999580e-01 -2.961000000000000090e-03 -9.665759999999999907e-01 2.563779999999999948e-01 -1.265000000000000065e-03
3.000000000000000000e+00 3.000000000000000000e+00 2.500000000000000000e+01 0.000000000000000000e+00 1.600000000000000089e+00 1.378000000000000102e-03 8.548999999999999308e-03 9.999630000000000463e-01 -5.718999999999999778e-02 -9.983260000000000467e-01 8.614000000000000129e-03 9.983619999999999717e-01 -5.720000000000000084e-02 -8.869999999999999846e-04
7.000000000000000000e+00 3.000000000000000000e+00 2.500000000000000000e+01 0.000000000000000000e+00 1.600000000000000089e+00 1.105000000000000079e-03 5.503000000000000079e-03 9.999839999999999840e-01 -5.862699999999999856e-02 -9.982640000000000402e-01 5.557999999999999573e-03 9.982790000000000274e-01 -5.863199999999999662e-02 -7.810000000000000102e-04
1.500000000000000000e+01 3.000000000000000000e+00 2.500000000000000000e+01 0.000000000000000000e+00 1.600000000000000089e+00 -3.000000000000000076e-05 -2.168999999999999921e-03 9.999980000000000535e-01 -6.919400000000000550e-02 -9.976009999999999600e-01 -2.165999999999999957e-03 9.976030000000000175e-01 -6.919400000000000550e-02 -1.200000000000000030e-04
2.100000000000000000e+01 3.000000000000000000e+00 2.500000000000000000e+01 0.000000000000000000e+00 1.600000000000000089e+00 -4.341000000000000240e-03 -8.144000000000000197e-03 9.999569999999999848e-01 -6.634199999999999819e-02 -9.977610000000000090e-01 -8.413999999999999604e-03 9.977880000000000082e-01 -6.637500000000000344e-02 3.791000000000000099e-03
2.400000000000000000e+01 3.000000000000000000e+00 2.500000000000000000e+01 0.000000000000000000e+00 1.600000000000000089e+00 -2.884999999999999978e-03 -7.705000000000000043e-03 9.999660000000000215e-01 -6.826799999999999535e-02 -9.976359999999999673e-01 -7.884000000000000383e-03 9.976629999999999665e-01 -6.828900000000000248e-02 2.351999999999999924e-03
2.700000000000000000e+01 3.000000000000000000e+00 2.500000000000000000e+01 0.000000000000000000e+00 1.600000000000000089e+00 2.873999999999999819e-03 -4.172999999999999626e-03 9.999869999999999592e-01 -7.446400000000000241e-02 -9.972159999999999913e-01 -3.946999999999999988e-03 9.972199999999999953e-01 -7.445100000000000329e-02 -3.177000000000000136e-03
2.000000000000000000e+00 4.600000000000000000e+01 2.700000000000000000e+01 0.000000000000000000e+00 1.600000000000000089e+00 -3.510000000000000208e-04 1.492999999999999969e-03 -9.999989999999999712e-01 6.779659999999999576e-01 7.350929999999999964e-01 8.599999999999999789e-04 7.350929999999999964e-01 -6.779650000000000398e-01 -1.270000000000000078e-03
6.000000000000000000e+00 4.600000000000000000e+01 2.700000000000000000e+01 0.000000000000000000e+00 1.600000000000000089e+00 8.189999999999999581e-04 1.820000000000000057e-04 -1.000000000000000000e+00 6.777539999999999676e-01 7.352889999999999704e-01 6.890000000000000508e-04 7.352880000000000527e-01 -6.777539999999999676e-01 4.789999999999999879e-04
1.000000000000000000e+01 4.600000000000000000e+01 2.700000000000000000e+01 0.000000000000000000e+00 1.600000000000000089e+00 1.263000000000000017e-03 -5.450000000000000200e-04 -9.999989999999999712e-01 6.784949999999999593e-01 7.346049999999999525e-01 4.569999999999999952e-04 7.346040000000000347e-01 -6.784949999999999593e-01 1.297999999999999892e-03
3.000000000000000000e+00 4.600000000000000000e+01 3.500000000000000000e+01 0.000000000000000000e+00 1.600000000000000089e+00 1.077000000000000049e-03 2.794000000000000043e-03 -9.999959999999999960e-01 3.916510000000000269e-01 -9.201110000000000122e-01 -2.148999999999999869e-03 -9.201129999999999587e-01 -3.916470000000000229e-01 -2.085000000000000048e-03
9.000000000000000000e+00 4.600000000000000000e+01 3.500000000000000000e+01 0.000000000000000000e+00 1.600000000000000089e+00 -5.249999999999999676e-04 -8.949999999999999623e-04 -9.999989999999999712e-01 3.923459999999999726e-01 -9.198180000000000245e-01 6.170000000000000354e-04 -9.198180000000000245e-01 -3.923449999999999993e-01 8.339999999999999974e-04
1.500000000000000000e+01 4.600000000000000000e+01 3.500000000000000000e+01 0.000000000000000000e+00 1.600000000000000089e+00 5.990000000000000316e-04 -6.930000000000000396e-04 -1.000000000000000000e+00 3.915669999999999984e-01 -9.201489999999999947e-01 8.720000000000000537e-04 -9.201489999999999947e-01 -3.915669999999999984e-01 -2.799999999999999755e-04
2.100000000000000000e+01 4.600000000000000000e+01 3.500000000000000000e+01 0.000000000000000000e+00 1.600000000000000089e+00 -6.310000000000000504e-04 -5.625999999999999925e-03 -9.999839999999999840e-01 3.926660000000000150e-01 -9.196680000000000410e-01 4.925999999999999823e-03 -9.196809999999999707e-01 -3.926569999999999783e-01 2.789999999999999945e-03
2.500000000000000000e+01 4.600000000000000000e+01 3.500000000000000000e+01 0.000000000000000000e+00 1.600000000000000089e+00 -3.289999999999999739e-04 5.299999999999999807e-04 -1.000000000000000000e+00 3.926999999999999935e-01 -9.196659999999999835e-01 -6.170000000000000354e-04 -9.196670000000000122e-01 -3.926999999999999935e-01 9.399999999999999448e-05
2.900000000000000000e+01 4.600000000000000000e+01 3.500000000000000000e+01 0.000000000000000000e+00 1.600000000000000089e+00 -7.489999999999999913e-04 1.530000000000000056e-04 -1.000000000000000000e+00 3.905719999999999748e-01 -9.205719999999999459e-01 -4.330000000000000081e-04 -9.205719999999999459e-01 -3.905730000000000035e-01 6.290000000000000018e-04
4.000000000000000000e+00 9.500000000000000000e+01 3.600000000000000000e+01 0.000000000000000000e+00 1.600000000000000089e+00 -7.160999999999999831e-03 1.129999999999999955e-04 9.999740000000000295e-01 9.971330000000000471e-01 7.532899999999999319e-02 7.132000000000000318e-03 -7.532700000000000506e-02 9.971590000000000176e-01 -6.520000000000000188e-04
1.000000000000000000e+01 9.500000000000000000e+01 3.600000000000000000e+01 0.000000000000000000e+00 1.600000000000000089e+00 1.994000000000000113e-03 -2.053500000000000117e-02 9.997869999999999813e-01 9.969799999999999773e-01 7.765800000000000480e-02 -3.930000000000000117e-04 -7.763299999999999368e-02 9.967690000000000161e-01 2.062800000000000050e-02
3.000000000000000000e+00 2.900000000000000000e+01 4.400000000000000000e+01 0.000000000000000000e+00 1.600000000000000089e+00 3.090999999999999998e-03 -3.237999999999999993e-03 -9.999900000000000455e-01 6.746910000000000407e-01 7.380999999999999783e-01 -3.040000000000000167e-04 7.380940000000000278e-01 -6.746830000000000327e-01 4.466000000000000351e-03
6.000000000000000000e+00 2.900000000000000000e+01 4.400000000000000000e+01 0.000000000000000000e+00 1.600000000000000089e+00 1.260999999999999968e-03 -4.011999999999999941e-03 -9.999909999999999632e-01 6.712850000000000206e-01 7.411959999999999660e-01 -2.126999999999999984e-03 7.411980000000000235e-01 -6.712759999999999838e-01 3.628000000000000148e-03
1.200000000000000000e+01 2.900000000000000000e+01 4.400000000000000000e+01 0.000000000000000000e+00 1.600000000000000089e+00 -9.420000000000000205e-04 -5.089999999999999906e-03 -9.999869999999999592e-01 6.665360000000000174e-01 7.454589999999999828e-01 -4.422999999999999848e-03 7.454720000000000235e-01 -6.665320000000000134e-01 2.690000000000000117e-03
1.500000000000000000e+01 2.900000000000000000e+01 4.400000000000000000e+01 0.000000000000000000e+00 1.600000000000000089e+00 -2.730000000000000222e-04 -5.278999999999999838e-03 -9.999860000000000415e-01 6.646980000000000111e-01 7.471010000000000151e-01 -4.126000000000000327e-03 7.471119999999999983e-01 -6.646900000000000031e-01 3.305000000000000212e-03
2.000000000000000000e+01 2.900000000000000000e+01 4.400000000000000000e+01 0.000000000000000000e+00 1.600000000000000089e+00 1.173999999999999913e-03 1.683000000000000034e-03 -9.999980000000000535e-01 6.566940000000000000e-01 7.541539999999999910e-01 2.040000000000000147e-03 7.541560000000000485e-01 -6.566950000000000287e-01 -2.200000000000000078e-04
2.500000000000000000e+01 2.900000000000000000e+01 4.400000000000000000e+01 0.000000000000000000e+00 1.600000000000000089e+00 5.259999999999999919e-04 -7.249999999999999500e-04 -1.000000000000000000e+00 6.589789999999999814e-01 7.521619999999999973e-01 -1.990000000000000124e-04 7.521619999999999973e-01 -6.589779999999999527e-01 8.729999999999999696e-04
2.900000000000000000e+01 2.900000000000000000e+01 4.400000000000000000e+01 0.000000000000000000e+00 1.600000000000000089e+00 -3.420000000000000188e-04 -3.311000000000000141e-03 -9.999940000000000495e-01 6.617380000000000484e-01 7.497310000000000363e-01 -2.709000000000000036e-03 7.497350000000000403e-01 -6.617349999999999621e-01 1.935000000000000088e-03
8.000000000000000000e+00 5.000000000000000000e+00 5.100000000000000000e+01 0.000000000000000000e+00 1.600000000000000089e+00 7.450000000000000025e-04 1.118999999999999986e-03 -9.999989999999999712e-01 4.862810000000000188e-01 -8.738019999999999676e-01 -6.149999999999999868e-04 -8.738019999999999676e-01 -4.862799999999999900e-01 -1.195000000000000099e-03
1.300000000000000000e+01 5.000000000000000000e+00 5.100000000000000000e+01 0.000000000000000000e+00 1.600000000000000089e+00 -4.290000000000000193e-04 -5.439999999999999957e-04 -1.000000000000000000e+00 4.828580000000000094e-01 -8.756990000000000052e-01 2.689999999999999791e-04 -8.756990000000000052e-01 -4.828580000000000094e-01 6.380000000000000037e-04
2.100000000000000000e+01 5.000000000000000000e+00 5.100000000000000000e+01 0.000000000000000000e+00 1.600000000000000089e+00 -1.379999999999999933e-03 -4.329999999999999648e-03 -9.999900000000000455e-01 4.904470000000000218e-01 -8.714659999999999629e-01 3.095999999999999794e-03 -8.714699999999999669e-01 -4.904379999999999851e-01 3.327000000000000096e-03
2.800000000000000000e+01 5.000000000000000000e+00 5.100000000000000000e+01 0.000000000000000000e+00 1.600000000000000089e+00 -1.458000000000000095e-03 -5.917999999999999650e-03 -9.999810000000000088e-01 4.954819999999999780e-01 -8.686070000000000180e-01 4.419000000000000185e-03 -8.686169999999999725e-01 -4.954660000000000175e-01 4.198999999999999608e-03
1.000000000000000000e+00 6.300000000000000000e+01 5.400000000000000000e+01 0.000000000000000000e+00 1.600000000000000089e+00 -5.199999999999999680e-05 5.739000000000000178e-03 9.999839999999999840e-01 -3.406970000000000276e-01 9.401580000000000492e-01 -5.414000000000000409e-03 -9.401730000000000365e-01 -3.406919999999999948e-01 1.905999999999999925e-03
6.000000000000000000e+00 6.300000000000000000e+01 5.400000000000000000e+01 0.000000000000000000e+00 1.600000000000000089e+00 1.100000000000000039e-04 5.670000000000000127e-04 1.000000000000000000e+00 -3.467720000000000247e-01 9.379490000000000327e-01 -4.939999999999999730e-04 -9.379490000000000327e-01 -3.467720000000000247e-01 2.999999999999999737e-04
1.100000000000000000e+01 6.300000000000000000e+01 5.400000000000000000e+01 0.000000000000000000e+00 1.600000000000000089e+00 -4.169999999999999987e-04 1.494000000000000102e-03 9.999989999999999712e-01 -3.486150000000000082e-01 9.372650000000000148e-01 -1.546000000000000065e-03 -9.372660000000000435e-01 -3.486159999999999815e-01 1.299999999999999886e-04
2.000000000000000000e+01 6.300000000000000000e+01 5.400000000000000000e+01 0.000000000000000000e+00 1.600000000000000089e+00 1.677000000000000105e-03 4.508999999999999987e-03 9.999879999999999880e-01 -3.544240000000000168e-01 9.350779999999999648e-01 -3.621999999999999786e-03 -9.350829999999999975e-01 -3.544140000000000068e-01 3.167000000000000110e-03
4.000000000000000000e+00 2.500000000000000000e+01 5.500000000000000000e+01 0.000000000000000000e+00 1.600000000000000089e+00 1.969999999999999963e-03 3.033000000000000106e-03 -9.999930000000000208e-01 -8.295000000000000290e-03 -9.999609999999999888e-01 -3.049000000000000061e-03 -9.999639999999999640e-01 8.300999999999999351e-03 -1.944999999999999897e-03
2.800000000000000000e+01 2.500000000000000000e+01 5.500000000000000000e+01 0.000000000000000000e+00 1.600000000000000089e+00 2.864999999999999925e-03 -1.438000000000000042e-03 -9.999949999999999672e-01 -1.434500000000000011e-02 -9.998960000000000070e-01 1.397000000000000021e-03 -9.998930000000000318e-01 1.434099999999999958e-02 -2.884999999999999978e-03
2.000000000000000000e+00 6.800000000000000000e+01 5.700000000000000000e+01 0.000000000000000000e+00 1.600000000000000089e+00 -4.510000000000000120e-04 2.271000000000000015e-03 -9.999970000000000248e-01 -2.433609999999999940e-01 -9.699339999999999629e-01 -2.092999999999999809e-03 -9.699360000000000204e-01 2.433589999999999920e-01 9.899999999999999946e-04
8.000000000000000000e+00 2.000000000000000000e+01 6.000000000000000000e+01 0.000000000000000000e+00 1.600000000000000089e+00 8.715000000000000524e-03 -1.756800000000000028e-02 9.998080000000000300e-01 -6.167600000000000166e-02 9.979329999999999590e-01 1.807299999999999879e-02 -9.980580000000000007e-01 -6.182200000000000195e-02 7.612999999999999975e-03
1.700000000000000000e+01 2.000000000000000000e+01 6.000000000000000000e+01 0.000000000000000000e+00 1.600000000000000089e+00 -5.863000000000000156e-03 1.248999999999999893e-03 9.999820000000000375e-01 -4.900600000000000095e-02 9.987970000000000459e-01 -1.534999999999999906e-03 -9.987810000000000299e-01 -4.901400000000000201e-02 -5.794999999999999804e-03
2.200000000000000000e+01 2.100000000000000000e+01 6.000000000000000000e+01 0.000000000000000000e+00 1.600000000000000089e+00 -5.714000000000000329e-03 5.074999999999999650e-03 9.999710000000000543e-01 -9.500599999999999323e-02 9.954610000000000403e-01 -5.595000000000000147e-03 -9.954600000000000115e-01 -9.503499999999999448e-02 -5.205999999999999690e-03
2.800000000000000000e+01 2.100000000000000000e+01 6.000000000000000000e+01 0.000000000000000000e+00 1.600000000000000089e+00 4.786999999999999589e-03 -3.119999999999999944e-04 9.999879999999999880e-01 -9.648700000000000332e-02 9.953340000000000520e-01 7.720000000000000083e-04 -9.953229999999999578e-01 -9.648900000000000532e-02 4.734000000000000360e-03
8.000000000000000000e+00 3.000000000000000000e+00 6.300000000000000000e+01 0.000000000000000000e+00 1.600000000000000089e+00 1.275000000000000092e-03 -2.014999999999999864e-03 9.999970000000000248e-01 -6.167559999999999709e-01 7.871510000000000451e-01 2.371999999999999977e-03 -7.871529999999999916e-01 -6.167569999999999997e-01 -2.390000000000000089e-04
5.000000000000000000e+00 2.700000000000000000e+01 6.300000000000000000e+01 0.000000000000000000e+00 1.600000000000000089e+00 -5.140000000000000254e-04 7.189000000000000078e-03 9.999740000000000295e-01 -2.700020000000000198e-01 9.628339999999999677e-01 -7.060999999999999568e-03 -9.628600000000000492e-01 -2.699989999999999890e-01 1.446000000000000020e-03
1.200000000000000000e+01 2.700000000000000000e+01 6.300000000000000000e+01 0.000000000000000000e+00 1.600000000000000089e+00 6.043999999999999893e-03 1.175000000000000046e-03 9.999810000000000088e-01 -2.846029999999999949e-01 9.586449999999999694e-01 5.940000000000000184e-04 -9.586270000000000069e-01 -2.846009999999999929e-01 6.127999999999999767e-03
1.500000000000000000e+01 2.700000000000000000e+01 6.300000000000000000e+01 0.000000000000000000e+00 1.600000000000000089e+00 3.510000000000000099e-03 3.285000000000000159e-03 9.999879999999999880e-01 -2.886329999999999729e-01 9.574380000000000113e-01 -2.132000000000000214e-03 -9.574340000000000073e-01 -2.886219999999999897e-01 4.309000000000000330e-03
2.200000000000000000e+01 2.700000000000000000e+01 6.300000000000000000e+01 0.000000000000000000e+00 1.600000000000000089e+00 -5.297999999999999758e-03 1.066000000000000107e-03 9.999850000000000128e-01 -2.703389999999999960e-01 9.627620000000000067e-01 -2.458999999999999814e-03 -9.627510000000000234e-01 -2.703479999999999772e-01 -4.812999999999999570e-03
2.600000000000000000e+01 2.700000000000000000e+01 6.300000000000000000e+01 0.000000000000000000e+00 1.600000000000000089e+00 2.060999999999999898e-03 1.722999999999999922e-03 9.999959999999999960e-01 -2.679059999999999775e-01 9.634439999999999671e-01 -1.108000000000000044e-03 -9.634430000000000494e-01 -2.679030000000000022e-01 2.446999999999999956e-03
4.000000000000000000e+00 2.600000000000000000e+01 6.400000000000000000e+01 0.000000000000000000e+00 1.600000000000000089e+00 -9.680000000000000019e-04 7.522000000000000040e-03 9.999710000000000543e-01 -3.521259999999999946e-01 9.359229999999999494e-01 -7.381000000000000408e-03 -9.359520000000000062e-01 -3.521230000000000193e-01 1.742999999999999975e-03
1.500000000000000000e+01 2.600000000000000000e+01 6.400000000000000000e+01 0.000000000000000000e+00 1.600000000000000089e+00 5.559999999999999838e-03 8.245999999999999858e-03 9.999510000000000343e-01 -3.780029999999999779e-01 9.257880000000000553e-01 -5.532999999999999724e-03 -9.257880000000000553e-01 -3.779529999999999834e-01 8.264999999999999777e-03
2.500000000000000000e+01 2.600000000000000000e+01 6.400000000000000000e+01 0.000000000000000000e+00 1.600000000000000089e+00 8.099999999999999561e-04 -4.399999999999999886e-05 1.000000000000000000e+00 -3.448249999999999926e-01 9.386670000000000291e-01 3.209999999999999963e-04 -9.386670000000000291e-01 -3.448249999999999926e-01 7.450000000000000025e-04
1.500000000000000000e+01 6.900000000000000000e+01 6.600000000000000000e+01 0.000000000000000000e+00 1.600000000000000089e+00 -3.321000000000000167e-03 3.514000000000000196e-03 9.999879999999999880e-01 -9.499220000000000441e-01 3.124589999999999868e-01 -4.252999999999999836e-03 -3.124700000000000255e-01 -9.499250000000000194e-01 2.301000000000000094e-03
3.000000000000000000e+00 2.500000000000000000e+01 7.300000000000000000e+01 0.000000000000000000e+00 1.600000000000000089e+00 -6.430000000000000169e-04 -3.163000000000000013e-03 9.999949999999999672e-01 7.439360000000000417e-01 -6.682489999999999819e-01 -1.634999999999999952e-03 6.682500000000000107e-01 7.439310000000000089e-01 2.782999999999999884e-03
1.300000000000000000e+01 2.500000000000000000e+01 7.300000000000000000e+01 0.000000000000000000e+00 1.600000000000000089e+00 -1.672000000000000092e-03 -4.440000000000000045e-04 9.999989999999999712e-01 7.444460000000000521e-01 -6.676819999999999977e-01 9.489999999999999738e-04 6.676809999999999690e-01 7.444460000000000521e-01 1.446999999999999936e-03
1.700000000000000000e+01 2.500000000000000000e+01 7.300000000000000000e+01 0.000000000000000000e+00 1.600000000000000089e+00 1.230000000000000082e-04 -2.099000000000000171e-03 9.999980000000000535e-01 7.458289999999999642e-01 -6.661359999999999504e-01 -1.490000000000000005e-03 6.661369999999999791e-01 7.458280000000000465e-01 1.484000000000000076e-03
1.000000000000000000e+00 4.400000000000000000e+01 7.300000000000000000e+01 0.000000000000000000e+00 1.600000000000000089e+00 -2.456999999999999983e-03 -1.010999999999999963e-03 9.999959999999999960e-01 4.937799999999999828e-02 -9.987800000000000011e-01 -8.890000000000000333e-04 9.987770000000000259e-01 4.937600000000000322e-02 2.504000000000000149e-03
1.000000000000000000e+01 4.400000000000000000e+01 7.300000000000000000e+01 0.000000000000000000e+00 1.600000000000000089e+00 -1.015999999999999976e-03 -1.217999999999999899e-03 9.999989999999999712e-01 4.971400000000000124e-02 -9.987629999999999564e-01 -1.165999999999999936e-03 9.987629999999999564e-01 4.971300000000000024e-02 1.075999999999999917e-03
1.300000000000000000e+01 4.400000000000000000e+01 7.300000000000000000e+01 0.000000000000000000e+00 1.600000000000000089e+00 -3.959999999999999762e-04 -1.075999999999999917e-03 9.999989999999999712e-01 5.008699999999999958e-02 -9.987439999999999651e-01 -1.054999999999999948e-03 9.987449999999999939e-01 5.008599999999999858e-02 4.499999999999999877e-04
1.600000000000000000e+01 4.400000000000000000e+01 7.300000000000000000e+01 0.000000000000000000e+00 1.600000000000000089e+00 -1.459999999999999926e-03 -1.392000000000000008e-03 9.999980000000000535e-01 5.074100000000000138e-02 -9.987110000000000154e-01 -1.315999999999999896e-03 9.987110000000000154e-01 5.073899999999999938e-02 1.528999999999999977e-03
2.400000000000000000e+01 4.400000000000000000e+01 7.300000000000000000e+01 0.000000000000000000e+00 1.600000000000000089e+00 -5.820000000000000520e-04 -2.265000000000000086e-03 9.999970000000000248e-01 5.116300000000000014e-02 -9.986880000000000202e-01 -2.232000000000000043e-03 9.986899999999999666e-01 5.116099999999999814e-02 6.970000000000000284e-04
2.900000000000000000e+01 4.400000000000000000e+01 7.300000000000000000e+01 0.000000000000000000e+00 1.600000000000000089e+00 -1.995999999999999944e-03 -1.884999999999999957e-03 9.999959999999999960e-01 5.276000000000000134e-02 -9.986059999999999937e-01 -1.776999999999999934e-03 9.986049999999999649e-01 5.275699999999999834e-02 2.092999999999999809e-03
6.000000000000000000e+00 2.500000000000000000e+01 7.400000000000000000e+01 0.000000000000000000e+00 1.600000000000000089e+00 1.301000000000000073e-03 -1.587000000000000086e-03 9.999980000000000535e-01 8.203489999999999949e-01 -5.718600000000000350e-01 -1.975000000000000193e-03 5.718609999999999527e-01 8.203500000000000236e-01 5.580000000000000107e-04
2.300000000000000000e+01 2.500000000000000000e+01 7.400000000000000000e+01 0.000000000000000000e+00 1.600000000000000089e+00 1.095100000000000066e-02 1.238299999999999991e-02 9.998629999999999463e-01 8.344639999999999835e-01 -5.510570000000000190e-01 -2.314000000000000085e-03 5.509530000000000260e-01 8.343760000000000066e-01 -1.636699999999999960e-02
5.000000000000000000e+00 5.100000000000000000e+01 7.600000000000000000e+01 0.000000000000000000e+00 1.600000000000000089e+00 1.410000000000000120e-04 6.639999999999999852e-04 -1.000000000000000000e+00 -3.999949999999999894e-01 -9.165170000000000261e-01 -6.650000000000000095e-04 -9.165170000000000261e-01 3.999949999999999894e-01 1.359999999999999989e-04
3.000000000000000000e+00 9.100000000000000000e+01 7.600000000000000000e+01 0.000000000000000000e+00 1.600000000000000089e+00 -1.435999999999999993e-03 6.220000000000000485e-04 9.999989999999999712e-01 3.108279999999999932e-01 -9.504660000000000331e-01 1.036999999999999944e-03 9.504650000000000043e-01 3.108290000000000219e-01 1.172000000000000082e-03
6.000000000000000000e+00 9.100000000000000000e+01 7.600000000000000000e+01 0.000000000000000000e+00 1.600000000000000089e+00 -1.322999999999999957e-03 -6.210000000000000242e-04 9.999989999999999712e-01 3.090209999999999901e-01 -9.510549999999999837e-01 -1.810000000000000085e-04 9.510539999999999550e-01 3.090209999999999901e-01 1.449999999999999900e-03
1.000000000000000000e+01 9.100000000000000000e+01 7.600000000000000000e+01 0.000000000000000000e+00 1.600000000000000089e+00 6.579999999999999478e-04 -2.090000000000000115e-04 1.000000000000000000e+00 3.097369999999999846e-01 -9.508219999999999450e-01 -4.020000000000000136e-04 9.508219999999999450e-01 3.097369999999999846e-01 -5.609999999999999752e-04
1.300000000000000000e+01 9.100000000000000000e+01 7.600000000000000000e+01 0.000000000000000000e+00 1.600000000000000089e+00 -8.600000000000000331e-05 -1.226000000000000093e-03 9.999989999999999712e-01 3.159589999999999899e-01 -9.487719999999999487e-01 -1.136000000000000074e-03 9.487729999999999775e-01 3.159589999999999899e-01 4.690000000000000158e-04
2.100000000000000000e+01 9.100000000000000000e+01 7.600000000000000000e+01 0.000000000000000000e+00 1.600000000000000089e+00 -1.498999999999999898e-03 -2.177999999999999815e-03 9.999959999999999960e-01 3.130470000000000197e-01 -9.497360000000000246e-01 -1.598999999999999944e-03 9.497370000000000534e-01 3.130430000000000157e-01 2.105999999999999799e-03
2.800000000000000000e+01 9.100000000000000000e+01 7.600000000000000000e+01 0.000000000000000000e+00 1.600000000000000089e+00 2.939999999999999905e-04 2.197000000000000168e-03 9.999980000000000535e-01 3.161050000000000249e-01 -9.487219999999999542e-01 1.991999999999999847e-03 9.487240000000000117e-01 3.161030000000000229e-01 -9.730000000000000151e-04
3.000000000000000000e+00 4.400000000000000000e+01 8.300000000000000000e+01 0.000000000000000000e+00 1.600000000000000089e+00 8.869999999999999846e-04 1.632999999999999903e-03 9.999980000000000535e-01 5.777060000000000528e-01 -8.162439999999999696e-01 8.210000000000000067e-04 8.162439999999999696e-01 5.777050000000000241e-01 -1.667000000000000079e-03
2.000000000000000000e+01 4.400000000000000000e+01 8.300000000000000000e+01 0.000000000000000000e+00 1.600000000000000089e+00 1.691999999999999928e-03 -3.761000000000000020e-03 9.999919999999999920e-01 5.817769999999999886e-01 -8.133380000000000054e-01 -4.042999999999999719e-03 8.133460000000000134e-01 5.817790000000000461e-01 8.120000000000000048e-04
2.500000000000000000e+01 4.400000000000000000e+01 8.300000000000000000e+01 0.000000000000000000e+00 1.600000000000000089e+00 -3.150000000000000131e-04 -2.723000000000000160e-03 9.999959999999999960e-01 5.870450000000000390e-01 -8.095520000000000493e-01 -2.018999999999999961e-03 8.095539999999999958e-01 5.870419999999999527e-01 1.853999999999999962e-03
