5.000000000000000000e+00 1.500000000000000000e+01 4.000000000000000000e+00 0.000000000000000000e+00 1.600000000000000089e+00 -2.139999999999999975e-03 -1.660500000000000170e-02 9.998599999999999710e-01 2.883089999999999820e-01 -9.574150000000000160e-01 -1.528299999999999971e-02 9.575350000000000250e-01 2.882359999999999922e-01 6.836000000000000063e-03
1.400000000000000000e+01 1.500000000000000000e+01 4.000000000000000000e+00 0.000000000000000000e+00 1.600000000000000089e+00 -2.243000000000000202e-03 -3.451000000000000074e-03 9.999919999999999920e-01 2.862100000000000199e-01 -9.581629999999999869e-01 -2.664999999999999834e-03 9.581640000000000157e-01 2.862020000000000119e-01 3.137000000000000031e-03
1.700000000000000000e+01 1.500000000000000000e+01 4.000000000000000000e+00 0.000000000000000000e+00 1.600000000000000089e+00 6.120000000000000223e-04 1.005000000000000034e-03 9.999989999999999712e-01 2.891489999999999894e-01 -9.572840000000000238e-01 7.849999999999999990e-04 9.572840000000000238e-01 2.891480000000000161e-01 -8.769999999999999584e-04
2.600000000000000000e+01 1.500000000000000000e+01 4.000000000000000000e+00 0.000000000000000000e+00 1.600000000000000089e+00 1.533999999999999990e-03 -9.181999999999999190e-03 9.999569999999999848e-01 3.017340000000000022e-01 -9.533479999999999732e-01 -9.216999999999999499e-03 9.533909999999999885e-01 3.017349999999999755e-01 1.307999999999999918e-03
1.800000000000000000e+01 1.600000000000000000e+01 4.000000000000000000e+00 0.000000000000000000e+00 1.600000000000000089e+00 2.733000000000000186e-03 4.956999999999999601e-03 9.999839999999999840e-01 3.555119999999999947e-01 -9.346640000000000503e-01 3.661999999999999891e-03 9.346680000000000543e-01 3.554959999999999787e-01 -4.316000000000000392e-03
2.000000000000000000e+00 1.010000000000000000e+02 7.000000000000000000e+00 0.000000000000000000e+00 1.600000000000000089e+00 -1.920000000000000049e-03 -2.001899999999999860e-02 9.997979999999999645e-01 8.839510000000000423e-01 4.674479999999999746e-01 1.105700000000000086e-02 -4.675750000000000184e-01 8.837939999999999685e-01 1.679800000000000043e-02
2.200000000000000000e+01 1.010000000000000000e+02 7.000000000000000000e+00 0.000000000000000000e+00 1.600000000000000089e+00 -4.389999999999999805e-03 -1.912499999999999964e-02 9.998070000000000013e-01 8.858610000000000095e-01 4.637760000000000216e-01 1.276099999999999977e-02 -4.639309999999999823e-01 8.857460000000000333e-01 1.490700000000000011e-02
7.000000000000000000e+00 1.500000000000000000e+01 8.000000000000000000e+00 0.000000000000000000e+00 1.600000000000000089e+00 -9.560000000000000355e-04 -1.343899999999999956e-02 -9.999090000000000478e-01 -5.816249999999999476e-01 -8.133759999999999879e-01 1.148799999999999995e-02 -8.134559999999999569e-01 5.815829999999999611e-01 -7.039000000000000118e-03
1.200000000000000000e+01 1.500000000000000000e+01 8.000000000000000000e+00 0.000000000000000000e+00 1.600000000000000089e+00 -5.829999999999999679e-04 -7.452000000000000290e-03 -9.999719999999999720e-01 -5.829640000000000377e-01 -8.124719999999999720e-01 6.394999999999999643e-03 -8.124970000000000248e-01 5.829520000000000257e-01 -3.870000000000000176e-03
1.500000000000000000e+01 1.500000000000000000e+01 8.000000000000000000e+00 0.000000000000000000e+00 1.600000000000000089e+00 -1.500000000000000031e-03 -5.411000000000000011e-03 -9.999839999999999840e-01 -5.829250000000000265e-01 -8.125090000000000368e-01 5.270999999999999644e-03 -8.125250000000000528e-01 5.829229999999999690e-01 -1.935000000000000088e-03
1.800000000000000000e+01 1.500000000000000000e+01 8.000000000000000000e+00 0.000000000000000000e+00 1.600000000000000089e+00 -3.193999999999999791e-03 -2.083999999999999915e-03 -9.999930000000000208e-01 -5.831899999999999862e-01 -8.123280000000000500e-01 3.556000000000000133e-03 -8.123289999999999678e-01 5.831969999999999654e-01 1.379000000000000017e-03
2.200000000000000000e+01 1.500000000000000000e+01 8.000000000000000000e+00 0.000000000000000000e+00 1.600000000000000089e+00 -3.629999999999999980e-03 2.003000000000000006e-03 -9.999909999999999632e-01 -5.839710000000000178e-01 -8.117739999999999956e-01 4.939999999999999730e-04 -8.117659999999999876e-01 5.839680000000000426e-01 4.115999999999999867e-03
4.000000000000000000e+00 2.600000000000000000e+01 8.000000000000000000e+00 0.000000000000000000e+00 1.600000000000000089e+00 -3.780000000000000265e-04 -3.805999999999999921e-03 -9.999930000000000208e-01 4.080280000000000018e-01 9.129620000000000513e-01 -3.628999999999999847e-03 9.129690000000000305e-01 -4.080269999999999730e-01 1.208000000000000089e-03
8.000000000000000000e+00 2.600000000000000000e+01 8.000000000000000000e+00 0.000000000000000000e+00 1.600000000000000089e+00 2.818000000000000192e-03 4.063999999999999904e-03 -9.999879999999999880e-01 4.086940000000000017e-01 9.126579999999999693e-01 4.860999999999999870e-03 9.126670000000000060e-01 -4.087029999999999830e-01 9.110000000000000259e-04
1.300000000000000000e+01 2.600000000000000000e+01 8.000000000000000000e+00 0.000000000000000000e+00 1.600000000000000089e+00 1.946999999999999946e-03 3.291000000000000088e-03 -9.999930000000000208e-01 4.083789999999999920e-01 9.128049999999999775e-01 3.798999999999999860e-03 9.128100000000000103e-01 -4.083829999999999960e-01 4.330000000000000081e-04
1.800000000000000000e+01 2.600000000000000000e+01 8.000000000000000000e+00 0.000000000000000000e+00 1.600000000000000089e+00 1.897000000000000032e-03 6.486999999999999711e-03 -9.999770000000000048e-01 4.071139999999999759e-01 9.133529999999999704e-01 6.697999999999999961e-03 9.133750000000000480e-01 -4.071179999999999799e-01 -9.079999999999999530e-04
2.500000000000000000e+01 2.600000000000000000e+01 8.000000000000000000e+00 0.000000000000000000e+00 1.600000000000000089e+00 1.544999999999999932e-03 5.571999999999999696e-03 -9.999829999999999552e-01 4.058479999999999865e-01 9.139220000000000121e-01 5.720000000000000258e-03 9.139389999999999459e-01 -4.058499999999999885e-01 -8.499999999999999526e-04
7.000000000000000000e+00 2.400000000000000000e+01 9.000000000000000000e+00 0.000000000000000000e+00 1.600000000000000089e+00 1.938999999999999968e-03 1.029999999999999964e-04 -9.999980000000000535e-01 4.637919999999999821e-01 8.859439999999999538e-01 9.909999999999999105e-04 8.859420000000000073e-01 -4.637930000000000108e-01 1.670000000000000043e-03
1.200000000000000000e+01 2.400000000000000000e+01 9.000000000000000000e+00 0.000000000000000000e+00 1.600000000000000089e+00 2.080999999999999951e-03 4.634000000000000098e-03 -9.999869999999999592e-01 4.633399999999999741e-01 8.861660000000000093e-01 5.070999999999999987e-03 8.861780000000000213e-01 -4.633439999999999781e-01 -3.029999999999999924e-04
1.700000000000000000e+01 2.400000000000000000e+01 9.000000000000000000e+00 0.000000000000000000e+00 1.600000000000000089e+00 1.820999999999999919e-03 9.924000000000000529e-03 -9.999489999999999768e-01 4.624329999999999830e-01 8.866020000000000012e-01 9.641000000000000264e-03 8.866519999999999957e-01 -4.624269999999999770e-01 -2.975000000000000214e-03
2.000000000000000000e+01 2.400000000000000000e+01 9.000000000000000000e+00 0.000000000000000000e+00 1.600000000000000089e+00 2.152999999999999966e-03 8.267999999999999308e-03 -9.999639999999999640e-01 4.626160000000000272e-01 8.865199999999999747e-01 8.326999999999999333e-03 8.865560000000000107e-01 -4.626170000000000004e-01 -1.915999999999999951e-03
2.600000000000000000e+01 2.400000000000000000e+01 9.000000000000000000e+00 0.000000000000000000e+00 1.600000000000000089e+00 1.654000000000000088e-03 4.598999999999999790e-03 -9.999879999999999880e-01 4.617939999999999823e-01 8.869740000000000402e-01 4.843000000000000083e-03 8.869860000000000522e-01 -4.617959999999999843e-01 -6.570000000000000319e-04
2.300000000000000000e+01 4.000000000000000000e+00 1.100000000000000000e+01 0.000000000000000000e+00 1.600000000000000089e+00 1.185000000000000072e-03 2.115600000000000119e-02 -9.997749999999999693e-01 2.247170000000000001e-01 9.741999999999999549e-01 2.088100000000000026e-02 9.744230000000000391e-01 -2.246910000000000018e-01 -3.599999999999999901e-03
2.700000000000000000e+01 4.000000000000000000e+00 1.100000000000000000e+01 0.000000000000000000e+00 1.600000000000000089e+00 1.616999999999999948e-03 8.876999999999999474e-03 -9.999590000000000423e-01 2.215050000000000074e-01 9.751180000000000403e-01 9.013999999999999443e-03 9.751579999999999693e-01 -2.215110000000000134e-01 -3.890000000000000228e-04
2.900000000000000000e+01 3.100000000000000000e+01 1.200000000000000000e+01 0.000000000000000000e+00 1.600000000000000089e+00 -3.849999999999999798e-04 1.423999999999999919e-03 9.999989999999999712e-01 -1.998300000000000076e-02 9.997989999999999933e-01 -1.430999999999999980e-03 -9.998000000000000220e-01 -1.998300000000000076e-02 -3.570000000000000040e-04
2.000000000000000000e+00 3.500000000000000000e+01 1.200000000000000000e+01 0.000000000000000000e+00 1.600000000000000089e+00 -8.200000000000000095e-05 -1.938999999999999968e-03 -9.999980000000000535e-01 4.515430000000000277e-01 -8.922480000000000411e-01 1.693000000000000060e-03 -8.922489999999999588e-01 -4.515419999999999989e-01 9.489999999999999738e-04
6.000000000000000000e+00 3.500000000000000000e+01 1.200000000000000000e+01 0.000000000000000000e+00 1.600000000000000089e+00 -3.106999999999999953e-03 -3.570999999999999956e-03 -9.999890000000000168e-01 4.584659999999999846e-01 -8.887100000000000000e-01 1.748999999999999904e-03 -8.887070000000000247e-01 -4.584550000000000014e-01 4.398000000000000000e-03
9.000000000000000000e+00 3.500000000000000000e+01 1.200000000000000000e+01 0.000000000000000000e+00 1.600000000000000089e+00 -1.296999999999999976e-03 2.804000000000000069e-03 -9.999949999999999672e-01 4.706350000000000255e-01 -8.823220000000000507e-01 -3.083999999999999936e-03 -8.823269999999999724e-01 -4.706370000000000275e-01 -1.749999999999999982e-04
2.500000000000000000e+01 3.200000000000000000e+01 1.400000000000000000e+01 0.000000000000000000e+00 1.600000000000000089e+00 -1.152999999999999945e-03 8.999999999999999754e-04 -9.999989999999999712e-01 1.103390000000000065e-01 9.938940000000000552e-01 7.669999999999999951e-04 9.938930000000000264e-01 -1.103380000000000055e-01 -1.245000000000000013e-03
4.000000000000000000e+00 1.200000000000000000e+01 1.500000000000000000e+01 0.000000000000000000e+00 1.600000000000000089e+00 -3.899999999999999929e-04 3.383999999999999855e-03 -9.999940000000000495e-01 -4.702629999999999866e-01 -8.825220000000000287e-01 -2.802999999999999936e-03 -8.825260000000000327e-01 4.702589999999999826e-01 1.936000000000000004e-03
1.000000000000000000e+01 1.200000000000000000e+01 1.500000000000000000e+01 0.000000000000000000e+00 1.600000000000000089e+00 -1.173999999999999913e-03 -2.028999999999999988e-03 -9.999970000000000248e-01 -4.704760000000000053e-01 -8.824100000000000277e-01 2.341999999999999898e-03 -8.824119999999999742e-01 4.704769999999999786e-01 8.200000000000000095e-05
1.500000000000000000e+01 1.200000000000000000e+01 1.500000000000000000e+01 0.000000000000000000e+00 1.600000000000000089e+00 -1.299999999999999886e-04 -1.240000000000000054e-04 -1.000000000000000000e+00 -4.710050000000000070e-01 -8.821299999999999697e-01 1.700000000000000122e-04 -8.821299999999999697e-01 4.710050000000000070e-01 5.599999999999999916e-05
1.900000000000000000e+01 1.200000000000000000e+01 1.500000000000000000e+01 0.000000000000000000e+00 1.600000000000000089e+00 -1.108999999999999960e-03 -3.654999999999999829e-03 -9.999930000000000208e-01 -4.724920000000000231e-01 -8.813269999999999715e-01 3.745000000000000065e-03 -8.813339999999999508e-01 4.724929999999999963e-01 -7.489999999999999913e-04
2.700000000000000000e+01 1.200000000000000000e+01 1.500000000000000000e+01 0.000000000000000000e+00 1.600000000000000089e+00 -1.356000000000000000e-03 -2.220000000000000185e-03 -9.999970000000000248e-01 -4.702890000000000126e-01 -8.825089999999999879e-01 2.596999999999999916e-03 -8.825119999999999632e-01 4.702910000000000146e-01 1.520000000000000084e-04
3.000000000000000000e+00 1.160000000000000000e+02 1.600000000000000000e+01 0.000000000000000000e+00 1.600000000000000089e+00 8.299999999999999815e-05 2.320000000000000014e-03 9.999970000000000248e-01 6.562369999999999592e-01 7.545530000000000292e-01 -1.804999999999999964e-03 -7.545549999999999757e-01 6.562350000000000128e-01 -1.459000000000000010e-03
9.000000000000000000e+00 1.160000000000000000e+02 1.600000000000000000e+01 0.000000000000000000e+00 1.600000000000000089e+00 -6.440000000000000412e-04 -2.455999999999999850e-03 9.999970000000000248e-01 6.610700000000000465e-01 7.503210000000000157e-01 2.269000000000000183e-03 -7.503239999999999910e-01 6.610690000000000177e-01 1.141000000000000087e-03
2.100000000000000000e+01 1.160000000000000000e+02 1.600000000000000000e+01 0.000000000000000000e+00 1.600000000000000089e+00 -1.351999999999999903e-03 -1.178999999999999927e-03 9.999980000000000535e-01 6.491010000000000391e-01 7.607000000000000428e-01 1.775000000000000102e-03 -7.607009999999999605e-01 6.491029999999999855e-01 -2.629999999999999959e-04
4.000000000000000000e+00 2.000000000000000000e+00 1.900000000000000000e+01 0.000000000000000000e+00 1.600000000000000089e+00 4.454999999999999759e-03 -6.002000000000000390e-03 -9.999719999999999720e-01 1.978709999999999913e-01 -9.802049999999999930e-01 6.765000000000000180e-03 -9.802180000000000337e-01 -1.978959999999999886e-01 -3.180000000000000101e-03
9.000000000000000000e+00 2.000000000000000000e+00 1.900000000000000000e+01 0.000000000000000000e+00 1.600000000000000089e+00 4.099000000000000213e-03 -1.541799999999999941e-02 -9.998730000000000118e-01 2.034620000000000040e-01 -9.789529999999999621e-01 1.592999999999999972e-02 -9.790739999999999998e-01 -2.035019999999999885e-01 -8.750000000000000182e-04
1.700000000000000000e+01 2.000000000000000000e+00 1.900000000000000000e+01 0.000000000000000000e+00 1.600000000000000089e+00 3.671999999999999917e-03 -7.085000000000000152e-03 -9.999679999999999680e-01 2.097729999999999873e-01 -9.777200000000000335e-01 7.697999999999999982e-03 -9.777430000000000287e-01 -2.097940000000000083e-01 -2.103999999999999967e-03
2.300000000000000000e+01 2.000000000000000000e+00 1.900000000000000000e+01 0.000000000000000000e+00 1.600000000000000089e+00 4.921000000000000027e-03 -6.193999999999999853e-03 -9.999689999999999968e-01 2.084390000000000132e-01 -9.780100000000000460e-01 7.084000000000000019e-03 -9.780229999999999757e-01 -2.084670000000000134e-01 -3.521999999999999957e-03
2.600000000000000000e+01 2.000000000000000000e+00 1.900000000000000000e+01 0.000000000000000000e+00 1.600000000000000089e+00 1.034999999999999896e-03 -4.827999999999999826e-03 -9.999879999999999880e-01 2.084270000000000012e-01 -9.780250000000000332e-01 4.937999999999999681e-03 -9.780370000000000452e-01 -2.084290000000000032e-01 -6.000000000000000152e-06
1.600000000000000000e+01 4.000000000000000000e+00 2.000000000000000000e+01 0.000000000000000000e+00 1.600000000000000089e+00 8.999999999999999754e-04 -1.582999999999999989e-03 -9.999980000000000535e-01 2.921059999999999768e-01 -9.563840000000000119e-01 1.776999999999999934e-03 -9.563850000000000406e-01 -2.921070000000000055e-01 -3.980000000000000248e-04
6.000000000000000000e+00 1.300000000000000000e+01 2.000000000000000000e+01 0.000000000000000000e+00 1.600000000000000089e+00 2.099999999999999884e-05 -3.600000000000000091e-05 1.000000000000000000e+00 2.558070000000000066e-01 9.667280000000000317e-01 2.900000000000000017e-05 -9.667280000000000317e-01 2.558070000000000066e-01 3.000000000000000076e-05
1.200000000000000000e+01 1.300000000000000000e+01 2.000000000000000000e+01 0.000000000000000000e+00 1.600000000000000089e+00 -1.082999999999999978e-03 -2.487000000000000061e-03 9.999959999999999960e-01 2.568869999999999765e-01 9.664380000000000193e-01 2.681999999999999922e-03 -9.664409999999999945e-01 2.568889999999999785e-01 -4.070000000000000267e-04
1.700000000000000000e+01 1.300000000000000000e+01 2.000000000000000000e+01 0.000000000000000000e+00 1.600000000000000089e+00 3.399999999999999973e-05 3.240000000000000150e-04 1.000000000000000000e+00 2.573329999999999784e-01 9.663230000000000430e-01 -3.209999999999999963e-04 -9.663230000000000430e-01 2.573329999999999784e-01 -5.000000000000000240e-05
2.500000000000000000e+01 1.300000000000000000e+01 2.000000000000000000e+01 0.000000000000000000e+00 1.600000000000000089e+00 7.150000000000000322e-04 2.300000000000000070e-04 1.000000000000000000e+00 2.561220000000000163e-01 9.666439999999999477e-01 -4.060000000000000024e-04 -9.666439999999999477e-01 2.561220000000000163e-01 6.319999999999999663e-04
3.000000000000000000e+00 1.600000000000000000e+01 2.100000000000000000e+01 0.000000000000000000e+00 1.600000000000000089e+00 6.769999999999999759e-04 1.059099999999999972e-02 9.999440000000000550e-01 3.011849999999999805e-01 9.535099999999999687e-01 -1.030299999999999966e-02 -9.535649999999999959e-01 3.011750000000000260e-01 -2.544999999999999953e-03
2.800000000000000000e+01 1.600000000000000000e+01 2.100000000000000000e+01 0.000000000000000000e+00 1.600000000000000089e+00 5.199999999999999680e-05 -4.460000000000000422e-03 9.999900000000000455e-01 3.000340000000000229e-01 9.539189999999999614e-01 4.238999999999999713e-03 -9.539279999999999982e-01 3.000309999999999921e-01 1.387999999999999911e-03
1.000000000000000000e+00 4.600000000000000000e+01 2.700000000000000000e+01 0.000000000000000000e+00 1.600000000000000089e+00 2.513000000000000043e-03 3.750000000000000078e-04 -9.999970000000000248e-01 6.558519999999999905e-01 7.548869999999999747e-01 1.930999999999999991e-03 7.548850000000000282e-01 -6.558549999999999658e-01 1.652000000000000040e-03
1.500000000000000000e+01 4.600000000000000000e+01 2.700000000000000000e+01 0.000000000000000000e+00 1.600000000000000089e+00 2.138000000000000143e-03 4.600000000000000004e-05 -9.999980000000000535e-01 6.598209999999999908e-01 7.514210000000000056e-01 1.446000000000000020e-03 7.514199999999999768e-01 -6.598230000000000484e-01 1.575999999999999927e-03
6.000000000000000000e+00 4.600000000000000000e+01 3.000000000000000000e+01 0.000000000000000000e+00 1.600000000000000089e+00 2.220000000000000022e-04 -1.060000000000000016e-04 -1.000000000000000000e+00 3.291069999999999829e-01 9.442930000000000490e-01 -2.699999999999999899e-05 9.442930000000000490e-01 -3.291069999999999829e-01 2.449999999999999921e-04
2.000000000000000000e+00 5.800000000000000000e+01 3.100000000000000000e+01 0.000000000000000000e+00 1.600000000000000089e+00 1.564999999999999985e-03 -1.241800000000000022e-02 9.999219999999999775e-01 -7.643860000000000099e-01 -6.447230000000000461e-01 -6.810000000000000081e-03 6.447570000000000245e-01 -7.643149999999999666e-01 -1.050199999999999918e-02
1.000000000000000000e+01 5.800000000000000000e+01 3.100000000000000000e+01 0.000000000000000000e+00 1.600000000000000089e+00 -2.196000000000000035e-03 -5.309000000000000351e-03 9.999829999999999552e-01 -7.678719999999999990e-01 -6.405830000000000135e-01 -5.087000000000000376e-03 6.405990000000000295e-01 -7.678709999999999702e-01 -2.670000000000000064e-03
1.700000000000000000e+01 5.800000000000000000e+01 3.100000000000000000e+01 0.000000000000000000e+00 1.600000000000000089e+00 -1.515000000000000071e-03 2.951000000000000064e-03 9.999949999999999672e-01 -7.732339999999999769e-01 -6.341200000000000170e-01 6.999999999999999929e-04 6.341189999999999882e-01 -7.732290000000000552e-01 3.242999999999999789e-03
2.100000000000000000e+01 5.800000000000000000e+01 3.100000000000000000e+01 0.000000000000000000e+00 1.600000000000000089e+00 6.271999999999999797e-03 6.731000000000000004e-03 9.999580000000000135e-01 -7.749840000000000062e-01 -6.319150000000000045e-01 9.114000000000000573e-03 6.319489999999999830e-01 -7.750089999999999479e-01 1.252999999999999991e-03
2.300000000000000000e+01 5.800000000000000000e+01 3.100000000000000000e+01 0.000000000000000000e+00 1.600000000000000089e+00 7.087000000000000417e-03 8.543000000000000246e-03 9.999379999999999935e-01 -7.746410000000000240e-01 -6.323069999999999524e-01 1.089200000000000064e-02 6.323609999999999509e-01 -7.746709999999999985e-01 2.137000000000000011e-03
3.000000000000000000e+00 4.600000000000000000e+01 3.500000000000000000e+01 0.000000000000000000e+00 1.600000000000000089e+00 1.990000000000000124e-04 -2.684000000000000188e-03 -9.999959999999999960e-01 3.851129999999999831e-01 -9.228659999999999641e-01 2.553000000000000148e-03 -9.228690000000000504e-01 -3.851120000000000099e-01 8.499999999999999526e-04
9.000000000000000000e+00 4.600000000000000000e+01 3.500000000000000000e+01 0.000000000000000000e+00 1.600000000000000089e+00 -2.680000000000000090e-04 4.690000000000000158e-04 -1.000000000000000000e+00 3.855859999999999843e-01 -9.226720000000000477e-01 -5.360000000000000181e-04 -9.226720000000000477e-01 -3.855859999999999843e-01 6.600000000000000506e-05
1.400000000000000000e+01 4.600000000000000000e+01 3.500000000000000000e+01 0.000000000000000000e+00 1.600000000000000089e+00 -5.090000000000000123e-04 -2.141999999999999807e-03 -9.999980000000000535e-01 3.857400000000000273e-01 -9.226060000000000372e-01 1.779999999999999898e-03 -9.226069999999999549e-01 -3.857380000000000253e-01 1.296000000000000060e-03
2.000000000000000000e+01 4.600000000000000000e+01 3.500000000000000000e+01 0.000000000000000000e+00 1.600000000000000089e+00 -5.270000000000000162e-04 1.453999999999999997e-03 -9.999989999999999712e-01 3.854330000000000256e-01 -9.227340000000000542e-01 -1.544999999999999932e-03 -9.227360000000000007e-01 -3.854330000000000256e-01 -7.399999999999999623e-05
2.700000000000000000e+01 4.600000000000000000e+01 3.500000000000000000e+01 0.000000000000000000e+00 1.600000000000000089e+00 7.029999999999999574e-04 -2.707000000000000205e-03 -9.999959999999999960e-01 3.845129999999999937e-01 -9.231150000000000189e-01 2.769000000000000194e-03 -9.231190000000000229e-01 -3.845140000000000224e-01 3.919999999999999873e-04
3.000000000000000000e+00 9.500000000000000000e+01 3.600000000000000000e+01 0.000000000000000000e+00 1.600000000000000089e+00 6.017999999999999912e-03 1.316699999999999988e-02 9.998949999999999783e-01 9.972919999999999563e-01 7.321300000000000030e-02 -6.967000000000000103e-03 -7.329700000000000104e-02 9.972290000000000321e-01 -1.269099999999999916e-02
1.700000000000000000e+01 9.500000000000000000e+01 3.600000000000000000e+01 0.000000000000000000e+00 1.600000000000000089e+00 -4.299999999999999894e-04 -1.312699999999999978e-02 9.999139999999999695e-01 9.974830000000000085e-01 7.088999999999999468e-02 1.360000000000000098e-03 -7.090200000000000669e-02 9.973980000000000068e-01 1.306399999999999922e-02
2.400000000000000000e+01 9.500000000000000000e+01 3.600000000000000000e+01 0.000000000000000000e+00 1.600000000000000089e+00 7.069999999999999462e-04 3.538899999999999685e-02 9.993729999999999558e-01 9.980869999999999465e-01 6.176000000000000240e-02 -2.893000000000000172e-03 -6.182399999999999701e-02 9.974629999999999885e-01 -3.527700000000000280e-02
1.000000000000000000e+00 3.000000000000000000e+00 4.300000000000000000e+01 0.000000000000000000e+00 1.600000000000000089e+00 -2.858999999999999996e-03 -6.882000000000000096e-03 -9.999719999999999720e-01 7.388719999999999732e-01 -6.738410000000000233e-01 2.524999999999999901e-03 -6.738399999999999945e-01 -7.388439999999999452e-01 7.010999999999999871e-03
1.100000000000000000e+01 3.000000000000000000e+00 4.300000000000000000e+01 0.000000000000000000e+00 1.600000000000000089e+00 -2.618000000000000101e-03 -2.521999999999999936e-02 -9.996779999999999555e-01 7.356810000000000294e-01 -6.771580000000000377e-01 1.515700000000000033e-02 -6.773230000000000084e-01 -7.354049999999999754e-01 2.032700000000000132e-02
2.400000000000000000e+01 3.000000000000000000e+00 4.300000000000000000e+01 0.000000000000000000e+00 1.600000000000000089e+00 5.538999999999999653e-03 2.215599999999999861e-02 -9.997390000000000443e-01 7.414420000000000455e-01 -6.709310000000000551e-01 -1.076099999999999973e-02 -6.709939999999999793e-01 -7.411889999999999867e-01 -2.014399999999999871e-02
2.800000000000000000e+01 3.000000000000000000e+00 4.300000000000000000e+01 0.000000000000000000e+00 1.600000000000000089e+00 -1.683999999999999950e-03 8.847000000000000697e-03 -9.999590000000000423e-01 7.412109999999999532e-01 -6.712339999999999973e-01 -7.186999999999999812e-03 -6.712700000000000333e-01 -7.411929999999999907e-01 -5.427000000000000400e-03
2.000000000000000000e+01 8.000000000000000000e+00 4.400000000000000000e+01 0.000000000000000000e+00 1.600000000000000089e+00 -3.690999999999999837e-03 8.090000000000000403e-04 9.999930000000000208e-01 -7.777180000000000204e-01 -6.286089999999999733e-01 -2.361999999999999950e-03 6.286019999999999941e-01 -7.777209999999999956e-01 2.948999999999999799e-03
2.900000000000000000e+01 8.000000000000000000e+00 4.400000000000000000e+01 0.000000000000000000e+00 1.600000000000000089e+00 2.795999999999999874e-03 1.065299999999999928e-02 9.999390000000000223e-01 -7.797990000000000199e-01 -6.259670000000000512e-01 8.848999999999999228e-03 6.260229999999999961e-01 -7.797770000000000534e-01 6.557000000000000328e-03
3.000000000000000000e+00 2.900000000000000000e+01 4.400000000000000000e+01 0.000000000000000000e+00 1.600000000000000089e+00 -1.178000000000000011e-03 1.498999999999999898e-03 -9.999980000000000535e-01 6.689519999999999911e-01 7.433060000000000223e-01 3.260000000000000094e-04 7.433049999999999935e-01 -6.689500000000000446e-01 -1.877999999999999895e-03
7.000000000000000000e+00 2.900000000000000000e+01 4.400000000000000000e+01 0.000000000000000000e+00 1.600000000000000089e+00 1.471000000000000085e-03 3.680000000000000003e-04 -9.999989999999999712e-01 6.741829999999999767e-01 7.385629999999999695e-01 1.263000000000000017e-03 7.385629999999999695e-01 -6.741840000000000055e-01 8.379999999999999862e-04
1.000000000000000000e+01 2.900000000000000000e+01 4.400000000000000000e+01 0.000000000000000000e+00 1.600000000000000089e+00 2.112000000000000162e-03 -4.101999999999999744e-03 -9.999890000000000168e-01 6.794059999999999544e-01 7.337609999999999966e-01 -1.575000000000000011e-03 7.337590000000000501e-01 -6.793959999999999999e-01 4.335999999999999577e-03
1.600000000000000000e+01 2.900000000000000000e+01 4.400000000000000000e+01 0.000000000000000000e+00 1.600000000000000089e+00 1.605000000000000090e-03 7.529999999999999801e-04 -9.999980000000000535e-01 6.824799999999999756e-01 7.309020000000000516e-01 1.645999999999999894e-03 7.309020000000000516e-01 -6.824820000000000331e-01 6.589999999999999721e-04
1.900000000000000000e+01 2.900000000000000000e+01 4.400000000000000000e+01 0.000000000000000000e+00 1.600000000000000089e+00 2.086000000000000180e-03 2.979999999999999793e-04 -9.999980000000000535e-01 6.810329999999999995e-01 7.322509999999999852e-01 1.639000000000000049e-03 7.322490000000000387e-01 -6.810349999999999460e-01 1.325000000000000006e-03
2.400000000000000000e+01 2.900000000000000000e+01 4.400000000000000000e+01 0.000000000000000000e+00 1.600000000000000089e+00 2.089999999999999844e-03 1.345000000000000058e-03 -9.999970000000000248e-01 6.754250000000000531e-01 7.374239999999999684e-01 2.403000000000000188e-03 7.374249999999999972e-01 -6.754280000000000284e-01 6.319999999999999663e-04
2.800000000000000000e+01 2.900000000000000000e+01 4.400000000000000000e+01 0.000000000000000000e+00 1.600000000000000089e+00 -1.438999999999999958e-03 -1.240999999999999916e-03 -9.999980000000000535e-01 6.680899999999999617e-01 7.440790000000000459e-01 -1.884000000000000041e-03 7.440790000000000459e-01 -6.680909999999999904e-01 -2.410000000000000033e-04
2.000000000000000000e+00 6.000000000000000000e+00 5.100000000000000000e+01 0.000000000000000000e+00 1.600000000000000089e+00 -2.223000000000000149e-03 1.287499999999999929e-02 -9.999149999999999983e-01 3.195500000000000007e-01 -9.474820000000000464e-01 -1.290999999999999960e-02 -9.475670000000000481e-01 -3.195509999999999740e-01 -2.007999999999999802e-03
1.300000000000000000e+01 7.000000000000000000e+00 5.200000000000000000e+01 0.000000000000000000e+00 1.600000000000000089e+00 -6.200999999999999915e-03 -7.642999999999999620e-03 -9.999519999999999520e-01 1.364070000000000005e-01 -9.906300000000000106e-01 6.726000000000000208e-03 -9.906340000000000146e-01 -1.363580000000000070e-01 7.185999999999999679e-03
2.500000000000000000e+01 7.000000000000000000e+00 5.200000000000000000e+01 0.000000000000000000e+00 1.600000000000000089e+00 4.682999999999999663e-03 2.481999999999999831e-03 -9.999860000000000415e-01 7.491699999999999748e-02 -9.971879999999999633e-01 -2.124000000000000020e-03 -9.971790000000000376e-01 -7.490600000000000036e-02 -4.856000000000000073e-03
1.000000000000000000e+00 6.300000000000000000e+01 5.400000000000000000e+01 0.000000000000000000e+00 1.600000000000000089e+00 -1.660999999999999933e-03 1.753999999999999917e-03 9.999970000000000248e-01 -3.616280000000000050e-01 9.323200000000000376e-01 -2.236000000000000140e-03 -9.323209999999999553e-01 -3.616309999999999802e-01 -9.139999999999999904e-04
5.000000000000000000e+00 6.300000000000000000e+01 5.400000000000000000e+01 0.000000000000000000e+00 1.600000000000000089e+00 -1.925000000000000062e-03 6.059999999999999849e-04 9.999980000000000535e-01 -3.550079999999999902e-01 9.348619999999999708e-01 -1.250000000000000026e-03 -9.348610000000000531e-01 -3.550099999999999922e-01 -1.583999999999999905e-03
1.100000000000000000e+01 6.300000000000000000e+01 5.400000000000000000e+01 0.000000000000000000e+00 1.600000000000000089e+00 -9.070000000000000371e-04 5.559999999999999621e-04 9.999989999999999712e-01 -3.534479999999999844e-01 9.354540000000000077e-01 -8.409999999999999507e-04 -9.354540000000000077e-01 -3.534479999999999844e-01 -6.520000000000000188e-04
1.900000000000000000e+01 6.300000000000000000e+01 5.400000000000000000e+01 0.000000000000000000e+00 1.600000000000000089e+00 1.402999999999999950e-03 -8.819999999999999715e-04 9.999989999999999712e-01 -3.481179999999999830e-01 9.374500000000000055e-01 1.314999999999999980e-03 -9.374500000000000055e-01 -3.481190000000000118e-01 1.008999999999999914e-03
2.800000000000000000e+01 6.300000000000000000e+01 5.400000000000000000e+01 0.000000000000000000e+00 1.600000000000000089e+00 6.689999999999999983e-04 -3.739999999999999835e-04 1.000000000000000000e+00 -3.506340000000000012e-01 9.365120000000000111e-01 5.850000000000000165e-04 -9.365120000000000111e-01 -3.506340000000000012e-01 4.949999999999999973e-04
7.000000000000000000e+00 2.500000000000000000e+01 5.500000000000000000e+01 0.000000000000000000e+00 1.600000000000000089e+00 9.610000000000000486e-04 9.680000000000000019e-04 -9.999989999999999712e-01 -1.380699999999999983e-02 -9.999040000000000150e-01 -9.810000000000001011e-04 -9.999040000000000150e-01 1.380800000000000083e-02 -9.479999999999999495e-04
1.800000000000000000e+01 2.500000000000000000e+01 5.500000000000000000e+01 0.000000000000000000e+00 1.600000000000000089e+00 -3.099999999999999999e-04 -3.390000000000000001e-04 -1.000000000000000000e+00 -1.114399999999999939e-02 -9.999379999999999935e-01 3.420000000000000188e-04 -9.999379999999999935e-01 1.114399999999999939e-02 3.060000000000000111e-04
2.300000000000000000e+01 2.500000000000000000e+01 5.500000000000000000e+01 0.000000000000000000e+00 1.600000000000000089e+00 -1.327999999999999970e-03 -2.112999999999999861e-03 -9.999970000000000248e-01 -1.235900000000000019e-02 -9.999209999999999487e-01 2.128999999999999816e-03 -9.999230000000000063e-01 1.236199999999999972e-02 1.301999999999999989e-03
2.600000000000000000e+01 5.800000000000000000e+01 5.900000000000000000e+01 0.000000000000000000e+00 1.600000000000000089e+00 1.654000000000000088e-03 4.426000000000000247e-03 -9.999890000000000168e-01 3.931310000000000082e-01 9.194700000000000095e-01 4.720000000000000237e-03 9.194809999999999928e-01 -3.931350000000000122e-01 -2.190000000000000106e-04
1.200000000000000000e+01 2.100000000000000000e+01 6.000000000000000000e+01 0.000000000000000000e+00 1.600000000000000089e+00 -2.539999999999999940e-04 4.370999999999999885e-03 9.999900000000000455e-01 -9.374300000000000688e-02 9.955869999999999997e-01 -4.375999999999999682e-03 -9.955960000000000365e-01 -9.374300000000000688e-02 1.569999999999999944e-04
1.800000000000000000e+01 2.100000000000000000e+01 6.000000000000000000e+01 0.000000000000000000e+00 1.600000000000000089e+00 2.089999999999999844e-03 5.246999999999999928e-03 9.999839999999999840e-01 -9.611799999999999511e-02 9.953570000000000473e-01 -5.022000000000000422e-03 -9.953680000000000305e-01 -9.610599999999999699e-02 2.585000000000000058e-03
2.900000000000000000e+01 6.000000000000000000e+00 6.100000000000000000e+01 0.000000000000000000e+00 1.600000000000000089e+00 -4.569999999999999952e-04 3.311999999999999840e-03 9.999940000000000495e-01 5.605099999999999527e-01 -8.281420000000000448e-01 2.998999999999999930e-03 8.281479999999999952e-01 5.605080000000000062e-01 -1.477999999999999930e-03
1.900000000000000000e+01 3.000000000000000000e+00 6.300000000000000000e+01 0.000000000000000000e+00 1.600000000000000089e+00 -2.949999999999999931e-03 1.721000000000000090e-03 9.999940000000000495e-01 -6.125559999999999894e-01 7.904210000000000402e-01 -3.167000000000000110e-03 -7.904219999999999580e-01 -6.125610000000000221e-01 -1.278000000000000056e-03
1.000000000000000000e+00 2.700000000000000000e+01 6.300000000000000000e+01 0.000000000000000000e+00 1.600000000000000089e+00 1.288999999999999998e-03 -7.128999999999999920e-03 9.999740000000000295e-01 -2.713039999999999896e-01 9.624669999999999614e-01 7.211000000000000396e-03 -9.624930000000000430e-01 -2.713059999999999916e-01 -6.939999999999999555e-04
7.000000000000000000e+00 2.700000000000000000e+01 6.300000000000000000e+01 0.000000000000000000e+00 1.600000000000000089e+00 -2.125999999999999852e-03 2.524000000000000202e-03 9.999949999999999672e-01 -2.743140000000000023e-01 9.616350000000000176e-01 -3.010999999999999788e-03 -9.616379999999999928e-01 -2.743189999999999795e-01 -1.351999999999999903e-03
1.400000000000000000e+01 2.700000000000000000e+01 6.300000000000000000e+01 0.000000000000000000e+00 1.600000000000000089e+00 7.839999999999999747e-04 6.399999999999999710e-05 1.000000000000000000e+00 -2.808559999999999945e-01 9.597499999999999920e-01 1.579999999999999916e-04 -9.597499999999999920e-01 -2.808559999999999945e-01 7.699999999999999597e-04
2.100000000000000000e+01 2.700000000000000000e+01 6.300000000000000000e+01 0.000000000000000000e+00 1.600000000000000089e+00 -8.980000000000000352e-04 3.206000000000000082e-03 9.999949999999999672e-01 -2.794389999999999930e-01 9.601579999999999560e-01 -3.328999999999999928e-03 -9.601629999999999887e-01 -2.794400000000000217e-01 3.300000000000000253e-05
2.500000000000000000e+01 2.700000000000000000e+01 6.300000000000000000e+01 0.000000000000000000e+00 1.600000000000000089e+00 4.800000000000000122e-05 -2.312999999999999952e-03 9.999970000000000248e-01 -2.793829999999999925e-01 9.601769999999999472e-01 2.235000000000000007e-03 -9.601800000000000335e-01 -2.793829999999999925e-01 -5.999999999999999474e-04
6.000000000000000000e+00 2.600000000000000000e+01 6.400000000000000000e+01 0.000000000000000000e+00 1.600000000000000089e+00 -1.881999999999999992e-03 -1.242999999999999964e-03 9.999970000000000248e-01 -3.522170000000000023e-01 9.359180000000000277e-01 5.010000000000000347e-04 -9.359159999999999702e-01 -3.522159999999999735e-01 -2.199000000000000000e-03
1.200000000000000000e+01 2.600000000000000000e+01 6.400000000000000000e+01 0.000000000000000000e+00 1.600000000000000089e+00 -3.499999999999999964e-04 -6.639999999999999852e-04 1.000000000000000000e+00 -3.613589999999999858e-01 9.324270000000000058e-01 4.929999999999999487e-04 -9.324270000000000058e-01 -3.613589999999999858e-01 -5.659999999999999884e-04
1.500000000000000000e+01 2.600000000000000000e+01 6.400000000000000000e+01 0.000000000000000000e+00 1.600000000000000089e+00 1.838000000000000007e-03 2.260999999999999989e-03 9.999959999999999960e-01 -3.642810000000000215e-01 9.312880000000000047e-01 -1.435999999999999993e-03 -9.312869999999999759e-01 -3.642770000000000175e-01 2.534999999999999927e-03
2.000000000000000000e+01 2.600000000000000000e+01 6.400000000000000000e+01 0.000000000000000000e+00 1.600000000000000089e+00 -4.180000000000000230e-04 4.663999999999999743e-03 9.999890000000000168e-01 -3.635450000000000070e-01 9.315660000000000052e-01 -4.497000000000000129e-03 -9.315759999999999597e-01 -3.635430000000000050e-01 1.306000000000000086e-03
2.600000000000000000e+01 2.600000000000000000e+01 6.400000000000000000e+01 0.000000000000000000e+00 1.600000000000000089e+00 5.300000000000000078e-05 -4.422999999999999848e-03 9.999900000000000455e-01 -3.626699999999999924e-01 9.319079999999999586e-01 4.140999999999999716e-03 -9.319169999999999954e-01 -3.626670000000000171e-01 -1.554999999999999959e-03
9.000000000000000000e+00 6.900000000000000000e+01 6.600000000000000000e+01 0.000000000000000000e+00 1.600000000000000089e+00 1.022200000000000018e-02 -8.441000000000000586e-03 9.999120000000000230e-01 -9.530720000000000303e-01 3.024950000000000139e-01 1.229700000000000064e-02 -3.025720000000000076e-01 -9.531140000000000168e-01 -4.952999999999999937e-03
1.700000000000000000e+01 6.900000000000000000e+01 6.600000000000000000e+01 0.000000000000000000e+00 1.600000000000000089e+00 5.465000000000000240e-03 -8.180000000000000422e-04 9.999850000000000128e-01 -9.532840000000000202e-01 3.020260000000000167e-01 5.457000000000000045e-03 -3.020260000000000167e-01 -9.532990000000000075e-01 8.710000000000000294e-04
2.100000000000000000e+01 3.100000000000000000e+01 7.100000000000000000e+01 0.000000000000000000e+00 1.600000000000000089e+00 5.039999999999999992e-04 4.650000000000000270e-04 -1.000000000000000000e+00 -7.107510000000000217e-01 -7.034439999999999582e-01 -6.849999999999999535e-04 -7.034439999999999582e-01 7.107510000000000217e-01 -2.400000000000000061e-05
2.500000000000000000e+01 2.500000000000000000e+01 7.300000000000000000e+01 0.000000000000000000e+00 1.600000000000000089e+00 2.540999999999999856e-03 3.299999999999999982e-03 9.999909999999999632e-01 7.435399999999999787e-01 -6.686910000000000354e-01 3.179999999999999776e-04 6.686870000000000314e-01 7.435329999999999995e-01 -4.152000000000000308e-03
9.000000000000000000e+00 4.400000000000000000e+01 7.300000000000000000e+01 0.000000000000000000e+00 1.600000000000000089e+00 -2.654000000000000109e-03 -3.134000000000000067e-03 9.999919999999999920e-01 4.762700000000000267e-02 -9.988609999999999989e-01 -3.004000000000000160e-03 9.988620000000000276e-01 4.761900000000000160e-02 2.799999999999999972e-03
1.500000000000000000e+01 4.400000000000000000e+01 7.300000000000000000e+01 0.000000000000000000e+00 1.600000000000000089e+00 1.028000000000000051e-03 -2.095000000000000074e-03 9.999970000000000248e-01 4.404500000000000082e-02 -9.990269999999999984e-01 -2.138000000000000143e-03 9.990289999999999448e-01 4.404700000000000282e-02 -9.349999999999999587e-04
1.900000000000000000e+01 4.400000000000000000e+01 7.300000000000000000e+01 0.000000000000000000e+00 1.600000000000000089e+00 1.175000000000000046e-03 -3.911000000000000414e-03 9.999919999999999920e-01 4.385399999999999715e-02 -9.990299999999999736e-01 -3.958999999999999846e-03 9.990369999999999528e-01 4.385800000000000115e-02 -1.002000000000000069e-03
2.700000000000000000e+01 4.400000000000000000e+01 7.300000000000000000e+01 0.000000000000000000e+00 1.600000000000000089e+00 1.472999999999999917e-03 -2.429000000000000169e-03 9.999959999999999960e-01 4.648900000000000254e-02 -9.989160000000000261e-01 -2.494999999999999822e-03 9.989179999999999726e-01 4.649199999999999861e-02 -1.358999999999999965e-03
