6.000000000000000000e+00 1.600000000000000000e+01 4.000000000000000000e+00 0.000000000000000000e+00 1.600000000000000089e+00 -2.625999999999999862e-03 1.201000000000000028e-03 9.999959999999999960e-01 4.580469999999999819e-01 -8.889249999999999652e-01 2.269999999999999882e-03 8.889240000000000475e-01 4.580509999999999859e-01 1.784999999999999911e-03
4.000000000000000000e+00 1.010000000000000000e+02 7.000000000000000000e+00 0.000000000000000000e+00 1.600000000000000089e+00 -1.513000000000000022e-03 -5.061000000000000394e-03 9.999860000000000415e-01 8.854480000000000128e-01 4.647229999999999972e-01 3.691999999999999969e-03 -4.647350000000000092e-01 8.854419999999999513e-01 3.778000000000000108e-03
2.200000000000000000e+01 1.010000000000000000e+02 7.000000000000000000e+00 0.000000000000000000e+00 1.600000000000000089e+00 -1.250999999999999942e-03 -3.464000000000000065e-03 9.999930000000000208e-01 8.856009999999999716e-01 4.644389999999999907e-01 2.716999999999999797e-03 -4.644449999999999967e-01 8.855979999999999963e-01 2.487000000000000061e-03
8.000000000000000000e+00 2.500000000000000000e+01 8.000000000000000000e+00 0.000000000000000000e+00 1.600000000000000089e+00 1.981999999999999821e-03 2.422999999999999807e-03 -9.999949999999999672e-01 4.467969999999999997e-01 8.946300000000000363e-01 3.053000000000000158e-03 8.946330000000000116e-01 -4.468010000000000037e-01 6.909999999999999910e-04
1.200000000000000000e+01 2.500000000000000000e+01 8.000000000000000000e+00 0.000000000000000000e+00 1.600000000000000089e+00 2.750999999999999973e-03 8.259000000000000716e-03 -9.999620000000000175e-01 4.451209999999999889e-01 8.954290000000000305e-01 8.619999999999999191e-03 8.954659999999999842e-01 -4.451280000000000237e-01 -1.213000000000000102e-03
1.700000000000000000e+01 2.500000000000000000e+01 8.000000000000000000e+00 0.000000000000000000e+00 1.600000000000000089e+00 2.599999999999999840e-05 7.690000000000000438e-04 -1.000000000000000000e+00 4.440310000000000090e-01 8.960110000000000019e-01 7.010000000000000172e-04 8.960110000000000019e-01 -4.440310000000000090e-01 -3.179999999999999776e-04
2.100000000000000000e+01 2.500000000000000000e+01 8.000000000000000000e+00 0.000000000000000000e+00 1.600000000000000089e+00 -9.139999999999999904e-04 -1.629000000000000023e-03 -9.999980000000000535e-01 4.457559999999999856e-01 8.951529999999999765e-01 -1.864999999999999904e-03 8.951540000000000052e-01 -4.457570000000000143e-01 -9.200000000000000007e-05
2.400000000000000000e+01 2.500000000000000000e+01 8.000000000000000000e+00 0.000000000000000000e+00 1.600000000000000089e+00 3.200000000000000262e-04 -2.704999999999999939e-03 -9.999959999999999960e-01 4.466629999999999767e-01 8.947000000000000508e-01 -2.276999999999999944e-03 8.947019999999999973e-01 -4.466600000000000015e-01 1.494000000000000102e-03
3.000000000000000000e+01 2.500000000000000000e+01 8.000000000000000000e+00 0.000000000000000000e+00 1.600000000000000089e+00 1.552999999999999910e-03 8.843000000000000166e-03 -9.999599999999999600e-01 4.455770000000000008e-01 8.952020000000000532e-01 8.609000000000000333e-03 8.952430000000000110e-01 -4.455720000000000236e-01 -2.550000000000000183e-03
1.300000000000000000e+01 9.000000000000000000e+00 9.000000000000000000e+00 0.000000000000000000e+00 1.600000000000000089e+00 3.989000000000000358e-03 -7.854999999999999136e-03 -9.999609999999999888e-01 -9.447510000000000074e-01 -3.277880000000000238e-01 -1.193999999999999966e-03 -3.277660000000000018e-01 9.447189999999999754e-01 -8.727999999999999647e-03
2.000000000000000000e+01 9.000000000000000000e+00 9.000000000000000000e+00 0.000000000000000000e+00 1.600000000000000089e+00 -2.072299999999999837e-02 -2.302999999999999839e-02 -9.995199999999999640e-01 -9.462080000000000490e-01 -3.224270000000000191e-01 2.704700000000000160e-02 -3.228960000000000163e-01 9.463139999999999885e-01 -1.511000000000000017e-02
4.000000000000000000e+00 2.400000000000000000e+01 9.000000000000000000e+00 0.000000000000000000e+00 1.600000000000000089e+00 -5.760000000000000146e-04 -3.497999999999999807e-03 -9.999940000000000495e-01 4.541780000000000261e-01 8.909049999999999470e-01 -3.377999999999999926e-03 8.909110000000000085e-01 -4.541769999999999974e-01 1.075000000000000001e-03
1.200000000000000000e+01 2.400000000000000000e+01 9.000000000000000000e+00 0.000000000000000000e+00 1.600000000000000089e+00 2.805999999999999901e-03 8.614000000000000129e-03 -9.999590000000000423e-01 4.527180000000000093e-01 8.916089999999999849e-01 8.951000000000000623e-03 8.916490000000000249e-01 -4.527240000000000153e-01 -1.397999999999999937e-03
1.500000000000000000e+01 2.400000000000000000e+01 9.000000000000000000e+00 0.000000000000000000e+00 1.600000000000000089e+00 1.221999999999999996e-03 1.873000000000000099e-03 -9.999970000000000248e-01 4.515370000000000217e-01 8.922489999999999588e-01 2.223000000000000149e-03 8.922510000000000163e-01 -4.515390000000000237e-01 2.449999999999999921e-04
2.100000000000000000e+01 2.400000000000000000e+01 9.000000000000000000e+00 0.000000000000000000e+00 1.600000000000000089e+00 -1.219999999999999947e-03 -1.843000000000000020e-03 -9.999980000000000535e-01 4.534949999999999815e-01 8.912560000000000482e-01 -2.196000000000000035e-03 8.912579999999999947e-01 -4.534969999999999835e-01 -2.519999999999999996e-04
2.400000000000000000e+01 2.400000000000000000e+01 9.000000000000000000e+00 0.000000000000000000e+00 1.600000000000000089e+00 -4.500000000000000283e-05 -2.775000000000000123e-03 -9.999959999999999960e-01 4.546499999999999986e-01 8.906659999999999577e-01 -2.491999999999999858e-03 8.906699999999999617e-01 -4.546490000000000253e-01 1.221000000000000080e-03
2.900000000000000000e+01 8.000000000000000000e+00 1.000000000000000000e+01 0.000000000000000000e+00 1.600000000000000089e+00 3.911000000000000414e-03 -1.910000000000000077e-04 -9.999919999999999920e-01 -9.666829999999999590e-01 -2.559480000000000088e-01 -3.732000000000000074e-03 -2.559460000000000068e-01 9.666900000000000492e-01 -1.185000000000000072e-03
4.000000000000000000e+00 3.500000000000000000e+01 1.200000000000000000e+01 0.000000000000000000e+00 1.600000000000000089e+00 7.569999999999999689e-04 -1.498999999999999898e-03 -9.999989999999999712e-01 4.371550000000000158e-01 -8.993849999999999900e-01 1.678999999999999937e-03 -8.993860000000000188e-01 -4.371559999999999890e-01 -2.500000000000000120e-05
8.000000000000000000e+00 3.500000000000000000e+01 1.200000000000000000e+01 0.000000000000000000e+00 1.600000000000000089e+00 -1.000000000000000021e-03 3.884999999999999998e-03 -9.999919999999999920e-01 4.399680000000000257e-01 -8.980050000000000532e-01 -3.929000000000000201e-03 -8.980129999999999502e-01 -4.399689999999999990e-01 -8.120000000000000048e-04
1.500000000000000000e+01 3.500000000000000000e+01 1.200000000000000000e+01 0.000000000000000000e+00 1.600000000000000089e+00 1.544000000000000017e-03 7.669999999999999951e-04 -9.999980000000000535e-01 4.600839999999999930e-01 -8.878749999999999698e-01 2.900000000000000017e-05 -8.878740000000000521e-01 -4.600839999999999930e-01 -1.724000000000000055e-03
1.800000000000000000e+01 3.500000000000000000e+01 1.200000000000000000e+01 0.000000000000000000e+00 1.600000000000000089e+00 1.013999999999999927e-03 -3.592000000000000141e-03 -9.999930000000000208e-01 4.676279999999999881e-01 -8.839179999999999815e-01 3.648999999999999900e-03 -8.839249999999999607e-01 -4.676279999999999881e-01 7.829999999999999504e-04
2.100000000000000000e+01 3.500000000000000000e+01 1.200000000000000000e+01 0.000000000000000000e+00 1.600000000000000089e+00 8.429999999999999993e-04 -1.080000000000000014e-03 -9.999989999999999712e-01 4.724590000000000178e-01 -8.813520000000000243e-01 1.350000000000000071e-03 -8.813520000000000243e-01 -4.724599999999999911e-01 -2.329999999999999986e-04
2.500000000000000000e+01 3.500000000000000000e+01 1.200000000000000000e+01 0.000000000000000000e+00 1.600000000000000089e+00 -2.573999999999999899e-03 1.649000000000000075e-03 -9.999949999999999672e-01 4.688370000000000037e-01 -8.832809999999999828e-01 -2.663000000000000003e-03 -8.832809999999999828e-01 -4.688410000000000077e-01 1.500000000000000031e-03
2.000000000000000000e+00 3.200000000000000000e+01 1.400000000000000000e+01 0.000000000000000000e+00 1.600000000000000089e+00 1.259999999999999998e-04 2.384999999999999967e-03 -9.999970000000000248e-01 1.073400000000000049e-01 9.942199999999999926e-01 2.383999999999999835e-03 9.942220000000000502e-01 -1.073400000000000049e-01 -1.310000000000000129e-04
7.000000000000000000e+00 3.200000000000000000e+01 1.400000000000000000e+01 0.000000000000000000e+00 1.600000000000000089e+00 2.880000000000000073e-04 -3.628999999999999847e-03 -9.999930000000000208e-01 1.062260000000000010e-01 9.943359999999999976e-01 -3.578000000000000017e-03 9.943419999999999481e-01 -1.062239999999999990e-01 6.719999999999999628e-04
1.900000000000000000e+01 3.200000000000000000e+01 1.400000000000000000e+01 0.000000000000000000e+00 1.600000000000000089e+00 -1.900000000000000105e-05 2.164999999999999824e-03 -9.999980000000000535e-01 1.032799999999999968e-01 9.946500000000000341e-01 2.151999999999999833e-03 9.946519999999999806e-01 -1.032789999999999958e-01 -2.420000000000000005e-04
2.600000000000000000e+01 3.200000000000000000e+01 1.400000000000000000e+01 0.000000000000000000e+00 1.600000000000000089e+00 1.012000000000000096e-03 -6.359000000000000069e-03 -9.999789999999999512e-01 1.032190000000000052e-01 9.946390000000000509e-01 -6.219999999999999835e-03 9.946580000000000421e-01 -1.032099999999999962e-01 1.662999999999999982e-03
2.800000000000000000e+01 3.200000000000000000e+01 1.400000000000000000e+01 0.000000000000000000e+00 1.600000000000000089e+00 2.312999999999999952e-03 -5.372000000000000039e-03 -9.999829999999999552e-01 1.033390000000000003e-01 9.946329999999999893e-01 -5.104000000000000030e-03 9.946439999999999726e-01 -1.033250000000000002e-01 2.854999999999999899e-03
1.600000000000000000e+01 1.160000000000000000e+02 1.600000000000000000e+01 0.000000000000000000e+00 1.600000000000000089e+00 7.060000000000000303e-04 1.121999999999999950e-03 9.999989999999999712e-01 7.051920000000000410e-01 7.090159999999999796e-01 -1.294000000000000011e-03 -7.090159999999999796e-01 7.051920000000000410e-01 -2.910000000000000260e-04
2.400000000000000000e+01 1.160000000000000000e+02 1.600000000000000000e+01 0.000000000000000000e+00 1.600000000000000089e+00 -1.438999999999999958e-03 4.029999999999999837e-04 9.999989999999999712e-01 7.573079999999999812e-01 6.530569999999999986e-01 8.270000000000000441e-04 -6.530559999999999699e-01 7.573079999999999812e-01 -1.245000000000000013e-03
4.000000000000000000e+00 2.000000000000000000e+00 1.900000000000000000e+01 0.000000000000000000e+00 1.600000000000000089e+00 7.299999999999999903e-05 1.887899999999999995e-02 -9.998219999999999885e-01 3.271069999999999811e-01 -9.448189999999999644e-01 -1.781599999999999850e-02 -9.449870000000000214e-01 -3.270480000000000054e-01 -6.244000000000000418e-03
1.000000000000000000e+01 2.000000000000000000e+00 1.900000000000000000e+01 0.000000000000000000e+00 1.600000000000000089e+00 4.300000000000000165e-05 4.111000000000000071e-03 -9.999909999999999632e-01 3.264870000000000272e-01 -9.451939999999999786e-01 -3.872000000000000008e-03 -9.452019999999999866e-01 -3.264839999999999964e-01 -1.382999999999999898e-03
1.600000000000000000e+01 2.000000000000000000e+00 1.900000000000000000e+01 0.000000000000000000e+00 1.600000000000000089e+00 1.005999999999999950e-03 5.982000000000000338e-03 -9.999820000000000375e-01 3.266160000000000174e-01 -9.451420000000000377e-01 -5.324999999999999872e-03 -9.451570000000000249e-01 -3.266049999999999787e-01 -2.905000000000000030e-03
2.100000000000000000e+01 2.000000000000000000e+00 1.900000000000000000e+01 0.000000000000000000e+00 1.600000000000000089e+00 -3.130000000000000187e-04 -4.904000000000000373e-03 -9.999879999999999880e-01 3.297260000000000191e-01 -9.440659999999999608e-01 4.526999999999999774e-03 -9.440770000000000550e-01 -3.297200000000000131e-01 1.912000000000000071e-03
2.700000000000000000e+01 2.000000000000000000e+00 1.900000000000000000e+01 0.000000000000000000e+00 1.600000000000000089e+00 3.620000000000000171e-04 7.202000000000000068e-03 -9.999740000000000295e-01 3.337300000000000266e-01 -9.426449999999999552e-01 -6.668000000000000316e-03 -9.426679999999999504e-01 -3.337189999999999879e-01 -2.745000000000000044e-03
3.000000000000000000e+00 3.000000000000000000e+00 1.900000000000000000e+01 0.000000000000000000e+00 1.600000000000000089e+00 3.480000000000000020e-04 1.797899999999999845e-02 -9.998380000000000045e-01 2.988299999999999845e-01 -9.541539999999999466e-01 -1.705399999999999971e-02 -9.543059999999999876e-01 -2.987759999999999860e-01 -5.705000000000000002e-03
3.000000000000000000e+00 1.300000000000000000e+01 2.000000000000000000e+01 0.000000000000000000e+00 1.600000000000000089e+00 -1.157000000000000042e-03 1.941999999999999933e-03 9.999970000000000248e-01 2.624230000000000174e-01 9.649520000000000319e-01 -1.569999999999999998e-03 -9.649520000000000319e-01 2.624210000000000154e-01 -1.626000000000000058e-03
1.000000000000000000e+01 1.300000000000000000e+01 2.000000000000000000e+01 0.000000000000000000e+00 1.600000000000000089e+00 5.800000000000000034e-04 2.570000000000000127e-04 1.000000000000000000e+00 2.627519999999999856e-01 9.648630000000000262e-01 -4.000000000000000192e-04 -9.648630000000000262e-01 2.627519999999999856e-01 4.920000000000000328e-04
1.500000000000000000e+01 1.300000000000000000e+01 2.000000000000000000e+01 0.000000000000000000e+00 1.600000000000000089e+00 1.624999999999999925e-03 -2.489999999999999809e-04 9.999989999999999712e-01 2.626390000000000113e-01 9.648940000000000294e-01 -1.859999999999999945e-04 -9.648930000000000007e-01 2.626390000000000113e-01 1.632999999999999903e-03
2.000000000000000000e+01 1.300000000000000000e+01 2.000000000000000000e+01 0.000000000000000000e+00 1.600000000000000089e+00 -8.570000000000000144e-04 3.879999999999999985e-04 1.000000000000000000e+00 2.642450000000000077e-01 9.644559999999999800e-01 -1.479999999999999925e-04 -9.644549999999999512e-01 2.642439999999999789e-01 -9.290000000000000297e-04
2.300000000000000000e+01 1.300000000000000000e+01 2.000000000000000000e+01 0.000000000000000000e+00 1.600000000000000089e+00 -1.596999999999999895e-03 9.309999999999999699e-04 9.999980000000000535e-01 2.649599999999999733e-01 9.642589999999999772e-01 -4.739999999999999747e-04 -9.642579999999999485e-01 2.649590000000000001e-01 -1.786999999999999960e-03
2.800000000000000000e+01 1.300000000000000000e+01 2.000000000000000000e+01 0.000000000000000000e+00 1.600000000000000089e+00 5.999999999999999474e-04 -6.122999999999999970e-03 9.999810000000000088e-01 2.626760000000000206e-01 9.648670000000000302e-01 5.751000000000000036e-03 -9.648839999999999639e-01 2.626669999999999838e-01 2.187999999999999841e-03
1.000000000000000000e+01 5.000000000000000000e+01 2.200000000000000000e+01 0.000000000000000000e+00 1.600000000000000089e+00 -2.203999999999999796e-03 2.750000000000000166e-04 -9.999980000000000535e-01 -5.650269999999999460e-01 8.250709999999999988e-01 1.472000000000000001e-03 8.250690000000000524e-01 5.650290000000000035e-01 -1.662999999999999982e-03
1.600000000000000000e+01 5.000000000000000000e+01 2.200000000000000000e+01 0.000000000000000000e+00 1.600000000000000089e+00 9.330000000000000186e-04 3.795000000000000196e-03 -9.999919999999999920e-01 -5.633939999999999504e-01 8.261840000000000295e-01 2.609999999999999907e-03 8.261880000000000335e-01 5.633879999999999999e-01 2.909000000000000127e-03
4.000000000000000000e+00 3.000000000000000000e+00 2.500000000000000000e+01 0.000000000000000000e+00 1.600000000000000089e+00 -4.041000000000000321e-03 7.459000000000000352e-03 9.999639999999999640e-01 -3.418000000000000031e-03 -9.999660000000000215e-01 7.446000000000000361e-03 9.999860000000000415e-01 -3.387999999999999953e-03 4.067000000000000302e-03
8.000000000000000000e+00 3.000000000000000000e+00 2.500000000000000000e+01 0.000000000000000000e+00 1.600000000000000089e+00 -6.750000000000000357e-04 -4.960000000000000216e-04 1.000000000000000000e+00 -1.467999999999999904e-03 -9.999989999999999712e-01 -4.970000000000000459e-04 9.999989999999999712e-01 -1.467999999999999904e-03 6.740000000000000114e-04
1.300000000000000000e+01 3.000000000000000000e+00 2.500000000000000000e+01 0.000000000000000000e+00 1.600000000000000089e+00 -4.104000000000000009e-03 5.780000000000000415e-03 9.999749999999999472e-01 8.189999999999999581e-04 -9.999829999999999552e-01 5.782999999999999946e-03 9.999909999999999632e-01 8.429999999999999993e-04 4.099000000000000213e-03
1.700000000000000000e+01 3.000000000000000000e+00 2.500000000000000000e+01 0.000000000000000000e+00 1.600000000000000089e+00 -3.769999999999999914e-03 8.339999999999999974e-04 9.999919999999999920e-01 9.039000000000000160e-03 -9.999590000000000423e-01 8.679999999999999565e-04 9.999519999999999520e-01 9.041999999999999690e-03 3.762000000000000153e-03
2.000000000000000000e+00 4.600000000000000000e+01 3.000000000000000000e+01 0.000000000000000000e+00 1.600000000000000089e+00 1.920000000000000049e-04 -7.690000000000000438e-04 -1.000000000000000000e+00 3.338389999999999969e-01 9.426299999999999679e-01 -6.610000000000000207e-04 9.426299999999999679e-01 -3.338389999999999969e-01 4.380000000000000213e-04
2.000000000000000000e+00 5.800000000000000000e+01 3.100000000000000000e+01 0.000000000000000000e+00 1.600000000000000089e+00 3.542000000000000010e-03 4.730999999999999962e-03 9.999820000000000375e-01 -7.545490000000000252e-01 -6.562189999999999968e-01 5.777000000000000017e-03 6.562350000000000128e-01 -7.545560000000000045e-01 1.245000000000000013e-03
1.300000000000000000e+01 5.800000000000000000e+01 3.100000000000000000e+01 0.000000000000000000e+00 1.600000000000000089e+00 -1.021999999999999905e-03 2.851999999999999934e-03 9.999949999999999672e-01 -7.533769999999999634e-01 -6.575870000000000326e-01 1.105999999999999995e-03 6.575870000000000326e-01 -7.533729999999999594e-01 2.821000000000000157e-03
2.300000000000000000e+01 5.800000000000000000e+01 3.100000000000000000e+01 0.000000000000000000e+00 1.600000000000000089e+00 -7.387999999999999602e-03 -1.533999999999999947e-02 9.998550000000000493e-01 -7.597580000000000444e-01 -6.500190000000000135e-01 -1.558700000000000016e-02 6.501639999999999642e-01 -7.597629999999999661e-01 -6.851999999999999584e-03
1.200000000000000000e+01 2.300000000000000000e+01 3.400000000000000000e+01 0.000000000000000000e+00 1.600000000000000089e+00 6.300000000000000261e-04 -2.288999999999999802e-03 9.999970000000000248e-01 3.965810000000000168e-01 -9.179969999999999519e-01 -2.350999999999999791e-03 9.180000000000000382e-01 3.965810000000000168e-01 3.289999999999999739e-04
3.000000000000000000e+00 4.600000000000000000e+01 3.500000000000000000e+01 0.000000000000000000e+00 1.600000000000000089e+00 -1.910000000000000077e-04 -2.985999999999999939e-03 -9.999959999999999960e-01 3.919030000000000014e-01 -9.200030000000000152e-01 2.671999999999999896e-03 -9.200070000000000192e-01 -3.919009999999999994e-01 1.345999999999999974e-03
1.100000000000000000e+01 4.600000000000000000e+01 3.500000000000000000e+01 0.000000000000000000e+00 1.600000000000000089e+00 6.120000000000000223e-04 1.482000000000000027e-03 -9.999989999999999712e-01 3.912470000000000114e-01 -9.202850000000000197e-01 -1.124999999999999915e-03 -9.202860000000000484e-01 -3.912450000000000094e-01 -1.142999999999999919e-03
1.500000000000000000e+01 4.600000000000000000e+01 3.500000000000000000e+01 0.000000000000000000e+00 1.600000000000000089e+00 1.034999999999999896e-03 8.050000000000000515e-04 -9.999989999999999712e-01 3.898510000000000031e-01 -9.208779999999999744e-01 -3.379999999999999758e-04 -9.208769999999999456e-01 -3.898499999999999743e-01 -1.266999999999999897e-03
1.800000000000000000e+01 4.600000000000000000e+01 3.500000000000000000e+01 0.000000000000000000e+00 1.600000000000000089e+00 -3.170000000000000075e-04 9.060000000000000128e-04 -1.000000000000000000e+00 3.896959999999999869e-01 -9.209429999999999561e-01 -9.579999999999999757e-04 -9.209439999999999849e-01 -3.896959999999999869e-01 -6.099999999999999872e-05
2.300000000000000000e+01 4.600000000000000000e+01 3.500000000000000000e+01 0.000000000000000000e+00 1.600000000000000089e+00 -5.450000000000000200e-04 -2.396000000000000126e-03 -9.999970000000000248e-01 3.907640000000000002e-01 -9.204890000000000017e-01 1.992999999999999980e-03 -9.204909999999999481e-01 -3.907610000000000250e-01 1.438000000000000042e-03
3.000000000000000000e+00 3.000000000000000000e+00 4.300000000000000000e+01 0.000000000000000000e+00 1.600000000000000089e+00 -1.598999999999999944e-03 -9.024000000000000771e-03 -9.999580000000000135e-01 7.448399999999999466e-01 -6.672259999999999858e-01 4.830000000000000092e-03 -6.672420000000000018e-01 -7.448010000000000463e-01 7.787999999999999784e-03
9.000000000000000000e+00 3.000000000000000000e+00 4.300000000000000000e+01 0.000000000000000000e+00 1.600000000000000089e+00 -4.125000000000000194e-03 -1.051500000000000004e-02 -9.999360000000000470e-01 7.402710000000000123e-01 -6.722960000000000047e-01 4.015999999999999605e-03 -6.722960000000000047e-01 -7.402069999999999483e-01 1.055700000000000041e-02
1.800000000000000000e+01 3.000000000000000000e+00 4.300000000000000000e+01 0.000000000000000000e+00 1.600000000000000089e+00 3.629999999999999872e-04 2.304000000000000058e-03 -9.999970000000000248e-01 7.356690000000000174e-01 -6.773400000000000531e-01 -1.294000000000000011e-03 -6.773409999999999709e-01 -7.356660000000000421e-01 -1.941000000000000017e-03
2.400000000000000000e+01 3.000000000000000000e+00 4.300000000000000000e+01 0.000000000000000000e+00 1.600000000000000089e+00 -1.471000000000000085e-03 -3.867999999999999911e-03 -9.999909999999999632e-01 7.397629999999999484e-01 -6.728659999999999641e-01 1.515000000000000071e-03 -6.728659999999999641e-01 -7.397550000000000514e-01 3.850999999999999823e-03
5.000000000000000000e+00 8.000000000000000000e+00 4.400000000000000000e+01 0.000000000000000000e+00 1.600000000000000089e+00 2.669999999999999847e-04 -1.975000000000000193e-03 9.999980000000000535e-01 -7.826250000000000151e-01 -6.224920000000000453e-01 -1.020999999999999989e-03 6.224929999999999630e-01 -7.826229999999999576e-01 -1.711999999999999980e-03
3.000000000000000000e+00 2.900000000000000000e+01 4.400000000000000000e+01 0.000000000000000000e+00 1.600000000000000089e+00 6.199999999999999999e-04 -9.309999999999999699e-04 -9.999989999999999712e-01 6.589850000000000430e-01 7.521560000000000468e-01 -2.910000000000000260e-04 7.521560000000000468e-01 -6.589850000000000430e-01 1.080000000000000014e-03
9.000000000000000000e+00 2.900000000000000000e+01 4.400000000000000000e+01 0.000000000000000000e+00 1.600000000000000089e+00 2.999999999999999737e-04 3.154999999999999818e-03 -9.999949999999999672e-01 6.559789999999999788e-01 7.547749999999999737e-01 2.577999999999999996e-03 7.547789999999999777e-01 -6.559760000000000035e-01 -1.843000000000000020e-03
1.300000000000000000e+01 2.900000000000000000e+01 4.400000000000000000e+01 0.000000000000000000e+00 1.600000000000000089e+00 6.800000000000000488e-04 1.761999999999999894e-03 -9.999980000000000535e-01 6.567619999999999569e-01 7.540959999999999885e-01 1.776000000000000018e-03 7.540980000000000461e-01 -6.567619999999999569e-01 -6.449999999999999570e-04
1.700000000000000000e+01 2.900000000000000000e+01 4.400000000000000000e+01 0.000000000000000000e+00 1.600000000000000089e+00 1.219999999999999974e-04 1.118999999999999986e-03 -9.999989999999999712e-01 6.598319999999999741e-01 7.514129999999999976e-01 9.210000000000000521e-04 7.514129999999999976e-01 -6.598319999999999741e-01 -6.470000000000000057e-04
2.300000000000000000e+01 2.900000000000000000e+01 4.400000000000000000e+01 0.000000000000000000e+00 1.600000000000000089e+00 2.049000000000000040e-03 -7.560000000000000530e-04 -9.999980000000000535e-01 6.621120000000000339e-01 7.494039999999999591e-01 7.900000000000000121e-04 7.494020000000000126e-01 -6.621120000000000339e-01 2.036000000000000049e-03
2.800000000000000000e+01 2.900000000000000000e+01 4.400000000000000000e+01 0.000000000000000000e+00 1.600000000000000089e+00 -6.170000000000000354e-04 3.543000000000000142e-03 -9.999940000000000495e-01 6.538899999999999713e-01 7.565859999999999808e-01 2.276999999999999944e-03 7.565889999999999560e-01 -6.538850000000000495e-01 -2.784000000000000016e-03
7.000000000000000000e+00 7.400000000000000000e+01 4.900000000000000000e+01 0.000000000000000000e+00 1.600000000000000089e+00 1.721000000000000090e-03 -5.360000000000000181e-03 9.999839999999999840e-01 -9.820600000000000440e-01 1.885479999999999934e-01 2.700999999999999842e-03 -1.885600000000000054e-01 -9.820489999999999498e-01 -4.939999999999999947e-03
4.000000000000000000e+00 5.000000000000000000e+00 5.100000000000000000e+01 0.000000000000000000e+00 1.600000000000000089e+00 1.033999999999999980e-03 -2.082000000000000083e-03 -9.999970000000000248e-01 4.898520000000000096e-01 -8.718029999999999946e-01 2.321999999999999845e-03 -8.718050000000000521e-01 -4.898529999999999829e-01 1.190000000000000058e-04
2.700000000000000000e+01 5.000000000000000000e+00 5.100000000000000000e+01 0.000000000000000000e+00 1.600000000000000089e+00 -2.638999999999999853e-03 -7.879999999999999635e-04 -9.999959999999999960e-01 4.930289999999999950e-01 -8.700130000000000363e-01 -6.160000000000000111e-04 -8.700090000000000323e-01 -4.930289999999999950e-01 2.684999999999999887e-03
2.200000000000000000e+01 1.150000000000000000e+02 5.100000000000000000e+01 0.000000000000000000e+00 1.600000000000000089e+00 -1.516999999999999902e-03 -3.367999999999999900e-03 9.999930000000000208e-01 8.461600000000000232e-01 -5.329279999999999573e-01 -5.109999999999999525e-04 5.329260000000000108e-01 8.461539999999999617e-01 3.658999999999999926e-03
1.200000000000000000e+01 7.000000000000000000e+00 5.200000000000000000e+01 0.000000000000000000e+00 1.600000000000000089e+00 -3.403000000000000209e-03 2.237999999999999972e-03 -9.999919999999999920e-01 1.169110000000000010e-01 -9.931389999999999940e-01 -2.621000000000000066e-03 -9.931370000000000475e-01 -1.169189999999999952e-01 3.118000000000000112e-03
2.000000000000000000e+00 6.300000000000000000e+01 5.400000000000000000e+01 0.000000000000000000e+00 1.600000000000000089e+00 -3.719999999999999891e-04 1.830999999999999945e-03 9.999980000000000535e-01 -3.388289999999999913e-01 9.408459999999999601e-01 -1.848000000000000033e-03 -9.408480000000000176e-01 -3.388300000000000201e-01 2.700000000000000035e-04
6.000000000000000000e+00 6.300000000000000000e+01 5.400000000000000000e+01 0.000000000000000000e+00 1.600000000000000089e+00 -7.609999999999999577e-04 -5.016999999999999758e-03 9.999869999999999592e-01 -3.463559999999999972e-01 9.380929999999999547e-01 4.442999999999999901e-03 -9.381030000000000202e-01 -3.463479999999999892e-01 -2.451000000000000054e-03
1.000000000000000000e+01 6.300000000000000000e+01 5.400000000000000000e+01 0.000000000000000000e+00 1.600000000000000089e+00 -9.439999999999999607e-04 -7.367000000000000284e-03 9.999719999999999720e-01 -3.440949999999999842e-01 9.389119999999999688e-01 6.591999999999999769e-03 -9.389340000000000463e-01 -3.440799999999999970e-01 -3.420999999999999996e-03
1.400000000000000000e+01 6.300000000000000000e+01 5.400000000000000000e+01 0.000000000000000000e+00 1.600000000000000089e+00 -4.100000000000000047e-05 -3.592999999999999840e-03 9.999940000000000495e-01 -3.388220000000000121e-01 9.408440000000000136e-01 3.367000000000000201e-03 -9.408499999999999641e-01 -3.388200000000000101e-01 -1.255999999999999955e-03
1.600000000000000000e+01 6.300000000000000000e+01 5.400000000000000000e+01 0.000000000000000000e+00 1.600000000000000089e+00 3.959999999999999762e-04 -6.019999999999999961e-04 1.000000000000000000e+00 -3.390679999999999805e-01 9.407619999999999871e-01 6.999999999999999929e-04 -9.407619999999999871e-01 -3.390679999999999805e-01 1.689999999999999879e-04
2.100000000000000000e+01 6.300000000000000000e+01 5.400000000000000000e+01 0.000000000000000000e+00 1.600000000000000089e+00 3.750000000000000078e-04 1.126999999999999964e-03 9.999989999999999712e-01 -3.413649999999999740e-01 9.399300000000000432e-01 -9.309999999999999699e-04 -9.399309999999999610e-01 -3.413640000000000008e-01 7.370000000000000249e-04
2.700000000000000000e+01 6.300000000000000000e+01 5.400000000000000000e+01 0.000000000000000000e+00 1.600000000000000089e+00 -2.410000000000000033e-04 -1.800000000000000113e-04 1.000000000000000000e+00 -3.427370000000000139e-01 9.394310000000000160e-01 8.600000000000000331e-05 -9.394310000000000160e-01 -3.427370000000000139e-01 -2.880000000000000073e-04
7.000000000000000000e+00 2.500000000000000000e+01 5.500000000000000000e+01 0.000000000000000000e+00 1.600000000000000089e+00 6.269999999999999532e-04 1.052999999999999900e-03 -9.999989999999999712e-01 -1.090900000000000029e-02 -9.999400000000000510e-01 -1.059000000000000045e-03 -9.999400000000000510e-01 1.090900000000000029e-02 -6.160000000000000111e-04
1.100000000000000000e+01 2.500000000000000000e+01 5.500000000000000000e+01 0.000000000000000000e+00 1.600000000000000089e+00 -1.240000000000000054e-04 -7.519999999999999558e-04 -1.000000000000000000e+00 -1.085799999999999960e-02 -9.999409999999999688e-01 7.529999999999999801e-04 -9.999409999999999688e-01 1.085799999999999960e-02 1.160000000000000007e-04
1.600000000000000000e+01 2.500000000000000000e+01 5.500000000000000000e+01 0.000000000000000000e+00 1.600000000000000089e+00 -9.829999999999999329e-04 5.779999999999999548e-04 -9.999989999999999712e-01 -1.032800000000000037e-02 -9.999460000000000015e-01 -5.680000000000000370e-04 -9.999460000000000015e-01 1.032800000000000037e-02 9.890000000000000787e-04
2.700000000000000000e+01 2.500000000000000000e+01 5.500000000000000000e+01 0.000000000000000000e+00 1.600000000000000089e+00 1.590999999999999966e-03 -5.969000000000000347e-03 -9.999810000000000088e-01 -1.267300000000000024e-02 -9.999019999999999575e-01 5.948000000000000162e-03 -9.999179999999999735e-01 1.266399999999999991e-02 -1.667000000000000079e-03
8.000000000000000000e+00 2.100000000000000000e+01 6.000000000000000000e+01 0.000000000000000000e+00 1.600000000000000089e+00 -6.859999999999999779e-04 1.699999999999999987e-05 1.000000000000000000e+00 -9.201600000000000057e-02 9.957580000000000320e-01 -8.000000000000000654e-05 -9.957570000000000032e-01 -9.201600000000000057e-02 -6.809999999999999647e-04
1.200000000000000000e+01 2.100000000000000000e+01 6.000000000000000000e+01 0.000000000000000000e+00 1.600000000000000089e+00 9.600000000000000243e-05 -1.669999999999999935e-04 1.000000000000000000e+00 -9.312600000000000044e-02 9.956540000000000390e-01 1.749999999999999982e-04 -9.956540000000000390e-01 -9.312600000000000044e-02 8.100000000000000375e-05
1.900000000000000000e+01 2.100000000000000000e+01 6.000000000000000000e+01 0.000000000000000000e+00 1.600000000000000089e+00 2.530000000000000239e-04 -7.740999999999999617e-03 9.999700000000000255e-01 -9.352900000000000102e-02 9.955869999999999997e-01 7.731000000000000025e-03 -9.956169999999999742e-01 -9.352800000000000002e-02 -4.719999999999999803e-04
2.600000000000000000e+01 2.100000000000000000e+01 6.000000000000000000e+01 0.000000000000000000e+00 1.600000000000000089e+00 -1.062999999999999926e-03 2.559999999999999884e-04 9.999989999999999712e-01 -9.399399999999999422e-02 9.955730000000000413e-01 -3.550000000000000096e-04 -9.955720000000000125e-01 -9.399399999999999422e-02 -1.033999999999999980e-03
4.000000000000000000e+00 6.700000000000000000e+01 6.000000000000000000e+01 0.000000000000000000e+00 1.600000000000000089e+00 2.162999999999999992e-03 1.595999999999999979e-03 9.999959999999999960e-01 1.743850000000000122e-01 -9.846770000000000245e-01 1.193999999999999966e-03 9.846749999999999670e-01 1.743820000000000092e-01 -2.407999999999999984e-03
1.300000000000000000e+01 3.000000000000000000e+00 6.300000000000000000e+01 0.000000000000000000e+00 1.600000000000000089e+00 -5.810000000000000277e-04 3.699999999999999947e-04 1.000000000000000000e+00 -6.186270000000000380e-01 7.856840000000000490e-01 -6.499999999999999702e-04 -7.856849999999999667e-01 -6.186270000000000380e-01 -2.280000000000000126e-04
1.000000000000000000e+01 2.700000000000000000e+01 6.300000000000000000e+01 0.000000000000000000e+00 1.600000000000000089e+00 -9.840000000000000656e-04 -4.344999999999999904e-03 9.999900000000000455e-01 -2.774570000000000092e-01 9.607299999999999729e-01 3.902000000000000086e-03 -9.607379999999999809e-01 -2.774499999999999744e-01 -2.151000000000000134e-03
1.700000000000000000e+01 2.700000000000000000e+01 6.300000000000000000e+01 0.000000000000000000e+00 1.600000000000000089e+00 1.824000000000000100e-03 2.974000000000000081e-03 9.999940000000000495e-01 -2.770619999999999750e-01 9.608489999999999531e-01 -2.353000000000000057e-03 -9.608499999999999819e-01 -2.770560000000000245e-01 2.576000000000000165e-03
2.400000000000000000e+01 2.700000000000000000e+01 6.300000000000000000e+01 0.000000000000000000e+00 1.600000000000000089e+00 -9.449999999999999850e-04 1.732000000000000033e-03 9.999980000000000535e-01 -2.729929999999999857e-01 9.620140000000000358e-01 -1.923999999999999929e-03 -9.620159999999999823e-01 -2.729940000000000144e-01 -4.360000000000000269e-04
2.900000000000000000e+01 2.700000000000000000e+01 6.300000000000000000e+01 0.000000000000000000e+00 1.600000000000000089e+00 2.684000000000000188e-03 -5.425000000000000135e-03 9.999820000000000375e-01 -2.715000000000000191e-01 9.624200000000000532e-01 5.950000000000000427e-03 -9.624350000000000405e-01 -2.715110000000000023e-01 1.110000000000000092e-03
2.000000000000000000e+00 2.600000000000000000e+01 6.400000000000000000e+01 0.000000000000000000e+00 1.600000000000000089e+00 2.840000000000000076e-03 -6.250000000000000347e-03 9.999759999999999760e-01 -3.655349999999999988e-01 9.307720000000000438e-01 6.856000000000000115e-03 -9.307929999999999815e-01 -3.655459999999999821e-01 3.589999999999999984e-04
1.100000000000000000e+01 2.600000000000000000e+01 6.400000000000000000e+01 0.000000000000000000e+00 1.600000000000000089e+00 -5.770000000000000389e-04 -4.160999999999999768e-03 9.999909999999999632e-01 -3.702880000000000060e-01 9.289100000000000135e-01 3.651999999999999864e-03 -9.289169999999999927e-01 -3.702820000000000000e-01 -2.076999999999999853e-03
1.500000000000000000e+01 2.600000000000000000e+01 6.400000000000000000e+01 0.000000000000000000e+00 1.600000000000000089e+00 1.033999999999999980e-03 -1.131999999999999977e-03 9.999989999999999712e-01 -3.699999999999999956e-01 9.290310000000000512e-01 1.433999999999999945e-03 -9.290310000000000512e-01 -3.700010000000000243e-01 5.419999999999999471e-04
1.800000000000000000e+01 2.600000000000000000e+01 6.400000000000000000e+01 0.000000000000000000e+00 1.600000000000000089e+00 1.549000000000000030e-03 5.047000000000000271e-03 9.999860000000000415e-01 -3.675709999999999811e-01 9.299859999999999793e-01 -4.124000000000000062e-03 -9.299939999999999873e-01 -3.675590000000000246e-01 3.295999999999999885e-03
2.900000000000000000e+01 2.600000000000000000e+01 6.400000000000000000e+01 0.000000000000000000e+00 1.600000000000000089e+00 3.201999999999999985e-03 -6.439000000000000279e-03 9.999740000000000295e-01 -3.599350000000000049e-01 9.329499999999999460e-01 7.159999999999999698e-03 -9.329720000000000235e-01 -3.599479999999999902e-01 6.689999999999999983e-04
8.000000000000000000e+00 6.900000000000000000e+01 6.600000000000000000e+01 0.000000000000000000e+00 1.600000000000000089e+00 6.043999999999999893e-03 1.012000000000000096e-03 9.999810000000000088e-01 -9.485749999999999460e-01 3.165069999999999828e-01 5.413000000000000277e-03 -3.164950000000000263e-01 -9.485900000000000443e-01 2.873000000000000120e-03
5.000000000000000000e+00 3.100000000000000000e+01 7.100000000000000000e+01 0.000000000000000000e+00 1.600000000000000089e+00 1.526999999999999929e-03 1.381999999999999982e-03 -9.999980000000000535e-01 -7.298259999999999748e-01 -6.836299999999999599e-01 -2.059000000000000066e-03 -6.836309999999999887e-01 7.298270000000000035e-01 -3.600000000000000091e-05
1.000000000000000000e+00 2.500000000000000000e+01 7.300000000000000000e+01 0.000000000000000000e+00 1.600000000000000089e+00 8.279999999999999600e-04 -5.897999999999999597e-03 9.999820000000000375e-01 7.522769999999999735e-01 -6.588310000000000555e-01 -4.507999999999999854e-03 6.588460000000000427e-01 7.522680000000000478e-01 3.892000000000000060e-03
1.500000000000000000e+01 2.500000000000000000e+01 7.300000000000000000e+01 0.000000000000000000e+00 1.600000000000000089e+00 -1.137999999999999906e-03 2.926999999999999914e-03 9.999949999999999672e-01 7.494269999999999543e-01 -6.620810000000000306e-01 2.791000000000000078e-03 6.620859999999999523e-01 7.494260000000000366e-01 -1.440000000000000091e-03
1.800000000000000000e+01 2.500000000000000000e+01 7.300000000000000000e+01 0.000000000000000000e+00 1.600000000000000089e+00 -2.180000000000000080e-03 -2.831000000000000183e-03 9.999940000000000495e-01 7.510829999999999451e-01 -6.602080000000000171e-01 -2.320000000000000014e-04 6.602040000000000131e-01 7.510780000000000234e-01 3.566000000000000159e-03
2.100000000000000000e+01 2.500000000000000000e+01 7.300000000000000000e+01 0.000000000000000000e+00 1.600000000000000089e+00 -3.374999999999999962e-03 -7.429999999999999973e-03 9.999670000000000503e-01 7.522299999999999542e-01 -6.588960000000000372e-01 -2.356000000000000021e-03 6.588920000000000332e-01 7.521970000000000045e-01 7.813000000000000500e-03
2.600000000000000000e+01 2.500000000000000000e+01 7.300000000000000000e+01 0.000000000000000000e+00 1.600000000000000089e+00 -1.912999999999999987e-03 -2.690000000000000117e-03 9.999949999999999672e-01 7.548580000000000290e-01 -6.558880000000000265e-01 -3.209999999999999963e-04 6.558859999999999690e-01 7.548529999999999962e-01 3.285000000000000159e-03
6.000000000000000000e+00 4.400000000000000000e+01 7.300000000000000000e+01 0.000000000000000000e+00 1.600000000000000089e+00 -4.739999999999999747e-04 4.369999999999999970e-04 1.000000000000000000e+00 5.314900000000000180e-02 -9.985859999999999737e-01 4.620000000000000083e-04 9.985859999999999737e-01 5.315000000000000280e-02 4.499999999999999877e-04
8.000000000000000000e+00 4.400000000000000000e+01 7.300000000000000000e+01 0.000000000000000000e+00 1.600000000000000089e+00 -8.000000000000000383e-04 -2.720999999999999894e-03 9.999959999999999960e-01 5.293500000000000288e-02 -9.985939999999999817e-01 -2.674000000000000161e-03 9.985979999999999857e-01 5.293300000000000088e-02 9.430000000000000448e-04
1.300000000000000000e+01 4.400000000000000000e+01 7.300000000000000000e+01 0.000000000000000000e+00 1.600000000000000089e+00 -3.269999999999999795e-04 -5.300000000000000078e-05 1.000000000000000000e+00 5.086500000000000049e-02 -9.987059999999999826e-01 -3.600000000000000091e-05 9.987059999999999826e-01 5.086500000000000049e-02 3.289999999999999739e-04
1.800000000000000000e+01 4.400000000000000000e+01 7.300000000000000000e+01 0.000000000000000000e+00 1.600000000000000089e+00 -9.730000000000000151e-04 -1.399000000000000070e-03 9.999989999999999712e-01 5.067300000000000276e-02 -9.987139999999999906e-01 -1.348000000000000023e-03 9.987150000000000194e-01 5.067200000000000176e-02 1.043000000000000090e-03
2.700000000000000000e+01 4.400000000000000000e+01 7.300000000000000000e+01 0.000000000000000000e+00 1.600000000000000089e+00 -9.079999999999999530e-04 -7.479999999999999670e-04 9.999989999999999712e-01 5.405499999999999888e-02 -9.985380000000000367e-01 -6.980000000000000527e-04 9.985380000000000367e-01 5.405399999999999788e-02 9.470000000000000336e-04
