8.000000000000000000e+00 2.500000000000000000e+01 1.000000000000000000e+00 0.000000000000000000e+00 1.600000000000000089e+00 -5.438599999999999685e-02 -1.112100000000000068e-02 -9.984579999999999567e-01 -5.388870000000000049e-01 -8.414880000000000138e-01 3.872500000000000248e-02 -8.406209999999999516e-01 5.401620000000000310e-01 3.977200000000000180e-02
2.000000000000000000e+01 2.500000000000000000e+01 1.000000000000000000e+00 0.000000000000000000e+00 1.600000000000000089e+00 2.314000000000000085e-03 7.910000000000000364e-04 -9.999970000000000248e-01 -5.367520000000000069e-01 -8.437379999999999880e-01 -1.910000000000000022e-03 -8.437369999999999592e-01 5.367549999999999821e-01 -1.526999999999999929e-03
2.700000000000000000e+01 2.500000000000000000e+01 1.000000000000000000e+00 0.000000000000000000e+00 1.600000000000000089e+00 -1.405999999999999915e-03 -4.146000000000000379e-03 -9.999900000000000455e-01 -5.348509999999999653e-01 -8.449349999999999916e-01 4.255000000000000102e-03 -8.449449999999999461e-01 5.348519999999999941e-01 -1.030000000000000100e-03
1.400000000000000000e+01 1.500000000000000000e+01 4.000000000000000000e+00 0.000000000000000000e+00 1.600000000000000089e+00 2.460000000000000164e-04 6.929000000000000263e-03 9.999759999999999760e-01 3.243969999999999909e-01 -9.458990000000000453e-01 6.473999999999999720e-03 9.459210000000000118e-01 3.243880000000000097e-01 -2.481000000000000132e-03
1.900000000000000000e+01 1.500000000000000000e+01 4.000000000000000000e+00 0.000000000000000000e+00 1.600000000000000089e+00 -2.621000000000000066e-03 -2.603999999999999978e-03 9.999930000000000208e-01 3.226879999999999749e-01 -9.465040000000000120e-01 -1.618999999999999996e-03 9.465019999999999545e-01 3.226820000000000244e-01 3.321000000000000167e-03
2.500000000000000000e+01 1.500000000000000000e+01 4.000000000000000000e+00 0.000000000000000000e+00 1.600000000000000089e+00 2.599999999999999881e-03 6.963999999999999704e-03 9.999719999999999720e-01 3.225430000000000241e-01 -9.465369999999999617e-01 5.753000000000000301e-03 9.465510000000000312e-01 3.225190000000000001e-01 -4.707000000000000246e-03
5.000000000000000000e+00 1.600000000000000000e+01 4.000000000000000000e+00 0.000000000000000000e+00 1.600000000000000089e+00 3.469699999999999868e-02 -1.037010000000000015e-01 9.940029999999999699e-01 3.415850000000000275e-01 -9.334729999999999972e-01 -1.093100000000000044e-01 9.392099999999999893e-01 3.433289999999999953e-01 3.033999999999999805e-03
1.800000000000000000e+01 1.600000000000000000e+01 4.000000000000000000e+00 0.000000000000000000e+00 1.600000000000000089e+00 -2.598000000000000049e-03 -2.967000000000000019e-03 9.999919999999999920e-01 3.960679999999999756e-01 -9.182200000000000362e-01 -1.696000000000000025e-03 9.182179999999999787e-01 3.960600000000000231e-01 3.560999999999999929e-03
2.400000000000000000e+01 1.600000000000000000e+01 4.000000000000000000e+00 0.000000000000000000e+00 1.600000000000000089e+00 1.350000000000000071e-03 5.682000000000000418e-03 9.999829999999999552e-01 3.938429999999999986e-01 -9.191660000000000386e-01 4.690999999999999857e-03 9.191770000000000218e-01 3.938289999999999846e-01 -3.478999999999999888e-03
3.000000000000000000e+00 1.010000000000000000e+02 7.000000000000000000e+00 0.000000000000000000e+00 1.600000000000000089e+00 1.822999999999999968e-03 1.719100000000000142e-02 9.998510000000000453e-01 8.900670000000000526e-01 4.557320000000000260e-01 -9.457999999999999394e-03 -4.558260000000000089e-01 8.899510000000000476e-01 -1.447000000000000022e-02
7.000000000000000000e+00 1.010000000000000000e+02 7.000000000000000000e+00 0.000000000000000000e+00 1.600000000000000089e+00 -8.100000000000000375e-05 4.055299999999999877e-02 9.991769999999999818e-01 8.876509999999999678e-01 4.601410000000000222e-01 -1.860300000000000148e-02 -4.605170000000000097e-01 8.869190000000000129e-01 -3.603399999999999659e-02
1.200000000000000000e+01 1.010000000000000000e+02 7.000000000000000000e+00 0.000000000000000000e+00 1.600000000000000089e+00 3.645999999999999935e-03 6.196000000000000119e-03 9.999740000000000295e-01 8.852539999999999853e-01 4.650679999999999814e-01 -6.109999999999999980e-03 -4.650940000000000074e-01 8.852529999999999566e-01 -3.788999999999999833e-03
1.800000000000000000e+01 1.010000000000000000e+02 7.000000000000000000e+00 0.000000000000000000e+00 1.600000000000000089e+00 2.138999999999999842e-03 8.899999999999999491e-04 9.999970000000000248e-01 8.861860000000000293e-01 4.633240000000000136e-01 -2.308000000000000156e-03 -4.633240000000000136e-01 8.861890000000000045e-01 2.020000000000000040e-04
2.300000000000000000e+01 1.010000000000000000e+02 7.000000000000000000e+00 0.000000000000000000e+00 1.600000000000000089e+00 2.552000000000000015e-03 -1.519500000000000017e-02 9.998810000000000198e-01 8.866380000000000372e-01 4.624389999999999890e-01 4.765000000000000138e-03 -4.624559999999999782e-01 8.865210000000000035e-01 1.465200000000000009e-02
2.900000000000000000e+01 1.010000000000000000e+02 7.000000000000000000e+00 0.000000000000000000e+00 1.600000000000000089e+00 -1.149000000000000065e-03 -8.432999999999999524e-03 9.999639999999999640e-01 8.891149999999999887e-01 4.576580000000000092e-01 4.880999999999999922e-03 -4.576819999999999777e-01 8.890879999999999894e-01 6.971999999999999899e-03
8.000000000000000000e+00 2.500000000000000000e+01 8.000000000000000000e+00 0.000000000000000000e+00 1.600000000000000089e+00 5.369899999999999674e-02 1.744880000000000042e-01 -9.831940000000000124e-01 4.555170000000000052e-01 8.719179999999999708e-01 1.796179999999999999e-01 8.886060000000000070e-01 -4.575069999999999970e-01 -3.266100000000000253e-02
1.300000000000000000e+01 2.500000000000000000e+01 8.000000000000000000e+00 0.000000000000000000e+00 1.600000000000000089e+00 1.974000000000000060e-03 4.643999999999999691e-03 -9.999869999999999592e-01 4.482630000000000225e-01 8.938880000000000159e-01 5.035999999999999678e-03 8.939000000000000279e-01 -4.482670000000000265e-01 -3.170000000000000075e-04
1.700000000000000000e+01 2.500000000000000000e+01 8.000000000000000000e+00 0.000000000000000000e+00 1.600000000000000089e+00 -1.203999999999999992e-03 -5.121999999999999817e-03 -9.999860000000000415e-01 4.485339999999999883e-01 8.937509999999999621e-01 -5.118000000000000153e-03 8.937650000000000317e-01 -4.485339999999999883e-01 1.221000000000000080e-03
2.500000000000000000e+01 2.500000000000000000e+01 8.000000000000000000e+00 0.000000000000000000e+00 1.600000000000000089e+00 1.710000000000000094e-04 1.260999999999999968e-03 -9.999989999999999712e-01 4.497689999999999744e-01 8.931440000000000490e-01 1.203000000000000076e-03 8.931449999999999667e-01 -4.497680000000000011e-01 -4.139999999999999800e-04
8.000000000000000000e+00 2.400000000000000000e+01 9.000000000000000000e+00 0.000000000000000000e+00 1.600000000000000089e+00 4.908200000000000063e-02 1.827189999999999925e-01 -9.819390000000000063e-01 4.607879999999999754e-01 8.681060000000000443e-01 1.845700000000000118e-01 8.861520000000000508e-01 -4.615250000000000186e-01 -4.158599999999999797e-02
1.700000000000000000e+01 2.400000000000000000e+01 9.000000000000000000e+00 0.000000000000000000e+00 1.600000000000000089e+00 -1.164000000000000104e-03 -5.858000000000000360e-03 -9.999820000000000375e-01 4.544839999999999991e-01 8.907359999999999722e-01 -5.747000000000000372e-03 8.907540000000000457e-01 -4.544819999999999971e-01 1.626000000000000058e-03
2.500000000000000000e+01 2.400000000000000000e+01 9.000000000000000000e+00 0.000000000000000000e+00 1.600000000000000089e+00 2.269999999999999882e-04 4.290000000000000193e-04 -1.000000000000000000e+00 4.547039999999999971e-01 8.906429999999999625e-01 4.850000000000000253e-04 8.906429999999999625e-01 -4.547039999999999971e-01 6.999999999999999895e-06
2.800000000000000000e+01 2.400000000000000000e+01 9.000000000000000000e+00 0.000000000000000000e+00 1.600000000000000089e+00 4.479999999999999933e-04 2.593999999999999952e-03 -9.999970000000000248e-01 4.553019999999999845e-01 8.903330000000000410e-01 2.514000000000000175e-03 8.903370000000000450e-01 -4.553019999999999845e-01 -7.829999999999999504e-04
1.200000000000000000e+01 1.020000000000000000e+02 9.000000000000000000e+00 0.000000000000000000e+00 1.600000000000000089e+00 3.152999999999999987e-03 4.964999999999999795e-03 9.999829999999999552e-01 9.230009999999999604e-01 3.847670000000000257e-01 -4.820999999999999765e-03 -3.847840000000000149e-01 9.230009999999999604e-01 -3.370000000000000166e-03
5.000000000000000000e+00 4.000000000000000000e+00 1.100000000000000000e+01 0.000000000000000000e+00 1.600000000000000089e+00 -6.446599999999999553e-02 -6.705670000000000242e-01 -7.390430000000000055e-01 1.742549999999999932e-01 7.216409999999999769e-01 -6.699770000000000447e-01 9.825880000000000170e-01 -1.719729999999999870e-01 7.032900000000000262e-02
5.000000000000000000e+00 3.100000000000000000e+01 1.200000000000000000e+01 0.000000000000000000e+00 1.600000000000000089e+00 2.439999999999999895e-03 3.553000000000000169e-03 9.999909999999999632e-01 9.853999999999999912e-03 9.999449999999999728e-01 -3.576999999999999885e-03 -9.999489999999999768e-01 9.861999999999999239e-03 2.405000000000000020e-03
1.300000000000000000e+01 3.100000000000000000e+01 1.200000000000000000e+01 0.000000000000000000e+00 1.600000000000000089e+00 -9.460000000000000093e-04 8.329999999999999731e-04 9.999989999999999712e-01 -7.500999999999999855e-03 9.999719999999999720e-01 -8.400000000000000348e-04 -9.999710000000000543e-01 -7.501999999999999988e-03 -9.389999999999999476e-04
2.200000000000000000e+01 3.100000000000000000e+01 1.200000000000000000e+01 0.000000000000000000e+00 1.600000000000000089e+00 4.330000000000000081e-04 -1.000000000000000021e-03 9.999989999999999712e-01 -1.037599999999999981e-02 9.999460000000000015e-01 1.003999999999999901e-03 -9.999460000000000015e-01 -1.037599999999999981e-02 4.229999999999999819e-04
1.000000000000000000e+01 3.500000000000000000e+01 1.200000000000000000e+01 0.000000000000000000e+00 1.600000000000000089e+00 7.277999999999999747e-03 -2.641399999999999998e-02 -9.996249999999999858e-01 5.373559999999999448e-01 -8.429489999999999483e-01 2.618600000000000094e-02 -8.433239999999999625e-01 -5.373440000000000438e-01 8.057999999999999191e-03
1.700000000000000000e+01 3.500000000000000000e+01 1.200000000000000000e+01 0.000000000000000000e+00 1.600000000000000089e+00 -8.829999999999999958e-04 8.350000000000000217e-04 -9.999989999999999712e-01 5.147650000000000281e-01 -8.573309999999999542e-01 -1.170000000000000033e-03 -8.573309999999999542e-01 -5.147650000000000281e-01 3.280000000000000038e-04
2.100000000000000000e+01 3.500000000000000000e+01 1.200000000000000000e+01 0.000000000000000000e+00 1.600000000000000089e+00 -4.420000000000000101e-04 -1.886000000000000090e-03 -9.999980000000000535e-01 5.036739999999999551e-01 -8.638919999999999932e-01 1.407000000000000048e-03 -8.638940000000000508e-01 -5.036730000000000373e-01 1.332000000000000068e-03
2.500000000000000000e+01 3.500000000000000000e+01 1.200000000000000000e+01 0.000000000000000000e+00 1.600000000000000089e+00 6.278999999999999859e-03 -5.341000000000000261e-03 -9.999660000000000215e-01 4.944129999999999914e-01 -8.691919999999999646e-01 7.747000000000000414e-03 -8.692039999999999766e-01 -4.944450000000000234e-01 -2.817000000000000060e-03
8.000000000000000000e+00 1.200000000000000000e+01 1.500000000000000000e+01 0.000000000000000000e+00 1.600000000000000089e+00 -4.143199999999999661e-02 -5.868500000000000105e-02 -9.974159999999999693e-01 -4.641730000000000023e-01 -8.828759999999999941e-01 7.122699999999999865e-02 -8.847749999999999782e-01 4.659249999999999781e-01 9.339000000000000079e-03
1.600000000000000000e+01 1.200000000000000000e+01 1.500000000000000000e+01 0.000000000000000000e+00 1.600000000000000089e+00 -1.769999999999999926e-04 6.932999999999999927e-03 -9.999759999999999760e-01 -4.700179999999999914e-01 -8.826359999999999761e-01 -6.035999999999999699e-03 -8.826570000000000249e-01 4.700059999999999794e-01 3.415000000000000067e-03
2.300000000000000000e+01 1.200000000000000000e+01 1.500000000000000000e+01 0.000000000000000000e+00 1.600000000000000089e+00 3.579999999999999741e-04 2.781000000000000052e-03 -9.999959999999999960e-01 -4.688450000000000117e-01 -8.832759999999999501e-01 -2.624000000000000030e-03 -8.832799999999999541e-01 4.688450000000000117e-01 9.879999999999999460e-04
2.900000000000000000e+01 1.200000000000000000e+01 1.500000000000000000e+01 0.000000000000000000e+00 1.600000000000000089e+00 1.240000000000000054e-04 -6.435999999999999881e-03 -9.999789999999999512e-01 -4.673169999999999824e-01 -8.840719999999999690e-01 5.631999999999999854e-03 -8.840900000000000425e-01 4.673069999999999724e-01 -3.116999999999999979e-03
1.500000000000000000e+01 1.100000000000000000e+01 1.600000000000000000e+01 0.000000000000000000e+00 1.600000000000000089e+00 -5.000000000000000240e-05 4.749999999999999882e-03 -9.999890000000000168e-01 -4.126639999999999753e-01 -9.108730000000000437e-01 -4.305999999999999932e-03 -9.108829999999999982e-01 4.126589999999999980e-01 2.004999999999999838e-03
2.000000000000000000e+00 1.160000000000000000e+02 1.600000000000000000e+01 0.000000000000000000e+00 1.600000000000000089e+00 6.903000000000000282e-03 7.898000000000000506e-03 9.999449999999999728e-01 6.776219999999999466e-01 7.353359999999999896e-01 -1.048600000000000053e-02 -7.353779999999999761e-01 6.776569999999999538e-01 -2.750000000000000166e-04
5.000000000000000000e+00 1.160000000000000000e+02 1.600000000000000000e+01 0.000000000000000000e+00 1.600000000000000089e+00 1.604500000000000023e-02 2.623800000000000091e-02 9.995270000000000543e-01 7.043690000000000229e-01 7.092030000000000278e-01 -2.992399999999999921e-02 -7.096529999999999783e-01 7.045160000000000311e-01 -7.101999999999999806e-03
1.100000000000000000e+01 1.160000000000000000e+02 1.600000000000000000e+01 0.000000000000000000e+00 1.600000000000000089e+00 2.786999999999999981e-03 4.320000000000000055e-03 9.999869999999999592e-01 7.565100000000000158e-01 6.539629999999999610e-01 -4.932999999999999885e-03 -6.539760000000000018e-01 7.565140000000000198e-01 -1.445000000000000104e-03
1.600000000000000000e+01 1.160000000000000000e+02 1.600000000000000000e+01 0.000000000000000000e+00 1.600000000000000089e+00 -8.559999999999999901e-04 -2.126999999999999984e-03 9.999970000000000248e-01 7.523279999999999967e-01 6.587859999999999827e-01 2.044999999999999943e-03 -6.587889999999999580e-01 7.523279999999999967e-01 1.036000000000000029e-03
2.300000000000000000e+01 1.160000000000000000e+02 1.600000000000000000e+01 0.000000000000000000e+00 1.600000000000000089e+00 -2.144000000000000072e-03 -5.829999999999999679e-04 9.999970000000000248e-01 7.059800000000000519e-01 7.082289999999999974e-01 1.926999999999999894e-03 -7.082279999999999687e-01 7.059830000000000272e-01 -1.106999999999999911e-03
5.000000000000000000e+00 2.000000000000000000e+00 1.900000000000000000e+01 0.000000000000000000e+00 1.600000000000000089e+00 -1.362200000000000043e-02 3.572499999999999981e-02 -9.992689999999999628e-01 1.816319999999999879e-01 -9.826470000000000482e-01 -3.760700000000000154e-02 -9.832720000000000349e-01 -1.820110000000000061e-01 6.896000000000000220e-03
1.400000000000000000e+01 2.000000000000000000e+00 1.900000000000000000e+01 0.000000000000000000e+00 1.600000000000000089e+00 -5.249999999999999676e-04 1.609000000000000014e-02 -9.998700000000000365e-01 2.582550000000000123e-01 -9.659499999999999753e-01 -1.567999999999999949e-02 -9.660769999999999635e-01 -2.582300000000000151e-01 -3.648000000000000201e-03
1.700000000000000000e+01 2.000000000000000000e+00 1.900000000000000000e+01 0.000000000000000000e+00 1.600000000000000089e+00 3.938999999999999793e-03 1.806999999999999926e-02 -9.998289999999999678e-01 2.533929999999999794e-01 -9.672230000000000549e-01 -1.648200000000000012e-02 -9.673549999999999649e-01 -2.532849999999999824e-01 -8.387999999999999623e-03
2.600000000000000000e+01 2.000000000000000000e+00 1.900000000000000000e+01 0.000000000000000000e+00 1.600000000000000089e+00 5.653000000000000039e-03 1.639699999999999838e-02 -9.998500000000000165e-01 2.531789999999999874e-01 -9.673119999999999497e-01 -1.443200000000000038e-02 -9.674030000000000129e-01 -2.530589999999999784e-01 -9.620000000000000079e-03
2.000000000000000000e+01 4.000000000000000000e+00 2.000000000000000000e+01 0.000000000000000000e+00 1.600000000000000089e+00 9.759999999999999796e-04 6.118000000000000174e-03 -9.999810000000000088e-01 4.535049999999999915e-01 -8.912400000000000322e-01 -5.009999999999999697e-03 -8.912529999999999619e-01 -4.534909999999999775e-01 -3.644999999999999803e-03
1.000000000000000000e+00 1.300000000000000000e+01 2.000000000000000000e+01 0.000000000000000000e+00 1.600000000000000089e+00 1.386999999999999995e-03 1.331300000000000018e-02 9.999099999999999655e-01 2.603900000000000103e-01 9.654129999999999656e-01 -1.321499999999999932e-02 -9.655030000000000001e-01 2.603849999999999776e-01 -2.126999999999999984e-03
8.000000000000000000e+00 1.300000000000000000e+01 2.000000000000000000e+01 0.000000000000000000e+00 1.600000000000000089e+00 3.896999999999999856e-03 5.885900000000000160e-02 9.982590000000000074e-01 2.602249999999999841e-01 9.638139999999999485e-01 -5.784399999999999958e-02 -9.655399999999999539e-01 2.599969999999999781e-01 -1.156100000000000010e-02
1.400000000000000000e+01 1.300000000000000000e+01 2.000000000000000000e+01 0.000000000000000000e+00 1.600000000000000089e+00 5.060000000000000478e-04 1.895999999999999899e-03 9.999980000000000535e-01 2.575830000000000064e-01 9.662539999999999463e-01 -1.962999999999999901e-03 -9.662560000000000038e-01 2.575830000000000064e-01 9.999999999999999547e-07
1.900000000000000000e+01 1.300000000000000000e+01 2.000000000000000000e+01 0.000000000000000000e+00 1.600000000000000089e+00 -6.819999999999999890e-04 5.354000000000000252e-03 9.999850000000000128e-01 2.589029999999999943e-01 9.658900000000000263e-01 -4.995000000000000308e-03 -9.659029999999999561e-01 2.588960000000000150e-01 -2.044999999999999943e-03
2.300000000000000000e+01 1.300000000000000000e+01 2.000000000000000000e+01 0.000000000000000000e+00 1.600000000000000089e+00 -2.979999999999999793e-04 -1.402999999999999950e-03 9.999989999999999712e-01 2.617650000000000254e-01 9.651309999999999611e-01 1.431999999999999896e-03 -9.651319999999999899e-01 2.617650000000000254e-01 8.000000000000000654e-05
1.000000000000000000e+00 1.600000000000000000e+01 2.100000000000000000e+01 0.000000000000000000e+00 1.600000000000000089e+00 1.722999999999999922e-03 1.391700000000000055e-02 9.999019999999999575e-01 2.943479999999999985e-01 9.555989999999999762e-01 -1.380699999999999983e-02 -9.556970000000000187e-01 2.943430000000000213e-01 -2.449999999999999921e-03
8.000000000000000000e+00 1.600000000000000000e+01 2.100000000000000000e+01 0.000000000000000000e+00 1.600000000000000089e+00 6.801999999999999887e-03 6.341600000000000015e-02 9.979639999999999622e-01 2.979419999999999846e-01 9.525320000000000453e-01 -6.255900000000000349e-02 -9.545599999999999641e-01 2.977609999999999979e-01 -1.241500000000000069e-02
1.300000000000000000e+01 1.600000000000000000e+01 2.100000000000000000e+01 0.000000000000000000e+00 1.600000000000000089e+00 3.620000000000000171e-04 3.745000000000000065e-03 9.999930000000000208e-01 2.997830000000000217e-01 9.539999999999999591e-01 -3.680999999999999810e-03 -9.540079999999999671e-01 2.997819999999999929e-01 -7.770000000000000214e-04
1.400000000000000000e+01 3.000000000000000000e+00 2.500000000000000000e+01 0.000000000000000000e+00 1.600000000000000089e+00 -2.500000000000000120e-05 4.760999999999999607e-03 9.999890000000000168e-01 -3.108299999999999952e-02 -9.995049999999999768e-01 4.758000000000000076e-03 9.995169999999999888e-01 -3.108199999999999852e-02 1.730000000000000038e-04
2.300000000000000000e+01 3.000000000000000000e+00 2.500000000000000000e+01 0.000000000000000000e+00 1.600000000000000089e+00 -9.357999999999999999e-03 -2.540000000000000157e-03 9.999529999999999808e-01 -3.683000000000000163e-02 -9.993170000000000108e-01 -2.883000000000000146e-03 9.992779999999999996e-01 -3.685499999999999887e-02 9.258000000000000604e-03
2.900000000000000000e+01 3.000000000000000000e+00 2.500000000000000000e+01 0.000000000000000000e+00 1.600000000000000089e+00 -3.895000000000000025e-03 9.116000000000000839e-03 9.999510000000000343e-01 -3.290300000000000169e-02 -9.994180000000000286e-01 8.982999999999999666e-03 9.994509999999999783e-01 -3.286599999999999938e-02 4.192000000000000413e-03
5.000000000000000000e+00 5.800000000000000000e+01 3.100000000000000000e+01 0.000000000000000000e+00 1.600000000000000089e+00 2.035999999999999963e-02 3.934700000000000003e-02 9.990179999999999616e-01 -7.880580000000000362e-01 -6.142830000000000235e-01 4.025499999999999912e-02 6.152640000000000331e-01 -7.881040000000000267e-01 1.850100000000000008e-02
1.100000000000000000e+01 5.800000000000000000e+01 3.100000000000000000e+01 0.000000000000000000e+00 1.600000000000000089e+00 2.961999999999999789e-03 9.223000000000000295e-03 9.999529999999999808e-01 -7.707079999999999487e-01 -6.371369999999999534e-01 8.158999999999999586e-03 6.371820000000000261e-01 -7.706960000000000477e-01 5.220999999999999946e-03
1.600000000000000000e+01 5.800000000000000000e+01 3.100000000000000000e+01 0.000000000000000000e+00 1.600000000000000089e+00 -3.890999999999999927e-03 -1.899000000000000080e-03 9.999909999999999632e-01 -7.698859999999999593e-01 -6.381679999999999575e-01 -4.206999999999999802e-03 6.381700000000000150e-01 -7.698949999999999960e-01 1.021999999999999905e-03
2.600000000000000000e+01 5.800000000000000000e+01 3.100000000000000000e+01 0.000000000000000000e+00 1.600000000000000089e+00 7.299999999999999632e-04 4.895000000000000046e-03 9.999879999999999880e-01 -7.694750000000000201e-01 -6.386659999999999560e-01 3.689000000000000005e-03 6.386770000000000502e-01 -7.694680000000000408e-01 3.299999999999999982e-03
1.000000000000000000e+00 4.600000000000000000e+01 3.500000000000000000e+01 0.000000000000000000e+00 1.600000000000000089e+00 2.183000000000000045e-03 3.550000000000000096e-04 -9.999980000000000535e-01 3.871140000000000136e-01 -9.220319999999999627e-01 5.180000000000000143e-04 -9.220289999999999875e-01 -3.871140000000000136e-01 -2.150000000000000001e-03
5.000000000000000000e+00 4.600000000000000000e+01 3.500000000000000000e+01 0.000000000000000000e+00 1.600000000000000089e+00 -7.429999999999999539e-04 2.568399999999999850e-02 -9.996699999999999475e-01 3.896479999999999944e-01 -9.206530000000000546e-01 -2.394400000000000001e-02 -9.209640000000000049e-01 -3.895370000000000221e-01 -9.324000000000000690e-03
1.000000000000000000e+01 4.600000000000000000e+01 3.500000000000000000e+01 0.000000000000000000e+00 1.600000000000000089e+00 -8.009999999999999542e-04 1.406300000000000085e-02 -9.999010000000000398e-01 3.948940000000000228e-01 -9.186309999999999754e-01 -1.323700000000000050e-02 -9.187269999999999603e-01 -3.948650000000000215e-01 -4.818000000000000234e-03
1.300000000000000000e+01 4.600000000000000000e+01 3.500000000000000000e+01 0.000000000000000000e+00 1.600000000000000089e+00 -7.370000000000000249e-04 1.074000000000000085e-03 -9.999989999999999712e-01 3.948240000000000083e-01 -9.187560000000000171e-01 -1.278000000000000056e-03 -9.187560000000000171e-01 -3.948249999999999815e-01 2.530000000000000239e-04
1.700000000000000000e+01 4.600000000000000000e+01 3.500000000000000000e+01 0.000000000000000000e+00 1.600000000000000089e+00 -4.079999999999999968e-04 -1.513000000000000022e-03 -9.999989999999999712e-01 3.929239999999999955e-01 -9.195699999999999985e-01 1.231000000000000106e-03 -9.195710000000000273e-01 -3.929230000000000222e-01 9.690000000000000262e-04
2.000000000000000000e+01 4.600000000000000000e+01 3.500000000000000000e+01 0.000000000000000000e+00 1.600000000000000089e+00 3.099999999999999999e-04 -3.036000000000000070e-03 -9.999949999999999672e-01 3.928400000000000225e-01 -9.196020000000000305e-01 2.913999999999999924e-03 -9.196069999999999522e-01 -3.928389999999999938e-01 9.079999999999999530e-04
2.600000000000000000e+01 4.600000000000000000e+01 3.500000000000000000e+01 0.000000000000000000e+00 1.600000000000000089e+00 1.797999999999999902e-03 -1.642000000000000013e-03 -9.999970000000000248e-01 3.929639999999999800e-01 -9.195510000000000073e-01 2.216000000000000088e-03 -9.195520000000000360e-01 -3.929670000000000107e-01 -1.007999999999999998e-03
1.100000000000000000e+01 9.500000000000000000e+01 3.600000000000000000e+01 0.000000000000000000e+00 1.600000000000000089e+00 6.666000000000000050e-03 5.559399999999999759e-02 9.984309999999999574e-01 9.971130000000000271e-01 7.514999999999999458e-02 -1.084199999999999921e-02 -7.563400000000000678e-02 9.956209999999999782e-01 -5.493200000000000166e-02
1.800000000000000000e+01 9.500000000000000000e+01 3.600000000000000000e+01 0.000000000000000000e+00 1.600000000000000089e+00 8.499999999999999526e-04 -7.464000000000000148e-03 9.999719999999999720e-01 9.971649999999999681e-01 7.524400000000000532e-02 -2.860000000000000129e-04 -7.524000000000000132e-02 9.971370000000000511e-01 7.506999999999999784e-03
8.000000000000000000e+00 3.000000000000000000e+00 4.300000000000000000e+01 0.000000000000000000e+00 1.600000000000000089e+00 3.158699999999999702e-02 1.758639999999999926e-01 -9.839080000000000048e-01 7.315409999999999968e-01 -6.748420000000000529e-01 -9.713700000000000112e-02 -6.810650000000000315e-01 -7.167010000000000325e-01 -1.499679999999999902e-01
8.000000000000000000e+00 2.900000000000000000e+01 4.400000000000000000e+01 0.000000000000000000e+00 1.600000000000000089e+00 1.548000000000000070e-02 2.559799999999999923e-02 -9.995519999999999960e-01 6.495429999999999815e-01 7.597519999999999829e-01 2.951600000000000057e-02 7.601670000000000371e-01 -6.497089999999999810e-01 -4.865999999999999666e-03
1.400000000000000000e+01 2.900000000000000000e+01 4.400000000000000000e+01 0.000000000000000000e+00 1.600000000000000089e+00 2.298999999999999828e-03 2.209000000000000026e-03 -9.999949999999999672e-01 6.505549999999999944e-01 7.594530000000000447e-01 3.173000000000000039e-03 7.594560000000000199e-01 -6.505589999999999984e-01 3.089999999999999756e-04
1.600000000000000000e+01 2.900000000000000000e+01 4.400000000000000000e+01 0.000000000000000000e+00 1.600000000000000089e+00 1.139999999999999954e-03 1.662000000000000066e-03 -9.999980000000000535e-01 6.505300000000000527e-01 7.594769999999999577e-01 2.004000000000000139e-03 7.594790000000000152e-01 -6.505309999999999704e-01 -2.159999999999999919e-04
2.200000000000000000e+01 2.900000000000000000e+01 4.400000000000000000e+01 0.000000000000000000e+00 1.600000000000000089e+00 -2.356000000000000021e-03 3.299999999999999982e-04 -9.999970000000000248e-01 6.486070000000000446e-01 7.611219999999999652e-01 -1.276999999999999923e-03 7.611200000000000188e-01 -6.486079999999999623e-01 -2.007000000000000103e-03
2.700000000000000000e+01 2.900000000000000000e+01 4.400000000000000000e+01 0.000000000000000000e+00 1.600000000000000089e+00 1.237000000000000035e-03 2.610000000000000015e-04 -9.999989999999999712e-01 6.500569999999999959e-01 7.598850000000000326e-01 1.002999999999999985e-03 7.598850000000000326e-01 -6.500569999999999959e-01 7.699999999999999597e-04
1.500000000000000000e+01 6.500000000000000000e+01 4.600000000000000000e+01 0.000000000000000000e+00 1.600000000000000089e+00 -2.509999999999999753e-04 -5.910000000000000539e-04 1.000000000000000000e+00 6.815830000000000499e-01 -7.317399999999999460e-01 -2.610000000000000015e-04 7.317399999999999460e-01 6.815830000000000499e-01 5.869999999999999567e-04
2.900000000000000000e+01 7.000000000000000000e+01 4.700000000000000000e+01 0.000000000000000000e+00 1.600000000000000089e+00 2.700000000000000143e-03 -4.375999999999999682e-03 -9.999869999999999592e-01 -8.417240000000000277e-01 -5.399089999999999723e-01 9.000000000000000567e-05 -5.399019999999999930e-01 8.417120000000000157e-01 -5.140999999999999737e-03
1.100000000000000000e+01 5.000000000000000000e+00 5.100000000000000000e+01 0.000000000000000000e+00 1.600000000000000089e+00 2.920999999999999985e-03 1.607499999999999901e-02 -9.998660000000000325e-01 4.833640000000000159e-01 -8.753279999999999950e-01 -1.266100000000000038e-02 -8.754140000000000255e-01 -4.832629999999999981e-01 -1.032699999999999937e-02
2.000000000000000000e+01 5.000000000000000000e+00 5.100000000000000000e+01 0.000000000000000000e+00 1.600000000000000089e+00 3.462999999999999932e-03 -2.677999999999999825e-03 -9.999900000000000455e-01 4.794869999999999965e-01 -8.775399999999999867e-01 4.009999999999999676e-03 -8.775420000000000442e-01 -4.794970000000000065e-01 -1.755000000000000050e-03
2.400000000000000000e+01 5.000000000000000000e+00 5.100000000000000000e+01 0.000000000000000000e+00 1.600000000000000089e+00 -2.592999999999999819e-03 -1.475300000000000049e-02 -9.998879999999999990e-01 4.786799999999999944e-01 -8.779109999999999969e-01 1.171200000000000019e-02 -8.779850000000000154e-01 -4.785960000000000214e-01 9.338000000000000814e-03
1.000000000000000000e+00 6.300000000000000000e+01 5.400000000000000000e+01 0.000000000000000000e+00 1.600000000000000089e+00 4.889999999999999599e-04 3.730999999999999941e-03 9.999930000000000208e-01 -3.547040000000000193e-01 9.349730000000000540e-01 -3.314999999999999804e-03 -9.349790000000000045e-01 -3.546989999999999865e-01 1.779999999999999898e-03
8.000000000000000000e+00 6.300000000000000000e+01 5.400000000000000000e+01 0.000000000000000000e+00 1.600000000000000089e+00 4.818000000000000234e-03 2.526799999999999879e-02 9.996690000000000298e-01 -3.510070000000000134e-01 9.361150000000000304e-01 -2.196999999999999995e-02 -9.363599999999999701e-01 -3.507850000000000135e-01 1.337900000000000027e-02
1.200000000000000000e+01 6.300000000000000000e+01 5.400000000000000000e+01 0.000000000000000000e+00 1.600000000000000089e+00 6.070000000000000092e-04 9.200000000000000007e-05 1.000000000000000000e+00 -3.475730000000000208e-01 9.376529999999999587e-01 1.240000000000000054e-04 -9.376529999999999587e-01 -3.475730000000000208e-01 6.009999999999999717e-04
1.800000000000000000e+01 6.300000000000000000e+01 5.400000000000000000e+01 0.000000000000000000e+00 1.600000000000000089e+00 -1.191000000000000001e-03 4.213999999999999864e-03 9.999900000000000455e-01 -3.408900000000000263e-01 9.400929999999999565e-01 -4.368000000000000355e-03 -9.401019999999999932e-01 -3.408919999999999728e-01 3.170000000000000075e-04
2.500000000000000000e+01 6.300000000000000000e+01 5.400000000000000000e+01 0.000000000000000000e+00 1.600000000000000089e+00 9.560000000000000355e-04 -3.699999999999999947e-04 9.999989999999999712e-01 -3.362240000000000228e-01 9.417820000000000080e-01 6.700000000000000226e-04 -9.417820000000000080e-01 -3.362240000000000228e-01 7.759999999999999971e-04
6.000000000000000000e+00 2.500000000000000000e+01 5.500000000000000000e+01 0.000000000000000000e+00 1.600000000000000089e+00 1.080999999999999930e-03 8.824000000000000246e-03 -9.999599999999999600e-01 -1.234200000000000054e-02 -9.998850000000000238e-01 -8.836999999999999370e-03 -9.999230000000000063e-01 1.235100000000000087e-02 -9.719999999999999907e-04
9.000000000000000000e+00 2.500000000000000000e+01 5.500000000000000000e+01 0.000000000000000000e+00 1.600000000000000089e+00 2.126999999999999984e-03 6.206999999999999844e-03 -9.999780000000000335e-01 -1.290999999999999960e-02 -9.998970000000000358e-01 -6.233999999999999958e-03 -9.999139999999999695e-01 1.292300000000000046e-02 -2.046000000000000076e-03
1.600000000000000000e+01 2.500000000000000000e+01 5.500000000000000000e+01 0.000000000000000000e+00 1.600000000000000089e+00 -3.260000000000000094e-04 1.060000000000000016e-04 -1.000000000000000000e+00 -1.187900000000000067e-02 -9.999289999999999567e-01 -1.019999999999999992e-04 -9.999289999999999567e-01 1.187900000000000067e-02 3.269999999999999795e-04
2.000000000000000000e+01 2.500000000000000000e+01 5.500000000000000000e+01 0.000000000000000000e+00 1.600000000000000089e+00 1.528999999999999977e-03 -2.101000000000000003e-03 -9.999970000000000248e-01 -1.194600000000000002e-02 -9.999259999999999815e-01 2.083000000000000216e-03 -9.999270000000000103e-01 1.194300000000000049e-02 -1.554000000000000043e-03
2.300000000000000000e+01 2.500000000000000000e+01 5.500000000000000000e+01 0.000000000000000000e+00 1.600000000000000089e+00 1.629000000000000023e-03 6.999999999999999929e-04 -9.999980000000000535e-01 -1.269299999999999942e-02 -9.999190000000000023e-01 -7.209999999999999612e-04 -9.999179999999999735e-01 1.269400000000000042e-02 -1.619999999999999912e-03
2.900000000000000000e+01 2.500000000000000000e+01 5.500000000000000000e+01 0.000000000000000000e+00 1.600000000000000089e+00 1.685999999999999999e-03 6.914000000000000007e-03 -9.999749999999999472e-01 -1.000299999999999974e-02 -9.999259999999999815e-01 -6.930000000000000396e-03 -9.999489999999999768e-01 1.001499999999999960e-02 -1.616999999999999948e-03
9.000000000000000000e+00 2.100000000000000000e+01 6.000000000000000000e+01 0.000000000000000000e+00 1.600000000000000089e+00 -3.010999999999999788e-03 3.575500000000000206e-02 9.993560000000000221e-01 -9.366700000000000026e-02 9.949569999999999803e-01 -3.587900000000000117e-02 -9.955990000000000117e-01 -9.371500000000000663e-02 3.530000000000000152e-04
1.800000000000000000e+01 2.100000000000000000e+01 6.000000000000000000e+01 0.000000000000000000e+00 1.600000000000000089e+00 9.250000000000000409e-04 -7.667000000000000204e-03 9.999700000000000255e-01 -9.451900000000000579e-02 9.954929999999999612e-01 7.720000000000000299e-03 -9.955230000000000468e-01 -9.452299999999999591e-02 1.959999999999999937e-04
2.700000000000000000e+01 2.100000000000000000e+01 6.000000000000000000e+01 0.000000000000000000e+00 1.600000000000000089e+00 4.270000000000000249e-04 -2.344000000000000163e-03 9.999970000000000248e-01 -9.493600000000000649e-02 9.954809999999999492e-01 2.373999999999999808e-03 -9.954830000000000068e-01 -9.493699999999999362e-02 2.030000000000000012e-04
2.300000000000000000e+01 6.700000000000000000e+01 6.000000000000000000e+01 0.000000000000000000e+00 1.600000000000000089e+00 -1.397999999999999937e-03 -3.187999999999999862e-03 9.999940000000000495e-01 1.744600000000000040e-01 -9.846599999999999797e-01 -2.895000000000000004e-03 9.846629999999999550e-01 1.744549999999999990e-01 1.933000000000000039e-03
2.800000000000000000e+01 6.000000000000000000e+00 6.100000000000000000e+01 0.000000000000000000e+00 1.600000000000000089e+00 2.631000000000000092e-03 -1.255900000000000072e-02 9.999179999999999735e-01 5.662519999999999776e-01 -8.241469999999999629e-01 -1.184100000000000083e-02 8.242279999999999607e-01 5.662369999999999903e-01 4.943000000000000345e-03
1.100000000000000000e+01 3.000000000000000000e+00 6.300000000000000000e+01 0.000000000000000000e+00 1.600000000000000089e+00 9.439999999999999607e-04 2.377500000000000099e-02 9.997169999999999668e-01 -6.175530000000000186e-01 7.863210000000000477e-01 -1.811700000000000116e-02 -7.865290000000000337e-01 -6.173610000000000486e-01 1.542499999999999948e-02
1.500000000000000000e+01 3.000000000000000000e+00 6.300000000000000000e+01 0.000000000000000000e+00 1.600000000000000089e+00 9.359999999999999831e-04 4.683999999999999796e-03 9.999890000000000168e-01 -6.154910000000000103e-01 7.881380000000000052e-01 -3.115999999999999846e-03 -7.881430000000000380e-01 -6.154809999999999448e-01 3.619999999999999954e-03
4.000000000000000000e+00 2.700000000000000000e+01 6.300000000000000000e+01 0.000000000000000000e+00 1.600000000000000089e+00 -3.128000000000000138e-03 2.637600000000000014e-02 9.996469999999999523e-01 -2.854329999999999923e-01 9.580410000000000315e-01 -2.617200000000000082e-02 -9.583939999999999682e-01 -2.854140000000000010e-01 4.531999999999999570e-03
1.000000000000000000e+01 2.700000000000000000e+01 6.300000000000000000e+01 0.000000000000000000e+00 1.600000000000000089e+00 -1.637999999999999916e-03 1.368199999999999972e-02 9.999050000000000438e-01 -2.801679999999999726e-01 9.598550000000000137e-01 -1.359299999999999918e-02 -9.599499999999999700e-01 -2.801640000000000241e-01 2.260999999999999989e-03
1.400000000000000000e+01 2.700000000000000000e+01 6.300000000000000000e+01 0.000000000000000000e+00 1.600000000000000089e+00 2.468000000000000142e-03 2.485999999999999929e-03 9.999940000000000495e-01 -2.774960000000000204e-01 9.607250000000000512e-01 -1.703000000000000087e-03 -9.607240000000000224e-01 -2.774900000000000144e-01 3.060999999999999919e-03
1.900000000000000000e+01 2.700000000000000000e+01 6.300000000000000000e+01 0.000000000000000000e+00 1.600000000000000089e+00 -5.890000000000000053e-04 7.209999999999999612e-04 1.000000000000000000e+00 -2.750299999999999967e-01 9.614350000000000396e-01 -8.549999999999999658e-04 -9.614359999999999573e-01 -2.750299999999999967e-01 -3.680000000000000003e-04
2.400000000000000000e+01 2.700000000000000000e+01 6.300000000000000000e+01 0.000000000000000000e+00 1.600000000000000089e+00 -5.890000000000000053e-04 -5.000000000000000409e-06 1.000000000000000000e+00 -2.788610000000000255e-01 9.603310000000000457e-01 -1.589999999999999888e-04 -9.603310000000000457e-01 -2.788610000000000255e-01 -5.670000000000000127e-04
2.800000000000000000e+01 2.700000000000000000e+01 6.300000000000000000e+01 0.000000000000000000e+00 1.600000000000000089e+00 4.960000000000000216e-04 1.652999999999999955e-03 9.999989999999999712e-01 -2.780540000000000234e-01 9.605639999999999734e-01 -1.449999999999999900e-03 -9.605650000000000022e-01 -2.780520000000000214e-01 9.359999999999999831e-04
3.000000000000000000e+00 2.600000000000000000e+01 6.400000000000000000e+01 0.000000000000000000e+00 1.600000000000000089e+00 -5.318999999999999943e-03 2.341899999999999885e-02 9.997120000000000450e-01 -3.669769999999999976e-01 9.299269999999999481e-01 -2.373600000000000015e-02 -9.302150000000000141e-01 -3.669970000000000176e-01 3.648000000000000201e-03
1.500000000000000000e+01 2.600000000000000000e+01 6.400000000000000000e+01 0.000000000000000000e+00 1.600000000000000089e+00 2.513000000000000043e-03 4.785000000000000191e-03 9.999850000000000128e-01 -3.659689999999999888e-01 9.306200000000000028e-01 -3.533000000000000116e-03 -9.306240000000000068e-01 -3.659549999999999748e-01 4.089999999999999886e-03
1.900000000000000000e+01 2.600000000000000000e+01 6.400000000000000000e+01 0.000000000000000000e+00 1.600000000000000089e+00 -3.209999999999999963e-04 1.231000000000000106e-03 9.999989999999999712e-01 -3.636150000000000215e-01 9.315489999999999604e-01 -1.263999999999999933e-03 -9.315489999999999604e-01 -3.636150000000000215e-01 1.479999999999999925e-04
2.200000000000000000e+01 2.600000000000000000e+01 6.400000000000000000e+01 0.000000000000000000e+00 1.600000000000000089e+00 -1.307000000000000002e-03 2.930000000000000204e-04 9.999989999999999712e-01 -3.661840000000000095e-01 9.305419999999999803e-01 -7.510000000000000399e-04 -9.305419999999999803e-01 -3.661840000000000095e-01 -1.108999999999999960e-03
2.700000000000000000e+01 2.600000000000000000e+01 6.400000000000000000e+01 0.000000000000000000e+00 1.600000000000000089e+00 4.009999999999999893e-04 3.262999999999999842e-03 9.999949999999999672e-01 -3.646010000000000084e-01 9.311589999999999590e-01 -2.892000000000000039e-03 -9.311639999999999917e-01 -3.645979999999999777e-01 1.562999999999999936e-03
1.300000000000000000e+01 6.900000000000000000e+01 6.600000000000000000e+01 0.000000000000000000e+00 1.600000000000000089e+00 1.020000000000000073e-03 3.972999999999999969e-03 9.999919999999999920e-01 -9.517189999999999817e-01 3.069709999999999939e-01 -2.489999999999999809e-04 -3.069689999999999919e-01 -9.517109999999999737e-01 4.094000000000000417e-03
