3.000000000000000000e+00 1.500000000000000000e+01 4.000000000000000000e+00 0.000000000000000000e+00 1.600000000000000089e+00 -4.560999999999999950e-03 -1.700000000000000122e-04 9.999900000000000455e-01 3.166410000000000058e-01 -9.485449999999999715e-01 1.283000000000000069e-03 9.485350000000000170e-01 3.166430000000000078e-01 4.380000000000000213e-03
1.000000000000000000e+01 1.500000000000000000e+01 4.000000000000000000e+00 0.000000000000000000e+00 1.600000000000000089e+00 -2.252999999999999794e-03 1.275000000000000092e-03 9.999970000000000248e-01 3.125620000000000065e-01 -9.498950000000000449e-01 1.915000000000000036e-03 9.498950000000000449e-01 3.125649999999999817e-01 1.742000000000000059e-03
1.500000000000000000e+01 1.500000000000000000e+01 4.000000000000000000e+00 0.000000000000000000e+00 1.600000000000000089e+00 -2.464000000000000044e-03 1.346900000000000007e-02 9.999059999999999615e-01 3.146619999999999973e-01 -9.491070000000000340e-01 1.355999999999999914e-02 9.492009999999999614e-01 3.146660000000000013e-01 -1.899000000000000080e-03
2.400000000000000000e+01 1.500000000000000000e+01 4.000000000000000000e+00 0.000000000000000000e+00 1.600000000000000089e+00 -2.642999999999999950e-03 2.802699999999999983e-02 9.996040000000000481e-01 3.231660000000000088e-01 -9.459459999999999535e-01 2.737699999999999856e-02 9.463390000000000413e-01 3.231100000000000083e-01 -6.557000000000000328e-03
2.800000000000000000e+01 1.300000000000000000e+01 5.000000000000000000e+00 0.000000000000000000e+00 1.600000000000000089e+00 -4.792000000000000252e-03 5.944900000000000184e-02 9.982199999999999962e-01 3.292649999999999744e-01 -9.424719999999999764e-01 5.770900000000000335e-02 9.442249999999999810e-01 3.289560000000000262e-01 -1.505800000000000020e-02
2.300000000000000000e+01 1.010000000000000000e+02 7.000000000000000000e+00 0.000000000000000000e+00 1.600000000000000089e+00 -1.044999999999999922e-03 -5.294000000000000095e-03 9.999850000000000128e-01 8.881310000000000038e-01 4.595779999999999865e-01 3.360999999999999838e-03 -4.595890000000000253e-01 8.881210000000000493e-01 4.222000000000000058e-03
4.000000000000000000e+00 2.500000000000000000e+01 8.000000000000000000e+00 0.000000000000000000e+00 1.600000000000000089e+00 -5.039999999999999992e-04 1.822999999999999968e-03 -9.999980000000000535e-01 4.438840000000000008e-01 8.960829999999999629e-01 1.410000000000000012e-03 8.960839999999999916e-01 -4.438830000000000275e-01 -1.260999999999999968e-03
1.200000000000000000e+01 2.500000000000000000e+01 8.000000000000000000e+00 0.000000000000000000e+00 1.600000000000000089e+00 -2.441000000000000027e-03 -4.414999999999999654e-03 -9.999869999999999592e-01 4.452479999999999771e-01 8.953929999999999945e-01 -5.041000000000000342e-03 8.954039999999999777e-01 -4.452539999999999831e-01 -2.200000000000000078e-04
1.500000000000000000e+01 2.500000000000000000e+01 8.000000000000000000e+00 0.000000000000000000e+00 1.600000000000000089e+00 -1.616000000000000032e-03 -4.219999999999999793e-03 -9.999900000000000455e-01 4.444850000000000190e-01 8.957749999999999879e-01 -4.498000000000000262e-03 8.957850000000000534e-01 -4.444879999999999942e-01 4.279999999999999950e-04
2.100000000000000000e+01 2.500000000000000000e+01 8.000000000000000000e+00 0.000000000000000000e+00 1.600000000000000089e+00 -1.448999999999999984e-03 -5.926999999999999977e-03 -9.999810000000000088e-01 4.459779999999999855e-01 8.950240000000000418e-01 -5.950999999999999693e-03 8.950430000000000330e-01 -4.459779999999999855e-01 1.345999999999999974e-03
5.000000000000000000e+00 2.400000000000000000e+01 9.000000000000000000e+00 0.000000000000000000e+00 1.600000000000000089e+00 -9.009999999999999997e-04 -3.380000000000000192e-03 -9.999940000000000495e-01 4.504250000000000198e-01 8.928080000000000460e-01 -3.423999999999999960e-03 8.928139999999999965e-01 -4.504259999999999931e-01 7.179999999999999967e-04
1.400000000000000000e+01 2.400000000000000000e+01 9.000000000000000000e+00 0.000000000000000000e+00 1.600000000000000089e+00 -1.466000000000000072e-03 -5.105000000000000163e-03 -9.999860000000000415e-01 4.501660000000000106e-01 8.929300000000000015e-01 -5.218000000000000416e-03 8.929439999999999600e-01 -4.501669999999999838e-01 9.890000000000000787e-04
2.200000000000000000e+01 2.400000000000000000e+01 9.000000000000000000e+00 0.000000000000000000e+00 1.600000000000000089e+00 -1.698000000000000074e-03 -8.108000000000000623e-03 -9.999660000000000215e-01 4.513730000000000242e-01 8.922989999999999533e-01 -8.002000000000000432e-03 8.923339999999999606e-01 -4.513719999999999954e-01 2.145000000000000205e-03
2.600000000000000000e+01 2.400000000000000000e+01 9.000000000000000000e+00 0.000000000000000000e+00 1.600000000000000089e+00 -1.776999999999999934e-03 -4.395999999999999734e-03 -9.999890000000000168e-01 4.516009999999999747e-01 8.922080000000000011e-01 -4.725000000000000033e-03 8.922179999999999556e-01 -4.516040000000000054e-01 4.000000000000000192e-04
6.000000000000000000e+00 3.100000000000000000e+01 1.200000000000000000e+01 0.000000000000000000e+00 1.600000000000000089e+00 -1.165000000000000020e-03 -1.294999999999999927e-03 9.999980000000000535e-01 -1.499999999999999869e-04 9.999989999999999712e-01 1.294999999999999927e-03 -9.999989999999999712e-01 -1.489999999999999897e-04 -1.165000000000000020e-03
1.600000000000000000e+01 3.100000000000000000e+01 1.200000000000000000e+01 0.000000000000000000e+00 1.600000000000000089e+00 8.769999999999999584e-04 -3.089999999999999756e-04 1.000000000000000000e+00 -1.856000000000000011e-03 9.999980000000000535e-01 3.099999999999999999e-04 -9.999980000000000535e-01 -1.856999999999999927e-03 8.760000000000000425e-04
2.300000000000000000e+01 3.100000000000000000e+01 1.200000000000000000e+01 0.000000000000000000e+00 1.600000000000000089e+00 2.000000000000000164e-05 -3.651999999999999864e-03 9.999930000000000208e-01 -3.324000000000000132e-03 9.999879999999999880e-01 3.651999999999999864e-03 -9.999940000000000495e-01 -3.324000000000000132e-03 7.999999999999999638e-06
1.700000000000000000e+01 3.500000000000000000e+01 1.200000000000000000e+01 0.000000000000000000e+00 1.600000000000000089e+00 3.458999999999999835e-03 -4.135999999999999920e-03 -9.999850000000000128e-01 5.726590000000000291e-01 -8.197759999999999492e-01 5.370999999999999906e-03 -8.197870000000000434e-01 -5.726689999999999836e-01 -4.670000000000000214e-04
2.200000000000000000e+01 3.500000000000000000e+01 1.200000000000000000e+01 0.000000000000000000e+00 1.600000000000000089e+00 5.800000000000000034e-04 -4.550000000000000225e-03 -9.999900000000000455e-01 5.539589999999999792e-01 -8.325339999999999963e-01 4.109999999999999938e-03 -8.325439999999999507e-01 -5.539549999999999752e-01 2.037999999999999881e-03
2.800000000000000000e+01 3.500000000000000000e+01 1.200000000000000000e+01 0.000000000000000000e+00 1.600000000000000089e+00 1.618000000000000081e-03 -8.609999999999999598e-03 -9.999620000000000175e-01 5.303870000000000529e-01 -8.477160000000000251e-01 8.156999999999999321e-03 -8.477540000000000076e-01 -5.303799999999999626e-01 3.194999999999999923e-03
1.000000000000000000e+01 3.200000000000000000e+01 1.400000000000000000e+01 0.000000000000000000e+00 1.600000000000000089e+00 -1.691000000000000012e-03 -8.430999999999999259e-03 -9.999630000000000463e-01 1.041959999999999970e-01 9.945199999999999596e-01 -8.560999999999999166e-03 9.945549999999999669e-01 -1.042059999999999931e-01 -8.030000000000000028e-04
2.000000000000000000e+00 1.200000000000000000e+01 1.500000000000000000e+01 0.000000000000000000e+00 1.600000000000000089e+00 2.443999999999999992e-03 7.974000000000000185e-03 -9.999649999999999928e-01 -4.675489999999999924e-01 -8.839289999999999647e-01 -8.191999999999999629e-03 -8.839639999999999720e-01 4.675520000000000231e-01 1.567999999999999949e-03
8.000000000000000000e+00 1.200000000000000000e+01 1.500000000000000000e+01 0.000000000000000000e+00 1.600000000000000089e+00 8.499999999999999526e-04 4.347000000000000169e-03 -9.999900000000000455e-01 -4.696569999999999911e-01 -8.828390000000000404e-01 -4.237000000000000315e-03 -8.828489999999999949e-01 4.696560000000000179e-01 1.291999999999999963e-03
1.100000000000000000e+01 1.200000000000000000e+01 1.500000000000000000e+01 0.000000000000000000e+00 1.600000000000000089e+00 -1.036000000000000029e-03 7.375999999999999744e-03 -9.999719999999999720e-01 -4.661799999999999833e-01 -8.846690000000000387e-01 -6.042999999999999761e-03 -8.846899999999999764e-01 4.661600000000000188e-01 4.355000000000000364e-03
1.600000000000000000e+01 1.200000000000000000e+01 1.500000000000000000e+01 0.000000000000000000e+00 1.600000000000000089e+00 8.670000000000000406e-04 7.943999999999999673e-03 -9.999679999999999680e-01 -4.596210000000000018e-01 -8.880839999999999845e-01 -7.453999999999999689e-03 -8.881149999999999878e-01 4.596129999999999938e-01 2.880999999999999880e-03
2.100000000000000000e+01 1.200000000000000000e+01 1.500000000000000000e+01 0.000000000000000000e+00 1.600000000000000089e+00 -7.439999999999999782e-04 1.123200000000000066e-02 -9.999369999999999647e-01 -4.517559999999999909e-01 -8.920890000000000208e-01 -9.683999999999999900e-03 -8.921409999999999618e-01 4.517200000000000104e-01 5.738000000000000045e-03
2.700000000000000000e+01 1.200000000000000000e+01 1.500000000000000000e+01 0.000000000000000000e+00 1.600000000000000089e+00 -5.307000000000000085e-03 8.907999999999999252e-03 -9.999460000000000015e-01 -4.274339999999999806e-01 -9.040280000000000538e-01 -5.785000000000000211e-03 -9.040310000000000290e-01 4.273810000000000109e-01 8.604999999999999802e-03
2.000000000000000000e+00 1.160000000000000000e+02 1.600000000000000000e+01 0.000000000000000000e+00 1.600000000000000089e+00 -4.681000000000000265e-03 -2.932000000000000144e-03 9.999850000000000128e-01 8.159929999999999684e-01 5.780349999999999655e-01 5.514999999999999937e-03 -5.780419999999999447e-01 8.160070000000000379e-01 -3.139999999999999888e-04
9.000000000000000000e+00 1.160000000000000000e+02 1.600000000000000000e+01 0.000000000000000000e+00 1.600000000000000089e+00 -1.289999999999999914e-04 3.150000000000000131e-04 1.000000000000000000e+00 7.435810000000000475e-01 6.686450000000000449e-01 -1.150000000000000035e-04 -6.686450000000000449e-01 7.435810000000000475e-01 -3.209999999999999963e-04
1.400000000000000000e+01 1.160000000000000000e+02 1.600000000000000000e+01 0.000000000000000000e+00 1.600000000000000089e+00 -3.370000000000000057e-04 2.592000000000000120e-03 9.999970000000000248e-01 7.491579999999999906e-01 6.623890000000000056e-01 -1.464000000000000024e-03 -6.623909999999999521e-01 7.491550000000000153e-01 -2.165999999999999957e-03
3.000000000000000000e+01 1.160000000000000000e+02 1.600000000000000000e+01 0.000000000000000000e+00 1.600000000000000089e+00 7.739999999999999485e-04 -4.499000000000000395e-03 9.999900000000000455e-01 7.566040000000000543e-01 6.538699999999999513e-01 2.356000000000000021e-03 -6.538730000000000375e-01 7.565939999999999888e-01 3.911000000000000414e-03
5.000000000000000000e+00 2.000000000000000000e+00 1.900000000000000000e+01 0.000000000000000000e+00 1.600000000000000089e+00 -5.127999999999999746e-03 2.694799999999999973e-02 -9.996239999999999570e-01 2.397910000000000041e-01 -9.704380000000000228e-01 -2.739099999999999868e-02 -9.708109999999999795e-01 -2.398409999999999986e-01 -1.485999999999999908e-03
1.400000000000000000e+01 2.000000000000000000e+00 1.900000000000000000e+01 0.000000000000000000e+00 1.600000000000000089e+00 2.692699999999999955e-02 6.263699999999999823e-02 -9.976730000000000320e-01 2.352980000000000071e-01 -9.703899999999999748e-01 -5.457399999999999751e-02 -9.715500000000000247e-01 -2.332809999999999884e-01 -4.086800000000000155e-02
2.000000000000000000e+01 2.000000000000000000e+00 1.900000000000000000e+01 0.000000000000000000e+00 1.600000000000000089e+00 2.920700000000000032e-02 7.661900000000000654e-02 -9.966329999999999911e-01 2.897689999999999988e-01 -9.548919999999999630e-01 -6.491800000000000348e-02 -9.566510000000000291e-01 -2.868970000000000131e-01 -5.009099999999999664e-02
2.500000000000000000e+01 2.000000000000000000e+00 1.900000000000000000e+01 0.000000000000000000e+00 1.600000000000000089e+00 2.375700000000000034e-02 5.588300000000000212e-02 -9.981550000000000145e-01 3.247160000000000046e-01 -9.447330000000000449e-01 -4.516300000000000175e-02 -9.455130000000000479e-01 -3.230430000000000246e-01 -4.059000000000000108e-02
1.600000000000000000e+01 4.000000000000000000e+00 2.000000000000000000e+01 0.000000000000000000e+00 1.600000000000000089e+00 1.870899999999999994e-02 4.669899999999999746e-02 -9.987340000000000106e-01 4.009869999999999823e-01 -9.154039999999999955e-01 -3.529100000000000292e-02 -9.158929999999999572e-01 -3.998189999999999800e-01 -3.585200000000000192e-02
2.300000000000000000e+01 4.000000000000000000e+00 2.000000000000000000e+01 0.000000000000000000e+00 1.600000000000000089e+00 2.515299999999999828e-02 2.355600000000000055e-02 -9.994060000000000166e-01 3.664120000000000155e-01 -9.303660000000000263e-01 -1.270699999999999955e-02 -9.301129999999999676e-01 -3.658739999999999770e-01 -3.203299999999999897e-02
2.600000000000000000e+01 4.000000000000000000e+00 2.000000000000000000e+01 0.000000000000000000e+00 1.600000000000000089e+00 2.247899999999999898e-02 2.021099999999999980e-02 -9.995429999999999593e-01 3.583919999999999884e-01 -9.335090000000000332e-01 -1.081499999999999996e-02 -9.333010000000000472e-01 -3.579849999999999977e-01 -2.822699999999999862e-02
5.000000000000000000e+00 1.300000000000000000e+01 2.000000000000000000e+01 0.000000000000000000e+00 1.600000000000000089e+00 -1.002000000000000069e-03 -2.837999999999999811e-03 9.999949999999999672e-01 2.657660000000000022e-01 9.640330000000000288e-01 3.001999999999999894e-03 -9.640370000000000328e-01 2.657680000000000042e-01 -2.120000000000000031e-04
1.400000000000000000e+01 1.300000000000000000e+01 2.000000000000000000e+01 0.000000000000000000e+00 1.600000000000000089e+00 1.230000000000000082e-04 1.490000000000000005e-03 9.999989999999999712e-01 2.647189999999999821e-01 9.643239999999999590e-01 -1.469000000000000037e-03 -9.643260000000000165e-01 2.647189999999999821e-01 -2.750000000000000166e-04
2.000000000000000000e+01 1.300000000000000000e+01 2.000000000000000000e+01 0.000000000000000000e+00 1.600000000000000089e+00 3.130000000000000187e-04 5.230000000000000274e-04 1.000000000000000000e+00 2.626649999999999818e-01 9.648870000000000502e-01 -5.869999999999999567e-04 -9.648870000000000502e-01 2.626649999999999818e-01 1.649999999999999991e-04
2.500000000000000000e+01 1.300000000000000000e+01 2.000000000000000000e+01 0.000000000000000000e+00 1.600000000000000089e+00 2.120000000000000031e-04 1.469999999999999953e-03 9.999989999999999712e-01 2.611450000000000160e-01 9.652990000000000181e-01 -1.474999999999999966e-03 -9.653000000000000469e-01 2.611450000000000160e-01 -1.789999999999999870e-04
3.000000000000000000e+01 1.300000000000000000e+01 2.000000000000000000e+01 0.000000000000000000e+00 1.600000000000000089e+00 -3.490000000000000263e-04 -9.909999999999999105e-04 9.999989999999999712e-01 2.630449999999999733e-01 9.647829999999999462e-01 1.048000000000000103e-03 -9.647839999999999749e-01 2.630449999999999733e-01 -7.600000000000000418e-05
1.000000000000000000e+00 3.000000000000000000e+00 2.500000000000000000e+01 0.000000000000000000e+00 1.600000000000000089e+00 9.659999999999999533e-04 7.699000000000000114e-03 9.999700000000000255e-01 -1.443499999999999991e-02 -9.998660000000000325e-01 7.712000000000000105e-03 9.998949999999999783e-01 -1.444199999999999998e-02 -8.549999999999999658e-04
5.000000000000000000e+00 3.000000000000000000e+00 2.500000000000000000e+01 0.000000000000000000e+00 1.600000000000000089e+00 3.080999999999999971e-03 9.313999999999999363e-03 9.999519999999999520e-01 -2.019200000000000161e-02 -9.997519999999999740e-01 9.374000000000000388e-03 9.997909999999999853e-01 -2.021999999999999839e-02 -2.893000000000000172e-03
2.000000000000000000e+01 3.000000000000000000e+00 2.500000000000000000e+01 0.000000000000000000e+00 1.600000000000000089e+00 -1.230000000000000082e-04 1.344200000000000082e-02 9.999099999999999655e-01 -3.264800000000000341e-02 -9.993769999999999598e-01 1.343100000000000023e-02 9.994669999999999943e-01 -3.264399999999999941e-02 5.619999999999999996e-04
2.800000000000000000e+01 3.000000000000000000e+00 2.500000000000000000e+01 0.000000000000000000e+00 1.600000000000000089e+00 3.677999999999999846e-03 -2.056000000000000102e-03 9.999909999999999632e-01 -4.924800000000000011e-02 -9.987850000000000339e-01 -1.871999999999999966e-03 9.987800000000000011e-01 -4.923999999999999905e-02 -3.775000000000000144e-03
4.000000000000000000e+00 4.600000000000000000e+01 2.700000000000000000e+01 0.000000000000000000e+00 1.600000000000000089e+00 2.062000000000000031e-03 6.539999999999999590e-04 -9.999980000000000535e-01 6.703850000000000087e-01 7.420109999999999761e-01 1.868000000000000086e-03 7.420109999999999761e-01 -6.703869999999999552e-01 1.090999999999999956e-03
2.500000000000000000e+01 4.600000000000000000e+01 2.700000000000000000e+01 0.000000000000000000e+00 1.600000000000000089e+00 -1.546999999999999981e-03 -5.000000000000000409e-06 -9.999989999999999712e-01 6.694989999999999553e-01 7.428120000000000278e-01 -1.038999999999999993e-03 7.428109999999999991e-01 -6.694999999999999840e-01 -1.146000000000000100e-03
3.000000000000000000e+01 4.600000000000000000e+01 2.700000000000000000e+01 0.000000000000000000e+00 1.600000000000000089e+00 2.312999999999999952e-03 8.059999999999999673e-04 -9.999970000000000248e-01 6.706229999999999691e-01 7.417960000000000109e-01 2.148999999999999869e-03 7.417949999999999822e-01 -6.706260000000000554e-01 1.175999999999999962e-03
2.200000000000000000e+01 4.600000000000000000e+01 3.000000000000000000e+01 0.000000000000000000e+00 1.600000000000000089e+00 -1.379000000000000017e-03 -1.757000000000000098e-03 -9.999970000000000248e-01 3.252430000000000043e-01 9.456280000000000241e-01 -2.109999999999999896e-03 9.456290000000000529e-01 -3.252450000000000063e-01 -7.330000000000000361e-04
3.000000000000000000e+00 5.800000000000000000e+01 3.100000000000000000e+01 0.000000000000000000e+00 1.600000000000000089e+00 2.331000000000000173e-03 4.458000000000000157e-03 9.999869999999999592e-01 -7.852869999999999573e-01 -6.191149999999999709e-01 4.590000000000000330e-03 6.191280000000000117e-01 -7.852879999999999860e-01 2.057999999999999934e-03
9.000000000000000000e+00 5.800000000000000000e+01 3.100000000000000000e+01 0.000000000000000000e+00 1.600000000000000089e+00 2.130000000000000003e-04 -7.609999999999999577e-04 1.000000000000000000e+00 -7.832459999999999978e-01 -6.217120000000000424e-01 -3.060000000000000111e-04 6.217120000000000424e-01 -7.832449999999999690e-01 -7.290000000000000473e-04
1.600000000000000000e+01 5.800000000000000000e+01 3.100000000000000000e+01 0.000000000000000000e+00 1.600000000000000089e+00 3.782999999999999904e-03 4.621000000000000107e-03 9.999820000000000375e-01 -7.781400000000000539e-01 -6.280630000000000379e-01 5.845999999999999634e-03 6.280790000000000539e-01 -7.781489999999999796e-01 1.219999999999999947e-03
2.600000000000000000e+01 5.800000000000000000e+01 3.100000000000000000e+01 0.000000000000000000e+00 1.600000000000000089e+00 -3.674999999999999881e-03 -1.322999999999999957e-03 9.999919999999999920e-01 -7.708209999999999784e-01 -6.370409999999999684e-01 -3.676000000000000014e-03 6.370409999999999684e-01 -7.708289999999999864e-01 1.320999999999999909e-03
1.000000000000000000e+00 4.600000000000000000e+01 3.500000000000000000e+01 0.000000000000000000e+00 1.600000000000000089e+00 -1.917000000000000084e-03 -3.860000000000000041e-04 -9.999980000000000535e-01 3.904549999999999965e-01 -9.206220000000000514e-01 -3.930000000000000117e-04 -9.206199999999999939e-01 -3.904549999999999965e-01 1.915999999999999951e-03
5.000000000000000000e+00 4.600000000000000000e+01 3.500000000000000000e+01 0.000000000000000000e+00 1.600000000000000089e+00 -6.369999999999999794e-04 -1.726000000000000104e-03 -9.999980000000000535e-01 3.904580000000000273e-01 -9.206199999999999939e-01 1.340000000000000045e-03 -9.206210000000000226e-01 -3.904560000000000253e-01 1.260999999999999968e-03
1.000000000000000000e+01 4.600000000000000000e+01 3.500000000000000000e+01 0.000000000000000000e+00 1.600000000000000089e+00 6.109999999999999980e-04 7.399999999999999894e-04 -1.000000000000000000e+00 3.911800000000000277e-01 -9.203139999999999654e-01 -4.420000000000000101e-04 -9.203139999999999654e-01 -3.911789999999999989e-01 -8.520000000000000013e-04
1.300000000000000000e+01 4.600000000000000000e+01 3.500000000000000000e+01 0.000000000000000000e+00 1.600000000000000089e+00 -1.430000000000000064e-04 2.742000000000000080e-03 -9.999959999999999960e-01 3.915409999999999724e-01 -9.201570000000000027e-01 -2.579000000000000129e-03 -9.201610000000000067e-01 -3.915399999999999991e-01 -9.420000000000000205e-04
1.700000000000000000e+01 4.600000000000000000e+01 3.500000000000000000e+01 0.000000000000000000e+00 1.600000000000000089e+00 -3.390000000000000001e-04 -2.500000000000000120e-05 -1.000000000000000000e+00 3.921350000000000113e-01 -9.199079999999999480e-01 -1.100000000000000039e-04 -9.199079999999999480e-01 -3.921350000000000113e-01 3.209999999999999963e-04
2.200000000000000000e+01 4.600000000000000000e+01 3.500000000000000000e+01 0.000000000000000000e+00 1.600000000000000089e+00 1.160000000000000007e-04 6.139999999999999625e-04 -1.000000000000000000e+00 3.938470000000000026e-01 -9.191759999999999931e-01 -5.190000000000000386e-04 -9.191759999999999931e-01 -3.938470000000000026e-01 -3.490000000000000263e-04
2.500000000000000000e+01 4.600000000000000000e+01 3.500000000000000000e+01 0.000000000000000000e+00 1.600000000000000089e+00 7.339999999999999520e-04 -4.000000000000000327e-05 -1.000000000000000000e+00 3.943789999999999796e-01 -9.189479999999999871e-01 3.260000000000000094e-04 -9.189479999999999871e-01 -3.943789999999999796e-01 -6.589999999999999721e-04
3.000000000000000000e+00 3.000000000000000000e+00 4.300000000000000000e+01 0.000000000000000000e+00 1.600000000000000089e+00 -2.511000000000000211e-03 -8.321999999999999537e-03 -9.999620000000000175e-01 7.410940000000000305e-01 -6.713909999999999600e-01 3.726000000000000145e-03 -6.713970000000000216e-01 -7.410560000000000480e-01 7.853000000000000605e-03
9.000000000000000000e+00 3.000000000000000000e+00 4.300000000000000000e+01 0.000000000000000000e+00 1.600000000000000089e+00 -1.081400000000000070e-02 -2.791799999999999837e-02 -9.995519999999999960e-01 7.361830000000000318e-01 -6.766940000000000177e-01 1.093500000000000028e-02 -6.766959999999999642e-01 -7.357350000000000279e-01 2.787099999999999994e-02
1.300000000000000000e+01 3.000000000000000000e+00 4.300000000000000000e+01 0.000000000000000000e+00 1.600000000000000089e+00 2.059999999999999928e-04 -3.480599999999999666e-02 -9.993940000000000046e-01 7.339379999999999793e-01 -6.787999999999999590e-01 2.379200000000000065e-02 -6.792169999999999597e-01 -7.334979999999999833e-01 2.540500000000000050e-02
1.900000000000000000e+01 3.000000000000000000e+00 4.300000000000000000e+01 0.000000000000000000e+00 1.600000000000000089e+00 -2.965999999999999887e-03 -3.588000000000000043e-03 -9.999890000000000168e-01 7.370400000000000285e-01 -6.758490000000000331e-01 2.390000000000000089e-04 -6.758429999999999715e-01 -7.370309999999999917e-01 4.649000000000000354e-03
2.400000000000000000e+01 3.000000000000000000e+00 4.300000000000000000e+01 0.000000000000000000e+00 1.600000000000000089e+00 1.204999999999999908e-03 5.205000000000000425e-03 -9.999860000000000415e-01 7.358559999999999546e-01 -6.771329999999999849e-01 -2.638000000000000154e-03 -6.771369999999999889e-01 -7.358430000000000248e-01 -4.645999999999999956e-03
3.000000000000000000e+01 3.000000000000000000e+00 4.300000000000000000e+01 0.000000000000000000e+00 1.600000000000000089e+00 9.520000000000000467e-04 2.036999999999999922e-02 -9.997920000000000140e-01 7.363429999999999698e-01 -6.764820000000000277e-01 -1.308100000000000061e-02 -6.766079999999999872e-01 -7.361779999999999990e-01 -1.564300000000000065e-02
1.000000000000000000e+00 2.900000000000000000e+01 4.400000000000000000e+01 0.000000000000000000e+00 1.600000000000000089e+00 -1.128000000000000096e-03 -2.037000000000000182e-03 -9.999970000000000248e-01 6.502179999999999627e-01 7.597450000000000037e-01 -2.281000000000000041e-03 7.597469999999999501e-01 -6.502179999999999627e-01 4.670000000000000214e-04
8.000000000000000000e+00 2.900000000000000000e+01 4.400000000000000000e+01 0.000000000000000000e+00 1.600000000000000089e+00 -2.339999999999999958e-04 1.819000000000000087e-03 -9.999980000000000535e-01 6.481289999999999552e-01 7.615300000000000402e-01 1.232999999999999938e-03 7.615309999999999580e-01 -6.481270000000000087e-01 -1.356999999999999916e-03
1.600000000000000000e+01 2.900000000000000000e+01 4.400000000000000000e+01 0.000000000000000000e+00 1.600000000000000089e+00 -2.348999999999999960e-03 1.655999999999999920e-03 -9.999959999999999960e-01 6.506960000000000521e-01 7.593379999999999574e-01 -2.709999999999999735e-04 7.593339999999999534e-01 -6.506939999999999946e-01 -2.860999999999999828e-03
2.200000000000000000e+01 2.900000000000000000e+01 4.400000000000000000e+01 0.000000000000000000e+00 1.600000000000000089e+00 -1.765000000000000076e-03 2.222000000000000017e-03 -9.999959999999999960e-01 6.596889999999999699e-01 7.515389999999999571e-01 5.050000000000000235e-04 7.515370000000000106e-01 -6.596849999999999659e-01 -2.792999999999999910e-03
2.700000000000000000e+01 2.900000000000000000e+01 4.400000000000000000e+01 0.000000000000000000e+00 1.600000000000000089e+00 1.938999999999999968e-03 -1.088999999999999907e-03 -9.999970000000000248e-01 6.574010000000000131e-01 7.535410000000000164e-01 4.539999999999999765e-04 7.535389999999999588e-01 -6.573999999999999844e-01 2.177000000000000116e-03
6.000000000000000000e+00 6.500000000000000000e+01 4.600000000000000000e+01 0.000000000000000000e+00 1.600000000000000089e+00 8.800000000000000313e-04 -4.226999999999999855e-03 9.999909999999999632e-01 6.817419999999999591e-01 -7.315840000000000121e-01 -3.693000000000000102e-03 7.315920000000000201e-01 6.817389999999999839e-01 2.237999999999999972e-03
4.000000000000000000e+00 7.000000000000000000e+01 4.700000000000000000e+01 0.000000000000000000e+00 1.600000000000000089e+00 -6.210000000000000242e-04 5.760000000000000146e-04 -1.000000000000000000e+00 -8.425500000000000211e-01 -5.386180000000000412e-01 2.130000000000000003e-04 -5.386180000000000412e-01 8.425500000000000211e-01 8.199999999999999824e-04
1.600000000000000000e+01 7.000000000000000000e+01 4.700000000000000000e+01 0.000000000000000000e+00 1.600000000000000089e+00 -8.499999999999999526e-04 -2.546999999999999785e-03 -9.999959999999999960e-01 -8.437240000000000295e-01 -5.367729999999999446e-01 2.083999999999999915e-03 -5.367760000000000309e-01 8.437230000000000008e-01 -1.693000000000000060e-03
5.000000000000000000e+00 5.000000000000000000e+00 5.100000000000000000e+01 0.000000000000000000e+00 1.600000000000000089e+00 7.119999999999999593e-04 -3.445999999999999844e-03 -9.999940000000000495e-01 4.725829999999999753e-01 -8.812799999999999523e-01 3.373999999999999829e-03 -8.812860000000000138e-01 -4.725820000000000021e-01 1.000999999999999937e-03
1.100000000000000000e+01 5.000000000000000000e+00 5.100000000000000000e+01 0.000000000000000000e+00 1.600000000000000089e+00 -5.683999999999999816e-03 -1.337999999999999953e-02 -9.998939999999999495e-01 4.825760000000000050e-01 -8.758080000000000309e-01 8.977000000000000604e-03 -8.758359999999999479e-01 -4.824740000000000140e-01 1.143500000000000072e-02
1.600000000000000000e+01 5.000000000000000000e+00 5.100000000000000000e+01 0.000000000000000000e+00 1.600000000000000089e+00 -2.487000000000000061e-03 -2.701999999999999975e-03 -9.999930000000000208e-01 4.858279999999999821e-01 -8.740539999999999976e-01 1.154000000000000078e-03 -8.740510000000000224e-01 -4.858219999999999761e-01 3.485999999999999949e-03
2.000000000000000000e+01 5.000000000000000000e+00 5.100000000000000000e+01 0.000000000000000000e+00 1.600000000000000089e+00 -6.030000000000000204e-04 3.660000000000000059e-03 -9.999930000000000208e-01 4.896699999999999942e-01 -8.719010000000000371e-01 -3.485999999999999949e-03 -8.719080000000000163e-01 -4.896690000000000209e-01 -1.265999999999999981e-03
2.900000000000000000e+01 5.000000000000000000e+00 5.100000000000000000e+01 0.000000000000000000e+00 1.600000000000000089e+00 4.353000000000000098e-03 1.027899999999999994e-02 -9.999379999999999935e-01 4.836810000000000276e-01 -8.752170000000000227e-01 -6.891000000000000424e-03 -8.752330000000000387e-01 -4.836210000000000231e-01 -8.781999999999999876e-03
2.600000000000000000e+01 1.150000000000000000e+02 5.100000000000000000e+01 0.000000000000000000e+00 1.600000000000000089e+00 7.460000000000000268e-04 1.185000000000000072e-03 9.999989999999999712e-01 8.471499999999999586e-01 -5.313539999999999930e-01 -1.999999999999999909e-06 5.313529999999999642e-01 8.471490000000000409e-01 -1.399999999999999986e-03
2.000000000000000000e+00 7.000000000000000000e+00 5.200000000000000000e+01 0.000000000000000000e+00 1.600000000000000089e+00 -8.660000000000000163e-04 -6.899999999999999667e-04 -9.999989999999999712e-01 9.635599999999999721e-02 -9.953469999999999818e-01 6.040000000000000447e-04 -9.953469999999999818e-01 -9.635499999999999621e-02 9.290000000000000297e-04
1.600000000000000000e+01 7.000000000000000000e+00 5.200000000000000000e+01 0.000000000000000000e+00 1.600000000000000089e+00 -2.778999999999999786e-03 -8.700000000000000051e-04 -9.999959999999999960e-01 1.148939999999999961e-01 -9.933779999999999832e-01 5.450000000000000200e-04 -9.933739999999999792e-01 -1.148919999999999941e-01 2.860000000000000129e-03
8.000000000000000000e+00 6.300000000000000000e+01 5.400000000000000000e+01 0.000000000000000000e+00 1.600000000000000089e+00 1.417000000000000074e-03 2.462999999999999912e-03 9.999959999999999960e-01 -3.310230000000000117e-01 9.436210000000000431e-01 -1.856000000000000011e-03 -9.436219999999999608e-01 -3.310190000000000077e-01 2.152999999999999966e-03
1.400000000000000000e+01 6.300000000000000000e+01 5.400000000000000000e+01 0.000000000000000000e+00 1.600000000000000089e+00 -1.998999999999999909e-03 -4.769999999999999934e-04 9.999980000000000535e-01 -3.352089999999999792e-01 9.421439999999999815e-01 -2.200000000000000078e-04 -9.421410000000000062e-01 -3.352089999999999792e-01 -2.043000000000000111e-03
1.900000000000000000e+01 6.300000000000000000e+01 5.400000000000000000e+01 0.000000000000000000e+00 1.600000000000000089e+00 -1.418999999999999906e-03 -3.413999999999999934e-03 9.999930000000000208e-01 -3.448530000000000206e-01 9.386529999999999596e-01 2.714999999999999965e-03 -9.386550000000000171e-01 -3.448470000000000146e-01 -2.508999999999999946e-03
2.900000000000000000e+01 6.300000000000000000e+01 5.400000000000000000e+01 0.000000000000000000e+00 1.600000000000000089e+00 -4.470000000000000232e-04 -5.159999999999999656e-04 1.000000000000000000e+00 -3.317539999999999933e-01 9.433660000000000379e-01 3.390000000000000001e-04 -9.433660000000000379e-01 -3.317539999999999933e-01 -5.919999999999999698e-04
1.200000000000000000e+01 2.500000000000000000e+01 5.500000000000000000e+01 0.000000000000000000e+00 1.600000000000000089e+00 -1.118000000000000070e-03 -1.257000000000000088e-03 -9.999989999999999712e-01 -9.409000000000000696e-03 -9.999550000000000383e-01 1.266999999999999897e-03 -9.999550000000000383e-01 9.409999999999999962e-03 1.105999999999999995e-03
2.300000000000000000e+01 2.600000000000000000e+01 5.500000000000000000e+01 0.000000000000000000e+00 1.600000000000000089e+00 -9.959999999999999236e-04 6.890000000000000508e-04 -9.999989999999999712e-01 -2.614599999999999910e-02 -9.996580000000000465e-01 -6.629999999999999609e-04 -9.996580000000000465e-01 2.614599999999999910e-02 1.013999999999999927e-03
2.400000000000000000e+01 6.800000000000000000e+01 5.700000000000000000e+01 0.000000000000000000e+00 1.600000000000000089e+00 -3.950000000000000061e-04 5.787999999999999742e-03 -9.999829999999999552e-01 -2.418700000000000017e-01 -9.702929999999999611e-01 -5.520999999999999866e-03 -9.703079999999999483e-01 2.418639999999999957e-01 1.783000000000000080e-03
2.000000000000000000e+00 2.100000000000000000e+01 6.000000000000000000e+01 0.000000000000000000e+00 1.600000000000000089e+00 -2.063999999999999863e-03 -4.316000000000000392e-03 9.999879999999999880e-01 -8.977599999999999469e-02 9.959529999999999772e-01 4.113999999999999602e-03 -9.959599999999999564e-01 -8.976699999999999957e-02 -2.442999999999999859e-03
7.000000000000000000e+00 2.100000000000000000e+01 6.000000000000000000e+01 0.000000000000000000e+00 1.600000000000000089e+00 -1.747999999999999988e-03 5.099999999999999960e-05 9.999980000000000535e-01 -8.933599999999999874e-02 9.960020000000000540e-01 -2.069999999999999900e-04 -9.959999999999999964e-01 -8.933599999999999874e-02 -1.735999999999999913e-03
1.300000000000000000e+01 2.100000000000000000e+01 6.000000000000000000e+01 0.000000000000000000e+00 1.600000000000000089e+00 1.400999999999999902e-03 1.099999999999999936e-02 9.999379999999999935e-01 -8.982900000000000607e-02 9.958979999999999499e-01 -1.082999999999999935e-02 -9.959559999999999524e-01 -8.980799999999999894e-02 2.383000000000000135e-03
1.700000000000000000e+01 2.100000000000000000e+01 6.000000000000000000e+01 0.000000000000000000e+00 1.600000000000000089e+00 8.012999999999999290e-03 -6.727999999999999606e-03 9.999449999999999728e-01 -9.233099999999999641e-02 9.957009999999999472e-01 7.440000000000000432e-03 -9.956960000000000255e-01 -9.238599999999999590e-02 7.357999999999999957e-03
2.400000000000000000e+01 2.100000000000000000e+01 6.000000000000000000e+01 0.000000000000000000e+00 1.600000000000000089e+00 -4.838000000000000286e-03 3.517000000000000161e-03 9.999820000000000375e-01 -9.462900000000000478e-02 9.955049999999999732e-01 -3.959999999999999978e-03 -9.955009999999999692e-01 -9.464699999999999502e-02 -4.484000000000000138e-03
1.100000000000000000e+01 3.000000000000000000e+00 6.300000000000000000e+01 0.000000000000000000e+00 1.600000000000000089e+00 -1.188999999999999953e-03 -8.776000000000000814e-03 9.999609999999999888e-01 -6.144190000000000484e-01 7.889559999999999906e-01 6.193999999999999853e-03 -7.889789999999999859e-01 -6.143870000000000164e-01 -6.329999999999999689e-03
3.000000000000000000e+00 2.700000000000000000e+01 6.300000000000000000e+01 0.000000000000000000e+00 1.600000000000000089e+00 3.713999999999999854e-03 1.032300000000000058e-02 9.999400000000000510e-01 -2.670620000000000216e-01 9.636379999999999946e-01 -8.956999999999999684e-03 -9.636719999999999731e-01 -2.670120000000000271e-01 6.335999999999999618e-03
7.000000000000000000e+00 2.700000000000000000e+01 6.300000000000000000e+01 0.000000000000000000e+00 1.600000000000000089e+00 -2.298999999999999828e-03 -6.172000000000000403e-03 9.999780000000000335e-01 -2.658849999999999825e-01 9.639900000000000135e-01 5.338999999999999996e-03 -9.640020000000000255e-01 -2.658670000000000200e-01 -3.857000000000000185e-03
1.500000000000000000e+01 2.700000000000000000e+01 6.300000000000000000e+01 0.000000000000000000e+00 1.600000000000000089e+00 1.224000000000000045e-03 -4.338999999999999975e-03 9.999900000000000455e-01 -2.736520000000000064e-01 9.618179999999999508e-01 4.507999999999999854e-03 -9.618280000000000163e-01 -2.736549999999999816e-01 -1.000000000000000082e-05
2.000000000000000000e+01 2.700000000000000000e+01 6.300000000000000000e+01 0.000000000000000000e+00 1.600000000000000089e+00 -1.386000000000000079e-03 -1.185000000000000072e-03 9.999980000000000535e-01 -2.825650000000000106e-01 9.592479999999999896e-01 7.450000000000000025e-04 -9.592469999999999608e-01 -2.825630000000000086e-01 -1.665000000000000030e-03
2.600000000000000000e+01 2.700000000000000000e+01 6.300000000000000000e+01 0.000000000000000000e+00 1.600000000000000089e+00 5.280000000000000405e-04 -4.898999999999999709e-03 9.999879999999999880e-01 -2.759960000000000191e-01 9.611469999999999736e-01 4.854999999999999941e-03 -9.611589999999999856e-01 -2.759949999999999903e-01 -8.440000000000000236e-04
2.900000000000000000e+01 2.700000000000000000e+01 6.300000000000000000e+01 0.000000000000000000e+00 1.600000000000000089e+00 7.089999999999999948e-04 -6.926999999999999998e-03 9.999759999999999760e-01 -2.738200000000000078e-01 9.617560000000000553e-01 6.857000000000000248e-03 -9.617809999999999970e-01 -2.738180000000000058e-01 -1.214999999999999934e-03
2.000000000000000000e+00 2.600000000000000000e+01 6.400000000000000000e+01 0.000000000000000000e+00 1.600000000000000089e+00 1.526000000000000013e-03 8.744000000000000036e-03 9.999609999999999888e-01 -3.476119999999999766e-01 9.376069999999999682e-01 -7.668000000000000337e-03 -9.376370000000000537e-01 -3.475869999999999793e-01 4.470000000000000015e-03
6.000000000000000000e+00 2.600000000000000000e+01 6.400000000000000000e+01 0.000000000000000000e+00 1.600000000000000089e+00 -3.359999999999999814e-04 -4.720000000000000237e-03 9.999890000000000168e-01 -3.466330000000000244e-01 9.379910000000000192e-01 4.310999999999999728e-03 -9.380009999999999737e-01 -3.466279999999999917e-01 -1.951000000000000043e-03
1.100000000000000000e+01 2.600000000000000000e+01 6.400000000000000000e+01 0.000000000000000000e+00 1.600000000000000089e+00 5.710000000000000015e-04 -1.342899999999999996e-02 9.999099999999999655e-01 -3.541119999999999823e-01 9.351159999999999473e-01 1.276099999999999977e-02 -9.352030000000000065e-01 -3.540869999999999851e-01 -4.220999999999999926e-03
2.000000000000000000e+01 2.600000000000000000e+01 6.400000000000000000e+01 0.000000000000000000e+00 1.600000000000000089e+00 -9.179999999999999792e-04 8.159999999999999936e-04 9.999989999999999712e-01 -3.670959999999999779e-01 9.301829999999999821e-01 -1.095999999999999969e-03 -9.301829999999999821e-01 -3.670959999999999779e-01 -5.540000000000000219e-04
2.500000000000000000e+01 2.600000000000000000e+01 6.400000000000000000e+01 0.000000000000000000e+00 1.600000000000000089e+00 -7.739999999999999485e-04 -7.126000000000000389e-03 9.999740000000000295e-01 -3.612360000000000015e-01 9.324529999999999763e-01 6.364999999999999998e-03 -9.324740000000000251e-01 -3.612219999999999875e-01 -3.295999999999999885e-03
2.600000000000000000e+01 6.900000000000000000e+01 6.600000000000000000e+01 0.000000000000000000e+00 1.600000000000000089e+00 7.416999999999999982e-03 -2.155999999999999930e-03 9.999700000000000255e-01 -9.434829999999999606e-01 3.313320000000000154e-01 7.712000000000000105e-03 -3.313380000000000214e-01 -9.435120000000000173e-01 4.229999999999999819e-04
1.000000000000000000e+00 2.500000000000000000e+01 7.300000000000000000e+01 0.000000000000000000e+00 1.600000000000000089e+00 5.266999999999999980e-03 3.396999999999999846e-03 9.999799999999999800e-01 7.519390000000000240e-01 -6.592299999999999827e-01 -1.721000000000000090e-03 6.592109999999999914e-01 7.519339999999999913e-01 -6.027000000000000239e-03
8.000000000000000000e+00 2.500000000000000000e+01 7.300000000000000000e+01 0.000000000000000000e+00 1.600000000000000089e+00 -3.442999999999999880e-03 8.035999999999999741e-03 9.999620000000000175e-01 7.535479999999999956e-01 -6.573459999999999859e-01 7.877000000000000321e-03 6.573839999999999684e-01 7.535460000000000491e-01 -3.792999999999999931e-03
1.300000000000000000e+01 2.500000000000000000e+01 7.300000000000000000e+01 0.000000000000000000e+00 1.600000000000000089e+00 -1.268000000000000030e-03 -7.012000000000000004e-03 9.999749999999999472e-01 7.445800000000000196e-01 -6.675229999999999775e-01 -3.736000000000000171e-03 6.675320000000000142e-01 7.445559999999999956e-01 6.067999999999999609e-03
