1.900000000000000000e+01 2.500000000000000000e+01 1.000000000000000000e+00 0.000000000000000000e+00 1.600000000000000089e+00 1.569999999999999998e-03 1.951000000000000043e-03 -9.999970000000000248e-01 -5.212379999999999791e-01 -8.534080000000000554e-01 -2.482999999999999964e-03 -8.534100000000000019e-01 5.212400000000000366e-01 -3.229999999999999907e-04
2.600000000000000000e+01 2.500000000000000000e+01 1.000000000000000000e+00 0.000000000000000000e+00 1.600000000000000089e+00 -1.528000000000000061e-03 6.980000000000000527e-04 -9.999989999999999712e-01 -5.241780000000000328e-01 -8.516089999999999494e-01 2.069999999999999900e-04 -8.516070000000000029e-01 5.241780000000000328e-01 1.667000000000000079e-03
1.200000000000000000e+01 1.900000000000000000e+01 5.000000000000000000e+00 0.000000000000000000e+00 1.600000000000000089e+00 -1.781999999999999947e-03 -1.492999999999999969e-03 -9.999970000000000248e-01 -6.935320000000000373e-01 -7.204220000000000068e-01 2.311999999999999819e-03 -7.204230000000000356e-01 6.935339999999999838e-01 2.480000000000000108e-04
4.000000000000000000e+00 1.010000000000000000e+02 7.000000000000000000e+00 0.000000000000000000e+00 1.600000000000000089e+00 2.866000000000000058e-03 -2.598200000000000162e-02 9.996580000000000465e-01 8.834680000000000311e-01 4.683930000000000038e-01 9.641000000000000264e-03 -4.684829999999999828e-01 8.831379999999999786e-01 2.429699999999999915e-02
1.100000000000000000e+01 1.010000000000000000e+02 7.000000000000000000e+00 0.000000000000000000e+00 1.600000000000000089e+00 9.699999999999999963e-05 1.463000000000000108e-03 9.999989999999999712e-01 8.867129999999999734e-01 4.623200000000000087e-01 -7.619999999999999820e-04 -4.623200000000000087e-01 8.867119999999999447e-01 -1.252000000000000075e-03
1.400000000000000000e+01 1.010000000000000000e+02 7.000000000000000000e+00 0.000000000000000000e+00 1.600000000000000089e+00 -3.039000000000000035e-03 7.505999999999999651e-03 9.999670000000000503e-01 8.868239999999999457e-01 4.621060000000000167e-01 -7.730000000000000326e-04 -4.620969999999999800e-01 8.867930000000000534e-01 -8.061000000000000457e-03
2.000000000000000000e+01 1.010000000000000000e+02 7.000000000000000000e+00 0.000000000000000000e+00 1.600000000000000089e+00 -2.611000000000000040e-03 4.124000000000000062e-03 9.999879999999999880e-01 8.852170000000000316e-01 4.651779999999999804e-01 3.930000000000000117e-04 -4.651710000000000012e-01 8.852069999999999661e-01 -4.865000000000000401e-03
2.300000000000000000e+01 1.010000000000000000e+02 7.000000000000000000e+00 0.000000000000000000e+00 1.600000000000000089e+00 -5.460000000000000443e-04 1.286999999999999950e-03 9.999989999999999712e-01 8.839770000000000127e-01 4.675300000000000011e-01 -1.190000000000000058e-04 -4.675300000000000011e-01 8.839759999999999840e-01 -1.392999999999999924e-03
2.800000000000000000e+01 1.010000000000000000e+02 7.000000000000000000e+00 0.000000000000000000e+00 1.600000000000000089e+00 -9.250000000000000409e-04 -5.653000000000000039e-03 9.999839999999999840e-01 8.832999999999999741e-01 4.687950000000000172e-01 3.467000000000000030e-03 -4.688069999999999737e-01 8.832889999999999908e-01 4.558999999999999685e-03
6.000000000000000000e+00 2.500000000000000000e+01 8.000000000000000000e+00 0.000000000000000000e+00 1.600000000000000089e+00 1.505999999999999960e-03 5.130000000000000011e-04 -9.999989999999999712e-01 4.447860000000000147e-01 8.956359999999999877e-01 1.129000000000000012e-03 8.956359999999999877e-01 -4.447869999999999879e-01 1.121000000000000035e-03
1.100000000000000000e+01 2.500000000000000000e+01 8.000000000000000000e+00 0.000000000000000000e+00 1.600000000000000089e+00 2.282000000000000174e-03 7.060000000000000303e-03 -9.999719999999999720e-01 4.422840000000000105e-01 8.968450000000000033e-01 7.341000000000000303e-03 8.968720000000000026e-01 -4.422889999999999877e-01 -1.075999999999999917e-03
1.400000000000000000e+01 2.500000000000000000e+01 8.000000000000000000e+00 0.000000000000000000e+00 1.600000000000000089e+00 3.629999999999999872e-04 5.641000000000000181e-03 -9.999839999999999840e-01 4.414959999999999996e-01 8.972480000000000455e-01 5.222000000000000079e-03 8.972630000000000328e-01 -4.414910000000000223e-01 -2.164000000000000125e-03
1.800000000000000000e+01 2.500000000000000000e+01 8.000000000000000000e+00 0.000000000000000000e+00 1.600000000000000089e+00 -1.361999999999999929e-03 -7.488999999999999997e-03 -9.999710000000000543e-01 4.430919999999999859e-01 8.964469999999999938e-01 -7.316999999999999720e-03 8.964750000000000218e-01 -4.430890000000000106e-01 2.098000000000000038e-03
2.400000000000000000e+01 2.500000000000000000e+01 8.000000000000000000e+00 0.000000000000000000e+00 1.600000000000000089e+00 9.280000000000000054e-04 2.939999999999999905e-03 -9.999949999999999672e-01 4.439339999999999953e-01 8.960540000000000171e-01 3.046000000000000096e-03 8.960590000000000499e-01 -4.439350000000000240e-01 -4.739999999999999747e-04
2.800000000000000000e+01 2.500000000000000000e+01 8.000000000000000000e+00 0.000000000000000000e+00 1.600000000000000089e+00 6.369999999999999794e-04 7.185999999999999679e-03 -9.999740000000000295e-01 4.429609999999999936e-01 8.965159999999999796e-01 6.723999999999999942e-03 8.965410000000000323e-01 -4.429529999999999856e-01 -2.612000000000000172e-03
3.000000000000000000e+00 2.400000000000000000e+01 9.000000000000000000e+00 0.000000000000000000e+00 1.600000000000000089e+00 3.059000000000000087e-03 3.687999999999999872e-03 -9.999890000000000168e-01 4.540919999999999956e-01 8.909430000000000405e-01 4.675000000000000336e-03 8.909500000000000197e-01 -4.541009999999999769e-01 1.049999999999999935e-03
6.000000000000000000e+00 2.400000000000000000e+01 9.000000000000000000e+00 0.000000000000000000e+00 1.600000000000000089e+00 2.033999999999999784e-03 7.360000000000000006e-04 -9.999980000000000535e-01 4.525469999999999771e-01 8.917389999999999484e-01 1.577000000000000060e-03 8.917380000000000306e-01 -4.525489999999999791e-01 1.480999999999999895e-03
1.000000000000000000e+01 2.400000000000000000e+01 9.000000000000000000e+00 0.000000000000000000e+00 1.600000000000000089e+00 2.203999999999999796e-03 4.629999999999999567e-03 -9.999869999999999592e-01 4.507249999999999868e-01 8.926479999999999970e-01 5.126000000000000348e-03 8.926600000000000090e-01 -4.507309999999999928e-01 -1.190000000000000058e-04
1.400000000000000000e+01 2.400000000000000000e+01 9.000000000000000000e+00 0.000000000000000000e+00 1.600000000000000089e+00 3.579999999999999741e-04 6.224000000000000365e-03 -9.999810000000000088e-01 4.490179999999999727e-01 8.935049999999999937e-01 5.721999999999999656e-03 8.935229999999999562e-01 -4.490109999999999935e-01 -2.475000000000000203e-03
1.800000000000000000e+01 2.400000000000000000e+01 9.000000000000000000e+00 0.000000000000000000e+00 1.600000000000000089e+00 -1.603000000000000041e-03 -6.731000000000000004e-03 -9.999759999999999760e-01 4.504059999999999730e-01 8.927990000000000093e-01 -6.732000000000000137e-03 8.928230000000000333e-01 -4.504059999999999730e-01 1.600999999999999993e-03
2.400000000000000000e+01 2.400000000000000000e+01 9.000000000000000000e+00 0.000000000000000000e+00 1.600000000000000089e+00 8.919999999999999978e-04 2.432999999999999833e-03 -9.999970000000000248e-01 4.511879999999999780e-01 8.924250000000000238e-01 2.573999999999999899e-03 8.924279999999999990e-01 -4.511890000000000067e-01 -3.020000000000000223e-04
2.800000000000000000e+01 8.000000000000000000e+00 1.000000000000000000e+01 0.000000000000000000e+00 1.600000000000000089e+00 -1.508170000000000066e-01 -1.006699999999999956e-01 -9.834220000000000184e-01 -9.527029999999999665e-01 -2.507019999999999804e-01 1.717700000000000060e-01 -2.638380000000000170e-01 9.628160000000000052e-01 -5.809799999999999687e-02
2.300000000000000000e+01 3.100000000000000000e+01 1.200000000000000000e+01 0.000000000000000000e+00 1.600000000000000089e+00 1.466000000000000072e-03 -2.380000000000000117e-04 9.999989999999999712e-01 -1.181699999999999938e-02 9.999299999999999855e-01 2.550000000000000183e-04 -9.999289999999999567e-01 -1.181800000000000038e-02 1.463000000000000108e-03
4.000000000000000000e+00 3.500000000000000000e+01 1.200000000000000000e+01 0.000000000000000000e+00 1.600000000000000089e+00 3.800000000000000209e-04 -5.782999999999999946e-03 -9.999829999999999552e-01 4.770539999999999781e-01 -8.788580000000000281e-01 5.263999999999999582e-03 -8.788740000000000441e-01 -4.770480000000000276e-01 2.425000000000000072e-03
8.000000000000000000e+00 3.500000000000000000e+01 1.200000000000000000e+01 0.000000000000000000e+00 1.600000000000000089e+00 -9.799999999999999684e-05 -4.160999999999999768e-03 -9.999909999999999632e-01 4.761540000000000217e-01 -8.793549999999999978e-01 3.612000000000000193e-03 -8.793619999999999770e-01 -4.761489999999999889e-01 2.067999999999999960e-03
1.300000000000000000e+01 3.500000000000000000e+01 1.200000000000000000e+01 0.000000000000000000e+00 1.600000000000000089e+00 -1.369999999999999961e-04 2.412000000000000081e-03 -9.999970000000000248e-01 4.737629999999999897e-01 -8.806500000000000439e-01 -2.188999999999999974e-03 -8.806530000000000191e-01 -4.737609999999999877e-01 -1.023000000000000038e-03
1.900000000000000000e+01 3.500000000000000000e+01 1.200000000000000000e+01 0.000000000000000000e+00 1.600000000000000089e+00 -3.660000000000000059e-03 1.106399999999999918e-02 -9.999320000000000430e-01 5.077019999999999866e-01 -8.614570000000000283e-01 -1.139000000000000082e-02 -8.615249999999999853e-01 -5.077089999999999659e-01 -2.464000000000000044e-03
2.600000000000000000e+01 3.500000000000000000e+01 1.200000000000000000e+01 0.000000000000000000e+00 1.600000000000000089e+00 -4.447000000000000432e-03 1.779199999999999879e-02 -9.998320000000000540e-01 5.561160000000000547e-01 -8.309260000000000534e-01 -1.726000000000000104e-02 -8.310929999999999707e-01 -5.560990000000000100e-01 -6.198999999999999649e-03
8.000000000000000000e+00 3.200000000000000000e+01 1.400000000000000000e+01 0.000000000000000000e+00 1.600000000000000089e+00 1.719999999999999958e-03 -9.439999999999999607e-04 -9.999980000000000535e-01 1.019260000000000027e-01 9.947920000000000096e-01 -7.640000000000000306e-04 9.947899999999999521e-01 -1.019250000000000017e-01 1.807000000000000012e-03
1.500000000000000000e+01 1.200000000000000000e+01 1.600000000000000000e+01 0.000000000000000000e+00 1.600000000000000089e+00 -2.432999999999999833e-03 2.126300000000000065e-02 9.997709999999999653e-01 2.069000000000000006e-01 -9.781300000000000550e-01 2.130599999999999855e-02 9.783589999999999787e-01 2.069040000000000046e-01 -2.020000000000000094e-03
2.000000000000000000e+01 1.200000000000000000e+01 1.600000000000000000e+01 0.000000000000000000e+00 1.600000000000000089e+00 3.690000000000000246e-04 -2.145599999999999938e-02 9.997700000000000475e-01 2.058039999999999869e-01 -9.783659999999999579e-01 -2.107300000000000145e-02 9.785930000000000462e-01 2.057640000000000025e-01 4.054999999999999577e-03
1.200000000000000000e+01 1.160000000000000000e+02 1.600000000000000000e+01 0.000000000000000000e+00 1.600000000000000089e+00 3.171000000000000207e-03 9.430000000000000448e-04 9.999949999999999672e-01 7.586380000000000345e-01 6.515050000000000008e-01 -3.020000000000000115e-03 -6.515050000000000008e-01 7.586429999999999563e-01 1.350000000000000071e-03
2.300000000000000000e+01 1.160000000000000000e+02 1.600000000000000000e+01 0.000000000000000000e+00 1.600000000000000089e+00 2.093999999999999941e-03 -5.399999999999999798e-05 9.999980000000000535e-01 7.679289999999999727e-01 6.405330000000000190e-01 -1.572999999999999962e-03 -6.405319999999999903e-01 7.679310000000000302e-01 1.381999999999999982e-03
6.000000000000000000e+00 2.000000000000000000e+00 1.900000000000000000e+01 0.000000000000000000e+00 1.600000000000000089e+00 -4.491000000000000200e-03 1.435200000000000017e-02 -9.998869999999999703e-01 3.322930000000000050e-01 -9.430570000000000341e-01 -1.502900000000000069e-02 -9.431659999999999489e-01 -3.323229999999999795e-01 -5.339999999999999695e-04
1.200000000000000000e+01 2.000000000000000000e+00 1.900000000000000000e+01 0.000000000000000000e+00 1.600000000000000089e+00 -5.858999999999999625e-03 1.545299999999999972e-02 -9.998629999999999463e-01 3.307499999999999885e-01 -9.435740000000000238e-01 -1.652100000000000096e-02 -9.436999999999999833e-01 -3.308019999999999849e-01 4.169999999999999987e-04
2.600000000000000000e+01 2.000000000000000000e+00 1.900000000000000000e+01 0.000000000000000000e+00 1.600000000000000089e+00 7.088999999999999815e-03 -5.516599999999999976e-02 -9.984520000000000062e-01 3.397080000000000100e-01 -9.389629999999999921e-01 5.429099999999999898e-02 -9.405040000000000067e-01 -3.395670000000000077e-01 1.208500000000000026e-02
3.000000000000000000e+01 2.000000000000000000e+00 1.900000000000000000e+01 0.000000000000000000e+00 1.600000000000000089e+00 5.716999999999999860e-03 -6.466299999999999826e-02 -9.978909999999999725e-01 3.521630000000000038e-01 -9.338469999999999827e-01 6.253000000000000225e-02 -9.359210000000000029e-01 -3.517779999999999796e-01 1.743300000000000058e-02
1.800000000000000000e+01 3.000000000000000000e+00 1.900000000000000000e+01 0.000000000000000000e+00 1.600000000000000089e+00 -2.100000000000000087e-04 1.778000000000000067e-02 -9.998420000000000085e-01 3.142039999999999833e-01 -9.492040000000000477e-01 -1.694500000000000173e-02 -9.493559999999999777e-01 -3.141579999999999928e-01 -5.387000000000000295e-03
1.800000000000000000e+01 4.000000000000000000e+00 2.000000000000000000e+01 0.000000000000000000e+00 1.600000000000000089e+00 3.820000000000000153e-04 1.931099999999999831e-02 -9.998129999999999518e-01 3.798059999999999770e-01 -9.248960000000000514e-01 -1.771899999999999864e-02 -9.250660000000000549e-01 -3.797280000000000100e-01 -7.687000000000000256e-03
2.200000000000000000e+01 4.000000000000000000e+00 2.000000000000000000e+01 0.000000000000000000e+00 1.600000000000000089e+00 4.421999999999999716e-03 -1.138800000000000055e-02 -9.999249999999999527e-01 3.804679999999999729e-01 -9.247140000000000359e-01 1.221399999999999916e-02 -9.247840000000000504e-01 -3.804930000000000256e-01 2.439999999999999949e-04
7.000000000000000000e+00 1.300000000000000000e+01 2.000000000000000000e+01 0.000000000000000000e+00 1.600000000000000089e+00 6.459999999999999814e-04 -7.039999999999999817e-04 1.000000000000000000e+00 2.685890000000000222e-01 9.632549999999999724e-01 5.039999999999999992e-04 -9.632549999999999724e-01 2.685890000000000222e-01 8.109999999999999805e-04
9.000000000000000000e+00 1.300000000000000000e+01 2.000000000000000000e+01 0.000000000000000000e+00 1.600000000000000089e+00 5.119999999999999768e-04 -5.674000000000000224e-03 9.999839999999999840e-01 2.691450000000000231e-01 9.630849999999999689e-01 5.327000000000000138e-03 -9.630999999999999561e-01 2.691379999999999884e-01 2.020000000000000094e-03
1.400000000000000000e+01 1.300000000000000000e+01 2.000000000000000000e+01 0.000000000000000000e+00 1.600000000000000089e+00 5.050000000000000235e-04 -5.699999999999999772e-04 1.000000000000000000e+00 2.715009999999999923e-01 9.624380000000000157e-01 4.110000000000000155e-04 -9.624380000000000157e-01 2.715000000000000191e-01 6.409999999999999682e-04
1.700000000000000000e+01 1.300000000000000000e+01 2.000000000000000000e+01 0.000000000000000000e+00 1.600000000000000089e+00 8.210000000000000067e-04 2.184999999999999876e-03 9.999970000000000248e-01 2.733010000000000161e-01 9.619259999999999478e-01 -2.327000000000000075e-03 -9.619280000000000053e-01 2.733019999999999894e-01 1.920000000000000049e-04
2.200000000000000000e+01 1.300000000000000000e+01 2.000000000000000000e+01 0.000000000000000000e+00 1.600000000000000089e+00 6.759999999999999516e-04 -3.499999999999999693e-05 1.000000000000000000e+00 2.694170000000000176e-01 9.630239999999999911e-01 -1.489999999999999897e-04 -9.630229999999999624e-01 2.694170000000000176e-01 6.599999999999999964e-04
2.800000000000000000e+01 1.300000000000000000e+01 2.000000000000000000e+01 0.000000000000000000e+00 1.600000000000000089e+00 -4.090000000000000211e-04 -1.182000000000000108e-03 9.999989999999999712e-01 2.595999999999999974e-01 9.657149999999999901e-01 1.247000000000000062e-03 -9.657160000000000188e-01 2.595999999999999974e-01 -8.799999999999999771e-05
8.000000000000000000e+00 3.000000000000000000e+00 2.500000000000000000e+01 0.000000000000000000e+00 1.600000000000000089e+00 -3.361999999999999971e-03 1.350299999999999938e-02 9.999029999999999863e-01 5.590000000000000351e-03 -9.998930000000000318e-01 1.352199999999999930e-02 9.999789999999999512e-01 5.634000000000000119e-03 3.285999999999999859e-03
1.800000000000000000e+01 3.000000000000000000e+00 2.500000000000000000e+01 0.000000000000000000e+00 1.600000000000000089e+00 -2.478000000000000168e-03 2.041899999999999965e-02 9.997880000000000100e-01 -3.590700000000000142e-02 -9.991489999999999538e-01 2.031700000000000172e-02 9.993520000000000181e-01 -3.584899999999999892e-02 3.209000000000000047e-03
2.300000000000000000e+01 3.000000000000000000e+00 2.500000000000000000e+01 0.000000000000000000e+00 1.600000000000000089e+00 1.487999999999999956e-03 -1.798100000000000045e-02 9.998369999999999758e-01 -1.710899999999999921e-02 -9.996920000000000250e-01 -1.795300000000000021e-02 9.998529999999999918e-01 -1.708000000000000143e-02 -1.794999999999999938e-03
2.900000000000000000e+01 3.000000000000000000e+00 2.500000000000000000e+01 0.000000000000000000e+00 1.600000000000000089e+00 8.222999999999999407e-03 -4.550900000000000084e-02 9.989299999999999846e-01 3.221500000000000058e-02 -9.984330000000000149e-01 -4.575100000000000000e-02 9.994469999999999743e-01 3.255700000000000260e-02 -6.743999999999999995e-03
1.500000000000000000e+01 4.600000000000000000e+01 3.000000000000000000e+01 0.000000000000000000e+00 1.600000000000000089e+00 -4.889999999999999599e-04 -1.659000000000000101e-03 -9.999989999999999712e-01 3.258199999999999985e-01 9.454299999999999926e-01 -1.727999999999999935e-03 9.454320000000000501e-01 -3.258199999999999985e-01 7.799999999999999859e-05
2.000000000000000000e+00 5.800000000000000000e+01 3.100000000000000000e+01 0.000000000000000000e+00 1.600000000000000089e+00 -3.040000000000000167e-04 -1.164000000000000104e-03 9.999989999999999712e-01 -7.661580000000000057e-01 -6.426509999999999723e-01 -9.810000000000001011e-04 6.426520000000000010e-01 -7.661580000000000057e-01 -6.960000000000000041e-04
6.000000000000000000e+00 5.800000000000000000e+01 3.100000000000000000e+01 0.000000000000000000e+00 1.600000000000000089e+00 1.019999999999999992e-04 -3.864999999999999946e-03 9.999919999999999920e-01 -7.660620000000000207e-01 -6.427619999999999445e-01 -2.406000000000000152e-03 6.427669999999999773e-01 -7.660559999999999592e-01 -3.026000000000000044e-03
1.700000000000000000e+01 5.800000000000000000e+01 3.100000000000000000e+01 0.000000000000000000e+00 1.600000000000000089e+00 -6.727000000000000340e-03 -3.278999999999999797e-03 9.999719999999999720e-01 -7.621369999999999534e-01 -6.473750000000000338e-01 -7.250000000000000368e-03 6.473809999999999842e-01 -7.621639999999999526e-01 1.856000000000000011e-03
2.100000000000000000e+01 5.800000000000000000e+01 3.100000000000000000e+01 0.000000000000000000e+00 1.600000000000000089e+00 -4.526999999999999774e-03 -5.521999999999999999e-03 9.999740000000000295e-01 -7.636479999999999935e-01 -6.455940000000000012e-01 -7.021999999999999596e-03 6.456169999999999964e-01 -7.636610000000000342e-01 -1.294000000000000011e-03
2.800000000000000000e+01 2.300000000000000000e+01 3.400000000000000000e+01 0.000000000000000000e+00 1.600000000000000089e+00 -1.580999999999999940e-03 4.749999999999999882e-03 9.999869999999999592e-01 4.079510000000000081e-01 -9.129899999999999682e-01 4.981000000000000184e-03 9.130019999999999802e-01 4.079539999999999833e-01 -4.939999999999999730e-04
4.000000000000000000e+00 4.600000000000000000e+01 3.500000000000000000e+01 0.000000000000000000e+00 1.600000000000000089e+00 -1.849999999999999973e-04 -4.420000000000000101e-04 -1.000000000000000000e+00 3.903809999999999780e-01 -9.206530000000000546e-01 3.350000000000000113e-04 -9.206530000000000546e-01 -3.903809999999999780e-01 3.429999999999999889e-04
8.000000000000000000e+00 4.600000000000000000e+01 3.500000000000000000e+01 0.000000000000000000e+00 1.600000000000000089e+00 7.280000000000000230e-04 -2.849999999999999886e-04 -1.000000000000000000e+00 3.917439999999999811e-01 -9.200739999999999474e-01 5.469999999999999602e-04 -9.200739999999999474e-01 -3.917439999999999811e-01 -5.580000000000000107e-04
1.600000000000000000e+01 4.600000000000000000e+01 3.500000000000000000e+01 0.000000000000000000e+00 1.600000000000000089e+00 -4.629999999999999784e-04 4.180000000000000230e-04 -1.000000000000000000e+00 3.918749999999999734e-01 -9.200180000000000025e-01 -5.659999999999999884e-04 -9.200180000000000025e-01 -3.918760000000000021e-01 2.629999999999999959e-04
2.000000000000000000e+01 4.600000000000000000e+01 3.500000000000000000e+01 0.000000000000000000e+00 1.600000000000000089e+00 5.529999999999999976e-04 2.997000000000000098e-03 -9.999949999999999672e-01 3.907720000000000082e-01 -9.204839999999999689e-01 -2.543000000000000121e-03 -9.204870000000000552e-01 -3.907689999999999775e-01 -1.680000000000000070e-03
2.700000000000000000e+01 4.600000000000000000e+01 3.500000000000000000e+01 0.000000000000000000e+00 1.600000000000000089e+00 -1.559999999999999972e-04 5.540000000000000219e-04 -1.000000000000000000e+00 3.894150000000000111e-01 -9.210620000000000474e-01 -5.710000000000000015e-04 -9.210620000000000474e-01 -3.894159999999999844e-01 -7.200000000000000182e-05
3.000000000000000000e+00 2.900000000000000000e+01 4.400000000000000000e+01 0.000000000000000000e+00 1.600000000000000089e+00 -2.191999999999999938e-03 2.941000000000000038e-03 -9.999930000000000208e-01 6.610040000000000360e-01 7.503819999999999935e-01 7.579999999999999932e-04 7.503790000000000182e-01 -6.609979999999999745e-01 -3.589000000000000176e-03
9.000000000000000000e+00 2.900000000000000000e+01 4.400000000000000000e+01 0.000000000000000000e+00 1.600000000000000089e+00 5.270000000000000162e-04 8.000000000000000383e-04 -1.000000000000000000e+00 6.548110000000000319e-01 7.557920000000000194e-01 9.489999999999999738e-04 7.557930000000000481e-01 -6.548110000000000319e-01 -1.250000000000000026e-04
1.500000000000000000e+01 2.900000000000000000e+01 4.400000000000000000e+01 0.000000000000000000e+00 1.600000000000000089e+00 2.809999999999999998e-04 -1.732000000000000033e-03 -9.999980000000000535e-01 6.502759999999999652e-01 7.596969999999999557e-01 -1.132999999999999893e-03 7.596979999999999844e-01 -6.502750000000000474e-01 1.340000000000000045e-03
1.900000000000000000e+01 2.900000000000000000e+01 4.400000000000000000e+01 0.000000000000000000e+00 1.600000000000000089e+00 -1.771999999999999921e-03 -4.367000000000000222e-03 -9.999890000000000168e-01 6.539850000000000385e-01 7.564939999999999998e-01 -4.461999999999999821e-03 7.565049999999999830e-01 -6.539859999999999562e-01 1.515999999999999986e-03
2.400000000000000000e+01 2.900000000000000000e+01 4.400000000000000000e+01 0.000000000000000000e+00 1.600000000000000089e+00 -7.349999999999999763e-04 -3.713000000000000154e-03 -9.999930000000000208e-01 6.574069999999999636e-01 7.535290000000000044e-01 -3.281000000000000062e-03 7.535359999999999836e-01 -6.574039999999999884e-01 1.887000000000000005e-03
2.900000000000000000e+01 2.900000000000000000e+01 4.400000000000000000e+01 0.000000000000000000e+00 1.600000000000000089e+00 -1.146000000000000100e-03 2.269999999999999882e-04 -9.999989999999999712e-01 6.542869999999999520e-01 7.562459999999999738e-01 -5.779999999999999548e-04 7.562449999999999450e-01 -6.542879999999999807e-01 -1.015000000000000060e-03
1.400000000000000000e+01 6.500000000000000000e+01 4.600000000000000000e+01 0.000000000000000000e+00 1.600000000000000089e+00 -3.553999999999999868e-03 2.364000000000000216e-03 9.999909999999999632e-01 6.828109999999999458e-01 -7.305829999999999824e-01 4.154999999999999839e-03 7.305859999999999577e-01 6.828199999999999825e-01 9.820000000000000170e-04
1.300000000000000000e+01 7.000000000000000000e+01 4.700000000000000000e+01 0.000000000000000000e+00 1.600000000000000089e+00 3.998999999999999951e-03 1.724999999999999971e-03 -9.999900000000000455e-01 -8.481250000000000178e-01 -5.297779999999999712e-01 -4.304999999999999799e-03 -5.297809999999999464e-01 8.481349999999999723e-01 -6.560000000000000076e-04
2.000000000000000000e+00 5.000000000000000000e+00 5.100000000000000000e+01 0.000000000000000000e+00 1.600000000000000089e+00 -1.175999999999999962e-03 9.299999999999999239e-03 -9.999559999999999560e-01 4.784539999999999904e-01 -8.780689999999999884e-01 -8.729000000000000647e-03 -8.781120000000000037e-01 -4.784430000000000072e-01 -3.416999999999999899e-03
1.700000000000000000e+01 5.000000000000000000e+00 5.100000000000000000e+01 0.000000000000000000e+00 1.600000000000000089e+00 -5.760000000000000146e-04 6.278999999999999859e-03 -9.999799999999999800e-01 4.889200000000000212e-01 -8.723090000000000011e-01 -5.759000000000000230e-03 -8.723279999999999923e-01 -4.889140000000000152e-01 -2.566999999999999837e-03
2.400000000000000000e+01 5.000000000000000000e+00 5.100000000000000000e+01 0.000000000000000000e+00 1.600000000000000089e+00 1.271999999999999910e-03 -2.216000000000000088e-03 -9.999970000000000248e-01 4.866710000000000202e-01 -8.735819999999999697e-01 2.554999999999999979e-03 -8.735849999999999449e-01 -4.866719999999999935e-01 -3.300000000000000253e-05
2.100000000000000000e+01 7.000000000000000000e+00 5.200000000000000000e+01 0.000000000000000000e+00 1.600000000000000089e+00 1.165999999999999936e-03 -2.880000000000000181e-03 -9.999949999999999672e-01 1.247960000000000041e-01 -9.921780000000000044e-01 3.003000000000000027e-03 -9.921820000000000084e-01 -1.247989999999999933e-01 -7.969999999999999654e-04
1.000000000000000000e+00 6.300000000000000000e+01 5.400000000000000000e+01 0.000000000000000000e+00 1.600000000000000089e+00 -9.179999999999999792e-04 3.408000000000000005e-03 9.999940000000000495e-01 -3.430159999999999876e-01 9.393230000000000190e-01 -3.516000000000000028e-03 -9.393289999999999695e-01 -3.430170000000000163e-01 3.069999999999999812e-04
5.000000000000000000e+00 6.300000000000000000e+01 5.400000000000000000e+01 0.000000000000000000e+00 1.600000000000000089e+00 2.249999999999999938e-04 6.400000000000000524e-04 1.000000000000000000e+00 -3.459809999999999830e-01 9.382409999999999917e-01 -5.230000000000000274e-04 -9.382409999999999917e-01 -3.459809999999999830e-01 4.319999999999999838e-04
1.000000000000000000e+01 6.300000000000000000e+01 5.400000000000000000e+01 0.000000000000000000e+00 1.600000000000000089e+00 7.619999999999999820e-04 -2.106999999999999932e-03 9.999970000000000248e-01 -3.458140000000000103e-01 9.383000000000000229e-01 2.239999999999999804e-03 -9.383029999999999982e-01 -3.458149999999999835e-01 -1.399999999999999979e-05
2.600000000000000000e+01 6.300000000000000000e+01 5.400000000000000000e+01 0.000000000000000000e+00 1.600000000000000089e+00 -3.899999999999999929e-05 -1.322000000000000041e-03 9.999989999999999712e-01 -3.497410000000000241e-01 9.368459999999999566e-01 1.224999999999999960e-03 -9.368459999999999566e-01 -3.497410000000000241e-01 -4.979999999999999618e-04
2.800000000000000000e+01 2.500000000000000000e+01 5.500000000000000000e+01 0.000000000000000000e+00 1.600000000000000089e+00 -1.700000000000000122e-04 -8.899999999999999491e-04 -1.000000000000000000e+00 -1.178599999999999960e-02 -9.999299999999999855e-01 8.919999999999999978e-04 -9.999310000000000143e-01 1.178599999999999960e-02 1.600000000000000131e-04
1.700000000000000000e+01 2.000000000000000000e+01 6.000000000000000000e+01 0.000000000000000000e+00 1.600000000000000089e+00 -1.090000000000000067e-04 3.701999999999999996e-03 9.999930000000000208e-01 -6.230299999999999727e-02 9.980499999999999927e-01 -3.701999999999999996e-03 -9.980569999999999720e-01 -6.230299999999999727e-02 1.219999999999999974e-04
2.800000000000000000e+01 2.000000000000000000e+01 6.000000000000000000e+01 0.000000000000000000e+00 1.600000000000000089e+00 8.899999999999999491e-05 -8.894000000000000863e-03 9.999609999999999888e-01 -6.324699999999999767e-02 9.979580000000000117e-01 8.881000000000000005e-03 -9.979980000000000517e-01 -6.324499999999999567e-02 -4.730000000000000046e-04
4.000000000000000000e+00 2.100000000000000000e+01 6.000000000000000000e+01 0.000000000000000000e+00 1.600000000000000089e+00 1.335000000000000032e-03 1.044999999999999922e-03 9.999989999999999712e-01 -9.536200000000000232e-02 9.954420000000000490e-01 -9.129999999999999661e-04 -9.954420000000000490e-01 -9.536100000000000132e-02 1.428000000000000016e-03
9.000000000000000000e+00 2.100000000000000000e+01 6.000000000000000000e+01 0.000000000000000000e+00 1.600000000000000089e+00 -1.386999999999999995e-03 -9.027999999999999567e-03 9.999580000000000135e-01 -9.233099999999999641e-02 9.956890000000000462e-01 8.861000000000000820e-03 -9.957270000000000287e-01 -9.231499999999999428e-02 -2.214999999999999955e-03
1.600000000000000000e+01 2.100000000000000000e+01 6.000000000000000000e+01 0.000000000000000000e+00 1.600000000000000089e+00 1.219999999999999974e-04 4.129999999999999991e-03 9.999909999999999632e-01 -9.445399999999999630e-02 9.955209999999999892e-01 -4.100000000000000346e-03 -9.955289999999999973e-01 -9.445299999999999530e-02 5.119999999999999768e-04
2.100000000000000000e+01 2.100000000000000000e+01 6.000000000000000000e+01 0.000000000000000000e+00 1.600000000000000089e+00 -7.330000000000000361e-04 3.383999999999999855e-03 9.999940000000000495e-01 -9.462099999999999678e-02 9.955070000000000308e-01 -3.438000000000000084e-03 -9.955129999999999812e-01 -9.462299999999999878e-02 -4.090000000000000211e-04
2.800000000000000000e+01 6.700000000000000000e+01 6.000000000000000000e+01 0.000000000000000000e+00 1.600000000000000089e+00 5.099999999999999960e-05 -1.281999999999999936e-03 9.999989999999999712e-01 1.743059999999999887e-01 -9.846909999999999830e-01 -1.270999999999999994e-03 9.846920000000000117e-01 1.743059999999999887e-01 1.730000000000000038e-04
8.000000000000000000e+00 6.000000000000000000e+00 6.100000000000000000e+01 0.000000000000000000e+00 1.600000000000000089e+00 2.213999999999999822e-03 -3.874999999999999972e-03 9.999900000000000455e-01 5.653970000000000384e-01 -8.248069999999999569e-01 -4.447999999999999697e-03 8.248159999999999936e-01 5.654010000000000424e-01 3.640000000000000115e-04
4.000000000000000000e+00 2.700000000000000000e+01 6.300000000000000000e+01 0.000000000000000000e+00 1.600000000000000089e+00 2.637000000000000021e-03 -4.886999999999999851e-03 9.999850000000000128e-01 -2.717399999999999816e-01 9.623549999999999605e-01 5.419000000000000206e-03 -9.623669999999999725e-01 -2.717499999999999916e-01 1.209999999999999921e-03
1.400000000000000000e+01 2.700000000000000000e+01 6.300000000000000000e+01 0.000000000000000000e+00 1.600000000000000089e+00 -2.300000000000000070e-04 -5.040000000000000209e-03 9.999869999999999592e-01 -2.734480000000000244e-01 9.618750000000000355e-01 4.785000000000000191e-03 -9.618870000000000475e-01 -2.734429999999999916e-01 -1.598999999999999944e-03
2.000000000000000000e+01 2.700000000000000000e+01 6.300000000000000000e+01 0.000000000000000000e+00 1.600000000000000089e+00 -1.520000000000000084e-04 -4.040000000000000080e-04 1.000000000000000000e+00 -2.752700000000000147e-01 9.613669999999999716e-01 3.469999999999999777e-04 -9.613669999999999716e-01 -2.752700000000000147e-01 -2.579999999999999828e-04
2.700000000000000000e+01 2.700000000000000000e+01 6.300000000000000000e+01 0.000000000000000000e+00 1.600000000000000089e+00 -4.189999999999999931e-04 -9.740000000000000394e-04 9.999989999999999712e-01 -2.729150000000000187e-01 9.620379999999999487e-01 8.220000000000000310e-04 -9.620379999999999487e-01 -2.729139999999999899e-01 -6.689999999999999983e-04
5.000000000000000000e+00 2.600000000000000000e+01 6.400000000000000000e+01 0.000000000000000000e+00 1.600000000000000089e+00 2.768000000000000061e-03 -4.658999999999999947e-03 9.999850000000000128e-01 -3.638179999999999747e-01 9.314550000000000329e-01 5.347000000000000190e-03 -9.314660000000000162e-01 -3.638270000000000115e-01 8.829999999999999958e-04
1.600000000000000000e+01 2.600000000000000000e+01 6.400000000000000000e+01 0.000000000000000000e+00 1.600000000000000089e+00 1.500000000000000031e-03 -4.466000000000000351e-03 9.999890000000000168e-01 -3.638370000000000215e-01 9.314510000000000289e-01 4.706000000000000114e-03 -9.314609999999999834e-01 -3.638399999999999967e-01 -2.280000000000000126e-04
2.100000000000000000e+01 2.600000000000000000e+01 6.400000000000000000e+01 0.000000000000000000e+00 1.600000000000000089e+00 -7.870000000000000476e-04 -1.123000000000000083e-03 9.999989999999999712e-01 -3.645900000000000252e-01 9.311679999999999957e-01 7.590000000000000175e-04 -9.311679999999999957e-01 -3.645889999999999964e-01 -1.142000000000000003e-03
2.700000000000000000e+01 2.600000000000000000e+01 6.400000000000000000e+01 0.000000000000000000e+00 1.600000000000000089e+00 -4.949999999999999973e-04 -7.829999999999999504e-04 1.000000000000000000e+00 -3.641969999999999930e-01 9.313219999999999832e-01 5.490000000000000088e-04 -9.313219999999999832e-01 -3.641960000000000197e-01 -7.460000000000000268e-04
5.000000000000000000e+00 6.900000000000000000e+01 6.600000000000000000e+01 0.000000000000000000e+00 1.600000000000000089e+00 4.322000000000000321e-03 -2.501000000000000185e-03 9.999879999999999880e-01 -9.510640000000000205e-01 3.089569999999999816e-01 4.884000000000000320e-03 -3.089649999999999896e-01 -9.510729999999999462e-01 -1.043000000000000090e-03
9.000000000000000000e+00 6.900000000000000000e+01 6.600000000000000000e+01 0.000000000000000000e+00 1.600000000000000089e+00 2.749000000000000141e-03 -1.019999999999999992e-04 9.999959999999999960e-01 -9.527259999999999618e-01 3.038179999999999770e-01 2.650000000000000012e-03 -3.038170000000000037e-01 -9.527299999999999658e-01 7.380000000000000492e-04
2.600000000000000000e+01 6.900000000000000000e+01 6.600000000000000000e+01 0.000000000000000000e+00 1.600000000000000089e+00 -9.079999999999999530e-04 -1.892999999999999934e-03 9.999980000000000535e-01 -9.550920000000000520e-01 2.963080000000000158e-01 -3.069999999999999812e-04 -2.963069999999999871e-01 -9.550910000000000233e-01 -2.076999999999999853e-03
3.000000000000000000e+00 2.500000000000000000e+01 7.300000000000000000e+01 0.000000000000000000e+00 1.600000000000000089e+00 -1.441999999999999922e-03 1.315999999999999896e-03 9.999980000000000535e-01 7.541069999999999718e-01 -6.567479999999999984e-01 1.951000000000000043e-03 6.567499999999999449e-01 7.541090000000000293e-01 -4.500000000000000283e-05
9.000000000000000000e+00 2.500000000000000000e+01 7.300000000000000000e+01 0.000000000000000000e+00 1.600000000000000089e+00 1.982999999999999954e-03 2.856000000000000032e-03 9.999940000000000495e-01 7.561660000000000048e-01 -6.543799999999999617e-01 3.690000000000000246e-04 6.543769999999999865e-01 7.561600000000000543e-01 -3.457000000000000003e-03
1.200000000000000000e+01 2.500000000000000000e+01 7.300000000000000000e+01 0.000000000000000000e+00 1.600000000000000089e+00 1.025000000000000086e-03 1.172000000000000082e-03 9.999989999999999712e-01 7.560090000000000421e-01 -6.545609999999999484e-01 -7.999999999999999638e-06 6.545609999999999484e-01 7.560080000000000133e-01 -1.557000000000000007e-03
1.800000000000000000e+01 2.500000000000000000e+01 7.300000000000000000e+01 0.000000000000000000e+00 1.600000000000000089e+00 -1.747000000000000072e-03 -3.327999999999999795e-03 9.999930000000000208e-01 7.515540000000000553e-01 -6.596699999999999786e-01 -8.819999999999999715e-04 6.596689999999999499e-01 7.515479999999999938e-01 3.654000000000000130e-03
2.100000000000000000e+01 2.500000000000000000e+01 7.300000000000000000e+01 0.000000000000000000e+00 1.600000000000000089e+00 -4.840000000000000010e-04 -4.743999999999999953e-03 9.999890000000000168e-01 7.531369999999999454e-01 -6.578580000000000538e-01 -2.756000000000000203e-03 6.578629999999999756e-01 7.531269999999999909e-01 3.892000000000000060e-03
2.600000000000000000e+01 2.500000000000000000e+01 7.300000000000000000e+01 0.000000000000000000e+00 1.600000000000000089e+00 5.749999999999999903e-04 -4.829999999999999767e-04 1.000000000000000000e+00 7.549230000000000107e-01 -6.558140000000000081e-01 -7.510000000000000399e-04 6.558140000000000081e-01 7.549230000000000107e-01 -1.299999999999999920e-05
3.000000000000000000e+01 2.500000000000000000e+01 7.300000000000000000e+01 0.000000000000000000e+00 1.600000000000000089e+00 1.190000000000000058e-04 1.523999999999999964e-03 9.999989999999999712e-01 7.565159999999999663e-01 -6.539740000000000553e-01 9.060000000000000128e-04 6.539749999999999730e-01 7.565150000000000485e-01 -1.231000000000000106e-03
6.000000000000000000e+00 4.400000000000000000e+01 7.300000000000000000e+01 0.000000000000000000e+00 1.600000000000000089e+00 7.919999999999999523e-04 6.489999999999999459e-04 1.000000000000000000e+00 5.297899999999999832e-02 -9.985950000000000104e-01 6.059999999999999849e-04 9.985950000000000104e-01 5.297799999999999732e-02 -8.260000000000000198e-04
1.100000000000000000e+01 4.400000000000000000e+01 7.300000000000000000e+01 0.000000000000000000e+00 1.600000000000000089e+00 -4.510000000000000120e-04 -1.791000000000000057e-03 9.999980000000000535e-01 5.234400000000000164e-02 -9.986279999999999601e-01 -1.765000000000000076e-03 9.986289999999999889e-01 5.234300000000000064e-02 5.439999999999999957e-04
1.800000000000000000e+01 4.400000000000000000e+01 7.300000000000000000e+01 0.000000000000000000e+00 1.600000000000000089e+00 8.069999999999999916e-04 3.599999999999999901e-03 9.999930000000000208e-01 5.304099999999999787e-02 -9.985859999999999737e-01 3.552000000000000036e-03 9.985920000000000352e-01 5.303800000000000181e-02 -9.959999999999999236e-04
2.400000000000000000e+01 4.400000000000000000e+01 7.300000000000000000e+01 0.000000000000000000e+00 1.600000000000000089e+00 1.061000000000000094e-03 2.814000000000000095e-03 9.999949999999999672e-01 5.627299999999999663e-02 -9.984119999999999662e-01 2.749999999999999840e-03 9.984150000000000524e-01 5.627000000000000057e-02 -1.217999999999999899e-03
5.000000000000000000e+00 9.100000000000000000e+01 7.600000000000000000e+01 0.000000000000000000e+00 1.600000000000000089e+00 1.144999999999999967e-03 1.179999999999999951e-04 9.999989999999999712e-01 3.041900000000000159e-01 -9.526109999999999856e-01 -2.359999999999999902e-04 9.526109999999999856e-01 3.041900000000000159e-01 -1.126000000000000048e-03
9.000000000000000000e+00 9.100000000000000000e+01 7.600000000000000000e+01 0.000000000000000000e+00 1.600000000000000089e+00 2.970000000000000092e-04 7.489999999999999913e-04 1.000000000000000000e+00 3.242269999999999874e-01 -9.459790000000000143e-01 6.130000000000000466e-04 9.459790000000000143e-01 3.242269999999999874e-01 -5.240000000000000517e-04
1.200000000000000000e+01 9.100000000000000000e+01 7.600000000000000000e+01 0.000000000000000000e+00 1.600000000000000089e+00 -7.990000000000000140e-04 -9.100000000000000287e-05 1.000000000000000000e+00 3.276209999999999956e-01 -9.448090000000000099e-01 1.759999999999999954e-04 9.448090000000000099e-01 3.276209999999999956e-01 7.839999999999999747e-04
1.600000000000000000e+01 9.100000000000000000e+01 7.600000000000000000e+01 0.000000000000000000e+00 1.600000000000000089e+00 2.860000000000000129e-04 7.550000000000000287e-04 1.000000000000000000e+00 3.174239999999999839e-01 -9.482840000000000158e-01 6.250000000000000130e-04 9.482840000000000158e-01 3.174239999999999839e-01 -5.109999999999999525e-04
