3.000000000000000000e+00 2.500000000000000000e+01 1.000000000000000000e+00 0.000000000000000000e+00 1.600000000000000089e+00 2.294000000000000032e-03 1.930000000000000075e-03 -9.999949999999999672e-01 -5.374349999999999961e-01 -8.433009999999999673e-01 -2.860999999999999828e-03 -8.433019999999999960e-01 5.374390000000000001e-01 -8.980000000000000352e-04
2.500000000000000000e+01 2.500000000000000000e+01 1.000000000000000000e+00 0.000000000000000000e+00 1.600000000000000089e+00 3.576999999999999885e-03 3.321000000000000167e-03 -9.999879999999999880e-01 -5.433320000000000372e-01 -8.395049999999999457e-01 -4.732000000000000095e-03 -8.395110000000000072e-01 5.433419999999999916e-01 -1.198000000000000063e-03
5.000000000000000000e+00 1.500000000000000000e+01 4.000000000000000000e+00 0.000000000000000000e+00 1.600000000000000089e+00 2.030000000000000012e-04 1.535000000000000080e-02 9.998820000000000485e-01 2.938640000000000141e-01 -9.557360000000000300e-01 1.461199999999999999e-02 9.558470000000000022e-01 2.938270000000000048e-01 -4.704999999999999981e-03
8.000000000000000000e+00 1.500000000000000000e+01 4.000000000000000000e+00 0.000000000000000000e+00 1.600000000000000089e+00 -1.579000000000000108e-03 1.398399999999999990e-02 9.999010000000000398e-01 2.933760000000000256e-01 -9.558969999999999967e-01 1.383200000000000054e-02 9.559959999999999569e-01 2.933680000000000176e-01 -2.592999999999999819e-03
2.100000000000000000e+01 1.500000000000000000e+01 4.000000000000000000e+00 0.000000000000000000e+00 1.600000000000000089e+00 -8.700000000000000051e-04 3.599000000000000202e-03 9.999930000000000208e-01 2.862569999999999837e-01 -9.581460000000000532e-01 3.697000000000000199e-03 9.581530000000000324e-01 2.862580000000000124e-01 -1.969999999999999909e-04
1.800000000000000000e+01 1.600000000000000000e+01 4.000000000000000000e+00 0.000000000000000000e+00 1.600000000000000089e+00 -5.045000000000000005e-03 -7.870000000000000476e-04 9.999869999999999592e-01 3.550949999999999940e-01 -9.348300000000000498e-01 1.056000000000000081e-03 9.348170000000000091e-01 3.550960000000000227e-01 4.995000000000000308e-03
2.300000000000000000e+01 1.600000000000000000e+01 4.000000000000000000e+00 0.000000000000000000e+00 1.600000000000000089e+00 -5.050000000000000235e-04 5.594000000000000014e-03 9.999839999999999840e-01 3.520710000000000228e-01 -9.359579999999999567e-01 5.414000000000000409e-03 9.359730000000000549e-01 3.520679999999999921e-01 -1.497000000000000067e-03
2.700000000000000000e+01 1.600000000000000000e+01 4.000000000000000000e+00 0.000000000000000000e+00 1.600000000000000089e+00 -2.083999999999999915e-03 3.261000000000000010e-03 9.999919999999999920e-01 3.550659999999999927e-01 -9.348340000000000538e-01 3.788000000000000134e-03 9.348389999999999755e-01 3.550710000000000255e-01 7.910000000000000364e-04
6.000000000000000000e+00 1.010000000000000000e+02 7.000000000000000000e+00 0.000000000000000000e+00 1.600000000000000089e+00 9.259999999999999568e-04 2.211999999999999991e-03 9.999970000000000248e-01 8.832550000000000123e-01 4.688899999999999735e-01 -1.856000000000000011e-03 -4.688919999999999755e-01 8.832539999999999836e-01 -1.520000000000000084e-03
1.200000000000000000e+01 1.010000000000000000e+02 7.000000000000000000e+00 0.000000000000000000e+00 1.600000000000000089e+00 -1.312999999999999931e-03 -1.765000000000000076e-03 9.999980000000000535e-01 8.834910000000000263e-01 4.684440000000000270e-01 1.985999999999999918e-03 -4.684470000000000023e-01 8.834910000000000263e-01 9.439999999999999607e-04
1.900000000000000000e+01 1.010000000000000000e+02 7.000000000000000000e+00 0.000000000000000000e+00 1.600000000000000089e+00 7.590000000000000175e-04 -8.040999999999999537e-03 9.999670000000000503e-01 8.874410000000000354e-01 4.609110000000000151e-01 3.033000000000000106e-03 -4.609199999999999964e-01 8.874100000000000321e-01 7.485000000000000334e-03
2.400000000000000000e+01 1.010000000000000000e+02 7.000000000000000000e+00 0.000000000000000000e+00 1.600000000000000089e+00 -8.360000000000000460e-04 7.433999999999999636e-03 9.999719999999999720e-01 8.881179999999999630e-01 4.596080000000000165e-01 -2.674000000000000161e-03 -4.596149999999999958e-01 8.880909999999999638e-01 -6.987000000000000155e-03
2.900000000000000000e+01 1.010000000000000000e+02 7.000000000000000000e+00 0.000000000000000000e+00 1.600000000000000089e+00 -3.827000000000000107e-03 -2.443999999999999992e-03 9.999900000000000455e-01 8.889580000000000259e-01 4.579659999999999842e-01 4.520999999999999845e-03 -4.579719999999999902e-01 8.889660000000000339e-01 4.200000000000000174e-04
6.000000000000000000e+00 1.500000000000000000e+01 8.000000000000000000e+00 0.000000000000000000e+00 1.600000000000000089e+00 4.647000000000000089e-03 1.373800000000000021e-02 -9.998949999999999783e-01 -5.904869999999999841e-01 -8.069279999999999786e-01 -1.383099999999999954e-02 -8.070330000000000004e-01 5.904899999999999594e-01 4.362999999999999691e-03
9.000000000000000000e+00 1.500000000000000000e+01 8.000000000000000000e+00 0.000000000000000000e+00 1.600000000000000089e+00 4.126999999999999592e-03 9.513000000000000622e-03 -9.999460000000000015e-01 -5.885789999999999633e-01 -8.083770000000000122e-01 -1.012000000000000052e-02 -8.084289999999999532e-01 5.885890000000000288e-01 2.262999999999999821e-03
1.500000000000000000e+01 1.500000000000000000e+01 8.000000000000000000e+00 0.000000000000000000e+00 1.600000000000000089e+00 2.912999999999999791e-03 -2.882000000000000013e-03 -9.999919999999999920e-01 -5.875240000000000462e-01 -8.092059999999999809e-01 6.210000000000000242e-04 -8.092009999999999481e-01 5.875169999999999559e-01 -4.050999999999999913e-03
2.100000000000000000e+01 1.500000000000000000e+01 8.000000000000000000e+00 0.000000000000000000e+00 1.600000000000000089e+00 2.583999999999999925e-03 7.147999999999999840e-03 -9.999710000000000543e-01 -5.839480000000000226e-01 -8.117579999999999796e-01 -7.310999999999999791e-03 -8.117870000000000363e-01 5.839499999999999691e-01 2.076999999999999853e-03
2.800000000000000000e+01 1.500000000000000000e+01 8.000000000000000000e+00 0.000000000000000000e+00 1.600000000000000089e+00 3.490000000000000047e-03 1.677000000000000105e-03 -9.999919999999999920e-01 -5.839100000000000401e-01 -8.118109999999999493e-01 -3.399000000000000112e-03 -8.118109999999999493e-01 5.839180000000000481e-01 -1.853999999999999962e-03
2.200000000000000000e+01 2.600000000000000000e+01 8.000000000000000000e+00 0.000000000000000000e+00 1.600000000000000089e+00 -3.833000000000000036e-03 -1.408599999999999956e-02 -9.998930000000000318e-01 4.076159999999999783e-01 9.130399999999999627e-01 -1.442500000000000032e-02 9.131449999999999845e-01 -4.076279999999999903e-01 2.242000000000000069e-03
2.600000000000000000e+01 2.600000000000000000e+01 8.000000000000000000e+00 0.000000000000000000e+00 1.600000000000000089e+00 -2.281000000000000041e-03 -7.662000000000000408e-03 -9.999679999999999680e-01 4.086839999999999917e-01 9.126410000000000355e-01 -7.924999999999999753e-03 9.126729999999999565e-01 -4.086890000000000245e-01 1.049999999999999935e-03
3.000000000000000000e+00 2.400000000000000000e+01 9.000000000000000000e+00 0.000000000000000000e+00 1.600000000000000089e+00 -2.860999999999999828e-03 -2.517000000000000140e-03 -9.999930000000000208e-01 4.598559999999999870e-01 8.879860000000000531e-01 -3.550999999999999903e-03 8.879890000000000283e-01 -4.598630000000000217e-01 -1.382999999999999898e-03
1.300000000000000000e+01 2.400000000000000000e+01 9.000000000000000000e+00 0.000000000000000000e+00 1.600000000000000089e+00 -1.641000000000000097e-03 1.090000000000000040e-03 -9.999980000000000535e-01 4.597550000000000248e-01 8.880460000000000020e-01 2.130000000000000003e-04 8.880439999999999445e-01 -4.597530000000000228e-01 -1.958000000000000105e-03
1.600000000000000000e+01 2.400000000000000000e+01 9.000000000000000000e+00 0.000000000000000000e+00 1.600000000000000089e+00 -2.217999999999999920e-03 -3.129999999999999970e-03 -9.999930000000000208e-01 4.594840000000000035e-01 8.881780000000000230e-01 -3.799999999999999992e-03 8.881829999999999448e-01 -4.594889999999999808e-01 -5.310000000000000050e-04
2.100000000000000000e+01 2.400000000000000000e+01 9.000000000000000000e+00 0.000000000000000000e+00 1.600000000000000089e+00 -4.176000000000000024e-03 -1.633000000000000076e-02 -9.998580000000000245e-01 4.590239999999999876e-01 8.882719999999999505e-01 -1.642499999999999863e-02 8.884140000000000370e-01 -4.590270000000000183e-01 3.787000000000000002e-03
2.800000000000000000e+01 2.400000000000000000e+01 9.000000000000000000e+00 0.000000000000000000e+00 1.600000000000000089e+00 -2.426000000000000205e-03 -6.740999999999999596e-03 -9.999740000000000295e-01 4.615070000000000006e-01 8.871080000000000076e-01 -7.100000000000000408e-03 8.871329999999999494e-01 -4.615130000000000066e-01 9.590000000000000000e-04
2.000000000000000000e+00 1.040000000000000000e+02 1.100000000000000000e+01 0.000000000000000000e+00 1.600000000000000089e+00 3.945999999999999855e-03 -7.642000000000000355e-03 9.999630000000000463e-01 -9.732610000000000428e-01 -2.296920000000000073e-01 2.086000000000000180e-03 2.296680000000000110e-01 -9.732330000000000148e-01 -8.344000000000000722e-03
2.500000000000000000e+01 3.100000000000000000e+01 1.200000000000000000e+01 0.000000000000000000e+00 1.600000000000000089e+00 -9.359999999999999831e-04 -1.701999999999999954e-03 9.999980000000000535e-01 -2.382099999999999843e-02 9.997150000000000203e-01 1.678999999999999937e-03 -9.997160000000000490e-01 -2.382000000000000089e-02 -9.759999999999999796e-04
1.800000000000000000e+01 3.200000000000000000e+01 1.400000000000000000e+01 0.000000000000000000e+00 1.600000000000000089e+00 -2.418000000000000010e-03 -4.886999999999999851e-03 -9.999850000000000128e-01 1.121739999999999959e-01 9.936749999999999750e-01 -5.126999999999999613e-03 9.936859999999999582e-01 -1.121840000000000059e-01 -1.855000000000000095e-03
7.000000000000000000e+00 1.200000000000000000e+01 1.500000000000000000e+01 0.000000000000000000e+00 1.600000000000000089e+00 1.918999999999999916e-03 2.262000000000000122e-03 -9.999959999999999960e-01 -4.674619999999999886e-01 -8.840080000000000160e-01 -2.896999999999999836e-03 -8.840109999999999912e-01 4.674659999999999926e-01 -6.390000000000000280e-04
1.500000000000000000e+01 1.200000000000000000e+01 1.500000000000000000e+01 0.000000000000000000e+00 1.600000000000000089e+00 2.950000000000000148e-04 -1.634999999999999952e-03 -9.999989999999999712e-01 -4.688610000000000277e-01 -8.832710000000000283e-01 1.304999999999999953e-03 -8.832719999999999461e-01 4.688599999999999990e-01 -1.026999999999999918e-03
1.900000000000000000e+01 1.200000000000000000e+01 1.500000000000000000e+01 0.000000000000000000e+00 1.600000000000000089e+00 3.559999999999999797e-04 -1.459999999999999981e-04 -1.000000000000000000e+00 -4.679220000000000046e-01 -8.837699999999999445e-01 -3.800000000000000209e-05 -8.837699999999999445e-01 4.679220000000000046e-01 -3.820000000000000153e-04
2.600000000000000000e+01 1.200000000000000000e+01 1.500000000000000000e+01 0.000000000000000000e+00 1.600000000000000089e+00 2.756000000000000203e-03 -2.939999999999999905e-04 -9.999959999999999960e-01 -4.671580000000000177e-01 -8.841729999999999867e-01 -1.026999999999999918e-03 -8.841689999999999827e-01 4.671589999999999909e-01 -2.573999999999999899e-03
2.900000000000000000e+01 1.200000000000000000e+01 1.500000000000000000e+01 0.000000000000000000e+00 1.600000000000000089e+00 3.380999999999999891e-03 2.837999999999999811e-03 -9.999900000000000455e-01 -4.667020000000000057e-01 -8.844049999999999967e-01 -4.087999999999999620e-03 -8.844079999999999719e-01 4.667109999999999870e-01 -1.665999999999999946e-03
1.500000000000000000e+01 1.100000000000000000e+01 1.600000000000000000e+01 0.000000000000000000e+00 1.600000000000000089e+00 -1.259999999999999998e-04 -3.460000000000000076e-04 -1.000000000000000000e+00 -4.212310000000000221e-01 -9.069530000000000092e-01 3.669999999999999760e-04 -9.069530000000000092e-01 4.212310000000000221e-01 -3.199999999999999855e-05
1.900000000000000000e+01 1.100000000000000000e+01 1.600000000000000000e+01 0.000000000000000000e+00 1.600000000000000089e+00 9.600000000000000243e-05 4.189999999999999931e-04 -1.000000000000000000e+00 -4.202779999999999849e-01 -9.073949999999999516e-01 -4.200000000000000174e-04 -9.073949999999999516e-01 4.202779999999999849e-01 8.899999999999999491e-05
2.200000000000000000e+01 1.100000000000000000e+01 1.600000000000000000e+01 0.000000000000000000e+00 1.600000000000000089e+00 1.642999999999999929e-03 -1.610000000000000103e-04 -9.999989999999999712e-01 -4.194330000000000003e-01 -9.077859999999999818e-01 -5.429999999999999714e-04 -9.077849999999999531e-01 4.194330000000000003e-01 -1.559000000000000056e-03
2.800000000000000000e+01 1.100000000000000000e+01 1.600000000000000000e+01 0.000000000000000000e+00 1.600000000000000089e+00 2.638000000000000154e-03 2.171000000000000187e-03 -9.999940000000000495e-01 -4.190989999999999993e-01 -9.079350000000000476e-01 -3.076999999999999874e-03 -9.079369999999999941e-01 4.191050000000000053e-01 -1.484999999999999992e-03
2.000000000000000000e+00 1.160000000000000000e+02 1.600000000000000000e+01 0.000000000000000000e+00 1.600000000000000089e+00 -6.790000000000000245e-04 -2.831000000000000183e-03 9.999959999999999960e-01 7.115479999999999583e-01 7.026339999999999808e-01 2.471999999999999805e-03 -7.026379999999999848e-01 7.115460000000000118e-01 1.536999999999999955e-03
7.000000000000000000e+00 1.160000000000000000e+02 1.600000000000000000e+01 0.000000000000000000e+00 1.600000000000000089e+00 5.039999999999999992e-04 -2.599999999999999772e-04 1.000000000000000000e+00 7.082920000000000327e-01 7.059189999999999632e-01 -1.730000000000000038e-04 -7.059189999999999632e-01 7.082920000000000327e-01 5.400000000000000069e-04
1.200000000000000000e+01 1.160000000000000000e+02 1.600000000000000000e+01 0.000000000000000000e+00 1.600000000000000089e+00 1.770000000000000089e-03 6.710000000000000469e-04 9.999980000000000535e-01 7.036299999999999777e-01 7.105650000000000022e-01 -1.722999999999999922e-03 -7.105650000000000022e-01 7.036320000000000352e-01 7.860000000000000233e-04
1.600000000000000000e+01 1.160000000000000000e+02 1.600000000000000000e+01 0.000000000000000000e+00 1.600000000000000089e+00 -1.716000000000000077e-03 -1.877999999999999895e-03 9.999970000000000248e-01 6.967820000000000125e-01 7.172789999999999999e-01 2.543000000000000121e-03 -7.172809999999999464e-01 6.967839999999999590e-01 7.700000000000000139e-05
2.500000000000000000e+01 1.160000000000000000e+02 1.600000000000000000e+01 0.000000000000000000e+00 1.600000000000000089e+00 1.095000000000000053e-03 1.431999999999999896e-03 9.999980000000000535e-01 7.351699999999999902e-01 6.778809999999999558e-01 -1.776000000000000018e-03 -6.778819999999999846e-01 7.351710000000000189e-01 -3.110000000000000243e-04
1.000000000000000000e+01 2.000000000000000000e+00 1.900000000000000000e+01 0.000000000000000000e+00 1.600000000000000089e+00 6.930000000000000396e-04 -4.976000000000000388e-03 -9.999869999999999592e-01 1.841170000000000029e-01 -9.828919999999999879e-01 5.017999999999999891e-03 -9.829039999999999999e-01 -1.841180000000000039e-01 2.349999999999999930e-04
1.400000000000000000e+01 2.000000000000000000e+00 1.900000000000000000e+01 0.000000000000000000e+00 1.600000000000000089e+00 -1.815999999999999906e-03 4.291999999999999808e-03 -9.999890000000000168e-01 1.798790000000000111e-01 -9.836780000000000523e-01 -4.547999999999999959e-03 -9.836869999999999781e-01 -1.798849999999999894e-01 1.013999999999999927e-03
1.800000000000000000e+01 2.000000000000000000e+00 1.900000000000000000e+01 0.000000000000000000e+00 1.600000000000000089e+00 -2.906000000000000163e-03 4.337999999999999842e-03 -9.999860000000000415e-01 1.735540000000000138e-01 -9.848130000000000495e-01 -4.776999999999999996e-03 -9.848200000000000287e-01 -1.735659999999999981e-01 2.109000000000000197e-03
2.400000000000000000e+01 2.000000000000000000e+00 1.900000000000000000e+01 0.000000000000000000e+00 1.600000000000000089e+00 -1.962999999999999901e-03 9.310999999999999832e-03 -9.999550000000000383e-01 1.750200000000000089e-01 -9.845190000000000330e-01 -9.509999999999999357e-03 -9.845629999999999660e-01 -1.750309999999999921e-01 3.029999999999999924e-04
2.900000000000000000e+01 2.000000000000000000e+00 1.900000000000000000e+01 0.000000000000000000e+00 1.600000000000000089e+00 -5.141999999999999869e-03 2.317299999999999915e-02 -9.997179999999999955e-01 1.805090000000000028e-01 -9.832870000000000221e-01 -2.372099999999999903e-02 -9.835599999999999898e-01 -1.805799999999999905e-01 8.739999999999999939e-04
1.300000000000000000e+01 4.000000000000000000e+00 2.000000000000000000e+01 0.000000000000000000e+00 1.600000000000000089e+00 -1.505000000000000044e-03 -2.759999999999999867e-04 -9.999989999999999712e-01 2.731669999999999932e-01 -9.619670000000000165e-01 -1.459999999999999981e-04 -9.619649999999999590e-01 -2.731669999999999932e-01 1.523000000000000048e-03
1.700000000000000000e+01 4.000000000000000000e+00 2.000000000000000000e+01 0.000000000000000000e+00 1.600000000000000089e+00 -2.952999999999999896e-03 4.645999999999999956e-03 -9.999850000000000128e-01 2.615410000000000235e-01 -9.651779999999999804e-01 -5.256000000000000255e-03 -9.651880000000000459e-01 -2.615520000000000067e-01 1.634999999999999952e-03
2.100000000000000000e+01 4.000000000000000000e+00 2.000000000000000000e+01 0.000000000000000000e+00 1.600000000000000089e+00 5.349999999999999938e-04 1.679999999999999907e-04 -1.000000000000000000e+00 2.533929999999999794e-01 -9.673629999999999729e-01 -2.699999999999999899e-05 -9.673629999999999729e-01 -2.533929999999999794e-01 -5.599999999999999509e-04
7.000000000000000000e+00 1.300000000000000000e+01 2.000000000000000000e+01 0.000000000000000000e+00 1.600000000000000089e+00 6.909999999999999910e-04 2.030000000000000012e-04 1.000000000000000000e+00 2.571660000000000057e-01 9.663669999999999760e-01 -3.739999999999999835e-04 -9.663669999999999760e-01 2.571660000000000057e-01 6.149999999999999868e-04
1.100000000000000000e+01 1.300000000000000000e+01 2.000000000000000000e+01 0.000000000000000000e+00 1.600000000000000089e+00 8.329999999999999731e-04 1.279999999999999942e-04 1.000000000000000000e+00 2.544790000000000108e-01 9.670779999999999932e-01 -3.359999999999999814e-04 -9.670779999999999932e-01 2.544799999999999840e-01 7.730000000000000326e-04
1.400000000000000000e+01 1.300000000000000000e+01 2.000000000000000000e+01 0.000000000000000000e+00 1.600000000000000089e+00 -2.400000000000000061e-05 -1.255000000000000039e-03 9.999989999999999712e-01 2.524609999999999910e-01 9.676059999999999661e-01 1.219999999999999947e-03 -9.676069999999999949e-01 2.524609999999999910e-01 2.930000000000000204e-04
1.800000000000000000e+01 1.300000000000000000e+01 2.000000000000000000e+01 0.000000000000000000e+00 1.600000000000000089e+00 -2.039999999999999984e-04 -1.835999999999999958e-03 9.999980000000000535e-01 2.531120000000000037e-01 9.674350000000000449e-01 1.827999999999999981e-03 -9.674369999999999914e-01 2.531120000000000037e-01 2.680000000000000090e-04
2.200000000000000000e+01 1.300000000000000000e+01 2.000000000000000000e+01 0.000000000000000000e+00 1.600000000000000089e+00 -2.849999999999999886e-04 -3.116999999999999979e-03 9.999949999999999672e-01 2.536849999999999938e-01 9.672819999999999752e-01 3.086999999999999900e-03 -9.672870000000000079e-01 2.536849999999999938e-01 5.150000000000000498e-04
2.700000000000000000e+01 1.300000000000000000e+01 2.000000000000000000e+01 0.000000000000000000e+00 1.600000000000000089e+00 1.399999999999999979e-05 -5.398000000000000020e-03 9.999850000000000128e-01 2.509709999999999996e-01 9.679799999999999516e-01 5.222000000000000079e-03 -9.679950000000000498e-01 2.509680000000000244e-01 1.368000000000000075e-03
4.000000000000000000e+00 1.600000000000000000e+01 2.100000000000000000e+01 0.000000000000000000e+00 1.600000000000000089e+00 -4.440000000000000045e-04 -8.859999999999999603e-04 1.000000000000000000e+00 2.970010000000000150e-01 9.548769999999999758e-01 9.770000000000000039e-04 -9.548769999999999758e-01 2.970010000000000150e-01 -1.610000000000000103e-04
1.000000000000000000e+01 1.600000000000000000e+01 2.100000000000000000e+01 0.000000000000000000e+00 1.600000000000000089e+00 5.379999999999999583e-04 4.472000000000000280e-03 9.999900000000000455e-01 2.987319999999999975e-01 9.543270000000000364e-01 -4.428999999999999777e-03 -9.543369999999999909e-01 2.987310000000000243e-01 -8.220000000000000310e-04
1.900000000000000000e+01 1.600000000000000000e+01 2.100000000000000000e+01 0.000000000000000000e+00 1.600000000000000089e+00 4.229999999999999819e-04 6.629999999999999609e-04 1.000000000000000000e+00 3.003520000000000079e-01 9.538280000000000092e-01 -7.590000000000000175e-04 -9.538280000000000092e-01 3.003529999999999811e-01 2.049999999999999956e-04
2.500000000000000000e+01 1.600000000000000000e+01 2.100000000000000000e+01 0.000000000000000000e+00 1.600000000000000089e+00 -4.040000000000000080e-04 -3.716999999999999818e-03 9.999930000000000208e-01 2.991010000000000058e-01 9.542140000000000066e-01 3.667999999999999820e-03 -9.542209999999999859e-01 2.991010000000000058e-01 7.259999999999999743e-04
2.800000000000000000e+01 1.600000000000000000e+01 2.100000000000000000e+01 0.000000000000000000e+00 1.600000000000000089e+00 3.600000000000000091e-05 -7.686000000000000124e-03 9.999700000000000255e-01 2.992670000000000052e-01 9.541410000000000169e-01 7.322999999999999649e-03 -9.541699999999999626e-01 2.992569999999999952e-01 2.334000000000000137e-03
3.000000000000000000e+01 5.000000000000000000e+01 2.200000000000000000e+01 0.000000000000000000e+00 1.600000000000000089e+00 -1.479000000000000063e-03 1.939999999999999993e-04 -9.999989999999999712e-01 -5.812310000000000532e-01 8.137379999999999614e-01 1.018000000000000025e-03 8.137379999999999614e-01 5.812310000000000532e-01 -1.090999999999999956e-03
1.000000000000000000e+01 3.000000000000000000e+00 2.500000000000000000e+01 0.000000000000000000e+00 1.600000000000000089e+00 -2.039999999999999984e-04 1.463000000000000108e-03 9.999989999999999712e-01 -2.563500000000000154e-02 -9.996699999999999475e-01 1.456999999999999962e-03 9.996709999999999763e-01 -2.563500000000000154e-02 2.410000000000000033e-04
1.300000000000000000e+01 3.000000000000000000e+00 2.500000000000000000e+01 0.000000000000000000e+00 1.600000000000000089e+00 1.711999999999999980e-03 5.998999999999999992e-03 9.999810000000000088e-01 -2.154500000000000165e-02 -9.997500000000000275e-01 6.035000000000000434e-03 9.997660000000000435e-01 -2.155500000000000124e-02 -1.582999999999999989e-03
7.000000000000000000e+00 4.600000000000000000e+01 2.700000000000000000e+01 0.000000000000000000e+00 1.600000000000000089e+00 -5.280000000000000405e-04 2.079999999999999872e-04 -1.000000000000000000e+00 6.649540000000000450e-01 7.468850000000000211e-01 -1.959999999999999937e-04 7.468839999999999923e-01 -6.649540000000000450e-01 -5.330000000000000536e-04
1.200000000000000000e+01 4.600000000000000000e+01 2.700000000000000000e+01 0.000000000000000000e+00 1.600000000000000089e+00 1.804000000000000048e-03 3.020000000000000223e-04 -9.999980000000000535e-01 6.631359999999999477e-01 7.484969999999999679e-01 1.423000000000000003e-03 7.484960000000000502e-01 -6.631380000000000052e-01 1.149999999999999981e-03
2.000000000000000000e+01 4.600000000000000000e+01 2.700000000000000000e+01 0.000000000000000000e+00 1.600000000000000089e+00 -1.413999999999999892e-03 -2.709999999999999735e-04 -9.999989999999999712e-01 6.632890000000000175e-01 7.483619999999999717e-01 -1.141000000000000087e-03 7.483619999999999717e-01 -6.632900000000000462e-01 -8.779999999999999827e-04
2.600000000000000000e+01 4.600000000000000000e+01 2.700000000000000000e+01 0.000000000000000000e+00 1.600000000000000089e+00 1.549999999999999946e-03 -1.559999999999999972e-04 -9.999989999999999712e-01 6.576539999999999608e-01 7.533189999999999609e-01 9.020000000000000240e-04 7.533180000000000431e-01 -6.576549999999999896e-01 1.270000000000000078e-03
3.000000000000000000e+01 4.600000000000000000e+01 2.700000000000000000e+01 0.000000000000000000e+00 1.600000000000000089e+00 -1.500999999999999947e-03 2.640000000000000202e-04 -9.999989999999999712e-01 6.579019999999999868e-01 7.531029999999999669e-01 -7.889999999999999878e-04 7.531020000000000492e-01 -6.579019999999999868e-01 -1.304000000000000038e-03
3.000000000000000000e+00 4.600000000000000000e+01 3.000000000000000000e+01 0.000000000000000000e+00 1.600000000000000089e+00 -9.970000000000000563e-04 -2.429999999999999977e-04 -9.999989999999999712e-01 3.251260000000000261e-01 9.456700000000000106e-01 -5.529999999999999976e-04 9.456700000000000106e-01 -3.251269999999999993e-01 -8.639999999999999677e-04
6.000000000000000000e+00 5.800000000000000000e+01 3.100000000000000000e+01 0.000000000000000000e+00 1.600000000000000089e+00 3.919999999999999873e-04 -4.449999999999999963e-03 9.999900000000000455e-01 -7.903780000000000250e-01 -6.126150000000000206e-01 -2.416999999999999878e-03 6.126200000000000534e-01 -7.903689999999999882e-01 -3.756999999999999923e-03
1.300000000000000000e+01 5.800000000000000000e+01 3.100000000000000000e+01 0.000000000000000000e+00 1.600000000000000089e+00 6.774999999999999772e-03 1.136999999999999990e-03 9.999759999999999760e-01 -7.841730000000000089e-01 -6.205129999999999812e-01 6.019000000000000045e-03 6.205060000000000020e-01 -7.841949999999999754e-01 -3.311999999999999840e-03
2.100000000000000000e+01 5.800000000000000000e+01 3.100000000000000000e+01 0.000000000000000000e+00 1.600000000000000089e+00 1.554999999999999959e-03 3.353000000000000078e-03 9.999930000000000208e-01 -7.760629999999999473e-01 -6.306469999999999576e-01 3.321999999999999866e-03 6.306540000000000479e-01 -7.760629999999999473e-01 1.621999999999999961e-03
2.600000000000000000e+01 5.800000000000000000e+01 3.100000000000000000e+01 0.000000000000000000e+00 1.600000000000000089e+00 2.559000000000000077e-03 4.708000000000000379e-03 9.999860000000000415e-01 -7.684999999999999609e-01 -6.398310000000000386e-01 4.978999999999999919e-03 6.398449999999999971e-01 -7.685020000000000184e-01 1.981000000000000122e-03
1.300000000000000000e+01 6.000000000000000000e+00 3.200000000000000000e+01 0.000000000000000000e+00 1.600000000000000089e+00 -2.779999999999999811e-04 -5.512999999999999672e-03 -9.999850000000000128e-01 1.547169999999999934e-01 9.879440000000000444e-01 -5.490000000000000088e-03 9.879590000000000316e-01 -1.547159999999999924e-01 5.789999999999999791e-04
2.000000000000000000e+00 4.600000000000000000e+01 3.500000000000000000e+01 0.000000000000000000e+00 1.600000000000000089e+00 5.640000000000000482e-04 1.869999999999999917e-03 -9.999980000000000535e-01 3.813559999999999728e-01 -9.244269999999999987e-01 -1.513999999999999938e-03 -9.244280000000000275e-01 -3.813540000000000263e-01 -1.234999999999999987e-03
7.000000000000000000e+00 4.600000000000000000e+01 3.500000000000000000e+01 0.000000000000000000e+00 1.600000000000000089e+00 -1.371999999999999956e-03 4.738000000000000024e-03 -9.999879999999999880e-01 3.836479999999999890e-01 -9.234660000000000091e-01 -4.902000000000000107e-03 -9.234780000000000211e-01 -3.836499999999999910e-01 -5.509999999999999490e-04
1.100000000000000000e+01 4.600000000000000000e+01 3.500000000000000000e+01 0.000000000000000000e+00 1.600000000000000089e+00 1.242999999999999964e-03 3.789999999999999966e-04 -9.999989999999999712e-01 3.857349999999999945e-01 -9.226100000000000412e-01 1.299999999999999886e-04 -9.226090000000000124e-01 -3.857349999999999945e-01 -1.293000000000000095e-03
1.400000000000000000e+01 4.600000000000000000e+01 3.500000000000000000e+01 0.000000000000000000e+00 1.600000000000000089e+00 -9.089999999999999773e-04 -2.282999999999999873e-03 -9.999970000000000248e-01 3.863929999999999865e-01 -9.223329999999999584e-01 1.755000000000000050e-03 -9.223339999999999872e-01 -3.863900000000000112e-01 1.719999999999999958e-03
1.800000000000000000e+01 4.600000000000000000e+01 3.500000000000000000e+01 0.000000000000000000e+00 1.600000000000000089e+00 -1.534999999999999906e-03 2.990000000000000036e-04 -9.999989999999999712e-01 3.858539999999999748e-01 -9.225590000000000179e-01 -8.679999999999999565e-04 -9.225579999999999892e-01 -3.858550000000000035e-01 1.301000000000000073e-03
2.400000000000000000e+01 4.600000000000000000e+01 3.500000000000000000e+01 0.000000000000000000e+00 1.600000000000000089e+00 4.679999999999999915e-04 -4.021000000000000268e-03 -9.999919999999999920e-01 3.865839999999999832e-01 -9.222460000000000102e-01 3.889000000000000096e-03 -9.222540000000000182e-01 -3.865819999999999812e-01 1.123000000000000083e-03
2.700000000000000000e+01 4.600000000000000000e+01 3.500000000000000000e+01 0.000000000000000000e+00 1.600000000000000089e+00 5.339999999999999695e-04 -3.827000000000000107e-03 -9.999930000000000208e-01 3.860029999999999850e-01 -9.224900000000000322e-01 3.736000000000000171e-03 -9.224970000000000114e-01 -3.860020000000000118e-01 9.849999999999999815e-04
2.000000000000000000e+00 9.500000000000000000e+01 3.600000000000000000e+01 0.000000000000000000e+00 1.600000000000000089e+00 -1.206999999999999957e-03 1.058899999999999945e-02 9.999430000000000263e-01 9.957219999999999960e-01 9.240400000000000003e-02 2.239999999999999966e-04 -9.239600000000000590e-02 9.956650000000000222e-01 -1.065600000000000054e-02
6.000000000000000000e+00 9.500000000000000000e+01 3.600000000000000000e+01 0.000000000000000000e+00 1.600000000000000089e+00 -8.649999999999999920e-04 -4.409999999999999858e-04 1.000000000000000000e+00 9.959729999999999972e-01 8.964900000000000646e-02 9.009999999999999997e-04 -8.964900000000000646e-02 9.959729999999999972e-01 3.620000000000000171e-04
1.200000000000000000e+01 9.500000000000000000e+01 3.600000000000000000e+01 0.000000000000000000e+00 1.600000000000000089e+00 1.268999999999999946e-03 1.896000000000000116e-02 9.998190000000000133e-01 9.966110000000000246e-01 8.220600000000000129e-02 -2.824000000000000121e-03 -8.224399999999999766e-02 9.964349999999999596e-01 -1.879099999999999868e-02
1.800000000000000000e+01 9.500000000000000000e+01 3.600000000000000000e+01 0.000000000000000000e+00 1.600000000000000089e+00 3.996000000000000420e-03 -5.296000000000000360e-03 9.999780000000000335e-01 9.970630000000000326e-01 7.650700000000000556e-02 -3.579000000000000150e-03 -7.648599999999999843e-02 9.970550000000000246e-01 5.585999999999999820e-03
2.700000000000000000e+01 9.500000000000000000e+01 3.600000000000000000e+01 0.000000000000000000e+00 1.600000000000000089e+00 1.090000000000000067e-04 8.144999999999999463e-03 9.999670000000000503e-01 9.964990000000000236e-01 8.360199999999999576e-02 -7.900000000000000121e-04 -8.360499999999999876e-02 9.964659999999999629e-01 -8.106999999999999623e-03
1.000000000000000000e+01 3.000000000000000000e+00 4.300000000000000000e+01 0.000000000000000000e+00 1.600000000000000089e+00 2.900000000000000017e-04 2.286900000000000044e-02 -9.997380000000000155e-01 7.424770000000000536e-01 -6.697009999999999907e-01 -1.510399999999999937e-02 -6.698709999999999942e-01 -7.422790000000000221e-01 -1.717399999999999829e-02
1.800000000000000000e+01 3.000000000000000000e+00 4.300000000000000000e+01 0.000000000000000000e+00 1.600000000000000089e+00 8.100000000000000375e-05 1.417700000000000037e-02 -9.999000000000000110e-01 7.397049999999999459e-01 -6.728650000000000464e-01 -9.480000000000000579e-03 -6.729319999999999746e-01 -7.396300000000000097e-01 -1.054199999999999929e-02
3.000000000000000000e+00 8.000000000000000000e+00 4.400000000000000000e+01 0.000000000000000000e+00 1.600000000000000089e+00 1.404999999999999999e-03 1.355000000000000085e-03 9.999980000000000535e-01 -7.673010000000000108e-01 -6.412839999999999652e-01 1.946999999999999946e-03 6.412849999999999939e-01 -7.673029999999999573e-01 1.379999999999999933e-04
7.000000000000000000e+00 8.000000000000000000e+00 4.400000000000000000e+01 0.000000000000000000e+00 1.600000000000000089e+00 3.642999999999999971e-03 5.689999999999999745e-03 9.999770000000000048e-01 -7.694189999999999641e-01 -6.387119999999999465e-01 6.438000000000000146e-03 6.387340000000000240e-01 -7.694250000000000256e-01 2.050999999999999872e-03
1.500000000000000000e+01 8.000000000000000000e+00 4.400000000000000000e+01 0.000000000000000000e+00 1.600000000000000089e+00 4.275000000000000154e-03 1.484700000000000082e-02 9.998810000000000198e-01 -7.747939999999999827e-01 -6.320869999999999544e-01 1.269799999999999922e-02 6.321999999999999842e-01 -7.747549999999999715e-01 8.800999999999999795e-03
2.200000000000000000e+01 8.000000000000000000e+00 4.400000000000000000e+01 0.000000000000000000e+00 1.600000000000000089e+00 3.499999999999999964e-04 5.655000000000000304e-03 9.999839999999999840e-01 -7.793379999999999752e-01 -6.265920000000000378e-01 3.815999999999999948e-03 6.266040000000000498e-01 -7.793269999999999920e-01 4.187999999999999882e-03
2.900000000000000000e+01 8.000000000000000000e+00 4.400000000000000000e+01 0.000000000000000000e+00 1.600000000000000089e+00 -8.170000000000000179e-04 -9.489999999999999738e-04 9.999989999999999712e-01 -7.811550000000000438e-01 -6.243360000000000021e-01 -1.231000000000000106e-03 6.243370000000000308e-01 -7.811550000000000438e-01 -2.310000000000000042e-04
6.000000000000000000e+00 2.900000000000000000e+01 4.400000000000000000e+01 0.000000000000000000e+00 1.600000000000000089e+00 1.991000000000000148e-03 -5.539999999999999786e-03 -9.999829999999999552e-01 6.717020000000000213e-01 7.408169999999999478e-01 -2.766999999999999928e-03 7.408190000000000053e-01 -6.716849999999999765e-01 5.196000000000000098e-03
9.000000000000000000e+00 2.900000000000000000e+01 4.400000000000000000e+01 0.000000000000000000e+00 1.600000000000000089e+00 1.064999999999999974e-03 -1.018000000000000025e-03 -9.999989999999999712e-01 6.781319999999999570e-01 7.349400000000000377e-01 -2.599999999999999840e-05 7.349390000000000089e-01 -6.781310000000000393e-01 1.472999999999999917e-03
1.400000000000000000e+01 2.900000000000000000e+01 4.400000000000000000e+01 0.000000000000000000e+00 1.600000000000000089e+00 -1.860000000000000108e-03 4.192999999999999679e-03 -9.999900000000000455e-01 6.763719999999999732e-01 7.365580000000000460e-01 1.830000000000000029e-03 7.365580000000000460e-01 -6.763620000000000188e-01 -4.205999999999999669e-03
2.200000000000000000e+01 2.900000000000000000e+01 4.400000000000000000e+01 0.000000000000000000e+00 1.600000000000000089e+00 -4.099999999999999912e-04 2.514999999999999875e-03 -9.999970000000000248e-01 6.742369999999999752e-01 7.385140000000000038e-01 1.580999999999999940e-03 7.385150000000000325e-01 -6.742340000000000000e-01 -1.998999999999999909e-03
2.700000000000000000e+01 2.900000000000000000e+01 4.400000000000000000e+01 0.000000000000000000e+00 1.600000000000000089e+00 -8.459999999999999638e-04 1.920000000000000049e-03 -9.999980000000000535e-01 6.687419999999999476e-01 7.434939999999999882e-01 8.620000000000000275e-04 7.434939999999999882e-01 -6.687400000000000011e-01 -1.912999999999999987e-03
2.700000000000000000e+01 5.400000000000000000e+01 4.600000000000000000e+01 0.000000000000000000e+00 1.600000000000000089e+00 -1.672000000000000092e-03 2.400000000000000061e-05 9.999989999999999712e-01 3.286769999999999969e-01 -9.444420000000000037e-01 5.720000000000000258e-04 9.444409999999999750e-01 3.286769999999999969e-01 1.570999999999999914e-03
1.300000000000000000e+01 6.500000000000000000e+01 4.600000000000000000e+01 0.000000000000000000e+00 1.600000000000000089e+00 1.595999999999999979e-03 -9.269999999999999811e-04 9.999980000000000535e-01 6.809089999999999865e-01 -7.323659999999999615e-01 -1.765000000000000076e-03 7.323659999999999615e-01 6.809110000000000440e-01 -5.379999999999999583e-04
1.300000000000000000e+01 6.000000000000000000e+00 5.100000000000000000e+01 0.000000000000000000e+00 1.600000000000000089e+00 3.082000000000000104e-03 7.304999999999999861e-03 -9.999689999999999968e-01 3.257220000000000115e-01 -9.454470000000000374e-01 -5.903000000000000261e-03 -9.454609999999999959e-01 -3.256930000000000103e-01 -5.292999999999999962e-03
1.700000000000000000e+01 6.000000000000000000e+00 5.100000000000000000e+01 0.000000000000000000e+00 1.600000000000000089e+00 4.990999999999999777e-03 8.063000000000000722e-03 -9.999550000000000383e-01 3.235089999999999910e-01 -9.462059999999999915e-01 -6.015000000000000381e-03 -9.462120000000000530e-01 -3.234639999999999738e-01 -7.330999999999999843e-03
8.000000000000000000e+00 7.000000000000000000e+00 5.200000000000000000e+01 0.000000000000000000e+00 1.600000000000000089e+00 7.770000000000000214e-04 -2.353000000000000057e-03 -9.999970000000000248e-01 1.182340000000000058e-01 -9.929829999999999490e-01 2.429000000000000169e-03 -9.929850000000000065e-01 -1.182359999999999939e-01 -4.939999999999999730e-04
1.300000000000000000e+01 7.000000000000000000e+00 5.200000000000000000e+01 0.000000000000000000e+00 1.600000000000000089e+00 4.458000000000000157e-03 5.955000000000000224e-03 -9.999719999999999720e-01 1.181880000000000014e-01 -9.929769999999999985e-01 -5.387000000000000295e-03 -9.929810000000000025e-01 -1.181610000000000021e-01 -5.131000000000000144e-03
2.000000000000000000e+00 6.300000000000000000e+01 5.400000000000000000e+01 0.000000000000000000e+00 1.600000000000000089e+00 8.639999999999999677e-04 -3.229999999999999907e-04 1.000000000000000000e+00 -3.597239999999999882e-01 9.330589999999999717e-01 6.120000000000000223e-04 -9.330580000000000540e-01 -3.597239999999999882e-01 6.890000000000000508e-04
6.000000000000000000e+00 6.300000000000000000e+01 5.400000000000000000e+01 0.000000000000000000e+00 1.600000000000000089e+00 8.600000000000000331e-05 -5.700000000000000314e-05 1.000000000000000000e+00 -3.606090000000000129e-01 9.327170000000000183e-01 8.500000000000000611e-05 -9.327170000000000183e-01 -3.606090000000000129e-01 6.000000000000000152e-05
9.000000000000000000e+00 6.300000000000000000e+01 5.400000000000000000e+01 0.000000000000000000e+00 1.600000000000000089e+00 -1.265000000000000065e-03 -1.100999999999999982e-03 9.999989999999999712e-01 -3.574879999999999725e-01 9.339180000000000259e-01 5.760000000000000146e-04 -9.339169999999999972e-01 -3.574860000000000260e-01 -1.575000000000000011e-03
1.600000000000000000e+01 6.300000000000000000e+01 5.400000000000000000e+01 0.000000000000000000e+00 1.600000000000000089e+00 -2.599999999999999840e-05 6.790000000000000245e-04 1.000000000000000000e+00 -3.523450000000000193e-01 9.358699999999999797e-01 -6.449999999999999570e-04 -9.358699999999999797e-01 -3.523450000000000193e-01 2.149999999999999947e-04
2.000000000000000000e+01 6.300000000000000000e+01 5.400000000000000000e+01 0.000000000000000000e+00 1.600000000000000089e+00 -2.420000000000000005e-04 1.046999999999999971e-03 9.999989999999999712e-01 -3.482660000000000200e-01 9.373949999999999783e-01 -1.064999999999999974e-03 -9.373960000000000070e-01 -3.482660000000000200e-01 1.379999999999999933e-04
2.500000000000000000e+01 6.300000000000000000e+01 5.400000000000000000e+01 0.000000000000000000e+00 1.600000000000000089e+00 -1.789999999999999870e-04 1.458000000000000095e-03 9.999989999999999712e-01 -3.542810000000000126e-01 9.351380000000000248e-01 -1.427000000000000100e-03 -9.351390000000000535e-01 -3.542799999999999838e-01 3.490000000000000263e-04
1.000000000000000000e+01 2.500000000000000000e+01 5.500000000000000000e+01 0.000000000000000000e+00 1.600000000000000089e+00 1.219999999999999947e-03 -1.907999999999999974e-03 -9.999970000000000248e-01 -1.181500000000000085e-02 -9.999280000000000390e-01 1.894000000000000067e-03 -9.999289999999999567e-01 1.181300000000000058e-02 -1.242999999999999964e-03
