6.000000000000000000e+00 2.500000000000000000e+01 1.000000000000000000e+00 0.000000000000000000e+00 1.600000000000000089e+00 1.007000000000000083e-03 -9.730000000000000151e-04 -9.999989999999999712e-01 -5.271679999999999700e-01 -8.497609999999999886e-01 2.959999999999999849e-04 -8.497609999999999886e-01 5.271670000000000522e-01 -1.368999999999999991e-03
2.500000000000000000e+01 2.500000000000000000e+01 1.000000000000000000e+00 0.000000000000000000e+00 1.600000000000000089e+00 9.110000000000000259e-04 -9.459999999999999659e-03 -9.999550000000000383e-01 -5.266260000000000385e-01 -8.500640000000000418e-01 7.562000000000000145e-03 -8.500969999999999915e-01 5.265950000000000353e-01 -5.756999999999999965e-03
7.000000000000000000e+00 1.500000000000000000e+01 4.000000000000000000e+00 0.000000000000000000e+00 1.600000000000000089e+00 6.650000000000000095e-04 1.959999999999999937e-04 1.000000000000000000e+00 3.284279999999999977e-01 -9.445289999999999520e-01 -3.300000000000000253e-05 9.445289999999999520e-01 3.284279999999999977e-01 -6.920000000000000153e-04
1.000000000000000000e+01 1.500000000000000000e+01 4.000000000000000000e+00 0.000000000000000000e+00 1.600000000000000089e+00 -6.319999999999999663e-04 3.429000000000000190e-03 9.999940000000000495e-01 3.286180000000000212e-01 -9.444569999999999910e-01 3.445999999999999844e-03 9.444630000000000525e-01 3.286180000000000212e-01 -5.299999999999999807e-04
1.600000000000000000e+01 1.500000000000000000e+01 4.000000000000000000e+00 0.000000000000000000e+00 1.600000000000000089e+00 -8.520000000000000013e-04 4.939999999999999730e-04 1.000000000000000000e+00 3.234870000000000245e-01 -9.462319999999999620e-01 7.429999999999999539e-04 9.462319999999999620e-01 3.234879999999999978e-01 6.470000000000000057e-04
2.100000000000000000e+01 1.500000000000000000e+01 4.000000000000000000e+00 0.000000000000000000e+00 1.600000000000000089e+00 -2.020000000000000040e-04 4.759000000000000209e-03 9.999890000000000168e-01 3.231370000000000076e-01 -9.463409999999999878e-01 4.569000000000000145e-03 9.463519999999999710e-01 3.231350000000000056e-01 -1.347000000000000107e-03
2.800000000000000000e+01 1.500000000000000000e+01 4.000000000000000000e+00 0.000000000000000000e+00 1.600000000000000089e+00 3.233999999999999896e-03 1.391099999999999975e-02 9.998979999999999535e-01 3.220560000000000089e-01 -9.466430000000000122e-01 1.212799999999999989e-02 9.467149999999999732e-01 3.219839999999999924e-01 -7.540999999999999960e-03
3.000000000000000000e+00 1.010000000000000000e+02 7.000000000000000000e+00 0.000000000000000000e+00 1.600000000000000089e+00 2.437299999999999883e-02 -6.299499999999999544e-02 9.977160000000000473e-01 8.826810000000000489e-01 4.699030000000000151e-01 8.106999999999999623e-03 -4.693399999999999794e-01 8.804669999999999996e-01 6.705800000000000649e-02
1.900000000000000000e+01 1.010000000000000000e+02 7.000000000000000000e+00 0.000000000000000000e+00 1.600000000000000089e+00 1.722999999999999922e-03 -8.260000000000000198e-04 9.999980000000000535e-01 8.858070000000000110e-01 4.640529999999999933e-01 -1.142999999999999919e-03 -4.640509999999999913e-01 8.858070000000000110e-01 1.531000000000000026e-03
2.300000000000000000e+01 1.010000000000000000e+02 7.000000000000000000e+00 0.000000000000000000e+00 1.600000000000000089e+00 5.579999999999999891e-03 -1.587099999999999969e-02 9.998580000000000245e-01 8.907789999999999875e-01 4.544309999999999738e-01 2.242000000000000069e-03 -4.544019999999999726e-01 8.906410000000000160e-01 1.667400000000000132e-02
2.700000000000000000e+01 1.010000000000000000e+02 7.000000000000000000e+00 0.000000000000000000e+00 1.600000000000000089e+00 -1.740000000000000010e-04 8.193000000000000629e-03 9.999660000000000215e-01 8.917969999999999509e-01 4.524219999999999908e-01 -3.552000000000000036e-03 -4.524360000000000048e-01 8.917659999999999476e-01 -7.385000000000000071e-03
2.000000000000000000e+00 2.500000000000000000e+01 8.000000000000000000e+00 0.000000000000000000e+00 1.600000000000000089e+00 -4.510000000000000120e-04 4.899999999999999842e-04 -1.000000000000000000e+00 4.535850000000000160e-01 8.912130000000000329e-01 2.320000000000000014e-04 8.912130000000000329e-01 -4.535850000000000160e-01 -6.239999999999999887e-04
5.000000000000000000e+00 2.500000000000000000e+01 8.000000000000000000e+00 0.000000000000000000e+00 1.600000000000000089e+00 -5.349999999999999938e-04 -3.004000000000000160e-03 -9.999949999999999672e-01 4.531319999999999792e-01 8.914389999999999814e-01 -2.919999999999999853e-03 8.914429999999999854e-01 -4.531310000000000060e-01 8.840000000000000201e-04
1.400000000000000000e+01 2.500000000000000000e+01 8.000000000000000000e+00 0.000000000000000000e+00 1.600000000000000089e+00 -2.072000000000000057e-03 4.493999999999999731e-03 -9.999879999999999880e-01 4.517149999999999777e-01 8.921569999999999778e-01 3.073999999999999910e-03 8.921599999999999531e-01 -4.517030000000000212e-01 -3.877999999999999937e-03
1.800000000000000000e+01 2.500000000000000000e+01 8.000000000000000000e+00 0.000000000000000000e+00 1.600000000000000089e+00 -2.942000000000000171e-03 2.452000000000000186e-03 -9.999930000000000208e-01 4.490430000000000255e-01 8.935100000000000264e-01 8.700000000000000051e-04 8.935049999999999937e-01 -4.490370000000000195e-01 -3.729999999999999809e-03
2.200000000000000000e+01 2.500000000000000000e+01 8.000000000000000000e+00 0.000000000000000000e+00 1.600000000000000089e+00 -1.449999999999999900e-03 -4.668000000000000274e-03 -9.999879999999999880e-01 4.484500000000000153e-01 8.937950000000000061e-01 -4.821999999999999897e-03 8.938070000000000181e-01 -4.484509999999999885e-01 7.979999999999999897e-04
2.900000000000000000e+01 2.500000000000000000e+01 8.000000000000000000e+00 0.000000000000000000e+00 1.600000000000000089e+00 -2.113999999999999994e-03 -3.217999999999999940e-03 -9.999930000000000208e-01 4.507200000000000095e-01 8.926570000000000338e-01 -3.825999999999999974e-03 8.926629999999999843e-01 -4.507249999999999868e-01 -4.360000000000000269e-04
2.000000000000000000e+00 2.400000000000000000e+01 9.000000000000000000e+00 0.000000000000000000e+00 1.600000000000000089e+00 -3.800000000000000209e-04 1.513000000000000022e-03 -9.999989999999999712e-01 4.553059999999999885e-01 8.903339999999999588e-01 1.173999999999999913e-03 8.903349999999999875e-01 -4.553050000000000153e-01 -1.026999999999999918e-03
6.000000000000000000e+00 2.400000000000000000e+01 9.000000000000000000e+00 0.000000000000000000e+00 1.600000000000000089e+00 -6.520000000000000188e-04 -3.503000000000000037e-03 -9.999940000000000495e-01 4.557999999999999829e-01 8.900759999999999783e-01 -3.415000000000000067e-03 8.900820000000000398e-01 -4.557999999999999829e-01 1.016999999999999892e-03
1.300000000000000000e+01 2.400000000000000000e+01 9.000000000000000000e+00 0.000000000000000000e+00 1.600000000000000089e+00 -1.435999999999999993e-03 4.503000000000000058e-03 -9.999890000000000168e-01 4.567840000000000233e-01 8.895710000000000006e-01 3.350000000000000113e-03 8.895760000000000334e-01 -4.567740000000000133e-01 -3.334000000000000158e-03
2.000000000000000000e+01 2.400000000000000000e+01 9.000000000000000000e+00 0.000000000000000000e+00 1.600000000000000089e+00 -1.317999999999999944e-03 -1.423000000000000003e-03 -9.999980000000000535e-01 4.525319999999999898e-01 8.917460000000000386e-01 -1.864999999999999904e-03 8.917469999999999564e-01 -4.525339999999999918e-01 -5.310000000000000050e-04
2.200000000000000000e+01 2.400000000000000000e+01 9.000000000000000000e+00 0.000000000000000000e+00 1.600000000000000089e+00 -1.533999999999999990e-03 -6.177000000000000199e-03 -9.999799999999999800e-01 4.524909999999999766e-01 8.917469999999999564e-01 -6.202000000000000048e-03 8.917669999999999764e-01 -4.524920000000000053e-01 1.427000000000000100e-03
2.800000000000000000e+01 2.400000000000000000e+01 9.000000000000000000e+00 0.000000000000000000e+00 1.600000000000000089e+00 -2.082000000000000083e-03 -1.699999999999999987e-05 -9.999980000000000535e-01 4.543309999999999849e-01 8.908319999999999572e-01 -9.610000000000000486e-04 8.908300000000000107e-01 -4.543320000000000136e-01 -1.846999999999999901e-03
1.900000000000000000e+01 4.000000000000000000e+00 1.100000000000000000e+01 0.000000000000000000e+00 1.600000000000000089e+00 3.547199999999999659e-02 -2.319219999999999893e-01 -9.720870000000000344e-01 8.176600000000000534e-02 9.701119999999999743e-01 -2.284670000000000034e-01 9.960200000000000164e-01 -7.137899999999999801e-02 5.337499999999999883e-02
2.700000000000000000e+01 4.000000000000000000e+00 1.100000000000000000e+01 0.000000000000000000e+00 1.600000000000000089e+00 -4.623100000000000126e-02 9.126499999999999890e-02 -9.947529999999999983e-01 1.489399999999999891e-01 9.853159999999999696e-01 8.347699999999999565e-02 9.877650000000000041e-01 -1.442990000000000106e-01 -5.914500000000000313e-02
9.000000000000000000e+00 3.100000000000000000e+01 1.200000000000000000e+01 0.000000000000000000e+00 1.600000000000000089e+00 2.590999999999999987e-03 5.512999999999999672e-03 9.999810000000000088e-01 -7.207999999999999997e-03 9.999590000000000423e-01 -5.493999999999999752e-03 -9.999710000000000543e-01 -7.193999999999999874e-03 2.631000000000000092e-03
2.700000000000000000e+01 3.100000000000000000e+01 1.200000000000000000e+01 0.000000000000000000e+00 1.600000000000000089e+00 -1.538000000000000088e-03 -1.235999999999999946e-02 9.999219999999999775e-01 -1.192700000000000010e-02 9.998529999999999918e-01 1.234000000000000027e-02 -9.999280000000000390e-01 -1.190699999999999918e-02 -1.685000000000000083e-03
4.000000000000000000e+00 3.500000000000000000e+01 1.200000000000000000e+01 0.000000000000000000e+00 1.600000000000000089e+00 1.030700000000000019e-02 -1.251700000000000035e-02 -9.998690000000000078e-01 4.811170000000000169e-01 -8.765110000000000401e-01 1.593299999999999925e-02 -8.765960000000000418e-01 -4.812179999999999791e-01 -3.011999999999999920e-03
9.000000000000000000e+00 3.500000000000000000e+01 1.200000000000000000e+01 0.000000000000000000e+00 1.600000000000000089e+00 5.637999999999999783e-03 -1.472999999999999917e-03 -9.999829999999999552e-01 5.124109999999999498e-01 -8.587299999999999933e-01 4.153999999999999707e-03 -8.587219999999999853e-01 -5.124260000000000481e-01 -4.086000000000000222e-03
1.500000000000000000e+01 3.500000000000000000e+01 1.200000000000000000e+01 0.000000000000000000e+00 1.600000000000000089e+00 -6.315000000000000301e-03 4.690000000000000158e-04 -9.999799999999999800e-01 4.929439999999999933e-01 -8.700539999999999941e-01 -3.520999999999999824e-03 -8.700379999999999781e-01 -4.929560000000000053e-01 5.263999999999999582e-03
2.500000000000000000e+01 3.500000000000000000e+01 1.200000000000000000e+01 0.000000000000000000e+00 1.600000000000000089e+00 5.807999999999999795e-03 -6.257000000000000409e-03 -9.999639999999999640e-01 4.986929999999999974e-01 -8.667390000000000372e-01 8.319999999999999271e-03 -8.667589999999999462e-01 -4.987230000000000274e-01 -1.913999999999999903e-03
2.200000000000000000e+01 3.200000000000000000e+01 1.400000000000000000e+01 0.000000000000000000e+00 1.600000000000000089e+00 2.420000000000000005e-04 3.073100000000000137e-02 -9.995279999999999720e-01 1.044770000000000004e-01 9.940569999999999684e-01 3.058800000000000061e-02 9.945270000000000499e-01 -1.044350000000000001e-01 -2.971000000000000116e-03
2.800000000000000000e+01 3.200000000000000000e+01 1.400000000000000000e+01 0.000000000000000000e+00 1.600000000000000089e+00 -2.675999999999999993e-03 -1.885500000000000023e-02 -9.998190000000000133e-01 1.054409999999999931e-01 9.942429999999999879e-01 -1.903200000000000031e-02 9.944220000000000281e-01 -1.054729999999999973e-01 -6.719999999999999628e-04
3.000000000000000000e+00 1.200000000000000000e+01 1.500000000000000000e+01 0.000000000000000000e+00 1.600000000000000089e+00 1.532299999999999982e-02 -2.987599999999999978e-02 -9.994359999999999911e-01 -4.941090000000000204e-01 -8.692050000000000054e-01 1.840699999999999975e-02 -8.692649999999999544e-01 4.935479999999999867e-01 -2.808099999999999832e-02
1.200000000000000000e+01 1.200000000000000000e+01 1.500000000000000000e+01 0.000000000000000000e+00 1.600000000000000089e+00 -8.660000000000000163e-04 -1.251500000000000008e-02 -9.999209999999999487e-01 -4.775150000000000228e-01 -8.785490000000000244e-01 1.140900000000000074e-02 -8.786230000000000429e-01 4.774880000000000235e-01 -5.215000000000000017e-03
2.800000000000000000e+01 1.200000000000000000e+01 1.500000000000000000e+01 0.000000000000000000e+00 1.600000000000000089e+00 1.538000000000000088e-03 4.667000000000000141e-03 -9.999879999999999880e-01 -4.774519999999999875e-01 -8.786450000000000093e-01 -4.834999999999999888e-03 -8.786570000000000213e-01 4.774530000000000163e-01 8.769999999999999584e-04
2.600000000000000000e+01 3.000000000000000000e+00 1.900000000000000000e+01 0.000000000000000000e+00 1.600000000000000089e+00 2.360800000000000051e-02 4.150000000000000216e-02 -9.988599999999999701e-01 2.502380000000000160e-01 -9.675770000000000204e-01 -3.428599999999999703e-02 -9.678970000000000073e-01 -2.491430000000000033e-01 -3.322800000000000059e-02
2.000000000000000000e+00 4.000000000000000000e+00 2.000000000000000000e+01 0.000000000000000000e+00 1.600000000000000089e+00 -3.628999999999999847e-03 1.078499999999999945e-02 -9.999350000000000183e-01 2.334019999999999984e-01 -9.723140000000000116e-01 -1.133400000000000032e-02 -9.723730000000000429e-01 -2.334279999999999966e-01 1.010999999999999963e-03
9.000000000000000000e+00 4.000000000000000000e+00 2.000000000000000000e+01 0.000000000000000000e+00 1.600000000000000089e+00 5.387000000000000295e-03 -1.734700000000000131e-02 -9.998350000000000293e-01 1.791739999999999999e-01 -9.836519999999999708e-01 1.803199999999999942e-02 -9.838029999999999831e-01 -1.792410000000000114e-01 -2.190999999999999805e-03
2.100000000000000000e+01 4.000000000000000000e+00 2.000000000000000000e+01 0.000000000000000000e+00 1.600000000000000089e+00 1.144000000000000052e-03 1.921399999999999844e-02 -9.998150000000000093e-01 3.011490000000000000e-01 -9.534080000000000332e-01 -1.797800000000000092e-02 -9.535759999999999792e-01 -3.010729999999999795e-01 -6.877000000000000300e-03
2.700000000000000000e+01 4.000000000000000000e+00 2.000000000000000000e+01 0.000000000000000000e+00 1.600000000000000089e+00 -9.909999999999999105e-04 3.142199999999999854e-02 -9.995060000000000056e-01 2.964729999999999865e-01 -9.545599999999999641e-01 -3.030300000000000007e-02 -9.550410000000000288e-01 -2.963560000000000083e-01 -8.368999999999999703e-03
1.200000000000000000e+01 1.300000000000000000e+01 2.000000000000000000e+01 0.000000000000000000e+00 1.600000000000000089e+00 2.920499999999999832e-02 8.684200000000000252e-02 9.957939999999999570e-01 2.629779999999999895e-01 9.604559999999999764e-01 -9.147299999999999875e-02 -9.643599999999999950e-01 2.645429999999999726e-01 5.212999999999999752e-03
2.100000000000000000e+01 1.300000000000000000e+01 2.000000000000000000e+01 0.000000000000000000e+00 1.600000000000000089e+00 6.599999999999999964e-04 -9.790000000000000525e-04 9.999989999999999712e-01 2.519549999999999845e-01 9.677390000000000159e-01 7.810000000000000102e-04 -9.677390000000000159e-01 2.519540000000000113e-01 8.850000000000000444e-04
2.800000000000000000e+01 1.300000000000000000e+01 2.000000000000000000e+01 0.000000000000000000e+00 1.600000000000000089e+00 -7.519999999999999558e-04 -1.746999999999999942e-02 9.998470000000000413e-01 2.542590000000000128e-01 9.669849999999999834e-01 1.708700000000000149e-02 -9.671359999999999957e-01 2.542329999999999868e-01 3.714999999999999986e-03
6.000000000000000000e+00 1.400000000000000000e+01 2.000000000000000000e+01 0.000000000000000000e+00 1.600000000000000089e+00 7.910999999999999630e-03 -8.337000000000000660e-03 9.999339999999999895e-01 2.714019999999999766e-01 9.624479999999999702e-01 5.877000000000000279e-03 -9.624329999999999830e-01 2.713380000000000236e-01 9.877000000000000363e-03
7.000000000000000000e+00 1.600000000000000000e+01 2.100000000000000000e+01 0.000000000000000000e+00 1.600000000000000089e+00 1.334199999999999969e-02 4.458000000000000157e-03 9.999010000000000398e-01 3.367020000000000013e-01 9.415710000000000468e-01 -8.691000000000000808e-03 -9.415170000000000483e-01 3.367850000000000010e-01 1.106099999999999965e-02
1.400000000000000000e+01 1.600000000000000000e+01 2.100000000000000000e+01 0.000000000000000000e+00 1.600000000000000089e+00 1.185199999999999969e-02 3.903000000000000219e-02 9.991679999999999451e-01 3.037839999999999985e-01 9.518680000000000474e-01 -4.078600000000000281e-02 -9.526670000000000416e-01 3.040140000000000065e-01 -5.760000000000000146e-04
1.800000000000000000e+01 1.600000000000000000e+01 2.100000000000000000e+01 0.000000000000000000e+00 1.600000000000000089e+00 9.399999999999999719e-04 6.749999999999999924e-03 9.999770000000000048e-01 2.981820000000000026e-01 9.544850000000000279e-01 -6.722999999999999809e-03 -9.545090000000000519e-01 2.981809999999999738e-01 -1.116000000000000021e-03
2.200000000000000000e+01 1.600000000000000000e+01 2.100000000000000000e+01 0.000000000000000000e+00 1.600000000000000089e+00 7.489999999999999913e-04 8.530000000000000256e-04 9.999989999999999712e-01 2.980220000000000091e-01 9.545580000000000176e-01 -1.038000000000000077e-03 -9.545590000000000463e-01 2.980229999999999824e-01 4.609999999999999840e-04
2.300000000000000000e+01 4.000000000000000000e+00 2.500000000000000000e+01 0.000000000000000000e+00 1.600000000000000089e+00 5.928200000000000136e-02 4.556199999999999833e-02 9.972010000000000041e-01 -5.849239999999999995e-01 -8.079140000000000210e-01 7.168599999999999972e-02 8.089190000000000547e-01 -5.875369999999999759e-01 -2.124399999999999900e-02
9.000000000000000000e+00 4.600000000000000000e+01 2.700000000000000000e+01 0.000000000000000000e+00 1.600000000000000089e+00 -2.723000000000000160e-03 1.600000000000000077e-03 -9.999949999999999672e-01 6.743449999999999722e-01 7.384159999999999613e-01 -6.549999999999999833e-04 7.384110000000000396e-01 -6.743440000000000545e-01 -3.089999999999999865e-03
1.800000000000000000e+01 4.600000000000000000e+01 2.700000000000000000e+01 0.000000000000000000e+00 1.600000000000000089e+00 -4.500000000000000283e-05 -1.791000000000000057e-03 -9.999980000000000535e-01 6.714069999999999760e-01 7.410879999999999690e-01 -1.358000000000000049e-03 7.410889999999999977e-01 -6.714059999999999473e-01 1.168999999999999900e-03
2.300000000000000000e+01 4.600000000000000000e+01 3.000000000000000000e+01 0.000000000000000000e+00 1.600000000000000089e+00 1.516999999999999902e-03 6.990999999999999819e-03 -9.999740000000000295e-01 3.258010000000000073e-01 9.454120000000000301e-01 7.104000000000000072e-03 9.454369999999999719e-01 -3.258030000000000093e-01 -8.429999999999999993e-04
4.000000000000000000e+00 5.800000000000000000e+01 3.100000000000000000e+01 0.000000000000000000e+00 1.600000000000000089e+00 8.566000000000000697e-03 8.817000000000000184e-03 9.999240000000000350e-01 -7.766739999999999755e-01 -6.297850000000000392e-01 1.220700000000000084e-02 6.298449999999999882e-01 -7.767199999999999660e-01 1.453999999999999997e-03
8.000000000000000000e+00 5.800000000000000000e+01 3.100000000000000000e+01 0.000000000000000000e+00 1.600000000000000089e+00 3.880000000000000202e-03 1.266999999999999897e-03 9.999919999999999920e-01 -7.785119999999999818e-01 -6.276180000000000092e-01 3.815999999999999948e-03 6.276180000000000092e-01 -7.785199999999999898e-01 -1.448999999999999984e-03
1.000000000000000000e+01 5.800000000000000000e+01 3.100000000000000000e+01 0.000000000000000000e+00 1.600000000000000089e+00 1.796000000000000070e-03 -4.380000000000000213e-04 9.999980000000000535e-01 -7.765520000000000200e-01 -6.300519999999999454e-01 1.118000000000000070e-03 6.300499999999999989e-01 -7.765530000000000488e-01 -1.472000000000000001e-03
1.400000000000000000e+01 5.800000000000000000e+01 3.100000000000000000e+01 0.000000000000000000e+00 1.600000000000000089e+00 -4.322000000000000321e-03 -6.854999999999999982e-03 9.999670000000000503e-01 -7.703839999999999577e-01 -6.375330000000000163e-01 -7.700000000000000247e-03 6.375650000000000484e-01 -7.703919999999999657e-01 -2.524999999999999901e-03
1.800000000000000000e+01 5.800000000000000000e+01 3.100000000000000000e+01 0.000000000000000000e+00 1.600000000000000089e+00 -5.967000000000000082e-03 -1.544000000000000060e-02 9.998629999999999463e-01 -7.703200000000000047e-01 -6.374940000000000051e-01 -1.444100000000000071e-02 6.376300000000000301e-01 -7.703010000000000135e-01 -8.089000000000000704e-03
2.200000000000000000e+01 5.800000000000000000e+01 3.100000000000000000e+01 0.000000000000000000e+00 1.600000000000000089e+00 5.531999999999999591e-03 7.834000000000000685e-03 9.999540000000000095e-01 -7.767880000000000340e-01 -6.296950000000000047e-01 9.230999999999999622e-03 6.297380000000000200e-01 -7.768030000000000213e-01 2.601000000000000013e-03
2.700000000000000000e+01 5.800000000000000000e+01 3.100000000000000000e+01 0.000000000000000000e+00 1.600000000000000089e+00 4.432000000000000176e-03 1.959100000000000077e-02 9.997979999999999645e-01 -7.729380000000000139e-01 -6.342839999999999590e-01 1.585500000000000104e-02 6.344659999999999744e-01 -7.728519999999999834e-01 1.233199999999999921e-02
7.000000000000000000e+00 5.000000000000000000e+00 3.200000000000000000e+01 0.000000000000000000e+00 1.600000000000000089e+00 1.611059999999999992e-01 -8.743790000000000173e-01 -4.577180000000000137e-01 -6.811540000000000372e-01 2.371020000000000072e-01 -6.926849999999999952e-01 7.141950000000000243e-01 4.233720000000000261e-01 -5.573879999999999946e-01
5.000000000000000000e+00 5.000000000000000000e+00 3.300000000000000000e+01 0.000000000000000000e+00 1.600000000000000089e+00 1.197980000000000017e-01 -9.611319999999999864e-01 -2.487429999999999919e-01 -6.936649999999999761e-01 9.821299999999999475e-02 -7.135700000000000376e-01 7.102650000000000352e-01 2.580290000000000084e-01 -6.549390000000000489e-01
9.000000000000000000e+00 8.000000000000000000e+00 3.400000000000000000e+01 0.000000000000000000e+00 1.600000000000000089e+00 2.075400000000000023e-01 -9.108920000000000350e-01 -3.566540000000000266e-01 -7.100030000000000507e-01 1.105379999999999974e-01 -6.954690000000000039e-01 6.729209999999999914e-01 3.975629999999999997e-01 -6.237949999999999884e-01
1.200000000000000000e+01 9.000000000000000000e+00 3.400000000000000000e+01 0.000000000000000000e+00 1.600000000000000089e+00 2.442269999999999996e-01 -8.339050000000000074e-01 -4.949299999999999811e-01 -7.265570000000000084e-01 1.806659999999999933e-01 -6.629279999999999617e-01 6.422369999999999468e-01 5.214999999999999636e-01 -5.617560000000000331e-01
2.400000000000000000e+01 4.200000000000000000e+01 3.400000000000000000e+01 0.000000000000000000e+00 1.600000000000000089e+00 -4.230000000000000253e-03 -2.775000000000000123e-03 -9.999869999999999592e-01 -3.012349999999999750e-01 9.535489999999999799e-01 -1.371000000000000040e-03 9.535400000000000542e-01 3.012259999999999938e-01 -4.870000000000000197e-03
2.800000000000000000e+01 4.200000000000000000e+01 3.400000000000000000e+01 0.000000000000000000e+00 1.600000000000000089e+00 1.616000000000000032e-03 2.180000000000000080e-03 -9.999959999999999960e-01 -2.953999999999999959e-01 9.553719999999999990e-01 1.605000000000000090e-03 9.553719999999999990e-01 2.953959999999999919e-01 2.187999999999999841e-03
2.000000000000000000e+00 1.900000000000000000e+01 3.500000000000000000e+01 0.000000000000000000e+00 1.600000000000000089e+00 7.043939999999999646e-01 2.668380000000000196e-01 6.577439999999999953e-01 -7.059400000000000119e-01 1.667339999999999933e-01 6.883669999999999511e-01 7.401399999999999646e-02 -9.492089999999999694e-01 3.058179999999999787e-01
1.100000000000000000e+01 2.600000000000000000e+01 3.500000000000000000e+01 0.000000000000000000e+00 1.600000000000000089e+00 3.122719999999999940e-01 5.628630000000000022e-01 7.652919999999999723e-01 -6.790239999999999609e-01 -4.311440000000000272e-01 5.941720000000000335e-01 6.643890000000000073e-01 -7.051950000000000163e-01 2.475630000000000053e-01
5.000000000000000000e+00 4.600000000000000000e+01 3.500000000000000000e+01 0.000000000000000000e+00 1.600000000000000089e+00 2.174999999999999850e-03 -8.356999999999999845e-03 -9.999630000000000463e-01 3.894889999999999741e-01 -9.209910000000000041e-01 8.545000000000000512e-03 -9.210279999999999578e-01 -3.894929999999999781e-01 1.252000000000000075e-03
9.000000000000000000e+00 4.600000000000000000e+01 3.500000000000000000e+01 0.000000000000000000e+00 1.600000000000000089e+00 1.025000000000000086e-03 -1.127000000000000050e-02 -9.999360000000000470e-01 3.900589999999999891e-01 -9.207269999999999621e-01 1.077700000000000012e-02 -9.207889999999999686e-01 -3.900449999999999751e-01 3.452000000000000207e-03
1.400000000000000000e+01 4.600000000000000000e+01 3.500000000000000000e+01 0.000000000000000000e+00 1.600000000000000089e+00 -1.111999999999999924e-03 -8.097000000000000031e-03 -9.999670000000000503e-01 3.893340000000000134e-01 -9.210700000000000554e-01 7.026000000000000127e-03 -9.210960000000000258e-01 -3.893139999999999934e-01 4.176000000000000024e-03
1.900000000000000000e+01 4.600000000000000000e+01 3.500000000000000000e+01 0.000000000000000000e+00 1.600000000000000089e+00 4.970000000000000459e-04 -4.603999999999999586e-03 -9.999890000000000168e-01 3.898960000000000203e-01 -9.208479999999999999e-01 4.433000000000000308e-03 -9.208589999999999831e-01 -3.898940000000000183e-01 1.337999999999999997e-03
2.400000000000000000e+01 4.600000000000000000e+01 3.500000000000000000e+01 0.000000000000000000e+00 1.600000000000000089e+00 3.807000000000000054e-03 4.338999999999999975e-03 -9.999829999999999552e-01 3.886410000000000142e-01 -9.213860000000000383e-01 -2.517999999999999839e-03 -9.213810000000000056e-01 -3.886249999999999982e-01 -5.193999999999999832e-03
2.800000000000000000e+01 4.600000000000000000e+01 3.500000000000000000e+01 0.000000000000000000e+00 1.600000000000000089e+00 -9.200000000000000278e-04 9.917999999999999733e-03 -9.999500000000000055e-01 3.856899999999999773e-01 -9.225790000000000379e-01 -9.506000000000000560e-03 -9.226280000000000037e-01 -3.856800000000000228e-01 -2.975999999999999913e-03
1.200000000000000000e+01 1.100000000000000000e+01 3.600000000000000000e+01 0.000000000000000000e+00 1.600000000000000089e+00 2.104489999999999972e-01 -9.139730000000000354e-01 -3.469360000000000221e-01 -7.260280000000000067e-01 9.153500000000000525e-02 -6.815449999999999564e-01 6.546710000000000029e-01 3.953160000000000007e-01 -6.443069999999999631e-01
3.000000000000000000e+00 2.100000000000000000e+01 3.600000000000000000e+01 0.000000000000000000e+00 1.600000000000000089e+00 7.153420000000000334e-01 8.440999999999999892e-02 6.936569999999999681e-01 -6.952669999999999684e-01 -1.335199999999999929e-02 7.186270000000000158e-01 6.992099999999999704e-02 -9.963419999999999499e-01 4.913599999999999912e-02
4.000000000000000000e+00 2.200000000000000000e+01 3.600000000000000000e+01 0.000000000000000000e+00 1.600000000000000089e+00 6.992960000000000287e-01 9.358900000000000552e-02 7.086789999999999479e-01 -7.066139999999999644e-01 -5.939300000000000135e-02 7.051020000000000065e-01 1.080809999999999965e-01 -9.938379999999999992e-01 2.459799999999999834e-02
2.100000000000000000e+01 2.200000000000000000e+01 3.600000000000000000e+01 0.000000000000000000e+00 1.600000000000000089e+00 -1.944430000000000047e-01 -7.411799999999999500e-01 6.425290000000000168e-01 7.282260000000000399e-01 3.297720000000000096e-01 6.007810000000000095e-01 -6.571749999999999536e-01 5.847240000000000215e-01 4.756250000000000200e-01
1.100000000000000000e+01 2.700000000000000000e+01 3.600000000000000000e+01 0.000000000000000000e+00 1.600000000000000089e+00 3.496719999999999828e-01 3.832479999999999776e-01 8.548980000000000468e-01 -6.968889999999999807e-01 -5.034699999999999731e-01 5.107479999999999798e-01 6.261590000000000211e-01 -7.743630000000000235e-01 9.103200000000000180e-02
1.000000000000000000e+01 1.100000000000000000e+01 3.700000000000000000e+01 0.000000000000000000e+00 1.600000000000000089e+00 1.725299999999999889e-01 -9.385250000000000536e-01 -2.990059999999999940e-01 -7.146919999999999940e-01 8.961700000000000221e-02 -6.936750000000000416e-01 6.778269999999999573e-01 3.333769999999999789e-01 -6.552940000000000431e-01
1.300000000000000000e+01 1.200000000000000000e+01 3.700000000000000000e+01 0.000000000000000000e+00 1.600000000000000089e+00 1.861389999999999989e-01 -9.283489999999999798e-01 -3.217470000000000052e-01 -7.370830000000000437e-01 8.458799999999999653e-02 -6.704879999999999729e-01 6.496619999999999617e-01 3.619580000000000020e-01 -6.685250000000000359e-01
2.200000000000000000e+01 2.300000000000000000e+01 3.700000000000000000e+01 0.000000000000000000e+00 1.600000000000000089e+00 -1.884049999999999891e-01 -7.533039999999999736e-01 6.301090000000000302e-01 7.255270000000000330e-01 3.256589999999999763e-01 6.062650000000000539e-01 -6.619019999999999904e-01 5.713840000000000030e-01 4.851860000000000062e-01
2.000000000000000000e+01 1.500000000000000000e+01 3.800000000000000000e+01 0.000000000000000000e+00 1.600000000000000089e+00 2.072549999999999948e-01 3.879989999999999828e-01 8.980540000000000189e-01 -7.853799999999999670e-01 -4.813430000000000208e-01 3.892140000000000044e-01 5.832869999999999999e-01 -7.859810000000000407e-01 2.049660000000000093e-01
1.500000000000000000e+01 3.600000000000000000e+01 3.800000000000000000e+01 0.000000000000000000e+00 1.600000000000000089e+00 -3.642139999999999822e-01 8.114000000000000379e-02 9.277739999999999876e-01 9.084189999999999765e-01 2.504870000000000152e-01 3.347100000000000075e-01 -2.052370000000000028e-01 9.647139999999999604e-01 -1.649400000000000033e-01
1.700000000000000000e+01 3.700000000000000000e+01 3.800000000000000000e+01 0.000000000000000000e+00 1.600000000000000089e+00 -2.916449999999999876e-01 -1.117409999999999931e-01 9.499779999999999891e-01 7.984109999999999818e-01 5.184999999999999609e-01 3.061019999999999852e-01 -5.267669999999999852e-01 8.477449999999999708e-01 -6.200300000000000256e-02
2.700000000000000000e+01 3.700000000000000000e+01 3.800000000000000000e+01 0.000000000000000000e+00 1.600000000000000089e+00 4.057700000000000196e-02 -2.031399999999999872e-02 9.989700000000000246e-01 6.536629999999999940e-01 7.567040000000000433e-01 -1.116400000000000031e-02 -7.556969999999999521e-01 6.534419999999999673e-01 4.398300000000000126e-02
2.100000000000000000e+01 3.800000000000000000e+01 3.800000000000000000e+01 0.000000000000000000e+00 1.600000000000000089e+00 -1.326499999999999901e-01 -1.730230000000000101e-01 9.759440000000000337e-01 6.914940000000000531e-01 6.892740000000000533e-01 2.161869999999999903e-01 -7.100980000000000070e-01 7.035369999999999679e-01 2.821200000000000097e-02
1.200000000000000000e+01 1.400000000000000000e+01 3.900000000000000000e+01 0.000000000000000000e+00 1.600000000000000089e+00 1.403300000000000103e-01 -8.558559999999999501e-01 -4.978139999999999787e-01 -7.142420000000000435e-01 2.606959999999999833e-01 -6.495349999999999735e-01 6.856870000000000465e-01 4.467079999999999940e-01 -5.747039999999999926e-01
2.500000000000000000e+01 2.600000000000000000e+01 3.900000000000000000e+01 0.000000000000000000e+00 1.600000000000000089e+00 -1.560489999999999933e-01 -7.526289999999999925e-01 6.396859999999999769e-01 7.142049999999999788e-01 3.613899999999999890e-01 5.994239999999999569e-01 -6.823200000000000376e-01 5.504059999999999508e-01 4.811369999999999814e-01
1.800000000000000000e+01 3.800000000000000000e+01 3.900000000000000000e+01 0.000000000000000000e+00 1.600000000000000089e+00 -2.787040000000000073e-01 -1.915350000000000108e-01 9.410840000000000316e-01 7.806039999999999646e-01 5.256469999999999754e-01 3.381609999999999894e-01 -5.594479999999999453e-01 8.288600000000000412e-01 3.013000000000000053e-03
2.100000000000000000e+01 3.900000000000000000e+01 3.900000000000000000e+01 0.000000000000000000e+00 1.600000000000000089e+00 -1.715820000000000123e-01 -2.644670000000000076e-01 9.490079999999999627e-01 7.239200000000000079e-01 6.195220000000000171e-01 3.035320000000000240e-01 -6.682059999999999667e-01 7.390870000000000495e-01 8.515399999999999359e-02
2.600000000000000000e+01 2.700000000000000000e+01 4.000000000000000000e+01 0.000000000000000000e+00 1.600000000000000089e+00 -1.479229999999999989e-01 -7.717060000000000031e-01 6.185380000000000322e-01 7.136430000000000273e-01 3.497089999999999921e-01 6.069740000000000135e-01 -6.847130000000000161e-01 5.312010000000000343e-01 4.989930000000000199e-01
1.800000000000000000e+01 6.100000000000000000e+01 4.000000000000000000e+01 0.000000000000000000e+00 1.600000000000000089e+00 2.664899999999999908e-02 -5.425959999999999672e-01 -8.395709999999999562e-01 3.524829999999999908e-01 -7.808249999999999913e-01 5.158169999999999700e-01 -9.354390000000000205e-01 -3.096809999999999841e-01 1.704479999999999884e-01
3.000000000000000000e+00 3.000000000000000000e+00 4.300000000000000000e+01 0.000000000000000000e+00 1.600000000000000089e+00 3.291000000000000088e-03 -4.414000000000000389e-03 -9.999850000000000128e-01 7.404110000000000413e-01 -6.721329999999999805e-01 5.403999999999999949e-03 -6.721470000000000500e-01 -7.404169999999999918e-01 1.056999999999999997e-03
6.000000000000000000e+00 3.000000000000000000e+00 4.300000000000000000e+01 0.000000000000000000e+00 1.600000000000000089e+00 5.918999999999999782e-03 -3.134000000000000067e-03 -9.999780000000000335e-01 7.435969999999999525e-01 -6.685959999999999681e-01 6.497000000000000171e-03 -6.686020000000000296e-01 -7.436190000000000300e-01 -1.626999999999999974e-03
1.400000000000000000e+01 3.000000000000000000e+00 4.300000000000000000e+01 0.000000000000000000e+00 1.600000000000000089e+00 8.888999999999999332e-03 2.753600000000000145e-02 -9.995810000000000528e-01 7.369860000000000300e-01 -6.758009999999999851e-01 -1.206300000000000081e-02 -6.758499999999999508e-01 -7.365699999999999470e-01 -2.630000000000000046e-02
2.500000000000000000e+01 3.000000000000000000e+00 4.300000000000000000e+01 0.000000000000000000e+00 1.600000000000000089e+00 -2.354000000000000190e-03 2.848799999999999943e-02 -9.995910000000000073e-01 7.502159999999999940e-01 -6.608720000000000150e-01 -2.060199999999999879e-02 -6.611879999999999979e-01 -7.499580000000000135e-01 -1.981700000000000128e-02
3.000000000000000000e+00 2.900000000000000000e+01 4.400000000000000000e+01 0.000000000000000000e+00 1.600000000000000089e+00 -5.828599999999999753e-02 -2.195189999999999919e-01 -9.738660000000000094e-01 6.564910000000000467e-01 7.264920000000000266e-01 -2.030500000000000083e-01 7.520780000000000243e-01 -6.511689999999999978e-01 1.017679999999999974e-01
2.200000000000000000e+01 2.200000000000000000e+01 4.500000000000000000e+01 0.000000000000000000e+00 1.600000000000000089e+00 1.468440000000000023e-01 -7.831399999999999473e-02 -9.860550000000000148e-01 -4.684099999999999930e-01 8.725009999999999710e-01 -1.390510000000000079e-01 8.712229999999999697e-01 4.822960000000000025e-01 9.143900000000000639e-02
1.800000000000000000e+01 2.200000000000000000e+01 4.600000000000000000e+01 0.000000000000000000e+00 1.600000000000000089e+00 6.909099999999999964e-02 -1.822100000000000108e-02 -9.974439999999999973e-01 -2.188319999999999987e-01 9.752049999999999885e-01 -3.297300000000000231e-02 9.733140000000000125e-01 2.205499999999999960e-01 6.339000000000000190e-02
2.600000000000000000e+01 6.500000000000000000e+01 4.600000000000000000e+01 0.000000000000000000e+00 1.600000000000000089e+00 -8.033000000000000210e-03 -1.614740000000000064e-01 9.868440000000000545e-01 6.613780000000000214e-01 -7.410489999999999577e-01 -1.158710000000000018e-01 7.500099999999999545e-01 6.517460000000000475e-01 1.127480000000000010e-01
2.800000000000000000e+01 3.700000000000000000e+01 4.900000000000000000e+01 0.000000000000000000e+00 1.600000000000000089e+00 -8.029400000000000426e-02 9.132489999999999775e-01 -3.994099999999999873e-01 6.565400000000000125e-01 -2.530479999999999952e-01 -7.105789999999999607e-01 -7.500059999999999505e-01 -3.192840000000000122e-01 -5.792659999999999476e-01
2.000000000000000000e+01 5.300000000000000000e+01 4.900000000000000000e+01 0.000000000000000000e+00 1.600000000000000089e+00 -4.821630000000000082e-01 2.442850000000000021e-01 8.413340000000000263e-01 -8.670060000000000544e-01 4.819000000000000367e-03 -4.982750000000000234e-01 -1.257759999999999989e-01 -9.696909999999999696e-01 2.094729999999999925e-01
2.800000000000000000e+01 4.500000000000000000e+01 5.000000000000000000e+01 0.000000000000000000e+00 1.600000000000000089e+00 -3.234690000000000065e-01 4.555139999999999745e-01 8.293829999999999814e-01 4.895740000000000092e-01 8.306339999999999835e-01 -2.652619999999999978e-01 -8.097440000000000193e-01 3.202400000000000246e-01 -4.916920000000000179e-01
4.000000000000000000e+00 6.000000000000000000e+00 5.100000000000000000e+01 0.000000000000000000e+00 1.600000000000000089e+00 -6.676999999999999776e-03 -4.500999999999999793e-03 -9.999679999999999680e-01 3.318180000000000018e-01 -9.433409999999999851e-01 2.030999999999999819e-03 -9.433200000000000474e-01 -3.317939999999999778e-01 7.792000000000000315e-03
2.000000000000000000e+01 7.000000000000000000e+00 5.200000000000000000e+01 0.000000000000000000e+00 1.600000000000000089e+00 7.182000000000000016e-03 4.784000000000000058e-03 -9.999630000000000463e-01 8.688500000000000389e-02 -9.962100000000000399e-01 -4.142999999999999981e-03 -9.961919999999999664e-01 -8.685199999999999865e-02 -7.570000000000000340e-03
2.400000000000000000e+01 7.000000000000000000e+00 5.200000000000000000e+01 0.000000000000000000e+00 1.600000000000000089e+00 4.673000000000000070e-03 8.463999999999999302e-03 -9.999529999999999808e-01 7.292300000000000171e-02 -9.973049999999999971e-01 -8.101000000000000562e-03 -9.973269999999999635e-01 -7.288200000000000234e-02 -5.276999999999999573e-03
2.700000000000000000e+01 6.300000000000000000e+01 5.200000000000000000e+01 0.000000000000000000e+00 1.600000000000000089e+00 -4.148099999999999704e-02 2.147959999999999869e-01 -9.757780000000000342e-01 4.820789999999999798e-01 8.597209999999999575e-01 1.687559999999999893e-01 8.751449999999999507e-01 -4.634019999999999806e-01 -1.392110000000000014e-01
2.400000000000000000e+01 1.400000000000000000e+01 5.400000000000000000e+01 0.000000000000000000e+00 1.600000000000000089e+00 -4.839000000000000419e-03 -8.229999999999999469e-04 -9.999879999999999880e-01 5.805679999999999730e-01 8.142040000000000388e-01 -3.480000000000000020e-03 8.141969999999999485e-01 -5.805780000000000385e-01 -3.461999999999999800e-03
1.000000000000000000e+00 6.300000000000000000e+01 5.400000000000000000e+01 0.000000000000000000e+00 1.600000000000000089e+00 1.769999999999999926e-04 -1.840999999999999972e-03 9.999980000000000535e-01 -3.338409999999999989e-01 9.426280000000000214e-01 1.794999999999999938e-03 -9.426299999999999679e-01 -3.338400000000000256e-01 -4.479999999999999933e-04
5.000000000000000000e+00 6.300000000000000000e+01 5.400000000000000000e+01 0.000000000000000000e+00 1.600000000000000089e+00 2.183300000000000171e-02 3.438800000000000190e-02 9.991700000000000026e-01 -3.303639999999999910e-01 9.435160000000000213e-01 -2.525399999999999867e-02 -9.436010000000000231e-01 -3.295379999999999976e-01 3.196000000000000230e-02
1.100000000000000000e+01 6.300000000000000000e+01 5.400000000000000000e+01 0.000000000000000000e+00 1.600000000000000089e+00 2.409769999999999968e-01 4.652569999999999761e-01 -8.517430000000000279e-01 8.389349999999999863e-01 3.413950000000000040e-01 4.238370000000000193e-01 4.879740000000000189e-01 -8.166919999999999735e-01 -3.080519999999999925e-01
