9.000000000000000000e+00 2.500000000000000000e+01 1.000000000000000000e+00 0.000000000000000000e+00 1.600000000000000089e+00 -7.590000000000000175e-04 -3.131000000000000102e-03 -9.999949999999999672e-01 -5.252269999999999994e-01 -8.509569999999999634e-01 3.063000000000000184e-03 -8.509619999999999962e-01 5.252259999999999707e-01 -9.990000000000001049e-04
1.000000000000000000e+01 1.500000000000000000e+01 4.000000000000000000e+00 0.000000000000000000e+00 1.600000000000000089e+00 -2.340000000000000066e-03 -1.002699999999999945e-02 9.999470000000000303e-01 2.810360000000000080e-01 -9.596550000000000358e-01 -8.966000000000000011e-03 9.596949999999999648e-01 2.810000000000000275e-01 5.062999999999999792e-03
1.900000000000000000e+01 1.500000000000000000e+01 4.000000000000000000e+00 0.000000000000000000e+00 1.600000000000000089e+00 -1.879999999999999944e-03 1.010800000000000066e-02 9.999470000000000303e-01 2.924729999999999830e-01 -9.562190000000000412e-01 1.021599999999999939e-02 9.562720000000000109e-01 2.924769999999999870e-01 -1.159000000000000091e-03
2.500000000000000000e+01 1.500000000000000000e+01 4.000000000000000000e+00 0.000000000000000000e+00 1.600000000000000089e+00 2.108000000000000065e-03 2.330600000000000033e-02 9.997260000000000035e-01 2.915590000000000126e-01 -9.563070000000000181e-01 2.167900000000000035e-02 9.565500000000000114e-01 2.914340000000000264e-01 -8.810999999999999388e-03
2.900000000000000000e+01 1.500000000000000000e+01 4.000000000000000000e+00 0.000000000000000000e+00 1.600000000000000089e+00 3.877999999999999937e-03 2.517000000000000140e-02 9.996760000000000090e-01 2.942119999999999735e-01 -9.554650000000000087e-01 2.291500000000000134e-02 9.557320000000000260e-01 2.940280000000000116e-01 -1.111099999999999935e-02
6.000000000000000000e+00 1.010000000000000000e+02 7.000000000000000000e+00 0.000000000000000000e+00 1.600000000000000089e+00 -1.101999999999999898e-03 -2.981000000000000143e-03 9.999949999999999672e-01 8.857369999999999965e-01 4.641810000000000103e-01 2.358999999999999986e-03 -4.641850000000000143e-01 8.857359999999999678e-01 2.128999999999999816e-03
1.200000000000000000e+01 1.010000000000000000e+02 7.000000000000000000e+00 0.000000000000000000e+00 1.600000000000000089e+00 -2.020000000000000094e-03 -4.453999999999999626e-03 9.999879999999999880e-01 8.842269999999999852e-01 4.670409999999999839e-01 3.867000000000000211e-03 -4.670529999999999959e-01 8.842240000000000100e-01 2.994999999999999832e-03
2.000000000000000000e+00 1.500000000000000000e+01 8.000000000000000000e+00 0.000000000000000000e+00 1.600000000000000089e+00 -2.890999999999999907e-03 -2.554500000000000173e-02 -9.996690000000000298e-01 -5.943850000000000522e-01 -8.038729999999999487e-01 2.226099999999999954e-02 -8.041760000000000019e-01 5.942530000000000312e-01 -1.285900000000000064e-02
1.200000000000000000e+01 1.500000000000000000e+01 8.000000000000000000e+00 0.000000000000000000e+00 1.600000000000000089e+00 -3.886999999999999830e-03 -2.998999999999999930e-03 -9.999879999999999880e-01 -5.944040000000000434e-01 -8.041530000000000067e-01 4.721999999999999635e-03 -8.041570000000000107e-01 5.944150000000000267e-01 1.343000000000000010e-03
2.100000000000000000e+01 1.500000000000000000e+01 8.000000000000000000e+00 0.000000000000000000e+00 1.600000000000000089e+00 5.276000000000000308e-03 1.210699999999999971e-02 -9.999130000000000518e-01 -5.937200000000000255e-01 -8.045689999999999786e-01 -1.287499999999999929e-02 -8.046539999999999804e-01 5.937360000000000415e-01 2.942999999999999870e-03
2.500000000000000000e+01 1.500000000000000000e+01 8.000000000000000000e+00 0.000000000000000000e+00 1.600000000000000089e+00 3.883999999999999866e-03 2.184799999999999937e-02 -9.997540000000000315e-01 -5.910109999999999530e-01 -8.064170000000000504e-01 -1.991899999999999921e-02 -8.066539999999999822e-01 5.909429999999999961e-01 9.780000000000000498e-03
2.900000000000000000e+01 1.500000000000000000e+01 8.000000000000000000e+00 0.000000000000000000e+00 1.600000000000000089e+00 1.732999999999999948e-03 2.402899999999999828e-02 -9.997099999999999875e-01 -5.891220000000000345e-01 -8.077860000000000040e-01 -2.043700000000000030e-02 -8.080420000000000380e-01 5.889860000000000095e-01 1.275599999999999998e-02
4.000000000000000000e+00 2.400000000000000000e+01 9.000000000000000000e+00 0.000000000000000000e+00 1.600000000000000089e+00 4.447999999999999697e-03 9.804999999999999480e-03 -9.999419999999999975e-01 4.571410000000000196e-01 8.893290000000000362e-01 1.075399999999999967e-02 8.893830000000000346e-01 -4.571620000000000128e-01 -5.270000000000000162e-04
7.000000000000000000e+00 2.400000000000000000e+01 9.000000000000000000e+00 0.000000000000000000e+00 1.600000000000000089e+00 3.823000000000000009e-03 7.360000000000000223e-03 -9.999660000000000215e-01 4.560130000000000017e-01 8.899340000000000028e-01 8.293000000000000024e-03 8.899650000000000061e-01 -4.560290000000000177e-01 4.600000000000000004e-05
1.100000000000000000e+01 2.400000000000000000e+01 9.000000000000000000e+00 0.000000000000000000e+00 1.600000000000000089e+00 3.280000000000000038e-04 -4.679999999999999915e-04 -1.000000000000000000e+00 4.542209999999999859e-01 8.908890000000000420e-01 -2.680000000000000090e-04 8.908890000000000420e-01 -4.542209999999999859e-01 5.050000000000000235e-04
2.500000000000000000e+01 2.400000000000000000e+01 9.000000000000000000e+00 0.000000000000000000e+00 1.600000000000000089e+00 -4.908000000000000036e-03 -8.257000000000000450e-03 -9.999540000000000095e-01 4.535350000000000215e-01 8.911869999999999514e-01 -9.584999999999999770e-03 8.912250000000000449e-01 -4.535609999999999919e-01 -6.290000000000000018e-04
2.900000000000000000e+01 2.400000000000000000e+01 9.000000000000000000e+00 0.000000000000000000e+00 1.600000000000000089e+00 -4.551000000000000358e-03 -2.370000000000000145e-03 -9.999869999999999592e-01 4.539790000000000214e-01 8.910019999999999607e-01 -4.178000000000000290e-03 8.910010000000000430e-01 -4.539920000000000067e-01 -2.978999999999999877e-03
4.000000000000000000e+00 4.000000000000000000e+00 1.100000000000000000e+01 0.000000000000000000e+00 1.600000000000000089e+00 8.880000000000000089e-04 2.120700000000000016e-02 -9.997749999999999693e-01 1.744370000000000087e-01 9.844439999999999857e-01 2.103700000000000014e-02 9.846679999999999877e-01 -1.744159999999999877e-01 -2.824999999999999820e-03
2.000000000000000000e+01 4.000000000000000000e+00 1.100000000000000000e+01 0.000000000000000000e+00 1.600000000000000089e+00 3.959999999999999762e-04 -9.294000000000000178e-03 -9.999569999999999848e-01 1.765599999999999947e-01 9.842480000000000118e-01 -9.077999999999999264e-03 9.842899999999999983e-01 -1.765490000000000115e-01 2.030999999999999819e-03
2.600000000000000000e+01 4.000000000000000000e+00 1.100000000000000000e+01 0.000000000000000000e+00 1.600000000000000089e+00 -1.214999999999999934e-03 -2.036999999999999922e-02 -9.997920000000000140e-01 1.815849999999999964e-01 9.831670000000000131e-01 -2.025199999999999917e-02 9.833749999999999991e-01 -1.815720000000000112e-01 2.504000000000000149e-03
2.500000000000000000e+01 3.100000000000000000e+01 1.200000000000000000e+01 0.000000000000000000e+00 1.600000000000000089e+00 2.010000000000000068e-04 -1.567000000000000033e-03 9.999989999999999712e-01 -2.059700000000000072e-02 9.997869999999999813e-01 1.569999999999999998e-03 -9.997880000000000100e-01 -2.059800000000000172e-02 1.689999999999999879e-04
4.000000000000000000e+00 3.000000000000000000e+00 1.300000000000000000e+01 0.000000000000000000e+00 1.600000000000000089e+00 7.420000000000000380e-04 2.147999999999999909e-02 9.997690000000000188e-01 -3.540000000000000178e-03 9.997629999999999573e-01 -2.147800000000000056e-02 -9.999930000000000208e-01 -3.523000000000000090e-03 8.180000000000000422e-04
6.000000000000000000e+00 3.000000000000000000e+00 1.300000000000000000e+01 0.000000000000000000e+00 1.600000000000000089e+00 5.100000000000000366e-04 1.609599999999999920e-02 9.998700000000000365e-01 -2.080999999999999951e-03 9.998679999999999790e-01 -1.609400000000000067e-02 -9.999980000000000535e-01 -2.072000000000000057e-03 5.439999999999999957e-04
9.000000000000000000e+00 3.000000000000000000e+00 1.300000000000000000e+01 0.000000000000000000e+00 1.600000000000000089e+00 1.190000000000000058e-04 7.398000000000000062e-03 9.999730000000000008e-01 -1.093999999999999920e-03 9.999719999999999720e-01 -7.396999999999999929e-03 -9.999989999999999712e-01 -1.093999999999999920e-03 1.269999999999999970e-04
1.900000000000000000e+01 3.000000000000000000e+00 1.300000000000000000e+01 0.000000000000000000e+00 1.600000000000000089e+00 -6.250000000000000130e-04 -6.209000000000000109e-03 9.999810000000000088e-01 -1.055500000000000015e-02 9.999249999999999527e-01 6.202000000000000048e-03 -9.999440000000000550e-01 -1.055099999999999962e-02 -6.899999999999999667e-04
2.600000000000000000e+01 3.000000000000000000e+00 1.300000000000000000e+01 0.000000000000000000e+00 1.600000000000000089e+00 -2.017999999999999829e-03 -2.187000000000000055e-02 9.997589999999999533e-01 -1.501399999999999957e-02 9.996490000000000098e-01 2.183799999999999977e-02 -9.998850000000000238e-01 -1.496600000000000014e-02 -2.345999999999999995e-03
2.800000000000000000e+01 3.200000000000000000e+01 1.400000000000000000e+01 0.000000000000000000e+00 1.600000000000000089e+00 -1.072999999999999952e-03 -2.327000000000000075e-03 -9.999970000000000248e-01 1.210360000000000047e-01 9.926449999999999996e-01 -2.439000000000000196e-03 9.926479999999999748e-01 -1.210380000000000067e-01 -7.829999999999999504e-04
6.000000000000000000e+00 1.200000000000000000e+01 1.500000000000000000e+01 0.000000000000000000e+00 1.600000000000000089e+00 -1.364999999999999894e-03 -9.945000000000000714e-03 -9.999500000000000055e-01 -4.708049999999999735e-01 -8.821870000000000545e-01 9.417000000000000023e-03 -8.822360000000000202e-01 4.707939999999999903e-01 -3.478000000000000189e-03
1.100000000000000000e+01 1.200000000000000000e+01 1.500000000000000000e+01 0.000000000000000000e+00 1.600000000000000089e+00 -3.350000000000000113e-03 -3.348999999999999980e-03 -9.999890000000000168e-01 -4.691060000000000230e-01 -8.831299999999999706e-01 4.529000000000000040e-03 -8.831360000000000321e-01 4.691159999999999775e-01 1.386999999999999995e-03
1.900000000000000000e+01 1.200000000000000000e+01 1.500000000000000000e+01 0.000000000000000000e+00 1.600000000000000089e+00 8.310000000000000329e-04 3.739999999999999835e-03 -9.999930000000000208e-01 -4.701609999999999956e-01 -8.825730000000000519e-01 -3.690999999999999837e-03 -8.825800000000000312e-01 4.701609999999999956e-01 1.023999999999999954e-03
2.500000000000000000e+01 1.200000000000000000e+01 1.500000000000000000e+01 0.000000000000000000e+00 1.600000000000000089e+00 2.688999999999999984e-03 8.620000000000000275e-04 -9.999959999999999960e-01 -4.687549999999999772e-01 -8.833259999999999446e-01 -2.021999999999999926e-03 -8.833239999999999981e-01 4.687589999999999812e-01 -1.971000000000000096e-03
3.000000000000000000e+01 1.200000000000000000e+01 1.500000000000000000e+01 0.000000000000000000e+00 1.600000000000000089e+00 -1.108999999999999960e-03 2.305999999999999890e-03 -9.999970000000000248e-01 -4.696949999999999736e-01 -8.828279999999999461e-01 -1.515000000000000071e-03 -8.828279999999999461e-01 4.696910000000000251e-01 2.063000000000000164e-03
2.900000000000000000e+01 1.100000000000000000e+01 1.600000000000000000e+01 0.000000000000000000e+00 1.600000000000000089e+00 -5.159999999999999656e-04 1.541000000000000052e-03 -9.999989999999999712e-01 -4.137730000000000019e-01 -9.103790000000000493e-01 -1.188999999999999953e-03 -9.103799999999999670e-01 4.137719999999999732e-01 1.108000000000000044e-03
2.200000000000000000e+01 1.160000000000000000e+02 1.600000000000000000e+01 0.000000000000000000e+00 1.600000000000000089e+00 -6.383999999999999918e-03 -6.569000000000000186e-03 9.999580000000000135e-01 7.001049999999999773e-01 7.139809999999999768e-01 9.159999999999999740e-03 -7.140109999999999513e-01 7.001340000000000341e-01 4.199999999999999768e-05
3.000000000000000000e+00 2.000000000000000000e+00 1.900000000000000000e+01 0.000000000000000000e+00 1.600000000000000089e+00 1.072000000000000036e-03 -1.006600000000000029e-02 -9.999489999999999768e-01 2.094689999999999885e-01 -9.777630000000000488e-01 1.006699999999999956e-02 -9.778149999999999897e-01 -2.094689999999999885e-01 1.059999999999999961e-03
9.000000000000000000e+00 2.000000000000000000e+00 1.900000000000000000e+01 0.000000000000000000e+00 1.600000000000000089e+00 1.526999999999999929e-03 -1.436899999999999983e-02 -9.998960000000000070e-01 2.143039999999999945e-01 -9.766610000000000014e-01 1.436199999999999977e-02 -9.767660000000000231e-01 -2.143039999999999945e-01 1.588000000000000002e-03
1.300000000000000000e+01 2.000000000000000000e+00 1.900000000000000000e+01 0.000000000000000000e+00 1.600000000000000089e+00 -9.799999999999999684e-05 -3.879000000000000069e-03 -9.999919999999999920e-01 2.114580000000000071e-01 -9.773800000000000265e-01 3.771000000000000046e-03 -9.773870000000000058e-01 -2.114560000000000051e-01 9.160000000000000390e-04
2.000000000000000000e+01 2.000000000000000000e+00 1.900000000000000000e+01 0.000000000000000000e+00 1.600000000000000089e+00 -1.154000000000000078e-03 -5.204000000000000292e-03 -9.999860000000000415e-01 2.059269999999999989e-01 -9.785549999999999526e-01 4.854999999999999941e-03 -9.785669999999999646e-01 -2.059179999999999899e-01 2.200999999999999832e-03
2.400000000000000000e+01 2.000000000000000000e+00 1.900000000000000000e+01 0.000000000000000000e+00 1.600000000000000089e+00 -1.757000000000000098e-03 5.419999999999999471e-04 -9.999980000000000535e-01 2.074199999999999933e-01 -9.782520000000000104e-01 -8.940000000000000464e-04 -9.782499999999999529e-01 -2.074219999999999953e-01 1.606000000000000006e-03
3.000000000000000000e+01 2.000000000000000000e+00 1.900000000000000000e+01 0.000000000000000000e+00 1.600000000000000089e+00 -2.341000000000000199e-03 3.209000000000000047e-03 -9.999919999999999920e-01 2.065589999999999926e-01 -9.784270000000000467e-01 -3.622999999999999918e-03 -9.784310000000000507e-01 -2.065659999999999996e-01 1.626999999999999974e-03
5.000000000000000000e+00 4.000000000000000000e+00 2.000000000000000000e+01 0.000000000000000000e+00 1.600000000000000089e+00 1.484999999999999992e-03 -8.481000000000000691e-03 -9.999630000000000463e-01 2.969729999999999870e-01 -9.548480000000000301e-01 8.538999999999999715e-03 -9.548849999999999838e-01 -2.969740000000000157e-01 1.100000000000000066e-03
1.700000000000000000e+01 4.000000000000000000e+00 2.000000000000000000e+01 0.000000000000000000e+00 1.600000000000000089e+00 -3.640000000000000115e-04 -4.108999999999999805e-03 -9.999909999999999632e-01 2.917719999999999758e-01 -9.564799999999999969e-01 3.824000000000000142e-03 -9.564880000000000049e-01 -2.917680000000000273e-01 1.546999999999999981e-03
7.000000000000000000e+00 1.300000000000000000e+01 2.000000000000000000e+01 0.000000000000000000e+00 1.600000000000000089e+00 4.829999999999999767e-04 8.289999999999999843e-04 1.000000000000000000e+00 2.644529999999999936e-01 9.643979999999999775e-01 -9.269999999999999811e-04 -9.643990000000000062e-01 2.644529999999999936e-01 2.469999999999999865e-04
1.200000000000000000e+01 1.300000000000000000e+01 2.000000000000000000e+01 0.000000000000000000e+00 1.600000000000000089e+00 -1.630000000000000047e-04 6.369999999999999794e-04 1.000000000000000000e+00 2.640060000000000184e-01 9.645209999999999617e-01 -5.720000000000000258e-04 -9.645209999999999617e-01 2.640060000000000184e-01 -3.249999999999999851e-04
1.800000000000000000e+01 1.300000000000000000e+01 2.000000000000000000e+01 0.000000000000000000e+00 1.600000000000000089e+00 -2.635999999999999888e-03 4.629999999999999784e-04 9.999959999999999960e-01 2.638229999999999742e-01 9.645709999999999562e-01 2.489999999999999809e-04 -9.645669999999999522e-01 2.638229999999999742e-01 -2.664000000000000135e-03
2.600000000000000000e+01 1.300000000000000000e+01 2.000000000000000000e+01 0.000000000000000000e+00 1.600000000000000089e+00 2.988000000000000204e-03 2.552000000000000015e-03 9.999919999999999920e-01 2.624449999999999839e-01 9.649410000000000487e-01 -3.246999999999999886e-03 -9.649419999999999664e-01 2.624529999999999919e-01 2.213000000000000123e-03
2.900000000000000000e+01 1.300000000000000000e+01 2.000000000000000000e+01 0.000000000000000000e+00 1.600000000000000089e+00 2.031999999999999952e-03 1.559999999999999972e-03 9.999970000000000248e-01 2.609489999999999865e-01 9.653500000000000414e-01 -2.036000000000000049e-03 -9.653500000000000414e-01 2.609529999999999905e-01 1.554000000000000043e-03
2.000000000000000000e+00 1.600000000000000000e+01 2.100000000000000000e+01 0.000000000000000000e+00 1.600000000000000089e+00 1.520000000000000084e-03 -1.858999999999999975e-03 9.999970000000000248e-01 3.041559999999999819e-01 9.526210000000000511e-01 1.309000000000000051e-03 -9.526210000000000511e-01 3.041539999999999799e-01 2.013000000000000032e-03
7.000000000000000000e+00 1.600000000000000000e+01 2.100000000000000000e+01 0.000000000000000000e+00 1.600000000000000089e+00 -3.429999999999999889e-04 -3.219000000000000073e-03 9.999949999999999672e-01 3.028989999999999738e-01 9.530170000000000030e-01 3.171000000000000207e-03 -9.530229999999999535e-01 3.028989999999999738e-01 6.480000000000000300e-04
1.300000000000000000e+01 1.600000000000000000e+01 2.100000000000000000e+01 0.000000000000000000e+00 1.600000000000000089e+00 -9.799999999999999684e-05 2.688999999999999984e-03 9.999959999999999960e-01 3.030160000000000076e-01 9.529819999999999958e-01 -2.531999999999999963e-03 -9.529849999999999710e-01 3.030149999999999788e-01 -9.079999999999999530e-04
7.000000000000000000e+00 4.600000000000000000e+01 2.700000000000000000e+01 0.000000000000000000e+00 1.600000000000000089e+00 -1.363000000000000062e-03 5.349999999999999938e-04 -9.999989999999999712e-01 6.685050000000000159e-01 7.437080000000000357e-01 -5.130000000000000011e-04 7.437070000000000070e-01 -6.685050000000000159e-01 -1.371999999999999956e-03
2.300000000000000000e+01 4.600000000000000000e+01 2.700000000000000000e+01 0.000000000000000000e+00 1.600000000000000089e+00 -4.330000000000000081e-04 -1.247000000000000062e-03 -9.999989999999999712e-01 6.659239999999999604e-01 7.460179999999999589e-01 -1.219000000000000031e-03 7.460189999999999877e-01 -6.659239999999999604e-01 5.079999999999999880e-04
4.000000000000000000e+00 4.600000000000000000e+01 3.000000000000000000e+01 0.000000000000000000e+00 1.600000000000000089e+00 -8.159999999999999936e-04 -2.004000000000000139e-03 -9.999980000000000535e-01 3.222309999999999897e-01 9.466590000000000282e-01 -2.160000000000000028e-03 9.466609999999999747e-01 -3.222320000000000184e-01 -1.259999999999999998e-04
1.400000000000000000e+01 4.600000000000000000e+01 3.000000000000000000e+01 0.000000000000000000e+00 1.600000000000000089e+00 -7.200000000000000182e-05 2.539999999999999940e-04 -1.000000000000000000e+00 3.171350000000000002e-01 9.483800000000000008e-01 2.180000000000000134e-04 9.483800000000000008e-01 -3.171350000000000002e-01 -1.489999999999999897e-04
1.800000000000000000e+01 4.600000000000000000e+01 3.000000000000000000e+01 0.000000000000000000e+00 1.600000000000000089e+00 7.309999999999999875e-04 2.240999999999999936e-03 -9.999970000000000248e-01 3.182599999999999874e-01 9.480009999999999826e-01 2.357000000000000154e-03 9.480030000000000401e-01 -3.182610000000000161e-01 -2.099999999999999884e-05
2.800000000000000000e+01 4.600000000000000000e+01 3.000000000000000000e+01 0.000000000000000000e+00 1.600000000000000089e+00 -1.678999999999999937e-03 -3.359000000000000007e-03 -9.999930000000000208e-01 3.178380000000000094e-01 9.481380000000000363e-01 -3.719000000000000083e-03 9.481439999999999868e-01 -3.178420000000000134e-01 -5.240000000000000517e-04
3.000000000000000000e+00 5.800000000000000000e+01 3.100000000000000000e+01 0.000000000000000000e+00 1.600000000000000089e+00 -2.210999999999999858e-03 -6.731000000000000004e-03 9.999749999999999472e-01 -7.841860000000000497e-01 -6.204979999999999940e-01 -5.910999999999999588e-03 6.205220000000000180e-01 -7.841789999999999594e-01 -3.906000000000000184e-03
1.000000000000000000e+01 5.800000000000000000e+01 3.100000000000000000e+01 0.000000000000000000e+00 1.600000000000000089e+00 1.048000000000000103e-03 -2.027999999999999855e-03 9.999970000000000248e-01 -7.838699999999999557e-01 -6.209249999999999492e-01 -4.380000000000000213e-04 6.209240000000000315e-01 -7.838680000000000092e-01 -2.240999999999999936e-03
1.400000000000000000e+01 5.800000000000000000e+01 3.100000000000000000e+01 0.000000000000000000e+00 1.600000000000000089e+00 -1.549999999999999946e-03 -2.007999999999999802e-03 9.999970000000000248e-01 -7.841439999999999522e-01 -6.205739999999999590e-01 -2.462000000000000213e-03 6.205770000000000453e-01 -7.841460000000000097e-01 -6.130000000000000466e-04
2.100000000000000000e+01 5.800000000000000000e+01 3.100000000000000000e+01 0.000000000000000000e+00 1.600000000000000089e+00 4.499999999999999877e-04 1.701999999999999954e-03 9.999980000000000535e-01 -7.816910000000000247e-01 -6.236639999999999961e-01 1.412999999999999977e-03 6.236660000000000537e-01 -7.816899999999999959e-01 1.049999999999999935e-03
2.800000000000000000e+01 5.800000000000000000e+01 3.100000000000000000e+01 0.000000000000000000e+00 1.600000000000000089e+00 -5.102999999999999897e-03 -9.790000000000000091e-03 9.999390000000000223e-01 -7.687779999999999614e-01 -6.394349999999999756e-01 -1.018400000000000034e-02 6.394959999999999534e-01 -7.687829999999999941e-01 -4.263000000000000296e-03
2.300000000000000000e+01 4.200000000000000000e+01 3.400000000000000000e+01 0.000000000000000000e+00 1.600000000000000089e+00 1.910999999999999938e-03 -1.239000000000000084e-03 -9.999970000000000248e-01 -2.926199999999999912e-01 9.562270000000000492e-01 -1.744000000000000107e-03 9.562270000000000492e-01 2.926230000000000220e-01 1.464999999999999939e-03
2.000000000000000000e+00 4.600000000000000000e+01 3.500000000000000000e+01 0.000000000000000000e+00 1.600000000000000089e+00 -1.160999999999999923e-03 -1.820000000000000057e-04 -9.999989999999999712e-01 3.858349999999999835e-01 -9.225680000000000547e-01 -2.799999999999999755e-04 -9.225670000000000259e-01 -3.858349999999999835e-01 1.142000000000000003e-03
6.000000000000000000e+00 4.600000000000000000e+01 3.500000000000000000e+01 0.000000000000000000e+00 1.600000000000000089e+00 -5.259999999999999919e-04 5.519999999999999733e-04 -1.000000000000000000e+00 3.868809999999999749e-01 -9.221289999999999765e-01 -7.129999999999999836e-04 -9.221289999999999765e-01 -3.868820000000000037e-01 2.719999999999999979e-04
1.200000000000000000e+01 4.600000000000000000e+01 3.500000000000000000e+01 0.000000000000000000e+00 1.600000000000000089e+00 2.069999999999999900e-04 -8.599999999999999789e-04 -1.000000000000000000e+00 3.861720000000000153e-01 -9.224259999999999682e-01 8.729999999999999696e-04 -9.224269999999999969e-01 -3.861720000000000153e-01 1.410000000000000120e-04
1.900000000000000000e+01 4.600000000000000000e+01 3.500000000000000000e+01 0.000000000000000000e+00 1.600000000000000089e+00 7.050000000000000060e-04 -3.079999999999999839e-03 -9.999949999999999672e-01 3.842570000000000152e-01 -9.232209999999999583e-01 3.115000000000000147e-03 -9.232259999999999911e-01 -3.842570000000000152e-01 5.320000000000000293e-04
2.400000000000000000e+01 4.600000000000000000e+01 3.500000000000000000e+01 0.000000000000000000e+00 1.600000000000000089e+00 -2.390000000000000089e-04 -1.361000000000000014e-03 -9.999989999999999712e-01 3.856370000000000076e-01 -9.226499999999999702e-01 1.162999999999999971e-03 -9.226499999999999702e-01 -3.856370000000000076e-01 7.460000000000000268e-04
4.000000000000000000e+00 9.500000000000000000e+01 3.600000000000000000e+01 0.000000000000000000e+00 1.600000000000000089e+00 -3.880000000000000202e-03 -2.674400000000000041e-02 9.996350000000000513e-01 9.972600000000000353e-01 7.374999999999999611e-02 5.843000000000000103e-03 -7.387900000000000023e-02 9.969179999999999708e-01 2.638400000000000120e-02
9.000000000000000000e+00 9.500000000000000000e+01 3.600000000000000000e+01 0.000000000000000000e+00 1.600000000000000089e+00 -2.549000000000000050e-03 -1.466600000000000022e-02 9.998890000000000278e-01 9.975979999999999848e-01 6.917600000000000138e-02 3.556999999999999832e-03 -6.922000000000000375e-02 9.974969999999999670e-01 1.445399999999999983e-02
1.600000000000000000e+01 9.500000000000000000e+01 3.600000000000000000e+01 0.000000000000000000e+00 1.600000000000000089e+00 1.276000000000000007e-03 -1.545900000000000052e-02 9.998799999999999910e-01 9.977169999999999650e-01 6.752600000000000269e-02 -2.300000000000000070e-04 -6.751500000000000556e-02 9.975979999999999848e-01 1.550999999999999948e-02
2.000000000000000000e+01 9.500000000000000000e+01 3.600000000000000000e+01 0.000000000000000000e+00 1.600000000000000089e+00 6.939999999999999555e-04 1.823200000000000168e-02 9.998340000000000005e-01 9.976479999999999793e-01 6.852300000000000058e-02 -1.941999999999999933e-03 -6.854699999999999682e-02 9.974830000000000085e-01 -1.814199999999999841e-02
2.700000000000000000e+01 9.500000000000000000e+01 3.600000000000000000e+01 0.000000000000000000e+00 1.600000000000000089e+00 1.915800000000000142e-02 5.099000000000000234e-03 9.998029999999999973e-01 9.972839999999999483e-01 7.102600000000000580e-02 -1.947199999999999973e-02 -7.111199999999999466e-02 9.974610000000000420e-01 -3.723999999999999880e-03
3.000000000000000000e+01 9.500000000000000000e+01 3.600000000000000000e+01 0.000000000000000000e+00 1.600000000000000089e+00 2.102400000000000102e-02 -2.828299999999999911e-02 9.993790000000000173e-01 9.969700000000000228e-01 7.546700000000000630e-02 -1.883699999999999958e-02 -7.488699999999999524e-02 9.967470000000000496e-01 2.978400000000000145e-02
3.000000000000000000e+00 3.000000000000000000e+00 4.300000000000000000e+01 0.000000000000000000e+00 1.600000000000000089e+00 5.282000000000000237e-03 -1.092599999999999995e-02 -9.999259999999999815e-01 7.376970000000000471e-01 -6.750380000000000269e-01 1.127300000000000003e-02 -6.751110000000000166e-01 -7.377019999999999689e-01 4.494999999999999864e-03
9.000000000000000000e+00 3.000000000000000000e+00 4.300000000000000000e+01 0.000000000000000000e+00 1.600000000000000089e+00 -2.445999999999999824e-03 -9.529999999999999626e-04 -9.999970000000000248e-01 7.398190000000000044e-01 -6.728049999999999864e-01 -1.167999999999999984e-03 -6.728020000000000111e-01 -7.398190000000000044e-01 2.350000000000000092e-03
1.600000000000000000e+01 3.000000000000000000e+00 4.300000000000000000e+01 0.000000000000000000e+00 1.600000000000000089e+00 5.410000000000000312e-04 -1.434799999999999964e-02 -9.998970000000000358e-01 7.412539999999999685e-01 -6.711500000000000243e-01 1.003199999999999925e-02 -6.712249999999999606e-01 -7.411830000000000362e-01 1.027299999999999915e-02
1.900000000000000000e+01 3.000000000000000000e+00 4.300000000000000000e+01 0.000000000000000000e+00 1.600000000000000089e+00 7.410000000000000137e-04 -6.361999999999999600e-03 -9.999789999999999512e-01 7.413889999999999647e-01 -6.710580000000000434e-01 4.819000000000000367e-03 -6.710749999999999771e-01 -7.413769999999999527e-01 4.218999999999999660e-03
2.400000000000000000e+01 3.000000000000000000e+00 4.300000000000000000e+01 0.000000000000000000e+00 1.600000000000000089e+00 -1.175999999999999962e-03 -1.277200000000000037e-02 -9.999179999999999735e-01 7.417899999999999494e-01 -6.705889999999999906e-01 7.693000000000000185e-03 -6.706320000000000059e-01 -7.417190000000000172e-01 1.026299999999999955e-02
2.900000000000000000e+01 8.000000000000000000e+00 4.400000000000000000e+01 0.000000000000000000e+00 1.600000000000000089e+00 1.012000000000000096e-03 2.769999999999999893e-03 9.999959999999999960e-01 -7.724039999999999795e-01 -6.351259999999999684e-01 2.540999999999999856e-03 6.351310000000000011e-01 -7.724029999999999507e-01 1.495999999999999934e-03
2.000000000000000000e+00 2.900000000000000000e+01 4.400000000000000000e+01 0.000000000000000000e+00 1.600000000000000089e+00 2.972999999999999948e-03 1.683999999999999950e-03 -9.999940000000000495e-01 6.624579999999999913e-01 7.490919999999999801e-01 3.230999999999999931e-03 7.490930000000000089e-01 -6.624640000000000528e-01 1.111000000000000008e-03
6.000000000000000000e+00 2.900000000000000000e+01 4.400000000000000000e+01 0.000000000000000000e+00 1.600000000000000089e+00 -3.629999999999999872e-04 -3.789999999999999966e-04 -1.000000000000000000e+00 6.713289999999999536e-01 7.411590000000000122e-01 -5.249999999999999676e-04 7.411590000000000122e-01 -6.713289999999999536e-01 -1.500000000000000038e-05
1.800000000000000000e+01 2.900000000000000000e+01 4.400000000000000000e+01 0.000000000000000000e+00 1.600000000000000089e+00 3.159999999999999832e-04 2.066000000000000128e-03 -9.999980000000000535e-01 6.814139999999999642e-01 7.318970000000000198e-01 1.727999999999999935e-03 7.318989999999999663e-01 -6.814130000000000464e-01 -1.177000000000000095e-03
2.300000000000000000e+01 2.900000000000000000e+01 4.400000000000000000e+01 0.000000000000000000e+00 1.600000000000000089e+00 1.420000000000000092e-04 1.423999999999999919e-03 -9.999989999999999712e-01 6.783040000000000180e-01 7.347810000000000175e-01 1.142000000000000003e-03 7.347810000000000175e-01 -6.783029999999999893e-01 -8.610000000000000032e-04
2.900000000000000000e+01 2.900000000000000000e+01 4.400000000000000000e+01 0.000000000000000000e+00 1.600000000000000089e+00 -1.157999999999999958e-03 4.133000000000000389e-03 -9.999909999999999632e-01 6.627250000000000085e-01 7.488590000000000524e-01 2.328000000000000208e-03 7.488620000000000276e-01 -6.627159999999999718e-01 -3.605999999999999830e-03
1.100000000000000000e+01 6.000000000000000000e+00 5.100000000000000000e+01 0.000000000000000000e+00 1.600000000000000089e+00 1.675999999999999972e-03 -2.125999999999999852e-03 -9.999959999999999960e-01 3.316080000000000139e-01 -9.434139999999999748e-01 2.562000000000000041e-03 -9.434160000000000323e-01 -3.316109999999999891e-01 -8.760000000000000425e-04
1.600000000000000000e+01 6.000000000000000000e+00 5.100000000000000000e+01 0.000000000000000000e+00 1.600000000000000089e+00 -1.920000000000000049e-03 -4.762999999999999873e-03 -9.999869999999999592e-01 3.258050000000000113e-01 -9.454289999999999639e-01 3.876999999999999804e-03 -9.454350000000000254e-01 -3.257939999999999725e-01 3.367000000000000201e-03
2.500000000000000000e+01 1.150000000000000000e+02 5.100000000000000000e+01 0.000000000000000000e+00 1.600000000000000089e+00 -2.860999999999999828e-03 -7.753000000000000343e-03 9.999660000000000215e-01 8.450180000000000469e-01 -5.347349999999999604e-01 -1.727999999999999935e-03 5.347300000000000386e-01 8.449839999999999574e-01 8.082000000000000642e-03
4.000000000000000000e+00 7.000000000000000000e+00 5.200000000000000000e+01 0.000000000000000000e+00 1.600000000000000089e+00 -3.828999999999999938e-03 -2.122999999999999887e-03 -9.999900000000000455e-01 1.267250000000000043e-01 -9.919369999999999576e-01 1.621000000000000045e-03 -9.919310000000000072e-01 -1.267169999999999963e-01 4.067000000000000302e-03
1.400000000000000000e+01 7.000000000000000000e+00 5.200000000000000000e+01 0.000000000000000000e+00 1.600000000000000089e+00 -1.979999999999999881e-04 -3.020000000000000115e-03 -9.999949999999999672e-01 1.121779999999999999e-01 -9.936840000000000117e-01 2.978000000000000178e-03 -9.936880000000000157e-01 -1.121769999999999989e-01 5.360000000000000181e-04
9.000000000000000000e+00 1.600000000000000000e+01 5.200000000000000000e+01 0.000000000000000000e+00 1.600000000000000089e+00 8.472000000000000364e-03 1.108100000000000057e-02 -9.999029999999999863e-01 7.780030000000000001e-01 6.281149999999999789e-01 1.355300000000000081e-02 6.282039999999999846e-01 -7.780420000000000114e-01 -3.299999999999999982e-03
1.500000000000000000e+01 1.500000000000000000e+01 5.300000000000000000e+01 0.000000000000000000e+00 1.600000000000000089e+00 4.270999999999999623e-03 -5.687000000000000215e-03 -9.999749999999999472e-01 6.838739999999999819e-01 7.295989999999999975e-01 -1.229000000000000058e-03 7.295880000000000143e-01 -6.838509999999999867e-01 7.004999999999999942e-03
2.000000000000000000e+01 1.500000000000000000e+01 5.300000000000000000e+01 0.000000000000000000e+00 1.600000000000000089e+00 -1.940000000000000101e-03 -7.383999999999999939e-03 -9.999710000000000543e-01 6.835900000000000309e-01 7.298350000000000115e-01 -6.714999999999999615e-03 7.298639999999999572e-01 -6.835830000000000517e-01 3.631999999999999812e-03
5.000000000000000000e+00 6.300000000000000000e+01 5.400000000000000000e+01 0.000000000000000000e+00 1.600000000000000089e+00 1.033999999999999980e-03 -4.235000000000000049e-03 9.999909999999999632e-01 -3.569240000000000190e-01 9.341230000000000366e-01 4.324999999999999852e-03 -9.341329999999999911e-01 -3.569249999999999923e-01 -5.450000000000000200e-04
9.000000000000000000e+00 6.300000000000000000e+01 5.400000000000000000e+01 0.000000000000000000e+00 1.600000000000000089e+00 -1.136999999999999990e-03 -1.800000000000000113e-04 9.999989999999999712e-01 -3.497390000000000221e-01 9.368469999999999853e-01 -2.290000000000000098e-04 -9.368469999999999853e-01 -3.497390000000000221e-01 -1.128000000000000096e-03
1.400000000000000000e+01 6.300000000000000000e+01 5.400000000000000000e+01 0.000000000000000000e+00 1.600000000000000089e+00 8.540000000000000499e-04 1.443000000000000055e-03 9.999989999999999712e-01 -3.507649999999999935e-01 9.364630000000000454e-01 -1.051000000000000068e-03 -9.364630000000000454e-01 -3.507640000000000202e-01 1.304999999999999953e-03
1.700000000000000000e+01 6.300000000000000000e+01 5.400000000000000000e+01 0.000000000000000000e+00 1.600000000000000089e+00 1.242000000000000048e-03 -4.099999999999999912e-04 9.999989999999999712e-01 -3.519129999999999758e-01 9.360319999999999752e-01 8.210000000000000067e-04 -9.360319999999999752e-01 -3.519140000000000046e-01 1.018000000000000025e-03
2.300000000000000000e+01 6.300000000000000000e+01 5.400000000000000000e+01 0.000000000000000000e+00 1.600000000000000089e+00 -1.137999999999999906e-03 4.989999999999999861e-04 9.999989999999999712e-01 -3.515340000000000131e-01 9.361749999999999794e-01 -8.670000000000000406e-04 -9.361739999999999506e-01 -3.515349999999999864e-01 -8.899999999999999491e-04
2.900000000000000000e+01 6.300000000000000000e+01 5.400000000000000000e+01 0.000000000000000000e+00 1.600000000000000089e+00 -2.445999999999999824e-03 4.979999999999999618e-04 9.999970000000000248e-01 -3.583600000000000119e-01 9.335830000000000517e-01 -1.340999999999999961e-03 -9.335799999999999654e-01 -3.583620000000000139e-01 -2.105000000000000100e-03
4.000000000000000000e+00 2.500000000000000000e+01 5.500000000000000000e+01 0.000000000000000000e+00 1.600000000000000089e+00 2.039000000000000014e-03 2.812999999999999962e-03 -9.999940000000000495e-01 -1.178799999999999987e-02 -9.999270000000000103e-01 -2.837000000000000112e-03 -9.999280000000000390e-01 1.179400000000000066e-02 -2.004999999999999838e-03
7.000000000000000000e+00 2.500000000000000000e+01 5.500000000000000000e+01 0.000000000000000000e+00 1.600000000000000089e+00 8.030000000000000028e-04 -1.531999999999999942e-03 -9.999989999999999712e-01 -1.188299999999999947e-02 -9.999280000000000390e-01 1.523000000000000048e-03 -9.999289999999999567e-01 1.188200000000000020e-02 -8.220000000000000310e-04
1.700000000000000000e+01 2.500000000000000000e+01 5.500000000000000000e+01 0.000000000000000000e+00 1.600000000000000089e+00 -1.150999999999999896e-03 -1.642999999999999929e-03 -9.999980000000000535e-01 -1.122199999999999934e-02 -9.999360000000000470e-01 1.655999999999999920e-03 -9.999360000000000470e-01 1.122399999999999960e-02 1.131999999999999977e-03
2.100000000000000000e+01 2.500000000000000000e+01 5.500000000000000000e+01 0.000000000000000000e+00 1.600000000000000089e+00 -4.760000000000000234e-04 1.961000000000000069e-03 -9.999980000000000535e-01 -1.084800000000000000e-02 -9.999390000000000223e-01 -1.955999999999999839e-03 -9.999409999999999688e-01 1.084700000000000074e-02 4.979999999999999618e-04
2.500000000000000000e+01 2.500000000000000000e+01 5.500000000000000000e+01 0.000000000000000000e+00 1.600000000000000089e+00 1.732999999999999948e-03 2.053999999999999836e-03 -9.999959999999999960e-01 -1.065699999999999981e-02 -9.999409999999999688e-01 -2.072000000000000057e-03 -9.999419999999999975e-01 1.066100000000000034e-02 -1.711000000000000064e-03
1.200000000000000000e+01 6.800000000000000000e+01 5.700000000000000000e+01 0.000000000000000000e+00 1.600000000000000089e+00 4.550000000000000008e-04 -4.398000000000000000e-03 -9.999900000000000455e-01 -2.404100000000000126e-01 -9.706630000000000535e-01 4.159000000000000370e-03 -9.706709999999999505e-01 2.404060000000000086e-01 -1.498999999999999898e-03
3.000000000000000000e+00 2.100000000000000000e+01 6.000000000000000000e+01 0.000000000000000000e+00 1.600000000000000089e+00 1.848000000000000033e-03 3.127000000000000005e-03 9.999930000000000208e-01 -9.638299999999999645e-02 9.953400000000000025e-01 -2.933999999999999976e-03 -9.953429999999999778e-01 -9.637700000000000433e-02 2.141000000000000108e-03
9.000000000000000000e+00 2.100000000000000000e+01 6.000000000000000000e+01 0.000000000000000000e+00 1.600000000000000089e+00 -9.879999999999999460e-04 -3.580999999999999982e-03 9.999930000000000208e-01 -9.755300000000000082e-02 9.952239999999999975e-01 3.468000000000000162e-03 -9.952299999999999480e-01 -9.754899999999999682e-02 -1.332000000000000068e-03
1.400000000000000000e+01 2.100000000000000000e+01 6.000000000000000000e+01 0.000000000000000000e+00 1.600000000000000089e+00 -4.380000000000000213e-04 7.015999999999999667e-03 9.999749999999999472e-01 -9.755099999999999882e-02 9.952060000000000350e-01 -7.024999999999999994e-03 -9.952299999999999480e-01 -9.755099999999999882e-02 2.489999999999999809e-04
2.100000000000000000e+01 3.000000000000000000e+00 6.300000000000000000e+01 0.000000000000000000e+00 1.600000000000000089e+00 -5.389999999999999826e-04 4.101999999999999744e-03 9.999909999999999632e-01 -6.150529999999999609e-01 7.884780000000000122e-01 -3.566000000000000159e-03 -7.884860000000000202e-01 -6.150489999999999569e-01 2.098000000000000038e-03
2.700000000000000000e+01 3.000000000000000000e+00 6.300000000000000000e+01 0.000000000000000000e+00 1.600000000000000089e+00 -4.889999999999999599e-04 1.368000000000000075e-03 9.999989999999999712e-01 -6.124279999999999724e-01 7.905250000000000332e-01 -1.379999999999999933e-03 -7.905259999999999510e-01 -6.124279999999999724e-01 4.510000000000000120e-04
3.000000000000000000e+00 2.700000000000000000e+01 6.300000000000000000e+01 0.000000000000000000e+00 1.600000000000000089e+00 -1.100999999999999982e-03 3.191999999999999959e-03 9.999940000000000495e-01 -2.728490000000000082e-01 9.620509999999999895e-01 -3.370999999999999865e-03 -9.620560000000000223e-01 -2.728510000000000102e-01 -1.879999999999999890e-04
6.000000000000000000e+00 2.700000000000000000e+01 6.300000000000000000e+01 0.000000000000000000e+00 1.600000000000000089e+00 4.110000000000000155e-04 -1.115000000000000106e-03 9.999989999999999712e-01 -2.742229999999999945e-01 9.616649999999999920e-01 1.185000000000000072e-03 -9.616660000000000208e-01 -2.742240000000000233e-01 9.000000000000000567e-05
1.200000000000000000e+01 2.700000000000000000e+01 6.300000000000000000e+01 0.000000000000000000e+00 1.600000000000000089e+00 -9.950000000000000077e-04 -2.680000000000000090e-03 9.999959999999999960e-01 -2.735810000000000186e-01 9.618459999999999788e-01 2.305000000000000191e-03 -9.618480000000000363e-01 -2.735779999999999879e-01 -1.691000000000000012e-03
