8.000000000000000000e+00 2.500000000000000000e+01 1.000000000000000000e+00 0.000000000000000000e+00 1.600000000000000089e+00 -1.543000000000000101e-03 4.200000000000000174e-04 -9.999989999999999712e-01 -5.227500000000000480e-01 -8.524859999999999660e-01 4.490000000000000176e-04 -8.524850000000000483e-01 5.227500000000000480e-01 1.533999999999999990e-03
2.500000000000000000e+01 2.500000000000000000e+01 1.000000000000000000e+00 0.000000000000000000e+00 1.600000000000000089e+00 -1.039999999999999909e-03 1.479999999999999979e-03 -9.999980000000000535e-01 -5.238829999999999876e-01 -8.517900000000000471e-01 -7.159999999999999481e-04 -8.517890000000000184e-01 5.238819999999999588e-01 1.660999999999999933e-03
2.900000000000000000e+01 2.500000000000000000e+01 1.000000000000000000e+00 0.000000000000000000e+00 1.600000000000000089e+00 -8.630000000000000518e-04 7.414999999999999716e-03 -9.999719999999999720e-01 -5.231339999999999879e-01 -8.522300000000000431e-01 -5.867999999999999952e-03 -8.522499999999999520e-01 5.231149999999999967e-01 4.615000000000000178e-03
3.000000000000000000e+00 1.500000000000000000e+01 4.000000000000000000e+00 0.000000000000000000e+00 1.600000000000000089e+00 3.343000000000000051e-03 5.654000000000000171e-03 9.999780000000000335e-01 3.160149999999999904e-01 -9.487440000000000317e-01 4.308000000000000197e-03 9.487480000000000357e-01 3.159939999999999971e-01 -4.958999999999999866e-03
8.000000000000000000e+00 1.500000000000000000e+01 4.000000000000000000e+00 0.000000000000000000e+00 1.600000000000000089e+00 2.808000000000000166e-03 -3.719000000000000083e-03 9.999890000000000168e-01 3.176120000000000054e-01 -9.482099999999999973e-01 -4.419000000000000185e-03 9.482169999999999765e-01 3.176209999999999867e-01 -1.482000000000000027e-03
1.200000000000000000e+01 1.500000000000000000e+01 4.000000000000000000e+00 0.000000000000000000e+00 1.600000000000000089e+00 2.735000000000000018e-03 -3.969999999999999571e-03 9.999879999999999880e-01 3.180689999999999906e-01 -9.480560000000000098e-01 -4.634000000000000098e-03 9.480640000000000178e-01 3.180780000000000274e-01 -1.330000000000000019e-03
2.000000000000000000e+01 1.500000000000000000e+01 4.000000000000000000e+00 0.000000000000000000e+00 1.600000000000000089e+00 1.448999999999999984e-03 -1.855000000000000095e-03 9.999970000000000248e-01 3.176829999999999932e-01 -9.481939999999999813e-01 -2.219000000000000052e-03 9.481960000000000388e-01 3.176860000000000239e-01 -7.849999999999999990e-04
2.600000000000000000e+01 1.500000000000000000e+01 4.000000000000000000e+00 0.000000000000000000e+00 1.600000000000000089e+00 1.046999999999999971e-03 -3.673000000000000050e-03 9.999930000000000208e-01 3.267220000000000124e-01 -9.451129999999999809e-01 -3.814000000000000116e-03 9.451199999999999601e-01 3.267240000000000144e-01 2.100000000000000087e-04
3.000000000000000000e+01 1.500000000000000000e+01 4.000000000000000000e+00 0.000000000000000000e+00 1.600000000000000089e+00 1.314999999999999980e-03 1.550000000000000000e-04 9.999989999999999712e-01 3.270359999999999934e-01 -9.450119999999999632e-01 -2.829999999999999942e-04 9.450110000000000454e-01 3.270370000000000221e-01 -1.293000000000000095e-03
4.000000000000000000e+00 4.000000000000000000e+00 5.000000000000000000e+00 0.000000000000000000e+00 1.600000000000000089e+00 -7.438000000000000167e-03 -1.234200000000000054e-02 9.998960000000000070e-01 2.242770000000000041e-01 -9.744699999999999473e-01 -1.035900000000000015e-02 9.744969999999999466e-01 2.241769999999999874e-01 1.001600000000000060e-02
2.000000000000000000e+01 1.010000000000000000e+02 7.000000000000000000e+00 0.000000000000000000e+00 1.600000000000000089e+00 1.600000000000000131e-04 1.672399999999999928e-02 9.998599999999999710e-01 8.886420000000000430e-01 4.585339999999999971e-01 -7.811000000000000235e-03 -4.586009999999999809e-01 8.885189999999999477e-01 -1.478800000000000080e-02
2.400000000000000000e+01 1.010000000000000000e+02 7.000000000000000000e+00 0.000000000000000000e+00 1.600000000000000089e+00 -3.730999999999999941e-03 2.603999999999999978e-03 9.999900000000000455e-01 8.886260000000000270e-01 4.586270000000000069e-01 2.121000000000000055e-03 -4.586169999999999969e-01 8.886249999999999982e-01 -4.024999999999999932e-03
2.900000000000000000e+01 1.010000000000000000e+02 7.000000000000000000e+00 0.000000000000000000e+00 1.600000000000000089e+00 -2.422999999999999807e-03 -1.134300000000000065e-02 9.999329999999999607e-01 8.875720000000000276e-01 4.606089999999999907e-01 7.375999999999999744e-03 -4.606620000000000159e-01 8.875309999999999588e-01 8.951000000000000623e-03
6.000000000000000000e+00 2.500000000000000000e+01 8.000000000000000000e+00 0.000000000000000000e+00 1.600000000000000089e+00 1.902000000000000045e-03 3.373999999999999829e-03 -9.999919999999999920e-01 4.488519999999999732e-01 8.935980000000000034e-01 3.869000000000000043e-03 8.936039999999999539e-01 -4.488559999999999772e-01 1.849999999999999973e-04
1.200000000000000000e+01 2.500000000000000000e+01 8.000000000000000000e+00 0.000000000000000000e+00 1.600000000000000089e+00 1.007999999999999998e-03 -2.100000000000000087e-04 -1.000000000000000000e+00 4.483059999999999823e-01 8.938800000000000079e-01 2.640000000000000202e-04 8.938789999999999791e-01 -4.483059999999999823e-01 9.950000000000000077e-04
1.800000000000000000e+01 2.500000000000000000e+01 8.000000000000000000e+00 0.000000000000000000e+00 1.600000000000000089e+00 2.396000000000000126e-03 6.041000000000000363e-03 -9.999789999999999512e-01 4.482300000000000173e-01 8.938949999999999951e-01 6.473999999999999720e-03 8.939150000000000151e-01 -4.482360000000000233e-01 -5.659999999999999884e-04
2.300000000000000000e+01 2.500000000000000000e+01 8.000000000000000000e+00 0.000000000000000000e+00 1.600000000000000089e+00 7.179999999999999967e-04 3.676000000000000014e-03 -9.999930000000000208e-01 4.467340000000000200e-01 8.946600000000000108e-01 3.609999999999999928e-03 8.946669999999999900e-01 -4.467329999999999912e-01 -1.000000000000000021e-03
2.700000000000000000e+01 2.500000000000000000e+01 8.000000000000000000e+00 0.000000000000000000e+00 1.600000000000000089e+00 1.330000000000000019e-03 -3.213999999999999843e-03 -9.999940000000000495e-01 4.453869999999999774e-01 8.953349999999999920e-01 -2.285000000000000139e-03 8.953370000000000495e-01 -4.453820000000000001e-01 2.622000000000000199e-03
6.000000000000000000e+00 2.400000000000000000e+01 9.000000000000000000e+00 0.000000000000000000e+00 1.600000000000000089e+00 1.889000000000000054e-03 5.394000000000000357e-03 -9.999839999999999840e-01 4.533829999999999805e-01 8.912980000000000347e-01 5.663999999999999764e-03 8.913140000000000507e-01 -4.533860000000000112e-01 -7.619999999999999820e-04
1.200000000000000000e+01 2.400000000000000000e+01 9.000000000000000000e+00 0.000000000000000000e+00 1.600000000000000089e+00 9.810000000000001011e-04 3.400000000000000244e-04 -9.999989999999999712e-01 4.532070000000000265e-01 8.914050000000000029e-01 7.479999999999999670e-04 8.914050000000000029e-01 -4.532079999999999997e-01 7.209999999999999612e-04
1.800000000000000000e+01 2.400000000000000000e+01 9.000000000000000000e+00 0.000000000000000000e+00 1.600000000000000089e+00 2.246000000000000166e-03 6.030999999999999903e-03 -9.999789999999999512e-01 4.513889999999999847e-01 8.923039999999999861e-01 6.395999999999999776e-03 8.923240000000000061e-01 -4.513940000000000174e-01 -7.179999999999999967e-04
2.300000000000000000e+01 2.400000000000000000e+01 9.000000000000000000e+00 0.000000000000000000e+00 1.600000000000000089e+00 6.610000000000000207e-04 2.750999999999999973e-03 -9.999959999999999960e-01 4.485270000000000090e-01 8.937650000000000317e-01 2.755000000000000070e-03 8.937690000000000357e-01 -4.485270000000000090e-01 -6.430000000000000169e-04
2.600000000000000000e+01 2.400000000000000000e+01 9.000000000000000000e+00 0.000000000000000000e+00 1.600000000000000089e+00 1.407999999999999963e-03 -2.086000000000000180e-03 -9.999970000000000248e-01 4.478889999999999816e-01 8.940879999999999939e-01 -1.234999999999999987e-03 8.940879999999999939e-01 -4.478860000000000063e-01 2.193000000000000071e-03
2.200000000000000000e+01 1.200000000000000000e+01 1.000000000000000000e+01 0.000000000000000000e+00 1.600000000000000089e+00 -5.379999999999999583e-04 -3.115000000000000147e-03 -9.999949999999999672e-01 -5.538589999999999902e-01 -8.326059999999999572e-01 2.892000000000000039e-03 -8.326099999999999612e-01 5.538579999999999615e-01 -1.276999999999999923e-03
2.500000000000000000e+01 1.200000000000000000e+01 1.000000000000000000e+01 0.000000000000000000e+00 1.600000000000000089e+00 -1.389999999999999960e-03 -1.052400000000000037e-02 -9.999440000000000550e-01 -5.547320000000000029e-01 -8.319750000000000201e-01 9.528000000000000011e-03 -8.320279999999999898e-01 5.547140000000000404e-01 -4.681000000000000265e-03
1.000000000000000000e+00 3.100000000000000000e+01 1.200000000000000000e+01 0.000000000000000000e+00 1.600000000000000089e+00 5.410000000000000312e-04 -2.159999999999999919e-04 1.000000000000000000e+00 -2.099999999999999870e-03 9.999980000000000535e-01 2.169999999999999891e-04 -9.999980000000000535e-01 -2.099999999999999870e-03 5.400000000000000069e-04
4.000000000000000000e+00 3.100000000000000000e+01 1.200000000000000000e+01 0.000000000000000000e+00 1.600000000000000089e+00 -6.099999999999999737e-04 -1.270000000000000078e-03 9.999989999999999712e-01 -7.299999999999999903e-05 9.999989999999999712e-01 1.270000000000000078e-03 -1.000000000000000000e+00 -7.200000000000000182e-05 -6.109999999999999980e-04
7.000000000000000000e+00 3.100000000000000000e+01 1.200000000000000000e+01 0.000000000000000000e+00 1.600000000000000089e+00 -4.099999999999999912e-04 -1.100000000000000039e-04 1.000000000000000000e+00 1.623000000000000094e-03 9.999989999999999712e-01 1.100000000000000039e-04 -9.999989999999999712e-01 1.623000000000000094e-03 -4.099999999999999912e-04
1.100000000000000000e+01 3.100000000000000000e+01 1.200000000000000000e+01 0.000000000000000000e+00 1.600000000000000089e+00 1.978999999999999856e-03 3.811000000000000151e-03 9.999909999999999632e-01 3.647000000000000068e-03 9.999860000000000415e-01 -3.818000000000000213e-03 -9.999909999999999632e-01 3.654000000000000130e-03 1.965000000000000167e-03
1.900000000000000000e+01 3.100000000000000000e+01 1.200000000000000000e+01 0.000000000000000000e+00 1.600000000000000089e+00 9.610000000000000486e-04 -5.303000000000000422e-03 9.999850000000000128e-01 6.453000000000000402e-03 9.999649999999999928e-01 5.296999999999999625e-03 -9.999789999999999512e-01 6.447999999999999739e-03 9.959999999999999236e-04
2.200000000000000000e+01 3.100000000000000000e+01 1.200000000000000000e+01 0.000000000000000000e+00 1.600000000000000089e+00 8.660000000000000163e-04 1.332999999999999984e-03 9.999989999999999712e-01 4.288000000000000145e-03 9.999900000000000455e-01 -1.337000000000000081e-03 -9.999900000000000455e-01 4.289000000000000278e-03 8.599999999999999789e-04
2.500000000000000000e+01 3.100000000000000000e+01 1.200000000000000000e+01 0.000000000000000000e+00 1.600000000000000089e+00 -6.120000000000000223e-04 2.171999999999999886e-03 9.999970000000000248e-01 3.820000000000000045e-03 9.999900000000000455e-01 -2.168999999999999921e-03 -9.999919999999999920e-01 3.818999999999999912e-03 -6.210000000000000242e-04
1.500000000000000000e+01 1.160000000000000000e+02 1.600000000000000000e+01 0.000000000000000000e+00 1.600000000000000089e+00 7.420000000000000380e-04 1.629999999999999939e-03 9.999980000000000535e-01 6.620319999999999538e-01 7.494739999999999736e-01 -1.712999999999999896e-03 -7.494750000000000023e-01 6.620319999999999538e-01 -5.230000000000000274e-04
1.800000000000000000e+01 1.160000000000000000e+02 1.600000000000000000e+01 0.000000000000000000e+00 1.600000000000000089e+00 1.662999999999999982e-03 9.879999999999999460e-04 9.999980000000000535e-01 6.762190000000000145e-01 7.366989999999999927e-01 -1.851999999999999914e-03 -7.366989999999999927e-01 6.762209999999999610e-01 5.569999999999999864e-04
2.800000000000000000e+01 1.160000000000000000e+02 1.600000000000000000e+01 0.000000000000000000e+00 1.600000000000000089e+00 -6.009999999999999717e-04 3.406999999999999872e-03 9.999940000000000495e-01 6.766299999999999537e-01 7.363199999999999745e-01 -2.102000000000000136e-03 -7.363229999999999498e-01 6.766250000000000320e-01 -2.748000000000000009e-03
6.000000000000000000e+00 2.000000000000000000e+00 1.900000000000000000e+01 0.000000000000000000e+00 1.600000000000000089e+00 -1.139999999999999954e-03 -8.810000000000000123e-03 -9.999609999999999888e-01 1.944770000000000110e-01 -9.808710000000000484e-01 8.420000000000000401e-03 -9.809059999999999446e-01 -1.944589999999999930e-01 2.831999999999999882e-03
1.000000000000000000e+01 2.000000000000000000e+00 1.900000000000000000e+01 0.000000000000000000e+00 1.600000000000000089e+00 -1.090000000000000067e-04 8.589999999999999546e-04 -1.000000000000000000e+00 1.930610000000000104e-01 -9.811860000000000026e-01 -8.639999999999999677e-04 -9.811870000000000314e-01 -1.930610000000000104e-01 -5.899999999999999754e-05
1.600000000000000000e+01 2.000000000000000000e+00 1.900000000000000000e+01 0.000000000000000000e+00 1.600000000000000089e+00 1.188999999999999953e-03 -3.501000000000000206e-03 -9.999930000000000208e-01 1.893910000000000038e-01 -9.818949999999999623e-01 3.663000000000000023e-03 -9.819010000000000238e-01 -1.893940000000000068e-01 -5.050000000000000235e-04
2.000000000000000000e+01 2.000000000000000000e+00 1.900000000000000000e+01 0.000000000000000000e+00 1.600000000000000089e+00 -1.167000000000000069e-03 -7.709999999999999840e-04 -9.999989999999999712e-01 1.917750000000000010e-01 -9.814389999999999503e-01 5.330000000000000536e-04 -9.814380000000000326e-01 -1.917740000000000000e-01 1.293000000000000095e-03
2.400000000000000000e+01 2.000000000000000000e+00 1.900000000000000000e+01 0.000000000000000000e+00 1.600000000000000089e+00 3.589999999999999984e-04 -4.079999999999999968e-04 -1.000000000000000000e+00 1.930169999999999941e-01 -9.811950000000000394e-01 4.699999999999999859e-04 -9.811950000000000394e-01 -1.930179999999999951e-01 -2.739999999999999923e-04
2.700000000000000000e+01 2.000000000000000000e+00 1.900000000000000000e+01 0.000000000000000000e+00 1.600000000000000089e+00 1.699999999999999987e-05 -3.419000000000000164e-03 -9.999940000000000495e-01 1.920469999999999955e-01 -9.813800000000000301e-01 3.359000000000000007e-03 -9.813859999999999806e-01 -1.920459999999999945e-01 6.400000000000000524e-04
3.000000000000000000e+00 4.000000000000000000e+00 2.000000000000000000e+01 0.000000000000000000e+00 1.600000000000000089e+00 -1.179999999999999951e-04 -4.669999999999999672e-03 -9.999890000000000168e-01 3.025010000000000199e-01 -9.531389999999999585e-01 4.415999999999999787e-03 -9.531490000000000240e-01 -3.024970000000000159e-01 1.526000000000000013e-03
2.700000000000000000e+01 4.000000000000000000e+00 2.000000000000000000e+01 0.000000000000000000e+00 1.600000000000000089e+00 -5.270000000000000162e-04 -3.340999999999999786e-03 -9.999940000000000495e-01 2.868629999999999791e-01 -9.579670000000000130e-01 3.049000000000000061e-03 -9.579720000000000457e-01 -2.868600000000000039e-01 1.463000000000000108e-03
1.300000000000000000e+01 1.300000000000000000e+01 2.000000000000000000e+01 0.000000000000000000e+00 1.600000000000000089e+00 -9.820000000000000170e-04 -3.543999999999999841e-03 9.999930000000000208e-01 2.576600000000000001e-01 9.662290000000000045e-01 3.677000000000000147e-03 -9.662349999999999550e-01 2.576620000000000021e-01 -3.499999999999999693e-05
2.700000000000000000e+01 1.300000000000000000e+01 2.000000000000000000e+01 0.000000000000000000e+00 1.600000000000000089e+00 -3.989999999999999949e-04 -1.134000000000000025e-03 9.999989999999999712e-01 2.568250000000000255e-01 9.664570000000000105e-01 1.198999999999999979e-03 -9.664580000000000393e-01 2.568250000000000255e-01 -9.399999999999999448e-05
5.000000000000000000e+00 3.000000000000000000e+00 2.500000000000000000e+01 0.000000000000000000e+00 1.600000000000000089e+00 -2.971000000000000116e-03 -6.947000000000000050e-03 9.999710000000000543e-01 -6.826300000000000423e-02 -9.976420000000000288e-01 -7.133999999999999717e-03 9.976629999999999665e-01 -6.828199999999999548e-02 2.490000000000000026e-03
8.000000000000000000e+00 3.000000000000000000e+00 2.500000000000000000e+01 0.000000000000000000e+00 1.600000000000000089e+00 1.977000000000000025e-03 -4.540999999999999898e-03 9.999879999999999880e-01 -7.414300000000000057e-02 -9.972379999999999578e-01 -4.381999999999999611e-03 9.972459999999999658e-01 -7.413400000000000545e-02 -2.308000000000000156e-03
1.600000000000000000e+01 3.000000000000000000e+00 2.500000000000000000e+01 0.000000000000000000e+00 1.600000000000000089e+00 1.129000000000000012e-03 -7.889999999999999444e-03 9.999679999999999680e-01 -7.223799999999999666e-02 -9.973570000000000491e-01 -7.787999999999999784e-03 9.973870000000000235e-01 -7.222699999999999954e-02 -1.696000000000000025e-03
2.100000000000000000e+01 3.000000000000000000e+00 2.500000000000000000e+01 0.000000000000000000e+00 1.600000000000000089e+00 5.479999999999999845e-04 -2.193000000000000071e-03 9.999970000000000248e-01 -7.215199999999999392e-02 -9.973910000000000275e-01 -2.147000000000000037e-03 9.973929999999999740e-01 -7.215100000000000680e-02 -7.050000000000000060e-04
2.400000000000000000e+01 3.000000000000000000e+00 2.500000000000000000e+01 0.000000000000000000e+00 1.600000000000000089e+00 8.429999999999999993e-04 -1.523000000000000048e-03 9.999989999999999712e-01 -7.580900000000000138e-02 -9.971210000000000351e-01 -1.454999999999999913e-03 9.971219999999999528e-01 -7.580699999999999938e-02 -9.560000000000000355e-04
2.700000000000000000e+01 3.000000000000000000e+00 2.500000000000000000e+01 0.000000000000000000e+00 1.600000000000000089e+00 7.320000000000000118e-04 4.899999999999999842e-05 1.000000000000000000e+00 -7.962600000000000233e-02 -9.968249999999999611e-01 1.079999999999999960e-04 9.968249999999999611e-01 -7.962700000000000333e-02 -7.259999999999999743e-04
2.000000000000000000e+01 4.600000000000000000e+01 2.700000000000000000e+01 0.000000000000000000e+00 1.600000000000000089e+00 -1.234000000000000071e-03 -2.498999999999999919e-03 -9.999959999999999960e-01 6.783350000000000213e-01 7.347479999999999567e-01 -2.674000000000000161e-03 7.347519999999999607e-01 -6.783360000000000500e-01 7.879999999999999635e-04
3.000000000000000000e+01 4.600000000000000000e+01 3.000000000000000000e+01 0.000000000000000000e+00 1.600000000000000089e+00 -1.451999999999999949e-03 9.039999999999999642e-04 -9.999989999999999712e-01 3.255330000000000168e-01 9.455310000000000104e-01 3.820000000000000153e-04 9.455299999999999816e-01 -3.255319999999999880e-01 -1.667000000000000079e-03
5.000000000000000000e+00 5.800000000000000000e+01 3.100000000000000000e+01 0.000000000000000000e+00 1.600000000000000089e+00 -1.139000000000000038e-03 2.710000000000000169e-03 9.999959999999999960e-01 -8.057849999999999735e-01 -5.922070000000000389e-01 6.870000000000000022e-04 5.922070000000000389e-01 -8.057809999999999695e-01 2.857999999999999863e-03
9.000000000000000000e+00 5.800000000000000000e+01 3.100000000000000000e+01 0.000000000000000000e+00 1.600000000000000089e+00 -2.925000000000000083e-03 7.200000000000000453e-04 9.999949999999999672e-01 -8.066900000000000182e-01 -5.909710000000000241e-01 -1.933999999999999955e-03 5.909670000000000201e-01 -8.066919999999999646e-01 2.308999999999999855e-03
1.700000000000000000e+01 5.800000000000000000e+01 3.100000000000000000e+01 0.000000000000000000e+00 1.600000000000000089e+00 6.642999999999999600e-03 3.105000000000000121e-03 9.999730000000000008e-01 -8.024799999999999711e-01 -5.966360000000000552e-01 7.184000000000000281e-03 5.966420000000000057e-01 -8.025060000000000526e-01 -1.472000000000000001e-03
2.800000000000000000e+01 5.800000000000000000e+01 3.100000000000000000e+01 0.000000000000000000e+00 1.600000000000000089e+00 1.018000000000000025e-03 3.917000000000000343e-03 9.999919999999999920e-01 -8.047029999999999461e-01 -5.936700000000000310e-01 3.144999999999999792e-03 5.936770000000000103e-01 -8.046990000000000531e-01 2.547999999999999918e-03
2.300000000000000000e+01 2.200000000000000000e+01 3.400000000000000000e+01 0.000000000000000000e+00 1.600000000000000089e+00 8.520000000000000013e-04 8.159999999999999936e-04 9.999989999999999712e-01 3.789449999999999763e-01 -9.254189999999999916e-01 4.319999999999999838e-04 9.254189999999999916e-01 3.789440000000000031e-01 -1.097000000000000102e-03
2.500000000000000000e+01 2.200000000000000000e+01 3.400000000000000000e+01 0.000000000000000000e+00 1.600000000000000089e+00 -3.579999999999999741e-04 4.544000000000000296e-03 9.999900000000000455e-01 3.786059999999999981e-01 -9.255480000000000373e-01 4.341000000000000240e-03 9.255579999999999918e-01 3.786039999999999961e-01 -1.389000000000000044e-03
3.000000000000000000e+01 2.300000000000000000e+01 3.400000000000000000e+01 0.000000000000000000e+00 1.600000000000000089e+00 -1.466000000000000072e-03 6.216000000000000171e-03 9.999799999999999800e-01 4.007049999999999779e-01 -9.161859999999999449e-01 6.283000000000000390e-03 9.162059999999999649e-01 4.007060000000000066e-01 -1.147999999999999932e-03
2.000000000000000000e+00 4.600000000000000000e+01 3.500000000000000000e+01 0.000000000000000000e+00 1.600000000000000089e+00 -7.140000000000000079e-04 -6.008999999999999585e-03 -9.999820000000000375e-01 3.922559999999999936e-01 -9.198410000000000197e-01 5.246999999999999928e-03 -9.198560000000000070e-01 -3.922450000000000103e-01 3.014000000000000186e-03
6.000000000000000000e+00 4.600000000000000000e+01 3.500000000000000000e+01 0.000000000000000000e+00 1.600000000000000089e+00 -2.259999999999999910e-04 9.879999999999999460e-04 -1.000000000000000000e+00 3.926970000000000183e-01 -9.196670000000000122e-01 -9.979999999999999722e-04 -9.196680000000000410e-01 -3.926970000000000183e-01 -1.800000000000000113e-04
1.000000000000000000e+01 4.600000000000000000e+01 3.500000000000000000e+01 0.000000000000000000e+00 1.600000000000000089e+00 -1.179999999999999951e-04 4.310999999999999728e-03 -9.999909999999999632e-01 3.912180000000000102e-01 -9.202890000000000237e-01 -4.013000000000000074e-03 -9.202979999999999494e-01 -3.912149999999999794e-01 -1.577999999999999976e-03
1.700000000000000000e+01 4.600000000000000000e+01 3.500000000000000000e+01 0.000000000000000000e+00 1.600000000000000089e+00 -1.450000000000000009e-04 -1.099999999999999971e-05 -1.000000000000000000e+00 3.911330000000000084e-01 -9.203339999999999854e-01 -4.699999999999999724e-05 -9.203339999999999854e-01 -3.911330000000000084e-01 1.379999999999999933e-04
2.200000000000000000e+01 4.600000000000000000e+01 3.500000000000000000e+01 0.000000000000000000e+00 1.600000000000000089e+00 -6.350000000000000392e-04 -8.589999999999999546e-04 -9.999989999999999712e-01 3.928269999999999817e-01 -9.196119999999999850e-01 5.410000000000000312e-04 -9.196119999999999850e-01 -3.928269999999999817e-01 9.210000000000000521e-04
3.000000000000000000e+01 4.600000000000000000e+01 3.500000000000000000e+01 0.000000000000000000e+00 1.600000000000000089e+00 8.739999999999999939e-04 -8.720000000000000537e-04 -9.999989999999999712e-01 3.921359999999999846e-01 -9.199060000000000015e-01 1.144999999999999967e-03 -9.199070000000000302e-01 -3.921370000000000133e-01 -4.620000000000000083e-04
1.800000000000000000e+01 9.500000000000000000e+01 3.600000000000000000e+01 0.000000000000000000e+00 1.600000000000000089e+00 -7.027000000000000260e-03 -1.046099999999999981e-02 9.999209999999999487e-01 9.971069999999999656e-01 7.560600000000000653e-02 7.798000000000000244e-03 -7.568199999999999927e-02 9.970830000000000526e-01 9.900000000000000813e-03
2.000000000000000000e+01 9.500000000000000000e+01 3.600000000000000000e+01 0.000000000000000000e+00 1.600000000000000089e+00 -7.036999999999999852e-03 -2.049099999999999880e-02 9.997650000000000148e-01 9.970329999999999471e-01 7.649999999999999856e-02 8.585000000000000617e-03 -7.665800000000000392e-02 9.968590000000000506e-01 1.989199999999999996e-02
2.500000000000000000e+01 9.500000000000000000e+01 3.600000000000000000e+01 0.000000000000000000e+00 1.600000000000000089e+00 -3.341999999999999919e-03 1.250399999999999949e-02 9.999160000000000270e-01 9.969810000000000061e-01 7.761500000000000343e-02 2.361999999999999950e-03 -7.757899999999999519e-02 9.969050000000000411e-01 -1.272599999999999947e-02
2.800000000000000000e+01 9.500000000000000000e+01 3.600000000000000000e+01 0.000000000000000000e+00 1.600000000000000089e+00 -4.581000000000000003e-03 1.277499999999999990e-02 9.999080000000000190e-01 9.973790000000000155e-01 7.226200000000000678e-02 3.645999999999999935e-03 -7.220899999999999541e-02 9.973039999999999683e-01 -1.307200000000000029e-02
6.000000000000000000e+00 2.900000000000000000e+01 4.400000000000000000e+01 0.000000000000000000e+00 1.600000000000000089e+00 3.809999999999999910e-04 -7.140000000000000079e-04 -1.000000000000000000e+00 6.590510000000000534e-01 7.520980000000000443e-01 -2.860000000000000129e-04 7.520980000000000443e-01 -6.590510000000000534e-01 7.569999999999999689e-04
1.000000000000000000e+01 2.900000000000000000e+01 4.400000000000000000e+01 0.000000000000000000e+00 1.600000000000000089e+00 -2.010000000000000068e-04 -9.820000000000000170e-04 -1.000000000000000000e+00 6.635490000000000554e-01 7.481320000000000192e-01 -8.679999999999999565e-04 7.481330000000000480e-01 -6.635490000000000554e-01 5.010000000000000347e-04
1.400000000000000000e+01 2.900000000000000000e+01 4.400000000000000000e+01 0.000000000000000000e+00 1.600000000000000089e+00 -6.340000000000000149e-04 1.467999999999999904e-03 -9.999989999999999712e-01 6.635999999999999677e-01 7.480879999999999752e-01 6.769999999999999759e-04 7.480879999999999752e-01 -6.635980000000000212e-01 -1.448999999999999984e-03
1.900000000000000000e+01 2.900000000000000000e+01 4.400000000000000000e+01 0.000000000000000000e+00 1.600000000000000089e+00 -5.609999999999999752e-04 4.022000000000000401e-03 -9.999919999999999920e-01 6.706990000000000451e-01 7.417249999999999677e-01 2.606999999999999942e-03 7.417289999999999717e-01 -6.706919999999999549e-01 -3.114000000000000015e-03
2.700000000000000000e+01 2.900000000000000000e+01 4.400000000000000000e+01 0.000000000000000000e+00 1.600000000000000089e+00 -5.019999999999999506e-04 -1.955000000000000140e-03 -9.999980000000000535e-01 6.698709999999999942e-01 7.424749999999999961e-01 -1.788000000000000093e-03 7.424770000000000536e-01 -6.698709999999999942e-01 9.370000000000000074e-04
2.000000000000000000e+00 5.000000000000000000e+00 5.100000000000000000e+01 0.000000000000000000e+00 1.600000000000000089e+00 -2.010000000000000068e-03 -6.876000000000000167e-03 -9.999740000000000295e-01 4.936260000000000092e-01 -8.696599999999999886e-01 4.988000000000000246e-03 -8.696720000000000006e-01 -4.936030000000000140e-01 5.141999999999999869e-03
9.000000000000000000e+00 5.000000000000000000e+00 5.100000000000000000e+01 0.000000000000000000e+00 1.600000000000000089e+00 -1.487999999999999956e-03 -6.250000000000000347e-03 -9.999789999999999512e-01 4.955680000000000085e-01 -8.685559999999999947e-01 4.690999999999999857e-03 -8.685680000000000067e-01 -4.955510000000000193e-01 4.389999999999999805e-03
1.300000000000000000e+01 5.000000000000000000e+00 5.100000000000000000e+01 0.000000000000000000e+00 1.600000000000000089e+00 1.596999999999999895e-03 -1.556000000000000091e-03 -9.999980000000000535e-01 4.944589999999999819e-01 -8.691980000000000262e-01 2.141999999999999807e-03 -8.691999999999999726e-01 -4.944609999999999839e-01 -6.189999999999999756e-04
1.700000000000000000e+01 5.000000000000000000e+00 5.100000000000000000e+01 0.000000000000000000e+00 1.600000000000000089e+00 -1.523000000000000048e-03 2.967000000000000019e-03 -9.999949999999999672e-01 4.959549999999999792e-01 -8.683419999999999472e-01 -3.331999999999999892e-03 -8.683469999999999800e-01 -4.959569999999999812e-01 -1.499999999999999869e-04
2.900000000000000000e+01 5.000000000000000000e+00 5.100000000000000000e+01 0.000000000000000000e+00 1.600000000000000089e+00 3.007999999999999823e-03 4.308000000000000197e-03 -9.999860000000000415e-01 4.891860000000000097e-01 -8.721759999999999513e-01 -2.285999999999999838e-03 -8.721740000000000048e-01 -4.891730000000000245e-01 -4.730999999999999962e-03
2.000000000000000000e+00 6.300000000000000000e+01 5.400000000000000000e+01 0.000000000000000000e+00 1.600000000000000089e+00 9.179999999999999792e-04 -4.399999999999999886e-05 1.000000000000000000e+00 -3.608729999999999993e-01 9.326149999999999718e-01 3.719999999999999891e-04 -9.326149999999999718e-01 -3.608729999999999993e-01 8.400000000000000348e-04
2.200000000000000000e+01 6.300000000000000000e+01 5.400000000000000000e+01 0.000000000000000000e+00 1.600000000000000089e+00 -7.150000000000000322e-04 -1.624999999999999925e-03 9.999980000000000535e-01 -3.538930000000000131e-01 9.352850000000000330e-01 1.265999999999999981e-03 -9.352859999999999507e-01 -3.538910000000000111e-01 -1.244000000000000097e-03
2.700000000000000000e+01 6.300000000000000000e+01 5.400000000000000000e+01 0.000000000000000000e+00 1.600000000000000089e+00 -1.301000000000000073e-03 -2.260999999999999989e-03 9.999970000000000248e-01 -3.542109999999999981e-01 9.351639999999999953e-01 1.652999999999999955e-03 -9.351650000000000240e-01 -3.542080000000000228e-01 -2.017999999999999829e-03
9.000000000000000000e+00 2.500000000000000000e+01 5.500000000000000000e+01 0.000000000000000000e+00 1.600000000000000089e+00 2.886000000000000110e-03 -8.130000000000000291e-04 -9.999949999999999672e-01 -1.430599999999999927e-02 -9.998970000000000358e-01 7.720000000000000083e-04 -9.998930000000000318e-01 1.430299999999999974e-02 -2.896999999999999836e-03
2.000000000000000000e+01 2.500000000000000000e+01 5.500000000000000000e+01 0.000000000000000000e+00 1.600000000000000089e+00 -9.299999999999999727e-05 3.369000000000000033e-03 -9.999940000000000495e-01 -1.218999999999999945e-02 -9.999200000000000310e-01 -3.367000000000000201e-03 -9.999259999999999815e-01 1.218999999999999945e-02 1.340000000000000045e-04
2.600000000000000000e+01 2.500000000000000000e+01 5.500000000000000000e+01 0.000000000000000000e+00 1.600000000000000089e+00 1.760999999999999979e-03 2.265999999999999785e-03 -9.999959999999999960e-01 -1.047099999999999941e-02 -9.999430000000000263e-01 -2.284000000000000006e-03 -9.999440000000000550e-01 1.047499999999999994e-02 -1.737000000000000046e-03
3.000000000000000000e+00 2.100000000000000000e+01 6.000000000000000000e+01 0.000000000000000000e+00 1.600000000000000089e+00 -4.198999999999999608e-03 8.271999999999999839e-03 9.999569999999999848e-01 -9.574900000000000078e-02 9.953680000000000305e-01 -8.635999999999999580e-03 -9.953969999999999763e-01 -9.578100000000000502e-02 -3.386999999999999820e-03
9.000000000000000000e+00 2.100000000000000000e+01 6.000000000000000000e+01 0.000000000000000000e+00 1.600000000000000089e+00 2.978999999999999877e-03 1.175999999999999962e-03 9.999949999999999672e-01 -9.692599999999999827e-02 9.952910000000000368e-01 -8.819999999999999715e-04 -9.952870000000000328e-01 -9.692299999999999527e-02 3.079000000000000140e-03
1.400000000000000000e+01 2.100000000000000000e+01 6.000000000000000000e+01 0.000000000000000000e+00 1.600000000000000089e+00 -5.063999999999999925e-03 -6.178999999999999597e-03 9.999679999999999680e-01 -9.663299999999999668e-02 9.953039999999999665e-01 5.660000000000000100e-03 -9.953070000000000528e-01 -9.660100000000000631e-02 -5.636999999999999650e-03
1.900000000000000000e+01 2.100000000000000000e+01 6.000000000000000000e+01 0.000000000000000000e+00 1.600000000000000089e+00 -9.380000000000000317e-04 -5.006000000000000033e-03 9.999869999999999592e-01 -9.676700000000000579e-02 9.952950000000000408e-01 4.891999999999999647e-03 -9.953070000000000528e-01 -9.676099999999999979e-02 -1.417999999999999990e-03
2.200000000000000000e+01 3.000000000000000000e+00 6.300000000000000000e+01 0.000000000000000000e+00 1.600000000000000089e+00 1.572000000000000047e-03 -1.039999999999999936e-04 9.999989999999999712e-01 -6.163539999999999575e-01 7.874689999999999745e-01 1.051000000000000068e-03 -7.874679999999999458e-01 -6.163549999999999862e-01 1.172999999999999998e-03
3.000000000000000000e+00 2.700000000000000000e+01 6.300000000000000000e+01 0.000000000000000000e+00 1.600000000000000089e+00 -3.135999999999999899e-03 -1.946999999999999946e-03 9.999930000000000208e-01 -2.675429999999999753e-01 9.635460000000000136e-01 1.036999999999999944e-03 -9.635409999999999808e-01 -2.675370000000000248e-01 -3.543000000000000142e-03
7.000000000000000000e+00 2.700000000000000000e+01 6.300000000000000000e+01 0.000000000000000000e+00 1.600000000000000089e+00 2.067999999999999960e-03 1.871999999999999966e-03 9.999959999999999960e-01 -2.681290000000000062e-01 9.633819999999999606e-01 -1.250000000000000026e-03 -9.633810000000000429e-01 -2.681259999999999755e-01 2.494000000000000123e-03
1.200000000000000000e+01 2.700000000000000000e+01 6.300000000000000000e+01 0.000000000000000000e+00 1.600000000000000089e+00 -3.980000000000000248e-04 6.830000000000000134e-04 1.000000000000000000e+00 -2.685460000000000069e-01 9.632659999999999556e-01 -7.649999999999999465e-04 -9.632669999999999844e-01 -2.685469999999999802e-01 -2.000000000000000096e-04
2.000000000000000000e+01 2.700000000000000000e+01 6.300000000000000000e+01 0.000000000000000000e+00 1.600000000000000089e+00 -1.809999999999999977e-03 -3.759999999999999887e-03 9.999909999999999632e-01 -2.677129999999999788e-01 9.634930000000000438e-01 3.138000000000000164e-03 -9.634970000000000478e-01 -2.677050000000000263e-01 -2.749999999999999840e-03
2.800000000000000000e+01 2.700000000000000000e+01 6.300000000000000000e+01 0.000000000000000000e+00 1.600000000000000089e+00 1.170999999999999949e-03 1.494000000000000102e-03 9.999980000000000535e-01 -2.672539999999999916e-01 9.636249999999999538e-01 -1.126999999999999964e-03 -9.636249999999999538e-01 -2.672519999999999896e-01 1.528000000000000061e-03
6.000000000000000000e+00 2.600000000000000000e+01 6.400000000000000000e+01 0.000000000000000000e+00 1.600000000000000089e+00 1.095999999999999969e-03 -2.829999999999999942e-04 9.999989999999999712e-01 -3.446339999999999959e-01 9.387370000000000436e-01 6.430000000000000169e-04 -9.387370000000000436e-01 -3.446339999999999959e-01 9.309999999999999699e-04
1.600000000000000000e+01 2.600000000000000000e+01 6.400000000000000000e+01 0.000000000000000000e+00 1.600000000000000089e+00 -2.013000000000000032e-03 -3.206000000000000082e-03 9.999930000000000208e-01 -3.470130000000000159e-01 9.378579999999999695e-01 2.308000000000000156e-03 -9.378579999999999695e-01 -3.470050000000000079e-01 -3.000000000000000062e-03
2.100000000000000000e+01 2.600000000000000000e+01 6.400000000000000000e+01 0.000000000000000000e+00 1.600000000000000089e+00 -1.463000000000000108e-03 -2.428000000000000037e-03 9.999959999999999960e-01 -3.492390000000000216e-01 9.370319999999999760e-01 1.763999999999999943e-03 -9.370330000000000048e-01 -3.492350000000000176e-01 -2.219000000000000052e-03
2.800000000000000000e+01 2.600000000000000000e+01 6.400000000000000000e+01 0.000000000000000000e+00 1.600000000000000089e+00 7.919999999999999523e-04 1.797999999999999902e-03 9.999980000000000535e-01 -3.492500000000000049e-01 9.370279999999999720e-01 -1.407999999999999963e-03 -9.370290000000000008e-01 -3.492480000000000029e-01 1.369999999999999907e-03
1.400000000000000000e+01 2.500000000000000000e+01 7.300000000000000000e+01 0.000000000000000000e+00 1.600000000000000089e+00 -2.592200000000000060e-02 -2.269699999999999843e-02 9.994060000000000166e-01 7.576990000000000114e-01 -6.525859999999999994e-01 4.832000000000000357e-03 6.520890000000000297e-01 7.573739999999999917e-01 3.411399999999999849e-02
2.200000000000000000e+01 2.500000000000000000e+01 7.300000000000000000e+01 0.000000000000000000e+00 1.600000000000000089e+00 5.770000000000000389e-04 -6.300000000000000261e-04 1.000000000000000000e+00 7.476120000000000543e-01 -6.641350000000000309e-01 -8.490000000000000368e-04 6.641350000000000309e-01 7.476129999999999720e-01 8.799999999999999771e-05
2.500000000000000000e+01 2.500000000000000000e+01 7.300000000000000000e+01 0.000000000000000000e+00 1.600000000000000089e+00 -1.750999999999999952e-03 -1.871000000000000050e-03 9.999970000000000248e-01 7.495150000000000423e-01 -6.619880000000000209e-01 7.399999999999999623e-05 6.619850000000000456e-01 7.495119999999999560e-01 2.560999999999999908e-03
5.000000000000000000e+00 4.400000000000000000e+01 7.300000000000000000e+01 0.000000000000000000e+00 1.600000000000000089e+00 -3.620000000000000171e-04 -2.063999999999999863e-03 9.999980000000000535e-01 5.158299999999999691e-02 -9.986669999999999714e-01 -2.043000000000000111e-03 9.986690000000000289e-01 5.158200000000000285e-02 4.679999999999999915e-04
1.000000000000000000e+01 4.400000000000000000e+01 7.300000000000000000e+01 0.000000000000000000e+00 1.600000000000000089e+00 -1.379999999999999933e-03 -3.444000000000000013e-03 9.999930000000000208e-01 5.080699999999999800e-02 -9.987030000000000074e-01 -3.369000000000000033e-03 9.987080000000000402e-01 5.080199999999999994e-02 1.552999999999999910e-03
1.500000000000000000e+01 4.400000000000000000e+01 7.300000000000000000e+01 0.000000000000000000e+00 1.600000000000000089e+00 -2.262999999999999821e-03 -5.536000000000000122e-03 9.999820000000000375e-01 4.628000000000000169e-02 -9.989139999999999686e-01 -5.426000000000000267e-03 9.989259999999999806e-01 4.626600000000000157e-02 2.517000000000000140e-03
2.100000000000000000e+01 4.400000000000000000e+01 7.300000000000000000e+01 0.000000000000000000e+00 1.600000000000000089e+00 -2.541999999999999989e-03 -9.870000000000000301e-04 9.999959999999999960e-01 4.567899999999999738e-02 -9.989559999999999551e-01 -8.700000000000000051e-04 9.989529999999999799e-01 4.567700000000000232e-02 2.585000000000000058e-03
2.600000000000000000e+01 4.400000000000000000e+01 7.300000000000000000e+01 0.000000000000000000e+00 1.600000000000000089e+00 2.099999999999999884e-05 -6.329999999999999906e-04 1.000000000000000000e+00 4.434300000000000047e-02 -9.990160000000000151e-01 -6.329999999999999906e-04 9.990160000000000151e-01 4.434300000000000047e-02 6.999999999999999895e-06
2.900000000000000000e+01 1.600000000000000000e+01 7.400000000000000000e+01 0.000000000000000000e+00 1.600000000000000089e+00 -3.762999999999999852e-03 -1.137200000000000016e-02 -9.999280000000000390e-01 -3.194969999999999755e-01 -9.475120000000000209e-01 1.197800000000000080e-02 -9.475799999999999779e-01 3.195189999999999975e-01 -6.799999999999999946e-05
4.000000000000000000e+00 2.500000000000000000e+01 7.400000000000000000e+01 0.000000000000000000e+00 1.600000000000000089e+00 1.197200000000000000e-02 1.468500000000000014e-02 9.998200000000000420e-01 8.353859999999999619e-01 -5.496609999999999552e-01 -1.928999999999999942e-03 5.495339999999999669e-01 8.352589999999999737e-01 -1.884800000000000017e-02
2.400000000000000000e+01 5.100000000000000000e+01 7.600000000000000000e+01 0.000000000000000000e+00 1.600000000000000089e+00 2.892000000000000039e-03 4.405000000000000061e-03 -9.999860000000000415e-01 -4.025329999999999742e-01 -9.153909999999999547e-01 -5.197000000000000230e-03 -9.154010000000000202e-01 4.025420000000000109e-01 -8.739999999999999939e-04
2.000000000000000000e+00 9.100000000000000000e+01 7.600000000000000000e+01 0.000000000000000000e+00 1.600000000000000089e+00 -2.255000000000000060e-03 -3.657999999999999793e-03 9.999909999999999632e-01 3.136829999999999896e-01 -9.495240000000000347e-01 -2.765999999999999796e-03 9.495249999999999524e-01 3.136729999999999796e-01 3.288999999999999823e-03
9.000000000000000000e+00 9.100000000000000000e+01 7.600000000000000000e+01 0.000000000000000000e+00 1.600000000000000089e+00 -3.939999999999999817e-04 1.719000000000000042e-03 9.999980000000000535e-01 3.163159999999999861e-01 -9.486520000000000508e-01 1.755000000000000050e-03 9.486539999999999973e-01 3.163159999999999861e-01 -1.700000000000000122e-04
1.800000000000000000e+01 9.100000000000000000e+01 7.600000000000000000e+01 0.000000000000000000e+00 1.600000000000000089e+00 -1.681999999999999901e-03 -3.680000000000000003e-04 9.999980000000000535e-01 3.203019999999999756e-01 -9.473150000000000182e-01 1.900000000000000105e-04 9.473139999999999894e-01 3.203019999999999756e-01 1.711999999999999980e-03
2.200000000000000000e+01 9.100000000000000000e+01 7.600000000000000000e+01 0.000000000000000000e+00 1.600000000000000089e+00 -3.112000000000000183e-03 -8.390000000000000105e-04 9.999949999999999672e-01 3.151740000000000097e-01 -9.490340000000000442e-01 1.849999999999999973e-04 9.490290000000000115e-01 3.151729999999999809e-01 3.216999999999999808e-03
2.800000000000000000e+01 9.100000000000000000e+01 7.600000000000000000e+01 0.000000000000000000e+00 1.600000000000000089e+00 -1.139000000000000038e-03 3.550000000000000096e-04 9.999989999999999712e-01 3.416980000000000017e-01 -9.398090000000000055e-01 7.219999999999999855e-04 9.398090000000000055e-01 3.416989999999999750e-01 9.489999999999999738e-04
1.000000000000000000e+01 6.300000000000000000e+01 8.100000000000000000e+01 0.000000000000000000e+00 1.600000000000000089e+00 -1.394000000000000057e-03 3.249999999999999851e-04 9.999989999999999712e-01 4.415499999999999980e-02 -9.990250000000000519e-01 3.860000000000000041e-04 9.990240000000000231e-01 4.415600000000000080e-02 1.378000000000000102e-03
6.000000000000000000e+00 4.400000000000000000e+01 8.300000000000000000e+01 0.000000000000000000e+00 1.600000000000000089e+00 -4.119999999999999856e-04 -2.540999999999999856e-03 9.999970000000000248e-01 5.871110000000000495e-01 -8.095040000000000013e-01 -1.814999999999999990e-03 8.095059999999999478e-01 5.871079999999999632e-01 1.825999999999999932e-03
1.300000000000000000e+01 4.400000000000000000e+01 8.300000000000000000e+01 0.000000000000000000e+00 1.600000000000000089e+00 -1.134000000000000025e-03 3.207999999999999914e-03 9.999940000000000495e-01 5.832779999999999632e-01 -8.122660000000000435e-01 3.266999999999999939e-03 8.122719999999999940e-01 5.832789999999999919e-01 -9.499999999999999981e-04
1.600000000000000000e+01 4.400000000000000000e+01 8.300000000000000000e+01 0.000000000000000000e+00 1.600000000000000089e+00 -1.905000000000000009e-03 4.281000000000000083e-03 9.999890000000000168e-01 5.810840000000000449e-01 -8.138309999999999711e-01 4.590999999999999595e-03 8.138410000000000366e-01 5.810859999999999914e-01 -9.370000000000000074e-04
1.700000000000000000e+01 1.010000000000000000e+02 8.300000000000000000e+01 0.000000000000000000e+00 1.600000000000000089e+00 -1.234000000000000071e-03 -4.950999999999999672e-03 9.999869999999999592e-01 9.964889999999999581e-01 8.370800000000000463e-02 1.644000000000000062e-03 -8.371499999999999775e-02 9.964779999999999749e-01 4.831000000000000225e-03
2.100000000000000000e+01 4.800000000000000000e+01 8.400000000000000000e+01 0.000000000000000000e+00 1.600000000000000089e+00 3.412000000000000102e-03 3.338999999999999954e-03 -9.999890000000000168e-01 -9.461530000000000218e-01 -3.236910000000000065e-01 -4.309000000000000330e-03 -3.237019999999999897e-01 9.461570000000000258e-01 2.053999999999999836e-03
2.700000000000000000e+01 4.800000000000000000e+01 8.400000000000000000e+01 0.000000000000000000e+00 1.600000000000000089e+00 -1.874999999999999931e-03 -9.680000000000000019e-04 -9.999980000000000535e-01 -9.425259999999999749e-01 -3.341270000000000073e-01 2.090999999999999977e-03 -3.341279999999999806e-01 9.425280000000000324e-01 -2.849999999999999886e-04
4.000000000000000000e+00 1.500000000000000000e+01 8.600000000000000000e+01 0.000000000000000000e+00 1.600000000000000089e+00 -7.810000000000000102e-04 -9.414000000000000493e-03 -9.999550000000000383e-01 1.869359999999999911e-01 9.823269999999999502e-01 -9.393999999999999573e-03 9.823720000000000230e-01 -1.869349999999999901e-01 9.920000000000000432e-04
1.000000000000000000e+01 1.500000000000000000e+01 8.600000000000000000e+01 0.000000000000000000e+00 1.600000000000000089e+00 -7.609999999999999577e-04 1.373000000000000088e-03 -9.999989999999999712e-01 1.828110000000000013e-01 9.831469999999999931e-01 1.211000000000000054e-03 9.831480000000000219e-01 -1.828100000000000003e-01 -9.990000000000001049e-04
1.400000000000000000e+01 1.500000000000000000e+01 8.600000000000000000e+01 0.000000000000000000e+00 1.600000000000000089e+00 1.640000000000000019e-04 -6.849999999999999535e-04 -1.000000000000000000e+00 1.827010000000000023e-01 9.831680000000000419e-01 -6.440000000000000412e-04 9.831680000000000419e-01 -1.827010000000000023e-01 2.860000000000000129e-04
2.000000000000000000e+01 1.500000000000000000e+01 8.600000000000000000e+01 0.000000000000000000e+00 1.600000000000000089e+00 -4.079999999999999968e-04 4.449999999999999746e-04 -1.000000000000000000e+00 1.846939999999999971e-01 9.827960000000000029e-01 3.620000000000000171e-04 9.827960000000000029e-01 -1.846939999999999971e-01 -4.829999999999999767e-04
2.400000000000000000e+01 1.500000000000000000e+01 8.600000000000000000e+01 0.000000000000000000e+00 1.600000000000000089e+00 -3.099999999999999999e-04 -1.771999999999999921e-03 -9.999980000000000535e-01 1.855269999999999975e-01 9.826369999999999827e-01 -1.799000000000000035e-03 9.826390000000000402e-01 -1.855279999999999985e-01 2.400000000000000061e-05
2.700000000000000000e+01 1.500000000000000000e+01 8.600000000000000000e+01 0.000000000000000000e+00 1.600000000000000089e+00 4.899999999999999842e-04 -3.569999999999999823e-03 -9.999940000000000495e-01 1.855610000000000037e-01 9.826270000000000282e-01 -3.416999999999999899e-03 9.826329999999999787e-01 -1.855580000000000007e-01 1.144000000000000052e-03
6.000000000000000000e+00 8.300000000000000000e+01 8.600000000000000000e+01 0.000000000000000000e+00 1.600000000000000089e+00 -5.062999999999999792e-03 -6.165999999999999606e-03 9.999679999999999680e-01 -9.997570000000000068e-01 2.146899999999999850e-02 -4.929000000000000221e-03 -2.143799999999999872e-02 -9.997500000000000275e-01 -6.274000000000000063e-03
1.400000000000000000e+01 8.300000000000000000e+01 8.600000000000000000e+01 0.000000000000000000e+00 1.600000000000000089e+00 -2.322999999999999978e-03 -1.297700000000000069e-02 9.999130000000000518e-01 -9.999080000000000190e-01 1.336599999999999941e-02 -2.150000000000000001e-03 -1.333699999999999990e-02 -9.998259999999999925e-01 -1.300699999999999946e-02
1.700000000000000000e+01 8.300000000000000000e+01 8.600000000000000000e+01 0.000000000000000000e+00 1.600000000000000089e+00 -1.755000000000000050e-03 -1.558400000000000063e-02 9.998770000000000158e-01 -9.998409999999999798e-01 1.777300000000000060e-02 -1.477999999999999930e-03 -1.774799999999999989e-02 -9.997209999999999708e-01 -1.561300000000000014e-02
1.500000000000000000e+01 9.400000000000000000e+01 9.600000000000000000e+01 0.000000000000000000e+00 1.600000000000000089e+00 -2.054999999999999969e-03 2.632999999999999924e-03 -9.999940000000000495e-01 9.039239999999999498e-01 4.276920000000000166e-01 -7.320000000000000118e-04 4.276880000000000126e-01 -9.039209999999999745e-01 -3.259000000000000178e-03
1.100000000000000000e+01 3.700000000000000000e+01 9.900000000000000000e+01 0.000000000000000000e+00 1.600000000000000089e+00 -2.275339999999999863e-01 -1.021399999999999947e-01 9.683990000000000098e-01 -7.337679999999999758e-01 6.717680000000000318e-01 -1.015520000000000034e-01 -6.401660000000000128e-01 -7.336859999999999493e-01 -2.277969999999999995e-01
2.000000000000000000e+00 3.900000000000000000e+01 1.060000000000000000e+02 0.000000000000000000e+00 1.600000000000000089e+00 2.643699999999999870e-02 -3.114250000000000074e-01 9.499030000000000529e-01 -8.817239999999999522e-01 -4.550040000000000195e-01 -1.246329999999999938e-01 4.710239999999999982e-01 -8.342580000000000551e-01 -2.866199999999999859e-01
1.900000000000000000e+01 3.000000000000000000e+00 1.070000000000000000e+02 0.000000000000000000e+00 1.600000000000000089e+00 -3.359000000000000007e-03 -1.149999999999999981e-02 9.999280000000000390e-01 -8.063789999999999569e-01 5.913840000000000208e-01 4.093000000000000284e-03 -5.913890000000000535e-01 -8.063080000000000247e-01 -1.125999999999999918e-02
2.000000000000000000e+00 2.100000000000000000e+01 1.090000000000000000e+02 0.000000000000000000e+00 1.600000000000000089e+00 -7.969999999999999654e-04 -5.346000000000000058e-03 9.999850000000000128e-01 -9.679290000000000393e-01 -2.512130000000000196e-01 -2.115000000000000126e-03 2.512210000000000276e-01 -9.679170000000000273e-01 -4.975000000000000255e-03
6.000000000000000000e+00 2.100000000000000000e+01 1.090000000000000000e+02 0.000000000000000000e+00 1.600000000000000089e+00 -3.513000000000000064e-03 -3.504000000000000170e-03 9.999879999999999880e-01 -9.687440000000000495e-01 -2.480269999999999975e-01 -4.272999999999999889e-03 2.480390000000000095e-01 -9.687470000000000248e-01 -2.523000000000000069e-03
9.000000000000000000e+00 2.100000000000000000e+01 1.090000000000000000e+02 0.000000000000000000e+00 1.600000000000000089e+00 5.540000000000000219e-04 -1.763999999999999943e-03 9.999980000000000535e-01 -9.692049999999999832e-01 -2.462540000000000007e-01 1.019999999999999992e-04 2.462540000000000007e-01 -9.692039999999999544e-01 -1.845999999999999985e-03
1.700000000000000000e+01 2.100000000000000000e+01 1.090000000000000000e+02 0.000000000000000000e+00 1.600000000000000089e+00 6.751000000000000056e-03 7.511000000000000315e-03 9.999489999999999768e-01 -9.683589999999999698e-01 -2.494210000000000038e-01 8.411999999999999339e-03 2.494709999999999983e-01 -9.683659999999999490e-01 5.589000000000000218e-03
2.400000000000000000e+01 2.100000000000000000e+01 1.090000000000000000e+02 0.000000000000000000e+00 1.600000000000000089e+00 4.812000000000000305e-03 3.736000000000000171e-03 9.999820000000000375e-01 -9.694260000000000099e-01 -2.453220000000000123e-01 5.582000000000000156e-03 2.453380000000000005e-01 -9.694340000000000179e-01 2.441000000000000027e-03
2.800000000000000000e+01 2.100000000000000000e+01 1.090000000000000000e+02 0.000000000000000000e+00 1.600000000000000089e+00 4.189000000000000015e-03 -1.061000000000000094e-03 9.999909999999999632e-01 -9.682389999999999608e-01 -2.499989999999999990e-01 3.791000000000000099e-03 2.499929999999999930e-01 -9.682450000000000223e-01 -2.073999999999999889e-03
4.000000000000000000e+00 1.800000000000000000e+01 1.130000000000000000e+02 0.000000000000000000e+00 1.600000000000000089e+00 7.327000000000000179e-03 1.311099999999999939e-02 9.998869999999999703e-01 9.110409999999999897e-01 4.121389999999999776e-01 -1.208000000000000046e-02 -4.122509999999999786e-01 9.110270000000000312e-01 -8.925000000000000641e-03
1.300000000000000000e+01 1.800000000000000000e+01 1.130000000000000000e+02 0.000000000000000000e+00 1.600000000000000089e+00 -6.122999999999999970e-03 2.390000000000000197e-03 9.999780000000000335e-01 9.129429999999999490e-01 4.080610000000000070e-01 4.615000000000000178e-03 -4.080409999999999870e-01 9.129519999999999857e-01 -4.680000000000000132e-03
8.000000000000000000e+00 1.800000000000000000e+01 1.140000000000000000e+02 0.000000000000000000e+00 1.600000000000000089e+00 6.840000000000000377e-04 2.674999999999999861e-03 -9.999959999999999960e-01 -9.151770000000000183e-01 4.030520000000000214e-01 4.519999999999999821e-04 4.030509999999999926e-01 9.151730000000000143e-01 2.723999999999999859e-03
2.000000000000000000e+00 4.500000000000000000e+01 1.160000000000000000e+02 0.000000000000000000e+00 1.600000000000000089e+00 -6.497000000000000171e-03 -5.296999999999999625e-03 -9.999649999999999928e-01 -9.585930000000000284e-01 -2.846739999999999826e-01 7.735999999999999821e-03 -2.847049999999999859e-01 9.586099999999999621e-01 -3.227999999999999967e-03
1.000000000000000000e+01 4.500000000000000000e+01 1.160000000000000000e+02 0.000000000000000000e+00 1.600000000000000089e+00 6.654000000000000192e-03 -4.699999999999999724e-05 -9.999780000000000335e-01 -9.726930000000000298e-01 -2.320059999999999900e-01 -6.460999999999999729e-03 -2.320000000000000118e-01 9.727139999999999675e-01 -1.590000000000000050e-03
1.400000000000000000e+01 4.500000000000000000e+01 1.160000000000000000e+02 0.000000000000000000e+00 1.600000000000000089e+00 8.172999999999999710e-03 -9.650000000000000374e-04 -9.999660000000000215e-01 -9.655409999999999826e-01 -2.601390000000000091e-01 -7.641000000000000222e-03 -2.601229999999999931e-01 9.655709999999999571e-01 -3.057999999999999954e-03
2.400000000000000000e+01 4.500000000000000000e+01 1.160000000000000000e+02 0.000000000000000000e+00 1.600000000000000089e+00 2.760999999999999999e-03 -8.377000000000000765e-03 -9.999609999999999888e-01 -9.629280000000000062e-01 -2.697599999999999998e-01 -3.989999999999999949e-04 -2.697459999999999858e-01 9.628910000000000524e-01 -8.810999999999999388e-03
4.000000000000000000e+00 3.600000000000000000e+01 1.170000000000000000e+02 0.000000000000000000e+00 1.600000000000000089e+00 -7.778000000000000191e-03 -3.124199999999999894e-02 9.994819999999999816e-01 -9.748440000000000438e-01 -2.224119999999999986e-01 -1.453899999999999984e-02 2.227510000000000046e-01 -9.744519999999999849e-01 -2.872600000000000153e-02
2.000000000000000000e+00 3.000000000000000000e+01 1.180000000000000000e+02 0.000000000000000000e+00 1.600000000000000089e+00 -1.910099999999999992e-02 6.017999999999999912e-03 -9.997989999999999933e-01 -9.989130000000000509e-01 4.241700000000000331e-02 1.933999999999999955e-02 4.252500000000000030e-02 9.990820000000000256e-01 5.200999999999999894e-03
7.000000000000000000e+00 3.000000000000000000e+01 1.180000000000000000e+02 0.000000000000000000e+00 1.600000000000000089e+00 1.983700000000000047e-02 -1.174000000000000044e-02 -9.997340000000000115e-01 -9.902499999999999636e-01 1.376670000000000116e-01 -2.126600000000000018e-02 1.378800000000000026e-01 9.904089999999999838e-01 -8.894000000000000863e-03
1.200000000000000000e+01 7.000000000000000000e+00 1.200000000000000000e+02 0.000000000000000000e+00 1.600000000000000089e+00 -4.200999999999999873e-03 -5.072000000000000119e-03 -9.999780000000000335e-01 -6.866579999999999906e-01 7.269799999999999596e-01 -8.030000000000000028e-04 7.269689999999999763e-01 6.866389999999999993e-01 -6.537000000000000276e-03
1.600000000000000000e+01 7.000000000000000000e+00 1.200000000000000000e+02 0.000000000000000000e+00 1.600000000000000089e+00 -5.085000000000000110e-03 -1.141700000000000007e-02 -9.999219999999999775e-01 -6.834170000000000522e-01 7.300119999999999942e-01 -4.858999999999999604e-03 7.300109999999999655e-01 6.833390000000000297e-01 -1.151399999999999993e-02
2.100000000000000000e+01 7.000000000000000000e+00 1.200000000000000000e+02 0.000000000000000000e+00 1.600000000000000089e+00 -2.557999999999999944e-03 -9.990000000000001049e-04 -9.999959999999999960e-01 -6.793270000000000142e-01 7.338350000000000151e-01 1.005000000000000034e-03 7.338310000000000111e-01 6.793270000000000142e-01 -2.556000000000000112e-03
3.000000000000000000e+00 1.040000000000000000e+02 1.200000000000000000e+02 0.000000000000000000e+00 1.600000000000000089e+00 6.943000000000000387e-03 -4.181499999999999800e-02 9.991010000000000169e-01 4.154930000000000012e-01 -9.086760000000000392e-01 -4.091800000000000298e-02 9.095699999999999896e-01 4.154030000000000222e-01 1.106500000000000018e-02
1.400000000000000000e+01 6.100000000000000000e+01 1.240000000000000000e+02 0.000000000000000000e+00 1.600000000000000089e+00 -1.080599999999999963e-02 4.336800000000000099e-01 -9.010019999999999696e-01 -9.998350000000000293e-01 -1.786400000000000141e-02 3.392000000000000050e-03 -1.462399999999999985e-02 9.008899999999999686e-01 4.338009999999999922e-01
6.000000000000000000e+00 6.200000000000000000e+01 1.240000000000000000e+02 0.000000000000000000e+00 1.600000000000000089e+00 3.284000000000000027e-03 -1.763999999999999943e-02 9.998390000000000333e-01 9.971179999999999488e-01 -7.572299999999999864e-02 -4.610999999999999648e-03 7.579199999999999826e-02 9.969729999999999981e-01 1.734000000000000125e-02
1.300000000000000000e+01 6.200000000000000000e+01 1.240000000000000000e+02 0.000000000000000000e+00 1.600000000000000089e+00 6.148699999999999999e-02 4.974149999999999960e-01 8.653309999999999613e-01 9.922109999999999541e-01 -1.245610000000000051e-01 1.098000000000000018e-03 1.083319999999999977e-01 8.585239999999999538e-01 -5.011999999999999789e-01
4.000000000000000000e+00 2.000000000000000000e+01 1.270000000000000000e+02 0.000000000000000000e+00 1.600000000000000089e+00 -7.929999999999999766e-04 2.373999999999999808e-03 -9.999970000000000248e-01 8.132340000000000124e-01 -5.819330000000000336e-01 -2.026000000000000023e-03 -5.819360000000000088e-01 -8.132329999999999837e-01 -1.469000000000000037e-03
1.400000000000000000e+01 2.000000000000000000e+01 1.270000000000000000e+02 0.000000000000000000e+00 1.600000000000000089e+00 1.350999999999999987e-03 1.299999999999999940e-03 -9.999980000000000535e-01 8.092040000000000344e-01 -5.875280000000000502e-01 3.289999999999999739e-04 -5.875270000000000215e-01 -8.092019999999999769e-01 -1.845999999999999985e-03
2.500000000000000000e+01 2.000000000000000000e+01 1.270000000000000000e+02 0.000000000000000000e+00 1.600000000000000089e+00 3.159999999999999832e-04 4.460000000000000422e-03 -9.999900000000000455e-01 8.143569999999999975e-01 -5.803589999999999582e-01 -2.331000000000000173e-03 -5.803639999999999910e-01 -8.143479999999999608e-01 -3.814999999999999815e-03
2.800000000000000000e+01 2.000000000000000000e+01 1.270000000000000000e+02 0.000000000000000000e+00 1.600000000000000089e+00 -1.101999999999999898e-03 2.000000000000000042e-03 -9.999970000000000248e-01 8.085259999999999669e-01 -5.884580000000000366e-01 -2.067999999999999960e-03 -5.884599999999999831e-01 -8.085259999999999669e-01 -9.680000000000000019e-04
2.200000000000000000e+01 1.700000000000000000e+01 1.320000000000000000e+02 0.000000000000000000e+00 1.600000000000000089e+00 1.332999999999999984e-03 1.108199999999999984e-02 9.999379999999999935e-01 -8.071559999999999846e-01 -5.902889999999999526e-01 7.616999999999999639e-03 5.903359999999999719e-01 -8.071159999999999446e-01 8.158000000000000321e-03
2.700000000000000000e+01 3.600000000000000000e+01 1.370000000000000000e+02 0.000000000000000000e+00 1.600000000000000089e+00 1.595000000000000064e-03 8.968000000000000277e-03 9.999590000000000423e-01 5.941680000000000295e-01 8.042989999999999862e-01 -8.160999999999999852e-03 -8.043390000000000262e-01 5.941570000000000462e-01 -4.044999999999999984e-03
2.000000000000000000e+00 3.700000000000000000e+01 1.380000000000000000e+02 0.000000000000000000e+00 1.600000000000000089e+00 8.723999999999999810e-02 1.062130000000000019e-01 9.905089999999999728e-01 -8.341870000000000118e-01 -5.357159999999999700e-01 1.309170000000000056e-01 5.445370000000000488e-01 -8.376909999999999634e-01 4.186600000000000044e-02
1.000000000000000000e+01 4.200000000000000000e+01 1.380000000000000000e+02 0.000000000000000000e+00 1.600000000000000089e+00 2.455289999999999973e-01 1.650939999999999908e-01 -9.552270000000000483e-01 -7.970909999999999940e-01 5.951790000000000136e-01 -1.020159999999999956e-01 5.516889999999999850e-01 7.864510000000000112e-01 2.777290000000000036e-01
4.000000000000000000e+00 4.100000000000000000e+01 1.390000000000000000e+02 0.000000000000000000e+00 1.600000000000000089e+00 1.640719999999999956e-01 1.995899999999999896e-01 -9.660459999999999603e-01 -9.123219999999999663e-01 4.031560000000000143e-01 -7.165399999999999547e-02 3.751659999999999995e-01 8.931010000000000337e-01 2.482370000000000132e-01
7.000000000000000000e+00 4.200000000000000000e+01 1.390000000000000000e+02 0.000000000000000000e+00 1.600000000000000089e+00 2.233700000000000130e-01 1.983729999999999938e-01 -9.543340000000000156e-01 -8.315099999999999714e-01 5.496659999999999879e-01 -8.036600000000000688e-02 5.086230000000000473e-01 8.114900000000000446e-01 2.877279999999999838e-01
1.200000000000000000e+01 2.300000000000000000e+01 1.400000000000000000e+02 0.000000000000000000e+00 1.600000000000000089e+00 3.432000000000000155e-03 3.318000000000000203e-03 -9.999890000000000168e-01 3.174910000000000232e-01 9.482519999999999838e-01 4.236000000000000182e-03 9.482549999999999590e-01 -3.175020000000000064e-01 2.200999999999999832e-03
1.900000000000000000e+01 2.300000000000000000e+01 1.400000000000000000e+02 0.000000000000000000e+00 1.600000000000000089e+00 -2.489999999999999809e-04 7.849999999999999990e-04 -1.000000000000000000e+00 3.149959999999999982e-01 9.490929999999999644e-01 6.660000000000000338e-04 9.490929999999999644e-01 -3.149959999999999982e-01 -4.840000000000000010e-04
2.900000000000000000e+01 2.300000000000000000e+01 1.400000000000000000e+02 0.000000000000000000e+00 1.600000000000000089e+00 -8.850000000000000444e-04 -3.543000000000000142e-03 -9.999930000000000208e-01 3.410110000000000086e-01 9.400519999999999987e-01 -3.632999999999999945e-03 9.400589999999999780e-01 -3.410119999999999818e-01 3.759999999999999779e-04
1.000000000000000000e+01 2.700000000000000000e+01 1.410000000000000000e+02 0.000000000000000000e+00 1.600000000000000089e+00 -2.214999999999999955e-03 -1.196299999999999968e-02 -9.999259999999999815e-01 5.868199999999999805e-02 -9.982069999999999554e-01 1.181300000000000058e-02 -9.982739999999999947e-01 -5.865100000000000174e-02 2.912999999999999791e-03
2.400000000000000000e+01 2.700000000000000000e+01 1.410000000000000000e+02 0.000000000000000000e+00 1.600000000000000089e+00 3.550000000000000096e-04 2.402000000000000055e-03 -9.999970000000000248e-01 5.943400000000000072e-02 -9.982290000000000330e-01 -2.377000000000000206e-03 -9.982320000000000082e-01 -5.943299999999999972e-02 -4.970000000000000459e-04
2.800000000000000000e+01 2.700000000000000000e+01 1.410000000000000000e+02 0.000000000000000000e+00 1.600000000000000089e+00 4.209999999999999875e-04 4.917999999999999629e-03 -9.999879999999999880e-01 6.127200000000000008e-02 -9.981090000000000240e-01 -4.883000000000000188e-03 -9.981210000000000360e-01 -6.126899999999999707e-02 -7.219999999999999855e-04
1.300000000000000000e+01 4.100000000000000000e+01 1.410000000000000000e+02 0.000000000000000000e+00 1.600000000000000089e+00 2.166970000000000007e-01 1.458100000000000021e-02 -9.761300000000000532e-01 -6.147899999999999476e-01 7.787469999999999670e-01 -1.248480000000000006e-01 7.583379999999999566e-01 6.271689999999999765e-01 1.777160000000000128e-01
2.500000000000000000e+01 4.500000000000000000e+01 1.430000000000000000e+02 0.000000000000000000e+00 1.600000000000000089e+00 1.298299999999999975e-02 -7.535799999999999443e-02 9.970719999999999583e-01 -9.800440000000000262e-01 -1.987659999999999982e-01 -2.262000000000000122e-03 1.983550000000000035e-01 -9.771450000000000413e-01 -7.643500000000000294e-02
5.000000000000000000e+00 1.060000000000000000e+02 1.570000000000000000e+02 0.000000000000000000e+00 1.600000000000000089e+00 6.499999999999999431e-05 -2.079000000000000119e-03 -9.999980000000000535e-01 9.885509999999999575e-01 -1.508839999999999903e-01 3.780000000000000265e-04 -1.508839999999999903e-01 -9.885490000000000110e-01 2.044999999999999943e-03
3.000000000000000000e+01 4.000000000000000000e+00 1.580000000000000000e+02 0.000000000000000000e+00 1.600000000000000089e+00 3.066999999999999848e-03 4.665600000000000303e-02 -9.989059999999999606e-01 2.640000000000000202e-04 -9.989109999999999934e-01 -4.665600000000000303e-02 -9.999949999999999672e-01 -1.210000000000000002e-04 -3.076000000000000175e-03
1.300000000000000000e+01 9.400000000000000000e+01 1.670000000000000000e+02 0.000000000000000000e+00 1.600000000000000089e+00 9.741600000000000259e-01 -6.239399999999999807e-02 -2.170700000000000129e-01 9.857499999999999596e-02 9.821720000000000450e-01 1.600679999999999881e-01 2.032130000000000047e-01 -1.773299999999999876e-01 9.629429999999999934e-01
2.000000000000000000e+00 1.010000000000000000e+02 1.700000000000000000e+02 0.000000000000000000e+00 1.600000000000000089e+00 -6.193999999999999853e-03 -3.227999999999999967e-03 9.999759999999999760e-01 -9.722889999999999588e-01 2.337220000000000131e-01 -5.269000000000000246e-03 -2.336999999999999911e-01 -9.722979999999999956e-01 -4.585999999999999799e-03
6.000000000000000000e+00 1.010000000000000000e+02 1.700000000000000000e+02 0.000000000000000000e+00 1.600000000000000089e+00 -5.797000000000000069e-03 -6.624999999999999813e-03 9.999609999999999888e-01 -9.713519999999999932e-01 2.376089999999999869e-01 -4.056999999999999842e-03 -2.375730000000000064e-01 -9.713380000000000347e-01 -7.813000000000000500e-03
2.100000000000000000e+01 1.000000000000000000e+02 1.710000000000000000e+02 0.000000000000000000e+00 1.600000000000000089e+00 6.612989999999999702e-01 7.497340000000000115e-01 2.415000000000000133e-02 -7.024160000000000403e-01 6.076209999999999667e-01 3.706860000000000155e-01 2.632419999999999760e-01 -2.620979999999999976e-01 9.284440000000000470e-01
2.800000000000000000e+01 1.000000000000000000e+02 1.710000000000000000e+02 0.000000000000000000e+00 1.600000000000000089e+00 4.649530000000000052e-01 6.785860000000000225e-01 -5.686299999999999688e-01 6.875609999999999777e-01 -6.813860000000000472e-01 -2.509460000000000024e-01 -5.577440000000000175e-01 -2.742899999999999783e-01 -7.833809999999999940e-01
1.200000000000000000e+01 9.400000000000000000e+01 1.720000000000000000e+02 0.000000000000000000e+00 1.600000000000000089e+00 9.464289999999999647e-01 3.019040000000000057e-01 -1.145719999999999933e-01 -2.799070000000000169e-01 9.439239999999999853e-01 1.751000000000000056e-01 1.610109999999999875e-01 -1.336499999999999910e-01 9.778620000000000090e-01
5.000000000000000000e+00 9.800000000000000000e+01 1.730000000000000000e+02 0.000000000000000000e+00 1.600000000000000089e+00 6.579999999999999478e-04 -9.135000000000000758e-03 -9.999580000000000135e-01 9.805829999999999824e-01 -1.960899999999999865e-01 2.436999999999999930e-03 -1.961040000000000005e-01 -9.805430000000000534e-01 8.829000000000000042e-03
9.000000000000000000e+00 9.800000000000000000e+01 1.730000000000000000e+02 0.000000000000000000e+00 1.600000000000000089e+00 3.103900000000000062e-02 2.930699999999999972e-02 -9.990879999999999761e-01 9.828080000000000149e-01 -1.829050000000000120e-01 2.516799999999999940e-02 -1.820009999999999961e-01 -9.826939999999999564e-01 -3.447999999999999676e-02
2.700000000000000000e+01 1.170000000000000000e+02 1.740000000000000000e+02 0.000000000000000000e+00 1.600000000000000089e+00 4.135899999999999993e-02 2.039799999999999947e-02 -9.989360000000000461e-01 9.966300000000000159e-01 7.003700000000000203e-02 4.269400000000000278e-02 7.083399999999999419e-02 -9.973360000000000003e-01 -1.743199999999999958e-02
2.700000000000000000e+01 5.900000000000000000e+01 1.750000000000000000e+02 0.000000000000000000e+00 1.600000000000000089e+00 1.757000000000000098e-03 3.380000000000000192e-03 -9.999930000000000208e-01 -1.708810000000000051e-01 -9.852849999999999664e-01 -3.629999999999999980e-03 -9.852899999999999991e-01 1.708860000000000101e-01 -1.154000000000000078e-03
3.000000000000000000e+01 8.100000000000000000e+01 1.810000000000000000e+02 0.000000000000000000e+00 1.600000000000000089e+00 4.677259999999999751e-01 -5.256229999999999514e-01 -7.106000000000000094e-01 1.740730000000000055e-01 -7.334359999999999769e-01 6.570920000000000094e-01 -8.665629999999999722e-01 -4.310350000000000015e-01 -2.515510000000000246e-01
1.800000000000000000e+01 9.400000000000000000e+01 1.830000000000000000e+02 0.000000000000000000e+00 1.600000000000000089e+00 4.719500000000000084e-02 9.848120000000000207e-01 1.670840000000000103e-01 9.748200000000000198e-01 -8.190500000000000558e-02 2.074050000000000060e-01 2.179399999999999948e-01 1.530890000000000029e-01 -9.638809999999999878e-01
1.400000000000000000e+01 1.090000000000000000e+02 1.830000000000000000e+02 0.000000000000000000e+00 1.600000000000000089e+00 2.867000000000000104e-02 -2.893609999999999793e-01 9.567909999999999471e-01 -9.886209999999999720e-01 1.331950000000000078e-01 6.990599999999999592e-02 -1.476679999999999937e-01 -9.479079999999999728e-01 -2.822500000000000009e-01
1.700000000000000000e+01 1.020000000000000000e+02 1.850000000000000000e+02 0.000000000000000000e+00 1.600000000000000089e+00 8.070910000000000029e-01 -2.276400000000000090e-01 -5.447790000000000132e-01 2.647220000000000129e-01 9.642650000000000388e-01 -1.073900000000000028e-02 5.277560000000000029e-01 -1.355480000000000018e-01 8.385110000000000063e-01
1.600000000000000000e+01 9.200000000000000000e+01 1.870000000000000000e+02 0.000000000000000000e+00 1.600000000000000089e+00 8.649289999999999479e-01 4.578409999999999980e-01 -2.056189999999999962e-01 -4.998469999999999858e-01 8.227550000000000141e-01 -2.706049999999999844e-01 4.528000000000000080e-02 3.368320000000000203e-01 9.404749999999999499e-01
1.600000000000000000e+01 1.010000000000000000e+02 1.870000000000000000e+02 0.000000000000000000e+00 1.600000000000000089e+00 7.669850000000000279e-01 -3.728520000000000167e-01 -5.222210000000000463e-01 4.632160000000000166e-01 8.849169999999999536e-01 4.851599999999999663e-02 4.440330000000000110e-01 -2.791120000000000267e-01 8.514289999999999914e-01
1.500000000000000000e+01 1.030000000000000000e+02 1.880000000000000000e+02 0.000000000000000000e+00 1.600000000000000089e+00 8.319819999999999993e-01 1.678479999999999972e-01 5.288040000000000518e-01 2.501390000000000002e-01 -9.642490000000000228e-01 -8.748799999999999633e-02 4.952139999999999875e-01 2.050629999999999953e-01 -8.442229999999999457e-01
1.100000000000000000e+01 1.060000000000000000e+02 1.900000000000000000e+02 0.000000000000000000e+00 1.600000000000000089e+00 8.631799999999999473e-01 -7.061699999999999922e-02 4.999339999999999895e-01 1.931499999999999884e-02 -9.848270000000000080e-01 -1.724590000000000012e-01 5.045269999999999477e-01 1.585199999999999942e-01 -8.487190000000000012e-01
2.300000000000000000e+01 7.400000000000000000e+01 1.910000000000000000e+02 0.000000000000000000e+00 1.600000000000000089e+00 6.558619999999999450e-01 -6.250179999999999625e-01 -4.233169999999999988e-01 7.536829999999999918e-01 5.737449999999999495e-01 3.205899999999999861e-01 4.250199999999999811e-02 -5.293099999999999472e-01 8.473629999999999773e-01
2.600000000000000000e+01 7.600000000000000000e+01 1.920000000000000000e+02 0.000000000000000000e+00 1.600000000000000089e+00 6.638159999999999616e-01 -6.872329999999999828e-01 -2.950590000000000157e-01 7.187860000000000360e-01 4.772330000000000183e-01 5.055650000000000421e-01 -2.066290000000000071e-01 -5.476860000000000062e-01 8.107680000000000442e-01
1.500000000000000000e+01 1.150000000000000000e+02 1.950000000000000000e+02 0.000000000000000000e+00 1.600000000000000089e+00 1.010999999999999963e-03 -2.392700000000000035e-02 -9.997129999999999628e-01 9.938879999999999937e-01 -1.103309999999999985e-01 3.645999999999999935e-03 -1.103859999999999980e-01 -9.936070000000000180e-01 2.366899999999999907e-02
1.700000000000000000e+01 1.150000000000000000e+02 1.950000000000000000e+02 0.000000000000000000e+00 1.600000000000000089e+00 -1.314599999999999970e-02 -1.141499999999999980e-02 -9.998479999999999590e-01 9.943410000000000304e-01 -1.055740000000000012e-01 -1.186899999999999934e-02 -1.054220000000000018e-01 -9.943459999999999521e-01 1.273799999999999932e-02
2.500000000000000000e+01 1.150000000000000000e+02 1.950000000000000000e+02 0.000000000000000000e+00 1.600000000000000089e+00 5.079999999999999880e-04 1.307400000000000055e-02 -9.999139999999999695e-01 9.940459999999999852e-01 -1.089559999999999973e-01 -9.200000000000000278e-04 -1.089579999999999993e-01 -9.939609999999999834e-01 -1.305199999999999937e-02
1.000000000000000000e+01 1.050000000000000000e+02 1.960000000000000000e+02 0.000000000000000000e+00 1.600000000000000089e+00 7.242720000000000269e-01 3.030720000000000081e-01 6.193370000000000264e-01 6.133159999999999723e-01 -6.936160000000000103e-01 -3.778099999999999792e-01 3.150780000000000247e-01 6.534860000000000113e-01 -6.882449999999999957e-01
2.100000000000000000e+01 3.000000000000000000e+00 6.000000000000000000e+00 0.000000000000000000e+00 2.015874000000000166e+00 -4.360000000000000269e-04 3.976999999999999633e-03 9.999919999999999920e-01 2.247830000000000106e-01 -9.744009999999999616e-01 3.972999999999999969e-03 9.744089999999999696e-01 2.247830000000000106e-01 -4.690000000000000158e-04
2.000000000000000000e+00 2.700000000000000000e+01 8.000000000000000000e+00 0.000000000000000000e+00 2.015874000000000166e+00 2.037000000000000182e-03 6.669999999999999497e-04 -9.999980000000000535e-01 3.024899999999999811e-01 9.531519999999999992e-01 1.250999999999999942e-03 9.531500000000000528e-01 -3.024919999999999831e-01 1.740000000000000010e-03
6.000000000000000000e+00 2.700000000000000000e+01 8.000000000000000000e+00 0.000000000000000000e+00 2.015874000000000166e+00 1.719999999999999958e-03 1.677000000000000105e-03 -9.999970000000000248e-01 3.032670000000000088e-01 9.529029999999999445e-01 2.119999999999999923e-03 9.529039999999999733e-01 -3.032699999999999840e-01 1.131000000000000061e-03
2.400000000000000000e+01 2.700000000000000000e+01 8.000000000000000000e+00 0.000000000000000000e+00 2.015874000000000166e+00 1.320999999999999909e-03 1.495999999999999934e-03 -9.999980000000000535e-01 3.047019999999999729e-01 9.524460000000000148e-01 1.827999999999999981e-03 9.524470000000000436e-01 -3.047039999999999749e-01 8.019999999999999785e-04
2.000000000000000000e+00 1.100000000000000000e+01 1.000000000000000000e+01 0.000000000000000000e+00 2.015874000000000166e+00 -1.477999999999999930e-03 2.809999999999999998e-03 -9.999949999999999672e-01 -4.925619999999999998e-01 -8.702760000000000495e-01 -1.716999999999999993e-03 -8.702760000000000495e-01 4.925570000000000226e-01 2.670000000000000064e-03
8.000000000000000000e+00 1.100000000000000000e+01 1.000000000000000000e+01 0.000000000000000000e+00 2.015874000000000166e+00 -3.341999999999999919e-03 -4.571000000000000410e-03 -9.999839999999999840e-01 -4.942170000000000174e-01 -8.693199999999999816e-01 5.624999999999999792e-03 -8.693319999999999936e-01 4.942280000000000006e-01 6.470000000000000057e-04
1.700000000000000000e+01 1.100000000000000000e+01 1.000000000000000000e+01 0.000000000000000000e+00 2.015874000000000166e+00 -2.050000000000000173e-03 -5.661000000000000233e-03 -9.999820000000000375e-01 -4.956420000000000270e-01 -8.685070000000000290e-01 5.932999999999999906e-03 -8.685239999999999627e-01 4.956450000000000022e-01 -1.025000000000000086e-03
2.400000000000000000e+01 1.100000000000000000e+01 1.000000000000000000e+01 0.000000000000000000e+00 2.015874000000000166e+00 -1.382999999999999898e-03 -4.891999999999999647e-03 -9.999869999999999592e-01 -4.953000000000000180e-01 -8.687080000000000357e-01 4.935000000000000150e-03 -8.687209999999999654e-01 4.953009999999999913e-01 -1.221999999999999996e-03
4.000000000000000000e+00 1.200000000000000000e+01 1.500000000000000000e+01 0.000000000000000000e+00 2.015874000000000166e+00 -1.126999999999999964e-03 -3.409999999999999837e-03 -9.999940000000000495e-01 -4.459170000000000078e-01 -8.950669999999999460e-01 3.553999999999999868e-03 -8.950740000000000363e-01 4.459179999999999811e-01 -5.119999999999999768e-04
1.100000000000000000e+01 1.200000000000000000e+01 1.500000000000000000e+01 0.000000000000000000e+00 2.015874000000000166e+00 -3.403000000000000209e-03 -5.102999999999999897e-03 -9.999810000000000088e-01 -4.471959999999999824e-01 -8.944149999999999601e-01 6.086000000000000264e-03 -8.944290000000000296e-01 4.472079999999999944e-01 7.619999999999999820e-04
1.900000000000000000e+01 1.200000000000000000e+01 1.500000000000000000e+01 0.000000000000000000e+00 2.015874000000000166e+00 -1.740000000000000010e-03 -3.632999999999999945e-03 -9.999919999999999920e-01 -4.501789999999999958e-01 -8.929289999999999727e-01 4.027000000000000197e-03 -8.929369999999999807e-01 4.501820000000000266e-01 -8.200000000000000095e-05
2.900000000000000000e+01 1.200000000000000000e+01 1.500000000000000000e+01 0.000000000000000000e+00 2.015874000000000166e+00 -1.968000000000000131e-03 -2.782000000000000185e-03 -9.999940000000000495e-01 -4.497410000000000019e-01 -8.931519999999999460e-01 3.370000000000000166e-03 -8.931569999999999787e-01 4.497450000000000059e-01 5.060000000000000478e-04
6.000000000000000000e+00 3.700000000000000000e+01 2.100000000000000000e+01 0.000000000000000000e+00 2.015874000000000166e+00 3.236999999999999860e-03 2.495999999999999955e-03 -9.999919999999999920e-01 -6.735719999999999485e-01 -7.391109999999999625e-01 -4.024999999999999932e-03 -7.391149999999999665e-01 6.735790000000000388e-01 -7.110000000000000434e-04
1.500000000000000000e+01 3.700000000000000000e+01 2.100000000000000000e+01 0.000000000000000000e+00 2.015874000000000166e+00 3.849999999999999798e-04 1.265999999999999981e-03 -9.999989999999999712e-01 -6.759239999999999693e-01 -7.369700000000000140e-01 -1.193000000000000050e-03 -7.369710000000000427e-01 6.759239999999999693e-01 5.720000000000000258e-04
2.100000000000000000e+01 3.700000000000000000e+01 2.100000000000000000e+01 0.000000000000000000e+00 2.015874000000000166e+00 -2.180000000000000134e-04 -2.000000000000000096e-04 -1.000000000000000000e+00 -6.763409999999999700e-01 -7.365880000000000205e-01 2.950000000000000148e-04 -7.365880000000000205e-01 6.763409999999999700e-01 2.500000000000000120e-05
2.700000000000000000e+01 3.700000000000000000e+01 2.100000000000000000e+01 0.000000000000000000e+00 2.015874000000000166e+00 -1.070999999999999903e-03 -2.684000000000000188e-03 -9.999959999999999960e-01 -6.715539999999999843e-01 -7.409499999999999975e-01 2.707999999999999904e-03 -7.409550000000000303e-01 6.715539999999999843e-01 -1.008999999999999914e-03
1.000000000000000000e+01 4.400000000000000000e+01 2.600000000000000000e+01 0.000000000000000000e+00 2.015874000000000166e+00 -5.500000000000000331e-04 3.820000000000000153e-04 -1.000000000000000000e+00 7.554030000000000467e-01 6.552609999999999824e-01 -1.649999999999999991e-04 6.552609999999999824e-01 -7.554020000000000179e-01 -6.489999999999999459e-04
5.000000000000000000e+00 4.900000000000000000e+01 3.100000000000000000e+01 0.000000000000000000e+00 2.015874000000000166e+00 -4.130000000000000099e-04 4.710000000000000102e-04 1.000000000000000000e+00 -7.024999999999999994e-03 9.999749999999999472e-01 -4.739999999999999747e-04 -9.999749999999999472e-01 -7.024999999999999994e-03 -4.090000000000000211e-04
1.500000000000000000e+01 4.900000000000000000e+01 3.100000000000000000e+01 0.000000000000000000e+00 2.015874000000000166e+00 2.919999999999999961e-04 -6.160000000000000111e-04 1.000000000000000000e+00 -1.502700000000000043e-02 9.998869999999999703e-01 6.199999999999999999e-04 -9.998869999999999703e-01 -1.502799999999999969e-02 2.820000000000000241e-04
2.300000000000000000e+01 4.900000000000000000e+01 3.100000000000000000e+01 0.000000000000000000e+00 2.015874000000000166e+00 -8.530000000000000256e-04 -1.183000000000000024e-03 9.999989999999999712e-01 -1.474499999999999943e-02 9.998909999999999743e-01 1.170000000000000033e-03 -9.998909999999999743e-01 -1.474400000000000016e-02 -8.700000000000000051e-04
1.300000000000000000e+01 6.100000000000000000e+01 4.000000000000000000e+01 0.000000000000000000e+00 2.015874000000000166e+00 1.118999999999999986e-03 4.181999999999999953e-03 9.999909999999999632e-01 -2.616459999999999897e-01 -9.651539999999999564e-01 4.329000000000000382e-03 9.651629999999999932e-01 -2.616479999999999917e-01 1.399999999999999979e-05
2.400000000000000000e+01 4.000000000000000000e+00 4.500000000000000000e+01 0.000000000000000000e+00 2.015874000000000166e+00 5.172999999999999647e-03 9.176000000000000129e-03 -9.999449999999999728e-01 5.191010000000000346e-01 -8.546970000000000400e-01 -5.158000000000000258e-03 -8.546970000000000400e-01 -5.190449999999999786e-01 -9.185000000000000456e-03
2.000000000000000000e+01 1.600000000000000000e+01 5.200000000000000000e+01 0.000000000000000000e+00 2.015874000000000166e+00 1.679999999999999907e-04 9.330000000000000186e-04 -1.000000000000000000e+00 7.317519999999999580e-01 6.815710000000000379e-01 7.590000000000000175e-04 6.815710000000000379e-01 -7.317519999999999580e-01 -5.680000000000000370e-04
1.200000000000000000e+01 6.300000000000000000e+01 5.300000000000000000e+01 0.000000000000000000e+00 2.015874000000000166e+00 1.620000000000000075e-04 -1.013000000000000012e-03 9.999989999999999712e-01 -5.167289999999999939e-01 8.561480000000000201e-01 9.520000000000000467e-04 -8.561490000000000489e-01 -5.167289999999999939e-01 -3.849999999999999798e-04
2.200000000000000000e+01 6.300000000000000000e+01 5.300000000000000000e+01 0.000000000000000000e+00 2.015874000000000166e+00 5.509999999999999490e-04 -2.320000000000000014e-03 9.999970000000000248e-01 -5.177800000000000180e-01 8.555110000000000214e-01 2.269999999999999882e-03 -8.555139999999999967e-01 -5.177800000000000180e-01 -7.299999999999999632e-04
2.600000000000000000e+01 6.300000000000000000e+01 5.300000000000000000e+01 0.000000000000000000e+00 2.015874000000000166e+00 -7.299999999999999903e-05 -1.510999999999999973e-03 9.999989999999999712e-01 -5.158220000000000027e-01 8.566949999999999843e-01 1.257000000000000088e-03 -8.566960000000000131e-01 -5.158220000000000027e-01 -8.409999999999999507e-04
6.000000000000000000e+00 2.500000000000000000e+01 6.400000000000000000e+01 0.000000000000000000e+00 2.015874000000000166e+00 -4.250999999999999571e-03 -7.630999999999999762e-03 9.999620000000000175e-01 -2.035740000000000050e-01 9.790370000000000461e-01 6.605999999999999893e-03 -9.790499999999999758e-01 -2.035379999999999967e-01 -5.715999999999999727e-03
1.600000000000000000e+01 2.500000000000000000e+01 6.400000000000000000e+01 0.000000000000000000e+00 2.015874000000000166e+00 -1.940000000000000101e-03 -7.192999999999999741e-03 9.999719999999999720e-01 -2.034549999999999970e-01 9.790619999999999878e-01 6.648000000000000263e-03 -9.790820000000000078e-01 -2.034360000000000057e-01 -3.363000000000000104e-03
2.100000000000000000e+01 2.500000000000000000e+01 6.400000000000000000e+01 0.000000000000000000e+00 2.015874000000000166e+00 -1.997000000000000077e-03 -2.884999999999999978e-03 9.999940000000000495e-01 -2.053490000000000038e-01 9.786859999999999449e-01 2.413000000000000214e-03 -9.786869999999999736e-01 -2.053429999999999978e-01 -2.546999999999999785e-03
2.700000000000000000e+01 2.500000000000000000e+01 6.400000000000000000e+01 0.000000000000000000e+00 2.015874000000000166e+00 5.320000000000000293e-04 -5.400000000000000069e-04 1.000000000000000000e+00 -2.083430000000000004e-01 9.780560000000000365e-01 6.390000000000000280e-04 -9.780560000000000365e-01 -2.083430000000000004e-01 4.079999999999999968e-04
9.000000000000000000e+00 5.900000000000000000e+01 7.600000000000000000e+01 0.000000000000000000e+00 2.015874000000000166e+00 -1.637000000000000000e-03 1.433000000000000029e-03 -9.999980000000000535e-01 1.330089999999999884e-01 9.911140000000000505e-01 1.201999999999999943e-03 9.911130000000000217e-01 -1.330069999999999864e-01 -1.812999999999999941e-03
1.900000000000000000e+01 5.900000000000000000e+01 7.600000000000000000e+01 0.000000000000000000e+00 2.015874000000000166e+00 -1.637999999999999916e-03 6.475999999999999986e-03 -9.999780000000000335e-01 1.327830000000000121e-01 9.911259999999999515e-01 6.200999999999999915e-03 9.911440000000000250e-01 -1.327689999999999981e-01 -2.484000000000000097e-03
2.600000000000000000e+01 3.700000000000000000e+01 7.700000000000000000e+01 0.000000000000000000e+00 2.015874000000000166e+00 -7.119999999999999593e-04 -2.759999999999999867e-04 -1.000000000000000000e+00 5.198620000000000463e-01 8.542499999999999538e-01 -6.059999999999999849e-04 8.542499999999999538e-01 -5.198629999999999640e-01 -4.650000000000000270e-04
2.000000000000000000e+00 9.100000000000000000e+01 7.700000000000000000e+01 0.000000000000000000e+00 2.015874000000000166e+00 -2.543999999999999821e-03 -3.197999999999999888e-03 -9.999919999999999920e-01 -9.968089999999999451e-01 7.979100000000000081e-02 2.281000000000000041e-03 7.978300000000000669e-02 9.968059999999999699e-01 -3.390999999999999917e-03
1.000000000000000000e+01 9.100000000000000000e+01 7.700000000000000000e+01 0.000000000000000000e+00 2.015874000000000166e+00 1.080999999999999930e-03 -7.309999999999999875e-04 -9.999989999999999712e-01 -9.972990000000000466e-01 7.344399999999999540e-02 -1.131999999999999977e-03 7.344499999999999640e-02 9.972990000000000466e-01 -6.499999999999999702e-04
1.000000000000000000e+00 8.800000000000000000e+01 9.100000000000000000e+01 0.000000000000000000e+00 2.015874000000000166e+00 -1.840000000000000056e-03 -2.272999999999999847e-03 -9.999959999999999960e-01 8.070960000000000356e-01 -5.904199999999999449e-01 -1.430000000000000064e-04 -5.904169999999999696e-01 -8.070929999999999493e-01 2.920999999999999985e-03
7.000000000000000000e+00 8.800000000000000000e+01 9.100000000000000000e+01 0.000000000000000000e+00 2.015874000000000166e+00 -3.860000000000000041e-04 -2.363000000000000083e-03 -9.999970000000000248e-01 8.086189999999999767e-01 -5.883319999999999661e-01 1.077999999999999965e-03 -5.883329999999999949e-01 -8.086160000000000014e-01 2.138000000000000143e-03
1.300000000000000000e+01 8.800000000000000000e+01 9.100000000000000000e+01 0.000000000000000000e+00 2.015874000000000166e+00 -2.631999999999999791e-03 -3.748000000000000029e-03 -9.999890000000000168e-01 8.065860000000000252e-01 -5.911159999999999748e-01 9.299999999999999727e-05 -5.911110000000000531e-01 -8.065780000000000172e-01 4.578999999999999737e-03
1.900000000000000000e+01 8.800000000000000000e+01 9.100000000000000000e+01 0.000000000000000000e+00 2.015874000000000166e+00 -4.039000000000000055e-03 -4.467999999999999750e-03 -9.999820000000000375e-01 8.101810000000000400e-01 -5.861790000000000056e-01 -6.530000000000000431e-04 -5.861650000000000471e-01 -8.101690000000000280e-01 5.988000000000000267e-03
1.500000000000000000e+01 1.500000000000000000e+01 9.700000000000000000e+01 0.000000000000000000e+00 2.015874000000000166e+00 4.327000000000000117e-03 -2.229999999999999994e-04 -9.999909999999999632e-01 -9.174839999999999662e-01 3.977519999999999945e-01 -4.059000000000000108e-03 3.977490000000000192e-01 9.174930000000000030e-01 1.515999999999999986e-03
2.600000000000000000e+01 1.500000000000000000e+01 9.700000000000000000e+01 0.000000000000000000e+00 2.015874000000000166e+00 3.539999999999999853e-04 1.269999999999999970e-04 -1.000000000000000000e+00 -9.187239999999999851e-01 3.948990000000000000e-01 -2.750000000000000166e-04 3.948990000000000000e-01 9.187239999999999851e-01 2.570000000000000127e-04
2.100000000000000000e+01 8.700000000000000000e+01 1.010000000000000000e+02 0.000000000000000000e+00 2.015874000000000166e+00 2.563999999999999873e-03 1.021999999999999905e-03 9.999959999999999960e-01 -9.976709999999999745e-01 -6.815599999999999437e-02 2.628000000000000128e-03 6.815899999999999737e-02 -9.976739999999999498e-01 8.450000000000000479e-04
1.800000000000000000e+01 2.100000000000000000e+01 1.110000000000000000e+02 0.000000000000000000e+00 2.015874000000000166e+00 6.203000000000000180e-03 8.373999999999999500e-03 9.999460000000000015e-01 -9.085299999999999487e-01 -4.177210000000000090e-01 9.133999999999999758e-03 4.177739999999999787e-01 -9.085370000000000390e-01 5.016999999999999758e-03
7.000000000000000000e+00 7.000000000000000000e+00 1.210000000000000000e+02 0.000000000000000000e+00 2.015874000000000166e+00 -1.441000000000000007e-03 1.126000000000000048e-03 -9.999980000000000535e-01 -6.951370000000000049e-01 7.188750000000000417e-01 1.810999999999999893e-03 7.188759999999999595e-01 6.951380000000000337e-01 -2.530000000000000239e-04
1.200000000000000000e+01 7.000000000000000000e+00 1.210000000000000000e+02 0.000000000000000000e+00 2.015874000000000166e+00 -5.205999999999999690e-03 -5.355000000000000385e-03 -9.999719999999999720e-01 -6.921840000000000215e-01 7.217209999999999459e-01 -2.610000000000000015e-04 7.217019999999999547e-01 6.921640000000000015e-01 -7.464000000000000148e-03
2.200000000000000000e+01 7.000000000000000000e+00 1.210000000000000000e+02 0.000000000000000000e+00 2.015874000000000166e+00 -3.188999999999999994e-03 4.479999999999999933e-04 -9.999949999999999672e-01 -6.715259999999999563e-01 7.409769999999999968e-01 2.474000000000000071e-03 7.409740000000000215e-01 6.715299999999999603e-01 -2.062000000000000031e-03
2.500000000000000000e+01 7.000000000000000000e+00 1.210000000000000000e+02 0.000000000000000000e+00 2.015874000000000166e+00 -3.344000000000000184e-03 1.644999999999999978e-03 -9.999930000000000208e-01 -6.700019999999999865e-01 7.423509999999999831e-01 3.461999999999999800e-03 7.423509999999999831e-01 6.700089999999999657e-01 -1.379999999999999933e-03
3.000000000000000000e+00 1.030000000000000000e+02 1.250000000000000000e+02 0.000000000000000000e+00 2.015874000000000166e+00 -1.902999999999999831e-02 -4.513600000000000251e-02 -9.988000000000000211e-01 -8.919650000000000079e-01 -4.505580000000000140e-01 3.735600000000000032e-02 -4.517030000000000212e-01 8.916049999999999809e-01 -3.168599999999999889e-02
7.000000000000000000e+00 1.200000000000000000e+01 1.260000000000000000e+02 0.000000000000000000e+00 2.015874000000000166e+00 -2.790000000000000054e-04 -3.533999999999999815e-03 9.999940000000000495e-01 -6.739380000000000370e-01 -7.387829999999999675e-01 -2.798999999999999839e-03 7.387880000000000003e-01 -6.739349999999999508e-01 -2.175999999999999983e-03
2.000000000000000000e+01 1.200000000000000000e+01 1.260000000000000000e+02 0.000000000000000000e+00 2.015874000000000166e+00 2.939999999999999905e-04 8.054999999999999660e-03 9.999670000000000503e-01 -6.675950000000000495e-01 -7.444990000000000219e-01 6.192999999999999720e-03 7.445249999999999924e-01 -6.675750000000000295e-01 5.158000000000000258e-03
2.500000000000000000e+01 1.200000000000000000e+01 1.260000000000000000e+02 0.000000000000000000e+00 2.015874000000000166e+00 -3.250999999999999984e-03 6.095999999999999856e-03 9.999759999999999760e-01 -6.675210000000000310e-01 -7.445869999999999989e-01 2.369000000000000012e-03 7.445840000000000236e-01 -6.674980000000000357e-01 6.490000000000000109e-03
4.000000000000000000e+00 1.700000000000000000e+01 1.310000000000000000e+02 0.000000000000000000e+00 2.015874000000000166e+00 1.309000000000000051e-03 -3.184999999999999897e-03 9.999940000000000495e-01 -8.621020000000000350e-01 -5.067340000000000177e-01 -4.850000000000000253e-04 5.067329999999999890e-01 -8.620959999999999734e-01 -3.409000000000000138e-03
1.200000000000000000e+01 1.700000000000000000e+01 1.310000000000000000e+02 0.000000000000000000e+00 2.015874000000000166e+00 -5.779999999999999548e-04 1.360000000000000098e-03 9.999989999999999712e-01 -8.578970000000000207e-01 -5.138220000000000010e-01 2.030000000000000012e-04 5.138209999999999722e-01 -8.578959999999999919e-01 1.463000000000000108e-03
1.700000000000000000e+01 1.700000000000000000e+01 1.310000000000000000e+02 0.000000000000000000e+00 2.015874000000000166e+00 -2.620000000000000258e-04 4.044999999999999984e-03 9.999919999999999920e-01 -8.616399999999999615e-01 -5.075159999999999672e-01 1.827000000000000065e-03 5.075190000000000534e-01 -8.616329999999999822e-01 3.618000000000000122e-03
2.200000000000000000e+01 1.700000000000000000e+01 1.310000000000000000e+02 0.000000000000000000e+00 2.015874000000000166e+00 3.843000000000000062e-03 2.561599999999999988e-02 9.996639999999999970e-01 -8.643499999999999517e-01 -5.026300000000000212e-01 1.620200000000000112e-02 5.028759999999999897e-01 -8.641219999999999457e-01 2.020999999999999880e-02
2.000000000000000000e+00 4.100000000000000000e+01 1.580000000000000000e+02 0.000000000000000000e+00 2.015874000000000166e+00 -1.546999999999999981e-03 1.526800000000000032e-02 9.998820000000000485e-01 8.474300000000000166e-01 5.308629999999999738e-01 -6.794999999999999825e-03 -5.309040000000000425e-01 8.473199999999999621e-01 -1.375999999999999966e-02
9.000000000000000000e+00 4.100000000000000000e+01 1.580000000000000000e+02 0.000000000000000000e+00 2.015874000000000166e+00 -3.036000000000000070e-03 6.484000000000000180e-03 9.999740000000000295e-01 8.668810000000000127e-01 4.985140000000000127e-01 -5.999999999999999474e-04 -4.985049999999999759e-01 8.668569999999999887e-01 -7.134999999999999849e-03
2.000000000000000000e+01 4.100000000000000000e+01 1.580000000000000000e+02 0.000000000000000000e+00 2.015874000000000166e+00 5.900000000000000296e-04 5.069999999999999637e-04 1.000000000000000000e+00 8.798340000000000050e-01 4.752810000000000090e-01 -7.600000000000000418e-04 -4.752810000000000090e-01 8.798340000000000050e-01 -1.649999999999999991e-04
2.800000000000000000e+01 4.100000000000000000e+01 1.580000000000000000e+02 0.000000000000000000e+00 2.015874000000000166e+00 -2.324000000000000111e-03 -3.504000000000000170e-03 9.999909999999999632e-01 8.901299999999999768e-01 4.556910000000000127e-01 3.665999999999999988e-03 -4.556999999999999940e-01 8.901310000000000056e-01 2.060000000000000199e-03
1.700000000000000000e+01 9.100000000000000000e+01 1.640000000000000000e+02 0.000000000000000000e+00 2.015874000000000166e+00 9.823250000000000037e-01 -1.802189999999999903e-01 -5.058599999999999902e-02 7.840500000000000247e-02 6.415499999999999536e-01 -7.630639999999999645e-01 1.699720000000000120e-01 7.456099999999999950e-01 6.443400000000000238e-01
1.700000000000000000e+01 9.200000000000000000e+01 1.660000000000000000e+02 0.000000000000000000e+00 2.015874000000000166e+00 9.910529999999999617e-01 -1.193550000000000028e-01 -5.972999999999999837e-02 4.350799999999999806e-02 7.119929999999999870e-01 -7.008379999999999610e-01 1.261760000000000104e-01 6.919689999999999452e-01 7.108160000000000034e-01
2.800000000000000000e+01 4.300000000000000000e+01 1.820000000000000000e+02 0.000000000000000000e+00 2.015874000000000166e+00 -4.165000000000000299e-03 -5.702999999999999736e-03 9.999749999999999472e-01 -9.988270000000000204e-01 -4.821600000000000191e-02 -4.434999999999999706e-03 4.823999999999999816e-02 -9.988209999999999589e-01 -5.496000000000000017e-03
3.000000000000000000e+01 7.700000000000000000e+01 1.830000000000000000e+02 0.000000000000000000e+00 2.015874000000000166e+00 6.443010000000000126e-01 9.745900000000000396e-02 -7.585370000000000168e-01 7.618669999999999609e-01 4.569000000000000145e-03 6.477169999999999872e-01 6.659199999999999842e-02 -9.952290000000000303e-01 -7.130699999999999539e-02
2.900000000000000000e+01 7.800000000000000000e+01 1.840000000000000000e+02 0.000000000000000000e+00 2.015874000000000166e+00 6.351909999999999501e-01 -1.098049999999999998e-01 -7.645100000000000229e-01 7.506859999999999644e-01 -1.450500000000000123e-01 6.445389999999999731e-01 -1.816659999999999942e-01 -9.833119999999999639e-01 -9.705999999999999350e-03
4.000000000000000000e+00 1.400000000000000000e+01 1.400000000000000000e+01 0.000000000000000000e+00 2.539842000000000155e+00 -1.456999999999999962e-03 -2.596999999999999916e-03 -9.999959999999999960e-01 -4.155969999999999942e-01 -9.095440000000000191e-01 2.967000000000000019e-03 -9.095480000000000231e-01 4.156000000000000250e-01 2.460000000000000164e-04
1.200000000000000000e+01 1.400000000000000000e+01 1.400000000000000000e+01 0.000000000000000000e+00 2.539842000000000155e+00 -2.364999999999999915e-03 -4.466999999999999617e-03 -9.999869999999999592e-01 -4.185389999999999944e-01 -9.081850000000000200e-01 5.047000000000000271e-03 -9.081960000000000033e-01 4.185450000000000004e-01 2.790000000000000054e-04
2.000000000000000000e+01 1.400000000000000000e+01 1.400000000000000000e+01 0.000000000000000000e+00 2.539842000000000155e+00 -1.644999999999999978e-03 -2.282999999999999873e-03 -9.999959999999999960e-01 -4.193950000000000178e-01 -9.078000000000000513e-01 2.762000000000000132e-03 -9.078019999999999978e-01 4.193979999999999930e-01 5.360000000000000181e-04
1.100000000000000000e+01 1.500000000000000000e+01 2.600000000000000000e+01 0.000000000000000000e+00 2.539842000000000155e+00 -6.660000000000000338e-04 -1.291999999999999963e-03 9.999989999999999712e-01 3.469709999999999739e-01 9.378750000000000142e-01 1.443000000000000055e-03 -9.378760000000000430e-01 3.469720000000000026e-01 -1.759999999999999954e-04
2.100000000000000000e+01 1.500000000000000000e+01 2.600000000000000000e+01 0.000000000000000000e+00 2.539842000000000155e+00 -5.509999999999999490e-04 1.121999999999999950e-03 9.999989999999999712e-01 3.477270000000000083e-01 9.375949999999999562e-01 -8.599999999999999789e-04 -9.375949999999999562e-01 3.477270000000000083e-01 -9.070000000000000371e-04
5.000000000000000000e+00 7.600000000000000000e+01 6.100000000000000000e+01 0.000000000000000000e+00 2.539842000000000155e+00 -2.518999999999999972e-03 -2.570999999999999935e-03 9.999940000000000495e-01 -4.580529999999999879e-01 -8.889179999999999859e-01 -3.439000000000000216e-03 8.889219999999999899e-01 -4.580580000000000207e-01 1.062000000000000010e-03
2.000000000000000000e+01 7.600000000000000000e+01 6.100000000000000000e+01 0.000000000000000000e+00 2.539842000000000155e+00 9.020000000000000240e-04 1.216999999999999983e-03 9.999989999999999712e-01 -4.572030000000000260e-01 -8.893609999999999571e-01 1.495000000000000018e-03 8.893619999999999859e-01 -4.572039999999999993e-01 -2.460000000000000164e-04
2.600000000000000000e+01 7.600000000000000000e+01 6.100000000000000000e+01 0.000000000000000000e+00 2.539842000000000155e+00 1.649999999999999991e-03 4.532999999999999703e-03 9.999879999999999880e-01 -4.466720000000000135e-01 -8.946849999999999525e-01 4.792000000000000252e-03 8.946960000000000468e-01 -4.466749999999999887e-01 5.479999999999999845e-04
2.100000000000000000e+01 2.400000000000000000e+01 6.500000000000000000e+01 0.000000000000000000e+00 2.539842000000000155e+00 -8.949999999999999623e-04 -4.021000000000000268e-03 9.999919999999999920e-01 -1.288950000000000096e-01 9.916509999999999492e-01 3.872000000000000008e-03 -9.916580000000000394e-01 -1.288910000000000056e-01 -1.405999999999999915e-03
2.500000000000000000e+01 2.400000000000000000e+01 6.500000000000000000e+01 0.000000000000000000e+00 2.539842000000000155e+00 1.710000000000000094e-04 -1.580999999999999940e-03 9.999989999999999712e-01 -1.320139999999999925e-01 9.912469999999999892e-01 1.590000000000000050e-03 -9.912480000000000180e-01 -1.320139999999999925e-01 -3.899999999999999929e-05
6.000000000000000000e+00 7.800000000000000000e+01 7.200000000000000000e+01 0.000000000000000000e+00 2.539842000000000155e+00 -2.053000000000000137e-03 -8.562999999999999431e-03 9.999609999999999888e-01 2.784360000000000168e-01 -9.604240000000000554e-01 -7.653000000000000080e-03 9.604530000000000012e-01 2.784090000000000176e-01 4.355999999999999629e-03
2.500000000000000000e+01 7.800000000000000000e+01 7.200000000000000000e+01 0.000000000000000000e+00 2.539842000000000155e+00 -3.936000000000000262e-03 -1.247999999999999977e-03 9.999909999999999632e-01 2.771830000000000127e-01 -9.608170000000000321e-01 -1.090000000000000067e-04 9.608090000000000241e-01 2.771799999999999820e-01 4.126999999999999592e-03
4.000000000000000000e+00 5.400000000000000000e+01 7.600000000000000000e+01 0.000000000000000000e+00 2.539842000000000155e+00 6.470000000000000057e-04 -4.094000000000000417e-03 -9.999909999999999632e-01 -3.204170000000000074e-01 -9.472690000000000277e-01 3.670999999999999784e-03 -9.472760000000000069e-01 3.204119999999999746e-01 -1.923999999999999929e-03
1.700000000000000000e+01 5.400000000000000000e+01 7.600000000000000000e+01 0.000000000000000000e+00 2.539842000000000155e+00 2.226999999999999813e-03 4.876000000000000126e-03 -9.999860000000000415e-01 -3.206930000000000058e-01 -9.471680000000000099e-01 -5.333000000000000067e-03 -9.471810000000000507e-01 3.206999999999999851e-01 -5.450000000000000200e-04
6.000000000000000000e+00 1.400000000000000000e+01 7.700000000000000000e+01 0.000000000000000000e+00 2.539842000000000155e+00 -1.981999999999999821e-03 1.592000000000000099e-03 9.999970000000000248e-01 3.867789999999999839e-01 -9.221700000000000452e-01 2.235000000000000007e-03 9.221700000000000452e-01 3.867829999999999879e-01 1.211999999999999970e-03
8.000000000000000000e+00 1.300000000000000000e+01 7.800000000000000000e+01 0.000000000000000000e+00 2.539842000000000155e+00 -1.848000000000000033e-03 2.527000000000000166e-03 9.999949999999999672e-01 4.261059999999999848e-01 -9.046680000000000277e-01 3.073000000000000211e-03 9.046710000000000029e-01 4.261099999999999888e-01 5.950000000000000427e-04
1.400000000000000000e+01 5.400000000000000000e+01 8.300000000000000000e+01 0.000000000000000000e+00 2.539842000000000155e+00 1.007000000000000083e-03 4.819999999999999632e-03 9.999879999999999880e-01 6.992900000000000504e-02 -9.975410000000000110e-01 4.738000000000000024e-03 9.975509999999999655e-01 6.992299999999999904e-02 -1.342000000000000094e-03
2.200000000000000000e+01 5.400000000000000000e+01 8.300000000000000000e+01 0.000000000000000000e+00 2.539842000000000155e+00 1.020000000000000073e-03 -1.435000000000000078e-03 9.999980000000000535e-01 7.666100000000000692e-02 -9.970560000000000533e-01 -1.508999999999999925e-03 9.970569999999999711e-01 7.666199999999999404e-02 -9.070000000000000371e-04
1.800000000000000000e+01 3.700000000000000000e+01 9.400000000000000000e+01 0.000000000000000000e+00 2.539842000000000155e+00 -1.753089999999999926e-01 -3.585249999999999826e-01 9.169110000000000316e-01 -7.422860000000000014e-01 6.599450000000000038e-01 1.161259999999999931e-01 -6.467450000000000143e-01 -6.602519999999999500e-01 -3.818219999999999947e-01
1.500000000000000000e+01 3.700000000000000000e+01 9.500000000000000000e+01 0.000000000000000000e+00 2.539842000000000155e+00 -1.863370000000000026e-01 -3.133409999999999807e-01 9.311800000000000077e-01 -7.379520000000000524e-01 6.703430000000000222e-01 7.789899999999999602e-02 -6.486180000000000279e-01 -6.726499999999999702e-01 -3.561400000000000121e-01
1.200000000000000000e+01 3.700000000000000000e+01 9.600000000000000000e+01 0.000000000000000000e+00 2.539842000000000155e+00 -1.944110000000000005e-01 -2.706839999999999802e-01 9.428330000000000322e-01 -7.374819999999999709e-01 6.740930000000000533e-01 4.146199999999999886e-02 -6.467800000000000216e-01 -6.872620000000000395e-01 -3.306749999999999967e-01
6.000000000000000000e+00 2.300000000000000000e+01 1.140000000000000000e+02 0.000000000000000000e+00 2.539842000000000155e+00 -1.783000000000000080e-03 -3.843000000000000062e-03 9.999909999999999632e-01 -7.578620000000000356e-01 -6.524039999999999839e-01 -3.859000000000000017e-03 6.524119999999999919e-01 -7.578620000000000356e-01 -1.748999999999999904e-03
1.500000000000000000e+01 2.300000000000000000e+01 1.140000000000000000e+02 0.000000000000000000e+00 2.539842000000000155e+00 3.864999999999999946e-03 8.210000000000000284e-03 9.999590000000000423e-01 -7.621400000000000396e-01 -6.473590000000000177e-01 8.259999999999999981e-03 6.473999999999999755e-01 -7.621409999999999574e-01 3.755000000000000091e-03
2.400000000000000000e+01 2.300000000000000000e+01 1.140000000000000000e+02 0.000000000000000000e+00 2.539842000000000155e+00 3.423999999999999960e-03 8.359999999999999376e-03 9.999590000000000423e-01 -7.667350000000000554e-01 -6.419139999999999846e-01 7.992000000000000839e-03 6.419550000000000534e-01 -7.667310000000000514e-01 4.211999999999999598e-03
9.000000000000000000e+00 4.000000000000000000e+00 1.310000000000000000e+02 0.000000000000000000e+00 2.539842000000000155e+00 4.189999999999999931e-04 7.399999999999999623e-05 1.000000000000000000e+00 5.220979999999999510e-01 8.528860000000000330e-01 -2.820000000000000241e-04 -8.528860000000000330e-01 5.220979999999999510e-01 3.190000000000000019e-04
5.000000000000000000e+00 3.400000000000000000e+01 1.320000000000000000e+02 0.000000000000000000e+00 2.539842000000000155e+00 1.278870000000000007e-01 1.513450000000000073e-01 9.801729999999999610e-01 -8.764969999999999706e-01 -4.452249999999999819e-01 1.831049999999999900e-01 4.641100000000000225e-01 -8.825359999999999872e-01 7.571500000000000452e-02
1.100000000000000000e+01 4.000000000000000000e+01 1.580000000000000000e+02 0.000000000000000000e+00 2.539842000000000155e+00 -9.516999999999999418e-03 7.623999999999999701e-03 9.999259999999999815e-01 8.062200000000000477e-01 5.916069999999999940e-01 3.163000000000000013e-03 -5.915390000000000370e-01 8.061909999999999910e-01 -1.177699999999999927e-02
1.900000000000000000e+01 4.000000000000000000e+01 1.580000000000000000e+02 0.000000000000000000e+00 2.539842000000000155e+00 -6.323999999999999760e-03 4.649000000000000354e-03 9.999689999999999968e-01 8.389860000000000095e-01 5.441460000000000186e-01 2.775999999999999822e-03 -5.441160000000000441e-01 8.389780000000000015e-01 -7.341000000000000303e-03
2.900000000000000000e+01 4.000000000000000000e+01 1.580000000000000000e+02 0.000000000000000000e+00 2.539842000000000155e+00 -5.117000000000000021e-03 3.820000000000000153e-04 9.999869999999999592e-01 8.616580000000000350e-01 5.074720000000000342e-01 4.214999999999999997e-03 -5.074640000000000262e-01 8.616679999999999895e-01 -2.926999999999999914e-03
1.800000000000000000e+01 9.600000000000000000e+01 1.640000000000000000e+02 0.000000000000000000e+00 2.539842000000000155e+00 1.431429999999999925e-01 9.477539999999999853e-01 2.850820000000000021e-01 8.345740000000000380e-01 -2.704199999999999937e-01 4.799579999999999957e-01 5.319739999999999469e-01 1.692190000000000083e-01 -8.296790000000000553e-01
2.300000000000000000e+01 1.130000000000000000e+02 1.640000000000000000e+02 0.000000000000000000e+00 2.539842000000000155e+00 1.452759999999999885e-01 -2.339459999999999873e-01 -9.613350000000000506e-01 4.328159999999999785e-01 8.887659999999999449e-01 -1.508799999999999863e-01 8.897000000000000464e-01 -3.941620000000000124e-01 2.303719999999999934e-01
2.000000000000000000e+00 1.140000000000000000e+02 1.640000000000000000e+02 0.000000000000000000e+00 2.539842000000000155e+00 -4.021000000000000268e-03 -3.073999999999999910e-03 -9.999869999999999592e-01 6.892949999999999910e-01 7.244629999999999681e-01 -4.998999999999999971e-03 7.244690000000000296e-01 -6.893070000000000030e-01 -7.940000000000000009e-04
2.400000000000000000e+01 1.140000000000000000e+02 1.640000000000000000e+02 0.000000000000000000e+00 2.539842000000000155e+00 1.293060000000000043e-01 -1.918920000000000070e-01 -9.728599999999999470e-01 4.174780000000000157e-01 9.004440000000000222e-01 -1.221190000000000053e-01 8.994400000000000173e-01 -3.903570000000000095e-01 1.965439999999999965e-01
1.700000000000000000e+01 9.000000000000000000e+01 1.670000000000000000e+02 0.000000000000000000e+00 2.539842000000000155e+00 8.911029999999999784e-01 -4.532809999999999895e-01 -2.173200000000000132e-02 2.692140000000000088e-01 5.665850000000000053e-01 -7.787849999999999495e-01 3.653219999999999801e-01 6.881260000000000154e-01 6.269150000000000000e-01
1.000000000000000000e+01 9.300000000000000000e+01 1.720000000000000000e+02 0.000000000000000000e+00 2.539842000000000155e+00 9.852840000000000487e-01 1.378070000000000128e-01 -1.011129999999999945e-01 -1.113460000000000005e-01 9.663220000000000143e-01 2.320010000000000128e-01 1.296789999999999887e-01 -2.173279999999999934e-01 9.674460000000000282e-01
6.000000000000000000e+00 7.000000000000000000e+00 7.000000000000000000e+00 1.000000000000000000e+00 3.200000000000000178e+00 -2.240999999999999936e-03 -2.748000000000000009e-03 -9.999940000000000495e-01 -3.563839999999999786e-01 -9.343339999999999979e-01 3.366000000000000068e-03 -9.343369999999999731e-01 3.563890000000000113e-01 1.113999999999999973e-03
1.000000000000000000e+01 7.000000000000000000e+00 7.000000000000000000e+00 1.000000000000000000e+00 3.200000000000000178e+00 -2.053999999999999836e-03 -1.665999999999999946e-03 -9.999959999999999960e-01 -3.585490000000000066e-01 -9.335080000000000044e-01 2.292000000000000200e-03 -9.335090000000000332e-01 3.585519999999999818e-01 1.319999999999999993e-03
2.000000000000000000e+00 8.000000000000000000e+00 1.000000000000000000e+01 1.000000000000000000e+00 3.200000000000000178e+00 -5.509999999999999490e-04 -1.900000000000000105e-05 1.000000000000000000e+00 2.367539999999999922e-01 9.715700000000000447e-01 1.489999999999999897e-04 -9.715690000000000159e-01 2.367539999999999922e-01 -5.310000000000000050e-04
6.000000000000000000e+00 8.000000000000000000e+00 1.000000000000000000e+01 1.000000000000000000e+00 3.200000000000000178e+00 -6.449999999999999570e-04 -4.420000000000000101e-04 1.000000000000000000e+00 2.374670000000000114e-01 9.713950000000000085e-01 5.829999999999999679e-04 -9.713950000000000085e-01 2.374680000000000124e-01 -5.209999999999999788e-04
1.200000000000000000e+01 8.000000000000000000e+00 1.000000000000000000e+01 1.000000000000000000e+00 3.200000000000000178e+00 -1.165000000000000020e-03 1.543000000000000101e-03 9.999980000000000535e-01 2.370589999999999919e-01 9.714949999999999974e-01 -1.222999999999999912e-03 -9.714949999999999974e-01 2.370569999999999899e-01 -1.497999999999999983e-03
3.000000000000000000e+00 7.000000000000000000e+00 1.800000000000000000e+01 1.000000000000000000e+00 3.200000000000000178e+00 2.602999999999999845e-03 1.572000000000000047e-03 -9.999949999999999672e-01 -5.794160000000000421e-01 -8.150269999999999460e-01 -2.789999999999999945e-03 -8.150279999999999747e-01 5.794200000000000461e-01 -1.211000000000000054e-03
9.000000000000000000e+00 7.000000000000000000e+00 1.800000000000000000e+01 1.000000000000000000e+00 3.200000000000000178e+00 -1.242999999999999964e-03 6.459999999999999814e-04 -9.999989999999999712e-01 -5.847719999999999585e-01 -8.111969999999999459e-01 2.030000000000000012e-04 -8.111969999999999459e-01 5.847719999999999585e-01 1.386000000000000079e-03
2.000000000000000000e+00 2.400000000000000000e+01 1.800000000000000000e+01 1.000000000000000000e+00 3.200000000000000178e+00 1.179999999999999951e-04 4.620000000000000083e-04 1.000000000000000000e+00 -4.123470000000000191e-01 -9.110270000000000312e-01 4.690000000000000158e-04 9.110270000000000312e-01 -4.123470000000000191e-01 8.299999999999999815e-05
5.000000000000000000e+00 2.400000000000000000e+01 1.800000000000000000e+01 1.000000000000000000e+00 3.200000000000000178e+00 7.690000000000000438e-04 9.380000000000000317e-04 9.999989999999999712e-01 -4.127810000000000090e-01 -9.108289999999999997e-01 1.170999999999999949e-03 9.108300000000000285e-01 -4.127819999999999823e-01 -3.130000000000000187e-04
9.000000000000000000e+00 2.400000000000000000e+01 1.800000000000000000e+01 1.000000000000000000e+00 3.200000000000000178e+00 4.319999999999999838e-04 2.429999999999999977e-04 1.000000000000000000e+00 -4.117540000000000089e-01 -9.112949999999999662e-01 3.989999999999999949e-04 9.112949999999999662e-01 -4.117540000000000089e-01 -2.939999999999999905e-04
7.000000000000000000e+00 9.000000000000000000e+00 2.400000000000000000e+01 1.000000000000000000e+00 3.200000000000000178e+00 1.459999999999999926e-03 -3.879999999999999985e-04 9.999989999999999712e-01 -7.421659999999999924e-01 6.702150000000000052e-01 1.343999999999999926e-03 -6.702150000000000052e-01 -7.421670000000000211e-01 6.899999999999999667e-04
1.100000000000000000e+01 5.700000000000000000e+01 2.400000000000000000e+01 1.000000000000000000e+00 3.200000000000000178e+00 2.968000000000000152e-03 4.510000000000000120e-03 9.999850000000000128e-01 4.691290000000000182e-01 -8.831259999999999666e-01 2.589999999999999854e-03 8.831250000000000488e-01 4.691139999999999755e-01 -4.736999999999999891e-03
3.000000000000000000e+00 3.500000000000000000e+01 2.800000000000000000e+01 1.000000000000000000e+00 3.200000000000000178e+00 3.759999999999999779e-04 -1.461000000000000059e-03 -9.999989999999999712e-01 -5.887839999999999741e-01 -8.082899999999999530e-01 9.600000000000000243e-04 -8.082899999999999530e-01 5.887829999999999453e-01 -1.165000000000000020e-03
8.000000000000000000e+00 3.500000000000000000e+01 2.800000000000000000e+01 1.000000000000000000e+00 3.200000000000000178e+00 1.900000000000000105e-04 6.629999999999999609e-04 -1.000000000000000000e+00 -5.907609999999999806e-01 -8.068459999999999521e-01 -6.480000000000000300e-04 -8.068459999999999521e-01 5.907609999999999806e-01 2.380000000000000117e-04
1.200000000000000000e+01 3.500000000000000000e+01 2.800000000000000000e+01 1.000000000000000000e+00 3.200000000000000178e+00 4.350000000000000026e-04 5.580000000000000107e-04 -1.000000000000000000e+00 -5.890619999999999745e-01 -8.080869999999999997e-01 -7.069999999999999462e-04 -8.080869999999999997e-01 5.890630000000000033e-01 -2.300000000000000002e-05
5.000000000000000000e+00 1.100000000000000000e+01 3.000000000000000000e+01 1.000000000000000000e+00 3.200000000000000178e+00 -4.019000000000000003e-03 -5.560999999999999971e-03 9.999759999999999760e-01 -4.717600000000000265e-02 9.988719999999999821e-01 5.364999999999999977e-03 -9.988789999999999614e-01 -4.715300000000000047e-02 -4.277000000000000419e-03
9.000000000000000000e+00 1.100000000000000000e+01 3.000000000000000000e+01 1.000000000000000000e+00 3.200000000000000178e+00 -2.595999999999999783e-03 -3.720000000000000216e-03 9.999900000000000455e-01 -4.311799999999999661e-02 9.990630000000000344e-01 3.605000000000000131e-03 -9.990670000000000384e-01 -4.310800000000000048e-02 -2.753999999999999938e-03
1.100000000000000000e+01 1.700000000000000000e+01 3.600000000000000000e+01 1.000000000000000000e+00 3.200000000000000178e+00 -1.000000000000000048e-04 2.131000000000000082e-03 9.999980000000000535e-01 5.700859999999999816e-01 -8.215829999999999522e-01 1.807999999999999928e-03 8.215850000000000097e-01 5.700849999999999529e-01 -1.132999999999999893e-03
1.000000000000000000e+00 2.200000000000000000e+01 3.700000000000000000e+01 1.000000000000000000e+00 3.200000000000000178e+00 5.630000000000000239e-04 -4.843000000000000083e-03 9.999879999999999880e-01 2.341360000000000108e-01 -9.721919999999999451e-01 -4.840999999999999817e-03 9.722039999999999571e-01 2.341360000000000108e-01 5.860000000000000408e-04
7.000000000000000000e+00 2.200000000000000000e+01 3.700000000000000000e+01 1.000000000000000000e+00 3.200000000000000178e+00 -1.469000000000000037e-03 1.214999999999999934e-03 9.999980000000000535e-01 2.325359999999999927e-01 -9.725869999999999793e-01 1.523999999999999964e-03 9.725869999999999793e-01 2.325379999999999947e-01 1.146000000000000100e-03
1.200000000000000000e+01 2.200000000000000000e+01 3.700000000000000000e+01 1.000000000000000000e+00 3.200000000000000178e+00 -7.370000000000000249e-04 1.464999999999999939e-03 9.999989999999999712e-01 2.315099999999999936e-01 -9.728310000000000013e-01 1.595999999999999979e-03 9.728320000000000300e-01 2.315109999999999946e-01 3.780000000000000265e-04
4.000000000000000000e+00 6.000000000000000000e+00 3.900000000000000000e+01 1.000000000000000000e+00 3.200000000000000178e+00 -2.775999999999999822e-03 3.029999999999999924e-04 9.999959999999999960e-01 4.147060000000000191e-01 -9.099540000000000406e-01 1.427000000000000100e-03 9.099509999999999543e-01 4.147080000000000211e-01 2.399999999999999790e-03
8.000000000000000000e+00 6.000000000000000000e+00 3.900000000000000000e+01 1.000000000000000000e+00 3.200000000000000178e+00 -2.112000000000000162e-03 -3.080999999999999971e-03 9.999930000000000208e-01 4.135199999999999987e-01 -9.104929999999999968e-01 -1.931999999999999907e-03 9.104929999999999968e-01 4.135130000000000194e-01 3.197000000000000189e-03
4.000000000000000000e+00 5.000000000000000000e+00 4.000000000000000000e+01 1.000000000000000000e+00 3.200000000000000178e+00 -2.318000000000000182e-03 1.224000000000000045e-03 9.999970000000000248e-01 4.157850000000000157e-01 -9.094609999999999639e-01 2.076999999999999853e-03 9.094600000000000461e-01 4.157879999999999909e-01 1.598999999999999944e-03
1.200000000000000000e+01 5.000000000000000000e+00 4.000000000000000000e+01 1.000000000000000000e+00 3.200000000000000178e+00 -3.869999999999999742e-04 -2.354000000000000190e-03 9.999970000000000248e-01 4.154070000000000262e-01 -9.096340000000000536e-01 -1.981000000000000122e-03 9.096360000000000001e-01 4.154050000000000242e-01 1.330000000000000019e-03
1.400000000000000000e+01 2.200000000000000000e+01 4.200000000000000000e+01 1.000000000000000000e+00 3.200000000000000178e+00 -5.897499999999999964e-02 1.669899999999999857e-02 -9.981200000000000072e-01 -8.293089999999999629e-01 -5.573810000000000153e-01 3.967500000000000193e-02 -5.556699999999999973e-01 8.300889999999999658e-01 4.671999999999999764e-02
4.000000000000000000e+00 4.800000000000000000e+01 4.300000000000000000e+01 1.000000000000000000e+00 3.200000000000000178e+00 -2.132999999999999913e-03 -4.537000000000000234e-03 9.999869999999999592e-01 -9.858400000000000496e-01 1.676839999999999997e-01 -1.342000000000000094e-03 -1.676759999999999917e-01 -9.858299999999999841e-01 -4.830000000000000092e-03
8.000000000000000000e+00 4.800000000000000000e+01 4.300000000000000000e+01 1.000000000000000000e+00 3.200000000000000178e+00 -2.674000000000000161e-03 -7.139000000000000380e-03 9.999710000000000543e-01 -9.851919999999999566e-01 1.714479999999999893e-01 -1.410000000000000012e-03 -1.714330000000000020e-01 -9.851670000000000149e-01 -7.492000000000000395e-03
1.300000000000000000e+01 4.800000000000000000e+01 4.300000000000000000e+01 1.000000000000000000e+00 3.200000000000000178e+00 -3.637000000000000042e-03 -1.105399999999999959e-02 9.999320000000000430e-01 -9.856899999999999551e-01 1.685570000000000124e-01 -1.722000000000000006e-03 -1.685270000000000101e-01 -9.856300000000000061e-01 -1.150900000000000013e-02
3.000000000000000000e+00 4.400000000000000000e+01 4.600000000000000000e+01 1.000000000000000000e+00 3.200000000000000178e+00 -2.389000000000000064e-03 -5.317999999999999811e-03 -9.999829999999999552e-01 7.821669999999999456e-01 -6.230670000000000375e-01 1.445000000000000104e-03 -6.230639999999999512e-01 -7.821500000000000119e-01 5.648000000000000242e-03
6.000000000000000000e+00 1.300000000000000000e+01 5.100000000000000000e+01 1.000000000000000000e+00 3.200000000000000178e+00 5.509000000000000008e-03 -1.377800000000000032e-02 9.998899999999999455e-01 -1.897850000000000092e-01 -9.817460000000000075e-01 -1.248200000000000004e-02 9.818099999999999605e-01 -1.896950000000000025e-01 -8.023000000000000617e-03
1.200000000000000000e+01 1.300000000000000000e+01 5.100000000000000000e+01 1.000000000000000000e+00 3.200000000000000178e+00 1.678000000000000021e-03 -7.406000000000000257e-03 9.999710000000000543e-01 -2.406899999999999873e-01 -9.705780000000000518e-01 -6.784000000000000100e-03 9.706000000000000183e-01 -2.406719999999999970e-01 -3.410999999999999970e-03
5.000000000000000000e+00 3.100000000000000000e+01 6.200000000000000000e+01 1.000000000000000000e+00 3.200000000000000178e+00 6.318999999999999964e-03 3.446699999999999764e-02 9.993859999999999966e-01 9.567820000000000213e-01 -2.907790000000000097e-01 3.978999999999999898e-03 2.907379999999999964e-01 9.561690000000000467e-01 -3.481499999999999873e-02
1.000000000000000000e+00 1.000000000000000000e+01 6.400000000000000000e+01 1.000000000000000000e+00 3.200000000000000178e+00 -2.207000000000000194e-03 -2.599999999999999881e-03 -9.999940000000000495e-01 8.002070000000000016e-01 -5.997240000000000348e-01 -2.069999999999999900e-04 -5.997200000000000308e-01 -8.002019999999999689e-01 3.403999999999999908e-03
8.000000000000000000e+00 1.000000000000000000e+01 6.400000000000000000e+01 1.000000000000000000e+00 3.200000000000000178e+00 2.965000000000000187e-03 9.388000000000000511e-03 -9.999519999999999520e-01 7.983299999999999841e-01 -6.022119999999999695e-01 -3.286999999999999991e-03 -6.022140000000000271e-01 -7.982810000000000183e-01 -9.280000000000000054e-03
1.200000000000000000e+01 1.000000000000000000e+01 6.400000000000000000e+01 1.000000000000000000e+00 3.200000000000000178e+00 7.303999999999999729e-03 5.361699999999999799e-02 -9.985349999999999504e-01 8.012629999999999475e-01 -5.977369999999999628e-01 -2.623400000000000037e-02 -5.982669999999999932e-01 -7.998979999999999979e-01 -4.732700000000000101e-02
1.100000000000000000e+01 1.100000000000000000e+01 6.500000000000000000e+01 1.000000000000000000e+00 3.200000000000000178e+00 1.319299999999999987e-02 4.570500000000000257e-02 -9.988679999999999781e-01 7.947440000000000060e-01 -6.066989999999999883e-01 -1.726300000000000057e-02 -6.068010000000000348e-01 -7.936170000000000169e-01 -4.432799999999999935e-02
3.000000000000000000e+00 1.800000000000000000e+01 6.700000000000000000e+01 1.000000000000000000e+00 3.200000000000000178e+00 1.553529999999999911e-01 1.094959999999999961e-01 9.817719999999999780e-01 -8.385179999999999856e-01 -5.108030000000000070e-01 1.896539999999999893e-01 5.222580000000000000e-01 -8.526960000000000095e-01 1.245899999999999959e-02
9.000000000000000000e+00 1.900000000000000000e+01 6.800000000000000000e+01 1.000000000000000000e+00 3.200000000000000178e+00 1.701989999999999892e-01 1.171419999999999961e-01 9.784220000000000139e-01 -7.515159999999999618e-01 -6.268029999999999990e-01 2.057720000000000105e-01 6.373820000000000041e-01 -7.703219999999999512e-01 -1.864700000000000038e-02
1.300000000000000000e+01 5.300000000000000000e+01 7.900000000000000000e+01 1.000000000000000000e+00 3.200000000000000178e+00 -1.250449999999999895e-01 4.955669999999999797e-01 8.595209999999999795e-01 8.466350000000000264e-01 5.049690000000000012e-01 -1.679759999999999864e-01 -5.172750000000000403e-01 7.066959999999999908e-01 -4.827080000000000259e-01
6.000000000000000000e+00 4.000000000000000000e+00 8.000000000000000000e+01 1.000000000000000000e+00 3.200000000000000178e+00 1.698999999999999989e-03 2.207999999999999893e-03 9.999959999999999960e-01 -3.013499999999999859e-02 -9.995429999999999593e-01 2.258000000000000024e-03 9.995439999999999880e-01 -3.013899999999999912e-02 -1.631999999999999987e-03
1.200000000000000000e+01 4.900000000000000000e+01 8.300000000000000000e+01 1.000000000000000000e+00 3.200000000000000178e+00 -4.367299999999999655e-02 6.296969999999999512e-01 7.756119999999999681e-01 7.873280000000000278e-01 -4.562080000000000024e-01 4.147150000000000003e-01 6.149860000000000326e-01 6.287730000000000263e-01 -4.758539999999999992e-01
1.300000000000000000e+01 4.700000000000000000e+01 9.500000000000000000e+01 1.000000000000000000e+00 3.200000000000000178e+00 5.783249999999999780e-01 -7.351529999999999454e-01 -3.536810000000000231e-01 8.110939999999999817e-01 5.646710000000000340e-01 1.525569999999999982e-01 8.755999999999999894e-02 -3.750959999999999850e-01 9.228410000000000224e-01
1.000000000000000000e+01 4.000000000000000000e+00 2.000000000000000000e+00 1.000000000000000000e+00 4.031747000000000192e+00 3.840000000000000097e-04 4.609999999999999840e-04 1.000000000000000000e+00 6.052600000000000341e-02 -9.981670000000000265e-01 4.369999999999999970e-04 9.981670000000000265e-01 6.052600000000000341e-02 -4.110000000000000155e-04
1.400000000000000000e+01 4.000000000000000000e+00 2.000000000000000000e+00 1.000000000000000000e+00 4.031747000000000192e+00 1.085000000000000027e-03 -5.860000000000000408e-04 9.999989999999999712e-01 6.467199999999999338e-02 -9.979059999999999597e-01 -6.549999999999999833e-04 9.979059999999999597e-01 6.467199999999999338e-02 -1.044999999999999922e-03
8.000000000000000000e+00 2.000000000000000000e+00 6.000000000000000000e+00 1.000000000000000000e+00 4.031747000000000192e+00 -1.681999999999999901e-03 -1.222999999999999912e-03 -9.999980000000000535e-01 -1.393909999999999871e-01 -9.902360000000000051e-01 1.445000000000000104e-03 -9.902360000000000051e-01 1.393929999999999891e-01 1.495000000000000018e-03
1.200000000000000000e+01 2.000000000000000000e+00 6.000000000000000000e+00 1.000000000000000000e+00 4.031747000000000192e+00 -1.652000000000000040e-03 -2.076000000000000154e-03 -9.999959999999999960e-01 -1.431199999999999972e-01 -9.897029999999999994e-01 2.291000000000000068e-03 -9.897040000000000282e-01 1.431240000000000012e-01 1.337999999999999997e-03
4.000000000000000000e+00 2.100000000000000000e+01 8.000000000000000000e+00 1.000000000000000000e+00 4.031747000000000192e+00 1.016999999999999892e-03 1.029999999999999964e-04 -1.000000000000000000e+00 -7.850439999999999641e-01 -6.194399999999999906e-01 -8.620000000000000275e-04 -6.194389999999999619e-01 7.850439999999999641e-01 -5.490000000000000088e-04
9.000000000000000000e+00 2.100000000000000000e+01 8.000000000000000000e+00 1.000000000000000000e+00 4.031747000000000192e+00 -5.140000000000000254e-04 -9.309999999999999699e-04 -1.000000000000000000e+00 -7.875590000000000090e-01 -6.162389999999999812e-01 9.790000000000000525e-04 -6.162389999999999812e-01 7.875590000000000090e-01 -4.159999999999999744e-04
6.000000000000000000e+00 9.000000000000000000e+00 1.000000000000000000e+01 1.000000000000000000e+00 4.031747000000000192e+00 -4.360000000000000269e-04 -3.950000000000000061e-04 1.000000000000000000e+00 1.841389999999999971e-01 9.828999999999999959e-01 4.690000000000000158e-04 -9.828999999999999959e-01 1.841389999999999971e-01 -3.559999999999999797e-04
1.200000000000000000e+01 9.000000000000000000e+00 1.000000000000000000e+01 1.000000000000000000e+00 4.031747000000000192e+00 -9.719999999999999907e-04 1.438000000000000042e-03 9.999989999999999712e-01 1.834369999999999890e-01 9.830309999999999881e-01 -1.234999999999999987e-03 -9.830309999999999881e-01 1.834349999999999870e-01 -1.219999999999999947e-03
1.400000000000000000e+01 1.400000000000000000e+01 1.900000000000000000e+01 1.000000000000000000e+00 4.031747000000000192e+00 1.060000000000000016e-04 8.469999999999999881e-04 -1.000000000000000000e+00 6.856980000000000297e-01 7.278860000000000330e-01 6.890000000000000508e-04 7.278860000000000330e-01 -6.856970000000000010e-01 -5.029999999999999749e-04
5.000000000000000000e+00 1.200000000000000000e+01 2.200000000000000000e+01 1.000000000000000000e+00 4.031747000000000192e+00 -5.700000000000000314e-05 1.987000000000000051e-03 -9.999980000000000535e-01 8.303639999999999910e-01 5.572209999999999663e-01 1.059999999999999961e-03 5.572219999999999951e-01 -8.303620000000000445e-01 -1.681999999999999901e-03
1.200000000000000000e+01 1.200000000000000000e+01 2.200000000000000000e+01 1.000000000000000000e+00 4.031747000000000192e+00 1.949999999999999965e-04 1.605000000000000090e-03 -9.999989999999999712e-01 8.304310000000000302e-01 5.571209999999999773e-01 1.056000000000000081e-03 5.571220000000000061e-01 -8.304300000000000015e-01 -1.224000000000000045e-03
5.000000000000000000e+00 1.100000000000000000e+01 2.300000000000000000e+01 1.000000000000000000e+00 4.031747000000000192e+00 -5.760000000000000146e-04 1.794999999999999938e-03 -9.999980000000000535e-01 8.241610000000000325e-01 5.663559999999999706e-01 5.419999999999999471e-04 5.663559999999999706e-01 -8.241589999999999749e-01 -1.804999999999999964e-03
1.100000000000000000e+01 1.100000000000000000e+01 2.300000000000000000e+01 1.000000000000000000e+00 4.031747000000000192e+00 4.600000000000000004e-05 1.489000000000000089e-03 -9.999989999999999712e-01 8.247170000000000334e-01 5.655449999999999644e-01 8.800000000000000313e-04 5.655449999999999644e-01 -8.247160000000000046e-01 -1.201999999999999943e-03
2.000000000000000000e+00 2.900000000000000000e+01 2.300000000000000000e+01 1.000000000000000000e+00 4.031747000000000192e+00 -3.099999999999999999e-04 -3.229999999999999907e-04 -1.000000000000000000e+00 7.713599999999999624e-02 -9.970210000000000461e-01 2.979999999999999793e-04 -9.970210000000000461e-01 -7.713599999999999624e-02 3.339999999999999870e-04
9.000000000000000000e+00 2.900000000000000000e+01 2.300000000000000000e+01 1.000000000000000000e+00 4.031747000000000192e+00 -9.200000000000000007e-05 3.830000000000000071e-03 -9.999930000000000208e-01 7.406400000000000483e-02 -9.972459999999999658e-01 -3.827000000000000107e-03 -9.972539999999999738e-01 -7.406400000000000483e-02 -1.920000000000000049e-04
1.400000000000000000e+01 2.900000000000000000e+01 2.300000000000000000e+01 1.000000000000000000e+00 4.031747000000000192e+00 1.690000000000000096e-03 3.749999999999999861e-03 -9.999919999999999920e-01 7.568199999999999927e-02 -9.971250000000000391e-01 -3.611000000000000060e-03 -9.971309999999999896e-01 -7.567599999999999327e-02 -1.968999999999999830e-03
1.200000000000000000e+01 1.900000000000000000e+01 3.000000000000000000e+01 1.000000000000000000e+00 4.031747000000000192e+00 2.339999999999999958e-04 9.550000000000000112e-04 -9.999989999999999712e-01 1.339660000000000017e-01 -9.909850000000000048e-01 -9.150000000000000147e-04 -9.909860000000000335e-01 -1.339660000000000017e-01 -3.600000000000000227e-04
7.000000000000000000e+00 1.900000000000000000e+01 4.100000000000000000e+01 1.000000000000000000e+00 4.031747000000000192e+00 2.135799999999999851e-02 5.150000000000000498e-04 9.997719999999999940e-01 7.290790000000000326e-01 -6.842610000000000081e-01 -1.522300000000000042e-02 6.840969999999999551e-01 7.292370000000000241e-01 -1.498999999999999985e-02
1.200000000000000000e+01 2.100000000000000000e+01 4.300000000000000000e+01 1.000000000000000000e+00 4.031747000000000192e+00 -9.192000000000000171e-02 3.901999999999999913e-02 -9.950020000000000531e-01 -8.240309999999999580e-01 -5.639650000000000496e-01 5.400900000000000145e-02 -5.590389999999999526e-01 8.248760000000000536e-01 8.399299999999999822e-02
3.000000000000000000e+00 4.000000000000000000e+00 5.100000000000000000e+01 1.000000000000000000e+00 4.031747000000000192e+00 -7.919999999999999523e-04 1.920000000000000049e-04 -1.000000000000000000e+00 8.107499999999999707e-01 5.853920000000000234e-01 -5.299999999999999807e-04 5.853920000000000234e-01 -8.107499999999999707e-01 -6.189999999999999756e-04
8.000000000000000000e+00 4.000000000000000000e+00 5.100000000000000000e+01 1.000000000000000000e+00 4.031747000000000192e+00 4.479999999999999933e-04 -6.480000000000000300e-04 -1.000000000000000000e+00 8.131610000000000227e-01 5.820389999999999731e-01 -1.299999999999999920e-05 5.820380000000000553e-01 -8.131610000000000227e-01 7.879999999999999635e-04
2.000000000000000000e+00 3.000000000000000000e+00 5.200000000000000000e+01 1.000000000000000000e+00 4.031747000000000192e+00 -1.095999999999999969e-03 -2.709999999999999735e-04 -9.999989999999999712e-01 8.875410000000000244e-01 4.607269999999999976e-01 -1.098000000000000018e-03 4.607269999999999976e-01 -8.875420000000000531e-01 -2.649999999999999903e-04
1.000000000000000000e+01 3.000000000000000000e+00 5.200000000000000000e+01 1.000000000000000000e+00 4.031747000000000192e+00 1.149000000000000065e-03 -4.870000000000000197e-04 -9.999989999999999712e-01 8.882759999999999545e-01 4.593099999999999961e-01 7.969999999999999654e-04 4.593090000000000228e-01 -8.882759999999999545e-01 9.610000000000000486e-04
4.000000000000000000e+00 1.400000000000000000e+01 5.500000000000000000e+01 1.000000000000000000e+00 4.031747000000000192e+00 -1.794199999999999962e-02 -1.796899999999999886e-02 9.996779999999999555e-01 -9.825369999999999937e-01 -1.848809999999999898e-01 -2.095699999999999993e-02 1.851980000000000015e-01 -9.825970000000000537e-01 -1.433800000000000005e-02
1.300000000000000000e+01 1.400000000000000000e+01 5.500000000000000000e+01 1.000000000000000000e+00 4.031747000000000192e+00 8.592999999999999944e-03 2.082399999999999876e-02 9.997460000000000235e-01 -9.340939999999999799e-01 -3.566920000000000091e-01 1.545900000000000052e-02 3.569229999999999903e-01 -9.339899999999999869e-01 1.638699999999999879e-02
8.000000000000000000e+00 1.300000000000000000e+01 6.300000000000000000e+01 1.000000000000000000e+00 4.031747000000000192e+00 -3.458599999999999869e-02 1.048309999999999936e-01 -9.938879999999999937e-01 8.008610000000000451e-01 -5.920009999999999994e-01 -9.031000000000000139e-02 -5.978499999999999925e-01 -7.990899999999999670e-01 -6.347999999999999476e-02
1.300000000000000000e+01 1.300000000000000000e+01 6.300000000000000000e+01 1.000000000000000000e+00 4.031747000000000192e+00 -1.476599999999999961e-02 1.263930000000000053e-01 -9.918700000000000294e-01 7.658589999999999565e-01 -6.363220000000000542e-01 -9.248699999999999977e-02 -6.428390000000000493e-01 -7.609989999999999810e-01 -8.740399999999999558e-02
1.300000000000000000e+01 1.500000000000000000e+01 6.500000000000000000e+01 1.000000000000000000e+00 4.031747000000000192e+00 -5.260399999999999798e-02 1.611710000000000087e-01 -9.855239999999999556e-01 7.435119999999999507e-01 -6.525009999999999977e-01 -1.463949999999999974e-01 -6.666499999999999648e-01 -7.404500000000000526e-01 -8.550800000000000067e-02
4.000000000000000000e+00 1.800000000000000000e+01 6.700000000000000000e+01 1.000000000000000000e+00 4.031747000000000192e+00 1.361850000000000005e-01 1.239399999999999946e-01 9.828999999999999959e-01 -7.822059999999999569e-01 -5.953969999999999541e-01 1.834550000000000070e-01 6.079529999999999657e-01 -7.938140000000000196e-01 1.586200000000000110e-02
4.000000000000000000e+00 3.000000000000000000e+00 8.000000000000000000e+01 1.000000000000000000e+00 4.031747000000000192e+00 1.637999999999999916e-03 1.812999999999999941e-03 9.999970000000000248e-01 2.729699999999999835e-02 -9.996260000000000145e-01 1.768000000000000040e-03 9.996260000000000145e-01 2.729399999999999882e-02 -1.686999999999999915e-03
1.200000000000000000e+01 4.800000000000000000e+01 9.700000000000000000e+01 1.000000000000000000e+00 4.031747000000000192e+00 5.476480000000000237e-01 -8.185510000000000286e-01 -1.733669999999999933e-01 8.122439999999999660e-01 5.698360000000000092e-01 -1.246850000000000042e-01 2.008520000000000028e-01 -7.253300000000000025e-02 9.769330000000000513e-01
1.000000000000000000e+00 2.000000000000000000e+00 6.000000000000000000e+00 1.000000000000000000e+00 5.079683000000000170e+00 -5.527999999999999928e-03 6.697999999999999961e-03 -9.999620000000000175e-01 -6.263100000000000611e-02 -9.980170000000000430e-01 -6.337999999999999884e-03 -9.980210000000000470e-01 6.259299999999999586e-02 5.936999999999999569e-03
9.000000000000000000e+00 4.700000000000000000e+01 7.000000000000000000e+00 1.000000000000000000e+00 5.079683000000000170e+00 4.902000000000000107e-03 -1.121999999999999950e-03 -9.999869999999999592e-01 -8.123799999999999910e-01 5.831110000000000460e-01 -4.636999999999999629e-03 5.831079999999999597e-01 8.123920000000000030e-01 1.946999999999999946e-03
6.000000000000000000e+00 1.000000000000000000e+01 1.000000000000000000e+01 1.000000000000000000e+00 5.079683000000000170e+00 -5.100000000000000366e-04 -4.620000000000000083e-04 1.000000000000000000e+00 9.645199999999999607e-02 9.953370000000000273e-01 5.090000000000000123e-04 -9.953370000000000273e-01 9.645199999999999607e-02 -4.629999999999999784e-04
7.000000000000000000e+00 2.500000000000000000e+01 1.500000000000000000e+01 1.000000000000000000e+00 5.079683000000000170e+00 -3.800000000000000209e-04 1.819000000000000087e-03 9.999980000000000535e-01 4.500310000000000143e-01 -8.930109999999999992e-01 1.796000000000000070e-03 8.930129999999999457e-01 4.500299999999999856e-01 -4.789999999999999879e-04
6.000000000000000000e+00 5.100000000000000000e+01 2.500000000000000000e+01 1.000000000000000000e+00 5.079683000000000170e+00 2.000000000000000042e-03 -6.040000000000000447e-04 9.999980000000000535e-01 -9.873779999999999779e-01 1.583690000000000098e-01 2.069999999999999792e-03 -1.583690000000000098e-01 -9.873800000000000354e-01 -2.790000000000000054e-04
1.100000000000000000e+01 5.100000000000000000e+01 2.500000000000000000e+01 1.000000000000000000e+00 5.079683000000000170e+00 3.236999999999999860e-03 -9.399999999999999719e-04 9.999940000000000495e-01 -9.849780000000000202e-01 1.726449999999999929e-01 3.350999999999999812e-03 -1.726469999999999949e-01 -9.849839999999999707e-01 -3.669999999999999760e-04
8.000000000000000000e+00 3.600000000000000000e+01 2.800000000000000000e+01 1.000000000000000000e+00 5.079683000000000170e+00 -1.920000000000000049e-04 2.000000000000000164e-05 -1.000000000000000000e+00 6.855430000000000135e-01 -7.280320000000000125e-01 -1.459999999999999981e-04 -7.280320000000000125e-01 -6.855430000000000135e-01 1.259999999999999998e-04
8.000000000000000000e+00 1.100000000000000000e+01 3.300000000000000000e+01 1.000000000000000000e+00 5.079683000000000170e+00 -2.132999999999999913e-03 -7.492999999999999661e-03 -9.999700000000000255e-01 9.581299999999999539e-02 9.953699999999999770e-01 -7.662999999999999673e-03 9.953969999999999763e-01 -9.582599999999999452e-02 -1.405999999999999915e-03
5.000000000000000000e+00 3.500000000000000000e+01 3.700000000000000000e+01 1.000000000000000000e+00 5.079683000000000170e+00 -3.141999999999999828e-03 3.699999999999999811e-05 9.999949999999999672e-01 3.526839999999999975e-01 -9.357419999999999627e-01 1.142999999999999919e-03 9.357370000000000410e-01 3.526859999999999995e-01 2.926999999999999914e-03
1.000000000000000000e+01 4.500000000000000000e+01 3.900000000000000000e+01 1.000000000000000000e+00 5.079683000000000170e+00 1.559999999999999972e-04 -1.281999999999999936e-03 -9.999989999999999712e-01 -8.357240000000000224e-01 5.491489999999999982e-01 -8.350000000000000217e-04 5.491500000000000270e-01 8.357240000000000224e-01 -9.859999999999998974e-04
7.000000000000000000e+00 2.900000000000000000e+01 4.200000000000000000e+01 1.000000000000000000e+00 5.079683000000000170e+00 -3.692299999999999749e-02 1.076799999999999979e-02 -9.992600000000000371e-01 -9.590940000000000021e-01 -2.812259999999999760e-01 3.240900000000000031e-02 -2.806690000000000018e-01 9.595810000000000173e-01 2.071200000000000124e-02
1.000000000000000000e+01 2.100000000000000000e+01 4.400000000000000000e+01 1.000000000000000000e+00 5.079683000000000170e+00 -1.121759999999999979e-01 6.072400000000000020e-02 -9.918310000000000182e-01 -8.628550000000000386e-01 -5.010029999999999761e-01 6.691500000000000226e-02 -4.928469999999999795e-01 8.633129999999999971e-01 1.085959999999999981e-01
3.000000000000000000e+00 4.300000000000000000e+01 4.600000000000000000e+01 1.000000000000000000e+00 5.079683000000000170e+00 -2.418000000000000010e-03 -5.571000000000000431e-03 9.999820000000000375e-01 -9.354099999999999637e-01 3.535650000000000182e-01 -2.919999999999999961e-04 -3.535570000000000102e-01 -9.353930000000000300e-01 -6.066000000000000211e-03
1.000000000000000000e+00 1.500000000000000000e+01 4.700000000000000000e+01 1.000000000000000000e+00 5.079683000000000170e+00 7.073799999999999533e-02 9.079999999999999530e-04 9.974939999999999918e-01 7.074920000000000098e-01 -7.049840000000000551e-01 -4.952999999999999764e-02 7.031730000000000480e-01 7.092230000000000478e-01 -5.051200000000000134e-02
9.000000000000000000e+00 4.000000000000000000e+01 8.400000000000000000e+01 1.000000000000000000e+00 5.079683000000000170e+00 4.495149999999999979e-01 7.735400000000000054e-01 -4.467349999999999932e-01 6.821490000000000054e-01 2.562499999999999847e-02 7.307639999999999691e-01 5.767229999999999857e-01 -6.332290000000000418e-01 -5.161510000000000264e-01
1.300000000000000000e+01 3.600000000000000000e+01 8.600000000000000000e+01 1.000000000000000000e+00 5.079683000000000170e+00 4.472630000000000217e-01 5.433240000000000292e-01 -7.104610000000000092e-01 7.564689999999999470e-01 1.940070000000000128e-01 6.245929999999999538e-01 4.771909999999999763e-01 -8.167990000000000528e-01 -3.242349999999999954e-01
1.300000000000000000e+01 3.500000000000000000e+01 8.700000000000000000e+01 1.000000000000000000e+00 5.079683000000000170e+00 4.864149999999999863e-01 4.871920000000000139e-01 -7.252889999999999615e-01 7.901409999999999823e-01 1.090350000000000069e-01 6.031490000000000462e-01 3.729319999999999857e-01 -8.664610000000000367e-01 -3.319139999999999868e-01
6.000000000000000000e+00 1.300000000000000000e+01 1.000000000000000000e+01 2.000000000000000000e+00 6.400000000000000355e+00 1.079999999999999960e-04 1.670000000000000043e-03 -9.999989999999999712e-01 -1.179589999999999944e-01 -9.930170000000000385e-01 -1.672000000000000092e-03 -9.930179999999999563e-01 1.179589999999999944e-01 9.000000000000000567e-05
1.000000000000000000e+00 1.400000000000000000e+01 1.200000000000000000e+01 2.000000000000000000e+00 6.400000000000000355e+00 -1.330000000000000073e-04 1.677000000000000105e-03 -9.999989999999999712e-01 -4.960400000000000226e-02 -9.987679999999999891e-01 -1.668999999999999911e-03 -9.987690000000000179e-01 4.960400000000000226e-02 2.159999999999999919e-04
5.000000000000000000e+00 4.000000000000000000e+00 1.300000000000000000e+01 2.000000000000000000e+00 6.400000000000000355e+00 8.339999999999999974e-04 3.199999999999999855e-05 1.000000000000000000e+00 -8.281960000000000433e-01 5.604379999999999917e-01 6.729999999999999871e-04 -5.604379999999999917e-01 -8.281960000000000433e-01 4.939999999999999730e-04
4.000000000000000000e+00 1.800000000000000000e+01 1.400000000000000000e+01 2.000000000000000000e+00 6.400000000000000355e+00 -2.539999999999999940e-04 4.719999999999999803e-04 -1.000000000000000000e+00 7.067390000000000061e-01 -7.074740000000000473e-01 -5.140000000000000254e-04 -7.074749999999999650e-01 -7.067390000000000061e-01 -1.540000000000000028e-04
2.000000000000000000e+00 1.200000000000000000e+01 2.000000000000000000e+01 2.000000000000000000e+00 6.400000000000000355e+00 -5.567799999999999833e-02 3.860600000000000143e-02 -9.977019999999999778e-01 -9.889440000000000452e-01 -1.396809999999999996e-01 4.978500000000000286e-02 -1.374380000000000046e-01 9.894439999999999902e-01 4.595699999999999785e-02
1.000000000000000000e+00 1.500000000000000000e+01 2.100000000000000000e+01 2.000000000000000000e+00 6.400000000000000355e+00 -4.676700000000000301e-02 2.090799999999999950e-02 -9.986869999999999914e-01 -9.680699999999999861e-01 -2.474439999999999973e-01 4.015300000000000119e-02 -2.462789999999999979e-01 9.686770000000000103e-01 3.181200000000000000e-02
5.000000000000000000e+00 1.500000000000000000e+01 2.100000000000000000e+01 2.000000000000000000e+00 6.400000000000000355e+00 -6.506199999999999484e-02 2.168799999999999895e-02 -9.976460000000000328e-01 -9.422509999999999497e-01 -3.304830000000000267e-01 5.426500000000000073e-02 -3.285279999999999867e-01 9.435630000000000406e-01 4.193700000000000205e-02
1.000000000000000000e+00 2.000000000000000000e+01 2.400000000000000000e+01 2.000000000000000000e+00 6.400000000000000355e+00 -1.641000000000000097e-03 -4.821999999999999897e-03 9.999869999999999592e-01 -9.485249999999999515e-01 3.167030000000000123e-01 -2.900000000000000017e-05 -3.166990000000000083e-01 -9.485120000000000218e-01 -5.093999999999999570e-03
5.000000000000000000e+00 2.000000000000000000e+01 2.400000000000000000e+01 2.000000000000000000e+00 6.400000000000000355e+00 -1.059999999999999961e-03 -7.166999999999999760e-03 9.999740000000000295e-01 -9.501420000000000421e-01 3.118139999999999801e-01 1.227999999999999925e-03 -3.118150000000000088e-01 -9.501159999999999606e-01 -7.140999999999999778e-03
2.000000000000000000e+00 2.000000000000000000e+00 3.100000000000000000e+01 2.000000000000000000e+00 6.400000000000000355e+00 -2.949999999999999931e-03 1.019999999999999992e-04 -9.999959999999999960e-01 9.979130000000000500e-01 6.450000000000000178e-02 -2.936999999999999941e-03 6.449900000000000078e-02 -9.979179999999999717e-01 -2.930000000000000204e-04
2.000000000000000000e+00 1.000000000000000000e+00 3.300000000000000000e+01 2.000000000000000000e+00 6.400000000000000355e+00 1.838000000000000007e-03 -2.739999999999999923e-04 9.999980000000000535e-01 -9.448969999999999869e-01 3.273639999999999883e-01 1.827000000000000065e-03 -3.273639999999999883e-01 -9.448980000000000157e-01 3.429999999999999889e-04
6.000000000000000000e+00 1.000000000000000000e+00 3.300000000000000000e+01 2.000000000000000000e+00 6.400000000000000355e+00 4.531999999999999570e-03 2.295000000000000165e-03 9.999869999999999592e-01 -9.476529999999999676e-01 3.192809999999999815e-01 3.562000000000000062e-03 -3.192690000000000250e-01 -9.476569999999999716e-01 3.621999999999999786e-03
4.000000000000000000e+00 1.100000000000000000e+01 3.300000000000000000e+01 2.000000000000000000e+00 6.400000000000000355e+00 1.411519999999999997e-01 9.965899999999999759e-02 9.849590000000000289e-01 -7.504720000000000280e-01 -6.380989999999999718e-01 1.721109999999999862e-01 6.456530000000000324e-01 -7.634779999999999900e-01 -1.527799999999999991e-02
6.000000000000000000e+00 1.200000000000000000e+01 3.300000000000000000e+01 2.000000000000000000e+00 6.400000000000000355e+00 1.512789999999999968e-01 7.579199999999999826e-02 9.855810000000000404e-01 -7.716920000000000446e-01 -6.140400000000000302e-01 1.656690000000000107e-01 6.177430000000000421e-01 -7.856269999999999643e-01 -3.440300000000000302e-02
4.000000000000000000e+00 1.200000000000000000e+01 3.400000000000000000e+01 2.000000000000000000e+00 6.400000000000000355e+00 1.163939999999999975e-01 9.359599999999999864e-02 9.887829999999999675e-01 -6.756109999999999616e-01 -7.222709999999999964e-01 1.478980000000000017e-01 7.280119999999999925e-01 -6.852479999999999682e-01 -2.083300000000000082e-02
5.000000000000000000e+00 1.900000000000000000e+01 4.300000000000000000e+01 2.000000000000000000e+00 6.400000000000000355e+00 5.480559999999999876e-01 6.707809999999999606e-01 -4.996880000000000210e-01 7.289820000000000189e-01 -9.011500000000000066e-02 6.785750000000000393e-01 4.101460000000000106e-01 -7.361609999999999543e-01 -5.383750000000000480e-01
4.000000000000000000e+00 1.900000000000000000e+01 4.500000000000000000e+01 2.000000000000000000e+00 6.400000000000000355e+00 6.577640000000000153e-01 7.134759999999999991e-01 -2.414509999999999990e-01 7.091920000000000446e-01 -4.786360000000000059e-01 5.176439999999999930e-01 2.537590000000000123e-01 -5.117220000000000102e-01 -8.208210000000000228e-01
5.000000000000000000e+00 2.000000000000000000e+00 6.000000000000000000e+00 2.000000000000000000e+00 8.063494999999999635e+00 -2.296999999999999997e-03 8.229999999999999469e-04 -9.999970000000000248e-01 -2.690400000000000083e-02 -9.996380000000000265e-01 -7.609999999999999577e-04 -9.996350000000000513e-01 2.690199999999999883e-02 2.318999999999999881e-03
4.000000000000000000e+00 1.300000000000000000e+01 7.000000000000000000e+00 2.000000000000000000e+00 8.063494999999999635e+00 7.569999999999999689e-04 1.376999999999999969e-03 -9.999989999999999712e-01 -6.450069999999999970e-01 -7.641750000000000487e-01 -1.541000000000000052e-03 -7.641759999999999664e-01 6.450069999999999970e-01 3.099999999999999999e-04
4.000000000000000000e+00 2.600000000000000000e+01 1.300000000000000000e+01 2.000000000000000000e+00 8.063494999999999635e+00 -1.685999999999999999e-03 4.429999999999999802e-04 -9.999980000000000535e-01 9.383599999999999719e-01 -3.456560000000000188e-01 -1.734999999999999997e-03 -3.456560000000000188e-01 -9.383610000000000007e-01 1.669999999999999935e-04
3.000000000000000000e+00 1.600000000000000000e+01 1.600000000000000000e+01 2.000000000000000000e+00 8.063494999999999635e+00 6.440000000000000412e-04 -9.759999999999999796e-04 -9.999989999999999712e-01 2.835119999999999862e-01 -9.589680000000000426e-01 1.118999999999999986e-03 -9.589689999999999603e-01 -2.835119999999999862e-01 -3.409999999999999945e-04
2.000000000000000000e+00 2.000000000000000000e+01 1.800000000000000000e+01 2.000000000000000000e+00 8.063494999999999635e+00 5.779999999999999548e-04 -2.216999999999999787e-03 9.999970000000000248e-01 5.292019999999999502e-01 8.484939999999999705e-01 1.575000000000000011e-03 -8.484960000000000280e-01 5.292000000000000037e-01 1.663999999999999898e-03
4.000000000000000000e+00 1.400000000000000000e+01 3.100000000000000000e+01 2.000000000000000000e+00 8.063494999999999635e+00 4.392299999999999677e-02 9.799900000000000277e-02 -9.942170000000000174e-01 -9.980799999999999672e-01 -3.919799999999999673e-02 -4.795699999999999963e-02 -4.367100000000000148e-02 9.944140000000000201e-01 9.608899999999999386e-02
3.000000000000000000e+00 1.100000000000000000e+01 3.300000000000000000e+01 2.000000000000000000e+00 8.063494999999999635e+00 9.632999999999999896e-02 4.700900000000000217e-02 9.942389999999999839e-01 -7.538859999999999451e-01 -6.487680000000000113e-01 1.037170000000000036e-01 6.499059999999999837e-01 -7.595330000000000137e-01 -2.705600000000000019e-02
5.000000000000000000e+00 1.200000000000000000e+01 3.300000000000000000e+01 2.000000000000000000e+00 8.063494999999999635e+00 1.021549999999999958e-01 2.999599999999999836e-02 9.943159999999999776e-01 -7.946039999999999770e-01 -5.988850000000000007e-01 9.970400000000000096e-02 5.984720000000000040e-01 -8.002730000000000121e-01 -3.734400000000000219e-02
2.000000000000000000e+00 1.000000000000000000e+01 3.600000000000000000e+01 2.000000000000000000e+00 8.063494999999999635e+00 -4.411199999999999843e-02 4.542700000000000210e-02 -9.979930000000000190e-01 5.215699999999999781e-01 -8.509679999999999467e-01 -6.178899999999999670e-02 -8.520680000000000476e-01 -5.232489999999999641e-01 1.384400000000000040e-02
2.000000000000000000e+00 1.900000000000000000e+01 4.600000000000000000e+01 2.000000000000000000e+00 8.063494999999999635e+00 6.724590000000000289e-01 7.368080000000000185e-01 -7.009100000000000052e-02 6.841570000000000151e-01 -5.826770000000000005e-01 4.386539999999999884e-01 2.823629999999999751e-01 -3.429300000000000126e-01 -8.959190000000000209e-01
1.000000000000000000e+00 1.900000000000000000e+01 4.700000000000000000e+01 2.000000000000000000e+00 8.063494999999999635e+00 7.017419999999999769e-01 7.122549999999999715e-01 -1.585900000000000157e-02 6.616790000000000171e-01 -6.433379999999999654e-01 3.850939999999999919e-01 2.640819999999999834e-01 -2.807299999999999796e-01 -9.227410000000000334e-01
2.000000000000000000e+00 2.700000000000000000e+01 4.000000000000000000e+00 2.000000000000000000e+00 1.015936699999999959e+01 2.889000000000000075e-03 9.579999999999999757e-04 -9.999949999999999672e-01 -9.018850000000000477e-01 4.319709999999999939e-01 -2.190999999999999805e-03 4.319669999999999899e-01 9.018869999999999942e-01 2.112000000000000162e-03
1.000000000000000000e+00 2.600000000000000000e+01 5.000000000000000000e+00 2.000000000000000000e+00 1.015936699999999959e+01 2.635000000000000189e-03 -8.000000000000000654e-05 -9.999959999999999960e-01 -9.115590000000000082e-01 4.111609999999999987e-01 -2.435000000000000098e-03 4.111600000000000255e-01 9.115630000000000122e-01 1.010999999999999963e-03
5.000000000000000000e+00 6.000000000000000000e+00 1.400000000000000000e+01 2.000000000000000000e+00 1.015936699999999959e+01 5.000000000000000409e-06 1.314999999999999980e-03 9.999989999999999712e-01 -4.011939999999999951e-01 9.159920000000000284e-01 -1.201999999999999943e-03 -9.159929999999999461e-01 -4.011930000000000218e-01 5.320000000000000293e-04
1.000000000000000000e+00 1.300000000000000000e+01 2.000000000000000000e+01 2.000000000000000000e+00 1.015936699999999959e+01 -7.867799999999999794e-02 8.219000000000000611e-03 -9.968660000000000299e-01 -9.484540000000000193e-01 -3.085559999999999969e-01 7.231300000000000228e-02 -3.069950000000000179e-01 9.511709999999999887e-01 3.207200000000000328e-02
2.000000000000000000e+00 1.000000000000000000e+01 2.300000000000000000e+01 2.000000000000000000e+00 1.015936699999999959e+01 -1.002080000000000054e-01 2.343599999999999850e-02 -9.946899999999999631e-01 -9.411559999999999926e-01 -3.265500000000000069e-01 8.712100000000000399e-02 -3.227749999999999786e-01 9.448889999999999789e-01 5.478000000000000230e-02
4.000000000000000000e+00 5.000000000000000000e+00 3.300000000000000000e+01 2.000000000000000000e+00 1.015936699999999959e+01 3.347300000000000275e-02 -1.061699999999999970e-02 9.993830000000000213e-01 -9.968280000000000474e-01 -7.259599999999999387e-02 3.261700000000000016e-02 7.220500000000000529e-02 -9.973049999999999971e-01 -1.301300000000000026e-02
2.000000000000000000e+00 1.100000000000000000e+01 3.300000000000000000e+01 2.000000000000000000e+00 1.015936699999999959e+01 6.282000000000000084e-02 1.679999999999999907e-04 9.980250000000000510e-01 -8.450140000000000429e-01 -5.320829999999999727e-01 5.327799999999999897e-02 5.310409999999999853e-01 -8.466920000000000002e-01 -3.328400000000000108e-02
4.000000000000000000e+00 1.800000000000000000e+01 4.600000000000000000e+01 2.000000000000000000e+00 1.015936699999999959e+01 5.173560000000000381e-01 8.089939999999999909e-01 -2.790549999999999975e-01 7.863940000000000374e-01 -3.208150000000000168e-01 5.278850000000000486e-01 3.375310000000000255e-01 -4.925519999999999898e-01 -8.021629999999999594e-01
