1.000000000000000000e+00 1.600000000000000000e+01 4.000000000000000000e+00 0.000000000000000000e+00 1.600000000000000089e+00 -1.978999999999999856e-03 1.344599999999999962e-02 9.999080000000000190e-01 3.237309999999999910e-01 -9.460549999999999793e-01 1.336299999999999988e-02 9.461469999999999603e-01 3.237280000000000157e-01 -2.480000000000000000e-03
1.100000000000000000e+01 1.600000000000000000e+01 4.000000000000000000e+00 0.000000000000000000e+00 1.600000000000000089e+00 -3.629999999999999872e-04 9.684999999999999165e-03 9.999529999999999808e-01 3.222400000000000264e-01 -9.466120000000000090e-01 9.286000000000000851e-03 9.466579999999999995e-01 3.222289999999999877e-01 -2.776999999999999955e-03
2.000000000000000000e+01 1.600000000000000000e+01 4.000000000000000000e+00 0.000000000000000000e+00 1.600000000000000089e+00 -2.271000000000000015e-03 5.465000000000000240e-03 9.999820000000000375e-01 3.230979999999999963e-01 -9.463470000000000493e-01 5.905999999999999792e-03 9.463629999999999542e-01 3.231060000000000043e-01 3.829999999999999854e-04
2.400000000000000000e+01 1.600000000000000000e+01 4.000000000000000000e+00 0.000000000000000000e+00 1.600000000000000089e+00 1.866000000000000037e-03 7.799000000000000377e-03 9.999679999999999680e-01 3.248670000000000169e-01 -9.457360000000000211e-01 6.769999999999999976e-03 9.457579999999999876e-01 3.248440000000000216e-01 -4.298999999999999870e-03
2.900000000000000000e+01 1.600000000000000000e+01 4.000000000000000000e+00 0.000000000000000000e+00 1.600000000000000089e+00 1.036199999999999968e-02 -4.752499999999999780e-02 9.988160000000000371e-01 3.289340000000000042e-01 -9.431169999999999831e-01 -4.828799999999999759e-02 9.442960000000000242e-01 3.290449999999999764e-01 5.859999999999999758e-03
1.000000000000000000e+00 1.010000000000000000e+02 7.000000000000000000e+00 0.000000000000000000e+00 1.600000000000000089e+00 -3.222000000000000038e-03 7.099000000000000275e-03 9.999700000000000255e-01 8.867779999999999552e-01 4.621959999999999957e-01 -4.240000000000000062e-04 -4.621850000000000125e-01 8.867490000000000094e-01 -7.784000000000000120e-03
2.700000000000000000e+01 1.010000000000000000e+02 7.000000000000000000e+00 0.000000000000000000e+00 1.600000000000000089e+00 1.892999999999999934e-03 4.104000000000000009e-03 9.999900000000000455e-01 8.901139999999999608e-01 4.557229999999999892e-01 -3.555000000000000000e-03 -4.557329999999999992e-01 8.901120000000000143e-01 -2.789999999999999945e-03
2.000000000000000000e+00 2.600000000000000000e+01 8.000000000000000000e+00 0.000000000000000000e+00 1.600000000000000089e+00 -4.980000000000000052e-03 -1.658600000000000005e-02 -9.998500000000000165e-01 4.239620000000000055e-01 9.055180000000000451e-01 -1.713299999999999892e-02 9.056659999999999711e-01 -4.239840000000000275e-01 2.521999999999999936e-03
5.000000000000000000e+00 2.600000000000000000e+01 8.000000000000000000e+00 0.000000000000000000e+00 1.600000000000000089e+00 -5.644999999999999844e-03 -2.109899999999999970e-02 -9.997610000000000108e-01 4.253819999999999824e-01 9.047589999999999799e-01 -2.149600000000000122e-02 9.049960000000000226e-01 -4.254020000000000024e-01 3.867999999999999911e-03
9.000000000000000000e+00 2.600000000000000000e+01 8.000000000000000000e+00 0.000000000000000000e+00 1.600000000000000089e+00 -3.996999999999999685e-03 -3.405000000000000041e-03 -9.999860000000000415e-01 4.282799999999999940e-01 9.036330000000000195e-01 -4.787999999999999722e-03 9.036370000000000235e-01 -4.282929999999999793e-01 -2.154000000000000099e-03
1.400000000000000000e+01 2.600000000000000000e+01 8.000000000000000000e+00 0.000000000000000000e+00 1.600000000000000089e+00 -2.273999999999999980e-03 -9.903000000000000344e-03 -9.999479999999999480e-01 4.272029999999999994e-01 9.041010000000000435e-01 -9.926000000000000795e-03 9.041529999999999845e-01 -4.272039999999999726e-01 2.174999999999999850e-03
1.800000000000000000e+01 2.600000000000000000e+01 8.000000000000000000e+00 0.000000000000000000e+00 1.600000000000000089e+00 -3.102000000000000157e-03 -1.488300000000000040e-02 -9.998839999999999950e-01 4.272699999999999831e-01 9.040030000000000010e-01 -1.478100000000000074e-02 9.041190000000000060e-01 -4.272670000000000079e-01 3.555000000000000000e-03
2.400000000000000000e+01 2.600000000000000000e+01 8.000000000000000000e+00 0.000000000000000000e+00 1.600000000000000089e+00 -4.040000000000000080e-04 -1.827000000000000065e-03 -9.999980000000000535e-01 4.289359999999999840e-01 9.033330000000000526e-01 -1.824000000000000100e-03 9.033349999999999991e-01 -4.289359999999999840e-01 4.189999999999999931e-04
3.000000000000000000e+00 1.400000000000000000e+01 9.000000000000000000e+00 0.000000000000000000e+00 1.600000000000000089e+00 6.366000000000000131e-03 1.577100000000000030e-02 -9.998550000000000493e-01 -5.572840000000000016e-01 -8.301549999999999763e-01 -1.664300000000000154e-02 -8.302979999999999805e-01 5.573090000000000543e-01 3.504999999999999869e-03
6.000000000000000000e+00 1.400000000000000000e+01 9.000000000000000000e+00 0.000000000000000000e+00 1.600000000000000089e+00 6.393000000000000245e-03 1.658199999999999952e-02 -9.998420000000000085e-01 -5.559199999999999697e-01 -8.310549999999999882e-01 -1.733700000000000171e-02 -8.312110000000000332e-01 5.559429999999999650e-01 3.906000000000000184e-03
1.000000000000000000e+01 1.400000000000000000e+01 9.000000000000000000e+00 0.000000000000000000e+00 1.600000000000000089e+00 5.398000000000000020e-03 1.178500000000000034e-02 -9.999160000000000270e-01 -5.546240000000000059e-01 -8.320020000000000193e-01 -1.280000000000000061e-02 -8.320830000000000171e-01 5.546470000000000011e-01 2.044999999999999943e-03
1.400000000000000000e+01 1.400000000000000000e+01 9.000000000000000000e+00 0.000000000000000000e+00 1.600000000000000089e+00 2.449999999999999921e-03 3.092999999999999829e-03 -9.999919999999999920e-01 -5.551300000000000123e-01 -8.317539999999999933e-01 -3.932999999999999864e-03 -8.317600000000000549e-01 5.551350000000000451e-01 -3.209999999999999963e-04
3.000000000000000000e+00 3.100000000000000000e+01 1.200000000000000000e+01 0.000000000000000000e+00 1.600000000000000089e+00 2.469999999999999865e-04 3.649999999999999816e-04 1.000000000000000000e+00 1.427999999999999929e-02 9.998979999999999535e-01 -3.680000000000000003e-04 -9.998979999999999535e-01 1.427999999999999929e-02 2.420000000000000005e-04
8.000000000000000000e+00 3.100000000000000000e+01 1.200000000000000000e+01 0.000000000000000000e+00 1.600000000000000089e+00 7.029999999999999574e-04 4.580000000000000195e-04 1.000000000000000000e+00 1.457100000000000062e-02 9.998939999999999495e-01 -4.690000000000000158e-04 -9.998939999999999495e-01 1.457199999999999988e-02 6.960000000000000041e-04
2.100000000000000000e+01 3.100000000000000000e+01 1.200000000000000000e+01 0.000000000000000000e+00 1.600000000000000089e+00 2.790000000000000054e-04 -4.199999999999999768e-05 1.000000000000000000e+00 1.740399999999999933e-02 9.998489999999999878e-01 3.699999999999999811e-05 -9.998479999999999590e-01 1.740399999999999933e-02 2.799999999999999755e-04
2.900000000000000000e+01 3.100000000000000000e+01 1.200000000000000000e+01 0.000000000000000000e+00 1.600000000000000089e+00 -1.099999999999999971e-05 -2.809999999999999998e-04 1.000000000000000000e+00 1.556500000000000071e-02 9.998789999999999623e-01 2.809999999999999998e-04 -9.998789999999999623e-01 1.556500000000000071e-02 -6.000000000000000152e-06
2.400000000000000000e+01 3.200000000000000000e+01 1.400000000000000000e+01 0.000000000000000000e+00 1.600000000000000089e+00 1.412999999999999977e-03 1.863000000000000073e-03 -9.999970000000000248e-01 1.268680000000000085e-01 9.919179999999999664e-01 2.027000000000000156e-03 9.919189999999999952e-01 -1.268700000000000105e-01 1.165000000000000020e-03
4.000000000000000000e+00 1.200000000000000000e+01 1.500000000000000000e+01 0.000000000000000000e+00 1.600000000000000089e+00 5.553999999999999909e-03 3.699000000000000031e-03 -9.999780000000000335e-01 -4.676819999999999866e-01 -8.838770000000000238e-01 -5.866999999999999819e-03 -8.838789999999999702e-01 4.677040000000000086e-01 -3.178999999999999968e-03
1.100000000000000000e+01 1.160000000000000000e+02 1.600000000000000000e+01 0.000000000000000000e+00 1.600000000000000089e+00 -1.691000000000000012e-03 -2.356000000000000021e-03 9.999959999999999960e-01 7.016160000000000174e-01 7.125489999999999879e-01 2.866000000000000058e-03 -7.125529999999999919e-01 7.016179999999999639e-01 4.479999999999999933e-04
1.500000000000000000e+01 1.160000000000000000e+02 1.600000000000000000e+01 0.000000000000000000e+00 1.600000000000000089e+00 -8.970000000000000109e-04 -6.639999999999999852e-04 9.999989999999999712e-01 6.774839999999999751e-01 7.355369999999999964e-01 1.095999999999999969e-03 -7.355369999999999964e-01 6.774839999999999751e-01 -2.100000000000000087e-04
1.800000000000000000e+01 1.160000000000000000e+02 1.600000000000000000e+01 0.000000000000000000e+00 1.600000000000000089e+00 7.169999999999999724e-04 8.940000000000000464e-04 9.999989999999999712e-01 6.721089999999999565e-01 7.404519999999999991e-01 -1.144000000000000052e-03 -7.404519999999999991e-01 6.721089999999999565e-01 -6.999999999999999387e-05
2.600000000000000000e+01 1.160000000000000000e+02 1.600000000000000000e+01 0.000000000000000000e+00 1.600000000000000089e+00 3.246999999999999886e-03 2.305000000000000191e-03 9.999919999999999920e-01 6.874860000000000415e-01 7.261870000000000269e-01 -3.906000000000000184e-03 -7.261900000000000022e-01 6.874930000000000208e-01 7.730000000000000326e-04
2.900000000000000000e+01 1.160000000000000000e+02 1.600000000000000000e+01 0.000000000000000000e+00 1.600000000000000089e+00 7.049999999999999843e-03 1.149500000000000001e-02 9.999090000000000478e-01 6.885919999999999819e-01 7.250290000000000346e-01 -1.319000000000000034e-02 -7.251149999999999540e-01 6.886219999999999564e-01 -2.804000000000000069e-03
5.000000000000000000e+00 2.000000000000000000e+00 1.900000000000000000e+01 0.000000000000000000e+00 1.600000000000000089e+00 -1.845999999999999985e-03 3.170000000000000075e-04 -9.999980000000000535e-01 1.680800000000000072e-01 -9.857730000000000103e-01 -6.229999999999999644e-04 -9.857719999999999816e-01 -1.680810000000000082e-01 1.765999999999999992e-03
9.000000000000000000e+00 2.000000000000000000e+00 1.900000000000000000e+01 0.000000000000000000e+00 1.600000000000000089e+00 -1.064000000000000059e-03 4.374000000000000284e-03 -9.999900000000000455e-01 1.607520000000000060e-01 -9.869850000000000012e-01 -4.487999999999999802e-03 -9.869940000000000380e-01 -1.607550000000000090e-01 3.469999999999999777e-04
1.400000000000000000e+01 2.000000000000000000e+00 1.900000000000000000e+01 0.000000000000000000e+00 1.600000000000000089e+00 3.282999999999999894e-03 2.030000000000000012e-04 -9.999949999999999672e-01 1.601819999999999911e-01 -9.870870000000000477e-01 3.260000000000000094e-04 -9.870820000000000149e-01 -1.601819999999999911e-01 -3.272999999999999868e-03
1.700000000000000000e+01 2.000000000000000000e+00 1.900000000000000000e+01 0.000000000000000000e+00 1.600000000000000089e+00 2.910999999999999959e-03 -1.804999999999999964e-03 -9.999940000000000495e-01 1.613860000000000017e-01 -9.868890000000000162e-01 2.250999999999999963e-03 -9.868869999999999587e-01 -1.613920000000000077e-01 -2.580999999999999961e-03
2.200000000000000000e+01 2.000000000000000000e+00 1.900000000000000000e+01 0.000000000000000000e+00 1.600000000000000089e+00 -7.079999999999999705e-04 -8.793999999999999734e-03 -9.999609999999999888e-01 1.622190000000000021e-01 -9.867179999999999840e-01 8.562999999999999431e-03 -9.867550000000000487e-01 -1.622069999999999901e-01 2.125999999999999852e-03
2.800000000000000000e+01 2.000000000000000000e+00 1.900000000000000000e+01 0.000000000000000000e+00 1.600000000000000089e+00 -6.701000000000000359e-03 7.974999999999999450e-03 -9.999460000000000015e-01 1.647190000000000043e-01 -9.862999999999999545e-01 -8.968999999999999542e-03 -9.863180000000000280e-01 -1.647699999999999998e-01 5.295000000000000227e-03
1.000000000000000000e+01 1.300000000000000000e+01 2.000000000000000000e+01 0.000000000000000000e+00 1.600000000000000089e+00 9.899999999999999404e-05 -1.871000000000000050e-03 9.999980000000000535e-01 2.608170000000000210e-01 9.653869999999999951e-01 1.779999999999999898e-03 -9.653880000000000239e-01 2.608159999999999923e-01 5.829999999999999679e-04
1.600000000000000000e+01 1.300000000000000000e+01 2.000000000000000000e+01 0.000000000000000000e+00 1.600000000000000089e+00 1.077999999999999965e-03 -2.609000000000000208e-03 9.999959999999999960e-01 2.620580000000000132e-01 9.650499999999999634e-01 2.236000000000000140e-03 -9.650520000000000209e-01 2.620540000000000092e-01 1.724000000000000055e-03
2.100000000000000000e+01 1.300000000000000000e+01 2.000000000000000000e+01 0.000000000000000000e+00 1.600000000000000089e+00 9.749999999999999552e-04 9.290000000000000297e-04 9.999989999999999712e-01 2.622289999999999899e-01 9.650050000000000017e-01 -1.152000000000000029e-03 -9.650050000000000017e-01 2.622300000000000186e-01 6.970000000000000284e-04
2.500000000000000000e+01 1.300000000000000000e+01 2.000000000000000000e+01 0.000000000000000000e+00 1.600000000000000089e+00 8.180000000000000422e-04 7.087999999999999683e-03 9.999740000000000295e-01 2.613360000000000127e-01 9.652220000000000244e-01 -7.054999999999999639e-03 -9.652479999999999949e-01 2.613349999999999840e-01 -1.062999999999999926e-03
1.000000000000000000e+01 1.600000000000000000e+01 2.100000000000000000e+01 0.000000000000000000e+00 1.600000000000000089e+00 6.610000000000000207e-04 4.180000000000000230e-04 1.000000000000000000e+00 2.990099999999999980e-01 9.542500000000000426e-01 -5.959999999999999586e-04 -9.542500000000000426e-01 2.990110000000000268e-01 5.060000000000000478e-04
1.800000000000000000e+01 1.600000000000000000e+01 2.100000000000000000e+01 0.000000000000000000e+00 1.600000000000000089e+00 6.359999999999999551e-04 -1.461999999999999975e-03 9.999989999999999712e-01 2.978390000000000204e-01 9.546160000000000201e-01 1.206000000000000041e-03 -9.546160000000000201e-01 2.978370000000000184e-01 1.043000000000000090e-03
2.200000000000000000e+01 1.600000000000000000e+01 2.100000000000000000e+01 0.000000000000000000e+00 1.600000000000000089e+00 1.949999999999999965e-04 1.991999999999999847e-03 9.999980000000000535e-01 2.956230000000000246e-01 9.553030000000000133e-01 -1.961000000000000069e-03 -9.553049999999999597e-01 2.956230000000000246e-01 -4.029999999999999837e-04
2.500000000000000000e+01 1.600000000000000000e+01 2.100000000000000000e+01 0.000000000000000000e+00 1.600000000000000089e+00 6.440000000000000412e-04 6.137000000000000094e-03 9.999810000000000088e-01 2.945260000000000100e-01 9.556240000000000290e-01 -6.054000000000000353e-03 -9.556430000000000202e-01 2.945240000000000080e-01 -1.191999999999999917e-03
2.200000000000000000e+01 4.600000000000000000e+01 2.700000000000000000e+01 0.000000000000000000e+00 1.600000000000000089e+00 1.141000000000000087e-03 1.616999999999999948e-03 -9.999980000000000535e-01 6.885759999999999659e-01 7.251619999999999733e-01 1.958000000000000105e-03 7.251640000000000308e-01 -6.885769999999999946e-01 -2.860000000000000129e-04
7.000000000000000000e+00 4.600000000000000000e+01 3.000000000000000000e+01 0.000000000000000000e+00 1.600000000000000089e+00 6.499999999999999431e-05 -4.580000000000000195e-04 -1.000000000000000000e+00 3.365719999999999823e-01 9.416579999999999950e-01 -4.099999999999999912e-04 9.416579999999999950e-01 -3.365719999999999823e-01 2.149999999999999947e-04
8.000000000000000000e+00 5.800000000000000000e+01 3.100000000000000000e+01 0.000000000000000000e+00 1.600000000000000089e+00 -1.708000000000000100e-03 1.969999999999999909e-04 9.999989999999999712e-01 -7.981540000000000301e-01 -6.024519999999999875e-01 -1.245000000000000013e-03 6.024509999999999588e-01 -7.981549999999999478e-01 1.185999999999999988e-03
1.300000000000000000e+01 5.800000000000000000e+01 3.100000000000000000e+01 0.000000000000000000e+00 1.600000000000000089e+00 1.420000000000000092e-04 5.770000000000000389e-04 1.000000000000000000e+00 -7.968399999999999928e-01 -6.041900000000000048e-01 4.620000000000000083e-04 6.041900000000000048e-01 -7.968399999999999928e-01 3.739999999999999835e-04
1.900000000000000000e+01 5.800000000000000000e+01 3.100000000000000000e+01 0.000000000000000000e+00 1.600000000000000089e+00 -1.023000000000000038e-03 -8.399999999999999535e-05 9.999989999999999712e-01 -7.980620000000000491e-01 -6.025749999999999718e-01 -8.670000000000000406e-04 6.025740000000000540e-01 -7.980629999999999669e-01 5.490000000000000088e-04
2.400000000000000000e+01 5.800000000000000000e+01 3.100000000000000000e+01 0.000000000000000000e+00 1.600000000000000089e+00 2.790000000000000054e-04 -2.223000000000000149e-03 9.999970000000000248e-01 -7.980089999999999684e-01 -6.026449999999999863e-01 -1.116999999999999937e-03 6.026460000000000150e-01 -7.980070000000000219e-01 -1.941999999999999933e-03
2.900000000000000000e+01 5.800000000000000000e+01 3.100000000000000000e+01 0.000000000000000000e+00 1.600000000000000089e+00 6.094999999999999724e-03 1.306799999999999976e-02 9.998960000000000070e-01 -7.942829999999999613e-01 -6.074140000000000095e-01 1.277999999999999969e-02 6.075180000000000025e-01 -7.942780000000000395e-01 6.677999999999999908e-03
1.500000000000000000e+01 3.200000000000000000e+01 3.300000000000000000e+01 0.000000000000000000e+00 1.600000000000000089e+00 2.000000000000000042e-03 1.997000000000000077e-03 9.999959999999999960e-01 -2.691890000000000116e-01 9.630859999999999976e-01 -1.384999999999999946e-03 -9.630849999999999689e-01 -2.691850000000000076e-01 2.462999999999999912e-03
1.000000000000000000e+00 4.600000000000000000e+01 3.500000000000000000e+01 0.000000000000000000e+00 1.600000000000000089e+00 -4.369999999999999970e-04 -2.505999999999999981e-03 -9.999970000000000248e-01 3.903469999999999995e-01 -9.206659999999999844e-01 2.135999999999999878e-03 -9.206680000000000419e-01 -3.903440000000000243e-01 1.379999999999999933e-03
8.000000000000000000e+00 4.600000000000000000e+01 3.500000000000000000e+01 0.000000000000000000e+00 1.600000000000000089e+00 4.150000000000000043e-04 2.639999999999999986e-03 -9.999959999999999960e-01 3.909850000000000270e-01 -9.203940000000000454e-01 -2.268000000000000051e-03 -9.203970000000000207e-01 -3.909819999999999962e-01 -1.413999999999999892e-03
1.600000000000000000e+01 4.600000000000000000e+01 3.500000000000000000e+01 0.000000000000000000e+00 1.600000000000000089e+00 9.179999999999999792e-04 -5.733000000000000249e-03 -9.999829999999999552e-01 3.901680000000000148e-01 -9.207269999999999621e-01 5.636000000000000384e-03 -9.207429999999999781e-01 -3.901660000000000128e-01 1.392000000000000008e-03
2.000000000000000000e+01 4.600000000000000000e+01 3.500000000000000000e+01 0.000000000000000000e+00 1.600000000000000089e+00 2.239999999999999966e-04 -6.710000000000000469e-04 -1.000000000000000000e+00 3.893880000000000119e-01 -9.210739999999999483e-01 7.050000000000000060e-04 -9.210739999999999483e-01 -3.893880000000000119e-01 5.599999999999999916e-05
2.600000000000000000e+01 4.600000000000000000e+01 3.500000000000000000e+01 0.000000000000000000e+00 1.600000000000000089e+00 2.829999999999999942e-04 1.384999999999999946e-03 -9.999989999999999712e-01 3.873539999999999761e-01 -9.219300000000000272e-01 -1.167000000000000069e-03 -9.219309999999999450e-01 -3.873530000000000029e-01 -7.979999999999999897e-04
2.900000000000000000e+01 4.600000000000000000e+01 3.500000000000000000e+01 0.000000000000000000e+00 1.600000000000000089e+00 -9.840000000000000656e-04 7.910999999999999630e-03 -9.999679999999999680e-01 3.872039999999999926e-01 -9.219619999999999482e-01 -7.675000000000000398e-03 -9.219939999999999802e-01 -3.871990000000000154e-01 -2.155999999999999930e-03
2.000000000000000000e+00 9.500000000000000000e+01 3.600000000000000000e+01 0.000000000000000000e+00 1.600000000000000089e+00 1.596999999999999895e-03 1.567999999999999949e-02 9.998759999999999870e-01 9.967939999999999579e-01 7.996200000000000530e-02 -2.846000000000000005e-03 -7.999699999999999867e-02 9.966749999999999776e-01 -1.550200000000000015e-02
6.000000000000000000e+00 9.500000000000000000e+01 3.600000000000000000e+01 0.000000000000000000e+00 1.600000000000000089e+00 -8.189999999999999581e-04 -9.740000000000000394e-03 9.999519999999999520e-01 9.972339999999999538e-01 7.431599999999999318e-02 1.541000000000000052e-03 -7.432800000000000518e-02 9.971870000000000456e-01 9.652000000000000857e-03
9.000000000000000000e+00 9.500000000000000000e+01 3.600000000000000000e+01 0.000000000000000000e+00 1.600000000000000089e+00 -3.027000000000000177e-03 -2.520299999999999971e-02 9.996779999999999555e-01 9.972739999999999938e-01 7.362900000000000000e-02 4.876000000000000126e-03 -7.372800000000000187e-02 9.969670000000000476e-01 2.491200000000000012e-02
1.200000000000000000e+01 9.500000000000000000e+01 3.600000000000000000e+01 0.000000000000000000e+00 1.600000000000000089e+00 -2.138999999999999842e-03 -1.842399999999999941e-02 9.998280000000000500e-01 9.973090000000000011e-01 7.323300000000000642e-02 3.482999999999999985e-03 -7.328500000000000292e-02 9.971449999999999481e-01 1.821700000000000055e-02
1.700000000000000000e+01 9.500000000000000000e+01 3.600000000000000000e+01 0.000000000000000000e+00 1.600000000000000089e+00 -1.257000000000000088e-03 3.980000000000000031e-03 9.999909999999999632e-01 9.970390000000000086e-01 7.688599999999999601e-02 9.470000000000000336e-04 -7.688100000000000489e-02 9.970320000000000293e-01 -4.065000000000000037e-03
2.000000000000000000e+01 9.500000000000000000e+01 3.600000000000000000e+01 0.000000000000000000e+00 1.600000000000000089e+00 -2.099999999999999884e-05 6.597999999999999698e-03 9.999780000000000335e-01 9.968390000000000306e-01 7.945000000000000673e-02 -5.029999999999999749e-04 -7.945099999999999385e-02 9.968169999999999531e-01 -6.578999999999999779e-03
3.000000000000000000e+00 3.000000000000000000e+00 4.300000000000000000e+01 0.000000000000000000e+00 1.600000000000000089e+00 9.409999999999999962e-04 1.117199999999999964e-02 -9.999369999999999647e-01 7.389539999999999997e-01 -6.737210000000000143e-01 -6.832000000000000399e-03 -6.737549999999999928e-01 -7.389010000000000300e-01 -8.888999999999999332e-03
8.000000000000000000e+00 3.000000000000000000e+00 4.300000000000000000e+01 0.000000000000000000e+00 1.600000000000000089e+00 -2.736000000000000151e-03 -6.213999999999999906e-03 -9.999770000000000048e-01 7.388569999999999860e-01 -6.738579999999999570e-01 2.165999999999999957e-03 -6.738560000000000105e-01 -7.388350000000000195e-01 6.434999999999999748e-03
1.400000000000000000e+01 3.000000000000000000e+00 4.300000000000000000e+01 0.000000000000000000e+00 1.600000000000000089e+00 1.427000000000000100e-03 9.890000000000000787e-04 -9.999980000000000535e-01 7.357789999999999608e-01 -6.772219999999999906e-01 3.800000000000000209e-04 -6.772200000000000442e-01 -7.357780000000000431e-01 -1.693999999999999976e-03
1.500000000000000000e+01 8.000000000000000000e+00 4.400000000000000000e+01 0.000000000000000000e+00 1.600000000000000089e+00 -3.800000000000000209e-05 1.399999999999999986e-03 9.999989999999999712e-01 -7.837429999999999675e-01 -6.210839999999999694e-01 8.390000000000000105e-04 6.210849999999999982e-01 -7.837420000000000497e-01 1.121000000000000035e-03
5.000000000000000000e+00 2.900000000000000000e+01 4.400000000000000000e+01 0.000000000000000000e+00 1.600000000000000089e+00 1.077000000000000049e-03 -2.220999999999999884e-03 -9.999970000000000248e-01 6.761110000000000175e-01 7.368000000000000105e-01 -9.089999999999999773e-04 7.367989999999999817e-01 -6.761070000000000135e-01 2.295000000000000165e-03
9.000000000000000000e+00 2.900000000000000000e+01 4.400000000000000000e+01 0.000000000000000000e+00 1.600000000000000089e+00 -3.611000000000000060e-03 -2.918000000000000021e-03 -9.999890000000000168e-01 6.773209999999999509e-01 7.356730000000000214e-01 -4.591999999999999728e-03 7.356789999999999718e-01 -6.773299999999999876e-01 -6.800000000000000488e-04
2.000000000000000000e+01 2.900000000000000000e+01 4.400000000000000000e+01 0.000000000000000000e+00 1.600000000000000089e+00 -1.833999999999999910e-03 3.710000000000000190e-04 -9.999980000000000535e-01 6.561139999999999750e-01 7.546620000000000550e-01 -9.240000000000000166e-04 7.546599999999999975e-01 -6.561139999999999750e-01 -1.626999999999999974e-03
2.700000000000000000e+01 2.900000000000000000e+01 4.400000000000000000e+01 0.000000000000000000e+00 1.600000000000000089e+00 -5.000000000000000240e-05 5.891000000000000403e-03 -9.999829999999999552e-01 6.524780000000000024e-01 7.577939999999999676e-01 4.432000000000000176e-03 7.578070000000000084e-01 -6.524670000000000192e-01 -3.882000000000000034e-03
1.300000000000000000e+01 7.000000000000000000e+01 4.700000000000000000e+01 0.000000000000000000e+00 1.600000000000000089e+00 -4.859999999999999954e-04 -3.849999999999999798e-04 -1.000000000000000000e+00 -8.423040000000000527e-01 -5.390030000000000099e-01 6.170000000000000354e-04 -5.390030000000000099e-01 8.423040000000000527e-01 -6.200000000000000270e-05
1.400000000000000000e+01 6.000000000000000000e+00 5.100000000000000000e+01 0.000000000000000000e+00 1.600000000000000089e+00 -1.466000000000000072e-03 -2.269999999999999882e-04 -9.999989999999999712e-01 3.236020000000000008e-01 -9.461929999999999508e-01 -2.599999999999999772e-04 -9.461920000000000330e-01 -3.236020000000000008e-01 1.461000000000000059e-03
9.000000000000000000e+00 1.150000000000000000e+02 5.100000000000000000e+01 0.000000000000000000e+00 1.600000000000000089e+00 -1.814000000000000074e-03 -4.882000000000000055e-03 9.999860000000000415e-01 8.440900000000000070e-01 -5.362000000000000099e-01 -1.087000000000000076e-03 5.361979999999999524e-01 8.440769999999999662e-01 5.093000000000000305e-03
1.700000000000000000e+01 7.000000000000000000e+00 5.200000000000000000e+01 0.000000000000000000e+00 1.600000000000000089e+00 3.563000000000000195e-03 -2.521999999999999936e-03 -9.999909999999999632e-01 8.889099999999999779e-02 -9.960369999999999502e-01 2.827999999999999785e-03 -9.960350000000000037e-01 -8.890099999999999392e-02 -3.324999999999999831e-03
7.000000000000000000e+00 6.300000000000000000e+01 5.400000000000000000e+01 0.000000000000000000e+00 1.600000000000000089e+00 1.786000000000000044e-03 -1.521999999999999915e-03 9.999970000000000248e-01 -3.506540000000000212e-01 9.365029999999999744e-01 2.052000000000000005e-03 -9.365029999999999744e-01 -3.506569999999999965e-01 1.139000000000000038e-03
1.400000000000000000e+01 6.300000000000000000e+01 5.400000000000000000e+01 0.000000000000000000e+00 1.600000000000000089e+00 -6.980000000000000527e-04 -1.000000000000000048e-04 1.000000000000000000e+00 -3.534530000000000172e-01 9.354519999999999502e-01 -1.540000000000000028e-04 -9.354519999999999502e-01 -3.534530000000000172e-01 -6.890000000000000508e-04
2.000000000000000000e+01 6.300000000000000000e+01 5.400000000000000000e+01 0.000000000000000000e+00 1.600000000000000089e+00 4.789999999999999879e-04 3.930999999999999599e-03 9.999919999999999920e-01 -3.556400000000000117e-01 9.346170000000000311e-01 -3.504000000000000170e-03 -9.346229999999999816e-01 -3.556349999999999789e-01 1.845000000000000069e-03
2.300000000000000000e+01 6.300000000000000000e+01 5.400000000000000000e+01 0.000000000000000000e+00 1.600000000000000089e+00 -5.839999999999999922e-04 2.531999999999999963e-03 9.999970000000000248e-01 -3.553669999999999884e-01 9.347229999999999706e-01 -2.573999999999999899e-03 -9.347269999999999746e-01 -3.553680000000000172e-01 3.530000000000000152e-04
2.500000000000000000e+01 6.300000000000000000e+01 5.400000000000000000e+01 0.000000000000000000e+00 1.600000000000000089e+00 -1.949999999999999965e-04 1.242000000000000048e-03 9.999989999999999712e-01 -3.559300000000000241e-01 9.345120000000000093e-01 -1.229999999999999974e-03 -9.345120000000000093e-01 -3.559300000000000241e-01 2.599999999999999772e-04
5.000000000000000000e+00 2.500000000000000000e+01 5.500000000000000000e+01 0.000000000000000000e+00 1.600000000000000089e+00 3.600000000000000227e-04 2.902000000000000066e-03 -9.999959999999999960e-01 -1.074600000000000034e-02 -9.999379999999999935e-01 -2.906000000000000163e-03 -9.999419999999999975e-01 1.074699999999999961e-02 -3.289999999999999739e-04
9.000000000000000000e+00 2.500000000000000000e+01 5.500000000000000000e+01 0.000000000000000000e+00 1.600000000000000089e+00 4.970000000000000459e-04 1.495000000000000018e-03 -9.999989999999999712e-01 -1.126599999999999997e-02 -9.999350000000000183e-01 -1.500000000000000031e-03 -9.999360000000000470e-01 1.126699999999999924e-02 -4.809999999999999823e-04
1.400000000000000000e+01 2.500000000000000000e+01 5.500000000000000000e+01 0.000000000000000000e+00 1.600000000000000089e+00 -4.510000000000000120e-04 -1.525000000000000097e-03 -9.999989999999999712e-01 -1.206499999999999934e-02 -9.999259999999999815e-01 1.529999999999999893e-03 -9.999270000000000103e-01 1.206499999999999934e-02 4.319999999999999838e-04
1.800000000000000000e+01 2.500000000000000000e+01 5.500000000000000000e+01 0.000000000000000000e+00 1.600000000000000089e+00 1.479000000000000063e-03 -2.329999999999999986e-04 -9.999989999999999712e-01 -1.240400000000000010e-02 -9.999230000000000063e-01 2.149999999999999947e-04 -9.999219999999999775e-01 1.240300000000000083e-02 -1.482000000000000027e-03
2.400000000000000000e+01 2.500000000000000000e+01 5.500000000000000000e+01 0.000000000000000000e+00 1.600000000000000089e+00 -3.820000000000000153e-04 -1.259999999999999998e-04 -1.000000000000000000e+00 -1.220899999999999937e-02 -9.999249999999999527e-01 1.310000000000000129e-04 -9.999249999999999527e-01 1.220899999999999937e-02 3.800000000000000209e-04
3.000000000000000000e+01 2.500000000000000000e+01 5.500000000000000000e+01 0.000000000000000000e+00 1.600000000000000089e+00 -6.840000000000000377e-04 6.464000000000000128e-03 -9.999789999999999512e-01 -1.179099999999999940e-02 -9.999099999999999655e-01 -6.454999999999999800e-03 -9.999299999999999855e-01 1.178599999999999960e-02 7.600000000000000418e-04
2.000000000000000000e+00 6.000000000000000000e+00 6.100000000000000000e+01 0.000000000000000000e+00 1.600000000000000089e+00 1.626000000000000058e-03 1.048600000000000053e-02 9.999440000000000550e-01 5.602639999999999842e-01 -8.282770000000000410e-01 7.774999999999999793e-03 8.283120000000000482e-01 5.602200000000000513e-01 -7.222000000000000121e-03
3.000000000000000000e+00 2.700000000000000000e+01 6.300000000000000000e+01 0.000000000000000000e+00 1.600000000000000089e+00 1.376999999999999969e-03 6.700000000000000226e-04 9.999989999999999712e-01 -2.810259999999999980e-01 9.596999999999999975e-01 -2.559999999999999884e-04 -9.596989999999999688e-01 -2.810250000000000248e-01 1.510000000000000057e-03
7.000000000000000000e+00 2.700000000000000000e+01 6.300000000000000000e+01 0.000000000000000000e+00 1.600000000000000089e+00 2.906999999999999862e-03 3.661000000000000192e-03 9.999890000000000168e-01 -2.835619999999999807e-01 9.589499999999999691e-01 -2.687000000000000152e-03 -9.589490000000000514e-01 -2.835509999999999975e-01 3.825999999999999974e-03
1.100000000000000000e+01 2.700000000000000000e+01 6.300000000000000000e+01 0.000000000000000000e+00 1.600000000000000089e+00 2.079000000000000119e-03 2.446999999999999956e-03 9.999949999999999672e-01 -2.846110000000000029e-01 9.586409999999999654e-01 -1.753999999999999917e-03 -9.586409999999999654e-01 -2.846060000000000256e-01 2.690000000000000117e-03
1.900000000000000000e+01 2.700000000000000000e+01 6.300000000000000000e+01 0.000000000000000000e+00 1.600000000000000089e+00 1.817000000000000039e-03 -6.610000000000000207e-04 9.999980000000000535e-01 -2.876819999999999933e-01 9.577250000000000485e-01 1.155999999999999910e-03 -9.577240000000000197e-01 -2.876830000000000220e-01 1.549999999999999946e-03
2.300000000000000000e+01 2.700000000000000000e+01 6.300000000000000000e+01 0.000000000000000000e+00 1.600000000000000089e+00 -5.879999999999999810e-04 5.779000000000000282e-03 9.999829999999999552e-01 -2.908120000000000149e-01 9.567630000000000301e-01 -5.700000000000000205e-03 -9.567799999999999638e-01 -2.908100000000000129e-01 1.118000000000000070e-03
2.800000000000000000e+01 2.700000000000000000e+01 6.300000000000000000e+01 0.000000000000000000e+00 1.600000000000000089e+00 -2.409000000000000117e-03 1.347699999999999940e-02 9.999059999999999615e-01 -2.862469999999999737e-01 9.580589999999999939e-01 -1.360199999999999951e-02 -9.581530000000000324e-01 -2.862529999999999797e-01 1.549999999999999946e-03
3.000000000000000000e+00 2.600000000000000000e+01 6.400000000000000000e+01 0.000000000000000000e+00 1.600000000000000089e+00 1.925999999999999978e-03 -7.540000000000000044e-04 9.999980000000000535e-01 -3.660630000000000273e-01 9.305889999999999995e-01 1.407000000000000048e-03 -9.305879999999999708e-01 -3.660649999999999737e-01 1.515999999999999986e-03
6.000000000000000000e+00 2.600000000000000000e+01 6.400000000000000000e+01 0.000000000000000000e+00 1.600000000000000089e+00 2.912000000000000092e-03 3.340999999999999786e-03 9.999900000000000455e-01 -3.677869999999999751e-01 9.299079999999999568e-01 -2.036000000000000049e-03 -9.299049999999999816e-01 -3.677779999999999938e-01 3.936000000000000262e-03
1.100000000000000000e+01 2.600000000000000000e+01 6.400000000000000000e+01 0.000000000000000000e+00 1.600000000000000089e+00 2.347000000000000128e-03 1.991999999999999847e-03 9.999949999999999672e-01 -3.689350000000000129e-01 9.294550000000000312e-01 -9.859999999999998974e-04 -9.294519999999999449e-01 -3.689310000000000089e-01 2.916999999999999888e-03
1.900000000000000000e+01 2.600000000000000000e+01 6.400000000000000000e+01 0.000000000000000000e+00 1.600000000000000089e+00 3.720000000000000216e-03 1.358000000000000049e-03 9.999919999999999920e-01 -3.709180000000000255e-01 9.286659999999999915e-01 1.190000000000000058e-04 -9.286579999999999835e-01 -3.709160000000000235e-01 3.957999999999999713e-03
2.300000000000000000e+01 2.600000000000000000e+01 6.400000000000000000e+01 0.000000000000000000e+00 1.600000000000000089e+00 -8.869999999999999846e-04 8.234999999999999265e-03 9.999660000000000215e-01 -3.719199999999999728e-01 9.282299999999999995e-01 -7.974000000000000185e-03 -9.282639999999999780e-01 -3.719149999999999956e-01 2.239999999999999804e-03
2.700000000000000000e+01 2.600000000000000000e+01 6.400000000000000000e+01 0.000000000000000000e+00 1.600000000000000089e+00 -3.863999999999999813e-03 1.265699999999999985e-02 9.999120000000000230e-01 -3.675939999999999763e-01 9.298929999999999696e-01 -1.319099999999999960e-02 -9.299779999999999713e-01 -3.676119999999999943e-01 1.059999999999999961e-03
5.000000000000000000e+00 6.900000000000000000e+01 6.600000000000000000e+01 0.000000000000000000e+00 1.600000000000000089e+00 4.198999999999999608e-03 -1.595000000000000064e-03 9.999900000000000455e-01 -9.494219999999999882e-01 3.139700000000000268e-01 4.486999999999999669e-03 -3.139739999999999753e-01 -9.494320000000000537e-01 -1.959999999999999937e-04
4.000000000000000000e+00 2.500000000000000000e+01 7.300000000000000000e+01 0.000000000000000000e+00 1.600000000000000089e+00 5.259999999999999919e-04 8.459999999999999638e-04 1.000000000000000000e+00 7.526779999999999582e-01 -6.583879999999999733e-01 1.610000000000000103e-04 6.583879999999999733e-01 7.526779999999999582e-01 -9.840000000000000656e-04
1.000000000000000000e+01 2.500000000000000000e+01 7.300000000000000000e+01 0.000000000000000000e+00 1.600000000000000089e+00 3.060000000000000111e-04 -1.688000000000000047e-03 9.999989999999999712e-01 7.501959999999999740e-01 -6.612139999999999684e-01 -1.345999999999999974e-03 6.612160000000000259e-01 7.501949999999999452e-01 1.064000000000000059e-03
1.400000000000000000e+01 2.500000000000000000e+01 7.300000000000000000e+01 0.000000000000000000e+00 1.600000000000000089e+00 -3.883000000000000167e-03 -2.592000000000000120e-03 9.999890000000000168e-01 7.518960000000000088e-01 -6.592799999999999772e-01 1.211000000000000054e-03 6.592700000000000227e-01 7.518930000000000335e-01 4.508999999999999987e-03
2.700000000000000000e+01 2.500000000000000000e+01 7.300000000000000000e+01 0.000000000000000000e+00 1.600000000000000089e+00 6.362999999999999733e-03 3.762000000000000153e-03 9.999730000000000008e-01 7.591919999999999780e-01 -6.508629999999999693e-01 -2.382000000000000003e-03 6.508359999999999701e-01 7.591860000000000275e-01 -6.997999999999999880e-03
3.000000000000000000e+00 4.400000000000000000e+01 7.300000000000000000e+01 0.000000000000000000e+00 1.600000000000000089e+00 3.649999999999999816e-04 1.830000000000000029e-04 1.000000000000000000e+00 5.205200000000000105e-02 -9.986439999999999761e-01 1.640000000000000019e-04 9.986439999999999761e-01 5.205200000000000105e-02 -3.739999999999999835e-04
7.000000000000000000e+00 4.400000000000000000e+01 7.300000000000000000e+01 0.000000000000000000e+00 1.600000000000000089e+00 1.317000000000000028e-03 7.940000000000000009e-04 9.999989999999999712e-01 5.333999999999999853e-02 -9.985760000000000192e-01 7.230000000000000098e-04 9.985760000000000192e-01 5.333800000000000346e-02 -1.356999999999999916e-03
1.300000000000000000e+01 4.400000000000000000e+01 7.300000000000000000e+01 0.000000000000000000e+00 1.600000000000000089e+00 1.103000000000000031e-03 4.284999999999999747e-03 9.999900000000000455e-01 5.510999999999999927e-02 -9.984709999999999974e-01 4.218000000000000395e-03 9.984800000000000342e-01 5.510500000000000120e-02 -1.337000000000000081e-03
2.000000000000000000e+01 4.400000000000000000e+01 7.300000000000000000e+01 0.000000000000000000e+00 1.600000000000000089e+00 8.379999999999999862e-04 2.527000000000000166e-03 9.999959999999999960e-01 5.483699999999999686e-02 -9.984920000000000462e-01 2.477000000000000035e-03 9.984950000000000214e-01 5.483500000000000180e-02 -9.749999999999999552e-04
2.400000000000000000e+01 4.400000000000000000e+01 7.300000000000000000e+01 0.000000000000000000e+00 1.600000000000000089e+00 -2.210000000000000159e-03 -7.290000000000000473e-04 9.999970000000000248e-01 5.363400000000000112e-02 -9.985600000000000032e-01 -6.089999999999999494e-04 9.985579999999999457e-01 5.363199999999999912e-02 2.246000000000000166e-03
2.400000000000000000e+01 2.500000000000000000e+01 7.400000000000000000e+01 0.000000000000000000e+00 1.600000000000000089e+00 2.373000000000000109e-03 6.429999999999999952e-03 9.999770000000000048e-01 8.301589999999999803e-01 -5.575250000000000483e-01 1.614999999999999899e-03 5.575219999999999620e-01 8.301349999999999563e-01 -6.661000000000000254e-03
2.000000000000000000e+00 9.900000000000000000e+01 7.500000000000000000e+01 0.000000000000000000e+00 1.600000000000000089e+00 -2.778000000000000087e-03 1.775000000000000102e-03 -9.999949999999999672e-01 -8.864360000000000017e-01 4.628390000000000004e-01 3.284000000000000027e-03 4.628430000000000044e-01 8.864400000000000057e-01 2.869999999999999830e-04
2.000000000000000000e+01 5.100000000000000000e+01 7.600000000000000000e+01 0.000000000000000000e+00 1.600000000000000089e+00 -7.200000000000000453e-04 -3.110000000000000243e-04 -1.000000000000000000e+00 -4.145690000000000208e-01 -9.100179999999999936e-01 5.810000000000000277e-04 -9.100179999999999936e-01 4.145690000000000208e-01 5.270000000000000162e-04
2.800000000000000000e+01 5.100000000000000000e+01 7.600000000000000000e+01 0.000000000000000000e+00 1.600000000000000089e+00 5.969000000000000347e-03 3.233999999999999896e-03 -9.999770000000000048e-01 -4.117199999999999749e-01 -9.112940000000000484e-01 -5.405000000000000082e-03 -9.112909999999999622e-01 4.117430000000000256e-01 -4.107999999999999673e-03
