1.400000000000000000e+01 1.700000000000000000e+01 3.000000000000000000e+00 0.000000000000000000e+00 1.600000000000000089e+00 -2.818400000000000072e-02 -1.768899999999999986e-02 -9.994459999999999456e-01 -7.128360000000000252e-01 -7.005770000000000053e-01 3.250100000000000211e-02 -7.007640000000000535e-01 7.133570000000000189e-01 7.135999999999999982e-03
8.000000000000000000e+00 1.010000000000000000e+02 7.000000000000000000e+00 0.000000000000000000e+00 1.600000000000000089e+00 4.110000000000000155e-04 2.185399999999999843e-02 9.997610000000000108e-01 8.880599999999999605e-01 4.596100000000000185e-01 -1.041100000000000012e-02 -4.597280000000000255e-01 8.878519999999999746e-01 -1.921899999999999997e-02
2.900000000000000000e+01 1.010000000000000000e+02 7.000000000000000000e+00 0.000000000000000000e+00 1.600000000000000089e+00 -2.919000000000000154e-03 1.337999999999999997e-03 9.999949999999999672e-01 8.879629999999999468e-01 4.599099999999999855e-01 1.977000000000000025e-03 -4.599050000000000082e-01 8.879639999999999755e-01 -2.530999999999999830e-03
4.000000000000000000e+00 2.500000000000000000e+01 8.000000000000000000e+00 0.000000000000000000e+00 1.600000000000000089e+00 5.300000000000000078e-05 2.246000000000000166e-03 -9.999970000000000248e-01 4.418940000000000090e-01 8.970650000000000013e-01 2.037999999999999881e-03 8.970669999999999478e-01 -4.418929999999999803e-01 -9.449999999999999850e-04
9.000000000000000000e+00 2.500000000000000000e+01 8.000000000000000000e+00 0.000000000000000000e+00 1.600000000000000089e+00 1.724999999999999971e-03 4.468999999999999882e-03 -9.999879999999999880e-01 4.397780000000000022e-01 8.980939999999999479e-01 4.773000000000000333e-03 8.981050000000000422e-01 -4.397809999999999775e-01 -4.159999999999999744e-04
1.200000000000000000e+01 2.500000000000000000e+01 8.000000000000000000e+00 0.000000000000000000e+00 1.600000000000000089e+00 6.679999999999999740e-04 8.533000000000000654e-03 -9.999630000000000463e-01 4.381530000000000147e-01 8.988650000000000251e-01 7.962999999999999592e-03 8.989000000000000323e-01 -4.381430000000000047e-01 -3.138000000000000164e-03
1.500000000000000000e+01 2.500000000000000000e+01 8.000000000000000000e+00 0.000000000000000000e+00 1.600000000000000089e+00 2.590000000000000071e-04 3.014000000000000186e-03 -9.999949999999999672e-01 4.375580000000000025e-01 8.991860000000000408e-01 2.824000000000000121e-03 8.991900000000000448e-01 -4.375569999999999737e-01 -1.085999999999999943e-03
2.300000000000000000e+01 2.500000000000000000e+01 8.000000000000000000e+00 0.000000000000000000e+00 1.600000000000000089e+00 -1.029999999999999964e-04 2.655999999999999941e-03 -9.999959999999999960e-01 4.378799999999999915e-01 8.990299999999999958e-01 2.343000000000000031e-03 8.990329999999999711e-01 -4.378779999999999895e-01 -1.255000000000000039e-03
2.700000000000000000e+01 2.500000000000000000e+01 8.000000000000000000e+00 0.000000000000000000e+00 1.600000000000000089e+00 6.400000000000000524e-04 6.477000000000000118e-03 -9.999789999999999512e-01 4.392679999999999918e-01 8.983349999999999946e-01 6.100000000000000387e-03 8.983560000000000434e-01 -4.392630000000000146e-01 -2.269999999999999882e-03
9.000000000000000000e+00 2.400000000000000000e+01 9.000000000000000000e+00 0.000000000000000000e+00 1.600000000000000089e+00 2.112000000000000162e-03 5.360000000000000181e-03 -9.999829999999999552e-01 4.462470000000000048e-01 8.948909999999999920e-01 5.740000000000000310e-03 8.949070000000000080e-01 -4.462519999999999820e-01 -5.019999999999999506e-04
1.600000000000000000e+01 2.400000000000000000e+01 9.000000000000000000e+00 0.000000000000000000e+00 1.600000000000000089e+00 2.059999999999999928e-04 9.330000000000000186e-04 -1.000000000000000000e+00 4.442639999999999922e-01 8.958960000000000257e-01 9.280000000000000054e-04 8.958960000000000257e-01 -4.442639999999999922e-01 -2.300000000000000070e-04
2.200000000000000000e+01 2.400000000000000000e+01 9.000000000000000000e+00 0.000000000000000000e+00 1.600000000000000089e+00 -2.599999999999999772e-04 4.029999999999999837e-04 -1.000000000000000000e+00 4.442869999999999875e-01 8.958850000000000424e-01 2.460000000000000164e-04 8.958850000000000424e-01 -4.442869999999999875e-01 -4.119999999999999856e-04
2.600000000000000000e+01 2.400000000000000000e+01 9.000000000000000000e+00 0.000000000000000000e+00 1.600000000000000089e+00 -5.800000000000000034e-04 6.588000000000000106e-03 -9.999780000000000335e-01 4.454549999999999899e-01 8.952870000000000550e-01 5.640000000000000048e-03 8.953039999999999887e-01 -4.454409999999999759e-01 -3.454000000000000039e-03
2.300000000000000000e+01 8.000000000000000000e+00 1.000000000000000000e+01 0.000000000000000000e+00 1.600000000000000089e+00 -1.192899999999999933e-01 -4.019699999999999662e-02 -9.920449999999999546e-01 -9.869510000000000227e-01 -1.040439999999999976e-01 1.228930000000000022e-01 -1.081570000000000031e-01 9.937599999999999767e-01 -2.726100000000000051e-02
2.900000000000000000e+01 3.100000000000000000e+01 1.200000000000000000e+01 0.000000000000000000e+00 1.600000000000000089e+00 -1.999999999999999909e-06 2.690999999999999816e-03 9.999959999999999960e-01 -3.125399999999999706e-02 9.995079999999999520e-01 -2.688999999999999984e-03 -9.995110000000000383e-01 -3.125399999999999706e-02 8.200000000000000095e-05
3.000000000000000000e+00 3.500000000000000000e+01 1.200000000000000000e+01 0.000000000000000000e+00 1.600000000000000089e+00 7.849999999999999990e-04 4.164000000000000166e-03 -9.999909999999999632e-01 3.999710000000000210e-01 -9.165210000000000301e-01 -3.503000000000000037e-03 -9.165280000000000094e-01 -3.999650000000000150e-01 -2.384999999999999967e-03
1.100000000000000000e+01 3.500000000000000000e+01 1.200000000000000000e+01 0.000000000000000000e+00 1.600000000000000089e+00 -2.356000000000000021e-03 3.624000000000000051e-03 -9.999909999999999632e-01 4.254700000000000149e-01 -9.049620000000000442e-01 -4.283000000000000348e-03 -9.049690000000000234e-01 -4.254760000000000209e-01 5.900000000000000296e-04
2.000000000000000000e+01 3.500000000000000000e+01 1.200000000000000000e+01 0.000000000000000000e+00 1.600000000000000089e+00 -1.453000000000000081e-03 4.377999999999999947e-03 -9.999890000000000168e-01 4.564380000000000104e-01 -8.897439999999999793e-01 -4.558999999999999685e-03 -8.897540000000000449e-01 -4.564400000000000124e-01 -7.050000000000000060e-04
2.300000000000000000e+01 3.500000000000000000e+01 1.200000000000000000e+01 0.000000000000000000e+00 1.600000000000000089e+00 -2.543999999999999821e-03 4.577999999999999604e-03 -9.999860000000000415e-01 4.603070000000000217e-01 -8.877450000000000063e-01 -5.235000000000000070e-03 -8.877559999999999896e-01 -4.603140000000000009e-01 1.510000000000000112e-04
8.000000000000000000e+00 3.200000000000000000e+01 1.400000000000000000e+01 0.000000000000000000e+00 1.600000000000000089e+00 5.879999999999999810e-04 9.299999999999999727e-05 -1.000000000000000000e+00 1.238459999999999978e-01 9.923009999999999886e-01 1.649999999999999991e-04 9.923009999999999886e-01 -1.238459999999999978e-01 5.720000000000000258e-04
1.500000000000000000e+01 1.200000000000000000e+01 1.600000000000000000e+01 0.000000000000000000e+00 1.600000000000000089e+00 2.527999999999999865e-03 -9.495800000000000074e-02 9.954779999999999740e-01 2.060790000000000122e-01 -9.740640000000000409e-01 -9.343899999999999428e-02 9.785319999999999574e-01 2.053830000000000100e-01 1.710599999999999968e-02
8.000000000000000000e+00 1.300000000000000000e+01 1.600000000000000000e+01 0.000000000000000000e+00 1.600000000000000089e+00 6.089999999999999927e-03 -5.910900000000000182e-02 9.982330000000000370e-01 1.403959999999999930e-01 -9.883129999999999971e-01 -5.937800000000000022e-02 9.900769999999999849e-01 1.405099999999999960e-01 2.279000000000000210e-03
1.500000000000000000e+01 1.160000000000000000e+02 1.600000000000000000e+01 0.000000000000000000e+00 1.600000000000000089e+00 4.810000000000000039e-03 1.023999999999999954e-03 9.999879999999999880e-01 6.674080000000000013e-01 7.446810000000000374e-01 -3.972999999999999969e-03 -7.446760000000000046e-01 6.674189999999999845e-01 2.897999999999999968e-03
3.000000000000000000e+00 2.000000000000000000e+00 1.900000000000000000e+01 0.000000000000000000e+00 1.600000000000000089e+00 3.065000000000000016e-03 -1.050199999999999918e-02 -9.999400000000000510e-01 2.909280000000000199e-01 -9.566829999999999501e-01 1.094000000000000007e-02 -9.567400000000000349e-01 -2.909439999999999804e-01 1.230000000000000082e-04
1.600000000000000000e+01 2.000000000000000000e+00 1.900000000000000000e+01 0.000000000000000000e+00 1.600000000000000089e+00 1.214299999999999928e-02 -5.182799999999999907e-02 -9.985819999999999697e-01 3.320159999999999778e-01 -9.417879999999999585e-01 5.291799999999999976e-02 -9.431960000000000344e-01 -3.321879999999999833e-01 5.772000000000000221e-03
2.400000000000000000e+01 2.000000000000000000e+00 1.900000000000000000e+01 0.000000000000000000e+00 1.600000000000000089e+00 1.272799999999999973e-02 -6.796499999999999764e-02 -9.976070000000000215e-01 3.630380000000000273e-01 -9.292939999999999534e-01 6.794300000000000339e-02 -9.316879999999999606e-01 -3.630329999999999946e-01 1.284599999999999978e-02
2.800000000000000000e+01 2.000000000000000000e+00 1.900000000000000000e+01 0.000000000000000000e+00 1.600000000000000089e+00 1.194699999999999929e-02 -5.878400000000000292e-02 -9.981989999999999474e-01 3.660379999999999745e-01 -9.287229999999999652e-01 5.907300000000000051e-02 -9.305229999999999890e-01 -3.660849999999999937e-01 1.042200000000000071e-02
7.000000000000000000e+00 3.000000000000000000e+00 1.900000000000000000e+01 0.000000000000000000e+00 1.600000000000000089e+00 8.330000000000000598e-03 -1.719400000000000095e-02 -9.998169999999999558e-01 3.233199999999999963e-01 -9.461000000000000520e-01 1.896400000000000169e-02 -9.462530000000000108e-01 -3.234190000000000120e-01 -2.321999999999999845e-03
1.200000000000000000e+01 3.000000000000000000e+00 1.900000000000000000e+01 0.000000000000000000e+00 1.600000000000000089e+00 1.117499999999999917e-02 -3.291199999999999681e-02 -9.993959999999999511e-01 3.319699999999999873e-01 -9.426489999999999592e-01 3.475500000000000117e-02 -9.432239999999999513e-01 -3.321580000000000088e-01 3.910000000000000172e-04
1.800000000000000000e+01 3.000000000000000000e+00 1.900000000000000000e+01 0.000000000000000000e+00 1.600000000000000089e+00 1.344399999999999935e-02 -5.634700000000000125e-02 -9.983210000000000139e-01 3.421950000000000269e-01 -9.378649999999999487e-01 5.754299999999999693e-02 -9.395329999999999515e-01 -3.423939999999999761e-01 6.673000000000000112e-03
1.000000000000000000e+00 4.000000000000000000e+00 2.000000000000000000e+01 0.000000000000000000e+00 1.600000000000000089e+00 4.802999999999999978e-03 -9.730000000000000801e-03 -9.999409999999999688e-01 4.304390000000000160e-01 -9.025549999999999962e-01 1.085000000000000027e-02 -9.026070000000000482e-01 -4.304649999999999865e-01 -1.459999999999999981e-04
7.000000000000000000e+00 4.000000000000000000e+00 2.000000000000000000e+01 0.000000000000000000e+00 1.600000000000000089e+00 7.310999999999999791e-03 -1.837300000000000044e-02 -9.998040000000000260e-01 4.356389999999999985e-01 -8.999049999999999550e-01 1.972300000000000095e-02 -9.000920000000000032e-01 -4.356979999999999742e-01 1.425000000000000051e-03
1.200000000000000000e+01 4.000000000000000000e+00 2.000000000000000000e+01 0.000000000000000000e+00 1.600000000000000089e+00 7.992000000000000839e-03 -3.407500000000000112e-02 -9.993870000000000253e-01 4.292529999999999957e-01 -9.025360000000000049e-01 3.420499999999999929e-02 -9.031489999999999796e-01 -4.292639999999999789e-01 7.413999999999999584e-03
1.900000000000000000e+01 4.000000000000000000e+00 2.000000000000000000e+01 0.000000000000000000e+00 1.600000000000000089e+00 9.440000000000000474e-03 -5.475200000000000206e-02 -9.984549999999999814e-01 4.097160000000000246e-01 -9.106250000000000178e-01 5.380999999999999672e-02 -9.121639999999999748e-01 -4.095909999999999829e-01 1.383599999999999934e-02
3.000000000000000000e+00 1.300000000000000000e+01 2.000000000000000000e+01 0.000000000000000000e+00 1.600000000000000089e+00 6.099999999999999872e-05 6.133999999999999696e-03 9.999810000000000088e-01 3.098650000000000015e-01 9.507619999999999960e-01 -5.850000000000000165e-03 -9.507799999999999585e-01 3.098600000000000243e-01 -1.843000000000000020e-03
8.000000000000000000e+00 1.300000000000000000e+01 2.000000000000000000e+01 0.000000000000000000e+00 1.600000000000000089e+00 3.330000000000000169e-04 1.115900000000000052e-02 9.999379999999999935e-01 3.051760000000000028e-01 9.522350000000000536e-01 -1.072799999999999969e-02 -9.522960000000000313e-01 3.051610000000000156e-01 -3.089000000000000166e-03
1.600000000000000000e+01 1.300000000000000000e+01 2.000000000000000000e+01 0.000000000000000000e+00 1.600000000000000089e+00 4.452000000000000228e-03 -8.052000000000000129e-03 9.999580000000000135e-01 2.762229999999999963e-01 9.610720000000000374e-01 6.509000000000000029e-03 -9.610830000000000206e-01 2.761819999999999831e-01 6.503000000000000100e-03
2.100000000000000000e+01 1.300000000000000000e+01 2.000000000000000000e+01 0.000000000000000000e+00 1.600000000000000089e+00 5.959999999999999586e-04 6.939999999999999555e-04 1.000000000000000000e+00 2.627240000000000131e-01 9.648710000000000342e-01 -8.260000000000000198e-04 -9.648710000000000342e-01 2.627240000000000131e-01 3.930000000000000117e-04
2.500000000000000000e+01 1.300000000000000000e+01 2.000000000000000000e+01 0.000000000000000000e+00 1.600000000000000089e+00 1.900000000000000105e-05 4.669000000000000407e-03 9.999890000000000168e-01 2.603050000000000086e-01 9.655160000000000409e-01 -4.512999999999999651e-03 -9.655259999999999954e-01 2.603030000000000066e-01 -1.196999999999999930e-03
4.000000000000000000e+00 1.600000000000000000e+01 2.100000000000000000e+01 0.000000000000000000e+00 1.600000000000000089e+00 6.139999999999999625e-04 -6.809999999999999647e-04 1.000000000000000000e+00 3.081160000000000010e-01 9.513490000000000002e-01 4.589999999999999896e-04 -9.513490000000000002e-01 3.081160000000000010e-01 7.950000000000000252e-04
4.000000000000000000e+00 5.000000000000000000e+01 2.200000000000000000e+01 0.000000000000000000e+00 1.600000000000000089e+00 -2.399999999999999790e-03 -5.609000000000000270e-03 -9.999810000000000088e-01 -5.812899999999999734e-01 8.136900000000000244e-01 -3.167999999999999809e-03 8.136929999999999996e-01 5.812709999999999821e-01 -5.212999999999999752e-03
1.000000000000000000e+00 1.000000000000000000e+00 2.500000000000000000e+01 0.000000000000000000e+00 1.600000000000000089e+00 1.157999999999999958e-03 -8.108999999999999889e-03 9.999670000000000503e-01 -3.749700000000000255e-02 -9.992640000000000411e-01 -8.059999999999999457e-03 9.992959999999999621e-01 -3.748699999999999949e-02 -1.461000000000000059e-03
2.700000000000000000e+01 3.000000000000000000e+00 2.500000000000000000e+01 0.000000000000000000e+00 1.600000000000000089e+00 1.563499999999999959e-02 -4.097900000000000154e-02 9.990379999999999816e-01 -4.049999999999999781e-04 -9.991600000000000481e-01 -4.097800000000000054e-02 9.998780000000000445e-01 2.359999999999999902e-04 -1.563799999999999912e-02
2.200000000000000000e+01 4.600000000000000000e+01 2.700000000000000000e+01 0.000000000000000000e+00 1.600000000000000089e+00 1.092000000000000089e-03 9.160000000000000390e-04 -9.999989999999999712e-01 6.777440000000000131e-01 7.352959999999999496e-01 1.413999999999999892e-03 7.352969999999999784e-01 -6.777450000000000419e-01 1.820000000000000057e-04
3.000000000000000000e+01 4.600000000000000000e+01 2.700000000000000000e+01 0.000000000000000000e+00 1.600000000000000089e+00 9.399999999999999719e-04 -1.667000000000000079e-03 -9.999980000000000535e-01 6.852629999999999555e-01 7.282950000000000257e-01 -5.699999999999999772e-04 7.282950000000000257e-01 -6.852620000000000378e-01 1.827000000000000065e-03
6.000000000000000000e+00 4.600000000000000000e+01 3.000000000000000000e+01 0.000000000000000000e+00 1.600000000000000089e+00 -2.930000000000000204e-04 -1.936999999999999920e-03 -9.999980000000000535e-01 3.297450000000000103e-01 9.440680000000000183e-01 -1.925000000000000062e-03 9.440699999999999648e-01 -3.297450000000000103e-01 3.620000000000000171e-04
1.900000000000000000e+01 4.600000000000000000e+01 3.000000000000000000e+01 0.000000000000000000e+00 1.600000000000000089e+00 5.209999999999999788e-04 7.439999999999999782e-04 -1.000000000000000000e+00 3.303189999999999737e-01 9.438689999999999580e-01 8.750000000000000182e-04 9.438689999999999580e-01 -3.303189999999999737e-01 2.460000000000000164e-04
3.000000000000000000e+00 5.800000000000000000e+01 3.100000000000000000e+01 0.000000000000000000e+00 1.600000000000000089e+00 -2.040000000000000147e-03 -1.423000000000000003e-03 9.999970000000000248e-01 -7.995590000000000197e-01 -6.005819999999999492e-01 -2.485999999999999929e-03 6.005840000000000067e-01 -7.995619999999999949e-01 8.799999999999999771e-05
6.000000000000000000e+00 5.800000000000000000e+01 3.100000000000000000e+01 0.000000000000000000e+00 1.600000000000000089e+00 -1.579000000000000108e-03 -3.570000000000000040e-04 9.999989999999999712e-01 -8.009870000000000045e-01 -5.986799999999999899e-01 -1.477999999999999930e-03 5.986799999999999899e-01 -8.009880000000000333e-01 6.589999999999999721e-04
1.100000000000000000e+01 5.800000000000000000e+01 3.100000000000000000e+01 0.000000000000000000e+00 1.600000000000000089e+00 3.562000000000000062e-03 -3.449999999999999833e-04 9.999940000000000495e-01 -8.019089999999999829e-01 -5.974409999999999998e-01 2.650000000000000012e-03 5.974359999999999671e-01 -8.019129999999999869e-01 -2.405000000000000020e-03
1.800000000000000000e+01 5.800000000000000000e+01 3.100000000000000000e+01 0.000000000000000000e+00 1.600000000000000089e+00 1.376000000000000053e-03 -1.129999999999999955e-04 9.999989999999999712e-01 -8.047840000000000549e-01 -5.935669999999999558e-01 1.039999999999999909e-03 5.935660000000000380e-01 -8.047849999999999726e-01 -9.079999999999999530e-04
2.300000000000000000e+01 5.800000000000000000e+01 3.100000000000000000e+01 0.000000000000000000e+00 1.600000000000000089e+00 -1.822999999999999968e-03 -1.461999999999999975e-03 9.999970000000000248e-01 -8.078699999999999770e-01 -5.893559999999999910e-01 -2.334999999999999836e-03 5.893580000000000485e-01 -8.078720000000000345e-01 -1.069999999999999988e-04
2.800000000000000000e+01 5.800000000000000000e+01 3.100000000000000000e+01 0.000000000000000000e+00 1.600000000000000089e+00 -4.686000000000000061e-03 -5.388000000000000428e-03 9.999740000000000295e-01 -8.098459999999999548e-01 -5.866010000000000391e-01 -6.956000000000000377e-03 5.866230000000000055e-01 -8.098579999999999668e-01 -1.613999999999999983e-03
2.000000000000000000e+00 4.600000000000000000e+01 3.500000000000000000e+01 0.000000000000000000e+00 1.600000000000000089e+00 -2.599999999999999881e-03 5.013000000000000095e-03 -9.999839999999999840e-01 3.905279999999999863e-01 -9.205740000000000034e-01 -5.629999999999999588e-03 -9.205870000000000442e-01 -3.905359999999999943e-01 4.360000000000000269e-04
9.000000000000000000e+00 4.600000000000000000e+01 3.500000000000000000e+01 0.000000000000000000e+00 1.600000000000000089e+00 4.850000000000000253e-04 -5.118000000000000153e-03 -9.999869999999999592e-01 3.914119999999999822e-01 -9.202029999999999932e-01 4.898999999999999709e-03 -9.202150000000000052e-01 -3.914090000000000069e-01 1.557000000000000007e-03
1.500000000000000000e+01 4.600000000000000000e+01 3.500000000000000000e+01 0.000000000000000000e+00 1.600000000000000089e+00 1.940000000000000101e-03 2.609000000000000208e-03 -9.999949999999999672e-01 3.913170000000000259e-01 -9.202540000000000164e-01 -1.642000000000000013e-03 -9.202540000000000164e-01 -3.913119999999999932e-01 -2.805999999999999901e-03
2.000000000000000000e+01 4.600000000000000000e+01 3.500000000000000000e+01 0.000000000000000000e+00 1.600000000000000089e+00 -6.660000000000000338e-04 -2.288000000000000103e-03 -9.999970000000000248e-01 3.907959999999999767e-01 -9.204750000000000432e-01 1.845999999999999985e-03 -9.204769999999999897e-01 -3.907939999999999747e-01 1.507000000000000093e-03
2.400000000000000000e+01 4.600000000000000000e+01 3.500000000000000000e+01 0.000000000000000000e+00 1.600000000000000089e+00 -5.190000000000000386e-04 -2.458000000000000115e-03 -9.999970000000000248e-01 3.912880000000000247e-01 -9.202660000000000284e-01 2.059000000000000066e-03 -9.202679999999999749e-01 -3.912860000000000227e-01 1.438999999999999958e-03
3.000000000000000000e+00 2.900000000000000000e+01 4.400000000000000000e+01 0.000000000000000000e+00 1.600000000000000089e+00 -2.939999999999999905e-04 1.753000000000000001e-03 -9.999980000000000535e-01 6.528880000000000239e-01 7.574530000000000429e-01 1.136000000000000074e-03 7.574539999999999607e-01 -6.528869999999999951e-01 -1.366999999999999943e-03
7.000000000000000000e+00 2.900000000000000000e+01 4.400000000000000000e+01 0.000000000000000000e+00 1.600000000000000089e+00 1.399000000000000070e-03 1.025000000000000086e-03 -9.999989999999999712e-01 6.599260000000000126e-01 7.513279999999999959e-01 1.693000000000000060e-03 7.513290000000000246e-01 -6.599279999999999591e-01 3.739999999999999835e-04
1.100000000000000000e+01 2.900000000000000000e+01 4.400000000000000000e+01 0.000000000000000000e+00 1.600000000000000089e+00 1.832999999999999994e-03 -3.144000000000000093e-03 -9.999930000000000208e-01 6.607680000000000220e-01 7.505899999999999794e-01 -1.149000000000000065e-03 7.505880000000000329e-01 -6.607610000000000428e-01 3.452999999999999906e-03
1.700000000000000000e+01 2.900000000000000000e+01 4.400000000000000000e+01 0.000000000000000000e+00 1.600000000000000089e+00 2.889999999999999774e-04 -3.595999999999999804e-03 -9.999930000000000208e-01 6.637380000000000502e-01 7.479609999999999870e-01 -2.497999999999999787e-03 7.479649999999999910e-01 -6.637330000000000174e-01 2.602999999999999845e-03
2.500000000000000000e+01 2.900000000000000000e+01 4.400000000000000000e+01 0.000000000000000000e+00 1.600000000000000089e+00 3.977999999999999765e-03 8.109999999999999805e-04 -9.999919999999999920e-01 6.644400000000000306e-01 7.473340000000000538e-01 3.249000000000000152e-03 7.473309999999999675e-01 -6.644480000000000386e-01 2.433999999999999966e-03
2.600000000000000000e+01 5.000000000000000000e+00 5.100000000000000000e+01 0.000000000000000000e+00 1.600000000000000089e+00 1.031000000000000015e-03 -1.477299999999999967e-02 -9.998899999999999455e-01 4.831570000000000031e-01 -8.754309999999999592e-01 1.343199999999999950e-02 -8.755330000000000057e-01 -4.831179999999999919e-01 6.235000000000000091e-03
2.600000000000000000e+01 1.150000000000000000e+02 5.100000000000000000e+01 0.000000000000000000e+00 1.600000000000000089e+00 -2.142999999999999940e-03 3.840999999999999796e-03 9.999900000000000455e-01 8.459039999999999893e-01 -5.333210000000000450e-01 3.860999999999999849e-03 5.333309999999999995e-01 8.459039999999999893e-01 -2.105999999999999799e-03
8.000000000000000000e+00 7.000000000000000000e+00 5.200000000000000000e+01 0.000000000000000000e+00 1.600000000000000089e+00 -7.464000000000000148e-03 -3.896999999999999856e-03 -9.999649999999999928e-01 1.392649999999999999e-01 -9.902509999999999923e-01 2.820000000000000024e-03 -9.902269999999999683e-01 -1.392390000000000017e-01 7.934000000000000080e-03
4.000000000000000000e+00 6.300000000000000000e+01 5.400000000000000000e+01 0.000000000000000000e+00 1.600000000000000089e+00 2.719999999999999979e-04 -1.685000000000000083e-03 9.999989999999999712e-01 -3.531540000000000235e-01 9.355639999999999512e-01 1.672000000000000092e-03 -9.355649999999999800e-01 -3.531529999999999947e-01 -3.400000000000000244e-04
8.000000000000000000e+00 6.300000000000000000e+01 5.400000000000000000e+01 0.000000000000000000e+00 1.600000000000000089e+00 1.126000000000000048e-03 3.219000000000000073e-03 9.999940000000000495e-01 -3.471009999999999929e-01 9.378239999999999910e-01 -2.628000000000000128e-03 -9.378269999999999662e-01 -3.470960000000000156e-01 2.174000000000000151e-03
1.400000000000000000e+01 6.300000000000000000e+01 5.400000000000000000e+01 0.000000000000000000e+00 1.600000000000000089e+00 -9.510000000000000224e-04 8.729999999999999696e-04 9.999989999999999712e-01 -3.489630000000000232e-01 9.371359999999999690e-01 -1.149999999999999981e-03 -9.371359999999999690e-01 -3.489639999999999964e-01 -5.860000000000000408e-04
1.900000000000000000e+01 6.300000000000000000e+01 5.400000000000000000e+01 0.000000000000000000e+00 1.600000000000000089e+00 1.918000000000000000e-03 7.870000000000000476e-04 9.999980000000000535e-01 -3.502419999999999978e-01 9.366590000000000193e-01 -6.499999999999999431e-05 -9.366569999999999618e-01 -3.502410000000000245e-01 2.073000000000000190e-03
2.400000000000000000e+01 6.300000000000000000e+01 5.400000000000000000e+01 0.000000000000000000e+00 1.600000000000000089e+00 -1.191000000000000001e-03 -3.507000000000000135e-03 9.999930000000000208e-01 -3.533390000000000142e-01 9.354909999999999615e-01 2.860000000000000129e-03 -9.354949999999999655e-01 -3.533330000000000082e-01 -2.354000000000000190e-03
2.900000000000000000e+01 6.300000000000000000e+01 5.400000000000000000e+01 0.000000000000000000e+00 1.600000000000000089e+00 -1.603999999999999957e-03 -4.258999999999999765e-03 9.999900000000000455e-01 -3.539149999999999796e-01 9.352709999999999635e-01 3.416000000000000199e-03 -9.352759999999999962e-01 -3.539059999999999984e-01 -3.007999999999999823e-03
9.000000000000000000e+00 2.500000000000000000e+01 5.500000000000000000e+01 0.000000000000000000e+00 1.600000000000000089e+00 8.779999999999999827e-04 -2.615000000000000137e-03 -9.999959999999999960e-01 -1.315299999999999976e-02 -9.999099999999999655e-01 2.602999999999999845e-03 -9.999130000000000518e-01 1.315000000000000023e-02 -9.120000000000000502e-04
1.500000000000000000e+01 2.500000000000000000e+01 5.500000000000000000e+01 0.000000000000000000e+00 1.600000000000000089e+00 1.665999999999999946e-03 -4.414999999999999654e-03 -9.999890000000000168e-01 -1.314199999999999917e-02 -9.999040000000000150e-01 4.393000000000000203e-03 -9.999120000000000230e-01 1.313399999999999984e-02 -1.724000000000000055e-03
1.800000000000000000e+01 2.500000000000000000e+01 5.500000000000000000e+01 0.000000000000000000e+00 1.600000000000000089e+00 2.895000000000000004e-03 -5.879999999999999810e-03 -9.999789999999999512e-01 -1.438299999999999995e-02 -9.998799999999999910e-01 5.838000000000000307e-03 -9.998920000000000030e-01 1.436600000000000030e-02 -2.978999999999999877e-03
2.800000000000000000e+01 5.800000000000000000e+01 5.900000000000000000e+01 0.000000000000000000e+00 1.600000000000000089e+00 -1.637000000000000000e-03 -6.808999999999999948e-03 -9.999759999999999760e-01 3.949960000000000138e-01 9.186569999999999458e-01 -6.901000000000000016e-03 9.186809999999999699e-01 -3.949980000000000158e-01 1.185999999999999988e-03
7.000000000000000000e+00 2.100000000000000000e+01 6.000000000000000000e+01 0.000000000000000000e+00 1.600000000000000089e+00 -7.860000000000000233e-04 2.595000000000000084e-03 9.999959999999999960e-01 -9.766400000000000081e-02 9.952159999999999895e-01 -2.658999999999999905e-03 -9.952189999999999648e-01 -9.766600000000000281e-02 -5.289999999999999564e-04
2.100000000000000000e+01 6.000000000000000000e+00 6.100000000000000000e+01 0.000000000000000000e+00 1.600000000000000089e+00 1.043000000000000090e-03 2.386999999999999799e-03 9.999970000000000248e-01 5.666010000000000213e-01 -8.239910000000000290e-01 1.374999999999999920e-03 8.239919999999999467e-01 5.665980000000000461e-01 -2.211999999999999991e-03
1.100000000000000000e+01 3.000000000000000000e+00 6.300000000000000000e+01 0.000000000000000000e+00 1.600000000000000089e+00 6.449999999999999570e-04 -1.338999999999999913e-03 9.999989999999999712e-01 -6.159160000000000190e-01 7.878110000000000390e-01 1.451999999999999949e-03 -7.878119999999999568e-01 -6.159160000000000190e-01 -3.159999999999999832e-04
2.000000000000000000e+00 2.700000000000000000e+01 6.300000000000000000e+01 0.000000000000000000e+00 1.600000000000000089e+00 -2.765000000000000097e-03 4.409999999999999858e-04 9.999959999999999960e-01 -2.740589999999999971e-01 9.617120000000000113e-01 -1.182000000000000108e-03 -9.617090000000000360e-01 -2.740609999999999991e-01 -2.537999999999999892e-03
6.000000000000000000e+00 2.700000000000000000e+01 6.300000000000000000e+01 0.000000000000000000e+00 1.600000000000000089e+00 8.279999999999999600e-04 3.174000000000000172e-03 9.999949999999999672e-01 -2.720600000000000240e-01 9.622760000000000202e-01 -2.828999999999999918e-03 -9.622800000000000242e-01 -2.720560000000000200e-01 1.660999999999999933e-03
9.000000000000000000e+00 2.700000000000000000e+01 6.300000000000000000e+01 0.000000000000000000e+00 1.600000000000000089e+00 1.920999999999999965e-03 3.651999999999999864e-03 9.999919999999999920e-01 -2.685589999999999922e-01 9.632579999999999476e-01 -3.001999999999999894e-03 -9.632610000000000339e-01 -2.685509999999999842e-01 2.831000000000000183e-03
1.200000000000000000e+01 2.700000000000000000e+01 6.300000000000000000e+01 0.000000000000000000e+00 1.600000000000000089e+00 1.778000000000000067e-03 7.689999999999999787e-03 9.999689999999999968e-01 -2.668079999999999896e-01 9.637250000000000538e-01 -6.936999999999999590e-03 -9.637480000000000491e-01 -2.667869999999999964e-01 3.765999999999999816e-03
1.700000000000000000e+01 2.700000000000000000e+01 6.300000000000000000e+01 0.000000000000000000e+00 1.600000000000000089e+00 1.910000000000000022e-03 1.113500000000000080e-02 9.999360000000000470e-01 -2.660460000000000047e-01 9.639060000000000406e-01 -1.022600000000000071e-02 -9.639579999999999815e-01 -2.660100000000000242e-01 4.804000000000000110e-03
2.200000000000000000e+01 2.700000000000000000e+01 6.300000000000000000e+01 0.000000000000000000e+00 1.600000000000000089e+00 -6.570000000000000319e-04 5.934000000000000039e-03 9.999820000000000375e-01 -2.663409999999999944e-01 9.638609999999999678e-01 -5.895000000000000066e-03 -9.638790000000000413e-01 -2.663409999999999944e-01 9.470000000000000336e-04
3.000000000000000000e+00 2.600000000000000000e+01 6.400000000000000000e+01 0.000000000000000000e+00 1.600000000000000089e+00 -2.296999999999999997e-03 4.013000000000000074e-03 9.999890000000000168e-01 -3.609669999999999823e-01 9.325670000000000348e-01 -4.571999999999999675e-03 -9.325759999999999605e-01 -3.609740000000000171e-01 -6.930000000000000396e-04
1.300000000000000000e+01 2.600000000000000000e+01 6.400000000000000000e+01 0.000000000000000000e+00 1.600000000000000089e+00 1.301999999999999989e-03 7.933000000000000815e-03 9.999679999999999680e-01 -3.505829999999999780e-01 9.365059999999999496e-01 -6.973000000000000032e-03 -9.365310000000000024e-01 -3.505619999999999847e-01 4.001000000000000216e-03
1.700000000000000000e+01 2.600000000000000000e+01 6.400000000000000000e+01 0.000000000000000000e+00 1.600000000000000089e+00 2.203999999999999796e-03 1.049199999999999959e-02 9.999430000000000263e-01 -3.481029999999999958e-01 9.374120000000000230e-01 -9.069000000000000672e-03 -9.374540000000000095e-01 -3.480630000000000113e-01 5.717999999999999992e-03
2.200000000000000000e+01 2.600000000000000000e+01 6.400000000000000000e+01 0.000000000000000000e+00 1.600000000000000089e+00 -1.471000000000000085e-03 8.356000000000000580e-03 9.999639999999999640e-01 -3.444249999999999812e-01 9.387769999999999726e-01 -8.351000000000000784e-03 -9.388130000000000086e-01 -3.444249999999999812e-01 1.497000000000000067e-03
9.000000000000000000e+00 5.400000000000000000e+01 6.500000000000000000e+01 0.000000000000000000e+00 1.600000000000000089e+00 -3.589789999999999925e-01 -2.914559999999999929e-01 8.866720000000000157e-01 3.237500000000000100e-02 -9.533099999999999907e-01 -3.002529999999999921e-01 9.327839999999999465e-01 -7.907799999999999552e-02 3.516540000000000221e-01
6.000000000000000000e+00 6.900000000000000000e+01 6.600000000000000000e+01 0.000000000000000000e+00 1.600000000000000089e+00 -3.857999999999999884e-03 -5.599999999999999943e-03 9.999770000000000048e-01 -9.532669999999999755e-01 3.021229999999999749e-01 -1.985999999999999918e-03 -3.021039999999999837e-01 -9.532530000000000170e-01 -6.504000000000000233e-03
4.000000000000000000e+00 7.000000000000000000e+01 7.200000000000000000e+01 0.000000000000000000e+00 1.600000000000000089e+00 -3.745450000000000168e-01 -7.330609999999999626e-01 5.677480000000000304e-01 -2.502400000000000110e-02 -6.041039999999999743e-01 -7.965119999999999978e-01 9.268710000000000004e-01 -3.125370000000000092e-01 2.079199999999999937e-01
3.000000000000000000e+00 2.500000000000000000e+01 7.300000000000000000e+01 0.000000000000000000e+00 1.600000000000000089e+00 2.837999999999999811e-03 -7.493999999999999793e-03 9.999679999999999680e-01 7.556899999999999729e-01 -6.548920000000000297e-01 -7.053000000000000241e-03 6.549239999999999506e-01 7.556850000000000511e-01 3.804000000000000090e-03
1.100000000000000000e+01 2.500000000000000000e+01 7.300000000000000000e+01 0.000000000000000000e+00 1.600000000000000089e+00 -5.360000000000000181e-04 -3.544999999999999974e-03 9.999940000000000495e-01 7.513539999999999663e-01 -6.598969999999999558e-01 -1.936000000000000004e-03 6.598990000000000133e-01 7.513480000000000159e-01 3.017000000000000150e-03
1.800000000000000000e+01 2.500000000000000000e+01 7.300000000000000000e+01 0.000000000000000000e+00 1.600000000000000089e+00 -4.679999999999999915e-04 2.556000000000000112e-03 9.999970000000000248e-01 7.469630000000000436e-01 -6.648629999999999818e-01 2.049000000000000040e-03 6.648659999999999570e-01 7.469609999999999861e-01 -1.598000000000000028e-03
2.100000000000000000e+01 2.500000000000000000e+01 7.300000000000000000e+01 0.000000000000000000e+00 1.600000000000000089e+00 -1.791000000000000057e-03 2.160000000000000028e-03 9.999959999999999960e-01 7.466749999999999776e-01 -6.651829999999999687e-01 2.773999999999999990e-03 6.651860000000000550e-01 7.466770000000000351e-01 -4.209999999999999875e-04
2.700000000000000000e+01 2.500000000000000000e+01 7.300000000000000000e+01 0.000000000000000000e+00 1.600000000000000089e+00 1.170999999999999949e-03 2.086000000000000180e-03 9.999970000000000248e-01 7.550780000000000269e-01 -6.556349999999999678e-01 4.829999999999999767e-04 6.556340000000000501e-01 7.550750000000000517e-01 -2.341999999999999898e-03
2.100000000000000000e+01 4.400000000000000000e+01 7.300000000000000000e+01 0.000000000000000000e+00 1.600000000000000089e+00 -1.930999999999999991e-03 6.315000000000000301e-03 9.999780000000000335e-01 5.803599999999999731e-02 -9.982940000000000147e-01 6.416999999999999961e-03 9.983130000000000059e-01 5.804700000000000137e-02 1.562000000000000020e-03
2.500000000000000000e+01 4.400000000000000000e+01 7.300000000000000000e+01 0.000000000000000000e+00 1.600000000000000089e+00 -1.461000000000000059e-03 -3.850999999999999823e-03 9.999919999999999920e-01 5.677900000000000308e-02 -9.983800000000000452e-01 -3.762000000000000153e-03 9.983859999999999957e-01 5.677299999999999708e-02 1.677000000000000105e-03
3.000000000000000000e+01 4.400000000000000000e+01 7.300000000000000000e+01 0.000000000000000000e+00 1.600000000000000089e+00 -3.259999999999999877e-03 -3.523999999999999789e-03 9.999879999999999880e-01 5.301299999999999762e-02 -9.985880000000000312e-01 -3.346000000000000016e-03 9.985889999999999489e-01 5.300200000000000050e-02 3.442000000000000181e-03
6.000000000000000000e+00 6.400000000000000000e+01 7.300000000000000000e+01 0.000000000000000000e+00 1.600000000000000089e+00 -7.562950000000000506e-01 -5.622709999999999653e-01 3.344679999999999875e-01 -1.038000000000000034e-01 -4.016359999999999930e-01 -9.098979999999999846e-01 6.459439999999999626e-01 -7.228689999999999838e-01 2.453919999999999990e-01
5.000000000000000000e+00 7.000000000000000000e+01 7.300000000000000000e+01 0.000000000000000000e+00 1.600000000000000089e+00 -5.020270000000000010e-01 -7.618989999999999929e-01 4.092419999999999947e-01 9.941999999999999449e-03 -4.782460000000000044e-01 -8.781700000000000061e-01 8.647949999999999804e-01 -4.367960000000000176e-01 2.476669999999999983e-01
3.000000000000000000e+00 5.600000000000000000e+01 7.500000000000000000e+01 0.000000000000000000e+00 1.600000000000000089e+00 3.750099999999999961e-02 3.371330000000000160e-01 9.407100000000000461e-01 -7.633299999999999808e-02 9.395879999999999788e-01 -3.336879999999999846e-01 -9.963769999999999571e-01 -5.929399999999999948e-02 6.097000000000000336e-02
5.000000000000000000e+00 5.600000000000000000e+01 7.500000000000000000e+01 0.000000000000000000e+00 1.600000000000000089e+00 5.903800000000000020e-02 5.217200000000000309e-02 9.968909999999999716e-01 -1.748500000000000054e-01 9.837360000000000548e-01 -4.112899999999999889e-02 -9.828230000000000022e-01 -1.718780000000000030e-01 6.719999999999999585e-02
2.800000000000000000e+01 5.100000000000000000e+01 7.600000000000000000e+01 0.000000000000000000e+00 1.600000000000000089e+00 2.977000000000000045e-03 -9.070000000000000371e-04 -9.999949999999999672e-01 -3.906299999999999772e-01 -9.205480000000000329e-01 -3.280000000000000038e-04 -9.205430000000000001e-01 3.906290000000000040e-01 -3.095000000000000095e-03
8.000000000000000000e+00 5.900000000000000000e+01 7.600000000000000000e+01 0.000000000000000000e+00 1.600000000000000089e+00 -3.784549999999999859e-01 -9.211040000000000338e-01 -9.132099999999999940e-02 2.559739999999999793e-01 -9.336999999999999814e-03 -9.666379999999999972e-01 8.895220000000000349e-01 -3.892050000000000232e-01 2.393129999999999979e-01
4.000000000000000000e+00 9.100000000000000000e+01 7.600000000000000000e+01 0.000000000000000000e+00 1.600000000000000089e+00 1.956999999999999972e-03 -2.880000000000000073e-04 9.999980000000000535e-01 3.837050000000000183e-01 -9.234550000000000258e-01 -1.016999999999999892e-03 9.234539999999999971e-01 3.837059999999999915e-01 -1.696999999999999941e-03
1.100000000000000000e+01 9.100000000000000000e+01 7.600000000000000000e+01 0.000000000000000000e+00 1.600000000000000089e+00 8.090000000000000403e-04 1.624000000000000010e-03 9.999980000000000535e-01 3.799730000000000052e-01 -9.249969999999999581e-01 1.195000000000000099e-03 9.249969999999999581e-01 3.799710000000000032e-01 -1.364999999999999894e-03
1.800000000000000000e+01 9.100000000000000000e+01 7.600000000000000000e+01 0.000000000000000000e+00 1.600000000000000089e+00 -3.009999999999999980e-04 3.640000000000000115e-04 1.000000000000000000e+00 3.817400000000000237e-01 -9.242700000000000360e-01 4.510000000000000120e-04 9.242700000000000360e-01 3.817400000000000237e-01 1.389999999999999905e-04
2.200000000000000000e+01 9.100000000000000000e+01 7.600000000000000000e+01 0.000000000000000000e+00 1.600000000000000089e+00 -3.119999999999999944e-04 -2.599999999999999772e-04 1.000000000000000000e+00 3.772229999999999750e-01 -9.261220000000000008e-01 -1.230000000000000082e-04 9.261220000000000008e-01 3.772229999999999750e-01 3.869999999999999742e-04
2.500000000000000000e+01 9.100000000000000000e+01 7.600000000000000000e+01 0.000000000000000000e+00 1.600000000000000089e+00 -1.348000000000000023e-03 -1.266999999999999897e-03 9.999980000000000535e-01 3.744000000000000106e-01 -9.272669999999999524e-01 -6.710000000000000469e-04 9.272660000000000347e-01 3.743989999999999818e-01 1.724000000000000055e-03
5.000000000000000000e+00 6.000000000000000000e+01 7.800000000000000000e+01 0.000000000000000000e+00 1.600000000000000089e+00 -7.833660000000000068e-01 3.822659999999999947e-01 -4.901119999999999921e-01 4.306499999999999911e-02 8.200039999999999552e-01 5.707349999999999923e-01 6.200660000000000061e-01 4.259879999999999778e-01 -6.588260000000000227e-01
