2.000000000000000000e+00 1.500000000000000000e+01 4.000000000000000000e+00 0.000000000000000000e+00 1.600000000000000089e+00 -3.742000000000000100e-03 1.551999999999999994e-03 9.999919999999999920e-01 3.156979999999999786e-01 -9.488560000000000327e-01 2.654000000000000109e-03 9.488520000000000287e-01 3.157059999999999866e-01 3.060999999999999919e-03
9.000000000000000000e+00 1.500000000000000000e+01 4.000000000000000000e+00 0.000000000000000000e+00 1.600000000000000089e+00 -2.252000000000000095e-03 1.276999999999999923e-03 9.999970000000000248e-01 3.125620000000000065e-01 -9.498950000000000449e-01 1.915999999999999951e-03 9.498950000000000449e-01 3.125649999999999817e-01 1.740000000000000010e-03
1.400000000000000000e+01 1.500000000000000000e+01 4.000000000000000000e+00 0.000000000000000000e+00 1.600000000000000089e+00 -2.464000000000000044e-03 1.346900000000000007e-02 9.999059999999999615e-01 3.146619999999999973e-01 -9.491070000000000340e-01 1.355999999999999914e-02 9.492009999999999614e-01 3.146660000000000013e-01 -1.899000000000000080e-03
2.300000000000000000e+01 1.500000000000000000e+01 4.000000000000000000e+00 0.000000000000000000e+00 1.600000000000000089e+00 -2.654999999999999808e-03 2.814699999999999841e-02 9.996000000000000441e-01 3.230489999999999751e-01 -9.459830000000000183e-01 2.749499999999999861e-02 9.463789999999999702e-01 3.229920000000000013e-01 -6.581000000000000044e-03
2.700000000000000000e+01 1.300000000000000000e+01 5.000000000000000000e+00 0.000000000000000000e+00 1.600000000000000089e+00 -5.414999999999999675e-03 6.146299999999999680e-02 9.980949999999999545e-01 3.310730000000000062e-01 -9.417090000000000183e-01 5.978699999999999987e-02 9.435890000000000111e-01 3.307660000000000045e-01 -1.524999999999999967e-02
2.200000000000000000e+01 1.010000000000000000e+02 7.000000000000000000e+00 0.000000000000000000e+00 1.600000000000000089e+00 -1.028999999999999967e-03 -5.257999999999999653e-03 9.999860000000000415e-01 8.881310000000000038e-01 4.595779999999999865e-01 3.331000000000000193e-03 -4.595890000000000253e-01 8.881219999999999670e-01 4.197000000000000210e-03
3.000000000000000000e+01 1.010000000000000000e+02 7.000000000000000000e+00 0.000000000000000000e+00 1.600000000000000089e+00 2.451000000000000054e-03 2.090699999999999850e-02 9.997779999999999445e-01 8.888350000000000417e-01 4.580759999999999832e-01 -1.175799999999999935e-02 -4.582209999999999894e-01 8.886669999999999847e-01 -1.745999999999999983e-02
3.000000000000000000e+00 2.500000000000000000e+01 8.000000000000000000e+00 0.000000000000000000e+00 1.600000000000000089e+00 -1.324000000000000090e-03 2.150000000000000001e-03 -9.999970000000000248e-01 4.436370000000000036e-01 8.962059999999999471e-01 1.340000000000000045e-03 8.962059999999999471e-01 -4.436329999999999996e-01 -2.139999999999999975e-03
1.100000000000000000e+01 2.500000000000000000e+01 8.000000000000000000e+00 0.000000000000000000e+00 1.600000000000000089e+00 -2.441000000000000027e-03 -4.414999999999999654e-03 -9.999869999999999592e-01 4.452479999999999771e-01 8.953929999999999945e-01 -5.041000000000000342e-03 8.954039999999999777e-01 -4.452539999999999831e-01 -2.200000000000000078e-04
1.400000000000000000e+01 2.500000000000000000e+01 8.000000000000000000e+00 0.000000000000000000e+00 1.600000000000000089e+00 -1.616000000000000032e-03 -4.219999999999999793e-03 -9.999900000000000455e-01 4.444850000000000190e-01 8.957749999999999879e-01 -4.498000000000000262e-03 8.957850000000000534e-01 -4.444879999999999942e-01 4.279999999999999950e-04
2.000000000000000000e+01 2.500000000000000000e+01 8.000000000000000000e+00 0.000000000000000000e+00 1.600000000000000089e+00 -1.448999999999999984e-03 -5.926999999999999977e-03 -9.999810000000000088e-01 4.459779999999999855e-01 8.950240000000000418e-01 -5.950999999999999693e-03 8.950430000000000330e-01 -4.459779999999999855e-01 1.347000000000000107e-03
3.000000000000000000e+01 2.500000000000000000e+01 8.000000000000000000e+00 0.000000000000000000e+00 1.600000000000000089e+00 -5.500000000000000331e-04 2.720000000000000195e-03 -9.999959999999999960e-01 4.480299999999999838e-01 8.940160000000000329e-01 2.184999999999999876e-03 8.940179999999999794e-01 -4.480270000000000086e-01 -1.709999999999999932e-03
4.000000000000000000e+00 2.400000000000000000e+01 9.000000000000000000e+00 0.000000000000000000e+00 1.600000000000000089e+00 -1.227000000000000009e-03 -3.145999999999999925e-03 -9.999940000000000495e-01 4.502410000000000023e-01 8.929009999999999447e-01 -3.361999999999999971e-03 8.929059999999999775e-01 -4.502419999999999756e-01 3.209999999999999963e-04
1.300000000000000000e+01 2.400000000000000000e+01 9.000000000000000000e+00 0.000000000000000000e+00 1.600000000000000089e+00 -1.466000000000000072e-03 -5.105000000000000163e-03 -9.999860000000000415e-01 4.501660000000000106e-01 8.929300000000000015e-01 -5.218000000000000416e-03 8.929439999999999600e-01 -4.501669999999999838e-01 9.890000000000000787e-04
2.100000000000000000e+01 2.400000000000000000e+01 9.000000000000000000e+00 0.000000000000000000e+00 1.600000000000000089e+00 -1.698000000000000074e-03 -8.111999999999999419e-03 -9.999660000000000215e-01 4.513730000000000242e-01 8.922989999999999533e-01 -8.004999999999999963e-03 8.923339999999999606e-01 -4.513719999999999954e-01 2.145999999999999904e-03
2.500000000000000000e+01 2.400000000000000000e+01 9.000000000000000000e+00 0.000000000000000000e+00 1.600000000000000089e+00 -1.755000000000000050e-03 -4.615000000000000178e-03 -9.999879999999999880e-01 4.516919999999999824e-01 8.921599999999999531e-01 -4.910000000000000302e-03 8.921719999999999651e-01 -4.516950000000000132e-01 5.190000000000000386e-04
3.000000000000000000e+01 2.400000000000000000e+01 9.000000000000000000e+00 0.000000000000000000e+00 1.600000000000000089e+00 -5.180000000000000143e-04 4.174999999999999892e-03 -9.999909999999999632e-01 4.540270000000000139e-01 8.909810000000000230e-01 3.484000000000000118e-03 8.909880000000000022e-01 -4.540210000000000079e-01 -2.357000000000000154e-03
5.000000000000000000e+00 3.100000000000000000e+01 1.200000000000000000e+01 0.000000000000000000e+00 1.600000000000000089e+00 -1.028999999999999967e-03 -1.585000000000000037e-03 9.999980000000000535e-01 -2.779999999999999811e-04 9.999989999999999712e-01 1.585000000000000037e-03 -9.999989999999999712e-01 -2.759999999999999867e-04 -1.030000000000000100e-03
1.500000000000000000e+01 3.100000000000000000e+01 1.200000000000000000e+01 0.000000000000000000e+00 1.600000000000000089e+00 8.769999999999999584e-04 -3.089999999999999756e-04 1.000000000000000000e+00 -1.856000000000000011e-03 9.999980000000000535e-01 3.099999999999999999e-04 -9.999980000000000535e-01 -1.856999999999999927e-03 8.760000000000000425e-04
2.200000000000000000e+01 3.100000000000000000e+01 1.200000000000000000e+01 0.000000000000000000e+00 1.600000000000000089e+00 2.400000000000000061e-05 -3.664000000000000156e-03 9.999930000000000208e-01 -3.322999999999999999e-03 9.999879999999999880e-01 3.664999999999999855e-03 -9.999940000000000495e-01 -3.322999999999999999e-03 1.200000000000000030e-05
1.600000000000000000e+01 3.500000000000000000e+01 1.200000000000000000e+01 0.000000000000000000e+00 1.600000000000000089e+00 3.458999999999999835e-03 -4.135999999999999920e-03 -9.999850000000000128e-01 5.726590000000000291e-01 -8.197759999999999492e-01 5.370999999999999906e-03 -8.197870000000000434e-01 -5.726689999999999836e-01 -4.670000000000000214e-04
2.100000000000000000e+01 3.500000000000000000e+01 1.200000000000000000e+01 0.000000000000000000e+00 1.600000000000000089e+00 5.800000000000000034e-04 -4.549000000000000092e-03 -9.999900000000000455e-01 5.539589999999999792e-01 -8.325339999999999963e-01 4.107999999999999673e-03 -8.325439999999999507e-01 -5.539549999999999752e-01 2.037000000000000182e-03
2.700000000000000000e+01 3.500000000000000000e+01 1.200000000000000000e+01 0.000000000000000000e+00 1.600000000000000089e+00 1.636000000000000084e-03 -7.135999999999999982e-03 -9.999730000000000008e-01 5.291040000000000187e-01 -8.485289999999999777e-01 6.921000000000000069e-03 -8.485559999999999770e-01 -5.291010000000000435e-01 2.387999999999999932e-03
9.000000000000000000e+00 3.200000000000000000e+01 1.400000000000000000e+01 0.000000000000000000e+00 1.600000000000000089e+00 -1.691000000000000012e-03 -8.432000000000000259e-03 -9.999630000000000463e-01 1.041959999999999970e-01 9.945199999999999596e-01 -8.562000000000000166e-03 9.945549999999999669e-01 -1.042059999999999931e-01 -8.030000000000000028e-04
7.000000000000000000e+00 1.200000000000000000e+01 1.500000000000000000e+01 0.000000000000000000e+00 1.600000000000000089e+00 8.260000000000000198e-04 4.375000000000000416e-03 -9.999900000000000455e-01 -4.695949999999999847e-01 -8.828709999999999614e-01 -4.250999999999999571e-03 -8.828810000000000269e-01 4.695940000000000114e-01 1.325000000000000006e-03
1.000000000000000000e+01 1.200000000000000000e+01 1.500000000000000000e+01 0.000000000000000000e+00 1.600000000000000089e+00 -1.036000000000000029e-03 7.375999999999999744e-03 -9.999719999999999720e-01 -4.661799999999999833e-01 -8.846690000000000387e-01 -6.042999999999999761e-03 -8.846899999999999764e-01 4.661600000000000188e-01 4.355000000000000364e-03
1.500000000000000000e+01 1.200000000000000000e+01 1.500000000000000000e+01 0.000000000000000000e+00 1.600000000000000089e+00 8.670000000000000406e-04 7.943999999999999673e-03 -9.999679999999999680e-01 -4.596210000000000018e-01 -8.880839999999999845e-01 -7.453999999999999689e-03 -8.881149999999999878e-01 4.596129999999999938e-01 2.880999999999999880e-03
2.000000000000000000e+01 1.200000000000000000e+01 1.500000000000000000e+01 0.000000000000000000e+00 1.600000000000000089e+00 -7.439999999999999782e-04 1.123200000000000066e-02 -9.999369999999999647e-01 -4.517559999999999909e-01 -8.920890000000000208e-01 -9.683999999999999900e-03 -8.921409999999999618e-01 4.517200000000000104e-01 5.738000000000000045e-03
2.600000000000000000e+01 1.200000000000000000e+01 1.500000000000000000e+01 0.000000000000000000e+00 1.600000000000000089e+00 -5.601000000000000076e-03 7.518000000000000377e-03 -9.999559999999999560e-01 -4.266989999999999950e-01 -9.043830000000000480e-01 -4.408999999999999725e-03 -9.043759999999999577e-01 4.266559999999999797e-01 8.273000000000000839e-03
1.000000000000000000e+00 1.160000000000000000e+02 1.600000000000000000e+01 0.000000000000000000e+00 1.600000000000000089e+00 -3.331000000000000193e-03 -8.059999999999999673e-04 9.999940000000000495e-01 8.170439999999999925e-01 5.765660000000000229e-01 3.186000000000000030e-03 -5.765649999999999942e-01 8.170500000000000540e-01 -1.262000000000000101e-03
8.000000000000000000e+00 1.160000000000000000e+02 1.600000000000000000e+01 0.000000000000000000e+00 1.600000000000000089e+00 -1.219999999999999974e-04 3.299999999999999982e-04 1.000000000000000000e+00 7.435770000000000435e-01 6.686499999999999666e-01 -1.299999999999999886e-04 -6.686499999999999666e-01 7.435770000000000435e-01 -3.269999999999999795e-04
1.300000000000000000e+01 1.160000000000000000e+02 1.600000000000000000e+01 0.000000000000000000e+00 1.600000000000000089e+00 -3.370000000000000057e-04 2.592000000000000120e-03 9.999970000000000248e-01 7.491579999999999906e-01 6.623890000000000056e-01 -1.464000000000000024e-03 -6.623909999999999521e-01 7.491550000000000153e-01 -2.165999999999999957e-03
2.900000000000000000e+01 1.160000000000000000e+02 1.600000000000000000e+01 0.000000000000000000e+00 1.600000000000000089e+00 1.469000000000000037e-03 -1.892999999999999934e-03 9.999970000000000248e-01 7.685920000000000529e-01 6.397399999999999753e-01 8.200000000000000095e-05 -6.397380000000000289e-01 7.685889999999999667e-01 2.394999999999999993e-03
4.000000000000000000e+00 2.000000000000000000e+00 1.900000000000000000e+01 0.000000000000000000e+00 1.600000000000000089e+00 -4.186999999999999750e-03 2.715499999999999858e-02 -9.996220000000000105e-01 2.400390000000000024e-01 -9.703770000000000451e-01 -2.736600000000000144e-02 -9.707540000000000058e-01 -2.400629999999999986e-01 -2.455000000000000151e-03
1.300000000000000000e+01 2.000000000000000000e+00 1.900000000000000000e+01 0.000000000000000000e+00 1.600000000000000089e+00 2.692699999999999955e-02 6.263699999999999823e-02 -9.976730000000000320e-01 2.352980000000000071e-01 -9.703899999999999748e-01 -5.457399999999999751e-02 -9.715500000000000247e-01 -2.332809999999999884e-01 -4.086800000000000155e-02
1.900000000000000000e+01 2.000000000000000000e+00 1.900000000000000000e+01 0.000000000000000000e+00 1.600000000000000089e+00 2.920700000000000032e-02 7.661900000000000654e-02 -9.966329999999999911e-01 2.897689999999999988e-01 -9.548919999999999630e-01 -6.491800000000000348e-02 -9.566510000000000291e-01 -2.868970000000000131e-01 -5.009099999999999664e-02
2.400000000000000000e+01 2.000000000000000000e+00 1.900000000000000000e+01 0.000000000000000000e+00 1.600000000000000089e+00 2.336200000000000082e-02 5.615900000000000059e-02 -9.981480000000000352e-01 3.257340000000000235e-01 -9.443650000000000100e-01 -4.550900000000000084e-02 -9.451730000000000409e-01 -3.240680000000000227e-01 -4.035500000000000198e-02
1.500000000000000000e+01 4.000000000000000000e+00 2.000000000000000000e+01 0.000000000000000000e+00 1.600000000000000089e+00 1.870899999999999994e-02 4.669899999999999746e-02 -9.987340000000000106e-01 4.009869999999999823e-01 -9.154039999999999955e-01 -3.529100000000000292e-02 -9.158929999999999572e-01 -3.998189999999999800e-01 -3.585200000000000192e-02
2.200000000000000000e+01 4.000000000000000000e+00 2.000000000000000000e+01 0.000000000000000000e+00 1.600000000000000089e+00 2.513400000000000009e-02 2.353799999999999989e-02 -9.994070000000000453e-01 3.664160000000000195e-01 -9.303649999999999975e-01 -1.269699999999999995e-02 -9.301120000000000498e-01 -3.658790000000000098e-01 -3.200900000000000273e-02
2.500000000000000000e+01 4.000000000000000000e+00 2.000000000000000000e+01 0.000000000000000000e+00 1.600000000000000089e+00 2.162000000000000033e-02 1.949700000000000044e-02 -9.995760000000000201e-01 3.585619999999999918e-01 -9.334470000000000267e-01 -1.045199999999999949e-02 -9.332549999999999457e-01 -3.581840000000000024e-01 -2.717200000000000171e-02
2.800000000000000000e+01 4.000000000000000000e+00 2.000000000000000000e+01 0.000000000000000000e+00 1.600000000000000089e+00 1.234900000000000060e-02 1.587999999999999828e-02 -9.997979999999999645e-01 3.551690000000000125e-01 -9.347440000000000193e-01 -1.046000000000000055e-02 -9.347210000000000241e-01 -3.549680000000000057e-01 -1.718300000000000036e-02
4.000000000000000000e+00 1.300000000000000000e+01 2.000000000000000000e+01 0.000000000000000000e+00 1.600000000000000089e+00 -9.470000000000000336e-04 -2.462999999999999912e-03 9.999970000000000248e-01 2.657959999999999767e-01 9.640260000000000495e-01 2.625999999999999862e-03 -9.640290000000000248e-01 2.657979999999999787e-01 -2.579999999999999828e-04
1.300000000000000000e+01 1.300000000000000000e+01 2.000000000000000000e+01 0.000000000000000000e+00 1.600000000000000089e+00 1.230000000000000082e-04 1.490000000000000005e-03 9.999989999999999712e-01 2.647189999999999821e-01 9.643239999999999590e-01 -1.469000000000000037e-03 -9.643260000000000165e-01 2.647189999999999821e-01 -2.750000000000000166e-04
1.900000000000000000e+01 1.300000000000000000e+01 2.000000000000000000e+01 0.000000000000000000e+00 1.600000000000000089e+00 3.130000000000000187e-04 5.230000000000000274e-04 1.000000000000000000e+00 2.626649999999999818e-01 9.648870000000000502e-01 -5.869999999999999567e-04 -9.648870000000000502e-01 2.626649999999999818e-01 1.649999999999999991e-04
2.400000000000000000e+01 1.300000000000000000e+01 2.000000000000000000e+01 0.000000000000000000e+00 1.600000000000000089e+00 2.469999999999999865e-04 1.276999999999999923e-03 9.999989999999999712e-01 2.612110000000000265e-01 9.652809999999999446e-01 -1.296999999999999976e-03 -9.652819999999999734e-01 2.612110000000000265e-01 -9.500000000000000523e-05
2.800000000000000000e+01 1.300000000000000000e+01 2.000000000000000000e+01 0.000000000000000000e+00 1.600000000000000089e+00 1.100000000000000039e-04 -2.683000000000000055e-03 9.999959999999999960e-01 2.628429999999999933e-01 9.648349999999999982e-01 2.559000000000000077e-03 -9.648390000000000022e-01 2.628409999999999913e-01 8.120000000000000048e-04
4.000000000000000000e+00 3.000000000000000000e+00 2.500000000000000000e+01 0.000000000000000000e+00 1.600000000000000089e+00 3.183000000000000065e-03 8.677000000000000685e-03 9.999569999999999848e-01 -2.068899999999999906e-02 -9.997479999999999700e-01 8.741000000000000505e-03 9.997810000000000308e-01 -2.071599999999999830e-02 -3.003000000000000027e-03
1.900000000000000000e+01 3.000000000000000000e+00 2.500000000000000000e+01 0.000000000000000000e+00 1.600000000000000089e+00 -1.230000000000000082e-04 1.344200000000000082e-02 9.999099999999999655e-01 -3.264800000000000341e-02 -9.993769999999999598e-01 1.342999999999999923e-02 9.994669999999999943e-01 -3.264399999999999941e-02 5.619999999999999996e-04
2.700000000000000000e+01 3.000000000000000000e+00 2.500000000000000000e+01 0.000000000000000000e+00 1.600000000000000089e+00 2.954000000000000029e-03 -3.510000000000000099e-03 9.999890000000000168e-01 -4.941999999999999865e-02 -9.987719999999999931e-01 -3.359000000000000007e-03 9.987740000000000506e-01 -4.941000000000000253e-02 -3.124000000000000041e-03
2.000000000000000000e+00 4.600000000000000000e+01 2.700000000000000000e+01 0.000000000000000000e+00 1.600000000000000089e+00 1.255999999999999955e-03 -3.719999999999999891e-04 -9.999989999999999712e-01 6.707429999999999781e-01 7.416899999999999604e-01 5.670000000000000127e-04 7.416890000000000427e-01 -6.707429999999999781e-01 1.180999999999999975e-03
2.400000000000000000e+01 4.600000000000000000e+01 2.700000000000000000e+01 0.000000000000000000e+00 1.600000000000000089e+00 -1.590999999999999966e-03 -9.899999999999999404e-05 -9.999989999999999712e-01 6.699540000000000495e-01 7.424020000000000064e-01 -1.139000000000000038e-03 7.424009999999999776e-01 -6.699549999999999672e-01 -1.115000000000000106e-03
2.100000000000000000e+01 4.600000000000000000e+01 3.000000000000000000e+01 0.000000000000000000e+00 1.600000000000000089e+00 -1.379999999999999933e-03 -1.758999999999999930e-03 -9.999970000000000248e-01 3.252430000000000043e-01 9.456280000000000241e-01 -2.112000000000000162e-03 9.456290000000000529e-01 -3.252450000000000063e-01 -7.330000000000000361e-04
2.000000000000000000e+00 5.800000000000000000e+01 3.100000000000000000e+01 0.000000000000000000e+00 1.600000000000000089e+00 2.588000000000000023e-03 6.308000000000000239e-03 9.999770000000000048e-01 -7.851669999999999483e-01 -6.192560000000000286e-01 5.938999999999999835e-03 6.192790000000000239e-01 -7.851639999999999731e-01 3.350000000000000113e-03
8.000000000000000000e+00 5.800000000000000000e+01 3.100000000000000000e+01 0.000000000000000000e+00 1.600000000000000089e+00 2.159999999999999919e-04 -7.519999999999999558e-04 1.000000000000000000e+00 -7.832449999999999690e-01 -6.217129999999999601e-01 -2.979999999999999793e-04 6.217129999999999601e-01 -7.832449999999999690e-01 -7.240000000000000342e-04
1.500000000000000000e+01 5.800000000000000000e+01 3.100000000000000000e+01 0.000000000000000000e+00 1.600000000000000089e+00 3.782999999999999904e-03 4.621000000000000107e-03 9.999820000000000375e-01 -7.781400000000000539e-01 -6.280630000000000379e-01 5.845999999999999634e-03 6.280790000000000539e-01 -7.781489999999999796e-01 1.219999999999999947e-03
2.500000000000000000e+01 5.800000000000000000e+01 3.100000000000000000e+01 0.000000000000000000e+00 1.600000000000000089e+00 -3.514999999999999895e-03 -1.796000000000000070e-03 9.999919999999999920e-01 -7.711550000000000349e-01 -6.366359999999999797e-01 -3.853999999999999787e-03 6.366380000000000372e-01 -7.711620000000000141e-01 8.530000000000000256e-04
2.900000000000000000e+01 5.800000000000000000e+01 3.100000000000000000e+01 0.000000000000000000e+00 1.600000000000000089e+00 2.648000000000000180e-03 -1.693999999999999976e-03 9.999949999999999672e-01 -7.686830000000000052e-01 -6.396290000000000031e-01 9.520000000000000467e-04 6.396239999999999704e-01 -7.686819999999999764e-01 -2.995999999999999965e-03
4.000000000000000000e+00 4.600000000000000000e+01 3.500000000000000000e+01 0.000000000000000000e+00 1.600000000000000089e+00 -7.680000000000000195e-04 -8.790000000000000070e-04 -9.999989999999999712e-01 3.899719999999999853e-01 -9.208260000000000334e-01 5.100000000000000366e-04 -9.208260000000000334e-01 -3.899719999999999853e-01 1.049999999999999935e-03
9.000000000000000000e+00 4.600000000000000000e+01 3.500000000000000000e+01 0.000000000000000000e+00 1.600000000000000089e+00 6.109999999999999980e-04 7.420000000000000380e-04 -1.000000000000000000e+00 3.911789999999999989e-01 -9.203139999999999654e-01 -4.440000000000000045e-04 -9.203139999999999654e-01 -3.911789999999999989e-01 -8.520000000000000013e-04
1.200000000000000000e+01 4.600000000000000000e+01 3.500000000000000000e+01 0.000000000000000000e+00 1.600000000000000089e+00 -1.430000000000000064e-04 2.742000000000000080e-03 -9.999959999999999960e-01 3.915409999999999724e-01 -9.201570000000000027e-01 -2.579000000000000129e-03 -9.201610000000000067e-01 -3.915399999999999991e-01 -9.420000000000000205e-04
1.600000000000000000e+01 4.600000000000000000e+01 3.500000000000000000e+01 0.000000000000000000e+00 1.600000000000000089e+00 -3.390000000000000001e-04 -2.500000000000000120e-05 -1.000000000000000000e+00 3.921350000000000113e-01 -9.199079999999999480e-01 -1.100000000000000039e-04 -9.199079999999999480e-01 -3.921350000000000113e-01 3.209999999999999963e-04
2.100000000000000000e+01 4.600000000000000000e+01 3.500000000000000000e+01 0.000000000000000000e+00 1.600000000000000089e+00 1.160000000000000007e-04 6.139999999999999625e-04 -1.000000000000000000e+00 3.938479999999999759e-01 -9.191759999999999931e-01 -5.190000000000000386e-04 -9.191759999999999931e-01 -3.938470000000000026e-01 -3.480000000000000020e-04
2.400000000000000000e+01 4.600000000000000000e+01 3.500000000000000000e+01 0.000000000000000000e+00 1.600000000000000089e+00 7.269999999999999987e-04 -3.000000000000000076e-05 -1.000000000000000000e+00 3.945250000000000146e-01 -9.188849999999999518e-01 3.139999999999999888e-04 -9.188849999999999518e-01 -3.945250000000000146e-01 -6.560000000000000076e-04
2.000000000000000000e+00 3.000000000000000000e+00 4.300000000000000000e+01 0.000000000000000000e+00 1.600000000000000089e+00 -5.629000000000000323e-03 -6.305999999999999973e-03 -9.999639999999999640e-01 7.414359999999999840e-01 -6.710230000000000361e-01 5.800000000000000034e-05 -6.710000000000000409e-01 -7.414089999999999847e-01 8.451999999999999444e-03
8.000000000000000000e+00 3.000000000000000000e+00 4.300000000000000000e+01 0.000000000000000000e+00 1.600000000000000089e+00 -1.082699999999999982e-02 -2.790000000000000119e-02 -9.995519999999999960e-01 7.361860000000000070e-01 -6.766919999999999602e-01 1.091400000000000009e-02 -6.766929999999999890e-01 -7.357380000000000031e-01 2.786599999999999841e-02
1.200000000000000000e+01 3.000000000000000000e+00 4.300000000000000000e+01 0.000000000000000000e+00 1.600000000000000089e+00 2.059999999999999928e-04 -3.480599999999999666e-02 -9.993940000000000046e-01 7.339379999999999793e-01 -6.787999999999999590e-01 2.379200000000000065e-02 -6.792169999999999597e-01 -7.334979999999999833e-01 2.540500000000000050e-02
1.800000000000000000e+01 3.000000000000000000e+00 4.300000000000000000e+01 0.000000000000000000e+00 1.600000000000000089e+00 -2.965999999999999887e-03 -3.588000000000000043e-03 -9.999890000000000168e-01 7.370400000000000285e-01 -6.758490000000000331e-01 2.390000000000000089e-04 -6.758429999999999715e-01 -7.370309999999999917e-01 4.649000000000000354e-03
2.300000000000000000e+01 3.000000000000000000e+00 4.300000000000000000e+01 0.000000000000000000e+00 1.600000000000000089e+00 1.232999999999999938e-03 5.604999999999999739e-03 -9.999839999999999840e-01 7.357839999999999936e-01 -6.772110000000000074e-01 -2.887999999999999942e-03 -6.772160000000000402e-01 -7.357679999999999776e-01 -4.958999999999999866e-03
7.000000000000000000e+00 2.900000000000000000e+01 4.400000000000000000e+01 0.000000000000000000e+00 1.600000000000000089e+00 -2.059999999999999928e-04 1.850000000000000082e-03 -9.999980000000000535e-01 6.479049999999999532e-01 7.617199999999999527e-01 1.276000000000000007e-03 7.617209999999999814e-01 -6.479040000000000354e-01 -1.355000000000000085e-03
1.500000000000000000e+01 2.900000000000000000e+01 4.400000000000000000e+01 0.000000000000000000e+00 1.600000000000000089e+00 -2.348999999999999960e-03 1.655999999999999920e-03 -9.999959999999999960e-01 6.506960000000000521e-01 7.593379999999999574e-01 -2.709999999999999735e-04 7.593339999999999534e-01 -6.506939999999999946e-01 -2.860999999999999828e-03
2.100000000000000000e+01 2.900000000000000000e+01 4.400000000000000000e+01 0.000000000000000000e+00 1.600000000000000089e+00 -1.765999999999999992e-03 2.224999999999999981e-03 -9.999959999999999960e-01 6.596889999999999699e-01 7.515389999999999571e-01 5.069999999999999637e-04 7.515370000000000106e-01 -6.596849999999999659e-01 -2.795000000000000175e-03
2.600000000000000000e+01 2.900000000000000000e+01 4.400000000000000000e+01 0.000000000000000000e+00 1.600000000000000089e+00 1.618000000000000081e-03 -6.509999999999999945e-04 -9.999980000000000535e-01 6.575239999999999974e-01 7.534330000000000194e-01 5.730000000000000501e-04 7.534319999999999906e-01 -6.575239999999999974e-01 1.647000000000000026e-03
3.000000000000000000e+01 2.900000000000000000e+01 4.400000000000000000e+01 0.000000000000000000e+00 1.600000000000000089e+00 -2.249999999999999938e-04 -8.689999999999999808e-04 -1.000000000000000000e+00 6.519559999999999800e-01 7.582560000000000411e-01 -8.059999999999999673e-04 7.582569999999999588e-01 -6.519559999999999800e-01 3.950000000000000061e-04
5.000000000000000000e+00 6.500000000000000000e+01 4.600000000000000000e+01 0.000000000000000000e+00 1.600000000000000089e+00 7.820000000000000345e-04 -4.402999999999999796e-03 9.999900000000000455e-01 6.817170000000000174e-01 -7.316059999999999786e-01 -3.753999999999999958e-03 7.316150000000000153e-01 6.817130000000000134e-01 2.429999999999999868e-03
2.800000000000000000e+01 6.500000000000000000e+01 4.600000000000000000e+01 0.000000000000000000e+00 1.600000000000000089e+00 -1.136000000000000074e-03 1.593000000000000015e-03 9.999980000000000535e-01 6.780920000000000281e-01 -7.349750000000000449e-01 1.941000000000000017e-03 7.349759999999999627e-01 6.780929999999999458e-01 -2.460000000000000164e-04
3.000000000000000000e+00 7.000000000000000000e+01 4.700000000000000000e+01 0.000000000000000000e+00 1.600000000000000089e+00 1.640000000000000019e-04 -9.879999999999999460e-04 -1.000000000000000000e+00 -8.425179999999999891e-01 -5.386680000000000357e-01 3.939999999999999817e-04 -5.386680000000000357e-01 8.425179999999999891e-01 -9.200000000000000278e-04
1.500000000000000000e+01 7.000000000000000000e+01 4.700000000000000000e+01 0.000000000000000000e+00 1.600000000000000089e+00 -8.499999999999999526e-04 -2.546999999999999785e-03 -9.999959999999999960e-01 -8.437240000000000295e-01 -5.367729999999999446e-01 2.083999999999999915e-03 -5.367760000000000309e-01 8.437230000000000008e-01 -1.693000000000000060e-03
4.000000000000000000e+00 5.000000000000000000e+00 5.100000000000000000e+01 0.000000000000000000e+00 1.600000000000000089e+00 1.533000000000000074e-03 -1.801000000000000083e-03 -9.999970000000000248e-01 4.725400000000000156e-01 -8.813060000000000338e-01 2.311000000000000120e-03 -8.813079999999999803e-01 -4.725420000000000176e-01 -5.000000000000000104e-04
1.000000000000000000e+01 5.000000000000000000e+00 5.100000000000000000e+01 0.000000000000000000e+00 1.600000000000000089e+00 -5.683999999999999816e-03 -1.337999999999999953e-02 -9.998939999999999495e-01 4.825760000000000050e-01 -8.758080000000000309e-01 8.975999999999999604e-03 -8.758359999999999479e-01 -4.824740000000000140e-01 1.143500000000000072e-02
1.500000000000000000e+01 5.000000000000000000e+00 5.100000000000000000e+01 0.000000000000000000e+00 1.600000000000000089e+00 -2.487000000000000061e-03 -2.701999999999999975e-03 -9.999930000000000208e-01 4.858279999999999821e-01 -8.740539999999999976e-01 1.154000000000000078e-03 -8.740510000000000224e-01 -4.858219999999999761e-01 3.485999999999999949e-03
1.900000000000000000e+01 5.000000000000000000e+00 5.100000000000000000e+01 0.000000000000000000e+00 1.600000000000000089e+00 -6.030000000000000204e-04 3.660000000000000059e-03 -9.999930000000000208e-01 4.896699999999999942e-01 -8.719010000000000371e-01 -3.485999999999999949e-03 -8.719080000000000163e-01 -4.896690000000000209e-01 -1.265999999999999981e-03
2.800000000000000000e+01 5.000000000000000000e+00 5.100000000000000000e+01 0.000000000000000000e+00 1.600000000000000089e+00 3.291000000000000088e-03 1.575299999999999964e-02 -9.998709999999999543e-01 4.831010000000000026e-01 -8.754800000000000360e-01 -1.220300000000000031e-02 -8.755589999999999762e-01 -4.829979999999999829e-01 -1.049199999999999959e-02
2.500000000000000000e+01 1.150000000000000000e+02 5.100000000000000000e+01 0.000000000000000000e+00 1.600000000000000089e+00 8.840000000000000201e-04 6.480000000000000300e-04 9.999989999999999712e-01 8.471739999999999826e-01 -5.313160000000000105e-01 -4.040000000000000080e-04 5.313149999999999817e-01 8.471739999999999826e-01 -1.018999999999999941e-03
1.500000000000000000e+01 7.000000000000000000e+00 5.200000000000000000e+01 0.000000000000000000e+00 1.600000000000000089e+00 -2.778999999999999786e-03 -8.700000000000000051e-04 -9.999959999999999960e-01 1.148939999999999961e-01 -9.933779999999999832e-01 5.450000000000000200e-04 -9.933739999999999792e-01 -1.148919999999999941e-01 2.860000000000000129e-03
7.000000000000000000e+00 6.300000000000000000e+01 5.400000000000000000e+01 0.000000000000000000e+00 1.600000000000000089e+00 1.407999999999999963e-03 2.467000000000000009e-03 9.999959999999999960e-01 -3.313639999999999919e-01 9.435010000000000341e-01 -1.861000000000000024e-03 -9.435019999999999518e-01 -3.313599999999999879e-01 2.145999999999999904e-03
1.300000000000000000e+01 6.300000000000000000e+01 5.400000000000000000e+01 0.000000000000000000e+00 1.600000000000000089e+00 -1.998999999999999909e-03 -4.769999999999999934e-04 9.999980000000000535e-01 -3.352089999999999792e-01 9.421439999999999815e-01 -2.200000000000000078e-04 -9.421410000000000062e-01 -3.352089999999999792e-01 -2.043000000000000111e-03
1.800000000000000000e+01 6.300000000000000000e+01 5.400000000000000000e+01 0.000000000000000000e+00 1.600000000000000089e+00 -1.418999999999999906e-03 -3.413999999999999934e-03 9.999930000000000208e-01 -3.448530000000000206e-01 9.386529999999999596e-01 2.714999999999999965e-03 -9.386550000000000171e-01 -3.448470000000000146e-01 -2.508999999999999946e-03
2.800000000000000000e+01 6.300000000000000000e+01 5.400000000000000000e+01 0.000000000000000000e+00 1.600000000000000089e+00 -3.499999999999999693e-05 7.470000000000000511e-04 1.000000000000000000e+00 -3.331109999999999904e-01 9.428870000000000307e-01 -7.159999999999999481e-04 -9.428870000000000307e-01 -3.331109999999999904e-01 2.159999999999999919e-04
1.100000000000000000e+01 2.500000000000000000e+01 5.500000000000000000e+01 0.000000000000000000e+00 1.600000000000000089e+00 -1.118000000000000070e-03 -1.257000000000000088e-03 -9.999989999999999712e-01 -9.409000000000000696e-03 -9.999550000000000383e-01 1.266999999999999897e-03 -9.999550000000000383e-01 9.409999999999999962e-03 1.105999999999999995e-03
2.200000000000000000e+01 2.600000000000000000e+01 5.500000000000000000e+01 0.000000000000000000e+00 1.600000000000000089e+00 -9.959999999999999236e-04 6.750000000000000357e-04 -9.999989999999999712e-01 -2.614599999999999910e-02 -9.996580000000000465e-01 -6.489999999999999459e-04 -9.996580000000000465e-01 2.614599999999999910e-02 1.013000000000000012e-03
2.300000000000000000e+01 6.800000000000000000e+01 5.700000000000000000e+01 0.000000000000000000e+00 1.600000000000000089e+00 -3.930000000000000117e-04 5.591999999999999749e-03 -9.999839999999999840e-01 -2.418170000000000042e-01 -9.703070000000000306e-01 -5.330999999999999801e-03 -9.703220000000000178e-01 2.418119999999999992e-01 1.734000000000000081e-03
1.000000000000000000e+00 2.100000000000000000e+01 6.000000000000000000e+01 0.000000000000000000e+00 1.600000000000000089e+00 -1.688999999999999963e-03 5.143000000000000002e-03 9.999850000000000128e-01 -8.928700000000000525e-02 9.959919999999999884e-01 -5.274000000000000042e-03 -9.960050000000000292e-01 -8.929499999999999937e-02 -1.222999999999999912e-03
6.000000000000000000e+00 2.100000000000000000e+01 6.000000000000000000e+01 0.000000000000000000e+00 1.600000000000000089e+00 -1.709000000000000016e-03 7.140000000000000079e-04 9.999980000000000535e-01 -8.918800000000000339e-02 9.960139999999999549e-01 -8.630000000000000518e-04 -9.960130000000000372e-01 -8.918900000000000439e-02 -1.639000000000000049e-03
1.200000000000000000e+01 2.100000000000000000e+01 6.000000000000000000e+01 0.000000000000000000e+00 1.600000000000000089e+00 1.400999999999999902e-03 1.099999999999999936e-02 9.999379999999999935e-01 -8.982900000000000607e-02 9.958979999999999499e-01 -1.082999999999999935e-02 -9.959559999999999524e-01 -8.980799999999999894e-02 2.383000000000000135e-03
1.600000000000000000e+01 2.100000000000000000e+01 6.000000000000000000e+01 0.000000000000000000e+00 1.600000000000000089e+00 8.012999999999999290e-03 -6.727999999999999606e-03 9.999449999999999728e-01 -9.233099999999999641e-02 9.957009999999999472e-01 7.440000000000000432e-03 -9.956960000000000255e-01 -9.238599999999999590e-02 7.357999999999999957e-03
2.300000000000000000e+01 2.100000000000000000e+01 6.000000000000000000e+01 0.000000000000000000e+00 1.600000000000000089e+00 -4.799999999999999580e-03 3.655999999999999962e-03 9.999820000000000375e-01 -9.464500000000000690e-02 9.955030000000000268e-01 -4.093000000000000284e-03 -9.954990000000000228e-01 -9.466299999999999715e-02 -4.432000000000000176e-03
1.000000000000000000e+01 3.000000000000000000e+00 6.300000000000000000e+01 0.000000000000000000e+00 1.600000000000000089e+00 -1.188999999999999953e-03 -8.776000000000000814e-03 9.999609999999999888e-01 -6.144190000000000484e-01 7.889559999999999906e-01 6.193999999999999853e-03 -7.889789999999999859e-01 -6.143870000000000164e-01 -6.329999999999999689e-03
1.000000000000000000e+00 2.700000000000000000e+01 6.300000000000000000e+01 0.000000000000000000e+00 1.600000000000000089e+00 4.969000000000000326e-03 1.611699999999999938e-02 9.998580000000000245e-01 -2.673730000000000273e-01 9.634890000000000398e-01 -1.420199999999999935e-02 -9.635799999999999921e-01 -2.672640000000000016e-01 9.096999999999999184e-03
6.000000000000000000e+00 2.700000000000000000e+01 6.300000000000000000e+01 0.000000000000000000e+00 1.600000000000000089e+00 -2.311000000000000120e-03 -6.002000000000000390e-03 9.999789999999999512e-01 -2.657439999999999802e-01 9.640300000000000535e-01 5.172000000000000382e-03 -9.640410000000000368e-01 -2.657260000000000177e-01 -3.823000000000000009e-03
1.400000000000000000e+01 2.700000000000000000e+01 6.300000000000000000e+01 0.000000000000000000e+00 1.600000000000000089e+00 1.224000000000000045e-03 -4.338999999999999975e-03 9.999900000000000455e-01 -2.736520000000000064e-01 9.618179999999999508e-01 4.507999999999999854e-03 -9.618280000000000163e-01 -2.736549999999999816e-01 -1.000000000000000082e-05
1.900000000000000000e+01 2.700000000000000000e+01 6.300000000000000000e+01 0.000000000000000000e+00 1.600000000000000089e+00 -1.386000000000000079e-03 -1.185000000000000072e-03 9.999980000000000535e-01 -2.825650000000000106e-01 9.592479999999999896e-01 7.450000000000000025e-04 -9.592469999999999608e-01 -2.825630000000000086e-01 -1.665000000000000030e-03
2.500000000000000000e+01 2.700000000000000000e+01 6.300000000000000000e+01 0.000000000000000000e+00 1.600000000000000089e+00 4.879999999999999898e-04 -3.955000000000000182e-03 9.999919999999999920e-01 -2.760329999999999728e-01 9.611399999999999944e-01 3.936000000000000262e-03 -9.611480000000000024e-01 -2.760319999999999996e-01 -6.220000000000000485e-04
2.800000000000000000e+01 2.700000000000000000e+01 6.300000000000000000e+01 0.000000000000000000e+00 1.600000000000000089e+00 4.299999999999999894e-04 -2.432999999999999833e-03 9.999970000000000248e-01 -2.733110000000000261e-01 9.619229999999999725e-01 2.458000000000000115e-03 -9.619259999999999478e-01 -2.733110000000000261e-01 -2.509999999999999753e-04
5.000000000000000000e+00 2.600000000000000000e+01 6.400000000000000000e+01 0.000000000000000000e+00 1.600000000000000089e+00 -3.539999999999999853e-04 -4.512000000000000385e-03 9.999900000000000455e-01 -3.463930000000000065e-01 9.380810000000000537e-01 4.109999999999999938e-03 -9.380899999999999794e-01 -3.463879999999999737e-01 -1.894999999999999983e-03
1.000000000000000000e+01 2.600000000000000000e+01 6.400000000000000000e+01 0.000000000000000000e+00 1.600000000000000089e+00 5.710000000000000015e-04 -1.342899999999999996e-02 9.999099999999999655e-01 -3.541119999999999823e-01 9.351159999999999473e-01 1.276099999999999977e-02 -9.352030000000000065e-01 -3.540869999999999851e-01 -4.220999999999999926e-03
1.900000000000000000e+01 2.600000000000000000e+01 6.400000000000000000e+01 0.000000000000000000e+00 1.600000000000000089e+00 -9.179999999999999792e-04 8.159999999999999936e-04 9.999989999999999712e-01 -3.670959999999999779e-01 9.301829999999999821e-01 -1.095999999999999969e-03 -9.301829999999999821e-01 -3.670959999999999779e-01 -5.540000000000000219e-04
2.400000000000000000e+01 2.600000000000000000e+01 6.400000000000000000e+01 0.000000000000000000e+00 1.600000000000000089e+00 -7.950000000000000252e-04 -6.782999999999999967e-03 9.999770000000000048e-01 -3.613520000000000065e-01 9.324099999999999611e-01 6.036999999999999832e-03 -9.324289999999999523e-01 -3.613390000000000213e-01 -3.193000000000000092e-03
2.900000000000000000e+01 2.600000000000000000e+01 6.400000000000000000e+01 0.000000000000000000e+00 1.600000000000000089e+00 4.119999999999999856e-04 -4.605999999999999851e-03 9.999890000000000168e-01 -3.603729999999999989e-01 9.327980000000000160e-01 4.445000000000000166e-03 -9.328079999999999705e-01 -3.603709999999999969e-01 -1.275000000000000092e-03
2.500000000000000000e+01 6.900000000000000000e+01 6.600000000000000000e+01 0.000000000000000000e+00 1.600000000000000089e+00 6.892999999999999822e-03 -2.069999999999999792e-03 9.999740000000000295e-01 -9.438839999999999453e-01 3.301979999999999915e-01 7.189000000000000078e-03 -3.302050000000000263e-01 -9.439089999999999980e-01 3.220000000000000206e-04
7.000000000000000000e+00 2.500000000000000000e+01 7.300000000000000000e+01 0.000000000000000000e+00 1.600000000000000089e+00 -3.481000000000000153e-03 8.033999999999999475e-03 9.999620000000000175e-01 7.536350000000000549e-01 -6.572459999999999969e-01 7.903999999999999568e-03 6.572839999999999794e-01 7.536340000000000261e-01 -3.765999999999999816e-03
1.200000000000000000e+01 2.500000000000000000e+01 7.300000000000000000e+01 0.000000000000000000e+00 1.600000000000000089e+00 -1.268000000000000030e-03 -7.012000000000000004e-03 9.999749999999999472e-01 7.445800000000000196e-01 -6.675229999999999775e-01 -3.736000000000000171e-03 6.675320000000000142e-01 7.445559999999999956e-01 6.067999999999999609e-03
1.800000000000000000e+01 2.500000000000000000e+01 7.300000000000000000e+01 0.000000000000000000e+00 1.600000000000000089e+00 5.589000000000000218e-03 2.844000000000000174e-03 9.999799999999999800e-01 7.503400000000000070e-01 -6.610479999999999690e-01 -2.314000000000000085e-03 6.610279999999999490e-01 7.503379999999999495e-01 -5.827999999999999847e-03
