8.000000000000000000e+00 2.500000000000000000e+01 1.000000000000000000e+00 0.000000000000000000e+00 1.600000000000000089e+00 -3.739999999999999835e-04 4.043999999999999852e-03 -9.999919999999999920e-01 -5.266699999999999715e-01 -8.500640000000000418e-01 -3.240999999999999957e-03 -8.500699999999999923e-01 5.266640000000000210e-01 2.448000000000000089e-03
1.900000000000000000e+01 2.500000000000000000e+01 1.000000000000000000e+00 0.000000000000000000e+00 1.600000000000000089e+00 -3.321000000000000167e-03 -5.910999999999999588e-03 -9.999770000000000048e-01 -5.233020000000000449e-01 -8.521210000000000173e-01 6.773999999999999640e-03 -8.521410000000000373e-01 5.233119999999999994e-01 -2.629999999999999959e-04
2.600000000000000000e+01 2.500000000000000000e+01 1.000000000000000000e+00 0.000000000000000000e+00 1.600000000000000089e+00 -1.479999999999999925e-04 -3.830000000000000071e-03 -9.999930000000000208e-01 -5.223670000000000258e-01 -8.527139999999999720e-01 3.343000000000000051e-03 -8.527200000000000335e-01 5.223640000000000505e-01 -1.874999999999999931e-03
2.000000000000000000e+00 1.500000000000000000e+01 4.000000000000000000e+00 0.000000000000000000e+00 1.600000000000000089e+00 -1.853999999999999962e-03 -7.529000000000000102e-03 9.999700000000000255e-01 3.154449999999999754e-01 -9.489210000000000145e-01 -6.559999999999999859e-03 9.489419999999999522e-01 3.154230000000000089e-01 4.133999999999999654e-03
1.000000000000000000e+01 1.500000000000000000e+01 4.000000000000000000e+00 0.000000000000000000e+00 1.600000000000000089e+00 -3.409999999999999945e-04 -5.814999999999999857e-03 9.999829999999999552e-01 3.105189999999999895e-01 -9.505519999999999525e-01 -5.421999999999999736e-03 9.505670000000000508e-01 3.105120000000000102e-01 2.128999999999999816e-03
1.700000000000000000e+01 1.500000000000000000e+01 4.000000000000000000e+00 0.000000000000000000e+00 1.600000000000000089e+00 3.105000000000000121e-03 -4.028999999999999596e-03 9.999869999999999592e-01 3.137360000000000149e-01 -9.494979999999999531e-01 -4.799999999999999580e-03 9.495050000000000434e-01 3.137469999999999981e-01 -1.683999999999999950e-03
2.200000000000000000e+01 1.500000000000000000e+01 4.000000000000000000e+00 0.000000000000000000e+00 1.600000000000000089e+00 -1.884000000000000041e-03 -7.523000000000000173e-03 9.999700000000000255e-01 3.103960000000000052e-01 -9.505850000000000133e-01 -6.566999999999999921e-03 9.506050000000000333e-01 3.103750000000000120e-01 4.126000000000000327e-03
2.800000000000000000e+01 1.500000000000000000e+01 4.000000000000000000e+00 0.000000000000000000e+00 1.600000000000000089e+00 6.610000000000000207e-04 4.847999999999999879e-03 9.999879999999999880e-01 3.089219999999999744e-01 -9.510769999999999502e-01 4.407000000000000327e-03 9.510870000000000157e-01 3.089149999999999952e-01 -2.125999999999999852e-03
6.000000000000000000e+00 1.600000000000000000e+01 4.000000000000000000e+00 0.000000000000000000e+00 1.600000000000000089e+00 -2.167000000000000089e-03 -5.767000000000000424e-03 9.999810000000000088e-01 3.876319999999999766e-01 -9.218030000000000390e-01 -4.477000000000000077e-03 9.218119999999999647e-01 3.876149999999999873e-01 4.232999999999999784e-03
8.000000000000000000e+00 1.010000000000000000e+02 7.000000000000000000e+00 0.000000000000000000e+00 1.600000000000000089e+00 -8.358000000000000845e-03 2.250299999999999870e-02 9.997120000000000450e-01 8.785070000000000379e-01 4.777159999999999740e-01 -3.409000000000000138e-03 -4.776560000000000250e-01 8.782259999999999511e-01 -2.376199999999999840e-02
1.500000000000000000e+01 1.010000000000000000e+02 7.000000000000000000e+00 0.000000000000000000e+00 1.600000000000000089e+00 3.570999999999999956e-03 -1.849999999999999973e-04 9.999940000000000495e-01 8.762940000000000174e-01 4.817670000000000008e-01 -3.040000000000000167e-03 -4.817640000000000255e-01 8.762990000000000501e-01 1.881999999999999992e-03
2.000000000000000000e+00 2.500000000000000000e+01 8.000000000000000000e+00 0.000000000000000000e+00 1.600000000000000089e+00 2.119999999999999923e-03 -9.296999999999999709e-03 -9.999550000000000383e-01 4.498690000000000189e-01 8.930639999999999690e-01 -7.348999999999999630e-03 8.930919999999999970e-01 -4.498329999999999829e-01 6.075999999999999804e-03
6.000000000000000000e+00 2.500000000000000000e+01 8.000000000000000000e+00 0.000000000000000000e+00 1.600000000000000089e+00 7.560000000000000530e-04 4.042999999999999719e-03 -9.999919999999999920e-01 4.491890000000000049e-01 8.934279999999999999e-01 3.951999999999999784e-03 8.934370000000000367e-01 -4.491879999999999762e-01 -1.139999999999999954e-03
9.000000000000000000e+00 2.500000000000000000e+01 8.000000000000000000e+00 0.000000000000000000e+00 1.600000000000000089e+00 8.679999999999999565e-04 6.486999999999999711e-03 -9.999789999999999512e-01 4.489139999999999797e-01 8.935530000000000417e-01 6.185999999999999659e-03 8.935739999999999794e-01 -4.489099999999999757e-01 -2.135999999999999878e-03
1.900000000000000000e+01 2.500000000000000000e+01 8.000000000000000000e+00 0.000000000000000000e+00 1.600000000000000089e+00 2.170000000000000054e-03 1.477799999999999947e-02 -9.998879999999999990e-01 4.486689999999999845e-01 8.935849999999999627e-01 1.417999999999999990e-02 8.936950000000000172e-01 -4.486499999999999932e-01 -4.690999999999999857e-03
2.700000000000000000e+01 2.500000000000000000e+01 8.000000000000000000e+00 0.000000000000000000e+00 1.600000000000000089e+00 1.630000000000000047e-04 3.690000000000000138e-03 -9.999930000000000208e-01 4.442220000000000057e-01 8.959099999999999842e-01 3.377999999999999926e-03 8.959169999999999634e-01 -4.442200000000000037e-01 -1.492999999999999969e-03
2.000000000000000000e+00 2.400000000000000000e+01 9.000000000000000000e+00 0.000000000000000000e+00 1.600000000000000089e+00 2.805999999999999901e-03 -6.918999999999999803e-03 -9.999719999999999720e-01 4.527510000000000145e-01 8.916239999999999721e-01 -4.898999999999999709e-03 8.916330000000000089e-01 -4.527240000000000153e-01 5.635000000000000252e-03
5.000000000000000000e+00 2.400000000000000000e+01 9.000000000000000000e+00 0.000000000000000000e+00 1.600000000000000089e+00 1.232999999999999938e-03 3.102999999999999856e-03 -9.999940000000000495e-01 4.523960000000000203e-01 8.918110000000000204e-01 3.324999999999999831e-03 8.918160000000000531e-01 -4.523969999999999936e-01 -3.040000000000000167e-04
9.000000000000000000e+00 2.400000000000000000e+01 9.000000000000000000e+00 0.000000000000000000e+00 1.600000000000000089e+00 6.589999999999999721e-04 7.441999999999999831e-03 -9.999719999999999720e-01 4.513559999999999794e-01 8.923170000000000268e-01 6.937999999999999723e-03 8.923440000000000261e-01 -4.513480000000000270e-01 -2.771000000000000026e-03
1.300000000000000000e+01 2.400000000000000000e+01 9.000000000000000000e+00 0.000000000000000000e+00 1.600000000000000089e+00 2.135999999999999878e-03 -1.010000000000000020e-04 -9.999980000000000535e-01 4.518519999999999759e-01 8.920919999999999961e-01 8.750000000000000182e-04 8.920900000000000496e-01 -4.518530000000000046e-01 1.951000000000000043e-03
1.900000000000000000e+01 2.400000000000000000e+01 9.000000000000000000e+00 0.000000000000000000e+00 1.600000000000000089e+00 2.193000000000000071e-03 1.303999999999999951e-02 -9.999130000000000518e-01 4.518139999999999934e-01 8.920230000000000103e-01 1.262399999999999980e-02 8.921099999999999586e-01 -4.518019999999999814e-01 -3.935000000000000130e-03
2.700000000000000000e+01 2.400000000000000000e+01 9.000000000000000000e+00 0.000000000000000000e+00 1.600000000000000089e+00 -1.500000000000000038e-05 3.847000000000000159e-03 -9.999930000000000208e-01 4.464839999999999920e-01 8.947850000000000525e-01 3.435999999999999818e-03 8.947910000000000030e-01 -4.464810000000000167e-01 -1.730999999999999900e-03
1.500000000000000000e+01 3.100000000000000000e+01 1.200000000000000000e+01 0.000000000000000000e+00 1.600000000000000089e+00 6.099999999999999872e-05 -1.703000000000000087e-03 9.999989999999999712e-01 -1.197400000000000027e-02 9.999270000000000103e-01 1.703000000000000087e-03 -9.999280000000000390e-01 -1.197400000000000027e-02 4.100000000000000047e-05
2.000000000000000000e+01 3.100000000000000000e+01 1.200000000000000000e+01 0.000000000000000000e+00 1.600000000000000089e+00 1.923999999999999929e-03 8.623999999999999722e-03 9.999609999999999888e-01 -1.140500000000000021e-02 9.998979999999999535e-01 -8.602000000000000271e-03 -9.999329999999999607e-01 -1.138800000000000055e-02 2.021999999999999926e-03
2.500000000000000000e+01 3.100000000000000000e+01 1.200000000000000000e+01 0.000000000000000000e+00 1.600000000000000089e+00 3.650000000000000033e-03 6.944999999999999785e-03 9.999689999999999968e-01 -6.477000000000000118e-03 9.999550000000000383e-01 -6.921000000000000069e-03 -9.999719999999999720e-01 -6.452000000000000270e-03 3.694999999999999934e-03
3.000000000000000000e+00 3.200000000000000000e+01 1.400000000000000000e+01 0.000000000000000000e+00 1.600000000000000089e+00 5.277999999999999706e-03 -6.224000000000000365e-03 -9.999670000000000503e-01 1.106440000000000062e-01 9.938439999999999497e-01 -5.602000000000000209e-03 9.938460000000000072e-01 -1.106110000000000010e-01 5.934000000000000039e-03
2.700000000000000000e+01 1.160000000000000000e+02 1.600000000000000000e+01 0.000000000000000000e+00 1.600000000000000089e+00 1.132999999999999893e-03 2.593999999999999952e-03 9.999959999999999960e-01 6.932319999999999593e-01 7.207099999999999618e-01 -2.654999999999999808e-03 -7.207139999999999658e-01 6.932319999999999593e-01 -9.810000000000001011e-04
7.000000000000000000e+00 2.000000000000000000e+00 1.900000000000000000e+01 0.000000000000000000e+00 1.600000000000000089e+00 -9.070000000000000371e-04 2.750000000000000166e-04 -1.000000000000000000e+00 1.782030000000000003e-01 -9.839940000000000353e-01 -4.319999999999999838e-04 -9.839930000000000065e-01 -1.782030000000000003e-01 8.429999999999999993e-04
1.400000000000000000e+01 2.000000000000000000e+00 1.900000000000000000e+01 0.000000000000000000e+00 1.600000000000000089e+00 -4.126999999999999592e-03 -4.942000000000000212e-03 -9.999789999999999512e-01 1.801470000000000016e-01 -9.836310000000000331e-01 4.118000000000000133e-03 -9.836310000000000331e-01 -1.801260000000000083e-01 4.950000000000000407e-03
2.100000000000000000e+01 2.000000000000000000e+00 1.900000000000000000e+01 0.000000000000000000e+00 1.600000000000000089e+00 -5.700000000000000314e-05 3.531999999999999983e-03 -9.999940000000000495e-01 1.808960000000000012e-01 -9.834960000000000369e-01 -3.484000000000000118e-03 -9.835019999999999873e-01 -1.808950000000000002e-01 -5.829999999999999679e-04
2.900000000000000000e+01 2.000000000000000000e+00 1.900000000000000000e+01 0.000000000000000000e+00 1.600000000000000089e+00 2.677999999999999825e-03 -8.319999999999999488e-04 -9.999959999999999960e-01 1.803520000000000123e-01 -9.836009999999999476e-01 1.301999999999999989e-03 -9.835990000000000011e-01 -1.803539999999999865e-01 -2.484000000000000097e-03
6.000000000000000000e+00 1.300000000000000000e+01 2.000000000000000000e+01 0.000000000000000000e+00 1.600000000000000089e+00 -2.500000000000000120e-05 -1.624000000000000010e-03 9.999989999999999712e-01 2.510220000000000229e-01 9.679799999999999516e-01 1.579000000000000108e-03 -9.679809999999999803e-01 2.510220000000000229e-01 3.829999999999999854e-04
1.100000000000000000e+01 1.300000000000000000e+01 2.000000000000000000e+01 0.000000000000000000e+00 1.600000000000000089e+00 -5.540000000000000219e-04 1.981000000000000122e-03 9.999980000000000535e-01 2.503110000000000057e-01 9.681640000000000246e-01 -1.779999999999999898e-03 -9.681650000000000533e-01 2.503099999999999770e-01 -1.031999999999999931e-03
1.500000000000000000e+01 1.300000000000000000e+01 2.000000000000000000e+01 0.000000000000000000e+00 1.600000000000000089e+00 -6.176000000000000066e-03 -1.093200000000000074e-02 9.999209999999999487e-01 2.501970000000000027e-01 9.681189999999999518e-01 1.213000000000000016e-02 -9.681750000000000078e-01 2.502519999999999745e-01 -3.243999999999999922e-03
2.100000000000000000e+01 1.300000000000000000e+01 2.000000000000000000e+01 0.000000000000000000e+00 1.600000000000000089e+00 5.099999999999999960e-05 2.866000000000000058e-03 9.999959999999999960e-01 2.537099999999999911e-01 9.672760000000000247e-01 -2.785000000000000149e-03 -9.672800000000000287e-01 2.537090000000000178e-01 -6.780000000000000002e-04
1.000000000000000000e+01 1.600000000000000000e+01 2.100000000000000000e+01 0.000000000000000000e+00 1.600000000000000089e+00 9.000000000000000228e-06 6.340000000000000149e-04 1.000000000000000000e+00 2.966860000000000053e-01 9.549750000000000183e-01 -6.080000000000000335e-04 -9.549750000000000183e-01 2.966860000000000053e-01 -1.800000000000000113e-04
1.500000000000000000e+01 1.600000000000000000e+01 2.100000000000000000e+01 0.000000000000000000e+00 1.600000000000000089e+00 -6.602000000000000229e-03 -1.034999999999999983e-02 9.999249999999999527e-01 2.973979999999999957e-01 9.546799999999999731e-01 1.184499999999999963e-02 -9.547309999999999963e-01 2.974539999999999962e-01 -3.225000000000000002e-03
2.000000000000000000e+01 1.600000000000000000e+01 2.100000000000000000e+01 0.000000000000000000e+00 1.600000000000000089e+00 -4.490000000000000176e-04 -2.519999999999999996e-04 1.000000000000000000e+00 2.993660000000000210e-01 9.541380000000000416e-01 3.750000000000000078e-04 -9.541380000000000416e-01 2.993660000000000210e-01 -3.530000000000000152e-04
2.600000000000000000e+01 1.600000000000000000e+01 2.100000000000000000e+01 0.000000000000000000e+00 1.600000000000000089e+00 5.931999999999999773e-03 1.112499999999999947e-02 9.999209999999999487e-01 2.987989999999999813e-01 9.542359999999999731e-01 -1.238900000000000071e-02 -9.542979999999999796e-01 2.988489999999999758e-01 2.335999999999999969e-03
4.000000000000000000e+00 3.000000000000000000e+00 2.500000000000000000e+01 0.000000000000000000e+00 1.600000000000000089e+00 -2.288000000000000103e-03 6.553999999999999930e-03 9.999759999999999760e-01 -2.956900000000000153e-02 -9.995420000000000416e-01 6.484000000000000180e-03 9.995600000000000041e-01 -2.955299999999999941e-02 2.480000000000000000e-03
1.700000000000000000e+01 3.000000000000000000e+00 2.500000000000000000e+01 0.000000000000000000e+00 1.600000000000000089e+00 8.812999999999999653e-03 -5.932999999999999906e-03 9.999440000000000550e-01 -3.450500000000000095e-02 -9.993889999999999718e-01 -5.624999999999999792e-03 9.993659999999999766e-01 -3.445299999999999752e-02 -9.011999999999999178e-03
7.000000000000000000e+00 4.600000000000000000e+01 2.700000000000000000e+01 0.000000000000000000e+00 1.600000000000000089e+00 8.559999999999999901e-04 -2.772000000000000158e-03 -9.999959999999999960e-01 6.761669999999999625e-01 7.367470000000000407e-01 -1.464000000000000024e-03 7.367479999999999585e-01 -6.761629999999999585e-01 2.504999999999999848e-03
4.000000000000000000e+00 4.600000000000000000e+01 3.000000000000000000e+01 0.000000000000000000e+00 1.600000000000000089e+00 1.554999999999999959e-03 -7.510000000000000399e-04 -9.999989999999999712e-01 3.408370000000000011e-01 9.401220000000000132e-01 -1.759999999999999954e-04 9.401209999999999845e-01 -3.408359999999999723e-01 1.717999999999999909e-03
1.900000000000000000e+01 4.600000000000000000e+01 3.000000000000000000e+01 0.000000000000000000e+00 1.600000000000000089e+00 8.599999999999999789e-04 3.310000000000000225e-04 -1.000000000000000000e+00 3.319949999999999846e-01 9.432810000000000361e-01 5.980000000000000072e-04 9.432810000000000361e-01 -3.319960000000000133e-01 7.010000000000000172e-04
2.400000000000000000e+01 4.600000000000000000e+01 3.000000000000000000e+01 0.000000000000000000e+00 1.600000000000000089e+00 -6.109999999999999980e-04 3.586999999999999911e-03 -9.999930000000000208e-01 3.338829999999999854e-01 9.426090000000000302e-01 3.177000000000000136e-03 9.426139999999999519e-01 -3.338789999999999814e-01 -1.773999999999999969e-03
1.000000000000000000e+00 1.800000000000000000e+01 3.400000000000000000e+01 0.000000000000000000e+00 1.600000000000000089e+00 1.649999999999999991e-04 1.041800000000000018e-02 -9.999460000000000015e-01 -2.969439999999999857e-01 -9.548419999999999686e-01 -9.997000000000000677e-03 -9.548950000000000493e-01 2.969300000000000272e-01 2.935999999999999808e-03
2.000000000000000000e+00 2.300000000000000000e+01 3.400000000000000000e+01 0.000000000000000000e+00 1.600000000000000089e+00 2.210900000000000018e-02 -1.204000000000000035e-02 9.996829999999999883e-01 3.723529999999999895e-01 -9.278880000000000461e-01 -1.941000000000000017e-02 9.278279999999999861e-01 3.726639999999999953e-01 -1.603100000000000011e-02
3.000000000000000000e+00 4.600000000000000000e+01 3.500000000000000000e+01 0.000000000000000000e+00 1.600000000000000089e+00 -8.440000000000000236e-04 -1.812000000000000026e-03 -9.999980000000000535e-01 3.909369999999999790e-01 -9.204160000000000119e-01 1.337999999999999997e-03 -9.204170000000000407e-01 -3.909349999999999770e-01 1.485999999999999908e-03
1.200000000000000000e+01 4.600000000000000000e+01 3.500000000000000000e+01 0.000000000000000000e+00 1.600000000000000089e+00 3.000000000000000076e-05 3.052000000000000025e-03 -9.999949999999999672e-01 3.905219999999999803e-01 -9.205889999999999906e-01 -2.798000000000000140e-03 -9.205940000000000234e-01 -3.905199999999999783e-01 -1.219000000000000031e-03
1.600000000000000000e+01 4.600000000000000000e+01 3.500000000000000000e+01 0.000000000000000000e+00 1.600000000000000089e+00 -2.356000000000000021e-03 1.544999999999999932e-03 -9.999959999999999960e-01 3.894750000000000156e-01 -9.210340000000000193e-01 -2.340000000000000066e-03 -9.210340000000000193e-01 -3.894790000000000196e-01 1.569000000000000082e-03
2.600000000000000000e+01 4.600000000000000000e+01 3.500000000000000000e+01 0.000000000000000000e+00 1.600000000000000089e+00 2.076999999999999853e-03 -1.866999999999999953e-03 -9.999959999999999960e-01 3.883650000000000158e-01 -9.215020000000000433e-01 2.527000000000000166e-03 -9.215029999999999610e-01 -3.883690000000000198e-01 -1.188000000000000037e-03
2.900000000000000000e+01 4.600000000000000000e+01 3.500000000000000000e+01 0.000000000000000000e+00 1.600000000000000089e+00 9.150000000000000147e-04 -4.719999999999999803e-04 -9.999989999999999712e-01 3.881569999999999743e-01 -9.215929999999999955e-01 7.900000000000000121e-04 -9.215929999999999955e-01 -3.881569999999999743e-01 -6.599999999999999964e-04
6.000000000000000000e+00 9.500000000000000000e+01 3.600000000000000000e+01 0.000000000000000000e+00 1.600000000000000089e+00 -3.503099999999999964e-02 -4.822900000000000104e-02 9.982220000000000537e-01 9.973319999999999963e-01 6.232300000000000340e-02 3.801100000000000312e-02 -6.404500000000000470e-02 9.968900000000000539e-01 4.591699999999999948e-02
1.600000000000000000e+01 9.500000000000000000e+01 3.600000000000000000e+01 0.000000000000000000e+00 1.600000000000000089e+00 1.662800000000000042e-02 1.568500000000000102e-02 9.997390000000000443e-01 9.981809999999999850e-01 5.769699999999999829e-02 -1.750799999999999926e-02 -5.795700000000000157e-02 9.982109999999999594e-01 -1.469699999999999999e-02
2.400000000000000000e+01 9.500000000000000000e+01 3.600000000000000000e+01 0.000000000000000000e+00 1.600000000000000089e+00 1.754400000000000057e-02 4.078199999999999881e-02 9.990139999999999576e-01 9.966350000000000486e-01 7.930399999999999949e-02 -2.074000000000000149e-02 -8.007200000000000428e-02 9.960160000000000124e-01 -3.925300000000000317e-02
7.000000000000000000e+00 6.500000000000000000e+01 4.600000000000000000e+01 0.000000000000000000e+00 1.600000000000000089e+00 1.605000000000000090e-03 1.064999999999999974e-03 9.999980000000000535e-01 6.797389999999999821e-01 -7.334540000000000504e-01 -3.089999999999999756e-04 7.334519999999999929e-01 6.797379999999999534e-01 -1.900999999999999912e-03
1.300000000000000000e+01 6.500000000000000000e+01 4.600000000000000000e+01 0.000000000000000000e+00 1.600000000000000089e+00 3.678999999999999979e-03 -1.209000000000000005e-03 9.999919999999999920e-01 6.798250000000000126e-01 -7.333669999999999911e-01 -3.387999999999999953e-03 7.333650000000000446e-01 6.798319999999999919e-01 -1.876000000000000063e-03
2.600000000000000000e+01 2.600000000000000000e+01 4.800000000000000000e+01 0.000000000000000000e+00 1.600000000000000089e+00 -2.860999999999999828e-03 -8.726200000000000623e-02 -9.961809999999999832e-01 -7.843700000000000672e-02 9.931360000000000188e-01 -8.676999999999999991e-02 9.969149999999999956e-01 7.788899999999999990e-02 -9.686000000000000165e-03
1.100000000000000000e+01 7.000000000000000000e+00 5.200000000000000000e+01 0.000000000000000000e+00 1.600000000000000089e+00 -3.526000000000000054e-03 -6.639999999999999852e-04 -9.999940000000000495e-01 8.307299999999999407e-02 -9.965429999999999566e-01 3.680000000000000003e-04 -9.965370000000000061e-01 -8.307100000000000595e-02 3.569000000000000124e-03
1.400000000000000000e+01 7.000000000000000000e+00 5.200000000000000000e+01 0.000000000000000000e+00 1.600000000000000089e+00 2.481999999999999831e-03 6.139999999999999625e-03 -9.999780000000000335e-01 8.252700000000000313e-02 -9.965709999999999846e-01 -5.913999999999999986e-03 -9.965859999999999719e-01 -8.251000000000000001e-02 -2.980000000000000010e-03
8.000000000000000000e+00 5.800000000000000000e+01 5.200000000000000000e+01 0.000000000000000000e+00 1.600000000000000089e+00 -3.800000000000000209e-05 -4.269000000000000225e-03 9.999909999999999632e-01 -6.253370000000000317e-01 7.803480000000000416e-01 3.308000000000000176e-03 -7.803550000000000209e-01 -6.253309999999999702e-01 -2.699000000000000010e-03
2.900000000000000000e+01 4.900000000000000000e+01 5.400000000000000000e+01 0.000000000000000000e+00 1.600000000000000089e+00 8.197100000000000219e-02 2.779300000000000104e-01 -9.570969999999999756e-01 1.532400000000000082e-02 -9.605669999999999487e-01 -2.776250000000000107e-01 -9.965169999999999861e-01 8.090999999999999234e-03 -8.299800000000000233e-02
5.000000000000000000e+00 6.300000000000000000e+01 5.400000000000000000e+01 0.000000000000000000e+00 1.600000000000000089e+00 -4.405000000000000061e-03 -1.413000000000000020e-02 9.998899999999999455e-01 -3.937640000000000029e-01 9.191430000000000433e-01 1.125400000000000011e-02 -9.192010000000000458e-01 -3.936720000000000219e-01 -9.613000000000000017e-03
8.000000000000000000e+00 6.300000000000000000e+01 5.400000000000000000e+01 0.000000000000000000e+00 1.600000000000000089e+00 -3.714999999999999986e-03 -7.255000000000000164e-03 9.999670000000000503e-01 -3.758190000000000142e-01 9.266780000000000017e-01 5.327000000000000138e-03 -9.266860000000000097e-01 -3.757869999999999822e-01 -6.170000000000000137e-03
1.100000000000000000e+01 6.300000000000000000e+01 5.400000000000000000e+01 0.000000000000000000e+00 1.600000000000000089e+00 -1.291000000000000047e-03 2.233999999999999875e-03 9.999970000000000248e-01 -3.667730000000000157e-01 9.303069999999999951e-01 -2.552000000000000015e-03 -9.303099999999999703e-01 -3.667750000000000177e-01 -3.820000000000000153e-04
1.600000000000000000e+01 6.300000000000000000e+01 5.400000000000000000e+01 0.000000000000000000e+00 1.600000000000000089e+00 7.899999999999999579e-05 3.158000000000000217e-03 9.999949999999999672e-01 -3.642520000000000202e-01 9.312960000000000127e-01 -2.912000000000000092e-03 -9.313000000000000167e-01 -3.642500000000000182e-01 1.224000000000000045e-03
2.200000000000000000e+01 6.300000000000000000e+01 5.400000000000000000e+01 0.000000000000000000e+00 1.600000000000000089e+00 -8.459999999999999638e-04 1.026999999999999918e-03 9.999989999999999712e-01 -3.633990000000000276e-01 9.316330000000000444e-01 -1.263999999999999933e-03 -9.316330000000000444e-01 -3.633990000000000276e-01 -4.139999999999999800e-04
2.500000000000000000e+01 6.300000000000000000e+01 5.400000000000000000e+01 0.000000000000000000e+00 1.600000000000000089e+00 4.510000000000000120e-04 1.650999999999999907e-03 9.999989999999999712e-01 -3.683330000000000215e-01 9.296929999999999916e-01 -1.368999999999999991e-03 -9.296940000000000204e-01 -3.683319999999999927e-01 1.026999999999999918e-03
3.000000000000000000e+01 6.300000000000000000e+01 5.400000000000000000e+01 0.000000000000000000e+00 1.600000000000000089e+00 1.882999999999999908e-03 -1.871999999999999966e-03 9.999959999999999960e-01 -3.717820000000000014e-01 9.283169999999999478e-01 2.438000000000000063e-03 -9.283179999999999765e-01 -3.717849999999999766e-01 1.051999999999999984e-03
1.400000000000000000e+01 2.600000000000000000e+01 5.500000000000000000e+01 0.000000000000000000e+00 1.600000000000000089e+00 1.449999999999999900e-03 -1.248999999999999893e-03 -9.999980000000000535e-01 -4.309799999999999742e-02 -9.990700000000000136e-01 1.185000000000000072e-03 -9.990700000000000136e-01 4.309700000000000336e-02 -1.502999999999999996e-03
4.000000000000000000e+00 3.500000000000000000e+01 5.700000000000000000e+01 0.000000000000000000e+00 1.600000000000000089e+00 9.375699999999999312e-02 -3.003739999999999744e-01 -9.492019999999999902e-01 -5.389479999999999826e-01 7.863160000000000149e-01 -3.020630000000000259e-01 8.371049999999999880e-01 5.398910000000000098e-01 -8.816300000000000525e-02
2.000000000000000000e+00 2.100000000000000000e+01 6.000000000000000000e+01 0.000000000000000000e+00 1.600000000000000089e+00 -8.390000000000000105e-04 -1.446999999999999936e-03 9.999989999999999712e-01 -9.241000000000000603e-02 9.957200000000000495e-01 1.363000000000000062e-03 -9.957209999999999672e-01 -9.240900000000000503e-02 -9.700000000000000505e-04
6.000000000000000000e+00 2.100000000000000000e+01 6.000000000000000000e+01 0.000000000000000000e+00 1.600000000000000089e+00 -3.849999999999999798e-04 8.399999999999999535e-05 1.000000000000000000e+00 -9.399599999999999622e-02 9.955730000000000413e-01 -1.200000000000000030e-04 -9.955730000000000413e-01 -9.399599999999999622e-02 -3.750000000000000078e-04
1.100000000000000000e+01 2.100000000000000000e+01 6.000000000000000000e+01 0.000000000000000000e+00 1.600000000000000089e+00 -6.660000000000000338e-04 -2.236999999999999839e-03 9.999970000000000248e-01 -9.475799999999999501e-02 9.954979999999999940e-01 2.162999999999999992e-03 -9.955000000000000515e-01 -9.475600000000000689e-02 -8.750000000000000182e-04
1.600000000000000000e+01 2.100000000000000000e+01 6.000000000000000000e+01 0.000000000000000000e+00 1.600000000000000089e+00 -7.990000000000000140e-04 -1.417000000000000074e-03 9.999989999999999712e-01 -9.528100000000000458e-02 9.954499999999999460e-01 1.333999999999999899e-03 -9.954499999999999460e-01 -9.528000000000000358e-02 -9.309999999999999699e-04
2.100000000000000000e+01 2.100000000000000000e+01 6.000000000000000000e+01 0.000000000000000000e+00 1.600000000000000089e+00 -1.060000000000000016e-04 3.066000000000000149e-03 9.999949999999999672e-01 -9.566800000000000304e-02 9.954089999999999883e-01 -3.062000000000000052e-03 -9.954129999999999923e-01 -9.566700000000000204e-02 1.879999999999999890e-04
2.600000000000000000e+01 2.100000000000000000e+01 6.000000000000000000e+01 0.000000000000000000e+00 1.600000000000000089e+00 9.899999999999999946e-04 8.248000000000000123e-03 9.999649999999999928e-01 -9.443200000000000205e-02 9.954979999999999940e-01 -8.116999999999999216e-03 -9.955310000000000548e-01 -9.442000000000000393e-02 1.763999999999999943e-03
3.000000000000000000e+01 2.100000000000000000e+01 6.000000000000000000e+01 0.000000000000000000e+00 1.600000000000000089e+00 -1.699999999999999905e-03 4.673000000000000070e-03 9.999879999999999880e-01 -9.506100000000000660e-02 9.954600000000000115e-01 -4.812999999999999570e-03 -9.954699999999999660e-01 -9.506799999999999973e-02 -1.247999999999999977e-03
1.200000000000000000e+01 6.700000000000000000e+01 6.000000000000000000e+01 0.000000000000000000e+00 1.600000000000000089e+00 -6.909999999999999910e-04 -4.093000000000000284e-03 9.999909999999999632e-01 1.807709999999999873e-01 -9.835180000000000033e-01 -3.899999999999999821e-03 9.835249999999999826e-01 1.807660000000000100e-01 1.418999999999999906e-03
1.200000000000000000e+01 2.700000000000000000e+01 6.300000000000000000e+01 0.000000000000000000e+00 1.600000000000000089e+00 -1.515999999999999986e-03 -1.332000000000000068e-03 9.999980000000000535e-01 -2.790679999999999827e-01 9.602709999999999857e-01 8.549999999999999658e-04 -9.602699999999999569e-01 -2.790670000000000095e-01 -1.827999999999999981e-03
1.800000000000000000e+01 2.700000000000000000e+01 6.300000000000000000e+01 0.000000000000000000e+00 1.600000000000000089e+00 -3.899999999999999929e-05 2.099000000000000171e-03 9.999980000000000535e-01 -2.801020000000000176e-01 9.599680000000000435e-01 -2.026000000000000023e-03 -9.599699999999999900e-01 -2.801020000000000176e-01 5.500000000000000331e-04
2.900000000000000000e+01 2.700000000000000000e+01 6.300000000000000000e+01 0.000000000000000000e+00 1.600000000000000089e+00 -1.245000000000000013e-03 4.429999999999999802e-04 9.999989999999999712e-01 -2.725600000000000245e-01 9.621380000000000488e-01 -7.649999999999999465e-04 -9.621380000000000488e-01 -2.725609999999999977e-01 -1.077000000000000049e-03
4.000000000000000000e+00 4.400000000000000000e+01 6.300000000000000000e+01 0.000000000000000000e+00 1.600000000000000089e+00 3.882000000000000034e-03 2.137299999999999964e-02 -9.997639999999999860e-01 -6.359369999999999745e-01 -7.715079999999999716e-01 -1.896199999999999969e-02 -7.717309999999999448e-01 6.358610000000000095e-01 1.059700000000000052e-02
1.000000000000000000e+01 4.400000000000000000e+01 6.300000000000000000e+01 0.000000000000000000e+00 1.600000000000000089e+00 -7.690000000000000438e-04 1.350000000000000071e-03 -9.999989999999999712e-01 -6.506579999999999586e-01 -7.593710000000000182e-01 -5.249999999999999676e-04 -7.593710000000000182e-01 6.506560000000000121e-01 1.461999999999999975e-03
1.500000000000000000e+01 4.400000000000000000e+01 6.300000000000000000e+01 0.000000000000000000e+00 1.600000000000000089e+00 3.089999999999999756e-04 1.238599999999999944e-02 -9.999230000000000063e-01 -6.599169999999999758e-01 -7.512790000000000301e-01 -9.509999999999999357e-03 -7.513389999999999791e-01 6.598690000000000389e-01 7.941999999999999407e-03
2.100000000000000000e+01 4.400000000000000000e+01 6.300000000000000000e+01 0.000000000000000000e+00 1.600000000000000089e+00 6.380000000000000037e-04 4.710999999999999910e-03 -9.999890000000000168e-01 -6.677269999999999595e-01 -7.443959999999999466e-01 -3.932999999999999864e-03 -7.444060000000000121e-01 6.677220000000000377e-01 2.671000000000000197e-03
2.500000000000000000e+01 4.400000000000000000e+01 6.300000000000000000e+01 0.000000000000000000e+00 1.600000000000000089e+00 8.911000000000000518e-03 2.225099999999999995e-02 -9.997129999999999628e-01 -6.745269999999999877e-01 -7.379090000000000371e-01 -2.243600000000000108e-02 -7.381969999999999921e-01 6.745330000000000492e-01 8.434000000000000524e-03
7.000000000000000000e+00 2.600000000000000000e+01 6.400000000000000000e+01 0.000000000000000000e+00 1.600000000000000089e+00 -7.550000000000000287e-04 -3.237999999999999993e-03 9.999949999999999672e-01 -3.683089999999999975e-01 9.296990000000000531e-01 2.733000000000000186e-03 -9.297029999999999461e-01 -3.683049999999999935e-01 -1.894999999999999983e-03
1.400000000000000000e+01 2.600000000000000000e+01 6.400000000000000000e+01 0.000000000000000000e+00 1.600000000000000089e+00 -2.269999999999999882e-03 -1.660999999999999933e-03 9.999959999999999960e-01 -3.720379999999999798e-01 9.282169999999999588e-01 6.980000000000000527e-04 -9.282150000000000123e-01 -3.720350000000000046e-01 -2.724999999999999992e-03
1.800000000000000000e+01 2.600000000000000000e+01 6.400000000000000000e+01 0.000000000000000000e+00 1.600000000000000089e+00 -8.890000000000000333e-04 3.210999999999999879e-03 9.999949999999999672e-01 -3.738609999999999989e-01 9.274790000000000534e-01 -3.311000000000000141e-03 -9.274839999999999751e-01 -3.738620000000000276e-01 3.759999999999999779e-04
2.200000000000000000e+01 2.600000000000000000e+01 6.400000000000000000e+01 0.000000000000000000e+00 1.600000000000000089e+00 1.250000000000000026e-03 5.648000000000000242e-03 9.999829999999999552e-01 -3.683949999999999725e-01 9.296569999999999556e-01 -4.791000000000000120e-03 -9.296689999999999676e-01 -3.683830000000000160e-01 3.242999999999999789e-03
2.800000000000000000e+01 2.600000000000000000e+01 6.400000000000000000e+01 0.000000000000000000e+00 1.600000000000000089e+00 -3.589999999999999984e-04 1.059999999999999961e-03 9.999989999999999712e-01 -3.610550000000000148e-01 9.325440000000000396e-01 -1.118000000000000070e-03 -9.325449999999999573e-01 -3.610550000000000148e-01 4.800000000000000122e-05
2.800000000000000000e+01 4.300000000000000000e+01 7.300000000000000000e+01 0.000000000000000000e+00 1.600000000000000089e+00 -3.464400000000000118e-02 -8.863999999999999657e-02 9.954610000000000403e-01 6.385899999999999910e-02 -9.942199999999999926e-01 -8.630699999999999483e-02 9.973570000000000491e-01 6.057900000000000090e-02 4.010400000000000076e-02
3.000000000000000000e+00 4.400000000000000000e+01 7.300000000000000000e+01 0.000000000000000000e+00 1.600000000000000089e+00 -6.579999999999999478e-04 1.111000000000000008e-03 9.999989999999999712e-01 5.755899999999999905e-02 -9.983410000000000339e-01 1.147000000000000016e-03 9.983419999999999517e-01 5.755899999999999905e-02 5.929999999999999941e-04
9.000000000000000000e+00 4.400000000000000000e+01 7.300000000000000000e+01 0.000000000000000000e+00 1.600000000000000089e+00 8.149999999999999693e-04 4.086000000000000222e-03 9.999909999999999632e-01 5.778799999999999909e-02 -9.983210000000000139e-01 4.031999999999999994e-03 9.983290000000000219e-01 5.778400000000000203e-02 -1.049999999999999935e-03
1.200000000000000000e+01 4.400000000000000000e+01 7.300000000000000000e+01 0.000000000000000000e+00 1.600000000000000089e+00 1.185999999999999988e-03 4.257999999999999632e-03 9.999900000000000455e-01 5.974999999999999756e-02 -9.982050000000000090e-01 4.179000000000000423e-03 9.982130000000000170e-01 5.974399999999999850e-02 -1.438000000000000042e-03
1.900000000000000000e+01 4.400000000000000000e+01 7.300000000000000000e+01 0.000000000000000000e+00 1.600000000000000089e+00 -1.371999999999999956e-03 -3.985999999999999960e-03 9.999909999999999632e-01 5.625700000000000145e-02 -9.984089999999999909e-01 -3.902000000000000086e-03 9.984150000000000524e-01 5.625100000000000239e-02 1.593999999999999931e-03
2.600000000000000000e+01 4.400000000000000000e+01 7.300000000000000000e+01 0.000000000000000000e+00 1.600000000000000089e+00 -3.383599999999999802e-02 -1.033850000000000047e-01 9.940660000000000052e-01 2.330099999999999880e-02 -9.944469999999999699e-01 -1.026320000000000010e-01 9.991560000000000441e-01 1.968999999999999917e-02 3.605699999999999877e-02
4.000000000000000000e+00 2.500000000000000000e+01 7.400000000000000000e+01 0.000000000000000000e+00 1.600000000000000089e+00 4.079999999999999968e-04 2.053000000000000137e-03 9.999980000000000535e-01 8.234120000000000328e-01 -5.674430000000000307e-01 8.289999999999999843e-04 5.674430000000000307e-01 8.234099999999999753e-01 -1.922000000000000097e-03
8.000000000000000000e+00 2.500000000000000000e+01 7.400000000000000000e+01 0.000000000000000000e+00 1.600000000000000089e+00 -6.899999999999999667e-04 -5.109999999999999525e-04 1.000000000000000000e+00 8.258240000000000025e-01 -5.639279999999999848e-01 2.820000000000000241e-04 5.639269999999999561e-01 8.258240000000000025e-01 8.109999999999999805e-04
1.300000000000000000e+01 2.500000000000000000e+01 7.400000000000000000e+01 0.000000000000000000e+00 1.600000000000000089e+00 -1.659999999999999963e-04 -4.769999999999999934e-04 1.000000000000000000e+00 8.242509999999999559e-01 -5.662239999999999496e-01 -1.330000000000000073e-04 5.662239999999999496e-01 8.242509999999999559e-01 4.870000000000000197e-04
1.700000000000000000e+01 2.500000000000000000e+01 7.400000000000000000e+01 0.000000000000000000e+00 1.600000000000000089e+00 2.798999999999999839e-03 -4.870000000000000197e-04 9.999959999999999960e-01 8.225139999999999674e-01 -5.687379999999999658e-01 -2.579000000000000129e-03 5.687370000000000481e-01 8.225179999999999714e-01 -1.191000000000000001e-03
2.100000000000000000e+01 2.500000000000000000e+01 7.400000000000000000e+01 0.000000000000000000e+00 1.600000000000000089e+00 5.010000000000000347e-04 2.799999999999999755e-04 1.000000000000000000e+00 8.232169999999999765e-01 -5.677269999999999817e-01 -2.530000000000000239e-04 5.677269999999999817e-01 8.232169999999999765e-01 -5.150000000000000498e-04
3.000000000000000000e+01 2.500000000000000000e+01 7.400000000000000000e+01 0.000000000000000000e+00 1.600000000000000089e+00 5.079000000000000181e-03 8.148999999999999994e-03 9.999540000000000095e-01 8.303629999999999622e-01 -5.572230000000000238e-01 3.229999999999999907e-04 5.572000000000000286e-01 8.303230000000000333e-01 -9.596999999999999628e-03
4.000000000000000000e+00 5.100000000000000000e+01 7.600000000000000000e+01 0.000000000000000000e+00 1.600000000000000089e+00 -1.234000000000000071e-03 9.160000000000000390e-04 -9.999989999999999712e-01 -4.009079999999999866e-01 -9.161179999999999879e-01 -3.449999999999999833e-04 -9.161169999999999591e-01 4.009070000000000134e-01 1.497999999999999983e-03
2.000000000000000000e+00 9.100000000000000000e+01 7.600000000000000000e+01 0.000000000000000000e+00 1.600000000000000089e+00 2.169999999999999891e-04 -9.399999999999999719e-04 1.000000000000000000e+00 3.733779999999999877e-01 -9.276790000000000314e-01 -9.529999999999999626e-04 9.276790000000000314e-01 3.733779999999999877e-01 1.499999999999999869e-04
7.000000000000000000e+00 9.100000000000000000e+01 7.600000000000000000e+01 0.000000000000000000e+00 1.600000000000000089e+00 -2.559999999999999884e-04 -1.706999999999999967e-03 9.999980000000000535e-01 3.763670000000000071e-01 -9.264700000000000157e-01 -1.484999999999999992e-03 9.264710000000000445e-01 3.763659999999999783e-01 8.800000000000000313e-04
1.500000000000000000e+01 9.100000000000000000e+01 7.600000000000000000e+01 0.000000000000000000e+00 1.600000000000000089e+00 -3.040000000000000167e-04 3.980000000000000248e-04 1.000000000000000000e+00 3.933320000000000149e-01 -9.193959999999999910e-01 4.850000000000000253e-04 9.193970000000000198e-01 3.933320000000000149e-01 1.230000000000000082e-04
2.000000000000000000e+01 9.100000000000000000e+01 7.600000000000000000e+01 0.000000000000000000e+00 1.600000000000000089e+00 6.120000000000000223e-04 -5.339999999999999695e-04 1.000000000000000000e+00 3.988849999999999896e-01 -9.170009999999999550e-01 -7.339999999999999520e-04 9.170009999999999550e-01 3.988849999999999896e-01 -3.480000000000000020e-04
2.800000000000000000e+01 9.100000000000000000e+01 7.600000000000000000e+01 0.000000000000000000e+00 1.600000000000000089e+00 6.509999999999999945e-04 1.386000000000000079e-03 9.999989999999999712e-01 3.980870000000000242e-01 -9.173470000000000235e-01 1.013000000000000012e-03 9.173480000000000523e-01 3.980850000000000222e-01 -1.149000000000000065e-03
1.200000000000000000e+01 4.400000000000000000e+01 8.300000000000000000e+01 0.000000000000000000e+00 1.600000000000000089e+00 5.029999999999999749e-04 -3.337000000000000122e-03 9.999940000000000495e-01 5.727419999999999733e-01 -8.197299999999999587e-01 -3.023000000000000079e-03 8.197360000000000202e-01 5.727400000000000269e-01 1.498999999999999898e-03
1.700000000000000000e+01 4.400000000000000000e+01 8.300000000000000000e+01 0.000000000000000000e+00 1.600000000000000089e+00 -1.304000000000000038e-03 -3.519999999999999908e-04 9.999989999999999712e-01 5.699199999999999822e-01 -8.216999999999999860e-01 4.550000000000000008e-04 8.216989999999999572e-01 5.699199999999999822e-01 1.271999999999999910e-03
