2.700000000000000000e+01 1.500000000000000000e+01 4.000000000000000000e+00 0.000000000000000000e+00 1.600000000000000089e+00 3.432999999999999854e-03 6.634000000000000140e-03 9.999719999999999720e-01 2.705670000000000019e-01 -9.626860000000000417e-01 5.458000000000000178e-03 9.626949999999999674e-01 2.705409999999999759e-01 -5.100000000000000366e-03
2.000000000000000000e+00 1.600000000000000000e+01 4.000000000000000000e+00 0.000000000000000000e+00 1.600000000000000089e+00 -1.817000000000000039e-03 -9.249999999999999542e-03 9.999559999999999560e-01 3.156109999999999749e-01 -9.488529999999999465e-01 -8.203999999999999487e-03 9.488870000000000360e-01 3.155819999999999736e-01 4.643000000000000425e-03
7.000000000000000000e+00 1.600000000000000000e+01 4.000000000000000000e+00 0.000000000000000000e+00 1.600000000000000089e+00 2.820000000000000024e-03 -1.389300000000000083e-02 9.999000000000000110e-01 3.132110000000000172e-01 -9.495789999999999509e-01 -1.407699999999999924e-02 9.496790000000000509e-01 3.132190000000000252e-01 1.673999999999999924e-03
1.000000000000000000e+01 1.600000000000000000e+01 4.000000000000000000e+00 0.000000000000000000e+00 1.600000000000000089e+00 2.570999999999999935e-03 -1.941299999999999970e-02 9.998080000000000300e-01 3.147380000000000178e-01 -9.489830000000000210e-01 -1.923599999999999963e-02 9.491749999999999909e-01 3.147280000000000078e-01 3.670000000000000085e-03
1.500000000000000000e+01 1.600000000000000000e+01 4.000000000000000000e+00 0.000000000000000000e+00 1.600000000000000089e+00 3.003000000000000027e-03 -2.052000000000000005e-02 9.997850000000000348e-01 3.214969999999999772e-01 -9.466909999999999492e-01 -2.039600000000000093e-02 9.469060000000000255e-01 3.214890000000000247e-01 3.753999999999999958e-03
2.500000000000000000e+01 1.600000000000000000e+01 4.000000000000000000e+00 0.000000000000000000e+00 1.600000000000000089e+00 2.958000000000000126e-03 -1.087000000000000076e-03 9.999949999999999672e-01 3.306600000000000095e-01 -9.437480000000000313e-01 -2.004000000000000139e-03 9.437449999999999450e-01 3.306640000000000135e-01 -2.432999999999999833e-03
3.000000000000000000e+00 1.010000000000000000e+02 7.000000000000000000e+00 0.000000000000000000e+00 1.600000000000000089e+00 3.386999999999999820e-03 6.689999999999999766e-03 9.999719999999999720e-01 8.851430000000000131e-01 4.652789999999999981e-01 -6.111000000000000112e-03 -4.653070000000000261e-01 8.851390000000000091e-01 -4.346000000000000037e-03
2.100000000000000000e+01 1.010000000000000000e+02 7.000000000000000000e+00 0.000000000000000000e+00 1.600000000000000089e+00 -7.200000000000000182e-05 7.399999999999999623e-05 1.000000000000000000e+00 8.848620000000000374e-01 4.658530000000000171e-01 2.900000000000000017e-05 -4.658530000000000171e-01 8.848620000000000374e-01 -9.799999999999999684e-05
2.400000000000000000e+01 1.010000000000000000e+02 7.000000000000000000e+00 0.000000000000000000e+00 1.600000000000000089e+00 9.129999999999999661e-04 2.350000000000000092e-03 9.999970000000000248e-01 8.844509999999999872e-01 4.666299999999999892e-01 -1.904000000000000093e-03 -4.666330000000000200e-01 8.844499999999999584e-01 -1.652000000000000040e-03
4.000000000000000000e+00 1.500000000000000000e+01 8.000000000000000000e+00 0.000000000000000000e+00 1.600000000000000089e+00 -4.217000000000000262e-03 -8.165000000000000382e-03 -9.999580000000000135e-01 -5.653329999999999744e-01 -8.248130000000000184e-01 9.119000000000000369e-03 -8.248520000000000296e-01 5.653470000000000439e-01 -1.137999999999999906e-03
7.000000000000000000e+00 1.500000000000000000e+01 8.000000000000000000e+00 0.000000000000000000e+00 1.600000000000000089e+00 -7.576000000000000269e-03 -1.145299999999999964e-02 -9.999059999999999615e-01 -5.656299999999999661e-01 -8.245449999999999724e-01 1.372999999999999915e-02 -8.246250000000000524e-01 5.656799999999999606e-01 -2.320000000000000014e-04
1.100000000000000000e+01 1.500000000000000000e+01 8.000000000000000000e+00 0.000000000000000000e+00 1.600000000000000089e+00 -7.979999999999999247e-03 -1.845099999999999865e-02 -9.997979999999999645e-01 -5.680720000000000214e-01 -8.227430000000000021e-01 1.971799999999999942e-02 -8.229400000000000048e-01 5.681150000000000366e-01 -3.915000000000000077e-03
1.500000000000000000e+01 1.500000000000000000e+01 8.000000000000000000e+00 0.000000000000000000e+00 1.600000000000000089e+00 -7.542000000000000093e-03 -2.197999999999999954e-02 -9.997300000000000075e-01 -5.715820000000000345e-01 -8.202409999999999979e-01 2.234600000000000128e-02 -8.205099999999999616e-01 5.715959999999999930e-01 -6.377999999999999989e-03
1.800000000000000000e+01 1.500000000000000000e+01 8.000000000000000000e+00 0.000000000000000000e+00 1.600000000000000089e+00 -7.078000000000000090e-03 -2.132300000000000167e-02 -9.997479999999999700e-01 -5.750530000000000364e-01 -8.178339999999999499e-01 2.151399999999999840e-02 -8.180859999999999799e-01 5.750600000000000156e-01 -6.472999999999999587e-03
2.300000000000000000e+01 1.500000000000000000e+01 8.000000000000000000e+00 0.000000000000000000e+00 1.600000000000000089e+00 -2.831000000000000183e-03 -5.484000000000000159e-03 -9.999810000000000088e-01 -5.790530000000000399e-01 -8.152669999999999639e-01 6.109999999999999980e-03 -8.152850000000000374e-01 5.790589999999999904e-01 -8.670000000000000406e-04
2.700000000000000000e+01 1.500000000000000000e+01 8.000000000000000000e+00 0.000000000000000000e+00 1.600000000000000089e+00 -7.470000000000000511e-04 7.015000000000000402e-03 -9.999749999999999472e-01 -5.798959999999999670e-01 -8.146729999999999805e-01 -5.282000000000000237e-03 -8.146900000000000253e-01 5.798780000000000046e-01 4.676999999999999734e-03
4.000000000000000000e+00 2.600000000000000000e+01 8.000000000000000000e+00 0.000000000000000000e+00 1.600000000000000089e+00 1.789000000000000009e-03 9.131999999999999493e-03 -9.999569999999999848e-01 4.235709999999999753e-01 9.058180000000000121e-01 9.029999999999999832e-03 9.058610000000000273e-01 -4.235689999999999733e-01 -2.246999999999999865e-03
9.000000000000000000e+00 2.600000000000000000e+01 8.000000000000000000e+00 0.000000000000000000e+00 1.600000000000000089e+00 5.780999999999999681e-03 2.561000000000000082e-02 -9.996549999999999603e-01 4.206389999999999851e-01 9.068650000000000322e-01 2.566600000000000131e-02 9.072099999999999609e-01 -4.206420000000000159e-01 -5.530000000000000193e-03
1.200000000000000000e+01 2.600000000000000000e+01 8.000000000000000000e+00 0.000000000000000000e+00 1.600000000000000089e+00 6.945999999999999917e-03 2.131200000000000108e-02 -9.997489999999999988e-01 4.174390000000000045e-01 9.084320000000000173e-01 2.226600000000000107e-02 9.086779999999999857e-01 -4.174889999999999990e-01 -2.586999999999999890e-03
1.800000000000000000e+01 2.600000000000000000e+01 8.000000000000000000e+00 0.000000000000000000e+00 1.600000000000000089e+00 6.747999999999999658e-03 2.270600000000000049e-02 -9.997190000000000243e-01 4.125889999999999835e-01 9.106149999999999523e-01 2.346699999999999828e-02 9.108920000000000350e-01 -4.126319999999999988e-01 -3.223000000000000170e-03
2.600000000000000000e+01 2.600000000000000000e+01 8.000000000000000000e+00 0.000000000000000000e+00 1.600000000000000089e+00 6.890000000000000508e-04 -9.210000000000000521e-04 -9.999989999999999712e-01 4.093450000000000144e-01 9.123799999999999688e-01 -5.590000000000000351e-04 9.123799999999999688e-01 -4.093439999999999857e-01 1.005999999999999950e-03
1.900000000000000000e+01 2.400000000000000000e+01 9.000000000000000000e+00 0.000000000000000000e+00 1.600000000000000089e+00 7.335000000000000374e-03 2.423499999999999960e-02 -9.996789999999999843e-01 4.667979999999999907e-01 8.840139999999999665e-01 2.485599999999999962e-02 8.843330000000000357e-01 -4.668309999999999960e-01 -4.828999999999999959e-03
2.300000000000000000e+01 2.400000000000000000e+01 9.000000000000000000e+00 0.000000000000000000e+00 1.600000000000000089e+00 4.545000000000000429e-03 1.334399999999999996e-02 -9.999010000000000398e-01 4.636440000000000006e-01 8.859120000000000328e-01 1.392999999999999967e-02 8.860099999999999643e-01 -4.636609999999999898e-01 -2.160000000000000028e-03
8.000000000000000000e+00 3.100000000000000000e+01 1.200000000000000000e+01 0.000000000000000000e+00 1.600000000000000089e+00 1.641000000000000097e-03 1.988000000000000184e-03 9.999970000000000248e-01 -1.483300000000000070e-02 9.998879999999999990e-01 -1.964000000000000034e-03 -9.998890000000000278e-01 -1.482900000000000017e-02 1.670999999999999959e-03
1.400000000000000000e+01 3.100000000000000000e+01 1.200000000000000000e+01 0.000000000000000000e+00 1.600000000000000089e+00 1.028999999999999967e-03 1.374000000000000004e-03 9.999989999999999712e-01 -1.338499999999999933e-02 9.999090000000000478e-01 -1.360000000000000098e-03 -9.999099999999999655e-01 -1.338400000000000006e-02 1.048000000000000103e-03
2.100000000000000000e+01 3.100000000000000000e+01 1.200000000000000000e+01 0.000000000000000000e+00 1.600000000000000089e+00 -4.949999999999999973e-04 5.237999999999999601e-03 9.999860000000000415e-01 -8.942000000000000295e-03 9.999460000000000015e-01 -5.242000000000000132e-03 -9.999599999999999600e-01 -8.944999999999999826e-03 -4.490000000000000176e-04
2.700000000000000000e+01 3.100000000000000000e+01 1.200000000000000000e+01 0.000000000000000000e+00 1.600000000000000089e+00 -3.040000000000000167e-04 4.800000000000000122e-04 1.000000000000000000e+00 -6.570999999999999584e-03 9.999780000000000335e-01 -4.820000000000000066e-04 -9.999780000000000335e-01 -6.570999999999999584e-03 -3.009999999999999980e-04
6.000000000000000000e+00 1.200000000000000000e+01 1.500000000000000000e+01 0.000000000000000000e+00 1.600000000000000089e+00 -3.989999999999999623e-03 -6.348999999999999609e-03 -9.999719999999999720e-01 -4.688069999999999737e-01 -8.832689999999999708e-01 7.479000000000000405e-03 -8.832910000000000483e-01 4.688240000000000185e-01 5.479999999999999845e-04
1.600000000000000000e+01 1.200000000000000000e+01 1.500000000000000000e+01 0.000000000000000000e+00 1.600000000000000089e+00 -4.276000000000000287e-03 -6.048000000000000424e-03 -9.999730000000000008e-01 -4.737439999999999984e-01 -8.806319999999999704e-01 7.352000000000000028e-03 -8.806519999999999904e-01 4.737629999999999897e-01 8.999999999999999754e-04
2.100000000000000000e+01 1.200000000000000000e+01 1.500000000000000000e+01 0.000000000000000000e+00 1.600000000000000089e+00 -2.102000000000000136e-03 -4.225999999999999722e-03 -9.999890000000000168e-01 -4.733319999999999750e-01 -8.808709999999999596e-01 4.717999999999999972e-03 -8.808810000000000251e-01 4.733370000000000077e-01 -1.489999999999999897e-04
2.600000000000000000e+01 1.200000000000000000e+01 1.500000000000000000e+01 0.000000000000000000e+00 1.600000000000000089e+00 -1.098000000000000018e-03 3.282999999999999894e-03 -9.999940000000000495e-01 -4.739450000000000052e-01 -8.805509999999999726e-01 -2.370000000000000145e-03 -8.805539999999999479e-01 4.739389999999999992e-01 2.523000000000000069e-03
3.000000000000000000e+00 2.000000000000000000e+00 1.900000000000000000e+01 0.000000000000000000e+00 1.600000000000000089e+00 -8.779999999999999827e-04 -2.341999999999999898e-03 -9.999970000000000248e-01 1.460370000000000001e-01 -9.892769999999999619e-01 2.188999999999999974e-03 -9.892790000000000195e-01 -1.460349999999999981e-01 1.211000000000000054e-03
1.300000000000000000e+01 2.000000000000000000e+00 1.900000000000000000e+01 0.000000000000000000e+00 1.600000000000000089e+00 2.286999999999999970e-03 -3.569999999999999823e-03 -9.999909999999999632e-01 1.546269999999999867e-01 -9.879649999999999821e-01 3.880999999999999901e-03 -9.879700000000000149e-01 -1.546349999999999947e-01 -1.706999999999999967e-03
1.700000000000000000e+01 2.000000000000000000e+00 1.900000000000000000e+01 0.000000000000000000e+00 1.600000000000000089e+00 2.968999999999999851e-03 -1.206699999999999960e-02 -9.999230000000000063e-01 1.606539999999999913e-01 -9.869329999999999492e-01 1.238700000000000044e-02 -9.870060000000000500e-01 -1.606779999999999875e-01 -9.920000000000000432e-04
2.000000000000000000e+01 2.000000000000000000e+00 1.900000000000000000e+01 0.000000000000000000e+00 1.600000000000000089e+00 3.173000000000000039e-03 -5.028999999999999616e-03 -9.999820000000000375e-01 1.642510000000000081e-01 -9.864030000000000298e-01 5.481999999999999894e-03 -9.864129999999999843e-01 -1.642659999999999954e-01 -2.304000000000000058e-03
2.500000000000000000e+01 2.000000000000000000e+00 1.900000000000000000e+01 0.000000000000000000e+00 1.600000000000000089e+00 -5.500000000000000331e-04 9.653999999999999387e-03 -9.999529999999999808e-01 1.658920000000000117e-01 -9.860970000000000013e-01 -9.610999999999999752e-03 -9.861440000000000206e-01 -1.658890000000000087e-01 -1.059000000000000045e-03
2.900000000000000000e+01 2.000000000000000000e+00 1.900000000000000000e+01 0.000000000000000000e+00 1.600000000000000089e+00 4.789999999999999879e-04 9.957999999999999838e-03 -9.999500000000000055e-01 1.657510000000000094e-01 -9.861199999999999966e-01 -9.740999999999999659e-03 -9.861680000000000446e-01 -1.657379999999999964e-01 -2.122000000000000188e-03
2.000000000000000000e+01 4.000000000000000000e+00 2.000000000000000000e+01 0.000000000000000000e+00 1.600000000000000089e+00 4.542000000000000030e-03 -5.499000000000000415e-03 -9.999749999999999472e-01 2.569790000000000130e-01 -9.663950000000000040e-01 6.480999999999999782e-03 -9.664059999999999873e-01 -2.570020000000000082e-01 -2.975999999999999913e-03
2.800000000000000000e+01 4.000000000000000000e+00 2.000000000000000000e+01 0.000000000000000000e+00 1.600000000000000089e+00 -1.410000000000000120e-04 6.957999999999999775e-03 -9.999759999999999760e-01 2.524199999999999777e-01 -9.675939999999999541e-01 -6.768999999999999843e-03 -9.676179999999999781e-01 -2.524150000000000005e-01 -1.619999999999999912e-03
7.000000000000000000e+00 1.300000000000000000e+01 2.000000000000000000e+01 0.000000000000000000e+00 1.600000000000000089e+00 1.113999999999999973e-03 5.080000000000000314e-03 9.999869999999999592e-01 2.530080000000000107e-01 9.674500000000000322e-01 -5.197000000000000230e-03 -9.674639999999999906e-01 2.530100000000000127e-01 -2.069999999999999900e-04
1.300000000000000000e+01 1.300000000000000000e+01 2.000000000000000000e+01 0.000000000000000000e+00 1.600000000000000089e+00 2.699999999999999899e-05 3.602000000000000167e-03 9.999940000000000495e-01 2.521510000000000140e-01 9.676820000000000421e-01 -3.493000000000000011e-03 -9.676879999999999926e-01 2.521490000000000120e-01 -8.819999999999999715e-04
2.000000000000000000e+01 1.300000000000000000e+01 2.000000000000000000e+01 0.000000000000000000e+00 1.600000000000000089e+00 -8.570000000000000144e-04 8.379999999999999862e-04 9.999989999999999712e-01 2.557590000000000141e-01 9.667400000000000437e-01 -5.910000000000000539e-04 -9.667400000000000437e-01 2.557579999999999854e-01 -1.043000000000000090e-03
2.300000000000000000e+01 1.300000000000000000e+01 2.000000000000000000e+01 0.000000000000000000e+00 1.600000000000000089e+00 -1.191000000000000001e-03 -5.490000000000000088e-04 9.999989999999999712e-01 2.569290000000000185e-01 9.664300000000000113e-01 8.360000000000000460e-04 -9.664300000000000113e-01 2.569299999999999917e-01 -1.010000000000000047e-03
1.300000000000000000e+01 1.600000000000000000e+01 2.100000000000000000e+01 0.000000000000000000e+00 1.600000000000000089e+00 -5.789999999999999791e-04 -1.126999999999999964e-03 9.999989999999999712e-01 2.979430000000000134e-01 9.545829999999999593e-01 1.247999999999999977e-03 -9.545829999999999593e-01 2.979439999999999866e-01 -2.169999999999999891e-04
2.500000000000000000e+01 1.600000000000000000e+01 2.100000000000000000e+01 0.000000000000000000e+00 1.600000000000000089e+00 -1.881999999999999992e-03 -5.169999999999999899e-04 9.999980000000000535e-01 2.995499999999999829e-01 9.540800000000000392e-01 1.056999999999999997e-03 -9.540790000000000104e-01 2.995510000000000117e-01 -1.641000000000000097e-03
2.000000000000000000e+00 4.600000000000000000e+01 2.700000000000000000e+01 0.000000000000000000e+00 1.600000000000000089e+00 2.788000000000000114e-03 -1.747999999999999988e-03 -9.999949999999999672e-01 6.654029999999999667e-01 7.464840000000000364e-01 5.500000000000000331e-04 7.464790000000000036e-01 -6.654010000000000202e-01 3.245000000000000055e-03
9.000000000000000000e+00 4.600000000000000000e+01 2.700000000000000000e+01 0.000000000000000000e+00 1.600000000000000089e+00 1.226000000000000093e-03 2.148999999999999869e-03 -9.999970000000000248e-01 6.776269999999999794e-01 7.354009999999999714e-01 2.410999999999999949e-03 7.354039999999999466e-01 -6.776280000000000081e-01 -5.550000000000000462e-04
1.300000000000000000e+01 4.600000000000000000e+01 2.700000000000000000e+01 0.000000000000000000e+00 1.600000000000000089e+00 1.905000000000000009e-03 1.309000000000000051e-03 -9.999970000000000248e-01 6.852190000000000225e-01 7.283340000000000369e-01 2.259000000000000157e-03 7.283349999999999547e-01 -6.852209999999999690e-01 4.899999999999999842e-04
1.600000000000000000e+01 4.600000000000000000e+01 2.700000000000000000e+01 0.000000000000000000e+00 1.600000000000000089e+00 1.763000000000000027e-03 3.119999999999999944e-04 -9.999980000000000535e-01 6.846179999999999488e-01 7.289010000000000211e-01 1.435000000000000078e-03 7.288999999999999924e-01 -6.846189999999999776e-01 1.072000000000000036e-03
4.000000000000000000e+00 4.600000000000000000e+01 3.000000000000000000e+01 0.000000000000000000e+00 1.600000000000000089e+00 9.979999999999999722e-04 -2.739999999999999923e-04 -9.999989999999999712e-01 3.227720000000000034e-01 9.464770000000000127e-01 6.299999999999999990e-05 9.464759999999999840e-01 -3.227720000000000034e-01 1.033000000000000064e-03
8.000000000000000000e+00 4.600000000000000000e+01 3.000000000000000000e+01 0.000000000000000000e+00 1.600000000000000089e+00 -6.009999999999999717e-04 6.530000000000000431e-04 -1.000000000000000000e+00 3.314810000000000256e-01 9.434620000000000228e-01 4.159999999999999744e-04 9.434620000000000228e-01 -3.314810000000000256e-01 -7.829999999999999504e-04
1.500000000000000000e+01 4.600000000000000000e+01 3.000000000000000000e+01 0.000000000000000000e+00 1.600000000000000089e+00 1.735999999999999913e-03 1.572999999999999962e-03 -9.999970000000000248e-01 3.372680000000000122e-01 9.414059999999999651e-01 2.066000000000000128e-03 9.414069999999999938e-01 -3.372709999999999875e-01 1.103999999999999947e-03
1.900000000000000000e+01 4.600000000000000000e+01 3.000000000000000000e+01 0.000000000000000000e+00 1.600000000000000089e+00 -4.650000000000000270e-04 2.599999999999999840e-05 -1.000000000000000000e+00 3.349869999999999792e-01 9.422230000000000327e-01 -1.310000000000000129e-04 9.422230000000000327e-01 -3.349869999999999792e-01 -4.470000000000000232e-04
4.000000000000000000e+00 5.800000000000000000e+01 3.100000000000000000e+01 0.000000000000000000e+00 1.600000000000000089e+00 -9.269999999999999811e-04 -3.335999999999999990e-03 9.999940000000000495e-01 -7.711109999999999909e-01 -6.366950000000000109e-01 -2.838999999999999944e-03 6.367009999999999614e-01 -7.711090000000000444e-01 -1.981999999999999821e-03
1.200000000000000000e+01 5.800000000000000000e+01 3.100000000000000000e+01 0.000000000000000000e+00 1.600000000000000089e+00 -2.467000000000000009e-03 -5.320000000000000293e-04 9.999970000000000248e-01 -7.780679999999999819e-01 -6.281759999999999566e-01 -2.252999999999999794e-03 6.281750000000000389e-01 -7.780709999999999571e-01 1.136000000000000074e-03
1.800000000000000000e+01 5.800000000000000000e+01 3.100000000000000000e+01 0.000000000000000000e+00 1.600000000000000089e+00 -9.730000000000000151e-04 1.706000000000000051e-03 9.999980000000000535e-01 -7.848789999999999933e-01 -6.196490000000000054e-01 2.939999999999999905e-04 6.196479999999999766e-01 -7.848779999999999646e-01 1.941999999999999933e-03
2.300000000000000000e+01 5.800000000000000000e+01 3.100000000000000000e+01 0.000000000000000000e+00 1.600000000000000089e+00 -2.406999999999999851e-03 -2.371999999999999977e-03 9.999940000000000495e-01 -7.875010000000000066e-01 -6.163039999999999630e-01 -3.357999999999999874e-03 6.163089999999999957e-01 -7.875050000000000106e-01 -3.849999999999999798e-04
2.900000000000000000e+01 5.800000000000000000e+01 3.100000000000000000e+01 0.000000000000000000e+00 1.600000000000000089e+00 -5.185999999999999638e-03 4.769999999999999934e-04 9.999860000000000415e-01 -7.907960000000000544e-01 -6.120679999999999454e-01 -3.808999999999999886e-03 6.120579999999999909e-01 -7.908049999999999802e-01 3.552000000000000036e-03
7.000000000000000000e+00 6.000000000000000000e+00 3.200000000000000000e+01 0.000000000000000000e+00 1.600000000000000089e+00 -3.190000000000000019e-04 3.937000000000000395e-03 -9.999919999999999920e-01 1.995589999999999864e-01 9.798780000000000268e-01 3.794000000000000063e-03 9.798860000000000348e-01 -1.995560000000000112e-01 -1.098000000000000018e-03
2.800000000000000000e+01 2.200000000000000000e+01 3.400000000000000000e+01 0.000000000000000000e+00 1.600000000000000089e+00 2.269999999999999882e-03 4.355999999999999629e-03 9.999879999999999880e-01 3.792849999999999833e-01 -9.252749999999999586e-01 3.170000000000000075e-03 9.252770000000000161e-01 3.792730000000000268e-01 -3.752999999999999826e-03
2.800000000000000000e+01 4.300000000000000000e+01 3.400000000000000000e+01 0.000000000000000000e+00 1.600000000000000089e+00 1.863999999999999988e-03 -4.603999999999999586e-03 -9.999879999999999880e-01 -3.311330000000000107e-01 9.435710000000000486e-01 -4.962000000000000265e-03 9.435820000000000318e-01 3.311379999999999879e-01 2.339999999999999958e-04
2.000000000000000000e+00 4.600000000000000000e+01 3.500000000000000000e+01 0.000000000000000000e+00 1.600000000000000089e+00 6.790000000000000245e-04 -3.634000000000000077e-03 -9.999930000000000208e-01 3.863719999999999932e-01 -9.223360000000000447e-01 3.614000000000000025e-03 -9.223430000000000240e-01 -3.863719999999999932e-01 7.770000000000000214e-04
9.000000000000000000e+00 4.600000000000000000e+01 3.500000000000000000e+01 0.000000000000000000e+00 1.600000000000000089e+00 -1.820000000000000057e-04 5.140999999999999737e-03 -9.999869999999999592e-01 3.875549999999999828e-01 -9.218340000000000423e-01 -4.810000000000000039e-03 -9.218469999999999720e-01 -3.875509999999999788e-01 -1.825000000000000016e-03
1.400000000000000000e+01 4.600000000000000000e+01 3.500000000000000000e+01 0.000000000000000000e+00 1.600000000000000089e+00 -6.790000000000000245e-04 -6.220000000000000485e-04 -1.000000000000000000e+00 3.876749999999999918e-01 -9.217959999999999487e-01 3.099999999999999999e-04 -9.217959999999999487e-01 -3.876749999999999918e-01 8.670000000000000406e-04
1.900000000000000000e+01 4.600000000000000000e+01 3.500000000000000000e+01 0.000000000000000000e+00 1.600000000000000089e+00 1.150000000000000035e-04 -1.100000000000000039e-04 -1.000000000000000000e+00 3.877519999999999856e-01 -9.217640000000000278e-01 1.459999999999999981e-04 -9.217640000000000278e-01 -3.877519999999999856e-01 -6.299999999999999990e-05
2.400000000000000000e+01 4.600000000000000000e+01 3.500000000000000000e+01 0.000000000000000000e+00 1.600000000000000089e+00 4.209999999999999875e-04 1.804000000000000048e-03 -9.999980000000000535e-01 3.876040000000000041e-01 -9.218250000000000055e-01 -1.500000000000000031e-03 -9.218260000000000343e-01 -3.876029999999999753e-01 -1.087000000000000076e-03
6.000000000000000000e+00 9.500000000000000000e+01 3.600000000000000000e+01 0.000000000000000000e+00 1.600000000000000089e+00 6.056999999999999884e-03 1.065299999999999928e-02 9.999249999999999527e-01 9.965530000000000221e-01 8.266500000000000237e-02 -6.917000000000000405e-03 -8.273300000000000098e-02 9.965199999999999614e-01 -1.011599999999999999e-02
9.000000000000000000e+00 9.500000000000000000e+01 3.600000000000000000e+01 0.000000000000000000e+00 1.600000000000000089e+00 3.555000000000000000e-03 2.785999999999999848e-03 9.999900000000000455e-01 9.961170000000000302e-01 8.795699999999999352e-02 -3.787000000000000002e-03 -8.796700000000000352e-02 9.961200000000000054e-01 -2.462000000000000213e-03
1.400000000000000000e+01 9.500000000000000000e+01 3.600000000000000000e+01 0.000000000000000000e+00 1.600000000000000089e+00 -2.491999999999999858e-03 -4.974000000000000123e-03 9.999850000000000128e-01 9.960550000000000237e-01 8.869199999999999307e-02 2.922999999999999817e-03 -8.870500000000000607e-02 9.960470000000000157e-01 4.734000000000000360e-03
2.200000000000000000e+01 9.500000000000000000e+01 3.600000000000000000e+01 0.000000000000000000e+00 1.600000000000000089e+00 -2.183000000000000045e-03 1.899000000000000080e-03 9.999959999999999960e-01 9.964129999999999932e-01 8.459999999999999465e-02 2.014999999999999864e-03 -8.459600000000000453e-02 9.964129999999999932e-01 -2.076999999999999853e-03
2.600000000000000000e+01 9.500000000000000000e+01 3.600000000000000000e+01 0.000000000000000000e+00 1.600000000000000089e+00 -9.459000000000000394e-03 -1.722299999999999873e-02 9.998070000000000013e-01 9.966850000000000431e-01 8.063199999999999534e-02 1.081900000000000049e-02 -8.080299999999999983e-02 9.965950000000000086e-01 1.640300000000000091e-02
8.000000000000000000e+00 3.000000000000000000e+00 4.300000000000000000e+01 0.000000000000000000e+00 1.600000000000000089e+00 3.860999999999999849e-03 1.356500000000000067e-02 -9.999010000000000398e-01 7.298350000000000115e-01 -6.835919999999999774e-01 -6.455999999999999933e-03 -6.836119999999999974e-01 -7.297379999999999978e-01 -1.253899999999999980e-02
1.100000000000000000e+01 3.000000000000000000e+00 4.300000000000000000e+01 0.000000000000000000e+00 1.600000000000000089e+00 -1.858000000000000059e-03 -7.440000000000000432e-03 -9.999710000000000543e-01 7.302939999999999987e-01 -6.831230000000000357e-01 3.726000000000000145e-03 -6.831300000000000150e-01 -7.302659999999999707e-01 6.702999999999999757e-03
2.400000000000000000e+01 3.000000000000000000e+00 4.300000000000000000e+01 0.000000000000000000e+00 1.600000000000000089e+00 2.017000000000000130e-03 1.164500000000000084e-02 -9.999299999999999855e-01 7.328040000000000109e-01 -6.804090000000000416e-01 -6.446000000000000341e-03 -6.804360000000000408e-01 -7.327399999999999469e-01 -9.905999999999999875e-03
1.000000000000000000e+00 8.000000000000000000e+00 4.400000000000000000e+01 0.000000000000000000e+00 1.600000000000000089e+00 2.467000000000000009e-03 9.116000000000000839e-03 9.999550000000000383e-01 -7.701280000000000348e-01 -6.378430000000000488e-01 7.714999999999999636e-03 6.378850000000000353e-01 -7.701130000000000475e-01 5.446999999999999585e-03
1.300000000000000000e+01 8.000000000000000000e+00 4.400000000000000000e+01 0.000000000000000000e+00 1.600000000000000089e+00 2.488000000000000194e-03 -2.790000000000000054e-04 9.999970000000000248e-01 -7.779730000000000256e-01 -6.282950000000000479e-01 1.760000000000000063e-03 6.282929999999999904e-01 -7.779749999999999721e-01 -1.779999999999999898e-03
1.000000000000000000e+01 2.900000000000000000e+01 4.400000000000000000e+01 0.000000000000000000e+00 1.600000000000000089e+00 3.861999999999999982e-03 3.572000000000000088e-03 -9.999860000000000415e-01 6.714409999999999545e-01 7.410390000000000033e-01 5.239999999999999866e-03 7.410480000000000400e-01 -6.714520000000000488e-01 4.629999999999999784e-04
1.600000000000000000e+01 2.900000000000000000e+01 4.400000000000000000e+01 0.000000000000000000e+00 1.600000000000000089e+00 8.099999999999999561e-04 5.394000000000000357e-03 -9.999850000000000128e-01 6.758950000000000236e-01 7.369839999999999725e-01 4.523000000000000111e-03 7.369970000000000132e-01 -6.758889999999999620e-01 -3.049000000000000061e-03
2.200000000000000000e+01 2.900000000000000000e+01 4.400000000000000000e+01 0.000000000000000000e+00 1.600000000000000089e+00 -2.394999999999999993e-03 2.649999999999999903e-04 -9.999970000000000248e-01 6.813719999999999777e-01 7.319360000000000310e-01 -1.438000000000000042e-03 7.319329999999999448e-01 -6.813740000000000352e-01 -1.933999999999999955e-03
2.600000000000000000e+01 2.900000000000000000e+01 4.400000000000000000e+01 0.000000000000000000e+00 1.600000000000000089e+00 -6.939999999999999555e-04 2.892000000000000039e-03 -9.999959999999999960e-01 6.786849999999999827e-01 7.344270000000000520e-01 1.652999999999999955e-03 7.344289999999999985e-01 -6.786809999999999787e-01 -2.471999999999999805e-03
1.300000000000000000e+01 6.500000000000000000e+01 4.600000000000000000e+01 0.000000000000000000e+00 1.600000000000000089e+00 -2.407999999999999984e-03 1.788000000000000093e-03 9.999959999999999960e-01 6.843069999999999986e-01 -7.291879999999999473e-01 2.952000000000000197e-03 7.291900000000000048e-01 6.843110000000000026e-01 5.320000000000000293e-04
4.000000000000000000e+00 5.000000000000000000e+00 5.100000000000000000e+01 0.000000000000000000e+00 1.600000000000000089e+00 6.710000000000000469e-04 9.362000000000000530e-03 -9.999559999999999560e-01 4.730480000000000240e-01 -8.810010000000000341e-01 -7.931000000000000549e-03 -8.810369999999999591e-01 -4.730219999999999980e-01 -5.020000000000000157e-03
1.400000000000000000e+01 5.000000000000000000e+00 5.100000000000000000e+01 0.000000000000000000e+00 1.600000000000000089e+00 -2.171999999999999886e-03 8.838999999999999635e-03 -9.999590000000000423e-01 4.771730000000000138e-01 -8.787650000000000183e-01 -8.803999999999999326e-03 -8.788059999999999761e-01 -4.771730000000000138e-01 -2.308999999999999855e-03
2.400000000000000000e+01 5.000000000000000000e+00 5.100000000000000000e+01 0.000000000000000000e+00 1.600000000000000089e+00 1.846999999999999901e-03 1.860000000000000108e-03 -9.999970000000000248e-01 4.894749999999999934e-01 -8.720170000000000421e-01 -7.179999999999999967e-04 -8.720149999999999846e-01 -4.894720000000000182e-01 -2.520999999999999804e-03
4.000000000000000000e+00 6.300000000000000000e+01 5.400000000000000000e+01 0.000000000000000000e+00 1.600000000000000089e+00 -9.299999999999999727e-05 6.740000000000000114e-04 1.000000000000000000e+00 -3.546900000000000053e-01 9.349840000000000373e-01 -6.629999999999999609e-04 -9.349840000000000373e-01 -3.546900000000000053e-01 1.520000000000000084e-04
8.000000000000000000e+00 6.300000000000000000e+01 5.400000000000000000e+01 0.000000000000000000e+00 1.600000000000000089e+00 -6.980000000000000527e-04 1.033999999999999980e-03 9.999989999999999712e-01 -3.516599999999999726e-01 9.361270000000000424e-01 -1.213000000000000102e-03 -9.361279999999999601e-01 -3.516610000000000014e-01 -2.900000000000000017e-04
1.300000000000000000e+01 6.300000000000000000e+01 5.400000000000000000e+01 0.000000000000000000e+00 1.600000000000000089e+00 2.359999999999999902e-04 -1.567999999999999949e-03 9.999989999999999712e-01 -3.490800000000000014e-01 9.370920000000000361e-01 1.551999999999999994e-03 -9.370929999999999538e-01 -3.490800000000000014e-01 -3.260000000000000094e-04
1.900000000000000000e+01 6.300000000000000000e+01 5.400000000000000000e+01 0.000000000000000000e+00 1.600000000000000089e+00 1.242999999999999964e-03 -1.404999999999999999e-03 9.999980000000000535e-01 -3.433740000000000125e-01 9.391969999999999485e-01 1.745999999999999939e-03 -9.391979999999999773e-01 -3.433749999999999858e-01 6.859999999999999779e-04
2.300000000000000000e+01 6.300000000000000000e+01 5.400000000000000000e+01 0.000000000000000000e+00 1.600000000000000089e+00 -2.877999999999999916e-03 -1.129999999999999955e-04 9.999959999999999960e-01 -3.451099999999999723e-01 9.385620000000000074e-01 -8.880000000000000089e-04 -9.385580000000000034e-01 -3.451119999999999743e-01 -2.739999999999999814e-03
2.900000000000000000e+01 6.300000000000000000e+01 5.400000000000000000e+01 0.000000000000000000e+00 1.600000000000000089e+00 1.727000000000000019e-03 2.145000000000000205e-03 9.999959999999999960e-01 -3.524059999999999970e-01 9.358459999999999557e-01 -1.399000000000000070e-03 -9.358450000000000379e-01 -3.524030000000000218e-01 2.371999999999999977e-03
2.000000000000000000e+00 2.500000000000000000e+01 5.500000000000000000e+01 0.000000000000000000e+00 1.600000000000000089e+00 -5.429999999999999714e-04 -1.083999999999999894e-03 -9.999989999999999712e-01 -1.162099999999999939e-02 -9.999320000000000430e-01 1.090000000000000040e-03 -9.999320000000000430e-01 1.162099999999999939e-02 5.299999999999999807e-04
6.000000000000000000e+00 2.500000000000000000e+01 5.500000000000000000e+01 0.000000000000000000e+00 1.600000000000000089e+00 -4.369999999999999970e-04 4.061000000000000373e-03 -9.999919999999999920e-01 -1.185300000000000069e-02 -9.999219999999999775e-01 -4.054999999999999577e-03 -9.999299999999999855e-01 1.185100000000000042e-02 4.859999999999999954e-04
9.000000000000000000e+00 2.500000000000000000e+01 5.500000000000000000e+01 0.000000000000000000e+00 1.600000000000000089e+00 -3.759999999999999779e-04 3.248000000000000019e-03 -9.999949999999999672e-01 -1.213499999999999995e-02 -9.999209999999999487e-01 -3.242999999999999789e-03 -9.999259999999999815e-01 1.213400000000000069e-02 4.150000000000000043e-04
1.500000000000000000e+01 2.500000000000000000e+01 5.500000000000000000e+01 0.000000000000000000e+00 1.600000000000000089e+00 1.415000000000000025e-03 -4.100000000000000047e-05 -9.999989999999999712e-01 -1.081499999999999996e-02 -9.999419999999999975e-01 2.500000000000000120e-05 -9.999409999999999688e-01 1.081499999999999996e-02 -1.415000000000000025e-03
2.200000000000000000e+01 2.500000000000000000e+01 5.500000000000000000e+01 0.000000000000000000e+00 1.600000000000000089e+00 1.039999999999999936e-04 -5.280000000000000405e-04 -1.000000000000000000e+00 -9.955000000000000307e-03 -9.999500000000000055e-01 5.270000000000000162e-04 -9.999500000000000055e-01 9.955000000000000307e-03 -1.090000000000000067e-04
2.400000000000000000e+01 2.500000000000000000e+01 5.500000000000000000e+01 0.000000000000000000e+00 1.600000000000000089e+00 2.900000000000000017e-04 -6.399999999999999710e-05 -1.000000000000000000e+00 -1.028199999999999947e-02 -9.999470000000000303e-01 6.099999999999999872e-05 -9.999470000000000303e-01 1.028199999999999947e-02 -2.910000000000000260e-04
1.600000000000000000e+01 5.800000000000000000e+01 5.900000000000000000e+01 0.000000000000000000e+00 1.600000000000000089e+00 1.008999999999999914e-03 4.989999999999999861e-04 -9.999989999999999712e-01 3.878469999999999973e-01 9.217229999999999590e-01 8.520000000000000013e-04 9.217229999999999590e-01 -3.878480000000000261e-01 7.370000000000000249e-04
1.200000000000000000e+01 7.000000000000000000e+00 6.000000000000000000e+01 0.000000000000000000e+00 1.600000000000000089e+00 -3.870999999999999875e-03 3.442000000000000181e-03 9.999869999999999592e-01 5.659560000000000146e-01 -8.244200000000000417e-01 5.028999999999999616e-03 8.244270000000000209e-01 5.659680000000000266e-01 1.242999999999999964e-03
1.100000000000000000e+01 2.100000000000000000e+01 6.000000000000000000e+01 0.000000000000000000e+00 1.600000000000000089e+00 -1.918000000000000000e-03 -1.477700000000000020e-02 9.998890000000000278e-01 -9.442300000000000693e-02 9.954260000000000330e-01 1.452900000000000025e-02 -9.955300000000000260e-01 -9.438499999999999668e-02 -3.304000000000000079e-03
1.700000000000000000e+01 2.100000000000000000e+01 6.000000000000000000e+01 0.000000000000000000e+00 1.600000000000000089e+00 4.270000000000000249e-04 6.464000000000000128e-03 9.999789999999999512e-01 -9.513900000000000134e-02 9.954429999999999668e-01 -6.394000000000000378e-03 -9.954640000000000155e-01 -9.513399999999999634e-02 1.039999999999999909e-03
2.200000000000000000e+01 2.100000000000000000e+01 6.000000000000000000e+01 0.000000000000000000e+00 1.600000000000000089e+00 3.179999999999999776e-04 -3.831999999999999903e-03 9.999930000000000208e-01 -9.685599999999999765e-02 9.952910000000000368e-01 3.844000000000000195e-03 -9.952980000000000160e-01 -9.685599999999999765e-02 -5.500000000000000196e-05
2.800000000000000000e+01 3.000000000000000000e+00 6.300000000000000000e+01 0.000000000000000000e+00 1.600000000000000089e+00 1.180999999999999975e-03 -7.659000000000000009e-03 9.999700000000000255e-01 -6.150710000000000344e-01 7.884430000000000049e-01 6.766000000000000313e-03 -7.884710000000000329e-01 -6.150600000000000511e-01 -3.779999999999999940e-03
6.000000000000000000e+00 2.700000000000000000e+01 6.300000000000000000e+01 0.000000000000000000e+00 1.600000000000000089e+00 -2.599999999999999840e-05 2.350000000000000092e-03 9.999970000000000248e-01 -2.747999999999999887e-01 9.614989999999999926e-01 -2.265999999999999785e-03 -9.615010000000000501e-01 -2.747990000000000155e-01 6.210000000000000242e-04
1.200000000000000000e+01 2.700000000000000000e+01 6.300000000000000000e+01 0.000000000000000000e+00 1.600000000000000089e+00 -1.273000000000000043e-03 -8.238000000000000531e-03 9.999649999999999928e-01 -2.717849999999999988e-01 9.623279999999999612e-01 7.582000000000000198e-03 -9.623570000000000180e-01 -2.717660000000000076e-01 -3.464000000000000065e-03
1.600000000000000000e+01 2.700000000000000000e+01 6.300000000000000000e+01 0.000000000000000000e+00 1.600000000000000089e+00 4.500000000000000283e-05 -8.184000000000000302e-03 9.999670000000000503e-01 -2.711939999999999906e-01 9.624920000000000142e-01 7.889000000000000179e-03 -9.625249999999999639e-01 -2.711859999999999826e-01 -2.175999999999999983e-03
2.000000000000000000e+01 2.700000000000000000e+01 6.300000000000000000e+01 0.000000000000000000e+00 1.600000000000000089e+00 -1.268999999999999946e-03 -3.543999999999999841e-03 9.999930000000000208e-01 -2.733999999999999764e-01 9.618959999999999733e-01 3.062000000000000052e-03 -9.618999999999999773e-01 -2.733940000000000259e-01 -2.190000000000000106e-03
2.500000000000000000e+01 2.700000000000000000e+01 6.300000000000000000e+01 0.000000000000000000e+00 1.600000000000000089e+00 -6.199999999999999999e-04 -5.309000000000000351e-03 9.999860000000000415e-01 -2.775710000000000122e-01 9.606919999999999904e-01 4.928000000000000089e-03 -9.607050000000000312e-01 -2.775639999999999774e-01 -2.069000000000000093e-03
2.900000000000000000e+01 2.700000000000000000e+01 6.300000000000000000e+01 0.000000000000000000e+00 1.600000000000000089e+00 -1.629000000000000023e-03 -1.959999999999999937e-03 9.999970000000000248e-01 -2.799130000000000229e-01 9.600239999999999885e-01 1.425999999999999967e-03 -9.600239999999999885e-01 -2.799099999999999921e-01 -2.112999999999999861e-03
7.000000000000000000e+00 2.600000000000000000e+01 6.400000000000000000e+01 0.000000000000000000e+00 1.600000000000000089e+00 -1.405999999999999915e-03 1.144000000000000052e-03 9.999980000000000535e-01 -3.447000000000000064e-01 9.387119999999999909e-01 -1.557999999999999923e-03 -9.387119999999999909e-01 -3.447009999999999796e-01 -9.250000000000000409e-04
1.600000000000000000e+01 2.600000000000000000e+01 6.400000000000000000e+01 0.000000000000000000e+00 1.600000000000000089e+00 1.088999999999999907e-03 -1.251500000000000008e-02 9.999209999999999487e-01 -3.499459999999999793e-01 9.366919999999999691e-01 1.210499999999999944e-02 -9.367689999999999628e-01 -3.499320000000000208e-01 -3.360000000000000139e-03
2.000000000000000000e+01 2.600000000000000000e+01 6.400000000000000000e+01 0.000000000000000000e+00 1.600000000000000089e+00 -6.999999999999999387e-05 -6.562000000000000124e-03 9.999789999999999512e-01 -3.544590000000000241e-01 9.350519999999999943e-01 6.111000000000000112e-03 -9.350720000000000143e-01 -3.544510000000000161e-01 -2.390999999999999896e-03
2.500000000000000000e+01 2.600000000000000000e+01 6.400000000000000000e+01 0.000000000000000000e+00 1.600000000000000089e+00 4.970000000000000459e-04 -6.248000000000000081e-03 9.999799999999999800e-01 -3.600880000000000192e-01 9.328990000000000338e-01 6.008000000000000319e-03 -9.329180000000000250e-01 -3.600840000000000152e-01 -1.786000000000000044e-03
