2.000000000000000000e+00 1.600000000000000000e+01 4.000000000000000000e+00 0.000000000000000000e+00 1.600000000000000089e+00 -4.800000000000000122e-05 -1.663399999999999948e-02 9.998620000000000285e-01 3.180709999999999926e-01 -9.479360000000000008e-01 -1.575400000000000064e-02 9.480669999999999931e-01 3.180259999999999754e-01 5.336999999999999730e-03
1.800000000000000000e+01 1.600000000000000000e+01 4.000000000000000000e+00 0.000000000000000000e+00 1.600000000000000089e+00 -1.938999999999999968e-03 -1.175900000000000035e-02 9.999289999999999567e-01 3.150510000000000255e-01 -9.490159999999999707e-01 -1.054899999999999935e-02 9.490730000000000555e-01 3.150089999999999835e-01 5.544000000000000317e-03
2.300000000000000000e+01 1.600000000000000000e+01 4.000000000000000000e+00 0.000000000000000000e+00 1.600000000000000089e+00 2.775999999999999822e-03 -1.400400000000000082e-02 9.998979999999999535e-01 3.130740000000000189e-01 -9.496229999999999949e-01 -1.417000000000000030e-02 9.497250000000000414e-01 3.130820000000000269e-01 1.747999999999999988e-03
2.600000000000000000e+01 1.600000000000000000e+01 4.000000000000000000e+00 0.000000000000000000e+00 1.600000000000000089e+00 2.318000000000000182e-03 -1.952299999999999869e-02 9.998070000000000013e-01 3.160819999999999741e-01 -9.485360000000000458e-01 -1.925500000000000128e-02 9.487290000000000445e-01 3.160660000000000136e-01 3.971999999999999836e-03
1.400000000000000000e+01 1.010000000000000000e+02 7.000000000000000000e+00 0.000000000000000000e+00 1.600000000000000089e+00 -1.069999999999999988e-04 -9.518999999999999684e-03 9.999550000000000383e-01 8.865389999999999660e-01 4.626319999999999877e-01 4.499000000000000395e-03 -4.626540000000000097e-01 8.864990000000000370e-01 8.389000000000000623e-03
1.900000000000000000e+01 1.010000000000000000e+02 7.000000000000000000e+00 0.000000000000000000e+00 1.600000000000000089e+00 2.869000000000000022e-03 4.028999999999999596e-03 9.999879999999999880e-01 8.856880000000000308e-01 4.642600000000000060e-01 -4.412000000000000123e-03 -4.642729999999999912e-01 8.856899999999999773e-01 -2.236000000000000140e-03
1.600000000000000000e+01 1.500000000000000000e+01 8.000000000000000000e+00 0.000000000000000000e+00 1.600000000000000089e+00 -3.534999999999999948e-03 -1.027100000000000062e-02 -9.999409999999999688e-01 -5.663939999999999531e-01 -8.240680000000000227e-01 1.046700000000000061e-02 -8.241270000000000540e-01 5.663979999999999571e-01 -2.903999999999999897e-03
2.000000000000000000e+01 1.500000000000000000e+01 8.000000000000000000e+00 0.000000000000000000e+00 1.600000000000000089e+00 -4.498000000000000262e-03 -9.315999999999999628e-03 -9.999460000000000015e-01 -5.655480000000000507e-01 -8.246520000000000516e-01 1.022699999999999998e-02 -8.247029999999999639e-01 5.655639999999999556e-01 -1.559999999999999972e-03
2.300000000000000000e+01 1.500000000000000000e+01 8.000000000000000000e+00 0.000000000000000000e+00 1.600000000000000089e+00 -7.591999999999999790e-03 -1.155100000000000050e-02 -9.999050000000000438e-01 -5.656400000000000317e-01 -8.245369999999999644e-01 1.382000000000000069e-02 -8.246179999999999621e-01 5.656900000000000261e-01 -2.739999999999999923e-04
2.700000000000000000e+01 1.500000000000000000e+01 8.000000000000000000e+00 0.000000000000000000e+00 1.600000000000000089e+00 -7.531000000000000368e-03 -1.790699999999999931e-02 -9.998110000000000053e-01 -5.677090000000000192e-01 -8.230100000000000193e-01 1.901699999999999918e-02 -8.231950000000000101e-01 5.677450000000000552e-01 -3.968000000000000173e-03
2.000000000000000000e+00 2.600000000000000000e+01 8.000000000000000000e+00 0.000000000000000000e+00 1.600000000000000089e+00 -2.474000000000000071e-03 6.954000000000000112e-03 -9.999730000000000008e-01 4.255189999999999806e-01 9.049340000000000162e-01 5.239999999999999866e-03 9.049460000000000282e-01 -4.254939999999999833e-01 -5.198000000000000363e-03
7.000000000000000000e+00 2.600000000000000000e+01 8.000000000000000000e+00 0.000000000000000000e+00 1.600000000000000089e+00 4.342999999999999639e-03 -1.066699999999999940e-02 -9.999339999999999895e-01 4.271469999999999989e-01 9.041479999999999517e-01 -7.790000000000000049e-03 9.041719999999999757e-01 -4.270849999999999924e-01 8.482999999999999222e-03
1.300000000000000000e+01 2.600000000000000000e+01 8.000000000000000000e+00 0.000000000000000000e+00 1.600000000000000089e+00 2.099000000000000171e-03 4.224999999999999589e-03 -9.999890000000000168e-01 4.252940000000000054e-01 9.050430000000000419e-01 4.716999999999999839e-03 9.050529999999999964e-01 -4.252989999999999826e-01 1.029999999999999964e-04
2.000000000000000000e+01 2.600000000000000000e+01 8.000000000000000000e+00 0.000000000000000000e+00 1.600000000000000089e+00 1.905999999999999925e-03 8.281000000000000166e-03 -9.999639999999999640e-01 4.237199999999999855e-01 9.057549999999999768e-01 8.309000000000000413e-03 9.057910000000000128e-01 -4.237210000000000143e-01 -1.781999999999999947e-03
2.500000000000000000e+01 2.600000000000000000e+01 8.000000000000000000e+00 0.000000000000000000e+00 1.600000000000000089e+00 5.682000000000000418e-03 2.542499999999999968e-02 -9.996610000000000218e-01 4.205929999999999946e-01 9.068920000000000314e-01 2.545599999999999946e-02 9.072310000000000096e-01 -4.205949999999999966e-01 -5.539999999999999786e-03
2.800000000000000000e+01 2.600000000000000000e+01 8.000000000000000000e+00 0.000000000000000000e+00 1.600000000000000089e+00 6.472000000000000322e-03 1.951599999999999863e-02 -9.997890000000000388e-01 4.179439999999999822e-01 9.082430000000000225e-01 2.043400000000000077e-02 9.084499999999999797e-01 -4.179880000000000262e-01 -2.278000000000000077e-03
6.000000000000000000e+00 1.400000000000000000e+01 9.000000000000000000e+00 0.000000000000000000e+00 1.600000000000000089e+00 -3.122999999999999908e-03 -1.273200000000000026e-02 -9.999139999999999695e-01 -5.586320000000000174e-01 -8.293239999999999501e-01 1.230499999999999997e-02 -8.294099999999999806e-01 5.586229999999999807e-01 -4.521999999999999978e-03
1.400000000000000000e+01 1.400000000000000000e+01 9.000000000000000000e+00 0.000000000000000000e+00 1.600000000000000089e+00 -2.922000000000000118e-03 -5.667000000000000162e-03 -9.999799999999999800e-01 -5.607779999999999987e-01 -8.279419999999999558e-01 6.330999999999999822e-03 -8.279609999999999470e-01 5.607849999999999779e-01 -7.590000000000000175e-04
2.000000000000000000e+01 1.400000000000000000e+01 9.000000000000000000e+00 0.000000000000000000e+00 1.600000000000000089e+00 -5.107000000000000428e-03 -1.135199999999999924e-02 -9.999230000000000063e-01 -5.616090000000000249e-01 -8.273120000000000474e-01 1.226099999999999933e-02 -8.273869999999999836e-01 5.616280000000000161e-01 -2.150000000000000001e-03
2.400000000000000000e+01 3.100000000000000000e+01 1.200000000000000000e+01 0.000000000000000000e+00 1.600000000000000089e+00 1.639999999999999965e-03 1.988000000000000184e-03 9.999970000000000248e-01 -1.496499999999999914e-02 9.998860000000000525e-01 -1.962999999999999901e-03 -9.998869999999999703e-01 -1.496100000000000034e-02 1.668999999999999911e-03
3.000000000000000000e+01 3.100000000000000000e+01 1.200000000000000000e+01 0.000000000000000000e+00 1.600000000000000089e+00 8.639999999999999677e-04 2.229000000000000078e-03 9.999970000000000248e-01 -1.597300000000000109e-02 9.998700000000000365e-01 -2.214999999999999955e-03 -9.998719999999999830e-01 -1.597099999999999909e-02 8.989999999999999511e-04
5.000000000000000000e+00 3.200000000000000000e+01 1.400000000000000000e+01 0.000000000000000000e+00 1.600000000000000089e+00 2.086299999999999960e-02 -4.581299999999999956e-02 -9.987319999999999531e-01 9.125300000000000078e-02 9.948669999999999458e-01 -4.372999999999999804e-02 9.956089999999999662e-01 -9.022499999999999964e-02 2.493700000000000083e-02
1.600000000000000000e+01 1.200000000000000000e+01 1.500000000000000000e+01 0.000000000000000000e+00 1.600000000000000089e+00 -8.419999999999999750e-04 -5.118000000000000153e-03 -9.999869999999999592e-01 -4.653510000000000146e-01 -8.851130000000000386e-01 4.922000000000000160e-03 -8.851259999999999684e-01 4.653490000000000126e-01 -1.637000000000000000e-03
2.200000000000000000e+01 1.200000000000000000e+01 1.500000000000000000e+01 0.000000000000000000e+00 1.600000000000000089e+00 -4.041999999999999586e-03 -6.617999999999999751e-03 -9.999700000000000255e-01 -4.690309999999999757e-01 -8.831480000000000441e-01 7.740999999999999617e-03 -8.831719999999999571e-01 4.690480000000000205e-01 4.650000000000000270e-04
2.000000000000000000e+00 2.000000000000000000e+00 1.900000000000000000e+01 0.000000000000000000e+00 1.600000000000000089e+00 -1.531999999999999942e-03 5.512999999999999672e-03 -9.999839999999999840e-01 1.342129999999999990e-01 -9.909360000000000390e-01 -5.669000000000000428e-03 -9.909510000000000263e-01 -1.342200000000000060e-01 7.780000000000000457e-04
5.000000000000000000e+00 2.000000000000000000e+00 1.900000000000000000e+01 0.000000000000000000e+00 1.600000000000000089e+00 -8.289999999999999843e-04 5.285999999999999900e-03 -9.999860000000000415e-01 1.325510000000000022e-01 -9.911619999999999875e-01 -5.348999999999999588e-03 -9.911759999999999460e-01 -1.325540000000000052e-01 1.210000000000000002e-04
1.400000000000000000e+01 2.000000000000000000e+00 1.900000000000000000e+01 0.000000000000000000e+00 1.600000000000000089e+00 -1.060000000000000016e-04 -1.301999999999999989e-03 -9.999989999999999712e-01 1.375339999999999896e-01 -9.904960000000000431e-01 1.275000000000000092e-03 -9.904969999999999608e-01 -1.375329999999999886e-01 2.840000000000000185e-04
1.600000000000000000e+01 2.000000000000000000e+00 1.900000000000000000e+01 0.000000000000000000e+00 1.600000000000000089e+00 -6.059999999999999849e-04 -1.765000000000000076e-03 -9.999980000000000535e-01 1.415379999999999971e-01 -9.899310000000000054e-01 1.660999999999999933e-03 -9.899329999999999519e-01 -1.415369999999999961e-01 8.499999999999999526e-04
1.900000000000000000e+01 2.000000000000000000e+00 1.900000000000000000e+01 0.000000000000000000e+00 1.600000000000000089e+00 -1.413999999999999892e-03 -1.183999999999999940e-03 -9.999980000000000535e-01 1.458359999999999934e-01 -9.893079999999999652e-01 9.650000000000000374e-04 -9.893079999999999652e-01 -1.458339999999999914e-01 1.572000000000000047e-03
2.800000000000000000e+01 2.000000000000000000e+00 1.900000000000000000e+01 0.000000000000000000e+00 1.600000000000000089e+00 1.918000000000000000e-03 5.099999999999999960e-05 -9.999980000000000535e-01 1.504709999999999936e-01 -9.886139999999999928e-01 2.380000000000000117e-04 -9.886129999999999640e-01 -1.504709999999999936e-01 -1.904000000000000093e-03
1.100000000000000000e+01 1.300000000000000000e+01 2.000000000000000000e+01 0.000000000000000000e+00 1.600000000000000089e+00 -1.984000000000000086e-03 -3.836000000000000000e-03 9.999909999999999632e-01 2.519199999999999773e-01 9.677390000000000159e-01 4.211999999999999598e-03 -9.677459999999999951e-01 2.519259999999999833e-01 -9.539999999999999869e-04
1.700000000000000000e+01 1.300000000000000000e+01 2.000000000000000000e+01 0.000000000000000000e+00 1.600000000000000089e+00 4.449999999999999746e-04 -1.337000000000000081e-03 9.999989999999999712e-01 2.518659999999999788e-01 9.677620000000000111e-01 1.182000000000000108e-03 -9.677620000000000111e-01 2.518650000000000055e-01 7.669999999999999951e-04
2.300000000000000000e+01 1.300000000000000000e+01 2.000000000000000000e+01 0.000000000000000000e+00 1.600000000000000089e+00 1.154000000000000078e-03 5.128999999999999879e-03 9.999860000000000415e-01 2.531169999999999809e-01 9.674209999999999754e-01 -5.253999999999999990e-03 -9.674350000000000449e-01 2.531189999999999829e-01 -1.820000000000000057e-04
2.900000000000000000e+01 1.300000000000000000e+01 2.000000000000000000e+01 0.000000000000000000e+00 1.600000000000000089e+00 1.645999999999999894e-03 6.241000000000000020e-03 9.999789999999999512e-01 2.513110000000000066e-01 9.678849999999999953e-01 -6.453999999999999668e-03 -9.679050000000000153e-01 2.513159999999999838e-01 2.500000000000000120e-05
1.400000000000000000e+01 1.600000000000000000e+01 2.100000000000000000e+01 0.000000000000000000e+00 1.600000000000000089e+00 -5.289999999999999564e-04 -5.368000000000000375e-03 9.999850000000000128e-01 2.998930000000000207e-01 9.539579999999999727e-01 5.278999999999999838e-03 -9.539729999999999599e-01 2.998919999999999919e-01 1.105000000000000079e-03
2.900000000000000000e+01 1.600000000000000000e+01 2.100000000000000000e+01 0.000000000000000000e+00 1.600000000000000089e+00 7.510000000000000399e-04 1.704000000000000003e-03 9.999980000000000535e-01 2.978620000000000156e-01 9.546069999999999833e-01 -1.850000000000000082e-03 -9.546090000000000408e-01 2.978629999999999889e-01 2.090000000000000115e-04
1.800000000000000000e+01 4.600000000000000000e+01 2.700000000000000000e+01 0.000000000000000000e+00 1.600000000000000089e+00 1.804999999999999964e-03 4.960000000000000216e-04 -9.999980000000000535e-01 6.654679999999999485e-01 7.464250000000000052e-01 1.570999999999999914e-03 7.464239999999999764e-01 -6.654689999999999772e-01 1.016999999999999892e-03
2.500000000000000000e+01 4.600000000000000000e+01 2.700000000000000000e+01 0.000000000000000000e+00 1.600000000000000089e+00 1.170999999999999949e-03 2.188999999999999974e-03 -9.999970000000000248e-01 6.771540000000000337e-01 7.358369999999999633e-01 2.403999999999999887e-03 7.358400000000000496e-01 -6.771549999999999514e-01 -6.210000000000000242e-04
2.900000000000000000e+01 4.600000000000000000e+01 2.700000000000000000e+01 0.000000000000000000e+00 1.600000000000000089e+00 1.201999999999999943e-03 1.860000000000000108e-03 -9.999980000000000535e-01 6.847410000000000441e-01 7.287829999999999586e-01 2.177999999999999815e-03 7.287850000000000161e-01 -6.847419999999999618e-01 -3.980000000000000248e-04
3.000000000000000000e+00 4.600000000000000000e+01 3.000000000000000000e+01 0.000000000000000000e+00 1.600000000000000089e+00 2.402000000000000055e-03 1.727000000000000019e-03 -9.999959999999999960e-01 3.255660000000000220e-01 9.455160000000000231e-01 2.415000000000000046e-03 9.455160000000000231e-01 -3.255709999999999993e-01 1.709000000000000016e-03
1.000000000000000000e+01 4.600000000000000000e+01 3.000000000000000000e+01 0.000000000000000000e+00 1.600000000000000089e+00 -8.289999999999999843e-04 -1.461000000000000059e-03 -9.999989999999999712e-01 3.233759999999999968e-01 9.462690000000000268e-01 -1.650999999999999907e-03 9.462699999999999445e-01 -3.233770000000000255e-01 -3.119999999999999944e-04
2.000000000000000000e+01 4.600000000000000000e+01 3.000000000000000000e+01 0.000000000000000000e+00 1.600000000000000089e+00 8.030000000000000028e-04 1.190000000000000058e-04 -1.000000000000000000e+00 3.241049999999999764e-01 9.460210000000000008e-01 3.730000000000000134e-04 9.460210000000000008e-01 -3.241049999999999764e-01 7.209999999999999612e-04
2.400000000000000000e+01 4.600000000000000000e+01 3.000000000000000000e+01 0.000000000000000000e+00 1.600000000000000089e+00 -6.279999999999999775e-04 6.279999999999999775e-04 -1.000000000000000000e+00 3.312610000000000277e-01 9.435390000000000166e-01 3.840000000000000097e-04 9.435390000000000166e-01 -3.312610000000000277e-01 -8.009999999999999542e-04
7.000000000000000000e+00 5.800000000000000000e+01 3.100000000000000000e+01 0.000000000000000000e+00 1.600000000000000089e+00 -3.706999999999999792e-03 -5.027000000000000218e-03 9.999799999999999800e-01 -7.699859999999999483e-01 -6.380320000000000435e-01 -6.061999999999999680e-03 6.380500000000000060e-01 -7.699939999999999563e-01 -1.505999999999999960e-03
1.000000000000000000e+01 5.800000000000000000e+01 3.100000000000000000e+01 0.000000000000000000e+00 1.600000000000000089e+00 -3.895000000000000025e-03 -4.837000000000000154e-03 9.999810000000000088e-01 -7.709120000000000417e-01 -6.369120000000000337e-01 -6.082999999999999866e-03 6.369289999999999674e-01 -7.709209999999999674e-01 -1.248999999999999893e-03
1.300000000000000000e+01 5.800000000000000000e+01 3.100000000000000000e+01 0.000000000000000000e+00 1.600000000000000089e+00 -5.525999999999999662e-03 -4.354000000000000231e-03 9.999749999999999472e-01 -7.698169999999999735e-01 -6.382250000000000423e-01 -7.033000000000000189e-03 6.382400000000000295e-01 -7.698369999999999935e-01 1.749999999999999982e-04
1.700000000000000000e+01 5.800000000000000000e+01 3.100000000000000000e+01 0.000000000000000000e+00 1.600000000000000089e+00 -4.584000000000000401e-03 -5.418000000000000073e-03 9.999749999999999472e-01 -7.713309999999999889e-01 -6.363959999999999617e-01 -6.983999999999999757e-03 6.364180000000000392e-01 -7.713440000000000296e-01 -1.262000000000000101e-03
2.000000000000000000e+01 5.800000000000000000e+01 3.100000000000000000e+01 0.000000000000000000e+00 1.600000000000000089e+00 -2.226000000000000114e-03 -5.091000000000000039e-03 9.999850000000000128e-01 -7.726950000000000207e-01 -6.347580000000000444e-01 -4.951999999999999805e-03 6.347730000000000317e-01 -7.726939999999999920e-01 -2.520999999999999804e-03
2.800000000000000000e+01 5.800000000000000000e+01 3.100000000000000000e+01 0.000000000000000000e+00 1.600000000000000089e+00 -2.464000000000000044e-03 -1.850999999999999998e-03 9.999949999999999672e-01 -7.748969999999999470e-01 -6.320799999999999752e-01 -3.079000000000000140e-03 6.320820000000000327e-01 -7.749009999999999510e-01 1.230000000000000082e-04
1.300000000000000000e+01 6.000000000000000000e+00 3.200000000000000000e+01 0.000000000000000000e+00 1.600000000000000089e+00 1.551000000000000078e-03 1.948999999999999995e-03 -9.999970000000000248e-01 2.298250000000000015e-01 9.732290000000000108e-01 2.253999999999999927e-03 9.732309999999999572e-01 -2.298280000000000045e-01 1.062000000000000010e-03
2.300000000000000000e+01 6.000000000000000000e+00 3.200000000000000000e+01 0.000000000000000000e+00 1.600000000000000089e+00 -3.170000000000000075e-04 3.930999999999999599e-03 -9.999919999999999920e-01 1.996779999999999944e-01 9.798540000000000028e-01 3.788000000000000134e-03 9.798609999999999820e-01 -1.996749999999999914e-01 -1.095999999999999969e-03
5.000000000000000000e+00 4.600000000000000000e+01 3.500000000000000000e+01 0.000000000000000000e+00 1.600000000000000089e+00 -9.929999999999999591e-04 -1.099999999999999971e-05 -1.000000000000000000e+00 3.867519999999999847e-01 -9.221840000000000037e-01 -3.750000000000000078e-04 -9.221829999999999750e-01 -3.867519999999999847e-01 9.200000000000000278e-04
1.000000000000000000e+01 4.600000000000000000e+01 3.500000000000000000e+01 0.000000000000000000e+00 1.600000000000000089e+00 -1.700000000000000122e-04 -5.178999999999999576e-03 -9.999869999999999592e-01 3.853269999999999751e-01 -9.227680000000000327e-01 4.714000000000000308e-03 -9.227800000000000447e-01 -3.853210000000000246e-01 2.152999999999999966e-03
1.500000000000000000e+01 4.600000000000000000e+01 3.500000000000000000e+01 0.000000000000000000e+00 1.600000000000000089e+00 -7.720000000000000083e-04 7.960000000000000495e-04 -9.999989999999999712e-01 3.854830000000000201e-01 -9.227140000000000342e-01 -1.031999999999999931e-03 -9.227149999999999519e-01 -3.854830000000000201e-01 4.060000000000000024e-04
1.800000000000000000e+01 4.600000000000000000e+01 3.500000000000000000e+01 0.000000000000000000e+00 1.600000000000000089e+00 6.059999999999999849e-04 -2.118000000000000091e-03 -9.999980000000000535e-01 3.869179999999999842e-01 -9.221120000000000427e-01 2.187999999999999841e-03 -9.221139999999999892e-01 -3.869179999999999842e-01 2.610000000000000015e-04
2.500000000000000000e+01 4.600000000000000000e+01 3.500000000000000000e+01 0.000000000000000000e+00 1.600000000000000089e+00 -2.010000000000000068e-04 5.232999999999999804e-03 -9.999860000000000415e-01 3.874230000000000174e-01 -9.218889999999999585e-01 -4.902000000000000107e-03 -9.219019999999999992e-01 -3.874190000000000134e-01 -1.842000000000000104e-03
7.000000000000000000e+00 9.500000000000000000e+01 3.600000000000000000e+01 0.000000000000000000e+00 1.600000000000000089e+00 -3.550999999999999903e-03 -7.634000000000000161e-03 9.999649999999999928e-01 9.963239999999999874e-01 8.555999999999999717e-02 4.192000000000000413e-03 -8.558899999999999841e-02 9.963039999999999674e-01 7.302000000000000331e-03
1.200000000000000000e+01 9.500000000000000000e+01 3.600000000000000000e+01 0.000000000000000000e+00 1.600000000000000089e+00 -9.049999999999999885e-04 -2.827999999999999785e-03 9.999959999999999960e-01 9.963490000000000402e-01 8.536499999999999644e-02 1.142999999999999919e-03 -8.536799999999999944e-02 9.963459999999999539e-01 2.739999999999999814e-03
1.500000000000000000e+01 9.500000000000000000e+01 3.600000000000000000e+01 0.000000000000000000e+00 1.600000000000000089e+00 -1.510000000000000112e-04 -7.830999999999999420e-03 9.999689999999999968e-01 9.961830000000000407e-01 8.728400000000000047e-02 8.339999999999999974e-04 -8.728800000000000447e-02 9.961529999999999552e-01 7.787999999999999784e-03
2.200000000000000000e+01 9.500000000000000000e+01 3.600000000000000000e+01 0.000000000000000000e+00 1.600000000000000089e+00 6.204999999999999578e-03 1.002300000000000066e-02 9.999310000000000143e-01 9.965509999999999646e-01 8.268200000000000549e-02 -7.013000000000000136e-03 -8.274600000000000011e-02 9.965260000000000229e-01 -9.475000000000000783e-03
2.500000000000000000e+01 9.500000000000000000e+01 3.600000000000000000e+01 0.000000000000000000e+00 1.600000000000000089e+00 3.516000000000000028e-03 2.821000000000000157e-03 9.999900000000000455e-01 9.961039999999999894e-01 8.810300000000000076e-02 -3.750999999999999994e-03 -8.811299999999999688e-02 9.961069999999999647e-01 -2.501000000000000185e-03
2.000000000000000000e+00 3.000000000000000000e+00 4.300000000000000000e+01 0.000000000000000000e+00 1.600000000000000089e+00 5.098000000000000101e-03 1.113800000000000033e-02 -9.999249999999999527e-01 7.379289999999999461e-01 -6.748680000000000234e-01 -3.755000000000000091e-03 -6.748589999999999867e-01 -7.378550000000000386e-01 -1.165899999999999923e-02
9.000000000000000000e+00 3.000000000000000000e+00 4.300000000000000000e+01 0.000000000000000000e+00 1.600000000000000089e+00 -1.379999999999999933e-04 -1.562000000000000020e-03 -9.999989999999999712e-01 7.358660000000000201e-01 -6.771270000000000344e-01 9.560000000000000355e-04 -6.771270000000000344e-01 -7.358649999999999913e-01 1.242999999999999964e-03
1.700000000000000000e+01 3.000000000000000000e+00 4.300000000000000000e+01 0.000000000000000000e+00 1.600000000000000089e+00 2.149999999999999947e-04 1.146100000000000070e-02 -9.999339999999999895e-01 7.372229999999999617e-01 -6.756069999999999576e-01 -7.584999999999999729e-03 -6.756490000000000551e-01 -7.371729999999999672e-01 -8.595000000000000209e-03
2.400000000000000000e+01 3.000000000000000000e+00 4.300000000000000000e+01 0.000000000000000000e+00 1.600000000000000089e+00 3.883000000000000167e-03 1.352300000000000030e-02 -9.999010000000000398e-01 7.298999999999999932e-01 -6.835240000000000204e-01 -6.408999999999999767e-03 -6.835430000000000117e-01 -7.298029999999999795e-01 -1.252400000000000041e-02
2.700000000000000000e+01 3.000000000000000000e+00 4.300000000000000000e+01 0.000000000000000000e+00 1.600000000000000089e+00 -1.417000000000000074e-03 -8.163999999999999382e-03 -9.999660000000000215e-01 7.302410000000000290e-01 -6.831739999999999480e-01 4.543000000000000163e-03 -6.831880000000000175e-01 -7.302100000000000257e-01 6.930000000000000396e-03
1.700000000000000000e+01 8.000000000000000000e+00 4.400000000000000000e+01 0.000000000000000000e+00 1.600000000000000089e+00 8.869999999999999846e-04 4.742999999999999820e-03 9.999879999999999880e-01 -7.683999999999999719e-01 -6.399589999999999446e-01 3.716999999999999818e-03 6.399690000000000101e-01 -7.683950000000000502e-01 3.076999999999999874e-03
2.900000000000000000e+01 8.000000000000000000e+00 4.400000000000000000e+01 0.000000000000000000e+00 1.600000000000000089e+00 3.317000000000000070e-03 3.579999999999999849e-03 9.999879999999999880e-01 -7.777359999999999829e-01 -6.285720000000000196e-01 4.830000000000000092e-03 6.285819999999999741e-01 -7.777429999999999621e-01 6.999999999999999929e-04
9.000000000000000000e+00 2.900000000000000000e+01 4.400000000000000000e+01 0.000000000000000000e+00 1.600000000000000089e+00 -1.210000000000000002e-04 -4.257000000000000367e-03 -9.999909999999999632e-01 6.598840000000000261e-01 7.513600000000000279e-01 -3.278000000000000098e-03 7.513670000000000071e-01 -6.598789999999999933e-01 2.717999999999999930e-03
1.200000000000000000e+01 2.900000000000000000e+01 4.400000000000000000e+01 0.000000000000000000e+00 1.600000000000000089e+00 -1.286999999999999950e-03 -7.275000000000000216e-03 -9.999730000000000008e-01 6.596509999999999874e-01 7.515460000000000473e-01 -6.316999999999999699e-03 7.515709999999999891e-01 -6.596410000000000329e-01 3.831999999999999903e-03
1.600000000000000000e+01 2.900000000000000000e+01 4.400000000000000000e+01 0.000000000000000000e+00 1.600000000000000089e+00 -9.600000000000000243e-05 -4.872999999999999728e-03 -9.999879999999999880e-01 6.597239999999999771e-01 7.514990000000000281e-01 -3.725000000000000012e-03 7.515079999999999538e-01 -6.597169999999999979e-01 3.142999999999999960e-03
2.600000000000000000e+01 2.900000000000000000e+01 4.400000000000000000e+01 0.000000000000000000e+00 1.600000000000000089e+00 3.838999999999999965e-03 3.282999999999999894e-03 -9.999869999999999592e-01 6.702799999999999869e-01 7.420919999999999739e-01 5.009999999999999697e-03 7.420989999999999531e-01 -6.702900000000000524e-01 6.480000000000000300e-04
2.900000000000000000e+01 6.500000000000000000e+01 4.600000000000000000e+01 0.000000000000000000e+00 1.600000000000000089e+00 -2.282999999999999873e-03 -1.827000000000000065e-03 9.999959999999999960e-01 6.848880000000000523e-01 -7.286489999999999911e-01 2.329999999999999986e-04 7.286449999999999871e-01 6.848849999999999660e-01 2.915000000000000056e-03
1.200000000000000000e+01 7.000000000000000000e+01 4.700000000000000000e+01 0.000000000000000000e+00 1.600000000000000089e+00 -1.969999999999999909e-04 1.173999999999999913e-03 -9.999989999999999712e-01 -8.429210000000000313e-01 -5.380369999999999875e-01 -4.659999999999999971e-04 -5.380369999999999875e-01 8.429210000000000313e-01 1.095000000000000053e-03
2.000000000000000000e+01 5.000000000000000000e+00 5.100000000000000000e+01 0.000000000000000000e+00 1.600000000000000089e+00 4.049999999999999781e-04 6.956999999999999643e-03 -9.999759999999999760e-01 4.735369999999999857e-01 -8.807540000000000369e-01 -5.936000000000000304e-03 -8.807739999999999458e-01 -4.735230000000000272e-01 -3.651999999999999864e-03
1.000000000000000000e+01 1.500000000000000000e+01 5.300000000000000000e+01 0.000000000000000000e+00 1.600000000000000089e+00 2.260999999999999989e-03 3.899999999999999821e-03 -9.999900000000000455e-01 6.755710000000000326e-01 7.372819999999999929e-01 4.402999999999999796e-03 7.372910000000000297e-01 -6.755740000000000078e-01 -9.680000000000000019e-04
9.000000000000000000e+00 6.300000000000000000e+01 5.400000000000000000e+01 0.000000000000000000e+00 1.600000000000000089e+00 1.110000000000000092e-03 -1.361999999999999929e-03 9.999989999999999712e-01 -3.572949999999999737e-01 9.339899999999999869e-01 1.667999999999999995e-03 -9.339910000000000156e-01 -3.572960000000000025e-01 5.500000000000000331e-04
1.500000000000000000e+01 6.300000000000000000e+01 5.400000000000000000e+01 0.000000000000000000e+00 1.600000000000000089e+00 -1.417999999999999990e-03 -2.614000000000000004e-03 9.999959999999999960e-01 -3.521989999999999843e-01 9.359229999999999494e-01 1.946999999999999946e-03 -9.359239999999999782e-01 -3.521949999999999803e-01 -2.247999999999999998e-03
2.000000000000000000e+01 6.300000000000000000e+01 5.400000000000000000e+01 0.000000000000000000e+00 1.600000000000000089e+00 -2.829999999999999942e-04 5.500000000000000196e-05 1.000000000000000000e+00 -3.524269999999999903e-01 9.358389999999999764e-01 -1.510000000000000112e-04 -9.358389999999999764e-01 -3.524269999999999903e-01 -2.449999999999999921e-04
2.400000000000000000e+01 6.300000000000000000e+01 5.400000000000000000e+01 0.000000000000000000e+00 1.600000000000000089e+00 -6.920000000000000153e-04 1.064999999999999974e-03 9.999989999999999712e-01 -3.520209999999999728e-01 9.359910000000000174e-01 -1.240000000000000000e-03 -9.359920000000000462e-01 -3.520220000000000016e-01 -2.719999999999999979e-04
2.900000000000000000e+01 6.300000000000000000e+01 5.400000000000000000e+01 0.000000000000000000e+00 1.600000000000000089e+00 2.460000000000000164e-04 -2.550000000000000183e-04 1.000000000000000000e+00 -3.538609999999999811e-01 9.352979999999999627e-01 3.249999999999999851e-04 -9.352979999999999627e-01 -3.538609999999999811e-01 1.399999999999999877e-04
4.000000000000000000e+00 2.500000000000000000e+01 5.500000000000000000e+01 0.000000000000000000e+00 1.600000000000000089e+00 -3.820000000000000153e-04 5.230000000000000274e-04 -1.000000000000000000e+00 -1.081099999999999943e-02 -9.999409999999999688e-01 -5.190000000000000386e-04 -9.999409999999999688e-01 1.081000000000000016e-02 3.879999999999999985e-04
1.100000000000000000e+01 2.500000000000000000e+01 5.500000000000000000e+01 0.000000000000000000e+00 1.600000000000000089e+00 9.899999999999999404e-05 2.436999999999999930e-03 -9.999970000000000248e-01 -9.440999999999999739e-03 -9.999519999999999520e-01 -2.436999999999999930e-03 -9.999550000000000383e-01 9.440999999999999739e-03 -7.600000000000000418e-05
1.800000000000000000e+01 2.500000000000000000e+01 5.500000000000000000e+01 0.000000000000000000e+00 1.600000000000000089e+00 -3.519999999999999908e-04 -4.000000000000000083e-03 -9.999919999999999920e-01 -1.111099999999999935e-02 -9.999299999999999855e-01 4.003999999999999747e-03 -9.999379999999999935e-01 1.111200000000000035e-02 3.080000000000000055e-04
2.200000000000000000e+01 2.500000000000000000e+01 5.500000000000000000e+01 0.000000000000000000e+00 1.600000000000000089e+00 -4.009999999999999893e-04 3.785999999999999869e-03 -9.999930000000000208e-01 -1.198100000000000033e-02 -9.999209999999999487e-01 -3.781000000000000073e-03 -9.999280000000000390e-01 1.197900000000000006e-02 4.459999999999999989e-04
2.500000000000000000e+01 2.500000000000000000e+01 5.500000000000000000e+01 0.000000000000000000e+00 1.600000000000000089e+00 -4.970000000000000459e-04 3.432000000000000155e-03 -9.999940000000000495e-01 -1.197900000000000006e-02 -9.999219999999999775e-01 -3.425000000000000093e-03 -9.999280000000000390e-01 1.197800000000000080e-02 5.379999999999999583e-04
5.000000000000000000e+00 7.000000000000000000e+00 6.000000000000000000e+01 0.000000000000000000e+00 1.600000000000000089e+00 2.039999999999999984e-04 4.385000000000000009e-03 9.999900000000000455e-01 5.656309999999999949e-01 -8.246510000000000229e-01 3.500000000000000073e-03 8.246580000000000021e-01 5.656250000000000444e-01 -2.648999999999999879e-03
9.000000000000000000e+00 7.000000000000000000e+00 6.000000000000000000e+01 0.000000000000000000e+00 1.600000000000000089e+00 4.065000000000000037e-03 3.811999999999999850e-03 9.999850000000000128e-01 5.622580000000000355e-01 -8.269609999999999461e-01 8.670000000000000406e-04 8.269520000000000204e-01 5.622460000000000235e-01 -5.505000000000000344e-03
2.800000000000000000e+01 7.000000000000000000e+00 6.000000000000000000e+01 0.000000000000000000e+00 1.600000000000000089e+00 -3.341999999999999919e-03 -2.509999999999999753e-04 9.999940000000000495e-01 5.655590000000000339e-01 -8.247060000000000501e-01 1.683000000000000034e-03 8.247010000000000174e-01 5.655620000000000092e-01 2.897999999999999968e-03
7.000000000000000000e+00 2.100000000000000000e+01 6.000000000000000000e+01 0.000000000000000000e+00 1.600000000000000089e+00 -7.079999999999999705e-04 9.070000000000000371e-04 9.999989999999999712e-01 -9.748600000000000321e-02 9.952360000000000095e-01 -9.719999999999999907e-04 -9.952370000000000383e-01 -9.748700000000000421e-02 -6.160000000000000111e-04
1.100000000000000000e+01 2.100000000000000000e+01 6.000000000000000000e+01 0.000000000000000000e+00 1.600000000000000089e+00 -2.359999999999999902e-04 2.376000000000000074e-03 9.999970000000000248e-01 -9.704400000000000526e-02 9.952769999999999673e-01 -2.386999999999999799e-03 -9.952800000000000535e-01 -9.704400000000000526e-02 -5.000000000000000409e-06
2.700000000000000000e+01 2.100000000000000000e+01 6.000000000000000000e+01 0.000000000000000000e+00 1.600000000000000089e+00 -2.070999999999999924e-03 -1.767900000000000027e-02 9.998420000000000085e-01 -9.418999999999999595e-02 9.954020000000000090e-01 1.740600000000000133e-02 -9.955519999999999925e-01 -9.413900000000000046e-02 -3.726999999999999844e-03
1.600000000000000000e+01 4.000000000000000000e+00 6.200000000000000000e+01 0.000000000000000000e+00 1.600000000000000089e+00 -2.990000000000000036e-04 8.108000000000000623e-03 9.999670000000000503e-01 -6.168029999999999902e-01 7.870899999999999563e-01 -6.565999999999999788e-03 -7.871179999999999843e-01 -6.167850000000000277e-01 4.766000000000000271e-03
5.000000000000000000e+00 2.700000000000000000e+01 6.300000000000000000e+01 0.000000000000000000e+00 1.600000000000000089e+00 -2.250999999999999963e-03 5.339999999999999695e-04 9.999970000000000248e-01 -2.768720000000000070e-01 9.609060000000000379e-01 -1.136999999999999990e-03 -9.609039999999999804e-01 -2.768740000000000090e-01 -2.014999999999999864e-03
1.100000000000000000e+01 2.700000000000000000e+01 6.300000000000000000e+01 0.000000000000000000e+00 1.600000000000000089e+00 2.214999999999999955e-03 -1.438000000000000042e-03 9.999959999999999960e-01 -2.713220000000000076e-01 9.624869999999999814e-01 1.984999999999999785e-03 -9.624859999999999527e-01 -2.713260000000000116e-01 1.740999999999999926e-03
1.700000000000000000e+01 2.700000000000000000e+01 6.300000000000000000e+01 0.000000000000000000e+00 1.600000000000000089e+00 1.781000000000000031e-03 -8.063999999999999987e-03 9.999660000000000215e-01 -2.766710000000000003e-01 9.609290000000000331e-01 8.241999999999999327e-03 -9.609630000000000116e-01 -2.766759999999999775e-01 -5.199999999999999544e-04
2.200000000000000000e+01 2.700000000000000000e+01 6.300000000000000000e+01 0.000000000000000000e+00 1.600000000000000089e+00 -1.079999999999999960e-04 1.992999999999999980e-03 9.999980000000000535e-01 -2.748570000000000180e-01 9.614829999999999766e-01 -1.944999999999999897e-03 -9.614850000000000341e-01 -2.748570000000000180e-01 4.440000000000000045e-04
2.800000000000000000e+01 2.700000000000000000e+01 6.300000000000000000e+01 0.000000000000000000e+00 1.600000000000000089e+00 -1.369999999999999907e-03 -5.726000000000000187e-03 9.999829999999999552e-01 -2.715029999999999943e-01 9.624239999999999462e-01 5.139000000000000339e-03 -9.624369999999999870e-01 -2.714920000000000111e-01 -2.873999999999999819e-03
1.000000000000000000e+00 2.600000000000000000e+01 6.400000000000000000e+01 0.000000000000000000e+00 1.600000000000000089e+00 -2.650000000000000012e-03 7.100000000000000462e-05 9.999970000000000248e-01 -3.468579999999999997e-01 9.379170000000000007e-01 -9.859999999999998974e-04 -9.379140000000000255e-01 -3.468600000000000017e-01 -2.461000000000000080e-03
5.000000000000000000e+00 2.600000000000000000e+01 6.400000000000000000e+01 0.000000000000000000e+00 1.600000000000000089e+00 -3.125999999999999873e-03 3.899999999999999929e-05 9.999949999999999672e-01 -3.434340000000000170e-01 9.391760000000000108e-01 -1.110000000000000092e-03 -9.391720000000000068e-01 -3.434349999999999903e-01 -2.922999999999999817e-03
1.100000000000000000e+01 2.600000000000000000e+01 6.400000000000000000e+01 0.000000000000000000e+00 1.600000000000000089e+00 1.940000000000000101e-03 -3.641999999999999838e-03 9.999909999999999632e-01 -3.405750000000000166e-01 9.402080000000000437e-01 4.085000000000000089e-03 -9.402150000000000230e-01 -3.405799999999999939e-01 5.829999999999999679e-04
1.600000000000000000e+01 2.600000000000000000e+01 6.400000000000000000e+01 0.000000000000000000e+00 1.600000000000000089e+00 3.550000000000000204e-03 -1.019899999999999973e-02 9.999419999999999975e-01 -3.442040000000000100e-01 9.388330000000000286e-01 1.079800000000000031e-02 -9.388879999999999448e-01 -3.442219999999999724e-01 -1.779999999999999898e-04
2.300000000000000000e+01 2.600000000000000000e+01 6.400000000000000000e+01 0.000000000000000000e+00 1.600000000000000089e+00 -1.404000000000000083e-03 1.101999999999999898e-03 9.999980000000000535e-01 -3.447669999999999901e-01 9.386870000000000491e-01 -1.518999999999999951e-03 -9.386870000000000491e-01 -3.447689999999999921e-01 -9.380000000000000317e-04
3.000000000000000000e+00 6.900000000000000000e+01 6.600000000000000000e+01 0.000000000000000000e+00 1.600000000000000089e+00 -1.939999999999999993e-04 3.998999999999999951e-03 9.999919999999999920e-01 -9.504920000000000035e-01 3.107440000000000202e-01 -1.427000000000000100e-03 -3.107480000000000242e-01 -9.504850000000000243e-01 3.740999999999999968e-03
1.000000000000000000e+01 2.500000000000000000e+01 7.300000000000000000e+01 0.000000000000000000e+00 1.600000000000000089e+00 5.956000000000000356e-03 -1.856000000000000011e-03 9.999810000000000088e-01 7.410940000000000305e-01 -6.713780000000000303e-01 -5.661000000000000233e-03 6.713750000000000551e-01 7.411130000000000217e-01 -2.624000000000000030e-03
1.800000000000000000e+01 2.500000000000000000e+01 7.300000000000000000e+01 0.000000000000000000e+00 1.600000000000000089e+00 -1.309000000000000051e-03 2.575000000000000032e-03 9.999959999999999960e-01 7.409900000000000375e-01 -6.715100000000000513e-01 2.699000000000000010e-03 6.715140000000000553e-01 7.409909999999999553e-01 -1.028999999999999967e-03
2.400000000000000000e+01 2.500000000000000000e+01 7.300000000000000000e+01 0.000000000000000000e+00 1.600000000000000089e+00 -9.759999999999999796e-04 3.608999999999999795e-03 9.999930000000000208e-01 7.454060000000000130e-01 -6.666039999999999743e-01 3.132999999999999934e-03 6.666100000000000358e-01 7.454039999999999555e-01 -2.039000000000000014e-03
2.900000000000000000e+01 2.500000000000000000e+01 7.300000000000000000e+01 0.000000000000000000e+00 1.600000000000000089e+00 5.670000000000000127e-04 3.556999999999999832e-03 9.999930000000000208e-01 7.492159999999999931e-01 -6.623219999999999663e-01 1.930999999999999991e-03 6.623250000000000526e-01 7.492100000000000426e-01 -3.040999999999999866e-03
6.000000000000000000e+00 4.400000000000000000e+01 7.300000000000000000e+01 0.000000000000000000e+00 1.600000000000000089e+00 1.309000000000000051e-03 4.780000000000000394e-03 9.999879999999999880e-01 3.764699999999999991e-02 -9.992799999999999461e-01 4.728000000000000431e-03 9.992900000000000116e-01 3.763999999999999985e-02 -1.487999999999999956e-03
1.200000000000000000e+01 4.400000000000000000e+01 7.300000000000000000e+01 0.000000000000000000e+00 1.600000000000000089e+00 2.942000000000000171e-03 1.788000000000000093e-03 9.999940000000000495e-01 3.992199999999999915e-02 -9.992010000000000058e-01 1.668999999999999911e-03 9.991980000000000306e-01 3.991700000000000109e-02 -3.010999999999999788e-03
1.600000000000000000e+01 4.400000000000000000e+01 7.300000000000000000e+01 0.000000000000000000e+00 1.600000000000000089e+00 4.571999999999999675e-03 2.727999999999999956e-03 9.999860000000000415e-01 4.351900000000000213e-02 -9.990489999999999648e-01 2.527000000000000166e-03 9.990419999999999856e-01 4.350699999999999706e-02 -4.686000000000000061e-03
1.900000000000000000e+01 4.400000000000000000e+01 7.300000000000000000e+01 0.000000000000000000e+00 1.600000000000000089e+00 2.211999999999999991e-03 1.623000000000000094e-03 9.999959999999999960e-01 4.580399999999999749e-02 -9.989489999999999759e-01 1.520000000000000084e-03 9.989479999999999471e-01 4.580000000000000043e-02 -2.284000000000000006e-03
