1.500000000000000000e+01 2.500000000000000000e+01 1.000000000000000000e+00 0.000000000000000000e+00 1.600000000000000089e+00 1.810999999999999893e-03 4.912999999999999833e-03 -9.999860000000000415e-01 -5.301059999999999661e-01 -8.479160000000000030e-01 -5.126000000000000348e-03 -8.479299999999999615e-01 5.301080000000000236e-01 1.069000000000000072e-03
2.200000000000000000e+01 2.500000000000000000e+01 1.000000000000000000e+00 0.000000000000000000e+00 1.600000000000000089e+00 2.696000000000000046e-03 -6.740999999999999596e-03 -9.999740000000000295e-01 -5.352329999999999588e-01 -8.446939999999999449e-01 4.250999999999999571e-03 -8.447000000000000064e-01 5.352069999999999883e-01 -5.884999999999999606e-03
2.600000000000000000e+01 2.500000000000000000e+01 1.000000000000000000e+00 0.000000000000000000e+00 1.600000000000000089e+00 2.880000000000000181e-03 -1.618999999999999996e-03 -9.999949999999999672e-01 -5.368619999999999504e-01 -8.436700000000000310e-01 -1.810000000000000085e-04 -8.436649999999999983e-01 5.368589999999999751e-01 -3.298000000000000150e-03
5.000000000000000000e+00 1.500000000000000000e+01 4.000000000000000000e+00 0.000000000000000000e+00 1.600000000000000089e+00 2.975999999999999913e-03 1.378599999999999964e-02 9.999010000000000398e-01 2.963140000000000218e-01 -9.550119999999999720e-01 1.228500000000000078e-02 9.550859999999999905e-01 2.962480000000000113e-01 -6.926999999999999998e-03
1.300000000000000000e+01 1.500000000000000000e+01 4.000000000000000000e+00 0.000000000000000000e+00 1.600000000000000089e+00 1.730999999999999900e-03 2.348999999999999960e-03 9.999959999999999960e-01 3.013040000000000163e-01 -9.535270000000000135e-01 1.719000000000000042e-03 9.535259999999999847e-01 3.013000000000000123e-01 -2.357999999999999853e-03
2.800000000000000000e+01 1.500000000000000000e+01 4.000000000000000000e+00 0.000000000000000000e+00 1.600000000000000089e+00 1.389000000000000044e-03 1.303400000000000045e-02 9.999139999999999695e-01 2.939570000000000238e-01 -9.557430000000000092e-01 1.204999999999999995e-02 9.558179999999999454e-01 2.939149999999999818e-01 -5.159000000000000391e-03
4.000000000000000000e+00 1.010000000000000000e+02 7.000000000000000000e+00 0.000000000000000000e+00 1.600000000000000089e+00 3.210999999999999879e-03 -4.258999999999999765e-03 9.999860000000000415e-01 8.825300000000000367e-01 4.702549999999999786e-01 -8.310000000000000329e-04 -4.702450000000000241e-01 8.825199999999999712e-01 5.269000000000000246e-03
1.400000000000000000e+01 1.010000000000000000e+02 7.000000000000000000e+00 0.000000000000000000e+00 1.600000000000000089e+00 -5.100000000000000366e-04 -9.065999999999999406e-03 9.999590000000000423e-01 8.876190000000000468e-01 4.605549999999999922e-01 4.628000000000000169e-03 -4.605779999999999874e-01 8.875849999999999573e-01 7.812000000000000367e-03
1.800000000000000000e+01 1.010000000000000000e+02 7.000000000000000000e+00 0.000000000000000000e+00 1.600000000000000089e+00 -2.632999999999999924e-03 -2.089999999999999844e-03 9.999940000000000495e-01 8.888369999999999882e-01 4.582109999999999794e-01 3.298000000000000150e-03 -4.582160000000000122e-01 8.888409999999999922e-01 6.509999999999999945e-04
2.900000000000000000e+01 1.010000000000000000e+02 7.000000000000000000e+00 0.000000000000000000e+00 1.600000000000000089e+00 1.882999999999999908e-03 1.804000000000000048e-03 9.999970000000000248e-01 8.832839999999999581e-01 4.688309999999999977e-01 -2.508999999999999946e-03 -4.688339999999999730e-01 8.832860000000000156e-01 -7.110000000000000434e-04
8.000000000000000000e+00 1.500000000000000000e+01 8.000000000000000000e+00 0.000000000000000000e+00 1.600000000000000089e+00 8.249999999999999955e-04 1.101800000000000002e-02 -9.999390000000000223e-01 -5.920020000000000282e-01 -8.058819999999999872e-01 -9.367999999999999591e-03 -8.059359999999999857e-01 5.919740000000000002e-01 5.858000000000000360e-03
2.900000000000000000e+01 1.500000000000000000e+01 8.000000000000000000e+00 0.000000000000000000e+00 1.600000000000000089e+00 3.491000000000000179e-03 1.212399999999999936e-02 -9.999200000000000310e-01 -5.916169999999999485e-01 -8.061319999999999597e-01 -1.183999999999999983e-02 -8.062120000000000397e-01 5.916109999999999980e-01 4.357999999999999895e-03
5.000000000000000000e+00 2.400000000000000000e+01 9.000000000000000000e+00 0.000000000000000000e+00 1.600000000000000089e+00 -7.339999999999999520e-04 -5.315000000000000280e-03 -9.999860000000000415e-01 4.536939999999999862e-01 8.911430000000000184e-01 -5.068999999999999721e-03 8.911569999999999769e-01 -4.536910000000000109e-01 1.758000000000000014e-03
1.100000000000000000e+01 2.400000000000000000e+01 9.000000000000000000e+00 0.000000000000000000e+00 1.600000000000000089e+00 -1.757000000000000098e-03 -8.330999999999999864e-03 -9.999639999999999640e-01 4.546200000000000241e-01 8.906479999999999952e-01 -8.219000000000000611e-03 8.906840000000000312e-01 -4.546180000000000221e-01 2.222000000000000017e-03
1.700000000000000000e+01 2.400000000000000000e+01 9.000000000000000000e+00 0.000000000000000000e+00 1.600000000000000089e+00 -2.240999999999999936e-03 -9.286000000000000851e-03 -9.999540000000000095e-01 4.556479999999999975e-01 8.901109999999999856e-01 -9.287000000000000116e-03 8.901569999999999760e-01 -4.556479999999999975e-01 2.236000000000000140e-03
2.600000000000000000e+01 2.400000000000000000e+01 9.000000000000000000e+00 0.000000000000000000e+00 1.600000000000000089e+00 -3.886000000000000131e-03 -6.923999999999999599e-03 -9.999689999999999968e-01 4.597100000000000075e-01 8.880339999999999900e-01 -7.934999999999999346e-03 8.880609999999999893e-01 -4.597260000000000235e-01 -2.680000000000000090e-04
2.500000000000000000e+01 1.040000000000000000e+02 1.100000000000000000e+01 0.000000000000000000e+00 1.600000000000000089e+00 2.041999999999999978e-03 -1.135300000000000024e-02 9.999329999999999607e-01 -9.746629999999999461e-01 -2.236769999999999869e-01 -5.490000000000000088e-04 2.236690000000000067e-01 -9.745970000000000466e-01 -1.152199999999999926e-02
1.100000000000000000e+01 3.100000000000000000e+01 1.200000000000000000e+01 0.000000000000000000e+00 1.600000000000000089e+00 3.829999999999999854e-04 -4.186999999999999750e-03 9.999909999999999632e-01 7.936000000000000346e-03 9.999599999999999600e-01 4.184000000000000219e-03 -9.999679999999999680e-01 7.934000000000000080e-03 4.159999999999999744e-04
1.800000000000000000e+01 3.100000000000000000e+01 1.200000000000000000e+01 0.000000000000000000e+00 1.600000000000000089e+00 1.087000000000000076e-03 -4.199999999999999740e-03 9.999909999999999632e-01 4.677999999999999867e-03 9.999799999999999800e-01 4.194999999999999944e-03 -9.999879999999999880e-01 4.673000000000000070e-03 1.106999999999999911e-03
2.400000000000000000e+01 3.100000000000000000e+01 1.200000000000000000e+01 0.000000000000000000e+00 1.600000000000000089e+00 -5.349999999999999938e-04 -6.049999999999999822e-03 9.999820000000000375e-01 2.164000000000000125e-03 9.999789999999999512e-01 6.052000000000000088e-03 -9.999970000000000248e-01 2.167000000000000089e-03 -5.209999999999999788e-04
6.000000000000000000e+00 3.200000000000000000e+01 1.400000000000000000e+01 0.000000000000000000e+00 1.600000000000000089e+00 9.079999999999999530e-04 5.439999999999999957e-04 -9.999989999999999712e-01 1.005980000000000069e-01 9.949270000000000058e-01 6.319999999999999663e-04 9.949270000000000058e-01 -1.005989999999999940e-01 8.490000000000000368e-04
2.000000000000000000e+00 1.200000000000000000e+01 1.500000000000000000e+01 0.000000000000000000e+00 1.600000000000000089e+00 -5.150000000000000498e-04 -1.920000000000000049e-04 -1.000000000000000000e+00 -4.704659999999999953e-01 -8.824180000000000357e-01 4.119999999999999856e-04 -8.824180000000000357e-01 4.704670000000000241e-01 3.640000000000000115e-04
1.100000000000000000e+01 1.200000000000000000e+01 1.500000000000000000e+01 0.000000000000000000e+00 1.600000000000000089e+00 -9.790000000000000525e-04 2.480000000000000108e-04 -1.000000000000000000e+00 -4.687009999999999788e-01 -8.833569999999999478e-01 2.400000000000000061e-04 -8.833560000000000301e-01 4.687009999999999788e-01 9.810000000000001011e-04
2.100000000000000000e+01 1.200000000000000000e+01 1.500000000000000000e+01 0.000000000000000000e+00 1.600000000000000089e+00 3.530000000000000152e-04 4.690000000000000158e-04 -1.000000000000000000e+00 -4.676660000000000261e-01 -8.839050000000000518e-01 -5.800000000000000034e-04 -8.839050000000000518e-01 4.676660000000000261e-01 -9.299999999999999727e-05
7.000000000000000000e+00 1.100000000000000000e+01 1.600000000000000000e+01 0.000000000000000000e+00 1.600000000000000089e+00 -8.490000000000000368e-04 -2.465999999999999876e-03 -9.999970000000000248e-01 -4.166929999999999801e-01 -9.090439999999999632e-01 2.595999999999999783e-03 -9.090470000000000494e-01 4.166940000000000088e-01 -2.559999999999999884e-04
1.000000000000000000e+01 1.100000000000000000e+01 1.600000000000000000e+01 0.000000000000000000e+00 1.600000000000000089e+00 -1.036999999999999944e-03 -5.890000000000000053e-04 -9.999989999999999712e-01 -4.169820000000000193e-01 -9.089139999999999997e-01 9.680000000000000019e-04 -9.089139999999999997e-01 4.169829999999999925e-01 6.970000000000000284e-04
1.400000000000000000e+01 1.100000000000000000e+01 1.600000000000000000e+01 0.000000000000000000e+00 1.600000000000000089e+00 -1.093000000000000005e-03 3.722000000000000048e-03 -9.999919999999999920e-01 -4.185479999999999756e-01 -9.081900000000000528e-01 -2.922999999999999817e-03 -9.081939999999999458e-01 4.185420000000000251e-01 2.550999999999999882e-03
1.200000000000000000e+01 1.160000000000000000e+02 1.600000000000000000e+01 0.000000000000000000e+00 1.600000000000000089e+00 1.559999999999999972e-03 1.887999999999999921e-03 9.999970000000000248e-01 6.942939999999999667e-01 7.196879999999999944e-01 -2.442000000000000160e-03 -7.196900000000000519e-01 6.942949999999999955e-01 -1.879999999999999890e-04
2.500000000000000000e+01 1.160000000000000000e+02 1.600000000000000000e+01 0.000000000000000000e+00 1.600000000000000089e+00 -1.825000000000000016e-03 -1.100999999999999982e-03 9.999980000000000535e-01 7.053570000000000118e-01 7.088489999999999513e-01 2.066999999999999827e-03 -7.088499999999999801e-01 7.053589999999999582e-01 -5.169999999999999899e-04
3.000000000000000000e+00 2.000000000000000000e+00 1.900000000000000000e+01 0.000000000000000000e+00 1.600000000000000089e+00 1.067000000000000023e-03 -2.893999999999999871e-03 -9.999949999999999672e-01 1.884170000000000011e-01 -9.820839999999999570e-01 3.043000000000000132e-03 -9.820889999999999898e-01 -1.884190000000000031e-01 -5.029999999999999749e-04
7.000000000000000000e+00 2.000000000000000000e+00 1.900000000000000000e+01 0.000000000000000000e+00 1.600000000000000089e+00 -1.981000000000000122e-03 9.340000000000000429e-04 -9.999980000000000535e-01 1.861829999999999874e-01 -9.825139999999999985e-01 -1.286000000000000034e-03 -9.825129999999999697e-01 -1.861849999999999894e-01 1.771999999999999921e-03
1.100000000000000000e+01 2.000000000000000000e+00 1.900000000000000000e+01 0.000000000000000000e+00 1.600000000000000089e+00 -3.798999999999999860e-03 7.979999999999999897e-04 -9.999919999999999920e-01 1.835330000000000017e-01 -9.830119999999999969e-01 -1.482000000000000027e-03 -9.830060000000000464e-01 -1.835370000000000057e-01 3.588000000000000043e-03
1.600000000000000000e+01 2.000000000000000000e+00 1.900000000000000000e+01 0.000000000000000000e+00 1.600000000000000089e+00 3.950000000000000061e-04 -7.576000000000000269e-03 -9.999710000000000543e-01 1.791669999999999929e-01 -9.837900000000000533e-01 7.524999999999999571e-03 -9.838189999999999991e-01 -1.791649999999999909e-01 9.690000000000000262e-04
5.000000000000000000e+00 4.000000000000000000e+00 2.000000000000000000e+01 0.000000000000000000e+00 1.600000000000000089e+00 1.961000000000000069e-03 -1.160000000000000007e-04 -9.999980000000000535e-01 2.825090000000000101e-01 -9.592640000000000056e-01 6.650000000000000095e-04 -9.592619999999999481e-01 -2.825099999999999834e-01 -1.848999999999999949e-03
1.100000000000000000e+01 4.000000000000000000e+00 2.000000000000000000e+01 0.000000000000000000e+00 1.600000000000000089e+00 -5.786999999999999610e-03 3.246999999999999886e-03 -9.999780000000000335e-01 2.758700000000000041e-01 -9.611830000000000096e-01 -4.717999999999999972e-03 -9.611779999999999768e-01 -2.758909999999999973e-01 4.667000000000000141e-03
1.500000000000000000e+01 4.000000000000000000e+00 2.000000000000000000e+01 0.000000000000000000e+00 1.600000000000000089e+00 -2.272000000000000148e-03 -9.372000000000000122e-03 -9.999529999999999808e-01 2.809940000000000215e-01 -9.596729999999999983e-01 8.356000000000000580e-03 -9.597069999999999768e-01 -2.809619999999999895e-01 4.813999999999999703e-03
5.000000000000000000e+00 1.300000000000000000e+01 2.000000000000000000e+01 0.000000000000000000e+00 1.600000000000000089e+00 -1.283999999999999985e-03 1.386000000000000079e-03 9.999980000000000535e-01 2.558790000000000231e-01 9.667080000000000117e-01 -1.012000000000000096e-03 -9.667080000000000117e-01 2.558770000000000211e-01 -1.595999999999999979e-03
1.200000000000000000e+01 1.300000000000000000e+01 2.000000000000000000e+01 0.000000000000000000e+00 1.600000000000000089e+00 -4.629999999999999784e-04 -8.100000000000000375e-05 1.000000000000000000e+00 2.526720000000000077e-01 9.675519999999999676e-01 1.959999999999999937e-04 -9.675519999999999676e-01 2.526720000000000077e-01 -4.270000000000000249e-04
1.900000000000000000e+01 1.300000000000000000e+01 2.000000000000000000e+01 0.000000000000000000e+00 1.600000000000000089e+00 -4.739999999999999747e-04 -3.497999999999999807e-03 9.999940000000000495e-01 2.551080000000000014e-01 9.669060000000000432e-01 3.503000000000000037e-03 -9.669130000000000225e-01 2.551080000000000014e-01 4.339999999999999782e-04
2.400000000000000000e+01 1.300000000000000000e+01 2.000000000000000000e+01 0.000000000000000000e+00 1.600000000000000089e+00 -6.080000000000000335e-04 -2.763999999999999964e-03 9.999959999999999960e-01 2.572439999999999727e-01 9.663420000000000343e-01 2.827000000000000086e-03 -9.663460000000000383e-01 2.572439999999999727e-01 1.230000000000000082e-04
3.000000000000000000e+01 1.300000000000000000e+01 2.000000000000000000e+01 0.000000000000000000e+00 1.600000000000000089e+00 1.830000000000000029e-04 9.100000000000000287e-05 1.000000000000000000e+00 2.574790000000000134e-01 9.662840000000000318e-01 -1.350000000000000017e-04 -9.662840000000000318e-01 2.574790000000000134e-01 1.540000000000000028e-04
4.000000000000000000e+00 1.600000000000000000e+01 2.100000000000000000e+01 0.000000000000000000e+00 1.600000000000000089e+00 -2.060000000000000199e-03 -1.982999999999999954e-03 9.999959999999999960e-01 2.976920000000000122e-01 9.546590000000000353e-01 2.505999999999999981e-03 -9.546599999999999531e-01 2.976960000000000162e-01 -1.376000000000000053e-03
8.000000000000000000e+00 1.600000000000000000e+01 2.100000000000000000e+01 0.000000000000000000e+00 1.600000000000000089e+00 -1.123999999999999999e-03 3.997999999999999818e-03 9.999909999999999632e-01 2.980240000000000111e-01 9.545519999999999561e-01 -3.481000000000000153e-03 -9.545580000000000176e-01 2.980180000000000051e-01 -2.265000000000000086e-03
1.200000000000000000e+01 1.600000000000000000e+01 2.100000000000000000e+01 0.000000000000000000e+00 1.600000000000000089e+00 -5.890000000000000053e-04 2.148999999999999869e-03 9.999970000000000248e-01 2.966539999999999733e-01 9.549830000000000263e-01 -1.876999999999999979e-03 -9.549849999999999728e-01 2.966520000000000268e-01 -1.199999999999999895e-03
2.000000000000000000e+01 1.600000000000000000e+01 2.100000000000000000e+01 0.000000000000000000e+00 1.600000000000000089e+00 -4.699999999999999859e-04 -5.825999999999999582e-03 9.999829999999999552e-01 2.970200000000000062e-01 9.548539999999999806e-01 5.702999999999999736e-03 -9.548710000000000253e-01 2.970180000000000042e-01 1.281999999999999936e-03
2.400000000000000000e+01 1.600000000000000000e+01 2.100000000000000000e+01 0.000000000000000000e+00 1.600000000000000089e+00 -3.440000000000000132e-04 -4.329999999999999648e-03 9.999909999999999632e-01 2.970430000000000015e-01 9.548550000000000093e-01 4.236000000000000182e-03 -9.548640000000000461e-01 2.970419999999999727e-01 9.579999999999999757e-04
2.700000000000000000e+01 1.600000000000000000e+01 2.100000000000000000e+01 0.000000000000000000e+00 1.600000000000000089e+00 -3.550000000000000096e-04 2.099999999999999884e-05 1.000000000000000000e+00 2.969160000000000132e-01 9.549029999999999463e-01 8.500000000000000611e-05 -9.549029999999999463e-01 2.969160000000000132e-01 -3.449999999999999833e-04
3.000000000000000000e+00 3.000000000000000000e+00 2.500000000000000000e+01 0.000000000000000000e+00 1.600000000000000089e+00 -7.200000000000000453e-04 -3.488000000000000215e-03 9.999940000000000495e-01 -4.218500000000000028e-02 -9.991039999999999921e-01 -3.516000000000000028e-03 9.991100000000000536e-01 -4.218700000000000228e-02 5.720000000000000258e-04
7.000000000000000000e+00 3.000000000000000000e+00 2.500000000000000000e+01 0.000000000000000000e+00 1.600000000000000089e+00 -3.468999999999999861e-03 1.240000000000000000e-03 9.999930000000000208e-01 -3.781500000000000139e-02 -9.992839999999999501e-01 1.108000000000000044e-03 9.992790000000000283e-01 -3.781099999999999739e-02 3.513000000000000064e-03
1.400000000000000000e+01 3.000000000000000000e+00 2.500000000000000000e+01 0.000000000000000000e+00 1.600000000000000089e+00 2.272000000000000148e-03 3.191999999999999959e-03 9.999919999999999920e-01 -3.919500000000000067e-02 -9.992259999999999476e-01 3.278000000000000098e-03 9.992290000000000338e-01 -3.920200000000000073e-02 -2.145000000000000205e-03
2.400000000000000000e+01 3.000000000000000000e+00 2.500000000000000000e+01 0.000000000000000000e+00 1.600000000000000089e+00 -7.618999999999999904e-03 -2.640000000000000202e-04 9.999710000000000543e-01 -2.954899999999999888e-02 -9.995629999999999793e-01 -4.889999999999999599e-04 9.995340000000000336e-01 -2.955199999999999841e-02 7.607000000000000046e-03
2.000000000000000000e+00 4.600000000000000000e+01 2.700000000000000000e+01 0.000000000000000000e+00 1.600000000000000089e+00 2.023000000000000059e-03 1.905999999999999925e-03 -9.999959999999999960e-01 6.594119999999999981e-01 7.517770000000000286e-01 2.766999999999999928e-03 7.517789999999999750e-01 -6.594149999999999734e-01 2.640000000000000202e-04
1.300000000000000000e+01 4.600000000000000000e+01 2.700000000000000000e+01 0.000000000000000000e+00 1.600000000000000089e+00 2.113999999999999994e-03 1.815999999999999906e-03 -9.999959999999999960e-01 6.629270000000000440e-01 7.486789999999999834e-01 2.760999999999999999e-03 7.486810000000000409e-01 -6.629300000000000193e-01 3.789999999999999966e-04
2.100000000000000000e+01 4.600000000000000000e+01 2.700000000000000000e+01 0.000000000000000000e+00 1.600000000000000089e+00 -2.157000000000000063e-03 -3.036000000000000070e-03 -9.999930000000000208e-01 6.610120000000000440e-01 7.503659999999999775e-01 -3.703999999999999827e-03 7.503720000000000390e-01 -6.610160000000000480e-01 3.879999999999999985e-04
6.000000000000000000e+00 5.800000000000000000e+01 3.100000000000000000e+01 0.000000000000000000e+00 1.600000000000000089e+00 -2.259000000000000157e-03 3.376000000000000095e-03 9.999919999999999920e-01 -7.941399999999999570e-01 -6.077350000000000252e-01 2.570000000000000127e-04 6.077310000000000212e-01 -7.941319999999999490e-01 4.054000000000000312e-03
1.200000000000000000e+01 5.800000000000000000e+01 3.100000000000000000e+01 0.000000000000000000e+00 1.600000000000000089e+00 7.820000000000000345e-04 3.609999999999999928e-04 1.000000000000000000e+00 -7.947560000000000180e-01 -6.069280000000000230e-01 8.400000000000000348e-04 6.069280000000000230e-01 -7.947570000000000467e-01 -1.879999999999999890e-04
1.600000000000000000e+01 5.800000000000000000e+01 3.100000000000000000e+01 0.000000000000000000e+00 1.600000000000000089e+00 1.479999999999999979e-03 5.119999999999999768e-04 9.999989999999999712e-01 -7.951820000000000555e-01 -6.063690000000000468e-01 1.487999999999999956e-03 6.063690000000000468e-01 -7.951829999999999732e-01 -4.899999999999999842e-04
2.200000000000000000e+01 5.800000000000000000e+01 3.100000000000000000e+01 0.000000000000000000e+00 1.600000000000000089e+00 -5.050000000000000235e-04 5.050000000000000235e-04 1.000000000000000000e+00 -7.929070000000000285e-01 -6.093429999999999680e-01 -9.200000000000000007e-05 6.093429999999999680e-01 -7.929070000000000285e-01 7.079999999999999705e-04
2.900000000000000000e+01 5.800000000000000000e+01 3.100000000000000000e+01 0.000000000000000000e+00 1.600000000000000089e+00 -1.502999999999999996e-03 -6.459999999999999597e-03 9.999780000000000335e-01 -7.903449999999999642e-01 -6.126399999999999624e-01 -5.145000000000000268e-03 6.126599999999999824e-01 -7.903350000000000097e-01 -4.185000000000000352e-03
1.600000000000000000e+01 6.000000000000000000e+00 3.200000000000000000e+01 0.000000000000000000e+00 1.600000000000000089e+00 -2.199000000000000000e-03 -6.059000000000000150e-03 -9.999789999999999512e-01 1.379019999999999968e-01 9.904260000000000286e-01 -6.304999999999999841e-03 9.904429999999999623e-01 -1.379130000000000078e-01 -1.343000000000000010e-03
2.100000000000000000e+01 6.000000000000000000e+00 3.200000000000000000e+01 0.000000000000000000e+00 1.600000000000000089e+00 -3.693999999999999801e-03 -3.335999999999999990e-03 -9.999879999999999880e-01 1.414080000000000059e-01 9.899440000000000461e-01 -3.824999999999999841e-03 9.899449999999999639e-01 -1.414209999999999912e-01 -3.184999999999999897e-03
7.000000000000000000e+00 4.600000000000000000e+01 3.500000000000000000e+01 0.000000000000000000e+00 1.600000000000000089e+00 1.010000000000000047e-03 -2.320000000000000014e-04 -1.000000000000000000e+00 3.843610000000000082e-01 -9.231829999999999758e-01 6.030000000000000204e-04 -9.231819999999999471e-01 -3.843610000000000082e-01 -8.429999999999999993e-04
1.200000000000000000e+01 4.600000000000000000e+01 3.500000000000000000e+01 0.000000000000000000e+00 1.600000000000000089e+00 -1.310000000000000129e-04 -1.789999999999999870e-04 -1.000000000000000000e+00 3.846229999999999927e-01 -9.230739999999999501e-01 1.150000000000000035e-04 -9.230739999999999501e-01 -3.846229999999999927e-01 1.890000000000000133e-04
2.000000000000000000e+01 4.600000000000000000e+01 3.500000000000000000e+01 0.000000000000000000e+00 1.600000000000000089e+00 -1.079000000000000098e-03 5.469999999999999602e-04 -9.999989999999999712e-01 3.822420000000000262e-01 -9.240620000000000500e-01 -9.179999999999999792e-04 -9.240620000000000500e-01 -3.822429999999999994e-01 7.879999999999999635e-04
2.500000000000000000e+01 4.600000000000000000e+01 3.500000000000000000e+01 0.000000000000000000e+00 1.600000000000000089e+00 2.950000000000000148e-04 8.779999999999999827e-04 -1.000000000000000000e+00 3.818949999999999845e-01 -9.242050000000000542e-01 -6.989999999999999686e-04 -9.242059999999999720e-01 -3.818949999999999845e-01 -6.080000000000000335e-04
4.000000000000000000e+00 9.500000000000000000e+01 3.600000000000000000e+01 0.000000000000000000e+00 1.600000000000000089e+00 1.399099999999999996e-02 1.952299999999999869e-02 9.997120000000000450e-01 9.965720000000000134e-01 8.126200000000000090e-02 -1.553399999999999920e-02 -8.154200000000000337e-02 9.965019999999999989e-01 -1.831899999999999848e-02
9.000000000000000000e+00 9.500000000000000000e+01 3.600000000000000000e+01 0.000000000000000000e+00 1.600000000000000089e+00 1.034500000000000003e-02 5.186999999999999771e-03 9.999329999999999607e-01 9.965159999999999574e-01 8.270399999999999974e-02 -1.073900000000000028e-02 -8.275399999999999423e-02 9.965610000000000301e-01 -4.314000000000000126e-03
1.400000000000000000e+01 9.500000000000000000e+01 3.600000000000000000e+01 0.000000000000000000e+00 1.600000000000000089e+00 2.671000000000000197e-03 1.896799999999999875e-02 9.998169999999999558e-01 9.966599999999999904e-01 8.155199999999999949e-02 -4.209000000000000068e-03 -8.161699999999999511e-02 9.964889999999999581e-01 -1.868699999999999875e-02
2.000000000000000000e+01 9.500000000000000000e+01 3.600000000000000000e+01 0.000000000000000000e+00 1.600000000000000089e+00 -2.944000000000000002e-03 -1.493000000000000056e-02 9.998839999999999950e-01 9.961269999999999847e-01 8.781799999999999329e-02 4.244999999999999642e-03 -8.787100000000000466e-02 9.960250000000000492e-01 1.461400000000000025e-02
2.500000000000000000e+01 9.500000000000000000e+01 3.600000000000000000e+01 0.000000000000000000e+00 1.600000000000000089e+00 -4.531000000000000305e-03 -6.030000000000000204e-04 9.999900000000000455e-01 9.957740000000000480e-01 9.172199999999999798e-02 4.568000000000000012e-03 -9.172399999999999998e-02 9.957840000000000025e-01 1.849999999999999973e-04
2.900000000000000000e+01 9.500000000000000000e+01 3.600000000000000000e+01 0.000000000000000000e+00 1.600000000000000089e+00 -1.616000000000000032e-03 -1.036000000000000029e-03 9.999980000000000535e-01 9.958529999999999882e-01 9.096300000000000219e-02 1.704000000000000003e-03 -9.096400000000000319e-02 9.958540000000000170e-01 8.850000000000000444e-04
2.000000000000000000e+00 3.000000000000000000e+00 4.300000000000000000e+01 0.000000000000000000e+00 1.600000000000000089e+00 -1.013000000000000012e-03 1.882899999999999852e-02 -9.998219999999999885e-01 7.402279999999999971e-01 -6.722219999999999862e-01 -1.340900000000000078e-02 -6.723550000000000360e-01 -7.401100000000000456e-01 -1.325699999999999969e-02
1.000000000000000000e+01 3.000000000000000000e+00 4.300000000000000000e+01 0.000000000000000000e+00 1.600000000000000089e+00 -4.196000000000000077e-03 -4.240399999999999725e-02 -9.990919999999999801e-01 7.389219999999999677e-01 -6.733090000000000463e-01 2.547400000000000012e-02 -6.737779999999999880e-01 -7.381440000000000223e-01 3.415800000000000086e-02
1.700000000000000000e+01 3.000000000000000000e+00 4.300000000000000000e+01 0.000000000000000000e+00 1.600000000000000089e+00 -7.506999999999999784e-03 -5.754800000000000193e-02 -9.983140000000000347e-01 7.438730000000000064e-01 -6.675109999999999655e-01 3.288499999999999757e-02 -6.682789999999999564e-01 -7.423729999999999496e-01 4.781900000000000039e-02
2.200000000000000000e+01 3.000000000000000000e+00 4.300000000000000000e+01 0.000000000000000000e+00 1.600000000000000089e+00 -7.830000000000000154e-03 -2.936300000000000021e-02 -9.995380000000000376e-01 7.463070000000000537e-01 -6.654609999999999692e-01 1.370299999999999990e-02 -6.655560000000000365e-01 -7.458550000000000457e-01 2.712499999999999981e-02
2.600000000000000000e+01 3.000000000000000000e+00 4.300000000000000000e+01 0.000000000000000000e+00 1.600000000000000089e+00 -5.473999999999999699e-03 -7.173999999999999821e-03 -9.999590000000000423e-01 7.470499999999999918e-01 -6.647669999999999968e-01 6.800000000000000488e-04 -6.647450000000000303e-01 -7.470160000000000133e-01 8.998000000000000789e-03
2.000000000000000000e+00 8.000000000000000000e+00 4.400000000000000000e+01 0.000000000000000000e+00 1.600000000000000089e+00 3.069999999999999812e-04 1.459399999999999933e-02 9.998930000000000318e-01 -7.818869999999999987e-01 -6.233499999999999597e-01 9.339000000000000079e-03 6.234199999999999742e-01 -7.818070000000000297e-01 1.122000000000000081e-02
2.600000000000000000e+01 8.000000000000000000e+00 4.400000000000000000e+01 0.000000000000000000e+00 1.600000000000000089e+00 -5.300000000000000078e-05 -2.533999999999999794e-03 9.999970000000000248e-01 -7.679690000000000127e-01 -6.404849999999999710e-01 -1.663999999999999898e-03 6.404870000000000285e-01 -7.679669999999999552e-01 -1.912000000000000071e-03
3.000000000000000000e+01 8.000000000000000000e+00 4.400000000000000000e+01 0.000000000000000000e+00 1.600000000000000089e+00 -9.699999999999999963e-05 1.593999999999999931e-03 9.999989999999999712e-01 -7.677570000000000228e-01 -6.407399999999999762e-01 9.470000000000000336e-04 6.407410000000000050e-01 -7.677559999999999940e-01 1.286000000000000034e-03
9.000000000000000000e+00 2.900000000000000000e+01 4.400000000000000000e+01 0.000000000000000000e+00 1.600000000000000089e+00 -5.980000000000000072e-04 2.680000000000000090e-03 -9.999959999999999960e-01 6.612590000000000412e-01 7.501560000000000450e-01 1.614999999999999899e-03 7.501569999999999627e-01 -6.612559999999999549e-01 -2.220999999999999884e-03
1.400000000000000000e+01 2.900000000000000000e+01 4.400000000000000000e+01 0.000000000000000000e+00 1.600000000000000089e+00 9.129999999999999661e-04 2.469999999999999973e-03 -9.999970000000000248e-01 6.561860000000000470e-01 7.545950000000000157e-01 2.462999999999999912e-03 7.545979999999999910e-01 -6.561860000000000470e-01 -9.319999999999999942e-04
1.900000000000000000e+01 2.900000000000000000e+01 4.400000000000000000e+01 0.000000000000000000e+00 1.600000000000000089e+00 1.399999999999999986e-03 -2.054999999999999969e-03 -9.999970000000000248e-01 6.550740000000000451e-01 7.555640000000000134e-01 -6.350000000000000392e-04 7.555629999999999846e-01 -6.550709999999999589e-01 2.403000000000000188e-03
2.200000000000000000e+01 2.900000000000000000e+01 4.400000000000000000e+01 0.000000000000000000e+00 1.600000000000000089e+00 1.409000000000000096e-03 -3.831999999999999903e-03 -9.999919999999999920e-01 6.567709999999999937e-01 7.540879999999999805e-01 -1.964000000000000034e-03 7.540890000000000093e-01 -6.567629999999999857e-01 3.579000000000000150e-03
2.800000000000000000e+01 2.900000000000000000e+01 4.400000000000000000e+01 0.000000000000000000e+00 1.600000000000000089e+00 2.831000000000000183e-03 -6.374000000000000325e-03 -9.999759999999999760e-01 6.661949999999999816e-01 7.457719999999999905e-01 -2.867999999999999890e-03 7.457719999999999905e-01 -6.661709999999999576e-01 6.357999999999999936e-03
3.000000000000000000e+00 5.400000000000000000e+01 4.600000000000000000e+01 0.000000000000000000e+00 1.600000000000000089e+00 -7.669999999999999951e-04 -1.519399999999999917e-02 9.998839999999999950e-01 3.082960000000000145e-01 -9.511840000000000295e-01 -1.421700000000000047e-02 9.512899999999999689e-01 3.082500000000000240e-01 5.414000000000000409e-03
1.300000000000000000e+01 5.400000000000000000e+01 4.600000000000000000e+01 0.000000000000000000e+00 1.600000000000000089e+00 5.410000000000000312e-04 -9.591999999999999832e-03 9.999540000000000095e-01 3.175060000000000104e-01 -9.482110000000000261e-01 -9.266999999999999196e-03 9.482559999999999878e-01 3.174960000000000004e-01 2.531999999999999963e-03
2.000000000000000000e+00 6.300000000000000000e+01 5.400000000000000000e+01 0.000000000000000000e+00 1.600000000000000089e+00 -8.189999999999999581e-04 2.223000000000000149e-03 9.999970000000000248e-01 -3.639020000000000032e-01 9.314339999999999842e-01 -2.369000000000000012e-03 -9.314369999999999594e-01 -3.639029999999999765e-01 4.600000000000000004e-05
6.000000000000000000e+00 6.300000000000000000e+01 5.400000000000000000e+01 0.000000000000000000e+00 1.600000000000000089e+00 -1.904000000000000093e-03 1.941000000000000017e-03 9.999959999999999960e-01 -3.539789999999999881e-01 9.352500000000000258e-01 -2.488999999999999893e-03 -9.352519999999999722e-01 -3.539820000000000189e-01 -1.093999999999999920e-03
1.000000000000000000e+01 6.300000000000000000e+01 5.400000000000000000e+01 0.000000000000000000e+00 1.600000000000000089e+00 1.800000000000000113e-04 4.318999999999999923e-03 9.999909999999999632e-01 -3.486620000000000275e-01 9.372399999999999620e-01 -3.984999999999999827e-03 -9.372489999999999988e-01 -3.486580000000000235e-01 1.675000000000000057e-03
1.400000000000000000e+01 6.300000000000000000e+01 5.400000000000000000e+01 0.000000000000000000e+00 1.600000000000000089e+00 -2.130000000000000003e-04 4.749999999999999990e-04 1.000000000000000000e+00 -3.477180000000000271e-01 9.375989999999999602e-01 -5.190000000000000386e-04 -9.375989999999999602e-01 -3.477180000000000271e-01 -3.499999999999999693e-05
2.500000000000000000e+01 6.300000000000000000e+01 5.400000000000000000e+01 0.000000000000000000e+00 1.600000000000000089e+00 1.799000000000000035e-03 -1.368000000000000075e-03 9.999970000000000248e-01 -3.573299999999999810e-01 9.339760000000000284e-01 1.920999999999999965e-03 -9.339769999999999461e-01 -3.573319999999999830e-01 1.191000000000000001e-03
2.900000000000000000e+01 6.300000000000000000e+01 5.400000000000000000e+01 0.000000000000000000e+00 1.600000000000000089e+00 7.069999999999999462e-04 -1.121000000000000035e-03 9.999989999999999712e-01 -3.623930000000000207e-01 9.320249999999999924e-01 1.301000000000000073e-03 -9.320249999999999924e-01 -3.623930000000000207e-01 2.519999999999999996e-04
2.000000000000000000e+00 2.500000000000000000e+01 5.500000000000000000e+01 0.000000000000000000e+00 1.600000000000000089e+00 -1.079999999999999960e-04 3.359999999999999814e-04 -1.000000000000000000e+00 -1.008700000000000048e-02 -9.999489999999999768e-01 -3.339999999999999870e-04 -9.999489999999999768e-01 1.008700000000000048e-02 1.119999999999999983e-04
5.000000000000000000e+00 2.500000000000000000e+01 5.500000000000000000e+01 0.000000000000000000e+00 1.600000000000000089e+00 -1.150000000000000035e-04 -1.822999999999999968e-03 -9.999980000000000535e-01 -1.008799999999999975e-02 -9.999470000000000303e-01 1.824000000000000100e-03 -9.999489999999999768e-01 1.008799999999999975e-02 9.699999999999999963e-05
1.300000000000000000e+01 2.500000000000000000e+01 5.500000000000000000e+01 0.000000000000000000e+00 1.600000000000000089e+00 4.569999999999999952e-04 -1.510000000000000112e-04 -1.000000000000000000e+00 -1.076200000000000073e-02 -9.999419999999999975e-01 1.469999999999999953e-04 -9.999419999999999975e-01 1.076200000000000073e-02 -4.589999999999999896e-04
1.900000000000000000e+01 2.500000000000000000e+01 5.500000000000000000e+01 0.000000000000000000e+00 1.600000000000000089e+00 1.056999999999999997e-03 -2.018999999999999961e-03 -9.999970000000000248e-01 -1.214900000000000008e-02 -9.999240000000000350e-01 2.005999999999999971e-03 -9.999259999999999815e-01 1.214699999999999981e-02 -1.080999999999999930e-03
2.300000000000000000e+01 2.500000000000000000e+01 5.500000000000000000e+01 0.000000000000000000e+00 1.600000000000000089e+00 5.169999999999999899e-04 1.938999999999999968e-03 -9.999980000000000535e-01 -1.295900000000000003e-02 -9.999139999999999695e-01 -1.946000000000000030e-03 -9.999160000000000270e-01 1.295999999999999930e-02 -4.910000000000000085e-04
2.900000000000000000e+01 2.500000000000000000e+01 5.500000000000000000e+01 0.000000000000000000e+00 1.600000000000000089e+00 -2.366000000000000048e-03 -3.765999999999999816e-03 -9.999900000000000455e-01 -1.187299999999999987e-02 -9.999219999999999775e-01 3.792999999999999931e-03 -9.999270000000000103e-01 1.188099999999999920e-02 2.321000000000000146e-03
3.000000000000000000e+00 6.800000000000000000e+01 5.700000000000000000e+01 0.000000000000000000e+00 1.600000000000000089e+00 2.077999999999999986e-03 5.256000000000000255e-03 -9.999839999999999840e-01 -2.454629999999999868e-01 -9.693899999999999739e-01 -5.604999999999999739e-03 -9.694040000000000434e-01 2.454709999999999948e-01 -7.240000000000000342e-04
5.000000000000000000e+00 2.100000000000000000e+01 6.000000000000000000e+01 0.000000000000000000e+00 1.600000000000000089e+00 -1.389999999999999905e-04 8.316000000000000475e-03 9.999649999999999928e-01 -9.524100000000000621e-02 9.954199999999999715e-01 -8.290999999999999759e-03 -9.954539999999999500e-01 -9.523900000000000421e-02 6.539999999999999590e-04
9.000000000000000000e+00 2.100000000000000000e+01 6.000000000000000000e+01 0.000000000000000000e+00 1.600000000000000089e+00 -8.170000000000000179e-04 2.369999999999999874e-04 1.000000000000000000e+00 -9.449699999999999767e-02 9.955249999999999932e-01 -3.130000000000000187e-04 -9.955249999999999932e-01 -9.449799999999999867e-02 -7.910000000000000364e-04
1.800000000000000000e+01 2.100000000000000000e+01 6.000000000000000000e+01 0.000000000000000000e+00 1.600000000000000089e+00 -9.020000000000000240e-04 -1.276000000000000007e-03 9.999989999999999712e-01 -9.671599999999999642e-02 9.953109999999999458e-01 1.182000000000000108e-03 -9.953119999999999745e-01 -9.671399999999999442e-02 -1.020999999999999989e-03
2.200000000000000000e+01 2.100000000000000000e+01 6.000000000000000000e+01 0.000000000000000000e+00 1.600000000000000089e+00 -2.386999999999999799e-03 -6.941000000000000121e-03 9.999730000000000008e-01 -9.740600000000000647e-02 9.952220000000000510e-01 6.675999999999999643e-03 -9.952419999999999600e-01 -9.738700000000000134e-02 -3.052000000000000025e-03
3.000000000000000000e+01 2.100000000000000000e+01 6.000000000000000000e+01 0.000000000000000000e+00 1.600000000000000089e+00 -8.090000000000000403e-04 1.802099999999999883e-02 9.998369999999999758e-01 -9.592299999999999438e-02 9.952260000000000550e-01 -1.801499999999999976e-02 -9.953880000000000505e-01 -9.592199999999999338e-02 9.229999999999999923e-04
1.800000000000000000e+01 6.000000000000000000e+00 6.100000000000000000e+01 0.000000000000000000e+00 1.600000000000000089e+00 6.368000000000000396e-03 2.958999999999999825e-03 9.999749999999999472e-01 5.771330000000000071e-01 -8.166489999999999583e-01 -1.258999999999999920e-03 8.166250000000000453e-01 5.771269999999999456e-01 -6.908000000000000078e-03
9.000000000000000000e+00 3.000000000000000000e+00 6.300000000000000000e+01 0.000000000000000000e+00 1.600000000000000089e+00 -6.220000000000000485e-04 -3.359999999999999814e-04 1.000000000000000000e+00 -6.142320000000000002e-01 7.891249999999999654e-01 -1.169999999999999979e-04 -7.891249999999999654e-01 -6.142320000000000002e-01 -6.970000000000000284e-04
1.400000000000000000e+01 3.000000000000000000e+00 6.300000000000000000e+01 0.000000000000000000e+00 1.600000000000000089e+00 -1.012000000000000096e-03 1.136999999999999990e-03 9.999989999999999712e-01 -6.156409999999999938e-01 7.880249999999999755e-01 -1.518999999999999951e-03 -7.880260000000000042e-01 -6.156420000000000226e-01 -9.699999999999999963e-05
4.000000000000000000e+00 2.700000000000000000e+01 6.300000000000000000e+01 0.000000000000000000e+00 1.600000000000000089e+00 7.739999999999999485e-04 2.814000000000000095e-03 9.999959999999999960e-01 -2.799539999999999806e-01 9.600100000000000300e-01 -2.484999999999999796e-03 -9.600130000000000052e-01 -2.799510000000000054e-01 1.531000000000000026e-03
1.000000000000000000e+01 2.700000000000000000e+01 6.300000000000000000e+01 0.000000000000000000e+00 1.600000000000000089e+00 1.263000000000000017e-03 2.286999999999999970e-03 9.999970000000000248e-01 -2.815739999999999910e-01 9.595380000000000020e-01 -1.838999999999999923e-03 -9.595390000000000308e-01 -2.815699999999999870e-01 1.855000000000000095e-03
1.400000000000000000e+01 2.700000000000000000e+01 6.300000000000000000e+01 0.000000000000000000e+00 1.600000000000000089e+00 -2.339999999999999958e-04 3.419999999999999863e-03 9.999940000000000495e-01 -2.780929999999999791e-01 9.605479999999999574e-01 -3.350000000000000113e-03 -9.605540000000000189e-01 -2.780920000000000059e-01 7.259999999999999743e-04
1.800000000000000000e+01 2.700000000000000000e+01 6.300000000000000000e+01 0.000000000000000000e+00 1.600000000000000089e+00 -2.396000000000000126e-03 -3.518999999999999993e-03 9.999909999999999632e-01 -2.785440000000000138e-01 9.604200000000000514e-01 2.712000000000000001e-03 -9.604200000000000514e-01 -2.785349999999999770e-01 -3.281000000000000062e-03
2.300000000000000000e+01 2.700000000000000000e+01 6.300000000000000000e+01 0.000000000000000000e+00 1.600000000000000089e+00 -9.510000000000000224e-04 -4.303000000000000401e-03 9.999900000000000455e-01 -2.765650000000000053e-01 9.609879999999999534e-01 3.872000000000000008e-03 -9.609950000000000436e-01 -2.765580000000000260e-01 -2.103999999999999967e-03
