1.500000000000000000e+01 2.500000000000000000e+01 1.000000000000000000e+00 0.000000000000000000e+00 1.600000000000000089e+00 8.760000000000000425e-04 -9.055999999999999814e-03 -9.999590000000000423e-01 -5.267979999999999885e-01 -8.499600000000000488e-01 7.236000000000000244e-03 -8.499900000000000233e-01 5.267699999999999605e-01 -5.514999999999999937e-03
6.000000000000000000e+00 1.500000000000000000e+01 4.000000000000000000e+00 0.000000000000000000e+00 1.600000000000000089e+00 -8.970000000000000109e-04 5.399999999999999798e-05 1.000000000000000000e+00 3.245520000000000072e-01 -9.458680000000000421e-01 3.420000000000000188e-04 9.458680000000000421e-01 3.245520000000000072e-01 8.310000000000000329e-04
1.100000000000000000e+01 1.500000000000000000e+01 4.000000000000000000e+00 0.000000000000000000e+00 1.600000000000000089e+00 -2.020000000000000040e-04 4.759000000000000209e-03 9.999890000000000168e-01 3.231370000000000076e-01 -9.463409999999999878e-01 4.569000000000000145e-03 9.463519999999999710e-01 3.231350000000000056e-01 -1.347000000000000107e-03
1.800000000000000000e+01 1.500000000000000000e+01 4.000000000000000000e+00 0.000000000000000000e+00 1.600000000000000089e+00 2.626999999999999995e-03 1.077600000000000086e-02 9.999390000000000223e-01 3.200720000000000232e-01 -9.473470000000000502e-01 9.367999999999999591e-03 9.473899999999999544e-01 3.200279999999999792e-01 -5.937999999999999702e-03
2.500000000000000000e+01 1.500000000000000000e+01 4.000000000000000000e+00 0.000000000000000000e+00 1.600000000000000089e+00 -7.069999999999999462e-04 -2.517999999999999839e-03 9.999970000000000248e-01 3.278400000000000203e-01 -9.447309999999999874e-01 -2.147000000000000037e-03 9.447330000000000449e-01 3.278369999999999895e-01 1.492999999999999969e-03
9.000000000000000000e+00 1.010000000000000000e+02 7.000000000000000000e+00 0.000000000000000000e+00 1.600000000000000089e+00 1.722000000000000006e-03 -8.260000000000000198e-04 9.999980000000000535e-01 8.858070000000000110e-01 4.640529999999999933e-01 -1.142000000000000003e-03 -4.640509999999999913e-01 8.858070000000000110e-01 1.531000000000000026e-03
1.300000000000000000e+01 1.010000000000000000e+02 7.000000000000000000e+00 0.000000000000000000e+00 1.600000000000000089e+00 5.584999999999999687e-03 -1.578299999999999842e-02 9.998599999999999710e-01 8.907800000000000162e-01 4.544290000000000274e-01 2.197999999999999867e-03 -4.544000000000000261e-01 8.906429999999999625e-01 1.659800000000000164e-02
1.700000000000000000e+01 1.010000000000000000e+02 7.000000000000000000e+00 0.000000000000000000e+00 1.600000000000000089e+00 -1.291000000000000047e-03 1.358799999999999938e-02 9.999069999999999903e-01 8.919089999999999518e-01 4.521879999999999789e-01 -4.993000000000000042e-03 -4.522140000000000049e-01 8.918190000000000284e-01 -1.270300000000000075e-02
4.000000000000000000e+00 2.500000000000000000e+01 8.000000000000000000e+00 0.000000000000000000e+00 1.600000000000000089e+00 -2.239000000000000105e-03 3.582999999999999814e-03 -9.999909999999999632e-01 4.514239999999999919e-01 8.923069999999999613e-01 2.186000000000000009e-03 8.923069999999999613e-01 -4.514150000000000107e-01 -3.615000000000000158e-03
8.000000000000000000e+00 2.500000000000000000e+01 8.000000000000000000e+00 0.000000000000000000e+00 1.600000000000000089e+00 -2.945000000000000135e-03 2.425000000000000072e-03 -9.999930000000000208e-01 4.490419999999999967e-01 8.935100000000000264e-01 8.450000000000000479e-04 8.935060000000000224e-01 -4.490370000000000195e-01 -3.720000000000000216e-03
1.200000000000000000e+01 2.500000000000000000e+01 8.000000000000000000e+00 0.000000000000000000e+00 1.600000000000000089e+00 -1.448999999999999984e-03 -4.667000000000000141e-03 -9.999879999999999880e-01 4.484500000000000153e-01 8.937950000000000061e-01 -4.820999999999999765e-03 8.938070000000000181e-01 -4.484509999999999885e-01 7.979999999999999897e-04
1.900000000000000000e+01 2.500000000000000000e+01 8.000000000000000000e+00 0.000000000000000000e+00 1.600000000000000089e+00 -1.647999999999999942e-03 -3.400999999999999943e-03 -9.999930000000000208e-01 4.514460000000000139e-01 8.922909999999999453e-01 -3.778999999999999807e-03 8.922970000000000068e-01 -4.514489999999999892e-01 6.499999999999999431e-05
2.700000000000000000e+01 2.500000000000000000e+01 8.000000000000000000e+00 0.000000000000000000e+00 1.600000000000000089e+00 2.314000000000000085e-03 8.517999999999999530e-03 -9.999609999999999888e-01 4.510799999999999810e-01 8.924419999999999575e-01 8.645999999999999172e-03 8.924809999999999688e-01 -4.510819999999999830e-01 -1.776999999999999934e-03
3.000000000000000000e+00 2.400000000000000000e+01 9.000000000000000000e+00 0.000000000000000000e+00 1.600000000000000089e+00 -1.523000000000000048e-03 3.640000000000000006e-03 -9.999919999999999920e-01 4.564909999999999801e-01 8.897249999999999881e-01 2.543000000000000121e-03 8.897270000000000456e-01 -4.564830000000000276e-01 -3.017000000000000150e-03
1.000000000000000000e+01 2.400000000000000000e+01 9.000000000000000000e+00 0.000000000000000000e+00 1.600000000000000089e+00 -1.317999999999999944e-03 -1.423000000000000003e-03 -9.999980000000000535e-01 4.525319999999999898e-01 8.917460000000000386e-01 -1.866000000000000037e-03 8.917469999999999564e-01 -4.525339999999999918e-01 -5.310000000000000050e-04
1.200000000000000000e+01 2.400000000000000000e+01 9.000000000000000000e+00 0.000000000000000000e+00 1.600000000000000089e+00 -1.533999999999999990e-03 -6.176000000000000066e-03 -9.999799999999999800e-01 4.524909999999999766e-01 8.917469999999999564e-01 -6.200999999999999915e-03 8.917669999999999764e-01 -4.524920000000000053e-01 1.427000000000000100e-03
1.800000000000000000e+01 2.400000000000000000e+01 9.000000000000000000e+00 0.000000000000000000e+00 1.600000000000000089e+00 -1.773999999999999969e-03 -3.570000000000000040e-04 -9.999980000000000535e-01 4.547950000000000048e-01 8.905950000000000255e-01 -1.123999999999999999e-03 8.905939999999999968e-01 -4.547970000000000068e-01 -1.417000000000000074e-03
2.700000000000000000e+01 2.400000000000000000e+01 9.000000000000000000e+00 0.000000000000000000e+00 1.600000000000000089e+00 2.223000000000000149e-03 6.917999999999999670e-03 -9.999740000000000295e-01 4.549639999999999795e-01 8.904809999999999670e-01 7.172000000000000423e-03 8.905070000000000485e-01 -4.549679999999999835e-01 -1.167999999999999984e-03
9.000000000000000000e+00 4.000000000000000000e+00 1.100000000000000000e+01 0.000000000000000000e+00 1.600000000000000089e+00 3.547100000000000253e-02 -2.319229999999999903e-01 -9.720870000000000344e-01 8.176600000000000534e-02 9.701119999999999743e-01 -2.284680000000000044e-01 9.960200000000000164e-01 -7.137899999999999801e-02 5.337399999999999783e-02
1.700000000000000000e+01 4.000000000000000000e+00 1.100000000000000000e+01 0.000000000000000000e+00 1.600000000000000089e+00 -4.279499999999999971e-02 7.879500000000000393e-02 -9.959719999999999684e-01 1.550850000000000006e-01 9.853260000000000352e-01 7.128900000000000514e-02 9.869740000000000180e-01 -1.514099999999999890e-01 -5.438699999999999785e-02
2.300000000000000000e+01 4.000000000000000000e+00 1.100000000000000000e+01 0.000000000000000000e+00 1.600000000000000089e+00 -6.237999999999999622e-03 -2.468499999999999861e-02 -9.996760000000000090e-01 2.400420000000000054e-01 9.704289999999999861e-01 -2.546100000000000099e-02 9.707430000000000225e-01 -2.401230000000000031e-01 -1.279999999999999942e-04
1.700000000000000000e+01 3.100000000000000000e+01 1.200000000000000000e+01 0.000000000000000000e+00 1.600000000000000089e+00 -2.543999999999999821e-03 -1.516900000000000019e-02 9.998820000000000485e-01 -1.248100000000000077e-02 9.998080000000000300e-01 1.513600000000000015e-02 -9.999190000000000023e-01 -1.244100000000000067e-02 -2.733000000000000186e-03
5.000000000000000000e+00 3.500000000000000000e+01 1.200000000000000000e+01 0.000000000000000000e+00 1.600000000000000089e+00 -6.445000000000000208e-03 4.189999999999999931e-04 -9.999789999999999512e-01 4.885590000000000210e-01 -8.725239999999999663e-01 -3.514000000000000196e-03 -8.725070000000000325e-01 -4.885720000000000063e-01 5.419000000000000206e-03
1.500000000000000000e+01 3.500000000000000000e+01 1.200000000000000000e+01 0.000000000000000000e+00 1.600000000000000089e+00 5.283999999999999635e-03 -5.942000000000000233e-03 -9.999679999999999680e-01 5.007319999999999549e-01 -8.655669999999999753e-01 7.790000000000000049e-03 -8.655859999999999665e-01 -5.007570000000000077e-01 -1.598000000000000028e-03
2.900000000000000000e+01 3.500000000000000000e+01 1.200000000000000000e+01 0.000000000000000000e+00 1.600000000000000089e+00 -2.349999999999999930e-04 8.094000000000000500e-03 -9.999670000000000503e-01 4.458509999999999973e-01 -8.950770000000000115e-01 -7.349999999999999763e-03 -8.951069999999999860e-01 -4.458380000000000121e-01 -3.397999999999999979e-03
1.200000000000000000e+01 3.200000000000000000e+01 1.400000000000000000e+01 0.000000000000000000e+00 1.600000000000000089e+00 2.410000000000000033e-04 3.071799999999999878e-02 -9.995279999999999720e-01 1.044780000000000014e-01 9.940569999999999684e-01 3.057500000000000148e-02 9.945270000000000499e-01 -1.044360000000000011e-01 -2.968999999999999851e-03
1.800000000000000000e+01 3.200000000000000000e+01 1.400000000000000000e+01 0.000000000000000000e+00 1.600000000000000089e+00 -6.639999999999999852e-04 -2.244399999999999867e-02 -9.997479999999999700e-01 1.067469999999999947e-01 9.940339999999999732e-01 -2.238700000000000065e-02 9.942860000000000031e-01 -1.067349999999999965e-01 1.734999999999999997e-03
1.800000000000000000e+01 1.200000000000000000e+01 1.500000000000000000e+01 0.000000000000000000e+00 1.600000000000000089e+00 1.855000000000000095e-03 6.623999999999999680e-03 -9.999759999999999760e-01 -4.798450000000000215e-01 -8.773279999999999967e-01 -6.701999999999999624e-03 -8.773509999999999920e-01 4.798459999999999948e-01 1.551000000000000078e-03
2.000000000000000000e+01 2.000000000000000000e+00 1.900000000000000000e+01 0.000000000000000000e+00 1.600000000000000089e+00 -1.631099999999999911e-02 2.570300000000000015e-02 -9.995370000000000088e-01 2.316410000000000136e-01 -9.723749999999999893e-01 -2.878400000000000056e-02 -9.726650000000000018e-01 -2.320029999999999870e-01 9.905999999999999875e-03
2.500000000000000000e+01 2.000000000000000000e+00 1.900000000000000000e+01 0.000000000000000000e+00 1.600000000000000089e+00 -3.069000000000000113e-03 2.599999999999999881e-03 -9.999919999999999920e-01 2.150410000000000099e-01 -9.766000000000000236e-01 -3.199000000000000021e-03 -9.766000000000000236e-01 -2.150489999999999902e-01 2.438000000000000063e-03
2.800000000000000000e+01 2.000000000000000000e+00 1.900000000000000000e+01 0.000000000000000000e+00 1.600000000000000089e+00 1.111000000000000008e-03 3.560999999999999929e-03 -9.999930000000000208e-01 2.151750000000000052e-01 -9.765700000000000491e-01 -3.237999999999999993e-03 -9.765749999999999709e-01 -2.151700000000000002e-01 -1.851999999999999914e-03
1.600000000000000000e+01 3.000000000000000000e+00 1.900000000000000000e+01 0.000000000000000000e+00 1.600000000000000089e+00 2.099300000000000124e-02 4.017600000000000338e-02 -9.989719999999999711e-01 2.493799999999999906e-01 -9.678200000000000136e-01 -3.368299999999999766e-02 -9.681779999999999831e-01 -2.484159999999999979e-01 -3.033599999999999838e-02
1.100000000000000000e+01 4.000000000000000000e+00 2.000000000000000000e+01 0.000000000000000000e+00 1.600000000000000089e+00 1.142999999999999919e-03 1.921399999999999844e-02 -9.998150000000000093e-01 3.011490000000000000e-01 -9.534070000000000045e-01 -1.797800000000000092e-02 -9.535759999999999792e-01 -3.010729999999999795e-01 -6.876000000000000167e-03
1.700000000000000000e+01 4.000000000000000000e+00 2.000000000000000000e+01 0.000000000000000000e+00 1.600000000000000089e+00 -4.578999999999999737e-03 2.867000000000000104e-02 -9.995779999999999665e-01 2.954330000000000012e-01 -9.549309999999999743e-01 -2.874300000000000119e-02 -9.553519999999999790e-01 -2.954399999999999804e-01 -4.098000000000000080e-03
3.000000000000000000e+00 1.300000000000000000e+01 2.000000000000000000e+01 0.000000000000000000e+00 1.600000000000000089e+00 1.386199999999999932e-02 2.687700000000000158e-02 9.995429999999999593e-01 2.504759999999999764e-01 9.676730000000000054e-01 -2.949399999999999938e-02 -9.680229999999999668e-01 2.507710000000000217e-01 6.681999999999999572e-03
1.100000000000000000e+01 1.300000000000000000e+01 2.000000000000000000e+01 0.000000000000000000e+00 1.600000000000000089e+00 6.589999999999999721e-04 -9.799999999999999684e-04 9.999989999999999712e-01 2.519549999999999845e-01 9.677390000000000159e-01 7.820000000000000345e-04 -9.677390000000000159e-01 2.519540000000000113e-01 8.850000000000000444e-04
1.800000000000000000e+01 1.300000000000000000e+01 2.000000000000000000e+01 0.000000000000000000e+00 1.600000000000000089e+00 -2.101000000000000003e-03 -1.960500000000000090e-02 9.998059999999999725e-01 2.564420000000000033e-01 9.663629999999999720e-01 1.948799999999999838e-02 -9.665569999999999995e-01 2.564330000000000220e-01 2.997000000000000098e-03
2.700000000000000000e+01 1.300000000000000000e+01 2.000000000000000000e+01 0.000000000000000000e+00 1.600000000000000089e+00 1.378000000000000102e-03 1.951400000000000010e-02 9.998089999999999478e-01 2.563929999999999820e-01 9.663819999999999633e-01 -1.921499999999999944e-02 -9.665719999999999867e-01 2.563710000000000155e-01 -3.670999999999999784e-03
4.000000000000000000e+00 1.600000000000000000e+01 2.100000000000000000e+01 0.000000000000000000e+00 1.600000000000000089e+00 1.039600000000000073e-02 2.899399999999999894e-02 9.995249999999999968e-01 2.999339999999999784e-01 9.534629999999999495e-01 -3.077799999999999980e-02 -9.539029999999999454e-01 3.001110000000000166e-01 1.214999999999999934e-03
8.000000000000000000e+00 1.600000000000000000e+01 2.100000000000000000e+01 0.000000000000000000e+00 1.600000000000000089e+00 9.169999999999999549e-04 6.625999999999999945e-03 9.999780000000000335e-01 2.981739999999999946e-01 9.544890000000000319e-01 -6.597999999999999698e-03 -9.545109999999999983e-01 2.981730000000000214e-01 -1.100000000000000066e-03
1.200000000000000000e+01 1.600000000000000000e+01 2.100000000000000000e+01 0.000000000000000000e+00 1.600000000000000089e+00 7.489999999999999913e-04 8.540000000000000499e-04 9.999989999999999712e-01 2.980220000000000091e-01 9.545580000000000176e-01 -1.038000000000000077e-03 -9.545590000000000463e-01 2.980229999999999824e-01 4.600000000000000139e-04
2.300000000000000000e+01 1.600000000000000000e+01 2.100000000000000000e+01 0.000000000000000000e+00 1.600000000000000089e+00 -6.459999999999999814e-04 -4.841999999999999950e-03 9.999879999999999880e-01 3.026739999999999986e-01 9.530819999999999848e-01 4.810000000000000039e-03 -9.530939999999999968e-01 3.026739999999999986e-01 8.499999999999999526e-04
2.700000000000000000e+01 1.600000000000000000e+01 2.100000000000000000e+01 0.000000000000000000e+00 1.600000000000000089e+00 -1.538000000000000088e-03 4.044999999999999984e-03 9.999909999999999632e-01 3.006770000000000276e-01 9.537200000000000122e-01 -3.396000000000000147e-03 -9.537250000000000449e-01 3.006690000000000196e-01 -2.683000000000000055e-03
2.400000000000000000e+01 3.000000000000000000e+00 2.500000000000000000e+01 0.000000000000000000e+00 1.600000000000000089e+00 3.098800000000000165e-02 9.731999999999999332e-03 9.994720000000000271e-01 -3.105700000000000127e-02 -9.994600000000000151e-01 1.069499999999999965e-02 9.990369999999999528e-01 -3.137199999999999711e-02 -3.066899999999999835e-02
1.300000000000000000e+01 4.000000000000000000e+00 2.500000000000000000e+01 0.000000000000000000e+00 1.600000000000000089e+00 5.930699999999999861e-02 4.553900000000000309e-02 9.971999999999999753e-01 -5.849149999999999627e-01 -8.079210000000000003e-01 7.168199999999999572e-02 8.089239999999999764e-01 -5.875280000000000502e-01 -2.127899999999999930e-02
8.000000000000000000e+00 4.600000000000000000e+01 2.700000000000000000e+01 0.000000000000000000e+00 1.600000000000000089e+00 -4.899999999999999842e-05 -1.801000000000000083e-03 -9.999980000000000535e-01 6.714080000000000048e-01 7.410870000000000513e-01 -1.368000000000000075e-03 7.410879999999999690e-01 -6.714069999999999760e-01 1.172000000000000082e-03
2.400000000000000000e+01 1.100000000000000000e+01 3.000000000000000000e+01 0.000000000000000000e+00 1.600000000000000089e+00 6.675599999999999590e-02 8.324500000000000233e-01 5.500639999999999974e-01 -2.729480000000000239e-01 -5.150289999999999591e-01 8.125539999999999985e-01 9.597099999999999520e-01 -2.043820000000000081e-01 1.928340000000000054e-01
1.300000000000000000e+01 4.600000000000000000e+01 3.000000000000000000e+01 0.000000000000000000e+00 1.600000000000000089e+00 1.526000000000000013e-03 6.988000000000000288e-03 -9.999740000000000295e-01 3.257979999999999765e-01 9.454129999999999479e-01 7.104000000000000072e-03 9.454380000000000006e-01 -3.258010000000000073e-01 -8.339999999999999974e-04
4.000000000000000000e+00 5.800000000000000000e+01 3.100000000000000000e+01 0.000000000000000000e+00 1.600000000000000089e+00 -4.538999999999999632e-03 -7.217999999999999590e-03 9.999639999999999640e-01 -7.679120000000000390e-01 -6.405039999999999623e-01 -8.108999999999999889e-03 6.405389999999999695e-01 -7.679209999999999647e-01 -2.635000000000000189e-03
8.000000000000000000e+00 5.800000000000000000e+01 3.100000000000000000e+01 0.000000000000000000e+00 1.600000000000000089e+00 -5.960000000000000020e-03 -1.543300000000000054e-02 9.998629999999999463e-01 -7.703210000000000335e-01 -6.374929999999999763e-01 -1.443200000000000038e-02 6.376290000000000013e-01 -7.703010000000000135e-01 -8.087999999999999703e-03
1.200000000000000000e+01 5.800000000000000000e+01 3.100000000000000000e+01 0.000000000000000000e+00 1.600000000000000089e+00 5.527999999999999928e-03 7.828999999999999154e-03 9.999540000000000095e-01 -7.767880000000000340e-01 -6.296950000000000047e-01 9.223999999999999561e-03 6.297380000000000200e-01 -7.768030000000000213e-01 2.599999999999999881e-03
1.700000000000000000e+01 5.800000000000000000e+01 3.100000000000000000e+01 0.000000000000000000e+00 1.600000000000000089e+00 3.011999999999999920e-03 1.650899999999999937e-02 9.998590000000000533e-01 -7.744640000000000413e-01 -6.324889999999999679e-01 1.277599999999999916e-02 6.326110000000000344e-01 -7.743929999999999980e-01 1.088100000000000005e-02
2.100000000000000000e+01 5.800000000000000000e+01 3.100000000000000000e+01 0.000000000000000000e+00 1.600000000000000089e+00 -5.784000000000000079e-03 -7.828999999999999154e-03 9.999529999999999808e-01 -7.719359999999999555e-01 -6.356300000000000283e-01 -9.442000000000000740e-03 6.356739999999999613e-01 -7.719540000000000290e-01 -2.367000000000000180e-03
2.500000000000000000e+01 5.800000000000000000e+01 3.100000000000000000e+01 0.000000000000000000e+00 1.600000000000000089e+00 -3.906999999999999883e-03 -3.468999999999999861e-03 9.999860000000000415e-01 -7.699449999999999905e-01 -6.380879999999999885e-01 -5.222000000000000079e-03 6.380980000000000540e-01 -7.699549999999999450e-01 -1.779999999999999898e-04
2.900000000000000000e+01 5.800000000000000000e+01 3.100000000000000000e+01 0.000000000000000000e+00 1.600000000000000089e+00 3.970000000000000005e-04 5.118000000000000153e-03 9.999869999999999592e-01 -7.705309999999999659e-01 -6.373929999999999874e-01 3.567999999999999991e-03 6.374030000000000529e-01 -7.705220000000000402e-01 3.690999999999999837e-03
2.800000000000000000e+01 1.800000000000000000e+01 3.200000000000000000e+01 0.000000000000000000e+00 1.600000000000000089e+00 -9.215099999999999680e-02 6.877389999999999892e-01 7.200860000000000039e-01 -3.552870000000000195e-01 -6.982730000000000325e-01 6.214389999999999636e-01 9.302040000000000308e-01 -1.985709999999999975e-01 3.086909999999999932e-01
1.400000000000000000e+01 4.200000000000000000e+01 3.400000000000000000e+01 0.000000000000000000e+00 1.600000000000000089e+00 -4.184000000000000219e-03 -2.791000000000000078e-03 -9.999869999999999592e-01 -3.012489999999999890e-01 9.535439999999999472e-01 -1.400999999999999902e-03 9.535360000000000502e-01 3.012389999999999790e-01 -4.830000000000000092e-03
1.900000000000000000e+01 4.200000000000000000e+01 3.400000000000000000e+01 0.000000000000000000e+00 1.600000000000000089e+00 4.026000000000000065e-03 1.479000000000000063e-03 -9.999909999999999632e-01 -2.948120000000000185e-01 9.555550000000000432e-01 2.269999999999999882e-04 9.555470000000000352e-01 2.948080000000000145e-01 4.283000000000000348e-03
4.000000000000000000e+00 4.600000000000000000e+01 3.500000000000000000e+01 0.000000000000000000e+00 1.600000000000000089e+00 -1.258999999999999920e-03 -7.642000000000000355e-03 -9.999700000000000255e-01 3.884569999999999967e-01 -9.214430000000000121e-01 6.552999999999999797e-03 -9.214660000000000073e-01 -3.884369999999999767e-01 4.128999999999999858e-03
9.000000000000000000e+00 4.600000000000000000e+01 3.500000000000000000e+01 0.000000000000000000e+00 1.600000000000000089e+00 4.970000000000000459e-04 -4.603999999999999586e-03 -9.999890000000000168e-01 3.898960000000000203e-01 -9.208479999999999999e-01 4.433000000000000308e-03 -9.208589999999999831e-01 -3.898940000000000183e-01 1.337999999999999997e-03
1.400000000000000000e+01 4.600000000000000000e+01 3.500000000000000000e+01 0.000000000000000000e+00 1.600000000000000089e+00 3.794000000000000063e-03 4.412000000000000123e-03 -9.999829999999999552e-01 3.886310000000000042e-01 -9.213900000000000423e-01 -2.590999999999999987e-03 -9.213860000000000383e-01 -3.886140000000000150e-01 -5.210000000000000221e-03
1.800000000000000000e+01 4.600000000000000000e+01 3.500000000000000000e+01 0.000000000000000000e+00 1.600000000000000089e+00 -1.090000000000000040e-03 1.110099999999999976e-02 -9.999379999999999935e-01 3.870020000000000127e-01 -9.220169999999999755e-01 -1.065800000000000081e-02 -9.220779999999999532e-01 -3.869900000000000007e-01 -3.291000000000000088e-03
2.400000000000000000e+01 4.600000000000000000e+01 3.500000000000000000e+01 0.000000000000000000e+00 1.600000000000000089e+00 -6.149999999999999868e-04 3.963999999999999642e-03 -9.999919999999999920e-01 3.891689999999999872e-01 -9.211580000000000323e-01 -3.890999999999999927e-03 -9.211660000000000403e-01 -3.891689999999999872e-01 -9.759999999999999796e-04
1.100000000000000000e+01 2.200000000000000000e+01 3.600000000000000000e+01 0.000000000000000000e+00 1.600000000000000089e+00 -1.944430000000000047e-01 -7.411809999999999787e-01 6.425279999999999880e-01 7.282260000000000399e-01 3.297709999999999808e-01 6.007810000000000095e-01 -6.571749999999999536e-01 5.847229999999999928e-01 4.756259999999999932e-01
2.400000000000000000e+01 9.500000000000000000e+01 3.600000000000000000e+01 0.000000000000000000e+00 1.600000000000000089e+00 -6.018300000000000038e-02 5.064799999999999858e-02 9.969019999999999548e-01 9.957730000000000192e-01 7.247199999999999476e-02 5.643299999999999705e-02 -6.938900000000000623e-02 9.960839999999999694e-01 -5.479599999999999749e-02
3.000000000000000000e+00 1.200000000000000000e+01 3.700000000000000000e+01 0.000000000000000000e+00 1.600000000000000089e+00 1.634829999999999894e-01 -9.150289999999999813e-01 -3.687770000000000215e-01 -7.446930000000000494e-01 1.307200000000000029e-01 -6.544809999999999794e-01 6.470749999999999558e-01 3.816209999999999880e-01 -6.600449999999999928e-01
2.500000000000000000e+01 2.200000000000000000e+01 3.700000000000000000e+01 0.000000000000000000e+00 1.600000000000000089e+00 -2.806300000000000114e-02 5.969550000000000134e-01 -8.017840000000000522e-01 6.692129999999999468e-01 -5.846059999999999590e-01 -4.586830000000000074e-01 -7.425410000000000066e-01 -5.494360000000000355e-01 -3.830839999999999801e-01
1.200000000000000000e+01 2.300000000000000000e+01 3.700000000000000000e+01 0.000000000000000000e+00 1.600000000000000089e+00 -1.884069999999999911e-01 -7.533180000000000431e-01 6.300909999999999567e-01 7.255270000000000330e-01 3.256430000000000158e-01 6.062739999999999796e-01 -6.619019999999999904e-01 5.713740000000000485e-01 4.851989999999999914e-01
1.000000000000000000e+01 1.500000000000000000e+01 3.800000000000000000e+01 0.000000000000000000e+00 1.600000000000000089e+00 2.072539999999999938e-01 3.879949999999999788e-01 8.980569999999999942e-01 -7.853799999999999670e-01 -4.813450000000000228e-01 3.892100000000000004e-01 5.832869999999999999e-01 -7.859810000000000407e-01 2.049630000000000063e-01
5.000000000000000000e+00 3.600000000000000000e+01 3.800000000000000000e+01 0.000000000000000000e+00 1.600000000000000089e+00 -3.642679999999999807e-01 7.000399999999999678e-02 9.286590000000000122e-01 9.031930000000000236e-01 2.696640000000000148e-01 3.339509999999999978e-01 -2.270479999999999998e-01 9.604059999999999819e-01 -1.614579999999999904e-01
7.000000000000000000e+00 3.700000000000000000e+01 3.800000000000000000e+01 0.000000000000000000e+00 1.600000000000000089e+00 -2.915269999999999806e-01 -1.117240000000000039e-01 9.500159999999999716e-01 7.984710000000000418e-01 5.184689999999999577e-01 3.059959999999999902e-01 -5.267410000000000148e-01 8.477660000000000196e-01 -6.193900000000000100e-02
1.700000000000000000e+01 3.700000000000000000e+01 3.800000000000000000e+01 0.000000000000000000e+00 1.600000000000000089e+00 4.677100000000000007e-02 -8.477000000000000160e-03 9.988700000000000356e-01 6.524759999999999449e-01 7.574260000000000437e-01 -2.412299999999999861e-02 -7.563649999999999540e-01 6.528659999999999464e-01 4.095700000000000035e-02
1.100000000000000000e+01 3.800000000000000000e+01 3.800000000000000000e+01 0.000000000000000000e+00 1.600000000000000089e+00 -1.326499999999999901e-01 -1.730220000000000091e-01 9.759440000000000337e-01 6.914940000000000531e-01 6.892740000000000533e-01 2.161869999999999903e-01 -7.100980000000000070e-01 7.035369999999999679e-01 2.821200000000000097e-02
1.500000000000000000e+01 2.600000000000000000e+01 3.900000000000000000e+01 0.000000000000000000e+00 1.600000000000000089e+00 -1.540110000000000090e-01 -7.626260000000000261e-01 6.282370000000000454e-01 7.139210000000000278e-01 3.536730000000000151e-01 6.043450000000000211e-01 -6.830800000000000205e-01 5.415879999999999583e-01 4.899850000000000039e-01
8.000000000000000000e+00 3.800000000000000000e+01 3.900000000000000000e+01 0.000000000000000000e+00 1.600000000000000089e+00 -2.786950000000000260e-01 -1.915229999999999988e-01 9.410889999999999533e-01 7.806060000000000221e-01 5.256530000000000369e-01 3.381460000000000021e-01 -5.594489999999999741e-01 8.288590000000000124e-01 3.007000000000000124e-03
1.100000000000000000e+01 3.900000000000000000e+01 3.900000000000000000e+01 0.000000000000000000e+00 1.600000000000000089e+00 -1.715830000000000133e-01 -2.644659999999999789e-01 9.490089999999999915e-01 7.239200000000000079e-01 6.195220000000000171e-01 3.035320000000000240e-01 -6.682059999999999667e-01 7.390870000000000495e-01 8.515300000000000646e-02
3.000000000000000000e+00 1.500000000000000000e+01 4.000000000000000000e+01 0.000000000000000000e+00 1.600000000000000089e+00 1.140059999999999962e-01 -6.948710000000000164e-01 -7.100400000000000045e-01 -7.176109999999999989e-01 4.366599999999999926e-01 -5.425529999999999520e-01 6.870500000000000496e-01 5.713859999999999495e-01 -4.488650000000000140e-01
1.600000000000000000e+01 2.700000000000000000e+01 4.000000000000000000e+01 0.000000000000000000e+00 1.600000000000000089e+00 -1.426370000000000138e-01 -7.939070000000000293e-01 5.910729999999999595e-01 7.118459999999999788e-01 3.326379999999999892e-01 6.185680000000000067e-01 -6.876989999999999492e-01 5.089829999999999632e-01 5.176929999999999588e-01
8.000000000000000000e+00 6.100000000000000000e+01 4.000000000000000000e+01 0.000000000000000000e+00 1.600000000000000089e+00 2.665400000000000061e-02 -5.426239999999999952e-01 -8.395529999999999937e-01 3.524820000000000175e-01 -7.808070000000000288e-01 5.158460000000000267e-01 -9.354390000000000205e-01 -3.096760000000000068e-01 1.704539999999999944e-01
4.000000000000000000e+00 3.000000000000000000e+00 4.300000000000000000e+01 0.000000000000000000e+00 1.600000000000000089e+00 9.069000000000000672e-03 2.443299999999999986e-02 -9.996599999999999930e-01 7.364159999999999595e-01 -6.764580000000000037e-01 -9.853000000000000647e-03 -6.764689999999999870e-01 -7.360759999999999525e-01 -2.412699999999999914e-02
2.000000000000000000e+01 3.000000000000000000e+00 4.300000000000000000e+01 0.000000000000000000e+00 1.600000000000000089e+00 4.279999999999999950e-04 2.769000000000000194e-03 -9.999959999999999960e-01 7.439710000000000489e-01 -6.682099999999999707e-01 -1.531000000000000026e-03 -6.682109999999999994e-01 -7.439679999999999627e-01 -2.345999999999999995e-03
1.200000000000000000e+01 2.200000000000000000e+01 4.500000000000000000e+01 0.000000000000000000e+00 1.600000000000000089e+00 1.468669999999999976e-01 -7.834199999999999497e-02 -9.860489999999999533e-01 -4.684079999999999910e-01 8.724960000000000493e-01 -1.390879999999999894e-01 8.712199999999999944e-01 4.823009999999999797e-01 9.144499999999999851e-02
1.900000000000000000e+01 2.400000000000000000e+01 4.500000000000000000e+01 0.000000000000000000e+00 1.600000000000000089e+00 1.229119999999999935e-01 -3.021530000000000049e-01 -9.453019999999999756e-01 -5.978109999999999813e-01 7.377730000000000121e-01 -3.135490000000000221e-01 7.921580000000000288e-01 6.036510000000000487e-01 -8.995000000000000218e-02
8.000000000000000000e+00 2.200000000000000000e+01 4.600000000000000000e+01 0.000000000000000000e+00 1.600000000000000089e+00 6.913300000000000001e-02 -1.823200000000000168e-02 -9.974410000000000220e-01 -2.188340000000000007e-01 9.752039999999999598e-01 -3.299400000000000249e-02 9.733100000000000085e-01 2.205550000000000010e-01 6.342899999999999927e-02
1.600000000000000000e+01 6.500000000000000000e+01 4.600000000000000000e+01 0.000000000000000000e+00 1.600000000000000089e+00 -7.267000000000000022e-03 -1.538339999999999985e-01 9.880700000000000038e-01 6.616689999999999516e-01 -7.415950000000000042e-01 -1.105929999999999969e-01 7.497610000000000108e-01 6.529719999999999969e-01 1.071759999999999935e-01
1.000000000000000000e+01 5.300000000000000000e+01 4.900000000000000000e+01 0.000000000000000000e+00 1.600000000000000089e+00 -4.821630000000000082e-01 2.442840000000000011e-01 8.413350000000000550e-01 -8.670060000000000544e-01 4.820999999999999765e-03 -4.982750000000000234e-01 -1.257759999999999989e-01 -9.696919999999999984e-01 2.094709999999999905e-01
1.800000000000000000e+01 4.500000000000000000e+01 5.000000000000000000e+01 0.000000000000000000e+00 1.600000000000000089e+00 -2.336600000000000066e-01 6.443719999999999448e-01 7.281400000000000095e-01 5.328030000000000266e-01 7.112810000000000521e-01 -4.584759999999999946e-01 -8.133409999999999807e-01 2.808280000000000221e-01 -5.095210000000000017e-01
4.000000000000000000e+00 7.400000000000000000e+01 5.000000000000000000e+01 0.000000000000000000e+00 1.600000000000000089e+00 -2.992650000000000032e-01 9.513819999999999499e-01 -7.288600000000000634e-02 -5.918459999999999832e-01 -1.251670000000000005e-01 7.962740000000000373e-01 7.484380000000000477e-01 2.814340000000000175e-01 6.005300000000000082e-01
2.900000000000000000e+01 6.000000000000000000e+00 5.100000000000000000e+01 0.000000000000000000e+00 1.600000000000000089e+00 -2.089999999999999844e-03 1.065600000000000054e-02 -9.999409999999999688e-01 3.176309999999999967e-01 -9.481530000000000236e-01 -1.076799999999999979e-02 -9.482120000000000548e-01 -3.176350000000000007e-01 -1.402999999999999950e-03
2.900000000000000000e+01 4.100000000000000000e+01 5.100000000000000000e+01 0.000000000000000000e+00 1.600000000000000089e+00 5.413300000000000056e-02 -7.834870000000000445e-01 6.190459999999999852e-01 6.007019999999999582e-01 5.207789999999999919e-01 6.065869999999999873e-01 -7.976389999999999869e-01 3.390250000000000208e-01 4.988330000000000264e-01
2.300000000000000000e+01 4.800000000000000000e+01 5.100000000000000000e+01 0.000000000000000000e+00 1.600000000000000089e+00 1.667099999999999832e-02 -9.432059999999999889e-01 3.317890000000000006e-01 6.282609999999999584e-01 2.680270000000000152e-01 7.303760000000000252e-01 -7.778239999999999599e-01 1.962740000000000040e-01 5.970480000000000231e-01
1.000000000000000000e+01 7.000000000000000000e+00 5.200000000000000000e+01 0.000000000000000000e+00 1.600000000000000089e+00 7.182000000000000016e-03 4.785000000000000191e-03 -9.999630000000000463e-01 8.688500000000000389e-02 -9.962100000000000399e-01 -4.142999999999999981e-03 -9.961919999999999664e-01 -8.685199999999999865e-02 -7.570000000000000340e-03
1.400000000000000000e+01 7.000000000000000000e+00 5.200000000000000000e+01 0.000000000000000000e+00 1.600000000000000089e+00 4.797000000000000049e-03 8.639000000000000845e-03 -9.999510000000000343e-01 7.290599999999999858e-02 -9.973049999999999971e-01 -8.267000000000000043e-03 -9.973269999999999635e-01 -7.286299999999999721e-02 -5.414000000000000409e-03
2.400000000000000000e+01 4.900000000000000000e+01 5.200000000000000000e+01 0.000000000000000000e+00 1.600000000000000089e+00 -2.866900000000000004e-02 -9.574270000000000280e-01 2.872500000000000053e-01 6.380599999999999605e-01 2.036789999999999989e-01 7.425589999999999691e-01 -7.694530000000000536e-01 2.045710000000000028e-01 6.050569999999999560e-01
1.700000000000000000e+01 6.300000000000000000e+01 5.200000000000000000e+01 0.000000000000000000e+00 1.600000000000000089e+00 -3.906199999999999950e-02 2.086800000000000044e-01 -9.772030000000000438e-01 4.692779999999999729e-01 8.672239999999999949e-01 1.664360000000000006e-01 8.821860000000000257e-01 -4.520790000000000086e-01 -1.318050000000000055e-01
2.400000000000000000e+01 5.000000000000000000e+01 5.300000000000000000e+01 0.000000000000000000e+00 1.600000000000000089e+00 -8.632499999999999896e-02 -9.560279999999999889e-01 2.802830000000000044e-01 6.268040000000000278e-01 1.665580000000000116e-01 7.611670000000000380e-01 -7.743799999999999573e-01 2.413899999999999935e-01 5.848640000000000505e-01
1.400000000000000000e+01 1.400000000000000000e+01 5.400000000000000000e+01 0.000000000000000000e+00 1.600000000000000089e+00 -4.902000000000000107e-03 -7.550000000000000287e-04 -9.999879999999999880e-01 5.804979999999999585e-01 8.142540000000000333e-01 -3.459999999999999968e-03 8.142470000000000541e-01 -5.805080000000000240e-01 -3.553000000000000169e-03
2.900000000000000000e+01 6.300000000000000000e+01 5.400000000000000000e+01 0.000000000000000000e+00 1.600000000000000089e+00 3.750000000000000078e-04 9.534000000000000807e-03 9.999540000000000095e-01 -3.644029999999999769e-01 9.312000000000000277e-01 -8.741000000000000505e-03 -9.312409999999999854e-01 -3.643830000000000124e-01 3.823000000000000009e-03
1.500000000000000000e+01 7.200000000000000000e+01 5.400000000000000000e+01 0.000000000000000000e+00 1.600000000000000089e+00 -9.135450000000000514e-01 2.407590000000000008e-01 3.278260000000000063e-01 -2.850969999999999893e-01 -9.538849999999999829e-01 -9.392899999999999860e-02 2.900940000000000185e-01 -1.792710000000000137e-01 9.400570000000000315e-01
2.600000000000000000e+01 2.400000000000000000e+01 5.500000000000000000e+01 0.000000000000000000e+00 1.600000000000000089e+00 -3.884900000000000159e-02 1.584699999999999998e-01 -9.865990000000000038e-01 2.115099999999999966e-02 9.872539999999999649e-01 1.577429999999999943e-01 9.990210000000000479e-01 -1.473900000000000036e-02 -4.170600000000000002e-02
1.700000000000000000e+01 2.600000000000000000e+01 5.500000000000000000e+01 0.000000000000000000e+00 1.600000000000000089e+00 1.346499999999999954e-02 1.855800000000000158e-02 -9.997369999999999868e-01 -1.031480000000000036e-01 9.945199999999999596e-01 1.707200000000000037e-02 9.945749999999999869e-01 1.028909999999999964e-01 1.530499999999999916e-02
1.900000000000000000e+01 2.600000000000000000e+01 5.500000000000000000e+01 0.000000000000000000e+00 1.600000000000000089e+00 2.501899999999999957e-02 2.333000000000000004e-02 -9.994150000000000533e-01 -1.083839999999999942e-01 9.938979999999999482e-01 2.048799999999999927e-02 9.937939999999999552e-01 1.078080000000000011e-01 2.739499999999999921e-02
2.700000000000000000e+01 5.300000000000000000e+01 5.500000000000000000e+01 0.000000000000000000e+00 1.600000000000000089e+00 1.740299999999999833e-02 -6.376549999999999718e-01 7.701249999999999485e-01 4.426999999999999685e-02 7.699780000000000513e-01 6.365330000000000155e-01 -9.988679999999999781e-01 2.301599999999999827e-02 4.162899999999999934e-02
2.900000000000000000e+01 2.500000000000000000e+01 5.600000000000000000e+01 0.000000000000000000e+00 1.600000000000000089e+00 -3.807100000000000067e-02 1.790859999999999952e-01 -9.830969999999999986e-01 3.894399999999999945e-02 9.833279999999999799e-01 1.776200000000000001e-01 9.985159999999999592e-01 -3.152400000000000341e-02 -4.441099999999999909e-02
2.600000000000000000e+01 2.600000000000000000e+01 5.600000000000000000e+01 0.000000000000000000e+00 1.600000000000000089e+00 -1.226499999999999986e-02 1.147880000000000011e-01 -9.933140000000000303e-01 8.170000000000000179e-03 9.933670000000000000e-01 1.146930000000000033e-01 9.998909999999999743e-01 -6.708999999999999686e-03 -1.312199999999999998e-02
2.300000000000000000e+01 4.200000000000000000e+01 5.800000000000000000e+01 0.000000000000000000e+00 1.600000000000000089e+00 -5.130409999999999693e-01 -4.638729999999999798e-01 7.222260000000000346e-01 -3.663099999999999690e-02 -8.287999999999999812e-01 -5.583449999999999802e-01 8.575819999999999554e-01 -3.129100000000000215e-01 4.082160000000000233e-01
1.100000000000000000e+01 5.500000000000000000e+01 5.800000000000000000e+01 0.000000000000000000e+00 1.600000000000000089e+00 7.554100000000000259e-01 4.310220000000000162e-01 -4.935329999999999995e-01 6.012629999999999919e-01 -7.553530000000000522e-01 2.606240000000000223e-01 -2.604569999999999941e-01 -4.936209999999999765e-01 -8.297590000000000243e-01
1.700000000000000000e+01 6.500000000000000000e+01 5.800000000000000000e+01 0.000000000000000000e+00 1.600000000000000089e+00 -5.580990000000000117e-01 -8.221669999999999812e-01 1.121049999999999963e-01 1.118669999999999942e-01 -2.084199999999999942e-01 -9.716209999999999569e-01 8.221990000000000132e-01 -5.297199999999999687e-01 2.082920000000000049e-01
3.000000000000000000e+01 5.800000000000000000e+01 5.900000000000000000e+01 0.000000000000000000e+00 1.600000000000000089e+00 -4.196030000000000038e-01 -5.503419999999999979e-01 7.218430000000000124e-01 -5.952999999999999958e-03 -7.935520000000000351e-01 -6.084730000000000416e-01 9.076880000000000503e-01 -2.596140000000000114e-01 3.296999999999999931e-01
2.100000000000000000e+01 2.000000000000000000e+01 6.000000000000000000e+01 0.000000000000000000e+00 1.600000000000000089e+00 2.739999999999999923e-04 5.133999999999999675e-03 9.999869999999999592e-01 -6.356699999999999851e-02 9.979649999999999910e-01 -5.107000000000000428e-03 -9.979780000000000317e-01 -6.356499999999999651e-02 5.990000000000000316e-04
2.900000000000000000e+01 2.000000000000000000e+01 6.000000000000000000e+01 0.000000000000000000e+00 1.600000000000000089e+00 2.829999999999999942e-04 -5.792000000000000273e-03 9.999829999999999552e-01 -6.524399999999999644e-02 9.978529999999999900e-01 5.798000000000000202e-03 -9.978690000000000060e-01 -6.524399999999999644e-02 -9.600000000000000243e-05
3.000000000000000000e+00 2.100000000000000000e+01 6.000000000000000000e+01 0.000000000000000000e+00 1.600000000000000089e+00 3.000000000000000062e-03 5.900999999999999995e-03 9.999780000000000335e-01 -9.793799999999999728e-02 9.951769999999999783e-01 -5.578999999999999758e-03 -9.951879999999999615e-01 -9.791900000000000603e-02 3.563999999999999894e-03
