4.000000000000000000e+00 1.500000000000000000e+01 4.000000000000000000e+00 0.000000000000000000e+00 1.600000000000000089e+00 -1.399999999999999877e-04 -4.105000000000000142e-03 9.999919999999999920e-01 3.158500000000000196e-01 -9.488010000000000055e-01 -3.850000000000000124e-03 9.488090000000000135e-01 3.158469999999999889e-01 1.428999999999999932e-03
1.000000000000000000e+01 1.500000000000000000e+01 4.000000000000000000e+00 0.000000000000000000e+00 1.600000000000000089e+00 -4.256000000000000234e-03 -6.030000000000000204e-04 9.999909999999999632e-01 3.154939999999999967e-01 -9.489269999999999650e-01 7.709999999999999840e-04 9.489180000000000392e-01 3.154939999999999967e-01 4.227999999999999987e-03
1.700000000000000000e+01 1.500000000000000000e+01 4.000000000000000000e+00 0.000000000000000000e+00 1.600000000000000089e+00 -2.252999999999999794e-03 1.275000000000000092e-03 9.999970000000000248e-01 3.125620000000000065e-01 -9.498950000000000449e-01 1.915000000000000036e-03 9.498950000000000449e-01 3.125649999999999817e-01 1.742000000000000059e-03
2.200000000000000000e+01 1.500000000000000000e+01 4.000000000000000000e+00 0.000000000000000000e+00 1.600000000000000089e+00 -2.464000000000000044e-03 1.346600000000000054e-02 9.999059999999999615e-01 3.146619999999999973e-01 -9.491070000000000340e-01 1.355699999999999961e-02 9.492009999999999614e-01 3.146660000000000013e-01 -1.899000000000000080e-03
2.800000000000000000e+01 1.010000000000000000e+02 7.000000000000000000e+00 0.000000000000000000e+00 1.600000000000000089e+00 1.178999999999999927e-03 6.793000000000000427e-03 9.999759999999999760e-01 8.883950000000000458e-01 4.590609999999999968e-01 -4.166000000000000432e-03 -4.590779999999999861e-01 8.883790000000000298e-01 -5.493999999999999752e-03
4.000000000000000000e+00 2.500000000000000000e+01 8.000000000000000000e+00 0.000000000000000000e+00 1.600000000000000089e+00 2.155999999999999930e-03 5.543000000000000184e-03 -9.999820000000000375e-01 4.461189999999999878e-01 8.949540000000000273e-01 5.923000000000000313e-03 8.949709999999999610e-01 -4.461229999999999918e-01 -5.439999999999999957e-04
1.100000000000000000e+01 2.500000000000000000e+01 8.000000000000000000e+00 0.000000000000000000e+00 1.600000000000000089e+00 1.090000000000000067e-04 -4.879999999999999898e-04 -1.000000000000000000e+00 4.443320000000000047e-01 8.958620000000000472e-01 -3.879999999999999985e-04 8.958620000000000472e-01 -4.443320000000000047e-01 3.150000000000000131e-04
1.900000000000000000e+01 2.500000000000000000e+01 8.000000000000000000e+00 0.000000000000000000e+00 1.600000000000000089e+00 -2.441000000000000027e-03 -4.414999999999999654e-03 -9.999869999999999592e-01 4.452479999999999771e-01 8.953929999999999945e-01 -5.040000000000000209e-03 8.954039999999999777e-01 -4.452539999999999831e-01 -2.200000000000000078e-04
2.200000000000000000e+01 2.500000000000000000e+01 8.000000000000000000e+00 0.000000000000000000e+00 1.600000000000000089e+00 -1.614999999999999899e-03 -4.217000000000000262e-03 -9.999900000000000455e-01 4.444850000000000190e-01 8.957749999999999879e-01 -4.494999999999999864e-03 8.957850000000000534e-01 -4.444879999999999942e-01 4.279999999999999950e-04
2.800000000000000000e+01 2.500000000000000000e+01 8.000000000000000000e+00 0.000000000000000000e+00 1.600000000000000089e+00 -1.020999999999999989e-03 -5.521999999999999999e-03 -9.999839999999999840e-01 4.458369999999999833e-01 8.950979999999999492e-01 -5.398000000000000020e-03 8.951130000000000475e-01 -4.458360000000000101e-01 1.547999999999999897e-03
4.000000000000000000e+00 2.400000000000000000e+01 9.000000000000000000e+00 0.000000000000000000e+00 1.600000000000000089e+00 1.628000000000000107e-03 4.256000000000000234e-03 -9.999900000000000455e-01 4.507979999999999765e-01 8.926150000000000473e-01 4.532999999999999703e-03 8.926250000000000018e-01 -4.508010000000000073e-01 -4.659999999999999971e-04
1.200000000000000000e+01 2.400000000000000000e+01 9.000000000000000000e+00 0.000000000000000000e+00 1.600000000000000089e+00 -6.629999999999999609e-04 -4.403999999999999929e-03 -9.999900000000000455e-01 4.506310000000000038e-01 8.927000000000000490e-01 -4.230000000000000253e-03 8.927100000000000035e-01 -4.506299999999999750e-01 1.392999999999999924e-03
2.100000000000000000e+01 2.400000000000000000e+01 9.000000000000000000e+00 0.000000000000000000e+00 1.600000000000000089e+00 -1.466000000000000072e-03 -5.104000000000000030e-03 -9.999860000000000415e-01 4.501660000000000106e-01 8.929300000000000015e-01 -5.217000000000000283e-03 8.929439999999999600e-01 -4.501669999999999838e-01 9.890000000000000787e-04
2.900000000000000000e+01 2.400000000000000000e+01 9.000000000000000000e+00 0.000000000000000000e+00 1.600000000000000089e+00 -1.387999999999999911e-03 -7.493999999999999793e-03 -9.999710000000000543e-01 4.513809999999999767e-01 8.923010000000000108e-01 -7.314000000000000189e-03 8.923299999999999566e-01 -4.513780000000000014e-01 2.144000000000000072e-03
4.000000000000000000e+00 5.000000000000000000e+00 1.200000000000000000e+01 0.000000000000000000e+00 1.600000000000000089e+00 1.270400000000000001e-02 -1.186310000000000003e-01 9.928569999999999895e-01 -2.354529999999999956e-01 9.646620000000000195e-01 1.182750000000000051e-01 -9.718029999999999724e-01 -2.352730000000000099e-01 -1.567699999999999996e-02
5.000000000000000000e+00 3.100000000000000000e+01 1.200000000000000000e+01 0.000000000000000000e+00 1.600000000000000089e+00 5.490000000000000088e-04 4.650000000000000270e-04 1.000000000000000000e+00 3.609999999999999928e-04 1.000000000000000000e+00 -4.659999999999999971e-04 -1.000000000000000000e+00 3.609999999999999928e-04 5.490000000000000088e-04
1.300000000000000000e+01 3.100000000000000000e+01 1.200000000000000000e+01 0.000000000000000000e+00 1.600000000000000089e+00 -1.224000000000000045e-03 -1.342000000000000094e-03 9.999980000000000535e-01 2.509999999999999753e-04 9.999989999999999712e-01 1.342000000000000094e-03 -9.999989999999999712e-01 2.519999999999999996e-04 -1.224000000000000045e-03
2.300000000000000000e+01 3.100000000000000000e+01 1.200000000000000000e+01 0.000000000000000000e+00 1.600000000000000089e+00 8.720000000000000537e-04 -3.069999999999999812e-04 1.000000000000000000e+00 -1.856000000000000011e-03 9.999980000000000535e-01 3.080000000000000055e-04 -9.999980000000000535e-01 -1.856000000000000011e-03 8.710000000000000294e-04
2.400000000000000000e+01 3.500000000000000000e+01 1.200000000000000000e+01 0.000000000000000000e+00 1.600000000000000089e+00 3.449999999999999942e-03 -4.089999999999999886e-03 -9.999860000000000415e-01 5.724120000000000319e-01 -8.199490000000000389e-01 5.328000000000000271e-03 -8.199589999999999934e-01 -5.724230000000000151e-01 -4.879999999999999898e-04
2.900000000000000000e+01 3.500000000000000000e+01 1.200000000000000000e+01 0.000000000000000000e+00 1.600000000000000089e+00 -1.245000000000000013e-03 -3.134000000000000067e-03 -9.999940000000000495e-01 5.553379999999999983e-01 -8.316219999999999724e-01 1.915000000000000036e-03 -8.316240000000000299e-01 -5.553329999999999655e-01 2.775999999999999822e-03
8.000000000000000000e+00 3.200000000000000000e+01 1.400000000000000000e+01 0.000000000000000000e+00 1.600000000000000089e+00 1.229999999999999974e-03 2.086999999999999880e-03 -9.999970000000000248e-01 1.033560000000000034e-01 9.946420000000000261e-01 2.203000000000000097e-03 9.946439999999999726e-01 -1.033590000000000064e-01 1.007999999999999998e-03
1.700000000000000000e+01 3.200000000000000000e+01 1.400000000000000000e+01 0.000000000000000000e+00 1.600000000000000089e+00 -1.691000000000000012e-03 -8.430999999999999259e-03 -9.999630000000000463e-01 1.041959999999999970e-01 9.945199999999999596e-01 -8.560999999999999166e-03 9.945549999999999669e-01 -1.042059999999999931e-01 -8.030000000000000028e-04
2.000000000000000000e+00 1.200000000000000000e+01 1.500000000000000000e+01 0.000000000000000000e+00 1.600000000000000089e+00 5.339999999999999695e-04 1.490000000000000005e-03 -9.999989999999999712e-01 -4.718200000000000172e-01 -8.816929999999999490e-01 -1.565999999999999901e-03 -8.816950000000000065e-01 4.718209999999999904e-01 2.320000000000000014e-04
9.000000000000000000e+00 1.200000000000000000e+01 1.500000000000000000e+01 0.000000000000000000e+00 1.600000000000000089e+00 1.861000000000000024e-03 3.720999999999999915e-03 -9.999909999999999632e-01 -4.695889999999999787e-01 -8.828749999999999654e-01 -4.159000000000000370e-03 -8.828829999999999734e-01 4.695929999999999827e-01 1.039999999999999936e-04
1.500000000000000000e+01 1.200000000000000000e+01 1.500000000000000000e+01 0.000000000000000000e+00 1.600000000000000089e+00 8.499999999999999526e-04 4.342999999999999639e-03 -9.999900000000000455e-01 -4.696569999999999911e-01 -8.828390000000000404e-01 -4.233999999999999916e-03 -8.828489999999999949e-01 4.696560000000000179e-01 1.288999999999999998e-03
1.800000000000000000e+01 1.200000000000000000e+01 1.500000000000000000e+01 0.000000000000000000e+00 1.600000000000000089e+00 -1.036000000000000029e-03 7.375999999999999744e-03 -9.999719999999999720e-01 -4.661790000000000100e-01 -8.846699999999999564e-01 -6.042999999999999761e-03 -8.846899999999999764e-01 4.661600000000000188e-01 4.355000000000000364e-03
2.300000000000000000e+01 1.200000000000000000e+01 1.500000000000000000e+01 0.000000000000000000e+00 1.600000000000000089e+00 8.750000000000000182e-04 7.910000000000000364e-03 -9.999679999999999680e-01 -4.596230000000000038e-01 -8.880829999999999558e-01 -7.426999999999999574e-03 -8.881139999999999590e-01 4.596149999999999958e-01 2.858999999999999996e-03
2.800000000000000000e+01 1.200000000000000000e+01 1.500000000000000000e+01 0.000000000000000000e+00 1.600000000000000089e+00 3.899999999999999929e-04 9.549000000000000196e-03 -9.999540000000000095e-01 -4.529889999999999750e-01 -8.914739999999999887e-01 -8.689999999999999808e-03 -8.915159999999999751e-01 4.529710000000000125e-01 3.977999999999999765e-03
9.000000000000000000e+00 1.160000000000000000e+02 1.600000000000000000e+01 0.000000000000000000e+00 1.600000000000000089e+00 -2.720999999999999894e-03 -1.958999999999999804e-03 9.999940000000000495e-01 8.063479999999999537e-01 5.914319999999999578e-01 3.353000000000000078e-03 -5.914350000000000440e-01 8.063519999999999577e-01 -3.000000000000000076e-05
1.600000000000000000e+01 1.160000000000000000e+02 1.600000000000000000e+01 0.000000000000000000e+00 1.600000000000000089e+00 -1.289999999999999914e-04 3.150000000000000131e-04 1.000000000000000000e+00 7.435810000000000475e-01 6.686459999999999626e-01 -1.150000000000000035e-04 -6.686459999999999626e-01 7.435810000000000475e-01 -3.209999999999999963e-04
2.100000000000000000e+01 1.160000000000000000e+02 1.600000000000000000e+01 0.000000000000000000e+00 1.600000000000000089e+00 -3.370000000000000057e-04 2.592000000000000120e-03 9.999970000000000248e-01 7.491579999999999906e-01 6.623900000000000343e-01 -1.464000000000000024e-03 -6.623909999999999521e-01 7.491550000000000153e-01 -2.164999999999999824e-03
2.000000000000000000e+00 2.000000000000000000e+00 1.900000000000000000e+01 0.000000000000000000e+00 1.600000000000000089e+00 -1.190699999999999918e-02 6.503000000000000100e-03 -9.999080000000000190e-01 2.187739999999999962e-01 -9.757339999999999902e-01 -8.951000000000000623e-03 -9.757029999999999870e-01 -2.188610000000000000e-01 1.019499999999999920e-02
8.000000000000000000e+00 2.000000000000000000e+00 1.900000000000000000e+01 0.000000000000000000e+00 1.600000000000000089e+00 -1.218799999999999918e-02 1.034700000000000029e-02 -9.998719999999999830e-01 2.356699999999999906e-01 -9.717470000000000274e-01 -1.292800000000000026e-02 -9.717569999999999819e-01 -2.357970000000000066e-01 9.405000000000000165e-03
1.200000000000000000e+01 2.000000000000000000e+00 1.900000000000000000e+01 0.000000000000000000e+00 1.600000000000000089e+00 -5.794999999999999804e-03 2.589100000000000082e-02 -9.996479999999999810e-01 2.404169999999999918e-01 -9.703070000000000306e-01 -2.652499999999999997e-02 -9.706519999999999593e-01 -2.404860000000000053e-01 -6.019999999999999961e-04
2.100000000000000000e+01 2.000000000000000000e+00 1.900000000000000000e+01 0.000000000000000000e+00 1.600000000000000089e+00 2.692599999999999855e-02 6.263699999999999823e-02 -9.976730000000000320e-01 2.352980000000000071e-01 -9.703899999999999748e-01 -5.457399999999999751e-02 -9.715500000000000247e-01 -2.332809999999999884e-01 -4.086700000000000055e-02
2.700000000000000000e+01 2.000000000000000000e+00 1.900000000000000000e+01 0.000000000000000000e+00 1.600000000000000089e+00 2.689499999999999877e-02 7.676399999999999890e-02 -9.966869999999999896e-01 2.854709999999999748e-01 -9.561169999999999947e-01 -6.593599999999999461e-02 -9.580100000000000282e-01 -2.827509999999999746e-01 -4.762899999999999773e-02
3.000000000000000000e+01 3.000000000000000000e+00 1.900000000000000000e+01 0.000000000000000000e+00 1.600000000000000089e+00 2.451100000000000154e-02 5.285000000000000114e-02 -9.983020000000000227e-01 2.998770000000000047e-01 -9.530039999999999623e-01 -4.308900000000000230e-02 -9.536630000000000384e-01 -2.983120000000000216e-01 -3.920799999999999980e-02
2.300000000000000000e+01 4.000000000000000000e+00 2.000000000000000000e+01 0.000000000000000000e+00 1.600000000000000089e+00 1.865400000000000044e-02 4.670500000000000346e-02 -9.987350000000000394e-01 4.009980000000000211e-01 -9.153980000000000450e-01 -3.531800000000000217e-02 -9.158889999999999532e-01 -3.998320000000000207e-01 -3.580400000000000249e-02
3.000000000000000000e+01 4.000000000000000000e+00 2.000000000000000000e+01 0.000000000000000000e+00 1.600000000000000089e+00 1.633599999999999983e-02 2.501199999999999951e-02 -9.995540000000000536e-01 3.730350000000000055e-01 -9.276600000000000401e-01 -1.711700000000000027e-02 -9.276739999999999986e-01 -3.725890000000000035e-01 -2.448399999999999882e-02
6.000000000000000000e+00 1.300000000000000000e+01 2.000000000000000000e+01 0.000000000000000000e+00 1.600000000000000089e+00 1.845999999999999985e-03 -1.750000000000000036e-03 9.999970000000000248e-01 2.639509999999999912e-01 9.645350000000000312e-01 1.201000000000000028e-03 -9.645340000000000025e-01 2.639480000000000159e-01 2.242000000000000069e-03
1.200000000000000000e+01 1.300000000000000000e+01 2.000000000000000000e+01 0.000000000000000000e+00 1.600000000000000089e+00 -8.180000000000000422e-04 -3.158999999999999916e-03 9.999949999999999672e-01 2.659210000000000185e-01 9.639889999999999848e-01 3.262999999999999842e-03 -9.639940000000000175e-01 2.659230000000000205e-01 5.099999999999999960e-05
2.100000000000000000e+01 1.300000000000000000e+01 2.000000000000000000e+01 0.000000000000000000e+00 1.600000000000000089e+00 1.230000000000000082e-04 1.487999999999999956e-03 9.999989999999999712e-01 2.647189999999999821e-01 9.643239999999999590e-01 -1.467999999999999904e-03 -9.643260000000000165e-01 2.647189999999999821e-01 -2.750000000000000166e-04
2.700000000000000000e+01 1.300000000000000000e+01 2.000000000000000000e+01 0.000000000000000000e+00 1.600000000000000089e+00 8.100000000000000375e-05 -2.041999999999999978e-03 9.999980000000000535e-01 2.624839999999999951e-01 9.649339999999999584e-01 1.949999999999999910e-03 -9.649360000000000159e-01 2.624830000000000219e-01 6.139999999999999625e-04
3.000000000000000000e+00 3.000000000000000000e+00 2.500000000000000000e+01 0.000000000000000000e+00 1.600000000000000089e+00 -2.115000000000000126e-03 -1.129999999999999928e-03 9.999970000000000248e-01 -2.159499999999999961e-02 -9.997660000000000435e-01 -1.175999999999999962e-03 9.997650000000000148e-01 -2.159700000000000161e-02 2.089999999999999844e-03
8.000000000000000000e+00 3.000000000000000000e+00 2.500000000000000000e+01 0.000000000000000000e+00 1.600000000000000089e+00 -2.788999999999999813e-03 3.504000000000000170e-03 9.999900000000000455e-01 -1.741300000000000139e-02 -9.998420000000000085e-01 3.455000000000000172e-03 9.998439999999999550e-01 -1.740299999999999833e-02 2.848999999999999970e-03
1.200000000000000000e+01 3.000000000000000000e+00 2.500000000000000000e+01 0.000000000000000000e+00 1.600000000000000089e+00 2.750999999999999973e-03 8.869000000000000147e-03 9.999569999999999848e-01 -2.018199999999999855e-02 -9.997570000000000068e-01 8.921999999999999376e-03 9.997930000000000428e-01 -2.020500000000000074e-02 -2.572000000000000067e-03
2.700000000000000000e+01 3.000000000000000000e+00 2.500000000000000000e+01 0.000000000000000000e+00 1.600000000000000089e+00 -1.513000000000000022e-03 1.726799999999999863e-02 9.998500000000000165e-01 -3.134800000000000086e-02 -9.993600000000000261e-01 1.721200000000000160e-02 9.995070000000000343e-01 -3.131799999999999862e-02 2.053999999999999836e-03
1.000000000000000000e+00 4.600000000000000000e+01 2.700000000000000000e+01 0.000000000000000000e+00 1.600000000000000089e+00 9.740000000000000394e-04 3.425999999999999792e-03 -9.999940000000000495e-01 6.666919999999999513e-01 7.453269999999999618e-01 3.203000000000000118e-03 7.453330000000000233e-01 -6.666910000000000336e-01 -1.557999999999999923e-03
1.100000000000000000e+01 4.600000000000000000e+01 2.700000000000000000e+01 0.000000000000000000e+00 1.600000000000000089e+00 1.262000000000000101e-03 6.009999999999999717e-04 -9.999989999999999712e-01 6.718039999999999567e-01 7.407280000000000530e-01 1.293000000000000095e-03 7.407280000000000530e-01 -6.718049999999999855e-01 5.310000000000000050e-04
4.000000000000000000e+00 4.600000000000000000e+01 3.000000000000000000e+01 0.000000000000000000e+00 1.600000000000000089e+00 -1.565999999999999901e-03 9.229999999999999923e-04 -9.999980000000000535e-01 3.143980000000000108e-01 9.492909999999999959e-01 3.840000000000000097e-04 9.492899999999999672e-01 -3.143969999999999820e-01 -1.776999999999999934e-03
2.900000000000000000e+01 4.600000000000000000e+01 3.000000000000000000e+01 0.000000000000000000e+00 1.600000000000000089e+00 9.100000000000000287e-05 -2.469999999999999865e-04 -1.000000000000000000e+00 3.231930000000000081e-01 9.463329999999999798e-01 -2.039999999999999984e-04 9.463329999999999798e-01 -3.231930000000000081e-01 1.649999999999999991e-04
4.000000000000000000e+00 5.800000000000000000e+01 3.100000000000000000e+01 0.000000000000000000e+00 1.600000000000000089e+00 1.281999999999999936e-03 1.239000000000000084e-03 9.999980000000000535e-01 -7.880430000000000490e-01 -6.156179999999999986e-01 1.773000000000000053e-03 6.156190000000000273e-01 -7.880439999999999667e-01 1.869999999999999917e-04
1.000000000000000000e+01 5.800000000000000000e+01 3.100000000000000000e+01 0.000000000000000000e+00 1.600000000000000089e+00 1.428000000000000016e-03 4.226999999999999855e-03 9.999900000000000455e-01 -7.872810000000000086e-01 -6.165829999999999922e-01 3.730999999999999941e-03 6.165920000000000289e-01 -7.872789999999999511e-01 2.446999999999999956e-03
1.600000000000000000e+01 5.800000000000000000e+01 3.100000000000000000e+01 0.000000000000000000e+00 1.600000000000000089e+00 2.100000000000000087e-04 -7.630000000000000063e-04 1.000000000000000000e+00 -7.832459999999999978e-01 -6.217120000000000424e-01 -3.099999999999999999e-04 6.217120000000000424e-01 -7.832449999999999690e-01 -7.290000000000000473e-04
2.300000000000000000e+01 5.800000000000000000e+01 3.100000000000000000e+01 0.000000000000000000e+00 1.600000000000000089e+00 3.805999999999999921e-03 4.623999999999999638e-03 9.999820000000000375e-01 -7.781390000000000251e-01 -6.280649999999999844e-01 5.865999999999999687e-03 6.280810000000000004e-01 -7.781470000000000331e-01 1.208000000000000089e-03
2.000000000000000000e+00 4.600000000000000000e+01 3.500000000000000000e+01 0.000000000000000000e+00 1.600000000000000089e+00 8.739999999999999939e-04 -3.066000000000000149e-03 -9.999949999999999672e-01 3.889409999999999812e-01 -9.212569999999999926e-01 3.164999999999999845e-03 -9.212620000000000253e-01 -3.889409999999999812e-01 3.869999999999999742e-04
9.000000000000000000e+00 4.600000000000000000e+01 3.500000000000000000e+01 0.000000000000000000e+00 1.600000000000000089e+00 -3.780000000000000265e-04 2.252999999999999794e-03 -9.999970000000000248e-01 3.907880000000000242e-01 -9.204780000000000184e-01 -2.220999999999999884e-03 -9.204809999999999937e-01 -3.907869999999999955e-01 -5.320000000000000293e-04
1.200000000000000000e+01 4.600000000000000000e+01 3.500000000000000000e+01 0.000000000000000000e+00 1.600000000000000089e+00 -4.459999999999999989e-04 -1.472999999999999917e-03 -9.999989999999999712e-01 3.908300000000000107e-01 -9.204620000000000024e-01 1.182000000000000108e-03 -9.204630000000000312e-01 -3.908289999999999820e-01 9.859999999999998974e-04
1.700000000000000000e+01 4.600000000000000000e+01 3.500000000000000000e+01 0.000000000000000000e+00 1.600000000000000089e+00 6.109999999999999980e-04 7.399999999999999894e-04 -1.000000000000000000e+00 3.911800000000000277e-01 -9.203139999999999654e-01 -4.420000000000000101e-04 -9.203139999999999654e-01 -3.911789999999999989e-01 -8.520000000000000013e-04
2.000000000000000000e+01 4.600000000000000000e+01 3.500000000000000000e+01 0.000000000000000000e+00 1.600000000000000089e+00 -1.430000000000000064e-04 2.742000000000000080e-03 -9.999959999999999960e-01 3.915409999999999724e-01 -9.201570000000000027e-01 -2.579000000000000129e-03 -9.201610000000000067e-01 -3.915399999999999991e-01 -9.420000000000000205e-04
2.400000000000000000e+01 4.600000000000000000e+01 3.500000000000000000e+01 0.000000000000000000e+00 1.600000000000000089e+00 -3.429999999999999889e-04 -1.200000000000000030e-05 -1.000000000000000000e+00 3.921529999999999738e-01 -9.199000000000000510e-01 -1.240000000000000054e-04 -9.199000000000000510e-01 -3.921529999999999738e-01 3.200000000000000262e-04
2.900000000000000000e+01 4.600000000000000000e+01 3.500000000000000000e+01 0.000000000000000000e+00 1.600000000000000089e+00 -6.899999999999999667e-05 1.386000000000000079e-03 -9.999989999999999712e-01 3.928539999999999810e-01 -9.195999999999999730e-01 -1.301999999999999989e-03 -9.196010000000000018e-01 -3.928539999999999810e-01 -4.820000000000000066e-04
1.000000000000000000e+01 3.000000000000000000e+00 4.300000000000000000e+01 0.000000000000000000e+00 1.600000000000000089e+00 -1.210000000000000002e-04 -9.742000000000000659e-03 -9.999529999999999808e-01 7.408460000000000045e-01 -6.716440000000000188e-01 6.453999999999999668e-03 -6.716750000000000220e-01 -7.408099999999999685e-01 7.298999999999999932e-03
1.600000000000000000e+01 3.000000000000000000e+00 4.300000000000000000e+01 0.000000000000000000e+00 1.600000000000000089e+00 -1.081400000000000070e-02 -2.792299999999999990e-02 -9.995519999999999960e-01 7.361830000000000318e-01 -6.766940000000000177e-01 1.093900000000000081e-02 -6.766959999999999642e-01 -7.357350000000000279e-01 2.787399999999999947e-02
2.000000000000000000e+01 3.000000000000000000e+00 4.300000000000000000e+01 0.000000000000000000e+00 1.600000000000000089e+00 2.059999999999999928e-04 -3.480599999999999666e-02 -9.993940000000000046e-01 7.339379999999999793e-01 -6.787999999999999590e-01 2.379200000000000065e-02 -6.792169999999999597e-01 -7.334979999999999833e-01 2.540600000000000150e-02
2.600000000000000000e+01 3.000000000000000000e+00 4.300000000000000000e+01 0.000000000000000000e+00 1.600000000000000089e+00 -3.465999999999999897e-03 -4.067999999999999568e-03 -9.999860000000000415e-01 7.372469999999999857e-01 -6.756240000000000023e-01 1.939999999999999993e-04 -6.756149999999999656e-01 -7.372349999999999737e-01 5.341000000000000261e-03
3.000000000000000000e+00 2.900000000000000000e+01 4.400000000000000000e+01 0.000000000000000000e+00 1.600000000000000089e+00 2.331000000000000173e-03 5.400000000000000069e-04 -9.999970000000000248e-01 6.557819999999999760e-01 7.549479999999999524e-01 1.936000000000000004e-03 7.549460000000000059e-01 -6.557849999999999513e-01 1.405999999999999915e-03
8.000000000000000000e+00 2.900000000000000000e+01 4.400000000000000000e+01 0.000000000000000000e+00 1.600000000000000089e+00 6.960000000000000041e-04 -1.552999999999999910e-03 -9.999989999999999712e-01 6.513149999999999773e-01 7.588070000000000093e-01 -7.249999999999999500e-04 7.588070000000000093e-01 -6.513130000000000308e-01 1.539999999999999919e-03
1.500000000000000000e+01 2.900000000000000000e+01 4.400000000000000000e+01 0.000000000000000000e+00 1.600000000000000089e+00 -2.259999999999999910e-04 1.827000000000000065e-03 -9.999980000000000535e-01 6.481289999999999552e-01 7.615300000000000402e-01 1.245000000000000013e-03 7.615309999999999580e-01 -6.481270000000000087e-01 -1.356000000000000000e-03
2.300000000000000000e+01 2.900000000000000000e+01 4.400000000000000000e+01 0.000000000000000000e+00 1.600000000000000089e+00 -2.351999999999999924e-03 1.649999999999999991e-03 -9.999959999999999960e-01 6.506969999999999699e-01 7.593370000000000397e-01 -2.779999999999999811e-04 7.593330000000000357e-01 -6.506950000000000234e-01 -2.860000000000000129e-03
2.900000000000000000e+01 2.900000000000000000e+01 4.400000000000000000e+01 0.000000000000000000e+00 1.600000000000000089e+00 -2.843000000000000041e-03 2.083999999999999915e-03 -9.999940000000000495e-01 6.569049999999999612e-01 7.539730000000000043e-01 -2.970000000000000092e-04 7.539679999999999715e-01 -6.569019999999999859e-01 -3.511999999999999931e-03
3.000000000000000000e+00 6.500000000000000000e+01 4.600000000000000000e+01 0.000000000000000000e+00 1.600000000000000089e+00 1.630000000000000047e-04 -3.246999999999999886e-03 9.999949999999999672e-01 6.797659999999999814e-01 -7.334249999999999936e-01 -2.491999999999999858e-03 7.334289999999999976e-01 6.797630000000000061e-01 2.088000000000000012e-03
1.300000000000000000e+01 6.500000000000000000e+01 4.600000000000000000e+01 0.000000000000000000e+00 1.600000000000000089e+00 8.670000000000000406e-04 -4.211000000000000333e-03 9.999909999999999632e-01 6.820349999999999469e-01 -7.313100000000000156e-01 -3.670999999999999784e-03 7.313190000000000524e-01 6.820319999999999716e-01 2.237999999999999972e-03
1.100000000000000000e+01 7.000000000000000000e+01 4.700000000000000000e+01 0.000000000000000000e+00 1.600000000000000089e+00 -5.320000000000000293e-04 5.339999999999999695e-04 -1.000000000000000000e+00 -8.428330000000000544e-01 -5.381749999999999590e-01 1.610000000000000103e-04 -5.381749999999999590e-01 8.428330000000000544e-01 7.360000000000000006e-04
2.300000000000000000e+01 7.000000000000000000e+01 4.700000000000000000e+01 0.000000000000000000e+00 1.600000000000000089e+00 -8.480000000000000124e-04 -2.530999999999999830e-03 -9.999959999999999960e-01 -8.437249999999999472e-01 -5.367720000000000269e-01 2.073999999999999889e-03 -5.367750000000000021e-01 8.437240000000000295e-01 -1.680000000000000070e-03
2.000000000000000000e+00 5.000000000000000000e+00 5.100000000000000000e+01 0.000000000000000000e+00 1.600000000000000089e+00 -2.339999999999999958e-04 6.971999999999999899e-03 -9.999759999999999760e-01 4.795989999999999975e-01 -8.774659999999999682e-01 -6.230000000000000294e-03 -8.774880000000000457e-01 -4.795889999999999875e-01 -3.138999999999999863e-03
4.000000000000000000e+00 5.000000000000000000e+00 5.100000000000000000e+01 0.000000000000000000e+00 1.600000000000000089e+00 6.210000000000000242e-04 8.044000000000000802e-03 -9.999670000000000503e-01 4.795039999999999858e-01 -8.775140000000000162e-01 -6.760999999999999649e-03 -8.775389999999999580e-01 -4.794840000000000213e-01 -4.401999999999999663e-03
1.200000000000000000e+01 5.000000000000000000e+00 5.100000000000000000e+01 0.000000000000000000e+00 1.600000000000000089e+00 7.010000000000000172e-04 -3.183000000000000065e-03 -9.999949999999999672e-01 4.724249999999999838e-01 -8.813649999999999540e-01 3.135999999999999899e-03 -8.813710000000000155e-01 -4.724249999999999838e-01 8.859999999999999603e-04
1.800000000000000000e+01 5.000000000000000000e+00 5.100000000000000000e+01 0.000000000000000000e+00 1.600000000000000089e+00 -5.683999999999999816e-03 -1.337999999999999953e-02 -9.998939999999999495e-01 4.825760000000000050e-01 -8.758080000000000309e-01 8.977000000000000604e-03 -8.758359999999999479e-01 -4.824740000000000140e-01 1.143500000000000072e-02
2.300000000000000000e+01 5.000000000000000000e+00 5.100000000000000000e+01 0.000000000000000000e+00 1.600000000000000089e+00 -2.475999999999999902e-03 -2.661000000000000171e-03 -9.999930000000000208e-01 4.858279999999999821e-01 -8.740539999999999976e-01 1.123000000000000083e-03 -8.740510000000000224e-01 -4.858219999999999761e-01 3.457000000000000003e-03
2.700000000000000000e+01 5.000000000000000000e+00 5.100000000000000000e+01 0.000000000000000000e+00 1.600000000000000089e+00 -6.579999999999999478e-04 5.906999999999999924e-03 -9.999820000000000375e-01 4.894200000000000217e-01 -8.720310000000000006e-01 -5.472999999999999567e-03 -8.720480000000000453e-01 -4.894140000000000157e-01 -2.317000000000000049e-03
4.000000000000000000e+00 7.000000000000000000e+00 5.200000000000000000e+01 0.000000000000000000e+00 1.600000000000000089e+00 1.003999999999999901e-03 2.452999999999999885e-03 -9.999959999999999960e-01 1.186370000000000063e-01 -9.929350000000000120e-01 -2.315999999999999916e-03 -9.929369999999999585e-01 -1.186340000000000033e-01 -1.288000000000000082e-03
9.000000000000000000e+00 7.000000000000000000e+00 5.200000000000000000e+01 0.000000000000000000e+00 1.600000000000000089e+00 -6.080000000000000335e-04 3.000000000000000076e-05 -1.000000000000000000e+00 9.956299999999999872e-02 -9.950309999999999988e-01 -9.100000000000000287e-05 -9.950309999999999988e-01 -9.956299999999999872e-02 6.019999999999999961e-04
2.300000000000000000e+01 7.000000000000000000e+00 5.200000000000000000e+01 0.000000000000000000e+00 1.600000000000000089e+00 -2.765000000000000097e-03 -8.610000000000000032e-04 -9.999959999999999960e-01 1.148850000000000010e-01 -9.933790000000000120e-01 5.370000000000000424e-04 -9.933750000000000080e-01 -1.148829999999999990e-01 2.844999999999999873e-03
5.000000000000000000e+00 6.300000000000000000e+01 5.400000000000000000e+01 0.000000000000000000e+00 1.600000000000000089e+00 -1.067999999999999939e-03 -6.999999999999999387e-05 9.999989999999999712e-01 -3.432919999999999860e-01 9.392289999999999806e-01 -3.009999999999999980e-04 -9.392279999999999518e-01 -3.432919999999999860e-01 -1.026999999999999918e-03
1.500000000000000000e+01 6.300000000000000000e+01 5.400000000000000000e+01 0.000000000000000000e+00 1.600000000000000089e+00 1.420000000000000038e-03 2.456999999999999983e-03 9.999959999999999960e-01 -3.310239999999999849e-01 9.436200000000000143e-01 -1.848000000000000033e-03 -9.436210000000000431e-01 -3.310199999999999809e-01 2.152999999999999966e-03
2.100000000000000000e+01 6.300000000000000000e+01 5.400000000000000000e+01 0.000000000000000000e+00 1.600000000000000089e+00 -1.998000000000000210e-03 -4.769999999999999934e-04 9.999980000000000535e-01 -3.352100000000000080e-01 9.421439999999999815e-01 -2.210000000000000050e-04 -9.421410000000000062e-01 -3.352089999999999792e-01 -2.043000000000000111e-03
2.600000000000000000e+01 6.300000000000000000e+01 5.400000000000000000e+01 0.000000000000000000e+00 1.600000000000000089e+00 -1.136999999999999990e-03 -3.438000000000000084e-03 9.999930000000000208e-01 -3.467470000000000274e-01 9.379549999999999832e-01 2.830000000000000050e-03 -9.379579999999999584e-01 -3.467410000000000214e-01 -2.259000000000000157e-03
1.000000000000000000e+00 2.500000000000000000e+01 5.500000000000000000e+01 0.000000000000000000e+00 1.600000000000000089e+00 -9.049999999999999885e-04 1.402999999999999950e-03 -9.999989999999999712e-01 -1.134899999999999971e-02 -9.999350000000000183e-01 -1.392999999999999924e-03 -9.999350000000000183e-01 1.134800000000000045e-02 9.210000000000000521e-04
8.000000000000000000e+00 2.500000000000000000e+01 5.500000000000000000e+01 0.000000000000000000e+00 1.600000000000000089e+00 1.817000000000000039e-03 8.616000000000000394e-03 -9.999609999999999888e-01 -1.111799999999999941e-02 -9.999010000000000398e-01 -8.635999999999999580e-03 -9.999369999999999647e-01 1.113300000000000053e-02 -1.721000000000000090e-03
1.900000000000000000e+01 2.500000000000000000e+01 5.500000000000000000e+01 0.000000000000000000e+00 1.600000000000000089e+00 -1.118000000000000070e-03 -1.257000000000000088e-03 -9.999989999999999712e-01 -9.409000000000000696e-03 -9.999550000000000383e-01 1.266999999999999897e-03 -9.999550000000000383e-01 9.409999999999999962e-03 1.105999999999999995e-03
6.000000000000000000e+00 2.100000000000000000e+01 6.000000000000000000e+01 0.000000000000000000e+00 1.600000000000000089e+00 2.121000000000000055e-03 -1.688600000000000170e-02 9.998550000000000493e-01 -9.378200000000000425e-02 9.954469999999999708e-01 1.701000000000000081e-02 -9.955910000000000037e-01 -9.380399999999999849e-02 5.270000000000000162e-04
1.000000000000000000e+01 2.100000000000000000e+01 6.000000000000000000e+01 0.000000000000000000e+00 1.600000000000000089e+00 -2.539999999999999940e-04 -9.039999999999999425e-03 9.999590000000000423e-01 -9.060899999999999510e-02 9.958460000000000090e-01 8.980000000000000135e-03 -9.958869999999999667e-01 -9.060300000000000298e-02 -1.072000000000000036e-03
1.400000000000000000e+01 2.100000000000000000e+01 6.000000000000000000e+01 0.000000000000000000e+00 1.600000000000000089e+00 -1.716999999999999993e-03 -3.089999999999999756e-04 9.999989999999999712e-01 -8.935800000000000687e-02 9.959999999999999964e-01 1.540000000000000028e-04 -9.959980000000000500e-01 -8.935800000000000687e-02 -1.737999999999999962e-03
2.000000000000000000e+01 2.100000000000000000e+01 6.000000000000000000e+01 0.000000000000000000e+00 1.600000000000000089e+00 1.400999999999999902e-03 1.099999999999999936e-02 9.999379999999999935e-01 -8.982900000000000607e-02 9.958979999999999499e-01 -1.082999999999999935e-02 -9.959559999999999524e-01 -8.980799999999999894e-02 2.383000000000000135e-03
2.400000000000000000e+01 2.100000000000000000e+01 6.000000000000000000e+01 0.000000000000000000e+00 1.600000000000000089e+00 8.009000000000000494e-03 -6.766999999999999578e-03 9.999449999999999728e-01 -9.231000000000000316e-02 9.957019999999999760e-01 7.478000000000000272e-03 -9.956979999999999720e-01 -9.236500000000000266e-02 7.349999999999999763e-03
1.800000000000000000e+01 3.000000000000000000e+00 6.300000000000000000e+01 0.000000000000000000e+00 1.600000000000000089e+00 -1.188999999999999953e-03 -8.776000000000000814e-03 9.999609999999999888e-01 -6.144190000000000484e-01 7.889559999999999906e-01 6.193999999999999853e-03 -7.889789999999999859e-01 -6.143870000000000164e-01 -6.329999999999999689e-03
1.000000000000000000e+00 1.200000000000000000e+01 6.300000000000000000e+01 0.000000000000000000e+00 1.600000000000000089e+00 1.325999999999999922e-03 -1.483399999999999996e-02 -9.998890000000000278e-01 -1.451939999999999897e-01 -9.892969999999999819e-01 1.448400000000000035e-02 -9.894020000000000037e-01 1.451590000000000102e-01 -3.465000000000000198e-03
4.000000000000000000e+00 2.700000000000000000e+01 6.300000000000000000e+01 0.000000000000000000e+00 1.600000000000000089e+00 1.304999999999999953e-03 -1.033000000000000064e-03 9.999989999999999712e-01 -2.711020000000000096e-01 9.625500000000000167e-01 1.348000000000000023e-03 -9.625500000000000167e-01 -2.711029999999999829e-01 9.759999999999999796e-04
1.000000000000000000e+01 2.700000000000000000e+01 6.300000000000000000e+01 0.000000000000000000e+00 1.600000000000000089e+00 3.105999999999999820e-03 8.963000000000000481e-03 9.999550000000000383e-01 -2.679699999999999860e-01 9.633960000000000301e-01 -7.803000000000000040e-03 -9.634220000000000006e-01 -2.679340000000000055e-01 5.394000000000000357e-03
1.400000000000000000e+01 2.700000000000000000e+01 6.300000000000000000e+01 0.000000000000000000e+00 1.600000000000000089e+00 -2.318999999999999881e-03 -6.165999999999999606e-03 9.999780000000000335e-01 -2.658510000000000040e-01 9.639999999999999680e-01 5.327000000000000138e-03 -9.640109999999999513e-01 -2.658320000000000127e-01 -3.874999999999999972e-03
2.200000000000000000e+01 2.700000000000000000e+01 6.300000000000000000e+01 0.000000000000000000e+00 1.600000000000000089e+00 1.224000000000000045e-03 -4.338999999999999975e-03 9.999900000000000455e-01 -2.736520000000000064e-01 9.618179999999999508e-01 4.507999999999999854e-03 -9.618280000000000163e-01 -2.736549999999999816e-01 -1.000000000000000082e-05
2.700000000000000000e+01 2.700000000000000000e+01 6.300000000000000000e+01 0.000000000000000000e+00 1.600000000000000089e+00 -1.614999999999999899e-03 -5.879999999999999810e-04 9.999989999999999712e-01 -2.826679999999999748e-01 9.592180000000000151e-01 1.079999999999999960e-04 -9.592159999999999576e-01 -2.826679999999999748e-01 -1.714999999999999945e-03
5.000000000000000000e+00 2.600000000000000000e+01 6.400000000000000000e+01 0.000000000000000000e+00 1.600000000000000089e+00 1.724999999999999971e-03 5.670000000000000127e-04 9.999980000000000535e-01 -3.510340000000000127e-01 9.363629999999999454e-01 7.399999999999999623e-05 -9.363609999999999989e-01 -3.510340000000000127e-01 1.814000000000000074e-03
9.000000000000000000e+00 2.600000000000000000e+01 6.400000000000000000e+01 0.000000000000000000e+00 1.600000000000000089e+00 1.449999999999999900e-03 6.435999999999999881e-03 9.999780000000000335e-01 -3.490570000000000062e-01 9.370849999999999458e-01 -5.525000000000000397e-03 -9.371000000000000441e-01 -3.490420000000000189e-01 3.605999999999999830e-03
1.300000000000000000e+01 2.600000000000000000e+01 6.400000000000000000e+01 0.000000000000000000e+00 1.600000000000000089e+00 -3.490000000000000263e-04 -4.714000000000000308e-03 9.999890000000000168e-01 -3.468860000000000277e-01 9.378969999999999807e-01 4.300000000000000003e-03 -9.379070000000000462e-01 -3.468809999999999949e-01 -1.962000000000000202e-03
1.800000000000000000e+01 2.600000000000000000e+01 6.400000000000000000e+01 0.000000000000000000e+00 1.600000000000000089e+00 5.710000000000000015e-04 -1.342899999999999996e-02 9.999099999999999655e-01 -3.541119999999999823e-01 9.351159999999999473e-01 1.276099999999999977e-02 -9.352030000000000065e-01 -3.540869999999999851e-01 -4.220999999999999926e-03
2.700000000000000000e+01 2.600000000000000000e+01 6.400000000000000000e+01 0.000000000000000000e+00 1.600000000000000089e+00 -1.030000000000000100e-03 2.135000000000000179e-03 9.999970000000000248e-01 -3.671289999999999831e-01 9.301669999999999661e-01 -2.364000000000000216e-03 -9.301690000000000236e-01 -3.671300000000000119e-01 -1.740000000000000010e-04
3.000000000000000000e+00 6.900000000000000000e+01 6.600000000000000000e+01 0.000000000000000000e+00 1.600000000000000089e+00 4.230000000000000253e-03 -4.213999999999999864e-03 9.999820000000000375e-01 -9.483880000000000088e-01 3.170660000000000145e-01 5.347000000000000190e-03 -3.170830000000000037e-01 -9.483939999999999593e-01 -2.654999999999999808e-03
3.000000000000000000e+00 2.500000000000000000e+01 7.300000000000000000e+01 0.000000000000000000e+00 1.600000000000000089e+00 -2.929000000000000180e-03 -3.455999999999999871e-03 9.999900000000000455e-01 7.454079999999999595e-01 -6.666090000000000071e-01 -1.200000000000000030e-04 6.666020000000000278e-01 7.453999999999999515e-01 4.529000000000000040e-03
9.000000000000000000e+00 2.500000000000000000e+01 7.300000000000000000e+01 0.000000000000000000e+00 1.600000000000000089e+00 3.950999999999999651e-03 1.510000000000000057e-03 9.999909999999999632e-01 7.503140000000000365e-01 -6.610789999999999722e-01 -1.966999999999999998e-03 6.610700000000000465e-01 7.503149999999999542e-01 -3.745000000000000065e-03
1.500000000000000000e+01 2.500000000000000000e+01 7.300000000000000000e+01 0.000000000000000000e+00 1.600000000000000089e+00 -3.436999999999999951e-03 8.045000000000000068e-03 9.999620000000000175e-01 7.535450000000000204e-01 -6.573489999999999611e-01 7.879000000000000586e-03 6.573870000000000546e-01 7.535429999999999628e-01 -3.802999999999999957e-03
