2.000000000000000000e+00 1.500000000000000000e+01 4.000000000000000000e+00 0.000000000000000000e+00 1.600000000000000089e+00 4.922000000000000160e-03 1.192999999999999963e-02 9.999169999999999447e-01 2.998140000000000249e-01 -9.539459999999999607e-01 9.905999999999999875e-03 9.539849999999999719e-01 2.997400000000000064e-01 -8.271999999999999839e-03
8.000000000000000000e+00 1.500000000000000000e+01 4.000000000000000000e+00 0.000000000000000000e+00 1.600000000000000089e+00 1.451000000000000033e-03 -9.126999999999999696e-03 9.999569999999999848e-01 2.998890000000000167e-01 -9.539299999999999446e-01 -9.142000000000000820e-03 9.539729999999999599e-01 2.998890000000000167e-01 1.351999999999999903e-03
1.300000000000000000e+01 1.500000000000000000e+01 4.000000000000000000e+00 0.000000000000000000e+00 1.600000000000000089e+00 -1.423999999999999919e-03 -1.652500000000000149e-02 9.998620000000000285e-01 2.913799999999999724e-01 -9.564840000000000009e-01 -1.539300000000000043e-02 9.566059999999999564e-01 2.913180000000000214e-01 6.177000000000000199e-03
1.700000000000000000e+01 1.500000000000000000e+01 4.000000000000000000e+00 0.000000000000000000e+00 1.600000000000000089e+00 -2.246999999999999865e-03 -1.603399999999999964e-02 9.998690000000000078e-01 2.817219999999999724e-01 -9.593829999999999858e-01 -1.475100000000000022e-02 9.594930000000000403e-01 2.816520000000000135e-01 6.673000000000000112e-03
2.600000000000000000e+01 1.500000000000000000e+01 4.000000000000000000e+00 0.000000000000000000e+00 1.600000000000000089e+00 2.601000000000000013e-03 9.129999999999999661e-04 9.999959999999999960e-01 2.828550000000000231e-01 -9.591629999999999878e-01 1.399999999999999877e-04 9.591589999999999838e-01 2.828530000000000211e-01 -2.752999999999999805e-03
3.000000000000000000e+01 1.500000000000000000e+01 4.000000000000000000e+00 0.000000000000000000e+00 1.600000000000000089e+00 5.569999999999999864e-04 6.649999999999999661e-03 9.999780000000000335e-01 2.886319999999999997e-01 -9.574200000000000488e-01 6.205999999999999711e-03 9.574399999999999578e-01 2.886219999999999897e-01 -2.452999999999999885e-03
4.000000000000000000e+00 1.010000000000000000e+02 7.000000000000000000e+00 0.000000000000000000e+00 1.600000000000000089e+00 -4.200999999999999873e-03 -2.178000000000000075e-02 9.997540000000000315e-01 8.853090000000000126e-01 4.647979999999999889e-01 1.384600000000000067e-02 -4.649849999999999817e-01 8.851489999999999636e-01 1.732900000000000065e-02
1.300000000000000000e+01 1.010000000000000000e+02 7.000000000000000000e+00 0.000000000000000000e+00 1.600000000000000089e+00 1.379999999999999933e-03 1.835600000000000079e-02 9.998310000000000253e-01 8.856190000000000451e-01 4.643090000000000273e-01 -9.747000000000000455e-03 -4.644099999999999895e-01 8.854830000000000201e-01 -1.561500000000000041e-02
2.600000000000000000e+01 1.010000000000000000e+02 7.000000000000000000e+00 0.000000000000000000e+00 1.600000000000000089e+00 -1.203000000000000076e-03 -6.411000000000000032e-03 9.999789999999999512e-01 8.853870000000000351e-01 4.648360000000000269e-01 4.044999999999999984e-03 -4.648519999999999874e-01 8.853739999999999943e-01 5.117000000000000021e-03
4.000000000000000000e+00 1.500000000000000000e+01 8.000000000000000000e+00 0.000000000000000000e+00 1.600000000000000089e+00 -3.341999999999999919e-03 2.318999999999999881e-03 -9.999919999999999920e-01 -5.839290000000000314e-01 -8.118049999999999988e-01 6.899999999999999667e-05 -8.117980000000000196e-01 5.839239999999999986e-01 4.067000000000000302e-03
1.500000000000000000e+01 1.500000000000000000e+01 8.000000000000000000e+00 0.000000000000000000e+00 1.600000000000000089e+00 -2.098000000000000038e-03 -1.167100000000000082e-02 -9.999299999999999855e-01 -5.875609999999999999e-01 -8.091089999999999671e-01 1.067700000000000073e-02 -8.091770000000000351e-01 5.875420000000000087e-01 -5.159999999999999656e-03
2.400000000000000000e+01 1.500000000000000000e+01 8.000000000000000000e+00 0.000000000000000000e+00 1.600000000000000089e+00 -4.002000000000000349e-03 -6.952999999999999979e-03 -9.999679999999999680e-01 -5.900570000000000537e-01 -8.073219999999999841e-01 7.974999999999999450e-03 -8.073519999999999586e-01 5.900699999999999834e-01 -8.720000000000000537e-04
2.900000000000000000e+01 1.500000000000000000e+01 8.000000000000000000e+00 0.000000000000000000e+00 1.600000000000000089e+00 -1.763999999999999943e-03 6.579999999999999478e-04 -9.999980000000000535e-01 -5.916219999999999812e-01 -8.062150000000000150e-01 5.130000000000000011e-04 -8.062139999999999862e-01 5.916219999999999812e-01 1.812000000000000026e-03
7.000000000000000000e+00 2.600000000000000000e+01 8.000000000000000000e+00 0.000000000000000000e+00 1.600000000000000089e+00 1.546999999999999981e-03 4.857000000000000206e-03 -9.999869999999999592e-01 4.059039999999999870e-01 9.139009999999999634e-01 5.067000000000000323e-03 9.139140000000000041e-01 -4.059070000000000178e-01 -5.569999999999999864e-04
2.000000000000000000e+01 2.600000000000000000e+01 8.000000000000000000e+00 0.000000000000000000e+00 1.600000000000000089e+00 3.650000000000000033e-03 9.306000000000000036e-03 -9.999500000000000055e-01 4.022390000000000132e-01 9.154799999999999605e-01 9.988000000000000350e-03 9.155269999999999797e-01 -4.022549999999999737e-01 -4.020000000000000136e-04
2.000000000000000000e+00 2.400000000000000000e+01 9.000000000000000000e+00 0.000000000000000000e+00 1.600000000000000089e+00 1.904000000000000093e-03 2.799999999999999972e-03 -9.999940000000000495e-01 4.626460000000000017e-01 8.865370000000000195e-01 3.363000000000000104e-03 8.865410000000000235e-01 -4.626500000000000057e-01 3.919999999999999873e-04
8.000000000000000000e+00 2.400000000000000000e+01 9.000000000000000000e+00 0.000000000000000000e+00 1.600000000000000089e+00 1.686999999999999915e-03 3.047999999999999928e-03 -9.999940000000000495e-01 4.619210000000000260e-01 8.869139999999999802e-01 3.481999999999999852e-03 8.869190000000000129e-01 -4.619240000000000013e-01 8.799999999999999771e-05
1.700000000000000000e+01 2.400000000000000000e+01 9.000000000000000000e+00 0.000000000000000000e+00 1.600000000000000089e+00 2.413000000000000214e-03 3.860000000000000150e-03 -9.999900000000000455e-01 4.598920000000000230e-01 8.879629999999999468e-01 4.537000000000000234e-03 8.879719999999999835e-01 -4.598979999999999735e-01 3.669999999999999760e-04
2.400000000000000000e+01 2.400000000000000000e+01 9.000000000000000000e+00 0.000000000000000000e+00 1.600000000000000089e+00 2.864999999999999925e-03 5.259999999999999919e-03 -9.999820000000000375e-01 4.593369999999999953e-01 8.882419999999999760e-01 5.988000000000000267e-03 8.882569999999999633e-01 -4.593459999999999765e-01 1.289999999999999914e-04
2.900000000000000000e+01 2.400000000000000000e+01 9.000000000000000000e+00 0.000000000000000000e+00 1.600000000000000089e+00 1.894999999999999983e-03 5.780000000000000415e-03 -9.999820000000000375e-01 4.590569999999999928e-01 8.883860000000000090e-01 6.004999999999999921e-03 8.884050000000000002e-01 -4.590600000000000236e-01 -9.700000000000000505e-04
5.000000000000000000e+00 4.000000000000000000e+00 1.100000000000000000e+01 0.000000000000000000e+00 1.600000000000000089e+00 5.180000000000000143e-04 1.904799999999999896e-02 -9.998179999999999845e-01 2.239019999999999899e-01 9.744329999999999936e-01 1.868099999999999969e-02 9.746120000000000339e-01 -2.238709999999999867e-01 -3.759999999999999887e-03
9.000000000000000000e+00 4.000000000000000000e+00 1.100000000000000000e+01 0.000000000000000000e+00 1.600000000000000089e+00 1.013999999999999927e-03 6.851000000000000319e-03 -9.999759999999999760e-01 2.214790000000000092e-01 9.751410000000000355e-01 6.904999999999999680e-03 9.751649999999999485e-01 -2.214810000000000112e-01 -5.289999999999999564e-04
1.200000000000000000e+01 4.000000000000000000e+00 1.100000000000000000e+01 0.000000000000000000e+00 1.600000000000000089e+00 3.820000000000000153e-04 -1.407000000000000048e-03 -9.999989999999999712e-01 2.196200000000000097e-01 9.755850000000000355e-01 -1.288999999999999998e-03 9.755850000000000355e-01 -2.196190000000000087e-01 6.819999999999999890e-04
1.100000000000000000e+01 3.100000000000000000e+01 1.200000000000000000e+01 0.000000000000000000e+00 1.600000000000000089e+00 -8.980000000000000352e-04 9.039999999999999642e-04 9.999989999999999712e-01 -2.052700000000000011e-02 9.997890000000000388e-01 -9.219999999999999680e-04 -9.997890000000000388e-01 -2.052800000000000111e-02 -8.790000000000000070e-04
2.100000000000000000e+01 3.100000000000000000e+01 1.200000000000000000e+01 0.000000000000000000e+00 1.600000000000000089e+00 -1.585000000000000037e-03 1.443000000000000055e-03 9.999980000000000535e-01 -2.453500000000000125e-02 9.996979999999999755e-01 -1.480999999999999895e-03 -9.996979999999999755e-01 -2.453699999999999978e-02 -1.549000000000000030e-03
2.600000000000000000e+01 3.100000000000000000e+01 1.200000000000000000e+01 0.000000000000000000e+00 1.600000000000000089e+00 -6.780000000000000002e-04 1.814000000000000074e-03 9.999980000000000535e-01 -2.189599999999999880e-02 9.997589999999999533e-01 -1.827999999999999981e-03 -9.997599999999999820e-01 -2.189699999999999980e-02 -6.390000000000000280e-04
7.000000000000000000e+00 3.200000000000000000e+01 1.400000000000000000e+01 0.000000000000000000e+00 1.600000000000000089e+00 -1.155999999999999910e-03 1.038999999999999993e-03 -9.999989999999999712e-01 1.105140000000000011e-01 9.938740000000000352e-01 9.049999999999999885e-04 9.938740000000000352e-01 -1.105130000000000001e-01 -1.263999999999999933e-03
1.500000000000000000e+01 3.200000000000000000e+01 1.400000000000000000e+01 0.000000000000000000e+00 1.600000000000000089e+00 1.100000000000000039e-04 -4.055999999999999710e-03 -9.999919999999999920e-01 1.179230000000000000e-01 9.930149999999999810e-01 -4.014000000000000207e-03 9.930229999999999890e-01 -1.179209999999999980e-01 5.879999999999999810e-04
1.800000000000000000e+01 3.200000000000000000e+01 1.400000000000000000e+01 0.000000000000000000e+00 1.600000000000000089e+00 2.775999999999999822e-03 -2.062000000000000031e-03 -9.999940000000000495e-01 1.190620000000000012e-01 9.928850000000000176e-01 -1.716999999999999993e-03 9.928829999999999600e-01 -1.190569999999999962e-01 3.001000000000000195e-03
9.000000000000000000e+00 1.200000000000000000e+01 1.500000000000000000e+01 0.000000000000000000e+00 1.600000000000000089e+00 -1.118000000000000070e-03 -1.144999999999999967e-03 -9.999989999999999712e-01 -4.712669999999999915e-01 -8.819900000000000517e-01 1.536999999999999955e-03 -8.819900000000000517e-01 4.712680000000000202e-01 4.470000000000000232e-04
1.500000000000000000e+01 1.200000000000000000e+01 1.500000000000000000e+01 0.000000000000000000e+00 1.600000000000000089e+00 2.970000000000000092e-04 -6.549999999999999833e-04 -1.000000000000000000e+00 -4.716670000000000029e-01 -8.817770000000000330e-01 4.369999999999999970e-04 -8.817770000000000330e-01 4.716659999999999742e-01 -5.710000000000000015e-04
1.800000000000000000e+01 1.200000000000000000e+01 1.500000000000000000e+01 0.000000000000000000e+00 1.600000000000000089e+00 -1.054000000000000032e-03 -5.599999999999999916e-05 -9.999989999999999712e-01 -4.724439999999999751e-01 -8.813609999999999500e-01 5.469999999999999602e-04 -8.813600000000000323e-01 4.724439999999999751e-01 9.030000000000000483e-04
2.400000000000000000e+01 1.200000000000000000e+01 1.500000000000000000e+01 0.000000000000000000e+00 1.600000000000000089e+00 -2.036000000000000049e-03 -1.379000000000000017e-03 -9.999970000000000248e-01 -4.736330000000000262e-01 -8.807199999999999473e-01 2.177999999999999815e-03 -8.807199999999999473e-01 4.736360000000000015e-01 1.139999999999999954e-03
2.800000000000000000e+01 1.200000000000000000e+01 1.500000000000000000e+01 0.000000000000000000e+00 1.600000000000000089e+00 1.165999999999999936e-03 -1.169999999999999979e-04 -9.999989999999999712e-01 -4.732339999999999880e-01 -8.809369999999999701e-01 -4.490000000000000176e-04 -8.809360000000000523e-01 4.732339999999999880e-01 -1.082999999999999978e-03
2.400000000000000000e+01 1.100000000000000000e+01 1.600000000000000000e+01 0.000000000000000000e+00 1.600000000000000089e+00 -1.554000000000000043e-03 -1.861999999999999940e-03 -9.999970000000000248e-01 -4.216599999999999793e-01 -9.067509999999999737e-01 2.343000000000000031e-03 -9.067530000000000312e-01 4.216619999999999813e-01 6.239999999999999887e-04
3.000000000000000000e+00 1.160000000000000000e+02 1.600000000000000000e+01 0.000000000000000000e+00 1.600000000000000089e+00 -1.611999999999999935e-03 2.429999999999999977e-04 9.999989999999999712e-01 6.540200000000000458e-01 7.564760000000000373e-01 8.710000000000000294e-04 -7.564750000000000085e-01 6.540209999999999635e-01 -1.378000000000000102e-03
1.200000000000000000e+01 1.160000000000000000e+02 1.600000000000000000e+01 0.000000000000000000e+00 1.600000000000000089e+00 9.700000000000000505e-04 -4.366000000000000089e-03 9.999900000000000455e-01 6.645469999999999988e-01 7.472419999999999618e-01 2.618000000000000101e-03 -7.472459999999999658e-01 6.645379999999999621e-01 3.627000000000000016e-03
2.200000000000000000e+01 1.160000000000000000e+02 1.600000000000000000e+01 0.000000000000000000e+00 1.600000000000000089e+00 -2.013000000000000032e-03 4.009999999999999893e-04 9.999980000000000535e-01 6.704510000000000192e-01 7.419529999999999736e-01 1.051999999999999984e-03 -7.419510000000000272e-01 6.704510000000000192e-01 -1.761999999999999894e-03
2.900000000000000000e+01 1.160000000000000000e+02 1.600000000000000000e+01 0.000000000000000000e+00 1.600000000000000089e+00 -6.089999999999999494e-04 8.159999999999999936e-04 1.000000000000000000e+00 7.011509999999999687e-01 7.130119999999999791e-01 -1.550000000000000000e-04 -7.130119999999999791e-01 7.011509999999999687e-01 -1.005999999999999950e-03
5.000000000000000000e+00 2.000000000000000000e+00 1.900000000000000000e+01 0.000000000000000000e+00 1.600000000000000089e+00 4.955000000000000203e-03 -5.956000000000000356e-03 -9.999700000000000255e-01 2.076359999999999872e-01 -9.781819999999999959e-01 6.854999999999999982e-03 -9.781940000000000079e-01 -2.076639999999999875e-01 -3.609999999999999928e-03
8.000000000000000000e+00 2.000000000000000000e+00 1.900000000000000000e+01 0.000000000000000000e+00 1.600000000000000089e+00 7.529999999999999801e-04 -5.067000000000000323e-03 -9.999869999999999592e-01 2.093000000000000138e-01 -9.778379999999999850e-01 5.112000000000000224e-03 -9.778510000000000257e-01 -2.093019999999999881e-01 3.249999999999999851e-04
1.700000000000000000e+01 2.000000000000000000e+00 1.900000000000000000e+01 0.000000000000000000e+00 1.600000000000000089e+00 -1.330000000000000073e-04 -1.776999999999999934e-03 -9.999980000000000535e-01 2.109580000000000066e-01 -9.774939999999999740e-01 1.709000000000000016e-03 -9.774950000000000028e-01 -2.109580000000000066e-01 5.050000000000000235e-04
2.100000000000000000e+01 2.000000000000000000e+00 1.900000000000000000e+01 0.000000000000000000e+00 1.600000000000000089e+00 4.949999999999999973e-04 -4.993000000000000042e-03 -9.999869999999999592e-01 2.152030000000000054e-01 -9.765570000000000084e-01 4.982999999999999582e-03 -9.765690000000000204e-01 -2.152030000000000054e-01 5.910000000000000539e-04
2.500000000000000000e+01 2.000000000000000000e+00 1.900000000000000000e+01 0.000000000000000000e+00 1.600000000000000089e+00 8.520000000000000013e-04 -1.379799999999999950e-02 -9.999040000000000150e-01 2.193049999999999999e-01 -9.755610000000000115e-01 1.364899999999999967e-02 -9.756559999999999677e-01 -2.192959999999999909e-01 2.194999999999999903e-03
2.800000000000000000e+01 2.000000000000000000e+00 1.900000000000000000e+01 0.000000000000000000e+00 1.600000000000000089e+00 -3.530000000000000152e-04 -1.156100000000000010e-02 -9.999329999999999607e-01 2.201059999999999961e-01 -9.754119999999999457e-01 1.119900000000000062e-02 -9.754760000000000097e-01 -2.200870000000000049e-01 2.889000000000000075e-03
3.000000000000000000e+00 1.300000000000000000e+01 2.000000000000000000e+01 0.000000000000000000e+00 1.600000000000000089e+00 7.820000000000000345e-04 6.486999999999999711e-03 9.999789999999999512e-01 2.568150000000000155e-01 9.664390000000000480e-01 -6.470000000000000057e-03 -9.664599999999999858e-01 2.568139999999999867e-01 -9.100000000000000016e-04
7.000000000000000000e+00 1.300000000000000000e+01 2.000000000000000000e+01 0.000000000000000000e+00 1.600000000000000089e+00 5.699999999999999772e-04 3.559999999999999797e-04 1.000000000000000000e+00 2.561959999999999793e-01 9.666249999999999565e-01 -4.899999999999999842e-04 -9.666249999999999565e-01 2.561959999999999793e-01 4.600000000000000139e-04
1.100000000000000000e+01 1.300000000000000000e+01 2.000000000000000000e+01 0.000000000000000000e+00 1.600000000000000089e+00 -1.575000000000000011e-03 -4.342999999999999639e-03 9.999890000000000168e-01 2.576550000000000229e-01 9.662260000000000293e-01 4.602000000000000188e-03 -9.662359999999999838e-01 2.576590000000000269e-01 -4.029999999999999837e-04
1.800000000000000000e+01 1.300000000000000000e+01 2.000000000000000000e+01 0.000000000000000000e+00 1.600000000000000089e+00 7.700000000000000139e-05 1.520000000000000084e-04 1.000000000000000000e+00 2.591040000000000010e-01 9.658489999999999576e-01 -1.669999999999999935e-04 -9.658489999999999576e-01 2.591040000000000010e-01 3.499999999999999693e-05
2.200000000000000000e+01 1.300000000000000000e+01 2.000000000000000000e+01 0.000000000000000000e+00 1.600000000000000089e+00 -8.779999999999999827e-04 2.811000000000000131e-03 9.999959999999999960e-01 2.608880000000000088e-01 9.653659999999999464e-01 -2.484000000000000097e-03 -9.653690000000000326e-01 2.608849999999999780e-01 -1.580999999999999940e-03
2.600000000000000000e+01 1.300000000000000000e+01 2.000000000000000000e+01 0.000000000000000000e+00 1.600000000000000089e+00 -7.569999999999999689e-04 1.781000000000000031e-03 9.999980000000000535e-01 2.604699999999999793e-01 9.654810000000000336e-01 -1.521999999999999915e-03 -9.654819999999999514e-01 2.604679999999999773e-01 -1.193999999999999966e-03
3.000000000000000000e+01 1.300000000000000000e+01 2.000000000000000000e+01 0.000000000000000000e+00 1.600000000000000089e+00 -9.070000000000000371e-04 -1.835999999999999958e-03 9.999980000000000535e-01 2.598059999999999814e-01 9.656590000000000451e-01 2.008999999999999935e-03 -9.656599999999999628e-01 2.598070000000000102e-01 -3.980000000000000248e-04
2.000000000000000000e+00 1.600000000000000000e+01 2.100000000000000000e+01 0.000000000000000000e+00 1.600000000000000089e+00 6.679999999999999740e-04 3.578000000000000017e-03 9.999930000000000208e-01 3.000559999999999894e-01 9.539149999999999574e-01 -3.612999999999999892e-03 -9.539210000000000189e-01 3.000559999999999894e-01 -4.360000000000000269e-04
1.000000000000000000e+01 1.600000000000000000e+01 2.100000000000000000e+01 0.000000000000000000e+00 1.600000000000000089e+00 -8.689999999999999808e-04 -4.452000000000000228e-03 9.999900000000000455e-01 3.007659999999999778e-01 9.536869999999999514e-01 4.506999999999999722e-03 -9.536980000000000457e-01 3.007659999999999778e-01 5.100000000000000366e-04
1.500000000000000000e+01 1.600000000000000000e+01 2.100000000000000000e+01 0.000000000000000000e+00 1.600000000000000089e+00 -6.390000000000000280e-04 -2.631000000000000092e-03 9.999959999999999960e-01 3.019669999999999854e-01 9.533150000000000235e-01 2.700999999999999842e-03 -9.533179999999999987e-01 3.019669999999999854e-01 1.849999999999999973e-04
2.600000000000000000e+01 1.600000000000000000e+01 2.100000000000000000e+01 0.000000000000000000e+00 1.600000000000000089e+00 -1.198000000000000063e-03 1.023999999999999954e-03 9.999989999999999712e-01 3.017239999999999922e-01 9.533949999999999925e-01 -6.149999999999999868e-04 -9.533949999999999925e-01 3.017230000000000190e-01 -1.451000000000000033e-03
1.800000000000000000e+01 4.600000000000000000e+01 2.700000000000000000e+01 0.000000000000000000e+00 1.600000000000000089e+00 1.440000000000000091e-03 2.762999999999999831e-03 -9.999949999999999672e-01 6.618779999999999664e-01 7.496049999999999658e-01 3.024000000000000212e-03 7.496099999999999985e-01 -6.618789999999999951e-01 -7.489999999999999913e-04
2.500000000000000000e+01 4.600000000000000000e+01 2.700000000000000000e+01 0.000000000000000000e+00 1.600000000000000089e+00 -4.148999999999999910e-03 -3.255000000000000081e-03 -9.999860000000000415e-01 6.587199999999999722e-01 7.523699999999999832e-01 -5.181999999999999974e-03 7.523760000000000447e-01 -6.587330000000000130e-01 -9.779999999999999197e-04
1.900000000000000000e+01 4.600000000000000000e+01 3.000000000000000000e+01 0.000000000000000000e+00 1.600000000000000089e+00 9.470000000000000336e-04 1.015999999999999976e-03 -9.999989999999999712e-01 3.218230000000000257e-01 9.467989999999999462e-01 1.265999999999999981e-03 9.467989999999999462e-01 -3.218239999999999990e-01 5.689999999999999529e-04
2.300000000000000000e+01 4.600000000000000000e+01 3.000000000000000000e+01 0.000000000000000000e+00 1.600000000000000089e+00 -1.314000000000000064e-03 -3.657999999999999793e-03 -9.999919999999999920e-01 3.179890000000000216e-01 9.480870000000000131e-01 -3.886000000000000131e-03 9.480939999999999923e-01 -3.179910000000000236e-01 -8.200000000000000095e-05
2.900000000000000000e+01 4.600000000000000000e+01 3.000000000000000000e+01 0.000000000000000000e+00 1.600000000000000089e+00 -9.870000000000000301e-04 -9.680000000000000019e-04 -9.999989999999999712e-01 3.157869999999999844e-01 9.488290000000000335e-01 -1.229999999999999974e-03 9.488299999999999512e-01 -3.157880000000000131e-01 -6.300000000000000261e-04
3.000000000000000000e+00 5.800000000000000000e+01 3.100000000000000000e+01 0.000000000000000000e+00 1.600000000000000089e+00 6.816000000000000010e-03 5.318999999999999943e-03 9.999630000000000463e-01 -7.732360000000000344e-01 -6.340590000000000392e-01 8.642999999999999641e-03 6.340810000000000057e-01 -7.732660000000000089e-01 -2.090000000000000115e-04
5.000000000000000000e+00 5.800000000000000000e+01 3.100000000000000000e+01 0.000000000000000000e+00 1.600000000000000089e+00 6.980000000000000093e-03 8.082000000000000642e-03 9.999430000000000263e-01 -7.732250000000000512e-01 -6.340449999999999697e-01 1.052299999999999937e-02 6.340940000000000465e-01 -7.732539999999999969e-01 1.824000000000000100e-03
1.300000000000000000e+01 5.800000000000000000e+01 3.100000000000000000e+01 0.000000000000000000e+00 1.600000000000000089e+00 -3.014000000000000186e-03 -6.231999999999999693e-03 9.999759999999999760e-01 -7.757849999999999469e-01 -6.309669999999999446e-01 -6.270999999999999665e-03 6.309909999999999686e-01 -7.757849999999999469e-01 -2.932000000000000144e-03
1.700000000000000000e+01 5.800000000000000000e+01 3.100000000000000000e+01 0.000000000000000000e+00 1.600000000000000089e+00 2.039000000000000014e-03 -4.409999999999999858e-04 9.999980000000000535e-01 -7.767730000000000468e-01 -6.297800000000000065e-01 1.307000000000000002e-03 6.297779999999999490e-01 -7.767739999999999645e-01 -1.626999999999999974e-03
2.500000000000000000e+01 5.800000000000000000e+01 3.100000000000000000e+01 0.000000000000000000e+00 1.600000000000000089e+00 -1.208000000000000089e-03 -1.690000000000000096e-03 9.999980000000000535e-01 -7.782449999999999646e-01 -6.279580000000000162e-01 -2.001000000000000174e-03 6.279599999999999627e-01 -7.782449999999999646e-01 -5.569999999999999864e-04
2.000000000000000000e+00 4.600000000000000000e+01 3.500000000000000000e+01 0.000000000000000000e+00 1.600000000000000089e+00 -5.929999999999999941e-04 3.190999999999999826e-03 -9.999949999999999672e-01 3.843579999999999774e-01 -9.231789999999999718e-01 -3.174000000000000172e-03 -9.231840000000000046e-01 -3.843570000000000042e-01 -6.790000000000000245e-04
9.000000000000000000e+00 4.600000000000000000e+01 3.500000000000000000e+01 0.000000000000000000e+00 1.600000000000000089e+00 7.399999999999999894e-04 -2.333000000000000004e-03 -9.999970000000000248e-01 3.853269999999999751e-01 -9.227769999999999584e-01 2.438000000000000063e-03 -9.227800000000000447e-01 -3.853280000000000038e-01 2.159999999999999919e-04
1.200000000000000000e+01 4.600000000000000000e+01 3.500000000000000000e+01 0.000000000000000000e+00 1.600000000000000089e+00 6.130000000000000466e-04 -2.467000000000000009e-03 -9.999970000000000248e-01 3.847289999999999877e-01 -9.230260000000000131e-01 2.513000000000000043e-03 -9.230300000000000171e-01 -3.847289999999999877e-01 3.829999999999999854e-04
1.600000000000000000e+01 4.600000000000000000e+01 3.500000000000000000e+01 0.000000000000000000e+00 1.600000000000000089e+00 -4.300000000000000165e-05 -3.838999999999999965e-03 -9.999930000000000208e-01 3.853690000000000171e-01 -9.227560000000000207e-01 3.526000000000000054e-03 -9.227629999999999999e-01 -3.853659999999999863e-01 1.520000000000000084e-03
2.000000000000000000e+01 4.600000000000000000e+01 3.500000000000000000e+01 0.000000000000000000e+00 1.600000000000000089e+00 3.899999999999999929e-04 -5.768999999999999823e-03 -9.999829999999999552e-01 3.854779999999999873e-01 -9.227009999999999934e-01 5.473999999999999699e-03 -9.227170000000000094e-01 -3.854730000000000101e-01 1.863999999999999988e-03
2.300000000000000000e+01 4.600000000000000000e+01 3.500000000000000000e+01 0.000000000000000000e+00 1.600000000000000089e+00 7.899999999999999579e-05 -1.196999999999999930e-03 -9.999989999999999712e-01 3.851010000000000266e-01 -9.228739999999999721e-01 1.134999999999999941e-03 -9.228739999999999721e-01 -3.851010000000000266e-01 3.879999999999999985e-04
2.900000000000000000e+01 4.600000000000000000e+01 3.500000000000000000e+01 0.000000000000000000e+00 1.600000000000000089e+00 -5.599999999999999916e-05 -5.060000000000000478e-04 -1.000000000000000000e+00 3.853980000000000183e-01 -9.227499999999999591e-01 4.459999999999999989e-04 -9.227499999999999591e-01 -3.853980000000000183e-01 2.460000000000000164e-04
6.000000000000000000e+00 9.500000000000000000e+01 3.600000000000000000e+01 0.000000000000000000e+00 1.600000000000000089e+00 6.809999999999999647e-04 3.606700000000000184e-02 9.993490000000000428e-01 9.980820000000000247e-01 6.184300000000000214e-02 -2.912000000000000092e-03 -6.190799999999999775e-02 9.974340000000000428e-01 -3.595600000000000185e-02
1.300000000000000000e+01 9.500000000000000000e+01 3.600000000000000000e+01 0.000000000000000000e+00 1.600000000000000089e+00 -5.452000000000000249e-03 -1.765900000000000108e-02 9.998289999999999678e-01 9.973400000000000043e-01 7.258199999999999374e-02 6.720000000000000279e-03 -7.268800000000000261e-02 9.972060000000000368e-01 1.721599999999999867e-02
1.800000000000000000e+01 9.500000000000000000e+01 3.600000000000000000e+01 0.000000000000000000e+00 1.600000000000000089e+00 3.582999999999999814e-03 1.494499999999999995e-02 9.998820000000000485e-01 9.975180000000000158e-01 7.026399999999999313e-02 -4.624999999999999771e-03 -7.032499999999999862e-02 9.974159999999999693e-01 -1.465600000000000062e-02
2.300000000000000000e+01 9.500000000000000000e+01 3.600000000000000000e+01 0.000000000000000000e+00 1.600000000000000089e+00 -1.930000000000000021e-04 -1.172999999999999998e-03 9.999989999999999712e-01 9.975950000000000095e-01 6.930899999999999561e-02 2.730000000000000222e-04 -6.930899999999999561e-02 9.975950000000000095e-01 1.157000000000000042e-03
2.800000000000000000e+01 9.500000000000000000e+01 3.600000000000000000e+01 0.000000000000000000e+00 1.600000000000000089e+00 2.481000000000000132e-03 -3.111600000000000130e-02 9.995129999999999848e-01 9.974560000000000093e-01 7.128299999999999914e-02 -2.570000000000000127e-04 -7.123999999999999777e-02 9.969710000000000516e-01 3.121399999999999869e-02
6.000000000000000000e+00 3.000000000000000000e+00 4.300000000000000000e+01 0.000000000000000000e+00 1.600000000000000089e+00 5.739000000000000178e-03 2.220300000000000051e-02 -9.997369999999999868e-01 7.415230000000000432e-01 -6.708429999999999671e-01 -1.064200000000000042e-02 -6.709030000000000271e-01 -7.412659999999999805e-01 -2.031399999999999872e-02
1.000000000000000000e+01 3.000000000000000000e+00 4.300000000000000000e+01 0.000000000000000000e+00 1.600000000000000089e+00 -8.339999999999999974e-04 1.003700000000000078e-02 -9.999489999999999768e-01 7.410400000000000320e-01 -6.714200000000000168e-01 -7.357999999999999957e-03 -6.714599999999999458e-01 -7.410090000000000288e-01 -6.878000000000000433e-03
1.500000000000000000e+01 3.000000000000000000e+00 4.300000000000000000e+01 0.000000000000000000e+00 1.600000000000000089e+00 -3.429999999999999889e-04 5.630000000000000239e-04 -1.000000000000000000e+00 7.365939999999999710e-01 -6.763350000000000195e-01 -6.329999999999999906e-04 -6.763350000000000195e-01 -7.365939999999999710e-01 -1.820000000000000057e-04
1.800000000000000000e+01 3.000000000000000000e+00 4.300000000000000000e+01 0.000000000000000000e+00 1.600000000000000089e+00 -2.066999999999999827e-03 -4.551999999999999623e-03 -9.999869999999999592e-01 7.346960000000000157e-01 -6.783949999999999703e-01 1.569000000000000082e-03 -6.783930000000000238e-01 -7.346840000000000037e-01 4.746000000000000218e-03
2.300000000000000000e+01 3.000000000000000000e+00 4.300000000000000000e+01 0.000000000000000000e+00 1.600000000000000089e+00 -1.572000000000000047e-03 -1.130199999999999955e-02 -9.999350000000000183e-01 7.378909999999999636e-01 -6.748880000000000434e-01 6.467999999999999791e-03 -6.749180000000000179e-01 -7.378329999999999611e-01 9.400000000000000369e-03
2.500000000000000000e+01 3.000000000000000000e+00 4.300000000000000000e+01 0.000000000000000000e+00 1.600000000000000089e+00 -2.553999999999999847e-03 -2.080600000000000158e-02 -9.997800000000000020e-01 7.390090000000000270e-01 -6.735870000000000468e-01 1.213000000000000016e-02 -6.736910000000000398e-01 -7.388149999999999995e-01 1.709600000000000009e-02
2.000000000000000000e+00 8.000000000000000000e+00 4.400000000000000000e+01 0.000000000000000000e+00 1.600000000000000089e+00 -3.504999999999999869e-03 5.400000000000000286e-03 9.999789999999999512e-01 -7.748380000000000267e-01 -6.321600000000000552e-01 6.980000000000000527e-04 6.321499999999999897e-01 -7.748190000000000355e-01 6.400000000000000307e-03
1.100000000000000000e+01 8.000000000000000000e+00 4.400000000000000000e+01 0.000000000000000000e+00 1.600000000000000089e+00 3.530000000000000152e-03 9.964999999999999900e-03 9.999440000000000550e-01 -7.792869999999999520e-01 -6.266030000000000211e-01 8.994999999999999524e-03 6.266580000000000483e-01 -7.792750000000000510e-01 5.552999999999999776e-03
2.500000000000000000e+01 8.000000000000000000e+00 4.400000000000000000e+01 0.000000000000000000e+00 1.600000000000000089e+00 -3.203999999999999817e-03 -7.298999999999999932e-03 9.999679999999999680e-01 -7.752350000000000074e-01 -6.316330000000000000e-01 -7.093999999999999612e-03 6.316650000000000320e-01 -7.752329999999999499e-01 -3.635000000000000210e-03
6.000000000000000000e+00 2.900000000000000000e+01 4.400000000000000000e+01 0.000000000000000000e+00 1.600000000000000089e+00 1.994999999999999812e-03 1.389999999999999960e-03 -9.999970000000000248e-01 6.750009999999999621e-01 7.378130000000000521e-01 2.371999999999999977e-03 7.378139999999999699e-01 -6.750040000000000484e-01 5.330000000000000536e-04
1.000000000000000000e+01 2.900000000000000000e+01 4.400000000000000000e+01 0.000000000000000000e+00 1.600000000000000089e+00 -5.919999999999999698e-04 2.199999999999999943e-05 -1.000000000000000000e+00 6.699140000000000095e-01 7.424389999999999601e-01 -3.800000000000000209e-04 7.424389999999999601e-01 -6.699140000000000095e-01 -4.539999999999999765e-04
1.600000000000000000e+01 2.900000000000000000e+01 4.400000000000000000e+01 0.000000000000000000e+00 1.600000000000000089e+00 -1.649999999999999991e-03 -1.550000000000000000e-04 -9.999989999999999712e-01 6.756429999999999936e-01 7.372279999999999944e-01 -1.229000000000000058e-03 7.372269999999999657e-01 -6.756440000000000223e-01 -1.111000000000000008e-03
2.000000000000000000e+01 2.900000000000000000e+01 4.400000000000000000e+01 0.000000000000000000e+00 1.600000000000000089e+00 -2.367999999999999879e-03 -2.151000000000000134e-03 -9.999949999999999672e-01 6.795269999999999921e-01 7.336430000000000451e-01 -3.187000000000000163e-03 7.336460000000000203e-01 -6.795309999999999961e-01 -2.759999999999999867e-04
2.900000000000000000e+01 2.900000000000000000e+01 4.400000000000000000e+01 0.000000000000000000e+00 1.600000000000000089e+00 -2.713999999999999833e-03 1.095999999999999969e-03 -9.999959999999999960e-01 6.643879999999999786e-01 7.473870000000000235e-01 -9.840000000000000656e-04 7.473819999999999908e-01 -6.643879999999999786e-01 -2.756000000000000203e-03
2.200000000000000000e+01 5.400000000000000000e+01 4.600000000000000000e+01 0.000000000000000000e+00 1.600000000000000089e+00 -5.159999999999999656e-04 -3.625000000000000184e-03 9.999930000000000208e-01 3.289130000000000109e-01 -9.443540000000000267e-01 -3.253999999999999948e-03 9.443599999999999772e-01 3.289090000000000069e-01 1.678999999999999937e-03
1.900000000000000000e+01 7.400000000000000000e+01 4.900000000000000000e+01 0.000000000000000000e+00 1.600000000000000089e+00 -3.154000000000000119e-03 -3.249999999999999851e-04 9.999949999999999672e-01 -9.798940000000000428e-01 1.994970000000000077e-01 -3.026000000000000044e-03 -1.994950000000000057e-01 -9.798980000000000468e-01 -9.470000000000000336e-04
7.000000000000000000e+00 7.000000000000000000e+00 5.200000000000000000e+01 0.000000000000000000e+00 1.600000000000000089e+00 4.708000000000000379e-03 2.677000000000000126e-03 -9.999850000000000128e-01 7.541100000000000581e-02 -9.971499999999999808e-01 -2.314000000000000085e-03 -9.971410000000000551e-01 -7.539899999999999380e-02 -4.897000000000000311e-03
1.000000000000000000e+01 6.300000000000000000e+01 5.400000000000000000e+01 0.000000000000000000e+00 1.600000000000000089e+00 1.686999999999999915e-03 -5.400000000000000069e-04 9.999980000000000535e-01 -3.497560000000000113e-01 9.368400000000000061e-01 1.095999999999999969e-03 -9.368389999999999773e-01 -3.497580000000000133e-01 1.392000000000000008e-03
1.500000000000000000e+01 6.300000000000000000e+01 5.400000000000000000e+01 0.000000000000000000e+00 1.600000000000000089e+00 -5.069999999999999637e-04 -2.418000000000000010e-03 9.999970000000000248e-01 -3.567969999999999753e-01 9.341800000000000104e-01 2.077999999999999986e-03 -9.341819999999999569e-01 -3.567949999999999733e-01 -1.335999999999999948e-03
2.300000000000000000e+01 6.300000000000000000e+01 5.400000000000000000e+01 0.000000000000000000e+00 1.600000000000000089e+00 1.179999999999999951e-04 2.634000000000000057e-03 9.999959999999999960e-01 -3.524089999999999723e-01 9.358429999999999804e-01 -2.422999999999999807e-03 -9.358459999999999557e-01 -3.524070000000000258e-01 1.038999999999999993e-03
2.700000000000000000e+01 6.300000000000000000e+01 5.400000000000000000e+01 0.000000000000000000e+00 1.600000000000000089e+00 -1.864999999999999904e-03 1.546999999999999981e-03 9.999970000000000248e-01 -3.525490000000000013e-01 9.357910000000000394e-01 -2.105000000000000100e-03 -9.357910000000000394e-01 -3.525519999999999765e-01 -1.198999999999999979e-03
5.000000000000000000e+00 2.500000000000000000e+01 5.500000000000000000e+01 0.000000000000000000e+00 1.600000000000000089e+00 -1.333999999999999899e-03 -2.354000000000000190e-03 -9.999959999999999960e-01 -1.226499999999999986e-02 -9.999219999999999775e-01 2.370000000000000145e-03 -9.999240000000000350e-01 1.226799999999999939e-02 1.304999999999999953e-03
1.700000000000000000e+01 2.500000000000000000e+01 5.500000000000000000e+01 0.000000000000000000e+00 1.600000000000000089e+00 1.002999999999999985e-03 -1.263999999999999933e-03 -9.999989999999999712e-01 -1.071599999999999983e-02 -9.999419999999999975e-01 1.253999999999999906e-03 -9.999419999999999975e-01 1.071500000000000057e-02 -1.015999999999999976e-03
3.000000000000000000e+01 2.500000000000000000e+01 5.500000000000000000e+01 0.000000000000000000e+00 1.600000000000000089e+00 9.899999999999999404e-05 -1.981000000000000122e-03 -9.999980000000000535e-01 -1.139500000000000061e-02 -9.999329999999999607e-01 1.979999999999999989e-03 -9.999350000000000183e-01 1.139399999999999961e-02 -1.219999999999999974e-04
2.100000000000000000e+01 6.800000000000000000e+01 5.700000000000000000e+01 0.000000000000000000e+00 1.600000000000000089e+00 1.830000000000000029e-03 -2.432000000000000134e-03 -9.999949999999999672e-01 -2.438140000000000029e-01 -9.698200000000000154e-01 1.912000000000000071e-03 -9.698200000000000154e-01 2.438089999999999979e-01 -2.367999999999999879e-03
8.000000000000000000e+00 5.800000000000000000e+01 5.900000000000000000e+01 0.000000000000000000e+00 1.600000000000000089e+00 1.827999999999999981e-03 4.425000000000000114e-03 -9.999879999999999880e-01 3.931509999999999727e-01 9.194609999999999728e-01 4.787999999999999722e-03 9.194719999999999560e-01 -3.931549999999999767e-01 -5.899999999999999754e-05
1.200000000000000000e+01 2.100000000000000000e+01 6.000000000000000000e+01 0.000000000000000000e+00 1.600000000000000089e+00 1.679999999999999907e-04 1.593000000000000015e-03 9.999989999999999712e-01 -9.636599999999999333e-02 9.953450000000000353e-01 -1.569000000000000082e-03 -9.953459999999999530e-01 -9.636500000000000621e-02 3.209999999999999963e-04
1.600000000000000000e+01 2.100000000000000000e+01 6.000000000000000000e+01 0.000000000000000000e+00 1.600000000000000089e+00 -1.191000000000000001e-03 7.540000000000000044e-04 9.999989999999999712e-01 -9.502299999999999636e-02 9.954749999999999988e-01 -8.639999999999999677e-04 -9.954739999999999700e-01 -9.502399999999999736e-02 -1.113999999999999973e-03
2.300000000000000000e+01 2.100000000000000000e+01 6.000000000000000000e+01 0.000000000000000000e+00 1.600000000000000089e+00 -3.780000000000000265e-04 -5.675000000000000357e-03 9.999839999999999840e-01 -9.566299999999999804e-02 9.953980000000000050e-01 5.611999999999999801e-03 -9.954140000000000210e-01 -9.565899999999999403e-02 -9.190000000000000035e-04
1.100000000000000000e+01 6.000000000000000000e+00 6.100000000000000000e+01 0.000000000000000000e+00 1.600000000000000089e+00 -6.960000000000000041e-04 9.659999999999999533e-04 9.999989999999999712e-01 5.604219999999999757e-01 -8.282059999999999977e-01 1.190000000000000085e-03 8.282070000000000265e-01 5.604230000000000045e-01 3.499999999999999693e-05
2.500000000000000000e+01 6.000000000000000000e+00 6.100000000000000000e+01 0.000000000000000000e+00 1.600000000000000089e+00 1.619999999999999912e-03 6.667000000000000183e-03 9.999770000000000048e-01 5.592120000000000424e-01 -8.290119999999999711e-01 4.621000000000000107e-03 8.290229999999999544e-01 5.591909999999999936e-01 -5.070999999999999987e-03
1.800000000000000000e+01 3.000000000000000000e+00 6.300000000000000000e+01 0.000000000000000000e+00 1.600000000000000089e+00 2.919999999999999961e-04 -3.739999999999999835e-03 9.999930000000000208e-01 -6.109029999999999738e-01 7.916999999999999593e-01 3.139999999999999996e-03 -7.917060000000000208e-01 -6.108989999999999698e-01 -2.053999999999999836e-03
3.000000000000000000e+00 2.700000000000000000e+01 6.300000000000000000e+01 0.000000000000000000e+00 1.600000000000000089e+00 -3.621999999999999786e-03 7.479999999999999670e-04 9.999930000000000208e-01 -2.789470000000000005e-01 9.603049999999999642e-01 -1.729000000000000068e-03 -9.603000000000000425e-01 -2.789519999999999778e-01 -3.269000000000000204e-03
7.000000000000000000e+00 2.700000000000000000e+01 6.300000000000000000e+01 0.000000000000000000e+00 1.600000000000000089e+00 -9.399999999999999448e-05 -2.474000000000000071e-03 9.999970000000000248e-01 -2.794630000000000170e-01 9.601539999999999520e-01 2.348999999999999960e-03 -9.601570000000000382e-01 -2.794619999999999882e-01 -7.810000000000000102e-04
