2.100000000000000000e+01 1.700000000000000000e+01 3.000000000000000000e+00 0.000000000000000000e+00 1.600000000000000089e+00 -2.818299999999999972e-02 -1.768799999999999886e-02 -9.994459999999999456e-01 -7.128360000000000252e-01 -7.005770000000000053e-01 3.250000000000000111e-02 -7.007640000000000535e-01 7.133570000000000189e-01 7.135999999999999982e-03
2.000000000000000000e+00 2.100000000000000000e+01 4.000000000000000000e+00 0.000000000000000000e+00 1.600000000000000089e+00 -2.194999999999999903e-03 9.088999999999999857e-03 -9.999559999999999560e-01 -6.569920000000000204e-01 -7.538780000000000481e-01 -5.409999999999999878e-03 -7.538939999999999531e-01 6.569509999999999517e-01 7.625999999999999966e-03
6.000000000000000000e+00 1.010000000000000000e+02 7.000000000000000000e+00 0.000000000000000000e+00 1.600000000000000089e+00 -9.650000000000000374e-04 2.213000000000000123e-03 9.999970000000000248e-01 8.904210000000000180e-01 4.551379999999999870e-01 -1.479999999999999925e-04 -4.551370000000000138e-01 8.904180000000000428e-01 -2.409999999999999816e-03
1.500000000000000000e+01 1.010000000000000000e+02 7.000000000000000000e+00 0.000000000000000000e+00 1.600000000000000089e+00 4.119999999999999856e-04 2.187499999999999861e-02 9.997610000000000108e-01 8.880590000000000428e-01 4.596109999999999918e-01 -1.042200000000000071e-02 -4.597289999999999988e-01 8.878509999999999458e-01 -1.923700000000000063e-02
6.000000000000000000e+00 2.500000000000000000e+01 8.000000000000000000e+00 0.000000000000000000e+00 1.600000000000000089e+00 -3.800000000000000209e-05 1.780400000000000038e-02 -9.998409999999999798e-01 4.421789999999999887e-01 8.967850000000000543e-01 1.595200000000000090e-02 8.969270000000000298e-01 -4.421080000000000010e-01 -7.907000000000000833e-03
1.100000000000000000e+01 2.500000000000000000e+01 8.000000000000000000e+00 0.000000000000000000e+00 1.600000000000000089e+00 -4.440000000000000045e-04 5.388999999999999693e-03 -9.999850000000000128e-01 4.421900000000000275e-01 8.969099999999999850e-01 4.636999999999999629e-03 8.969209999999999683e-01 -4.421809999999999907e-01 -2.781000000000000052e-03
1.600000000000000000e+01 2.500000000000000000e+01 8.000000000000000000e+00 0.000000000000000000e+00 1.600000000000000089e+00 1.724999999999999971e-03 4.472000000000000280e-03 -9.999879999999999880e-01 4.397780000000000022e-01 8.980939999999999479e-01 4.774999999999999731e-03 8.981050000000000422e-01 -4.397809999999999775e-01 -4.180000000000000230e-04
1.900000000000000000e+01 2.500000000000000000e+01 8.000000000000000000e+00 0.000000000000000000e+00 1.600000000000000089e+00 6.679999999999999740e-04 8.533000000000000654e-03 -9.999630000000000463e-01 4.381530000000000147e-01 8.988650000000000251e-01 7.962999999999999592e-03 8.989000000000000323e-01 -4.381430000000000047e-01 -3.138000000000000164e-03
2.200000000000000000e+01 2.500000000000000000e+01 8.000000000000000000e+00 0.000000000000000000e+00 1.600000000000000089e+00 2.610000000000000015e-04 3.024000000000000212e-03 -9.999949999999999672e-01 4.375580000000000025e-01 8.991860000000000408e-01 2.833000000000000015e-03 8.991900000000000448e-01 -4.375569999999999737e-01 -1.087999999999999991e-03
3.000000000000000000e+01 2.500000000000000000e+01 8.000000000000000000e+00 0.000000000000000000e+00 1.600000000000000089e+00 4.789999999999999879e-04 6.022999999999999708e-03 -9.999820000000000375e-01 4.373059999999999725e-01 8.992949999999999555e-01 5.625999999999999925e-03 8.993130000000000290e-01 -4.373000000000000220e-01 -2.203000000000000097e-03
4.000000000000000000e+00 2.400000000000000000e+01 9.000000000000000000e+00 0.000000000000000000e+00 1.600000000000000089e+00 2.350000000000000092e-03 9.728999999999999801e-03 -9.999500000000000055e-01 4.496399999999999841e-01 8.931569999999999787e-01 9.747000000000000455e-03 8.932069999999999732e-01 -4.496399999999999841e-01 -2.275000000000000112e-03
8.000000000000000000e+00 2.400000000000000000e+01 9.000000000000000000e+00 0.000000000000000000e+00 1.600000000000000089e+00 -2.259000000000000157e-03 2.017100000000000143e-02 -9.997939999999999605e-01 4.489139999999999797e-01 8.934130000000000127e-01 1.701000000000000081e-02 8.935720000000000329e-01 -4.487829999999999875e-01 -1.107299999999999951e-02
1.600000000000000000e+01 2.400000000000000000e+01 9.000000000000000000e+00 0.000000000000000000e+00 1.600000000000000089e+00 2.112000000000000162e-03 5.368000000000000375e-03 -9.999829999999999552e-01 4.462470000000000048e-01 8.948909999999999920e-01 5.746000000000000239e-03 8.949070000000000080e-01 -4.462519999999999820e-01 -5.060000000000000478e-04
2.300000000000000000e+01 2.400000000000000000e+01 9.000000000000000000e+00 0.000000000000000000e+00 1.600000000000000089e+00 2.149999999999999947e-04 9.870000000000000301e-04 -9.999989999999999712e-01 4.442630000000000190e-01 8.958960000000000257e-01 9.790000000000000525e-04 8.958960000000000257e-01 -4.442630000000000190e-01 -2.460000000000000164e-04
3.000000000000000000e+01 2.400000000000000000e+01 9.000000000000000000e+00 0.000000000000000000e+00 1.600000000000000089e+00 8.310000000000000329e-04 2.384999999999999967e-03 -9.999970000000000248e-01 4.436740000000000128e-01 8.961850000000000094e-01 2.505999999999999981e-03 8.961879999999999846e-01 -4.436749999999999861e-01 -3.139999999999999888e-04
4.000000000000000000e+00 3.500000000000000000e+01 1.200000000000000000e+01 0.000000000000000000e+00 1.600000000000000089e+00 1.214999999999999934e-03 -8.350000000000000217e-04 -9.999989999999999712e-01 3.996899999999999897e-01 -9.166499999999999648e-01 1.250999999999999942e-03 -9.166499999999999648e-01 -3.996910000000000185e-01 -7.799999999999999859e-04
1.000000000000000000e+01 3.500000000000000000e+01 1.200000000000000000e+01 0.000000000000000000e+00 1.600000000000000089e+00 1.075999999999999917e-03 4.913999999999999965e-03 -9.999869999999999592e-01 4.029269999999999796e-01 -9.152230000000000087e-01 -4.063999999999999904e-03 -9.152310000000000167e-01 -4.029179999999999984e-01 -2.965000000000000187e-03
1.300000000000000000e+01 3.500000000000000000e+01 1.200000000000000000e+01 0.000000000000000000e+00 1.600000000000000089e+00 -1.925999999999999978e-03 3.697000000000000199e-03 -9.999909999999999632e-01 4.109740000000000060e-01 -9.116379999999999484e-01 -4.161999999999999901e-03 -9.116450000000000387e-01 -4.109780000000000100e-01 2.369999999999999874e-04
1.800000000000000000e+01 3.500000000000000000e+01 1.200000000000000000e+01 0.000000000000000000e+00 1.600000000000000089e+00 -2.356000000000000021e-03 3.624000000000000051e-03 -9.999909999999999632e-01 4.254700000000000149e-01 -9.049620000000000442e-01 -4.283000000000000348e-03 -9.049690000000000234e-01 -4.254760000000000209e-01 5.900000000000000296e-04
2.700000000000000000e+01 3.500000000000000000e+01 1.200000000000000000e+01 0.000000000000000000e+00 1.600000000000000089e+00 -1.057999999999999913e-03 4.072000000000000099e-03 -9.999909999999999632e-01 4.517180000000000084e-01 -8.921510000000000273e-01 -4.111000000000000071e-03 -8.921599999999999531e-01 -4.517189999999999817e-01 -8.949999999999999623e-04
1.500000000000000000e+01 3.200000000000000000e+01 1.400000000000000000e+01 0.000000000000000000e+00 1.600000000000000089e+00 5.779999999999999548e-04 9.600000000000000243e-05 -1.000000000000000000e+00 1.238439999999999958e-01 9.923020000000000174e-01 1.669999999999999935e-04 9.923009999999999886e-01 -1.238439999999999958e-01 5.619999999999999996e-04
2.200000000000000000e+01 1.200000000000000000e+01 1.600000000000000000e+01 0.000000000000000000e+00 1.600000000000000089e+00 2.526000000000000034e-03 -9.494900000000000562e-02 9.954790000000000028e-01 2.060800000000000132e-01 -9.740649999999999586e-01 -9.342999999999999916e-02 9.785319999999999574e-01 2.053840000000000110e-01 1.710700000000000068e-02
8.000000000000000000e+00 1.300000000000000000e+01 1.600000000000000000e+01 0.000000000000000000e+00 1.600000000000000089e+00 2.190000000000000106e-03 -2.069999999999999965e-02 9.997829999999999773e-01 1.174960000000000032e-01 -9.928550000000000431e-01 -2.081399999999999917e-02 9.930710000000000370e-01 1.175159999999999955e-01 2.570000000000000127e-04
1.500000000000000000e+01 1.300000000000000000e+01 1.600000000000000000e+01 0.000000000000000000e+00 1.600000000000000089e+00 6.087000000000000396e-03 -5.912400000000000294e-02 9.982320000000000082e-01 1.403979999999999950e-01 -9.883119999999999683e-01 -5.939200000000000035e-02 9.900759999999999561e-01 1.405109999999999970e-01 2.285000000000000139e-03
2.200000000000000000e+01 1.160000000000000000e+02 1.600000000000000000e+01 0.000000000000000000e+00 1.600000000000000089e+00 4.810000000000000039e-03 1.030000000000000100e-03 9.999879999999999880e-01 6.674080000000000013e-01 7.446810000000000374e-01 -3.976999999999999633e-03 -7.446770000000000334e-01 6.674189999999999845e-01 2.895000000000000004e-03
1.000000000000000000e+01 2.000000000000000000e+00 1.900000000000000000e+01 0.000000000000000000e+00 1.600000000000000089e+00 2.229000000000000078e-03 -9.074000000000000468e-03 -9.999559999999999560e-01 2.906859999999999999e-01 -9.567729999999999846e-01 9.329999999999999752e-03 -9.568159999999999998e-01 -2.906940000000000079e-01 5.050000000000000235e-04
2.300000000000000000e+01 2.000000000000000000e+00 1.900000000000000000e+01 0.000000000000000000e+00 1.600000000000000089e+00 1.211899999999999956e-02 -5.176499999999999851e-02 -9.985859999999999737e-01 3.320159999999999778e-01 -9.417919999999999625e-01 5.285000000000000114e-02 -9.431960000000000344e-01 -3.321870000000000100e-01 5.773000000000000353e-03
5.000000000000000000e+00 3.000000000000000000e+00 1.900000000000000000e+01 0.000000000000000000e+00 1.600000000000000089e+00 5.439999999999999957e-04 -1.620000000000000075e-04 -1.000000000000000000e+00 3.029600000000000071e-01 -9.530030000000000445e-01 3.190000000000000019e-04 -9.530030000000000445e-01 -3.029600000000000071e-01 -4.690000000000000158e-04
1.400000000000000000e+01 3.000000000000000000e+00 1.900000000000000000e+01 0.000000000000000000e+00 1.600000000000000089e+00 8.312999999999999209e-03 -1.720500000000000154e-02 -9.998169999999999558e-01 3.233509999999999995e-01 -9.460889999999999578e-01 1.896899999999999975e-02 -9.462429999999999453e-01 -3.234500000000000153e-01 -2.301999999999999793e-03
1.900000000000000000e+01 3.000000000000000000e+00 1.900000000000000000e+01 0.000000000000000000e+00 1.600000000000000089e+00 1.117499999999999917e-02 -3.291199999999999681e-02 -9.993959999999999511e-01 3.319699999999999873e-01 -9.426489999999999592e-01 3.475500000000000117e-02 -9.432239999999999513e-01 -3.321580000000000088e-01 3.910000000000000172e-04
2.500000000000000000e+01 3.000000000000000000e+00 1.900000000000000000e+01 0.000000000000000000e+00 1.600000000000000089e+00 1.324099999999999930e-02 -5.538699999999999873e-02 -9.983769999999999589e-01 3.416069999999999940e-01 -9.381389999999999452e-01 5.657600000000000129e-02 -9.397499999999999742e-01 -3.418010000000000215e-01 6.498000000000000304e-03
5.000000000000000000e+00 4.000000000000000000e+00 2.000000000000000000e+01 0.000000000000000000e+00 1.600000000000000089e+00 1.237000000000000035e-03 1.639000000000000049e-03 -9.999980000000000535e-01 4.270120000000000027e-01 -9.042449999999999655e-01 -9.539999999999999869e-04 -9.042449999999999655e-01 -4.270100000000000007e-01 -1.817999999999999955e-03
8.000000000000000000e+00 4.000000000000000000e+00 2.000000000000000000e+01 0.000000000000000000e+00 1.600000000000000089e+00 2.634000000000000057e-03 -5.130000000000000011e-03 -9.999829999999999552e-01 4.304419999999999913e-01 -9.025999999999999579e-01 5.765000000000000159e-03 -9.026140000000000274e-01 -4.304499999999999993e-01 -1.689999999999999879e-04
1.400000000000000000e+01 4.000000000000000000e+00 2.000000000000000000e+01 0.000000000000000000e+00 1.600000000000000089e+00 7.296000000000000402e-03 -1.839199999999999863e-02 -9.998040000000000260e-01 4.357059999999999822e-01 -8.998730000000000340e-01 1.973300000000000054e-02 -9.000599999999999712e-01 -4.357650000000000134e-01 1.448000000000000068e-03
1.900000000000000000e+01 4.000000000000000000e+00 2.000000000000000000e+01 0.000000000000000000e+00 1.600000000000000089e+00 7.992000000000000839e-03 -3.407500000000000112e-02 -9.993870000000000253e-01 4.292529999999999957e-01 -9.025360000000000049e-01 3.420499999999999929e-02 -9.031489999999999796e-01 -4.292639999999999789e-01 7.413999999999999584e-03
2.600000000000000000e+01 4.000000000000000000e+00 2.000000000000000000e+01 0.000000000000000000e+00 1.600000000000000089e+00 9.428000000000000616e-03 -5.293699999999999795e-02 -9.985530000000000239e-01 4.097180000000000266e-01 -9.107199999999999740e-01 5.214900000000000091e-02 -9.121629999999999461e-01 -4.096170000000000089e-01 1.310300000000000006e-02
4.000000000000000000e+00 1.300000000000000000e+01 2.000000000000000000e+01 0.000000000000000000e+00 1.600000000000000089e+00 -1.789999999999999870e-04 2.501999999999999884e-03 9.999970000000000248e-01 3.127170000000000227e-01 9.498440000000000216e-01 -2.320000000000000014e-03 -9.498459999999999681e-01 3.127150000000000207e-01 -9.520000000000000467e-04
1.000000000000000000e+01 1.300000000000000000e+01 2.000000000000000000e+01 0.000000000000000000e+00 1.600000000000000089e+00 -5.300000000000000078e-05 4.616000000000000311e-03 9.999890000000000168e-01 3.102599999999999802e-01 9.506419999999999870e-01 -4.372000000000000018e-03 -9.506520000000000525e-01 3.102570000000000050e-01 -1.482999999999999943e-03
1.500000000000000000e+01 1.300000000000000000e+01 2.000000000000000000e+01 0.000000000000000000e+00 1.600000000000000089e+00 3.350000000000000113e-04 1.115599999999999925e-02 9.999379999999999935e-01 3.051769999999999761e-01 9.522350000000000536e-01 -1.072599999999999942e-02 -9.522960000000000313e-01 3.051619999999999888e-01 -3.085000000000000069e-03
2.300000000000000000e+01 1.300000000000000000e+01 2.000000000000000000e+01 0.000000000000000000e+00 1.600000000000000089e+00 4.453000000000000361e-03 -8.061999999999999722e-03 9.999580000000000135e-01 2.762220000000000231e-01 9.610720000000000374e-01 6.518000000000000356e-03 -9.610840000000000494e-01 2.761810000000000098e-01 6.506999999999999763e-03
2.900000000000000000e+01 1.300000000000000000e+01 2.000000000000000000e+01 0.000000000000000000e+00 1.600000000000000089e+00 9.600000000000000243e-04 1.528999999999999977e-03 9.999980000000000535e-01 2.618019999999999792e-01 9.651199999999999779e-01 -1.727000000000000019e-03 -9.651210000000000067e-01 2.618030000000000079e-01 5.270000000000000162e-04
4.000000000000000000e+00 1.600000000000000000e+01 2.100000000000000000e+01 0.000000000000000000e+00 1.600000000000000089e+00 -8.270000000000000441e-04 2.579999999999999828e-04 1.000000000000000000e+00 3.041130000000000222e-01 9.526360000000000383e-01 5.000000000000000409e-06 -9.526360000000000383e-01 3.041119999999999934e-01 -8.660000000000000163e-04
1.100000000000000000e+01 1.600000000000000000e+01 2.100000000000000000e+01 0.000000000000000000e+00 1.600000000000000089e+00 3.780000000000000265e-04 -2.562000000000000041e-03 9.999970000000000248e-01 3.081329999999999902e-01 9.513399999999999634e-01 2.321000000000000146e-03 -9.513430000000000497e-01 3.081309999999999882e-01 1.149000000000000065e-03
1.100000000000000000e+01 5.000000000000000000e+01 2.200000000000000000e+01 0.000000000000000000e+00 1.600000000000000089e+00 -2.098000000000000038e-03 -4.245999999999999774e-03 -9.999890000000000168e-01 -5.798240000000000061e-01 8.147389999999999910e-01 -2.243000000000000202e-03 8.147389999999999910e-01 5.798130000000000228e-01 -4.171000000000000228e-03
4.000000000000000000e+00 4.600000000000000000e+01 2.700000000000000000e+01 0.000000000000000000e+00 1.600000000000000089e+00 1.699999999999999905e-03 3.023000000000000079e-03 -9.999940000000000495e-01 6.789720000000000200e-01 7.341560000000000308e-01 3.373000000000000130e-03 7.341619999999999813e-01 -6.789739999999999664e-01 -8.040000000000000271e-04
2.900000000000000000e+01 4.600000000000000000e+01 2.700000000000000000e+01 0.000000000000000000e+00 1.600000000000000089e+00 -3.299999999999999982e-04 1.137999999999999906e-03 -9.999989999999999712e-01 6.755210000000000381e-01 7.373410000000000242e-01 6.160000000000000111e-04 7.373410000000000242e-01 -6.755200000000000093e-01 -1.012000000000000096e-03
8.000000000000000000e+00 4.600000000000000000e+01 3.000000000000000000e+01 0.000000000000000000e+00 1.600000000000000089e+00 -4.600000000000000004e-05 4.979999999999999618e-04 -1.000000000000000000e+00 3.284389999999999810e-01 9.445249999999999480e-01 4.550000000000000008e-04 9.445249999999999480e-01 -3.284389999999999810e-01 -2.069999999999999900e-04
1.300000000000000000e+01 4.600000000000000000e+01 3.000000000000000000e+01 0.000000000000000000e+00 1.600000000000000089e+00 -2.110000000000000059e-04 -1.773000000000000053e-03 -9.999980000000000535e-01 3.304469999999999907e-01 9.438229999999999675e-01 -1.742999999999999975e-03 9.438250000000000250e-01 -3.304469999999999907e-01 3.869999999999999742e-04
3.000000000000000000e+00 5.800000000000000000e+01 3.100000000000000000e+01 0.000000000000000000e+00 1.600000000000000089e+00 -1.794000000000000022e-03 -4.272999999999999889e-03 9.999890000000000168e-01 -7.982179999999999831e-01 -6.023560000000000025e-01 -4.006000000000000012e-03 6.023659999999999570e-01 -7.982160000000000366e-01 -2.330000000000000040e-03
1.000000000000000000e+01 5.800000000000000000e+01 3.100000000000000000e+01 0.000000000000000000e+00 1.600000000000000089e+00 -2.001000000000000174e-03 -1.794999999999999938e-03 9.999959999999999960e-01 -8.009990000000000165e-01 -5.986590000000000522e-01 -2.677000000000000126e-03 5.986620000000000275e-01 -8.010019999999999918e-01 -2.400000000000000061e-04
1.300000000000000000e+01 5.800000000000000000e+01 3.100000000000000000e+01 0.000000000000000000e+00 1.600000000000000089e+00 -1.539000000000000003e-03 -3.959999999999999762e-04 9.999989999999999712e-01 -8.017619999999999747e-01 -5.976420000000000066e-01 -1.469999999999999953e-03 5.976420000000000066e-01 -8.017630000000000035e-01 6.019999999999999961e-04
1.800000000000000000e+01 5.800000000000000000e+01 3.100000000000000000e+01 0.000000000000000000e+00 1.600000000000000089e+00 3.562000000000000062e-03 -3.449999999999999833e-04 9.999940000000000495e-01 -8.019089999999999829e-01 -5.974409999999999998e-01 2.650000000000000012e-03 5.974359999999999671e-01 -8.019129999999999869e-01 -2.405000000000000020e-03
2.500000000000000000e+01 5.800000000000000000e+01 3.100000000000000000e+01 0.000000000000000000e+00 1.600000000000000089e+00 1.386999999999999995e-03 -5.199999999999999680e-05 9.999989999999999712e-01 -8.039629999999999832e-01 -5.946789999999999576e-01 1.083999999999999894e-03 5.946780000000000399e-01 -8.039629999999999832e-01 -8.670000000000000406e-04
3.000000000000000000e+01 5.800000000000000000e+01 3.100000000000000000e+01 0.000000000000000000e+00 1.600000000000000089e+00 -5.339999999999999695e-04 -5.159999999999999656e-04 1.000000000000000000e+00 -8.060669999999999780e-01 -5.918229999999999880e-01 -7.360000000000000006e-04 5.918240000000000167e-01 -8.060680000000000067e-01 -1.000000000000000048e-04
5.000000000000000000e+00 4.600000000000000000e+01 3.500000000000000000e+01 0.000000000000000000e+00 1.600000000000000089e+00 7.780000000000000457e-04 8.378000000000000030e-03 -9.999649999999999928e-01 3.905850000000000155e-01 -9.205370000000000497e-01 -7.408999999999999787e-03 -9.205670000000000242e-01 -3.905649999999999955e-01 -3.988000000000000225e-03
9.000000000000000000e+00 4.600000000000000000e+01 3.500000000000000000e+01 0.000000000000000000e+00 1.600000000000000089e+00 -1.547999999999999897e-03 7.192999999999999741e-03 -9.999730000000000008e-01 3.914850000000000274e-01 -9.201559999999999739e-01 -7.224999999999999652e-03 -9.201829999999999732e-01 -3.914860000000000007e-01 -1.391000000000000092e-03
1.600000000000000000e+01 4.600000000000000000e+01 3.500000000000000000e+01 0.000000000000000000e+00 1.600000000000000089e+00 4.850000000000000253e-04 -5.115999999999999888e-03 -9.999869999999999592e-01 3.914119999999999822e-01 -9.202029999999999932e-01 4.897999999999999576e-03 -9.202150000000000052e-01 -3.914090000000000069e-01 1.556000000000000091e-03
2.200000000000000000e+01 4.600000000000000000e+01 3.500000000000000000e+01 0.000000000000000000e+00 1.600000000000000089e+00 1.938999999999999968e-03 2.612000000000000172e-03 -9.999949999999999672e-01 3.913170000000000259e-01 -9.202540000000000164e-01 -1.644999999999999978e-03 -9.202540000000000164e-01 -3.913119999999999932e-01 -2.807000000000000033e-03
2.700000000000000000e+01 4.600000000000000000e+01 3.500000000000000000e+01 0.000000000000000000e+00 1.600000000000000089e+00 -8.189999999999999581e-04 -2.079000000000000119e-03 -9.999970000000000248e-01 3.899799999999999933e-01 -9.208220000000000294e-01 1.595000000000000064e-03 -9.208229999999999471e-01 -3.899779999999999913e-01 1.564999999999999985e-03
1.000000000000000000e+00 3.000000000000000000e+00 4.300000000000000000e+01 0.000000000000000000e+00 1.600000000000000089e+00 4.369999999999999970e-04 -3.943999999999999589e-03 -9.999919999999999920e-01 7.348980000000000512e-01 -6.781709999999999683e-01 2.995999999999999965e-03 -6.781779999999999475e-01 -7.348940000000000472e-01 2.602000000000000146e-03
2.000000000000000000e+01 3.000000000000000000e+00 4.300000000000000000e+01 0.000000000000000000e+00 1.600000000000000089e+00 -1.900999999999999912e-03 6.551999999999999665e-03 -9.999770000000000048e-01 7.328750000000000542e-01 -6.803379999999999983e-01 -5.850000000000000165e-03 -6.803609999999999935e-01 -7.328689999999999927e-01 -3.508999999999999966e-03
2.300000000000000000e+01 3.000000000000000000e+00 4.300000000000000000e+01 0.000000000000000000e+00 1.600000000000000089e+00 -1.198000000000000063e-03 8.890999999999999598e-03 -9.999599999999999600e-01 7.338000000000000078e-01 -6.793299999999999894e-01 -6.918999999999999803e-03 -6.793639999999999679e-01 -7.337789999999999591e-01 -5.709999999999999798e-03
2.900000000000000000e+01 3.000000000000000000e+00 4.300000000000000000e+01 0.000000000000000000e+00 1.600000000000000089e+00 -7.410000000000000137e-04 -3.946999999999999988e-03 -9.999919999999999920e-01 7.362589999999999968e-01 -6.766959999999999642e-01 2.125000000000000153e-03 -6.766990000000000505e-01 -7.362520000000000175e-01 3.406999999999999872e-03
2.000000000000000000e+00 2.900000000000000000e+01 4.400000000000000000e+01 0.000000000000000000e+00 1.600000000000000089e+00 8.239999999999999712e-04 2.785999999999999848e-03 -9.999959999999999960e-01 6.690970000000000528e-01 7.431710000000000260e-01 2.621000000000000066e-03 7.431750000000000300e-01 -6.690960000000000241e-01 -1.252000000000000075e-03
6.000000000000000000e+00 2.900000000000000000e+01 4.400000000000000000e+01 0.000000000000000000e+00 1.600000000000000089e+00 -1.500000000000000031e-03 3.844000000000000195e-03 -9.999919999999999920e-01 6.585969999999999880e-01 7.524929999999999675e-01 1.905000000000000009e-03 7.524939999999999962e-01 -6.585889999999999800e-01 -3.661000000000000192e-03
1.000000000000000000e+01 2.900000000000000000e+01 4.400000000000000000e+01 0.000000000000000000e+00 1.600000000000000089e+00 -1.350999999999999987e-03 2.004999999999999838e-03 -9.999970000000000248e-01 6.544870000000000410e-01 7.560729999999999951e-01 6.319999999999999663e-04 7.560719999999999663e-01 -6.544849999999999834e-01 -2.334000000000000137e-03
1.400000000000000000e+01 2.900000000000000000e+01 4.400000000000000000e+01 0.000000000000000000e+00 1.600000000000000089e+00 1.343999999999999926e-03 1.025000000000000086e-03 -9.999989999999999712e-01 6.601519999999999611e-01 7.511299999999999644e-01 1.657000000000000053e-03 7.511299999999999644e-01 -6.601540000000000186e-01 3.330000000000000169e-04
1.800000000000000000e+01 2.900000000000000000e+01 4.400000000000000000e+01 0.000000000000000000e+00 1.600000000000000089e+00 1.832999999999999994e-03 -3.144000000000000093e-03 -9.999930000000000208e-01 6.607680000000000220e-01 7.505899999999999794e-01 -1.149000000000000065e-03 7.505880000000000329e-01 -6.607610000000000428e-01 3.452999999999999906e-03
2.400000000000000000e+01 2.900000000000000000e+01 4.400000000000000000e+01 0.000000000000000000e+00 1.600000000000000089e+00 2.689999999999999791e-04 -3.647000000000000068e-03 -9.999930000000000208e-01 6.634980000000000322e-01 7.481740000000000057e-01 -2.550000000000000183e-03 7.481780000000000097e-01 -6.634929999999999994e-01 2.621000000000000066e-03
5.000000000000000000e+00 6.500000000000000000e+01 4.600000000000000000e+01 0.000000000000000000e+00 1.600000000000000089e+00 1.510000000000000057e-03 4.859999999999999954e-04 9.999989999999999712e-01 6.802289999999999726e-01 -7.329999999999999849e-01 -6.710000000000000469e-04 7.329989999999999561e-01 6.802289999999999726e-01 -1.438000000000000042e-03
4.000000000000000000e+00 7.000000000000000000e+01 4.700000000000000000e+01 0.000000000000000000e+00 1.600000000000000089e+00 2.150000000000000001e-03 4.624999999999999771e-03 -9.999869999999999592e-01 -8.356789999999999496e-01 -5.492000000000000215e-01 -4.336999999999999710e-03 -5.492129999999999512e-01 8.356780000000000319e-01 2.684000000000000188e-03
1.500000000000000000e+01 7.000000000000000000e+00 5.200000000000000000e+01 0.000000000000000000e+00 1.600000000000000089e+00 -7.479999999999999670e-03 -3.870999999999999875e-03 -9.999649999999999928e-01 1.392500000000000127e-01 -9.902530000000000499e-01 2.792000000000000211e-03 -9.902290000000000258e-01 -1.392239999999999867e-01 7.945999999999999938e-03
3.000000000000000000e+00 4.400000000000000000e+01 5.300000000000000000e+01 0.000000000000000000e+00 1.600000000000000089e+00 -4.232500000000000151e-02 -4.652370000000000116e-01 8.841740000000000155e-01 1.139880000000000060e-01 8.769400000000000528e-01 4.668869999999999965e-01 -9.925800000000000178e-01 1.205460000000000004e-01 1.591499999999999859e-02
6.000000000000000000e+00 4.500000000000000000e+01 5.300000000000000000e+01 0.000000000000000000e+00 1.600000000000000089e+00 -3.054300000000000070e-02 -3.667090000000000072e-01 9.298340000000000494e-01 6.196999999999999731e-02 9.277840000000000531e-01 3.679359999999999853e-01 -9.976110000000000255e-01 6.886000000000000454e-02 -5.611999999999999801e-03
6.000000000000000000e+00 6.300000000000000000e+01 5.400000000000000000e+01 0.000000000000000000e+00 1.600000000000000089e+00 4.960000000000000216e-04 1.443000000000000055e-03 9.999989999999999712e-01 -3.524269999999999903e-01 9.358389999999999764e-01 -1.175000000000000046e-03 -9.358389999999999764e-01 -3.524260000000000170e-01 9.730000000000000151e-04
1.100000000000000000e+01 6.300000000000000000e+01 5.400000000000000000e+01 0.000000000000000000e+00 1.600000000000000089e+00 2.259999999999999910e-04 -9.089999999999999773e-04 1.000000000000000000e+00 -3.510510000000000019e-01 9.363559999999999661e-01 9.300000000000000541e-04 -9.363559999999999661e-01 -3.510510000000000019e-01 -1.069999999999999988e-04
1.500000000000000000e+01 6.300000000000000000e+01 5.400000000000000000e+01 0.000000000000000000e+00 1.600000000000000089e+00 1.126999999999999964e-03 3.226999999999999834e-03 9.999940000000000495e-01 -3.470980000000000176e-01 9.378250000000000197e-01 -2.635000000000000189e-03 -9.378279999999999950e-01 -3.470929999999999849e-01 2.177000000000000116e-03
2.100000000000000000e+01 6.300000000000000000e+01 5.400000000000000000e+01 0.000000000000000000e+00 1.600000000000000089e+00 -9.510000000000000224e-04 8.729999999999999696e-04 9.999989999999999712e-01 -3.489630000000000232e-01 9.371359999999999690e-01 -1.149999999999999981e-03 -9.371359999999999690e-01 -3.489639999999999964e-01 -5.860000000000000408e-04
2.600000000000000000e+01 6.300000000000000000e+01 5.400000000000000000e+01 0.000000000000000000e+00 1.600000000000000089e+00 2.098000000000000038e-03 7.590000000000000175e-04 9.999970000000000248e-01 -3.516790000000000194e-01 9.361209999999999809e-01 2.799999999999999958e-05 -9.361180000000000057e-01 -3.516779999999999906e-01 2.230999999999999910e-03
4.000000000000000000e+00 2.500000000000000000e+01 5.500000000000000000e+01 0.000000000000000000e+00 1.600000000000000089e+00 5.000000000000000409e-06 -1.902999999999999961e-03 -9.999980000000000535e-01 -1.756100000000000022e-02 -9.998439999999999550e-01 1.902000000000000045e-03 -9.998460000000000125e-01 1.756100000000000022e-02 -3.800000000000000209e-05
1.600000000000000000e+01 2.500000000000000000e+01 5.500000000000000000e+01 0.000000000000000000e+00 1.600000000000000089e+00 8.769999999999999584e-04 -2.614000000000000004e-03 -9.999959999999999960e-01 -1.315299999999999976e-02 -9.999099999999999655e-01 2.602000000000000146e-03 -9.999130000000000518e-01 1.315000000000000023e-02 -9.120000000000000502e-04
2.200000000000000000e+01 2.500000000000000000e+01 5.500000000000000000e+01 0.000000000000000000e+00 1.600000000000000089e+00 1.665999999999999946e-03 -4.420999999999999583e-03 -9.999890000000000168e-01 -1.314199999999999917e-02 -9.999040000000000150e-01 4.399000000000000132e-03 -9.999120000000000230e-01 1.313399999999999984e-02 -1.724000000000000055e-03
2.500000000000000000e+01 2.500000000000000000e+01 5.500000000000000000e+01 0.000000000000000000e+00 1.600000000000000089e+00 2.889000000000000075e-03 -6.485000000000000313e-03 -9.999749999999999472e-01 -1.430599999999999927e-02 -9.998770000000000158e-01 6.442999999999999942e-03 -9.998930000000000318e-01 1.428699999999999935e-02 -2.981000000000000143e-03
6.000000000000000000e+00 6.800000000000000000e+01 5.700000000000000000e+01 0.000000000000000000e+00 1.600000000000000089e+00 -3.890000000000000228e-04 -4.898999999999999709e-03 -9.999879999999999880e-01 -2.406840000000000090e-01 -9.705909999999999815e-01 4.847999999999999879e-03 -9.706029999999999935e-01 2.406830000000000080e-01 -8.019999999999999785e-04
3.000000000000000000e+00 2.100000000000000000e+01 6.000000000000000000e+01 0.000000000000000000e+00 1.600000000000000089e+00 -6.899999999999999667e-04 1.106999999999999911e-03 9.999989999999999712e-01 -9.740899999999999559e-02 9.952440000000000175e-01 -1.168999999999999900e-03 -9.952440000000000175e-01 -9.740899999999999559e-02 -5.789999999999999791e-04
6.000000000000000000e+00 2.100000000000000000e+01 6.000000000000000000e+01 0.000000000000000000e+00 1.600000000000000089e+00 -3.319999999999999926e-04 4.200000000000000174e-04 1.000000000000000000e+00 -9.565600000000000491e-02 9.954140000000000210e-01 -4.499999999999999877e-04 -9.954140000000000210e-01 -9.565600000000000491e-02 -2.900000000000000017e-04
1.400000000000000000e+01 2.100000000000000000e+01 6.000000000000000000e+01 0.000000000000000000e+00 1.600000000000000089e+00 -7.950000000000000252e-04 2.403999999999999887e-03 9.999970000000000248e-01 -9.768300000000000594e-02 9.952140000000000430e-01 -2.471000000000000106e-03 -9.952170000000000183e-01 -9.768499999999999406e-02 -5.569999999999999864e-04
2.800000000000000000e+01 6.000000000000000000e+00 6.100000000000000000e+01 0.000000000000000000e+00 1.600000000000000089e+00 2.599999999999999840e-05 1.938000000000000052e-03 9.999980000000000535e-01 5.674350000000000227e-01 -8.234169999999999545e-01 1.580999999999999940e-03 8.234179999999999833e-01 5.674339999999999939e-01 -1.121000000000000035e-03
1.800000000000000000e+01 3.000000000000000000e+00 6.300000000000000000e+01 0.000000000000000000e+00 1.600000000000000089e+00 6.449999999999999570e-04 -1.338999999999999913e-03 9.999989999999999712e-01 -6.159160000000000190e-01 7.878110000000000390e-01 1.451999999999999949e-03 -7.878119999999999568e-01 -6.159160000000000190e-01 -3.159999999999999832e-04
1.000000000000000000e+00 2.700000000000000000e+01 6.300000000000000000e+01 0.000000000000000000e+00 1.600000000000000089e+00 1.423000000000000003e-03 -1.403100000000000007e-02 9.999010000000000398e-01 -2.696930000000000160e-01 9.628459999999999797e-01 1.389499999999999937e-02 -9.629450000000000509e-01 -2.696859999999999813e-01 -2.413999999999999913e-03
9.000000000000000000e+00 2.700000000000000000e+01 6.300000000000000000e+01 0.000000000000000000e+00 1.600000000000000089e+00 -2.360000000000000119e-03 8.300000000000000086e-04 9.999970000000000248e-01 -2.726729999999999987e-01 9.621060000000000167e-01 -1.441999999999999922e-03 -9.621039999999999592e-01 -2.726750000000000007e-01 -2.043999999999999810e-03
1.300000000000000000e+01 2.700000000000000000e+01 6.300000000000000000e+01 0.000000000000000000e+00 1.600000000000000089e+00 7.560000000000000530e-04 3.301999999999999814e-03 9.999940000000000495e-01 -2.720500000000000140e-01 9.622779999999999667e-01 -2.971999999999999816e-03 -9.622829999999999995e-01 -2.720469999999999833e-01 1.626000000000000058e-03
1.600000000000000000e+01 2.700000000000000000e+01 6.300000000000000000e+01 0.000000000000000000e+00 1.600000000000000089e+00 1.920999999999999965e-03 3.652999999999999997e-03 9.999909999999999632e-01 -2.685589999999999922e-01 9.632579999999999476e-01 -3.003000000000000027e-03 -9.632610000000000339e-01 -2.685509999999999842e-01 2.831000000000000183e-03
1.900000000000000000e+01 2.700000000000000000e+01 6.300000000000000000e+01 0.000000000000000000e+00 1.600000000000000089e+00 1.778000000000000067e-03 7.689999999999999787e-03 9.999689999999999968e-01 -2.668079999999999896e-01 9.637250000000000538e-01 -6.936999999999999590e-03 -9.637480000000000491e-01 -2.667869999999999964e-01 3.765999999999999816e-03
2.400000000000000000e+01 2.700000000000000000e+01 6.300000000000000000e+01 0.000000000000000000e+00 1.600000000000000089e+00 1.965999999999999866e-03 1.111900000000000041e-02 9.999360000000000470e-01 -2.660819999999999852e-01 9.638970000000000038e-01 -1.019499999999999920e-02 -9.639480000000000270e-01 -2.660449999999999759e-01 4.852999999999999675e-03
3.000000000000000000e+01 2.700000000000000000e+01 6.300000000000000000e+01 0.000000000000000000e+00 1.600000000000000089e+00 1.621999999999999961e-03 9.690000000000000696e-03 9.999519999999999520e-01 -2.672749999999999848e-01 9.635789999999999633e-01 -8.902999999999999456e-03 -9.636190000000000033e-01 -2.672470000000000123e-01 4.152999999999999574e-03
7.000000000000000000e+00 5.300000000000000000e+01 6.300000000000000000e+01 0.000000000000000000e+00 1.600000000000000089e+00 -1.300649999999999862e-01 7.052030000000000243e-01 6.969729999999999537e-01 4.428599999999999759e-01 -5.876099999999999657e-01 6.771930000000000449e-01 8.871059999999999501e-01 3.967410000000000103e-01 -2.358790000000000053e-01
5.000000000000000000e+00 2.600000000000000000e+01 6.400000000000000000e+01 0.000000000000000000e+00 1.600000000000000089e+00 2.021999999999999926e-03 -2.246999999999999865e-03 9.999949999999999672e-01 -3.563669999999999893e-01 9.343420000000000059e-01 2.820000000000000024e-03 -9.343439999999999523e-01 -3.563709999999999933e-01 1.087999999999999991e-03
1.000000000000000000e+01 2.600000000000000000e+01 6.400000000000000000e+01 0.000000000000000000e+00 1.600000000000000089e+00 -2.011000000000000201e-03 3.944999999999999722e-03 9.999900000000000455e-01 -3.607779999999999876e-01 9.326410000000000533e-01 -4.405000000000000061e-03 -9.326499999999999790e-01 -3.607830000000000203e-01 -4.519999999999999821e-04
2.000000000000000000e+01 2.600000000000000000e+01 6.400000000000000000e+01 0.000000000000000000e+00 1.600000000000000089e+00 1.301999999999999989e-03 7.933000000000000815e-03 9.999679999999999680e-01 -3.505829999999999780e-01 9.365059999999999496e-01 -6.973000000000000032e-03 -9.365310000000000024e-01 -3.505619999999999847e-01 4.001000000000000216e-03
2.400000000000000000e+01 2.600000000000000000e+01 6.400000000000000000e+01 0.000000000000000000e+00 1.600000000000000089e+00 2.288999999999999802e-03 1.044299999999999916e-02 9.999430000000000263e-01 -3.480360000000000120e-01 9.374379999999999935e-01 -8.992999999999999258e-03 -9.374780000000000335e-01 -3.479960000000000275e-01 5.780999999999999681e-03
2.900000000000000000e+01 2.600000000000000000e+01 6.400000000000000000e+01 0.000000000000000000e+00 1.600000000000000089e+00 1.105999999999999995e-03 1.167200000000000008e-02 9.999310000000000143e-01 -3.452589999999999826e-01 9.384479999999999489e-01 -1.057199999999999980e-02 -9.385069999999999801e-01 -3.452239999999999753e-01 5.067000000000000323e-03
1.600000000000000000e+01 5.400000000000000000e+01 6.500000000000000000e+01 0.000000000000000000e+00 1.600000000000000089e+00 -3.590110000000000245e-01 -2.913040000000000074e-01 8.867089999999999694e-01 3.239999999999999825e-02 -9.533620000000000427e-01 -3.000840000000000174e-01 9.327710000000000168e-01 -7.900400000000000478e-02 3.517060000000000186e-01
9.000000000000000000e+00 6.900000000000000000e+01 6.600000000000000000e+01 0.000000000000000000e+00 1.600000000000000089e+00 -5.090000000000000123e-04 1.879000000000000028e-03 9.999980000000000535e-01 -9.636500000000000066e-01 2.671669999999999878e-01 -9.920000000000000432e-04 -2.671689999999999898e-01 -9.636479999999999491e-01 1.675000000000000057e-03
1.300000000000000000e+01 6.900000000000000000e+01 6.600000000000000000e+01 0.000000000000000000e+00 1.600000000000000089e+00 -3.821000000000000178e-03 -5.367000000000000243e-03 9.999780000000000335e-01 -9.536109999999999864e-01 3.010349999999999970e-01 -2.027999999999999855e-03 -3.010180000000000078e-01 -9.535979999999999457e-01 -6.268000000000000134e-03
7.000000000000000000e+00 7.000000000000000000e+01 7.200000000000000000e+01 0.000000000000000000e+00 1.600000000000000089e+00 2.513610000000000011e-01 8.213949999999999863e-01 5.119839999999999947e-01 -1.530340000000000034e-01 -4.885860000000000203e-01 8.589900000000000313e-01 9.557189999999999852e-01 -2.942679999999999740e-01 2.890000000000000208e-03
1.100000000000000000e+01 7.000000000000000000e+01 7.200000000000000000e+01 0.000000000000000000e+00 1.600000000000000089e+00 -2.861859999999999959e-01 -9.293829999999999592e-01 2.331199999999999939e-01 -2.372700000000000156e-02 -2.363470000000000015e-01 -9.713789999999999925e-01 9.578799999999999537e-01 -2.835260000000000002e-01 4.558799999999999658e-02
9.000000000000000000e+00 7.700000000000000000e+01 7.200000000000000000e+01 0.000000000000000000e+00 1.600000000000000089e+00 3.085399999999999948e-02 1.888080000000000036e-01 9.815289999999999848e-01 8.685600000000000265e-02 -9.787879999999999914e-01 1.855509999999999937e-01 9.957430000000000447e-01 7.952700000000000047e-02 -4.659800000000000053e-02
1.000000000000000000e+01 2.500000000000000000e+01 7.300000000000000000e+01 0.000000000000000000e+00 1.600000000000000089e+00 1.307000000000000002e-03 -6.734000000000000402e-03 9.999770000000000048e-01 7.549770000000000092e-01 -6.557290000000000063e-01 -5.401999999999999684e-03 6.557500000000000551e-01 7.549660000000000259e-01 4.226999999999999855e-03
1.800000000000000000e+01 2.500000000000000000e+01 7.300000000000000000e+01 0.000000000000000000e+00 1.600000000000000089e+00 -5.360000000000000181e-04 -3.544999999999999974e-03 9.999940000000000495e-01 7.513539999999999663e-01 -6.598969999999999558e-01 -1.936000000000000004e-03 6.598990000000000133e-01 7.513480000000000159e-01 3.017000000000000150e-03
2.500000000000000000e+01 2.500000000000000000e+01 7.300000000000000000e+01 0.000000000000000000e+00 1.600000000000000089e+00 -4.800000000000000122e-04 2.328000000000000208e-03 9.999970000000000248e-01 7.472370000000000401e-01 -6.645550000000000068e-01 1.905999999999999925e-03 6.645579999999999821e-01 7.472360000000000113e-01 -1.420000000000000038e-03
2.800000000000000000e+01 2.500000000000000000e+01 7.300000000000000000e+01 0.000000000000000000e+00 1.600000000000000089e+00 -2.236999999999999839e-03 7.979999999999999897e-04 9.999970000000000248e-01 7.461309999999999887e-01 -6.657960000000000544e-01 2.200000000000000133e-03 6.657960000000000544e-01 7.461330000000000462e-01 8.940000000000000464e-04
