1.000000000000000000e+01 2.500000000000000000e+01 1.000000000000000000e+00 0.000000000000000000e+00 1.600000000000000089e+00 -1.546999999999999981e-03 4.200000000000000174e-04 -9.999989999999999712e-01 -5.227509999999999657e-01 -8.524859999999999660e-01 4.510000000000000120e-04 -8.524840000000000195e-01 5.227509999999999657e-01 1.538000000000000088e-03
2.700000000000000000e+01 2.500000000000000000e+01 1.000000000000000000e+00 0.000000000000000000e+00 1.600000000000000089e+00 -1.103000000000000031e-03 1.451000000000000033e-03 -9.999980000000000535e-01 -5.239289999999999781e-01 -8.517620000000000191e-01 -6.579999999999999478e-04 -8.517609999999999904e-01 5.239270000000000316e-01 1.699999999999999905e-03
2.000000000000000000e+00 1.500000000000000000e+01 4.000000000000000000e+00 0.000000000000000000e+00 1.600000000000000089e+00 3.109999999999999917e-03 4.606999999999999984e-03 9.999850000000000128e-01 3.163420000000000121e-01 -9.486390000000000100e-01 3.386999999999999820e-03 9.486400000000000388e-01 3.163270000000000248e-01 -4.407999999999999592e-03
5.000000000000000000e+00 1.500000000000000000e+01 4.000000000000000000e+00 0.000000000000000000e+00 1.600000000000000089e+00 3.810000000000000019e-03 5.669999999999999693e-03 9.999770000000000048e-01 3.159299999999999886e-01 -9.487729999999999775e-01 4.176000000000000024e-03 9.487750000000000350e-01 3.159060000000000201e-01 -5.406000000000000215e-03
1.000000000000000000e+01 1.500000000000000000e+01 4.000000000000000000e+00 0.000000000000000000e+00 1.600000000000000089e+00 2.818999999999999891e-03 -3.706999999999999792e-03 9.999890000000000168e-01 3.176129999999999787e-01 -9.482099999999999973e-01 -4.409999999999999858e-03 9.482159999999999478e-01 3.176220000000000154e-01 -1.495999999999999934e-03
1.400000000000000000e+01 1.500000000000000000e+01 4.000000000000000000e+00 0.000000000000000000e+00 1.600000000000000089e+00 2.735000000000000018e-03 -3.969999999999999571e-03 9.999879999999999880e-01 3.180689999999999906e-01 -9.480560000000000098e-01 -4.634000000000000098e-03 9.480640000000000178e-01 3.180780000000000274e-01 -1.330000000000000019e-03
2.200000000000000000e+01 1.500000000000000000e+01 4.000000000000000000e+00 0.000000000000000000e+00 1.600000000000000089e+00 1.448999999999999984e-03 -1.856999999999999927e-03 9.999970000000000248e-01 3.176829999999999932e-01 -9.481939999999999813e-01 -2.220999999999999884e-03 9.481960000000000388e-01 3.176860000000000239e-01 -7.839999999999999747e-04
2.800000000000000000e+01 1.500000000000000000e+01 4.000000000000000000e+00 0.000000000000000000e+00 1.600000000000000089e+00 7.339999999999999520e-04 -5.353000000000000119e-03 9.999850000000000128e-01 3.269170000000000131e-01 -9.450380000000000447e-01 -5.298999999999999891e-03 9.450530000000000319e-01 3.269170000000000131e-01 1.056999999999999997e-03
6.000000000000000000e+00 4.000000000000000000e+00 5.000000000000000000e+00 0.000000000000000000e+00 1.600000000000000089e+00 -8.257000000000000450e-03 -1.917200000000000154e-02 9.997819999999999485e-01 2.225459999999999938e-01 -9.747759999999999758e-01 -1.685499999999999846e-02 9.748869999999999481e-01 2.223580000000000001e-01 1.231499999999999956e-02
2.000000000000000000e+00 1.010000000000000000e+02 7.000000000000000000e+00 0.000000000000000000e+00 1.600000000000000089e+00 -7.849999999999999990e-04 -2.333000000000000004e-03 9.999970000000000248e-01 8.899839999999999973e-01 4.559880000000000044e-01 1.763000000000000027e-03 -4.559909999999999797e-01 8.899829999999999686e-01 1.717999999999999909e-03
2.200000000000000000e+01 1.010000000000000000e+02 7.000000000000000000e+00 0.000000000000000000e+00 1.600000000000000089e+00 1.610000000000000103e-04 1.672799999999999981e-02 9.998599999999999710e-01 8.886420000000000430e-01 4.585339999999999971e-01 -7.813999999999999765e-03 -4.586009999999999809e-01 8.885189999999999477e-01 -1.479100000000000033e-02
2.600000000000000000e+01 1.010000000000000000e+02 7.000000000000000000e+00 0.000000000000000000e+00 1.600000000000000089e+00 -3.678999999999999979e-03 3.616999999999999989e-03 9.999869999999999592e-01 8.883609999999999562e-01 4.591430000000000233e-01 1.606999999999999922e-03 -4.591310000000000113e-01 8.883550000000000058e-01 -4.902000000000000107e-03
8.000000000000000000e+00 2.500000000000000000e+01 8.000000000000000000e+00 0.000000000000000000e+00 1.600000000000000089e+00 1.887000000000000005e-03 3.013000000000000053e-03 -9.999940000000000495e-01 4.490460000000000007e-01 8.935020000000000184e-01 3.540000000000000178e-03 8.935070000000000512e-01 -4.490500000000000047e-01 3.330000000000000169e-04
1.400000000000000000e+01 2.500000000000000000e+01 8.000000000000000000e+00 0.000000000000000000e+00 1.600000000000000089e+00 1.007999999999999998e-03 -2.100000000000000087e-04 -1.000000000000000000e+00 4.483059999999999823e-01 8.938800000000000079e-01 2.640000000000000202e-04 8.938789999999999791e-01 -4.483059999999999823e-01 9.950000000000000077e-04
2.000000000000000000e+01 2.500000000000000000e+01 8.000000000000000000e+00 0.000000000000000000e+00 1.600000000000000089e+00 2.396000000000000126e-03 6.041000000000000363e-03 -9.999789999999999512e-01 4.482300000000000173e-01 8.938949999999999951e-01 6.473999999999999720e-03 8.939150000000000151e-01 -4.482360000000000233e-01 -5.659999999999999884e-04
2.500000000000000000e+01 2.500000000000000000e+01 8.000000000000000000e+00 0.000000000000000000e+00 1.600000000000000089e+00 7.609999999999999577e-04 3.844000000000000195e-03 -9.999919999999999920e-01 4.465879999999999850e-01 8.947319999999999718e-01 3.778999999999999807e-03 8.947399999999999798e-01 -4.465870000000000117e-01 -1.036000000000000029e-03
2.800000000000000000e+01 2.500000000000000000e+01 8.000000000000000000e+00 0.000000000000000000e+00 1.600000000000000089e+00 1.902999999999999961e-03 -1.526000000000000013e-03 -9.999970000000000248e-01 4.456769999999999898e-01 8.951930000000000165e-01 -5.180000000000000143e-04 8.951919999999999877e-01 -4.456749999999999878e-01 2.383999999999999835e-03
8.000000000000000000e+00 2.400000000000000000e+01 9.000000000000000000e+00 0.000000000000000000e+00 1.600000000000000089e+00 1.892000000000000019e-03 5.053000000000000200e-03 -9.999850000000000128e-01 4.535319999999999907e-01 8.912240000000000162e-01 5.361999999999999579e-03 8.912379999999999747e-01 -4.535359999999999947e-01 -6.059999999999999849e-04
1.400000000000000000e+01 2.400000000000000000e+01 9.000000000000000000e+00 0.000000000000000000e+00 1.600000000000000089e+00 9.810000000000001011e-04 3.400000000000000244e-04 -9.999989999999999712e-01 4.532070000000000265e-01 8.914050000000000029e-01 7.479999999999999670e-04 8.914050000000000029e-01 -4.532079999999999997e-01 7.209999999999999612e-04
2.000000000000000000e+01 2.400000000000000000e+01 9.000000000000000000e+00 0.000000000000000000e+00 1.600000000000000089e+00 2.246000000000000166e-03 6.030999999999999903e-03 -9.999789999999999512e-01 4.513889999999999847e-01 8.923039999999999861e-01 6.395999999999999776e-03 8.923240000000000061e-01 -4.513940000000000174e-01 -7.179999999999999967e-04
2.500000000000000000e+01 2.400000000000000000e+01 9.000000000000000000e+00 0.000000000000000000e+00 1.600000000000000089e+00 6.740000000000000114e-04 2.909999999999999826e-03 -9.999959999999999960e-01 4.484170000000000100e-01 8.938199999999999479e-01 2.903000000000000198e-03 8.938239999999999519e-01 -4.484170000000000100e-01 -7.020000000000000415e-04
2.800000000000000000e+01 2.400000000000000000e+01 9.000000000000000000e+00 0.000000000000000000e+00 1.600000000000000089e+00 1.647999999999999942e-03 -1.461000000000000059e-03 -9.999980000000000535e-01 4.478539999999999743e-01 8.941059999999999564e-01 -5.689999999999999529e-04 8.941050000000000386e-01 -4.478519999999999723e-01 2.128000000000000117e-03
2.400000000000000000e+01 1.200000000000000000e+01 1.000000000000000000e+01 0.000000000000000000e+00 1.600000000000000089e+00 -5.190000000000000386e-04 -3.219000000000000073e-03 -9.999949999999999672e-01 -5.538239999999999830e-01 -8.326289999999999525e-01 2.968000000000000152e-03 -8.326339999999999852e-01 5.538220000000000365e-01 -1.350000000000000071e-03
2.700000000000000000e+01 1.200000000000000000e+01 1.000000000000000000e+01 0.000000000000000000e+00 1.600000000000000089e+00 -1.160999999999999923e-03 -1.299699999999999987e-02 -9.999149999999999983e-01 -5.545280000000000209e-01 -8.320870000000000211e-01 1.145999999999999970e-02 -8.321650000000000436e-01 5.544940000000000424e-01 -6.241000000000000020e-03
3.000000000000000000e+00 3.100000000000000000e+01 1.200000000000000000e+01 0.000000000000000000e+00 1.600000000000000089e+00 -1.655000000000000004e-03 -5.344999999999999925e-03 9.999839999999999840e-01 -3.111000000000000050e-03 9.999810000000000088e-01 5.340000000000000129e-03 -9.999940000000000495e-01 -3.102000000000000157e-03 -1.670999999999999959e-03
6.000000000000000000e+00 3.100000000000000000e+01 1.200000000000000000e+01 0.000000000000000000e+00 1.600000000000000089e+00 -1.132999999999999893e-03 -2.701999999999999975e-03 9.999959999999999960e-01 -3.190000000000000019e-04 9.999959999999999960e-01 2.701999999999999975e-03 -9.999989999999999712e-01 -3.159999999999999832e-04 -1.134000000000000025e-03
9.000000000000000000e+00 3.100000000000000000e+01 1.200000000000000000e+01 0.000000000000000000e+00 1.600000000000000089e+00 -4.510000000000000120e-04 -2.229999999999999994e-04 1.000000000000000000e+00 1.750000000000000036e-03 9.999980000000000535e-01 2.239999999999999966e-04 -9.999980000000000535e-01 1.750000000000000036e-03 -4.510000000000000120e-04
1.300000000000000000e+01 3.100000000000000000e+01 1.200000000000000000e+01 0.000000000000000000e+00 1.600000000000000089e+00 1.978999999999999856e-03 3.811000000000000151e-03 9.999909999999999632e-01 3.647000000000000068e-03 9.999860000000000415e-01 -3.818000000000000213e-03 -9.999909999999999632e-01 3.654000000000000130e-03 1.965000000000000167e-03
2.100000000000000000e+01 3.100000000000000000e+01 1.200000000000000000e+01 0.000000000000000000e+00 1.600000000000000089e+00 9.610000000000000486e-04 -5.303000000000000422e-03 9.999850000000000128e-01 6.453000000000000402e-03 9.999649999999999928e-01 5.296999999999999625e-03 -9.999789999999999512e-01 6.447999999999999739e-03 9.959999999999999236e-04
2.400000000000000000e+01 3.100000000000000000e+01 1.200000000000000000e+01 0.000000000000000000e+00 1.600000000000000089e+00 8.360000000000000460e-04 1.324000000000000090e-03 9.999989999999999712e-01 4.159999999999999636e-03 9.999900000000000455e-01 -1.327000000000000055e-03 -9.999909999999999632e-01 4.160999999999999768e-03 8.300000000000000086e-04
2.700000000000000000e+01 3.100000000000000000e+01 1.200000000000000000e+01 0.000000000000000000e+00 1.600000000000000089e+00 -1.193000000000000050e-03 1.981999999999999821e-03 9.999970000000000248e-01 3.651000000000000165e-03 9.999909999999999632e-01 -1.977000000000000025e-03 -9.999930000000000208e-01 3.648999999999999900e-03 -1.199999999999999895e-03
1.700000000000000000e+01 1.160000000000000000e+02 1.600000000000000000e+01 0.000000000000000000e+00 1.600000000000000089e+00 7.420000000000000380e-04 1.629999999999999939e-03 9.999980000000000535e-01 6.620319999999999538e-01 7.494739999999999736e-01 -1.712999999999999896e-03 -7.494750000000000023e-01 6.620319999999999538e-01 -5.230000000000000274e-04
2.000000000000000000e+01 1.160000000000000000e+02 1.600000000000000000e+01 0.000000000000000000e+00 1.600000000000000089e+00 1.662999999999999982e-03 9.879999999999999460e-04 9.999980000000000535e-01 6.762190000000000145e-01 7.366989999999999927e-01 -1.851999999999999914e-03 -7.366989999999999927e-01 6.762209999999999610e-01 5.569999999999999864e-04
2.000000000000000000e+00 2.000000000000000000e+00 1.900000000000000000e+01 0.000000000000000000e+00 1.600000000000000089e+00 1.309999999999999967e-03 -9.998999999999999208e-03 -9.999489999999999768e-01 1.951650000000000051e-01 -9.807190000000000074e-01 1.006300000000000076e-02 -9.807700000000000307e-01 -1.951680000000000081e-01 6.669999999999999497e-04
8.000000000000000000e+00 2.000000000000000000e+00 1.900000000000000000e+01 0.000000000000000000e+00 1.600000000000000089e+00 -1.007000000000000083e-03 -9.081999999999999795e-03 -9.999580000000000135e-01 1.950020000000000087e-01 -9.807639999999999691e-01 8.710999999999999993e-03 -9.808019999999999516e-01 -1.949859999999999927e-01 2.758000000000000035e-03
1.200000000000000000e+01 2.000000000000000000e+00 1.900000000000000000e+01 0.000000000000000000e+00 1.600000000000000089e+00 -1.090000000000000067e-04 8.589999999999999546e-04 -1.000000000000000000e+00 1.930610000000000104e-01 -9.811860000000000026e-01 -8.639999999999999677e-04 -9.811870000000000314e-01 -1.930610000000000104e-01 -5.899999999999999754e-05
1.800000000000000000e+01 2.000000000000000000e+00 1.900000000000000000e+01 0.000000000000000000e+00 1.600000000000000089e+00 1.188999999999999953e-03 -3.501000000000000206e-03 -9.999930000000000208e-01 1.893910000000000038e-01 -9.818949999999999623e-01 3.663000000000000023e-03 -9.819010000000000238e-01 -1.893940000000000068e-01 -5.050000000000000235e-04
2.200000000000000000e+01 2.000000000000000000e+00 1.900000000000000000e+01 0.000000000000000000e+00 1.600000000000000089e+00 -1.167000000000000069e-03 -7.709999999999999840e-04 -9.999989999999999712e-01 1.917750000000000010e-01 -9.814389999999999503e-01 5.330000000000000536e-04 -9.814380000000000326e-01 -1.917750000000000010e-01 1.293000000000000095e-03
2.600000000000000000e+01 2.000000000000000000e+00 1.900000000000000000e+01 0.000000000000000000e+00 1.600000000000000089e+00 2.900000000000000017e-04 -3.480000000000000020e-04 -1.000000000000000000e+00 1.923590000000000022e-01 -9.813239999999999741e-01 3.970000000000000005e-04 -9.813250000000000028e-01 -1.923590000000000022e-01 -2.169999999999999891e-04
2.900000000000000000e+01 2.000000000000000000e+00 1.900000000000000000e+01 0.000000000000000000e+00 1.600000000000000089e+00 -4.209999999999999875e-04 -3.335999999999999990e-03 -9.999940000000000495e-01 1.934790000000000121e-01 -9.810990000000000544e-01 3.190999999999999826e-03 -9.811039999999999761e-01 -1.934770000000000101e-01 1.059000000000000045e-03
5.000000000000000000e+00 4.000000000000000000e+00 2.000000000000000000e+01 0.000000000000000000e+00 1.600000000000000089e+00 7.600000000000000418e-05 -6.267000000000000001e-03 -9.999799999999999800e-01 3.045820000000000194e-01 -9.524669999999999526e-01 5.991999999999999930e-03 -9.524860000000000548e-01 -3.045769999999999866e-01 1.835999999999999958e-03
2.900000000000000000e+01 4.000000000000000000e+00 2.000000000000000000e+01 0.000000000000000000e+00 1.600000000000000089e+00 -2.030000000000000012e-04 -2.451000000000000054e-03 -9.999970000000000248e-01 2.875809999999999755e-01 -9.577529999999999655e-01 2.288999999999999802e-03 -9.577560000000000517e-01 -2.875800000000000023e-01 8.989999999999999511e-04
1.500000000000000000e+01 1.300000000000000000e+01 2.000000000000000000e+01 0.000000000000000000e+00 1.600000000000000089e+00 -9.820000000000000170e-04 -3.543999999999999841e-03 9.999930000000000208e-01 2.576600000000000001e-01 9.662290000000000045e-01 3.677000000000000147e-03 -9.662349999999999550e-01 2.576620000000000021e-01 -3.499999999999999693e-05
4.000000000000000000e+00 3.000000000000000000e+00 2.500000000000000000e+01 0.000000000000000000e+00 1.600000000000000089e+00 -4.423999999999999981e-03 -1.043499999999999983e-02 9.999360000000000470e-01 -6.607399999999999385e-02 -9.977570000000000050e-01 -1.070399999999999997e-02 9.978050000000000530e-01 -6.611799999999999622e-02 3.725000000000000012e-03
7.000000000000000000e+00 3.000000000000000000e+00 2.500000000000000000e+01 0.000000000000000000e+00 1.600000000000000089e+00 -2.918000000000000021e-03 -7.825000000000000358e-03 9.999649999999999928e-01 -6.824299999999999811e-02 -9.976369999999999960e-01 -8.005999999999999228e-03 9.976639999999999953e-01 -6.826400000000000523e-02 2.377999999999999906e-03
1.000000000000000000e+01 3.000000000000000000e+00 2.500000000000000000e+01 0.000000000000000000e+00 1.600000000000000089e+00 1.979999999999999989e-03 -4.573999999999999941e-03 9.999879999999999880e-01 -7.414300000000000057e-02 -9.972379999999999578e-01 -4.414000000000000389e-03 9.972459999999999658e-01 -7.413300000000000445e-02 -2.314000000000000085e-03
1.800000000000000000e+01 3.000000000000000000e+00 2.500000000000000000e+01 0.000000000000000000e+00 1.600000000000000089e+00 1.129000000000000012e-03 -7.889999999999999444e-03 9.999679999999999680e-01 -7.223799999999999666e-02 -9.973570000000000491e-01 -7.787999999999999784e-03 9.973870000000000235e-01 -7.222699999999999954e-02 -1.696000000000000025e-03
2.300000000000000000e+01 3.000000000000000000e+00 2.500000000000000000e+01 0.000000000000000000e+00 1.600000000000000089e+00 5.400000000000000069e-04 -2.226000000000000114e-03 9.999970000000000248e-01 -7.214600000000000180e-02 -9.973919999999999453e-01 -2.181000000000000213e-03 9.973940000000000028e-01 -7.214500000000000079e-02 -6.989999999999999686e-04
2.600000000000000000e+01 3.000000000000000000e+00 2.500000000000000000e+01 0.000000000000000000e+00 1.600000000000000089e+00 7.799999999999999859e-04 -1.959999999999999937e-03 9.999980000000000535e-01 -7.540299999999999780e-02 -9.971510000000000096e-01 -1.895999999999999899e-03 9.971529999999999561e-01 -7.540199999999999680e-02 -9.259999999999999568e-04
2.900000000000000000e+01 3.000000000000000000e+00 2.500000000000000000e+01 0.000000000000000000e+00 1.600000000000000089e+00 7.240000000000000342e-04 -1.410000000000000012e-03 9.999989999999999712e-01 -7.795799999999999952e-02 -9.969559999999999533e-01 -1.348999999999999939e-03 9.969559999999999533e-01 -7.795699999999999852e-02 -8.319999999999999488e-04
2.200000000000000000e+01 4.600000000000000000e+01 2.700000000000000000e+01 0.000000000000000000e+00 1.600000000000000089e+00 -1.232999999999999938e-03 -2.497999999999999787e-03 -9.999959999999999960e-01 6.783350000000000213e-01 7.347479999999999567e-01 -2.671999999999999896e-03 7.347519999999999607e-01 -6.783350000000000213e-01 7.879999999999999635e-04
7.000000000000000000e+00 5.800000000000000000e+01 3.100000000000000000e+01 0.000000000000000000e+00 1.600000000000000089e+00 -1.376000000000000053e-03 2.318999999999999881e-03 9.999959999999999960e-01 -8.069260000000000321e-01 -5.906519999999999548e-01 2.599999999999999772e-04 5.906510000000000371e-01 -8.069229999999999459e-01 2.684000000000000188e-03
1.100000000000000000e+01 5.800000000000000000e+01 3.100000000000000000e+01 0.000000000000000000e+00 1.600000000000000089e+00 -2.926000000000000215e-03 7.179999999999999967e-04 9.999949999999999672e-01 -8.066910000000000469e-01 -5.909710000000000241e-01 -1.936000000000000004e-03 5.909670000000000201e-01 -8.066929999999999934e-01 2.308000000000000156e-03
1.900000000000000000e+01 5.800000000000000000e+01 3.100000000000000000e+01 0.000000000000000000e+00 1.600000000000000089e+00 6.642999999999999600e-03 3.105000000000000121e-03 9.999730000000000008e-01 -8.024799999999999711e-01 -5.966360000000000552e-01 7.184000000000000281e-03 5.966420000000000057e-01 -8.025060000000000526e-01 -1.472000000000000001e-03
3.000000000000000000e+01 5.800000000000000000e+01 3.100000000000000000e+01 0.000000000000000000e+00 1.600000000000000089e+00 -1.404999999999999999e-03 -8.009999999999999542e-04 9.999989999999999712e-01 -8.059790000000000010e-01 -5.919419999999999682e-01 -1.606999999999999922e-03 5.919429999999999970e-01 -8.059800000000000297e-01 1.869999999999999917e-04
2.500000000000000000e+01 2.200000000000000000e+01 3.400000000000000000e+01 0.000000000000000000e+00 1.600000000000000089e+00 8.109999999999999805e-04 7.169999999999999724e-04 9.999989999999999712e-01 3.795520000000000005e-01 -9.251700000000000479e-01 3.559999999999999797e-04 9.251700000000000479e-01 3.795520000000000005e-01 -1.023000000000000038e-03
2.700000000000000000e+01 2.200000000000000000e+01 3.400000000000000000e+01 0.000000000000000000e+00 1.600000000000000089e+00 -5.460000000000000443e-04 4.205000000000000404e-03 9.999909999999999632e-01 3.791640000000000010e-01 -9.253200000000000314e-01 4.098000000000000080e-03 9.253289999999999571e-01 3.791629999999999723e-01 -1.088999999999999907e-03
4.000000000000000000e+00 4.600000000000000000e+01 3.500000000000000000e+01 0.000000000000000000e+00 1.600000000000000089e+00 -1.020999999999999989e-03 -5.570000000000000298e-03 -9.999839999999999840e-01 3.919420000000000126e-01 -9.199779999999999625e-01 4.723999999999999901e-03 -9.199889999999999457e-01 -3.919309999999999738e-01 3.122999999999999908e-03
8.000000000000000000e+00 4.600000000000000000e+01 3.500000000000000000e+01 0.000000000000000000e+00 1.600000000000000089e+00 -2.939999999999999905e-04 9.290000000000000297e-04 -1.000000000000000000e+00 3.928010000000000113e-01 -9.196229999999999682e-01 -9.690000000000000262e-04 -9.196239999999999970e-01 -3.928010000000000113e-01 -9.399999999999999448e-05
1.200000000000000000e+01 4.600000000000000000e+01 3.500000000000000000e+01 0.000000000000000000e+00 1.600000000000000089e+00 -1.179999999999999951e-04 4.310999999999999728e-03 -9.999909999999999632e-01 3.912180000000000102e-01 -9.202890000000000237e-01 -4.013000000000000074e-03 -9.202979999999999494e-01 -3.912149999999999794e-01 -1.577999999999999976e-03
1.900000000000000000e+01 4.600000000000000000e+01 3.500000000000000000e+01 0.000000000000000000e+00 1.600000000000000089e+00 -1.450000000000000009e-04 -1.099999999999999971e-05 -1.000000000000000000e+00 3.911330000000000084e-01 -9.203339999999999854e-01 -4.699999999999999724e-05 -9.203339999999999854e-01 -3.911330000000000084e-01 1.379999999999999933e-04
2.400000000000000000e+01 4.600000000000000000e+01 3.500000000000000000e+01 0.000000000000000000e+00 1.600000000000000089e+00 -6.400000000000000524e-04 -9.020000000000000240e-04 -9.999989999999999712e-01 3.928440000000000265e-01 -9.196050000000000058e-01 5.779999999999999548e-04 -9.196050000000000058e-01 -3.928440000000000265e-01 9.430000000000000448e-04
2.000000000000000000e+01 9.500000000000000000e+01 3.600000000000000000e+01 0.000000000000000000e+00 1.600000000000000089e+00 -7.027000000000000260e-03 -1.046099999999999981e-02 9.999209999999999487e-01 9.971069999999999656e-01 7.560600000000000653e-02 7.798000000000000244e-03 -7.568199999999999927e-02 9.970830000000000526e-01 9.900000000000000813e-03
2.200000000000000000e+01 9.500000000000000000e+01 3.600000000000000000e+01 0.000000000000000000e+00 1.600000000000000089e+00 -7.034999999999999587e-03 -2.049099999999999880e-02 9.997650000000000148e-01 9.970329999999999471e-01 7.649899999999999756e-02 8.583999999999999617e-03 -7.665700000000000292e-02 9.968590000000000506e-01 1.989199999999999996e-02
2.700000000000000000e+01 9.500000000000000000e+01 3.600000000000000000e+01 0.000000000000000000e+00 1.600000000000000089e+00 -3.896999999999999856e-03 1.082800000000000082e-02 9.999339999999999895e-01 9.969339999999999868e-01 7.819199999999999762e-02 3.039000000000000035e-03 -7.815400000000000125e-02 9.968799999999999883e-01 -1.109899999999999949e-02
3.000000000000000000e+01 9.500000000000000000e+01 3.600000000000000000e+01 0.000000000000000000e+00 1.600000000000000089e+00 -9.013999999999999443e-03 3.838999999999999965e-03 9.999519999999999520e-01 9.972889999999999810e-01 7.306699999999999307e-02 8.710000000000000728e-03 -7.302999999999999770e-02 9.973199999999999843e-01 -4.487999999999999802e-03
3.000000000000000000e+00 2.900000000000000000e+01 4.400000000000000000e+01 0.000000000000000000e+00 1.600000000000000089e+00 1.776000000000000018e-03 3.400999999999999943e-03 -9.999930000000000208e-01 6.536659999999999693e-01 7.567739999999999467e-01 3.735000000000000039e-03 7.567810000000000370e-01 -6.536680000000000268e-01 -8.790000000000000070e-04
8.000000000000000000e+00 2.900000000000000000e+01 4.400000000000000000e+01 0.000000000000000000e+00 1.600000000000000089e+00 5.220000000000000031e-04 -6.329999999999999906e-04 -1.000000000000000000e+00 6.596629999999999994e-01 7.515619999999999523e-01 -1.320000000000000101e-04 7.515619999999999523e-01 -6.596619999999999706e-01 8.099999999999999561e-04
1.200000000000000000e+01 2.900000000000000000e+01 4.400000000000000000e+01 0.000000000000000000e+00 1.600000000000000089e+00 -2.010000000000000068e-04 -9.810000000000001011e-04 -1.000000000000000000e+00 6.635490000000000554e-01 7.481320000000000192e-01 -8.679999999999999565e-04 7.481330000000000480e-01 -6.635490000000000554e-01 5.010000000000000347e-04
1.600000000000000000e+01 2.900000000000000000e+01 4.400000000000000000e+01 0.000000000000000000e+00 1.600000000000000089e+00 -6.340000000000000149e-04 1.467999999999999904e-03 -9.999989999999999712e-01 6.635999999999999677e-01 7.480879999999999752e-01 6.769999999999999759e-04 7.480879999999999752e-01 -6.635980000000000212e-01 -1.448999999999999984e-03
2.100000000000000000e+01 2.900000000000000000e+01 4.400000000000000000e+01 0.000000000000000000e+00 1.600000000000000089e+00 -5.609999999999999752e-04 4.022000000000000401e-03 -9.999919999999999920e-01 6.706990000000000451e-01 7.417249999999999677e-01 2.606999999999999942e-03 7.417289999999999717e-01 -6.706919999999999549e-01 -3.114000000000000015e-03
3.000000000000000000e+01 2.900000000000000000e+01 4.400000000000000000e+01 0.000000000000000000e+00 1.600000000000000089e+00 -1.025000000000000086e-03 -2.677000000000000126e-03 -9.999959999999999960e-01 6.713890000000000136e-01 7.410999999999999810e-01 -2.671999999999999896e-03 7.411050000000000137e-01 -6.713890000000000136e-01 1.038000000000000077e-03
4.000000000000000000e+00 5.000000000000000000e+00 5.100000000000000000e+01 0.000000000000000000e+00 1.600000000000000089e+00 -1.920000000000000049e-03 -6.505000000000000365e-03 -9.999770000000000048e-01 4.913120000000000265e-01 -8.709710000000000507e-01 4.722999999999999768e-03 -8.709820000000000340e-01 -4.912920000000000065e-01 4.867999999999999931e-03
1.100000000000000000e+01 5.000000000000000000e+00 5.100000000000000000e+01 0.000000000000000000e+00 1.600000000000000089e+00 -1.487999999999999956e-03 -6.250999999999999612e-03 -9.999789999999999512e-01 4.955680000000000085e-01 -8.685570000000000235e-01 4.691999999999999990e-03 -8.685680000000000067e-01 -4.955510000000000193e-01 4.389999999999999805e-03
1.500000000000000000e+01 5.000000000000000000e+00 5.100000000000000000e+01 0.000000000000000000e+00 1.600000000000000089e+00 1.596999999999999895e-03 -1.556000000000000091e-03 -9.999980000000000535e-01 4.944589999999999819e-01 -8.691980000000000262e-01 2.141999999999999807e-03 -8.691999999999999726e-01 -4.944609999999999839e-01 -6.189999999999999756e-04
1.900000000000000000e+01 5.000000000000000000e+00 5.100000000000000000e+01 0.000000000000000000e+00 1.600000000000000089e+00 -1.523000000000000048e-03 2.967000000000000019e-03 -9.999949999999999672e-01 4.959549999999999792e-01 -8.683419999999999472e-01 -3.331999999999999892e-03 -8.683469999999999800e-01 -4.959569999999999812e-01 -1.499999999999999869e-04
3.000000000000000000e+00 6.300000000000000000e+01 5.400000000000000000e+01 0.000000000000000000e+00 1.600000000000000089e+00 1.492999999999999969e-03 4.336999999999999710e-03 9.999890000000000168e-01 -3.569300000000000250e-01 9.341239999999999544e-01 -3.517999999999999860e-03 -9.341300000000000159e-01 -3.569209999999999883e-01 2.942999999999999870e-03
2.400000000000000000e+01 6.300000000000000000e+01 5.400000000000000000e+01 0.000000000000000000e+00 1.600000000000000089e+00 -7.060000000000000303e-04 -1.585000000000000037e-03 9.999989999999999712e-01 -3.542259999999999853e-01 9.351589999999999625e-01 1.232000000000000022e-03 -9.351589999999999625e-01 -3.542250000000000121e-01 -1.221999999999999996e-03
3.000000000000000000e+01 6.300000000000000000e+01 5.400000000000000000e+01 0.000000000000000000e+00 1.600000000000000089e+00 -1.463000000000000108e-03 -2.920999999999999985e-03 9.999949999999999672e-01 -3.540800000000000058e-01 9.352129999999999610e-01 2.213999999999999822e-03 -9.352139999999999898e-01 -3.540749999999999731e-01 -2.402000000000000055e-03
1.100000000000000000e+01 2.500000000000000000e+01 5.500000000000000000e+01 0.000000000000000000e+00 1.600000000000000089e+00 2.886000000000000110e-03 -8.140000000000000534e-04 -9.999949999999999672e-01 -1.430599999999999927e-02 -9.998970000000000358e-01 7.730000000000000326e-04 -9.998930000000000318e-01 1.430299999999999974e-02 -2.896999999999999836e-03
2.200000000000000000e+01 2.500000000000000000e+01 5.500000000000000000e+01 0.000000000000000000e+00 1.600000000000000089e+00 -9.399999999999999448e-05 3.370999999999999865e-03 -9.999940000000000495e-01 -1.218999999999999945e-02 -9.999200000000000310e-01 -3.370000000000000166e-03 -9.999259999999999815e-01 1.218999999999999945e-02 1.350000000000000017e-04
2.700000000000000000e+01 2.500000000000000000e+01 5.500000000000000000e+01 0.000000000000000000e+00 1.600000000000000089e+00 1.624999999999999925e-03 6.917000000000000405e-03 -9.999749999999999472e-01 -1.061699999999999970e-02 -9.999200000000000310e-01 -6.932999999999999927e-03 -9.999419999999999975e-01 1.062800000000000029e-02 -1.551999999999999994e-03
2.000000000000000000e+00 2.100000000000000000e+01 6.000000000000000000e+01 0.000000000000000000e+00 1.600000000000000089e+00 -7.778000000000000191e-03 4.523000000000000111e-03 9.999599999999999600e-01 -9.185400000000000509e-02 9.957589999999999497e-01 -5.218000000000000416e-03 -9.957420000000000160e-01 -9.189100000000000046e-02 -7.328999999999999578e-03
5.000000000000000000e+00 2.100000000000000000e+01 6.000000000000000000e+01 0.000000000000000000e+00 1.600000000000000089e+00 -5.183000000000000107e-03 6.349999999999999742e-03 9.999660000000000215e-01 -9.503200000000000536e-02 9.954509999999999748e-01 -6.813999999999999745e-03 -9.954610000000000403e-01 -9.506399999999999573e-02 -4.556000000000000154e-03
1.100000000000000000e+01 2.100000000000000000e+01 6.000000000000000000e+01 0.000000000000000000e+00 1.600000000000000089e+00 2.978000000000000178e-03 1.177000000000000095e-03 9.999949999999999672e-01 -9.692599999999999827e-02 9.952910000000000368e-01 -8.819999999999999715e-04 -9.952870000000000328e-01 -9.692299999999999527e-02 3.078000000000000007e-03
1.600000000000000000e+01 2.100000000000000000e+01 6.000000000000000000e+01 0.000000000000000000e+00 1.600000000000000089e+00 -5.063999999999999925e-03 -6.178999999999999597e-03 9.999679999999999680e-01 -9.663299999999999668e-02 9.953039999999999665e-01 5.660000000000000100e-03 -9.953070000000000528e-01 -9.660100000000000631e-02 -5.636999999999999650e-03
2.100000000000000000e+01 2.100000000000000000e+01 6.000000000000000000e+01 0.000000000000000000e+00 1.600000000000000089e+00 -9.380000000000000317e-04 -5.006000000000000033e-03 9.999869999999999592e-01 -9.676700000000000579e-02 9.952950000000000408e-01 4.891999999999999647e-03 -9.953070000000000528e-01 -9.676099999999999979e-02 -1.417999999999999990e-03
2.400000000000000000e+01 3.000000000000000000e+00 6.300000000000000000e+01 0.000000000000000000e+00 1.600000000000000089e+00 1.582000000000000073e-03 -1.830000000000000029e-04 9.999989999999999712e-01 -6.162879999999999470e-01 7.875199999999999978e-01 1.118999999999999986e-03 -7.875199999999999978e-01 -6.162889999999999757e-01 1.132999999999999893e-03
5.000000000000000000e+00 2.700000000000000000e+01 6.300000000000000000e+01 0.000000000000000000e+00 1.600000000000000089e+00 -5.271999999999999777e-03 9.690000000000000262e-04 9.999860000000000415e-01 -2.695980000000000043e-01 9.629699999999999926e-01 -2.354999999999999889e-03 -9.629579999999999806e-01 -2.696069999999999856e-01 -4.814999999999999836e-03
9.000000000000000000e+00 2.700000000000000000e+01 6.300000000000000000e+01 0.000000000000000000e+00 1.600000000000000089e+00 2.001999999999999873e-03 1.962000000000000202e-03 9.999959999999999960e-01 -2.681160000000000210e-01 9.633859999999999646e-01 -1.353000000000000036e-03 -9.633850000000000469e-01 -2.681120000000000170e-01 2.455000000000000151e-03
1.400000000000000000e+01 2.700000000000000000e+01 6.300000000000000000e+01 0.000000000000000000e+00 1.600000000000000089e+00 -3.980000000000000248e-04 6.830000000000000134e-04 1.000000000000000000e+00 -2.685460000000000069e-01 9.632659999999999556e-01 -7.649999999999999465e-04 -9.632669999999999844e-01 -2.685469999999999802e-01 -2.000000000000000096e-04
2.200000000000000000e+01 2.700000000000000000e+01 6.300000000000000000e+01 0.000000000000000000e+00 1.600000000000000089e+00 -1.812000000000000026e-03 -3.763999999999999985e-03 9.999909999999999632e-01 -2.677140000000000075e-01 9.634930000000000438e-01 3.141999999999999828e-03 -9.634970000000000478e-01 -2.677059999999999995e-01 -2.752999999999999805e-03
3.000000000000000000e+01 2.700000000000000000e+01 6.300000000000000000e+01 0.000000000000000000e+00 1.600000000000000089e+00 -5.039999999999999992e-04 -1.962999999999999901e-03 9.999980000000000535e-01 -2.682490000000000152e-01 9.633479999999999821e-01 1.755000000000000050e-03 -9.633490000000000109e-01 -2.682479999999999865e-01 -1.012000000000000096e-03
8.000000000000000000e+00 2.600000000000000000e+01 6.400000000000000000e+01 0.000000000000000000e+00 1.600000000000000089e+00 7.669999999999999951e-04 -4.800000000000000122e-05 1.000000000000000000e+00 -3.450409999999999866e-01 9.385879999999999779e-01 3.089999999999999756e-04 -9.385869999999999491e-01 -3.450409999999999866e-01 7.029999999999999574e-04
1.800000000000000000e+01 2.600000000000000000e+01 6.400000000000000000e+01 0.000000000000000000e+00 1.600000000000000089e+00 -2.013000000000000032e-03 -3.206000000000000082e-03 9.999930000000000208e-01 -3.470130000000000159e-01 9.378579999999999695e-01 2.308000000000000156e-03 -9.378579999999999695e-01 -3.470050000000000079e-01 -3.000000000000000062e-03
2.300000000000000000e+01 2.600000000000000000e+01 6.400000000000000000e+01 0.000000000000000000e+00 1.600000000000000089e+00 -1.469999999999999953e-03 -2.442000000000000160e-03 9.999959999999999960e-01 -3.492410000000000236e-01 9.370309999999999473e-01 1.775000000000000102e-03 -9.370319999999999760e-01 -3.492370000000000196e-01 -2.230000000000000211e-03
3.000000000000000000e+01 2.600000000000000000e+01 6.400000000000000000e+01 0.000000000000000000e+00 1.600000000000000089e+00 -1.049999999999999935e-03 -1.477999999999999930e-03 9.999980000000000535e-01 -3.509789999999999854e-01 9.363829999999999654e-01 1.015999999999999976e-03 -9.363829999999999654e-01 -3.509780000000000122e-01 -1.502000000000000080e-03
1.600000000000000000e+01 2.500000000000000000e+01 7.300000000000000000e+01 0.000000000000000000e+00 1.600000000000000089e+00 -2.592200000000000060e-02 -2.269699999999999843e-02 9.994060000000000166e-01 7.576990000000000114e-01 -6.525859999999999994e-01 4.832000000000000357e-03 6.520890000000000297e-01 7.573739999999999917e-01 3.411399999999999849e-02
2.400000000000000000e+01 2.500000000000000000e+01 7.300000000000000000e+01 0.000000000000000000e+00 1.600000000000000089e+00 5.019999999999999506e-04 -8.270000000000000441e-04 1.000000000000000000e+00 7.477059999999999818e-01 -6.640300000000000091e-01 -9.250000000000000409e-04 6.640300000000000091e-01 7.477059999999999818e-01 2.849999999999999886e-04
2.700000000000000000e+01 2.500000000000000000e+01 7.300000000000000000e+01 0.000000000000000000e+00 1.600000000000000089e+00 -2.673000000000000029e-03 -3.952999999999999917e-03 9.999890000000000168e-01 7.501430000000000042e-01 -6.612759999999999749e-01 -6.089999999999999494e-04 6.612700000000000244e-01 7.501330000000000497e-01 4.733000000000000228e-03
7.000000000000000000e+00 4.400000000000000000e+01 7.300000000000000000e+01 0.000000000000000000e+00 1.600000000000000089e+00 -5.079999999999999880e-04 -2.269000000000000183e-03 9.999970000000000248e-01 5.116199999999999914e-02 -9.986880000000000202e-01 -2.239999999999999804e-03 9.986899999999999666e-01 5.116099999999999814e-02 6.229999999999999644e-04
1.200000000000000000e+01 4.400000000000000000e+01 7.300000000000000000e+01 0.000000000000000000e+00 1.600000000000000089e+00 -1.379999999999999933e-03 -3.444000000000000013e-03 9.999930000000000208e-01 5.080699999999999800e-02 -9.987030000000000074e-01 -3.370000000000000166e-03 9.987080000000000402e-01 5.080199999999999994e-02 1.552999999999999910e-03
1.700000000000000000e+01 4.400000000000000000e+01 7.300000000000000000e+01 0.000000000000000000e+00 1.600000000000000089e+00 -2.262999999999999821e-03 -5.536000000000000122e-03 9.999820000000000375e-01 4.628000000000000169e-02 -9.989139999999999686e-01 -5.426000000000000267e-03 9.989259999999999806e-01 4.626600000000000157e-02 2.517000000000000140e-03
2.300000000000000000e+01 4.400000000000000000e+01 7.300000000000000000e+01 0.000000000000000000e+00 1.600000000000000089e+00 -2.550000000000000183e-03 -9.779999999999999197e-04 9.999959999999999960e-01 4.567899999999999738e-02 -9.989559999999999551e-01 -8.599999999999999789e-04 9.989529999999999799e-01 4.567600000000000132e-02 2.592000000000000120e-03
2.800000000000000000e+01 4.400000000000000000e+01 7.300000000000000000e+01 0.000000000000000000e+00 1.600000000000000089e+00 -8.350000000000000217e-04 2.660000000000000146e-04 1.000000000000000000e+00 4.445799999999999752e-02 -9.990109999999999824e-01 3.020000000000000223e-04 9.990109999999999824e-01 4.445899999999999852e-02 8.220000000000000310e-04
6.000000000000000000e+00 2.500000000000000000e+01 7.400000000000000000e+01 0.000000000000000000e+00 1.600000000000000089e+00 1.097000000000000058e-02 1.238999999999999997e-02 9.998629999999999463e-01 8.344409999999999883e-01 -5.510930000000000550e-01 -2.325999999999999943e-03 5.509889999999999510e-01 8.343519999999999825e-01 -1.638399999999999926e-02
2.600000000000000000e+01 5.100000000000000000e+01 7.600000000000000000e+01 0.000000000000000000e+00 1.600000000000000089e+00 3.024999999999999911e-03 4.559999999999999817e-03 -9.999850000000000128e-01 -4.013510000000000133e-01 -9.159080000000000554e-01 -5.390999999999999959e-03 -9.159190000000000387e-01 4.013619999999999965e-01 -9.409999999999999962e-04
4.000000000000000000e+00 9.100000000000000000e+01 7.600000000000000000e+01 0.000000000000000000e+00 1.600000000000000089e+00 -2.082000000000000083e-03 -2.495999999999999955e-03 9.999949999999999672e-01 3.142900000000000138e-01 -9.493249999999999744e-01 -1.714999999999999945e-03 9.493249999999999744e-01 3.142849999999999810e-01 2.760999999999999999e-03
1.100000000000000000e+01 9.100000000000000000e+01 7.600000000000000000e+01 0.000000000000000000e+00 1.600000000000000089e+00 -3.939999999999999817e-04 1.719000000000000042e-03 9.999980000000000535e-01 3.163159999999999861e-01 -9.486520000000000508e-01 1.755000000000000050e-03 9.486539999999999973e-01 3.163159999999999861e-01 -1.700000000000000122e-04
2.000000000000000000e+01 9.100000000000000000e+01 7.600000000000000000e+01 0.000000000000000000e+00 1.600000000000000089e+00 -1.681999999999999901e-03 -3.680000000000000003e-04 9.999980000000000535e-01 3.203019999999999756e-01 -9.473150000000000182e-01 1.900000000000000105e-04 9.473139999999999894e-01 3.203019999999999756e-01 1.711999999999999980e-03
2.400000000000000000e+01 9.100000000000000000e+01 7.600000000000000000e+01 0.000000000000000000e+00 1.600000000000000089e+00 -3.111000000000000050e-03 -8.660000000000000163e-04 9.999949999999999672e-01 3.153830000000000244e-01 -9.489640000000000297e-01 1.600000000000000131e-04 9.489589999999999970e-01 3.153819999999999957e-01 3.226000000000000135e-03
3.000000000000000000e+01 9.100000000000000000e+01 7.600000000000000000e+01 0.000000000000000000e+00 1.600000000000000089e+00 -1.760999999999999979e-03 -1.118999999999999986e-03 9.999980000000000535e-01 3.391580000000000150e-01 -9.407290000000000374e-01 -4.560000000000000251e-04 9.407280000000000086e-01 3.391569999999999863e-01 2.036000000000000049e-03
