1.000000000000000000e+00 2.500000000000000000e+01 1.000000000000000000e+00 0.000000000000000000e+00 1.600000000000000089e+00 -1.132999999999999893e-03 4.871000000000000330e-03 -9.999869999999999592e-01 -5.242700000000000138e-01 -8.515449999999999964e-01 -3.555000000000000000e-03 -8.515519999999999756e-01 5.242590000000000305e-01 3.517999999999999860e-03
5.000000000000000000e+00 2.500000000000000000e+01 1.000000000000000000e+00 0.000000000000000000e+00 1.600000000000000089e+00 -8.170000000000000179e-04 3.351999999999999945e-03 -9.999940000000000495e-01 -5.222769999999999913e-01 -8.527719999999999745e-01 -2.432000000000000134e-03 -8.527749999999999497e-01 5.222719999999999585e-01 2.448000000000000089e-03
2.000000000000000000e+00 1.500000000000000000e+01 4.000000000000000000e+00 0.000000000000000000e+00 1.600000000000000089e+00 -5.829999999999999679e-04 -2.461000000000000080e-03 9.999970000000000248e-01 3.277950000000000030e-01 -9.447459999999999747e-01 -2.134000000000000046e-03 9.447489999999999499e-01 3.277930000000000010e-01 1.356999999999999916e-03
6.000000000000000000e+00 1.500000000000000000e+01 4.000000000000000000e+00 0.000000000000000000e+00 1.600000000000000089e+00 1.099999999999999971e-05 3.409999999999999945e-04 1.000000000000000000e+00 3.271200000000000219e-01 -9.449830000000000174e-01 3.190000000000000019e-04 9.449830000000000174e-01 3.271200000000000219e-01 -1.219999999999999974e-04
1.000000000000000000e+01 1.500000000000000000e+01 4.000000000000000000e+00 0.000000000000000000e+00 1.600000000000000089e+00 -2.605000000000000111e-03 -4.906999999999999904e-03 9.999850000000000128e-01 3.251609999999999778e-01 -9.456510000000000193e-01 -3.792999999999999931e-03 9.456550000000000233e-01 3.251459999999999906e-01 4.059000000000000108e-03
1.300000000000000000e+01 1.500000000000000000e+01 4.000000000000000000e+00 0.000000000000000000e+00 1.600000000000000089e+00 -2.807000000000000033e-03 -4.161999999999999901e-03 9.999869999999999592e-01 3.233340000000000103e-01 -9.462800000000000100e-01 -3.030999999999999840e-03 9.462810000000000388e-01 3.233210000000000250e-01 4.002000000000000349e-03
2.200000000000000000e+01 1.500000000000000000e+01 4.000000000000000000e+00 0.000000000000000000e+00 1.600000000000000089e+00 -5.699999999999999772e-04 -3.618000000000000122e-03 9.999930000000000208e-01 3.239929999999999755e-01 -9.460539999999999505e-01 -3.237999999999999993e-03 9.460589999999999833e-01 3.239890000000000270e-01 1.711000000000000064e-03
2.400000000000000000e+01 1.500000000000000000e+01 4.000000000000000000e+00 0.000000000000000000e+00 1.600000000000000089e+00 1.693999999999999976e-03 3.420000000000000188e-04 9.999989999999999712e-01 3.245210000000000039e-01 -9.458779999999999966e-01 -2.259999999999999910e-04 9.458769999999999678e-01 3.245210000000000039e-01 -1.712999999999999896e-03
1.800000000000000000e+01 1.010000000000000000e+02 7.000000000000000000e+00 0.000000000000000000e+00 1.600000000000000089e+00 -3.926999999999999935e-03 -8.200000000000000095e-05 9.999919999999999920e-01 8.833229999999999693e-01 4.687520000000000020e-01 3.507999999999999834e-03 -4.687490000000000268e-01 8.833299999999999486e-01 -1.768000000000000040e-03
2.200000000000000000e+01 1.010000000000000000e+02 7.000000000000000000e+00 0.000000000000000000e+00 1.600000000000000089e+00 -4.481999999999999873e-03 -1.324799999999999936e-02 9.999019999999999575e-01 8.822830000000000394e-01 4.706089999999999995e-01 1.018999999999999941e-02 -4.706980000000000053e-01 8.822429999999999994e-01 9.579999999999999974e-03
3.000000000000000000e+00 2.500000000000000000e+01 8.000000000000000000e+00 0.000000000000000000e+00 1.600000000000000089e+00 9.680000000000000019e-04 -3.641000000000000139e-03 -9.999930000000000208e-01 4.452099999999999946e-01 8.954220000000000512e-01 -2.828999999999999918e-03 8.954260000000000552e-01 -4.452039999999999886e-01 2.488000000000000194e-03
9.000000000000000000e+00 2.500000000000000000e+01 8.000000000000000000e+00 0.000000000000000000e+00 1.600000000000000089e+00 1.226000000000000093e-03 3.586000000000000212e-03 -9.999930000000000208e-01 4.472650000000000237e-01 8.943940000000000223e-01 3.755999999999999790e-03 8.944010000000000016e-01 -4.472659999999999969e-01 -5.069999999999999637e-04
1.300000000000000000e+01 2.500000000000000000e+01 8.000000000000000000e+00 0.000000000000000000e+00 1.600000000000000089e+00 5.739999999999999660e-04 2.075000000000000022e-03 -9.999980000000000535e-01 4.480419999999999958e-01 8.940099999999999714e-01 2.112999999999999861e-03 8.940120000000000289e-01 -4.480419999999999958e-01 -4.159999999999999744e-04
2.100000000000000000e+01 2.500000000000000000e+01 8.000000000000000000e+00 0.000000000000000000e+00 1.600000000000000089e+00 1.600000000000000131e-04 -7.360000000000000223e-03 -9.999730000000000008e-01 4.483219999999999983e-01 8.938479999999999759e-01 -6.506999999999999763e-03 8.938719999999999999e-01 -4.483090000000000130e-01 3.442999999999999880e-03
2.800000000000000000e+01 2.500000000000000000e+01 8.000000000000000000e+00 0.000000000000000000e+00 1.600000000000000089e+00 7.919999999999999523e-04 4.636000000000000364e-03 -9.999890000000000168e-01 4.473520000000000274e-01 8.943470000000000031e-01 4.500999999999999793e-03 8.943579999999999863e-01 -4.473500000000000254e-01 -1.366000000000000027e-03
2.000000000000000000e+00 2.400000000000000000e+01 9.000000000000000000e+00 0.000000000000000000e+00 1.600000000000000089e+00 8.530000000000000256e-04 -2.602999999999999845e-03 -9.999959999999999960e-01 4.476029999999999731e-01 8.942299999999999693e-01 -1.944999999999999897e-03 8.942320000000000269e-01 -4.475999999999999979e-01 1.928000000000000026e-03
6.000000000000000000e+00 2.400000000000000000e+01 9.000000000000000000e+00 0.000000000000000000e+00 1.600000000000000089e+00 6.999999999999999929e-04 -2.958000000000000126e-03 -9.999949999999999672e-01 4.476760000000000184e-01 8.941930000000000156e-01 -2.331000000000000173e-03 8.941959999999999908e-01 -4.476720000000000144e-01 1.949999999999999910e-03
1.200000000000000000e+01 2.400000000000000000e+01 9.000000000000000000e+00 0.000000000000000000e+00 1.600000000000000089e+00 6.849999999999999535e-04 6.923999999999999599e-03 -9.999759999999999760e-01 4.509159999999999835e-01 8.925429999999999753e-01 6.488999999999999976e-03 8.925659999999999705e-01 -4.509090000000000042e-01 -2.511000000000000211e-03
2.000000000000000000e+01 2.400000000000000000e+01 9.000000000000000000e+00 0.000000000000000000e+00 1.600000000000000089e+00 2.369999999999999874e-04 -8.094000000000000500e-03 -9.999670000000000503e-01 4.515190000000000037e-01 8.922330000000000538e-01 -7.114999999999999797e-03 8.922609999999999708e-01 -4.515029999999999877e-01 3.866000000000000079e-03
2.700000000000000000e+01 2.400000000000000000e+01 9.000000000000000000e+00 0.000000000000000000e+00 1.600000000000000089e+00 7.190000000000000210e-04 3.778000000000000108e-03 -9.999930000000000208e-01 4.503019999999999801e-01 8.928690000000000238e-01 3.697000000000000199e-03 8.928760000000000030e-01 -4.503010000000000068e-01 -1.059000000000000045e-03
2.500000000000000000e+01 1.020000000000000000e+02 9.000000000000000000e+00 0.000000000000000000e+00 1.600000000000000089e+00 7.020000000000000415e-04 -3.570000000000000040e-04 1.000000000000000000e+00 9.198749999999999982e-01 3.922109999999999763e-01 -5.060000000000000478e-04 -3.922109999999999763e-01 9.198749999999999982e-01 6.040000000000000447e-04
1.000000000000000000e+00 1.200000000000000000e+01 1.000000000000000000e+01 0.000000000000000000e+00 1.600000000000000089e+00 -3.733000000000000207e-03 -1.165399999999999943e-02 -9.999249999999999527e-01 -5.555430000000000090e-01 -8.314049999999999496e-01 1.176299999999999915e-02 -8.314789999999999681e-01 5.555449999999999555e-01 -3.370999999999999865e-03
1.200000000000000000e+01 1.200000000000000000e+01 1.000000000000000000e+01 0.000000000000000000e+00 1.600000000000000089e+00 1.500999999999999947e-03 1.982999999999999954e-03 -9.999970000000000248e-01 -5.535470000000000113e-01 -8.328140000000000542e-01 -2.481999999999999831e-03 -8.328160000000000007e-01 5.535489999999999577e-01 -1.520000000000000084e-04
1.700000000000000000e+01 1.200000000000000000e+01 1.000000000000000000e+01 0.000000000000000000e+00 1.600000000000000089e+00 -1.828999999999999897e-03 -8.918000000000000579e-03 -9.999590000000000423e-01 -5.519100000000000117e-01 -8.338609999999999634e-01 8.446000000000000382e-03 -8.339020000000000321e-01 5.519030000000000324e-01 -3.396999999999999846e-03
2.600000000000000000e+01 1.200000000000000000e+01 1.000000000000000000e+01 0.000000000000000000e+00 1.600000000000000089e+00 3.849999999999999798e-04 6.850000000000000186e-03 -9.999759999999999760e-01 -5.504269999999999996e-01 -8.348630000000000217e-01 -5.930999999999999640e-03 -8.348839999999999595e-01 5.504160000000000164e-01 3.448999999999999809e-03
1.700000000000000000e+01 3.100000000000000000e+01 1.200000000000000000e+01 0.000000000000000000e+00 1.600000000000000089e+00 5.330000000000000536e-04 2.180000000000000134e-04 1.000000000000000000e+00 3.625999999999999883e-03 9.999930000000000208e-01 -2.200000000000000078e-04 -9.999930000000000208e-01 3.625999999999999883e-03 5.320000000000000293e-04
9.000000000000000000e+00 3.200000000000000000e+01 1.400000000000000000e+01 0.000000000000000000e+00 1.600000000000000089e+00 2.833000000000000015e-03 -5.140000000000000254e-04 -9.999959999999999960e-01 9.648199999999999832e-02 9.953349999999999698e-01 -2.380000000000000117e-04 9.953309999999999658e-01 -9.648099999999999732e-02 2.870000000000000155e-03
1.500000000000000000e+01 3.200000000000000000e+01 1.400000000000000000e+01 0.000000000000000000e+00 1.600000000000000089e+00 2.311000000000000120e-03 6.499999999999999431e-05 -9.999970000000000248e-01 9.928499999999999825e-02 9.950590000000000268e-01 2.939999999999999905e-04 9.950560000000000516e-01 -9.928499999999999825e-02 2.292999999999999899e-03
2.000000000000000000e+01 1.160000000000000000e+02 1.600000000000000000e+01 0.000000000000000000e+00 1.600000000000000089e+00 -7.829999999999999504e-04 -6.000000000000000152e-06 1.000000000000000000e+00 6.557640000000000136e-01 7.549660000000000259e-01 5.180000000000000143e-04 -7.549660000000000259e-01 6.557640000000000136e-01 -5.869999999999999567e-04
3.000000000000000000e+00 2.000000000000000000e+00 1.900000000000000000e+01 0.000000000000000000e+00 1.600000000000000089e+00 -2.849999999999999886e-04 -5.147999999999999798e-03 -9.999869999999999592e-01 1.916720000000000090e-01 -9.814460000000000406e-01 4.997999999999999839e-03 -9.814589999999999703e-01 -1.916680000000000050e-01 1.265999999999999981e-03
7.000000000000000000e+00 2.000000000000000000e+00 1.900000000000000000e+01 0.000000000000000000e+00 1.600000000000000089e+00 6.459999999999999814e-04 -1.606000000000000006e-03 -9.999989999999999712e-01 1.886960000000000026e-01 -9.820339999999999625e-01 1.698999999999999989e-03 -9.820349999999999913e-01 -1.886970000000000036e-01 -3.319999999999999926e-04
1.100000000000000000e+01 2.000000000000000000e+00 1.900000000000000000e+01 0.000000000000000000e+00 1.600000000000000089e+00 -4.070000000000000267e-04 1.817999999999999955e-03 -9.999980000000000535e-01 1.887830000000000064e-01 -9.820170000000000288e-01 -1.861999999999999940e-03 -9.820189999999999753e-01 -1.887830000000000064e-01 5.700000000000000314e-05
1.900000000000000000e+01 2.000000000000000000e+00 1.900000000000000000e+01 0.000000000000000000e+00 1.600000000000000089e+00 -6.948000000000000183e-03 -1.425700000000000058e-02 -9.998740000000000405e-01 1.847880000000000078e-01 -9.826960000000000139e-01 1.272799999999999973e-02 -9.827540000000000164e-01 -1.846760000000000068e-01 9.461999999999999925e-03
2.600000000000000000e+01 2.000000000000000000e+00 1.900000000000000000e+01 0.000000000000000000e+00 1.600000000000000089e+00 5.410000000000000312e-04 -1.466699999999999948e-02 -9.998920000000000030e-01 1.825789999999999913e-01 -9.830839999999999579e-01 1.451900000000000066e-02 -9.831910000000000371e-01 -1.825680000000000081e-01 2.145999999999999904e-03
3.000000000000000000e+00 4.000000000000000000e+00 2.000000000000000000e+01 0.000000000000000000e+00 1.600000000000000089e+00 -4.249999999999999763e-04 -4.269000000000000225e-03 -9.999909999999999632e-01 2.868859999999999744e-01 -9.579569999999999474e-01 3.968000000000000173e-03 -9.579649999999999554e-01 -2.868809999999999971e-01 1.631999999999999987e-03
1.600000000000000000e+01 4.000000000000000000e+00 2.000000000000000000e+01 0.000000000000000000e+00 1.600000000000000089e+00 -5.054999999999999598e-03 -4.521999999999999978e-03 -9.999770000000000048e-01 2.778379999999999739e-01 -9.606230000000000047e-01 2.939999999999999905e-03 -9.606149999999999967e-01 -2.778169999999999806e-01 6.112000000000000245e-03
3.000000000000000000e+00 1.300000000000000000e+01 2.000000000000000000e+01 0.000000000000000000e+00 1.600000000000000089e+00 7.600000000000000418e-05 -2.687999999999999851e-03 9.999959999999999960e-01 2.568059999999999787e-01 9.664589999999999570e-01 2.577999999999999996e-03 -9.664629999999999610e-01 2.568050000000000055e-01 7.640000000000000306e-04
8.000000000000000000e+00 1.300000000000000000e+01 2.000000000000000000e+01 0.000000000000000000e+00 1.600000000000000089e+00 6.669999999999999497e-04 -1.969999999999999909e-04 1.000000000000000000e+00 2.561669999999999781e-01 9.666329999999999645e-01 1.900000000000000105e-05 -9.666320000000000467e-01 2.561669999999999781e-01 6.949999999999999798e-04
1.100000000000000000e+01 1.300000000000000000e+01 2.000000000000000000e+01 0.000000000000000000e+00 1.600000000000000089e+00 6.099999999999999737e-04 -8.580000000000000387e-04 9.999989999999999712e-01 2.549779999999999824e-01 9.669470000000000010e-01 6.740000000000000114e-04 -9.669470000000000010e-01 2.549770000000000092e-01 8.090000000000000403e-04
1.500000000000000000e+01 1.300000000000000000e+01 2.000000000000000000e+01 0.000000000000000000e+00 1.600000000000000089e+00 -1.562000000000000020e-03 2.394999999999999993e-03 9.999959999999999960e-01 2.527190000000000270e-01 9.675380000000000091e-01 -1.922000000000000097e-03 -9.675390000000000379e-01 2.527150000000000230e-01 -2.115999999999999825e-03
2.300000000000000000e+01 1.300000000000000000e+01 2.000000000000000000e+01 0.000000000000000000e+00 1.600000000000000089e+00 -2.766999999999999928e-03 -7.461999999999999883e-03 9.999679999999999680e-01 2.552039999999999864e-01 9.668550000000000200e-01 7.920999999999999222e-03 -9.668830000000000480e-01 2.552180000000000004e-01 -7.709999999999999840e-04
2.900000000000000000e+01 1.300000000000000000e+01 2.000000000000000000e+01 0.000000000000000000e+00 1.600000000000000089e+00 6.380000000000000037e-04 -9.079999999999999530e-04 9.999989999999999712e-01 2.562369999999999925e-01 9.666139999999999732e-01 7.150000000000000322e-04 -9.666139999999999732e-01 2.562360000000000193e-01 8.490000000000000368e-04
2.900000000000000000e+01 1.600000000000000000e+01 2.100000000000000000e+01 0.000000000000000000e+00 1.600000000000000089e+00 5.360000000000000181e-04 -1.121999999999999950e-03 9.999989999999999712e-01 3.013810000000000100e-01 9.535029999999999895e-01 9.079999999999999530e-04 -9.535040000000000182e-01 3.013799999999999812e-01 8.490000000000000368e-04
3.000000000000000000e+00 3.000000000000000000e+00 2.500000000000000000e+01 0.000000000000000000e+00 1.600000000000000089e+00 1.550000000000000000e-04 -2.290000000000000098e-04 1.000000000000000000e+00 -8.086599999999999344e-02 -9.967249999999999721e-01 -2.159999999999999919e-04 9.967249999999999721e-01 -8.086599999999999344e-02 -1.730000000000000038e-04
1.100000000000000000e+01 3.000000000000000000e+00 2.500000000000000000e+01 0.000000000000000000e+00 1.600000000000000089e+00 5.569999999999999864e-04 -5.810000000000000277e-04 1.000000000000000000e+00 -7.522299999999999820e-02 -9.971670000000000256e-01 -5.379999999999999583e-04 9.971670000000000256e-01 -7.522299999999999820e-02 -5.990000000000000316e-04
1.700000000000000000e+01 3.000000000000000000e+00 2.500000000000000000e+01 0.000000000000000000e+00 1.600000000000000089e+00 -2.435000000000000098e-03 -9.726999999999999535e-03 9.999500000000000055e-01 -7.056300000000000072e-02 -9.974579999999999558e-01 -9.874000000000000832e-03 9.975039999999999463e-01 -7.058300000000000685e-02 1.742000000000000059e-03
2.700000000000000000e+01 3.000000000000000000e+00 2.500000000000000000e+01 0.000000000000000000e+00 1.600000000000000089e+00 6.430000000000000169e-04 -1.310200000000000080e-02 9.999139999999999695e-01 -6.493200000000000360e-02 -9.978050000000000530e-01 -1.303299999999999945e-02 9.978900000000000547e-01 -6.491800000000000348e-02 -1.492999999999999969e-03
1.000000000000000000e+01 4.600000000000000000e+01 2.700000000000000000e+01 0.000000000000000000e+00 1.600000000000000089e+00 -2.199999999999999943e-05 4.960000000000000216e-04 -1.000000000000000000e+00 6.717290000000000205e-01 7.407970000000000388e-01 3.530000000000000152e-04 7.407970000000000388e-01 -6.717290000000000205e-01 -3.490000000000000263e-04
1.700000000000000000e+01 4.600000000000000000e+01 2.700000000000000000e+01 0.000000000000000000e+00 1.600000000000000089e+00 -1.330999999999999935e-03 3.209999999999999963e-04 -9.999989999999999712e-01 6.719760000000000177e-01 7.405730000000000368e-01 -6.570000000000000319e-04 7.405720000000000081e-01 -6.719760000000000177e-01 -1.201999999999999943e-03
2.300000000000000000e+01 4.600000000000000000e+01 2.700000000000000000e+01 0.000000000000000000e+00 1.600000000000000089e+00 -2.779999999999999811e-04 -1.111999999999999924e-03 -9.999989999999999712e-01 6.718330000000000135e-01 7.407019999999999715e-01 -1.010000000000000047e-03 7.407030000000000003e-01 -6.718330000000000135e-01 5.410000000000000312e-04
1.300000000000000000e+01 4.600000000000000000e+01 3.000000000000000000e+01 0.000000000000000000e+00 1.600000000000000089e+00 1.057999999999999913e-03 -3.589999999999999984e-04 -9.999989999999999712e-01 3.300919999999999965e-01 9.439490000000000380e-01 1.099999999999999971e-05 9.439480000000000093e-01 -3.300910000000000233e-01 1.116999999999999937e-03
4.000000000000000000e+00 5.800000000000000000e+01 3.100000000000000000e+01 0.000000000000000000e+00 1.600000000000000089e+00 2.979999999999999793e-04 -6.269999999999999532e-04 1.000000000000000000e+00 -8.043540000000000134e-01 -5.941499999999999559e-01 -1.330000000000000073e-04 5.941499999999999559e-01 -8.043540000000000134e-01 -6.809999999999999647e-04
9.000000000000000000e+00 5.800000000000000000e+01 3.100000000000000000e+01 0.000000000000000000e+00 1.600000000000000089e+00 4.140999999999999716e-03 2.749999999999999840e-03 9.999879999999999880e-01 -8.001310000000000366e-01 -5.998040000000000038e-01 4.963000000000000397e-03 5.998109999999999831e-01 -8.001420000000000199e-01 -2.840000000000000185e-04
1.300000000000000000e+01 5.800000000000000000e+01 3.100000000000000000e+01 0.000000000000000000e+00 1.600000000000000089e+00 4.600000000000000004e-05 2.390000000000000089e-04 1.000000000000000000e+00 -7.965069999999999650e-01 -6.046289999999999720e-01 1.810000000000000085e-04 6.046289999999999720e-01 -7.965069999999999650e-01 1.630000000000000047e-04
1.700000000000000000e+01 5.800000000000000000e+01 3.100000000000000000e+01 0.000000000000000000e+00 1.600000000000000089e+00 -2.132999999999999913e-03 -4.847999999999999879e-03 9.999860000000000415e-01 -7.960970000000000546e-01 -6.051509999999999945e-01 -4.631999999999999833e-03 6.051649999999999530e-01 -7.960960000000000258e-01 -2.569000000000000103e-03
2.000000000000000000e+01 5.800000000000000000e+01 3.100000000000000000e+01 0.000000000000000000e+00 1.600000000000000089e+00 -3.795999999999999895e-03 -4.531000000000000305e-03 9.999829999999999552e-01 -7.968330000000000135e-01 -6.041720000000000423e-01 -5.761999999999999761e-03 6.041879999999999473e-01 -7.968410000000000215e-01 -1.317000000000000028e-03
2.500000000000000000e+01 5.800000000000000000e+01 3.100000000000000000e+01 0.000000000000000000e+00 1.600000000000000089e+00 -5.236000000000000203e-03 -2.428000000000000037e-03 9.999829999999999552e-01 -8.001869999999999816e-01 -5.997230000000000061e-01 -5.645999999999999977e-03 5.997270000000000101e-01 -8.002040000000000264e-01 1.198000000000000063e-03
1.000000000000000000e+00 2.200000000000000000e+01 3.400000000000000000e+01 0.000000000000000000e+00 1.600000000000000089e+00 -2.928000000000000047e-03 3.945999999999999855e-03 9.999879999999999880e-01 3.775959999999999872e-01 -9.259579999999999478e-01 4.760000000000000342e-03 9.259659999999999558e-01 3.776050000000000240e-01 1.221000000000000080e-03
6.000000000000000000e+00 2.300000000000000000e+01 3.400000000000000000e+01 0.000000000000000000e+00 1.600000000000000089e+00 -1.523000000000000048e-03 -1.616000000000000032e-03 9.999970000000000248e-01 4.006879999999999886e-01 -9.162139999999999729e-01 -8.710000000000000294e-04 9.162130000000000551e-01 4.006859999999999866e-01 2.043000000000000111e-03
8.000000000000000000e+00 2.300000000000000000e+01 3.400000000000000000e+01 0.000000000000000000e+00 1.600000000000000089e+00 -3.820000000000000153e-04 -5.309999999999999616e-03 9.999860000000000415e-01 3.996609999999999885e-01 -9.166509999999999936e-01 -4.714999999999999573e-03 9.166630000000000056e-01 3.996529999999999805e-01 2.471999999999999805e-03
1.500000000000000000e+01 2.300000000000000000e+01 3.400000000000000000e+01 0.000000000000000000e+00 1.600000000000000089e+00 1.502999999999999996e-03 2.874999999999999951e-03 9.999949999999999672e-01 4.081299999999999928e-01 -9.129209999999999825e-01 2.011000000000000201e-03 9.129230000000000400e-01 4.081250000000000155e-01 -2.546000000000000086e-03
6.000000000000000000e+00 4.600000000000000000e+01 3.500000000000000000e+01 0.000000000000000000e+00 1.600000000000000089e+00 1.910000000000000077e-04 -1.090000000000000067e-04 -1.000000000000000000e+00 3.922640000000000016e-01 -9.198530000000000317e-01 1.749999999999999982e-04 -9.198530000000000317e-01 -3.922640000000000016e-01 -1.330000000000000073e-04
1.000000000000000000e+01 4.600000000000000000e+01 3.500000000000000000e+01 0.000000000000000000e+00 1.600000000000000089e+00 -7.569999999999999689e-04 -8.620000000000000275e-04 -9.999989999999999712e-01 3.917129999999999779e-01 -9.200869999999999882e-01 4.970000000000000459e-04 -9.200869999999999882e-01 -3.917120000000000046e-01 1.033999999999999980e-03
1.700000000000000000e+01 4.600000000000000000e+01 3.500000000000000000e+01 0.000000000000000000e+00 1.600000000000000089e+00 -3.710000000000000190e-04 3.569000000000000124e-03 -9.999940000000000495e-01 3.942689999999999806e-01 -9.189889999999999448e-01 -3.425999999999999792e-03 -9.189950000000000063e-01 -3.942680000000000073e-01 -1.066000000000000107e-03
2.200000000000000000e+01 4.600000000000000000e+01 3.500000000000000000e+01 0.000000000000000000e+00 1.600000000000000089e+00 1.546000000000000065e-03 4.998999999999999971e-03 -9.999860000000000415e-01 3.957350000000000034e-01 -9.183559999999999501e-01 -3.980000000000000031e-03 -9.183630000000000404e-01 -3.957240000000000202e-01 -3.397999999999999979e-03
2.900000000000000000e+01 4.600000000000000000e+01 3.500000000000000000e+01 0.000000000000000000e+00 1.600000000000000089e+00 -3.697000000000000199e-03 2.798999999999999839e-03 -9.999890000000000168e-01 3.947289999999999965e-01 -9.187889999999999668e-01 -4.030999999999999861e-03 -9.187899999999999956e-01 -3.947399999999999798e-01 2.292000000000000200e-03
4.000000000000000000e+00 9.500000000000000000e+01 3.600000000000000000e+01 0.000000000000000000e+00 1.600000000000000089e+00 -7.692000000000000053e-03 1.017599999999999928e-02 9.999190000000000023e-01 9.974469999999999725e-01 7.106700000000000517e-02 6.949999999999999581e-03 -7.099099999999999855e-02 9.974199999999999733e-01 -1.069699999999999991e-02
9.000000000000000000e+00 9.500000000000000000e+01 3.600000000000000000e+01 0.000000000000000000e+00 1.600000000000000089e+00 -7.283999999999999676e-03 -9.043000000000000690e-03 9.999329999999999607e-01 9.975629999999999775e-01 6.932399999999999674e-02 7.893000000000000710e-03 -6.939099999999999435e-02 9.975530000000000230e-01 8.515999999999999265e-03
1.500000000000000000e+01 9.500000000000000000e+01 3.600000000000000000e+01 0.000000000000000000e+00 1.600000000000000089e+00 -1.350799999999999917e-02 -6.596000000000000300e-03 9.998869999999999703e-01 9.980970000000000120e-01 6.007900000000000046e-02 1.387999999999999998e-02 -6.016400000000000220e-02 9.981719999999999482e-01 5.772000000000000221e-03
2.100000000000000000e+01 9.500000000000000000e+01 3.600000000000000000e+01 0.000000000000000000e+00 1.600000000000000089e+00 8.267000000000000043e-03 2.033599999999999991e-02 9.997589999999999533e-01 9.983699999999999797e-01 5.629900000000000182e-02 -9.400000000000000369e-03 -5.647699999999999942e-02 9.982069999999999554e-01 -1.983800000000000147e-02
2.700000000000000000e+01 9.500000000000000000e+01 3.600000000000000000e+01 0.000000000000000000e+00 1.600000000000000089e+00 7.204999999999999599e-03 1.185800000000000048e-02 9.999040000000000150e-01 9.981560000000000432e-01 6.018699999999999745e-02 -7.905999999999999833e-03 -6.027500000000000219e-02 9.981170000000000320e-01 -1.140299999999999994e-02
3.000000000000000000e+00 2.900000000000000000e+01 4.400000000000000000e+01 0.000000000000000000e+00 1.600000000000000089e+00 9.799999999999999684e-05 -3.660000000000000059e-04 -1.000000000000000000e+00 6.694759999999999600e-01 7.428329999999999655e-01 -2.059999999999999928e-04 7.428329999999999655e-01 -6.694759999999999600e-01 3.179999999999999776e-04
7.000000000000000000e+00 2.900000000000000000e+01 4.400000000000000000e+01 0.000000000000000000e+00 1.600000000000000089e+00 2.677000000000000126e-03 3.217999999999999940e-03 -9.999909999999999632e-01 6.693639999999999590e-01 7.429230000000000000e-01 4.183000000000000086e-03 7.429299999999999793e-01 -6.693700000000000205e-01 -1.649999999999999991e-04
1.700000000000000000e+01 2.900000000000000000e+01 4.400000000000000000e+01 0.000000000000000000e+00 1.600000000000000089e+00 -9.009999999999999997e-04 -5.360000000000000181e-04 -9.999989999999999712e-01 6.576570000000000471e-01 7.533170000000000144e-01 -9.959999999999999236e-04 7.533170000000000144e-01 -6.576579999999999648e-01 -3.260000000000000094e-04
2.100000000000000000e+01 2.900000000000000000e+01 4.400000000000000000e+01 0.000000000000000000e+00 1.600000000000000089e+00 -1.779999999999999898e-04 2.987000000000000072e-03 -9.999959999999999960e-01 6.530510000000000481e-01 7.573109999999999564e-01 2.145999999999999904e-03 7.573140000000000427e-01 -6.530479999999999619e-01 -2.086000000000000180e-03
2.400000000000000000e+01 2.900000000000000000e+01 4.400000000000000000e+01 0.000000000000000000e+00 1.600000000000000089e+00 -1.727999999999999935e-03 2.829999999999999942e-04 -9.999980000000000535e-01 6.551479999999999526e-01 7.554999999999999494e-01 -9.179999999999999792e-04 7.554990000000000316e-01 -6.551489999999999814e-01 -1.490999999999999921e-03
2.800000000000000000e+01 2.900000000000000000e+01 4.400000000000000000e+01 0.000000000000000000e+00 1.600000000000000089e+00 -3.606999999999999963e-03 -2.729999999999999788e-03 -9.999900000000000455e-01 6.585689999999999600e-01 7.525070000000000370e-01 -4.429999999999999910e-03 7.525119999999999587e-01 -6.585779999999999967e-01 -9.169999999999999549e-04
2.700000000000000000e+01 7.000000000000000000e+01 4.700000000000000000e+01 0.000000000000000000e+00 1.600000000000000089e+00 1.691000000000000012e-03 -5.140000000000000254e-04 -9.999980000000000535e-01 -8.449410000000000531e-01 -5.348579999999999446e-01 -1.154000000000000078e-03 -5.348570000000000269e-01 8.449419999999999709e-01 -1.338999999999999913e-03
5.000000000000000000e+00 5.000000000000000000e+00 5.100000000000000000e+01 0.000000000000000000e+00 1.600000000000000089e+00 3.180000000000000101e-03 4.929999999999999487e-04 -9.999949999999999672e-01 4.889169999999999905e-01 -8.723300000000000498e-01 1.123999999999999999e-03 -8.723250000000000171e-01 -4.889180000000000192e-01 -3.014999999999999885e-03
9.000000000000000000e+00 5.000000000000000000e+00 5.100000000000000000e+01 0.000000000000000000e+00 1.600000000000000089e+00 9.529999999999999626e-04 -8.644999999999999907e-03 -9.999620000000000175e-01 4.884560000000000013e-01 -8.725519999999999943e-01 8.009000000000000494e-03 -8.725880000000000303e-01 -4.884450000000000180e-01 3.390999999999999917e-03
1.200000000000000000e+01 5.000000000000000000e+00 5.100000000000000000e+01 0.000000000000000000e+00 1.600000000000000089e+00 1.570999999999999914e-03 -5.510000000000000141e-03 -9.999839999999999840e-01 4.873319999999999874e-01 -8.731989999999999474e-01 5.577000000000000360e-03 -8.732159999999999922e-01 -4.873319999999999874e-01 1.314000000000000064e-03
1.600000000000000000e+01 5.000000000000000000e+00 5.100000000000000000e+01 0.000000000000000000e+00 1.600000000000000089e+00 8.239999999999999712e-04 -3.867000000000000211e-03 -9.999919999999999920e-01 4.820949999999999958e-01 -8.761109999999999731e-01 3.785999999999999869e-03 -8.761189999999999811e-01 -4.820940000000000225e-01 1.142000000000000003e-03
2.200000000000000000e+01 5.000000000000000000e+00 5.100000000000000000e+01 0.000000000000000000e+00 1.600000000000000089e+00 -4.693000000000000123e-03 -1.483800000000000049e-02 -9.998789999999999623e-01 4.847049999999999970e-01 -8.746119999999999450e-01 1.070399999999999997e-02 -8.746650000000000258e-01 -4.845960000000000267e-01 1.129600000000000048e-02
2.500000000000000000e+01 6.000000000000000000e+00 5.100000000000000000e+01 0.000000000000000000e+00 1.600000000000000089e+00 -4.088999999999999753e-03 -1.597900000000000015e-02 -9.998639999999999750e-01 3.164379999999999971e-01 -9.485120000000000218e-01 1.386399999999999959e-02 -9.486040000000000028e-01 -3.163389999999999813e-01 8.935000000000000234e-03
2.900000000000000000e+01 6.000000000000000000e+00 5.100000000000000000e+01 0.000000000000000000e+00 1.600000000000000089e+00 -4.167999999999999830e-03 -1.464599999999999930e-02 -9.998839999999999950e-01 3.122440000000000215e-01 -9.499180000000000401e-01 1.261299999999999921e-02 -9.499929999999999763e-01 -3.121550000000000158e-01 8.531999999999999654e-03
3.000000000000000000e+00 6.300000000000000000e+01 5.400000000000000000e+01 0.000000000000000000e+00 1.600000000000000089e+00 -1.111000000000000008e-03 -1.366000000000000027e-03 9.999989999999999712e-01 -3.536579999999999724e-01 9.353740000000000387e-01 8.840000000000000201e-04 -9.353740000000000387e-01 -3.536560000000000259e-01 -1.523000000000000048e-03
7.000000000000000000e+00 6.300000000000000000e+01 5.400000000000000000e+01 0.000000000000000000e+00 1.600000000000000089e+00 1.268999999999999946e-03 3.641999999999999838e-03 9.999930000000000208e-01 -3.493350000000000066e-01 9.369929999999999648e-01 -2.969999999999999984e-03 -9.369969999999999688e-01 -3.493280000000000274e-01 2.461000000000000080e-03
1.100000000000000000e+01 6.300000000000000000e+01 5.400000000000000000e+01 0.000000000000000000e+00 1.600000000000000089e+00 2.030000000000000012e-04 1.226000000000000093e-03 9.999989999999999712e-01 -3.530249999999999777e-01 9.356130000000000280e-01 -1.075000000000000001e-03 -9.356139999999999457e-01 -3.530240000000000045e-01 6.229999999999999644e-04
1.400000000000000000e+01 6.300000000000000000e+01 5.400000000000000000e+01 0.000000000000000000e+00 1.600000000000000089e+00 -4.389999999999999914e-04 -2.129999999999999949e-03 9.999980000000000535e-01 -3.536380000000000079e-01 9.353799999999999892e-01 1.837000000000000091e-03 -9.353820000000000467e-01 -3.536369999999999791e-01 -1.164000000000000104e-03
1.900000000000000000e+01 6.300000000000000000e+01 5.400000000000000000e+01 0.000000000000000000e+00 1.600000000000000089e+00 -1.075000000000000001e-03 2.109000000000000197e-03 9.999970000000000248e-01 -3.515789999999999749e-01 9.361549999999999594e-01 -2.351999999999999924e-03 -9.361580000000000457e-01 -3.515809999999999769e-01 -2.649999999999999903e-04
9.000000000000000000e+00 2.500000000000000000e+01 5.500000000000000000e+01 0.000000000000000000e+00 1.600000000000000089e+00 -6.049999999999999606e-04 1.879999999999999890e-04 -1.000000000000000000e+00 -1.219600000000000024e-02 -9.999259999999999815e-01 -1.810000000000000085e-04 -9.999249999999999527e-01 1.219600000000000024e-02 6.070000000000000092e-04
2.900000000000000000e+01 2.000000000000000000e+01 6.000000000000000000e+01 0.000000000000000000e+00 1.600000000000000089e+00 5.099999999999999960e-05 -1.255200000000000066e-02 9.999209999999999487e-01 -6.232900000000000246e-02 9.979770000000000030e-01 1.253100000000000047e-02 -9.980560000000000542e-01 -6.232499999999999846e-02 -7.320000000000000118e-04
1.900000000000000000e+01 2.100000000000000000e+01 6.000000000000000000e+01 0.000000000000000000e+00 1.600000000000000089e+00 -5.789999999999999791e-04 -4.506999999999999722e-03 9.999900000000000455e-01 -9.913199999999999790e-02 9.950639999999999485e-01 4.427999999999999645e-03 -9.950740000000000141e-01 -9.912899999999999490e-02 -1.023000000000000038e-03
2.500000000000000000e+01 2.100000000000000000e+01 6.000000000000000000e+01 0.000000000000000000e+00 1.600000000000000089e+00 -8.570000000000000144e-04 -7.648000000000000284e-03 9.999700000000000255e-01 -9.750999999999999945e-02 9.952060000000000350e-01 7.527999999999999969e-03 -9.952339999999999520e-01 -9.750000000000000333e-02 -1.598999999999999944e-03
3.000000000000000000e+01 2.100000000000000000e+01 6.000000000000000000e+01 0.000000000000000000e+00 1.600000000000000089e+00 7.879999999999999635e-04 -1.305399999999999963e-02 9.999149999999999983e-01 -9.645700000000000107e-02 9.952509999999999968e-01 1.306900000000000076e-02 -9.953370000000000273e-01 -9.645900000000000307e-02 -4.749999999999999990e-04
4.000000000000000000e+00 2.700000000000000000e+01 6.300000000000000000e+01 0.000000000000000000e+00 1.600000000000000089e+00 2.419000000000000143e-03 1.010000000000000020e-04 9.999970000000000248e-01 -2.674599999999999755e-01 9.635690000000000088e-01 5.500000000000000331e-04 -9.635660000000000336e-01 -2.674610000000000043e-01 2.357999999999999853e-03
8.000000000000000000e+00 2.700000000000000000e+01 6.300000000000000000e+01 0.000000000000000000e+00 1.600000000000000089e+00 2.528999999999999998e-03 4.749999999999999990e-04 9.999970000000000248e-01 -2.683470000000000022e-01 9.633220000000000116e-01 2.210000000000000050e-04 -9.633190000000000364e-01 -2.683470000000000022e-01 2.563000000000000174e-03
1.300000000000000000e+01 2.700000000000000000e+01 6.300000000000000000e+01 0.000000000000000000e+00 1.600000000000000089e+00 -1.994000000000000113e-03 7.807999999999999836e-03 9.999679999999999680e-01 -2.701609999999999845e-01 9.627809999999999979e-01 -8.056999999999999926e-03 -9.628130000000000299e-01 -2.701689999999999925e-01 1.900000000000000105e-04
1.800000000000000000e+01 2.700000000000000000e+01 6.300000000000000000e+01 0.000000000000000000e+00 1.600000000000000089e+00 5.209999999999999788e-04 -9.820000000000000170e-04 9.999989999999999712e-01 -2.741709999999999980e-01 9.616799999999999793e-01 1.087000000000000076e-03 -9.616810000000000080e-01 -2.741709999999999980e-01 2.320000000000000014e-04
2.300000000000000000e+01 2.700000000000000000e+01 6.300000000000000000e+01 0.000000000000000000e+00 1.600000000000000089e+00 -3.390999999999999917e-03 -4.281000000000000083e-03 9.999850000000000128e-01 -2.739869999999999806e-01 9.617280000000000273e-01 3.188999999999999994e-03 -9.617269999999999985e-01 -2.739719999999999933e-01 -4.433999999999999574e-03
4.000000000000000000e+00 2.600000000000000000e+01 6.400000000000000000e+01 0.000000000000000000e+00 1.600000000000000089e+00 2.115000000000000126e-03 1.077999999999999965e-03 9.999970000000000248e-01 -3.493829999999999991e-01 9.369800000000000351e-01 -2.709999999999999735e-04 -9.369779999999999776e-01 -3.493820000000000259e-01 2.358999999999999986e-03
9.000000000000000000e+00 2.600000000000000000e+01 6.400000000000000000e+01 0.000000000000000000e+00 1.600000000000000089e+00 1.582999999999999989e-03 1.348000000000000023e-03 9.999980000000000535e-01 -3.493479999999999919e-01 9.369929999999999648e-01 -7.100000000000000191e-04 -9.369920000000000471e-01 -3.493459999999999899e-01 1.954000000000000008e-03
1.200000000000000000e+01 2.600000000000000000e+01 6.400000000000000000e+01 0.000000000000000000e+00 1.600000000000000089e+00 -1.562999999999999936e-03 5.915000000000000119e-03 9.999810000000000088e-01 -3.520820000000000061e-01 9.359490000000000309e-01 -6.087000000000000396e-03 -9.359680000000000222e-01 -3.520849999999999813e-01 6.199999999999999999e-04
1.700000000000000000e+01 2.600000000000000000e+01 6.400000000000000000e+01 0.000000000000000000e+00 1.600000000000000089e+00 5.039999999999999992e-04 2.624000000000000030e-03 9.999959999999999960e-01 -3.573979999999999935e-01 9.339490000000000292e-01 -2.271000000000000015e-03 -9.339520000000000044e-01 -3.573959999999999915e-01 1.407999999999999963e-03
2.200000000000000000e+01 2.600000000000000000e+01 6.400000000000000000e+01 0.000000000000000000e+00 1.600000000000000089e+00 -2.105999999999999799e-03 -2.956999999999999993e-03 9.999930000000000208e-01 -3.554919999999999747e-01 9.346769999999999801e-01 2.014999999999999864e-03 -9.346769999999999801e-01 -3.554849999999999954e-01 -3.018999999999999982e-03
1.000000000000000000e+00 6.900000000000000000e+01 6.600000000000000000e+01 0.000000000000000000e+00 1.600000000000000089e+00 -6.251999999999999745e-03 6.897999999999999618e-03 9.999569999999999848e-01 -9.518649999999999611e-01 3.064120000000000177e-01 -8.064999999999999253e-03 -3.064540000000000042e-01 -9.518739999999999979e-01 4.649999999999999620e-03
1.000000000000000000e+00 2.500000000000000000e+01 7.300000000000000000e+01 0.000000000000000000e+00 1.600000000000000089e+00 -3.968000000000000173e-03 -1.115799999999999952e-02 9.999299999999999855e-01 7.496890000000000498e-01 -6.617760000000000309e-01 -4.408999999999999725e-03 6.617779999999999774e-01 7.496190000000000353e-01 1.099100000000000077e-02
6.000000000000000000e+00 2.500000000000000000e+01 7.300000000000000000e+01 0.000000000000000000e+00 1.600000000000000089e+00 9.520000000000000467e-04 -1.720000000000000066e-04 1.000000000000000000e+00 7.425169999999999826e-01 -6.698269999999999502e-01 -8.220000000000000310e-04 6.698269999999999502e-01 7.425169999999999826e-01 -5.100000000000000366e-04
1.300000000000000000e+01 2.500000000000000000e+01 7.300000000000000000e+01 0.000000000000000000e+00 1.600000000000000089e+00 -1.294000000000000011e-03 5.339999999999999695e-04 9.999989999999999712e-01 7.438730000000000064e-01 -6.683200000000000252e-01 1.319999999999999993e-03 6.683200000000000252e-01 7.438740000000000352e-01 4.679999999999999915e-04
1.900000000000000000e+01 2.500000000000000000e+01 7.300000000000000000e+01 0.000000000000000000e+00 1.600000000000000089e+00 9.009999999999999997e-04 1.704000000000000003e-03 9.999980000000000535e-01 7.456850000000000422e-01 -6.662989999999999746e-01 4.640000000000000027e-04 6.662979999999999459e-01 7.456829999999999847e-01 -1.871000000000000050e-03
2.400000000000000000e+01 2.500000000000000000e+01 7.300000000000000000e+01 0.000000000000000000e+00 1.600000000000000089e+00 1.259999999999999998e-04 -6.120000000000000223e-04 1.000000000000000000e+00 7.499900000000000455e-01 -6.614489999999999537e-01 -4.989999999999999861e-04 6.614499999999999824e-01 7.499900000000000455e-01 3.759999999999999779e-04
2.000000000000000000e+00 4.400000000000000000e+01 7.300000000000000000e+01 0.000000000000000000e+00 1.600000000000000089e+00 3.190000000000000019e-04 -1.727000000000000019e-03 9.999989999999999712e-01 4.403800000000000076e-02 -9.990280000000000271e-01 -1.740000000000000010e-03 9.990299999999999736e-01 4.403800000000000076e-02 -2.429999999999999977e-04
