7.000000000000000000e+00 1.010000000000000000e+02 7.000000000000000000e+00 0.000000000000000000e+00 1.600000000000000089e+00 -5.320000000000000293e-04 -7.318999999999999985e-03 9.999730000000000008e-01 8.895159999999999734e-01 4.568889999999999896e-01 3.817000000000000080e-03 -4.569050000000000056e-01 8.894940000000000069e-01 6.267000000000000001e-03
2.400000000000000000e+01 1.010000000000000000e+02 7.000000000000000000e+00 0.000000000000000000e+00 1.600000000000000089e+00 8.890000000000000333e-04 -7.497000000000000192e-03 9.999719999999999720e-01 8.896870000000000056e-01 4.565640000000000254e-01 2.631999999999999791e-03 -4.565710000000000046e-01 8.896589999999999776e-01 7.075999999999999825e-03
1.000000000000000000e+00 2.500000000000000000e+01 8.000000000000000000e+00 0.000000000000000000e+00 1.600000000000000089e+00 1.358999999999999965e-03 -1.531000000000000026e-03 -9.999980000000000535e-01 4.391579999999999928e-01 8.984100000000000419e-01 -7.789999999999999616e-04 8.984090000000000131e-01 -4.391559999999999908e-01 1.892999999999999934e-03
5.000000000000000000e+00 2.500000000000000000e+01 8.000000000000000000e+00 0.000000000000000000e+00 1.600000000000000089e+00 2.197000000000000168e-03 3.556000000000000133e-03 -9.999909999999999632e-01 4.377030000000000087e-01 8.991099999999999648e-01 4.159000000000000370e-03 8.991170000000000551e-01 -4.377079999999999860e-01 4.189999999999999931e-04
8.000000000000000000e+00 2.500000000000000000e+01 8.000000000000000000e+00 0.000000000000000000e+00 1.600000000000000089e+00 1.330999999999999935e-03 3.650000000000000033e-03 -9.999919999999999920e-01 4.380249999999999977e-01 8.989549999999999486e-01 3.864999999999999946e-03 8.989620000000000388e-01 -4.380269999999999997e-01 -4.020000000000000136e-04
1.400000000000000000e+01 2.500000000000000000e+01 8.000000000000000000e+00 0.000000000000000000e+00 1.600000000000000089e+00 4.449999999999999746e-04 2.964000000000000055e-03 -9.999959999999999960e-01 4.381309999999999927e-01 8.989059999999999828e-01 2.858999999999999996e-03 8.989110000000000156e-01 -4.381309999999999927e-01 -8.989999999999999511e-04
2.300000000000000000e+01 2.500000000000000000e+01 8.000000000000000000e+00 0.000000000000000000e+00 1.600000000000000089e+00 -2.410999999999999949e-03 -4.106000000000000275e-03 -9.999890000000000168e-01 4.396820000000000173e-01 8.981409999999999672e-01 -4.747999999999999617e-03 8.981500000000000039e-01 -4.396880000000000233e-01 -3.600000000000000227e-04
2.700000000000000000e+01 2.500000000000000000e+01 8.000000000000000000e+00 0.000000000000000000e+00 1.600000000000000089e+00 -3.464000000000000065e-03 -2.203999999999999796e-03 -9.999919999999999920e-01 4.402880000000000127e-01 8.978500000000000369e-01 -3.504000000000000170e-03 8.978500000000000369e-01 -4.402960000000000207e-01 -2.139999999999999975e-03
3.000000000000000000e+01 2.500000000000000000e+01 8.000000000000000000e+00 0.000000000000000000e+00 1.600000000000000089e+00 -2.939000000000000206e-03 4.299999999999999894e-04 -9.999959999999999960e-01 4.407130000000000214e-01 8.976480000000000015e-01 -9.089999999999999773e-04 8.976429999999999687e-01 -4.407139999999999946e-01 -2.827000000000000086e-03
9.000000000000000000e+00 9.000000000000000000e+00 9.000000000000000000e+00 0.000000000000000000e+00 1.600000000000000089e+00 -3.708899999999999697e-02 -1.566299999999999984e-02 -9.991889999999999938e-01 -9.770870000000000388e-01 -2.091339999999999866e-01 3.954699999999999882e-02 -2.095839999999999925e-01 9.777620000000000200e-01 -7.546999999999999889e-03
1.300000000000000000e+01 9.000000000000000000e+00 9.000000000000000000e+00 0.000000000000000000e+00 1.600000000000000089e+00 -7.305200000000000582e-02 -5.275900000000000034e-02 -9.959320000000000395e-01 -9.520950000000000246e-01 -2.936380000000000101e-01 8.539199999999999569e-02 -2.969490000000000185e-01 9.544599999999999751e-01 -2.878100000000000103e-02
4.000000000000000000e+00 2.400000000000000000e+01 9.000000000000000000e+00 0.000000000000000000e+00 1.600000000000000089e+00 1.910999999999999938e-03 4.362000000000000426e-03 -9.999890000000000168e-01 4.440029999999999810e-01 8.960129999999999484e-01 4.755999999999999811e-03 8.960230000000000139e-01 -4.440069999999999850e-01 -2.239999999999999966e-04
8.000000000000000000e+00 2.400000000000000000e+01 9.000000000000000000e+00 0.000000000000000000e+00 1.600000000000000089e+00 9.190000000000000035e-04 5.326000000000000005e-03 -9.999850000000000128e-01 4.446160000000000112e-01 8.957060000000000022e-01 5.179999999999999709e-03 8.957209999999999894e-01 -4.446149999999999824e-01 -1.544999999999999932e-03
1.400000000000000000e+01 2.400000000000000000e+01 9.000000000000000000e+00 0.000000000000000000e+00 1.600000000000000089e+00 3.869999999999999742e-04 3.543000000000000142e-03 -9.999940000000000495e-01 4.442619999999999902e-01 8.958909999999999929e-01 3.346000000000000016e-03 8.958970000000000544e-01 -4.442599999999999882e-01 -1.227000000000000009e-03
1.800000000000000000e+01 2.400000000000000000e+01 9.000000000000000000e+00 0.000000000000000000e+00 1.600000000000000089e+00 -7.799999999999999859e-05 1.869999999999999917e-04 -1.000000000000000000e+00 4.431339999999999724e-01 8.964550000000000018e-01 1.330000000000000073e-04 8.964550000000000018e-01 -4.431339999999999724e-01 -1.530000000000000056e-04
2.100000000000000000e+01 2.400000000000000000e+01 9.000000000000000000e+00 0.000000000000000000e+00 1.600000000000000089e+00 -1.685000000000000083e-03 -3.485999999999999949e-03 -9.999919999999999920e-01 4.446140000000000092e-01 8.957140000000000102e-01 -3.870999999999999875e-03 8.957199999999999607e-01 -4.446180000000000132e-01 4.100000000000000047e-05
2.700000000000000000e+01 2.400000000000000000e+01 9.000000000000000000e+00 0.000000000000000000e+00 1.600000000000000089e+00 -2.984999999999999806e-03 -4.041000000000000321e-03 -9.999869999999999592e-01 4.466319999999999735e-01 8.947040000000000548e-01 -4.949000000000000274e-03 8.947129999999999805e-01 -4.466410000000000102e-01 -8.660000000000000163e-04
2.600000000000000000e+01 7.000000000000000000e+00 1.000000000000000000e+01 0.000000000000000000e+00 1.600000000000000089e+00 -6.155399999999999761e-02 -4.023700000000000193e-02 -9.972919999999999563e-01 -9.847350000000000270e-01 -1.605439999999999923e-01 6.725599999999999634e-02 -1.628149999999999875e-01 9.862079999999999735e-01 -2.974100000000000008e-02
2.500000000000000000e+01 3.000000000000000000e+00 1.100000000000000000e+01 0.000000000000000000e+00 1.600000000000000089e+00 -6.930000000000000396e-04 -7.652399999999999480e-02 9.970679999999999543e-01 1.376900000000000068e-01 -9.875779999999999559e-01 -7.570000000000000340e-02 9.904749999999999943e-01 1.372339999999999949e-01 1.122100000000000007e-02
6.000000000000000000e+00 3.000000000000000000e+01 1.200000000000000000e+01 0.000000000000000000e+00 1.600000000000000089e+00 -7.052000000000000109e-03 -1.204849999999999949e-01 9.926899999999999613e-01 -2.209500000000000006e-02 9.924910000000000121e-01 1.203039999999999943e-01 -9.997310000000000363e-01 -2.108499999999999958e-02 -9.660999999999999449e-03
1.000000000000000000e+01 3.100000000000000000e+01 1.200000000000000000e+01 0.000000000000000000e+00 1.600000000000000089e+00 2.926999999999999914e-03 -2.143349999999999977e-01 9.767559999999999576e-01 -6.581900000000000250e-02 9.746010000000000506e-01 2.140589999999999993e-01 -9.978270000000000195e-01 -6.491600000000000148e-02 -1.125499999999999938e-02
1.200000000000000000e+01 3.500000000000000000e+01 1.300000000000000000e+01 0.000000000000000000e+00 1.600000000000000089e+00 -1.912079999999999891e-01 -5.317500000000000004e-02 9.801079999999999792e-01 9.676749999999999519e-01 -1.775110000000000021e-01 1.791520000000000057e-01 1.644539999999999891e-01 9.826810000000000267e-01 8.539800000000000169e-02
2.100000000000000000e+01 3.200000000000000000e+01 1.400000000000000000e+01 0.000000000000000000e+00 1.600000000000000089e+00 1.033000000000000064e-03 -1.531999999999999942e-03 -9.999980000000000535e-01 1.169800000000000006e-01 9.931330000000000435e-01 -1.400999999999999902e-03 9.931339999999999613e-01 -1.169779999999999986e-01 1.204999999999999908e-03
2.500000000000000000e+01 3.200000000000000000e+01 1.400000000000000000e+01 0.000000000000000000e+00 1.600000000000000089e+00 2.349999999999999930e-04 2.523000000000000069e-03 -9.999970000000000248e-01 1.175670000000000048e-01 9.930620000000000003e-01 2.533000000000000095e-03 9.930649999999999755e-01 -1.175670000000000048e-01 -6.299999999999999990e-05
2.900000000000000000e+01 3.200000000000000000e+01 1.400000000000000000e+01 0.000000000000000000e+00 1.600000000000000089e+00 -1.132999999999999893e-03 1.286999999999999950e-03 -9.999989999999999712e-01 1.187789999999999957e-01 9.929200000000000248e-01 1.144000000000000052e-03 9.929200000000000248e-01 -1.187779999999999947e-01 -1.278000000000000056e-03
4.000000000000000000e+00 1.200000000000000000e+01 1.600000000000000000e+01 0.000000000000000000e+00 1.600000000000000089e+00 5.118000000000000153e-03 -1.455500000000000023e-02 9.998810000000000198e-01 2.677919999999999745e-01 -9.633540000000000436e-01 -1.539399999999999970e-02 9.634629999999999583e-01 2.678389999999999938e-01 -1.033000000000000064e-03
7.000000000000000000e+00 1.200000000000000000e+01 1.600000000000000000e+01 0.000000000000000000e+00 1.600000000000000089e+00 7.341000000000000303e-03 -2.102899999999999908e-02 9.997519999999999740e-01 2.701890000000000125e-01 -9.625510000000000455e-01 -2.222999999999999976e-02 9.627790000000000514e-01 2.702849999999999975e-01 -1.384999999999999946e-03
4.000000000000000000e+00 1.160000000000000000e+02 1.600000000000000000e+01 0.000000000000000000e+00 1.600000000000000089e+00 2.563000000000000174e-03 3.529000000000000019e-03 9.999900000000000455e-01 7.735619999999999719e-01 6.337070000000000203e-01 -4.218999999999999660e-03 -6.337159999999999460e-01 7.735649999999999471e-01 -1.105999999999999995e-03
1.600000000000000000e+01 1.160000000000000000e+02 1.600000000000000000e+01 0.000000000000000000e+00 1.600000000000000089e+00 1.693999999999999976e-03 4.433999999999999574e-03 9.999890000000000168e-01 7.162619999999999543e-01 6.978189999999999671e-01 -4.308000000000000197e-03 -6.978299999999999503e-01 7.162610000000000365e-01 -1.992999999999999980e-03
2.200000000000000000e+01 1.160000000000000000e+02 1.600000000000000000e+01 0.000000000000000000e+00 1.600000000000000089e+00 -4.629999999999999784e-04 1.899999999999999996e-03 9.999980000000000535e-01 7.056080000000000130e-01 7.086010000000000364e-01 -1.020000000000000073e-03 -7.086019999999999541e-01 7.056069999999999842e-01 -1.668999999999999911e-03
2.800000000000000000e+01 1.160000000000000000e+02 1.600000000000000000e+01 0.000000000000000000e+00 1.600000000000000089e+00 -4.264999999999999694e-03 -3.114000000000000015e-03 9.999860000000000415e-01 7.476760000000000073e-01 6.640430000000000499e-01 5.256000000000000255e-03 -6.640500000000000291e-01 7.476880000000000193e-01 -5.039999999999999992e-04
5.000000000000000000e+00 3.400000000000000000e+01 1.800000000000000000e+01 0.000000000000000000e+00 1.600000000000000089e+00 2.129399999999999904e-01 2.772299999999999764e-01 9.369100000000000206e-01 -9.655080000000000329e-01 2.067559999999999953e-01 1.582610000000000128e-01 -1.498369999999999980e-01 -9.382939999999999614e-01 3.116949999999999998e-01
2.000000000000000000e+00 2.000000000000000000e+00 1.900000000000000000e+01 0.000000000000000000e+00 1.600000000000000089e+00 1.644000000000000062e-03 -3.294000000000000053e-03 -9.999930000000000208e-01 3.382490000000000219e-01 -9.410500000000000531e-01 3.655999999999999962e-03 -9.410549999999999748e-01 -3.382530000000000259e-01 -4.330000000000000081e-04
2.000000000000000000e+01 2.000000000000000000e+00 1.900000000000000000e+01 0.000000000000000000e+00 1.600000000000000089e+00 9.860000000000000708e-03 -5.233199999999999658e-02 -9.985810000000000519e-01 3.640970000000000040e-01 -9.298899999999999944e-01 5.232699999999999851e-02 -9.313090000000000535e-01 -3.640959999999999752e-01 9.884999999999999690e-03
3.000000000000000000e+01 2.000000000000000000e+00 1.900000000000000000e+01 0.000000000000000000e+00 1.600000000000000089e+00 -8.409999999999999507e-04 -1.768399999999999833e-02 -9.998430000000000373e-01 3.486049999999999982e-01 -9.371279999999999610e-01 1.628200000000000133e-02 -9.372690000000000188e-01 -3.485369999999999857e-01 6.951999999999999846e-03
1.300000000000000000e+01 3.000000000000000000e+00 1.900000000000000000e+01 0.000000000000000000e+00 1.600000000000000089e+00 8.692999999999999339e-03 -4.697300000000000086e-02 -9.988580000000000236e-01 3.398100000000000009e-01 -9.393120000000000358e-01 4.713099999999999928e-02 -9.404540000000000122e-01 -3.398320000000000229e-01 7.795999999999999978e-03
1.100000000000000000e+01 4.000000000000000000e+00 2.000000000000000000e+01 0.000000000000000000e+00 1.600000000000000089e+00 3.850000000000000124e-03 -3.427899999999999697e-02 -9.994049999999999878e-01 3.813790000000000235e-01 -9.238239999999999785e-01 3.315599999999999797e-02 -9.244109999999999827e-01 -3.812800000000000078e-01 9.516000000000000153e-03
2.700000000000000000e+01 4.000000000000000000e+00 2.000000000000000000e+01 0.000000000000000000e+00 1.600000000000000089e+00 1.789999999999999870e-04 -1.276799999999999984e-02 -9.999190000000000023e-01 3.281939999999999857e-01 -9.445329999999999560e-01 1.211899999999999956e-02 -9.446099999999999497e-01 -3.281689999999999885e-01 4.021000000000000268e-03
2.000000000000000000e+00 1.300000000000000000e+01 2.000000000000000000e+01 0.000000000000000000e+00 1.600000000000000089e+00 -1.670000000000000043e-03 4.145000000000000247e-03 9.999900000000000455e-01 2.633670000000000178e-01 9.646890000000000187e-01 -3.559000000000000098e-03 -9.646940000000000515e-01 2.633579999999999810e-01 -2.703000000000000107e-03
8.000000000000000000e+00 1.300000000000000000e+01 2.000000000000000000e+01 0.000000000000000000e+00 1.600000000000000089e+00 -1.440000000000000091e-03 4.394000000000000336e-03 9.999890000000000168e-01 2.625399999999999956e-01 9.649130000000000207e-01 -3.860999999999999849e-03 -9.649199999999999999e-01 2.625310000000000143e-01 -2.543000000000000121e-03
1.300000000000000000e+01 1.300000000000000000e+01 2.000000000000000000e+01 0.000000000000000000e+00 1.600000000000000089e+00 8.620000000000000275e-04 -3.402000000000000076e-03 9.999940000000000495e-01 2.602470000000000061e-01 9.655369999999999786e-01 3.059999999999999786e-03 -9.655420000000000114e-01 2.602430000000000021e-01 1.717999999999999909e-03
1.600000000000000000e+01 1.300000000000000000e+01 2.000000000000000000e+01 0.000000000000000000e+00 1.600000000000000089e+00 1.048000000000000103e-03 -8.684000000000000746e-03 9.999620000000000175e-01 2.580760000000000276e-01 9.660910000000000331e-01 8.118999999999999481e-03 -9.661239999999999828e-01 2.580569999999999808e-01 3.253999999999999948e-03
2.200000000000000000e+01 1.300000000000000000e+01 2.000000000000000000e+01 0.000000000000000000e+00 1.600000000000000089e+00 -1.363999999999999978e-03 -1.920000000000000049e-04 9.999989999999999712e-01 2.599069999999999991e-01 9.656329999999999636e-01 5.400000000000000069e-04 -9.656329999999999636e-01 2.599079999999999724e-01 -1.266999999999999897e-03
2.800000000000000000e+01 1.300000000000000000e+01 2.000000000000000000e+01 0.000000000000000000e+00 1.600000000000000089e+00 -1.943000000000000066e-03 3.959999999999999762e-04 9.999980000000000535e-01 2.623739999999999961e-01 9.649659999999999904e-01 1.279999999999999942e-04 -9.649640000000000439e-01 2.623730000000000229e-01 -1.978000000000000157e-03
5.000000000000000000e+00 1.600000000000000000e+01 2.100000000000000000e+01 0.000000000000000000e+00 1.600000000000000089e+00 -4.979999999999999618e-04 4.812999999999999570e-03 9.999879999999999880e-01 2.952989999999999782e-01 9.553939999999999655e-01 -4.451000000000000095e-03 -9.554049999999999487e-01 2.952940000000000009e-01 -1.897000000000000032e-03
1.900000000000000000e+01 1.600000000000000000e+01 2.100000000000000000e+01 0.000000000000000000e+00 1.600000000000000089e+00 3.539999999999999853e-04 -9.048999999999999752e-03 9.999590000000000423e-01 2.974580000000000002e-01 9.546970000000000178e-01 8.533999999999999919e-03 -9.547350000000000003e-01 2.974430000000000129e-01 3.030000000000000141e-03
2.400000000000000000e+01 1.600000000000000000e+01 2.100000000000000000e+01 0.000000000000000000e+00 1.600000000000000089e+00 -8.350000000000000217e-04 5.978999999999999940e-03 9.999820000000000375e-01 2.981829999999999758e-01 9.544930000000000359e-01 -5.458000000000000178e-03 -9.545080000000000231e-01 2.981730000000000214e-01 -2.579999999999999828e-03
2.800000000000000000e+01 1.600000000000000000e+01 2.100000000000000000e+01 0.000000000000000000e+00 1.600000000000000089e+00 -1.232999999999999938e-03 4.176000000000000024e-03 9.999909999999999632e-01 2.978899999999999881e-01 9.545930000000000248e-01 -3.618999999999999821e-03 -9.545989999999999753e-01 2.978830000000000089e-01 -2.420999999999999975e-03
2.400000000000000000e+01 4.100000000000000000e+01 2.400000000000000000e+01 0.000000000000000000e+00 1.600000000000000089e+00 2.229629999999999945e-01 4.015599999999999725e-02 9.739999999999999769e-01 -9.068089999999999762e-01 3.752210000000000267e-01 1.921130000000000060e-01 -3.577500000000000124e-01 -9.260650000000000270e-01 1.200740000000000002e-01
1.800000000000000000e+01 2.000000000000000000e+00 2.500000000000000000e+01 0.000000000000000000e+00 1.600000000000000089e+00 1.104699999999999953e-02 -4.369100000000000067e-02 9.989839999999999831e-01 7.584200000000000663e-02 -9.961309999999999887e-01 -4.440500000000000003e-02 9.970590000000000286e-01 7.625600000000000434e-02 -7.690999999999999920e-03
4.000000000000000000e+00 3.000000000000000000e+00 2.500000000000000000e+01 0.000000000000000000e+00 1.600000000000000089e+00 4.662000000000000345e-03 -7.499999999999999722e-03 9.999609999999999888e-01 3.348099999999999687e-02 -9.994100000000000206e-01 -7.651999999999999948e-03 9.994290000000000118e-01 3.351500000000000312e-02 -4.407999999999999592e-03
1.100000000000000000e+01 3.000000000000000000e+00 2.500000000000000000e+01 0.000000000000000000e+00 1.600000000000000089e+00 9.577000000000000443e-03 -2.094199999999999881e-02 9.997350000000000403e-01 1.686500000000000152e-02 -9.996350000000000513e-01 -2.110100000000000170e-02 9.998120000000000340e-01 1.706200000000000078e-02 -9.220000000000000764e-03
1.900000000000000000e+01 3.000000000000000000e+00 2.500000000000000000e+01 0.000000000000000000e+00 1.600000000000000089e+00 2.410999999999999949e-03 -3.641799999999999898e-02 9.993339999999999446e-01 -1.603600000000000164e-02 -9.992100000000000426e-01 -3.637499999999999761e-02 9.998690000000000078e-01 -1.593800000000000078e-02 -2.994000000000000133e-03
2.200000000000000000e+01 3.000000000000000000e+00 2.500000000000000000e+01 0.000000000000000000e+00 1.600000000000000089e+00 -3.164000000000000146e-03 -1.703700000000000006e-02 9.998500000000000165e-01 -2.986499999999999919e-02 -9.994070000000000453e-01 -1.712400000000000033e-02 9.995490000000000208e-01 -2.991399999999999962e-02 2.652999999999999976e-03
4.000000000000000000e+00 2.900000000000000000e+01 2.600000000000000000e+01 0.000000000000000000e+00 1.600000000000000089e+00 5.797000000000000069e-03 4.836700000000000027e-02 -9.988129999999999509e-01 1.175599999999999978e-01 -9.919360000000000399e-01 -4.735199999999999826e-02 -9.930489999999999595e-01 -1.171460000000000001e-01 -1.143599999999999998e-02
3.000000000000000000e+01 4.300000000000000000e+01 2.600000000000000000e+01 0.000000000000000000e+00 1.600000000000000089e+00 -1.695599999999999885e-01 6.497000000000000171e-03 -9.854979999999999851e-01 9.790680000000000494e-01 -1.131250000000000033e-01 -1.691999999999999893e-01 -1.125840000000000035e-01 -9.935589999999999700e-01 1.282100000000000080e-02
1.600000000000000000e+01 5.800000000000000000e+01 3.100000000000000000e+01 0.000000000000000000e+00 1.600000000000000089e+00 8.902000000000000191e-03 1.103499999999999967e-02 9.999000000000000110e-01 -8.107309999999999794e-01 -5.852589999999999737e-01 1.367600000000000066e-02 5.853509999999999547e-01 -8.107720000000000482e-01 3.736000000000000171e-03
2.200000000000000000e+01 5.800000000000000000e+01 3.100000000000000000e+01 0.000000000000000000e+00 1.600000000000000089e+00 3.829999999999999854e-04 -5.814999999999999857e-03 9.999829999999999552e-01 -8.101319999999999633e-01 -5.862399999999999833e-01 -3.099000000000000192e-03 5.862479999999999913e-01 -8.101169999999999760e-01 -4.936000000000000283e-03
2.600000000000000000e+01 5.800000000000000000e+01 3.100000000000000000e+01 0.000000000000000000e+00 1.600000000000000089e+00 8.409999999999999507e-04 -6.539999999999999807e-03 9.999780000000000335e-01 -8.075280000000000236e-01 -5.898210000000000397e-01 -3.177999999999999835e-03 5.898280000000000189e-01 -8.075080000000000036e-01 -5.777000000000000017e-03
2.000000000000000000e+00 3.200000000000000000e+01 3.300000000000000000e+01 0.000000000000000000e+00 1.600000000000000089e+00 8.043699999999999461e-02 -1.216919999999999946e-01 -9.893030000000000435e-01 1.415859999999999896e-01 -9.810600000000000431e-01 1.321900000000000019e-01 -9.866530000000000022e-01 -1.507050000000000056e-01 -6.168400000000000272e-02
1.300000000000000000e+01 4.600000000000000000e+01 4.100000000000000000e+01 0.000000000000000000e+00 1.600000000000000089e+00 -4.954629999999999868e-01 5.244999999999999662e-03 8.686129999999999685e-01 5.987689999999999957e-01 -7.223749999999999893e-01 3.459039999999999893e-01 6.292790000000000328e-01 6.914810000000000123e-01 3.547699999999999743e-01
4.000000000000000000e+00 3.000000000000000000e+00 4.300000000000000000e+01 0.000000000000000000e+00 1.600000000000000089e+00 -2.569999999999999802e-03 -4.735999999999999759e-03 -9.999850000000000128e-01 7.322119999999999740e-01 -6.810749999999999860e-01 1.343999999999999926e-03 -6.810720000000000107e-01 -7.321980000000000155e-01 5.218000000000000416e-03
8.000000000000000000e+00 3.000000000000000000e+00 4.300000000000000000e+01 0.000000000000000000e+00 1.600000000000000089e+00 -3.827000000000000107e-03 1.150999999999999896e-03 -9.999919999999999920e-01 7.299090000000000300e-01 -6.835350000000000037e-01 -3.579999999999999849e-03 -6.835329999999999462e-01 -7.299170000000000380e-01 1.776000000000000018e-03
1.700000000000000000e+01 8.000000000000000000e+00 4.400000000000000000e+01 0.000000000000000000e+00 1.600000000000000089e+00 -1.273000000000000043e-03 -1.448999999999999984e-03 9.999980000000000535e-01 -7.908450000000000202e-01 -6.120139999999999469e-01 -1.894000000000000067e-03 6.120160000000000045e-01 -7.908460000000000489e-01 -3.669999999999999760e-04
2.000000000000000000e+01 8.000000000000000000e+00 4.400000000000000000e+01 0.000000000000000000e+00 1.600000000000000089e+00 4.260000000000000006e-04 4.414000000000000389e-03 9.999900000000000455e-01 -7.916889999999999761e-01 -6.109170000000000433e-01 3.033999999999999805e-03 6.109240000000000226e-01 -7.916819999999999968e-01 3.233999999999999896e-03
2.400000000000000000e+01 8.000000000000000000e+00 4.400000000000000000e+01 0.000000000000000000e+00 1.600000000000000089e+00 -3.030000000000000141e-03 6.089999999999999494e-04 9.999949999999999672e-01 -7.929899999999999727e-01 -6.092319999999999958e-01 -2.031999999999999952e-03 6.092279999999999918e-01 -7.929920000000000302e-01 2.328999999999999907e-03
7.000000000000000000e+00 3.500000000000000000e+01 4.400000000000000000e+01 0.000000000000000000e+00 1.600000000000000089e+00 -2.869769999999999821e-01 -5.618290000000000228e-01 -7.758819999999999606e-01 -8.965410000000000323e-01 4.428259999999999974e-01 1.094799999999999940e-02 3.374300000000000077e-01 6.987510000000000110e-01 -6.307840000000000114e-01
3.000000000000000000e+00 3.100000000000000000e+01 4.900000000000000000e+01 0.000000000000000000e+00 1.600000000000000089e+00 -1.321699999999999958e-02 -1.366559999999999997e-01 -9.905300000000000216e-01 3.230709999999999971e-01 -9.380690000000000417e-01 1.251069999999999960e-01 -9.462819999999999565e-01 -3.183590000000000031e-01 5.654800000000000104e-02
1.600000000000000000e+01 3.700000000000000000e+01 5.100000000000000000e+01 0.000000000000000000e+00 1.600000000000000089e+00 -4.020900000000000030e-01 -3.836319999999999730e-01 8.313540000000000374e-01 9.002379999999999827e-01 -3.312789999999999901e-01 2.825349999999999806e-01 1.670210000000000028e-01 8.620210000000000372e-01 4.785639999999999894e-01
1.800000000000000000e+01 3.800000000000000000e+01 5.100000000000000000e+01 0.000000000000000000e+00 1.600000000000000089e+00 -3.731149999999999745e-01 -3.989880000000000093e-01 8.376120000000000232e-01 9.226879999999999526e-01 -2.540799999999999725e-01 2.899829999999999908e-01 9.712099999999999900e-02 8.810519999999999463e-01 4.629420000000000202e-01
2.200000000000000000e+01 7.000000000000000000e+00 5.200000000000000000e+01 0.000000000000000000e+00 1.600000000000000089e+00 -3.589999999999999984e-04 2.141000000000000108e-03 -9.999980000000000535e-01 7.695499999999999563e-02 -9.970320000000000293e-01 -2.161999999999999859e-03 -9.970350000000000046e-01 -7.695499999999999563e-02 1.930000000000000021e-04
2.600000000000000000e+01 5.700000000000000000e+01 5.300000000000000000e+01 0.000000000000000000e+00 1.600000000000000089e+00 -1.281500000000000000e-02 -1.580099999999999907e-02 9.997930000000000428e-01 -5.395010000000000083e-01 8.419600000000000417e-01 6.390999999999999980e-03 -8.418870000000000520e-01 -5.393080000000000096e-01 -1.931499999999999884e-02
1.300000000000000000e+01 6.300000000000000000e+01 5.400000000000000000e+01 0.000000000000000000e+00 1.600000000000000089e+00 2.329999999999999986e-04 -2.680000000000000090e-03 9.999959999999999960e-01 -3.587270000000000181e-01 9.334390000000000187e-01 2.585000000000000058e-03 -9.334430000000000227e-01 -3.587259999999999893e-01 -7.439999999999999782e-04
1.900000000000000000e+01 6.300000000000000000e+01 5.400000000000000000e+01 0.000000000000000000e+00 1.600000000000000089e+00 1.806000000000000097e-03 -8.200000000000000095e-05 9.999980000000000535e-01 -3.630390000000000006e-01 9.317739999999999911e-01 7.320000000000000118e-04 -9.317720000000000447e-01 -3.630390000000000006e-01 1.652999999999999955e-03
2.700000000000000000e+01 6.300000000000000000e+01 5.400000000000000000e+01 0.000000000000000000e+00 1.600000000000000089e+00 -1.673000000000000008e-03 -5.585999999999999820e-03 9.999829999999999552e-01 -3.703500000000000125e-01 9.288809999999999567e-01 4.569000000000000145e-03 -9.288910000000000222e-01 -3.703370000000000273e-01 -3.622999999999999918e-03
1.000000000000000000e+01 2.500000000000000000e+01 5.500000000000000000e+01 0.000000000000000000e+00 1.600000000000000089e+00 7.979999999999999897e-04 1.570999999999999914e-03 -9.999980000000000535e-01 -1.069100000000000085e-02 -9.999419999999999975e-01 -1.580000000000000024e-03 -9.999430000000000263e-01 1.069200000000000012e-02 -7.810000000000000102e-04
2.800000000000000000e+01 2.600000000000000000e+01 5.500000000000000000e+01 0.000000000000000000e+00 1.600000000000000089e+00 -2.010000000000000068e-04 -3.964999999999999775e-03 -9.999919999999999920e-01 -2.778399999999999967e-02 -9.996059999999999945e-01 3.969000000000000306e-03 -9.996140000000000025e-01 2.778500000000000067e-02 9.000000000000000567e-05
1.500000000000000000e+01 2.000000000000000000e+01 6.000000000000000000e+01 0.000000000000000000e+00 1.600000000000000089e+00 1.376999999999999969e-03 -2.145999999999999904e-03 9.999970000000000248e-01 -6.040800000000000336e-02 9.981710000000000305e-01 2.226000000000000114e-03 -9.981729999999999769e-01 -6.041099999999999942e-02 1.245000000000000013e-03
2.800000000000000000e+01 2.000000000000000000e+01 6.000000000000000000e+01 0.000000000000000000e+00 1.600000000000000089e+00 3.367999999999999900e-03 3.519999999999999908e-04 9.999940000000000495e-01 -6.259000000000000674e-02 9.980390000000000095e-01 -1.410000000000000120e-04 -9.980339999999999767e-01 -6.259000000000000674e-02 3.383000000000000156e-03
6.000000000000000000e+00 2.100000000000000000e+01 6.000000000000000000e+01 0.000000000000000000e+00 1.600000000000000089e+00 -5.490000000000000088e-04 -6.942000000000000254e-03 9.999759999999999760e-01 -9.585200000000000664e-02 9.953720000000000345e-01 6.857000000000000248e-03 -9.953950000000000298e-01 -9.584600000000000064e-02 -1.211999999999999970e-03
1.100000000000000000e+01 2.100000000000000000e+01 6.000000000000000000e+01 0.000000000000000000e+00 1.600000000000000089e+00 7.810000000000000102e-04 -6.605999999999999893e-03 9.999780000000000335e-01 -9.288499999999999535e-02 9.956549999999999567e-01 6.649999999999999661e-03 -9.956770000000000342e-01 -9.288799999999999835e-02 1.640000000000000019e-04
1.900000000000000000e+01 2.100000000000000000e+01 6.000000000000000000e+01 0.000000000000000000e+00 1.600000000000000089e+00 -9.219999999999999680e-04 -3.883000000000000167e-03 9.999919999999999920e-01 -9.734299999999999897e-02 9.952440000000000175e-01 3.775000000000000144e-03 -9.952499999999999680e-01 -9.733899999999999497e-02 -1.294999999999999927e-03
2.500000000000000000e+01 2.100000000000000000e+01 6.000000000000000000e+01 0.000000000000000000e+00 1.600000000000000089e+00 -3.000000000000000076e-05 2.393000000000000162e-03 9.999970000000000248e-01 -9.507999999999999785e-02 9.954669999999999908e-01 -2.384999999999999967e-03 -9.954699999999999660e-01 -9.507899999999999685e-02 1.969999999999999909e-04
5.000000000000000000e+00 2.700000000000000000e+01 6.300000000000000000e+01 0.000000000000000000e+00 1.600000000000000089e+00 2.201999999999999964e-03 -6.976000000000000430e-03 9.999730000000000008e-01 -2.748039999999999927e-01 9.614719999999999933e-01 7.313000000000000056e-03 -9.614979999999999638e-01 -2.748129999999999740e-01 2.000000000000000096e-04
9.000000000000000000e+00 2.700000000000000000e+01 6.300000000000000000e+01 0.000000000000000000e+00 1.600000000000000089e+00 2.028999999999999988e-03 -1.396000000000000105e-03 9.999970000000000248e-01 -2.749110000000000165e-01 9.614679999999999893e-01 1.899999999999999996e-03 -9.614679999999999893e-01 -2.749139999999999917e-01 1.567000000000000033e-03
1.200000000000000000e+01 2.700000000000000000e+01 6.300000000000000000e+01 0.000000000000000000e+00 1.600000000000000089e+00 4.899999999999999842e-04 -7.145999999999999575e-03 9.999740000000000295e-01 -2.758959999999999746e-01 9.611619999999999608e-01 7.003999999999999809e-03 -9.611870000000000136e-01 -2.758920000000000261e-01 -1.500999999999999947e-03
1.700000000000000000e+01 2.700000000000000000e+01 6.300000000000000000e+01 0.000000000000000000e+00 1.600000000000000089e+00 -1.748999999999999904e-03 -8.184999999999999568e-03 9.999649999999999928e-01 -2.765630000000000033e-01 9.609680000000000444e-01 7.381999999999999673e-03 -9.609940000000000149e-01 -2.765400000000000080e-01 -3.943999999999999589e-03
2.800000000000000000e+01 2.700000000000000000e+01 6.300000000000000000e+01 0.000000000000000000e+00 1.600000000000000089e+00 2.658999999999999905e-03 9.070000000000000371e-04 9.999959999999999960e-01 -2.698389999999999955e-01 9.629050000000000109e-01 -1.559999999999999972e-04 -9.629020000000000357e-01 -2.698380000000000223e-01 2.805000000000000202e-03
6.000000000000000000e+00 2.600000000000000000e+01 6.400000000000000000e+01 0.000000000000000000e+00 1.600000000000000089e+00 2.926999999999999914e-03 -4.478000000000000209e-03 9.999860000000000415e-01 -3.675570000000000226e-01 9.299859999999999793e-01 5.240999999999999999e-03 -9.299960000000000448e-01 -3.675669999999999771e-01 1.075999999999999917e-03
1.200000000000000000e+01 2.600000000000000000e+01 6.400000000000000000e+01 0.000000000000000000e+00 1.600000000000000089e+00 1.889999999999999970e-03 -7.346000000000000099e-03 9.999710000000000543e-01 -3.653310000000000168e-01 9.308469999999999800e-01 7.529000000000000102e-03 -9.308760000000000367e-01 -3.653339999999999921e-01 -9.240000000000000166e-04
1.700000000000000000e+01 2.600000000000000000e+01 6.400000000000000000e+01 0.000000000000000000e+00 1.600000000000000089e+00 -1.134999999999999941e-03 -9.783000000000000029e-03 9.999510000000000343e-01 -3.674319999999999808e-01 9.300100000000000033e-01 8.682000000000000481e-03 -9.300500000000000433e-01 -3.674040000000000084e-01 -4.649999999999999620e-03
2.200000000000000000e+01 2.600000000000000000e+01 6.400000000000000000e+01 0.000000000000000000e+00 1.600000000000000089e+00 -1.100000000000000039e-04 -1.301000000000000073e-03 9.999989999999999712e-01 -3.623560000000000114e-01 9.320389999999999509e-01 1.172999999999999998e-03 -9.320399999999999796e-01 -3.623560000000000114e-01 -5.739999999999999660e-04
2.800000000000000000e+01 2.600000000000000000e+01 6.400000000000000000e+01 0.000000000000000000e+00 1.600000000000000089e+00 3.144999999999999792e-03 1.474999999999999966e-03 9.999940000000000495e-01 -3.609080000000000066e-01 9.326020000000000421e-01 -2.410000000000000033e-04 -9.325959999999999805e-01 -3.609049999999999758e-01 3.465000000000000198e-03
2.900000000000000000e+01 8.000000000000000000e+00 6.700000000000000000e+01 0.000000000000000000e+00 1.600000000000000089e+00 -9.535000000000000073e-03 3.539999999999999853e-04 -9.999540000000000095e-01 -1.447630000000000028e-01 -9.894659999999999567e-01 1.030000000000000100e-03 -9.894199999999999662e-01 1.447660000000000058e-01 9.485999999999999641e-03
4.000000000000000000e+00 2.500000000000000000e+01 7.300000000000000000e+01 0.000000000000000000e+00 1.600000000000000089e+00 1.634999999999999952e-03 1.874999999999999931e-03 9.999970000000000248e-01 7.609249999999999625e-01 -6.488399999999999723e-01 -2.799999999999999958e-05 6.488380000000000258e-01 7.609219999999999873e-01 -2.488000000000000194e-03
7.000000000000000000e+00 2.500000000000000000e+01 7.300000000000000000e+01 0.000000000000000000e+00 1.600000000000000089e+00 2.652999999999999976e-03 -5.479999999999999845e-04 9.999959999999999960e-01 7.630310000000000148e-01 -6.463569999999999593e-01 -2.377999999999999906e-03 6.463560000000000416e-01 7.630350000000000188e-01 -1.296999999999999976e-03
1.300000000000000000e+01 2.500000000000000000e+01 7.300000000000000000e+01 0.000000000000000000e+00 1.600000000000000089e+00 -3.523000000000000090e-03 -1.354799999999999928e-02 9.999019999999999575e-01 7.526669999999999749e-01 -6.583719999999999573e-01 -6.269000000000000267e-03 6.583919999999999773e-01 7.525709999999999900e-01 1.251700000000000035e-02
2.100000000000000000e+01 2.500000000000000000e+01 7.300000000000000000e+01 0.000000000000000000e+00 1.600000000000000089e+00 -1.072999999999999952e-03 -6.639999999999999852e-04 9.999989999999999712e-01 7.505669999999999842e-01 -6.607939999999999925e-01 3.669999999999999760e-04 6.607929999999999637e-01 7.505669999999999842e-01 1.208000000000000089e-03
2.700000000000000000e+01 2.500000000000000000e+01 7.300000000000000000e+01 0.000000000000000000e+00 1.600000000000000089e+00 2.789999999999999945e-03 4.268000000000000092e-03 9.999869999999999592e-01 7.553999999999999604e-01 -6.552639999999999576e-01 6.890000000000000508e-04 6.552580000000000071e-01 7.553879999999999484e-01 -5.052000000000000067e-03
7.000000000000000000e+00 4.400000000000000000e+01 7.300000000000000000e+01 0.000000000000000000e+00 1.600000000000000089e+00 -9.420000000000000205e-04 -2.903999999999999897e-03 9.999949999999999672e-01 5.381299999999999972e-02 -9.985469999999999624e-01 -2.848999999999999970e-03 9.985509999999999664e-01 5.380999999999999672e-02 1.097000000000000102e-03
1.400000000000000000e+01 4.400000000000000000e+01 7.300000000000000000e+01 0.000000000000000000e+00 1.600000000000000089e+00 3.480000000000000020e-04 8.970000000000000109e-04 1.000000000000000000e+00 5.484699999999999992e-02 -9.984939999999999927e-01 8.760000000000000425e-04 9.984950000000000214e-01 5.484699999999999992e-02 -3.959999999999999762e-04
2.900000000000000000e+01 6.300000000000000000e+01 7.400000000000000000e+01 0.000000000000000000e+00 1.600000000000000089e+00 -2.016400000000000137e-02 9.910949999999999482e-01 1.316219999999999890e-01 -1.807050000000000045e-01 1.258670000000000067e-01 -9.754500000000000393e-01 -9.833309999999999551e-01 -4.345399999999999957e-02 1.765579999999999927e-01
8.000000000000000000e+00 5.100000000000000000e+01 7.600000000000000000e+01 0.000000000000000000e+00 1.600000000000000089e+00 1.062000000000000010e-03 -1.284999999999999901e-03 -9.999989999999999712e-01 -4.003940000000000277e-01 -9.163430000000000186e-01 7.519999999999999558e-04 -9.163419999999999899e-01 4.003929999999999989e-01 -1.487999999999999956e-03
2.200000000000000000e+01 5.100000000000000000e+01 7.600000000000000000e+01 0.000000000000000000e+00 1.600000000000000089e+00 -6.499999999999999702e-04 -4.380000000000000213e-03 -9.999900000000000455e-01 -4.028519999999999879e-01 -9.152550000000000407e-01 4.270999999999999623e-03 -9.152649999999999952e-01 4.028510000000000146e-01 -1.170000000000000033e-03
2.700000000000000000e+01 5.100000000000000000e+01 7.600000000000000000e+01 0.000000000000000000e+00 1.600000000000000089e+00 -5.888000000000000005e-03 -1.956400000000000153e-02 -9.997909999999999853e-01 -4.040139999999999842e-01 -9.145280000000000076e-01 2.027500000000000135e-02 -9.147340000000000471e-01 4.040489999999999915e-01 -2.520000000000000104e-03
3.000000000000000000e+00 9.100000000000000000e+01 7.600000000000000000e+01 0.000000000000000000e+00 1.600000000000000089e+00 7.510000000000000399e-04 1.033999999999999980e-03 9.999989999999999712e-01 2.745090000000000030e-01 -9.615839999999999943e-01 7.879999999999999635e-04 9.615839999999999943e-01 2.745090000000000030e-01 -1.005999999999999950e-03
8.000000000000000000e+00 9.100000000000000000e+01 7.600000000000000000e+01 0.000000000000000000e+00 1.600000000000000089e+00 -2.302999999999999926e-03 3.300000000000000253e-05 9.999970000000000248e-01 2.951320000000000054e-01 -9.554559999999999720e-01 7.110000000000000434e-04 9.554540000000000255e-01 2.951329999999999787e-01 2.190999999999999805e-03
1.300000000000000000e+01 9.100000000000000000e+01 7.600000000000000000e+01 0.000000000000000000e+00 1.600000000000000089e+00 2.860000000000000129e-04 -9.240000000000000166e-04 1.000000000000000000e+00 2.907719999999999749e-01 -9.567919999999999758e-01 -9.669999999999999776e-04 9.567919999999999758e-01 2.907719999999999749e-01 -5.000000000000000409e-06
1.800000000000000000e+01 9.100000000000000000e+01 7.600000000000000000e+01 0.000000000000000000e+00 1.600000000000000089e+00 -3.200000000000000262e-04 -3.893999999999999892e-03 9.999919999999999920e-01 2.834729999999999750e-01 -9.589729999999999643e-01 -3.644000000000000104e-03 9.589800000000000546e-01 2.834690000000000265e-01 1.410999999999999928e-03
2.000000000000000000e+01 9.100000000000000000e+01 7.600000000000000000e+01 0.000000000000000000e+00 1.600000000000000089e+00 -1.753000000000000001e-03 -4.612999999999999913e-03 9.999879999999999880e-01 2.776419999999999999e-01 -9.606770000000000032e-01 -3.944999999999999722e-03 9.606829999999999536e-01 2.776310000000000167e-01 2.965000000000000187e-03
2.600000000000000000e+01 9.100000000000000000e+01 7.600000000000000000e+01 0.000000000000000000e+00 1.600000000000000089e+00 5.150000000000000498e-04 5.412000000000000144e-03 9.999850000000000128e-01 2.941500000000000226e-01 -9.557459999999999845e-01 5.021000000000000289e-03 9.557590000000000252e-01 2.941429999999999878e-01 -2.083999999999999915e-03
3.000000000000000000e+00 1.010000000000000000e+02 7.900000000000000000e+01 0.000000000000000000e+00 1.600000000000000089e+00 1.320000000000000101e-04 -2.129999999999999949e-03 -9.999980000000000535e-01 -8.080730000000000413e-01 5.890809999999999658e-01 -1.361000000000000014e-03 5.890819999999999945e-01 8.080709999999999837e-01 -1.644000000000000062e-03
