1.100000000000000000e+01 3.000000000000000000e+00 4.000000000000000000e+00 0.000000000000000000e+00 1.600000000000000089e+00 -2.029479999999999895e-01 -1.010149999999999937e-01 -9.739649999999999697e-01 -8.797939999999999650e-01 -4.178370000000000140e-01 2.266620000000000024e-01 -4.298549999999999871e-01 9.028890000000000526e-01 -4.073000000000000231e-03
3.000000000000000000e+00 5.000000000000000000e+00 4.000000000000000000e+00 0.000000000000000000e+00 1.600000000000000089e+00 -1.332289999999999863e-01 -8.362500000000000488e-02 -9.875509999999999566e-01 -8.800670000000000437e-01 -4.482539999999999858e-01 1.566869999999999929e-01 -4.557769999999999877e-01 8.899860000000000548e-01 -1.387500000000000018e-02
5.000000000000000000e+00 1.500000000000000000e+01 4.000000000000000000e+00 0.000000000000000000e+00 1.600000000000000089e+00 -8.450000000000000479e-04 -2.286099999999999938e-02 9.997380000000000155e-01 3.174890000000000212e-01 -9.480199999999999738e-01 -2.140999999999999848e-02 9.482620000000000493e-01 3.173880000000000035e-01 8.059000000000000191e-03
1.300000000000000000e+01 1.500000000000000000e+01 4.000000000000000000e+00 0.000000000000000000e+00 1.600000000000000089e+00 -6.430000000000000169e-04 -6.068999999999999742e-03 9.999810000000000088e-01 3.099740000000000273e-01 -9.507290000000000463e-01 -5.571000000000000431e-03 9.507449999999999513e-01 3.099649999999999905e-01 2.492999999999999990e-03
1.900000000000000000e+01 1.500000000000000000e+01 4.000000000000000000e+00 0.000000000000000000e+00 1.600000000000000089e+00 -2.054999999999999969e-03 -2.772000000000000158e-03 9.999940000000000495e-01 3.079399999999999915e-01 -9.514040000000000274e-01 -2.004000000000000139e-03 9.514040000000000274e-01 3.079339999999999855e-01 2.808999999999999865e-03
2.500000000000000000e+01 1.500000000000000000e+01 4.000000000000000000e+00 0.000000000000000000e+00 1.600000000000000089e+00 7.720000000000000083e-04 -5.700000000000000314e-05 1.000000000000000000e+00 3.105419999999999847e-01 -9.505599999999999605e-01 -2.939999999999999905e-04 9.505590000000000428e-01 3.105419999999999847e-01 -7.169999999999999724e-04
8.000000000000000000e+00 1.600000000000000000e+01 4.000000000000000000e+00 0.000000000000000000e+00 1.600000000000000089e+00 -6.689999999999999983e-04 -4.569000000000000145e-03 9.999890000000000168e-01 3.815270000000000050e-01 -9.243489999999999762e-01 -3.968000000000000173e-03 9.243580000000000130e-01 3.815200000000000258e-01 2.360999999999999818e-03
4.000000000000000000e+00 1.010000000000000000e+02 7.000000000000000000e+00 0.000000000000000000e+00 1.600000000000000089e+00 -2.723000000000000160e-03 -1.110500000000000029e-02 9.999350000000000183e-01 8.857390000000000541e-01 4.641210000000000058e-01 7.565999999999999809e-03 -4.641750000000000043e-01 8.857019999999999893e-01 8.571999999999999759e-03
1.200000000000000000e+01 1.010000000000000000e+02 7.000000000000000000e+00 0.000000000000000000e+00 1.600000000000000089e+00 3.797000000000000028e-03 1.595999999999999979e-03 9.999919999999999920e-01 8.850940000000000474e-01 4.653939999999999744e-01 -4.102999999999999876e-03 -4.653970000000000051e-01 8.851020000000000554e-01 3.539999999999999853e-04
1.800000000000000000e+01 1.010000000000000000e+02 7.000000000000000000e+00 0.000000000000000000e+00 1.600000000000000089e+00 3.903999999999999918e-03 -2.116300000000000125e-02 9.997679999999999900e-01 8.910470000000000335e-01 4.538710000000000244e-01 6.127999999999999767e-03 -4.538949999999999929e-01 8.908160000000000522e-01 2.062900000000000150e-02
2.400000000000000000e+01 1.010000000000000000e+02 7.000000000000000000e+00 0.000000000000000000e+00 1.600000000000000089e+00 -1.160999999999999923e-03 -5.859999999999999758e-03 9.999820000000000375e-01 8.915929999999999689e-01 4.528229999999999755e-01 3.687999999999999872e-03 -4.528360000000000163e-01 8.915809999999999569e-01 4.699000000000000052e-03
5.000000000000000000e+00 2.500000000000000000e+01 8.000000000000000000e+00 0.000000000000000000e+00 1.600000000000000089e+00 -2.262999999999999821e-03 -9.169999999999999549e-04 -9.999970000000000248e-01 4.403719999999999857e-01 8.978129999999999722e-01 -1.820000000000000003e-03 8.978120000000000545e-01 -4.403750000000000164e-01 -1.628000000000000107e-03
1.200000000000000000e+01 2.500000000000000000e+01 8.000000000000000000e+00 0.000000000000000000e+00 1.600000000000000089e+00 -1.268999999999999946e-03 -6.180999999999999862e-03 -9.999799999999999800e-01 4.438409999999999855e-01 8.960850000000000204e-01 -6.101999999999999785e-03 8.961050000000000404e-01 -4.438400000000000123e-01 1.606000000000000006e-03
2.000000000000000000e+01 2.500000000000000000e+01 8.000000000000000000e+00 0.000000000000000000e+00 1.600000000000000089e+00 -8.109999999999999805e-04 1.949999999999999910e-03 -9.999980000000000535e-01 4.444739999999999802e-01 8.957899999999999752e-01 1.386000000000000079e-03 8.957910000000000039e-01 -4.444719999999999782e-01 -1.593000000000000015e-03
2.400000000000000000e+01 2.500000000000000000e+01 8.000000000000000000e+00 0.000000000000000000e+00 1.600000000000000089e+00 -8.899999999999999491e-05 7.470000000000000511e-04 -1.000000000000000000e+00 4.436590000000000256e-01 8.961959999999999926e-01 6.300000000000000261e-04 8.961959999999999926e-01 -4.436579999999999968e-01 -4.119999999999999856e-04
5.000000000000000000e+00 2.400000000000000000e+01 9.000000000000000000e+00 0.000000000000000000e+00 1.600000000000000089e+00 -1.526000000000000013e-03 -2.521999999999999936e-03 -9.999959999999999960e-01 4.456939999999999791e-01 8.951799999999999757e-01 -2.938000000000000073e-03 8.951839999999999797e-01 -4.456970000000000098e-01 -2.420000000000000005e-04
1.300000000000000000e+01 2.400000000000000000e+01 9.000000000000000000e+00 0.000000000000000000e+00 1.600000000000000089e+00 -1.392000000000000008e-03 -7.394000000000000399e-03 -9.999719999999999720e-01 4.498130000000000184e-01 8.930940000000000545e-01 -7.230000000000000315e-03 8.931219999999999715e-01 -4.498099999999999876e-01 2.083000000000000216e-03
2.100000000000000000e+01 2.400000000000000000e+01 9.000000000000000000e+00 0.000000000000000000e+00 1.600000000000000089e+00 -2.210000000000000050e-04 2.076999999999999853e-03 -9.999980000000000535e-01 4.498090000000000144e-01 8.931230000000000002e-01 1.755999999999999965e-03 8.931249999999999467e-01 -4.498070000000000124e-01 -1.131999999999999977e-03
2.700000000000000000e+01 2.400000000000000000e+01 9.000000000000000000e+00 0.000000000000000000e+00 1.600000000000000089e+00 -5.599999999999999916e-05 3.707999999999999925e-03 -9.999930000000000208e-01 4.486220000000000208e-01 8.937159999999999549e-01 3.288999999999999823e-03 8.937220000000000164e-01 -4.486180000000000168e-01 -1.714000000000000029e-03
1.500000000000000000e+01 3.100000000000000000e+01 1.200000000000000000e+01 0.000000000000000000e+00 1.600000000000000089e+00 -1.820000000000000057e-04 2.260999999999999989e-03 9.999970000000000248e-01 -5.082999999999999845e-03 9.999850000000000128e-01 -2.262000000000000122e-03 -9.999869999999999592e-01 -5.082999999999999845e-03 -1.710000000000000094e-04
2.900000000000000000e+01 3.100000000000000000e+01 1.200000000000000000e+01 0.000000000000000000e+00 1.600000000000000089e+00 9.870000000000000301e-04 -8.368999999999999703e-03 9.999639999999999640e-01 -4.420000000000000318e-03 9.999550000000000383e-01 8.373000000000000234e-03 -9.999900000000000455e-01 -4.427999999999999645e-03 9.499999999999999981e-04
2.500000000000000000e+01 3.000000000000000000e+00 1.300000000000000000e+01 0.000000000000000000e+00 1.600000000000000089e+00 2.854999999999999899e-03 1.374400000000000066e-01 9.905059999999999976e-01 -2.242200000000000096e-02 9.902699999999999836e-01 -1.373419999999999919e-01 -9.997449999999999948e-01 -2.181699999999999959e-02 5.909000000000000190e-03
3.000000000000000000e+00 3.200000000000000000e+01 1.400000000000000000e+01 0.000000000000000000e+00 1.600000000000000089e+00 5.509999999999999490e-04 1.977000000000000025e-03 -9.999980000000000535e-01 1.151090000000000030e-01 9.933509999999999840e-01 2.027999999999999855e-03 9.933530000000000415e-01 -1.151100000000000040e-01 3.190000000000000019e-04
6.000000000000000000e+00 3.200000000000000000e+01 1.400000000000000000e+01 0.000000000000000000e+00 1.600000000000000089e+00 -1.869999999999999917e-04 1.425999999999999967e-03 -9.999989999999999712e-01 1.168330000000000063e-01 9.931510000000000060e-01 1.394999999999999973e-03 9.931520000000000348e-01 -1.168330000000000063e-01 -3.519999999999999908e-04
1.200000000000000000e+01 3.200000000000000000e+01 1.400000000000000000e+01 0.000000000000000000e+00 1.600000000000000089e+00 7.339999999999999520e-04 2.468999999999999841e-03 -9.999970000000000248e-01 1.127760000000000012e-01 9.936169999999999725e-01 2.536000000000000060e-03 9.936199999999999477e-01 -1.127780000000000032e-01 4.510000000000000120e-04
9.000000000000000000e+00 1.200000000000000000e+01 1.500000000000000000e+01 0.000000000000000000e+00 1.600000000000000089e+00 -1.010000000000000020e-04 -2.952999999999999896e-03 -9.999959999999999960e-01 -4.612240000000000228e-01 -8.872799999999999576e-01 2.667000000000000100e-03 -8.872839999999999616e-01 4.612229999999999941e-01 -1.271999999999999910e-03
1.500000000000000000e+01 1.200000000000000000e+01 1.500000000000000000e+01 0.000000000000000000e+00 1.600000000000000089e+00 -1.164000000000000104e-03 -4.053000000000000179e-03 -9.999909999999999632e-01 -4.665199999999999902e-01 -8.845009999999999817e-01 4.127999999999999725e-03 -8.845100000000000184e-01 4.665210000000000190e-01 -8.620000000000000275e-04
2.000000000000000000e+01 1.200000000000000000e+01 1.500000000000000000e+01 0.000000000000000000e+00 1.600000000000000089e+00 -3.608999999999999795e-03 -2.948999999999999799e-03 -9.999890000000000168e-01 -4.692359999999999864e-01 -8.830620000000000136e-01 4.297999999999999737e-03 -8.830660000000000176e-01 4.692459999999999964e-01 1.802999999999999915e-03
2.400000000000000000e+01 1.200000000000000000e+01 1.500000000000000000e+01 0.000000000000000000e+00 1.600000000000000089e+00 -3.369000000000000033e-03 -2.275999999999999811e-03 -9.999919999999999920e-01 -4.676960000000000006e-01 -8.838819999999999455e-01 3.588000000000000043e-03 -8.838829999999999742e-01 4.677049999999999819e-01 1.912999999999999987e-03
2.800000000000000000e+01 1.200000000000000000e+01 1.500000000000000000e+01 0.000000000000000000e+00 1.600000000000000089e+00 -1.610000000000000103e-04 -6.911999999999999741e-03 -9.999759999999999760e-01 -4.654980000000000229e-01 -8.850270000000000081e-01 6.192999999999999720e-03 -8.850489999999999746e-01 4.654880000000000129e-01 -3.075000000000000042e-03
8.000000000000000000e+00 1.160000000000000000e+02 1.600000000000000000e+01 0.000000000000000000e+00 1.600000000000000089e+00 4.640000000000000027e-04 4.200000000000000174e-04 1.000000000000000000e+00 7.101899999999999880e-01 7.040100000000000247e-01 -6.250000000000000130e-04 -7.040100000000000247e-01 7.101899999999999880e-01 2.900000000000000017e-05
1.200000000000000000e+01 1.160000000000000000e+02 1.600000000000000000e+01 0.000000000000000000e+00 1.600000000000000089e+00 1.446999999999999936e-03 -1.786999999999999960e-03 9.999970000000000248e-01 7.095129999999999493e-01 7.046919999999999851e-01 2.320000000000000014e-04 -7.046909999999999563e-01 7.095110000000000028e-01 2.288000000000000103e-03
1.700000000000000000e+01 1.160000000000000000e+02 1.600000000000000000e+01 0.000000000000000000e+00 1.600000000000000089e+00 3.499999999999999964e-04 1.056000000000000081e-03 9.999989999999999712e-01 7.249830000000000441e-01 6.887659999999999894e-01 -9.810000000000001011e-04 -6.887659999999999894e-01 7.249830000000000441e-01 -5.249999999999999676e-04
2.100000000000000000e+01 1.160000000000000000e+02 1.600000000000000000e+01 0.000000000000000000e+00 1.600000000000000089e+00 -1.382999999999999898e-03 -1.812999999999999941e-03 9.999970000000000248e-01 7.267019999999999591e-01 6.869490000000000318e-01 2.250999999999999963e-03 -6.869520000000000071e-01 7.267029999999999879e-01 3.669999999999999760e-04
2.400000000000000000e+01 1.160000000000000000e+02 1.600000000000000000e+01 0.000000000000000000e+00 1.600000000000000089e+00 -1.121000000000000035e-03 -8.700000000000000051e-04 9.999989999999999712e-01 6.960239999999999760e-01 7.180170000000000163e-01 1.404999999999999999e-03 -7.180180000000000451e-01 6.960250000000000048e-01 -2.000000000000000096e-04
4.000000000000000000e+00 2.000000000000000000e+00 1.900000000000000000e+01 0.000000000000000000e+00 1.600000000000000089e+00 -2.360900000000000151e-02 -5.693999999999999756e-02 -9.980980000000000407e-01 2.032589999999999952e-01 -9.777970000000000272e-01 5.097399999999999848e-02 -9.788400000000000434e-01 -2.016689999999999872e-01 3.465800000000000131e-02
1.300000000000000000e+01 2.000000000000000000e+00 1.900000000000000000e+01 0.000000000000000000e+00 1.600000000000000089e+00 1.522800000000000022e-02 -1.745899999999999883e-02 -9.997319999999999540e-01 2.331959999999999866e-01 -9.722129999999999939e-01 2.053100000000000064e-02 -9.723100000000000076e-01 -2.334459999999999869e-01 -1.073299999999999949e-02
1.700000000000000000e+01 2.000000000000000000e+00 1.900000000000000000e+01 0.000000000000000000e+00 1.600000000000000089e+00 1.233300000000000021e-02 -4.303999999999999666e-03 -9.999149999999999983e-01 2.342779999999999863e-01 -9.721440000000000081e-01 7.074999999999999692e-03 -9.720910000000000384e-01 -2.343449999999999978e-01 -1.098099999999999944e-02
2.100000000000000000e+01 2.000000000000000000e+00 1.900000000000000000e+01 0.000000000000000000e+00 1.600000000000000089e+00 6.739000000000000198e-03 -1.062500000000000076e-02 -9.999209999999999487e-01 2.262550000000000117e-01 -9.739959999999999729e-01 1.187399999999999914e-02 -9.740450000000000497e-01 -2.263169999999999904e-01 -4.159999999999999636e-03
6.000000000000000000e+00 1.300000000000000000e+01 2.000000000000000000e+01 0.000000000000000000e+00 1.600000000000000089e+00 -1.210000000000000002e-04 2.220000000000000022e-04 1.000000000000000000e+00 2.650219999999999798e-01 9.642420000000000435e-01 -1.820000000000000057e-04 -9.642420000000000435e-01 2.650219999999999798e-01 -1.749999999999999982e-04
1.500000000000000000e+01 1.300000000000000000e+01 2.000000000000000000e+01 0.000000000000000000e+00 1.600000000000000089e+00 1.734999999999999997e-03 1.379000000000000017e-03 9.999980000000000535e-01 2.633050000000000113e-01 9.647109999999999852e-01 -1.786999999999999960e-03 -9.647109999999999852e-01 2.633070000000000133e-01 1.311000000000000099e-03
2.400000000000000000e+01 1.300000000000000000e+01 2.000000000000000000e+01 0.000000000000000000e+00 1.600000000000000089e+00 -8.450000000000000479e-04 3.458000000000000136e-03 9.999940000000000495e-01 2.631200000000000205e-01 9.647580000000000044e-01 -3.112999999999999882e-03 -9.647630000000000372e-01 2.631160000000000165e-01 -1.724999999999999971e-03
6.000000000000000000e+00 3.000000000000000000e+00 2.500000000000000000e+01 0.000000000000000000e+00 1.600000000000000089e+00 -2.256000000000000193e-03 -8.848999999999999228e-03 9.999580000000000135e-01 -4.032800000000000273e-02 -9.991470000000000073e-01 -8.932999999999999968e-03 9.991839999999999611e-01 -4.034700000000000092e-02 1.897000000000000032e-03
1.300000000000000000e+01 3.000000000000000000e+00 2.500000000000000000e+01 0.000000000000000000e+00 1.600000000000000089e+00 -2.955000000000000161e-03 -4.086000000000000222e-03 9.999869999999999592e-01 -3.607599999999999696e-02 -9.993400000000000061e-01 -4.190000000000000148e-03 9.993450000000000388e-01 -3.608800000000000202e-02 2.805000000000000202e-03
1.600000000000000000e+01 3.000000000000000000e+00 2.500000000000000000e+01 0.000000000000000000e+00 1.600000000000000089e+00 -1.649000000000000075e-03 7.522000000000000040e-03 9.999700000000000255e-01 -3.702899999999999942e-02 -9.992860000000000076e-01 7.454999999999999821e-03 9.993130000000000068e-01 -3.701600000000000029e-02 1.925999999999999978e-03
2.500000000000000000e+01 3.000000000000000000e+00 2.500000000000000000e+01 0.000000000000000000e+00 1.600000000000000089e+00 2.834000000000000147e-03 -1.640000000000000019e-04 9.999959999999999960e-01 -4.541400000000000298e-02 -9.989679999999999671e-01 -3.499999999999999693e-05 9.989639999999999631e-01 -4.541300000000000198e-02 -2.838999999999999944e-03
2.800000000000000000e+01 3.000000000000000000e+00 2.500000000000000000e+01 0.000000000000000000e+00 1.600000000000000089e+00 2.887999999999999942e-03 8.350000000000000217e-04 9.999949999999999672e-01 -4.839799999999999658e-02 -9.988280000000000491e-01 9.740000000000000394e-04 9.988240000000000451e-01 -4.840099999999999958e-02 -2.844000000000000174e-03
5.000000000000000000e+00 4.600000000000000000e+01 2.700000000000000000e+01 0.000000000000000000e+00 1.600000000000000089e+00 -2.066999999999999827e-03 -6.509999999999999945e-04 -9.999980000000000535e-01 6.763179999999999747e-01 7.366070000000000118e-01 -1.876999999999999979e-03 7.366070000000000118e-01 -6.763209999999999500e-01 -1.082000000000000062e-03
1.200000000000000000e+01 4.600000000000000000e+01 2.700000000000000000e+01 0.000000000000000000e+00 1.600000000000000089e+00 -3.159999999999999832e-04 1.480999999999999895e-03 -9.999989999999999712e-01 6.733540000000000081e-01 7.393189999999999484e-01 8.819999999999999715e-04 7.393199999999999772e-01 -6.733529999999999793e-01 -1.231000000000000106e-03
2.100000000000000000e+01 4.600000000000000000e+01 2.700000000000000000e+01 0.000000000000000000e+00 1.600000000000000089e+00 -5.039999999999999992e-04 2.220000000000000185e-03 -9.999970000000000248e-01 6.828969999999999763e-01 7.305139999999999967e-01 1.276999999999999923e-03 7.305150000000000254e-01 -6.828940000000000010e-01 -1.884999999999999957e-03
2.600000000000000000e+01 4.600000000000000000e+01 2.700000000000000000e+01 0.000000000000000000e+00 1.600000000000000089e+00 3.000000000000000076e-05 -7.089999999999999948e-04 -1.000000000000000000e+00 6.785390000000000033e-01 7.345639999999999947e-01 -5.010000000000000347e-04 7.345639999999999947e-01 -6.785390000000000033e-01 5.029999999999999749e-04
2.100000000000000000e+01 4.600000000000000000e+01 3.000000000000000000e+01 0.000000000000000000e+00 1.600000000000000089e+00 -6.960000000000000041e-04 -6.539999999999999590e-04 -1.000000000000000000e+00 3.333139999999999992e-01 9.428149999999999586e-01 -8.480000000000000124e-04 9.428159999999999874e-01 -3.333149999999999724e-01 -4.380000000000000213e-04
3.000000000000000000e+01 4.600000000000000000e+01 3.000000000000000000e+01 0.000000000000000000e+00 1.600000000000000089e+00 6.009999999999999717e-04 2.699000000000000010e-03 -9.999959999999999960e-01 3.314759999999999929e-01 9.434599999999999653e-01 2.745000000000000044e-03 9.434630000000000516e-01 -3.314770000000000216e-01 -3.280000000000000038e-04
2.000000000000000000e+00 5.800000000000000000e+01 3.100000000000000000e+01 0.000000000000000000e+00 1.600000000000000089e+00 -1.268000000000000030e-03 -1.842000000000000104e-03 9.999970000000000248e-01 -8.139899999999999913e-01 -5.808750000000000302e-01 -2.102000000000000136e-03 5.808769999999999767e-01 -8.139910000000000201e-01 -7.630000000000000063e-04
9.000000000000000000e+00 5.800000000000000000e+01 3.100000000000000000e+01 0.000000000000000000e+00 1.600000000000000089e+00 4.558000000000000419e-03 5.715999999999999727e-03 9.999730000000000008e-01 -8.143029999999999990e-01 -5.803979999999999695e-01 7.028999999999999658e-03 5.804219999999999935e-01 -8.143129999999999535e-01 2.008999999999999935e-03
1.300000000000000000e+01 5.800000000000000000e+01 3.100000000000000000e+01 0.000000000000000000e+00 1.600000000000000089e+00 4.793000000000000385e-03 1.312600000000000051e-02 9.999019999999999575e-01 -8.154280000000000417e-01 -5.787440000000000362e-01 1.150600000000000060e-02 5.788389999999999924e-01 -8.154040000000000177e-01 7.929000000000000284e-03
2.000000000000000000e+01 5.800000000000000000e+01 3.100000000000000000e+01 0.000000000000000000e+00 1.600000000000000089e+00 -1.631999999999999987e-03 -3.683000000000000076e-03 9.999919999999999920e-01 -8.147229999999999750e-01 -5.798410000000000508e-01 -3.465000000000000198e-03 5.798489999999999478e-01 -8.147219999999999462e-01 -2.054999999999999969e-03
2.500000000000000000e+01 5.800000000000000000e+01 3.100000000000000000e+01 0.000000000000000000e+00 1.600000000000000089e+00 2.579999999999999828e-04 -5.651999999999999906e-03 9.999839999999999840e-01 -8.111789999999999834e-01 -5.847890000000000033e-01 -3.095999999999999794e-03 5.847970000000000113e-01 -8.111660000000000537e-01 -4.735999999999999759e-03
3.000000000000000000e+01 5.800000000000000000e+01 3.100000000000000000e+01 0.000000000000000000e+00 1.600000000000000089e+00 -4.270999999999999623e-03 -6.170000000000000137e-03 9.999719999999999720e-01 -8.089370000000000172e-01 -5.878529999999999589e-01 -7.081999999999999754e-03 5.878799999999999581e-01 -8.089439999999999964e-01 -2.481000000000000132e-03
2.200000000000000000e+01 6.000000000000000000e+00 3.200000000000000000e+01 0.000000000000000000e+00 1.600000000000000089e+00 -3.840000000000000097e-04 -4.211000000000000333e-03 -9.999909999999999632e-01 9.667499999999999705e-02 9.953070000000000528e-01 -4.227999999999999987e-03 9.953159999999999785e-01 -9.667599999999999805e-02 2.500000000000000120e-05
2.100000000000000000e+01 5.900000000000000000e+01 3.200000000000000000e+01 0.000000000000000000e+00 1.600000000000000089e+00 2.599999999999999772e-04 -3.780000000000000265e-04 1.000000000000000000e+00 -7.257390000000000230e-01 -6.879699999999999704e-01 -7.100000000000000462e-05 6.879699999999999704e-01 -7.257390000000000230e-01 -4.530000000000000064e-04
3.000000000000000000e+00 4.600000000000000000e+01 3.500000000000000000e+01 0.000000000000000000e+00 1.600000000000000089e+00 5.199999999999999544e-04 1.861000000000000024e-03 -9.999980000000000535e-01 3.918780000000000041e-01 -9.200159999999999449e-01 -1.508999999999999925e-03 -9.200169999999999737e-01 -3.918760000000000021e-01 -1.208000000000000089e-03
9.000000000000000000e+00 4.600000000000000000e+01 3.500000000000000000e+01 0.000000000000000000e+00 1.600000000000000089e+00 -2.020000000000000040e-04 3.330000000000000169e-04 -1.000000000000000000e+00 3.926490000000000258e-01 -9.196879999999999500e-01 -3.860000000000000041e-04 -9.196879999999999500e-01 -3.926499999999999990e-01 5.500000000000000196e-05
1.300000000000000000e+01 4.600000000000000000e+01 3.500000000000000000e+01 0.000000000000000000e+00 1.600000000000000089e+00 1.681999999999999901e-03 2.674999999999999861e-03 -9.999949999999999672e-01 3.924730000000000163e-01 -9.197619999999999685e-01 -1.799999999999999951e-03 -9.197619999999999685e-01 -3.924679999999999835e-01 -2.596999999999999916e-03
1.800000000000000000e+01 4.600000000000000000e+01 3.500000000000000000e+01 0.000000000000000000e+00 1.600000000000000089e+00 1.423000000000000003e-03 -7.829999999999999504e-04 -9.999989999999999712e-01 3.919309999999999738e-01 -9.199939999999999785e-01 1.278000000000000056e-03 -9.199929999999999497e-01 -3.919329999999999758e-01 -1.002000000000000069e-03
2.300000000000000000e+01 4.600000000000000000e+01 3.500000000000000000e+01 0.000000000000000000e+00 1.600000000000000089e+00 -8.130000000000000291e-04 3.243999999999999922e-03 -9.999940000000000495e-01 3.905049999999999910e-01 -9.205950000000000522e-01 -3.304000000000000079e-03 -9.206010000000000026e-01 -3.905049999999999910e-01 -5.190000000000000386e-04
9.000000000000000000e+00 9.500000000000000000e+01 3.600000000000000000e+01 0.000000000000000000e+00 1.600000000000000089e+00 6.370999999999999927e-03 1.937300000000000133e-02 9.997920000000000140e-01 9.968209999999999571e-01 7.927800000000000125e-02 -7.887999999999999179e-03 -7.941399999999999848e-02 9.966639999999999944e-01 -1.880599999999999980e-02
1.400000000000000000e+01 9.500000000000000000e+01 3.700000000000000000e+01 0.000000000000000000e+00 1.600000000000000089e+00 1.060499999999999984e-02 -4.399999999999999886e-05 9.999440000000000550e-01 9.947190000000000198e-01 1.020940000000000042e-01 -1.054500000000000055e-02 -1.020879999999999982e-01 9.947749999999999648e-01 1.126999999999999964e-03
8.000000000000000000e+00 2.900000000000000000e+01 4.400000000000000000e+01 0.000000000000000000e+00 1.600000000000000089e+00 -3.900999999999999954e-03 -3.318999999999999902e-03 -9.999869999999999592e-01 6.796689999999999676e-01 7.335009999999999586e-01 -5.086000000000000243e-03 7.335080000000000489e-01 -6.796799999999999509e-01 -6.059999999999999849e-04
1.500000000000000000e+01 2.900000000000000000e+01 4.400000000000000000e+01 0.000000000000000000e+00 1.600000000000000089e+00 -1.099999999999999971e-05 -1.405999999999999915e-03 -9.999989999999999712e-01 6.759739999999999638e-01 7.369250000000000522e-01 -1.043000000000000090e-03 7.369250000000000522e-01 -6.759730000000000461e-01 9.420000000000000205e-04
1.800000000000000000e+01 2.900000000000000000e+01 4.400000000000000000e+01 0.000000000000000000e+00 1.600000000000000089e+00 -2.699999999999999899e-05 1.905000000000000009e-03 -9.999980000000000535e-01 6.715400000000000258e-01 7.409670000000000423e-01 1.392999999999999924e-03 7.409679999999999600e-01 -6.715389999999999970e-01 -1.299000000000000024e-03
2.000000000000000000e+01 2.900000000000000000e+01 4.400000000000000000e+01 0.000000000000000000e+00 1.600000000000000089e+00 -6.669999999999999497e-04 3.030999999999999840e-03 -9.999949999999999672e-01 6.686389999999999834e-01 7.435850000000000515e-01 1.807999999999999928e-03 7.435869999999999980e-01 -6.686349999999999794e-01 -2.523000000000000069e-03
1.100000000000000000e+01 5.000000000000000000e+00 5.100000000000000000e+01 0.000000000000000000e+00 1.600000000000000089e+00 7.225999999999999784e-03 3.789999999999999966e-04 -9.999740000000000295e-01 4.823310000000000097e-01 -8.759839999999999849e-01 3.152999999999999987e-03 -8.759590000000000432e-01 -4.823410000000000197e-01 -6.512999999999999692e-03
1.900000000000000000e+01 5.000000000000000000e+00 5.100000000000000000e+01 0.000000000000000000e+00 1.600000000000000089e+00 -3.337000000000000122e-03 1.508999999999999925e-03 -9.999930000000000208e-01 4.840110000000000245e-01 -8.750569999999999737e-01 -2.935999999999999808e-03 -8.750550000000000272e-01 -4.840180000000000038e-01 2.190000000000000106e-03
2.400000000000000000e+01 5.000000000000000000e+00 5.100000000000000000e+01 0.000000000000000000e+00 1.600000000000000089e+00 -5.330000000000000536e-04 -3.299999999999999982e-04 -1.000000000000000000e+00 4.860970000000000013e-01 -8.739050000000000429e-01 2.900000000000000017e-05 -8.739050000000000429e-01 -4.860970000000000013e-01 6.260000000000000373e-04
2.700000000000000000e+01 6.000000000000000000e+00 5.100000000000000000e+01 0.000000000000000000e+00 1.600000000000000089e+00 1.569999999999999944e-04 -8.490000000000000368e-04 -1.000000000000000000e+00 3.206220000000000181e-01 -9.472070000000000212e-01 8.540000000000000499e-04 -9.472070000000000212e-01 -3.206220000000000181e-01 1.240000000000000054e-04
1.800000000000000000e+01 1.150000000000000000e+02 5.100000000000000000e+01 0.000000000000000000e+00 1.600000000000000089e+00 -2.239999999999999966e-04 -6.551000000000000399e-03 9.999780000000000335e-01 8.454099999999999948e-01 -5.341080000000000272e-01 -3.310000000000000008e-03 5.341179999999999817e-01 8.453910000000000036e-01 5.657999999999999835e-03
2.000000000000000000e+00 6.300000000000000000e+01 5.400000000000000000e+01 0.000000000000000000e+00 1.600000000000000089e+00 6.530000000000000431e-04 2.102000000000000136e-03 9.999980000000000535e-01 -3.508749999999999925e-01 9.364209999999999479e-01 -1.739000000000000094e-03 -9.364219999999999766e-01 -3.508729999999999905e-01 1.348999999999999939e-03
1.200000000000000000e+01 6.300000000000000000e+01 5.400000000000000000e+01 0.000000000000000000e+00 1.600000000000000089e+00 1.613999999999999983e-03 4.169999999999999987e-04 9.999989999999999712e-01 -3.400679999999999814e-01 9.404010000000000424e-01 1.569999999999999944e-04 -9.404000000000000137e-01 -3.400679999999999814e-01 1.660000000000000017e-03
1.900000000000000000e+01 6.300000000000000000e+01 5.400000000000000000e+01 0.000000000000000000e+00 1.600000000000000089e+00 2.770000000000000110e-04 -1.720000000000000066e-04 1.000000000000000000e+00 -3.530249999999999777e-01 9.356139999999999457e-01 2.579999999999999828e-04 -9.356139999999999457e-01 -3.530249999999999777e-01 1.979999999999999881e-04
3.000000000000000000e+01 6.300000000000000000e+01 5.400000000000000000e+01 0.000000000000000000e+00 1.600000000000000089e+00 1.000999999999999937e-03 7.974999999999999450e-03 9.999679999999999680e-01 -3.498890000000000056e-01 9.367640000000000411e-01 -7.119999999999999593e-03 -9.367910000000000403e-01 -3.498709999999999876e-01 3.727999999999999977e-03
1.000000000000000000e+00 2.500000000000000000e+01 5.500000000000000000e+01 0.000000000000000000e+00 1.600000000000000089e+00 9.970000000000000563e-04 3.155999999999999951e-03 -9.999949999999999672e-01 -1.213700000000000022e-02 -9.999209999999999487e-01 -3.167999999999999809e-03 -9.999259999999999815e-01 1.213999999999999975e-02 -9.590000000000000000e-04
8.000000000000000000e+00 2.500000000000000000e+01 5.500000000000000000e+01 0.000000000000000000e+00 1.600000000000000089e+00 1.589999999999999888e-04 2.096000000000000207e-03 -9.999980000000000535e-01 -1.022900000000000025e-02 -9.999449999999999728e-01 -2.096999999999999906e-03 -9.999479999999999480e-01 1.022900000000000025e-02 -1.379999999999999933e-04
1.700000000000000000e+01 2.500000000000000000e+01 5.500000000000000000e+01 0.000000000000000000e+00 1.600000000000000089e+00 7.309999999999999875e-04 7.600000000000000418e-05 -1.000000000000000000e+00 -1.385400000000000000e-02 -9.999040000000000150e-01 -8.600000000000000331e-05 -9.999040000000000150e-01 1.385400000000000000e-02 -7.299999999999999632e-04
2.200000000000000000e+01 2.500000000000000000e+01 5.500000000000000000e+01 0.000000000000000000e+00 1.600000000000000089e+00 1.580999999999999940e-03 2.880000000000000181e-03 -9.999949999999999672e-01 -1.227499999999999945e-02 -9.999200000000000310e-01 -2.899000000000000101e-03 -9.999230000000000063e-01 1.227999999999999925e-02 -1.546000000000000065e-03
1.500000000000000000e+01 2.100000000000000000e+01 6.000000000000000000e+01 0.000000000000000000e+00 1.600000000000000089e+00 8.319999999999999488e-04 7.558999999999999747e-03 9.999710000000000543e-01 -9.639399999999999358e-02 9.953149999999999498e-01 -7.444000000000000096e-03 -9.953429999999999778e-01 -9.638499999999999845e-02 1.557000000000000007e-03
2.400000000000000000e+01 2.100000000000000000e+01 6.000000000000000000e+01 0.000000000000000000e+00 1.600000000000000089e+00 -8.360000000000000460e-04 -1.046000000000000055e-03 9.999989999999999712e-01 -9.781199999999999617e-02 9.952039999999999775e-01 9.600000000000000243e-04 -9.952050000000000063e-01 -9.781099999999999517e-02 -9.349999999999999587e-04
2.900000000000000000e+01 2.100000000000000000e+01 6.000000000000000000e+01 0.000000000000000000e+00 1.600000000000000089e+00 -2.618999999999999800e-03 -2.704999999999999939e-03 9.999930000000000208e-01 -9.709700000000000275e-02 9.952720000000000455e-01 2.438000000000000063e-03 -9.952720000000000455e-01 -9.708899999999999475e-02 -2.870000000000000155e-03
2.200000000000000000e+01 3.000000000000000000e+00 6.300000000000000000e+01 0.000000000000000000e+00 1.600000000000000089e+00 -5.159999999999999656e-04 2.126999999999999984e-03 9.999980000000000535e-01 -6.157219999999999915e-01 7.879610000000000225e-01 -1.994000000000000113e-03 -7.879629999999999690e-01 -6.157219999999999915e-01 9.030000000000000483e-04
7.000000000000000000e+00 2.700000000000000000e+01 6.300000000000000000e+01 0.000000000000000000e+00 1.600000000000000089e+00 3.530000000000000152e-04 -3.386999999999999820e-03 9.999940000000000495e-01 -2.718439999999999745e-01 9.623350000000000515e-01 3.356000000000000042e-03 -9.623410000000000020e-01 -2.718439999999999745e-01 -5.810000000000000277e-04
1.100000000000000000e+01 2.700000000000000000e+01 6.300000000000000000e+01 0.000000000000000000e+00 1.600000000000000089e+00 -9.529999999999999626e-04 2.919999999999999961e-04 9.999989999999999712e-01 -2.742859999999999743e-01 9.616479999999999473e-01 -5.419999999999999471e-04 -9.616479999999999473e-01 -2.742870000000000030e-01 -8.360000000000000460e-04
1.900000000000000000e+01 2.700000000000000000e+01 6.300000000000000000e+01 0.000000000000000000e+00 1.600000000000000089e+00 5.609999999999999752e-04 -1.144000000000000052e-03 9.999989999999999712e-01 -2.713729999999999754e-01 9.624730000000000230e-01 1.253999999999999906e-03 -9.624740000000000517e-01 -2.713729999999999754e-01 2.300000000000000070e-04
2.400000000000000000e+01 2.700000000000000000e+01 6.300000000000000000e+01 0.000000000000000000e+00 1.600000000000000089e+00 -1.085999999999999943e-03 5.770000000000000389e-04 9.999989999999999712e-01 -2.701129999999999920e-01 9.628280000000000172e-01 -8.490000000000000368e-04 -9.628280000000000172e-01 -2.701140000000000208e-01 -8.899999999999999491e-04
2.900000000000000000e+01 2.700000000000000000e+01 6.300000000000000000e+01 0.000000000000000000e+00 1.600000000000000089e+00 -1.438999999999999958e-03 -4.412000000000000123e-03 9.999890000000000168e-01 -2.690230000000000121e-01 9.631260000000000376e-01 3.861999999999999982e-03 -9.631330000000000169e-01 -2.690150000000000041e-01 -2.573000000000000200e-03
1.000000000000000000e+01 2.600000000000000000e+01 6.400000000000000000e+01 0.000000000000000000e+00 1.600000000000000089e+00 -2.959999999999999849e-04 1.070999999999999903e-03 9.999989999999999712e-01 -3.602600000000000247e-01 9.328509999999999858e-01 -1.105999999999999995e-03 -9.328520000000000145e-01 -3.602600000000000247e-01 1.100000000000000039e-04
1.500000000000000000e+01 2.600000000000000000e+01 6.400000000000000000e+01 0.000000000000000000e+00 1.600000000000000089e+00 4.739999999999999747e-04 5.150000000000000498e-04 1.000000000000000000e+00 -3.593000000000000083e-01 9.332219999999999960e-01 -3.099999999999999999e-04 -9.332219999999999960e-01 -3.593000000000000083e-01 6.269999999999999532e-04
1.800000000000000000e+01 2.600000000000000000e+01 6.400000000000000000e+01 0.000000000000000000e+00 1.600000000000000089e+00 6.329999999999999906e-04 -1.508000000000000009e-03 9.999989999999999712e-01 -3.559519999999999906e-01 9.345029999999999726e-01 1.634000000000000036e-03 -9.345040000000000013e-01 -3.559530000000000194e-01 5.500000000000000196e-05
2.100000000000000000e+01 2.600000000000000000e+01 6.400000000000000000e+01 0.000000000000000000e+00 1.600000000000000089e+00 -6.999999999999999387e-05 -1.988999999999999883e-03 9.999980000000000535e-01 -3.549619999999999997e-01 9.348790000000000155e-01 1.835000000000000043e-03 -9.348809999999999620e-01 -3.549619999999999997e-01 -7.709999999999999840e-04
2.900000000000000000e+01 2.600000000000000000e+01 6.400000000000000000e+01 0.000000000000000000e+00 1.600000000000000089e+00 -1.422000000000000087e-03 -3.710999999999999889e-03 9.999919999999999920e-01 -3.526759999999999895e-01 9.357410000000000450e-01 2.971000000000000116e-03 -9.357440000000000202e-01 -3.526690000000000103e-01 -2.639999999999999986e-03
1.400000000000000000e+01 6.900000000000000000e+01 6.600000000000000000e+01 0.000000000000000000e+00 1.600000000000000089e+00 -8.850000000000000444e-04 2.330000000000000040e-03 9.999970000000000248e-01 -9.517529999999999601e-01 3.068629999999999969e-01 -1.557999999999999923e-03 -3.068649999999999989e-01 -9.517510000000000137e-01 1.946000000000000030e-03
2.300000000000000000e+01 6.900000000000000000e+01 6.600000000000000000e+01 0.000000000000000000e+00 1.600000000000000089e+00 -1.213000000000000102e-03 3.809999999999999910e-04 9.999989999999999712e-01 -9.512950000000000017e-01 3.082790000000000252e-01 -1.271999999999999910e-03 -3.082790000000000252e-01 -9.512960000000000305e-01 -1.099999999999999971e-05
1.400000000000000000e+01 2.500000000000000000e+01 7.300000000000000000e+01 0.000000000000000000e+00 1.600000000000000089e+00 -3.216999999999999808e-03 -7.207999999999999997e-03 9.999689999999999968e-01 7.380219999999999558e-01 -6.747720000000000384e-01 -2.488999999999999893e-03 6.747689999999999522e-01 7.379909999999999526e-01 7.490000000000000130e-03
2.000000000000000000e+01 2.500000000000000000e+01 7.300000000000000000e+01 0.000000000000000000e+00 1.600000000000000089e+00 -1.876000000000000063e-03 -4.403999999999999929e-03 9.999890000000000168e-01 7.349670000000000369e-01 -6.781009999999999538e-01 -1.606999999999999922e-03 6.781009999999999538e-01 7.349550000000000249e-01 4.508999999999999987e-03
2.800000000000000000e+01 2.500000000000000000e+01 7.300000000000000000e+01 0.000000000000000000e+00 1.600000000000000089e+00 -2.214999999999999955e-03 1.391000000000000092e-03 9.999970000000000248e-01 7.424920000000000408e-01 -6.698499999999999455e-01 2.576999999999999864e-03 6.698509999999999742e-01 7.424950000000000161e-01 4.510000000000000120e-04
6.000000000000000000e+00 4.400000000000000000e+01 7.300000000000000000e+01 0.000000000000000000e+00 1.600000000000000089e+00 2.895000000000000004e-03 3.510999999999999798e-03 9.999900000000000455e-01 5.454400000000000220e-02 -9.985060000000000047e-01 3.347999999999999848e-03 9.985070000000000334e-01 5.453299999999999814e-02 -3.082000000000000104e-03
9.000000000000000000e+00 4.400000000000000000e+01 7.300000000000000000e+01 0.000000000000000000e+00 1.600000000000000089e+00 1.665000000000000030e-03 2.508999999999999946e-03 9.999949999999999672e-01 5.442299999999999915e-02 -9.985150000000000414e-01 2.415000000000000046e-03 9.985169999999999879e-01 5.441900000000000209e-02 -1.799000000000000035e-03
1.400000000000000000e+01 4.400000000000000000e+01 7.300000000000000000e+01 0.000000000000000000e+00 1.600000000000000089e+00 -4.699999999999999859e-04 2.167000000000000089e-03 9.999980000000000535e-01 5.349799999999999695e-02 -9.985659999999999537e-01 2.188999999999999974e-03 9.985680000000000112e-01 5.349899999999999795e-02 3.530000000000000152e-04
1.800000000000000000e+01 4.400000000000000000e+01 7.300000000000000000e+01 0.000000000000000000e+00 1.600000000000000089e+00 -5.969999999999999829e-04 3.096999999999999927e-03 9.999949999999999672e-01 5.337299999999999683e-02 -9.985699999999999577e-01 3.124000000000000041e-03 9.985739999999999617e-01 5.337499999999999883e-02 4.310000000000000137e-04
2.100000000000000000e+01 4.400000000000000000e+01 7.300000000000000000e+01 0.000000000000000000e+00 1.600000000000000089e+00 -1.640000000000000019e-04 -1.877999999999999895e-03 9.999980000000000535e-01 5.434400000000000341e-02 -9.985209999999999919e-01 -1.866999999999999953e-03 9.985220000000000207e-01 5.434300000000000241e-02 2.660000000000000146e-04
2.600000000000000000e+01 4.400000000000000000e+01 7.300000000000000000e+01 0.000000000000000000e+00 1.600000000000000089e+00 -1.832000000000000078e-03 -1.348999999999999939e-03 9.999970000000000248e-01 5.375900000000000123e-02 -9.985530000000000239e-01 -1.247999999999999977e-03 9.985519999999999952e-01 5.375599999999999823e-02 1.902000000000000045e-03
6.000000000000000000e+00 2.500000000000000000e+01 7.400000000000000000e+01 0.000000000000000000e+00 1.600000000000000089e+00 1.930000000000000075e-03 2.699999999999999899e-05 9.999980000000000535e-01 8.346219999999999750e-01 -5.508199999999999763e-01 -1.595999999999999979e-03 5.508189999999999475e-01 8.346240000000000325e-01 -1.085999999999999943e-03
1.100000000000000000e+01 2.500000000000000000e+01 7.400000000000000000e+01 0.000000000000000000e+00 1.600000000000000089e+00 1.477999999999999930e-03 -6.029999999999999770e-03 9.999810000000000088e-01 8.276390000000000136e-01 -5.612420000000000186e-01 -4.608000000000000117e-03 5.612589999999999524e-01 8.276299999999999768e-01 4.160999999999999768e-03
