2.800000000000000000e+01 6.000000000000000000e+00 4.000000000000000000e+00 0.000000000000000000e+00 1.600000000000000089e+00 -1.079800000000000065e-01 -8.870699999999999419e-02 -9.901879999999999571e-01 -8.545660000000000478e-01 -5.006610000000000227e-01 1.380429999999999990e-01 -5.079930000000000279e-01 8.610860000000000181e-01 -2.174500000000000044e-02
2.100000000000000000e+01 1.300000000000000000e+01 5.000000000000000000e+00 0.000000000000000000e+00 1.600000000000000089e+00 1.937300000000000133e-02 -1.091690000000000021e-01 9.938339999999999952e-01 3.674319999999999808e-01 -9.236849999999999783e-01 -1.086249999999999993e-01 9.298480000000000079e-01 3.672710000000000141e-01 2.221800000000000164e-02
2.000000000000000000e+01 1.000000000000000000e+00 6.000000000000000000e+00 0.000000000000000000e+00 1.600000000000000089e+00 2.050300000000000039e-02 -1.250890000000000057e-01 -9.919339999999999824e-01 -1.762829999999999953e-01 -9.770499999999999741e-01 1.195689999999999947e-01 -9.841259999999999453e-01 1.724090000000000067e-01 -4.208300000000000235e-02
9.000000000000000000e+00 1.010000000000000000e+02 7.000000000000000000e+00 0.000000000000000000e+00 1.600000000000000089e+00 -2.471999999999999805e-03 5.029999999999999749e-04 9.999970000000000248e-01 8.883210000000000273e-01 4.592189999999999883e-01 1.964000000000000034e-03 -4.592160000000000131e-01 8.883229999999999738e-01 -1.582000000000000073e-03
2.000000000000000000e+01 1.010000000000000000e+02 7.000000000000000000e+00 0.000000000000000000e+00 1.600000000000000089e+00 1.680000000000000070e-03 -1.783200000000000063e-02 9.998399999999999510e-01 8.861759999999999637e-01 4.632979999999999876e-01 6.773999999999999640e-03 -4.633450000000000069e-01 8.860230000000000050e-01 1.658099999999999852e-02
3.000000000000000000e+00 2.500000000000000000e+01 8.000000000000000000e+00 0.000000000000000000e+00 1.600000000000000089e+00 1.990000000000000124e-04 3.534999999999999948e-03 -9.999940000000000495e-01 4.375459999999999905e-01 8.991900000000000448e-01 3.265999999999999806e-03 8.991959999999999953e-01 -4.375439999999999885e-01 -1.368000000000000075e-03
7.000000000000000000e+00 2.500000000000000000e+01 8.000000000000000000e+00 0.000000000000000000e+00 1.600000000000000089e+00 8.559999999999999901e-04 4.446000000000000299e-03 -9.999900000000000455e-01 4.395310000000000050e-01 8.982170000000000432e-01 4.369999999999999753e-03 8.982269999999999976e-01 -4.395310000000000050e-01 -1.185000000000000072e-03
1.100000000000000000e+01 2.500000000000000000e+01 8.000000000000000000e+00 0.000000000000000000e+00 1.600000000000000089e+00 5.379999999999999583e-04 -1.788000000000000093e-03 -9.999980000000000535e-01 4.405299999999999772e-01 8.977370000000000072e-01 -1.368000000000000075e-03 8.977380000000000360e-01 -4.405290000000000039e-01 1.270000000000000078e-03
1.500000000000000000e+01 2.500000000000000000e+01 8.000000000000000000e+00 0.000000000000000000e+00 1.600000000000000089e+00 8.319999999999999488e-04 -5.529999999999999976e-04 -1.000000000000000000e+00 4.403369999999999784e-01 8.978329999999999922e-01 -1.299999999999999886e-04 8.978319999999999634e-01 -4.403369999999999784e-01 9.899999999999999946e-04
1.800000000000000000e+01 2.500000000000000000e+01 8.000000000000000000e+00 0.000000000000000000e+00 1.600000000000000089e+00 1.090999999999999956e-03 3.987000000000000093e-03 -9.999909999999999632e-01 4.399230000000000085e-01 8.980259999999999909e-01 4.060000000000000241e-03 8.980350000000000277e-01 -4.399230000000000085e-01 -7.739999999999999485e-04
2.400000000000000000e+01 2.500000000000000000e+01 8.000000000000000000e+00 0.000000000000000000e+00 1.600000000000000089e+00 1.245000000000000013e-03 4.766000000000000271e-03 -9.999879999999999880e-01 4.393050000000000010e-01 8.983250000000000401e-01 4.827999999999999826e-03 8.983370000000000521e-01 -4.393050000000000010e-01 -9.759999999999999796e-04
2.800000000000000000e+01 2.500000000000000000e+01 8.000000000000000000e+00 0.000000000000000000e+00 1.600000000000000089e+00 1.629000000000000023e-03 -2.043000000000000111e-03 -9.999970000000000248e-01 4.397249999999999770e-01 8.981320000000000414e-01 -1.118999999999999986e-03 8.981310000000000127e-01 -4.397220000000000018e-01 2.361999999999999950e-03
2.000000000000000000e+00 2.400000000000000000e+01 9.000000000000000000e+00 0.000000000000000000e+00 1.600000000000000089e+00 1.720000000000000066e-04 1.824000000000000100e-03 -9.999980000000000535e-01 4.437389999999999946e-01 8.961540000000000061e-01 1.711000000000000064e-03 8.961559999999999526e-01 -4.437389999999999946e-01 -6.549999999999999833e-04
6.000000000000000000e+00 2.400000000000000000e+01 9.000000000000000000e+00 0.000000000000000000e+00 1.600000000000000089e+00 -3.390000000000000001e-04 5.656999999999999702e-03 -9.999839999999999840e-01 4.455629999999999868e-01 8.952369999999999495e-01 4.913999999999999965e-03 8.952510000000000190e-01 -4.455540000000000056e-01 -2.824000000000000121e-03
1.000000000000000000e+01 2.400000000000000000e+01 9.000000000000000000e+00 0.000000000000000000e+00 1.600000000000000089e+00 7.389999999999999651e-04 3.899999999999999929e-05 -1.000000000000000000e+00 4.479179999999999828e-01 8.940740000000000354e-01 3.660000000000000059e-04 8.940740000000000354e-01 -4.479179999999999828e-01 6.440000000000000412e-04
1.400000000000000000e+01 2.400000000000000000e+01 9.000000000000000000e+00 0.000000000000000000e+00 1.600000000000000089e+00 6.909999999999999910e-04 -2.549000000000000050e-03 -9.999970000000000248e-01 4.478659999999999863e-01 8.940989999999999771e-01 -1.969999999999999963e-03 8.941000000000000059e-01 -4.478630000000000111e-01 1.758999999999999930e-03
1.900000000000000000e+01 2.400000000000000000e+01 9.000000000000000000e+00 0.000000000000000000e+00 1.600000000000000089e+00 8.229999999999999469e-04 5.265999999999999848e-03 -9.999860000000000415e-01 4.464170000000000083e-01 8.948110000000000230e-01 5.080000000000000314e-03 8.948249999999999815e-01 -4.464150000000000063e-01 -1.613999999999999983e-03
2.500000000000000000e+01 2.400000000000000000e+01 9.000000000000000000e+00 0.000000000000000000e+00 1.600000000000000089e+00 9.719999999999999907e-04 3.798000000000000161e-03 -9.999919999999999920e-01 4.459400000000000031e-01 8.950550000000000450e-01 3.833000000000000036e-03 8.950620000000000243e-01 -4.459400000000000031e-01 -8.239999999999999712e-04
1.200000000000000000e+01 7.000000000000000000e+00 1.000000000000000000e+01 0.000000000000000000e+00 1.600000000000000089e+00 -1.375510000000000066e-01 -7.334300000000000541e-02 -9.877759999999999874e-01 -9.509079999999999755e-01 -2.693380000000000218e-01 1.524159999999999959e-01 -2.772240000000000260e-01 9.602490000000000192e-01 -3.269400000000000084e-02
4.000000000000000000e+00 8.000000000000000000e+00 1.000000000000000000e+01 0.000000000000000000e+00 1.600000000000000089e+00 -1.164099999999999996e-01 -4.782200000000000339e-02 -9.920489999999999586e-01 -9.813770000000000548e-01 -1.481320000000000137e-01 1.222980000000000039e-01 -1.528019999999999934e-01 9.878109999999999946e-01 -2.968799999999999911e-02
1.200000000000000000e+01 3.000000000000000000e+00 1.100000000000000000e+01 0.000000000000000000e+00 1.600000000000000089e+00 1.486200000000000021e-02 -1.502030000000000032e-01 9.885439999999999783e-01 1.965909999999999880e-01 -9.689159999999999995e-01 -1.501760000000000039e-01 9.803730000000000500e-01 1.965709999999999957e-01 1.512900000000000009e-02
9.000000000000000000e+00 3.100000000000000000e+01 1.200000000000000000e+01 0.000000000000000000e+00 1.600000000000000089e+00 -5.649999999999999641e-04 4.815999999999999968e-03 9.999879999999999880e-01 -3.063799999999999857e-02 9.995190000000000463e-01 -4.831000000000000225e-03 -9.995300000000000296e-01 -3.064000000000000057e-02 -4.180000000000000230e-04
3.000000000000000000e+00 3.500000000000000000e+01 1.200000000000000000e+01 0.000000000000000000e+00 1.600000000000000089e+00 -3.007999999999999823e-03 4.500999999999999793e-03 -9.999850000000000128e-01 4.548360000000000181e-01 -8.905589999999999895e-01 -5.376999999999999835e-03 -8.905699999999999728e-01 -4.548459999999999726e-01 6.310000000000000504e-04
2.100000000000000000e+01 3.200000000000000000e+01 1.400000000000000000e+01 0.000000000000000000e+00 1.600000000000000089e+00 -1.327999999999999970e-03 -4.119000000000000265e-03 -9.999909999999999632e-01 1.263340000000000019e-01 9.919790000000000552e-01 -4.253999999999999969e-03 9.919869999999999521e-01 -1.263380000000000059e-01 -7.969999999999999654e-04
1.800000000000000000e+01 1.200000000000000000e+01 1.500000000000000000e+01 0.000000000000000000e+00 1.600000000000000089e+00 1.136999999999999990e-02 1.704900000000000165e-02 -9.997899999999999565e-01 -4.021640000000000215e-01 -9.153449999999999642e-01 -2.018299999999999955e-02 -9.154970000000000052e-01 4.023090000000000277e-01 -3.550999999999999903e-03
2.500000000000000000e+01 1.200000000000000000e+01 1.500000000000000000e+01 0.000000000000000000e+00 1.600000000000000089e+00 1.786999999999999960e-03 -4.291999999999999808e-03 -9.999890000000000168e-01 -4.332469999999999932e-01 -9.012700000000000156e-01 3.093999999999999962e-03 -9.012729999999999908e-01 4.332369999999999832e-01 -3.469999999999999994e-03
2.900000000000000000e+01 1.200000000000000000e+01 1.500000000000000000e+01 0.000000000000000000e+00 1.600000000000000089e+00 2.443999999999999992e-03 -4.104000000000000009e-03 -9.999890000000000168e-01 -4.421300000000000230e-01 -8.969470000000000498e-01 2.601000000000000013e-03 -8.969479999999999675e-01 4.421189999999999842e-01 -4.006000000000000012e-03
1.600000000000000000e+01 1.160000000000000000e+02 1.600000000000000000e+01 0.000000000000000000e+00 1.600000000000000089e+00 9.349999999999999587e-04 1.546000000000000065e-03 9.999980000000000535e-01 7.022230000000000416e-01 7.119550000000000045e-01 -1.757000000000000098e-03 -7.119569999999999510e-01 7.022230000000000416e-01 -4.200000000000000174e-04
4.000000000000000000e+00 2.000000000000000000e+00 1.900000000000000000e+01 0.000000000000000000e+00 1.600000000000000089e+00 1.197699999999999980e-02 -6.632699999999999707e-02 -9.977260000000000018e-01 3.629049999999999776e-01 -9.294759999999999689e-01 6.614599999999999647e-02 -9.317490000000000494e-01 -3.628719999999999724e-01 1.293799999999999985e-02
8.000000000000000000e+00 2.000000000000000000e+00 1.900000000000000000e+01 0.000000000000000000e+00 1.600000000000000089e+00 1.415499999999999918e-02 -5.642699999999999799e-02 -9.983060000000000267e-01 3.667030000000000012e-01 -9.285480000000000400e-01 5.768399999999999916e-02 -9.302300000000000013e-01 -3.668989999999999752e-01 7.548000000000000022e-03
1.400000000000000000e+01 2.000000000000000000e+00 1.900000000000000000e+01 0.000000000000000000e+00 1.600000000000000089e+00 6.163000000000000075e-03 -4.436199999999999866e-02 -9.989959999999999951e-01 3.544019999999999948e-01 -9.340730000000000421e-01 4.366600000000000342e-02 -9.350730000000000430e-01 -3.543160000000000198e-01 9.964999999999999900e-03
1.700000000000000000e+01 2.000000000000000000e+00 1.900000000000000000e+01 0.000000000000000000e+00 1.600000000000000089e+00 -1.618999999999999996e-03 -6.670800000000000340e-02 -9.977709999999999635e-01 3.410579999999999723e-01 -9.379849999999999577e-01 6.215699999999999698e-02 -9.400410000000000155e-01 -3.401970000000000272e-01 2.426899999999999891e-02
2.200000000000000000e+01 2.000000000000000000e+00 1.900000000000000000e+01 0.000000000000000000e+00 1.600000000000000089e+00 -2.805900000000000061e-02 -6.823899999999999411e-02 -9.972739999999999938e-01 3.122340000000000115e-01 -9.483470000000000510e-01 5.610600000000000309e-02 -9.495909999999999629e-01 -3.098079999999999723e-01 4.791600000000000026e-02
2.500000000000000000e+01 2.000000000000000000e+00 1.900000000000000000e+01 0.000000000000000000e+00 1.600000000000000089e+00 -3.768699999999999828e-02 -6.729899999999999771e-02 -9.970210000000000461e-01 2.885550000000000059e-01 -9.559609999999999497e-01 5.362000000000000099e-02 -9.567210000000000436e-01 -2.856739999999999835e-01 5.544700000000000323e-02
1.100000000000000000e+01 3.000000000000000000e+00 1.900000000000000000e+01 0.000000000000000000e+00 1.600000000000000089e+00 1.234000000000000027e-02 -3.087300000000000114e-02 -9.994469999999999743e-01 3.336359999999999881e-01 -9.421169999999999822e-01 3.322200000000000153e-02 -9.426210000000000422e-01 -3.338610000000000189e-01 -1.325999999999999922e-03
1.600000000000000000e+01 3.000000000000000000e+00 1.900000000000000000e+01 0.000000000000000000e+00 1.600000000000000089e+00 -9.719999999999999907e-04 -4.942900000000000071e-02 -9.987770000000000259e-01 3.208799999999999986e-01 -9.459779999999999855e-01 4.650399999999999673e-02 -9.471190000000000442e-01 -3.204420000000000046e-01 1.677999999999999978e-02
2.100000000000000000e+01 3.000000000000000000e+00 1.900000000000000000e+01 0.000000000000000000e+00 1.600000000000000089e+00 -2.762699999999999878e-02 -6.737100000000000033e-02 -9.973450000000000371e-01 3.022699999999999831e-01 -9.515820000000000389e-01 5.590599999999999736e-02 -9.528219999999999468e-01 -2.999229999999999952e-01 4.665400000000000102e-02
1.700000000000000000e+01 4.000000000000000000e+00 2.000000000000000000e+01 0.000000000000000000e+00 1.600000000000000089e+00 -1.928999999999999942e-03 -2.916600000000000095e-02 -9.995730000000000448e-01 3.367829999999999990e-01 -9.412000000000000366e-01 2.681300000000000003e-02 -9.415799999999999725e-01 -3.365870000000000251e-01 1.163900000000000004e-02
1.000000000000000000e+00 1.300000000000000000e+01 2.000000000000000000e+01 0.000000000000000000e+00 1.600000000000000089e+00 1.299999999999999940e-03 5.177000000000000178e-03 9.999860000000000415e-01 2.606689999999999841e-01 9.654129999999999656e-01 -5.336999999999999730e-03 -9.654270000000000351e-01 2.606720000000000148e-01 -9.399999999999999448e-05
5.000000000000000000e+00 1.300000000000000000e+01 2.000000000000000000e+01 0.000000000000000000e+00 1.600000000000000089e+00 2.099999999999999884e-05 3.853999999999999787e-03 9.999930000000000208e-01 2.601800000000000224e-01 9.655529999999999946e-01 -3.726000000000000145e-03 -9.655599999999999739e-01 2.601780000000000204e-01 -9.829999999999999329e-04
1.000000000000000000e+01 1.300000000000000000e+01 2.000000000000000000e+01 0.000000000000000000e+00 1.600000000000000089e+00 -6.840000000000000377e-04 -2.648000000000000180e-03 9.999959999999999960e-01 2.595930000000000182e-01 9.657139999999999613e-01 2.733999999999999885e-03 -9.657179999999999653e-01 2.595939999999999914e-01 2.699999999999999899e-05
1.400000000000000000e+01 1.300000000000000000e+01 2.000000000000000000e+01 0.000000000000000000e+00 1.600000000000000089e+00 -1.809000000000000061e-03 -7.931000000000000549e-03 9.999670000000000503e-01 2.622929999999999984e-01 9.649539999999999784e-01 8.127999999999999808e-03 -9.649870000000000392e-01 2.622990000000000044e-01 3.350000000000000113e-04
1.900000000000000000e+01 1.300000000000000000e+01 2.000000000000000000e+01 0.000000000000000000e+00 1.600000000000000089e+00 -1.219999999999999974e-04 -3.222000000000000038e-03 9.999949999999999672e-01 2.647700000000000053e-01 9.643070000000000253e-01 3.139999999999999996e-03 -9.643119999999999470e-01 2.647689999999999766e-01 7.349999999999999763e-04
2.400000000000000000e+01 1.300000000000000000e+01 2.000000000000000000e+01 0.000000000000000000e+00 1.600000000000000089e+00 7.089999999999999948e-04 2.893999999999999871e-03 9.999959999999999960e-01 2.641229999999999967e-01 9.644840000000000080e-01 -2.978000000000000178e-03 -9.644890000000000407e-01 2.641240000000000254e-01 -8.000000000000000654e-05
2.700000000000000000e+01 1.300000000000000000e+01 2.000000000000000000e+01 0.000000000000000000e+00 1.600000000000000089e+00 3.600000000000000227e-04 5.739999999999999660e-04 1.000000000000000000e+00 2.624900000000000011e-01 9.649339999999999584e-01 -6.480000000000000300e-04 -9.649349999999999872e-01 2.624909999999999743e-01 1.969999999999999909e-04
7.000000000000000000e+00 3.000000000000000000e+00 2.500000000000000000e+01 0.000000000000000000e+00 1.600000000000000089e+00 1.470100000000000053e-02 -3.950100000000000139e-02 9.991109999999999713e-01 -2.831000000000000183e-03 -9.992170000000000218e-01 -3.946299999999999808e-02 9.998879999999999990e-01 -2.247999999999999998e-03 -1.480199999999999919e-02
1.300000000000000000e+01 3.000000000000000000e+00 2.500000000000000000e+01 0.000000000000000000e+00 1.600000000000000089e+00 -3.886000000000000131e-03 5.189000000000000036e-03 9.999789999999999512e-01 -3.858899999999999830e-02 -9.992419999999999636e-01 5.035000000000000413e-03 9.992480000000000251e-01 -3.856899999999999912e-02 4.082999999999999824e-03
2.800000000000000000e+01 3.000000000000000000e+00 2.500000000000000000e+01 0.000000000000000000e+00 1.600000000000000089e+00 -2.347000000000000128e-03 -1.330000000000000019e-03 9.999959999999999960e-01 -4.062899999999999845e-02 -9.991729999999999778e-01 -1.423999999999999919e-03 9.991719999999999491e-01 -4.063300000000000245e-02 2.291000000000000068e-03
2.000000000000000000e+00 4.600000000000000000e+01 2.700000000000000000e+01 0.000000000000000000e+00 1.600000000000000089e+00 9.060000000000000128e-04 2.462000000000000213e-03 -9.999970000000000248e-01 6.758239999999999803e-01 7.370590000000000197e-01 2.426999999999999904e-03 7.370630000000000237e-01 -6.758229999999999515e-01 -9.959999999999999236e-04
1.400000000000000000e+01 4.600000000000000000e+01 2.700000000000000000e+01 0.000000000000000000e+00 1.600000000000000089e+00 -4.350000000000000026e-04 -2.854999999999999899e-03 -9.999959999999999960e-01 6.807189999999999630e-01 7.325409999999999977e-01 -2.387999999999999932e-03 7.325450000000000017e-01 -6.807170000000000165e-01 1.624000000000000010e-03
2.300000000000000000e+01 4.600000000000000000e+01 2.700000000000000000e+01 0.000000000000000000e+00 1.600000000000000089e+00 -5.000000000000000104e-04 2.201999999999999964e-03 -9.999970000000000248e-01 6.779610000000000358e-01 7.350959999999999717e-01 1.280000000000000105e-03 7.350970000000000004e-01 -6.779589999999999783e-01 -1.860000000000000108e-03
2.500000000000000000e+01 4.600000000000000000e+01 3.000000000000000000e+01 0.000000000000000000e+00 1.600000000000000089e+00 -3.440000000000000132e-04 1.972999999999999927e-03 -9.999980000000000535e-01 3.306169999999999942e-01 9.437640000000000473e-01 1.747999999999999988e-03 9.437649999999999650e-01 -3.306149999999999922e-01 -9.770000000000000039e-04
2.700000000000000000e+01 4.600000000000000000e+01 3.000000000000000000e+01 0.000000000000000000e+00 1.600000000000000089e+00 9.799999999999999684e-04 2.539999999999999940e-04 -9.999989999999999712e-01 3.318780000000000063e-01 9.433219999999999938e-01 5.649999999999999641e-04 9.433219999999999938e-01 -3.318780000000000063e-01 8.409999999999999507e-04
3.000000000000000000e+00 5.800000000000000000e+01 3.100000000000000000e+01 0.000000000000000000e+00 1.600000000000000089e+00 -3.932999999999999864e-03 -1.314999999999999980e-03 9.999909999999999632e-01 -8.067830000000000279e-01 -5.908349999999999991e-01 -3.950000000000000386e-03 5.908349999999999991e-01 -8.067919999999999536e-01 1.263000000000000017e-03
8.000000000000000000e+00 5.800000000000000000e+01 3.100000000000000000e+01 0.000000000000000000e+00 1.600000000000000089e+00 -5.138000000000000206e-03 -3.949000000000000253e-03 9.999789999999999512e-01 -8.117760000000000531e-01 -5.839330000000000354e-01 -6.477000000000000118e-03 5.839469999999999938e-01 -8.117919999999999581e-01 -2.049999999999999956e-04
1.200000000000000000e+01 5.800000000000000000e+01 3.100000000000000000e+01 0.000000000000000000e+00 1.600000000000000089e+00 2.259999999999999910e-04 1.337999999999999997e-03 9.999989999999999712e-01 -8.120979999999999865e-01 -5.835200000000000387e-01 9.640000000000000131e-04 5.835200000000000387e-01 -8.120979999999999865e-01 9.550000000000000112e-04
1.600000000000000000e+01 5.800000000000000000e+01 3.100000000000000000e+01 0.000000000000000000e+00 1.600000000000000089e+00 3.387999999999999953e-03 3.968000000000000173e-03 9.999860000000000415e-01 -8.097499999999999698e-01 -5.867529999999999690e-01 5.072000000000000119e-03 5.867649999999999810e-01 -8.097560000000000313e-01 1.224999999999999960e-03
2.300000000000000000e+01 5.800000000000000000e+01 3.100000000000000000e+01 0.000000000000000000e+00 1.600000000000000089e+00 -2.011000000000000201e-03 -4.758000000000000076e-03 9.999869999999999592e-01 -8.146050000000000235e-01 -5.799990000000000423e-01 -4.398000000000000000e-03 5.800119999999999720e-01 -8.146029999999999660e-01 -2.710000000000000169e-03
2.800000000000000000e+01 5.800000000000000000e+01 3.100000000000000000e+01 0.000000000000000000e+00 1.600000000000000089e+00 3.821000000000000178e-03 5.367000000000000243e-03 9.999780000000000335e-01 -8.133049999999999446e-01 -5.818039999999999878e-01 6.230000000000000294e-03 5.818250000000000366e-01 -8.133110000000000062e-01 2.141999999999999807e-03
4.000000000000000000e+00 4.600000000000000000e+01 3.500000000000000000e+01 0.000000000000000000e+00 1.600000000000000089e+00 -4.699999999999999724e-05 -1.732999999999999948e-03 -9.999989999999999712e-01 3.905049999999999910e-01 -9.205989999999999451e-01 1.577000000000000060e-03 -9.206010000000000026e-01 -3.905049999999999910e-01 7.200000000000000453e-04
1.100000000000000000e+01 4.600000000000000000e+01 3.500000000000000000e+01 0.000000000000000000e+00 1.600000000000000089e+00 3.699999999999999947e-04 -3.789999999999999966e-04 -1.000000000000000000e+00 3.921029999999999793e-01 -9.199209999999999887e-01 4.939999999999999730e-04 -9.199209999999999887e-01 -3.921040000000000081e-01 -1.920000000000000049e-04
1.300000000000000000e+01 4.600000000000000000e+01 3.500000000000000000e+01 0.000000000000000000e+00 1.600000000000000089e+00 2.689999999999999791e-04 1.090999999999999956e-03 -9.999989999999999712e-01 3.914380000000000082e-01 -9.202040000000000219e-01 -8.980000000000000352e-04 -9.202050000000000507e-01 -3.914369999999999794e-01 -6.750000000000000357e-04
2.100000000000000000e+01 4.600000000000000000e+01 3.500000000000000000e+01 0.000000000000000000e+00 1.600000000000000089e+00 -6.700000000000000226e-04 -9.799999999999999684e-05 -1.000000000000000000e+00 3.912109999999999754e-01 -9.203010000000000357e-01 -1.720000000000000066e-04 -9.203010000000000357e-01 -3.912109999999999754e-01 6.549999999999999833e-04
2.500000000000000000e+01 4.600000000000000000e+01 3.500000000000000000e+01 0.000000000000000000e+00 1.600000000000000089e+00 6.939999999999999555e-04 5.113000000000000357e-03 -9.999869999999999592e-01 3.905520000000000103e-01 -9.205699999999999994e-01 -4.435999999999999839e-03 -9.205809999999999826e-01 -3.905429999999999735e-01 -2.635999999999999888e-03
1.800000000000000000e+01 9.500000000000000000e+01 3.600000000000000000e+01 0.000000000000000000e+00 1.600000000000000089e+00 2.910000000000000260e-04 6.164000000000000208e-03 9.999810000000000088e-01 9.967369999999999841e-01 8.071599999999999608e-02 -7.870000000000000476e-04 -8.071899999999999908e-02 9.967179999999999929e-01 -6.120999999999999705e-03
2.100000000000000000e+01 9.500000000000000000e+01 3.600000000000000000e+01 0.000000000000000000e+00 1.600000000000000089e+00 -2.699999999999999899e-05 -8.519999999999999796e-03 9.999639999999999640e-01 9.967249999999999721e-01 8.086799999999999544e-02 7.159999999999999481e-04 -8.087099999999999844e-02 9.966880000000000184e-01 8.489999999999999283e-03
5.000000000000000000e+00 2.900000000000000000e+01 4.400000000000000000e+01 0.000000000000000000e+00 1.600000000000000089e+00 4.053000000000000179e-03 7.560000000000000530e-04 -9.999919999999999920e-01 6.640749999999999709e-01 7.476589999999999625e-01 3.256999999999999913e-03 7.476549999999999585e-01 -6.640829999999999789e-01 2.527999999999999865e-03
1.400000000000000000e+01 2.900000000000000000e+01 4.400000000000000000e+01 0.000000000000000000e+00 1.600000000000000089e+00 -1.209999999999999921e-03 4.139000000000000318e-03 -9.999909999999999632e-01 6.644670000000000298e-01 7.473140000000000338e-01 2.288999999999999802e-03 7.473170000000000091e-01 -6.644579999999999931e-01 -3.654999999999999829e-03
2.000000000000000000e+01 5.400000000000000000e+01 4.600000000000000000e+01 0.000000000000000000e+00 1.600000000000000089e+00 4.429999999999999802e-04 3.174000000000000172e-03 9.999949999999999672e-01 2.896639999999999771e-01 -9.571239999999999748e-01 2.909000000000000127e-03 9.571279999999999788e-01 2.896610000000000018e-01 -1.343999999999999926e-03
6.000000000000000000e+00 5.000000000000000000e+00 5.100000000000000000e+01 0.000000000000000000e+00 1.600000000000000089e+00 9.089999999999999773e-04 -1.501700000000000083e-02 -9.998869999999999703e-01 4.829169999999999852e-01 -8.755610000000000337e-01 1.358900000000000038e-02 -8.756660000000000554e-01 -4.828749999999999987e-01 6.455999999999999933e-03
1.700000000000000000e+01 5.000000000000000000e+00 5.100000000000000000e+01 0.000000000000000000e+00 1.600000000000000089e+00 -2.093999999999999941e-03 2.857000000000000164e-03 -9.999940000000000495e-01 4.823500000000000010e-01 -8.759719999999999729e-01 -3.513000000000000064e-03 -8.759759999999999769e-01 -4.823540000000000050e-01 4.560000000000000251e-04
2.300000000000000000e+01 5.000000000000000000e+00 5.100000000000000000e+01 0.000000000000000000e+00 1.600000000000000089e+00 1.229999999999999974e-03 1.961000000000000069e-03 -9.999970000000000248e-01 4.905209999999999848e-01 -8.714290000000000092e-01 -1.105999999999999995e-03 -8.714279999999999804e-01 -4.905180000000000096e-01 -2.033999999999999784e-03
6.000000000000000000e+00 1.150000000000000000e+02 5.100000000000000000e+01 0.000000000000000000e+00 1.600000000000000089e+00 -2.393999999999999861e-03 3.350000000000000113e-03 9.999909999999999632e-01 8.457850000000000090e-01 -5.335100000000000398e-01 3.811999999999999850e-03 5.335180000000000478e-01 8.457869999999999555e-01 -1.556000000000000091e-03
4.000000000000000000e+00 6.300000000000000000e+01 5.400000000000000000e+01 0.000000000000000000e+00 1.600000000000000089e+00 -1.727999999999999935e-03 -2.726999999999999823e-03 9.999949999999999672e-01 -3.551949999999999830e-01 9.347900000000000098e-01 1.936000000000000004e-03 -9.347910000000000386e-01 -3.551900000000000057e-01 -2.583999999999999925e-03
9.000000000000000000e+00 6.300000000000000000e+01 5.400000000000000000e+01 0.000000000000000000e+00 1.600000000000000089e+00 -1.441000000000000007e-03 -1.518999999999999951e-03 9.999980000000000535e-01 -3.496630000000000016e-01 9.368750000000000133e-01 9.190000000000000035e-04 -9.368750000000000133e-01 -3.496609999999999996e-01 -1.881000000000000076e-03
2.100000000000000000e+01 6.300000000000000000e+01 5.400000000000000000e+01 0.000000000000000000e+00 1.600000000000000089e+00 -1.283999999999999985e-03 -3.157000000000000084e-03 9.999940000000000495e-01 -3.534649999999999737e-01 9.354440000000000532e-01 2.498999999999999919e-03 -9.354470000000000285e-01 -3.534599999999999964e-01 -2.317000000000000049e-03
2.500000000000000000e+01 6.300000000000000000e+01 5.400000000000000000e+01 0.000000000000000000e+00 1.600000000000000089e+00 -2.190000000000000106e-04 -6.700000000000000226e-04 1.000000000000000000e+00 -3.483970000000000122e-01 9.373470000000000413e-01 5.509999999999999490e-04 -9.373470000000000413e-01 -3.483970000000000122e-01 -4.389999999999999914e-04
1.100000000000000000e+01 2.500000000000000000e+01 5.500000000000000000e+01 0.000000000000000000e+00 1.600000000000000089e+00 -3.449999999999999833e-04 -3.147000000000000058e-03 -9.999949999999999672e-01 -1.488399999999999966e-02 -9.998839999999999950e-01 3.151999999999999854e-03 -9.998890000000000278e-01 1.488500000000000066e-02 2.979999999999999793e-04
1.400000000000000000e+01 2.500000000000000000e+01 5.500000000000000000e+01 0.000000000000000000e+00 1.600000000000000089e+00 3.950000000000000061e-04 3.171999999999999906e-03 -9.999949999999999672e-01 -1.502099999999999963e-02 -9.998820000000000485e-01 -3.177000000000000136e-03 -9.998869999999999703e-01 1.502299999999999990e-02 -3.469999999999999777e-04
1.900000000000000000e+01 2.500000000000000000e+01 5.500000000000000000e+01 0.000000000000000000e+00 1.600000000000000089e+00 -1.128000000000000096e-03 3.792999999999999931e-03 -9.999919999999999920e-01 -1.378099999999999985e-02 -9.998979999999999535e-01 -3.776999999999999975e-03 -9.999040000000000150e-01 1.377600000000000005e-02 1.180000000000000059e-03
8.000000000000000000e+00 5.800000000000000000e+01 5.900000000000000000e+01 0.000000000000000000e+00 1.600000000000000089e+00 -3.089999999999999756e-04 -4.213999999999999864e-03 -9.999909999999999632e-01 3.944670000000000121e-01 9.189019999999999966e-01 -3.995000000000000287e-03 9.189100000000000046e-01 -3.944639999999999813e-01 1.378000000000000102e-03
1.200000000000000000e+01 2.100000000000000000e+01 6.000000000000000000e+01 0.000000000000000000e+00 1.600000000000000089e+00 4.108999999999999805e-03 -7.999999999999999638e-06 9.999919999999999920e-01 -9.709800000000000375e-02 9.952750000000000208e-01 4.070000000000000267e-04 -9.952659999999999840e-01 -9.709900000000000475e-02 4.088999999999999753e-03
1.600000000000000000e+01 2.100000000000000000e+01 6.000000000000000000e+01 0.000000000000000000e+00 1.600000000000000089e+00 4.278999999999999818e-03 -1.746699999999999989e-02 9.998380000000000045e-01 -1.013109999999999983e-01 9.946949999999999958e-01 1.781100000000000044e-02 -9.948460000000000081e-01 -1.013710000000000028e-01 2.487000000000000061e-03
2.200000000000000000e+01 2.100000000000000000e+01 6.000000000000000000e+01 0.000000000000000000e+00 1.600000000000000089e+00 -2.213000000000000123e-03 2.079000000000000119e-03 9.999949999999999672e-01 -9.581900000000000139e-02 9.953959999999999475e-01 -2.281000000000000041e-03 -9.953959999999999475e-01 -9.582400000000000639e-02 -2.003000000000000006e-03
2.000000000000000000e+00 6.000000000000000000e+00 6.100000000000000000e+01 0.000000000000000000e+00 1.600000000000000089e+00 4.257999999999999632e-03 6.708000000000000421e-03 9.999679999999999680e-01 5.640800000000000258e-01 -8.257139999999999480e-01 3.138000000000000164e-03 8.257090000000000263e-01 5.640490000000000226e-01 -7.300000000000000065e-03
2.900000000000000000e+01 6.000000000000000000e+00 6.100000000000000000e+01 0.000000000000000000e+00 1.600000000000000089e+00 -3.601000000000000034e-03 -4.903000000000000240e-03 9.999820000000000375e-01 5.663059999999999761e-01 -8.241920000000000357e-01 -2.001999999999999873e-03 8.241870000000000029e-01 5.662890000000000423e-01 5.743999999999999974e-03
2.000000000000000000e+00 2.700000000000000000e+01 6.300000000000000000e+01 0.000000000000000000e+00 1.600000000000000089e+00 -4.640000000000000027e-04 4.553999999999999888e-03 9.999900000000000455e-01 -2.653780000000000028e-01 9.641340000000000465e-01 -4.513999999999999783e-03 -9.641440000000000010e-01 -2.653780000000000028e-01 7.609999999999999577e-04
1.200000000000000000e+01 2.700000000000000000e+01 6.300000000000000000e+01 0.000000000000000000e+00 1.600000000000000089e+00 4.070000000000000267e-04 -6.447999999999999739e-03 9.999789999999999512e-01 -2.731910000000000172e-01 9.619389999999999885e-01 6.313000000000000035e-03 -9.619600000000000373e-01 -2.731870000000000132e-01 -1.369999999999999907e-03
2.000000000000000000e+01 2.700000000000000000e+01 6.300000000000000000e+01 0.000000000000000000e+00 1.600000000000000089e+00 4.444000000000000034e-03 8.054999999999999660e-03 9.999580000000000135e-01 -2.732310000000000016e-01 9.619259999999999478e-01 -6.535000000000000010e-03 -9.619379999999999598e-01 -2.731910000000000172e-01 6.474999999999999853e-03
2.900000000000000000e+01 2.700000000000000000e+01 6.300000000000000000e+01 0.000000000000000000e+00 1.600000000000000089e+00 -3.833000000000000036e-03 -1.052999999999999943e-02 9.999369999999999647e-01 -2.738289999999999891e-01 9.617360000000000353e-01 9.077999999999999264e-03 -9.617710000000000425e-01 -2.737769999999999926e-01 -6.569000000000000186e-03
2.000000000000000000e+00 2.600000000000000000e+01 6.400000000000000000e+01 0.000000000000000000e+00 1.600000000000000089e+00 -1.374999999999999920e-03 8.125000000000000278e-03 9.999660000000000215e-01 -3.425989999999999869e-01 9.394470000000000320e-01 -8.104000000000000092e-03 -9.394810000000000105e-01 -3.425980000000000136e-01 1.492000000000000054e-03
1.300000000000000000e+01 2.600000000000000000e+01 6.400000000000000000e+01 0.000000000000000000e+00 1.600000000000000089e+00 1.958000000000000105e-03 -3.455000000000000172e-03 9.999919999999999920e-01 -3.552270000000000150e-01 9.347720000000000473e-01 3.924999999999999670e-03 -9.347779999999999978e-01 -3.552319999999999922e-01 6.030000000000000204e-04
1.600000000000000000e+01 2.600000000000000000e+01 6.400000000000000000e+01 0.000000000000000000e+00 1.600000000000000089e+00 4.245999999999999774e-03 3.923000000000000272e-03 9.999829999999999552e-01 -3.566449999999999898e-01 9.342380000000000129e-01 -2.151000000000000134e-03 -9.342300000000000049e-01 -3.566300000000000026e-01 5.366000000000000110e-03
2.200000000000000000e+01 2.600000000000000000e+01 6.400000000000000000e+01 0.000000000000000000e+00 1.600000000000000089e+00 3.739999999999999835e-03 5.762999999999999894e-03 9.999759999999999760e-01 -3.541159999999999863e-01 9.351930000000000520e-01 -4.066000000000000170e-03 -9.351939999999999698e-01 -3.540929999999999911e-01 5.538000000000000388e-03
1.800000000000000000e+01 6.900000000000000000e+01 6.600000000000000000e+01 0.000000000000000000e+00 1.600000000000000089e+00 1.154000000000000078e-03 -2.089000000000000145e-03 9.999970000000000248e-01 -9.487409999999999455e-01 3.160499999999999976e-01 1.755000000000000050e-03 -3.160529999999999728e-01 -9.487400000000000277e-01 -1.618000000000000081e-03
7.000000000000000000e+00 2.500000000000000000e+01 7.300000000000000000e+01 0.000000000000000000e+00 1.600000000000000089e+00 1.162999999999999971e-03 1.459999999999999926e-03 9.999980000000000535e-01 7.548030000000000017e-01 -6.559509999999999508e-01 8.000000000000000654e-05 6.559500000000000330e-01 7.548019999999999730e-01 -1.864999999999999904e-03
2.200000000000000000e+01 2.500000000000000000e+01 7.300000000000000000e+01 0.000000000000000000e+00 1.600000000000000089e+00 1.000000000000000048e-04 -1.673000000000000008e-03 9.999989999999999712e-01 7.481959999999999722e-01 -6.634769999999999834e-01 -1.185000000000000072e-03 6.634780000000000122e-01 7.481950000000000545e-01 1.185000000000000072e-03
2.700000000000000000e+01 2.500000000000000000e+01 7.300000000000000000e+01 0.000000000000000000e+00 1.600000000000000089e+00 6.999999999999999929e-04 8.054999999999999660e-03 9.999670000000000503e-01 7.534119999999999706e-01 -6.575309999999999766e-01 4.769999999999999934e-03 6.575480000000000214e-01 7.533840000000000536e-01 -6.529000000000000081e-03
5.000000000000000000e+00 4.400000000000000000e+01 7.300000000000000000e+01 0.000000000000000000e+00 1.600000000000000089e+00 -1.381000000000000066e-03 -4.648000000000000222e-03 9.999879999999999880e-01 5.688599999999999907e-02 -9.983699999999999797e-01 -4.562000000000000083e-03 9.983800000000000452e-01 5.687899999999999900e-02 1.642999999999999929e-03
1.200000000000000000e+01 4.400000000000000000e+01 7.300000000000000000e+01 0.000000000000000000e+00 1.600000000000000089e+00 -4.081000000000000426e-03 -1.625700000000000062e-02 9.998590000000000533e-01 5.334300000000000153e-02 -9.984480000000000022e-01 -1.601599999999999899e-02 9.985680000000000112e-01 5.326999999999999791e-02 4.941000000000000079e-03
2.600000000000000000e+01 4.400000000000000000e+01 7.300000000000000000e+01 0.000000000000000000e+00 1.600000000000000089e+00 1.080799999999999990e-02 1.487400000000000007e-02 9.998310000000000253e-01 5.244000000000000050e-02 -9.985220000000000207e-01 1.428699999999999935e-02 9.985659999999999537e-01 5.227699999999999708e-02 -1.157200000000000069e-02
2.900000000000000000e+01 4.400000000000000000e+01 7.300000000000000000e+01 0.000000000000000000e+00 1.600000000000000089e+00 3.825999999999999974e-03 5.057999999999999996e-03 9.999799999999999800e-01 5.525000000000000050e-02 -9.984610000000000429e-01 4.839000000000000419e-03 9.984650000000000469e-01 5.523000000000000131e-02 -4.099000000000000213e-03
8.000000000000000000e+00 5.100000000000000000e+01 7.600000000000000000e+01 0.000000000000000000e+00 1.600000000000000089e+00 -9.520000000000000467e-04 -5.414000000000000409e-03 -9.999850000000000128e-01 -3.925759999999999805e-01 -9.197039999999999660e-01 5.353000000000000119e-03 -9.197189999999999532e-01 3.925750000000000073e-01 -1.250000000000000026e-03
2.000000000000000000e+00 9.100000000000000000e+01 7.600000000000000000e+01 0.000000000000000000e+00 1.600000000000000089e+00 6.819999999999999890e-04 1.180999999999999975e-03 9.999989999999999712e-01 3.797610000000000152e-01 -9.250840000000000174e-01 8.339999999999999974e-04 9.250850000000000461e-01 3.797599999999999865e-01 -1.079000000000000098e-03
5.000000000000000000e+00 9.100000000000000000e+01 7.600000000000000000e+01 0.000000000000000000e+00 1.600000000000000089e+00 -1.206999999999999957e-03 -9.579999999999999757e-04 9.999989999999999712e-01 3.750479999999999925e-01 -9.270049999999999679e-01 -4.360000000000000269e-04 9.270049999999999679e-01 3.750470000000000192e-01 1.479000000000000063e-03
1.300000000000000000e+01 9.100000000000000000e+01 7.600000000000000000e+01 0.000000000000000000e+00 1.600000000000000089e+00 -1.450000000000000009e-04 1.046000000000000055e-03 9.999989999999999712e-01 3.900669999999999971e-01 -9.207859999999999934e-01 1.018999999999999941e-03 9.207859999999999934e-01 3.900669999999999971e-01 -2.739999999999999923e-04
1.600000000000000000e+01 9.100000000000000000e+01 7.600000000000000000e+01 0.000000000000000000e+00 1.600000000000000089e+00 -3.840000000000000097e-04 -1.724999999999999971e-03 9.999980000000000535e-01 3.844980000000000064e-01 -9.231249999999999734e-01 -1.443999999999999971e-03 9.231260000000000021e-01 3.844969999999999777e-01 1.018000000000000025e-03
2.200000000000000000e+01 9.100000000000000000e+01 7.600000000000000000e+01 0.000000000000000000e+00 1.600000000000000089e+00 2.164000000000000125e-03 8.899999999999999491e-05 9.999980000000000535e-01 3.596039999999999792e-01 -9.331049999999999622e-01 -6.949999999999999798e-04 9.331030000000000157e-01 3.596039999999999792e-01 -2.050999999999999872e-03
2.500000000000000000e+01 9.100000000000000000e+01 7.600000000000000000e+01 0.000000000000000000e+00 1.600000000000000089e+00 3.178999999999999968e-03 8.530000000000000256e-04 9.999949999999999672e-01 3.533040000000000069e-01 -9.355090000000000350e-01 -3.260000000000000094e-04 9.355029999999999735e-01 3.533029999999999782e-01 -3.275000000000000133e-03
2.900000000000000000e+01 9.100000000000000000e+01 7.600000000000000000e+01 0.000000000000000000e+00 1.600000000000000089e+00 2.206000000000000062e-03 2.053999999999999836e-03 9.999949999999999672e-01 3.518819999999999726e-01 -9.360439999999999872e-01 1.146000000000000100e-03 9.360420000000000407e-01 3.518780000000000241e-01 -2.786999999999999981e-03
6.000000000000000000e+00 6.300000000000000000e+01 8.100000000000000000e+01 0.000000000000000000e+00 1.600000000000000089e+00 -5.728999999999999718e-03 -2.168999999999999921e-03 9.999810000000000088e-01 1.543699999999999933e-02 -9.998789999999999623e-01 -2.079999999999999818e-03 9.998639999999999750e-01 1.542400000000000021e-02 5.761999999999999761e-03
1.600000000000000000e+01 4.400000000000000000e+01 8.300000000000000000e+01 0.000000000000000000e+00 1.600000000000000089e+00 -2.000000000000000164e-05 4.955699999999999689e-02 9.987709999999999644e-01 5.166690000000000449e-01 -8.551330000000000320e-01 4.243999999999999856e-02 8.561849999999999739e-01 5.160350000000000215e-01 -2.558799999999999963e-02
