1.400000000000000000e+01 2.500000000000000000e+01 1.000000000000000000e+00 0.000000000000000000e+00 1.600000000000000089e+00 -4.063999999999999904e-03 -4.662000000000000345e-03 -9.999810000000000088e-01 -5.310570000000000013e-01 -8.473140000000000116e-01 6.107999999999999714e-03 -8.473270000000000524e-01 5.310709999999999598e-01 9.669999999999999776e-04
2.300000000000000000e+01 2.500000000000000000e+01 1.000000000000000000e+00 0.000000000000000000e+00 1.600000000000000089e+00 -7.569999999999999689e-04 -3.154000000000000119e-03 -9.999949999999999672e-01 -5.252250000000000529e-01 -8.509579999999999922e-01 3.080999999999999971e-03 -8.509630000000000249e-01 5.252250000000000529e-01 -1.013000000000000012e-03
2.000000000000000000e+00 1.500000000000000000e+01 4.000000000000000000e+00 0.000000000000000000e+00 1.600000000000000089e+00 -3.305000000000000212e-03 -1.152000000000000029e-03 9.999940000000000495e-01 2.962679999999999758e-01 -9.551049999999999818e-01 -1.219999999999999974e-04 9.550990000000000313e-01 2.962659999999999738e-01 3.497999999999999807e-03
8.000000000000000000e+00 1.500000000000000000e+01 4.000000000000000000e+00 0.000000000000000000e+00 1.600000000000000089e+00 4.060000000000000024e-04 -2.760999999999999999e-03 9.999959999999999960e-01 2.939590000000000258e-01 -9.558140000000000525e-01 -2.759000000000000168e-03 9.558179999999999454e-01 2.939590000000000258e-01 4.240000000000000062e-04
1.400000000000000000e+01 1.500000000000000000e+01 4.000000000000000000e+00 0.000000000000000000e+00 1.600000000000000089e+00 2.750000000000000166e-04 -1.964700000000000127e-02 9.998070000000000013e-01 2.903589999999999782e-01 -9.567320000000000269e-01 -1.888000000000000095e-02 9.569180000000000463e-01 2.903080000000000105e-01 5.441999999999999789e-03
2.400000000000000000e+01 1.500000000000000000e+01 4.000000000000000000e+00 0.000000000000000000e+00 1.600000000000000089e+00 -2.322999999999999978e-03 -1.002600000000000019e-02 9.999470000000000303e-01 2.811660000000000270e-01 -9.596170000000000533e-01 -8.968000000000000277e-03 9.596559999999999535e-01 2.811310000000000198e-01 5.048999999999999669e-03
2.000000000000000000e+00 1.010000000000000000e+02 7.000000000000000000e+00 0.000000000000000000e+00 1.600000000000000089e+00 4.668000000000000274e-03 2.723000000000000160e-03 9.999850000000000128e-01 8.845070000000000432e-01 4.664949999999999930e-01 -5.399000000000000153e-03 -4.665030000000000010e-01 8.845190000000000552e-01 -2.310000000000000042e-04
1.000000000000000000e+01 1.010000000000000000e+02 7.000000000000000000e+00 0.000000000000000000e+00 1.600000000000000089e+00 -2.063999999999999863e-03 -1.562699999999999853e-02 9.998759999999999870e-01 8.867660000000000542e-01 4.621299999999999852e-01 9.053000000000000283e-03 -4.622140000000000137e-01 8.866749999999999909e-01 1.290400000000000054e-02
2.000000000000000000e+01 1.010000000000000000e+02 7.000000000000000000e+00 0.000000000000000000e+00 1.600000000000000089e+00 -1.090999999999999956e-03 -3.154000000000000119e-03 9.999940000000000495e-01 8.859489999999999865e-01 4.637760000000000216e-01 2.429999999999999868e-03 -4.637809999999999988e-01 8.859470000000000400e-01 2.288000000000000103e-03
2.600000000000000000e+01 1.010000000000000000e+02 7.000000000000000000e+00 0.000000000000000000e+00 1.600000000000000089e+00 -1.546000000000000065e-03 -3.193999999999999791e-03 9.999940000000000495e-01 8.839019999999999655e-01 4.676629999999999954e-01 2.860000000000000129e-03 -4.676690000000000014e-01 8.839010000000000478e-01 2.099999999999999870e-03
1.200000000000000000e+01 1.500000000000000000e+01 8.000000000000000000e+00 0.000000000000000000e+00 1.600000000000000089e+00 -2.096999999999999906e-03 -6.573999999999999982e-03 -9.999759999999999760e-01 -5.911969999999999725e-01 -8.065010000000000234e-01 6.542000000000000072e-03 -8.065250000000000474e-01 5.911969999999999725e-01 -2.196000000000000035e-03
1.600000000000000000e+01 1.500000000000000000e+01 8.000000000000000000e+00 0.000000000000000000e+00 1.600000000000000089e+00 -3.115000000000000147e-03 -2.016199999999999937e-02 -9.997920000000000140e-01 -5.937989999999999657e-01 -8.044099999999999584e-01 1.807200000000000126e-02 -8.046069999999999611e-01 5.937320000000000375e-01 -9.466999999999999721e-03
2.600000000000000000e+01 1.500000000000000000e+01 8.000000000000000000e+00 0.000000000000000000e+00 1.600000000000000089e+00 -4.225999999999999722e-03 -3.291000000000000088e-03 -9.999860000000000415e-01 -5.941710000000000047e-01 -8.043219999999999814e-01 5.158000000000000258e-03 -8.043280000000000429e-01 5.941840000000000455e-01 1.443999999999999971e-03
6.000000000000000000e+00 2.400000000000000000e+01 9.000000000000000000e+00 0.000000000000000000e+00 1.600000000000000089e+00 1.134000000000000025e-03 3.511999999999999931e-03 -9.999930000000000208e-01 4.596709999999999963e-01 8.880820000000000380e-01 3.640000000000000006e-03 8.880890000000000173e-01 -4.596720000000000250e-01 -6.070000000000000092e-04
1.100000000000000000e+01 2.400000000000000000e+01 9.000000000000000000e+00 0.000000000000000000e+00 1.600000000000000089e+00 2.370999999999999844e-03 8.448000000000000648e-03 -9.999609999999999888e-01 4.585879999999999956e-01 8.886070000000000357e-01 8.593999999999999209e-03 8.886460000000000470e-01 -4.585910000000000264e-01 -1.766999999999999908e-03
1.600000000000000000e+01 2.400000000000000000e+01 9.000000000000000000e+00 0.000000000000000000e+00 1.600000000000000089e+00 4.266999999999999960e-03 1.063300000000000009e-02 -9.999339999999999895e-01 4.581990000000000229e-01 8.887760000000000105e-01 1.140599999999999947e-02 8.888390000000000457e-01 -4.582180000000000142e-01 -1.080000000000000014e-03
1.800000000000000000e+01 2.400000000000000000e+01 9.000000000000000000e+00 0.000000000000000000e+00 1.600000000000000089e+00 4.536000000000000101e-03 1.042200000000000071e-02 -9.999350000000000183e-01 4.574650000000000105e-01 8.891550000000000287e-01 1.134199999999999965e-02 8.892160000000000064e-01 -4.574869999999999770e-01 -7.349999999999999763e-04
2.100000000000000000e+01 2.400000000000000000e+01 9.000000000000000000e+00 0.000000000000000000e+00 1.600000000000000089e+00 3.844999999999999894e-03 7.435999999999999902e-03 -9.999649999999999928e-01 4.560750000000000082e-01 8.899019999999999708e-01 8.371999999999999234e-03 8.899329999999999741e-01 -4.560910000000000242e-01 3.000000000000000076e-05
2.500000000000000000e+01 2.400000000000000000e+01 9.000000000000000000e+00 0.000000000000000000e+00 1.600000000000000089e+00 4.029999999999999837e-04 1.920000000000000049e-04 -1.000000000000000000e+00 4.540819999999999856e-01 8.909599999999999742e-01 3.539999999999999853e-04 8.909599999999999742e-01 -4.540819999999999856e-01 2.719999999999999979e-04
4.000000000000000000e+00 4.000000000000000000e+00 1.100000000000000000e+01 0.000000000000000000e+00 1.600000000000000089e+00 2.266999999999999918e-03 1.470400000000000006e-02 -9.998890000000000278e-01 2.079169999999999907e-01 9.780339999999999590e-01 1.485399999999999915e-02 9.781440000000000135e-01 -2.079280000000000017e-01 -8.400000000000000348e-04
8.000000000000000000e+00 4.000000000000000000e+00 1.100000000000000000e+01 0.000000000000000000e+00 1.600000000000000089e+00 3.106999999999999953e-03 2.108399999999999858e-02 -9.997730000000000228e-01 2.019499999999999906e-01 9.791649999999999521e-01 2.127700000000000077e-02 9.793910000000000116e-01 -2.019700000000000106e-01 -1.214999999999999934e-03
1.800000000000000000e+01 4.000000000000000000e+00 1.100000000000000000e+01 0.000000000000000000e+00 1.600000000000000089e+00 8.750000000000000182e-04 2.206299999999999928e-02 -9.997559999999999780e-01 1.752279999999999949e-01 9.842849999999999655e-01 2.187499999999999861e-02 9.845270000000000410e-01 -1.752049999999999996e-01 -3.004999999999999859e-03
5.000000000000000000e+00 3.100000000000000000e+01 1.200000000000000000e+01 0.000000000000000000e+00 1.600000000000000089e+00 -1.079999999999999960e-04 6.809999999999999647e-04 1.000000000000000000e+00 -1.663900000000000101e-02 9.998609999999999998e-01 -6.830000000000000134e-04 -9.998620000000000285e-01 -1.663900000000000101e-02 -9.699999999999999963e-05
9.000000000000000000e+00 3.100000000000000000e+01 1.200000000000000000e+01 0.000000000000000000e+00 1.600000000000000089e+00 2.369999999999999874e-04 2.201999999999999964e-03 9.999980000000000535e-01 -1.652700000000000002e-02 9.998609999999999998e-01 -2.197999999999999867e-03 -9.998629999999999463e-01 -1.652700000000000002e-02 2.730000000000000222e-04
3.000000000000000000e+01 3.100000000000000000e+01 1.200000000000000000e+01 0.000000000000000000e+00 1.600000000000000089e+00 -1.459999999999999926e-03 -1.589999999999999888e-04 9.999989999999999712e-01 -2.040399999999999853e-02 9.997920000000000140e-01 1.289999999999999914e-04 -9.997909999999999853e-01 -2.040399999999999853e-02 -1.463000000000000108e-03
1.800000000000000000e+01 3.000000000000000000e+00 1.300000000000000000e+01 0.000000000000000000e+00 1.600000000000000089e+00 6.520000000000000188e-04 2.221800000000000164e-02 9.997530000000000028e-01 -2.867000000000000191e-03 9.997489999999999988e-01 -2.221599999999999964e-02 -9.999959999999999960e-01 -2.851999999999999934e-03 7.150000000000000322e-04
2.000000000000000000e+01 3.000000000000000000e+00 1.300000000000000000e+01 0.000000000000000000e+00 1.600000000000000089e+00 4.929999999999999487e-04 1.635899999999999854e-02 9.998660000000000325e-01 -1.585999999999999953e-03 9.998650000000000038e-01 -1.635800000000000101e-02 -9.999989999999999712e-01 -1.577999999999999976e-03 5.190000000000000386e-04
2.300000000000000000e+01 3.000000000000000000e+00 1.300000000000000000e+01 0.000000000000000000e+00 1.600000000000000089e+00 1.100000000000000039e-04 7.403999999999999991e-03 9.999730000000000008e-01 -1.092000000000000089e-03 9.999719999999999720e-01 -7.403999999999999991e-03 -9.999989999999999712e-01 -1.090999999999999956e-03 1.179999999999999951e-04
1.300000000000000000e+01 1.200000000000000000e+01 1.500000000000000000e+01 0.000000000000000000e+00 1.600000000000000089e+00 -1.008999999999999914e-03 -2.772000000000000158e-03 -9.999959999999999960e-01 -4.731009999999999938e-01 -8.810040000000000093e-01 2.919999999999999853e-03 -8.810080000000000133e-01 4.731009999999999938e-01 -4.229999999999999819e-04
2.000000000000000000e+01 1.200000000000000000e+01 1.500000000000000000e+01 0.000000000000000000e+00 1.600000000000000089e+00 -1.366999999999999943e-03 -9.726999999999999535e-03 -9.999519999999999520e-01 -4.710690000000000155e-01 -8.820480000000000542e-01 9.223999999999999561e-03 -8.820959999999999912e-01 4.710579999999999767e-01 -3.376000000000000095e-03
2.500000000000000000e+01 1.200000000000000000e+01 1.500000000000000000e+01 0.000000000000000000e+00 1.600000000000000089e+00 -3.341999999999999919e-03 -3.534999999999999948e-03 -9.999879999999999880e-01 -4.688749999999999862e-01 -8.832520000000000371e-01 4.689999999999999725e-03 -8.832579999999999876e-01 4.688849999999999962e-01 1.294999999999999927e-03
9.000000000000000000e+00 1.160000000000000000e+02 1.600000000000000000e+01 0.000000000000000000e+00 1.600000000000000089e+00 -1.472000000000000001e-03 -1.871999999999999966e-03 9.999970000000000248e-01 6.680230000000000334e-01 7.441360000000000197e-01 2.376000000000000074e-03 -7.441389999999999949e-01 6.680249999999999799e-01 1.559999999999999972e-04
1.000000000000000000e+01 2.000000000000000000e+00 1.900000000000000000e+01 0.000000000000000000e+00 1.600000000000000089e+00 4.017999999999999870e-03 4.133999999999999654e-03 -9.999829999999999552e-01 2.149429999999999952e-01 -9.766209999999999614e-01 -3.174000000000000172e-03 -9.766179999999999861e-01 -2.149270000000000069e-01 -4.812000000000000305e-03
1.700000000000000000e+01 2.000000000000000000e+00 1.900000000000000000e+01 0.000000000000000000e+00 1.600000000000000089e+00 -5.900000000000000296e-04 -6.229000000000000162e-03 -9.999799999999999800e-01 2.100450000000000095e-01 -9.776730000000000143e-01 5.967000000000000082e-03 -9.776909999999999767e-01 -2.100380000000000025e-01 1.884999999999999957e-03
2.300000000000000000e+01 2.000000000000000000e+00 1.900000000000000000e+01 0.000000000000000000e+00 1.600000000000000089e+00 1.518999999999999951e-03 -1.435499999999999970e-02 -9.998960000000000070e-01 2.143049999999999955e-01 -9.766610000000000014e-01 1.434700000000000038e-02 -9.767660000000000231e-01 -2.143049999999999955e-01 1.593000000000000015e-03
2.700000000000000000e+01 2.000000000000000000e+00 1.900000000000000000e+01 0.000000000000000000e+00 1.600000000000000089e+00 -6.340000000000000149e-04 -3.784000000000000037e-03 -9.999930000000000208e-01 2.114649999999999863e-01 -9.773789999999999978e-01 3.563999999999999894e-03 -9.773849999999999483e-01 -2.114610000000000101e-01 1.420000000000000038e-03
1.900000000000000000e+01 4.000000000000000000e+00 2.000000000000000000e+01 0.000000000000000000e+00 1.600000000000000089e+00 1.100000000000000066e-03 -7.683999999999999858e-03 -9.999700000000000255e-01 2.981260000000000021e-01 -9.544960000000000111e-01 7.662000000000000408e-03 -9.545259999999999856e-01 -2.981249999999999734e-01 1.240000000000000000e-03
1.000000000000000000e+00 1.300000000000000000e+01 2.000000000000000000e+01 0.000000000000000000e+00 1.600000000000000089e+00 6.600000000000000506e-05 4.311999999999999861e-03 9.999909999999999632e-01 2.606280000000000263e-01 9.654300000000000104e-01 -4.179999999999999688e-03 -9.654390000000000471e-01 2.606260000000000243e-01 -1.061000000000000094e-03
1.000000000000000000e+01 1.300000000000000000e+01 2.000000000000000000e+01 0.000000000000000000e+00 1.600000000000000089e+00 -2.359999999999999902e-04 1.175000000000000046e-03 9.999989999999999712e-01 2.618320000000000092e-01 9.651129999999999987e-01 -1.072999999999999952e-03 -9.651129999999999987e-01 2.618320000000000092e-01 -5.360000000000000181e-04
1.300000000000000000e+01 1.300000000000000000e+01 2.000000000000000000e+01 0.000000000000000000e+00 1.600000000000000089e+00 -9.129999999999999661e-04 -6.173999999999999801e-03 9.999810000000000088e-01 2.623610000000000109e-01 9.649499999999999744e-01 6.198000000000000384e-03 -9.649689999999999657e-01 2.623610000000000109e-01 7.380000000000000492e-04
2.100000000000000000e+01 1.300000000000000000e+01 2.000000000000000000e+01 0.000000000000000000e+00 1.600000000000000089e+00 4.690000000000000158e-04 7.119999999999999593e-04 1.000000000000000000e+00 2.645390000000000241e-01 9.643749999999999822e-01 -8.109999999999999805e-04 -9.643749999999999822e-01 2.645390000000000241e-01 2.640000000000000202e-04
2.600000000000000000e+01 1.300000000000000000e+01 2.000000000000000000e+01 0.000000000000000000e+00 1.600000000000000089e+00 -3.000000000000000076e-05 -4.429999999999999802e-04 1.000000000000000000e+00 2.637809999999999877e-01 9.645829999999999682e-01 4.350000000000000026e-04 -9.645829999999999682e-01 2.637809999999999877e-01 8.799999999999999771e-05
4.000000000000000000e+00 1.600000000000000000e+01 2.100000000000000000e+01 0.000000000000000000e+00 1.600000000000000089e+00 4.910000000000000085e-04 4.745000000000000086e-03 9.999890000000000168e-01 3.020909999999999984e-01 9.532680000000000042e-01 -4.670999999999999805e-03 -9.532789999999999875e-01 3.020900000000000252e-01 -9.650000000000000374e-04
1.000000000000000000e+01 1.600000000000000000e+01 2.100000000000000000e+01 0.000000000000000000e+00 1.600000000000000089e+00 -3.699999999999999947e-04 3.311999999999999840e-03 9.999949999999999672e-01 2.998500000000000054e-01 9.539809999999999679e-01 -3.047999999999999928e-03 -9.539860000000000007e-01 2.998469999999999747e-01 -1.345999999999999974e-03
1.300000000000000000e+01 1.600000000000000000e+01 2.100000000000000000e+01 0.000000000000000000e+00 1.600000000000000089e+00 -2.149999999999999947e-04 -8.184000000000000302e-03 9.999670000000000503e-01 3.005329999999999946e-01 9.537390000000000034e-01 7.870000000000000259e-03 -9.537710000000000354e-01 3.005249999999999866e-01 2.255000000000000060e-03
1.700000000000000000e+01 1.600000000000000000e+01 2.100000000000000000e+01 0.000000000000000000e+00 1.600000000000000089e+00 1.281999999999999936e-03 -7.832999999999999685e-03 9.999679999999999680e-01 3.034080000000000110e-01 9.528339999999999588e-01 7.074999999999999692e-03 -9.528600000000000403e-01 3.033899999999999930e-01 3.598000000000000070e-03
2.100000000000000000e+01 1.600000000000000000e+01 2.100000000000000000e+01 0.000000000000000000e+00 1.600000000000000089e+00 -3.289999999999999739e-04 -3.495999999999999976e-03 9.999940000000000495e-01 3.029510000000000258e-01 9.529999999999999583e-01 3.432000000000000155e-03 -9.530060000000000198e-01 3.029499999999999971e-01 7.450000000000000025e-04
2.700000000000000000e+01 1.600000000000000000e+01 2.100000000000000000e+01 0.000000000000000000e+00 1.600000000000000089e+00 2.369999999999999874e-04 1.959999999999999937e-04 1.000000000000000000e+00 3.025329999999999964e-01 9.531389999999999585e-01 -2.579999999999999828e-04 -9.531389999999999585e-01 3.025329999999999964e-01 1.659999999999999963e-04
2.000000000000000000e+00 4.600000000000000000e+01 2.700000000000000000e+01 0.000000000000000000e+00 1.600000000000000089e+00 1.474999999999999966e-03 2.160000000000000028e-03 -9.999970000000000248e-01 6.563510000000000177e-01 7.544509999999999827e-01 2.596999999999999916e-03 7.544539999999999580e-01 -6.563520000000000465e-01 -3.049999999999999868e-04
2.100000000000000000e+01 4.600000000000000000e+01 2.700000000000000000e+01 0.000000000000000000e+00 1.600000000000000089e+00 -1.340000000000000045e-03 5.039999999999999992e-04 -9.999989999999999712e-01 6.685459999999999736e-01 7.436709999999999710e-01 -5.209999999999999788e-04 7.436700000000000532e-01 -6.685459999999999736e-01 -1.333999999999999899e-03
1.000000000000000000e+00 4.600000000000000000e+01 3.000000000000000000e+01 0.000000000000000000e+00 1.600000000000000089e+00 -2.410000000000000033e-04 3.464000000000000065e-03 -9.999940000000000495e-01 3.191379999999999773e-01 9.477029999999999621e-01 3.206000000000000082e-03 9.477079999999999949e-01 -3.191350000000000020e-01 -1.333999999999999899e-03
5.000000000000000000e+00 4.600000000000000000e+01 3.000000000000000000e+01 0.000000000000000000e+00 1.600000000000000089e+00 1.286999999999999950e-03 -1.179999999999999951e-04 -9.999989999999999712e-01 3.232679999999999998e-01 9.463070000000000093e-01 3.040000000000000167e-04 9.463070000000000093e-01 -3.232679999999999998e-01 1.255999999999999955e-03
1.300000000000000000e+01 4.600000000000000000e+01 3.000000000000000000e+01 0.000000000000000000e+00 1.600000000000000089e+00 1.183999999999999940e-03 2.079000000000000119e-03 -9.999970000000000248e-01 3.256339999999999790e-01 9.454930000000000279e-01 2.350999999999999791e-03 9.454949999999999743e-01 -3.256359999999999810e-01 4.420000000000000101e-04
1.800000000000000000e+01 4.600000000000000000e+01 3.000000000000000000e+01 0.000000000000000000e+00 1.600000000000000089e+00 -3.609999999999999928e-04 -1.681999999999999901e-03 -9.999989999999999712e-01 3.238199999999999967e-01 9.461169999999999858e-01 -1.708000000000000100e-03 9.461190000000000433e-01 -3.238199999999999967e-01 2.030000000000000012e-04
2.800000000000000000e+01 4.600000000000000000e+01 3.000000000000000000e+01 0.000000000000000000e+00 1.600000000000000089e+00 -2.629999999999999959e-04 -5.720000000000000258e-04 -1.000000000000000000e+00 3.148199999999999887e-01 9.491509999999999669e-01 -6.260000000000000373e-04 9.491509999999999669e-01 -3.148199999999999887e-01 -6.899999999999999667e-05
3.000000000000000000e+00 5.800000000000000000e+01 3.100000000000000000e+01 0.000000000000000000e+00 1.600000000000000089e+00 -4.068999999999999700e-03 -7.477000000000000139e-03 9.999639999999999640e-01 -7.776889999999999636e-01 -6.286009999999999653e-01 -7.865000000000000463e-03 6.286370000000000013e-01 -7.776920000000000499e-01 -3.256999999999999913e-03
5.000000000000000000e+00 5.800000000000000000e+01 3.100000000000000000e+01 0.000000000000000000e+00 1.600000000000000089e+00 -1.735999999999999913e-03 -3.167000000000000110e-03 9.999930000000000208e-01 -7.796549999999999869e-01 -6.261999999999999789e-01 -3.337000000000000122e-03 6.262060000000000404e-01 -7.796560000000000157e-01 -1.381999999999999982e-03
1.700000000000000000e+01 5.800000000000000000e+01 3.100000000000000000e+01 0.000000000000000000e+00 1.600000000000000089e+00 -2.325999999999999943e-03 -4.074999999999999629e-03 9.999890000000000168e-01 -7.858300000000000285e-01 -6.184279999999999777e-01 -4.348000000000000302e-03 6.184389999999999610e-01 -7.858309999999999462e-01 -1.763999999999999943e-03
2.400000000000000000e+01 5.800000000000000000e+01 3.100000000000000000e+01 0.000000000000000000e+00 1.600000000000000089e+00 1.057999999999999913e-03 -2.089000000000000145e-03 9.999970000000000248e-01 -7.837619999999999587e-01 -6.210620000000000029e-01 -4.679999999999999915e-04 6.210609999999999742e-01 -7.837589999999999835e-01 -2.295000000000000165e-03
2.800000000000000000e+01 5.800000000000000000e+01 3.100000000000000000e+01 0.000000000000000000e+00 1.600000000000000089e+00 -1.307000000000000002e-03 -3.331999999999999892e-03 9.999940000000000495e-01 -7.823940000000000339e-01 -6.227759999999999962e-01 -3.098000000000000059e-03 6.227819999999999467e-01 -7.823930000000000051e-01 -1.793000000000000106e-03
5.000000000000000000e+00 4.600000000000000000e+01 3.500000000000000000e+01 0.000000000000000000e+00 1.600000000000000089e+00 -1.626999999999999974e-03 1.103999999999999947e-03 -9.999980000000000535e-01 3.848880000000000079e-01 -9.229619999999999491e-01 -1.644999999999999978e-03 -9.229619999999999491e-01 -3.848900000000000099e-01 1.077000000000000049e-03
1.000000000000000000e+01 4.600000000000000000e+01 3.500000000000000000e+01 0.000000000000000000e+00 1.600000000000000089e+00 -1.162000000000000055e-03 3.371999999999999997e-03 -9.999940000000000495e-01 3.860040000000000138e-01 -9.224900000000000322e-01 -3.559000000000000098e-03 -9.224959999999999827e-01 -3.860060000000000158e-01 -2.290000000000000098e-04
1.600000000000000000e+01 4.600000000000000000e+01 3.500000000000000000e+01 0.000000000000000000e+00 1.600000000000000089e+00 -7.600000000000000418e-05 -2.465000000000000177e-03 -9.999970000000000248e-01 3.860850000000000115e-01 -9.224609999999999754e-01 2.245000000000000034e-03 -9.224630000000000329e-01 -3.860830000000000095e-01 1.021999999999999905e-03
2.000000000000000000e+01 4.600000000000000000e+01 3.500000000000000000e+01 0.000000000000000000e+00 1.600000000000000089e+00 -4.920000000000000328e-04 4.229999999999999819e-04 -1.000000000000000000e+00 3.869790000000000174e-01 -9.220880000000000187e-01 -5.800000000000000034e-04 -9.220880000000000187e-01 -3.869799999999999907e-01 2.900000000000000017e-04
2.600000000000000000e+01 4.600000000000000000e+01 3.500000000000000000e+01 0.000000000000000000e+00 1.600000000000000089e+00 8.200000000000000095e-05 -7.290000000000000473e-04 -1.000000000000000000e+00 3.858820000000000028e-01 -9.225480000000000347e-01 7.050000000000000060e-04 -9.225480000000000347e-01 -3.858820000000000028e-01 2.049999999999999956e-04
5.000000000000000000e+00 9.500000000000000000e+01 3.600000000000000000e+01 0.000000000000000000e+00 1.600000000000000089e+00 2.848999999999999970e-03 3.867999999999999911e-03 9.999879999999999880e-01 9.967639999999999834e-01 8.031800000000000050e-02 -3.151000000000000155e-03 -8.032899999999999763e-02 9.967620000000000369e-01 -3.625999999999999883e-03
1.000000000000000000e+01 9.500000000000000000e+01 3.600000000000000000e+01 0.000000000000000000e+00 1.600000000000000089e+00 -2.707000000000000205e-03 -3.196000000000000056e-03 9.999909999999999632e-01 9.965730000000000421e-01 8.266800000000000537e-02 2.961999999999999789e-03 -8.267700000000000049e-02 9.965720000000000134e-01 2.961000000000000090e-03
1.800000000000000000e+01 9.500000000000000000e+01 3.600000000000000000e+01 0.000000000000000000e+00 1.600000000000000089e+00 -4.329999999999999648e-03 -2.439099999999999949e-02 9.996930000000000538e-01 9.972579999999999778e-01 7.375600000000000211e-02 6.119000000000000307e-03 -7.388300000000000423e-02 9.969780000000000308e-01 2.400400000000000103e-02
2.300000000000000000e+01 9.500000000000000000e+01 3.600000000000000000e+01 0.000000000000000000e+00 1.600000000000000089e+00 -2.546000000000000086e-03 -1.457299999999999915e-02 9.998909999999999743e-01 9.975979999999999848e-01 6.917299999999999838e-02 3.547999999999999939e-03 -6.921700000000000075e-02 9.974979999999999958e-01 1.436100000000000050e-02
3.000000000000000000e+01 9.500000000000000000e+01 3.600000000000000000e+01 0.000000000000000000e+00 1.600000000000000089e+00 -1.356999999999999916e-03 -2.234600000000000128e-02 9.997489999999999988e-01 9.977829999999999755e-01 6.648400000000000143e-02 2.841000000000000209e-03 -6.653100000000000680e-02 9.975370000000000070e-01 2.220600000000000004e-02
4.000000000000000000e+00 3.000000000000000000e+00 4.300000000000000000e+01 0.000000000000000000e+00 1.600000000000000089e+00 -1.778999999999999982e-03 -4.464000000000000086e-03 -9.999879999999999880e-01 7.418280000000000429e-01 -6.705889999999999906e-01 1.673999999999999924e-03 -6.705879999999999619e-01 -7.418160000000000309e-01 4.504000000000000191e-03
8.000000000000000000e+00 3.000000000000000000e+00 4.300000000000000000e+01 0.000000000000000000e+00 1.600000000000000089e+00 -6.599999999999999964e-04 1.150299999999999934e-02 -9.999339999999999895e-01 7.409900000000000375e-01 -6.714660000000000073e-01 -8.214000000000000815e-03 -6.715160000000000018e-01 -7.409459999999999935e-01 -8.080000000000000376e-03
1.400000000000000000e+01 3.000000000000000000e+00 4.300000000000000000e+01 0.000000000000000000e+00 1.600000000000000089e+00 -1.724000000000000055e-03 3.201999999999999985e-03 -9.999930000000000208e-01 7.382830000000000226e-01 -6.744830000000000547e-01 -3.432000000000000155e-03 -6.744890000000000052e-01 -7.382840000000000513e-01 -1.201000000000000028e-03
1.700000000000000000e+01 3.000000000000000000e+00 4.300000000000000000e+01 0.000000000000000000e+00 1.600000000000000089e+00 3.805999999999999921e-03 -7.291999999999999871e-03 -9.999660000000000215e-01 7.378770000000000051e-01 -6.748910000000000187e-01 7.729999999999999892e-03 -6.749239999999999684e-01 -7.378820000000000379e-01 2.811999999999999830e-03
2.300000000000000000e+01 3.000000000000000000e+00 4.300000000000000000e+01 0.000000000000000000e+00 1.600000000000000089e+00 -2.418000000000000010e-03 -8.729999999999999696e-04 -9.999970000000000248e-01 7.398200000000000331e-01 -6.728039999999999576e-01 -1.201000000000000028e-03 -6.728009999999999824e-01 -7.398200000000000331e-01 2.272999999999999847e-03
3.000000000000000000e+01 3.000000000000000000e+00 4.300000000000000000e+01 0.000000000000000000e+00 1.600000000000000089e+00 3.661000000000000192e-03 -1.544700000000000066e-02 -9.998740000000000405e-01 7.418789999999999552e-01 -6.704059999999999464e-01 1.307400000000000055e-02 -6.705240000000000089e-01 -7.418339999999999934e-01 9.005000000000000851e-03
1.000000000000000000e+00 2.900000000000000000e+01 4.400000000000000000e+01 0.000000000000000000e+00 1.600000000000000089e+00 -3.193999999999999791e-03 1.320000000000000101e-04 -9.999949999999999672e-01 6.631099999999999772e-01 7.485190000000000454e-01 -2.018999999999999961e-03 7.485150000000000414e-01 -6.631129999999999525e-01 -2.478000000000000168e-03
1.600000000000000000e+01 2.900000000000000000e+01 4.400000000000000000e+01 0.000000000000000000e+00 1.600000000000000089e+00 2.088000000000000012e-03 -4.600000000000000139e-04 -9.999980000000000535e-01 6.626319999999999988e-01 7.489440000000000541e-01 1.038999999999999993e-03 7.489419999999999966e-01 -6.626330000000000275e-01 1.869000000000000002e-03
2.000000000000000000e+01 2.900000000000000000e+01 4.400000000000000000e+01 0.000000000000000000e+00 1.600000000000000089e+00 -3.339999999999999870e-04 -5.190000000000000386e-04 -1.000000000000000000e+00 6.718199999999999728e-01 7.407139999999999835e-01 -6.089999999999999494e-04 7.407139999999999835e-01 -6.718199999999999728e-01 1.019999999999999992e-04
2.500000000000000000e+01 6.000000000000000000e+00 5.100000000000000000e+01 0.000000000000000000e+00 1.600000000000000089e+00 1.593000000000000015e-03 -1.848000000000000033e-03 -9.999970000000000248e-01 3.318670000000000231e-01 -9.433230000000000226e-01 2.272000000000000148e-03 -9.433249999999999691e-01 -3.318690000000000251e-01 -8.890000000000000333e-04
3.000000000000000000e+01 6.000000000000000000e+00 5.100000000000000000e+01 0.000000000000000000e+00 1.600000000000000089e+00 -1.768000000000000040e-03 -6.319999999999999663e-04 -9.999980000000000535e-01 3.260149999999999992e-01 -9.453650000000000109e-01 2.099999999999999884e-05 -9.453629999999999534e-01 -3.260140000000000260e-01 1.876999999999999979e-03
1.700000000000000000e+01 7.000000000000000000e+00 5.200000000000000000e+01 0.000000000000000000e+00 1.600000000000000089e+00 -5.656999999999999702e-03 -3.791000000000000099e-03 -9.999770000000000048e-01 1.232950000000000018e-01 -9.923650000000000526e-01 3.063999999999999883e-03 -9.923539999999999583e-01 -1.232749999999999957e-01 6.080999999999999600e-03
2.800000000000000000e+01 7.000000000000000000e+00 5.200000000000000000e+01 0.000000000000000000e+00 1.600000000000000089e+00 -1.110000000000000011e-04 -7.879999999999999635e-04 -1.000000000000000000e+00 1.131930000000000019e-01 -9.935730000000000395e-01 7.709999999999999840e-04 -9.935730000000000395e-01 -1.131930000000000019e-01 2.000000000000000096e-04
2.300000000000000000e+01 1.600000000000000000e+01 5.200000000000000000e+01 0.000000000000000000e+00 1.600000000000000089e+00 8.469000000000000833e-03 1.109500000000000069e-02 -9.999029999999999863e-01 7.780049999999999466e-01 6.281120000000000037e-01 1.355999999999999914e-02 6.282010000000000094e-01 -7.780439999999999579e-01 -3.312999999999999973e-03
2.900000000000000000e+01 1.500000000000000000e+01 5.300000000000000000e+01 0.000000000000000000e+00 1.600000000000000089e+00 5.435999999999999860e-03 2.269999999999999882e-03 -9.999829999999999552e-01 6.790810000000000457e-01 7.340430000000000010e-01 5.357999999999999916e-03 7.340430000000000010e-01 -6.790990000000000082e-01 2.448999999999999788e-03
7.000000000000000000e+00 6.300000000000000000e+01 5.400000000000000000e+01 0.000000000000000000e+00 1.600000000000000089e+00 2.660000000000000146e-04 -1.652000000000000040e-03 9.999989999999999712e-01 -3.481259999999999910e-01 9.374460000000000015e-01 1.641000000000000097e-03 -9.374479999999999480e-01 -3.481259999999999910e-01 -3.260000000000000094e-04
1.100000000000000000e+01 6.300000000000000000e+01 5.400000000000000000e+01 0.000000000000000000e+00 1.600000000000000089e+00 8.090000000000000403e-04 7.720000000000000083e-04 9.999989999999999712e-01 -3.529599999999999960e-01 9.356379999999999697e-01 -4.360000000000000269e-04 -9.356379999999999697e-01 -3.529599999999999960e-01 1.028999999999999967e-03
1.500000000000000000e+01 6.300000000000000000e+01 5.400000000000000000e+01 0.000000000000000000e+00 1.600000000000000089e+00 6.970000000000000284e-04 2.197000000000000168e-03 9.999970000000000248e-01 -3.552130000000000010e-01 9.347839999999999483e-01 -1.806000000000000097e-03 -9.347849999999999770e-01 -3.552109999999999990e-01 1.431999999999999896e-03
1.900000000000000000e+01 6.300000000000000000e+01 5.400000000000000000e+01 0.000000000000000000e+00 1.600000000000000089e+00 1.121999999999999950e-03 -3.681999999999999943e-03 9.999930000000000208e-01 -3.554479999999999862e-01 9.346879999999999633e-01 3.840000000000000097e-03 -9.346950000000000536e-01 -3.554490000000000149e-01 -2.599999999999999772e-04
2.300000000000000000e+01 6.300000000000000000e+01 5.400000000000000000e+01 0.000000000000000000e+00 1.600000000000000089e+00 -1.141000000000000087e-03 -2.000000000000000096e-04 9.999989999999999712e-01 -3.497370000000000201e-01 9.368480000000000141e-01 -2.120000000000000031e-04 -9.368469999999999853e-01 -3.497370000000000201e-01 -1.139000000000000038e-03
2.800000000000000000e+01 6.300000000000000000e+01 5.400000000000000000e+01 0.000000000000000000e+00 1.600000000000000089e+00 5.230000000000000274e-04 8.019999999999999785e-04 1.000000000000000000e+00 -3.523080000000000100e-01 9.358840000000000492e-01 -5.659999999999999884e-04 -9.358840000000000492e-01 -3.523080000000000100e-01 7.720000000000000083e-04
1.000000000000000000e+00 2.500000000000000000e+01 5.500000000000000000e+01 0.000000000000000000e+00 1.600000000000000089e+00 1.201000000000000028e-03 5.016999999999999758e-03 -9.999869999999999592e-01 -1.085000000000000027e-02 -9.999280000000000390e-01 -5.029999999999999749e-03 -9.999400000000000510e-01 1.085599999999999933e-02 -1.147000000000000016e-03
9.000000000000000000e+00 2.500000000000000000e+01 5.500000000000000000e+01 0.000000000000000000e+00 1.600000000000000089e+00 -1.363999999999999978e-03 -9.349999999999999587e-04 -9.999989999999999712e-01 -9.534000000000000807e-03 -9.999540000000000095e-01 9.479999999999999495e-04 -9.999540000000000095e-01 9.535000000000000073e-03 1.355000000000000085e-03
1.500000000000000000e+01 2.500000000000000000e+01 5.500000000000000000e+01 0.000000000000000000e+00 1.600000000000000089e+00 1.430000000000000064e-04 -5.980000000000000072e-04 -1.000000000000000000e+00 -1.068599999999999932e-02 -9.999430000000000263e-01 5.959999999999999586e-04 -9.999430000000000263e-01 1.068599999999999932e-02 -1.499999999999999869e-04
1.800000000000000000e+01 2.500000000000000000e+01 5.500000000000000000e+01 0.000000000000000000e+00 1.600000000000000089e+00 1.552999999999999910e-03 1.371000000000000040e-03 -9.999980000000000535e-01 -1.174799999999999976e-02 -9.999299999999999855e-01 -1.389999999999999960e-03 -9.999299999999999855e-01 1.175000000000000003e-02 -1.536999999999999955e-03
2.100000000000000000e+01 2.500000000000000000e+01 5.500000000000000000e+01 0.000000000000000000e+00 1.600000000000000089e+00 7.770000000000000214e-04 -1.583999999999999905e-03 -9.999980000000000535e-01 -1.187900000000000067e-02 -9.999280000000000390e-01 1.574000000000000095e-03 -9.999289999999999567e-01 1.187799999999999967e-02 -7.960000000000000495e-04
2.600000000000000000e+01 6.800000000000000000e+01 5.700000000000000000e+01 0.000000000000000000e+00 1.600000000000000089e+00 3.739999999999999835e-04 -3.938999999999999793e-03 -9.999919999999999920e-01 -2.405289999999999928e-01 -9.706350000000000255e-01 3.733000000000000207e-03 -9.706420000000000048e-01 2.405259999999999898e-01 -1.311000000000000099e-03
2.000000000000000000e+00 2.100000000000000000e+01 6.000000000000000000e+01 0.000000000000000000e+00 1.600000000000000089e+00 1.794000000000000022e-03 7.649999999999999465e-04 9.999980000000000535e-01 -9.651999999999999469e-02 9.953309999999999658e-01 -5.879999999999999810e-04 -9.953290000000000193e-01 -9.651899999999999369e-02 1.860000000000000108e-03
5.000000000000000000e+00 2.100000000000000000e+01 6.000000000000000000e+01 0.000000000000000000e+00 1.600000000000000089e+00 1.015000000000000060e-03 -5.944999999999999764e-03 9.999820000000000375e-01 -9.696100000000000552e-02 9.952699999999999880e-01 6.015999999999999646e-03 -9.952879999999999505e-01 -9.696499999999999564e-02 4.339999999999999782e-04
1.200000000000000000e+01 2.100000000000000000e+01 6.000000000000000000e+01 0.000000000000000000e+00 1.600000000000000089e+00 -1.930000000000000021e-04 -2.929999999999999879e-03 9.999959999999999960e-01 -9.734199999999999797e-02 9.952469999999999928e-01 2.896999999999999836e-03 -9.952509999999999968e-01 -9.734099999999999697e-02 -4.769999999999999934e-04
1.700000000000000000e+01 2.100000000000000000e+01 6.000000000000000000e+01 0.000000000000000000e+00 1.600000000000000089e+00 1.007000000000000083e-03 -1.562999999999999936e-03 9.999980000000000535e-01 -9.680700000000000416e-02 9.953020000000000200e-01 1.652999999999999955e-03 -9.953030000000000488e-01 -9.680900000000000616e-02 8.509999999999999769e-04
2.300000000000000000e+01 2.100000000000000000e+01 6.000000000000000000e+01 0.000000000000000000e+00 1.600000000000000089e+00 -9.899999999999999946e-04 -3.572999999999999787e-03 9.999930000000000208e-01 -9.755099999999999882e-02 9.952239999999999975e-01 3.458999999999999835e-03 -9.952299999999999480e-01 -9.754699999999999482e-02 -1.333999999999999899e-03
2.800000000000000000e+01 2.100000000000000000e+01 6.000000000000000000e+01 0.000000000000000000e+00 1.600000000000000089e+00 -1.849999999999999973e-04 4.178000000000000290e-03 9.999909999999999632e-01 -9.747899999999999621e-02 9.952290000000000303e-01 -4.176000000000000024e-03 -9.952379999999999560e-01 -9.747899999999999621e-02 2.229999999999999994e-04
1.000000000000000000e+01 3.000000000000000000e+00 6.300000000000000000e+01 0.000000000000000000e+00 1.600000000000000089e+00 6.989999999999999686e-04 4.301000000000000136e-03 9.999909999999999632e-01 -6.123739999999999739e-01 7.905630000000000157e-01 -2.971999999999999816e-03 -7.905680000000000485e-01 -6.123659999999999659e-01 3.187000000000000163e-03
3.000000000000000000e+00 2.700000000000000000e+01 6.300000000000000000e+01 0.000000000000000000e+00 1.600000000000000089e+00 1.154000000000000078e-03 1.500000000000000038e-05 9.999989999999999712e-01 -2.754599999999999826e-01 9.613129999999999731e-01 3.040000000000000167e-04 -9.613120000000000553e-01 -2.754599999999999826e-01 1.113999999999999973e-03
6.000000000000000000e+00 2.700000000000000000e+01 6.300000000000000000e+01 0.000000000000000000e+00 1.600000000000000089e+00 -1.250000000000000026e-04 -5.010000000000000347e-04 1.000000000000000000e+00 -2.770150000000000112e-01 9.608649999999999691e-01 4.459999999999999989e-04 -9.608659999999999979e-01 -2.770150000000000112e-01 -2.590000000000000071e-04
1.100000000000000000e+01 2.700000000000000000e+01 6.300000000000000000e+01 0.000000000000000000e+00 1.600000000000000089e+00 4.400000000000000157e-04 2.625999999999999862e-03 9.999959999999999960e-01 -2.755750000000000144e-01 9.612770000000000481e-01 -2.403000000000000188e-03 -9.612800000000000233e-01 -2.755730000000000124e-01 1.147000000000000016e-03
1.700000000000000000e+01 2.700000000000000000e+01 6.300000000000000000e+01 0.000000000000000000e+00 1.600000000000000089e+00 -1.077000000000000049e-03 4.826000000000000428e-03 9.999879999999999880e-01 -2.731819999999999804e-01 9.619499999999999718e-01 -4.937000000000000416e-03 -9.619619999999999838e-01 -2.731839999999999824e-01 2.829999999999999942e-04
2.000000000000000000e+01 2.700000000000000000e+01 6.300000000000000000e+01 0.000000000000000000e+00 1.600000000000000089e+00 3.860000000000000041e-04 -8.270000000000000441e-04 1.000000000000000000e+00 -2.742559999999999998e-01 9.616559999999999553e-01 9.009999999999999997e-04 -9.616569999999999840e-01 -2.742559999999999998e-01 1.450000000000000009e-04
2.600000000000000000e+01 2.700000000000000000e+01 6.300000000000000000e+01 0.000000000000000000e+00 1.600000000000000089e+00 -9.560000000000000355e-04 -2.799999999999999972e-03 9.999959999999999960e-01 -2.733720000000000039e-01 9.619050000000000100e-01 2.432000000000000134e-03 -9.619079999999999853e-01 -2.733679999999999999e-01 -1.685000000000000083e-03
2.000000000000000000e+00 2.600000000000000000e+01 6.400000000000000000e+01 0.000000000000000000e+00 1.600000000000000089e+00 1.933000000000000039e-03 7.849999999999999990e-04 9.999980000000000535e-01 -3.588589999999999836e-01 9.333919999999999995e-01 -3.899999999999999929e-05 -9.333900000000000530e-01 -3.588580000000000103e-01 2.086000000000000180e-03
9.000000000000000000e+00 2.600000000000000000e+01 6.400000000000000000e+01 0.000000000000000000e+00 1.600000000000000089e+00 -4.399999999999999886e-05 4.600000000000000004e-05 1.000000000000000000e+00 -3.611679999999999890e-01 9.325010000000000243e-01 -5.899999999999999754e-05 -9.325010000000000243e-01 -3.611679999999999890e-01 -2.400000000000000061e-05
