9.000000000000000000e+00 2.500000000000000000e+01 1.000000000000000000e+00 0.000000000000000000e+00 1.600000000000000089e+00 -2.268000000000000051e-03 4.575000000000000074e-03 -9.999869999999999592e-01 -5.345189999999999664e-01 -8.451520000000000143e-01 -2.654000000000000109e-03 -8.451530000000000431e-01 5.345060000000000366e-01 4.362000000000000426e-03
1.500000000000000000e+01 2.500000000000000000e+01 1.000000000000000000e+00 0.000000000000000000e+00 1.600000000000000089e+00 -1.358999999999999965e-03 -2.694999999999999913e-03 -9.999949999999999672e-01 -5.345600000000000351e-01 -8.451250000000000151e-01 3.004000000000000160e-03 -8.451290000000000191e-01 5.345619999999999816e-01 -2.919999999999999961e-04
2.200000000000000000e+01 2.500000000000000000e+01 1.000000000000000000e+00 0.000000000000000000e+00 1.600000000000000089e+00 -1.879999999999999890e-04 -1.186300000000000028e-02 -9.999299999999999855e-01 -5.359709999999999752e-01 -8.441760000000000375e-01 1.011599999999999999e-02 -8.442359999999999864e-01 5.359350000000000502e-01 -6.198999999999999649e-03
2.500000000000000000e+01 2.500000000000000000e+01 1.000000000000000000e+00 0.000000000000000000e+00 1.600000000000000089e+00 -1.054999999999999948e-03 6.135999999999999961e-03 -9.999810000000000088e-01 -5.355579999999999785e-01 -8.444859999999999589e-01 -4.616999999999999577e-03 -8.444979999999999709e-01 5.355419999999999625e-01 4.177000000000000157e-03
2.900000000000000000e+01 2.500000000000000000e+01 1.000000000000000000e+00 0.000000000000000000e+00 1.600000000000000089e+00 -4.200000000000000174e-04 2.872399999999999953e-02 -9.995870000000000033e-01 -5.334919999999999662e-01 -8.454620000000000468e-01 -2.407099999999999865e-02 -8.458050000000000290e-01 5.332620000000000138e-01 1.567899999999999849e-02
7.000000000000000000e+00 1.500000000000000000e+01 4.000000000000000000e+00 0.000000000000000000e+00 1.600000000000000089e+00 -3.036000000000000070e-03 -1.301700000000000079e-02 9.999109999999999943e-01 3.249900000000000011e-01 -9.456499999999999906e-01 -1.132400000000000073e-02 9.457130000000000258e-01 3.249259999999999926e-01 7.100999999999999673e-03
1.000000000000000000e+01 1.500000000000000000e+01 4.000000000000000000e+00 0.000000000000000000e+00 1.600000000000000089e+00 8.989999999999999511e-04 -4.039000000000000055e-03 9.999909999999999632e-01 3.256600000000000050e-01 -9.454780000000000406e-01 -4.112000000000000204e-03 9.454869999999999663e-01 3.256609999999999783e-01 4.650000000000000270e-04
1.400000000000000000e+01 1.500000000000000000e+01 4.000000000000000000e+00 0.000000000000000000e+00 1.600000000000000089e+00 1.191999999999999917e-03 -6.019999999999999961e-04 9.999989999999999712e-01 3.270270000000000121e-01 -9.450150000000000494e-01 -9.590000000000000000e-04 9.450140000000000207e-01 3.270279999999999854e-01 -9.290000000000000297e-04
1.800000000000000000e+01 1.500000000000000000e+01 4.000000000000000000e+00 0.000000000000000000e+00 1.600000000000000089e+00 3.820000000000000153e-04 -9.160000000000000390e-04 1.000000000000000000e+00 3.249810000000000199e-01 -9.457200000000000051e-01 -9.899999999999999946e-04 9.457210000000000338e-01 3.249810000000000199e-01 -6.399999999999999710e-05
2.400000000000000000e+01 1.500000000000000000e+01 4.000000000000000000e+00 0.000000000000000000e+00 1.600000000000000089e+00 1.710000000000000094e-04 2.575000000000000032e-03 9.999970000000000248e-01 3.198829999999999729e-01 -9.474540000000000184e-01 2.384999999999999967e-03 9.474569999999999936e-01 3.198819999999999997e-01 -9.849999999999999815e-04
2.800000000000000000e+01 1.500000000000000000e+01 4.000000000000000000e+00 0.000000000000000000e+00 1.600000000000000089e+00 3.719999999999999891e-04 2.667999999999999799e-03 9.999959999999999960e-01 3.219429999999999792e-01 -9.467560000000000420e-01 2.406000000000000152e-03 9.467590000000000172e-01 3.219409999999999772e-01 -1.211000000000000054e-03
1.900000000000000000e+01 9.000000000000000000e+01 4.000000000000000000e+00 0.000000000000000000e+00 1.600000000000000089e+00 2.115710000000000091e-01 5.847050000000000303e-01 -7.831719999999999793e-01 -3.055479999999999863e-01 8.007159999999999833e-01 5.152609999999999690e-01 9.283740000000000325e-01 1.302820000000000089e-01 3.480630000000000113e-01
9.000000000000000000e+00 8.700000000000000000e+01 6.000000000000000000e+00 0.000000000000000000e+00 1.600000000000000089e+00 -6.835660000000000069e-01 -6.258770000000000167e-01 -3.755209999999999937e-01 -7.280780000000000030e-01 6.209249999999999492e-01 2.904399999999999760e-01 5.138999999999999818e-02 4.719430000000000014e-01 -8.801299999999999679e-01
1.000000000000000000e+01 8.600000000000000000e+01 7.000000000000000000e+00 0.000000000000000000e+00 1.600000000000000089e+00 -6.872030000000000083e-01 -6.648570000000000313e-01 -2.927750000000000075e-01 -7.263669999999999849e-01 6.354720000000000368e-01 2.618500000000000272e-01 1.195700000000000061e-02 3.926060000000000105e-01 -9.196290000000000298e-01
3.000000000000000000e+00 2.500000000000000000e+01 8.000000000000000000e+00 0.000000000000000000e+00 1.600000000000000089e+00 1.337000000000000081e-03 -5.398000000000000020e-03 -9.999850000000000128e-01 4.524400000000000088e-01 8.917850000000000499e-01 -4.209000000000000068e-03 8.917939999999999756e-01 -4.524279999999999968e-01 3.635000000000000210e-03
6.000000000000000000e+00 2.500000000000000000e+01 8.000000000000000000e+00 0.000000000000000000e+00 1.600000000000000089e+00 1.046999999999999971e-03 2.616999999999999969e-03 -9.999959999999999960e-01 4.517709999999999781e-01 8.921299999999999786e-01 2.808000000000000166e-03 8.921329999999999538e-01 -4.517720000000000069e-01 -2.480000000000000108e-04
1.100000000000000000e+01 2.500000000000000000e+01 8.000000000000000000e+00 0.000000000000000000e+00 1.600000000000000089e+00 2.369999999999999874e-04 -2.400000000000000061e-04 -1.000000000000000000e+00 4.532169999999999810e-01 8.913999999999999702e-01 -1.060000000000000016e-04 8.913999999999999702e-01 -4.532169999999999810e-01 3.200000000000000262e-04
2.000000000000000000e+01 2.500000000000000000e+01 8.000000000000000000e+00 0.000000000000000000e+00 1.600000000000000089e+00 1.273000000000000043e-03 5.692000000000000011e-03 -9.999829999999999552e-01 4.528070000000000150e-01 8.915910000000000224e-01 5.650999999999999773e-03 8.916079999999999561e-01 -4.528059999999999863e-01 -1.443000000000000055e-03
2.200000000000000000e+01 2.500000000000000000e+01 8.000000000000000000e+00 0.000000000000000000e+00 1.600000000000000089e+00 1.822000000000000052e-03 3.634000000000000077e-03 -9.999919999999999920e-01 4.511519999999999975e-01 8.924379999999999535e-01 4.065000000000000037e-03 8.924450000000000438e-01 -4.511560000000000015e-01 -1.299999999999999920e-05
2.700000000000000000e+01 2.500000000000000000e+01 8.000000000000000000e+00 0.000000000000000000e+00 1.600000000000000089e+00 1.761999999999999894e-03 1.446000000000000020e-03 -9.999970000000000248e-01 4.501829999999999998e-01 8.929340000000000055e-01 2.083999999999999915e-03 8.929350000000000342e-01 -4.501850000000000018e-01 9.219999999999999680e-04
1.000000000000000000e+00 2.400000000000000000e+01 9.000000000000000000e+00 0.000000000000000000e+00 1.600000000000000089e+00 1.108999999999999960e-03 -1.161399999999999932e-02 -9.999320000000000430e-01 4.560919999999999974e-01 8.898779999999999468e-01 -9.830000000000000196e-03 8.899319999999999453e-01 -4.560500000000000109e-01 6.283999999999999655e-03
1.000000000000000000e+01 2.400000000000000000e+01 9.000000000000000000e+00 0.000000000000000000e+00 1.600000000000000089e+00 -1.100000000000000039e-04 1.262000000000000101e-03 -9.999989999999999712e-01 4.554830000000000267e-01 8.902440000000000353e-01 1.072999999999999952e-03 8.902440000000000353e-01 -4.554830000000000267e-01 -6.729999999999999871e-04
1.400000000000000000e+01 2.400000000000000000e+01 9.000000000000000000e+00 0.000000000000000000e+00 1.600000000000000089e+00 -6.049999999999999606e-04 2.175999999999999983e-03 -9.999970000000000248e-01 4.568720000000000003e-01 8.895309999999999606e-01 1.659000000000000101e-03 8.895319999999999894e-01 -4.568699999999999983e-01 -1.533000000000000074e-03
1.800000000000000000e+01 2.400000000000000000e+01 9.000000000000000000e+00 0.000000000000000000e+00 1.600000000000000089e+00 6.260000000000000373e-04 4.903000000000000240e-03 -9.999879999999999880e-01 4.559309999999999752e-01 8.900029999999999886e-01 4.649000000000000354e-03 8.900150000000000006e-01 -4.559279999999999999e-01 -1.678000000000000021e-03
2.200000000000000000e+01 2.400000000000000000e+01 9.000000000000000000e+00 0.000000000000000000e+00 1.600000000000000089e+00 2.062000000000000031e-03 3.080999999999999971e-03 -9.999930000000000208e-01 4.538679999999999937e-01 8.910609999999999919e-01 3.680999999999999810e-03 8.910660000000000247e-01 -4.538730000000000264e-01 4.389999999999999914e-04
2.700000000000000000e+01 2.400000000000000000e+01 9.000000000000000000e+00 0.000000000000000000e+00 1.600000000000000089e+00 8.009999999999999542e-04 5.047000000000000271e-03 -9.999869999999999592e-01 4.529819999999999958e-01 8.915060000000000207e-01 4.863000000000000135e-03 8.915189999999999504e-01 -4.529799999999999938e-01 -1.572000000000000047e-03
8.000000000000000000e+00 8.900000000000000000e+01 9.000000000000000000e+00 0.000000000000000000e+00 1.600000000000000089e+00 -9.305179999999999563e-01 1.283999999999999985e-03 -3.662429999999999852e-01 -1.044169999999999959e-01 9.575609999999999955e-01 2.686509999999999732e-01 3.510449999999999959e-01 2.882270000000000110e-01 -8.908939999999999637e-01
1.200000000000000000e+01 1.200000000000000000e+01 1.000000000000000000e+01 0.000000000000000000e+00 1.600000000000000089e+00 -2.651000000000000145e-03 7.500000000000000156e-04 -9.999959999999999960e-01 -5.520479999999999832e-01 -8.338119999999999976e-01 8.379999999999999862e-04 -8.338079999999999936e-01 5.520490000000000119e-01 2.624000000000000030e-03
2.700000000000000000e+01 3.100000000000000000e+01 1.200000000000000000e+01 0.000000000000000000e+00 1.600000000000000089e+00 -4.760000000000000342e-03 -2.231599999999999903e-02 9.997399999999999620e-01 -1.534800000000000053e-02 9.996350000000000513e-01 2.223999999999999935e-02 -9.998709999999999543e-01 -1.523799999999999981e-02 -5.100000000000000366e-03
4.000000000000000000e+00 3.500000000000000000e+01 1.200000000000000000e+01 0.000000000000000000e+00 1.600000000000000089e+00 -7.033000000000000189e-03 7.238999999999999775e-03 -9.999489999999999768e-01 4.388310000000000266e-01 -8.985189999999999566e-01 -9.591000000000000567e-03 -8.985419999999999519e-01 -4.388759999999999883e-01 3.142999999999999960e-03
2.600000000000000000e+01 3.500000000000000000e+01 1.200000000000000000e+01 0.000000000000000000e+00 1.600000000000000089e+00 -1.010100000000000060e-02 1.389400000000000010e-02 -9.998519999999999630e-01 4.982300000000000062e-01 -8.668770000000000087e-01 -1.708000000000000143e-02 -8.669860000000000344e-01 -4.983290000000000219e-01 1.833999999999999910e-03
3.000000000000000000e+01 3.500000000000000000e+01 1.200000000000000000e+01 0.000000000000000000e+00 1.600000000000000089e+00 -2.092700000000000116e-02 2.165699999999999917e-02 -9.995460000000000456e-01 4.810249999999999804e-01 -8.762250000000000316e-01 -2.905599999999999850e-02 -8.764570000000000416e-01 -4.814149999999999818e-01 7.919000000000000691e-03
1.100000000000000000e+01 8.400000000000000000e+01 1.200000000000000000e+01 0.000000000000000000e+00 1.600000000000000089e+00 -7.831310000000000215e-01 -5.940290000000000292e-01 -1.839419999999999944e-01 -6.218399999999999483e-01 7.458970000000000322e-01 2.386490000000000000e-01 -4.563000000000000216e-03 3.012759999999999883e-01 -9.535259999999999847e-01
1.600000000000000000e+01 9.600000000000000000e+01 1.200000000000000000e+01 0.000000000000000000e+00 1.600000000000000089e+00 -1.380100000000000077e-02 8.394599999999999840e-01 -5.432460000000000067e-01 -9.146009999999999973e-01 2.089820000000000011e-01 3.461679999999999757e-01 4.041230000000000100e-01 5.016310000000000491e-01 7.648859999999999548e-01
5.000000000000000000e+00 1.160000000000000000e+02 1.600000000000000000e+01 0.000000000000000000e+00 1.600000000000000089e+00 -1.701000000000000038e-03 -6.486999999999999711e-03 9.999770000000000048e-01 6.610030000000000072e-01 7.503589999999999982e-01 5.991999999999999930e-03 -7.503809999999999647e-01 6.609979999999999745e-01 3.011999999999999920e-03
1.300000000000000000e+01 1.160000000000000000e+02 1.600000000000000000e+01 0.000000000000000000e+00 1.600000000000000089e+00 -8.602999999999999536e-03 -8.474999999999999895e-03 9.999270000000000103e-01 7.502220000000000555e-01 6.610759999999999970e-01 1.205799999999999927e-02 -6.611299999999999955e-01 7.502710000000000212e-01 6.710000000000000469e-04
4.000000000000000000e+00 2.000000000000000000e+00 1.900000000000000000e+01 0.000000000000000000e+00 1.600000000000000089e+00 2.230000000000000211e-03 1.331700000000000071e-02 -9.999090000000000478e-01 1.587739999999999985e-01 -9.872319999999999984e-01 -1.279399999999999982e-02 -9.873119999999999674e-01 -1.587310000000000110e-01 -4.316000000000000392e-03
6.000000000000000000e+00 2.000000000000000000e+00 1.900000000000000000e+01 0.000000000000000000e+00 1.600000000000000089e+00 1.830999999999999945e-03 7.661000000000000275e-03 -9.999689999999999968e-01 1.563130000000000075e-01 -9.876810000000000311e-01 -7.281000000000000145e-03 -9.877059999999999729e-01 -1.562949999999999895e-01 -3.005999999999999991e-03
1.200000000000000000e+01 2.000000000000000000e+00 1.900000000000000000e+01 0.000000000000000000e+00 1.600000000000000089e+00 1.843999999999999936e-03 2.768000000000000061e-03 -9.999940000000000495e-01 1.527429999999999899e-01 -9.882630000000000026e-01 -2.454000000000000018e-03 -9.882640000000000313e-01 -1.527380000000000126e-01 -2.245000000000000034e-03
1.500000000000000000e+01 2.000000000000000000e+00 1.900000000000000000e+01 0.000000000000000000e+00 1.600000000000000089e+00 2.439000000000000196e-03 -7.079999999999999705e-04 -9.999970000000000248e-01 1.573219999999999896e-01 -9.875469999999999526e-01 1.082999999999999978e-03 -9.875439999999999774e-01 -1.573239999999999916e-01 -2.296999999999999997e-03
2.100000000000000000e+01 2.000000000000000000e+00 1.900000000000000000e+01 0.000000000000000000e+00 1.600000000000000089e+00 4.295000000000000207e-03 -2.679099999999999884e-02 -9.996319999999999650e-01 1.531510000000000093e-01 -9.878299999999999859e-01 2.713300000000000087e-02 -9.881929999999999881e-01 -1.532110000000000138e-01 -1.389999999999999905e-04
3.000000000000000000e+00 1.300000000000000000e+01 2.000000000000000000e+01 0.000000000000000000e+00 1.600000000000000089e+00 1.700000000000000122e-04 1.139999999999999954e-03 9.999989999999999712e-01 2.479220000000000035e-01 9.687789999999999457e-01 -1.146000000000000100e-03 -9.687799999999999745e-01 2.479220000000000035e-01 -1.179999999999999951e-04
9.000000000000000000e+00 1.300000000000000000e+01 2.000000000000000000e+01 0.000000000000000000e+00 1.600000000000000089e+00 -2.608000000000000075e-03 -8.087000000000000438e-03 9.999639999999999640e-01 2.491210000000000091e-01 9.684350000000000458e-01 8.481999999999999956e-03 -9.684690000000000243e-01 2.491339999999999943e-01 -5.109999999999999525e-04
1.100000000000000000e+01 1.300000000000000000e+01 2.000000000000000000e+01 0.000000000000000000e+00 1.600000000000000089e+00 -1.505999999999999960e-03 -8.791999999999999468e-03 9.999599999999999600e-01 2.493630000000000013e-01 9.683690000000000353e-01 8.890000000000000333e-03 -9.684089999999999643e-01 2.493670000000000053e-01 7.339999999999999520e-04
1.700000000000000000e+01 1.300000000000000000e+01 2.000000000000000000e+01 0.000000000000000000e+00 1.600000000000000089e+00 4.995000000000000308e-03 7.198999999999999670e-03 9.999620000000000175e-01 2.478160000000000085e-01 9.687719999999999665e-01 -8.212999999999999814e-03 -9.687940000000000440e-01 2.478480000000000127e-01 3.054999999999999990e-03
2.200000000000000000e+01 1.300000000000000000e+01 2.000000000000000000e+01 0.000000000000000000e+00 1.600000000000000089e+00 -1.270000000000000078e-03 -6.409999999999999682e-04 9.999989999999999712e-01 2.459979999999999944e-01 9.692699999999999649e-01 9.330000000000000186e-04 -9.692690000000000472e-01 2.459989999999999954e-01 -1.074000000000000085e-03
2.600000000000000000e+01 1.300000000000000000e+01 2.000000000000000000e+01 0.000000000000000000e+00 1.600000000000000089e+00 -2.459999999999999947e-03 -3.423999999999999960e-03 9.999909999999999632e-01 2.464429999999999954e-01 9.691490000000000382e-01 3.924000000000000404e-03 -9.691539999999999599e-01 2.464510000000000034e-01 -1.539999999999999919e-03
7.000000000000000000e+00 1.600000000000000000e+01 2.100000000000000000e+01 0.000000000000000000e+00 1.600000000000000089e+00 -2.678999999999999958e-03 -5.858000000000000360e-03 9.999789999999999512e-01 2.977299999999999947e-01 9.546289999999999498e-01 6.389999999999999847e-03 -9.546459999999999946e-01 2.977409999999999779e-01 -8.130000000000000291e-04
1.200000000000000000e+01 1.600000000000000000e+01 2.100000000000000000e+01 0.000000000000000000e+00 1.600000000000000089e+00 -6.819999999999999890e-04 -5.897999999999999597e-03 9.999820000000000375e-01 2.991659999999999875e-01 9.541830000000000034e-01 5.832000000000000378e-03 -9.542009999999999659e-01 2.991639999999999855e-01 1.113999999999999973e-03
1.500000000000000000e+01 1.600000000000000000e+01 2.100000000000000000e+01 0.000000000000000000e+00 1.600000000000000089e+00 4.871000000000000330e-03 5.806000000000000397e-03 9.999710000000000543e-01 2.984479999999999911e-01 9.544000000000000261e-01 -6.995000000000000349e-03 -9.544129999999999558e-01 2.984740000000000171e-01 2.916000000000000189e-03
2.900000000000000000e+01 1.600000000000000000e+01 2.100000000000000000e+01 0.000000000000000000e+00 1.600000000000000089e+00 -1.889000000000000054e-03 8.200000000000000095e-05 9.999980000000000535e-01 2.973700000000000232e-01 9.547619999999999996e-01 4.829999999999999767e-04 -9.547600000000000531e-01 2.973709999999999964e-01 -1.827999999999999981e-03
2.000000000000000000e+01 4.600000000000000000e+01 2.700000000000000000e+01 0.000000000000000000e+00 1.600000000000000089e+00 1.127099999999999977e-02 1.722800000000000026e-02 -9.997880000000000100e-01 6.349690000000000056e-01 7.722670000000000368e-01 2.046600000000000155e-02 7.724560000000000315e-01 -6.350649999999999906e-01 -2.235000000000000007e-03
2.600000000000000000e+01 4.600000000000000000e+01 2.700000000000000000e+01 0.000000000000000000e+00 1.600000000000000089e+00 -1.869000000000000002e-03 -8.951999999999999888e-03 -9.999580000000000135e-01 6.780220000000000136e-01 7.349999999999999867e-01 -7.848000000000000809e-03 7.350389999999999979e-01 -6.780080000000000551e-01 4.695999999999999654e-03
3.000000000000000000e+00 5.000000000000000000e+01 3.000000000000000000e+01 0.000000000000000000e+00 1.600000000000000089e+00 -4.184000000000000219e-03 1.785899999999999987e-01 -9.839149999999999840e-01 6.575729999999999631e-01 -7.407829999999999693e-01 -1.372549999999999881e-01 -7.533790000000000209e-01 -6.475699999999999790e-01 -1.143359999999999932e-01
8.000000000000000000e+00 5.000000000000000000e+01 3.000000000000000000e+01 0.000000000000000000e+00 1.600000000000000089e+00 -9.403999999999999165e-03 2.726399999999999935e-01 -9.620699999999999807e-01 6.371259999999999701e-01 -7.399019999999999486e-01 -2.159079999999999888e-01 -7.707019999999999982e-01 -6.149900000000000366e-01 -1.667480000000000073e-01
1.400000000000000000e+01 8.000000000000000000e+01 3.000000000000000000e+01 0.000000000000000000e+00 1.600000000000000089e+00 -9.172949999999999715e-01 -3.903530000000000055e-01 -7.870399999999999618e-02 -3.982029999999999736e-01 8.981710000000000527e-01 1.863400000000000056e-01 -2.049000000000000040e-03 2.022690000000000043e-01 -9.793279999999999763e-01
1.500000000000000000e+01 9.000000000000000000e+01 3.000000000000000000e+01 0.000000000000000000e+00 1.600000000000000089e+00 -9.294360000000000399e-01 3.247800000000000131e-01 -1.751209999999999989e-01 2.585520000000000040e-01 9.118490000000000206e-01 3.188770000000000215e-01 2.632479999999999820e-01 2.510970000000000146e-01 -9.314780000000000282e-01
1.200000000000000000e+01 5.100000000000000000e+01 3.100000000000000000e+01 0.000000000000000000e+00 1.600000000000000089e+00 2.522900000000000142e-02 3.988579999999999903e-01 -9.166649999999999521e-01 5.482639999999999736e-01 -7.722719999999999585e-01 -3.209400000000000031e-01 -8.359250000000000291e-01 -4.944779999999999731e-01 -2.381630000000000136e-01
1.200000000000000000e+01 5.200000000000000000e+01 3.200000000000000000e+01 0.000000000000000000e+00 1.600000000000000089e+00 3.796700000000000075e-02 4.218109999999999915e-01 -9.058890000000000553e-01 5.385940000000000172e-01 -7.722339999999999760e-01 -3.370029999999999970e-01 -8.417090000000000405e-01 -4.751119999999999788e-01 -2.565040000000000098e-01
2.300000000000000000e+01 5.600000000000000000e+01 3.300000000000000000e+01 0.000000000000000000e+00 1.600000000000000089e+00 1.294039999999999913e-01 1.750400000000000011e-01 -9.760199999999999987e-01 2.829309999999999881e-01 -9.498959999999999626e-01 -1.328429999999999889e-01 -9.503709999999999658e-01 -2.589560000000000195e-01 -1.724449999999999872e-01
2.100000000000000000e+01 4.600000000000000000e+01 3.500000000000000000e+01 0.000000000000000000e+00 1.600000000000000089e+00 1.273400000000000053e-02 8.002700000000000091e-02 -9.967110000000000136e-01 3.803420000000000134e-01 -9.222540000000000182e-01 -6.919000000000000150e-02 -9.247579999999999689e-01 -3.782099999999999906e-01 -4.218100000000000321e-02
2.700000000000000000e+01 4.600000000000000000e+01 3.500000000000000000e+01 0.000000000000000000e+00 1.600000000000000089e+00 7.370000000000000249e-04 8.623000000000000456e-03 -9.999630000000000463e-01 3.894039999999999724e-01 -9.210350000000000481e-01 -7.655999999999999611e-03 -9.210669999999999691e-01 -3.893829999999999791e-01 -4.036999999999999790e-03
1.500000000000000000e+01 7.900000000000000000e+01 3.500000000000000000e+01 0.000000000000000000e+00 1.600000000000000089e+00 -9.399699999999999722e-01 -3.375090000000000034e-01 -5.044799999999999979e-02 -3.411580000000000168e-01 9.257950000000000346e-01 1.628340000000000065e-01 -8.253999999999999185e-03 1.702700000000000047e-01 -9.853629999999999889e-01
1.600000000000000000e+01 8.900000000000000000e+01 3.500000000000000000e+01 0.000000000000000000e+00 1.600000000000000089e+00 -6.058599999999999541e-01 7.671729999999999938e-01 -2.106649999999999912e-01 7.195120000000000404e-01 6.413649999999999629e-01 2.663699999999999957e-01 3.394650000000000167e-01 9.806999999999999745e-03 -9.405679999999999596e-01
2.200000000000000000e+01 7.400000000000000000e+01 3.600000000000000000e+01 0.000000000000000000e+00 1.600000000000000089e+00 -4.300660000000000038e-01 8.560860000000000136e-01 2.866349999999999731e-01 -8.944370000000000376e-01 -3.609299999999999731e-01 -2.640299999999999869e-01 -1.225770000000000054e-01 -3.699270000000000058e-01 9.209389999999999521e-01
1.600000000000000000e+01 7.800000000000000000e+01 3.600000000000000000e+01 0.000000000000000000e+00 1.600000000000000089e+00 -7.865799999999999459e-01 -6.135739999999999528e-01 -6.941500000000000448e-02 -6.158099999999999685e-01 7.711890000000000134e-01 1.613880000000000037e-01 -4.549199999999999772e-02 1.696900000000000075e-01 -9.844469999999999610e-01
3.000000000000000000e+00 9.500000000000000000e+01 3.600000000000000000e+01 0.000000000000000000e+00 1.600000000000000089e+00 -1.632099999999999870e-02 -7.421500000000000319e-02 9.971090000000000231e-01 9.973030000000000506e-01 7.016000000000000014e-02 2.154599999999999918e-02 -7.155599999999999461e-02 9.947709999999999608e-01 7.287000000000000421e-02
3.000000000000000000e+00 2.900000000000000000e+01 4.400000000000000000e+01 0.000000000000000000e+00 1.600000000000000089e+00 -1.761999999999999894e-03 4.110000000000000155e-04 -9.999980000000000535e-01 6.544839999999999547e-01 7.560759999999999703e-01 -8.419999999999999750e-04 7.560740000000000238e-01 -6.544839999999999547e-01 -1.600999999999999993e-03
8.000000000000000000e+00 2.900000000000000000e+01 4.400000000000000000e+01 0.000000000000000000e+00 1.600000000000000089e+00 8.799999999999999771e-05 -1.673000000000000008e-03 -9.999989999999999712e-01 6.553120000000000056e-01 7.553579999999999739e-01 -1.206000000000000041e-03 7.553590000000000027e-01 -6.553109999999999769e-01 1.162999999999999971e-03
1.100000000000000000e+01 2.900000000000000000e+01 4.400000000000000000e+01 0.000000000000000000e+00 1.600000000000000089e+00 8.649999999999999920e-04 -1.559000000000000056e-03 -9.999980000000000535e-01 6.569650000000000212e-01 7.539200000000000346e-01 -6.070000000000000092e-04 7.539200000000000346e-01 -6.569639999999999924e-01 1.677000000000000105e-03
2.200000000000000000e+01 2.900000000000000000e+01 4.400000000000000000e+01 0.000000000000000000e+00 1.600000000000000089e+00 -1.685999999999999999e-03 4.145000000000000247e-03 -9.999900000000000455e-01 6.575969999999999871e-01 7.533670000000000089e-01 2.014000000000000165e-03 7.533680000000000376e-01 -6.575870000000000326e-01 -3.996000000000000420e-03
2.500000000000000000e+01 2.900000000000000000e+01 4.400000000000000000e+01 0.000000000000000000e+00 1.600000000000000089e+00 -1.954000000000000008e-03 4.774999999999999731e-03 -9.999869999999999592e-01 6.596830000000000194e-01 7.515399999999999858e-01 2.299999999999999961e-03 7.515410000000000146e-01 -6.596699999999999786e-01 -4.618999999999999842e-03
2.600000000000000000e+01 6.900000000000000000e+01 4.700000000000000000e+01 0.000000000000000000e+00 1.600000000000000089e+00 -9.629300000000000359e-02 -1.494969999999999910e-01 -9.840619999999999923e-01 -9.922450000000000436e-01 -6.365400000000000225e-02 1.067639999999999978e-01 -7.860100000000000420e-02 9.867110000000000047e-01 -1.422090000000000021e-01
1.500000000000000000e+01 5.900000000000000000e+01 4.800000000000000000e+01 0.000000000000000000e+00 1.600000000000000089e+00 4.849370000000000069e-01 3.321700000000000208e-01 -8.090110000000000356e-01 -8.352410000000000112e-01 4.501290000000000013e-01 -3.158429999999999849e-01 2.592459999999999765e-01 8.288830000000000364e-01 4.957260000000000000e-01
2.900000000000000000e+01 6.800000000000000000e+01 4.800000000000000000e+01 0.000000000000000000e+00 1.600000000000000089e+00 -2.654799999999999868e-02 -7.335400000000000253e-02 -9.969519999999999493e-01 -9.843809999999999505e-01 -1.717130000000000045e-01 3.884699999999999959e-02 -1.740389999999999993e-01 9.824119999999999520e-01 -6.765000000000000180e-02
1.500000000000000000e+01 7.400000000000000000e+01 4.900000000000000000e+01 0.000000000000000000e+00 1.600000000000000089e+00 4.305300000000000099e-02 5.813289999999999846e-01 8.125289999999999457e-01 -9.658830000000000471e-01 2.321030000000000038e-01 -1.148799999999999960e-01 -2.553739999999999899e-01 -7.798620000000000552e-01 5.714879999999999960e-01
2.000000000000000000e+00 5.000000000000000000e+00 5.100000000000000000e+01 0.000000000000000000e+00 1.600000000000000089e+00 1.043000000000000090e-03 -5.746000000000000239e-03 -9.999829999999999552e-01 4.892040000000000277e-01 -8.721520000000000383e-01 5.520999999999999866e-03 -8.721689999999999721e-01 -4.892009999999999970e-01 1.900999999999999912e-03
1.000000000000000000e+01 5.000000000000000000e+00 5.100000000000000000e+01 0.000000000000000000e+00 1.600000000000000089e+00 1.472999999999999917e-03 -3.041999999999999999e-03 -9.999940000000000495e-01 4.892790000000000195e-01 -8.721210000000000351e-01 3.373999999999999829e-03 -8.721259999999999568e-01 -4.892810000000000215e-01 2.039999999999999984e-04
1.700000000000000000e+01 5.000000000000000000e+00 5.100000000000000000e+01 0.000000000000000000e+00 1.600000000000000089e+00 2.311000000000000120e-03 9.000000000000000228e-06 -9.999970000000000248e-01 4.846440000000000192e-01 -8.747110000000000163e-01 1.111999999999999924e-03 -8.747080000000000410e-01 -4.846449999999999925e-01 -2.026000000000000023e-03
2.600000000000000000e+01 5.000000000000000000e+00 5.100000000000000000e+01 0.000000000000000000e+00 1.600000000000000089e+00 -1.358000000000000049e-03 4.299999999999999894e-04 -9.999989999999999712e-01 4.830760000000000054e-01 -8.755779999999999674e-01 -1.033000000000000064e-03 -8.755770000000000497e-01 -4.830769999999999786e-01 9.820000000000000170e-04
4.000000000000000000e+00 5.100000000000000000e+01 5.100000000000000000e+01 0.000000000000000000e+00 1.600000000000000089e+00 3.915469999999999784e-01 8.017599999999999727e-02 9.166590000000000016e-01 -7.950139999999999985e-01 -4.721049999999999969e-01 3.808799999999999963e-01 4.632970000000000144e-01 -8.778890000000000304e-01 -1.211099999999999954e-01
1.600000000000000000e+01 6.400000000000000000e+01 5.100000000000000000e+01 0.000000000000000000e+00 1.600000000000000089e+00 1.269609999999999905e-01 -3.708859999999999935e-01 -9.199589999999999712e-01 5.311160000000000325e-01 8.087250000000000272e-01 -2.527440000000000242e-01 8.377329999999999499e-01 -4.565170000000000061e-01 2.996599999999999819e-01
6.000000000000000000e+00 1.150000000000000000e+02 5.100000000000000000e+01 0.000000000000000000e+00 1.600000000000000089e+00 -1.410999999999999928e-03 1.859299999999999842e-02 9.998259999999999925e-01 8.441959999999999464e-01 -5.359190000000000342e-01 1.115700000000000025e-02 5.360329999999999817e-01 8.440649999999999542e-01 -1.494000000000000015e-02
2.200000000000000000e+01 1.150000000000000000e+02 5.100000000000000000e+01 0.000000000000000000e+00 1.600000000000000089e+00 -1.016799999999999995e-02 7.874000000000000790e-03 9.999169999999999447e-01 8.509799999999999587e-01 -5.250430000000000375e-01 1.278800000000000076e-02 5.251000000000000112e-01 8.510389999999999899e-01 -1.361000000000000014e-03
7.000000000000000000e+00 7.000000000000000000e+00 5.200000000000000000e+01 0.000000000000000000e+00 1.600000000000000089e+00 1.013999999999999927e-03 -7.601000000000000117e-03 -9.999710000000000543e-01 1.110259999999999997e-01 -9.937880000000000047e-01 7.667000000000000204e-03 -9.938169999999999504e-01 -1.110300000000000037e-01 -1.640000000000000019e-04
1.300000000000000000e+01 8.000000000000000000e+01 5.200000000000000000e+01 0.000000000000000000e+00 1.600000000000000089e+00 5.966099999999999876e-02 -1.797519999999999951e-01 9.819010000000000238e-01 1.069910000000000028e-01 9.791379999999999528e-01 1.727460000000000107e-01 -9.924680000000000168e-01 9.474799999999999889e-02 7.764799999999999480e-02
2.700000000000000000e+01 7.100000000000000000e+01 5.400000000000000000e+01 0.000000000000000000e+00 1.600000000000000089e+00 -2.187290000000000068e-01 5.970919999999999561e-01 7.717770000000000463e-01 -9.661779999999999813e-01 -2.180999999999999953e-02 -2.569509999999999850e-01 -1.365909999999999902e-01 -8.018769999999999509e-01 5.816670000000000451e-01
4.000000000000000000e+00 2.500000000000000000e+01 5.500000000000000000e+01 0.000000000000000000e+00 1.600000000000000089e+00 -6.269999999999999532e-04 1.466999999999999988e-03 -9.999989999999999712e-01 -1.019800000000000047e-02 -9.999470000000000303e-01 -1.461000000000000059e-03 -9.999479999999999480e-01 1.019699999999999947e-02 6.419999999999999925e-04
1.000000000000000000e+01 2.500000000000000000e+01 5.500000000000000000e+01 0.000000000000000000e+00 1.600000000000000089e+00 -7.649999999999999465e-04 -3.699999999999999811e-05 -1.000000000000000000e+00 -1.058199999999999939e-02 -9.999440000000000550e-01 4.500000000000000283e-05 -9.999440000000000550e-01 1.058199999999999939e-02 7.640000000000000306e-04
1.500000000000000000e+01 2.500000000000000000e+01 5.500000000000000000e+01 0.000000000000000000e+00 1.600000000000000089e+00 -1.255000000000000039e-03 4.131000000000000123e-03 -9.999909999999999632e-01 -8.803000000000000061e-03 -9.999529999999999808e-01 -4.120000000000000398e-03 -9.999599999999999600e-01 8.796999999999999265e-03 1.291000000000000047e-03
1.900000000000000000e+01 2.500000000000000000e+01 5.500000000000000000e+01 0.000000000000000000e+00 1.600000000000000089e+00 -8.239999999999999712e-04 2.347999999999999827e-03 -9.999970000000000248e-01 -7.668999999999999602e-03 -9.999679999999999680e-01 -2.341999999999999898e-03 -9.999700000000000255e-01 7.667000000000000204e-03 8.419999999999999750e-04
2.300000000000000000e+01 2.500000000000000000e+01 5.500000000000000000e+01 0.000000000000000000e+00 1.600000000000000089e+00 1.769999999999999926e-04 8.919999999999999978e-04 -1.000000000000000000e+00 -7.388999999999999735e-03 -9.999719999999999720e-01 -8.930000000000000221e-04 -9.999730000000000008e-01 7.388999999999999735e-03 -1.710000000000000094e-04
2.500000000000000000e+01 2.500000000000000000e+01 5.500000000000000000e+01 0.000000000000000000e+00 1.600000000000000089e+00 7.339999999999999520e-04 -1.039999999999999936e-04 -1.000000000000000000e+00 -6.958999999999999908e-03 -9.999759999999999760e-01 9.899999999999999404e-05 -9.999759999999999760e-01 6.958999999999999908e-03 -7.349999999999999763e-04
3.000000000000000000e+01 2.500000000000000000e+01 5.500000000000000000e+01 0.000000000000000000e+00 1.600000000000000089e+00 -3.390000000000000001e-04 -3.664000000000000156e-03 -9.999930000000000208e-01 -7.204000000000000334e-03 -9.999670000000000503e-01 3.667000000000000121e-03 -9.999740000000000295e-01 7.204999999999999599e-03 3.130000000000000187e-04
1.500000000000000000e+01 5.800000000000000000e+01 5.500000000000000000e+01 0.000000000000000000e+00 1.600000000000000089e+00 -8.557399999999999729e-02 -3.062960000000000127e-01 9.480819999999999803e-01 -1.588420000000000110e-01 9.435959999999999903e-01 2.905090000000000172e-01 -9.835880000000000178e-01 -1.257359999999999867e-01 -1.293999999999999873e-01
4.000000000000000000e+00 6.000000000000000000e+01 5.500000000000000000e+01 0.000000000000000000e+00 1.600000000000000089e+00 -1.833600000000000160e-02 -9.967900000000000371e-02 9.948510000000000408e-01 8.969399999999999595e-02 9.908420000000000005e-01 1.009300000000000058e-01 -9.958010000000000472e-01 9.108299999999999730e-02 -9.227000000000000826e-03
2.700000000000000000e+01 8.500000000000000000e+01 5.500000000000000000e+01 0.000000000000000000e+00 1.600000000000000089e+00 8.774800000000000655e-02 -4.097189999999999999e-01 -9.079819999999999558e-01 8.302300000000000235e-01 -4.736159999999999815e-01 2.939490000000000158e-01 -5.504710000000000436e-01 -7.796269999999999589e-01 2.986019999999999786e-01
2.500000000000000000e+01 6.600000000000000000e+01 5.700000000000000000e+01 0.000000000000000000e+00 1.600000000000000089e+00 -1.005999999999999950e-02 5.085589999999999833e-01 8.609689999999999843e-01 -2.203259999999999941e-01 8.387240000000000251e-01 -4.979939999999999922e-01 -9.753739999999999633e-01 -1.947039999999999882e-01 1.036109999999999948e-01
7.000000000000000000e+00 6.800000000000000000e+01 5.700000000000000000e+01 0.000000000000000000e+00 1.600000000000000089e+00 -1.562999999999999936e-03 -4.330999999999999781e-03 -9.999890000000000168e-01 -2.498009999999999953e-01 -9.682859999999999800e-01 4.584000000000000401e-03 -9.682960000000000456e-01 2.498060000000000003e-01 4.310000000000000137e-04
1.300000000000000000e+01 5.800000000000000000e+01 5.900000000000000000e+01 0.000000000000000000e+00 1.600000000000000089e+00 -6.412299999999999944e-02 -1.772950000000000081e-01 -9.820670000000000233e-01 1.940900000000000125e-01 9.630840000000000511e-01 -1.865410000000000124e-01 9.788860000000000339e-01 -2.025710000000000011e-01 -2.734500000000000125e-02
1.000000000000000000e+00 2.100000000000000000e+01 6.000000000000000000e+01 0.000000000000000000e+00 1.600000000000000089e+00 1.700000000000000122e-04 -4.673000000000000070e-03 9.999890000000000168e-01 -9.665500000000000480e-02 9.953070000000000528e-01 4.668000000000000274e-03 -9.953180000000000360e-01 -9.665500000000000480e-02 -2.829999999999999942e-04
6.000000000000000000e+00 2.100000000000000000e+01 6.000000000000000000e+01 0.000000000000000000e+00 1.600000000000000089e+00 -8.059999999999999673e-04 1.175000000000000046e-03 9.999989999999999712e-01 -9.567499999999999616e-02 9.954119999999999635e-01 -1.245999999999999929e-03 -9.954119999999999635e-01 -9.567599999999999716e-02 -6.899999999999999667e-04
1.200000000000000000e+01 2.100000000000000000e+01 6.000000000000000000e+01 0.000000000000000000e+00 1.600000000000000089e+00 1.889999999999999970e-03 -2.149999999999999947e-04 9.999980000000000535e-01 -9.468999999999999639e-02 9.955070000000000308e-01 3.930000000000000117e-04 -9.955049999999999732e-01 -9.468999999999999639e-02 1.861000000000000024e-03
2.000000000000000000e+01 2.100000000000000000e+01 6.000000000000000000e+01 0.000000000000000000e+00 1.600000000000000089e+00 -2.475000000000000203e-03 -5.433999999999999594e-03 9.999820000000000375e-01 -9.717599999999999849e-02 9.952539999999999720e-01 5.167999999999999851e-03 -9.952640000000000375e-01 -9.716199999999999837e-02 -2.991000000000000169e-03
2.500000000000000000e+01 2.100000000000000000e+01 6.000000000000000000e+01 0.000000000000000000e+00 1.600000000000000089e+00 -8.919999999999999978e-04 -4.223000000000000191e-03 9.999909999999999632e-01 -9.691199999999999815e-02 9.952839999999999465e-01 4.117000000000000000e-03 -9.952929999999999833e-01 -9.690699999999999315e-02 -1.296999999999999976e-03
1.100000000000000000e+01 6.000000000000000000e+00 6.100000000000000000e+01 0.000000000000000000e+00 1.600000000000000089e+00 -5.191999999999999567e-03 -1.015300000000000057e-02 9.999350000000000183e-01 5.706809999999999938e-01 -8.211540000000000505e-01 -5.374000000000000304e-03 8.211549999999999683e-01 5.706160000000000121e-01 1.005799999999999923e-02
2.000000000000000000e+00 3.000000000000000000e+00 6.300000000000000000e+01 0.000000000000000000e+00 1.600000000000000089e+00 -7.399999999999999894e-04 -2.789999999999999945e-03 9.999959999999999960e-01 -6.165859999999999674e-01 7.872850000000000126e-01 1.740000000000000010e-03 -7.872869999999999591e-01 -6.165829999999999922e-01 -2.302999999999999926e-03
2.600000000000000000e+01 3.000000000000000000e+00 6.300000000000000000e+01 0.000000000000000000e+00 1.600000000000000089e+00 7.860000000000000233e-04 1.121000000000000035e-03 9.999989999999999712e-01 -6.134589999999999765e-01 7.897260000000000391e-01 -4.029999999999999837e-04 -7.897260000000000391e-01 -6.134589999999999765e-01 1.307999999999999918e-03
7.000000000000000000e+00 2.700000000000000000e+01 6.300000000000000000e+01 0.000000000000000000e+00 1.600000000000000089e+00 -4.789999999999999879e-04 3.233000000000000197e-03 9.999949999999999672e-01 -2.696100000000000163e-01 9.629640000000000422e-01 -3.242000000000000090e-03 -9.629689999999999639e-01 -2.696100000000000163e-01 4.099999999999999912e-04
1.100000000000000000e+01 2.700000000000000000e+01 6.300000000000000000e+01 0.000000000000000000e+00 1.600000000000000089e+00 6.319999999999999663e-04 2.781000000000000052e-03 9.999959999999999960e-01 -2.679509999999999947e-01 9.634289999999999798e-01 -2.510000000000000078e-03 -9.634319999999999551e-01 -2.679489999999999927e-01 1.353999999999999952e-03
2.200000000000000000e+01 2.700000000000000000e+01 6.300000000000000000e+01 0.000000000000000000e+00 1.600000000000000089e+00 -2.788000000000000114e-03 -2.562000000000000041e-03 9.999930000000000208e-01 -2.690009999999999901e-01 9.631380000000000496e-01 1.717999999999999909e-03 -9.631359999999999921e-01 -2.689940000000000109e-01 -3.374999999999999962e-03
2.600000000000000000e+01 2.700000000000000000e+01 6.300000000000000000e+01 0.000000000000000000e+00 1.600000000000000089e+00 -1.606999999999999922e-03 -3.703999999999999827e-03 9.999919999999999920e-01 -2.701700000000000212e-01 9.628079999999999972e-01 3.131999999999999802e-03 -9.628109999999999724e-01 -2.701629999999999865e-01 -2.547999999999999918e-03
