1.000000000000000000e+00 1.500000000000000000e+01 4.000000000000000000e+00 0.000000000000000000e+00 1.600000000000000089e+00 1.250000000000000026e-04 1.409999999999999969e-02 9.999010000000000398e-01 3.204620000000000246e-01 -9.471680000000000099e-01 1.331599999999999971e-02 9.472620000000000484e-01 3.204279999999999906e-01 -4.636999999999999629e-03
5.000000000000000000e+00 1.500000000000000000e+01 4.000000000000000000e+00 0.000000000000000000e+00 1.600000000000000089e+00 1.247000000000000062e-03 1.298599999999999928e-02 9.999149999999999983e-01 3.203050000000000064e-01 -9.472399999999999709e-01 1.190199999999999939e-02 9.473139999999999894e-01 3.202630000000000199e-01 -5.341000000000000261e-03
1.400000000000000000e+01 1.500000000000000000e+01 4.000000000000000000e+00 0.000000000000000000e+00 1.600000000000000089e+00 2.219000000000000052e-03 9.318999999999999159e-03 9.999540000000000095e-01 3.183570000000000011e-01 -9.479360000000000008e-01 8.127999999999999808e-03 9.479680000000000328e-01 3.183250000000000246e-01 -5.069999999999999854e-03
2.700000000000000000e+01 1.500000000000000000e+01 4.000000000000000000e+00 0.000000000000000000e+00 1.600000000000000089e+00 1.588000000000000002e-03 3.207999999999999914e-03 9.999940000000000495e-01 3.212800000000000100e-01 -9.469809999999999617e-01 2.527999999999999865e-03 9.469830000000000192e-01 3.212740000000000040e-01 -2.534999999999999927e-03
1.200000000000000000e+01 7.400000000000000000e+01 4.000000000000000000e+00 0.000000000000000000e+00 1.600000000000000089e+00 -8.809040000000000203e-01 -3.781860000000000221e-01 2.845770000000000244e-01 -3.999030000000000085e-01 9.163360000000000394e-01 -2.013799999999999965e-02 -2.531519999999999881e-01 -1.315429999999999933e-01 -9.584420000000000162e-01
7.000000000000000000e+00 1.010000000000000000e+02 7.000000000000000000e+00 0.000000000000000000e+00 1.600000000000000089e+00 -1.596999999999999895e-03 -1.061999999999999923e-02 9.999419999999999975e-01 8.828759999999999941e-01 4.695619999999999794e-01 6.396999999999999909e-03 -4.696029999999999927e-01 8.828350000000000364e-01 8.626999999999999252e-03
1.400000000000000000e+01 1.010000000000000000e+02 7.000000000000000000e+00 0.000000000000000000e+00 1.600000000000000089e+00 2.830000000000000050e-03 -3.848599999999999938e-02 9.992550000000000043e-01 8.846960000000000379e-01 4.659130000000000216e-01 1.543899999999999960e-02 -4.661600000000000188e-01 8.839930000000000287e-01 3.536700000000000260e-02
1.900000000000000000e+01 1.010000000000000000e+02 7.000000000000000000e+00 0.000000000000000000e+00 1.600000000000000089e+00 5.000000000000000240e-05 -2.982699999999999935e-02 9.995549999999999713e-01 8.853799999999999448e-01 4.646629999999999927e-01 1.382199999999999922e-02 -4.648689999999999767e-01 8.849850000000000216e-01 2.643200000000000063e-02
5.000000000000000000e+00 2.500000000000000000e+01 8.000000000000000000e+00 0.000000000000000000e+00 1.600000000000000089e+00 -2.311999999999999819e-03 -5.057999999999999996e-03 -9.999850000000000128e-01 4.490089999999999915e-01 8.935100000000000264e-01 -5.557999999999999573e-03 8.935239999999999849e-01 -4.490149999999999975e-01 2.059999999999999928e-04
1.000000000000000000e+01 2.500000000000000000e+01 8.000000000000000000e+00 0.000000000000000000e+00 1.600000000000000089e+00 -2.105999999999999799e-03 -8.286999999999999228e-03 -9.999630000000000463e-01 4.494469999999999854e-01 8.932679999999999509e-01 -8.349999999999999784e-03 8.933050000000000157e-01 -4.494480000000000142e-01 1.843000000000000020e-03
1.800000000000000000e+01 2.500000000000000000e+01 8.000000000000000000e+00 0.000000000000000000e+00 1.600000000000000089e+00 -2.700000000000000035e-04 -2.364000000000000216e-03 -9.999970000000000248e-01 4.533980000000000232e-01 8.913060000000000427e-01 -2.229000000000000078e-03 8.913079999999999892e-01 -4.533969999999999945e-01 8.310000000000000329e-04
2.400000000000000000e+01 2.500000000000000000e+01 8.000000000000000000e+00 0.000000000000000000e+00 1.600000000000000089e+00 -6.520000000000000188e-04 1.245999999999999929e-03 -9.999989999999999712e-01 4.522680000000000033e-01 8.918819999999999526e-01 8.170000000000000179e-04 8.918819999999999526e-01 -4.522669999999999746e-01 -1.144999999999999967e-03
3.000000000000000000e+01 2.500000000000000000e+01 8.000000000000000000e+00 0.000000000000000000e+00 1.600000000000000089e+00 1.873000000000000099e-03 7.934999999999999346e-03 -9.999670000000000503e-01 4.542490000000000139e-01 8.908390000000000475e-01 7.919999999999999957e-03 8.908730000000000260e-01 -4.542490000000000139e-01 -1.936000000000000004e-03
1.000000000000000000e+00 2.400000000000000000e+01 9.000000000000000000e+00 0.000000000000000000e+00 1.600000000000000089e+00 -4.147999999999999778e-03 -1.398499999999999917e-02 -9.998939999999999495e-01 4.516669999999999852e-01 8.920709999999999473e-01 -1.435099999999999917e-02 8.921769999999999978e-01 -4.516780000000000239e-01 2.615999999999999836e-03
6.000000000000000000e+00 2.400000000000000000e+01 9.000000000000000000e+00 0.000000000000000000e+00 1.600000000000000089e+00 -1.621000000000000045e-03 -5.118000000000000153e-03 -9.999860000000000415e-01 4.518320000000000114e-01 8.920869999999999633e-01 -5.297999999999999758e-03 8.921019999999999506e-01 -4.518340000000000134e-01 8.670000000000000406e-04
1.100000000000000000e+01 2.400000000000000000e+01 9.000000000000000000e+00 0.000000000000000000e+00 1.600000000000000089e+00 -2.001999999999999873e-03 -1.090600000000000076e-02 -9.999390000000000223e-01 4.517120000000000024e-01 8.921000000000000041e-01 -1.063399999999999936e-02 8.921609999999999818e-01 -4.517059999999999964e-01 3.141000000000000129e-03
1.500000000000000000e+01 2.400000000000000000e+01 9.000000000000000000e+00 0.000000000000000000e+00 1.600000000000000089e+00 -1.459000000000000010e-03 -8.115999999999999950e-03 -9.999660000000000215e-01 4.546850000000000058e-01 8.906180000000000208e-01 -7.891999999999999710e-03 8.906509999999999705e-01 -4.546810000000000018e-01 2.390000000000000197e-03
1.800000000000000000e+01 2.400000000000000000e+01 9.000000000000000000e+00 0.000000000000000000e+00 1.600000000000000089e+00 -1.659999999999999963e-04 -1.876999999999999979e-03 -9.999980000000000535e-01 4.562700000000000089e-01 8.898399999999999643e-01 -1.745999999999999939e-03 8.898409999999999931e-01 -4.562700000000000089e-01 7.089999999999999948e-04
2.700000000000000000e+01 2.400000000000000000e+01 9.000000000000000000e+00 0.000000000000000000e+00 1.600000000000000089e+00 -6.930000000000000396e-04 3.644000000000000104e-03 -9.999930000000000208e-01 4.553670000000000218e-01 8.902989999999999515e-01 2.928000000000000047e-03 8.903039999999999843e-01 -4.553619999999999890e-01 -2.275999999999999811e-03
2.900000000000000000e+01 2.400000000000000000e+01 9.000000000000000000e+00 0.000000000000000000e+00 1.600000000000000089e+00 3.220000000000000206e-04 5.841999999999999971e-03 -9.999829999999999552e-01 4.557599999999999985e-01 8.900869999999999616e-01 5.347000000000000190e-03 8.901029999999999776e-01 -4.557539999999999925e-01 -2.376000000000000074e-03
9.000000000000000000e+00 3.100000000000000000e+01 1.200000000000000000e+01 0.000000000000000000e+00 1.600000000000000089e+00 1.069999999999999988e-04 -1.850000000000000082e-03 9.999980000000000535e-01 -1.326500000000000075e-02 9.999099999999999655e-01 1.850999999999999998e-03 -9.999120000000000230e-01 -1.326500000000000075e-02 8.200000000000000095e-05
2.500000000000000000e+01 3.100000000000000000e+01 1.200000000000000000e+01 0.000000000000000000e+00 1.600000000000000089e+00 -6.600000000000000506e-05 -2.716000000000000098e-03 9.999959999999999960e-01 -1.667300000000000032e-02 9.998569999999999958e-01 2.714999999999999965e-03 -9.998609999999999998e-01 -1.667300000000000032e-02 -1.110000000000000011e-04
7.000000000000000000e+00 3.500000000000000000e+01 1.200000000000000000e+01 0.000000000000000000e+00 1.600000000000000089e+00 -2.300000000000000002e-05 -5.546999999999999847e-03 -9.999850000000000128e-01 4.930510000000000170e-01 -8.699869999999999548e-01 4.813999999999999703e-03 -8.699999999999999956e-01 -4.930439999999999823e-01 2.755000000000000070e-03
1.300000000000000000e+01 3.500000000000000000e+01 1.200000000000000000e+01 0.000000000000000000e+00 1.600000000000000089e+00 1.833999999999999910e-03 -2.781000000000000052e-03 -9.999940000000000495e-01 4.802500000000000102e-01 -8.771250000000000435e-01 3.320000000000000034e-03 -8.771299999999999653e-01 -4.802540000000000142e-01 -2.739999999999999923e-04
1.700000000000000000e+01 3.500000000000000000e+01 1.200000000000000000e+01 0.000000000000000000e+00 1.600000000000000089e+00 1.543000000000000101e-03 -8.073000000000000315e-03 -9.999660000000000215e-01 4.710489999999999955e-01 -8.820719999999999672e-01 7.848000000000000809e-03 -8.821059999999999457e-01 -4.710449999999999915e-01 2.442000000000000160e-03
2.000000000000000000e+01 3.500000000000000000e+01 1.200000000000000000e+01 0.000000000000000000e+00 1.600000000000000089e+00 2.900000000000000017e-04 -5.680000000000000153e-03 -9.999839999999999840e-01 4.652470000000000216e-01 -8.851660000000000084e-01 5.163000000000000055e-03 -8.851809999999999956e-01 -4.652410000000000156e-01 2.386000000000000100e-03
2.400000000000000000e+01 3.500000000000000000e+01 1.200000000000000000e+01 0.000000000000000000e+00 1.600000000000000089e+00 -6.269999999999999532e-04 -2.014999999999999864e-03 -9.999980000000000535e-01 4.599320000000000075e-01 -8.879529999999999923e-01 1.500999999999999947e-03 -8.879540000000000211e-01 -4.599300000000000055e-01 1.484000000000000076e-03
2.900000000000000000e+01 3.500000000000000000e+01 1.200000000000000000e+01 0.000000000000000000e+00 1.600000000000000089e+00 2.456999999999999983e-03 8.260000000000000198e-04 -9.999970000000000248e-01 4.509980000000000100e-01 -8.925250000000000128e-01 3.710000000000000190e-04 -8.925210000000000088e-01 -4.509980000000000100e-01 -2.566000000000000138e-03
1.000000000000000000e+01 7.300000000000000000e+01 1.300000000000000000e+01 0.000000000000000000e+00 1.600000000000000089e+00 -9.140249999999999764e-01 -2.217379999999999907e-01 3.396919999999999940e-01 -3.369599999999999818e-01 8.812600000000000433e-01 -3.314210000000000211e-01 -2.258680000000000132e-01 -4.173890000000000100e-01 -8.802100000000000479e-01
1.600000000000000000e+01 3.200000000000000000e+01 1.400000000000000000e+01 0.000000000000000000e+00 1.600000000000000089e+00 2.635000000000000189e-03 2.524999999999999901e-03 -9.999930000000000208e-01 1.032560000000000006e-01 9.946509999999999518e-01 2.784000000000000016e-03 9.946509999999999518e-01 -1.032620000000000066e-01 2.360000000000000119e-03
1.900000000000000000e+01 3.200000000000000000e+01 1.400000000000000000e+01 0.000000000000000000e+00 1.600000000000000089e+00 6.049999999999999606e-04 5.140000000000000254e-04 -1.000000000000000000e+00 1.037190000000000056e-01 9.946070000000000189e-01 5.739999999999999660e-04 9.946059999999999901e-01 -1.037190000000000056e-01 5.490000000000000088e-04
2.900000000000000000e+01 1.200000000000000000e+01 1.500000000000000000e+01 0.000000000000000000e+00 1.600000000000000089e+00 2.880000000000000073e-04 2.269000000000000183e-03 -9.999970000000000248e-01 -4.628920000000000257e-01 -8.864119999999999777e-01 -2.144000000000000072e-03 -8.864149999999999530e-01 4.628909999999999969e-01 7.950000000000000252e-04
2.700000000000000000e+01 1.160000000000000000e+02 1.600000000000000000e+01 0.000000000000000000e+00 1.600000000000000089e+00 2.948999999999999799e-03 6.825000000000000337e-03 9.999719999999999720e-01 7.377989999999999826e-01 6.749859999999999749e-01 -6.782999999999999967e-03 -6.750140000000000029e-01 7.377989999999999826e-01 -3.044999999999999964e-03
2.000000000000000000e+00 2.000000000000000000e+00 1.900000000000000000e+01 0.000000000000000000e+00 1.600000000000000089e+00 1.593999999999999931e-03 2.079299999999999898e-02 -9.997829999999999773e-01 2.017879999999999951e-01 -9.792239999999999833e-01 -2.004399999999999932e-02 -9.794279999999999653e-01 -2.017120000000000024e-01 -5.756999999999999965e-03
5.000000000000000000e+00 2.000000000000000000e+00 1.900000000000000000e+01 0.000000000000000000e+00 1.600000000000000089e+00 1.034999999999999896e-03 2.577700000000000130e-02 -9.996669999999999723e-01 1.969809999999999894e-01 -9.800870000000000415e-01 -2.506800000000000000e-02 -9.804070000000000285e-01 -1.968890000000000085e-01 -6.092000000000000193e-03
1.200000000000000000e+01 2.000000000000000000e+00 1.900000000000000000e+01 0.000000000000000000e+00 1.600000000000000089e+00 -3.155999999999999951e-03 1.517800000000000052e-02 -9.998799999999999910e-01 1.855360000000000065e-01 -9.825150000000000272e-01 -1.549999999999999989e-02 -9.826319999999999499e-01 -1.855630000000000057e-01 2.840000000000000185e-04
1.600000000000000000e+01 2.000000000000000000e+00 1.900000000000000000e+01 0.000000000000000000e+00 1.600000000000000089e+00 -2.886000000000000110e-03 1.641600000000000004e-02 -9.998609999999999998e-01 1.850600000000000023e-01 -9.825859999999999594e-01 -1.666700000000000126e-02 -9.827230000000000132e-01 -1.850819999999999965e-01 -2.030000000000000012e-04
2.300000000000000000e+01 2.000000000000000000e+00 1.900000000000000000e+01 0.000000000000000000e+00 1.600000000000000089e+00 -1.090999999999999956e-03 2.456999999999999983e-03 -9.999959999999999960e-01 1.753210000000000046e-01 -9.845080000000000497e-01 -2.609999999999999907e-03 -9.845110000000000250e-01 -1.753230000000000066e-01 6.440000000000000412e-04
2.800000000000000000e+01 2.000000000000000000e+00 1.900000000000000000e+01 0.000000000000000000e+00 1.600000000000000089e+00 -4.299999999999999894e-04 6.141999999999999890e-03 -9.999810000000000088e-01 1.681979999999999864e-01 -9.857339999999999991e-01 -6.126999999999999634e-03 -9.857529999999999903e-01 -1.681979999999999864e-01 -6.099999999999999737e-04
2.000000000000000000e+00 4.000000000000000000e+00 2.000000000000000000e+01 0.000000000000000000e+00 1.600000000000000089e+00 1.456999999999999962e-03 1.895000000000000157e-02 -9.998190000000000133e-01 3.175109999999999877e-01 -9.480929999999999636e-01 -1.750700000000000173e-02 -9.482540000000000413e-01 -3.174279999999999879e-01 -7.399000000000000195e-03
2.400000000000000000e+01 4.000000000000000000e+00 2.000000000000000000e+01 0.000000000000000000e+00 1.600000000000000089e+00 -1.533000000000000074e-03 3.059999999999999786e-03 -9.999940000000000495e-01 2.601450000000000151e-01 -9.655639999999999779e-01 -3.354000000000000210e-03 -9.655679999999999819e-01 -2.601490000000000191e-01 6.840000000000000377e-04
4.000000000000000000e+00 1.300000000000000000e+01 2.000000000000000000e+01 0.000000000000000000e+00 1.600000000000000089e+00 2.142999999999999940e-03 7.769999999999999997e-03 9.999679999999999680e-01 2.648019999999999818e-01 9.642690000000000428e-01 -8.059999999999999457e-03 -9.643000000000000460e-01 2.648110000000000186e-01 9.000000000000000228e-06
1.000000000000000000e+01 1.300000000000000000e+01 2.000000000000000000e+01 0.000000000000000000e+00 1.600000000000000089e+00 3.110000000000000243e-04 -2.788999999999999813e-03 9.999959999999999960e-01 2.604739999999999833e-01 9.654770000000000296e-01 2.612000000000000172e-03 -9.654810000000000336e-01 2.604719999999999813e-01 1.026999999999999918e-03
1.400000000000000000e+01 1.300000000000000000e+01 2.000000000000000000e+01 0.000000000000000000e+00 1.600000000000000089e+00 1.595999999999999979e-03 8.299999999999999815e-05 9.999989999999999712e-01 2.596729999999999872e-01 9.656970000000000276e-01 -4.939999999999999730e-04 -9.656949999999999701e-01 2.596729999999999872e-01 1.520000000000000084e-03
1.700000000000000000e+01 1.300000000000000000e+01 2.000000000000000000e+01 0.000000000000000000e+00 1.600000000000000089e+00 1.755000000000000050e-03 3.467000000000000030e-03 9.999919999999999920e-01 2.573059999999999792e-01 9.663230000000000430e-01 -3.801999999999999824e-03 -9.663279999999999648e-01 2.573110000000000119e-01 8.030000000000000028e-04
2.200000000000000000e+01 1.300000000000000000e+01 2.000000000000000000e+01 0.000000000000000000e+00 1.600000000000000089e+00 1.376000000000000053e-03 -5.500000000000000196e-05 9.999989999999999712e-01 2.555620000000000114e-01 9.667930000000000135e-01 -2.979999999999999793e-04 -9.667919999999999847e-01 2.555620000000000114e-01 1.343999999999999926e-03
2.800000000000000000e+01 1.300000000000000000e+01 2.000000000000000000e+01 0.000000000000000000e+00 1.600000000000000089e+00 -4.159999999999999744e-04 9.590000000000000000e-04 9.999989999999999712e-01 2.519739999999999758e-01 9.677339999999999831e-01 -8.239999999999999712e-04 -9.677339999999999831e-01 2.519730000000000025e-01 -6.440000000000000412e-04
1.800000000000000000e+01 1.600000000000000000e+01 2.100000000000000000e+01 0.000000000000000000e+00 1.600000000000000089e+00 1.910000000000000022e-03 3.774000000000000011e-03 9.999909999999999632e-01 2.998279999999999834e-01 9.539840000000000542e-01 -4.172999999999999626e-03 -9.539910000000000334e-01 2.998339999999999894e-01 6.899999999999999667e-04
2.200000000000000000e+01 1.600000000000000000e+01 2.100000000000000000e+01 0.000000000000000000e+00 1.600000000000000089e+00 1.708000000000000100e-03 -4.910000000000000085e-04 9.999980000000000535e-01 2.994560000000000000e-01 9.541100000000000136e-01 -4.300000000000000165e-05 -9.541089999999999849e-01 2.994550000000000267e-01 1.776999999999999934e-03
3.000000000000000000e+01 1.600000000000000000e+01 2.100000000000000000e+01 0.000000000000000000e+00 1.600000000000000089e+00 -7.950000000000000252e-04 2.420000000000000005e-04 1.000000000000000000e+00 2.992609999999999992e-01 9.541709999999999914e-01 6.999999999999999895e-06 -9.541709999999999914e-01 2.992609999999999992e-01 -8.310000000000000329e-04
2.000000000000000000e+00 3.000000000000000000e+00 2.500000000000000000e+01 0.000000000000000000e+00 1.600000000000000089e+00 2.289999999999999935e-03 1.855000000000000052e-02 9.998249999999999638e-01 -9.175700000000000522e-02 -9.956059999999999910e-01 1.868200000000000069e-02 9.957789999999999697e-01 -9.178300000000000347e-02 -5.779999999999999548e-04
5.000000000000000000e+00 3.000000000000000000e+00 2.500000000000000000e+01 0.000000000000000000e+00 1.600000000000000089e+00 3.684999999999999908e-03 1.832200000000000148e-02 9.998249999999999638e-01 -8.749999999999999445e-02 -9.959909999999999597e-01 1.857400000000000023e-02 9.961579999999999879e-01 -8.755300000000000582e-02 -2.066999999999999827e-03
1.100000000000000000e+01 3.000000000000000000e+00 2.500000000000000000e+01 0.000000000000000000e+00 1.600000000000000089e+00 3.869000000000000043e-03 1.874400000000000024e-02 9.998169999999999558e-01 -6.959300000000000208e-02 -9.973950000000000315e-01 1.896799999999999875e-02 9.975680000000000103e-01 -6.965300000000000658e-02 -2.554999999999999979e-03
1.400000000000000000e+01 3.000000000000000000e+00 2.500000000000000000e+01 0.000000000000000000e+00 1.600000000000000089e+00 4.270000000000000358e-03 1.907999999999999974e-02 9.998089999999999478e-01 -6.287099999999999633e-02 -9.978350000000000275e-01 1.931099999999999831e-02 9.980130000000000390e-01 -6.294099999999999695e-02 -3.060999999999999919e-03
1.800000000000000000e+01 3.000000000000000000e+00 2.500000000000000000e+01 0.000000000000000000e+00 1.600000000000000089e+00 3.413999999999999934e-03 1.137799999999999923e-02 9.999289999999999567e-01 -4.837700000000000333e-02 -9.987629999999999564e-01 1.153000000000000032e-02 9.988230000000000164e-01 -4.841299999999999770e-02 -2.860000000000000129e-03
2.000000000000000000e+00 4.600000000000000000e+01 2.700000000000000000e+01 0.000000000000000000e+00 1.600000000000000089e+00 -1.016999999999999892e-03 -2.246000000000000166e-03 -9.999970000000000248e-01 6.672550000000000425e-01 7.448259999999999881e-01 -2.350999999999999791e-03 7.448289999999999633e-01 -6.672550000000000425e-01 7.410000000000000137e-04
1.300000000000000000e+01 4.600000000000000000e+01 2.700000000000000000e+01 0.000000000000000000e+00 1.600000000000000089e+00 -2.030000000000000012e-04 1.679999999999999907e-04 -1.000000000000000000e+00 6.637690000000000534e-01 7.479369999999999630e-01 -9.000000000000000228e-06 7.479369999999999630e-01 -6.637690000000000534e-01 -2.640000000000000202e-04
2.400000000000000000e+01 4.600000000000000000e+01 2.700000000000000000e+01 0.000000000000000000e+00 1.600000000000000089e+00 -7.590000000000000175e-04 9.920000000000000432e-04 -9.999989999999999712e-01 6.664759999999999573e-01 7.455270000000000508e-01 2.339999999999999958e-04 7.455260000000000220e-01 -6.664750000000000396e-01 -1.227000000000000009e-03
7.000000000000000000e+00 4.600000000000000000e+01 3.000000000000000000e+01 0.000000000000000000e+00 1.600000000000000089e+00 6.549999999999999833e-04 8.899999999999999491e-04 -9.999989999999999712e-01 3.199659999999999727e-01 9.474289999999999656e-01 1.052999999999999900e-03 9.474289999999999656e-01 -3.199659999999999727e-01 3.359999999999999814e-04
1.400000000000000000e+01 4.600000000000000000e+01 3.000000000000000000e+01 0.000000000000000000e+00 1.600000000000000089e+00 2.500000000000000120e-05 3.800000000000000209e-05 -1.000000000000000000e+00 3.209609999999999963e-01 9.470929999999999627e-01 4.399999999999999886e-05 9.470929999999999627e-01 -3.209609999999999963e-01 1.200000000000000030e-05
2.700000000000000000e+01 4.600000000000000000e+01 3.000000000000000000e+01 0.000000000000000000e+00 1.600000000000000089e+00 3.009999999999999980e-04 5.169999999999999899e-04 -1.000000000000000000e+00 3.278360000000000163e-01 9.447339999999999627e-01 5.869999999999999567e-04 9.447339999999999627e-01 -3.278360000000000163e-01 1.150000000000000035e-04
3.000000000000000000e+00 5.800000000000000000e+01 3.100000000000000000e+01 0.000000000000000000e+00 1.600000000000000089e+00 3.550000000000000096e-04 -4.989000000000000379e-03 9.999879999999999880e-01 -7.933510000000000284e-01 -6.087580000000000213e-01 -2.756000000000000203e-03 6.087639999999999718e-01 -7.933400000000000452e-01 -4.173999999999999759e-03
8.000000000000000000e+00 5.800000000000000000e+01 3.100000000000000000e+01 0.000000000000000000e+00 1.600000000000000089e+00 5.130000000000000011e-03 4.054000000000000312e-03 9.999789999999999512e-01 -7.858140000000000125e-01 -6.184279999999999777e-01 6.538000000000000408e-03 6.184410000000000185e-01 -7.858309999999999462e-01 1.299999999999999920e-05
1.400000000000000000e+01 5.800000000000000000e+01 3.100000000000000000e+01 0.000000000000000000e+00 1.600000000000000089e+00 1.516999999999999902e-03 9.529999999999999626e-04 9.999980000000000535e-01 -7.787889999999999535e-01 -6.272839999999999527e-01 1.778999999999999982e-03 6.272839999999999527e-01 -7.787899999999999823e-01 -2.090000000000000115e-04
1.800000000000000000e+01 5.800000000000000000e+01 3.100000000000000000e+01 0.000000000000000000e+00 1.600000000000000089e+00 5.466999999999999638e-03 6.648000000000000263e-03 9.999630000000000463e-01 -7.753470000000000084e-01 -6.314790000000000125e-01 8.437000000000000055e-03 6.315119999999999623e-01 -7.753640000000000532e-01 1.701999999999999954e-03
2.200000000000000000e+01 5.800000000000000000e+01 3.100000000000000000e+01 0.000000000000000000e+00 1.600000000000000089e+00 4.390999999999999938e-03 5.831000000000000245e-03 9.999730000000000008e-01 -7.720040000000000235e-01 -6.355779999999999763e-01 7.095999999999999877e-03 6.356020000000000003e-01 -7.720150000000000068e-01 1.711000000000000064e-03
2.700000000000000000e+01 5.800000000000000000e+01 3.100000000000000000e+01 0.000000000000000000e+00 1.600000000000000089e+00 2.216000000000000088e-03 1.631999999999999987e-03 9.999959999999999960e-01 -7.705349999999999699e-01 -6.373919999999999586e-01 2.746999999999999876e-03 6.373940000000000161e-01 -7.705379999999999452e-01 -1.550000000000000000e-04
5.000000000000000000e+00 4.600000000000000000e+01 3.500000000000000000e+01 0.000000000000000000e+00 1.600000000000000089e+00 1.152999999999999945e-03 -6.419000000000000226e-03 -9.999789999999999512e-01 3.910810000000000120e-01 -9.203339999999999854e-01 6.359000000000000069e-03 -9.203550000000000342e-01 -3.910799999999999832e-01 1.448999999999999984e-03
9.000000000000000000e+00 4.600000000000000000e+01 3.500000000000000000e+01 0.000000000000000000e+00 1.600000000000000089e+00 5.090000000000000123e-04 -1.869000000000000002e-03 -9.999980000000000535e-01 3.910509999999999819e-01 -9.203670000000000462e-01 1.920000000000000049e-03 -9.203689999999999927e-01 -3.910509999999999819e-01 2.629999999999999959e-04
1.500000000000000000e+01 4.600000000000000000e+01 3.500000000000000000e+01 0.000000000000000000e+00 1.600000000000000089e+00 -7.600000000000000418e-04 1.724999999999999971e-03 -9.999980000000000535e-01 3.921009999999999773e-01 -9.199199999999999600e-01 -1.884999999999999957e-03 -9.199220000000000175e-01 -3.921020000000000061e-01 2.199999999999999943e-05
2.100000000000000000e+01 4.600000000000000000e+01 3.500000000000000000e+01 0.000000000000000000e+00 1.600000000000000089e+00 -6.939999999999999555e-04 2.141000000000000108e-03 -9.999970000000000248e-01 3.933039999999999869e-01 -9.194059999999999455e-01 -2.242000000000000069e-03 -9.194080000000000030e-01 -3.933050000000000157e-01 -2.039999999999999984e-04
2.400000000000000000e+01 4.600000000000000000e+01 3.500000000000000000e+01 0.000000000000000000e+00 1.600000000000000089e+00 -9.020000000000000240e-04 3.167000000000000110e-03 -9.999949999999999672e-01 3.925469999999999793e-01 -9.197260000000000435e-01 -3.266999999999999939e-03 -9.197309999999999652e-01 -3.925480000000000080e-01 -4.139999999999999800e-04
2.900000000000000000e+01 4.600000000000000000e+01 3.500000000000000000e+01 0.000000000000000000e+00 1.600000000000000089e+00 -4.440000000000000045e-04 7.323999999999999781e-03 -9.999730000000000008e-01 3.924819999999999975e-01 -9.197340000000000515e-01 -6.910000000000000343e-03 -9.197589999999999932e-01 -3.924750000000000183e-01 -2.465999999999999876e-03
4.000000000000000000e+00 2.900000000000000000e+01 4.400000000000000000e+01 0.000000000000000000e+00 1.600000000000000089e+00 9.100000000000000016e-04 -2.970000000000000092e-04 -1.000000000000000000e+00 6.520679999999999810e-01 7.581599999999999451e-01 3.680000000000000003e-04 7.581599999999999451e-01 -6.520679999999999810e-01 8.840000000000000201e-04
8.000000000000000000e+00 2.900000000000000000e+01 4.400000000000000000e+01 0.000000000000000000e+00 1.600000000000000089e+00 -6.740000000000000114e-04 -1.474000000000000050e-03 -9.999989999999999712e-01 6.507190000000000474e-01 7.593170000000000197e-01 -1.557999999999999923e-03 7.593180000000000485e-01 -6.507190000000000474e-01 4.470000000000000232e-04
1.600000000000000000e+01 2.900000000000000000e+01 4.400000000000000000e+01 0.000000000000000000e+00 1.600000000000000089e+00 3.570000000000000040e-04 1.062000000000000010e-03 -9.999989999999999712e-01 6.511069999999999913e-01 7.589850000000000207e-01 1.038999999999999993e-03 7.589850000000000207e-01 -6.511069999999999913e-01 -4.209999999999999875e-04
2.000000000000000000e+01 2.900000000000000000e+01 4.400000000000000000e+01 0.000000000000000000e+00 1.600000000000000089e+00 -2.559000000000000077e-03 -2.235000000000000007e-03 -9.999940000000000495e-01 6.620230000000000281e-01 7.494760000000000311e-01 -3.369000000000000033e-03 7.494790000000000063e-01 -6.620279999999999498e-01 -4.380000000000000213e-04
2.400000000000000000e+01 2.900000000000000000e+01 4.400000000000000000e+01 0.000000000000000000e+00 1.600000000000000089e+00 -3.331999999999999892e-03 -3.213000000000000144e-03 -9.999890000000000168e-01 6.693219999999999725e-01 7.429580000000000073e-01 -4.616999999999999577e-03 7.429649999999999865e-01 -6.693310000000000093e-01 -3.249999999999999851e-04
2.800000000000000000e+01 2.900000000000000000e+01 4.400000000000000000e+01 0.000000000000000000e+00 1.600000000000000089e+00 4.840000000000000010e-04 -1.858000000000000059e-03 -9.999980000000000535e-01 6.684870000000000534e-01 7.437230000000000230e-01 -1.059000000000000045e-03 7.437240000000000517e-01 -6.684849999999999959e-01 1.601999999999999908e-03
2.500000000000000000e+01 5.000000000000000000e+01 4.500000000000000000e+01 0.000000000000000000e+00 1.600000000000000089e+00 -5.543179999999999774e-01 1.076570000000000027e-01 -8.253129999999999633e-01 -2.826779999999999848e-01 -9.570079999999999698e-01 6.502299999999999747e-02 -7.828310000000000546e-01 2.693409999999999971e-01 5.609199999999999742e-01
2.400000000000000000e+01 7.000000000000000000e+01 4.700000000000000000e+01 0.000000000000000000e+00 1.600000000000000089e+00 -2.168899999999999995e-02 1.470699999999999959e-02 -9.996570000000000178e-01 -8.426409999999999734e-01 -5.383750000000000480e-01 1.036199999999999968e-02 -5.380380000000000162e-01 8.425770000000000204e-01 2.406900000000000012e-02
2.100000000000000000e+01 5.000000000000000000e+00 5.100000000000000000e+01 0.000000000000000000e+00 1.600000000000000089e+00 -1.796000000000000070e-03 -1.781999999999999947e-03 -9.999970000000000248e-01 4.895430000000000059e-01 -8.719789999999999486e-01 6.750000000000000357e-04 -8.719770000000000021e-01 -4.895399999999999752e-01 2.438000000000000063e-03
4.000000000000000000e+00 6.000000000000000000e+00 5.100000000000000000e+01 0.000000000000000000e+00 1.600000000000000089e+00 4.230000000000000253e-03 1.657000000000000139e-02 -9.998540000000000205e-01 3.104219999999999757e-01 -9.504890000000000283e-01 -1.443900000000000045e-02 -9.505900000000000460e-01 -3.103150000000000075e-01 -9.164000000000000271e-03
1.000000000000000000e+00 1.150000000000000000e+02 5.100000000000000000e+01 0.000000000000000000e+00 1.600000000000000089e+00 -2.079100000000000045e-02 -9.203999999999999682e-02 9.955380000000000340e-01 8.364709999999999646e-01 -5.470099999999999962e-01 -3.310400000000000148e-02 5.476159999999999917e-01 8.320509999999999851e-01 8.836199999999999610e-02
5.000000000000000000e+00 7.000000000000000000e+00 5.200000000000000000e+01 0.000000000000000000e+00 1.600000000000000089e+00 9.719000000000000208e-03 1.485099999999999962e-02 -9.998420000000000085e-01 9.940100000000000324e-02 -9.949519999999999476e-01 -1.381199999999999962e-02 -9.949999999999999956e-01 -9.925100000000000589e-02 -1.114700000000000066e-02
9.000000000000000000e+00 7.000000000000000000e+00 5.200000000000000000e+01 0.000000000000000000e+00 1.600000000000000089e+00 6.540999999999999939e-03 9.414999999999999758e-03 -9.999339999999999895e-01 9.421799999999999620e-02 -9.955129999999999812e-01 -8.756999999999999160e-03 -9.955300000000000260e-01 -9.415500000000000258e-02 -7.399000000000000195e-03
2.400000000000000000e+01 7.000000000000000000e+00 5.200000000000000000e+01 0.000000000000000000e+00 1.600000000000000089e+00 -3.923000000000000272e-03 -8.068000000000000518e-03 -9.999599999999999600e-01 1.114129999999999981e-01 -9.937449999999999894e-01 7.581000000000000065e-03 -9.937660000000000382e-01 -1.113790000000000058e-01 4.797000000000000049e-03
4.000000000000000000e+00 6.300000000000000000e+01 5.400000000000000000e+01 0.000000000000000000e+00 1.600000000000000089e+00 7.570999999999999605e-03 5.395999999999999755e-03 9.999569999999999848e-01 -3.438729999999999842e-01 9.390129999999999866e-01 -2.462999999999999912e-03 -9.389859999999999873e-01 -3.438390000000000057e-01 8.965000000000000746e-03
1.500000000000000000e+01 6.300000000000000000e+01 5.400000000000000000e+01 0.000000000000000000e+00 1.600000000000000089e+00 -8.809999999999999472e-04 -5.249999999999999676e-04 1.000000000000000000e+00 -3.175640000000000129e-01 9.482369999999999965e-01 2.180000000000000134e-04 -9.482369999999999965e-01 -3.175629999999999842e-01 -1.002000000000000069e-03
2.100000000000000000e+01 6.300000000000000000e+01 5.400000000000000000e+01 0.000000000000000000e+00 1.600000000000000089e+00 -1.082699999999999982e-02 -8.168999999999999179e-03 9.999080000000000190e-01 -3.347749999999999893e-01 9.422890000000000432e-01 4.074000000000000364e-03 -9.422359999999999625e-01 -3.346999999999999975e-01 -1.293700000000000058e-02
3.000000000000000000e+01 6.300000000000000000e+01 5.400000000000000000e+01 0.000000000000000000e+00 1.600000000000000089e+00 1.479999999999999925e-04 -6.334000000000000220e-03 9.999799999999999800e-01 -3.358539999999999859e-01 9.418950000000000378e-01 6.015000000000000381e-03 -9.419140000000000290e-01 -3.358479999999999799e-01 -1.988000000000000184e-03
1.400000000000000000e+01 2.500000000000000000e+01 5.500000000000000000e+01 0.000000000000000000e+00 1.600000000000000089e+00 2.120000000000000031e-04 -6.251999999999999745e-03 -9.999799999999999800e-01 -1.140599999999999947e-02 -9.999149999999999983e-01 6.250000000000000347e-03 -9.999350000000000183e-01 1.140399999999999921e-02 -2.840000000000000185e-04
1.800000000000000000e+01 2.500000000000000000e+01 5.500000000000000000e+01 0.000000000000000000e+00 1.600000000000000089e+00 5.339999999999999695e-04 -8.377000000000000765e-03 -9.999649999999999928e-01 -1.416199999999999924e-02 -9.998650000000000038e-01 8.368999999999999703e-03 -9.999000000000000110e-01 1.415699999999999945e-02 -6.520000000000000188e-04
2.700000000000000000e+01 2.500000000000000000e+01 5.500000000000000000e+01 0.000000000000000000e+00 1.600000000000000089e+00 1.231000000000000106e-03 4.775999999999999863e-03 -9.999879999999999880e-01 -1.252499999999999968e-02 -9.999099999999999655e-01 -4.792000000000000252e-03 -9.999209999999999487e-01 1.253100000000000047e-02 -1.170999999999999949e-03
4.000000000000000000e+00 2.100000000000000000e+01 6.000000000000000000e+01 0.000000000000000000e+00 1.600000000000000089e+00 -9.870000000000000301e-04 5.707000000000000267e-03 9.999829999999999552e-01 -9.567900000000000016e-02 9.953950000000000298e-01 -5.775999999999999884e-03 -9.954119999999999635e-01 -9.568400000000000516e-02 -4.360000000000000269e-04
9.000000000000000000e+00 2.100000000000000000e+01 6.000000000000000000e+01 0.000000000000000000e+00 1.600000000000000089e+00 1.355000000000000085e-03 1.072500000000000016e-02 9.999419999999999975e-01 -9.600599999999999412e-02 9.953250000000000153e-01 -1.054500000000000055e-02 -9.953800000000000425e-01 -9.598700000000000288e-02 2.379000000000000038e-03
1.300000000000000000e+01 2.100000000000000000e+01 6.000000000000000000e+01 0.000000000000000000e+00 1.600000000000000089e+00 2.769999999999999893e-03 -5.590000000000000351e-04 9.999959999999999960e-01 -9.439000000000000168e-02 9.955349999999999477e-01 8.180000000000000422e-04 -9.955310000000000548e-01 -9.439200000000000368e-02 2.704999999999999939e-03
2.000000000000000000e+01 2.100000000000000000e+01 6.000000000000000000e+01 0.000000000000000000e+00 1.600000000000000089e+00 5.779999999999999548e-04 1.505500000000000067e-02 9.998869999999999703e-01 -9.744600000000000484e-02 9.951290000000000413e-01 -1.492699999999999930e-02 -9.952410000000000423e-01 -9.742599999999999871e-02 2.041999999999999978e-03
2.400000000000000000e+01 2.100000000000000000e+01 6.000000000000000000e+01 0.000000000000000000e+00 1.600000000000000089e+00 -1.902000000000000045e-03 -2.569000000000000103e-03 9.999949999999999672e-01 -9.803299999999999514e-02 9.951799999999999535e-01 2.370000000000000145e-03 -9.951809999999999823e-01 -9.802800000000000402e-02 -2.144000000000000072e-03
3.000000000000000000e+00 8.200000000000000000e+01 6.200000000000000000e+01 0.000000000000000000e+00 1.600000000000000089e+00 5.423189999999999955e-01 -8.288619999999999877e-01 1.373979999999999924e-01 -7.270720000000000516e-01 -5.449450000000000127e-01 -4.176139999999999852e-01 4.210189999999999766e-01 1.265820000000000001e-01 -8.981759999999999744e-01
4.000000000000000000e+00 3.000000000000000000e+00 6.300000000000000000e+01 0.000000000000000000e+00 1.600000000000000089e+00 1.217999999999999899e-03 1.545999999999999978e-02 9.998799999999999910e-01 -6.241240000000000121e-01 7.812430000000000208e-01 -1.131899999999999920e-02 -7.813240000000000185e-01 -6.240350000000000064e-01 1.060099999999999931e-02
1.100000000000000000e+01 3.000000000000000000e+00 6.300000000000000000e+01 0.000000000000000000e+00 1.600000000000000089e+00 7.339999999999999520e-04 2.301000000000000094e-03 9.999970000000000248e-01 -6.174100000000000144e-01 7.866410000000000347e-01 -1.356999999999999916e-03 -7.866410000000000347e-01 -6.174070000000000391e-01 1.998000000000000210e-03
1.900000000000000000e+01 3.000000000000000000e+00 6.300000000000000000e+01 0.000000000000000000e+00 1.600000000000000089e+00 5.649999999999999641e-04 1.095999999999999969e-03 9.999989999999999712e-01 -6.175640000000000018e-01 7.865210000000000257e-01 -5.130000000000000011e-04 -7.865210000000000257e-01 -6.175629999999999731e-01 1.121000000000000035e-03
2.000000000000000000e+00 2.700000000000000000e+01 6.300000000000000000e+01 0.000000000000000000e+00 1.600000000000000089e+00 -8.739999999999999939e-04 -1.358999999999999965e-03 9.999989999999999712e-01 -2.742089999999999805e-01 9.616700000000000248e-01 1.067000000000000023e-03 -9.616700000000000248e-01 -2.742069999999999785e-01 -1.213000000000000102e-03
5.000000000000000000e+00 2.700000000000000000e+01 6.300000000000000000e+01 0.000000000000000000e+00 1.600000000000000089e+00 3.460000000000000076e-04 6.199999999999999999e-04 1.000000000000000000e+00 -2.709250000000000269e-01 9.626000000000000112e-01 -5.029999999999999749e-04 -9.626000000000000112e-01 -2.709250000000000269e-01 5.010000000000000347e-04
1.200000000000000000e+01 2.700000000000000000e+01 6.300000000000000000e+01 0.000000000000000000e+00 1.600000000000000089e+00 2.259999999999999856e-03 6.702999999999999757e-03 9.999749999999999472e-01 -2.728809999999999847e-01 9.620300000000000518e-01 -5.832000000000000378e-03 -9.620450000000000390e-01 -2.728610000000000202e-01 4.002999999999999614e-03
1.900000000000000000e+01 2.700000000000000000e+01 6.300000000000000000e+01 0.000000000000000000e+00 1.600000000000000089e+00 1.259999999999999998e-04 -1.698999999999999989e-03 9.999989999999999712e-01 -2.794209999999999749e-01 9.601669999999999927e-01 1.667000000000000079e-03 -9.601690000000000502e-01 -2.794209999999999749e-01 -3.539999999999999853e-04
2.600000000000000000e+01 2.700000000000000000e+01 6.300000000000000000e+01 0.000000000000000000e+00 1.600000000000000089e+00 -9.859999999999998974e-04 8.429999999999999993e-04 9.999989999999999712e-01 -2.786069999999999935e-01 9.604049999999999532e-01 -1.083999999999999894e-03 -9.604049999999999532e-01 -2.786080000000000223e-01 -7.119999999999999593e-04
3.000000000000000000e+01 5.100000000000000000e+01 6.300000000000000000e+01 0.000000000000000000e+00 1.600000000000000089e+00 -3.041999999999999912e-02 -1.777859999999999996e-01 -9.835990000000000011e-01 5.844519999999999715e-01 7.951340000000000074e-01 -1.617959999999999954e-01 8.108579999999999677e-01 -5.797879999999999701e-01 7.971899999999999820e-02
2.000000000000000000e+00 2.600000000000000000e+01 6.400000000000000000e+01 0.000000000000000000e+00 1.600000000000000089e+00 -1.547999999999999897e-03 -2.399999999999999790e-03 9.999959999999999960e-01 -3.551079999999999792e-01 9.348239999999999883e-01 1.693999999999999976e-03 -9.348239999999999883e-01 -3.551039999999999752e-01 -2.299999999999999961e-03
6.000000000000000000e+00 2.600000000000000000e+01 6.400000000000000000e+01 0.000000000000000000e+00 1.600000000000000089e+00 3.809999999999999910e-04 -9.590000000000000000e-04 9.999989999999999712e-01 -3.525499999999999745e-01 9.357919999999999572e-01 1.031000000000000015e-03 -9.357929999999999859e-01 -3.525499999999999745e-01 1.800000000000000046e-05
1.300000000000000000e+01 2.600000000000000000e+01 6.400000000000000000e+01 0.000000000000000000e+00 1.600000000000000089e+00 1.628000000000000107e-03 8.595999999999999475e-03 9.999620000000000175e-01 -3.590090000000000225e-01 9.333040000000000225e-01 -7.438000000000000167e-03 -9.333329999999999682e-01 -3.589829999999999965e-01 4.604999999999999719e-03
