2.000000000000000000e+00 2.500000000000000000e+01 1.000000000000000000e+00 0.000000000000000000e+00 1.600000000000000089e+00 -5.900000000000000296e-04 -1.001900000000000013e-02 -9.999500000000000055e-01 -5.358469999999999622e-01 -8.442699999999999649e-01 8.776000000000000814e-03 -8.443150000000000377e-01 5.358249999999999957e-01 -4.871000000000000330e-03
5.000000000000000000e+00 2.500000000000000000e+01 1.000000000000000000e+00 0.000000000000000000e+00 1.600000000000000089e+00 -9.399999999999999719e-04 7.085000000000000152e-03 -9.999740000000000295e-01 -5.353109999999999813e-01 -8.446379999999999999e-01 -5.481999999999999894e-03 -8.446550000000000447e-01 5.352919999999999900e-01 4.586999999999999932e-03
9.000000000000000000e+00 2.500000000000000000e+01 1.000000000000000000e+00 0.000000000000000000e+00 1.600000000000000089e+00 1.881999999999999992e-03 2.707999999999999990e-02 -9.996310000000000473e-01 -5.314389999999999947e-01 -8.467580000000000107e-01 -2.393899999999999847e-02 -8.470950000000000424e-01 5.312879999999999825e-01 1.279800000000000035e-02
2.500000000000000000e+01 2.500000000000000000e+01 1.000000000000000000e+00 0.000000000000000000e+00 1.600000000000000089e+00 9.690000000000000262e-04 -1.273000000000000043e-03 -9.999989999999999712e-01 -5.271540000000000115e-01 -8.497700000000000253e-01 5.710000000000000015e-04 -8.497689999999999966e-01 5.271519999999999539e-01 -1.494000000000000102e-03
4.000000000000000000e+00 1.500000000000000000e+01 4.000000000000000000e+00 0.000000000000000000e+00 1.600000000000000089e+00 3.089999999999999756e-04 2.817000000000000060e-03 9.999959999999999960e-01 3.214920000000000000e-01 -9.469090000000000007e-01 2.567999999999999970e-03 9.469119999999999759e-01 3.214899999999999980e-01 -1.198000000000000063e-03
8.000000000000000000e+00 1.500000000000000000e+01 4.000000000000000000e+00 0.000000000000000000e+00 1.600000000000000089e+00 1.637000000000000000e-03 3.765000000000000117e-03 9.999919999999999920e-01 3.202119999999999966e-01 -9.473409999999999886e-01 3.041999999999999999e-03 9.473449999999999926e-01 3.202039999999999886e-01 -2.756000000000000203e-03
1.200000000000000000e+01 1.500000000000000000e+01 4.000000000000000000e+00 0.000000000000000000e+00 1.600000000000000089e+00 4.597000000000000391e-03 9.346999999999999406e-03 9.999460000000000015e-01 3.246569999999999734e-01 -9.458029999999999493e-01 7.348000000000000365e-03 9.458210000000000228e-01 3.246060000000000056e-01 -7.381999999999999673e-03
2.000000000000000000e+01 1.500000000000000000e+01 4.000000000000000000e+00 0.000000000000000000e+00 1.600000000000000089e+00 -1.000999999999999937e-03 4.375999999999999682e-03 9.999900000000000455e-01 3.279110000000000080e-01 -9.446980000000000377e-01 4.461999999999999821e-03 9.447079999999999922e-01 3.279119999999999813e-01 -4.899999999999999842e-04
2.600000000000000000e+01 1.500000000000000000e+01 4.000000000000000000e+00 0.000000000000000000e+00 1.600000000000000089e+00 5.090000000000000123e-04 -2.979999999999999793e-04 1.000000000000000000e+00 3.299039999999999750e-01 -9.440140000000000198e-01 -4.490000000000000176e-04 9.440140000000000198e-01 3.299039999999999750e-01 -3.820000000000000153e-04
2.900000000000000000e+01 1.500000000000000000e+01 4.000000000000000000e+00 0.000000000000000000e+00 1.600000000000000089e+00 -8.819999999999999715e-04 3.785999999999999869e-03 9.999919999999999920e-01 3.312720000000000109e-01 -9.435280000000000333e-01 3.863999999999999813e-03 9.435350000000000126e-01 3.312720000000000109e-01 -4.220000000000000118e-04
1.300000000000000000e+01 1.010000000000000000e+02 7.000000000000000000e+00 0.000000000000000000e+00 1.600000000000000089e+00 -2.072999999999999843e-02 4.560199999999999670e-02 9.987449999999999939e-01 8.763079999999999758e-01 4.817370000000000263e-01 -3.807000000000000054e-03 -4.813049999999999828e-01 8.751290000000000457e-01 -4.994699999999999834e-02
2.200000000000000000e+01 1.010000000000000000e+02 7.000000000000000000e+00 0.000000000000000000e+00 1.600000000000000089e+00 2.497800000000000020e-02 -6.767499999999999905e-02 9.973950000000000315e-01 8.806610000000000271e-01 4.736389999999999767e-01 1.008299999999999995e-02 -4.730880000000000085e-01 8.781149999999999789e-01 7.142900000000000638e-02
2.000000000000000000e+00 2.500000000000000000e+01 8.000000000000000000e+00 0.000000000000000000e+00 1.600000000000000089e+00 1.889000000000000054e-03 9.200000000000000278e-04 -9.999980000000000535e-01 4.498809999999999754e-01 8.930869999999999642e-01 1.672000000000000092e-03 8.930869999999999642e-01 -4.498829999999999774e-01 1.273000000000000043e-03
7.000000000000000000e+00 2.500000000000000000e+01 8.000000000000000000e+00 0.000000000000000000e+00 1.600000000000000089e+00 1.552999999999999910e-03 2.419999999999999842e-03 -9.999959999999999960e-01 4.505839999999999845e-01 8.927289999999999948e-01 2.860000000000000129e-03 8.927329999999999988e-01 -4.505870000000000153e-01 2.959999999999999849e-04
1.300000000000000000e+01 2.500000000000000000e+01 8.000000000000000000e+00 0.000000000000000000e+00 1.600000000000000089e+00 -9.299999999999999727e-05 6.813999999999999745e-03 -9.999770000000000048e-01 4.524639999999999773e-01 8.917620000000000546e-01 6.035000000000000434e-03 8.917829999999999924e-01 -4.524529999999999941e-01 -3.165999999999999977e-03
1.800000000000000000e+01 2.500000000000000000e+01 8.000000000000000000e+00 0.000000000000000000e+00 1.600000000000000089e+00 1.800000000000000046e-05 -3.069000000000000113e-03 -9.999949999999999672e-01 4.519469999999999876e-01 8.920409999999999728e-01 -2.729999999999999788e-03 8.920449999999999768e-01 -4.519440000000000124e-01 1.402999999999999950e-03
2.100000000000000000e+01 2.500000000000000000e+01 8.000000000000000000e+00 0.000000000000000000e+00 1.600000000000000089e+00 -2.820000000000000241e-04 -3.377999999999999926e-03 -9.999940000000000495e-01 4.530710000000000015e-01 8.914689999999999559e-01 -3.138999999999999863e-03 8.914739999999999887e-01 -4.530689999999999995e-01 1.278999999999999972e-03
2.400000000000000000e+01 2.500000000000000000e+01 8.000000000000000000e+00 0.000000000000000000e+00 1.600000000000000089e+00 -5.559999999999999621e-04 -3.825999999999999974e-03 -9.999930000000000208e-01 4.532410000000000050e-01 8.913809999999999789e-01 -3.661999999999999891e-03 8.913879999999999582e-01 -4.532399999999999762e-01 1.239000000000000084e-03
3.000000000000000000e+01 2.500000000000000000e+01 8.000000000000000000e+00 0.000000000000000000e+00 1.600000000000000089e+00 -7.510000000000000399e-04 2.043999999999999810e-03 -9.999980000000000535e-01 4.521569999999999756e-01 8.919369999999999798e-01 1.482999999999999943e-03 8.919380000000000086e-01 -4.521549999999999736e-01 -1.593999999999999931e-03
2.000000000000000000e+00 2.400000000000000000e+01 9.000000000000000000e+00 0.000000000000000000e+00 1.600000000000000089e+00 1.965999999999999866e-03 1.817000000000000039e-03 -9.999959999999999960e-01 4.529239999999999933e-01 8.915459999999999496e-01 2.510000000000000078e-03 8.915469999999999784e-01 -4.529270000000000240e-01 9.300000000000000541e-04
7.000000000000000000e+00 2.400000000000000000e+01 9.000000000000000000e+00 0.000000000000000000e+00 1.600000000000000089e+00 6.800000000000000488e-04 5.732000000000000116e-03 -9.999829999999999552e-01 4.533440000000000247e-01 8.913189999999999724e-01 5.416999999999999940e-03 8.913349999999999884e-01 -4.533400000000000207e-01 -1.992999999999999980e-03
1.400000000000000000e+01 2.400000000000000000e+01 9.000000000000000000e+00 0.000000000000000000e+00 1.600000000000000089e+00 6.700000000000000226e-05 4.827999999999999826e-03 -9.999879999999999880e-01 4.547689999999999788e-01 8.905990000000000295e-01 4.330999999999999781e-03 8.906089999999999840e-01 -4.547640000000000016e-01 -2.135999999999999878e-03
1.800000000000000000e+01 2.400000000000000000e+01 9.000000000000000000e+00 0.000000000000000000e+00 1.600000000000000089e+00 -1.069999999999999988e-04 -4.209000000000000068e-03 -9.999909999999999632e-01 4.542479999999999851e-01 8.908669999999999645e-01 -3.798999999999999860e-03 8.908749999999999725e-01 -4.542450000000000099e-01 1.817000000000000039e-03
2.100000000000000000e+01 2.400000000000000000e+01 9.000000000000000000e+00 0.000000000000000000e+00 1.600000000000000089e+00 -4.889999999999999599e-04 -3.408000000000000005e-03 -9.999940000000000495e-01 4.550509999999999833e-01 8.904600000000000293e-01 -3.256999999999999913e-03 8.904649999999999510e-01 -4.550500000000000100e-01 1.115000000000000106e-03
2.500000000000000000e+01 2.400000000000000000e+01 9.000000000000000000e+00 0.000000000000000000e+00 1.600000000000000089e+00 -7.010000000000000172e-04 -4.244999999999999642e-03 -9.999909999999999632e-01 4.557709999999999817e-01 8.900879999999999903e-01 -4.098000000000000080e-03 8.900970000000000271e-01 -4.557689999999999797e-01 1.311000000000000099e-03
1.100000000000000000e+01 1.200000000000000000e+01 1.000000000000000000e+01 0.000000000000000000e+00 1.600000000000000089e+00 1.825000000000000016e-03 6.128999999999999899e-03 -9.999799999999999800e-01 -5.535139999999999505e-01 -8.328170000000000295e-01 -6.114999999999999776e-03 -8.328379999999999672e-01 5.535139999999999505e-01 1.873000000000000099e-03
1.000000000000000000e+01 4.000000000000000000e+00 1.100000000000000000e+01 0.000000000000000000e+00 1.600000000000000089e+00 1.776399999999999854e-02 -1.244979999999999976e-01 -9.920609999999999706e-01 1.298169999999999880e-01 9.841060000000000363e-01 -1.211760000000000059e-01 9.913790000000000102e-01 -1.266339999999999966e-01 3.364299999999999929e-02
1.800000000000000000e+01 4.000000000000000000e+00 1.100000000000000000e+01 0.000000000000000000e+00 1.600000000000000089e+00 3.339600000000000207e-02 -2.200479999999999936e-01 -9.749170000000000336e-01 1.241889999999999938e-01 9.688149999999999817e-01 -2.144159999999999955e-01 9.916960000000000219e-01 -1.139130000000000004e-01 5.968199999999999894e-02
7.000000000000000000e+00 3.100000000000000000e+01 1.200000000000000000e+01 0.000000000000000000e+00 1.600000000000000089e+00 -5.217000000000000283e-03 -2.494400000000000089e-02 9.996749999999999803e-01 -1.621099999999999972e-02 9.995600000000000041e-01 2.485700000000000062e-02 -9.998550000000000493e-01 -1.607600000000000001e-02 -5.618999999999999863e-03
1.200000000000000000e+01 3.100000000000000000e+01 1.200000000000000000e+01 0.000000000000000000e+00 1.600000000000000089e+00 -3.770000000000000022e-04 -1.822100000000000108e-02 9.998340000000000005e-01 -2.586899999999999963e-02 9.995000000000000551e-01 1.820499999999999896e-02 -9.996650000000000258e-01 -2.585799999999999904e-02 -8.480000000000000124e-04
1.900000000000000000e+01 3.100000000000000000e+01 1.200000000000000000e+01 0.000000000000000000e+00 1.600000000000000089e+00 1.067999999999999939e-03 9.717999999999999208e-03 9.999519999999999520e-01 -1.948599999999999985e-02 9.997629999999999573e-01 -9.695000000000000492e-03 -9.998099999999999765e-01 -1.947499999999999926e-02 1.257000000000000088e-03
2.900000000000000000e+01 3.100000000000000000e+01 1.200000000000000000e+01 0.000000000000000000e+00 1.600000000000000089e+00 1.551000000000000078e-03 8.744000000000000036e-03 9.999609999999999888e-01 -6.741999999999999729e-03 9.999390000000000223e-01 -8.732999999999999444e-03 -9.999759999999999760e-01 -6.727999999999999606e-03 1.610000000000000103e-03
6.000000000000000000e+00 3.500000000000000000e+01 1.200000000000000000e+01 0.000000000000000000e+00 1.600000000000000089e+00 -1.194199999999999949e-02 1.485099999999999962e-02 -9.998179999999999845e-01 4.983069999999999999e-01 -8.667960000000000109e-01 -1.882699999999999999e-02 -8.669179999999999664e-01 -4.984410000000000229e-01 2.951000000000000064e-03
2.300000000000000000e+01 3.500000000000000000e+01 1.200000000000000000e+01 0.000000000000000000e+00 1.600000000000000089e+00 1.053300000000000070e-02 -1.250399999999999949e-02 -9.998660000000000325e-01 4.849640000000000062e-01 -8.743870000000000253e-01 1.604399999999999923e-02 -8.744709999999999983e-01 -4.850679999999999992e-01 -3.145999999999999925e-03
2.800000000000000000e+01 3.500000000000000000e+01 1.200000000000000000e+01 0.000000000000000000e+00 1.600000000000000089e+00 7.222000000000000121e-03 -3.948000000000000120e-03 -9.999660000000000215e-01 5.068259999999999987e-01 -8.620189999999999797e-01 7.063999999999999967e-03 -8.620179999999999509e-01 -5.068599999999999772e-01 -4.224000000000000324e-03
2.200000000000000000e+01 1.200000000000000000e+01 1.500000000000000000e+01 0.000000000000000000e+00 1.600000000000000089e+00 1.440100000000000061e-02 -2.498200000000000073e-02 -9.995840000000000281e-01 -4.934649999999999870e-01 -8.696430000000000549e-01 1.462500000000000085e-02 -8.696460000000000301e-01 4.930490000000000150e-01 -2.485100000000000156e-02
1.000000000000000000e+00 2.000000000000000000e+00 1.900000000000000000e+01 0.000000000000000000e+00 1.600000000000000089e+00 3.748000000000000029e-03 -4.056900000000000089e-02 -9.991700000000000026e-01 1.489989999999999926e-01 -9.880010000000000181e-01 4.067400000000000182e-02 -9.888299999999999867e-01 -1.490279999999999938e-01 2.341999999999999898e-03
6.000000000000000000e+00 4.000000000000000000e+00 2.000000000000000000e+01 0.000000000000000000e+00 1.600000000000000089e+00 1.485299999999999988e-02 -3.191999999999999959e-03 -9.998850000000000238e-01 2.054300000000000015e-01 -9.786519999999999664e-01 6.174999999999999933e-03 -9.785589999999999566e-01 -2.054979999999999862e-01 -1.387999999999999998e-02
1.400000000000000000e+01 4.000000000000000000e+00 2.000000000000000000e+01 0.000000000000000000e+00 1.600000000000000089e+00 -1.243499999999999987e-02 3.678700000000000025e-02 -9.992459999999999676e-01 2.456260000000000110e-01 -9.685909999999999798e-01 -3.871499999999999941e-02 -9.692849999999999522e-01 -2.459220000000000017e-01 3.007999999999999823e-03
2.100000000000000000e+01 4.000000000000000000e+00 2.000000000000000000e+01 0.000000000000000000e+00 1.600000000000000089e+00 -6.099000000000000254e-03 9.809000000000000011e-03 -9.999329999999999607e-01 2.403160000000000018e-01 -9.706320000000000503e-01 -1.098799999999999950e-02 -9.706749999999999545e-01 -2.403669999999999973e-01 3.562000000000000062e-03
2.800000000000000000e+01 4.000000000000000000e+00 2.000000000000000000e+01 0.000000000000000000e+00 1.600000000000000089e+00 5.583000000000000289e-03 -2.236000000000000140e-02 -9.997340000000000115e-01 1.750649999999999984e-01 -9.842880000000000518e-01 2.299199999999999855e-02 -9.845409999999999995e-01 -1.751469999999999971e-01 -1.580000000000000024e-03
2.000000000000000000e+00 1.300000000000000000e+01 2.000000000000000000e+01 0.000000000000000000e+00 1.600000000000000089e+00 -2.912999999999999791e-03 -6.133000000000000430e-03 9.999770000000000048e-01 2.451530000000000098e-01 9.694620000000000459e-01 6.660000000000000121e-03 -9.694800000000000084e-01 2.451669999999999960e-01 -1.320999999999999909e-03
6.000000000000000000e+00 1.300000000000000000e+01 2.000000000000000000e+01 0.000000000000000000e+00 1.600000000000000089e+00 -2.433999999999999966e-03 -4.210000000000000200e-03 9.999879999999999880e-01 2.466810000000000114e-01 9.690860000000000030e-01 4.681000000000000265e-03 -9.690940000000000110e-01 2.466889999999999916e-01 -1.319999999999999993e-03
1.200000000000000000e+01 1.300000000000000000e+01 2.000000000000000000e+01 0.000000000000000000e+00 1.600000000000000089e+00 -9.230999999999999622e-03 -2.327500000000000055e-02 9.996859999999999635e-01 2.559770000000000101e-01 9.663629999999999720e-01 2.486299999999999968e-02 -9.666390000000000260e-01 2.561260000000000203e-01 -2.961999999999999789e-03
1.500000000000000000e+01 1.300000000000000000e+01 2.000000000000000000e+01 0.000000000000000000e+00 1.600000000000000089e+00 -2.676600000000000160e-02 -6.175200000000000133e-02 9.977329999999999810e-01 2.779889999999999861e-01 9.582610000000000294e-01 6.676600000000000590e-02 -9.602110000000000367e-01 2.791460000000000052e-01 -8.482999999999999222e-03
1.600000000000000000e+01 1.400000000000000000e+01 2.000000000000000000e+01 0.000000000000000000e+00 1.600000000000000089e+00 -2.695600000000000079e-02 -7.838499999999999635e-02 9.965589999999999726e-01 2.609949999999999770e-01 9.617900000000000338e-01 8.271000000000000574e-02 -9.649640000000000439e-01 2.623269999999999769e-01 -5.467999999999999770e-03
2.500000000000000000e+01 1.400000000000000000e+01 2.000000000000000000e+01 0.000000000000000000e+00 1.600000000000000089e+00 6.073000000000000273e-03 -1.411399999999999981e-02 9.998820000000000485e-01 2.721790000000000043e-01 9.621729999999999450e-01 1.192799999999999937e-02 -9.622279999999999722e-01 2.720739999999999825e-01 9.683999999999999900e-03
1.200000000000000000e+01 1.600000000000000000e+01 2.100000000000000000e+01 0.000000000000000000e+00 1.600000000000000089e+00 -4.407999999999999592e-03 -1.327500000000000034e-02 9.999019999999999575e-01 3.003839999999999844e-01 9.537160000000000082e-01 1.398600000000000017e-02 -9.538079999999999892e-01 3.004169999999999896e-01 -2.159999999999999919e-04
1.800000000000000000e+01 1.600000000000000000e+01 2.100000000000000000e+01 0.000000000000000000e+00 1.600000000000000089e+00 -2.629599999999999993e-02 -1.108549999999999952e-01 9.934889999999999555e-01 3.326270000000000060e-01 9.362310000000000354e-01 1.132699999999999957e-01 -9.426919999999999744e-01 3.334389999999999854e-01 1.225399999999999927e-02
2.600000000000000000e+01 1.600000000000000000e+01 2.100000000000000000e+01 0.000000000000000000e+00 1.600000000000000089e+00 1.130600000000000008e-02 -6.489999999999999459e-04 9.999360000000000470e-01 3.374449999999999950e-01 9.413399999999999546e-01 -3.204999999999999950e-03 -9.412770000000000303e-01 3.374599999999999822e-01 1.086200000000000013e-02
3.000000000000000000e+00 4.600000000000000000e+01 2.700000000000000000e+01 0.000000000000000000e+00 1.600000000000000089e+00 1.742999999999999975e-03 1.794000000000000022e-03 -9.999970000000000248e-01 6.759680000000000133e-01 7.369269999999999987e-01 2.501000000000000185e-03 7.369289999999999452e-01 -6.759699999999999598e-01 7.200000000000000182e-05
6.000000000000000000e+00 4.600000000000000000e+01 2.700000000000000000e+01 0.000000000000000000e+00 1.600000000000000089e+00 -2.492999999999999990e-03 -1.010299999999999913e-02 -9.999460000000000015e-01 6.783010000000000428e-01 7.347270000000000190e-01 -9.114999999999999838e-03 7.347799999999999887e-01 -6.782869999999999733e-01 5.021000000000000289e-03
2.800000000000000000e+01 4.600000000000000000e+01 2.700000000000000000e+01 0.000000000000000000e+00 1.600000000000000089e+00 -2.036000000000000049e-03 3.337000000000000122e-03 -9.999919999999999920e-01 6.733259999999999801e-01 7.393450000000000299e-01 1.095999999999999969e-03 7.393429999999999724e-01 -6.733179999999999721e-01 -3.752000000000000127e-03
9.000000000000000000e+00 4.600000000000000000e+01 3.000000000000000000e+01 0.000000000000000000e+00 1.600000000000000089e+00 -2.480000000000000108e-04 -4.486999999999999669e-03 -9.999900000000000455e-01 3.250020000000000131e-01 9.457029999999999603e-01 -4.323999999999999719e-03 9.457130000000000258e-01 -3.250000000000000111e-01 1.224000000000000045e-03
2.800000000000000000e+01 5.000000000000000000e+00 3.100000000000000000e+01 0.000000000000000000e+00 1.600000000000000089e+00 1.731109999999999871e-01 -6.932110000000000216e-01 -6.996369999999999534e-01 -6.805120000000000058e-01 4.293409999999999727e-01 -5.937759999999999705e-01 7.119950000000000445e-01 5.788999999999999702e-01 -3.974139999999999895e-01
6.000000000000000000e+00 5.800000000000000000e+01 3.100000000000000000e+01 0.000000000000000000e+00 1.600000000000000089e+00 -1.224899999999999947e-02 9.336200000000000054e-02 9.955570000000000253e-01 -7.672320000000000251e-01 -6.393769999999999731e-01 5.052000000000000240e-02 6.412529999999999619e-01 -7.632039999999999935e-01 7.946200000000000485e-02
1.400000000000000000e+01 5.800000000000000000e+01 3.100000000000000000e+01 0.000000000000000000e+00 1.600000000000000089e+00 -7.780000000000000457e-04 -4.164000000000000166e-03 9.999909999999999632e-01 -7.754349999999999854e-01 -6.314199999999999813e-01 -3.232000000000000064e-03 6.314269999999999605e-01 -7.754299999999999526e-01 -2.737999999999999982e-03
1.900000000000000000e+01 5.800000000000000000e+01 3.100000000000000000e+01 0.000000000000000000e+00 1.600000000000000089e+00 5.107999999999999693e-03 6.228000000000000029e-03 9.999679999999999680e-01 -7.773280000000000189e-01 -6.290459999999999940e-01 7.887999999999999179e-03 6.290750000000000508e-01 -7.773430000000000062e-01 1.628000000000000107e-03
2.300000000000000000e+01 5.800000000000000000e+01 3.100000000000000000e+01 0.000000000000000000e+00 1.600000000000000089e+00 8.182000000000000037e-03 9.417999999999999289e-03 9.999219999999999775e-01 -7.783029999999999671e-01 -6.277679999999999927e-01 1.228100000000000025e-02 6.278350000000000319e-01 -7.783430000000000071e-01 2.194000000000000204e-03
2.700000000000000000e+01 5.800000000000000000e+01 3.100000000000000000e+01 0.000000000000000000e+00 1.600000000000000089e+00 3.691999999999999969e-03 1.314999999999999980e-03 9.999919999999999920e-01 -7.770629999999999482e-01 -6.294110000000000538e-01 3.696000000000000067e-03 6.294110000000000538e-01 -7.770709999999999562e-01 -1.301999999999999989e-03
2.900000000000000000e+01 5.800000000000000000e+01 3.100000000000000000e+01 0.000000000000000000e+00 1.600000000000000089e+00 1.758999999999999930e-03 -8.000000000000000654e-05 9.999980000000000535e-01 -7.769580000000000375e-01 -6.295520000000000005e-01 1.317000000000000028e-03 6.295509999999999717e-01 -7.769589999999999552e-01 -1.168999999999999900e-03
2.600000000000000000e+01 5.000000000000000000e+00 3.200000000000000000e+01 0.000000000000000000e+00 1.600000000000000089e+00 1.506689999999999974e-01 -8.843239999999999990e-01 -4.418929999999999803e-01 -6.786550000000000082e-01 2.325029999999999875e-01 -6.966849999999999987e-01 7.188369999999999482e-01 4.048619999999999997e-01 -5.651199999999999557e-01
2.400000000000000000e+01 5.000000000000000000e+00 3.300000000000000000e+01 0.000000000000000000e+00 1.600000000000000089e+00 1.137740000000000001e-01 -9.730029999999999513e-01 -2.007990000000000053e-01 -6.940749999999999975e-01 6.676700000000000690e-02 -7.167999999999999927e-01 7.108560000000000434e-01 2.209230000000000083e-01 -6.677400000000000002e-01
3.000000000000000000e+00 5.600000000000000000e+01 3.300000000000000000e+01 0.000000000000000000e+00 1.600000000000000089e+00 9.001699999999999979e-02 1.309659999999999991e-01 -9.872919999999999474e-01 2.835559999999999747e-01 -9.536590000000000344e-01 -1.006510000000000044e-01 -9.547210000000000418e-01 -2.708920000000000217e-01 -1.229809999999999931e-01
2.800000000000000000e+01 8.000000000000000000e+00 3.400000000000000000e+01 0.000000000000000000e+00 1.600000000000000089e+00 1.945159999999999945e-01 -9.102360000000000451e-01 -3.655610000000000248e-01 -7.089339999999999531e-01 1.271100000000000008e-01 -6.937259999999999538e-01 6.779199999999999671e-01 3.940989999999999771e-01 -6.205720000000000125e-01
7.000000000000000000e+00 4.600000000000000000e+01 3.500000000000000000e+01 0.000000000000000000e+00 1.600000000000000089e+00 6.390000000000000280e-04 8.139000000000000401e-03 -9.999670000000000503e-01 3.902950000000000030e-01 -9.206619999999999804e-01 -7.243999999999999571e-03 -9.206900000000000084e-01 -3.902769999999999850e-01 -3.765000000000000117e-03
1.200000000000000000e+01 4.600000000000000000e+01 3.500000000000000000e+01 0.000000000000000000e+00 1.600000000000000089e+00 -2.020000000000000040e-04 7.849999999999999339e-03 -9.999689999999999968e-01 3.916859999999999786e-01 -9.200700000000000545e-01 -7.302000000000000331e-03 -9.200990000000000002e-01 -3.916760000000000241e-01 -2.889000000000000075e-03
1.900000000000000000e+01 4.600000000000000000e+01 3.500000000000000000e+01 0.000000000000000000e+00 1.600000000000000089e+00 3.350000000000000113e-04 1.933000000000000039e-03 -9.999980000000000535e-01 3.915159999999999751e-01 -9.201700000000000434e-01 -1.647999999999999942e-03 -9.201709999999999612e-01 -3.915139999999999731e-01 -1.064999999999999974e-03
2.400000000000000000e+01 4.600000000000000000e+01 3.500000000000000000e+01 0.000000000000000000e+00 1.600000000000000089e+00 2.044999999999999943e-03 -7.799999999999999642e-03 -9.999670000000000503e-01 3.899340000000000028e-01 -9.208079999999999599e-01 7.978999999999999981e-03 -9.208410000000000206e-01 -3.899369999999999781e-01 1.159000000000000091e-03
2.000000000000000000e+00 7.400000000000000000e+01 3.600000000000000000e+01 0.000000000000000000e+00 1.600000000000000089e+00 -3.445559999999999734e-01 9.021900000000000475e-01 2.594899999999999984e-01 -9.272540000000000227e-01 -2.839139999999999997e-01 -2.441170000000000007e-01 -1.465670000000000028e-01 -3.247249999999999859e-01 9.343829999999999636e-01
2.300000000000000000e+01 2.200000000000000000e+01 3.700000000000000000e+01 0.000000000000000000e+00 1.600000000000000089e+00 7.677169999999999828e-01 -3.308090000000000197e-01 5.487950000000000328e-01 -6.312480000000000313e-01 -2.431979999999999975e-01 7.364650000000000363e-01 -1.101629999999999970e-01 -9.118220000000000214e-01 -3.955299999999999927e-01
2.500000000000000000e+01 3.000000000000000000e+00 4.300000000000000000e+01 0.000000000000000000e+00 1.600000000000000089e+00 5.909000000000000190e-03 -2.952999999999999896e-03 -9.999780000000000335e-01 7.436150000000000260e-01 -6.685769999999999769e-01 6.368000000000000396e-03 -6.685809999999999809e-01 -7.436369999999999925e-01 -1.755000000000000050e-03
2.000000000000000000e+01 2.500000000000000000e+01 4.300000000000000000e+01 0.000000000000000000e+00 1.600000000000000089e+00 1.488300000000000040e-02 -1.226499999999999986e-02 -9.998139999999999805e-01 8.416270000000000140e-01 5.400270000000000348e-01 5.903000000000000261e-03 5.398539999999999450e-01 -8.415580000000000283e-01 1.836000000000000132e-02
8.000000000000000000e+00 6.700000000000000000e+01 4.300000000000000000e+01 0.000000000000000000e+00 1.600000000000000089e+00 -5.860000000000000408e-04 2.354799999999999949e-02 -9.997219999999999995e-01 -4.521649999999999836e-01 8.916800000000000281e-01 2.126799999999999871e-02 8.919340000000000046e-01 4.520520000000000094e-01 1.012500000000000032e-02
2.000000000000000000e+01 2.400000000000000000e+01 4.400000000000000000e+01 0.000000000000000000e+00 1.600000000000000089e+00 1.861900000000000013e-02 1.591100000000000153e-02 -9.997000000000000330e-01 7.839810000000000390e-01 6.203020000000000200e-01 2.447399999999999923e-02 6.205049999999999732e-01 -7.842019999999999547e-01 -9.240000000000000166e-04
2.000000000000000000e+00 2.900000000000000000e+01 4.400000000000000000e+01 0.000000000000000000e+00 1.600000000000000089e+00 -1.655000000000000004e-03 5.173999999999999780e-03 -9.999850000000000128e-01 6.564039999999999875e-01 7.544039999999999635e-01 2.817000000000000060e-03 7.544079999999999675e-01 -6.563900000000000290e-01 -4.644999999999999823e-03
5.000000000000000000e+00 2.900000000000000000e+01 4.400000000000000000e+01 0.000000000000000000e+00 1.600000000000000089e+00 -1.789000000000000009e-03 4.723999999999999901e-03 -9.999869999999999592e-01 6.593529999999999669e-01 7.518299999999999983e-01 2.371999999999999977e-03 7.518310000000000271e-01 -6.593400000000000372e-01 -4.459000000000000290e-03
1.100000000000000000e+01 2.900000000000000000e+01 4.400000000000000000e+01 0.000000000000000000e+00 1.600000000000000089e+00 -6.310000000000000504e-04 -1.413999999999999892e-03 -9.999989999999999712e-01 6.610709999999999642e-01 7.503220000000000445e-01 -1.477999999999999930e-03 7.503229999999999622e-01 -6.610709999999999642e-01 4.609999999999999840e-04
1.400000000000000000e+01 2.900000000000000000e+01 4.400000000000000000e+01 0.000000000000000000e+00 1.600000000000000089e+00 -9.100000000000000016e-04 -3.027000000000000177e-03 -9.999949999999999672e-01 6.617210000000000036e-01 7.497449999999999948e-01 -2.871999999999999987e-03 7.497500000000000275e-01 -6.617199999999999749e-01 1.320999999999999909e-03
2.000000000000000000e+01 2.900000000000000000e+01 4.400000000000000000e+01 0.000000000000000000e+00 1.600000000000000089e+00 -3.507999999999999834e-03 -4.645599999999999730e-02 -9.989139999999999686e-01 6.345229999999999482e-01 7.719629999999999548e-01 -3.812999999999999723e-02 7.728960000000000274e-01 -6.339679999999999760e-01 2.676999999999999866e-02
2.200000000000000000e+01 2.900000000000000000e+01 4.400000000000000000e+01 0.000000000000000000e+00 1.600000000000000089e+00 -4.630900000000000294e-02 -1.822149999999999881e-01 -9.821680000000000410e-01 6.560890000000000333e-01 7.358710000000000528e-01 -1.674549999999999927e-01 7.532619999999999871e-01 -6.521439999999999459e-01 8.547200000000000630e-02
6.000000000000000000e+00 6.900000000000000000e+01 4.700000000000000000e+01 0.000000000000000000e+00 1.600000000000000089e+00 -9.572500000000000453e-02 -2.024090000000000056e-01 -9.746110000000000051e-01 -9.922239999999999949e-01 -5.884999999999999953e-02 1.096769999999999967e-01 -7.955500000000000071e-02 9.775310000000000388e-01 -1.952010000000000134e-01
9.000000000000000000e+00 6.800000000000000000e+01 4.800000000000000000e+01 0.000000000000000000e+00 1.600000000000000089e+00 -2.906500000000000056e-02 -1.578819999999999946e-01 -9.870299999999999629e-01 -9.688919999999999755e-01 -2.383389999999999953e-01 6.665500000000000591e-02 -2.457709999999999895e-01 9.582629999999999759e-01 -1.460430000000000061e-01
1.300000000000000000e+01 6.100000000000000000e+01 4.900000000000000000e+01 0.000000000000000000e+00 1.600000000000000089e+00 -1.216700000000000073e-02 -2.590000000000000071e-04 9.999259999999999815e-01 -6.426520000000000010e-01 7.661200000000000232e-01 -7.621000000000000170e-03 -7.660609999999999919e-01 -6.426969999999999628e-01 -9.487999999999999906e-03
1.400000000000000000e+01 7.100000000000000000e+01 4.900000000000000000e+01 0.000000000000000000e+00 1.600000000000000089e+00 -3.946470000000000256e-01 8.801130000000000342e-01 2.639230000000000187e-01 -9.058669999999999778e-01 -3.245979999999999976e-01 -2.721049999999999858e-01 -1.538140000000000063e-01 -3.464639999999999942e-01 9.253670000000000506e-01
6.000000000000000000e+00 5.000000000000000000e+00 5.100000000000000000e+01 0.000000000000000000e+00 1.600000000000000089e+00 -1.085000000000000027e-03 -4.299999999999999894e-04 -9.999989999999999712e-01 4.831650000000000111e-01 -8.755290000000000017e-01 -1.479999999999999925e-04 -8.755290000000000017e-01 -4.831650000000000111e-01 1.157000000000000042e-03
1.000000000000000000e+01 5.000000000000000000e+00 5.100000000000000000e+01 0.000000000000000000e+00 1.600000000000000089e+00 -4.581000000000000003e-03 -2.602999999999999845e-03 -9.999860000000000415e-01 4.865010000000000168e-01 -8.736800000000000122e-01 4.600000000000000004e-05 -8.736680000000000001e-01 -4.864939999999999820e-01 5.268000000000000113e-03
2.300000000000000000e+01 6.000000000000000000e+00 5.100000000000000000e+01 0.000000000000000000e+00 1.600000000000000089e+00 -6.870000000000000238e-03 -5.578999999999999758e-03 -9.999609999999999888e-01 3.316540000000000044e-01 -9.433960000000000123e-01 2.984999999999999806e-03 -9.433759999999999923e-01 -3.316209999999999991e-01 8.330999999999999864e-03
2.000000000000000000e+00 1.150000000000000000e+02 5.100000000000000000e+01 0.000000000000000000e+00 1.600000000000000089e+00 -7.060999999999999568e-03 2.529800000000000104e-02 9.996549999999999603e-01 8.512990000000000279e-01 -5.243259999999999588e-01 1.928200000000000053e-02 5.246330000000000160e-01 8.511419999999999542e-01 -1.783399999999999916e-02
3.000000000000000000e+00 5.700000000000000000e+01 5.300000000000000000e+01 0.000000000000000000e+00 1.600000000000000089e+00 -3.449399999999999689e-02 -3.665349999999999997e-01 9.297649999999999526e-01 -4.104419999999999735e-01 8.534380000000000299e-01 3.212180000000000035e-01 -9.112339999999999884e-01 -3.705339999999999745e-01 -1.798800000000000121e-01
1.200000000000000000e+01 6.300000000000000000e+01 5.400000000000000000e+01 0.000000000000000000e+00 1.600000000000000089e+00 1.064900000000000048e-02 3.572499999999999981e-02 9.993049999999999988e-01 -1.843200000000000116e-01 9.823070000000000412e-01 -3.315300000000000191e-02 -9.828090000000000437e-01 -1.838390000000000024e-01 1.704599999999999865e-02
1.400000000000000000e+01 6.300000000000000000e+01 5.400000000000000000e+01 0.000000000000000000e+00 1.600000000000000089e+00 5.584000000000000422e-03 3.908199999999999869e-02 9.992199999999999971e-01 -1.986189999999999900e-01 9.793709999999999916e-01 -3.719599999999999990e-02 -9.800609999999999600e-01 -1.982559999999999878e-01 1.323099999999999971e-02
2.100000000000000000e+01 6.300000000000000000e+01 5.400000000000000000e+01 0.000000000000000000e+00 1.600000000000000089e+00 -6.184000000000000261e-03 2.000000000000000164e-05 9.999810000000000088e-01 -3.454920000000000213e-01 9.384190000000000031e-01 -2.154999999999999798e-03 -9.384010000000000407e-01 -3.454980000000000273e-01 -5.795999999999999937e-03
2.400000000000000000e+01 6.300000000000000000e+01 5.400000000000000000e+01 0.000000000000000000e+00 1.600000000000000089e+00 1.905300000000000049e-02 3.085999999999999854e-02 9.993419999999999526e-01 -3.318019999999999858e-01 9.430739999999999679e-01 -2.279600000000000029e-02 -9.431570000000000231e-01 -3.311490000000000267e-01 2.820800000000000043e-02
7.000000000000000000e+00 7.100000000000000000e+01 5.400000000000000000e+01 0.000000000000000000e+00 1.600000000000000089e+00 -2.285600000000000132e-01 6.191870000000000429e-01 7.512440000000000229e-01 -9.621359999999999912e-01 -2.595099999999999837e-02 -2.713329999999999909e-01 -1.485100000000000031e-01 -7.848150000000000404e-01 6.016730000000000134e-01
1.400000000000000000e+01 7.500000000000000000e+01 5.400000000000000000e+01 0.000000000000000000e+00 1.600000000000000089e+00 -5.237359999999999793e-01 -1.601269999999999916e-01 8.366959999999999953e-01 -8.347999999999999865e-01 -9.922100000000000364e-02 -5.415379999999999638e-01 1.697329999999999950e-01 -9.820969999999999978e-01 -8.170800000000000285e-02
3.000000000000000000e+00 2.500000000000000000e+01 5.500000000000000000e+01 0.000000000000000000e+00 1.600000000000000089e+00 1.820000000000000057e-04 1.061000000000000094e-03 -9.999989999999999712e-01 -7.374000000000000346e-03 -9.999719999999999720e-01 -1.062000000000000010e-03 -9.999730000000000008e-01 7.374000000000000346e-03 -1.740000000000000010e-04
5.000000000000000000e+00 2.500000000000000000e+01 5.500000000000000000e+01 0.000000000000000000e+00 1.600000000000000089e+00 6.999999999999999929e-04 -2.159999999999999919e-04 -1.000000000000000000e+00 -6.989999999999999686e-03 -9.999759999999999760e-01 2.110000000000000059e-04 -9.999749999999999472e-01 6.989999999999999686e-03 -7.010000000000000172e-04
9.000000000000000000e+00 2.500000000000000000e+01 5.500000000000000000e+01 0.000000000000000000e+00 1.600000000000000089e+00 1.800000000000000046e-05 -4.054999999999999577e-03 -9.999919999999999920e-01 -8.118000000000000216e-03 -9.999590000000000423e-01 4.054000000000000312e-03 -9.999670000000000503e-01 8.118000000000000216e-03 -5.099999999999999960e-05
1.700000000000000000e+01 2.500000000000000000e+01 5.500000000000000000e+01 0.000000000000000000e+00 1.600000000000000089e+00 1.193000000000000050e-03 9.479999999999999495e-04 -9.999989999999999712e-01 -1.256900000000000031e-02 -9.999209999999999487e-01 -9.629999999999999888e-04 -9.999200000000000310e-01 1.256999999999999958e-02 -1.180999999999999975e-03
2.100000000000000000e+01 2.500000000000000000e+01 5.500000000000000000e+01 0.000000000000000000e+00 1.600000000000000089e+00 -8.739999999999999939e-04 -7.950000000000000252e-04 -9.999989999999999712e-01 -1.096899999999999958e-02 -9.999400000000000510e-01 8.050000000000000515e-04 -9.999390000000000223e-01 1.097000000000000058e-02 8.649999999999999920e-04
2.800000000000000000e+01 2.500000000000000000e+01 5.500000000000000000e+01 0.000000000000000000e+00 1.600000000000000089e+00 -2.772999999999999857e-03 -1.379900000000000050e-02 -9.999010000000000398e-01 -1.189300000000000079e-02 -9.998340000000000005e-01 1.383099999999999954e-02 -9.999249999999999527e-01 1.192999999999999963e-02 2.609000000000000208e-03
7.000000000000000000e+00 8.500000000000000000e+01 5.500000000000000000e+01 0.000000000000000000e+00 1.600000000000000089e+00 8.197000000000000119e-02 -3.967809999999999948e-01 -9.142460000000000031e-01 8.177170000000000272e-01 -4.976430000000000020e-01 2.892919999999999936e-01 -5.697539999999999827e-01 -7.713079999999999936e-01 2.836629999999999985e-01
5.000000000000000000e+00 6.600000000000000000e+01 5.700000000000000000e+01 0.000000000000000000e+00 1.600000000000000089e+00 -9.865999999999999770e-03 5.136720000000000175e-01 8.579299999999999704e-01 -2.200550000000000006e-01 8.358229999999999826e-01 -5.029670000000000529e-01 -9.754380000000000273e-01 -1.937540000000000096e-01 1.047899999999999943e-01
5.000000000000000000e+00 2.100000000000000000e+01 6.000000000000000000e+01 0.000000000000000000e+00 1.600000000000000089e+00 -6.400000000000000524e-04 -4.197000000000000210e-03 9.999909999999999632e-01 -9.678499999999999603e-02 9.952969999999999873e-01 4.114999999999999734e-03 -9.953049999999999953e-01 -9.678200000000000691e-02 -1.043000000000000090e-03
1.400000000000000000e+01 2.100000000000000000e+01 6.000000000000000000e+01 0.000000000000000000e+00 1.600000000000000089e+00 2.925000000000000083e-03 -1.757000000000000098e-03 9.999940000000000495e-01 -9.468400000000000427e-02 9.955049999999999732e-01 2.026000000000000023e-03 -9.955030000000000268e-01 -9.468899999999999539e-02 2.745000000000000044e-03
2.500000000000000000e+01 2.100000000000000000e+01 6.000000000000000000e+01 0.000000000000000000e+00 1.600000000000000089e+00 -1.910000000000000077e-04 -8.352000000000000049e-03 9.999649999999999928e-01 -9.800000000000000377e-02 9.951520000000000366e-01 8.293000000000000024e-03 -9.951860000000000150e-01 -9.799499999999999877e-02 -1.008999999999999914e-03
5.000000000000000000e+00 6.800000000000000000e+01 6.000000000000000000e+01 0.000000000000000000e+00 1.600000000000000089e+00 1.394189999999999874e-01 -3.560019999999999851e-01 9.240260000000000140e-01 4.838250000000000051e-01 -7.896840000000000526e-01 -3.772440000000000238e-01 8.639879999999999782e-01 4.996619999999999950e-01 6.214599999999999985e-02
2.900000000000000000e+01 7.100000000000000000e+01 6.000000000000000000e+01 0.000000000000000000e+00 1.600000000000000089e+00 8.226550000000000251e-01 1.860709999999999864e-01 -5.372299999999999853e-01 2.776290000000000147e-01 6.931329999999999991e-01 6.651989999999999847e-01 4.961459999999999759e-01 -6.963799999999999990e-01 5.185499999999999554e-01
2.700000000000000000e+01 6.000000000000000000e+00 6.100000000000000000e+01 0.000000000000000000e+00 1.600000000000000089e+00 -2.514000000000000175e-03 7.479999999999999670e-04 9.999970000000000248e-01 5.757470000000000088e-01 -8.176250000000000462e-01 2.057999999999999934e-03 8.176240000000000174e-01 5.757510000000000128e-01 1.624999999999999925e-03
2.800000000000000000e+01 7.200000000000000000e+01 6.100000000000000000e+01 0.000000000000000000e+00 1.600000000000000089e+00 8.126569999999999627e-01 2.697169999999999845e-01 -5.165669999999999984e-01 1.771169999999999967e-01 7.301860000000000017e-01 6.598920000000000341e-01 5.551739999999999453e-01 -6.277589999999999559e-01 5.456189999999999651e-01
2.700000000000000000e+01 7.300000000000000000e+01 6.200000000000000000e+01 0.000000000000000000e+00 1.600000000000000089e+00 8.346289999999999543e-01 2.557079999999999909e-01 -4.878600000000000159e-01 1.690609999999999891e-01 7.240349999999999842e-01 6.687239999999999851e-01 5.242259999999999698e-01 -6.406150000000000455e-01 5.610699999999999577e-01
