5.000000000000000000e+00 2.500000000000000000e+01 1.000000000000000000e+00 0.000000000000000000e+00 1.600000000000000089e+00 -4.279999999999999950e-04 4.322999999999999586e-03 -9.999909999999999632e-01 -5.262820000000000276e-01 -8.503030000000000310e-01 -3.451000000000000074e-03 -8.503100000000000103e-01 5.262759999999999661e-01 2.638999999999999853e-03
1.600000000000000000e+01 2.500000000000000000e+01 1.000000000000000000e+00 0.000000000000000000e+00 1.600000000000000089e+00 -3.321000000000000167e-03 -5.910999999999999588e-03 -9.999770000000000048e-01 -5.233020000000000449e-01 -8.521210000000000173e-01 6.773999999999999640e-03 -8.521410000000000373e-01 5.233119999999999994e-01 -2.629999999999999959e-04
2.300000000000000000e+01 2.500000000000000000e+01 1.000000000000000000e+00 0.000000000000000000e+00 1.600000000000000089e+00 -1.399999999999999877e-04 -3.261000000000000010e-03 -9.999949999999999672e-01 -5.225049999999999972e-01 -8.526310000000000278e-01 2.853000000000000067e-03 -8.526359999999999495e-01 5.225030000000000507e-01 -1.585000000000000037e-03
7.000000000000000000e+00 1.500000000000000000e+01 4.000000000000000000e+00 0.000000000000000000e+00 1.600000000000000089e+00 -3.240000000000000150e-04 -5.700000000000000205e-03 9.999839999999999840e-01 3.106369999999999965e-01 -9.505139999999999700e-01 -5.316999999999999678e-03 9.505280000000000395e-01 3.106309999999999905e-01 2.077999999999999986e-03
1.400000000000000000e+01 1.500000000000000000e+01 4.000000000000000000e+00 0.000000000000000000e+00 1.600000000000000089e+00 3.105000000000000121e-03 -4.028999999999999596e-03 9.999869999999999592e-01 3.137360000000000149e-01 -9.494979999999999531e-01 -4.799999999999999580e-03 9.495050000000000434e-01 3.137469999999999981e-01 -1.683999999999999950e-03
1.900000000000000000e+01 1.500000000000000000e+01 4.000000000000000000e+00 0.000000000000000000e+00 1.600000000000000089e+00 -1.884999999999999957e-03 -7.526999999999999837e-03 9.999700000000000255e-01 3.103960000000000052e-01 -9.505850000000000133e-01 -6.570000000000000319e-03 9.506050000000000333e-01 3.103739999999999832e-01 4.127999999999999725e-03
2.500000000000000000e+01 1.500000000000000000e+01 4.000000000000000000e+00 0.000000000000000000e+00 1.600000000000000089e+00 5.360000000000000181e-04 1.345000000000000058e-03 9.999989999999999712e-01 3.082590000000000052e-01 -9.513019999999999810e-01 1.113999999999999973e-03 9.513019999999999810e-01 3.082579999999999765e-01 -9.240000000000000166e-04
2.900000000000000000e+01 1.500000000000000000e+01 4.000000000000000000e+00 0.000000000000000000e+00 1.600000000000000089e+00 1.198999999999999979e-03 -1.546000000000000065e-03 9.999980000000000535e-01 3.102730000000000210e-01 -9.506459999999999910e-01 -1.842000000000000104e-03 9.506470000000000198e-01 3.102750000000000230e-01 -6.599999999999999964e-04
3.000000000000000000e+00 1.600000000000000000e+01 4.000000000000000000e+00 0.000000000000000000e+00 1.600000000000000089e+00 -2.232000000000000043e-03 -2.697999999999999877e-03 9.999940000000000495e-01 3.871930000000000094e-01 -9.219969999999999555e-01 -1.624000000000000010e-03 9.219960000000000377e-01 3.871870000000000034e-01 3.102000000000000157e-03
5.000000000000000000e+00 1.010000000000000000e+02 7.000000000000000000e+00 0.000000000000000000e+00 1.600000000000000089e+00 -8.250000000000000389e-03 2.169400000000000148e-02 9.997310000000000363e-01 8.779670000000000529e-01 4.787100000000000244e-01 -3.141999999999999828e-03 -4.786500000000000199e-01 8.777049999999999574e-01 -2.299599999999999908e-02
1.200000000000000000e+01 1.010000000000000000e+02 7.000000000000000000e+00 0.000000000000000000e+00 1.600000000000000089e+00 3.570999999999999956e-03 -1.849999999999999973e-04 9.999940000000000495e-01 8.762940000000000174e-01 4.817670000000000008e-01 -3.040000000000000167e-03 -4.817640000000000255e-01 8.762990000000000501e-01 1.881999999999999992e-03
3.000000000000000000e+01 1.010000000000000000e+02 7.000000000000000000e+00 0.000000000000000000e+00 1.600000000000000089e+00 -6.408999999999999767e-03 2.146199999999999844e-02 9.997489999999999988e-01 8.854530000000000456e-01 4.647089999999999832e-01 -4.300000000000000003e-03 -4.646850000000000147e-01 8.852029999999999621e-01 -2.198200000000000154e-02
3.000000000000000000e+00 2.500000000000000000e+01 8.000000000000000000e+00 0.000000000000000000e+00 1.600000000000000089e+00 8.270000000000000441e-04 1.012300000000000005e-02 -9.999489999999999768e-01 4.490149999999999975e-01 8.934750000000000192e-01 9.416000000000000758e-03 8.935239999999999849e-01 -4.489989999999999815e-01 -3.807000000000000054e-03
6.000000000000000000e+00 2.500000000000000000e+01 8.000000000000000000e+00 0.000000000000000000e+00 1.600000000000000089e+00 9.229999999999999923e-04 7.119999999999999593e-03 -9.999740000000000295e-01 4.487360000000000237e-01 8.936389999999999612e-01 6.777000000000000038e-03 8.936640000000000139e-01 -4.487300000000000177e-01 -2.370000000000000145e-03
1.600000000000000000e+01 2.500000000000000000e+01 8.000000000000000000e+00 0.000000000000000000e+00 1.600000000000000089e+00 2.170000000000000054e-03 1.477799999999999947e-02 -9.998879999999999990e-01 4.486689999999999845e-01 8.935849999999999627e-01 1.417999999999999990e-02 8.936950000000000172e-01 -4.486499999999999932e-01 -4.690999999999999857e-03
2.400000000000000000e+01 2.500000000000000000e+01 8.000000000000000000e+00 0.000000000000000000e+00 1.600000000000000089e+00 8.249999999999999955e-04 4.942000000000000212e-03 -9.999869999999999592e-01 4.444049999999999945e-01 8.958129999999999704e-01 4.793999999999999651e-03 8.958260000000000112e-01 -4.444029999999999925e-01 -1.458000000000000095e-03
2.000000000000000000e+00 2.400000000000000000e+01 9.000000000000000000e+00 0.000000000000000000e+00 1.600000000000000089e+00 6.669999999999999497e-04 1.112199999999999994e-02 -9.999379999999999935e-01 4.521600000000000064e-01 8.918779999999999486e-01 1.022200000000000018e-02 8.919359999999999511e-01 -4.521390000000000131e-01 -4.433999999999999574e-03
6.000000000000000000e+00 2.400000000000000000e+01 9.000000000000000000e+00 0.000000000000000000e+00 1.600000000000000089e+00 6.700000000000000226e-04 7.915999999999999426e-03 -9.999679999999999680e-01 4.512149999999999772e-01 8.923849999999999838e-01 7.367000000000000284e-03 8.924149999999999583e-01 -4.512059999999999960e-01 -2.974000000000000081e-03
1.000000000000000000e+01 2.400000000000000000e+01 9.000000000000000000e+00 0.000000000000000000e+00 1.600000000000000089e+00 2.135999999999999878e-03 -1.010000000000000020e-04 -9.999980000000000535e-01 4.518519999999999759e-01 8.920919999999999961e-01 8.750000000000000182e-04 8.920900000000000496e-01 -4.518530000000000046e-01 1.951000000000000043e-03
1.600000000000000000e+01 2.400000000000000000e+01 9.000000000000000000e+00 0.000000000000000000e+00 1.600000000000000089e+00 2.193000000000000071e-03 1.303999999999999951e-02 -9.999130000000000518e-01 4.518139999999999934e-01 8.920230000000000103e-01 1.262399999999999980e-02 8.921099999999999586e-01 -4.518019999999999814e-01 -3.935000000000000130e-03
2.400000000000000000e+01 2.400000000000000000e+01 9.000000000000000000e+00 0.000000000000000000e+00 1.600000000000000089e+00 5.749999999999999903e-04 5.453000000000000382e-03 -9.999850000000000128e-01 4.466570000000000262e-01 8.946899999999999853e-01 5.135999999999999940e-03 8.947049999999999725e-01 -4.466539999999999955e-01 -1.922000000000000097e-03
2.900000000000000000e+01 2.400000000000000000e+01 9.000000000000000000e+00 0.000000000000000000e+00 1.600000000000000089e+00 2.112000000000000162e-03 3.151999999999999854e-03 -9.999930000000000208e-01 4.467700000000000005e-01 8.946410000000000196e-01 3.762999999999999852e-03 8.946460000000000523e-01 -4.467749999999999777e-01 4.820000000000000066e-04
1.200000000000000000e+01 3.100000000000000000e+01 1.200000000000000000e+01 0.000000000000000000e+00 1.600000000000000089e+00 6.099999999999999872e-05 -1.703000000000000087e-03 9.999989999999999712e-01 -1.197400000000000027e-02 9.999270000000000103e-01 1.703000000000000087e-03 -9.999280000000000390e-01 -1.197400000000000027e-02 4.100000000000000047e-05
1.700000000000000000e+01 3.100000000000000000e+01 1.200000000000000000e+01 0.000000000000000000e+00 1.600000000000000089e+00 1.923999999999999929e-03 8.623999999999999722e-03 9.999609999999999888e-01 -1.140500000000000021e-02 9.998979999999999535e-01 -8.602000000000000271e-03 -9.999329999999999607e-01 -1.138800000000000055e-02 2.021999999999999926e-03
2.200000000000000000e+01 3.100000000000000000e+01 1.200000000000000000e+01 0.000000000000000000e+00 1.600000000000000089e+00 3.529000000000000019e-03 6.741999999999999729e-03 9.999710000000000543e-01 -6.039000000000000097e-03 9.999590000000000423e-01 -6.721000000000000411e-03 -9.999759999999999760e-01 -6.015000000000000381e-03 3.569000000000000124e-03
2.400000000000000000e+01 1.160000000000000000e+02 1.600000000000000000e+01 0.000000000000000000e+00 1.600000000000000089e+00 1.132999999999999893e-03 2.514999999999999875e-03 9.999959999999999960e-01 6.877579999999999805e-01 7.259360000000000257e-01 -2.605000000000000111e-03 -7.259400000000000297e-01 6.877579999999999805e-01 -9.070000000000000371e-04
4.000000000000000000e+00 2.000000000000000000e+00 1.900000000000000000e+01 0.000000000000000000e+00 1.600000000000000089e+00 -8.670000000000000406e-04 4.829999999999999767e-04 -1.000000000000000000e+00 1.773730000000000029e-01 -9.841440000000000188e-01 -6.290000000000000018e-04 -9.841429999999999900e-01 -1.773730000000000029e-01 7.669999999999999951e-04
1.100000000000000000e+01 2.000000000000000000e+00 1.900000000000000000e+01 0.000000000000000000e+00 1.600000000000000089e+00 -4.126999999999999592e-03 -4.942000000000000212e-03 -9.999789999999999512e-01 1.801470000000000016e-01 -9.836310000000000331e-01 4.118000000000000133e-03 -9.836310000000000331e-01 -1.801260000000000083e-01 4.950000000000000407e-03
1.800000000000000000e+01 2.000000000000000000e+00 1.900000000000000000e+01 0.000000000000000000e+00 1.600000000000000089e+00 -5.700000000000000314e-05 3.531999999999999983e-03 -9.999940000000000495e-01 1.808960000000000012e-01 -9.834960000000000369e-01 -3.484999999999999817e-03 -9.835019999999999873e-01 -1.808950000000000002e-01 -5.829999999999999679e-04
2.600000000000000000e+01 2.000000000000000000e+00 1.900000000000000000e+01 0.000000000000000000e+00 1.600000000000000089e+00 2.755000000000000070e-03 -2.527999999999999865e-03 -9.999930000000000208e-01 1.805769999999999875e-01 -9.835559999999999858e-01 2.984000000000000107e-03 -9.835570000000000146e-01 -1.805839999999999945e-01 -2.252999999999999794e-03
3.000000000000000000e+00 1.300000000000000000e+01 2.000000000000000000e+01 0.000000000000000000e+00 1.600000000000000089e+00 1.579999999999999916e-04 -1.879999999999999944e-03 9.999980000000000535e-01 2.509609999999999896e-01 9.679959999999999676e-01 1.779999999999999898e-03 -9.679969999999999963e-01 2.509600000000000164e-01 6.250000000000000130e-04
8.000000000000000000e+00 1.300000000000000000e+01 2.000000000000000000e+01 0.000000000000000000e+00 1.600000000000000089e+00 -5.550000000000000462e-04 1.981000000000000122e-03 9.999980000000000535e-01 2.503110000000000057e-01 9.681640000000000246e-01 -1.778999999999999982e-03 -9.681650000000000533e-01 2.503099999999999770e-01 -1.033000000000000064e-03
1.200000000000000000e+01 1.300000000000000000e+01 2.000000000000000000e+01 0.000000000000000000e+00 1.600000000000000089e+00 -6.176000000000000066e-03 -1.093200000000000074e-02 9.999209999999999487e-01 2.501970000000000027e-01 9.681189999999999518e-01 1.213000000000000016e-02 -9.681750000000000078e-01 2.502519999999999745e-01 -3.243999999999999922e-03
1.800000000000000000e+01 1.300000000000000000e+01 2.000000000000000000e+01 0.000000000000000000e+00 1.600000000000000089e+00 5.099999999999999960e-05 2.866000000000000058e-03 9.999959999999999960e-01 2.537099999999999911e-01 9.672760000000000247e-01 -2.785999999999999848e-03 -9.672800000000000287e-01 2.537090000000000178e-01 -6.780000000000000002e-04
7.000000000000000000e+00 1.600000000000000000e+01 2.100000000000000000e+01 0.000000000000000000e+00 1.600000000000000089e+00 1.800000000000000046e-05 6.350000000000000392e-04 1.000000000000000000e+00 2.966219999999999968e-01 9.549950000000000383e-01 -6.120000000000000223e-04 -9.549950000000000383e-01 2.966219999999999968e-01 -1.720000000000000066e-04
1.200000000000000000e+01 1.600000000000000000e+01 2.100000000000000000e+01 0.000000000000000000e+00 1.600000000000000089e+00 -6.602000000000000229e-03 -1.034999999999999983e-02 9.999249999999999527e-01 2.973979999999999957e-01 9.546799999999999731e-01 1.184499999999999963e-02 -9.547309999999999963e-01 2.974539999999999962e-01 -3.225000000000000002e-03
1.700000000000000000e+01 1.600000000000000000e+01 2.100000000000000000e+01 0.000000000000000000e+00 1.600000000000000089e+00 -4.490000000000000176e-04 -2.519999999999999996e-04 1.000000000000000000e+00 2.993660000000000210e-01 9.541380000000000416e-01 3.750000000000000078e-04 -9.541380000000000416e-01 2.993660000000000210e-01 -3.530000000000000152e-04
2.300000000000000000e+01 1.600000000000000000e+01 2.100000000000000000e+01 0.000000000000000000e+00 1.600000000000000089e+00 5.806000000000000397e-03 1.175299999999999956e-02 9.999139999999999695e-01 2.991409999999999902e-01 9.541209999999999969e-01 -1.295199999999999997e-02 -9.541910000000000114e-01 2.991900000000000115e-01 2.024000000000000191e-03
2.700000000000000000e+01 1.600000000000000000e+01 2.100000000000000000e+01 0.000000000000000000e+00 1.600000000000000089e+00 5.256000000000000255e-03 1.215399999999999987e-02 9.999120000000000230e-01 2.971909999999999830e-01 9.547269999999999923e-01 -1.316699999999999988e-02 -9.548029999999999573e-01 2.972339999999999982e-01 1.405999999999999915e-03
1.000000000000000000e+00 3.000000000000000000e+00 2.500000000000000000e+01 0.000000000000000000e+00 1.600000000000000089e+00 -1.701999999999999954e-03 1.283100000000000039e-02 9.999160000000000270e-01 -2.824799999999999880e-02 -9.995190000000000463e-01 1.277799999999999943e-02 9.996000000000000441e-01 -2.822399999999999909e-02 2.063000000000000164e-03
1.400000000000000000e+01 3.000000000000000000e+00 2.500000000000000000e+01 0.000000000000000000e+00 1.600000000000000089e+00 8.812999999999999653e-03 -5.932999999999999906e-03 9.999440000000000550e-01 -3.450500000000000095e-02 -9.993889999999999718e-01 -5.624999999999999792e-03 9.993659999999999766e-01 -3.445299999999999752e-02 -9.011999999999999178e-03
4.000000000000000000e+00 4.600000000000000000e+01 2.700000000000000000e+01 0.000000000000000000e+00 1.600000000000000089e+00 5.550000000000000462e-04 -2.596999999999999916e-03 -9.999959999999999960e-01 6.745539999999999869e-01 7.382239999999999913e-01 -1.543000000000000101e-03 7.382250000000000201e-01 -6.745510000000000117e-01 2.161999999999999859e-03
2.000000000000000000e+00 4.600000000000000000e+01 3.000000000000000000e+01 0.000000000000000000e+00 1.600000000000000089e+00 1.404000000000000083e-03 -1.928999999999999942e-03 -9.999970000000000248e-01 3.408340000000000258e-01 9.401230000000000420e-01 -1.335999999999999948e-03 9.401230000000000420e-01 -3.408309999999999951e-01 1.977000000000000025e-03
1.600000000000000000e+01 4.600000000000000000e+01 3.000000000000000000e+01 0.000000000000000000e+00 1.600000000000000089e+00 8.599999999999999789e-04 3.310000000000000225e-04 -1.000000000000000000e+00 3.319949999999999846e-01 9.432810000000000361e-01 5.980000000000000072e-04 9.432810000000000361e-01 -3.319960000000000133e-01 7.010000000000000172e-04
2.100000000000000000e+01 4.600000000000000000e+01 3.000000000000000000e+01 0.000000000000000000e+00 1.600000000000000089e+00 -5.670000000000000127e-04 3.612999999999999892e-03 -9.999930000000000208e-01 3.341060000000000141e-01 9.425299999999999789e-01 3.216000000000000109e-03 9.425350000000000117e-01 -3.341020000000000101e-01 -1.740999999999999926e-03
2.800000000000000000e+01 4.600000000000000000e+01 3.000000000000000000e+01 0.000000000000000000e+00 1.600000000000000089e+00 1.518999999999999951e-03 2.090999999999999977e-03 -9.999970000000000248e-01 3.342240000000000211e-01 9.424909999999999677e-01 2.478000000000000168e-03 9.424930000000000252e-01 -3.342260000000000231e-01 7.330000000000000361e-04
9.000000000000000000e+00 4.600000000000000000e+01 3.500000000000000000e+01 0.000000000000000000e+00 1.600000000000000089e+00 3.000000000000000076e-05 3.052000000000000025e-03 -9.999949999999999672e-01 3.905219999999999803e-01 -9.205889999999999906e-01 -2.798000000000000140e-03 -9.205940000000000234e-01 -3.905199999999999783e-01 -1.219000000000000031e-03
1.300000000000000000e+01 4.600000000000000000e+01 3.500000000000000000e+01 0.000000000000000000e+00 1.600000000000000089e+00 -2.356000000000000021e-03 1.544999999999999932e-03 -9.999959999999999960e-01 3.894750000000000156e-01 -9.210340000000000193e-01 -2.340000000000000066e-03 -9.210340000000000193e-01 -3.894790000000000196e-01 1.569000000000000082e-03
2.300000000000000000e+01 4.600000000000000000e+01 3.500000000000000000e+01 0.000000000000000000e+00 1.600000000000000089e+00 2.040000000000000147e-03 -2.386000000000000100e-03 -9.999949999999999672e-01 3.887630000000000252e-01 -9.213329999999999576e-01 2.991000000000000169e-03 -9.213360000000000438e-01 -3.887669999999999737e-01 -9.520000000000000467e-04
2.600000000000000000e+01 4.600000000000000000e+01 3.500000000000000000e+01 0.000000000000000000e+00 1.600000000000000089e+00 9.600000000000000243e-04 -3.327999999999999795e-03 -9.999940000000000495e-01 3.888050000000000117e-01 -9.213139999999999663e-01 3.439000000000000216e-03 -9.213200000000000278e-01 -3.888059999999999850e-01 4.099999999999999912e-04
2.900000000000000000e+01 4.600000000000000000e+01 3.500000000000000000e+01 0.000000000000000000e+00 1.600000000000000089e+00 1.030000000000000100e-03 -5.278999999999999838e-03 -9.999860000000000415e-01 3.884610000000000007e-01 -9.214499999999999913e-01 5.263999999999999582e-03 -9.214649999999999785e-01 -3.884610000000000007e-01 1.101999999999999898e-03
3.000000000000000000e+00 9.500000000000000000e+01 3.600000000000000000e+01 0.000000000000000000e+00 1.600000000000000089e+00 -3.656199999999999728e-02 -4.130500000000000144e-02 9.984769999999999479e-01 9.973750000000000115e-01 6.098300000000000248e-02 3.904500000000000332e-02 -6.250300000000000300e-02 9.972839999999999483e-01 3.896700000000000164e-02
1.300000000000000000e+01 9.500000000000000000e+01 3.600000000000000000e+01 0.000000000000000000e+00 1.600000000000000089e+00 1.662800000000000042e-02 1.568500000000000102e-02 9.997390000000000443e-01 9.981809999999999850e-01 5.769699999999999829e-02 -1.750799999999999926e-02 -5.795700000000000157e-02 9.982109999999999594e-01 -1.469699999999999999e-02
2.100000000000000000e+01 9.500000000000000000e+01 3.600000000000000000e+01 0.000000000000000000e+00 1.600000000000000089e+00 1.734799999999999884e-02 4.068399999999999794e-02 9.990219999999999656e-01 9.966369999999999951e-01 7.932300000000000462e-02 -2.053699999999999970e-02 -8.008099999999999941e-02 9.960179999999999589e-01 -3.917099999999999749e-02
3.000000000000000000e+00 2.600000000000000000e+01 3.900000000000000000e+01 0.000000000000000000e+00 1.600000000000000089e+00 1.181800000000000038e-02 -2.758599999999999941e-01 -9.611250000000000071e-01 -7.428150000000000031e-01 -6.458810000000000384e-01 1.762460000000000138e-01 -6.693919999999999870e-01 7.118560000000000443e-01 -2.125460000000000127e-01
4.000000000000000000e+00 6.500000000000000000e+01 4.600000000000000000e+01 0.000000000000000000e+00 1.600000000000000089e+00 1.637000000000000000e-03 1.054000000000000032e-03 9.999980000000000535e-01 6.791960000000000219e-01 -7.339569999999999705e-01 -3.379999999999999758e-04 7.339550000000000241e-01 6.791949999999999932e-01 -1.917000000000000084e-03
1.000000000000000000e+01 6.500000000000000000e+01 4.600000000000000000e+01 0.000000000000000000e+00 1.600000000000000089e+00 3.678999999999999979e-03 -1.209000000000000005e-03 9.999919999999999920e-01 6.798250000000000126e-01 -7.333669999999999911e-01 -3.387999999999999953e-03 7.333650000000000446e-01 6.798319999999999919e-01 -1.876000000000000063e-03
2.300000000000000000e+01 2.600000000000000000e+01 4.800000000000000000e+01 0.000000000000000000e+00 1.600000000000000089e+00 -2.954000000000000029e-03 -8.605899999999999661e-02 -9.962860000000000049e-01 -8.409200000000000008e-02 9.927829999999999711e-01 -8.550699999999999967e-02 9.964539999999999509e-01 8.352700000000000402e-02 -1.017000000000000022e-02
2.800000000000000000e+01 2.900000000000000000e+01 4.800000000000000000e+01 0.000000000000000000e+00 1.600000000000000089e+00 -3.621999999999999786e-03 -8.548500000000000543e-02 9.963330000000000242e-01 3.800999999999999934e-01 9.214409999999999545e-01 8.044099999999999862e-02 -9.249380000000000379e-01 3.789980000000000016e-01 2.915600000000000136e-02
2.900000000000000000e+01 1.150000000000000000e+02 5.100000000000000000e+01 0.000000000000000000e+00 1.600000000000000089e+00 2.435000000000000098e-03 1.306799999999999976e-02 9.999120000000000230e-01 8.457900000000000418e-01 -5.334929999999999950e-01 4.911999999999999700e-03 5.335100000000000398e-01 8.457029999999999825e-01 -1.235200000000000013e-02
8.000000000000000000e+00 7.000000000000000000e+00 5.200000000000000000e+01 0.000000000000000000e+00 1.600000000000000089e+00 -3.520999999999999824e-03 -6.620000000000000450e-04 -9.999940000000000495e-01 8.307000000000000495e-02 -9.965439999999999854e-01 3.680000000000000003e-04 -9.965370000000000061e-01 -8.306800000000000295e-02 3.563999999999999894e-03
1.100000000000000000e+01 7.000000000000000000e+00 5.200000000000000000e+01 0.000000000000000000e+00 1.600000000000000089e+00 2.481999999999999831e-03 6.139999999999999625e-03 -9.999780000000000335e-01 8.252700000000000313e-02 -9.965709999999999846e-01 -5.913999999999999986e-03 -9.965859999999999719e-01 -8.251000000000000001e-02 -2.980000000000000010e-03
5.000000000000000000e+00 5.800000000000000000e+01 5.200000000000000000e+01 0.000000000000000000e+00 1.600000000000000089e+00 -5.019999999999999506e-04 -3.631999999999999812e-03 9.999930000000000208e-01 -6.251860000000000195e-01 7.804720000000000546e-01 2.520999999999999804e-03 -7.804759999999999476e-01 -6.251799999999999580e-01 -2.663000000000000003e-03
2.800000000000000000e+01 3.800000000000000000e+01 5.400000000000000000e+01 0.000000000000000000e+00 1.600000000000000089e+00 -1.016460000000000002e-01 -2.803729999999999833e-01 9.544939999999999536e-01 6.062370000000000259e-01 7.432710000000000150e-01 2.828879999999999728e-01 -7.887619999999999632e-01 6.074040000000000550e-01 9.442200000000000593e-02
5.000000000000000000e+00 6.300000000000000000e+01 5.400000000000000000e+01 0.000000000000000000e+00 1.600000000000000089e+00 -3.507999999999999834e-03 -6.923000000000000334e-03 9.999700000000000255e-01 -3.759210000000000051e-01 9.266379999999999617e-01 5.095999999999999835e-03 -9.266450000000000520e-01 -3.758920000000000039e-01 -5.852999999999999696e-03
8.000000000000000000e+00 6.300000000000000000e+01 5.400000000000000000e+01 0.000000000000000000e+00 1.600000000000000089e+00 -1.278999999999999972e-03 2.246999999999999865e-03 9.999970000000000248e-01 -3.667699999999999849e-01 9.303080000000000238e-01 -2.559000000000000077e-03 -9.303109999999999991e-01 -3.667719999999999869e-01 -3.660000000000000059e-04
1.300000000000000000e+01 6.300000000000000000e+01 5.400000000000000000e+01 0.000000000000000000e+00 1.600000000000000089e+00 7.899999999999999579e-05 3.158000000000000217e-03 9.999949999999999672e-01 -3.642520000000000202e-01 9.312960000000000127e-01 -2.912000000000000092e-03 -9.313000000000000167e-01 -3.642500000000000182e-01 1.224000000000000045e-03
1.900000000000000000e+01 6.300000000000000000e+01 5.400000000000000000e+01 0.000000000000000000e+00 1.600000000000000089e+00 -8.469999999999999881e-04 1.023999999999999954e-03 9.999989999999999712e-01 -3.633979999999999988e-01 9.316330000000000444e-01 -1.262000000000000101e-03 -9.316330000000000444e-01 -3.633990000000000276e-01 -4.169999999999999987e-04
2.200000000000000000e+01 6.300000000000000000e+01 5.400000000000000000e+01 0.000000000000000000e+00 1.600000000000000089e+00 3.840000000000000097e-04 1.378000000000000102e-03 9.999989999999999712e-01 -3.673600000000000199e-01 9.300779999999999603e-01 -1.139999999999999954e-03 -9.300789999999999891e-01 -3.673589999999999911e-01 8.630000000000000518e-04
2.700000000000000000e+01 6.300000000000000000e+01 5.400000000000000000e+01 0.000000000000000000e+00 1.600000000000000089e+00 3.770000000000000022e-04 -4.765000000000000138e-03 9.999890000000000168e-01 -3.713389999999999747e-01 9.284860000000000335e-01 4.564000000000000348e-03 -9.284970000000000168e-01 -3.713369999999999727e-01 -1.418999999999999906e-03
1.100000000000000000e+01 2.600000000000000000e+01 5.500000000000000000e+01 0.000000000000000000e+00 1.600000000000000089e+00 1.449999999999999900e-03 -1.248999999999999893e-03 -9.999980000000000535e-01 -4.309799999999999742e-02 -9.990700000000000136e-01 1.185000000000000072e-03 -9.990700000000000136e-01 4.309700000000000336e-02 -1.502999999999999996e-03
3.000000000000000000e+00 2.100000000000000000e+01 6.000000000000000000e+01 0.000000000000000000e+00 1.600000000000000089e+00 -1.000000000000000048e-04 2.400999999999999922e-03 9.999970000000000248e-01 -9.405800000000000272e-02 9.955640000000000045e-01 -2.399999999999999790e-03 -9.955669999999999797e-01 -9.405800000000000272e-02 1.259999999999999998e-04
8.000000000000000000e+00 2.100000000000000000e+01 6.000000000000000000e+01 0.000000000000000000e+00 1.600000000000000089e+00 -6.620000000000000450e-04 -2.206000000000000062e-03 9.999970000000000248e-01 -9.475799999999999501e-02 9.954979999999999940e-01 2.134000000000000046e-03 -9.955000000000000515e-01 -9.475699999999999401e-02 -8.679999999999999565e-04
1.300000000000000000e+01 2.100000000000000000e+01 6.000000000000000000e+01 0.000000000000000000e+00 1.600000000000000089e+00 -7.990000000000000140e-04 -1.417000000000000074e-03 9.999989999999999712e-01 -9.528100000000000458e-02 9.954499999999999460e-01 1.333999999999999899e-03 -9.954499999999999460e-01 -9.528000000000000358e-02 -9.309999999999999699e-04
1.800000000000000000e+01 2.100000000000000000e+01 6.000000000000000000e+01 0.000000000000000000e+00 1.600000000000000089e+00 -1.060000000000000016e-04 3.066000000000000149e-03 9.999949999999999672e-01 -9.566800000000000304e-02 9.954089999999999883e-01 -3.062000000000000052e-03 -9.954129999999999923e-01 -9.566700000000000204e-02 1.879999999999999890e-04
2.300000000000000000e+01 2.100000000000000000e+01 6.000000000000000000e+01 0.000000000000000000e+00 1.600000000000000089e+00 1.057999999999999913e-03 7.588000000000000127e-03 9.999710000000000543e-01 -9.464599999999999402e-02 9.954830000000000068e-01 -7.453999999999999689e-03 -9.955100000000000060e-01 -9.463499999999999690e-02 1.771999999999999921e-03
9.000000000000000000e+00 6.700000000000000000e+01 6.000000000000000000e+01 0.000000000000000000e+00 1.600000000000000089e+00 -6.899999999999999667e-04 -4.092000000000000151e-03 9.999909999999999632e-01 1.807709999999999873e-01 -9.835180000000000033e-01 -3.899999999999999821e-03 9.835249999999999826e-01 1.807660000000000100e-01 1.418999999999999906e-03
9.000000000000000000e+00 2.700000000000000000e+01 6.300000000000000000e+01 0.000000000000000000e+00 1.600000000000000089e+00 -1.516999999999999902e-03 -1.332999999999999984e-03 9.999980000000000535e-01 -2.790679999999999827e-01 9.602709999999999857e-01 8.559999999999999901e-04 -9.602699999999999569e-01 -2.790659999999999807e-01 -1.828999999999999897e-03
1.500000000000000000e+01 2.700000000000000000e+01 6.300000000000000000e+01 0.000000000000000000e+00 1.600000000000000089e+00 -3.899999999999999929e-05 2.099000000000000171e-03 9.999980000000000535e-01 -2.801020000000000176e-01 9.599680000000000435e-01 -2.026000000000000023e-03 -9.599699999999999900e-01 -2.801020000000000176e-01 5.500000000000000331e-04
2.500000000000000000e+01 2.700000000000000000e+01 6.300000000000000000e+01 0.000000000000000000e+00 1.600000000000000089e+00 -1.206000000000000041e-03 -2.412000000000000081e-03 9.999959999999999960e-01 -2.736469999999999736e-01 9.618280000000000163e-01 1.988999999999999883e-03 -9.618290000000000450e-01 -2.736439999999999984e-01 -1.820000000000000003e-03
7.000000000000000000e+00 4.400000000000000000e+01 6.300000000000000000e+01 0.000000000000000000e+00 1.600000000000000089e+00 -7.190000000000000210e-04 1.219000000000000031e-03 -9.999989999999999712e-01 -6.506779999999999786e-01 -7.593529999999999447e-01 -4.580000000000000195e-04 -7.593529999999999447e-01 6.506769999999999499e-01 1.338999999999999913e-03
1.200000000000000000e+01 4.400000000000000000e+01 6.300000000000000000e+01 0.000000000000000000e+00 1.600000000000000089e+00 3.089999999999999756e-04 1.238599999999999944e-02 -9.999230000000000063e-01 -6.599169999999999758e-01 -7.512790000000000301e-01 -9.509999999999999357e-03 -7.513389999999999791e-01 6.598690000000000389e-01 7.941999999999999407e-03
1.800000000000000000e+01 4.400000000000000000e+01 6.300000000000000000e+01 0.000000000000000000e+00 1.600000000000000089e+00 6.380000000000000037e-04 4.710999999999999910e-03 -9.999890000000000168e-01 -6.677269999999999595e-01 -7.443959999999999466e-01 -3.932999999999999864e-03 -7.444060000000000121e-01 6.677220000000000377e-01 2.670000000000000064e-03
2.200000000000000000e+01 4.400000000000000000e+01 6.300000000000000000e+01 0.000000000000000000e+00 1.600000000000000089e+00 9.128999999999999962e-03 2.210900000000000018e-02 -9.997139999999999915e-01 -6.748290000000000122e-01 -7.376319999999999544e-01 -2.247499999999999845e-02 -7.379179999999999628e-01 6.748410000000000242e-01 8.186000000000000568e-03
3.000000000000000000e+01 4.400000000000000000e+01 6.300000000000000000e+01 0.000000000000000000e+00 1.600000000000000089e+00 1.461400000000000025e-02 6.639999999999999852e-04 -9.998930000000000318e-01 -7.199940000000000229e-01 -6.938940000000000108e-01 -1.098400000000000071e-02 -6.938269999999999715e-01 7.200769999999999671e-01 -9.662999999999999715e-03
4.000000000000000000e+00 2.600000000000000000e+01 6.400000000000000000e+01 0.000000000000000000e+00 1.600000000000000089e+00 -9.669999999999999776e-04 -4.479000000000000342e-03 9.999900000000000455e-01 -3.675379999999999758e-01 9.300009999999999666e-01 3.810000000000000019e-03 -9.300079999999999458e-01 -3.675300000000000233e-01 -2.546000000000000086e-03
1.100000000000000000e+01 2.600000000000000000e+01 6.400000000000000000e+01 0.000000000000000000e+00 1.600000000000000089e+00 -2.269999999999999882e-03 -1.660999999999999933e-03 9.999959999999999960e-01 -3.720379999999999798e-01 9.282169999999999588e-01 6.980000000000000527e-04 -9.282150000000000123e-01 -3.720350000000000046e-01 -2.724999999999999992e-03
1.500000000000000000e+01 2.600000000000000000e+01 6.400000000000000000e+01 0.000000000000000000e+00 1.600000000000000089e+00 -8.890000000000000333e-04 3.210999999999999879e-03 9.999949999999999672e-01 -3.738609999999999989e-01 9.274790000000000534e-01 -3.311000000000000141e-03 -9.274839999999999751e-01 -3.738620000000000276e-01 3.759999999999999779e-04
1.900000000000000000e+01 2.600000000000000000e+01 6.400000000000000000e+01 0.000000000000000000e+00 1.600000000000000089e+00 1.250000000000000026e-03 5.648000000000000242e-03 9.999829999999999552e-01 -3.683949999999999725e-01 9.296569999999999556e-01 -4.789999999999999987e-03 -9.296689999999999676e-01 -3.683830000000000160e-01 3.242999999999999789e-03
2.500000000000000000e+01 2.600000000000000000e+01 6.400000000000000000e+01 0.000000000000000000e+00 1.600000000000000089e+00 -7.290000000000000473e-04 -1.861000000000000024e-03 9.999980000000000535e-01 -3.623790000000000067e-01 9.320300000000000251e-01 1.469999999999999953e-03 -9.320310000000000539e-01 -3.623770000000000047e-01 -1.353999999999999952e-03
2.600000000000000000e+01 4.300000000000000000e+01 7.300000000000000000e+01 0.000000000000000000e+00 1.600000000000000089e+00 -4.812600000000000211e-02 -1.103500000000000036e-01 9.927270000000000261e-01 5.190800000000000275e-02 -9.928120000000000278e-01 -1.078429999999999944e-01 9.974920000000000453e-01 4.633999999999999925e-02 5.350800000000000001e-02
6.000000000000000000e+00 4.400000000000000000e+01 7.300000000000000000e+01 0.000000000000000000e+00 1.600000000000000089e+00 8.469999999999999881e-04 3.968000000000000173e-03 9.999919999999999920e-01 5.813600000000000018e-02 -9.983009999999999939e-01 3.911999999999999679e-03 9.983079999999999732e-01 5.813299999999999718e-02 -1.075999999999999917e-03
9.000000000000000000e+00 4.400000000000000000e+01 7.300000000000000000e+01 0.000000000000000000e+00 1.600000000000000089e+00 1.185999999999999988e-03 4.257000000000000367e-03 9.999900000000000455e-01 5.974999999999999756e-02 -9.982050000000000090e-01 4.178000000000000290e-03 9.982130000000000170e-01 5.974399999999999850e-02 -1.438000000000000042e-03
1.600000000000000000e+01 4.400000000000000000e+01 7.300000000000000000e+01 0.000000000000000000e+00 1.600000000000000089e+00 -1.371999999999999956e-03 -3.985999999999999960e-03 9.999909999999999632e-01 5.625700000000000145e-02 -9.984089999999999909e-01 -3.902000000000000086e-03 9.984150000000000524e-01 5.625100000000000239e-02 1.593999999999999931e-03
2.300000000000000000e+01 4.400000000000000000e+01 7.300000000000000000e+01 0.000000000000000000e+00 1.600000000000000089e+00 -3.647899999999999754e-02 -1.114310000000000023e-01 9.931020000000000403e-01 2.170599999999999960e-02 -9.936180000000000012e-01 -1.106909999999999977e-01 9.990989999999999593e-01 1.751799999999999885e-02 3.866499999999999798e-02
1.000000000000000000e+00 2.500000000000000000e+01 7.400000000000000000e+01 0.000000000000000000e+00 1.600000000000000089e+00 -4.850000000000000253e-04 6.328000000000000291e-03 9.999799999999999800e-01 8.248809999999999754e-01 -5.652920000000000167e-01 3.976999999999999633e-03 5.653059999999999752e-01 8.248659999999999881e-01 -4.945999999999999876e-03
5.000000000000000000e+00 2.500000000000000000e+01 7.400000000000000000e+01 0.000000000000000000e+00 1.600000000000000089e+00 -8.790000000000000070e-04 -5.540000000000000219e-04 9.999989999999999712e-01 8.259990000000000387e-01 -5.636710000000000331e-01 4.139999999999999800e-04 5.636710000000000331e-01 8.259990000000000387e-01 9.529999999999999626e-04
1.000000000000000000e+01 2.500000000000000000e+01 7.400000000000000000e+01 0.000000000000000000e+00 1.600000000000000089e+00 -1.669999999999999935e-04 -4.769999999999999934e-04 1.000000000000000000e+00 8.242509999999999559e-01 -5.662239999999999496e-01 -1.330000000000000073e-04 5.662239999999999496e-01 8.242509999999999559e-01 4.879999999999999898e-04
1.400000000000000000e+01 2.500000000000000000e+01 7.400000000000000000e+01 0.000000000000000000e+00 1.600000000000000089e+00 2.798999999999999839e-03 -4.870000000000000197e-04 9.999959999999999960e-01 8.225139999999999674e-01 -5.687379999999999658e-01 -2.579000000000000129e-03 5.687370000000000481e-01 8.225179999999999714e-01 -1.191000000000000001e-03
1.800000000000000000e+01 2.500000000000000000e+01 7.400000000000000000e+01 0.000000000000000000e+00 1.600000000000000089e+00 5.000000000000000104e-04 2.799999999999999755e-04 1.000000000000000000e+00 8.232169999999999765e-01 -5.677269999999999817e-01 -2.530000000000000239e-04 5.677269999999999817e-01 8.232169999999999765e-01 -5.150000000000000498e-04
2.600000000000000000e+01 2.500000000000000000e+01 7.400000000000000000e+01 0.000000000000000000e+00 1.600000000000000089e+00 1.157999999999999958e-03 -4.690000000000000158e-04 9.999989999999999712e-01 8.281819999999999737e-01 -5.604580000000000117e-01 -1.221999999999999996e-03 5.604580000000000117e-01 8.281830000000000025e-01 -2.599999999999999772e-04
4.000000000000000000e+00 9.100000000000000000e+01 7.600000000000000000e+01 0.000000000000000000e+00 1.600000000000000089e+00 -1.699999999999999987e-05 -1.760000000000000063e-03 9.999980000000000535e-01 3.777190000000000270e-01 -9.259190000000000476e-01 -1.623000000000000094e-03 9.259199999999999653e-01 3.777179999999999982e-01 6.809999999999999647e-04
1.200000000000000000e+01 9.100000000000000000e+01 7.600000000000000000e+01 0.000000000000000000e+00 1.600000000000000089e+00 -3.040000000000000167e-04 3.980000000000000248e-04 1.000000000000000000e+00 3.933320000000000149e-01 -9.193959999999999910e-01 4.850000000000000253e-04 9.193970000000000198e-01 3.933320000000000149e-01 1.230000000000000082e-04
1.700000000000000000e+01 9.100000000000000000e+01 7.600000000000000000e+01 0.000000000000000000e+00 1.600000000000000089e+00 6.120000000000000223e-04 -5.339999999999999695e-04 1.000000000000000000e+00 3.988849999999999896e-01 -9.170009999999999550e-01 -7.339999999999999520e-04 9.170009999999999550e-01 3.988849999999999896e-01 -3.480000000000000020e-04
2.500000000000000000e+01 9.100000000000000000e+01 7.600000000000000000e+01 0.000000000000000000e+00 1.600000000000000089e+00 1.350000000000000071e-03 1.286999999999999950e-03 9.999980000000000535e-01 3.964849999999999763e-01 -9.180409999999999959e-01 6.459999999999999814e-04 9.180399999999999672e-01 3.964840000000000031e-01 -1.750000000000000036e-03
2.800000000000000000e+01 9.000000000000000000e+00 8.200000000000000000e+01 0.000000000000000000e+00 1.600000000000000089e+00 -1.121000000000000035e-03 6.669999999999999714e-03 -9.999770000000000048e-01 5.688250000000000250e-01 8.224439999999999529e-01 4.847999999999999879e-03 8.224580000000000224e-01 -5.688060000000000338e-01 -4.715999999999999706e-03
9.000000000000000000e+00 4.400000000000000000e+01 8.300000000000000000e+01 0.000000000000000000e+00 1.600000000000000089e+00 5.019999999999999506e-04 -3.337000000000000122e-03 9.999940000000000495e-01 5.727419999999999733e-01 -8.197299999999999587e-01 -3.023000000000000079e-03 8.197360000000000202e-01 5.727400000000000269e-01 1.500000000000000031e-03
1.400000000000000000e+01 4.400000000000000000e+01 8.300000000000000000e+01 0.000000000000000000e+00 1.600000000000000089e+00 -1.304000000000000038e-03 -3.519999999999999908e-04 9.999989999999999712e-01 5.699199999999999822e-01 -8.216999999999999860e-01 4.550000000000000008e-04 8.216989999999999572e-01 5.699199999999999822e-01 1.271999999999999910e-03
2.100000000000000000e+01 1.010000000000000000e+02 8.300000000000000000e+01 0.000000000000000000e+00 1.600000000000000089e+00 -8.120000000000000048e-04 -1.116999999999999937e-03 9.999989999999999712e-01 9.952499999999999680e-01 9.734800000000000397e-02 9.169999999999999549e-04 -9.734900000000000497e-02 9.952499999999999680e-01 1.033000000000000064e-03
7.000000000000000000e+00 4.800000000000000000e+01 8.400000000000000000e+01 0.000000000000000000e+00 1.600000000000000089e+00 -4.678999999999999999e-03 -3.073999999999999910e-03 -9.999839999999999840e-01 -9.467269999999999852e-01 -3.219920000000000004e-01 5.420000000000000338e-03 -3.220040000000000124e-01 9.467370000000000507e-01 -1.404000000000000083e-03
1.500000000000000000e+01 4.800000000000000000e+01 8.400000000000000000e+01 0.000000000000000000e+00 1.600000000000000089e+00 3.004000000000000160e-03 -5.209999999999999788e-04 -9.999949999999999672e-01 -9.476229999999999931e-01 -3.193790000000000240e-01 -2.680000000000000090e-03 -3.193759999999999932e-01 9.476269999999999971e-01 -1.453000000000000081e-03
1.000000000000000000e+00 1.500000000000000000e+01 8.600000000000000000e+01 0.000000000000000000e+00 1.600000000000000089e+00 7.829999999999999504e-04 1.234000000000000071e-03 -9.999989999999999712e-01 1.853329999999999977e-01 9.826749999999999652e-01 1.356999999999999916e-03 9.826749999999999652e-01 -1.853339999999999987e-01 5.400000000000000069e-04
