1.800000000000000000e+01 2.500000000000000000e+01 1.000000000000000000e+00 0.000000000000000000e+00 1.600000000000000089e+00 -5.438500000000000278e-02 -1.110599999999999955e-02 -9.984579999999999567e-01 -5.388870000000000049e-01 -8.414880000000000138e-01 3.871299999999999741e-02 -8.406200000000000339e-01 5.401620000000000310e-01 3.977900000000000186e-02
2.400000000000000000e+01 1.500000000000000000e+01 4.000000000000000000e+00 0.000000000000000000e+00 1.600000000000000089e+00 1.959999999999999937e-04 6.911999999999999741e-03 9.999759999999999760e-01 3.245049999999999879e-01 -9.458619999999999806e-01 6.473999999999999720e-03 9.458839999999999471e-01 3.244960000000000067e-01 -2.429000000000000169e-03
2.900000000000000000e+01 1.500000000000000000e+01 4.000000000000000000e+00 0.000000000000000000e+00 1.600000000000000089e+00 -4.211999999999999598e-03 -2.730000000000000222e-04 9.999909999999999632e-01 3.232070000000000221e-01 -9.463279999999999470e-01 1.103000000000000031e-03 9.463190000000000213e-01 3.232090000000000241e-01 4.074000000000000364e-03
6.000000000000000000e+00 1.600000000000000000e+01 4.000000000000000000e+00 0.000000000000000000e+00 1.600000000000000089e+00 -2.478999999999999867e-03 5.017999999999999891e-03 9.999839999999999840e-01 3.241720000000000157e-01 -9.459819999999999895e-01 5.551000000000000378e-03 9.459950000000000303e-01 3.241800000000000237e-01 7.179999999999999967e-04
1.000000000000000000e+01 1.600000000000000000e+01 4.000000000000000000e+00 0.000000000000000000e+00 1.600000000000000089e+00 2.397999999999999958e-03 6.346000000000000078e-03 9.999770000000000048e-01 3.248019999999999796e-01 -9.457680000000000531e-01 5.223000000000000212e-03 9.457790000000000363e-01 3.247820000000000151e-01 -4.329000000000000382e-03
1.500000000000000000e+01 1.600000000000000000e+01 4.000000000000000000e+00 0.000000000000000000e+00 1.600000000000000089e+00 3.370800000000000185e-02 -1.019420000000000048e-01 9.942189999999999639e-01 3.396339999999999915e-01 -9.344139999999999668e-01 -1.073250000000000037e-01 9.399530000000000385e-01 3.412890000000000090e-01 3.125999999999999873e-03
2.800000000000000000e+01 1.600000000000000000e+01 4.000000000000000000e+00 0.000000000000000000e+00 1.600000000000000089e+00 -3.615000000000000158e-03 -1.317000000000000028e-03 9.999930000000000208e-01 3.972789999999999933e-01 -9.176980000000000137e-01 2.280000000000000126e-04 9.176910000000000345e-01 3.972769999999999913e-01 3.840999999999999796e-03
1.200000000000000000e+01 1.010000000000000000e+02 7.000000000000000000e+00 0.000000000000000000e+00 1.600000000000000089e+00 2.824999999999999820e-03 1.237100000000000005e-02 9.999190000000000023e-01 8.902919999999999723e-01 4.553170000000000273e-01 -8.148999999999999994e-03 -4.553820000000000090e-01 8.902430000000000065e-01 -9.726999999999999535e-03
1.700000000000000000e+01 1.010000000000000000e+02 7.000000000000000000e+00 0.000000000000000000e+00 1.600000000000000089e+00 -9.699999999999999963e-05 4.066399999999999876e-02 9.991729999999999778e-01 8.876760000000000206e-01 4.600910000000000277e-01 -1.863899999999999932e-02 -4.604679999999999884e-01 8.869399999999999507e-01 -3.613999999999999851e-02
2.200000000000000000e+01 1.010000000000000000e+02 7.000000000000000000e+00 0.000000000000000000e+00 1.600000000000000089e+00 3.647000000000000068e-03 6.197000000000000251e-03 9.999740000000000295e-01 8.852539999999999853e-01 4.650679999999999814e-01 -6.111000000000000112e-03 -4.650940000000000074e-01 8.852529999999999566e-01 -3.789999999999999966e-03
2.800000000000000000e+01 1.010000000000000000e+02 7.000000000000000000e+00 0.000000000000000000e+00 1.600000000000000089e+00 1.907000000000000058e-03 3.449999999999999942e-03 9.999919999999999920e-01 8.858390000000000430e-01 4.639800000000000035e-01 -3.289999999999999956e-03 -4.639880000000000115e-01 8.858390000000000430e-01 -2.171000000000000187e-03
1.800000000000000000e+01 2.500000000000000000e+01 8.000000000000000000e+00 0.000000000000000000e+00 1.600000000000000089e+00 5.369399999999999867e-02 1.744860000000000022e-01 -9.831950000000000411e-01 4.555170000000000052e-01 8.719189999999999996e-01 1.796149999999999969e-01 8.886060000000000070e-01 -4.575060000000000238e-01 -3.266399999999999859e-02
2.300000000000000000e+01 2.500000000000000000e+01 8.000000000000000000e+00 0.000000000000000000e+00 1.600000000000000089e+00 1.984000000000000086e-03 4.657999999999999814e-03 -9.999869999999999592e-01 4.482630000000000225e-01 8.938880000000000159e-01 5.053000000000000200e-03 8.939000000000000279e-01 -4.482670000000000265e-01 -3.139999999999999888e-04
2.700000000000000000e+01 2.500000000000000000e+01 8.000000000000000000e+00 0.000000000000000000e+00 1.600000000000000089e+00 -7.919999999999999523e-04 -4.179000000000000423e-03 -9.999909999999999632e-01 4.481519999999999948e-01 8.939479999999999649e-01 -4.091000000000000018e-03 8.939570000000000016e-01 -4.481510000000000216e-01 1.164000000000000104e-03
4.000000000000000000e+00 2.600000000000000000e+01 8.000000000000000000e+00 0.000000000000000000e+00 1.600000000000000089e+00 -3.318999999999999902e-03 -1.457400000000000015e-02 -9.998879999999999990e-01 4.272850000000000259e-01 9.039989999999999970e-01 -1.459500000000000033e-02 9.041109999999999980e-01 -4.272850000000000259e-01 3.226999999999999834e-03
1.000000000000000000e+01 2.600000000000000000e+01 8.000000000000000000e+00 0.000000000000000000e+00 1.600000000000000089e+00 7.240000000000000342e-04 1.276000000000000007e-03 -9.999989999999999712e-01 4.289109999999999867e-01 9.033449999999999536e-01 1.463000000000000108e-03 9.033459999999999823e-01 -4.289120000000000155e-01 1.069999999999999988e-04
1.800000000000000000e+01 2.400000000000000000e+01 9.000000000000000000e+00 0.000000000000000000e+00 1.600000000000000089e+00 4.907799999999999663e-02 1.827219999999999955e-01 -9.819390000000000063e-01 4.607879999999999754e-01 8.681060000000000443e-01 1.845700000000000118e-01 8.861520000000000508e-01 -4.615239999999999898e-01 -4.159100000000000297e-02
2.700000000000000000e+01 2.400000000000000000e+01 9.000000000000000000e+00 0.000000000000000000e+00 1.600000000000000089e+00 -7.169999999999999724e-04 -5.114999999999999755e-03 -9.999869999999999592e-01 4.541990000000000194e-01 8.908869999999999845e-01 -4.882000000000000055e-03 8.909000000000000252e-01 -4.541959999999999886e-01 1.683999999999999950e-03
2.200000000000000000e+01 1.020000000000000000e+02 9.000000000000000000e+00 0.000000000000000000e+00 1.600000000000000089e+00 3.152999999999999987e-03 4.967000000000000061e-03 9.999829999999999552e-01 9.230009999999999604e-01 3.847670000000000257e-01 -4.820999999999999765e-03 -3.847840000000000149e-01 9.230009999999999604e-01 -3.370999999999999865e-03
1.500000000000000000e+01 4.000000000000000000e+00 1.100000000000000000e+01 0.000000000000000000e+00 1.600000000000000089e+00 -6.205399999999999805e-02 -6.637410000000000254e-01 -7.453840000000000465e-01 1.730820000000000136e-01 7.283509999999999707e-01 -6.629829999999999890e-01 9.829510000000000192e-01 -1.701529999999999987e-01 6.968499999999999694e-02
7.000000000000000000e+00 3.100000000000000000e+01 1.200000000000000000e+01 0.000000000000000000e+00 1.600000000000000089e+00 2.779999999999999811e-04 -2.099999999999999884e-05 1.000000000000000000e+00 1.726499999999999910e-02 9.998510000000000453e-01 1.599999999999999928e-05 -9.998510000000000453e-01 1.726499999999999910e-02 2.779999999999999811e-04
1.500000000000000000e+01 3.100000000000000000e+01 1.200000000000000000e+01 0.000000000000000000e+00 1.600000000000000089e+00 2.490000000000000026e-03 3.706000000000000093e-03 9.999900000000000455e-01 1.062800000000000029e-02 9.999369999999999647e-01 -3.732000000000000074e-03 -9.999400000000000510e-01 1.063700000000000062e-02 2.449999999999999921e-03
2.300000000000000000e+01 3.100000000000000000e+01 1.200000000000000000e+01 0.000000000000000000e+00 1.600000000000000089e+00 -9.340000000000000429e-04 8.520000000000000013e-04 9.999989999999999712e-01 -7.499999999999999722e-03 9.999719999999999720e-01 -8.589999999999999546e-04 -9.999710000000000543e-01 -7.500999999999999855e-03 -9.280000000000000054e-04
2.000000000000000000e+01 3.500000000000000000e+01 1.200000000000000000e+01 0.000000000000000000e+00 1.600000000000000089e+00 7.277999999999999747e-03 -2.641399999999999998e-02 -9.996249999999999858e-01 5.373559999999999448e-01 -8.429489999999999483e-01 2.618600000000000094e-02 -8.433239999999999625e-01 -5.373449999999999616e-01 8.057999999999999191e-03
2.700000000000000000e+01 3.500000000000000000e+01 1.200000000000000000e+01 0.000000000000000000e+00 1.600000000000000089e+00 -3.849999999999999798e-04 1.213000000000000102e-03 -9.999989999999999712e-01 5.108759999999999968e-01 -8.596540000000000292e-01 -1.239000000000000084e-03 -8.596540000000000292e-01 -5.108759999999999968e-01 -2.889999999999999774e-04
1.000000000000000000e+01 3.200000000000000000e+01 1.400000000000000000e+01 0.000000000000000000e+00 1.600000000000000089e+00 1.670999999999999959e-03 1.936999999999999920e-03 -9.999970000000000248e-01 1.270380000000000120e-01 9.918959999999999999e-01 2.134000000000000046e-03 9.918959999999999999e-01 -1.270409999999999873e-01 1.410999999999999928e-03
1.800000000000000000e+01 1.200000000000000000e+01 1.500000000000000000e+01 0.000000000000000000e+00 1.600000000000000089e+00 -4.142799999999999955e-02 -5.866500000000000187e-02 -9.974180000000000268e-01 -4.641739999999999755e-01 -8.828770000000000229e-01 7.120700000000000640e-02 -8.847749999999999782e-01 4.659249999999999781e-01 9.344999999999999141e-03
2.600000000000000000e+01 1.200000000000000000e+01 1.500000000000000000e+01 0.000000000000000000e+00 1.600000000000000089e+00 -2.329999999999999986e-04 6.255000000000000143e-03 -9.999799999999999800e-01 -4.694159999999999999e-01 -8.829609999999999959e-01 -5.414000000000000409e-03 -8.829770000000000119e-01 4.694050000000000167e-01 3.141999999999999828e-03
2.500000000000000000e+01 1.100000000000000000e+01 1.600000000000000000e+01 0.000000000000000000e+00 1.600000000000000089e+00 -5.899999999999999754e-05 4.457000000000000024e-03 -9.999900000000000455e-01 -4.121540000000000203e-01 -9.111050000000000537e-01 -4.035999999999999657e-03 -9.111139999999999795e-01 4.121500000000000163e-01 1.891000000000000103e-03
1.000000000000000000e+00 1.160000000000000000e+02 1.600000000000000000e+01 0.000000000000000000e+00 1.600000000000000089e+00 1.195000000000000099e-03 -1.121999999999999950e-03 9.999989999999999712e-01 6.581820000000000448e-01 7.528589999999999449e-01 5.800000000000000034e-05 -7.528580000000000272e-01 6.581810000000000160e-01 1.637999999999999916e-03
4.000000000000000000e+00 1.160000000000000000e+02 1.600000000000000000e+01 0.000000000000000000e+00 1.600000000000000089e+00 1.134999999999999941e-03 9.460000000000000093e-04 9.999989999999999712e-01 6.754759999999999653e-01 7.373809999999999532e-01 -1.464000000000000024e-03 -7.373809999999999532e-01 6.754769999999999941e-01 1.979999999999999881e-04
1.200000000000000000e+01 1.160000000000000000e+02 1.600000000000000000e+01 0.000000000000000000e+00 1.600000000000000089e+00 5.369999999999999774e-03 6.231999999999999693e-03 9.999660000000000215e-01 6.857410000000000450e-01 7.277989999999999737e-01 -8.219000000000000611e-03 -7.278259999999999730e-01 6.857619999999999827e-01 -3.660000000000000059e-04
1.500000000000000000e+01 1.160000000000000000e+02 1.600000000000000000e+01 0.000000000000000000e+00 1.600000000000000089e+00 1.553500000000000020e-02 2.568399999999999850e-02 9.995490000000000208e-01 7.016250000000000542e-01 7.119480000000000253e-01 -2.919899999999999926e-02 -7.123770000000000380e-01 7.017619999999999969e-01 -6.961000000000000174e-03
2.100000000000000000e+01 1.160000000000000000e+02 1.600000000000000000e+01 0.000000000000000000e+00 1.600000000000000089e+00 2.786999999999999981e-03 4.320000000000000055e-03 9.999869999999999592e-01 7.565100000000000158e-01 6.539639999999999898e-01 -4.932999999999999885e-03 -6.539760000000000018e-01 7.565140000000000198e-01 -1.445000000000000104e-03
2.600000000000000000e+01 1.160000000000000000e+02 1.600000000000000000e+01 0.000000000000000000e+00 1.600000000000000089e+00 -7.140000000000000079e-04 -1.828999999999999897e-03 9.999980000000000535e-01 7.561390000000000056e-01 6.544090000000000185e-01 1.737000000000000046e-03 -6.544109999999999649e-01 7.561390000000000056e-01 9.160000000000000390e-04
3.000000000000000000e+00 2.000000000000000000e+00 1.900000000000000000e+01 0.000000000000000000e+00 1.600000000000000089e+00 2.494999999999999822e-03 -2.229000000000000078e-03 -9.999940000000000495e-01 1.606180000000000108e-01 -9.870130000000000292e-01 2.601000000000000013e-03 -9.870130000000000292e-01 -1.606239999999999890e-01 -2.103999999999999967e-03
8.000000000000000000e+00 2.000000000000000000e+00 1.900000000000000000e+01 0.000000000000000000e+00 1.600000000000000089e+00 -7.129999999999999836e-04 -8.784000000000000141e-03 -9.999609999999999888e-01 1.622180000000000011e-01 -9.867179999999999840e-01 8.552000000000000574e-03 -9.867550000000000487e-01 -1.622049999999999881e-01 2.128999999999999816e-03
1.500000000000000000e+01 2.000000000000000000e+00 1.900000000000000000e+01 0.000000000000000000e+00 1.600000000000000089e+00 -1.354999999999999954e-02 3.486800000000000316e-02 -9.992999999999999661e-01 1.820460000000000134e-01 -9.826030000000000042e-01 -3.675400000000000195e-02 -9.831969999999999876e-01 -1.824159999999999948e-01 6.967000000000000103e-03
2.400000000000000000e+01 2.000000000000000000e+00 1.900000000000000000e+01 0.000000000000000000e+00 1.600000000000000089e+00 -5.259999999999999919e-04 1.595099999999999990e-02 -9.998730000000000118e-01 2.582030000000000158e-01 -9.659659999999999913e-01 -1.554600000000000079e-02 -9.660910000000000331e-01 -2.581780000000000186e-01 -3.609999999999999928e-03
2.700000000000000000e+01 2.000000000000000000e+00 1.900000000000000000e+01 0.000000000000000000e+00 1.600000000000000089e+00 3.936000000000000262e-03 1.641000000000000097e-02 -9.998580000000000245e-01 2.539390000000000258e-01 -9.671060000000000212e-01 -1.487300000000000080e-02 -9.672119999999999607e-01 -2.538449999999999873e-01 -7.974000000000000185e-03
3.000000000000000000e+01 4.000000000000000000e+00 2.000000000000000000e+01 0.000000000000000000e+00 1.600000000000000089e+00 2.148000000000000170e-03 -1.799999999999999951e-03 -9.999959999999999960e-01 4.542370000000000019e-01 -8.908770000000000300e-01 2.579000000000000129e-03 -8.908779999999999477e-01 -4.542410000000000059e-01 -1.095999999999999969e-03
2.000000000000000000e+00 1.300000000000000000e+01 2.000000000000000000e+01 0.000000000000000000e+00 1.600000000000000089e+00 1.425000000000000051e-03 -6.865999999999999708e-03 9.999749999999999472e-01 2.613579999999999792e-01 9.652220000000000244e-01 6.255000000000000143e-03 -9.652410000000000156e-01 2.613429999999999920e-01 3.170000000000000075e-03
7.000000000000000000e+00 1.300000000000000000e+01 2.000000000000000000e+01 0.000000000000000000e+00 1.600000000000000089e+00 9.669999999999999776e-04 8.069999999999999916e-04 9.999989999999999712e-01 2.621249999999999969e-01 9.650330000000000297e-01 -1.031999999999999931e-03 -9.650339999999999474e-01 2.621249999999999969e-01 7.209999999999999612e-04
1.100000000000000000e+01 1.300000000000000000e+01 2.000000000000000000e+01 0.000000000000000000e+00 1.600000000000000089e+00 1.129999999999999928e-03 1.087399999999999999e-02 9.999400000000000510e-01 2.614699999999999802e-01 9.651509999999999811e-01 -1.079100000000000024e-02 -9.652110000000000412e-01 2.614670000000000050e-01 -1.752000000000000085e-03
1.800000000000000000e+01 1.300000000000000000e+01 2.000000000000000000e+01 0.000000000000000000e+00 1.600000000000000089e+00 3.899999999999999821e-03 5.888899999999999690e-02 9.982569999999999499e-01 2.602260000000000129e-01 9.638120000000000021e-01 -5.787400000000000183e-02 -9.655399999999999539e-01 2.599980000000000069e-01 -1.156599999999999989e-02
2.400000000000000000e+01 1.300000000000000000e+01 2.000000000000000000e+01 0.000000000000000000e+00 1.600000000000000089e+00 5.619999999999999996e-04 2.017999999999999829e-03 9.999980000000000535e-01 2.574799999999999867e-01 9.662809999999999455e-01 -2.093999999999999941e-03 -9.662840000000000318e-01 2.574810000000000154e-01 2.400000000000000061e-05
2.900000000000000000e+01 1.300000000000000000e+01 2.000000000000000000e+01 0.000000000000000000e+00 1.600000000000000089e+00 7.500000000000000156e-04 8.727999999999999647e-03 9.999620000000000175e-01 2.568480000000000207e-01 9.664129999999999665e-01 -8.628000000000000252e-03 -9.664519999999999778e-01 2.568440000000000167e-01 -1.516999999999999902e-03
4.000000000000000000e+00 1.600000000000000000e+01 2.100000000000000000e+01 0.000000000000000000e+00 1.600000000000000089e+00 8.480000000000000124e-04 -2.467000000000000009e-03 9.999970000000000248e-01 2.973390000000000200e-01 9.547700000000000076e-01 2.103999999999999967e-03 -9.547719999999999541e-01 2.973359999999999892e-01 1.543000000000000101e-03
8.000000000000000000e+00 1.600000000000000000e+01 2.100000000000000000e+01 0.000000000000000000e+00 1.600000000000000089e+00 2.069999999999999900e-04 2.015999999999999997e-03 9.999980000000000535e-01 2.956230000000000246e-01 9.553030000000000133e-01 -1.987000000000000051e-03 -9.553049999999999597e-01 2.956230000000000246e-01 -3.980000000000000248e-04
1.100000000000000000e+01 1.600000000000000000e+01 2.100000000000000000e+01 0.000000000000000000e+00 1.600000000000000089e+00 1.137999999999999906e-03 1.013099999999999938e-02 9.999479999999999480e-01 2.948620000000000130e-01 9.554869999999999752e-01 -1.001600000000000060e-02 -9.555390000000000272e-01 2.948580000000000090e-01 -1.899999999999999996e-03
1.800000000000000000e+01 1.600000000000000000e+01 2.100000000000000000e+01 0.000000000000000000e+00 1.600000000000000089e+00 6.801999999999999887e-03 6.342299999999999327e-02 9.979630000000000445e-01 2.979419999999999846e-01 9.525310000000000166e-01 -6.256699999999999762e-02 -9.545599999999999641e-01 2.977609999999999979e-01 -1.241699999999999922e-02
2.300000000000000000e+01 1.600000000000000000e+01 2.100000000000000000e+01 0.000000000000000000e+00 1.600000000000000089e+00 3.660000000000000059e-04 3.763999999999999985e-03 9.999930000000000208e-01 2.997819999999999929e-01 9.540009999999999879e-01 -3.700999999999999863e-03 -9.540079999999999671e-01 2.997810000000000197e-01 -7.789999999999999616e-04
2.400000000000000000e+01 3.000000000000000000e+00 2.500000000000000000e+01 0.000000000000000000e+00 1.600000000000000089e+00 1.100000000000000039e-04 4.671999999999999938e-03 9.999890000000000168e-01 -3.107800000000000146e-02 -9.995060000000000056e-01 4.673000000000000070e-03 9.995169999999999888e-01 -3.107800000000000146e-02 3.499999999999999693e-05
8.000000000000000000e+00 4.600000000000000000e+01 2.700000000000000000e+01 0.000000000000000000e+00 1.600000000000000089e+00 1.157000000000000042e-03 1.626000000000000058e-03 -9.999980000000000535e-01 6.885740000000000194e-01 7.251630000000000020e-01 1.975999999999999892e-03 7.251649999999999485e-01 -6.885750000000000481e-01 -2.809999999999999998e-04
5.000000000000000000e+00 5.800000000000000000e+01 3.100000000000000000e+01 0.000000000000000000e+00 1.600000000000000089e+00 -1.301000000000000073e-03 -4.000000000000000192e-04 9.999989999999999712e-01 -7.968690000000000495e-01 -6.041509999999999936e-01 -1.278000000000000056e-03 6.041509999999999936e-01 -7.968699999999999672e-01 4.679999999999999915e-04
1.000000000000000000e+01 5.800000000000000000e+01 3.100000000000000000e+01 0.000000000000000000e+00 1.600000000000000089e+00 9.150000000000000147e-04 -1.502999999999999996e-03 9.999980000000000535e-01 -7.980570000000000164e-01 -6.025819999999999510e-01 -1.749999999999999982e-04 6.025810000000000333e-01 -7.980549999999999589e-01 -1.750999999999999952e-03
1.500000000000000000e+01 5.800000000000000000e+01 3.100000000000000000e+01 0.000000000000000000e+00 1.600000000000000089e+00 2.007099999999999856e-02 3.830900000000000277e-02 9.990639999999999521e-01 -7.895799999999999486e-01 -6.123859999999999859e-01 3.934399999999999703e-02 6.133199999999999763e-01 -7.896300000000000541e-01 1.795700000000000074e-02
2.100000000000000000e+01 5.800000000000000000e+01 3.100000000000000000e+01 0.000000000000000000e+00 1.600000000000000089e+00 2.961999999999999789e-03 9.223000000000000295e-03 9.999529999999999808e-01 -7.707079999999999487e-01 -6.371369999999999534e-01 8.160000000000000586e-03 6.371820000000000261e-01 -7.706960000000000477e-01 5.220999999999999946e-03
2.600000000000000000e+01 5.800000000000000000e+01 3.100000000000000000e+01 0.000000000000000000e+00 1.600000000000000089e+00 -3.661000000000000192e-03 -1.165000000000000020e-03 9.999930000000000208e-01 -7.684210000000000207e-01 -6.399340000000000028e-01 -3.557999999999999965e-03 6.399340000000000028e-01 -7.684290000000000287e-01 1.448000000000000068e-03
2.000000000000000000e+00 4.600000000000000000e+01 3.500000000000000000e+01 0.000000000000000000e+00 1.600000000000000089e+00 -5.580000000000000107e-04 -6.467999999999999791e-03 -9.999789999999999512e-01 3.891839999999999744e-01 -9.211420000000000163e-01 5.740999999999999576e-03 -9.211599999999999788e-01 -3.891720000000000179e-01 3.030999999999999840e-03
6.000000000000000000e+00 4.600000000000000000e+01 3.500000000000000000e+01 0.000000000000000000e+00 1.600000000000000089e+00 1.000000000000000048e-04 -4.620000000000000083e-04 -1.000000000000000000e+00 3.892559999999999909e-01 -9.211289999999999756e-01 4.640000000000000027e-04 -9.211300000000000043e-01 -3.892559999999999909e-01 8.799999999999999771e-05
1.500000000000000000e+01 4.600000000000000000e+01 3.500000000000000000e+01 0.000000000000000000e+00 1.600000000000000089e+00 -8.890000000000000333e-04 2.607599999999999849e-02 -9.996599999999999930e-01 3.899659999999999793e-01 -9.205069999999999641e-01 -2.435899999999999871e-02 -9.208290000000000086e-01 -3.898550000000000071e-01 -9.350999999999999937e-03
2.000000000000000000e+01 4.600000000000000000e+01 3.500000000000000000e+01 0.000000000000000000e+00 1.600000000000000089e+00 -8.009999999999999542e-04 1.406400000000000011e-02 -9.999010000000000398e-01 3.948940000000000228e-01 -9.186309999999999754e-01 -1.323700000000000050e-02 -9.187269999999999603e-01 -3.948650000000000215e-01 -4.818000000000000234e-03
2.300000000000000000e+01 4.600000000000000000e+01 3.500000000000000000e+01 0.000000000000000000e+00 1.600000000000000089e+00 -7.389999999999999651e-04 1.067000000000000023e-03 -9.999989999999999712e-01 3.948240000000000083e-01 -9.187560000000000171e-01 -1.271999999999999910e-03 -9.187560000000000171e-01 -3.948249999999999815e-01 2.570000000000000127e-04
2.700000000000000000e+01 4.600000000000000000e+01 3.500000000000000000e+01 0.000000000000000000e+00 1.600000000000000089e+00 -4.440000000000000045e-04 -1.534999999999999906e-03 -9.999989999999999712e-01 3.921629999999999838e-01 -9.198950000000000182e-01 1.237000000000000035e-03 -9.198950000000000182e-01 -3.921620000000000106e-01 1.010999999999999963e-03
3.000000000000000000e+00 9.500000000000000000e+01 3.600000000000000000e+01 0.000000000000000000e+00 1.600000000000000089e+00 -1.226000000000000093e-03 9.079999999999999530e-03 9.999580000000000135e-01 9.969829999999999526e-01 7.761400000000000243e-02 5.180000000000000143e-04 -7.760599999999999443e-02 9.969419999999999948e-01 -9.147999999999999882e-03
6.000000000000000000e+00 9.500000000000000000e+01 3.600000000000000000e+01 0.000000000000000000e+00 1.600000000000000089e+00 1.800000000000000046e-05 6.962000000000000306e-03 9.999759999999999760e-01 9.968360000000000554e-01 7.948299999999999810e-02 -5.710000000000000015e-04 -7.948500000000000010e-02 9.968120000000000314e-01 -6.937999999999999723e-03
2.100000000000000000e+01 9.500000000000000000e+01 3.600000000000000000e+01 0.000000000000000000e+00 1.600000000000000089e+00 6.667000000000000183e-03 5.559299999999999659e-02 9.984309999999999574e-01 9.971130000000000271e-01 7.514999999999999458e-02 -1.084199999999999921e-02 -7.563499999999999390e-02 9.956209999999999782e-01 -5.493200000000000166e-02
2.800000000000000000e+01 9.500000000000000000e+01 3.600000000000000000e+01 0.000000000000000000e+00 1.600000000000000089e+00 -0.000000000000000000e+00 -1.384499999999999967e-02 9.999040000000000150e-01 9.972649999999999570e-01 7.390599999999999947e-02 1.023999999999999954e-03 -7.391300000000000647e-02 9.971689999999999721e-01 1.380699999999999983e-02
1.800000000000000000e+01 3.000000000000000000e+00 4.300000000000000000e+01 0.000000000000000000e+00 1.600000000000000089e+00 3.157100000000000184e-02 1.759189999999999920e-01 -9.838980000000000503e-01 7.315450000000000008e-01 -6.748309999999999587e-01 -9.718400000000000649e-02 -6.810610000000000275e-01 -7.166979999999999462e-01 -1.499979999999999924e-01
6.000000000000000000e+00 2.900000000000000000e+01 4.400000000000000000e+01 0.000000000000000000e+00 1.600000000000000089e+00 -1.732000000000000033e-03 3.379999999999999758e-04 -9.999980000000000535e-01 6.554950000000000498e-01 7.551989999999999537e-01 -8.800000000000000313e-04 7.551970000000000072e-01 -6.554959999999999676e-01 -1.529999999999999893e-03
1.200000000000000000e+01 2.900000000000000000e+01 4.400000000000000000e+01 0.000000000000000000e+00 1.600000000000000089e+00 2.439999999999999949e-04 4.508999999999999987e-03 -9.999900000000000455e-01 6.544889999999999874e-01 7.560630000000000406e-01 3.569000000000000124e-03 7.560719999999999663e-01 -6.544830000000000370e-01 -2.766999999999999928e-03
1.800000000000000000e+01 2.900000000000000000e+01 4.400000000000000000e+01 0.000000000000000000e+00 1.600000000000000089e+00 1.546499999999999958e-02 2.557900000000000104e-02 -9.995530000000000248e-01 6.495419999999999527e-01 7.597540000000000404e-01 2.949200000000000085e-02 7.601689999999999836e-01 -6.497079999999999522e-01 -4.865000000000000401e-03
2.400000000000000000e+01 2.900000000000000000e+01 4.400000000000000000e+01 0.000000000000000000e+00 1.600000000000000089e+00 2.337000000000000102e-03 1.984999999999999785e-03 -9.999949999999999672e-01 6.502930000000000099e-01 7.596770000000000467e-01 3.027999999999999876e-03 7.596800000000000219e-01 -6.502970000000000139e-01 4.840000000000000010e-04
2.600000000000000000e+01 2.900000000000000000e+01 4.400000000000000000e+01 0.000000000000000000e+00 1.600000000000000089e+00 1.523000000000000048e-03 3.060000000000000111e-04 -9.999989999999999712e-01 6.496089999999999920e-01 7.602670000000000261e-01 1.221999999999999996e-03 7.602670000000000261e-01 -6.496110000000000495e-01 9.590000000000000000e-04
2.500000000000000000e+01 6.500000000000000000e+01 4.600000000000000000e+01 0.000000000000000000e+00 1.600000000000000089e+00 -1.720000000000000066e-04 -5.400000000000000069e-04 1.000000000000000000e+00 6.813129999999999464e-01 -7.319919999999999760e-01 -2.779999999999999811e-04 7.319919999999999760e-01 6.813129999999999464e-01 4.929999999999999487e-04
2.100000000000000000e+01 5.000000000000000000e+00 5.100000000000000000e+01 0.000000000000000000e+00 1.600000000000000089e+00 2.920999999999999985e-03 1.607499999999999901e-02 -9.998669999999999503e-01 4.833649999999999891e-01 -8.753279999999999950e-01 -1.265999999999999938e-02 -8.754140000000000255e-01 -4.832629999999999981e-01 -1.032699999999999937e-02
3.000000000000000000e+00 7.000000000000000000e+00 5.200000000000000000e+01 0.000000000000000000e+00 1.600000000000000089e+00 5.324999999999999872e-03 -2.812999999999999962e-03 -9.999820000000000375e-01 8.634500000000000508e-02 -9.962600000000000344e-01 3.262000000000000142e-03 -9.962509999999999977e-01 -8.636099999999999333e-02 -5.062999999999999792e-03
6.000000000000000000e+00 6.300000000000000000e+01 5.400000000000000000e+01 0.000000000000000000e+00 1.600000000000000089e+00 6.199999999999999999e-04 3.930000000000000333e-03 9.999919999999999920e-01 -3.566329999999999778e-01 9.342380000000000129e-01 -3.451000000000000074e-03 -9.342449999999999921e-01 -3.566280000000000006e-01 1.981000000000000122e-03
9.000000000000000000e+00 6.300000000000000000e+01 5.400000000000000000e+01 0.000000000000000000e+00 1.600000000000000089e+00 -5.559999999999999621e-04 2.693000000000000081e-03 9.999959999999999960e-01 -3.553669999999999884e-01 9.347229999999999706e-01 -2.714999999999999965e-03 -9.347269999999999746e-01 -3.553680000000000172e-01 4.380000000000000213e-04
1.100000000000000000e+01 6.300000000000000000e+01 5.400000000000000000e+01 0.000000000000000000e+00 1.600000000000000089e+00 3.499999999999999693e-05 3.109999999999999917e-03 9.999949999999999672e-01 -3.548839999999999772e-01 9.349060000000000148e-01 -2.896000000000000137e-03 -9.349100000000000188e-01 -3.548819999999999752e-01 1.136000000000000074e-03
1.800000000000000000e+01 6.300000000000000000e+01 5.400000000000000000e+01 0.000000000000000000e+00 1.600000000000000089e+00 4.819999999999999632e-03 2.526199999999999973e-02 9.996690000000000298e-01 -3.510079999999999867e-01 9.361150000000000304e-01 -2.196400000000000088e-02 -9.363599999999999701e-01 -3.507859999999999867e-01 1.337900000000000027e-02
2.200000000000000000e+01 6.300000000000000000e+01 5.400000000000000000e+01 0.000000000000000000e+00 1.600000000000000089e+00 6.080000000000000335e-04 9.200000000000000007e-05 1.000000000000000000e+00 -3.475730000000000208e-01 9.376529999999999587e-01 1.250000000000000026e-04 -9.376529999999999587e-01 -3.475730000000000208e-01 6.019999999999999961e-04
2.800000000000000000e+01 6.300000000000000000e+01 5.400000000000000000e+01 0.000000000000000000e+00 1.600000000000000089e+00 -7.429999999999999539e-04 4.278999999999999818e-03 9.999909999999999632e-01 -3.442620000000000124e-01 9.388640000000000319e-01 -4.272999999999999889e-03 -9.388729999999999576e-01 -3.442620000000000124e-01 7.749999999999999728e-04
5.000000000000000000e+00 2.500000000000000000e+01 5.500000000000000000e+01 0.000000000000000000e+00 1.600000000000000089e+00 1.879999999999999944e-03 3.379999999999999758e-04 -9.999980000000000535e-01 -1.230200000000000043e-02 -9.999240000000000350e-01 -3.609999999999999928e-04 -9.999230000000000063e-01 1.230200000000000043e-02 -1.876000000000000063e-03
1.000000000000000000e+01 2.500000000000000000e+01 5.500000000000000000e+01 0.000000000000000000e+00 1.600000000000000089e+00 -3.370000000000000057e-04 -2.500000000000000120e-05 -1.000000000000000000e+00 -1.221399999999999916e-02 -9.999249999999999527e-01 3.000000000000000076e-05 -9.999249999999999527e-01 1.221399999999999916e-02 3.359999999999999814e-04
1.600000000000000000e+01 2.500000000000000000e+01 5.500000000000000000e+01 0.000000000000000000e+00 1.600000000000000089e+00 9.849999999999999815e-04 8.725999999999999382e-03 -9.999609999999999888e-01 -1.247000000000000018e-02 -9.998839999999999950e-01 -8.736999999999999975e-03 -9.999219999999999775e-01 1.247799999999999951e-02 -8.760000000000000425e-04
1.900000000000000000e+01 2.500000000000000000e+01 5.500000000000000000e+01 0.000000000000000000e+00 1.600000000000000089e+00 2.125999999999999852e-03 6.205999999999999711e-03 -9.999780000000000335e-01 -1.290999999999999960e-02 -9.998970000000000358e-01 -6.232999999999999825e-03 -9.999139999999999695e-01 1.292300000000000046e-02 -2.044999999999999943e-03
2.600000000000000000e+01 2.500000000000000000e+01 5.500000000000000000e+01 0.000000000000000000e+00 1.600000000000000089e+00 -5.619999999999999996e-04 -1.999999999999999909e-06 -1.000000000000000000e+00 -1.170099999999999960e-02 -9.999320000000000430e-01 7.999999999999999638e-06 -9.999310000000000143e-01 1.170099999999999960e-02 5.619999999999999996e-04
1.900000000000000000e+01 2.100000000000000000e+01 6.000000000000000000e+01 0.000000000000000000e+00 1.600000000000000089e+00 -3.011999999999999920e-03 3.575600000000000306e-02 9.993560000000000221e-01 -9.366700000000000026e-02 9.949569999999999803e-01 -3.588100000000000317e-02 -9.955990000000000117e-01 -9.371500000000000663e-02 3.530000000000000152e-04
2.800000000000000000e+01 2.100000000000000000e+01 6.000000000000000000e+01 0.000000000000000000e+00 1.600000000000000089e+00 4.640000000000000027e-04 -9.705999999999999350e-03 9.999529999999999808e-01 -9.409399999999999709e-02 9.955159999999999565e-01 9.707000000000000350e-03 -9.955629999999999757e-01 -9.409399999999999709e-02 -4.510000000000000120e-04
2.100000000000000000e+01 3.000000000000000000e+00 6.300000000000000000e+01 0.000000000000000000e+00 1.600000000000000089e+00 9.439999999999999607e-04 2.377500000000000099e-02 9.997169999999999668e-01 -6.175530000000000186e-01 7.863210000000000477e-01 -1.811700000000000116e-02 -7.865290000000000337e-01 -6.173610000000000486e-01 1.542499999999999948e-02
2.500000000000000000e+01 3.000000000000000000e+00 6.300000000000000000e+01 0.000000000000000000e+00 1.600000000000000089e+00 1.033000000000000064e-03 4.677999999999999867e-03 9.999890000000000168e-01 -6.150060000000000526e-01 7.885170000000000234e-01 -3.053000000000000158e-03 -7.885219999999999452e-01 -6.149959999999999871e-01 3.691999999999999969e-03
5.000000000000000000e+00 2.700000000000000000e+01 6.300000000000000000e+01 0.000000000000000000e+00 1.600000000000000089e+00 2.111000000000000029e-03 -5.609999999999999752e-04 9.999980000000000535e-01 -2.875829999999999775e-01 9.577550000000000230e-01 1.144000000000000052e-03 -9.577529999999999655e-01 -2.875840000000000063e-01 1.860000000000000108e-03
9.000000000000000000e+00 2.700000000000000000e+01 6.300000000000000000e+01 0.000000000000000000e+00 1.600000000000000089e+00 -5.910000000000000539e-04 5.930999999999999640e-03 9.999820000000000375e-01 -2.908129999999999882e-01 9.567620000000000013e-01 -5.845999999999999634e-03 -9.567799999999999638e-01 -2.908109999999999862e-01 1.160000000000000007e-03
1.400000000000000000e+01 2.700000000000000000e+01 6.300000000000000000e+01 0.000000000000000000e+00 1.600000000000000089e+00 -3.148000000000000190e-03 2.619700000000000153e-02 9.996519999999999850e-01 -2.862330000000000152e-01 9.578069999999999640e-01 -2.600200000000000081e-02 -9.581549999999999789e-01 -2.862149999999999972e-01 4.483000000000000006e-03
2.000000000000000000e+01 2.700000000000000000e+01 6.300000000000000000e+01 0.000000000000000000e+00 1.600000000000000089e+00 -1.637999999999999916e-03 1.368300000000000072e-02 9.999050000000000438e-01 -2.801679999999999726e-01 9.598550000000000137e-01 -1.359400000000000018e-02 -9.599499999999999700e-01 -2.801640000000000241e-01 2.260999999999999989e-03
2.400000000000000000e+01 2.700000000000000000e+01 6.300000000000000000e+01 0.000000000000000000e+00 1.600000000000000089e+00 2.481000000000000132e-03 2.647000000000000047e-03 9.999930000000000208e-01 -2.775279999999999969e-01 9.607160000000000144e-01 -1.855000000000000095e-03 -9.607139999999999569e-01 -2.775219999999999909e-01 3.118000000000000112e-03
2.900000000000000000e+01 2.700000000000000000e+01 6.300000000000000000e+01 0.000000000000000000e+00 1.600000000000000089e+00 1.869999999999999917e-04 4.618999999999999842e-03 9.999890000000000168e-01 -2.738419999999999743e-01 9.617649999999999810e-01 -4.392000000000000071e-03 -9.617750000000000465e-01 -2.738380000000000258e-01 1.445000000000000104e-03
5.000000000000000000e+00 2.600000000000000000e+01 6.400000000000000000e+01 0.000000000000000000e+00 1.600000000000000089e+00 4.121999999999999796e-03 1.734000000000000081e-03 9.999900000000000455e-01 -3.707030000000000047e-01 9.287520000000000220e-01 -8.200000000000000095e-05 -9.287419999999999565e-01 -3.706990000000000007e-01 4.471000000000000148e-03
9.000000000000000000e+00 2.600000000000000000e+01 6.400000000000000000e+01 0.000000000000000000e+00 1.600000000000000089e+00 -9.129999999999999661e-04 8.441000000000000586e-03 9.999639999999999640e-01 -3.719259999999999788e-01 9.282270000000000243e-01 -8.174999999999999975e-03 -9.282620000000000315e-01 -3.719199999999999728e-01 2.292999999999999899e-03
1.300000000000000000e+01 2.600000000000000000e+01 6.400000000000000000e+01 0.000000000000000000e+00 1.600000000000000089e+00 -5.392000000000000091e-03 2.335900000000000129e-02 9.997129999999999628e-01 -3.685919999999999752e-01 9.292890000000000317e-01 -2.370200000000000085e-02 -9.295759999999999579e-01 -3.686139999999999972e-01 3.599999999999999901e-03
2.500000000000000000e+01 2.600000000000000000e+01 6.400000000000000000e+01 0.000000000000000000e+00 1.600000000000000089e+00 2.536000000000000060e-03 5.113999999999999622e-03 9.999839999999999840e-01 -3.657529999999999948e-01 9.307039999999999758e-01 -3.833000000000000036e-03 -9.307090000000000085e-01 -3.657369999999999788e-01 4.231000000000000386e-03
2.900000000000000000e+01 2.600000000000000000e+01 6.400000000000000000e+01 0.000000000000000000e+00 1.600000000000000089e+00 2.010000000000000068e-04 3.943999999999999589e-03 9.999919999999999920e-01 -3.617239999999999900e-01 9.322780000000000511e-01 -3.603999999999999999e-03 -9.322850000000000303e-01 -3.617199999999999860e-01 1.613999999999999983e-03
2.300000000000000000e+01 6.900000000000000000e+01 6.600000000000000000e+01 0.000000000000000000e+00 1.600000000000000089e+00 1.036000000000000029e-03 3.959999999999999978e-03 9.999919999999999920e-01 -9.517210000000000392e-01 3.069640000000000146e-01 -2.300000000000000070e-04 -3.069620000000000126e-01 -9.517130000000000312e-01 4.087000000000000355e-03
2.800000000000000000e+01 6.900000000000000000e+01 6.600000000000000000e+01 0.000000000000000000e+00 1.600000000000000089e+00 2.828999999999999918e-03 4.919999999999999894e-03 9.999839999999999840e-01 -9.509710000000000107e-01 3.092779999999999974e-01 1.168999999999999900e-03 -3.092679999999999874e-01 -9.509589999999999987e-01 5.553999999999999909e-03
3.000000000000000000e+01 6.900000000000000000e+01 6.600000000000000000e+01 0.000000000000000000e+00 1.600000000000000089e+00 -4.119999999999999856e-04 5.394000000000000357e-03 9.999850000000000128e-01 -9.509170000000000122e-01 3.094379999999999908e-01 -2.060999999999999898e-03 -3.094450000000000256e-01 -9.509039999999999715e-01 5.002000000000000370e-03
1.200000000000000000e+01 2.500000000000000000e+01 7.300000000000000000e+01 0.000000000000000000e+00 1.600000000000000089e+00 6.749999999999999924e-03 6.891000000000000424e-03 9.999540000000000095e-01 7.571670000000000345e-01 -6.532210000000000516e-01 -6.089999999999999494e-04 6.531860000000000444e-01 7.571360000000000312e-01 -9.627000000000000141e-03
1.800000000000000000e+01 2.500000000000000000e+01 7.300000000000000000e+01 0.000000000000000000e+00 1.600000000000000089e+00 1.155600000000000030e-02 1.028399999999999974e-02 9.998799999999999910e-01 7.484790000000000054e-01 -6.631559999999999677e-01 -1.828999999999999897e-03 6.630580000000000362e-01 7.484100000000000197e-01 -1.536099999999999965e-02
2.500000000000000000e+01 2.500000000000000000e+01 7.300000000000000000e+01 0.000000000000000000e+00 1.600000000000000089e+00 -2.614000000000000004e-03 -5.249999999999999676e-04 9.999959999999999960e-01 7.452929999999999833e-01 -6.667349999999999666e-01 1.598000000000000028e-03 6.667319999999999913e-01 7.452950000000000408e-01 2.134000000000000046e-03
6.000000000000000000e+00 4.400000000000000000e+01 7.300000000000000000e+01 0.000000000000000000e+00 1.600000000000000089e+00 7.919999999999999523e-04 2.608000000000000075e-03 9.999959999999999960e-01 5.515400000000000164e-02 -9.984750000000000014e-01 2.560000000000000209e-03 9.984779999999999767e-01 5.515199999999999964e-02 -9.349999999999999587e-04
1.000000000000000000e+01 4.400000000000000000e+01 7.300000000000000000e+01 0.000000000000000000e+00 1.600000000000000089e+00 -2.351999999999999924e-03 -7.399999999999999894e-04 9.999970000000000248e-01 5.357499999999999762e-02 -9.985640000000000072e-01 -6.130000000000000466e-04 9.985610000000000319e-01 5.357300000000000256e-02 2.387999999999999932e-03
