4.000000000000000000e+00 2.500000000000000000e+01 1.000000000000000000e+00 0.000000000000000000e+00 1.600000000000000089e+00 -1.179999999999999951e-04 5.903000000000000261e-03 -9.999829999999999552e-01 -5.261660000000000226e-01 -8.503669999999999840e-01 -4.956999999999999601e-03 -8.503819999999999713e-01 5.261559999999999571e-01 3.207000000000000215e-03
1.500000000000000000e+01 2.500000000000000000e+01 1.000000000000000000e+00 0.000000000000000000e+00 1.600000000000000089e+00 -3.321000000000000167e-03 -5.910999999999999588e-03 -9.999770000000000048e-01 -5.233020000000000449e-01 -8.521210000000000173e-01 6.773999999999999640e-03 -8.521410000000000373e-01 5.233119999999999994e-01 -2.629999999999999959e-04
2.200000000000000000e+01 2.500000000000000000e+01 1.000000000000000000e+00 0.000000000000000000e+00 1.600000000000000089e+00 -1.479999999999999925e-04 -3.246999999999999886e-03 -9.999949999999999672e-01 -5.225070000000000547e-01 -8.526299999999999990e-01 2.846000000000000005e-03 -8.526350000000000318e-01 5.225049999999999972e-01 -1.570999999999999914e-03
6.000000000000000000e+00 1.500000000000000000e+01 4.000000000000000000e+00 0.000000000000000000e+00 1.600000000000000089e+00 -3.339999999999999870e-04 -5.565999999999999767e-03 9.999850000000000128e-01 3.116249999999999853e-01 -9.501910000000000078e-01 -5.185000000000000372e-03 9.502049999999999663e-01 3.116189999999999793e-01 2.052000000000000005e-03
1.300000000000000000e+01 1.500000000000000000e+01 4.000000000000000000e+00 0.000000000000000000e+00 1.600000000000000089e+00 3.105000000000000121e-03 -4.028999999999999596e-03 9.999869999999999592e-01 3.137360000000000149e-01 -9.494979999999999531e-01 -4.799999999999999580e-03 9.495050000000000434e-01 3.137469999999999981e-01 -1.683999999999999950e-03
1.800000000000000000e+01 1.500000000000000000e+01 4.000000000000000000e+00 0.000000000000000000e+00 1.600000000000000089e+00 -1.884999999999999957e-03 -7.526999999999999837e-03 9.999700000000000255e-01 3.103960000000000052e-01 -9.505850000000000133e-01 -6.570000000000000319e-03 9.506050000000000333e-01 3.103739999999999832e-01 4.127999999999999725e-03
2.400000000000000000e+01 1.500000000000000000e+01 4.000000000000000000e+00 0.000000000000000000e+00 1.600000000000000089e+00 6.359999999999999551e-04 1.771999999999999921e-03 9.999980000000000535e-01 3.072759999999999936e-01 -9.516189999999999927e-01 1.490999999999999921e-03 9.516200000000000214e-01 3.072750000000000203e-01 -1.149999999999999981e-03
2.800000000000000000e+01 1.500000000000000000e+01 4.000000000000000000e+00 0.000000000000000000e+00 1.600000000000000089e+00 1.897999999999999948e-03 2.920999999999999985e-03 9.999940000000000495e-01 3.109609999999999874e-01 -9.504200000000000426e-01 2.186000000000000009e-03 9.504209999999999603e-01 3.109549999999999814e-01 -2.713000000000000134e-03
2.000000000000000000e+00 1.600000000000000000e+01 4.000000000000000000e+00 0.000000000000000000e+00 1.600000000000000089e+00 -2.412000000000000081e-03 -7.299999999999999632e-04 9.999970000000000248e-01 3.857530000000000125e-01 -9.226020000000000332e-01 2.570000000000000127e-04 9.225989999999999469e-01 3.857519999999999838e-01 2.507000000000000114e-03
4.000000000000000000e+00 1.010000000000000000e+02 7.000000000000000000e+00 0.000000000000000000e+00 1.600000000000000089e+00 -8.170999999999999444e-03 1.966499999999999845e-02 9.997730000000000228e-01 8.774469999999999770e-01 4.796679999999999833e-01 -2.263999999999999953e-03 -4.796039999999999748e-01 8.772299999999999542e-01 -2.117399999999999838e-02
1.100000000000000000e+01 1.010000000000000000e+02 7.000000000000000000e+00 0.000000000000000000e+00 1.600000000000000089e+00 3.570999999999999956e-03 -1.849999999999999973e-04 9.999940000000000495e-01 8.762940000000000174e-01 4.817670000000000008e-01 -3.040000000000000167e-03 -4.817640000000000255e-01 8.762990000000000501e-01 1.881999999999999992e-03
2.000000000000000000e+00 2.500000000000000000e+01 8.000000000000000000e+00 0.000000000000000000e+00 1.600000000000000089e+00 3.570000000000000040e-04 1.085900000000000060e-02 -9.999409999999999688e-01 4.489440000000000097e-01 8.935049999999999937e-01 9.863999999999999505e-03 8.935600000000000209e-01 -4.489210000000000145e-01 -4.556000000000000154e-03
5.000000000000000000e+00 2.500000000000000000e+01 8.000000000000000000e+00 0.000000000000000000e+00 1.600000000000000089e+00 8.319999999999999488e-04 7.097000000000000010e-03 -9.999740000000000295e-01 4.486559999999999993e-01 8.936800000000000299e-01 6.715999999999999748e-03 8.937040000000000539e-01 -4.486499999999999932e-01 -2.441000000000000027e-03
1.500000000000000000e+01 2.500000000000000000e+01 8.000000000000000000e+00 0.000000000000000000e+00 1.600000000000000089e+00 2.170000000000000054e-03 1.477799999999999947e-02 -9.998879999999999990e-01 4.486689999999999845e-01 8.935849999999999627e-01 1.417999999999999990e-02 8.936950000000000172e-01 -4.486499999999999932e-01 -4.690999999999999857e-03
2.300000000000000000e+01 2.500000000000000000e+01 8.000000000000000000e+00 0.000000000000000000e+00 1.600000000000000089e+00 7.889999999999999878e-04 4.818000000000000234e-03 -9.999879999999999880e-01 4.444640000000000257e-01 8.957850000000000534e-01 4.667000000000000141e-03 8.957969999999999544e-01 -4.444620000000000237e-01 -1.435000000000000078e-03
2.800000000000000000e+01 2.500000000000000000e+01 8.000000000000000000e+00 0.000000000000000000e+00 1.600000000000000089e+00 1.474000000000000050e-03 -1.998999999999999909e-03 -9.999970000000000248e-01 4.451010000000000244e-01 8.954800000000000537e-01 -1.134000000000000025e-03 8.954790000000000250e-01 -4.450979999999999936e-01 2.210000000000000159e-03
5.000000000000000000e+00 2.400000000000000000e+01 9.000000000000000000e+00 0.000000000000000000e+00 1.600000000000000089e+00 5.400000000000000069e-04 7.865999999999999728e-03 -9.999689999999999968e-01 4.511479999999999935e-01 8.924189999999999623e-01 7.263999999999999624e-03 8.924490000000000478e-01 -4.511379999999999835e-01 -3.066999999999999848e-03
9.000000000000000000e+00 2.400000000000000000e+01 9.000000000000000000e+00 0.000000000000000000e+00 1.600000000000000089e+00 2.135000000000000179e-03 -1.029999999999999964e-04 -9.999980000000000535e-01 4.518519999999999759e-01 8.920919999999999961e-01 8.729999999999999696e-04 8.920900000000000496e-01 -4.518530000000000046e-01 1.951000000000000043e-03
1.500000000000000000e+01 2.400000000000000000e+01 9.000000000000000000e+00 0.000000000000000000e+00 1.600000000000000089e+00 2.193000000000000071e-03 1.303999999999999951e-02 -9.999130000000000518e-01 4.518139999999999934e-01 8.920230000000000103e-01 1.262399999999999980e-02 8.921099999999999586e-01 -4.518019999999999814e-01 -3.935000000000000130e-03
2.300000000000000000e+01 2.400000000000000000e+01 9.000000000000000000e+00 0.000000000000000000e+00 1.600000000000000089e+00 5.419999999999999471e-04 5.341000000000000261e-03 -9.999860000000000415e-01 4.467050000000000187e-01 8.946669999999999900e-01 5.021000000000000289e-03 8.946809999999999485e-01 -4.467010000000000147e-01 -1.900999999999999912e-03
2.800000000000000000e+01 2.400000000000000000e+01 9.000000000000000000e+00 0.000000000000000000e+00 1.600000000000000089e+00 1.160000000000000007e-03 -5.739999999999999660e-04 -9.999989999999999712e-01 4.469429999999999792e-01 8.945629999999999971e-01 5.000000000000000409e-06 8.945619999999999683e-01 -4.469420000000000059e-01 1.294000000000000011e-03
1.100000000000000000e+01 3.100000000000000000e+01 1.200000000000000000e+01 0.000000000000000000e+00 1.600000000000000089e+00 6.099999999999999872e-05 -1.703000000000000087e-03 9.999989999999999712e-01 -1.197400000000000027e-02 9.999270000000000103e-01 1.703000000000000087e-03 -9.999280000000000390e-01 -1.197400000000000027e-02 4.100000000000000047e-05
1.600000000000000000e+01 3.100000000000000000e+01 1.200000000000000000e+01 0.000000000000000000e+00 1.600000000000000089e+00 1.923999999999999929e-03 8.623999999999999722e-03 9.999609999999999888e-01 -1.140500000000000021e-02 9.998979999999999535e-01 -8.602000000000000271e-03 -9.999329999999999607e-01 -1.138800000000000055e-02 2.021999999999999926e-03
2.100000000000000000e+01 3.100000000000000000e+01 1.200000000000000000e+01 0.000000000000000000e+00 1.600000000000000089e+00 3.527999999999999886e-03 6.745000000000000127e-03 9.999710000000000543e-01 -6.039000000000000097e-03 9.999590000000000423e-01 -6.722999999999999809e-03 -9.999759999999999760e-01 -6.015000000000000381e-03 3.569000000000000124e-03
2.300000000000000000e+01 1.160000000000000000e+02 1.600000000000000000e+01 0.000000000000000000e+00 1.600000000000000089e+00 1.095000000000000053e-03 2.546000000000000086e-03 9.999959999999999960e-01 6.880690000000000417e-01 7.256399999999999517e-01 -2.601000000000000013e-03 -7.256439999999999557e-01 6.880690000000000417e-01 -9.569999999999999514e-04
3.000000000000000000e+00 2.000000000000000000e+00 1.900000000000000000e+01 0.000000000000000000e+00 1.600000000000000089e+00 -9.309999999999999699e-04 5.959999999999999586e-04 -9.999989999999999712e-01 1.773609999999999909e-01 -9.841459999999999653e-01 -7.510000000000000399e-04 -9.841450000000000475e-01 -1.773619999999999919e-01 8.109999999999999805e-04
1.000000000000000000e+01 2.000000000000000000e+00 1.900000000000000000e+01 0.000000000000000000e+00 1.600000000000000089e+00 -4.126999999999999592e-03 -4.942000000000000212e-03 -9.999789999999999512e-01 1.801470000000000016e-01 -9.836310000000000331e-01 4.118000000000000133e-03 -9.836310000000000331e-01 -1.801260000000000083e-01 4.950000000000000407e-03
1.700000000000000000e+01 2.000000000000000000e+00 1.900000000000000000e+01 0.000000000000000000e+00 1.600000000000000089e+00 -5.700000000000000314e-05 3.531999999999999983e-03 -9.999940000000000495e-01 1.808960000000000012e-01 -9.834960000000000369e-01 -3.484999999999999817e-03 -9.835019999999999873e-01 -1.808950000000000002e-01 -5.829999999999999679e-04
2.500000000000000000e+01 2.000000000000000000e+00 1.900000000000000000e+01 0.000000000000000000e+00 1.600000000000000089e+00 2.667999999999999799e-03 -2.446999999999999956e-03 -9.999930000000000208e-01 1.809689999999999910e-01 -9.834850000000000536e-01 2.890000000000000208e-03 -9.834850000000000536e-01 -1.809759999999999980e-01 -2.181000000000000213e-03
3.000000000000000000e+01 2.000000000000000000e+00 1.900000000000000000e+01 0.000000000000000000e+00 1.600000000000000089e+00 1.497999999999999983e-03 -7.196000000000000139e-03 -9.999730000000000008e-01 1.832229999999999970e-01 -9.830440000000000289e-01 7.348999999999999630e-03 -9.830699999999999994e-01 -1.832290000000000030e-01 -1.540000000000000028e-04
2.000000000000000000e+00 1.300000000000000000e+01 2.000000000000000000e+01 0.000000000000000000e+00 1.600000000000000089e+00 9.399999999999999719e-04 -2.050000000000000173e-03 9.999970000000000248e-01 2.513009999999999966e-01 9.679069999999999618e-01 1.748999999999999904e-03 -9.679079999999999906e-01 2.512989999999999946e-01 1.425000000000000051e-03
7.000000000000000000e+00 1.300000000000000000e+01 2.000000000000000000e+01 0.000000000000000000e+00 1.600000000000000089e+00 -5.280000000000000405e-04 2.000000000000000042e-03 9.999980000000000535e-01 2.502289999999999792e-01 9.681849999999999623e-01 -1.804999999999999964e-03 -9.681870000000000198e-01 2.502269999999999772e-01 -1.012000000000000096e-03
1.100000000000000000e+01 1.300000000000000000e+01 2.000000000000000000e+01 0.000000000000000000e+00 1.600000000000000089e+00 -6.176000000000000066e-03 -1.093200000000000074e-02 9.999209999999999487e-01 2.501970000000000027e-01 9.681189999999999518e-01 1.213000000000000016e-02 -9.681750000000000078e-01 2.502519999999999745e-01 -3.243999999999999922e-03
1.700000000000000000e+01 1.300000000000000000e+01 2.000000000000000000e+01 0.000000000000000000e+00 1.600000000000000089e+00 5.099999999999999960e-05 2.866000000000000058e-03 9.999959999999999960e-01 2.537099999999999911e-01 9.672760000000000247e-01 -2.785999999999999848e-03 -9.672800000000000287e-01 2.537090000000000178e-01 -6.780000000000000002e-04
6.000000000000000000e+00 1.600000000000000000e+01 2.100000000000000000e+01 0.000000000000000000e+00 1.600000000000000089e+00 4.699999999999999724e-05 7.060000000000000303e-04 1.000000000000000000e+00 2.963970000000000216e-01 9.550650000000000528e-01 -6.880000000000000265e-04 -9.550650000000000528e-01 2.963970000000000216e-01 -1.640000000000000019e-04
1.100000000000000000e+01 1.600000000000000000e+01 2.100000000000000000e+01 0.000000000000000000e+00 1.600000000000000089e+00 -6.602000000000000229e-03 -1.034999999999999983e-02 9.999249999999999527e-01 2.973979999999999957e-01 9.546799999999999731e-01 1.184499999999999963e-02 -9.547309999999999963e-01 2.974539999999999962e-01 -3.225000000000000002e-03
1.600000000000000000e+01 1.600000000000000000e+01 2.100000000000000000e+01 0.000000000000000000e+00 1.600000000000000089e+00 -4.490000000000000176e-04 -2.519999999999999996e-04 1.000000000000000000e+00 2.993660000000000210e-01 9.541380000000000416e-01 3.750000000000000078e-04 -9.541380000000000416e-01 2.993660000000000210e-01 -3.530000000000000152e-04
2.200000000000000000e+01 1.600000000000000000e+01 2.100000000000000000e+01 0.000000000000000000e+00 1.600000000000000089e+00 5.818000000000000255e-03 1.177600000000000001e-02 9.999139999999999695e-01 2.991409999999999902e-01 9.541209999999999969e-01 -1.297700000000000069e-02 -9.541910000000000114e-01 2.991909999999999847e-01 2.027999999999999855e-03
2.600000000000000000e+01 1.600000000000000000e+01 2.100000000000000000e+01 0.000000000000000000e+00 1.600000000000000089e+00 5.546999999999999847e-03 1.281900000000000053e-02 9.999019999999999575e-01 2.971320000000000072e-01 9.547350000000000003e-01 -1.388799999999999930e-02 -9.548200000000000021e-01 2.971799999999999997e-01 1.487000000000000040e-03
1.300000000000000000e+01 3.000000000000000000e+00 2.500000000000000000e+01 0.000000000000000000e+00 1.600000000000000089e+00 8.812999999999999653e-03 -5.932999999999999906e-03 9.999440000000000550e-01 -3.450500000000000095e-02 -9.993889999999999718e-01 -5.624999999999999792e-03 9.993659999999999766e-01 -3.445299999999999752e-02 -9.011999999999999178e-03
3.000000000000000000e+00 4.600000000000000000e+01 2.700000000000000000e+01 0.000000000000000000e+00 1.600000000000000089e+00 1.275000000000000092e-03 -1.946999999999999946e-03 -9.999970000000000248e-01 6.738410000000000233e-01 7.388759999999999772e-01 -5.800000000000000034e-04 7.388749999999999485e-01 -6.738389999999999658e-01 2.253999999999999927e-03
1.500000000000000000e+01 4.600000000000000000e+01 3.000000000000000000e+01 0.000000000000000000e+00 1.600000000000000089e+00 8.599999999999999789e-04 3.310000000000000225e-04 -1.000000000000000000e+00 3.319949999999999846e-01 9.432810000000000361e-01 5.980000000000000072e-04 9.432810000000000361e-01 -3.319960000000000133e-01 7.010000000000000172e-04
2.000000000000000000e+01 4.600000000000000000e+01 3.000000000000000000e+01 0.000000000000000000e+00 1.600000000000000089e+00 -5.670000000000000127e-04 3.612000000000000193e-03 -9.999930000000000208e-01 3.341060000000000141e-01 9.425299999999999789e-01 3.214999999999999976e-03 9.425350000000000117e-01 -3.341020000000000101e-01 -1.740999999999999926e-03
8.000000000000000000e+00 4.600000000000000000e+01 3.500000000000000000e+01 0.000000000000000000e+00 1.600000000000000089e+00 4.100000000000000047e-05 3.046000000000000096e-03 -9.999949999999999672e-01 3.905210000000000070e-01 -9.205900000000000194e-01 -2.788000000000000114e-03 -9.205940000000000234e-01 -3.905190000000000050e-01 -1.227000000000000009e-03
1.200000000000000000e+01 4.600000000000000000e+01 3.500000000000000000e+01 0.000000000000000000e+00 1.600000000000000089e+00 -2.356000000000000021e-03 1.544999999999999932e-03 -9.999959999999999960e-01 3.894750000000000156e-01 -9.210340000000000193e-01 -2.340000000000000066e-03 -9.210340000000000193e-01 -3.894790000000000196e-01 1.569000000000000082e-03
2.200000000000000000e+01 4.600000000000000000e+01 3.500000000000000000e+01 0.000000000000000000e+00 1.600000000000000089e+00 2.037000000000000182e-03 -2.393000000000000162e-03 -9.999949999999999672e-01 3.887630000000000252e-01 -9.213329999999999576e-01 2.997000000000000098e-03 -9.213360000000000438e-01 -3.887669999999999737e-01 -9.470000000000000336e-04
2.500000000000000000e+01 4.600000000000000000e+01 3.500000000000000000e+01 0.000000000000000000e+00 1.600000000000000089e+00 8.940000000000000464e-04 -3.330000000000000061e-03 -9.999940000000000495e-01 3.890469999999999762e-01 -9.212120000000000308e-01 3.415000000000000067e-03 -9.212179999999999813e-01 -3.890480000000000049e-01 4.719999999999999803e-04
2.800000000000000000e+01 4.600000000000000000e+01 3.500000000000000000e+01 0.000000000000000000e+00 1.600000000000000089e+00 7.249999999999999500e-04 -4.637999999999999762e-03 -9.999890000000000168e-01 3.884059999999999735e-01 -9.214769999999999905e-01 4.556000000000000154e-03 -9.214879999999999738e-01 -3.884050000000000002e-01 1.132999999999999893e-03
2.000000000000000000e+00 9.500000000000000000e+01 3.600000000000000000e+01 0.000000000000000000e+00 1.600000000000000089e+00 -3.578900000000000137e-02 -3.515299999999999675e-02 9.987409999999999899e-01 9.975060000000000038e-01 5.958600000000000008e-02 3.784200000000000064e-02 -6.084099999999999925e-02 9.976040000000000463e-01 3.293299999999999700e-02
1.200000000000000000e+01 9.500000000000000000e+01 3.600000000000000000e+01 0.000000000000000000e+00 1.600000000000000089e+00 1.662800000000000042e-02 1.568500000000000102e-02 9.997390000000000443e-01 9.981809999999999850e-01 5.769699999999999829e-02 -1.750799999999999926e-02 -5.795700000000000157e-02 9.982109999999999594e-01 -1.469699999999999999e-02
2.000000000000000000e+01 9.500000000000000000e+01 3.600000000000000000e+01 0.000000000000000000e+00 1.600000000000000089e+00 1.734799999999999884e-02 4.068299999999999694e-02 9.990210000000000479e-01 9.966369999999999951e-01 7.932300000000000462e-02 -2.053699999999999970e-02 -8.008099999999999941e-02 9.960179999999999589e-01 -3.917000000000000343e-02
2.000000000000000000e+00 2.600000000000000000e+01 3.900000000000000000e+01 0.000000000000000000e+00 1.600000000000000089e+00 8.325000000000000802e-03 -2.163370000000000015e-01 -9.762830000000000119e-01 -7.444250000000000034e-01 -6.532050000000000356e-01 1.383979999999999932e-01 -6.676539999999999697e-01 7.256179999999999852e-01 -1.664849999999999941e-01
3.000000000000000000e+00 2.500000000000000000e+01 4.000000000000000000e+01 0.000000000000000000e+00 1.600000000000000089e+00 7.663999999999999806e-03 -2.160249999999999948e-01 -9.763579999999999481e-01 -7.385450000000000070e-01 -6.594830000000000414e-01 1.401179999999999926e-01 -6.741610000000000102e-01 7.200100000000000389e-01 -1.645989999999999953e-01
2.900000000000000000e+01 2.900000000000000000e+01 4.400000000000000000e+01 0.000000000000000000e+00 1.600000000000000089e+00 -3.576999999999999885e-03 -1.500399999999999998e-02 -9.998810000000000198e-01 6.906710000000000349e-01 7.230459999999999665e-01 -1.332099999999999951e-02 7.231600000000000250e-01 -6.906369999999999454e-01 7.777000000000000059e-03
3.000000000000000000e+00 6.500000000000000000e+01 4.600000000000000000e+01 0.000000000000000000e+00 1.600000000000000089e+00 1.737000000000000046e-03 3.539999999999999853e-04 9.999980000000000535e-01 6.793369999999999687e-01 -7.338259999999999783e-01 -9.200000000000000278e-04 7.338249999999999496e-01 6.793369999999999687e-01 -1.515000000000000071e-03
9.000000000000000000e+00 6.500000000000000000e+01 4.600000000000000000e+01 0.000000000000000000e+00 1.600000000000000089e+00 3.678999999999999979e-03 -1.209999999999999921e-03 9.999919999999999920e-01 6.798250000000000126e-01 -7.333669999999999911e-01 -3.387999999999999953e-03 7.333650000000000446e-01 6.798319999999999919e-01 -1.876000000000000063e-03
2.200000000000000000e+01 2.600000000000000000e+01 4.800000000000000000e+01 0.000000000000000000e+00 1.600000000000000089e+00 -2.962999999999999922e-03 -8.606300000000000061e-02 -9.962849999999999762e-01 -8.409300000000000108e-02 9.927820000000000533e-01 -8.551100000000000367e-02 9.964530000000000332e-01 8.352800000000000502e-02 -1.017900000000000055e-02
2.700000000000000000e+01 2.900000000000000000e+01 4.800000000000000000e+01 0.000000000000000000e+00 1.600000000000000089e+00 -8.142999999999999197e-03 -8.873300000000000631e-02 9.960219999999999629e-01 3.782920000000000171e-01 9.217560000000000198e-01 8.520999999999999408e-02 -9.256510000000000016e-01 3.774810000000000110e-01 2.606199999999999836e-02
2.800000000000000000e+01 1.150000000000000000e+02 5.100000000000000000e+01 0.000000000000000000e+00 1.600000000000000089e+00 1.775000000000000102e-03 1.451799999999999966e-02 9.998930000000000318e-01 8.457590000000000385e-01 -5.335280000000000022e-01 6.244999999999999683e-03 5.335609999999999520e-01 8.456580000000000208e-01 -1.322599999999999991e-02
7.000000000000000000e+00 7.000000000000000000e+00 5.200000000000000000e+01 0.000000000000000000e+00 1.600000000000000089e+00 -3.507000000000000135e-03 -6.099999999999999737e-04 -9.999940000000000495e-01 8.312600000000000544e-02 -9.965389999999999526e-01 3.159999999999999832e-04 -9.965330000000000021e-01 -8.312400000000000344e-02 3.546000000000000107e-03
1.000000000000000000e+01 7.000000000000000000e+00 5.200000000000000000e+01 0.000000000000000000e+00 1.600000000000000089e+00 2.481999999999999831e-03 6.139999999999999625e-03 -9.999780000000000335e-01 8.252700000000000313e-02 -9.965709999999999846e-01 -5.915000000000000119e-03 -9.965859999999999719e-01 -8.251000000000000001e-02 -2.980000000000000010e-03
4.000000000000000000e+00 5.800000000000000000e+01 5.200000000000000000e+01 0.000000000000000000e+00 1.600000000000000089e+00 -7.990000000000000140e-04 -2.302999999999999926e-03 9.999970000000000248e-01 -6.250790000000000513e-01 7.805609999999999493e-01 1.297999999999999892e-03 -7.805609999999999493e-01 -6.250759999999999650e-01 -2.063000000000000164e-03
2.700000000000000000e+01 3.800000000000000000e+01 5.400000000000000000e+01 0.000000000000000000e+00 1.600000000000000089e+00 -9.979499999999999482e-02 -2.811520000000000130e-01 9.544599999999999751e-01 5.991649999999999476e-01 7.488529999999999909e-01 2.832330000000000125e-01 -7.943820000000000325e-01 6.001440000000000108e-01 9.372500000000000275e-02
4.000000000000000000e+00 6.300000000000000000e+01 5.400000000000000000e+01 0.000000000000000000e+00 1.600000000000000089e+00 -3.321999999999999866e-03 -5.621000000000000128e-03 9.999789999999999512e-01 -3.749170000000000003e-01 9.270500000000000407e-01 3.965999999999999907e-03 -9.270530000000000159e-01 -3.748949999999999783e-01 -5.186999999999999771e-03
7.000000000000000000e+00 6.300000000000000000e+01 5.400000000000000000e+01 0.000000000000000000e+00 1.600000000000000089e+00 -1.255000000000000039e-03 2.351999999999999924e-03 9.999970000000000248e-01 -3.670470000000000121e-01 9.301989999999999981e-01 -2.648999999999999879e-03 -9.302019999999999733e-01 -3.670490000000000141e-01 -3.049999999999999868e-04
1.200000000000000000e+01 6.300000000000000000e+01 5.400000000000000000e+01 0.000000000000000000e+00 1.600000000000000089e+00 7.899999999999999579e-05 3.158000000000000217e-03 9.999949999999999672e-01 -3.642520000000000202e-01 9.312960000000000127e-01 -2.912000000000000092e-03 -9.313000000000000167e-01 -3.642500000000000182e-01 1.224000000000000045e-03
1.800000000000000000e+01 6.300000000000000000e+01 5.400000000000000000e+01 0.000000000000000000e+00 1.600000000000000089e+00 -8.469999999999999881e-04 1.023999999999999954e-03 9.999989999999999712e-01 -3.633979999999999988e-01 9.316330000000000444e-01 -1.262000000000000101e-03 -9.316330000000000444e-01 -3.633990000000000276e-01 -4.169999999999999987e-04
2.100000000000000000e+01 6.300000000000000000e+01 5.400000000000000000e+01 0.000000000000000000e+00 1.600000000000000089e+00 3.840000000000000097e-04 1.379000000000000017e-03 9.999989999999999712e-01 -3.673600000000000199e-01 9.300779999999999603e-01 -1.142000000000000003e-03 -9.300789999999999891e-01 -3.673589999999999911e-01 8.639999999999999677e-04
2.600000000000000000e+01 6.300000000000000000e+01 5.400000000000000000e+01 0.000000000000000000e+00 1.600000000000000089e+00 4.209999999999999875e-04 -4.255000000000000102e-03 9.999909999999999632e-01 -3.707340000000000080e-01 9.287300000000000555e-01 4.107999999999999673e-03 -9.287389999999999812e-01 -3.707320000000000060e-01 -1.185999999999999988e-03
1.000000000000000000e+01 2.600000000000000000e+01 5.500000000000000000e+01 0.000000000000000000e+00 1.600000000000000089e+00 1.449999999999999900e-03 -1.248999999999999893e-03 -9.999980000000000535e-01 -4.309799999999999742e-02 -9.990700000000000136e-01 1.185000000000000072e-03 -9.990700000000000136e-01 4.309700000000000336e-02 -1.502999999999999996e-03
2.000000000000000000e+00 2.100000000000000000e+01 6.000000000000000000e+01 0.000000000000000000e+00 1.600000000000000089e+00 1.199999999999999895e-03 3.699999999999999811e-05 9.999989999999999712e-01 -9.450000000000000067e-02 9.955249999999999932e-01 7.600000000000000418e-05 -9.955239999999999645e-01 -9.450000000000000067e-02 1.198000000000000063e-03
7.000000000000000000e+00 2.100000000000000000e+01 6.000000000000000000e+01 0.000000000000000000e+00 1.600000000000000089e+00 -6.329999999999999906e-04 -2.249999999999999830e-03 9.999970000000000248e-01 -9.474200000000000677e-02 9.954990000000000228e-01 2.180000000000000080e-03 -9.955019999999999980e-01 -9.474000000000000477e-02 -8.440000000000000236e-04
1.200000000000000000e+01 2.100000000000000000e+01 6.000000000000000000e+01 0.000000000000000000e+00 1.600000000000000089e+00 -7.990000000000000140e-04 -1.417000000000000074e-03 9.999989999999999712e-01 -9.528100000000000458e-02 9.954499999999999460e-01 1.333999999999999899e-03 -9.954499999999999460e-01 -9.528000000000000358e-02 -9.309999999999999699e-04
1.700000000000000000e+01 2.100000000000000000e+01 6.000000000000000000e+01 0.000000000000000000e+00 1.600000000000000089e+00 -1.060000000000000016e-04 3.066000000000000149e-03 9.999949999999999672e-01 -9.566800000000000304e-02 9.954089999999999883e-01 -3.062000000000000052e-03 -9.954129999999999923e-01 -9.566700000000000204e-02 1.879999999999999890e-04
2.200000000000000000e+01 2.100000000000000000e+01 6.000000000000000000e+01 0.000000000000000000e+00 1.600000000000000089e+00 1.054000000000000032e-03 7.557000000000000349e-03 9.999710000000000543e-01 -9.464500000000000690e-02 9.954830000000000068e-01 -7.422999999999999911e-03 -9.955100000000000060e-01 -9.463499999999999690e-02 1.763999999999999943e-03
2.900000000000000000e+01 2.100000000000000000e+01 6.000000000000000000e+01 0.000000000000000000e+00 1.600000000000000089e+00 -5.599999999999999916e-05 2.570999999999999935e-03 9.999970000000000248e-01 -9.557200000000000417e-02 9.954190000000000538e-01 -2.565000000000000006e-03 -9.954229999999999468e-01 -9.557200000000000417e-02 1.900000000000000105e-04
8.000000000000000000e+00 6.700000000000000000e+01 6.000000000000000000e+01 0.000000000000000000e+00 1.600000000000000089e+00 -6.840000000000000377e-04 -4.107000000000000407e-03 9.999909999999999632e-01 1.807709999999999873e-01 -9.835169999999999746e-01 -3.916000000000000210e-03 9.835249999999999826e-01 1.807670000000000110e-01 1.415000000000000025e-03
8.000000000000000000e+00 2.700000000000000000e+01 6.300000000000000000e+01 0.000000000000000000e+00 1.600000000000000089e+00 -1.508000000000000009e-03 -1.335000000000000032e-03 9.999980000000000535e-01 -2.790679999999999827e-01 9.602709999999999857e-01 8.610000000000000032e-04 -9.602699999999999569e-01 -2.790659999999999807e-01 -1.820999999999999919e-03
1.400000000000000000e+01 2.700000000000000000e+01 6.300000000000000000e+01 0.000000000000000000e+00 1.600000000000000089e+00 -3.899999999999999929e-05 2.099000000000000171e-03 9.999980000000000535e-01 -2.801020000000000176e-01 9.599680000000000435e-01 -2.026000000000000023e-03 -9.599699999999999900e-01 -2.801020000000000176e-01 5.500000000000000331e-04
2.400000000000000000e+01 2.700000000000000000e+01 6.300000000000000000e+01 0.000000000000000000e+00 1.600000000000000089e+00 -1.214000000000000018e-03 -2.328000000000000208e-03 9.999970000000000248e-01 -2.737530000000000241e-01 9.617980000000000418e-01 1.905999999999999925e-03 -9.617989999999999595e-01 -2.737499999999999933e-01 -1.804000000000000048e-03
3.000000000000000000e+01 2.700000000000000000e+01 6.300000000000000000e+01 0.000000000000000000e+00 1.600000000000000089e+00 -3.520999999999999824e-03 -7.230999999999999581e-03 9.999679999999999680e-01 -2.787799999999999723e-01 9.603359999999999674e-01 5.963000000000000418e-03 -9.603479999999999794e-01 -2.787499999999999978e-01 -5.398000000000000020e-03
6.000000000000000000e+00 4.400000000000000000e+01 6.300000000000000000e+01 0.000000000000000000e+00 1.600000000000000089e+00 -1.235999999999999903e-03 1.454999999999999913e-03 -9.999980000000000535e-01 -6.508359999999999701e-01 -7.592179999999999485e-01 -2.999999999999999737e-04 -7.592170000000000307e-01 6.508350000000000524e-01 1.886000000000000090e-03
1.100000000000000000e+01 4.400000000000000000e+01 6.300000000000000000e+01 0.000000000000000000e+00 1.600000000000000089e+00 3.089999999999999756e-04 1.238599999999999944e-02 -9.999230000000000063e-01 -6.599169999999999758e-01 -7.512790000000000301e-01 -9.509999999999999357e-03 -7.513389999999999791e-01 6.598690000000000389e-01 7.941999999999999407e-03
1.700000000000000000e+01 4.400000000000000000e+01 6.300000000000000000e+01 0.000000000000000000e+00 1.600000000000000089e+00 6.380000000000000037e-04 4.710999999999999910e-03 -9.999890000000000168e-01 -6.677269999999999595e-01 -7.443959999999999466e-01 -3.932999999999999864e-03 -7.444060000000000121e-01 6.677220000000000377e-01 2.670000000000000064e-03
2.100000000000000000e+01 4.400000000000000000e+01 6.300000000000000000e+01 0.000000000000000000e+00 1.600000000000000089e+00 9.128000000000000697e-03 2.210399999999999865e-02 -9.997139999999999915e-01 -6.748290000000000122e-01 -7.376319999999999544e-01 -2.247100000000000139e-02 -7.379179999999999628e-01 6.748410000000000242e-01 8.184000000000000302e-03
2.900000000000000000e+01 4.400000000000000000e+01 6.300000000000000000e+01 0.000000000000000000e+00 1.600000000000000089e+00 1.268700000000000036e-02 -7.437000000000000034e-03 -9.998920000000000030e-01 -7.199640000000000484e-01 -6.939999999999999503e-01 -3.972999999999999969e-03 -6.938950000000000395e-01 7.199370000000000491e-01 -1.416000000000000071e-02
3.000000000000000000e+00 2.600000000000000000e+01 6.400000000000000000e+01 0.000000000000000000e+00 1.600000000000000089e+00 4.840000000000000010e-04 -4.838000000000000286e-03 9.999879999999999880e-01 -3.678580000000000183e-01 9.298699999999999743e-01 4.676999999999999734e-03 -9.298819999999999864e-01 -3.678560000000000163e-01 -1.330000000000000019e-03
1.000000000000000000e+01 2.600000000000000000e+01 6.400000000000000000e+01 0.000000000000000000e+00 1.600000000000000089e+00 -2.269999999999999882e-03 -1.660999999999999933e-03 9.999959999999999960e-01 -3.720379999999999798e-01 9.282169999999999588e-01 6.980000000000000527e-04 -9.282150000000000123e-01 -3.720350000000000046e-01 -2.724999999999999992e-03
1.400000000000000000e+01 2.600000000000000000e+01 6.400000000000000000e+01 0.000000000000000000e+00 1.600000000000000089e+00 -8.890000000000000333e-04 3.210999999999999879e-03 9.999949999999999672e-01 -3.738609999999999989e-01 9.274790000000000534e-01 -3.311000000000000141e-03 -9.274839999999999751e-01 -3.738620000000000276e-01 3.759999999999999779e-04
1.800000000000000000e+01 2.600000000000000000e+01 6.400000000000000000e+01 0.000000000000000000e+00 1.600000000000000089e+00 1.250000000000000026e-03 5.648000000000000242e-03 9.999829999999999552e-01 -3.683949999999999725e-01 9.296569999999999556e-01 -4.789999999999999987e-03 -9.296689999999999676e-01 -3.683830000000000160e-01 3.242999999999999789e-03
2.400000000000000000e+01 2.600000000000000000e+01 6.400000000000000000e+01 0.000000000000000000e+00 1.600000000000000089e+00 -7.749999999999999728e-04 -1.814999999999999990e-03 9.999980000000000535e-01 -3.625599999999999934e-01 9.319589999999999819e-01 1.410000000000000012e-03 -9.319600000000000106e-01 -3.625579999999999914e-01 -1.379999999999999933e-03
3.000000000000000000e+01 2.600000000000000000e+01 6.400000000000000000e+01 0.000000000000000000e+00 1.600000000000000089e+00 -2.975999999999999913e-03 -8.455000000000000709e-03 9.999599999999999600e-01 -3.678379999999999983e-01 9.298650000000000526e-01 6.766999999999999578e-03 -9.298849999999999616e-01 -3.678029999999999911e-01 -5.877000000000000279e-03
2.500000000000000000e+01 4.300000000000000000e+01 7.300000000000000000e+01 0.000000000000000000e+00 1.600000000000000089e+00 -4.805500000000000049e-02 -1.111160000000000064e-01 9.926449999999999996e-01 5.184300000000000019e-02 -9.927310000000000301e-01 -1.086160000000000042e-01 9.974979999999999958e-01 4.624299999999999938e-02 5.346700000000000064e-02
5.000000000000000000e+00 4.400000000000000000e+01 7.300000000000000000e+01 0.000000000000000000e+00 1.600000000000000089e+00 8.949999999999999623e-04 4.647000000000000089e-03 9.999890000000000168e-01 5.836199999999999721e-02 -9.982849999999999779e-01 4.586999999999999932e-03 9.982950000000000434e-01 5.835800000000000015e-02 -1.164000000000000104e-03
8.000000000000000000e+00 4.400000000000000000e+01 7.300000000000000000e+01 0.000000000000000000e+00 1.600000000000000089e+00 1.186999999999999904e-03 4.275000000000000154e-03 9.999900000000000455e-01 5.974899999999999656e-02 -9.982050000000000090e-01 4.197000000000000210e-03 9.982130000000000170e-01 5.974399999999999850e-02 -1.440000000000000091e-03
1.500000000000000000e+01 4.400000000000000000e+01 7.300000000000000000e+01 0.000000000000000000e+00 1.600000000000000089e+00 -1.371999999999999956e-03 -3.985999999999999960e-03 9.999909999999999632e-01 5.625700000000000145e-02 -9.984089999999999909e-01 -3.902000000000000086e-03 9.984150000000000524e-01 5.625100000000000239e-02 1.593999999999999931e-03
2.200000000000000000e+01 4.400000000000000000e+01 7.300000000000000000e+01 0.000000000000000000e+00 1.600000000000000089e+00 -3.649999999999999772e-02 -1.115880000000000066e-01 9.930839999999999668e-01 2.171100000000000113e-02 -9.936000000000000387e-01 -1.108480000000000021e-01 9.990980000000000416e-01 1.751399999999999832e-02 3.868900000000000117e-02
4.000000000000000000e+00 2.500000000000000000e+01 7.400000000000000000e+01 0.000000000000000000e+00 1.600000000000000089e+00 -1.173999999999999913e-03 -1.330000000000000019e-03 9.999980000000000535e-01 8.263580000000000370e-01 -5.631450000000000067e-01 2.210000000000000050e-04 5.631439999999999779e-01 8.263570000000000082e-01 1.760999999999999979e-03
9.000000000000000000e+00 2.500000000000000000e+01 7.400000000000000000e+01 0.000000000000000000e+00 1.600000000000000089e+00 -1.669999999999999935e-04 -4.789999999999999879e-04 1.000000000000000000e+00 8.242509999999999559e-01 -5.662239999999999496e-01 -1.330000000000000073e-04 5.662239999999999496e-01 8.242509999999999559e-01 4.889999999999999599e-04
1.300000000000000000e+01 2.500000000000000000e+01 7.400000000000000000e+01 0.000000000000000000e+00 1.600000000000000089e+00 2.798999999999999839e-03 -4.870000000000000197e-04 9.999959999999999960e-01 8.225139999999999674e-01 -5.687379999999999658e-01 -2.579000000000000129e-03 5.687370000000000481e-01 8.225179999999999714e-01 -1.191000000000000001e-03
1.700000000000000000e+01 2.500000000000000000e+01 7.400000000000000000e+01 0.000000000000000000e+00 1.600000000000000089e+00 5.000000000000000104e-04 2.799999999999999755e-04 1.000000000000000000e+00 8.232169999999999765e-01 -5.677269999999999817e-01 -2.530000000000000239e-04 5.677269999999999817e-01 8.232169999999999765e-01 -5.150000000000000498e-04
2.500000000000000000e+01 2.500000000000000000e+01 7.400000000000000000e+01 0.000000000000000000e+00 1.600000000000000089e+00 1.168999999999999900e-03 -3.589999999999999984e-04 9.999989999999999712e-01 8.279210000000000180e-01 -5.608429999999999804e-01 -1.170000000000000033e-03 5.608429999999999804e-01 8.279220000000000468e-01 -3.579999999999999741e-04
3.000000000000000000e+00 9.100000000000000000e+01 7.600000000000000000e+01 0.000000000000000000e+00 1.600000000000000089e+00 -5.760000000000000146e-04 -1.556000000000000091e-03 9.999989999999999712e-01 3.784259999999999846e-01 -9.256309999999999816e-01 -1.221999999999999996e-03 9.256309999999999816e-01 3.784250000000000114e-01 1.121999999999999950e-03
1.100000000000000000e+01 9.100000000000000000e+01 7.600000000000000000e+01 0.000000000000000000e+00 1.600000000000000089e+00 -3.040000000000000167e-04 3.980000000000000248e-04 1.000000000000000000e+00 3.933320000000000149e-01 -9.193959999999999910e-01 4.850000000000000253e-04 9.193970000000000198e-01 3.933320000000000149e-01 1.230000000000000082e-04
1.600000000000000000e+01 9.100000000000000000e+01 7.600000000000000000e+01 0.000000000000000000e+00 1.600000000000000089e+00 6.120000000000000223e-04 -5.339999999999999695e-04 1.000000000000000000e+00 3.988849999999999896e-01 -9.170009999999999550e-01 -7.339999999999999520e-04 9.170009999999999550e-01 3.988849999999999896e-01 -3.480000000000000020e-04
2.400000000000000000e+01 9.100000000000000000e+01 7.600000000000000000e+01 0.000000000000000000e+00 1.600000000000000089e+00 1.245000000000000013e-03 1.314999999999999980e-03 9.999980000000000535e-01 3.959550000000000014e-01 -9.182690000000000019e-01 7.140000000000000079e-04 9.182690000000000019e-01 3.959539999999999726e-01 -1.663999999999999898e-03
2.700000000000000000e+01 9.000000000000000000e+00 8.200000000000000000e+01 0.000000000000000000e+00 1.600000000000000089e+00 -6.019999999999999961e-04 4.962000000000000265e-03 -9.999869999999999592e-01 5.691519999999999913e-01 8.222239999999999549e-01 3.736999999999999870e-03 8.222319999999999629e-01 -5.691429999999999545e-01 -3.318999999999999902e-03
8.000000000000000000e+00 4.400000000000000000e+01 8.300000000000000000e+01 0.000000000000000000e+00 1.600000000000000089e+00 4.929999999999999487e-04 -3.347000000000000149e-03 9.999940000000000495e-01 5.727440000000000309e-01 -8.197290000000000409e-01 -3.026000000000000044e-03 8.197339999999999627e-01 5.727419999999999733e-01 1.513000000000000022e-03
1.300000000000000000e+01 4.400000000000000000e+01 8.300000000000000000e+01 0.000000000000000000e+00 1.600000000000000089e+00 -1.304000000000000038e-03 -3.519999999999999908e-04 9.999989999999999712e-01 5.699199999999999822e-01 -8.216999999999999860e-01 4.550000000000000008e-04 8.216989999999999572e-01 5.699199999999999822e-01 1.271999999999999910e-03
2.000000000000000000e+01 1.010000000000000000e+02 8.300000000000000000e+01 0.000000000000000000e+00 1.600000000000000089e+00 -8.120000000000000048e-04 -1.118000000000000070e-03 9.999989999999999712e-01 9.952499999999999680e-01 9.734800000000000397e-02 9.169999999999999549e-04 -9.734900000000000497e-02 9.952499999999999680e-01 1.033000000000000064e-03
6.000000000000000000e+00 4.800000000000000000e+01 8.400000000000000000e+01 0.000000000000000000e+00 1.600000000000000089e+00 -4.616000000000000311e-03 -3.161000000000000181e-03 -9.999839999999999840e-01 -9.465339999999999865e-01 -3.225600000000000134e-01 5.388999999999999693e-03 -3.225720000000000254e-01 9.465440000000000520e-01 -1.502999999999999996e-03
1.400000000000000000e+01 4.800000000000000000e+01 8.400000000000000000e+01 0.000000000000000000e+00 1.600000000000000089e+00 3.004000000000000160e-03 -5.209999999999999788e-04 -9.999949999999999672e-01 -9.476229999999999931e-01 -3.193790000000000240e-01 -2.680000000000000090e-03 -3.193759999999999932e-01 9.476269999999999971e-01 -1.453000000000000081e-03
