3.000000000000000000e+00 1.500000000000000000e+01 4.000000000000000000e+00 0.000000000000000000e+00 1.600000000000000089e+00 2.334000000000000137e-03 6.536000000000000143e-03 9.999759999999999760e-01 3.214949999999999752e-01 -9.468959999999999599e-01 5.439000000000000258e-03 9.469079999999999719e-01 3.214750000000000107e-01 -4.311999999999999861e-03
8.000000000000000000e+00 1.500000000000000000e+01 4.000000000000000000e+00 0.000000000000000000e+00 1.600000000000000089e+00 2.105000000000000100e-03 6.001000000000000258e-03 9.999799999999999800e-01 3.225600000000000134e-01 -9.465360000000000440e-01 5.001000000000000237e-03 9.465470000000000272e-01 3.225430000000000241e-01 -3.928000000000000068e-03
1.300000000000000000e+01 1.500000000000000000e+01 4.000000000000000000e+00 0.000000000000000000e+00 1.600000000000000089e+00 -3.129999999999999970e-03 -7.861999999999999197e-03 9.999639999999999640e-01 3.211439999999999850e-01 -9.470079999999999609e-01 -6.440000000000000412e-03 9.470250000000000057e-01 3.211120000000000085e-01 5.488999999999999956e-03
1.800000000000000000e+01 1.500000000000000000e+01 4.000000000000000000e+00 0.000000000000000000e+00 1.600000000000000089e+00 1.546999999999999981e-03 -6.058000000000000017e-03 9.999799999999999800e-01 3.236910000000000065e-01 -9.461420000000000385e-01 -6.232999999999999825e-03 9.461619999999999475e-01 3.236939999999999817e-01 4.970000000000000459e-04
2.500000000000000000e+01 1.500000000000000000e+01 4.000000000000000000e+00 0.000000000000000000e+00 1.600000000000000089e+00 -5.968000000000000214e-03 -9.863999999999999505e-03 9.999339999999999895e-01 3.224199999999999844e-01 -9.465679999999999650e-01 -7.413000000000000318e-03 9.465780000000000305e-01 3.223539999999999739e-01 8.829000000000000042e-03
2.800000000000000000e+01 1.500000000000000000e+01 4.000000000000000000e+00 0.000000000000000000e+00 1.600000000000000089e+00 -5.150000000000000064e-03 -1.088000000000000078e-02 9.999280000000000390e-01 3.212579999999999880e-01 -9.469520000000000159e-01 -8.649000000000000438e-03 9.469779999999999864e-01 3.211899999999999755e-01 8.371999999999999234e-03
1.900000000000000000e+01 1.900000000000000000e+01 5.000000000000000000e+00 0.000000000000000000e+00 1.600000000000000089e+00 -1.680999999999999986e-03 -4.994000000000000175e-03 -9.999860000000000415e-01 -6.743040000000000145e-01 -7.384380000000000388e-01 4.820999999999999765e-03 -7.384519999999999973e-01 6.743029999999999857e-01 -2.125999999999999852e-03
1.200000000000000000e+01 1.010000000000000000e+02 7.000000000000000000e+00 0.000000000000000000e+00 1.600000000000000089e+00 -6.008999999999999585e-03 1.467000000000000075e-02 9.998740000000000405e-01 8.810700000000000198e-01 4.729840000000000155e-01 -1.644999999999999978e-03 -4.729479999999999795e-01 8.809489999999999821e-01 -1.576800000000000077e-02
2.200000000000000000e+01 1.010000000000000000e+02 7.000000000000000000e+00 0.000000000000000000e+00 1.600000000000000089e+00 -1.962999999999999901e-03 -5.207400000000000223e-02 9.986410000000000009e-01 8.809850000000000181e-01 4.724079999999999946e-01 2.636499999999999955e-02 -4.731389999999999763e-01 8.798399999999999554e-01 4.494900000000000284e-02
5.000000000000000000e+00 2.500000000000000000e+01 8.000000000000000000e+00 0.000000000000000000e+00 1.600000000000000089e+00 -1.423999999999999919e-03 -1.943999999999999981e-03 -9.999970000000000248e-01 4.534670000000000090e-01 8.912700000000000067e-01 -2.377999999999999906e-03 8.912719999999999532e-01 -4.534690000000000110e-01 -3.879999999999999985e-04
1.100000000000000000e+01 2.500000000000000000e+01 8.000000000000000000e+00 0.000000000000000000e+00 1.600000000000000089e+00 -9.820000000000000170e-04 6.701999999999999624e-03 -9.999770000000000048e-01 4.530980000000000008e-01 8.914440000000000142e-01 5.529000000000000060e-03 8.914600000000000302e-01 -4.530819999999999848e-01 -3.911999999999999679e-03
1.400000000000000000e+01 2.500000000000000000e+01 8.000000000000000000e+00 0.000000000000000000e+00 1.600000000000000089e+00 -1.054000000000000032e-03 -2.191999999999999938e-03 -9.999970000000000248e-01 4.544039999999999746e-01 8.907920000000000282e-01 -2.432000000000000134e-03 8.907950000000000035e-01 -4.544050000000000034e-01 5.700000000000000314e-05
1.800000000000000000e+01 2.500000000000000000e+01 8.000000000000000000e+00 0.000000000000000000e+00 1.600000000000000089e+00 -8.750000000000000182e-04 1.257000000000000088e-03 -9.999989999999999712e-01 4.554230000000000222e-01 8.902750000000000385e-01 7.209999999999999612e-04 8.902750000000000385e-01 -4.554219999999999935e-01 -1.350999999999999987e-03
2.700000000000000000e+01 2.500000000000000000e+01 8.000000000000000000e+00 0.000000000000000000e+00 1.600000000000000089e+00 -1.630000000000000047e-04 -1.487800000000000060e-02 -9.998890000000000278e-01 4.526890000000000081e-01 8.915689999999999449e-01 -1.333999999999999943e-02 8.916690000000000449e-01 -4.526410000000000156e-01 6.589000000000000239e-03
5.000000000000000000e+00 2.400000000000000000e+01 9.000000000000000000e+00 0.000000000000000000e+00 1.600000000000000089e+00 -1.364999999999999894e-03 -3.050999999999999893e-03 -9.999940000000000495e-01 4.553340000000000165e-01 8.903149999999999675e-01 -3.337999999999999821e-03 8.903200000000000003e-01 -4.553349999999999898e-01 1.740000000000000010e-04
1.400000000000000000e+01 2.400000000000000000e+01 9.000000000000000000e+00 0.000000000000000000e+00 1.600000000000000089e+00 -1.250000000000000026e-03 -2.076000000000000154e-03 -9.999970000000000248e-01 4.559810000000000252e-01 8.899860000000000548e-01 -2.418000000000000010e-03 8.899890000000000301e-01 -4.559819999999999984e-01 -1.659999999999999963e-04
2.200000000000000000e+01 2.400000000000000000e+01 9.000000000000000000e+00 0.000000000000000000e+00 1.600000000000000089e+00 7.129999999999999836e-04 -3.750000000000000078e-04 -1.000000000000000000e+00 4.580500000000000127e-01 8.889259999999999939e-01 -6.999999999999999895e-06 8.889259999999999939e-01 -4.580500000000000127e-01 8.059999999999999673e-04
2.800000000000000000e+01 2.400000000000000000e+01 9.000000000000000000e+00 0.000000000000000000e+00 1.600000000000000089e+00 1.079999999999999960e-04 -1.274999999999999918e-02 -9.999190000000000023e-01 4.566100000000000159e-01 8.895950000000000246e-01 -1.129400000000000022e-02 8.896669999999999856e-01 -4.565719999999999779e-01 5.917999999999999650e-03
2.200000000000000000e+01 1.200000000000000000e+01 1.000000000000000000e+01 0.000000000000000000e+00 1.600000000000000089e+00 -4.339999999999999782e-04 -5.107000000000000428e-03 -9.999869999999999592e-01 -5.512559999999999683e-01 -8.343239999999999545e-01 4.499999999999999660e-03 -8.343359999999999665e-01 5.512510000000000465e-01 -2.452999999999999885e-03
1.000000000000000000e+00 3.100000000000000000e+01 1.200000000000000000e+01 0.000000000000000000e+00 1.600000000000000089e+00 1.918999999999999916e-03 6.530000000000000431e-04 9.999980000000000535e-01 -1.716499999999999970e-02 9.998519999999999630e-01 -6.199999999999999999e-04 -9.998510000000000453e-01 -1.716399999999999870e-02 1.930000000000000075e-03
5.000000000000000000e+00 3.500000000000000000e+01 1.200000000000000000e+01 0.000000000000000000e+00 1.600000000000000089e+00 1.922000000000000097e-03 -2.880000000000000073e-04 -9.999980000000000535e-01 4.462510000000000088e-01 -8.949070000000000080e-01 1.115000000000000106e-03 -8.949059999999999793e-01 -4.462519999999999820e-01 -1.590999999999999966e-03
1.400000000000000000e+01 3.500000000000000000e+01 1.200000000000000000e+01 0.000000000000000000e+00 1.600000000000000089e+00 -5.890000000000000053e-04 -8.140000000000000534e-04 -9.999989999999999712e-01 4.166880000000000028e-01 -9.090489999999999959e-01 4.939999999999999730e-04 -9.090489999999999959e-01 -4.166880000000000028e-01 8.750000000000000182e-04
1.800000000000000000e+01 3.500000000000000000e+01 1.200000000000000000e+01 0.000000000000000000e+00 1.600000000000000089e+00 2.455999999999999850e-03 -6.039000000000000097e-03 -9.999789999999999512e-01 4.027569999999999761e-01 -9.152839999999999865e-01 6.517000000000000223e-03 -9.153029999999999777e-01 -4.027649999999999841e-01 1.849999999999999973e-04
2.400000000000000000e+01 3.200000000000000000e+01 1.400000000000000000e+01 0.000000000000000000e+00 1.600000000000000089e+00 8.530000000000000256e-04 2.552000000000000015e-03 -9.999959999999999960e-01 1.053120000000000028e-01 9.944359999999999866e-01 2.628000000000000128e-03 9.944389999999999619e-01 -1.053130000000000038e-01 5.800000000000000034e-04
1.400000000000000000e+01 1.200000000000000000e+01 1.500000000000000000e+01 0.000000000000000000e+00 1.600000000000000089e+00 -1.512000000000000106e-03 -3.926999999999999935e-03 -9.999909999999999632e-01 -4.636460000000000026e-01 -8.860109999999999930e-01 4.179999999999999688e-03 -8.860190000000000010e-01 4.636480000000000046e-01 -4.809999999999999823e-04
3.000000000000000000e+00 1.160000000000000000e+02 1.600000000000000000e+01 0.000000000000000000e+00 1.600000000000000089e+00 2.148999999999999869e-03 4.857000000000000206e-03 9.999860000000000415e-01 7.403009999999999868e-01 6.722580000000000222e-01 -4.856000000000000073e-03 -6.722719999999999807e-01 7.403009999999999868e-01 -2.151000000000000134e-03
1.900000000000000000e+01 1.160000000000000000e+02 1.600000000000000000e+01 0.000000000000000000e+00 1.600000000000000089e+00 -8.500000000000000611e-05 1.750999999999999952e-03 9.999980000000000535e-01 7.591329999999999467e-01 6.509350000000000414e-01 -1.075000000000000001e-03 -6.509359999999999591e-01 7.591310000000000002e-01 -1.384999999999999946e-03
2.400000000000000000e+01 1.160000000000000000e+02 1.600000000000000000e+01 0.000000000000000000e+00 1.600000000000000089e+00 -3.037999999999999902e-03 -3.930000000000000117e-04 9.999949999999999672e-01 7.663999999999999702e-01 6.423590000000000133e-01 2.580999999999999961e-03 -6.423569999999999558e-01 7.664039999999999742e-01 -1.649999999999999991e-03
4.000000000000000000e+00 2.000000000000000000e+00 1.900000000000000000e+01 0.000000000000000000e+00 1.600000000000000089e+00 2.180000000000000134e-04 4.433999999999999574e-03 -9.999900000000000455e-01 1.677420000000000022e-01 -9.858209999999999473e-01 -4.334000000000000179e-03 -9.858310000000000128e-01 -1.677389999999999992e-01 -9.579999999999999757e-04
1.400000000000000000e+01 2.000000000000000000e+00 1.900000000000000000e+01 0.000000000000000000e+00 1.600000000000000089e+00 -1.230000000000000082e-04 -4.772000000000000200e-03 -9.999890000000000168e-01 1.611720000000000097e-01 -9.869149999999999867e-01 4.689999999999999725e-03 -9.869259999999999700e-01 -1.611700000000000077e-01 8.909999999999999734e-04
1.800000000000000000e+01 2.000000000000000000e+00 1.900000000000000000e+01 0.000000000000000000e+00 1.600000000000000089e+00 -1.430000000000000064e-03 -1.821800000000000155e-02 -9.998329999999999718e-01 1.595560000000000034e-01 -9.870290000000000452e-01 1.775600000000000095e-02 -9.871879999999999544e-01 -1.595040000000000069e-01 4.317999999999999790e-03
2.300000000000000000e+01 2.000000000000000000e+00 1.900000000000000000e+01 0.000000000000000000e+00 1.600000000000000089e+00 1.700000000000000122e-04 -1.680000000000000070e-03 -9.999989999999999712e-01 1.532890000000000086e-01 -9.881799999999999473e-01 1.685999999999999999e-03 -9.881809999999999761e-01 -1.532890000000000086e-01 9.000000000000000567e-05
2.600000000000000000e+01 2.000000000000000000e+00 1.900000000000000000e+01 0.000000000000000000e+00 1.600000000000000089e+00 1.685999999999999999e-03 8.722000000000000586e-03 -9.999609999999999888e-01 1.511160000000000003e-01 -9.884810000000000541e-01 -8.366999999999999438e-03 -9.885150000000000325e-01 -1.510960000000000081e-01 -2.984999999999999806e-03
4.000000000000000000e+00 1.300000000000000000e+01 2.000000000000000000e+01 0.000000000000000000e+00 1.600000000000000089e+00 -4.199999999999999768e-05 9.859999999999998974e-04 1.000000000000000000e+00 2.514700000000000268e-01 9.678649999999999753e-01 -9.439999999999999607e-04 -9.678649999999999753e-01 2.514700000000000268e-01 -2.880000000000000073e-04
8.000000000000000000e+00 1.300000000000000000e+01 2.000000000000000000e+01 0.000000000000000000e+00 1.600000000000000089e+00 4.710000000000000102e-04 -2.869000000000000022e-03 9.999959999999999960e-01 2.500959999999999850e-01 9.682169999999999943e-01 2.660000000000000038e-03 -9.682209999999999983e-01 2.500939999999999830e-01 1.173999999999999913e-03
1.500000000000000000e+01 1.300000000000000000e+01 2.000000000000000000e+01 0.000000000000000000e+00 1.600000000000000089e+00 3.100000000000000135e-05 -8.980000000000000352e-04 1.000000000000000000e+00 2.514109999999999956e-01 9.678799999999999626e-01 8.610000000000000032e-04 -9.678799999999999626e-01 2.514109999999999956e-01 2.550000000000000183e-04
2.700000000000000000e+01 1.300000000000000000e+01 2.000000000000000000e+01 0.000000000000000000e+00 1.600000000000000089e+00 2.004000000000000139e-03 -3.212000000000000011e-03 9.999930000000000208e-01 2.450720000000000121e-01 9.695009999999999462e-01 2.622999999999999898e-03 -9.695030000000000037e-01 2.450650000000000051e-01 2.729999999999999788e-03
6.000000000000000000e+00 1.600000000000000000e+01 2.100000000000000000e+01 0.000000000000000000e+00 1.600000000000000089e+00 -1.699999999999999987e-05 -5.590000000000000351e-04 1.000000000000000000e+00 2.981059999999999821e-01 9.545329999999999648e-01 5.389999999999999826e-04 -9.545329999999999648e-01 2.981059999999999821e-01 1.499999999999999869e-04
1.100000000000000000e+01 1.600000000000000000e+01 2.100000000000000000e+01 0.000000000000000000e+00 1.600000000000000089e+00 7.299999999999999903e-05 -6.712000000000000084e-03 9.999770000000000048e-01 2.973500000000000032e-01 9.547470000000000123e-01 6.386000000000000183e-03 -9.547689999999999788e-01 2.973430000000000240e-01 2.066000000000000128e-03
2.000000000000000000e+01 1.600000000000000000e+01 2.100000000000000000e+01 0.000000000000000000e+00 1.600000000000000089e+00 2.183000000000000045e-03 1.089299999999999990e-02 9.999379999999999935e-01 2.990389999999999993e-01 9.541770000000000529e-01 -1.104800000000000053e-02 -9.542380000000000306e-01 2.990439999999999765e-01 -1.173999999999999913e-03
2.300000000000000000e+01 1.600000000000000000e+01 2.100000000000000000e+01 0.000000000000000000e+00 1.600000000000000089e+00 1.933000000000000039e-03 1.200599999999999931e-02 9.999259999999999815e-01 2.975079999999999947e-01 9.546430000000000193e-01 -1.203800000000000009e-02 -9.547170000000000378e-01 2.975099999999999967e-01 -1.726000000000000104e-03
2.400000000000000000e+01 3.000000000000000000e+00 2.500000000000000000e+01 0.000000000000000000e+00 1.600000000000000089e+00 -2.224999999999999981e-03 1.189800000000000059e-02 9.999270000000000103e-01 -4.166999999999999871e-02 -9.990620000000000056e-01 1.179499999999999993e-02 9.991290000000000449e-01 -4.164000000000000340e-02 2.719000000000000063e-03
2.800000000000000000e+01 4.900000000000000000e+01 2.500000000000000000e+01 0.000000000000000000e+00 1.600000000000000089e+00 8.984000000000000666e-03 7.187200000000000533e-02 9.973729999999999540e-01 6.734449999999999603e-01 7.368660000000000210e-01 -5.916600000000000331e-02 -7.391830000000000345e-01 6.722080000000000277e-01 -4.178199999999999970e-02
2.600000000000000000e+01 4.500000000000000000e+01 2.600000000000000000e+01 0.000000000000000000e+00 1.600000000000000089e+00 2.043000000000000024e-02 2.991100000000000009e-02 9.993440000000000101e-01 4.780059999999999865e-01 8.776169999999999805e-01 -3.603900000000000159e-02 -8.781189999999999829e-01 4.784289999999999932e-01 3.631999999999999812e-03
1.400000000000000000e+01 4.600000000000000000e+01 2.700000000000000000e+01 0.000000000000000000e+00 1.600000000000000089e+00 2.062000000000000031e-03 -2.762000000000000132e-03 -9.999940000000000495e-01 6.730570000000000164e-01 7.395899999999999697e-01 -6.539999999999999590e-04 7.395880000000000232e-01 -6.730519999999999836e-01 3.383999999999999855e-03
3.000000000000000000e+00 4.600000000000000000e+01 3.000000000000000000e+01 0.000000000000000000e+00 1.600000000000000089e+00 8.610000000000000032e-04 2.900000000000000017e-04 -1.000000000000000000e+00 3.291259999999999741e-01 9.442859999999999587e-01 5.569999999999999864e-04 9.442850000000000410e-01 -3.291270000000000029e-01 7.179999999999999967e-04
2.400000000000000000e+01 5.000000000000000000e+01 3.000000000000000000e+01 0.000000000000000000e+00 1.600000000000000089e+00 -6.451600000000000390e-02 -3.590439999999999743e-01 -9.310880000000000267e-01 5.977789999999999493e-01 -7.610099999999999643e-01 2.520379999999999843e-01 -7.990610000000000213e-01 -5.403250000000000552e-01 2.637269999999999892e-01
3.000000000000000000e+00 5.800000000000000000e+01 3.100000000000000000e+01 0.000000000000000000e+00 1.600000000000000089e+00 1.379999999999999933e-04 -2.410000000000000033e-04 1.000000000000000000e+00 -7.706929999999999614e-01 -6.372060000000000501e-01 -4.699999999999999724e-05 6.372060000000000501e-01 -7.706929999999999614e-01 -2.739999999999999923e-04
1.100000000000000000e+01 5.800000000000000000e+01 3.100000000000000000e+01 0.000000000000000000e+00 1.600000000000000089e+00 2.639599999999999932e-02 -8.891899999999999804e-02 9.956890000000000462e-01 -7.646990000000000176e-01 -6.433149999999999702e-01 -3.717800000000000271e-02 6.438469999999999471e-01 -7.604210000000000136e-01 -8.497699999999999698e-02
1.500000000000000000e+01 5.600000000000000000e+01 3.300000000000000000e+01 0.000000000000000000e+00 1.600000000000000089e+00 -2.587729999999999753e-01 -3.136340000000000239e-01 -9.136030000000000539e-01 4.600380000000000025e-01 -8.716789999999999816e-01 1.689380000000000048e-01 -8.493540000000000534e-01 -3.765749999999999931e-01 3.698500000000000121e-01
4.000000000000000000e+00 4.600000000000000000e+01 3.500000000000000000e+01 0.000000000000000000e+00 1.600000000000000089e+00 -7.179999999999999967e-04 3.876000000000000105e-03 -9.999919999999999920e-01 3.930529999999999857e-01 -9.195079999999999920e-01 -3.846000000000000026e-03 -9.195149999999999713e-01 -3.930529999999999857e-01 -8.630000000000000518e-04
7.000000000000000000e+00 4.600000000000000000e+01 3.500000000000000000e+01 0.000000000000000000e+00 1.600000000000000089e+00 3.069999999999999812e-04 -9.294000000000000178e-03 -9.999569999999999848e-01 3.956299999999999817e-01 -9.183689999999999909e-01 8.656999999999999765e-03 -9.184099999999999486e-01 -3.956160000000000232e-01 3.395000000000000014e-03
1.400000000000000000e+01 4.600000000000000000e+01 3.500000000000000000e+01 0.000000000000000000e+00 1.600000000000000089e+00 -3.089499999999999885e-02 -1.700329999999999897e-01 -9.849539999999999962e-01 3.606969999999999898e-01 -9.209190000000000431e-01 1.476639999999999897e-01 -9.321709999999999718e-01 -3.507080000000000197e-01 8.978200000000000069e-02
9.000000000000000000e+00 9.500000000000000000e+01 3.600000000000000000e+01 0.000000000000000000e+00 1.600000000000000089e+00 -2.449799999999999894e-02 5.475200000000000206e-02 9.981989999999999474e-01 9.957829999999999737e-01 8.963400000000000534e-02 1.952299999999999869e-02 -8.840299999999999547e-02 9.944690000000000474e-01 -5.671699999999999658e-02
1.400000000000000000e+01 9.500000000000000000e+01 3.600000000000000000e+01 0.000000000000000000e+00 1.600000000000000089e+00 -3.289999999999999739e-04 2.860700000000000048e-02 9.995910000000000073e-01 9.976030000000000175e-01 6.918000000000000538e-02 -1.650999999999999907e-03 -6.919799999999999562e-02 9.971940000000000248e-01 -2.856099999999999958e-02
2.000000000000000000e+01 9.500000000000000000e+01 3.600000000000000000e+01 0.000000000000000000e+00 1.600000000000000089e+00 9.724000000000000005e-03 6.140999999999999757e-03 9.999339999999999895e-01 9.970020000000000548e-01 7.670499999999999541e-02 -1.016599999999999969e-02 -7.676199999999999690e-02 9.970350000000000046e-01 -5.376999999999999835e-03
4.000000000000000000e+00 2.900000000000000000e+01 4.400000000000000000e+01 0.000000000000000000e+00 1.600000000000000089e+00 1.180999999999999975e-03 -9.000000000000000567e-05 -9.999989999999999712e-01 6.679979999999999807e-01 7.441619999999999902e-01 7.219999999999999855e-04 7.441619999999999902e-01 -6.679990000000000094e-01 9.389999999999999476e-04
1.000000000000000000e+01 2.900000000000000000e+01 4.400000000000000000e+01 0.000000000000000000e+00 1.600000000000000089e+00 2.530000000000000239e-04 8.210000000000000067e-04 -1.000000000000000000e+00 6.622639999999999638e-01 7.492710000000000203e-01 7.820000000000000345e-04 7.492710000000000203e-01 -6.622639999999999638e-01 -3.539999999999999853e-04
1.600000000000000000e+01 2.900000000000000000e+01 4.400000000000000000e+01 0.000000000000000000e+00 1.600000000000000089e+00 -3.177999999999999835e-03 -1.520000000000000084e-04 -9.999949999999999672e-01 6.580850000000000311e-01 7.529400000000000537e-01 -2.206000000000000062e-03 7.529369999999999674e-01 -6.580890000000000351e-01 -2.292999999999999899e-03
2.100000000000000000e+01 2.900000000000000000e+01 4.400000000000000000e+01 0.000000000000000000e+00 1.600000000000000089e+00 6.130000000000000466e-04 2.233999999999999875e-03 -9.999970000000000248e-01 6.594700000000000006e-01 7.517279999999999518e-01 2.083000000000000216e-03 7.517300000000000093e-01 -6.594700000000000006e-01 -1.012000000000000096e-03
2.500000000000000000e+01 2.900000000000000000e+01 4.400000000000000000e+01 0.000000000000000000e+00 1.600000000000000089e+00 6.729999999999999871e-04 7.460000000000000268e-04 -9.999989999999999712e-01 6.570700000000000429e-01 7.538289999999999713e-01 1.005000000000000034e-03 7.538300000000000001e-01 -6.570700000000000429e-01 1.800000000000000046e-05
2.900000000000000000e+01 2.900000000000000000e+01 4.400000000000000000e+01 0.000000000000000000e+00 1.600000000000000089e+00 -3.400000000000000244e-04 -8.779999999999999827e-04 -1.000000000000000000e+00 6.614160000000000039e-01 7.500189999999999912e-01 -8.829999999999999958e-04 7.500189999999999912e-01 -6.614160000000000039e-01 3.249999999999999851e-04
2.200000000000000000e+01 6.000000000000000000e+01 4.600000000000000000e+01 0.000000000000000000e+00 1.600000000000000089e+00 -4.266220000000000012e-01 -2.650109999999999966e-01 8.647329999999999739e-01 2.092279999999999973e-01 9.012539999999999996e-01 3.794279999999999875e-01 -8.798960000000000115e-01 3.427979999999999916e-01 -3.290469999999999784e-01
6.000000000000000000e+00 5.000000000000000000e+00 5.100000000000000000e+01 0.000000000000000000e+00 1.600000000000000089e+00 1.066000000000000107e-03 3.214999999999999976e-03 -9.999940000000000495e-01 4.900630000000000264e-01 -8.716840000000000144e-01 -2.279999999999999909e-03 -8.716859999999999609e-01 -4.900579999999999936e-01 -2.504999999999999848e-03
9.000000000000000000e+00 5.000000000000000000e+00 5.100000000000000000e+01 0.000000000000000000e+00 1.600000000000000089e+00 -1.620000000000000075e-04 6.741999999999999729e-03 -9.999770000000000048e-01 4.882790000000000186e-01 -8.726669999999999705e-01 -5.963000000000000418e-03 -8.726880000000000193e-01 -4.882690000000000086e-01 -3.151000000000000155e-03
1.400000000000000000e+01 5.000000000000000000e+00 5.100000000000000000e+01 0.000000000000000000e+00 1.600000000000000089e+00 -5.689999999999999529e-04 6.394999999999999643e-03 -9.999789999999999512e-01 4.829249999999999932e-01 -8.756420000000000314e-01 -5.873999999999999881e-03 -8.756610000000000227e-01 -4.829189999999999872e-01 -2.589999999999999854e-03
1.800000000000000000e+01 5.000000000000000000e+00 5.100000000000000000e+01 0.000000000000000000e+00 1.600000000000000089e+00 -1.923999999999999929e-03 -4.037999999999999923e-03 -9.999900000000000455e-01 4.845999999999999752e-01 -8.747319999999999540e-01 2.599999999999999881e-03 -8.747340000000000115e-01 -4.845900000000000207e-01 3.638999999999999874e-03
2.500000000000000000e+01 5.000000000000000000e+00 5.100000000000000000e+01 0.000000000000000000e+00 1.600000000000000089e+00 3.833000000000000036e-03 3.187000000000000163e-03 -9.999879999999999880e-01 4.892929999999999779e-01 -8.721189999999999776e-01 -9.039999999999999642e-04 -8.721109999999999696e-01 -4.892839999999999967e-01 -4.902000000000000107e-03
2.900000000000000000e+01 5.000000000000000000e+00 5.100000000000000000e+01 0.000000000000000000e+00 1.600000000000000089e+00 8.243000000000000327e-03 8.968999999999999542e-03 -9.999259999999999815e-01 4.829220000000000179e-01 -8.756549999999999612e-01 -3.873000000000000140e-03 -8.756249999999999867e-01 -4.828540000000000054e-01 -1.154900000000000024e-02
2.000000000000000000e+01 1.150000000000000000e+02 5.100000000000000000e+01 0.000000000000000000e+00 1.600000000000000089e+00 1.981000000000000122e-03 8.450000000000000479e-04 9.999980000000000535e-01 8.473330000000000028e-01 -5.310610000000000053e-01 -1.229999999999999974e-03 5.310580000000000300e-01 8.473330000000000028e-01 -1.768000000000000040e-03
2.000000000000000000e+01 7.000000000000000000e+00 5.200000000000000000e+01 0.000000000000000000e+00 1.600000000000000089e+00 -1.490000000000000005e-03 -5.066000000000000190e-03 -9.999860000000000415e-01 9.939499999999999724e-02 -9.950360000000000316e-01 4.892999999999999780e-03 -9.950470000000000148e-01 -9.938600000000000212e-02 1.985999999999999918e-03
5.000000000000000000e+00 6.300000000000000000e+01 5.400000000000000000e+01 0.000000000000000000e+00 1.600000000000000089e+00 -1.949999999999999965e-04 -3.765999999999999816e-03 9.999930000000000208e-01 -3.345159999999999800e-01 9.423839999999999995e-01 3.484000000000000118e-03 -9.423899999999999499e-01 -3.345130000000000048e-01 -1.443999999999999971e-03
3.000000000000000000e+00 2.500000000000000000e+01 5.500000000000000000e+01 0.000000000000000000e+00 1.600000000000000089e+00 1.407999999999999963e-03 2.436999999999999930e-03 -9.999959999999999960e-01 -1.220500000000000057e-02 -9.999230000000000063e-01 -2.454000000000000018e-03 -9.999249999999999527e-01 1.220800000000000010e-02 -1.379000000000000017e-03
9.000000000000000000e+00 5.200000000000000000e+01 5.700000000000000000e+01 0.000000000000000000e+00 1.600000000000000089e+00 8.933599999999999874e-02 4.684479999999999755e-01 8.789630000000000498e-01 3.190779999999999728e-01 -8.494410000000000016e-01 4.202839999999999909e-01 9.435090000000000421e-01 2.429109999999999880e-01 -2.253570000000000018e-01
1.900000000000000000e+01 6.800000000000000000e+01 5.700000000000000000e+01 0.000000000000000000e+00 1.600000000000000089e+00 -4.904999999999999638e-03 9.726000000000000270e-03 -9.999409999999999688e-01 -2.357829999999999926e-01 -9.717700000000000227e-01 -8.295999999999999555e-03 -9.717930000000000179e-01 2.357279999999999931e-01 7.060000000000000303e-03
9.000000000000000000e+00 2.100000000000000000e+01 6.000000000000000000e+01 0.000000000000000000e+00 1.600000000000000089e+00 4.130000000000000099e-04 -1.027299999999999915e-02 9.999470000000000303e-01 -9.643400000000000583e-02 9.952860000000000040e-01 1.026499999999999982e-02 -9.953389999999999738e-01 -9.643300000000000483e-02 -5.800000000000000034e-04
1.400000000000000000e+01 2.100000000000000000e+01 6.000000000000000000e+01 0.000000000000000000e+00 1.600000000000000089e+00 3.000000000000000076e-05 9.229999999999999923e-04 1.000000000000000000e+00 -9.734900000000000497e-02 9.952499999999999680e-01 -9.160000000000000390e-04 -9.952499999999999680e-01 -9.734900000000000497e-02 1.190000000000000058e-04
2.100000000000000000e+01 2.100000000000000000e+01 6.000000000000000000e+01 0.000000000000000000e+00 1.600000000000000089e+00 -8.379999999999999862e-04 8.004000000000000697e-03 9.999679999999999680e-01 -9.614799999999999736e-02 9.953349999999999698e-01 -8.047999999999999599e-03 -9.953670000000000018e-01 -9.615100000000000036e-02 -6.499999999999999431e-05
2.600000000000000000e+01 2.100000000000000000e+01 6.000000000000000000e+01 0.000000000000000000e+00 1.600000000000000089e+00 -6.899999999999999667e-04 -1.055999999999999994e-02 9.999440000000000550e-01 -9.756900000000000295e-02 9.951740000000000030e-01 1.044199999999999989e-02 -9.952290000000000303e-01 -9.755600000000000382e-02 -1.716999999999999993e-03
1.100000000000000000e+01 3.000000000000000000e+00 6.300000000000000000e+01 0.000000000000000000e+00 1.600000000000000089e+00 -7.089999999999999948e-04 7.029999999999999574e-04 9.999989999999999712e-01 -6.149149999999999894e-01 7.885929999999999884e-01 -9.899999999999999946e-04 -7.885929999999999884e-01 -6.149149999999999894e-01 -1.269999999999999970e-04
2.000000000000000000e+00 2.700000000000000000e+01 6.300000000000000000e+01 0.000000000000000000e+00 1.600000000000000089e+00 1.177000000000000095e-03 4.603999999999999586e-03 9.999890000000000168e-01 -2.788740000000000108e-01 9.603190000000000337e-01 -4.093000000000000284e-03 -9.603270000000000417e-01 -2.788660000000000028e-01 2.415000000000000046e-03
7.000000000000000000e+00 2.700000000000000000e+01 6.300000000000000000e+01 0.000000000000000000e+00 1.600000000000000089e+00 9.829999999999999329e-04 -1.108000000000000044e-03 9.999989999999999712e-01 -2.793889999999999985e-01 9.601769999999999472e-01 1.337999999999999997e-03 -9.601779999999999760e-01 -2.793900000000000272e-01 6.350000000000000392e-04
9.000000000000000000e+00 2.700000000000000000e+01 6.300000000000000000e+01 0.000000000000000000e+00 1.600000000000000089e+00 3.579999999999999741e-04 -2.023000000000000059e-03 9.999980000000000535e-01 -2.787399999999999878e-01 9.603639999999999954e-01 2.043000000000000111e-03 -9.603660000000000529e-01 -2.787410000000000165e-01 -2.200000000000000078e-04
1.300000000000000000e+01 2.700000000000000000e+01 6.300000000000000000e+01 0.000000000000000000e+00 1.600000000000000089e+00 6.310000000000000504e-04 -2.635000000000000189e-03 9.999959999999999960e-01 -2.781270000000000131e-01 9.605409999999999782e-01 2.707000000000000205e-03 -9.605439999999999534e-01 -2.781279999999999863e-01 -1.259999999999999998e-04
1.800000000000000000e+01 2.700000000000000000e+01 6.300000000000000000e+01 0.000000000000000000e+00 1.600000000000000089e+00 1.402000000000000034e-03 -4.342000000000000373e-03 9.999900000000000455e-01 -2.788050000000000250e-01 9.603369999999999962e-01 4.559999999999999817e-03 -9.603469999999999507e-01 -2.788089999999999735e-01 1.359999999999999989e-04
2.300000000000000000e+01 2.700000000000000000e+01 6.300000000000000000e+01 0.000000000000000000e+00 1.600000000000000089e+00 -4.840000000000000010e-04 -1.464999999999999939e-03 9.999989999999999712e-01 -2.710389999999999744e-01 9.625679999999999792e-01 1.278999999999999972e-03 -9.625679999999999792e-01 -2.710380000000000011e-01 -8.630000000000000518e-04
2.900000000000000000e+01 2.700000000000000000e+01 6.300000000000000000e+01 0.000000000000000000e+00 1.600000000000000089e+00 -5.550000000000000462e-04 -4.980000000000000052e-03 9.999869999999999592e-01 -2.649880000000000013e-01 9.642399999999999860e-01 4.654000000000000151e-03 -9.642519999999999980e-01 -2.649819999999999953e-01 -1.855000000000000095e-03
1.000000000000000000e+00 2.600000000000000000e+01 6.400000000000000000e+01 0.000000000000000000e+00 1.600000000000000089e+00 1.342000000000000094e-03 4.910999999999999567e-03 9.999869999999999592e-01 -3.645939999999999737e-01 9.311580000000000412e-01 -4.083999999999999957e-03 -9.311660000000000492e-01 -3.645829999999999904e-01 3.040000000000000167e-03
8.000000000000000000e+00 2.600000000000000000e+01 6.400000000000000000e+01 0.000000000000000000e+00 1.600000000000000089e+00 9.460000000000000093e-04 -1.933000000000000039e-03 9.999980000000000535e-01 -3.627810000000000201e-01 9.318720000000000336e-01 2.145000000000000205e-03 -9.318739999999999801e-01 -3.627830000000000221e-01 1.800000000000000113e-04
1.400000000000000000e+01 2.600000000000000000e+01 6.400000000000000000e+01 0.000000000000000000e+00 1.600000000000000089e+00 1.503999999999999912e-03 -2.663000000000000003e-03 9.999949999999999672e-01 -3.642360000000000042e-01 9.313019999999999632e-01 3.027999999999999876e-03 -9.313050000000000495e-01 -3.642389999999999795e-01 4.299999999999999894e-04
1.800000000000000000e+01 2.600000000000000000e+01 6.400000000000000000e+01 0.000000000000000000e+00 1.600000000000000089e+00 1.900999999999999912e-03 -4.524000000000000243e-03 9.999879999999999880e-01 -3.642250000000000210e-01 9.312979999999999592e-01 4.904999999999999638e-03 -9.313090000000000535e-01 -3.642299999999999982e-01 1.219999999999999974e-04
2.600000000000000000e+01 2.600000000000000000e+01 6.400000000000000000e+01 0.000000000000000000e+00 1.600000000000000089e+00 -8.130000000000000291e-04 -4.624999999999999771e-03 9.999890000000000168e-01 -3.459130000000000260e-01 9.382580000000000364e-01 4.057999999999999975e-03 -9.382660000000000444e-01 -3.459059999999999913e-01 -2.361999999999999950e-03
2.600000000000000000e+01 5.400000000000000000e+01 6.400000000000000000e+01 0.000000000000000000e+00 1.600000000000000089e+00 3.910319999999999907e-01 -5.690100000000000019e-02 -9.186159999999999881e-01 -7.833940000000000348e-01 5.033159999999999856e-01 -3.646469999999999989e-01 4.831030000000000046e-01 8.622269999999999657e-01 1.522370000000000112e-01
2.400000000000000000e+01 5.300000000000000000e+01 6.500000000000000000e+01 0.000000000000000000e+00 1.600000000000000089e+00 4.616540000000000088e-01 -1.049500000000000016e-01 -8.808300000000000018e-01 -7.664239999999999942e-01 4.527559999999999918e-01 -4.556379999999999875e-01 4.466200000000000170e-01 8.854360000000000008e-01 1.285810000000000008e-01
3.000000000000000000e+00 6.900000000000000000e+01 6.600000000000000000e+01 0.000000000000000000e+00 1.600000000000000089e+00 -2.301999999999999793e-03 1.415699999999999945e-02 9.998970000000000358e-01 -9.559889999999999777e-01 2.933330000000000104e-01 -6.354000000000000273e-03 -2.933919999999999861e-01 -9.559060000000000334e-01 1.285900000000000064e-02
6.000000000000000000e+00 2.500000000000000000e+01 7.300000000000000000e+01 0.000000000000000000e+00 1.600000000000000089e+00 -5.469999999999999602e-04 4.407000000000000327e-03 9.999900000000000455e-01 7.460649999999999782e-01 -6.658650000000000402e-01 3.343000000000000051e-03 6.658730000000000482e-01 7.460590000000000277e-01 -2.922999999999999817e-03
1.400000000000000000e+01 2.500000000000000000e+01 7.300000000000000000e+01 0.000000000000000000e+00 1.600000000000000089e+00 -6.729999999999999871e-04 -4.669000000000000407e-03 9.999890000000000168e-01 7.457489999999999952e-01 -6.662219999999999809e-01 -2.608000000000000075e-03 6.662270000000000136e-01 7.457390000000000407e-01 3.930000000000000333e-03
2.300000000000000000e+01 2.500000000000000000e+01 7.300000000000000000e+01 0.000000000000000000e+00 1.600000000000000089e+00 -9.700000000000000505e-04 -1.409700000000000016e-02 9.999000000000000110e-01 7.446979999999999711e-01 -6.673449999999999660e-01 -8.685999999999999277e-03 6.674010000000000220e-01 7.446159999999999446e-01 1.114500000000000039e-02
1.800000000000000000e+01 4.400000000000000000e+01 7.300000000000000000e+01 0.000000000000000000e+00 1.600000000000000089e+00 2.185099999999999890e-02 1.400389999999999968e-01 9.899050000000000349e-01 3.185999999999999943e-02 -9.897359999999999491e-01 1.393119999999999914e-01 9.992529999999999468e-01 2.849399999999999850e-02 -2.608900000000000108e-02
2.600000000000000000e+01 4.400000000000000000e+01 7.300000000000000000e+01 0.000000000000000000e+00 1.600000000000000089e+00 1.618999999999999996e-03 1.458000000000000095e-03 9.999980000000000535e-01 5.381400000000000072e-02 -9.985500000000000487e-01 1.368999999999999991e-03 9.985500000000000487e-01 5.381199999999999872e-02 -1.694999999999999892e-03
7.000000000000000000e+00 2.500000000000000000e+01 7.400000000000000000e+01 0.000000000000000000e+00 1.600000000000000089e+00 -6.530000000000000431e-04 1.619999999999999912e-03 9.999980000000000535e-01 8.220929999999999627e-01 -5.693510000000000515e-01 1.459000000000000010e-03 5.693529999999999980e-01 8.220929999999999627e-01 -9.600000000000000243e-04
1.100000000000000000e+01 2.500000000000000000e+01 7.400000000000000000e+01 0.000000000000000000e+00 1.600000000000000089e+00 1.720000000000000066e-04 -6.002000000000000390e-03 9.999820000000000375e-01 8.222190000000000332e-01 -5.691610000000000280e-01 -3.556999999999999832e-03 5.691720000000000113e-01 8.222049999999999637e-01 4.837000000000000154e-03
1.300000000000000000e+01 2.500000000000000000e+01 7.400000000000000000e+01 0.000000000000000000e+00 1.600000000000000089e+00 -6.499999999999999431e-05 -4.774999999999999731e-03 9.999890000000000168e-01 8.228220000000000534e-01 -5.682930000000000481e-01 -2.660000000000000038e-03 5.682989999999999986e-01 8.228119999999999878e-01 3.965999999999999907e-03
2.000000000000000000e+01 2.500000000000000000e+01 7.400000000000000000e+01 0.000000000000000000e+00 1.600000000000000089e+00 1.592000000000000099e-03 -6.821999999999999939e-03 9.999749999999999472e-01 8.224289999999999656e-01 -5.688440000000000163e-01 -5.190000000000000169e-03 5.688649999999999540e-01 8.224169999999999536e-01 4.704999999999999981e-03
2.400000000000000000e+01 5.100000000000000000e+01 7.600000000000000000e+01 0.000000000000000000e+00 1.600000000000000089e+00 -1.147999999999999932e-03 -7.924000000000000488e-03 -9.999679999999999680e-01 -4.047499999999999987e-01 -9.143949999999999578e-01 7.710999999999999972e-03 -9.144269999999999898e-01 4.047459999999999947e-01 -2.158000000000000196e-03
4.000000000000000000e+00 9.100000000000000000e+01 7.600000000000000000e+01 0.000000000000000000e+00 1.600000000000000089e+00 8.339999999999999974e-04 -1.454999999999999913e-03 9.999989999999999712e-01 3.760560000000000014e-01 -9.265959999999999752e-01 -1.662000000000000066e-03 9.265970000000000040e-01 3.760560000000000014e-01 -2.259999999999999910e-04
8.000000000000000000e+00 9.100000000000000000e+01 7.600000000000000000e+01 0.000000000000000000e+00 1.600000000000000089e+00 -8.270000000000000441e-04 -1.235999999999999903e-03 9.999989999999999712e-01 3.543189999999999951e-01 -9.351239999999999553e-01 -8.620000000000000275e-04 9.351239999999999553e-01 3.543169999999999931e-01 1.211000000000000054e-03
1.700000000000000000e+01 9.100000000000000000e+01 7.600000000000000000e+01 0.000000000000000000e+00 1.600000000000000089e+00 1.998000000000000210e-03 -2.017000000000000130e-03 9.999959999999999960e-01 3.137210000000000276e-01 -9.495120000000000227e-01 -2.541999999999999989e-03 9.495130000000000514e-01 3.137249999999999761e-01 -1.265000000000000065e-03
2.200000000000000000e+01 9.100000000000000000e+01 7.600000000000000000e+01 0.000000000000000000e+00 1.600000000000000089e+00 1.227000000000000009e-03 -3.020999999999999814e-03 9.999949999999999672e-01 2.911020000000000274e-01 -9.566869999999999541e-01 -3.248000000000000019e-03 9.566909999999999581e-01 2.911039999999999739e-01 -2.939999999999999905e-04
2.900000000000000000e+01 9.100000000000000000e+01 7.600000000000000000e+01 0.000000000000000000e+00 1.600000000000000089e+00 -3.158999999999999916e-03 -3.444000000000000013e-03 9.999890000000000168e-01 2.767740000000000200e-01 -9.609320000000000084e-01 -2.435000000000000098e-03 9.609299999999999509e-01 2.767629999999999812e-01 3.989000000000000358e-03
1.100000000000000000e+01 4.400000000000000000e+01 8.300000000000000000e+01 0.000000000000000000e+00 1.600000000000000089e+00 1.505399999999999967e-02 6.371899999999999786e-02 9.978540000000000187e-01 5.613500000000000156e-01 -8.263920000000000154e-01 4.430100000000000010e-02 8.274409999999999821e-01 5.594789999999999486e-01 -4.820900000000000185e-02
2.600000000000000000e+01 4.400000000000000000e+01 8.300000000000000000e+01 0.000000000000000000e+00 1.600000000000000089e+00 1.599999999999999928e-05 -4.387000000000000274e-03 9.999900000000000455e-01 5.913650000000000295e-01 -8.063960000000000017e-01 -3.547999999999999939e-03 8.064040000000000097e-01 5.913589999999999680e-01 2.582000000000000094e-03
