6.000000000000000000e+00 2.500000000000000000e+01 1.000000000000000000e+00 0.000000000000000000e+00 1.600000000000000089e+00 1.649000000000000075e-03 1.933000000000000039e-03 -9.999970000000000248e-01 -5.208920000000000217e-01 -8.536190000000000166e-01 -2.508999999999999946e-03 -8.536209999999999631e-01 5.208939999999999682e-01 -4.009999999999999893e-04
1.300000000000000000e+01 2.500000000000000000e+01 1.000000000000000000e+00 0.000000000000000000e+00 1.600000000000000089e+00 -1.463000000000000108e-03 2.492999999999999990e-03 -9.999959999999999960e-01 -5.246549999999999825e-01 -8.513140000000000152e-01 -1.355000000000000085e-03 -8.513140000000000152e-01 5.246499999999999497e-01 2.553000000000000148e-03
2.800000000000000000e+01 2.500000000000000000e+01 1.000000000000000000e+00 0.000000000000000000e+00 1.600000000000000089e+00 8.959999999999999866e-04 2.645000000000000216e-03 -9.999959999999999960e-01 -5.219749999999999668e-01 -8.529560000000000475e-01 -2.723999999999999859e-03 -8.529600000000000515e-01 5.219749999999999668e-01 6.170000000000000354e-04
2.100000000000000000e+01 1.500000000000000000e+01 4.000000000000000000e+00 0.000000000000000000e+00 1.600000000000000089e+00 7.269999999999999987e-04 -1.382899999999999928e-02 9.999040000000000150e-01 3.803599999999999759e-01 -9.247459999999999569e-01 -1.306599999999999949e-02 9.248380000000000489e-01 3.803329999999999766e-01 4.588000000000000064e-03
1.000000000000000000e+00 1.010000000000000000e+02 7.000000000000000000e+00 0.000000000000000000e+00 1.600000000000000089e+00 -2.664999999999999834e-03 1.233800000000000001e-02 9.999200000000000310e-01 8.864290000000000225e-01 4.628519999999999857e-01 -3.348999999999999980e-03 -4.628559999999999897e-01 8.863499999999999712e-01 -1.217000000000000026e-02
7.000000000000000000e+00 1.010000000000000000e+02 7.000000000000000000e+00 0.000000000000000000e+00 1.600000000000000089e+00 -2.583999999999999925e-03 4.155999999999999972e-03 9.999879999999999880e-01 8.851900000000000324e-01 4.652290000000000036e-01 3.539999999999999853e-04 -4.652220000000000244e-01 8.851809999999999956e-01 -4.880999999999999922e-03
1.000000000000000000e+01 1.010000000000000000e+02 7.000000000000000000e+00 0.000000000000000000e+00 1.600000000000000089e+00 -5.289999999999999564e-04 1.325000000000000006e-03 9.999989999999999712e-01 8.839759999999999840e-01 4.675320000000000031e-01 -1.520000000000000084e-04 -4.675320000000000031e-01 8.839749999999999552e-01 -1.418999999999999906e-03
2.500000000000000000e+01 1.010000000000000000e+02 7.000000000000000000e+00 0.000000000000000000e+00 1.600000000000000089e+00 2.507000000000000114e-03 -9.789000000000000826e-03 9.999489999999999768e-01 8.862689999999999735e-01 4.631640000000000201e-01 2.311999999999999819e-03 -4.631629999999999914e-01 8.862179999999999502e-01 9.837000000000000258e-03
1.800000000000000000e+01 1.500000000000000000e+01 8.000000000000000000e+00 0.000000000000000000e+00 1.600000000000000089e+00 -4.220000000000000118e-04 -2.432899999999999993e-02 -9.997040000000000370e-01 -6.186439999999999717e-01 -7.854330000000000478e-01 1.937600000000000086e-02 -7.856720000000000370e-01 6.184690000000000465e-01 -1.471899999999999945e-02
5.000000000000000000e+00 2.500000000000000000e+01 8.000000000000000000e+00 0.000000000000000000e+00 1.600000000000000089e+00 -1.616999999999999948e-03 -8.939000000000000765e-03 -9.999590000000000423e-01 4.428790000000000227e-01 8.965389999999999748e-01 -8.730999999999999178e-03 8.965800000000000436e-01 -4.428750000000000187e-01 2.508999999999999946e-03
1.100000000000000000e+01 2.500000000000000000e+01 8.000000000000000000e+00 0.000000000000000000e+00 1.600000000000000089e+00 9.979999999999999722e-04 2.942999999999999870e-03 -9.999949999999999672e-01 4.439939999999999998e-01 8.960249999999999604e-01 3.079999999999999839e-03 8.960289999999999644e-01 -4.439939999999999998e-01 -4.119999999999999856e-04
1.500000000000000000e+01 2.500000000000000000e+01 8.000000000000000000e+00 0.000000000000000000e+00 1.600000000000000089e+00 1.822999999999999968e-03 5.982000000000000338e-03 -9.999799999999999800e-01 4.429199999999999804e-01 8.965400000000000036e-01 6.171000000000000270e-03 8.965589999999999948e-01 -4.429230000000000111e-01 -1.015000000000000060e-03
1.900000000000000000e+01 2.500000000000000000e+01 8.000000000000000000e+00 0.000000000000000000e+00 1.600000000000000089e+00 1.479000000000000063e-03 -2.180000000000000134e-04 -9.999989999999999712e-01 4.415410000000000168e-01 8.972409999999999553e-01 4.580000000000000195e-04 8.972400000000000375e-01 -4.415419999999999900e-01 1.423000000000000003e-03
2.300000000000000000e+01 2.500000000000000000e+01 8.000000000000000000e+00 0.000000000000000000e+00 1.600000000000000089e+00 -5.259999999999999919e-04 -2.660000000000000146e-04 -1.000000000000000000e+00 4.404379999999999962e-01 8.977829999999999977e-01 -4.699999999999999859e-04 8.977829999999999977e-01 -4.404379999999999962e-01 -3.550000000000000096e-04
2.900000000000000000e+01 2.500000000000000000e+01 8.000000000000000000e+00 0.000000000000000000e+00 1.600000000000000089e+00 2.857999999999999863e-03 4.322999999999999586e-03 -9.999869999999999592e-01 4.382530000000000037e-01 8.988369999999999971e-01 5.138000000000000206e-03 8.988469999999999516e-01 -4.382610000000000117e-01 6.750000000000000357e-04
1.000000000000000000e+00 2.400000000000000000e+01 9.000000000000000000e+00 0.000000000000000000e+00 1.600000000000000089e+00 -2.321000000000000146e-03 -5.767999999999999690e-03 -9.999810000000000088e-01 4.483530000000000015e-01 8.938350000000000461e-01 -6.197000000000000251e-03 8.938540000000000374e-01 -4.483579999999999788e-01 5.109999999999999525e-04
5.000000000000000000e+00 2.400000000000000000e+01 9.000000000000000000e+00 0.000000000000000000e+00 1.600000000000000089e+00 -1.848999999999999949e-03 -8.300000000000000086e-03 -9.999639999999999640e-01 4.502439999999999776e-01 8.928669999999999662e-01 -8.243000000000000327e-03 8.929030000000000022e-01 -4.502430000000000043e-01 2.086000000000000180e-03
1.100000000000000000e+01 2.400000000000000000e+01 9.000000000000000000e+00 0.000000000000000000e+00 1.600000000000000089e+00 9.529999999999999626e-04 2.407999999999999984e-03 -9.999970000000000248e-01 4.512399999999999745e-01 8.923990000000000533e-01 2.579000000000000129e-03 8.924020000000000286e-01 -4.512410000000000032e-01 -2.359999999999999902e-04
1.700000000000000000e+01 2.400000000000000000e+01 9.000000000000000000e+00 0.000000000000000000e+00 1.600000000000000089e+00 2.138000000000000143e-03 4.658999999999999947e-03 -9.999869999999999592e-01 4.487459999999999782e-01 8.936439999999999939e-01 5.122999999999999950e-03 8.936570000000000347e-01 -4.487510000000000110e-01 -1.800000000000000113e-04
2.300000000000000000e+01 2.400000000000000000e+01 9.000000000000000000e+00 0.000000000000000000e+00 1.600000000000000089e+00 -2.020000000000000040e-04 -5.079999999999999880e-04 -1.000000000000000000e+00 4.468360000000000110e-01 8.946159999999999668e-01 -5.450000000000000200e-04 8.946159999999999668e-01 -4.468360000000000110e-01 4.600000000000000004e-05
2.900000000000000000e+01 2.400000000000000000e+01 9.000000000000000000e+00 0.000000000000000000e+00 1.600000000000000089e+00 2.906000000000000163e-03 3.504999999999999869e-03 -9.999900000000000455e-01 4.446359999999999757e-01 8.957000000000000517e-01 4.432000000000000176e-03 8.957060000000000022e-01 -4.446450000000000125e-01 1.044999999999999922e-03
2.900000000000000000e+01 7.000000000000000000e+00 1.000000000000000000e+01 0.000000000000000000e+00 1.600000000000000089e+00 2.967200000000000046e-02 7.905000000000000568e-03 -9.995279999999999720e-01 -9.711189999999999545e-01 -2.366109999999999880e-01 -3.070000000000000159e-02 -2.367420000000000080e-01 9.715719999999999912e-01 6.560000000000000076e-04
1.500000000000000000e+01 8.000000000000000000e+00 1.000000000000000000e+01 0.000000000000000000e+00 1.600000000000000089e+00 -1.583400000000000085e-01 -1.133269999999999972e-01 -9.808599999999999541e-01 -9.489229999999999610e-01 -2.570919999999999872e-01 1.828889999999999960e-01 -2.728979999999999739e-01 9.597189999999999888e-01 -6.683100000000000152e-02
1.000000000000000000e+01 3.100000000000000000e+01 1.200000000000000000e+01 0.000000000000000000e+00 1.600000000000000089e+00 1.453999999999999997e-03 -2.210000000000000050e-04 9.999989999999999712e-01 -1.181699999999999938e-02 9.999299999999999855e-01 2.380000000000000117e-04 -9.999289999999999567e-01 -1.181699999999999938e-02 1.451000000000000033e-03
2.100000000000000000e+01 3.100000000000000000e+01 1.200000000000000000e+01 0.000000000000000000e+00 1.600000000000000089e+00 -8.149999999999999693e-04 6.159999999999999677e-03 9.999810000000000088e-01 -4.562000000000000083e-03 9.999710000000000543e-01 -6.164000000000000208e-03 -9.999890000000000168e-01 -4.566999999999999879e-03 -7.870000000000000476e-04
6.000000000000000000e+00 3.500000000000000000e+01 1.200000000000000000e+01 0.000000000000000000e+00 1.600000000000000089e+00 -3.657000000000000094e-03 1.120799999999999921e-02 -9.999310000000000143e-01 5.055960000000000454e-01 -8.626930000000000431e-01 -1.151899999999999973e-02 -8.627629999999999466e-01 -5.056030000000000246e-01 -2.511999999999999910e-03
1.300000000000000000e+01 3.500000000000000000e+01 1.200000000000000000e+01 0.000000000000000000e+00 1.600000000000000089e+00 -4.734999999999999626e-03 1.720999999999999960e-02 -9.998409999999999798e-01 5.617339999999999556e-01 -8.271450000000000191e-01 -1.689799999999999983e-02 -8.273040000000000393e-01 -5.617250000000000298e-01 -5.751000000000000036e-03
1.000000000000000000e+00 1.200000000000000000e+01 1.600000000000000000e+01 0.000000000000000000e+00 1.600000000000000089e+00 -8.350000000000000217e-04 1.714699999999999905e-02 9.998529999999999918e-01 2.046769999999999978e-01 -9.786829999999999696e-01 1.695500000000000132e-02 9.788289999999999491e-01 2.046610000000000096e-01 -2.691999999999999948e-03
7.000000000000000000e+00 1.200000000000000000e+01 1.600000000000000000e+01 0.000000000000000000e+00 1.600000000000000089e+00 3.800000000000000209e-04 -2.167600000000000082e-02 9.997650000000000148e-01 2.058760000000000034e-01 -9.783460000000000489e-01 -2.128899999999999890e-02 9.785779999999999479e-01 2.058359999999999912e-01 4.091000000000000018e-03
1.000000000000000000e+01 1.160000000000000000e+02 1.600000000000000000e+01 0.000000000000000000e+00 1.600000000000000089e+00 2.080999999999999951e-03 -3.899999999999999929e-05 9.999980000000000535e-01 7.679070000000000062e-01 6.405600000000000183e-01 -1.572999999999999962e-03 -6.405579999999999607e-01 7.679089999999999527e-01 1.361999999999999929e-03
2.000000000000000000e+01 1.160000000000000000e+02 1.600000000000000000e+01 0.000000000000000000e+00 1.600000000000000089e+00 3.899999999999999929e-04 4.929999999999999487e-04 1.000000000000000000e+00 7.620310000000000139e-01 6.475410000000000332e-01 -6.170000000000000354e-04 -6.475410000000000332e-01 7.620310000000000139e-01 -1.230000000000000082e-04
2.500000000000000000e+01 1.160000000000000000e+02 1.600000000000000000e+01 0.000000000000000000e+00 1.600000000000000089e+00 1.869999999999999917e-04 3.089999999999999756e-04 1.000000000000000000e+00 7.528369999999999784e-01 6.582069999999999865e-01 -3.440000000000000132e-04 -6.582069999999999865e-01 7.528369999999999784e-01 -1.090000000000000067e-04
2.900000000000000000e+01 1.160000000000000000e+02 1.600000000000000000e+01 0.000000000000000000e+00 1.600000000000000089e+00 4.569999999999999952e-04 -3.111000000000000050e-03 9.999949999999999672e-01 7.546669999999999767e-01 6.561059999999999670e-01 1.696000000000000025e-03 -6.561080000000000245e-01 7.546620000000000550e-01 2.648000000000000180e-03
1.300000000000000000e+01 2.000000000000000000e+00 1.900000000000000000e+01 0.000000000000000000e+00 1.600000000000000089e+00 7.407000000000000389e-03 -5.866299999999999987e-02 -9.982499999999999707e-01 3.411069999999999935e-01 -9.382540000000000324e-01 5.766899999999999804e-02 -9.399950000000000250e-01 -3.409369999999999901e-01 1.306099999999999969e-02
2.000000000000000000e+01 2.000000000000000000e+00 1.900000000000000000e+01 0.000000000000000000e+00 1.600000000000000089e+00 7.212999999999999794e-03 -6.456900000000000139e-02 -9.978869999999999685e-01 3.677000000000000268e-01 -9.278290000000000148e-01 6.269299999999999873e-02 -9.299169999999999936e-01 -3.673750000000000071e-01 1.704900000000000165e-02
2.700000000000000000e+01 2.000000000000000000e+00 1.900000000000000000e+01 0.000000000000000000e+00 1.600000000000000089e+00 6.610000000000000207e-04 8.191000000000000364e-03 -9.999660000000000215e-01 3.633649999999999936e-01 -9.316179999999999461e-01 -7.391000000000000000e-03 -9.316470000000000029e-01 -3.633480000000000043e-01 -3.592000000000000141e-03
5.000000000000000000e+00 3.000000000000000000e+00 1.900000000000000000e+01 0.000000000000000000e+00 1.600000000000000089e+00 -1.859999999999999945e-04 1.733700000000000171e-02 -9.998500000000000165e-01 3.133889999999999731e-01 -9.494810000000000194e-01 -1.652199999999999849e-02 -9.496250000000000524e-01 -3.133449999999999847e-01 -5.256000000000000255e-03
5.000000000000000000e+00 4.000000000000000000e+00 2.000000000000000000e+01 0.000000000000000000e+00 1.600000000000000089e+00 3.680000000000000003e-04 1.880499999999999880e-02 -9.998230000000000173e-01 3.792929999999999913e-01 -9.251160000000000494e-01 -1.726000000000000104e-02 -9.252770000000000161e-01 -3.792200000000000015e-01 -7.472999999999999608e-03
9.000000000000000000e+00 4.000000000000000000e+00 2.000000000000000000e+01 0.000000000000000000e+00 1.600000000000000089e+00 4.423999999999999981e-03 -1.139599999999999988e-02 -9.999249999999999527e-01 3.804669999999999996e-01 -9.247140000000000359e-01 1.222200000000000022e-02 -9.247840000000000504e-01 -3.804930000000000256e-01 2.449999999999999921e-04
4.000000000000000000e+00 1.300000000000000000e+01 2.000000000000000000e+01 0.000000000000000000e+00 1.600000000000000089e+00 6.049999999999999606e-04 2.171000000000000187e-03 9.999970000000000248e-01 2.733470000000000066e-01 9.619130000000000180e-01 -2.253999999999999927e-03 -9.619149999999999645e-01 2.733479999999999799e-01 -1.200000000000000030e-05
9.000000000000000000e+00 1.300000000000000000e+01 2.000000000000000000e+01 0.000000000000000000e+00 1.600000000000000089e+00 6.759999999999999516e-04 -3.399999999999999973e-05 1.000000000000000000e+00 2.694170000000000176e-01 9.630239999999999911e-01 -1.489999999999999897e-04 -9.630229999999999624e-01 2.694170000000000176e-01 6.599999999999999964e-04
1.500000000000000000e+01 1.300000000000000000e+01 2.000000000000000000e+01 0.000000000000000000e+00 1.600000000000000089e+00 4.229999999999999819e-04 1.157999999999999958e-03 9.999989999999999712e-01 2.594940000000000024e-01 9.657440000000000468e-01 -1.227999999999999925e-03 -9.657440000000000468e-01 2.594949999999999757e-01 1.079999999999999960e-04
2.300000000000000000e+01 1.300000000000000000e+01 2.000000000000000000e+01 0.000000000000000000e+00 1.600000000000000089e+00 5.969999999999999829e-04 8.259999999999999981e-03 9.999660000000000215e-01 2.610689999999999955e-01 9.652859999999999774e-01 -8.130000000000000074e-03 -9.653199999999999559e-01 2.610640000000000183e-01 -1.580000000000000024e-03
2.700000000000000000e+01 1.300000000000000000e+01 2.000000000000000000e+01 0.000000000000000000e+00 1.600000000000000089e+00 -8.610000000000000032e-04 -2.191999999999999938e-03 9.999970000000000248e-01 2.611620000000000053e-01 9.652920000000000389e-01 2.340000000000000066e-03 -9.652950000000000141e-01 2.611629999999999785e-01 -2.590000000000000071e-04
2.700000000000000000e+01 1.600000000000000000e+01 2.100000000000000000e+01 0.000000000000000000e+00 1.600000000000000089e+00 -1.991999999999999847e-03 -3.635000000000000210e-03 9.999909999999999632e-01 2.986460000000000226e-01 9.543549999999999534e-01 4.063999999999999904e-03 -9.543620000000000436e-01 2.986519999999999730e-01 -8.159999999999999936e-04
2.400000000000000000e+01 2.000000000000000000e+00 2.500000000000000000e+01 0.000000000000000000e+00 1.600000000000000089e+00 2.305000000000000191e-03 -9.381000000000000449e-03 9.999529999999999808e-01 6.813400000000000012e-02 -9.976310000000000455e-01 -9.516999999999999418e-03 9.976739999999999498e-01 6.815300000000000524e-02 -1.660000000000000017e-03
5.000000000000000000e+00 3.000000000000000000e+00 2.500000000000000000e+01 0.000000000000000000e+00 1.600000000000000089e+00 -2.458000000000000115e-03 2.040900000000000006e-02 9.997890000000000388e-01 -3.672700000000000270e-02 -9.991189999999999793e-01 2.030500000000000013e-02 9.993220000000000436e-01 -3.667000000000000121e-02 3.204999999999999950e-03
1.000000000000000000e+01 3.000000000000000000e+00 2.500000000000000000e+01 0.000000000000000000e+00 1.600000000000000089e+00 1.518999999999999951e-03 -1.804400000000000101e-02 9.998359999999999470e-01 -1.711800000000000127e-02 -9.996909999999999963e-01 -1.801600000000000076e-02 9.998519999999999630e-01 -1.708799999999999902e-02 -1.827000000000000065e-03
1.500000000000000000e+01 3.000000000000000000e+00 2.500000000000000000e+01 0.000000000000000000e+00 1.600000000000000089e+00 9.114999999999999838e-03 -4.975399999999999961e-02 9.987200000000000522e-01 2.706899999999999931e-02 -9.983830000000000204e-01 -4.998400000000000065e-02 9.995920000000000361e-01 2.749000000000000055e-02 -7.753000000000000343e-03
2.300000000000000000e+01 3.000000000000000000e+00 2.500000000000000000e+01 0.000000000000000000e+00 1.600000000000000089e+00 1.941999999999999933e-03 -1.304400000000000004e-02 9.999130000000000518e-01 -1.321400000000000005e-02 -9.998280000000000500e-01 -1.301700000000000079e-02 9.999109999999999943e-01 -1.318800000000000007e-02 -2.113999999999999994e-03
2.900000000000000000e+01 3.000000000000000000e+00 2.500000000000000000e+01 0.000000000000000000e+00 1.600000000000000089e+00 -9.250000000000000409e-04 2.347999999999999827e-03 9.999970000000000248e-01 -2.375599999999999934e-02 -9.997150000000000203e-01 2.324999999999999810e-03 9.997169999999999668e-01 -2.375299999999999981e-02 9.799999999999999684e-04
1.800000000000000000e+01 4.600000000000000000e+01 2.700000000000000000e+01 0.000000000000000000e+00 1.600000000000000089e+00 3.400000000000000244e-04 2.497000000000000088e-03 -9.999970000000000248e-01 6.728929999999999634e-01 7.397369999999999779e-01 2.076000000000000154e-03 7.397399999999999531e-01 -6.728920000000000456e-01 -1.428000000000000016e-03
2.700000000000000000e+01 4.600000000000000000e+01 2.700000000000000000e+01 0.000000000000000000e+00 1.600000000000000089e+00 -3.959999999999999762e-04 -5.220000000000000031e-04 -1.000000000000000000e+00 6.781239999999999490e-01 7.349480000000000457e-01 -6.530000000000000431e-04 7.349480000000000457e-01 -6.781239999999999490e-01 6.299999999999999990e-05
2.000000000000000000e+00 4.600000000000000000e+01 3.000000000000000000e+01 0.000000000000000000e+00 1.600000000000000089e+00 -2.379000000000000038e-03 -3.480000000000000020e-03 -9.999909999999999632e-01 3.234090000000000020e-01 9.462500000000000355e-01 -4.061999999999999639e-03 9.462559999999999860e-01 -3.234159999999999813e-01 -1.124999999999999915e-03
4.000000000000000000e+00 5.800000000000000000e+01 3.100000000000000000e+01 0.000000000000000000e+00 1.600000000000000089e+00 -7.033000000000000189e-03 -3.206000000000000082e-03 9.999700000000000255e-01 -7.603779999999999983e-01 -6.494379999999999598e-01 -7.429999999999999973e-03 6.494429999999999925e-01 -7.604079999999999728e-01 2.129999999999999949e-03
8.000000000000000000e+00 5.800000000000000000e+01 3.100000000000000000e+01 0.000000000000000000e+00 1.600000000000000089e+00 -4.525000000000000376e-03 -5.517000000000000202e-03 9.999749999999999472e-01 -7.636469999999999647e-01 -6.455959999999999477e-01 -7.017999999999999933e-03 6.456180000000000252e-01 -7.636589999999999767e-01 -1.291000000000000047e-03
2.600000000000000000e+01 5.800000000000000000e+01 3.100000000000000000e+01 0.000000000000000000e+00 1.600000000000000089e+00 -4.099000000000000213e-03 -9.286000000000000851e-03 9.999489999999999768e-01 -7.956689999999999596e-01 -6.056660000000000377e-01 -8.885999999999999802e-03 6.057179999999999787e-01 -7.956649999999999556e-01 -4.905999999999999771e-03
2.800000000000000000e+01 5.800000000000000000e+01 3.100000000000000000e+01 0.000000000000000000e+00 1.600000000000000089e+00 -4.183000000000000086e-03 -5.428999999999999798e-03 9.999770000000000048e-01 -7.980840000000000156e-01 -6.025099999999999900e-01 -6.610000000000000424e-03 6.025319999999999565e-01 -7.980930000000000524e-01 -1.812999999999999941e-03
1.500000000000000000e+01 2.300000000000000000e+01 3.400000000000000000e+01 0.000000000000000000e+00 1.600000000000000089e+00 -1.216000000000000067e-03 6.246999999999999949e-03 9.999799999999999800e-01 4.069749999999999757e-01 -9.134179999999999522e-01 6.200999999999999915e-03 9.134379999999999722e-01 4.069740000000000024e-01 -1.431999999999999896e-03
3.000000000000000000e+00 4.600000000000000000e+01 3.500000000000000000e+01 0.000000000000000000e+00 1.600000000000000089e+00 -2.139999999999999975e-04 2.007999999999999802e-03 -9.999980000000000535e-01 3.906970000000000165e-01 -9.205170000000000297e-01 -1.931999999999999907e-03 -9.205189999999999761e-01 -3.906970000000000165e-01 -5.869999999999999567e-04
7.000000000000000000e+00 4.600000000000000000e+01 3.500000000000000000e+01 0.000000000000000000e+00 1.600000000000000089e+00 5.509999999999999490e-04 3.001999999999999894e-03 -9.999949999999999672e-01 3.907849999999999935e-01 -9.204780000000000184e-01 -2.547999999999999918e-03 -9.204820000000000224e-01 -3.907820000000000182e-01 -1.680000000000000070e-03
1.400000000000000000e+01 4.600000000000000000e+01 3.500000000000000000e+01 0.000000000000000000e+00 1.600000000000000089e+00 2.999999999999999737e-04 1.090999999999999956e-03 -9.999989999999999712e-01 3.901950000000000141e-01 -9.207319999999999949e-01 -8.869999999999999846e-04 -9.207319999999999949e-01 -3.901950000000000141e-01 -7.020000000000000415e-04
2.000000000000000000e+01 4.600000000000000000e+01 3.500000000000000000e+01 0.000000000000000000e+00 1.600000000000000089e+00 2.018999999999999961e-03 2.935000000000000109e-03 -9.999940000000000495e-01 3.894299999999999984e-01 -9.210540000000000393e-01 -1.917000000000000084e-03 -9.210540000000000393e-01 -3.894230000000000191e-01 -3.003000000000000027e-03
2.500000000000000000e+01 4.600000000000000000e+01 3.500000000000000000e+01 0.000000000000000000e+00 1.600000000000000089e+00 -1.278999999999999972e-03 -2.174999999999999850e-03 -9.999970000000000248e-01 3.897010000000000196e-01 -9.209399999999999809e-01 1.505000000000000044e-03 -9.209399999999999809e-01 -3.896979999999999889e-01 2.024999999999999890e-03
2.900000000000000000e+01 4.600000000000000000e+01 3.500000000000000000e+01 0.000000000000000000e+00 1.600000000000000089e+00 -7.889999999999999878e-04 -1.386000000000000079e-03 -9.999989999999999712e-01 3.888320000000000110e-01 -9.213080000000000158e-01 9.709999999999999664e-04 -9.213080000000000158e-01 -3.888309999999999822e-01 1.265999999999999981e-03
2.000000000000000000e+00 2.900000000000000000e+01 4.400000000000000000e+01 0.000000000000000000e+00 1.600000000000000089e+00 -1.958999999999999804e-03 -3.337000000000000122e-03 -9.999930000000000208e-01 6.471909999999999608e-01 7.623180000000000511e-01 -3.811999999999999850e-03 7.623250000000000304e-01 -6.471940000000000470e-01 6.660000000000000338e-04
6.000000000000000000e+00 2.900000000000000000e+01 4.400000000000000000e+01 0.000000000000000000e+00 1.600000000000000089e+00 -1.915000000000000036e-03 -4.454999999999999759e-03 -9.999879999999999880e-01 6.533949999999999481e-01 7.570029999999999815e-01 -4.623999999999999638e-03 7.570149999999999935e-01 -6.533959999999999768e-01 1.461000000000000059e-03
1.100000000000000000e+01 2.900000000000000000e+01 4.400000000000000000e+01 0.000000000000000000e+00 1.600000000000000089e+00 -7.190000000000000210e-04 -3.689000000000000005e-03 -9.999930000000000208e-01 6.576579999999999648e-01 7.533100000000000351e-01 -3.252000000000000116e-03 7.533159999999999856e-01 -6.576560000000000183e-01 1.884000000000000041e-03
1.600000000000000000e+01 2.900000000000000000e+01 4.400000000000000000e+01 0.000000000000000000e+00 1.600000000000000089e+00 4.730000000000000046e-04 5.090000000000000123e-04 -1.000000000000000000e+00 6.561320000000000485e-01 7.546460000000000390e-01 6.949999999999999798e-04 7.546460000000000390e-01 -6.561320000000000485e-01 2.300000000000000002e-05
2.200000000000000000e+01 2.900000000000000000e+01 4.400000000000000000e+01 0.000000000000000000e+00 1.600000000000000089e+00 4.971999999999999857e-03 4.547999999999999959e-03 -9.999770000000000048e-01 6.603909999999999503e-01 7.508920000000000039e-01 6.699000000000000093e-03 7.509050000000000447e-01 -6.604100000000000525e-01 7.299999999999999632e-04
2.700000000000000000e+01 2.900000000000000000e+01 4.400000000000000000e+01 0.000000000000000000e+00 1.600000000000000089e+00 -2.075000000000000022e-03 2.632999999999999924e-03 -9.999940000000000495e-01 6.564489999999999492e-01 7.543699999999999850e-01 6.239999999999999887e-04 7.543680000000000385e-01 -6.564440000000000275e-01 -3.294000000000000053e-03
1.000000000000000000e+00 6.500000000000000000e+01 4.600000000000000000e+01 0.000000000000000000e+00 1.600000000000000089e+00 -3.707999999999999925e-03 5.631999999999999854e-03 9.999770000000000048e-01 6.825269999999999948e-01 -7.308299999999999796e-01 6.647000000000000131e-03 7.308510000000000284e-01 6.825360000000000316e-01 -1.134999999999999941e-03
4.000000000000000000e+00 5.000000000000000000e+00 5.100000000000000000e+01 0.000000000000000000e+00 1.600000000000000089e+00 -1.900000000000000105e-04 7.354000000000000294e-03 -9.999730000000000008e-01 4.885630000000000250e-01 -8.725049999999999750e-01 -6.509000000000000029e-03 -8.725289999999999990e-01 -4.885510000000000130e-01 -3.426999999999999925e-03
1.100000000000000000e+01 5.000000000000000000e+00 5.100000000000000000e+01 0.000000000000000000e+00 1.600000000000000089e+00 1.216000000000000067e-03 -2.043999999999999810e-03 -9.999970000000000248e-01 4.865849999999999898e-01 -8.736300000000000177e-01 2.377999999999999906e-03 -8.736329999999999929e-01 -4.865860000000000185e-01 -6.799999999999999946e-05
1.000000000000000000e+00 1.150000000000000000e+02 5.100000000000000000e+01 0.000000000000000000e+00 1.600000000000000089e+00 -1.057999999999999913e-03 -4.768999999999999802e-03 9.999879999999999880e-01 8.448959999999999804e-01 -5.349289999999999878e-01 -1.657000000000000053e-03 5.349300000000000166e-01 8.448839999999999684e-01 4.595000000000000126e-03
1.900000000000000000e+01 1.150000000000000000e+02 5.100000000000000000e+01 0.000000000000000000e+00 1.600000000000000089e+00 -2.919999999999999961e-04 -4.356999999999999762e-03 9.999900000000000455e-01 8.443789999999999907e-01 -5.357420000000000515e-01 -2.086999999999999880e-03 5.357460000000000555e-01 8.443709999999999827e-01 3.836000000000000000e-03
8.000000000000000000e+00 7.000000000000000000e+00 5.200000000000000000e+01 0.000000000000000000e+00 1.600000000000000089e+00 1.167000000000000069e-03 -2.880000000000000181e-03 -9.999949999999999672e-01 1.247980000000000061e-01 -9.921780000000000044e-01 3.003000000000000027e-03 -9.921809999999999796e-01 -1.248009999999999953e-01 -7.979999999999999897e-04
1.300000000000000000e+01 6.300000000000000000e+01 5.400000000000000000e+01 0.000000000000000000e+00 1.600000000000000089e+00 -2.590000000000000071e-04 -1.485999999999999908e-03 9.999989999999999712e-01 -3.484459999999999780e-01 9.373280000000000500e-01 1.302999999999999905e-03 -9.373289999999999678e-01 -3.484450000000000047e-01 -7.609999999999999577e-04
1.700000000000000000e+01 6.300000000000000000e+01 5.400000000000000000e+01 0.000000000000000000e+00 1.600000000000000089e+00 -1.227000000000000009e-03 1.789999999999999870e-04 9.999989999999999712e-01 -3.497520000000000073e-01 9.368419999999999526e-01 -5.969999999999999829e-04 -9.368419999999999526e-01 -3.497520000000000073e-01 -1.087000000000000076e-03
2.200000000000000000e+01 6.300000000000000000e+01 5.400000000000000000e+01 0.000000000000000000e+00 1.600000000000000089e+00 1.330000000000000073e-04 2.785999999999999848e-03 9.999959999999999960e-01 -3.496770000000000156e-01 9.368670000000000053e-01 -2.563999999999999873e-03 -9.368699999999999806e-01 -3.496759999999999868e-01 1.098999999999999934e-03
2.800000000000000000e+01 6.300000000000000000e+01 5.400000000000000000e+01 0.000000000000000000e+00 1.600000000000000089e+00 2.446999999999999956e-03 2.979999999999999793e-04 9.999970000000000248e-01 -3.555789999999999784e-01 9.346459999999999768e-01 5.910000000000000539e-04 -9.346430000000000016e-01 -3.555800000000000072e-01 2.393000000000000162e-03
1.500000000000000000e+01 2.500000000000000000e+01 5.500000000000000000e+01 0.000000000000000000e+00 1.600000000000000089e+00 -3.860000000000000041e-04 1.399999999999999986e-03 -9.999989999999999712e-01 -1.188099999999999920e-02 -9.999280000000000390e-01 -1.394999999999999973e-03 -9.999289999999999567e-01 1.188099999999999920e-02 4.029999999999999837e-04
3.000000000000000000e+01 2.500000000000000000e+01 5.500000000000000000e+01 0.000000000000000000e+00 1.600000000000000089e+00 -2.394999999999999993e-03 -4.122999999999999929e-03 -9.999890000000000168e-01 -1.360899999999999957e-02 -9.998989999999999823e-01 4.154999999999999839e-03 -9.999050000000000438e-01 1.361899999999999916e-02 2.338999999999999933e-03
2.100000000000000000e+01 6.800000000000000000e+01 5.700000000000000000e+01 0.000000000000000000e+00 1.600000000000000089e+00 2.410000000000000033e-04 -4.954000000000000070e-03 -9.999879999999999880e-01 -2.416850000000000109e-01 -9.703429999999999556e-01 4.748999999999999749e-03 -9.703549999999999676e-01 2.416800000000000059e-01 -1.431999999999999896e-03
4.000000000000000000e+00 2.000000000000000000e+01 6.000000000000000000e+01 0.000000000000000000e+00 1.600000000000000089e+00 -1.150000000000000035e-04 4.917000000000000363e-03 9.999879999999999880e-01 -6.234699999999999964e-02 9.980419999999999847e-01 -4.915000000000000098e-03 -9.980550000000000255e-01 -6.234599999999999864e-02 1.920000000000000049e-04
1.500000000000000000e+01 2.000000000000000000e+01 6.000000000000000000e+01 0.000000000000000000e+00 1.600000000000000089e+00 4.290000000000000193e-04 -8.772000000000000283e-03 9.999609999999999888e-01 -6.330500000000000016e-02 9.979559999999999542e-01 8.781999999999999876e-03 -9.979940000000000477e-01 -6.330600000000000116e-02 -1.269999999999999970e-04
3.000000000000000000e+00 2.100000000000000000e+01 6.000000000000000000e+01 0.000000000000000000e+00 1.600000000000000089e+00 4.629999999999999784e-04 6.200999999999999915e-03 9.999810000000000088e-01 -9.447300000000000142e-02 9.955089999999999772e-01 -6.128999999999999899e-03 -9.955270000000000508e-01 -9.446899999999999742e-02 1.046999999999999971e-03
8.000000000000000000e+00 2.100000000000000000e+01 6.000000000000000000e+01 0.000000000000000000e+00 1.600000000000000089e+00 -7.330000000000000361e-04 3.376000000000000095e-03 9.999940000000000495e-01 -9.462199999999999778e-02 9.955070000000000308e-01 -3.429999999999999889e-03 -9.955129999999999812e-01 -9.462399999999999978e-02 -4.099999999999999912e-04
2.200000000000000000e+01 2.100000000000000000e+01 6.000000000000000000e+01 0.000000000000000000e+00 1.600000000000000089e+00 -7.219999999999999855e-04 5.504000000000000212e-03 9.999850000000000128e-01 -9.526300000000000046e-02 9.954370000000000163e-01 -5.547999999999999980e-03 -9.954520000000000035e-01 -9.526600000000000346e-02 -1.939999999999999993e-04
2.800000000000000000e+01 2.100000000000000000e+01 6.000000000000000000e+01 0.000000000000000000e+00 1.600000000000000089e+00 -1.010000000000000020e-04 -9.461999999999999925e-03 9.999550000000000383e-01 -9.603299999999999337e-02 9.953340000000000520e-01 9.409000000000000696e-03 -9.953779999999999850e-01 -9.602800000000000225e-02 -1.008999999999999914e-03
1.500000000000000000e+01 6.700000000000000000e+01 6.000000000000000000e+01 0.000000000000000000e+00 1.600000000000000089e+00 -8.130000000000000291e-04 -3.946999999999999988e-03 9.999919999999999920e-01 1.733260000000000078e-01 -9.848569999999999824e-01 -3.746000000000000198e-03 9.848639999999999617e-01 1.733220000000000038e-01 1.484999999999999992e-03
2.300000000000000000e+01 6.700000000000000000e+01 6.000000000000000000e+01 0.000000000000000000e+00 1.600000000000000089e+00 -1.353999999999999952e-03 -3.170000000000000075e-03 9.999940000000000495e-01 1.749739999999999907e-01 -9.845690000000000275e-01 -2.883999999999999845e-03 9.845720000000000027e-01 1.749690000000000134e-01 1.887999999999999921e-03
1.000000000000000000e+00 2.700000000000000000e+01 6.300000000000000000e+01 0.000000000000000000e+00 1.600000000000000089e+00 3.046999999999999795e-03 -4.682999999999999663e-03 9.999839999999999840e-01 -2.727669999999999817e-01 9.620649999999999480e-01 5.335999999999999598e-03 -9.620750000000000135e-01 -2.727789999999999937e-01 1.654000000000000088e-03
7.000000000000000000e+00 2.700000000000000000e+01 6.300000000000000000e+01 0.000000000000000000e+00 1.600000000000000089e+00 -1.169999999999999979e-04 -3.139999999999999888e-04 1.000000000000000000e+00 -2.752959999999999852e-01 9.613589999999999636e-01 2.700000000000000035e-04 -9.613589999999999636e-01 -2.752959999999999852e-01 -1.990000000000000124e-04
1.700000000000000000e+01 2.700000000000000000e+01 6.300000000000000000e+01 0.000000000000000000e+00 1.600000000000000089e+00 -4.040000000000000080e-04 -7.470000000000000511e-04 1.000000000000000000e+00 -2.746290000000000120e-01 9.615500000000000158e-01 6.080000000000000335e-04 -9.615500000000000158e-01 -2.746290000000000120e-01 -5.940000000000000184e-04
2.200000000000000000e+01 2.700000000000000000e+01 6.300000000000000000e+01 0.000000000000000000e+00 1.600000000000000089e+00 -1.066000000000000107e-03 -2.096999999999999906e-03 9.999970000000000248e-01 -2.755279999999999951e-01 9.612920000000000353e-01 1.722000000000000006e-03 -9.612929999999999531e-01 -2.755250000000000199e-01 -1.603000000000000041e-03
3.000000000000000000e+01 2.700000000000000000e+01 6.300000000000000000e+01 0.000000000000000000e+00 1.600000000000000089e+00 -2.142999999999999940e-03 -1.430000000000000064e-03 9.999970000000000248e-01 -2.724860000000000060e-01 9.621589999999999865e-01 7.919999999999999523e-04 -9.621570000000000400e-01 -2.724840000000000040e-01 -2.452000000000000186e-03
3.000000000000000000e+00 2.600000000000000000e+01 6.400000000000000000e+01 0.000000000000000000e+00 1.600000000000000089e+00 2.889000000000000075e-03 -4.147999999999999778e-03 9.999869999999999592e-01 -3.629890000000000061e-01 9.317800000000000527e-01 4.913999999999999965e-03 -9.317889999999999784e-01 -3.629990000000000161e-01 1.185999999999999988e-03
8.000000000000000000e+00 2.600000000000000000e+01 6.400000000000000000e+01 0.000000000000000000e+00 1.600000000000000089e+00 -7.799999999999999859e-04 -1.103999999999999947e-03 9.999989999999999712e-01 -3.645900000000000252e-01 9.311679999999999957e-01 7.439999999999999782e-04 -9.311679999999999957e-01 -3.645889999999999964e-01 -1.129000000000000012e-03
1.400000000000000000e+01 2.600000000000000000e+01 6.400000000000000000e+01 0.000000000000000000e+00 1.600000000000000089e+00 -1.069999999999999988e-04 -8.319999999999999488e-04 1.000000000000000000e+00 -3.650660000000000016e-01 9.309819999999999762e-01 7.360000000000000006e-04 -9.309819999999999762e-01 -3.650649999999999729e-01 -4.029999999999999837e-04
1.800000000000000000e+01 2.600000000000000000e+01 6.400000000000000000e+01 0.000000000000000000e+00 1.600000000000000089e+00 6.299999999999999990e-05 -1.361000000000000014e-03 9.999989999999999712e-01 -3.683660000000000267e-01 9.296799999999999509e-01 1.288999999999999998e-03 -9.296809999999999796e-01 -3.683660000000000267e-01 -4.429999999999999802e-04
2.200000000000000000e+01 2.600000000000000000e+01 6.400000000000000000e+01 0.000000000000000000e+00 1.600000000000000089e+00 -1.064000000000000059e-03 -1.580000000000000024e-03 9.999980000000000535e-01 -3.682849999999999735e-01 9.297119999999999829e-01 1.077000000000000049e-03 -9.297119999999999829e-01 -3.682830000000000270e-01 -1.570999999999999914e-03
1.300000000000000000e+01 6.900000000000000000e+01 6.600000000000000000e+01 0.000000000000000000e+00 1.600000000000000089e+00 -1.005999999999999950e-03 -1.497000000000000067e-03 9.999980000000000535e-01 -9.556360000000000410e-01 2.945510000000000073e-01 -5.209999999999999788e-04 -2.945499999999999785e-01 -9.556350000000000122e-01 -1.727000000000000019e-03
2.600000000000000000e+01 6.900000000000000000e+01 6.600000000000000000e+01 0.000000000000000000e+00 1.600000000000000089e+00 1.814000000000000074e-03 1.657999999999999969e-03 9.999970000000000248e-01 -9.530039999999999623e-01 3.029560000000000031e-01 1.227000000000000009e-03 -3.029529999999999723e-01 -9.530030000000000445e-01 2.129999999999999949e-03
5.000000000000000000e+00 2.500000000000000000e+01 7.300000000000000000e+01 0.000000000000000000e+00 1.600000000000000089e+00 -1.804999999999999964e-03 -3.402000000000000076e-03 9.999930000000000208e-01 7.518249999999999655e-01 -6.593620000000000037e-01 -8.869999999999999846e-04 6.593599999999999461e-01 7.518179999999999863e-01 3.748000000000000029e-03
8.000000000000000000e+00 2.500000000000000000e+01 7.300000000000000000e+01 0.000000000000000000e+00 1.600000000000000089e+00 -4.800000000000000122e-04 -4.741000000000000422e-03 9.999890000000000168e-01 7.531360000000000277e-01 -6.578589999999999716e-01 -2.756999999999999902e-03 6.578650000000000331e-01 7.531259999999999621e-01 3.886000000000000131e-03
1.300000000000000000e+01 2.500000000000000000e+01 7.300000000000000000e+01 0.000000000000000000e+00 1.600000000000000089e+00 5.240000000000000517e-04 -6.780000000000000002e-04 1.000000000000000000e+00 7.545049999999999812e-01 -6.562940000000000440e-01 -8.409999999999999507e-04 6.562940000000000440e-01 7.545049999999999812e-01 1.669999999999999935e-04
2.000000000000000000e+01 2.500000000000000000e+01 7.300000000000000000e+01 0.000000000000000000e+00 1.600000000000000089e+00 -7.150000000000000322e-04 1.123999999999999999e-03 9.999989999999999712e-01 7.572269999999999834e-01 -6.531500000000000083e-01 1.275000000000000092e-03 6.531510000000000371e-01 7.572269999999999834e-01 -3.840000000000000097e-04
2.500000000000000000e+01 2.500000000000000000e+01 7.300000000000000000e+01 0.000000000000000000e+00 1.600000000000000089e+00 1.765000000000000076e-03 1.340999999999999961e-03 9.999970000000000248e-01 7.576019999999999976e-01 -6.527169999999999916e-01 -4.620000000000000083e-04 6.527140000000000164e-01 7.576009999999999689e-01 -2.167999999999999788e-03
5.000000000000000000e+00 4.400000000000000000e+01 7.300000000000000000e+01 0.000000000000000000e+00 1.600000000000000089e+00 9.579999999999999757e-04 3.670000000000000085e-03 9.999930000000000208e-01 5.358000000000000262e-02 -9.985570000000000279e-01 3.612999999999999892e-03 9.985629999999999784e-01 5.357599999999999862e-02 -1.152999999999999945e-03
1.100000000000000000e+01 4.400000000000000000e+01 7.300000000000000000e+01 0.000000000000000000e+00 1.600000000000000089e+00 1.062000000000000010e-03 2.719000000000000063e-03 9.999959999999999960e-01 5.622400000000000314e-02 -9.984150000000000524e-01 2.654999999999999808e-03 9.984180000000000277e-01 5.622100000000000014e-02 -1.213000000000000102e-03
1.800000000000000000e+01 4.400000000000000000e+01 7.300000000000000000e+01 0.000000000000000000e+00 1.600000000000000089e+00 -6.199999999999999999e-04 -3.288999999999999823e-03 9.999940000000000495e-01 5.412200000000000344e-02 -9.985289999999999999e-01 -3.249999999999999851e-03 9.985340000000000327e-01 5.411900000000000044e-02 7.969999999999999654e-04
