1.300000000000000000e+01 1.000000000000000000e+01 7.000000000000000000e+00 0.000000000000000000e+00 1.600000000000000089e+00 3.272900000000000115e-02 -7.922999999999999488e-03 9.994330000000000158e-01 7.948389999999999622e-01 -6.060370000000000479e-01 -3.083400000000000030e-02 6.059369999999999479e-01 7.953970000000000207e-01 -1.353700000000000042e-02
7.000000000000000000e+00 1.010000000000000000e+02 7.000000000000000000e+00 0.000000000000000000e+00 1.600000000000000089e+00 9.740000000000000394e-04 -5.800000000000000034e-05 1.000000000000000000e+00 8.862020000000000453e-01 4.632979999999999876e-01 -8.360000000000000460e-04 -4.632970000000000144e-01 8.862029999999999630e-01 5.029999999999999749e-04
1.000000000000000000e+01 1.010000000000000000e+02 7.000000000000000000e+00 0.000000000000000000e+00 1.600000000000000089e+00 -1.859999999999999945e-04 -2.833000000000000015e-03 9.999959999999999960e-01 8.870590000000000419e-01 4.616540000000000088e-01 1.472999999999999917e-03 -4.616560000000000108e-01 8.870559999999999556e-01 2.426999999999999904e-03
1.800000000000000000e+01 1.010000000000000000e+02 7.000000000000000000e+00 0.000000000000000000e+00 1.600000000000000089e+00 -3.537000000000000213e-03 -1.565100000000000172e-02 9.998709999999999543e-01 8.882499999999999840e-01 4.592439999999999856e-01 1.033099999999999991e-02 -4.593470000000000053e-01 8.881719999999999615e-01 1.227699999999999972e-02
2.000000000000000000e+01 1.010000000000000000e+02 7.000000000000000000e+00 0.000000000000000000e+00 1.600000000000000089e+00 -3.230999999999999931e-03 -1.847000000000000031e-02 9.998240000000000460e-01 8.890949999999999687e-01 4.575819999999999887e-01 1.132700000000000026e-02 -4.577109999999999790e-01 8.889759999999999884e-01 1.494299999999999969e-02
2.400000000000000000e+01 1.010000000000000000e+02 7.000000000000000000e+00 0.000000000000000000e+00 1.600000000000000089e+00 -3.667999999999999820e-03 -1.366799999999999959e-02 9.999000000000000110e-01 8.907869999999999955e-01 4.543220000000000036e-01 9.478000000000000314e-03 -4.544059999999999766e-01 8.907329999999999970e-01 1.050899999999999924e-02
2.900000000000000000e+01 1.010000000000000000e+02 7.000000000000000000e+00 0.000000000000000000e+00 1.600000000000000089e+00 -3.183000000000000065e-03 -1.251799999999999961e-02 9.999169999999999447e-01 8.899049999999999461e-01 4.560649999999999982e-01 8.541999999999999246e-03 -4.561339999999999839e-01 8.898580000000000378e-01 9.688000000000000431e-03
3.000000000000000000e+00 2.500000000000000000e+01 8.000000000000000000e+00 0.000000000000000000e+00 1.600000000000000089e+00 -2.292000000000000200e-03 -7.179999999999999967e-04 -9.999970000000000248e-01 4.313109999999999999e-01 9.022019999999999484e-01 -1.637000000000000000e-03 9.022000000000000020e-01 -4.313139999999999752e-01 -1.758000000000000014e-03
7.000000000000000000e+00 2.500000000000000000e+01 8.000000000000000000e+00 0.000000000000000000e+00 1.600000000000000089e+00 -2.023000000000000059e-03 -1.917000000000000084e-03 -9.999959999999999960e-01 4.323629999999999973e-01 9.016960000000000530e-01 -2.602999999999999845e-03 9.016969999999999708e-01 -4.323670000000000013e-01 -9.950000000000000077e-04
1.300000000000000000e+01 2.500000000000000000e+01 8.000000000000000000e+00 0.000000000000000000e+00 1.600000000000000089e+00 1.369999999999999907e-03 9.219999999999999680e-04 -9.999989999999999712e-01 4.368139999999999801e-01 8.995509999999999895e-01 1.428000000000000016e-03 8.995509999999999895e-01 -4.368150000000000088e-01 8.300000000000000086e-04
1.900000000000000000e+01 2.500000000000000000e+01 8.000000000000000000e+00 0.000000000000000000e+00 1.600000000000000089e+00 2.919999999999999961e-04 2.438000000000000063e-03 -9.999970000000000248e-01 4.358730000000000104e-01 9.000050000000000550e-01 2.321999999999999845e-03 9.000080000000000302e-01 -4.358719999999999817e-01 -8.000000000000000383e-04
2.400000000000000000e+01 2.500000000000000000e+01 8.000000000000000000e+00 0.000000000000000000e+00 1.600000000000000089e+00 -2.846000000000000005e-03 -9.690000000000000262e-04 -9.999949999999999672e-01 4.364480000000000026e-01 8.997270000000000545e-01 -2.113999999999999994e-03 8.997249999999999970e-01 -4.364520000000000066e-01 -2.138000000000000143e-03
2.800000000000000000e+01 2.500000000000000000e+01 8.000000000000000000e+00 0.000000000000000000e+00 1.600000000000000089e+00 -5.460000000000000443e-04 1.490000000000000005e-03 -9.999989999999999712e-01 4.366389999999999993e-01 8.996359999999999912e-01 1.101999999999999898e-03 8.996370000000000200e-01 -4.366380000000000261e-01 -1.142000000000000003e-03
2.000000000000000000e+00 2.400000000000000000e+01 9.000000000000000000e+00 0.000000000000000000e+00 1.600000000000000089e+00 -7.910000000000000364e-04 -9.629999999999999888e-04 -9.999989999999999712e-01 4.359729999999999994e-01 8.999589999999999534e-01 -1.211999999999999970e-03 8.999589999999999534e-01 -4.359739999999999727e-01 -2.919999999999999961e-04
1.000000000000000000e+01 2.400000000000000000e+01 9.000000000000000000e+00 0.000000000000000000e+00 1.600000000000000089e+00 -5.800000000000000034e-04 -2.413999999999999913e-03 -9.999970000000000248e-01 4.409750000000000059e-01 8.975159999999999805e-01 -2.422999999999999807e-03 8.975189999999999557e-01 -4.409750000000000059e-01 5.439999999999999957e-04
1.300000000000000000e+01 2.400000000000000000e+01 9.000000000000000000e+00 0.000000000000000000e+00 1.600000000000000089e+00 1.314000000000000064e-03 6.139999999999999625e-04 -9.999989999999999712e-01 4.435140000000000193e-01 8.962670000000000359e-01 1.132999999999999893e-03 8.962660000000000071e-01 -4.435149999999999926e-01 9.060000000000000128e-04
1.600000000000000000e+01 2.400000000000000000e+01 9.000000000000000000e+00 0.000000000000000000e+00 1.600000000000000089e+00 1.317000000000000028e-03 4.092000000000000151e-03 -9.999909999999999632e-01 4.432110000000000216e-01 8.964069999999999538e-01 4.251999999999999703e-03 8.964170000000000194e-01 -4.432119999999999949e-01 -6.329999999999999906e-04
2.400000000000000000e+01 2.400000000000000000e+01 9.000000000000000000e+00 0.000000000000000000e+00 1.600000000000000089e+00 -2.896999999999999836e-03 -1.320999999999999909e-03 -9.999949999999999672e-01 4.430270000000000041e-01 8.965049999999999963e-01 -2.468000000000000142e-03 8.965030000000000499e-01 -4.430319999999999814e-01 -2.011999999999999900e-03
2.800000000000000000e+01 2.400000000000000000e+01 9.000000000000000000e+00 0.000000000000000000e+00 1.600000000000000089e+00 -6.719999999999999628e-04 1.716000000000000077e-03 -9.999980000000000535e-01 4.432050000000000156e-01 8.964199999999999946e-01 1.240999999999999916e-03 8.964199999999999946e-01 -4.432030000000000136e-01 -1.363000000000000062e-03
2.700000000000000000e+01 8.000000000000000000e+00 1.000000000000000000e+01 0.000000000000000000e+00 1.600000000000000089e+00 1.462699999999999938e-02 -4.442999999999999901e-03 -9.998829999999999663e-01 -9.932210000000000205e-01 -1.153900000000000065e-01 -1.401600000000000068e-02 -1.153150000000000008e-01 9.933100000000000263e-01 -6.100999999999999653e-03
4.000000000000000000e+00 4.000000000000000000e+00 1.100000000000000000e+01 0.000000000000000000e+00 1.600000000000000089e+00 -1.978999999999999856e-03 3.487300000000000122e-02 9.993900000000000006e-01 1.808359999999999967e-01 -9.829029999999999712e-01 3.465599999999999931e-02 9.835110000000000241e-01 1.807940000000000103e-01 -4.361000000000000293e-03
1.600000000000000000e+01 4.000000000000000000e+00 1.100000000000000000e+01 0.000000000000000000e+00 1.600000000000000089e+00 4.970000000000000459e-04 -2.264000000000000040e-02 9.997439999999999660e-01 1.745230000000000115e-01 -9.843990000000000240e-01 -2.237899999999999959e-02 9.846530000000000005e-01 1.744900000000000062e-01 3.461999999999999800e-03
2.200000000000000000e+01 4.000000000000000000e+00 1.100000000000000000e+01 0.000000000000000000e+00 1.600000000000000089e+00 2.301999999999999793e-03 -1.213400000000000069e-02 9.999240000000000350e-01 1.774419999999999886e-01 -9.840539999999999843e-01 -1.234999999999999987e-02 9.841290000000000315e-01 1.774570000000000036e-01 -1.129999999999999955e-04
2.800000000000000000e+01 4.000000000000000000e+00 1.100000000000000000e+01 0.000000000000000000e+00 1.600000000000000089e+00 -2.752999999999999805e-03 1.363999999999999935e-02 9.999029999999999863e-01 1.413540000000000074e-01 -9.898620000000000196e-01 1.389300000000000083e-02 9.899550000000000294e-01 1.413790000000000047e-01 7.969999999999999654e-04
1.000000000000000000e+00 3.200000000000000000e+01 1.400000000000000000e+01 0.000000000000000000e+00 1.600000000000000089e+00 1.596999999999999895e-03 9.600000000000000243e-05 -9.999989999999999712e-01 1.273880000000000012e-01 9.918529999999999847e-01 2.990000000000000036e-04 9.918519999999999559e-01 -1.273890000000000022e-01 1.572000000000000047e-03
1.400000000000000000e+01 3.200000000000000000e+01 1.400000000000000000e+01 0.000000000000000000e+00 1.600000000000000089e+00 -5.850000000000000165e-04 6.000000000000000152e-06 -1.000000000000000000e+00 1.217769999999999964e-01 9.925580000000000513e-01 -6.499999999999999431e-05 9.925570000000000226e-01 -1.217769999999999964e-01 -5.820000000000000520e-04
1.800000000000000000e+01 3.200000000000000000e+01 1.400000000000000000e+01 0.000000000000000000e+00 1.600000000000000089e+00 1.910000000000000077e-04 4.376999999999999814e-03 -9.999900000000000455e-01 1.217860000000000054e-01 9.925469999999999571e-01 4.368000000000000355e-03 9.925559999999999938e-01 -1.217860000000000054e-01 -3.429999999999999889e-04
4.000000000000000000e+00 1.200000000000000000e+01 1.600000000000000000e+01 0.000000000000000000e+00 1.600000000000000089e+00 1.899000000000000080e-03 -2.452000000000000186e-03 9.999949999999999672e-01 2.623820000000000041e-01 -9.649600000000000399e-01 -2.863999999999999792e-03 9.649619999999999864e-01 2.623860000000000081e-01 -1.188999999999999953e-03
1.000000000000000000e+00 1.160000000000000000e+02 1.600000000000000000e+01 0.000000000000000000e+00 1.600000000000000089e+00 -3.191999999999999959e-03 -3.439999999999999915e-03 9.999890000000000168e-01 7.523330000000000295e-01 6.587659999999999627e-01 4.668000000000000274e-03 -6.587749999999999995e-01 7.523400000000000087e-01 4.850000000000000253e-04
1.800000000000000000e+01 1.160000000000000000e+02 1.600000000000000000e+01 0.000000000000000000e+00 1.600000000000000089e+00 1.631000000000000071e-03 -2.779999999999999811e-04 9.999989999999999712e-01 7.002169999999999783e-01 7.139299999999999535e-01 -9.430000000000000448e-04 -7.139280000000000070e-01 7.002169999999999783e-01 1.358999999999999965e-03
4.000000000000000000e+00 2.000000000000000000e+00 1.900000000000000000e+01 0.000000000000000000e+00 1.600000000000000089e+00 7.389999999999999651e-04 -2.095999999999999946e-02 -9.997800000000000020e-01 3.560650000000000204e-01 -9.342500000000000249e-01 1.984899999999999859e-02 -9.344609999999999861e-01 -3.560019999999999851e-01 6.772000000000000242e-03
1.400000000000000000e+01 2.000000000000000000e+00 1.900000000000000000e+01 0.000000000000000000e+00 1.600000000000000089e+00 6.193999999999999853e-03 -1.756399999999999975e-02 -9.998270000000000213e-01 3.592650000000000010e-01 -9.330500000000000460e-01 1.861600000000000060e-02 -9.332150000000000167e-01 -3.593180000000000263e-01 5.310000000000000050e-04
5.000000000000000000e+00 3.000000000000000000e+00 1.900000000000000000e+01 0.000000000000000000e+00 1.600000000000000089e+00 -3.159999999999999832e-04 -2.188800000000000121e-02 -9.997599999999999820e-01 3.381979999999999986e-01 -9.408520000000000216e-01 2.049099999999999880e-02 -9.410749999999999948e-01 -3.381100000000000216e-01 7.700000000000000247e-03
1.500000000000000000e+01 3.000000000000000000e+00 1.900000000000000000e+01 0.000000000000000000e+00 1.600000000000000089e+00 4.721999999999999635e-03 -1.026900000000000035e-02 -9.999360000000000470e-01 3.316649999999999876e-01 -9.433300000000000018e-01 1.125400000000000011e-02 -9.433859999999999468e-01 -3.316970000000000196e-01 -1.049000000000000019e-03
1.900000000000000000e+01 3.000000000000000000e+00 1.900000000000000000e+01 0.000000000000000000e+00 1.600000000000000089e+00 3.829999999999999854e-04 -1.019999999999999992e-04 -1.000000000000000000e+00 3.330620000000000247e-01 -9.429049999999999931e-01 2.239999999999999966e-04 -9.429049999999999931e-01 -3.330620000000000247e-01 -3.280000000000000038e-04
2.300000000000000000e+01 3.000000000000000000e+00 1.900000000000000000e+01 0.000000000000000000e+00 1.600000000000000089e+00 -4.368999999999999620e-03 1.935600000000000168e-02 -9.998029999999999973e-01 3.387740000000000196e-01 -9.406619999999999981e-01 -1.969100000000000017e-02 -9.408579999999999721e-01 -3.387930000000000108e-01 -2.448000000000000089e-03
2.600000000000000000e+01 3.000000000000000000e+00 1.900000000000000000e+01 0.000000000000000000e+00 1.600000000000000089e+00 -7.316999999999999720e-03 2.494199999999999889e-02 -9.996620000000000505e-01 3.417870000000000075e-01 -9.394190000000000040e-01 -2.594099999999999878e-02 -9.397489999999999455e-01 -3.418610000000000260e-01 -1.650999999999999907e-03
2.000000000000000000e+00 1.300000000000000000e+01 2.000000000000000000e+01 0.000000000000000000e+00 1.600000000000000089e+00 4.829999999999999767e-04 3.033999999999999805e-03 9.999949999999999672e-01 2.641850000000000032e-01 9.644669999999999632e-01 -3.053000000000000158e-03 -9.644719999999999960e-01 2.641859999999999764e-01 -3.359999999999999814e-04
6.000000000000000000e+00 1.300000000000000000e+01 2.000000000000000000e+01 0.000000000000000000e+00 1.600000000000000089e+00 7.280000000000000230e-04 4.747999999999999617e-03 9.999879999999999880e-01 2.634819999999999940e-01 9.646519999999999539e-01 -4.772000000000000200e-03 -9.646639999999999660e-01 2.634819999999999940e-01 -5.490000000000000088e-04
1.000000000000000000e+01 1.300000000000000000e+01 2.000000000000000000e+01 0.000000000000000000e+00 1.600000000000000089e+00 5.770000000000000389e-04 1.105000000000000079e-03 9.999989999999999712e-01 2.614469999999999850e-01 9.652169999999999916e-01 -1.217999999999999899e-03 -9.652180000000000204e-01 2.614480000000000137e-01 2.680000000000000090e-04
1.700000000000000000e+01 1.300000000000000000e+01 2.000000000000000000e+01 0.000000000000000000e+00 1.600000000000000089e+00 -1.420000000000000092e-04 -1.283000000000000069e-03 9.999989999999999712e-01 2.595830000000000082e-01 9.657200000000000228e-01 1.275000000000000092e-03 -9.657210000000000516e-01 2.595830000000000082e-01 1.959999999999999937e-04
2.100000000000000000e+01 1.300000000000000000e+01 2.000000000000000000e+01 0.000000000000000000e+00 1.600000000000000089e+00 7.870000000000000476e-04 -1.358000000000000049e-03 9.999989999999999712e-01 2.585890000000000133e-01 9.659870000000000401e-01 1.108000000000000044e-03 -9.659870000000000401e-01 2.585870000000000113e-01 1.111000000000000008e-03
2.700000000000000000e+01 1.300000000000000000e+01 2.000000000000000000e+01 0.000000000000000000e+00 1.600000000000000089e+00 4.040000000000000080e-04 3.609999999999999928e-04 1.000000000000000000e+00 2.591499999999999915e-01 9.658369999999999456e-01 -4.530000000000000064e-04 -9.658369999999999456e-01 2.591499999999999915e-01 2.970000000000000092e-04
2.000000000000000000e+00 1.600000000000000000e+01 2.100000000000000000e+01 0.000000000000000000e+00 1.600000000000000089e+00 1.090000000000000067e-04 4.310000000000000137e-04 1.000000000000000000e+00 2.992779999999999885e-01 9.541659999999999586e-01 -4.440000000000000045e-04 -9.541659999999999586e-01 2.992779999999999885e-01 -2.500000000000000120e-05
9.000000000000000000e+00 1.600000000000000000e+01 2.100000000000000000e+01 0.000000000000000000e+00 1.600000000000000089e+00 3.609999999999999928e-04 2.667999999999999799e-03 9.999959999999999960e-01 2.991219999999999990e-01 9.542110000000000314e-01 -2.654000000000000109e-03 -9.542150000000000354e-01 2.991219999999999990e-01 -4.539999999999999765e-04
8.000000000000000000e+00 2.000000000000000000e+00 2.500000000000000000e+01 0.000000000000000000e+00 1.600000000000000089e+00 1.016099999999999989e-02 -3.532500000000000223e-02 9.993239999999999901e-01 8.535800000000000332e-02 -9.956970000000000542e-01 -3.606399999999999884e-02 9.962990000000000457e-01 8.566699999999999315e-02 -7.101999999999999806e-03
2.800000000000000000e+01 2.000000000000000000e+00 2.500000000000000000e+01 0.000000000000000000e+00 1.600000000000000089e+00 -9.997000000000000677e-03 1.978900000000000103e-02 9.997540000000000315e-01 7.355499999999999539e-02 -9.970809999999999951e-01 2.047200000000000061e-02 9.972410000000000441e-01 7.374200000000000199e-02 8.512000000000000469e-03
7.000000000000000000e+00 3.000000000000000000e+00 2.500000000000000000e+01 0.000000000000000000e+00 1.600000000000000089e+00 5.899999999999999863e-03 -3.121099999999999916e-02 9.994950000000000223e-01 3.989999999999999623e-03 -9.995039999999999480e-01 -3.123499999999999888e-02 9.999749999999999472e-01 4.172000000000000361e-03 -5.772000000000000221e-03
1.400000000000000000e+01 3.000000000000000000e+00 2.500000000000000000e+01 0.000000000000000000e+00 1.600000000000000089e+00 3.078000000000000007e-03 -1.056099999999999921e-02 9.999400000000000510e-01 -3.282399999999999901e-02 -9.994060000000000166e-01 -1.045500000000000075e-02 9.994560000000000111e-01 -3.278999999999999970e-02 -3.422999999999999828e-03
2.000000000000000000e+01 3.000000000000000000e+00 2.500000000000000000e+01 0.000000000000000000e+00 1.600000000000000089e+00 -1.544999999999999932e-03 1.871000000000000050e-03 9.999970000000000248e-01 -3.398099999999999732e-02 -9.994210000000000038e-01 1.817000000000000039e-03 9.994210000000000038e-01 -3.397800000000000126e-02 1.606999999999999922e-03
2.000000000000000000e+01 4.600000000000000000e+01 2.700000000000000000e+01 0.000000000000000000e+00 1.600000000000000089e+00 -1.320999999999999909e-03 -1.700000000000000122e-04 -9.999989999999999712e-01 6.764139999999999597e-01 7.365209999999999813e-01 -1.018999999999999941e-03 7.365199999999999525e-01 -6.764149999999999885e-01 -8.580000000000000387e-04
2.000000000000000000e+00 4.600000000000000000e+01 3.500000000000000000e+01 0.000000000000000000e+00 1.600000000000000089e+00 -1.489999999999999897e-04 4.400000000000000157e-04 -1.000000000000000000e+00 3.914900000000000047e-01 -9.201820000000000555e-01 -4.640000000000000027e-04 -9.201820000000000555e-01 -3.914900000000000047e-01 -3.499999999999999693e-05
1.000000000000000000e+01 4.600000000000000000e+01 3.500000000000000000e+01 0.000000000000000000e+00 1.600000000000000089e+00 -4.000000000000000327e-05 1.789999999999999870e-04 -1.000000000000000000e+00 3.917209999999999859e-01 -9.200840000000000130e-01 -1.800000000000000113e-04 -9.200840000000000130e-01 -3.917209999999999859e-01 -3.300000000000000253e-05
2.000000000000000000e+01 4.600000000000000000e+01 3.500000000000000000e+01 0.000000000000000000e+00 1.600000000000000089e+00 -1.258999999999999920e-03 -1.060000000000000016e-04 -9.999989999999999712e-01 3.906959999999999877e-01 -9.205200000000000049e-01 -3.939999999999999817e-04 -9.205189999999999761e-01 -3.906959999999999877e-01 1.199999999999999895e-03
2.700000000000000000e+01 4.600000000000000000e+01 3.500000000000000000e+01 0.000000000000000000e+00 1.600000000000000089e+00 1.979999999999999881e-04 -2.255000000000000060e-03 -9.999970000000000248e-01 3.887120000000000020e-01 -9.213569999999999816e-01 2.154999999999999798e-03 -9.213590000000000391e-01 -3.887109999999999732e-01 6.939999999999999555e-04
1.200000000000000000e+01 9.500000000000000000e+01 3.600000000000000000e+01 0.000000000000000000e+00 1.600000000000000089e+00 3.180000000000000101e-03 9.645000000000000795e-03 9.999479999999999480e-01 9.967019999999999769e-01 8.105099999999999805e-02 -3.950999999999999651e-03 -8.108500000000000429e-02 9.966629999999999656e-01 -9.355000000000000468e-03
1.800000000000000000e+01 9.500000000000000000e+01 3.600000000000000000e+01 0.000000000000000000e+00 1.600000000000000089e+00 2.784000000000000016e-03 5.961000000000000153e-03 9.999780000000000335e-01 9.962419999999999609e-01 8.655000000000000193e-02 -3.289999999999999956e-03 -8.656800000000000606e-02 9.962299999999999489e-01 -5.696999999999999807e-03
5.000000000000000000e+00 9.500000000000000000e+01 3.700000000000000000e+01 0.000000000000000000e+00 1.600000000000000089e+00 -2.043999999999999810e-03 -1.139000000000000082e-02 9.999329999999999607e-01 9.948360000000000536e-01 1.014479999999999965e-01 3.188999999999999994e-03 -1.014779999999999988e-01 9.947759999999999936e-01 1.112299999999999921e-02
4.000000000000000000e+00 2.900000000000000000e+01 4.400000000000000000e+01 0.000000000000000000e+00 1.600000000000000089e+00 -2.501000000000000185e-03 -1.614999999999999899e-03 -9.999959999999999960e-01 6.601639999999999731e-01 7.511160000000000059e-01 -2.863999999999999792e-03 7.511170000000000346e-01 -6.601679999999999771e-01 -8.120000000000000048e-04
1.000000000000000000e+01 2.900000000000000000e+01 4.400000000000000000e+01 0.000000000000000000e+00 1.600000000000000089e+00 3.060000000000000111e-04 -1.840000000000000001e-04 -1.000000000000000000e+00 6.616060000000000274e-01 7.498510000000000453e-01 6.399999999999999710e-05 7.498510000000000453e-01 -6.616060000000000274e-01 3.510000000000000208e-04
2.000000000000000000e+01 2.900000000000000000e+01 4.400000000000000000e+01 0.000000000000000000e+00 1.600000000000000089e+00 -6.899999999999999667e-05 2.224999999999999981e-03 -9.999970000000000248e-01 6.617539999999999534e-01 7.497190000000000243e-01 1.621999999999999961e-03 7.497209999999999708e-01 -6.617520000000000069e-01 -1.525000000000000097e-03
2.400000000000000000e+01 2.900000000000000000e+01 4.400000000000000000e+01 0.000000000000000000e+00 1.600000000000000089e+00 -1.262000000000000101e-03 3.043999999999999831e-03 -9.999949999999999672e-01 6.453109999999999680e-01 7.639179999999999859e-01 1.510999999999999973e-03 7.639190000000000147e-01 -6.453060000000000462e-01 -2.928000000000000047e-03
2.800000000000000000e+01 2.900000000000000000e+01 4.400000000000000000e+01 0.000000000000000000e+00 1.600000000000000089e+00 -2.147000000000000037e-03 -1.561000000000000104e-03 -9.999959999999999960e-01 6.477859999999999729e-01 7.618179999999999952e-01 -2.579999999999999828e-03 7.618200000000000527e-01 -6.477889999999999482e-01 -6.239999999999999887e-04
1.500000000000000000e+01 5.000000000000000000e+00 5.100000000000000000e+01 0.000000000000000000e+00 1.600000000000000089e+00 -1.800000000000000113e-04 7.115999999999999930e-03 -9.999749999999999472e-01 4.884569999999999745e-01 -8.725659999999999528e-01 -6.297999999999999779e-03 -8.725880000000000303e-01 -4.884450000000000180e-01 -3.318999999999999902e-03
2.800000000000000000e+01 5.000000000000000000e+00 5.100000000000000000e+01 0.000000000000000000e+00 1.600000000000000089e+00 9.229999999999999923e-04 9.608999999999999486e-03 -9.999529999999999808e-01 4.869269999999999987e-01 -8.734060000000000157e-01 -7.943000000000000407e-03 -8.734420000000000517e-01 -4.868970000000000242e-01 -5.485000000000000292e-03
1.800000000000000000e+01 6.000000000000000000e+00 5.100000000000000000e+01 0.000000000000000000e+00 1.600000000000000089e+00 6.899999999999999667e-05 4.375000000000000416e-03 -9.999900000000000455e-01 3.151010000000000200e-01 -9.490490000000000315e-01 -4.129999999999999991e-03 -9.490579999999999572e-01 -3.150979999999999892e-01 -1.443999999999999971e-03
4.000000000000000000e+00 1.150000000000000000e+02 5.100000000000000000e+01 0.000000000000000000e+00 1.600000000000000089e+00 9.610000000000000486e-04 1.879999999999999944e-03 9.999980000000000535e-01 8.468250000000000499e-01 -5.318720000000000114e-01 1.859999999999999945e-04 5.318709999999999827e-01 8.468229999999999924e-01 -2.102999999999999835e-03
2.900000000000000000e+01 1.600000000000000000e+01 5.200000000000000000e+01 0.000000000000000000e+00 1.600000000000000089e+00 -5.270999999999999644e-03 1.472999999999999917e-03 -9.999850000000000128e-01 7.743619999999999948e-01 6.327350000000000474e-01 -3.150000000000000022e-03 6.327209999999999779e-01 -7.743670000000000275e-01 -4.475999999999999944e-03
2.500000000000000000e+01 5.800000000000000000e+01 5.200000000000000000e+01 0.000000000000000000e+00 1.600000000000000089e+00 7.079999999999999705e-04 -8.014000000000000290e-03 9.999679999999999680e-01 -6.308500000000000218e-01 7.758760000000000101e-01 6.664999999999999918e-03 -7.759049999999999558e-01 -6.308340000000000058e-01 -4.506999999999999722e-03
6.000000000000000000e+00 6.300000000000000000e+01 5.400000000000000000e+01 0.000000000000000000e+00 1.600000000000000089e+00 1.477999999999999930e-03 -1.920999999999999965e-03 9.999970000000000248e-01 -3.472999999999999976e-01 9.377510000000000012e-01 2.314999999999999784e-03 -9.377529999999999477e-01 -3.473029999999999728e-01 7.190000000000000210e-04
1.000000000000000000e+01 6.300000000000000000e+01 5.400000000000000000e+01 0.000000000000000000e+00 1.600000000000000089e+00 -7.500000000000000156e-04 9.070000000000000371e-04 9.999989999999999712e-01 -3.423200000000000132e-01 9.395829999999999460e-01 -1.108999999999999960e-03 -9.395829999999999460e-01 -3.423200000000000132e-01 -3.939999999999999817e-04
1.900000000000000000e+01 6.300000000000000000e+01 5.400000000000000000e+01 0.000000000000000000e+00 1.600000000000000089e+00 -2.369999999999999874e-04 2.909999999999999826e-03 9.999959999999999960e-01 -3.462509999999999755e-01 9.381380000000000274e-01 -2.811999999999999830e-03 -9.381420000000000314e-01 -3.462500000000000022e-01 7.860000000000000233e-04
3.000000000000000000e+01 6.300000000000000000e+01 5.400000000000000000e+01 0.000000000000000000e+00 1.600000000000000089e+00 1.276999999999999923e-03 -9.750999999999999251e-03 9.999519999999999520e-01 -3.539030000000000231e-01 9.352329999999999810e-01 9.572000000000000647e-03 -9.352810000000000290e-01 -3.538990000000000191e-01 -2.256000000000000193e-03
1.000000000000000000e+00 2.500000000000000000e+01 5.500000000000000000e+01 0.000000000000000000e+00 1.600000000000000089e+00 1.240000000000000000e-03 -1.856000000000000011e-03 -9.999970000000000248e-01 -1.071899999999999936e-02 -9.999409999999999688e-01 1.843000000000000020e-03 -9.999419999999999975e-01 1.071700000000000083e-02 -1.260000000000000052e-03
5.000000000000000000e+00 2.500000000000000000e+01 5.500000000000000000e+01 0.000000000000000000e+00 1.600000000000000089e+00 1.136999999999999990e-03 -3.020000000000000223e-04 -9.999989999999999712e-01 -9.308000000000000301e-03 -9.999569999999999848e-01 2.910000000000000260e-04 -9.999559999999999560e-01 9.308000000000000301e-03 -1.139999999999999954e-03
1.400000000000000000e+01 2.500000000000000000e+01 5.500000000000000000e+01 0.000000000000000000e+00 1.600000000000000089e+00 1.234999999999999987e-03 4.800000000000000122e-05 -9.999989999999999712e-01 -1.157700000000000048e-02 -9.999329999999999607e-01 -6.200000000000000270e-05 -9.999320000000000430e-01 1.157700000000000048e-02 -1.234000000000000071e-03
2.100000000000000000e+01 2.500000000000000000e+01 5.500000000000000000e+01 0.000000000000000000e+00 1.600000000000000089e+00 -1.310000000000000129e-04 1.572000000000000047e-03 -9.999989999999999712e-01 -1.142999999999999919e-02 -9.999329999999999607e-01 -1.569999999999999998e-03 -9.999350000000000183e-01 1.142999999999999919e-02 1.489999999999999897e-04
2.900000000000000000e+01 2.500000000000000000e+01 5.500000000000000000e+01 0.000000000000000000e+00 1.600000000000000089e+00 1.060000000000000016e-04 -2.569999999999999802e-03 -9.999970000000000248e-01 -1.290999999999999960e-02 -9.999130000000000518e-01 2.569000000000000103e-03 -9.999169999999999447e-01 1.290999999999999960e-02 -1.389999999999999905e-04
1.800000000000000000e+01 2.000000000000000000e+01 6.000000000000000000e+01 0.000000000000000000e+00 1.600000000000000089e+00 -7.770000000000000214e-04 -3.680000000000000003e-04 1.000000000000000000e+00 -6.275000000000000022e-02 9.980290000000000550e-01 3.179999999999999776e-04 -9.980290000000000550e-01 -6.275000000000000022e-02 -7.979999999999999897e-04
2.300000000000000000e+01 2.000000000000000000e+01 6.000000000000000000e+01 0.000000000000000000e+00 1.600000000000000089e+00 1.662000000000000066e-03 2.361999999999999950e-03 9.999959999999999960e-01 -6.156999999999999973e-02 9.980999999999999872e-01 -2.255000000000000060e-03 -9.981010000000000160e-01 -6.156600000000000267e-02 1.804000000000000048e-03
3.000000000000000000e+00 2.100000000000000000e+01 6.000000000000000000e+01 0.000000000000000000e+00 1.600000000000000089e+00 8.350000000000000217e-04 -1.943999999999999981e-03 9.999980000000000535e-01 -9.246500000000000552e-02 9.957139999999999880e-01 2.013000000000000032e-03 -9.957160000000000455e-01 -9.246600000000000652e-02 6.520000000000000188e-04
1.000000000000000000e+01 2.100000000000000000e+01 6.000000000000000000e+01 0.000000000000000000e+00 1.600000000000000089e+00 -5.240000000000000517e-04 7.232999999999999846e-03 9.999740000000000295e-01 -9.701400000000000301e-02 9.952569999999999473e-01 -7.249000000000000235e-03 -9.952830000000000288e-01 -9.701500000000000401e-02 1.800000000000000113e-04
1.400000000000000000e+01 2.100000000000000000e+01 6.000000000000000000e+01 0.000000000000000000e+00 1.600000000000000089e+00 1.319999999999999993e-03 3.305000000000000212e-03 9.999940000000000495e-01 -9.618899999999999673e-02 9.953579999999999650e-01 -3.163000000000000013e-03 -9.953619999999999690e-01 -9.618400000000000560e-02 1.631999999999999987e-03
2.600000000000000000e+01 2.100000000000000000e+01 6.000000000000000000e+01 0.000000000000000000e+00 1.600000000000000089e+00 9.300000000000000541e-04 6.499999999999999431e-05 1.000000000000000000e+00 -9.568999999999999728e-02 9.954110000000000458e-01 2.500000000000000120e-05 -9.954110000000000458e-01 -9.568999999999999728e-02 9.319999999999999942e-04
3.000000000000000000e+01 2.100000000000000000e+01 6.000000000000000000e+01 0.000000000000000000e+00 1.600000000000000089e+00 4.350000000000000026e-04 2.379000000000000038e-03 9.999970000000000248e-01 -9.713900000000000312e-02 9.952680000000000415e-01 -2.325999999999999943e-03 -9.952710000000000168e-01 -9.713800000000000212e-02 6.639999999999999852e-04
2.100000000000000000e+01 6.700000000000000000e+01 6.000000000000000000e+01 0.000000000000000000e+00 1.600000000000000089e+00 -7.960000000000000495e-04 -4.147999999999999778e-03 9.999909999999999632e-01 1.726419999999999899e-01 -9.849769999999999914e-01 -3.948000000000000120e-03 9.849839999999999707e-01 1.726380000000000137e-01 1.500000000000000031e-03
1.100000000000000000e+01 3.000000000000000000e+00 6.300000000000000000e+01 0.000000000000000000e+00 1.600000000000000089e+00 1.304000000000000038e-03 -5.462999999999999974e-03 9.999839999999999840e-01 -6.122499999999999609e-01 7.906480000000000175e-01 5.118000000000000153e-03 -7.906630000000000047e-01 -6.122469999999999857e-01 -2.314000000000000085e-03
2.900000000000000000e+01 3.000000000000000000e+00 6.300000000000000000e+01 0.000000000000000000e+00 1.600000000000000089e+00 -4.701999999999999583e-03 -1.183400000000000077e-02 9.999190000000000023e-01 -6.143170000000000019e-01 7.890329999999999844e-01 6.448999999999999871e-03 -7.890460000000000251e-01 -6.142360000000000042e-01 -1.098000000000000018e-02
3.000000000000000000e+00 2.700000000000000000e+01 6.300000000000000000e+01 0.000000000000000000e+00 1.600000000000000089e+00 -1.985999999999999918e-03 7.437000000000000034e-03 9.999700000000000255e-01 -2.694079999999999808e-01 9.629950000000000454e-01 -7.696999999999999849e-03 -9.630239999999999911e-01 -2.694150000000000156e-01 9.100000000000000287e-05
1.000000000000000000e+01 2.700000000000000000e+01 6.300000000000000000e+01 0.000000000000000000e+00 1.600000000000000089e+00 6.329999999999999906e-04 -9.282999999999999585e-03 9.999569999999999848e-01 -2.747709999999999875e-01 9.614669999999999606e-01 9.098999999999999450e-03 -9.615099999999999758e-01 -2.747649999999999815e-01 -1.941999999999999933e-03
1.400000000000000000e+01 2.700000000000000000e+01 6.300000000000000000e+01 0.000000000000000000e+00 1.600000000000000089e+00 3.075000000000000042e-03 -4.593999999999999993e-03 9.999850000000000128e-01 -2.733479999999999799e-01 9.619010000000000060e-01 5.258999999999999786e-03 -9.619100000000000428e-01 -2.733599999999999919e-01 1.701999999999999954e-03
1.900000000000000000e+01 2.700000000000000000e+01 6.300000000000000000e+01 0.000000000000000000e+00 1.600000000000000089e+00 4.970000000000000459e-04 -1.881999999999999992e-03 9.999980000000000535e-01 -2.717589999999999728e-01 9.623629999999999685e-01 1.946000000000000030e-03 -9.623650000000000260e-01 -2.717600000000000016e-01 -3.399999999999999973e-05
2.700000000000000000e+01 2.700000000000000000e+01 6.300000000000000000e+01 0.000000000000000000e+00 1.600000000000000089e+00 2.300000000000000070e-04 -4.099000000000000213e-03 9.999919999999999920e-01 -2.746529999999999805e-01 9.615350000000000286e-01 4.004999999999999880e-03 -9.615430000000000366e-01 -2.746520000000000072e-01 -9.049999999999999885e-04
4.000000000000000000e+00 2.600000000000000000e+01 6.400000000000000000e+01 0.000000000000000000e+00 1.600000000000000089e+00 -3.968000000000000173e-03 5.945999999999999897e-03 9.999740000000000295e-01 -3.641759999999999997e-01 9.313040000000000207e-01 -6.982999999999999624e-03 -9.313219999999999832e-01 -3.641940000000000177e-01 -1.529999999999999893e-03
1.100000000000000000e+01 2.600000000000000000e+01 6.400000000000000000e+01 0.000000000000000000e+00 1.600000000000000089e+00 2.871999999999999987e-03 -6.780999999999999701e-03 9.999730000000000008e-01 -3.709669999999999912e-01 9.286170000000000258e-01 7.361999999999999621e-03 -9.286410000000000498e-01 -3.709779999999999744e-01 1.520000000000000084e-04
1.500000000000000000e+01 2.600000000000000000e+01 6.400000000000000000e+01 0.000000000000000000e+00 1.600000000000000089e+00 2.645999999999999915e-03 -2.762000000000000132e-03 9.999930000000000208e-01 -3.657540000000000235e-01 9.307050000000000045e-01 3.537999999999999912e-03 -9.307079999999999798e-01 -3.657599999999999740e-01 1.453000000000000081e-03
2.000000000000000000e+01 2.600000000000000000e+01 6.400000000000000000e+01 0.000000000000000000e+00 1.600000000000000089e+00 9.810000000000001011e-04 -3.969999999999999571e-03 9.999919999999999920e-01 -3.646750000000000269e-01 9.311260000000000092e-01 4.054000000000000312e-03 -9.311340000000000172e-01 -3.646760000000000002e-01 -5.339999999999999695e-04
2.500000000000000000e+01 2.600000000000000000e+01 6.400000000000000000e+01 0.000000000000000000e+00 1.600000000000000089e+00 5.710000000000000015e-04 -3.678999999999999979e-03 9.999930000000000208e-01 -3.683779999999999832e-01 9.296689999999999676e-01 3.631000000000000113e-03 -9.296759999999999469e-01 -3.683770000000000100e-01 -8.249999999999999955e-04
2.900000000000000000e+01 2.600000000000000000e+01 6.400000000000000000e+01 0.000000000000000000e+00 1.600000000000000089e+00 8.220000000000000310e-04 -3.458999999999999835e-03 9.999940000000000495e-01 -3.682369999999999810e-01 9.297250000000000236e-01 3.518999999999999993e-03 -9.297320000000000029e-01 -3.682369999999999810e-01 -5.090000000000000123e-04
1.100000000000000000e+01 6.900000000000000000e+01 6.600000000000000000e+01 0.000000000000000000e+00 1.600000000000000089e+00 -4.151000000000000176e-03 -3.449999999999999942e-03 9.999850000000000128e-01 -9.467100000000000515e-01 3.220740000000000269e-01 -2.818999999999999891e-03 -3.220589999999999842e-01 -9.467079999999999940e-01 -4.603000000000000320e-03
1.600000000000000000e+01 6.900000000000000000e+01 6.600000000000000000e+01 0.000000000000000000e+00 1.600000000000000089e+00 9.060000000000000128e-04 -1.420999999999999954e-03 9.999989999999999712e-01 -9.467210000000000347e-01 3.220509999999999762e-01 1.314999999999999980e-03 -3.220520000000000049e-01 -9.467210000000000347e-01 -1.054000000000000032e-03
2.500000000000000000e+01 6.900000000000000000e+01 6.600000000000000000e+01 0.000000000000000000e+00 1.600000000000000089e+00 -1.958000000000000105e-03 -5.821999999999999918e-03 9.999810000000000088e-01 -9.482679999999999998e-01 3.174719999999999764e-01 -9.000000000000000228e-06 -3.174660000000000259e-01 -9.482500000000000373e-01 -6.141999999999999890e-03
4.000000000000000000e+00 2.500000000000000000e+01 7.300000000000000000e+01 0.000000000000000000e+00 1.600000000000000089e+00 1.299000000000000024e-03 1.647000000000000026e-03 9.999980000000000535e-01 7.542229999999999768e-01 -6.566180000000000350e-01 1.019999999999999992e-04 6.566170000000000062e-01 7.542219999999999480e-01 -2.095000000000000074e-03
1.200000000000000000e+01 2.500000000000000000e+01 7.300000000000000000e+01 0.000000000000000000e+00 1.600000000000000089e+00 1.951000000000000043e-03 3.199999999999999855e-05 9.999980000000000535e-01 7.600710000000000521e-01 -6.498380000000000267e-01 -1.461999999999999975e-03 6.498369999999999980e-01 7.600729999999999986e-01 -1.291999999999999963e-03
1.900000000000000000e+01 2.500000000000000000e+01 7.300000000000000000e+01 0.000000000000000000e+00 1.600000000000000089e+00 -1.013999999999999927e-03 -1.955000000000000140e-03 9.999980000000000535e-01 7.554950000000000276e-01 -6.551540000000000141e-01 -5.150000000000000498e-04 6.551529999999999854e-01 7.554929999999999701e-01 2.141000000000000108e-03
2.800000000000000000e+01 2.500000000000000000e+01 7.300000000000000000e+01 0.000000000000000000e+00 1.600000000000000089e+00 -9.700000000000000505e-04 -1.577000000000000060e-03 9.999980000000000535e-01 7.539200000000000346e-01 -6.569660000000000499e-01 -3.049999999999999868e-04 6.569660000000000499e-01 7.539179999999999771e-01 1.825999999999999932e-03
6.000000000000000000e+00 4.400000000000000000e+01 7.300000000000000000e+01 0.000000000000000000e+00 1.600000000000000089e+00 -4.699999999999999724e-05 1.235999999999999903e-03 9.999989999999999712e-01 5.529799999999999993e-02 -9.984690000000000509e-01 1.237000000000000035e-03 9.984699999999999687e-01 5.529799999999999993e-02 -2.199999999999999943e-05
1.300000000000000000e+01 4.400000000000000000e+01 7.300000000000000000e+01 0.000000000000000000e+00 1.600000000000000089e+00 -2.959999999999999849e-04 -1.258999999999999920e-03 9.999989999999999712e-01 5.515599999999999670e-02 -9.984769999999999479e-01 -1.240999999999999916e-03 9.984779999999999767e-01 5.515599999999999670e-02 3.649999999999999816e-04
1.900000000000000000e+01 4.400000000000000000e+01 7.300000000000000000e+01 0.000000000000000000e+00 1.600000000000000089e+00 8.249999999999999955e-04 2.999999999999999737e-04 1.000000000000000000e+00 5.680299999999999933e-02 -9.983849999999999669e-01 2.530000000000000239e-04 9.983849999999999669e-01 5.680299999999999933e-02 -8.409999999999999507e-04
2.600000000000000000e+01 4.400000000000000000e+01 7.300000000000000000e+01 0.000000000000000000e+00 1.600000000000000089e+00 1.804000000000000048e-03 2.776999999999999955e-03 9.999949999999999672e-01 5.868899999999999811e-02 -9.982729999999999659e-01 2.667000000000000100e-03 9.982750000000000234e-01 5.868400000000000005e-02 -1.964000000000000034e-03
8.000000000000000000e+00 2.500000000000000000e+01 7.400000000000000000e+01 0.000000000000000000e+00 1.600000000000000089e+00 6.899999999999999667e-04 2.011000000000000201e-03 9.999980000000000535e-01 8.307339999999999725e-01 -5.566689999999999694e-01 5.460000000000000443e-04 5.566689999999999694e-01 8.307320000000000260e-01 -2.054999999999999969e-03
1.300000000000000000e+01 9.900000000000000000e+01 7.500000000000000000e+01 0.000000000000000000e+00 1.600000000000000089e+00 -3.037000000000000203e-03 -4.793000000000000385e-03 -9.999839999999999840e-01 -8.839709999999999512e-01 4.675409999999999844e-01 4.440000000000000045e-04 4.675320000000000031e-01 8.839580000000000215e-01 -5.656999999999999702e-03
