1.200000000000000000e+01 2.500000000000000000e+01 1.000000000000000000e+00 0.000000000000000000e+00 1.600000000000000089e+00 -1.546999999999999981e-03 4.200000000000000174e-04 -9.999989999999999712e-01 -5.227509999999999657e-01 -8.524859999999999660e-01 4.510000000000000120e-04 -8.524840000000000195e-01 5.227509999999999657e-01 1.538000000000000088e-03
3.000000000000000000e+01 2.500000000000000000e+01 1.000000000000000000e+00 0.000000000000000000e+00 1.600000000000000089e+00 -6.620000000000000450e-04 -1.096899999999999958e-02 -9.999400000000000510e-01 -5.244360000000000133e-01 -8.513950000000000129e-01 9.686999999999999431e-03 -8.514500000000000401e-01 5.244109999999999605e-01 -5.189000000000000036e-03
3.000000000000000000e+00 1.500000000000000000e+01 4.000000000000000000e+00 0.000000000000000000e+00 1.600000000000000089e+00 2.278000000000000077e-03 -2.397999999999999958e-03 9.999949999999999672e-01 3.165100000000000136e-01 -9.485839999999999828e-01 -2.995999999999999965e-03 9.485860000000000403e-01 3.165149999999999908e-01 -1.402000000000000034e-03
7.000000000000000000e+00 1.500000000000000000e+01 4.000000000000000000e+00 0.000000000000000000e+00 1.600000000000000089e+00 3.703999999999999827e-03 4.775999999999999863e-03 9.999820000000000375e-01 3.145299999999999763e-01 -9.492420000000000302e-01 3.367999999999999900e-03 9.492399999999999727e-01 3.145109999999999850e-01 -5.019000000000000024e-03
1.200000000000000000e+01 1.500000000000000000e+01 4.000000000000000000e+00 0.000000000000000000e+00 1.600000000000000089e+00 2.818999999999999891e-03 -3.706999999999999792e-03 9.999890000000000168e-01 3.176129999999999787e-01 -9.482099999999999973e-01 -4.409999999999999858e-03 9.482159999999999478e-01 3.176220000000000154e-01 -1.495999999999999934e-03
1.600000000000000000e+01 1.500000000000000000e+01 4.000000000000000000e+00 0.000000000000000000e+00 1.600000000000000089e+00 2.735000000000000018e-03 -3.969999999999999571e-03 9.999879999999999880e-01 3.180689999999999906e-01 -9.480560000000000098e-01 -4.634000000000000098e-03 9.480640000000000178e-01 3.180780000000000274e-01 -1.330000000000000019e-03
2.400000000000000000e+01 1.500000000000000000e+01 4.000000000000000000e+00 0.000000000000000000e+00 1.600000000000000089e+00 1.438000000000000042e-03 -1.848999999999999949e-03 9.999970000000000248e-01 3.177829999999999822e-01 -9.481610000000000316e-01 -2.210000000000000159e-03 9.481619999999999493e-01 3.177849999999999842e-01 -7.759999999999999971e-04
8.000000000000000000e+00 4.000000000000000000e+00 5.000000000000000000e+00 0.000000000000000000e+00 1.600000000000000089e+00 -8.515999999999999265e-03 -2.056499999999999995e-02 9.997519999999999740e-01 2.224309999999999898e-01 -9.747789999999999511e-01 -1.815699999999999953e-02 9.749109999999999721e-01 2.222210000000000019e-01 1.287600000000000029e-02
4.000000000000000000e+00 1.010000000000000000e+02 7.000000000000000000e+00 0.000000000000000000e+00 1.600000000000000089e+00 -1.479000000000000063e-03 -1.156100000000000010e-02 9.999320000000000430e-01 8.894640000000000324e-01 4.569579999999999753e-01 6.598999999999999831e-03 -4.570040000000000213e-01 8.894130000000000091e-01 9.606999999999999221e-03
2.400000000000000000e+01 1.010000000000000000e+02 7.000000000000000000e+00 0.000000000000000000e+00 1.600000000000000089e+00 1.649999999999999991e-04 1.675600000000000006e-02 9.998599999999999710e-01 8.886150000000000437e-01 4.585870000000000224e-01 -7.832000000000000420e-03 -4.586540000000000061e-01 8.884919999999999485e-01 -1.481400000000000078e-02
2.800000000000000000e+01 1.010000000000000000e+02 7.000000000000000000e+00 0.000000000000000000e+00 1.600000000000000089e+00 -3.840999999999999796e-03 4.527999999999999907e-03 9.999820000000000375e-01 8.883659999999999890e-01 4.591330000000000133e-01 1.332999999999999984e-03 -4.591189999999999993e-01 8.883560000000000345e-01 -5.786000000000000344e-03
3.000000000000000000e+00 2.500000000000000000e+01 8.000000000000000000e+00 0.000000000000000000e+00 1.600000000000000089e+00 -6.710000000000000469e-04 -1.233099999999999995e-02 -9.999240000000000350e-01 4.486629999999999785e-01 8.936290000000000067e-01 -1.132099999999999947e-02 8.937009999999999676e-01 -4.486370000000000080e-01 4.931999999999999752e-03
6.000000000000000000e+00 2.500000000000000000e+01 8.000000000000000000e+00 0.000000000000000000e+00 1.600000000000000089e+00 5.410000000000000312e-04 -5.067999999999999589e-03 -9.999869999999999592e-01 4.491450000000000164e-01 8.934490000000000487e-01 -4.284999999999999747e-03 8.934590000000000032e-01 -4.491359999999999797e-01 2.759000000000000168e-03
1.000000000000000000e+01 2.500000000000000000e+01 8.000000000000000000e+00 0.000000000000000000e+00 1.600000000000000089e+00 1.884000000000000041e-03 2.991999999999999868e-03 -9.999940000000000495e-01 4.490450000000000275e-01 8.935020000000000184e-01 3.518999999999999993e-03 8.935070000000000512e-01 -4.490489999999999760e-01 3.400000000000000244e-04
1.600000000000000000e+01 2.500000000000000000e+01 8.000000000000000000e+00 0.000000000000000000e+00 1.600000000000000089e+00 1.007999999999999998e-03 -2.100000000000000087e-04 -1.000000000000000000e+00 4.483059999999999823e-01 8.938800000000000079e-01 2.640000000000000202e-04 8.938789999999999791e-01 -4.483059999999999823e-01 9.950000000000000077e-04
2.200000000000000000e+01 2.500000000000000000e+01 8.000000000000000000e+00 0.000000000000000000e+00 1.600000000000000089e+00 2.394999999999999993e-03 6.039000000000000097e-03 -9.999789999999999512e-01 4.482300000000000173e-01 8.938949999999999951e-01 6.472000000000000322e-03 8.939150000000000151e-01 -4.482360000000000233e-01 -5.659999999999999884e-04
2.700000000000000000e+01 2.500000000000000000e+01 8.000000000000000000e+00 0.000000000000000000e+00 1.600000000000000089e+00 3.359999999999999814e-04 4.388999999999999672e-03 -9.999900000000000455e-01 4.466069999999999762e-01 8.947209999999999885e-01 4.076999999999999895e-03 8.947300000000000253e-01 -4.466040000000000010e-01 -1.660000000000000017e-03
2.000000000000000000e+00 2.400000000000000000e+01 9.000000000000000000e+00 0.000000000000000000e+00 1.600000000000000089e+00 -8.499999999999999526e-04 -1.425900000000000084e-02 -9.998979999999999535e-01 4.530319999999999903e-01 8.913980000000000237e-01 -1.309699999999999927e-02 8.914940000000000087e-01 -4.529969999999999830e-01 5.701999999999999603e-03
1.000000000000000000e+01 2.400000000000000000e+01 9.000000000000000000e+00 0.000000000000000000e+00 1.600000000000000089e+00 1.887000000000000005e-03 5.015999999999999626e-03 -9.999860000000000415e-01 4.535319999999999907e-01 8.912240000000000162e-01 5.326000000000000005e-03 8.912379999999999747e-01 -4.535350000000000215e-01 -5.929999999999999941e-04
1.600000000000000000e+01 2.400000000000000000e+01 9.000000000000000000e+00 0.000000000000000000e+00 1.600000000000000089e+00 9.810000000000001011e-04 3.400000000000000244e-04 -9.999989999999999712e-01 4.532070000000000265e-01 8.914050000000000029e-01 7.479999999999999670e-04 8.914050000000000029e-01 -4.532079999999999997e-01 7.209999999999999612e-04
2.200000000000000000e+01 2.400000000000000000e+01 9.000000000000000000e+00 0.000000000000000000e+00 1.600000000000000089e+00 2.246000000000000166e-03 6.029999999999999770e-03 -9.999789999999999512e-01 4.513889999999999847e-01 8.923039999999999861e-01 6.394000000000000378e-03 8.923240000000000061e-01 -4.513940000000000174e-01 -7.179999999999999967e-04
2.700000000000000000e+01 2.400000000000000000e+01 9.000000000000000000e+00 0.000000000000000000e+00 1.600000000000000089e+00 3.280000000000000038e-04 3.295000000000000186e-03 -9.999949999999999672e-01 4.483570000000000055e-01 8.938490000000000046e-01 3.092000000000000130e-03 8.938540000000000374e-01 -4.483559999999999768e-01 -1.183999999999999940e-03
2.600000000000000000e+01 1.200000000000000000e+01 1.000000000000000000e+01 0.000000000000000000e+00 1.600000000000000089e+00 -1.200000000000000030e-04 -1.783000000000000080e-03 -9.999980000000000535e-01 -5.536640000000000450e-01 -8.327379999999999782e-01 1.551000000000000078e-03 -8.327400000000000357e-01 5.536640000000000450e-01 -8.880000000000000089e-04
5.000000000000000000e+00 3.100000000000000000e+01 1.200000000000000000e+01 0.000000000000000000e+00 1.600000000000000089e+00 -1.567000000000000033e-03 -4.897000000000000311e-03 9.999869999999999592e-01 -2.965999999999999887e-03 9.999839999999999840e-01 4.891999999999999647e-03 -9.999940000000000495e-01 -2.958000000000000126e-03 -1.580999999999999940e-03
8.000000000000000000e+00 3.100000000000000000e+01 1.200000000000000000e+01 0.000000000000000000e+00 1.600000000000000089e+00 -1.113999999999999973e-03 -2.717999999999999930e-03 9.999959999999999960e-01 7.100000000000000462e-05 9.999959999999999960e-01 2.719000000000000063e-03 -9.999989999999999712e-01 7.399999999999999623e-05 -1.113999999999999973e-03
1.100000000000000000e+01 3.100000000000000000e+01 1.200000000000000000e+01 0.000000000000000000e+00 1.600000000000000089e+00 -4.510000000000000120e-04 -2.229999999999999994e-04 1.000000000000000000e+00 1.750000000000000036e-03 9.999980000000000535e-01 2.239999999999999966e-04 -9.999980000000000535e-01 1.750000000000000036e-03 -4.499999999999999877e-04
1.500000000000000000e+01 3.100000000000000000e+01 1.200000000000000000e+01 0.000000000000000000e+00 1.600000000000000089e+00 1.978999999999999856e-03 3.811000000000000151e-03 9.999909999999999632e-01 3.647000000000000068e-03 9.999860000000000415e-01 -3.818000000000000213e-03 -9.999909999999999632e-01 3.654000000000000130e-03 1.965000000000000167e-03
2.300000000000000000e+01 3.100000000000000000e+01 1.200000000000000000e+01 0.000000000000000000e+00 1.600000000000000089e+00 9.680000000000000019e-04 -5.324999999999999872e-03 9.999850000000000128e-01 6.451000000000000137e-03 9.999649999999999928e-01 5.318999999999999943e-03 -9.999789999999999512e-01 6.446000000000000341e-03 1.002999999999999985e-03
2.600000000000000000e+01 3.100000000000000000e+01 1.200000000000000000e+01 0.000000000000000000e+00 1.600000000000000089e+00 1.028999999999999967e-03 9.560000000000000355e-04 9.999989999999999712e-01 3.820000000000000045e-03 9.999919999999999920e-01 -9.600000000000000243e-04 -9.999919999999999920e-01 3.821000000000000178e-03 1.026000000000000002e-03
2.900000000000000000e+01 3.100000000000000000e+01 1.200000000000000000e+01 0.000000000000000000e+00 1.600000000000000089e+00 -5.199999999999999544e-04 5.969999999999999829e-04 1.000000000000000000e+00 3.229999999999999798e-03 9.999949999999999672e-01 -5.959999999999999586e-04 -9.999949999999999672e-01 3.229000000000000099e-03 -5.220000000000000031e-04
1.900000000000000000e+01 1.160000000000000000e+02 1.600000000000000000e+01 0.000000000000000000e+00 1.600000000000000089e+00 7.420000000000000380e-04 1.629999999999999939e-03 9.999980000000000535e-01 6.620319999999999538e-01 7.494739999999999736e-01 -1.712999999999999896e-03 -7.494750000000000023e-01 6.620319999999999538e-01 -5.230000000000000274e-04
2.200000000000000000e+01 1.160000000000000000e+02 1.600000000000000000e+01 0.000000000000000000e+00 1.600000000000000089e+00 1.662999999999999982e-03 9.879999999999999460e-04 9.999980000000000535e-01 6.762179999999999858e-01 7.366989999999999927e-01 -1.851999999999999914e-03 -7.367000000000000215e-01 6.762200000000000433e-01 5.569999999999999864e-04
4.000000000000000000e+00 2.000000000000000000e+00 1.900000000000000000e+01 0.000000000000000000e+00 1.600000000000000089e+00 -1.307999999999999918e-03 -2.102999999999999835e-03 -9.999970000000000248e-01 1.951070000000000026e-01 -9.807799999999999851e-01 1.807000000000000012e-03 -9.807810000000000139e-01 -1.951039999999999996e-01 1.693000000000000060e-03
1.000000000000000000e+01 2.000000000000000000e+00 1.900000000000000000e+01 0.000000000000000000e+00 1.600000000000000089e+00 -1.020999999999999989e-03 -9.048000000000000487e-03 -9.999590000000000423e-01 1.950030000000000097e-01 -9.807639999999999691e-01 8.675000000000000419e-03 -9.808019999999999516e-01 -1.949859999999999927e-01 2.765999999999999796e-03
1.400000000000000000e+01 2.000000000000000000e+00 1.900000000000000000e+01 0.000000000000000000e+00 1.600000000000000089e+00 -1.090000000000000067e-04 8.589999999999999546e-04 -1.000000000000000000e+00 1.930610000000000104e-01 -9.811860000000000026e-01 -8.639999999999999677e-04 -9.811870000000000314e-01 -1.930610000000000104e-01 -5.899999999999999754e-05
2.000000000000000000e+01 2.000000000000000000e+00 1.900000000000000000e+01 0.000000000000000000e+00 1.600000000000000089e+00 1.188999999999999953e-03 -3.501000000000000206e-03 -9.999930000000000208e-01 1.893910000000000038e-01 -9.818949999999999623e-01 3.663000000000000023e-03 -9.819010000000000238e-01 -1.893940000000000068e-01 -5.050000000000000235e-04
2.400000000000000000e+01 2.000000000000000000e+00 1.900000000000000000e+01 0.000000000000000000e+00 1.600000000000000089e+00 -1.152999999999999945e-03 -7.150000000000000322e-04 -9.999989999999999712e-01 1.917190000000000005e-01 -9.814500000000000446e-01 4.809999999999999823e-04 -9.814490000000000158e-01 -1.917179999999999995e-01 1.268000000000000030e-03
2.800000000000000000e+01 2.000000000000000000e+00 1.900000000000000000e+01 0.000000000000000000e+00 1.600000000000000089e+00 1.142000000000000003e-03 8.300000000000000086e-04 -9.999989999999999712e-01 1.921910000000000007e-01 -9.813570000000000348e-01 -5.950000000000000427e-04 -9.813570000000000348e-01 -1.921910000000000007e-01 -1.281000000000000021e-03
7.000000000000000000e+00 4.000000000000000000e+00 2.000000000000000000e+01 0.000000000000000000e+00 1.600000000000000089e+00 -4.279999999999999950e-04 -5.424000000000000002e-03 -9.999850000000000128e-01 3.062000000000000277e-01 -9.519539999999999669e-01 5.032000000000000015e-03 -9.519670000000000076e-01 -3.061940000000000217e-01 2.067999999999999960e-03
3.000000000000000000e+00 1.300000000000000000e+01 2.000000000000000000e+01 0.000000000000000000e+00 1.600000000000000089e+00 -1.650999999999999907e-03 2.258000000000000024e-03 9.999959999999999960e-01 2.571530000000000205e-01 9.663690000000000335e-01 -1.757000000000000098e-03 -9.663690000000000335e-01 2.571490000000000165e-01 -2.175999999999999983e-03
1.700000000000000000e+01 1.300000000000000000e+01 2.000000000000000000e+01 0.000000000000000000e+00 1.600000000000000089e+00 -9.820000000000000170e-04 -3.543999999999999841e-03 9.999930000000000208e-01 2.576600000000000001e-01 9.662290000000000045e-01 3.677000000000000147e-03 -9.662349999999999550e-01 2.576620000000000021e-01 -3.499999999999999693e-05
6.000000000000000000e+00 3.000000000000000000e+00 2.500000000000000000e+01 0.000000000000000000e+00 1.600000000000000089e+00 -4.307000000000000065e-03 -8.167999999999999913e-03 9.999569999999999848e-01 -6.639299999999999369e-02 -9.977580000000000338e-01 -8.436000000000000790e-03 9.977840000000000042e-01 -6.642599999999999894e-02 3.755000000000000091e-03
9.000000000000000000e+00 3.000000000000000000e+00 2.500000000000000000e+01 0.000000000000000000e+00 1.600000000000000089e+00 -2.935999999999999808e-03 -7.710999999999999972e-03 9.999660000000000215e-01 -6.827600000000000335e-02 -9.976350000000000495e-01 -7.893999999999999975e-03 9.976620000000000488e-01 -6.829699999999999660e-02 2.402000000000000055e-03
1.200000000000000000e+01 3.000000000000000000e+00 2.500000000000000000e+01 0.000000000000000000e+00 1.600000000000000089e+00 1.979999999999999989e-03 -4.572999999999999808e-03 9.999879999999999880e-01 -7.414300000000000057e-02 -9.972379999999999578e-01 -4.414000000000000389e-03 9.972459999999999658e-01 -7.413300000000000445e-02 -2.314000000000000085e-03
2.000000000000000000e+01 3.000000000000000000e+00 2.500000000000000000e+01 0.000000000000000000e+00 1.600000000000000089e+00 1.129000000000000012e-03 -7.889999999999999444e-03 9.999679999999999680e-01 -7.223799999999999666e-02 -9.973570000000000491e-01 -7.787999999999999784e-03 9.973870000000000235e-01 -7.222699999999999954e-02 -1.696000000000000025e-03
2.500000000000000000e+01 3.000000000000000000e+00 2.500000000000000000e+01 0.000000000000000000e+00 1.600000000000000089e+00 5.869999999999999567e-04 -2.173000000000000018e-03 9.999970000000000248e-01 -7.222000000000000641e-02 -9.973859999999999948e-01 -2.125000000000000153e-03 9.973889999999999700e-01 -7.221900000000000541e-02 -7.429999999999999539e-04
2.800000000000000000e+01 3.000000000000000000e+00 2.500000000000000000e+01 0.000000000000000000e+00 1.600000000000000089e+00 9.039999999999999642e-04 -2.390999999999999896e-03 9.999970000000000248e-01 -7.573299999999999477e-02 -9.971250000000000391e-01 -2.315999999999999916e-03 9.971280000000000143e-01 -7.573100000000000664e-02 -1.082000000000000062e-03
2.400000000000000000e+01 4.600000000000000000e+01 2.700000000000000000e+01 0.000000000000000000e+00 1.600000000000000089e+00 -1.231000000000000106e-03 -2.537999999999999892e-03 -9.999959999999999960e-01 6.783350000000000213e-01 7.347479999999999567e-01 -2.700000000000000143e-03 7.347510000000000430e-01 -6.783360000000000500e-01 8.180000000000000422e-04
9.000000000000000000e+00 5.800000000000000000e+01 3.100000000000000000e+01 0.000000000000000000e+00 1.600000000000000089e+00 -1.360000000000000098e-03 2.328999999999999907e-03 9.999959999999999960e-01 -8.070270000000000499e-01 -5.905150000000000121e-01 2.779999999999999811e-04 5.905129999999999546e-01 -8.070230000000000459e-01 2.681999999999999922e-03
1.300000000000000000e+01 5.800000000000000000e+01 3.100000000000000000e+01 0.000000000000000000e+00 1.600000000000000089e+00 -2.926000000000000215e-03 7.179999999999999967e-04 9.999949999999999672e-01 -8.066910000000000469e-01 -5.909710000000000241e-01 -1.936000000000000004e-03 5.909670000000000201e-01 -8.066929999999999934e-01 2.308000000000000156e-03
2.100000000000000000e+01 5.800000000000000000e+01 3.100000000000000000e+01 0.000000000000000000e+00 1.600000000000000089e+00 6.642999999999999600e-03 3.105000000000000121e-03 9.999730000000000008e-01 -8.024799999999999711e-01 -5.966360000000000552e-01 7.184000000000000281e-03 5.966420000000000057e-01 -8.025060000000000526e-01 -1.471000000000000085e-03
2.700000000000000000e+01 2.200000000000000000e+01 3.400000000000000000e+01 0.000000000000000000e+00 1.600000000000000089e+00 1.242000000000000048e-03 6.599999999999999964e-04 9.999989999999999712e-01 3.798469999999999902e-01 -9.250490000000000101e-01 1.379999999999999933e-04 9.250490000000000101e-01 3.798460000000000170e-01 -1.399999999999999986e-03
6.000000000000000000e+00 4.600000000000000000e+01 3.500000000000000000e+01 0.000000000000000000e+00 1.600000000000000089e+00 -6.109999999999999980e-04 -5.836000000000000042e-03 -9.999829999999999552e-01 3.925569999999999893e-01 -9.197130000000000027e-01 5.127999999999999746e-03 -9.197269999999999612e-01 -3.925469999999999793e-01 2.853000000000000067e-03
1.000000000000000000e+01 4.600000000000000000e+01 3.500000000000000000e+01 0.000000000000000000e+00 1.600000000000000089e+00 -2.880000000000000073e-04 9.179999999999999792e-04 -1.000000000000000000e+00 3.928010000000000113e-01 -9.196229999999999682e-01 -9.569999999999999514e-04 -9.196229999999999682e-01 -3.928010000000000113e-01 -9.600000000000000243e-05
1.400000000000000000e+01 4.600000000000000000e+01 3.500000000000000000e+01 0.000000000000000000e+00 1.600000000000000089e+00 -1.179999999999999951e-04 4.310999999999999728e-03 -9.999909999999999632e-01 3.912180000000000102e-01 -9.202890000000000237e-01 -4.013000000000000074e-03 -9.202979999999999494e-01 -3.912149999999999794e-01 -1.577999999999999976e-03
2.100000000000000000e+01 4.600000000000000000e+01 3.500000000000000000e+01 0.000000000000000000e+00 1.600000000000000089e+00 -1.450000000000000009e-04 -1.000000000000000082e-05 -1.000000000000000000e+00 3.911330000000000084e-01 -9.203339999999999854e-01 -4.800000000000000122e-05 -9.203339999999999854e-01 -3.911330000000000084e-01 1.369999999999999961e-04
2.600000000000000000e+01 4.600000000000000000e+01 3.500000000000000000e+01 0.000000000000000000e+00 1.600000000000000089e+00 -6.130000000000000466e-04 -1.069999999999999988e-04 -1.000000000000000000e+00 3.924639999999999795e-01 -9.197670000000000012e-01 -1.420000000000000092e-04 -9.197670000000000012e-01 -3.924639999999999795e-01 6.049999999999999606e-04
2.200000000000000000e+01 9.500000000000000000e+01 3.600000000000000000e+01 0.000000000000000000e+00 1.600000000000000089e+00 -7.028000000000000393e-03 -1.046799999999999987e-02 9.999209999999999487e-01 9.971069999999999656e-01 7.560600000000000653e-02 7.799000000000000377e-03 -7.568199999999999927e-02 9.970830000000000526e-01 9.906999999999999140e-03
2.400000000000000000e+01 9.500000000000000000e+01 3.600000000000000000e+01 0.000000000000000000e+00 1.600000000000000089e+00 -6.996999999999999748e-03 -2.055799999999999988e-02 9.997639999999999860e-01 9.970339999999999758e-01 7.648599999999999843e-02 8.550999999999999573e-03 -7.664400000000000379e-02 9.968590000000000506e-01 1.996200000000000058e-02
2.900000000000000000e+01 9.500000000000000000e+01 3.600000000000000000e+01 0.000000000000000000e+00 1.600000000000000089e+00 -6.390000000000000280e-04 1.567500000000000143e-02 9.998770000000000158e-01 9.967399999999999594e-01 8.067299999999999471e-02 -6.279999999999999775e-04 -8.067299999999999471e-02 9.966169999999999751e-01 -1.567500000000000143e-02
5.000000000000000000e+00 2.900000000000000000e+01 4.400000000000000000e+01 0.000000000000000000e+00 1.600000000000000089e+00 1.160000000000000007e-03 1.845999999999999985e-03 -9.999980000000000535e-01 6.554229999999999778e-01 7.552590000000000137e-01 2.154999999999999798e-03 7.552609999999999602e-01 -6.554240000000000066e-01 -3.339999999999999870e-04
1.000000000000000000e+01 2.900000000000000000e+01 4.400000000000000000e+01 0.000000000000000000e+00 1.600000000000000089e+00 5.159999999999999656e-04 -6.430000000000000169e-04 -1.000000000000000000e+00 6.596610000000000529e-01 7.515629999999999811e-01 -1.430000000000000064e-04 7.515629999999999811e-01 -6.596610000000000529e-01 8.120000000000000048e-04
1.400000000000000000e+01 2.900000000000000000e+01 4.400000000000000000e+01 0.000000000000000000e+00 1.600000000000000089e+00 -2.010000000000000068e-04 -9.810000000000001011e-04 -1.000000000000000000e+00 6.635490000000000554e-01 7.481320000000000192e-01 -8.679999999999999565e-04 7.481330000000000480e-01 -6.635490000000000554e-01 5.010000000000000347e-04
1.800000000000000000e+01 2.900000000000000000e+01 4.400000000000000000e+01 0.000000000000000000e+00 1.600000000000000089e+00 -6.340000000000000149e-04 1.467999999999999904e-03 -9.999989999999999712e-01 6.635999999999999677e-01 7.480879999999999752e-01 6.769999999999999759e-04 7.480879999999999752e-01 -6.635980000000000212e-01 -1.448999999999999984e-03
2.300000000000000000e+01 2.900000000000000000e+01 4.400000000000000000e+01 0.000000000000000000e+00 1.600000000000000089e+00 -5.580000000000000107e-04 4.034000000000000259e-03 -9.999919999999999920e-01 6.706980000000000164e-01 7.417259999999999964e-01 2.618000000000000101e-03 7.417310000000000292e-01 -6.706900000000000084e-01 -3.119999999999999944e-03
6.000000000000000000e+00 5.000000000000000000e+00 5.100000000000000000e+01 0.000000000000000000e+00 1.600000000000000089e+00 -1.469000000000000037e-03 -4.068999999999999700e-03 -9.999909999999999632e-01 4.907090000000000063e-01 -8.713189999999999547e-01 2.824999999999999820e-03 -8.713220000000000409e-01 -4.907000000000000250e-01 3.276999999999999965e-03
1.300000000000000000e+01 5.000000000000000000e+00 5.100000000000000000e+01 0.000000000000000000e+00 1.600000000000000089e+00 -1.487999999999999956e-03 -6.250000000000000347e-03 -9.999789999999999512e-01 4.955680000000000085e-01 -8.685570000000000235e-01 4.691999999999999990e-03 -8.685680000000000067e-01 -4.955510000000000193e-01 4.389999999999999805e-03
1.700000000000000000e+01 5.000000000000000000e+00 5.100000000000000000e+01 0.000000000000000000e+00 1.600000000000000089e+00 1.596999999999999895e-03 -1.556000000000000091e-03 -9.999980000000000535e-01 4.944589999999999819e-01 -8.691980000000000262e-01 2.141999999999999807e-03 -8.691999999999999726e-01 -4.944609999999999839e-01 -6.189999999999999756e-04
2.100000000000000000e+01 5.000000000000000000e+00 5.100000000000000000e+01 0.000000000000000000e+00 1.600000000000000089e+00 -1.523000000000000048e-03 2.965999999999999887e-03 -9.999940000000000495e-01 4.959549999999999792e-01 -8.683419999999999472e-01 -3.331000000000000193e-03 -8.683469999999999800e-01 -4.959569999999999812e-01 -1.489999999999999897e-04
5.000000000000000000e+00 6.300000000000000000e+01 5.400000000000000000e+01 0.000000000000000000e+00 1.600000000000000089e+00 2.059000000000000066e-03 4.748999999999999749e-03 9.999869999999999592e-01 -3.559120000000000061e-01 9.345120000000000093e-01 -3.704999999999999960e-03 -9.345170000000000421e-01 -3.558990000000000209e-01 3.614000000000000025e-03
2.600000000000000000e+01 6.300000000000000000e+01 5.400000000000000000e+01 0.000000000000000000e+00 1.600000000000000089e+00 -5.500000000000000331e-04 -1.219000000000000031e-03 9.999989999999999712e-01 -3.553839999999999777e-01 9.347199999999999953e-01 9.439999999999999607e-04 -9.347199999999999953e-01 -3.553830000000000044e-01 -9.470000000000000336e-04
1.300000000000000000e+01 2.500000000000000000e+01 5.500000000000000000e+01 0.000000000000000000e+00 1.600000000000000089e+00 2.886000000000000110e-03 -8.140000000000000534e-04 -9.999949999999999672e-01 -1.430599999999999927e-02 -9.998970000000000358e-01 7.730000000000000326e-04 -9.998930000000000318e-01 1.430299999999999974e-02 -2.896999999999999836e-03
2.400000000000000000e+01 2.500000000000000000e+01 5.500000000000000000e+01 0.000000000000000000e+00 1.600000000000000089e+00 -1.060000000000000016e-04 3.354000000000000210e-03 -9.999940000000000495e-01 -1.219499999999999924e-02 -9.999200000000000310e-01 -3.351999999999999945e-03 -9.999259999999999815e-01 1.219499999999999924e-02 1.469999999999999953e-04
3.000000000000000000e+01 2.500000000000000000e+01 5.500000000000000000e+01 0.000000000000000000e+00 1.600000000000000089e+00 9.169999999999999549e-04 7.957000000000000531e-03 -9.999679999999999680e-01 -1.090799999999999929e-02 -9.999090000000000478e-01 -7.967000000000000123e-03 -9.999400000000000510e-01 1.091499999999999936e-02 -8.300000000000000086e-04
2.000000000000000000e+00 2.000000000000000000e+01 6.000000000000000000e+01 0.000000000000000000e+00 1.600000000000000089e+00 -9.336000000000000548e-03 -3.396000000000000147e-03 9.999510000000000343e-01 -4.924300000000000205e-02 9.987829999999999764e-01 2.932000000000000144e-03 -9.987430000000000474e-01 -4.921299999999999980e-02 -9.492000000000000437e-03
1.000000000000000000e+00 2.100000000000000000e+01 6.000000000000000000e+01 0.000000000000000000e+00 1.600000000000000089e+00 -1.060799999999999937e-02 -9.022999999999999771e-03 9.999029999999999863e-01 -8.699800000000000588e-02 9.961759999999999504e-01 8.066000000000000253e-03 -9.961520000000000374e-01 -8.690399999999999514e-02 -1.135199999999999924e-02
7.000000000000000000e+00 2.100000000000000000e+01 6.000000000000000000e+01 0.000000000000000000e+00 1.600000000000000089e+00 -5.713000000000000196e-03 4.991999999999999910e-03 9.999710000000000543e-01 -9.498900000000000399e-02 9.954629999999999868e-01 -5.512000000000000406e-03 -9.954619999999999580e-01 -9.501700000000000423e-02 -5.212999999999999752e-03
1.300000000000000000e+01 2.100000000000000000e+01 6.000000000000000000e+01 0.000000000000000000e+00 1.600000000000000089e+00 2.978000000000000178e-03 1.177000000000000095e-03 9.999949999999999672e-01 -9.692599999999999827e-02 9.952910000000000368e-01 -8.819999999999999715e-04 -9.952870000000000328e-01 -9.692299999999999527e-02 3.078000000000000007e-03
1.800000000000000000e+01 2.100000000000000000e+01 6.000000000000000000e+01 0.000000000000000000e+00 1.600000000000000089e+00 -5.063999999999999925e-03 -6.178999999999999597e-03 9.999679999999999680e-01 -9.663299999999999668e-02 9.953039999999999665e-01 5.660000000000000100e-03 -9.953070000000000528e-01 -9.660100000000000631e-02 -5.636999999999999650e-03
2.300000000000000000e+01 2.100000000000000000e+01 6.000000000000000000e+01 0.000000000000000000e+00 1.600000000000000089e+00 -9.420000000000000205e-04 -5.016999999999999758e-03 9.999869999999999592e-01 -9.676700000000000579e-02 9.952950000000000408e-01 4.903000000000000240e-03 -9.953070000000000528e-01 -9.676099999999999979e-02 -1.423000000000000003e-03
2.600000000000000000e+01 3.000000000000000000e+00 6.300000000000000000e+01 0.000000000000000000e+00 1.600000000000000089e+00 1.778999999999999982e-03 1.039999999999999909e-03 9.999980000000000535e-01 -6.154739999999999656e-01 7.881569999999999965e-01 2.750000000000000166e-04 -7.881550000000000500e-01 -6.154739999999999656e-01 2.041999999999999978e-03
7.000000000000000000e+00 2.700000000000000000e+01 6.300000000000000000e+01 0.000000000000000000e+00 1.600000000000000089e+00 -5.372000000000000039e-03 1.054999999999999948e-03 9.999850000000000128e-01 -2.703740000000000032e-01 9.627520000000000522e-01 -2.468999999999999841e-03 -9.627409999999999579e-01 -2.703829999999999845e-01 -4.886999999999999851e-03
1.100000000000000000e+01 2.700000000000000000e+01 6.300000000000000000e+01 0.000000000000000000e+00 1.600000000000000089e+00 2.001999999999999873e-03 1.962999999999999901e-03 9.999959999999999960e-01 -2.681160000000000210e-01 9.633859999999999646e-01 -1.353999999999999952e-03 -9.633850000000000469e-01 -2.681120000000000170e-01 2.455000000000000151e-03
1.600000000000000000e+01 2.700000000000000000e+01 6.300000000000000000e+01 0.000000000000000000e+00 1.600000000000000089e+00 -3.980000000000000248e-04 6.830000000000000134e-04 1.000000000000000000e+00 -2.685460000000000069e-01 9.632659999999999556e-01 -7.649999999999999465e-04 -9.632669999999999844e-01 -2.685469999999999802e-01 -2.000000000000000096e-04
2.400000000000000000e+01 2.700000000000000000e+01 6.300000000000000000e+01 0.000000000000000000e+00 1.600000000000000089e+00 -1.814000000000000074e-03 -3.706999999999999792e-03 9.999919999999999920e-01 -2.677410000000000068e-01 9.634859999999999536e-01 3.086000000000000201e-03 -9.634890000000000398e-01 -2.677329999999999988e-01 -2.739999999999999814e-03
1.000000000000000000e+01 2.600000000000000000e+01 6.400000000000000000e+01 0.000000000000000000e+00 1.600000000000000089e+00 7.640000000000000306e-04 -4.500000000000000283e-05 1.000000000000000000e+00 -3.450409999999999866e-01 9.385879999999999779e-01 3.060000000000000111e-04 -9.385869999999999491e-01 -3.450409999999999866e-01 7.020000000000000415e-04
2.000000000000000000e+01 2.600000000000000000e+01 6.400000000000000000e+01 0.000000000000000000e+00 1.600000000000000089e+00 -2.013000000000000032e-03 -3.206000000000000082e-03 9.999930000000000208e-01 -3.470130000000000159e-01 9.378579999999999695e-01 2.308000000000000156e-03 -9.378579999999999695e-01 -3.470050000000000079e-01 -3.000000000000000062e-03
2.500000000000000000e+01 2.600000000000000000e+01 6.400000000000000000e+01 0.000000000000000000e+00 1.600000000000000089e+00 -1.487000000000000040e-03 -2.432000000000000134e-03 9.999959999999999960e-01 -3.490010000000000057e-01 9.371209999999999818e-01 1.760000000000000063e-03 -9.371209999999999818e-01 -3.489970000000000017e-01 -2.242000000000000069e-03
2.000000000000000000e+00 2.500000000000000000e+01 7.300000000000000000e+01 0.000000000000000000e+00 1.600000000000000089e+00 1.915000000000000036e-03 -5.700000000000000314e-05 9.999980000000000535e-01 7.468310000000000226e-01 -6.650120000000000475e-01 -1.467999999999999904e-03 6.650110000000000188e-01 7.468329999999999691e-01 -1.231000000000000106e-03
1.800000000000000000e+01 2.500000000000000000e+01 7.300000000000000000e+01 0.000000000000000000e+00 1.600000000000000089e+00 -2.592200000000000060e-02 -2.269699999999999843e-02 9.994060000000000166e-01 7.576990000000000114e-01 -6.525859999999999994e-01 4.832000000000000357e-03 6.520890000000000297e-01 7.573739999999999917e-01 3.411399999999999849e-02
2.600000000000000000e+01 2.500000000000000000e+01 7.300000000000000000e+01 0.000000000000000000e+00 1.600000000000000089e+00 1.069000000000000072e-03 3.919999999999999873e-04 9.999989999999999712e-01 7.480820000000000247e-01 -6.636060000000000292e-01 -5.400000000000000069e-04 6.636060000000000292e-01 7.480820000000000247e-01 -1.002000000000000069e-03
2.900000000000000000e+01 2.500000000000000000e+01 7.300000000000000000e+01 0.000000000000000000e+00 1.600000000000000089e+00 -4.780000000000000178e-04 2.027000000000000156e-03 9.999980000000000535e-01 7.504440000000000000e-01 -6.609310000000000462e-01 1.698000000000000074e-03 6.609329999999999927e-01 7.504440000000000000e-01 -1.204999999999999908e-03
1.000000000000000000e+00 4.400000000000000000e+01 7.300000000000000000e+01 0.000000000000000000e+00 1.600000000000000089e+00 -5.577999999999999625e-03 -1.735999999999999913e-03 9.999829999999999552e-01 5.133200000000000263e-02 -9.986810000000000409e-01 -1.446999999999999936e-03 9.986660000000000537e-01 5.132300000000000056e-02 5.660000000000000100e-03
9.000000000000000000e+00 4.400000000000000000e+01 7.300000000000000000e+01 0.000000000000000000e+00 1.600000000000000089e+00 -5.760000000000000146e-04 -2.292000000000000200e-03 9.999970000000000248e-01 5.110499999999999765e-02 -9.986909999999999954e-01 -2.259999999999999856e-03 9.986930000000000529e-01 5.110399999999999665e-02 6.920000000000000153e-04
1.400000000000000000e+01 4.400000000000000000e+01 7.300000000000000000e+01 0.000000000000000000e+00 1.600000000000000089e+00 -1.379999999999999933e-03 -3.444000000000000013e-03 9.999930000000000208e-01 5.080699999999999800e-02 -9.987030000000000074e-01 -3.370000000000000166e-03 9.987080000000000402e-01 5.080199999999999994e-02 1.552999999999999910e-03
1.900000000000000000e+01 4.400000000000000000e+01 7.300000000000000000e+01 0.000000000000000000e+00 1.600000000000000089e+00 -2.262999999999999821e-03 -5.536000000000000122e-03 9.999820000000000375e-01 4.628000000000000169e-02 -9.989139999999999686e-01 -5.426000000000000267e-03 9.989259999999999806e-01 4.626600000000000157e-02 2.517000000000000140e-03
2.500000000000000000e+01 4.400000000000000000e+01 7.300000000000000000e+01 0.000000000000000000e+00 1.600000000000000089e+00 -2.550000000000000183e-03 -1.088999999999999907e-03 9.999959999999999960e-01 4.602599999999999747e-02 -9.989400000000000501e-01 -9.709999999999999664e-04 9.989369999999999639e-01 4.602300000000000141e-02 2.596999999999999916e-03
8.000000000000000000e+00 2.500000000000000000e+01 7.400000000000000000e+01 0.000000000000000000e+00 1.600000000000000089e+00 1.095499999999999946e-02 1.241100000000000016e-02 9.998629999999999463e-01 8.344639999999999835e-01 -5.510570000000000190e-01 -2.302999999999999926e-03 5.509530000000000260e-01 8.343749999999999778e-01 -1.639300000000000132e-02
2.700000000000000000e+01 5.100000000000000000e+01 7.600000000000000000e+01 0.000000000000000000e+00 1.600000000000000089e+00 3.194999999999999923e-03 2.952000000000000197e-03 -9.999900000000000455e-01 -4.008650000000000269e-01 -9.161280000000000534e-01 -3.984999999999999827e-03 -9.161310000000000286e-01 4.008740000000000081e-01 -1.744000000000000107e-03
6.000000000000000000e+00 9.100000000000000000e+01 7.600000000000000000e+01 0.000000000000000000e+00 1.600000000000000089e+00 -1.399000000000000070e-03 -2.086999999999999880e-03 9.999970000000000248e-01 3.135830000000000006e-01 -9.495599999999999596e-01 -1.543000000000000101e-03 9.495599999999999596e-01 3.135800000000000254e-01 1.982999999999999954e-03
1.300000000000000000e+01 9.100000000000000000e+01 7.600000000000000000e+01 0.000000000000000000e+00 1.600000000000000089e+00 -3.939999999999999817e-04 1.719000000000000042e-03 9.999980000000000535e-01 3.163159999999999861e-01 -9.486520000000000508e-01 1.755000000000000050e-03 9.486539999999999973e-01 3.163159999999999861e-01 -1.700000000000000122e-04
2.200000000000000000e+01 9.100000000000000000e+01 7.600000000000000000e+01 0.000000000000000000e+00 1.600000000000000089e+00 -1.681999999999999901e-03 -3.669999999999999760e-04 9.999989999999999712e-01 3.203019999999999756e-01 -9.473160000000000469e-01 1.910000000000000077e-04 9.473139999999999894e-01 3.203019999999999756e-01 1.711000000000000064e-03
2.600000000000000000e+01 9.100000000000000000e+01 7.600000000000000000e+01 0.000000000000000000e+00 1.600000000000000089e+00 -3.122999999999999908e-03 -8.149999999999999693e-04 9.999949999999999672e-01 3.149140000000000272e-01 -9.491199999999999637e-01 2.100000000000000087e-04 9.491150000000000420e-01 3.149129999999999985e-01 3.220000000000000206e-03
1.400000000000000000e+01 6.300000000000000000e+01 8.100000000000000000e+01 0.000000000000000000e+00 1.600000000000000089e+00 -1.394000000000000057e-03 3.249999999999999851e-04 9.999989999999999712e-01 4.415499999999999980e-02 -9.990250000000000519e-01 3.860000000000000041e-04 9.990240000000000231e-01 4.415600000000000080e-02 1.378000000000000102e-03
5.000000000000000000e+00 4.400000000000000000e+01 8.300000000000000000e+01 0.000000000000000000e+00 1.600000000000000089e+00 1.830000000000000029e-03 -3.552000000000000036e-03 9.999919999999999920e-01 5.830650000000000555e-01 -8.124160000000000270e-01 -3.952999999999999917e-03 8.124240000000000350e-01 5.830670000000000019e-01 5.839999999999999922e-04
1.000000000000000000e+01 4.400000000000000000e+01 8.300000000000000000e+01 0.000000000000000000e+00 1.600000000000000089e+00 -2.950000000000000148e-04 -2.534999999999999927e-03 9.999970000000000248e-01 5.860750000000000126e-01 -8.102549999999999475e-01 -1.881000000000000076e-03 8.102570000000000050e-01 5.860729999999999551e-01 1.724999999999999971e-03
1.700000000000000000e+01 4.400000000000000000e+01 8.300000000000000000e+01 0.000000000000000000e+00 1.600000000000000089e+00 -1.134000000000000025e-03 3.207999999999999914e-03 9.999940000000000495e-01 5.832779999999999632e-01 -8.122660000000000435e-01 3.266999999999999939e-03 8.122719999999999940e-01 5.832789999999999919e-01 -9.499999999999999981e-04
2.000000000000000000e+01 4.400000000000000000e+01 8.300000000000000000e+01 0.000000000000000000e+00 1.600000000000000089e+00 -1.905000000000000009e-03 4.281000000000000083e-03 9.999890000000000168e-01 5.810840000000000449e-01 -8.138309999999999711e-01 4.590999999999999595e-03 8.138410000000000366e-01 5.810859999999999914e-01 -9.370000000000000074e-04
2.100000000000000000e+01 1.010000000000000000e+02 8.300000000000000000e+01 0.000000000000000000e+00 1.600000000000000089e+00 -1.234000000000000071e-03 -4.950999999999999672e-03 9.999869999999999592e-01 9.964889999999999581e-01 8.370800000000000463e-02 1.644000000000000062e-03 -8.371499999999999775e-02 9.964779999999999749e-01 4.830000000000000092e-03
1.000000000000000000e+00 4.800000000000000000e+01 8.400000000000000000e+01 0.000000000000000000e+00 1.600000000000000089e+00 -3.305000000000000212e-03 -4.471000000000000148e-03 -9.999850000000000128e-01 -9.468969999999999887e-01 -3.215060000000000140e-01 4.566999999999999879e-03 -3.215210000000000012e-01 9.468969999999999887e-01 -3.171000000000000207e-03
2.500000000000000000e+01 4.800000000000000000e+01 8.400000000000000000e+01 0.000000000000000000e+00 1.600000000000000089e+00 3.494999999999999843e-03 3.340000000000000087e-03 -9.999879999999999880e-01 -9.459699999999999775e-01 -3.242229999999999834e-01 -4.388999999999999672e-03 -3.242340000000000222e-01 9.459750000000000103e-01 2.026000000000000023e-03
8.000000000000000000e+00 1.500000000000000000e+01 8.600000000000000000e+01 0.000000000000000000e+00 1.600000000000000089e+00 -4.780000000000000178e-04 -9.279000000000000789e-03 -9.999569999999999848e-01 1.865690000000000126e-01 9.823990000000000222e-01 -9.204999999999999641e-03 9.824420000000000375e-01 -1.865650000000000086e-01 1.262000000000000101e-03
