4.000000000000000000e+00 1.500000000000000000e+01 4.000000000000000000e+00 0.000000000000000000e+00 1.600000000000000089e+00 -3.814999999999999815e-03 7.741999999999999750e-03 9.999630000000000463e-01 2.913240000000000274e-01 -9.565869999999999651e-01 8.517000000000000265e-03 9.566170000000000506e-01 2.913450000000000206e-01 1.394000000000000057e-03
6.000000000000000000e+00 1.600000000000000000e+01 4.000000000000000000e+00 0.000000000000000000e+00 1.600000000000000089e+00 -3.933999999999999997e-03 1.418299999999999943e-02 9.998920000000000030e-01 3.511000000000000232e-01 -9.362230000000000274e-01 1.466100000000000042e-02 9.363299999999999956e-01 3.511199999999999877e-01 -1.296999999999999976e-03
1.400000000000000000e+01 1.600000000000000000e+01 4.000000000000000000e+00 0.000000000000000000e+00 1.600000000000000089e+00 -3.383999999999999855e-03 2.837599999999999845e-02 9.995920000000000361e-01 3.390070000000000028e-01 -9.403719999999999857e-01 2.784299999999999969e-02 9.407780000000000031e-01 3.389619999999999855e-01 -6.437000000000000013e-03
1.700000000000000000e+01 1.600000000000000000e+01 4.000000000000000000e+00 0.000000000000000000e+00 1.600000000000000089e+00 -1.449999999999999900e-03 3.093500000000000069e-02 9.995199999999999640e-01 3.373860000000000192e-01 -9.409009999999999874e-01 2.961000000000000090e-02 9.413650000000000073e-01 3.372669999999999835e-01 -9.072999999999999468e-03
2.100000000000000000e+01 1.600000000000000000e+01 4.000000000000000000e+00 0.000000000000000000e+00 1.600000000000000089e+00 -2.769999999999999893e-03 2.637000000000000108e-02 9.996479999999999810e-01 3.349989999999999912e-01 -9.418659999999999810e-01 2.577399999999999830e-02 9.422150000000000247e-01 3.349520000000000275e-01 -6.224999999999999631e-03
2.800000000000000000e+01 1.600000000000000000e+01 4.000000000000000000e+00 0.000000000000000000e+00 1.600000000000000089e+00 -3.134000000000000067e-03 1.013099999999999938e-02 9.999440000000000550e-01 3.249600000000000266e-01 -9.456689999999999818e-01 1.060000000000000005e-02 9.457229999999999803e-01 3.249750000000000139e-01 -3.289999999999999739e-04
1.000000000000000000e+01 1.010000000000000000e+02 7.000000000000000000e+00 0.000000000000000000e+00 1.600000000000000089e+00 2.292000000000000200e-03 6.534500000000000031e-02 9.978599999999999692e-01 8.879209999999999603e-01 4.588749999999999774e-01 -3.208899999999999947e-02 -4.599900000000000100e-01 8.860949999999999660e-01 -5.696999999999999981e-02
1.700000000000000000e+01 1.010000000000000000e+02 7.000000000000000000e+00 0.000000000000000000e+00 1.600000000000000089e+00 1.640000000000000019e-04 1.829400000000000123e-02 9.998329999999999718e-01 8.874279999999999946e-01 4.608670000000000266e-01 -8.578000000000000555e-03 -4.609469999999999956e-01 8.872809999999999864e-01 -1.615899999999999975e-02
3.000000000000000000e+00 1.500000000000000000e+01 8.000000000000000000e+00 0.000000000000000000e+00 1.600000000000000089e+00 8.736999999999999975e-03 8.397999999999999216e-03 -9.999270000000000103e-01 -5.818259999999999543e-01 -8.132260000000000044e-01 -1.191399999999999924e-02 -8.132660000000000444e-01 5.818870000000000431e-01 -2.219000000000000052e-03
7.000000000000000000e+00 1.500000000000000000e+01 8.000000000000000000e+00 0.000000000000000000e+00 1.600000000000000089e+00 9.747000000000000455e-03 1.679699999999999943e-02 -9.998110000000000053e-01 -5.799530000000000518e-01 -8.144200000000000328e-01 -1.933700000000000002e-02 -8.145919999999999828e-01 5.800319999999999920e-01 1.804000000000000048e-03
9.000000000000000000e+00 1.500000000000000000e+01 8.000000000000000000e+00 0.000000000000000000e+00 1.600000000000000089e+00 1.092199999999999942e-02 1.895300000000000110e-02 -9.997610000000000108e-01 -5.786639999999999562e-01 -8.152749999999999719e-01 -2.177700000000000122e-02 -8.154930000000000234e-01 5.787630000000000274e-01 2.063000000000000164e-03
1.600000000000000000e+01 1.500000000000000000e+01 8.000000000000000000e+00 0.000000000000000000e+00 1.600000000000000089e+00 9.931000000000000591e-03 2.637799999999999867e-02 -9.996030000000000193e-01 -5.736329999999999485e-01 -8.186569999999999681e-01 -2.730199999999999988e-02 -8.190520000000000023e-01 5.736759999999999637e-01 7.001000000000000278e-03
2.100000000000000000e+01 1.500000000000000000e+01 8.000000000000000000e+00 0.000000000000000000e+00 1.600000000000000089e+00 1.056900000000000027e-02 2.616299999999999876e-02 -9.996019999999999905e-01 -5.711850000000000538e-01 -8.203599999999999781e-01 -2.751100000000000073e-02 -8.207529999999999548e-01 5.712490000000000068e-01 6.274000000000000063e-03
2.600000000000000000e+01 1.500000000000000000e+01 8.000000000000000000e+00 0.000000000000000000e+00 1.600000000000000089e+00 6.360000000000000202e-03 1.666899999999999979e-02 -9.998409999999999798e-01 -5.677179999999999449e-01 -8.230399999999999938e-01 -1.733200000000000018e-02 -8.231979999999999853e-01 5.677379999999999649e-01 4.229000000000000120e-03
4.000000000000000000e+00 2.600000000000000000e+01 8.000000000000000000e+00 0.000000000000000000e+00 1.600000000000000089e+00 -8.654999999999999499e-03 -1.127399999999999930e-02 -9.998989999999999823e-01 4.048629999999999729e-01 9.142730000000000024e-01 -1.381300000000000062e-02 9.143360000000000376e-01 -4.049420000000000242e-01 -3.348999999999999980e-03
1.000000000000000000e+01 2.600000000000000000e+01 8.000000000000000000e+00 0.000000000000000000e+00 1.600000000000000089e+00 -6.570000000000000319e-03 -1.523300000000000001e-02 -9.998620000000000285e-01 4.110179999999999945e-01 9.114759999999999529e-01 -1.658700000000000105e-02 9.116039999999999699e-01 -4.110710000000000197e-01 2.730000000000000222e-04
1.500000000000000000e+01 2.600000000000000000e+01 8.000000000000000000e+00 0.000000000000000000e+00 1.600000000000000089e+00 -7.773000000000000395e-03 -2.994700000000000140e-02 -9.995209999999999928e-01 4.156690000000000107e-01 9.090049999999999519e-01 -3.046799999999999856e-02 9.094830000000000414e-01 -4.157069999999999932e-01 5.381999999999999632e-03
2.400000000000000000e+01 2.600000000000000000e+01 8.000000000000000000e+00 0.000000000000000000e+00 1.600000000000000089e+00 -6.237000000000000356e-03 -1.124299999999999952e-02 -9.999169999999999447e-01 4.226249999999999729e-01 9.062139999999999640e-01 -1.282600000000000059e-02 9.062829999999999497e-01 -4.226699999999999902e-01 -9.009999999999999997e-04
2.800000000000000000e+01 2.600000000000000000e+01 8.000000000000000000e+00 0.000000000000000000e+00 1.600000000000000089e+00 -5.285999999999999900e-03 -9.261999999999999400e-03 -9.999430000000000263e-01 4.233180000000000276e-01 9.059190000000000298e-01 -1.062800000000000029e-02 9.059660000000000490e-01 -4.233509999999999773e-01 -8.679999999999999565e-04
2.600000000000000000e+01 1.400000000000000000e+01 9.000000000000000000e+00 0.000000000000000000e+00 1.600000000000000089e+00 6.440000000000000412e-03 1.897899999999999934e-02 -9.997989999999999933e-01 -5.613070000000000004e-01 -8.273819999999999508e-01 -1.932199999999999890e-02 -8.275829999999999576e-01 5.613190000000000124e-01 5.324999999999999872e-03
8.000000000000000000e+00 2.400000000000000000e+01 9.000000000000000000e+00 0.000000000000000000e+00 1.600000000000000089e+00 -7.778000000000000191e-03 -1.403500000000000060e-02 -9.998709999999999543e-01 4.641609999999999903e-01 8.856060000000000043e-01 -1.604099999999999970e-02 8.857169999999999765e-01 -4.642260000000000275e-01 -3.739999999999999835e-04
1.400000000000000000e+01 2.400000000000000000e+01 9.000000000000000000e+00 0.000000000000000000e+00 1.600000000000000089e+00 -8.361000000000000376e-03 -3.056000000000000036e-02 -9.994979999999999976e-01 4.695730000000000182e-01 8.823530000000000539e-01 -3.090599999999999944e-02 8.828540000000000276e-01 -4.695960000000000134e-01 6.973000000000000032e-03
2.000000000000000000e+01 2.400000000000000000e+01 9.000000000000000000e+00 0.000000000000000000e+00 1.600000000000000089e+00 -9.332999999999999283e-03 -2.466300000000000089e-02 -9.996519999999999850e-01 4.762859999999999872e-01 8.789019999999999611e-01 -2.613000000000000045e-02 8.792410000000000503e-01 -4.763649999999999829e-01 3.543999999999999841e-03
4.000000000000000000e+00 4.000000000000000000e+00 1.100000000000000000e+01 0.000000000000000000e+00 1.600000000000000089e+00 1.118999999999999986e-03 5.910000000000000323e-03 -9.999820000000000375e-01 1.909569999999999879e-01 9.815800000000000081e-01 6.015000000000000381e-03 9.815979999999999706e-01 -1.909599999999999909e-01 -3.000000000000000076e-05
8.000000000000000000e+00 4.000000000000000000e+00 1.100000000000000000e+01 0.000000000000000000e+00 1.600000000000000089e+00 2.258000000000000024e-03 2.270700000000000149e-02 -9.997399999999999620e-01 1.799419999999999908e-01 9.834140000000000104e-01 2.274299999999999933e-02 9.836749999999999661e-01 -1.799469999999999958e-01 -1.864999999999999904e-03
4.000000000000000000e+00 1.040000000000000000e+02 1.100000000000000000e+01 0.000000000000000000e+00 1.600000000000000089e+00 6.308000000000000239e-03 1.355000000000000085e-03 9.999789999999999512e-01 -9.747329999999999606e-01 -2.232820000000000082e-01 6.452000000000000270e-03 2.232860000000000122e-01 -9.747529999999999806e-01 -8.700000000000000051e-05
9.000000000000000000e+00 1.040000000000000000e+02 1.100000000000000000e+01 0.000000000000000000e+00 1.600000000000000089e+00 9.289999999999999647e-03 9.967999999999999430e-03 9.999069999999999903e-01 -9.737000000000000099e-01 -2.275520000000000043e-01 1.131500000000000040e-02 2.276430000000000120e-01 -9.737149999999999972e-01 7.591999999999999790e-03
7.000000000000000000e+00 3.100000000000000000e+01 1.200000000000000000e+01 0.000000000000000000e+00 1.600000000000000089e+00 2.667999999999999799e-03 3.324000000000000132e-03 9.999909999999999632e-01 -2.296099999999999877e-02 9.997310000000000363e-01 -3.262000000000000142e-03 -9.997329999999999828e-01 -2.295200000000000018e-02 2.743000000000000212e-03
1.700000000000000000e+01 3.100000000000000000e+01 1.200000000000000000e+01 0.000000000000000000e+00 1.600000000000000089e+00 -1.111999999999999924e-03 -6.492999999999999640e-03 9.999780000000000335e-01 -2.345399999999999915e-02 9.997040000000000370e-01 6.465000000000000260e-03 -9.997239999999999460e-01 -2.344699999999999909e-02 -1.263999999999999933e-03
7.000000000000000000e+00 3.500000000000000000e+01 1.200000000000000000e+01 0.000000000000000000e+00 1.600000000000000089e+00 3.190000000000000127e-03 2.187999999999999841e-03 -9.999930000000000208e-01 4.935459999999999847e-01 -8.697190000000000198e-01 -3.289999999999999739e-04 -8.697139999999999871e-01 -4.935419999999999807e-01 -3.854999999999999920e-03
1.000000000000000000e+01 3.500000000000000000e+01 1.200000000000000000e+01 0.000000000000000000e+00 1.600000000000000089e+00 2.380999999999999870e-03 -1.123999999999999999e-03 -9.999970000000000248e-01 4.992090000000000138e-01 -8.664789999999999992e-01 2.161999999999999859e-03 -8.664779999999999704e-01 -4.992119999999999891e-01 -1.502000000000000080e-03
1.400000000000000000e+01 3.500000000000000000e+01 1.200000000000000000e+01 0.000000000000000000e+00 1.600000000000000089e+00 -2.171000000000000187e-03 -2.259999999999999856e-03 -9.999949999999999672e-01 4.935390000000000055e-01 -8.697230000000000238e-01 8.940000000000000464e-04 -8.697209999999999663e-01 -4.935350000000000015e-01 3.003000000000000027e-03
1.900000000000000000e+01 3.500000000000000000e+01 1.200000000000000000e+01 0.000000000000000000e+00 1.600000000000000089e+00 -2.432000000000000134e-03 -2.611000000000000040e-03 -9.999940000000000495e-01 4.829709999999999837e-01 -8.756359999999999699e-01 1.111000000000000008e-03 -8.756329999999999947e-01 -4.829649999999999777e-01 3.390999999999999917e-03
2.800000000000000000e+01 3.500000000000000000e+01 1.200000000000000000e+01 0.000000000000000000e+00 1.600000000000000089e+00 2.518999999999999972e-03 1.307000000000000002e-03 -9.999959999999999960e-01 4.630509999999999904e-01 -8.863320000000000087e-01 7.999999999999999638e-06 -8.863280000000000047e-01 -4.630489999999999884e-01 -2.837999999999999811e-03
1.300000000000000000e+01 3.000000000000000000e+00 1.300000000000000000e+01 0.000000000000000000e+00 1.600000000000000089e+00 2.436999999999999930e-03 4.561599999999999683e-02 9.989559999999999551e-01 -1.947099999999999873e-02 9.987719999999999931e-01 -4.556000000000000327e-02 -9.998070000000000013e-01 -1.933999999999999955e-02 3.321999999999999866e-03
5.000000000000000000e+00 3.200000000000000000e+01 1.400000000000000000e+01 0.000000000000000000e+00 1.600000000000000089e+00 -1.458000000000000095e-03 -3.009999999999999980e-04 -9.999989999999999712e-01 1.130599999999999938e-01 9.935880000000000267e-01 -4.640000000000000027e-04 9.935869999999999980e-01 -1.130599999999999938e-01 -1.415000000000000025e-03
1.100000000000000000e+01 3.200000000000000000e+01 1.400000000000000000e+01 0.000000000000000000e+00 1.600000000000000089e+00 6.170000000000000354e-04 4.525000000000000376e-03 -9.999900000000000455e-01 1.119939999999999963e-01 9.936979999999999702e-01 4.564999999999999614e-03 9.937089999999999534e-01 -1.119949999999999973e-01 1.060000000000000016e-04
1.100000000000000000e+01 1.200000000000000000e+01 1.500000000000000000e+01 0.000000000000000000e+00 1.600000000000000089e+00 8.410000000000000808e-03 1.721599999999999867e-02 -9.998160000000000380e-01 -4.691640000000000255e-01 -8.829029999999999934e-01 -1.914899999999999936e-02 -8.830710000000000504e-01 4.692390000000000172e-01 6.509999999999999945e-04
1.700000000000000000e+01 1.200000000000000000e+01 1.500000000000000000e+01 0.000000000000000000e+00 1.600000000000000089e+00 7.337999999999999905e-03 1.682700000000000168e-02 -9.998310000000000253e-01 -4.693620000000000014e-01 -8.828160000000000451e-01 -1.830299999999999983e-02 -8.829749999999999543e-01 4.694169999999999732e-01 1.420000000000000038e-03
2.100000000000000000e+01 1.200000000000000000e+01 1.500000000000000000e+01 0.000000000000000000e+00 1.600000000000000089e+00 7.492999999999999661e-03 1.383400000000000081e-02 -9.998759999999999870e-01 -4.686270000000000158e-01 -8.832560000000000411e-01 -1.573199999999999946e-02 -8.833640000000000381e-01 4.686870000000000203e-01 -1.350000000000000017e-04
6.000000000000000000e+00 1.100000000000000000e+01 1.600000000000000000e+01 0.000000000000000000e+00 1.600000000000000089e+00 4.225999999999999722e-03 2.720999999999999894e-03 -9.999869999999999592e-01 -4.208419999999999939e-01 -9.071240000000000414e-01 -4.245999999999999774e-03 -9.071240000000000414e-01 4.208549999999999791e-01 -2.687999999999999851e-03
8.000000000000000000e+00 1.160000000000000000e+02 1.600000000000000000e+01 0.000000000000000000e+00 1.600000000000000089e+00 5.976999999999999674e-03 4.863000000000000135e-03 9.999700000000000255e-01 7.285260000000000069e-01 6.849750000000000005e-01 -7.686000000000000124e-03 -6.849920000000000453e-01 7.285500000000000309e-01 5.509999999999999490e-04
3.000000000000000000e+00 2.000000000000000000e+00 1.900000000000000000e+01 0.000000000000000000e+00 1.600000000000000089e+00 4.486999999999999669e-03 -2.441600000000000020e-02 -9.996920000000000250e-01 1.871690000000000020e-01 -9.820140000000000535e-01 2.482399999999999884e-02 -9.823180000000000245e-01 -1.872230000000000005e-01 1.630000000000000047e-04
7.000000000000000000e+00 2.000000000000000000e+00 1.900000000000000000e+01 0.000000000000000000e+00 1.600000000000000089e+00 -1.990000000000000124e-04 -9.582999999999999505e-03 -9.999540000000000095e-01 1.858370000000000022e-01 -9.825359999999999649e-01 9.379000000000000184e-03 -9.825810000000000377e-01 -1.858259999999999912e-01 1.977000000000000025e-03
1.700000000000000000e+01 2.000000000000000000e+00 1.900000000000000000e+01 0.000000000000000000e+00 1.600000000000000089e+00 1.062999999999999926e-03 1.899599999999999900e-02 -9.998190000000000133e-01 1.617329999999999879e-01 -9.866599999999999815e-01 -1.857400000000000023e-02 -9.868339999999999890e-01 -1.616839999999999944e-01 -4.120999999999999663e-03
2.400000000000000000e+01 2.000000000000000000e+00 1.900000000000000000e+01 0.000000000000000000e+00 1.600000000000000089e+00 2.961999999999999789e-03 2.086999999999999880e-03 -9.999930000000000208e-01 1.396840000000000026e-01 -9.901950000000000474e-01 -1.652000000000000040e-03 -9.901919999999999611e-01 -1.396789999999999976e-01 -3.223999999999999869e-03
3.000000000000000000e+00 1.300000000000000000e+01 2.000000000000000000e+01 0.000000000000000000e+00 1.600000000000000089e+00 3.233000000000000197e-03 2.474000000000000071e-03 9.999919999999999920e-01 2.569239999999999857e-01 9.664260000000000073e-01 -3.220999999999999905e-03 -9.664260000000000073e-01 2.569319999999999937e-01 2.488999999999999893e-03
1.100000000000000000e+01 1.300000000000000000e+01 2.000000000000000000e+01 0.000000000000000000e+00 1.600000000000000089e+00 -2.341999999999999898e-03 -8.260999999999999246e-03 9.999630000000000463e-01 2.541829999999999923e-01 9.671180000000000332e-01 8.585000000000000617e-03 -9.671530000000000404e-01 2.541939999999999755e-01 -1.659999999999999963e-04
1.500000000000000000e+01 1.300000000000000000e+01 2.000000000000000000e+01 0.000000000000000000e+00 1.600000000000000089e+00 -2.384999999999999967e-03 -9.093999999999999653e-03 9.999559999999999560e-01 2.545640000000000125e-01 9.670100000000000362e-01 9.402000000000000635e-03 -9.670530000000000515e-01 2.545749999999999957e-01 9.000000000000000228e-06
1.800000000000000000e+01 1.300000000000000000e+01 2.000000000000000000e+01 0.000000000000000000e+00 1.600000000000000089e+00 -1.376000000000000053e-03 -8.236000000000000265e-03 9.999649999999999928e-01 2.547240000000000060e-01 9.669780000000000042e-01 8.314999999999999475e-03 -9.670130000000000114e-01 2.547260000000000080e-01 7.680000000000000195e-04
2.300000000000000000e+01 1.300000000000000000e+01 2.000000000000000000e+01 0.000000000000000000e+00 1.600000000000000089e+00 1.694999999999999892e-03 1.369999999999999961e-04 9.999989999999999712e-01 2.521740000000000093e-01 9.676820000000000421e-01 -5.599999999999999509e-04 -9.676810000000000134e-01 2.521740000000000093e-01 1.606000000000000006e-03
2.800000000000000000e+01 1.300000000000000000e+01 2.000000000000000000e+01 0.000000000000000000e+00 1.600000000000000089e+00 2.393000000000000162e-03 4.838000000000000286e-03 9.999850000000000128e-01 2.488519999999999899e-01 9.685270000000000268e-01 -5.281000000000000104e-03 -9.685380000000000100e-01 2.488609999999999989e-01 1.113000000000000057e-03
1.400000000000000000e+01 1.600000000000000000e+01 2.100000000000000000e+01 0.000000000000000000e+00 1.600000000000000089e+00 -2.802999999999999936e-03 -8.099000000000000296e-03 9.999630000000000463e-01 3.014660000000000117e-01 9.534380000000000077e-01 8.566999999999999962e-03 -9.534730000000000150e-01 3.014789999999999970e-01 -2.310000000000000042e-04
2.000000000000000000e+01 1.600000000000000000e+01 2.100000000000000000e+01 0.000000000000000000e+00 1.600000000000000089e+00 -6.610000000000000207e-04 -4.269000000000000225e-03 9.999909999999999632e-01 3.026429999999999954e-01 9.530939999999999968e-01 4.269000000000000225e-03 -9.531039999999999512e-01 3.026429999999999954e-01 6.620000000000000450e-04
2.400000000000000000e+01 1.600000000000000000e+01 2.100000000000000000e+01 0.000000000000000000e+00 1.600000000000000089e+00 2.194999999999999903e-03 8.769000000000000752e-03 9.999590000000000423e-01 3.025180000000000091e-01 9.531009999999999760e-01 -9.022999999999999771e-03 -9.531410000000000160e-01 3.025249999999999884e-01 -5.609999999999999752e-04
8.000000000000000000e+00 3.000000000000000000e+00 2.500000000000000000e+01 0.000000000000000000e+00 1.600000000000000089e+00 -2.099999999999999884e-05 4.497000000000000129e-03 9.999900000000000455e-01 2.058099999999999860e-02 -9.997779999999999445e-01 4.497000000000000129e-03 9.997880000000000100e-01 2.058099999999999860e-02 -7.200000000000000182e-05
3.000000000000000000e+00 4.600000000000000000e+01 2.700000000000000000e+01 0.000000000000000000e+00 1.600000000000000089e+00 3.739999999999999835e-03 3.436999999999999951e-03 -9.999869999999999592e-01 6.674390000000000045e-01 7.446469999999999478e-01 5.055999999999999731e-03 7.446549999999999558e-01 -6.674489999999999590e-01 4.910000000000000085e-04
1.300000000000000000e+01 4.600000000000000000e+01 2.700000000000000000e+01 0.000000000000000000e+00 1.600000000000000089e+00 -7.649999999999999465e-04 -2.689999999999999791e-04 -1.000000000000000000e+00 6.697800000000000420e-01 7.425589999999999691e-01 -7.119999999999999593e-04 7.425589999999999691e-01 -6.697809999999999597e-01 -3.879999999999999985e-04
2.100000000000000000e+01 4.600000000000000000e+01 2.700000000000000000e+01 0.000000000000000000e+00 1.600000000000000089e+00 -2.703000000000000107e-03 -1.420000000000000038e-03 -9.999949999999999672e-01 6.670009999999999550e-01 7.450510000000000188e-01 -2.860999999999999828e-03 7.450520000000000476e-01 -6.670059999999999878e-01 -1.067000000000000023e-03
2.700000000000000000e+01 4.600000000000000000e+01 2.700000000000000000e+01 0.000000000000000000e+00 1.600000000000000089e+00 -9.810000000000001011e-04 6.149999999999999868e-04 -9.999989999999999712e-01 6.608899999999999775e-01 7.504830000000000112e-01 -1.869999999999999917e-04 7.504819999999999824e-01 -6.608899999999999775e-01 -1.142999999999999919e-03
2.000000000000000000e+01 4.600000000000000000e+01 3.000000000000000000e+01 0.000000000000000000e+00 1.600000000000000089e+00 -1.569999999999999998e-03 -2.469999999999999973e-03 -9.999959999999999960e-01 3.280100000000000238e-01 9.446700000000000097e-01 -2.848999999999999970e-03 9.446729999999999849e-01 -3.280139999999999723e-01 -6.729999999999999871e-04
2.300000000000000000e+01 4.600000000000000000e+01 3.000000000000000000e+01 0.000000000000000000e+00 1.600000000000000089e+00 -2.896000000000000137e-03 -1.608000000000000054e-03 -9.999940000000000495e-01 3.265910000000000202e-01 9.451629999999999754e-01 -2.465000000000000177e-03 9.451610000000000289e-01 -3.265959999999999974e-01 -2.213000000000000123e-03
4.000000000000000000e+00 5.800000000000000000e+01 3.100000000000000000e+01 0.000000000000000000e+00 1.600000000000000089e+00 7.157000000000000167e-03 1.553599999999999946e-02 9.998540000000000205e-01 -7.645690000000000541e-01 -6.443560000000000398e-01 1.548500000000000050e-02 6.445020000000000193e-01 -7.645680000000000254e-01 7.267000000000000022e-03
1.000000000000000000e+01 5.800000000000000000e+01 3.100000000000000000e+01 0.000000000000000000e+00 1.600000000000000089e+00 1.534999999999999906e-03 6.067000000000000344e-03 9.999799999999999800e-01 -7.673060000000000436e-01 -6.412609999999999699e-01 5.067999999999999589e-03 6.412790000000000434e-01 -7.672989999999999533e-01 3.670000000000000085e-03
1.800000000000000000e+01 5.800000000000000000e+01 3.100000000000000000e+01 0.000000000000000000e+00 1.600000000000000089e+00 7.604999999999999781e-03 -2.100000000000000087e-04 9.999710000000000543e-01 -7.612590000000000190e-01 -6.484229999999999716e-01 5.653000000000000039e-03 6.484029999999999516e-01 -7.612799999999999567e-01 -5.091000000000000039e-03
2.200000000000000000e+01 5.800000000000000000e+01 3.100000000000000000e+01 0.000000000000000000e+00 1.600000000000000089e+00 4.250999999999999571e-03 9.044999999999999221e-03 9.999500000000000055e-01 -7.580480000000000551e-01 -6.521350000000000202e-01 9.121999999999999900e-03 6.521850000000000147e-01 -7.580489999999999728e-01 4.083999999999999957e-03
2.700000000000000000e+01 5.800000000000000000e+01 3.100000000000000000e+01 0.000000000000000000e+00 1.600000000000000089e+00 -4.775999999999999863e-03 -3.152999999999999987e-03 9.999839999999999840e-01 -7.601059999999999484e-01 -6.497739999999999627e-01 -5.679000000000000020e-03 6.497810000000000530e-01 -7.601210000000000466e-01 7.069999999999999462e-04
5.000000000000000000e+00 6.000000000000000000e+00 3.200000000000000000e+01 0.000000000000000000e+00 1.600000000000000089e+00 -5.330999999999999801e-03 -5.060000000000000478e-04 -9.999860000000000415e-01 1.750680000000000014e-01 9.845549999999999580e-01 -1.430999999999999980e-03 9.845420000000000282e-01 -1.750730000000000064e-01 -5.159999999999999656e-03
2.100000000000000000e+01 6.000000000000000000e+00 3.200000000000000000e+01 0.000000000000000000e+00 1.600000000000000089e+00 3.383000000000000156e-03 -1.549000000000000030e-03 -9.999930000000000208e-01 2.068450000000000011e-01 9.783730000000000482e-01 -8.159999999999999936e-04 9.783680000000000154e-01 -2.068409999999999971e-01 3.631000000000000113e-03
4.000000000000000000e+00 4.600000000000000000e+01 3.500000000000000000e+01 0.000000000000000000e+00 1.600000000000000089e+00 2.409999999999999816e-03 -6.689999999999999983e-04 -9.999970000000000248e-01 3.862050000000000205e-01 -9.224120000000000097e-01 1.546999999999999981e-03 -9.224099999999999522e-01 -3.862079999999999957e-01 -1.965000000000000167e-03
8.000000000000000000e+00 4.600000000000000000e+01 3.500000000000000000e+01 0.000000000000000000e+00 1.600000000000000089e+00 -9.049999999999999885e-04 1.505999999999999960e-03 -9.999980000000000535e-01 3.862479999999999802e-01 -9.223930000000000184e-01 -1.739000000000000094e-03 -9.223940000000000472e-01 -3.862490000000000090e-01 2.530000000000000239e-04
1.600000000000000000e+01 4.600000000000000000e+01 3.500000000000000000e+01 0.000000000000000000e+00 1.600000000000000089e+00 -8.149999999999999693e-04 4.151000000000000176e-03 -9.999909999999999632e-01 3.848539999999999739e-01 -9.229680000000000106e-01 -4.145000000000000247e-03 -9.229770000000000474e-01 -3.848539999999999739e-01 -8.459999999999999638e-04
2.400000000000000000e+01 4.600000000000000000e+01 3.500000000000000000e+01 0.000000000000000000e+00 1.600000000000000089e+00 2.020000000000000094e-03 -1.108999999999999960e-03 -9.999970000000000248e-01 3.865219999999999767e-01 -9.222780000000000422e-01 1.802999999999999915e-03 -9.222780000000000422e-01 -3.865250000000000075e-01 -1.435000000000000078e-03
2.900000000000000000e+01 4.600000000000000000e+01 3.500000000000000000e+01 0.000000000000000000e+00 1.600000000000000089e+00 1.263999999999999933e-03 -6.270999999999999665e-03 -9.999799999999999800e-01 3.844159999999999799e-01 -9.231390000000000429e-01 6.275000000000000196e-03 -9.231589999999999518e-01 -3.844159999999999799e-01 1.244000000000000097e-03
4.000000000000000000e+00 9.500000000000000000e+01 3.600000000000000000e+01 0.000000000000000000e+00 1.600000000000000089e+00 -7.941000000000000142e-03 -6.825599999999999723e-02 9.976359999999999673e-01 9.979959999999999942e-01 6.209300000000000236e-02 1.219199999999999971e-02 -6.277800000000000047e-02 9.957340000000000080e-01 6.762600000000000555e-02
9.000000000000000000e+00 9.500000000000000000e+01 3.600000000000000000e+01 0.000000000000000000e+00 1.600000000000000089e+00 -3.975000000000000235e-03 -7.032000000000000056e-03 9.999670000000000503e-01 9.984690000000000509e-01 5.514399999999999857e-02 4.356999999999999762e-03 -5.517299999999999982e-02 9.984539999999999527e-01 6.801999999999999887e-03
1.300000000000000000e+01 9.500000000000000000e+01 3.600000000000000000e+01 0.000000000000000000e+00 1.600000000000000089e+00 2.076999999999999853e-03 9.057800000000000573e-02 9.958869999999999667e-01 9.978470000000000395e-01 6.509299999999999808e-02 -8.002000000000000432e-03 -6.554999999999999716e-02 9.937599999999999767e-01 -9.024799999999999489e-02
1.700000000000000000e+01 9.500000000000000000e+01 3.600000000000000000e+01 0.000000000000000000e+00 1.600000000000000089e+00 3.996000000000000420e-03 8.733000000000000485e-02 9.961710000000000287e-01 9.970029999999999726e-01 7.661999999999999367e-02 -1.071599999999999983e-02 -7.726299999999999835e-02 9.932279999999999998e-01 -8.676200000000000578e-02
2.200000000000000000e+01 9.500000000000000000e+01 3.600000000000000000e+01 0.000000000000000000e+00 1.600000000000000089e+00 2.011999999999999900e-03 2.972899999999999848e-02 9.995560000000000000e-01 9.970290000000000541e-01 7.691099999999999326e-02 -4.294000000000000074e-03 -7.700500000000000400e-02 9.965950000000000086e-01 -2.948599999999999832e-02
2.800000000000000000e+01 9.500000000000000000e+01 3.600000000000000000e+01 0.000000000000000000e+00 1.600000000000000089e+00 5.087000000000000376e-03 -2.266900000000000165e-02 9.997300000000000075e-01 9.966000000000000414e-01 8.233300000000000340e-02 -3.203999999999999817e-03 -8.223800000000000554e-02 9.963469999999999827e-01 2.300999999999999920e-02
1.000000000000000000e+01 3.000000000000000000e+00 4.300000000000000000e+01 0.000000000000000000e+00 1.600000000000000089e+00 3.088000000000000033e-03 -3.288999999999999823e-03 -9.999900000000000455e-01 7.417270000000000252e-01 -6.706870000000000331e-01 4.495999999999999996e-03 -6.706950000000000411e-01 -7.417329999999999757e-01 3.680000000000000003e-04
1.500000000000000000e+01 3.000000000000000000e+00 4.300000000000000000e+01 0.000000000000000000e+00 1.600000000000000089e+00 -6.049999999999999606e-04 -2.701699999999999935e-02 -9.996350000000000513e-01 7.393999999999999462e-01 -6.730319999999999636e-01 1.774299999999999836e-02 -6.732660000000000311e-01 -7.391199999999999992e-01 2.038299999999999834e-02
2.600000000000000000e+01 3.000000000000000000e+00 4.300000000000000000e+01 0.000000000000000000e+00 1.600000000000000089e+00 7.309999999999999658e-03 3.629199999999999787e-02 -9.993140000000000356e-01 7.426490000000000036e-01 -6.694149999999999823e-01 -1.887799999999999895e-02 -6.696410000000000418e-01 -7.420020000000000504e-01 -3.184599999999999931e-02
3.000000000000000000e+00 8.000000000000000000e+00 4.400000000000000000e+01 0.000000000000000000e+00 1.600000000000000089e+00 -5.269000000000000246e-03 -1.050099999999999992e-02 9.999310000000000143e-01 -7.632849999999999913e-01 -6.459719999999999906e-01 -1.080599999999999963e-02 6.460409999999999764e-01 -7.632889999999999953e-01 -4.611999999999999780e-03
9.000000000000000000e+00 8.000000000000000000e+00 4.400000000000000000e+01 0.000000000000000000e+00 1.600000000000000089e+00 -1.115000000000000106e-03 -4.590000000000000330e-03 9.999890000000000168e-01 -7.686009999999999787e-01 -6.397180000000000089e-01 -3.792999999999999931e-03 6.397279999999999633e-01 -7.685959999999999459e-01 -2.814000000000000095e-03
1.900000000000000000e+01 8.000000000000000000e+00 4.400000000000000000e+01 0.000000000000000000e+00 1.600000000000000089e+00 -1.712999999999999896e-03 -1.763999999999999943e-03 9.999970000000000248e-01 -7.647059999999999969e-01 -6.443740000000000023e-01 -2.446999999999999956e-03 6.443769999999999776e-01 -7.647080000000000544e-01 -2.449999999999999921e-04
2.500000000000000000e+01 8.000000000000000000e+00 4.400000000000000000e+01 0.000000000000000000e+00 1.600000000000000089e+00 6.399999999999999710e-05 7.293000000000000003e-03 9.999730000000000008e-01 -7.700609999999999955e-01 -6.379529999999999923e-01 4.701000000000000317e-03 6.379700000000000371e-01 -7.700409999999999755e-01 5.575000000000000094e-03
5.000000000000000000e+00 2.900000000000000000e+01 4.400000000000000000e+01 0.000000000000000000e+00 1.600000000000000089e+00 1.152000000000000029e-03 1.399000000000000070e-03 -9.999980000000000535e-01 6.572369999999999601e-01 7.536819999999999631e-01 1.812000000000000026e-03 7.536829999999999918e-01 -6.572379999999999889e-01 -5.099999999999999960e-05
9.000000000000000000e+00 2.900000000000000000e+01 4.400000000000000000e+01 0.000000000000000000e+00 1.600000000000000089e+00 -2.475999999999999902e-03 -3.886000000000000131e-03 -9.999890000000000168e-01 6.589629999999999654e-01 7.521619999999999973e-01 -4.553999999999999888e-03 7.521710000000000340e-01 -6.589669999999999694e-01 6.980000000000000527e-04
1.600000000000000000e+01 2.900000000000000000e+01 4.400000000000000000e+01 0.000000000000000000e+00 1.600000000000000089e+00 6.279999999999999775e-04 1.874000000000000015e-03 -9.999980000000000535e-01 6.706879999999999509e-01 7.417380000000000084e-01 1.810999999999999893e-03 7.417399999999999549e-01 -6.706870000000000331e-01 -7.910000000000000364e-04
2.000000000000000000e+01 2.900000000000000000e+01 4.400000000000000000e+01 0.000000000000000000e+00 1.600000000000000089e+00 1.366000000000000027e-03 2.550999999999999882e-03 -9.999959999999999960e-01 6.783639999999999670e-01 7.347209999999999575e-01 2.801000000000000104e-03 7.347249999999999615e-01 -6.783649999999999958e-01 -7.269999999999999987e-04
2.500000000000000000e+01 2.900000000000000000e+01 4.400000000000000000e+01 0.000000000000000000e+00 1.600000000000000089e+00 1.410000000000000012e-03 -2.396999999999999825e-03 -9.999959999999999960e-01 6.826320000000000165e-01 7.307620000000000227e-01 -7.889999999999999878e-04 7.307609999999999939e-01 -6.826280000000000125e-01 2.667000000000000100e-03
1.200000000000000000e+01 5.400000000000000000e+01 4.600000000000000000e+01 0.000000000000000000e+00 1.600000000000000089e+00 -9.120000000000000502e-04 -2.674000000000000161e-03 9.999959999999999960e-01 3.034149999999999903e-01 -9.528560000000000363e-01 -2.271000000000000015e-03 9.528579999999999828e-01 3.034120000000000150e-01 1.680000000000000070e-03
1.800000000000000000e+01 6.500000000000000000e+01 4.600000000000000000e+01 0.000000000000000000e+00 1.600000000000000089e+00 3.212000000000000011e-03 -2.693000000000000081e-03 9.999909999999999632e-01 6.826630000000000198e-01 -7.307209999999999539e-01 -4.160999999999999768e-03 7.307259999999999867e-01 6.826710000000000278e-01 -5.090000000000000123e-04
2.700000000000000000e+01 6.500000000000000000e+01 4.600000000000000000e+01 0.000000000000000000e+00 1.600000000000000089e+00 2.265000000000000086e-03 1.830000000000000029e-04 9.999970000000000248e-01 6.805820000000000203e-01 -7.326700000000000434e-01 -1.407000000000000048e-03 7.326679999999999859e-01 6.805839999999999668e-01 -1.783999999999999996e-03
1.000000000000000000e+00 7.000000000000000000e+01 4.700000000000000000e+01 0.000000000000000000e+00 1.600000000000000089e+00 -8.890000000000000333e-04 -7.014000000000000269e-03 -9.999749999999999472e-01 -8.359820000000000029e-01 -5.487379999999999480e-01 4.591999999999999728e-03 -5.487560000000000215e-01 8.359649999999999581e-01 -5.374999999999999570e-03
1.500000000000000000e+01 7.000000000000000000e+01 4.700000000000000000e+01 0.000000000000000000e+00 1.600000000000000089e+00 -3.840000000000000097e-04 2.077999999999999986e-03 -9.999980000000000535e-01 -8.388809999999999878e-01 -5.443149999999999933e-01 -8.090000000000000403e-04 -5.443149999999999933e-01 8.388790000000000413e-01 1.951999999999999959e-03
1.800000000000000000e+01 7.000000000000000000e+01 4.700000000000000000e+01 0.000000000000000000e+00 1.600000000000000089e+00 -2.273999999999999980e-03 -2.024000000000000191e-03 -9.999949999999999672e-01 -8.409839999999999538e-01 -5.410509999999999486e-01 3.007000000000000124e-03 -5.410549999999999526e-01 8.409870000000000401e-01 -4.719999999999999803e-04
2.000000000000000000e+00 6.000000000000000000e+00 5.100000000000000000e+01 0.000000000000000000e+00 1.600000000000000089e+00 3.452000000000000207e-03 -4.998999999999999971e-03 -9.999820000000000375e-01 3.220839999999999814e-01 -9.466930000000000067e-01 5.845000000000000369e-03 -9.467050000000000187e-01 -3.220979999999999954e-01 -1.657999999999999969e-03
2.300000000000000000e+01 1.150000000000000000e+02 5.100000000000000000e+01 0.000000000000000000e+00 1.600000000000000089e+00 -2.389000000000000064e-03 -6.490000000000000109e-03 9.999759999999999760e-01 8.420750000000000179e-01 -5.393580000000000041e-01 -1.489000000000000089e-03 5.393550000000000288e-01 8.420520000000000227e-01 6.753999999999999587e-03
2.000000000000000000e+00 7.000000000000000000e+00 5.200000000000000000e+01 0.000000000000000000e+00 1.600000000000000089e+00 2.579999999999999828e-03 -5.420999999999999604e-03 -9.999820000000000375e-01 9.494900000000000562e-02 -9.954659999999999620e-01 5.642000000000000313e-03 -9.954790000000000028e-01 -9.496200000000000474e-02 -2.053999999999999836e-03
1.300000000000000000e+01 7.000000000000000000e+00 5.200000000000000000e+01 0.000000000000000000e+00 1.600000000000000089e+00 -1.248400000000000030e-02 -7.618999999999999904e-03 -9.998930000000000318e-01 1.131510000000000016e-01 -9.935589999999999700e-01 6.158000000000000279e-03 -9.934990000000000210e-01 -1.130619999999999958e-01 1.326500000000000075e-02
9.000000000000000000e+00 1.500000000000000000e+01 5.300000000000000000e+01 0.000000000000000000e+00 1.600000000000000089e+00 -3.910000000000000172e-04 5.410000000000000312e-04 -1.000000000000000000e+00 6.799760000000000248e-01 7.332349999999999701e-01 1.310000000000000129e-04 7.332349999999999701e-01 -6.799760000000000248e-01 -6.549999999999999833e-04
3.000000000000000000e+00 6.300000000000000000e+01 5.400000000000000000e+01 0.000000000000000000e+00 1.600000000000000089e+00 5.010000000000000347e-04 -2.298999999999999828e-03 9.999970000000000248e-01 -3.520269999999999788e-01 9.359870000000000134e-01 2.328000000000000208e-03 -9.359899999999999887e-01 -3.520269999999999788e-01 -3.400000000000000244e-04
7.000000000000000000e+00 6.300000000000000000e+01 5.400000000000000000e+01 0.000000000000000000e+00 1.600000000000000089e+00 2.207999999999999893e-03 2.892000000000000039e-03 9.999930000000000208e-01 -3.504680000000000017e-01 9.365729999999999889e-01 -1.935000000000000088e-03 -9.365719999999999601e-01 -3.504610000000000225e-01 3.080999999999999971e-03
1.300000000000000000e+01 6.300000000000000000e+01 5.400000000000000000e+01 0.000000000000000000e+00 1.600000000000000089e+00 -9.380000000000000317e-04 -8.790000000000000070e-04 9.999989999999999712e-01 -3.559649999999999759e-01 9.344989999999999686e-01 4.879999999999999898e-04 -9.344989999999999686e-01 -3.559640000000000026e-01 -1.188999999999999953e-03
1.900000000000000000e+01 6.300000000000000000e+01 5.400000000000000000e+01 0.000000000000000000e+00 1.600000000000000089e+00 -1.959999999999999937e-04 -3.570000000000000040e-04 1.000000000000000000e+00 -3.540360000000000174e-01 9.352319999999999522e-01 2.640000000000000202e-04 -9.352319999999999522e-01 -3.540360000000000174e-01 -3.099999999999999999e-04
2.400000000000000000e+01 6.300000000000000000e+01 5.400000000000000000e+01 0.000000000000000000e+00 1.600000000000000089e+00 -1.410000000000000120e-04 2.062000000000000031e-03 9.999980000000000535e-01 -3.546830000000000260e-01 9.349840000000000373e-01 -1.978000000000000157e-03 -9.349870000000000125e-01 -3.546830000000000260e-01 5.990000000000000316e-04
5.000000000000000000e+00 2.500000000000000000e+01 5.500000000000000000e+01 0.000000000000000000e+00 1.600000000000000089e+00 -2.130000000000000003e-04 3.403999999999999908e-03 -9.999940000000000495e-01 -1.360100000000000024e-02 -9.999019999999999575e-01 -3.400999999999999943e-03 -9.999069999999999903e-01 1.359999999999999924e-02 2.590000000000000071e-04
9.000000000000000000e+00 2.500000000000000000e+01 5.500000000000000000e+01 0.000000000000000000e+00 1.600000000000000089e+00 -1.427000000000000100e-03 3.105000000000000121e-03 -9.999940000000000495e-01 -1.192799999999999937e-02 -9.999240000000000350e-01 -3.088000000000000033e-03 -9.999280000000000390e-01 1.192299999999999957e-02 1.464000000000000024e-03
1.300000000000000000e+01 2.500000000000000000e+01 5.500000000000000000e+01 0.000000000000000000e+00 1.600000000000000089e+00 -2.439000000000000196e-03 2.720000000000000195e-03 -9.999930000000000208e-01 -1.026700000000000008e-02 -9.999440000000000550e-01 -2.694999999999999913e-03 -9.999440000000000550e-01 1.026099999999999929e-02 2.467000000000000009e-03
1.800000000000000000e+01 2.500000000000000000e+01 5.500000000000000000e+01 0.000000000000000000e+00 1.600000000000000089e+00 -6.589999999999999721e-04 -2.709999999999999735e-04 -1.000000000000000000e+00 -1.062899999999999956e-02 -9.999430000000000263e-01 2.779999999999999811e-04 -9.999430000000000263e-01 1.062899999999999956e-02 6.570000000000000319e-04
