2.000000000000000000e+00 1.500000000000000000e+01 4.000000000000000000e+00 0.000000000000000000e+00 1.600000000000000089e+00 3.586000000000000212e-03 2.528400000000000092e-02 9.996739999999999515e-01 2.965720000000000023e-01 -9.547320000000000251e-01 2.308400000000000035e-02 9.550039999999999640e-01 2.963919999999999888e-01 -1.092199999999999942e-02
9.000000000000000000e+00 1.500000000000000000e+01 4.000000000000000000e+00 0.000000000000000000e+00 1.600000000000000089e+00 -5.533999999999999857e-03 9.464000000000000190e-03 9.999400000000000510e-01 2.943319999999999825e-01 -9.556440000000000490e-01 1.067300000000000020e-02 9.556869999999999532e-01 2.943729999999999958e-01 2.503000000000000017e-03
1.200000000000000000e+01 1.500000000000000000e+01 4.000000000000000000e+00 0.000000000000000000e+00 1.600000000000000089e+00 -4.464000000000000086e-03 8.276000000000000370e-03 9.999559999999999560e-01 2.897770000000000068e-01 -9.570499999999999563e-01 9.213999999999999968e-03 9.570840000000000458e-01 2.898049999999999793e-01 1.874000000000000015e-03
1.400000000000000000e+01 1.600000000000000000e+01 4.000000000000000000e+00 0.000000000000000000e+00 1.600000000000000089e+00 -4.093000000000000284e-03 1.425799999999999984e-02 9.998899999999999455e-01 3.499180000000000068e-01 -9.366640000000000521e-01 1.478900000000000006e-02 9.367720000000000491e-01 3.499399999999999733e-01 -1.154999999999999994e-03
2.200000000000000000e+01 1.600000000000000000e+01 4.000000000000000000e+00 0.000000000000000000e+00 1.600000000000000089e+00 -3.386000000000000121e-03 2.837200000000000139e-02 9.995920000000000361e-01 3.390070000000000028e-01 -9.403719999999999857e-01 2.784000000000000016e-02 9.407780000000000031e-01 3.389619999999999855e-01 -6.433999999999999615e-03
2.500000000000000000e+01 1.600000000000000000e+01 4.000000000000000000e+00 0.000000000000000000e+00 1.600000000000000089e+00 -1.515000000000000071e-03 3.074400000000000049e-02 9.995260000000000256e-01 3.385960000000000081e-01 -9.404709999999999459e-01 2.944000000000000089e-02 9.409309999999999619e-01 3.384800000000000031e-01 -8.984999999999999931e-03
2.900000000000000000e+01 1.600000000000000000e+01 4.000000000000000000e+00 0.000000000000000000e+00 1.600000000000000089e+00 -3.605000000000000131e-03 2.617600000000000135e-02 9.996509999999999563e-01 3.385960000000000081e-01 -9.405769999999999964e-01 2.585000000000000145e-02 9.409250000000000114e-01 3.385710000000000108e-01 -5.472000000000000301e-03
1.800000000000000000e+01 1.010000000000000000e+02 7.000000000000000000e+00 0.000000000000000000e+00 1.600000000000000089e+00 2.292000000000000200e-03 6.534500000000000031e-02 9.978599999999999692e-01 8.879209999999999603e-01 4.588749999999999774e-01 -3.208899999999999947e-02 -4.599900000000000100e-01 8.860949999999999660e-01 -5.696899999999999881e-02
2.500000000000000000e+01 1.010000000000000000e+02 7.000000000000000000e+00 0.000000000000000000e+00 1.600000000000000089e+00 2.700000000000000035e-04 1.830499999999999836e-02 9.998320000000000540e-01 8.872290000000000454e-01 4.612470000000000181e-01 -8.684000000000000746e-03 -4.613289999999999891e-01 8.870829999999999549e-01 -1.611699999999999938e-02
2.000000000000000000e+00 1.500000000000000000e+01 8.000000000000000000e+00 0.000000000000000000e+00 1.600000000000000089e+00 4.499000000000000395e-03 2.389300000000000104e-02 -9.997040000000000370e-01 -5.878160000000000052e-01 -8.086959999999999704e-01 -2.197299999999999948e-02 -8.089819999999999789e-01 5.877409999999999579e-01 1.040600000000000032e-02
6.000000000000000000e+00 1.500000000000000000e+01 8.000000000000000000e+00 0.000000000000000000e+00 1.600000000000000089e+00 7.463000000000000016e-03 1.782200000000000104e-02 -9.998129999999999518e-01 -5.860800000000000454e-01 -8.100349999999999495e-01 -1.881400000000000086e-02 -8.102190000000000225e-01 5.861110000000000486e-01 4.400000000000000265e-03
1.100000000000000000e+01 1.500000000000000000e+01 8.000000000000000000e+00 0.000000000000000000e+00 1.600000000000000089e+00 9.145000000000000351e-03 9.083000000000000795e-03 -9.999169999999999447e-01 -5.824690000000000145e-01 -8.127529999999999477e-01 -1.271000000000000081e-02 -8.128009999999999957e-01 5.825369999999999715e-01 -2.141999999999999807e-03
1.500000000000000000e+01 1.500000000000000000e+01 8.000000000000000000e+00 0.000000000000000000e+00 1.600000000000000089e+00 9.785999999999999560e-03 1.683300000000000074e-02 -9.998099999999999765e-01 -5.799940000000000095e-01 -8.143899999999999473e-01 -1.938799999999999898e-02 -8.145620000000000083e-01 5.800739999999999785e-01 1.793000000000000106e-03
1.700000000000000000e+01 1.500000000000000000e+01 8.000000000000000000e+00 0.000000000000000000e+00 1.600000000000000089e+00 1.092300000000000042e-02 1.895399999999999863e-02 -9.997610000000000108e-01 -5.786639999999999562e-01 -8.152749999999999719e-01 -2.177899999999999975e-02 -8.154930000000000234e-01 5.787630000000000274e-01 2.063000000000000164e-03
2.400000000000000000e+01 1.500000000000000000e+01 8.000000000000000000e+00 0.000000000000000000e+00 1.600000000000000089e+00 9.900000000000000813e-03 2.628799999999999887e-02 -9.996049999999999658e-01 -5.736229999999999940e-01 -8.186670000000000336e-01 -2.721099999999999908e-02 -8.190589999999999815e-01 5.736660000000000093e-01 6.974000000000000164e-03
3.000000000000000000e+01 1.500000000000000000e+01 8.000000000000000000e+00 0.000000000000000000e+00 1.600000000000000089e+00 1.140599999999999947e-02 2.364899999999999988e-02 -9.996549999999999603e-01 -5.716029999999999722e-01 -8.201209999999999889e-01 -2.592399999999999913e-02 -8.204510000000000414e-01 5.717010000000000147e-01 4.164000000000000166e-03
1.200000000000000000e+01 2.600000000000000000e+01 8.000000000000000000e+00 0.000000000000000000e+00 1.600000000000000089e+00 -8.649000000000000438e-03 -1.461299999999999925e-02 -9.998559999999999670e-01 4.046919999999999962e-01 9.142970000000000264e-01 -1.686299999999999952e-02 9.144120000000000026e-01 -4.047799999999999732e-01 -1.994000000000000113e-03
1.800000000000000000e+01 2.600000000000000000e+01 8.000000000000000000e+00 0.000000000000000000e+00 1.600000000000000089e+00 -6.570000000000000319e-03 -1.523399999999999928e-02 -9.998620000000000285e-01 4.110179999999999945e-01 9.114759999999999529e-01 -1.658799999999999858e-02 9.116039999999999699e-01 -4.110710000000000197e-01 2.730000000000000222e-04
2.300000000000000000e+01 2.600000000000000000e+01 8.000000000000000000e+00 0.000000000000000000e+00 1.600000000000000089e+00 -7.760999999999999670e-03 -2.997000000000000011e-02 -9.995209999999999928e-01 4.156699999999999839e-01 9.090040000000000342e-01 -3.048400000000000068e-02 9.094820000000000126e-01 -4.157080000000000219e-01 5.402999999999999817e-03
2.900000000000000000e+01 2.600000000000000000e+01 8.000000000000000000e+00 0.000000000000000000e+00 1.600000000000000089e+00 -7.172999999999999689e-03 -2.138599999999999876e-02 -9.997460000000000235e-01 4.221469999999999945e-01 9.062500000000000000e-01 -2.241500000000000090e-02 9.064990000000000547e-01 -4.222009999999999930e-01 2.527999999999999865e-03
1.000000000000000000e+00 2.400000000000000000e+01 9.000000000000000000e+00 0.000000000000000000e+00 1.600000000000000089e+00 -3.821000000000000178e-03 -4.631999999999999833e-03 -9.999820000000000375e-01 4.545509999999999828e-01 8.907009999999999650e-01 -5.863000000000000156e-03 8.907129999999999770e-01 -4.545649999999999968e-01 -1.297999999999999892e-03
6.000000000000000000e+00 2.400000000000000000e+01 9.000000000000000000e+00 0.000000000000000000e+00 1.600000000000000089e+00 -5.338999999999999996e-03 -1.499799999999999918e-02 -9.998730000000000118e-01 4.572320000000000273e-01 8.892079999999999984e-01 -1.577900000000000136e-02 8.893320000000000114e-01 -4.572579999999999978e-01 2.109000000000000197e-03
1.600000000000000000e+01 2.400000000000000000e+01 9.000000000000000000e+00 0.000000000000000000e+00 1.600000000000000089e+00 -7.786999999999999651e-03 -1.407399999999999970e-02 -9.998709999999999543e-01 4.641609999999999903e-01 8.856049999999999756e-01 -1.608000000000000054e-02 8.857169999999999765e-01 -4.642260000000000275e-01 -3.640000000000000115e-04
2.200000000000000000e+01 2.400000000000000000e+01 9.000000000000000000e+00 0.000000000000000000e+00 1.600000000000000089e+00 -8.359999999999999376e-03 -3.056700000000000042e-02 -9.994979999999999976e-01 4.695730000000000182e-01 8.823520000000000252e-01 -3.091199999999999851e-02 8.828540000000000276e-01 -4.695960000000000134e-01 6.976999999999999695e-03
2.900000000000000000e+01 2.400000000000000000e+01 9.000000000000000000e+00 0.000000000000000000e+00 1.600000000000000089e+00 -8.810000000000000123e-03 -2.773099999999999871e-02 -9.995770000000000488e-01 4.765389999999999904e-01 8.786890000000000533e-01 -2.857700000000000171e-02 8.791090000000000293e-01 -4.765889999999999849e-01 5.473999999999999699e-03
9.000000000000000000e+00 4.000000000000000000e+00 1.100000000000000000e+01 0.000000000000000000e+00 1.600000000000000089e+00 -8.700000000000000051e-05 -1.608000000000000054e-03 -9.999989999999999712e-01 1.944339999999999957e-01 9.809139999999999526e-01 -1.593999999999999931e-03 9.809160000000000101e-01 -1.944339999999999957e-01 2.269999999999999882e-04
1.200000000000000000e+01 4.000000000000000000e+00 1.100000000000000000e+01 0.000000000000000000e+00 1.600000000000000089e+00 6.719999999999999628e-04 5.329000000000000403e-03 -9.999860000000000415e-01 1.912770000000000026e-01 9.815209999999999768e-01 5.359000000000000048e-03 9.815359999999999641e-01 -1.912780000000000036e-01 -3.600000000000000227e-04
1.600000000000000000e+01 4.000000000000000000e+00 1.100000000000000000e+01 0.000000000000000000e+00 1.600000000000000089e+00 2.250999999999999963e-03 2.270499999999999949e-02 -9.997399999999999620e-01 1.799419999999999908e-01 9.834140000000000104e-01 2.273999999999999980e-02 9.836749999999999661e-01 -1.799459999999999948e-01 -1.871999999999999966e-03
1.200000000000000000e+01 1.040000000000000000e+02 1.100000000000000000e+01 0.000000000000000000e+00 1.600000000000000089e+00 4.301000000000000136e-03 3.699999999999999811e-05 9.999909999999999632e-01 -9.751239999999999908e-01 -2.216210000000000124e-01 4.202000000000000006e-03 2.216190000000000104e-01 -9.751330000000000275e-01 -9.169999999999999549e-04
1.700000000000000000e+01 1.040000000000000000e+02 1.100000000000000000e+01 0.000000000000000000e+00 1.600000000000000089e+00 9.286000000000000851e-03 9.967000000000000165e-03 9.999069999999999903e-01 -9.737000000000000099e-01 -2.275520000000000043e-01 1.131099999999999987e-02 2.276430000000000120e-01 -9.737149999999999972e-01 7.591999999999999790e-03
8.000000000000000000e+00 3.100000000000000000e+01 1.200000000000000000e+01 0.000000000000000000e+00 1.600000000000000089e+00 -2.699999999999999899e-05 -6.700000000000000226e-04 1.000000000000000000e+00 -2.038299999999999834e-02 9.997920000000000140e-01 6.700000000000000226e-04 -9.997920000000000140e-01 -2.038299999999999834e-02 -4.000000000000000327e-05
1.500000000000000000e+01 3.100000000000000000e+01 1.200000000000000000e+01 0.000000000000000000e+00 1.600000000000000089e+00 2.642999999999999950e-03 3.374999999999999962e-03 9.999909999999999632e-01 -2.284500000000000072e-02 9.997340000000000115e-01 -3.314000000000000105e-03 -9.997359999999999580e-01 -2.283599999999999866e-02 2.719000000000000063e-03
2.500000000000000000e+01 3.100000000000000000e+01 1.200000000000000000e+01 0.000000000000000000e+00 1.600000000000000089e+00 -1.056000000000000081e-03 -6.437000000000000013e-03 9.999789999999999512e-01 -2.373600000000000015e-02 9.996979999999999755e-01 6.411000000000000032e-03 -9.997179999999999955e-01 -2.372799999999999909e-02 -1.209000000000000005e-03
1.500000000000000000e+01 3.500000000000000000e+01 1.200000000000000000e+01 0.000000000000000000e+00 1.600000000000000089e+00 3.201999999999999985e-03 2.165999999999999957e-03 -9.999930000000000208e-01 4.938509999999999844e-01 -8.695460000000000411e-01 -3.020000000000000223e-04 -8.695399999999999796e-01 -4.938469999999999804e-01 -3.853999999999999787e-03
1.800000000000000000e+01 3.500000000000000000e+01 1.200000000000000000e+01 0.000000000000000000e+00 1.600000000000000089e+00 2.380999999999999870e-03 -1.123999999999999999e-03 -9.999970000000000248e-01 4.992090000000000138e-01 -8.664789999999999992e-01 2.161999999999999859e-03 -8.664779999999999704e-01 -4.992119999999999891e-01 -1.502000000000000080e-03
2.200000000000000000e+01 3.500000000000000000e+01 1.200000000000000000e+01 0.000000000000000000e+00 1.600000000000000089e+00 -2.167999999999999788e-03 -2.255000000000000060e-03 -9.999949999999999672e-01 4.935399999999999787e-01 -8.697219999999999951e-01 8.909999999999999734e-04 -8.697200000000000486e-01 -4.935359999999999747e-01 2.997999999999999797e-03
2.700000000000000000e+01 3.500000000000000000e+01 1.200000000000000000e+01 0.000000000000000000e+00 1.600000000000000089e+00 -2.260999999999999989e-03 -1.557999999999999923e-03 -9.999959999999999960e-01 4.805380000000000207e-01 -8.769740000000000313e-01 2.799999999999999755e-04 -8.769709999999999450e-01 -4.805360000000000187e-01 2.730999999999999921e-03
2.100000000000000000e+01 3.000000000000000000e+00 1.300000000000000000e+01 0.000000000000000000e+00 1.600000000000000089e+00 2.436999999999999930e-03 4.561500000000000277e-02 9.989559999999999551e-01 -1.947099999999999873e-02 9.987719999999999931e-01 -4.555900000000000227e-02 -9.998070000000000013e-01 -1.933999999999999955e-02 3.321999999999999866e-03
3.000000000000000000e+00 3.200000000000000000e+01 1.400000000000000000e+01 0.000000000000000000e+00 1.600000000000000089e+00 -3.199999999999999855e-05 -3.109999999999999917e-03 -9.999949999999999672e-01 1.164440000000000058e-01 9.931919999999999638e-01 -3.092000000000000130e-03 9.931969999999999965e-01 -1.164440000000000058e-01 3.299999999999999982e-04
1.300000000000000000e+01 3.200000000000000000e+01 1.400000000000000000e+01 0.000000000000000000e+00 1.600000000000000089e+00 -1.345999999999999974e-03 -8.299999999999999815e-05 -9.999989999999999712e-01 1.133300000000000002e-01 9.935570000000000235e-01 -2.349999999999999930e-04 9.935559999999999947e-01 -1.133300000000000002e-01 -1.327999999999999970e-03
1.900000000000000000e+01 3.200000000000000000e+01 1.400000000000000000e+01 0.000000000000000000e+00 1.600000000000000089e+00 6.170000000000000354e-04 4.525000000000000376e-03 -9.999900000000000455e-01 1.119939999999999963e-01 9.936979999999999702e-01 4.564999999999999614e-03 9.937089999999999534e-01 -1.119949999999999973e-01 1.060000000000000016e-04
7.000000000000000000e+00 1.200000000000000000e+01 1.500000000000000000e+01 0.000000000000000000e+00 1.600000000000000089e+00 3.176000000000000004e-03 1.507000000000000093e-03 -9.999940000000000495e-01 -4.705110000000000126e-01 -8.823889999999999789e-01 -2.824000000000000121e-03 -8.823879999999999502e-01 4.705170000000000186e-01 -2.092999999999999809e-03
1.900000000000000000e+01 1.200000000000000000e+01 1.500000000000000000e+01 0.000000000000000000e+00 1.600000000000000089e+00 8.410000000000000808e-03 1.721599999999999867e-02 -9.998160000000000380e-01 -4.691640000000000255e-01 -8.829029999999999934e-01 -1.914899999999999936e-02 -8.830710000000000504e-01 4.692390000000000172e-01 6.520000000000000188e-04
2.500000000000000000e+01 1.200000000000000000e+01 1.500000000000000000e+01 0.000000000000000000e+00 1.600000000000000089e+00 7.242000000000000173e-03 1.667499999999999885e-02 -9.998350000000000293e-01 -4.691350000000000242e-01 -8.829399999999999471e-01 -1.812400000000000122e-02 -8.830970000000000208e-01 4.691890000000000227e-01 1.428000000000000016e-03
2.900000000000000000e+01 1.200000000000000000e+01 1.500000000000000000e+01 0.000000000000000000e+00 1.600000000000000089e+00 7.628000000000000232e-03 1.323099999999999971e-02 -9.998829999999999663e-01 -4.680869999999999753e-01 -8.835499999999999465e-01 -1.526199999999999952e-02 -8.836490000000000178e-01 4.681489999999999818e-01 -5.469999999999999602e-04
2.000000000000000000e+00 1.100000000000000000e+01 1.600000000000000000e+01 0.000000000000000000e+00 1.600000000000000089e+00 -5.469999999999999602e-04 8.319999999999999488e-04 -9.999989999999999712e-01 -4.158810000000000007e-01 -9.094189999999999774e-01 -5.289999999999999564e-04 -9.094189999999999774e-01 4.158810000000000007e-01 8.429999999999999993e-04
7.000000000000000000e+00 1.100000000000000000e+01 1.600000000000000000e+01 0.000000000000000000e+00 1.600000000000000089e+00 2.291000000000000068e-03 1.814000000000000074e-03 -9.999959999999999960e-01 -4.198819999999999775e-01 -9.075750000000000206e-01 -2.608000000000000075e-03 -9.075760000000000494e-01 4.198859999999999815e-01 -1.317000000000000028e-03
1.400000000000000000e+01 1.100000000000000000e+01 1.600000000000000000e+01 0.000000000000000000e+00 1.600000000000000089e+00 4.314000000000000126e-03 3.066000000000000149e-03 -9.999860000000000415e-01 -4.212620000000000253e-01 -9.069270000000000387e-01 -4.597999999999999657e-03 -9.069289999999999852e-01 4.212759999999999838e-01 -2.621000000000000066e-03
1.600000000000000000e+01 1.160000000000000000e+02 1.600000000000000000e+01 0.000000000000000000e+00 1.600000000000000089e+00 5.975000000000000276e-03 4.867999999999999931e-03 9.999700000000000255e-01 7.285190000000000277e-01 6.849830000000000085e-01 -7.688000000000000389e-03 -6.850000000000000533e-01 7.285430000000000517e-01 5.460000000000000443e-04
2.000000000000000000e+00 2.000000000000000000e+00 1.900000000000000000e+01 0.000000000000000000e+00 1.600000000000000089e+00 -4.916000000000000231e-03 9.119999999999999635e-03 -9.999460000000000015e-01 2.050069999999999948e-01 -9.787099999999999689e-01 -9.934000000000000122e-03 -9.787479999999999514e-01 -2.050440000000000040e-01 2.942000000000000171e-03
7.000000000000000000e+00 2.000000000000000000e+00 1.900000000000000000e+01 0.000000000000000000e+00 1.600000000000000089e+00 -3.609999999999999928e-04 3.001999999999999894e-03 -9.999949999999999672e-01 1.980540000000000078e-01 -9.801860000000000017e-01 -3.014000000000000186e-03 -9.801910000000000345e-01 -1.980540000000000078e-01 -2.400000000000000061e-04
1.100000000000000000e+01 2.000000000000000000e+00 1.900000000000000000e+01 0.000000000000000000e+00 1.600000000000000089e+00 3.887999999999999963e-03 -1.729999999999999941e-02 -9.998430000000000373e-01 1.890600000000000058e-01 -9.818059999999999565e-01 1.772299999999999917e-02 -9.819579999999999975e-01 -1.890989999999999893e-01 -5.469999999999999602e-04
1.500000000000000000e+01 2.000000000000000000e+00 1.900000000000000000e+01 0.000000000000000000e+00 1.600000000000000089e+00 -2.159999999999999919e-04 -9.419000000000000289e-03 -9.999559999999999560e-01 1.859049999999999869e-01 -9.825249999999999817e-01 9.214999999999999233e-03 -9.825679999999999970e-01 -1.858950000000000047e-01 1.962999999999999901e-03
2.500000000000000000e+01 2.000000000000000000e+00 1.900000000000000000e+01 0.000000000000000000e+00 1.600000000000000089e+00 9.619999999999999645e-04 1.868399999999999922e-02 -9.998249999999999638e-01 1.613570000000000004e-01 -9.867270000000000207e-01 -1.828400000000000164e-02 -9.868959999999999955e-01 -1.613110000000000099e-01 -3.963999999999999642e-03
2.000000000000000000e+00 1.300000000000000000e+01 2.000000000000000000e+01 0.000000000000000000e+00 1.600000000000000089e+00 6.000000000000000152e-05 -3.808999999999999886e-03 9.999930000000000208e-01 2.607780000000000098e-01 9.653920000000000279e-01 3.661999999999999891e-03 -9.653990000000000071e-01 2.607760000000000078e-01 1.051000000000000068e-03
7.000000000000000000e+00 1.300000000000000000e+01 2.000000000000000000e+01 0.000000000000000000e+00 1.600000000000000089e+00 -7.700000000000000139e-05 -5.648000000000000242e-03 9.999839999999999840e-01 2.607610000000000205e-01 9.653880000000000239e-01 5.472999999999999567e-03 -9.654030000000000111e-01 2.607579999999999898e-01 1.399000000000000070e-03
1.100000000000000000e+01 1.300000000000000000e+01 2.000000000000000000e+01 0.000000000000000000e+00 1.600000000000000089e+00 2.639999999999999986e-03 -3.780000000000000265e-04 9.999959999999999960e-01 2.578500000000000236e-01 9.661849999999999605e-01 -3.150000000000000131e-04 -9.661809999999999565e-01 2.578500000000000236e-01 2.648000000000000180e-03
1.900000000000000000e+01 1.300000000000000000e+01 2.000000000000000000e+01 0.000000000000000000e+00 1.600000000000000089e+00 -2.341999999999999898e-03 -8.260999999999999246e-03 9.999630000000000463e-01 2.541829999999999923e-01 9.671180000000000332e-01 8.585000000000000617e-03 -9.671530000000000404e-01 2.541939999999999755e-01 -1.659999999999999963e-04
2.300000000000000000e+01 1.300000000000000000e+01 2.000000000000000000e+01 0.000000000000000000e+00 1.600000000000000089e+00 -2.393999999999999861e-03 -9.119000000000000369e-03 9.999559999999999560e-01 2.545640000000000125e-01 9.670100000000000362e-01 9.428000000000000616e-03 -9.670530000000000515e-01 2.545760000000000245e-01 6.000000000000000152e-06
2.600000000000000000e+01 1.300000000000000000e+01 2.000000000000000000e+01 0.000000000000000000e+00 1.600000000000000089e+00 -1.683999999999999950e-03 -8.992999999999999258e-03 9.999580000000000135e-01 2.545250000000000012e-01 9.670229999999999659e-01 9.126000000000000431e-03 -9.670649999999999524e-01 2.545299999999999785e-01 6.599999999999999964e-04
2.200000000000000000e+01 1.600000000000000000e+01 2.100000000000000000e+01 0.000000000000000000e+00 1.600000000000000089e+00 -2.805000000000000202e-03 -8.106000000000000358e-03 9.999630000000000463e-01 3.014660000000000117e-01 9.534380000000000077e-01 8.574000000000000024e-03 -9.534730000000000150e-01 3.014789999999999970e-01 -2.310000000000000042e-04
2.800000000000000000e+01 1.600000000000000000e+01 2.100000000000000000e+01 0.000000000000000000e+00 1.600000000000000089e+00 -2.088000000000000012e-03 -9.490000000000000172e-03 9.999529999999999808e-01 3.022900000000000031e-01 9.531669999999999865e-01 9.678000000000000838e-03 -9.532140000000000057e-01 3.022960000000000091e-01 8.779999999999999827e-04
1.600000000000000000e+01 3.000000000000000000e+00 2.500000000000000000e+01 0.000000000000000000e+00 1.600000000000000089e+00 -3.699999999999999811e-05 4.493999999999999731e-03 9.999900000000000455e-01 2.057600000000000054e-02 -9.997779999999999445e-01 4.493999999999999731e-03 9.997880000000000100e-01 2.057600000000000054e-02 -5.500000000000000196e-05
3.000000000000000000e+00 4.600000000000000000e+01 2.700000000000000000e+01 0.000000000000000000e+00 1.600000000000000089e+00 -1.154000000000000078e-03 -8.999999999999999754e-04 -9.999989999999999712e-01 6.597110000000000474e-01 7.515180000000000193e-01 -1.438000000000000042e-03 7.515190000000000481e-01 -6.597119999999999651e-01 -2.739999999999999923e-04
1.100000000000000000e+01 4.600000000000000000e+01 2.700000000000000000e+01 0.000000000000000000e+00 1.600000000000000089e+00 3.625000000000000184e-03 3.941000000000000059e-03 -9.999860000000000415e-01 6.680530000000000079e-01 7.440949999999999509e-01 5.354000000000000252e-03 7.441050000000000164e-01 -6.680620000000000447e-01 6.399999999999999710e-05
2.100000000000000000e+01 4.600000000000000000e+01 2.700000000000000000e+01 0.000000000000000000e+00 1.600000000000000089e+00 -7.649999999999999465e-04 -2.689999999999999791e-04 -1.000000000000000000e+00 6.697800000000000420e-01 7.425589999999999691e-01 -7.119999999999999593e-04 7.425589999999999691e-01 -6.697809999999999597e-01 -3.869999999999999742e-04
2.900000000000000000e+01 4.600000000000000000e+01 2.700000000000000000e+01 0.000000000000000000e+00 1.600000000000000089e+00 -8.800000000000000313e-04 -1.428000000000000016e-03 -9.999989999999999712e-01 6.672160000000000313e-01 7.448620000000000241e-01 -1.650999999999999907e-03 7.448639999999999706e-01 -6.672169999999999490e-01 2.979999999999999793e-04
2.800000000000000000e+01 4.600000000000000000e+01 3.000000000000000000e+01 0.000000000000000000e+00 1.600000000000000089e+00 -6.719999999999999628e-04 -1.966999999999999998e-03 -9.999980000000000535e-01 3.268880000000000119e-01 9.450610000000000399e-01 -2.079000000000000119e-03 9.450629999999999864e-01 -3.268889999999999851e-01 7.999999999999999638e-06
1.200000000000000000e+01 5.800000000000000000e+01 3.100000000000000000e+01 0.000000000000000000e+00 1.600000000000000089e+00 8.418999999999999401e-03 1.630500000000000005e-02 9.998320000000000540e-01 -7.663050000000000139e-01 -6.422539999999999916e-01 1.692600000000000007e-02 6.424220000000000486e-01 -7.663180000000000547e-01 7.087000000000000417e-03
1.800000000000000000e+01 5.800000000000000000e+01 3.100000000000000000e+01 0.000000000000000000e+00 1.600000000000000089e+00 1.534999999999999906e-03 6.067000000000000344e-03 9.999799999999999800e-01 -7.673060000000000436e-01 -6.412609999999999699e-01 5.068999999999999721e-03 6.412799999999999612e-01 -7.672989999999999533e-01 3.670999999999999784e-03
2.600000000000000000e+01 5.800000000000000000e+01 3.100000000000000000e+01 0.000000000000000000e+00 1.600000000000000089e+00 7.473999999999999741e-03 -1.137999999999999906e-03 9.999710000000000543e-01 -7.599690000000000056e-01 -6.499409999999999910e-01 4.941000000000000079e-03 6.499169999999999670e-01 -7.599839999999999929e-01 -5.721999999999999656e-03
3.000000000000000000e+01 5.800000000000000000e+01 3.100000000000000000e+01 0.000000000000000000e+00 1.600000000000000089e+00 6.829000000000000001e-03 6.374999999999999591e-03 9.999559999999999560e-01 -7.576889999999999459e-01 -6.525490000000000457e-01 9.334999999999999548e-03 6.525800000000000489e-01 -7.577199999999999491e-01 3.739999999999999835e-04
1.300000000000000000e+01 6.000000000000000000e+00 3.200000000000000000e+01 0.000000000000000000e+00 1.600000000000000089e+00 -5.427999999999999665e-03 -7.529999999999999801e-04 -9.999850000000000128e-01 1.768909999999999927e-01 9.842290000000000205e-01 -1.701000000000000038e-03 9.842149999999999510e-01 -1.768969999999999987e-01 -5.209000000000000088e-03
2.900000000000000000e+01 6.000000000000000000e+00 3.200000000000000000e+01 0.000000000000000000e+00 1.600000000000000089e+00 4.362000000000000426e-03 -5.895000000000000066e-03 -9.999730000000000008e-01 2.022930000000000006e-01 9.793129999999999891e-01 -4.891000000000000382e-03 9.793150000000000466e-01 -2.022660000000000013e-01 5.464000000000000107e-03
4.000000000000000000e+00 4.600000000000000000e+01 3.500000000000000000e+01 0.000000000000000000e+00 1.600000000000000089e+00 -1.301999999999999989e-03 3.125000000000000173e-03 -9.999940000000000495e-01 3.854569999999999941e-01 -9.227199999999999847e-01 -3.384999999999999988e-03 -9.227250000000000174e-01 -3.854589999999999961e-01 -3.000000000000000076e-06
1.200000000000000000e+01 4.600000000000000000e+01 3.500000000000000000e+01 0.000000000000000000e+00 1.600000000000000089e+00 2.171000000000000187e-03 3.049999999999999868e-04 -9.999980000000000535e-01 3.868440000000000212e-01 -9.221449999999999925e-01 5.590000000000000351e-04 -9.221430000000000460e-01 -3.868440000000000212e-01 -2.119999999999999923e-03
1.600000000000000000e+01 4.600000000000000000e+01 3.500000000000000000e+01 0.000000000000000000e+00 1.600000000000000089e+00 -9.070000000000000371e-04 1.521000000000000000e-03 -9.999980000000000535e-01 3.862479999999999802e-01 -9.223930000000000184e-01 -1.753000000000000001e-03 -9.223949999999999649e-01 -3.862490000000000090e-01 2.489999999999999809e-04
2.400000000000000000e+01 4.600000000000000000e+01 3.500000000000000000e+01 0.000000000000000000e+00 1.600000000000000089e+00 -7.940000000000000009e-04 4.155999999999999972e-03 -9.999909999999999632e-01 3.848710000000000186e-01 -9.229610000000000314e-01 -4.141999999999999849e-03 -9.229699999999999571e-01 -3.848710000000000186e-01 -8.670000000000000406e-04
6.000000000000000000e+00 9.500000000000000000e+01 3.600000000000000000e+01 0.000000000000000000e+00 1.600000000000000089e+00 -5.952999999999999958e-03 -2.432300000000000087e-02 9.996859999999999635e-01 9.974399999999999933e-01 7.109999999999999654e-02 7.669999999999999735e-03 -7.126399999999999402e-02 9.971729999999999761e-01 2.383700000000000055e-02
1.200000000000000000e+01 9.500000000000000000e+01 3.600000000000000000e+01 0.000000000000000000e+00 1.600000000000000089e+00 -8.064999999999999253e-03 -6.661499999999999366e-02 9.977460000000000218e-01 9.980069999999999775e-01 6.191599999999999882e-02 1.220100000000000004e-02 -6.258900000000000574e-02 9.958559999999999635e-01 6.598299999999999998e-02
1.700000000000000000e+01 9.500000000000000000e+01 3.600000000000000000e+01 0.000000000000000000e+00 1.600000000000000089e+00 -3.976000000000000367e-03 -7.033000000000000189e-03 9.999670000000000503e-01 9.984690000000000509e-01 5.514399999999999857e-02 4.357999999999999895e-03 -5.517299999999999982e-02 9.984539999999999527e-01 6.803000000000000019e-03
2.100000000000000000e+01 9.500000000000000000e+01 3.600000000000000000e+01 0.000000000000000000e+00 1.600000000000000089e+00 2.076999999999999853e-03 9.057900000000000673e-02 9.958869999999999667e-01 9.978470000000000395e-01 6.509299999999999808e-02 -8.002000000000000432e-03 -6.554999999999999716e-02 9.937599999999999767e-01 -9.024899999999999589e-02
2.500000000000000000e+01 9.500000000000000000e+01 3.600000000000000000e+01 0.000000000000000000e+00 1.600000000000000089e+00 4.167999999999999830e-03 8.783299999999999441e-02 9.961259999999999559e-01 9.969989999999999686e-01 7.663799999999999779e-02 -1.092899999999999948e-02 -7.730099999999999472e-02 9.931830000000000380e-01 -8.724999999999999423e-02
3.000000000000000000e+00 9.500000000000000000e+01 3.700000000000000000e+01 0.000000000000000000e+00 1.600000000000000089e+00 4.778000000000000129e-03 -1.987299999999999831e-02 9.997909999999999853e-01 9.958289999999999642e-01 9.118700000000000416e-02 -2.946999999999999967e-03 -9.110899999999999554e-02 9.956359999999999655e-01 2.022600000000000092e-02
3.000000000000000000e+00 3.000000000000000000e+00 4.300000000000000000e+01 0.000000000000000000e+00 1.600000000000000089e+00 -1.991000000000000148e-03 -3.655999999999999962e-03 -9.999909999999999632e-01 7.374100000000000099e-01 -6.754440000000000444e-01 1.002000000000000069e-03 -6.754419999999999868e-01 -7.374020000000000019e-01 4.041000000000000321e-03
1.800000000000000000e+01 3.000000000000000000e+00 4.300000000000000000e+01 0.000000000000000000e+00 1.600000000000000089e+00 3.088000000000000033e-03 -3.288999999999999823e-03 -9.999900000000000455e-01 7.417270000000000252e-01 -6.706870000000000331e-01 4.497000000000000129e-03 -6.706950000000000411e-01 -7.417329999999999757e-01 3.690000000000000246e-04
2.300000000000000000e+01 3.000000000000000000e+00 4.300000000000000000e+01 0.000000000000000000e+00 1.600000000000000089e+00 -6.089999999999999494e-04 -2.700800000000000076e-02 -9.996350000000000513e-01 7.393999999999999462e-01 -6.730329999999999924e-01 1.773299999999999876e-02 -6.732660000000000311e-01 -7.391189999999999705e-01 2.037999999999999881e-02
3.000000000000000000e+00 8.000000000000000000e+00 4.400000000000000000e+01 0.000000000000000000e+00 1.600000000000000089e+00 1.355000000000000085e-03 4.761999999999999740e-03 9.999879999999999880e-01 -7.721850000000000103e-01 -6.353849999999999776e-01 4.072000000000000099e-03 6.353959999999999608e-01 -7.721810000000000063e-01 2.815999999999999927e-03
1.100000000000000000e+01 8.000000000000000000e+00 4.400000000000000000e+01 0.000000000000000000e+00 1.600000000000000089e+00 -5.372000000000000039e-03 -1.057100000000000053e-02 9.999299999999999855e-01 -7.650519999999999543e-01 -6.438760000000000039e-01 -1.091699999999999962e-02 6.439460000000000184e-01 -7.650569999999999871e-01 -4.628000000000000169e-03
1.700000000000000000e+01 8.000000000000000000e+00 4.400000000000000000e+01 0.000000000000000000e+00 1.600000000000000089e+00 -1.116000000000000021e-03 -4.590999999999999595e-03 9.999890000000000168e-01 -7.686009999999999787e-01 -6.397180000000000089e-01 -3.794000000000000063e-03 6.397279999999999633e-01 -7.685959999999999459e-01 -2.814999999999999794e-03
2.700000000000000000e+01 8.000000000000000000e+00 4.400000000000000000e+01 0.000000000000000000e+00 1.600000000000000089e+00 -1.340999999999999961e-03 -2.860000000000000129e-03 9.999949999999999672e-01 -7.628179999999999961e-01 -6.466070000000000428e-01 -2.873000000000000120e-03 6.466119999999999646e-01 -7.628179999999999961e-01 -1.314000000000000064e-03
2.000000000000000000e+00 2.900000000000000000e+01 4.400000000000000000e+01 0.000000000000000000e+00 1.600000000000000089e+00 -8.360000000000000460e-04 -1.714000000000000029e-03 -9.999980000000000535e-01 6.583130000000000370e-01 7.527420000000000222e-01 -1.840999999999999972e-03 7.527439999999999687e-01 -6.583139999999999548e-01 4.989999999999999861e-04
1.300000000000000000e+01 2.900000000000000000e+01 4.400000000000000000e+01 0.000000000000000000e+00 1.600000000000000089e+00 2.739999999999999923e-04 7.600000000000000418e-04 -1.000000000000000000e+00 6.581120000000000303e-01 7.529190000000000049e-01 7.519999999999999558e-04 7.529200000000000337e-01 -6.581120000000000303e-01 -2.939999999999999905e-04
1.700000000000000000e+01 2.900000000000000000e+01 4.400000000000000000e+01 0.000000000000000000e+00 1.600000000000000089e+00 -2.481000000000000132e-03 -3.890999999999999927e-03 -9.999890000000000168e-01 6.589629999999999654e-01 7.521619999999999973e-01 -4.562000000000000083e-03 7.521710000000000340e-01 -6.589669999999999694e-01 6.980000000000000527e-04
2.400000000000000000e+01 2.900000000000000000e+01 4.400000000000000000e+01 0.000000000000000000e+00 1.600000000000000089e+00 6.790000000000000245e-04 1.925999999999999978e-03 -9.999980000000000535e-01 6.704250000000000487e-01 7.419750000000000512e-01 1.884000000000000041e-03 7.419769999999999976e-01 -6.704250000000000487e-01 -7.870000000000000476e-04
2.800000000000000000e+01 2.900000000000000000e+01 4.400000000000000000e+01 0.000000000000000000e+00 1.600000000000000089e+00 2.445999999999999824e-03 4.047000000000000250e-03 -9.999890000000000168e-01 6.765130000000000310e-01 7.364169999999999883e-01 4.635000000000000231e-03 7.364270000000000538e-01 -6.765160000000000062e-01 -9.370000000000000074e-04
2.000000000000000000e+01 5.400000000000000000e+01 4.600000000000000000e+01 0.000000000000000000e+00 1.600000000000000089e+00 -9.120000000000000502e-04 -2.674000000000000161e-03 9.999959999999999960e-01 3.034149999999999903e-01 -9.528560000000000363e-01 -2.271000000000000015e-03 9.528579999999999828e-01 3.034120000000000150e-01 1.680000000000000070e-03
2.600000000000000000e+01 6.500000000000000000e+01 4.600000000000000000e+01 0.000000000000000000e+00 1.600000000000000089e+00 3.030999999999999840e-03 -2.560999999999999908e-03 9.999919999999999920e-01 6.822989999999999888e-01 -7.310619999999999896e-01 -3.939999999999999926e-03 7.310670000000000224e-01 6.823059999999999681e-01 -4.679999999999999915e-04
2.300000000000000000e+01 7.000000000000000000e+01 4.700000000000000000e+01 0.000000000000000000e+00 1.600000000000000089e+00 -3.879999999999999985e-04 2.054999999999999969e-03 -9.999980000000000535e-01 -8.388799999999999590e-01 -5.443149999999999933e-01 -7.929999999999999766e-04 -5.443160000000000220e-01 8.388780000000000125e-01 1.935000000000000088e-03
2.600000000000000000e+01 7.000000000000000000e+01 4.700000000000000000e+01 0.000000000000000000e+00 1.600000000000000089e+00 -2.478999999999999867e-03 -2.743999999999999911e-03 -9.999930000000000208e-01 -8.406649999999999956e-01 -5.415440000000000254e-01 3.569999999999999823e-03 -5.415499999999999758e-01 8.406679999999999708e-01 -9.640000000000000131e-04
3.000000000000000000e+00 7.000000000000000000e+00 5.200000000000000000e+01 0.000000000000000000e+00 1.600000000000000089e+00 5.999999999999999474e-04 -3.102000000000000157e-03 -9.999949999999999672e-01 9.479100000000000026e-02 -9.954920000000000435e-01 3.144999999999999792e-03 -9.954969999999999652e-01 -9.479200000000000126e-02 -3.029999999999999924e-04
1.000000000000000000e+01 7.000000000000000000e+00 5.200000000000000000e+01 0.000000000000000000e+00 1.600000000000000089e+00 4.209999999999999875e-04 -4.819999999999999632e-03 -9.999879999999999880e-01 9.657499999999999418e-02 -9.953140000000000320e-01 4.838000000000000286e-03 -9.953260000000000440e-01 -9.657599999999999518e-02 4.600000000000000004e-05
2.100000000000000000e+01 7.000000000000000000e+00 5.200000000000000000e+01 0.000000000000000000e+00 1.600000000000000089e+00 -1.248400000000000030e-02 -7.618999999999999904e-03 -9.998930000000000318e-01 1.131510000000000016e-01 -9.935589999999999700e-01 6.158000000000000279e-03 -9.934990000000000210e-01 -1.130619999999999958e-01 1.326600000000000001e-02
1.700000000000000000e+01 1.500000000000000000e+01 5.300000000000000000e+01 0.000000000000000000e+00 1.600000000000000089e+00 -3.930000000000000117e-04 5.410000000000000312e-04 -1.000000000000000000e+00 6.799760000000000248e-01 7.332349999999999701e-01 1.299999999999999886e-04 7.332349999999999701e-01 -6.799760000000000248e-01 -6.560000000000000076e-04
2.000000000000000000e+00 6.300000000000000000e+01 5.400000000000000000e+01 0.000000000000000000e+00 1.600000000000000089e+00 -3.167999999999999809e-03 -2.361999999999999950e-03 9.999919999999999920e-01 -3.568180000000000240e-01 9.341730000000000311e-01 1.075999999999999917e-03 -9.341690000000000271e-01 -3.568120000000000180e-01 -3.801999999999999824e-03
1.000000000000000000e+01 6.300000000000000000e+01 5.400000000000000000e+01 0.000000000000000000e+00 1.600000000000000089e+00 3.609999999999999928e-04 -2.282999999999999873e-03 9.999970000000000248e-01 -3.510800000000000032e-01 9.363430000000000364e-01 2.263999999999999953e-03 -9.363460000000000116e-01 -3.510800000000000032e-01 -4.640000000000000027e-04
1.500000000000000000e+01 6.300000000000000000e+01 5.400000000000000000e+01 0.000000000000000000e+00 1.600000000000000089e+00 2.207000000000000194e-03 2.897999999999999968e-03 9.999930000000000208e-01 -3.501429999999999820e-01 9.366940000000000266e-01 -1.941000000000000017e-03 -9.366940000000000266e-01 -3.501360000000000028e-01 3.082000000000000104e-03
2.100000000000000000e+01 6.300000000000000000e+01 5.400000000000000000e+01 0.000000000000000000e+00 1.600000000000000089e+00 -9.380000000000000317e-04 -8.790000000000000070e-04 9.999989999999999712e-01 -3.559649999999999759e-01 9.344989999999999686e-01 4.879999999999999898e-04 -9.344989999999999686e-01 -3.559640000000000026e-01 -1.190000000000000085e-03
2.700000000000000000e+01 6.300000000000000000e+01 5.400000000000000000e+01 0.000000000000000000e+00 1.600000000000000089e+00 -4.319999999999999838e-04 -8.760000000000000425e-04 1.000000000000000000e+00 -3.560220000000000051e-01 9.344770000000000021e-01 6.650000000000000095e-04 -9.344770000000000021e-01 -3.560220000000000051e-01 -7.159999999999999481e-04
3.000000000000000000e+00 2.500000000000000000e+01 5.500000000000000000e+01 0.000000000000000000e+00 1.600000000000000089e+00 -1.949999999999999965e-04 -9.650000000000000374e-04 -1.000000000000000000e+00 -1.173199999999999937e-02 -9.999310000000000143e-01 9.669999999999999776e-04 -9.999310000000000143e-01 1.173199999999999937e-02 1.840000000000000001e-04
1.300000000000000000e+01 2.500000000000000000e+01 5.500000000000000000e+01 0.000000000000000000e+00 1.600000000000000089e+00 -6.600000000000000506e-05 3.001000000000000195e-03 -9.999949999999999672e-01 -1.369199999999999931e-02 -9.999019999999999575e-01 -3.000000000000000062e-03 -9.999059999999999615e-01 1.369100000000000004e-02 1.069999999999999988e-04
1.700000000000000000e+01 2.500000000000000000e+01 5.500000000000000000e+01 0.000000000000000000e+00 1.600000000000000089e+00 -1.425999999999999967e-03 3.103999999999999988e-03 -9.999940000000000495e-01 -1.192700000000000010e-02 -9.999240000000000350e-01 -3.086999999999999900e-03 -9.999280000000000390e-01 1.192299999999999957e-02 1.463000000000000108e-03
