1.800000000000000000e+01 1.500000000000000000e+01 4.000000000000000000e+00 0.000000000000000000e+00 1.600000000000000089e+00 3.072000000000000078e-03 7.577999999999999667e-03 9.999670000000000503e-01 2.688570000000000126e-01 -9.631579999999999586e-01 6.472999999999999587e-03 9.631750000000000034e-01 2.688280000000000114e-01 -4.995999999999999573e-03
2.200000000000000000e+01 1.500000000000000000e+01 4.000000000000000000e+00 0.000000000000000000e+00 1.600000000000000089e+00 -1.719999999999999958e-03 6.640000000000000069e-03 9.999770000000000048e-01 2.723369999999999957e-01 -9.621779999999999777e-01 6.857000000000000248e-03 9.622000000000000552e-01 2.723419999999999730e-01 -1.530000000000000056e-04
6.000000000000000000e+00 1.600000000000000000e+01 4.000000000000000000e+00 0.000000000000000000e+00 1.600000000000000089e+00 2.880000000000000181e-03 -2.026400000000000076e-02 9.997909999999999853e-01 3.227320000000000189e-01 -9.462770000000000348e-01 -2.010899999999999840e-02 9.464860000000000495e-01 3.227220000000000089e-01 3.814000000000000116e-03
1.600000000000000000e+01 1.600000000000000000e+01 4.000000000000000000e+00 0.000000000000000000e+00 1.600000000000000089e+00 2.962999999999999922e-03 -6.930000000000000396e-04 9.999949999999999672e-01 3.294650000000000079e-01 -9.441659999999999497e-01 -1.629999999999999939e-03 9.441629999999999745e-01 3.294679999999999831e-01 -2.569000000000000103e-03
1.200000000000000000e+01 1.010000000000000000e+02 7.000000000000000000e+00 0.000000000000000000e+00 1.600000000000000089e+00 -7.100000000000000462e-05 7.499999999999999343e-05 1.000000000000000000e+00 8.848620000000000374e-01 4.658530000000000171e-01 2.799999999999999958e-05 -4.658530000000000171e-01 8.848620000000000374e-01 -1.000000000000000048e-04
1.500000000000000000e+01 1.010000000000000000e+02 7.000000000000000000e+00 0.000000000000000000e+00 1.600000000000000089e+00 9.250000000000000409e-04 2.482999999999999964e-03 9.999959999999999960e-01 8.844840000000000479e-01 4.665670000000000095e-01 -1.977000000000000025e-03 -4.665699999999999847e-01 8.844830000000000192e-01 -1.765000000000000076e-03
1.000000000000000000e+00 1.500000000000000000e+01 8.000000000000000000e+00 0.000000000000000000e+00 1.600000000000000089e+00 -4.740000000000000289e-03 -2.053900000000000170e-02 -9.997779999999999445e-01 -5.687889999999999890e-01 -8.222500000000000364e-01 1.958899999999999877e-02 -8.224700000000000344e-01 5.687550000000000106e-01 -7.785000000000000253e-03
6.000000000000000000e+00 1.500000000000000000e+01 8.000000000000000000e+00 0.000000000000000000e+00 1.600000000000000089e+00 -7.337999999999999905e-03 -2.218699999999999839e-02 -9.997270000000000323e-01 -5.715909999999999602e-01 -8.202329999999999899e-01 2.239899999999999877e-02 -8.205059999999999576e-01 5.715989999999999682e-01 -6.662999999999999652e-03
9.000000000000000000e+00 1.500000000000000000e+01 8.000000000000000000e+00 0.000000000000000000e+00 1.600000000000000089e+00 -7.075999999999999825e-03 -2.132600000000000121e-02 -9.997479999999999700e-01 -5.750530000000000364e-01 -8.178330000000000322e-01 2.151600000000000040e-02 -8.180859999999999799e-01 5.750600000000000156e-01 -6.477000000000000118e-03
1.400000000000000000e+01 1.500000000000000000e+01 8.000000000000000000e+00 0.000000000000000000e+00 1.600000000000000089e+00 -2.827000000000000086e-03 -5.483000000000000027e-03 -9.999810000000000088e-01 -5.790520000000000111e-01 -8.152679999999999927e-01 6.106999999999999582e-03 -8.152859999999999552e-01 5.790579999999999616e-01 -8.700000000000000051e-04
1.800000000000000000e+01 1.500000000000000000e+01 8.000000000000000000e+00 0.000000000000000000e+00 1.600000000000000089e+00 -3.669999999999999760e-04 6.924999999999999732e-03 -9.999759999999999760e-01 -5.799490000000000478e-01 -8.146349999999999980e-01 -5.427999999999999665e-03 -8.146529999999999605e-01 5.799330000000000318e-01 4.315000000000000259e-03
2.100000000000000000e+01 1.500000000000000000e+01 8.000000000000000000e+00 0.000000000000000000e+00 1.600000000000000089e+00 1.494000000000000102e-03 6.056999999999999884e-03 -9.999810000000000088e-01 -5.793509999999999494e-01 -8.150570000000000315e-01 -5.802999999999999999e-03 -8.150770000000000515e-01 5.793490000000000029e-01 2.291000000000000068e-03
2.500000000000000000e+01 1.500000000000000000e+01 8.000000000000000000e+00 0.000000000000000000e+00 1.600000000000000089e+00 1.178999999999999927e-03 -4.775999999999999863e-03 -9.999879999999999880e-01 -5.775890000000000191e-01 -8.163209999999999633e-01 3.217999999999999940e-03 -8.163270000000000248e-01 5.775780000000000358e-01 -3.720999999999999915e-03
2.800000000000000000e+01 1.500000000000000000e+01 8.000000000000000000e+00 0.000000000000000000e+00 1.600000000000000089e+00 -1.211000000000000054e-03 -8.758999999999999425e-03 -9.999609999999999888e-01 -5.773329999999999851e-01 -8.164709999999999468e-01 7.851000000000000340e-03 -8.165080000000000116e-01 5.773200000000000554e-01 -4.067999999999999568e-03
3.000000000000000000e+00 2.600000000000000000e+01 8.000000000000000000e+00 0.000000000000000000e+00 1.600000000000000089e+00 7.099000000000000275e-03 1.771899999999999864e-02 -9.998179999999999845e-01 4.166349999999999776e-01 9.088739999999999597e-01 1.906499999999999861e-02 9.090460000000000207e-01 -4.166940000000000088e-01 -9.300000000000000541e-04
9.000000000000000000e+00 2.600000000000000000e+01 8.000000000000000000e+00 0.000000000000000000e+00 1.600000000000000089e+00 6.747999999999999658e-03 2.270499999999999949e-02 -9.997190000000000243e-01 4.125889999999999835e-01 9.106149999999999523e-01 2.346600000000000075e-02 9.108920000000000350e-01 -4.126319999999999988e-01 -3.223000000000000170e-03
1.700000000000000000e+01 2.600000000000000000e+01 8.000000000000000000e+00 0.000000000000000000e+00 1.600000000000000089e+00 7.119999999999999593e-04 -1.443999999999999971e-03 -9.999989999999999712e-01 4.094769999999999799e-01 9.123200000000000198e-01 -1.026000000000000002e-03 9.123200000000000198e-01 -4.094760000000000066e-01 1.240000000000000000e-03
2.500000000000000000e+01 2.600000000000000000e+01 8.000000000000000000e+00 0.000000000000000000e+00 1.600000000000000089e+00 3.780000000000000265e-04 1.849999999999999973e-04 -1.000000000000000000e+00 4.105389999999999873e-01 9.118429999999999591e-01 3.240000000000000150e-04 9.118429999999999591e-01 -4.105389999999999873e-01 2.689999999999999791e-04
1.000000000000000000e+01 2.400000000000000000e+01 9.000000000000000000e+00 0.000000000000000000e+00 1.600000000000000089e+00 7.334000000000000241e-03 2.423499999999999960e-02 -9.996789999999999843e-01 4.667979999999999907e-01 8.840139999999999665e-01 2.485599999999999962e-02 8.843330000000000357e-01 -4.668309999999999960e-01 -4.828999999999999959e-03
1.400000000000000000e+01 2.400000000000000000e+01 9.000000000000000000e+00 0.000000000000000000e+00 1.600000000000000089e+00 4.545999999999999694e-03 1.332500000000000004e-02 -9.999010000000000398e-01 4.636440000000000006e-01 8.859120000000000328e-01 1.391399999999999929e-02 8.860099999999999643e-01 -4.636609999999999898e-01 -2.151000000000000134e-03
2.200000000000000000e+01 2.400000000000000000e+01 9.000000000000000000e+00 0.000000000000000000e+00 1.600000000000000089e+00 -5.159999999999999656e-04 -3.690000000000000138e-03 -9.999930000000000208e-01 4.623920000000000252e-01 8.866680000000000117e-01 -3.510000000000000099e-03 8.866749999999999909e-01 -4.623909999999999965e-01 1.247999999999999977e-03
2.500000000000000000e+01 2.400000000000000000e+01 9.000000000000000000e+00 0.000000000000000000e+00 1.600000000000000089e+00 3.449999999999999833e-04 1.495999999999999934e-03 -9.999989999999999712e-01 4.625699999999999812e-01 8.865809999999999524e-01 1.485999999999999908e-03 8.865830000000000100e-01 -4.625699999999999812e-01 -3.860000000000000041e-04
2.500000000000000000e+01 1.040000000000000000e+02 1.100000000000000000e+01 0.000000000000000000e+00 1.600000000000000089e+00 1.050000000000000044e-04 -4.094000000000000417e-03 9.999919999999999920e-01 -9.724840000000000151e-01 -2.329690000000000094e-01 -8.520000000000000013e-04 2.329710000000000114e-01 -9.724760000000000071e-01 -4.004999999999999880e-03
4.000000000000000000e+00 3.100000000000000000e+01 1.200000000000000000e+01 0.000000000000000000e+00 1.600000000000000089e+00 6.589999999999999721e-04 9.389999999999999476e-04 9.999989999999999712e-01 -1.506000000000000047e-02 9.998860000000000525e-01 -9.290000000000000297e-04 -9.998860000000000525e-01 -1.505899999999999947e-02 6.729999999999999871e-04
1.200000000000000000e+01 3.100000000000000000e+01 1.200000000000000000e+01 0.000000000000000000e+00 1.600000000000000089e+00 -4.949999999999999973e-04 5.237000000000000335e-03 9.999860000000000415e-01 -8.942000000000000295e-03 9.999460000000000015e-01 -5.240999999999999999e-03 -9.999599999999999600e-01 -8.944999999999999826e-03 -4.490000000000000176e-04
1.800000000000000000e+01 3.100000000000000000e+01 1.200000000000000000e+01 0.000000000000000000e+00 1.600000000000000089e+00 -2.970000000000000092e-04 8.130000000000000291e-04 1.000000000000000000e+00 -5.667000000000000162e-03 9.999839999999999840e-01 -8.149999999999999693e-04 -9.999839999999999840e-01 -5.667000000000000162e-03 -2.919999999999999961e-04
2.200000000000000000e+01 3.100000000000000000e+01 1.200000000000000000e+01 0.000000000000000000e+00 1.600000000000000089e+00 1.900000000000000105e-04 2.654999999999999808e-03 9.999959999999999960e-01 -9.089999999999999773e-04 9.999959999999999960e-01 -2.654999999999999808e-03 -1.000000000000000000e+00 -9.079999999999999530e-04 1.930000000000000021e-04
2.900000000000000000e+01 3.100000000000000000e+01 1.200000000000000000e+01 0.000000000000000000e+00 1.600000000000000089e+00 -8.959999999999999866e-04 1.760999999999999979e-03 9.999980000000000535e-01 4.029999999999999728e-03 9.999900000000000455e-01 -1.758000000000000014e-03 -9.999909999999999632e-01 4.028000000000000330e-03 -9.030000000000000483e-04
7.000000000000000000e+00 1.200000000000000000e+01 1.500000000000000000e+01 0.000000000000000000e+00 1.600000000000000089e+00 -4.278999999999999818e-03 -6.035000000000000434e-03 -9.999730000000000008e-01 -4.736759999999999859e-01 -8.806690000000000351e-01 7.341999999999999568e-03 -8.806890000000000551e-01 4.736940000000000039e-01 9.089999999999999773e-04
1.200000000000000000e+01 1.200000000000000000e+01 1.500000000000000000e+01 0.000000000000000000e+00 1.600000000000000089e+00 -2.102000000000000136e-03 -4.225999999999999722e-03 -9.999890000000000168e-01 -4.733319999999999750e-01 -8.808709999999999596e-01 4.717999999999999972e-03 -8.808810000000000251e-01 4.733370000000000077e-01 -1.489999999999999897e-04
1.700000000000000000e+01 1.200000000000000000e+01 1.500000000000000000e+01 0.000000000000000000e+00 1.600000000000000089e+00 -8.210000000000000067e-04 3.105999999999999820e-03 -9.999949999999999672e-01 -4.745139999999999914e-01 -8.802450000000000552e-01 -2.344000000000000163e-03 -8.802470000000000017e-01 4.745099999999999874e-01 2.197000000000000168e-03
2.300000000000000000e+01 1.200000000000000000e+01 1.500000000000000000e+01 0.000000000000000000e+00 1.600000000000000089e+00 1.291999999999999963e-03 4.113000000000000336e-03 -9.999909999999999632e-01 -4.739229999999999832e-01 -8.805560000000000054e-01 -4.233999999999999916e-03 -8.805650000000000421e-01 4.739240000000000119e-01 8.109999999999999805e-04
2.900000000000000000e+01 1.200000000000000000e+01 1.500000000000000000e+01 0.000000000000000000e+00 1.600000000000000089e+00 -1.758999999999999930e-03 -1.404000000000000083e-03 -9.999970000000000248e-01 -4.698930000000000051e-01 -8.827209999999999779e-01 2.066000000000000128e-03 -8.827220000000000066e-01 4.698950000000000071e-01 8.930000000000000221e-04
4.000000000000000000e+00 2.000000000000000000e+00 1.900000000000000000e+01 0.000000000000000000e+00 1.600000000000000089e+00 2.742000000000000080e-03 -5.206999999999999823e-03 -9.999829999999999552e-01 1.546250000000000124e-01 -9.879580000000000028e-01 5.568000000000000033e-03 -9.879689999999999861e-01 -1.546369999999999967e-01 -1.904000000000000093e-03
8.000000000000000000e+00 2.000000000000000000e+00 1.900000000000000000e+01 0.000000000000000000e+00 1.600000000000000089e+00 2.968999999999999851e-03 -1.206400000000000007e-02 -9.999230000000000063e-01 1.606519999999999893e-01 -9.869329999999999492e-01 1.238399999999999918e-02 -9.870069999999999677e-01 -1.606769999999999865e-01 -9.929999999999999591e-04
1.100000000000000000e+01 2.000000000000000000e+00 1.900000000000000000e+01 0.000000000000000000e+00 1.600000000000000089e+00 3.173000000000000039e-03 -5.028999999999999616e-03 -9.999820000000000375e-01 1.642510000000000081e-01 -9.864030000000000298e-01 5.481999999999999894e-03 -9.864129999999999843e-01 -1.642659999999999954e-01 -2.304000000000000058e-03
1.600000000000000000e+01 2.000000000000000000e+00 1.900000000000000000e+01 0.000000000000000000e+00 1.600000000000000089e+00 -5.280000000000000405e-04 9.412000000000000227e-03 -9.999559999999999560e-01 1.663310000000000066e-01 -9.860250000000000403e-01 -9.369000000000000591e-03 -9.860700000000000021e-01 -1.663290000000000046e-01 -1.044999999999999922e-03
2.000000000000000000e+01 2.000000000000000000e+00 1.900000000000000000e+01 0.000000000000000000e+00 1.600000000000000089e+00 1.373000000000000088e-03 4.936000000000000283e-03 -9.999869999999999592e-01 1.657480000000000064e-01 -9.861569999999999503e-01 -4.640000000000000027e-03 -9.861670000000000158e-01 -1.657399999999999984e-01 -2.171999999999999886e-03
2.300000000000000000e+01 2.000000000000000000e+00 1.900000000000000000e+01 0.000000000000000000e+00 1.600000000000000089e+00 2.566000000000000138e-03 -7.010000000000000172e-04 -9.999959999999999960e-01 1.648419999999999885e-01 -9.863189999999999458e-01 1.113999999999999973e-03 -9.863169999999999993e-01 -1.648449999999999915e-01 -2.416000000000000179e-03
2.500000000000000000e+01 2.000000000000000000e+00 1.900000000000000000e+01 0.000000000000000000e+00 1.600000000000000089e+00 1.108999999999999960e-03 -9.389999999999999476e-04 -9.999989999999999712e-01 1.647540000000000115e-01 -9.863340000000000440e-01 1.108999999999999960e-03 -9.863340000000000440e-01 -1.647550000000000125e-01 -9.389999999999999476e-04
2.900000000000000000e+01 2.000000000000000000e+00 1.900000000000000000e+01 0.000000000000000000e+00 1.600000000000000089e+00 -3.697999999999999898e-03 -7.600000000000000418e-04 -9.999930000000000208e-01 1.682950000000000002e-01 -9.857369999999999743e-01 1.269999999999999970e-04 -9.857299999999999951e-01 -1.682939999999999992e-01 3.772999999999999878e-03
1.100000000000000000e+01 4.000000000000000000e+00 2.000000000000000000e+01 0.000000000000000000e+00 1.600000000000000089e+00 4.542000000000000030e-03 -5.499000000000000415e-03 -9.999749999999999472e-01 2.569790000000000130e-01 -9.663950000000000040e-01 6.480999999999999782e-03 -9.664059999999999873e-01 -2.570020000000000082e-01 -2.975999999999999913e-03
1.900000000000000000e+01 4.000000000000000000e+00 2.000000000000000000e+01 0.000000000000000000e+00 1.600000000000000089e+00 1.859999999999999945e-04 5.648000000000000242e-03 -9.999839999999999840e-01 2.552780000000000049e-01 -9.668520000000000447e-01 -5.414000000000000409e-03 -9.668679999999999497e-01 -2.552730000000000277e-01 -1.621999999999999961e-03
2.400000000000000000e+01 4.000000000000000000e+00 2.000000000000000000e+01 0.000000000000000000e+00 1.600000000000000089e+00 2.598000000000000049e-03 1.965999999999999866e-03 -9.999949999999999672e-01 2.565859999999999808e-01 -9.665209999999999635e-01 -1.232999999999999938e-03 -9.665179999999999882e-01 -2.565810000000000035e-01 -3.014999999999999885e-03
4.000000000000000000e+00 1.300000000000000000e+01 2.000000000000000000e+01 0.000000000000000000e+00 1.600000000000000089e+00 -1.379999999999999933e-04 4.146999999999999645e-03 9.999909999999999632e-01 2.515950000000000131e-01 9.678250000000000464e-01 -3.978999999999999898e-03 -9.678330000000000544e-01 2.515919999999999823e-01 -1.177000000000000095e-03
1.100000000000000000e+01 1.300000000000000000e+01 2.000000000000000000e+01 0.000000000000000000e+00 1.600000000000000089e+00 -8.570000000000000144e-04 8.379999999999999862e-04 9.999989999999999712e-01 2.557590000000000141e-01 9.667400000000000437e-01 -5.910000000000000539e-04 -9.667400000000000437e-01 2.557579999999999854e-01 -1.043000000000000090e-03
1.400000000000000000e+01 1.300000000000000000e+01 2.000000000000000000e+01 0.000000000000000000e+00 1.600000000000000089e+00 -1.178999999999999927e-03 -5.749999999999999903e-04 9.999989999999999712e-01 2.569270000000000165e-01 9.664300000000000113e-01 8.589999999999999546e-04 -9.664300000000000113e-01 2.569279999999999897e-01 -9.909999999999999105e-04
2.200000000000000000e+01 1.300000000000000000e+01 2.000000000000000000e+01 0.000000000000000000e+00 1.600000000000000089e+00 2.999999999999999737e-04 7.659999999999999708e-04 1.000000000000000000e+00 2.559339999999999948e-01 9.666940000000000532e-01 -8.170000000000000179e-04 -9.666940000000000532e-01 2.559350000000000236e-01 9.399999999999999448e-05
4.000000000000000000e+00 1.600000000000000000e+01 2.100000000000000000e+01 0.000000000000000000e+00 1.600000000000000089e+00 -4.879999999999999898e-04 -4.600000000000000004e-05 1.000000000000000000e+00 2.975380000000000247e-01 9.547099999999999476e-01 1.890000000000000133e-04 -9.547099999999999476e-01 2.975380000000000247e-01 -4.530000000000000064e-04
1.600000000000000000e+01 1.600000000000000000e+01 2.100000000000000000e+01 0.000000000000000000e+00 1.600000000000000089e+00 -1.838000000000000007e-03 -6.239999999999999887e-04 9.999980000000000535e-01 2.997980000000000089e-01 9.540020000000000167e-01 1.146000000000000100e-03 -9.540009999999999879e-01 2.997989999999999822e-01 -1.565999999999999901e-03
2.200000000000000000e+01 1.600000000000000000e+01 2.100000000000000000e+01 0.000000000000000000e+00 1.600000000000000089e+00 -1.179999999999999951e-04 2.335999999999999969e-03 9.999970000000000248e-01 2.976170000000000204e-01 9.546829999999999483e-01 -2.196000000000000035e-03 -9.546850000000000058e-01 2.976159999999999917e-01 -8.080000000000000160e-04
4.000000000000000000e+00 4.600000000000000000e+01 2.700000000000000000e+01 0.000000000000000000e+00 1.600000000000000089e+00 1.536999999999999955e-03 6.579999999999999478e-04 -9.999989999999999712e-01 6.847459999999999658e-01 7.287799999999999834e-01 1.531999999999999942e-03 7.287799999999999834e-01 -6.847480000000000233e-01 6.700000000000000226e-04
7.000000000000000000e+00 4.600000000000000000e+01 2.700000000000000000e+01 0.000000000000000000e+00 1.600000000000000089e+00 1.727000000000000019e-03 2.629999999999999959e-04 -9.999989999999999712e-01 6.846149999999999736e-01 7.289039999999999964e-01 1.374000000000000004e-03 7.289029999999999676e-01 -6.846160000000000023e-01 1.077999999999999965e-03
6.000000000000000000e+00 4.600000000000000000e+01 3.000000000000000000e+01 0.000000000000000000e+00 1.600000000000000089e+00 1.740000000000000010e-03 1.461999999999999975e-03 -9.999970000000000248e-01 3.366040000000000143e-01 9.416440000000000365e-01 1.962000000000000202e-03 9.416449999999999543e-01 -3.366060000000000163e-01 1.147000000000000016e-03
1.000000000000000000e+01 4.600000000000000000e+01 3.000000000000000000e+01 0.000000000000000000e+00 1.600000000000000089e+00 -4.650000000000000270e-04 2.599999999999999840e-05 -1.000000000000000000e+00 3.349869999999999792e-01 9.422230000000000327e-01 -1.310000000000000129e-04 9.422230000000000327e-01 -3.349869999999999792e-01 -4.470000000000000232e-04
3.000000000000000000e+00 5.800000000000000000e+01 3.100000000000000000e+01 0.000000000000000000e+00 1.600000000000000089e+00 -3.738000000000000003e-03 -1.232000000000000022e-03 9.999919999999999920e-01 -7.770740000000000425e-01 -6.293990000000000418e-01 -3.680000000000000111e-03 6.293990000000000418e-01 -7.770810000000000217e-01 1.394999999999999973e-03
9.000000000000000000e+00 5.800000000000000000e+01 3.100000000000000000e+01 0.000000000000000000e+00 1.600000000000000089e+00 -9.740000000000000394e-04 1.704000000000000003e-03 9.999980000000000535e-01 -7.848789999999999933e-01 -6.196490000000000054e-01 2.910000000000000260e-04 6.196479999999999766e-01 -7.848779999999999646e-01 1.941000000000000017e-03
1.400000000000000000e+01 5.800000000000000000e+01 3.100000000000000000e+01 0.000000000000000000e+00 1.600000000000000089e+00 -2.396999999999999825e-03 -2.351999999999999924e-03 9.999940000000000495e-01 -7.875020000000000353e-01 -6.163020000000000165e-01 -3.337000000000000122e-03 6.163070000000000492e-01 -7.875060000000000393e-01 -3.750000000000000078e-04
2.000000000000000000e+01 5.800000000000000000e+01 3.100000000000000000e+01 0.000000000000000000e+00 1.600000000000000089e+00 -2.358999999999999986e-03 2.220000000000000022e-04 9.999970000000000248e-01 -7.919340000000000268e-01 -6.106040000000000356e-01 -1.732999999999999948e-03 6.106019999999999781e-01 -7.919359999999999733e-01 1.616000000000000032e-03
2.400000000000000000e+01 5.800000000000000000e+01 3.100000000000000000e+01 0.000000000000000000e+00 1.600000000000000089e+00 2.779999999999999811e-04 -2.124000000000000020e-03 9.999980000000000535e-01 -7.925619999999999887e-01 -6.097909999999999719e-01 -1.075000000000000001e-03 6.097920000000000007e-01 -7.925600000000000422e-01 -1.853000000000000046e-03
2.800000000000000000e+01 5.800000000000000000e+01 3.100000000000000000e+01 0.000000000000000000e+00 1.600000000000000089e+00 6.179999999999999513e-04 3.825999999999999974e-03 9.999919999999999920e-01 -7.938239999999999741e-01 -6.081410000000000426e-01 2.817000000000000060e-03 6.081469999999999931e-01 -7.938199999999999701e-01 2.661000000000000171e-03
2.600000000000000000e+01 6.000000000000000000e+00 3.200000000000000000e+01 0.000000000000000000e+00 1.600000000000000089e+00 2.139999999999999975e-03 6.464000000000000128e-03 -9.999770000000000048e-01 1.800009999999999943e-01 9.836430000000000451e-01 6.743999999999999995e-03 9.836639999999999828e-01 -1.800110000000000043e-01 9.420000000000000205e-04
1.900000000000000000e+01 2.200000000000000000e+01 3.400000000000000000e+01 0.000000000000000000e+00 1.600000000000000089e+00 1.093999999999999920e-03 1.868000000000000086e-03 9.999980000000000535e-01 3.794699999999999740e-01 -9.252029999999999976e-01 1.312999999999999931e-03 9.252029999999999976e-01 3.794680000000000275e-01 -1.722000000000000006e-03
1.900000000000000000e+01 4.300000000000000000e+01 3.400000000000000000e+01 0.000000000000000000e+00 1.600000000000000089e+00 1.175000000000000046e-03 -3.082000000000000104e-03 -9.999949999999999672e-01 -3.319520000000000248e-01 9.432909999999999906e-01 -3.297000000000000017e-03 9.432960000000000234e-01 3.319540000000000268e-01 8.500000000000000611e-05
5.000000000000000000e+00 4.600000000000000000e+01 3.500000000000000000e+01 0.000000000000000000e+00 1.600000000000000089e+00 -7.690000000000000438e-04 -1.115000000000000106e-03 -9.999989999999999712e-01 3.873119999999999896e-01 -9.219479999999999897e-01 7.299999999999999632e-04 -9.219479999999999897e-01 -3.873110000000000164e-01 1.139999999999999954e-03
1.000000000000000000e+01 4.600000000000000000e+01 3.500000000000000000e+01 0.000000000000000000e+00 1.600000000000000089e+00 1.150000000000000035e-04 -1.100000000000000039e-04 -1.000000000000000000e+00 3.877519999999999856e-01 -9.217640000000000278e-01 1.459999999999999981e-04 -9.217640000000000278e-01 -3.877519999999999856e-01 -6.299999999999999990e-05
1.500000000000000000e+01 4.600000000000000000e+01 3.500000000000000000e+01 0.000000000000000000e+00 1.600000000000000089e+00 4.169999999999999987e-04 1.793000000000000106e-03 -9.999980000000000535e-01 3.875899999999999901e-01 -9.218300000000000383e-01 -1.490999999999999921e-03 -9.218319999999999848e-01 -3.875890000000000168e-01 -1.079000000000000098e-03
2.100000000000000000e+01 4.600000000000000000e+01 3.500000000000000000e+01 0.000000000000000000e+00 1.600000000000000089e+00 -1.208000000000000089e-03 -1.649999999999999991e-04 -9.999989999999999712e-01 3.889380000000000059e-01 -9.212639999999999718e-01 -3.179999999999999776e-04 -9.212630000000000541e-01 -3.889380000000000059e-01 1.177000000000000095e-03
2.500000000000000000e+01 4.600000000000000000e+01 3.500000000000000000e+01 0.000000000000000000e+00 1.600000000000000089e+00 1.198000000000000063e-03 -3.409999999999999837e-03 -9.999930000000000208e-01 3.882289999999999908e-01 -9.215560000000000418e-01 3.608000000000000096e-03 -9.215619999999999923e-01 -3.882309999999999928e-01 2.200000000000000078e-04
2.900000000000000000e+01 4.600000000000000000e+01 3.500000000000000000e+01 0.000000000000000000e+00 1.600000000000000089e+00 4.530000000000000064e-04 -1.043000000000000090e-03 -9.999989999999999712e-01 3.869600000000000262e-01 -9.220960000000000267e-01 1.136999999999999990e-03 -9.220960000000000267e-01 -3.869600000000000262e-01 -1.399999999999999979e-05
5.000000000000000000e+00 9.500000000000000000e+01 3.600000000000000000e+01 0.000000000000000000e+00 1.600000000000000089e+00 -2.353000000000000057e-03 -5.226999999999999875e-03 9.999839999999999840e-01 9.960510000000000197e-01 8.873699999999999644e-02 2.807000000000000033e-03 -8.875099999999999656e-02 9.960409999999999542e-01 4.997999999999999839e-03
1.300000000000000000e+01 9.500000000000000000e+01 3.600000000000000000e+01 0.000000000000000000e+00 1.600000000000000089e+00 -2.184000000000000177e-03 1.889999999999999970e-03 9.999959999999999960e-01 9.964129999999999932e-01 8.459999999999999465e-02 2.017000000000000130e-03 -8.459600000000000453e-02 9.964129999999999932e-01 -2.067999999999999960e-03
1.700000000000000000e+01 9.500000000000000000e+01 3.600000000000000000e+01 0.000000000000000000e+00 1.600000000000000089e+00 -8.798000000000000265e-03 -1.718899999999999942e-02 9.998139999999999805e-01 9.967190000000000216e-01 8.030700000000000338e-02 1.015100000000000030e-02 -8.046599999999999586e-02 9.966220000000000079e-01 1.642599999999999963e-02
2.600000000000000000e+01 9.500000000000000000e+01 3.600000000000000000e+01 0.000000000000000000e+00 1.600000000000000089e+00 4.021000000000000268e-03 -1.567199999999999843e-02 9.998690000000000078e-01 9.967650000000000121e-01 8.032200000000000450e-02 -2.749999999999999840e-03 -8.026800000000000601e-02 9.966460000000000319e-01 1.594399999999999984e-02
7.000000000000000000e+00 2.900000000000000000e+01 4.400000000000000000e+01 0.000000000000000000e+00 1.600000000000000089e+00 7.730000000000000326e-04 5.382999999999999764e-03 -9.999850000000000128e-01 6.756560000000000343e-01 7.372030000000000527e-01 4.491000000000000200e-03 7.372170000000000112e-01 -6.756499999999999728e-01 -3.066999999999999848e-03
1.300000000000000000e+01 2.900000000000000000e+01 4.400000000000000000e+01 0.000000000000000000e+00 1.600000000000000089e+00 -2.394999999999999993e-03 2.610000000000000015e-04 -9.999970000000000248e-01 6.813719999999999777e-01 7.319360000000000310e-01 -1.441000000000000007e-03 7.319339999999999735e-01 -6.813730000000000064e-01 -1.930999999999999991e-03
1.700000000000000000e+01 2.900000000000000000e+01 4.400000000000000000e+01 0.000000000000000000e+00 1.600000000000000089e+00 -6.710000000000000469e-04 2.462999999999999912e-03 -9.999970000000000248e-01 6.794440000000000479e-01 7.337259999999999893e-01 1.350999999999999987e-03 7.337270000000000181e-01 -6.794409999999999616e-01 -2.165999999999999957e-03
2.100000000000000000e+01 2.900000000000000000e+01 4.400000000000000000e+01 0.000000000000000000e+00 1.600000000000000089e+00 1.245000000000000013e-03 2.893999999999999871e-03 -9.999949999999999672e-01 6.739929999999999533e-01 7.387320000000000553e-01 2.977000000000000045e-03 7.387369999999999770e-01 -6.739929999999999533e-01 -1.031000000000000015e-03
2.500000000000000000e+01 2.900000000000000000e+01 4.400000000000000000e+01 0.000000000000000000e+00 1.600000000000000089e+00 -8.059999999999999673e-04 7.990000000000000140e-04 -9.999989999999999712e-01 6.749929999999999541e-01 7.378240000000000354e-01 4.500000000000000283e-05 7.378240000000000354e-01 -6.749929999999999541e-01 -1.134999999999999941e-03
2.800000000000000000e+01 2.900000000000000000e+01 4.400000000000000000e+01 0.000000000000000000e+00 1.600000000000000089e+00 -1.605000000000000090e-03 6.279999999999999775e-04 -9.999989999999999712e-01 6.812420000000000142e-01 7.320579999999999865e-01 -6.340000000000000149e-04 7.320560000000000400e-01 -6.812420000000000142e-01 -1.603000000000000041e-03
4.000000000000000000e+00 6.500000000000000000e+01 4.600000000000000000e+01 0.000000000000000000e+00 1.600000000000000089e+00 -3.030000000000000141e-03 1.965999999999999866e-03 9.999930000000000208e-01 6.841040000000000454e-01 -7.293760000000000243e-01 3.507000000000000135e-03 7.293779999999999708e-01 6.841099999999999959e-01 8.649999999999999920e-04
2.800000000000000000e+01 6.500000000000000000e+01 4.600000000000000000e+01 0.000000000000000000e+00 1.600000000000000089e+00 7.700000000000000139e-05 -1.100000000000000066e-03 9.999989999999999712e-01 6.823320000000000496e-01 -7.310419999999999696e-01 -8.570000000000000144e-04 7.310429999999999984e-01 6.823310000000000208e-01 6.939999999999999555e-04
2.200000000000000000e+01 7.000000000000000000e+01 4.700000000000000000e+01 0.000000000000000000e+00 1.600000000000000089e+00 -3.959999999999999762e-04 8.200000000000000095e-05 -1.000000000000000000e+00 -8.375230000000000175e-01 -5.464020000000000543e-01 2.869999999999999830e-04 -5.464010000000000256e-01 8.375230000000000175e-01 2.849999999999999886e-04
5.000000000000000000e+00 5.000000000000000000e+00 5.100000000000000000e+01 0.000000000000000000e+00 1.600000000000000089e+00 -2.393999999999999861e-03 8.356000000000000580e-03 -9.999620000000000175e-01 4.773350000000000093e-01 -8.786810000000000453e-01 -8.486000000000000487e-03 -8.787179999999999991e-01 -4.773370000000000113e-01 -1.884999999999999957e-03
1.500000000000000000e+01 5.000000000000000000e+00 5.100000000000000000e+01 0.000000000000000000e+00 1.600000000000000089e+00 1.789999999999999925e-03 2.050999999999999872e-03 -9.999959999999999960e-01 4.893919999999999937e-01 -8.720639999999999503e-01 -9.120000000000000502e-04 -8.720620000000000038e-01 -4.893879999999999897e-01 -2.563999999999999873e-03
2.400000000000000000e+01 5.000000000000000000e+00 5.100000000000000000e+01 0.000000000000000000e+00 1.600000000000000089e+00 -1.131999999999999977e-03 2.030999999999999819e-03 -9.999970000000000248e-01 4.799530000000000185e-01 -8.772910000000000430e-01 -2.324999999999999810e-03 -8.772940000000000182e-01 -4.799539999999999917e-01 1.800000000000000046e-05
2.700000000000000000e+01 5.000000000000000000e+00 5.100000000000000000e+01 0.000000000000000000e+00 1.600000000000000089e+00 2.003000000000000006e-03 -1.093999999999999920e-03 -9.999970000000000248e-01 4.817660000000000275e-01 -8.762980000000000214e-01 1.923999999999999929e-03 -8.762980000000000214e-01 -4.817679999999999740e-01 -1.227999999999999925e-03
2.400000000000000000e+01 7.000000000000000000e+00 5.200000000000000000e+01 0.000000000000000000e+00 1.600000000000000089e+00 -1.435999999999999993e-03 2.363000000000000083e-03 -9.999959999999999960e-01 7.098999999999999755e-02 -9.974739999999999718e-01 -2.458999999999999814e-03 -9.974760000000000293e-01 -7.099400000000000155e-02 1.263999999999999933e-03
4.000000000000000000e+00 6.300000000000000000e+01 5.400000000000000000e+01 0.000000000000000000e+00 1.600000000000000089e+00 5.879999999999999810e-04 -1.551999999999999994e-03 9.999989999999999712e-01 -3.509729999999999794e-01 9.363839999999999941e-01 1.660000000000000017e-03 -9.363850000000000229e-01 -3.509740000000000082e-01 5.000000000000000409e-06
1.000000000000000000e+01 6.300000000000000000e+01 5.400000000000000000e+01 0.000000000000000000e+00 1.600000000000000089e+00 1.244000000000000097e-03 -1.404999999999999999e-03 9.999980000000000535e-01 -3.433740000000000125e-01 9.391969999999999485e-01 1.745999999999999939e-03 -9.391979999999999773e-01 -3.433749999999999858e-01 6.859999999999999779e-04
1.400000000000000000e+01 6.300000000000000000e+01 5.400000000000000000e+01 0.000000000000000000e+00 1.600000000000000089e+00 -2.870000000000000155e-03 -8.799999999999999771e-05 9.999959999999999960e-01 -3.451089999999999991e-01 9.385620000000000074e-01 -9.079999999999999530e-04 -9.385580000000000034e-01 -3.451110000000000011e-01 -2.724999999999999992e-03
2.000000000000000000e+01 6.300000000000000000e+01 5.400000000000000000e+01 0.000000000000000000e+00 1.600000000000000089e+00 9.139999999999999904e-04 1.985999999999999918e-03 9.999980000000000535e-01 -3.502279999999999838e-01 9.366630000000000233e-01 -1.539999999999999919e-03 -9.366640000000000521e-01 -3.502259999999999818e-01 1.551999999999999994e-03
2.300000000000000000e+01 6.300000000000000000e+01 5.400000000000000000e+01 0.000000000000000000e+00 1.600000000000000089e+00 -1.564999999999999985e-03 -0.000000000000000000e+00 9.999989999999999712e-01 -3.504399999999999737e-01 9.365850000000000009e-01 -5.479999999999999845e-04 -9.365839999999999721e-01 -3.504399999999999737e-01 -1.466000000000000072e-03
2.800000000000000000e+01 6.300000000000000000e+01 5.400000000000000000e+01 0.000000000000000000e+00 1.600000000000000089e+00 1.900000000000000105e-05 -1.502999999999999996e-03 9.999989999999999712e-01 -3.533390000000000142e-01 9.354940000000000477e-01 1.412000000000000061e-03 -9.354949999999999655e-01 -3.533390000000000142e-01 -5.140000000000000254e-04
6.000000000000000000e+00 2.500000000000000000e+01 5.500000000000000000e+01 0.000000000000000000e+00 1.600000000000000089e+00 1.389999999999999960e-03 -4.699999999999999724e-05 -9.999989999999999712e-01 -1.066600000000000013e-02 -9.999430000000000263e-01 3.199999999999999855e-05 -9.999419999999999975e-01 1.066600000000000013e-02 -1.389999999999999960e-03
1.300000000000000000e+01 2.500000000000000000e+01 5.500000000000000000e+01 0.000000000000000000e+00 1.600000000000000089e+00 1.029999999999999964e-04 -5.270000000000000162e-04 -1.000000000000000000e+00 -9.955000000000000307e-03 -9.999500000000000055e-01 5.259999999999999919e-04 -9.999500000000000055e-01 9.955000000000000307e-03 -1.090000000000000067e-04
1.500000000000000000e+01 2.500000000000000000e+01 5.500000000000000000e+01 0.000000000000000000e+00 1.600000000000000089e+00 2.689999999999999791e-04 -3.399999999999999973e-05 -1.000000000000000000e+00 -1.028199999999999947e-02 -9.999470000000000303e-01 3.100000000000000135e-05 -9.999470000000000303e-01 1.028199999999999947e-02 -2.689999999999999791e-04
2.800000000000000000e+01 2.500000000000000000e+01 5.500000000000000000e+01 0.000000000000000000e+00 1.600000000000000089e+00 -1.389999999999999905e-04 6.921000000000000069e-03 -9.999759999999999760e-01 -1.256799999999999931e-02 -9.998970000000000358e-01 -6.918999999999999803e-03 -9.999209999999999487e-01 1.256700000000000005e-02 2.259999999999999910e-04
7.000000000000000000e+00 5.800000000000000000e+01 5.900000000000000000e+01 0.000000000000000000e+00 1.600000000000000089e+00 9.669999999999999776e-04 5.649999999999999641e-04 -9.999989999999999712e-01 3.878480000000000261e-01 9.217229999999999590e-01 8.959999999999999866e-04 9.217229999999999590e-01 -3.878489999999999993e-01 6.719999999999999628e-04
3.000000000000000000e+00 7.000000000000000000e+00 6.000000000000000000e+01 0.000000000000000000e+00 1.600000000000000089e+00 -3.089000000000000166e-03 4.679999999999999915e-04 9.999949999999999672e-01 5.662800000000000056e-01 -8.242099999999999982e-01 2.135000000000000179e-03 8.242070000000000229e-01 5.662840000000000096e-01 2.281000000000000041e-03
2.000000000000000000e+00 2.100000000000000000e+01 6.000000000000000000e+01 0.000000000000000000e+00 1.600000000000000089e+00 -1.835999999999999958e-03 -1.129400000000000022e-02 9.999350000000000183e-01 -9.453699999999999604e-02 9.954600000000000115e-01 1.106999999999999998e-02 -9.955199999999999605e-01 -9.450999999999999679e-02 -2.895000000000000004e-03
8.000000000000000000e+00 2.100000000000000000e+01 6.000000000000000000e+01 0.000000000000000000e+00 1.600000000000000089e+00 4.310000000000000137e-04 6.529000000000000081e-03 9.999789999999999512e-01 -9.513900000000000134e-02 9.954429999999999668e-01 -6.459000000000000331e-03 -9.954640000000000155e-01 -9.513399999999999634e-02 1.049999999999999935e-03
1.300000000000000000e+01 2.100000000000000000e+01 6.000000000000000000e+01 0.000000000000000000e+00 1.600000000000000089e+00 3.190000000000000019e-04 -3.838999999999999965e-03 9.999930000000000208e-01 -9.685599999999999765e-02 9.952910000000000368e-01 3.851999999999999955e-03 -9.952980000000000160e-01 -9.685599999999999765e-02 -5.399999999999999798e-05
1.900000000000000000e+01 3.000000000000000000e+00 6.300000000000000000e+01 0.000000000000000000e+00 1.600000000000000089e+00 1.162999999999999971e-03 -6.257999999999999674e-03 9.999799999999999800e-01 -6.158329999999999638e-01 7.878560000000000008e-01 5.647000000000000110e-03 -7.878760000000000208e-01 -6.158270000000000133e-01 -2.938000000000000073e-03
2.600000000000000000e+01 3.000000000000000000e+00 6.300000000000000000e+01 0.000000000000000000e+00 1.600000000000000089e+00 1.466000000000000072e-03 -5.000000000000000104e-04 9.999989999999999712e-01 -6.133509999999999796e-01 7.898100000000000120e-01 1.294000000000000011e-03 -7.898089999999999833e-01 -6.133520000000000083e-01 8.520000000000000013e-04
3.000000000000000000e+00 2.700000000000000000e+01 6.300000000000000000e+01 0.000000000000000000e+00 1.600000000000000089e+00 -7.940000000000000009e-04 -9.591999999999999832e-03 9.999540000000000095e-01 -2.713510000000000089e-01 9.624380000000000157e-01 9.015999999999999709e-03 -9.624800000000000022e-01 -2.713309999999999889e-01 -3.367000000000000201e-03
7.000000000000000000e+00 2.700000000000000000e+01 6.300000000000000000e+01 0.000000000000000000e+00 1.600000000000000089e+00 6.999999999999999387e-05 -8.172000000000000444e-03 9.999670000000000503e-01 -2.712260000000000226e-01 9.624829999999999774e-01 7.884999999999999648e-03 -9.625160000000000382e-01 -2.712180000000000146e-01 -2.148999999999999869e-03
1.100000000000000000e+01 2.700000000000000000e+01 6.300000000000000000e+01 0.000000000000000000e+00 1.600000000000000089e+00 -1.268999999999999946e-03 -3.543999999999999841e-03 9.999930000000000208e-01 -2.733999999999999764e-01 9.618959999999999733e-01 3.062000000000000052e-03 -9.618999999999999773e-01 -2.733940000000000259e-01 -2.190000000000000106e-03
1.600000000000000000e+01 2.700000000000000000e+01 6.300000000000000000e+01 0.000000000000000000e+00 1.600000000000000089e+00 -4.060000000000000024e-04 -5.420999999999999604e-03 9.999850000000000128e-01 -2.776299999999999879e-01 9.606740000000000279e-01 5.094999999999999703e-03 -9.606879999999999864e-01 -2.776239999999999819e-01 -1.895999999999999899e-03
2.000000000000000000e+01 2.700000000000000000e+01 6.300000000000000000e+01 0.000000000000000000e+00 1.600000000000000089e+00 8.130000000000000291e-04 -2.531999999999999963e-03 9.999959999999999960e-01 -2.805460000000000176e-01 9.598370000000000513e-01 2.658999999999999905e-03 -9.598400000000000265e-01 -2.805469999999999908e-01 6.999999999999999387e-05
2.500000000000000000e+01 2.700000000000000000e+01 6.300000000000000000e+01 0.000000000000000000e+00 1.600000000000000089e+00 3.248000000000000019e-03 3.864999999999999946e-03 9.999869999999999592e-01 -2.784769999999999746e-01 9.604390000000000427e-01 -2.808000000000000166e-03 -9.604369999999999852e-01 -2.784639999999999893e-01 4.194999999999999944e-03
7.000000000000000000e+00 2.600000000000000000e+01 6.400000000000000000e+01 0.000000000000000000e+00 1.600000000000000089e+00 1.105999999999999995e-03 -1.250199999999999922e-02 9.999209999999999487e-01 -3.498729999999999896e-01 9.367189999999999683e-01 1.209900000000000038e-02 -9.367969999999999908e-01 -3.498580000000000023e-01 -3.337999999999999821e-03
