6.000000000000000000e+00 1.500000000000000000e+01 4.000000000000000000e+00 0.000000000000000000e+00 1.600000000000000089e+00 -2.824000000000000121e-03 2.762099999999999972e-02 9.996140000000000025e-01 3.242709999999999759e-01 -9.455780000000000296e-01 2.704399999999999860e-02 9.459600000000000231e-01 3.242220000000000102e-01 -6.285999999999999921e-03
2.800000000000000000e+01 1.500000000000000000e+01 4.000000000000000000e+00 0.000000000000000000e+00 1.600000000000000089e+00 -5.299999999999999807e-04 2.701800000000000035e-02 9.996350000000000513e-01 3.832530000000000103e-01 -9.233010000000000383e-01 2.515799999999999981e-02 9.236429999999999918e-01 3.831269999999999953e-01 -9.865000000000000505e-03
1.000000000000000000e+01 1.300000000000000000e+01 5.000000000000000000e+00 0.000000000000000000e+00 1.600000000000000089e+00 -6.285999999999999921e-03 6.377599999999999936e-02 9.979440000000000532e-01 3.310119999999999729e-01 -9.415710000000000468e-01 6.225900000000000184e-02 9.436059999999999448e-01 3.307229999999999892e-01 -1.519200000000000064e-02
1.600000000000000000e+01 1.000000000000000000e+00 6.000000000000000000e+00 0.000000000000000000e+00 1.600000000000000089e+00 -1.780800000000000091e-02 1.145369999999999999e-01 -9.932590000000000030e-01 -1.817749999999999921e-01 -9.772319999999999895e-01 -1.094289999999999985e-01 -9.831790000000000251e-01 1.786010000000000097e-01 3.822199999999999903e-02
5.000000000000000000e+00 1.010000000000000000e+02 7.000000000000000000e+00 0.000000000000000000e+00 1.600000000000000089e+00 -7.649999999999999465e-04 -4.941000000000000079e-03 9.999869999999999592e-01 8.877829999999999888e-01 4.602519999999999945e-01 2.952999999999999896e-03 -4.602609999999999757e-01 8.877749999999999808e-01 4.035000000000000392e-03
1.200000000000000000e+01 1.010000000000000000e+02 7.000000000000000000e+00 0.000000000000000000e+00 1.600000000000000089e+00 2.020000000000000040e-04 1.673499999999999988e-02 9.998599999999999710e-01 8.893760000000000554e-01 4.571089999999999876e-01 -7.830999999999999420e-03 -4.571760000000000268e-01 8.892529999999999601e-01 -1.479100000000000033e-02
2.100000000000000000e+01 1.010000000000000000e+02 7.000000000000000000e+00 0.000000000000000000e+00 1.600000000000000089e+00 -1.154999999999999994e-03 -5.424000000000000002e-03 9.999850000000000128e-01 8.882970000000000033e-01 4.592559999999999976e-01 3.517999999999999860e-03 -4.592680000000000096e-01 8.882870000000000488e-01 4.288000000000000145e-03
2.600000000000000000e+01 1.010000000000000000e+02 7.000000000000000000e+00 0.000000000000000000e+00 1.600000000000000089e+00 -9.290000000000000297e-04 1.227499999999999945e-02 9.999240000000000350e-01 8.858899999999999553e-01 4.638700000000000045e-01 -4.871999999999999595e-03 -4.638950000000000018e-01 8.858179999999999943e-01 -1.130500000000000081e-02
2.900000000000000000e+01 1.500000000000000000e+01 8.000000000000000000e+00 0.000000000000000000e+00 1.600000000000000089e+00 8.210000000000000067e-04 1.550999999999999948e-02 -9.998789999999999623e-01 -6.151649999999999618e-01 -7.882959999999999967e-01 -1.273299999999999953e-02 -7.883980000000000432e-01 6.151010000000000089e-01 8.894000000000000863e-03
3.000000000000000000e+00 2.500000000000000000e+01 8.000000000000000000e+00 0.000000000000000000e+00 1.600000000000000089e+00 -1.490000000000000005e-03 -5.891999999999999668e-03 -9.999820000000000375e-01 4.461129999999999818e-01 8.949570000000000025e-01 -5.937999999999999702e-03 8.949749999999999650e-01 -4.461129999999999818e-01 1.294999999999999927e-03
1.300000000000000000e+01 2.500000000000000000e+01 8.000000000000000000e+00 0.000000000000000000e+00 1.600000000000000089e+00 -1.801000000000000083e-03 -2.393999999999999861e-03 -9.999949999999999672e-01 4.468269999999999742e-01 8.946159999999999668e-01 -2.946999999999999967e-03 8.946190000000000531e-01 -4.468300000000000050e-01 -5.419999999999999471e-04
2.000000000000000000e+01 2.500000000000000000e+01 8.000000000000000000e+00 0.000000000000000000e+00 1.600000000000000089e+00 -3.420000000000000188e-04 2.769000000000000194e-03 -9.999959999999999960e-01 4.468960000000000155e-01 8.945830000000000171e-01 2.324000000000000111e-03 8.945859999999999923e-01 -4.468940000000000135e-01 -1.543000000000000101e-03
2.300000000000000000e+01 2.500000000000000000e+01 8.000000000000000000e+00 0.000000000000000000e+00 1.600000000000000089e+00 -1.263000000000000017e-03 4.688000000000000327e-03 -9.999879999999999880e-01 4.474040000000000239e-01 8.943240000000000078e-01 3.628000000000000148e-03 8.943309999999999871e-01 -4.473940000000000139e-01 -3.226999999999999834e-03
2.800000000000000000e+01 2.500000000000000000e+01 8.000000000000000000e+00 0.000000000000000000e+00 1.600000000000000089e+00 -1.201000000000000028e-03 7.579999999999999932e-04 -9.999989999999999712e-01 4.484759999999999858e-01 8.937950000000000061e-01 1.389999999999999905e-04 8.937939999999999774e-01 -4.484750000000000125e-01 -1.413999999999999892e-03
4.000000000000000000e+00 2.400000000000000000e+01 9.000000000000000000e+00 0.000000000000000000e+00 1.600000000000000089e+00 -1.675999999999999972e-03 -8.179999999999999771e-03 -9.999649999999999928e-01 4.512769999999999837e-01 8.923480000000000301e-01 -8.056000000000000660e-03 8.923820000000000086e-01 -4.512749999999999817e-01 2.196000000000000035e-03
8.000000000000000000e+00 2.400000000000000000e+01 9.000000000000000000e+00 0.000000000000000000e+00 1.600000000000000089e+00 -1.794000000000000022e-03 -4.635000000000000231e-03 -9.999879999999999880e-01 4.518289999999999806e-01 8.920909999999999673e-01 -4.944999999999999743e-03 8.921029999999999793e-01 -4.518329999999999846e-01 4.939999999999999730e-04
1.300000000000000000e+01 2.400000000000000000e+01 9.000000000000000000e+00 0.000000000000000000e+00 1.600000000000000089e+00 -9.970000000000000563e-04 -9.990000000000001049e-04 -9.999989999999999712e-01 4.529719999999999858e-01 8.915239999999999831e-01 -1.342000000000000094e-03 8.915239999999999831e-01 -4.529730000000000145e-01 -4.369999999999999970e-04
1.700000000000000000e+01 2.400000000000000000e+01 9.000000000000000000e+00 0.000000000000000000e+00 1.600000000000000089e+00 -5.100000000000000366e-04 -4.765000000000000138e-03 -9.999890000000000168e-01 4.522410000000000041e-01 8.918840000000000101e-01 -4.480999999999999740e-03 8.918949999999999934e-01 -4.522390000000000021e-01 1.699999999999999905e-03
2.300000000000000000e+01 2.400000000000000000e+01 9.000000000000000000e+00 0.000000000000000000e+00 1.600000000000000089e+00 -1.768000000000000040e-03 4.049999999999999781e-03 -9.999900000000000455e-01 4.546540000000000026e-01 8.906640000000000112e-01 2.802999999999999936e-03 8.906659999999999577e-01 -4.546439999999999926e-01 -3.416000000000000199e-03
2.200000000000000000e+01 7.000000000000000000e+00 1.000000000000000000e+01 0.000000000000000000e+00 1.600000000000000089e+00 1.077209999999999973e-01 1.002549999999999969e-01 -9.891130000000000200e-01 -9.339300000000000379e-01 -3.308829999999999827e-01 -1.352490000000000081e-01 -3.408399999999999763e-01 9.383310000000000262e-01 5.798799999999999788e-02
5.000000000000000000e+00 3.100000000000000000e+01 1.200000000000000000e+01 0.000000000000000000e+00 1.600000000000000089e+00 -3.589999999999999984e-04 -4.312999999999999994e-03 9.999909999999999632e-01 -3.740999999999999968e-03 9.999839999999999840e-01 4.311999999999999861e-03 -9.999930000000000208e-01 -3.739999999999999835e-03 -3.750000000000000078e-04
4.000000000000000000e+00 3.500000000000000000e+01 1.200000000000000000e+01 0.000000000000000000e+00 1.600000000000000089e+00 -7.360000000000000006e-04 -4.161999999999999901e-03 -9.999909999999999632e-01 5.473219999999999752e-01 -8.369159999999999933e-01 3.080999999999999971e-03 -8.369220000000000548e-01 -5.473149999999999959e-01 2.893999999999999871e-03
1.000000000000000000e+01 3.500000000000000000e+01 1.200000000000000000e+01 0.000000000000000000e+00 1.600000000000000089e+00 1.902000000000000045e-03 -7.387999999999999602e-03 -9.999710000000000543e-01 5.328869999999999996e-01 -8.461549999999999905e-01 7.264999999999999757e-03 -8.461840000000000472e-01 -5.328850000000000531e-01 2.328000000000000208e-03
1.400000000000000000e+01 3.500000000000000000e+01 1.200000000000000000e+01 0.000000000000000000e+00 1.600000000000000089e+00 -9.640000000000000131e-04 -6.466000000000000393e-03 -9.999789999999999512e-01 5.146849999999999481e-01 -8.573650000000000437e-01 5.048000000000000403e-03 -8.573790000000000022e-01 -5.146690000000000431e-01 4.153999999999999707e-03
1.900000000000000000e+01 3.500000000000000000e+01 1.200000000000000000e+01 0.000000000000000000e+00 1.600000000000000089e+00 9.759999999999999796e-04 -4.563000000000000216e-03 -9.999890000000000168e-01 4.942340000000000066e-01 -8.693180000000000351e-01 4.448999999999999830e-03 -8.693279999999999896e-01 -4.942329999999999779e-01 1.407000000000000048e-03
2.500000000000000000e+01 3.500000000000000000e+01 1.200000000000000000e+01 0.000000000000000000e+00 1.600000000000000089e+00 1.289999999999999914e-03 -4.651999999999999885e-03 -9.999879999999999880e-01 4.637279999999999736e-01 -8.859650000000000025e-01 4.719000000000000104e-03 -8.859770000000000145e-01 -4.637279999999999736e-01 1.013999999999999927e-03
2.900000000000000000e+01 3.500000000000000000e+01 1.200000000000000000e+01 0.000000000000000000e+00 1.600000000000000089e+00 1.616000000000000032e-03 -2.769000000000000194e-03 -9.999949999999999672e-01 4.502479999999999816e-01 -8.928979999999999695e-01 3.200000000000000153e-03 -8.929019999999999735e-01 -4.502510000000000123e-01 -1.959999999999999937e-04
2.100000000000000000e+01 3.200000000000000000e+01 1.400000000000000000e+01 0.000000000000000000e+00 1.600000000000000089e+00 -3.359999999999999814e-04 -8.869999999999999846e-04 -1.000000000000000000e+00 9.469800000000000439e-02 9.955060000000000020e-01 -9.150000000000000147e-04 9.955060000000000020e-01 -9.469800000000000439e-02 -2.500000000000000052e-04
3.000000000000000000e+00 1.200000000000000000e+01 1.500000000000000000e+01 0.000000000000000000e+00 1.600000000000000089e+00 -2.201999999999999964e-03 9.846000000000000585e-03 -9.999489999999999768e-01 -4.491299999999999737e-01 -8.934320000000000039e-01 -7.807999999999999836e-03 -8.934640000000000359e-01 4.490899999999999892e-01 6.388999999999999714e-03
9.000000000000000000e+00 1.200000000000000000e+01 1.500000000000000000e+01 0.000000000000000000e+00 1.600000000000000089e+00 -6.401999999999999705e-03 5.845999999999999634e-03 -9.999620000000000175e-01 -4.260249999999999870e-01 -9.047079999999999567e-01 -2.562000000000000041e-03 -9.046889999999999654e-01 4.259930000000000105e-01 8.283000000000000432e-03
1.200000000000000000e+01 1.160000000000000000e+02 1.600000000000000000e+01 0.000000000000000000e+00 1.600000000000000089e+00 1.031000000000000015e-03 -5.599999999999999509e-04 9.999989999999999712e-01 7.561670000000000336e-01 6.543790000000000440e-01 -4.130000000000000099e-04 -6.543780000000000152e-01 7.561670000000000336e-01 1.098000000000000018e-03
7.000000000000000000e+00 2.000000000000000000e+00 1.900000000000000000e+01 0.000000000000000000e+00 1.600000000000000089e+00 2.310299999999999854e-02 5.593299999999999661e-02 -9.981670000000000265e-01 3.258179999999999965e-01 -9.443430000000000435e-01 -4.537599999999999967e-02 -9.451500000000000457e-01 -3.241729999999999889e-01 -4.004100000000000020e-02
1.900000000000000000e+01 2.000000000000000000e+00 1.900000000000000000e+01 0.000000000000000000e+00 1.600000000000000089e+00 9.349999999999999587e-04 5.109899999999999859e-02 -9.986930000000000529e-01 3.490170000000000217e-01 -9.359089999999999909e-01 -4.755999999999999811e-02 -9.371159999999999490e-01 -3.485159999999999925e-01 -1.871000000000000094e-02
2.500000000000000000e+01 2.000000000000000000e+00 1.900000000000000000e+01 0.000000000000000000e+00 1.600000000000000089e+00 3.382000000000000024e-03 2.030900000000000066e-02 -9.997880000000000100e-01 3.461259999999999892e-01 -9.380180000000000184e-01 -1.788299999999999959e-02 -9.381819999999999604e-01 -3.459920000000000218e-01 -1.020199999999999926e-02
2.800000000000000000e+01 2.000000000000000000e+00 1.900000000000000000e+01 0.000000000000000000e+00 1.600000000000000089e+00 3.859000000000000017e-03 9.920000000000000432e-04 -9.999919999999999920e-01 3.414570000000000105e-01 -9.398969999999999825e-01 3.860000000000000041e-04 -9.398889999999999745e-01 -3.414559999999999818e-01 -3.965999999999999907e-03
1.600000000000000000e+01 3.000000000000000000e+00 1.900000000000000000e+01 0.000000000000000000e+00 1.600000000000000089e+00 -4.664999999999999876e-03 3.241499999999999937e-02 -9.994640000000000191e-01 3.321129999999999916e-01 -9.426919999999999744e-01 -3.212399999999999978e-02 -9.432279999999999553e-01 -3.320850000000000191e-01 -6.368000000000000396e-03
5.000000000000000000e+00 4.000000000000000000e+00 2.000000000000000000e+01 0.000000000000000000e+00 1.600000000000000089e+00 2.472500000000000045e-02 2.094899999999999887e-02 -9.994750000000000023e-01 3.655550000000000188e-01 -9.307309999999999750e-01 -1.046599999999999961e-02 -9.304609999999999825e-01 -3.651039999999999841e-01 -3.066999999999999935e-02
8.000000000000000000e+00 4.000000000000000000e+00 2.000000000000000000e+01 0.000000000000000000e+00 1.600000000000000089e+00 2.089699999999999891e-02 1.894900000000000057e-02 -9.996019999999999905e-01 3.587480000000000113e-01 -9.333789999999999587e-01 -1.019399999999999994e-02 -9.332009999999999472e-01 -3.583919999999999884e-01 -2.630299999999999999e-02
1.100000000000000000e+01 4.000000000000000000e+00 2.000000000000000000e+01 0.000000000000000000e+00 1.600000000000000089e+00 5.807999999999999795e-03 1.026200000000000029e-02 -9.999310000000000143e-01 3.574120000000000075e-01 -9.339169999999999972e-01 -7.509000000000000050e-03 -9.339290000000000092e-01 -3.573439999999999950e-01 -9.091999999999999388e-03
2.000000000000000000e+00 1.300000000000000000e+01 2.000000000000000000e+01 0.000000000000000000e+00 1.600000000000000089e+00 -8.739999999999999939e-04 2.455000000000000151e-03 9.999970000000000248e-01 2.619639999999999747e-01 9.650750000000000162e-01 -2.139999999999999975e-03 -9.650769999999999627e-01 2.619609999999999994e-01 -1.485999999999999908e-03
7.000000000000000000e+00 1.300000000000000000e+01 2.000000000000000000e+01 0.000000000000000000e+00 1.600000000000000089e+00 2.159999999999999919e-04 1.245999999999999929e-03 9.999989999999999712e-01 2.612099999999999977e-01 9.652809999999999446e-01 -1.258999999999999920e-03 -9.652819999999999734e-01 2.612099999999999977e-01 -1.169999999999999979e-04
1.200000000000000000e+01 1.300000000000000000e+01 2.000000000000000000e+01 0.000000000000000000e+00 1.600000000000000089e+00 -5.400000000000000069e-04 -2.714999999999999965e-03 9.999959999999999960e-01 2.640159999999999729e-01 9.645139999999999825e-01 2.760999999999999999e-03 -9.645179999999999865e-01 2.640170000000000017e-01 1.959999999999999937e-04
1.800000000000000000e+01 1.300000000000000000e+01 2.000000000000000000e+01 0.000000000000000000e+00 1.600000000000000089e+00 -5.109999999999999525e-04 3.010000000000000089e-03 9.999949999999999672e-01 2.637419999999999765e-01 9.645890000000000297e-01 -2.768000000000000061e-03 -9.645930000000000337e-01 2.637390000000000012e-01 -1.286999999999999950e-03
2.200000000000000000e+01 1.300000000000000000e+01 2.000000000000000000e+01 0.000000000000000000e+00 1.600000000000000089e+00 9.759999999999999796e-04 3.660000000000000059e-03 9.999930000000000208e-01 2.601919999999999789e-01 9.655489999999999906e-01 -3.788000000000000134e-03 -9.655559999999999699e-01 2.601939999999999809e-01 -1.000000000000000082e-05
2.500000000000000000e+01 1.300000000000000000e+01 2.000000000000000000e+01 0.000000000000000000e+00 1.600000000000000089e+00 1.554000000000000043e-03 -7.519999999999999558e-04 9.999980000000000535e-01 2.585839999999999805e-01 9.659889999999999866e-01 3.249999999999999851e-04 -9.659870000000000401e-01 2.585830000000000073e-01 1.696000000000000025e-03
2.900000000000000000e+01 1.300000000000000000e+01 2.000000000000000000e+01 0.000000000000000000e+00 1.600000000000000089e+00 3.519999999999999908e-04 1.521000000000000000e-03 9.999989999999999712e-01 2.580359999999999876e-01 9.661340000000000483e-01 -1.559999999999999972e-03 -9.661349999999999660e-01 2.580370000000000164e-01 -5.199999999999999680e-05
1.800000000000000000e+01 1.600000000000000000e+01 2.100000000000000000e+01 0.000000000000000000e+00 1.600000000000000089e+00 -1.116999999999999937e-03 1.856000000000000011e-03 9.999980000000000535e-01 2.998190000000000022e-01 9.539950000000000374e-01 -1.435999999999999993e-03 -9.539950000000000374e-01 2.998170000000000002e-01 -1.621999999999999961e-03
2.600000000000000000e+01 2.000000000000000000e+00 2.500000000000000000e+01 0.000000000000000000e+00 1.600000000000000089e+00 -6.109999999999999980e-04 -6.049999999999999606e-04 1.000000000000000000e+00 7.898499999999999965e-02 -9.968759999999999843e-01 -5.550000000000000462e-04 9.968759999999999843e-01 7.898499999999999965e-02 6.570000000000000319e-04
2.000000000000000000e+00 3.000000000000000000e+00 2.500000000000000000e+01 0.000000000000000000e+00 1.600000000000000089e+00 -8.949999999999999623e-04 1.037800000000000007e-02 9.999460000000000015e-01 -3.273100000000000315e-02 -9.994110000000000493e-01 1.034299999999999976e-02 9.994640000000000191e-01 -3.271999999999999909e-02 1.234000000000000071e-03
1.000000000000000000e+01 3.000000000000000000e+00 2.500000000000000000e+01 0.000000000000000000e+00 1.600000000000000089e+00 3.335999999999999990e-03 -3.720000000000000216e-03 9.999879999999999880e-01 -4.912400000000000100e-02 -9.987859999999999516e-01 -3.552000000000000036e-03 9.987869999999999804e-01 -4.911100000000000187e-02 -3.514000000000000196e-03
1.600000000000000000e+01 3.000000000000000000e+00 2.500000000000000000e+01 0.000000000000000000e+00 1.600000000000000089e+00 2.582999999999999793e-03 2.446999999999999956e-03 9.999940000000000495e-01 -4.359199999999999880e-02 -9.990459999999999896e-01 2.557999999999999944e-03 9.990459999999999896e-01 -4.359799999999999787e-02 -2.474000000000000071e-03
2.100000000000000000e+01 3.000000000000000000e+00 2.500000000000000000e+01 0.000000000000000000e+00 1.600000000000000089e+00 -6.769999999999999759e-04 1.503200000000000022e-02 9.998869999999999703e-01 -2.178400000000000128e-02 -9.996500000000000385e-01 1.501300000000000030e-02 9.997620000000000395e-01 -2.177099999999999869e-02 1.003999999999999901e-03
7.000000000000000000e+00 4.600000000000000000e+01 2.700000000000000000e+01 0.000000000000000000e+00 1.600000000000000089e+00 -1.580999999999999940e-03 -1.389999999999999905e-04 -9.999989999999999712e-01 6.699140000000000095e-01 7.424380000000000424e-01 -1.162999999999999971e-03 7.424370000000000136e-01 -6.699150000000000382e-01 -1.080999999999999930e-03
1.400000000000000000e+01 4.600000000000000000e+01 2.700000000000000000e+01 0.000000000000000000e+00 1.600000000000000089e+00 -1.139999999999999954e-03 -1.856999999999999927e-03 -9.999980000000000535e-01 6.645189999999999708e-01 7.472680000000000433e-01 -2.145000000000000205e-03 7.472710000000000186e-01 -6.645199999999999996e-01 3.820000000000000153e-04
1.800000000000000000e+01 4.600000000000000000e+01 2.700000000000000000e+01 0.000000000000000000e+00 1.600000000000000089e+00 -1.248999999999999893e-03 1.417000000000000074e-03 -9.999980000000000535e-01 6.615360000000000129e-01 7.499130000000000518e-01 2.359999999999999902e-04 7.499120000000000230e-01 -6.615349999999999842e-01 -1.874000000000000015e-03
4.000000000000000000e+00 4.600000000000000000e+01 3.000000000000000000e+01 0.000000000000000000e+00 1.600000000000000089e+00 -1.361999999999999929e-03 -1.382999999999999898e-03 -9.999980000000000535e-01 3.233559999999999768e-01 9.462760000000000060e-01 -1.748999999999999904e-03 9.462760000000000060e-01 -3.233579999999999788e-01 -8.409999999999999507e-04
1.700000000000000000e+01 4.600000000000000000e+01 3.000000000000000000e+01 0.000000000000000000e+00 1.600000000000000089e+00 -1.629000000000000023e-03 -1.177000000000000095e-03 -9.999980000000000535e-01 3.255730000000000013e-01 9.455149999999999944e-01 -1.642999999999999929e-03 9.455149999999999944e-01 -3.255750000000000033e-01 -1.157000000000000042e-03
8.000000000000000000e+00 5.800000000000000000e+01 3.100000000000000000e+01 0.000000000000000000e+00 1.600000000000000089e+00 -3.588000000000000043e-03 -1.729000000000000068e-03 9.999919999999999920e-01 -7.719510000000000538e-01 -6.356699999999999573e-01 -3.869000000000000043e-03 6.356709999999999861e-01 -7.719589999999999508e-01 9.460000000000000093e-04
1.200000000000000000e+01 5.800000000000000000e+01 3.100000000000000000e+01 0.000000000000000000e+00 1.600000000000000089e+00 6.089999999999999494e-04 -6.340000000000000149e-04 1.000000000000000000e+00 -7.693929999999999936e-01 -6.387760000000000105e-01 6.299999999999999990e-05 6.387749999999999817e-01 -7.693929999999999936e-01 -8.769999999999999584e-04
1.900000000000000000e+01 5.800000000000000000e+01 3.100000000000000000e+01 0.000000000000000000e+00 1.600000000000000089e+00 -4.290000000000000193e-04 1.655999999999999920e-03 9.999989999999999712e-01 -7.664260000000000517e-01 -6.423320000000000141e-01 7.349999999999999763e-04 6.423320000000000141e-01 -7.664250000000000229e-01 1.544999999999999932e-03
2.300000000000000000e+01 5.800000000000000000e+01 3.100000000000000000e+01 0.000000000000000000e+00 1.600000000000000089e+00 -8.350000000000000217e-04 -6.049999999999999606e-04 9.999989999999999712e-01 -7.621149999999999869e-01 -6.474410000000000442e-01 -1.028000000000000051e-03 6.474410000000000442e-01 -7.621160000000000156e-01 7.899999999999999579e-05
2.900000000000000000e+01 5.800000000000000000e+01 3.100000000000000000e+01 0.000000000000000000e+00 1.600000000000000089e+00 -2.743000000000000212e-03 2.919999999999999961e-04 9.999959999999999960e-01 -7.580599999999999561e-01 -6.521820000000000395e-01 -1.889000000000000054e-03 6.521789999999999532e-01 -7.580620000000000136e-01 2.010000000000000068e-03
4.000000000000000000e+00 4.600000000000000000e+01 3.500000000000000000e+01 0.000000000000000000e+00 1.600000000000000089e+00 3.390000000000000001e-04 1.769999999999999926e-04 -1.000000000000000000e+00 3.932140000000000080e-01 -9.194470000000000143e-01 -2.900000000000000017e-05 -9.194470000000000143e-01 -3.932140000000000080e-01 -3.809999999999999910e-04
7.000000000000000000e+00 4.600000000000000000e+01 3.500000000000000000e+01 0.000000000000000000e+00 1.600000000000000089e+00 7.249999999999999500e-04 -3.199999999999999855e-05 -1.000000000000000000e+00 3.945270000000000166e-01 -9.188849999999999518e-01 3.150000000000000131e-04 -9.188840000000000341e-01 -3.945270000000000166e-01 -6.539999999999999590e-04
1.300000000000000000e+01 4.600000000000000000e+01 3.500000000000000000e+01 0.000000000000000000e+00 1.600000000000000089e+00 4.000000000000000192e-04 -4.789999999999999879e-04 -1.000000000000000000e+00 3.944730000000000181e-01 -9.189070000000000293e-01 5.969999999999999829e-04 -9.189070000000000293e-01 -3.944730000000000181e-01 -1.789999999999999870e-04
1.700000000000000000e+01 4.600000000000000000e+01 3.500000000000000000e+01 0.000000000000000000e+00 1.600000000000000089e+00 -2.400000000000000061e-05 4.814999999999999836e-03 -9.999879999999999880e-01 3.930069999999999952e-01 -9.195250000000000368e-01 -4.436999999999999972e-03 -9.195360000000000200e-01 -3.930020000000000180e-01 -1.871000000000000050e-03
2.700000000000000000e+01 4.600000000000000000e+01 3.500000000000000000e+01 0.000000000000000000e+00 1.600000000000000089e+00 1.281999999999999936e-03 -4.205999999999999669e-03 -9.999900000000000455e-01 3.888539999999999774e-01 -9.212890000000000246e-01 4.374000000000000284e-03 -9.212989999999999791e-01 -3.888559999999999794e-01 4.539999999999999765e-04
6.000000000000000000e+00 3.000000000000000000e+00 4.300000000000000000e+01 0.000000000000000000e+00 1.600000000000000089e+00 1.260000000000000052e-03 5.650999999999999773e-03 -9.999829999999999552e-01 7.359520000000000506e-01 -6.770270000000000454e-01 -2.899000000000000101e-03 -6.770319999999999672e-01 -7.359360000000000346e-01 -5.011999999999999962e-03
1.100000000000000000e+01 3.000000000000000000e+00 4.300000000000000000e+01 0.000000000000000000e+00 1.600000000000000089e+00 2.464000000000000044e-03 3.268999999999999684e-02 -9.994619999999999616e-01 7.350809999999999844e-01 -6.776739999999999986e-01 -2.035299999999999956e-02 -6.779749999999999943e-01 -7.346359999999999557e-01 -2.569899999999999962e-02
1.700000000000000000e+01 3.000000000000000000e+00 4.300000000000000000e+01 0.000000000000000000e+00 1.600000000000000089e+00 2.936999999999999941e-03 6.294000000000000115e-03 -9.999759999999999760e-01 7.342840000000000478e-01 -6.788389999999999702e-01 -2.115999999999999825e-03 -6.788359999999999950e-01 -7.342600000000000238e-01 -6.615000000000000220e-03
2.100000000000000000e+01 3.000000000000000000e+00 4.300000000000000000e+01 0.000000000000000000e+00 1.600000000000000089e+00 1.784999999999999911e-03 -8.880000000000000740e-03 -9.999590000000000423e-01 7.364479999999999915e-01 -6.764550000000000285e-01 7.322000000000000383e-03 -6.764919999999999822e-01 -7.364309999999999468e-01 5.331999999999999934e-03
2.400000000000000000e+01 3.000000000000000000e+00 4.300000000000000000e+01 0.000000000000000000e+00 1.600000000000000089e+00 1.049000000000000019e-03 4.651999999999999885e-03 -9.999890000000000168e-01 7.400099999999999456e-01 -6.725919999999999677e-01 -2.353000000000000057e-03 -6.725950000000000539e-01 -7.399989999999999624e-01 -4.147999999999999778e-03
2.400000000000000000e+01 8.000000000000000000e+00 4.400000000000000000e+01 0.000000000000000000e+00 1.600000000000000089e+00 4.440000000000000045e-04 -8.610000000000000032e-04 1.000000000000000000e+00 -7.869310000000000471e-01 -6.170409999999999506e-01 -1.820000000000000057e-04 6.170409999999999506e-01 -7.869300000000000184e-01 -9.520000000000000467e-04
2.800000000000000000e+01 8.000000000000000000e+00 4.400000000000000000e+01 0.000000000000000000e+00 1.600000000000000089e+00 4.079999999999999968e-04 2.158999999999999895e-03 9.999980000000000535e-01 -7.882369999999999655e-01 -6.153690000000000548e-01 1.650999999999999907e-03 6.153710000000000013e-01 -7.882360000000000477e-01 1.449999999999999900e-03
4.000000000000000000e+00 2.900000000000000000e+01 4.400000000000000000e+01 0.000000000000000000e+00 1.600000000000000089e+00 -1.773000000000000053e-03 2.232000000000000043e-03 -9.999959999999999960e-01 6.587690000000000490e-01 7.523450000000000415e-01 5.119999999999999768e-04 7.523429999999999840e-01 -6.587659999999999627e-01 -2.804000000000000069e-03
9.000000000000000000e+00 2.900000000000000000e+01 4.400000000000000000e+01 0.000000000000000000e+00 1.600000000000000089e+00 1.588000000000000002e-03 -1.224999999999999960e-03 -9.999980000000000535e-01 6.583719999999999573e-01 7.526920000000000277e-01 1.240000000000000054e-04 7.526909999999999989e-01 -6.583710000000000395e-01 2.001999999999999873e-03
1.300000000000000000e+01 2.900000000000000000e+01 4.400000000000000000e+01 0.000000000000000000e+00 1.600000000000000089e+00 9.920000000000000432e-04 -3.836000000000000000e-03 -9.999919999999999920e-01 6.538389999999999480e-01 7.566300000000000248e-01 -2.252999999999999794e-03 7.566330000000000000e-01 -6.538319999999999688e-01 3.259000000000000178e-03
2.000000000000000000e+01 2.900000000000000000e+01 4.400000000000000000e+01 0.000000000000000000e+00 1.600000000000000089e+00 -6.639999999999999852e-04 -2.612000000000000172e-03 -9.999959999999999960e-01 6.576319999999999943e-01 7.533360000000000056e-01 -2.403999999999999887e-03 7.533389999999999809e-01 -6.576309999999999656e-01 1.216999999999999983e-03
2.500000000000000000e+01 2.900000000000000000e+01 4.400000000000000000e+01 0.000000000000000000e+00 1.600000000000000089e+00 5.929999999999999941e-04 -1.918000000000000000e-03 -9.999980000000000535e-01 6.600719999999999921e-01 7.512020000000000364e-01 -1.049000000000000019e-03 7.512020000000000364e-01 -6.600700000000000456e-01 1.711000000000000064e-03
2.800000000000000000e+01 2.900000000000000000e+01 4.400000000000000000e+01 0.000000000000000000e+00 1.600000000000000089e+00 7.420000000000000380e-04 -3.488000000000000215e-03 -9.999940000000000495e-01 6.589770000000000350e-01 7.521600000000000508e-01 -2.135000000000000179e-03 7.521619999999999973e-01 -6.589709999999999734e-01 2.857000000000000164e-03
1.100000000000000000e+01 6.500000000000000000e+01 4.600000000000000000e+01 0.000000000000000000e+00 1.600000000000000089e+00 -1.686999999999999915e-03 2.700999999999999842e-03 9.999949999999999672e-01 6.782439999999999580e-01 -7.348299999999999832e-01 3.128999999999999837e-03 7.348339999999999872e-01 6.782460000000000155e-01 -5.929999999999999941e-04
2.700000000000000000e+01 7.000000000000000000e+01 4.700000000000000000e+01 0.000000000000000000e+00 1.600000000000000089e+00 -1.446999999999999936e-03 -3.501999999999999905e-03 -9.999930000000000208e-01 -8.418860000000000232e-01 -5.396469999999999878e-01 3.108000000000000086e-03 -5.396539999999999671e-01 8.418839999999999657e-01 -2.167000000000000089e-03
2.000000000000000000e+00 5.000000000000000000e+00 5.100000000000000000e+01 0.000000000000000000e+00 1.600000000000000089e+00 -2.419000000000000143e-03 1.368999999999999991e-03 -9.999959999999999960e-01 4.910579999999999945e-01 -8.711240000000000094e-01 -2.380000000000000171e-03 -8.711240000000000094e-01 -4.910619999999999985e-01 1.435000000000000078e-03
1.100000000000000000e+01 5.000000000000000000e+00 5.100000000000000000e+01 0.000000000000000000e+00 1.600000000000000089e+00 2.593999999999999952e-03 1.709400000000000155e-02 -9.998510000000000453e-01 4.828270000000000062e-01 -8.756080000000000529e-01 -1.371700000000000003e-02 -8.757120000000000459e-01 -4.827199999999999824e-01 -1.052400000000000037e-02
1.600000000000000000e+01 5.000000000000000000e+00 5.100000000000000000e+01 0.000000000000000000e+00 1.600000000000000089e+00 -1.454999999999999913e-03 1.048600000000000053e-02 -9.999440000000000550e-01 4.816119999999999846e-01 -8.763290000000000246e-01 -9.891000000000000486e-03 -8.763830000000000231e-01 -4.815999999999999726e-01 -3.775000000000000144e-03
8.000000000000000000e+00 1.150000000000000000e+02 5.100000000000000000e+01 0.000000000000000000e+00 1.600000000000000089e+00 8.130000000000000291e-04 6.260000000000000373e-04 1.000000000000000000e+00 8.472260000000000346e-01 -5.312320000000000375e-01 -3.559999999999999797e-04 5.312320000000000375e-01 8.472260000000000346e-01 -9.619999999999999645e-04
2.200000000000000000e+01 7.000000000000000000e+00 5.200000000000000000e+01 0.000000000000000000e+00 1.600000000000000089e+00 -1.530000000000000056e-04 -1.247999999999999977e-03 -9.999989999999999712e-01 9.566700000000000204e-02 -9.954129999999999923e-01 1.227999999999999925e-03 -9.954129999999999923e-01 -9.566700000000000204e-02 2.719999999999999979e-04
1.000000000000000000e+00 6.300000000000000000e+01 5.400000000000000000e+01 0.000000000000000000e+00 1.600000000000000089e+00 -2.772000000000000158e-03 -5.812999999999999591e-03 9.999789999999999512e-01 -3.488020000000000009e-01 9.371859999999999635e-01 4.480999999999999740e-03 -9.371920000000000250e-01 -3.487819999999999809e-01 -4.624999999999999771e-03
1.100000000000000000e+01 6.300000000000000000e+01 5.400000000000000000e+01 0.000000000000000000e+00 1.600000000000000089e+00 1.513999999999999938e-03 6.089999999999999494e-04 9.999989999999999712e-01 -3.325429999999999775e-01 9.430880000000000374e-01 -7.100000000000000462e-05 -9.430870000000000086e-01 -3.325429999999999775e-01 1.629999999999999939e-03
1.600000000000000000e+01 6.300000000000000000e+01 5.400000000000000000e+01 0.000000000000000000e+00 1.600000000000000089e+00 2.939000000000000206e-03 -1.680999999999999986e-03 9.999940000000000495e-01 -3.464119999999999977e-01 9.380789999999999962e-01 2.595000000000000084e-03 -9.380779999999999674e-01 -3.464169999999999749e-01 2.174000000000000151e-03
2.500000000000000000e+01 6.300000000000000000e+01 5.400000000000000000e+01 0.000000000000000000e+00 1.600000000000000089e+00 -1.168999999999999900e-03 1.703000000000000087e-03 9.999980000000000535e-01 -3.416770000000000085e-01 9.398149999999999560e-01 -2.000000000000000042e-03 -9.398170000000000135e-01 -3.416779999999999817e-01 -5.169999999999999899e-04
3.000000000000000000e+01 6.300000000000000000e+01 5.400000000000000000e+01 0.000000000000000000e+00 1.600000000000000089e+00 1.105999999999999995e-03 3.664999999999999855e-03 9.999930000000000208e-01 -3.392839999999999745e-01 9.406790000000000429e-01 -3.072000000000000078e-03 -9.406830000000000469e-01 -3.392780000000000240e-01 2.284000000000000006e-03
2.100000000000000000e+01 2.500000000000000000e+01 5.500000000000000000e+01 0.000000000000000000e+00 1.600000000000000089e+00 7.410000000000000137e-04 -2.603999999999999978e-03 -9.999959999999999960e-01 -1.401999999999999948e-02 -9.998979999999999535e-01 2.593999999999999952e-03 -9.999010000000000398e-01 1.401799999999999921e-02 -7.770000000000000214e-04
2.700000000000000000e+01 2.500000000000000000e+01 5.500000000000000000e+01 0.000000000000000000e+00 1.600000000000000089e+00 1.688000000000000047e-03 4.571999999999999675e-03 -9.999879999999999880e-01 -1.296600000000000009e-02 -9.999050000000000438e-01 -4.593999999999999993e-03 -9.999149999999999983e-01 1.297399999999999942e-02 -1.629000000000000023e-03
6.000000000000000000e+00 6.800000000000000000e+01 5.700000000000000000e+01 0.000000000000000000e+00 1.600000000000000089e+00 -4.229999999999999819e-04 5.818000000000000255e-03 -9.999829999999999552e-01 -2.419880000000000086e-01 -9.702629999999999866e-01 -5.543000000000000184e-03 -9.702790000000000026e-01 2.419820000000000026e-01 1.817999999999999955e-03
6.000000000000000000e+00 2.100000000000000000e+01 6.000000000000000000e+01 0.000000000000000000e+00 1.600000000000000089e+00 -5.150000000000000064e-03 4.644999999999999823e-03 9.999759999999999760e-01 -9.449899999999999967e-02 9.955119999999999525e-01 -5.111000000000000092e-03 -9.955119999999999525e-01 -9.452299999999999591e-02 -4.688000000000000327e-03
1.400000000000000000e+01 2.100000000000000000e+01 6.000000000000000000e+01 0.000000000000000000e+00 1.600000000000000089e+00 1.185999999999999988e-03 2.322999999999999978e-03 9.999970000000000248e-01 -9.575899999999999690e-02 9.954020000000000090e-01 -2.199000000000000000e-03 -9.954039999999999555e-01 -9.575599999999999390e-02 1.402999999999999950e-03
1.700000000000000000e+01 2.100000000000000000e+01 6.000000000000000000e+01 0.000000000000000000e+00 1.600000000000000089e+00 1.472000000000000001e-03 -6.590000000000000371e-03 9.999770000000000048e-01 -9.600000000000000200e-02 9.953589999999999938e-01 6.701000000000000359e-03 -9.953800000000000425e-01 -9.600799999999999612e-02 8.319999999999999488e-04
2.500000000000000000e+01 2.100000000000000000e+01 6.000000000000000000e+01 0.000000000000000000e+00 1.600000000000000089e+00 -1.319999999999999993e-03 3.073000000000000211e-03 9.999940000000000495e-01 -9.401700000000000335e-02 9.955659999999999510e-01 -3.183000000000000065e-03 -9.955699999999999550e-01 -9.402000000000000635e-02 -1.025000000000000086e-03
1.000000000000000000e+00 2.700000000000000000e+01 6.300000000000000000e+01 0.000000000000000000e+00 1.600000000000000089e+00 -1.020000000000000073e-03 1.652000000000000040e-03 9.999980000000000535e-01 -2.860960000000000170e-01 9.581990000000000229e-01 -1.874999999999999931e-03 -9.582000000000000517e-01 -2.860969999999999902e-01 -5.050000000000000235e-04
8.000000000000000000e+00 2.700000000000000000e+01 6.300000000000000000e+01 0.000000000000000000e+00 1.600000000000000089e+00 3.950000000000000061e-04 -4.244999999999999642e-03 9.999909999999999632e-01 -2.760329999999999728e-01 9.611389999999999656e-01 4.189000000000000015e-03 -9.611480000000000024e-01 -2.760319999999999996e-01 -7.919999999999999523e-04
1.100000000000000000e+01 2.700000000000000000e+01 6.300000000000000000e+01 0.000000000000000000e+00 1.600000000000000089e+00 -1.879999999999999890e-04 -4.426000000000000247e-03 9.999900000000000455e-01 -2.735810000000000186e-01 9.618400000000000283e-01 4.205000000000000404e-03 -9.618489999999999540e-01 -2.735770000000000146e-01 -1.392000000000000008e-03
1.800000000000000000e+01 2.700000000000000000e+01 6.300000000000000000e+01 0.000000000000000000e+00 1.600000000000000089e+00 1.998000000000000210e-03 5.389999999999999826e-04 9.999980000000000535e-01 -2.775110000000000077e-01 9.607229999999999936e-01 3.600000000000000091e-05 -9.607200000000000184e-01 -2.775099999999999789e-01 2.069000000000000093e-03
2.600000000000000000e+01 2.700000000000000000e+01 6.300000000000000000e+01 0.000000000000000000e+00 1.600000000000000089e+00 -2.641999999999999817e-03 -1.931999999999999907e-03 9.999949999999999672e-01 -2.776270000000000127e-01 9.606879999999999864e-01 1.123000000000000083e-03 -9.606850000000000112e-01 -2.776230000000000087e-01 -3.075000000000000042e-03
2.000000000000000000e+00 2.600000000000000000e+01 6.400000000000000000e+01 0.000000000000000000e+00 1.600000000000000089e+00 -2.435999999999999797e-03 3.024999999999999911e-03 9.999919999999999920e-01 -3.694689999999999919e-01 9.292359999999999509e-01 -3.710999999999999889e-03 -9.292399999999999549e-01 -3.694749999999999979e-01 -1.146000000000000100e-03
7.000000000000000000e+00 2.600000000000000000e+01 6.400000000000000000e+01 0.000000000000000000e+00 1.600000000000000089e+00 -8.400000000000000348e-04 -6.838999999999999593e-03 9.999759999999999760e-01 -3.613680000000000225e-01 9.324040000000000106e-01 6.073000000000000273e-03 -9.324230000000000018e-01 -3.613540000000000085e-01 -3.255000000000000081e-03
1.500000000000000000e+01 2.600000000000000000e+01 6.400000000000000000e+01 0.000000000000000000e+00 1.600000000000000089e+00 -2.559999999999999884e-04 -2.997999999999999797e-03 9.999949999999999672e-01 -3.644410000000000149e-01 9.312230000000000230e-01 2.697999999999999877e-03 -9.312259999999999982e-01 -3.644390000000000129e-01 -1.330999999999999935e-03
1.800000000000000000e+01 2.600000000000000000e+01 6.400000000000000000e+01 0.000000000000000000e+00 1.600000000000000089e+00 2.343000000000000031e-03 -1.010000000000000020e-04 9.999970000000000248e-01 -3.666329999999999867e-01 9.303649999999999975e-01 9.529999999999999626e-04 -9.303630000000000511e-01 -3.666349999999999887e-01 2.142999999999999940e-03
2.400000000000000000e+01 2.600000000000000000e+01 6.400000000000000000e+01 0.000000000000000000e+00 1.600000000000000089e+00 -2.919999999999999961e-04 -5.140000000000000254e-04 1.000000000000000000e+00 -3.650109999999999744e-01 9.310030000000000250e-01 3.719999999999999891e-04 -9.310030000000000250e-01 -3.650100000000000011e-01 -4.600000000000000139e-04
8.000000000000000000e+00 6.900000000000000000e+01 6.600000000000000000e+01 0.000000000000000000e+00 1.600000000000000089e+00 7.161999999999999963e-03 -2.134000000000000046e-03 9.999719999999999720e-01 -9.443759999999999932e-01 3.287829999999999919e-01 7.465000000000000281e-03 -3.287900000000000267e-01 -9.444029999999999925e-01 3.400000000000000244e-04
1.500000000000000000e+01 6.900000000000000000e+01 6.600000000000000000e+01 0.000000000000000000e+00 1.600000000000000089e+00 6.700000000000000226e-04 -1.951999999999999959e-03 9.999980000000000535e-01 -9.488480000000000247e-01 3.157300000000000106e-01 1.252000000000000075e-03 -3.157309999999999839e-01 -9.488469999999999960e-01 -1.641000000000000097e-03
2.700000000000000000e+01 6.900000000000000000e+01 6.600000000000000000e+01 0.000000000000000000e+00 1.600000000000000089e+00 -1.577999999999999976e-03 4.939999999999999730e-04 9.999989999999999712e-01 -9.478159999999999918e-01 3.188130000000000130e-01 -1.652999999999999955e-03 -3.188130000000000130e-01 -9.478180000000000494e-01 -3.499999999999999693e-05
