1.600000000000000000e+01 1.500000000000000000e+01 4.000000000000000000e+00 0.000000000000000000e+00 1.600000000000000089e+00 2.135999999999999878e-03 8.449999999999999178e-03 9.999620000000000175e-01 2.869590000000000196e-01 -9.579140000000000432e-01 7.481999999999999935e-03 9.579400000000000137e-01 2.869329999999999936e-01 -4.471000000000000148e-03
2.100000000000000000e+01 1.500000000000000000e+01 4.000000000000000000e+00 0.000000000000000000e+00 1.600000000000000089e+00 -1.727000000000000019e-03 -6.633000000000000007e-03 9.999770000000000048e-01 2.867950000000000221e-01 -9.579739999999999922e-01 -5.858999999999999625e-03 9.579900000000000082e-01 2.867790000000000061e-01 3.556999999999999832e-03
2.500000000000000000e+01 1.500000000000000000e+01 4.000000000000000000e+00 0.000000000000000000e+00 1.600000000000000089e+00 -5.015000000000000360e-03 -3.395000000000000014e-03 9.999820000000000375e-01 2.898009999999999753e-01 -9.570849999999999635e-01 -1.796000000000000070e-03 9.570739999999999803e-01 2.897859999999999880e-01 5.782999999999999946e-03
7.000000000000000000e+00 1.600000000000000000e+01 4.000000000000000000e+00 0.000000000000000000e+00 1.600000000000000089e+00 7.348000000000000365e-03 -1.178799999999999987e-02 9.999029999999999863e-01 3.411790000000000100e-01 -9.398999999999999577e-01 -1.358799999999999938e-02 9.399690000000000545e-01 3.412459999999999938e-01 -2.883999999999999845e-03
5.000000000000000000e+00 1.010000000000000000e+02 7.000000000000000000e+00 0.000000000000000000e+00 1.600000000000000089e+00 1.255000000000000039e-03 4.119999999999999856e-04 9.999989999999999712e-01 8.835129999999999928e-01 4.684050000000000158e-01 -1.301999999999999989e-03 -4.684050000000000158e-01 8.835140000000000216e-01 2.239999999999999966e-04
1.700000000000000000e+01 1.010000000000000000e+02 7.000000000000000000e+00 0.000000000000000000e+00 1.600000000000000089e+00 -1.083999999999999894e-03 -1.023199999999999978e-02 9.999470000000000303e-01 8.866829999999999989e-01 4.623430000000000040e-01 5.692000000000000011e-03 -4.623769999999999825e-01 8.866420000000000412e-01 8.571000000000000493e-03
2.500000000000000000e+01 1.010000000000000000e+02 7.000000000000000000e+00 0.000000000000000000e+00 1.600000000000000089e+00 1.577000000000000060e-03 1.548099999999999997e-02 9.998789999999999623e-01 8.853210000000000246e-01 4.649019999999999819e-01 -8.595000000000000209e-03 -4.649780000000000024e-01 8.852269999999999861e-01 -1.297199999999999916e-02
2.000000000000000000e+00 1.500000000000000000e+01 8.000000000000000000e+00 0.000000000000000000e+00 1.600000000000000089e+00 -4.926999999999999956e-03 -1.037100000000000001e-02 -9.999339999999999895e-01 -5.781640000000000112e-01 -8.158419999999999561e-01 1.131099999999999987e-02 -8.159049999999999914e-01 5.781819999999999737e-01 -1.975999999999999892e-03
7.000000000000000000e+00 1.500000000000000000e+01 8.000000000000000000e+00 0.000000000000000000e+00 1.600000000000000089e+00 -8.226000000000000673e-03 -1.330399999999999985e-02 -9.998780000000000445e-01 -5.827849999999999975e-01 -8.124770000000000048e-01 1.560500000000000081e-02 -8.125850000000000017e-01 5.828419999999999712e-01 -1.069999999999999988e-03
1.300000000000000000e+01 1.500000000000000000e+01 8.000000000000000000e+00 0.000000000000000000e+00 1.600000000000000089e+00 -2.165999999999999957e-03 2.149999999999999947e-04 -9.999980000000000535e-01 -5.852199999999999624e-01 -8.108739999999999837e-01 1.093000000000000005e-03 -8.108720000000000372e-01 5.852209999999999912e-01 1.881999999999999992e-03
1.800000000000000000e+01 1.500000000000000000e+01 8.000000000000000000e+00 0.000000000000000000e+00 1.600000000000000089e+00 1.259999999999999998e-04 2.912999999999999791e-03 -9.999959999999999960e-01 -5.844019999999999770e-01 -8.114609999999999879e-01 -2.436999999999999930e-03 -8.114639999999999631e-01 5.844000000000000306e-01 1.600000000000000077e-03
2.500000000000000000e+01 1.500000000000000000e+01 8.000000000000000000e+00 0.000000000000000000e+00 1.600000000000000089e+00 1.266999999999999897e-03 -3.498999999999999940e-03 -9.999930000000000208e-01 -5.822389999999999510e-01 -8.130150000000000432e-01 2.106999999999999932e-03 -8.130159999999999609e-01 5.822330000000000005e-01 -3.066999999999999848e-03
6.000000000000000000e+00 2.600000000000000000e+01 8.000000000000000000e+00 0.000000000000000000e+00 1.600000000000000089e+00 5.873999999999999881e-03 1.156599999999999989e-02 -9.999160000000000270e-01 4.084400000000000253e-01 9.126929999999999765e-01 1.295600000000000050e-02 9.127659999999999663e-01 -4.084820000000000118e-01 6.369999999999999794e-04
1.100000000000000000e+01 2.600000000000000000e+01 8.000000000000000000e+00 0.000000000000000000e+00 1.600000000000000089e+00 3.959999999999999978e-03 8.229000000000000203e-03 -9.999580000000000135e-01 4.068240000000000189e-01 9.134609999999999674e-01 9.128000000000000697e-03 9.134980000000000322e-01 -4.068430000000000102e-01 2.689999999999999791e-04
1.600000000000000000e+01 2.600000000000000000e+01 8.000000000000000000e+00 0.000000000000000000e+00 1.600000000000000089e+00 1.463000000000000108e-03 5.780999999999999681e-03 -9.999820000000000375e-01 4.047350000000000114e-01 9.144149999999999778e-01 5.878000000000000412e-03 9.144330000000000513e-01 -4.047359999999999847e-01 -1.002000000000000069e-03
2.000000000000000000e+01 2.600000000000000000e+01 8.000000000000000000e+00 0.000000000000000000e+00 1.600000000000000089e+00 1.369999999999999907e-03 3.480000000000000020e-04 -9.999989999999999712e-01 4.047000000000000042e-01 9.144489999999999563e-01 8.729999999999999696e-04 9.144489999999999563e-01 -4.047009999999999774e-01 1.111999999999999924e-03
5.000000000000000000e+00 2.400000000000000000e+01 9.000000000000000000e+00 0.000000000000000000e+00 1.600000000000000089e+00 5.765000000000000159e-03 9.242000000000000215e-03 -9.999409999999999688e-01 4.597410000000000108e-01 8.879869999999999708e-01 1.085799999999999960e-02 8.880339999999999900e-01 -4.597760000000000180e-01 8.700000000000000051e-04
2.300000000000000000e+01 2.400000000000000000e+01 9.000000000000000000e+00 0.000000000000000000e+00 1.600000000000000089e+00 1.191000000000000001e-03 1.093999999999999920e-03 -9.999989999999999712e-01 4.580170000000000075e-01 8.889420000000000099e-01 1.518000000000000035e-03 8.889430000000000387e-01 -4.580179999999999807e-01 5.580000000000000107e-04
2.700000000000000000e+01 2.400000000000000000e+01 9.000000000000000000e+00 0.000000000000000000e+00 1.600000000000000089e+00 -1.036999999999999944e-03 -6.283000000000000390e-03 -9.999799999999999800e-01 4.581020000000000092e-01 8.888789999999999747e-01 -6.060000000000000282e-03 8.888989999999999947e-01 -4.580989999999999784e-01 1.956999999999999972e-03
7.000000000000000000e+00 1.040000000000000000e+02 1.100000000000000000e+01 0.000000000000000000e+00 1.600000000000000089e+00 -2.275000000000000112e-03 4.503000000000000058e-03 9.999869999999999592e-01 -9.738019999999999454e-01 -2.273950000000000138e-01 -1.191999999999999917e-03 2.273870000000000058e-01 -9.737919999999999909e-01 4.903000000000000240e-03
3.000000000000000000e+00 3.100000000000000000e+01 1.200000000000000000e+01 0.000000000000000000e+00 1.600000000000000089e+00 -1.793000000000000106e-03 5.701000000000000338e-03 9.999820000000000375e-01 4.138000000000000185e-03 9.999749999999999472e-01 -5.694000000000000276e-03 -9.999900000000000455e-01 4.127999999999999725e-03 -1.815999999999999906e-03
1.000000000000000000e+01 3.100000000000000000e+01 1.200000000000000000e+01 0.000000000000000000e+00 1.600000000000000089e+00 4.350000000000000026e-04 6.000000000000000152e-05 1.000000000000000000e+00 7.296000000000000402e-03 9.999730000000000008e-01 -6.299999999999999990e-05 -9.999730000000000008e-01 7.296000000000000402e-03 4.339999999999999782e-04
1.500000000000000000e+01 3.100000000000000000e+01 1.200000000000000000e+01 0.000000000000000000e+00 1.600000000000000089e+00 2.128000000000000117e-03 2.461000000000000080e-03 9.999949999999999672e-01 9.405000000000000165e-03 9.999529999999999808e-01 -2.481000000000000132e-03 -9.999540000000000095e-01 9.409999999999999962e-03 2.103999999999999967e-03
3.000000000000000000e+00 1.200000000000000000e+01 1.500000000000000000e+01 0.000000000000000000e+00 1.600000000000000089e+00 -3.514000000000000196e-03 -2.004999999999999838e-03 -9.999919999999999920e-01 -4.686949999999999728e-01 -8.833530000000000548e-01 3.418000000000000031e-03 -8.833530000000000548e-01 4.687040000000000095e-01 2.164000000000000125e-03
6.000000000000000000e+00 1.200000000000000000e+01 1.500000000000000000e+01 0.000000000000000000e+00 1.600000000000000089e+00 -5.884000000000000341e-03 -2.773999999999999990e-03 -9.999789999999999512e-01 -4.688269999999999937e-01 -8.832740000000000036e-01 5.209000000000000088e-03 -8.832699999999999996e-01 4.688479999999999870e-01 3.896000000000000157e-03
1.300000000000000000e+01 1.200000000000000000e+01 1.500000000000000000e+01 0.000000000000000000e+00 1.600000000000000089e+00 -1.680999999999999986e-03 -7.280000000000000013e-03 -9.999719999999999720e-01 -4.698249999999999926e-01 -8.827300000000000146e-01 7.216000000000000192e-03 -8.827580000000000426e-01 4.698240000000000194e-01 -1.936000000000000004e-03
2.200000000000000000e+01 1.200000000000000000e+01 1.500000000000000000e+01 0.000000000000000000e+00 1.600000000000000089e+00 -1.729000000000000068e-03 -1.881000000000000076e-03 -9.999970000000000248e-01 -4.674360000000000182e-01 -8.840230000000000032e-01 2.471000000000000106e-03 -8.840249999999999497e-01 4.674389999999999934e-01 6.499999999999999702e-04
2.600000000000000000e+01 1.200000000000000000e+01 1.500000000000000000e+01 0.000000000000000000e+00 1.600000000000000089e+00 5.950000000000000427e-04 3.344999999999999883e-03 -9.999940000000000495e-01 -4.651480000000000059e-01 -8.852269999999999861e-01 -3.237999999999999993e-03 -8.852330000000000476e-01 4.651480000000000059e-01 1.028999999999999967e-03
2.900000000000000000e+01 1.200000000000000000e+01 1.500000000000000000e+01 0.000000000000000000e+00 1.600000000000000089e+00 2.954000000000000029e-03 6.472000000000000322e-03 -9.999749999999999472e-01 -4.652660000000000129e-01 -8.851419999999999844e-01 -7.102999999999999939e-03 -8.851660000000000084e-01 4.652760000000000229e-01 3.970000000000000005e-04
1.900000000000000000e+01 1.160000000000000000e+02 1.600000000000000000e+01 0.000000000000000000e+00 1.600000000000000089e+00 8.570000000000000144e-04 -1.100000000000000039e-04 1.000000000000000000e+00 6.807440000000000158e-01 7.325220000000000065e-01 -5.029999999999999749e-04 -7.325209999999999777e-01 6.807440000000000158e-01 7.029999999999999574e-04
3.000000000000000000e+01 1.160000000000000000e+02 1.600000000000000000e+01 0.000000000000000000e+00 1.600000000000000089e+00 2.452000000000000186e-03 -7.380000000000000492e-04 9.999970000000000248e-01 7.073930000000000495e-01 7.068189999999999751e-01 -1.213000000000000102e-03 -7.068159999999999998e-01 7.073939999999999673e-01 2.255000000000000060e-03
3.000000000000000000e+00 2.000000000000000000e+00 1.900000000000000000e+01 0.000000000000000000e+00 1.600000000000000089e+00 -3.010000000000000089e-03 -5.125000000000000215e-03 -9.999820000000000375e-01 1.697079999999999977e-01 -9.854840000000000266e-01 4.539999999999999765e-03 -9.854899999999999771e-01 -1.696920000000000095e-01 3.836000000000000000e-03
1.700000000000000000e+01 2.000000000000000000e+00 1.900000000000000000e+01 0.000000000000000000e+00 1.600000000000000089e+00 8.630000000000000518e-04 1.907999999999999974e-03 -9.999980000000000535e-01 1.839899999999999869e-01 -9.829269999999999952e-01 -1.716000000000000077e-03 -9.829280000000000239e-01 -1.839880000000000126e-01 -1.198999999999999979e-03
2.300000000000000000e+01 2.000000000000000000e+00 1.900000000000000000e+01 0.000000000000000000e+00 1.600000000000000089e+00 -1.330999999999999935e-03 -1.229999999999999974e-03 -9.999980000000000535e-01 1.800619999999999998e-01 -9.836549999999999461e-01 9.700000000000000505e-04 -9.836540000000000283e-01 -1.800599999999999978e-01 1.531000000000000026e-03
2.800000000000000000e+01 2.000000000000000000e+00 1.900000000000000000e+01 0.000000000000000000e+00 1.600000000000000089e+00 2.090000000000000115e-04 -2.069999999999999900e-04 -1.000000000000000000e+00 1.769850000000000034e-01 -9.842130000000000045e-01 2.410000000000000033e-04 -9.842130000000000045e-01 -1.769850000000000034e-01 -1.689999999999999879e-04
5.000000000000000000e+00 4.000000000000000000e+00 2.000000000000000000e+01 0.000000000000000000e+00 1.600000000000000089e+00 9.150000000000000147e-04 -1.021500000000000012e-02 -9.999470000000000303e-01 2.665279999999999871e-01 -9.637740000000000196e-01 1.008900000000000075e-02 -9.638269999999999893e-01 -2.665230000000000099e-01 1.840999999999999972e-03
1.200000000000000000e+01 4.000000000000000000e+00 2.000000000000000000e+01 0.000000000000000000e+00 1.600000000000000089e+00 2.050999999999999872e-03 3.105999999999999820e-03 -9.999930000000000208e-01 2.744079999999999853e-01 -9.616099999999999648e-01 -2.423999999999999939e-03 -9.616109999999999935e-01 -2.744010000000000060e-01 -2.824000000000000121e-03
2.400000000000000000e+01 4.000000000000000000e+00 2.000000000000000000e+01 0.000000000000000000e+00 1.600000000000000089e+00 9.460000000000000093e-04 -4.504000000000000191e-03 -9.999890000000000168e-01 2.727129999999999832e-01 -9.620840000000000503e-01 4.591999999999999728e-03 -9.620950000000000335e-01 -2.727149999999999852e-01 3.179999999999999776e-04
4.000000000000000000e+00 1.300000000000000000e+01 2.000000000000000000e+01 0.000000000000000000e+00 1.600000000000000089e+00 5.700000000000000314e-05 1.053499999999999923e-02 9.999449999999999728e-01 2.586979999999999835e-01 9.659050000000000136e-01 -1.019100000000000041e-02 -9.659579999999999833e-01 2.586840000000000250e-01 -2.670000000000000064e-03
1.000000000000000000e+01 1.300000000000000000e+01 2.000000000000000000e+01 0.000000000000000000e+00 1.600000000000000089e+00 -1.730000000000000038e-04 3.373999999999999829e-03 9.999940000000000495e-01 2.597479999999999789e-01 9.656709999999999461e-01 -3.213000000000000144e-03 -9.656759999999999788e-01 2.597459999999999769e-01 -1.044000000000000006e-03
1.300000000000000000e+01 1.300000000000000000e+01 2.000000000000000000e+01 0.000000000000000000e+00 1.600000000000000089e+00 3.099999999999999999e-04 -4.226999999999999855e-03 9.999909999999999632e-01 2.598030000000000062e-01 9.656529999999999836e-01 4.002000000000000349e-03 -9.656620000000000203e-01 2.597990000000000022e-01 1.397000000000000021e-03
2.100000000000000000e+01 1.300000000000000000e+01 2.000000000000000000e+01 0.000000000000000000e+00 1.600000000000000089e+00 -2.030000000000000012e-04 7.023999999999999862e-03 9.999749999999999472e-01 2.599339999999999984e-01 9.656029999999999891e-01 -6.728999999999999738e-03 -9.656259999999999843e-01 2.599259999999999904e-01 -2.020999999999999793e-03
2.500000000000000000e+01 1.300000000000000000e+01 2.000000000000000000e+01 0.000000000000000000e+00 1.600000000000000089e+00 -8.030000000000000028e-04 2.870999999999999854e-03 9.999959999999999960e-01 2.577559999999999851e-01 9.662070000000000380e-01 -2.566999999999999837e-03 -9.662100000000000133e-01 2.577530000000000099e-01 -1.515999999999999986e-03
2.900000000000000000e+01 1.300000000000000000e+01 2.000000000000000000e+01 0.000000000000000000e+00 1.600000000000000089e+00 -6.310000000000000504e-04 -3.814999999999999815e-03 9.999919999999999920e-01 2.571260000000000212e-01 9.663699999999999513e-01 3.848999999999999991e-03 -9.663779999999999593e-01 2.571260000000000212e-01 3.710000000000000190e-04
5.000000000000000000e+00 1.600000000000000000e+01 2.100000000000000000e+01 0.000000000000000000e+00 1.600000000000000089e+00 5.029999999999999749e-04 1.054700000000000082e-02 9.999440000000000550e-01 2.979129999999999834e-01 9.545379999999999976e-01 -1.021799999999999965e-02 -9.545930000000000248e-01 2.979020000000000001e-01 -2.661999999999999870e-03
1.000000000000000000e+01 1.600000000000000000e+01 2.100000000000000000e+01 0.000000000000000000e+00 1.600000000000000089e+00 1.420000000000000092e-04 4.373000000000000151e-03 9.999900000000000455e-01 2.991530000000000022e-01 9.541960000000000441e-01 -4.214999999999999997e-03 -9.542049999999999699e-01 2.991510000000000002e-01 -1.172999999999999998e-03
1.900000000000000000e+01 1.600000000000000000e+01 2.100000000000000000e+01 0.000000000000000000e+00 1.600000000000000089e+00 -1.123999999999999999e-03 8.720000000000000537e-04 9.999989999999999712e-01 2.983839999999999826e-01 9.544460000000000166e-01 -4.970000000000000459e-04 -9.544449999999999878e-01 2.983839999999999826e-01 -1.332999999999999984e-03
2.300000000000000000e+01 1.600000000000000000e+01 2.100000000000000000e+01 0.000000000000000000e+00 1.600000000000000089e+00 -1.778000000000000067e-03 3.075000000000000042e-03 9.999940000000000495e-01 2.955740000000000034e-01 9.553169999999999717e-01 -2.412000000000000081e-03 -9.553180000000000005e-01 2.955679999999999974e-01 -2.606999999999999942e-03
8.000000000000000000e+00 4.600000000000000000e+01 2.700000000000000000e+01 0.000000000000000000e+00 1.600000000000000089e+00 3.952999999999999917e-03 1.791999999999999973e-03 -9.999909999999999632e-01 6.768579999999999597e-01 7.361020000000000341e-01 3.994000000000000154e-03 7.361029999999999518e-01 -6.768680000000000252e-01 1.696999999999999941e-03
2.100000000000000000e+01 4.600000000000000000e+01 2.700000000000000000e+01 0.000000000000000000e+00 1.600000000000000089e+00 -1.396000000000000105e-03 -8.379999999999999862e-04 -9.999989999999999712e-01 6.829119999999999635e-01 7.304990000000000094e-01 -1.564999999999999985e-03 7.305000000000000382e-01 -6.829129999999999923e-01 -4.479999999999999933e-04
2.000000000000000000e+00 5.800000000000000000e+01 3.100000000000000000e+01 0.000000000000000000e+00 1.600000000000000089e+00 6.629999999999999609e-04 4.311999999999999861e-03 9.999909999999999632e-01 -7.957809999999999606e-01 -6.055760000000000032e-01 3.138999999999999863e-03 6.055840000000000112e-01 -7.957760000000000389e-01 3.030000000000000141e-03
6.000000000000000000e+00 5.800000000000000000e+01 3.100000000000000000e+01 0.000000000000000000e+00 1.600000000000000089e+00 6.499999999999999431e-05 1.095999999999999969e-03 9.999989999999999712e-01 -7.981129999999999614e-01 -6.025080000000000435e-01 7.119999999999999593e-04 6.025080000000000435e-01 -7.981120000000000436e-01 8.350000000000000217e-04
1.400000000000000000e+01 5.800000000000000000e+01 3.100000000000000000e+01 0.000000000000000000e+00 1.600000000000000089e+00 1.840000000000000001e-04 3.948000000000000120e-03 9.999919999999999920e-01 -8.018899999999999917e-01 -5.974669999999999703e-01 2.507000000000000114e-03 5.974720000000000031e-01 -8.018840000000000412e-01 3.056000000000000123e-03
1.700000000000000000e+01 5.800000000000000000e+01 3.100000000000000000e+01 0.000000000000000000e+00 1.600000000000000089e+00 2.895000000000000004e-03 3.954000000000000049e-03 9.999879999999999880e-01 -8.023689999999999989e-01 -5.968099999999999516e-01 4.682999999999999663e-03 5.968210000000000459e-01 -8.023730000000000029e-01 1.445000000000000104e-03
2.400000000000000000e+01 5.800000000000000000e+01 3.100000000000000000e+01 0.000000000000000000e+00 1.600000000000000089e+00 -2.519999999999999996e-04 2.619999999999999933e-03 9.999970000000000248e-01 -8.012620000000000298e-01 -5.983119999999999550e-01 1.366000000000000027e-03 5.983140000000000125e-01 -8.012590000000000545e-01 2.249000000000000131e-03
2.700000000000000000e+01 5.800000000000000000e+01 3.100000000000000000e+01 0.000000000000000000e+00 1.600000000000000089e+00 1.090000000000000067e-04 6.089999999999999494e-04 1.000000000000000000e+00 -7.998060000000000169e-01 -6.002579999999999583e-01 4.519999999999999821e-04 6.002579999999999583e-01 -7.998060000000000169e-01 4.220000000000000118e-04
5.000000000000000000e+00 6.000000000000000000e+00 3.200000000000000000e+01 0.000000000000000000e+00 1.600000000000000089e+00 1.139000000000000038e-03 -1.431999999999999896e-03 -9.999980000000000535e-01 1.704410000000000092e-01 9.853669999999999929e-01 -1.216999999999999983e-03 9.853669999999999929e-01 -1.704400000000000082e-01 1.366000000000000027e-03
3.000000000000000000e+00 4.600000000000000000e+01 3.500000000000000000e+01 0.000000000000000000e+00 1.600000000000000089e+00 -7.759999999999999971e-04 -2.351999999999999924e-03 -9.999970000000000248e-01 3.871600000000000041e-01 -9.220099999999999962e-01 1.868000000000000086e-03 -9.220120000000000537e-01 -3.871580000000000021e-01 1.626000000000000058e-03
6.000000000000000000e+00 4.600000000000000000e+01 3.500000000000000000e+01 0.000000000000000000e+00 1.600000000000000089e+00 -8.050000000000000515e-04 -3.546000000000000107e-03 -9.999930000000000208e-01 3.879710000000000103e-01 -9.216670000000000140e-01 2.955999999999999860e-03 -9.216710000000000180e-01 -3.879659999999999775e-01 2.118000000000000091e-03
1.100000000000000000e+01 4.600000000000000000e+01 3.500000000000000000e+01 0.000000000000000000e+00 1.600000000000000089e+00 6.160000000000000111e-04 -6.430000000000000169e-04 -1.000000000000000000e+00 3.863739999999999952e-01 -9.223419999999999952e-01 8.310000000000000329e-04 -9.223419999999999952e-01 -3.863739999999999952e-01 -3.200000000000000262e-04
1.400000000000000000e+01 4.600000000000000000e+01 3.500000000000000000e+01 0.000000000000000000e+00 1.600000000000000089e+00 5.299999999999999807e-04 3.350000000000000113e-03 -9.999940000000000495e-01 3.862639999999999962e-01 -9.223839999999999817e-01 -2.884999999999999978e-03 -9.223879999999999857e-01 -3.862599999999999922e-01 -1.781999999999999947e-03
1.800000000000000000e+01 4.600000000000000000e+01 3.500000000000000000e+01 0.000000000000000000e+00 1.600000000000000089e+00 1.433000000000000029e-03 3.680999999999999810e-03 -9.999919999999999920e-01 3.862889999999999935e-01 -9.223740000000000272e-01 -2.841999999999999908e-03 -9.223770000000000024e-01 -3.862820000000000142e-01 -2.743999999999999911e-03
2.700000000000000000e+01 4.600000000000000000e+01 3.500000000000000000e+01 0.000000000000000000e+00 1.600000000000000089e+00 -1.036999999999999944e-03 1.070999999999999903e-03 -9.999989999999999712e-01 3.833860000000000046e-01 -9.235870000000000468e-01 -1.386000000000000079e-03 -9.235879999999999646e-01 -3.833869999999999778e-01 5.469999999999999602e-04
8.000000000000000000e+00 9.500000000000000000e+01 3.600000000000000000e+01 0.000000000000000000e+00 1.600000000000000089e+00 2.184000000000000177e-03 -5.060000000000000261e-03 9.999850000000000128e-01 9.965699999999999559e-01 8.273500000000000298e-02 -1.758000000000000014e-03 -8.272500000000000686e-02 9.965589999999999726e-01 5.223000000000000212e-03
2.400000000000000000e+01 9.500000000000000000e+01 3.600000000000000000e+01 0.000000000000000000e+00 1.600000000000000089e+00 -8.481000000000000691e-03 -2.258699999999999944e-02 9.997089999999999588e-01 9.971609999999999641e-01 7.461700000000000277e-02 1.014499999999999950e-02 -7.482400000000000162e-02 9.969559999999999533e-01 2.188999999999999974e-02
2.000000000000000000e+00 2.900000000000000000e+01 4.400000000000000000e+01 0.000000000000000000e+00 1.600000000000000089e+00 -1.221999999999999996e-03 1.631999999999999987e-03 -9.999980000000000535e-01 6.866630000000000233e-01 7.269759999999999556e-01 3.469999999999999777e-04 7.269750000000000378e-01 -6.866609999999999658e-01 -2.008999999999999935e-03
6.000000000000000000e+00 2.900000000000000000e+01 4.400000000000000000e+01 0.000000000000000000e+00 1.600000000000000089e+00 1.000000000000000082e-05 -4.152999999999999574e-03 -9.999909999999999632e-01 6.877290000000000347e-01 7.259609999999999674e-01 -3.008999999999999956e-03 7.259670000000000289e-01 -6.877240000000000020e-01 2.863000000000000093e-03
1.200000000000000000e+01 2.900000000000000000e+01 4.400000000000000000e+01 0.000000000000000000e+00 1.600000000000000089e+00 1.876999999999999979e-03 -7.370999999999999948e-03 -9.999710000000000543e-01 6.824829999999999508e-01 7.308900000000000396e-01 -4.107000000000000407e-03 7.308989999999999654e-01 -6.824559999999999516e-01 6.401999999999999705e-03
2.400000000000000000e+01 2.900000000000000000e+01 4.400000000000000000e+01 0.000000000000000000e+00 1.600000000000000089e+00 -3.095000000000000095e-03 -1.244000000000000097e-03 -9.999940000000000495e-01 6.695560000000000400e-01 7.427559999999999718e-01 -2.997000000000000098e-03 7.427550000000000541e-01 -6.695609999999999618e-01 -1.466000000000000072e-03
1.900000000000000000e+01 5.400000000000000000e+01 4.600000000000000000e+01 0.000000000000000000e+00 1.600000000000000089e+00 -3.730000000000000134e-04 8.422000000000000666e-03 9.999639999999999640e-01 3.425969999999999849e-01 -9.394479999999999498e-01 8.040000000000000271e-03 9.394820000000000393e-01 3.425880000000000036e-01 -2.534999999999999927e-03
2.000000000000000000e+00 6.500000000000000000e+01 4.600000000000000000e+01 0.000000000000000000e+00 1.600000000000000089e+00 -5.029999999999999749e-04 -1.046999999999999971e-03 9.999989999999999712e-01 6.822719999999999896e-01 -7.310980000000000256e-01 -4.220000000000000118e-04 7.310980000000000256e-01 6.822709999999999608e-01 1.082000000000000062e-03
8.000000000000000000e+00 6.500000000000000000e+01 4.600000000000000000e+01 0.000000000000000000e+00 1.600000000000000089e+00 -1.399999999999999979e-05 5.460000000000000443e-04 1.000000000000000000e+00 6.818109999999999449e-01 -7.315279999999999561e-01 4.090000000000000211e-04 7.315279999999999561e-01 6.818109999999999449e-01 -3.620000000000000171e-04
2.100000000000000000e+01 6.500000000000000000e+01 4.600000000000000000e+01 0.000000000000000000e+00 1.600000000000000089e+00 -2.554999999999999979e-03 1.907000000000000058e-03 9.999949999999999672e-01 6.816419999999999702e-01 -7.316789999999999683e-01 3.137000000000000031e-03 7.316820000000000546e-01 6.816459999999999742e-01 5.699999999999999772e-04
1.000000000000000000e+00 5.000000000000000000e+00 5.100000000000000000e+01 0.000000000000000000e+00 1.600000000000000089e+00 3.073999999999999910e-03 2.965999999999999887e-03 -9.999909999999999632e-01 4.829820000000000224e-01 -8.756300000000000194e-01 -1.111999999999999924e-03 -8.756249999999999867e-01 -4.829740000000000144e-01 -4.124000000000000062e-03
8.000000000000000000e+00 5.000000000000000000e+00 5.100000000000000000e+01 0.000000000000000000e+00 1.600000000000000089e+00 -2.399000000000000091e-03 3.263999999999999974e-03 -9.999919999999999920e-01 4.866159999999999930e-01 -8.736070000000000224e-01 -4.019000000000000003e-03 -8.736129999999999729e-01 -4.866219999999999990e-01 5.079999999999999880e-04
1.000000000000000000e+00 1.150000000000000000e+02 5.100000000000000000e+01 0.000000000000000000e+00 1.600000000000000089e+00 -1.250000000000000026e-03 1.053800000000000049e-02 9.999440000000000550e-01 8.452239999999999753e-01 -5.343700000000000117e-01 6.688000000000000368e-03 5.344100000000000517e-01 8.451849999999999641e-01 -8.238999999999999796e-03
2.200000000000000000e+01 7.000000000000000000e+00 5.200000000000000000e+01 0.000000000000000000e+00 1.600000000000000089e+00 -1.879999999999999944e-03 -2.406000000000000152e-03 -9.999949999999999672e-01 8.436799999999999855e-02 -9.964319999999999844e-01 2.237999999999999972e-03 -9.964330000000000132e-01 -8.436299999999999355e-02 2.076000000000000154e-03
2.100000000000000000e+01 1.500000000000000000e+01 5.300000000000000000e+01 0.000000000000000000e+00 1.600000000000000089e+00 3.209999999999999963e-04 1.007000000000000083e-03 -9.999989999999999712e-01 6.792599999999999749e-01 7.338980000000000503e-01 9.569999999999999514e-04 7.338980000000000503e-01 -6.792589999999999462e-01 -4.490000000000000176e-04
2.000000000000000000e+00 6.300000000000000000e+01 5.400000000000000000e+01 0.000000000000000000e+00 1.600000000000000089e+00 1.093000000000000005e-03 -2.249999999999999938e-04 9.999989999999999712e-01 -3.536860000000000004e-01 9.353639999999999732e-01 5.980000000000000072e-04 -9.353639999999999732e-01 -3.536860000000000004e-01 9.430000000000000448e-04
6.000000000000000000e+00 6.300000000000000000e+01 5.400000000000000000e+01 0.000000000000000000e+00 1.600000000000000089e+00 4.100000000000000047e-05 1.430000000000000064e-04 1.000000000000000000e+00 -3.504180000000000073e-01 9.365930000000000089e-01 -1.190000000000000058e-04 -9.365930000000000089e-01 -3.504180000000000073e-01 8.799999999999999771e-05
1.000000000000000000e+01 6.300000000000000000e+01 5.400000000000000000e+01 0.000000000000000000e+00 1.600000000000000089e+00 -4.989999999999999861e-04 7.690000000000000438e-04 1.000000000000000000e+00 -3.494030000000000191e-01 9.369720000000000271e-01 -8.949999999999999623e-04 -9.369720000000000271e-01 -3.494039999999999924e-01 -1.990000000000000124e-04
1.600000000000000000e+01 6.300000000000000000e+01 5.400000000000000000e+01 0.000000000000000000e+00 1.600000000000000089e+00 -6.329999999999999906e-04 -1.652999999999999955e-03 9.999980000000000535e-01 -3.521690000000000098e-01 9.359359999999999902e-01 1.325000000000000006e-03 -9.359359999999999902e-01 -3.521670000000000078e-01 -1.175000000000000046e-03
2.000000000000000000e+01 6.300000000000000000e+01 5.400000000000000000e+01 0.000000000000000000e+00 1.600000000000000089e+00 8.819999999999999715e-04 -1.309000000000000051e-03 9.999989999999999712e-01 -3.496270000000000211e-01 9.368880000000000541e-01 1.534999999999999906e-03 -9.368880000000000541e-01 -3.496279999999999943e-01 3.690000000000000246e-04
2.500000000000000000e+01 6.300000000000000000e+01 5.400000000000000000e+01 0.000000000000000000e+00 1.600000000000000089e+00 -8.399999999999999535e-05 -7.879999999999999635e-04 1.000000000000000000e+00 -3.521270000000000233e-01 9.359520000000000062e-01 7.079999999999999705e-04 -9.359520000000000062e-01 -3.521270000000000233e-01 -3.559999999999999797e-04
2.900000000000000000e+01 6.300000000000000000e+01 5.400000000000000000e+01 0.000000000000000000e+00 1.600000000000000089e+00 -1.049999999999999935e-03 -3.089999999999999756e-04 9.999989999999999712e-01 -3.516190000000000149e-01 9.361429999999999474e-01 -8.000000000000000654e-05 -9.361429999999999474e-01 -3.516190000000000149e-01 -1.092000000000000089e-03
2.000000000000000000e+00 2.500000000000000000e+01 5.500000000000000000e+01 0.000000000000000000e+00 1.600000000000000089e+00 -3.009999999999999980e-04 5.157000000000000126e-03 -9.999869999999999592e-01 -1.258300000000000043e-02 -9.999080000000000190e-01 -5.152999999999999595e-03 -9.999209999999999487e-01 1.258199999999999943e-02 3.660000000000000059e-04
1.500000000000000000e+01 2.500000000000000000e+01 5.500000000000000000e+01 0.000000000000000000e+00 1.600000000000000089e+00 -2.059999999999999928e-04 -1.132999999999999893e-03 -9.999989999999999712e-01 -1.045100000000000022e-02 -9.999449999999999728e-01 1.134999999999999941e-03 -9.999449999999999728e-01 1.045100000000000022e-02 1.939999999999999993e-04
2.200000000000000000e+01 2.500000000000000000e+01 5.500000000000000000e+01 0.000000000000000000e+00 1.600000000000000089e+00 -1.900000000000000105e-04 -1.098999999999999934e-03 -9.999989999999999712e-01 -1.248999999999999937e-02 -9.999209999999999487e-01 1.101999999999999898e-03 -9.999219999999999775e-01 1.249100000000000037e-02 1.759999999999999954e-04
2.700000000000000000e+01 2.500000000000000000e+01 5.500000000000000000e+01 0.000000000000000000e+00 1.600000000000000089e+00 -9.640000000000000131e-04 -2.304000000000000058e-03 -9.999970000000000248e-01 -1.106700000000000045e-02 -9.999360000000000470e-01 2.314999999999999784e-03 -9.999379999999999935e-01 1.106900000000000071e-02 9.380000000000000317e-04
6.000000000000000000e+00 6.800000000000000000e+01 5.700000000000000000e+01 0.000000000000000000e+00 1.600000000000000089e+00 2.570000000000000127e-04 -1.624000000000000010e-03 -9.999989999999999712e-01 -2.446810000000000096e-01 -9.696019999999999639e-01 1.512000000000000106e-03 -9.696040000000000214e-01 2.446800000000000086e-01 -6.470000000000000057e-04
5.000000000000000000e+00 2.100000000000000000e+01 6.000000000000000000e+01 0.000000000000000000e+00 1.600000000000000089e+00 -3.620000000000000171e-04 8.203999999999999487e-03 9.999660000000000215e-01 -9.503599999999999548e-02 9.954399999999999915e-01 -8.201999999999999222e-03 -9.954739999999999700e-01 -9.503599999999999548e-02 4.200000000000000174e-04
1.400000000000000000e+01 2.100000000000000000e+01 6.000000000000000000e+01 0.000000000000000000e+00 1.600000000000000089e+00 2.076999999999999853e-03 -9.188999999999999252e-03 9.999559999999999560e-01 -9.307100000000000095e-02 9.956159999999999455e-01 9.343000000000000610e-03 -9.956570000000000142e-01 -9.308600000000000207e-02 1.213000000000000102e-03
6.000000000000000000e+00 3.000000000000000000e+00 6.300000000000000000e+01 0.000000000000000000e+00 1.600000000000000089e+00 -5.990000000000000316e-04 -1.902000000000000045e-03 9.999980000000000535e-01 -6.135819999999999608e-01 7.896300000000000541e-01 1.134000000000000025e-03 -7.896309999999999718e-01 -6.135800000000000143e-01 -1.639999999999999965e-03
6.000000000000000000e+00 2.700000000000000000e+01 6.300000000000000000e+01 0.000000000000000000e+00 1.600000000000000089e+00 -8.200000000000000095e-05 -1.582000000000000073e-03 9.999989999999999712e-01 -2.748700000000000032e-01 9.614800000000000013e-01 1.497999999999999983e-03 -9.614819999999999478e-01 -2.748689999999999745e-01 -5.140000000000000254e-04
9.000000000000000000e+00 2.700000000000000000e+01 6.300000000000000000e+01 0.000000000000000000e+00 1.600000000000000089e+00 -2.539999999999999940e-04 -1.874999999999999931e-03 9.999980000000000535e-01 -2.760319999999999996e-01 9.611469999999999736e-01 1.732000000000000033e-03 -9.611480000000000024e-01 -2.760310000000000263e-01 -7.619999999999999820e-04
1.500000000000000000e+01 2.700000000000000000e+01 6.300000000000000000e+01 0.000000000000000000e+00 1.600000000000000089e+00 3.736000000000000171e-03 8.399999999999999535e-05 9.999930000000000208e-01 -2.793350000000000000e-01 9.601929999999999632e-01 9.629999999999999888e-04 -9.601859999999999840e-01 -2.793370000000000020e-01 3.611000000000000060e-03
1.900000000000000000e+01 2.700000000000000000e+01 6.300000000000000000e+01 0.000000000000000000e+00 1.600000000000000089e+00 2.661999999999999870e-03 8.219000000000000611e-03 9.999630000000000463e-01 -2.738929999999999976e-01 9.617329999999999490e-01 -7.174999999999999954e-03 -9.617560000000000553e-01 -2.738639999999999963e-01 4.811000000000000172e-03
2.700000000000000000e+01 2.700000000000000000e+01 6.300000000000000000e+01 0.000000000000000000e+00 1.600000000000000089e+00 -1.552999999999999910e-03 -4.726000000000000166e-03 9.999879999999999880e-01 -2.771640000000000215e-01 9.608139999999999459e-01 4.109999999999999938e-03 -9.608210000000000361e-01 -2.771540000000000115e-01 -2.801999999999999803e-03
5.000000000000000000e+00 2.600000000000000000e+01 6.400000000000000000e+01 0.000000000000000000e+00 1.600000000000000089e+00 5.700000000000000314e-05 -1.763000000000000027e-03 9.999980000000000535e-01 -3.559970000000000079e-01 9.344860000000000388e-01 1.667999999999999995e-03 -9.344869999999999566e-01 -3.559959999999999791e-01 -5.739999999999999660e-04
1.000000000000000000e+01 2.600000000000000000e+01 6.400000000000000000e+01 0.000000000000000000e+00 1.600000000000000089e+00 7.860000000000000233e-04 -4.687000000000000194e-03 9.999890000000000168e-01 -3.589700000000000113e-01 9.333380000000000010e-01 4.656999999999999681e-03 -9.333489999999999842e-01 -3.589700000000000113e-01 -9.489999999999999738e-04
1.500000000000000000e+01 2.600000000000000000e+01 6.400000000000000000e+01 0.000000000000000000e+00 1.600000000000000089e+00 4.015999999999999605e-03 -2.000000000000000096e-04 9.999919999999999920e-01 -3.613569999999999838e-01 9.324259999999999771e-01 1.637000000000000000e-03 -9.324189999999999978e-01 -3.613600000000000145e-01 3.671999999999999917e-03
2.200000000000000000e+01 2.600000000000000000e+01 6.400000000000000000e+01 0.000000000000000000e+00 1.600000000000000089e+00 -3.108999999999999785e-03 7.510000000000000182e-03 9.999670000000000503e-01 -3.505610000000000115e-01 9.365050000000000319e-01 -8.123000000000000012e-03 -9.365350000000000064e-01 -3.505750000000000255e-01 -2.779999999999999811e-04
2.700000000000000000e+01 2.600000000000000000e+01 6.400000000000000000e+01 0.000000000000000000e+00 1.600000000000000089e+00 -9.629999999999999888e-04 -4.921000000000000027e-03 9.999869999999999592e-01 -3.585070000000000201e-01 9.335170000000000412e-01 4.249000000000000173e-03 -9.335269999999999957e-01 -3.584979999999999833e-01 -2.663000000000000003e-03
7.000000000000000000e+00 2.500000000000000000e+01 7.300000000000000000e+01 0.000000000000000000e+00 1.600000000000000089e+00 1.242000000000000048e-03 2.546999999999999785e-03 9.999959999999999960e-01 7.492379999999999596e-01 -6.622999999999999998e-01 7.560000000000000530e-04 6.622989999999999711e-01 7.492339999999999556e-01 -2.730999999999999921e-03
1.000000000000000000e+01 2.500000000000000000e+01 7.300000000000000000e+01 0.000000000000000000e+00 1.600000000000000089e+00 8.880000000000000089e-04 2.079999999999999818e-03 9.999970000000000248e-01 7.508040000000000269e-01 -6.605250000000000288e-01 7.069999999999999462e-04 6.605250000000000288e-01 7.508010000000000517e-01 -2.148999999999999869e-03
1.600000000000000000e+01 2.500000000000000000e+01 7.300000000000000000e+01 0.000000000000000000e+00 1.600000000000000089e+00 6.340000000000000149e-04 -7.759999999999999971e-04 9.999989999999999712e-01 7.496770000000000378e-01 -6.618030000000000301e-01 -9.890000000000000787e-04 6.618039999999999479e-01 7.496770000000000378e-01 1.620000000000000075e-04
2.000000000000000000e+01 2.500000000000000000e+01 7.300000000000000000e+01 0.000000000000000000e+00 1.600000000000000089e+00 4.260000000000000006e-04 -1.203999999999999992e-03 9.999989999999999712e-01 7.482499999999999707e-01 -6.634160000000000057e-01 -1.116999999999999937e-03 6.634170000000000345e-01 7.482499999999999707e-01 6.179999999999999513e-04
2.900000000000000000e+01 2.500000000000000000e+01 7.300000000000000000e+01 0.000000000000000000e+00 1.600000000000000089e+00 1.229999999999999974e-03 5.701000000000000338e-03 9.999829999999999552e-01 7.567840000000000122e-01 -6.536589999999999900e-01 2.795999999999999874e-03 6.536640000000000228e-01 7.567679999999999962e-01 -5.118000000000000153e-03
4.000000000000000000e+00 4.400000000000000000e+01 7.300000000000000000e+01 0.000000000000000000e+00 1.600000000000000089e+00 1.013000000000000012e-03 1.306000000000000086e-03 9.999989999999999712e-01 4.719399999999999984e-02 -9.988850000000000229e-01 1.257000000000000088e-03 9.988850000000000229e-01 4.719299999999999884e-02 -1.072999999999999952e-03
1.500000000000000000e+01 4.400000000000000000e+01 7.300000000000000000e+01 0.000000000000000000e+00 1.600000000000000089e+00 -3.200000000000000262e-04 -1.876999999999999979e-03 9.999980000000000535e-01 5.095899999999999735e-02 -9.986990000000000034e-01 -1.858999999999999975e-03 9.987009999999999499e-01 5.095800000000000329e-02 4.150000000000000043e-04
2.100000000000000000e+01 4.400000000000000000e+01 7.300000000000000000e+01 0.000000000000000000e+00 1.600000000000000089e+00 4.130000000000000099e-04 -2.095000000000000074e-03 9.999980000000000535e-01 4.785600000000000270e-02 -9.988519999999999621e-01 -2.112000000000000162e-03 9.988540000000000196e-01 4.785699999999999676e-02 -3.119999999999999944e-04
2.000000000000000000e+00 5.100000000000000000e+01 7.600000000000000000e+01 0.000000000000000000e+00 1.600000000000000089e+00 -6.030000000000000204e-04 -7.544999999999999624e-03 -9.999710000000000543e-01 -4.150420000000000220e-01 -9.097739999999999716e-01 7.114999999999999797e-03 -9.098019999999999996e-01 4.150340000000000140e-01 -2.583999999999999925e-03
