2.000000000000000000e+00 1.500000000000000000e+01 4.000000000000000000e+00 0.000000000000000000e+00 1.600000000000000089e+00 -5.010000000000000347e-04 9.216000000000000233e-03 9.999569999999999848e-01 3.262789999999999857e-01 -9.452319999999999611e-01 8.874999999999999209e-03 9.452730000000000299e-01 3.262689999999999757e-01 -2.533000000000000095e-03
4.000000000000000000e+00 1.500000000000000000e+01 4.000000000000000000e+00 0.000000000000000000e+00 1.600000000000000089e+00 -2.530000000000000239e-04 1.149500000000000001e-02 9.999339999999999895e-01 3.242110000000000269e-01 -9.459210000000000118e-01 1.095699999999999973e-02 9.459849999999999648e-01 3.241930000000000089e-01 -3.487000000000000082e-03
8.000000000000000000e+00 1.500000000000000000e+01 4.000000000000000000e+00 0.000000000000000000e+00 1.600000000000000089e+00 1.165999999999999936e-03 1.282499999999999959e-02 9.999169999999999447e-01 3.189460000000000073e-01 -9.476999999999999869e-01 1.178399999999999934e-02 9.477719999999999478e-01 3.189060000000000228e-01 -5.194999999999999965e-03
1.700000000000000000e+01 1.500000000000000000e+01 4.000000000000000000e+00 0.000000000000000000e+00 1.600000000000000089e+00 2.219000000000000052e-03 9.318999999999999159e-03 9.999540000000000095e-01 3.183570000000000011e-01 -9.479360000000000008e-01 8.127999999999999808e-03 9.479680000000000328e-01 3.183250000000000246e-01 -5.069999999999999854e-03
2.900000000000000000e+01 1.500000000000000000e+01 4.000000000000000000e+00 0.000000000000000000e+00 1.600000000000000089e+00 -4.978999999999999919e-03 -1.337900000000000027e-02 9.998979999999999535e-01 3.200709999999999944e-01 -9.473289999999999766e-01 -1.108199999999999984e-02 9.473810000000000286e-01 3.199830000000000174e-01 8.999000000000000055e-03
1.500000000000000000e+01 7.400000000000000000e+01 4.000000000000000000e+00 0.000000000000000000e+00 1.600000000000000089e+00 -8.809040000000000203e-01 -3.781860000000000221e-01 2.845770000000000244e-01 -3.999030000000000085e-01 9.163360000000000394e-01 -2.013799999999999965e-02 -2.531519999999999881e-01 -1.315429999999999933e-01 -9.584420000000000162e-01
1.000000000000000000e+01 1.010000000000000000e+02 7.000000000000000000e+00 0.000000000000000000e+00 1.600000000000000089e+00 -1.556000000000000091e-03 -1.064700000000000021e-02 9.999419999999999975e-01 8.829110000000000014e-01 4.694980000000000264e-01 6.373000000000000193e-03 -4.695389999999999842e-01 8.828690000000000149e-01 8.670000000000000623e-03
1.700000000000000000e+01 1.010000000000000000e+02 7.000000000000000000e+00 0.000000000000000000e+00 1.600000000000000089e+00 2.830000000000000050e-03 -3.848599999999999938e-02 9.992550000000000043e-01 8.846960000000000379e-01 4.659130000000000216e-01 1.543899999999999960e-02 -4.661600000000000188e-01 8.839930000000000287e-01 3.536700000000000260e-02
2.200000000000000000e+01 1.010000000000000000e+02 7.000000000000000000e+00 0.000000000000000000e+00 1.600000000000000089e+00 4.800000000000000122e-05 -2.983099999999999988e-02 9.995549999999999713e-01 8.853790000000000271e-01 4.646629999999999927e-01 1.382500000000000048e-02 -4.648689999999999767e-01 8.849850000000000216e-01 2.643399999999999916e-02
4.000000000000000000e+00 2.500000000000000000e+01 8.000000000000000000e+00 0.000000000000000000e+00 1.600000000000000089e+00 -3.201999999999999985e-03 -6.407000000000000368e-03 -9.999740000000000295e-01 4.476769999999999916e-01 8.941660000000000164e-01 -7.161999999999999963e-03 8.941890000000000116e-01 -4.476890000000000036e-01 5.000000000000000409e-06
8.000000000000000000e+00 2.500000000000000000e+01 8.000000000000000000e+00 0.000000000000000000e+00 1.600000000000000089e+00 -2.216000000000000088e-03 -4.479000000000000342e-03 -9.999879999999999880e-01 4.491499999999999937e-01 8.934419999999999584e-01 -4.996999999999999706e-03 8.934539999999999704e-01 -4.491559999999999997e-01 3.100000000000000135e-05
1.300000000000000000e+01 2.500000000000000000e+01 8.000000000000000000e+00 0.000000000000000000e+00 1.600000000000000089e+00 -2.105999999999999799e-03 -8.286999999999999228e-03 -9.999630000000000463e-01 4.494469999999999854e-01 8.932679999999999509e-01 -8.349000000000000518e-03 8.933050000000000157e-01 -4.494480000000000142e-01 1.843000000000000020e-03
2.100000000000000000e+01 2.500000000000000000e+01 8.000000000000000000e+00 0.000000000000000000e+00 1.600000000000000089e+00 -2.700000000000000035e-04 -2.363000000000000083e-03 -9.999970000000000248e-01 4.533980000000000232e-01 8.913060000000000427e-01 -2.229000000000000078e-03 8.913079999999999892e-01 -4.533969999999999945e-01 8.300000000000000086e-04
2.700000000000000000e+01 2.500000000000000000e+01 8.000000000000000000e+00 0.000000000000000000e+00 1.600000000000000089e+00 -1.356000000000000000e-03 3.800000000000000209e-04 -9.999989999999999712e-01 4.519090000000000051e-01 8.920639999999999681e-01 -2.739999999999999923e-04 8.920630000000000503e-01 -4.519090000000000051e-01 -1.381000000000000066e-03
4.000000000000000000e+00 2.400000000000000000e+01 9.000000000000000000e+00 0.000000000000000000e+00 1.600000000000000089e+00 -3.203999999999999817e-03 -6.115999999999999909e-03 -9.999759999999999760e-01 4.506899999999999795e-01 8.926539999999999475e-01 -6.904000000000000414e-03 8.926749999999999963e-01 -4.507010000000000183e-01 -1.029999999999999964e-04
9.000000000000000000e+00 2.400000000000000000e+01 9.000000000000000000e+00 0.000000000000000000e+00 1.600000000000000089e+00 -1.623000000000000094e-03 -4.782999999999999925e-03 -9.999869999999999592e-01 4.519389999999999796e-01 8.920350000000000223e-01 -5.000000000000000104e-03 8.920470000000000343e-01 -4.519409999999999816e-01 7.140000000000000079e-04
1.400000000000000000e+01 2.400000000000000000e+01 9.000000000000000000e+00 0.000000000000000000e+00 1.600000000000000089e+00 -2.001999999999999873e-03 -1.090600000000000076e-02 -9.999390000000000223e-01 4.517120000000000024e-01 8.921000000000000041e-01 -1.063399999999999936e-02 8.921609999999999818e-01 -4.517059999999999964e-01 3.141000000000000129e-03
1.800000000000000000e+01 2.400000000000000000e+01 9.000000000000000000e+00 0.000000000000000000e+00 1.600000000000000089e+00 -1.459000000000000010e-03 -8.115999999999999950e-03 -9.999660000000000215e-01 4.546850000000000058e-01 8.906180000000000208e-01 -7.891999999999999710e-03 8.906509999999999705e-01 -4.546810000000000018e-01 2.390000000000000197e-03
2.100000000000000000e+01 2.400000000000000000e+01 9.000000000000000000e+00 0.000000000000000000e+00 1.600000000000000089e+00 -1.659999999999999963e-04 -1.876000000000000063e-03 -9.999980000000000535e-01 4.562700000000000089e-01 8.898399999999999643e-01 -1.745000000000000023e-03 8.898409999999999931e-01 -4.562700000000000089e-01 7.089999999999999948e-04
1.200000000000000000e+01 3.100000000000000000e+01 1.200000000000000000e+01 0.000000000000000000e+00 1.600000000000000089e+00 1.050000000000000044e-04 -1.853999999999999962e-03 9.999980000000000535e-01 -1.326500000000000075e-02 9.999099999999999655e-01 1.855000000000000095e-03 -9.999120000000000230e-01 -1.326500000000000075e-02 8.100000000000000375e-05
2.800000000000000000e+01 3.100000000000000000e+01 1.200000000000000000e+01 0.000000000000000000e+00 1.600000000000000089e+00 -9.940000000000000918e-04 -3.478999999999999888e-03 9.999930000000000208e-01 -1.661199999999999830e-02 9.998559999999999670e-01 3.461999999999999800e-03 -9.998620000000000285e-01 -1.660899999999999876e-02 -1.051999999999999984e-03
1.000000000000000000e+01 3.500000000000000000e+01 1.200000000000000000e+01 0.000000000000000000e+00 1.600000000000000089e+00 -1.039999999999999936e-04 -5.577999999999999625e-03 -9.999839999999999840e-01 4.933710000000000040e-01 -8.698059999999999681e-01 4.800999999999999712e-03 -8.698190000000000088e-01 -4.933629999999999960e-01 2.843000000000000041e-03
1.600000000000000000e+01 3.500000000000000000e+01 1.200000000000000000e+01 0.000000000000000000e+00 1.600000000000000089e+00 1.833999999999999910e-03 -2.781000000000000052e-03 -9.999940000000000495e-01 4.802500000000000102e-01 -8.771250000000000435e-01 3.320000000000000034e-03 -8.771299999999999653e-01 -4.802540000000000142e-01 -2.739999999999999923e-04
2.000000000000000000e+01 3.500000000000000000e+01 1.200000000000000000e+01 0.000000000000000000e+00 1.600000000000000089e+00 1.543000000000000101e-03 -8.073000000000000315e-03 -9.999660000000000215e-01 4.710489999999999955e-01 -8.820719999999999672e-01 7.848000000000000809e-03 -8.821059999999999457e-01 -4.710449999999999915e-01 2.442000000000000160e-03
2.300000000000000000e+01 3.500000000000000000e+01 1.200000000000000000e+01 0.000000000000000000e+00 1.600000000000000089e+00 2.790000000000000054e-04 -5.669000000000000428e-03 -9.999839999999999840e-01 4.652419999999999889e-01 -8.851679999999999549e-01 5.147999999999999798e-03 -8.851830000000000531e-01 -4.652359999999999829e-01 2.390000000000000197e-03
2.700000000000000000e+01 3.500000000000000000e+01 1.200000000000000000e+01 0.000000000000000000e+00 1.600000000000000089e+00 -1.247999999999999977e-03 -1.891000000000000103e-03 -9.999970000000000248e-01 4.556060000000000110e-01 -8.901810000000000000e-01 1.113999999999999973e-03 -8.901810000000000000e-01 -4.556029999999999802e-01 1.971999999999999795e-03
1.300000000000000000e+01 7.300000000000000000e+01 1.300000000000000000e+01 0.000000000000000000e+00 1.600000000000000089e+00 -9.140249999999999764e-01 -2.217379999999999907e-01 3.396919999999999940e-01 -3.369599999999999818e-01 8.812600000000000433e-01 -3.314210000000000211e-01 -2.258680000000000132e-01 -4.173890000000000100e-01 -8.802100000000000479e-01
1.900000000000000000e+01 3.200000000000000000e+01 1.400000000000000000e+01 0.000000000000000000e+00 1.600000000000000089e+00 2.635000000000000189e-03 2.524999999999999901e-03 -9.999930000000000208e-01 1.032560000000000006e-01 9.946509999999999518e-01 2.784000000000000016e-03 9.946509999999999518e-01 -1.032620000000000066e-01 2.360000000000000119e-03
2.200000000000000000e+01 3.200000000000000000e+01 1.400000000000000000e+01 0.000000000000000000e+00 1.600000000000000089e+00 6.040000000000000447e-04 5.119999999999999768e-04 -1.000000000000000000e+00 1.037190000000000056e-01 9.946070000000000189e-01 5.710000000000000015e-04 9.946059999999999901e-01 -1.037190000000000056e-01 5.479999999999999845e-04
2.800000000000000000e+01 1.160000000000000000e+02 1.600000000000000000e+01 0.000000000000000000e+00 1.600000000000000089e+00 9.110000000000000259e-04 8.564000000000000432e-03 9.999630000000000463e-01 7.366650000000000142e-01 6.762270000000000225e-01 -6.462999999999999995e-03 -6.762569999999999970e-01 7.366439999999999655e-01 -5.692000000000000011e-03
3.000000000000000000e+01 1.160000000000000000e+02 1.600000000000000000e+01 0.000000000000000000e+00 1.600000000000000089e+00 -1.258000000000000004e-03 2.618000000000000101e-03 9.999959999999999960e-01 7.319719999999999560e-01 6.813339999999999952e-01 -8.630000000000000518e-04 -6.813329999999999664e-01 7.319679999999999520e-01 -2.772999999999999857e-03
5.000000000000000000e+00 2.000000000000000000e+00 1.900000000000000000e+01 0.000000000000000000e+00 1.600000000000000089e+00 2.121000000000000055e-03 1.564600000000000019e-02 -9.998749999999999583e-01 2.028089999999999893e-01 -9.791050000000000031e-01 -1.489099999999999972e-02 -9.792159999999999753e-01 -2.027519999999999878e-01 -5.250000000000000326e-03
8.000000000000000000e+00 2.000000000000000000e+00 1.900000000000000000e+01 0.000000000000000000e+00 1.600000000000000089e+00 1.276000000000000007e-03 2.508900000000000019e-02 -9.996840000000000170e-01 1.981159999999999866e-01 -9.798759999999999692e-01 -2.433899999999999952e-02 -9.801779999999999937e-01 -1.980220000000000036e-01 -6.220999999999999967e-03
1.500000000000000000e+01 2.000000000000000000e+00 1.900000000000000000e+01 0.000000000000000000e+00 1.600000000000000089e+00 -3.155999999999999951e-03 1.517800000000000052e-02 -9.998799999999999910e-01 1.855360000000000065e-01 -9.825150000000000272e-01 -1.549999999999999989e-02 -9.826319999999999499e-01 -1.855630000000000057e-01 2.840000000000000185e-04
1.900000000000000000e+01 2.000000000000000000e+00 1.900000000000000000e+01 0.000000000000000000e+00 1.600000000000000089e+00 -2.886000000000000110e-03 1.641600000000000004e-02 -9.998609999999999998e-01 1.850600000000000023e-01 -9.825859999999999594e-01 -1.666700000000000126e-02 -9.827230000000000132e-01 -1.850819999999999965e-01 -2.030000000000000012e-04
2.600000000000000000e+01 2.000000000000000000e+00 1.900000000000000000e+01 0.000000000000000000e+00 1.600000000000000089e+00 -1.182000000000000108e-03 2.271000000000000015e-03 -9.999970000000000248e-01 1.746969999999999912e-01 -9.846190000000000220e-01 -2.442999999999999859e-03 -9.846219999999999972e-01 -1.746989999999999932e-01 7.669999999999999951e-04
5.000000000000000000e+00 4.000000000000000000e+00 2.000000000000000000e+01 0.000000000000000000e+00 1.600000000000000089e+00 1.005999999999999950e-03 1.437199999999999936e-02 -9.998960000000000070e-01 3.197670000000000234e-01 -9.474029999999999951e-01 -1.329600000000000053e-02 -9.474960000000000049e-01 -3.197209999999999774e-01 -5.549000000000000113e-03
2.700000000000000000e+01 4.000000000000000000e+00 2.000000000000000000e+01 0.000000000000000000e+00 1.600000000000000089e+00 -1.559000000000000056e-03 2.573999999999999899e-03 -9.999949999999999672e-01 2.583409999999999873e-01 -9.660499999999999643e-01 -2.890000000000000208e-03 -9.660530000000000506e-01 -2.583440000000000181e-01 8.409999999999999507e-04
4.000000000000000000e+00 1.300000000000000000e+01 2.000000000000000000e+01 0.000000000000000000e+00 1.600000000000000089e+00 -1.859999999999999945e-04 6.689999999999999983e-04 1.000000000000000000e+00 2.671890000000000098e-01 9.636439999999999451e-01 -5.950000000000000427e-04 -9.636439999999999451e-01 2.671879999999999811e-01 -3.579999999999999741e-04
7.000000000000000000e+00 1.300000000000000000e+01 2.000000000000000000e+01 0.000000000000000000e+00 1.600000000000000089e+00 1.750999999999999952e-03 7.411000000000000053e-03 9.999710000000000543e-01 2.652120000000000033e-01 9.641600000000000170e-01 -7.609999999999999577e-03 -9.641889999999999628e-01 2.652169999999999805e-01 -2.770000000000000110e-04
1.300000000000000000e+01 1.300000000000000000e+01 2.000000000000000000e+01 0.000000000000000000e+00 1.600000000000000089e+00 3.110000000000000243e-04 -2.788999999999999813e-03 9.999959999999999960e-01 2.604739999999999833e-01 9.654770000000000296e-01 2.612000000000000172e-03 -9.654810000000000336e-01 2.604719999999999813e-01 1.026999999999999918e-03
1.700000000000000000e+01 1.300000000000000000e+01 2.000000000000000000e+01 0.000000000000000000e+00 1.600000000000000089e+00 1.595999999999999979e-03 8.299999999999999815e-05 9.999989999999999712e-01 2.596729999999999872e-01 9.656970000000000276e-01 -4.939999999999999730e-04 -9.656949999999999701e-01 2.596729999999999872e-01 1.520000000000000084e-03
2.000000000000000000e+01 1.300000000000000000e+01 2.000000000000000000e+01 0.000000000000000000e+00 1.600000000000000089e+00 1.755000000000000050e-03 3.467000000000000030e-03 9.999919999999999920e-01 2.573059999999999792e-01 9.663230000000000430e-01 -3.801999999999999824e-03 -9.663279999999999648e-01 2.573110000000000119e-01 8.030000000000000028e-04
2.500000000000000000e+01 1.300000000000000000e+01 2.000000000000000000e+01 0.000000000000000000e+00 1.600000000000000089e+00 1.363999999999999978e-03 4.800000000000000122e-05 9.999989999999999712e-01 2.554520000000000124e-01 9.668219999999999592e-01 -3.950000000000000061e-04 -9.668210000000000415e-01 2.554520000000000124e-01 1.306000000000000086e-03
2.100000000000000000e+01 1.600000000000000000e+01 2.100000000000000000e+01 0.000000000000000000e+00 1.600000000000000089e+00 1.910000000000000022e-03 3.774000000000000011e-03 9.999909999999999632e-01 2.998279999999999834e-01 9.539840000000000542e-01 -4.172999999999999626e-03 -9.539910000000000334e-01 2.998339999999999894e-01 6.899999999999999667e-04
2.500000000000000000e+01 1.600000000000000000e+01 2.100000000000000000e+01 0.000000000000000000e+00 1.600000000000000089e+00 1.688999999999999963e-03 -5.299999999999999807e-04 9.999980000000000535e-01 2.991460000000000230e-01 9.542070000000000274e-01 0.000000000000000000e+00 -9.542059999999999986e-01 2.991449999999999942e-01 1.771000000000000005e-03
5.000000000000000000e+00 3.000000000000000000e+00 2.500000000000000000e+01 0.000000000000000000e+00 1.600000000000000089e+00 2.818000000000000192e-03 1.438399999999999922e-02 9.998930000000000318e-01 -9.329600000000000393e-02 -9.955319999999999725e-01 1.458399999999999974e-02 9.956340000000000190e-01 -9.332699999999999330e-02 -1.464000000000000024e-03
8.000000000000000000e+00 3.000000000000000000e+00 2.500000000000000000e+01 0.000000000000000000e+00 1.600000000000000089e+00 3.843000000000000062e-03 1.787800000000000153e-02 9.998329999999999718e-01 -8.784100000000000241e-02 -9.959689999999999932e-01 1.814699999999999994e-02 9.961269999999999847e-01 -8.789600000000000191e-02 -2.256999999999999892e-03
1.400000000000000000e+01 3.000000000000000000e+00 2.500000000000000000e+01 0.000000000000000000e+00 1.600000000000000089e+00 3.869000000000000043e-03 1.874400000000000024e-02 9.998169999999999558e-01 -6.959300000000000208e-02 -9.973950000000000315e-01 1.896799999999999875e-02 9.975680000000000103e-01 -6.965300000000000658e-02 -2.554999999999999979e-03
1.700000000000000000e+01 3.000000000000000000e+00 2.500000000000000000e+01 0.000000000000000000e+00 1.600000000000000089e+00 4.270000000000000358e-03 1.907999999999999974e-02 9.998089999999999478e-01 -6.287099999999999633e-02 -9.978350000000000275e-01 1.931099999999999831e-02 9.980130000000000390e-01 -6.294099999999999695e-02 -3.060999999999999919e-03
2.100000000000000000e+01 3.000000000000000000e+00 2.500000000000000000e+01 0.000000000000000000e+00 1.600000000000000089e+00 3.413999999999999934e-03 1.137799999999999923e-02 9.999289999999999567e-01 -4.837700000000000333e-02 -9.987629999999999564e-01 1.153000000000000032e-02 9.988230000000000164e-01 -4.841299999999999770e-02 -2.858999999999999996e-03
1.000000000000000000e+00 4.600000000000000000e+01 2.700000000000000000e+01 0.000000000000000000e+00 1.600000000000000089e+00 -1.920000000000000049e-04 -1.991000000000000148e-03 -9.999980000000000535e-01 6.738389999999999658e-01 7.388759999999999772e-01 -1.600000000000000077e-03 7.388780000000000348e-01 -6.738380000000000480e-01 1.199999999999999895e-03
5.000000000000000000e+00 4.600000000000000000e+01 2.700000000000000000e+01 0.000000000000000000e+00 1.600000000000000089e+00 -6.859999999999999779e-04 -1.971000000000000096e-03 -9.999980000000000535e-01 6.693219999999999725e-01 7.429700000000000193e-01 -1.923999999999999929e-03 7.429719999999999658e-01 -6.693219999999999725e-01 8.090000000000000403e-04
1.600000000000000000e+01 4.600000000000000000e+01 2.700000000000000000e+01 0.000000000000000000e+00 1.600000000000000089e+00 -2.030000000000000012e-04 1.679999999999999907e-04 -1.000000000000000000e+00 6.637690000000000534e-01 7.479369999999999630e-01 -9.000000000000000228e-06 7.479369999999999630e-01 -6.637690000000000534e-01 -2.640000000000000202e-04
2.700000000000000000e+01 4.600000000000000000e+01 2.700000000000000000e+01 0.000000000000000000e+00 1.600000000000000089e+00 -1.286999999999999950e-03 1.353000000000000036e-03 -9.999980000000000535e-01 6.643949999999999578e-01 7.473819999999999908e-01 1.559999999999999972e-04 7.473800000000000443e-01 -6.643940000000000401e-01 -1.861000000000000024e-03
1.000000000000000000e+01 4.600000000000000000e+01 3.000000000000000000e+01 0.000000000000000000e+00 1.600000000000000089e+00 6.589999999999999721e-04 9.529999999999999626e-04 -9.999989999999999712e-01 3.201919999999999766e-01 9.473519999999999719e-01 1.113999999999999973e-03 9.473519999999999719e-01 -3.201930000000000054e-01 3.190000000000000019e-04
1.700000000000000000e+01 4.600000000000000000e+01 3.000000000000000000e+01 0.000000000000000000e+00 1.600000000000000089e+00 2.500000000000000120e-05 3.800000000000000209e-05 -1.000000000000000000e+00 3.209609999999999963e-01 9.470929999999999627e-01 4.399999999999999886e-05 9.470929999999999627e-01 -3.209609999999999963e-01 1.200000000000000030e-05
3.000000000000000000e+01 4.600000000000000000e+01 3.000000000000000000e+01 0.000000000000000000e+00 1.600000000000000089e+00 -5.010000000000000347e-04 5.509999999999999490e-04 -1.000000000000000000e+00 3.263909999999999867e-01 9.452350000000000474e-01 3.579999999999999741e-04 9.452350000000000474e-01 -3.263900000000000134e-01 -6.530000000000000431e-04
1.000000000000000000e+00 5.800000000000000000e+01 3.100000000000000000e+01 0.000000000000000000e+00 1.600000000000000089e+00 -6.485999999999999578e-03 -7.040000000000000251e-03 9.999540000000000095e-01 -7.989990000000000148e-01 -6.012579999999999592e-01 -9.416000000000000758e-03 6.012969999999999704e-01 -7.990239999999999565e-01 -1.726000000000000104e-03
6.000000000000000000e+00 5.800000000000000000e+01 3.100000000000000000e+01 0.000000000000000000e+00 1.600000000000000089e+00 -6.700000000000000226e-04 -4.532999999999999703e-03 9.999900000000000455e-01 -7.949950000000000072e-01 -6.066070000000000073e-01 -3.282999999999999894e-03 6.066150000000000153e-01 -7.949889999999999457e-01 -3.197000000000000189e-03
1.100000000000000000e+01 5.800000000000000000e+01 3.100000000000000000e+01 0.000000000000000000e+00 1.600000000000000089e+00 5.133000000000000410e-03 4.061000000000000373e-03 9.999789999999999512e-01 -7.858150000000000412e-01 -6.184269999999999490e-01 6.544999999999999603e-03 6.184399999999999897e-01 -7.858319999999999750e-01 1.699999999999999987e-05
1.700000000000000000e+01 5.800000000000000000e+01 3.100000000000000000e+01 0.000000000000000000e+00 1.600000000000000089e+00 1.516999999999999902e-03 9.529999999999999626e-04 9.999980000000000535e-01 -7.787889999999999535e-01 -6.272839999999999527e-01 1.778999999999999982e-03 6.272839999999999527e-01 -7.787899999999999823e-01 -2.090000000000000115e-04
2.100000000000000000e+01 5.800000000000000000e+01 3.100000000000000000e+01 0.000000000000000000e+00 1.600000000000000089e+00 5.466000000000000372e-03 6.647000000000000131e-03 9.999630000000000463e-01 -7.753470000000000084e-01 -6.314790000000000125e-01 8.436000000000000790e-03 6.315119999999999623e-01 -7.753640000000000532e-01 1.701999999999999954e-03
2.500000000000000000e+01 5.800000000000000000e+01 3.100000000000000000e+01 0.000000000000000000e+00 1.600000000000000089e+00 4.230000000000000253e-03 5.578999999999999758e-03 9.999759999999999760e-01 -7.711170000000000524e-01 -6.366570000000000285e-01 6.812999999999999612e-03 6.366789999999999949e-01 -7.711270000000000069e-01 1.608999999999999970e-03
3.000000000000000000e+01 5.800000000000000000e+01 3.100000000000000000e+01 0.000000000000000000e+00 1.600000000000000089e+00 -1.469999999999999953e-03 -5.689999999999999745e-03 9.999829999999999552e-01 -7.712259999999999671e-01 -6.365439999999999987e-01 -4.754999999999999678e-03 6.365600000000000147e-01 -7.712200000000000166e-01 -3.452000000000000207e-03
1.000000000000000000e+00 1.800000000000000000e+01 3.400000000000000000e+01 0.000000000000000000e+00 1.600000000000000089e+00 1.103000000000000031e-03 1.706999999999999967e-03 -9.999980000000000535e-01 -3.036739999999999995e-01 -9.527740000000000098e-01 -1.962000000000000202e-03 -9.527750000000000385e-01 3.036749999999999727e-01 -5.320000000000000293e-04
2.000000000000000000e+00 4.600000000000000000e+01 3.500000000000000000e+01 0.000000000000000000e+00 1.600000000000000089e+00 -1.396000000000000105e-03 2.860000000000000129e-04 -9.999989999999999712e-01 3.927069999999999728e-01 -9.196630000000000082e-01 -8.109999999999999805e-04 -9.196619999999999795e-01 -3.927080000000000015e-01 1.172000000000000082e-03
8.000000000000000000e+00 4.600000000000000000e+01 3.500000000000000000e+01 0.000000000000000000e+00 1.600000000000000089e+00 1.075000000000000001e-03 -5.971999999999999878e-03 -9.999820000000000375e-01 3.915219999999999811e-01 -9.201500000000000234e-01 5.916000000000000252e-03 -9.201679999999999859e-01 -3.915210000000000079e-01 1.348999999999999939e-03
1.200000000000000000e+01 4.600000000000000000e+01 3.500000000000000000e+01 0.000000000000000000e+00 1.600000000000000089e+00 5.090000000000000123e-04 -1.866000000000000037e-03 -9.999980000000000535e-01 3.910509999999999819e-01 -9.203670000000000462e-01 1.915999999999999951e-03 -9.203689999999999927e-01 -3.910520000000000107e-01 2.610000000000000015e-04
1.800000000000000000e+01 4.600000000000000000e+01 3.500000000000000000e+01 0.000000000000000000e+00 1.600000000000000089e+00 -7.600000000000000418e-04 1.724999999999999971e-03 -9.999980000000000535e-01 3.921009999999999773e-01 -9.199199999999999600e-01 -1.884999999999999957e-03 -9.199220000000000175e-01 -3.921020000000000061e-01 2.199999999999999943e-05
2.400000000000000000e+01 4.600000000000000000e+01 3.500000000000000000e+01 0.000000000000000000e+00 1.600000000000000089e+00 -6.859999999999999779e-04 2.108000000000000065e-03 -9.999970000000000248e-01 3.933229999999999782e-01 -9.193980000000000485e-01 -2.207999999999999893e-03 -9.193999999999999950e-01 -3.933229999999999782e-01 -1.979999999999999881e-04
2.700000000000000000e+01 4.600000000000000000e+01 3.500000000000000000e+01 0.000000000000000000e+00 1.600000000000000089e+00 -9.290000000000000297e-04 2.488999999999999893e-03 -9.999970000000000248e-01 3.917430000000000079e-01 -9.200709999999999722e-01 -2.654000000000000109e-03 -9.200739999999999474e-01 -3.917439999999999811e-01 -1.210000000000000002e-04
3.000000000000000000e+00 9.500000000000000000e+01 3.600000000000000000e+01 0.000000000000000000e+00 1.600000000000000089e+00 1.448999999999999984e-03 -6.441099999999999604e-02 9.979219999999999757e-01 9.971389999999999976e-01 7.551599999999999979e-02 3.425999999999999792e-03 -7.557999999999999441e-02 9.950620000000000021e-01 6.433600000000000430e-02
3.000000000000000000e+00 2.900000000000000000e+01 4.400000000000000000e+01 0.000000000000000000e+00 1.600000000000000089e+00 2.583999999999999925e-03 1.356000000000000000e-03 -9.999959999999999960e-01 6.646370000000000333e-01 7.471619999999999928e-01 2.729999999999999788e-03 7.471619999999999928e-01 -6.646410000000000373e-01 1.030000000000000100e-03
7.000000000000000000e+00 2.900000000000000000e+01 4.400000000000000000e+01 0.000000000000000000e+00 1.600000000000000089e+00 1.366000000000000027e-03 2.509999999999999753e-04 -9.999989999999999712e-01 6.547920000000000407e-01 7.558080000000000354e-01 1.083999999999999894e-03 7.558080000000000354e-01 -6.547929999999999584e-01 8.679999999999999565e-04
1.100000000000000000e+01 2.900000000000000000e+01 4.400000000000000000e+01 0.000000000000000000e+00 1.600000000000000089e+00 -6.660000000000000338e-04 -1.461999999999999975e-03 -9.999989999999999712e-01 6.507230000000000514e-01 7.593140000000000445e-01 -1.543000000000000101e-03 7.593149999999999622e-01 -6.507230000000000514e-01 4.459999999999999989e-04
1.900000000000000000e+01 2.900000000000000000e+01 4.400000000000000000e+01 0.000000000000000000e+00 1.600000000000000089e+00 3.570000000000000040e-04 1.062000000000000010e-03 -9.999989999999999712e-01 6.511069999999999913e-01 7.589850000000000207e-01 1.038999999999999993e-03 7.589850000000000207e-01 -6.511069999999999913e-01 -4.209999999999999875e-04
2.300000000000000000e+01 2.900000000000000000e+01 4.400000000000000000e+01 0.000000000000000000e+00 1.600000000000000089e+00 -2.565000000000000006e-03 -2.230999999999999910e-03 -9.999940000000000495e-01 6.620230000000000281e-01 7.494760000000000311e-01 -3.370000000000000166e-03 7.494790000000000063e-01 -6.620279999999999498e-01 -4.459999999999999989e-04
2.700000000000000000e+01 2.900000000000000000e+01 4.400000000000000000e+01 0.000000000000000000e+00 1.600000000000000089e+00 -4.056999999999999842e-03 -3.226000000000000135e-03 -9.999869999999999592e-01 6.682360000000000522e-01 7.439320000000000377e-01 -5.111000000000000092e-03 7.439379999999999882e-01 -6.682479999999999531e-01 -8.630000000000000518e-04
2.800000000000000000e+01 5.000000000000000000e+01 4.500000000000000000e+01 0.000000000000000000e+00 1.600000000000000089e+00 -4.014010000000000078e-01 1.354400000000000048e-02 -9.158020000000000049e-01 -9.978700000000000070e-02 -9.945850000000000524e-01 2.902800000000000172e-02 -9.104499999999999815e-01 1.030370000000000036e-01 4.005790000000000184e-01
2.700000000000000000e+01 7.000000000000000000e+01 4.700000000000000000e+01 0.000000000000000000e+00 1.600000000000000089e+00 -2.332899999999999904e-02 1.651000000000000037e-02 -9.995910000000000073e-01 -8.419980000000000242e-01 -5.393729999999999913e-01 1.074300000000000081e-02 -5.389760000000000106e-01 8.419050000000000145e-01 2.648500000000000160e-02
2.400000000000000000e+01 5.000000000000000000e+00 5.100000000000000000e+01 0.000000000000000000e+00 1.600000000000000089e+00 -1.848999999999999949e-03 -1.853999999999999962e-03 -9.999970000000000248e-01 4.896139999999999937e-01 -8.719390000000000196e-01 7.119999999999999593e-04 -8.719379999999999908e-01 -4.896110000000000184e-01 2.520000000000000104e-03
7.000000000000000000e+00 6.000000000000000000e+00 5.100000000000000000e+01 0.000000000000000000e+00 1.600000000000000089e+00 3.733999999999999906e-03 1.569200000000000109e-02 -9.998700000000000365e-01 3.099279999999999813e-01 -9.506599999999999495e-01 -1.376299999999999919e-02 -9.507529999999999593e-01 -3.098369999999999735e-01 -8.413000000000000339e-03
8.000000000000000000e+00 7.000000000000000000e+00 5.200000000000000000e+01 0.000000000000000000e+00 1.600000000000000089e+00 9.459000000000000394e-03 1.460599999999999919e-02 -9.998489999999999878e-01 9.925799999999999901e-02 -9.949689999999999923e-01 -1.359600000000000045e-02 -9.950170000000000403e-01 -9.911399999999999377e-02 -1.086100000000000086e-02
1.200000000000000000e+01 7.000000000000000000e+00 5.200000000000000000e+01 0.000000000000000000e+00 1.600000000000000089e+00 6.542000000000000072e-03 9.416000000000000758e-03 -9.999339999999999895e-01 9.421799999999999620e-02 -9.955129999999999812e-01 -8.758000000000000160e-03 -9.955300000000000260e-01 -9.415500000000000258e-02 -7.399000000000000195e-03
2.700000000000000000e+01 7.000000000000000000e+00 5.200000000000000000e+01 0.000000000000000000e+00 1.600000000000000089e+00 -6.032000000000000035e-03 -8.037000000000000741e-03 -9.999500000000000055e-01 1.098510000000000042e-01 -9.939210000000000544e-01 7.326000000000000047e-03 -9.939299999999999802e-01 -1.098019999999999968e-01 6.878000000000000433e-03
7.000000000000000000e+00 6.300000000000000000e+01 5.400000000000000000e+01 0.000000000000000000e+00 1.600000000000000089e+00 6.786999999999999630e-03 4.316999999999999657e-03 9.999679999999999680e-01 -3.425900000000000056e-01 9.394839999999999858e-01 -1.730999999999999900e-03 -9.394609999999999905e-01 -3.425670000000000104e-01 7.854999999999999136e-03
1.800000000000000000e+01 6.300000000000000000e+01 5.400000000000000000e+01 0.000000000000000000e+00 1.600000000000000089e+00 -8.809999999999999472e-04 -5.249999999999999676e-04 1.000000000000000000e+00 -3.175640000000000129e-01 9.482369999999999965e-01 2.180000000000000134e-04 -9.482369999999999965e-01 -3.175629999999999842e-01 -1.002000000000000069e-03
2.400000000000000000e+01 6.300000000000000000e+01 5.400000000000000000e+01 0.000000000000000000e+00 1.600000000000000089e+00 -1.082999999999999935e-02 -8.142999999999999197e-03 9.999080000000000190e-01 -3.351239999999999775e-01 9.421650000000000302e-01 4.042999999999999719e-03 -9.421119999999999495e-01 -3.350500000000000145e-01 -1.293200000000000079e-02
1.700000000000000000e+01 2.500000000000000000e+01 5.500000000000000000e+01 0.000000000000000000e+00 1.600000000000000089e+00 2.120000000000000031e-04 -6.251999999999999745e-03 -9.999799999999999800e-01 -1.140599999999999947e-02 -9.999149999999999983e-01 6.250000000000000347e-03 -9.999350000000000183e-01 1.140399999999999921e-02 -2.840000000000000185e-04
2.100000000000000000e+01 2.500000000000000000e+01 5.500000000000000000e+01 0.000000000000000000e+00 1.600000000000000089e+00 5.339999999999999695e-04 -8.377000000000000765e-03 -9.999649999999999928e-01 -1.416199999999999924e-02 -9.998650000000000038e-01 8.368999999999999703e-03 -9.999000000000000110e-01 1.415699999999999945e-02 -6.520000000000000188e-04
3.000000000000000000e+01 2.500000000000000000e+01 5.500000000000000000e+01 0.000000000000000000e+00 1.600000000000000089e+00 1.097000000000000102e-03 8.026999999999999413e-03 -9.999670000000000503e-01 -1.251299999999999982e-02 -9.998890000000000278e-01 -8.040000000000000271e-03 -9.999209999999999487e-01 1.252099999999999914e-02 -9.959999999999999236e-04
7.000000000000000000e+00 2.100000000000000000e+01 6.000000000000000000e+01 0.000000000000000000e+00 1.600000000000000089e+00 -1.448999999999999984e-03 4.351999999999999966e-03 9.999890000000000168e-01 -9.583300000000000152e-02 9.953870000000000218e-01 -4.471000000000000148e-03 -9.953959999999999475e-01 -9.583800000000000652e-02 -1.025000000000000086e-03
1.200000000000000000e+01 2.100000000000000000e+01 6.000000000000000000e+01 0.000000000000000000e+00 1.600000000000000089e+00 1.353999999999999952e-03 1.072700000000000042e-02 9.999419999999999975e-01 -9.600599999999999412e-02 9.953250000000000153e-01 -1.054800000000000008e-02 -9.953800000000000425e-01 -9.598700000000000288e-02 2.377000000000000206e-03
1.600000000000000000e+01 2.100000000000000000e+01 6.000000000000000000e+01 0.000000000000000000e+00 1.600000000000000089e+00 2.769999999999999893e-03 -5.590000000000000351e-04 9.999959999999999960e-01 -9.439000000000000168e-02 9.955349999999999477e-01 8.180000000000000422e-04 -9.955310000000000548e-01 -9.439200000000000368e-02 2.704999999999999939e-03
2.300000000000000000e+01 2.100000000000000000e+01 6.000000000000000000e+01 0.000000000000000000e+00 1.600000000000000089e+00 5.770000000000000389e-04 1.506200000000000074e-02 9.998860000000000525e-01 -9.744400000000000284e-02 9.951290000000000413e-01 -1.493500000000000036e-02 -9.952410000000000423e-01 -9.742499999999999771e-02 2.041999999999999978e-03
2.700000000000000000e+01 2.100000000000000000e+01 6.000000000000000000e+01 0.000000000000000000e+00 1.600000000000000089e+00 -2.089999999999999844e-03 -3.161999999999999880e-03 9.999930000000000208e-01 -9.768400000000000694e-02 9.952130000000000143e-01 2.942999999999999870e-03 -9.952149999999999608e-01 -9.767699999999999994e-02 -2.389000000000000064e-03
6.000000000000000000e+00 8.200000000000000000e+01 6.200000000000000000e+01 0.000000000000000000e+00 1.600000000000000089e+00 6.341350000000000042e-01 -7.482950000000000434e-01 1.947510000000000074e-01 -6.478749999999999787e-01 -6.516849999999999588e-01 -3.944170000000000176e-01 4.220559999999999867e-01 1.239389999999999936e-01 -8.980580000000000229e-01
7.000000000000000000e+00 3.000000000000000000e+00 6.300000000000000000e+01 0.000000000000000000e+00 1.600000000000000089e+00 1.709000000000000016e-03 1.382800000000000001e-02 9.999029999999999863e-01 -6.249730000000000008e-01 7.805849999999999733e-01 -9.726999999999999535e-03 -7.806440000000000046e-01 -6.248960000000000070e-01 9.976999999999999758e-03
1.400000000000000000e+01 3.000000000000000000e+00 6.300000000000000000e+01 0.000000000000000000e+00 1.600000000000000089e+00 7.339999999999999520e-04 2.301000000000000094e-03 9.999970000000000248e-01 -6.174100000000000144e-01 7.866410000000000347e-01 -1.356999999999999916e-03 -7.866410000000000347e-01 -6.174070000000000391e-01 1.998000000000000210e-03
2.200000000000000000e+01 3.000000000000000000e+00 6.300000000000000000e+01 0.000000000000000000e+00 1.600000000000000089e+00 5.609999999999999752e-04 1.103000000000000031e-03 9.999989999999999712e-01 -6.175640000000000018e-01 7.865199999999999969e-01 -5.209999999999999788e-04 -7.865199999999999969e-01 -6.175629999999999731e-01 1.123000000000000083e-03
5.000000000000000000e+00 2.700000000000000000e+01 6.300000000000000000e+01 0.000000000000000000e+00 1.600000000000000089e+00 -1.523999999999999964e-03 -3.282999999999999894e-03 9.999930000000000208e-01 -2.757640000000000091e-01 9.612220000000000208e-01 2.735000000000000018e-03 -9.612239999999999673e-01 -2.757580000000000031e-01 -2.370000000000000145e-03
8.000000000000000000e+00 2.700000000000000000e+01 6.300000000000000000e+01 0.000000000000000000e+00 1.600000000000000089e+00 2.220000000000000022e-04 1.359999999999999989e-04 1.000000000000000000e+00 -2.714030000000000054e-01 9.624660000000000437e-01 -7.100000000000000462e-05 -9.624660000000000437e-01 -2.714030000000000054e-01 2.509999999999999753e-04
1.500000000000000000e+01 2.700000000000000000e+01 6.300000000000000000e+01 0.000000000000000000e+00 1.600000000000000089e+00 2.259999999999999856e-03 6.702999999999999757e-03 9.999749999999999472e-01 -2.728809999999999847e-01 9.620300000000000518e-01 -5.832000000000000378e-03 -9.620450000000000390e-01 -2.728610000000000202e-01 4.002999999999999614e-03
2.200000000000000000e+01 2.700000000000000000e+01 6.300000000000000000e+01 0.000000000000000000e+00 1.600000000000000089e+00 1.269999999999999970e-04 -1.701000000000000038e-03 9.999989999999999712e-01 -2.794209999999999749e-01 9.601669999999999927e-01 1.668999999999999911e-03 -9.601690000000000502e-01 -2.794200000000000017e-01 -3.539999999999999853e-04
2.900000000000000000e+01 2.700000000000000000e+01 6.300000000000000000e+01 0.000000000000000000e+00 1.600000000000000089e+00 8.600000000000000331e-05 -2.964000000000000055e-03 9.999959999999999960e-01 -2.782410000000000161e-01 9.605069999999999997e-01 2.870999999999999854e-03 -9.605110000000000037e-01 -2.782399999999999873e-01 -7.429999999999999539e-04
5.000000000000000000e+00 2.600000000000000000e+01 6.400000000000000000e+01 0.000000000000000000e+00 1.600000000000000089e+00 -2.488999999999999893e-03 -2.890000000000000208e-03 9.999930000000000208e-01 -3.562469999999999803e-01 9.343900000000000539e-01 1.814000000000000074e-03 -9.343890000000000251e-01 -3.562400000000000011e-01 -3.354999999999999909e-03
9.000000000000000000e+00 2.600000000000000000e+01 6.400000000000000000e+01 0.000000000000000000e+00 1.600000000000000089e+00 2.959999999999999849e-04 -1.054000000000000032e-03 9.999989999999999712e-01 -3.528169999999999917e-01 9.356919999999999682e-01 1.090999999999999956e-03 -9.356919999999999682e-01 -3.528169999999999917e-01 -9.399999999999999448e-05
1.600000000000000000e+01 2.600000000000000000e+01 6.400000000000000000e+01 0.000000000000000000e+00 1.600000000000000089e+00 1.628000000000000107e-03 8.595999999999999475e-03 9.999620000000000175e-01 -3.590090000000000225e-01 9.333040000000000225e-01 -7.438000000000000167e-03 -9.333329999999999682e-01 -3.589829999999999965e-01 4.604999999999999719e-03
2.200000000000000000e+01 2.600000000000000000e+01 6.400000000000000000e+01 0.000000000000000000e+00 1.600000000000000089e+00 -7.200000000000000182e-05 -1.381999999999999982e-03 9.999989999999999712e-01 -3.647819999999999951e-01 9.310920000000000307e-01 1.260999999999999968e-03 -9.310929999999999485e-01 -3.647810000000000219e-01 -5.710000000000000015e-04
2.800000000000000000e+01 2.600000000000000000e+01 6.400000000000000000e+01 0.000000000000000000e+00 1.600000000000000089e+00 -1.050000000000000044e-04 -4.637999999999999762e-03 9.999890000000000168e-01 -3.632409999999999806e-01 9.316849999999999854e-01 4.283000000000000348e-03 -9.316950000000000509e-01 -3.632360000000000033e-01 -1.781999999999999947e-03
1.800000000000000000e+01 7.300000000000000000e+01 6.400000000000000000e+01 0.000000000000000000e+00 1.600000000000000089e+00 -9.697369999999999601e-01 1.568229999999999902e-01 -1.871269999999999878e-01 -1.486389999999999934e-01 -9.872429999999999817e-01 -5.708300000000000179e-02 -1.936910000000000021e-01 -2.754099999999999951e-02 9.806759999999999922e-01
