1.900000000000000000e+01 2.500000000000000000e+01 1.000000000000000000e+00 0.000000000000000000e+00 1.600000000000000089e+00 3.591000000000000008e-03 3.348999999999999980e-03 -9.999879999999999880e-01 -5.434870000000000534e-01 -8.394040000000000390e-01 -4.762999999999999873e-03 -8.394099999999999895e-01 5.434970000000000079e-01 -1.193999999999999966e-03
2.000000000000000000e+00 1.500000000000000000e+01 4.000000000000000000e+00 0.000000000000000000e+00 1.600000000000000089e+00 -3.033999999999999805e-03 1.069799999999999918e-02 9.999379999999999935e-01 2.957400000000000029e-01 -9.552040000000000530e-01 1.111599999999999915e-02 9.552640000000000020e-01 2.957560000000000189e-01 -2.660000000000000146e-04
1.500000000000000000e+01 1.500000000000000000e+01 4.000000000000000000e+00 0.000000000000000000e+00 1.600000000000000089e+00 -8.689999999999999808e-04 3.599000000000000202e-03 9.999930000000000208e-01 2.862569999999999837e-01 -9.581460000000000532e-01 3.697000000000000199e-03 9.581530000000000324e-01 2.862580000000000124e-01 -1.969999999999999909e-04
2.700000000000000000e+01 1.500000000000000000e+01 4.000000000000000000e+00 0.000000000000000000e+00 1.600000000000000089e+00 2.024999999999999890e-03 2.804000000000000069e-03 9.999940000000000495e-01 2.922549999999999870e-01 -9.563380000000000214e-01 2.089999999999999844e-03 9.563380000000000214e-01 2.922489999999999810e-01 -2.756000000000000203e-03
1.200000000000000000e+01 1.600000000000000000e+01 4.000000000000000000e+00 0.000000000000000000e+00 1.600000000000000089e+00 -5.045000000000000005e-03 -7.870000000000000476e-04 9.999869999999999592e-01 3.550949999999999940e-01 -9.348300000000000498e-01 1.056000000000000081e-03 9.348170000000000091e-01 3.550960000000000227e-01 4.995000000000000308e-03
1.700000000000000000e+01 1.600000000000000000e+01 4.000000000000000000e+00 0.000000000000000000e+00 1.600000000000000089e+00 -4.840000000000000010e-04 5.616000000000000332e-03 9.999839999999999840e-01 3.520690000000000208e-01 -9.359589999999999854e-01 5.427000000000000400e-03 9.359739999999999727e-01 3.520659999999999901e-01 -1.523999999999999964e-03
2.100000000000000000e+01 1.600000000000000000e+01 4.000000000000000000e+00 0.000000000000000000e+00 1.600000000000000089e+00 -8.069999999999999916e-04 4.465000000000000219e-03 9.999900000000000455e-01 3.529519999999999880e-01 -9.356309999999999905e-01 4.461999999999999821e-03 9.356409999999999449e-01 3.529519999999999880e-01 -8.210000000000000067e-04
6.000000000000000000e+00 1.010000000000000000e+02 7.000000000000000000e+00 0.000000000000000000e+00 1.600000000000000089e+00 -1.409000000000000096e-03 -1.855000000000000095e-03 9.999970000000000248e-01 8.832699999999999996e-01 4.688599999999999990e-01 2.113999999999999994e-03 -4.688629999999999742e-01 8.832710000000000283e-01 9.779999999999999197e-04
1.300000000000000000e+01 1.010000000000000000e+02 7.000000000000000000e+00 0.000000000000000000e+00 1.600000000000000089e+00 7.590000000000000175e-04 -8.040999999999999537e-03 9.999670000000000503e-01 8.874410000000000354e-01 4.609110000000000151e-01 3.033000000000000106e-03 -4.609199999999999964e-01 8.874100000000000321e-01 7.485000000000000334e-03
1.800000000000000000e+01 1.010000000000000000e+02 7.000000000000000000e+00 0.000000000000000000e+00 1.600000000000000089e+00 -8.069999999999999916e-04 7.237000000000000377e-03 9.999740000000000295e-01 8.881470000000000198e-01 4.595520000000000160e-01 -2.609000000000000208e-03 -4.595580000000000220e-01 8.881219999999999670e-01 -6.798000000000000223e-03
2.300000000000000000e+01 1.010000000000000000e+02 7.000000000000000000e+00 0.000000000000000000e+00 1.600000000000000089e+00 -2.093999999999999941e-03 -5.218000000000000416e-03 9.999839999999999840e-01 8.890519999999999534e-01 4.577860000000000262e-01 4.250000000000000305e-03 -4.578010000000000135e-01 8.890470000000000317e-01 3.680000000000000111e-03
2.800000000000000000e+01 1.010000000000000000e+02 7.000000000000000000e+00 0.000000000000000000e+00 1.600000000000000089e+00 8.130000000000000291e-04 -1.236199999999999972e-02 9.999230000000000063e-01 8.865910000000000180e-01 4.625279999999999947e-01 4.997999999999999839e-03 -4.625540000000000207e-01 8.865180000000000282e-01 1.133600000000000059e-02
3.000000000000000000e+00 1.500000000000000000e+01 8.000000000000000000e+00 0.000000000000000000e+00 1.600000000000000089e+00 3.729000000000000110e-03 7.071000000000000028e-03 -9.999679999999999680e-01 -5.878400000000000292e-01 -8.089389999999999636e-01 -7.912000000000000630e-03 -8.089690000000000492e-01 5.878499999999999837e-01 1.139999999999999954e-03
9.000000000000000000e+00 1.500000000000000000e+01 8.000000000000000000e+00 0.000000000000000000e+00 1.600000000000000089e+00 2.912999999999999791e-03 -2.883000000000000146e-03 -9.999919999999999920e-01 -5.875240000000000462e-01 -8.092059999999999809e-01 6.210000000000000242e-04 -8.092009999999999481e-01 5.875169999999999559e-01 -4.050999999999999913e-03
1.500000000000000000e+01 1.500000000000000000e+01 8.000000000000000000e+00 0.000000000000000000e+00 1.600000000000000089e+00 2.583999999999999925e-03 7.147999999999999840e-03 -9.999710000000000543e-01 -5.839480000000000226e-01 -8.117579999999999796e-01 -7.311999999999999923e-03 -8.117870000000000363e-01 5.839499999999999691e-01 2.076999999999999853e-03
2.200000000000000000e+01 1.500000000000000000e+01 8.000000000000000000e+00 0.000000000000000000e+00 1.600000000000000089e+00 1.884999999999999957e-03 2.756000000000000203e-03 -9.999940000000000495e-01 -5.842509999999999648e-01 -8.115660000000000096e-01 -3.337999999999999821e-03 -8.115710000000000424e-01 5.842540000000000511e-01 8.100000000000000375e-05
2.500000000000000000e+01 1.500000000000000000e+01 8.000000000000000000e+00 0.000000000000000000e+00 1.600000000000000089e+00 -6.679999999999999740e-04 1.502000000000000080e-03 -9.999989999999999712e-01 -5.848670000000000258e-01 -8.111279999999999601e-01 -8.270000000000000441e-04 -8.111289999999999889e-01 5.848659999999999970e-01 1.420999999999999954e-03
1.600000000000000000e+01 2.600000000000000000e+01 8.000000000000000000e+00 0.000000000000000000e+00 1.600000000000000089e+00 -3.833000000000000036e-03 -1.408099999999999977e-02 -9.998930000000000318e-01 4.076159999999999783e-01 9.130399999999999627e-01 -1.442000000000000053e-02 9.131460000000000132e-01 -4.076279999999999903e-01 2.239999999999999804e-03
2.000000000000000000e+01 2.600000000000000000e+01 8.000000000000000000e+00 0.000000000000000000e+00 1.600000000000000089e+00 -2.164000000000000125e-03 -6.991999999999999951e-03 -9.999730000000000008e-01 4.087939999999999907e-01 9.125980000000000203e-01 -7.265999999999999889e-03 9.126239999999999908e-01 -4.087979999999999947e-01 8.829999999999999958e-04
2.600000000000000000e+01 2.600000000000000000e+01 8.000000000000000000e+00 0.000000000000000000e+00 1.600000000000000089e+00 -5.079999999999999880e-04 3.507000000000000135e-03 -9.999940000000000495e-01 4.089940000000000242e-01 9.125320000000000098e-01 2.993000000000000001e-03 9.125370000000000426e-01 -4.089900000000000202e-01 -1.897999999999999948e-03
7.000000000000000000e+00 2.400000000000000000e+01 9.000000000000000000e+00 0.000000000000000000e+00 1.600000000000000089e+00 -1.644999999999999978e-03 9.749999999999999552e-04 -9.999980000000000535e-01 4.597019999999999995e-01 8.880730000000000013e-01 1.090000000000000067e-04 8.880719999999999725e-01 -4.597010000000000263e-01 -1.909000000000000107e-03
1.000000000000000000e+01 2.400000000000000000e+01 9.000000000000000000e+00 0.000000000000000000e+00 1.600000000000000089e+00 -2.217999999999999920e-03 -3.131000000000000102e-03 -9.999930000000000208e-01 4.594840000000000035e-01 8.881780000000000230e-01 -3.799999999999999992e-03 8.881829999999999448e-01 -4.594889999999999808e-01 -5.310000000000000050e-04
1.500000000000000000e+01 2.400000000000000000e+01 9.000000000000000000e+00 0.000000000000000000e+00 1.600000000000000089e+00 -4.176000000000000024e-03 -1.633000000000000076e-02 -9.998580000000000245e-01 4.590239999999999876e-01 8.882719999999999505e-01 -1.642400000000000110e-02 8.884140000000000370e-01 -4.590270000000000183e-01 3.787000000000000002e-03
2.200000000000000000e+01 2.400000000000000000e+01 9.000000000000000000e+00 0.000000000000000000e+00 1.600000000000000089e+00 -1.855000000000000095e-03 -2.654999999999999808e-03 -9.999949999999999672e-01 4.619779999999999998e-01 8.868850000000000344e-01 -3.210999999999999879e-03 8.868890000000000384e-01 -4.619820000000000038e-01 -4.189999999999999931e-04
1.900000000000000000e+01 3.100000000000000000e+01 1.200000000000000000e+01 0.000000000000000000e+00 1.600000000000000089e+00 -8.400000000000000348e-04 -1.851999999999999914e-03 9.999980000000000535e-01 -2.348700000000000093e-02 9.997219999999999995e-01 1.832000000000000078e-03 -9.997239999999999460e-01 -2.348599999999999993e-02 -8.829999999999999958e-04
2.400000000000000000e+01 3.500000000000000000e+01 1.200000000000000000e+01 0.000000000000000000e+00 1.600000000000000089e+00 1.329000000000000103e-03 -5.165999999999999585e-03 -9.999860000000000415e-01 4.692799999999999749e-01 -8.830339999999999856e-01 5.185999999999999638e-03 -8.830480000000000551e-01 -4.692799999999999749e-01 1.250999999999999942e-03
3.000000000000000000e+01 3.500000000000000000e+01 1.200000000000000000e+01 0.000000000000000000e+00 1.600000000000000089e+00 6.909999999999999910e-04 -4.611999999999999780e-03 -9.999890000000000168e-01 4.515799999999999814e-01 -8.922200000000000131e-01 4.427000000000000379e-03 -8.922299999999999676e-01 -4.515779999999999794e-01 1.466000000000000072e-03
2.700000000000000000e+01 4.000000000000000000e+00 1.300000000000000000e+01 0.000000000000000000e+00 1.600000000000000089e+00 9.120000000000000502e-04 -2.161869999999999903e-01 9.763519999999999976e-01 -1.020820000000000061e-01 9.712309999999999555e-01 2.151480000000000059e-01 -9.947759999999999936e-01 -9.986399999999999444e-02 -2.118300000000000044e-02
1.200000000000000000e+01 3.200000000000000000e+01 1.400000000000000000e+01 0.000000000000000000e+00 1.600000000000000089e+00 -2.418000000000000010e-03 -4.886999999999999851e-03 -9.999850000000000128e-01 1.121739999999999959e-01 9.936749999999999750e-01 -5.126999999999999613e-03 9.936859999999999582e-01 -1.121840000000000059e-01 -1.855000000000000095e-03
4.000000000000000000e+00 1.200000000000000000e+01 1.500000000000000000e+01 0.000000000000000000e+00 1.600000000000000089e+00 3.129999999999999970e-03 3.615000000000000158e-03 -9.999890000000000168e-01 -4.683370000000000033e-01 -8.835380000000000456e-01 -4.660000000000000080e-03 -8.835439999999999960e-01 4.683459999999999845e-01 -1.072000000000000036e-03
9.000000000000000000e+00 1.200000000000000000e+01 1.500000000000000000e+01 0.000000000000000000e+00 1.600000000000000089e+00 2.950000000000000148e-04 -1.631000000000000071e-03 -9.999989999999999712e-01 -4.688610000000000277e-01 -8.832710000000000283e-01 1.302999999999999905e-03 -8.832719999999999461e-01 4.688599999999999990e-01 -1.025000000000000086e-03
1.300000000000000000e+01 1.200000000000000000e+01 1.500000000000000000e+01 0.000000000000000000e+00 1.600000000000000089e+00 3.559999999999999797e-04 -1.459999999999999981e-04 -1.000000000000000000e+00 -4.679220000000000046e-01 -8.837699999999999445e-01 -3.800000000000000209e-05 -8.837699999999999445e-01 4.679220000000000046e-01 -3.820000000000000153e-04
2.000000000000000000e+01 1.200000000000000000e+01 1.500000000000000000e+01 0.000000000000000000e+00 1.600000000000000089e+00 2.712000000000000001e-03 -9.060000000000000128e-04 -9.999959999999999960e-01 -4.677020000000000066e-01 -8.838859999999999495e-01 -4.679999999999999915e-04 -8.838819999999999455e-01 4.677009999999999779e-01 -2.820000000000000024e-03
2.300000000000000000e+01 1.200000000000000000e+01 1.500000000000000000e+01 0.000000000000000000e+00 1.600000000000000089e+00 2.475999999999999902e-03 -4.229999999999999819e-04 -9.999970000000000248e-01 -4.680230000000000223e-01 -8.837159999999999460e-01 -7.849999999999999990e-04 -8.837129999999999708e-01 4.680239999999999956e-01 -2.386000000000000100e-03
2.500000000000000000e+01 1.200000000000000000e+01 1.500000000000000000e+01 0.000000000000000000e+00 1.600000000000000089e+00 1.502000000000000080e-03 -4.159999999999999744e-04 -9.999989999999999712e-01 -4.680500000000000216e-01 -8.837019999999999875e-01 -3.350000000000000113e-04 -8.837009999999999588e-01 4.680500000000000216e-01 -1.521999999999999915e-03
9.000000000000000000e+00 1.100000000000000000e+01 1.600000000000000000e+01 0.000000000000000000e+00 1.600000000000000089e+00 -1.259999999999999998e-04 -3.429999999999999889e-04 -1.000000000000000000e+00 -4.212310000000000221e-01 -9.069530000000000092e-01 3.640000000000000115e-04 -9.069530000000000092e-01 4.212310000000000221e-01 -3.000000000000000076e-05
1.300000000000000000e+01 1.100000000000000000e+01 1.600000000000000000e+01 0.000000000000000000e+00 1.600000000000000089e+00 9.600000000000000243e-05 4.189999999999999931e-04 -1.000000000000000000e+00 -4.202779999999999849e-01 -9.073949999999999516e-01 -4.200000000000000174e-04 -9.073949999999999516e-01 4.202779999999999849e-01 8.899999999999999491e-05
1.600000000000000000e+01 1.100000000000000000e+01 1.600000000000000000e+01 0.000000000000000000e+00 1.600000000000000089e+00 1.642999999999999929e-03 -1.659999999999999963e-04 -9.999989999999999712e-01 -4.194330000000000003e-01 -9.077859999999999818e-01 -5.379999999999999583e-04 -9.077849999999999531e-01 4.194330000000000003e-01 -1.561000000000000104e-03
2.200000000000000000e+01 1.100000000000000000e+01 1.600000000000000000e+01 0.000000000000000000e+00 1.600000000000000089e+00 2.284000000000000006e-03 5.640000000000000482e-04 -9.999970000000000248e-01 -4.203509999999999747e-01 -9.073600000000000554e-01 -1.472000000000000001e-03 -9.073590000000000266e-01 4.203529999999999767e-01 -1.835999999999999958e-03
2.000000000000000000e+00 1.160000000000000000e+02 1.600000000000000000e+01 0.000000000000000000e+00 1.600000000000000089e+00 4.930000000000000354e-03 1.933000000000000039e-03 9.999860000000000415e-01 7.101359999999999895e-01 7.040480000000000071e-01 -4.862000000000000002e-03 -7.040469999999999784e-01 7.101499999999999480e-01 2.098000000000000038e-03
6.000000000000000000e+00 1.160000000000000000e+02 1.600000000000000000e+01 0.000000000000000000e+00 1.600000000000000089e+00 1.915000000000000036e-03 7.100000000000000191e-04 9.999980000000000535e-01 7.043449999999999989e-01 7.098550000000000137e-01 -1.853000000000000046e-03 -7.098550000000000137e-01 7.043469999999999454e-01 8.599999999999999789e-04
1.000000000000000000e+01 1.160000000000000000e+02 1.600000000000000000e+01 0.000000000000000000e+00 1.600000000000000089e+00 -1.716000000000000077e-03 -1.877999999999999895e-03 9.999970000000000248e-01 6.967820000000000125e-01 7.172789999999999999e-01 2.543000000000000121e-03 -7.172809999999999464e-01 6.967839999999999590e-01 7.799999999999999859e-05
1.900000000000000000e+01 1.160000000000000000e+02 1.600000000000000000e+01 0.000000000000000000e+00 1.600000000000000089e+00 9.810000000000001011e-04 1.525000000000000097e-03 9.999980000000000535e-01 7.343460000000000543e-01 6.787729999999999597e-01 -1.755999999999999965e-03 -6.787739999999999885e-01 7.343469999999999720e-01 -4.539999999999999765e-04
4.000000000000000000e+00 2.000000000000000000e+00 1.900000000000000000e+01 0.000000000000000000e+00 1.600000000000000089e+00 1.314000000000000064e-03 -7.045000000000000047e-03 -9.999740000000000295e-01 1.835579999999999989e-01 -9.829830000000000512e-01 7.166999999999999760e-03 -9.830079999999999929e-01 -1.835630000000000039e-01 1.999999999999999909e-06
8.000000000000000000e+00 2.000000000000000000e+00 1.900000000000000000e+01 0.000000000000000000e+00 1.600000000000000089e+00 -1.807000000000000012e-03 4.275000000000000154e-03 -9.999890000000000168e-01 1.798780000000000101e-01 -9.836780000000000523e-01 -4.531000000000000305e-03 -9.836869999999999781e-01 -1.798849999999999894e-01 1.008999999999999914e-03
1.200000000000000000e+01 2.000000000000000000e+00 1.900000000000000000e+01 0.000000000000000000e+00 1.600000000000000089e+00 -2.906000000000000163e-03 4.337999999999999842e-03 -9.999860000000000415e-01 1.735540000000000138e-01 -9.848130000000000495e-01 -4.776999999999999996e-03 -9.848200000000000287e-01 -1.735659999999999981e-01 2.109000000000000197e-03
1.800000000000000000e+01 2.000000000000000000e+00 1.900000000000000000e+01 0.000000000000000000e+00 1.600000000000000089e+00 -1.959999999999999937e-03 9.190000000000000252e-03 -9.999559999999999560e-01 1.750960000000000016e-01 -9.845070000000000210e-01 -9.391000000000000042e-03 -9.845490000000000075e-01 -1.751070000000000126e-01 3.200000000000000262e-04
2.300000000000000000e+01 2.000000000000000000e+00 1.900000000000000000e+01 0.000000000000000000e+00 1.600000000000000089e+00 -8.637000000000000580e-03 2.397499999999999978e-02 -9.996749999999999803e-01 1.850580000000000003e-01 -9.824049999999999727e-01 -2.515900000000000081e-02 -9.826899999999999524e-01 -1.852159999999999918e-01 4.048000000000000383e-03
7.000000000000000000e+00 4.000000000000000000e+00 2.000000000000000000e+01 0.000000000000000000e+00 1.600000000000000089e+00 -1.456999999999999962e-03 -3.620000000000000171e-04 -9.999989999999999712e-01 2.730230000000000157e-01 -9.620079999999999742e-01 -5.000000000000000240e-05 -9.620060000000000278e-01 -2.730230000000000157e-01 1.500999999999999947e-03
1.100000000000000000e+01 4.000000000000000000e+00 2.000000000000000000e+01 0.000000000000000000e+00 1.600000000000000089e+00 -2.952999999999999896e-03 4.645999999999999956e-03 -9.999850000000000128e-01 2.615410000000000235e-01 -9.651779999999999804e-01 -5.256000000000000255e-03 -9.651880000000000459e-01 -2.615520000000000067e-01 1.634999999999999952e-03
1.500000000000000000e+01 4.000000000000000000e+00 2.000000000000000000e+01 0.000000000000000000e+00 1.600000000000000089e+00 5.349999999999999938e-04 1.669999999999999935e-04 -1.000000000000000000e+00 2.533929999999999794e-01 -9.673629999999999729e-01 -2.599999999999999840e-05 -9.673629999999999729e-01 -2.533929999999999794e-01 -5.599999999999999509e-04
3.000000000000000000e+01 4.000000000000000000e+00 2.000000000000000000e+01 0.000000000000000000e+00 1.600000000000000089e+00 -1.190000000000000085e-02 8.864999999999999616e-03 -9.998899999999999455e-01 2.822669999999999901e-01 -9.592629999999999768e-01 -1.186399999999999955e-02 -9.592619999999999481e-01 -2.823769999999999891e-01 8.913000000000000783e-03
5.000000000000000000e+00 1.300000000000000000e+01 2.000000000000000000e+01 0.000000000000000000e+00 1.600000000000000089e+00 6.980000000000000527e-04 2.190000000000000106e-04 1.000000000000000000e+00 2.541439999999999810e-01 9.671659999999999702e-01 -3.890000000000000228e-04 -9.671659999999999702e-01 2.541439999999999810e-01 6.199999999999999999e-04
8.000000000000000000e+00 1.300000000000000000e+01 2.000000000000000000e+01 0.000000000000000000e+00 1.600000000000000089e+00 -2.900000000000000017e-05 -1.255000000000000039e-03 9.999989999999999712e-01 2.524600000000000177e-01 9.676059999999999661e-01 1.221000000000000080e-03 -9.676069999999999949e-01 2.524600000000000177e-01 2.880000000000000073e-04
1.200000000000000000e+01 1.300000000000000000e+01 2.000000000000000000e+01 0.000000000000000000e+00 1.600000000000000089e+00 -2.039999999999999984e-04 -1.835999999999999958e-03 9.999980000000000535e-01 2.531120000000000037e-01 9.674350000000000449e-01 1.827999999999999981e-03 -9.674369999999999914e-01 2.531120000000000037e-01 2.680000000000000090e-04
1.600000000000000000e+01 1.300000000000000000e+01 2.000000000000000000e+01 0.000000000000000000e+00 1.600000000000000089e+00 -2.840000000000000185e-04 -3.118999999999999811e-03 9.999949999999999672e-01 2.536849999999999938e-01 9.672819999999999752e-01 3.089000000000000166e-03 -9.672870000000000079e-01 2.536840000000000206e-01 5.159999999999999656e-04
2.200000000000000000e+01 1.300000000000000000e+01 2.000000000000000000e+01 0.000000000000000000e+00 1.600000000000000089e+00 -6.299999999999999990e-05 -6.096999999999999989e-03 9.999810000000000088e-01 2.506419999999999759e-01 9.680619999999999781e-01 5.917999999999999650e-03 -9.680800000000000516e-01 2.506369999999999987e-01 1.466999999999999988e-03
2.800000000000000000e+01 1.300000000000000000e+01 2.000000000000000000e+01 0.000000000000000000e+00 1.600000000000000089e+00 -1.389000000000000044e-03 -7.284999999999999809e-03 9.999719999999999720e-01 2.473760000000000125e-01 9.688909999999999467e-01 7.402999999999999858e-03 -9.689189999999999747e-01 2.473789999999999878e-01 4.560000000000000251e-04
4.000000000000000000e+00 1.600000000000000000e+01 2.100000000000000000e+01 0.000000000000000000e+00 1.600000000000000089e+00 2.500000000000000052e-04 3.798000000000000161e-03 9.999930000000000208e-01 2.984680000000000111e-01 9.544129999999999558e-01 -3.700000000000000164e-03 -9.544200000000000461e-01 2.984660000000000091e-01 -8.949999999999999623e-04
1.300000000000000000e+01 1.600000000000000000e+01 2.100000000000000000e+01 0.000000000000000000e+00 1.600000000000000089e+00 4.229999999999999819e-04 6.629999999999999609e-04 1.000000000000000000e+00 3.003520000000000079e-01 9.538280000000000092e-01 -7.590000000000000175e-04 -9.538280000000000092e-01 3.003529999999999811e-01 2.049999999999999956e-04
1.900000000000000000e+01 1.600000000000000000e+01 2.100000000000000000e+01 0.000000000000000000e+00 1.600000000000000089e+00 -4.800000000000000122e-04 -4.015999999999999605e-03 9.999919999999999920e-01 2.993739999999999735e-01 9.541269999999999474e-01 3.976000000000000367e-03 -9.541359999999999841e-01 2.993739999999999735e-01 7.450000000000000025e-04
2.200000000000000000e+01 1.600000000000000000e+01 2.100000000000000000e+01 0.000000000000000000e+00 1.600000000000000089e+00 -6.160000000000000111e-04 -9.199000000000000579e-03 9.999580000000000135e-01 2.994390000000000107e-01 9.540729999999999489e-01 8.961999999999999481e-03 -9.541150000000000464e-01 2.994310000000000027e-01 2.167000000000000089e-03
2.700000000000000000e+01 1.600000000000000000e+01 2.100000000000000000e+01 0.000000000000000000e+00 1.600000000000000089e+00 -1.727000000000000019e-03 -8.141000000000000666e-03 9.999649999999999928e-01 2.987150000000000083e-01 9.543059999999999876e-01 8.285000000000000697e-03 -9.543409999999999949e-01 2.987190000000000123e-01 7.829999999999999504e-04
2.500000000000000000e+01 5.000000000000000000e+01 2.200000000000000000e+01 0.000000000000000000e+00 1.600000000000000089e+00 -2.829999999999999942e-04 -3.049000000000000061e-03 -9.999949999999999672e-01 -5.810800000000000409e-01 8.138429999999999831e-01 -2.317000000000000049e-03 8.138459999999999583e-01 5.810769999999999547e-01 -2.001999999999999873e-03
4.000000000000000000e+00 3.000000000000000000e+00 2.500000000000000000e+01 0.000000000000000000e+00 1.600000000000000089e+00 -7.349999999999999763e-04 1.689999999999999879e-04 1.000000000000000000e+00 -2.579599999999999949e-02 -9.996669999999999723e-01 1.499999999999999869e-04 9.996669999999999723e-01 -2.579499999999999849e-02 7.389999999999999651e-04
7.000000000000000000e+00 3.000000000000000000e+00 2.500000000000000000e+01 0.000000000000000000e+00 1.600000000000000089e+00 1.673999999999999924e-03 5.918999999999999782e-03 9.999810000000000088e-01 -2.153400000000000106e-02 -9.997500000000000275e-01 5.952999999999999958e-03 9.997669999999999613e-01 -2.154400000000000065e-02 -1.546999999999999981e-03
1.000000000000000000e+00 4.600000000000000000e+01 2.700000000000000000e+01 0.000000000000000000e+00 1.600000000000000089e+00 8.099999999999999561e-04 -9.229999999999999923e-04 -9.999989999999999712e-01 6.640840000000000076e-01 7.476580000000000448e-01 -1.520000000000000084e-04 7.476580000000000448e-01 -6.640829999999999789e-01 1.219000000000000031e-03
6.000000000000000000e+00 4.600000000000000000e+01 2.700000000000000000e+01 0.000000000000000000e+00 1.600000000000000089e+00 1.928000000000000026e-03 2.420000000000000005e-04 -9.999980000000000535e-01 6.626229999999999620e-01 7.489519999999999511e-01 1.459000000000000010e-03 7.489510000000000334e-01 -6.626239999999999908e-01 1.283999999999999985e-03
1.400000000000000000e+01 4.600000000000000000e+01 2.700000000000000000e+01 0.000000000000000000e+00 1.600000000000000089e+00 -1.413999999999999892e-03 -2.709999999999999735e-04 -9.999989999999999712e-01 6.632890000000000175e-01 7.483619999999999717e-01 -1.141000000000000087e-03 7.483619999999999717e-01 -6.632900000000000462e-01 -8.779999999999999827e-04
2.000000000000000000e+01 4.600000000000000000e+01 2.700000000000000000e+01 0.000000000000000000e+00 1.600000000000000089e+00 1.464000000000000024e-03 -2.579999999999999828e-04 -9.999989999999999712e-01 6.589159999999999462e-01 7.522159999999999958e-01 7.709999999999999840e-04 7.522149999999999670e-01 -6.589159999999999462e-01 1.270999999999999994e-03
2.400000000000000000e+01 4.600000000000000000e+01 2.700000000000000000e+01 0.000000000000000000e+00 1.600000000000000089e+00 -1.134000000000000025e-03 -1.026000000000000002e-03 -9.999989999999999712e-01 6.616940000000000044e-01 7.497730000000000228e-01 -1.520000000000000084e-03 7.497730000000000228e-01 -6.616950000000000331e-01 -1.710000000000000094e-04
7.000000000000000000e+00 5.800000000000000000e+01 3.100000000000000000e+01 0.000000000000000000e+00 1.600000000000000089e+00 6.790000000000000029e-03 1.173999999999999913e-03 9.999759999999999760e-01 -7.840549999999999464e-01 -6.206620000000000470e-01 6.052000000000000088e-03 6.206540000000000390e-01 -7.840770000000000239e-01 -3.294000000000000053e-03
1.500000000000000000e+01 5.800000000000000000e+01 3.100000000000000000e+01 0.000000000000000000e+00 1.600000000000000089e+00 1.554999999999999959e-03 3.354000000000000210e-03 9.999930000000000208e-01 -7.760629999999999473e-01 -6.306469999999999576e-01 3.321999999999999866e-03 6.306540000000000479e-01 -7.760629999999999473e-01 1.621999999999999961e-03
2.000000000000000000e+01 5.800000000000000000e+01 3.100000000000000000e+01 0.000000000000000000e+00 1.600000000000000089e+00 2.769000000000000194e-03 5.091000000000000039e-03 9.999829999999999552e-01 -7.699850000000000305e-01 -6.380400000000000515e-01 5.380000000000000233e-03 6.380559999999999565e-01 -7.699869999999999770e-01 2.152999999999999966e-03
2.500000000000000000e+01 5.800000000000000000e+01 3.100000000000000000e+01 0.000000000000000000e+00 1.600000000000000089e+00 1.758999999999999930e-03 2.216999999999999787e-03 9.999959999999999960e-01 -7.664339999999999486e-01 -6.423170000000000268e-01 2.772000000000000158e-03 6.423210000000000308e-01 -7.664360000000000062e-01 5.699999999999999772e-04
2.800000000000000000e+01 5.800000000000000000e+01 3.100000000000000000e+01 0.000000000000000000e+00 1.600000000000000089e+00 3.714999999999999986e-03 3.739999999999999835e-04 9.999930000000000208e-01 -7.632029999999999648e-01 -6.461510000000000309e-01 3.076999999999999874e-03 6.461479999999999446e-01 -7.632090000000000263e-01 -2.115000000000000126e-03
7.000000000000000000e+00 6.000000000000000000e+00 3.200000000000000000e+01 0.000000000000000000e+00 1.600000000000000089e+00 -2.860000000000000129e-04 -5.484000000000000159e-03 -9.999850000000000128e-01 1.546289999999999887e-01 9.879580000000000028e-01 -5.461999999999999841e-03 9.879729999999999901e-01 -1.546279999999999877e-01 5.659999999999999884e-04
1.000000000000000000e+00 4.600000000000000000e+01 3.500000000000000000e+01 0.000000000000000000e+00 1.600000000000000089e+00 1.830999999999999945e-03 7.119999999999999593e-04 -9.999980000000000535e-01 3.840459999999999985e-01 -9.233139999999999681e-01 4.600000000000000004e-05 -9.233120000000000216e-01 -3.840459999999999985e-01 -1.964000000000000034e-03
5.000000000000000000e+00 4.600000000000000000e+01 3.500000000000000000e+01 0.000000000000000000e+00 1.600000000000000089e+00 1.601999999999999908e-03 -1.200000000000000030e-04 -9.999989999999999712e-01 3.854279999999999928e-01 -9.227379999999999471e-01 7.280000000000000230e-04 -9.227360000000000007e-01 -3.854290000000000216e-01 -1.431999999999999896e-03
8.000000000000000000e+00 4.600000000000000000e+01 3.500000000000000000e+01 0.000000000000000000e+00 1.600000000000000089e+00 -9.020000000000000240e-04 -2.291000000000000068e-03 -9.999970000000000248e-01 3.863940000000000152e-01 -9.223320000000000407e-01 1.763999999999999943e-03 -9.223329999999999584e-01 -3.863909999999999845e-01 1.716999999999999993e-03
1.200000000000000000e+01 4.600000000000000000e+01 3.500000000000000000e+01 0.000000000000000000e+00 1.600000000000000089e+00 -1.534999999999999906e-03 2.990000000000000036e-04 -9.999989999999999712e-01 3.858539999999999748e-01 -9.225590000000000179e-01 -8.679999999999999565e-04 -9.225579999999999892e-01 -3.858550000000000035e-01 1.301000000000000073e-03
1.800000000000000000e+01 4.600000000000000000e+01 3.500000000000000000e+01 0.000000000000000000e+00 1.600000000000000089e+00 4.640000000000000027e-04 -3.896000000000000157e-03 -9.999919999999999920e-01 3.865669999999999940e-01 -9.222540000000000182e-01 3.772999999999999878e-03 -9.222609999999999975e-01 -3.865660000000000207e-01 1.077999999999999965e-03
2.200000000000000000e+01 4.600000000000000000e+01 3.500000000000000000e+01 0.000000000000000000e+00 1.600000000000000089e+00 2.950000000000000148e-04 5.879999999999999810e-04 -1.000000000000000000e+00 3.865999999999999992e-01 -9.222470000000000390e-01 -4.279999999999999950e-04 -9.222470000000000390e-01 -3.865999999999999992e-01 -4.989999999999999861e-04
6.000000000000000000e+00 9.500000000000000000e+01 3.600000000000000000e+01 0.000000000000000000e+00 1.600000000000000089e+00 1.355000000000000085e-03 1.924599999999999922e-02 9.998139999999999805e-01 9.966129999999999711e-01 8.218499999999999417e-02 -2.932000000000000144e-03 -8.222599999999999354e-02 9.964309999999999556e-01 -1.906899999999999915e-02
1.200000000000000000e+01 9.500000000000000000e+01 3.600000000000000000e+01 0.000000000000000000e+00 1.600000000000000089e+00 3.996000000000000420e-03 -5.296000000000000360e-03 9.999780000000000335e-01 9.970630000000000326e-01 7.650700000000000556e-02 -3.579000000000000150e-03 -7.648599999999999843e-02 9.970550000000000246e-01 5.585999999999999820e-03
2.100000000000000000e+01 9.500000000000000000e+01 3.600000000000000000e+01 0.000000000000000000e+00 1.600000000000000089e+00 -4.110000000000000155e-04 9.076000000000000734e-03 9.999590000000000423e-01 9.966009999999999591e-01 8.238199999999999690e-02 -3.379999999999999758e-04 -8.238199999999999690e-02 9.965600000000000014e-01 -9.079000000000000264e-03
2.400000000000000000e+01 9.500000000000000000e+01 3.600000000000000000e+01 0.000000000000000000e+00 1.600000000000000089e+00 -8.059999999999999673e-04 1.600199999999999886e-02 9.998719999999999830e-01 9.970390000000000086e-01 7.689600000000000601e-02 -4.270000000000000249e-04 -7.689300000000000301e-02 9.969109999999999916e-01 -1.601599999999999899e-02
3.000000000000000000e+01 9.500000000000000000e+01 3.600000000000000000e+01 0.000000000000000000e+00 1.600000000000000089e+00 1.050000000000000044e-04 7.020000000000000415e-04 1.000000000000000000e+00 9.972809999999999730e-01 7.368600000000000150e-02 -1.559999999999999972e-04 -7.368600000000000150e-02 9.972809999999999730e-01 -6.920000000000000153e-04
4.000000000000000000e+00 3.000000000000000000e+00 4.300000000000000000e+01 0.000000000000000000e+00 1.600000000000000089e+00 -9.600000000000000243e-04 2.164500000000000104e-02 -9.997650000000000148e-01 7.421950000000000491e-01 -6.700110000000000232e-01 -1.521800000000000062e-02 -6.701829999999999732e-01 -7.420350000000000001e-01 -1.542100000000000068e-02
1.200000000000000000e+01 3.000000000000000000e+00 4.300000000000000000e+01 0.000000000000000000e+00 1.600000000000000089e+00 8.100000000000000375e-05 1.417700000000000037e-02 -9.999000000000000110e-01 7.397049999999999459e-01 -6.728650000000000464e-01 -9.480000000000000579e-03 -6.729319999999999746e-01 -7.396300000000000097e-01 -1.054199999999999929e-02
2.900000000000000000e+01 3.000000000000000000e+00 4.300000000000000000e+01 0.000000000000000000e+00 1.600000000000000089e+00 1.796000000000000070e-03 9.750999999999999251e-03 -9.999510000000000343e-01 7.403990000000000293e-01 -6.721470000000000500e-01 -5.224999999999999610e-03 -6.721650000000000125e-01 -7.403530000000000388e-01 -8.427000000000000463e-03
9.000000000000000000e+00 8.000000000000000000e+00 4.400000000000000000e+01 0.000000000000000000e+00 1.600000000000000089e+00 4.275000000000000154e-03 1.484500000000000056e-02 9.998810000000000198e-01 -7.747939999999999827e-01 -6.320869999999999544e-01 1.269699999999999995e-02 6.321999999999999842e-01 -7.747549999999999715e-01 8.800000000000000530e-03
1.600000000000000000e+01 8.000000000000000000e+00 4.400000000000000000e+01 0.000000000000000000e+00 1.600000000000000089e+00 3.510000000000000208e-04 5.654000000000000171e-03 9.999839999999999840e-01 -7.793379999999999752e-01 -6.265920000000000378e-01 3.815999999999999948e-03 6.266040000000000498e-01 -7.793269999999999920e-01 4.185999999999999617e-03
2.300000000000000000e+01 8.000000000000000000e+00 4.400000000000000000e+01 0.000000000000000000e+00 1.600000000000000089e+00 4.000000000000000327e-05 -1.603000000000000041e-03 9.999989999999999712e-01 -7.819930000000000492e-01 -6.232870000000000354e-01 -9.680000000000000019e-04 6.232870000000000354e-01 -7.819920000000000204e-01 -1.278000000000000056e-03
2.700000000000000000e+01 8.000000000000000000e+00 4.400000000000000000e+01 0.000000000000000000e+00 1.600000000000000089e+00 8.499999999999999526e-04 2.978999999999999877e-03 9.999949999999999672e-01 -7.805330000000000323e-01 -6.251090000000000257e-01 2.524999999999999901e-03 6.251139999999999475e-01 -7.805309999999999748e-01 1.794000000000000022e-03
3.000000000000000000e+00 2.900000000000000000e+01 4.400000000000000000e+01 0.000000000000000000e+00 1.600000000000000089e+00 7.569999999999999689e-04 1.642999999999999929e-03 -9.999980000000000535e-01 6.783299999999999885e-01 7.347550000000000470e-01 1.719999999999999958e-03 7.347569999999999935e-01 -6.783299999999999885e-01 -5.580000000000000107e-04
8.000000000000000000e+00 2.900000000000000000e+01 4.400000000000000000e+01 0.000000000000000000e+00 1.600000000000000089e+00 -1.856999999999999927e-03 4.217000000000000262e-03 -9.999890000000000168e-01 6.763740000000000308e-01 7.365559999999999885e-01 1.850000000000000082e-03 7.365559999999999885e-01 -6.763639999999999652e-01 -4.219999999999999793e-03
1.600000000000000000e+01 2.900000000000000000e+01 4.400000000000000000e+01 0.000000000000000000e+00 1.600000000000000089e+00 -4.099999999999999912e-04 2.517999999999999839e-03 -9.999970000000000248e-01 6.742369999999999752e-01 7.385140000000000038e-01 1.582999999999999989e-03 7.385150000000000325e-01 -6.742340000000000000e-01 -2.001000000000000174e-03
2.100000000000000000e+01 2.900000000000000000e+01 4.400000000000000000e+01 0.000000000000000000e+00 1.600000000000000089e+00 -7.370000000000000249e-04 2.075000000000000022e-03 -9.999980000000000535e-01 6.703729999999999967e-01 7.420240000000000169e-01 1.046000000000000055e-03 7.420240000000000169e-01 -6.703700000000000214e-01 -1.938000000000000052e-03
2.600000000000000000e+01 2.900000000000000000e+01 4.400000000000000000e+01 0.000000000000000000e+00 1.600000000000000089e+00 -6.260000000000000373e-04 -2.159999999999999919e-04 -1.000000000000000000e+00 6.720009999999999595e-01 7.405500000000000416e-01 -5.810000000000000277e-04 7.405500000000000416e-01 -6.720009999999999595e-01 -3.190000000000000019e-04
2.100000000000000000e+01 5.400000000000000000e+01 4.600000000000000000e+01 0.000000000000000000e+00 1.600000000000000089e+00 -1.650999999999999907e-03 7.709999999999999840e-04 9.999980000000000535e-01 3.291040000000000076e-01 -9.442930000000000490e-01 1.270999999999999994e-03 9.442920000000000202e-01 3.291060000000000096e-01 1.304999999999999953e-03
7.000000000000000000e+00 6.500000000000000000e+01 4.600000000000000000e+01 0.000000000000000000e+00 1.600000000000000089e+00 1.567999999999999949e-03 -9.129999999999999661e-04 9.999980000000000535e-01 6.808779999999999832e-01 -7.323950000000000182e-01 -1.737000000000000046e-03 7.323950000000000182e-01 6.808790000000000120e-01 -5.270000000000000162e-04
7.000000000000000000e+00 6.000000000000000000e+00 5.100000000000000000e+01 0.000000000000000000e+00 1.600000000000000089e+00 3.010999999999999788e-03 7.318999999999999985e-03 -9.999689999999999968e-01 3.258820000000000050e-01 -9.453920000000000101e-01 -5.937999999999999702e-03 -9.454059999999999686e-01 -3.258539999999999770e-01 -5.231999999999999672e-03
1.100000000000000000e+01 6.000000000000000000e+00 5.100000000000000000e+01 0.000000000000000000e+00 1.600000000000000089e+00 4.990999999999999777e-03 8.063000000000000722e-03 -9.999550000000000383e-01 3.235089999999999910e-01 -9.462059999999999915e-01 -6.015000000000000381e-03 -9.462120000000000530e-01 -3.234639999999999738e-01 -7.330999999999999843e-03
2.500000000000000000e+01 6.000000000000000000e+00 5.100000000000000000e+01 0.000000000000000000e+00 1.600000000000000089e+00 -1.930000000000000021e-04 -4.560000000000000251e-04 -1.000000000000000000e+00 3.303789999999999782e-01 -9.438480000000000203e-01 3.669999999999999760e-04 -9.438480000000000203e-01 -3.303789999999999782e-01 3.330000000000000169e-04
2.000000000000000000e+00 7.000000000000000000e+00 5.200000000000000000e+01 0.000000000000000000e+00 1.600000000000000089e+00 -1.324000000000000090e-03 2.892000000000000039e-03 -9.999949999999999672e-01 1.129899999999999932e-01 -9.935920000000000307e-01 -3.023000000000000079e-03 -9.935950000000000060e-01 -1.129929999999999962e-01 9.890000000000000787e-04
7.000000000000000000e+00 7.000000000000000000e+00 5.200000000000000000e+01 0.000000000000000000e+00 1.600000000000000089e+00 4.402999999999999796e-03 6.061000000000000415e-03 -9.999719999999999720e-01 1.181859999999999994e-01 -9.929759999999999698e-01 -5.499000000000000415e-03 -9.929820000000000313e-01 -1.181579999999999991e-01 -5.087999999999999641e-03
3.000000000000000000e+00 6.300000000000000000e+01 5.400000000000000000e+01 0.000000000000000000e+00 1.600000000000000089e+00 -1.616999999999999948e-03 -8.859999999999999603e-04 9.999980000000000535e-01 -3.588270000000000071e-01 9.334040000000000115e-01 2.469999999999999865e-04 -9.334029999999999827e-01 -3.588259999999999783e-01 -1.827999999999999981e-03
1.000000000000000000e+01 6.300000000000000000e+01 5.400000000000000000e+01 0.000000000000000000e+00 1.600000000000000089e+00 -2.599999999999999840e-05 6.790000000000000245e-04 1.000000000000000000e+00 -3.523450000000000193e-01 9.358699999999999797e-01 -6.449999999999999570e-04 -9.358699999999999797e-01 -3.523450000000000193e-01 2.149999999999999947e-04
1.400000000000000000e+01 6.300000000000000000e+01 5.400000000000000000e+01 0.000000000000000000e+00 1.600000000000000089e+00 -2.420000000000000005e-04 1.046999999999999971e-03 9.999989999999999712e-01 -3.482660000000000200e-01 9.373949999999999783e-01 -1.064999999999999974e-03 -9.373960000000000070e-01 -3.482660000000000200e-01 1.379999999999999933e-04
1.900000000000000000e+01 6.300000000000000000e+01 5.400000000000000000e+01 0.000000000000000000e+00 1.600000000000000089e+00 -1.119999999999999983e-04 1.355000000000000085e-03 9.999989999999999712e-01 -3.531770000000000187e-01 9.355550000000000255e-01 -1.307000000000000002e-03 -9.355560000000000542e-01 -3.531770000000000187e-01 3.739999999999999835e-04
2.500000000000000000e+01 6.300000000000000000e+01 5.400000000000000000e+01 0.000000000000000000e+00 1.600000000000000089e+00 3.750000000000000078e-04 -3.449999999999999833e-04 1.000000000000000000e+00 -3.501859999999999973e-01 9.366799999999999571e-01 4.550000000000000008e-04 -9.366799999999999571e-01 -3.501859999999999973e-01 2.300000000000000070e-04
