1.000000000000000000e+01 1.500000000000000000e+01 4.000000000000000000e+00 0.000000000000000000e+00 1.600000000000000089e+00 -1.033999999999999980e-03 2.953799999999999829e-02 9.995629999999999793e-01 3.826629999999999754e-01 -9.234729999999999883e-01 2.768500000000000127e-02 9.238880000000000425e-01 3.825239999999999752e-01 -1.034799999999999956e-02
2.600000000000000000e+01 1.600000000000000000e+01 4.000000000000000000e+00 0.000000000000000000e+00 1.600000000000000089e+00 -2.446999999999999956e-03 1.508000000000000009e-03 9.999959999999999960e-01 4.580719999999999792e-01 -8.889120000000000354e-01 2.461000000000000080e-03 8.889120000000000354e-01 4.580759999999999832e-01 1.484000000000000076e-03
3.000000000000000000e+00 1.010000000000000000e+02 7.000000000000000000e+00 0.000000000000000000e+00 1.600000000000000089e+00 -2.180000000000000134e-04 -4.765000000000000138e-03 9.999890000000000168e-01 8.876429999999999598e-01 4.605259999999999909e-01 2.387999999999999932e-03 -4.605319999999999969e-01 8.876340000000000341e-01 4.128999999999999858e-03
8.000000000000000000e+00 1.010000000000000000e+02 7.000000000000000000e+00 0.000000000000000000e+00 1.600000000000000089e+00 -8.450000000000000479e-04 1.195200000000000082e-02 9.999280000000000390e-01 8.861769999999999925e-01 4.633220000000000116e-01 -4.789999999999999987e-03 -4.633459999999999801e-01 8.861090000000000355e-01 -1.098299999999999971e-02
1.900000000000000000e+01 1.010000000000000000e+02 7.000000000000000000e+00 0.000000000000000000e+00 1.600000000000000089e+00 -3.049999999999999868e-04 -3.628999999999999847e-03 9.999930000000000208e-01 8.856559999999999988e-01 4.643369999999999997e-01 1.955999999999999839e-03 -4.643410000000000037e-01 8.856509999999999661e-01 3.072000000000000078e-03
2.400000000000000000e+01 1.010000000000000000e+02 7.000000000000000000e+00 0.000000000000000000e+00 1.600000000000000089e+00 -1.265000000000000065e-03 -7.386000000000000204e-03 9.999719999999999720e-01 8.858059999999999823e-01 4.640340000000000020e-01 4.547999999999999959e-03 -4.640549999999999953e-01 8.857869999999999910e-01 5.955000000000000224e-03
1.100000000000000000e+01 1.500000000000000000e+01 8.000000000000000000e+00 0.000000000000000000e+00 1.600000000000000089e+00 9.929999999999999591e-04 1.798599999999999852e-02 -9.998380000000000045e-01 -6.145059999999999967e-01 -7.887729999999999464e-01 -1.479899999999999965e-02 -7.889110000000000289e-01 6.144209999999999949e-01 1.026900000000000035e-02
1.000000000000000000e+00 2.500000000000000000e+01 8.000000000000000000e+00 0.000000000000000000e+00 1.600000000000000089e+00 -9.169999999999999549e-04 5.754999999999999699e-03 -9.999829999999999552e-01 4.475129999999999941e-01 8.942649999999999766e-01 4.735999999999999759e-03 8.942769999999999886e-01 -4.475009999999999821e-01 -3.395000000000000014e-03
5.000000000000000000e+00 2.500000000000000000e+01 8.000000000000000000e+00 0.000000000000000000e+00 1.600000000000000089e+00 -1.430000000000000064e-03 4.956999999999999601e-03 -9.999869999999999592e-01 4.472010000000000152e-01 8.944250000000000256e-01 3.794000000000000063e-03 8.944320000000000048e-01 -4.471899999999999764e-01 -3.495999999999999976e-03
1.000000000000000000e+01 2.500000000000000000e+01 8.000000000000000000e+00 0.000000000000000000e+00 1.600000000000000089e+00 -6.579999999999999478e-04 -1.118000000000000070e-03 -9.999989999999999712e-01 4.486809999999999965e-01 8.936910000000000132e-01 -1.294000000000000011e-03 8.936920000000000419e-01 -4.486820000000000253e-01 -8.600000000000000331e-05
1.200000000000000000e+01 2.500000000000000000e+01 8.000000000000000000e+00 0.000000000000000000e+00 1.600000000000000089e+00 -5.000000000000000240e-05 -1.724999999999999971e-03 -9.999980000000000535e-01 4.485379999999999923e-01 8.937619999999999454e-01 -1.564000000000000069e-03 8.937640000000000029e-01 -4.485370000000000190e-01 7.290000000000000473e-04
5.000000000000000000e+00 2.400000000000000000e+01 9.000000000000000000e+00 0.000000000000000000e+00 1.600000000000000089e+00 -1.850999999999999998e-03 4.419000000000000185e-03 -9.999890000000000168e-01 4.545819999999999861e-01 8.907000000000000473e-01 3.093999999999999962e-03 8.907030000000000225e-01 -4.545710000000000028e-01 -3.657000000000000094e-03
1.200000000000000000e+01 2.400000000000000000e+01 9.000000000000000000e+00 0.000000000000000000e+00 1.600000000000000089e+00 -8.299999999999999815e-05 -2.988999999999999903e-03 -9.999959999999999960e-01 4.561000000000000054e-01 8.899249999999999661e-01 -2.697000000000000178e-03 8.899289999999999701e-01 -4.560980000000000034e-01 1.288999999999999998e-03
2.000000000000000000e+01 2.400000000000000000e+01 9.000000000000000000e+00 0.000000000000000000e+00 1.600000000000000089e+00 -1.183000000000000024e-03 -3.703000000000000128e-03 -9.999919999999999920e-01 4.545699999999999741e-01 8.907030000000000225e-01 -3.836000000000000000e-03 8.907100000000000017e-01 -4.545710000000000028e-01 6.290000000000000018e-04
2.400000000000000000e+01 2.400000000000000000e+01 9.000000000000000000e+00 0.000000000000000000e+00 1.600000000000000089e+00 -8.589999999999999546e-04 -4.166999999999999697e-03 -9.999909999999999632e-01 4.543650000000000189e-01 8.908059999999999867e-01 -4.101999999999999744e-03 8.908150000000000235e-01 -4.543639999999999901e-01 1.128000000000000096e-03
4.000000000000000000e+00 7.000000000000000000e+00 1.000000000000000000e+01 0.000000000000000000e+00 1.600000000000000089e+00 1.012229999999999935e-01 9.488000000000000600e-02 -9.903290000000000148e-01 -9.340589999999999726e-01 -3.336089999999999889e-01 -1.274339999999999917e-01 -3.424740000000000006e-01 9.379250000000000087e-01 5.485500000000000098e-02
7.000000000000000000e+00 3.500000000000000000e+01 1.200000000000000000e+01 0.000000000000000000e+00 1.600000000000000089e+00 1.172999999999999998e-03 -4.797000000000000049e-03 -9.999879999999999880e-01 4.655270000000000241e-01 -8.850209999999999466e-01 4.791000000000000120e-03 -8.850329999999999586e-01 -4.655270000000000241e-01 1.195000000000000099e-03
1.100000000000000000e+01 3.500000000000000000e+01 1.200000000000000000e+01 0.000000000000000000e+00 1.600000000000000089e+00 4.510000000000000120e-04 -5.353000000000000119e-03 -9.999860000000000415e-01 4.530390000000000250e-01 -8.914769999999999639e-01 4.976999999999999653e-03 -8.914910000000000334e-01 -4.530350000000000210e-01 2.023000000000000059e-03
1.600000000000000000e+01 3.500000000000000000e+01 1.200000000000000000e+01 0.000000000000000000e+00 1.600000000000000089e+00 -5.500000000000000331e-04 -5.192999999999999700e-03 -9.999860000000000415e-01 4.529449999999999865e-01 -8.915279999999999871e-01 4.381000000000000345e-03 -8.915380000000000527e-01 -4.529369999999999785e-01 2.843000000000000041e-03
2.400000000000000000e+01 3.500000000000000000e+01 1.200000000000000000e+01 0.000000000000000000e+00 1.600000000000000089e+00 8.310000000000000329e-04 -1.500999999999999947e-03 -9.999989999999999712e-01 4.421450000000000102e-01 -8.969420000000000170e-01 1.714000000000000029e-03 -8.969430000000000458e-01 -4.421459999999999835e-01 -8.200000000000000095e-05
2.800000000000000000e+01 3.500000000000000000e+01 1.200000000000000000e+01 0.000000000000000000e+00 1.600000000000000089e+00 -1.959999999999999937e-03 4.419000000000000185e-03 -9.999879999999999880e-01 4.336039999999999894e-01 -9.010909999999999753e-01 -4.832000000000000357e-03 -9.011010000000000408e-01 -4.336079999999999934e-01 -1.499999999999999869e-04
3.000000000000000000e+00 3.200000000000000000e+01 1.400000000000000000e+01 0.000000000000000000e+00 1.600000000000000089e+00 1.699999999999999987e-05 8.639999999999999677e-04 -1.000000000000000000e+00 9.304600000000000370e-02 9.956610000000000182e-01 8.620000000000000275e-04 9.956620000000000470e-01 -9.304600000000000370e-02 -6.299999999999999990e-05
2.200000000000000000e+01 3.200000000000000000e+01 1.400000000000000000e+01 0.000000000000000000e+00 1.600000000000000089e+00 -9.399999999999999719e-04 1.128000000000000096e-03 -9.999989999999999712e-01 1.071570000000000022e-01 9.942419999999999591e-01 1.020000000000000073e-03 9.942419999999999591e-01 -1.071550000000000002e-01 -1.054999999999999948e-03
2.700000000000000000e+01 3.200000000000000000e+01 1.400000000000000000e+01 0.000000000000000000e+00 1.600000000000000089e+00 7.299999999999999632e-04 -3.774000000000000011e-03 -9.999930000000000208e-01 1.063980000000000065e-01 9.943170000000000064e-01 -3.674999999999999881e-03 9.943229999999999569e-01 -1.063940000000000025e-01 1.128000000000000096e-03
1.900000000000000000e+01 1.160000000000000000e+02 1.600000000000000000e+01 0.000000000000000000e+00 1.600000000000000089e+00 1.704000000000000003e-03 2.265000000000000086e-03 9.999959999999999960e-01 7.529360000000000497e-01 6.580880000000000063e-01 -2.772999999999999857e-03 -6.580909999999999815e-01 7.529379999999999962e-01 -5.839999999999999922e-04
1.000000000000000000e+00 2.000000000000000000e+00 1.900000000000000000e+01 0.000000000000000000e+00 1.600000000000000089e+00 9.719999999999999907e-04 4.728600000000000164e-02 -9.988810000000000189e-01 3.494999999999999774e-01 -9.359039999999999582e-01 -4.396499999999999714e-02 -9.369359999999999911e-01 -3.490670000000000162e-01 -1.743600000000000011e-02
7.000000000000000000e+00 2.000000000000000000e+00 1.900000000000000000e+01 0.000000000000000000e+00 1.600000000000000089e+00 3.292999999999999920e-03 2.046900000000000108e-02 -9.997850000000000348e-01 3.466640000000000277e-01 -9.378149999999999542e-01 -1.805899999999999866e-02 -9.379830000000000112e-01 -3.465300000000000047e-01 -1.018499999999999961e-02
1.000000000000000000e+01 2.000000000000000000e+00 1.900000000000000000e+01 0.000000000000000000e+00 1.600000000000000089e+00 3.155999999999999951e-03 3.161000000000000181e-03 -9.999900000000000455e-01 3.401159999999999739e-01 -9.403820000000000512e-01 -1.899000000000000080e-03 -9.403780000000000472e-01 -3.401060000000000194e-01 -4.042999999999999719e-03
1.700000000000000000e+01 2.000000000000000000e+00 1.900000000000000000e+01 0.000000000000000000e+00 1.600000000000000089e+00 -3.419999999999999863e-03 1.525699999999999973e-02 -9.998780000000000445e-01 3.276270000000000016e-01 -9.446790000000000465e-01 -1.553599999999999946e-02 -9.448010000000000019e-01 -3.276399999999999868e-01 -1.768000000000000040e-03
2.400000000000000000e+01 2.000000000000000000e+00 1.900000000000000000e+01 0.000000000000000000e+00 1.600000000000000089e+00 -7.820000000000000345e-04 1.935399999999999968e-02 -9.998120000000000340e-01 3.284210000000000185e-01 -9.443489999999999940e-01 -1.853700000000000139e-02 -9.445310000000000095e-01 -3.283739999999999992e-01 -5.617999999999999730e-03
1.200000000000000000e+01 3.000000000000000000e+00 1.900000000000000000e+01 0.000000000000000000e+00 1.600000000000000089e+00 6.880000000000000265e-04 4.478000000000000209e-03 -9.999900000000000455e-01 3.084549999999999792e-01 -9.512300000000000200e-01 -4.048000000000000383e-03 -9.512389999999999457e-01 -3.084489999999999732e-01 -2.036000000000000049e-03
2.300000000000000000e+01 3.000000000000000000e+00 1.900000000000000000e+01 0.000000000000000000e+00 1.600000000000000089e+00 -1.340999999999999961e-03 1.846599999999999978e-02 -9.998289999999999678e-01 3.000249999999999861e-01 -9.537609999999999699e-01 -1.801699999999999829e-02 -9.539299999999999446e-01 -2.999979999999999869e-01 -4.262000000000000163e-03
4.000000000000000000e+00 1.300000000000000000e+01 2.000000000000000000e+01 0.000000000000000000e+00 1.600000000000000089e+00 1.098999999999999934e-03 4.046000000000000117e-03 9.999909999999999632e-01 2.595580000000000109e-01 9.657179999999999653e-01 -4.192000000000000413e-03 -9.657270000000000021e-01 2.595600000000000129e-01 1.200000000000000030e-05
7.000000000000000000e+00 1.300000000000000000e+01 2.000000000000000000e+01 0.000000000000000000e+00 1.600000000000000089e+00 1.557000000000000007e-03 -8.739999999999999939e-04 9.999980000000000535e-01 2.586399999999999810e-01 9.659739999999999993e-01 4.409999999999999858e-04 -9.659729999999999706e-01 2.586390000000000078e-01 1.729999999999999984e-03
1.100000000000000000e+01 1.300000000000000000e+01 2.000000000000000000e+01 0.000000000000000000e+00 1.600000000000000089e+00 4.350000000000000026e-04 8.360000000000000460e-04 1.000000000000000000e+00 2.589730000000000087e-01 9.658839999999999648e-01 -9.200000000000000278e-04 -9.658839999999999648e-01 2.589730000000000087e-01 2.039999999999999984e-04
1.500000000000000000e+01 1.300000000000000000e+01 2.000000000000000000e+01 0.000000000000000000e+00 1.600000000000000089e+00 -4.000000000000000327e-05 6.340000000000000149e-04 1.000000000000000000e+00 2.603489999999999971e-01 9.655139999999999834e-01 -6.019999999999999961e-04 -9.655150000000000121e-01 2.603489999999999971e-01 -2.030000000000000012e-04
1.800000000000000000e+01 1.300000000000000000e+01 2.000000000000000000e+01 0.000000000000000000e+00 1.600000000000000089e+00 -6.310000000000000504e-04 -3.213999999999999843e-03 9.999949999999999672e-01 2.604730000000000101e-01 9.654760000000000009e-01 3.266999999999999939e-03 -9.654810000000000336e-01 2.604739999999999833e-01 2.280000000000000126e-04
2.300000000000000000e+01 1.300000000000000000e+01 2.000000000000000000e+01 0.000000000000000000e+00 1.600000000000000089e+00 -1.297999999999999892e-03 -6.329999999999999906e-04 9.999989999999999712e-01 2.622840000000000171e-01 9.649900000000000144e-01 9.510000000000000224e-04 -9.649900000000000144e-01 2.622849999999999904e-01 -1.085999999999999943e-03
3.000000000000000000e+01 1.300000000000000000e+01 2.000000000000000000e+01 0.000000000000000000e+00 1.600000000000000089e+00 1.659000000000000101e-03 5.559999999999999838e-03 9.999829999999999552e-01 2.618889999999999829e-01 9.650809999999999667e-01 -5.800999999999999733e-03 -9.650969999999999827e-01 2.618940000000000157e-01 1.440000000000000036e-04
2.100000000000000000e+01 5.000000000000000000e+01 2.200000000000000000e+01 0.000000000000000000e+00 1.600000000000000089e+00 -7.200000000000000182e-05 1.832999999999999994e-03 -9.999980000000000535e-01 -5.622920000000000140e-01 8.269379999999999509e-01 1.557000000000000007e-03 8.269389999999999796e-01 5.622909999999999853e-01 9.709999999999999664e-04
8.000000000000000000e+00 2.000000000000000000e+00 2.500000000000000000e+01 0.000000000000000000e+00 1.600000000000000089e+00 -9.229999999999999923e-04 -2.599999999999999772e-04 1.000000000000000000e+00 7.935799999999999799e-02 -9.968460000000000099e-01 -1.859999999999999945e-04 9.968460000000000099e-01 7.935699999999999699e-02 9.409999999999999962e-04
1.200000000000000000e+01 2.000000000000000000e+00 2.500000000000000000e+01 0.000000000000000000e+00 1.600000000000000089e+00 -5.509999999999999490e-04 -6.800999999999999754e-03 9.999770000000000048e-01 6.750200000000000644e-02 -9.976960000000000273e-01 -6.748999999999999791e-03 9.977190000000000225e-01 6.749700000000000144e-02 1.008999999999999914e-03
3.000000000000000000e+00 3.000000000000000000e+00 2.500000000000000000e+01 0.000000000000000000e+00 1.600000000000000089e+00 -1.198000000000000063e-03 1.381699999999999942e-02 9.999040000000000150e-01 -1.805599999999999913e-02 -9.997420000000000195e-01 1.379299999999999971e-02 9.998359999999999470e-01 -1.803700000000000095e-02 1.446999999999999936e-03
1.300000000000000000e+01 3.000000000000000000e+00 2.500000000000000000e+01 0.000000000000000000e+00 1.600000000000000089e+00 -1.159000000000000091e-03 -3.778999999999999807e-03 9.999919999999999920e-01 -1.711000000000000021e-02 -9.998460000000000125e-01 -3.798000000000000161e-03 9.998529999999999918e-01 -1.711400000000000074e-02 1.093999999999999920e-03
1.800000000000000000e+01 3.000000000000000000e+00 2.500000000000000000e+01 0.000000000000000000e+00 1.600000000000000089e+00 -4.964999999999999795e-03 1.391200000000000075e-02 9.998909999999999743e-01 -1.382599999999999975e-02 -9.998089999999999478e-01 1.384299999999999940e-02 9.998920000000000030e-01 -1.375600000000000087e-02 5.157000000000000126e-03
2.400000000000000000e+01 3.000000000000000000e+00 2.500000000000000000e+01 0.000000000000000000e+00 1.600000000000000089e+00 -3.298999999999999849e-03 8.810000000000000123e-03 9.999559999999999560e-01 -3.501999999999999905e-03 -9.999550000000000383e-01 8.798000000000000265e-03 9.999879999999999880e-01 -3.471999999999999826e-03 3.330000000000000061e-03
2.800000000000000000e+01 3.000000000000000000e+00 2.500000000000000000e+01 0.000000000000000000e+00 1.600000000000000089e+00 3.229999999999999907e-04 -2.227999999999999946e-03 9.999970000000000248e-01 -1.786000000000000044e-03 -9.999959999999999960e-01 -2.226999999999999813e-03 9.999980000000000535e-01 -1.784999999999999911e-03 -3.269999999999999795e-04
1.500000000000000000e+01 4.600000000000000000e+01 3.000000000000000000e+01 0.000000000000000000e+00 1.600000000000000089e+00 -1.765999999999999992e-03 -2.252999999999999794e-03 -9.999959999999999960e-01 3.324909999999999810e-01 9.431019999999999959e-01 -2.712000000000000001e-03 9.431049999999999711e-01 -3.324949999999999850e-01 -9.169999999999999549e-04
2.200000000000000000e+01 4.600000000000000000e+01 3.000000000000000000e+01 0.000000000000000000e+00 1.600000000000000089e+00 1.000000000000000082e-05 -1.119999999999999983e-04 -1.000000000000000000e+00 3.352339999999999764e-01 9.421349999999999447e-01 -1.019999999999999992e-04 9.421349999999999447e-01 -3.352339999999999764e-01 4.699999999999999724e-05
5.000000000000000000e+00 5.800000000000000000e+01 3.100000000000000000e+01 0.000000000000000000e+00 1.600000000000000089e+00 -4.739999999999999747e-04 -4.339999999999999782e-04 1.000000000000000000e+00 -7.606559999999999988e-01 -6.491550000000000376e-01 -6.419999999999999925e-04 6.491550000000000376e-01 -7.606559999999999988e-01 -2.300000000000000002e-05
1.100000000000000000e+01 5.800000000000000000e+01 3.100000000000000000e+01 0.000000000000000000e+00 1.600000000000000089e+00 -4.360000000000000269e-04 1.845000000000000069e-03 9.999980000000000535e-01 -7.596640000000000059e-01 -6.503160000000000052e-01 8.689999999999999808e-04 6.503160000000000052e-01 -7.596619999999999484e-01 1.685000000000000083e-03
1.400000000000000000e+01 5.800000000000000000e+01 3.100000000000000000e+01 0.000000000000000000e+00 1.600000000000000089e+00 5.452000000000000249e-03 7.002999999999999677e-03 9.999609999999999888e-01 -7.600949999999999651e-01 -6.497540000000000537e-01 8.694999999999999604e-03 6.497889999999999500e-01 -7.601120000000000099e-01 1.781000000000000031e-03
2.200000000000000000e+01 5.800000000000000000e+01 3.100000000000000000e+01 0.000000000000000000e+00 1.600000000000000089e+00 3.668999999999999952e-03 5.172999999999999647e-03 9.999799999999999800e-01 -7.571759999999999602e-01 -6.531820000000000404e-01 6.157000000000000146e-03 6.532010000000000316e-01 -7.571830000000000505e-01 1.521000000000000000e-03
8.000000000000000000e+00 4.600000000000000000e+01 3.500000000000000000e+01 0.000000000000000000e+00 1.600000000000000089e+00 4.840000000000000010e-04 -5.043999999999999873e-03 -9.999869999999999592e-01 3.895799999999999819e-01 -9.209800000000000209e-01 4.833999999999999755e-03 -9.209920000000000329e-01 -3.895770000000000066e-01 1.518999999999999951e-03
1.600000000000000000e+01 4.600000000000000000e+01 3.500000000000000000e+01 0.000000000000000000e+00 1.600000000000000089e+00 4.589999999999999896e-04 9.849999999999999815e-04 -9.999989999999999712e-01 3.937820000000000209e-01 -9.192040000000000211e-01 -7.240000000000000342e-04 -9.192040000000000211e-01 -3.937809999999999921e-01 -8.099999999999999561e-04
2.000000000000000000e+01 4.600000000000000000e+01 3.500000000000000000e+01 0.000000000000000000e+00 1.600000000000000089e+00 5.590000000000000351e-04 -1.590999999999999966e-03 -9.999989999999999712e-01 3.926200000000000245e-01 -9.196990000000000443e-01 1.683000000000000034e-03 -9.197009999999999907e-01 -3.926200000000000245e-01 1.110000000000000011e-04
2.300000000000000000e+01 4.600000000000000000e+01 3.500000000000000000e+01 0.000000000000000000e+00 1.600000000000000089e+00 -1.520000000000000084e-04 -2.451000000000000054e-03 -9.999970000000000248e-01 3.926560000000000050e-01 -9.196830000000000283e-01 2.194999999999999903e-03 -9.196849999999999747e-01 -3.926549999999999763e-01 1.101999999999999898e-03
3.000000000000000000e+00 3.000000000000000000e+00 4.300000000000000000e+01 0.000000000000000000e+00 1.600000000000000089e+00 1.969999999999999963e-03 -9.084999999999999326e-03 -9.999569999999999848e-01 7.366439999999999655e-01 -6.762380000000000058e-01 7.595000000000000188e-03 -6.762770000000000170e-01 -7.366279999999999495e-01 5.360000000000000181e-03
6.000000000000000000e+00 3.000000000000000000e+00 4.300000000000000000e+01 0.000000000000000000e+00 1.600000000000000089e+00 1.144999999999999967e-03 4.930999999999999620e-03 -9.999869999999999592e-01 7.401590000000000114e-01 -6.724280000000000257e-01 -2.468000000000000142e-03 -6.724310000000000009e-01 -7.401459999999999706e-01 -4.420000000000000318e-03
1.400000000000000000e+01 3.000000000000000000e+00 4.300000000000000000e+01 0.000000000000000000e+00 1.600000000000000089e+00 -2.877999999999999916e-03 -4.649999999999999620e-03 -9.999850000000000128e-01 7.406760000000000010e-01 -6.718610000000000415e-01 9.920000000000000432e-04 -6.718560000000000088e-01 -7.406620000000000426e-01 5.377999999999999968e-03
2.300000000000000000e+01 3.000000000000000000e+00 4.300000000000000000e+01 0.000000000000000000e+00 1.600000000000000089e+00 1.099999999999999971e-05 -1.032100000000000031e-02 -9.999470000000000303e-01 7.439299999999999802e-01 -6.682219999999999827e-01 6.904999999999999680e-03 -6.682580000000000187e-01 -7.438900000000000512e-01 7.670999999999999867e-03
2.900000000000000000e+01 3.000000000000000000e+00 4.300000000000000000e+01 0.000000000000000000e+00 1.600000000000000089e+00 -4.887999999999999984e-03 -1.280000000000000061e-02 -9.999059999999999615e-01 7.418989999999999752e-01 -6.704940000000000344e-01 4.956000000000000336e-03 -6.704940000000000344e-01 -7.418050000000000477e-01 1.277299999999999963e-02
6.000000000000000000e+00 8.000000000000000000e+00 4.400000000000000000e+01 0.000000000000000000e+00 1.600000000000000089e+00 4.150000000000000043e-04 -1.036999999999999944e-03 9.999989999999999712e-01 -7.865180000000000504e-01 -6.175669999999999771e-01 -3.139999999999999888e-04 6.175669999999999771e-01 -7.865180000000000504e-01 -1.072000000000000036e-03
1.000000000000000000e+01 8.000000000000000000e+00 4.400000000000000000e+01 0.000000000000000000e+00 1.600000000000000089e+00 4.409999999999999858e-04 2.337999999999999801e-03 9.999970000000000248e-01 -7.891460000000000141e-01 -6.142030000000000545e-01 1.783999999999999996e-03 6.142050000000000010e-01 -7.891449999999999854e-01 1.574000000000000095e-03
2.500000000000000000e+01 8.000000000000000000e+00 4.400000000000000000e+01 0.000000000000000000e+00 1.600000000000000089e+00 -1.079999999999999960e-04 -2.657000000000000074e-03 9.999959999999999960e-01 -7.829099999999999948e-01 -6.221330000000000471e-01 -1.737000000000000046e-03 6.221349999999999936e-01 -7.829070000000000196e-01 -2.013000000000000032e-03
2.000000000000000000e+00 2.900000000000000000e+01 4.400000000000000000e+01 0.000000000000000000e+00 1.600000000000000089e+00 -2.488000000000000194e-03 -2.517999999999999839e-03 -9.999940000000000495e-01 6.569239999999999524e-01 7.539489999999999803e-01 -3.533000000000000116e-03 7.539529999999999843e-01 -6.569279999999999564e-01 -2.210000000000000050e-04
7.000000000000000000e+00 2.900000000000000000e+01 4.400000000000000000e+01 0.000000000000000000e+00 1.600000000000000089e+00 5.209999999999999788e-04 -1.944999999999999897e-03 -9.999980000000000535e-01 6.603900000000000325e-01 7.509219999999999784e-01 -1.116000000000000021e-03 7.509230000000000071e-01 -6.603879999999999750e-01 1.675000000000000057e-03
1.000000000000000000e+01 2.900000000000000000e+01 4.400000000000000000e+01 0.000000000000000000e+00 1.600000000000000089e+00 -1.299999999999999920e-05 -3.523999999999999789e-03 -9.999940000000000495e-01 6.602050000000000418e-01 7.510809999999999986e-01 -2.655999999999999941e-03 7.510850000000000026e-01 -6.602010000000000378e-01 2.317000000000000049e-03
1.400000000000000000e+01 2.900000000000000000e+01 4.400000000000000000e+01 0.000000000000000000e+00 1.600000000000000089e+00 -9.619999999999999645e-04 -1.596999999999999895e-03 -9.999980000000000535e-01 6.589599999999999902e-01 7.521759999999999557e-01 -1.835000000000000043e-03 7.521769999999999845e-01 -6.589610000000000190e-01 3.289999999999999739e-04
2.000000000000000000e+01 2.900000000000000000e+01 4.400000000000000000e+01 0.000000000000000000e+00 1.600000000000000089e+00 1.110000000000000011e-04 -1.335000000000000032e-03 -9.999989999999999712e-01 6.583780000000000188e-01 7.526869999999999949e-01 -9.319999999999999942e-04 7.526869999999999949e-01 -6.583780000000000188e-01 9.619999999999999645e-04
2.400000000000000000e+01 2.900000000000000000e+01 4.400000000000000000e+01 0.000000000000000000e+00 1.600000000000000089e+00 7.110000000000000434e-04 -2.429999999999999977e-04 -1.000000000000000000e+00 6.596039999999999681e-01 7.516129999999999756e-01 2.869999999999999830e-04 7.516129999999999756e-01 -6.596039999999999681e-01 6.939999999999999555e-04
2.900000000000000000e+01 2.900000000000000000e+01 4.400000000000000000e+01 0.000000000000000000e+00 1.600000000000000089e+00 -2.259999999999999910e-04 3.876999999999999804e-03 -9.999919999999999920e-01 6.555410000000000403e-01 7.551539999999999919e-01 2.779999999999999919e-03 7.551600000000000534e-01 -6.555349999999999788e-01 -2.712000000000000001e-03
1.400000000000000000e+01 6.500000000000000000e+01 4.600000000000000000e+01 0.000000000000000000e+00 1.600000000000000089e+00 1.449999999999999900e-03 -1.981999999999999821e-03 9.999970000000000248e-01 6.779669999999999863e-01 -7.350879999999999637e-01 -2.439999999999999895e-03 7.350910000000000499e-01 6.779690000000000438e-01 2.779999999999999811e-04
9.000000000000000000e+00 7.000000000000000000e+01 4.700000000000000000e+01 0.000000000000000000e+00 1.600000000000000089e+00 -8.149999999999999693e-04 -1.453999999999999997e-03 -9.999989999999999712e-01 -8.421469999999999789e-01 -5.392449999999999743e-01 1.471000000000000085e-03 -5.392470000000000319e-01 8.421469999999999789e-01 -7.849999999999999990e-04
2.700000000000000000e+01 7.400000000000000000e+01 4.900000000000000000e+01 0.000000000000000000e+00 1.600000000000000089e+00 2.044999999999999943e-03 -6.180999999999999862e-03 9.999789999999999512e-01 -9.820050000000000168e-01 1.888279999999999959e-01 3.176000000000000004e-03 -1.888440000000000119e-01 -9.819909999999999473e-01 -5.683999999999999816e-03
1.300000000000000000e+01 5.000000000000000000e+00 5.100000000000000000e+01 0.000000000000000000e+00 1.600000000000000089e+00 -1.268999999999999946e-03 -1.255999999999999955e-03 -9.999980000000000535e-01 4.857690000000000063e-01 -8.740869999999999473e-01 4.820000000000000066e-04 -8.740860000000000296e-01 -4.857670000000000043e-01 1.719000000000000042e-03
1.600000000000000000e+01 5.000000000000000000e+00 5.100000000000000000e+01 0.000000000000000000e+00 1.600000000000000089e+00 -1.768000000000000040e-03 -7.450000000000000025e-04 -9.999980000000000535e-01 4.937150000000000150e-01 -8.696239999999999526e-01 -2.239999999999999966e-04 -8.696220000000000061e-01 -4.937150000000000150e-01 1.905000000000000009e-03
1.900000000000000000e+01 5.000000000000000000e+00 5.100000000000000000e+01 0.000000000000000000e+00 1.600000000000000089e+00 -3.122000000000000209e-03 1.379999999999999933e-04 -9.999949999999999672e-01 4.942300000000000026e-01 -8.693300000000000471e-01 -1.662999999999999982e-03 -8.693260000000000431e-01 -4.942320000000000046e-01 2.645999999999999915e-03
2.400000000000000000e+01 5.000000000000000000e+00 5.100000000000000000e+01 0.000000000000000000e+00 1.600000000000000089e+00 -4.620000000000000083e-04 -2.184000000000000177e-03 -9.999970000000000248e-01 4.902590000000000003e-01 -8.715749999999999886e-01 1.677000000000000105e-03 -8.715760000000000174e-01 -4.902569999999999983e-01 1.474000000000000050e-03
4.000000000000000000e+00 7.000000000000000000e+00 5.200000000000000000e+01 0.000000000000000000e+00 1.600000000000000089e+00 8.100000000000000375e-05 -8.210000000000000067e-04 -1.000000000000000000e+00 9.437900000000000456e-02 -9.955359999999999765e-01 8.249999999999999955e-04 -9.955359999999999765e-01 -9.437900000000000456e-02 -3.000000000000000076e-06
2.000000000000000000e+00 6.300000000000000000e+01 5.400000000000000000e+01 0.000000000000000000e+00 1.600000000000000089e+00 -7.860000000000000233e-04 9.430000000000000448e-04 9.999989999999999712e-01 -3.521150000000000113e-01 9.359560000000000102e-01 -1.159000000000000091e-03 -9.359560000000000102e-01 -3.521150000000000113e-01 -4.029999999999999837e-04
7.000000000000000000e+00 6.300000000000000000e+01 5.400000000000000000e+01 0.000000000000000000e+00 1.600000000000000089e+00 -1.193999999999999966e-03 1.570999999999999914e-03 9.999980000000000535e-01 -3.409400000000000208e-01 9.400830000000000020e-01 -1.884000000000000041e-03 -9.400840000000000307e-01 -3.409420000000000228e-01 -5.869999999999999567e-04
1.200000000000000000e+01 6.300000000000000000e+01 5.400000000000000000e+01 0.000000000000000000e+00 1.600000000000000089e+00 -1.097000000000000102e-03 1.505999999999999960e-03 9.999980000000000535e-01 -3.381759999999999766e-01 9.410809999999999453e-01 -1.788000000000000093e-03 -9.410819999999999741e-01 -3.381779999999999786e-01 -5.240000000000000517e-04
1.900000000000000000e+01 6.300000000000000000e+01 5.400000000000000000e+01 0.000000000000000000e+00 1.600000000000000089e+00 2.952000000000000197e-03 5.259999999999999919e-03 9.999820000000000375e-01 -3.379369999999999874e-01 9.411599999999999966e-01 -3.952999999999999917e-03 -9.411640000000000006e-01 -3.379190000000000249e-01 4.556000000000000154e-03
2.600000000000000000e+01 6.300000000000000000e+01 5.400000000000000000e+01 0.000000000000000000e+00 1.600000000000000089e+00 -7.079999999999999705e-04 -5.029999999999999749e-03 9.999869999999999592e-01 -3.467979999999999952e-01 9.379290000000000127e-01 4.472000000000000280e-03 -9.379399999999999959e-01 -3.467899999999999872e-01 -2.407999999999999984e-03
3.000000000000000000e+00 2.500000000000000000e+01 5.500000000000000000e+01 0.000000000000000000e+00 1.600000000000000089e+00 -1.069999999999999988e-04 -2.876999999999999783e-03 -9.999959999999999960e-01 -1.443599999999999918e-02 -9.998920000000000030e-01 2.877999999999999916e-03 -9.998960000000000070e-01 1.443599999999999918e-02 6.600000000000000506e-05
9.000000000000000000e+00 2.500000000000000000e+01 5.500000000000000000e+01 0.000000000000000000e+00 1.600000000000000089e+00 9.520000000000000467e-04 3.184000000000000198e-03 -9.999949999999999672e-01 -1.305899999999999943e-02 -9.999099999999999655e-01 -3.196000000000000056e-03 -9.999139999999999695e-01 1.306200000000000069e-02 -9.100000000000000016e-04
1.700000000000000000e+01 2.500000000000000000e+01 5.500000000000000000e+01 0.000000000000000000e+00 1.600000000000000089e+00 -2.056000000000000102e-03 -1.861999999999999940e-03 -9.999959999999999960e-01 -1.338699999999999959e-02 -9.999090000000000478e-01 1.889000000000000054e-03 -9.999080000000000190e-01 1.339100000000000013e-02 2.030999999999999819e-03
2.100000000000000000e+01 2.500000000000000000e+01 5.500000000000000000e+01 0.000000000000000000e+00 1.600000000000000089e+00 1.126000000000000048e-03 1.575999999999999927e-03 -9.999980000000000535e-01 -1.203300000000000029e-02 -9.999259999999999815e-01 -1.588999999999999918e-03 -9.999270000000000103e-01 1.203399999999999956e-02 -1.106999999999999911e-03
2.700000000000000000e+01 2.500000000000000000e+01 5.500000000000000000e+01 0.000000000000000000e+00 1.600000000000000089e+00 5.699999999999999772e-04 1.892999999999999934e-03 -9.999980000000000535e-01 -1.074100000000000055e-02 -9.999409999999999688e-01 -1.899000000000000080e-03 -9.999419999999999975e-01 1.074199999999999981e-02 -5.490000000000000088e-04
7.000000000000000000e+00 2.100000000000000000e+01 6.000000000000000000e+01 0.000000000000000000e+00 1.600000000000000089e+00 -1.213000000000000102e-03 3.606999999999999963e-03 9.999930000000000208e-01 -9.411899999999999433e-02 9.955540000000000500e-01 -3.704999999999999960e-03 -9.955600000000000005e-01 -9.412299999999999833e-02 -8.679999999999999565e-04
1.600000000000000000e+01 2.100000000000000000e+01 6.000000000000000000e+01 0.000000000000000000e+00 1.600000000000000089e+00 5.240000000000000517e-04 -2.750000000000000166e-04 1.000000000000000000e+00 -9.332300000000000317e-02 9.956359999999999655e-01 3.229999999999999907e-04 -9.956359999999999655e-01 -9.332300000000000317e-02 4.960000000000000216e-04
2.100000000000000000e+01 2.100000000000000000e+01 6.000000000000000000e+01 0.000000000000000000e+00 1.600000000000000089e+00 -1.691000000000000012e-03 4.118000000000000133e-03 9.999900000000000455e-01 -9.517699999999999771e-02 9.954509999999999748e-01 -4.259999999999999898e-03 -9.954589999999999828e-01 -9.518300000000000372e-02 -1.291000000000000047e-03
2.900000000000000000e+01 2.100000000000000000e+01 6.000000000000000000e+01 0.000000000000000000e+00 1.600000000000000089e+00 -1.487000000000000040e-03 -4.270999999999999623e-03 9.999900000000000455e-01 -9.142699999999999438e-02 9.958029999999999937e-01 4.117000000000000000e-03 -9.958110000000000017e-01 -9.142000000000000126e-02 -1.871000000000000050e-03
2.400000000000000000e+01 6.700000000000000000e+01 6.000000000000000000e+01 0.000000000000000000e+00 1.600000000000000089e+00 1.796999999999999986e-03 5.299999999999999807e-04 9.999980000000000535e-01 1.739060000000000050e-01 -9.847620000000000262e-01 2.090000000000000115e-04 9.847609999999999975e-01 1.739050000000000040e-01 -1.861000000000000024e-03
1.500000000000000000e+01 3.000000000000000000e+00 6.300000000000000000e+01 0.000000000000000000e+00 1.600000000000000089e+00 -1.020000000000000073e-03 3.723000000000000181e-03 9.999930000000000208e-01 -6.113250000000000073e-01 7.913719999999999644e-01 -3.569999999999999823e-03 -7.913790000000000546e-01 -6.113239999999999785e-01 1.469000000000000037e-03
8.000000000000000000e+00 2.700000000000000000e+01 6.300000000000000000e+01 0.000000000000000000e+00 1.600000000000000089e+00 -2.273999999999999980e-03 -2.066999999999999827e-03 9.999949999999999672e-01 -2.779190000000000271e-01 9.606040000000000134e-01 1.353000000000000036e-03 -9.606019999999999559e-01 -2.779139999999999944e-01 -2.759000000000000168e-03
1.200000000000000000e+01 2.700000000000000000e+01 6.300000000000000000e+01 0.000000000000000000e+00 1.600000000000000089e+00 1.049999999999999935e-03 -5.883000000000000208e-03 9.999820000000000375e-01 -2.804459999999999731e-01 9.598520000000000385e-01 5.941000000000000100e-03 -9.598689999999999722e-01 -2.804470000000000018e-01 -6.419999999999999925e-04
1.900000000000000000e+01 2.700000000000000000e+01 6.300000000000000000e+01 0.000000000000000000e+00 1.600000000000000089e+00 -1.177000000000000095e-03 -6.660000000000000338e-04 9.999989999999999712e-01 -2.820570000000000022e-01 9.593979999999999730e-01 3.069999999999999812e-04 -9.593970000000000553e-01 -2.820559999999999734e-01 -1.317000000000000028e-03
6.000000000000000000e+00 2.600000000000000000e+01 6.400000000000000000e+01 0.000000000000000000e+00 1.600000000000000089e+00 -2.329999999999999986e-04 -5.980000000000000072e-04 1.000000000000000000e+00 -3.648350000000000204e-01 9.310720000000000107e-01 4.719999999999999803e-04 -9.310720000000000107e-01 -3.648350000000000204e-01 -4.350000000000000026e-04
1.400000000000000000e+01 2.600000000000000000e+01 6.400000000000000000e+01 0.000000000000000000e+00 1.600000000000000089e+00 3.668999999999999952e-03 -6.462999999999999995e-03 9.999719999999999720e-01 -3.725640000000000063e-01 9.279770000000000518e-01 7.365000000000000019e-03 -9.279990000000000183e-01 -3.725809999999999955e-01 9.970000000000000563e-04
1.800000000000000000e+01 2.600000000000000000e+01 6.400000000000000000e+01 0.000000000000000000e+00 1.600000000000000089e+00 -7.709999999999999840e-04 -3.220000000000000206e-03 9.999949999999999672e-01 -3.729310000000000125e-01 9.278549999999999853e-01 2.700000000000000143e-03 -9.278589999999999893e-01 -3.729270000000000085e-01 -1.915999999999999951e-03
2.200000000000000000e+01 2.600000000000000000e+01 6.400000000000000000e+01 0.000000000000000000e+00 1.600000000000000089e+00 -2.910000000000000260e-04 -3.004000000000000160e-03 9.999949999999999672e-01 -3.681369999999999920e-01 9.297680000000000389e-01 2.686000000000000019e-03 -9.297710000000000141e-01 -3.681349999999999900e-01 -1.376000000000000053e-03
9.000000000000000000e+00 6.900000000000000000e+01 6.600000000000000000e+01 0.000000000000000000e+00 1.600000000000000089e+00 -2.033000000000000085e-03 2.018999999999999961e-03 9.999959999999999960e-01 -9.488229999999999720e-01 3.157989999999999964e-01 -2.566999999999999837e-03 -3.158030000000000004e-01 -9.488240000000000007e-01 1.273999999999999959e-03
1.400000000000000000e+01 6.900000000000000000e+01 6.600000000000000000e+01 0.000000000000000000e+00 1.600000000000000089e+00 -4.087999999999999620e-03 4.481999999999999873e-03 9.999820000000000375e-01 -9.500330000000000163e-01 3.121059999999999945e-01 -5.283000000000000369e-03 -3.121229999999999838e-01 -9.500370000000000203e-01 2.981999999999999842e-03
2.100000000000000000e+01 6.900000000000000000e+01 6.600000000000000000e+01 0.000000000000000000e+00 1.600000000000000089e+00 -5.069999999999999637e-04 -5.370999999999999906e-03 9.999850000000000128e-01 -9.512720000000000065e-01 3.083489999999999842e-01 1.173999999999999913e-03 -3.083509999999999862e-01 -9.512580000000000480e-01 -5.265999999999999848e-03
2.800000000000000000e+01 6.900000000000000000e+01 6.600000000000000000e+01 0.000000000000000000e+00 1.600000000000000089e+00 1.845000000000000069e-03 1.119999999999999983e-04 9.999980000000000535e-01 -9.483340000000000103e-01 3.172699999999999965e-01 1.714000000000000029e-03 -3.172690000000000232e-01 -9.483350000000000390e-01 6.920000000000000153e-04
1.000000000000000000e+00 3.100000000000000000e+01 7.100000000000000000e+01 0.000000000000000000e+00 1.600000000000000089e+00 -5.288000000000000166e-03 -6.032000000000000035e-03 -9.999679999999999680e-01 -7.107160000000000144e-01 -7.034329999999999750e-01 8.002000000000000432e-03 -7.034589999999999455e-01 7.107360000000000344e-01 -5.680000000000000370e-04
2.500000000000000000e+01 3.100000000000000000e+01 7.100000000000000000e+01 0.000000000000000000e+00 1.600000000000000089e+00 6.459999999999999814e-04 1.307000000000000002e-03 -9.999989999999999712e-01 -7.293490000000000251e-01 -6.841409999999999991e-01 -1.366000000000000027e-03 -6.841420000000000279e-01 7.293490000000000251e-01 5.109999999999999525e-04
2.000000000000000000e+00 2.500000000000000000e+01 7.300000000000000000e+01 0.000000000000000000e+00 1.600000000000000089e+00 -2.703999999999999806e-03 -4.889999999999999599e-04 9.999959999999999960e-01 7.515619999999999523e-01 -6.596600000000000241e-01 1.709000000000000016e-03 6.596570000000000489e-01 7.515640000000000098e-01 2.151000000000000134e-03
1.000000000000000000e+01 2.500000000000000000e+01 7.300000000000000000e+01 0.000000000000000000e+00 1.600000000000000089e+00 -2.239999999999999966e-04 2.007999999999999802e-03 9.999980000000000535e-01 7.506620000000000514e-01 -6.606849999999999667e-01 1.495000000000000018e-03 6.606859999999999955e-01 7.506610000000000227e-01 -1.358999999999999965e-03
1.200000000000000000e+01 2.500000000000000000e+01 7.300000000000000000e+01 0.000000000000000000e+00 1.600000000000000089e+00 -4.719999999999999803e-04 6.875000000000000035e-03 9.999759999999999760e-01 7.523980000000000112e-01 -6.586910000000000265e-01 4.883000000000000188e-03 6.587089999999999890e-01 7.523819999999999952e-01 -4.862000000000000002e-03
