4.000000000000000000e+00 1.500000000000000000e+01 4.000000000000000000e+00 0.000000000000000000e+00 1.600000000000000089e+00 -6.901000000000000016e-03 5.008000000000000299e-03 9.999639999999999640e-01 2.961829999999999741e-01 -9.551070000000000393e-01 6.826999999999999735e-03 9.551060000000000105e-01 2.962199999999999833e-01 5.107999999999999693e-03
7.000000000000000000e+00 1.500000000000000000e+01 4.000000000000000000e+00 0.000000000000000000e+00 1.600000000000000089e+00 -4.538000000000000367e-03 8.075000000000000580e-03 9.999569999999999848e-01 2.898839999999999750e-01 -9.570189999999999531e-01 9.043000000000000690e-03 9.570509999999999851e-01 2.899129999999999763e-01 2.001999999999999873e-03
9.000000000000000000e+00 1.600000000000000000e+01 4.000000000000000000e+00 0.000000000000000000e+00 1.600000000000000089e+00 -4.095999999999999815e-03 1.425300000000000004e-02 9.998899999999999455e-01 3.499180000000000068e-01 -9.366640000000000521e-01 1.478499999999999953e-02 9.367720000000000491e-01 3.499399999999999733e-01 -1.150999999999999896e-03
1.700000000000000000e+01 1.600000000000000000e+01 4.000000000000000000e+00 0.000000000000000000e+00 1.600000000000000089e+00 -3.383999999999999855e-03 2.837599999999999845e-02 9.995920000000000361e-01 3.390070000000000028e-01 -9.403719999999999857e-01 2.784299999999999969e-02 9.407780000000000031e-01 3.389619999999999855e-01 -6.437000000000000013e-03
2.000000000000000000e+01 1.600000000000000000e+01 4.000000000000000000e+00 0.000000000000000000e+00 1.600000000000000089e+00 -1.449999999999999900e-03 3.093500000000000069e-02 9.995199999999999640e-01 3.373860000000000192e-01 -9.409009999999999874e-01 2.961000000000000090e-02 9.413650000000000073e-01 3.372669999999999835e-01 -9.072999999999999468e-03
2.400000000000000000e+01 1.600000000000000000e+01 4.000000000000000000e+00 0.000000000000000000e+00 1.600000000000000089e+00 -2.743000000000000212e-03 2.632299999999999918e-02 9.996500000000000385e-01 3.351500000000000035e-01 -9.418140000000000400e-01 2.571899999999999881e-02 9.421610000000000262e-01 3.351029999999999842e-01 -6.238999999999999754e-03
1.300000000000000000e+01 1.010000000000000000e+02 7.000000000000000000e+00 0.000000000000000000e+00 1.600000000000000089e+00 2.292000000000000200e-03 6.534500000000000031e-02 9.978599999999999692e-01 8.879209999999999603e-01 4.588749999999999774e-01 -3.208899999999999947e-02 -4.599900000000000100e-01 8.860949999999999660e-01 -5.696899999999999881e-02
2.000000000000000000e+01 1.010000000000000000e+02 7.000000000000000000e+00 0.000000000000000000e+00 1.600000000000000089e+00 1.640000000000000019e-04 1.829400000000000123e-02 9.998329999999999718e-01 8.874279999999999946e-01 4.608670000000000266e-01 -8.578000000000000555e-03 -4.609469999999999956e-01 8.872809999999999864e-01 -1.615899999999999975e-02
6.000000000000000000e+00 1.500000000000000000e+01 8.000000000000000000e+00 0.000000000000000000e+00 1.600000000000000089e+00 9.032999999999999363e-03 8.401999999999999746e-03 -9.999240000000000350e-01 -5.823460000000000303e-01 -8.128509999999999902e-01 -1.209000000000000005e-02 -8.128910000000000302e-01 5.824110000000000120e-01 -2.449999999999999921e-03
1.000000000000000000e+01 1.500000000000000000e+01 8.000000000000000000e+00 0.000000000000000000e+00 1.600000000000000089e+00 9.785999999999999560e-03 1.683199999999999974e-02 -9.998099999999999765e-01 -5.799940000000000095e-01 -8.143899999999999473e-01 -1.938799999999999898e-02 -8.145620000000000083e-01 5.800739999999999785e-01 1.793000000000000106e-03
1.200000000000000000e+01 1.500000000000000000e+01 8.000000000000000000e+00 0.000000000000000000e+00 1.600000000000000089e+00 1.092300000000000042e-02 1.895399999999999863e-02 -9.997610000000000108e-01 -5.786639999999999562e-01 -8.152749999999999719e-01 -2.177899999999999975e-02 -8.154930000000000234e-01 5.787630000000000274e-01 2.063000000000000164e-03
1.900000000000000000e+01 1.500000000000000000e+01 8.000000000000000000e+00 0.000000000000000000e+00 1.600000000000000089e+00 9.931000000000000591e-03 2.637799999999999867e-02 -9.996030000000000193e-01 -5.736329999999999485e-01 -8.186569999999999681e-01 -2.730199999999999988e-02 -8.190520000000000023e-01 5.736759999999999637e-01 7.001000000000000278e-03
2.400000000000000000e+01 1.500000000000000000e+01 8.000000000000000000e+00 0.000000000000000000e+00 1.600000000000000089e+00 1.053699999999999949e-02 2.614800000000000110e-02 -9.996030000000000193e-01 -5.711829999999999963e-01 -8.203629999999999534e-01 -2.748099999999999848e-02 -8.207550000000000123e-01 5.712450000000000028e-01 6.290999999999999717e-03
2.900000000000000000e+01 1.500000000000000000e+01 8.000000000000000000e+00 0.000000000000000000e+00 1.600000000000000089e+00 5.771000000000000088e-03 1.767300000000000121e-02 -9.998270000000000213e-01 -5.683399999999999563e-01 -8.226010000000000266e-01 -1.782100000000000004e-02 -8.227729999999999766e-01 5.683449999999999891e-01 5.296999999999999625e-03
7.000000000000000000e+00 2.600000000000000000e+01 8.000000000000000000e+00 0.000000000000000000e+00 1.600000000000000089e+00 -8.640999999999999376e-03 -1.464000000000000024e-02 -9.998559999999999670e-01 4.046660000000000257e-01 9.143090000000000384e-01 -1.688500000000000070e-02 9.144240000000000146e-01 -4.047540000000000027e-01 -1.975999999999999892e-03
1.300000000000000000e+01 2.600000000000000000e+01 8.000000000000000000e+00 0.000000000000000000e+00 1.600000000000000089e+00 -6.570000000000000319e-03 -1.523399999999999928e-02 -9.998620000000000285e-01 4.110179999999999945e-01 9.114759999999999529e-01 -1.658799999999999858e-02 9.116039999999999699e-01 -4.110710000000000197e-01 2.730000000000000222e-04
1.800000000000000000e+01 2.600000000000000000e+01 8.000000000000000000e+00 0.000000000000000000e+00 1.600000000000000089e+00 -7.773000000000000395e-03 -2.994700000000000140e-02 -9.995209999999999928e-01 4.156690000000000107e-01 9.090049999999999519e-01 -3.046799999999999856e-02 9.094830000000000414e-01 -4.157069999999999932e-01 5.381999999999999632e-03
2.700000000000000000e+01 2.600000000000000000e+01 8.000000000000000000e+00 0.000000000000000000e+00 1.600000000000000089e+00 -5.948000000000000162e-03 -1.096199999999999952e-02 -9.999219999999999775e-01 4.223959999999999937e-01 9.063259999999999650e-01 -1.244800000000000073e-02 9.063919999999999755e-01 -4.224370000000000069e-01 -7.609999999999999577e-04
2.900000000000000000e+01 1.400000000000000000e+01 9.000000000000000000e+00 0.000000000000000000e+00 1.600000000000000089e+00 6.099000000000000254e-03 2.161099999999999827e-02 -9.997479999999999700e-01 -5.614869999999999584e-01 -8.272110000000000296e-01 -2.130699999999999955e-02 -8.274629999999999486e-01 5.614759999999999751e-01 7.088999999999999815e-03
1.000000000000000000e+00 2.400000000000000000e+01 9.000000000000000000e+00 0.000000000000000000e+00 1.600000000000000089e+00 -5.944999999999999764e-03 -2.159399999999999861e-02 -9.997489999999999988e-01 4.588940000000000241e-01 8.882210000000000383e-01 -2.191399999999999945e-02 8.884710000000000107e-01 -4.589090000000000114e-01 4.629000000000000302e-03
1.100000000000000000e+01 2.400000000000000000e+01 9.000000000000000000e+00 0.000000000000000000e+00 1.600000000000000089e+00 -7.786999999999999651e-03 -1.407399999999999970e-02 -9.998709999999999543e-01 4.641609999999999903e-01 8.856049999999999756e-01 -1.608000000000000054e-02 8.857169999999999765e-01 -4.642260000000000275e-01 -3.640000000000000115e-04
1.700000000000000000e+01 2.400000000000000000e+01 9.000000000000000000e+00 0.000000000000000000e+00 1.600000000000000089e+00 -8.361000000000000376e-03 -3.056000000000000036e-02 -9.994979999999999976e-01 4.695730000000000182e-01 8.823530000000000539e-01 -3.090599999999999944e-02 8.828540000000000276e-01 -4.695960000000000134e-01 6.973000000000000032e-03
2.300000000000000000e+01 2.400000000000000000e+01 9.000000000000000000e+00 0.000000000000000000e+00 1.600000000000000089e+00 -9.322999999999999690e-03 -2.464399999999999924e-02 -9.996530000000000138e-01 4.762850000000000139e-01 8.789029999999999898e-01 -2.610900000000000026e-02 8.792410000000000503e-01 -4.763629999999999809e-01 3.543000000000000142e-03
4.000000000000000000e+00 4.000000000000000000e+00 1.100000000000000000e+01 0.000000000000000000e+00 1.600000000000000089e+00 8.600000000000000331e-05 6.989999999999999686e-04 -1.000000000000000000e+00 1.945240000000000025e-01 9.808970000000000189e-01 7.020000000000000415e-04 9.808980000000000476e-01 -1.945240000000000025e-01 -5.099999999999999960e-05
7.000000000000000000e+00 4.000000000000000000e+00 1.100000000000000000e+01 0.000000000000000000e+00 1.600000000000000089e+00 6.870000000000000022e-04 5.459000000000000311e-03 -9.999850000000000128e-01 1.911599999999999966e-01 9.815430000000000543e-01 5.490000000000000088e-03 9.815589999999999593e-01 -1.911609999999999976e-01 -3.699999999999999947e-04
1.100000000000000000e+01 4.000000000000000000e+00 1.100000000000000000e+01 0.000000000000000000e+00 1.600000000000000089e+00 2.250999999999999963e-03 2.270499999999999949e-02 -9.997399999999999620e-01 1.799419999999999908e-01 9.834140000000000104e-01 2.273999999999999980e-02 9.836749999999999661e-01 -1.799459999999999948e-01 -1.871999999999999966e-03
7.000000000000000000e+00 1.040000000000000000e+02 1.100000000000000000e+01 0.000000000000000000e+00 1.600000000000000089e+00 4.235000000000000049e-03 -3.999999999999999819e-06 9.999909999999999632e-01 -9.751309999999999700e-01 -2.215910000000000102e-01 4.127999999999999725e-03 2.215890000000000082e-01 -9.751400000000000068e-01 -9.420000000000000205e-04
1.200000000000000000e+01 1.040000000000000000e+02 1.100000000000000000e+01 0.000000000000000000e+00 1.600000000000000089e+00 9.286000000000000851e-03 9.967000000000000165e-03 9.999069999999999903e-01 -9.737000000000000099e-01 -2.275520000000000043e-01 1.131099999999999987e-02 2.276430000000000120e-01 -9.737149999999999972e-01 7.591999999999999790e-03
3.000000000000000000e+00 3.100000000000000000e+01 1.200000000000000000e+01 0.000000000000000000e+00 1.600000000000000089e+00 -1.840000000000000001e-04 5.580000000000000107e-04 1.000000000000000000e+00 -2.074499999999999955e-02 9.997850000000000348e-01 -5.609999999999999752e-04 -9.997850000000000348e-01 -2.074499999999999955e-02 -1.720000000000000066e-04
1.000000000000000000e+01 3.100000000000000000e+01 1.200000000000000000e+01 0.000000000000000000e+00 1.600000000000000089e+00 2.642999999999999950e-03 3.374999999999999962e-03 9.999909999999999632e-01 -2.284500000000000072e-02 9.997340000000000115e-01 -3.314000000000000105e-03 -9.997359999999999580e-01 -2.283599999999999866e-02 2.719000000000000063e-03
2.000000000000000000e+01 3.100000000000000000e+01 1.200000000000000000e+01 0.000000000000000000e+00 1.600000000000000089e+00 -1.111999999999999924e-03 -6.492999999999999640e-03 9.999780000000000335e-01 -2.345399999999999915e-02 9.997040000000000370e-01 6.465000000000000260e-03 -9.997239999999999460e-01 -2.344699999999999909e-02 -1.263999999999999933e-03
1.000000000000000000e+01 3.500000000000000000e+01 1.200000000000000000e+01 0.000000000000000000e+00 1.600000000000000089e+00 3.201999999999999985e-03 2.165999999999999957e-03 -9.999930000000000208e-01 4.938509999999999844e-01 -8.695460000000000411e-01 -3.020000000000000223e-04 -8.695399999999999796e-01 -4.938469999999999804e-01 -3.853999999999999787e-03
1.300000000000000000e+01 3.500000000000000000e+01 1.200000000000000000e+01 0.000000000000000000e+00 1.600000000000000089e+00 2.380999999999999870e-03 -1.123999999999999999e-03 -9.999970000000000248e-01 4.992090000000000138e-01 -8.664789999999999992e-01 2.161999999999999859e-03 -8.664779999999999704e-01 -4.992119999999999891e-01 -1.502000000000000080e-03
1.700000000000000000e+01 3.500000000000000000e+01 1.200000000000000000e+01 0.000000000000000000e+00 1.600000000000000089e+00 -2.171000000000000187e-03 -2.259999999999999856e-03 -9.999949999999999672e-01 4.935390000000000055e-01 -8.697230000000000238e-01 8.940000000000000464e-04 -8.697209999999999663e-01 -4.935350000000000015e-01 3.003000000000000027e-03
2.200000000000000000e+01 3.500000000000000000e+01 1.200000000000000000e+01 0.000000000000000000e+00 1.600000000000000089e+00 -2.435000000000000098e-03 -2.609999999999999907e-03 -9.999940000000000495e-01 4.829709999999999837e-01 -8.756359999999999699e-01 1.108999999999999960e-03 -8.756329999999999947e-01 -4.829649999999999777e-01 3.393000000000000183e-03
1.600000000000000000e+01 3.000000000000000000e+00 1.300000000000000000e+01 0.000000000000000000e+00 1.600000000000000089e+00 2.436999999999999930e-03 4.561599999999999683e-02 9.989559999999999551e-01 -1.947099999999999873e-02 9.987719999999999931e-01 -4.556000000000000327e-02 -9.998070000000000013e-01 -1.933999999999999955e-02 3.321999999999999866e-03
8.000000000000000000e+00 3.200000000000000000e+01 1.400000000000000000e+01 0.000000000000000000e+00 1.600000000000000089e+00 -1.337999999999999997e-03 -7.299999999999999903e-05 -9.999989999999999712e-01 1.133289999999999992e-01 9.935570000000000235e-01 -2.239999999999999966e-04 9.935570000000000235e-01 -1.133289999999999992e-01 -1.320999999999999909e-03
1.400000000000000000e+01 3.200000000000000000e+01 1.400000000000000000e+01 0.000000000000000000e+00 1.600000000000000089e+00 6.170000000000000354e-04 4.525000000000000376e-03 -9.999900000000000455e-01 1.119939999999999963e-01 9.936979999999999702e-01 4.564999999999999614e-03 9.937089999999999534e-01 -1.119949999999999973e-01 1.060000000000000016e-04
2.000000000000000000e+00 1.200000000000000000e+01 1.500000000000000000e+01 0.000000000000000000e+00 1.600000000000000089e+00 3.271000000000000036e-03 5.866999999999999819e-03 -9.999770000000000048e-01 -4.692160000000000220e-01 -8.830580000000000096e-01 -6.715999999999999748e-03 -8.830770000000000008e-01 4.692270000000000052e-01 -1.359999999999999989e-04
1.400000000000000000e+01 1.200000000000000000e+01 1.500000000000000000e+01 0.000000000000000000e+00 1.600000000000000089e+00 8.410000000000000808e-03 1.721599999999999867e-02 -9.998160000000000380e-01 -4.691640000000000255e-01 -8.829029999999999934e-01 -1.914899999999999936e-02 -8.830710000000000504e-01 4.692390000000000172e-01 6.520000000000000188e-04
2.000000000000000000e+01 1.200000000000000000e+01 1.500000000000000000e+01 0.000000000000000000e+00 1.600000000000000089e+00 7.337999999999999905e-03 1.682700000000000168e-02 -9.998310000000000253e-01 -4.693620000000000014e-01 -8.828160000000000451e-01 -1.830299999999999983e-02 -8.829749999999999543e-01 4.694169999999999732e-01 1.420000000000000038e-03
2.400000000000000000e+01 1.200000000000000000e+01 1.500000000000000000e+01 0.000000000000000000e+00 1.600000000000000089e+00 7.492999999999999661e-03 1.378500000000000038e-02 -9.998770000000000158e-01 -4.685630000000000073e-01 -8.832910000000000483e-01 -1.568900000000000156e-02 -8.833980000000000166e-01 4.686230000000000118e-01 -1.589999999999999888e-04
2.000000000000000000e+00 1.100000000000000000e+01 1.600000000000000000e+01 0.000000000000000000e+00 1.600000000000000089e+00 2.606999999999999942e-03 4.481999999999999873e-03 -9.999869999999999592e-01 -4.191199999999999926e-01 -9.079159999999999453e-01 -5.161999999999999922e-03 -9.079270000000000396e-01 4.191270000000000273e-01 -4.889999999999999599e-04
9.000000000000000000e+00 1.100000000000000000e+01 1.600000000000000000e+01 0.000000000000000000e+00 1.600000000000000089e+00 4.314000000000000126e-03 3.070999999999999945e-03 -9.999860000000000415e-01 -4.212620000000000253e-01 -9.069270000000000387e-01 -4.603000000000000320e-03 -9.069289999999999852e-01 4.212759999999999838e-01 -2.618999999999999800e-03
1.100000000000000000e+01 1.160000000000000000e+02 1.600000000000000000e+01 0.000000000000000000e+00 1.600000000000000089e+00 5.975000000000000276e-03 4.867999999999999931e-03 9.999700000000000255e-01 7.285190000000000277e-01 6.849830000000000085e-01 -7.688000000000000389e-03 -6.850000000000000533e-01 7.285430000000000517e-01 5.460000000000000443e-04
2.000000000000000000e+00 2.000000000000000000e+00 1.900000000000000000e+01 0.000000000000000000e+00 1.600000000000000089e+00 3.114000000000000015e-03 -3.600000000000000091e-05 -9.999949999999999672e-01 1.954369999999999996e-01 -9.807160000000000322e-01 6.430000000000000169e-04 -9.807109999999999994e-01 -1.954380000000000006e-01 -3.046999999999999795e-03
6.000000000000000000e+00 2.000000000000000000e+00 1.900000000000000000e+01 0.000000000000000000e+00 1.600000000000000089e+00 4.067000000000000302e-03 -1.738699999999999968e-02 -9.998409999999999798e-01 1.885429999999999884e-01 -9.819029999999999703e-01 1.784200000000000022e-02 -9.820569999999999578e-01 -1.885850000000000026e-01 -7.150000000000000322e-04
1.000000000000000000e+01 2.000000000000000000e+00 1.900000000000000000e+01 0.000000000000000000e+00 1.600000000000000089e+00 -2.159999999999999919e-04 -9.419000000000000289e-03 -9.999559999999999560e-01 1.859049999999999869e-01 -9.825249999999999817e-01 9.214999999999999233e-03 -9.825679999999999970e-01 -1.858950000000000047e-01 1.962999999999999901e-03
2.000000000000000000e+01 2.000000000000000000e+00 1.900000000000000000e+01 0.000000000000000000e+00 1.600000000000000089e+00 1.062999999999999926e-03 1.899599999999999900e-02 -9.998190000000000133e-01 1.617329999999999879e-01 -9.866599999999999815e-01 -1.857400000000000023e-02 -9.868339999999999890e-01 -1.616839999999999944e-01 -4.120999999999999663e-03
2.700000000000000000e+01 2.000000000000000000e+00 1.900000000000000000e+01 0.000000000000000000e+00 1.600000000000000089e+00 3.005999999999999991e-03 1.231000000000000106e-03 -9.999949999999999672e-01 1.399769999999999903e-01 -9.901539999999999786e-01 -7.990000000000000140e-04 -9.901499999999999746e-01 -1.399739999999999873e-01 -3.148000000000000190e-03
1.000000000000000000e+00 1.300000000000000000e+01 2.000000000000000000e+01 0.000000000000000000e+00 1.600000000000000089e+00 -3.089999999999999756e-04 -4.015999999999999605e-03 9.999919999999999920e-01 2.603219999999999978e-01 9.655139999999999834e-01 3.957999999999999713e-03 -9.655219999999999914e-01 2.603210000000000246e-01 7.470000000000000511e-04
6.000000000000000000e+00 1.300000000000000000e+01 2.000000000000000000e+01 0.000000000000000000e+00 1.600000000000000089e+00 2.683000000000000055e-03 -1.620000000000000075e-04 9.999959999999999960e-01 2.576680000000000081e-01 9.662330000000000085e-01 -5.349999999999999938e-04 -9.662300000000000333e-01 2.576689999999999814e-01 2.634000000000000057e-03
1.400000000000000000e+01 1.300000000000000000e+01 2.000000000000000000e+01 0.000000000000000000e+00 1.600000000000000089e+00 -2.341999999999999898e-03 -8.260999999999999246e-03 9.999630000000000463e-01 2.541829999999999923e-01 9.671180000000000332e-01 8.585000000000000617e-03 -9.671530000000000404e-01 2.541939999999999755e-01 -1.659999999999999963e-04
1.800000000000000000e+01 1.300000000000000000e+01 2.000000000000000000e+01 0.000000000000000000e+00 1.600000000000000089e+00 -2.384999999999999967e-03 -9.093999999999999653e-03 9.999559999999999560e-01 2.545640000000000125e-01 9.670100000000000362e-01 9.402000000000000635e-03 -9.670530000000000515e-01 2.545749999999999957e-01 9.000000000000000228e-06
2.100000000000000000e+01 1.300000000000000000e+01 2.000000000000000000e+01 0.000000000000000000e+00 1.600000000000000089e+00 -1.376000000000000053e-03 -8.236999999999999530e-03 9.999649999999999928e-01 2.547240000000000060e-01 9.669780000000000042e-01 8.314999999999999475e-03 -9.670130000000000114e-01 2.547260000000000080e-01 7.680000000000000195e-04
2.600000000000000000e+01 1.300000000000000000e+01 2.000000000000000000e+01 0.000000000000000000e+00 1.600000000000000089e+00 1.704000000000000003e-03 -4.730000000000000046e-04 9.999980000000000535e-01 2.519140000000000268e-01 9.677499999999999991e-01 2.900000000000000017e-05 -9.677480000000000526e-01 2.519140000000000268e-01 1.768999999999999956e-03
1.700000000000000000e+01 1.600000000000000000e+01 2.100000000000000000e+01 0.000000000000000000e+00 1.600000000000000089e+00 -2.802999999999999936e-03 -8.099000000000000296e-03 9.999630000000000463e-01 3.014660000000000117e-01 9.534380000000000077e-01 8.566999999999999962e-03 -9.534730000000000150e-01 3.014789999999999970e-01 -2.310000000000000042e-04
2.300000000000000000e+01 1.600000000000000000e+01 2.100000000000000000e+01 0.000000000000000000e+00 1.600000000000000089e+00 -6.650000000000000095e-04 -4.316000000000000392e-03 9.999909999999999632e-01 3.026429999999999954e-01 9.530939999999999968e-01 4.315000000000000259e-03 -9.531039999999999512e-01 3.026429999999999954e-01 6.719999999999999628e-04
2.700000000000000000e+01 1.600000000000000000e+01 2.100000000000000000e+01 0.000000000000000000e+00 1.600000000000000089e+00 1.984999999999999785e-03 7.183000000000000149e-03 9.999719999999999720e-01 3.022929999999999784e-01 9.531859999999999777e-01 -7.446999999999999627e-03 -9.532129999999999770e-01 3.022989999999999844e-01 -2.799999999999999755e-04
1.100000000000000000e+01 3.000000000000000000e+00 2.500000000000000000e+01 0.000000000000000000e+00 1.600000000000000089e+00 -3.699999999999999811e-05 4.493999999999999731e-03 9.999900000000000455e-01 2.057600000000000054e-02 -9.997779999999999445e-01 4.493999999999999731e-03 9.997880000000000100e-01 2.057600000000000054e-02 -5.500000000000000196e-05
6.000000000000000000e+00 4.600000000000000000e+01 2.700000000000000000e+01 0.000000000000000000e+00 1.600000000000000089e+00 3.661000000000000192e-03 3.995000000000000287e-03 -9.999850000000000128e-01 6.676579999999999737e-01 7.444490000000000274e-01 5.419000000000000206e-03 7.444600000000000106e-01 -6.676680000000000392e-01 5.800000000000000034e-05
1.600000000000000000e+01 4.600000000000000000e+01 2.700000000000000000e+01 0.000000000000000000e+00 1.600000000000000089e+00 -7.649999999999999465e-04 -2.689999999999999791e-04 -1.000000000000000000e+00 6.697800000000000420e-01 7.425589999999999691e-01 -7.119999999999999593e-04 7.425589999999999691e-01 -6.697809999999999597e-01 -3.879999999999999985e-04
2.400000000000000000e+01 4.600000000000000000e+01 2.700000000000000000e+01 0.000000000000000000e+00 1.600000000000000089e+00 -2.729999999999999788e-03 -1.433000000000000029e-03 -9.999949999999999672e-01 6.669640000000000013e-01 7.450849999999999973e-01 -2.887999999999999942e-03 7.450849999999999973e-01 -6.669680000000000053e-01 -1.077999999999999965e-03
2.300000000000000000e+01 4.600000000000000000e+01 3.000000000000000000e+01 0.000000000000000000e+00 1.600000000000000089e+00 -1.572999999999999962e-03 -2.478000000000000168e-03 -9.999959999999999960e-01 3.280109999999999970e-01 9.446700000000000097e-01 -2.857000000000000164e-03 9.446729999999999849e-01 -3.280139999999999723e-01 -6.729999999999999871e-04
2.600000000000000000e+01 4.600000000000000000e+01 3.000000000000000000e+01 0.000000000000000000e+00 1.600000000000000089e+00 -3.095000000000000095e-03 -1.897000000000000032e-03 -9.999930000000000208e-01 3.255089999999999928e-01 9.455350000000000144e-01 -2.801000000000000104e-03 9.455339999999999856e-01 -3.255160000000000275e-01 -2.308999999999999855e-03
1.000000000000000000e+00 5.800000000000000000e+01 3.100000000000000000e+01 0.000000000000000000e+00 1.600000000000000089e+00 9.638000000000000733e-03 1.333200000000000010e-02 9.998650000000000038e-01 -7.641660000000000119e-01 -6.448220000000000063e-01 1.596399999999999902e-02 6.449470000000000480e-01 -7.642170000000000352e-01 3.974000000000000102e-03
7.000000000000000000e+00 5.800000000000000000e+01 3.100000000000000000e+01 0.000000000000000000e+00 1.600000000000000089e+00 8.427999999999999728e-03 1.631099999999999911e-02 9.998310000000000253e-01 -7.662010000000000209e-01 -6.423780000000000046e-01 1.693800000000000167e-02 6.425459999999999505e-01 -7.662149999999999794e-01 7.082999999999999886e-03
1.300000000000000000e+01 5.800000000000000000e+01 3.100000000000000000e+01 0.000000000000000000e+00 1.600000000000000089e+00 1.534999999999999906e-03 6.067000000000000344e-03 9.999799999999999800e-01 -7.673060000000000436e-01 -6.412609999999999699e-01 5.068999999999999721e-03 6.412799999999999612e-01 -7.672989999999999533e-01 3.670999999999999784e-03
2.100000000000000000e+01 5.800000000000000000e+01 3.100000000000000000e+01 0.000000000000000000e+00 1.600000000000000089e+00 7.604999999999999781e-03 -2.100000000000000087e-04 9.999710000000000543e-01 -7.612590000000000190e-01 -6.484229999999999716e-01 5.653000000000000039e-03 6.484029999999999516e-01 -7.612799999999999567e-01 -5.091000000000000039e-03
2.500000000000000000e+01 5.800000000000000000e+01 3.100000000000000000e+01 0.000000000000000000e+00 1.600000000000000089e+00 4.249000000000000173e-03 8.975000000000000339e-03 9.999510000000000343e-01 -7.571120000000000072e-01 -6.532219999999999693e-01 9.079999999999999530e-03 6.532719999999999638e-01 -7.571130000000000360e-01 4.019000000000000003e-03
8.000000000000000000e+00 6.000000000000000000e+00 3.200000000000000000e+01 0.000000000000000000e+00 1.600000000000000089e+00 -5.427000000000000400e-03 -7.709999999999999840e-04 -9.999850000000000128e-01 1.768879999999999897e-01 9.842290000000000205e-01 -1.719000000000000042e-03 9.842159999999999798e-01 -1.768949999999999967e-01 -5.205000000000000425e-03
2.400000000000000000e+01 6.000000000000000000e+00 3.200000000000000000e+01 0.000000000000000000e+00 1.600000000000000089e+00 3.399000000000000112e-03 -1.570999999999999914e-03 -9.999930000000000208e-01 2.067259999999999931e-01 9.783979999999999899e-01 -8.350000000000000217e-04 9.783929999999999572e-01 -2.067219999999999891e-01 3.650000000000000033e-03
7.000000000000000000e+00 4.600000000000000000e+01 3.500000000000000000e+01 0.000000000000000000e+00 1.600000000000000089e+00 2.160000000000000028e-03 2.930000000000000204e-04 -9.999980000000000535e-01 3.868570000000000064e-01 -9.221399999999999597e-01 5.649999999999999641e-04 -9.221369999999999845e-01 -3.868570000000000064e-01 -2.105000000000000100e-03
1.100000000000000000e+01 4.600000000000000000e+01 3.500000000000000000e+01 0.000000000000000000e+00 1.600000000000000089e+00 -9.070000000000000371e-04 1.521000000000000000e-03 -9.999980000000000535e-01 3.862479999999999802e-01 -9.223930000000000184e-01 -1.753000000000000001e-03 -9.223949999999999649e-01 -3.862490000000000090e-01 2.489999999999999809e-04
1.900000000000000000e+01 4.600000000000000000e+01 3.500000000000000000e+01 0.000000000000000000e+00 1.600000000000000089e+00 -8.149999999999999693e-04 4.151000000000000176e-03 -9.999909999999999632e-01 3.848539999999999739e-01 -9.229680000000000106e-01 -4.145000000000000247e-03 -9.229770000000000474e-01 -3.848539999999999739e-01 -8.459999999999999638e-04
2.700000000000000000e+01 4.600000000000000000e+01 3.500000000000000000e+01 0.000000000000000000e+00 1.600000000000000089e+00 1.933999999999999955e-03 -4.500000000000000283e-05 -9.999980000000000535e-01 3.858300000000000063e-01 -9.225700000000000012e-01 7.870000000000000476e-04 -9.225680000000000547e-01 -3.858300000000000063e-01 -1.766999999999999908e-03
7.000000000000000000e+00 9.500000000000000000e+01 3.600000000000000000e+01 0.000000000000000000e+00 1.600000000000000089e+00 -7.945000000000000673e-03 -6.675899999999999890e-02 9.977369999999999850e-01 9.980120000000000102e-01 6.185500000000000026e-02 1.208599999999999952e-02 -6.252199999999999425e-02 9.958500000000000130e-01 6.613499999999999934e-02
1.200000000000000000e+01 9.500000000000000000e+01 3.600000000000000000e+01 0.000000000000000000e+00 1.600000000000000089e+00 -3.976000000000000367e-03 -7.033000000000000189e-03 9.999670000000000503e-01 9.984690000000000509e-01 5.514399999999999857e-02 4.357999999999999895e-03 -5.517299999999999982e-02 9.984539999999999527e-01 6.803000000000000019e-03
1.600000000000000000e+01 9.500000000000000000e+01 3.600000000000000000e+01 0.000000000000000000e+00 1.600000000000000089e+00 2.076999999999999853e-03 9.057800000000000573e-02 9.958869999999999667e-01 9.978470000000000395e-01 6.509299999999999808e-02 -8.002000000000000432e-03 -6.554999999999999716e-02 9.937599999999999767e-01 -9.024799999999999489e-02
2.000000000000000000e+01 9.500000000000000000e+01 3.600000000000000000e+01 0.000000000000000000e+00 1.600000000000000089e+00 3.996000000000000420e-03 8.733000000000000485e-02 9.961710000000000287e-01 9.970029999999999726e-01 7.661999999999999367e-02 -1.071599999999999983e-02 -7.726299999999999835e-02 9.932279999999999998e-01 -8.676200000000000578e-02
2.500000000000000000e+01 9.500000000000000000e+01 3.600000000000000000e+01 0.000000000000000000e+00 1.600000000000000089e+00 2.256999999999999892e-03 3.049999999999999933e-02 9.995319999999999760e-01 9.970310000000000006e-01 7.685799999999999577e-02 -4.597000000000000391e-03 -7.696200000000000263e-02 9.965749999999999886e-01 -3.023599999999999899e-02
1.300000000000000000e+01 3.000000000000000000e+00 4.300000000000000000e+01 0.000000000000000000e+00 1.600000000000000089e+00 3.088000000000000033e-03 -3.288999999999999823e-03 -9.999900000000000455e-01 7.417270000000000252e-01 -6.706870000000000331e-01 4.497000000000000129e-03 -6.706950000000000411e-01 -7.417329999999999757e-01 3.690000000000000246e-04
1.800000000000000000e+01 3.000000000000000000e+00 4.300000000000000000e+01 0.000000000000000000e+00 1.600000000000000089e+00 -6.049999999999999606e-04 -2.701699999999999935e-02 -9.996350000000000513e-01 7.393999999999999462e-01 -6.730319999999999636e-01 1.774299999999999836e-02 -6.732660000000000311e-01 -7.391199999999999992e-01 2.038299999999999834e-02
2.900000000000000000e+01 3.000000000000000000e+00 4.300000000000000000e+01 0.000000000000000000e+00 1.600000000000000089e+00 4.192999999999999679e-03 2.049099999999999880e-02 -9.997810000000000308e-01 7.435840000000000227e-01 -6.685590000000000144e-01 -1.058399999999999966e-02 -6.686299999999999466e-01 -7.433769999999999545e-01 -1.804100000000000148e-02
6.000000000000000000e+00 8.000000000000000000e+00 4.400000000000000000e+01 0.000000000000000000e+00 1.600000000000000089e+00 -5.351999999999999987e-03 -1.041000000000000085e-02 9.999310000000000143e-01 -7.644689999999999541e-01 -6.445699999999999763e-01 -1.080200000000000084e-02 6.446389999999999620e-01 -7.644739999999999869e-01 -4.508999999999999987e-03
1.200000000000000000e+01 8.000000000000000000e+00 4.400000000000000000e+01 0.000000000000000000e+00 1.600000000000000089e+00 -1.116000000000000021e-03 -4.590999999999999595e-03 9.999890000000000168e-01 -7.686009999999999787e-01 -6.397180000000000089e-01 -3.794000000000000063e-03 6.397279999999999633e-01 -7.685959999999999459e-01 -2.814999999999999794e-03
2.200000000000000000e+01 8.000000000000000000e+00 4.400000000000000000e+01 0.000000000000000000e+00 1.600000000000000089e+00 -1.716999999999999993e-03 -1.771999999999999921e-03 9.999970000000000248e-01 -7.647059999999999969e-01 -6.443740000000000023e-01 -2.455000000000000151e-03 6.443769999999999776e-01 -7.647080000000000544e-01 -2.489999999999999809e-04
2.800000000000000000e+01 8.000000000000000000e+00 4.400000000000000000e+01 0.000000000000000000e+00 1.600000000000000089e+00 -2.517999999999999839e-03 6.139999999999999625e-04 9.999970000000000248e-01 -7.693499999999999783e-01 -6.388249999999999762e-01 -1.544999999999999932e-03 6.388220000000000010e-01 -7.693520000000000358e-01 2.080999999999999951e-03
8.000000000000000000e+00 2.900000000000000000e+01 4.400000000000000000e+01 0.000000000000000000e+00 1.600000000000000089e+00 2.629999999999999959e-04 7.429999999999999539e-04 -1.000000000000000000e+00 6.581099999999999728e-01 7.529219999999999802e-01 7.320000000000000118e-04 7.529219999999999802e-01 -6.581099999999999728e-01 -2.910000000000000260e-04
1.200000000000000000e+01 2.900000000000000000e+01 4.400000000000000000e+01 0.000000000000000000e+00 1.600000000000000089e+00 -2.481000000000000132e-03 -3.890999999999999927e-03 -9.999890000000000168e-01 6.589629999999999654e-01 7.521619999999999973e-01 -4.562000000000000083e-03 7.521710000000000340e-01 -6.589669999999999694e-01 6.980000000000000527e-04
1.900000000000000000e+01 2.900000000000000000e+01 4.400000000000000000e+01 0.000000000000000000e+00 1.600000000000000089e+00 6.279999999999999775e-04 1.874000000000000015e-03 -9.999980000000000535e-01 6.706879999999999509e-01 7.417380000000000084e-01 1.810999999999999893e-03 7.417399999999999549e-01 -6.706870000000000331e-01 -7.910000000000000364e-04
2.300000000000000000e+01 2.900000000000000000e+01 4.400000000000000000e+01 0.000000000000000000e+00 1.600000000000000089e+00 1.363999999999999978e-03 2.549000000000000050e-03 -9.999959999999999960e-01 6.783660000000000245e-01 7.347190000000000110e-01 2.798000000000000140e-03 7.347230000000000150e-01 -6.783670000000000533e-01 -7.269999999999999987e-04
2.800000000000000000e+01 2.900000000000000000e+01 4.400000000000000000e+01 0.000000000000000000e+00 1.600000000000000089e+00 1.420000000000000038e-03 -2.455000000000000151e-03 -9.999959999999999960e-01 6.813059999999999672e-01 7.319980000000000375e-01 -8.300000000000000086e-04 7.319970000000000088e-01 -6.813019999999999632e-01 2.710999999999999868e-03
1.500000000000000000e+01 5.400000000000000000e+01 4.600000000000000000e+01 0.000000000000000000e+00 1.600000000000000089e+00 -9.120000000000000502e-04 -2.674000000000000161e-03 9.999959999999999960e-01 3.034149999999999903e-01 -9.528560000000000363e-01 -2.271000000000000015e-03 9.528579999999999828e-01 3.034120000000000150e-01 1.680000000000000070e-03
2.100000000000000000e+01 6.500000000000000000e+01 4.600000000000000000e+01 0.000000000000000000e+00 1.600000000000000089e+00 3.213000000000000144e-03 -2.693000000000000081e-03 9.999909999999999632e-01 6.826630000000000198e-01 -7.307209999999999539e-01 -4.160999999999999768e-03 7.307259999999999867e-01 6.826710000000000278e-01 -5.090000000000000123e-04
1.800000000000000000e+01 7.000000000000000000e+01 4.700000000000000000e+01 0.000000000000000000e+00 1.600000000000000089e+00 -3.840000000000000097e-04 2.077999999999999986e-03 -9.999980000000000535e-01 -8.388809999999999878e-01 -5.443149999999999933e-01 -8.090000000000000403e-04 -5.443149999999999933e-01 8.388790000000000413e-01 1.951999999999999959e-03
2.100000000000000000e+01 7.000000000000000000e+01 4.700000000000000000e+01 0.000000000000000000e+00 1.600000000000000089e+00 -2.273999999999999980e-03 -2.024000000000000191e-03 -9.999949999999999672e-01 -8.409839999999999538e-01 -5.410509999999999486e-01 3.007999999999999823e-03 -5.410549999999999526e-01 8.409870000000000401e-01 -4.719999999999999803e-04
2.600000000000000000e+01 1.150000000000000000e+02 5.100000000000000000e+01 0.000000000000000000e+00 1.600000000000000089e+00 -2.150000000000000001e-03 -6.466999999999999658e-03 9.999770000000000048e-01 8.422589999999999799e-01 -5.390700000000000491e-01 -1.675000000000000057e-03 5.390690000000000204e-01 8.422359999999999847e-01 6.605999999999999893e-03
5.000000000000000000e+00 7.000000000000000000e+00 5.200000000000000000e+01 0.000000000000000000e+00 1.600000000000000089e+00 7.810000000000000102e-04 -5.507999999999999875e-03 -9.999850000000000128e-01 9.586100000000000176e-02 -9.953790000000000138e-01 5.557999999999999573e-03 -9.953940000000000010e-01 -9.586400000000000476e-02 -2.500000000000000052e-04
1.600000000000000000e+01 7.000000000000000000e+00 5.200000000000000000e+01 0.000000000000000000e+00 1.600000000000000089e+00 -1.248400000000000030e-02 -7.618999999999999904e-03 -9.998930000000000318e-01 1.131510000000000016e-01 -9.935589999999999700e-01 6.158000000000000279e-03 -9.934990000000000210e-01 -1.130619999999999958e-01 1.326500000000000075e-02
1.200000000000000000e+01 1.500000000000000000e+01 5.300000000000000000e+01 0.000000000000000000e+00 1.600000000000000089e+00 -3.930000000000000117e-04 5.410000000000000312e-04 -1.000000000000000000e+00 6.799760000000000248e-01 7.332349999999999701e-01 1.299999999999999886e-04 7.332349999999999701e-01 -6.799760000000000248e-01 -6.560000000000000076e-04
5.000000000000000000e+00 6.300000000000000000e+01 5.400000000000000000e+01 0.000000000000000000e+00 1.600000000000000089e+00 6.809999999999999647e-04 -1.779999999999999898e-03 9.999980000000000535e-01 -3.524280000000000190e-01 9.358370000000000299e-01 1.905999999999999925e-03 -9.358389999999999764e-01 -3.524289999999999923e-01 1.000000000000000082e-05
1.000000000000000000e+01 6.300000000000000000e+01 5.400000000000000000e+01 0.000000000000000000e+00 1.600000000000000089e+00 2.207000000000000194e-03 2.897999999999999968e-03 9.999930000000000208e-01 -3.501429999999999820e-01 9.366940000000000266e-01 -1.941999999999999933e-03 -9.366940000000000266e-01 -3.501360000000000028e-01 3.082000000000000104e-03
1.600000000000000000e+01 6.300000000000000000e+01 5.400000000000000000e+01 0.000000000000000000e+00 1.600000000000000089e+00 -9.380000000000000317e-04 -8.790000000000000070e-04 9.999989999999999712e-01 -3.559649999999999759e-01 9.344989999999999686e-01 4.879999999999999898e-04 -9.344989999999999686e-01 -3.559640000000000026e-01 -1.188999999999999953e-03
2.200000000000000000e+01 6.300000000000000000e+01 5.400000000000000000e+01 0.000000000000000000e+00 1.600000000000000089e+00 -1.959999999999999937e-04 -3.539999999999999853e-04 1.000000000000000000e+00 -3.540369999999999906e-01 9.352319999999999522e-01 2.620000000000000258e-04 -9.352319999999999522e-01 -3.540369999999999906e-01 -3.080000000000000055e-04
2.700000000000000000e+01 6.300000000000000000e+01 5.400000000000000000e+01 0.000000000000000000e+00 1.600000000000000089e+00 -8.500000000000000611e-05 2.197999999999999867e-03 9.999980000000000535e-01 -3.566849999999999743e-01 9.342219999999999969e-01 -2.083999999999999915e-03 -9.342249999999999721e-01 -3.566849999999999743e-01 7.050000000000000060e-04
8.000000000000000000e+00 2.500000000000000000e+01 5.500000000000000000e+01 0.000000000000000000e+00 1.600000000000000089e+00 -6.700000000000000226e-05 3.000000000000000062e-03 -9.999949999999999672e-01 -1.369199999999999931e-02 -9.999019999999999575e-01 -2.997999999999999797e-03 -9.999059999999999615e-01 1.369100000000000004e-02 1.079999999999999960e-04
1.200000000000000000e+01 2.500000000000000000e+01 5.500000000000000000e+01 0.000000000000000000e+00 1.600000000000000089e+00 -1.425999999999999967e-03 3.103999999999999988e-03 -9.999940000000000495e-01 -1.192700000000000010e-02 -9.999240000000000350e-01 -3.086999999999999900e-03 -9.999280000000000390e-01 1.192299999999999957e-02 1.463000000000000108e-03
1.600000000000000000e+01 2.500000000000000000e+01 5.500000000000000000e+01 0.000000000000000000e+00 1.600000000000000089e+00 -2.439000000000000196e-03 2.720000000000000195e-03 -9.999930000000000208e-01 -1.026700000000000008e-02 -9.999440000000000550e-01 -2.694999999999999913e-03 -9.999440000000000550e-01 1.026099999999999929e-02 2.467000000000000009e-03
2.100000000000000000e+01 2.500000000000000000e+01 5.500000000000000000e+01 0.000000000000000000e+00 1.600000000000000089e+00 -6.589999999999999721e-04 -2.700000000000000035e-04 -1.000000000000000000e+00 -1.062899999999999956e-02 -9.999430000000000263e-01 2.770000000000000110e-04 -9.999430000000000263e-01 1.062899999999999956e-02 6.560000000000000076e-04
2.600000000000000000e+01 2.500000000000000000e+01 5.500000000000000000e+01 0.000000000000000000e+00 1.600000000000000089e+00 1.840000000000000056e-03 2.657000000000000074e-03 -9.999949999999999672e-01 -8.699999999999999400e-03 -9.999590000000000423e-01 -2.673000000000000029e-03 -9.999599999999999600e-01 8.704999999999999197e-03 -1.817000000000000039e-03
1.000000000000000000e+01 7.000000000000000000e+00 6.000000000000000000e+01 0.000000000000000000e+00 1.600000000000000089e+00 7.669999999999999951e-04 -2.547999999999999918e-03 9.999959999999999960e-01 5.723500000000000254e-01 -8.200060000000000127e-01 -2.528999999999999998e-03 8.200089999999999879e-01 5.723500000000000254e-01 8.289999999999999843e-04
