4.000000000000000000e+00 2.500000000000000000e+01 1.000000000000000000e+00 0.000000000000000000e+00 1.600000000000000089e+00 2.206000000000000062e-03 3.644999999999999803e-03 -9.999909999999999632e-01 -5.248380000000000267e-01 -8.511919999999999487e-01 -4.259999999999999898e-03 -8.511999999999999567e-01 5.248420000000000307e-01 3.499999999999999693e-05
5.000000000000000000e+00 1.500000000000000000e+01 4.000000000000000000e+00 0.000000000000000000e+00 1.600000000000000089e+00 -8.947000000000000092e-03 -4.016999999999999738e-03 9.999519999999999520e-01 3.008779999999999788e-01 -9.536620000000000097e-01 -1.139000000000000038e-03 9.536210000000000520e-01 3.008529999999999816e-01 9.740999999999999659e-03
9.000000000000000000e+00 1.500000000000000000e+01 4.000000000000000000e+00 0.000000000000000000e+00 1.600000000000000089e+00 -5.114999999999999755e-03 -2.720000000000000195e-03 9.999829999999999552e-01 2.966289999999999760e-01 -9.549919999999999520e-01 -1.080000000000000014e-03 9.549790000000000223e-01 2.966179999999999928e-01 5.690999999999999878e-03
2.000000000000000000e+01 1.500000000000000000e+01 4.000000000000000000e+00 0.000000000000000000e+00 1.600000000000000089e+00 2.664000000000000135e-03 1.310500000000000033e-02 9.999109999999999943e-01 2.946730000000000183e-01 -9.555259999999999865e-01 1.173800000000000017e-02 9.555940000000000545e-01 2.946150000000000158e-01 -6.407000000000000368e-03
2.800000000000000000e+01 1.500000000000000000e+01 4.000000000000000000e+00 0.000000000000000000e+00 1.600000000000000089e+00 4.380000000000000213e-04 -7.900000000000000121e-04 1.000000000000000000e+00 3.039990000000000192e-01 -9.526719999999999633e-01 -8.859999999999999603e-04 9.526719999999999633e-01 3.039990000000000192e-01 -1.769999999999999926e-04
1.600000000000000000e+01 1.600000000000000000e+01 4.000000000000000000e+00 0.000000000000000000e+00 1.600000000000000089e+00 -2.320000000000000014e-04 1.004299999999999984e-02 9.999500000000000055e-01 3.698259999999999881e-01 -9.290530000000000177e-01 9.417000000000000023e-03 9.291009999999999547e-01 3.698089999999999988e-01 -3.498999999999999940e-03
8.000000000000000000e+00 1.010000000000000000e+02 7.000000000000000000e+00 0.000000000000000000e+00 1.600000000000000089e+00 -3.530000000000000152e-04 1.500699999999999951e-02 9.998869999999999703e-01 8.844929999999999737e-01 4.665059999999999762e-01 -6.688999999999999634e-03 -4.665529999999999955e-01 8.843910000000000382e-01 -1.343800000000000029e-02
1.400000000000000000e+01 1.010000000000000000e+02 7.000000000000000000e+00 0.000000000000000000e+00 1.600000000000000089e+00 -8.980000000000000352e-04 1.094400000000000060e-02 9.999400000000000510e-01 8.837789999999999813e-01 4.678849999999999953e-01 -4.327000000000000117e-03 -4.679039999999999866e-01 8.837220000000000075e-01 -1.009200000000000028e-02
1.900000000000000000e+01 1.010000000000000000e+02 7.000000000000000000e+00 0.000000000000000000e+00 1.600000000000000089e+00 2.716000000000000098e-03 -1.882999999999999908e-03 9.999949999999999672e-01 8.830829999999999513e-01 4.692149999999999932e-01 -1.515000000000000071e-03 -4.692089999999999872e-01 8.830820000000000336e-01 2.938000000000000073e-03
2.900000000000000000e+01 1.010000000000000000e+02 7.000000000000000000e+00 0.000000000000000000e+00 1.600000000000000089e+00 2.200000000000000078e-04 -2.703000000000000107e-03 9.999959999999999960e-01 8.867760000000000087e-01 4.621990000000000265e-01 1.054000000000000032e-03 -4.621999999999999997e-01 8.867720000000000047e-01 2.497999999999999787e-03
2.300000000000000000e+01 1.500000000000000000e+01 8.000000000000000000e+00 0.000000000000000000e+00 1.600000000000000089e+00 8.270000000000000441e-04 1.097899999999999918e-02 -9.999390000000000223e-01 -5.920029999999999459e-01 -8.058819999999999872e-01 -9.339000000000000079e-03 -8.059349999999999570e-01 5.919750000000000290e-01 5.832999999999999644e-03
2.000000000000000000e+00 2.500000000000000000e+01 8.000000000000000000e+00 0.000000000000000000e+00 1.600000000000000089e+00 -1.789999999999999925e-03 -7.617999999999999772e-03 -9.999689999999999968e-01 4.495000000000000107e-01 8.932480000000000420e-01 -7.609000000000000312e-03 8.932790000000000452e-01 -4.495000000000000107e-01 1.825000000000000016e-03
2.000000000000000000e+00 2.400000000000000000e+01 9.000000000000000000e+00 0.000000000000000000e+00 1.600000000000000089e+00 -1.946999999999999946e-03 -7.076999999999999957e-03 -9.999730000000000008e-01 4.519320000000000004e-01 8.920230000000000103e-01 -7.192999999999999741e-03 8.920500000000000096e-01 -4.519340000000000024e-01 1.461999999999999975e-03
5.000000000000000000e+00 2.400000000000000000e+01 9.000000000000000000e+00 0.000000000000000000e+00 1.600000000000000089e+00 -2.612999999999999871e-03 -5.802999999999999999e-03 -9.999799999999999800e-01 4.523289999999999811e-01 8.918279999999999541e-01 -6.357999999999999936e-03 8.918469999999999454e-01 -4.523369999999999891e-01 2.939999999999999905e-04
1.100000000000000000e+01 2.400000000000000000e+01 9.000000000000000000e+00 0.000000000000000000e+00 1.600000000000000089e+00 -1.268000000000000030e-03 -1.098999999999999934e-03 -9.999989999999999712e-01 4.533110000000000195e-01 8.913510000000000044e-01 -1.554000000000000043e-03 8.913510000000000044e-01 -4.533130000000000215e-01 -6.319999999999999663e-04
2.000000000000000000e+01 2.400000000000000000e+01 9.000000000000000000e+00 0.000000000000000000e+00 1.600000000000000089e+00 -8.800000000000000313e-04 -5.569000000000000165e-03 -9.999839999999999840e-01 4.538329999999999864e-01 8.910709999999999464e-01 -5.361999999999999579e-03 8.910860000000000447e-01 -4.538300000000000112e-01 1.742999999999999975e-03
2.600000000000000000e+01 2.400000000000000000e+01 9.000000000000000000e+00 0.000000000000000000e+00 1.600000000000000089e+00 -1.639999999999999965e-03 -9.201000000000000845e-03 -9.999559999999999560e-01 4.544560000000000266e-01 8.907239999999999602e-01 -8.940999999999999295e-03 8.907680000000000042e-01 -4.544509999999999939e-01 2.720999999999999894e-03
3.000000000000000000e+01 2.400000000000000000e+01 9.000000000000000000e+00 0.000000000000000000e+00 1.600000000000000089e+00 -1.850999999999999998e-03 -1.333600000000000063e-02 -9.999090000000000478e-01 4.556529999999999747e-01 8.900670000000000526e-01 -1.271399999999999961e-02 8.901559999999999473e-01 -4.556350000000000122e-01 4.428999999999999777e-03
1.200000000000000000e+01 3.100000000000000000e+01 1.200000000000000000e+01 0.000000000000000000e+00 1.600000000000000089e+00 1.366999999999999943e-03 -2.069999999999999792e-03 9.999970000000000248e-01 4.590000000000000330e-03 9.999869999999999592e-01 2.063000000000000164e-03 -9.999890000000000168e-01 4.586999999999999932e-03 1.376000000000000053e-03
2.600000000000000000e+01 3.100000000000000000e+01 1.200000000000000000e+01 0.000000000000000000e+00 1.600000000000000089e+00 2.860000000000000129e-04 -4.204000000000000271e-03 9.999909999999999632e-01 7.493999999999999793e-03 9.999630000000000463e-01 4.202000000000000006e-03 -9.999719999999999720e-01 7.492999999999999661e-03 3.170000000000000075e-04
2.100000000000000000e+01 3.200000000000000000e+01 1.400000000000000000e+01 0.000000000000000000e+00 1.600000000000000089e+00 7.309999999999999875e-04 2.910000000000000260e-04 -1.000000000000000000e+00 1.009700000000000042e-01 9.948890000000000233e-01 3.629999999999999872e-04 9.948890000000000233e-01 -1.009700000000000042e-01 6.980000000000000527e-04
6.000000000000000000e+00 1.200000000000000000e+01 1.500000000000000000e+01 0.000000000000000000e+00 1.600000000000000089e+00 2.736000000000000151e-03 4.537000000000000234e-03 -9.999860000000000415e-01 -4.694030000000000147e-01 -8.829679999999999751e-01 -5.290000000000000431e-03 -8.829799999999999871e-01 4.694110000000000227e-01 -2.860000000000000129e-04
1.300000000000000000e+01 1.200000000000000000e+01 1.500000000000000000e+01 0.000000000000000000e+00 1.600000000000000089e+00 4.622000000000000240e-03 4.290999999999999676e-03 -9.999799999999999800e-01 -4.695139999999999869e-01 -8.829050000000000509e-01 -5.957999999999999755e-03 -8.829129999999999479e-01 4.695320000000000049e-01 -2.066000000000000128e-03
1.800000000000000000e+01 1.200000000000000000e+01 1.500000000000000000e+01 0.000000000000000000e+00 1.600000000000000089e+00 2.349999999999999930e-04 3.050999999999999893e-03 -9.999949999999999672e-01 -4.710360000000000102e-01 -8.821099999999999497e-01 -2.801999999999999803e-03 -8.821139999999999537e-01 4.710340000000000082e-01 1.229000000000000058e-03
2.600000000000000000e+01 1.200000000000000000e+01 1.500000000000000000e+01 0.000000000000000000e+00 1.600000000000000089e+00 -8.260000000000000198e-04 -2.590000000000000071e-04 -1.000000000000000000e+00 -4.681239999999999846e-01 -8.836629999999999763e-01 6.149999999999999868e-04 -8.836629999999999763e-01 4.681239999999999846e-01 6.089999999999999494e-04
2.000000000000000000e+00 1.100000000000000000e+01 1.600000000000000000e+01 0.000000000000000000e+00 1.600000000000000089e+00 8.149999999999999693e-04 1.379999999999999933e-03 -9.999989999999999712e-01 -4.164930000000000021e-01 -9.091380000000000017e-01 -1.593999999999999931e-03 -9.091390000000000304e-01 4.164930000000000021e-01 -1.659999999999999963e-04
1.400000000000000000e+01 1.100000000000000000e+01 1.600000000000000000e+01 0.000000000000000000e+00 1.600000000000000089e+00 3.627000000000000016e-03 4.537000000000000234e-03 -9.999829999999999552e-01 -4.173479999999999968e-01 -9.087290000000000090e-01 -5.636999999999999650e-03 -9.087389999999999635e-01 4.173620000000000108e-01 -1.402999999999999950e-03
2.200000000000000000e+01 1.100000000000000000e+01 1.600000000000000000e+01 0.000000000000000000e+00 1.600000000000000089e+00 -8.580000000000000387e-04 -2.360000000000000119e-03 -9.999970000000000248e-01 -4.166830000000000256e-01 -9.090479999999999672e-01 2.503000000000000017e-03 -9.090510000000000534e-01 4.166839999999999988e-01 -2.030000000000000012e-04
2.500000000000000000e+01 1.100000000000000000e+01 1.600000000000000000e+01 0.000000000000000000e+00 1.600000000000000089e+00 -9.300000000000000541e-04 -7.119999999999999593e-04 -9.999989999999999712e-01 -4.165039999999999853e-01 -9.091329999999999689e-01 1.034999999999999896e-03 -9.091329999999999689e-01 4.165050000000000141e-01 5.490000000000000088e-04
2.900000000000000000e+01 1.100000000000000000e+01 1.600000000000000000e+01 0.000000000000000000e+00 1.600000000000000089e+00 -6.250000000000000130e-04 3.279999999999999930e-03 -9.999940000000000495e-01 -4.172620000000000218e-01 -9.087819999999999787e-01 -2.720000000000000195e-03 -9.087859999999999827e-01 4.172580000000000178e-01 1.936000000000000004e-03
5.000000000000000000e+00 1.160000000000000000e+02 1.600000000000000000e+01 0.000000000000000000e+00 1.600000000000000089e+00 1.812000000000000026e-03 -1.971000000000000096e-03 9.999959999999999960e-01 6.793040000000000189e-01 7.338569999999999816e-01 2.159999999999999919e-04 -7.338540000000000063e-01 6.793019999999999614e-01 2.668999999999999932e-03
1.300000000000000000e+01 1.160000000000000000e+02 1.600000000000000000e+01 0.000000000000000000e+00 1.600000000000000089e+00 -5.820000000000000520e-04 2.589999999999999854e-03 9.999959999999999960e-01 7.150729999999999587e-01 6.990480000000000027e-01 -1.394000000000000057e-03 -6.990499999999999492e-01 7.150699999999999834e-01 -2.259000000000000157e-03
2.700000000000000000e+01 1.160000000000000000e+02 1.600000000000000000e+01 0.000000000000000000e+00 1.600000000000000089e+00 1.771999999999999921e-03 1.748999999999999904e-03 9.999970000000000248e-01 7.010809999999999542e-01 7.130769999999999609e-01 -2.490000000000000026e-03 -7.130790000000000184e-01 7.010830000000000117e-01 3.699999999999999811e-05
2.000000000000000000e+00 2.000000000000000000e+00 1.900000000000000000e+01 0.000000000000000000e+00 1.600000000000000089e+00 -3.319999999999999926e-04 -5.392000000000000091e-03 -9.999850000000000128e-01 1.948040000000000049e-01 -9.808280000000000332e-01 5.224000000000000345e-03 -9.808419999999999916e-01 -1.947989999999999999e-01 1.376999999999999969e-03
6.000000000000000000e+00 2.000000000000000000e+00 1.900000000000000000e+01 0.000000000000000000e+00 1.600000000000000089e+00 5.330000000000000536e-04 8.600000000000000331e-05 -1.000000000000000000e+00 1.962009999999999865e-01 -9.805639999999999912e-01 2.000000000000000164e-05 -9.805639999999999912e-01 -1.962009999999999865e-01 -5.400000000000000069e-04
1.400000000000000000e+01 2.000000000000000000e+00 1.900000000000000000e+01 0.000000000000000000e+00 1.600000000000000089e+00 2.782999999999999884e-03 5.660000000000000100e-03 -9.999799999999999800e-01 1.915530000000000010e-01 -9.814699999999999536e-01 -5.022000000000000422e-03 -9.814779999999999616e-01 -1.915350000000000108e-01 -3.815999999999999948e-03
1.800000000000000000e+01 2.000000000000000000e+00 1.900000000000000000e+01 0.000000000000000000e+00 1.600000000000000089e+00 1.981999999999999821e-03 -1.632999999999999903e-03 -9.999970000000000248e-01 1.894230000000000080e-01 -9.818940000000000445e-01 1.978999999999999856e-03 -9.818940000000000445e-01 -1.894270000000000120e-01 -1.637000000000000000e-03
2.200000000000000000e+01 2.000000000000000000e+00 1.900000000000000000e+01 0.000000000000000000e+00 1.600000000000000089e+00 -1.946999999999999946e-03 9.200000000000000278e-04 -9.999980000000000535e-01 1.862439999999999929e-01 -9.825030000000000152e-01 -1.265999999999999981e-03 -9.825019999999999865e-01 -1.862459999999999949e-01 1.742000000000000059e-03
2.600000000000000000e+01 2.000000000000000000e+00 1.900000000000000000e+01 0.000000000000000000e+00 1.600000000000000089e+00 -4.190000000000000148e-03 1.165000000000000020e-03 -9.999909999999999632e-01 1.830170000000000130e-01 -9.831079999999999819e-01 -1.912000000000000071e-03 -9.831010000000000026e-01 -1.830229999999999912e-01 3.906000000000000184e-03
4.000000000000000000e+00 4.000000000000000000e+00 2.000000000000000000e+01 0.000000000000000000e+00 1.600000000000000089e+00 1.038999999999999993e-03 -2.863999999999999792e-03 -9.999949999999999672e-01 2.910300000000000109e-01 -9.567090000000000316e-01 3.041999999999999999e-03 -9.567130000000000356e-01 -2.910320000000000129e-01 -1.600000000000000131e-04
1.000000000000000000e+01 4.000000000000000000e+00 2.000000000000000000e+01 0.000000000000000000e+00 1.600000000000000089e+00 1.250999999999999942e-03 8.311999999999999944e-03 -9.999649999999999928e-01 2.929140000000000077e-01 -9.561089999999999867e-01 -7.581000000000000065e-03 -9.561380000000000434e-01 -2.928939999999999877e-01 -3.631000000000000113e-03
2.000000000000000000e+01 4.000000000000000000e+00 2.000000000000000000e+01 0.000000000000000000e+00 1.600000000000000089e+00 2.162999999999999992e-03 1.620000000000000075e-04 -9.999980000000000535e-01 2.841549999999999909e-01 -9.587780000000000191e-01 4.600000000000000139e-04 -9.587759999999999616e-01 -2.841549999999999909e-01 -2.119999999999999923e-03
2.600000000000000000e+01 4.000000000000000000e+00 2.000000000000000000e+01 0.000000000000000000e+00 1.600000000000000089e+00 -5.987000000000000134e-03 3.704999999999999960e-03 -9.999749999999999472e-01 2.742350000000000065e-01 -9.616489999999999760e-01 -5.204000000000000292e-03 -9.616440000000000543e-01 -2.742600000000000038e-01 4.741000000000000422e-03
4.000000000000000000e+00 1.300000000000000000e+01 2.000000000000000000e+01 0.000000000000000000e+00 1.600000000000000089e+00 1.737000000000000046e-03 2.386999999999999799e-03 9.999959999999999960e-01 2.552719999999999989e-01 9.668649999999999745e-01 -2.752000000000000106e-03 -9.668679999999999497e-01 2.552760000000000029e-01 1.069999999999999988e-03
1.000000000000000000e+01 1.300000000000000000e+01 2.000000000000000000e+01 0.000000000000000000e+00 1.600000000000000089e+00 9.030000000000000483e-04 7.900000000000000121e-04 9.999989999999999712e-01 2.544950000000000268e-01 9.670729999999999604e-01 -9.940000000000000918e-04 -9.670739999999999892e-01 2.544960000000000000e-01 6.719999999999999628e-04
1.500000000000000000e+01 1.300000000000000000e+01 2.000000000000000000e+01 0.000000000000000000e+00 1.600000000000000089e+00 1.147999999999999932e-03 -3.678999999999999979e-03 9.999930000000000208e-01 2.552249999999999797e-01 9.668759999999999577e-01 3.263999999999999974e-03 -9.668809999999999905e-01 2.552189999999999737e-01 2.049000000000000040e-03
2.000000000000000000e+01 1.300000000000000000e+01 2.000000000000000000e+01 0.000000000000000000e+00 1.600000000000000089e+00 -1.219999999999999947e-03 1.498999999999999898e-03 9.999980000000000535e-01 2.560660000000000158e-01 9.666590000000000460e-01 -1.136999999999999990e-03 -9.666590000000000460e-01 2.560640000000000138e-01 -1.564000000000000069e-03
2.700000000000000000e+01 1.300000000000000000e+01 2.000000000000000000e+01 0.000000000000000000e+00 1.600000000000000089e+00 -1.890000000000000133e-04 -1.327000000000000055e-03 9.999989999999999712e-01 2.521809999999999885e-01 9.676789999999999559e-01 1.332000000000000068e-03 -9.676799999999999846e-01 2.521809999999999885e-01 1.520000000000000084e-04
4.000000000000000000e+00 1.600000000000000000e+01 2.100000000000000000e+01 0.000000000000000000e+00 1.600000000000000089e+00 1.248999999999999893e-03 2.782000000000000185e-03 9.999949999999999672e-01 2.991469999999999962e-01 9.542019999999999946e-01 -3.027999999999999876e-03 -9.542059999999999986e-01 2.991500000000000270e-01 3.589999999999999984e-04
7.000000000000000000e+00 1.600000000000000000e+01 2.100000000000000000e+01 0.000000000000000000e+00 1.600000000000000089e+00 3.570000000000000040e-04 5.266999999999999980e-03 9.999860000000000415e-01 2.987870000000000248e-01 9.543059999999999876e-01 -5.133000000000000410e-03 -9.543199999999999461e-01 2.987839999999999940e-01 -1.232999999999999938e-03
1.100000000000000000e+01 1.600000000000000000e+01 2.100000000000000000e+01 0.000000000000000000e+00 1.600000000000000089e+00 1.319000000000000077e-03 3.225000000000000002e-03 9.999940000000000495e-01 2.974649999999999794e-01 9.547259999999999636e-01 -3.471999999999999826e-03 -9.547320000000000251e-01 2.974680000000000102e-01 2.999999999999999737e-04
1.900000000000000000e+01 1.600000000000000000e+01 2.100000000000000000e+01 0.000000000000000000e+00 1.600000000000000089e+00 -1.428999999999999932e-03 -1.704999999999999918e-03 9.999980000000000535e-01 2.977929999999999744e-01 9.546280000000000321e-01 2.053000000000000137e-03 -9.546289999999999498e-01 2.977960000000000051e-01 -8.570000000000000144e-04
2.300000000000000000e+01 1.600000000000000000e+01 2.100000000000000000e+01 0.000000000000000000e+00 1.600000000000000089e+00 -1.113000000000000057e-03 3.997999999999999818e-03 9.999909999999999632e-01 2.980240000000000111e-01 9.545519999999999561e-01 -3.484999999999999817e-03 -9.545580000000000176e-01 2.980180000000000051e-01 -2.253999999999999927e-03
2.700000000000000000e+01 1.600000000000000000e+01 2.100000000000000000e+01 0.000000000000000000e+00 1.600000000000000089e+00 -3.550000000000000096e-04 9.709999999999999664e-04 9.999989999999999712e-01 2.962069999999999981e-01 9.551230000000000553e-01 -8.229999999999999469e-04 -9.551239999999999730e-01 2.962069999999999981e-01 -6.269999999999999532e-04
8.000000000000000000e+00 3.000000000000000000e+00 2.500000000000000000e+01 0.000000000000000000e+00 1.600000000000000089e+00 -2.279000000000000210e-03 3.797000000000000028e-03 9.999900000000000455e-01 -6.289300000000000446e-02 -9.980139999999999567e-01 3.645999999999999935e-03 9.980179999999999607e-01 -6.288399999999999546e-02 2.513000000000000043e-03
1.800000000000000000e+01 3.000000000000000000e+00 2.500000000000000000e+01 0.000000000000000000e+00 1.600000000000000089e+00 -9.550000000000000112e-04 -8.540000000000000499e-04 9.999989999999999712e-01 -4.388700000000000240e-02 -9.990360000000000351e-01 -8.949999999999999623e-04 9.990360000000000351e-01 -4.388700000000000240e-02 9.160000000000000390e-04
2.200000000000000000e+01 3.000000000000000000e+00 2.500000000000000000e+01 0.000000000000000000e+00 1.600000000000000089e+00 -3.484999999999999817e-03 1.293000000000000095e-03 9.999930000000000208e-01 -3.786099999999999882e-02 -9.992820000000000036e-01 1.160000000000000007e-03 9.992769999999999708e-01 -3.785700000000000176e-02 3.530999999999999851e-03
3.000000000000000000e+01 3.000000000000000000e+00 2.500000000000000000e+01 0.000000000000000000e+00 1.600000000000000089e+00 -9.719999999999999907e-04 1.095000000000000053e-03 9.999989999999999712e-01 -3.936400000000000315e-02 -9.992240000000000011e-01 1.054999999999999948e-03 9.992240000000000011e-01 -3.936300000000000215e-02 1.013999999999999927e-03
1.700000000000000000e+01 4.600000000000000000e+01 2.700000000000000000e+01 0.000000000000000000e+00 1.600000000000000089e+00 2.575000000000000032e-03 2.543999999999999821e-03 -9.999930000000000208e-01 6.597809999999999508e-01 7.514490000000000336e-01 3.611000000000000060e-03 7.514539999999999553e-01 -6.597859999999999836e-01 2.559999999999999884e-04
2.800000000000000000e+01 4.600000000000000000e+01 2.700000000000000000e+01 0.000000000000000000e+00 1.600000000000000089e+00 1.623000000000000094e-03 2.134000000000000046e-03 -9.999959999999999960e-01 6.599000000000000421e-01 7.513490000000000446e-01 2.674000000000000161e-03 7.513520000000000199e-01 -6.599019999999999886e-01 -1.890000000000000133e-04
4.000000000000000000e+00 5.800000000000000000e+01 3.100000000000000000e+01 0.000000000000000000e+00 1.600000000000000089e+00 -3.499999999999999964e-04 -6.262000000000000205e-03 9.999799999999999800e-01 -7.991359999999999575e-01 -6.011360000000000037e-01 -4.043999999999999852e-03 6.011499999999999622e-01 -7.991219999999999990e-01 -4.793999999999999651e-03
8.000000000000000000e+00 5.800000000000000000e+01 3.100000000000000000e+01 0.000000000000000000e+00 1.600000000000000089e+00 3.046000000000000096e-03 -3.465000000000000198e-03 9.999890000000000168e-01 -7.968509999999999760e-01 -6.041760000000000463e-01 3.330000000000000169e-04 6.041680000000000383e-01 -7.968439999999999968e-01 -4.601000000000000055e-03
2.100000000000000000e+01 5.800000000000000000e+01 3.100000000000000000e+01 0.000000000000000000e+00 1.600000000000000089e+00 -2.099000000000000171e-03 3.645999999999999935e-03 9.999909999999999632e-01 -7.949450000000000127e-01 -6.066810000000000258e-01 5.439999999999999957e-04 6.066780000000000506e-01 -7.949370000000000047e-01 4.172000000000000361e-03
2.700000000000000000e+01 5.800000000000000000e+01 3.100000000000000000e+01 0.000000000000000000e+00 1.600000000000000089e+00 2.770000000000000110e-04 -3.499999999999999964e-04 1.000000000000000000e+00 -7.928760000000000252e-01 -6.093830000000000080e-01 6.000000000000000152e-06 6.093830000000000080e-01 -7.928760000000000252e-01 -4.459999999999999989e-04
1.200000000000000000e+01 5.900000000000000000e+01 3.200000000000000000e+01 0.000000000000000000e+00 1.600000000000000089e+00 2.308000000000000156e-03 4.948000000000000141e-03 9.999850000000000128e-01 -6.931150000000000366e-01 -7.208080000000000043e-01 5.166999999999999718e-03 7.208229999999999915e-01 -6.931169999999999831e-01 1.765999999999999992e-03
2.000000000000000000e+00 4.600000000000000000e+01 3.500000000000000000e+01 0.000000000000000000e+00 1.600000000000000089e+00 8.540000000000000499e-04 3.286999999999999991e-03 -9.999940000000000495e-01 3.842360000000000220e-01 -9.232310000000000239e-01 -2.706000000000000072e-03 -9.232350000000000279e-01 -3.842309999999999892e-01 -2.052000000000000005e-03
8.000000000000000000e+00 4.600000000000000000e+01 3.500000000000000000e+01 0.000000000000000000e+00 1.600000000000000089e+00 -3.750000000000000078e-04 -1.683999999999999950e-03 -9.999989999999999712e-01 3.852439999999999753e-01 -9.228140000000000231e-01 1.410000000000000012e-03 -9.228150000000000519e-01 -3.852419999999999733e-01 9.950000000000000077e-04
1.200000000000000000e+01 4.600000000000000000e+01 3.500000000000000000e+01 0.000000000000000000e+00 1.600000000000000089e+00 6.149999999999999868e-04 -4.429999999999999802e-04 -1.000000000000000000e+00 3.849360000000000004e-01 -9.229429999999999579e-01 6.449999999999999570e-04 -9.229429999999999579e-01 -3.849360000000000004e-01 -3.970000000000000005e-04
1.600000000000000000e+01 4.600000000000000000e+01 3.500000000000000000e+01 0.000000000000000000e+00 1.600000000000000089e+00 -9.699999999999999963e-05 -2.130000000000000003e-04 -1.000000000000000000e+00 3.844119999999999759e-01 -9.231610000000000094e-01 1.589999999999999888e-04 -9.231610000000000094e-01 -3.844119999999999759e-01 1.710000000000000094e-04
2.200000000000000000e+01 4.600000000000000000e+01 3.500000000000000000e+01 0.000000000000000000e+00 1.600000000000000089e+00 1.012000000000000096e-03 -2.489999999999999809e-04 -9.999989999999999712e-01 3.843440000000000190e-01 -9.231899999999999551e-01 6.189999999999999756e-04 -9.231890000000000374e-01 -3.843449999999999922e-01 -8.390000000000000105e-04
2.700000000000000000e+01 4.600000000000000000e+01 3.500000000000000000e+01 0.000000000000000000e+00 1.600000000000000089e+00 -1.169999999999999979e-04 -8.279999999999999600e-04 -1.000000000000000000e+00 3.838460000000000205e-01 -9.233970000000000233e-01 7.200000000000000453e-04 -9.233970000000000233e-01 -3.838460000000000205e-01 4.260000000000000006e-04
4.000000000000000000e+00 9.500000000000000000e+01 3.600000000000000000e+01 0.000000000000000000e+00 1.600000000000000089e+00 -3.797000000000000028e-03 -2.748000000000000009e-03 9.999890000000000168e-01 9.967219999999999969e-01 8.080299999999999983e-02 4.007000000000000145e-03 -8.081299999999999595e-02 9.967260000000000009e-01 2.432000000000000134e-03
9.000000000000000000e+00 9.500000000000000000e+01 3.600000000000000000e+01 0.000000000000000000e+00 1.600000000000000089e+00 -2.625999999999999862e-03 7.474999999999999874e-03 9.999689999999999968e-01 9.971929999999999961e-01 7.484499999999999487e-02 2.060000000000000199e-03 -7.482700000000000462e-02 9.971670000000000256e-01 -7.650999999999999815e-03
1.400000000000000000e+01 9.500000000000000000e+01 3.600000000000000000e+01 0.000000000000000000e+00 1.600000000000000089e+00 -3.043999999999999831e-03 1.663600000000000148e-02 9.998569999999999958e-01 9.972710000000000186e-01 7.380499999999999561e-02 1.807999999999999928e-03 -7.376399999999999624e-02 9.971339999999999648e-01 -1.681500000000000009e-02
1.900000000000000000e+01 9.500000000000000000e+01 3.600000000000000000e+01 0.000000000000000000e+00 1.600000000000000089e+00 1.092100000000000015e-02 1.656200000000000033e-02 9.998029999999999973e-01 9.966679999999999984e-01 8.064699999999999647e-02 -1.222200000000000022e-02 -8.083400000000000307e-02 9.966049999999999631e-01 -1.562699999999999853e-02
2.400000000000000000e+01 9.500000000000000000e+01 3.600000000000000000e+01 0.000000000000000000e+00 1.600000000000000089e+00 1.037300000000000028e-02 4.948000000000000141e-03 9.999339999999999895e-01 9.965209999999999901e-01 8.265100000000000224e-02 -1.074600000000000034e-02 -8.269899999999999474e-02 9.965659999999999519e-01 -4.073000000000000231e-03
3.000000000000000000e+01 9.500000000000000000e+01 3.600000000000000000e+01 0.000000000000000000e+00 1.600000000000000089e+00 5.226999999999999875e-03 2.020699999999999927e-02 9.997819999999999485e-01 9.968590000000000506e-01 7.890600000000000391e-02 -6.806999999999999683e-03 -7.902700000000000002e-02 9.966770000000000351e-01 -1.973099999999999854e-02
2.000000000000000000e+00 3.000000000000000000e+00 4.300000000000000000e+01 0.000000000000000000e+00 1.600000000000000089e+00 -1.005999999999999950e-03 -3.217999999999999940e-03 -9.999940000000000495e-01 7.372079999999999744e-01 -6.756649999999999601e-01 1.433000000000000029e-03 -6.756649999999999601e-01 -7.372020000000000239e-01 3.052000000000000025e-03
9.000000000000000000e+00 3.000000000000000000e+00 4.300000000000000000e+01 0.000000000000000000e+00 1.600000000000000089e+00 1.216999999999999983e-03 -2.151700000000000140e-02 -9.997679999999999900e-01 7.339599999999999458e-01 -6.790159999999999529e-01 1.550699999999999995e-02 -6.791920000000000179e-01 -7.338080000000000158e-01 1.496600000000000014e-02
1.700000000000000000e+01 3.000000000000000000e+00 4.300000000000000000e+01 0.000000000000000000e+00 1.600000000000000089e+00 4.388999999999999672e-03 2.691400000000000042e-02 -9.996279999999999610e-01 7.404269999999999463e-01 -6.719730000000000425e-01 -1.484100000000000003e-02 -6.721230000000000260e-01 -7.400860000000000216e-01 -2.287700000000000150e-02
2.500000000000000000e+01 3.000000000000000000e+00 4.300000000000000000e+01 0.000000000000000000e+00 1.600000000000000089e+00 -4.262000000000000163e-03 -4.172900000000000220e-02 -9.991200000000000081e-01 7.390280000000000182e-01 -6.732120000000000326e-01 2.496500000000000108e-02 -6.736609999999999543e-01 -7.382710000000000106e-01 3.370800000000000185e-02
3.000000000000000000e+01 3.000000000000000000e+00 4.300000000000000000e+01 0.000000000000000000e+00 1.600000000000000089e+00 -1.007999999999999998e-03 -5.176399999999999751e-02 -9.986589999999999634e-01 7.424830000000000041e-01 -6.690049999999999608e-01 3.392799999999999983e-02 -6.698640000000000150e-01 -7.414530000000000287e-01 3.910899999999999793e-02
4.000000000000000000e+00 2.900000000000000000e+01 4.400000000000000000e+01 0.000000000000000000e+00 1.600000000000000089e+00 -5.820000000000000520e-04 1.283999999999999985e-03 -9.999989999999999712e-01 6.855149999999999855e-01 7.280579999999999830e-01 5.349999999999999938e-04 7.280579999999999830e-01 -6.855139999999999567e-01 -1.304000000000000038e-03
1.000000000000000000e+01 2.900000000000000000e+01 4.400000000000000000e+01 0.000000000000000000e+00 1.600000000000000089e+00 -2.567999999999999970e-03 1.683999999999999950e-03 -9.999949999999999672e-01 6.846980000000000288e-01 7.288270000000000026e-01 -5.310000000000000050e-04 7.288229999999999986e-01 -6.846959999999999713e-01 -3.024000000000000212e-03
1.600000000000000000e+01 2.900000000000000000e+01 4.400000000000000000e+01 0.000000000000000000e+00 1.600000000000000089e+00 -2.896999999999999836e-03 3.752000000000000127e-03 -9.999890000000000168e-01 6.719100000000000072e-01 7.406319999999999570e-01 8.319999999999999488e-04 7.406270000000000353e-01 -6.719000000000000528e-01 -4.667000000000000141e-03
2.400000000000000000e+01 2.900000000000000000e+01 4.400000000000000000e+01 0.000000000000000000e+00 1.600000000000000089e+00 -6.080000000000000335e-04 2.645999999999999915e-03 -9.999959999999999960e-01 6.610289999999999777e-01 7.503579999999999695e-01 1.582999999999999989e-03 7.503600000000000270e-01 -6.610260000000000025e-01 -2.204999999999999929e-03
9.000000000000000000e+00 5.400000000000000000e+01 4.600000000000000000e+01 0.000000000000000000e+00 1.600000000000000089e+00 -2.069999999999999792e-03 1.079000000000000098e-03 9.999970000000000248e-01 3.112199999999999966e-01 -9.503359999999999586e-01 1.670000000000000043e-03 9.503359999999999586e-01 3.112230000000000274e-01 1.631000000000000071e-03
1.800000000000000000e+01 5.400000000000000000e+01 4.600000000000000000e+01 0.000000000000000000e+00 1.600000000000000089e+00 9.590000000000000000e-04 -8.392999999999999419e-03 9.999639999999999640e-01 3.076200000000000045e-01 -9.514730000000000132e-01 -8.281000000000000166e-03 9.515090000000000492e-01 3.076169999999999738e-01 1.668999999999999911e-03
2.800000000000000000e+01 5.400000000000000000e+01 4.600000000000000000e+01 0.000000000000000000e+00 1.600000000000000089e+00 4.820000000000000066e-04 -8.857000000000000289e-03 9.999609999999999888e-01 3.131410000000000027e-01 -9.496679999999999566e-01 -8.562999999999999431e-03 9.497060000000000501e-01 3.131329999999999947e-01 2.315999999999999916e-03
1.100000000000000000e+01 6.500000000000000000e+01 4.600000000000000000e+01 0.000000000000000000e+00 1.600000000000000089e+00 1.544999999999999932e-03 -8.419999999999999750e-04 9.999980000000000535e-01 6.802359999999999518e-01 -7.329909999999999481e-01 -1.667999999999999995e-03 7.329919999999999769e-01 6.802369999999999806e-01 -5.599999999999999509e-04
6.000000000000000000e+00 7.000000000000000000e+00 5.200000000000000000e+01 0.000000000000000000e+00 1.600000000000000089e+00 -4.937000000000000416e-03 -7.629999999999999630e-03 -9.999590000000000423e-01 1.052769999999999956e-01 -9.944180000000000241e-01 7.067999999999999630e-03 -9.944309999999999539e-01 -1.052379999999999982e-01 5.713000000000000196e-03
8.000000000000000000e+00 7.000000000000000000e+00 5.200000000000000000e+01 0.000000000000000000e+00 1.600000000000000089e+00 -3.956999999999999580e-03 -4.331999999999999913e-03 -9.999829999999999552e-01 1.056740000000000040e-01 -9.943929999999999714e-01 3.889999999999999795e-03 -9.943929999999999714e-01 -1.056570000000000009e-01 4.393000000000000203e-03
9.000000000000000000e+00 6.300000000000000000e+01 5.400000000000000000e+01 0.000000000000000000e+00 1.600000000000000089e+00 1.433999999999999945e-03 1.232000000000000022e-03 9.999980000000000535e-01 -3.592940000000000023e-01 9.332240000000000535e-01 -6.350000000000000392e-04 -9.332230000000000247e-01 -3.592920000000000003e-01 1.781000000000000031e-03
1.200000000000000000e+01 6.300000000000000000e+01 5.400000000000000000e+01 0.000000000000000000e+00 1.600000000000000089e+00 6.719999999999999628e-04 2.402000000000000055e-03 9.999970000000000248e-01 -3.608529999999999793e-01 9.326210000000000333e-01 -1.998000000000000210e-03 -9.326229999999999798e-01 -3.608500000000000041e-01 1.492999999999999969e-03
1.600000000000000000e+01 6.300000000000000000e+01 5.400000000000000000e+01 0.000000000000000000e+00 1.600000000000000089e+00 -1.330000000000000073e-04 2.285000000000000139e-03 9.999970000000000248e-01 -3.626840000000000064e-01 9.319100000000000161e-01 -2.177999999999999815e-03 -9.319119999999999626e-01 -3.626829999999999776e-01 7.050000000000000060e-04
2.100000000000000000e+01 6.300000000000000000e+01 5.400000000000000000e+01 0.000000000000000000e+00 1.600000000000000089e+00 -1.877999999999999895e-03 1.936000000000000004e-03 9.999959999999999960e-01 -3.530010000000000092e-01 9.356200000000000072e-01 -2.475000000000000203e-03 -9.356210000000000360e-01 -3.530039999999999845e-01 -1.074000000000000085e-03
2.500000000000000000e+01 6.300000000000000000e+01 5.400000000000000000e+01 0.000000000000000000e+00 1.600000000000000089e+00 1.350000000000000017e-04 4.627000000000000036e-03 9.999890000000000168e-01 -3.497250000000000081e-01 9.368419999999999526e-01 -4.288000000000000145e-03 -9.368520000000000181e-01 -3.497210000000000041e-01 1.745000000000000023e-03
2.900000000000000000e+01 6.300000000000000000e+01 5.400000000000000000e+01 0.000000000000000000e+00 1.600000000000000089e+00 5.700000000000000314e-05 4.493999999999999731e-03 9.999900000000000455e-01 -3.497000000000000108e-01 9.368520000000000181e-01 -4.190000000000000148e-03 -9.368619999999999726e-01 -3.496960000000000068e-01 1.624999999999999925e-03
3.000000000000000000e+00 2.500000000000000000e+01 5.500000000000000000e+01 0.000000000000000000e+00 1.600000000000000089e+00 1.199999999999999895e-03 3.037000000000000203e-03 -9.999949999999999672e-01 -1.479600000000000012e-02 -9.998860000000000525e-01 -3.053999999999999857e-03 -9.998899999999999455e-01 1.480000000000000066e-02 -1.154999999999999994e-03
1.300000000000000000e+01 2.500000000000000000e+01 5.500000000000000000e+01 0.000000000000000000e+00 1.600000000000000089e+00 -3.550000000000000096e-04 -6.210000000000000242e-04 -1.000000000000000000e+00 -1.115700000000000025e-02 -9.999379999999999935e-01 6.239999999999999887e-04 -9.999379999999999935e-01 1.115799999999999952e-02 3.480000000000000020e-04
1.700000000000000000e+01 2.500000000000000000e+01 5.500000000000000000e+01 0.000000000000000000e+00 1.600000000000000089e+00 4.199999999999999768e-05 -4.699999999999999724e-05 -1.000000000000000000e+00 -1.032100000000000031e-02 -9.999470000000000303e-01 4.699999999999999724e-05 -9.999470000000000303e-01 1.032100000000000031e-02 -4.300000000000000165e-05
2.000000000000000000e+01 2.500000000000000000e+01 5.500000000000000000e+01 0.000000000000000000e+00 1.600000000000000089e+00 -7.499999999999999343e-05 -1.781999999999999947e-03 -9.999980000000000535e-01 -1.025099999999999970e-02 -9.999460000000000015e-01 1.783000000000000080e-03 -9.999470000000000303e-01 1.025099999999999970e-02 5.700000000000000314e-05
2.800000000000000000e+01 2.500000000000000000e+01 5.500000000000000000e+01 0.000000000000000000e+00 1.600000000000000089e+00 6.279999999999999775e-04 1.759999999999999954e-04 -1.000000000000000000e+00 -1.060999999999999964e-02 -9.999440000000000550e-01 -1.820000000000000057e-04 -9.999430000000000263e-01 1.060999999999999964e-02 -6.269999999999999532e-04
2.000000000000000000e+00 6.800000000000000000e+01 5.700000000000000000e+01 0.000000000000000000e+00 1.600000000000000089e+00 8.580000000000000387e-04 -5.520999999999999866e-03 -9.999839999999999840e-01 -2.442769999999999941e-01 -9.696919999999999984e-01 5.144000000000000135e-03 -9.697050000000000392e-01 2.442689999999999861e-01 -2.181000000000000213e-03
1.800000000000000000e+01 6.800000000000000000e+01 5.700000000000000000e+01 0.000000000000000000e+00 1.600000000000000089e+00 1.319999999999999993e-03 2.733999999999999885e-03 -9.999949999999999672e-01 -2.458950000000000025e-01 -9.692920000000000424e-01 -2.974000000000000081e-03 -9.692960000000000464e-01 2.458980000000000055e-01 -6.070000000000000092e-04
9.000000000000000000e+00 2.100000000000000000e+01 6.000000000000000000e+01 0.000000000000000000e+00 1.600000000000000089e+00 -1.279999999999999942e-04 -9.721999999999999739e-03 9.999529999999999808e-01 -9.301299999999999846e-02 9.956180000000000030e-01 9.667999999999999511e-03 -9.956650000000000222e-01 -9.300799999999999346e-02 -1.031000000000000015e-03
1.200000000000000000e+01 2.100000000000000000e+01 6.000000000000000000e+01 0.000000000000000000e+00 1.600000000000000089e+00 -1.701999999999999954e-03 2.259000000000000157e-03 9.999959999999999960e-01 -9.394600000000000173e-02 9.955739999999999590e-01 -2.409000000000000117e-03 -9.955760000000000165e-01 -9.395000000000000573e-02 -1.482999999999999943e-03
2.000000000000000000e+01 2.100000000000000000e+01 6.000000000000000000e+01 0.000000000000000000e+00 1.600000000000000089e+00 -9.799999999999999684e-05 8.403000000000000747e-03 9.999649999999999928e-01 -9.549599999999999755e-02 9.953950000000000298e-01 -8.373999999999999500e-03 -9.954300000000000370e-01 -9.549399999999999555e-02 7.050000000000000060e-04
2.400000000000000000e+01 2.100000000000000000e+01 6.000000000000000000e+01 0.000000000000000000e+00 1.600000000000000089e+00 -7.829999999999999504e-04 3.089999999999999756e-04 1.000000000000000000e+00 -9.447999999999999454e-02 9.955270000000000508e-01 -3.820000000000000153e-04 -9.955260000000000220e-01 -9.447999999999999454e-02 -7.500000000000000156e-04
2.400000000000000000e+01 3.000000000000000000e+00 6.300000000000000000e+01 0.000000000000000000e+00 1.600000000000000089e+00 -6.769999999999999759e-04 -2.970000000000000092e-04 1.000000000000000000e+00 -6.141569999999999530e-01 7.891839999999999966e-01 -1.810000000000000085e-04 -7.891839999999999966e-01 -6.141569999999999530e-01 -7.159999999999999481e-04
2.900000000000000000e+01 3.000000000000000000e+00 6.300000000000000000e+01 0.000000000000000000e+00 1.600000000000000089e+00 -2.367999999999999879e-03 1.188000000000000037e-03 9.999959999999999960e-01 -6.147139999999999826e-01 7.887469999999999759e-01 -2.393000000000000162e-03 -7.887469999999999759e-01 -6.147169999999999579e-01 -1.136999999999999990e-03
4.000000000000000000e+00 2.700000000000000000e+01 6.300000000000000000e+01 0.000000000000000000e+00 1.600000000000000089e+00 -1.529999999999999893e-03 -3.870999999999999875e-03 9.999909999999999632e-01 -2.771410000000000262e-01 9.608240000000000114e-01 3.295999999999999885e-03 -9.608280000000000154e-01 -2.771339999999999915e-01 -2.543000000000000121e-03
