6.000000000000000000e+00 1.500000000000000000e+01 4.000000000000000000e+00 0.000000000000000000e+00 1.600000000000000089e+00 -2.759999999999999867e-04 -7.609999999999999577e-04 1.000000000000000000e+00 2.971969999999999890e-01 -9.548159999999999981e-01 -6.449999999999999570e-04 9.548159999999999981e-01 2.971969999999999890e-01 4.899999999999999842e-04
1.500000000000000000e+01 1.500000000000000000e+01 4.000000000000000000e+00 0.000000000000000000e+00 1.600000000000000089e+00 -2.622000000000000199e-03 -9.770000000000000039e-04 9.999959999999999960e-01 3.044510000000000272e-01 -9.525280000000000413e-01 -1.320000000000000101e-04 9.525249999999999551e-01 3.044490000000000252e-01 2.795000000000000175e-03
2.300000000000000000e+01 1.500000000000000000e+01 4.000000000000000000e+00 0.000000000000000000e+00 1.600000000000000089e+00 4.717999999999999972e-03 2.093999999999999941e-03 9.999869999999999592e-01 3.059490000000000265e-01 -9.520480000000000054e-01 5.500000000000000331e-04 9.520359999999999934e-01 3.059430000000000205e-01 -5.132000000000000277e-03
2.800000000000000000e+01 1.500000000000000000e+01 4.000000000000000000e+00 0.000000000000000000e+00 1.600000000000000089e+00 1.487000000000000040e-03 3.445999999999999844e-03 9.999930000000000208e-01 3.063089999999999979e-01 -9.519279999999999964e-01 2.824999999999999820e-03 9.519309999999999716e-01 3.063029999999999919e-01 -2.471000000000000106e-03
7.000000000000000000e+00 4.000000000000000000e+00 5.000000000000000000e+00 0.000000000000000000e+00 1.600000000000000089e+00 -6.636000000000000405e-03 -2.205000000000000016e-02 9.997350000000000403e-01 2.280480000000000007e-01 -9.734450000000000047e-01 -1.995699999999999905e-02 9.736270000000000202e-01 2.278550000000000020e-01 1.148799999999999995e-02
6.000000000000000000e+00 1.010000000000000000e+02 7.000000000000000000e+00 0.000000000000000000e+00 1.600000000000000089e+00 4.473000000000000413e-03 -8.694999999999999604e-03 9.999519999999999520e-01 8.784920000000000506e-01 4.777569999999999872e-01 2.249999999999999938e-04 -4.777359999999999940e-01 8.784490000000000354e-01 9.775000000000000702e-03
2.000000000000000000e+01 1.010000000000000000e+02 7.000000000000000000e+00 0.000000000000000000e+00 1.600000000000000089e+00 -1.162999999999999971e-03 -6.388999999999999714e-03 9.999789999999999512e-01 8.843659999999999854e-01 4.667760000000000242e-01 4.010999999999999809e-03 -4.667919999999999847e-01 8.843520000000000270e-01 5.107000000000000428e-03
2.300000000000000000e+01 1.010000000000000000e+02 7.000000000000000000e+00 0.000000000000000000e+00 1.600000000000000089e+00 -3.383999999999999855e-03 2.364000000000000216e-03 9.999909999999999632e-01 8.832210000000000338e-01 4.689539999999999820e-01 1.881000000000000076e-03 -4.689450000000000007e-01 8.832200000000000051e-01 -3.674999999999999881e-03
3.000000000000000000e+00 2.500000000000000000e+01 8.000000000000000000e+00 0.000000000000000000e+00 1.600000000000000089e+00 -1.846999999999999901e-03 2.906000000000000163e-03 -9.999940000000000495e-01 4.430769999999999986e-01 8.964820000000000011e-01 1.786999999999999960e-03 8.964820000000000011e-01 -4.430709999999999926e-01 -2.942999999999999870e-03
1.000000000000000000e+01 2.500000000000000000e+01 8.000000000000000000e+00 0.000000000000000000e+00 1.600000000000000089e+00 3.499999999999999964e-04 -1.376999999999999969e-03 -9.999989999999999712e-01 4.425620000000000109e-01 8.967370000000000063e-01 -1.080000000000000014e-03 8.967380000000000351e-01 -4.425620000000000109e-01 9.229999999999999923e-04
1.500000000000000000e+01 2.500000000000000000e+01 8.000000000000000000e+00 0.000000000000000000e+00 1.600000000000000089e+00 2.255000000000000060e-03 4.299999999999999894e-04 -9.999970000000000248e-01 4.419799999999999840e-01 8.970240000000000435e-01 1.381999999999999982e-03 8.970219999999999860e-01 -4.419819999999999860e-01 1.832999999999999994e-03
1.900000000000000000e+01 2.500000000000000000e+01 8.000000000000000000e+00 0.000000000000000000e+00 1.600000000000000089e+00 1.136000000000000074e-03 9.520000000000000467e-04 -9.999989999999999712e-01 4.427650000000000197e-01 8.966370000000000173e-01 1.356000000000000000e-03 8.966370000000000173e-01 -4.427659999999999929e-01 5.969999999999999829e-04
2.700000000000000000e+01 2.500000000000000000e+01 8.000000000000000000e+00 0.000000000000000000e+00 1.600000000000000089e+00 8.059999999999999673e-04 -5.479999999999999845e-04 -1.000000000000000000e+00 4.422119999999999940e-01 8.969099999999999850e-01 -1.350000000000000017e-04 8.969099999999999850e-01 -4.422119999999999940e-01 9.659999999999999533e-04
3.000000000000000000e+00 2.400000000000000000e+01 9.000000000000000000e+00 0.000000000000000000e+00 1.600000000000000089e+00 -1.729000000000000068e-03 4.447999999999999697e-03 -9.999890000000000168e-01 4.452880000000000171e-01 8.953820000000000112e-01 3.213000000000000144e-03 8.953860000000000152e-01 -4.452780000000000071e-01 -3.529000000000000019e-03
1.000000000000000000e+01 2.400000000000000000e+01 9.000000000000000000e+00 0.000000000000000000e+00 1.600000000000000089e+00 3.759999999999999779e-04 -2.811999999999999830e-03 -9.999959999999999960e-01 4.446760000000000157e-01 8.956880000000000397e-01 -2.350999999999999791e-03 8.956910000000000149e-01 -4.446740000000000137e-01 1.587000000000000086e-03
1.900000000000000000e+01 2.400000000000000000e+01 9.000000000000000000e+00 0.000000000000000000e+00 1.600000000000000089e+00 9.510000000000000224e-04 3.003000000000000027e-03 -9.999949999999999672e-01 4.444969999999999755e-01 8.957749999999999879e-01 3.112999999999999882e-03 8.957800000000000207e-01 -4.444969999999999755e-01 -4.829999999999999767e-04
2.700000000000000000e+01 2.400000000000000000e+01 9.000000000000000000e+00 0.000000000000000000e+00 1.600000000000000089e+00 8.469999999999999881e-04 -1.093999999999999920e-03 -9.999989999999999712e-01 4.452599999999999891e-01 8.954010000000000025e-01 -6.019999999999999961e-04 8.954010000000000025e-01 -4.452599999999999891e-01 1.245999999999999929e-03
1.900000000000000000e+01 3.100000000000000000e+01 1.200000000000000000e+01 0.000000000000000000e+00 1.600000000000000089e+00 -1.789999999999999870e-04 -3.657999999999999793e-03 9.999930000000000208e-01 9.110999999999999308e-03 9.999519999999999520e-01 3.658999999999999926e-03 -9.999580000000000135e-01 9.110999999999999308e-03 -1.450000000000000009e-04
2.700000000000000000e+01 3.100000000000000000e+01 1.200000000000000000e+01 0.000000000000000000e+00 1.600000000000000089e+00 -4.960000000000000216e-04 3.150000000000000131e-04 1.000000000000000000e+00 1.860200000000000048e-02 9.998270000000000213e-01 -3.060000000000000111e-04 -9.998270000000000213e-01 1.860200000000000048e-02 -5.019999999999999506e-04
7.000000000000000000e+00 1.160000000000000000e+02 1.600000000000000000e+01 0.000000000000000000e+00 1.600000000000000089e+00 -1.291000000000000047e-03 -4.070000000000000267e-04 9.999989999999999712e-01 6.934679999999999733e-01 7.204869999999999886e-01 1.188999999999999953e-03 -7.204859999999999598e-01 6.934690000000000021e-01 -6.470000000000000057e-04
2.000000000000000000e+01 1.160000000000000000e+02 1.600000000000000000e+01 0.000000000000000000e+00 1.600000000000000089e+00 1.409000000000000096e-03 2.139999999999999975e-03 9.999970000000000248e-01 6.751559999999999784e-01 7.376709999999999656e-01 -2.530000000000000131e-03 -7.376740000000000519e-01 6.751570000000000071e-01 -4.049999999999999781e-04
3.000000000000000000e+00 2.000000000000000000e+00 1.900000000000000000e+01 0.000000000000000000e+00 1.600000000000000089e+00 1.244000000000000097e-03 8.016000000000000555e-03 -9.999670000000000503e-01 1.903900000000000037e-01 -9.816789999999999683e-01 -7.631999999999999895e-03 -9.817080000000000251e-01 -1.903739999999999877e-01 -2.748000000000000009e-03
7.000000000000000000e+00 2.000000000000000000e+00 1.900000000000000000e+01 0.000000000000000000e+00 1.600000000000000089e+00 3.347000000000000149e-03 -1.052600000000000063e-02 -9.999390000000000223e-01 1.930699999999999916e-01 -9.811239999999999961e-01 1.097399999999999938e-02 -9.811790000000000234e-01 -1.930949999999999889e-01 -1.252000000000000075e-03
1.700000000000000000e+01 2.000000000000000000e+00 1.900000000000000000e+01 0.000000000000000000e+00 1.600000000000000089e+00 -2.011000000000000201e-03 3.265000000000000107e-03 -9.999930000000000208e-01 1.920850000000000057e-01 -9.813720000000000221e-01 -3.589999999999999875e-03 -9.813760000000000261e-01 -1.920910000000000117e-01 1.345999999999999974e-03
2.100000000000000000e+01 2.000000000000000000e+00 1.900000000000000000e+01 0.000000000000000000e+00 1.600000000000000089e+00 -4.251999999999999703e-03 1.604500000000000023e-02 -9.998620000000000285e-01 1.943860000000000032e-01 -9.807850000000000179e-01 -1.656499999999999986e-02 -9.809160000000000101e-01 -1.944299999999999917e-01 1.051000000000000068e-03
2.700000000000000000e+01 2.000000000000000000e+00 1.900000000000000000e+01 0.000000000000000000e+00 1.600000000000000089e+00 4.513999999999999783e-03 -7.080999999999999621e-03 -9.999649999999999928e-01 1.990319999999999867e-01 -9.799619999999999997e-01 7.837000000000000216e-03 -9.799830000000000485e-01 -1.990599999999999870e-01 -3.014000000000000186e-03
2.800000000000000000e+01 4.000000000000000000e+00 2.000000000000000000e+01 0.000000000000000000e+00 1.600000000000000089e+00 6.981000000000000226e-03 -2.260999999999999989e-03 -9.999730000000000008e-01 2.809180000000000010e-01 -9.597229999999999928e-01 4.131000000000000123e-03 -9.597059999999999480e-01 -2.809400000000000230e-01 -6.065000000000000079e-03
2.000000000000000000e+00 1.300000000000000000e+01 2.000000000000000000e+01 0.000000000000000000e+00 1.600000000000000089e+00 -2.687000000000000152e-03 -1.116999999999999937e-02 9.999339999999999895e-01 2.506979999999999764e-01 9.679969999999999963e-01 1.148700000000000068e-02 -9.680619999999999781e-01 2.507119999999999904e-01 1.990000000000000124e-04
1.500000000000000000e+01 1.300000000000000000e+01 2.000000000000000000e+01 0.000000000000000000e+00 1.600000000000000089e+00 -2.108000000000000065e-03 -5.375999999999999703e-03 9.999829999999999552e-01 2.478970000000000062e-01 9.687689999999999912e-01 5.730999999999999983e-03 -9.687839999999999785e-01 2.479049999999999865e-01 -7.100000000000000191e-04
1.800000000000000000e+01 1.300000000000000000e+01 2.000000000000000000e+01 0.000000000000000000e+00 1.600000000000000089e+00 -8.408999999999999808e-03 -1.478900000000000006e-02 9.998550000000000493e-01 2.492290000000000061e-01 9.683049999999999713e-01 1.641899999999999957e-02 -9.684080000000000465e-01 2.493309999999999971e-01 -4.455999999999999892e-03
2.400000000000000000e+01 1.300000000000000000e+01 2.000000000000000000e+01 0.000000000000000000e+00 1.600000000000000089e+00 -4.811000000000000172e-03 -6.231000000000000427e-03 9.999689999999999968e-01 2.562880000000000158e-01 9.665730000000000155e-01 7.256000000000000297e-03 -9.665880000000000027e-01 2.563150000000000150e-01 -3.053000000000000158e-03
2.900000000000000000e+01 1.300000000000000000e+01 2.000000000000000000e+01 0.000000000000000000e+00 1.600000000000000089e+00 6.497000000000000171e-03 7.757000000000000006e-03 9.999489999999999768e-01 2.519600000000000173e-01 9.676940000000000541e-01 -9.143999999999999351e-03 -9.677160000000000206e-01 2.520069999999999810e-01 4.333000000000000046e-03
3.000000000000000000e+00 1.600000000000000000e+01 2.100000000000000000e+01 0.000000000000000000e+00 1.600000000000000089e+00 -6.970000000000000284e-04 -7.200999999999999936e-03 9.999740000000000295e-01 2.963319999999999843e-01 9.550589999999999913e-01 7.084000000000000019e-03 -9.550849999999999618e-01 2.963299999999999823e-01 1.467999999999999904e-03
7.000000000000000000e+00 1.600000000000000000e+01 2.100000000000000000e+01 0.000000000000000000e+00 1.600000000000000089e+00 7.971999999999999920e-03 2.064200000000000063e-02 9.997549999999999493e-01 2.956119999999999859e-01 9.550530000000000408e-01 -2.207599999999999840e-02 -9.552749999999999853e-01 2.957150000000000056e-01 1.512000000000000106e-03
2.200000000000000000e+01 1.600000000000000000e+01 2.100000000000000000e+01 0.000000000000000000e+00 1.600000000000000089e+00 -1.097300000000000011e-02 -1.916199999999999848e-02 9.997559999999999780e-01 2.996050000000000102e-01 9.538189999999999724e-01 2.156999999999999890e-02 -9.539999999999999591e-01 2.997690000000000077e-01 -4.725000000000000033e-03
2.500000000000000000e+01 1.600000000000000000e+01 2.100000000000000000e+01 0.000000000000000000e+00 1.600000000000000089e+00 -2.556000000000000112e-03 -7.389999999999999651e-04 9.999959999999999960e-01 3.008790000000000076e-01 9.536609999999999809e-01 1.474000000000000050e-03 -9.536590000000000344e-01 3.008810000000000096e-01 -2.214999999999999955e-03
3.000000000000000000e+01 1.600000000000000000e+01 2.100000000000000000e+01 0.000000000000000000e+00 1.600000000000000089e+00 6.076999999999999937e-03 1.067899999999999926e-02 9.999240000000000350e-01 2.992850000000000232e-01 9.540880000000000472e-01 -1.200799999999999958e-02 -9.541439999999999921e-01 2.993359999999999910e-01 2.602000000000000146e-03
2.500000000000000000e+01 4.800000000000000000e+01 2.400000000000000000e+01 0.000000000000000000e+00 1.600000000000000089e+00 -3.155999999999999951e-03 -1.441000000000000007e-03 9.999940000000000495e-01 8.592659999999999743e-01 5.115180000000000282e-01 3.448999999999999809e-03 -5.115199999999999747e-01 8.592710000000000070e-01 -3.759999999999999779e-04
4.000000000000000000e+00 3.000000000000000000e+00 2.500000000000000000e+01 0.000000000000000000e+00 1.600000000000000089e+00 -1.495999999999999934e-03 5.614000000000000067e-03 9.999829999999999552e-01 -4.964500000000000163e-02 -9.987519999999999731e-01 5.531999999999999591e-03 9.987660000000000426e-01 -4.963599999999999957e-02 1.773000000000000053e-03
1.100000000000000000e+01 3.000000000000000000e+00 2.500000000000000000e+01 0.000000000000000000e+00 1.600000000000000089e+00 1.289999999999999914e-04 -1.822000000000000052e-03 9.999980000000000535e-01 -5.716600000000000154e-02 -9.983630000000000004e-01 -1.810999999999999893e-03 9.983649999999999469e-01 -5.716600000000000154e-02 -2.329999999999999986e-04
1.600000000000000000e+01 3.000000000000000000e+00 2.500000000000000000e+01 0.000000000000000000e+00 1.600000000000000089e+00 6.441999999999999810e-03 -3.490000000000000047e-03 9.999730000000000008e-01 -6.526800000000000657e-02 -9.978630000000000555e-01 -3.062000000000000052e-03 9.978470000000000395e-01 -6.524699999999999944e-02 -6.655999999999999590e-03
2.000000000000000000e+01 3.000000000000000000e+00 2.500000000000000000e+01 0.000000000000000000e+00 1.600000000000000089e+00 1.609999999999999973e-02 5.109999999999999525e-04 9.998700000000000365e-01 -6.213199999999999973e-02 -9.980670000000000375e-01 1.510999999999999973e-03 9.979379999999999917e-01 -6.214900000000000285e-02 -1.603699999999999917e-02
1.300000000000000000e+01 4.600000000000000000e+01 2.700000000000000000e+01 0.000000000000000000e+00 1.600000000000000089e+00 -1.244000000000000097e-03 -3.919999999999999873e-04 -9.999989999999999712e-01 6.597159999999999691e-01 7.515140000000000153e-01 -1.115000000000000106e-03 7.515140000000000153e-01 -6.597169999999999979e-01 -6.759999999999999516e-04
1.800000000000000000e+01 4.600000000000000000e+01 2.700000000000000000e+01 0.000000000000000000e+00 1.600000000000000089e+00 -3.350000000000000113e-04 -2.984999999999999806e-03 -9.999949999999999672e-01 6.551909999999999679e-01 7.554589999999999916e-01 -2.475000000000000203e-03 7.554629999999999956e-01 -6.551890000000000214e-01 1.701999999999999954e-03
1.400000000000000000e+01 4.600000000000000000e+01 3.000000000000000000e+01 0.000000000000000000e+00 1.600000000000000089e+00 -7.209999999999999612e-04 6.149999999999999868e-04 -1.000000000000000000e+00 3.327490000000000170e-01 9.430150000000000476e-01 3.400000000000000244e-04 9.430150000000000476e-01 -3.327490000000000170e-01 -8.840000000000000201e-04
1.000000000000000000e+00 5.800000000000000000e+01 3.100000000000000000e+01 0.000000000000000000e+00 1.600000000000000089e+00 8.030000000000000028e-04 -4.994000000000000175e-03 9.999869999999999592e-01 -7.933529999999999749e-01 -6.087580000000000213e-01 -2.403000000000000188e-03 6.087620000000000253e-01 -7.933409999999999629e-01 -4.451000000000000095e-03
7.000000000000000000e+00 5.800000000000000000e+01 3.100000000000000000e+01 0.000000000000000000e+00 1.600000000000000089e+00 -1.683000000000000034e-03 4.237000000000000315e-03 9.999900000000000455e-01 -7.966469999999999940e-01 -6.044439999999999813e-01 1.221000000000000080e-03 6.044429999999999525e-01 -7.966360000000000108e-01 4.393000000000000203e-03
1.200000000000000000e+01 5.800000000000000000e+01 3.100000000000000000e+01 0.000000000000000000e+00 1.600000000000000089e+00 -2.818000000000000192e-03 -4.504000000000000191e-03 9.999860000000000415e-01 -7.960760000000000058e-01 -6.051760000000000472e-01 -4.969000000000000326e-03 6.051900000000000057e-01 -7.960789999999999811e-01 -1.881000000000000076e-03
1.600000000000000000e+01 5.800000000000000000e+01 3.100000000000000000e+01 0.000000000000000000e+00 1.600000000000000089e+00 -1.399999999999999979e-05 -2.944000000000000002e-03 9.999959999999999960e-01 -7.956600000000000339e-01 -6.057399999999999451e-01 -1.794999999999999938e-03 6.057430000000000314e-01 -7.956569999999999476e-01 -2.334000000000000137e-03
2.200000000000000000e+01 5.800000000000000000e+01 3.100000000000000000e+01 0.000000000000000000e+00 1.600000000000000089e+00 5.249999999999999676e-04 -1.204999999999999908e-03 9.999989999999999712e-01 -7.984620000000000051e-01 -6.020450000000000523e-01 -3.060000000000000111e-04 6.020450000000000523e-01 -7.984609999999999763e-01 -1.278000000000000056e-03
2.800000000000000000e+01 5.800000000000000000e+01 3.100000000000000000e+01 0.000000000000000000e+00 1.600000000000000089e+00 -8.329999999999999731e-04 -1.039999999999999909e-03 9.999989999999999712e-01 -7.972420000000000062e-01 -6.036589999999999456e-01 -1.291000000000000047e-03 6.036589999999999456e-01 -7.972420000000000062e-01 -3.260000000000000094e-04
1.400000000000000000e+01 2.300000000000000000e+01 3.400000000000000000e+01 0.000000000000000000e+00 1.600000000000000089e+00 -6.870000000000000022e-04 2.704999999999999939e-03 9.999959999999999960e-01 4.006410000000000249e-01 -9.162310000000000176e-01 2.753999999999999938e-03 9.162350000000000216e-01 4.006419999999999981e-01 -4.539999999999999765e-04
1.400000000000000000e+01 4.200000000000000000e+01 3.400000000000000000e+01 0.000000000000000000e+00 1.600000000000000089e+00 6.329999999999999906e-04 -2.219000000000000052e-03 -9.999970000000000248e-01 -2.918620000000000103e-01 9.564580000000000304e-01 -2.308000000000000156e-03 9.564599999999999769e-01 2.918620000000000103e-01 -4.199999999999999768e-05
7.000000000000000000e+00 4.600000000000000000e+01 3.500000000000000000e+01 0.000000000000000000e+00 1.600000000000000089e+00 5.401999999999999684e-03 -5.359000000000000048e-03 -9.999710000000000543e-01 3.872369999999999979e-01 -9.219530000000000225e-01 7.033000000000000189e-03 -9.219640000000000057e-01 -3.872639999999999971e-01 -2.906000000000000163e-03
1.000000000000000000e+01 4.600000000000000000e+01 3.500000000000000000e+01 0.000000000000000000e+00 1.600000000000000089e+00 3.531999999999999983e-03 -3.848999999999999991e-03 -9.999860000000000415e-01 3.847700000000000009e-01 -9.229990000000000139e-01 4.911999999999999700e-03 -9.230059999999999931e-01 -3.847820000000000129e-01 -1.778999999999999982e-03
1.500000000000000000e+01 4.600000000000000000e+01 3.500000000000000000e+01 0.000000000000000000e+00 1.600000000000000089e+00 -4.690000000000000158e-04 2.380000000000000117e-04 -1.000000000000000000e+00 3.839920000000000000e-01 -9.233360000000000456e-01 -4.000000000000000192e-04 -9.233360000000000456e-01 -3.839920000000000000e-01 3.409999999999999945e-04
2.100000000000000000e+01 4.600000000000000000e+01 3.500000000000000000e+01 0.000000000000000000e+00 1.600000000000000089e+00 -4.131000000000000123e-03 2.073999999999999889e-03 -9.999890000000000168e-01 3.887749999999999817e-01 -9.213259999999999783e-01 -3.517000000000000161e-03 -9.213230000000000031e-01 -3.887860000000000205e-01 3.000000000000000062e-03
2.700000000000000000e+01 4.600000000000000000e+01 3.500000000000000000e+01 0.000000000000000000e+00 1.600000000000000089e+00 1.335999999999999948e-03 -6.949999999999999798e-04 -9.999989999999999712e-01 3.853559999999999763e-01 -9.227670000000000039e-01 1.155999999999999910e-03 -9.227670000000000039e-01 -3.853570000000000051e-01 -9.650000000000000374e-04
2.000000000000000000e+00 9.500000000000000000e+01 3.600000000000000000e+01 0.000000000000000000e+00 1.600000000000000089e+00 -2.804000000000000069e-03 -1.086400000000000039e-02 9.999369999999999647e-01 9.978820000000000467e-01 6.495099999999999485e-02 3.504000000000000170e-03 -6.498500000000000110e-02 9.978289999999999660e-01 1.065900000000000007e-02
1.200000000000000000e+01 9.500000000000000000e+01 3.600000000000000000e+01 0.000000000000000000e+00 1.600000000000000089e+00 1.544099999999999986e-02 2.340800000000000172e-02 9.996070000000000233e-01 9.973710000000000075e-01 7.043399999999999661e-02 -1.705600000000000172e-02 -7.080599999999999394e-02 9.972419999999999618e-01 -2.225900000000000101e-02
1.700000000000000000e+01 9.500000000000000000e+01 3.600000000000000000e+01 0.000000000000000000e+00 1.600000000000000089e+00 -1.304999999999999953e-03 -3.308999999999999875e-03 9.999940000000000495e-01 9.976690000000000280e-01 6.822400000000000686e-02 1.528000000000000061e-03 -6.822899999999999798e-02 9.976650000000000240e-01 3.213000000000000144e-03
2.000000000000000000e+01 9.500000000000000000e+01 3.600000000000000000e+01 0.000000000000000000e+00 1.600000000000000089e+00 -1.027800000000000068e-02 -9.325999999999999221e-03 9.999040000000000150e-01 9.979299999999999837e-01 6.338599999999999790e-02 1.084899999999999927e-02 -6.348099999999999576e-02 9.979459999999999997e-01 8.654999999999999499e-03
1.600000000000000000e+01 9.500000000000000000e+01 3.700000000000000000e+01 0.000000000000000000e+00 1.600000000000000089e+00 3.311999999999999840e-03 -1.160999999999999923e-03 9.999940000000000495e-01 9.959209999999999452e-01 9.017600000000000615e-02 -3.193000000000000092e-03 -9.017200000000000215e-02 9.959249999999999492e-01 1.454999999999999913e-03
2.600000000000000000e+01 3.000000000000000000e+00 4.300000000000000000e+01 0.000000000000000000e+00 1.600000000000000089e+00 1.645500000000000088e-02 -1.259500000000000029e-02 -9.997850000000000348e-01 7.317339999999999955e-01 -6.812780000000000502e-01 2.062599999999999850e-02 -6.813909999999999689e-01 -7.319160000000000110e-01 -1.994999999999999812e-03
5.000000000000000000e+00 2.900000000000000000e+01 4.400000000000000000e+01 0.000000000000000000e+00 1.600000000000000089e+00 3.256000000000000213e-03 5.723999999999999921e-03 -9.999780000000000335e-01 6.399690000000000101e-01 7.683729999999999727e-01 6.481999999999999915e-03 7.683940000000000214e-01 -6.399770000000000181e-01 -1.160999999999999923e-03
1.300000000000000000e+01 2.900000000000000000e+01 4.400000000000000000e+01 0.000000000000000000e+00 1.600000000000000089e+00 -5.429999999999999714e-04 -4.049999999999999781e-04 -1.000000000000000000e+00 6.441459999999999964e-01 7.649019999999999708e-01 -6.599999999999999964e-04 7.649019999999999708e-01 -6.441470000000000251e-01 -1.540000000000000028e-04
1.900000000000000000e+01 2.900000000000000000e+01 4.400000000000000000e+01 0.000000000000000000e+00 1.600000000000000089e+00 -8.459999999999999638e-04 1.072000000000000036e-03 -9.999989999999999712e-01 6.514560000000000350e-01 7.586870000000000003e-01 2.620000000000000258e-04 7.586859999999999715e-01 -6.514550000000000063e-01 -1.340000000000000045e-03
2.400000000000000000e+01 2.900000000000000000e+01 4.400000000000000000e+01 0.000000000000000000e+00 1.600000000000000089e+00 7.829999999999999504e-04 5.152999999999999595e-03 -9.999860000000000415e-01 6.593489999999999629e-01 7.518240000000000478e-01 4.390999999999999938e-03 7.518369999999999775e-01 -6.593430000000000124e-01 -2.808999999999999865e-03
2.800000000000000000e+01 2.900000000000000000e+01 4.400000000000000000e+01 0.000000000000000000e+00 1.600000000000000089e+00 4.150000000000000043e-04 -3.363000000000000104e-03 -9.999940000000000495e-01 6.676109999999999545e-01 7.445070000000000299e-01 -2.226999999999999813e-03 7.445100000000000051e-01 -6.676060000000000327e-01 2.553999999999999847e-03
1.200000000000000000e+01 6.500000000000000000e+01 4.600000000000000000e+01 0.000000000000000000e+00 1.600000000000000089e+00 -0.000000000000000000e+00 -1.378000000000000102e-03 9.999989999999999712e-01 6.798490000000000366e-01 -7.333509999999999751e-01 -1.010000000000000047e-03 7.333520000000000039e-01 6.798490000000000366e-01 9.370000000000000074e-04
7.000000000000000000e+00 5.000000000000000000e+00 5.100000000000000000e+01 0.000000000000000000e+00 1.600000000000000089e+00 -2.771000000000000026e-03 6.299999999999999990e-05 -9.999959999999999960e-01 4.877250000000000196e-01 -8.729959999999999942e-01 -1.407000000000000048e-03 -8.729930000000000190e-01 -4.877270000000000216e-01 2.387999999999999932e-03
8.000000000000000000e+00 4.200000000000000000e+01 5.200000000000000000e+01 0.000000000000000000e+00 1.600000000000000089e+00 3.330999999999999933e-02 -6.808929999999999705e-01 7.316249999999999698e-01 8.297200000000000408e-02 7.313889999999999558e-01 6.768950000000000244e-01 -9.959949999999999637e-01 3.815700000000000341e-02 8.085799999999999932e-02
1.400000000000000000e+01 4.400000000000000000e+01 5.300000000000000000e+01 0.000000000000000000e+00 1.600000000000000089e+00 5.498499999999999915e-02 -4.651710000000000012e-01 -8.835119999999999640e-01 8.635700000000000320e-02 -8.793189999999999618e-01 4.683379999999999765e-01 -9.947460000000000191e-01 -1.020490000000000008e-01 -8.177999999999999506e-03
1.300000000000000000e+01 4.500000000000000000e+01 5.300000000000000000e+01 0.000000000000000000e+00 1.600000000000000089e+00 7.834099999999999397e-02 -6.609589999999999632e-01 -7.463220000000000409e-01 8.175799999999999734e-02 -7.418409999999999727e-01 6.655729999999999702e-01 -9.935680000000000067e-01 -1.131599999999999967e-01 -4.079000000000000160e-03
1.200000000000000000e+01 4.600000000000000000e+01 5.300000000000000000e+01 0.000000000000000000e+00 1.600000000000000089e+00 1.022740000000000038e-01 -7.293859999999999788e-01 -6.764139999999999597e-01 1.062260000000000010e-01 -6.680840000000000112e-01 7.364640000000000075e-01 -9.890679999999999472e-01 -1.471739999999999993e-01 9.152000000000000413e-03
1.000000000000000000e+00 6.300000000000000000e+01 5.400000000000000000e+01 0.000000000000000000e+00 1.600000000000000089e+00 -1.224999999999999960e-03 -6.470000000000000057e-04 9.999989999999999712e-01 -3.644229999999999969e-01 9.312340000000000062e-01 1.569999999999999944e-04 -9.312329999999999774e-01 -3.644220000000000237e-01 -1.376000000000000053e-03
5.000000000000000000e+00 6.300000000000000000e+01 5.400000000000000000e+01 0.000000000000000000e+00 1.600000000000000089e+00 -4.189999999999999931e-04 1.925000000000000062e-03 9.999980000000000535e-01 -3.634850000000000025e-01 9.315980000000000372e-01 -1.944999999999999897e-03 -9.315999999999999837e-01 -3.634859999999999758e-01 3.099999999999999999e-04
9.000000000000000000e+00 6.300000000000000000e+01 5.400000000000000000e+01 0.000000000000000000e+00 1.600000000000000089e+00 -7.990000000000000140e-04 4.426000000000000247e-03 9.999900000000000455e-01 -3.602719999999999811e-01 9.328370000000000273e-01 -4.416999999999999919e-03 -9.328469999999999818e-01 -3.602719999999999811e-01 8.490000000000000368e-04
1.600000000000000000e+01 6.300000000000000000e+01 5.400000000000000000e+01 0.000000000000000000e+00 1.600000000000000089e+00 -4.110000000000000155e-04 2.509999999999999753e-04 1.000000000000000000e+00 -3.479909999999999948e-01 9.374980000000000535e-01 -3.789999999999999966e-04 -9.374980000000000535e-01 -3.479920000000000235e-01 -2.979999999999999793e-04
2.500000000000000000e+01 6.300000000000000000e+01 5.400000000000000000e+01 0.000000000000000000e+00 1.600000000000000089e+00 -7.649999999999999465e-04 -1.497000000000000067e-03 9.999989999999999712e-01 -3.526009999999999978e-01 9.357729999999999659e-01 1.131000000000000061e-03 -9.357729999999999659e-01 -3.526000000000000245e-01 -1.244000000000000097e-03
6.000000000000000000e+00 2.500000000000000000e+01 5.500000000000000000e+01 0.000000000000000000e+00 1.600000000000000089e+00 2.449999999999999921e-04 -4.240999999999999978e-03 -9.999909999999999632e-01 -1.205299999999999948e-02 -9.999179999999999735e-01 4.237999999999999580e-03 -9.999270000000000103e-01 1.205200000000000021e-02 -2.959999999999999849e-04
1.100000000000000000e+01 2.500000000000000000e+01 5.500000000000000000e+01 0.000000000000000000e+00 1.600000000000000089e+00 -4.569999999999999952e-04 -2.958999999999999825e-03 -9.999959999999999960e-01 -1.130800000000000034e-02 -9.999320000000000430e-01 2.964000000000000055e-03 -9.999360000000000470e-01 1.131000000000000061e-02 4.229999999999999819e-04
1.900000000000000000e+01 2.600000000000000000e+01 5.500000000000000000e+01 0.000000000000000000e+00 1.600000000000000089e+00 2.909000000000000127e-03 2.146699999999999997e-02 -9.997650000000000148e-01 -3.262600000000000222e-02 -9.992349999999999843e-01 -2.155100000000000071e-02 -9.994629999999999903e-01 3.268100000000000172e-02 -2.207000000000000194e-03
2.800000000000000000e+01 7.600000000000000000e+01 5.600000000000000000e+01 0.000000000000000000e+00 1.600000000000000089e+00 5.910000000000000539e-04 -4.791000000000000120e-03 -9.999879999999999880e-01 -1.191620000000000040e-01 9.928630000000000511e-01 -4.827999999999999826e-03 9.928749999999999520e-01 1.191630000000000050e-01 1.599999999999999928e-05
8.000000000000000000e+00 4.600000000000000000e+01 5.700000000000000000e+01 0.000000000000000000e+00 1.600000000000000089e+00 3.256999999999999913e-03 -5.569629999999999859e-01 -8.305310000000000192e-01 -1.912310000000000121e-01 -8.155540000000000012e-01 5.461700000000000443e-01 -9.815399999999999681e-01 1.570449999999999902e-01 -1.091649999999999981e-01
9.000000000000000000e+00 6.800000000000000000e+01 5.700000000000000000e+01 0.000000000000000000e+00 1.600000000000000089e+00 1.477999999999999930e-03 2.101000000000000003e-03 -9.999970000000000248e-01 -2.506829999999999892e-01 -9.680659999999999821e-01 -2.405000000000000020e-03 -9.680680000000000396e-01 2.506860000000000199e-01 -9.039999999999999642e-04
1.600000000000000000e+01 6.800000000000000000e+01 5.700000000000000000e+01 0.000000000000000000e+00 1.600000000000000089e+00 -1.118999999999999986e-03 -1.122399999999999960e-02 -9.999360000000000470e-01 -2.494790000000000063e-01 -9.683159999999999545e-01 1.114899999999999919e-02 -9.683800000000000185e-01 2.494750000000000023e-01 -1.716999999999999993e-03
4.000000000000000000e+00 2.100000000000000000e+01 6.000000000000000000e+01 0.000000000000000000e+00 1.600000000000000089e+00 -9.460000000000000093e-04 5.975000000000000276e-03 9.999820000000000375e-01 -9.914900000000000102e-02 9.950539999999999941e-01 -6.039000000000000097e-03 -9.950719999999999565e-01 -9.915300000000000502e-02 -3.490000000000000263e-04
8.000000000000000000e+00 2.100000000000000000e+01 6.000000000000000000e+01 0.000000000000000000e+00 1.600000000000000089e+00 -1.799999999999999951e-03 -7.619999999999999820e-04 9.999980000000000535e-01 -9.942700000000000149e-02 9.950449999999999573e-01 5.789999999999999791e-04 -9.950430000000000108e-01 -9.942600000000000049e-02 -1.866999999999999953e-03
1.400000000000000000e+01 2.100000000000000000e+01 6.000000000000000000e+01 0.000000000000000000e+00 1.600000000000000089e+00 2.923999999999999950e-03 3.115999999999999846e-03 9.999909999999999632e-01 -9.823099999999999887e-02 9.951600000000000446e-01 -2.814000000000000095e-03 -9.951590000000000158e-01 -9.822200000000000375e-02 3.216000000000000109e-03
2.100000000000000000e+01 2.100000000000000000e+01 6.000000000000000000e+01 0.000000000000000000e+00 1.600000000000000089e+00 -9.229999999999999923e-04 -4.565999999999999746e-03 9.999890000000000168e-01 -9.582899999999999752e-02 9.953880000000000505e-01 4.457000000000000024e-03 -9.953969999999999763e-01 -9.582300000000000539e-02 -1.356000000000000000e-03
2.600000000000000000e+01 2.100000000000000000e+01 6.000000000000000000e+01 0.000000000000000000e+00 1.600000000000000089e+00 -1.900000000000000105e-04 6.088999999999999795e-03 9.999810000000000088e-01 -9.455700000000000216e-02 9.955009999999999692e-01 -6.080000000000000335e-03 -9.955190000000000428e-01 -9.455700000000000216e-02 3.869999999999999742e-04
2.400000000000000000e+01 4.500000000000000000e+01 6.200000000000000000e+01 0.000000000000000000e+00 1.600000000000000089e+00 -1.745100000000000123e-02 2.417899999999999910e-02 -9.995549999999999713e-01 -6.102530000000000454e-01 -7.921610000000000040e-01 -8.507999999999999938e-03 -7.920139999999999958e-01 6.098329999999999584e-01 2.858000000000000124e-02
1.700000000000000000e+01 3.000000000000000000e+00 6.300000000000000000e+01 0.000000000000000000e+00 1.600000000000000089e+00 3.499999999999999693e-05 6.115999999999999909e-03 9.999810000000000088e-01 -6.152999999999999581e-01 7.882780000000000342e-01 -4.799999999999999580e-03 -7.882930000000000215e-01 -6.152889999999999748e-01 3.791000000000000099e-03
3.000000000000000000e+00 2.700000000000000000e+01 6.300000000000000000e+01 0.000000000000000000e+00 1.600000000000000089e+00 3.956000000000000315e-03 1.281000000000000021e-03 9.999909999999999632e-01 -2.738590000000000191e-01 9.617700000000000138e-01 -1.489999999999999897e-04 -9.617620000000000058e-01 -2.738559999999999883e-01 4.155999999999999972e-03
9.000000000000000000e+00 2.700000000000000000e+01 6.300000000000000000e+01 0.000000000000000000e+00 1.600000000000000089e+00 1.749999999999999982e-04 6.647000000000000131e-03 9.999780000000000335e-01 -2.728180000000000049e-01 9.620450000000000390e-01 -6.347000000000000211e-03 -9.620659999999999767e-01 -2.728110000000000257e-01 1.981999999999999821e-03
1.600000000000000000e+01 2.700000000000000000e+01 6.300000000000000000e+01 0.000000000000000000e+00 1.600000000000000089e+00 2.909999999999999826e-03 2.990000000000000036e-04 9.999959999999999960e-01 -2.693050000000000166e-01 9.630549999999999944e-01 4.949999999999999973e-04 -9.630509999999999904e-01 -2.693050000000000166e-01 2.883000000000000146e-03
2.400000000000000000e+01 2.700000000000000000e+01 6.300000000000000000e+01 0.000000000000000000e+00 1.600000000000000089e+00 -1.796000000000000070e-03 1.092800000000000021e-02 9.999390000000000223e-01 -2.519830000000000125e-01 9.676690000000000014e-01 -1.102799999999999961e-02 -9.677299999999999791e-01 -2.519879999999999898e-01 1.015000000000000060e-03
3.000000000000000000e+01 2.700000000000000000e+01 6.300000000000000000e+01 0.000000000000000000e+00 1.600000000000000089e+00 -2.520000000000000104e-03 -2.542399999999999868e-02 9.996739999999999515e-01 -2.658260000000000067e-01 9.637259999999999716e-01 2.383899999999999908e-02 -9.640180000000000415e-01 -2.656789999999999985e-01 -9.187000000000000721e-03
2.500000000000000000e+01 4.400000000000000000e+01 6.300000000000000000e+01 0.000000000000000000e+00 1.600000000000000089e+00 -1.477200000000000041e-02 3.992300000000000015e-02 -9.990940000000000376e-01 -6.811230000000000340e-01 -7.319179999999999575e-01 -1.917599999999999860e-02 -7.320200000000000040e-01 6.802230000000000221e-01 3.800400000000000306e-02
3.000000000000000000e+00 2.600000000000000000e+01 6.400000000000000000e+01 0.000000000000000000e+00 1.600000000000000089e+00 3.307000000000000044e-03 1.350999999999999987e-03 9.999940000000000495e-01 -3.616099999999999870e-01 9.323289999999999633e-01 -6.399999999999999710e-05 -9.323240000000000416e-01 -3.616079999999999850e-01 3.572000000000000088e-03
9.000000000000000000e+00 2.600000000000000000e+01 6.400000000000000000e+01 0.000000000000000000e+00 1.600000000000000089e+00 -4.369999999999999970e-04 1.139000000000000038e-03 9.999989999999999712e-01 -3.600720000000000032e-01 9.329239999999999755e-01 -1.219999999999999947e-03 -9.329250000000000043e-01 -3.600720000000000032e-01 1.999999999999999909e-06
1.500000000000000000e+01 2.600000000000000000e+01 6.400000000000000000e+01 0.000000000000000000e+00 1.600000000000000089e+00 2.837000000000000112e-03 5.919999999999999915e-03 9.999780000000000335e-01 -3.572960000000000025e-01 9.339800000000000324e-01 -4.516000000000000049e-03 -9.339870000000000116e-01 -3.572750000000000092e-01 4.765000000000000138e-03
2.600000000000000000e+01 2.600000000000000000e+01 6.400000000000000000e+01 0.000000000000000000e+00 1.600000000000000089e+00 -2.964000000000000055e-03 -6.706000000000000155e-03 9.999730000000000008e-01 -3.531830000000000247e-01 9.355400000000000382e-01 5.226999999999999875e-03 -9.355499999999999927e-01 -3.531580000000000275e-01 -5.141999999999999869e-03
3.000000000000000000e+01 2.600000000000000000e+01 6.400000000000000000e+01 0.000000000000000000e+00 1.600000000000000089e+00 2.840000000000000185e-04 -1.544500000000000040e-02 9.998810000000000198e-01 -3.568709999999999938e-01 9.340410000000000101e-01 1.452900000000000025e-02 -9.341530000000000111e-01 -3.568330000000000113e-01 -5.246999999999999928e-03
2.600000000000000000e+01 4.300000000000000000e+01 6.400000000000000000e+01 0.000000000000000000e+00 1.600000000000000089e+00 -7.015000000000000402e-03 2.912599999999999911e-02 -9.995509999999999673e-01 -7.279360000000000275e-01 -6.854839999999999822e-01 -1.486499999999999974e-02 -6.856090000000000240e-01 7.275049999999999573e-01 2.600999999999999840e-02
2.000000000000000000e+01 8.900000000000000000e+01 6.400000000000000000e+01 0.000000000000000000e+00 1.600000000000000089e+00 1.812000000000000026e-03 -4.911999999999999700e-03 -9.999860000000000415e-01 8.373530000000000140e-01 5.466609999999999525e-01 -1.167999999999999984e-03 5.466590000000000060e-01 -8.373399999999999732e-01 5.104000000000000030e-03
1.400000000000000000e+01 4.800000000000000000e+01 6.500000000000000000e+01 0.000000000000000000e+00 1.600000000000000089e+00 -1.678350000000000120e-01 2.268080000000000096e-01 -9.593690000000000273e-01 -9.913700000000000290e-02 9.643570000000000197e-01 2.453309999999999935e-01 9.808179999999999676e-01 1.362839999999999885e-01 -1.393679999999999919e-01
2.400000000000000000e+01 3.200000000000000000e+01 6.600000000000000000e+01 0.000000000000000000e+00 1.600000000000000089e+00 -7.245999999999999837e-03 1.321499999999999932e-02 -9.998860000000000525e-01 -8.654380000000000406e-01 -5.010149999999999881e-01 -3.499999999999999964e-04 -5.009630000000000472e-01 8.653380000000000516e-01 1.506700000000000053e-02
1.500000000000000000e+01 4.900000000000000000e+01 6.600000000000000000e+01 0.000000000000000000e+00 1.600000000000000089e+00 -1.758649999999999936e-01 2.509029999999999871e-01 -9.519030000000000546e-01 -2.039860000000000007e-01 9.366980000000000306e-01 2.845809999999999729e-01 9.630480000000000151e-01 2.442229999999999956e-01 -1.135520000000000002e-01
8.000000000000000000e+00 5.100000000000000000e+01 6.600000000000000000e+01 0.000000000000000000e+00 1.600000000000000089e+00 2.215910000000000102e-01 9.648500000000000132e-02 9.703549999999999676e-01 4.329999999999999960e-01 8.818749999999999645e-01 -1.865670000000000106e-01 -8.737329999999999819e-01 4.615049999999999986e-01 1.536379999999999968e-01
2.800000000000000000e+01 8.500000000000000000e+01 6.600000000000000000e+01 0.000000000000000000e+00 1.600000000000000089e+00 7.217000000000000325e-03 1.196299999999999968e-02 9.999019999999999575e-01 1.922290000000000110e-01 -9.812950000000000284e-01 1.035299999999999936e-02 9.813239999999999741e-01 1.921360000000000012e-01 -9.381000000000000449e-03
