2.600000000000000000e+01 1.700000000000000000e+01 3.000000000000000000e+00 0.000000000000000000e+00 1.600000000000000089e+00 -2.702999999999999847e-02 -1.577999999999999889e-02 -9.995100000000000096e-01 -7.153819999999999624e-01 -6.980730000000000546e-01 3.036700000000000163e-02 -6.982099999999999973e-01 7.158529999999999616e-01 7.579999999999999932e-03
4.000000000000000000e+00 2.100000000000000000e+01 4.000000000000000000e+00 0.000000000000000000e+00 1.600000000000000089e+00 -9.730000000000000151e-04 1.832000000000000078e-03 -9.999980000000000535e-01 -6.561690000000000023e-01 -7.546129999999999782e-01 -7.439999999999999782e-04 -7.546129999999999782e-01 6.561669999999999447e-01 1.936000000000000004e-03
7.000000000000000000e+00 2.100000000000000000e+01 4.000000000000000000e+00 0.000000000000000000e+00 1.600000000000000089e+00 -1.985999999999999918e-03 2.874999999999999951e-03 -9.999940000000000495e-01 -6.573069999999999746e-01 -7.536230000000000429e-01 -8.610000000000000032e-04 -7.536209999999999853e-01 6.573010000000000241e-01 3.386999999999999820e-03
3.000000000000000000e+00 1.010000000000000000e+02 7.000000000000000000e+00 0.000000000000000000e+00 1.600000000000000089e+00 5.257999999999999653e-03 2.858499999999999930e-02 9.995770000000000488e-01 8.857540000000000413e-01 4.638079999999999981e-01 -1.792300000000000143e-02 -4.641250000000000098e-01 8.854739999999999833e-01 -2.288099999999999856e-02
1.100000000000000000e+01 1.010000000000000000e+02 7.000000000000000000e+00 0.000000000000000000e+00 1.600000000000000089e+00 -8.459999999999999638e-04 2.505999999999999981e-03 9.999970000000000248e-01 8.905859999999999888e-01 4.548139999999999961e-01 -3.860000000000000041e-04 -4.548130000000000228e-01 8.905830000000000135e-01 -2.616999999999999969e-03
2.000000000000000000e+01 1.010000000000000000e+02 7.000000000000000000e+00 0.000000000000000000e+00 1.600000000000000089e+00 4.119999999999999856e-04 2.187499999999999861e-02 9.997610000000000108e-01 8.880590000000000428e-01 4.596109999999999918e-01 -1.042200000000000071e-02 -4.597289999999999988e-01 8.878509999999999458e-01 -1.923700000000000063e-02
1.000000000000000000e+00 2.500000000000000000e+01 8.000000000000000000e+00 0.000000000000000000e+00 1.600000000000000089e+00 5.490000000000000088e-04 -1.205499999999999974e-02 -9.999270000000000103e-01 4.411640000000000006e-01 8.973640000000000505e-01 -1.057699999999999960e-02 8.974259999999999460e-01 -4.411260000000000181e-01 5.811000000000000193e-03
1.100000000000000000e+01 2.500000000000000000e+01 8.000000000000000000e+00 0.000000000000000000e+00 1.600000000000000089e+00 -5.800000000000000034e-05 1.744700000000000070e-02 -9.998479999999999590e-01 4.423889999999999767e-01 8.966870000000000118e-01 1.562099999999999947e-02 8.968230000000000368e-01 -4.423210000000000197e-01 -7.769999999999999997e-03
1.600000000000000000e+01 2.500000000000000000e+01 8.000000000000000000e+00 0.000000000000000000e+00 1.600000000000000089e+00 -4.440000000000000045e-04 5.388999999999999693e-03 -9.999850000000000128e-01 4.421900000000000275e-01 8.969099999999999850e-01 4.636999999999999629e-03 8.969209999999999683e-01 -4.421809999999999907e-01 -2.781000000000000052e-03
2.100000000000000000e+01 2.500000000000000000e+01 8.000000000000000000e+00 0.000000000000000000e+00 1.600000000000000089e+00 1.724999999999999971e-03 4.473000000000000413e-03 -9.999879999999999880e-01 4.397780000000000022e-01 8.980939999999999479e-01 4.775999999999999863e-03 8.981050000000000422e-01 -4.397809999999999775e-01 -4.180000000000000230e-04
2.400000000000000000e+01 2.500000000000000000e+01 8.000000000000000000e+00 0.000000000000000000e+00 1.600000000000000089e+00 6.980000000000000527e-04 8.652999999999999234e-03 -9.999620000000000175e-01 4.380859999999999754e-01 8.988969999999999461e-01 8.083999999999999173e-03 8.989329999999999821e-01 -4.380749999999999922e-01 -3.163000000000000013e-03
2.700000000000000000e+01 2.500000000000000000e+01 8.000000000000000000e+00 0.000000000000000000e+00 1.600000000000000089e+00 6.009999999999999717e-04 4.276000000000000287e-03 -9.999909999999999632e-01 4.371530000000000138e-01 8.993780000000000108e-01 4.108999999999999805e-03 8.993870000000000475e-01 -4.371519999999999850e-01 -1.329000000000000103e-03
2.000000000000000000e+00 2.400000000000000000e+01 9.000000000000000000e+00 0.000000000000000000e+00 1.600000000000000089e+00 5.689999999999999529e-04 -9.556999999999999523e-03 -9.999540000000000095e-01 4.465459999999999985e-01 8.947220000000000173e-01 -8.297000000000000555e-03 8.947599999999999998e-01 -4.465210000000000012e-01 4.776999999999999996e-03
9.000000000000000000e+00 2.400000000000000000e+01 9.000000000000000000e+00 0.000000000000000000e+00 1.600000000000000089e+00 2.151999999999999833e-03 7.445000000000000229e-03 -9.999700000000000255e-01 4.497780000000000111e-01 8.931080000000000130e-01 7.617999999999999772e-03 8.931379999999999875e-01 -4.497809999999999864e-01 -1.427000000000000100e-03
1.300000000000000000e+01 2.400000000000000000e+01 9.000000000000000000e+00 0.000000000000000000e+00 1.600000000000000089e+00 -2.262000000000000122e-03 2.015399999999999830e-02 -9.997939999999999605e-01 4.489130000000000065e-01 8.934140000000000414e-01 1.699399999999999869e-02 8.935720000000000329e-01 -4.487829999999999875e-01 -1.106799999999999971e-02
2.100000000000000000e+01 2.400000000000000000e+01 9.000000000000000000e+00 0.000000000000000000e+00 1.600000000000000089e+00 2.112000000000000162e-03 5.368999999999999641e-03 -9.999829999999999552e-01 4.462470000000000048e-01 8.948909999999999920e-01 5.747000000000000372e-03 8.949070000000000080e-01 -4.462519999999999820e-01 -5.060000000000000478e-04
2.800000000000000000e+01 2.400000000000000000e+01 9.000000000000000000e+00 0.000000000000000000e+00 1.600000000000000089e+00 8.130000000000000291e-04 3.543000000000000142e-03 -9.999930000000000208e-01 4.437749999999999750e-01 8.961310000000000109e-01 3.536000000000000081e-03 8.961379999999999901e-01 -4.437749999999999750e-01 -8.440000000000000236e-04
9.000000000000000000e+00 3.500000000000000000e+01 1.200000000000000000e+01 0.000000000000000000e+00 1.600000000000000089e+00 1.389999999999999905e-04 -1.085999999999999943e-03 -9.999989999999999712e-01 4.042959999999999887e-01 -9.146269999999999678e-01 1.049000000000000019e-03 -9.146279999999999966e-01 -4.042959999999999887e-01 3.119999999999999944e-04
1.500000000000000000e+01 3.500000000000000000e+01 1.200000000000000000e+01 0.000000000000000000e+00 1.600000000000000089e+00 1.075999999999999917e-03 4.913999999999999965e-03 -9.999869999999999592e-01 4.029269999999999796e-01 -9.152230000000000087e-01 -4.063999999999999904e-03 -9.152310000000000167e-01 -4.029179999999999984e-01 -2.965000000000000187e-03
1.800000000000000000e+01 3.500000000000000000e+01 1.200000000000000000e+01 0.000000000000000000e+00 1.600000000000000089e+00 -1.925999999999999978e-03 3.697000000000000199e-03 -9.999909999999999632e-01 4.109740000000000060e-01 -9.116379999999999484e-01 -4.161999999999999901e-03 -9.116450000000000387e-01 -4.109780000000000100e-01 2.369999999999999874e-04
2.300000000000000000e+01 3.500000000000000000e+01 1.200000000000000000e+01 0.000000000000000000e+00 1.600000000000000089e+00 -2.357000000000000154e-03 3.624000000000000051e-03 -9.999909999999999632e-01 4.254620000000000068e-01 -9.049660000000000482e-01 -4.283000000000000348e-03 -9.049730000000000274e-01 -4.254680000000000129e-01 5.910000000000000539e-04
2.000000000000000000e+01 3.200000000000000000e+01 1.400000000000000000e+01 0.000000000000000000e+00 1.600000000000000089e+00 5.779999999999999548e-04 9.600000000000000243e-05 -1.000000000000000000e+00 1.238439999999999958e-01 9.923020000000000174e-01 1.669999999999999935e-04 9.923009999999999886e-01 -1.238439999999999958e-01 5.619999999999999996e-04
2.700000000000000000e+01 1.200000000000000000e+01 1.600000000000000000e+01 0.000000000000000000e+00 1.600000000000000089e+00 1.528999999999999977e-03 -9.096100000000000019e-02 9.958529999999999882e-01 2.002079999999999971e-01 -9.756639999999999757e-01 -8.942400000000000349e-02 9.797519999999999563e-01 1.995149999999999979e-01 1.671999999999999875e-02
3.000000000000000000e+00 1.300000000000000000e+01 1.600000000000000000e+01 0.000000000000000000e+00 1.600000000000000089e+00 -1.540000000000000028e-04 2.968799999999999911e-02 9.995589999999999753e-01 1.084969999999999962e-01 -9.936580000000000412e-01 2.952899999999999969e-02 9.940970000000000084e-01 1.084539999999999949e-01 -3.067999999999999981e-03
1.300000000000000000e+01 1.300000000000000000e+01 1.600000000000000000e+01 0.000000000000000000e+00 1.600000000000000089e+00 2.197000000000000168e-03 -2.064300000000000163e-02 9.997840000000000060e-01 1.174930000000000002e-01 -9.928569999999999895e-01 -2.075799999999999867e-02 9.930710000000000370e-01 1.175130000000000063e-01 2.439999999999999949e-04
2.000000000000000000e+01 1.300000000000000000e+01 1.600000000000000000e+01 0.000000000000000000e+00 1.600000000000000089e+00 6.087000000000000396e-03 -5.912400000000000294e-02 9.982320000000000082e-01 1.403979999999999950e-01 -9.883119999999999683e-01 -5.939200000000000035e-02 9.900759999999999561e-01 1.405109999999999970e-01 2.285000000000000139e-03
2.700000000000000000e+01 1.160000000000000000e+02 1.600000000000000000e+01 0.000000000000000000e+00 1.600000000000000089e+00 5.145000000000000268e-03 -2.570000000000000127e-04 9.999869999999999592e-01 6.684269999999999934e-01 7.437700000000000422e-01 -3.248000000000000019e-03 -7.437599999999999767e-01 6.684350000000000014e-01 3.998999999999999951e-03
5.000000000000000000e+00 2.000000000000000000e+00 1.900000000000000000e+01 0.000000000000000000e+00 1.600000000000000089e+00 -5.394999999999999622e-03 4.818000000000000234e-03 -9.999740000000000295e-01 2.830829999999999735e-01 -9.590760000000000396e-01 -6.147999999999999819e-03 -9.590800000000000436e-01 -2.831089999999999995e-01 3.810000000000000019e-03
1.500000000000000000e+01 2.000000000000000000e+00 1.900000000000000000e+01 0.000000000000000000e+00 1.600000000000000089e+00 2.229000000000000078e-03 -9.074000000000000468e-03 -9.999559999999999560e-01 2.906859999999999999e-01 -9.567729999999999846e-01 9.329999999999999752e-03 -9.568159999999999998e-01 -2.906940000000000079e-01 5.050000000000000235e-04
2.800000000000000000e+01 2.000000000000000000e+00 1.900000000000000000e+01 0.000000000000000000e+00 1.600000000000000089e+00 1.015100000000000030e-02 -4.444399999999999740e-02 -9.989599999999999591e-01 3.276390000000000136e-01 -9.437159999999999993e-01 4.531500000000000111e-02 -9.447489999999999499e-01 -3.277579999999999938e-01 4.982000000000000317e-03
1.000000000000000000e+01 3.000000000000000000e+00 1.900000000000000000e+01 0.000000000000000000e+00 1.600000000000000089e+00 -8.600000000000000331e-05 4.809999999999999823e-04 -1.000000000000000000e+00 3.037509999999999932e-01 -9.527510000000000145e-01 -4.840000000000000010e-04 -9.527510000000000145e-01 -3.037509999999999932e-01 -6.499999999999999431e-05
1.900000000000000000e+01 3.000000000000000000e+00 1.900000000000000000e+01 0.000000000000000000e+00 1.600000000000000089e+00 8.312999999999999209e-03 -1.720500000000000154e-02 -9.998169999999999558e-01 3.233509999999999995e-01 -9.460889999999999578e-01 1.896899999999999975e-02 -9.462429999999999453e-01 -3.234500000000000153e-01 -2.301999999999999793e-03
2.400000000000000000e+01 3.000000000000000000e+00 1.900000000000000000e+01 0.000000000000000000e+00 1.600000000000000089e+00 1.106299999999999992e-02 -3.259399999999999797e-02 -9.994070000000000453e-01 3.319230000000000236e-01 -9.426780000000000159e-01 3.441799999999999721e-02 -9.432420000000000249e-01 -3.321069999999999856e-01 3.899999999999999929e-04
3.000000000000000000e+01 3.000000000000000000e+00 1.900000000000000000e+01 0.000000000000000000e+00 1.600000000000000089e+00 1.104499999999999926e-02 -4.289099999999999857e-02 -9.990189999999999904e-01 3.387209999999999943e-01 -9.398530000000000495e-01 4.409500000000000225e-02 -9.408220000000000471e-01 -3.388760000000000105e-01 4.147999999999999778e-03
1.000000000000000000e+01 4.000000000000000000e+00 2.000000000000000000e+01 0.000000000000000000e+00 1.600000000000000089e+00 6.480000000000000300e-04 2.510000000000000078e-03 -9.999970000000000248e-01 4.280329999999999968e-01 -9.037610000000000365e-01 -1.991000000000000148e-03 -9.037629999999999830e-01 -4.280300000000000216e-01 -1.660000000000000017e-03
1.300000000000000000e+01 4.000000000000000000e+00 2.000000000000000000e+01 0.000000000000000000e+00 1.600000000000000089e+00 2.622999999999999898e-03 -5.105000000000000163e-03 -9.999839999999999840e-01 4.304430000000000200e-01 -9.025999999999999579e-01 5.736999999999999912e-03 -9.026140000000000274e-01 -4.304509999999999725e-01 -1.700000000000000122e-04
1.900000000000000000e+01 4.000000000000000000e+00 2.000000000000000000e+01 0.000000000000000000e+00 1.600000000000000089e+00 7.296000000000000402e-03 -1.839199999999999863e-02 -9.998040000000000260e-01 4.357059999999999822e-01 -8.998730000000000340e-01 1.973300000000000054e-02 -9.000599999999999712e-01 -4.357650000000000134e-01 1.448000000000000068e-03
2.400000000000000000e+01 4.000000000000000000e+00 2.000000000000000000e+01 0.000000000000000000e+00 1.600000000000000089e+00 7.917999999999999691e-03 -3.369400000000000173e-02 -9.994009999999999838e-01 4.291929999999999912e-01 -9.025790000000000202e-01 3.382999999999999896e-02 -9.031780000000000364e-01 -4.292039999999999744e-01 7.315000000000000321e-03
9.000000000000000000e+00 1.300000000000000000e+01 2.000000000000000000e+01 0.000000000000000000e+00 1.600000000000000089e+00 -5.550000000000000462e-04 1.361999999999999929e-03 9.999989999999999712e-01 3.126900000000000235e-01 9.498539999999999761e-01 -1.119999999999999902e-03 -9.498550000000000049e-01 3.126889999999999947e-01 -9.529999999999999626e-04
1.500000000000000000e+01 1.300000000000000000e+01 2.000000000000000000e+01 0.000000000000000000e+00 1.600000000000000089e+00 -5.300000000000000078e-05 4.616000000000000311e-03 9.999890000000000168e-01 3.102599999999999802e-01 9.506419999999999870e-01 -4.372000000000000018e-03 -9.506520000000000525e-01 3.102570000000000050e-01 -1.482999999999999943e-03
2.000000000000000000e+01 1.300000000000000000e+01 2.000000000000000000e+01 0.000000000000000000e+00 1.600000000000000089e+00 3.350000000000000113e-04 1.115599999999999925e-02 9.999379999999999935e-01 3.051769999999999761e-01 9.522350000000000536e-01 -1.072599999999999942e-02 -9.522960000000000313e-01 3.051619999999999888e-01 -3.085000000000000069e-03
2.800000000000000000e+01 1.300000000000000000e+01 2.000000000000000000e+01 0.000000000000000000e+00 1.600000000000000089e+00 5.190000000000000169e-03 -8.656999999999999765e-03 9.999489999999999768e-01 2.782470000000000221e-01 9.604850000000000332e-01 6.871000000000000371e-03 -9.604960000000000164e-01 2.781970000000000276e-01 7.394000000000000399e-03
4.000000000000000000e+00 1.400000000000000000e+01 2.000000000000000000e+01 0.000000000000000000e+00 1.600000000000000089e+00 4.470000000000000232e-04 1.669999999999999935e-04 1.000000000000000000e+00 2.674489999999999923e-01 9.635719999999999841e-01 -2.799999999999999755e-04 -9.635719999999999841e-01 2.674489999999999923e-01 3.860000000000000041e-04
4.000000000000000000e+00 1.600000000000000000e+01 2.100000000000000000e+01 0.000000000000000000e+00 1.600000000000000089e+00 6.689999999999999983e-04 5.172000000000000382e-03 9.999860000000000415e-01 3.033000000000000140e-01 9.528809999999999780e-01 -5.131000000000000144e-03 -9.528950000000000475e-01 3.033000000000000140e-01 -9.309999999999999699e-04
9.000000000000000000e+00 1.600000000000000000e+01 2.100000000000000000e+01 0.000000000000000000e+00 1.600000000000000089e+00 -1.124999999999999915e-03 1.589999999999999888e-04 9.999989999999999712e-01 3.043219999999999814e-01 9.525689999999999991e-01 1.910000000000000077e-04 -9.525689999999999991e-01 3.043219999999999814e-01 -1.119999999999999902e-03
1.600000000000000000e+01 1.600000000000000000e+01 2.100000000000000000e+01 0.000000000000000000e+00 1.600000000000000089e+00 3.780000000000000265e-04 -2.562000000000000041e-03 9.999970000000000248e-01 3.081329999999999902e-01 9.513399999999999634e-01 2.321000000000000146e-03 -9.513430000000000497e-01 3.081309999999999882e-01 1.149000000000000065e-03
1.600000000000000000e+01 5.000000000000000000e+01 2.200000000000000000e+01 0.000000000000000000e+00 1.600000000000000089e+00 -2.098000000000000038e-03 -4.245999999999999774e-03 -9.999890000000000168e-01 -5.798240000000000061e-01 8.147389999999999910e-01 -2.243000000000000202e-03 8.147389999999999910e-01 5.798130000000000228e-01 -4.171000000000000228e-03
3.000000000000000000e+00 4.200000000000000000e+01 2.500000000000000000e+01 0.000000000000000000e+00 1.600000000000000089e+00 -2.951900000000000010e-02 -7.912420000000000009e-01 6.107909999999999728e-01 -4.056839999999999891e-01 5.679499999999999549e-01 7.161380000000000523e-01 -9.135370000000000434e-01 -2.266489999999999894e-01 -3.377589999999999759e-01
9.000000000000000000e+00 4.600000000000000000e+01 2.700000000000000000e+01 0.000000000000000000e+00 1.600000000000000089e+00 -3.444000000000000013e-03 8.589999999999999546e-04 -9.999940000000000495e-01 6.811749999999999750e-01 7.321189999999999642e-01 -1.716999999999999993e-03 7.321130000000000138e-01 -6.811760000000000037e-01 -3.106999999999999953e-03
3.000000000000000000e+01 4.600000000000000000e+01 2.700000000000000000e+01 0.000000000000000000e+00 1.600000000000000089e+00 -1.824000000000000100e-03 4.629999999999999784e-04 -9.999980000000000535e-01 6.836649999999999672e-01 7.297960000000000003e-01 -9.089999999999999773e-04 7.297940000000000538e-01 -6.836649999999999672e-01 -1.647999999999999942e-03
4.000000000000000000e+00 3.600000000000000000e+01 2.800000000000000000e+01 0.000000000000000000e+00 1.600000000000000089e+00 -4.123000000000000276e-02 -9.313609999999999944e-01 -3.617560000000000220e-01 -5.080839999999999801e-01 -2.922120000000000273e-01 8.102240000000000553e-01 -8.603199999999999736e-01 2.172080000000000122e-01 -4.611620000000000164e-01
4.000000000000000000e+00 3.900000000000000000e+01 2.900000000000000000e+01 0.000000000000000000e+00 1.600000000000000089e+00 -1.773409999999999986e-01 -9.410399999999999876e-01 2.880880000000000107e-01 5.275119999999999809e-01 -3.380170000000000119e-01 -7.794079999999999897e-01 8.308320000000000149e-01 1.374900000000000080e-02 5.563540000000000152e-01
1.300000000000000000e+01 4.600000000000000000e+01 3.000000000000000000e+01 0.000000000000000000e+00 1.600000000000000089e+00 -5.099999999999999960e-05 4.960000000000000216e-04 -1.000000000000000000e+00 3.284369999999999790e-01 9.445259999999999767e-01 4.510000000000000120e-04 9.445259999999999767e-01 -3.284369999999999790e-01 -2.110000000000000059e-04
1.800000000000000000e+01 4.600000000000000000e+01 3.000000000000000000e+01 0.000000000000000000e+00 1.600000000000000089e+00 -2.110000000000000059e-04 -1.773000000000000053e-03 -9.999980000000000535e-01 3.304469999999999907e-01 9.438229999999999675e-01 -1.742999999999999975e-03 9.438250000000000250e-01 -3.304469999999999907e-01 3.869999999999999742e-04
5.000000000000000000e+00 5.800000000000000000e+01 3.100000000000000000e+01 0.000000000000000000e+00 1.600000000000000089e+00 4.249999999999999763e-04 8.541999999999999246e-03 9.999630000000000463e-01 -8.002939999999999499e-01 -5.995840000000000058e-01 5.460999999999999709e-03 5.996080000000000298e-01 -8.002669999999999506e-01 6.581000000000000044e-03
8.000000000000000000e+00 5.800000000000000000e+01 3.100000000000000000e+01 0.000000000000000000e+00 1.600000000000000089e+00 -8.180000000000000422e-04 -3.800000000000000209e-05 1.000000000000000000e+00 -8.001150000000000206e-01 -5.998459999999999903e-01 -6.769999999999999759e-04 5.998459999999999903e-01 -8.001160000000000494e-01 4.600000000000000139e-04
1.500000000000000000e+01 5.800000000000000000e+01 3.100000000000000000e+01 0.000000000000000000e+00 1.600000000000000089e+00 -2.001000000000000174e-03 -1.794999999999999938e-03 9.999959999999999960e-01 -8.009990000000000165e-01 -5.986590000000000522e-01 -2.677000000000000126e-03 5.986620000000000275e-01 -8.010019999999999918e-01 -2.400000000000000061e-04
1.800000000000000000e+01 5.800000000000000000e+01 3.100000000000000000e+01 0.000000000000000000e+00 1.600000000000000089e+00 -1.539000000000000003e-03 -3.959999999999999762e-04 9.999989999999999712e-01 -8.017619999999999747e-01 -5.976420000000000066e-01 -1.469999999999999953e-03 5.976420000000000066e-01 -8.017630000000000035e-01 6.019999999999999961e-04
2.300000000000000000e+01 5.800000000000000000e+01 3.100000000000000000e+01 0.000000000000000000e+00 1.600000000000000089e+00 3.549000000000000071e-03 -3.570000000000000040e-04 9.999940000000000495e-01 -8.019079999999999542e-01 -5.974420000000000286e-01 2.631999999999999791e-03 5.974369999999999958e-01 -8.019119999999999582e-01 -2.406999999999999851e-03
2.900000000000000000e+01 5.800000000000000000e+01 3.100000000000000000e+01 0.000000000000000000e+00 1.600000000000000089e+00 -2.743000000000000212e-03 -6.400000000000000524e-04 9.999959999999999960e-01 -8.027260000000000506e-01 -5.963420000000000387e-01 -2.582999999999999793e-03 5.963420000000000387e-01 -8.027300000000000546e-01 1.121999999999999950e-03
3.000000000000000000e+00 2.300000000000000000e+01 3.400000000000000000e+01 0.000000000000000000e+00 1.600000000000000089e+00 6.340000000000000149e-04 5.779999999999999548e-04 1.000000000000000000e+00 4.014840000000000075e-01 -9.158659999999999579e-01 2.750000000000000166e-04 9.158659999999999579e-01 4.014840000000000075e-01 -8.130000000000000291e-04
5.000000000000000000e+00 4.600000000000000000e+01 3.500000000000000000e+01 0.000000000000000000e+00 1.600000000000000089e+00 -9.979000000000000023e-03 -7.966600000000000070e-02 -9.967719999999999914e-01 3.828139999999999876e-01 -9.211850000000000316e-01 6.979200000000000681e-02 -9.237720000000000375e-01 -3.808819999999999983e-01 3.969000000000000306e-02
1.000000000000000000e+01 4.600000000000000000e+01 3.500000000000000000e+01 0.000000000000000000e+00 1.600000000000000089e+00 3.780000000000000265e-04 5.805000000000000264e-03 -9.999829999999999552e-01 3.907809999999999895e-01 -9.204689999999999817e-01 -5.196000000000000098e-03 -9.204839999999999689e-01 -3.907720000000000082e-01 -2.615999999999999836e-03
1.400000000000000000e+01 4.600000000000000000e+01 3.500000000000000000e+01 0.000000000000000000e+00 1.600000000000000089e+00 -1.547999999999999897e-03 7.191000000000000343e-03 -9.999730000000000008e-01 3.914850000000000274e-01 -9.201559999999999739e-01 -7.224000000000000386e-03 -9.201829999999999732e-01 -3.914860000000000007e-01 -1.391000000000000092e-03
2.100000000000000000e+01 4.600000000000000000e+01 3.500000000000000000e+01 0.000000000000000000e+00 1.600000000000000089e+00 4.850000000000000253e-04 -5.115999999999999888e-03 -9.999869999999999592e-01 3.914119999999999822e-01 -9.202029999999999932e-01 4.897999999999999576e-03 -9.202150000000000052e-01 -3.914090000000000069e-01 1.556000000000000091e-03
2.700000000000000000e+01 4.600000000000000000e+01 3.500000000000000000e+01 0.000000000000000000e+00 1.600000000000000089e+00 2.534999999999999927e-03 4.091000000000000018e-03 -9.999879999999999880e-01 3.905750000000000055e-01 -9.205670000000000242e-01 -2.775999999999999822e-03 -9.205680000000000529e-01 -3.905640000000000223e-01 -3.931999999999999731e-03
6.000000000000000000e+00 3.000000000000000000e+00 4.300000000000000000e+01 0.000000000000000000e+00 1.600000000000000089e+00 -2.204999999999999929e-03 -2.501999999999999884e-03 -9.999940000000000495e-01 7.355779999999999541e-01 -6.774400000000000421e-01 7.299999999999999903e-05 -6.774369999999999559e-01 -7.355730000000000324e-01 3.334000000000000158e-03
2.500000000000000000e+01 3.000000000000000000e+00 4.300000000000000000e+01 0.000000000000000000e+00 1.600000000000000089e+00 -1.753999999999999917e-03 7.119999999999999593e-03 -9.999730000000000008e-01 7.330299999999999594e-01 -6.801679999999999948e-01 -6.128999999999999899e-03 -6.801939999999999653e-01 -7.330210000000000337e-01 -4.027000000000000197e-03
2.800000000000000000e+01 3.000000000000000000e+00 4.300000000000000000e+01 0.000000000000000000e+00 1.600000000000000089e+00 -1.147000000000000016e-03 1.409499999999999989e-02 -9.999000000000000110e-01 7.330729999999999746e-01 -6.800699999999999523e-01 -1.042700000000000050e-02 -6.801490000000000036e-01 -7.330119999999999969e-01 -9.553000000000000727e-03
7.000000000000000000e+00 2.900000000000000000e+01 4.400000000000000000e+01 0.000000000000000000e+00 1.600000000000000089e+00 6.082999999999999866e-03 9.896000000000000282e-03 -9.999329999999999607e-01 6.961129999999999818e-01 7.178430000000000089e-01 1.133900000000000012e-02 7.179069999999999618e-01 -6.961349999999999483e-01 -2.521999999999999936e-03
1.100000000000000000e+01 2.900000000000000000e+01 4.400000000000000000e+01 0.000000000000000000e+00 1.600000000000000089e+00 -7.370000000000000249e-04 4.722999999999999768e-03 -9.999890000000000168e-01 6.600030000000000063e-01 7.512569999999999526e-01 3.062000000000000052e-03 7.512630000000000141e-01 -6.599930000000000518e-01 -3.670999999999999784e-03
1.500000000000000000e+01 2.900000000000000000e+01 4.400000000000000000e+01 0.000000000000000000e+00 1.600000000000000089e+00 -1.350000000000000071e-03 2.007999999999999802e-03 -9.999970000000000248e-01 6.544870000000000410e-01 7.560729999999999951e-01 6.340000000000000149e-04 7.560719999999999663e-01 -6.544849999999999834e-01 -2.334999999999999836e-03
1.900000000000000000e+01 2.900000000000000000e+01 4.400000000000000000e+01 0.000000000000000000e+00 1.600000000000000089e+00 1.343999999999999926e-03 1.025000000000000086e-03 -9.999989999999999712e-01 6.601519999999999611e-01 7.511299999999999644e-01 1.657000000000000053e-03 7.511299999999999644e-01 -6.601540000000000186e-01 3.330000000000000169e-04
2.300000000000000000e+01 2.900000000000000000e+01 4.400000000000000000e+01 0.000000000000000000e+00 1.600000000000000089e+00 1.827000000000000065e-03 -3.144999999999999792e-03 -9.999930000000000208e-01 6.607709999999999972e-01 7.505870000000000042e-01 -1.154000000000000078e-03 7.505849999999999467e-01 -6.607650000000000468e-01 3.448999999999999809e-03
2.900000000000000000e+01 2.900000000000000000e+01 4.400000000000000000e+01 0.000000000000000000e+00 1.600000000000000089e+00 -5.220000000000000031e-04 -4.295000000000000207e-03 -9.999909999999999632e-01 6.622310000000000141e-01 7.492919999999999581e-01 -3.565000000000000027e-03 7.492999999999999661e-01 -6.622259999999999813e-01 2.452999999999999885e-03
1.000000000000000000e+01 6.500000000000000000e+01 4.600000000000000000e+01 0.000000000000000000e+00 1.600000000000000089e+00 1.572999999999999962e-03 7.669999999999999951e-04 9.999980000000000535e-01 6.806149999999999700e-01 -7.326409999999999867e-01 -5.090000000000000123e-04 7.326390000000000402e-01 6.806149999999999700e-01 -1.675000000000000057e-03
9.000000000000000000e+00 7.000000000000000000e+01 4.700000000000000000e+01 0.000000000000000000e+00 1.600000000000000089e+00 1.899999999999999996e-03 5.414999999999999675e-03 -9.999829999999999552e-01 -8.362629999999999786e-01 -5.483090000000000463e-01 -4.558000000000000419e-03 -5.483249999999999513e-01 8.362579999999999458e-01 3.485999999999999949e-03
2.000000000000000000e+00 2.900000000000000000e+01 4.800000000000000000e+01 0.000000000000000000e+00 1.600000000000000089e+00 8.319999999999999488e-04 -3.742000000000000100e-03 9.999930000000000208e-01 3.769629999999999925e-01 9.262230000000000185e-01 3.151999999999999854e-03 -9.262280000000000513e-01 3.769569999999999865e-01 2.181000000000000213e-03
7.000000000000000000e+00 2.900000000000000000e+01 4.800000000000000000e+01 0.000000000000000000e+00 1.600000000000000089e+00 -2.700999999999999842e-03 7.976999999999999716e-03 9.999639999999999640e-01 3.631199999999999983e-01 9.317199999999999926e-01 -6.452000000000000270e-03 -9.317379999999999551e-01 3.630900000000000238e-01 -5.413000000000000277e-03
2.000000000000000000e+01 7.000000000000000000e+00 5.200000000000000000e+01 0.000000000000000000e+00 1.600000000000000089e+00 -7.479000000000000405e-03 -3.870999999999999875e-03 -9.999649999999999928e-01 1.392500000000000127e-01 -9.902530000000000499e-01 2.792000000000000211e-03 -9.902290000000000258e-01 -1.392239999999999867e-01 7.945999999999999938e-03
1.100000000000000000e+01 4.500000000000000000e+01 5.300000000000000000e+01 0.000000000000000000e+00 1.600000000000000089e+00 -3.303899999999999892e-02 -4.096940000000000026e-01 9.116250000000000187e-01 6.218499999999999722e-02 9.095130000000000159e-01 4.109979999999999745e-01 -9.975180000000000158e-01 7.026799999999999713e-02 -4.572999999999999808e-03
2.000000000000000000e+00 6.300000000000000000e+01 5.400000000000000000e+01 0.000000000000000000e+00 1.600000000000000089e+00 -1.616999999999999948e-03 6.442999999999999942e-03 9.999780000000000335e-01 -3.560969999999999969e-01 9.344259999999999788e-01 -6.597000000000000433e-03 -9.344479999999999453e-01 -3.560989999999999989e-01 7.839999999999999747e-04
1.100000000000000000e+01 6.300000000000000000e+01 5.400000000000000000e+01 0.000000000000000000e+00 1.600000000000000089e+00 4.490000000000000176e-04 1.817999999999999955e-03 9.999980000000000535e-01 -3.513919999999999821e-01 9.362270000000000314e-01 -1.544999999999999932e-03 -9.362279999999999491e-01 -3.513910000000000089e-01 1.059000000000000045e-03
1.600000000000000000e+01 6.300000000000000000e+01 5.400000000000000000e+01 0.000000000000000000e+00 1.600000000000000089e+00 2.259999999999999910e-04 -9.089999999999999773e-04 1.000000000000000000e+00 -3.510510000000000019e-01 9.363559999999999661e-01 9.300000000000000541e-04 -9.363559999999999661e-01 -3.510510000000000019e-01 -1.069999999999999988e-04
2.000000000000000000e+01 6.300000000000000000e+01 5.400000000000000000e+01 0.000000000000000000e+00 1.600000000000000089e+00 1.126999999999999964e-03 3.226999999999999834e-03 9.999940000000000495e-01 -3.470980000000000176e-01 9.378250000000000197e-01 -2.635000000000000189e-03 -9.378279999999999950e-01 -3.470929999999999849e-01 2.177000000000000116e-03
2.600000000000000000e+01 6.300000000000000000e+01 5.400000000000000000e+01 0.000000000000000000e+00 1.600000000000000089e+00 -1.392000000000000008e-03 4.369999999999999970e-04 9.999989999999999712e-01 -3.503290000000000015e-01 9.366259999999999586e-01 -8.970000000000000109e-04 -9.366259999999999586e-01 -3.503299999999999748e-01 -1.150999999999999896e-03
2.100000000000000000e+01 2.500000000000000000e+01 5.500000000000000000e+01 0.000000000000000000e+00 1.600000000000000089e+00 8.769999999999999584e-04 -2.614000000000000004e-03 -9.999959999999999960e-01 -1.315299999999999976e-02 -9.999099999999999655e-01 2.602000000000000146e-03 -9.999130000000000518e-01 1.315000000000000023e-02 -9.120000000000000502e-04
2.700000000000000000e+01 2.500000000000000000e+01 5.500000000000000000e+01 0.000000000000000000e+00 1.600000000000000089e+00 1.492000000000000054e-03 -3.269000000000000204e-03 -9.999940000000000495e-01 -1.275399999999999971e-02 -9.999130000000000518e-01 3.249000000000000152e-03 -9.999179999999999735e-01 1.274899999999999992e-02 -1.533000000000000074e-03
3.000000000000000000e+00 3.000000000000000000e+01 5.500000000000000000e+01 0.000000000000000000e+00 1.600000000000000089e+00 -4.076899999999999968e-02 -9.959799999999999764e-01 -7.975999999999999757e-02 1.011660000000000059e-01 7.530100000000000682e-02 -9.920160000000000089e-01 9.940339999999999732e-01 -4.851199999999999957e-02 9.768999999999999906e-02
1.100000000000000000e+01 6.800000000000000000e+01 5.700000000000000000e+01 0.000000000000000000e+00 1.600000000000000089e+00 -3.809999999999999910e-04 -4.575000000000000074e-03 -9.999890000000000168e-01 -2.404340000000000088e-01 -9.706550000000000455e-01 4.532999999999999703e-03 -9.706650000000000000e-01 2.404330000000000078e-01 -7.299999999999999632e-04
5.000000000000000000e+00 2.100000000000000000e+01 6.000000000000000000e+01 0.000000000000000000e+00 1.600000000000000089e+00 1.630000000000000047e-04 2.726000000000000124e-03 9.999959999999999960e-01 -9.684500000000000053e-02 9.952959999999999585e-01 -2.697000000000000178e-03 -9.952990000000000448e-01 -9.684399999999999953e-02 4.260000000000000006e-04
8.000000000000000000e+00 2.100000000000000000e+01 6.000000000000000000e+01 0.000000000000000000e+00 1.600000000000000089e+00 -3.350000000000000113e-04 4.809999999999999823e-04 1.000000000000000000e+00 -9.765000000000000069e-02 9.952210000000000223e-01 -5.109999999999999525e-04 -9.952210000000000223e-01 -9.765000000000000069e-02 -2.860000000000000129e-04
1.100000000000000000e+01 2.100000000000000000e+01 6.000000000000000000e+01 0.000000000000000000e+00 1.600000000000000089e+00 -2.730000000000000222e-04 3.499999999999999964e-04 1.000000000000000000e+00 -9.581000000000000627e-02 9.953999999999999515e-01 -3.739999999999999835e-04 -9.953999999999999515e-01 -9.581000000000000627e-02 -2.380000000000000117e-04
1.900000000000000000e+01 2.100000000000000000e+01 6.000000000000000000e+01 0.000000000000000000e+00 1.600000000000000089e+00 -7.950000000000000252e-04 2.403999999999999887e-03 9.999970000000000248e-01 -9.768300000000000594e-02 9.952140000000000430e-01 -2.471000000000000106e-03 -9.952170000000000183e-01 -9.768499999999999406e-02 -5.569999999999999864e-04
5.000000000000000000e+00 4.400000000000000000e+01 6.100000000000000000e+01 0.000000000000000000e+00 1.600000000000000089e+00 -9.286969999999999947e-01 3.157760000000000011e-01 1.944420000000000037e-01 -3.593779999999999752e-01 -6.370010000000000394e-01 -6.819659999999999611e-01 -9.148900000000000088e-02 -7.032180000000000097e-01 7.050629999999999953e-01
2.300000000000000000e+01 3.000000000000000000e+00 6.300000000000000000e+01 0.000000000000000000e+00 1.600000000000000089e+00 6.369999999999999794e-04 -1.347000000000000107e-03 9.999989999999999712e-01 -6.159160000000000190e-01 7.878100000000000103e-01 1.453999999999999997e-03 -7.878110000000000390e-01 -6.159170000000000478e-01 -3.280000000000000038e-04
4.000000000000000000e+00 2.700000000000000000e+01 6.300000000000000000e+01 0.000000000000000000e+00 1.600000000000000089e+00 -7.158000000000000300e-03 -7.754600000000000382e-02 9.969630000000000436e-01 -2.643249999999999766e-01 9.616740000000000288e-01 7.290299999999999558e-02 -9.644070000000000142e-01 -2.630009999999999848e-01 -2.738099999999999909e-02
1.400000000000000000e+01 2.700000000000000000e+01 6.300000000000000000e+01 0.000000000000000000e+00 1.600000000000000089e+00 -2.358999999999999986e-03 8.350000000000000217e-04 9.999970000000000248e-01 -2.726729999999999987e-01 9.621060000000000167e-01 -1.446000000000000020e-03 -9.621039999999999592e-01 -2.726750000000000007e-01 -2.041999999999999978e-03
1.800000000000000000e+01 2.700000000000000000e+01 6.300000000000000000e+01 0.000000000000000000e+00 1.600000000000000089e+00 7.560000000000000530e-04 3.301999999999999814e-03 9.999940000000000495e-01 -2.720500000000000140e-01 9.622779999999999667e-01 -2.971999999999999816e-03 -9.622829999999999995e-01 -2.720469999999999833e-01 1.626000000000000058e-03
2.100000000000000000e+01 2.700000000000000000e+01 6.300000000000000000e+01 0.000000000000000000e+00 1.600000000000000089e+00 1.920999999999999965e-03 3.651999999999999864e-03 9.999909999999999632e-01 -2.685589999999999922e-01 9.632579999999999476e-01 -3.001999999999999894e-03 -9.632610000000000339e-01 -2.685509999999999842e-01 2.831000000000000183e-03
2.400000000000000000e+01 2.700000000000000000e+01 6.300000000000000000e+01 0.000000000000000000e+00 1.600000000000000089e+00 1.773000000000000053e-03 7.526999999999999837e-03 9.999700000000000255e-01 -2.668380000000000196e-01 9.637179999999999636e-01 -6.780999999999999701e-03 -9.637400000000000411e-01 -2.668179999999999996e-01 3.716999999999999818e-03
2.900000000000000000e+01 2.700000000000000000e+01 6.300000000000000000e+01 0.000000000000000000e+00 1.600000000000000089e+00 2.671000000000000197e-03 9.239000000000000684e-03 9.999540000000000095e-01 -2.650560000000000138e-01 9.641979999999999995e-01 -8.200000000000000691e-03 -9.642290000000000028e-01 -2.650219999999999798e-01 5.023999999999999820e-03
1.200000000000000000e+01 5.300000000000000000e+01 6.300000000000000000e+01 0.000000000000000000e+00 1.600000000000000089e+00 -1.303839999999999999e-01 7.046930000000000138e-01 6.974289999999999656e-01 4.426979999999999804e-01 -5.880389999999999784e-01 6.769260000000000277e-01 8.871409999999999574e-01 3.970110000000000028e-01 -2.352960000000000051e-01
1.000000000000000000e+01 2.600000000000000000e+01 6.400000000000000000e+01 0.000000000000000000e+00 1.600000000000000089e+00 1.938999999999999968e-03 -2.056999999999999801e-03 9.999959999999999960e-01 -3.567620000000000235e-01 9.341920000000000224e-01 2.614000000000000004e-03 -9.341930000000000511e-01 -3.567660000000000275e-01 1.077000000000000049e-03
1.500000000000000000e+01 2.600000000000000000e+01 6.400000000000000000e+01 0.000000000000000000e+00 1.600000000000000089e+00 -2.010000000000000068e-03 3.945999999999999855e-03 9.999900000000000455e-01 -3.607779999999999876e-01 9.326410000000000533e-01 -4.405000000000000061e-03 -9.326499999999999790e-01 -3.607830000000000203e-01 -4.519999999999999821e-04
2.500000000000000000e+01 2.600000000000000000e+01 6.400000000000000000e+01 0.000000000000000000e+00 1.600000000000000089e+00 1.307000000000000002e-03 7.656999999999999744e-03 9.999700000000000255e-01 -3.504289999999999905e-01 9.365649999999999809e-01 -6.713000000000000217e-03 -9.365879999999999761e-01 -3.504099999999999993e-01 3.906999999999999883e-03
2.800000000000000000e+01 2.600000000000000000e+01 6.400000000000000000e+01 0.000000000000000000e+00 1.600000000000000089e+00 2.762999999999999831e-03 9.051000000000000018e-03 9.999550000000000383e-01 -3.482680000000000220e-01 9.373650000000000038e-01 -7.523000000000000173e-03 -9.373909999999999743e-01 -3.482319999999999860e-01 5.741999999999999708e-03
2.100000000000000000e+01 5.400000000000000000e+01 6.500000000000000000e+01 0.000000000000000000e+00 1.600000000000000089e+00 -3.590110000000000245e-01 -2.913040000000000074e-01 8.867089999999999694e-01 3.239999999999999825e-02 -9.533629999999999605e-01 -3.000840000000000174e-01 9.327710000000000168e-01 -7.900400000000000478e-02 3.517060000000000186e-01
4.000000000000000000e+00 3.200000000000000000e+01 6.600000000000000000e+01 0.000000000000000000e+00 1.600000000000000089e+00 -1.295169999999999932e-01 -9.455750000000000544e-01 2.985189999999999788e-01 9.372610000000000108e-01 -2.150150000000000117e-01 -2.744280000000000053e-01 3.236780000000000213e-01 2.442469999999999919e-01 9.140979999999999661e-01
1.400000000000000000e+01 6.900000000000000000e+01 6.600000000000000000e+01 0.000000000000000000e+00 1.600000000000000089e+00 -5.090000000000000123e-04 1.879999999999999944e-03 9.999980000000000535e-01 -9.636500000000000066e-01 2.671669999999999878e-01 -9.929999999999999591e-04 -2.671689999999999898e-01 -9.636479999999999491e-01 1.675999999999999972e-03
1.800000000000000000e+01 6.900000000000000000e+01 6.600000000000000000e+01 0.000000000000000000e+00 1.600000000000000089e+00 -3.820000000000000045e-03 -5.366000000000000110e-03 9.999780000000000335e-01 -9.536109999999999864e-01 3.010349999999999970e-01 -2.027999999999999855e-03 -3.010180000000000078e-01 -9.535979999999999457e-01 -6.268000000000000134e-03
3.000000000000000000e+00 3.400000000000000000e+01 6.900000000000000000e+01 0.000000000000000000e+00 1.600000000000000089e+00 7.557289999999999841e-01 -6.490240000000000453e-01 -8.741799999999999571e-02 -6.541690000000000005e-01 -7.543879999999999475e-01 -5.443200000000000122e-02 -3.061900000000000038e-02 9.832100000000000561e-02 -9.946840000000000126e-01
