4.000000000000000000e+00 1.500000000000000000e+01 4.000000000000000000e+00 0.000000000000000000e+00 1.600000000000000089e+00 -1.776999999999999934e-03 -1.646200000000000094e-02 9.998629999999999463e-01 2.929990000000000094e-01 -9.559919999999999529e-01 -1.521899999999999989e-02 9.561110000000000442e-01 2.929320000000000257e-01 6.522000000000000020e-03
8.000000000000000000e+00 1.500000000000000000e+01 4.000000000000000000e+00 0.000000000000000000e+00 1.600000000000000089e+00 -2.255000000000000060e-03 -1.603999999999999870e-02 9.998690000000000078e-01 2.817230000000000012e-01 -9.593819999999999570e-01 -1.475500000000000075e-02 9.594930000000000403e-01 2.816529999999999867e-01 6.681999999999999572e-03
1.700000000000000000e+01 1.500000000000000000e+01 4.000000000000000000e+00 0.000000000000000000e+00 1.600000000000000089e+00 2.410999999999999949e-03 1.015999999999999976e-03 9.999970000000000248e-01 2.815739999999999910e-01 -9.595390000000000308e-01 2.959999999999999849e-04 9.595359999999999445e-01 2.815719999999999890e-01 -2.599000000000000182e-03
2.100000000000000000e+01 1.500000000000000000e+01 4.000000000000000000e+00 0.000000000000000000e+00 1.600000000000000089e+00 -9.430000000000000448e-04 2.932000000000000144e-03 9.999949999999999672e-01 2.913020000000000054e-01 -9.566259999999999764e-01 3.079000000000000140e-03 9.566310000000000091e-01 2.913029999999999786e-01 4.800000000000000122e-05
2.700000000000000000e+01 1.500000000000000000e+01 4.000000000000000000e+00 0.000000000000000000e+00 1.600000000000000089e+00 8.570000000000000144e-04 6.899999999999999667e-04 9.999989999999999712e-01 2.964260000000000228e-01 -9.550560000000000160e-01 4.040000000000000080e-04 9.550549999999999873e-01 2.964249999999999940e-01 -1.023000000000000038e-03
4.000000000000000000e+00 1.010000000000000000e+02 7.000000000000000000e+00 0.000000000000000000e+00 1.600000000000000089e+00 1.260000000000000052e-03 1.869300000000000128e-02 9.998240000000000460e-01 8.851409999999999556e-01 4.652200000000000224e-01 -9.813000000000000542e-03 -4.653220000000000134e-01 8.849979999999999514e-01 -1.595999999999999849e-02
1.700000000000000000e+01 1.010000000000000000e+02 7.000000000000000000e+00 0.000000000000000000e+00 1.600000000000000089e+00 -9.610000000000000486e-04 -6.768999999999999843e-03 9.999770000000000048e-01 8.856469999999999620e-01 4.643419999999999770e-01 3.994000000000000154e-03 -4.643579999999999930e-01 8.856300000000000283e-01 5.549000000000000113e-03
2.100000000000000000e+01 1.010000000000000000e+02 7.000000000000000000e+00 0.000000000000000000e+00 1.600000000000000089e+00 2.057999999999999934e-03 1.654000000000000088e-03 9.999959999999999960e-01 8.849759999999999849e-01 4.656299999999999883e-01 -2.592000000000000120e-03 -4.656330000000000191e-01 8.849780000000000424e-01 -5.060000000000000478e-04
2.800000000000000000e+01 1.010000000000000000e+02 7.000000000000000000e+00 0.000000000000000000e+00 1.600000000000000089e+00 2.680000000000000090e-04 1.126000000000000048e-03 9.999989999999999712e-01 8.863309999999999800e-01 4.630509999999999904e-01 -7.590000000000000175e-04 -4.630509999999999904e-01 8.863309999999999800e-01 -8.739999999999999939e-04
6.000000000000000000e+00 1.500000000000000000e+01 8.000000000000000000e+00 0.000000000000000000e+00 1.600000000000000089e+00 -2.053999999999999836e-03 -1.151699999999999946e-02 -9.999320000000000430e-01 -5.874850000000000350e-01 -8.091669999999999696e-01 1.052699999999999990e-02 -8.092329999999999801e-01 5.874660000000000437e-01 -5.104000000000000030e-03
1.500000000000000000e+01 1.500000000000000000e+01 8.000000000000000000e+00 0.000000000000000000e+00 1.600000000000000089e+00 -4.021000000000000268e-03 -6.963999999999999704e-03 -9.999679999999999680e-01 -5.900929999999999787e-01 -8.072960000000000136e-01 7.995000000000000370e-03 -8.073249999999999593e-01 5.901060000000000194e-01 -8.630000000000000518e-04
2.000000000000000000e+01 1.500000000000000000e+01 8.000000000000000000e+00 0.000000000000000000e+00 1.600000000000000089e+00 -2.168999999999999921e-03 -2.095000000000000074e-03 -9.999949999999999672e-01 -5.918299999999999672e-01 -8.060580000000000522e-01 2.972999999999999948e-03 -8.060599999999999987e-01 5.918330000000000535e-01 5.079999999999999880e-04
1.100000000000000000e+01 2.600000000000000000e+01 8.000000000000000000e+00 0.000000000000000000e+00 1.600000000000000089e+00 3.650000000000000033e-03 9.306000000000000036e-03 -9.999500000000000055e-01 4.022390000000000132e-01 9.154799999999999605e-01 9.988000000000000350e-03 9.155269999999999797e-01 -4.022549999999999737e-01 -4.020000000000000136e-04
8.000000000000000000e+00 2.400000000000000000e+01 9.000000000000000000e+00 0.000000000000000000e+00 1.600000000000000089e+00 2.409000000000000117e-03 3.867000000000000211e-03 -9.999900000000000455e-01 4.598920000000000230e-01 8.879629999999999468e-01 4.542000000000000030e-03 8.879719999999999835e-01 -4.598979999999999735e-01 3.609999999999999928e-04
1.500000000000000000e+01 2.400000000000000000e+01 9.000000000000000000e+00 0.000000000000000000e+00 1.600000000000000089e+00 2.887999999999999942e-03 5.386000000000000162e-03 -9.999810000000000088e-01 4.593979999999999730e-01 8.882100000000000550e-01 6.111000000000000112e-03 8.882259999999999600e-01 -4.594070000000000098e-01 9.100000000000000287e-05
2.000000000000000000e+01 2.400000000000000000e+01 9.000000000000000000e+00 0.000000000000000000e+00 1.600000000000000089e+00 2.488999999999999893e-03 9.589000000000000301e-03 -9.999510000000000343e-01 4.595210000000000128e-01 8.881139999999999590e-01 9.660999999999999449e-03 8.881639999999999535e-01 -4.595219999999999860e-01 -2.196000000000000035e-03
2.500000000000000000e+01 2.400000000000000000e+01 9.000000000000000000e+00 0.000000000000000000e+00 1.600000000000000089e+00 1.136000000000000074e-03 3.971999999999999836e-03 -9.999909999999999632e-01 4.596720000000000250e-01 8.880789999999999518e-01 4.048999999999999648e-03 8.880879999999999885e-01 -4.596729999999999983e-01 -8.170000000000000179e-04
3.000000000000000000e+00 4.000000000000000000e+00 1.100000000000000000e+01 0.000000000000000000e+00 1.600000000000000089e+00 -2.139999999999999975e-04 -3.151999999999999854e-03 -9.999949999999999672e-01 2.190280000000000005e-01 9.757130000000000525e-01 -3.122000000000000209e-03 9.757179999999999742e-01 -2.190280000000000005e-01 4.809999999999999823e-04
2.300000000000000000e+01 4.000000000000000000e+00 1.100000000000000000e+01 0.000000000000000000e+00 1.600000000000000089e+00 2.004000000000000139e-03 1.472599999999999951e-02 -9.998899999999999455e-01 2.084799999999999986e-01 9.779139999999999500e-01 1.481999999999999984e-02 9.780250000000000332e-01 -2.084860000000000047e-01 -1.110000000000000092e-03
2.700000000000000000e+01 4.000000000000000000e+00 1.100000000000000000e+01 0.000000000000000000e+00 1.600000000000000089e+00 3.186000000000000030e-03 1.959299999999999931e-02 -9.998029999999999973e-01 2.028339999999999865e-01 9.790119999999999933e-01 1.983199999999999893e-02 9.792079999999999673e-01 -2.028570000000000095e-01 -8.549999999999999658e-04
2.000000000000000000e+00 3.100000000000000000e+01 1.200000000000000000e+01 0.000000000000000000e+00 1.600000000000000089e+00 -1.397000000000000021e-03 -5.140000000000000254e-04 9.999989999999999712e-01 -2.203000000000000097e-02 9.997570000000000068e-01 4.829999999999999767e-04 -9.997559999999999780e-01 -2.202899999999999997e-02 -1.407999999999999963e-03
1.200000000000000000e+01 3.100000000000000000e+01 1.200000000000000000e+01 0.000000000000000000e+00 1.600000000000000089e+00 -1.585000000000000037e-03 1.441999999999999922e-03 9.999980000000000535e-01 -2.453500000000000125e-02 9.996979999999999755e-01 -1.480999999999999895e-03 -9.996979999999999755e-01 -2.453800000000000078e-02 -1.549999999999999946e-03
1.700000000000000000e+01 3.100000000000000000e+01 1.200000000000000000e+01 0.000000000000000000e+00 1.600000000000000089e+00 -9.150000000000000147e-04 1.381999999999999982e-03 9.999989999999999712e-01 -2.145899999999999891e-02 9.997690000000000188e-01 -1.400999999999999902e-03 -9.997690000000000188e-01 -2.145999999999999991e-02 -8.850000000000000444e-04
2.400000000000000000e+01 3.100000000000000000e+01 1.200000000000000000e+01 0.000000000000000000e+00 1.600000000000000089e+00 -2.519999999999999996e-04 5.439999999999999957e-04 1.000000000000000000e+00 -1.643199999999999869e-02 9.998650000000000038e-01 -5.479999999999999845e-04 -9.998650000000000038e-01 -1.643199999999999869e-02 -2.429999999999999977e-04
2.800000000000000000e+01 3.100000000000000000e+01 1.200000000000000000e+01 0.000000000000000000e+00 1.600000000000000089e+00 1.749999999999999982e-04 4.190000000000000148e-03 9.999909999999999632e-01 -1.687299999999999911e-02 9.998489999999999878e-01 -4.186999999999999750e-03 -9.998580000000000245e-01 -1.687200000000000158e-02 2.460000000000000164e-04
6.000000000000000000e+00 3.200000000000000000e+01 1.400000000000000000e+01 0.000000000000000000e+00 1.600000000000000089e+00 1.140000000000000063e-04 -4.172000000000000361e-03 -9.999909999999999632e-01 1.177050000000000041e-01 9.930400000000000338e-01 -4.129999999999999991e-03 9.930489999999999595e-01 -1.177040000000000031e-01 6.040000000000000447e-04
9.000000000000000000e+00 3.200000000000000000e+01 1.400000000000000000e+01 0.000000000000000000e+00 1.600000000000000089e+00 2.775999999999999822e-03 -2.062000000000000031e-03 -9.999940000000000495e-01 1.190620000000000012e-01 9.928850000000000176e-01 -1.716999999999999993e-03 9.928829999999999600e-01 -1.190569999999999962e-01 3.001999999999999894e-03
6.000000000000000000e+00 1.200000000000000000e+01 1.500000000000000000e+01 0.000000000000000000e+00 1.600000000000000089e+00 3.879999999999999985e-04 -4.609999999999999840e-04 -1.000000000000000000e+00 -4.714309999999999889e-01 -8.819029999999999925e-01 2.239999999999999966e-04 -8.819029999999999925e-01 4.714309999999999889e-01 -5.590000000000000351e-04
9.000000000000000000e+00 1.200000000000000000e+01 1.500000000000000000e+01 0.000000000000000000e+00 1.600000000000000089e+00 -1.052999999999999900e-03 -5.300000000000000078e-05 -9.999989999999999712e-01 -4.724439999999999751e-01 -8.813609999999999500e-01 5.439999999999999957e-04 -8.813600000000000323e-01 4.724439999999999751e-01 9.030000000000000483e-04
1.500000000000000000e+01 1.200000000000000000e+01 1.500000000000000000e+01 0.000000000000000000e+00 1.600000000000000089e+00 -2.080999999999999951e-03 -1.337999999999999997e-03 -9.999970000000000248e-01 -4.736799999999999899e-01 -8.806950000000000056e-01 2.164000000000000125e-03 -8.806950000000000056e-01 4.736830000000000207e-01 1.198999999999999979e-03
1.900000000000000000e+01 1.200000000000000000e+01 1.500000000000000000e+01 0.000000000000000000e+00 1.600000000000000089e+00 -2.290000000000000098e-04 3.190000000000000019e-04 -1.000000000000000000e+00 -4.741969999999999796e-01 -8.804189999999999516e-01 -1.730000000000000038e-04 -8.804189999999999516e-01 4.741969999999999796e-01 3.530000000000000152e-04
1.500000000000000000e+01 1.100000000000000000e+01 1.600000000000000000e+01 0.000000000000000000e+00 1.600000000000000089e+00 -1.600999999999999993e-03 -1.842000000000000104e-03 -9.999970000000000248e-01 -4.216550000000000020e-01 -9.067530000000000312e-01 2.344999999999999862e-03 -9.067549999999999777e-01 4.216579999999999773e-01 6.750000000000000357e-04
3.000000000000000000e+00 1.160000000000000000e+02 1.600000000000000000e+01 0.000000000000000000e+00 1.600000000000000089e+00 4.490000000000000176e-04 -5.667000000000000162e-03 9.999839999999999840e-01 6.698520000000000030e-01 7.424840000000000328e-01 3.906999999999999883e-03 -7.424939999999999873e-01 6.698399999999999910e-01 4.128999999999999858e-03
1.300000000000000000e+01 1.160000000000000000e+02 1.600000000000000000e+01 0.000000000000000000e+00 1.600000000000000089e+00 -2.011000000000000201e-03 4.029999999999999837e-04 9.999980000000000535e-01 6.704510000000000192e-01 7.419529999999999736e-01 1.049999999999999935e-03 -7.419510000000000272e-01 6.704520000000000479e-01 -1.761999999999999894e-03
2.000000000000000000e+01 1.160000000000000000e+02 1.600000000000000000e+01 0.000000000000000000e+00 1.600000000000000089e+00 1.048000000000000103e-03 1.814000000000000074e-03 9.999980000000000535e-01 6.910680000000000156e-01 7.227869999999999573e-01 -2.034999999999999917e-03 -7.227890000000000148e-01 6.910690000000000444e-01 -4.960000000000000216e-04
2.800000000000000000e+01 1.160000000000000000e+02 1.600000000000000000e+01 0.000000000000000000e+00 1.600000000000000089e+00 -1.750000000000000036e-03 -1.740999999999999926e-03 9.999970000000000248e-01 6.718709999999999960e-01 7.406639999999999890e-01 2.465000000000000177e-03 -7.406660000000000466e-01 6.718739999999999712e-01 -1.259999999999999998e-04
8.000000000000000000e+00 2.000000000000000000e+00 1.900000000000000000e+01 0.000000000000000000e+00 1.600000000000000089e+00 -1.259999999999999998e-04 -1.776999999999999934e-03 -9.999980000000000535e-01 2.109580000000000066e-01 -9.774939999999999740e-01 1.711000000000000064e-03 -9.774950000000000028e-01 -2.109580000000000066e-01 4.979999999999999618e-04
1.200000000000000000e+01 2.000000000000000000e+00 1.900000000000000000e+01 0.000000000000000000e+00 1.600000000000000089e+00 4.949999999999999973e-04 -4.993000000000000042e-03 -9.999869999999999592e-01 2.152030000000000054e-01 -9.765570000000000084e-01 4.982999999999999582e-03 -9.765690000000000204e-01 -2.152030000000000054e-01 5.910000000000000539e-04
1.600000000000000000e+01 2.000000000000000000e+00 1.900000000000000000e+01 0.000000000000000000e+00 1.600000000000000089e+00 7.680000000000000195e-04 -1.375600000000000087e-02 -9.999050000000000438e-01 2.197929999999999884e-01 -9.754519999999999857e-01 1.358900000000000038e-02 -9.755460000000000242e-01 -2.197830000000000061e-01 2.275000000000000112e-03
1.900000000000000000e+01 2.000000000000000000e+00 1.900000000000000000e+01 0.000000000000000000e+00 1.600000000000000089e+00 -8.090000000000000403e-04 -1.002800000000000046e-02 -9.999489999999999768e-01 2.207679999999999920e-01 -9.752790000000000070e-01 9.601999999999999424e-03 -9.753260000000000263e-01 -2.207490000000000008e-01 3.003000000000000027e-03
2.900000000000000000e+01 2.000000000000000000e+00 1.900000000000000000e+01 0.000000000000000000e+00 1.600000000000000089e+00 7.702999999999999778e-03 -1.552999999999999910e-03 -9.999689999999999968e-01 2.161869999999999903e-01 -9.763469999999999649e-01 3.181999999999999933e-03 -9.763220000000000232e-01 -2.162050000000000083e-01 -7.185000000000000414e-03
2.000000000000000000e+00 1.300000000000000000e+01 2.000000000000000000e+01 0.000000000000000000e+00 1.600000000000000089e+00 -2.441000000000000027e-03 -3.684000000000000209e-03 9.999900000000000455e-01 2.576919999999999766e-01 9.662180000000000213e-01 4.189000000000000015e-03 -9.662239999999999718e-01 2.576999999999999846e-01 -1.409000000000000096e-03
9.000000000000000000e+00 1.300000000000000000e+01 2.000000000000000000e+01 0.000000000000000000e+00 1.600000000000000089e+00 7.700000000000000139e-05 1.540000000000000028e-04 1.000000000000000000e+00 2.591040000000000010e-01 9.658489999999999576e-01 -1.689999999999999879e-04 -9.658489999999999576e-01 2.591040000000000010e-01 3.499999999999999693e-05
1.300000000000000000e+01 1.300000000000000000e+01 2.000000000000000000e+01 0.000000000000000000e+00 1.600000000000000089e+00 -8.769999999999999584e-04 2.811999999999999830e-03 9.999959999999999960e-01 2.608880000000000088e-01 9.653659999999999464e-01 -2.485999999999999929e-03 -9.653690000000000326e-01 2.608849999999999780e-01 -1.580000000000000024e-03
1.700000000000000000e+01 1.300000000000000000e+01 2.000000000000000000e+01 0.000000000000000000e+00 1.600000000000000089e+00 -6.489999999999999459e-04 2.207999999999999893e-03 9.999970000000000248e-01 2.607679999999999998e-01 9.653990000000000071e-01 -1.962000000000000202e-03 -9.654009999999999536e-01 2.607659999999999978e-01 -1.201999999999999943e-03
2.000000000000000000e+01 1.300000000000000000e+01 2.000000000000000000e+01 0.000000000000000000e+00 1.600000000000000089e+00 -3.190000000000000019e-04 1.348999999999999939e-03 9.999989999999999712e-01 2.606220000000000203e-01 9.654399999999999649e-01 -1.219000000000000031e-03 -9.654409999999999936e-01 2.606209999999999916e-01 -6.599999999999999964e-04
2.900000000000000000e+01 1.300000000000000000e+01 2.000000000000000000e+01 0.000000000000000000e+00 1.600000000000000089e+00 8.509999999999999769e-04 4.867999999999999931e-03 9.999879999999999880e-01 2.618039999999999812e-01 9.651079999999999659e-01 -4.921000000000000027e-03 -9.651210000000000067e-01 2.618050000000000099e-01 -4.530000000000000064e-04
6.000000000000000000e+00 1.600000000000000000e+01 2.100000000000000000e+01 0.000000000000000000e+00 1.600000000000000089e+00 -6.629999999999999609e-04 -2.719000000000000063e-03 9.999959999999999960e-01 3.016969999999999930e-01 9.534000000000000252e-01 2.792000000000000211e-03 -9.534040000000000292e-01 3.016980000000000217e-01 1.879999999999999890e-04
1.700000000000000000e+01 1.600000000000000000e+01 2.100000000000000000e+01 0.000000000000000000e+00 1.600000000000000089e+00 -1.131000000000000061e-03 1.302999999999999905e-03 9.999989999999999712e-01 3.021209999999999729e-01 9.532690000000000330e-01 -8.999999999999999754e-04 -9.532690000000000330e-01 3.021199999999999997e-01 -1.472000000000000001e-03
2.300000000000000000e+01 1.600000000000000000e+01 2.100000000000000000e+01 0.000000000000000000e+00 1.600000000000000089e+00 3.959999999999999762e-04 3.379000000000000059e-03 9.999940000000000495e-01 3.023680000000000256e-01 9.531849999999999490e-01 -3.340000000000000087e-03 -9.531910000000000105e-01 3.023680000000000256e-01 -6.440000000000000412e-04
2.900000000000000000e+01 1.600000000000000000e+01 2.100000000000000000e+01 0.000000000000000000e+00 1.600000000000000089e+00 9.650000000000000374e-04 5.393000000000000224e-03 9.999850000000000128e-01 2.997870000000000257e-01 9.539910000000000334e-01 -5.433999999999999594e-03 -9.540060000000000207e-01 2.997879999999999989e-01 -6.960000000000000041e-04
9.000000000000000000e+00 4.600000000000000000e+01 2.700000000000000000e+01 0.000000000000000000e+00 1.600000000000000089e+00 1.440000000000000091e-03 2.762999999999999831e-03 -9.999949999999999672e-01 6.618779999999999664e-01 7.496059999999999945e-01 3.024999999999999911e-03 7.496099999999999985e-01 -6.618789999999999951e-01 -7.489999999999999913e-04
1.600000000000000000e+01 4.600000000000000000e+01 2.700000000000000000e+01 0.000000000000000000e+00 1.600000000000000089e+00 -4.028999999999999596e-03 -3.122999999999999908e-03 -9.999869999999999592e-01 6.592149999999999954e-01 7.519379999999999953e-01 -5.003999999999999768e-03 7.519439999999999458e-01 -6.592259999999999787e-01 -9.700000000000000505e-04
2.100000000000000000e+01 4.600000000000000000e+01 2.700000000000000000e+01 0.000000000000000000e+00 1.600000000000000089e+00 6.960000000000000041e-04 1.479000000000000063e-03 -9.999989999999999712e-01 6.579239999999999533e-01 7.530829999999999469e-01 1.572000000000000047e-03 7.530839999999999756e-01 -6.579239999999999533e-01 -4.490000000000000176e-04
1.000000000000000000e+01 4.600000000000000000e+01 3.000000000000000000e+01 0.000000000000000000e+00 1.600000000000000089e+00 9.470000000000000336e-04 1.015000000000000060e-03 -9.999989999999999712e-01 3.218230000000000257e-01 9.467989999999999462e-01 1.265999999999999981e-03 9.467989999999999462e-01 -3.218239999999999990e-01 5.689999999999999529e-04
1.400000000000000000e+01 4.600000000000000000e+01 3.000000000000000000e+01 0.000000000000000000e+00 1.600000000000000089e+00 -1.311000000000000099e-03 -3.648999999999999900e-03 -9.999919999999999920e-01 3.179890000000000216e-01 9.480870000000000131e-01 -3.876000000000000105e-03 9.480939999999999923e-01 -3.179910000000000236e-01 -8.299999999999999815e-05
2.000000000000000000e+01 4.600000000000000000e+01 3.000000000000000000e+01 0.000000000000000000e+00 1.600000000000000089e+00 -1.920000000000000049e-04 8.170000000000000179e-04 -1.000000000000000000e+00 3.187860000000000138e-01 9.478269999999999751e-01 7.129999999999999836e-04 9.478269999999999751e-01 -3.187849999999999850e-01 -4.420000000000000101e-04
2.400000000000000000e+01 4.600000000000000000e+01 3.000000000000000000e+01 0.000000000000000000e+00 1.600000000000000089e+00 1.348999999999999939e-03 -1.640000000000000019e-04 -9.999989999999999712e-01 3.239560000000000217e-01 9.460720000000000240e-01 2.820000000000000241e-04 9.460709999999999953e-01 -3.239560000000000217e-01 1.329000000000000103e-03
4.000000000000000000e+00 5.800000000000000000e+01 3.100000000000000000e+01 0.000000000000000000e+00 1.600000000000000089e+00 -2.308999999999999855e-03 -6.575000000000000115e-03 9.999759999999999760e-01 -7.743389999999999995e-01 -6.327420000000000266e-01 -5.949000000000000295e-03 6.327660000000000506e-01 -7.743339999999999668e-01 -3.629999999999999980e-03
8.000000000000000000e+00 5.800000000000000000e+01 3.100000000000000000e+01 0.000000000000000000e+00 1.600000000000000089e+00 2.054999999999999969e-03 -4.299999999999999894e-04 9.999980000000000535e-01 -7.767730000000000468e-01 -6.297789999999999777e-01 1.325000000000000006e-03 6.297770000000000312e-01 -7.767739999999999645e-01 -1.628000000000000107e-03
1.600000000000000000e+01 5.800000000000000000e+01 3.100000000000000000e+01 0.000000000000000000e+00 1.600000000000000089e+00 -1.348999999999999939e-03 -2.106999999999999932e-03 9.999970000000000248e-01 -7.791529999999999845e-01 -6.268289999999999695e-01 -2.371999999999999977e-03 6.268319999999999448e-01 -7.791540000000000132e-01 -7.960000000000000495e-04
2.200000000000000000e+01 5.800000000000000000e+01 3.100000000000000000e+01 0.000000000000000000e+00 1.600000000000000089e+00 -2.174000000000000151e-03 -2.122999999999999887e-03 9.999949999999999672e-01 -7.793029999999999680e-01 -6.266399999999999748e-01 -3.024999999999999911e-03 6.266429999999999501e-01 -7.793060000000000542e-01 -2.919999999999999961e-04
2.400000000000000000e+01 5.800000000000000000e+01 3.100000000000000000e+01 0.000000000000000000e+00 1.600000000000000089e+00 -1.213000000000000102e-03 -1.853999999999999962e-03 9.999980000000000535e-01 -7.808709999999999818e-01 -6.246890000000000498e-01 -2.105000000000000100e-03 6.246909999999999963e-01 -7.808720000000000105e-01 -6.899999999999999667e-04
3.000000000000000000e+00 4.600000000000000000e+01 3.500000000000000000e+01 0.000000000000000000e+00 1.600000000000000089e+00 3.710000000000000190e-04 -1.994000000000000113e-03 -9.999980000000000535e-01 3.836519999999999930e-01 -9.234750000000000458e-01 1.984000000000000086e-03 -9.234780000000000211e-01 -3.836519999999999930e-01 4.220000000000000118e-04
7.000000000000000000e+00 4.600000000000000000e+01 3.500000000000000000e+01 0.000000000000000000e+00 1.600000000000000089e+00 -5.599999999999999916e-05 -3.830000000000000071e-03 -9.999930000000000208e-01 3.853809999999999736e-01 -9.227509999999999879e-01 3.511999999999999931e-03 -9.227579999999999671e-01 -3.853779999999999983e-01 1.528000000000000061e-03
1.100000000000000000e+01 4.600000000000000000e+01 3.500000000000000000e+01 0.000000000000000000e+00 1.600000000000000089e+00 3.899999999999999929e-04 -5.768999999999999823e-03 -9.999829999999999552e-01 3.854779999999999873e-01 -9.227009999999999934e-01 5.473999999999999699e-03 -9.227170000000000094e-01 -3.854730000000000101e-01 1.863999999999999988e-03
1.400000000000000000e+01 4.600000000000000000e+01 3.500000000000000000e+01 0.000000000000000000e+00 1.600000000000000089e+00 7.700000000000000139e-05 -1.177000000000000095e-03 -9.999989999999999712e-01 3.851010000000000266e-01 -9.228739999999999721e-01 1.116000000000000021e-03 -9.228750000000000009e-01 -3.851010000000000266e-01 3.820000000000000153e-04
2.000000000000000000e+01 4.600000000000000000e+01 3.500000000000000000e+01 0.000000000000000000e+00 1.600000000000000089e+00 -1.610000000000000103e-04 -1.589999999999999888e-04 -1.000000000000000000e+00 3.858969999999999900e-01 -9.225419999999999732e-01 8.500000000000000611e-05 -9.225419999999999732e-01 -3.858969999999999900e-01 2.100000000000000087e-04
2.400000000000000000e+01 4.600000000000000000e+01 3.500000000000000000e+01 0.000000000000000000e+00 1.600000000000000089e+00 -1.652999999999999955e-03 6.139999999999999625e-04 -9.999980000000000535e-01 3.853079999999999838e-01 -9.227870000000000239e-01 -1.203999999999999992e-03 -9.227870000000000239e-01 -3.853090000000000126e-01 1.288999999999999998e-03
2.900000000000000000e+01 4.600000000000000000e+01 3.500000000000000000e+01 0.000000000000000000e+00 1.600000000000000089e+00 -3.011999999999999920e-03 7.919000000000000691e-03 -9.999639999999999640e-01 3.859279999999999933e-01 -9.224900000000000322e-01 -8.467999999999999833e-03 -9.225240000000000107e-01 -3.859400000000000053e-01 -2.779999999999999811e-04
4.000000000000000000e+00 9.500000000000000000e+01 3.600000000000000000e+01 0.000000000000000000e+00 1.600000000000000089e+00 -6.774999999999999772e-03 -1.582599999999999979e-02 9.998519999999999630e-01 9.972370000000000401e-01 7.385799999999999310e-02 7.926000000000000753e-03 -7.397199999999999609e-02 9.971430000000000016e-01 1.528200000000000044e-02
9.000000000000000000e+00 9.500000000000000000e+01 3.600000000000000000e+01 0.000000000000000000e+00 1.600000000000000089e+00 3.580999999999999982e-03 1.494999999999999975e-02 9.998820000000000485e-01 9.975180000000000158e-01 7.026499999999999413e-02 -4.623000000000000373e-03 -7.032499999999999862e-02 9.974159999999999693e-01 -1.466100000000000042e-02
1.400000000000000000e+01 9.500000000000000000e+01 3.600000000000000000e+01 0.000000000000000000e+00 1.600000000000000089e+00 -1.810000000000000085e-04 -1.069999999999999988e-03 9.999989999999999712e-01 9.975950000000000095e-01 6.930899999999999561e-02 2.539999999999999940e-04 -6.930899999999999561e-02 9.975950000000000095e-01 1.054999999999999948e-03
1.900000000000000000e+01 9.500000000000000000e+01 3.600000000000000000e+01 0.000000000000000000e+00 1.600000000000000089e+00 3.148000000000000190e-03 -1.822800000000000115e-02 9.998289999999999678e-01 9.973940000000000028e-01 7.212999999999999967e-02 -1.825000000000000016e-03 -7.208399999999999530e-02 9.972290000000000321e-01 1.840800000000000075e-02
2.400000000000000000e+01 9.500000000000000000e+01 3.600000000000000000e+01 0.000000000000000000e+00 1.600000000000000089e+00 3.488000000000000215e-03 2.299999999999999961e-03 9.999909999999999632e-01 9.968000000000000194e-01 7.985399999999999443e-02 -3.661000000000000192e-03 -7.986200000000000243e-02 9.968040000000000234e-01 -2.014000000000000165e-03
2.900000000000000000e+01 9.500000000000000000e+01 3.600000000000000000e+01 0.000000000000000000e+00 1.600000000000000089e+00 1.667000000000000079e-03 -1.036199999999999968e-02 9.999449999999999728e-01 9.964420000000000499e-01 8.428099999999999481e-02 -7.879999999999999635e-04 -8.426799999999999569e-02 9.963880000000000514e-01 1.046599999999999961e-02
2.000000000000000000e+00 3.000000000000000000e+00 4.300000000000000000e+01 0.000000000000000000e+00 1.600000000000000089e+00 9.169999999999999549e-04 6.909999999999999910e-04 -9.999989999999999712e-01 7.400600000000000511e-01 -6.725410000000000554e-01 2.139999999999999975e-04 -6.725410000000000554e-01 -7.400590000000000224e-01 -1.128000000000000096e-03
6.000000000000000000e+00 3.000000000000000000e+00 4.300000000000000000e+01 0.000000000000000000e+00 1.600000000000000089e+00 -2.900000000000000017e-04 2.400000000000000061e-04 -1.000000000000000000e+00 7.367369999999999752e-01 -6.761789999999999745e-01 -3.759999999999999779e-04 -6.761789999999999745e-01 -7.367369999999999752e-01 2.000000000000000164e-05
9.000000000000000000e+00 3.000000000000000000e+00 4.300000000000000000e+01 0.000000000000000000e+00 1.600000000000000089e+00 -2.066999999999999827e-03 -4.553999999999999888e-03 -9.999869999999999592e-01 7.346960000000000157e-01 -6.783940000000000525e-01 1.570999999999999914e-03 -6.783930000000000238e-01 -7.346840000000000037e-01 4.747999999999999617e-03
1.400000000000000000e+01 3.000000000000000000e+00 4.300000000000000000e+01 0.000000000000000000e+00 1.600000000000000089e+00 -1.570999999999999914e-03 -1.131199999999999914e-02 -9.999350000000000183e-01 7.378900000000000459e-01 -6.748899999999999899e-01 6.475999999999999986e-03 -6.749190000000000467e-01 -7.378310000000000146e-01 9.407000000000000431e-03
1.600000000000000000e+01 3.000000000000000000e+00 4.300000000000000000e+01 0.000000000000000000e+00 1.600000000000000089e+00 -2.618999999999999800e-03 -2.087599999999999872e-02 -9.997789999999999733e-01 7.388719999999999732e-01 -6.737370000000000303e-01 1.213200000000000042e-02 -6.738410000000000233e-01 -7.386770000000000280e-01 1.718899999999999942e-02
2.300000000000000000e+01 3.000000000000000000e+00 4.300000000000000000e+01 0.000000000000000000e+00 1.600000000000000089e+00 -1.768999999999999956e-03 -7.435999999999999902e-03 -9.999710000000000543e-01 7.416559999999999819e-01 -6.707710000000000061e-01 3.676000000000000014e-03 -6.707790000000000141e-01 -7.416270000000000362e-01 6.701000000000000359e-03
2.700000000000000000e+01 3.000000000000000000e+00 4.300000000000000000e+01 0.000000000000000000e+00 1.600000000000000089e+00 1.090000000000000067e-04 1.114599999999999966e-02 -9.999379999999999935e-01 7.411929999999999907e-01 -6.712510000000000421e-01 -7.400999999999999593e-03 -6.712919999999999998e-01 -7.411459999999999715e-01 -8.333999999999999395e-03
2.000000000000000000e+00 8.000000000000000000e+00 4.400000000000000000e+01 0.000000000000000000e+00 1.600000000000000089e+00 4.003999999999999747e-03 1.020899999999999933e-02 9.999400000000000510e-01 -7.794600000000000417e-01 -6.263800000000000479e-01 9.516999999999999418e-03 6.264389999999999681e-01 -7.794510000000000050e-01 5.449999999999999983e-03
1.600000000000000000e+01 8.000000000000000000e+00 4.400000000000000000e+01 0.000000000000000000e+00 1.600000000000000089e+00 -3.288999999999999823e-03 -7.362999999999999753e-03 9.999670000000000503e-01 -7.757399999999999851e-01 -6.310109999999999886e-01 -7.198000000000000405e-03 6.310440000000000493e-01 -7.757389999999999564e-01 -3.637000000000000042e-03
7.000000000000000000e+00 2.900000000000000000e+01 4.400000000000000000e+01 0.000000000000000000e+00 1.600000000000000089e+00 -1.685999999999999999e-03 -2.779999999999999811e-04 -9.999989999999999712e-01 6.753759999999999764e-01 7.374720000000000164e-01 -1.343999999999999926e-03 7.374720000000000164e-01 -6.753770000000000051e-01 -1.056000000000000081e-03
1.100000000000000000e+01 2.900000000000000000e+01 4.400000000000000000e+01 0.000000000000000000e+00 1.600000000000000089e+00 -2.367999999999999879e-03 -2.151000000000000134e-03 -9.999949999999999672e-01 6.795269999999999921e-01 7.336430000000000451e-01 -3.187000000000000163e-03 7.336460000000000203e-01 -6.795309999999999961e-01 -2.759999999999999867e-04
2.000000000000000000e+01 2.900000000000000000e+01 4.400000000000000000e+01 0.000000000000000000e+00 1.600000000000000089e+00 -3.327999999999999795e-03 1.026999999999999918e-03 -9.999940000000000495e-01 6.648140000000000160e-01 7.470069999999999766e-01 -1.445000000000000104e-03 7.470010000000000261e-01 -6.648150000000000448e-01 -3.168999999999999942e-03
1.300000000000000000e+01 5.400000000000000000e+01 4.600000000000000000e+01 0.000000000000000000e+00 1.600000000000000089e+00 -5.159999999999999656e-04 -3.628999999999999847e-03 9.999930000000000208e-01 3.289139999999999842e-01 -9.443540000000000267e-01 -3.256999999999999913e-03 9.443599999999999772e-01 3.289099999999999802e-01 1.680999999999999986e-03
1.000000000000000000e+01 7.400000000000000000e+01 4.900000000000000000e+01 0.000000000000000000e+00 1.600000000000000089e+00 -3.154000000000000119e-03 -3.240000000000000150e-04 9.999949999999999672e-01 -9.798940000000000428e-01 1.994970000000000077e-01 -3.026000000000000044e-03 -1.994950000000000057e-01 -9.798980000000000468e-01 -9.470000000000000336e-04
1.000000000000000000e+00 6.300000000000000000e+01 5.400000000000000000e+01 0.000000000000000000e+00 1.600000000000000089e+00 1.252999999999999991e-03 -2.573999999999999899e-03 9.999959999999999960e-01 -3.529590000000000227e-01 9.356349999999999945e-01 2.850999999999999802e-03 -9.356379999999999697e-01 -3.529610000000000247e-01 2.629999999999999959e-04
6.000000000000000000e+00 6.300000000000000000e+01 5.400000000000000000e+01 0.000000000000000000e+00 1.600000000000000089e+00 -5.509999999999999490e-04 -2.533000000000000095e-03 9.999970000000000248e-01 -3.579089999999999772e-01 9.337539999999999729e-01 2.167999999999999788e-03 -9.337560000000000304e-01 -3.579069999999999752e-01 -1.422000000000000087e-03
1.400000000000000000e+01 6.300000000000000000e+01 5.400000000000000000e+01 0.000000000000000000e+00 1.600000000000000089e+00 1.179999999999999951e-04 2.644000000000000083e-03 9.999959999999999960e-01 -3.524089999999999723e-01 9.358429999999999804e-01 -2.432999999999999833e-03 -9.358459999999999557e-01 -3.524070000000000258e-01 1.041999999999999958e-03
1.800000000000000000e+01 6.300000000000000000e+01 5.400000000000000000e+01 0.000000000000000000e+00 1.600000000000000089e+00 -1.572999999999999962e-03 1.518999999999999951e-03 9.999980000000000535e-01 -3.500409999999999910e-01 9.367320000000000091e-01 -1.972999999999999927e-03 -9.367330000000000378e-01 -3.500429999999999930e-01 -9.420000000000000205e-04
2.600000000000000000e+01 6.300000000000000000e+01 5.400000000000000000e+01 0.000000000000000000e+00 1.600000000000000089e+00 1.849999999999999973e-04 -2.070999999999999924e-03 9.999980000000000535e-01 -3.490690000000000182e-01 9.370950000000000113e-01 2.004999999999999838e-03 -9.370969999999999578e-01 -3.490690000000000182e-01 -5.490000000000000088e-04
3.000000000000000000e+01 6.300000000000000000e+01 5.400000000000000000e+01 0.000000000000000000e+00 1.600000000000000089e+00 1.167000000000000069e-03 -3.689000000000000005e-03 9.999919999999999920e-01 -3.524450000000000083e-01 9.358239999999999892e-01 3.863999999999999813e-03 -9.358319999999999972e-01 -3.524470000000000103e-01 -2.090000000000000115e-04
8.000000000000000000e+00 2.500000000000000000e+01 5.500000000000000000e+01 0.000000000000000000e+00 1.600000000000000089e+00 9.979999999999999722e-04 -1.281000000000000021e-03 -9.999989999999999712e-01 -1.071599999999999983e-02 -9.999419999999999975e-01 1.270999999999999994e-03 -9.999419999999999975e-01 1.071399999999999957e-02 -1.012000000000000096e-03
2.000000000000000000e+01 2.500000000000000000e+01 5.500000000000000000e+01 0.000000000000000000e+00 1.600000000000000089e+00 1.164000000000000104e-03 1.100000000000000066e-03 -9.999989999999999712e-01 -1.082200000000000002e-02 -9.999409999999999688e-01 -1.111999999999999924e-03 -9.999409999999999688e-01 1.082400000000000029e-02 -1.152000000000000029e-03
2.800000000000000000e+01 2.500000000000000000e+01 5.500000000000000000e+01 0.000000000000000000e+00 1.600000000000000089e+00 -8.180000000000000422e-04 -7.820000000000000345e-04 -9.999989999999999712e-01 -9.539999999999999869e-03 -9.999540000000000095e-01 7.900000000000000121e-04 -9.999540000000000095e-01 9.539999999999999869e-03 8.109999999999999805e-04
1.200000000000000000e+01 6.800000000000000000e+01 5.700000000000000000e+01 0.000000000000000000e+00 1.600000000000000089e+00 1.830000000000000029e-03 -2.432000000000000134e-03 -9.999949999999999672e-01 -2.438140000000000029e-01 -9.698200000000000154e-01 1.912999999999999987e-03 -9.698200000000000154e-01 2.438089999999999979e-01 -2.367999999999999879e-03
3.000000000000000000e+00 2.100000000000000000e+01 6.000000000000000000e+01 0.000000000000000000e+00 1.600000000000000089e+00 2.239999999999999966e-04 2.663000000000000003e-03 9.999959999999999960e-01 -9.557599999999999429e-02 9.954190000000000538e-01 -2.628999999999999827e-03 -9.954220000000000290e-01 -9.557499999999999329e-02 4.780000000000000178e-04
7.000000000000000000e+00 2.100000000000000000e+01 6.000000000000000000e+01 0.000000000000000000e+00 1.600000000000000089e+00 -1.216000000000000067e-03 7.410000000000000137e-04 9.999989999999999712e-01 -9.500000000000000111e-02 9.954769999999999452e-01 -8.530000000000000256e-04 -9.954760000000000275e-01 -9.500100000000000211e-02 -1.139999999999999954e-03
1.400000000000000000e+01 2.100000000000000000e+01 6.000000000000000000e+01 0.000000000000000000e+00 1.600000000000000089e+00 -3.770000000000000022e-04 -5.714000000000000329e-03 9.999839999999999840e-01 -9.566299999999999804e-02 9.953980000000000050e-01 5.651999999999999906e-03 -9.954140000000000210e-01 -9.565899999999999403e-02 -9.219999999999999680e-04
2.100000000000000000e+01 2.100000000000000000e+01 6.000000000000000000e+01 0.000000000000000000e+00 1.600000000000000089e+00 -1.699999999999999987e-05 1.694999999999999892e-03 9.999989999999999712e-01 -9.661699999999999455e-02 9.953199999999999825e-01 -1.688999999999999963e-03 -9.953220000000000400e-01 -9.661699999999999455e-02 1.459999999999999981e-04
2.400000000000000000e+01 2.100000000000000000e+01 6.000000000000000000e+01 0.000000000000000000e+00 1.600000000000000089e+00 6.780000000000000002e-04 -5.558999999999999705e-03 9.999839999999999840e-01 -9.712500000000000300e-02 9.952560000000000295e-01 5.597999999999999678e-03 -9.952720000000000455e-01 -9.712800000000000600e-02 1.350000000000000017e-04
2.800000000000000000e+01 2.100000000000000000e+01 6.000000000000000000e+01 0.000000000000000000e+00 1.600000000000000089e+00 8.540000000000000499e-04 -3.145999999999999925e-03 9.999949999999999672e-01 -9.757699999999999707e-02 9.952229999999999688e-01 3.213999999999999843e-03 -9.952280000000000015e-01 -9.757899999999999907e-02 5.429999999999999714e-04
2.000000000000000000e+00 6.000000000000000000e+00 6.100000000000000000e+01 0.000000000000000000e+00 1.600000000000000089e+00 3.409999999999999945e-04 6.319999999999999663e-04 1.000000000000000000e+00 5.603369999999999740e-01 -8.282640000000000002e-01 3.330000000000000169e-04 8.282640000000000002e-01 5.603369999999999740e-01 -6.359999999999999551e-04
1.600000000000000000e+01 6.000000000000000000e+00 6.100000000000000000e+01 0.000000000000000000e+00 1.600000000000000089e+00 1.595000000000000064e-03 6.329000000000000424e-03 9.999789999999999512e-01 5.592420000000000169e-01 -8.289929999999999799e-01 4.355000000000000364e-03 8.290030000000000454e-01 5.592230000000000256e-01 -4.862000000000000002e-03
1.800000000000000000e+01 4.000000000000000000e+00 6.200000000000000000e+01 0.000000000000000000e+00 1.600000000000000089e+00 -1.587000000000000086e-03 -2.154000000000000099e-03 9.999959999999999960e-01 -6.131079999999999863e-01 7.899990000000000068e-01 7.290000000000000473e-04 -7.899969999999999493e-01 -6.131050000000000111e-01 -2.573999999999999899e-03
9.000000000000000000e+00 3.000000000000000000e+00 6.300000000000000000e+01 0.000000000000000000e+00 1.600000000000000089e+00 2.919999999999999961e-04 -3.739999999999999835e-03 9.999930000000000208e-01 -6.109029999999999738e-01 7.916999999999999593e-01 3.138999999999999863e-03 -7.917060000000000208e-01 -6.108989999999999698e-01 -2.053999999999999836e-03
3.000000000000000000e+01 3.000000000000000000e+00 6.300000000000000000e+01 0.000000000000000000e+00 1.600000000000000089e+00 1.760999999999999979e-03 2.161999999999999859e-03 9.999959999999999960e-01 -6.129170000000000451e-01 7.901470000000000438e-01 -6.290000000000000018e-04 -7.901449999999999863e-01 -6.129139999999999588e-01 2.716999999999999797e-03
5.000000000000000000e+00 2.700000000000000000e+01 6.300000000000000000e+01 0.000000000000000000e+00 1.600000000000000089e+00 -7.060000000000000303e-04 -1.708000000000000100e-03 9.999980000000000535e-01 -2.784030000000000116e-01 9.604629999999999557e-01 1.443999999999999971e-03 -9.604639999999999844e-01 -2.784010000000000096e-01 -1.154000000000000078e-03
