4.000000000000000000e+00 2.500000000000000000e+01 1.000000000000000000e+00 0.000000000000000000e+00 1.600000000000000089e+00 2.779999999999999811e-04 -3.134000000000000067e-03 -9.999949999999999672e-01 -5.247429999999999595e-01 -8.512570000000000414e-01 2.521999999999999936e-03 -8.512610000000000454e-01 5.247399999999999842e-01 -1.881999999999999992e-03
5.000000000000000000e+00 1.500000000000000000e+01 4.000000000000000000e+00 0.000000000000000000e+00 1.600000000000000089e+00 -1.727999999999999935e-03 -9.060999999999999610e-03 9.999569999999999848e-01 2.825969999999999871e-01 -9.592039999999999456e-01 -8.203999999999999487e-03 9.592370000000000063e-01 2.825710000000000166e-01 4.218000000000000395e-03
1.400000000000000000e+01 1.500000000000000000e+01 4.000000000000000000e+00 0.000000000000000000e+00 1.600000000000000089e+00 -1.879999999999999944e-03 1.010800000000000066e-02 9.999470000000000303e-01 2.924729999999999830e-01 -9.562190000000000412e-01 1.021599999999999939e-02 9.562720000000000109e-01 2.924769999999999870e-01 -1.159000000000000091e-03
2.000000000000000000e+01 1.500000000000000000e+01 4.000000000000000000e+00 0.000000000000000000e+00 1.600000000000000089e+00 2.461000000000000080e-03 2.421999999999999847e-02 9.997040000000000370e-01 2.904820000000000180e-01 -9.566170000000000506e-01 2.246099999999999833e-02 9.568769999999999776e-01 2.903399999999999870e-01 -9.390000000000000777e-03
2.500000000000000000e+01 1.500000000000000000e+01 4.000000000000000000e+00 0.000000000000000000e+00 1.600000000000000089e+00 4.642000000000000293e-03 3.150599999999999928e-02 9.994929999999999648e-01 2.959600000000000009e-01 -9.547689999999999788e-01 2.872200000000000100e-02 9.551889999999999548e-01 2.956759999999999944e-01 -1.375700000000000013e-02
7.000000000000000000e+00 1.010000000000000000e+02 7.000000000000000000e+00 0.000000000000000000e+00 1.600000000000000089e+00 -2.020999999999999793e-03 -4.405000000000000061e-03 9.999879999999999880e-01 8.841930000000000067e-01 4.671049999999999924e-01 3.844000000000000195e-03 -4.671170000000000044e-01 8.841909999999999492e-01 2.951000000000000064e-03
7.000000000000000000e+00 1.500000000000000000e+01 8.000000000000000000e+00 0.000000000000000000e+00 1.600000000000000089e+00 -3.902000000000000086e-03 -2.909999999999999826e-03 -9.999879999999999880e-01 -5.943519999999999914e-01 -8.041909999999999892e-01 4.658999999999999947e-03 -8.041949999999999932e-01 5.943629999999999747e-01 1.407999999999999963e-03
1.600000000000000000e+01 1.500000000000000000e+01 8.000000000000000000e+00 0.000000000000000000e+00 1.600000000000000089e+00 5.276000000000000308e-03 1.210800000000000071e-02 -9.999130000000000518e-01 -5.937200000000000255e-01 -8.045689999999999786e-01 -1.287600000000000029e-02 -8.046539999999999804e-01 5.937360000000000415e-01 2.944000000000000002e-03
2.000000000000000000e+01 1.500000000000000000e+01 8.000000000000000000e+00 0.000000000000000000e+00 1.600000000000000089e+00 4.022999999999999667e-03 2.272899999999999920e-02 -9.997340000000000115e-01 -5.910800000000000498e-01 -8.063470000000000359e-01 -2.071100000000000024e-02 -8.066029999999999589e-01 5.910060000000000313e-01 1.019100000000000041e-02
2.400000000000000000e+01 1.500000000000000000e+01 8.000000000000000000e+00 0.000000000000000000e+00 1.600000000000000089e+00 3.897999999999999989e-03 3.017299999999999843e-02 -9.995370000000000088e-01 -5.887189999999999923e-01 -8.078969999999999763e-01 -2.668399999999999939e-02 -8.083280000000000465e-01 5.885510000000000463e-01 1.461400000000000025e-02
2.800000000000000000e+01 1.500000000000000000e+01 8.000000000000000000e+00 0.000000000000000000e+00 1.600000000000000089e+00 5.983999999999999736e-03 1.862300000000000066e-02 -9.998089999999999478e-01 -5.866440000000000543e-01 -8.096309999999999896e-01 -1.859200000000000089e-02 -8.098229999999999595e-01 5.866430000000000256e-01 6.080999999999999600e-03
2.000000000000000000e+00 2.400000000000000000e+01 9.000000000000000000e+00 0.000000000000000000e+00 1.600000000000000089e+00 3.311999999999999840e-03 5.407000000000000348e-03 -9.999799999999999800e-01 4.554489999999999927e-01 8.902390000000000025e-01 6.322000000000000362e-03 8.902560000000000473e-01 -4.554610000000000047e-01 4.859999999999999954e-04
6.000000000000000000e+00 2.400000000000000000e+01 9.000000000000000000e+00 0.000000000000000000e+00 1.600000000000000089e+00 2.590000000000000071e-04 -6.120000000000000223e-04 -1.000000000000000000e+00 4.540620000000000211e-01 8.909700000000000397e-01 -4.270000000000000249e-04 8.909700000000000397e-01 -4.540620000000000211e-01 5.090000000000000123e-04
2.000000000000000000e+01 2.400000000000000000e+01 9.000000000000000000e+00 0.000000000000000000e+00 1.600000000000000089e+00 -4.937000000000000416e-03 -8.035000000000000475e-03 -9.999559999999999560e-01 4.536850000000000049e-01 8.911130000000000440e-01 -9.400000000000000369e-03 8.911480000000000512e-01 -4.537109999999999754e-01 -7.540000000000000044e-04
2.800000000000000000e+01 2.400000000000000000e+01 9.000000000000000000e+00 0.000000000000000000e+00 1.600000000000000089e+00 -4.302000000000000268e-03 -1.285700000000000037e-02 -9.999080000000000190e-01 4.563769999999999771e-01 8.896859999999999769e-01 -1.340299999999999998e-02 8.897760000000000113e-01 -4.563929999999999931e-01 2.040000000000000147e-03
1.500000000000000000e+01 4.000000000000000000e+00 1.100000000000000000e+01 0.000000000000000000e+00 1.600000000000000089e+00 3.959999999999999762e-04 -9.294000000000000178e-03 -9.999569999999999848e-01 1.765599999999999947e-01 9.842480000000000118e-01 -9.077999999999999264e-03 9.842899999999999983e-01 -1.765490000000000115e-01 2.030999999999999819e-03
2.100000000000000000e+01 4.000000000000000000e+00 1.100000000000000000e+01 0.000000000000000000e+00 1.600000000000000089e+00 -1.402000000000000034e-03 -2.108900000000000011e-02 -9.997770000000000268e-01 1.821450000000000014e-01 9.830480000000000329e-01 -2.099099999999999924e-02 9.832710000000000061e-01 -1.821339999999999903e-01 2.462999999999999912e-03
2.000000000000000000e+01 3.100000000000000000e+01 1.200000000000000000e+01 0.000000000000000000e+00 1.600000000000000089e+00 1.859999999999999945e-04 -1.683999999999999950e-03 9.999989999999999712e-01 -2.021200000000000080e-02 9.997939999999999605e-01 1.688000000000000047e-03 -9.997960000000000180e-01 -2.021200000000000080e-02 1.520000000000000084e-04
4.000000000000000000e+00 3.000000000000000000e+00 1.300000000000000000e+01 0.000000000000000000e+00 1.600000000000000089e+00 2.680000000000000090e-04 5.174999999999999913e-03 9.999869999999999592e-01 -1.694999999999999892e-03 9.999850000000000128e-01 -5.174999999999999913e-03 -9.999989999999999712e-01 -1.693999999999999976e-03 2.759999999999999867e-04
1.400000000000000000e+01 3.000000000000000000e+00 1.300000000000000000e+01 0.000000000000000000e+00 1.600000000000000089e+00 -6.250000000000000130e-04 -6.209000000000000109e-03 9.999810000000000088e-01 -1.055500000000000015e-02 9.999249999999999527e-01 6.202000000000000048e-03 -9.999440000000000550e-01 -1.055099999999999962e-02 -6.899999999999999667e-04
2.100000000000000000e+01 3.000000000000000000e+00 1.300000000000000000e+01 0.000000000000000000e+00 1.600000000000000089e+00 -1.904000000000000093e-03 -2.257699999999999985e-02 9.997430000000000483e-01 -1.444999999999999930e-02 9.996410000000000018e-01 2.254700000000000107e-02 -9.998939999999999495e-01 -1.440299999999999914e-02 -2.229000000000000078e-03
2.300000000000000000e+01 3.200000000000000000e+01 1.400000000000000000e+01 0.000000000000000000e+00 1.600000000000000089e+00 -1.175999999999999962e-03 -2.837999999999999811e-03 -9.999949999999999672e-01 1.204230000000000023e-01 9.927179999999999893e-01 -2.958999999999999825e-03 9.927219999999999933e-01 -1.204260000000000053e-01 -8.260000000000000198e-04
2.500000000000000000e+01 3.200000000000000000e+01 1.400000000000000000e+01 0.000000000000000000e+00 1.600000000000000089e+00 -7.600000000000000418e-04 -3.376000000000000095e-03 -9.999940000000000495e-01 1.174209999999999976e-01 9.930759999999999588e-01 -3.442000000000000181e-03 9.930820000000000203e-01 -1.174229999999999996e-01 -3.579999999999999741e-04
2.000000000000000000e+00 1.200000000000000000e+01 1.500000000000000000e+01 0.000000000000000000e+00 1.600000000000000089e+00 -1.453000000000000081e-03 -5.643999999999999712e-03 -9.999829999999999552e-01 -4.672799999999999732e-01 -8.840909999999999602e-01 5.669000000000000428e-03 -8.841080000000000050e-01 4.672810000000000019e-01 -1.353000000000000036e-03
6.000000000000000000e+00 1.200000000000000000e+01 1.500000000000000000e+01 0.000000000000000000e+00 1.600000000000000089e+00 -3.354000000000000210e-03 -3.095000000000000095e-03 -9.999900000000000455e-01 -4.688289999999999957e-01 -8.832790000000000363e-01 4.305999999999999932e-03 -8.832830000000000403e-01 4.688379999999999770e-01 1.510999999999999973e-03
1.400000000000000000e+01 1.200000000000000000e+01 1.500000000000000000e+01 0.000000000000000000e+00 1.600000000000000089e+00 8.310000000000000329e-04 3.739999999999999835e-03 -9.999930000000000208e-01 -4.701609999999999956e-01 -8.825730000000000519e-01 -3.690999999999999837e-03 -8.825800000000000312e-01 4.701609999999999956e-01 1.023999999999999954e-03
2.000000000000000000e+01 1.200000000000000000e+01 1.500000000000000000e+01 0.000000000000000000e+00 1.600000000000000089e+00 2.841000000000000209e-03 8.440000000000000236e-04 -9.999959999999999960e-01 -4.690059999999999785e-01 -8.831930000000000058e-01 -2.076999999999999853e-03 -8.831909999999999483e-01 4.690090000000000092e-01 -2.112999999999999861e-03
2.900000000000000000e+01 1.200000000000000000e+01 1.500000000000000000e+01 0.000000000000000000e+00 1.600000000000000089e+00 1.337999999999999997e-03 -5.419999999999999471e-04 -9.999989999999999712e-01 -4.692410000000000192e-01 -8.830700000000000216e-01 -1.489999999999999897e-04 -8.830689999999999928e-01 4.692410000000000192e-01 -1.435999999999999993e-03
2.300000000000000000e+01 1.100000000000000000e+01 1.600000000000000000e+01 0.000000000000000000e+00 1.600000000000000089e+00 1.229000000000000058e-03 1.201999999999999943e-03 -9.999989999999999712e-01 -4.152919999999999945e-01 -9.096870000000000234e-01 -1.603999999999999957e-03 -9.096870000000000234e-01 4.152939999999999965e-01 -6.179999999999999513e-04
2.900000000000000000e+01 1.100000000000000000e+01 1.600000000000000000e+01 0.000000000000000000e+00 1.600000000000000089e+00 8.540000000000000499e-04 1.381999999999999982e-03 -9.999989999999999712e-01 -4.182250000000000134e-01 -9.083419999999999828e-01 -1.611999999999999935e-03 -9.083430000000000115e-01 4.182259999999999867e-01 -1.969999999999999909e-04
1.700000000000000000e+01 1.160000000000000000e+02 1.600000000000000000e+01 0.000000000000000000e+00 1.600000000000000089e+00 -6.381000000000000387e-03 -6.568000000000000053e-03 9.999580000000000135e-01 7.001089999999999813e-01 7.139769999999999728e-01 9.157000000000000209e-03 -7.140069999999999473e-01 7.001389999999999558e-01 4.199999999999999768e-05
4.000000000000000000e+00 2.000000000000000000e+00 1.900000000000000000e+01 0.000000000000000000e+00 1.600000000000000089e+00 1.830000000000000029e-03 -1.574700000000000058e-02 -9.998740000000000405e-01 2.139739999999999975e-01 -9.767120000000000246e-01 1.577299999999999883e-02 -9.768379999999999841e-01 -2.139759999999999995e-01 1.582000000000000073e-03
8.000000000000000000e+00 2.000000000000000000e+00 1.900000000000000000e+01 0.000000000000000000e+00 1.600000000000000089e+00 -9.200000000000000007e-05 -3.896000000000000157e-03 -9.999919999999999920e-01 2.114590000000000081e-01 -9.773800000000000265e-01 3.788000000000000134e-03 -9.773870000000000058e-01 -2.114570000000000061e-01 9.139999999999999904e-04
1.500000000000000000e+01 2.000000000000000000e+00 1.900000000000000000e+01 0.000000000000000000e+00 1.600000000000000089e+00 -1.154000000000000078e-03 -5.204000000000000292e-03 -9.999860000000000415e-01 2.059269999999999989e-01 -9.785549999999999526e-01 4.854999999999999941e-03 -9.785669999999999646e-01 -2.059179999999999899e-01 2.200999999999999832e-03
1.900000000000000000e+01 2.000000000000000000e+00 1.900000000000000000e+01 0.000000000000000000e+00 1.600000000000000089e+00 -1.806000000000000097e-03 7.460000000000000268e-04 -9.999980000000000535e-01 2.074749999999999928e-01 -9.782399999999999984e-01 -1.103999999999999947e-03 -9.782389999999999697e-01 -2.074769999999999948e-01 1.611999999999999935e-03
2.400000000000000000e+01 2.000000000000000000e+00 1.900000000000000000e+01 0.000000000000000000e+00 1.600000000000000089e+00 -4.021000000000000268e-03 8.441000000000000586e-03 -9.999559999999999560e-01 2.064080000000000081e-01 -9.784239999999999604e-01 -9.090000000000000857e-03 -9.784580000000000499e-01 -2.064350000000000074e-01 2.191999999999999938e-03
2.900000000000000000e+01 2.000000000000000000e+00 1.900000000000000000e+01 0.000000000000000000e+00 1.600000000000000089e+00 -2.683000000000000055e-03 1.272799999999999973e-02 -9.999149999999999983e-01 2.009350000000000025e-01 -9.795179999999999998e-01 -1.300699999999999946e-02 -9.796010000000000550e-01 -2.009529999999999927e-01 6.999999999999999387e-05
1.200000000000000000e+01 4.000000000000000000e+00 2.000000000000000000e+01 0.000000000000000000e+00 1.600000000000000089e+00 -3.640000000000000115e-04 -4.108999999999999805e-03 -9.999909999999999632e-01 2.917719999999999758e-01 -9.564799999999999969e-01 3.824000000000000142e-03 -9.564880000000000049e-01 -2.917680000000000273e-01 1.546999999999999981e-03
2.000000000000000000e+00 1.300000000000000000e+01 2.000000000000000000e+01 0.000000000000000000e+00 1.600000000000000089e+00 1.910000000000000077e-04 1.484000000000000076e-03 9.999989999999999712e-01 2.637590000000000212e-01 9.645869999999999722e-01 -1.482000000000000027e-03 -9.645890000000000297e-01 2.637590000000000212e-01 -2.069999999999999900e-04
7.000000000000000000e+00 1.300000000000000000e+01 2.000000000000000000e+01 0.000000000000000000e+00 1.600000000000000089e+00 -1.600000000000000131e-04 6.660000000000000338e-04 1.000000000000000000e+00 2.639110000000000067e-01 9.645470000000000432e-01 -5.999999999999999474e-04 -9.645470000000000432e-01 2.639099999999999779e-01 -3.310000000000000225e-04
1.300000000000000000e+01 1.300000000000000000e+01 2.000000000000000000e+01 0.000000000000000000e+00 1.600000000000000089e+00 -2.635999999999999888e-03 4.629999999999999784e-04 9.999959999999999960e-01 2.638229999999999742e-01 9.645709999999999562e-01 2.489999999999999809e-04 -9.645669999999999522e-01 2.638229999999999742e-01 -2.664000000000000135e-03
2.100000000000000000e+01 1.300000000000000000e+01 2.000000000000000000e+01 0.000000000000000000e+00 1.600000000000000089e+00 2.896999999999999836e-03 1.436999999999999909e-03 9.999949999999999672e-01 2.627059999999999951e-01 9.648729999999999807e-01 -2.148000000000000170e-03 -9.648710000000000342e-01 2.627109999999999723e-01 2.418000000000000010e-03
2.400000000000000000e+01 1.300000000000000000e+01 2.000000000000000000e+01 0.000000000000000000e+00 1.600000000000000089e+00 1.214999999999999934e-03 -4.020000000000000136e-03 9.999909999999999632e-01 2.615450000000000275e-01 9.651849999999999596e-01 3.562000000000000062e-03 -9.651899999999999924e-01 2.615390000000000215e-01 2.224999999999999981e-03
2.900000000000000000e+01 1.300000000000000000e+01 2.000000000000000000e+01 0.000000000000000000e+00 1.600000000000000089e+00 -1.345000000000000058e-03 -8.836000000000000104e-03 9.999599999999999600e-01 2.608699999999999908e-01 9.653329999999999966e-01 8.881000000000000005e-03 -9.653730000000000366e-01 2.608710000000000195e-01 1.007000000000000083e-03
2.000000000000000000e+00 1.600000000000000000e+01 2.100000000000000000e+01 0.000000000000000000e+00 1.600000000000000089e+00 -8.050000000000000515e-04 -4.068999999999999700e-03 9.999909999999999632e-01 3.023890000000000189e-01 9.531760000000000232e-01 4.121999999999999796e-03 -9.531840000000000312e-01 3.023899999999999921e-01 4.629999999999999784e-04
8.000000000000000000e+00 1.600000000000000000e+01 2.100000000000000000e+01 0.000000000000000000e+00 1.600000000000000089e+00 -9.799999999999999684e-05 2.696000000000000046e-03 9.999959999999999960e-01 3.030169999999999808e-01 9.529819999999999958e-01 -2.540000000000000157e-03 -9.529849999999999710e-01 3.030149999999999788e-01 -9.100000000000000016e-04
2.000000000000000000e+00 4.600000000000000000e+01 2.700000000000000000e+01 0.000000000000000000e+00 1.600000000000000089e+00 -2.500000000000000120e-05 2.085000000000000048e-03 -9.999980000000000535e-01 6.676450000000000440e-01 7.444779999999999731e-01 1.534999999999999906e-03 7.444800000000000306e-01 -6.676440000000000152e-01 -1.410999999999999928e-03
1.800000000000000000e+01 4.600000000000000000e+01 2.700000000000000000e+01 0.000000000000000000e+00 1.600000000000000089e+00 -4.369999999999999970e-04 -1.255000000000000039e-03 -9.999989999999999712e-01 6.659239999999999604e-01 7.460189999999999877e-01 -1.227000000000000009e-03 7.460189999999999877e-01 -6.659239999999999604e-01 5.100000000000000366e-04
2.500000000000000000e+01 4.600000000000000000e+01 2.700000000000000000e+01 0.000000000000000000e+00 1.600000000000000089e+00 -1.874000000000000015e-03 -1.288000000000000082e-03 -9.999970000000000248e-01 6.616959999999999509e-01 7.497690000000000188e-01 -2.206000000000000062e-03 7.497700000000000475e-01 -6.616990000000000371e-01 -5.529999999999999976e-04
9.000000000000000000e+00 4.600000000000000000e+01 3.000000000000000000e+01 0.000000000000000000e+00 1.600000000000000089e+00 -7.200000000000000182e-05 2.550000000000000183e-04 -1.000000000000000000e+00 3.171350000000000002e-01 9.483800000000000008e-01 2.190000000000000106e-04 9.483800000000000008e-01 -3.171350000000000002e-01 -1.489999999999999897e-04
1.300000000000000000e+01 4.600000000000000000e+01 3.000000000000000000e+01 0.000000000000000000e+00 1.600000000000000089e+00 7.309999999999999875e-04 2.240999999999999936e-03 -9.999970000000000248e-01 3.182599999999999874e-01 9.480009999999999826e-01 2.357000000000000154e-03 9.480030000000000401e-01 -3.182610000000000161e-01 -2.099999999999999884e-05
2.300000000000000000e+01 4.600000000000000000e+01 3.000000000000000000e+01 0.000000000000000000e+00 1.600000000000000089e+00 -1.440000000000000091e-03 -3.983000000000000429e-03 -9.999909999999999632e-01 3.199719999999999787e-01 9.474179999999999824e-01 -4.233999999999999916e-03 9.474259999999999904e-01 -3.199750000000000094e-01 -9.000000000000000567e-05
1.000000000000000000e+00 5.800000000000000000e+01 3.100000000000000000e+01 0.000000000000000000e+00 1.600000000000000089e+00 3.869000000000000043e-03 7.089999999999999948e-04 9.999919999999999920e-01 -7.821310000000000207e-01 -6.231039999999999912e-01 3.468000000000000162e-03 6.231020000000000447e-01 -7.821379999999999999e-01 -1.856000000000000011e-03
5.000000000000000000e+00 5.800000000000000000e+01 3.100000000000000000e+01 0.000000000000000000e+00 1.600000000000000089e+00 1.113000000000000057e-03 -1.453000000000000081e-03 9.999980000000000535e-01 -7.823560000000000514e-01 -6.228320000000000523e-01 -3.399999999999999973e-05 6.228310000000000235e-01 -7.823539999999999939e-01 -1.830000000000000029e-03
9.000000000000000000e+00 5.800000000000000000e+01 3.100000000000000000e+01 0.000000000000000000e+00 1.600000000000000089e+00 -1.549999999999999946e-03 -2.007000000000000103e-03 9.999970000000000248e-01 -7.841439999999999522e-01 -6.205739999999999590e-01 -2.461000000000000080e-03 6.205770000000000453e-01 -7.841449999999999809e-01 -6.120000000000000223e-04
1.600000000000000000e+01 5.800000000000000000e+01 3.100000000000000000e+01 0.000000000000000000e+00 1.600000000000000089e+00 4.499999999999999877e-04 1.701999999999999954e-03 9.999980000000000535e-01 -7.816910000000000247e-01 -6.236639999999999961e-01 1.412999999999999977e-03 6.236660000000000537e-01 -7.816899999999999959e-01 1.049999999999999935e-03
2.300000000000000000e+01 5.800000000000000000e+01 3.100000000000000000e+01 0.000000000000000000e+00 1.600000000000000089e+00 -5.138000000000000206e-03 -1.054300000000000029e-02 9.999310000000000143e-01 -7.699669999999999570e-01 -6.379949999999999788e-01 -1.068299999999999979e-02 6.380630000000000468e-01 -7.699690000000000145e-01 -4.839000000000000419e-03
1.800000000000000000e+01 4.200000000000000000e+01 3.400000000000000000e+01 0.000000000000000000e+00 1.600000000000000089e+00 1.912999999999999987e-03 -1.257000000000000088e-03 -9.999970000000000248e-01 -2.926190000000000180e-01 9.562279999999999669e-01 -1.761999999999999894e-03 9.562270000000000492e-01 2.926210000000000200e-01 1.461000000000000059e-03
7.000000000000000000e+00 4.600000000000000000e+01 3.500000000000000000e+01 0.000000000000000000e+00 1.600000000000000089e+00 2.090000000000000115e-04 -8.050000000000000515e-04 -1.000000000000000000e+00 3.861870000000000025e-01 -9.224200000000000177e-01 8.229999999999999469e-04 -9.224200000000000177e-01 -3.861870000000000025e-01 1.179999999999999951e-04
1.400000000000000000e+01 4.600000000000000000e+01 3.500000000000000000e+01 0.000000000000000000e+00 1.600000000000000089e+00 7.050000000000000060e-04 -3.079999999999999839e-03 -9.999949999999999672e-01 3.842570000000000152e-01 -9.232209999999999583e-01 3.115000000000000147e-03 -9.232259999999999911e-01 -3.842570000000000152e-01 5.320000000000000293e-04
1.900000000000000000e+01 4.600000000000000000e+01 3.500000000000000000e+01 0.000000000000000000e+00 1.600000000000000089e+00 -2.739999999999999923e-04 -1.229000000000000058e-03 -9.999989999999999712e-01 3.856220000000000203e-01 -9.226560000000000317e-01 1.028999999999999967e-03 -9.226569999999999494e-01 -3.856220000000000203e-01 7.269999999999999987e-04
2.600000000000000000e+01 4.600000000000000000e+01 3.500000000000000000e+01 0.000000000000000000e+00 1.600000000000000089e+00 -1.170999999999999949e-03 2.929999999999999879e-03 -9.999949999999999672e-01 3.859349999999999725e-01 -9.225200000000000067e-01 -3.154999999999999818e-03 -9.225250000000000394e-01 -3.859369999999999745e-01 -5.000000000000000240e-05
4.000000000000000000e+00 9.500000000000000000e+01 3.600000000000000000e+01 0.000000000000000000e+00 1.600000000000000089e+00 -1.320999999999999909e-03 -9.759999999999999579e-03 9.999510000000000343e-01 9.976150000000000295e-01 6.899500000000000077e-02 1.991999999999999847e-03 -6.901100000000000290e-02 9.975690000000000390e-01 9.646000000000000060e-03
1.100000000000000000e+01 9.500000000000000000e+01 3.600000000000000000e+01 0.000000000000000000e+00 1.600000000000000089e+00 1.276000000000000007e-03 -1.545900000000000052e-02 9.998799999999999910e-01 9.977169999999999650e-01 6.752600000000000269e-02 -2.300000000000000070e-04 -6.751500000000000556e-02 9.975979999999999848e-01 1.550999999999999948e-02
1.500000000000000000e+01 9.500000000000000000e+01 3.600000000000000000e+01 0.000000000000000000e+00 1.600000000000000089e+00 6.939999999999999555e-04 1.823200000000000168e-02 9.998340000000000005e-01 9.976479999999999793e-01 6.852300000000000058e-02 -1.941999999999999933e-03 -6.854699999999999682e-02 9.974830000000000085e-01 -1.814199999999999841e-02
2.200000000000000000e+01 9.500000000000000000e+01 3.600000000000000000e+01 0.000000000000000000e+00 1.600000000000000089e+00 1.688900000000000123e-02 4.380000000000000213e-04 9.998569999999999958e-01 9.972900000000000098e-01 7.160500000000000198e-02 -1.687699999999999964e-02 -7.160299999999999998e-02 9.974330000000000140e-01 7.730000000000000326e-04
2.800000000000000000e+01 9.500000000000000000e+01 3.600000000000000000e+01 0.000000000000000000e+00 1.600000000000000089e+00 -9.395000000000000573e-03 -1.650400000000000131e-02 9.998200000000000420e-01 9.974009999999999820e-01 7.127000000000000002e-02 1.054800000000000008e-02 -7.143099999999999450e-02 9.973210000000000131e-01 1.579200000000000048e-02
2.500000000000000000e+01 9.500000000000000000e+01 3.700000000000000000e+01 0.000000000000000000e+00 1.600000000000000089e+00 6.714000000000000350e-03 -1.634100000000000136e-02 9.998439999999999550e-01 9.958979999999999499e-01 9.033399999999999763e-02 -5.211000000000000354e-03 -9.023499999999999577e-02 9.957770000000000232e-01 1.688100000000000017e-02
3.000000000000000000e+00 3.000000000000000000e+00 4.300000000000000000e+01 0.000000000000000000e+00 1.600000000000000089e+00 -2.674000000000000161e-03 1.700000000000000122e-04 -9.999959999999999960e-01 7.401929999999999898e-01 -6.723909999999999609e-01 -2.092999999999999809e-03 -6.723890000000000144e-01 -7.401959999999999651e-01 1.672000000000000092e-03
1.100000000000000000e+01 3.000000000000000000e+00 4.300000000000000000e+01 0.000000000000000000e+00 1.600000000000000089e+00 5.410000000000000312e-04 -1.434799999999999964e-02 -9.998970000000000358e-01 7.412539999999999685e-01 -6.711500000000000243e-01 1.003199999999999925e-02 -6.712249999999999606e-01 -7.411830000000000362e-01 1.027299999999999915e-02
1.400000000000000000e+01 3.000000000000000000e+00 4.300000000000000000e+01 0.000000000000000000e+00 1.600000000000000089e+00 7.410000000000000137e-04 -6.361999999999999600e-03 -9.999789999999999512e-01 7.413889999999999647e-01 -6.710580000000000434e-01 4.819000000000000367e-03 -6.710749999999999771e-01 -7.413769999999999527e-01 4.218999999999999660e-03
1.900000000000000000e+01 3.000000000000000000e+00 4.300000000000000000e+01 0.000000000000000000e+00 1.600000000000000089e+00 -1.139999999999999954e-03 -1.274699999999999965e-02 -9.999179999999999735e-01 7.417430000000000412e-01 -6.706400000000000139e-01 7.702999999999999778e-03 -6.706830000000000291e-01 -7.416730000000000267e-01 1.021900000000000065e-02
2.500000000000000000e+01 3.000000000000000000e+00 4.300000000000000000e+01 0.000000000000000000e+00 1.600000000000000089e+00 -2.285000000000000139e-03 -6.939999999999999988e-03 -9.999730000000000008e-01 7.380999999999999783e-01 -6.746849999999999792e-01 2.994999999999999832e-03 -6.746879999999999544e-01 -7.380729999999999791e-01 6.663999999999999785e-03
2.500000000000000000e+01 8.000000000000000000e+00 4.400000000000000000e+01 0.000000000000000000e+00 1.600000000000000089e+00 1.606000000000000006e-03 1.490999999999999921e-03 9.999980000000000535e-01 -7.732130000000000392e-01 -6.341419999999999835e-01 2.187000000000000142e-03 6.341440000000000410e-01 -7.732149999999999856e-01 1.340000000000000045e-04
1.000000000000000000e+00 2.900000000000000000e+01 4.400000000000000000e+01 0.000000000000000000e+00 1.600000000000000089e+00 -9.331000000000000752e-03 -3.823000000000000009e-03 -9.999489999999999768e-01 6.751890000000000391e-01 7.375880000000000214e-01 -9.119999999999999635e-03 7.375859999999999639e-01 -6.752399999999999514e-01 -4.301000000000000136e-03
1.300000000000000000e+01 2.900000000000000000e+01 4.400000000000000000e+01 0.000000000000000000e+00 1.600000000000000089e+00 3.159999999999999832e-04 2.066000000000000128e-03 -9.999980000000000535e-01 6.814139999999999642e-01 7.318970000000000198e-01 1.727999999999999935e-03 7.318989999999999663e-01 -6.814130000000000464e-01 -1.177000000000000095e-03
1.800000000000000000e+01 2.900000000000000000e+01 4.400000000000000000e+01 0.000000000000000000e+00 1.600000000000000089e+00 1.250000000000000026e-04 1.381000000000000066e-03 -9.999989999999999712e-01 6.783029999999999893e-01 7.347820000000000462e-01 1.100000000000000066e-03 7.347820000000000462e-01 -6.783019999999999605e-01 -8.450000000000000479e-04
2.400000000000000000e+01 2.900000000000000000e+01 4.400000000000000000e+01 0.000000000000000000e+00 1.600000000000000089e+00 -5.739999999999999660e-04 1.301000000000000073e-03 -9.999989999999999712e-01 6.627159999999999718e-01 7.488700000000000356e-01 5.940000000000000184e-04 7.488700000000000356e-01 -6.627150000000000540e-01 -1.291999999999999963e-03
6.000000000000000000e+00 6.000000000000000000e+00 5.100000000000000000e+01 0.000000000000000000e+00 1.600000000000000089e+00 1.895999999999999899e-03 -2.279999999999999909e-03 -9.999959999999999960e-01 3.317530000000000201e-01 -9.433620000000000339e-01 2.779999999999999919e-03 -9.433650000000000091e-01 -3.317559999999999953e-01 -1.033000000000000064e-03
1.100000000000000000e+01 6.000000000000000000e+00 5.100000000000000000e+01 0.000000000000000000e+00 1.600000000000000089e+00 -1.920000000000000049e-03 -4.762999999999999873e-03 -9.999869999999999592e-01 3.258050000000000113e-01 -9.454289999999999639e-01 3.876999999999999804e-03 -9.454350000000000254e-01 -3.257939999999999725e-01 3.367000000000000201e-03
2.000000000000000000e+01 1.150000000000000000e+02 5.100000000000000000e+01 0.000000000000000000e+00 1.600000000000000089e+00 -2.635999999999999888e-03 -7.379000000000000142e-03 9.999689999999999968e-01 8.449759999999999494e-01 -5.348009999999999708e-01 -1.719000000000000042e-03 5.347969999999999668e-01 8.449459999999999749e-01 7.643999999999999753e-03
9.000000000000000000e+00 7.000000000000000000e+00 5.200000000000000000e+01 0.000000000000000000e+00 1.600000000000000089e+00 -1.969999999999999909e-04 -3.023000000000000079e-03 -9.999949999999999672e-01 1.121779999999999999e-01 -9.936840000000000117e-01 2.981999999999999842e-03 -9.936880000000000157e-01 -1.121769999999999989e-01 5.349999999999999938e-04
2.500000000000000000e+01 7.000000000000000000e+00 5.200000000000000000e+01 0.000000000000000000e+00 1.600000000000000089e+00 -2.060999999999999898e-03 -5.642000000000000313e-03 -9.999820000000000375e-01 9.845800000000000385e-02 -9.951269999999999838e-01 5.412000000000000144e-03 -9.951389999999999958e-01 -9.844500000000000473e-02 2.605999999999999810e-03
4.000000000000000000e+00 1.600000000000000000e+01 5.200000000000000000e+01 0.000000000000000000e+00 1.600000000000000089e+00 8.449999999999999178e-03 1.211399999999999977e-02 -9.998909999999999743e-01 7.747899999999999787e-01 6.320590000000000375e-01 1.420500000000000061e-02 6.321620000000000017e-01 -7.748260000000000147e-01 -4.044999999999999984e-03
1.000000000000000000e+01 1.500000000000000000e+01 5.300000000000000000e+01 0.000000000000000000e+00 1.600000000000000089e+00 4.270999999999999623e-03 -5.687000000000000215e-03 -9.999749999999999472e-01 6.838739999999999819e-01 7.295989999999999975e-01 -1.229000000000000058e-03 7.295880000000000143e-01 -6.838509999999999867e-01 7.004999999999999942e-03
1.500000000000000000e+01 1.500000000000000000e+01 5.300000000000000000e+01 0.000000000000000000e+00 1.600000000000000089e+00 -1.940000000000000101e-03 -7.383999999999999939e-03 -9.999710000000000543e-01 6.835900000000000309e-01 7.298350000000000115e-01 -6.714999999999999615e-03 7.298639999999999572e-01 -6.835830000000000517e-01 3.631999999999999812e-03
4.000000000000000000e+00 6.300000000000000000e+01 5.400000000000000000e+01 0.000000000000000000e+00 1.600000000000000089e+00 -1.647000000000000026e-03 4.530000000000000064e-04 9.999989999999999712e-01 -3.511150000000000104e-01 9.363320000000000531e-01 -1.002000000000000069e-03 -9.363310000000000244e-01 -3.511159999999999837e-01 -1.384000000000000031e-03
9.000000000000000000e+00 6.300000000000000000e+01 5.400000000000000000e+01 0.000000000000000000e+00 1.600000000000000089e+00 8.530000000000000256e-04 1.443000000000000055e-03 9.999989999999999712e-01 -3.507649999999999935e-01 9.364630000000000454e-01 -1.051999999999999984e-03 -9.364630000000000454e-01 -3.507640000000000202e-01 1.304999999999999953e-03
1.200000000000000000e+01 6.300000000000000000e+01 5.400000000000000000e+01 0.000000000000000000e+00 1.600000000000000089e+00 1.242000000000000048e-03 -4.099999999999999912e-04 9.999989999999999712e-01 -3.519129999999999758e-01 9.360319999999999752e-01 8.210000000000000067e-04 -9.360319999999999752e-01 -3.519140000000000046e-01 1.018000000000000025e-03
1.800000000000000000e+01 6.300000000000000000e+01 5.400000000000000000e+01 0.000000000000000000e+00 1.600000000000000089e+00 -1.137999999999999906e-03 4.910000000000000085e-04 9.999989999999999712e-01 -3.515320000000000111e-01 9.361760000000000081e-01 -8.589999999999999546e-04 -9.361749999999999794e-01 -3.515320000000000111e-01 -8.919999999999999978e-04
2.400000000000000000e+01 6.300000000000000000e+01 5.400000000000000000e+01 0.000000000000000000e+00 1.600000000000000089e+00 -2.567999999999999970e-03 -1.472999999999999917e-03 9.999959999999999960e-01 -3.559490000000000154e-01 9.345050000000000301e-01 4.620000000000000083e-04 -9.345020000000000548e-01 -3.559459999999999846e-01 -2.923999999999999950e-03
2.000000000000000000e+00 2.500000000000000000e+01 5.500000000000000000e+01 0.000000000000000000e+00 1.600000000000000089e+00 1.999999999999999909e-06 -2.527999999999999865e-03 -9.999970000000000248e-01 -1.180199999999999999e-02 -9.999270000000000103e-01 2.527999999999999865e-03 -9.999299999999999855e-01 1.180199999999999999e-02 -3.199999999999999855e-05
1.200000000000000000e+01 2.500000000000000000e+01 5.500000000000000000e+01 0.000000000000000000e+00 1.600000000000000089e+00 -1.150999999999999896e-03 -1.642999999999999929e-03 -9.999980000000000535e-01 -1.122199999999999934e-02 -9.999360000000000470e-01 1.655999999999999920e-03 -9.999360000000000470e-01 1.122399999999999960e-02 1.131999999999999977e-03
1.600000000000000000e+01 2.500000000000000000e+01 5.500000000000000000e+01 0.000000000000000000e+00 1.600000000000000089e+00 -4.760000000000000234e-04 1.961000000000000069e-03 -9.999980000000000535e-01 -1.084800000000000000e-02 -9.999390000000000223e-01 -1.955999999999999839e-03 -9.999409999999999688e-01 1.084700000000000074e-02 4.979999999999999618e-04
2.000000000000000000e+01 2.500000000000000000e+01 5.500000000000000000e+01 0.000000000000000000e+00 1.600000000000000089e+00 1.701000000000000038e-03 2.115999999999999825e-03 -9.999959999999999960e-01 -1.080000000000000057e-02 -9.999390000000000223e-01 -2.134000000000000046e-03 -9.999400000000000510e-01 1.080399999999999937e-02 -1.678000000000000021e-03
2.500000000000000000e+01 2.500000000000000000e+01 5.500000000000000000e+01 0.000000000000000000e+00 1.600000000000000089e+00 -1.179999999999999951e-04 -1.121999999999999950e-03 -9.999989999999999712e-01 -1.144700000000000058e-02 -9.999339999999999895e-01 1.123000000000000083e-03 -9.999339999999999895e-01 1.144700000000000058e-02 1.060000000000000016e-04
7.000000000000000000e+00 6.800000000000000000e+01 5.700000000000000000e+01 0.000000000000000000e+00 1.600000000000000089e+00 4.550000000000000008e-04 -4.487999999999999802e-03 -9.999900000000000455e-01 -2.404699999999999893e-01 -9.706470000000000375e-01 4.246999999999999907e-03 -9.706559999999999633e-01 2.404660000000000131e-01 -1.521000000000000000e-03
4.000000000000000000e+00 2.100000000000000000e+01 6.000000000000000000e+01 0.000000000000000000e+00 1.600000000000000089e+00 -9.770000000000000039e-04 -3.517000000000000161e-03 9.999930000000000208e-01 -9.723600000000000299e-02 9.952560000000000295e-01 3.406000000000000173e-03 -9.952609999999999513e-01 -9.723199999999999898e-02 -1.314000000000000064e-03
9.000000000000000000e+00 2.100000000000000000e+01 6.000000000000000000e+01 0.000000000000000000e+00 1.600000000000000089e+00 -4.369999999999999970e-04 7.015999999999999667e-03 9.999749999999999472e-01 -9.754999999999999782e-02 9.952060000000000350e-01 -7.024999999999999994e-03 -9.952299999999999480e-01 -9.755099999999999882e-02 2.489999999999999809e-04
2.500000000000000000e+01 2.100000000000000000e+01 6.000000000000000000e+01 0.000000000000000000e+00 1.600000000000000089e+00 6.139999999999999625e-04 -3.442999999999999880e-03 9.999940000000000495e-01 -9.998200000000000143e-02 9.949829999999999508e-01 3.488000000000000215e-03 -9.949890000000000123e-01 -9.998400000000000343e-02 2.660000000000000146e-04
2.800000000000000000e+01 6.000000000000000000e+00 6.100000000000000000e+01 0.000000000000000000e+00 1.600000000000000089e+00 -1.618999999999999996e-03 4.832000000000000357e-03 9.999869999999999592e-01 5.613489999999999869e-01 -8.275649999999999951e-01 4.908000000000000036e-03 8.275780000000000358e-01 5.613489999999999869e-01 -1.371999999999999956e-03
1.600000000000000000e+01 3.000000000000000000e+00 6.300000000000000000e+01 0.000000000000000000e+00 1.600000000000000089e+00 -5.389999999999999826e-04 4.101999999999999744e-03 9.999909999999999632e-01 -6.150529999999999609e-01 7.884780000000000122e-01 -3.566000000000000159e-03 -7.884860000000000202e-01 -6.150489999999999569e-01 2.098000000000000038e-03
2.200000000000000000e+01 3.000000000000000000e+00 6.300000000000000000e+01 0.000000000000000000e+00 1.600000000000000089e+00 -5.199999999999999680e-05 -5.199999999999999544e-04 1.000000000000000000e+00 -6.135169999999999790e-01 7.896809999999999663e-01 3.789999999999999966e-04 -7.896809999999999663e-01 -6.135169999999999790e-01 -3.600000000000000227e-04
7.000000000000000000e+00 2.700000000000000000e+01 6.300000000000000000e+01 0.000000000000000000e+00 1.600000000000000089e+00 -1.005000000000000034e-03 -2.663000000000000003e-03 9.999959999999999960e-01 -2.736140000000000239e-01 9.618370000000000530e-01 2.285999999999999838e-03 -9.618389999999999995e-01 -2.736109999999999931e-01 -1.694999999999999892e-03
1.100000000000000000e+01 2.700000000000000000e+01 6.300000000000000000e+01 0.000000000000000000e+00 1.600000000000000089e+00 2.290000000000000098e-04 -4.838000000000000286e-03 9.999879999999999880e-01 -2.732859999999999734e-01 9.619210000000000260e-01 4.715999999999999706e-03 -9.619330000000000380e-01 -2.732840000000000269e-01 -1.101999999999999898e-03
1.600000000000000000e+01 2.700000000000000000e+01 6.300000000000000000e+01 0.000000000000000000e+00 1.600000000000000089e+00 3.780000000000000265e-04 -9.940000000000000918e-04 9.999989999999999712e-01 -2.735929999999999751e-01 9.618449999999999500e-01 1.059999999999999961e-03 -9.618459999999999788e-01 -2.735929999999999751e-01 9.100000000000000287e-05
2.100000000000000000e+01 2.700000000000000000e+01 6.300000000000000000e+01 0.000000000000000000e+00 1.600000000000000089e+00 -1.245000000000000013e-03 -1.955999999999999839e-03 9.999970000000000248e-01 -2.749489999999999990e-01 9.614570000000000061e-01 1.538000000000000088e-03 -9.614580000000000348e-01 -2.749469999999999970e-01 -1.734999999999999997e-03
2.500000000000000000e+01 2.700000000000000000e+01 6.300000000000000000e+01 0.000000000000000000e+00 1.600000000000000089e+00 -9.280000000000000054e-04 -1.700000000000000122e-04 1.000000000000000000e+00 -2.737290000000000001e-01 9.618069999999999675e-01 -9.100000000000000287e-05 -9.618069999999999675e-01 -2.737290000000000001e-01 -9.389999999999999476e-04
7.000000000000000000e+00 2.600000000000000000e+01 6.400000000000000000e+01 0.000000000000000000e+00 1.600000000000000089e+00 -1.188000000000000037e-03 -2.658999999999999905e-03 9.999959999999999960e-01 -3.585720000000000018e-01 9.334999999999999964e-01 2.056000000000000102e-03 -9.335010000000000252e-01 -3.585679999999999978e-01 -2.062000000000000031e-03
1.100000000000000000e+01 2.600000000000000000e+01 6.400000000000000000e+01 0.000000000000000000e+00 1.600000000000000089e+00 5.460000000000000443e-04 -2.704999999999999939e-03 9.999959999999999960e-01 -3.572529999999999872e-01 9.340039999999999454e-01 2.720999999999999894e-03 -9.340079999999999494e-01 -3.572529999999999872e-01 -4.560000000000000251e-04
1.600000000000000000e+01 2.600000000000000000e+01 6.400000000000000000e+01 0.000000000000000000e+00 1.600000000000000089e+00 8.989999999999999511e-04 -1.599999999999999928e-05 1.000000000000000000e+00 -3.564220000000000166e-01 9.343249999999999611e-01 3.350000000000000113e-04 -9.343249999999999611e-01 -3.564229999999999898e-01 8.350000000000000217e-04
2.100000000000000000e+01 2.600000000000000000e+01 6.400000000000000000e+01 0.000000000000000000e+00 1.600000000000000089e+00 -1.113000000000000057e-03 -2.023000000000000059e-03 9.999970000000000248e-01 -3.567119999999999735e-01 9.342129999999999601e-01 1.492999999999999969e-03 -9.342139999999999889e-01 -3.567089999999999983e-01 -1.760999999999999979e-03
