7.000000000000000000e+00 2.500000000000000000e+01 1.000000000000000000e+00 0.000000000000000000e+00 1.600000000000000089e+00 1.056999999999999997e-03 -9.669999999999999776e-04 -9.999989999999999712e-01 -5.272919999999999829e-01 -8.496839999999999948e-01 2.640000000000000202e-04 -8.496829999999999661e-01 5.272909999999999542e-01 -1.407999999999999963e-03
2.600000000000000000e+01 2.500000000000000000e+01 1.000000000000000000e+00 0.000000000000000000e+00 1.600000000000000089e+00 4.389999999999999914e-04 -1.054100000000000002e-02 -9.999440000000000550e-01 -5.263430000000000053e-01 -8.502269999999999550e-01 8.732000000000000178e-03 -8.502720000000000278e-01 5.263099999999999445e-01 -5.922000000000000181e-03
2.000000000000000000e+00 1.500000000000000000e+01 4.000000000000000000e+00 0.000000000000000000e+00 1.600000000000000089e+00 1.819000000000000087e-03 9.126999999999999696e-03 9.999569999999999848e-01 3.298550000000000093e-01 -9.439980000000000038e-01 8.016000000000000555e-03 9.440300000000000358e-01 3.298260000000000081e-01 -4.728000000000000431e-03
8.000000000000000000e+00 1.500000000000000000e+01 4.000000000000000000e+00 0.000000000000000000e+00 1.600000000000000089e+00 6.380000000000000037e-04 1.289999999999999914e-04 1.000000000000000000e+00 3.283079999999999887e-01 -9.445710000000000495e-01 -8.700000000000000051e-05 9.445710000000000495e-01 3.283079999999999887e-01 -6.449999999999999570e-04
1.100000000000000000e+01 1.500000000000000000e+01 4.000000000000000000e+00 0.000000000000000000e+00 1.600000000000000089e+00 -6.319999999999999663e-04 3.429000000000000190e-03 9.999940000000000495e-01 3.286180000000000212e-01 -9.444569999999999910e-01 3.445999999999999844e-03 9.444630000000000525e-01 3.286180000000000212e-01 -5.299999999999999807e-04
1.700000000000000000e+01 1.500000000000000000e+01 4.000000000000000000e+00 0.000000000000000000e+00 1.600000000000000089e+00 -8.520000000000000013e-04 4.939999999999999730e-04 1.000000000000000000e+00 3.234870000000000245e-01 -9.462319999999999620e-01 7.429999999999999539e-04 9.462319999999999620e-01 3.234879999999999978e-01 6.470000000000000057e-04
2.200000000000000000e+01 1.500000000000000000e+01 4.000000000000000000e+00 0.000000000000000000e+00 1.600000000000000089e+00 -2.039999999999999984e-04 4.756999999999999944e-03 9.999890000000000168e-01 3.231370000000000076e-01 -9.463409999999999878e-01 4.566999999999999879e-03 9.463519999999999710e-01 3.231350000000000056e-01 -1.343999999999999926e-03
2.900000000000000000e+01 1.500000000000000000e+01 4.000000000000000000e+00 0.000000000000000000e+00 1.600000000000000089e+00 1.971999999999999795e-03 1.319700000000000040e-02 9.999109999999999943e-01 3.214389999999999747e-01 -9.468560000000000310e-01 1.186300000000000028e-02 9.469279999999999919e-01 3.213869999999999783e-01 -6.108999999999999847e-03
4.000000000000000000e+00 1.010000000000000000e+02 7.000000000000000000e+00 0.000000000000000000e+00 1.600000000000000089e+00 2.523800000000000002e-02 -6.529799999999999494e-02 9.975469999999999615e-01 8.812889999999999890e-01 4.724990000000000023e-01 8.633000000000000049e-03 -4.719039999999999901e-01 8.789090000000000513e-01 6.947200000000000597e-02
2.000000000000000000e+01 1.010000000000000000e+02 7.000000000000000000e+00 0.000000000000000000e+00 1.600000000000000089e+00 1.722999999999999922e-03 -8.260000000000000198e-04 9.999980000000000535e-01 8.858070000000000110e-01 4.640529999999999933e-01 -1.142000000000000003e-03 -4.640509999999999913e-01 8.858070000000000110e-01 1.531000000000000026e-03
2.400000000000000000e+01 1.010000000000000000e+02 7.000000000000000000e+00 0.000000000000000000e+00 1.600000000000000089e+00 5.594000000000000014e-03 -1.632499999999999923e-02 9.998510000000000453e-01 8.907530000000000170e-01 4.544819999999999971e-01 2.436999999999999930e-03 -4.544540000000000246e-01 8.906060000000000088e-01 1.708399999999999849e-02
2.800000000000000000e+01 1.010000000000000000e+02 7.000000000000000000e+00 0.000000000000000000e+00 1.600000000000000089e+00 1.157000000000000042e-03 7.999999999999999638e-06 9.999989999999999712e-01 8.919880000000000031e-01 4.520589999999999886e-01 -1.036000000000000029e-03 -4.520580000000000154e-01 8.919880000000000031e-01 5.159999999999999656e-04
3.000000000000000000e+00 2.500000000000000000e+01 8.000000000000000000e+00 0.000000000000000000e+00 1.600000000000000089e+00 -9.359999999999999831e-04 -1.698999999999999989e-03 -9.999980000000000535e-01 4.532780000000000142e-01 8.913670000000000204e-01 -1.938999999999999968e-03 8.913689999999999669e-01 -4.532789999999999875e-01 -6.399999999999999710e-05
6.000000000000000000e+00 2.500000000000000000e+01 8.000000000000000000e+00 0.000000000000000000e+00 1.600000000000000089e+00 -6.359999999999999551e-04 -3.498999999999999940e-03 -9.999940000000000495e-01 4.531510000000000260e-01 8.914269999999999694e-01 -3.406999999999999872e-03 8.914339999999999486e-01 -4.531499999999999972e-01 1.018000000000000025e-03
1.500000000000000000e+01 2.500000000000000000e+01 8.000000000000000000e+00 0.000000000000000000e+00 1.600000000000000089e+00 -2.072000000000000057e-03 4.493999999999999731e-03 -9.999879999999999880e-01 4.517149999999999777e-01 8.921569999999999778e-01 3.073999999999999910e-03 8.921599999999999531e-01 -4.517030000000000212e-01 -3.877999999999999937e-03
1.900000000000000000e+01 2.500000000000000000e+01 8.000000000000000000e+00 0.000000000000000000e+00 1.600000000000000089e+00 -2.942000000000000171e-03 2.452000000000000186e-03 -9.999930000000000208e-01 4.490430000000000255e-01 8.935100000000000264e-01 8.700000000000000051e-04 8.935049999999999937e-01 -4.490370000000000195e-01 -3.729999999999999809e-03
2.300000000000000000e+01 2.500000000000000000e+01 8.000000000000000000e+00 0.000000000000000000e+00 1.600000000000000089e+00 -1.433999999999999945e-03 -4.565999999999999746e-03 -9.999879999999999880e-01 4.484489999999999865e-01 8.937960000000000349e-01 -4.725000000000000033e-03 8.938070000000000181e-01 -4.484509999999999885e-01 7.659999999999999708e-04
3.000000000000000000e+01 2.500000000000000000e+01 8.000000000000000000e+00 0.000000000000000000e+00 1.600000000000000089e+00 -7.209999999999999612e-04 1.055399999999999915e-02 -9.999440000000000550e-01 4.503789999999999738e-01 8.927910000000000013e-01 9.098999999999999450e-03 8.928369999999999918e-01 -4.503469999999999973e-01 -5.396999999999999888e-03
3.000000000000000000e+00 2.400000000000000000e+01 9.000000000000000000e+00 0.000000000000000000e+00 1.600000000000000089e+00 -1.083999999999999894e-03 -9.600000000000000243e-04 -9.999989999999999712e-01 4.551069999999999838e-01 8.904360000000000053e-01 -1.348000000000000023e-03 8.904360000000000053e-01 -4.551080000000000125e-01 -5.280000000000000405e-04
7.000000000000000000e+00 2.400000000000000000e+01 9.000000000000000000e+00 0.000000000000000000e+00 1.600000000000000089e+00 -7.219999999999999855e-04 -3.763999999999999985e-03 -9.999930000000000208e-01 4.558639999999999914e-01 8.900419999999999998e-01 -3.680000000000000111e-03 8.900489999999999791e-01 -4.558630000000000182e-01 1.072999999999999952e-03
1.400000000000000000e+01 2.400000000000000000e+01 9.000000000000000000e+00 0.000000000000000000e+00 1.600000000000000089e+00 -1.435999999999999993e-03 4.503000000000000058e-03 -9.999890000000000168e-01 4.567840000000000233e-01 8.895710000000000006e-01 3.350000000000000113e-03 8.895760000000000334e-01 -4.567740000000000133e-01 -3.334000000000000158e-03
2.100000000000000000e+01 2.400000000000000000e+01 9.000000000000000000e+00 0.000000000000000000e+00 1.600000000000000089e+00 -1.317999999999999944e-03 -1.420999999999999954e-03 -9.999980000000000535e-01 4.525319999999999898e-01 8.917460000000000386e-01 -1.863999999999999988e-03 8.917469999999999564e-01 -4.525339999999999918e-01 -5.320000000000000293e-04
2.300000000000000000e+01 2.400000000000000000e+01 9.000000000000000000e+00 0.000000000000000000e+00 1.600000000000000089e+00 -1.523000000000000048e-03 -6.089999999999999927e-03 -9.999799999999999800e-01 4.524909999999999766e-01 8.917479999999999851e-01 -6.119999999999999572e-03 8.917680000000000051e-01 -4.524920000000000053e-01 1.397999999999999937e-03
2.900000000000000000e+01 2.400000000000000000e+01 9.000000000000000000e+00 0.000000000000000000e+00 1.600000000000000089e+00 -1.164000000000000104e-03 8.628999999999999518e-03 -9.999620000000000175e-01 4.539210000000000189e-01 8.910130000000000550e-01 7.159999999999999698e-03 8.910409999999999719e-01 -4.538960000000000217e-01 -4.954000000000000070e-03
2.000000000000000000e+01 4.000000000000000000e+00 1.100000000000000000e+01 0.000000000000000000e+00 1.600000000000000089e+00 3.547199999999999659e-02 -2.319219999999999893e-01 -9.720870000000000344e-01 8.176600000000000534e-02 9.701119999999999743e-01 -2.284670000000000034e-01 9.960200000000000164e-01 -7.137899999999999801e-02 5.337499999999999883e-02
2.800000000000000000e+01 4.000000000000000000e+00 1.100000000000000000e+01 0.000000000000000000e+00 1.600000000000000089e+00 -5.076399999999999663e-02 1.081649999999999973e-01 -9.928360000000000518e-01 1.411550000000000027e-01 9.849149999999999849e-01 1.000849999999999934e-01 9.886850000000000360e-01 -1.350629999999999886e-01 -6.526700000000000557e-02
1.000000000000000000e+01 3.100000000000000000e+01 1.200000000000000000e+01 0.000000000000000000e+00 1.600000000000000089e+00 2.590999999999999987e-03 5.513999999999999804e-03 9.999810000000000088e-01 -7.209000000000000130e-03 9.999590000000000423e-01 -5.494999999999999885e-03 -9.999710000000000543e-01 -7.193999999999999874e-03 2.631000000000000092e-03
2.800000000000000000e+01 3.100000000000000000e+01 1.200000000000000000e+01 0.000000000000000000e+00 1.600000000000000089e+00 -1.879999999999999890e-04 -1.072000000000000036e-02 9.999430000000000263e-01 -1.145499999999999990e-02 9.998770000000000158e-01 1.071700000000000083e-02 -9.999339999999999895e-01 -1.145200000000000037e-02 -3.099999999999999999e-04
5.000000000000000000e+00 3.500000000000000000e+01 1.200000000000000000e+01 0.000000000000000000e+00 1.600000000000000089e+00 1.042700000000000050e-02 -1.281700000000000027e-02 -9.998639999999999750e-01 4.819180000000000130e-01 -8.760649999999999826e-01 1.625499999999999862e-02 -8.761539999999999884e-01 -4.820220000000000060e-01 -2.958000000000000126e-03
1.000000000000000000e+01 3.500000000000000000e+01 1.200000000000000000e+01 0.000000000000000000e+00 1.600000000000000089e+00 5.637999999999999783e-03 -1.474999999999999966e-03 -9.999829999999999552e-01 5.124109999999999498e-01 -8.587299999999999933e-01 4.155999999999999972e-03 -8.587219999999999853e-01 -5.124260000000000481e-01 -4.086000000000000222e-03
1.600000000000000000e+01 3.500000000000000000e+01 1.200000000000000000e+01 0.000000000000000000e+00 1.600000000000000089e+00 -6.315000000000000301e-03 4.690000000000000158e-04 -9.999799999999999800e-01 4.929439999999999933e-01 -8.700539999999999941e-01 -3.520999999999999824e-03 -8.700379999999999781e-01 -4.929560000000000053e-01 5.263999999999999582e-03
2.600000000000000000e+01 3.500000000000000000e+01 1.200000000000000000e+01 0.000000000000000000e+00 1.600000000000000089e+00 6.644999999999999865e-03 -6.289999999999999584e-03 -9.999580000000000135e-01 4.977869999999999795e-01 -8.672549999999999981e-01 8.762999999999999956e-03 -8.672739999999999894e-01 -4.978239999999999887e-01 -2.631999999999999791e-03
2.300000000000000000e+01 3.200000000000000000e+01 1.400000000000000000e+01 0.000000000000000000e+00 1.600000000000000089e+00 2.320000000000000014e-04 3.077200000000000074e-02 -9.995260000000000256e-01 1.044770000000000004e-01 9.940560000000000507e-01 3.062799999999999898e-02 9.945270000000000499e-01 -1.044350000000000001e-01 -2.984999999999999806e-03
2.900000000000000000e+01 3.200000000000000000e+01 1.400000000000000000e+01 0.000000000000000000e+00 1.600000000000000089e+00 -5.220999999999999946e-03 -1.713999999999999899e-02 -9.998390000000000333e-01 1.053859999999999936e-01 9.942760000000000487e-01 -1.759399999999999853e-02 9.944180000000000241e-01 -1.054609999999999992e-01 -3.383999999999999855e-03
4.000000000000000000e+00 1.200000000000000000e+01 1.500000000000000000e+01 0.000000000000000000e+00 1.600000000000000089e+00 1.681399999999999909e-02 -3.716400000000000259e-02 -9.991679999999999451e-01 -4.938069999999999959e-01 -8.692400000000000126e-01 2.402200000000000168e-02 -8.694089999999999874e-01 4.929919999999999858e-01 -3.296799999999999731e-02
1.300000000000000000e+01 1.200000000000000000e+01 1.500000000000000000e+01 0.000000000000000000e+00 1.600000000000000089e+00 -8.660000000000000163e-04 -1.251500000000000008e-02 -9.999209999999999487e-01 -4.775150000000000228e-01 -8.785490000000000244e-01 1.140900000000000074e-02 -8.786230000000000429e-01 4.774880000000000235e-01 -5.215000000000000017e-03
2.700000000000000000e+01 3.000000000000000000e+00 1.900000000000000000e+01 0.000000000000000000e+00 1.600000000000000089e+00 3.088799999999999879e-02 4.244599999999999762e-02 -9.986209999999999809e-01 2.537440000000000251e-01 -9.667000000000000037e-01 -3.324099999999999971e-02 -9.667780000000000262e-01 -2.523679999999999812e-01 -4.062999999999999945e-02
3.000000000000000000e+00 4.000000000000000000e+00 2.000000000000000000e+01 0.000000000000000000e+00 1.600000000000000089e+00 -2.393000000000000162e-03 8.529999999999999388e-03 -9.999609999999999888e-01 2.404930000000000123e-01 -9.706110000000000015e-01 -8.855999999999999289e-03 -9.706479999999999553e-01 -2.405049999999999966e-01 2.719999999999999979e-04
1.000000000000000000e+01 4.000000000000000000e+00 2.000000000000000000e+01 0.000000000000000000e+00 1.600000000000000089e+00 5.390999999999999959e-03 -1.734499999999999931e-02 -9.998350000000000293e-01 1.791739999999999999e-01 -9.836519999999999708e-01 1.803000000000000089e-02 -9.838029999999999831e-01 -1.792410000000000114e-01 -2.194999999999999903e-03
2.200000000000000000e+01 4.000000000000000000e+00 2.000000000000000000e+01 0.000000000000000000e+00 1.600000000000000089e+00 1.154000000000000078e-03 1.920799999999999938e-02 -9.998150000000000093e-01 3.011480000000000268e-01 -9.534080000000000332e-01 -1.796899999999999886e-02 -9.535770000000000080e-01 -3.010720000000000063e-01 -6.884000000000000362e-03
2.800000000000000000e+01 4.000000000000000000e+00 2.000000000000000000e+01 0.000000000000000000e+00 1.600000000000000089e+00 8.214000000000000815e-03 3.134900000000000186e-02 -9.994750000000000023e-01 3.005550000000000166e-01 -9.533700000000000507e-01 -2.743299999999999905e-02 -9.537290000000000489e-01 -3.001710000000000211e-01 -1.725300000000000097e-02
1.300000000000000000e+01 1.300000000000000000e+01 2.000000000000000000e+01 0.000000000000000000e+00 1.600000000000000089e+00 2.920499999999999832e-02 8.684200000000000252e-02 9.957939999999999570e-01 2.629779999999999895e-01 9.604559999999999764e-01 -9.147299999999999875e-02 -9.643599999999999950e-01 2.645429999999999726e-01 5.212999999999999752e-03
2.200000000000000000e+01 1.300000000000000000e+01 2.000000000000000000e+01 0.000000000000000000e+00 1.600000000000000089e+00 6.620000000000000450e-04 -9.669999999999999776e-04 9.999989999999999712e-01 2.519549999999999845e-01 9.677390000000000159e-01 7.690000000000000438e-04 -9.677390000000000159e-01 2.519540000000000113e-01 8.840000000000000201e-04
2.900000000000000000e+01 1.300000000000000000e+01 2.000000000000000000e+01 0.000000000000000000e+00 1.600000000000000089e+00 8.019999999999999785e-04 -1.020000000000000073e-02 9.999479999999999480e-01 2.534420000000000006e-01 9.673019999999999952e-01 9.662999999999999715e-03 -9.673500000000000432e-01 2.534210000000000074e-01 3.360999999999999838e-03
7.000000000000000000e+00 1.400000000000000000e+01 2.000000000000000000e+01 0.000000000000000000e+00 1.600000000000000089e+00 7.382999999999999806e-03 -1.141099999999999927e-02 9.999080000000000190e-01 2.717740000000000156e-01 9.623190000000000355e-01 8.975000000000000339e-03 -9.623329999999999940e-01 2.716830000000000078e-01 1.020599999999999979e-02
8.000000000000000000e+00 1.600000000000000000e+01 2.100000000000000000e+01 0.000000000000000000e+00 1.600000000000000089e+00 1.307600000000000082e-02 3.346000000000000016e-03 9.999090000000000478e-01 3.367879999999999763e-01 9.415499999999999980e-01 -7.555000000000000084e-03 -9.414900000000000491e-01 3.368559999999999888e-01 1.118399999999999950e-02
1.500000000000000000e+01 1.600000000000000000e+01 2.100000000000000000e+01 0.000000000000000000e+00 1.600000000000000089e+00 1.185199999999999969e-02 3.903000000000000219e-02 9.991679999999999451e-01 3.037839999999999985e-01 9.518680000000000474e-01 -4.078600000000000281e-02 -9.526670000000000416e-01 3.040140000000000065e-01 -5.760000000000000146e-04
1.900000000000000000e+01 1.600000000000000000e+01 2.100000000000000000e+01 0.000000000000000000e+00 1.600000000000000089e+00 9.399999999999999719e-04 6.749999999999999924e-03 9.999770000000000048e-01 2.981820000000000026e-01 9.544850000000000279e-01 -6.722999999999999809e-03 -9.545090000000000519e-01 2.981809999999999738e-01 -1.116000000000000021e-03
2.300000000000000000e+01 1.600000000000000000e+01 2.100000000000000000e+01 0.000000000000000000e+00 1.600000000000000089e+00 7.579999999999999932e-04 8.850000000000000444e-04 9.999989999999999712e-01 2.980209999999999804e-01 9.545590000000000463e-01 -1.070999999999999903e-03 -9.545590000000000463e-01 2.980220000000000091e-01 4.600000000000000139e-04
3.000000000000000000e+01 3.000000000000000000e+00 2.500000000000000000e+01 0.000000000000000000e+00 1.600000000000000089e+00 3.664300000000000196e-02 5.424899999999999861e-02 9.978550000000000475e-01 -1.781889999999999863e-01 -9.821689999999999587e-01 5.993899999999999922e-02 9.833140000000000214e-01 -1.800029999999999963e-01 -2.632299999999999918e-02
2.400000000000000000e+01 4.000000000000000000e+00 2.500000000000000000e+01 0.000000000000000000e+00 1.600000000000000089e+00 5.897800000000000264e-02 4.543099999999999916e-02 9.972250000000000281e-01 -5.853380000000000249e-01 -8.076379999999999670e-01 7.141200000000000325e-02 8.086410000000000542e-01 -5.879259999999999486e-01 -2.104100000000000067e-02
1.000000000000000000e+01 4.600000000000000000e+01 2.700000000000000000e+01 0.000000000000000000e+00 1.600000000000000089e+00 -2.722000000000000027e-03 1.600999999999999993e-03 -9.999949999999999672e-01 6.743449999999999722e-01 7.384159999999999613e-01 -6.539999999999999590e-04 7.384110000000000396e-01 -6.743430000000000257e-01 -3.089999999999999865e-03
1.900000000000000000e+01 4.600000000000000000e+01 2.700000000000000000e+01 0.000000000000000000e+00 1.600000000000000089e+00 -4.500000000000000283e-05 -1.791000000000000057e-03 -9.999980000000000535e-01 6.714069999999999760e-01 7.410879999999999690e-01 -1.358000000000000049e-03 7.410889999999999977e-01 -6.714059999999999473e-01 1.168999999999999900e-03
2.400000000000000000e+01 4.600000000000000000e+01 3.000000000000000000e+01 0.000000000000000000e+00 1.600000000000000089e+00 1.495000000000000018e-03 6.988000000000000288e-03 -9.999740000000000295e-01 3.255709999999999993e-01 9.454909999999999703e-01 7.093999999999999612e-03 9.455160000000000231e-01 -3.255739999999999745e-01 -8.620000000000000275e-04
1.000000000000000000e+00 5.800000000000000000e+01 3.100000000000000000e+01 0.000000000000000000e+00 1.600000000000000089e+00 6.170000000000000137e-03 1.585200000000000151e-02 9.998550000000000493e-01 -7.761479999999999491e-01 -6.303769999999999651e-01 1.478400000000000027e-02 6.305199999999999694e-01 -7.761270000000000113e-01 8.413999999999999604e-03
5.000000000000000000e+00 5.800000000000000000e+01 3.100000000000000000e+01 0.000000000000000000e+00 1.600000000000000089e+00 8.406999999999999543e-03 1.041500000000000065e-02 9.999099999999999655e-01 -7.769009999999999527e-01 -6.294870000000000188e-01 1.308899999999999994e-02 6.295669999999999877e-01 -7.769409999999999927e-01 2.799999999999999972e-03
9.000000000000000000e+00 5.800000000000000000e+01 3.100000000000000000e+01 0.000000000000000000e+00 1.600000000000000089e+00 3.880000000000000202e-03 1.283000000000000069e-03 9.999919999999999920e-01 -7.785109999999999530e-01 -6.276199999999999557e-01 3.825999999999999974e-03 6.276190000000000380e-01 -7.785189999999999610e-01 -1.435999999999999993e-03
1.100000000000000000e+01 5.800000000000000000e+01 3.100000000000000000e+01 0.000000000000000000e+00 1.600000000000000089e+00 1.796000000000000070e-03 -4.380000000000000213e-04 9.999980000000000535e-01 -7.765520000000000200e-01 -6.300519999999999454e-01 1.118000000000000070e-03 6.300499999999999989e-01 -7.765530000000000488e-01 -1.472000000000000001e-03
1.500000000000000000e+01 5.800000000000000000e+01 3.100000000000000000e+01 0.000000000000000000e+00 1.600000000000000089e+00 -4.322000000000000321e-03 -6.854999999999999982e-03 9.999670000000000503e-01 -7.703839999999999577e-01 -6.375330000000000163e-01 -7.700000000000000247e-03 6.375650000000000484e-01 -7.703919999999999657e-01 -2.524999999999999901e-03
1.900000000000000000e+01 5.800000000000000000e+01 3.100000000000000000e+01 0.000000000000000000e+00 1.600000000000000089e+00 -5.967000000000000082e-03 -1.544000000000000060e-02 9.998629999999999463e-01 -7.703200000000000047e-01 -6.374940000000000051e-01 -1.444100000000000071e-02 6.376300000000000301e-01 -7.703010000000000135e-01 -8.089000000000000704e-03
2.300000000000000000e+01 5.800000000000000000e+01 3.100000000000000000e+01 0.000000000000000000e+00 1.600000000000000089e+00 5.560999999999999971e-03 7.865999999999999728e-03 9.999540000000000095e-01 -7.767889999999999517e-01 -6.296929999999999472e-01 9.273999999999999258e-03 6.297369999999999912e-01 -7.768040000000000500e-01 2.608000000000000075e-03
8.000000000000000000e+00 5.000000000000000000e+00 3.200000000000000000e+01 0.000000000000000000e+00 1.600000000000000089e+00 1.612449999999999994e-01 -8.785020000000000051e-01 -4.497039999999999926e-01 -6.811439999999999717e-01 2.306769999999999932e-01 -6.948600000000000332e-01 7.141729999999999468e-01 4.183560000000000056e-01 -5.611909999999999954e-01
6.000000000000000000e+00 5.000000000000000000e+00 3.300000000000000000e+01 0.000000000000000000e+00 1.600000000000000089e+00 1.169779999999999986e-01 -9.685310000000000308e-01 -2.196919999999999984e-01 -6.940089999999999870e-01 7.851400000000000046e-02 -7.156719999999999748e-01 7.103990000000000027e-01 2.361860000000000070e-01 -6.629850000000000465e-01
1.000000000000000000e+01 8.000000000000000000e+00 3.400000000000000000e+01 0.000000000000000000e+00 1.600000000000000089e+00 2.075420000000000043e-01 -9.109410000000000007e-01 -3.565300000000000136e-01 -7.100020000000000220e-01 1.104419999999999985e-01 -6.954850000000000199e-01 6.729209999999999914e-01 3.974790000000000267e-01 -6.238489999999999869e-01
1.300000000000000000e+01 9.000000000000000000e+00 3.400000000000000000e+01 0.000000000000000000e+00 1.600000000000000089e+00 2.442269999999999996e-01 -8.339050000000000074e-01 -4.949299999999999811e-01 -7.265570000000000084e-01 1.806659999999999933e-01 -6.629279999999999617e-01 6.422369999999999468e-01 5.214999999999999636e-01 -5.617560000000000331e-01
2.500000000000000000e+01 4.200000000000000000e+01 3.400000000000000000e+01 0.000000000000000000e+00 1.600000000000000089e+00 -4.369999999999999753e-03 -2.981999999999999842e-03 -9.999860000000000415e-01 -3.008939999999999948e-01 9.536559999999999482e-01 -1.528999999999999977e-03 9.536480000000000512e-01 3.008830000000000116e-01 -5.063999999999999925e-03
2.900000000000000000e+01 4.200000000000000000e+01 3.400000000000000000e+01 0.000000000000000000e+00 1.600000000000000089e+00 3.400000000000000244e-04 3.330000000000000169e-04 -1.000000000000000000e+00 -2.962000000000000188e-01 9.551260000000000305e-01 2.169999999999999891e-04 9.551260000000000305e-01 2.962000000000000188e-01 4.229999999999999819e-04
1.200000000000000000e+01 2.600000000000000000e+01 3.500000000000000000e+01 0.000000000000000000e+00 1.600000000000000089e+00 3.122719999999999940e-01 5.628630000000000022e-01 7.652919999999999723e-01 -6.790239999999999609e-01 -4.311440000000000272e-01 5.941720000000000335e-01 6.643890000000000073e-01 -7.051950000000000163e-01 2.475630000000000053e-01
1.000000000000000000e+00 4.600000000000000000e+01 3.500000000000000000e+01 0.000000000000000000e+00 1.600000000000000089e+00 9.669999999999999776e-04 9.879999999999999460e-04 -9.999989999999999712e-01 3.909690000000000110e-01 -9.204039999999999999e-01 -5.310000000000000050e-04 -9.204039999999999999e-01 -3.909679999999999822e-01 -1.276999999999999923e-03
6.000000000000000000e+00 4.600000000000000000e+01 3.500000000000000000e+01 0.000000000000000000e+00 1.600000000000000089e+00 2.008999999999999935e-03 -7.908000000000000099e-03 -9.999670000000000503e-01 3.897869999999999946e-01 -9.208699999999999664e-01 8.066000000000000253e-03 -9.209030000000000271e-01 -3.897900000000000253e-01 1.232000000000000022e-03
1.000000000000000000e+01 4.600000000000000000e+01 3.500000000000000000e+01 0.000000000000000000e+00 1.600000000000000089e+00 1.025000000000000086e-03 -1.127099999999999977e-02 -9.999360000000000470e-01 3.900589999999999891e-01 -9.207269999999999621e-01 1.077799999999999939e-02 -9.207889999999999686e-01 -3.900449999999999751e-01 3.452999999999999906e-03
1.500000000000000000e+01 4.600000000000000000e+01 3.500000000000000000e+01 0.000000000000000000e+00 1.600000000000000089e+00 -1.111999999999999924e-03 -8.097000000000000031e-03 -9.999670000000000503e-01 3.893340000000000134e-01 -9.210700000000000554e-01 7.026000000000000127e-03 -9.210960000000000258e-01 -3.893139999999999934e-01 4.176000000000000024e-03
2.000000000000000000e+01 4.600000000000000000e+01 3.500000000000000000e+01 0.000000000000000000e+00 1.600000000000000089e+00 4.970000000000000459e-04 -4.603999999999999586e-03 -9.999890000000000168e-01 3.898960000000000203e-01 -9.208479999999999999e-01 4.433000000000000308e-03 -9.208589999999999831e-01 -3.898940000000000183e-01 1.337999999999999997e-03
2.500000000000000000e+01 4.600000000000000000e+01 3.500000000000000000e+01 0.000000000000000000e+00 1.600000000000000089e+00 3.911000000000000414e-03 4.102999999999999876e-03 -9.999839999999999840e-01 3.885159999999999725e-01 -9.214390000000000081e-01 -2.260999999999999989e-03 -9.214339999999999753e-01 -3.885009999999999852e-01 -5.198000000000000363e-03
2.900000000000000000e+01 4.600000000000000000e+01 3.500000000000000000e+01 0.000000000000000000e+00 1.600000000000000089e+00 1.500000000000000038e-05 8.739999999999999505e-03 -9.999620000000000175e-01 3.858150000000000190e-01 -9.225410000000000554e-01 -8.056999999999999926e-03 -9.225759999999999517e-01 -3.857999999999999763e-01 -3.384999999999999988e-03
1.300000000000000000e+01 1.100000000000000000e+01 3.600000000000000000e+01 0.000000000000000000e+00 1.600000000000000089e+00 2.104489999999999972e-01 -9.139730000000000354e-01 -3.469360000000000221e-01 -7.260280000000000067e-01 9.153500000000000525e-02 -6.815449999999999564e-01 6.546710000000000029e-01 3.953160000000000007e-01 -6.443069999999999631e-01
3.000000000000000000e+00 2.000000000000000000e+01 3.600000000000000000e+01 0.000000000000000000e+00 1.600000000000000089e+00 -7.847709999999999964e-01 -2.250530000000000030e-01 -5.774820000000000508e-01 6.126219999999999999e-01 -1.404160000000000130e-01 -7.778030000000000221e-01 9.396000000000000185e-02 -9.641760000000000330e-01 2.480670000000000097e-01
2.200000000000000000e+01 2.200000000000000000e+01 3.600000000000000000e+01 0.000000000000000000e+00 1.600000000000000089e+00 -1.944410000000000027e-01 -7.411659999999999915e-01 6.425469999999999793e-01 7.282260000000000399e-01 3.297880000000000256e-01 6.007719999999999727e-01 -6.571759999999999824e-01 5.847339999999999760e-01 4.756110000000000060e-01
1.200000000000000000e+01 2.700000000000000000e+01 3.600000000000000000e+01 0.000000000000000000e+00 1.600000000000000089e+00 3.496719999999999828e-01 3.832479999999999776e-01 8.548980000000000468e-01 -6.968889999999999807e-01 -5.034710000000000019e-01 5.107479999999999798e-01 6.261590000000000211e-01 -7.743630000000000235e-01 9.103200000000000180e-02
1.100000000000000000e+01 1.100000000000000000e+01 3.700000000000000000e+01 0.000000000000000000e+00 1.600000000000000089e+00 1.725299999999999889e-01 -9.385360000000000369e-01 -2.989700000000000135e-01 -7.146919999999999940e-01 8.959000000000000297e-02 -6.936780000000000168e-01 6.778269999999999573e-01 3.333510000000000084e-01 -6.553069999999999729e-01
1.400000000000000000e+01 1.200000000000000000e+01 3.700000000000000000e+01 0.000000000000000000e+00 1.600000000000000089e+00 1.861389999999999989e-01 -9.283489999999999798e-01 -3.217470000000000052e-01 -7.370830000000000437e-01 8.458799999999999653e-02 -6.704879999999999729e-01 6.496619999999999617e-01 3.619580000000000020e-01 -6.685250000000000359e-01
5.000000000000000000e+00 2.200000000000000000e+01 3.700000000000000000e+01 0.000000000000000000e+00 1.600000000000000089e+00 7.638420000000000210e-01 -2.107519999999999949e-01 6.100240000000000107e-01 -6.448500000000000343e-01 -2.101059999999999872e-01 7.348630000000000440e-01 -2.670399999999999857e-02 -9.546930000000000138e-01 -2.963910000000000156e-01
2.300000000000000000e+01 2.300000000000000000e+01 3.700000000000000000e+01 0.000000000000000000e+00 1.600000000000000089e+00 -1.883960000000000079e-01 -7.531630000000000269e-01 6.302799999999999514e-01 7.255239999999999467e-01 3.258039999999999825e-01 6.061900000000000066e-01 -6.619080000000000519e-01 5.714869999999999672e-01 4.850570000000000159e-01
2.100000000000000000e+01 1.500000000000000000e+01 3.800000000000000000e+01 0.000000000000000000e+00 1.600000000000000089e+00 2.072539999999999938e-01 3.879989999999999828e-01 8.980550000000000477e-01 -7.853799999999999670e-01 -4.813430000000000208e-01 3.892129999999999757e-01 5.832869999999999999e-01 -7.859800000000000120e-01 2.049660000000000093e-01
1.600000000000000000e+01 3.600000000000000000e+01 3.800000000000000000e+01 0.000000000000000000e+00 1.600000000000000089e+00 -3.642139999999999822e-01 8.114000000000000379e-02 9.277739999999999876e-01 9.084189999999999765e-01 2.504870000000000152e-01 3.347100000000000075e-01 -2.052370000000000028e-01 9.647139999999999604e-01 -1.649400000000000033e-01
1.800000000000000000e+01 3.700000000000000000e+01 3.800000000000000000e+01 0.000000000000000000e+00 1.600000000000000089e+00 -2.916449999999999876e-01 -1.117409999999999931e-01 9.499779999999999891e-01 7.984109999999999818e-01 5.184999999999999609e-01 3.061019999999999852e-01 -5.267669999999999852e-01 8.477449999999999708e-01 -6.200300000000000256e-02
2.800000000000000000e+01 3.700000000000000000e+01 3.800000000000000000e+01 0.000000000000000000e+00 1.600000000000000089e+00 4.715899999999999953e-02 -1.698099999999999957e-02 9.987430000000000474e-01 6.450479999999999547e-01 7.639430000000000387e-01 -1.746899999999999842e-02 -7.626859999999999751e-01 6.450609999999999955e-01 4.698000000000000093e-02
2.200000000000000000e+01 3.800000000000000000e+01 3.800000000000000000e+01 0.000000000000000000e+00 1.600000000000000089e+00 -1.326469999999999871e-01 -1.730240000000000111e-01 9.759440000000000337e-01 6.914940000000000531e-01 6.892749999999999710e-01 2.161859999999999893e-01 -7.100990000000000357e-01 7.035360000000000502e-01 2.821500000000000050e-02
1.300000000000000000e+01 1.400000000000000000e+01 3.900000000000000000e+01 0.000000000000000000e+00 1.600000000000000089e+00 1.403300000000000103e-01 -8.558559999999999501e-01 -4.978139999999999787e-01 -7.142420000000000435e-01 2.606959999999999833e-01 -6.495349999999999735e-01 6.856870000000000465e-01 4.467079999999999940e-01 -5.747039999999999926e-01
2.600000000000000000e+01 2.600000000000000000e+01 3.900000000000000000e+01 0.000000000000000000e+00 1.600000000000000089e+00 -1.580270000000000008e-01 -7.435169999999999835e-01 6.497770000000000490e-01 7.149799999999999489e-01 3.677070000000000061e-01 5.946390000000000287e-01 -6.810509999999999620e-01 5.585470000000000157e-01 4.734920000000000240e-01
1.900000000000000000e+01 3.800000000000000000e+01 3.900000000000000000e+01 0.000000000000000000e+00 1.600000000000000089e+00 -2.787040000000000073e-01 -1.915350000000000108e-01 9.410840000000000316e-01 7.806039999999999646e-01 5.256469999999999754e-01 3.381609999999999894e-01 -5.594479999999999453e-01 8.288600000000000412e-01 3.013000000000000053e-03
2.200000000000000000e+01 3.900000000000000000e+01 3.900000000000000000e+01 0.000000000000000000e+00 1.600000000000000089e+00 -1.715859999999999885e-01 -2.644619999999999749e-01 9.490089999999999915e-01 7.239189999999999792e-01 6.195230000000000459e-01 3.035320000000000240e-01 -6.682059999999999667e-01 7.390879999999999672e-01 8.514800000000000146e-02
2.700000000000000000e+01 2.700000000000000000e+01 4.000000000000000000e+01 0.000000000000000000e+00 1.600000000000000089e+00 -1.493319999999999925e-01 -7.557660000000000489e-01 6.375870000000000148e-01 7.154070000000000151e-01 3.625369999999999981e-01 5.972929999999999628e-01 -6.825630000000000308e-01 5.453299999999999814e-01 4.865419999999999745e-01
1.900000000000000000e+01 6.100000000000000000e+01 4.000000000000000000e+01 0.000000000000000000e+00 1.600000000000000089e+00 2.664899999999999908e-02 -5.425959999999999672e-01 -8.395709999999999562e-01 3.524829999999999908e-01 -7.808249999999999913e-01 5.158169999999999700e-01 -9.354390000000000205e-01 -3.096809999999999841e-01 1.704479999999999884e-01
2.600000000000000000e+01 2.000000000000000000e+01 4.200000000000000000e+01 0.000000000000000000e+00 1.600000000000000089e+00 -2.111949999999999938e-01 -1.691050000000000053e-01 9.627050000000000329e-01 6.873029999999999973e-01 6.746140000000000470e-01 2.692780000000000173e-01 -6.949899999999999967e-01 7.185399999999999565e-01 -2.624900000000000150e-02
4.000000000000000000e+00 3.000000000000000000e+00 4.300000000000000000e+01 0.000000000000000000e+00 1.600000000000000089e+00 3.027999999999999876e-03 -5.889000000000000137e-03 -9.999780000000000335e-01 7.409700000000000175e-01 -6.715090000000000225e-01 6.198000000000000384e-03 -6.715309999999999890e-01 -7.409729999999999928e-01 2.330000000000000040e-03
7.000000000000000000e+00 3.000000000000000000e+00 4.300000000000000000e+01 0.000000000000000000e+00 1.600000000000000089e+00 5.844000000000000236e-03 -3.503000000000000037e-03 -9.999770000000000048e-01 7.435180000000000122e-01 -6.686830000000000274e-01 6.688000000000000368e-03 -6.686900000000000066e-01 -7.435399999999999787e-01 -1.302999999999999905e-03
1.500000000000000000e+01 3.000000000000000000e+00 4.300000000000000000e+01 0.000000000000000000e+00 1.600000000000000089e+00 8.888999999999999332e-03 2.753600000000000145e-02 -9.995810000000000528e-01 7.369860000000000300e-01 -6.758009999999999851e-01 -1.206300000000000081e-02 -6.758499999999999508e-01 -7.365699999999999470e-01 -2.630000000000000046e-02
2.600000000000000000e+01 3.000000000000000000e+00 4.300000000000000000e+01 0.000000000000000000e+00 1.600000000000000089e+00 -2.876000000000000084e-03 2.810899999999999857e-02 -9.996009999999999618e-01 7.502820000000000045e-01 -6.607920000000000460e-01 -2.074099999999999902e-02 -6.611110000000000042e-01 -7.500419999999999865e-01 -1.918900000000000119e-02
2.000000000000000000e+00 2.400000000000000000e+01 4.400000000000000000e+01 0.000000000000000000e+00 1.600000000000000089e+00 1.544000000000000060e-02 2.922699999999999951e-02 -9.994539999999999536e-01 7.898100000000000120e-01 6.126120000000000454e-01 3.011600000000000041e-02 6.131569999999999521e-01 -7.898429999999999618e-01 -1.362499999999999996e-02
2.000000000000000000e+00 2.900000000000000000e+01 4.400000000000000000e+01 0.000000000000000000e+00 1.600000000000000089e+00 -3.285999999999999859e-03 -6.530199999999999894e-02 -9.978599999999999692e-01 6.213290000000000202e-01 7.817420000000000480e-01 -5.320500000000000229e-02 7.835429999999999895e-01 -6.201740000000000030e-01 3.800499999999999712e-02
4.000000000000000000e+00 2.900000000000000000e+01 4.400000000000000000e+01 0.000000000000000000e+00 1.600000000000000089e+00 -5.031499999999999861e-02 -1.981870000000000021e-01 -9.788719999999999644e-01 6.542670000000000430e-01 7.339790000000000481e-01 -1.822340000000000071e-01 7.545880000000000365e-01 -6.496119999999999672e-01 9.273699999999999999e-02
2.300000000000000000e+01 2.200000000000000000e+01 4.500000000000000000e+01 0.000000000000000000e+00 1.600000000000000089e+00 1.467030000000000001e-01 -7.813699999999999812e-02 -9.860900000000000221e-01 -4.684090000000000198e-01 8.725370000000000070e-01 -1.388250000000000040e-01 8.712469999999999937e-01 4.822589999999999932e-01 9.140299999999999814e-02
1.900000000000000000e+01 2.200000000000000000e+01 4.600000000000000000e+01 0.000000000000000000e+00 1.600000000000000089e+00 6.909099999999999964e-02 -1.822100000000000108e-02 -9.974439999999999973e-01 -2.188319999999999987e-01 9.752049999999999885e-01 -3.297300000000000231e-02 9.733140000000000125e-01 2.205499999999999960e-01 6.339000000000000190e-02
2.700000000000000000e+01 6.500000000000000000e+01 4.600000000000000000e+01 0.000000000000000000e+00 1.600000000000000089e+00 -1.675099999999999853e-02 -1.592590000000000117e-01 9.870949999999999447e-01 6.620479999999999698e-01 -7.415779999999999594e-01 -1.084119999999999945e-01 7.492739999999999956e-01 6.516889999999999628e-01 1.178590000000000054e-01
2.900000000000000000e+01 3.700000000000000000e+01 4.900000000000000000e+01 0.000000000000000000e+00 1.600000000000000089e+00 -6.757699999999999818e-02 8.550640000000000462e-01 -5.141000000000000014e-01 6.518340000000000245e-01 -3.522669999999999968e-01 -6.715799999999999548e-01 -7.553440000000000154e-01 -3.804919999999999969e-01 -5.335550000000000015e-01
2.100000000000000000e+01 5.300000000000000000e+01 4.900000000000000000e+01 0.000000000000000000e+00 1.600000000000000089e+00 -4.821659999999999835e-01 2.442830000000000001e-01 8.413329999999999975e-01 -8.670039999999999969e-01 4.820999999999999765e-03 -4.982779999999999987e-01 -1.257769999999999999e-01 -9.696919999999999984e-01 2.094699999999999895e-01
2.900000000000000000e+01 4.600000000000000000e+01 5.000000000000000000e+01 0.000000000000000000e+00 1.600000000000000089e+00 -3.688679999999999737e-01 4.008999999999999786e-01 8.385789999999999633e-01 4.836790000000000256e-01 8.532149999999999457e-01 -1.951400000000000079e-01 -7.937199999999999811e-01 3.336219999999999741e-01 -5.086310000000000553e-01
5.000000000000000000e+00 6.000000000000000000e+00 5.100000000000000000e+01 0.000000000000000000e+00 1.600000000000000089e+00 -6.873999999999999902e-03 -5.119000000000000286e-03 -9.999630000000000463e-01 3.320279999999999898e-01 -9.432660000000000489e-01 2.546999999999999785e-03 -9.432439999999999714e-01 -3.319989999999999886e-01 8.184000000000000302e-03
2.100000000000000000e+01 7.000000000000000000e+00 5.200000000000000000e+01 0.000000000000000000e+00 1.600000000000000089e+00 7.182000000000000016e-03 4.784000000000000058e-03 -9.999630000000000463e-01 8.688600000000000489e-02 -9.962100000000000399e-01 -4.141999999999999849e-03 -9.961919999999999664e-01 -8.685299999999999965e-02 -7.570000000000000340e-03
2.500000000000000000e+01 7.000000000000000000e+00 5.200000000000000000e+01 0.000000000000000000e+00 1.600000000000000089e+00 4.640000000000000027e-03 8.397999999999999216e-03 -9.999540000000000095e-01 7.240699999999999914e-02 -9.973429999999999795e-01 -8.040000000000000271e-03 -9.973640000000000283e-01 -7.236700000000000077e-02 -5.235000000000000070e-03
2.800000000000000000e+01 6.300000000000000000e+01 5.200000000000000000e+01 0.000000000000000000e+00 1.600000000000000089e+00 -6.390600000000000447e-02 3.085060000000000024e-01 -9.490730000000000555e-01 4.910610000000000253e-01 8.376360000000000472e-01 2.392170000000000130e-01 8.687780000000000502e-01 -4.507660000000000000e-01 -2.050250000000000128e-01
