7.000000000000000000e+00 2.500000000000000000e+01 1.000000000000000000e+00 0.000000000000000000e+00 1.600000000000000089e+00 -1.402000000000000034e-03 2.840000000000000185e-04 -9.999989999999999712e-01 -5.313210000000000433e-01 -8.471710000000000074e-01 5.039999999999999992e-04 -8.471699999999999786e-01 5.313210000000000433e-01 1.338999999999999913e-03
1.700000000000000000e+01 2.500000000000000000e+01 1.000000000000000000e+00 0.000000000000000000e+00 1.600000000000000089e+00 5.399999999999999798e-05 -7.922000000000000222e-03 -9.999689999999999968e-01 -5.280319999999999458e-01 -8.491980000000000084e-01 6.699000000000000093e-03 -8.492239999999999789e-01 5.280150000000000121e-01 -4.229000000000000120e-03
3.000000000000000000e+01 2.500000000000000000e+01 1.000000000000000000e+00 0.000000000000000000e+00 1.600000000000000089e+00 4.284999999999999747e-03 -2.781000000000000052e-03 -9.999869999999999592e-01 -5.192179999999999573e-01 -8.546420000000000128e-01 1.520000000000000084e-04 -8.546310000000000295e-01 5.192109999999999781e-01 -5.106000000000000295e-03
2.900000000000000000e+01 3.000000000000000000e+00 4.000000000000000000e+00 0.000000000000000000e+00 1.600000000000000089e+00 1.059429999999999955e-01 4.854599999999999888e-02 -9.931870000000000420e-01 -8.335620000000000251e-01 -5.402540000000000120e-01 -1.153229999999999950e-01 -5.421719999999999873e-01 8.400999999999999579e-01 -1.677000000000000018e-02
5.000000000000000000e+00 1.500000000000000000e+01 4.000000000000000000e+00 0.000000000000000000e+00 1.600000000000000089e+00 3.989999999999999949e-04 2.160000000000000028e-03 9.999980000000000535e-01 3.275989999999999736e-01 -9.448149999999999604e-01 1.910000000000000022e-03 9.448170000000000179e-01 3.275980000000000003e-01 -1.083999999999999894e-03
8.000000000000000000e+00 1.500000000000000000e+01 4.000000000000000000e+00 0.000000000000000000e+00 1.600000000000000089e+00 -5.929999999999999941e-04 -3.203000000000000118e-03 9.999949999999999672e-01 3.182420000000000249e-01 -9.480049999999999866e-01 -2.847999999999999837e-03 9.480089999999999906e-01 3.182380000000000209e-01 1.582000000000000073e-03
1.500000000000000000e+01 1.500000000000000000e+01 4.000000000000000000e+00 0.000000000000000000e+00 1.600000000000000089e+00 -2.203999999999999796e-03 -7.585999999999999861e-03 9.999689999999999968e-01 3.106389999999999985e-01 -9.505059999999999620e-01 -6.525999999999999683e-03 9.505249999999999533e-01 3.106149999999999745e-01 4.451000000000000095e-03
2.000000000000000000e+01 1.500000000000000000e+01 4.000000000000000000e+00 0.000000000000000000e+00 1.600000000000000089e+00 1.679999999999999907e-04 -4.232999999999999784e-03 9.999909999999999632e-01 3.137469999999999981e-01 -9.494979999999999531e-01 -4.072000000000000099e-03 9.495059999999999611e-01 3.137449999999999961e-01 1.167999999999999984e-03
2.600000000000000000e+01 1.500000000000000000e+01 4.000000000000000000e+00 0.000000000000000000e+00 1.600000000000000089e+00 -4.095999999999999815e-03 -7.560000000000000530e-04 9.999909999999999632e-01 3.171669999999999767e-01 -9.483690000000000175e-01 5.820000000000000520e-04 9.483610000000000095e-01 3.171669999999999767e-01 4.124000000000000062e-03
1.000000000000000000e+00 2.500000000000000000e+01 8.000000000000000000e+00 0.000000000000000000e+00 1.600000000000000089e+00 -2.309999999999999987e-03 -1.453100000000000051e-02 -9.998920000000000030e-01 4.487959999999999727e-01 8.935239999999999849e-01 -1.402199999999999974e-02 8.936309999999999532e-01 -4.487800000000000122e-01 4.458000000000000157e-03
8.000000000000000000e+00 2.500000000000000000e+01 8.000000000000000000e+00 0.000000000000000000e+00 1.600000000000000089e+00 2.441000000000000027e-03 7.993999999999999370e-03 -9.999649999999999928e-01 4.480439999999999978e-01 8.939740000000000464e-01 8.241000000000000061e-03 8.940080000000000249e-01 -4.480480000000000018e-01 -1.399000000000000070e-03
1.400000000000000000e+01 2.500000000000000000e+01 8.000000000000000000e+00 0.000000000000000000e+00 1.600000000000000089e+00 -6.790000000000000245e-04 7.196000000000000139e-03 -9.999740000000000295e-01 4.450049999999999839e-01 8.955070000000000530e-01 6.141999999999999890e-03 8.955279999999999907e-01 -4.449890000000000234e-01 -3.811000000000000151e-03
2.000000000000000000e+01 2.500000000000000000e+01 8.000000000000000000e+00 0.000000000000000000e+00 1.600000000000000089e+00 1.598999999999999944e-03 5.440999999999999656e-03 -9.999839999999999840e-01 4.463429999999999898e-01 8.948450000000000015e-01 5.582000000000000156e-03 8.948610000000000175e-01 -4.463449999999999918e-01 -9.979999999999999722e-04
2.700000000000000000e+01 2.500000000000000000e+01 8.000000000000000000e+00 0.000000000000000000e+00 1.600000000000000089e+00 5.879999999999999810e-04 1.428999999999999932e-03 -9.999989999999999712e-01 4.438650000000000095e-01 8.960919999999999996e-01 1.541000000000000052e-03 8.960939999999999461e-01 -4.438650000000000095e-01 -1.079999999999999960e-04
8.000000000000000000e+00 2.400000000000000000e+01 9.000000000000000000e+00 0.000000000000000000e+00 1.600000000000000089e+00 2.880000000000000181e-03 8.848999999999999228e-03 -9.999569999999999848e-01 4.521499999999999964e-01 8.918949999999999934e-01 9.195000000000000048e-03 8.919369999999999798e-01 -4.521569999999999756e-01 -1.431999999999999896e-03
1.400000000000000000e+01 2.400000000000000000e+01 9.000000000000000000e+00 0.000000000000000000e+00 1.600000000000000089e+00 -1.000999999999999937e-03 7.719000000000000167e-03 -9.999700000000000255e-01 4.489989999999999815e-01 8.935089999999999977e-01 6.447999999999999739e-03 8.935319999999999929e-01 -4.489790000000000170e-01 -4.360000000000000160e-03
2.000000000000000000e+01 2.400000000000000000e+01 9.000000000000000000e+00 0.000000000000000000e+00 1.600000000000000089e+00 1.111000000000000008e-03 4.355999999999999629e-03 -9.999900000000000455e-01 4.509920000000000040e-01 8.925170000000000048e-01 4.388999999999999672e-03 8.925269999999999593e-01 -4.509929999999999772e-01 -9.730000000000000151e-04
2.800000000000000000e+01 2.400000000000000000e+01 9.000000000000000000e+00 0.000000000000000000e+00 1.600000000000000089e+00 8.399999999999999535e-05 -7.069999999999999462e-04 -1.000000000000000000e+00 4.501669999999999838e-01 8.929439999999999600e-01 -5.929999999999999941e-04 8.929439999999999600e-01 -4.501669999999999838e-01 3.930000000000000117e-04
5.000000000000000000e+00 4.000000000000000000e+00 1.100000000000000000e+01 0.000000000000000000e+00 1.600000000000000089e+00 2.380000000000000117e-04 6.348999999999999609e-03 -9.999799999999999800e-01 2.316169999999999896e-01 9.727869999999999573e-01 6.231000000000000427e-03 9.728069999999999773e-01 -2.316139999999999866e-01 -1.239000000000000084e-03
8.000000000000000000e+00 4.000000000000000000e+00 1.100000000000000000e+01 0.000000000000000000e+00 1.600000000000000089e+00 -5.093000000000000305e-03 -2.880399999999999974e-02 -9.995720000000000161e-01 2.368409999999999960e-01 9.711100000000000287e-01 -2.919100000000000167e-02 9.715350000000000374e-01 -2.368889999999999885e-01 1.876000000000000063e-03
2.000000000000000000e+01 5.000000000000000000e+00 1.200000000000000000e+01 0.000000000000000000e+00 1.600000000000000089e+00 1.290499999999999980e-02 -1.192129999999999995e-01 9.927850000000000286e-01 -2.325889999999999902e-01 9.652760000000000229e-01 1.189339999999999981e-01 -9.724890000000000478e-01 -2.324460000000000137e-01 -1.527099999999999985e-02
6.000000000000000000e+00 3.100000000000000000e+01 1.200000000000000000e+01 0.000000000000000000e+00 1.600000000000000089e+00 -7.380000000000000492e-04 1.129000000000000012e-03 9.999989999999999712e-01 5.673000000000000091e-03 9.999829999999999552e-01 -1.124999999999999915e-03 -9.999839999999999840e-01 5.671999999999999958e-03 -7.450000000000000025e-04
1.000000000000000000e+01 3.100000000000000000e+01 1.200000000000000000e+01 0.000000000000000000e+00 1.600000000000000089e+00 -3.980000000000000248e-04 4.800999999999999712e-03 9.999879999999999880e-01 6.409999999999999899e-03 9.999679999999999680e-01 -4.798000000000000181e-03 -9.999789999999999512e-01 6.407999999999999634e-03 -4.290000000000000193e-04
1.500000000000000000e+01 3.100000000000000000e+01 1.200000000000000000e+01 0.000000000000000000e+00 1.600000000000000089e+00 2.351999999999999924e-03 -7.839999999999999747e-03 9.999670000000000503e-01 4.709999999999999777e-03 9.999580000000000135e-01 7.828999999999999154e-03 -9.999860000000000415e-01 4.691999999999999990e-03 2.389000000000000064e-03
2.100000000000000000e+01 3.100000000000000000e+01 1.200000000000000000e+01 0.000000000000000000e+00 1.600000000000000089e+00 7.010000000000000172e-04 7.299999999999999903e-05 1.000000000000000000e+00 8.570000000000000144e-04 1.000000000000000000e+00 -7.399999999999999623e-05 -9.999989999999999712e-01 8.570000000000000144e-04 7.010000000000000172e-04
2.900000000000000000e+01 3.100000000000000000e+01 1.200000000000000000e+01 0.000000000000000000e+00 1.600000000000000089e+00 -2.516000000000000007e-03 3.772000000000000179e-03 9.999900000000000455e-01 -8.409999999999999507e-04 9.999930000000000208e-01 -3.775000000000000144e-03 -9.999959999999999960e-01 -8.499999999999999526e-04 -2.511999999999999910e-03
2.000000000000000000e+00 3.200000000000000000e+01 1.400000000000000000e+01 0.000000000000000000e+00 1.600000000000000089e+00 -7.399999999999999623e-05 -2.428000000000000037e-03 -9.999970000000000248e-01 9.826300000000000312e-02 9.951569999999999583e-01 -2.423999999999999939e-03 9.951600000000000446e-01 -9.826300000000000312e-02 1.649999999999999991e-04
2.400000000000000000e+01 3.200000000000000000e+01 1.400000000000000000e+01 0.000000000000000000e+00 1.600000000000000089e+00 1.255000000000000039e-03 2.223999999999999849e-03 -9.999970000000000248e-01 1.031709999999999988e-01 9.946610000000000174e-01 2.341000000000000199e-03 9.946629999999999638e-01 -1.031740000000000018e-01 1.018000000000000025e-03
1.000000000000000000e+00 1.200000000000000000e+01 1.500000000000000000e+01 0.000000000000000000e+00 1.600000000000000089e+00 -4.710000000000000102e-04 3.165999999999999977e-03 -9.999949999999999672e-01 -4.717669999999999919e-01 -8.817190000000000305e-01 -2.569000000000000103e-03 -8.817230000000000345e-01 4.717640000000000167e-01 1.909000000000000107e-03
5.000000000000000000e+00 1.200000000000000000e+01 1.500000000000000000e+01 0.000000000000000000e+00 1.600000000000000089e+00 1.054000000000000032e-03 1.549999999999999946e-03 -9.999980000000000535e-01 -4.716170000000000084e-01 -8.818019999999999747e-01 -1.863999999999999988e-03 -8.818030000000000035e-01 4.716179999999999817e-01 -1.990000000000000124e-04
1.200000000000000000e+01 1.200000000000000000e+01 1.500000000000000000e+01 0.000000000000000000e+00 1.600000000000000089e+00 8.739999999999999939e-04 5.637999999999999783e-03 -9.999839999999999840e-01 -4.693269999999999942e-01 -8.830080000000000151e-01 -5.388000000000000428e-03 -8.830240000000000311e-01 4.693240000000000189e-01 1.874999999999999931e-03
1.800000000000000000e+01 1.200000000000000000e+01 1.500000000000000000e+01 0.000000000000000000e+00 1.600000000000000089e+00 8.909999999999999734e-04 1.845999999999999985e-03 -9.999980000000000535e-01 -4.726079999999999726e-01 -8.812699999999999978e-01 -2.047999999999999907e-03 -8.812720000000000553e-01 4.726090000000000013e-01 8.700000000000000051e-05
2.500000000000000000e+01 1.200000000000000000e+01 1.500000000000000000e+01 0.000000000000000000e+00 1.600000000000000089e+00 1.797999999999999902e-03 3.605000000000000131e-03 -9.999919999999999920e-01 -4.692899999999999849e-01 -8.830350000000000144e-01 -4.027000000000000197e-03 -8.830419999999999936e-01 4.692939999999999889e-01 1.039999999999999936e-04
2.500000000000000000e+01 1.160000000000000000e+02 1.600000000000000000e+01 0.000000000000000000e+00 1.600000000000000089e+00 -2.902000000000000066e-03 -2.171000000000000187e-03 9.999930000000000208e-01 8.069929999999999604e-01 5.905500000000000194e-01 3.624000000000000051e-03 -5.905540000000000234e-01 8.069979999999999931e-01 3.800000000000000209e-05
3.000000000000000000e+00 2.000000000000000000e+00 1.900000000000000000e+01 0.000000000000000000e+00 1.600000000000000089e+00 3.191999999999999959e-03 -1.095499999999999946e-02 -9.999350000000000183e-01 2.223860000000000003e-01 -9.748919999999999808e-01 1.139100000000000008e-02 -9.749539999999999873e-01 -2.224079999999999946e-01 -6.750000000000000357e-04
9.000000000000000000e+00 2.000000000000000000e+00 1.900000000000000000e+01 0.000000000000000000e+00 1.600000000000000089e+00 -3.043999999999999831e-03 1.461999999999999975e-03 -9.999940000000000495e-01 2.161559999999999870e-01 -9.763570000000000304e-01 -2.085000000000000048e-03 -9.763540000000000552e-01 -2.161609999999999920e-01 2.655999999999999941e-03
1.800000000000000000e+01 2.000000000000000000e+00 1.900000000000000000e+01 0.000000000000000000e+00 1.600000000000000089e+00 -8.479000000000000425e-03 4.372000000000000018e-03 -9.999540000000000095e-01 2.186220000000000108e-01 -9.757900000000000462e-01 -6.119999999999999572e-03 -9.757730000000000015e-01 -2.186639999999999973e-01 7.317999999999999852e-03
2.400000000000000000e+01 2.000000000000000000e+00 1.900000000000000000e+01 0.000000000000000000e+00 1.600000000000000089e+00 -1.211500000000000077e-02 1.014800000000000077e-02 -9.998749999999999583e-01 2.355959999999999999e-01 -9.717679999999999652e-01 -1.271699999999999914e-02 -9.717759999999999732e-01 -2.357210000000000139e-01 9.381999999999999715e-03
2.800000000000000000e+01 2.000000000000000000e+00 1.900000000000000000e+01 0.000000000000000000e+00 1.600000000000000089e+00 -4.962000000000000265e-03 2.207699999999999940e-02 -9.997439999999999660e-01 2.410670000000000035e-01 -9.702450000000000241e-01 -2.262199999999999975e-02 -9.704960000000000253e-01 -2.411179999999999990e-01 -5.069999999999999637e-04
1.300000000000000000e+01 4.000000000000000000e+00 2.000000000000000000e+01 0.000000000000000000e+00 1.600000000000000089e+00 1.472000000000000001e-03 -2.860000000000000129e-03 -9.999949999999999672e-01 3.390850000000000253e-01 -9.407499999999999751e-01 3.188999999999999994e-03 -9.407550000000000079e-01 -3.390880000000000005e-01 -4.150000000000000043e-04
6.000000000000000000e+00 1.300000000000000000e+01 2.000000000000000000e+01 0.000000000000000000e+00 1.600000000000000089e+00 -1.409000000000000096e-03 -4.146000000000000379e-03 9.999900000000000455e-01 2.588340000000000085e-01 9.659119999999999928e-01 4.368999999999999620e-03 -9.659210000000000296e-01 2.588369999999999838e-01 -2.880000000000000073e-04
1.600000000000000000e+01 1.300000000000000000e+01 2.000000000000000000e+01 0.000000000000000000e+00 1.600000000000000089e+00 -1.528999999999999977e-03 -1.807000000000000012e-03 9.999970000000000248e-01 2.634690000000000087e-01 9.646649999999999947e-01 2.145000000000000205e-03 -9.646670000000000522e-01 2.634719999999999840e-01 -9.990000000000001049e-04
2.200000000000000000e+01 1.300000000000000000e+01 2.000000000000000000e+01 0.000000000000000000e+00 1.600000000000000089e+00 1.815999999999999906e-03 -1.771999999999999921e-03 9.999970000000000248e-01 2.640839999999999854e-01 9.644989999999999952e-01 1.229999999999999974e-03 -9.644979999999999665e-01 2.640810000000000102e-01 2.220000000000000185e-03
2.800000000000000000e+01 1.300000000000000000e+01 2.000000000000000000e+01 0.000000000000000000e+00 1.600000000000000089e+00 -2.640000000000000202e-04 -3.654000000000000130e-03 9.999930000000000208e-01 2.656229999999999980e-01 9.640699999999999825e-01 3.592999999999999840e-03 -9.640769999999999618e-01 2.656229999999999980e-01 7.159999999999999481e-04
1.000000000000000000e+01 3.000000000000000000e+00 2.500000000000000000e+01 0.000000000000000000e+00 1.600000000000000089e+00 -2.328999999999999907e-03 -5.671999999999999958e-03 9.999810000000000088e-01 -2.012699999999999906e-02 -9.997810000000000308e-01 -5.717999999999999992e-03 9.997949999999999893e-01 -2.014000000000000165e-02 2.213999999999999822e-03
1.800000000000000000e+01 3.000000000000000000e+00 2.500000000000000000e+01 0.000000000000000000e+00 1.600000000000000089e+00 -2.765999999999999796e-03 -3.817000000000000080e-03 9.999890000000000168e-01 -2.226799999999999960e-02 -9.997449999999999948e-01 -3.877999999999999937e-03 9.997479999999999700e-01 -2.227900000000000019e-02 2.680999999999999790e-03
2.400000000000000000e+01 3.000000000000000000e+00 2.500000000000000000e+01 0.000000000000000000e+00 1.600000000000000089e+00 -2.903000000000000198e-03 3.333000000000000025e-03 9.999900000000000455e-01 -1.742000000000000146e-02 -9.998430000000000373e-01 3.282000000000000195e-03 9.998439999999999550e-01 -1.740999999999999839e-02 2.959999999999999958e-03
2.800000000000000000e+01 3.000000000000000000e+00 2.500000000000000000e+01 0.000000000000000000e+00 1.600000000000000089e+00 1.235999999999999903e-03 6.579999999999999911e-03 9.999780000000000335e-01 -2.011200000000000140e-02 -9.997759999999999980e-01 6.603000000000000362e-03 9.997970000000000468e-01 -2.011999999999999900e-02 -1.103000000000000031e-03
3.000000000000000000e+00 4.600000000000000000e+01 2.700000000000000000e+01 0.000000000000000000e+00 1.600000000000000089e+00 1.304000000000000038e-03 -5.446000000000000320e-03 -9.999839999999999840e-01 6.729549999999999699e-01 7.396770000000000289e-01 -3.151000000000000155e-03 7.396829999999999794e-01 -6.729399999999999826e-01 4.629000000000000302e-03
1.700000000000000000e+01 4.600000000000000000e+01 2.700000000000000000e+01 0.000000000000000000e+00 1.600000000000000089e+00 -3.079999999999999839e-03 1.168999999999999900e-03 -9.999949999999999672e-01 6.668530000000000291e-01 7.451879999999999615e-01 -1.182000000000000108e-03 7.451830000000000398e-01 -6.668530000000000291e-01 -3.075000000000000042e-03
2.700000000000000000e+01 4.600000000000000000e+01 2.700000000000000000e+01 0.000000000000000000e+00 1.600000000000000089e+00 9.399999999999999719e-04 4.910000000000000085e-04 -9.999989999999999712e-01 6.698439999999999950e-01 7.425009999999999666e-01 9.950000000000000077e-04 7.425009999999999666e-01 -6.698439999999999950e-01 3.690000000000000246e-04
1.100000000000000000e+01 4.600000000000000000e+01 3.000000000000000000e+01 0.000000000000000000e+00 1.600000000000000089e+00 8.180000000000000422e-04 -5.000000000000000409e-06 -1.000000000000000000e+00 3.153639999999999777e-01 9.489710000000000090e-01 2.530000000000000239e-04 9.489699999999999802e-01 -3.153639999999999777e-01 7.780000000000000457e-04
1.600000000000000000e+01 4.600000000000000000e+01 3.000000000000000000e+01 0.000000000000000000e+00 1.600000000000000089e+00 -3.024999999999999911e-03 -1.149999999999999981e-03 -9.999949999999999672e-01 3.162909999999999888e-01 9.486599999999999477e-01 -2.047999999999999907e-03 9.486580000000000013e-01 -3.162949999999999928e-01 -2.505999999999999981e-03
2.000000000000000000e+01 4.600000000000000000e+01 3.000000000000000000e+01 0.000000000000000000e+00 1.600000000000000089e+00 -2.158999999999999895e-03 3.589999999999999984e-04 -9.999980000000000535e-01 3.160290000000000044e-01 9.487489999999999535e-01 -3.409999999999999945e-04 9.487470000000000070e-01 -3.160290000000000044e-01 -2.161999999999999859e-03
7.000000000000000000e+00 5.800000000000000000e+01 3.100000000000000000e+01 0.000000000000000000e+00 1.600000000000000089e+00 -2.846000000000000005e-03 -4.788999999999999854e-03 9.999850000000000128e-01 -7.831430000000000335e-01 -6.218190000000000106e-01 -5.206999999999999823e-03 6.218350000000000266e-01 -7.831460000000000088e-01 -1.981000000000000122e-03
1.500000000000000000e+01 5.800000000000000000e+01 3.100000000000000000e+01 0.000000000000000000e+00 1.600000000000000089e+00 -4.840000000000000010e-04 3.390000000000000001e-04 1.000000000000000000e+00 -7.897509999999999808e-01 -6.134269999999999445e-01 -1.740000000000000010e-04 6.134269999999999445e-01 -7.897509999999999808e-01 5.649999999999999641e-04
2.000000000000000000e+01 5.800000000000000000e+01 3.100000000000000000e+01 0.000000000000000000e+00 1.600000000000000089e+00 1.448999999999999984e-03 1.794999999999999938e-03 9.999970000000000248e-01 -7.897420000000000551e-01 -6.134349999999999525e-01 2.245000000000000034e-03 6.134370000000000100e-01 -7.897429999999999728e-01 5.289999999999999564e-04
2.600000000000000000e+01 5.800000000000000000e+01 3.100000000000000000e+01 0.000000000000000000e+00 1.600000000000000089e+00 1.848999999999999949e-03 5.553999999999999909e-03 9.999829999999999552e-01 -7.860989999999999922e-01 -6.180820000000000203e-01 4.885999999999999718e-03 6.180980000000000363e-01 -7.860939999999999594e-01 3.223000000000000170e-03
3.000000000000000000e+00 4.600000000000000000e+01 3.500000000000000000e+01 0.000000000000000000e+00 1.600000000000000089e+00 3.719999999999999891e-04 -2.067999999999999960e-03 -9.999980000000000535e-01 3.903739999999999988e-01 -9.206539999999999724e-01 2.049000000000000040e-03 -9.206560000000000299e-01 -3.903739999999999988e-01 4.640000000000000027e-04
1.300000000000000000e+01 4.600000000000000000e+01 3.500000000000000000e+01 0.000000000000000000e+00 1.600000000000000089e+00 -1.505999999999999960e-03 -4.350000000000000026e-04 -9.999989999999999712e-01 3.903340000000000143e-01 -9.206729999999999636e-01 -1.869999999999999917e-04 -9.206720000000000459e-01 -3.903340000000000143e-01 1.557000000000000007e-03
1.500000000000000000e+01 4.600000000000000000e+01 3.500000000000000000e+01 0.000000000000000000e+00 1.600000000000000089e+00 -1.378000000000000102e-03 2.528999999999999998e-03 -9.999959999999999960e-01 3.899299999999999988e-01 -9.208399999999999919e-01 -2.866000000000000058e-03 -9.208439999999999959e-01 -3.899320000000000008e-01 2.820000000000000241e-04
2.500000000000000000e+01 4.600000000000000000e+01 3.500000000000000000e+01 0.000000000000000000e+00 1.600000000000000089e+00 -4.290000000000000193e-04 2.431000000000000001e-03 -9.999970000000000248e-01 3.906689999999999885e-01 -9.205280000000000129e-01 -2.406000000000000152e-03 -9.205309999999999881e-01 -3.906689999999999885e-01 -5.550000000000000462e-04
2.800000000000000000e+01 4.600000000000000000e+01 3.500000000000000000e+01 0.000000000000000000e+00 1.600000000000000089e+00 -9.359999999999999831e-04 7.899999999999999579e-05 -1.000000000000000000e+00 3.899150000000000116e-01 -9.208509999999999751e-01 -4.380000000000000213e-04 -9.208499999999999464e-01 -3.899150000000000116e-01 8.319999999999999488e-04
3.000000000000000000e+00 3.000000000000000000e+00 4.300000000000000000e+01 0.000000000000000000e+00 1.600000000000000089e+00 -5.742999999999999841e-03 -4.224999999999999589e-03 -9.999749999999999472e-01 7.348240000000000327e-01 -6.782569999999999988e-01 -1.353999999999999952e-03 -6.782340000000000035e-01 -7.348130000000000495e-01 7.000000000000000146e-03
1.200000000000000000e+01 3.000000000000000000e+00 4.300000000000000000e+01 0.000000000000000000e+00 1.600000000000000089e+00 -5.228000000000000008e-03 -6.491000000000000242e-03 -9.999649999999999928e-01 7.374370000000000092e-01 -6.754160000000000164e-01 5.289999999999999564e-04 -6.753959999999999964e-01 -7.374089999999999812e-01 8.318000000000000740e-03
2.600000000000000000e+01 3.000000000000000000e+00 4.300000000000000000e+01 0.000000000000000000e+00 1.600000000000000089e+00 -8.200000000000000095e-05 -1.013999999999999971e-02 -9.999489999999999768e-01 7.410689999999999777e-01 -6.713949999999999640e-01 6.747000000000000393e-03 -6.714290000000000536e-01 -7.410309999999999953e-01 7.570000000000000340e-03
1.300000000000000000e+01 8.000000000000000000e+00 4.400000000000000000e+01 0.000000000000000000e+00 1.600000000000000089e+00 7.529999999999999801e-04 -4.081999999999999691e-03 9.999909999999999632e-01 -7.845689999999999609e-01 -6.200390000000000068e-01 -1.941000000000000017e-03 6.200409999999999533e-01 -7.845609999999999529e-01 -3.668999999999999952e-03
6.000000000000000000e+00 2.900000000000000000e+01 4.400000000000000000e+01 0.000000000000000000e+00 1.600000000000000089e+00 -1.526000000000000013e-03 8.620000000000000275e-04 -9.999989999999999712e-01 6.535579999999999723e-01 7.568759999999999932e-01 -3.449999999999999833e-04 7.568749999999999645e-01 -6.535579999999999723e-01 -1.717999999999999909e-03
9.000000000000000000e+00 2.900000000000000000e+01 4.400000000000000000e+01 0.000000000000000000e+00 1.600000000000000089e+00 3.480000000000000020e-04 1.647999999999999942e-03 -9.999989999999999712e-01 6.568150000000000377e-01 7.540499999999999980e-01 1.471000000000000085e-03 7.540510000000000268e-01 -6.568150000000000377e-01 -8.199999999999999824e-04
1.400000000000000000e+01 2.900000000000000000e+01 4.400000000000000000e+01 0.000000000000000000e+00 1.600000000000000089e+00 1.320000000000000101e-04 8.159999999999999936e-04 -1.000000000000000000e+00 6.635240000000000027e-01 7.481550000000000145e-01 6.989999999999999686e-04 7.481550000000000145e-01 -6.635229999999999739e-01 -4.429999999999999802e-04
1.900000000000000000e+01 2.900000000000000000e+01 4.400000000000000000e+01 0.000000000000000000e+00 1.600000000000000089e+00 1.010000000000000047e-03 -3.809999999999999910e-04 -9.999989999999999712e-01 6.581839999999999913e-01 7.528569999999999984e-01 3.780000000000000265e-04 7.528559999999999697e-01 -6.581839999999999913e-01 1.012000000000000096e-03
2.400000000000000000e+01 2.900000000000000000e+01 4.400000000000000000e+01 0.000000000000000000e+00 1.600000000000000089e+00 6.859999999999999779e-04 -1.582999999999999989e-03 -9.999980000000000535e-01 6.510839999999999961e-01 7.590050000000000407e-01 -7.550000000000000287e-04 7.590050000000000407e-01 -6.510829999999999673e-01 1.551000000000000078e-03
1.900000000000000000e+01 6.500000000000000000e+01 4.600000000000000000e+01 0.000000000000000000e+00 1.600000000000000089e+00 -5.950000000000000427e-04 -2.150000000000000001e-03 9.999970000000000248e-01 6.807229999999999670e-01 -7.325399999999999689e-01 -1.168999999999999900e-03 7.325409999999999977e-01 6.807199999999999918e-01 1.899000000000000080e-03
2.900000000000000000e+01 6.500000000000000000e+01 4.600000000000000000e+01 0.000000000000000000e+00 1.600000000000000089e+00 -2.900000000000000017e-05 -1.513000000000000022e-03 9.999989999999999712e-01 6.823679999999999746e-01 -7.310079999999999911e-01 -1.085999999999999943e-03 7.310090000000000199e-01 6.823669999999999458e-01 1.052999999999999900e-03
2.700000000000000000e+01 7.000000000000000000e+01 4.700000000000000000e+01 0.000000000000000000e+00 1.600000000000000089e+00 -6.049999999999999606e-04 3.739999999999999835e-04 -1.000000000000000000e+00 -8.422899999999999832e-01 -5.390239999999999476e-01 3.080000000000000055e-04 -5.390239999999999476e-01 8.422899999999999832e-01 6.409999999999999682e-04
2.000000000000000000e+00 5.000000000000000000e+00 5.100000000000000000e+01 0.000000000000000000e+00 1.600000000000000089e+00 -4.055999999999999710e-03 -1.956999999999999972e-03 -9.999900000000000455e-01 4.857639999999999736e-01 -8.740900000000000336e-01 -2.599999999999999772e-04 -8.740809999999999969e-01 -4.857600000000000251e-01 4.495999999999999996e-03
1.700000000000000000e+01 5.000000000000000000e+00 5.100000000000000000e+01 0.000000000000000000e+00 1.600000000000000089e+00 2.820000000000000241e-04 -2.090999999999999977e-03 -9.999980000000000535e-01 4.787449999999999761e-01 -8.779519999999999547e-01 1.971000000000000096e-03 -8.779540000000000122e-01 -4.787449999999999761e-01 7.529999999999999801e-04
2.000000000000000000e+01 5.000000000000000000e+00 5.100000000000000000e+01 0.000000000000000000e+00 1.600000000000000089e+00 7.389999999999999651e-04 6.068999999999999742e-03 -9.999810000000000088e-01 4.794269999999999921e-01 -8.775680000000000147e-01 -4.971999999999999857e-03 -8.775810000000000555e-01 -4.794149999999999801e-01 -3.557999999999999965e-03
2.800000000000000000e+01 5.000000000000000000e+00 5.100000000000000000e+01 0.000000000000000000e+00 1.600000000000000089e+00 1.098000000000000018e-03 1.920000000000000049e-04 -9.999989999999999712e-01 4.712899999999999867e-01 -8.819780000000000397e-01 3.480000000000000020e-04 -8.819780000000000397e-01 -4.712899999999999867e-01 -1.059000000000000045e-03
1.200000000000000000e+01 1.150000000000000000e+02 5.100000000000000000e+01 0.000000000000000000e+00 1.600000000000000089e+00 1.631999999999999987e-03 6.809999999999999647e-04 9.999980000000000535e-01 8.447900000000000409e-01 -5.350970000000000448e-01 -1.013999999999999927e-03 5.350960000000000161e-01 8.447900000000000409e-01 -1.448999999999999984e-03
2.000000000000000000e+01 7.000000000000000000e+00 5.200000000000000000e+01 0.000000000000000000e+00 1.600000000000000089e+00 1.018000000000000025e-03 1.941000000000000017e-03 -9.999980000000000535e-01 1.179499999999999993e-01 -9.930179999999999563e-01 -1.807000000000000012e-03 -9.930189999999999850e-01 -1.179479999999999973e-01 -1.240000000000000000e-03
2.500000000000000000e+01 7.000000000000000000e+00 5.200000000000000000e+01 0.000000000000000000e+00 1.600000000000000089e+00 -5.209999999999999788e-04 4.009999999999999893e-04 -1.000000000000000000e+00 9.913399999999999990e-02 -9.950740000000000141e-01 -4.510000000000000120e-04 -9.950740000000000141e-01 -9.913399999999999990e-02 4.780000000000000178e-04
2.000000000000000000e+00 6.300000000000000000e+01 5.400000000000000000e+01 0.000000000000000000e+00 1.600000000000000089e+00 -1.979999999999999881e-04 9.110000000000000259e-04 1.000000000000000000e+00 -3.454099999999999948e-01 9.384519999999999529e-01 -9.240000000000000166e-04 -9.384519999999999529e-01 -3.454099999999999948e-01 1.289999999999999914e-04
8.000000000000000000e+00 6.300000000000000000e+01 5.400000000000000000e+01 0.000000000000000000e+00 1.600000000000000089e+00 2.959999999999999849e-04 -2.279000000000000210e-03 9.999970000000000248e-01 -3.485219999999999985e-01 9.372979999999999645e-01 2.239000000000000105e-03 -9.373010000000000508e-01 -3.485219999999999985e-01 -5.159999999999999656e-04
1.200000000000000000e+01 6.300000000000000000e+01 5.400000000000000000e+01 0.000000000000000000e+00 1.600000000000000089e+00 1.348999999999999939e-03 -8.559999999999999901e-04 9.999989999999999712e-01 -3.504410000000000025e-01 9.365839999999999721e-01 1.275000000000000092e-03 -9.365839999999999721e-01 -3.504419999999999757e-01 9.629999999999999888e-04
1.700000000000000000e+01 6.300000000000000000e+01 5.400000000000000000e+01 0.000000000000000000e+00 1.600000000000000089e+00 -8.790000000000000070e-04 -5.969999999999999829e-04 9.999989999999999712e-01 -3.450940000000000119e-01 9.385679999999999579e-01 2.570000000000000127e-04 -9.385679999999999579e-01 -3.450940000000000119e-01 -1.031000000000000015e-03
2.100000000000000000e+01 6.300000000000000000e+01 5.400000000000000000e+01 0.000000000000000000e+00 1.600000000000000089e+00 -1.105000000000000079e-03 2.900000000000000017e-04 9.999989999999999712e-01 -3.418829999999999925e-01 9.397419999999999662e-01 -6.499999999999999702e-04 -9.397419999999999662e-01 -3.418840000000000212e-01 -9.389999999999999476e-04
5.000000000000000000e+00 2.500000000000000000e+01 5.500000000000000000e+01 0.000000000000000000e+00 1.600000000000000089e+00 7.669999999999999951e-04 -1.291000000000000047e-03 -9.999989999999999712e-01 -1.246899999999999918e-02 -9.999209999999999487e-01 1.281999999999999936e-03 -9.999219999999999775e-01 1.246799999999999992e-02 -7.829999999999999504e-04
1.600000000000000000e+01 2.500000000000000000e+01 5.500000000000000000e+01 0.000000000000000000e+00 1.600000000000000089e+00 -9.870000000000000301e-04 -2.883000000000000146e-03 -9.999949999999999672e-01 -1.151399999999999993e-02 -9.999299999999999855e-01 2.893999999999999871e-03 -9.999329999999999607e-01 1.151699999999999946e-02 9.539999999999999869e-04
2.400000000000000000e+01 2.500000000000000000e+01 5.500000000000000000e+01 0.000000000000000000e+00 1.600000000000000089e+00 1.809999999999999977e-03 8.564000000000000432e-03 -9.999620000000000175e-01 -1.112499999999999947e-02 -9.999010000000000398e-01 -8.583999999999999617e-03 -9.999360000000000470e-01 1.114000000000000060e-02 -1.714999999999999945e-03
8.000000000000000000e+00 2.100000000000000000e+01 6.000000000000000000e+01 0.000000000000000000e+00 1.600000000000000089e+00 3.759999999999999779e-04 3.840000000000000097e-04 1.000000000000000000e+00 -9.450600000000000667e-02 9.955239999999999645e-01 -3.460000000000000076e-04 -9.955239999999999645e-01 -9.450600000000000667e-02 4.110000000000000155e-04
2.200000000000000000e+01 2.100000000000000000e+01 6.000000000000000000e+01 0.000000000000000000e+00 1.600000000000000089e+00 2.235000000000000007e-03 -1.619699999999999959e-02 9.998660000000000325e-01 -9.389400000000000523e-02 9.954479999999999995e-01 1.633599999999999983e-02 -9.955800000000000205e-01 -9.391800000000000148e-02 7.039999999999999817e-04
2.600000000000000000e+01 2.100000000000000000e+01 6.000000000000000000e+01 0.000000000000000000e+00 1.600000000000000089e+00 1.289999999999999914e-04 -6.834999999999999930e-03 9.999770000000000048e-01 -9.041200000000000625e-02 9.958810000000000162e-01 6.818000000000000276e-03 -9.959050000000000402e-01 -9.041000000000000425e-02 -4.889999999999999599e-04
8.000000000000000000e+00 6.700000000000000000e+01 6.000000000000000000e+01 0.000000000000000000e+00 1.600000000000000089e+00 3.350000000000000113e-04 3.235000000000000028e-03 9.999949999999999672e-01 1.781109999999999915e-01 -9.840050000000000185e-01 3.124000000000000041e-03 9.840100000000000513e-01 1.781089999999999895e-01 -9.060000000000000128e-04
1.400000000000000000e+01 6.700000000000000000e+01 6.000000000000000000e+01 0.000000000000000000e+00 1.600000000000000089e+00 1.719999999999999958e-03 2.552000000000000015e-03 9.999949999999999672e-01 1.742829999999999935e-01 -9.846930000000000405e-01 2.213000000000000123e-03 9.846939999999999582e-01 1.742779999999999885e-01 -2.138999999999999842e-03
1.700000000000000000e+01 1.200000000000000000e+01 6.300000000000000000e+01 0.000000000000000000e+00 1.600000000000000089e+00 7.945999999999999938e-03 3.330000000000000169e-04 -9.999679999999999680e-01 -1.545980000000000132e-01 -9.879759999999999653e-01 -1.557999999999999923e-03 -9.879459999999999908e-01 1.546049999999999924e-01 -7.798000000000000244e-03
3.000000000000000000e+00 2.700000000000000000e+01 6.300000000000000000e+01 0.000000000000000000e+00 1.600000000000000089e+00 5.019999999999999506e-04 4.852999999999999675e-03 9.999879999999999880e-01 -2.684929999999999817e-01 9.632709999999999884e-01 -4.539999999999999765e-03 -9.632810000000000539e-01 -2.684880000000000044e-01 1.786000000000000044e-03
9.000000000000000000e+00 2.700000000000000000e+01 6.300000000000000000e+01 0.000000000000000000e+00 1.600000000000000089e+00 -6.000000000000000152e-05 -1.683000000000000034e-03 9.999989999999999712e-01 -2.723169999999999757e-01 9.622060000000000057e-01 1.603000000000000041e-03 -9.622079999999999522e-01 -2.723169999999999757e-01 -5.159999999999999656e-04
1.300000000000000000e+01 2.700000000000000000e+01 6.300000000000000000e+01 0.000000000000000000e+00 1.600000000000000089e+00 -4.979999999999999618e-04 -2.700000000000000035e-04 1.000000000000000000e+00 -2.743579999999999908e-01 9.616270000000000095e-01 1.230000000000000082e-04 -9.616270000000000095e-01 -2.743579999999999908e-01 -5.529999999999999976e-04
1.700000000000000000e+01 2.700000000000000000e+01 6.300000000000000000e+01 0.000000000000000000e+00 1.600000000000000089e+00 1.949999999999999965e-04 7.550000000000000287e-04 1.000000000000000000e+00 -2.729400000000000159e-01 9.620309999999999695e-01 -6.729999999999999871e-04 -9.620309999999999695e-01 -2.729400000000000159e-01 3.939999999999999817e-04
2.000000000000000000e+01 2.700000000000000000e+01 6.300000000000000000e+01 0.000000000000000000e+00 1.600000000000000089e+00 1.407000000000000048e-03 -8.599999999999999789e-04 9.999989999999999712e-01 -2.716759999999999731e-01 9.623880000000000212e-01 1.209999999999999921e-03 -9.623880000000000212e-01 -2.716770000000000018e-01 1.119999999999999902e-03
2.600000000000000000e+01 2.700000000000000000e+01 6.300000000000000000e+01 0.000000000000000000e+00 1.600000000000000089e+00 3.621999999999999786e-03 1.009700000000000007e-02 9.999419999999999975e-01 -2.677860000000000240e-01 9.634390000000000454e-01 -8.758999999999999425e-03 -9.634719999999999951e-01 -2.677390000000000048e-01 6.192999999999999720e-03
4.000000000000000000e+00 2.600000000000000000e+01 6.400000000000000000e+01 0.000000000000000000e+00 1.600000000000000089e+00 -2.840000000000000185e-04 4.014000000000000207e-03 9.999919999999999920e-01 -3.483169999999999877e-01 9.373690000000000078e-01 -3.861999999999999982e-03 -9.373770000000000158e-01 -3.483149999999999857e-01 1.131999999999999977e-03
8.000000000000000000e+00 2.600000000000000000e+01 6.400000000000000000e+01 0.000000000000000000e+00 1.600000000000000089e+00 7.479999999999999670e-04 5.829999999999999679e-04 1.000000000000000000e+00 -3.517640000000000211e-01 9.360889999999999489e-01 -2.829999999999999942e-04 -9.360880000000000312e-01 -3.517640000000000211e-01 9.049999999999999885e-04
1.300000000000000000e+01 2.600000000000000000e+01 6.400000000000000000e+01 0.000000000000000000e+00 1.600000000000000089e+00 -3.620000000000000171e-04 -6.250000000000000130e-04 1.000000000000000000e+00 -3.539439999999999809e-01 9.352669999999999595e-01 4.569999999999999952e-04 -9.352669999999999595e-01 -3.539430000000000076e-01 -5.599999999999999509e-04
1.700000000000000000e+01 2.600000000000000000e+01 6.400000000000000000e+01 0.000000000000000000e+00 1.600000000000000089e+00 9.899999999999999404e-05 3.390000000000000001e-04 1.000000000000000000e+00 -3.530369999999999897e-01 9.356090000000000240e-01 -2.820000000000000241e-04 -9.356090000000000240e-01 -3.530369999999999897e-01 2.120000000000000031e-04
2.100000000000000000e+01 2.600000000000000000e+01 6.400000000000000000e+01 0.000000000000000000e+00 1.600000000000000089e+00 1.843999999999999936e-03 4.200000000000000174e-04 9.999980000000000535e-01 -3.514459999999999806e-01 9.362080000000000402e-01 2.550000000000000183e-04 -9.362059999999999826e-01 -3.514459999999999806e-01 1.874000000000000015e-03
2.500000000000000000e+01 2.600000000000000000e+01 6.400000000000000000e+01 0.000000000000000000e+00 1.600000000000000089e+00 1.543000000000000101e-03 6.882000000000000096e-03 9.999749999999999472e-01 -3.488519999999999954e-01 9.371589999999999643e-01 -5.911999999999999721e-03 -9.371770000000000378e-01 -3.488339999999999774e-01 3.847000000000000159e-03
2.900000000000000000e+01 2.600000000000000000e+01 6.400000000000000000e+01 0.000000000000000000e+00 1.600000000000000089e+00 1.221000000000000080e-03 3.811999999999999850e-03 9.999919999999999920e-01 -3.444110000000000227e-01 9.388140000000000374e-01 -3.158000000000000217e-03 -9.388180000000000414e-01 -3.444039999999999879e-01 2.458999999999999814e-03
1.000000000000000000e+00 6.900000000000000000e+01 6.600000000000000000e+01 0.000000000000000000e+00 1.600000000000000089e+00 -9.686000000000000165e-03 1.150999999999999896e-03 9.999519999999999520e-01 -9.518520000000000314e-01 3.064100000000000157e-01 -9.572999999999999912e-03 -3.064060000000000117e-01 -9.518990000000000506e-01 -1.871999999999999966e-03
8.000000000000000000e+00 6.900000000000000000e+01 6.600000000000000000e+01 0.000000000000000000e+00 1.600000000000000089e+00 3.823000000000000009e-03 -5.036999999999999811e-03 9.999799999999999800e-01 -9.504179999999999851e-01 3.109330000000000149e-01 5.198999999999999629e-03 -3.109529999999999794e-01 -9.504179999999999851e-01 -3.599000000000000202e-03
1.900000000000000000e+01 6.900000000000000000e+01 6.600000000000000000e+01 0.000000000000000000e+00 1.600000000000000089e+00 2.765999999999999796e-03 -4.001000000000000216e-03 9.999879999999999880e-01 -9.497409999999999464e-01 3.130140000000000144e-01 3.879000000000000069e-03 -3.130249999999999977e-01 -9.497400000000000286e-01 -2.933999999999999976e-03
