5.000000000000000000e+00 1.500000000000000000e+01 4.000000000000000000e+00 0.000000000000000000e+00 1.600000000000000089e+00 2.138999999999999842e-03 5.840999999999999838e-03 9.999810000000000088e-01 3.242809999999999859e-01 -9.459490000000000398e-01 4.832000000000000357e-03 9.459589999999999943e-01 3.242639999999999967e-01 -3.917000000000000343e-03
1.000000000000000000e+01 1.500000000000000000e+01 4.000000000000000000e+00 0.000000000000000000e+00 1.600000000000000089e+00 -3.129999999999999970e-03 -7.861999999999999197e-03 9.999639999999999640e-01 3.211439999999999850e-01 -9.470079999999999609e-01 -6.440999999999999677e-03 9.470250000000000057e-01 3.211120000000000085e-01 5.488999999999999956e-03
1.500000000000000000e+01 1.500000000000000000e+01 4.000000000000000000e+00 0.000000000000000000e+00 1.600000000000000089e+00 1.546999999999999981e-03 -6.058000000000000017e-03 9.999799999999999800e-01 3.236910000000000065e-01 -9.461420000000000385e-01 -6.232999999999999825e-03 9.461619999999999475e-01 3.236939999999999817e-01 4.970000000000000459e-04
2.200000000000000000e+01 1.500000000000000000e+01 4.000000000000000000e+00 0.000000000000000000e+00 1.600000000000000089e+00 -5.989000000000000400e-03 -1.030499999999999992e-02 9.999289999999999567e-01 3.212809999999999833e-01 -9.469520000000000159e-01 -7.834999999999999951e-03 9.469649999999999457e-01 3.212110000000000243e-01 8.982000000000000400e-03
2.500000000000000000e+01 1.500000000000000000e+01 4.000000000000000000e+00 0.000000000000000000e+00 1.600000000000000089e+00 -4.383999999999999876e-03 -1.392299999999999961e-02 9.998930000000000318e-01 3.203300000000000036e-01 -9.472329999999999917e-01 -1.178500000000000034e-02 9.472960000000000269e-01 3.202439999999999731e-01 8.611999999999999864e-03
2.800000000000000000e+01 1.500000000000000000e+01 4.000000000000000000e+00 0.000000000000000000e+00 1.600000000000000089e+00 -2.750000000000000166e-04 -1.289900000000000074e-02 9.999169999999999447e-01 3.213750000000000218e-01 -9.468739999999999934e-01 -1.212599999999999963e-02 9.469520000000000159e-01 3.213449999999999918e-01 4.406000000000000194e-03
1.600000000000000000e+01 1.900000000000000000e+01 5.000000000000000000e+00 0.000000000000000000e+00 1.600000000000000089e+00 -1.680999999999999986e-03 -4.994000000000000175e-03 -9.999860000000000415e-01 -6.743040000000000145e-01 -7.384380000000000388e-01 4.820999999999999765e-03 -7.384519999999999973e-01 6.743029999999999857e-01 -2.125999999999999852e-03
9.000000000000000000e+00 1.010000000000000000e+02 7.000000000000000000e+00 0.000000000000000000e+00 1.600000000000000089e+00 -6.008999999999999585e-03 1.466699999999999948e-02 9.998740000000000405e-01 8.810700000000000198e-01 4.729840000000000155e-01 -1.642999999999999929e-03 -4.729479999999999795e-01 8.809489999999999821e-01 -1.576500000000000123e-02
1.900000000000000000e+01 1.010000000000000000e+02 7.000000000000000000e+00 0.000000000000000000e+00 1.600000000000000089e+00 -1.965000000000000167e-03 -5.208999999999999742e-02 9.986399999999999721e-01 8.809850000000000181e-01 4.724079999999999946e-01 2.637499999999999914e-02 -4.731389999999999763e-01 8.798399999999999554e-01 4.496200000000000196e-02
2.000000000000000000e+00 2.500000000000000000e+01 8.000000000000000000e+00 0.000000000000000000e+00 1.600000000000000089e+00 -5.599999999999999509e-04 6.750000000000000357e-04 -1.000000000000000000e+00 4.537649999999999739e-01 8.911210000000000520e-01 3.469999999999999777e-04 8.911210000000000520e-01 -4.537649999999999739e-01 -8.050000000000000515e-04
8.000000000000000000e+00 2.500000000000000000e+01 8.000000000000000000e+00 0.000000000000000000e+00 1.600000000000000089e+00 -9.790000000000000525e-04 6.721000000000000411e-03 -9.999770000000000048e-01 4.530989999999999740e-01 8.914429999999999854e-01 5.547999999999999980e-03 8.914600000000000302e-01 -4.530830000000000135e-01 -3.917999999999999608e-03
1.100000000000000000e+01 2.500000000000000000e+01 8.000000000000000000e+00 0.000000000000000000e+00 1.600000000000000089e+00 -1.054000000000000032e-03 -2.191999999999999938e-03 -9.999970000000000248e-01 4.544039999999999746e-01 8.907929999999999460e-01 -2.432000000000000134e-03 8.907950000000000035e-01 -4.544050000000000034e-01 5.700000000000000314e-05
1.500000000000000000e+01 2.500000000000000000e+01 8.000000000000000000e+00 0.000000000000000000e+00 1.600000000000000089e+00 -8.750000000000000182e-04 1.257000000000000088e-03 -9.999989999999999712e-01 4.554230000000000222e-01 8.902750000000000385e-01 7.209999999999999612e-04 8.902750000000000385e-01 -4.554219999999999935e-01 -1.350999999999999987e-03
2.400000000000000000e+01 2.500000000000000000e+01 8.000000000000000000e+00 0.000000000000000000e+00 1.600000000000000089e+00 5.069999999999999637e-04 -1.146199999999999997e-02 -9.999339999999999895e-01 4.528380000000000183e-01 8.915370000000000239e-01 -9.990000000000000616e-03 8.915929999999999689e-01 -4.528030000000000110e-01 5.642000000000000313e-03
3.000000000000000000e+01 2.500000000000000000e+01 8.000000000000000000e+00 0.000000000000000000e+00 1.600000000000000089e+00 2.158999999999999895e-03 1.251000000000000029e-02 -9.999190000000000023e-01 4.527120000000000033e-01 8.915739999999999776e-01 1.213200000000000042e-02 8.916539999999999466e-01 -4.527010000000000201e-01 -3.738000000000000003e-03
2.000000000000000000e+00 2.400000000000000000e+01 9.000000000000000000e+00 0.000000000000000000e+00 1.600000000000000089e+00 -4.150000000000000043e-04 -6.329999999999999906e-04 -1.000000000000000000e+00 4.552610000000000268e-01 8.903579999999999828e-01 -7.529999999999999801e-04 8.903579999999999828e-01 -4.552610000000000268e-01 -8.200000000000000095e-05
1.100000000000000000e+01 2.400000000000000000e+01 9.000000000000000000e+00 0.000000000000000000e+00 1.600000000000000089e+00 -1.250000000000000026e-03 -2.076000000000000154e-03 -9.999970000000000248e-01 4.559810000000000252e-01 8.899860000000000548e-01 -2.418000000000000010e-03 8.899890000000000301e-01 -4.559819999999999984e-01 -1.659999999999999963e-04
1.900000000000000000e+01 2.400000000000000000e+01 9.000000000000000000e+00 0.000000000000000000e+00 1.600000000000000089e+00 7.150000000000000322e-04 -3.649999999999999816e-04 -1.000000000000000000e+00 4.580500000000000127e-01 8.889259999999999939e-01 3.000000000000000076e-06 8.889259999999999939e-01 -4.580500000000000127e-01 8.030000000000000028e-04
2.500000000000000000e+01 2.400000000000000000e+01 9.000000000000000000e+00 0.000000000000000000e+00 1.600000000000000089e+00 9.990000000000001049e-04 -6.447999999999999739e-03 -9.999789999999999512e-01 4.567390000000000061e-01 8.895849999999999591e-01 -5.278999999999999838e-03 8.895999999999999464e-01 -4.567240000000000189e-01 3.834000000000000168e-03
1.900000000000000000e+01 1.200000000000000000e+01 1.000000000000000000e+01 0.000000000000000000e+00 1.600000000000000089e+00 -4.360000000000000269e-04 -5.109999999999999959e-03 -9.999869999999999592e-01 -5.512559999999999683e-01 -8.343239999999999545e-01 4.504000000000000191e-03 -8.343359999999999665e-01 5.512510000000000465e-01 -2.452999999999999885e-03
1.000000000000000000e+00 3.500000000000000000e+01 1.200000000000000000e+01 0.000000000000000000e+00 1.600000000000000089e+00 1.320000000000000101e-04 3.229999999999999798e-03 -9.999949999999999672e-01 4.505580000000000140e-01 -8.927429999999999533e-01 -2.824000000000000121e-03 -8.927469999999999573e-01 -4.505549999999999833e-01 -1.572999999999999962e-03
1.100000000000000000e+01 3.500000000000000000e+01 1.200000000000000000e+01 0.000000000000000000e+00 1.600000000000000089e+00 -5.890000000000000053e-04 -8.140000000000000534e-04 -1.000000000000000000e+00 4.166880000000000028e-01 -9.090489999999999959e-01 4.939999999999999730e-04 -9.090489999999999959e-01 -4.166869999999999741e-01 8.750000000000000182e-04
1.500000000000000000e+01 3.500000000000000000e+01 1.200000000000000000e+01 0.000000000000000000e+00 1.600000000000000089e+00 2.455999999999999850e-03 -6.039000000000000097e-03 -9.999789999999999512e-01 4.027569999999999761e-01 -9.152839999999999865e-01 6.517000000000000223e-03 -9.153040000000000065e-01 -4.027640000000000109e-01 1.849999999999999973e-04
2.100000000000000000e+01 3.200000000000000000e+01 1.400000000000000000e+01 0.000000000000000000e+00 1.600000000000000089e+00 8.099999999999999561e-04 2.471999999999999805e-03 -9.999970000000000248e-01 1.054559999999999942e-01 9.944209999999999994e-01 2.543999999999999821e-03 9.944239999999999746e-01 -1.054579999999999962e-01 5.450000000000000200e-04
2.900000000000000000e+01 3.200000000000000000e+01 1.400000000000000000e+01 0.000000000000000000e+00 1.600000000000000089e+00 -1.595999999999999979e-03 -2.007000000000000103e-03 -9.999970000000000248e-01 1.044380000000000031e-01 9.945289999999999964e-01 -2.162999999999999992e-03 9.945300000000000251e-01 -1.044410000000000061e-01 -1.378000000000000102e-03
1.100000000000000000e+01 1.200000000000000000e+01 1.500000000000000000e+01 0.000000000000000000e+00 1.600000000000000089e+00 -1.512000000000000106e-03 -3.926999999999999935e-03 -9.999909999999999632e-01 -4.636460000000000026e-01 -8.860109999999999930e-01 4.179999999999999688e-03 -8.860190000000000010e-01 4.636480000000000046e-01 -4.809999999999999823e-04
2.700000000000000000e+01 1.200000000000000000e+01 1.500000000000000000e+01 0.000000000000000000e+00 1.600000000000000089e+00 8.469999999999999881e-04 -2.550000000000000183e-03 -9.999959999999999960e-01 -4.608059999999999934e-01 -8.874990000000000379e-01 1.871999999999999966e-03 -8.874999999999999556e-01 4.608030000000000181e-01 -1.925999999999999978e-03
1.600000000000000000e+01 1.160000000000000000e+02 1.600000000000000000e+01 0.000000000000000000e+00 1.600000000000000089e+00 -8.500000000000000611e-05 1.750999999999999952e-03 9.999980000000000535e-01 7.591320000000000290e-01 6.509359999999999591e-01 -1.075000000000000001e-03 -6.509359999999999591e-01 7.591310000000000002e-01 -1.384999999999999946e-03
2.100000000000000000e+01 1.160000000000000000e+02 1.600000000000000000e+01 0.000000000000000000e+00 1.600000000000000089e+00 -3.023000000000000079e-03 -4.429999999999999802e-04 9.999949999999999672e-01 7.668430000000000524e-01 6.418300000000000116e-01 2.602999999999999845e-03 -6.418279999999999541e-01 7.668469999999999454e-01 -1.600000000000000077e-03
2.900000000000000000e+01 1.160000000000000000e+02 1.600000000000000000e+01 0.000000000000000000e+00 1.600000000000000089e+00 -4.447000000000000432e-03 -4.649999999999999620e-03 9.999789999999999512e-01 7.881610000000000005e-01 6.154370000000000118e-01 6.367000000000000264e-03 -6.154539999999999456e-01 7.881730000000000125e-01 9.280000000000000054e-04
1.100000000000000000e+01 2.000000000000000000e+00 1.900000000000000000e+01 0.000000000000000000e+00 1.600000000000000089e+00 -1.230000000000000082e-04 -4.772000000000000200e-03 -9.999890000000000168e-01 1.611720000000000097e-01 -9.869149999999999867e-01 4.689999999999999725e-03 -9.869259999999999700e-01 -1.611700000000000077e-01 8.909999999999999734e-04
1.500000000000000000e+01 2.000000000000000000e+00 1.900000000000000000e+01 0.000000000000000000e+00 1.600000000000000089e+00 -1.430000000000000064e-03 -1.821800000000000155e-02 -9.998329999999999718e-01 1.595560000000000034e-01 -9.870290000000000452e-01 1.775600000000000095e-02 -9.871879999999999544e-01 -1.595040000000000069e-01 4.317999999999999790e-03
2.000000000000000000e+01 2.000000000000000000e+00 1.900000000000000000e+01 0.000000000000000000e+00 1.600000000000000089e+00 1.669999999999999935e-04 -1.704000000000000003e-03 -9.999989999999999712e-01 1.532910000000000106e-01 -9.881799999999999473e-01 1.709999999999999932e-03 -9.881809999999999761e-01 -1.532910000000000106e-01 9.600000000000000243e-05
2.300000000000000000e+01 2.000000000000000000e+00 1.900000000000000000e+01 0.000000000000000000e+00 1.600000000000000089e+00 1.472999999999999917e-03 7.832000000000000420e-03 -9.999679999999999680e-01 1.520100000000000062e-01 -9.883499999999999508e-01 -7.517000000000000244e-03 -9.883779999999999788e-01 -1.519939999999999902e-01 -2.647000000000000047e-03
5.000000000000000000e+00 1.300000000000000000e+01 2.000000000000000000e+01 0.000000000000000000e+00 1.600000000000000089e+00 3.539999999999999853e-04 -3.774000000000000011e-03 9.999930000000000208e-01 2.497330000000000105e-01 9.683079999999999465e-01 3.566000000000000159e-03 -9.683150000000000368e-01 2.497300000000000075e-01 1.284999999999999901e-03
1.200000000000000000e+01 1.300000000000000000e+01 2.000000000000000000e+01 0.000000000000000000e+00 1.600000000000000089e+00 3.100000000000000135e-05 -8.980000000000000352e-04 1.000000000000000000e+00 2.514109999999999956e-01 9.678799999999999626e-01 8.610000000000000032e-04 -9.678799999999999626e-01 2.514109999999999956e-01 2.550000000000000183e-04
2.400000000000000000e+01 1.300000000000000000e+01 2.000000000000000000e+01 0.000000000000000000e+00 1.600000000000000089e+00 1.716999999999999993e-03 -3.307000000000000044e-03 9.999930000000000208e-01 2.454490000000000005e-01 9.694049999999999612e-01 2.784000000000000016e-03 -9.694080000000000474e-01 2.454429999999999945e-01 2.475999999999999902e-03
3.000000000000000000e+00 1.600000000000000000e+01 2.100000000000000000e+01 0.000000000000000000e+00 1.600000000000000089e+00 2.910000000000000260e-04 -3.072000000000000078e-03 9.999949999999999672e-01 2.977489999999999859e-01 9.546400000000000441e-01 2.846000000000000005e-03 -9.546440000000000481e-01 2.977469999999999839e-01 1.191999999999999917e-03
8.000000000000000000e+00 1.600000000000000000e+01 2.100000000000000000e+01 0.000000000000000000e+00 1.600000000000000089e+00 7.299999999999999903e-05 -6.726000000000000208e-03 9.999770000000000048e-01 2.973489999999999744e-01 9.547470000000000123e-01 6.400000000000000307e-03 -9.547689999999999788e-01 2.973419999999999952e-01 2.069000000000000093e-03
1.700000000000000000e+01 1.600000000000000000e+01 2.100000000000000000e+01 0.000000000000000000e+00 1.600000000000000089e+00 2.183000000000000045e-03 1.089399999999999917e-02 9.999379999999999935e-01 2.990389999999999993e-01 9.541770000000000529e-01 -1.104800000000000053e-02 -9.542380000000000306e-01 2.990439999999999765e-01 -1.173999999999999913e-03
2.000000000000000000e+01 1.600000000000000000e+01 2.100000000000000000e+01 0.000000000000000000e+00 1.600000000000000089e+00 1.930999999999999991e-03 1.198300000000000060e-02 9.999259999999999815e-01 2.975090000000000234e-01 9.546430000000000193e-01 -1.201499999999999964e-02 -9.547170000000000378e-01 2.975099999999999967e-01 -1.721000000000000090e-03
2.100000000000000000e+01 3.000000000000000000e+00 2.500000000000000000e+01 0.000000000000000000e+00 1.600000000000000089e+00 -2.281000000000000041e-03 1.176999999999999921e-02 9.999280000000000390e-01 -4.172100000000000114e-02 -9.990609999999999769e-01 1.166400000000000076e-02 9.991269999999999873e-01 -4.169099999999999889e-02 2.769999999999999893e-03
2.500000000000000000e+01 4.900000000000000000e+01 2.500000000000000000e+01 0.000000000000000000e+00 1.600000000000000089e+00 8.713999999999999524e-03 7.128800000000000414e-02 9.974180000000000268e-01 6.698429999999999662e-01 7.401739999999999986e-01 -5.875400000000000067e-02 -7.424509999999999721e-01 6.686260000000000536e-01 -4.130199999999999844e-02
2.300000000000000000e+01 4.500000000000000000e+01 2.600000000000000000e+01 0.000000000000000000e+00 1.600000000000000089e+00 2.142600000000000060e-02 3.177300000000000263e-02 9.992649999999999588e-01 4.842020000000000213e-01 8.741229999999999833e-01 -3.817600000000000160e-02 -8.746939999999999715e-01 4.846650000000000125e-01 3.344000000000000184e-03
1.100000000000000000e+01 4.600000000000000000e+01 2.700000000000000000e+01 0.000000000000000000e+00 1.600000000000000089e+00 2.062000000000000031e-03 -2.762000000000000132e-03 -9.999940000000000495e-01 6.730570000000000164e-01 7.395899999999999697e-01 -6.539999999999999590e-04 7.395880000000000232e-01 -6.730519999999999836e-01 3.383999999999999855e-03
1.000000000000000000e+00 4.600000000000000000e+01 3.000000000000000000e+01 0.000000000000000000e+00 1.600000000000000089e+00 1.020999999999999989e-03 -7.069999999999999462e-04 -9.999989999999999712e-01 3.326549999999999785e-01 9.430490000000000261e-01 -3.269999999999999795e-04 9.430479999999999974e-01 -3.326540000000000052e-01 1.198000000000000063e-03
2.100000000000000000e+01 5.000000000000000000e+01 3.000000000000000000e+01 0.000000000000000000e+00 1.600000000000000089e+00 -6.470599999999999963e-02 -3.589919999999999778e-01 -9.310950000000000060e-01 5.978069999999999773e-01 -7.610400000000000498e-01 2.518819999999999948e-01 -7.990249999999999853e-01 -5.403170000000000472e-01 2.638519999999999754e-01
8.000000000000000000e+00 5.800000000000000000e+01 3.100000000000000000e+01 0.000000000000000000e+00 1.600000000000000089e+00 2.639700000000000032e-02 -8.891899999999999804e-02 9.956890000000000462e-01 -7.646979999999999889e-01 -6.433159999999999989e-01 -3.717700000000000171e-02 6.438479999999999759e-01 -7.604199999999999848e-01 -8.497799999999999798e-02
1.200000000000000000e+01 5.600000000000000000e+01 3.300000000000000000e+01 0.000000000000000000e+00 1.600000000000000089e+00 -2.587729999999999753e-01 -3.136340000000000239e-01 -9.136030000000000539e-01 4.600380000000000025e-01 -8.716789999999999816e-01 1.689380000000000048e-01 -8.493540000000000534e-01 -3.765749999999999931e-01 3.698500000000000121e-01
2.900000000000000000e+01 4.500000000000000000e+01 3.500000000000000000e+01 0.000000000000000000e+00 1.600000000000000089e+00 8.446000000000000382e-03 6.153999999999999748e-03 9.999449999999999728e-01 -4.392329999999999846e-01 -8.983259999999999579e-01 9.237999999999999684e-03 8.983339999999999659e-01 -4.392869999999999830e-01 -4.884000000000000320e-03
1.000000000000000000e+00 4.600000000000000000e+01 3.500000000000000000e+01 0.000000000000000000e+00 1.600000000000000089e+00 5.599999999999999509e-04 -2.860000000000000129e-04 -1.000000000000000000e+00 3.943070000000000186e-01 -9.189779999999999616e-01 4.840000000000000010e-04 -9.189779999999999616e-01 -3.943079999999999918e-01 -4.009999999999999893e-04
4.000000000000000000e+00 4.600000000000000000e+01 3.500000000000000000e+01 0.000000000000000000e+00 1.600000000000000089e+00 7.420000000000000380e-04 -1.093399999999999928e-02 -9.999400000000000510e-01 3.950520000000000143e-01 -9.186010000000000009e-01 1.033700000000000070e-02 -9.186579999999999746e-01 -3.950359999999999983e-01 3.637000000000000042e-03
7.000000000000000000e+00 4.600000000000000000e+01 3.500000000000000000e+01 0.000000000000000000e+00 1.600000000000000089e+00 -4.011999999999999941e-03 -5.561900000000000177e-02 -9.984439999999999982e-01 3.920420000000000016e-01 -9.186090000000000089e-01 4.959600000000000120e-02 -9.199389999999999512e-01 -3.912329999999999974e-01 2.548999999999999877e-02
1.100000000000000000e+01 4.600000000000000000e+01 3.500000000000000000e+01 0.000000000000000000e+00 1.600000000000000089e+00 -3.089499999999999885e-02 -1.700329999999999897e-01 -9.849539999999999962e-01 3.606969999999999898e-01 -9.209190000000000431e-01 1.476639999999999897e-01 -9.321709999999999718e-01 -3.507080000000000197e-01 8.978200000000000069e-02
6.000000000000000000e+00 9.500000000000000000e+01 3.600000000000000000e+01 0.000000000000000000e+00 1.600000000000000089e+00 -2.439399999999999902e-02 5.449099999999999777e-02 9.982159999999999922e-01 9.958010000000000472e-01 8.945599999999999385e-02 1.945099999999999954e-02 -8.823699999999999599e-02 9.944990000000000219e-01 -5.644400000000000112e-02
1.100000000000000000e+01 9.500000000000000000e+01 3.600000000000000000e+01 0.000000000000000000e+00 1.600000000000000089e+00 -3.299999999999999982e-04 2.860700000000000048e-02 9.995910000000000073e-01 9.976030000000000175e-01 6.917900000000000438e-02 -1.650999999999999907e-03 -6.919799999999999562e-02 9.971940000000000248e-01 -2.856099999999999958e-02
1.700000000000000000e+01 9.500000000000000000e+01 3.600000000000000000e+01 0.000000000000000000e+00 1.600000000000000089e+00 9.724000000000000005e-03 6.140999999999999757e-03 9.999339999999999895e-01 9.970020000000000548e-01 7.670399999999999441e-02 -1.016599999999999969e-02 -7.676199999999999690e-02 9.970350000000000046e-01 -5.376999999999999835e-03
7.000000000000000000e+00 2.900000000000000000e+01 4.400000000000000000e+01 0.000000000000000000e+00 1.600000000000000089e+00 2.300000000000000070e-04 8.149999999999999693e-04 -1.000000000000000000e+00 6.620099999999999874e-01 7.494939999999999936e-01 7.630000000000000063e-04 7.494950000000000223e-01 -6.620099999999999874e-01 -3.669999999999999760e-04
1.300000000000000000e+01 2.900000000000000000e+01 4.400000000000000000e+01 0.000000000000000000e+00 1.600000000000000089e+00 -3.177999999999999835e-03 -1.520000000000000084e-04 -9.999949999999999672e-01 6.580850000000000311e-01 7.529400000000000537e-01 -2.206000000000000062e-03 7.529369999999999674e-01 -6.580890000000000351e-01 -2.292999999999999899e-03
1.800000000000000000e+01 2.900000000000000000e+01 4.400000000000000000e+01 0.000000000000000000e+00 1.600000000000000089e+00 6.130000000000000466e-04 2.233000000000000176e-03 -9.999970000000000248e-01 6.594700000000000006e-01 7.517279999999999518e-01 2.083000000000000216e-03 7.517300000000000093e-01 -6.594700000000000006e-01 -1.012000000000000096e-03
2.200000000000000000e+01 2.900000000000000000e+01 4.400000000000000000e+01 0.000000000000000000e+00 1.600000000000000089e+00 6.589999999999999721e-04 5.370000000000000424e-04 -1.000000000000000000e+00 6.576180000000000359e-01 7.533509999999999929e-01 8.390000000000000105e-04 7.533509999999999929e-01 -6.576189999999999536e-01 1.430000000000000064e-04
2.600000000000000000e+01 2.900000000000000000e+01 4.400000000000000000e+01 0.000000000000000000e+00 1.600000000000000089e+00 -2.099999999999999884e-05 -2.174000000000000151e-03 -9.999980000000000535e-01 6.602620000000000156e-01 7.510329999999999506e-01 -1.645999999999999894e-03 7.510350000000000081e-01 -6.602609999999999868e-01 1.418999999999999906e-03
1.900000000000000000e+01 6.000000000000000000e+01 4.600000000000000000e+01 0.000000000000000000e+00 1.600000000000000089e+00 -4.266710000000000225e-01 -2.650049999999999906e-01 8.647110000000000074e-01 2.092799999999999938e-01 9.012280000000000291e-01 3.794600000000000195e-01 -8.798599999999999755e-01 3.428709999999999813e-01 -3.290669999999999984e-01
3.000000000000000000e+01 6.500000000000000000e+01 4.600000000000000000e+01 0.000000000000000000e+00 1.600000000000000089e+00 2.799600000000000005e-02 6.223499999999999865e-02 9.976690000000000280e-01 6.388989999999999947e-01 -7.687049999999999716e-01 3.002399999999999861e-02 7.687810000000000477e-01 6.365690000000000515e-01 -6.128200000000000314e-02
3.000000000000000000e+00 5.000000000000000000e+00 5.100000000000000000e+01 0.000000000000000000e+00 1.600000000000000089e+00 4.380000000000000213e-04 4.860999999999999870e-03 -9.999879999999999880e-01 4.916969999999999952e-01 -8.707570000000000032e-01 -4.016999999999999738e-03 -8.707660000000000400e-01 -4.916889999999999872e-01 -2.771000000000000026e-03
6.000000000000000000e+00 5.000000000000000000e+00 5.100000000000000000e+01 0.000000000000000000e+00 1.600000000000000089e+00 -1.890000000000000133e-04 6.865999999999999708e-03 -9.999759999999999760e-01 4.885760000000000103e-01 -8.725000000000000533e-01 -6.082999999999999866e-03 -8.725209999999999910e-01 -4.885660000000000003e-01 -3.190000000000000127e-03
1.100000000000000000e+01 5.000000000000000000e+00 5.100000000000000000e+01 0.000000000000000000e+00 1.600000000000000089e+00 -5.689999999999999529e-04 6.394999999999999643e-03 -9.999789999999999512e-01 4.829249999999999932e-01 -8.756420000000000314e-01 -5.873999999999999881e-03 -8.756610000000000227e-01 -4.829189999999999872e-01 -2.589999999999999854e-03
1.500000000000000000e+01 5.000000000000000000e+00 5.100000000000000000e+01 0.000000000000000000e+00 1.600000000000000089e+00 -1.923999999999999929e-03 -4.037999999999999923e-03 -9.999900000000000455e-01 4.845999999999999752e-01 -8.747319999999999540e-01 2.599999999999999881e-03 -8.747340000000000115e-01 -4.845900000000000207e-01 3.638999999999999874e-03
2.200000000000000000e+01 5.000000000000000000e+00 5.100000000000000000e+01 0.000000000000000000e+00 1.600000000000000089e+00 3.684000000000000209e-03 3.276999999999999965e-03 -9.999879999999999880e-01 4.891730000000000245e-01 -8.721860000000000168e-01 -1.056000000000000081e-03 -8.721790000000000376e-01 -4.891630000000000145e-01 -4.815999999999999968e-03
2.600000000000000000e+01 5.000000000000000000e+00 5.100000000000000000e+01 0.000000000000000000e+00 1.600000000000000089e+00 2.899999999999999800e-03 7.119999999999999593e-03 -9.999700000000000255e-01 4.853540000000000076e-01 -8.743049999999999988e-01 -4.818000000000000234e-03 -8.743130000000000068e-01 -4.853250000000000064e-01 -5.990999999999999798e-03
1.700000000000000000e+01 1.150000000000000000e+02 5.100000000000000000e+01 0.000000000000000000e+00 1.600000000000000089e+00 1.981000000000000122e-03 8.450000000000000479e-04 9.999980000000000535e-01 8.473330000000000028e-01 -5.310610000000000053e-01 -1.229999999999999974e-03 5.310580000000000300e-01 8.473330000000000028e-01 -1.768000000000000040e-03
1.700000000000000000e+01 7.000000000000000000e+00 5.200000000000000000e+01 0.000000000000000000e+00 1.600000000000000089e+00 -1.490000000000000005e-03 -5.066000000000000190e-03 -9.999860000000000415e-01 9.939499999999999724e-02 -9.950360000000000316e-01 4.892999999999999780e-03 -9.950470000000000148e-01 -9.938600000000000212e-02 1.985999999999999918e-03
2.000000000000000000e+00 6.300000000000000000e+01 5.400000000000000000e+01 0.000000000000000000e+00 1.600000000000000089e+00 -9.399999999999999719e-04 -3.095999999999999794e-03 9.999949999999999672e-01 -3.343630000000000213e-01 9.424409999999999732e-01 2.602999999999999845e-03 -9.424439999999999484e-01 -3.343590000000000173e-01 -1.920999999999999965e-03
2.800000000000000000e+01 2.500000000000000000e+01 5.500000000000000000e+01 0.000000000000000000e+00 1.600000000000000089e+00 -1.900999999999999912e-03 1.923000000000000013e-03 -9.999959999999999960e-01 -1.409499999999999989e-02 -9.998989999999999823e-01 -1.895999999999999899e-03 -9.998989999999999823e-01 1.409099999999999936e-02 1.928000000000000026e-03
2.000000000000000000e+00 4.700000000000000000e+01 5.500000000000000000e+01 0.000000000000000000e+00 1.600000000000000089e+00 -5.249299999999999800e-02 1.681809999999999972e-01 -9.843570000000000375e-01 -9.062080000000000135e-01 -4.221619999999999817e-01 -2.380200000000000024e-02 -4.195619999999999905e-01 8.907829999999999915e-01 1.745680000000000009e-01
6.000000000000000000e+00 5.200000000000000000e+01 5.700000000000000000e+01 0.000000000000000000e+00 1.600000000000000089e+00 9.101099999999999468e-02 4.550460000000000060e-01 8.858049999999999535e-01 3.187630000000000186e-01 -8.560090000000000199e-01 4.069880000000000164e-01 9.434550000000000436e-01 2.453220000000000123e-01 -2.229579999999999895e-01
1.600000000000000000e+01 6.800000000000000000e+01 5.700000000000000000e+01 0.000000000000000000e+00 1.600000000000000089e+00 -4.904999999999999638e-03 9.726000000000000270e-03 -9.999409999999999688e-01 -2.357829999999999926e-01 -9.717700000000000227e-01 -8.295999999999999555e-03 -9.717930000000000179e-01 2.357279999999999931e-01 7.060000000000000303e-03
6.000000000000000000e+00 2.100000000000000000e+01 6.000000000000000000e+01 0.000000000000000000e+00 1.600000000000000089e+00 4.139999999999999800e-04 -1.050000000000000065e-02 9.999449999999999728e-01 -9.629400000000000459e-02 9.952980000000000160e-01 1.049100000000000033e-02 -9.953530000000000433e-01 -9.629300000000000359e-02 -5.990000000000000316e-04
1.100000000000000000e+01 2.100000000000000000e+01 6.000000000000000000e+01 0.000000000000000000e+00 1.600000000000000089e+00 3.000000000000000076e-05 9.229999999999999923e-04 1.000000000000000000e+00 -9.734900000000000497e-02 9.952499999999999680e-01 -9.160000000000000390e-04 -9.952499999999999680e-01 -9.734900000000000497e-02 1.190000000000000058e-04
1.800000000000000000e+01 2.100000000000000000e+01 6.000000000000000000e+01 0.000000000000000000e+00 1.600000000000000089e+00 -8.379999999999999862e-04 8.004000000000000697e-03 9.999679999999999680e-01 -9.614799999999999736e-02 9.953349999999999698e-01 -8.047000000000000333e-03 -9.953670000000000018e-01 -9.615100000000000036e-02 -6.499999999999999431e-05
2.300000000000000000e+01 2.100000000000000000e+01 6.000000000000000000e+01 0.000000000000000000e+00 1.600000000000000089e+00 -5.199999999999999544e-04 -1.029799999999999986e-02 9.999470000000000303e-01 -9.779100000000000292e-02 9.951550000000000118e-01 1.019800000000000047e-02 -9.952069999999999528e-01 -9.778000000000000580e-02 -1.523999999999999964e-03
1.000000000000000000e+00 3.000000000000000000e+00 6.300000000000000000e+01 0.000000000000000000e+00 1.600000000000000089e+00 -3.458999999999999835e-03 4.328000000000000250e-03 9.999850000000000128e-01 -6.159970000000000168e-01 7.877290000000000125e-01 -5.539999999999999786e-03 -7.877410000000000245e-01 -6.160069999999999713e-01 -5.899999999999999754e-05
8.000000000000000000e+00 3.000000000000000000e+00 6.300000000000000000e+01 0.000000000000000000e+00 1.600000000000000089e+00 -7.179999999999999967e-04 7.209999999999999612e-04 9.999989999999999712e-01 -6.149139999999999606e-01 7.885929999999999884e-01 -1.010000000000000047e-03 -7.885940000000000172e-01 -6.149149999999999894e-01 -1.230000000000000082e-04
4.000000000000000000e+00 2.700000000000000000e+01 6.300000000000000000e+01 0.000000000000000000e+00 1.600000000000000089e+00 8.009999999999999542e-04 -2.439000000000000196e-03 9.999970000000000248e-01 -2.790300000000000002e-01 9.602789999999999937e-01 2.565000000000000006e-03 -9.602819999999999689e-01 -2.790309999999999735e-01 8.899999999999999491e-05
6.000000000000000000e+00 2.700000000000000000e+01 6.300000000000000000e+01 0.000000000000000000e+00 1.600000000000000089e+00 3.170000000000000075e-04 -2.284000000000000006e-03 9.999970000000000248e-01 -2.786830000000000140e-01 9.603810000000000402e-01 2.282000000000000174e-03 -9.603829999999999867e-01 -2.786830000000000140e-01 -3.319999999999999926e-04
1.000000000000000000e+01 2.700000000000000000e+01 6.300000000000000000e+01 0.000000000000000000e+00 1.600000000000000089e+00 6.310000000000000504e-04 -2.635000000000000189e-03 9.999959999999999960e-01 -2.781270000000000131e-01 9.605409999999999782e-01 2.707000000000000205e-03 -9.605439999999999534e-01 -2.781279999999999863e-01 -1.259999999999999998e-04
1.500000000000000000e+01 2.700000000000000000e+01 6.300000000000000000e+01 0.000000000000000000e+00 1.600000000000000089e+00 1.402000000000000034e-03 -4.342000000000000373e-03 9.999900000000000455e-01 -2.788050000000000250e-01 9.603369999999999962e-01 4.559999999999999817e-03 -9.603469999999999507e-01 -2.788089999999999735e-01 1.359999999999999989e-04
2.000000000000000000e+01 2.700000000000000000e+01 6.300000000000000000e+01 0.000000000000000000e+00 1.600000000000000089e+00 -4.730000000000000046e-04 -1.456999999999999962e-03 9.999989999999999712e-01 -2.710400000000000031e-01 9.625669999999999504e-01 1.273999999999999959e-03 -9.625679999999999792e-01 -2.710389999999999744e-01 -8.499999999999999526e-04
2.600000000000000000e+01 2.700000000000000000e+01 6.300000000000000000e+01 0.000000000000000000e+00 1.600000000000000089e+00 7.370000000000000249e-04 -3.491999999999999878e-03 9.999940000000000495e-01 -2.654299999999999993e-01 9.641239999999999810e-01 3.563000000000000195e-03 -9.641300000000000425e-01 -2.654309999999999725e-01 -2.159999999999999919e-04
5.000000000000000000e+00 2.600000000000000000e+01 6.400000000000000000e+01 0.000000000000000000e+00 1.600000000000000089e+00 9.330000000000000186e-04 -2.550999999999999882e-03 9.999959999999999960e-01 -3.623970000000000247e-01 9.320199999999999596e-01 2.716000000000000098e-03 -9.320239999999999636e-01 -3.623979999999999979e-01 -5.500000000000000196e-05
1.100000000000000000e+01 2.600000000000000000e+01 6.400000000000000000e+01 0.000000000000000000e+00 1.600000000000000089e+00 1.503999999999999912e-03 -2.663000000000000003e-03 9.999949999999999672e-01 -3.642360000000000042e-01 9.313019999999999632e-01 3.027999999999999876e-03 -9.313050000000000495e-01 -3.642389999999999795e-01 4.299999999999999894e-04
1.500000000000000000e+01 2.600000000000000000e+01 6.400000000000000000e+01 0.000000000000000000e+00 1.600000000000000089e+00 1.900999999999999912e-03 -4.524000000000000243e-03 9.999879999999999880e-01 -3.642250000000000210e-01 9.312979999999999592e-01 4.904999999999999638e-03 -9.313090000000000535e-01 -3.642299999999999982e-01 1.219999999999999974e-04
2.300000000000000000e+01 2.600000000000000000e+01 6.400000000000000000e+01 0.000000000000000000e+00 1.600000000000000089e+00 -4.609999999999999840e-04 -4.459000000000000290e-03 9.999900000000000455e-01 -3.462480000000000002e-01 9.381340000000000234e-01 4.023999999999999799e-03 -9.381429999999999492e-01 -3.462419999999999942e-01 -1.977000000000000025e-03
2.900000000000000000e+01 2.600000000000000000e+01 6.400000000000000000e+01 0.000000000000000000e+00 1.600000000000000089e+00 1.245000000000000013e-03 -8.199999999999999824e-04 9.999989999999999712e-01 -3.441859999999999919e-01 9.389009999999999856e-01 1.198000000000000063e-03 -9.389009999999999856e-01 -3.441870000000000207e-01 8.859999999999999603e-04
2.300000000000000000e+01 5.400000000000000000e+01 6.400000000000000000e+01 0.000000000000000000e+00 1.600000000000000089e+00 3.938880000000000159e-01 -7.645799999999999819e-02 -9.159730000000000372e-01 -7.828720000000000123e-01 4.942630000000000079e-01 -3.779089999999999949e-01 4.816259999999999986e-01 8.659430000000000183e-01 1.348280000000000034e-01
2.800000000000000000e+01 5.000000000000000000e+01 6.500000000000000000e+01 0.000000000000000000e+00 1.600000000000000089e+00 -2.151280000000000137e-01 -2.729400000000000159e-01 -9.376689999999999747e-01 3.407600000000000073e-01 8.788240000000000496e-01 -3.339920000000000111e-01 9.152059999999999640e-01 -3.913710000000000244e-01 -9.605299999999999949e-02
2.100000000000000000e+01 5.300000000000000000e+01 6.500000000000000000e+01 0.000000000000000000e+00 1.600000000000000089e+00 4.624630000000000130e-01 -1.084129999999999955e-01 -8.799860000000000460e-01 -7.664339999999999486e-01 4.501060000000000061e-01 -4.582399999999999807e-01 4.457659999999999956e-01 8.863699999999999912e-01 1.250660000000000105e-01
3.000000000000000000e+00 2.500000000000000000e+01 7.300000000000000000e+01 0.000000000000000000e+00 1.600000000000000089e+00 -1.002000000000000069e-03 4.381999999999999611e-03 9.999900000000000455e-01 7.460269999999999957e-01 -6.659059999999999979e-01 3.664999999999999855e-03 6.659150000000000347e-01 7.460229999999999917e-01 -2.602000000000000146e-03
1.100000000000000000e+01 2.500000000000000000e+01 7.300000000000000000e+01 0.000000000000000000e+00 1.600000000000000089e+00 -6.729999999999999871e-04 -4.669000000000000407e-03 9.999890000000000168e-01 7.457489999999999952e-01 -6.662219999999999809e-01 -2.608000000000000075e-03 6.662270000000000136e-01 7.457390000000000407e-01 3.930000000000000333e-03
2.000000000000000000e+01 2.500000000000000000e+01 7.300000000000000000e+01 0.000000000000000000e+00 1.600000000000000089e+00 -9.810000000000001011e-04 -1.410499999999999948e-02 9.999000000000000110e-01 7.446989999999999998e-01 -6.673440000000000483e-01 -8.682999999999999746e-03 6.673999999999999932e-01 7.446159999999999446e-01 1.115799999999999952e-02
1.500000000000000000e+01 4.400000000000000000e+01 7.300000000000000000e+01 0.000000000000000000e+00 1.600000000000000089e+00 2.185099999999999890e-02 1.400389999999999968e-01 9.899050000000000349e-01 3.185999999999999943e-02 -9.897359999999999491e-01 1.393119999999999914e-01 9.992529999999999468e-01 2.849399999999999850e-02 -2.608900000000000108e-02
2.300000000000000000e+01 4.400000000000000000e+01 7.300000000000000000e+01 0.000000000000000000e+00 1.600000000000000089e+00 1.936000000000000004e-03 1.407999999999999963e-03 9.999970000000000248e-01 5.319600000000000023e-02 -9.985829999999999984e-01 1.302999999999999905e-03 9.985819999999999697e-01 5.319299999999999723e-02 -2.007999999999999802e-03
2.900000000000000000e+01 4.400000000000000000e+01 7.300000000000000000e+01 0.000000000000000000e+00 1.600000000000000089e+00 5.159999999999999656e-04 -4.283000000000000348e-03 9.999909999999999632e-01 5.222000000000000253e-02 -9.986260000000000137e-01 -4.303999999999999666e-03 9.986350000000000504e-01 5.222199999999999759e-02 -2.910000000000000260e-04
4.000000000000000000e+00 2.500000000000000000e+01 7.400000000000000000e+01 0.000000000000000000e+00 1.600000000000000089e+00 -9.840000000000000656e-04 1.160999999999999923e-03 9.999989999999999712e-01 8.221910000000000052e-01 -5.692099999999999937e-01 1.469999999999999953e-03 5.692110000000000225e-01 8.221920000000000339e-01 -3.939999999999999817e-04
8.000000000000000000e+00 2.500000000000000000e+01 7.400000000000000000e+01 0.000000000000000000e+00 1.600000000000000089e+00 1.630000000000000047e-04 -6.009999999999999717e-03 9.999820000000000375e-01 8.222190000000000332e-01 -5.691599999999999993e-01 -3.555000000000000000e-03 5.691709999999999825e-01 8.222049999999999637e-01 4.849000000000000012e-03
1.000000000000000000e+01 2.500000000000000000e+01 7.400000000000000000e+01 0.000000000000000000e+00 1.600000000000000089e+00 -6.499999999999999431e-05 -4.774999999999999731e-03 9.999890000000000168e-01 8.228220000000000534e-01 -5.682930000000000481e-01 -2.660000000000000038e-03 5.682989999999999986e-01 8.228119999999999878e-01 3.965999999999999907e-03
1.700000000000000000e+01 2.500000000000000000e+01 7.400000000000000000e+01 0.000000000000000000e+00 1.600000000000000089e+00 1.592000000000000099e-03 -6.821999999999999939e-03 9.999749999999999472e-01 8.224289999999999656e-01 -5.688440000000000163e-01 -5.190000000000000169e-03 5.688649999999999540e-01 8.224169999999999536e-01 4.704999999999999981e-03
2.100000000000000000e+01 5.100000000000000000e+01 7.600000000000000000e+01 0.000000000000000000e+00 1.600000000000000089e+00 -1.177000000000000095e-03 -7.889000000000000179e-03 -9.999679999999999680e-01 -4.048559999999999937e-01 -9.143480000000000496e-01 7.689999999999999787e-03 -9.143799999999999706e-01 4.048519999999999897e-01 -2.118000000000000091e-03
5.000000000000000000e+00 9.100000000000000000e+01 7.600000000000000000e+01 0.000000000000000000e+00 1.600000000000000089e+00 -8.599999999999999789e-04 -1.340999999999999961e-03 9.999989999999999712e-01 3.546369999999999800e-01 -9.350039999999999463e-01 -9.489999999999999738e-04 9.350039999999999463e-01 3.546360000000000068e-01 1.280000000000000105e-03
1.400000000000000000e+01 9.100000000000000000e+01 7.600000000000000000e+01 0.000000000000000000e+00 1.600000000000000089e+00 1.998000000000000210e-03 -2.017000000000000130e-03 9.999959999999999960e-01 3.137210000000000276e-01 -9.495120000000000227e-01 -2.541999999999999989e-03 9.495130000000000514e-01 3.137249999999999761e-01 -1.265000000000000065e-03
1.900000000000000000e+01 9.100000000000000000e+01 7.600000000000000000e+01 0.000000000000000000e+00 1.600000000000000089e+00 1.227000000000000009e-03 -3.020999999999999814e-03 9.999949999999999672e-01 2.911020000000000274e-01 -9.566869999999999541e-01 -3.246999999999999886e-03 9.566909999999999581e-01 2.911039999999999739e-01 -2.939999999999999905e-04
2.600000000000000000e+01 9.100000000000000000e+01 7.600000000000000000e+01 0.000000000000000000e+00 1.600000000000000089e+00 -1.869000000000000002e-03 -2.743999999999999911e-03 9.999949999999999672e-01 2.770139999999999825e-01 -9.608630000000000226e-01 -2.118999999999999790e-03 9.608640000000000514e-01 2.770090000000000052e-01 2.556000000000000112e-03
