1.000000000000000000e+01 2.500000000000000000e+01 1.000000000000000000e+00 0.000000000000000000e+00 1.600000000000000089e+00 -2.549000000000000050e-03 -1.163499999999999951e-02 -9.999289999999999567e-01 -5.298500000000000432e-01 -8.480170000000000208e-01 1.121899999999999981e-02 -8.480879999999999530e-01 5.298410000000000064e-01 -4.002999999999999614e-03
1.400000000000000000e+01 2.500000000000000000e+01 1.000000000000000000e+00 0.000000000000000000e+00 1.600000000000000089e+00 -2.203000000000000097e-03 -1.686999999999999915e-03 -9.999959999999999960e-01 -5.324069999999999636e-01 -8.464840000000000142e-01 2.601000000000000013e-03 -8.464850000000000430e-01 5.324109999999999676e-01 9.669999999999999776e-04
1.800000000000000000e+01 2.500000000000000000e+01 1.000000000000000000e+00 0.000000000000000000e+00 1.600000000000000089e+00 -1.631000000000000071e-03 3.771000000000000046e-03 -9.999919999999999920e-01 -5.307570000000000343e-01 -8.475209999999999688e-01 -2.330000000000000040e-03 -8.475219999999999976e-01 5.307490000000000263e-01 3.383999999999999855e-03
2.500000000000000000e+01 2.500000000000000000e+01 1.000000000000000000e+00 0.000000000000000000e+00 1.600000000000000089e+00 -2.719999999999999979e-04 4.257999999999999632e-03 -9.999909999999999632e-01 -5.265609999999999458e-01 -8.501300000000000523e-01 -3.477000000000000056e-03 -8.501370000000000315e-01 5.265549999999999953e-01 2.474000000000000071e-03
4.000000000000000000e+00 1.500000000000000000e+01 4.000000000000000000e+00 0.000000000000000000e+00 1.600000000000000089e+00 1.034999999999999896e-03 -4.557000000000000287e-03 9.999890000000000168e-01 3.187929999999999930e-01 -9.478130000000000166e-01 -4.649000000000000354e-03 9.478239999999999998e-01 3.187949999999999950e-01 4.719999999999999803e-04
8.000000000000000000e+00 1.500000000000000000e+01 4.000000000000000000e+00 0.000000000000000000e+00 1.600000000000000089e+00 1.090000000000000040e-03 -3.510999999999999798e-03 9.999930000000000208e-01 3.121709999999999763e-01 -9.500189999999999468e-01 -3.676000000000000014e-03 9.500250000000000083e-01 3.121729999999999783e-01 6.000000000000000152e-05
1.400000000000000000e+01 1.500000000000000000e+01 4.000000000000000000e+00 0.000000000000000000e+00 1.600000000000000089e+00 -2.439999999999999895e-03 -3.193000000000000092e-03 9.999919999999999920e-01 3.126680000000000015e-01 -9.498600000000000376e-01 -2.269999999999999882e-03 9.498590000000000089e-01 3.126599999999999935e-01 3.315999999999999937e-03
1.700000000000000000e+01 1.500000000000000000e+01 4.000000000000000000e+00 0.000000000000000000e+00 1.600000000000000089e+00 -5.349999999999999938e-04 -2.269999999999999882e-03 9.999970000000000248e-01 3.129239999999999799e-01 -9.497759999999999536e-01 -1.988999999999999883e-03 9.497780000000000111e-01 3.129219999999999779e-01 1.217999999999999899e-03
2.700000000000000000e+01 1.500000000000000000e+01 4.000000000000000000e+00 0.000000000000000000e+00 1.600000000000000089e+00 -1.353000000000000036e-03 -6.782999999999999967e-03 9.999759999999999760e-01 3.124250000000000083e-01 -9.499229999999999619e-01 -6.021000000000000310e-03 9.499410000000000354e-01 3.124089999999999923e-01 3.403999999999999908e-03
1.000000000000000000e+01 1.600000000000000000e+01 4.000000000000000000e+00 0.000000000000000000e+00 1.600000000000000089e+00 2.249999999999999938e-04 -3.213000000000000144e-03 9.999949999999999672e-01 3.877559999999999896e-01 -9.217570000000000485e-01 -3.049000000000000061e-03 9.217619999999999703e-01 3.877550000000000163e-01 1.038999999999999993e-03
2.300000000000000000e+01 1.600000000000000000e+01 4.000000000000000000e+00 0.000000000000000000e+00 1.600000000000000089e+00 -2.113999999999999994e-03 -5.762999999999999894e-03 9.999810000000000088e-01 3.864090000000000025e-01 -9.223170000000000535e-01 -4.498000000000000262e-03 9.223249999999999504e-01 3.863920000000000132e-01 4.177000000000000157e-03
2.500000000000000000e+01 1.010000000000000000e+02 7.000000000000000000e+00 0.000000000000000000e+00 1.600000000000000089e+00 -8.545999999999999777e-03 2.204700000000000062e-02 9.997200000000000530e-01 8.782769999999999744e-01 4.781420000000000115e-01 -3.037000000000000203e-03 -4.780750000000000277e-01 8.780059999999999532e-01 -2.344999999999999862e-02
1.000000000000000000e+01 2.500000000000000000e+01 8.000000000000000000e+00 0.000000000000000000e+00 1.600000000000000089e+00 -1.179999999999999951e-04 3.105000000000000121e-03 -9.999949999999999672e-01 4.526350000000000096e-01 8.916920000000000401e-01 2.716000000000000098e-03 8.916960000000000441e-01 -4.526330000000000076e-01 -1.510999999999999973e-03
1.900000000000000000e+01 2.500000000000000000e+01 8.000000000000000000e+00 0.000000000000000000e+00 1.600000000000000089e+00 2.311999999999999819e-03 -1.240999999999999916e-03 -9.999970000000000248e-01 4.502459999999999796e-01 8.929049999999999487e-01 -6.700000000000000226e-05 8.929019999999999735e-01 -4.502439999999999776e-01 2.622999999999999898e-03
2.300000000000000000e+01 2.500000000000000000e+01 8.000000000000000000e+00 0.000000000000000000e+00 1.600000000000000089e+00 7.879999999999999635e-04 4.578999999999999737e-03 -9.999890000000000168e-01 4.493719999999999937e-01 8.933339999999999614e-01 4.445000000000000166e-03 8.933440000000000270e-01 -4.493710000000000204e-01 -1.353999999999999952e-03
2.600000000000000000e+01 2.500000000000000000e+01 8.000000000000000000e+00 0.000000000000000000e+00 1.600000000000000089e+00 4.420000000000000101e-04 7.664999999999999938e-03 -9.999700000000000255e-01 4.485910000000000175e-01 8.937089999999999756e-01 7.048999999999999710e-03 8.937370000000000037e-01 -4.485810000000000075e-01 -3.043000000000000132e-03
4.000000000000000000e+00 2.400000000000000000e+01 9.000000000000000000e+00 0.000000000000000000e+00 1.600000000000000089e+00 -6.099999999999999872e-05 7.616000000000000374e-03 -9.999710000000000543e-01 4.549400000000000110e-01 8.904959999999999543e-01 6.754999999999999720e-03 8.905220000000000358e-01 -4.549270000000000258e-01 -3.520000000000000125e-03
1.000000000000000000e+01 2.400000000000000000e+01 9.000000000000000000e+00 0.000000000000000000e+00 1.600000000000000089e+00 3.100000000000000135e-05 2.648999999999999879e-03 -9.999959999999999960e-01 4.565040000000000209e-01 8.897180000000000089e-01 2.370999999999999844e-03 8.897209999999999841e-01 -4.565020000000000189e-01 -1.182000000000000108e-03
1.300000000000000000e+01 2.400000000000000000e+01 9.000000000000000000e+00 0.000000000000000000e+00 1.600000000000000089e+00 1.949999999999999910e-03 -3.333000000000000025e-03 -9.999919999999999920e-01 4.550270000000000148e-01 8.904750000000000165e-01 -2.080999999999999951e-03 8.904760000000000453e-01 -4.550190000000000068e-01 3.252999999999999815e-03
1.600000000000000000e+01 2.400000000000000000e+01 9.000000000000000000e+00 0.000000000000000000e+00 1.600000000000000089e+00 2.186000000000000009e-03 1.415999999999999941e-03 -9.999970000000000248e-01 4.536180000000000212e-01 8.911930000000000129e-01 2.253999999999999927e-03 8.911930000000000129e-01 -4.536220000000000252e-01 1.306000000000000086e-03
1.800000000000000000e+01 2.400000000000000000e+01 9.000000000000000000e+00 0.000000000000000000e+00 1.600000000000000089e+00 2.299999999999999961e-03 2.200000000000000078e-04 -9.999970000000000248e-01 4.532499999999999862e-01 8.913830000000000364e-01 1.239000000000000084e-03 8.913809999999999789e-01 -4.532510000000000150e-01 1.949999999999999910e-03
2.200000000000000000e+01 2.400000000000000000e+01 9.000000000000000000e+00 0.000000000000000000e+00 1.600000000000000089e+00 1.191000000000000001e-03 3.864999999999999946e-03 -9.999919999999999920e-01 4.525739999999999763e-01 8.917180000000000106e-01 3.985999999999999960e-03 8.917260000000000186e-01 -4.525750000000000051e-01 -6.870000000000000022e-04
2.600000000000000000e+01 2.400000000000000000e+01 9.000000000000000000e+00 0.000000000000000000e+00 1.600000000000000089e+00 3.029999999999999924e-04 8.633999999999999314e-03 -9.999630000000000463e-01 4.511479999999999935e-01 8.924149999999999583e-01 7.842000000000000012e-03 8.924490000000000478e-01 -4.511339999999999795e-01 -3.625000000000000184e-03
3.000000000000000000e+01 2.400000000000000000e+01 9.000000000000000000e+00 0.000000000000000000e+00 1.600000000000000089e+00 6.200000000000000270e-05 -1.936999999999999920e-03 -9.999980000000000535e-01 4.509730000000000127e-01 8.925359999999999960e-01 -1.701000000000000038e-03 8.925380000000000535e-01 -4.509719999999999840e-01 9.290000000000000297e-04
3.000000000000000000e+00 4.000000000000000000e+00 1.100000000000000000e+01 0.000000000000000000e+00 1.600000000000000089e+00 8.338999999999999191e-03 4.227700000000000208e-02 -9.990710000000000424e-01 2.347029999999999950e-01 9.711130000000000040e-01 4.305300000000000099e-02 9.720309999999999784e-01 -2.348439999999999972e-01 -1.824000000000000100e-03
9.000000000000000000e+00 4.000000000000000000e+00 1.100000000000000000e+01 0.000000000000000000e+00 1.600000000000000089e+00 7.931999999999999815e-03 7.081600000000000394e-02 -9.974579999999999558e-01 1.984509999999999885e-01 9.775369999999999893e-01 7.098000000000000143e-02 9.800790000000000335e-01 -1.985089999999999910e-01 -6.300000000000000044e-03
2.000000000000000000e+00 3.500000000000000000e+01 1.200000000000000000e+01 0.000000000000000000e+00 1.600000000000000089e+00 3.199999999999999855e-05 6.872999999999999769e-03 -9.999759999999999760e-01 4.480879999999999863e-01 -8.939690000000000136e-01 -6.130000000000000032e-03 -8.939899999999999514e-01 -4.480770000000000031e-01 -3.108000000000000086e-03
1.500000000000000000e+01 3.500000000000000000e+01 1.200000000000000000e+01 0.000000000000000000e+00 1.600000000000000089e+00 2.797000000000000007e-03 6.975000000000000297e-03 -9.999719999999999720e-01 5.105979999999999963e-01 -8.598080000000000167e-01 -4.569000000000000145e-03 -8.598149999999999959e-01 -5.105699999999999683e-01 -5.965999999999999949e-03
1.600000000000000000e+01 3.200000000000000000e+01 1.400000000000000000e+01 0.000000000000000000e+00 1.600000000000000089e+00 -1.242000000000000048e-03 6.840000000000000377e-04 -9.999989999999999712e-01 1.106540000000000024e-01 9.938590000000000479e-01 5.419999999999999471e-04 9.938580000000000192e-01 -1.106530000000000014e-01 -1.309999999999999967e-03
2.000000000000000000e+01 3.200000000000000000e+01 1.400000000000000000e+01 0.000000000000000000e+00 1.600000000000000089e+00 3.968000000000000173e-03 -5.858000000000000360e-03 -9.999749999999999472e-01 1.107609999999999983e-01 9.938320000000000487e-01 -5.382999999999999764e-03 9.938390000000000279e-01 -1.107370000000000021e-01 4.591999999999999728e-03
1.200000000000000000e+01 1.160000000000000000e+02 1.600000000000000000e+01 0.000000000000000000e+00 1.600000000000000089e+00 -2.410000000000000033e-04 7.659999999999999708e-04 1.000000000000000000e+00 7.118379999999999708e-01 7.023430000000000506e-01 -3.669999999999999760e-04 -7.023430000000000506e-01 7.118379999999999708e-01 -7.140000000000000079e-04
1.000000000000000000e+00 2.000000000000000000e+00 1.900000000000000000e+01 0.000000000000000000e+00 1.600000000000000089e+00 1.739000000000000094e-03 -1.990000000000000015e-03 -9.999970000000000248e-01 2.116949999999999943e-01 -9.773330000000000073e-01 2.312999999999999952e-03 -9.773340000000000360e-01 -2.116989999999999983e-01 -1.278999999999999972e-03
9.000000000000000000e+00 2.000000000000000000e+00 1.900000000000000000e+01 0.000000000000000000e+00 1.600000000000000089e+00 6.282000000000000257e-03 -1.731699999999999906e-02 -9.998299999999999965e-01 1.993139999999999912e-01 -9.797660000000000258e-01 1.822199999999999862e-02 -9.799149999999999805e-01 -1.993949999999999889e-01 -2.703999999999999806e-03
1.300000000000000000e+01 2.000000000000000000e+00 1.900000000000000000e+01 0.000000000000000000e+00 1.600000000000000089e+00 8.052999999999999395e-03 -2.505999999999999894e-02 -9.996540000000000425e-01 1.917979999999999963e-01 -9.810860000000000136e-01 2.614000000000000004e-02 -9.814009999999999678e-01 -1.919420000000000015e-01 -3.093999999999999962e-03
1.700000000000000000e+01 2.000000000000000000e+00 1.900000000000000000e+01 0.000000000000000000e+00 1.600000000000000089e+00 3.854999999999999920e-03 -1.651599999999999943e-02 -9.998559999999999670e-01 1.827900000000000080e-01 -9.830060000000000464e-01 1.694199999999999873e-02 -9.831440000000000179e-01 -1.828289999999999915e-01 -7.699999999999999597e-04
2.400000000000000000e+01 2.000000000000000000e+00 1.900000000000000000e+01 0.000000000000000000e+00 1.600000000000000089e+00 -8.469999999999999881e-04 3.999999999999999819e-06 -1.000000000000000000e+00 1.782090000000000063e-01 -9.839930000000000065e-01 -1.550000000000000000e-04 -9.839919999999999778e-01 -1.782090000000000063e-01 8.329999999999999731e-04
3.000000000000000000e+00 4.000000000000000000e+00 2.000000000000000000e+01 0.000000000000000000e+00 1.600000000000000089e+00 -1.889000000000000054e-03 3.780000000000000265e-04 -9.999980000000000535e-01 2.747780000000000222e-01 -9.615070000000000006e-01 -8.819999999999999715e-04 -9.615059999999999718e-01 -2.747789999999999955e-01 1.711999999999999980e-03
8.000000000000000000e+00 4.000000000000000000e+00 2.000000000000000000e+01 0.000000000000000000e+00 1.600000000000000089e+00 3.432000000000000155e-03 -6.232999999999999825e-03 -9.999749999999999472e-01 2.699360000000000093e-01 -9.628529999999999589e-01 6.928000000000000130e-03 -9.628719999999999501e-01 -2.699529999999999985e-01 -1.621999999999999961e-03
1.400000000000000000e+01 4.000000000000000000e+00 2.000000000000000000e+01 0.000000000000000000e+00 1.600000000000000089e+00 6.322000000000000362e-03 -1.418299999999999943e-02 -9.998789999999999623e-01 2.656669999999999865e-01 -9.639429999999999943e-01 1.535300000000000033e-02 -9.640440000000000120e-01 -2.657320000000000237e-01 -2.327000000000000075e-03
6.000000000000000000e+00 1.300000000000000000e+01 2.000000000000000000e+01 0.000000000000000000e+00 1.600000000000000089e+00 1.454999999999999913e-03 2.546000000000000086e-03 9.999959999999999960e-01 2.518369999999999775e-01 9.677660000000000151e-01 -2.830000000000000050e-03 -9.677689999999999904e-01 2.518400000000000083e-01 7.669999999999999951e-04
1.100000000000000000e+01 1.300000000000000000e+01 2.000000000000000000e+01 0.000000000000000000e+00 1.600000000000000089e+00 1.178000000000000011e-03 1.263000000000000017e-03 9.999989999999999712e-01 2.509759999999999769e-01 9.679919999999999636e-01 -1.518000000000000035e-03 -9.679929999999999923e-01 2.509770000000000056e-01 8.239999999999999712e-04
1.700000000000000000e+01 1.300000000000000000e+01 2.000000000000000000e+01 0.000000000000000000e+00 1.600000000000000089e+00 1.794000000000000022e-03 6.432000000000000217e-03 9.999780000000000335e-01 2.505060000000000064e-01 9.680919999999999526e-01 -6.675999999999999643e-03 -9.681130000000000013e-01 2.505129999999999857e-01 1.250000000000000026e-04
2.300000000000000000e+01 1.300000000000000000e+01 2.000000000000000000e+01 0.000000000000000000e+00 1.600000000000000089e+00 7.200000000000000182e-05 -1.391000000000000092e-03 9.999989999999999712e-01 2.511399999999999744e-01 9.679499999999999771e-01 1.327999999999999970e-03 -9.679510000000000058e-01 2.511390000000000011e-01 4.189999999999999931e-04
2.800000000000000000e+01 1.300000000000000000e+01 2.000000000000000000e+01 0.000000000000000000e+00 1.600000000000000089e+00 1.974000000000000060e-03 5.486999999999999690e-03 9.999829999999999552e-01 2.500479999999999925e-01 9.682159999999999656e-01 -5.806999999999999662e-03 -9.682309999999999528e-01 2.500560000000000005e-01 5.389999999999999826e-04
7.000000000000000000e+00 1.600000000000000000e+01 2.100000000000000000e+01 0.000000000000000000e+00 1.600000000000000089e+00 1.641000000000000097e-03 1.010999999999999963e-03 9.999980000000000535e-01 2.984890000000000043e-01 9.544120000000000381e-01 -1.454999999999999913e-03 -9.544120000000000381e-01 2.984899999999999776e-01 1.263999999999999933e-03
1.200000000000000000e+01 1.600000000000000000e+01 2.100000000000000000e+01 0.000000000000000000e+00 1.600000000000000089e+00 1.255000000000000039e-03 2.552000000000000015e-03 9.999959999999999960e-01 2.986159999999999926e-01 9.543690000000000229e-01 -2.811000000000000131e-03 -9.543719999999999981e-01 2.986179999999999946e-01 4.360000000000000269e-04
1.800000000000000000e+01 1.600000000000000000e+01 2.100000000000000000e+01 0.000000000000000000e+00 1.600000000000000089e+00 1.600999999999999993e-03 5.216000000000000150e-03 9.999850000000000128e-01 2.978819999999999801e-01 9.545869999999999633e-01 -5.455999999999999912e-03 -9.546010000000000328e-01 2.978870000000000129e-01 -2.500000000000000120e-05
2.700000000000000000e+01 1.600000000000000000e+01 2.100000000000000000e+01 0.000000000000000000e+00 1.600000000000000089e+00 1.505000000000000044e-03 7.849999999999999990e-04 9.999989999999999712e-01 2.962690000000000046e-01 9.551039999999999530e-01 -1.196000000000000014e-03 -9.551030000000000353e-01 2.962710000000000066e-01 1.204999999999999908e-03
4.000000000000000000e+00 3.000000000000000000e+00 2.500000000000000000e+01 0.000000000000000000e+00 1.600000000000000089e+00 1.137400000000000043e-02 1.500000000000000031e-03 9.999339999999999895e-01 -1.818699999999999831e-02 -9.998329999999999718e-01 1.706000000000000051e-03 9.997700000000000475e-01 -1.820599999999999996e-02 -1.134399999999999992e-02
2.100000000000000000e+01 3.000000000000000000e+00 2.500000000000000000e+01 0.000000000000000000e+00 1.600000000000000089e+00 -1.900999999999999912e-03 5.105000000000000163e-03 9.999850000000000128e-01 -2.945100000000000148e-02 -9.995530000000000248e-01 5.047000000000000271e-03 9.995640000000000081e-01 -2.944099999999999842e-02 2.050999999999999872e-03
3.000000000000000000e+00 4.600000000000000000e+01 2.700000000000000000e+01 0.000000000000000000e+00 1.600000000000000089e+00 -1.789000000000000009e-03 1.376999999999999969e-03 -9.999970000000000248e-01 6.530329999999999746e-01 7.573290000000000299e-01 -1.250000000000000026e-04 7.573269999999999724e-01 -6.530319999999999458e-01 -2.253999999999999927e-03
8.000000000000000000e+00 4.600000000000000000e+01 2.700000000000000000e+01 0.000000000000000000e+00 1.600000000000000089e+00 1.319999999999999993e-03 5.759000000000000230e-03 -9.999829999999999552e-01 6.604259999999999575e-01 7.508730000000000127e-01 5.196000000000000098e-03 7.508899999999999464e-01 -6.604219999999999535e-01 -2.812999999999999962e-03
2.400000000000000000e+01 4.600000000000000000e+01 2.700000000000000000e+01 0.000000000000000000e+00 1.600000000000000089e+00 8.540000000000000499e-04 -2.769999999999999893e-03 -9.999959999999999960e-01 6.762110000000000065e-01 7.367070000000000007e-01 -1.463000000000000108e-03 7.367080000000000295e-01 -6.762070000000000025e-01 2.503000000000000017e-03
2.100000000000000000e+01 4.600000000000000000e+01 3.000000000000000000e+01 0.000000000000000000e+00 1.600000000000000089e+00 9.700000000000000505e-04 -9.529999999999999626e-04 -9.999989999999999712e-01 3.424039999999999861e-01 9.395529999999999715e-01 -5.640000000000000482e-04 9.395520000000000538e-01 -3.424030000000000129e-01 1.237999999999999951e-03
5.000000000000000000e+00 5.800000000000000000e+01 3.100000000000000000e+01 0.000000000000000000e+00 1.600000000000000089e+00 5.322000000000000342e-03 3.236999999999999860e-03 9.999810000000000088e-01 -7.718359999999999665e-01 -6.357920000000000238e-01 6.165999999999999606e-03 6.358000000000000318e-01 -7.718530000000000113e-01 -8.859999999999999603e-04
1.000000000000000000e+01 5.800000000000000000e+01 3.100000000000000000e+01 0.000000000000000000e+00 1.600000000000000089e+00 3.399999999999999811e-03 4.592999999999999861e-03 9.999839999999999840e-01 -7.729139999999999899e-01 -6.344870000000000232e-01 5.542000000000000051e-03 6.345020000000000104e-01 -7.729200000000000514e-01 1.392000000000000008e-03
1.400000000000000000e+01 5.800000000000000000e+01 3.100000000000000000e+01 0.000000000000000000e+00 1.600000000000000089e+00 2.203000000000000097e-03 1.005000000000000034e-03 9.999970000000000248e-01 -7.747230000000000505e-01 -6.322969999999999979e-01 2.341999999999999898e-03 6.322969999999999979e-01 -7.747260000000000257e-01 -6.139999999999999625e-04
1.700000000000000000e+01 5.800000000000000000e+01 3.100000000000000000e+01 0.000000000000000000e+00 1.600000000000000089e+00 -5.538000000000000388e-03 -6.409999999999999899e-03 9.999639999999999640e-01 -7.779850000000000376e-01 -6.282280000000000086e-01 -8.335999999999999660e-03 6.282590000000000119e-01 -7.780030000000000001e-01 -1.507000000000000093e-03
2.100000000000000000e+01 5.800000000000000000e+01 3.100000000000000000e+01 0.000000000000000000e+00 1.600000000000000089e+00 -7.622000000000000303e-03 -1.021599999999999939e-02 9.999190000000000023e-01 -7.830819999999999448e-01 -6.217970000000000441e-01 -1.232199999999999962e-02 6.218719999999999803e-01 -7.831120000000000303e-01 -3.261000000000000010e-03
2.500000000000000000e+01 5.800000000000000000e+01 3.100000000000000000e+01 0.000000000000000000e+00 1.600000000000000089e+00 -3.510000000000000099e-03 -1.949999999999999965e-04 9.999940000000000495e-01 -7.868840000000000279e-01 -6.170940000000000314e-01 -2.882000000000000013e-03 6.170909999999999451e-01 -7.868889999999999496e-01 2.013000000000000032e-03
3.000000000000000000e+01 5.800000000000000000e+01 3.100000000000000000e+01 0.000000000000000000e+00 1.600000000000000089e+00 1.443999999999999971e-03 8.099000000000000296e-03 9.999660000000000215e-01 -7.900779999999999470e-01 -6.129759999999999653e-01 6.106000000000000316e-03 6.130050000000000221e-01 -7.900599999999999845e-01 5.513999999999999804e-03
4.000000000000000000e+00 1.900000000000000000e+01 3.400000000000000000e+01 0.000000000000000000e+00 1.600000000000000089e+00 -1.630230000000000012e-01 5.600669999999999815e-01 8.122489999999999988e-01 -6.041020000000000278e-01 -7.075599999999999667e-01 3.666329999999999867e-01 7.800540000000000251e-01 -4.309120000000000172e-01 4.536859999999999782e-01
5.000000000000000000e+00 4.600000000000000000e+01 3.500000000000000000e+01 0.000000000000000000e+00 1.600000000000000089e+00 5.959999999999999586e-04 1.759999999999999954e-04 -1.000000000000000000e+00 3.900230000000000086e-01 -9.208049999999999846e-01 6.999999999999999387e-05 -9.208049999999999846e-01 -3.900230000000000086e-01 -6.179999999999999513e-04
9.000000000000000000e+00 4.600000000000000000e+01 3.500000000000000000e+01 0.000000000000000000e+00 1.600000000000000089e+00 2.015999999999999997e-03 5.050000000000000235e-04 -9.999980000000000535e-01 3.899489999999999901e-01 -9.208359999999999879e-01 3.209999999999999963e-04 -9.208340000000000414e-01 -3.899489999999999901e-01 -2.053000000000000137e-03
1.500000000000000000e+01 4.600000000000000000e+01 3.500000000000000000e+01 0.000000000000000000e+00 1.600000000000000089e+00 1.293000000000000095e-03 3.340999999999999786e-03 -9.999940000000000495e-01 3.912340000000000262e-01 -9.202879999999999949e-01 -2.569000000000000103e-03 -9.202900000000000524e-01 -3.912280000000000202e-01 -2.497000000000000088e-03
2.000000000000000000e+01 4.600000000000000000e+01 3.500000000000000000e+01 0.000000000000000000e+00 1.600000000000000089e+00 -4.070000000000000267e-04 4.099999999999999912e-04 -1.000000000000000000e+00 3.917109999999999759e-01 -9.200880000000000170e-01 -5.370000000000000424e-04 -9.200880000000000170e-01 -3.917109999999999759e-01 2.130000000000000003e-04
2.900000000000000000e+01 4.600000000000000000e+01 3.500000000000000000e+01 0.000000000000000000e+00 1.600000000000000089e+00 2.289999999999999935e-03 3.635999999999999909e-03 -9.999909999999999632e-01 3.898849999999999816e-01 -9.208600000000000119e-01 -2.455000000000000151e-03 -9.208610000000000406e-01 -3.898760000000000003e-01 -3.527000000000000187e-03
1.200000000000000000e+01 9.500000000000000000e+01 3.600000000000000000e+01 0.000000000000000000e+00 1.600000000000000089e+00 2.230899999999999897e-02 1.278199999999999996e-02 9.996690000000000298e-01 9.968550000000000466e-01 7.577499999999999514e-02 -2.321499999999999952e-02 -7.604700000000000348e-02 9.970430000000000126e-01 -1.105100000000000006e-02
2.300000000000000000e+01 9.500000000000000000e+01 3.600000000000000000e+01 0.000000000000000000e+00 1.600000000000000089e+00 -3.515200000000000269e-02 -4.832399999999999890e-02 9.982130000000000170e-01 9.973300000000000498e-01 6.228399999999999909e-02 3.813600000000000323e-02 -6.401600000000000346e-02 9.968879999999999963e-01 4.600599999999999828e-02
3.000000000000000000e+00 2.800000000000000000e+01 3.700000000000000000e+01 0.000000000000000000e+00 1.600000000000000089e+00 -2.821099999999999997e-02 -1.840390000000000081e-01 -9.825139999999999985e-01 -7.308510000000000284e-01 -6.667650000000000521e-01 1.458800000000000097e-01 -6.819539999999999491e-01 7.221870000000000234e-01 -1.156950000000000062e-01
1.000000000000000000e+00 3.400000000000000000e+01 4.000000000000000000e+01 0.000000000000000000e+00 1.600000000000000089e+00 -1.041000000000000085e-02 2.344809999999999950e-01 -9.720649999999999569e-01 7.113190000000000346e-01 6.849699999999999678e-01 1.576100000000000001e-01 7.027919999999999723e-01 -6.898079999999999767e-01 -1.739209999999999923e-01
5.000000000000000000e+00 1.300000000000000000e+01 4.100000000000000000e+01 0.000000000000000000e+00 1.600000000000000089e+00 -4.623700000000000032e-02 1.314099999999999990e-01 9.902490000000000459e-01 -7.037989999999999524e-01 -7.077700000000000102e-01 6.106199999999999822e-02 7.088919999999999666e-01 -6.941140000000000088e-01 1.252109999999999890e-01
6.000000000000000000e+00 1.400000000000000000e+01 4.200000000000000000e+01 0.000000000000000000e+00 1.600000000000000089e+00 -5.954299999999999871e-02 1.239370000000000055e-01 9.905019999999999936e-01 -6.228380000000000027e-01 -7.800340000000000051e-01 6.016099999999999920e-02 7.800810000000000244e-01 -6.133399999999999963e-01 1.236389999999999989e-01
7.000000000000000000e+00 3.000000000000000000e+00 4.300000000000000000e+01 0.000000000000000000e+00 1.600000000000000089e+00 4.609999999999999840e-04 1.045500000000000075e-02 -9.999449999999999728e-01 7.436490000000000045e-01 -6.685370000000000479e-01 -6.647000000000000131e-03 -6.685699999999999976e-01 -7.436049999999999605e-01 -8.082999999999999907e-03
1.100000000000000000e+01 3.000000000000000000e+00 4.300000000000000000e+01 0.000000000000000000e+00 1.600000000000000089e+00 -1.160000000000000007e-04 1.005999999999999950e-03 -9.999989999999999712e-01 7.411750000000000282e-01 -6.713109999999999911e-01 -7.609999999999999577e-04 -6.713120000000000198e-01 -7.411750000000000282e-01 -6.679999999999999740e-04
2.000000000000000000e+00 8.000000000000000000e+00 4.400000000000000000e+01 0.000000000000000000e+00 1.600000000000000089e+00 6.339000000000000017e-03 1.490200000000000032e-02 9.998690000000000078e-01 -7.862409999999999677e-01 -6.177570000000000006e-01 1.419199999999999975e-02 6.178879999999999928e-01 -7.862280000000000380e-01 7.800999999999999775e-03
1.000000000000000000e+01 6.500000000000000000e+01 4.600000000000000000e+01 0.000000000000000000e+00 1.600000000000000089e+00 -2.566000000000000138e-03 -1.119999999999999902e-03 9.999959999999999960e-01 6.798300000000000454e-01 -7.333690000000000486e-01 9.229999999999999923e-04 7.333659999999999624e-01 6.798290000000000166e-01 2.642999999999999950e-03
2.400000000000000000e+01 6.500000000000000000e+01 4.600000000000000000e+01 0.000000000000000000e+00 1.600000000000000089e+00 1.583999999999999905e-03 9.810000000000001011e-04 9.999980000000000535e-01 6.797400000000000109e-01 -7.334530000000000216e-01 -3.570000000000000040e-04 7.334519999999999929e-01 6.797389999999999821e-01 -1.828999999999999897e-03
3.000000000000000000e+01 6.500000000000000000e+01 4.600000000000000000e+01 0.000000000000000000e+00 1.600000000000000089e+00 2.576999999999999864e-03 -7.747000000000000414e-03 9.999670000000000503e-01 6.793930000000000247e-01 -7.337369999999999726e-01 -7.434999999999999769e-03 7.337700000000000333e-01 6.793900000000000494e-01 3.371999999999999997e-03
1.400000000000000000e+01 2.100000000000000000e+01 4.800000000000000000e+01 0.000000000000000000e+00 1.600000000000000089e+00 -2.853000000000000067e-03 -2.890000000000000208e-03 -9.999919999999999920e-01 3.069350000000000134e-01 9.517240000000000144e-01 -3.625999999999999883e-03 9.517259999999999609e-01 -3.069419999999999926e-01 -1.827999999999999981e-03
2.000000000000000000e+00 6.000000000000000000e+00 5.100000000000000000e+01 0.000000000000000000e+00 1.600000000000000089e+00 2.399999999999999790e-03 3.499999999999999693e-05 -9.999970000000000248e-01 3.203449999999999909e-01 -9.473009999999999486e-01 7.360000000000000006e-04 -9.472979999999999734e-01 -3.203460000000000196e-01 -2.285000000000000139e-03
8.000000000000000000e+00 7.000000000000000000e+00 5.200000000000000000e+01 0.000000000000000000e+00 1.600000000000000089e+00 4.879999999999999898e-04 -4.020000000000000136e-04 -1.000000000000000000e+00 9.365400000000000114e-02 -9.956049999999999622e-01 4.459999999999999989e-04 -9.956049999999999622e-01 -9.365400000000000114e-02 -4.479999999999999933e-04
2.800000000000000000e+01 7.000000000000000000e+00 5.200000000000000000e+01 0.000000000000000000e+00 1.600000000000000089e+00 -5.014000000000000228e-03 -3.056999999999999822e-03 -9.999829999999999552e-01 8.152700000000000224e-02 -9.966679999999999984e-01 2.638000000000000154e-03 -9.966589999999999616e-01 -8.151200000000000112e-02 5.246999999999999928e-03
2.000000000000000000e+00 5.800000000000000000e+01 5.200000000000000000e+01 0.000000000000000000e+00 1.600000000000000089e+00 5.597000000000000412e-03 9.804100000000000315e-02 9.951670000000000238e-01 -6.339650000000000007e-01 7.699759999999999938e-01 -7.229099999999999415e-02 -7.733419999999999739e-01 -6.304959999999999454e-01 6.646399999999999531e-02
2.500000000000000000e+01 5.800000000000000000e+01 5.200000000000000000e+01 0.000000000000000000e+00 1.600000000000000089e+00 7.899999999999999579e-05 -4.479999999999999608e-03 9.999900000000000455e-01 -6.252450000000000507e-01 7.804210000000000313e-01 3.546000000000000107e-03 -7.804290000000000393e-01 -6.252389999999999892e-01 -2.739000000000000115e-03
2.000000000000000000e+00 5.700000000000000000e+01 5.300000000000000000e+01 0.000000000000000000e+00 1.600000000000000089e+00 4.525000000000000376e-03 9.267799999999999649e-02 9.956859999999999600e-01 -5.698050000000000059e-01 8.184780000000000388e-01 -7.359400000000000663e-02 -8.217670000000000252e-01 -5.670140000000000180e-01 5.651199999999999973e-02
1.000000000000000000e+00 6.300000000000000000e+01 5.400000000000000000e+01 0.000000000000000000e+00 1.600000000000000089e+00 -2.086999999999999880e-03 5.033699999999999980e-02 9.987300000000000066e-01 -3.772690000000000210e-01 9.248899999999999899e-01 -4.740300000000000069e-02 -9.261009999999999520e-01 -3.768889999999999740e-01 1.706099999999999978e-02
1.200000000000000000e+01 6.300000000000000000e+01 5.400000000000000000e+01 0.000000000000000000e+00 1.600000000000000089e+00 3.184999999999999897e-03 -3.429999999999999889e-04 9.999949999999999672e-01 -3.830859999999999821e-01 9.237109999999999488e-01 1.536999999999999955e-03 -9.237069999999999448e-01 -3.830890000000000128e-01 2.809999999999999998e-03
2.200000000000000000e+01 6.300000000000000000e+01 5.400000000000000000e+01 0.000000000000000000e+00 1.600000000000000089e+00 -3.982000000000000296e-03 -1.269499999999999969e-02 9.999109999999999943e-01 -3.927160000000000095e-01 9.196039999999999770e-01 1.011100000000000020e-02 -9.196509999999999962e-01 -3.926410000000000178e-01 -8.647000000000000172e-03
2.500000000000000000e+01 6.300000000000000000e+01 5.400000000000000000e+01 0.000000000000000000e+00 1.600000000000000089e+00 -3.853999999999999787e-03 -7.616999999999999639e-03 9.999639999999999640e-01 -3.768980000000000108e-01 9.262380000000000058e-01 5.602000000000000209e-03 -9.262470000000000425e-01 -3.768619999999999748e-01 -6.440999999999999677e-03
2.800000000000000000e+01 6.300000000000000000e+01 5.400000000000000000e+01 0.000000000000000000e+00 1.600000000000000089e+00 -2.546999999999999785e-03 -3.139999999999999888e-04 9.999970000000000248e-01 -3.696590000000000154e-01 9.291669999999999652e-01 -6.499999999999999702e-04 -9.291639999999999899e-01 -3.696590000000000154e-01 -2.482999999999999964e-03
1.000000000000000000e+01 2.500000000000000000e+01 5.500000000000000000e+01 0.000000000000000000e+00 1.600000000000000089e+00 -1.519999999999999997e-02 -2.208050000000000013e-01 9.751999999999999558e-01 4.183100000000000013e-02 9.743180000000000174e-01 2.212570000000000092e-01 -9.990090000000000359e-01 4.415600000000000080e-02 -5.572999999999999829e-03
1.200000000000000000e+01 2.600000000000000000e+01 5.500000000000000000e+01 0.000000000000000000e+00 1.600000000000000089e+00 -1.579500000000000001e-02 -2.918729999999999936e-01 9.563270000000000381e-01 9.107000000000000511e-03 9.563639999999999919e-01 2.920340000000000158e-01 -9.998340000000000005e-01 1.332200000000000051e-02 -1.244800000000000073e-02
2.000000000000000000e+00 2.000000000000000000e+01 6.000000000000000000e+01 0.000000000000000000e+00 1.600000000000000089e+00 1.955999999999999839e-03 -9.870999999999999566e-03 9.999489999999999768e-01 -6.411899999999999544e-02 9.978920000000000012e-01 9.976000000000000492e-03 -9.979400000000000492e-01 -6.413499999999999757e-02 1.319000000000000077e-03
7.000000000000000000e+00 2.000000000000000000e+01 6.000000000000000000e+01 0.000000000000000000e+00 1.600000000000000089e+00 1.466999999999999988e-03 9.070000000000000371e-04 9.999989999999999712e-01 -6.476600000000000412e-02 9.979000000000000092e-01 -8.099999999999999561e-04 -9.978989999999999805e-01 -6.476400000000000212e-02 1.523000000000000048e-03
1.400000000000000000e+01 2.100000000000000000e+01 6.000000000000000000e+01 0.000000000000000000e+00 1.600000000000000089e+00 9.399999999999999719e-04 1.938999999999999968e-03 9.999980000000000535e-01 -9.559499999999999942e-02 9.954190000000000538e-01 -1.840000000000000056e-03 -9.954199999999999715e-01 -9.559299999999999742e-02 1.121000000000000035e-03
1.900000000000000000e+01 2.100000000000000000e+01 6.000000000000000000e+01 0.000000000000000000e+00 1.600000000000000089e+00 -3.750000000000000078e-04 4.530000000000000064e-04 1.000000000000000000e+00 -9.313299999999999357e-02 9.956540000000000390e-01 -4.859999999999999954e-04 -9.956540000000000390e-01 -9.313299999999999357e-02 -3.310000000000000225e-04
2.300000000000000000e+01 2.100000000000000000e+01 6.000000000000000000e+01 0.000000000000000000e+00 1.600000000000000089e+00 -3.739999999999999835e-04 1.969999999999999909e-04 1.000000000000000000e+00 -9.414000000000000146e-02 9.955589999999999717e-01 -2.320000000000000014e-04 -9.955589999999999717e-01 -9.414000000000000146e-02 -3.539999999999999853e-04
2.800000000000000000e+01 2.100000000000000000e+01 6.000000000000000000e+01 0.000000000000000000e+00 1.600000000000000089e+00 1.399999999999999877e-04 -5.151000000000000197e-03 9.999869999999999592e-01 -9.449100000000000554e-02 9.955119999999999525e-01 5.140999999999999737e-03 -9.955260000000000220e-01 -9.449000000000000454e-02 -3.480000000000000020e-04
7.000000000000000000e+00 3.000000000000000000e+00 6.300000000000000000e+01 0.000000000000000000e+00 1.600000000000000089e+00 8.589999999999999546e-04 2.883999999999999845e-03 9.999949999999999672e-01 -6.177270000000000261e-01 7.863909999999999512e-01 -1.737999999999999962e-03 -7.863919999999999799e-01 -6.177230000000000221e-01 2.456999999999999983e-03
3.000000000000000000e+01 3.000000000000000000e+00 6.300000000000000000e+01 0.000000000000000000e+00 1.600000000000000089e+00 6.209000000000000109e-03 -8.370000000000000703e-03 9.999460000000000015e-01 -6.166829999999999812e-01 7.871430000000000371e-01 1.041800000000000018e-02 -7.871869999999999701e-01 -6.167139999999999844e-01 -2.750000000000000166e-04
9.000000000000000000e+00 2.700000000000000000e+01 6.300000000000000000e+01 0.000000000000000000e+00 1.600000000000000089e+00 2.162999999999999992e-03 -4.166999999999999697e-03 9.999890000000000168e-01 -2.889410000000000034e-01 9.573359999999999648e-01 4.614000000000000046e-03 -9.573439999999999728e-01 -2.889479999999999826e-01 8.670000000000000406e-04
1.500000000000000000e+01 2.700000000000000000e+01 6.300000000000000000e+01 0.000000000000000000e+00 1.600000000000000089e+00 1.350999999999999987e-03 4.938999999999999814e-03 9.999869999999999592e-01 -2.809320000000000150e-01 9.597179999999999600e-01 -4.360000000000000160e-03 -9.597269999999999968e-01 -2.809229999999999783e-01 2.684000000000000188e-03
1.800000000000000000e+01 2.700000000000000000e+01 6.300000000000000000e+01 0.000000000000000000e+00 1.600000000000000089e+00 6.740000000000000114e-04 1.237000000000000035e-03 9.999989999999999712e-01 -2.801199999999999801e-01 9.599640000000000395e-01 -9.990000000000001049e-04 -9.599649999999999572e-01 -2.801190000000000069e-01 9.940000000000000918e-04
2.900000000000000000e+01 2.700000000000000000e+01 6.300000000000000000e+01 0.000000000000000000e+00 1.600000000000000089e+00 -6.310000000000000504e-04 -4.090000000000000211e-04 1.000000000000000000e+00 -2.782009999999999761e-01 9.605230000000000157e-01 2.169999999999999891e-04 -9.605230000000000157e-01 -2.782009999999999761e-01 -7.200000000000000453e-04
5.000000000000000000e+00 4.400000000000000000e+01 6.300000000000000000e+01 0.000000000000000000e+00 1.600000000000000089e+00 -1.346699999999999980e-02 -1.864100000000000132e-02 -9.997350000000000403e-01 -6.859899999999999887e-01 -7.272530000000000383e-01 2.280099999999999835e-02 -7.274859999999999660e-01 6.861159999999999481e-01 -2.993000000000000001e-03
9.000000000000000000e+00 4.400000000000000000e+01 6.300000000000000000e+01 0.000000000000000000e+00 1.600000000000000089e+00 -5.552999999999999776e-03 -1.327099999999999981e-02 -9.998970000000000358e-01 -6.595379999999999576e-01 -7.515469999999999651e-01 1.363800000000000082e-02 -7.516500000000000403e-01 6.595459999999999656e-01 -4.579999999999999870e-03
1.200000000000000000e+01 4.400000000000000000e+01 6.300000000000000000e+01 0.000000000000000000e+00 1.600000000000000089e+00 -4.104000000000000009e-03 -6.780000000000000002e-04 -9.999909999999999632e-01 -6.452529999999999655e-01 -7.639620000000000299e-01 3.165999999999999977e-03 -7.639580000000000259e-01 6.452609999999999735e-01 2.697999999999999877e-03
1.800000000000000000e+01 4.400000000000000000e+01 6.300000000000000000e+01 0.000000000000000000e+00 1.600000000000000089e+00 1.972999999999999927e-03 2.442199999999999926e-02 -9.997000000000000330e-01 -6.362219999999999542e-01 -7.712449999999999584e-01 -2.009700000000000028e-02 -7.715039999999999676e-01 6.360700000000000243e-01 1.401600000000000068e-02
2.100000000000000000e+01 4.400000000000000000e+01 6.300000000000000000e+01 0.000000000000000000e+00 1.600000000000000089e+00 4.938999999999999814e-03 1.961500000000000049e-02 -9.997949999999999893e-01 -6.366239999999999677e-01 -7.709580000000000322e-01 -1.827000000000000152e-02 -7.711590000000000389e-01 6.365840000000000387e-01 8.678999999999999215e-03
2.700000000000000000e+01 4.400000000000000000e+01 6.300000000000000000e+01 0.000000000000000000e+00 1.600000000000000089e+00 -7.259999999999999743e-04 -7.349999999999999763e-04 -1.000000000000000000e+00 -6.499420000000000197e-01 -7.599829999999999641e-01 1.030000000000000100e-03 -7.599829999999999641e-01 6.499420000000000197e-01 7.399999999999999623e-05
1.000000000000000000e+01 2.600000000000000000e+01 6.400000000000000000e+01 0.000000000000000000e+00 1.600000000000000089e+00 2.023000000000000059e-03 -1.469999999999999953e-03 9.999970000000000248e-01 -3.699149999999999938e-01 9.290629999999999722e-01 2.113999999999999994e-03 -9.290629999999999722e-01 -3.699180000000000246e-01 1.335999999999999948e-03
