2.200000000000000000e+01 2.500000000000000000e+01 1.000000000000000000e+00 0.000000000000000000e+00 1.600000000000000089e+00 1.567999999999999949e-03 1.943000000000000066e-03 -9.999970000000000248e-01 -5.212379999999999791e-01 -8.534080000000000554e-01 -2.475000000000000203e-03 -8.534100000000000019e-01 5.212409999999999544e-01 -3.249999999999999851e-04
2.900000000000000000e+01 2.500000000000000000e+01 1.000000000000000000e+00 0.000000000000000000e+00 1.600000000000000089e+00 -1.384000000000000031e-03 -3.625000000000000184e-03 -9.999919999999999920e-01 -5.236910000000000176e-01 -8.518999999999999906e-01 3.812999999999999983e-03 -8.519069999999999698e-01 5.236920000000000464e-01 -7.200000000000000453e-04
1.500000000000000000e+01 1.900000000000000000e+01 5.000000000000000000e+00 0.000000000000000000e+00 1.600000000000000089e+00 -1.781999999999999947e-03 -1.492999999999999969e-03 -9.999970000000000248e-01 -6.935320000000000373e-01 -7.204220000000000068e-01 2.311999999999999819e-03 -7.204230000000000356e-01 6.935339999999999838e-01 2.480000000000000108e-04
2.000000000000000000e+00 1.010000000000000000e+02 7.000000000000000000e+00 0.000000000000000000e+00 1.600000000000000089e+00 9.349999999999999587e-04 -7.027000000000000260e-03 9.999749999999999472e-01 8.819169999999999510e-01 4.713970000000000105e-01 2.488000000000000194e-03 -4.714030000000000165e-01 8.818930000000000380e-01 6.638999999999999936e-03
7.000000000000000000e+00 1.010000000000000000e+02 7.000000000000000000e+00 0.000000000000000000e+00 1.600000000000000089e+00 2.844999999999999873e-03 -2.551099999999999896e-02 9.996709999999999763e-01 8.837599999999999900e-01 4.678450000000000109e-01 9.424000000000000085e-03 -4.679320000000000146e-01 8.834419999999999495e-01 2.387699999999999892e-02
1.400000000000000000e+01 1.010000000000000000e+02 7.000000000000000000e+00 0.000000000000000000e+00 1.600000000000000089e+00 9.699999999999999963e-05 1.463000000000000108e-03 9.999989999999999712e-01 8.867129999999999734e-01 4.623200000000000087e-01 -7.619999999999999820e-04 -4.623200000000000087e-01 8.867119999999999447e-01 -1.252000000000000075e-03
1.700000000000000000e+01 1.010000000000000000e+02 7.000000000000000000e+00 0.000000000000000000e+00 1.600000000000000089e+00 -3.039000000000000035e-03 7.505999999999999651e-03 9.999670000000000503e-01 8.868239999999999457e-01 4.621060000000000167e-01 -7.730000000000000326e-04 -4.620969999999999800e-01 8.867930000000000534e-01 -8.061000000000000457e-03
2.300000000000000000e+01 1.010000000000000000e+02 7.000000000000000000e+00 0.000000000000000000e+00 1.600000000000000089e+00 -2.595999999999999783e-03 4.173999999999999759e-03 9.999879999999999880e-01 8.852160000000000029e-01 4.651799999999999824e-01 3.559999999999999797e-04 -4.651730000000000032e-01 8.852060000000000484e-01 -4.902000000000000107e-03
2.600000000000000000e+01 1.010000000000000000e+02 7.000000000000000000e+00 0.000000000000000000e+00 1.600000000000000089e+00 -2.269999999999999882e-04 3.386000000000000121e-03 9.999940000000000495e-01 8.836619999999999475e-01 4.681230000000000113e-01 -1.384000000000000031e-03 -4.681250000000000133e-01 8.836570000000000258e-01 -3.099000000000000192e-03
2.000000000000000000e+00 2.500000000000000000e+01 8.000000000000000000e+00 0.000000000000000000e+00 1.600000000000000089e+00 -1.059999999999999961e-03 -1.897999999999999948e-03 -9.999980000000000535e-01 4.461339999999999750e-01 8.949639999999999818e-01 -2.171000000000000187e-03 8.949660000000000393e-01 -4.461350000000000038e-01 -1.019999999999999992e-04
9.000000000000000000e+00 2.500000000000000000e+01 8.000000000000000000e+00 0.000000000000000000e+00 1.600000000000000089e+00 1.417999999999999990e-03 1.259999999999999998e-04 -9.999989999999999712e-01 4.449940000000000007e-01 8.955330000000000235e-01 7.439999999999999782e-04 8.955330000000000235e-01 -4.449940000000000007e-01 1.214000000000000018e-03
1.400000000000000000e+01 2.500000000000000000e+01 8.000000000000000000e+00 0.000000000000000000e+00 1.600000000000000089e+00 2.282000000000000174e-03 7.060000000000000303e-03 -9.999719999999999720e-01 4.422840000000000105e-01 8.968450000000000033e-01 7.341000000000000303e-03 8.968720000000000026e-01 -4.422889999999999877e-01 -1.075999999999999917e-03
1.700000000000000000e+01 2.500000000000000000e+01 8.000000000000000000e+00 0.000000000000000000e+00 1.600000000000000089e+00 3.629999999999999872e-04 5.641000000000000181e-03 -9.999839999999999840e-01 4.414959999999999996e-01 8.972480000000000455e-01 5.222000000000000079e-03 8.972630000000000328e-01 -4.414910000000000223e-01 -2.164000000000000125e-03
2.100000000000000000e+01 2.500000000000000000e+01 8.000000000000000000e+00 0.000000000000000000e+00 1.600000000000000089e+00 -1.361999999999999929e-03 -7.488999999999999997e-03 -9.999710000000000543e-01 4.430919999999999859e-01 8.964469999999999938e-01 -7.316999999999999720e-03 8.964750000000000218e-01 -4.430890000000000106e-01 2.098000000000000038e-03
2.700000000000000000e+01 2.500000000000000000e+01 8.000000000000000000e+00 0.000000000000000000e+00 1.600000000000000089e+00 1.131000000000000061e-03 2.288000000000000103e-03 -9.999970000000000248e-01 4.438130000000000130e-01 8.961160000000000236e-01 2.553000000000000148e-03 8.961189999999999989e-01 -4.438139999999999863e-01 -1.999999999999999909e-06
1.000000000000000000e+00 2.400000000000000000e+01 9.000000000000000000e+00 0.000000000000000000e+00 1.600000000000000089e+00 -2.282000000000000174e-03 -1.744000000000000107e-03 -9.999959999999999960e-01 4.540739999999999776e-01 8.909599999999999742e-01 -2.589999999999999854e-03 8.909610000000000030e-01 -4.540779999999999816e-01 -1.240999999999999916e-03
6.000000000000000000e+00 2.400000000000000000e+01 9.000000000000000000e+00 0.000000000000000000e+00 1.600000000000000089e+00 1.753999999999999917e-03 1.074000000000000085e-03 -9.999980000000000535e-01 4.541850000000000054e-01 8.909049999999999470e-01 1.753000000000000001e-03 8.909049999999999470e-01 -4.541879999999999806e-01 1.075000000000000001e-03
9.000000000000000000e+00 2.400000000000000000e+01 9.000000000000000000e+00 0.000000000000000000e+00 1.600000000000000089e+00 1.930000000000000075e-03 3.919999999999999873e-04 -9.999980000000000535e-01 4.526999999999999913e-01 8.916619999999999546e-01 1.224000000000000045e-03 8.916610000000000369e-01 -4.527019999999999933e-01 1.544000000000000017e-03
1.300000000000000000e+01 2.400000000000000000e+01 9.000000000000000000e+00 0.000000000000000000e+00 1.600000000000000089e+00 2.203999999999999796e-03 4.629000000000000302e-03 -9.999869999999999592e-01 4.507249999999999868e-01 8.926479999999999970e-01 5.125000000000000215e-03 8.926600000000000090e-01 -4.507309999999999928e-01 -1.190000000000000058e-04
1.700000000000000000e+01 2.400000000000000000e+01 9.000000000000000000e+00 0.000000000000000000e+00 1.600000000000000089e+00 3.579999999999999741e-04 6.224000000000000365e-03 -9.999810000000000088e-01 4.490179999999999727e-01 8.935049999999999937e-01 5.721999999999999656e-03 8.935229999999999562e-01 -4.490109999999999935e-01 -2.475000000000000203e-03
2.100000000000000000e+01 2.400000000000000000e+01 9.000000000000000000e+00 0.000000000000000000e+00 1.600000000000000089e+00 -1.603000000000000041e-03 -6.731000000000000004e-03 -9.999759999999999760e-01 4.504059999999999730e-01 8.927990000000000093e-01 -6.731000000000000004e-03 8.928230000000000333e-01 -4.504059999999999730e-01 1.600999999999999993e-03
2.700000000000000000e+01 2.400000000000000000e+01 9.000000000000000000e+00 0.000000000000000000e+00 1.600000000000000089e+00 1.018999999999999941e-03 1.526999999999999929e-03 -9.999980000000000535e-01 4.511780000000000235e-01 8.924320000000000030e-01 1.822999999999999968e-03 8.924330000000000318e-01 -4.511789999999999967e-01 2.200000000000000078e-04
2.600000000000000000e+01 3.100000000000000000e+01 1.200000000000000000e+01 0.000000000000000000e+00 1.600000000000000089e+00 1.283999999999999985e-03 -3.060000000000000111e-04 9.999989999999999712e-01 -1.222999999999999955e-02 9.999249999999999527e-01 3.220000000000000206e-04 -9.999240000000000350e-01 -1.222999999999999955e-02 1.280000000000000105e-03
2.000000000000000000e+00 3.500000000000000000e+01 1.200000000000000000e+01 0.000000000000000000e+00 1.600000000000000089e+00 6.853999999999999850e-03 -4.183000000000000086e-03 -9.999679999999999680e-01 4.751310000000000255e-01 -8.798880000000000035e-01 6.936999999999999590e-03 -8.798880000000000035e-01 -4.751639999999999753e-01 -4.043999999999999852e-03
7.000000000000000000e+00 3.500000000000000000e+01 1.200000000000000000e+01 0.000000000000000000e+00 1.600000000000000089e+00 1.198999999999999979e-03 -6.049999999999999822e-03 -9.999810000000000088e-01 4.812119999999999731e-01 -8.765849999999999476e-01 5.880999999999999943e-03 -8.766040000000000498e-01 -4.812100000000000266e-01 1.860000000000000108e-03
1.100000000000000000e+01 3.500000000000000000e+01 1.200000000000000000e+01 0.000000000000000000e+00 1.600000000000000089e+00 -9.500000000000000523e-05 -4.166999999999999697e-03 -9.999909999999999632e-01 4.761549999999999949e-01 -8.793539999999999690e-01 3.618999999999999821e-03 -8.793619999999999770e-01 -4.761500000000000177e-01 2.067999999999999960e-03
1.600000000000000000e+01 3.500000000000000000e+01 1.200000000000000000e+01 0.000000000000000000e+00 1.600000000000000089e+00 -1.369999999999999961e-04 2.412000000000000081e-03 -9.999970000000000248e-01 4.737629999999999897e-01 -8.806500000000000439e-01 -2.188999999999999974e-03 -8.806530000000000191e-01 -4.737609999999999877e-01 -1.023000000000000038e-03
2.200000000000000000e+01 3.500000000000000000e+01 1.200000000000000000e+01 0.000000000000000000e+00 1.600000000000000089e+00 -3.661000000000000192e-03 1.106299999999999992e-02 -9.999320000000000430e-01 5.077009999999999579e-01 -8.614579999999999460e-01 -1.138899999999999982e-02 -8.615249999999999853e-01 -5.077080000000000481e-01 -2.462999999999999912e-03
3.000000000000000000e+01 3.500000000000000000e+01 1.200000000000000000e+01 0.000000000000000000e+00 1.600000000000000089e+00 -4.271999999999999756e-03 1.569999999999999868e-02 -9.998679999999999790e-01 5.501890000000000391e-01 -8.348970000000000002e-01 -1.545999999999999978e-02 -8.350290000000000212e-01 -5.501819999999999489e-01 -5.072000000000000119e-03
1.100000000000000000e+01 3.200000000000000000e+01 1.400000000000000000e+01 0.000000000000000000e+00 1.600000000000000089e+00 1.716000000000000077e-03 -9.300000000000000541e-04 -9.999980000000000535e-01 1.019270000000000037e-01 9.947920000000000096e-01 -7.500000000000000156e-04 9.947899999999999521e-01 -1.019250000000000017e-01 1.801999999999999999e-03
1.800000000000000000e+01 1.200000000000000000e+01 1.600000000000000000e+01 0.000000000000000000e+00 1.600000000000000089e+00 -2.432999999999999833e-03 2.126300000000000065e-02 9.997709999999999653e-01 2.069000000000000006e-01 -9.781300000000000550e-01 2.130599999999999855e-02 9.783589999999999787e-01 2.069040000000000046e-01 -2.020000000000000094e-03
2.300000000000000000e+01 1.200000000000000000e+01 1.600000000000000000e+01 0.000000000000000000e+00 1.600000000000000089e+00 3.750000000000000078e-04 -2.137199999999999864e-02 9.997719999999999940e-01 2.058049999999999879e-01 -9.783680000000000154e-01 -2.099200000000000024e-02 9.785930000000000462e-01 2.057650000000000035e-01 4.031999999999999994e-03
2.000000000000000000e+00 1.160000000000000000e+02 1.600000000000000000e+01 0.000000000000000000e+00 1.600000000000000089e+00 1.802999999999999915e-03 -1.203000000000000076e-03 9.999980000000000535e-01 7.735170000000000101e-01 6.337760000000000060e-01 -6.319999999999999663e-04 -6.337730000000000308e-01 7.735159999999999814e-01 2.073000000000000190e-03
1.500000000000000000e+01 1.160000000000000000e+02 1.600000000000000000e+01 0.000000000000000000e+00 1.600000000000000089e+00 3.171000000000000207e-03 9.430000000000000448e-04 9.999949999999999672e-01 7.586380000000000345e-01 6.515050000000000008e-01 -3.020000000000000115e-03 -6.515050000000000008e-01 7.586429999999999563e-01 1.350000000000000071e-03
2.600000000000000000e+01 1.160000000000000000e+02 1.600000000000000000e+01 0.000000000000000000e+00 1.600000000000000089e+00 2.242000000000000069e-03 -1.589999999999999888e-04 9.999970000000000248e-01 7.688970000000000526e-01 6.393699999999999939e-01 -1.621999999999999961e-03 -6.393680000000000474e-01 7.688989999999999991e-01 1.554999999999999959e-03
9.000000000000000000e+00 2.000000000000000000e+00 1.900000000000000000e+01 0.000000000000000000e+00 1.600000000000000089e+00 -4.534999999999999969e-03 1.431499999999999960e-02 -9.998869999999999703e-01 3.329630000000000090e-01 -9.428199999999999914e-01 -1.500800000000000051e-02 -9.429290000000000171e-01 -3.329940000000000122e-01 -4.910000000000000085e-04
1.500000000000000000e+01 2.000000000000000000e+00 1.900000000000000000e+01 0.000000000000000000e+00 1.600000000000000089e+00 -5.858999999999999625e-03 1.545299999999999972e-02 -9.998629999999999463e-01 3.307499999999999885e-01 -9.435740000000000238e-01 -1.652100000000000096e-02 -9.436999999999999833e-01 -3.308019999999999849e-01 4.169999999999999987e-04
2.900000000000000000e+01 2.000000000000000000e+00 1.900000000000000000e+01 0.000000000000000000e+00 1.600000000000000089e+00 6.075999999999999804e-03 -3.508800000000000113e-02 -9.993659999999999766e-01 3.358940000000000259e-01 -9.412460000000000271e-01 3.508900000000000213e-02 -9.418800000000000505e-01 -3.358940000000000259e-01 6.067000000000000344e-03
2.100000000000000000e+01 3.000000000000000000e+00 1.900000000000000000e+01 0.000000000000000000e+00 1.600000000000000089e+00 -2.100000000000000087e-04 1.778000000000000067e-02 -9.998420000000000085e-01 3.142039999999999833e-01 -9.492040000000000477e-01 -1.694599999999999926e-02 -9.493559999999999777e-01 -3.141579999999999928e-01 -5.387000000000000295e-03
2.100000000000000000e+01 4.000000000000000000e+00 2.000000000000000000e+01 0.000000000000000000e+00 1.600000000000000089e+00 3.809999999999999910e-04 1.931199999999999931e-02 -9.998129999999999518e-01 3.798059999999999770e-01 -9.248960000000000514e-01 -1.771999999999999964e-02 -9.250660000000000549e-01 -3.797280000000000100e-01 -7.687000000000000256e-03
2.500000000000000000e+01 4.000000000000000000e+00 2.000000000000000000e+01 0.000000000000000000e+00 1.600000000000000089e+00 4.192000000000000413e-03 -9.990000000000000616e-03 -9.999409999999999688e-01 3.800339999999999829e-01 -9.249089999999999812e-01 1.083399999999999988e-02 -9.249629999999999797e-01 -3.800580000000000069e-01 -8.100000000000000375e-05
1.000000000000000000e+01 1.300000000000000000e+01 2.000000000000000000e+01 0.000000000000000000e+00 1.600000000000000089e+00 6.229999999999999644e-04 -6.819999999999999890e-04 1.000000000000000000e+00 2.686749999999999972e-01 9.632309999999999484e-01 4.889999999999999599e-04 -9.632309999999999484e-01 2.686749999999999972e-01 7.829999999999999504e-04
1.200000000000000000e+01 1.300000000000000000e+01 2.000000000000000000e+01 0.000000000000000000e+00 1.600000000000000089e+00 5.119999999999999768e-04 -5.673000000000000091e-03 9.999839999999999840e-01 2.691450000000000231e-01 9.630849999999999689e-01 5.326000000000000005e-03 -9.630999999999999561e-01 2.691379999999999884e-01 2.020000000000000094e-03
1.700000000000000000e+01 1.300000000000000000e+01 2.000000000000000000e+01 0.000000000000000000e+00 1.600000000000000089e+00 5.050000000000000235e-04 -5.699999999999999772e-04 1.000000000000000000e+00 2.715009999999999923e-01 9.624380000000000157e-01 4.110000000000000155e-04 -9.624380000000000157e-01 2.715000000000000191e-01 6.409999999999999682e-04
2.000000000000000000e+01 1.300000000000000000e+01 2.000000000000000000e+01 0.000000000000000000e+00 1.600000000000000089e+00 8.210000000000000067e-04 2.184999999999999876e-03 9.999970000000000248e-01 2.733010000000000161e-01 9.619259999999999478e-01 -2.327000000000000075e-03 -9.619280000000000053e-01 2.733019999999999894e-01 1.920000000000000049e-04
2.500000000000000000e+01 1.300000000000000000e+01 2.000000000000000000e+01 0.000000000000000000e+00 1.600000000000000089e+00 6.620000000000000450e-04 1.200000000000000030e-04 1.000000000000000000e+00 2.693980000000000263e-01 9.630290000000000239e-01 -2.939999999999999905e-04 -9.630290000000000239e-01 2.693980000000000263e-01 6.049999999999999606e-04
1.100000000000000000e+01 3.000000000000000000e+00 2.500000000000000000e+01 0.000000000000000000e+00 1.600000000000000089e+00 -3.369000000000000033e-03 1.348099999999999993e-02 9.999029999999999863e-01 5.589000000000000218e-03 -9.998930000000000318e-01 1.349999999999999985e-02 9.999789999999999512e-01 5.634000000000000119e-03 3.292999999999999920e-03
2.100000000000000000e+01 3.000000000000000000e+00 2.500000000000000000e+01 0.000000000000000000e+00 1.600000000000000089e+00 -2.478999999999999867e-03 2.042100000000000165e-02 9.997880000000000100e-01 -3.590700000000000142e-02 -9.991489999999999538e-01 2.031900000000000026e-02 9.993520000000000181e-01 -3.584899999999999892e-02 3.210000000000000180e-03
2.600000000000000000e+01 3.000000000000000000e+00 2.500000000000000000e+01 0.000000000000000000e+00 1.600000000000000089e+00 1.067999999999999939e-03 -1.432699999999999946e-02 9.998970000000000358e-01 -1.900900000000000159e-02 -9.997169999999999668e-01 -1.430400000000000074e-02 9.998190000000000133e-01 -1.899199999999999847e-02 -1.340000000000000045e-03
1.800000000000000000e+01 4.600000000000000000e+01 3.000000000000000000e+01 0.000000000000000000e+00 1.600000000000000089e+00 -4.889999999999999599e-04 -1.659000000000000101e-03 -9.999989999999999712e-01 3.258199999999999985e-01 9.454299999999999926e-01 -1.727999999999999935e-03 9.454320000000000501e-01 -3.258199999999999985e-01 7.799999999999999859e-05
7.000000000000000000e+00 4.600000000000000000e+01 3.500000000000000000e+01 0.000000000000000000e+00 1.600000000000000089e+00 -4.560000000000000251e-04 -7.339999999999999520e-04 -1.000000000000000000e+00 3.911930000000000129e-01 -9.203080000000000149e-01 4.970000000000000459e-04 -9.203080000000000149e-01 -3.911930000000000129e-01 7.069999999999999462e-04
1.100000000000000000e+01 4.600000000000000000e+01 3.500000000000000000e+01 0.000000000000000000e+00 1.600000000000000089e+00 7.240000000000000342e-04 -2.919999999999999961e-04 -1.000000000000000000e+00 3.917430000000000079e-01 -9.200739999999999474e-01 5.519999999999999733e-04 -9.200739999999999474e-01 -3.917439999999999811e-01 -5.519999999999999733e-04
1.900000000000000000e+01 4.600000000000000000e+01 3.500000000000000000e+01 0.000000000000000000e+00 1.600000000000000089e+00 -4.629999999999999784e-04 4.180000000000000230e-04 -1.000000000000000000e+00 3.918749999999999734e-01 -9.200180000000000025e-01 -5.659999999999999884e-04 -9.200180000000000025e-01 -3.918760000000000021e-01 2.629999999999999959e-04
2.300000000000000000e+01 4.600000000000000000e+01 3.500000000000000000e+01 0.000000000000000000e+00 1.600000000000000089e+00 5.590000000000000351e-04 2.988000000000000204e-03 -9.999949999999999672e-01 3.907700000000000062e-01 -9.204849999999999977e-01 -2.531999999999999963e-03 -9.204879999999999729e-01 -3.907669999999999755e-01 -1.681999999999999901e-03
6.000000000000000000e+00 2.900000000000000000e+01 4.400000000000000000e+01 0.000000000000000000e+00 1.600000000000000089e+00 -4.550000000000000008e-04 3.340000000000000087e-03 -9.999940000000000495e-01 6.633379999999999832e-01 7.483159999999999812e-01 2.197999999999999867e-03 7.483199999999999852e-01 -6.633339999999999792e-01 -2.556000000000000112e-03
1.200000000000000000e+01 2.900000000000000000e+01 4.400000000000000000e+01 0.000000000000000000e+00 1.600000000000000089e+00 5.280000000000000405e-04 8.000000000000000383e-04 -1.000000000000000000e+00 6.548110000000000319e-01 7.557920000000000194e-01 9.499999999999999981e-04 7.557930000000000481e-01 -6.548110000000000319e-01 -1.250000000000000026e-04
1.800000000000000000e+01 2.900000000000000000e+01 4.400000000000000000e+01 0.000000000000000000e+00 1.600000000000000089e+00 2.809999999999999998e-04 -1.732000000000000033e-03 -9.999980000000000535e-01 6.502759999999999652e-01 7.596969999999999557e-01 -1.132999999999999893e-03 7.596979999999999844e-01 -6.502750000000000474e-01 1.340000000000000045e-03
2.200000000000000000e+01 2.900000000000000000e+01 4.400000000000000000e+01 0.000000000000000000e+00 1.600000000000000089e+00 -1.771999999999999921e-03 -4.366000000000000089e-03 -9.999890000000000168e-01 6.539859999999999562e-01 7.564939999999999998e-01 -4.461999999999999821e-03 7.565049999999999830e-01 -6.539859999999999562e-01 1.515000000000000071e-03
2.700000000000000000e+01 2.900000000000000000e+01 4.400000000000000000e+01 0.000000000000000000e+00 1.600000000000000089e+00 -8.149999999999999693e-04 -4.010999999999999809e-03 -9.999919999999999920e-01 6.564649999999999652e-01 7.543480000000000185e-01 -3.559999999999999797e-03 7.543560000000000265e-01 -6.564630000000000187e-01 2.017999999999999829e-03
1.700000000000000000e+01 6.500000000000000000e+01 4.600000000000000000e+01 0.000000000000000000e+00 1.600000000000000089e+00 -3.553999999999999868e-03 2.364000000000000216e-03 9.999909999999999632e-01 6.828109999999999458e-01 -7.305829999999999824e-01 4.154999999999999839e-03 7.305859999999999577e-01 6.828199999999999825e-01 9.820000000000000170e-04
3.000000000000000000e+00 7.000000000000000000e+01 4.700000000000000000e+01 0.000000000000000000e+00 1.600000000000000089e+00 6.065000000000000079e-03 -2.435999999999999797e-03 -9.999789999999999512e-01 -8.449790000000000356e-01 -5.347859999999999836e-01 -3.821999999999999877e-03 -5.347650000000000459e-01 8.449839999999999574e-01 -5.302000000000000289e-03
1.600000000000000000e+01 7.000000000000000000e+01 4.700000000000000000e+01 0.000000000000000000e+00 1.600000000000000089e+00 3.998999999999999951e-03 1.724999999999999971e-03 -9.999900000000000455e-01 -8.481250000000000178e-01 -5.297779999999999712e-01 -4.304999999999999799e-03 -5.297809999999999464e-01 8.481349999999999723e-01 -6.560000000000000076e-04
5.000000000000000000e+00 5.000000000000000000e+00 5.100000000000000000e+01 0.000000000000000000e+00 1.600000000000000089e+00 1.793000000000000106e-03 5.792000000000000273e-03 -9.999820000000000375e-01 4.798000000000000043e-01 -8.773680000000000367e-01 -4.222000000000000058e-03 -8.773760000000000447e-01 -4.797830000000000150e-01 -4.351999999999999966e-03
2.000000000000000000e+01 5.000000000000000000e+00 5.100000000000000000e+01 0.000000000000000000e+00 1.600000000000000089e+00 -5.760000000000000146e-04 6.278999999999999859e-03 -9.999799999999999800e-01 4.889200000000000212e-01 -8.723090000000000011e-01 -5.759000000000000230e-03 -8.723279999999999923e-01 -4.889140000000000152e-01 -2.566999999999999837e-03
2.700000000000000000e+01 5.000000000000000000e+00 5.100000000000000000e+01 0.000000000000000000e+00 1.600000000000000089e+00 1.206000000000000041e-03 -8.030000000000000028e-04 -9.999989999999999712e-01 4.862920000000000020e-01 -8.737949999999999884e-01 1.288000000000000082e-03 -8.737949999999999884e-01 -4.862929999999999753e-01 -6.629999999999999609e-04
2.000000000000000000e+00 6.300000000000000000e+01 5.400000000000000000e+01 0.000000000000000000e+00 1.600000000000000089e+00 -1.830000000000000029e-03 1.946000000000000030e-03 9.999959999999999960e-01 -3.410969999999999835e-01 9.400249999999999995e-01 -2.454000000000000018e-03 -9.400260000000000282e-01 -3.411000000000000143e-01 -1.056000000000000081e-03
8.000000000000000000e+00 6.300000000000000000e+01 5.400000000000000000e+01 0.000000000000000000e+00 1.600000000000000089e+00 1.150000000000000035e-04 7.140000000000000079e-04 1.000000000000000000e+00 -3.443709999999999827e-01 9.388330000000000286e-01 -6.310000000000000504e-04 -9.388339999999999463e-01 -3.443709999999999827e-01 3.539999999999999853e-04
1.300000000000000000e+01 6.300000000000000000e+01 5.400000000000000000e+01 0.000000000000000000e+00 1.600000000000000089e+00 7.619999999999999820e-04 -2.106999999999999932e-03 9.999970000000000248e-01 -3.458140000000000103e-01 9.383000000000000229e-01 2.239999999999999804e-03 -9.383029999999999982e-01 -3.458149999999999835e-01 -1.399999999999999979e-05
2.900000000000000000e+01 6.300000000000000000e+01 5.400000000000000000e+01 0.000000000000000000e+00 1.600000000000000089e+00 5.330000000000000536e-04 -1.052999999999999900e-03 9.999989999999999712e-01 -3.493729999999999891e-01 9.369830000000000103e-01 1.172999999999999998e-03 -9.369840000000000391e-01 -3.493729999999999891e-01 1.320000000000000101e-04
2.000000000000000000e+01 2.000000000000000000e+01 6.000000000000000000e+01 0.000000000000000000e+00 1.600000000000000089e+00 -1.090000000000000067e-04 3.701999999999999996e-03 9.999930000000000208e-01 -6.230299999999999727e-02 9.980499999999999927e-01 -3.701999999999999996e-03 -9.980569999999999720e-01 -6.230299999999999727e-02 1.219999999999999974e-04
1.000000000000000000e+00 2.100000000000000000e+01 6.000000000000000000e+01 0.000000000000000000e+00 1.600000000000000089e+00 3.899999999999999929e-05 1.090700000000000003e-02 9.999409999999999688e-01 -9.366299999999999626e-02 9.955450000000000133e-01 -1.085500000000000007e-02 -9.956040000000000445e-01 -9.365700000000000414e-02 1.061000000000000094e-03
7.000000000000000000e+00 2.100000000000000000e+01 6.000000000000000000e+01 0.000000000000000000e+00 1.600000000000000089e+00 7.879999999999999635e-04 1.363999999999999978e-03 9.999989999999999712e-01 -9.555800000000000405e-02 9.954229999999999468e-01 -1.281999999999999936e-03 -9.954239999999999755e-01 -9.555700000000000305e-02 9.150000000000000147e-04
1.200000000000000000e+01 2.100000000000000000e+01 6.000000000000000000e+01 0.000000000000000000e+00 1.600000000000000089e+00 -1.387999999999999911e-03 -9.029000000000000567e-03 9.999580000000000135e-01 -9.233099999999999641e-02 9.956890000000000462e-01 8.862000000000000086e-03 -9.957270000000000287e-01 -9.231499999999999428e-02 -2.216000000000000088e-03
1.900000000000000000e+01 2.100000000000000000e+01 6.000000000000000000e+01 0.000000000000000000e+00 1.600000000000000089e+00 1.219999999999999974e-04 4.129999999999999991e-03 9.999909999999999632e-01 -9.445399999999999630e-02 9.955209999999999892e-01 -4.100000000000000346e-03 -9.955289999999999973e-01 -9.445299999999999530e-02 5.119999999999999768e-04
2.400000000000000000e+01 2.100000000000000000e+01 6.000000000000000000e+01 0.000000000000000000e+00 1.600000000000000089e+00 -7.209999999999999612e-04 3.412000000000000102e-03 9.999940000000000495e-01 -9.461100000000000065e-02 9.955079999999999485e-01 -3.465000000000000198e-03 -9.955140000000000100e-01 -9.461300000000000265e-02 -3.950000000000000061e-04
1.100000000000000000e+01 6.000000000000000000e+00 6.100000000000000000e+01 0.000000000000000000e+00 1.600000000000000089e+00 2.219000000000000052e-03 -3.851999999999999955e-03 9.999900000000000455e-01 5.653960000000000097e-01 -8.248079999999999856e-01 -4.432000000000000176e-03 8.248170000000000224e-01 5.654000000000000137e-01 3.480000000000000020e-04
7.000000000000000000e+00 2.700000000000000000e+01 6.300000000000000000e+01 0.000000000000000000e+00 1.600000000000000089e+00 1.265000000000000065e-03 -5.289000000000000298e-03 9.999850000000000128e-01 -2.719809999999999728e-01 9.622870000000000035e-01 5.433999999999999594e-03 -9.623019999999999907e-01 -2.719840000000000035e-01 -2.210000000000000050e-04
1.700000000000000000e+01 2.700000000000000000e+01 6.300000000000000000e+01 0.000000000000000000e+00 1.600000000000000089e+00 -2.300000000000000070e-04 -5.040000000000000209e-03 9.999869999999999592e-01 -2.734480000000000244e-01 9.618750000000000355e-01 4.785000000000000191e-03 -9.618870000000000475e-01 -2.734429999999999916e-01 -1.598999999999999944e-03
2.300000000000000000e+01 2.700000000000000000e+01 6.300000000000000000e+01 0.000000000000000000e+00 1.600000000000000089e+00 -1.469999999999999953e-04 -4.150000000000000043e-04 1.000000000000000000e+00 -2.752700000000000147e-01 9.613669999999999716e-01 3.589999999999999984e-04 -9.613669999999999716e-01 -2.752700000000000147e-01 -2.559999999999999884e-04
8.000000000000000000e+00 2.600000000000000000e+01 6.400000000000000000e+01 0.000000000000000000e+00 1.600000000000000089e+00 2.207999999999999893e-03 -4.786999999999999589e-03 9.999860000000000415e-01 -3.639839999999999742e-01 9.313900000000000512e-01 5.262000000000000184e-03 -9.314019999999999522e-01 -3.639910000000000090e-01 3.139999999999999888e-04
1.900000000000000000e+01 2.600000000000000000e+01 6.400000000000000000e+01 0.000000000000000000e+00 1.600000000000000089e+00 1.500000000000000031e-03 -4.466000000000000351e-03 9.999890000000000168e-01 -3.638370000000000215e-01 9.314510000000000289e-01 4.706000000000000114e-03 -9.314609999999999834e-01 -3.638399999999999967e-01 -2.280000000000000126e-04
2.400000000000000000e+01 2.600000000000000000e+01 6.400000000000000000e+01 0.000000000000000000e+00 1.600000000000000089e+00 -7.560000000000000530e-04 -1.185999999999999988e-03 9.999989999999999712e-01 -3.645019999999999927e-01 9.312019999999999742e-01 8.289999999999999843e-04 -9.312019999999999742e-01 -3.645010000000000194e-01 -1.136000000000000074e-03
2.900000000000000000e+01 2.600000000000000000e+01 6.400000000000000000e+01 0.000000000000000000e+00 1.600000000000000089e+00 1.456000000000000046e-03 -4.186999999999999750e-03 9.999900000000000455e-01 -3.620110000000000272e-01 9.321629999999999638e-01 4.429999999999999910e-03 -9.321730000000000294e-01 -3.620140000000000025e-01 -1.589999999999999888e-04
8.000000000000000000e+00 6.900000000000000000e+01 6.600000000000000000e+01 0.000000000000000000e+00 1.600000000000000089e+00 3.275000000000000133e-03 -2.435999999999999797e-03 9.999919999999999920e-01 -9.517630000000000257e-01 3.068100000000000271e-01 3.863999999999999813e-03 -3.068159999999999776e-01 -9.517679999999999474e-01 -1.312999999999999931e-03
1.200000000000000000e+01 6.900000000000000000e+01 6.600000000000000000e+01 0.000000000000000000e+00 1.600000000000000089e+00 2.746000000000000177e-03 -1.010000000000000020e-04 9.999959999999999960e-01 -9.527259999999999618e-01 3.038179999999999770e-01 2.647000000000000047e-03 -3.038170000000000037e-01 -9.527299999999999658e-01 7.380000000000000492e-04
2.900000000000000000e+01 6.900000000000000000e+01 6.600000000000000000e+01 0.000000000000000000e+00 1.600000000000000089e+00 -1.700000000000000122e-04 5.366000000000000110e-03 9.999860000000000415e-01 -9.565719999999999779e-01 2.914910000000000001e-01 -1.726000000000000104e-03 -2.914959999999999773e-01 -9.565580000000000194e-01 5.083999999999999977e-03
2.000000000000000000e+00 2.500000000000000000e+01 7.300000000000000000e+01 0.000000000000000000e+00 1.600000000000000089e+00 1.224999999999999960e-03 -4.380000000000000213e-04 9.999989999999999712e-01 7.571039999999999992e-01 -6.532930000000000126e-01 -1.214000000000000018e-03 6.532930000000000126e-01 7.571050000000000280e-01 -4.690000000000000158e-04
6.000000000000000000e+00 2.500000000000000000e+01 7.300000000000000000e+01 0.000000000000000000e+00 1.600000000000000089e+00 -1.015000000000000060e-03 3.910000000000000172e-04 9.999989999999999712e-01 7.545260000000000300e-01 -6.562689999999999912e-01 1.023000000000000038e-03 6.562689999999999912e-01 7.545269999999999477e-01 3.710000000000000190e-04
1.200000000000000000e+01 2.500000000000000000e+01 7.300000000000000000e+01 0.000000000000000000e+00 1.600000000000000089e+00 1.982999999999999954e-03 2.854000000000000200e-03 9.999940000000000495e-01 7.561660000000000048e-01 -6.543799999999999617e-01 3.680000000000000003e-04 6.543769999999999865e-01 7.561600000000000543e-01 -3.455000000000000172e-03
1.500000000000000000e+01 2.500000000000000000e+01 7.300000000000000000e+01 0.000000000000000000e+00 1.600000000000000089e+00 1.025000000000000086e-03 1.172000000000000082e-03 9.999989999999999712e-01 7.560090000000000421e-01 -6.545609999999999484e-01 -7.999999999999999638e-06 6.545609999999999484e-01 7.560080000000000133e-01 -1.557000000000000007e-03
2.100000000000000000e+01 2.500000000000000000e+01 7.300000000000000000e+01 0.000000000000000000e+00 1.600000000000000089e+00 -1.747000000000000072e-03 -3.327999999999999795e-03 9.999930000000000208e-01 7.515540000000000553e-01 -6.596699999999999786e-01 -8.819999999999999715e-04 6.596689999999999499e-01 7.515479999999999938e-01 3.652999999999999997e-03
2.400000000000000000e+01 2.500000000000000000e+01 7.300000000000000000e+01 0.000000000000000000e+00 1.600000000000000089e+00 -4.850000000000000253e-04 -4.741000000000000422e-03 9.999890000000000168e-01 7.532010000000000094e-01 -6.577840000000000353e-01 -2.752999999999999805e-03 6.577899999999999858e-01 7.531919999999999726e-01 3.889000000000000096e-03
2.900000000000000000e+01 2.500000000000000000e+01 7.300000000000000000e+01 0.000000000000000000e+00 1.600000000000000089e+00 7.439999999999999782e-04 -1.276999999999999923e-03 9.999989999999999712e-01 7.539230000000000098e-01 -6.569620000000000459e-01 -1.399999999999999986e-03 6.569629999999999637e-01 7.539230000000000098e-01 4.739999999999999747e-04
3.000000000000000000e+00 4.400000000000000000e+01 7.300000000000000000e+01 0.000000000000000000e+00 1.600000000000000089e+00 1.739000000000000094e-03 1.920000000000000049e-04 9.999980000000000535e-01 5.403199999999999670e-02 -9.985389999999999544e-01 9.699999999999999963e-05 9.985380000000000367e-01 5.403100000000000264e-02 -1.745999999999999939e-03
9.000000000000000000e+00 4.400000000000000000e+01 7.300000000000000000e+01 0.000000000000000000e+00 1.600000000000000089e+00 9.060000000000000128e-04 6.870000000000000022e-04 9.999989999999999712e-01 5.263999999999999929e-02 -9.986129999999999729e-01 6.380000000000000037e-04 9.986129999999999729e-01 5.263999999999999929e-02 -9.409999999999999962e-04
1.400000000000000000e+01 4.400000000000000000e+01 7.300000000000000000e+01 0.000000000000000000e+00 1.600000000000000089e+00 -4.510000000000000120e-04 -1.791000000000000057e-03 9.999980000000000535e-01 5.234400000000000164e-02 -9.986279999999999601e-01 -1.765000000000000076e-03 9.986289999999999889e-01 5.234300000000000064e-02 5.439999999999999957e-04
2.100000000000000000e+01 4.400000000000000000e+01 7.300000000000000000e+01 0.000000000000000000e+00 1.600000000000000089e+00 8.069999999999999916e-04 3.599999999999999901e-03 9.999930000000000208e-01 5.304099999999999787e-02 -9.985859999999999737e-01 3.552000000000000036e-03 9.985920000000000352e-01 5.303800000000000181e-02 -9.959999999999999236e-04
2.700000000000000000e+01 4.400000000000000000e+01 7.300000000000000000e+01 0.000000000000000000e+00 1.600000000000000089e+00 1.427000000000000100e-03 2.347000000000000128e-03 9.999959999999999960e-01 5.697800000000000087e-02 -9.983729999999999549e-01 2.262000000000000122e-03 9.983739999999999837e-01 5.697399999999999687e-02 -1.559000000000000056e-03
8.000000000000000000e+00 9.100000000000000000e+01 7.600000000000000000e+01 0.000000000000000000e+00 1.600000000000000089e+00 8.790000000000000070e-04 8.299999999999999815e-05 1.000000000000000000e+00 3.036460000000000270e-01 -9.527849999999999930e-01 -1.879999999999999890e-04 9.527839999999999643e-01 3.036460000000000270e-01 -8.630000000000000518e-04
1.200000000000000000e+01 9.100000000000000000e+01 7.600000000000000000e+01 0.000000000000000000e+00 1.600000000000000089e+00 2.959999999999999849e-04 7.489999999999999913e-04 1.000000000000000000e+00 3.242269999999999874e-01 -9.459790000000000143e-01 6.120000000000000223e-04 9.459790000000000143e-01 3.242269999999999874e-01 -5.230000000000000274e-04
1.500000000000000000e+01 9.100000000000000000e+01 7.600000000000000000e+01 0.000000000000000000e+00 1.600000000000000089e+00 -7.990000000000000140e-04 -9.100000000000000287e-05 1.000000000000000000e+00 3.276209999999999956e-01 -9.448090000000000099e-01 1.759999999999999954e-04 9.448090000000000099e-01 3.276209999999999956e-01 7.839999999999999747e-04
1.900000000000000000e+01 9.100000000000000000e+01 7.600000000000000000e+01 0.000000000000000000e+00 1.600000000000000089e+00 2.860000000000000129e-04 7.550000000000000287e-04 1.000000000000000000e+00 3.174239999999999839e-01 -9.482840000000000158e-01 6.250000000000000130e-04 9.482840000000000158e-01 3.174239999999999839e-01 -5.109999999999999525e-04
2.200000000000000000e+01 9.100000000000000000e+01 7.600000000000000000e+01 0.000000000000000000e+00 1.600000000000000089e+00 3.910000000000000172e-04 1.231000000000000106e-03 9.999989999999999712e-01 3.229770000000000141e-01 -9.464059999999999695e-01 1.038999999999999993e-03 9.464069999999999983e-01 3.229770000000000141e-01 -7.680000000000000195e-04
2.600000000000000000e+01 9.100000000000000000e+01 7.600000000000000000e+01 0.000000000000000000e+00 1.600000000000000089e+00 -5.919999999999999698e-04 -4.949999999999999973e-04 1.000000000000000000e+00 3.216330000000000022e-01 -9.468640000000000390e-01 -2.779999999999999811e-04 9.468640000000000390e-01 3.216330000000000022e-01 7.200000000000000453e-04
3.000000000000000000e+01 9.100000000000000000e+01 7.600000000000000000e+01 0.000000000000000000e+00 1.600000000000000089e+00 -3.000000000000000076e-05 -6.179999999999999513e-04 1.000000000000000000e+00 3.170370000000000132e-01 -9.484129999999999505e-01 -5.770000000000000389e-04 9.484129999999999505e-01 3.170370000000000132e-01 2.239999999999999966e-04
6.000000000000000000e+00 6.300000000000000000e+01 8.100000000000000000e+01 0.000000000000000000e+00 1.600000000000000089e+00 4.079999999999999968e-04 1.629000000000000023e-03 9.999989999999999712e-01 1.828199999999999964e-02 -9.998320000000000540e-01 1.621000000000000045e-03 9.998329999999999718e-01 1.828099999999999864e-02 -4.380000000000000213e-04
6.000000000000000000e+00 4.400000000000000000e+01 8.300000000000000000e+01 0.000000000000000000e+00 1.600000000000000089e+00 -3.460000000000000076e-04 2.256999999999999892e-03 9.999970000000000248e-01 5.861849999999999561e-01 -8.101749999999999785e-01 2.031999999999999952e-03 8.101770000000000360e-01 5.861840000000000384e-01 -1.041999999999999958e-03
1.000000000000000000e+01 4.400000000000000000e+01 8.300000000000000000e+01 0.000000000000000000e+00 1.600000000000000089e+00 -6.840000000000000377e-04 4.608000000000000117e-03 9.999890000000000168e-01 5.847930000000000073e-01 -8.111720000000000041e-01 4.138000000000000185e-03 8.111819999999999586e-01 5.847890000000000033e-01 -2.139999999999999975e-03
1.900000000000000000e+01 4.400000000000000000e+01 8.300000000000000000e+01 0.000000000000000000e+00 1.600000000000000089e+00 -9.150000000000000147e-04 6.999999999999999387e-05 1.000000000000000000e+00 5.758199999999999985e-01 -8.175769999999999982e-01 5.839999999999999922e-04 8.175759999999999694e-01 5.758199999999999985e-01 7.079999999999999705e-04
2.600000000000000000e+01 4.400000000000000000e+01 8.300000000000000000e+01 0.000000000000000000e+00 1.600000000000000089e+00 1.152000000000000029e-03 -1.579999999999999916e-04 9.999989999999999712e-01 5.794249999999999678e-01 -8.150249999999999995e-01 -7.969999999999999654e-04 8.150249999999999995e-01 5.794249999999999678e-01 -8.469999999999999881e-04
9.000000000000000000e+00 1.010000000000000000e+02 8.300000000000000000e+01 0.000000000000000000e+00 1.600000000000000089e+00 -1.966999999999999998e-03 -5.296000000000000360e-03 9.999839999999999840e-01 9.938240000000000407e-01 1.109379999999999949e-01 2.541999999999999989e-03 -1.109499999999999931e-01 9.938129999999999464e-01 5.045000000000000005e-03
3.000000000000000000e+00 4.800000000000000000e+01 8.400000000000000000e+01 0.000000000000000000e+00 1.600000000000000089e+00 1.350999999999999987e-03 -7.560000000000000530e-04 -9.999989999999999712e-01 -9.460190000000000543e-01 -3.241109999999999824e-01 -1.033000000000000064e-03 -3.241100000000000092e-01 9.460190000000000543e-01 -1.152999999999999945e-03
