6.000000000000000000e+00 2.500000000000000000e+01 1.000000000000000000e+00 0.000000000000000000e+00 1.600000000000000089e+00 -1.397999999999999937e-03 2.858999999999999996e-03 -9.999949999999999672e-01 -5.243290000000000450e-01 -8.515139999999999931e-01 -1.701999999999999954e-03 -8.515150000000000219e-01 5.243240000000000123e-01 2.690000000000000117e-03
2.100000000000000000e+01 2.500000000000000000e+01 1.000000000000000000e+00 0.000000000000000000e+00 1.600000000000000089e+00 -7.010000000000000172e-04 1.874000000000000015e-03 -9.999980000000000535e-01 -5.220059999999999700e-01 -8.529409999999999492e-01 -1.232999999999999938e-03 -8.529419999999999780e-01 5.220040000000000235e-01 1.575999999999999927e-03
1.400000000000000000e+01 1.500000000000000000e+01 4.000000000000000000e+00 0.000000000000000000e+00 1.600000000000000089e+00 7.269999999999999987e-04 -1.382800000000000001e-02 9.999040000000000150e-01 3.803599999999999759e-01 -9.247459999999999569e-01 -1.306500000000000022e-02 9.248380000000000489e-01 3.803329999999999766e-01 4.588000000000000064e-03
2.300000000000000000e+01 1.500000000000000000e+01 4.000000000000000000e+00 0.000000000000000000e+00 1.600000000000000089e+00 -8.793000000000000468e-03 4.356899999999999662e-02 9.990120000000000111e-01 4.240519999999999845e-01 -9.046079999999999677e-01 4.318400000000000016e-02 9.055950000000000388e-01 4.240120000000000000e-01 -1.052100000000000084e-02
3.000000000000000000e+00 1.010000000000000000e+02 7.000000000000000000e+00 0.000000000000000000e+00 1.600000000000000089e+00 7.879999999999999635e-04 -9.039999999999999642e-04 9.999989999999999712e-01 8.833980000000000166e-01 4.686239999999999850e-01 -2.719999999999999979e-04 -4.686230000000000118e-01 8.833969999999999878e-01 1.167999999999999984e-03
1.800000000000000000e+01 1.010000000000000000e+02 7.000000000000000000e+00 0.000000000000000000e+00 1.600000000000000089e+00 2.393999999999999861e-03 -9.771999999999999437e-03 9.999489999999999768e-01 8.864549999999999930e-01 4.628079999999999972e-01 2.399999999999999790e-03 -4.628079999999999972e-01 8.864049999999999985e-01 9.771000000000000171e-03
2.500000000000000000e+01 1.010000000000000000e+02 7.000000000000000000e+00 0.000000000000000000e+00 1.600000000000000089e+00 -1.778999999999999982e-03 6.388999999999999714e-03 9.999780000000000335e-01 8.865330000000000155e-01 4.626629999999999909e-01 -1.378000000000000102e-03 -4.626609999999999889e-01 8.865110000000000490e-01 -6.486999999999999711e-03
1.100000000000000000e+01 1.500000000000000000e+01 8.000000000000000000e+00 0.000000000000000000e+00 1.600000000000000089e+00 -4.220000000000000118e-04 -2.432899999999999993e-02 -9.997040000000000370e-01 -6.186439999999999717e-01 -7.854330000000000478e-01 1.937600000000000086e-02 -7.856720000000000370e-01 6.184690000000000465e-01 -1.471899999999999945e-02
4.000000000000000000e+00 2.500000000000000000e+01 8.000000000000000000e+00 0.000000000000000000e+00 1.600000000000000089e+00 1.092000000000000089e-03 4.395999999999999734e-03 -9.999900000000000455e-01 4.437289999999999845e-01 8.961500000000000021e-01 4.423999999999999981e-03 8.961599999999999566e-01 -4.437300000000000133e-01 -9.719999999999999907e-04
8.000000000000000000e+00 2.500000000000000000e+01 8.000000000000000000e+00 0.000000000000000000e+00 1.600000000000000089e+00 1.822000000000000052e-03 5.988000000000000267e-03 -9.999799999999999800e-01 4.429210000000000091e-01 8.965400000000000036e-01 6.174999999999999933e-03 8.965589999999999948e-01 -4.429230000000000111e-01 -1.018999999999999941e-03
1.200000000000000000e+01 2.500000000000000000e+01 8.000000000000000000e+00 0.000000000000000000e+00 1.600000000000000089e+00 1.479000000000000063e-03 -2.180000000000000134e-04 -9.999989999999999712e-01 4.415410000000000168e-01 8.972409999999999553e-01 4.580000000000000195e-04 8.972400000000000375e-01 -4.415419999999999900e-01 1.423000000000000003e-03
1.600000000000000000e+01 2.500000000000000000e+01 8.000000000000000000e+00 0.000000000000000000e+00 1.600000000000000089e+00 -5.230000000000000274e-04 -2.460000000000000164e-04 -1.000000000000000000e+00 4.404390000000000249e-01 8.977829999999999977e-01 -4.510000000000000120e-04 8.977819999999999689e-01 -4.404390000000000249e-01 -3.620000000000000171e-04
2.100000000000000000e+01 2.500000000000000000e+01 8.000000000000000000e+00 0.000000000000000000e+00 1.600000000000000089e+00 2.315999999999999916e-03 6.152000000000000350e-03 -9.999780000000000335e-01 4.386889999999999956e-01 8.986150000000000526e-01 6.544999999999999603e-03 8.986359999999999904e-01 -4.386939999999999729e-01 -6.179999999999999513e-04
2.500000000000000000e+01 2.500000000000000000e+01 8.000000000000000000e+00 0.000000000000000000e+00 1.600000000000000089e+00 1.637999999999999916e-03 1.902000000000000045e-03 -9.999970000000000248e-01 4.378850000000000242e-01 8.990280000000000493e-01 2.426999999999999904e-03 8.990289999999999671e-01 -4.378879999999999995e-01 6.390000000000000280e-04
4.000000000000000000e+00 2.400000000000000000e+01 9.000000000000000000e+00 0.000000000000000000e+00 1.600000000000000089e+00 1.077999999999999965e-03 3.436999999999999951e-03 -9.999930000000000208e-01 4.509889999999999732e-01 8.925220000000000375e-01 3.553999999999999868e-03 8.925290000000000168e-01 -4.509900000000000020e-01 -5.879999999999999810e-04
1.000000000000000000e+01 2.400000000000000000e+01 9.000000000000000000e+00 0.000000000000000000e+00 1.600000000000000089e+00 2.138000000000000143e-03 4.658999999999999947e-03 -9.999869999999999592e-01 4.487459999999999782e-01 8.936439999999999939e-01 5.122999999999999950e-03 8.936570000000000347e-01 -4.487510000000000110e-01 -1.800000000000000113e-04
1.600000000000000000e+01 2.400000000000000000e+01 9.000000000000000000e+00 0.000000000000000000e+00 1.600000000000000089e+00 -2.020000000000000040e-04 -4.870000000000000197e-04 -1.000000000000000000e+00 4.468360000000000110e-01 8.946159999999999668e-01 -5.259999999999999919e-04 8.946159999999999668e-01 -4.468360000000000110e-01 3.699999999999999811e-05
2.200000000000000000e+01 2.400000000000000000e+01 9.000000000000000000e+00 0.000000000000000000e+00 1.600000000000000089e+00 2.343000000000000031e-03 3.989999999999999623e-03 -9.999890000000000168e-01 4.445819999999999772e-01 8.957260000000000222e-01 4.615000000000000178e-03 8.957349999999999479e-01 -4.445879999999999832e-01 3.249999999999999851e-04
8.000000000000000000e+00 8.000000000000000000e+00 1.000000000000000000e+01 0.000000000000000000e+00 1.600000000000000089e+00 -1.583229999999999915e-01 -1.133109999999999951e-01 -9.808639999999999581e-01 -9.489250000000000185e-01 -2.571010000000000240e-01 1.828690000000000038e-01 -2.729030000000000067e-01 9.597179999999999600e-01 -6.681900000000000339e-02
2.500000000000000000e+01 3.000000000000000000e+00 1.100000000000000000e+01 0.000000000000000000e+00 1.600000000000000089e+00 -6.451000000000000137e-03 1.038349999999999967e-01 9.945739999999999581e-01 1.351799999999999946e-01 -9.853739999999999721e-01 1.037509999999999960e-01 9.908000000000000140e-01 1.351150000000000129e-01 -7.680000000000000195e-03
3.000000000000000000e+00 3.100000000000000000e+01 1.200000000000000000e+01 0.000000000000000000e+00 1.600000000000000089e+00 2.370999999999999844e-03 -1.232000000000000022e-03 9.999959999999999960e-01 -1.187799999999999967e-02 9.999289999999999567e-01 1.260000000000000052e-03 -9.999270000000000103e-01 -1.188099999999999920e-02 2.357000000000000154e-03
1.400000000000000000e+01 3.100000000000000000e+01 1.200000000000000000e+01 0.000000000000000000e+00 1.600000000000000089e+00 -8.159999999999999936e-04 6.159000000000000412e-03 9.999810000000000088e-01 -4.562000000000000083e-03 9.999710000000000543e-01 -6.163000000000000075e-03 -9.999890000000000168e-01 -4.566999999999999879e-03 -7.879999999999999635e-04
6.000000000000000000e+00 3.500000000000000000e+01 1.200000000000000000e+01 0.000000000000000000e+00 1.600000000000000089e+00 -4.599999999999999922e-03 1.728899999999999881e-02 -9.998399999999999510e-01 5.596889999999999921e-01 -8.285299999999999887e-01 -1.690200000000000036e-02 -8.286900000000000377e-01 -5.596769999999999801e-01 -5.865000000000000421e-03
3.000000000000000000e+00 1.160000000000000000e+02 1.600000000000000000e+01 0.000000000000000000e+00 1.600000000000000089e+00 3.148999999999999889e-03 2.469999999999999865e-04 9.999949999999999672e-01 7.666190000000000504e-01 6.420970000000000288e-01 -2.573000000000000200e-03 -6.420949999999999713e-01 7.666230000000000544e-01 1.832000000000000078e-03
1.300000000000000000e+01 1.160000000000000000e+02 1.600000000000000000e+01 0.000000000000000000e+00 1.600000000000000089e+00 3.899999999999999929e-04 4.929999999999999487e-04 1.000000000000000000e+00 7.620310000000000139e-01 6.475410000000000332e-01 -6.170000000000000354e-04 -6.475410000000000332e-01 7.620310000000000139e-01 -1.230000000000000082e-04
1.800000000000000000e+01 1.160000000000000000e+02 1.600000000000000000e+01 0.000000000000000000e+00 1.600000000000000089e+00 6.700000000000000226e-05 3.249999999999999851e-04 1.000000000000000000e+00 7.525659999999999572e-01 6.585170000000000190e-01 -2.649999999999999903e-04 -6.585170000000000190e-01 7.525659999999999572e-01 -2.000000000000000096e-04
2.200000000000000000e+01 1.160000000000000000e+02 1.600000000000000000e+01 0.000000000000000000e+00 1.600000000000000089e+00 -4.899999999999999842e-04 -1.938999999999999968e-03 9.999980000000000535e-01 7.533450000000000424e-01 6.576229999999999576e-01 1.644000000000000062e-03 -6.576250000000000151e-01 7.533450000000000424e-01 1.137999999999999906e-03
2.500000000000000000e+01 1.160000000000000000e+02 1.600000000000000000e+01 0.000000000000000000e+00 1.600000000000000089e+00 -3.600000000000000227e-04 -2.386000000000000100e-03 9.999970000000000248e-01 7.597450000000000037e-01 6.502189999999999914e-01 1.825000000000000016e-03 -6.502210000000000489e-01 7.597429999999999461e-01 1.579000000000000108e-03
6.000000000000000000e+00 2.000000000000000000e+00 1.900000000000000000e+01 0.000000000000000000e+00 1.600000000000000089e+00 7.382999999999999806e-03 -5.910900000000000182e-02 -9.982240000000000002e-01 3.405989999999999851e-01 -9.384130000000000527e-01 5.808699999999999974e-02 -9.401800000000000157e-01 -3.404229999999999756e-01 1.320400000000000046e-02
1.300000000000000000e+01 2.000000000000000000e+00 1.900000000000000000e+01 0.000000000000000000e+00 1.600000000000000089e+00 7.212999999999999794e-03 -6.456900000000000139e-02 -9.978869999999999685e-01 3.677000000000000268e-01 -9.278290000000000148e-01 6.269299999999999873e-02 -9.299169999999999936e-01 -3.673750000000000071e-01 1.704900000000000165e-02
2.000000000000000000e+01 2.000000000000000000e+00 1.900000000000000000e+01 0.000000000000000000e+00 1.600000000000000089e+00 5.779999999999999548e-04 1.107299999999999951e-02 -9.999390000000000223e-01 3.648210000000000064e-01 -9.310230000000000450e-01 -1.009900000000000034e-02 -9.310779999999999612e-01 -3.647929999999999784e-01 -4.577999999999999604e-03
2.400000000000000000e+01 3.000000000000000000e+00 1.900000000000000000e+01 0.000000000000000000e+00 1.600000000000000089e+00 3.312999999999999973e-03 3.580300000000000149e-02 -9.993530000000000468e-01 3.407189999999999941e-01 -9.396020000000000483e-01 -3.253299999999999942e-02 -9.401589999999999669e-01 -3.403909999999999991e-01 -1.531099999999999996e-02
2.800000000000000000e+01 3.000000000000000000e+00 1.900000000000000000e+01 0.000000000000000000e+00 1.600000000000000089e+00 1.618999999999999996e-03 4.491799999999999959e-02 -9.989890000000000159e-01 3.460059999999999802e-01 -9.373099999999999765e-01 -4.158400000000000291e-02 -9.382310000000000372e-01 -3.455889999999999795e-01 -1.705900000000000125e-02
2.000000000000000000e+00 4.000000000000000000e+00 2.000000000000000000e+01 0.000000000000000000e+00 1.600000000000000089e+00 5.107000000000000428e-03 -2.493499999999999883e-02 -9.996760000000000090e-01 3.789919999999999956e-01 -9.250620000000000509e-01 2.501000000000000098e-02 -9.253860000000000419e-01 -3.789969999999999728e-01 4.726000000000000166e-03
2.000000000000000000e+00 1.300000000000000000e+01 2.000000000000000000e+01 0.000000000000000000e+00 1.600000000000000089e+00 5.330000000000000536e-04 -1.541000000000000052e-03 9.999989999999999712e-01 2.672889999999999988e-01 9.636149999999999993e-01 1.343000000000000010e-03 -9.636160000000000281e-01 2.672880000000000256e-01 9.250000000000000409e-04
8.000000000000000000e+00 1.300000000000000000e+01 2.000000000000000000e+01 0.000000000000000000e+00 1.600000000000000089e+00 4.249999999999999763e-04 1.157999999999999958e-03 9.999989999999999712e-01 2.594940000000000024e-01 9.657440000000000468e-01 -1.229000000000000058e-03 -9.657440000000000468e-01 2.594949999999999757e-01 1.100000000000000039e-04
1.600000000000000000e+01 1.300000000000000000e+01 2.000000000000000000e+01 0.000000000000000000e+00 1.600000000000000089e+00 6.009999999999999717e-04 8.245999999999999858e-03 9.999660000000000215e-01 2.610689999999999955e-01 9.652859999999999774e-01 -8.116999999999999216e-03 -9.653199999999999559e-01 2.610649999999999915e-01 -1.572999999999999962e-03
2.000000000000000000e+01 1.300000000000000000e+01 2.000000000000000000e+01 0.000000000000000000e+00 1.600000000000000089e+00 -8.450000000000000479e-04 -2.534999999999999927e-03 9.999959999999999960e-01 2.614469999999999850e-01 9.652140000000000164e-01 2.667999999999999799e-03 -9.652180000000000204e-01 2.614480000000000137e-01 -1.530000000000000056e-04
2.000000000000000000e+01 1.600000000000000000e+01 2.100000000000000000e+01 0.000000000000000000e+00 1.600000000000000089e+00 -1.822999999999999968e-03 -5.193999999999999832e-03 9.999850000000000128e-01 2.990160000000000040e-01 9.542319999999999691e-01 5.501999999999999946e-03 -9.542460000000000386e-01 2.990220000000000100e-01 -1.869999999999999917e-04
1.700000000000000000e+01 2.000000000000000000e+00 2.500000000000000000e+01 0.000000000000000000e+00 1.600000000000000089e+00 2.337999999999999801e-03 -9.209999999999999437e-03 9.999550000000000383e-01 6.821399999999999686e-02 -9.976270000000000415e-01 -9.348000000000000406e-03 9.976679999999999993e-01 6.823300000000000198e-02 -1.704000000000000003e-03
3.000000000000000000e+00 3.000000000000000000e+00 2.500000000000000000e+01 0.000000000000000000e+00 1.600000000000000089e+00 4.153999999999999707e-03 -2.646499999999999894e-02 9.996410000000000018e-01 -1.380299999999999930e-02 -9.995560000000000000e-01 -2.640500000000000139e-02 9.998960000000000070e-01 -1.368899999999999978e-02 -4.518000000000000314e-03
8.000000000000000000e+00 3.000000000000000000e+00 2.500000000000000000e+01 0.000000000000000000e+00 1.600000000000000089e+00 9.136000000000000024e-03 -4.977600000000000080e-02 9.987190000000000234e-01 2.707199999999999884e-02 -9.983819999999999917e-01 -5.000700000000000284e-02 9.995920000000000361e-01 2.749400000000000108e-02 -7.773999999999999660e-03
1.600000000000000000e+01 3.000000000000000000e+00 2.500000000000000000e+01 0.000000000000000000e+00 1.600000000000000089e+00 1.958000000000000105e-03 -1.299900000000000014e-02 9.999139999999999695e-01 -1.321300000000000079e-02 -9.998289999999999678e-01 -1.297199999999999916e-02 9.999109999999999943e-01 -1.318700000000000080e-02 -2.128999999999999816e-03
2.200000000000000000e+01 3.000000000000000000e+00 2.500000000000000000e+01 0.000000000000000000e+00 1.600000000000000089e+00 1.603999999999999957e-03 5.823000000000000051e-03 9.999820000000000375e-01 -1.788000000000000006e-02 -9.998230000000000173e-01 5.851000000000000298e-03 9.998390000000000333e-01 -1.788899999999999865e-02 -1.500000000000000031e-03
1.100000000000000000e+01 4.600000000000000000e+01 2.700000000000000000e+01 0.000000000000000000e+00 1.600000000000000089e+00 3.400000000000000244e-04 2.497000000000000088e-03 -9.999970000000000248e-01 6.728929999999999634e-01 7.397369999999999779e-01 2.076000000000000154e-03 7.397399999999999531e-01 -6.728920000000000456e-01 -1.428000000000000016e-03
2.000000000000000000e+01 4.600000000000000000e+01 2.700000000000000000e+01 0.000000000000000000e+00 1.600000000000000089e+00 -1.479999999999999925e-04 -5.090000000000000123e-04 -1.000000000000000000e+00 6.799619999999999553e-01 7.332469999999999821e-01 -4.739999999999999747e-04 7.332480000000000109e-01 -6.799619999999999553e-01 2.380000000000000117e-04
2.000000000000000000e+00 5.800000000000000000e+01 3.100000000000000000e+01 0.000000000000000000e+00 1.600000000000000089e+00 3.331000000000000193e-03 7.680000000000000195e-04 9.999940000000000495e-01 -7.634880000000000555e-01 -6.458150000000000279e-01 3.039000000000000035e-03 6.458139999999999992e-01 -7.634929999999999772e-01 -1.564999999999999985e-03
1.900000000000000000e+01 5.800000000000000000e+01 3.100000000000000000e+01 0.000000000000000000e+00 1.600000000000000089e+00 -3.938999999999999793e-03 -8.883000000000000271e-03 9.999529999999999808e-01 -7.971310000000000340e-01 -6.037470000000000336e-01 -8.503999999999999407e-03 6.037940000000000529e-01 -7.971270000000000300e-01 -4.702999999999999715e-03
2.800000000000000000e+01 5.800000000000000000e+01 3.100000000000000000e+01 0.000000000000000000e+00 1.600000000000000089e+00 -1.631000000000000071e-03 -5.249000000000000193e-03 9.999850000000000128e-01 -8.031409999999999938e-01 -5.957729999999999970e-01 -4.438000000000000105e-03 5.957869999999999555e-01 -8.031359999999999610e-01 -3.243999999999999922e-03
8.000000000000000000e+00 2.300000000000000000e+01 3.400000000000000000e+01 0.000000000000000000e+00 1.600000000000000089e+00 -1.219999999999999947e-03 6.275000000000000196e-03 9.999799999999999800e-01 4.069780000000000064e-01 -9.134170000000000345e-01 6.228000000000000029e-03 9.134370000000000545e-01 4.069769999999999777e-01 -1.438999999999999958e-03
7.000000000000000000e+00 4.600000000000000000e+01 3.500000000000000000e+01 0.000000000000000000e+00 1.600000000000000089e+00 2.820000000000000241e-04 1.108000000000000044e-03 -9.999989999999999712e-01 3.902089999999999725e-01 -9.207260000000000444e-01 -9.100000000000000016e-04 -9.207260000000000444e-01 -3.902089999999999725e-01 -6.920000000000000153e-04
1.300000000000000000e+01 4.600000000000000000e+01 3.500000000000000000e+01 0.000000000000000000e+00 1.600000000000000089e+00 2.018999999999999961e-03 2.935000000000000109e-03 -9.999940000000000495e-01 3.894299999999999984e-01 -9.210540000000000393e-01 -1.917000000000000084e-03 -9.210540000000000393e-01 -3.894230000000000191e-01 -3.003000000000000027e-03
1.800000000000000000e+01 4.600000000000000000e+01 3.500000000000000000e+01 0.000000000000000000e+00 1.600000000000000089e+00 -1.296999999999999976e-03 -2.158000000000000196e-03 -9.999970000000000248e-01 3.898389999999999911e-01 -9.208819999999999784e-01 1.482000000000000027e-03 -9.208819999999999784e-01 -3.898349999999999871e-01 2.034999999999999917e-03
2.200000000000000000e+01 4.600000000000000000e+01 3.500000000000000000e+01 0.000000000000000000e+00 1.600000000000000089e+00 -1.100999999999999982e-03 -1.529999999999999893e-03 -9.999980000000000535e-01 3.906330000000000080e-01 -9.205459999999999754e-01 9.779999999999999197e-04 -9.205459999999999754e-01 -3.906310000000000060e-01 1.611000000000000019e-03
2.600000000000000000e+01 4.600000000000000000e+01 3.500000000000000000e+01 0.000000000000000000e+00 1.600000000000000089e+00 -7.619999999999999820e-04 -4.427999999999999645e-03 -9.999900000000000455e-01 3.929549999999999987e-01 -9.195499999999999785e-01 3.772000000000000179e-03 -9.195569999999999578e-01 -3.929480000000000195e-01 2.439999999999999895e-03
4.000000000000000000e+00 2.900000000000000000e+01 4.400000000000000000e+01 0.000000000000000000e+00 1.600000000000000089e+00 -5.010000000000000347e-04 -3.325999999999999963e-03 -9.999940000000000495e-01 6.564189999999999747e-01 7.543910000000000338e-01 -2.837999999999999811e-03 7.543959999999999555e-01 -6.564170000000000282e-01 1.806000000000000097e-03
9.000000000000000000e+00 2.900000000000000000e+01 4.400000000000000000e+01 0.000000000000000000e+00 1.600000000000000089e+00 4.739999999999999747e-04 5.100000000000000366e-04 -1.000000000000000000e+00 6.561320000000000485e-01 7.546460000000000390e-01 6.960000000000000041e-04 7.546460000000000390e-01 -6.561320000000000485e-01 2.300000000000000002e-05
1.500000000000000000e+01 2.900000000000000000e+01 4.400000000000000000e+01 0.000000000000000000e+00 1.600000000000000089e+00 4.972999999999999990e-03 4.547999999999999959e-03 -9.999770000000000048e-01 6.603919999999999790e-01 7.508920000000000039e-01 6.700000000000000226e-03 7.509050000000000447e-01 -6.604100000000000525e-01 7.299999999999999632e-04
2.000000000000000000e+01 2.900000000000000000e+01 4.400000000000000000e+01 0.000000000000000000e+00 1.600000000000000089e+00 -2.273999999999999980e-03 2.458000000000000115e-03 -9.999940000000000495e-01 6.591200000000000392e-01 7.520379999999999843e-01 3.490000000000000263e-04 7.520350000000000090e-01 -6.591150000000000064e-01 -3.330000000000000061e-03
4.000000000000000000e+00 5.000000000000000000e+00 5.100000000000000000e+01 0.000000000000000000e+00 1.600000000000000089e+00 -5.300000000000000078e-05 -2.949999999999999931e-03 -9.999959999999999960e-01 4.863450000000000273e-01 -8.737629999999999564e-01 2.552000000000000015e-03 -8.737669999999999604e-01 -4.863430000000000253e-01 1.480999999999999895e-03
1.200000000000000000e+01 1.150000000000000000e+02 5.100000000000000000e+01 0.000000000000000000e+00 1.600000000000000089e+00 -2.919999999999999961e-04 -4.356999999999999762e-03 9.999900000000000455e-01 8.443789999999999907e-01 -5.357420000000000515e-01 -2.086999999999999880e-03 5.357460000000000555e-01 8.443709999999999827e-01 3.836000000000000000e-03
6.000000000000000000e+00 6.300000000000000000e+01 5.400000000000000000e+01 0.000000000000000000e+00 1.600000000000000089e+00 -3.420000000000000188e-04 -1.500000000000000031e-03 9.999989999999999712e-01 -3.494450000000000056e-01 9.369560000000000111e-01 1.286000000000000034e-03 -9.369570000000000398e-01 -3.494439999999999769e-01 -8.450000000000000479e-04
1.000000000000000000e+01 6.300000000000000000e+01 5.400000000000000000e+01 0.000000000000000000e+00 1.600000000000000089e+00 -1.227000000000000009e-03 1.789999999999999870e-04 9.999989999999999712e-01 -3.497520000000000073e-01 9.368419999999999526e-01 -5.969999999999999829e-04 -9.368419999999999526e-01 -3.497520000000000073e-01 -1.087000000000000076e-03
1.500000000000000000e+01 6.300000000000000000e+01 5.400000000000000000e+01 0.000000000000000000e+00 1.600000000000000089e+00 1.310000000000000129e-04 2.786999999999999981e-03 9.999959999999999960e-01 -3.496770000000000156e-01 9.368670000000000053e-01 -2.565000000000000006e-03 -9.368699999999999806e-01 -3.496750000000000136e-01 1.098000000000000018e-03
2.100000000000000000e+01 6.300000000000000000e+01 5.400000000000000000e+01 0.000000000000000000e+00 1.600000000000000089e+00 1.505000000000000044e-03 5.540000000000000219e-04 9.999989999999999712e-01 -3.525889999999999858e-01 9.357779999999999987e-01 1.200000000000000030e-05 -9.357769999999999699e-01 -3.525889999999999858e-01 1.603999999999999957e-03
2.600000000000000000e+01 6.300000000000000000e+01 5.400000000000000000e+01 0.000000000000000000e+00 1.600000000000000089e+00 2.629999999999999959e-04 -2.854000000000000200e-03 9.999959999999999960e-01 -3.519390000000000018e-01 9.360190000000000454e-01 2.763999999999999964e-03 -9.360230000000000494e-01 -3.519379999999999731e-01 -7.579999999999999932e-04
8.000000000000000000e+00 2.500000000000000000e+01 5.500000000000000000e+01 0.000000000000000000e+00 1.600000000000000089e+00 -3.860000000000000041e-04 1.400999999999999902e-03 -9.999989999999999712e-01 -1.188099999999999920e-02 -9.999280000000000390e-01 -1.396000000000000105e-03 -9.999289999999999567e-01 1.188099999999999920e-02 4.020000000000000136e-04
2.300000000000000000e+01 2.500000000000000000e+01 5.500000000000000000e+01 0.000000000000000000e+00 1.600000000000000089e+00 -1.649999999999999991e-04 4.550000000000000008e-04 -1.000000000000000000e+00 -1.393199999999999994e-02 -9.999029999999999863e-01 -4.530000000000000064e-04 -9.999029999999999863e-01 1.393199999999999994e-02 1.710000000000000094e-04
2.800000000000000000e+01 2.500000000000000000e+01 5.500000000000000000e+01 0.000000000000000000e+00 1.600000000000000089e+00 1.814000000000000074e-03 2.245000000000000034e-03 -9.999959999999999960e-01 -1.495499999999999954e-02 -9.998860000000000525e-01 -2.272000000000000148e-03 -9.998869999999999703e-01 1.495900000000000007e-02 -1.779999999999999898e-03
2.700000000000000000e+01 2.600000000000000000e+01 5.500000000000000000e+01 0.000000000000000000e+00 1.600000000000000089e+00 1.709999999999999932e-03 3.521999999999999957e-03 -9.999919999999999920e-01 -3.323600000000000165e-02 -9.994410000000000238e-01 -3.576999999999999885e-03 -9.994459999999999456e-01 3.324200000000000071e-02 -1.592000000000000099e-03
1.400000000000000000e+01 6.800000000000000000e+01 5.700000000000000000e+01 0.000000000000000000e+00 1.600000000000000089e+00 2.420000000000000005e-04 -4.954000000000000070e-03 -9.999879999999999880e-01 -2.416850000000000109e-01 -9.703429999999999556e-01 4.748999999999999749e-03 -9.703549999999999676e-01 2.416800000000000059e-01 -1.431999999999999896e-03
8.000000000000000000e+00 2.000000000000000000e+01 6.000000000000000000e+01 0.000000000000000000e+00 1.600000000000000089e+00 4.279999999999999950e-04 -8.786999999999999672e-03 9.999609999999999888e-01 -6.330399999999999916e-02 9.979559999999999542e-01 8.795999999999999999e-03 -9.979940000000000477e-01 -6.330500000000000016e-02 -1.289999999999999914e-04
1.000000000000000000e+00 2.100000000000000000e+01 6.000000000000000000e+01 0.000000000000000000e+00 1.600000000000000089e+00 -1.469999999999999953e-03 -2.167000000000000089e-03 9.999970000000000248e-01 -9.415400000000000158e-02 9.955559999999999965e-01 2.018999999999999961e-03 -9.955570000000000253e-01 -9.415099999999999858e-02 -1.667999999999999995e-03
1.500000000000000000e+01 2.100000000000000000e+01 6.000000000000000000e+01 0.000000000000000000e+00 1.600000000000000089e+00 -7.200000000000000453e-04 5.506999999999999743e-03 9.999850000000000128e-01 -9.526300000000000046e-02 9.954370000000000163e-01 -5.551000000000000378e-03 -9.954520000000000035e-01 -9.526600000000000346e-02 -1.930000000000000021e-04
2.100000000000000000e+01 2.100000000000000000e+01 6.000000000000000000e+01 0.000000000000000000e+00 1.600000000000000089e+00 7.190000000000000210e-04 -7.396999999999999929e-03 9.999719999999999720e-01 -9.669099999999999917e-02 9.952870000000000328e-01 7.432000000000000238e-03 -9.953140000000000320e-01 -9.669300000000000117e-02 0.000000000000000000e+00
2.500000000000000000e+01 2.100000000000000000e+01 6.000000000000000000e+01 0.000000000000000000e+00 1.600000000000000089e+00 1.716000000000000077e-03 -1.799999999999999951e-03 9.999970000000000248e-01 -9.704999999999999738e-02 9.952779999999999960e-01 1.958000000000000105e-03 -9.952779999999999960e-01 -9.705300000000000038e-02 1.533000000000000074e-03
2.900000000000000000e+01 2.100000000000000000e+01 6.000000000000000000e+01 0.000000000000000000e+00 1.600000000000000089e+00 -1.440000000000000091e-03 -9.409999999999999962e-04 9.999989999999999712e-01 -9.516499999999999959e-02 9.954610000000000403e-01 8.000000000000000383e-04 -9.954610000000000403e-01 -9.516299999999999759e-02 -1.523000000000000048e-03
8.000000000000000000e+00 6.700000000000000000e+01 6.000000000000000000e+01 0.000000000000000000e+00 1.600000000000000089e+00 -7.969999999999999654e-04 -3.925999999999999802e-03 9.999919999999999920e-01 1.733260000000000078e-01 -9.848569999999999824e-01 -3.729000000000000110e-03 9.848639999999999617e-01 1.733210000000000028e-01 1.464999999999999939e-03
1.600000000000000000e+01 6.700000000000000000e+01 6.000000000000000000e+01 0.000000000000000000e+00 1.600000000000000089e+00 -1.358000000000000049e-03 -3.184000000000000198e-03 9.999940000000000495e-01 1.749729999999999897e-01 -9.845690000000000275e-01 -2.896999999999999836e-03 9.845720000000000027e-01 1.749680000000000124e-01 1.894000000000000067e-03
2.800000000000000000e+01 3.000000000000000000e+00 6.300000000000000000e+01 0.000000000000000000e+00 1.600000000000000089e+00 -2.020000000000000040e-04 -5.649000000000000375e-03 9.999839999999999840e-01 -6.113659999999999650e-01 7.913360000000000394e-01 4.346000000000000037e-03 -7.913480000000000514e-01 -6.113549999999999818e-01 -3.612999999999999892e-03
1.000000000000000000e+01 2.700000000000000000e+01 6.300000000000000000e+01 0.000000000000000000e+00 1.600000000000000089e+00 -4.040000000000000080e-04 -7.470000000000000511e-04 1.000000000000000000e+00 -2.746290000000000120e-01 9.615500000000000158e-01 6.070000000000000092e-04 -9.615500000000000158e-01 -2.746290000000000120e-01 -5.940000000000000184e-04
1.500000000000000000e+01 2.700000000000000000e+01 6.300000000000000000e+01 0.000000000000000000e+00 1.600000000000000089e+00 -1.064999999999999974e-03 -2.098000000000000038e-03 9.999970000000000248e-01 -2.755279999999999951e-01 9.612920000000000353e-01 1.724000000000000055e-03 -9.612929999999999531e-01 -2.755250000000000199e-01 -1.601999999999999908e-03
2.500000000000000000e+01 2.700000000000000000e+01 6.300000000000000000e+01 0.000000000000000000e+00 1.600000000000000089e+00 1.884000000000000041e-03 -7.119999999999999593e-04 9.999980000000000535e-01 -2.747100000000000097e-01 9.615259999999999918e-01 1.203000000000000076e-03 -9.615249999999999631e-01 -2.747120000000000117e-01 1.616000000000000032e-03
7.000000000000000000e+00 2.600000000000000000e+01 6.400000000000000000e+01 0.000000000000000000e+00 1.600000000000000089e+00 -1.010000000000000020e-04 -8.310000000000000329e-04 1.000000000000000000e+00 -3.649939999999999851e-01 9.310100000000000042e-01 7.370000000000000249e-04 -9.310100000000000042e-01 -3.649930000000000119e-01 -3.980000000000000248e-04
1.100000000000000000e+01 2.600000000000000000e+01 6.400000000000000000e+01 0.000000000000000000e+00 1.600000000000000089e+00 6.299999999999999990e-05 -1.361000000000000014e-03 9.999989999999999712e-01 -3.683660000000000267e-01 9.296799999999999509e-01 1.288999999999999998e-03 -9.296809999999999796e-01 -3.683660000000000267e-01 -4.429999999999999802e-04
1.500000000000000000e+01 2.600000000000000000e+01 6.400000000000000000e+01 0.000000000000000000e+00 1.600000000000000089e+00 -1.062000000000000010e-03 -1.583999999999999905e-03 9.999980000000000535e-01 -3.682849999999999735e-01 9.297119999999999829e-01 1.080999999999999930e-03 -9.297130000000000116e-01 -3.682830000000000270e-01 -1.570999999999999914e-03
2.500000000000000000e+01 2.600000000000000000e+01 6.400000000000000000e+01 0.000000000000000000e+00 1.600000000000000089e+00 2.481000000000000132e-03 2.500000000000000120e-05 9.999970000000000248e-01 -3.668350000000000222e-01 9.302859999999999463e-01 8.869999999999999846e-04 -9.302829999999999711e-01 -3.668359999999999954e-01 2.317000000000000049e-03
6.000000000000000000e+00 6.900000000000000000e+01 6.600000000000000000e+01 0.000000000000000000e+00 1.600000000000000089e+00 -7.510000000000000399e-04 -1.742000000000000059e-03 9.999980000000000535e-01 -9.552359999999999740e-01 2.958430000000000226e-01 -2.020000000000000040e-04 -2.958419999999999939e-01 -9.552349999999999453e-01 -1.886000000000000090e-03
1.900000000000000000e+01 6.900000000000000000e+01 6.600000000000000000e+01 0.000000000000000000e+00 1.600000000000000089e+00 1.598999999999999944e-03 1.330999999999999935e-03 9.999980000000000535e-01 -9.536670000000000424e-01 3.008609999999999896e-01 1.123999999999999999e-03 -3.008589999999999876e-01 -9.536670000000000424e-01 1.750999999999999952e-03
2.900000000000000000e+01 6.900000000000000000e+01 6.600000000000000000e+01 0.000000000000000000e+00 1.600000000000000089e+00 6.734000000000000402e-03 -4.550000000000000225e-03 9.999670000000000503e-01 -9.430180000000000229e-01 3.326479999999999992e-01 7.863999999999999463e-03 -3.326729999999999965e-01 -9.430399999999999894e-01 -2.050000000000000173e-03
6.000000000000000000e+00 2.500000000000000000e+01 7.300000000000000000e+01 0.000000000000000000e+00 1.600000000000000089e+00 5.509999999999999490e-04 -8.360000000000000460e-04 1.000000000000000000e+00 7.548080000000000345e-01 -6.559450000000000003e-01 -9.650000000000000374e-04 6.559450000000000003e-01 7.548080000000000345e-01 2.689999999999999791e-04
1.300000000000000000e+01 2.500000000000000000e+01 7.300000000000000000e+01 0.000000000000000000e+00 1.600000000000000089e+00 -7.150000000000000322e-04 1.123999999999999999e-03 9.999989999999999712e-01 7.572269999999999834e-01 -6.531500000000000083e-01 1.275000000000000092e-03 6.531510000000000371e-01 7.572269999999999834e-01 -3.840000000000000097e-04
1.800000000000000000e+01 2.500000000000000000e+01 7.300000000000000000e+01 0.000000000000000000e+00 1.600000000000000089e+00 1.644999999999999978e-03 1.224999999999999960e-03 9.999980000000000535e-01 7.573499999999999677e-01 -6.530089999999999506e-01 -4.459999999999999989e-04 6.530070000000000041e-01 7.573490000000000499e-01 -2.001999999999999873e-03
2.300000000000000000e+01 2.500000000000000000e+01 7.300000000000000000e+01 0.000000000000000000e+00 1.600000000000000089e+00 -3.899999999999999929e-04 5.199999999999999544e-04 1.000000000000000000e+00 7.583539999999999726e-01 -6.518429999999999502e-01 6.340000000000000149e-04 6.518429999999999502e-01 7.583539999999999726e-01 -1.399999999999999877e-04
3.000000000000000000e+01 2.500000000000000000e+01 7.300000000000000000e+01 0.000000000000000000e+00 1.600000000000000089e+00 -1.119999999999999983e-04 6.878999999999999698e-03 9.999759999999999760e-01 7.530759999999999676e-01 -6.579180000000000028e-01 4.610999999999999648e-03 6.579340000000000188e-01 7.530580000000000052e-01 -5.107000000000000428e-03
4.000000000000000000e+00 4.400000000000000000e+01 7.300000000000000000e+01 0.000000000000000000e+00 1.600000000000000089e+00 1.162000000000000055e-03 1.968999999999999830e-03 9.999970000000000248e-01 5.698700000000000293e-02 -9.983729999999999549e-01 1.899000000000000080e-03 9.983739999999999837e-01 5.698500000000000093e-02 -1.273000000000000043e-03
1.100000000000000000e+01 4.400000000000000000e+01 7.300000000000000000e+01 0.000000000000000000e+00 1.600000000000000089e+00 -6.199999999999999999e-04 -3.288999999999999823e-03 9.999940000000000495e-01 5.412200000000000344e-02 -9.985289999999999999e-01 -3.249999999999999851e-03 9.985340000000000327e-01 5.411900000000000044e-02 7.969999999999999654e-04
1.500000000000000000e+01 4.400000000000000000e+01 7.300000000000000000e+01 0.000000000000000000e+00 1.600000000000000089e+00 6.930000000000000396e-04 -2.618000000000000101e-03 9.999959999999999960e-01 5.392099999999999671e-02 -9.985420000000000407e-01 -2.651000000000000145e-03 9.985450000000000159e-01 5.392299999999999871e-02 -5.500000000000000331e-04
2.000000000000000000e+01 4.400000000000000000e+01 7.300000000000000000e+01 0.000000000000000000e+00 1.600000000000000089e+00 3.490000000000000263e-04 4.949999999999999973e-04 1.000000000000000000e+00 5.748799999999999744e-02 -9.983459999999999557e-01 4.739999999999999747e-04 9.983459999999999557e-01 5.748799999999999744e-02 -3.770000000000000022e-04
2.600000000000000000e+01 4.400000000000000000e+01 7.300000000000000000e+01 0.000000000000000000e+00 1.600000000000000089e+00 -4.899999999999999842e-04 -1.593000000000000015e-03 9.999989999999999712e-01 5.517099999999999782e-02 -9.984760000000000302e-01 -1.562999999999999936e-03 9.984769999999999479e-01 5.516999999999999682e-02 5.770000000000000389e-04
3.000000000000000000e+01 4.400000000000000000e+01 7.300000000000000000e+01 0.000000000000000000e+00 1.600000000000000089e+00 1.482999999999999943e-03 -1.845000000000000069e-03 9.999970000000000248e-01 5.436499999999999666e-02 -9.985190000000000454e-01 -1.923000000000000013e-03 9.985199999999999632e-01 5.436699999999999866e-02 -1.381000000000000066e-03
3.000000000000000000e+00 9.100000000000000000e+01 7.600000000000000000e+01 0.000000000000000000e+00 1.600000000000000089e+00 -3.179999999999999776e-04 -1.111000000000000008e-03 9.999989999999999712e-01 3.209409999999999763e-01 -9.470990000000000242e-01 -9.499999999999999981e-04 9.470990000000000242e-01 3.209400000000000031e-01 6.579999999999999478e-04
6.000000000000000000e+00 9.100000000000000000e+01 7.600000000000000000e+01 0.000000000000000000e+00 1.600000000000000089e+00 6.700000000000000226e-05 -2.103999999999999967e-03 9.999980000000000535e-01 3.159370000000000234e-01 -9.487780000000000102e-01 -2.017000000000000130e-03 9.487799999999999567e-01 3.159359999999999946e-01 6.009999999999999717e-04
1.300000000000000000e+01 9.100000000000000000e+01 7.600000000000000000e+01 0.000000000000000000e+00 1.600000000000000089e+00 -2.118999999999999790e-03 1.291999999999999963e-03 9.999970000000000248e-01 3.114129999999999954e-01 -9.502730000000000343e-01 1.887999999999999921e-03 9.502720000000000056e-01 3.114160000000000261e-01 1.611999999999999935e-03
1.700000000000000000e+01 9.100000000000000000e+01 7.600000000000000000e+01 0.000000000000000000e+00 1.600000000000000089e+00 -2.689999999999999791e-04 -1.590999999999999966e-03 9.999989999999999712e-01 3.203309999999999769e-01 -9.473049999999999526e-01 -1.420999999999999954e-03 9.473059999999999814e-01 3.203300000000000036e-01 7.649999999999999465e-04
2.200000000000000000e+01 9.100000000000000000e+01 7.600000000000000000e+01 0.000000000000000000e+00 1.600000000000000089e+00 1.968000000000000131e-03 -9.319999999999999942e-04 9.999980000000000535e-01 3.195979999999999932e-01 -9.475519999999999499e-01 -1.512000000000000106e-03 9.475510000000000321e-01 3.195999999999999952e-01 -1.567000000000000033e-03
2.900000000000000000e+01 9.100000000000000000e+01 7.600000000000000000e+01 0.000000000000000000e+00 1.600000000000000089e+00 -3.142999999999999960e-03 -1.753000000000000001e-03 9.999940000000000495e-01 3.019939999999999847e-01 -9.533099999999999907e-01 -7.219999999999999855e-04 9.533049999999999580e-01 3.019899999999999807e-01 3.526000000000000054e-03
1.700000000000000000e+01 1.020000000000000000e+02 8.200000000000000000e+01 0.000000000000000000e+00 1.600000000000000089e+00 -9.030000000000000483e-04 -3.203999999999999817e-03 -9.999940000000000495e-01 -6.377650000000000263e-01 7.702290000000000525e-01 -1.892000000000000019e-03 7.702299999999999702e-01 6.377599999999999936e-01 -2.737999999999999982e-03
3.000000000000000000e+00 4.400000000000000000e+01 8.300000000000000000e+01 0.000000000000000000e+00 1.600000000000000089e+00 1.098000000000000018e-03 -2.369999999999999874e-04 9.999989999999999712e-01 5.799750000000000183e-01 -8.146339999999999693e-01 -8.300000000000000086e-04 8.146330000000000515e-01 5.799760000000000471e-01 -7.569999999999999689e-04
8.000000000000000000e+00 4.400000000000000000e+01 8.300000000000000000e+01 0.000000000000000000e+00 1.600000000000000089e+00 4.000000000000000327e-05 -3.214999999999999976e-03 9.999949999999999672e-01 5.826930000000000165e-01 -8.126879999999999660e-01 -2.637000000000000021e-03 8.126919999999999700e-01 5.826909999999999590e-01 1.840999999999999972e-03
1.400000000000000000e+01 4.400000000000000000e+01 8.300000000000000000e+01 0.000000000000000000e+00 1.600000000000000089e+00 1.005999999999999950e-03 -1.281999999999999936e-03 9.999989999999999712e-01 5.837130000000000374e-01 -8.119589999999999863e-01 -1.629000000000000023e-03 8.119600000000000151e-01 5.837139999999999551e-01 -6.899999999999999667e-05
2.400000000000000000e+01 4.400000000000000000e+01 8.300000000000000000e+01 0.000000000000000000e+00 1.600000000000000089e+00 -1.118000000000000070e-03 6.032000000000000035e-03 9.999810000000000088e-01 5.805339999999999945e-01 -8.142169999999999686e-01 5.560999999999999971e-03 8.142359999999999598e-01 5.805289999999999617e-01 -2.590999999999999987e-03
