1.300000000000000000e+01 2.500000000000000000e+01 1.000000000000000000e+00 0.000000000000000000e+00 1.600000000000000089e+00 -1.546999999999999981e-03 4.200000000000000174e-04 -9.999989999999999712e-01 -5.227509999999999657e-01 -8.524859999999999660e-01 4.510000000000000120e-04 -8.524840000000000195e-01 5.227509999999999657e-01 1.538000000000000088e-03
2.000000000000000000e+00 1.500000000000000000e+01 4.000000000000000000e+00 0.000000000000000000e+00 1.600000000000000089e+00 9.629999999999999888e-04 -7.492000000000000395e-03 9.999719999999999720e-01 3.158170000000000144e-01 -9.487910000000000510e-01 -7.412000000000000186e-03 9.488199999999999967e-01 3.158150000000000124e-01 1.451999999999999949e-03
4.000000000000000000e+00 1.500000000000000000e+01 4.000000000000000000e+00 0.000000000000000000e+00 1.600000000000000089e+00 1.825999999999999932e-03 -3.684000000000000209e-03 9.999919999999999920e-01 3.163929999999999798e-01 -9.486189999999999900e-01 -4.073000000000000231e-03 9.486259999999999692e-01 3.163980000000000126e-01 -5.659999999999999884e-04
8.000000000000000000e+00 1.500000000000000000e+01 4.000000000000000000e+00 0.000000000000000000e+00 1.600000000000000089e+00 3.676000000000000014e-03 4.702999999999999715e-03 9.999820000000000375e-01 3.144150000000000000e-01 -9.492800000000000127e-01 3.308999999999999875e-03 9.492779999999999552e-01 3.143980000000000108e-01 -4.968000000000000194e-03
1.300000000000000000e+01 1.500000000000000000e+01 4.000000000000000000e+00 0.000000000000000000e+00 1.600000000000000089e+00 2.818999999999999891e-03 -3.706999999999999792e-03 9.999890000000000168e-01 3.176129999999999787e-01 -9.482099999999999973e-01 -4.409999999999999858e-03 9.482159999999999478e-01 3.176220000000000154e-01 -1.495999999999999934e-03
1.700000000000000000e+01 1.500000000000000000e+01 4.000000000000000000e+00 0.000000000000000000e+00 1.600000000000000089e+00 2.735000000000000018e-03 -3.969999999999999571e-03 9.999879999999999880e-01 3.180689999999999906e-01 -9.480560000000000098e-01 -4.634000000000000098e-03 9.480640000000000178e-01 3.180780000000000274e-01 -1.330000000000000019e-03
2.500000000000000000e+01 1.500000000000000000e+01 4.000000000000000000e+00 0.000000000000000000e+00 1.600000000000000089e+00 1.551000000000000078e-03 -1.735999999999999913e-03 9.999970000000000248e-01 3.187169999999999725e-01 -9.478469999999999951e-01 -2.139999999999999975e-03 9.478490000000000526e-01 3.187189999999999745e-01 -9.169999999999999549e-04
9.000000000000000000e+00 4.000000000000000000e+00 5.000000000000000000e+00 0.000000000000000000e+00 1.600000000000000089e+00 -8.531000000000000388e-03 -2.060299999999999979e-02 9.997509999999999453e-01 2.224299999999999888e-01 -9.747789999999999511e-01 -1.819000000000000131e-02 9.749109999999999721e-01 2.222189999999999999e-01 1.289799999999999974e-02
2.000000000000000000e+00 1.010000000000000000e+02 7.000000000000000000e+00 0.000000000000000000e+00 1.600000000000000089e+00 1.210000000000000002e-04 -1.180100000000000073e-02 9.999299999999999855e-01 8.886840000000000295e-01 4.584889999999999799e-01 5.303999999999999687e-03 -4.585199999999999831e-01 8.886220000000000230e-01 1.054300000000000029e-02
5.000000000000000000e+00 1.010000000000000000e+02 7.000000000000000000e+00 0.000000000000000000e+00 1.600000000000000089e+00 -9.489999999999999738e-04 -1.011699999999999926e-02 9.999479999999999480e-01 8.895669999999999966e-01 4.567720000000000113e-01 5.465000000000000240e-03 -4.568039999999999878e-01 8.895260000000000389e-01 8.566999999999999962e-03
2.500000000000000000e+01 1.010000000000000000e+02 7.000000000000000000e+00 0.000000000000000000e+00 1.600000000000000089e+00 2.799999999999999755e-04 1.728899999999999881e-02 9.998500000000000165e-01 8.884379999999999500e-01 4.589239999999999986e-01 -8.184000000000000302e-03 -4.589969999999999883e-01 8.883069999999999578e-01 -1.523200000000000075e-02
2.800000000000000000e+01 1.010000000000000000e+02 7.000000000000000000e+00 0.000000000000000000e+00 1.600000000000000089e+00 -2.154000000000000099e-03 1.430000000000000021e-02 9.998949999999999783e-01 8.881449999999999623e-01 4.595389999999999753e-01 -4.658999999999999947e-03 -4.595580000000000220e-01 8.880419999999999980e-01 -1.369100000000000004e-02
4.000000000000000000e+00 2.500000000000000000e+01 8.000000000000000000e+00 0.000000000000000000e+00 1.600000000000000089e+00 -2.689999999999999791e-04 -9.655999999999999653e-03 -9.999529999999999808e-01 4.486789999999999945e-01 8.936500000000000554e-01 -8.750000000000000833e-03 8.936929999999999596e-01 -4.486609999999999765e-01 4.092000000000000151e-03
7.000000000000000000e+00 2.500000000000000000e+01 8.000000000000000000e+00 0.000000000000000000e+00 1.600000000000000089e+00 5.910000000000000539e-04 -4.754000000000000413e-03 -9.999890000000000168e-01 4.492670000000000274e-01 8.933879999999999599e-01 -3.982000000000000296e-03 8.933969999999999967e-01 -4.492599999999999927e-01 2.664000000000000135e-03
1.100000000000000000e+01 2.500000000000000000e+01 8.000000000000000000e+00 0.000000000000000000e+00 1.600000000000000089e+00 1.884000000000000041e-03 2.991999999999999868e-03 -9.999940000000000495e-01 4.490450000000000275e-01 8.935020000000000184e-01 3.518999999999999993e-03 8.935070000000000512e-01 -4.490489999999999760e-01 3.400000000000000244e-04
1.700000000000000000e+01 2.500000000000000000e+01 8.000000000000000000e+00 0.000000000000000000e+00 1.600000000000000089e+00 1.007999999999999998e-03 -2.100000000000000087e-04 -1.000000000000000000e+00 4.483059999999999823e-01 8.938800000000000079e-01 2.640000000000000202e-04 8.938789999999999791e-01 -4.483059999999999823e-01 9.950000000000000077e-04
2.300000000000000000e+01 2.500000000000000000e+01 8.000000000000000000e+00 0.000000000000000000e+00 1.600000000000000089e+00 2.397999999999999958e-03 6.028999999999999637e-03 -9.999789999999999512e-01 4.482289999999999885e-01 8.938949999999999951e-01 6.464000000000000128e-03 8.939160000000000439e-01 -4.482349999999999945e-01 -5.580000000000000107e-04
2.800000000000000000e+01 2.500000000000000000e+01 8.000000000000000000e+00 0.000000000000000000e+00 1.600000000000000089e+00 5.349999999999999938e-04 4.256000000000000234e-03 -9.999909999999999632e-01 4.466559999999999975e-01 8.946960000000000468e-01 4.047000000000000250e-03 8.947049999999999725e-01 -4.466550000000000242e-01 -1.422000000000000087e-03
3.000000000000000000e+00 2.400000000000000000e+01 9.000000000000000000e+00 0.000000000000000000e+00 1.600000000000000089e+00 -2.079999999999999872e-04 -9.504000000000000295e-03 -9.999550000000000383e-01 4.530199999999999783e-01 8.914590000000000014e-01 -8.566999999999999962e-03 8.914999999999999591e-01 -4.530009999999999870e-01 4.120000000000000398e-03
1.100000000000000000e+01 2.400000000000000000e+01 9.000000000000000000e+00 0.000000000000000000e+00 1.600000000000000089e+00 1.887000000000000005e-03 5.015999999999999626e-03 -9.999860000000000415e-01 4.535319999999999907e-01 8.912240000000000162e-01 5.327000000000000138e-03 8.912379999999999747e-01 -4.535350000000000215e-01 -5.929999999999999941e-04
1.700000000000000000e+01 2.400000000000000000e+01 9.000000000000000000e+00 0.000000000000000000e+00 1.600000000000000089e+00 9.810000000000001011e-04 3.400000000000000244e-04 -9.999989999999999712e-01 4.532070000000000265e-01 8.914050000000000029e-01 7.479999999999999670e-04 8.914050000000000029e-01 -4.532079999999999997e-01 7.209999999999999612e-04
2.300000000000000000e+01 2.400000000000000000e+01 9.000000000000000000e+00 0.000000000000000000e+00 1.600000000000000089e+00 2.250999999999999963e-03 6.028999999999999637e-03 -9.999789999999999512e-01 4.513880000000000114e-01 8.923050000000000148e-01 6.395999999999999776e-03 8.923250000000000348e-01 -4.513929999999999887e-01 -7.119999999999999593e-04
2.800000000000000000e+01 2.400000000000000000e+01 9.000000000000000000e+00 0.000000000000000000e+00 1.600000000000000089e+00 6.660000000000000338e-04 3.461000000000000101e-03 -9.999940000000000495e-01 4.483210000000000250e-01 8.938660000000000494e-01 3.392000000000000050e-03 8.938719999999999999e-01 -4.483210000000000250e-01 -9.569999999999999514e-04
2.700000000000000000e+01 1.200000000000000000e+01 1.000000000000000000e+01 0.000000000000000000e+00 1.600000000000000089e+00 8.200000000000000095e-05 -2.590000000000000071e-04 -1.000000000000000000e+00 -5.534569999999999768e-01 -8.328780000000000072e-01 1.710000000000000094e-04 -8.328780000000000072e-01 5.534569999999999768e-01 -2.110000000000000059e-04
6.000000000000000000e+00 3.100000000000000000e+01 1.200000000000000000e+01 0.000000000000000000e+00 1.600000000000000089e+00 -1.588000000000000002e-03 -5.006000000000000033e-03 9.999860000000000415e-01 -2.971999999999999816e-03 9.999829999999999552e-01 5.001000000000000237e-03 -9.999940000000000495e-01 -2.964000000000000055e-03 -1.603000000000000041e-03
9.000000000000000000e+00 3.100000000000000000e+01 1.200000000000000000e+01 0.000000000000000000e+00 1.600000000000000089e+00 -1.116999999999999937e-03 -2.724999999999999992e-03 9.999959999999999960e-01 6.999999999999999387e-05 9.999959999999999960e-01 2.726000000000000124e-03 -9.999989999999999712e-01 7.299999999999999903e-05 -1.116999999999999937e-03
1.200000000000000000e+01 3.100000000000000000e+01 1.200000000000000000e+01 0.000000000000000000e+00 1.600000000000000089e+00 -4.510000000000000120e-04 -2.229999999999999994e-04 1.000000000000000000e+00 1.750000000000000036e-03 9.999980000000000535e-01 2.239999999999999966e-04 -9.999980000000000535e-01 1.750000000000000036e-03 -4.499999999999999877e-04
1.600000000000000000e+01 3.100000000000000000e+01 1.200000000000000000e+01 0.000000000000000000e+00 1.600000000000000089e+00 1.978999999999999856e-03 3.811000000000000151e-03 9.999909999999999632e-01 3.647000000000000068e-03 9.999860000000000415e-01 -3.818000000000000213e-03 -9.999909999999999632e-01 3.654000000000000130e-03 1.965000000000000167e-03
2.400000000000000000e+01 3.100000000000000000e+01 1.200000000000000000e+01 0.000000000000000000e+00 1.600000000000000089e+00 9.650000000000000374e-04 -5.327000000000000138e-03 9.999850000000000128e-01 6.335000000000000353e-03 9.999660000000000215e-01 5.321000000000000209e-03 -9.999789999999999512e-01 6.329999999999999689e-03 9.990000000000001049e-04
2.700000000000000000e+01 3.100000000000000000e+01 1.200000000000000000e+01 0.000000000000000000e+00 1.600000000000000089e+00 1.126000000000000048e-03 1.036999999999999944e-03 9.999989999999999712e-01 3.908000000000000015e-03 9.999919999999999920e-01 -1.041000000000000042e-03 -9.999919999999999920e-01 3.909000000000000148e-03 1.121999999999999950e-03
2.000000000000000000e+01 1.160000000000000000e+02 1.600000000000000000e+01 0.000000000000000000e+00 1.600000000000000089e+00 7.420000000000000380e-04 1.629999999999999939e-03 9.999980000000000535e-01 6.620319999999999538e-01 7.494739999999999736e-01 -1.712999999999999896e-03 -7.494750000000000023e-01 6.620319999999999538e-01 -5.230000000000000274e-04
2.300000000000000000e+01 1.160000000000000000e+02 1.600000000000000000e+01 0.000000000000000000e+00 1.600000000000000089e+00 1.678000000000000021e-03 9.879999999999999460e-04 9.999980000000000535e-01 6.762489999999999890e-01 7.366709999999999647e-01 -1.861999999999999940e-03 -7.366709999999999647e-01 6.762510000000000465e-01 5.680000000000000370e-04
5.000000000000000000e+00 2.000000000000000000e+00 1.900000000000000000e+01 0.000000000000000000e+00 1.600000000000000089e+00 -1.399999999999999986e-03 -2.226999999999999813e-03 -9.999970000000000248e-01 1.950250000000000039e-01 -9.807960000000000012e-01 1.910999999999999938e-03 -9.807970000000000299e-01 -1.950220000000000009e-01 1.807000000000000012e-03
1.100000000000000000e+01 2.000000000000000000e+00 1.900000000000000000e+01 0.000000000000000000e+00 1.600000000000000089e+00 -1.020999999999999989e-03 -9.048000000000000487e-03 -9.999590000000000423e-01 1.950030000000000097e-01 -9.807639999999999691e-01 8.675000000000000419e-03 -9.808019999999999516e-01 -1.949859999999999927e-01 2.765999999999999796e-03
1.500000000000000000e+01 2.000000000000000000e+00 1.900000000000000000e+01 0.000000000000000000e+00 1.600000000000000089e+00 -1.090000000000000067e-04 8.589999999999999546e-04 -1.000000000000000000e+00 1.930610000000000104e-01 -9.811860000000000026e-01 -8.639999999999999677e-04 -9.811870000000000314e-01 -1.930610000000000104e-01 -5.899999999999999754e-05
2.100000000000000000e+01 2.000000000000000000e+00 1.900000000000000000e+01 0.000000000000000000e+00 1.600000000000000089e+00 1.188999999999999953e-03 -3.500000000000000073e-03 -9.999930000000000208e-01 1.893900000000000028e-01 -9.818949999999999623e-01 3.661999999999999891e-03 -9.819010000000000238e-01 -1.893940000000000068e-01 -5.050000000000000235e-04
2.500000000000000000e+01 2.000000000000000000e+00 1.900000000000000000e+01 0.000000000000000000e+00 1.600000000000000089e+00 -1.252000000000000075e-03 -3.519999999999999908e-04 -9.999989999999999712e-01 1.912639999999999896e-01 -9.815390000000000503e-01 1.060000000000000016e-04 -9.815380000000000216e-01 -1.912639999999999896e-01 1.296000000000000060e-03
2.900000000000000000e+01 2.000000000000000000e+00 1.900000000000000000e+01 0.000000000000000000e+00 1.600000000000000089e+00 2.539999999999999940e-04 4.819999999999999632e-03 -9.999879999999999880e-01 1.922389999999999932e-01 -9.813370000000000148e-01 -4.681000000000000265e-03 -9.813479999999999981e-01 -1.922349999999999892e-01 -1.175999999999999962e-03
1.000000000000000000e+00 4.000000000000000000e+00 2.000000000000000000e+01 0.000000000000000000e+00 1.600000000000000089e+00 -4.278999999999999818e-03 2.373999999999999808e-03 -9.999879999999999880e-01 3.099310000000000120e-01 -9.507520000000000415e-01 -3.582999999999999814e-03 -9.507489999999999553e-01 -3.099430000000000240e-01 3.333000000000000025e-03
8.000000000000000000e+00 4.000000000000000000e+00 2.000000000000000000e+01 0.000000000000000000e+00 1.600000000000000089e+00 -4.079999999999999968e-04 -5.449999999999999983e-03 -9.999850000000000128e-01 3.063219999999999832e-01 -9.519140000000000379e-01 5.062999999999999792e-03 -9.519279999999999964e-01 -3.063159999999999772e-01 2.056999999999999801e-03
4.000000000000000000e+00 1.300000000000000000e+01 2.000000000000000000e+01 0.000000000000000000e+00 1.600000000000000089e+00 -1.268000000000000030e-03 7.600000000000000418e-04 9.999989999999999712e-01 2.573440000000000172e-01 9.663199999999999568e-01 -4.079999999999999968e-04 -9.663190000000000390e-01 2.573429999999999884e-01 -1.420999999999999954e-03
1.800000000000000000e+01 1.300000000000000000e+01 2.000000000000000000e+01 0.000000000000000000e+00 1.600000000000000089e+00 -9.820000000000000170e-04 -3.543999999999999841e-03 9.999930000000000208e-01 2.576600000000000001e-01 9.662290000000000045e-01 3.677000000000000147e-03 -9.662349999999999550e-01 2.576620000000000021e-01 -3.499999999999999693e-05
7.000000000000000000e+00 3.000000000000000000e+00 2.500000000000000000e+01 0.000000000000000000e+00 1.600000000000000089e+00 -4.333000000000000046e-03 -8.139999999999999666e-03 9.999580000000000135e-01 -6.631499999999999895e-02 -9.977629999999999555e-01 -8.408999999999999808e-03 9.977890000000000370e-01 -6.634800000000000419e-02 3.782999999999999904e-03
1.000000000000000000e+01 3.000000000000000000e+00 2.500000000000000000e+01 0.000000000000000000e+00 1.600000000000000089e+00 -2.935999999999999808e-03 -7.710999999999999972e-03 9.999660000000000215e-01 -6.827600000000000335e-02 -9.976350000000000495e-01 -7.893000000000000710e-03 9.976620000000000488e-01 -6.829599999999999560e-02 2.402000000000000055e-03
1.300000000000000000e+01 3.000000000000000000e+00 2.500000000000000000e+01 0.000000000000000000e+00 1.600000000000000089e+00 1.979999999999999989e-03 -4.572999999999999808e-03 9.999879999999999880e-01 -7.414300000000000057e-02 -9.972379999999999578e-01 -4.414000000000000389e-03 9.972459999999999658e-01 -7.413300000000000445e-02 -2.314000000000000085e-03
2.100000000000000000e+01 3.000000000000000000e+00 2.500000000000000000e+01 0.000000000000000000e+00 1.600000000000000089e+00 1.129000000000000012e-03 -7.889000000000000179e-03 9.999679999999999680e-01 -7.223799999999999666e-02 -9.973570000000000491e-01 -7.786999999999999651e-03 9.973870000000000235e-01 -7.222699999999999954e-02 -1.696000000000000025e-03
2.600000000000000000e+01 3.000000000000000000e+00 2.500000000000000000e+01 0.000000000000000000e+00 1.600000000000000089e+00 8.689999999999999808e-04 -1.430000000000000064e-03 9.999989999999999712e-01 -7.176100000000000534e-02 -9.974210000000000020e-01 -1.363000000000000062e-03 9.974220000000000308e-01 -7.175900000000000334e-02 -9.700000000000000505e-04
2.900000000000000000e+01 3.000000000000000000e+00 2.500000000000000000e+01 0.000000000000000000e+00 1.600000000000000089e+00 2.278000000000000077e-03 1.038999999999999993e-03 9.999970000000000248e-01 -7.397099999999999509e-02 -9.972600000000000353e-01 1.204999999999999908e-03 9.972579999999999778e-01 -7.397399999999999809e-02 -2.194999999999999903e-03
2.500000000000000000e+01 4.600000000000000000e+01 2.700000000000000000e+01 0.000000000000000000e+00 1.600000000000000089e+00 -1.332999999999999984e-03 -2.464000000000000044e-03 -9.999959999999999960e-01 6.779309999999999503e-01 7.351199999999999957e-01 -2.714999999999999965e-03 7.351239999999999997e-01 -6.779319999999999791e-01 6.909999999999999910e-04
1.000000000000000000e+01 5.800000000000000000e+01 3.100000000000000000e+01 0.000000000000000000e+00 1.600000000000000089e+00 -1.358999999999999965e-03 2.331000000000000173e-03 9.999959999999999960e-01 -8.070270000000000499e-01 -5.905150000000000121e-01 2.799999999999999755e-04 5.905129999999999546e-01 -8.070230000000000459e-01 2.683000000000000055e-03
1.400000000000000000e+01 5.800000000000000000e+01 3.100000000000000000e+01 0.000000000000000000e+00 1.600000000000000089e+00 -2.926000000000000215e-03 7.179999999999999967e-04 9.999949999999999672e-01 -8.066910000000000469e-01 -5.909710000000000241e-01 -1.936000000000000004e-03 5.909670000000000201e-01 -8.066929999999999934e-01 2.308000000000000156e-03
2.200000000000000000e+01 5.800000000000000000e+01 3.100000000000000000e+01 0.000000000000000000e+00 1.600000000000000089e+00 6.648000000000000263e-03 3.109999999999999917e-03 9.999730000000000008e-01 -8.024799999999999711e-01 -5.966350000000000264e-01 7.191000000000000343e-03 5.966420000000000057e-01 -8.025060000000000526e-01 -1.471000000000000085e-03
2.800000000000000000e+01 2.200000000000000000e+01 3.400000000000000000e+01 0.000000000000000000e+00 1.600000000000000089e+00 1.972999999999999927e-03 9.299999999999999727e-05 9.999980000000000535e-01 3.797760000000000025e-01 -9.250779999999999559e-01 -6.629999999999999609e-04 9.250760000000000094e-01 3.797769999999999757e-01 -1.860000000000000108e-03
7.000000000000000000e+00 4.600000000000000000e+01 3.500000000000000000e+01 0.000000000000000000e+00 1.600000000000000089e+00 -6.250000000000000130e-04 -5.588000000000000085e-03 -9.999839999999999840e-01 3.926839999999999775e-01 -9.196609999999999507e-01 4.893999999999999913e-03 -9.196729999999999627e-01 -3.926749999999999963e-01 2.769000000000000194e-03
1.100000000000000000e+01 4.600000000000000000e+01 3.500000000000000000e+01 0.000000000000000000e+00 1.600000000000000089e+00 -2.880000000000000073e-04 9.179999999999999792e-04 -1.000000000000000000e+00 3.928010000000000113e-01 -9.196229999999999682e-01 -9.569999999999999514e-04 -9.196229999999999682e-01 -3.928010000000000113e-01 -9.600000000000000243e-05
1.500000000000000000e+01 4.600000000000000000e+01 3.500000000000000000e+01 0.000000000000000000e+00 1.600000000000000089e+00 -1.179999999999999951e-04 4.310999999999999728e-03 -9.999909999999999632e-01 3.912180000000000102e-01 -9.202890000000000237e-01 -4.013000000000000074e-03 -9.202979999999999494e-01 -3.912149999999999794e-01 -1.577999999999999976e-03
2.200000000000000000e+01 4.600000000000000000e+01 3.500000000000000000e+01 0.000000000000000000e+00 1.600000000000000089e+00 -1.459999999999999981e-04 -1.099999999999999971e-05 -1.000000000000000000e+00 3.911330000000000084e-01 -9.203339999999999854e-01 -4.699999999999999724e-05 -9.203339999999999854e-01 -3.911330000000000084e-01 1.389999999999999905e-04
2.700000000000000000e+01 4.600000000000000000e+01 3.500000000000000000e+01 0.000000000000000000e+00 1.600000000000000089e+00 -8.429999999999999993e-04 -7.079999999999999705e-04 -9.999989999999999712e-01 3.919799999999999951e-01 -9.199739999999999585e-01 3.209999999999999963e-04 -9.199730000000000407e-01 -3.919799999999999951e-01 1.052999999999999900e-03
3.000000000000000000e+01 4.600000000000000000e+01 3.500000000000000000e+01 0.000000000000000000e+00 1.600000000000000089e+00 -8.679999999999999565e-04 1.861999999999999940e-03 -9.999980000000000535e-01 3.920739999999999781e-01 -9.199310000000000542e-01 -2.053999999999999836e-03 -9.199330000000000007e-01 -3.920750000000000068e-01 6.899999999999999667e-05
2.300000000000000000e+01 9.500000000000000000e+01 3.600000000000000000e+01 0.000000000000000000e+00 1.600000000000000089e+00 -7.001000000000000278e-03 -1.044199999999999989e-02 9.999209999999999487e-01 9.971069999999999656e-01 7.560699999999999366e-02 7.771000000000000130e-03 -7.568199999999999927e-02 9.970830000000000526e-01 9.882999999999999424e-03
2.500000000000000000e+01 9.500000000000000000e+01 3.600000000000000000e+01 0.000000000000000000e+00 1.600000000000000089e+00 -6.747000000000000393e-03 -2.053699999999999970e-02 9.997660000000000435e-01 9.970310000000000006e-01 7.655499999999999805e-02 8.302000000000000351e-03 -7.670799999999999841e-02 9.968540000000000179e-01 1.995999999999999858e-02
3.000000000000000000e+01 9.500000000000000000e+01 3.600000000000000000e+01 0.000000000000000000e+00 1.600000000000000089e+00 3.779999999999999940e-03 1.838100000000000150e-02 9.998240000000000460e-01 9.966460000000000319e-01 8.166500000000000148e-02 -5.270000000000000379e-03 -8.174800000000000122e-02 9.964899999999999869e-01 -1.801099999999999923e-02
6.000000000000000000e+00 2.900000000000000000e+01 4.400000000000000000e+01 0.000000000000000000e+00 1.600000000000000089e+00 1.139999999999999954e-03 1.832999999999999994e-03 -9.999980000000000535e-01 6.559960000000000235e-01 7.547610000000000152e-01 2.131000000000000082e-03 7.547629999999999617e-01 -6.559970000000000523e-01 -3.409999999999999945e-04
1.100000000000000000e+01 2.900000000000000000e+01 4.400000000000000000e+01 0.000000000000000000e+00 1.600000000000000089e+00 5.159999999999999656e-04 -6.430000000000000169e-04 -1.000000000000000000e+00 6.596610000000000529e-01 7.515629999999999811e-01 -1.430000000000000064e-04 7.515629999999999811e-01 -6.596610000000000529e-01 8.120000000000000048e-04
1.500000000000000000e+01 2.900000000000000000e+01 4.400000000000000000e+01 0.000000000000000000e+00 1.600000000000000089e+00 -2.010000000000000068e-04 -9.810000000000001011e-04 -1.000000000000000000e+00 6.635490000000000554e-01 7.481320000000000192e-01 -8.679999999999999565e-04 7.481330000000000480e-01 -6.635490000000000554e-01 5.010000000000000347e-04
1.900000000000000000e+01 2.900000000000000000e+01 4.400000000000000000e+01 0.000000000000000000e+00 1.600000000000000089e+00 -6.340000000000000149e-04 1.467999999999999904e-03 -9.999989999999999712e-01 6.635999999999999677e-01 7.480879999999999752e-01 6.769999999999999759e-04 7.480879999999999752e-01 -6.635980000000000212e-01 -1.448999999999999984e-03
2.400000000000000000e+01 2.900000000000000000e+01 4.400000000000000000e+01 0.000000000000000000e+00 1.600000000000000089e+00 -5.469999999999999602e-04 4.010999999999999809e-03 -9.999919999999999920e-01 6.704250000000000487e-01 7.419729999999999936e-01 2.609999999999999907e-03 7.419769999999999976e-01 -6.704179999999999584e-01 -3.095000000000000095e-03
2.000000000000000000e+00 5.000000000000000000e+00 5.100000000000000000e+01 0.000000000000000000e+00 1.600000000000000089e+00 9.210000000000000521e-04 3.229000000000000099e-03 -9.999940000000000495e-01 4.804410000000000069e-01 -8.770240000000000258e-01 -2.390000000000000197e-03 -8.770270000000000010e-01 -4.804359999999999742e-01 -2.358999999999999986e-03
7.000000000000000000e+00 5.000000000000000000e+00 5.100000000000000000e+01 0.000000000000000000e+00 1.600000000000000089e+00 -1.443000000000000055e-03 -4.322999999999999586e-03 -9.999900000000000455e-01 4.905370000000000008e-01 -8.714150000000000507e-01 3.059999999999999786e-03 -8.714190000000000547e-01 -4.905269999999999908e-01 3.377999999999999926e-03
1.400000000000000000e+01 5.000000000000000000e+00 5.100000000000000000e+01 0.000000000000000000e+00 1.600000000000000089e+00 -1.487999999999999956e-03 -6.250000000000000347e-03 -9.999789999999999512e-01 4.955680000000000085e-01 -8.685570000000000235e-01 4.691999999999999990e-03 -8.685680000000000067e-01 -4.955510000000000193e-01 4.389999999999999805e-03
1.800000000000000000e+01 5.000000000000000000e+00 5.100000000000000000e+01 0.000000000000000000e+00 1.600000000000000089e+00 1.596999999999999895e-03 -1.556000000000000091e-03 -9.999980000000000535e-01 4.944589999999999819e-01 -8.691980000000000262e-01 2.141999999999999807e-03 -8.691999999999999726e-01 -4.944609999999999839e-01 -6.189999999999999756e-04
2.200000000000000000e+01 5.000000000000000000e+00 5.100000000000000000e+01 0.000000000000000000e+00 1.600000000000000089e+00 -1.521999999999999915e-03 2.959999999999999958e-03 -9.999940000000000495e-01 4.959540000000000060e-01 -8.683419999999999472e-01 -3.324999999999999831e-03 -8.683469999999999800e-01 -4.959569999999999812e-01 -1.459999999999999981e-04
6.000000000000000000e+00 6.300000000000000000e+01 5.400000000000000000e+01 0.000000000000000000e+00 1.600000000000000089e+00 1.794999999999999938e-03 4.413000000000000256e-03 9.999890000000000168e-01 -3.554889999999999994e-01 9.346740000000000048e-01 -3.487000000000000082e-03 -9.346790000000000376e-01 -3.554789999999999894e-01 3.246000000000000187e-03
2.700000000000000000e+01 6.300000000000000000e+01 5.400000000000000000e+01 0.000000000000000000e+00 1.600000000000000089e+00 -2.860000000000000129e-04 -1.850000000000000082e-03 9.999980000000000535e-01 -3.558649999999999869e-01 9.345360000000000333e-01 1.626999999999999974e-03 -9.345369999999999511e-01 -3.558640000000000136e-01 -9.259999999999999568e-04
1.400000000000000000e+01 2.500000000000000000e+01 5.500000000000000000e+01 0.000000000000000000e+00 1.600000000000000089e+00 2.886000000000000110e-03 -8.140000000000000534e-04 -9.999949999999999672e-01 -1.430599999999999927e-02 -9.998970000000000358e-01 7.730000000000000326e-04 -9.998930000000000318e-01 1.430299999999999974e-02 -2.896999999999999836e-03
2.500000000000000000e+01 2.500000000000000000e+01 5.500000000000000000e+01 0.000000000000000000e+00 1.600000000000000089e+00 -1.589999999999999888e-04 3.170000000000000075e-03 -9.999949999999999672e-01 -1.207399999999999966e-02 -9.999219999999999775e-01 -3.167999999999999809e-03 -9.999270000000000103e-01 1.207300000000000040e-02 1.979999999999999881e-04
3.000000000000000000e+00 2.000000000000000000e+01 6.000000000000000000e+01 0.000000000000000000e+00 1.600000000000000089e+00 -8.730999999999999178e-03 2.049999999999999956e-04 9.999620000000000175e-01 -4.873999999999999860e-02 9.988110000000000044e-01 -6.300000000000000261e-04 -9.987730000000000219e-01 -4.874300000000000160e-02 -8.710999999999999993e-03
8.000000000000000000e+00 2.100000000000000000e+01 6.000000000000000000e+01 0.000000000000000000e+00 1.600000000000000089e+00 -5.719000000000000125e-03 5.067000000000000323e-03 9.999710000000000543e-01 -9.500599999999999323e-02 9.954610000000000403e-01 -5.588000000000000085e-03 -9.954600000000000115e-01 -9.503599999999999548e-02 -5.211999999999999619e-03
1.400000000000000000e+01 2.100000000000000000e+01 6.000000000000000000e+01 0.000000000000000000e+00 1.600000000000000089e+00 2.978000000000000178e-03 1.177000000000000095e-03 9.999949999999999672e-01 -9.692599999999999827e-02 9.952910000000000368e-01 -8.819999999999999715e-04 -9.952870000000000328e-01 -9.692299999999999527e-02 3.078000000000000007e-03
1.900000000000000000e+01 2.100000000000000000e+01 6.000000000000000000e+01 0.000000000000000000e+00 1.600000000000000089e+00 -5.063999999999999925e-03 -6.178999999999999597e-03 9.999679999999999680e-01 -9.663299999999999668e-02 9.953039999999999665e-01 5.660000000000000100e-03 -9.953070000000000528e-01 -9.660100000000000631e-02 -5.636999999999999650e-03
2.400000000000000000e+01 2.100000000000000000e+01 6.000000000000000000e+01 0.000000000000000000e+00 1.600000000000000089e+00 -8.989999999999999511e-04 -4.985999999999999981e-03 9.999869999999999592e-01 -9.675499999999999379e-02 9.952959999999999585e-01 4.874999999999999993e-03 -9.953079999999999705e-01 -9.675000000000000266e-02 -1.376999999999999969e-03
2.700000000000000000e+01 3.000000000000000000e+00 6.300000000000000000e+01 0.000000000000000000e+00 1.600000000000000089e+00 1.381000000000000066e-03 1.312000000000000015e-03 9.999980000000000535e-01 -6.149959999999999871e-01 7.885299999999999532e-01 -1.849999999999999973e-04 -7.885290000000000354e-01 -6.149940000000000406e-01 1.895999999999999899e-03
8.000000000000000000e+00 2.700000000000000000e+01 6.300000000000000000e+01 0.000000000000000000e+00 1.600000000000000089e+00 -5.309999999999999616e-03 1.080000000000000014e-03 9.999850000000000128e-01 -2.703389999999999960e-01 9.627620000000000067e-01 -2.475000000000000203e-03 -9.627510000000000234e-01 -2.703479999999999772e-01 -4.819999999999999632e-03
1.200000000000000000e+01 2.700000000000000000e+01 6.300000000000000000e+01 0.000000000000000000e+00 1.600000000000000089e+00 2.001999999999999873e-03 1.962999999999999901e-03 9.999959999999999960e-01 -2.681160000000000210e-01 9.633859999999999646e-01 -1.353999999999999952e-03 -9.633850000000000469e-01 -2.681120000000000170e-01 2.455000000000000151e-03
1.700000000000000000e+01 2.700000000000000000e+01 6.300000000000000000e+01 0.000000000000000000e+00 1.600000000000000089e+00 -3.980000000000000248e-04 6.830000000000000134e-04 1.000000000000000000e+00 -2.685460000000000069e-01 9.632659999999999556e-01 -7.649999999999999465e-04 -9.632669999999999844e-01 -2.685469999999999802e-01 -2.000000000000000096e-04
2.500000000000000000e+01 2.700000000000000000e+01 6.300000000000000000e+01 0.000000000000000000e+00 1.600000000000000089e+00 -1.793000000000000106e-03 -3.650000000000000033e-03 9.999919999999999920e-01 -2.676580000000000070e-01 9.635089999999999488e-01 3.037000000000000203e-03 -9.635120000000000351e-01 -2.676499999999999990e-01 -2.704999999999999939e-03
1.000000000000000000e+00 2.600000000000000000e+01 6.400000000000000000e+01 0.000000000000000000e+00 1.600000000000000089e+00 -1.827000000000000065e-03 7.433999999999999636e-03 9.999710000000000543e-01 -3.790169999999999928e-01 9.253590000000000426e-01 -7.571999999999999738e-03 -9.253879999999999884e-01 -3.790200000000000236e-01 1.126999999999999964e-03
1.100000000000000000e+01 2.600000000000000000e+01 6.400000000000000000e+01 0.000000000000000000e+00 1.600000000000000089e+00 7.640000000000000306e-04 -4.500000000000000283e-05 1.000000000000000000e+00 -3.450409999999999866e-01 9.385879999999999779e-01 3.060000000000000111e-04 -9.385869999999999491e-01 -3.450409999999999866e-01 7.020000000000000415e-04
2.100000000000000000e+01 2.600000000000000000e+01 6.400000000000000000e+01 0.000000000000000000e+00 1.600000000000000089e+00 -2.013000000000000032e-03 -3.204999999999999950e-03 9.999930000000000208e-01 -3.470130000000000159e-01 9.378579999999999695e-01 2.308000000000000156e-03 -9.378579999999999695e-01 -3.470050000000000079e-01 -3.000000000000000062e-03
2.600000000000000000e+01 2.600000000000000000e+01 6.400000000000000000e+01 0.000000000000000000e+00 1.600000000000000089e+00 -1.361999999999999929e-03 -2.164000000000000125e-03 9.999970000000000248e-01 -3.488499999999999934e-01 9.371770000000000378e-01 1.552999999999999910e-03 -9.371779999999999555e-01 -3.488470000000000182e-01 -2.031999999999999952e-03
1.000000000000000000e+00 6.900000000000000000e+01 6.600000000000000000e+01 0.000000000000000000e+00 1.600000000000000089e+00 -5.720000000000000258e-03 6.055999999999999751e-03 9.999649999999999928e-01 -9.498699999999999921e-01 3.125600000000000045e-01 -7.327000000000000179e-03 -3.125930000000000097e-01 -9.498790000000000289e-01 3.964999999999999775e-03
3.000000000000000000e+00 2.500000000000000000e+01 7.300000000000000000e+01 0.000000000000000000e+00 1.600000000000000089e+00 1.552999999999999910e-03 -2.849999999999999886e-04 9.999989999999999712e-01 7.466669999999999696e-01 -6.651970000000000383e-01 -1.348999999999999939e-03 6.651960000000000095e-01 7.466679999999999984e-01 -8.210000000000000067e-04
1.900000000000000000e+01 2.500000000000000000e+01 7.300000000000000000e+01 0.000000000000000000e+00 1.600000000000000089e+00 -2.592200000000000060e-02 -2.269699999999999843e-02 9.994060000000000166e-01 7.576990000000000114e-01 -6.525859999999999994e-01 4.832000000000000357e-03 6.520890000000000297e-01 7.573739999999999917e-01 3.411399999999999849e-02
2.700000000000000000e+01 2.500000000000000000e+01 7.300000000000000000e+01 0.000000000000000000e+00 1.600000000000000089e+00 1.690000000000000096e-03 2.018999999999999961e-03 9.999970000000000248e-01 7.480419999999999847e-01 -6.636520000000000197e-01 7.499999999999999343e-05 6.636490000000000444e-01 7.480390000000000095e-01 -2.631999999999999791e-03
2.000000000000000000e+00 4.400000000000000000e+01 7.300000000000000000e+01 0.000000000000000000e+00 1.600000000000000089e+00 -2.922999999999999817e-03 6.099999999999999872e-05 9.999959999999999960e-01 5.149299999999999711e-02 -9.986730000000000329e-01 2.120000000000000031e-04 9.986690000000000289e-01 5.149299999999999711e-02 2.916000000000000189e-03
1.000000000000000000e+01 4.400000000000000000e+01 7.300000000000000000e+01 0.000000000000000000e+00 1.600000000000000089e+00 -5.739999999999999660e-04 -2.288999999999999802e-03 9.999970000000000248e-01 5.110499999999999765e-02 -9.986909999999999954e-01 -2.256999999999999892e-03 9.986930000000000529e-01 5.110399999999999665e-02 6.899999999999999667e-04
1.500000000000000000e+01 4.400000000000000000e+01 7.300000000000000000e+01 0.000000000000000000e+00 1.600000000000000089e+00 -1.379999999999999933e-03 -3.444000000000000013e-03 9.999930000000000208e-01 5.080699999999999800e-02 -9.987030000000000074e-01 -3.370000000000000166e-03 9.987080000000000402e-01 5.080199999999999994e-02 1.552999999999999910e-03
2.000000000000000000e+01 4.400000000000000000e+01 7.300000000000000000e+01 0.000000000000000000e+00 1.600000000000000089e+00 -2.262999999999999821e-03 -5.536000000000000122e-03 9.999820000000000375e-01 4.628000000000000169e-02 -9.989139999999999686e-01 -5.426000000000000267e-03 9.989259999999999806e-01 4.626600000000000157e-02 2.517000000000000140e-03
2.600000000000000000e+01 4.400000000000000000e+01 7.300000000000000000e+01 0.000000000000000000e+00 1.600000000000000089e+00 -2.652999999999999976e-03 -1.083999999999999894e-03 9.999959999999999960e-01 4.626600000000000157e-02 -9.989289999999999559e-01 -9.600000000000000243e-04 9.989259999999999806e-01 4.626299999999999857e-02 2.700999999999999842e-03
9.000000000000000000e+00 2.500000000000000000e+01 7.400000000000000000e+01 0.000000000000000000e+00 1.600000000000000089e+00 1.095499999999999946e-02 1.239600000000000077e-02 9.998629999999999463e-01 8.344639999999999835e-01 -5.510570000000000190e-01 -2.311000000000000120e-03 5.509530000000000260e-01 8.343749999999999778e-01 -1.638099999999999973e-02
2.800000000000000000e+01 2.500000000000000000e+01 7.400000000000000000e+01 0.000000000000000000e+00 1.600000000000000089e+00 1.020999999999999989e-03 2.599999999999999881e-03 9.999959999999999960e-01 8.256580000000000030e-01 -5.641709999999999781e-01 6.239999999999999887e-04 5.641699999999999493e-01 8.256539999999999990e-01 -2.722000000000000027e-03
2.800000000000000000e+01 5.100000000000000000e+01 7.600000000000000000e+01 0.000000000000000000e+00 1.600000000000000089e+00 2.563000000000000174e-03 2.946999999999999967e-03 -9.999919999999999920e-01 -4.012149999999999883e-01 -9.159760000000000124e-01 -3.727999999999999977e-03 -9.159800000000000164e-01 4.012220000000000231e-01 -1.165999999999999936e-03
7.000000000000000000e+00 9.100000000000000000e+01 7.600000000000000000e+01 0.000000000000000000e+00 1.600000000000000089e+00 -1.466000000000000072e-03 -2.135999999999999878e-03 9.999970000000000248e-01 3.132739999999999969e-01 -9.496609999999999774e-01 -1.569000000000000082e-03 9.496620000000000061e-01 3.132710000000000217e-01 2.062000000000000031e-03
1.400000000000000000e+01 9.100000000000000000e+01 7.600000000000000000e+01 0.000000000000000000e+00 1.600000000000000089e+00 -3.939999999999999817e-04 1.719000000000000042e-03 9.999980000000000535e-01 3.163159999999999861e-01 -9.486520000000000508e-01 1.755000000000000050e-03 9.486539999999999973e-01 3.163159999999999861e-01 -1.700000000000000122e-04
2.300000000000000000e+01 9.100000000000000000e+01 7.600000000000000000e+01 0.000000000000000000e+00 1.600000000000000089e+00 -1.680999999999999986e-03 -3.589999999999999984e-04 9.999989999999999712e-01 3.202929999999999944e-01 -9.473179999999999934e-01 1.990000000000000124e-04 9.473169999999999646e-01 3.202929999999999944e-01 1.706999999999999967e-03
2.700000000000000000e+01 9.100000000000000000e+01 7.600000000000000000e+01 0.000000000000000000e+00 1.600000000000000089e+00 -3.276999999999999965e-03 -5.000000000000000104e-04 9.999940000000000495e-01 3.139410000000000256e-01 -9.494420000000000082e-01 5.540000000000000219e-04 9.494369999999999754e-01 3.139410000000000256e-01 3.268000000000000071e-03
1.500000000000000000e+01 6.300000000000000000e+01 8.100000000000000000e+01 0.000000000000000000e+00 1.600000000000000089e+00 -1.394000000000000057e-03 3.249999999999999851e-04 9.999989999999999712e-01 4.415499999999999980e-02 -9.990250000000000519e-01 3.860000000000000041e-04 9.990240000000000231e-01 4.415600000000000080e-02 1.378000000000000102e-03
6.000000000000000000e+00 4.400000000000000000e+01 8.300000000000000000e+01 0.000000000000000000e+00 1.600000000000000089e+00 1.753999999999999917e-03 -3.673000000000000050e-03 9.999919999999999920e-01 5.827890000000000015e-01 -8.126130000000000297e-01 -4.007000000000000145e-03 8.126210000000000377e-01 5.827909999999999480e-01 7.159999999999999481e-04
1.100000000000000000e+01 4.400000000000000000e+01 8.300000000000000000e+01 0.000000000000000000e+00 1.600000000000000089e+00 -2.950000000000000148e-04 -2.534999999999999927e-03 9.999970000000000248e-01 5.860750000000000126e-01 -8.102549999999999475e-01 -1.881000000000000076e-03 8.102570000000000050e-01 5.860729999999999551e-01 1.724999999999999971e-03
1.800000000000000000e+01 4.400000000000000000e+01 8.300000000000000000e+01 0.000000000000000000e+00 1.600000000000000089e+00 -1.134000000000000025e-03 3.207999999999999914e-03 9.999940000000000495e-01 5.832779999999999632e-01 -8.122660000000000435e-01 3.266999999999999939e-03 8.122719999999999940e-01 5.832789999999999919e-01 -9.499999999999999981e-04
2.100000000000000000e+01 4.400000000000000000e+01 8.300000000000000000e+01 0.000000000000000000e+00 1.600000000000000089e+00 -1.905000000000000009e-03 4.281000000000000083e-03 9.999890000000000168e-01 5.810840000000000449e-01 -8.138309999999999711e-01 4.590999999999999595e-03 8.138410000000000366e-01 5.810859999999999914e-01 -9.370000000000000074e-04
2.200000000000000000e+01 1.010000000000000000e+02 8.300000000000000000e+01 0.000000000000000000e+00 1.600000000000000089e+00 -1.234999999999999987e-03 -4.950999999999999672e-03 9.999869999999999592e-01 9.964889999999999581e-01 8.370600000000000263e-02 1.644999999999999978e-03 -8.371299999999999575e-02 9.964779999999999749e-01 4.830000000000000092e-03
