7.000000000000000000e+00 1.600000000000000000e+01 4.000000000000000000e+00 0.000000000000000000e+00 1.600000000000000089e+00 -2.567999999999999970e-03 1.258000000000000004e-03 9.999959999999999960e-01 4.567499999999999893e-01 -8.895920000000000494e-01 2.292000000000000200e-03 8.895910000000000206e-01 4.567539999999999933e-01 1.709999999999999932e-03
5.000000000000000000e+00 1.010000000000000000e+02 7.000000000000000000e+00 0.000000000000000000e+00 1.600000000000000089e+00 -1.219000000000000031e-03 -5.888000000000000005e-03 9.999820000000000375e-01 8.854940000000000033e-01 4.646350000000000202e-01 3.815999999999999948e-03 -4.646489999999999787e-01 8.854830000000000201e-01 4.648000000000000222e-03
2.300000000000000000e+01 1.010000000000000000e+02 7.000000000000000000e+00 0.000000000000000000e+00 1.600000000000000089e+00 -1.232999999999999938e-03 -3.397999999999999979e-03 9.999930000000000208e-01 8.856000000000000538e-01 4.644409999999999927e-01 2.670000000000000064e-03 -4.644469999999999987e-01 8.855979999999999963e-01 2.436999999999999930e-03
9.000000000000000000e+00 2.500000000000000000e+01 8.000000000000000000e+00 0.000000000000000000e+00 1.600000000000000089e+00 1.978000000000000157e-03 2.420999999999999975e-03 -9.999949999999999672e-01 4.467969999999999997e-01 8.946300000000000363e-01 3.049000000000000061e-03 8.946330000000000116e-01 -4.468010000000000037e-01 6.880000000000000265e-04
1.300000000000000000e+01 2.500000000000000000e+01 8.000000000000000000e+00 0.000000000000000000e+00 1.600000000000000089e+00 2.750999999999999973e-03 8.259000000000000716e-03 -9.999620000000000175e-01 4.451209999999999889e-01 8.954290000000000305e-01 8.619999999999999191e-03 8.954659999999999842e-01 -4.451280000000000237e-01 -1.213000000000000102e-03
1.800000000000000000e+01 2.500000000000000000e+01 8.000000000000000000e+00 0.000000000000000000e+00 1.600000000000000089e+00 2.599999999999999840e-05 7.690000000000000438e-04 -1.000000000000000000e+00 4.440310000000000090e-01 8.960110000000000019e-01 7.010000000000000172e-04 8.960110000000000019e-01 -4.440310000000000090e-01 -3.179999999999999776e-04
2.200000000000000000e+01 2.500000000000000000e+01 8.000000000000000000e+00 0.000000000000000000e+00 1.600000000000000089e+00 -9.150000000000000147e-04 -1.634000000000000036e-03 -9.999980000000000535e-01 4.457559999999999856e-01 8.951519999999999477e-01 -1.869999999999999917e-03 8.951540000000000052e-01 -4.457570000000000143e-01 -9.000000000000000567e-05
2.500000000000000000e+01 2.500000000000000000e+01 8.000000000000000000e+00 0.000000000000000000e+00 1.600000000000000089e+00 3.040000000000000167e-04 -3.095999999999999794e-03 -9.999949999999999672e-01 4.465609999999999857e-01 8.947490000000000165e-01 -2.634000000000000057e-03 8.947530000000000205e-01 -4.465580000000000105e-01 1.655000000000000004e-03
1.400000000000000000e+01 9.000000000000000000e+00 9.000000000000000000e+00 0.000000000000000000e+00 1.600000000000000089e+00 3.989000000000000358e-03 -7.854999999999999136e-03 -9.999609999999999888e-01 -9.447510000000000074e-01 -3.277880000000000238e-01 -1.193999999999999966e-03 -3.277660000000000018e-01 9.447189999999999754e-01 -8.727999999999999647e-03
2.100000000000000000e+01 9.000000000000000000e+00 9.000000000000000000e+00 0.000000000000000000e+00 1.600000000000000089e+00 -2.072299999999999837e-02 -2.303099999999999939e-02 -9.995199999999999640e-01 -9.462080000000000490e-01 -3.224270000000000191e-01 2.704700000000000160e-02 -3.228949999999999876e-01 9.463139999999999885e-01 -1.511000000000000017e-02
1.000000000000000000e+00 2.400000000000000000e+01 9.000000000000000000e+00 0.000000000000000000e+00 1.600000000000000089e+00 -5.240000000000000517e-04 -7.058000000000000038e-03 -9.999749999999999472e-01 4.548969999999999958e-01 8.905199999999999783e-01 -6.524000000000000285e-03 8.905440000000000023e-01 -4.548889999999999878e-01 2.743999999999999911e-03
5.000000000000000000e+00 2.400000000000000000e+01 9.000000000000000000e+00 0.000000000000000000e+00 1.600000000000000089e+00 -6.970000000000000284e-04 -4.113000000000000336e-03 -9.999909999999999632e-01 4.542539999999999911e-01 8.908629999999999605e-01 -3.981000000000000164e-03 8.908719999999999972e-01 -4.542530000000000179e-01 1.247999999999999977e-03
1.300000000000000000e+01 2.400000000000000000e+01 9.000000000000000000e+00 0.000000000000000000e+00 1.600000000000000089e+00 2.805999999999999901e-03 8.614000000000000129e-03 -9.999590000000000423e-01 4.527180000000000093e-01 8.916089999999999849e-01 8.951000000000000623e-03 8.916490000000000249e-01 -4.527240000000000153e-01 -1.397999999999999937e-03
1.600000000000000000e+01 2.400000000000000000e+01 9.000000000000000000e+00 0.000000000000000000e+00 1.600000000000000089e+00 1.221999999999999996e-03 1.873000000000000099e-03 -9.999970000000000248e-01 4.515370000000000217e-01 8.922489999999999588e-01 2.223000000000000149e-03 8.922510000000000163e-01 -4.515390000000000237e-01 2.449999999999999921e-04
2.200000000000000000e+01 2.400000000000000000e+01 9.000000000000000000e+00 0.000000000000000000e+00 1.600000000000000089e+00 -1.221999999999999996e-03 -1.848999999999999949e-03 -9.999980000000000535e-01 4.534949999999999815e-01 8.912560000000000482e-01 -2.201999999999999964e-03 8.912579999999999947e-01 -4.534969999999999835e-01 -2.500000000000000052e-04
2.500000000000000000e+01 2.400000000000000000e+01 9.000000000000000000e+00 0.000000000000000000e+00 1.600000000000000089e+00 -8.399999999999999535e-05 -3.139999999999999996e-03 -9.999949999999999672e-01 4.545870000000000188e-01 8.906979999999999897e-01 -2.834999999999999847e-03 8.907019999999999937e-01 -4.545850000000000168e-01 1.351999999999999903e-03
2.900000000000000000e+01 8.000000000000000000e+00 1.000000000000000000e+01 0.000000000000000000e+00 1.600000000000000089e+00 -2.651000000000000145e-03 -4.165000000000000299e-03 -9.999879999999999880e-01 -9.685430000000000428e-01 -2.488209999999999866e-01 3.603999999999999999e-03 -2.488329999999999986e-01 9.685399999999999565e-01 -3.374999999999999962e-03
5.000000000000000000e+00 3.500000000000000000e+01 1.200000000000000000e+01 0.000000000000000000e+00 1.600000000000000089e+00 8.319999999999999488e-04 -1.378000000000000102e-03 -9.999989999999999712e-01 4.386399999999999744e-01 -8.986619999999999608e-01 1.603999999999999957e-03 -8.986629999999999896e-01 -4.386399999999999744e-01 -1.430000000000000064e-04
9.000000000000000000e+00 3.500000000000000000e+01 1.200000000000000000e+01 0.000000000000000000e+00 1.600000000000000089e+00 -9.990000000000001049e-04 3.882000000000000034e-03 -9.999919999999999920e-01 4.399700000000000277e-01 -8.980040000000000244e-01 -3.924999999999999670e-03 -8.980120000000000324e-01 -4.399710000000000010e-01 -8.109999999999999805e-04
1.600000000000000000e+01 3.500000000000000000e+01 1.200000000000000000e+01 0.000000000000000000e+00 1.600000000000000089e+00 1.544000000000000017e-03 7.669999999999999951e-04 -9.999980000000000535e-01 4.600839999999999930e-01 -8.878749999999999698e-01 2.900000000000000017e-05 -8.878740000000000521e-01 -4.600839999999999930e-01 -1.724000000000000055e-03
1.900000000000000000e+01 3.500000000000000000e+01 1.200000000000000000e+01 0.000000000000000000e+00 1.600000000000000089e+00 1.013999999999999927e-03 -3.592000000000000141e-03 -9.999930000000000208e-01 4.676279999999999881e-01 -8.839179999999999815e-01 3.648999999999999900e-03 -8.839249999999999607e-01 -4.676279999999999881e-01 7.829999999999999504e-04
2.200000000000000000e+01 3.500000000000000000e+01 1.200000000000000000e+01 0.000000000000000000e+00 1.600000000000000089e+00 8.429999999999999993e-04 -1.077999999999999965e-03 -9.999989999999999712e-01 4.724590000000000178e-01 -8.813509999999999955e-01 1.348000000000000023e-03 -8.813520000000000243e-01 -4.724599999999999911e-01 -2.339999999999999958e-04
2.600000000000000000e+01 3.500000000000000000e+01 1.200000000000000000e+01 0.000000000000000000e+00 1.600000000000000089e+00 -2.536000000000000060e-03 1.966999999999999998e-03 -9.999949999999999672e-01 4.677649999999999864e-01 -8.838479999999999670e-01 -2.925000000000000083e-03 -8.838489999999999958e-01 -4.677700000000000191e-01 1.322000000000000041e-03
3.000000000000000000e+00 3.200000000000000000e+01 1.400000000000000000e+01 0.000000000000000000e+00 1.600000000000000089e+00 -1.101999999999999898e-03 1.590999999999999966e-03 -9.999980000000000535e-01 1.069569999999999965e-01 9.942630000000000079e-01 1.464000000000000024e-03 9.942630000000000079e-01 -1.069559999999999955e-01 -1.265999999999999981e-03
8.000000000000000000e+00 3.200000000000000000e+01 1.400000000000000000e+01 0.000000000000000000e+00 1.600000000000000089e+00 2.559999999999999884e-04 -3.628000000000000148e-03 -9.999930000000000208e-01 1.063759999999999983e-01 9.943189999999999529e-01 -3.579999999999999849e-03 9.943260000000000431e-01 -1.063749999999999973e-01 6.400000000000000524e-04
2.000000000000000000e+01 3.200000000000000000e+01 1.400000000000000000e+01 0.000000000000000000e+00 1.600000000000000089e+00 -1.900000000000000105e-05 2.164999999999999824e-03 -9.999980000000000535e-01 1.032799999999999968e-01 9.946500000000000341e-01 2.151000000000000134e-03 9.946519999999999806e-01 -1.032789999999999958e-01 -2.420000000000000005e-04
2.700000000000000000e+01 3.200000000000000000e+01 1.400000000000000000e+01 0.000000000000000000e+00 1.600000000000000089e+00 6.199999999999999999e-04 -7.310999999999999791e-03 -9.999730000000000008e-01 1.029169999999999946e-01 9.946639999999999926e-01 -7.209000000000000130e-03 9.946899999999999631e-01 -1.029100000000000015e-01 1.368999999999999991e-03
1.700000000000000000e+01 1.160000000000000000e+02 1.600000000000000000e+01 0.000000000000000000e+00 1.600000000000000089e+00 7.060000000000000303e-04 1.121999999999999950e-03 9.999989999999999712e-01 7.051920000000000410e-01 7.090159999999999796e-01 -1.294000000000000011e-03 -7.090159999999999796e-01 7.051920000000000410e-01 -2.910000000000000260e-04
2.500000000000000000e+01 1.160000000000000000e+02 1.600000000000000000e+01 0.000000000000000000e+00 1.600000000000000089e+00 -1.340999999999999961e-03 5.109999999999999525e-04 9.999989999999999712e-01 7.582740000000000036e-01 6.519359999999999600e-01 6.840000000000000377e-04 -6.519350000000000422e-01 7.582740000000000036e-01 -1.262000000000000101e-03
5.000000000000000000e+00 2.000000000000000000e+00 1.900000000000000000e+01 0.000000000000000000e+00 1.600000000000000089e+00 -5.559999999999999621e-04 1.928300000000000153e-02 -9.998139999999999805e-01 3.274009999999999976e-01 -9.447060000000000457e-01 -1.840299999999999922e-02 -9.448849999999999749e-01 -3.273499999999999743e-01 -5.787999999999999742e-03
1.100000000000000000e+01 2.000000000000000000e+00 1.900000000000000000e+01 0.000000000000000000e+00 1.600000000000000089e+00 4.300000000000000165e-05 4.111000000000000071e-03 -9.999919999999999920e-01 3.264870000000000272e-01 -9.451939999999999786e-01 -3.872000000000000008e-03 -9.452019999999999866e-01 -3.264839999999999964e-01 -1.382999999999999898e-03
1.700000000000000000e+01 2.000000000000000000e+00 1.900000000000000000e+01 0.000000000000000000e+00 1.600000000000000089e+00 1.005999999999999950e-03 5.982000000000000338e-03 -9.999820000000000375e-01 3.266160000000000174e-01 -9.451420000000000377e-01 -5.324999999999999872e-03 -9.451570000000000249e-01 -3.266049999999999787e-01 -2.905000000000000030e-03
2.200000000000000000e+01 2.000000000000000000e+00 1.900000000000000000e+01 0.000000000000000000e+00 1.600000000000000089e+00 -3.130000000000000187e-04 -4.906999999999999904e-03 -9.999879999999999880e-01 3.297249999999999903e-01 -9.440659999999999608e-01 4.529000000000000040e-03 -9.440770000000000550e-01 -3.297200000000000131e-01 1.912999999999999987e-03
2.700000000000000000e+01 2.000000000000000000e+00 1.900000000000000000e+01 0.000000000000000000e+00 1.600000000000000089e+00 -8.700000000000000051e-04 5.459000000000000311e-03 -9.999850000000000128e-01 3.320350000000000246e-01 -9.432509999999999506e-01 -5.438000000000000125e-03 -9.432669999999999666e-01 -3.320350000000000246e-01 -9.920000000000000432e-04
4.000000000000000000e+00 3.000000000000000000e+00 1.900000000000000000e+01 0.000000000000000000e+00 1.600000000000000089e+00 -8.869999999999999846e-04 1.834300000000000166e-02 -9.998310000000000253e-01 2.990419999999999745e-01 -9.540750000000000064e-01 -1.776900000000000007e-02 -9.542399999999999771e-01 -2.990070000000000228e-01 -4.638999999999999894e-03
4.000000000000000000e+00 1.300000000000000000e+01 2.000000000000000000e+01 0.000000000000000000e+00 1.600000000000000089e+00 -1.632999999999999903e-03 -6.000000000000000152e-05 9.999989999999999712e-01 2.621339999999999781e-01 9.650309999999999722e-01 4.859999999999999954e-04 -9.650300000000000544e-01 2.621350000000000069e-01 -1.561000000000000104e-03
1.100000000000000000e+01 1.300000000000000000e+01 2.000000000000000000e+01 0.000000000000000000e+00 1.600000000000000089e+00 5.800000000000000034e-04 2.570000000000000127e-04 1.000000000000000000e+00 2.627519999999999856e-01 9.648630000000000262e-01 -4.000000000000000192e-04 -9.648630000000000262e-01 2.627519999999999856e-01 4.920000000000000328e-04
1.600000000000000000e+01 1.300000000000000000e+01 2.000000000000000000e+01 0.000000000000000000e+00 1.600000000000000089e+00 1.624999999999999925e-03 -2.489999999999999809e-04 9.999989999999999712e-01 2.626390000000000113e-01 9.648940000000000294e-01 -1.859999999999999945e-04 -9.648930000000000007e-01 2.626390000000000113e-01 1.632999999999999903e-03
2.100000000000000000e+01 1.300000000000000000e+01 2.000000000000000000e+01 0.000000000000000000e+00 1.600000000000000089e+00 -8.570000000000000144e-04 3.890000000000000228e-04 1.000000000000000000e+00 2.642450000000000077e-01 9.644559999999999800e-01 -1.479999999999999925e-04 -9.644549999999999512e-01 2.642439999999999789e-01 -9.290000000000000297e-04
2.400000000000000000e+01 1.300000000000000000e+01 2.000000000000000000e+01 0.000000000000000000e+00 1.600000000000000089e+00 -1.613000000000000067e-03 1.012000000000000096e-03 9.999980000000000535e-01 2.648730000000000251e-01 9.642830000000000013e-01 -5.479999999999999845e-04 -9.642819999999999725e-01 2.648719999999999963e-01 -1.824000000000000100e-03
2.900000000000000000e+01 1.300000000000000000e+01 2.000000000000000000e+01 0.000000000000000000e+00 1.600000000000000089e+00 1.849999999999999973e-04 -3.952999999999999917e-03 9.999919999999999920e-01 2.628170000000000228e-01 9.648379999999999734e-01 3.765999999999999816e-03 -9.648459999999999814e-01 2.628139999999999921e-01 1.216999999999999983e-03
2.000000000000000000e+00 5.000000000000000000e+01 2.200000000000000000e+01 0.000000000000000000e+00 1.600000000000000089e+00 1.028000000000000051e-03 3.824000000000000142e-03 -9.999919999999999920e-01 -5.637830000000000341e-01 8.259189999999999587e-01 2.579000000000000129e-03 8.259220000000000450e-01 5.637760000000000549e-01 3.004999999999999859e-03
1.100000000000000000e+01 5.000000000000000000e+01 2.200000000000000000e+01 0.000000000000000000e+00 1.600000000000000089e+00 -2.203999999999999796e-03 2.750000000000000166e-04 -9.999980000000000535e-01 -5.650269999999999460e-01 8.250709999999999988e-01 1.472000000000000001e-03 8.250690000000000524e-01 5.650290000000000035e-01 -1.662999999999999982e-03
1.700000000000000000e+01 5.000000000000000000e+01 2.200000000000000000e+01 0.000000000000000000e+00 1.600000000000000089e+00 9.330000000000000186e-04 3.795000000000000196e-03 -9.999919999999999920e-01 -5.633939999999999504e-01 8.261840000000000295e-01 2.609999999999999907e-03 8.261880000000000335e-01 5.633879999999999999e-01 2.909000000000000127e-03
5.000000000000000000e+00 3.000000000000000000e+00 2.500000000000000000e+01 0.000000000000000000e+00 1.600000000000000089e+00 -3.330000000000000061e-03 8.408000000000000543e-03 9.999590000000000423e-01 -3.455999999999999871e-03 -9.999590000000000423e-01 8.396999999999999950e-03 9.999879999999999880e-01 -3.428000000000000057e-03 3.359000000000000007e-03
9.000000000000000000e+00 3.000000000000000000e+00 2.500000000000000000e+01 0.000000000000000000e+00 1.600000000000000089e+00 -6.620000000000000450e-04 -4.769999999999999934e-04 1.000000000000000000e+00 -1.466999999999999988e-03 -9.999989999999999712e-01 -4.780000000000000178e-04 9.999989999999999712e-01 -1.466999999999999988e-03 6.620000000000000450e-04
1.400000000000000000e+01 3.000000000000000000e+00 2.500000000000000000e+01 0.000000000000000000e+00 1.600000000000000089e+00 -4.104000000000000009e-03 5.780000000000000415e-03 9.999749999999999472e-01 8.189999999999999581e-04 -9.999829999999999552e-01 5.782999999999999946e-03 9.999909999999999632e-01 8.429999999999999993e-04 4.099000000000000213e-03
1.800000000000000000e+01 3.000000000000000000e+00 2.500000000000000000e+01 0.000000000000000000e+00 1.600000000000000089e+00 -3.769999999999999914e-03 8.339999999999999974e-04 9.999919999999999920e-01 9.039000000000000160e-03 -9.999590000000000423e-01 8.679999999999999565e-04 9.999519999999999520e-01 9.041999999999999690e-03 3.762000000000000153e-03
3.000000000000000000e+00 4.600000000000000000e+01 3.000000000000000000e+01 0.000000000000000000e+00 1.600000000000000089e+00 3.730000000000000134e-04 1.939999999999999993e-04 -1.000000000000000000e+00 3.338010000000000144e-01 9.426430000000000087e-01 3.069999999999999812e-04 9.426430000000000087e-01 -3.338019999999999876e-01 2.869999999999999830e-04
3.000000000000000000e+00 5.800000000000000000e+01 3.100000000000000000e+01 0.000000000000000000e+00 1.600000000000000089e+00 3.114000000000000015e-03 4.635000000000000231e-03 9.999839999999999840e-01 -7.547760000000000025e-01 -6.559610000000000163e-01 5.389999999999999826e-03 6.559760000000000035e-01 -7.547810000000000352e-01 1.456000000000000046e-03
1.400000000000000000e+01 5.800000000000000000e+01 3.100000000000000000e+01 0.000000000000000000e+00 1.600000000000000089e+00 -1.021999999999999905e-03 2.851999999999999934e-03 9.999949999999999672e-01 -7.533769999999999634e-01 -6.575870000000000326e-01 1.105999999999999995e-03 6.575870000000000326e-01 -7.533729999999999594e-01 2.821000000000000157e-03
2.400000000000000000e+01 5.800000000000000000e+01 3.100000000000000000e+01 0.000000000000000000e+00 1.600000000000000089e+00 -7.323999999999999781e-03 -1.515900000000000060e-02 9.998580000000000245e-01 -7.596680000000000099e-01 -6.501280000000000392e-01 -1.542100000000000068e-02 6.502700000000000147e-01 -7.596730000000000427e-01 -6.753999999999999587e-03
1.300000000000000000e+01 2.300000000000000000e+01 3.400000000000000000e+01 0.000000000000000000e+00 1.600000000000000089e+00 6.300000000000000261e-04 -2.288999999999999802e-03 9.999970000000000248e-01 3.965810000000000168e-01 -9.179969999999999519e-01 -2.350999999999999791e-03 9.180000000000000382e-01 3.965810000000000168e-01 3.289999999999999739e-04
4.000000000000000000e+00 4.600000000000000000e+01 3.500000000000000000e+01 0.000000000000000000e+00 1.600000000000000089e+00 -2.120000000000000031e-04 -2.236999999999999839e-03 -9.999970000000000248e-01 3.918710000000000249e-01 -9.200180000000000025e-01 1.975000000000000193e-03 -9.200199999999999489e-01 -3.918699999999999961e-01 1.072000000000000036e-03
1.200000000000000000e+01 4.600000000000000000e+01 3.500000000000000000e+01 0.000000000000000000e+00 1.600000000000000089e+00 6.120000000000000223e-04 1.482000000000000027e-03 -9.999989999999999712e-01 3.912470000000000114e-01 -9.202850000000000197e-01 -1.124999999999999915e-03 -9.202860000000000484e-01 -3.912450000000000094e-01 -1.142999999999999919e-03
1.600000000000000000e+01 4.600000000000000000e+01 3.500000000000000000e+01 0.000000000000000000e+00 1.600000000000000089e+00 1.034999999999999896e-03 8.050000000000000515e-04 -9.999989999999999712e-01 3.898510000000000031e-01 -9.208779999999999744e-01 -3.379999999999999758e-04 -9.208769999999999456e-01 -3.898499999999999743e-01 -1.266999999999999897e-03
1.900000000000000000e+01 4.600000000000000000e+01 3.500000000000000000e+01 0.000000000000000000e+00 1.600000000000000089e+00 -3.170000000000000075e-04 9.060000000000000128e-04 -1.000000000000000000e+00 3.896959999999999869e-01 -9.209429999999999561e-01 -9.579999999999999757e-04 -9.209439999999999849e-01 -3.896959999999999869e-01 -6.099999999999999872e-05
2.400000000000000000e+01 4.600000000000000000e+01 3.500000000000000000e+01 0.000000000000000000e+00 1.600000000000000089e+00 -5.710000000000000015e-04 -2.243000000000000202e-03 -9.999970000000000248e-01 3.907829999999999915e-01 -9.204809999999999937e-01 1.840999999999999972e-03 -9.204830000000000512e-01 -3.907809999999999895e-01 1.402000000000000034e-03
4.000000000000000000e+00 3.000000000000000000e+00 4.300000000000000000e+01 0.000000000000000000e+00 1.600000000000000089e+00 -5.310000000000000050e-04 -1.120900000000000021e-02 -9.999369999999999647e-01 7.443739999999999801e-01 -6.677260000000000417e-01 7.089999999999999948e-03 -6.677629999999999955e-01 -7.443229999999999569e-01 8.697999999999999135e-03
1.000000000000000000e+01 3.000000000000000000e+00 4.300000000000000000e+01 0.000000000000000000e+00 1.600000000000000089e+00 -4.125000000000000194e-03 -1.051599999999999931e-02 -9.999360000000000470e-01 7.402710000000000123e-01 -6.722960000000000047e-01 4.016999999999999738e-03 -6.722960000000000047e-01 -7.402069999999999483e-01 1.055799999999999968e-02
1.900000000000000000e+01 3.000000000000000000e+00 4.300000000000000000e+01 0.000000000000000000e+00 1.600000000000000089e+00 3.629999999999999872e-04 2.304000000000000058e-03 -9.999970000000000248e-01 7.356690000000000174e-01 -6.773400000000000531e-01 -1.294000000000000011e-03 -6.773409999999999709e-01 -7.356660000000000421e-01 -1.941000000000000017e-03
2.500000000000000000e+01 3.000000000000000000e+00 4.300000000000000000e+01 0.000000000000000000e+00 1.600000000000000089e+00 -1.660000000000000017e-03 -3.468999999999999861e-03 -9.999930000000000208e-01 7.398160000000000291e-01 -6.728079999999999616e-01 1.105999999999999995e-03 -6.728070000000000439e-01 -7.398090000000000499e-01 3.683000000000000076e-03
6.000000000000000000e+00 8.000000000000000000e+00 4.400000000000000000e+01 0.000000000000000000e+00 1.600000000000000089e+00 -8.100000000000000375e-05 -2.719000000000000063e-03 9.999959999999999960e-01 -7.828770000000000451e-01 -6.221740000000000048e-01 -1.755000000000000050e-03 6.221769999999999801e-01 -7.828739999999999588e-01 -2.077999999999999986e-03
5.000000000000000000e+00 2.900000000000000000e+01 4.400000000000000000e+01 0.000000000000000000e+00 1.600000000000000089e+00 5.259999999999999919e-04 -4.690000000000000158e-04 -1.000000000000000000e+00 6.590080000000000382e-01 7.521360000000000268e-01 -6.999999999999999895e-06 7.521360000000000268e-01 -6.590080000000000382e-01 7.050000000000000060e-04
1.000000000000000000e+01 2.900000000000000000e+01 4.400000000000000000e+01 0.000000000000000000e+00 1.600000000000000089e+00 2.990000000000000036e-04 3.152999999999999987e-03 -9.999949999999999672e-01 6.559789999999999788e-01 7.547749999999999737e-01 2.576000000000000165e-03 7.547789999999999777e-01 -6.559760000000000035e-01 -1.842000000000000104e-03
1.400000000000000000e+01 2.900000000000000000e+01 4.400000000000000000e+01 0.000000000000000000e+00 1.600000000000000089e+00 6.800000000000000488e-04 1.761999999999999894e-03 -9.999980000000000535e-01 6.567619999999999569e-01 7.540959999999999885e-01 1.776000000000000018e-03 7.540980000000000461e-01 -6.567619999999999569e-01 -6.449999999999999570e-04
1.800000000000000000e+01 2.900000000000000000e+01 4.400000000000000000e+01 0.000000000000000000e+00 1.600000000000000089e+00 1.219999999999999974e-04 1.118999999999999986e-03 -9.999989999999999712e-01 6.598319999999999741e-01 7.514129999999999976e-01 9.210000000000000521e-04 7.514129999999999976e-01 -6.598319999999999741e-01 -6.470000000000000057e-04
2.400000000000000000e+01 2.900000000000000000e+01 4.400000000000000000e+01 0.000000000000000000e+00 1.600000000000000089e+00 2.090999999999999977e-03 -7.879999999999999635e-04 -9.999970000000000248e-01 6.618420000000000414e-01 7.496429999999999483e-01 7.940000000000000009e-04 7.496410000000000018e-01 -6.618420000000000414e-01 2.089000000000000145e-03
8.000000000000000000e+00 7.400000000000000000e+01 4.900000000000000000e+01 0.000000000000000000e+00 1.600000000000000089e+00 1.709000000000000016e-03 -5.320000000000000076e-03 9.999839999999999840e-01 -9.820520000000000360e-01 1.885930000000000106e-01 2.680999999999999790e-03 -1.886039999999999939e-01 -9.820410000000000528e-01 -4.903000000000000240e-03
5.000000000000000000e+00 5.000000000000000000e+00 5.100000000000000000e+01 0.000000000000000000e+00 1.600000000000000089e+00 -2.939999999999999905e-04 -1.969999999999999963e-03 -9.999980000000000535e-01 4.902389999999999803e-01 -8.715870000000000006e-01 1.572999999999999962e-03 -8.715880000000000294e-01 -4.902369999999999783e-01 1.221999999999999996e-03
2.800000000000000000e+01 5.000000000000000000e+00 5.100000000000000000e+01 0.000000000000000000e+00 1.600000000000000089e+00 -2.835999999999999979e-03 -1.704999999999999918e-03 -9.999949999999999672e-01 4.925599999999999978e-01 -8.702790000000000248e-01 8.700000000000000051e-05 -8.702739999999999920e-01 -4.925570000000000226e-01 3.307000000000000044e-03
2.300000000000000000e+01 1.150000000000000000e+02 5.100000000000000000e+01 0.000000000000000000e+00 1.600000000000000089e+00 -1.520000000000000084e-03 -3.415000000000000067e-03 9.999930000000000208e-01 8.461619999999999697e-01 -5.329260000000000108e-01 -5.339999999999999695e-04 5.329239999999999533e-01 8.461549999999999905e-01 3.700000000000000164e-03
1.300000000000000000e+01 7.000000000000000000e+00 5.200000000000000000e+01 0.000000000000000000e+00 1.600000000000000089e+00 -3.403000000000000209e-03 2.237999999999999972e-03 -9.999919999999999920e-01 1.169110000000000010e-01 -9.931389999999999940e-01 -2.621000000000000066e-03 -9.931370000000000475e-01 -1.169189999999999952e-01 3.118000000000000112e-03
7.000000000000000000e+00 6.300000000000000000e+01 5.400000000000000000e+01 0.000000000000000000e+00 1.600000000000000089e+00 -6.470000000000000057e-04 -5.004999999999999900e-03 9.999869999999999592e-01 -3.456130000000000035e-01 9.383669999999999511e-01 4.473000000000000413e-03 -9.383770000000000167e-01 -3.456060000000000243e-01 -2.335999999999999969e-03
1.100000000000000000e+01 6.300000000000000000e+01 5.400000000000000000e+01 0.000000000000000000e+00 1.600000000000000089e+00 -9.439999999999999607e-04 -7.367000000000000284e-03 9.999719999999999720e-01 -3.440949999999999842e-01 9.389119999999999688e-01 6.591999999999999769e-03 -9.389340000000000463e-01 -3.440799999999999970e-01 -3.420999999999999996e-03
1.500000000000000000e+01 6.300000000000000000e+01 5.400000000000000000e+01 0.000000000000000000e+00 1.600000000000000089e+00 -4.100000000000000047e-05 -3.592999999999999840e-03 9.999940000000000495e-01 -3.388220000000000121e-01 9.408440000000000136e-01 3.367000000000000201e-03 -9.408499999999999641e-01 -3.388200000000000101e-01 -1.255999999999999955e-03
1.700000000000000000e+01 6.300000000000000000e+01 5.400000000000000000e+01 0.000000000000000000e+00 1.600000000000000089e+00 3.959999999999999762e-04 -6.019999999999999961e-04 1.000000000000000000e+00 -3.390679999999999805e-01 9.407619999999999871e-01 6.999999999999999929e-04 -9.407619999999999871e-01 -3.390679999999999805e-01 1.689999999999999879e-04
2.200000000000000000e+01 6.300000000000000000e+01 5.400000000000000000e+01 0.000000000000000000e+00 1.600000000000000089e+00 3.770000000000000022e-04 1.129000000000000012e-03 9.999989999999999712e-01 -3.413649999999999740e-01 9.399300000000000432e-01 -9.319999999999999942e-04 -9.399309999999999610e-01 -3.413649999999999740e-01 7.399999999999999894e-04
2.800000000000000000e+01 6.300000000000000000e+01 5.400000000000000000e+01 0.000000000000000000e+00 1.600000000000000089e+00 1.036999999999999944e-03 3.339999999999999870e-04 9.999989999999999712e-01 -3.416489999999999805e-01 9.398279999999999967e-01 4.100000000000000047e-05 -9.398269999999999680e-01 -3.416489999999999805e-01 1.088999999999999907e-03
2.000000000000000000e+00 2.500000000000000000e+01 5.500000000000000000e+01 0.000000000000000000e+00 1.600000000000000089e+00 2.497000000000000088e-03 4.837000000000000154e-03 -9.999850000000000128e-01 -1.153099999999999958e-02 -9.999219999999999775e-01 -4.865000000000000401e-03 -9.999299999999999855e-01 1.154299999999999944e-02 -2.441000000000000027e-03
8.000000000000000000e+00 2.500000000000000000e+01 5.500000000000000000e+01 0.000000000000000000e+00 1.600000000000000089e+00 6.279999999999999775e-04 1.080999999999999930e-03 -9.999989999999999712e-01 -1.090799999999999929e-02 -9.999400000000000510e-01 -1.087999999999999991e-03 -9.999400000000000510e-01 1.090900000000000029e-02 -6.160000000000000111e-04
1.200000000000000000e+01 2.500000000000000000e+01 5.500000000000000000e+01 0.000000000000000000e+00 1.600000000000000089e+00 -1.240000000000000054e-04 -7.519999999999999558e-04 -1.000000000000000000e+00 -1.085799999999999960e-02 -9.999409999999999688e-01 7.529999999999999801e-04 -9.999409999999999688e-01 1.085799999999999960e-02 1.160000000000000007e-04
1.700000000000000000e+01 2.500000000000000000e+01 5.500000000000000000e+01 0.000000000000000000e+00 1.600000000000000089e+00 -9.829999999999999329e-04 5.779999999999999548e-04 -9.999989999999999712e-01 -1.032800000000000037e-02 -9.999460000000000015e-01 -5.680000000000000370e-04 -9.999460000000000015e-01 1.032800000000000037e-02 9.890000000000000787e-04
2.800000000000000000e+01 2.500000000000000000e+01 5.500000000000000000e+01 0.000000000000000000e+00 1.600000000000000089e+00 1.337000000000000081e-03 -8.739999999999999505e-03 -9.999609999999999888e-01 -1.281700000000000027e-02 -9.998799999999999910e-01 8.722000000000000586e-03 -9.999169999999999447e-01 1.280399999999999941e-02 -1.448999999999999984e-03
2.000000000000000000e+00 2.100000000000000000e+01 6.000000000000000000e+01 0.000000000000000000e+00 1.600000000000000089e+00 -1.972999999999999927e-03 -1.889000000000000054e-03 9.999959999999999960e-01 -9.524199999999999333e-02 9.954530000000000323e-01 1.693000000000000060e-03 -9.954520000000000035e-01 -9.523900000000000421e-02 -2.144000000000000072e-03
9.000000000000000000e+00 2.100000000000000000e+01 6.000000000000000000e+01 0.000000000000000000e+00 1.600000000000000089e+00 -6.980000000000000527e-04 3.899999999999999929e-05 1.000000000000000000e+00 -9.201499999999999957e-02 9.957580000000000320e-01 -1.029999999999999964e-04 -9.957570000000000032e-01 -9.201600000000000057e-02 -6.909999999999999910e-04
1.300000000000000000e+01 2.100000000000000000e+01 6.000000000000000000e+01 0.000000000000000000e+00 1.600000000000000089e+00 9.600000000000000243e-05 -1.669999999999999935e-04 1.000000000000000000e+00 -9.312600000000000044e-02 9.956540000000000390e-01 1.749999999999999982e-04 -9.956540000000000390e-01 -9.312600000000000044e-02 8.100000000000000375e-05
2.000000000000000000e+01 2.100000000000000000e+01 6.000000000000000000e+01 0.000000000000000000e+00 1.600000000000000089e+00 2.530000000000000239e-04 -7.740999999999999617e-03 9.999700000000000255e-01 -9.352900000000000102e-02 9.955869999999999997e-01 7.731000000000000025e-03 -9.956169999999999742e-01 -9.352800000000000002e-02 -4.719999999999999803e-04
2.700000000000000000e+01 2.100000000000000000e+01 6.000000000000000000e+01 0.000000000000000000e+00 1.600000000000000089e+00 -1.286999999999999950e-03 3.770000000000000022e-04 9.999989999999999712e-01 -9.393600000000000561e-02 9.955779999999999630e-01 -4.960000000000000216e-04 -9.955770000000000453e-01 -9.393700000000000661e-02 -1.245999999999999929e-03
5.000000000000000000e+00 6.700000000000000000e+01 6.000000000000000000e+01 0.000000000000000000e+00 1.600000000000000089e+00 2.308999999999999855e-03 1.520000000000000084e-03 9.999959999999999960e-01 1.742070000000000007e-01 -9.847080000000000277e-01 1.095000000000000053e-03 9.847059999999999702e-01 1.742039999999999977e-01 -2.537999999999999892e-03
1.400000000000000000e+01 3.000000000000000000e+00 6.300000000000000000e+01 0.000000000000000000e+00 1.600000000000000089e+00 -5.810000000000000277e-04 3.699999999999999947e-04 1.000000000000000000e+00 -6.186270000000000380e-01 7.856840000000000490e-01 -6.499999999999999702e-04 -7.856849999999999667e-01 -6.186270000000000380e-01 -2.280000000000000126e-04
1.100000000000000000e+01 2.700000000000000000e+01 6.300000000000000000e+01 0.000000000000000000e+00 1.600000000000000089e+00 -9.840000000000000656e-04 -4.344999999999999904e-03 9.999900000000000455e-01 -2.774570000000000092e-01 9.607299999999999729e-01 3.900999999999999954e-03 -9.607379999999999809e-01 -2.774499999999999744e-01 -2.151000000000000134e-03
1.800000000000000000e+01 2.700000000000000000e+01 6.300000000000000000e+01 0.000000000000000000e+00 1.600000000000000089e+00 1.824000000000000100e-03 2.974000000000000081e-03 9.999940000000000495e-01 -2.770619999999999750e-01 9.608489999999999531e-01 -2.353000000000000057e-03 -9.608499999999999819e-01 -2.770560000000000245e-01 2.576000000000000165e-03
2.500000000000000000e+01 2.700000000000000000e+01 6.300000000000000000e+01 0.000000000000000000e+00 1.600000000000000089e+00 -1.049000000000000019e-03 1.474000000000000050e-03 9.999980000000000535e-01 -2.729059999999999819e-01 9.620389999999999775e-01 -1.704999999999999918e-03 -9.620400000000000063e-01 -2.729070000000000107e-01 -6.059999999999999849e-04
3.000000000000000000e+01 2.700000000000000000e+01 6.300000000000000000e+01 0.000000000000000000e+00 1.600000000000000089e+00 1.389999999999999960e-03 -1.014600000000000050e-02 9.999479999999999480e-01 -2.714759999999999951e-01 9.623920000000000252e-01 1.014299999999999924e-02 -9.624439999999999662e-01 -2.714759999999999951e-01 -1.417000000000000074e-03
3.000000000000000000e+00 2.600000000000000000e+01 6.400000000000000000e+01 0.000000000000000000e+00 1.600000000000000089e+00 1.242000000000000048e-03 -6.189000000000000057e-03 9.999799999999999800e-01 -3.663440000000000030e-01 9.304590000000000360e-01 6.213999999999999906e-03 -9.304789999999999450e-01 -3.663440000000000030e-01 -1.111999999999999924e-03
1.200000000000000000e+01 2.600000000000000000e+01 6.400000000000000000e+01 0.000000000000000000e+00 1.600000000000000089e+00 -5.770000000000000389e-04 -4.160999999999999768e-03 9.999909999999999632e-01 -3.702880000000000060e-01 9.289100000000000135e-01 3.651999999999999864e-03 -9.289169999999999927e-01 -3.702820000000000000e-01 -2.076999999999999853e-03
1.600000000000000000e+01 2.600000000000000000e+01 6.400000000000000000e+01 0.000000000000000000e+00 1.600000000000000089e+00 1.033999999999999980e-03 -1.131999999999999977e-03 9.999989999999999712e-01 -3.699999999999999956e-01 9.290310000000000512e-01 1.433999999999999945e-03 -9.290310000000000512e-01 -3.700010000000000243e-01 5.419999999999999471e-04
1.900000000000000000e+01 2.600000000000000000e+01 6.400000000000000000e+01 0.000000000000000000e+00 1.600000000000000089e+00 1.549000000000000030e-03 5.047000000000000271e-03 9.999860000000000415e-01 -3.675709999999999811e-01 9.299859999999999793e-01 -4.124000000000000062e-03 -9.299939999999999873e-01 -3.675590000000000246e-01 3.295999999999999885e-03
3.000000000000000000e+01 2.600000000000000000e+01 6.400000000000000000e+01 0.000000000000000000e+00 1.600000000000000089e+00 2.018999999999999961e-03 -1.119700000000000036e-02 9.999350000000000183e-01 -3.605419999999999736e-01 9.326759999999999495e-01 1.117199999999999964e-02 -9.327410000000000423e-01 -3.605410000000000004e-01 -2.154000000000000099e-03
9.000000000000000000e+00 6.900000000000000000e+01 6.600000000000000000e+01 0.000000000000000000e+00 1.600000000000000089e+00 6.047000000000000292e-03 1.003999999999999901e-03 9.999810000000000088e-01 -9.485740000000000283e-01 3.165100000000000136e-01 5.419000000000000206e-03 -3.164989999999999748e-01 -9.485879999999999868e-01 2.867000000000000191e-03
6.000000000000000000e+00 3.100000000000000000e+01 7.100000000000000000e+01 0.000000000000000000e+00 1.600000000000000089e+00 1.061000000000000094e-03 1.608999999999999970e-03 -9.999980000000000535e-01 -7.293589999999999796e-01 -6.841279999999999584e-01 -1.874999999999999931e-03 -6.841300000000000159e-01 7.293600000000000083e-01 4.479999999999999933e-04
3.000000000000000000e+00 2.500000000000000000e+01 7.300000000000000000e+01 0.000000000000000000e+00 1.600000000000000089e+00 -2.579999999999999828e-04 -3.720999999999999915e-03 9.999930000000000208e-01 7.532640000000000446e-01 -6.577140000000000208e-01 -2.252999999999999794e-03 6.577180000000000248e-01 7.532590000000000119e-01 2.972999999999999948e-03
1.600000000000000000e+01 2.500000000000000000e+01 7.300000000000000000e+01 0.000000000000000000e+00 1.600000000000000089e+00 -1.137999999999999906e-03 2.926999999999999914e-03 9.999949999999999672e-01 7.494269999999999543e-01 -6.620810000000000306e-01 2.791000000000000078e-03 6.620859999999999523e-01 7.494260000000000366e-01 -1.440000000000000091e-03
1.900000000000000000e+01 2.500000000000000000e+01 7.300000000000000000e+01 0.000000000000000000e+00 1.600000000000000089e+00 -2.180000000000000080e-03 -2.831000000000000183e-03 9.999940000000000495e-01 7.510829999999999451e-01 -6.602080000000000171e-01 -2.320000000000000014e-04 6.602040000000000131e-01 7.510780000000000234e-01 3.566000000000000159e-03
2.200000000000000000e+01 2.500000000000000000e+01 7.300000000000000000e+01 0.000000000000000000e+00 1.600000000000000089e+00 -3.376999999999999794e-03 -7.431000000000000105e-03 9.999670000000000503e-01 7.522299999999999542e-01 -6.588960000000000372e-01 -2.356000000000000021e-03 6.588920000000000332e-01 7.521970000000000045e-01 7.813999999999999765e-03
2.700000000000000000e+01 2.500000000000000000e+01 7.300000000000000000e+01 0.000000000000000000e+00 1.600000000000000089e+00 -2.305999999999999890e-03 -2.982999999999999974e-03 9.999930000000000208e-01 7.551130000000000342e-01 -6.555950000000000388e-01 -2.139999999999999975e-04 6.555910000000000348e-01 7.551069999999999727e-01 3.763999999999999985e-03
7.000000000000000000e+00 4.400000000000000000e+01 7.300000000000000000e+01 0.000000000000000000e+00 1.600000000000000089e+00 -4.879999999999999898e-04 5.019999999999999506e-04 1.000000000000000000e+00 5.281299999999999883e-02 -9.986040000000000472e-01 5.270000000000000162e-04 9.986040000000000472e-01 5.281399999999999983e-02 4.609999999999999840e-04
9.000000000000000000e+00 4.400000000000000000e+01 7.300000000000000000e+01 0.000000000000000000e+00 1.600000000000000089e+00 -8.019999999999999785e-04 -2.719000000000000063e-03 9.999959999999999960e-01 5.293500000000000288e-02 -9.985939999999999817e-01 -2.673000000000000029e-03 9.985979999999999857e-01 5.293199999999999988e-02 9.449999999999999850e-04
1.400000000000000000e+01 4.400000000000000000e+01 7.300000000000000000e+01 0.000000000000000000e+00 1.600000000000000089e+00 -3.269999999999999795e-04 -5.300000000000000078e-05 1.000000000000000000e+00 5.086500000000000049e-02 -9.987059999999999826e-01 -3.600000000000000091e-05 9.987059999999999826e-01 5.086500000000000049e-02 3.289999999999999739e-04
1.900000000000000000e+01 4.400000000000000000e+01 7.300000000000000000e+01 0.000000000000000000e+00 1.600000000000000089e+00 -9.730000000000000151e-04 -1.399000000000000070e-03 9.999989999999999712e-01 5.067300000000000276e-02 -9.987139999999999906e-01 -1.348000000000000023e-03 9.987150000000000194e-01 5.067200000000000176e-02 1.043000000000000090e-03
2.800000000000000000e+01 4.400000000000000000e+01 7.300000000000000000e+01 0.000000000000000000e+00 1.600000000000000089e+00 -2.750000000000000166e-04 1.028000000000000051e-03 9.999989999999999712e-01 5.407300000000000301e-02 -9.985359999999999792e-01 1.041000000000000042e-03 9.985370000000000079e-01 5.407300000000000301e-02 2.190000000000000106e-04
