1.100000000000000000e+01 2.500000000000000000e+01 1.000000000000000000e+00 0.000000000000000000e+00 1.600000000000000089e+00 7.853000000000000605e-03 2.243900000000000061e-02 -9.997169999999999668e-01 -5.168340000000000156e-01 -8.557690000000000019e-01 -2.326800000000000049e-02 -8.560499999999999776e-01 5.168709999999999694e-01 4.877000000000000259e-03
2.400000000000000000e+01 2.500000000000000000e+01 1.000000000000000000e+00 0.000000000000000000e+00 1.600000000000000089e+00 -2.116999999999999958e-03 -7.694999999999999583e-03 -9.999679999999999680e-01 -5.211489999999999734e-01 -8.534310000000000507e-01 7.670999999999999867e-03 -8.534629999999999717e-01 5.211489999999999734e-01 -2.203000000000000097e-03
7.000000000000000000e+00 1.700000000000000000e+01 3.000000000000000000e+00 0.000000000000000000e+00 1.600000000000000089e+00 2.460000000000000034e-02 2.235799999999999940e-02 -9.994469999999999743e-01 -7.069699999999999873e-01 -7.064639999999999809e-01 -3.320499999999999841e-02 -7.068149999999999711e-01 7.073960000000000248e-01 -1.572000000000000047e-03
2.100000000000000000e+01 1.800000000000000000e+01 3.000000000000000000e+00 0.000000000000000000e+00 1.600000000000000089e+00 9.282999999999999585e-03 7.988000000000000309e-03 -9.999249999999999527e-01 -7.769580000000000375e-01 -6.294330000000000203e-01 -1.224199999999999941e-02 -6.294840000000000435e-01 7.770129999999999537e-01 3.629999999999999872e-04
5.000000000000000000e+00 4.200000000000000000e+01 3.000000000000000000e+00 0.000000000000000000e+00 1.600000000000000089e+00 -5.579910000000000148e-01 -5.938740000000000130e-01 5.796210000000000528e-01 -7.156540000000000123e-01 6.979640000000000288e-01 2.617999999999999841e-02 -4.201019999999999754e-01 -4.002000000000000002e-01 -8.144649999999999945e-01
2.500000000000000000e+01 2.100000000000000000e+01 4.000000000000000000e+00 0.000000000000000000e+00 1.600000000000000089e+00 -9.719999999999999907e-04 -1.569999999999999944e-04 -1.000000000000000000e+00 -6.564159999999999995e-01 -7.543990000000000418e-01 7.560000000000000530e-04 -7.543990000000000418e-01 6.564159999999999995e-01 6.300000000000000261e-04
2.800000000000000000e+01 2.100000000000000000e+01 4.000000000000000000e+00 0.000000000000000000e+00 1.600000000000000089e+00 -1.827999999999999981e-03 3.941000000000000059e-03 -9.999909999999999632e-01 -6.567990000000000217e-01 -7.540639999999999565e-01 -1.771000000000000005e-03 -7.540639999999999565e-01 6.567889999999999562e-01 3.967000000000000040e-03
2.400000000000000000e+01 1.010000000000000000e+02 7.000000000000000000e+00 0.000000000000000000e+00 1.600000000000000089e+00 6.448999999999999871e-03 2.912199999999999858e-02 9.995549999999999713e-01 8.853779999999999983e-01 4.644730000000000247e-01 -1.924500000000000169e-02 -4.648269999999999902e-01 8.851080000000000059e-01 -2.278799999999999923e-02
3.000000000000000000e+00 2.500000000000000000e+01 8.000000000000000000e+00 0.000000000000000000e+00 1.600000000000000089e+00 2.619999999999999933e-03 5.893999999999999934e-03 -9.999789999999999512e-01 4.387170000000000236e-01 8.986020000000000119e-01 6.446000000000000341e-03 8.986220000000000319e-01 -4.387240000000000029e-01 -2.310000000000000042e-04
9.000000000000000000e+00 2.500000000000000000e+01 8.000000000000000000e+00 0.000000000000000000e+00 1.600000000000000089e+00 -1.397000000000000021e-03 4.740000000000000289e-03 -9.999879999999999880e-01 4.381349999999999967e-01 8.989019999999999788e-01 3.648999999999999900e-03 8.989080000000000403e-01 -4.381240000000000134e-01 -3.331999999999999892e-03
1.300000000000000000e+01 2.500000000000000000e+01 8.000000000000000000e+00 0.000000000000000000e+00 1.600000000000000089e+00 -5.785000000000000211e-03 1.375099999999999933e-02 -9.998890000000000278e-01 4.390780000000000238e-01 8.983950000000000546e-01 9.815000000000000807e-03 8.984299999999999509e-01 -4.389719999999999733e-01 -1.123500000000000019e-02
1.800000000000000000e+01 2.500000000000000000e+01 8.000000000000000000e+00 0.000000000000000000e+00 1.600000000000000089e+00 3.916000000000000210e-03 -2.024099999999999858e-02 -9.997869999999999813e-01 4.417460000000000275e-01 8.969899999999999540e-01 -1.643000000000000016e-02 8.971320000000000405e-01 -4.415870000000000073e-01 1.245399999999999979e-02
2.200000000000000000e+01 2.500000000000000000e+01 8.000000000000000000e+00 0.000000000000000000e+00 1.600000000000000089e+00 1.610000000000000103e-03 -2.084799999999999848e-02 -9.997810000000000308e-01 4.407059999999999866e-01 8.974710000000000187e-01 -1.800500000000000017e-02 8.976499999999999480e-01 -4.405800000000000272e-01 1.063300000000000009e-02
4.000000000000000000e+00 2.400000000000000000e+01 9.000000000000000000e+00 0.000000000000000000e+00 1.600000000000000089e+00 2.259000000000000157e-03 7.365000000000000019e-03 -9.999700000000000255e-01 4.448790000000000244e-01 8.955579999999999652e-01 7.601000000000000117e-03 8.955880000000000507e-01 -4.448829999999999729e-01 -1.253999999999999906e-03
9.000000000000000000e+00 2.400000000000000000e+01 9.000000000000000000e+00 0.000000000000000000e+00 1.600000000000000089e+00 -7.219999999999999855e-04 3.794000000000000063e-03 -9.999930000000000208e-01 4.452610000000000179e-01 8.953959999999999697e-01 3.075000000000000042e-03 8.954010000000000025e-01 -4.452559999999999851e-01 -2.335999999999999969e-03
1.300000000000000000e+01 2.400000000000000000e+01 9.000000000000000000e+00 0.000000000000000000e+00 1.600000000000000089e+00 -3.338999999999999954e-03 3.595999999999999804e-03 -9.999879999999999880e-01 4.446160000000000112e-01 8.957199999999999607e-01 1.737000000000000046e-03 8.957150000000000389e-01 -4.446049999999999724e-01 -4.590000000000000330e-03
1.700000000000000000e+01 2.400000000000000000e+01 9.000000000000000000e+00 0.000000000000000000e+00 1.600000000000000089e+00 1.195000000000000099e-03 -4.859999999999999737e-03 -9.999869999999999592e-01 4.448799999999999977e-01 8.955819999999999892e-01 -3.821000000000000178e-03 8.955889999999999684e-01 -4.448699999999999877e-01 3.233000000000000197e-03
2.300000000000000000e+01 2.400000000000000000e+01 9.000000000000000000e+00 0.000000000000000000e+00 1.600000000000000089e+00 7.150000000000000322e-04 -1.374500000000000027e-02 -9.999050000000000438e-01 4.459429999999999783e-01 8.949810000000000265e-01 -1.198399999999999986e-02 8.950609999999999955e-01 -4.458929999999999838e-01 6.768999999999999843e-03
2.000000000000000000e+00 8.000000000000000000e+00 1.000000000000000000e+01 0.000000000000000000e+00 1.600000000000000089e+00 5.852899999999999769e-02 8.295999999999999555e-03 -9.982509999999999994e-01 -9.978559999999999652e-01 -2.884700000000000111e-02 -5.874599999999999961e-02 -2.928400000000000100e-02 9.995490000000000208e-01 6.590000000000000371e-03
8.000000000000000000e+00 4.900000000000000000e+01 1.000000000000000000e+01 0.000000000000000000e+00 1.600000000000000089e+00 8.165519999999999445e-01 -2.567809999999999815e-01 5.170160000000000311e-01 -4.229410000000000114e-01 -8.756730000000000347e-01 2.330629999999999924e-01 3.928909999999999902e-01 -4.089749999999999774e-01 -8.236360000000000348e-01
3.000000000000000000e+00 4.000000000000000000e+00 1.100000000000000000e+01 0.000000000000000000e+00 1.600000000000000089e+00 -2.088000000000000012e-03 5.531900000000000012e-02 9.984669999999999934e-01 1.721630000000000105e-01 -9.835399999999999698e-01 5.485199999999999798e-02 9.850659999999999972e-01 1.720129999999999992e-01 -7.470000000000000077e-03
7.000000000000000000e+00 4.000000000000000000e+00 1.100000000000000000e+01 0.000000000000000000e+00 1.600000000000000089e+00 -6.530000000000000431e-04 6.296000000000000207e-02 9.980160000000000142e-01 1.646839999999999971e-01 -9.843830000000000080e-01 6.220699999999999841e-02 9.863459999999999450e-01 1.643979999999999886e-01 -9.726000000000000270e-03
1.200000000000000000e+01 3.200000000000000000e+01 1.300000000000000000e+01 0.000000000000000000e+00 1.600000000000000089e+00 1.803700000000000095e-02 1.129359999999999947e-01 9.934380000000000432e-01 6.099999999999999737e-04 9.935990000000000100e-01 -1.129649999999999960e-01 -9.998369999999999758e-01 2.644000000000000083e-03 1.785300000000000081e-02
6.000000000000000000e+00 4.800000000000000000e+01 1.300000000000000000e+01 0.000000000000000000e+00 1.600000000000000089e+00 8.633119999999999683e-01 -1.228560000000000069e-01 4.894879999999999787e-01 -2.377239999999999909e-01 -9.545670000000000543e-01 1.796899999999999886e-01 4.451729999999999854e-01 -2.714920000000000111e-01 -8.532950000000000257e-01
2.000000000000000000e+00 3.200000000000000000e+01 1.400000000000000000e+01 0.000000000000000000e+00 1.600000000000000089e+00 -2.213999999999999822e-03 1.196200000000000041e-02 -9.999259999999999815e-01 1.137070000000000025e-01 9.934460000000000512e-01 1.163299999999999924e-02 9.935119999999999507e-01 -1.136719999999999953e-01 -3.559000000000000098e-03
5.000000000000000000e+00 4.800000000000000000e+01 1.500000000000000000e+01 0.000000000000000000e+00 1.600000000000000089e+00 8.514340000000000241e-01 -2.111099999999999921e-01 4.800960000000000227e-01 -3.141369999999999996e-01 -9.383139999999999814e-01 1.445120000000000016e-01 4.199729999999999852e-01 -2.738579999999999903e-01 -8.652309999999999723e-01
9.000000000000000000e+00 1.200000000000000000e+01 1.600000000000000000e+01 0.000000000000000000e+00 1.600000000000000089e+00 -1.022699999999999998e-02 7.122399999999999565e-02 9.974079999999999613e-01 2.356520000000000004e-01 -9.691940000000000000e-01 7.162599999999999523e-02 9.717839999999999812e-01 2.357740000000000113e-01 -6.871999999999999637e-03
1.500000000000000000e+01 1.300000000000000000e+01 1.600000000000000000e+01 0.000000000000000000e+00 1.600000000000000089e+00 -3.252999999999999815e-03 7.283199999999999397e-02 9.973389999999999755e-01 1.560529999999999973e-01 -9.850879999999999637e-01 7.244599999999999651e-02 9.877430000000000376e-01 1.558740000000000125e-01 -8.160999999999999852e-03
2.000000000000000000e+01 1.300000000000000000e+01 1.600000000000000000e+01 0.000000000000000000e+00 1.600000000000000089e+00 7.470000000000000511e-04 5.346599999999999964e-02 9.985690000000000399e-01 1.223329999999999973e-01 -9.910740000000000105e-01 5.297299999999999925e-02 9.924889999999999546e-01 1.221190000000000053e-01 -7.281000000000000145e-03
2.400000000000000000e+01 1.300000000000000000e+01 1.600000000000000000e+01 0.000000000000000000e+00 1.600000000000000089e+00 9.259999999999999568e-04 3.740399999999999975e-02 9.992999999999999661e-01 1.116010000000000058e-01 -9.930620000000000003e-01 3.706700000000000272e-02 9.937529999999999974e-01 1.114880000000000038e-01 -5.093000000000000305e-03
1.100000000000000000e+01 4.800000000000000000e+01 1.600000000000000000e+01 0.000000000000000000e+00 1.600000000000000089e+00 -4.244330000000000047e-01 -7.804809999999999803e-01 -4.590279999999999916e-01 9.054069999999999618e-01 -3.712909999999999822e-01 -2.058669999999999944e-01 -9.757999999999999313e-03 -5.029839999999999867e-01 8.642410000000000370e-01
5.000000000000000000e+00 1.160000000000000000e+02 1.600000000000000000e+01 0.000000000000000000e+00 1.600000000000000089e+00 -2.279000000000000210e-03 2.102000000000000136e-03 9.999949999999999672e-01 8.319800000000000528e-01 5.548049999999999926e-01 7.290000000000000473e-04 -5.548009999999999886e-01 8.319779999999999953e-01 -3.013000000000000053e-03
2.900000000000000000e+01 1.160000000000000000e+02 1.600000000000000000e+01 0.000000000000000000e+00 1.600000000000000089e+00 6.380000000000000037e-04 3.993000000000000022e-03 9.999919999999999920e-01 6.625490000000000546e-01 7.490099999999999536e-01 -3.412999999999999801e-03 -7.490179999999999616e-01 6.625459999999999683e-01 -2.167999999999999788e-03
5.000000000000000000e+00 3.500000000000000000e+01 1.700000000000000000e+01 0.000000000000000000e+00 1.600000000000000089e+00 -3.388669999999999738e-01 -1.901619999999999977e-01 -9.214160000000000128e-01 -8.601910000000000389e-01 -3.340890000000000248e-01 3.852999999999999758e-01 -3.811050000000000271e-01 9.231589999999999518e-01 -5.036399999999999905e-02
3.000000000000000000e+00 3.600000000000000000e+01 1.800000000000000000e+01 0.000000000000000000e+00 1.600000000000000089e+00 -4.597419999999999840e-01 -2.056300000000000142e-02 -8.878150000000000208e-01 -8.711999999999999744e-01 -1.833970000000000045e-01 4.553860000000000130e-01 -1.721860000000000057e-01 9.828240000000000309e-01 6.640100000000000169e-02
1.400000000000000000e+01 2.000000000000000000e+00 1.900000000000000000e+01 0.000000000000000000e+00 1.600000000000000089e+00 -9.438999999999999474e-03 3.899099999999999788e-02 -9.991950000000000554e-01 3.151590000000000225e-01 -9.481960000000000388e-01 -3.997799999999999965e-02 -9.489919999999999467e-01 -3.152829999999999799e-01 -3.338999999999999954e-03
2.600000000000000000e+01 2.000000000000000000e+00 1.900000000000000000e+01 0.000000000000000000e+00 1.600000000000000089e+00 -5.433000000000000329e-03 5.856000000000000094e-03 -9.999679999999999680e-01 2.833950000000000080e-01 -9.589760000000000506e-01 -7.156000000000000034e-03 -9.589879999999999516e-01 -2.834249999999999825e-01 3.550999999999999903e-03
3.000000000000000000e+00 3.000000000000000000e+00 1.900000000000000000e+01 0.000000000000000000e+00 1.600000000000000089e+00 -8.722000000000000586e-03 3.770300000000000040e-02 -9.992510000000000003e-01 3.352189999999999892e-01 -9.413559999999999706e-01 -3.844500000000000001e-02 -9.421000000000000485e-01 -3.353030000000000177e-01 -4.428999999999999777e-03
1.000000000000000000e+01 3.000000000000000000e+00 1.900000000000000000e+01 0.000000000000000000e+00 1.600000000000000089e+00 -1.195500000000000035e-02 4.592000000000000248e-02 -9.988740000000000396e-01 3.322330000000000005e-01 -9.420110000000000428e-01 -4.728199999999999764e-02 -9.431220000000000159e-01 -3.324239999999999973e-01 -3.994000000000000154e-03
1.300000000000000000e+01 3.000000000000000000e+00 1.900000000000000000e+01 0.000000000000000000e+00 1.600000000000000089e+00 -1.045699999999999928e-02 3.953500000000000070e-02 -9.991630000000000233e-01 3.281470000000000220e-01 -9.437459999999999738e-01 -4.077599999999999975e-02 -9.445689999999999920e-01 -3.282990000000000075e-01 -3.105000000000000121e-03
1.800000000000000000e+01 3.000000000000000000e+00 1.900000000000000000e+01 0.000000000000000000e+00 1.600000000000000089e+00 -7.512999999999999713e-03 2.442300000000000026e-02 -9.996730000000000338e-01 3.205359999999999876e-01 -9.468919999999999559e-01 -2.554299999999999973e-02 -9.472070000000000212e-01 -3.206229999999999913e-01 -7.150000000000000322e-04
2.100000000000000000e+01 3.000000000000000000e+00 1.900000000000000000e+01 0.000000000000000000e+00 1.600000000000000089e+00 -4.322999999999999586e-03 1.999899999999999942e-02 -9.997909999999999853e-01 3.133360000000000034e-01 -9.494240000000000457e-01 -2.034599999999999950e-02 -9.496329999999999494e-01 -3.133580000000000254e-01 -2.161999999999999859e-03
4.000000000000000000e+00 4.000000000000000000e+00 2.000000000000000000e+01 0.000000000000000000e+00 1.600000000000000089e+00 -6.111000000000000112e-03 3.543500000000000122e-02 -9.993530000000000468e-01 3.873650000000000149e-01 -9.212599999999999678e-01 -3.503400000000000264e-02 -9.219060000000000032e-01 -3.873289999999999789e-01 -8.096000000000000765e-03
7.000000000000000000e+00 4.000000000000000000e+00 2.000000000000000000e+01 0.000000000000000000e+00 1.600000000000000089e+00 -8.300999999999999351e-03 3.933199999999999891e-02 -9.991919999999999691e-01 3.981319999999999859e-01 -9.164820000000000189e-01 -3.938300000000000134e-02 -9.172900000000000498e-01 -3.981379999999999919e-01 -8.052000000000000129e-03
1.000000000000000000e+01 4.000000000000000000e+00 2.000000000000000000e+01 0.000000000000000000e+00 1.600000000000000089e+00 -9.088999999999999857e-03 4.287599999999999745e-02 -9.990390000000000104e-01 4.091549999999999909e-01 -9.114590000000000192e-01 -4.284000000000000308e-02 -9.124189999999999801e-01 -4.091520000000000157e-01 -9.258999999999999869e-03
1.900000000000000000e+01 4.000000000000000000e+00 2.000000000000000000e+01 0.000000000000000000e+00 1.600000000000000089e+00 -6.164000000000000208e-03 2.223199999999999829e-02 -9.997340000000000115e-01 4.255860000000000198e-01 -9.046319999999999917e-01 -2.274100000000000080e-02 -9.048969999999999514e-01 -4.256130000000000191e-01 -3.886000000000000131e-03
2.200000000000000000e+01 4.000000000000000000e+00 2.000000000000000000e+01 0.000000000000000000e+00 1.600000000000000089e+00 -4.534999999999999969e-03 1.821499999999999855e-02 -9.998240000000000460e-01 4.246070000000000122e-01 -9.051909999999999679e-01 -1.841699999999999934e-02 -9.053670000000000329e-01 -4.246150000000000202e-01 -3.628999999999999847e-03
1.000000000000000000e+00 1.300000000000000000e+01 2.000000000000000000e+01 0.000000000000000000e+00 1.600000000000000089e+00 1.734999999999999997e-03 -1.080000000000000014e-03 9.999980000000000535e-01 2.609029999999999960e-01 9.653650000000000286e-01 5.890000000000000053e-04 -9.653629999999999711e-01 2.609020000000000228e-01 1.956999999999999972e-03
7.000000000000000000e+00 1.300000000000000000e+01 2.000000000000000000e+01 0.000000000000000000e+00 1.600000000000000089e+00 1.420000000000000092e-04 -3.307000000000000044e-03 9.999949999999999672e-01 2.669480000000000186e-01 9.637059999999999516e-01 3.148999999999999889e-03 -9.637109999999999843e-01 2.669460000000000166e-01 1.020000000000000073e-03
1.300000000000000000e+01 1.300000000000000000e+01 2.000000000000000000e+01 0.000000000000000000e+00 1.600000000000000089e+00 -2.431000000000000001e-03 -3.860000000000000150e-03 9.999900000000000455e-01 2.827850000000000086e-01 9.591730000000000533e-01 4.389999999999999805e-03 -9.591800000000000326e-01 2.827930000000000166e-01 -1.240999999999999916e-03
1.700000000000000000e+01 1.300000000000000000e+01 2.000000000000000000e+01 0.000000000000000000e+00 1.600000000000000089e+00 -1.644999999999999978e-03 -4.289000000000000278e-03 9.999890000000000168e-01 2.953200000000000269e-01 9.553869999999999862e-01 4.584000000000000401e-03 -9.553970000000000518e-01 2.953250000000000042e-01 -3.049999999999999868e-04
2.100000000000000000e+01 1.300000000000000000e+01 2.000000000000000000e+01 0.000000000000000000e+00 1.600000000000000089e+00 -9.820000000000000170e-04 2.135000000000000179e-03 9.999970000000000248e-01 3.042610000000000037e-01 9.525869999999999616e-01 -1.734999999999999997e-03 -9.525879999999999903e-01 3.042579999999999729e-01 -1.585000000000000037e-03
2.500000000000000000e+01 1.400000000000000000e+01 2.000000000000000000e+01 0.000000000000000000e+00 1.600000000000000089e+00 2.169999999999999891e-04 2.079000000000000119e-03 9.999980000000000535e-01 2.671910000000000118e-01 9.636419999999999986e-01 -2.060999999999999898e-03 -9.636439999999999451e-01 2.671899999999999831e-01 -3.460000000000000076e-04
2.500000000000000000e+01 1.600000000000000000e+01 2.100000000000000000e+01 0.000000000000000000e+00 1.600000000000000089e+00 7.879999999999999635e-04 7.865000000000000463e-03 9.999689999999999968e-01 3.033020000000000160e-01 9.528630000000000155e-01 -7.733000000000000290e-03 -9.528940000000000188e-01 3.032989999999999853e-01 -1.634999999999999952e-03
4.000000000000000000e+00 3.900000000000000000e+01 2.300000000000000000e+01 0.000000000000000000e+00 1.600000000000000089e+00 -4.637939999999999841e-01 -7.928100000000000147e-01 3.954079999999999817e-01 -8.333479999999999777e-01 5.418889999999999540e-01 1.090330000000000049e-01 -3.007099999999999773e-01 -2.789429999999999965e-01 -9.120110000000000161e-01
1.500000000000000000e+01 4.200000000000000000e+01 2.300000000000000000e+01 0.000000000000000000e+00 1.600000000000000089e+00 -9.786989999999999856e-01 -1.833130000000000037e-01 9.243400000000000227e-02 -1.507149999999999879e-01 9.472620000000000484e-01 2.828049999999999731e-01 -1.394009999999999971e-01 2.628499999999999726e-01 -9.547130000000000338e-01
6.000000000000000000e+00 3.000000000000000000e+00 2.500000000000000000e+01 0.000000000000000000e+00 1.600000000000000089e+00 -1.165300000000000016e-02 3.348700000000000288e-02 9.993710000000000093e-01 3.255899999999999767e-02 -9.988960000000000061e-01 3.385099999999999915e-02 9.994020000000000126e-01 3.293299999999999700e-02 1.055000000000000035e-02
9.000000000000000000e+00 3.000000000000000000e+00 2.500000000000000000e+01 0.000000000000000000e+00 1.600000000000000089e+00 -8.959999999999999215e-03 3.975700000000000067e-02 9.991689999999999738e-01 2.266800000000000065e-02 -9.989440000000000541e-01 3.995100000000000040e-02 9.997030000000000083e-01 2.300699999999999967e-02 8.049999999999999864e-03
1.700000000000000000e+01 3.000000000000000000e+00 2.500000000000000000e+01 0.000000000000000000e+00 1.600000000000000089e+00 -6.190000000000000190e-03 2.615900000000000170e-02 9.996390000000000553e-01 -1.188400000000000047e-02 -9.995889999999999498e-01 2.608500000000000055e-02 9.999099999999999655e-01 -1.171900000000000025e-02 6.498000000000000304e-03
2.400000000000000000e+01 4.200000000000000000e+01 2.500000000000000000e+01 0.000000000000000000e+00 1.600000000000000089e+00 1.361200000000000083e-02 -6.694630000000000303e-01 7.427209999999999646e-01 -4.471339999999999759e-01 6.603099999999999525e-01 6.033749999999999947e-01 -8.943630000000000191e-01 -3.403089999999999726e-01 -2.903519999999999990e-01
3.000000000000000000e+00 3.800000000000000000e+01 2.900000000000000000e+01 0.000000000000000000e+00 1.600000000000000089e+00 3.517549999999999844e-01 -2.851899999999999991e-01 -8.915910000000000224e-01 8.746559999999999890e-01 4.394979999999999998e-01 2.044940000000000091e-01 3.335330000000000239e-01 -8.517679999999999696e-01 4.040389999999999815e-01
2.500000000000000000e+01 3.900000000000000000e+01 2.900000000000000000e+01 0.000000000000000000e+00 1.600000000000000089e+00 -1.633860000000000035e-01 -9.315400000000000347e-01 3.248670000000000169e-01 5.392869999999999608e-01 -3.600709999999999744e-01 -7.612609999999999655e-01 8.261199999999999655e-01 5.081700000000000106e-02 5.611979999999999746e-01
6.000000000000000000e+00 5.800000000000000000e+01 3.100000000000000000e+01 0.000000000000000000e+00 1.600000000000000089e+00 1.616000000000000032e-03 1.831999999999999948e-02 9.998310000000000253e-01 -7.906229999999999647e-01 -6.121760000000000534e-01 1.249499999999999916e-02 6.123009999999999842e-01 -7.905100000000000460e-01 1.349500000000000005e-02
1.900000000000000000e+01 5.800000000000000000e+01 3.100000000000000000e+01 0.000000000000000000e+00 1.600000000000000089e+00 7.190000000000000210e-03 8.887000000000000802e-03 9.999350000000000183e-01 -7.970709999999999740e-01 -6.037839999999999874e-01 1.109800000000000023e-02 6.038430000000000186e-01 -7.970979999999999732e-01 2.743000000000000212e-03
2.600000000000000000e+01 5.800000000000000000e+01 3.100000000000000000e+01 0.000000000000000000e+00 1.600000000000000089e+00 8.909999999999999734e-04 8.680000000000000215e-03 9.999620000000000175e-01 -8.003789999999999516e-01 -5.994650000000000256e-01 5.917000000000000384e-03 5.994930000000000536e-01 -8.003540000000000099e-01 6.413000000000000297e-03
2.900000000000000000e+01 5.800000000000000000e+01 3.100000000000000000e+01 0.000000000000000000e+00 1.600000000000000089e+00 1.149000000000000065e-03 1.820000000000000057e-04 9.999989999999999712e-01 -7.991279999999999495e-01 -6.011600000000000277e-01 1.026999999999999918e-03 6.011589999999999989e-01 -7.991289999999999782e-01 -5.450000000000000200e-04
2.000000000000000000e+00 5.500000000000000000e+01 3.300000000000000000e+01 0.000000000000000000e+00 1.600000000000000089e+00 1.599999999999999928e-05 -3.315099999999999991e-02 -9.994499999999999496e-01 4.121980000000000088e-01 -9.105929999999999858e-01 3.021099999999999827e-02 -9.110939999999999594e-01 -4.119720000000000049e-01 1.365000000000000067e-02
2.000000000000000000e+00 1.800000000000000000e+01 3.400000000000000000e+01 0.000000000000000000e+00 1.600000000000000089e+00 5.259999999999999919e-04 -1.373000000000000088e-03 -9.999989999999999712e-01 -3.107130000000000170e-01 -9.505029999999999868e-01 1.142000000000000003e-03 -9.505040000000000155e-01 3.107119999999999882e-01 -9.269999999999999811e-04
2.000000000000000000e+01 2.300000000000000000e+01 3.400000000000000000e+01 0.000000000000000000e+00 1.600000000000000089e+00 7.269999999999999987e-04 8.680000000000000215e-03 9.999620000000000175e-01 3.968670000000000253e-01 -9.178439999999999932e-01 7.677999999999999929e-03 9.178760000000000252e-01 3.968470000000000053e-01 -4.112000000000000204e-03
2.400000000000000000e+01 2.300000000000000000e+01 3.400000000000000000e+01 0.000000000000000000e+00 1.600000000000000089e+00 3.632999999999999945e-03 2.171000000000000187e-03 9.999909999999999632e-01 3.982080000000000064e-01 -9.172949999999999715e-01 5.450000000000000200e-04 9.172879999999999923e-01 3.982020000000000004e-01 -4.197000000000000210e-03
2.600000000000000000e+01 4.600000000000000000e+01 3.500000000000000000e+01 0.000000000000000000e+00 1.600000000000000089e+00 -6.845999999999999655e-03 -1.633030000000000037e-01 -9.865519999999999845e-01 3.828179999999999916e-01 -9.118460000000000454e-01 1.482809999999999961e-01 -9.237980000000000080e-01 -3.766550000000000176e-01 6.875799999999999967e-02
5.000000000000000000e+00 2.900000000000000000e+01 3.600000000000000000e+01 0.000000000000000000e+00 1.600000000000000089e+00 5.261740000000000306e-01 5.235649999999999471e-01 -6.700899999999999634e-01 7.845020000000000326e-01 5.236000000000000203e-03 6.201050000000000173e-01 3.281729999999999925e-01 -8.519700000000000051e-01 -4.079820000000000113e-01
1.200000000000000000e+01 5.000000000000000000e+01 3.600000000000000000e+01 0.000000000000000000e+00 1.600000000000000089e+00 -9.993999999999999412e-03 -1.760539999999999883e-01 -9.843300000000000383e-01 1.764459999999999917e-01 -9.692429999999999657e-01 1.715639999999999943e-01 -9.842600000000000238e-01 -1.719670000000000087e-01 4.075100000000000250e-02
2.000000000000000000e+01 9.500000000000000000e+01 3.600000000000000000e+01 0.000000000000000000e+00 1.600000000000000089e+00 -2.286999999999999970e-03 -4.595599999999999685e-02 9.989409999999999679e-01 9.984380000000000477e-01 5.565599999999999714e-02 4.845999999999999613e-03 -5.581900000000000056e-02 9.973919999999999453e-01 4.575699999999999906e-02
1.500000000000000000e+01 3.100000000000000000e+01 3.700000000000000000e+01 0.000000000000000000e+00 1.600000000000000089e+00 1.764259999999999995e-01 -9.746540000000000203e-01 -1.375599999999999878e-01 6.615560000000000329e-01 2.208930000000000060e-01 -7.166240000000000387e-01 7.288459999999999939e-01 3.542800000000000116e-02 6.837600000000000344e-01
2.100000000000000000e+01 9.500000000000000000e+01 3.700000000000000000e+01 0.000000000000000000e+00 1.600000000000000089e+00 9.759999999999999796e-04 -2.521199999999999830e-02 9.996819999999999595e-01 9.972670000000000146e-01 7.387100000000000610e-02 8.899999999999999491e-04 -7.387000000000000510e-02 9.969489999999999741e-01 2.521500000000000130e-02
9.000000000000000000e+00 5.000000000000000000e+01 3.800000000000000000e+01 0.000000000000000000e+00 1.600000000000000089e+00 -1.905600000000000002e-02 -3.334509999999999974e-01 9.425750000000000517e-01 -3.292450000000000099e-01 -8.880700000000000260e-01 -3.208250000000000268e-01 9.440520000000000023e-01 -3.164520000000000111e-01 -9.286400000000000210e-02
5.000000000000000000e+00 2.000000000000000000e+01 3.900000000000000000e+01 0.000000000000000000e+00 1.600000000000000089e+00 9.237000000000000419e-03 -1.539699999999999923e-02 9.998390000000000333e-01 -4.790940000000000198e-01 8.775800000000000267e-01 1.794000000000000108e-02 -8.777150000000000230e-01 -4.791819999999999968e-01 7.299999999999999632e-04
1.400000000000000000e+01 2.800000000000000000e+01 4.000000000000000000e+01 0.000000000000000000e+00 1.600000000000000089e+00 -4.974800000000000055e-02 -8.643279999999999852e-01 -5.004619999999999624e-01 7.548270000000000257e-01 2.955940000000000234e-01 -5.855430000000000357e-01 6.540350000000000330e-01 -4.068919999999999759e-01 6.377119999999999456e-01
1.200000000000000000e+01 2.400000000000000000e+01 4.100000000000000000e+01 0.000000000000000000e+00 1.600000000000000089e+00 -2.597000000000000003e-02 -5.360970000000000457e-01 8.437569999999999792e-01 -6.972599999999999909e-01 6.145450000000000079e-01 3.690019999999999967e-01 -7.163469999999999560e-01 -5.787349999999999994e-01 -3.897590000000000221e-01
1.400000000000000000e+01 2.700000000000000000e+01 4.100000000000000000e+01 0.000000000000000000e+00 1.600000000000000089e+00 -4.505800000000000083e-02 -6.286260000000000181e-01 -7.764010000000000078e-01 7.892940000000000511e-01 4.540020000000000167e-01 -4.133970000000000145e-01 6.123600000000000154e-01 -6.314359999999999973e-01 4.757149999999999990e-01
9.000000000000000000e+00 4.700000000000000000e+01 4.100000000000000000e+01 0.000000000000000000e+00 1.600000000000000089e+00 -1.392909999999999981e-01 6.513449999999999518e-01 -7.458869999999999667e-01 -5.861549999999999816e-01 5.528659999999999686e-01 5.922509999999999719e-01 7.981350000000000389e-01 5.197009999999999685e-01 3.047799999999999954e-01
1.300000000000000000e+01 2.600000000000000000e+01 4.200000000000000000e+01 0.000000000000000000e+00 1.600000000000000089e+00 -6.747300000000000519e-02 -4.118640000000000079e-01 -9.087439999999999962e-01 8.455209999999999670e-01 4.599239999999999995e-01 -2.712269999999999959e-01 5.296610000000000484e-01 -7.866630000000000011e-01 3.172070000000000167e-01
2.000000000000000000e+01 5.000000000000000000e+01 4.200000000000000000e+01 0.000000000000000000e+00 1.600000000000000089e+00 -3.983979999999999744e-01 8.527799999999999825e-01 -3.377069999999999794e-01 -5.363580000000000014e-01 8.206900000000000306e-02 8.399910000000000432e-01 7.440419999999999812e-01 5.157829999999999915e-01 4.246989999999999932e-01
3.000000000000000000e+00 2.500000000000000000e+01 4.300000000000000000e+01 0.000000000000000000e+00 1.600000000000000089e+00 1.381080000000000085e-01 2.951159999999999894e-01 -9.454270000000000174e-01 8.134919999999999929e-01 5.106929999999999525e-01 2.782490000000000241e-01 5.649389999999999690e-01 -8.075259999999999661e-01 -1.695440000000000003e-01
1.200000000000000000e+01 2.500000000000000000e+01 4.300000000000000000e+01 0.000000000000000000e+00 1.600000000000000089e+00 -8.930899999999999950e-02 -2.938370000000000148e-01 -9.516740000000000199e-01 8.844750000000000112e-01 4.159349999999999992e-01 -2.114260000000000028e-01 4.579599999999999782e-01 -8.606150000000000189e-01 2.227449999999999986e-01
2.000000000000000000e+00 5.100000000000000000e+01 4.300000000000000000e+01 0.000000000000000000e+00 1.600000000000000089e+00 -7.413999999999999757e-02 3.902220000000000133e-01 -9.177309999999999635e-01 -5.776310000000000056e-01 7.333650000000000446e-01 3.584939999999999793e-01 8.129239999999999799e-01 5.566889999999999894e-01 1.710329999999999906e-01
2.000000000000000000e+01 5.100000000000000000e+01 4.300000000000000000e+01 0.000000000000000000e+00 1.600000000000000089e+00 -2.997949999999999782e-01 8.436000000000000165e-01 -4.454899999999999971e-01 -5.033670000000000089e-01 2.567999999999999727e-01 8.250309999999999588e-01 8.103979999999999517e-01 4.715849999999999764e-01 3.476529999999999898e-01
1.500000000000000000e+01 2.900000000000000000e+01 4.400000000000000000e+01 0.000000000000000000e+00 1.600000000000000089e+00 -4.750900000000000262e-02 -1.842000000000000104e-03 -9.988690000000000069e-01 7.656519999999999992e-01 6.421559999999999491e-01 -3.760000000000000148e-02 6.414990000000000414e-01 -7.665720000000000312e-01 -2.909799999999999887e-02
2.800000000000000000e+01 2.900000000000000000e+01 4.400000000000000000e+01 0.000000000000000000e+00 1.600000000000000089e+00 5.904000000000000394e-03 1.076900000000000079e-02 -9.999249999999999527e-01 7.015080000000000204e-01 7.125629999999999464e-01 1.181600000000000011e-02 7.126369999999999649e-01 -7.015249999999999542e-01 -3.347999999999999848e-03
1.500000000000000000e+01 6.500000000000000000e+01 4.600000000000000000e+01 0.000000000000000000e+00 1.600000000000000089e+00 6.960000000000000041e-04 3.116999999999999979e-03 9.999949999999999672e-01 6.789129999999999887e-01 -7.342170000000000085e-01 1.815999999999999906e-03 7.342189999999999550e-01 6.789079999999999560e-01 -2.626999999999999995e-03
1.800000000000000000e+01 2.900000000000000000e+01 4.800000000000000000e+01 0.000000000000000000e+00 1.600000000000000089e+00 1.222700000000000002e-02 5.530600000000000099e-02 9.983950000000000324e-01 3.553560000000000052e-01 9.330500000000000460e-01 -5.603799999999999754e-02 -9.346510000000000096e-01 3.554709999999999814e-01 -8.245000000000000592e-03
2.300000000000000000e+01 2.900000000000000000e+01 4.800000000000000000e+01 0.000000000000000000e+00 1.600000000000000089e+00 3.291000000000000088e-03 -5.739000000000000178e-03 9.999780000000000335e-01 3.748859999999999970e-01 9.270620000000000527e-01 4.086000000000000222e-03 -9.270650000000000279e-01 3.748639999999999750e-01 5.202000000000000027e-03
2.800000000000000000e+01 2.900000000000000000e+01 4.800000000000000000e+01 0.000000000000000000e+00 1.600000000000000089e+00 -3.046999999999999795e-03 6.275000000000000196e-03 9.999759999999999760e-01 3.627710000000000101e-01 9.318659999999999721e-01 -4.741999999999999688e-03 -9.318729999999999514e-01 3.627480000000000149e-01 -5.114999999999999755e-03
1.500000000000000000e+01 4.800000000000000000e+01 4.900000000000000000e+01 0.000000000000000000e+00 1.600000000000000089e+00 6.906189999999999829e-01 -4.656040000000000179e-01 5.534059999999999535e-01 2.069269999999999998e-01 8.604220000000000201e-01 4.656770000000000076e-01 -6.929840000000000444e-01 -2.070909999999999973e-01 6.905689999999999884e-01
4.000000000000000000e+00 6.000000000000000000e+00 5.100000000000000000e+01 0.000000000000000000e+00 1.600000000000000089e+00 4.000000000000000327e-05 -3.860000000000000150e-03 -9.999930000000000208e-01 2.963399999999999923e-01 -9.550750000000000073e-01 3.697999999999999898e-03 -9.550819999999999865e-01 -2.963379999999999903e-01 1.105000000000000079e-03
2.000000000000000000e+00 1.150000000000000000e+02 5.100000000000000000e+01 0.000000000000000000e+00 1.600000000000000089e+00 -6.048000000000000424e-03 -4.486999999999999669e-03 9.999719999999999720e-01 8.461600000000000232e-01 -5.329220000000000068e-01 2.726999999999999823e-03 5.328950000000000076e-01 8.461520000000000152e-01 7.020000000000000198e-03
8.000000000000000000e+00 1.150000000000000000e+02 5.100000000000000000e+01 0.000000000000000000e+00 1.600000000000000089e+00 -6.257000000000000409e-03 1.123200000000000066e-02 9.999169999999999447e-01 8.537679999999999714e-01 -5.205330000000000235e-01 1.119000000000000029e-02 5.206159999999999677e-01 8.537679999999999714e-01 -6.333000000000000088e-03
1.400000000000000000e+01 1.150000000000000000e+02 5.100000000000000000e+01 0.000000000000000000e+00 1.600000000000000089e+00 -2.750999999999999973e-03 1.765900000000000108e-02 9.998399999999999510e-01 8.579090000000000327e-01 -5.136749999999999927e-01 1.143300000000000045e-02 5.137950000000000017e-01 8.578029999999999822e-01 -1.373699999999999921e-02
1.200000000000000000e+01 7.000000000000000000e+00 5.200000000000000000e+01 0.000000000000000000e+00 1.600000000000000089e+00 7.494999999999999926e-03 4.832000000000000357e-03 -9.999599999999999600e-01 6.671699999999999853e-02 -9.977629999999999555e-01 -4.321000000000000188e-03 -9.977439999999999642e-01 -6.668200000000000516e-02 -7.800999999999999775e-03
2.000000000000000000e+01 7.000000000000000000e+00 5.200000000000000000e+01 0.000000000000000000e+00 1.600000000000000089e+00 6.509999999999999945e-04 -3.942000000000000191e-03 -9.999919999999999920e-01 7.401199999999999446e-02 -9.972490000000000521e-01 3.978999999999999898e-03 -9.972569999999999490e-01 -7.401399999999999646e-02 -3.570000000000000040e-04
9.000000000000000000e+00 4.400000000000000000e+01 5.300000000000000000e+01 0.000000000000000000e+00 1.600000000000000089e+00 -2.780020000000000269e-01 -9.091369999999999729e-01 3.101369999999999960e-01 -8.571910000000000363e-01 3.805060000000000109e-01 3.470440000000000191e-01 -4.335189999999999877e-01 -1.693679999999999908e-01 -8.850850000000000106e-01
2.800000000000000000e+01 4.400000000000000000e+01 5.300000000000000000e+01 0.000000000000000000e+00 1.600000000000000089e+00 -1.149850000000000039e-01 -8.555139999999999967e-01 5.048500000000000210e-01 1.634180000000000077e-01 4.850059999999999927e-01 8.591069999999999540e-01 -9.798329999999999540e-01 1.812850000000000017e-01 8.403800000000000159e-02
3.000000000000000000e+00 6.300000000000000000e+01 5.400000000000000000e+01 0.000000000000000000e+00 1.600000000000000089e+00 1.879999999999999890e-04 4.688999999999999592e-03 9.999890000000000168e-01 -3.646139999999999937e-01 9.311490000000000045e-01 -4.297999999999999737e-03 -9.311589999999999590e-01 -3.646090000000000164e-01 1.884999999999999957e-03
7.000000000000000000e+00 6.300000000000000000e+01 5.400000000000000000e+01 0.000000000000000000e+00 1.600000000000000089e+00 8.350000000000000217e-04 3.494999999999999843e-03 9.999940000000000495e-01 -3.588199999999999723e-01 9.334019999999999539e-01 -2.962999999999999922e-03 -9.334059999999999580e-01 -3.588149999999999951e-01 2.033000000000000085e-03
1.300000000000000000e+01 6.300000000000000000e+01 5.400000000000000000e+01 0.000000000000000000e+00 1.600000000000000089e+00 1.319000000000000077e-03 2.955999999999999860e-03 9.999949999999999672e-01 -3.655660000000000021e-01 9.307830000000000270e-01 -2.269000000000000183e-03 -9.307839999999999447e-01 -3.655610000000000248e-01 2.308000000000000156e-03
1.800000000000000000e+01 6.300000000000000000e+01 5.400000000000000000e+01 0.000000000000000000e+00 1.600000000000000089e+00 -1.394999999999999973e-03 -1.886000000000000090e-03 9.999970000000000248e-01 -3.651039999999999841e-01 9.309659999999999602e-01 1.247000000000000062e-03 -9.309659999999999602e-01 -3.651010000000000089e-01 -1.987000000000000051e-03
2.200000000000000000e+01 6.300000000000000000e+01 5.400000000000000000e+01 0.000000000000000000e+00 1.600000000000000089e+00 -1.052999999999999900e-03 2.530000000000000131e-03 9.999959999999999960e-01 -3.570019999999999860e-01 9.341000000000000414e-01 -2.739000000000000115e-03 -9.341030000000000166e-01 -3.570030000000000148e-01 -8.000000000000000654e-05
4.000000000000000000e+00 2.500000000000000000e+01 5.500000000000000000e+01 0.000000000000000000e+00 1.600000000000000089e+00 -4.092000000000000151e-03 -1.066899999999999932e-01 9.942839999999999456e-01 9.586000000000000770e-03 9.942419999999999591e-01 1.067250000000000004e-01 -9.999460000000000015e-01 9.967999999999999430e-03 -3.044999999999999964e-03
1.000000000000000000e+01 2.500000000000000000e+01 5.500000000000000000e+01 0.000000000000000000e+00 1.600000000000000089e+00 1.655200000000000074e-02 5.886820000000000386e-01 8.081949999999999967e-01 2.632200000000000165e-02 8.077689999999999593e-01 -5.889109999999999623e-01 -9.995159999999999600e-01 3.102099999999999996e-02 -2.125000000000000153e-03
9.000000000000000000e+00 2.600000000000000000e+01 5.500000000000000000e+01 0.000000000000000000e+00 1.600000000000000089e+00 1.494000000000000015e-02 5.919290000000000385e-01 8.058509999999999840e-01 -3.749000000000000162e-03 8.059690000000000465e-01 -5.919459999999999722e-01 -9.998810000000000198e-01 5.821999999999999918e-03 1.426000000000000011e-02
9.000000000000000000e+00 4.300000000000000000e+01 5.500000000000000000e+01 0.000000000000000000e+00 1.600000000000000089e+00 -9.638199999999999545e-02 -8.772480000000000278e-01 4.702620000000000133e-01 -9.636989999999999723e-01 2.004319999999999991e-01 1.763810000000000100e-01 -2.489860000000000129e-01 -4.361909999999999954e-01 -8.647219999999999906e-01
