2.700000000000000000e+01 3.000000000000000000e+00 4.000000000000000000e+00 0.000000000000000000e+00 1.600000000000000089e+00 -1.954629999999999979e-01 -9.456100000000000616e-02 -9.761419999999999542e-01 -8.861630000000000340e-01 -4.093669999999999809e-01 2.171019999999999894e-01 -4.201289999999999747e-01 9.074560000000000404e-01 -3.779999999999999940e-03
1.400000000000000000e+01 6.000000000000000000e+00 4.000000000000000000e+00 0.000000000000000000e+00 1.600000000000000089e+00 -1.227570000000000050e-01 -9.941500000000000337e-02 -9.874450000000000172e-01 -8.549949999999999495e-01 -4.945910000000000029e-01 1.560860000000000025e-01 -5.038989999999999858e-01 8.634209999999999940e-01 -2.428500000000000103e-02
2.100000000000000000e+01 1.500000000000000000e+01 4.000000000000000000e+00 0.000000000000000000e+00 1.600000000000000089e+00 -4.200000000000000174e-04 -2.429200000000000109e-02 9.997049999999999548e-01 3.162869999999999848e-01 -9.483869999999999800e-01 -2.291199999999999834e-02 9.486639999999999517e-01 3.161840000000000206e-01 8.082000000000000642e-03
2.900000000000000000e+01 1.500000000000000000e+01 4.000000000000000000e+00 0.000000000000000000e+00 1.600000000000000089e+00 -2.709999999999999735e-04 -6.878999999999999698e-03 9.999759999999999760e-01 3.111410000000000009e-01 -9.503420000000000201e-01 -6.453000000000000402e-03 9.503639999999999866e-01 3.111320000000000197e-01 2.397999999999999958e-03
2.400000000000000000e+01 1.600000000000000000e+01 4.000000000000000000e+00 0.000000000000000000e+00 1.600000000000000089e+00 -6.719999999999999628e-04 -4.596000000000000259e-03 9.999890000000000168e-01 3.817320000000000157e-01 -9.242639999999999745e-01 -3.990999999999999756e-03 9.242730000000000112e-01 3.817260000000000097e-01 2.376000000000000074e-03
7.000000000000000000e+00 1.300000000000000000e+01 5.000000000000000000e+00 0.000000000000000000e+00 1.600000000000000089e+00 1.930600000000000024e-02 -1.086130000000000012e-01 9.938970000000000304e-01 3.675579999999999958e-01 -9.236990000000000478e-01 -1.080809999999999965e-01 9.297999999999999599e-01 3.674020000000000064e-01 2.208900000000000099e-02
6.000000000000000000e+00 1.000000000000000000e+00 6.000000000000000000e+00 0.000000000000000000e+00 1.600000000000000089e+00 2.033000000000000085e-02 -1.244819999999999954e-01 -9.920139999999999514e-01 -1.755240000000000133e-01 -9.772520000000000095e-01 1.190319999999999989e-01 -9.842649999999999455e-01 1.717029999999999945e-01 -4.171699999999999714e-02
6.000000000000000000e+00 1.010000000000000000e+02 7.000000000000000000e+00 0.000000000000000000e+00 1.600000000000000089e+00 1.639000000000000049e-03 -1.882599999999999899e-02 9.998209999999999598e-01 8.859719999999999818e-01 4.636819999999999831e-01 7.278999999999999880e-03 -4.637359999999999816e-01 8.858019999999999783e-01 1.743899999999999964e-02
2.000000000000000000e+01 1.010000000000000000e+02 7.000000000000000000e+00 0.000000000000000000e+00 1.600000000000000089e+00 -2.631000000000000092e-03 -7.931999999999999815e-03 9.999649999999999928e-01 8.862349999999999950e-01 4.631970000000000254e-01 6.006000000000000054e-03 -4.632290000000000019e-01 8.862200000000000077e-01 5.811000000000000193e-03
2.800000000000000000e+01 1.010000000000000000e+02 7.000000000000000000e+00 0.000000000000000000e+00 1.600000000000000089e+00 2.092999999999999809e-03 -5.360000000000000181e-04 9.999980000000000535e-01 8.839110000000000023e-01 4.676529999999999854e-01 -1.600000000000000077e-03 -4.676509999999999834e-01 8.839120000000000310e-01 1.453000000000000081e-03
4.000000000000000000e+00 2.500000000000000000e+01 8.000000000000000000e+00 0.000000000000000000e+00 1.600000000000000089e+00 1.265000000000000065e-03 3.546000000000000107e-03 -9.999930000000000208e-01 4.395899999999999808e-01 8.981909999999999616e-01 3.740999999999999968e-03 8.981980000000000519e-01 -4.395919999999999828e-01 -4.220000000000000118e-04
1.000000000000000000e+01 2.500000000000000000e+01 8.000000000000000000e+00 0.000000000000000000e+00 1.600000000000000089e+00 1.222999999999999912e-03 4.605999999999999851e-03 -9.999890000000000168e-01 4.393699999999999828e-01 8.982940000000000369e-01 4.674000000000000203e-03 8.983050000000000201e-01 -4.393710000000000115e-01 -9.250000000000000409e-04
1.500000000000000000e+01 2.500000000000000000e+01 8.000000000000000000e+00 0.000000000000000000e+00 1.600000000000000089e+00 6.740000000000000114e-04 -4.422999999999999848e-03 -9.999900000000000455e-01 4.407969999999999944e-01 8.975990000000000357e-01 -3.673000000000000050e-03 8.976060000000000150e-01 -4.407900000000000151e-01 2.553999999999999847e-03
2.100000000000000000e+01 2.500000000000000000e+01 8.000000000000000000e+00 0.000000000000000000e+00 1.600000000000000089e+00 -2.125000000000000153e-03 -1.474999999999999966e-03 -9.999970000000000248e-01 4.406479999999999841e-01 8.976769999999999472e-01 -2.259999999999999856e-03 8.976779999999999760e-01 -4.406510000000000149e-01 -1.258000000000000004e-03
2.800000000000000000e+01 2.500000000000000000e+01 8.000000000000000000e+00 0.000000000000000000e+00 1.600000000000000089e+00 -1.136000000000000074e-03 -3.132999999999999934e-03 -9.999940000000000495e-01 4.433480000000000198e-01 8.963440000000000296e-01 -3.311999999999999840e-03 8.963489999999999513e-01 -4.433489999999999931e-01 3.710000000000000190e-04
5.000000000000000000e+00 2.400000000000000000e+01 9.000000000000000000e+00 0.000000000000000000e+00 1.600000000000000089e+00 9.049999999999999885e-04 5.035999999999999678e-03 -9.999869999999999592e-01 4.461919999999999775e-01 8.949240000000000528e-01 4.910999999999999567e-03 8.949369999999999825e-01 -4.461910000000000043e-01 -1.436999999999999909e-03
1.100000000000000000e+01 2.400000000000000000e+01 9.000000000000000000e+00 0.000000000000000000e+00 1.600000000000000089e+00 9.229999999999999923e-04 3.418000000000000031e-03 -9.999940000000000495e-01 4.460950000000000193e-01 8.949789999999999690e-01 3.469999999999999994e-03 8.949850000000000305e-01 -4.460950000000000193e-01 -6.989999999999999686e-04
2.100000000000000000e+01 2.400000000000000000e+01 9.000000000000000000e+00 0.000000000000000000e+00 1.600000000000000089e+00 -1.497000000000000067e-03 -2.710000000000000169e-03 -9.999949999999999672e-01 4.458969999999999878e-01 8.950789999999999580e-01 -3.092999999999999829e-03 8.950829999999999620e-01 -4.458989999999999898e-01 -1.310000000000000129e-04
2.900000000000000000e+01 2.400000000000000000e+01 9.000000000000000000e+00 0.000000000000000000e+00 1.600000000000000089e+00 -1.188000000000000037e-03 -3.212000000000000011e-03 -9.999940000000000495e-01 4.493610000000000104e-01 8.933440000000000270e-01 -3.403000000000000209e-03 8.933489999999999487e-01 -4.493619999999999837e-01 3.820000000000000153e-04
7.000000000000000000e+00 3.200000000000000000e+01 1.400000000000000000e+01 0.000000000000000000e+00 1.600000000000000089e+00 -1.280000000000000105e-03 -4.081000000000000426e-03 -9.999909999999999632e-01 1.261609999999999954e-01 9.920010000000000217e-01 -4.210000000000000200e-03 9.920090000000000297e-01 -1.261649999999999994e-01 -7.550000000000000287e-04
1.800000000000000000e+01 3.200000000000000000e+01 1.400000000000000000e+01 0.000000000000000000e+00 1.600000000000000089e+00 -1.090000000000000067e-04 1.889999999999999970e-03 -9.999980000000000535e-01 1.160719999999999946e-01 9.932389999999999830e-01 1.864999999999999904e-03 9.932410000000000405e-01 -1.160709999999999936e-01 -3.280000000000000038e-04
2.200000000000000000e+01 3.200000000000000000e+01 1.400000000000000000e+01 0.000000000000000000e+00 1.600000000000000089e+00 -2.950000000000000148e-04 1.397999999999999937e-03 -9.999989999999999712e-01 1.171709999999999974e-01 9.931109999999999660e-01 1.353999999999999952e-03 9.931119999999999948e-01 -1.171699999999999964e-01 -4.569999999999999952e-04
2.800000000000000000e+01 3.200000000000000000e+01 1.400000000000000000e+01 0.000000000000000000e+00 1.600000000000000089e+00 1.165999999999999936e-03 3.265000000000000107e-03 -9.999940000000000495e-01 1.131220000000000003e-01 9.935749999999999860e-01 3.376000000000000095e-03 9.935800000000000187e-01 -1.131250000000000033e-01 7.900000000000000121e-04
4.000000000000000000e+00 1.200000000000000000e+01 1.500000000000000000e+01 0.000000000000000000e+00 1.600000000000000089e+00 1.036699999999999948e-02 1.391099999999999975e-02 -9.998489999999999878e-01 -4.041839999999999877e-01 -9.145210000000000283e-01 -1.691399999999999848e-02 -9.146189999999999598e-01 4.042979999999999907e-01 -3.859000000000000017e-03
1.100000000000000000e+01 1.200000000000000000e+01 1.500000000000000000e+01 0.000000000000000000e+00 1.600000000000000089e+00 1.866999999999999953e-03 -4.279999999999999950e-03 -9.999890000000000168e-01 -4.336849999999999872e-01 -9.010590000000000543e-01 3.046000000000000096e-03 -9.010629999999999473e-01 4.336749999999999772e-01 -3.539000000000000045e-03
1.500000000000000000e+01 1.200000000000000000e+01 1.500000000000000000e+01 0.000000000000000000e+00 1.600000000000000089e+00 3.665999999999999988e-03 -3.235000000000000028e-03 -9.999879999999999880e-01 -4.461370000000000058e-01 -8.949639999999999818e-01 1.260000000000000052e-03 -8.949570000000000025e-01 4.461269999999999958e-01 -4.725000000000000033e-03
2.500000000000000000e+01 1.200000000000000000e+01 1.500000000000000000e+01 0.000000000000000000e+00 1.600000000000000089e+00 -3.800000000000000209e-05 -2.726999999999999823e-03 -9.999959999999999960e-01 -4.609400000000000164e-01 -8.874279999999999946e-01 2.436999999999999930e-03 -8.874309999999999699e-01 4.609380000000000144e-01 -1.222999999999999912e-03
2.000000000000000000e+00 1.160000000000000000e+02 1.600000000000000000e+01 0.000000000000000000e+00 1.600000000000000089e+00 1.248999999999999893e-03 2.204999999999999929e-03 9.999970000000000248e-01 7.035609999999999919e-01 7.106310000000000127e-01 -2.445999999999999824e-03 -7.106339999999999879e-01 7.035620000000000207e-01 -6.639999999999999852e-04
2.400000000000000000e+01 1.160000000000000000e+02 1.600000000000000000e+01 0.000000000000000000e+00 1.600000000000000089e+00 4.820000000000000066e-04 3.759999999999999779e-04 1.000000000000000000e+00 7.097729999999999873e-01 7.044300000000000006e-01 -6.070000000000000092e-04 -7.044300000000000006e-01 7.097729999999999873e-01 7.299999999999999903e-05
2.800000000000000000e+01 1.160000000000000000e+02 1.600000000000000000e+01 0.000000000000000000e+00 1.600000000000000089e+00 1.600999999999999993e-03 -2.851999999999999934e-03 9.999949999999999672e-01 7.135869999999999713e-01 7.005670000000000508e-01 8.549999999999999658e-04 -7.005649999999999933e-01 7.135810000000000208e-01 3.155999999999999951e-03
3.000000000000000000e+00 2.000000000000000000e+00 1.900000000000000000e+01 0.000000000000000000e+00 1.600000000000000089e+00 -1.910000000000000022e-03 -7.077799999999999370e-02 -9.974899999999999878e-01 3.363550000000000151e-01 -9.394190000000000040e-01 6.601300000000000223e-02 -9.417330000000000423e-01 -3.353840000000000154e-01 2.560099999999999876e-02
8.000000000000000000e+00 2.000000000000000000e+00 1.900000000000000000e+01 0.000000000000000000e+00 1.600000000000000089e+00 -2.805900000000000061e-02 -6.822400000000000686e-02 -9.972750000000000226e-01 3.122269999999999768e-01 -9.483500000000000263e-01 5.609200000000000297e-02 -9.495930000000000204e-01 -3.098029999999999951e-01 4.791100000000000220e-02
1.100000000000000000e+01 2.000000000000000000e+00 1.900000000000000000e+01 0.000000000000000000e+00 1.600000000000000089e+00 -3.800300000000000206e-02 -6.872999999999999943e-02 -9.969109999999999916e-01 2.884869999999999934e-01 -9.559079999999999799e-01 5.490500000000000241e-02 -9.567290000000000516e-01 -2.855090000000000128e-01 5.615499999999999658e-02
1.600000000000000000e+01 2.000000000000000000e+00 1.900000000000000000e+01 0.000000000000000000e+00 1.600000000000000089e+00 -3.869600000000000123e-02 -6.787100000000000077e-02 -9.969430000000000236e-01 2.351850000000000052e-01 -9.702819999999999778e-01 5.692799999999999944e-02 -9.711800000000000432e-01 -2.322629999999999972e-01 5.350800000000000001e-02
2.000000000000000000e+01 2.000000000000000000e+00 1.900000000000000000e+01 0.000000000000000000e+00 1.600000000000000089e+00 -2.624100000000000044e-02 -6.006199999999999734e-02 -9.978500000000000147e-01 2.064090000000000091e-01 -9.770090000000000163e-01 5.337999999999999690e-02 -9.781140000000000390e-01 -2.045649999999999968e-01 3.803499999999999936e-02
3.000000000000000000e+01 2.000000000000000000e+00 1.900000000000000000e+01 0.000000000000000000e+00 1.600000000000000089e+00 1.299499999999999961e-02 -2.180999999999999953e-02 -9.996779999999999555e-01 2.324910000000000032e-01 -9.722969999999999668e-01 2.423499999999999960e-02 -9.725120000000000431e-01 -2.327309999999999934e-01 -7.564999999999999676e-03
7.000000000000000000e+00 3.000000000000000000e+00 1.900000000000000000e+01 0.000000000000000000e+00 1.600000000000000089e+00 -2.752299999999999885e-02 -6.719600000000000573e-02 -9.973600000000000243e-01 3.021590000000000109e-01 -9.516240000000000254e-01 5.577599999999999919e-02 -9.528600000000000403e-01 -2.998259999999999814e-01 4.649500000000000161e-02
3.000000000000000000e+00 4.000000000000000000e+00 2.000000000000000000e+01 0.000000000000000000e+00 1.600000000000000089e+00 2.599999999999999772e-04 -4.280599999999999683e-02 -9.990830000000000544e-01 3.362439999999999873e-01 -9.409079999999999666e-01 4.040099999999999941e-02 -9.417750000000000288e-01 -3.359469999999999956e-01 1.414900000000000012e-02
5.000000000000000000e+00 1.300000000000000000e+01 2.000000000000000000e+01 0.000000000000000000e+00 1.600000000000000089e+00 6.099999999999999872e-05 -3.089000000000000166e-03 9.999949999999999672e-01 2.646629999999999816e-01 9.643359999999999710e-01 2.961999999999999789e-03 -9.643410000000000037e-01 2.646620000000000084e-01 8.760000000000000425e-04
1.000000000000000000e+01 1.300000000000000000e+01 2.000000000000000000e+01 0.000000000000000000e+00 1.600000000000000089e+00 7.140000000000000079e-04 2.844999999999999873e-03 9.999959999999999960e-01 2.642050000000000232e-01 9.644620000000000415e-01 -2.932999999999999843e-03 -9.644660000000000455e-01 2.642059999999999964e-01 -6.299999999999999990e-05
1.300000000000000000e+01 1.300000000000000000e+01 2.000000000000000000e+01 0.000000000000000000e+00 1.600000000000000089e+00 3.739999999999999835e-04 -4.389999999999999914e-04 1.000000000000000000e+00 2.629830000000000223e-01 9.647999999999999909e-01 3.249999999999999851e-04 -9.647999999999999909e-01 2.629830000000000223e-01 4.760000000000000234e-04
1.700000000000000000e+01 1.300000000000000000e+01 2.000000000000000000e+01 0.000000000000000000e+00 1.600000000000000089e+00 -1.230000000000000082e-04 -4.807999999999999774e-03 9.999879999999999880e-01 2.646899999999999809e-01 9.643220000000000125e-01 4.669000000000000407e-03 -9.643340000000000245e-01 2.646870000000000056e-01 1.154000000000000078e-03
2.200000000000000000e+01 1.300000000000000000e+01 2.000000000000000000e+01 0.000000000000000000e+00 1.600000000000000089e+00 -9.699999999999999963e-05 3.660000000000000059e-04 1.000000000000000000e+00 2.651390000000000136e-01 9.642100000000000115e-01 -3.269999999999999795e-04 -9.642100000000000115e-01 2.651390000000000136e-01 -1.910000000000000077e-04
2.900000000000000000e+01 1.300000000000000000e+01 2.000000000000000000e+01 0.000000000000000000e+00 1.600000000000000089e+00 5.529999999999999976e-04 4.446000000000000299e-03 9.999900000000000455e-01 2.648360000000000158e-01 9.642830000000000013e-01 -4.433999999999999574e-03 -9.642929999999999557e-01 2.648349999999999871e-01 -6.440000000000000412e-04
1.400000000000000000e+01 3.000000000000000000e+00 2.500000000000000000e+01 0.000000000000000000e+00 1.600000000000000089e+00 1.484000000000000076e-03 6.930000000000000396e-04 9.999989999999999712e-01 -4.024599999999999705e-02 -9.991889999999999938e-01 7.519999999999999558e-04 9.991889999999999938e-01 -4.024699999999999805e-02 -1.454999999999999913e-03
2.200000000000000000e+01 3.000000000000000000e+00 2.500000000000000000e+01 0.000000000000000000e+00 1.600000000000000089e+00 -2.024999999999999890e-03 -8.236999999999999530e-03 9.999639999999999640e-01 -4.017199999999999938e-02 -9.991579999999999906e-01 -8.311999999999999944e-03 9.991910000000000514e-01 -4.018800000000000150e-02 1.691999999999999928e-03
2.900000000000000000e+01 3.000000000000000000e+00 2.500000000000000000e+01 0.000000000000000000e+00 1.600000000000000089e+00 -2.361999999999999950e-03 -9.221999999999999295e-03 9.999550000000000383e-01 -3.679700000000000332e-02 -9.992790000000000283e-01 -9.301999999999999505e-03 9.993199999999999861e-01 -3.681799999999999656e-02 2.020999999999999793e-03
9.000000000000000000e+00 4.600000000000000000e+01 2.700000000000000000e+01 0.000000000000000000e+00 1.600000000000000089e+00 -4.879999999999999898e-04 2.207000000000000194e-03 -9.999970000000000248e-01 6.779669999999999863e-01 7.350919999999999677e-01 1.291000000000000047e-03 7.350929999999999964e-01 -6.779640000000000111e-01 -1.855000000000000095e-03
2.100000000000000000e+01 4.600000000000000000e+01 2.700000000000000000e+01 0.000000000000000000e+00 1.600000000000000089e+00 -1.987000000000000051e-03 -8.599999999999999789e-04 -9.999980000000000535e-01 6.774550000000000294e-01 7.355610000000000204e-01 -1.978999999999999856e-03 7.355610000000000204e-01 -6.774580000000000046e-01 -8.790000000000000070e-04
2.800000000000000000e+01 4.600000000000000000e+01 2.700000000000000000e+01 0.000000000000000000e+00 1.600000000000000089e+00 -1.185000000000000072e-03 4.870000000000000197e-04 -9.999989999999999712e-01 6.711759999999999948e-01 7.412980000000000125e-01 -4.339999999999999782e-04 7.412969999999999837e-01 -6.711759999999999948e-01 -1.204999999999999908e-03
1.100000000000000000e+01 4.600000000000000000e+01 3.000000000000000000e+01 0.000000000000000000e+00 1.600000000000000089e+00 -2.860000000000000129e-04 2.157000000000000063e-03 -9.999980000000000535e-01 3.314199999999999924e-01 9.434820000000000428e-01 1.941000000000000017e-03 9.434829999999999606e-01 -3.314179999999999904e-01 -9.849999999999999815e-04
9.000000000000000000e+00 5.800000000000000000e+01 3.100000000000000000e+01 0.000000000000000000e+00 1.600000000000000089e+00 -2.030999999999999819e-03 -4.794999999999999783e-03 9.999860000000000415e-01 -8.146050000000000235e-01 -5.799990000000000423e-01 -4.434999999999999706e-03 5.800130000000000008e-01 -8.146029999999999660e-01 -2.729000000000000089e-03
1.400000000000000000e+01 5.800000000000000000e+01 3.100000000000000000e+01 0.000000000000000000e+00 1.600000000000000089e+00 2.347999999999999827e-03 1.033000000000000064e-03 9.999970000000000248e-01 -8.149290000000000145e-01 -5.795550000000000423e-01 2.511999999999999910e-03 5.795559999999999601e-01 -8.149330000000000185e-01 -5.180000000000000143e-04
1.800000000000000000e+01 5.800000000000000000e+01 3.100000000000000000e+01 0.000000000000000000e+00 1.600000000000000089e+00 -1.129000000000000012e-03 -3.040000000000000167e-03 9.999949999999999672e-01 -8.153559999999999697e-01 -5.789539999999999687e-01 -2.680999999999999790e-03 5.789590000000000014e-01 -8.153550000000000519e-01 -1.825000000000000016e-03
2.500000000000000000e+01 5.800000000000000000e+01 3.100000000000000000e+01 0.000000000000000000e+00 1.600000000000000089e+00 4.454999999999999759e-03 4.734000000000000360e-03 9.999789999999999512e-01 -8.135010000000000296e-01 -5.815280000000000449e-01 6.376999999999999856e-03 5.815460000000000074e-01 -8.135130000000000416e-01 1.260000000000000052e-03
2.900000000000000000e+01 5.800000000000000000e+01 3.100000000000000000e+01 0.000000000000000000e+00 1.600000000000000089e+00 7.856000000000000136e-03 6.799999999999999621e-03 9.999460000000000015e-01 -8.145769999999999955e-01 -5.799630000000000063e-01 1.034400000000000076e-02 5.800020000000000175e-01 -8.146139999999999493e-01 9.829999999999999329e-04
7.000000000000000000e+00 4.600000000000000000e+01 3.500000000000000000e+01 0.000000000000000000e+00 1.600000000000000089e+00 -6.700000000000000226e-04 -8.899999999999999491e-05 -1.000000000000000000e+00 3.912269999999999914e-01 -9.202939999999999454e-01 -1.800000000000000113e-04 -9.202939999999999454e-01 -3.912269999999999914e-01 6.509999999999999945e-04
1.100000000000000000e+01 4.600000000000000000e+01 3.500000000000000000e+01 0.000000000000000000e+00 1.600000000000000089e+00 6.679999999999999740e-04 5.066000000000000190e-03 -9.999869999999999592e-01 3.906789999999999985e-01 -9.205160000000000009e-01 -4.401999999999999663e-03 -9.205269999999999841e-01 -3.906709999999999905e-01 -2.593999999999999952e-03
1.900000000000000000e+01 4.600000000000000000e+01 3.500000000000000000e+01 0.000000000000000000e+00 1.600000000000000089e+00 -1.389999999999999905e-04 -1.820000000000000057e-04 -1.000000000000000000e+00 3.926959999999999895e-01 -9.196680000000000410e-01 1.129999999999999955e-04 -9.196680000000000410e-01 -3.926959999999999895e-01 1.990000000000000124e-04
2.500000000000000000e+01 4.600000000000000000e+01 3.500000000000000000e+01 0.000000000000000000e+00 1.600000000000000089e+00 -2.640000000000000202e-04 1.849999999999999973e-04 -1.000000000000000000e+00 3.925230000000000108e-01 -9.197419999999999485e-01 -2.739999999999999923e-04 -9.197419999999999485e-01 -3.925230000000000108e-01 1.700000000000000122e-04
2.900000000000000000e+01 4.600000000000000000e+01 3.500000000000000000e+01 0.000000000000000000e+00 1.600000000000000089e+00 1.551000000000000078e-03 1.175000000000000046e-03 -9.999980000000000535e-01 3.914790000000000214e-01 -9.201869999999999772e-01 -4.739999999999999747e-04 -9.201859999999999484e-01 -3.914779999999999927e-01 -1.887000000000000005e-03
4.000000000000000000e+00 9.500000000000000000e+01 3.600000000000000000e+01 0.000000000000000000e+00 1.600000000000000089e+00 7.399999999999999623e-05 6.864000000000000309e-03 9.999759999999999760e-01 9.967049999999999521e-01 8.110399999999999554e-02 -6.300000000000000261e-04 -8.110699999999999854e-02 9.966819999999999569e-01 -6.834999999999999930e-03
7.000000000000000000e+00 9.500000000000000000e+01 3.600000000000000000e+01 0.000000000000000000e+00 1.600000000000000089e+00 -2.599999999999999840e-05 -8.505999999999999672e-03 9.999639999999999640e-01 9.967270000000000296e-01 8.083700000000000607e-02 7.129999999999999836e-04 -8.083999999999999519e-02 9.966909999999999936e-01 8.475999999999999160e-03
1.500000000000000000e+01 9.500000000000000000e+01 3.600000000000000000e+01 0.000000000000000000e+00 1.600000000000000089e+00 -3.370000000000000166e-03 -1.960999999999999896e-02 9.998019999999999685e-01 9.967380000000000129e-01 8.055800000000000460e-02 4.938999999999999814e-03 -8.063900000000000234e-02 9.965570000000000261e-01 1.927399999999999947e-02
2.500000000000000000e+01 9.500000000000000000e+01 3.600000000000000000e+01 0.000000000000000000e+00 1.600000000000000089e+00 6.100000000000000387e-03 1.964300000000000074e-02 9.997880000000000100e-01 9.968270000000000186e-01 7.923499999999999988e-02 -7.638999999999999957e-03 -7.936799999999999411e-02 9.966620000000000479e-01 -1.909699999999999939e-02
1.000000000000000000e+01 3.000000000000000000e+00 4.300000000000000000e+01 0.000000000000000000e+00 1.600000000000000089e+00 -1.580000000000000024e-03 -1.991999999999999847e-03 -9.999970000000000248e-01 7.372159999999999824e-01 -6.756569999999999521e-01 1.810000000000000085e-04 -6.756550000000000056e-01 -7.372130000000000072e-01 2.536000000000000060e-03
2.100000000000000000e+01 3.000000000000000000e+00 4.300000000000000000e+01 0.000000000000000000e+00 1.600000000000000089e+00 4.272999999999999889e-03 9.000000000000000567e-05 -9.999909999999999632e-01 7.285409999999999942e-01 -6.849950000000000205e-01 3.050999999999999893e-03 -6.849889999999999590e-01 -7.285469999999999446e-01 -2.991999999999999868e-03
2.400000000000000000e+01 3.000000000000000000e+00 4.300000000000000000e+01 0.000000000000000000e+00 1.600000000000000089e+00 2.174999999999999850e-03 -1.158000000000000002e-02 -9.999310000000000143e-01 7.321940000000000115e-01 -6.810300000000000242e-01 9.480000000000000579e-03 -6.810920000000000307e-01 -7.321640000000000370e-01 6.997999999999999880e-03
2.400000000000000000e+01 2.900000000000000000e+01 4.400000000000000000e+01 0.000000000000000000e+00 1.600000000000000089e+00 -3.890999999999999927e-03 -3.314999999999999804e-03 -9.999869999999999592e-01 6.794189999999999952e-01 7.337329999999999686e-01 -5.075999999999999783e-03 7.337399999999999478e-01 -6.794299999999999784e-01 -6.030000000000000204e-04
6.000000000000000000e+00 5.400000000000000000e+01 4.600000000000000000e+01 0.000000000000000000e+00 1.600000000000000089e+00 4.679999999999999915e-04 2.730999999999999921e-03 9.999959999999999960e-01 2.892159999999999731e-01 -9.572610000000000285e-01 2.478999999999999867e-03 9.572640000000000038e-01 2.892140000000000266e-01 -1.237999999999999951e-03
3.000000000000000000e+00 5.000000000000000000e+00 5.100000000000000000e+01 0.000000000000000000e+00 1.600000000000000089e+00 -1.257000000000000088e-03 -4.829999999999999767e-04 -9.999989999999999712e-01 4.826739999999999919e-01 -8.758000000000000229e-01 -1.840000000000000001e-04 -8.757989999999999942e-01 -4.826739999999999919e-01 1.333999999999999899e-03
9.000000000000000000e+00 5.000000000000000000e+00 5.100000000000000000e+01 0.000000000000000000e+00 1.600000000000000089e+00 1.242999999999999964e-03 1.965000000000000167e-03 -9.999970000000000248e-01 4.905180000000000096e-01 -8.714300000000000379e-01 -1.103000000000000031e-03 -8.714300000000000379e-01 -4.905149999999999788e-01 -2.047000000000000208e-03
2.700000000000000000e+01 5.000000000000000000e+00 5.100000000000000000e+01 0.000000000000000000e+00 1.600000000000000089e+00 8.441000000000000586e-03 9.790000000000000525e-04 -9.999639999999999640e-01 4.819959999999999800e-01 -8.761670000000000291e-01 3.210999999999999879e-03 -8.761330000000000506e-01 -4.820059999999999900e-01 -7.867999999999999994e-03
7.000000000000000000e+00 6.300000000000000000e+01 5.400000000000000000e+01 0.000000000000000000e+00 1.600000000000000089e+00 -1.322000000000000041e-03 -3.227999999999999967e-03 9.999940000000000495e-01 -3.538040000000000074e-01 9.353160000000000363e-01 2.550999999999999882e-03 -9.353190000000000115e-01 -3.537980000000000014e-01 -2.379000000000000038e-03
1.100000000000000000e+01 6.300000000000000000e+01 5.400000000000000000e+01 0.000000000000000000e+00 1.600000000000000089e+00 -1.649999999999999991e-04 -5.619999999999999996e-04 1.000000000000000000e+00 -3.473990000000000133e-01 9.377170000000000227e-01 4.699999999999999859e-04 -9.377170000000000227e-01 -3.473990000000000133e-01 -3.499999999999999964e-04
1.800000000000000000e+01 6.300000000000000000e+01 5.400000000000000000e+01 0.000000000000000000e+00 1.600000000000000089e+00 6.250000000000000130e-04 7.680000000000000195e-04 1.000000000000000000e+00 -3.477450000000000263e-01 9.375890000000000057e-01 -5.029999999999999749e-04 -9.375890000000000057e-01 -3.477450000000000263e-01 8.540000000000000499e-04
2.800000000000000000e+01 6.300000000000000000e+01 5.400000000000000000e+01 0.000000000000000000e+00 1.600000000000000089e+00 1.466999999999999988e-03 1.655999999999999920e-03 9.999980000000000535e-01 -3.412930000000000130e-01 9.399560000000000137e-01 -1.056000000000000081e-03 -9.399560000000000137e-01 -3.412910000000000110e-01 1.943999999999999981e-03
5.000000000000000000e+00 2.500000000000000000e+01 5.500000000000000000e+01 0.000000000000000000e+00 1.600000000000000089e+00 -1.296000000000000060e-03 3.582999999999999814e-03 -9.999930000000000208e-01 -1.365800000000000000e-02 -9.999000000000000110e-01 -3.565000000000000027e-03 -9.999059999999999615e-01 1.365300000000000021e-02 1.345000000000000058e-03
1.300000000000000000e+01 2.500000000000000000e+01 5.500000000000000000e+01 0.000000000000000000e+00 1.600000000000000089e+00 4.350000000000000026e-04 -2.713000000000000134e-03 -9.999959999999999960e-01 -1.400500000000000009e-02 -9.998979999999999535e-01 2.706000000000000072e-03 -9.999019999999999575e-01 1.400400000000000082e-02 -4.730000000000000046e-04
1.700000000000000000e+01 2.500000000000000000e+01 5.500000000000000000e+01 0.000000000000000000e+00 1.600000000000000089e+00 -5.940000000000000184e-04 2.115000000000000126e-03 -9.999980000000000535e-01 -1.271500000000000061e-02 -9.999169999999999447e-01 -2.106999999999999932e-03 -9.999190000000000023e-01 1.271399999999999961e-02 6.210000000000000242e-04
2.400000000000000000e+01 2.500000000000000000e+01 5.500000000000000000e+01 0.000000000000000000e+00 1.600000000000000089e+00 1.630000000000000047e-04 2.170000000000000054e-03 -9.999980000000000535e-01 -1.022499999999999971e-02 -9.999449999999999728e-01 -2.171999999999999886e-03 -9.999479999999999480e-01 1.022499999999999971e-02 -1.410000000000000120e-04
2.000000000000000000e+00 2.100000000000000000e+01 6.000000000000000000e+01 0.000000000000000000e+00 1.600000000000000089e+00 3.638999999999999874e-03 -1.655600000000000127e-02 9.998559999999999670e-01 -1.020969999999999933e-01 9.946319999999999606e-01 1.684199999999999933e-02 -9.947679999999999856e-01 -1.021439999999999987e-01 1.930000000000000075e-03
8.000000000000000000e+00 2.100000000000000000e+01 6.000000000000000000e+01 0.000000000000000000e+00 1.600000000000000089e+00 -2.216000000000000088e-03 2.077999999999999986e-03 9.999949999999999672e-01 -9.582100000000000339e-02 9.953959999999999475e-01 -2.281000000000000041e-03 -9.953959999999999475e-01 -9.582599999999999452e-02 -2.005999999999999971e-03
1.500000000000000000e+01 6.000000000000000000e+00 6.100000000000000000e+01 0.000000000000000000e+00 1.600000000000000089e+00 -6.819999999999999890e-04 1.111999999999999924e-03 9.999989999999999712e-01 5.665799999999999725e-01 -8.240049999999999875e-01 1.302999999999999905e-03 8.240060000000000162e-01 5.665810000000000013e-01 -6.799999999999999946e-05
6.000000000000000000e+00 2.700000000000000000e+01 6.300000000000000000e+01 0.000000000000000000e+00 1.600000000000000089e+00 4.586999999999999932e-03 7.934999999999999346e-03 9.999580000000000135e-01 -2.731649999999999912e-01 9.619459999999999678e-01 -6.380000000000000254e-03 -9.619560000000000333e-01 -2.731239999999999779e-01 6.579999999999999911e-03
1.500000000000000000e+01 2.700000000000000000e+01 6.300000000000000000e+01 0.000000000000000000e+00 1.600000000000000089e+00 -3.625999999999999883e-03 -8.207000000000000753e-03 9.999599999999999600e-01 -2.730210000000000137e-01 9.619830000000000325e-01 6.904999999999999680e-03 -9.620009999999999950e-01 -2.729849999999999777e-01 -5.728999999999999718e-03
2.300000000000000000e+01 2.700000000000000000e+01 6.300000000000000000e+01 0.000000000000000000e+00 1.600000000000000089e+00 3.480000000000000020e-04 -3.435000000000000119e-03 9.999940000000000495e-01 -2.718130000000000268e-01 9.623439999999999772e-01 3.399999999999999811e-03 -9.623500000000000387e-01 -2.718130000000000268e-01 -5.990000000000000316e-04
2.700000000000000000e+01 2.700000000000000000e+01 6.300000000000000000e+01 0.000000000000000000e+00 1.600000000000000089e+00 -1.601999999999999908e-03 5.599999999999999509e-04 9.999989999999999712e-01 -2.738220000000000098e-01 9.617799999999999683e-01 -9.770000000000000039e-04 -9.617790000000000505e-01 -2.738229999999999831e-01 -1.386999999999999995e-03
2.000000000000000000e+00 2.600000000000000000e+01 6.400000000000000000e+01 0.000000000000000000e+00 1.600000000000000089e+00 6.531999999999999612e-03 4.166999999999999697e-03 9.999700000000000255e-01 -3.560630000000000184e-01 9.344609999999999861e-01 -1.569000000000000082e-03 -9.344390000000000196e-01 -3.560420000000000251e-01 7.588000000000000127e-03
8.000000000000000000e+00 2.600000000000000000e+01 6.400000000000000000e+01 0.000000000000000000e+00 1.600000000000000089e+00 3.749000000000000162e-03 5.741999999999999708e-03 9.999759999999999760e-01 -3.541159999999999863e-01 9.351930000000000520e-01 -4.041999999999999586e-03 -9.351939999999999698e-01 -3.540929999999999911e-01 5.539999999999999786e-03
1.600000000000000000e+01 2.600000000000000000e+01 6.400000000000000000e+01 0.000000000000000000e+00 1.600000000000000089e+00 -4.274000000000000021e-03 -1.082299999999999929e-02 9.999320000000000430e-01 -3.547810000000000130e-01 9.349100000000000188e-01 8.602999999999999536e-03 -9.349399999999999933e-01 -3.547199999999999798e-01 -7.835999999999999216e-03
2.600000000000000000e+01 2.600000000000000000e+01 6.400000000000000000e+01 0.000000000000000000e+00 1.600000000000000089e+00 -5.779999999999999548e-04 9.100000000000000016e-04 9.999989999999999712e-01 -3.599570000000000269e-01 9.329680000000000195e-01 -1.056999999999999997e-03 -9.329690000000000483e-01 -3.599580000000000002e-01 -2.120000000000000031e-04
4.000000000000000000e+00 6.900000000000000000e+01 6.600000000000000000e+01 0.000000000000000000e+00 1.600000000000000089e+00 1.330000000000000073e-04 -1.440000000000000091e-03 9.999989999999999712e-01 -9.478130000000000166e-01 3.188280000000000003e-01 5.850000000000000165e-04 -3.188280000000000003e-01 -9.478119999999999878e-01 -1.322999999999999957e-03
8.000000000000000000e+00 2.500000000000000000e+01 7.300000000000000000e+01 0.000000000000000000e+00 1.600000000000000089e+00 1.050000000000000044e-04 -1.675000000000000057e-03 9.999989999999999712e-01 7.481959999999999722e-01 -6.634769999999999834e-01 -1.190000000000000085e-03 6.634780000000000122e-01 7.481950000000000545e-01 1.183000000000000024e-03
1.300000000000000000e+01 2.500000000000000000e+01 7.300000000000000000e+01 0.000000000000000000e+00 1.600000000000000089e+00 8.710000000000000294e-04 7.574000000000000003e-03 9.999710000000000543e-01 7.533699999999999841e-01 -6.575830000000000286e-01 4.323999999999999719e-03 6.575959999999999583e-01 7.533440000000000136e-01 -6.277999999999999726e-03
2.000000000000000000e+00 4.400000000000000000e+01 7.300000000000000000e+01 0.000000000000000000e+00 1.600000000000000089e+00 -1.024599999999999990e-02 1.156599999999999989e-02 9.998810000000000198e-01 5.050600000000000228e-02 -9.986509999999999554e-01 1.207000000000000087e-02 9.986709999999999754e-01 5.062300000000000133e-02 9.648000000000000326e-03
1.200000000000000000e+01 4.400000000000000000e+01 7.300000000000000000e+01 0.000000000000000000e+00 1.600000000000000089e+00 1.042500000000000024e-02 1.431800000000000087e-02 9.998430000000000373e-01 5.200899999999999967e-02 -9.985519999999999952e-01 1.375700000000000013e-02 9.985920000000000352e-01 5.185700000000000032e-02 -1.115400000000000072e-02
1.500000000000000000e+01 4.400000000000000000e+01 7.300000000000000000e+01 0.000000000000000000e+00 1.600000000000000089e+00 2.344000000000000163e-03 3.511999999999999931e-03 9.999909999999999632e-01 5.485899999999999804e-02 -9.984880000000000422e-01 3.377999999999999926e-03 9.984910000000000174e-01 5.485000000000000292e-02 -2.533000000000000095e-03
2.200000000000000000e+01 4.400000000000000000e+01 7.300000000000000000e+01 0.000000000000000000e+00 1.600000000000000089e+00 2.863999999999999792e-03 3.444000000000000013e-03 9.999900000000000455e-01 5.422500000000000236e-02 -9.985230000000000494e-01 3.284000000000000027e-03 9.985249999999999959e-01 5.421499999999999930e-02 -3.046000000000000096e-03
2.500000000000000000e+01 4.400000000000000000e+01 7.300000000000000000e+01 0.000000000000000000e+00 1.600000000000000089e+00 1.675000000000000057e-03 2.694000000000000214e-03 9.999949999999999672e-01 5.480600000000000055e-02 -9.984939999999999927e-01 2.598000000000000049e-03 9.984960000000000502e-01 5.480199999999999655e-02 -1.820000000000000003e-03
2.200000000000000000e+01 2.500000000000000000e+01 7.400000000000000000e+01 0.000000000000000000e+00 1.600000000000000089e+00 2.040999999999999846e-03 1.350000000000000017e-04 9.999980000000000535e-01 8.346489999999999743e-01 -5.507800000000000473e-01 -1.629999999999999939e-03 5.507779999999999898e-01 8.346510000000000318e-01 -1.237000000000000035e-03
2.700000000000000000e+01 2.500000000000000000e+01 7.400000000000000000e+01 0.000000000000000000e+00 1.600000000000000089e+00 2.452000000000000186e-03 -5.039000000000000076e-03 9.999839999999999840e-01 8.283949999999999925e-01 -5.601239999999999553e-01 -4.853999999999999808e-03 5.601390000000000535e-01 8.283939999999999637e-01 2.801000000000000104e-03
1.900000000000000000e+01 5.100000000000000000e+01 7.600000000000000000e+01 0.000000000000000000e+00 1.600000000000000089e+00 1.129999999999999928e-03 -2.000000000000000096e-04 -9.999989999999999712e-01 -3.979900000000000104e-01 -9.173900000000000388e-01 -2.660000000000000146e-04 -9.173890000000000100e-01 3.979900000000000104e-01 -1.116000000000000021e-03
2.500000000000000000e+01 5.100000000000000000e+01 7.600000000000000000e+01 0.000000000000000000e+00 1.600000000000000089e+00 -5.500000000000000331e-04 -1.394999999999999973e-03 -9.999989999999999712e-01 -3.991850000000000120e-01 -9.168690000000000451e-01 1.497999999999999983e-03 -9.168699999999999628e-01 3.991859999999999853e-01 -5.300000000000000078e-05
2.000000000000000000e+00 9.100000000000000000e+01 7.600000000000000000e+01 0.000000000000000000e+00 1.600000000000000089e+00 3.649999999999999816e-04 -2.194999999999999903e-03 9.999970000000000248e-01 3.834009999999999918e-01 -9.235790000000000388e-01 -2.167000000000000089e-03 9.235820000000000141e-01 3.834009999999999918e-01 5.039999999999999992e-04
8.000000000000000000e+00 9.100000000000000000e+01 7.600000000000000000e+01 0.000000000000000000e+00 1.600000000000000089e+00 2.167000000000000089e-03 9.399999999999999448e-05 9.999980000000000535e-01 3.596010000000000040e-01 -9.331059999999999910e-01 -6.920000000000000153e-04 9.331040000000000445e-01 3.596010000000000040e-01 -2.056000000000000102e-03
1.100000000000000000e+01 9.100000000000000000e+01 7.600000000000000000e+01 0.000000000000000000e+00 1.600000000000000089e+00 3.142999999999999960e-03 8.220000000000000310e-04 9.999949999999999672e-01 3.524889999999999968e-01 -9.358159999999999812e-01 -3.390000000000000001e-04 9.358109999999999484e-01 3.524880000000000235e-01 -3.230999999999999931e-03
1.500000000000000000e+01 9.100000000000000000e+01 7.600000000000000000e+01 0.000000000000000000e+00 1.600000000000000089e+00 1.745999999999999939e-03 1.131000000000000061e-03 9.999980000000000535e-01 3.476299999999999946e-01 -9.376320000000000210e-01 4.530000000000000064e-04 9.376299999999999635e-01 3.476279999999999926e-01 -2.030000000000000120e-03
2.600000000000000000e+01 9.100000000000000000e+01 7.600000000000000000e+01 0.000000000000000000e+00 1.600000000000000089e+00 9.169999999999999549e-04 -1.044000000000000006e-03 9.999989999999999712e-01 3.176720000000000099e-01 -9.482000000000000428e-01 -1.281000000000000021e-03 9.482000000000000428e-01 3.176729999999999832e-01 -5.379999999999999583e-04
3.000000000000000000e+00 4.400000000000000000e+01 8.300000000000000000e+01 0.000000000000000000e+00 1.600000000000000089e+00 -7.249000000000000235e-03 -6.372000000000000060e-03 9.999529999999999808e-01 5.370789999999999731e-01 -8.435310000000000308e-01 -1.482000000000000027e-03 8.435009999999999453e-01 5.370430000000000481e-01 9.537000000000000338e-03
9.000000000000000000e+00 4.400000000000000000e+01 8.300000000000000000e+01 0.000000000000000000e+00 1.600000000000000089e+00 -1.827399999999999858e-02 -3.292199999999999988e-02 9.992910000000000403e-01 5.446090000000000098e-01 -8.385040000000000271e-01 -1.766500000000000015e-02 8.384909999999999863e-01 5.439000000000000501e-01 3.325199999999999684e-02
1.500000000000000000e+01 4.400000000000000000e+01 8.300000000000000000e+01 0.000000000000000000e+00 1.600000000000000089e+00 1.802799999999999889e-02 7.226699999999999791e-02 9.972220000000000528e-01 5.553850000000000176e-01 -8.300819999999999865e-01 5.011399999999999882e-02 8.313979999999999704e-01 5.529389999999999583e-01 -5.510000000000000314e-02
