2.700000000000000000e+01 2.500000000000000000e+01 1.000000000000000000e+00 0.000000000000000000e+00 1.600000000000000089e+00 2.007000000000000103e-03 1.642000000000000013e-03 -9.999970000000000248e-01 -5.293679999999999497e-01 -8.483889999999999487e-01 -2.455999999999999850e-03 -8.483899999999999775e-01 5.293710000000000360e-01 -8.339999999999999974e-04
2.000000000000000000e+00 1.500000000000000000e+01 4.000000000000000000e+00 0.000000000000000000e+00 1.600000000000000089e+00 -8.933999999999999234e-03 -5.054000000000000332e-03 9.999470000000000303e-01 3.002710000000000101e-01 -9.538520000000000332e-01 -2.138000000000000143e-03 9.538119999999999932e-01 3.002360000000000029e-01 1.003899999999999931e-02
6.000000000000000000e+00 1.500000000000000000e+01 4.000000000000000000e+00 0.000000000000000000e+00 1.600000000000000089e+00 -5.030999999999999882e-03 -2.760999999999999999e-03 9.999839999999999840e-01 2.977940000000000031e-01 -9.546299999999999786e-01 -1.136999999999999990e-03 9.546170000000000488e-01 2.977830000000000199e-01 5.624999999999999792e-03
1.700000000000000000e+01 1.500000000000000000e+01 4.000000000000000000e+00 0.000000000000000000e+00 1.600000000000000089e+00 2.664000000000000135e-03 1.310500000000000033e-02 9.999109999999999943e-01 2.946730000000000183e-01 -9.555259999999999865e-01 1.173800000000000017e-02 9.555940000000000545e-01 2.946150000000000158e-01 -6.407000000000000368e-03
2.500000000000000000e+01 1.500000000000000000e+01 4.000000000000000000e+00 0.000000000000000000e+00 1.600000000000000089e+00 1.995999999999999944e-03 3.160000000000000048e-03 9.999930000000000208e-01 3.025249999999999884e-01 -9.531380000000000408e-01 2.407999999999999984e-03 9.531389999999999585e-01 3.025180000000000091e-01 -2.858999999999999996e-03
1.300000000000000000e+01 1.600000000000000000e+01 4.000000000000000000e+00 0.000000000000000000e+00 1.600000000000000089e+00 -2.320000000000000014e-04 1.004299999999999984e-02 9.999500000000000055e-01 3.698259999999999881e-01 -9.290530000000000177e-01 9.417000000000000023e-03 9.291009999999999547e-01 3.698089999999999988e-01 -3.498999999999999940e-03
5.000000000000000000e+00 1.010000000000000000e+02 7.000000000000000000e+00 0.000000000000000000e+00 1.600000000000000089e+00 -6.570000000000000319e-04 1.361599999999999963e-02 9.999069999999999903e-01 8.841630000000000322e-01 4.671429999999999749e-01 -5.780000000000000415e-03 -4.671779999999999822e-01 8.840770000000000017e-01 -1.234599999999999934e-02
1.100000000000000000e+01 1.010000000000000000e+02 7.000000000000000000e+00 0.000000000000000000e+00 1.600000000000000089e+00 -8.980000000000000352e-04 1.094400000000000060e-02 9.999400000000000510e-01 8.837789999999999813e-01 4.678849999999999953e-01 -4.327000000000000117e-03 -4.679039999999999866e-01 8.837220000000000075e-01 -1.009200000000000028e-02
1.600000000000000000e+01 1.010000000000000000e+02 7.000000000000000000e+00 0.000000000000000000e+00 1.600000000000000089e+00 2.716000000000000098e-03 -1.882999999999999908e-03 9.999949999999999672e-01 8.830829999999999513e-01 4.692149999999999932e-01 -1.515000000000000071e-03 -4.692089999999999872e-01 8.830820000000000336e-01 2.938000000000000073e-03
2.600000000000000000e+01 1.010000000000000000e+02 7.000000000000000000e+00 0.000000000000000000e+00 1.600000000000000089e+00 1.510000000000000112e-04 -8.439999999999999586e-03 9.999639999999999640e-01 8.872389999999999999e-01 4.612939999999999818e-01 3.759000000000000188e-03 -4.613099999999999978e-01 8.872069999999999679e-01 7.557999999999999614e-03
2.000000000000000000e+01 1.500000000000000000e+01 8.000000000000000000e+00 0.000000000000000000e+00 1.600000000000000089e+00 8.310000000000000329e-04 1.101399999999999949e-02 -9.999390000000000223e-01 -5.920020000000000282e-01 -8.058819999999999872e-01 -9.367999999999999591e-03 -8.059359999999999857e-01 5.919740000000000002e-01 5.851000000000000298e-03
2.000000000000000000e+00 2.400000000000000000e+01 9.000000000000000000e+00 0.000000000000000000e+00 1.600000000000000089e+00 -2.415000000000000046e-03 -1.912000000000000071e-03 -9.999949999999999672e-01 4.524130000000000096e-01 8.918040000000000411e-01 -2.797000000000000007e-03 8.918049999999999589e-01 -4.524179999999999868e-01 -1.288999999999999998e-03
8.000000000000000000e+00 2.400000000000000000e+01 9.000000000000000000e+00 0.000000000000000000e+00 1.600000000000000089e+00 -1.262000000000000101e-03 -1.074000000000000085e-03 -9.999989999999999712e-01 4.533119999999999927e-01 8.913510000000000044e-01 -1.528999999999999977e-03 8.913510000000000044e-01 -4.533130000000000215e-01 -6.390000000000000280e-04
1.700000000000000000e+01 2.400000000000000000e+01 9.000000000000000000e+00 0.000000000000000000e+00 1.600000000000000089e+00 -8.800000000000000313e-04 -5.569000000000000165e-03 -9.999839999999999840e-01 4.538329999999999864e-01 8.910709999999999464e-01 -5.361999999999999579e-03 8.910860000000000447e-01 -4.538300000000000112e-01 1.742999999999999975e-03
2.300000000000000000e+01 2.400000000000000000e+01 9.000000000000000000e+00 0.000000000000000000e+00 1.600000000000000089e+00 -1.755000000000000050e-03 -8.292000000000000759e-03 -9.999639999999999640e-01 4.546200000000000241e-01 8.906479999999999952e-01 -8.184000000000000302e-03 8.906840000000000312e-01 -4.546180000000000221e-01 2.207000000000000194e-03
2.900000000000000000e+01 2.400000000000000000e+01 9.000000000000000000e+00 0.000000000000000000e+00 1.600000000000000089e+00 -2.105000000000000100e-03 -3.384999999999999988e-03 -9.999919999999999920e-01 4.554650000000000087e-01 8.902449999999999530e-01 -3.971999999999999836e-03 8.902510000000000145e-01 -4.554699999999999860e-01 -3.319999999999999926e-04
9.000000000000000000e+00 3.100000000000000000e+01 1.200000000000000000e+01 0.000000000000000000e+00 1.600000000000000089e+00 1.368000000000000075e-03 -2.069999999999999792e-03 9.999970000000000248e-01 4.590000000000000330e-03 9.999869999999999592e-01 2.063999999999999863e-03 -9.999890000000000168e-01 4.588000000000000064e-03 1.378000000000000102e-03
2.300000000000000000e+01 3.100000000000000000e+01 1.200000000000000000e+01 0.000000000000000000e+00 1.600000000000000089e+00 3.829999999999999854e-04 -4.178000000000000290e-03 9.999909999999999632e-01 7.939999999999999142e-03 9.999599999999999600e-01 4.174999999999999892e-03 -9.999679999999999680e-01 7.938000000000000611e-03 4.159999999999999744e-04
1.800000000000000000e+01 3.200000000000000000e+01 1.400000000000000000e+01 0.000000000000000000e+00 1.600000000000000089e+00 7.309999999999999875e-04 2.910000000000000260e-04 -1.000000000000000000e+00 1.009700000000000042e-01 9.948890000000000233e-01 3.629999999999999872e-04 9.948890000000000233e-01 -1.009700000000000042e-01 6.980000000000000527e-04
3.000000000000000000e+00 1.200000000000000000e+01 1.500000000000000000e+01 0.000000000000000000e+00 1.600000000000000089e+00 3.298999999999999849e-03 3.673000000000000050e-03 -9.999879999999999880e-01 -4.685019999999999740e-01 -8.834490000000000398e-01 -4.791000000000000120e-03 -8.834560000000000191e-01 4.685119999999999840e-01 -1.193999999999999966e-03
1.000000000000000000e+01 1.200000000000000000e+01 1.500000000000000000e+01 0.000000000000000000e+00 1.600000000000000089e+00 4.622000000000000240e-03 4.290999999999999676e-03 -9.999799999999999800e-01 -4.695139999999999869e-01 -8.829050000000000509e-01 -5.957999999999999755e-03 -8.829129999999999479e-01 4.695320000000000049e-01 -2.066000000000000128e-03
1.500000000000000000e+01 1.200000000000000000e+01 1.500000000000000000e+01 0.000000000000000000e+00 1.600000000000000089e+00 2.349999999999999930e-04 3.050999999999999893e-03 -9.999949999999999672e-01 -4.710360000000000102e-01 -8.821099999999999497e-01 -2.801999999999999803e-03 -8.821139999999999537e-01 4.710340000000000082e-01 1.229000000000000058e-03
2.300000000000000000e+01 1.200000000000000000e+01 1.500000000000000000e+01 0.000000000000000000e+00 1.600000000000000089e+00 -9.770000000000000039e-04 2.860000000000000129e-04 -9.999989999999999712e-01 -4.687020000000000075e-01 -8.833560000000000301e-01 2.059999999999999928e-04 -8.833560000000000301e-01 4.687020000000000075e-01 9.970000000000000563e-04
1.100000000000000000e+01 1.100000000000000000e+01 1.600000000000000000e+01 0.000000000000000000e+00 1.600000000000000089e+00 3.627000000000000016e-03 4.537000000000000234e-03 -9.999829999999999552e-01 -4.173479999999999968e-01 -9.087290000000000090e-01 -5.636999999999999650e-03 -9.087389999999999635e-01 4.173620000000000108e-01 -1.402999999999999950e-03
1.900000000000000000e+01 1.100000000000000000e+01 1.600000000000000000e+01 0.000000000000000000e+00 1.600000000000000089e+00 -8.599999999999999789e-04 -2.358999999999999986e-03 -9.999970000000000248e-01 -4.166830000000000256e-01 -9.090479999999999672e-01 2.501999999999999884e-03 -9.090510000000000534e-01 4.166839999999999988e-01 -2.010000000000000068e-04
2.200000000000000000e+01 1.100000000000000000e+01 1.600000000000000000e+01 0.000000000000000000e+00 1.600000000000000089e+00 -1.036999999999999944e-03 -5.839999999999999922e-04 -9.999989999999999712e-01 -4.169820000000000193e-01 -9.089139999999999997e-01 9.629999999999999888e-04 -9.089139999999999997e-01 4.169829999999999925e-01 6.989999999999999686e-04
2.600000000000000000e+01 1.100000000000000000e+01 1.600000000000000000e+01 0.000000000000000000e+00 1.600000000000000089e+00 -1.115000000000000106e-03 4.231999999999999651e-03 -9.999900000000000455e-01 -4.177919999999999967e-01 -9.085360000000000102e-01 -3.379000000000000059e-03 -9.085419999999999607e-01 4.177839999999999887e-01 2.781000000000000052e-03
2.000000000000000000e+00 1.160000000000000000e+02 1.600000000000000000e+01 0.000000000000000000e+00 1.600000000000000089e+00 1.386000000000000079e-03 -1.840000000000000001e-04 9.999989999999999712e-01 6.762110000000000065e-01 7.367070000000000007e-01 -8.019999999999999785e-04 -7.367059999999999720e-01 6.762120000000000353e-01 1.144999999999999967e-03
1.000000000000000000e+01 1.160000000000000000e+02 1.600000000000000000e+01 0.000000000000000000e+00 1.600000000000000089e+00 -5.820000000000000520e-04 2.589999999999999854e-03 9.999959999999999960e-01 7.150729999999999587e-01 6.990480000000000027e-01 -1.394000000000000057e-03 -6.990499999999999492e-01 7.150699999999999834e-01 -2.259000000000000157e-03
2.400000000000000000e+01 1.160000000000000000e+02 1.600000000000000000e+01 0.000000000000000000e+00 1.600000000000000089e+00 1.554000000000000043e-03 1.949999999999999910e-03 9.999970000000000248e-01 6.939779999999999838e-01 7.199919999999999654e-01 -2.481999999999999831e-03 -7.199950000000000516e-01 6.939790000000000125e-01 -2.349999999999999930e-04
3.000000000000000000e+00 2.000000000000000000e+00 1.900000000000000000e+01 0.000000000000000000e+00 1.600000000000000089e+00 5.630000000000000239e-04 3.049999999999999868e-04 -1.000000000000000000e+00 1.962530000000000108e-01 -9.805530000000000079e-01 -1.879999999999999890e-04 -9.805530000000000079e-01 -1.962530000000000108e-01 -6.120000000000000223e-04
1.100000000000000000e+01 2.000000000000000000e+00 1.900000000000000000e+01 0.000000000000000000e+00 1.600000000000000089e+00 2.782999999999999884e-03 5.660000000000000100e-03 -9.999799999999999800e-01 1.915530000000000010e-01 -9.814699999999999536e-01 -5.022000000000000422e-03 -9.814779999999999616e-01 -1.915350000000000108e-01 -3.815999999999999948e-03
1.500000000000000000e+01 2.000000000000000000e+00 1.900000000000000000e+01 0.000000000000000000e+00 1.600000000000000089e+00 1.981999999999999821e-03 -1.632999999999999903e-03 -9.999970000000000248e-01 1.894230000000000080e-01 -9.818940000000000445e-01 1.978999999999999856e-03 -9.818940000000000445e-01 -1.894270000000000120e-01 -1.637000000000000000e-03
1.900000000000000000e+01 2.000000000000000000e+00 1.900000000000000000e+01 0.000000000000000000e+00 1.600000000000000089e+00 -1.946000000000000030e-03 9.160000000000000390e-04 -9.999980000000000535e-01 1.862439999999999929e-01 -9.825030000000000152e-01 -1.262000000000000101e-03 -9.825019999999999865e-01 -1.862459999999999949e-01 1.740999999999999926e-03
2.300000000000000000e+01 2.000000000000000000e+00 1.900000000000000000e+01 0.000000000000000000e+00 1.600000000000000089e+00 -3.804999999999999789e-03 8.000000000000000383e-04 -9.999919999999999920e-01 1.835340000000000027e-01 -9.830119999999999969e-01 -1.484999999999999992e-03 -9.830060000000000464e-01 -1.835380000000000067e-01 3.593999999999999972e-03
2.800000000000000000e+01 2.000000000000000000e+00 1.900000000000000000e+01 0.000000000000000000e+00 1.600000000000000089e+00 6.489999999999999459e-04 -8.947999999999999357e-03 -9.999599999999999600e-01 1.791179999999999994e-01 -9.837869999999999671e-01 8.920000000000000845e-03 -9.838270000000000071e-01 -1.791169999999999984e-01 9.650000000000000374e-04
7.000000000000000000e+00 4.000000000000000000e+00 2.000000000000000000e+01 0.000000000000000000e+00 1.600000000000000089e+00 1.226000000000000093e-03 8.312999999999999209e-03 -9.999649999999999928e-01 2.927930000000000255e-01 -9.561460000000000514e-01 -7.590000000000000392e-03 -9.561749999999999972e-01 -2.927739999999999787e-01 -3.605999999999999830e-03
1.700000000000000000e+01 4.000000000000000000e+00 2.000000000000000000e+01 0.000000000000000000e+00 1.600000000000000089e+00 2.162999999999999992e-03 1.620000000000000075e-04 -9.999980000000000535e-01 2.841549999999999909e-01 -9.587780000000000191e-01 4.600000000000000139e-04 -9.587759999999999616e-01 -2.841549999999999909e-01 -2.119999999999999923e-03
2.300000000000000000e+01 4.000000000000000000e+00 2.000000000000000000e+01 0.000000000000000000e+00 1.600000000000000089e+00 -5.780999999999999681e-03 3.269999999999999903e-03 -9.999780000000000335e-01 2.758700000000000041e-01 -9.611830000000000096e-01 -4.738000000000000024e-03 -9.611779999999999768e-01 -2.758909999999999973e-01 4.654000000000000151e-03
2.700000000000000000e+01 4.000000000000000000e+00 2.000000000000000000e+01 0.000000000000000000e+00 1.600000000000000089e+00 -1.933999999999999955e-03 -8.925999999999999907e-03 -9.999580000000000135e-01 2.790449999999999875e-01 -9.602439999999999864e-01 8.031999999999999210e-03 -9.602760000000000185e-01 -2.790179999999999882e-01 4.348000000000000302e-03
1.000000000000000000e+00 1.300000000000000000e+01 2.000000000000000000e+01 0.000000000000000000e+00 1.600000000000000089e+00 4.319999999999999838e-04 -5.088999999999999774e-03 9.999869999999999592e-01 2.548509999999999942e-01 9.669680000000000497e-01 4.811000000000000172e-03 -9.669799999999999507e-01 2.548460000000000170e-01 1.714000000000000029e-03
7.000000000000000000e+00 1.300000000000000000e+01 2.000000000000000000e+01 0.000000000000000000e+00 1.600000000000000089e+00 8.679999999999999565e-04 6.700000000000000226e-04 9.999989999999999712e-01 2.544049999999999923e-01 9.670969999999999844e-01 -8.689999999999999808e-04 -9.670969999999999844e-01 2.544060000000000210e-01 6.689999999999999983e-04
1.200000000000000000e+01 1.300000000000000000e+01 2.000000000000000000e+01 0.000000000000000000e+00 1.600000000000000089e+00 1.147999999999999932e-03 -3.678999999999999979e-03 9.999930000000000208e-01 2.552249999999999797e-01 9.668759999999999577e-01 3.263999999999999974e-03 -9.668809999999999905e-01 2.552189999999999737e-01 2.049000000000000040e-03
1.700000000000000000e+01 1.300000000000000000e+01 2.000000000000000000e+01 0.000000000000000000e+00 1.600000000000000089e+00 -1.219999999999999947e-03 1.498999999999999898e-03 9.999980000000000535e-01 2.560660000000000158e-01 9.666590000000000460e-01 -1.136999999999999990e-03 -9.666590000000000460e-01 2.560640000000000138e-01 -1.564000000000000069e-03
2.400000000000000000e+01 1.300000000000000000e+01 2.000000000000000000e+01 0.000000000000000000e+00 1.600000000000000089e+00 -4.829999999999999767e-04 6.000000000000000152e-06 1.000000000000000000e+00 2.525819999999999732e-01 9.675759999999999916e-01 1.160000000000000007e-04 -9.675749999999999629e-01 2.525819999999999732e-01 -4.690000000000000158e-04
4.000000000000000000e+00 1.600000000000000000e+01 2.100000000000000000e+01 0.000000000000000000e+00 1.600000000000000089e+00 -1.649999999999999991e-04 3.798999999999999860e-03 9.999930000000000208e-01 2.983620000000000161e-01 9.544460000000000166e-01 -3.576999999999999885e-03 -9.544529999999999959e-01 2.983600000000000141e-01 -1.291000000000000047e-03
8.000000000000000000e+00 1.600000000000000000e+01 2.100000000000000000e+01 0.000000000000000000e+00 1.600000000000000089e+00 1.307999999999999918e-03 3.200000000000000153e-03 9.999940000000000495e-01 2.974649999999999794e-01 9.547269999999999923e-01 -3.444000000000000013e-03 -9.547320000000000251e-01 2.974680000000000102e-01 2.959999999999999849e-04
1.600000000000000000e+01 1.600000000000000000e+01 2.100000000000000000e+01 0.000000000000000000e+00 1.600000000000000089e+00 -1.428999999999999932e-03 -1.704999999999999918e-03 9.999980000000000535e-01 2.977929999999999744e-01 9.546280000000000321e-01 2.053000000000000137e-03 -9.546289999999999498e-01 2.977960000000000051e-01 -8.570000000000000144e-04
2.000000000000000000e+01 1.600000000000000000e+01 2.100000000000000000e+01 0.000000000000000000e+00 1.600000000000000089e+00 -1.118999999999999986e-03 4.000000000000000083e-03 9.999909999999999632e-01 2.980240000000000111e-01 9.545519999999999561e-01 -3.484999999999999817e-03 -9.545580000000000176e-01 2.980180000000000051e-01 -2.259999999999999856e-03
2.400000000000000000e+01 1.600000000000000000e+01 2.100000000000000000e+01 0.000000000000000000e+00 1.600000000000000089e+00 -6.080000000000000335e-04 2.281000000000000041e-03 9.999970000000000248e-01 2.965929999999999955e-01 9.550020000000000175e-01 -1.998000000000000210e-03 -9.550039999999999640e-01 2.965909999999999935e-01 -1.257000000000000088e-03
5.000000000000000000e+00 3.000000000000000000e+00 2.500000000000000000e+01 0.000000000000000000e+00 1.600000000000000089e+00 -1.869999999999999917e-03 3.124000000000000041e-03 9.999930000000000208e-01 -6.310599999999999543e-02 -9.980019999999999447e-01 3.000000000000000062e-03 9.980050000000000310e-01 -6.310000000000000331e-02 2.063000000000000164e-03
1.500000000000000000e+01 3.000000000000000000e+00 2.500000000000000000e+01 0.000000000000000000e+00 1.600000000000000089e+00 -9.550000000000000112e-04 -8.540000000000000499e-04 9.999989999999999712e-01 -4.388700000000000240e-02 -9.990360000000000351e-01 -8.949999999999999623e-04 9.990360000000000351e-01 -4.388700000000000240e-02 9.160000000000000390e-04
1.900000000000000000e+01 3.000000000000000000e+00 2.500000000000000000e+01 0.000000000000000000e+00 1.600000000000000089e+00 -3.481000000000000153e-03 1.299999999999999940e-03 9.999930000000000208e-01 -3.786099999999999882e-02 -9.992820000000000036e-01 1.167000000000000069e-03 9.992769999999999708e-01 -3.785600000000000076e-02 3.527999999999999886e-03
2.600000000000000000e+01 3.000000000000000000e+00 2.500000000000000000e+01 0.000000000000000000e+00 1.600000000000000089e+00 3.046000000000000096e-03 4.435999999999999839e-03 9.999860000000000415e-01 -3.894500000000000045e-02 -9.992309999999999803e-01 4.551000000000000358e-03 9.992370000000000418e-01 -3.895799999999999957e-02 -2.870999999999999854e-03
1.400000000000000000e+01 4.600000000000000000e+01 2.700000000000000000e+01 0.000000000000000000e+00 1.600000000000000089e+00 2.575000000000000032e-03 2.543999999999999821e-03 -9.999930000000000208e-01 6.597809999999999508e-01 7.514490000000000336e-01 3.611000000000000060e-03 7.514539999999999553e-01 -6.597859999999999836e-01 2.559999999999999884e-04
2.500000000000000000e+01 4.600000000000000000e+01 2.700000000000000000e+01 0.000000000000000000e+00 1.600000000000000089e+00 2.148000000000000170e-03 2.017999999999999829e-03 -9.999959999999999960e-01 6.625429999999999930e-01 7.490189999999999904e-01 2.935000000000000109e-03 7.490210000000000479e-01 -6.625459999999999683e-01 2.719999999999999979e-04
2.900000000000000000e+01 4.600000000000000000e+01 2.700000000000000000e+01 0.000000000000000000e+00 1.600000000000000089e+00 4.305999999999999932e-03 1.843999999999999936e-03 -9.999890000000000168e-01 6.671559999999999713e-01 7.449059999999999571e-01 4.246999999999999907e-03 7.449059999999999571e-01 -6.671660000000000368e-01 1.978000000000000157e-03
5.000000000000000000e+00 5.800000000000000000e+01 3.100000000000000000e+01 0.000000000000000000e+00 1.600000000000000089e+00 3.635999999999999909e-03 -3.114000000000000015e-03 9.999879999999999880e-01 -7.953480000000000549e-01 -6.061520000000000241e-01 1.005000000000000034e-03 6.061419999999999586e-01 -7.953430000000000222e-01 -4.681000000000000265e-03
1.800000000000000000e+01 5.800000000000000000e+01 3.100000000000000000e+01 0.000000000000000000e+00 1.600000000000000089e+00 -2.098000000000000038e-03 3.645999999999999935e-03 9.999909999999999632e-01 -7.949450000000000127e-01 -6.066810000000000258e-01 5.439999999999999957e-04 6.066780000000000506e-01 -7.949370000000000047e-01 4.172000000000000361e-03
2.400000000000000000e+01 5.800000000000000000e+01 3.100000000000000000e+01 0.000000000000000000e+00 1.600000000000000089e+00 8.760000000000000425e-04 4.840000000000000010e-04 1.000000000000000000e+00 -7.946550000000000002e-01 -6.070600000000000440e-01 9.899999999999999946e-04 6.070609999999999618e-01 -7.946560000000000290e-01 -1.469999999999999953e-04
2.800000000000000000e+01 5.800000000000000000e+01 3.100000000000000000e+01 0.000000000000000000e+00 1.600000000000000089e+00 3.921000000000000006e-03 4.067000000000000302e-03 9.999839999999999840e-01 -7.937990000000000324e-01 -6.081550000000000011e-01 5.585999999999999820e-03 6.081680000000000419e-01 -7.938079999999999581e-01 8.429999999999999993e-04
2.000000000000000000e+00 6.000000000000000000e+00 3.200000000000000000e+01 0.000000000000000000e+00 1.600000000000000089e+00 5.000000000000000104e-04 2.759000000000000168e-03 -9.999959999999999960e-01 1.105270000000000002e-01 9.938690000000000024e-01 2.797000000000000007e-03 9.938730000000000064e-01 -1.105280000000000012e-01 1.920000000000000049e-04
2.800000000000000000e+01 6.000000000000000000e+00 3.200000000000000000e+01 0.000000000000000000e+00 1.600000000000000089e+00 -1.330000000000000073e-04 -6.460999999999999729e-03 -9.999789999999999512e-01 1.353330000000000088e-01 9.907789999999999653e-01 -6.419000000000000226e-03 9.908000000000000140e-01 -1.353310000000000068e-01 7.429999999999999539e-04
9.000000000000000000e+00 5.900000000000000000e+01 3.200000000000000000e+01 0.000000000000000000e+00 1.600000000000000089e+00 2.311000000000000120e-03 4.950000000000000407e-03 9.999850000000000128e-01 -6.931150000000000366e-01 -7.208080000000000043e-01 5.170000000000000116e-03 7.208229999999999915e-01 -6.931169999999999831e-01 1.765000000000000076e-03
2.700000000000000000e+01 4.200000000000000000e+01 3.400000000000000000e+01 0.000000000000000000e+00 1.600000000000000089e+00 -2.896999999999999836e-03 2.281000000000000041e-03 -9.999930000000000208e-01 -2.930349999999999899e-01 9.560969999999999747e-01 3.029000000000000008e-03 9.560969999999999747e-01 2.930409999999999959e-01 -2.102000000000000136e-03
5.000000000000000000e+00 4.600000000000000000e+01 3.500000000000000000e+01 0.000000000000000000e+00 1.600000000000000089e+00 -4.659999999999999971e-04 -2.073000000000000190e-03 -9.999980000000000535e-01 3.848520000000000274e-01 -9.229770000000000474e-01 1.734000000000000081e-03 -9.229779999999999651e-01 -3.848509999999999986e-01 1.227999999999999925e-03
9.000000000000000000e+00 4.600000000000000000e+01 3.500000000000000000e+01 0.000000000000000000e+00 1.600000000000000089e+00 6.149999999999999868e-04 -4.449999999999999746e-04 -1.000000000000000000e+00 3.849360000000000004e-01 -9.229429999999999579e-01 6.470000000000000057e-04 -9.229429999999999579e-01 -3.849360000000000004e-01 -3.959999999999999762e-04
1.300000000000000000e+01 4.600000000000000000e+01 3.500000000000000000e+01 0.000000000000000000e+00 1.600000000000000089e+00 -9.699999999999999963e-05 -2.130000000000000003e-04 -1.000000000000000000e+00 3.844119999999999759e-01 -9.231610000000000094e-01 1.589999999999999888e-04 -9.231610000000000094e-01 -3.844119999999999759e-01 1.710000000000000094e-04
1.900000000000000000e+01 4.600000000000000000e+01 3.500000000000000000e+01 0.000000000000000000e+00 1.600000000000000089e+00 1.013000000000000012e-03 -2.480000000000000108e-04 -9.999989999999999712e-01 3.843440000000000190e-01 -9.231899999999999551e-01 6.179999999999999513e-04 -9.231890000000000374e-01 -3.843449999999999922e-01 -8.400000000000000348e-04
2.400000000000000000e+01 4.600000000000000000e+01 3.500000000000000000e+01 0.000000000000000000e+00 1.600000000000000089e+00 -1.129999999999999955e-04 -1.620000000000000075e-04 -1.000000000000000000e+00 3.846390000000000087e-01 -9.230669999999999709e-01 1.060000000000000016e-04 -9.230669999999999709e-01 -3.846390000000000087e-01 1.669999999999999935e-04
2.700000000000000000e+01 4.600000000000000000e+01 3.500000000000000000e+01 0.000000000000000000e+00 1.600000000000000089e+00 -1.669999999999999935e-04 4.809999999999999823e-04 -1.000000000000000000e+00 3.834929999999999728e-01 -9.235440000000000316e-01 -5.079999999999999880e-04 -9.235440000000000316e-01 -3.834929999999999728e-01 -3.100000000000000135e-05
6.000000000000000000e+00 9.500000000000000000e+01 3.600000000000000000e+01 0.000000000000000000e+00 1.600000000000000089e+00 -2.694999999999999913e-03 7.131000000000000186e-03 9.999710000000000543e-01 9.971900000000000208e-01 7.488200000000000411e-02 2.152999999999999966e-03 -7.486500000000000099e-02 9.971670000000000256e-01 -7.313000000000000056e-03
1.100000000000000000e+01 9.500000000000000000e+01 3.600000000000000000e+01 0.000000000000000000e+00 1.600000000000000089e+00 -3.043999999999999831e-03 1.663600000000000148e-02 9.998569999999999958e-01 9.972710000000000186e-01 7.380499999999999561e-02 1.807999999999999928e-03 -7.376399999999999624e-02 9.971339999999999648e-01 -1.681500000000000009e-02
1.600000000000000000e+01 9.500000000000000000e+01 3.600000000000000000e+01 0.000000000000000000e+00 1.600000000000000089e+00 1.092100000000000015e-02 1.656200000000000033e-02 9.998029999999999973e-01 9.966679999999999984e-01 8.064699999999999647e-02 -1.222200000000000022e-02 -8.083400000000000307e-02 9.966049999999999631e-01 -1.562699999999999853e-02
2.100000000000000000e+01 9.500000000000000000e+01 3.600000000000000000e+01 0.000000000000000000e+00 1.600000000000000089e+00 1.034000000000000023e-02 5.179999999999999709e-03 9.999329999999999607e-01 9.965159999999999574e-01 8.270399999999999974e-02 -1.073299999999999949e-02 -8.275399999999999423e-02 9.965610000000000301e-01 -4.307000000000000065e-03
2.600000000000000000e+01 9.500000000000000000e+01 3.600000000000000000e+01 0.000000000000000000e+00 1.600000000000000089e+00 2.011999999999999900e-03 2.016899999999999943e-02 9.997949999999999893e-01 9.966479999999999784e-01 8.172799999999999510e-02 -3.654000000000000130e-03 -8.178499999999999659e-02 9.964509999999999756e-01 -1.993699999999999986e-02
6.000000000000000000e+00 3.000000000000000000e+00 4.300000000000000000e+01 0.000000000000000000e+00 1.600000000000000089e+00 1.413999999999999892e-03 -2.131200000000000108e-02 -9.997719999999999940e-01 7.341229999999999700e-01 -6.788389999999999702e-01 1.550900000000000022e-02 -6.790150000000000352e-01 -7.339769999999999905e-01 1.468599999999999940e-02
1.400000000000000000e+01 3.000000000000000000e+00 4.300000000000000000e+01 0.000000000000000000e+00 1.600000000000000089e+00 4.388999999999999672e-03 2.691400000000000042e-02 -9.996279999999999610e-01 7.404269999999999463e-01 -6.719730000000000425e-01 -1.484100000000000003e-02 -6.721230000000000260e-01 -7.400860000000000216e-01 -2.287700000000000150e-02
2.200000000000000000e+01 3.000000000000000000e+00 4.300000000000000000e+01 0.000000000000000000e+00 1.600000000000000089e+00 -4.185999999999999617e-03 -4.237599999999999700e-02 -9.990930000000000089e-01 7.389219999999999677e-01 -6.733090000000000463e-01 2.546299999999999952e-02 -6.737769999999999593e-01 -7.381459999999999688e-01 3.413100000000000162e-02
2.900000000000000000e+01 3.000000000000000000e+00 4.300000000000000000e+01 0.000000000000000000e+00 1.600000000000000089e+00 -2.033999999999999784e-03 -5.040599999999999942e-02 -9.987270000000000314e-01 7.432060000000000333e-01 -6.682869999999999644e-01 3.221500000000000058e-02 -6.690599999999999881e-01 -7.421940000000000204e-01 3.882100000000000134e-02
1.000000000000000000e+00 2.900000000000000000e+01 4.400000000000000000e+01 0.000000000000000000e+00 1.600000000000000089e+00 -1.029999999999999964e-04 -2.620000000000000258e-04 -1.000000000000000000e+00 6.842030000000000056e-01 7.292920000000000513e-01 -2.620000000000000258e-04 7.292920000000000513e-01 -6.842030000000000056e-01 1.050000000000000044e-04
7.000000000000000000e+00 2.900000000000000000e+01 4.400000000000000000e+01 0.000000000000000000e+00 1.600000000000000089e+00 -2.569000000000000103e-03 1.660999999999999933e-03 -9.999949999999999672e-01 6.844230000000000036e-01 7.290849999999999831e-01 -5.469999999999999602e-04 7.290809999999999791e-01 -6.844209999999999461e-01 -3.008999999999999956e-03
1.300000000000000000e+01 2.900000000000000000e+01 4.400000000000000000e+01 0.000000000000000000e+00 1.600000000000000089e+00 -2.896999999999999836e-03 3.752000000000000127e-03 -9.999890000000000168e-01 6.719100000000000072e-01 7.406319999999999570e-01 8.319999999999999488e-04 7.406270000000000353e-01 -6.719000000000000528e-01 -4.667000000000000141e-03
2.100000000000000000e+01 2.900000000000000000e+01 4.400000000000000000e+01 0.000000000000000000e+00 1.600000000000000089e+00 -5.969999999999999829e-04 2.681999999999999922e-03 -9.999959999999999960e-01 6.612590000000000412e-01 7.501560000000000450e-01 1.616999999999999948e-03 7.501569999999999627e-01 -6.612559999999999549e-01 -2.222000000000000017e-03
2.600000000000000000e+01 2.900000000000000000e+01 4.400000000000000000e+01 0.000000000000000000e+00 1.600000000000000089e+00 1.010000000000000047e-03 2.841999999999999908e-03 -9.999949999999999672e-01 6.553419999999999801e-01 7.553279999999999994e-01 2.808000000000000166e-03 7.553320000000000034e-01 -6.553409999999999513e-01 -1.098999999999999934e-03
6.000000000000000000e+00 5.400000000000000000e+01 4.600000000000000000e+01 0.000000000000000000e+00 1.600000000000000089e+00 -1.956999999999999972e-03 9.690000000000000262e-04 9.999980000000000535e-01 3.105049999999999755e-01 -9.505710000000000548e-01 1.528999999999999977e-03 9.505700000000000260e-01 3.105069999999999775e-01 1.559000000000000056e-03
1.500000000000000000e+01 5.400000000000000000e+01 4.600000000000000000e+01 0.000000000000000000e+00 1.600000000000000089e+00 9.590000000000000000e-04 -8.392999999999999419e-03 9.999639999999999640e-01 3.076200000000000045e-01 -9.514730000000000132e-01 -8.281000000000000166e-03 9.515090000000000492e-01 3.076169999999999738e-01 1.668999999999999911e-03
2.500000000000000000e+01 5.400000000000000000e+01 4.600000000000000000e+01 0.000000000000000000e+00 1.600000000000000089e+00 6.620000000000000450e-04 -9.594999999999999363e-03 9.999540000000000095e-01 3.166189999999999838e-01 -9.485069999999999890e-01 -9.310999999999999832e-03 9.485529999999999795e-01 3.166100000000000025e-01 2.409999999999999816e-03
3.000000000000000000e+01 5.400000000000000000e+01 4.600000000000000000e+01 0.000000000000000000e+00 1.600000000000000089e+00 1.425999999999999967e-03 -6.813999999999999745e-03 9.999759999999999760e-01 3.414679999999999938e-01 -9.398680000000000367e-01 -6.891000000000000424e-03 9.398919999999999497e-01 3.414699999999999958e-01 9.870000000000000301e-04
8.000000000000000000e+00 6.500000000000000000e+01 4.600000000000000000e+01 0.000000000000000000e+00 1.600000000000000089e+00 1.544999999999999932e-03 -8.369999999999999619e-04 9.999980000000000535e-01 6.802369999999999806e-01 -7.329909999999999481e-01 -1.665000000000000030e-03 7.329909999999999481e-01 6.802380000000000093e-01 -5.630000000000000239e-04
3.000000000000000000e+00 7.000000000000000000e+00 5.200000000000000000e+01 0.000000000000000000e+00 1.600000000000000089e+00 -5.407999999999999613e-03 -1.226700000000000013e-02 -9.999099999999999655e-01 1.063339999999999980e-01 -9.942630000000000079e-01 1.162200000000000039e-02 -9.943159999999999776e-01 -1.062619999999999953e-01 6.681999999999999572e-03
5.000000000000000000e+00 7.000000000000000000e+00 5.200000000000000000e+01 0.000000000000000000e+00 1.600000000000000089e+00 -4.075999999999999762e-03 -5.329000000000000403e-03 -9.999770000000000048e-01 1.053919999999999996e-01 -9.944190000000000529e-01 4.870000000000000197e-03 -9.944220000000000281e-01 -1.053700000000000053e-01 4.615000000000000178e-03
6.000000000000000000e+00 6.300000000000000000e+01 5.400000000000000000e+01 0.000000000000000000e+00 1.600000000000000089e+00 1.392000000000000008e-03 9.790000000000000525e-04 9.999989999999999712e-01 -3.603959999999999941e-01 9.327990000000000448e-01 -4.110000000000000155e-04 -9.327980000000000160e-01 -3.603950000000000209e-01 1.650999999999999907e-03
9.000000000000000000e+00 6.300000000000000000e+01 5.400000000000000000e+01 0.000000000000000000e+00 1.600000000000000089e+00 6.700000000000000226e-04 2.397999999999999958e-03 9.999970000000000248e-01 -3.608529999999999793e-01 9.326210000000000333e-01 -1.994999999999999812e-03 -9.326229999999999798e-01 -3.608500000000000041e-01 1.490999999999999921e-03
1.300000000000000000e+01 6.300000000000000000e+01 5.400000000000000000e+01 0.000000000000000000e+00 1.600000000000000089e+00 -1.330000000000000073e-04 2.285000000000000139e-03 9.999970000000000248e-01 -3.626840000000000064e-01 9.319100000000000161e-01 -2.177999999999999815e-03 -9.319119999999999626e-01 -3.626829999999999776e-01 7.050000000000000060e-04
1.800000000000000000e+01 6.300000000000000000e+01 5.400000000000000000e+01 0.000000000000000000e+00 1.600000000000000089e+00 -1.877999999999999895e-03 1.936000000000000004e-03 9.999959999999999960e-01 -3.530010000000000092e-01 9.356200000000000072e-01 -2.474000000000000071e-03 -9.356210000000000360e-01 -3.530039999999999845e-01 -1.074000000000000085e-03
2.200000000000000000e+01 6.300000000000000000e+01 5.400000000000000000e+01 0.000000000000000000e+00 1.600000000000000089e+00 1.800000000000000113e-04 4.320000000000000055e-03 9.999909999999999632e-01 -3.486620000000000275e-01 9.372399999999999620e-01 -3.985999999999999960e-03 -9.372489999999999988e-01 -3.486580000000000235e-01 1.675000000000000057e-03
2.600000000000000000e+01 6.300000000000000000e+01 5.400000000000000000e+01 0.000000000000000000e+00 1.600000000000000089e+00 -2.269999999999999882e-04 6.890000000000000508e-04 1.000000000000000000e+00 -3.492279999999999829e-01 9.370380000000000376e-01 -7.249999999999999500e-04 -9.370380000000000376e-01 -3.492279999999999829e-01 2.799999999999999958e-05
1.000000000000000000e+01 2.500000000000000000e+01 5.500000000000000000e+01 0.000000000000000000e+00 1.600000000000000089e+00 -3.550000000000000096e-04 -6.210000000000000242e-04 -1.000000000000000000e+00 -1.115700000000000025e-02 -9.999379999999999935e-01 6.239999999999999887e-04 -9.999379999999999935e-01 1.115799999999999952e-02 3.480000000000000020e-04
1.400000000000000000e+01 2.500000000000000000e+01 5.500000000000000000e+01 0.000000000000000000e+00 1.600000000000000089e+00 4.199999999999999768e-05 -4.699999999999999724e-05 -1.000000000000000000e+00 -1.032100000000000031e-02 -9.999470000000000303e-01 4.699999999999999724e-05 -9.999470000000000303e-01 1.032100000000000031e-02 -4.300000000000000165e-05
1.700000000000000000e+01 2.500000000000000000e+01 5.500000000000000000e+01 0.000000000000000000e+00 1.600000000000000089e+00 -7.499999999999999343e-05 -1.781999999999999947e-03 -9.999980000000000535e-01 -1.025099999999999970e-02 -9.999460000000000015e-01 1.783000000000000080e-03 -9.999470000000000303e-01 1.025099999999999970e-02 5.700000000000000314e-05
2.500000000000000000e+01 2.500000000000000000e+01 5.500000000000000000e+01 0.000000000000000000e+00 1.600000000000000089e+00 5.000000000000000104e-04 -2.100000000000000087e-04 -1.000000000000000000e+00 -1.061999999999999923e-02 -9.999440000000000550e-01 2.049999999999999956e-04 -9.999430000000000263e-01 1.061999999999999923e-02 -5.019999999999999506e-04
1.500000000000000000e+01 6.800000000000000000e+01 5.700000000000000000e+01 0.000000000000000000e+00 1.600000000000000089e+00 1.319999999999999993e-03 2.733999999999999885e-03 -9.999949999999999672e-01 -2.458950000000000025e-01 -9.692920000000000424e-01 -2.974000000000000081e-03 -9.692960000000000464e-01 2.458980000000000055e-01 -6.070000000000000092e-04
6.000000000000000000e+00 2.100000000000000000e+01 6.000000000000000000e+01 0.000000000000000000e+00 1.600000000000000089e+00 -9.100000000000000287e-05 -9.294000000000000178e-03 9.999569999999999848e-01 -9.286700000000000510e-02 9.956359999999999655e-01 9.244999999999999746e-03 -9.956779999999999520e-01 -9.286200000000000010e-02 -9.539999999999999869e-04
9.000000000000000000e+00 2.100000000000000000e+01 6.000000000000000000e+01 0.000000000000000000e+00 1.600000000000000089e+00 -1.701999999999999954e-03 2.265999999999999785e-03 9.999959999999999960e-01 -9.394600000000000173e-02 9.955739999999999590e-01 -2.416000000000000179e-03 -9.955760000000000165e-01 -9.395000000000000573e-02 -1.482000000000000027e-03
1.700000000000000000e+01 2.100000000000000000e+01 6.000000000000000000e+01 0.000000000000000000e+00 1.600000000000000089e+00 -9.799999999999999684e-05 8.403000000000000747e-03 9.999649999999999928e-01 -9.549599999999999755e-02 9.953950000000000298e-01 -8.373999999999999500e-03 -9.954300000000000370e-01 -9.549399999999999555e-02 7.050000000000000060e-04
2.100000000000000000e+01 2.100000000000000000e+01 6.000000000000000000e+01 0.000000000000000000e+00 1.600000000000000089e+00 -8.159999999999999936e-04 2.369999999999999874e-04 1.000000000000000000e+00 -9.449699999999999767e-02 9.955249999999999932e-01 -3.130000000000000187e-04 -9.955249999999999932e-01 -9.449799999999999867e-02 -7.900000000000000121e-04
2.100000000000000000e+01 3.000000000000000000e+00 6.300000000000000000e+01 0.000000000000000000e+00 1.600000000000000089e+00 -6.229999999999999644e-04 -3.359999999999999814e-04 1.000000000000000000e+00 -6.142320000000000002e-01 7.891249999999999654e-01 -1.169999999999999979e-04 -7.891249999999999654e-01 -6.142320000000000002e-01 -6.980000000000000527e-04
2.600000000000000000e+01 3.000000000000000000e+00 6.300000000000000000e+01 0.000000000000000000e+00 1.600000000000000089e+00 -8.620000000000000275e-04 9.920000000000000432e-04 9.999989999999999712e-01 -6.147690000000000099e-01 7.887060000000000182e-01 -1.312000000000000015e-03 -7.887070000000000469e-01 -6.147690000000000099e-01 -6.999999999999999387e-05
2.000000000000000000e+00 2.700000000000000000e+01 6.300000000000000000e+01 0.000000000000000000e+00 1.600000000000000089e+00 1.049999999999999935e-03 -5.919999999999999698e-04 9.999989999999999712e-01 -2.778680000000000039e-01 9.606190000000000007e-01 8.610000000000000032e-04 -9.606190000000000007e-01 -2.778689999999999771e-01 8.440000000000000236e-04
8.000000000000000000e+00 2.700000000000000000e+01 6.300000000000000000e+01 0.000000000000000000e+00 1.600000000000000089e+00 -2.150000000000000001e-03 -1.032399999999999984e-02 9.999440000000000550e-01 -2.777549999999999741e-01 9.606069999999999887e-01 9.320999999999999425e-03 -9.606500000000000039e-01 -2.777189999999999936e-01 -4.931999999999999752e-03
1.100000000000000000e+01 2.700000000000000000e+01 6.300000000000000000e+01 0.000000000000000000e+00 1.600000000000000089e+00 -1.020000000000000073e-03 -4.903000000000000240e-03 9.999869999999999592e-01 -2.770710000000000117e-01 9.608389999999999986e-01 4.427999999999999645e-03 -9.608489999999999531e-01 -2.770630000000000037e-01 -2.337999999999999801e-03
