2.600000000000000000e+01 1.300000000000000000e+01 5.000000000000000000e+00 0.000000000000000000e+00 1.600000000000000089e+00 1.914899999999999936e-02 -1.065200000000000036e-01 9.941259999999999541e-01 3.701820000000000110e-01 -9.228899999999999881e-01 -1.060180000000000011e-01 9.287619999999999765e-01 3.700379999999999781e-01 2.175900000000000056e-02
2.500000000000000000e+01 1.000000000000000000e+00 6.000000000000000000e+00 0.000000000000000000e+00 1.600000000000000089e+00 2.012100000000000000e-02 -1.225369999999999931e-01 -9.922600000000000309e-01 -1.762199999999999878e-01 -9.773579999999999490e-01 1.171240000000000059e-01 -9.841450000000000475e-01 1.724990000000000134e-01 -4.125899999999999707e-02
1.400000000000000000e+01 1.010000000000000000e+02 7.000000000000000000e+00 0.000000000000000000e+00 1.600000000000000089e+00 -2.471000000000000106e-03 5.069999999999999637e-04 9.999970000000000248e-01 8.883210000000000273e-01 4.592189999999999883e-01 1.962999999999999901e-03 -4.592160000000000131e-01 8.883229999999999738e-01 -1.585000000000000037e-03
2.500000000000000000e+01 1.010000000000000000e+02 7.000000000000000000e+00 0.000000000000000000e+00 1.600000000000000089e+00 1.686999999999999915e-03 -1.852499999999999980e-02 9.998270000000000213e-01 8.859799999999999898e-01 4.636700000000000266e-01 7.095999999999999877e-03 -4.637209999999999943e-01 8.858139999999999903e-01 1.719499999999999848e-02
8.000000000000000000e+00 2.500000000000000000e+01 8.000000000000000000e+00 0.000000000000000000e+00 1.600000000000000089e+00 -1.010000000000000020e-04 2.605000000000000111e-03 -9.999970000000000248e-01 4.378790000000000182e-01 8.990310000000000246e-01 2.298000000000000129e-03 8.990339999999999998e-01 -4.378779999999999895e-01 -1.231000000000000106e-03
1.200000000000000000e+01 2.500000000000000000e+01 8.000000000000000000e+00 0.000000000000000000e+00 1.600000000000000089e+00 8.499999999999999526e-04 4.441999999999999768e-03 -9.999900000000000455e-01 4.395930000000000115e-01 8.981869999999999576e-01 4.362999999999999691e-03 8.981970000000000232e-01 -4.395919999999999828e-01 -1.188999999999999953e-03
1.600000000000000000e+01 2.500000000000000000e+01 8.000000000000000000e+00 0.000000000000000000e+00 1.600000000000000089e+00 5.379999999999999583e-04 -1.788000000000000093e-03 -9.999980000000000535e-01 4.405299999999999772e-01 8.977370000000000072e-01 -1.368000000000000075e-03 8.977380000000000360e-01 -4.405290000000000039e-01 1.270000000000000078e-03
2.000000000000000000e+01 2.500000000000000000e+01 8.000000000000000000e+00 0.000000000000000000e+00 1.600000000000000089e+00 8.319999999999999488e-04 -5.529999999999999976e-04 -1.000000000000000000e+00 4.403369999999999784e-01 8.978329999999999922e-01 -1.299999999999999886e-04 8.978319999999999634e-01 -4.403369999999999784e-01 9.899999999999999946e-04
2.300000000000000000e+01 2.500000000000000000e+01 8.000000000000000000e+00 0.000000000000000000e+00 1.600000000000000089e+00 1.090999999999999956e-03 4.008000000000000278e-03 -9.999909999999999632e-01 4.399230000000000085e-01 8.980259999999999909e-01 4.079000000000000160e-03 8.980350000000000277e-01 -4.399230000000000085e-01 -7.829999999999999504e-04
2.900000000000000000e+01 2.500000000000000000e+01 8.000000000000000000e+00 0.000000000000000000e+00 1.600000000000000089e+00 1.126999999999999964e-03 7.816999999999999296e-03 -9.999689999999999968e-01 4.388940000000000063e-01 8.985069999999999446e-01 7.518999999999999642e-03 8.985379999999999479e-01 -4.388889999999999736e-01 -2.418000000000000010e-03
1.000000000000000000e+00 2.400000000000000000e+01 9.000000000000000000e+00 0.000000000000000000e+00 1.600000000000000089e+00 -4.829999999999999767e-04 -7.858000000000000401e-03 -9.999689999999999968e-01 4.443810000000000260e-01 8.958080000000000487e-01 -7.254000000000000031e-03 8.958380000000000232e-01 -4.443710000000000160e-01 3.059000000000000087e-03
7.000000000000000000e+00 2.400000000000000000e+01 9.000000000000000000e+00 0.000000000000000000e+00 1.600000000000000089e+00 -2.730000000000000222e-04 2.750000000000000166e-04 -1.000000000000000000e+00 4.442389999999999950e-01 8.959080000000000377e-01 1.250000000000000026e-04 8.959080000000000377e-01 -4.442389999999999950e-01 -3.660000000000000059e-04
1.100000000000000000e+01 2.400000000000000000e+01 9.000000000000000000e+00 0.000000000000000000e+00 1.600000000000000089e+00 -3.609999999999999928e-04 5.645999999999999977e-03 -9.999839999999999840e-01 4.457050000000000178e-01 8.951670000000000460e-01 4.892999999999999780e-03 8.951799999999999757e-01 -4.456959999999999811e-01 -2.838999999999999944e-03
1.500000000000000000e+01 2.400000000000000000e+01 9.000000000000000000e+00 0.000000000000000000e+00 1.600000000000000089e+00 7.389999999999999651e-04 3.899999999999999929e-05 -1.000000000000000000e+00 4.479179999999999828e-01 8.940740000000000354e-01 3.660000000000000059e-04 8.940740000000000354e-01 -4.479179999999999828e-01 6.440000000000000412e-04
1.900000000000000000e+01 2.400000000000000000e+01 9.000000000000000000e+00 0.000000000000000000e+00 1.600000000000000089e+00 6.909999999999999910e-04 -2.549000000000000050e-03 -9.999970000000000248e-01 4.478659999999999863e-01 8.940989999999999771e-01 -1.969999999999999963e-03 8.941000000000000059e-01 -4.478630000000000111e-01 1.758999999999999930e-03
2.400000000000000000e+01 2.400000000000000000e+01 9.000000000000000000e+00 0.000000000000000000e+00 1.600000000000000089e+00 8.279999999999999600e-04 5.342000000000000394e-03 -9.999850000000000128e-01 4.463650000000000118e-01 8.948359999999999648e-01 5.148999999999999931e-03 8.948500000000000343e-01 -4.463630000000000098e-01 -1.644000000000000062e-03
3.000000000000000000e+01 2.400000000000000000e+01 9.000000000000000000e+00 0.000000000000000000e+00 1.600000000000000089e+00 8.739999999999999939e-04 7.636999999999999691e-03 -9.999700000000000255e-01 4.457149999999999723e-01 8.951459999999999972e-01 7.224999999999999652e-03 8.951750000000000540e-01 -4.457079999999999931e-01 -2.622000000000000199e-03
1.700000000000000000e+01 7.000000000000000000e+00 1.000000000000000000e+01 0.000000000000000000e+00 1.600000000000000089e+00 -1.375510000000000066e-01 -7.334300000000000541e-02 -9.877759999999999874e-01 -9.509079999999999755e-01 -2.693380000000000218e-01 1.524159999999999959e-01 -2.772240000000000260e-01 9.602490000000000192e-01 -3.269400000000000084e-02
8.000000000000000000e+00 8.000000000000000000e+00 1.000000000000000000e+01 0.000000000000000000e+00 1.600000000000000089e+00 -1.193209999999999965e-01 -4.017500000000000238e-02 -9.920430000000000081e-01 -9.869440000000000435e-01 -1.040780000000000038e-01 1.229220000000000035e-01 -1.081880000000000064e-01 9.937570000000000014e-01 -2.723100000000000173e-02
1.000000000000000000e+00 9.000000000000000000e+00 1.000000000000000000e+01 0.000000000000000000e+00 1.600000000000000089e+00 -7.102200000000000180e-02 -7.893000000000000710e-03 -9.974429999999999685e-01 -9.882079999999999753e-01 -1.354329999999999978e-01 7.143599999999999950e-02 -1.356499999999999928e-01 9.907550000000000523e-01 1.819000000000000087e-03
1.700000000000000000e+01 3.000000000000000000e+00 1.100000000000000000e+01 0.000000000000000000e+00 1.600000000000000089e+00 1.486200000000000021e-02 -1.502030000000000032e-01 9.885439999999999783e-01 1.965909999999999880e-01 -9.689159999999999995e-01 -1.501760000000000039e-01 9.803730000000000500e-01 1.965709999999999957e-01 1.512900000000000009e-02
1.400000000000000000e+01 3.100000000000000000e+01 1.200000000000000000e+01 0.000000000000000000e+00 1.600000000000000089e+00 -5.659999999999999884e-04 4.815999999999999968e-03 9.999879999999999880e-01 -3.063799999999999857e-02 9.995190000000000463e-01 -4.831000000000000225e-03 -9.995300000000000296e-01 -3.064000000000000057e-02 -4.180000000000000230e-04
5.000000000000000000e+00 3.500000000000000000e+01 1.200000000000000000e+01 0.000000000000000000e+00 1.600000000000000089e+00 -1.451999999999999949e-03 4.516000000000000049e-03 -9.999890000000000168e-01 4.530620000000000203e-01 -8.914670000000000094e-01 -4.683999999999999796e-03 -8.914779999999999927e-01 -4.530640000000000223e-01 -7.510000000000000399e-04
8.000000000000000000e+00 3.500000000000000000e+01 1.200000000000000000e+01 0.000000000000000000e+00 1.600000000000000089e+00 -2.537000000000000192e-03 4.556000000000000154e-03 -9.999860000000000415e-01 4.603050000000000197e-01 -8.877460000000000351e-01 -5.211999999999999619e-03 -8.877570000000000183e-01 -4.603119999999999989e-01 1.550000000000000000e-04
2.600000000000000000e+01 3.200000000000000000e+01 1.400000000000000000e+01 0.000000000000000000e+00 1.600000000000000089e+00 -1.740999999999999926e-03 -4.643999999999999691e-03 -9.999879999999999880e-01 1.259869999999999879e-01 9.920200000000000129e-01 -4.826000000000000428e-03 9.920299999999999674e-01 -1.259939999999999949e-01 -1.142000000000000003e-03
2.300000000000000000e+01 1.200000000000000000e+01 1.500000000000000000e+01 0.000000000000000000e+00 1.600000000000000089e+00 1.136599999999999937e-02 1.704500000000000112e-02 -9.997899999999999565e-01 -4.021629999999999927e-01 -9.153459999999999930e-01 -2.017700000000000049e-02 -9.154970000000000052e-01 4.023079999999999989e-01 -3.549000000000000071e-03
4.000000000000000000e+00 1.200000000000000000e+01 1.600000000000000000e+01 0.000000000000000000e+00 1.600000000000000089e+00 9.523999999999999480e-03 -7.679700000000000415e-02 9.970010000000000261e-01 2.414640000000000120e-01 -9.673640000000000017e-01 -7.682100000000000040e-02 9.703629999999999756e-01 2.414719999999999922e-01 9.331000000000000752e-03
2.100000000000000000e+01 1.160000000000000000e+02 1.600000000000000000e+01 0.000000000000000000e+00 1.600000000000000089e+00 9.349999999999999587e-04 1.546000000000000065e-03 9.999980000000000535e-01 7.022230000000000416e-01 7.119550000000000045e-01 -1.757000000000000098e-03 -7.119569999999999510e-01 7.022230000000000416e-01 -4.200000000000000174e-04
9.000000000000000000e+00 2.000000000000000000e+00 1.900000000000000000e+01 0.000000000000000000e+00 1.600000000000000089e+00 1.285599999999999937e-02 -6.807399999999999562e-02 -9.975969999999999560e-01 3.630740000000000078e-01 -9.292690000000000117e-01 6.809099999999999875e-02 -9.316719999999999446e-01 -3.630769999999999831e-01 1.276900000000000084e-02
1.300000000000000000e+01 2.000000000000000000e+00 1.900000000000000000e+01 0.000000000000000000e+00 1.600000000000000089e+00 1.416700000000000077e-02 -5.645200000000000218e-02 -9.983049999999999979e-01 3.667030000000000012e-01 -9.285470000000000113e-01 5.771099999999999841e-02 -9.302300000000000013e-01 -3.668989999999999752e-01 7.545999999999999756e-03
1.900000000000000000e+01 2.000000000000000000e+00 1.900000000000000000e+01 0.000000000000000000e+00 1.600000000000000089e+00 6.163000000000000075e-03 -4.436199999999999866e-02 -9.989959999999999951e-01 3.544019999999999948e-01 -9.340730000000000421e-01 4.366600000000000342e-02 -9.350730000000000430e-01 -3.543160000000000198e-01 9.964999999999999900e-03
2.200000000000000000e+01 2.000000000000000000e+00 1.900000000000000000e+01 0.000000000000000000e+00 1.600000000000000089e+00 -1.614999999999999899e-03 -6.670399999999999940e-02 -9.977719999999999922e-01 3.410579999999999723e-01 -9.379849999999999577e-01 6.215500000000000191e-02 -9.400410000000000155e-01 -3.401980000000000004e-01 2.426499999999999838e-02
2.700000000000000000e+01 2.000000000000000000e+00 1.900000000000000000e+01 0.000000000000000000e+00 1.600000000000000089e+00 -2.575300000000000158e-02 -6.500699999999999534e-02 -9.975519999999999943e-01 3.140660000000000118e-01 -9.478830000000000311e-01 5.366300000000000237e-02 -9.490520000000000067e-01 -3.119149999999999978e-01 4.482699999999999879e-02
3.000000000000000000e+00 3.000000000000000000e+00 1.900000000000000000e+01 0.000000000000000000e+00 1.600000000000000089e+00 1.317399999999999995e-02 -5.720800000000000191e-02 -9.982750000000000234e-01 3.431980000000000031e-01 -9.374550000000000383e-01 5.825199999999999823e-02 -9.391699999999999493e-01 -3.433740000000000125e-01 7.283999999999999676e-03
1.600000000000000000e+01 3.000000000000000000e+00 1.900000000000000000e+01 0.000000000000000000e+00 1.600000000000000089e+00 1.234000000000000027e-02 -3.087399999999999867e-02 -9.994469999999999743e-01 3.336359999999999881e-01 -9.421169999999999822e-01 3.322200000000000153e-02 -9.426210000000000422e-01 -3.338610000000000189e-01 -1.325999999999999922e-03
2.100000000000000000e+01 3.000000000000000000e+00 1.900000000000000000e+01 0.000000000000000000e+00 1.600000000000000089e+00 -9.719999999999999907e-04 -4.942900000000000071e-02 -9.987770000000000259e-01 3.208799999999999986e-01 -9.459779999999999855e-01 4.650399999999999673e-02 -9.471190000000000442e-01 -3.204420000000000046e-01 1.677999999999999978e-02
2.600000000000000000e+01 3.000000000000000000e+00 1.900000000000000000e+01 0.000000000000000000e+00 1.600000000000000089e+00 -2.627900000000000028e-02 -6.565000000000000002e-02 -9.974969999999999670e-01 3.026119999999999921e-01 -9.515460000000000029e-01 5.465300000000000019e-02 -9.527520000000000433e-01 -3.004180000000000184e-01 4.487200000000000216e-02
4.000000000000000000e+00 4.000000000000000000e+00 2.000000000000000000e+01 0.000000000000000000e+00 1.600000000000000089e+00 9.296999999999999709e-03 -5.501799999999999746e-02 -9.984420000000000517e-01 4.074280000000000124e-01 -9.116379999999999484e-01 5.402900000000000064e-02 -9.131899999999999462e-01 -4.072950000000000181e-01 1.394100000000000027e-02
2.200000000000000000e+01 4.000000000000000000e+00 2.000000000000000000e+01 0.000000000000000000e+00 1.600000000000000089e+00 -1.925999999999999978e-03 -2.916399999999999895e-02 -9.995730000000000448e-01 3.367829999999999990e-01 -9.412000000000000366e-01 2.681199999999999903e-02 -9.415799999999999725e-01 -3.365870000000000251e-01 1.163499999999999951e-02
6.000000000000000000e+00 1.300000000000000000e+01 2.000000000000000000e+01 0.000000000000000000e+00 1.600000000000000089e+00 3.240000000000000150e-04 1.039999999999999909e-03 9.999989999999999712e-01 2.624819999999999931e-01 9.649360000000000159e-01 -1.087999999999999991e-03 -9.649370000000000447e-01 2.624819999999999931e-01 3.899999999999999929e-05
1.000000000000000000e+01 1.300000000000000000e+01 2.000000000000000000e+01 0.000000000000000000e+00 1.600000000000000089e+00 -7.600000000000000418e-05 3.837000000000000133e-03 9.999930000000000208e-01 2.604330000000000256e-01 9.654850000000000376e-01 -3.684999999999999908e-03 -9.654920000000000169e-01 2.604310000000000236e-01 -1.072000000000000036e-03
1.500000000000000000e+01 1.300000000000000000e+01 2.000000000000000000e+01 0.000000000000000000e+00 1.600000000000000089e+00 -6.840000000000000377e-04 -2.648000000000000180e-03 9.999959999999999960e-01 2.595930000000000182e-01 9.657139999999999613e-01 2.733999999999999885e-03 -9.657179999999999653e-01 2.595939999999999914e-01 2.699999999999999899e-05
1.900000000000000000e+01 1.300000000000000000e+01 2.000000000000000000e+01 0.000000000000000000e+00 1.600000000000000089e+00 -1.809000000000000061e-03 -7.931000000000000549e-03 9.999670000000000503e-01 2.622929999999999984e-01 9.649539999999999784e-01 8.127999999999999808e-03 -9.649870000000000392e-01 2.622990000000000044e-01 3.350000000000000113e-04
2.400000000000000000e+01 1.300000000000000000e+01 2.000000000000000000e+01 0.000000000000000000e+00 1.600000000000000089e+00 -1.459999999999999981e-04 -3.291999999999999788e-03 9.999949999999999672e-01 2.646970000000000156e-01 9.643260000000000165e-01 3.213000000000000144e-03 -9.643319999999999670e-01 2.646959999999999869e-01 7.299999999999999632e-04
2.900000000000000000e+01 1.300000000000000000e+01 2.000000000000000000e+01 0.000000000000000000e+00 1.600000000000000089e+00 7.370000000000000249e-04 2.784000000000000016e-03 9.999959999999999960e-01 2.651020000000000043e-01 9.642159999999999620e-01 -2.879000000000000049e-03 -9.642199999999999660e-01 2.651029999999999776e-01 -2.799999999999999958e-05
3.000000000000000000e+00 3.000000000000000000e+00 2.500000000000000000e+01 0.000000000000000000e+00 1.600000000000000089e+00 1.063399999999999936e-02 -5.006599999999999939e-02 9.986890000000000489e-01 1.256799999999999931e-02 -9.986599999999999921e-01 -5.019799999999999957e-02 9.998639999999999750e-01 1.308600000000000041e-02 -9.990000000000000616e-03
1.200000000000000000e+01 3.000000000000000000e+00 2.500000000000000000e+01 0.000000000000000000e+00 1.600000000000000089e+00 1.474800000000000069e-02 -3.979400000000000298e-02 9.990989999999999593e-01 -2.716999999999999797e-03 -9.992060000000000386e-01 -3.975900000000000267e-02 9.998879999999999990e-01 -2.128000000000000117e-03 -1.484500000000000056e-02
1.800000000000000000e+01 3.000000000000000000e+00 2.500000000000000000e+01 0.000000000000000000e+00 1.600000000000000089e+00 -3.886000000000000131e-03 5.189000000000000036e-03 9.999789999999999512e-01 -3.858899999999999830e-02 -9.992419999999999636e-01 5.035000000000000413e-03 9.992480000000000251e-01 -3.856899999999999912e-02 4.082999999999999824e-03
7.000000000000000000e+00 4.600000000000000000e+01 2.700000000000000000e+01 0.000000000000000000e+00 1.600000000000000089e+00 1.131999999999999977e-03 8.729999999999999696e-04 -9.999989999999999712e-01 6.777069999999999483e-01 7.353309999999999569e-01 1.409000000000000096e-03 7.353319999999999856e-01 -6.777069999999999483e-01 2.400000000000000061e-04
1.900000000000000000e+01 4.600000000000000000e+01 2.700000000000000000e+01 0.000000000000000000e+00 1.600000000000000089e+00 -4.350000000000000026e-04 -2.854999999999999899e-03 -9.999959999999999960e-01 6.807189999999999630e-01 7.325409999999999977e-01 -2.387999999999999932e-03 7.325450000000000017e-01 -6.807170000000000165e-01 1.624000000000000010e-03
2.800000000000000000e+01 4.600000000000000000e+01 2.700000000000000000e+01 0.000000000000000000e+00 1.600000000000000089e+00 -6.440000000000000412e-04 3.863999999999999813e-03 -9.999919999999999920e-01 6.753550000000000386e-01 7.374889999999999501e-01 2.415000000000000046e-03 7.374929999999999541e-01 -6.753479999999999484e-01 -3.085000000000000069e-03
3.000000000000000000e+00 4.600000000000000000e+01 3.000000000000000000e+01 0.000000000000000000e+00 1.600000000000000089e+00 9.399999999999999719e-04 1.799999999999999951e-03 -9.999980000000000535e-01 3.286660000000000137e-01 9.444439999999999502e-01 2.008999999999999935e-03 9.444460000000000077e-01 -3.286669999999999869e-01 2.959999999999999849e-04
3.000000000000000000e+00 5.800000000000000000e+01 3.100000000000000000e+01 0.000000000000000000e+00 1.600000000000000089e+00 4.688999999999999592e-03 2.471000000000000106e-03 9.999860000000000415e-01 -8.036339999999999595e-01 -5.950999999999999623e-01 5.238999999999999733e-03 5.951049999999999951e-01 -8.036480000000000290e-01 -8.050000000000000515e-04
8.000000000000000000e+00 5.800000000000000000e+01 3.100000000000000000e+01 0.000000000000000000e+00 1.600000000000000089e+00 -1.801999999999999999e-03 -1.440000000000000091e-03 9.999970000000000248e-01 -8.078689999999999483e-01 -5.893570000000000197e-01 -2.305000000000000191e-03 5.893589999999999662e-01 -8.078710000000000058e-01 -1.010000000000000020e-04
1.300000000000000000e+01 5.800000000000000000e+01 3.100000000000000000e+01 0.000000000000000000e+00 1.600000000000000089e+00 -5.126000000000000348e-03 -3.949000000000000253e-03 9.999789999999999512e-01 -8.117760000000000531e-01 -5.839330000000000354e-01 -6.466999999999999658e-03 5.839459999999999651e-01 -8.117929999999999868e-01 -2.130000000000000003e-04
1.700000000000000000e+01 5.800000000000000000e+01 3.100000000000000000e+01 0.000000000000000000e+00 1.600000000000000089e+00 2.259999999999999910e-04 1.337999999999999997e-03 9.999989999999999712e-01 -8.120979999999999865e-01 -5.835200000000000387e-01 9.640000000000000131e-04 5.835200000000000387e-01 -8.120979999999999865e-01 9.550000000000000112e-04
2.100000000000000000e+01 5.800000000000000000e+01 3.100000000000000000e+01 0.000000000000000000e+00 1.600000000000000089e+00 3.387999999999999953e-03 3.967000000000000040e-03 9.999860000000000415e-01 -8.097499999999999698e-01 -5.867529999999999690e-01 5.072000000000000119e-03 5.867649999999999810e-01 -8.097560000000000313e-01 1.224999999999999960e-03
2.800000000000000000e+01 5.800000000000000000e+01 3.100000000000000000e+01 0.000000000000000000e+00 1.600000000000000089e+00 -4.168999999999999963e-03 -7.922000000000000222e-03 9.999599999999999600e-01 -8.131469999999999532e-01 -5.820039999999999658e-01 -8.000999999999999432e-03 5.820440000000000058e-01 -8.131469999999999532e-01 -4.015999999999999605e-03
5.000000000000000000e+00 4.600000000000000000e+01 3.500000000000000000e+01 0.000000000000000000e+00 1.600000000000000089e+00 -6.700000000000000226e-04 -2.962999999999999922e-03 -9.999949999999999672e-01 3.904190000000000160e-01 -9.206339999999999524e-01 2.467000000000000009e-03 -9.206370000000000386e-01 -3.904150000000000120e-01 1.773000000000000053e-03
9.000000000000000000e+00 4.600000000000000000e+01 3.500000000000000000e+01 0.000000000000000000e+00 1.600000000000000089e+00 -5.370000000000000424e-04 -2.419999999999999842e-03 -9.999970000000000248e-01 3.912720000000000087e-01 -9.202730000000000077e-01 2.017000000000000130e-03 -9.202749999999999542e-01 -3.912700000000000067e-01 1.441000000000000007e-03
1.600000000000000000e+01 4.600000000000000000e+01 3.500000000000000000e+01 0.000000000000000000e+00 1.600000000000000089e+00 3.699999999999999947e-04 -3.789999999999999966e-04 -1.000000000000000000e+00 3.921029999999999793e-01 -9.199209999999999887e-01 4.939999999999999730e-04 -9.199209999999999887e-01 -3.921040000000000081e-01 -1.920000000000000049e-04
1.800000000000000000e+01 4.600000000000000000e+01 3.500000000000000000e+01 0.000000000000000000e+00 1.600000000000000089e+00 2.689999999999999791e-04 1.090999999999999956e-03 -9.999989999999999712e-01 3.914380000000000082e-01 -9.202040000000000219e-01 -8.980000000000000352e-04 -9.202050000000000507e-01 -3.914369999999999794e-01 -6.750000000000000357e-04
2.600000000000000000e+01 4.600000000000000000e+01 3.500000000000000000e+01 0.000000000000000000e+00 1.600000000000000089e+00 -7.020000000000000415e-04 -9.110000000000000259e-04 -9.999989999999999712e-01 3.908619999999999872e-01 -9.204489999999999617e-01 5.640000000000000482e-04 -9.204489999999999617e-01 -3.908610000000000140e-01 1.002000000000000069e-03
3.000000000000000000e+01 4.600000000000000000e+01 3.500000000000000000e+01 0.000000000000000000e+00 1.600000000000000089e+00 1.472999999999999917e-03 -1.500000000000000038e-05 -9.999989999999999712e-01 3.901020000000000043e-01 -9.207720000000000349e-01 5.879999999999999810e-04 -9.207710000000000061e-01 -3.901020000000000043e-01 -1.350000000000000071e-03
2.300000000000000000e+01 9.500000000000000000e+01 3.600000000000000000e+01 0.000000000000000000e+00 1.600000000000000089e+00 3.249999999999999851e-04 6.114999999999999776e-03 9.999810000000000088e-01 9.967369999999999841e-01 8.071299999999999308e-02 -8.170000000000000179e-04 -8.071599999999999608e-02 9.967190000000000216e-01 -6.068999999999999742e-03
2.600000000000000000e+01 9.500000000000000000e+01 3.600000000000000000e+01 0.000000000000000000e+00 1.600000000000000089e+00 7.330000000000000361e-04 -1.031400000000000025e-02 9.999470000000000303e-01 9.967190000000000216e-01 8.093999999999999806e-02 1.039999999999999936e-04 -8.093699999999999506e-02 9.966660000000000519e-01 1.033899999999999923e-02
1.400000000000000000e+01 3.000000000000000000e+00 4.300000000000000000e+01 0.000000000000000000e+00 1.600000000000000089e+00 5.450000000000000200e-04 -8.356999999999999845e-03 -9.999649999999999928e-01 7.427390000000000381e-01 -6.695539999999999825e-01 6.000000000000000125e-03 -6.695809999999999818e-01 -7.427160000000000428e-01 5.841999999999999971e-03
2.000000000000000000e+00 2.900000000000000000e+01 4.400000000000000000e+01 0.000000000000000000e+00 1.600000000000000089e+00 -1.601999999999999908e-03 -1.923000000000000013e-03 -9.999970000000000248e-01 6.628870000000000040e-01 7.487160000000000482e-01 -2.501000000000000185e-03 7.487179999999999946e-01 -6.628889999999999505e-01 7.499999999999999343e-05
1.000000000000000000e+01 2.900000000000000000e+01 4.400000000000000000e+01 0.000000000000000000e+00 1.600000000000000089e+00 3.923000000000000272e-03 6.729999999999999871e-04 -9.999919999999999920e-01 6.650620000000000420e-01 7.467819999999999458e-01 3.112000000000000183e-03 7.467780000000000529e-01 -6.650690000000000213e-01 2.481999999999999831e-03
1.900000000000000000e+01 2.900000000000000000e+01 4.400000000000000000e+01 0.000000000000000000e+00 1.600000000000000089e+00 -1.209999999999999921e-03 4.139000000000000318e-03 -9.999909999999999632e-01 6.644670000000000298e-01 7.473140000000000338e-01 2.288999999999999802e-03 7.473170000000000091e-01 -6.644579999999999931e-01 -3.654999999999999829e-03
2.500000000000000000e+01 5.400000000000000000e+01 4.600000000000000000e+01 0.000000000000000000e+00 1.600000000000000089e+00 4.159999999999999744e-04 3.390999999999999917e-03 9.999940000000000495e-01 2.889559999999999906e-01 -9.573369999999999935e-01 3.125999999999999873e-03 9.573420000000000263e-01 2.889530000000000154e-01 -1.378000000000000102e-03
1.100000000000000000e+01 5.000000000000000000e+00 5.100000000000000000e+01 0.000000000000000000e+00 1.600000000000000089e+00 1.240000000000000000e-03 -1.489500000000000025e-02 -9.998879999999999990e-01 4.828089999999999882e-01 -8.756190000000000362e-01 1.364300000000000061e-02 -8.757249999999999757e-01 -4.827719999999999789e-01 6.106000000000000316e-03
2.200000000000000000e+01 5.000000000000000000e+00 5.100000000000000000e+01 0.000000000000000000e+00 1.600000000000000089e+00 -2.090999999999999977e-03 2.860000000000000129e-03 -9.999940000000000495e-01 4.823500000000000010e-01 -8.759710000000000552e-01 -3.514000000000000196e-03 -8.759759999999999769e-01 -4.823549999999999782e-01 4.519999999999999821e-04
2.800000000000000000e+01 5.000000000000000000e+00 5.100000000000000000e+01 0.000000000000000000e+00 1.600000000000000089e+00 4.137000000000000052e-03 2.631000000000000092e-03 -9.999879999999999880e-01 4.890970000000000040e-01 -8.722290000000000321e-01 -2.709999999999999735e-04 -8.722199999999999953e-01 -4.890900000000000247e-01 -4.895000000000000046e-03
1.100000000000000000e+01 1.150000000000000000e+02 5.100000000000000000e+01 0.000000000000000000e+00 1.600000000000000089e+00 -2.295000000000000165e-03 3.380000000000000192e-03 9.999919999999999920e-01 8.457729999999999970e-01 -5.335299999999999487e-01 3.743999999999999932e-03 5.335379999999999567e-01 8.457740000000000258e-01 -1.634999999999999952e-03
4.000000000000000000e+00 6.300000000000000000e+01 5.400000000000000000e+01 0.000000000000000000e+00 1.600000000000000089e+00 2.596999999999999916e-03 1.955999999999999839e-03 9.999949999999999672e-01 -3.522449999999999748e-01 9.359070000000000444e-01 -9.160000000000000390e-04 -9.359039999999999582e-01 -3.522410000000000263e-01 3.119999999999999944e-03
9.000000000000000000e+00 6.300000000000000000e+01 5.400000000000000000e+01 0.000000000000000000e+00 1.600000000000000089e+00 -1.221999999999999996e-03 -3.500000000000000073e-03 9.999930000000000208e-01 -3.529900000000000260e-01 9.356229999999999825e-01 2.843000000000000041e-03 -9.356259999999999577e-01 -3.529840000000000200e-01 -2.379000000000000038e-03
1.400000000000000000e+01 6.300000000000000000e+01 5.400000000000000000e+01 0.000000000000000000e+00 1.600000000000000089e+00 -1.441000000000000007e-03 -1.521999999999999915e-03 9.999980000000000535e-01 -3.496619999999999728e-01 9.368750000000000133e-01 9.219999999999999680e-04 -9.368750000000000133e-01 -3.496600000000000263e-01 -1.881999999999999992e-03
2.600000000000000000e+01 6.300000000000000000e+01 5.400000000000000000e+01 0.000000000000000000e+00 1.600000000000000089e+00 -1.219000000000000031e-03 -3.046999999999999795e-03 9.999949999999999672e-01 -3.550099999999999922e-01 9.348589999999999955e-01 2.416000000000000179e-03 -9.348619999999999708e-01 -3.550059999999999882e-01 -2.220999999999999884e-03
3.000000000000000000e+00 2.500000000000000000e+01 5.500000000000000000e+01 0.000000000000000000e+00 1.600000000000000089e+00 3.420999999999999996e-03 -7.308000000000000260e-03 -9.999670000000000503e-01 -1.471899999999999945e-02 -9.998650000000000038e-01 7.257000000000000429e-03 -9.998860000000000525e-01 1.469400000000000046e-02 -3.529000000000000019e-03
1.600000000000000000e+01 2.500000000000000000e+01 5.500000000000000000e+01 0.000000000000000000e+00 1.600000000000000089e+00 -3.449999999999999833e-04 -3.147000000000000058e-03 -9.999949999999999672e-01 -1.488399999999999966e-02 -9.998839999999999950e-01 3.151999999999999854e-03 -9.998890000000000278e-01 1.488500000000000066e-02 2.979999999999999793e-04
1.900000000000000000e+01 2.500000000000000000e+01 5.500000000000000000e+01 0.000000000000000000e+00 1.600000000000000089e+00 3.950000000000000061e-04 3.171999999999999906e-03 -9.999949999999999672e-01 -1.502099999999999963e-02 -9.998820000000000485e-01 -3.177000000000000136e-03 -9.998869999999999703e-01 1.502299999999999990e-02 -3.469999999999999777e-04
2.400000000000000000e+01 2.500000000000000000e+01 5.500000000000000000e+01 0.000000000000000000e+00 1.600000000000000089e+00 -1.149000000000000065e-03 3.864999999999999946e-03 -9.999919999999999920e-01 -1.377600000000000005e-02 -9.998979999999999535e-01 -3.848999999999999991e-03 -9.999040000000000150e-01 1.377199999999999952e-02 1.201999999999999943e-03
2.800000000000000000e+01 2.500000000000000000e+01 5.500000000000000000e+01 0.000000000000000000e+00 1.600000000000000089e+00 4.360000000000000269e-04 -9.640000000000000131e-04 -9.999989999999999712e-01 -1.221299999999999990e-02 -9.999249999999999527e-01 9.590000000000000000e-04 -9.999249999999999527e-01 1.221299999999999990e-02 -4.479999999999999933e-04
1.300000000000000000e+01 5.800000000000000000e+01 5.900000000000000000e+01 0.000000000000000000e+00 1.600000000000000089e+00 -3.130000000000000187e-04 -4.217000000000000262e-03 -9.999909999999999632e-01 3.944670000000000121e-01 9.189009999999999678e-01 -3.998999999999999951e-03 9.189100000000000046e-01 -3.944650000000000101e-01 1.376000000000000053e-03
1.700000000000000000e+01 2.100000000000000000e+01 6.000000000000000000e+01 0.000000000000000000e+00 1.600000000000000089e+00 4.108999999999999805e-03 -7.999999999999999638e-06 9.999919999999999920e-01 -9.709800000000000375e-02 9.952750000000000208e-01 4.070000000000000267e-04 -9.952659999999999840e-01 -9.709900000000000475e-02 4.088999999999999753e-03
2.100000000000000000e+01 2.100000000000000000e+01 6.000000000000000000e+01 0.000000000000000000e+00 1.600000000000000089e+00 4.278999999999999818e-03 -1.746699999999999989e-02 9.998380000000000045e-01 -1.013109999999999983e-01 9.946949999999999958e-01 1.781100000000000044e-02 -9.948460000000000081e-01 -1.013710000000000028e-01 2.487000000000000061e-03
2.700000000000000000e+01 2.100000000000000000e+01 6.000000000000000000e+01 0.000000000000000000e+00 1.600000000000000089e+00 -2.129999999999999949e-03 2.197000000000000168e-03 9.999949999999999672e-01 -9.582599999999999452e-02 9.953950000000000298e-01 -2.390999999999999896e-03 -9.953959999999999475e-01 -9.583099999999999952e-02 -1.909000000000000107e-03
6.000000000000000000e+00 6.000000000000000000e+00 6.100000000000000000e+01 0.000000000000000000e+00 1.600000000000000089e+00 1.134000000000000025e-03 2.822999999999999989e-03 9.999949999999999672e-01 5.665630000000000388e-01 -8.240169999999999995e-01 1.683999999999999950e-03 8.240180000000000282e-01 5.665580000000000060e-01 -2.533999999999999794e-03
2.000000000000000000e+00 2.700000000000000000e+01 6.300000000000000000e+01 0.000000000000000000e+00 1.600000000000000089e+00 1.877999999999999895e-03 1.004999999999999991e-02 9.999479999999999480e-01 -2.661720000000000197e-01 9.638820000000000165e-01 -9.187999999999999987e-03 -9.639240000000000030e-01 -2.661410000000000164e-01 4.485000000000000271e-03
7.000000000000000000e+00 2.700000000000000000e+01 6.300000000000000000e+01 0.000000000000000000e+00 1.600000000000000089e+00 -6.599999999999999964e-04 5.899999999999999863e-03 9.999820000000000375e-01 -2.663789999999999769e-01 9.638499999999999845e-01 -5.863000000000000156e-03 -9.638679999999999470e-01 -2.663780000000000037e-01 9.349999999999999587e-04
1.700000000000000000e+01 2.700000000000000000e+01 6.300000000000000000e+01 0.000000000000000000e+00 1.600000000000000089e+00 4.070000000000000267e-04 -6.447999999999999739e-03 9.999789999999999512e-01 -2.731910000000000172e-01 9.619389999999999885e-01 6.313000000000000035e-03 -9.619600000000000373e-01 -2.731870000000000132e-01 -1.369999999999999907e-03
2.500000000000000000e+01 2.700000000000000000e+01 6.300000000000000000e+01 0.000000000000000000e+00 1.600000000000000089e+00 4.531999999999999570e-03 8.429999999999999993e-03 9.999540000000000095e-01 -2.730859999999999954e-01 9.619649999999999590e-01 -6.871999999999999637e-03 -9.619790000000000285e-01 -2.730420000000000069e-01 6.662000000000000387e-03
1.000000000000000000e+00 2.600000000000000000e+01 6.400000000000000000e+01 0.000000000000000000e+00 1.600000000000000089e+00 3.406999999999999872e-03 9.839999999999999789e-03 9.999460000000000015e-01 -3.473559999999999981e-01 9.376989999999999492e-01 -8.044000000000000802e-03 -9.377269999999999772e-01 -3.473089999999999788e-01 6.612999999999999955e-03
7.000000000000000000e+00 2.600000000000000000e+01 6.400000000000000000e+01 0.000000000000000000e+00 1.600000000000000089e+00 -1.472000000000000001e-03 8.337000000000000660e-03 9.999639999999999640e-01 -3.443450000000000122e-01 9.388060000000000294e-01 -8.335000000000000395e-03 -9.388419999999999543e-01 -3.443450000000000122e-01 1.489000000000000089e-03
1.800000000000000000e+01 2.600000000000000000e+01 6.400000000000000000e+01 0.000000000000000000e+00 1.600000000000000089e+00 1.958000000000000105e-03 -3.455000000000000172e-03 9.999919999999999920e-01 -3.552270000000000150e-01 9.347720000000000473e-01 3.924999999999999670e-03 -9.347779999999999978e-01 -3.552319999999999922e-01 6.030000000000000204e-04
2.100000000000000000e+01 2.600000000000000000e+01 6.400000000000000000e+01 0.000000000000000000e+00 1.600000000000000089e+00 4.245999999999999774e-03 3.924000000000000404e-03 9.999829999999999552e-01 -3.566449999999999898e-01 9.342380000000000129e-01 -2.151000000000000134e-03 -9.342300000000000049e-01 -3.566300000000000026e-01 5.366000000000000110e-03
2.700000000000000000e+01 2.600000000000000000e+01 6.400000000000000000e+01 0.000000000000000000e+00 1.600000000000000089e+00 3.959999999999999978e-03 7.790000000000000049e-03 9.999620000000000175e-01 -3.533390000000000142e-01 9.354770000000000030e-01 -5.888000000000000005e-03 -9.354869999999999575e-01 -3.533029999999999782e-01 6.457000000000000066e-03
2.300000000000000000e+01 6.900000000000000000e+01 6.600000000000000000e+01 0.000000000000000000e+00 1.600000000000000089e+00 1.167000000000000069e-03 -2.088000000000000012e-03 9.999970000000000248e-01 -9.487419999999999742e-01 3.160470000000000224e-01 1.766999999999999908e-03 -3.160499999999999976e-01 -9.487409999999999455e-01 -1.611999999999999935e-03
3.000000000000000000e+00 2.500000000000000000e+01 7.300000000000000000e+01 0.000000000000000000e+00 1.600000000000000089e+00 -6.109999999999999980e-04 3.775999999999999843e-03 9.999930000000000208e-01 7.466439999999999744e-01 -6.652169999999999472e-01 2.968000000000000152e-03 6.652230000000000087e-01 7.466409999999999991e-01 -2.413000000000000214e-03
6.000000000000000000e+00 2.500000000000000000e+01 7.300000000000000000e+01 0.000000000000000000e+00 1.600000000000000089e+00 -1.771000000000000005e-03 2.211999999999999991e-03 9.999959999999999960e-01 7.469459999999999988e-01 -6.648789999999999978e-01 2.794000000000000043e-03 6.648819999999999730e-01 7.469479999999999453e-01 -4.749999999999999990e-04
1.200000000000000000e+01 2.500000000000000000e+01 7.300000000000000000e+01 0.000000000000000000e+00 1.600000000000000089e+00 1.108999999999999960e-03 1.453000000000000081e-03 9.999980000000000535e-01 7.547110000000000207e-01 -6.560570000000000013e-01 1.169999999999999979e-04 6.560570000000000013e-01 7.547099999999999920e-01 -1.824000000000000100e-03
2.700000000000000000e+01 2.500000000000000000e+01 7.300000000000000000e+01 0.000000000000000000e+00 1.600000000000000089e+00 8.799999999999999771e-05 -4.519999999999999712e-03 9.999900000000000455e-01 7.484140000000000237e-01 -6.632249999999999535e-01 -3.063000000000000184e-03 6.632320000000000437e-01 7.484070000000000444e-01 3.324999999999999831e-03
1.000000000000000000e+00 4.400000000000000000e+01 7.300000000000000000e+01 0.000000000000000000e+00 1.600000000000000089e+00 -1.797999999999999902e-03 1.258899999999999950e-02 9.999190000000000023e-01 6.087999999999999662e-02 -9.980649999999999800e-01 1.267500000000000050e-02 9.981430000000000025e-01 6.089800000000000074e-02 1.028000000000000051e-03
6.000000000000000000e+00 4.400000000000000000e+01 7.300000000000000000e+01 0.000000000000000000e+00 1.600000000000000089e+00 -1.812999999999999941e-03 5.211000000000000354e-03 9.999850000000000128e-01 5.825400000000000023e-02 -9.982879999999999532e-01 5.308000000000000218e-03 9.982999999999999652e-01 5.826300000000000229e-02 1.505999999999999960e-03
1.000000000000000000e+01 4.400000000000000000e+01 7.300000000000000000e+01 0.000000000000000000e+00 1.600000000000000089e+00 -1.502999999999999996e-03 -3.997999999999999818e-03 9.999909999999999632e-01 5.639600000000000168e-02 -9.984009999999999829e-01 -3.906999999999999883e-03 9.984070000000000444e-01 5.639000000000000262e-02 1.726000000000000104e-03
1.700000000000000000e+01 4.400000000000000000e+01 7.300000000000000000e+01 0.000000000000000000e+00 1.600000000000000089e+00 -4.081000000000000426e-03 -1.625700000000000062e-02 9.998590000000000533e-01 5.334300000000000153e-02 -9.984480000000000022e-01 -1.601599999999999899e-02 9.985680000000000112e-01 5.326999999999999791e-02 4.941000000000000079e-03
1.300000000000000000e+01 5.100000000000000000e+01 7.600000000000000000e+01 0.000000000000000000e+00 1.600000000000000089e+00 -9.370000000000000074e-04 -5.386000000000000162e-03 -9.999850000000000128e-01 -3.925770000000000093e-01 -9.197039999999999660e-01 5.322000000000000342e-03 -9.197189999999999532e-01 3.925759999999999805e-01 -1.252999999999999991e-03
3.000000000000000000e+00 9.100000000000000000e+01 7.600000000000000000e+01 0.000000000000000000e+00 1.600000000000000089e+00 -1.259999999999999998e-04 -4.600000000000000004e-05 1.000000000000000000e+00 3.818920000000000092e-01 -9.242070000000000007e-01 6.000000000000000152e-06 9.242070000000000007e-01 3.818920000000000092e-01 1.340000000000000045e-04
7.000000000000000000e+00 9.100000000000000000e+01 7.600000000000000000e+01 0.000000000000000000e+00 1.600000000000000089e+00 -3.080000000000000055e-04 -2.739999999999999923e-04 1.000000000000000000e+00 3.775379999999999847e-01 -9.259939999999999838e-01 -1.379999999999999933e-04 9.259939999999999838e-01 3.775379999999999847e-01 3.879999999999999985e-04
1.000000000000000000e+01 9.100000000000000000e+01 7.600000000000000000e+01 0.000000000000000000e+00 1.600000000000000089e+00 -1.297999999999999892e-03 -1.147999999999999932e-03 9.999989999999999712e-01 3.738130000000000064e-01 -9.275039999999999951e-01 -5.789999999999999791e-04 9.275029999999999664e-01 3.738119999999999776e-01 1.632999999999999903e-03
1.800000000000000000e+01 9.100000000000000000e+01 7.600000000000000000e+01 0.000000000000000000e+00 1.600000000000000089e+00 -1.450000000000000009e-04 1.046000000000000055e-03 9.999989999999999712e-01 3.900669999999999971e-01 -9.207859999999999934e-01 1.018999999999999941e-03 9.207859999999999934e-01 3.900669999999999971e-01 -2.739999999999999923e-04
