4.000000000000000000e+00 2.500000000000000000e+01 1.000000000000000000e+00 0.000000000000000000e+00 1.600000000000000089e+00 5.460000000000000443e-04 -1.004200000000000058e-02 -9.999489999999999768e-01 -5.277249999999999996e-01 -8.493749999999999911e-01 8.241999999999999327e-03 -8.494150000000000311e-01 5.276939999999999964e-01 -5.764000000000000026e-03
2.000000000000000000e+00 1.500000000000000000e+01 4.000000000000000000e+00 0.000000000000000000e+00 1.600000000000000089e+00 -8.589999999999999546e-04 -7.490000000000000130e-03 9.999719999999999720e-01 3.127510000000000012e-01 -9.498109999999999609e-01 -6.845999999999999655e-03 9.498349999999999849e-01 3.127360000000000140e-01 3.158000000000000217e-03
7.000000000000000000e+00 1.500000000000000000e+01 4.000000000000000000e+00 0.000000000000000000e+00 1.600000000000000089e+00 2.280000000000000126e-04 -4.189000000000000015e-03 9.999909999999999632e-01 3.138690000000000091e-01 -9.494580000000000242e-01 -4.048999999999999648e-03 9.494660000000000322e-01 3.138679999999999803e-01 1.098000000000000018e-03
1.300000000000000000e+01 1.500000000000000000e+01 4.000000000000000000e+00 0.000000000000000000e+00 1.600000000000000089e+00 -4.255000000000000102e-03 -6.019999999999999961e-04 9.999909999999999632e-01 3.154939999999999967e-01 -9.489269999999999650e-01 7.709999999999999840e-04 9.489180000000000392e-01 3.154939999999999967e-01 4.227999999999999987e-03
2.000000000000000000e+01 1.500000000000000000e+01 4.000000000000000000e+00 0.000000000000000000e+00 1.600000000000000089e+00 -2.252999999999999794e-03 1.275000000000000092e-03 9.999970000000000248e-01 3.125620000000000065e-01 -9.498950000000000449e-01 1.915000000000000036e-03 9.498950000000000449e-01 3.125649999999999817e-01 1.742000000000000059e-03
2.500000000000000000e+01 1.500000000000000000e+01 4.000000000000000000e+00 0.000000000000000000e+00 1.600000000000000089e+00 -2.249000000000000131e-03 1.335899999999999935e-02 9.999080000000000190e-01 3.157860000000000111e-01 -9.487360000000000237e-01 1.338499999999999933e-02 9.488280000000000047e-01 3.157869999999999844e-01 -2.083999999999999915e-03
7.000000000000000000e+00 2.500000000000000000e+01 8.000000000000000000e+00 0.000000000000000000e+00 1.600000000000000089e+00 1.559000000000000056e-03 5.475999999999999965e-03 -9.999839999999999840e-01 4.462889999999999913e-01 8.948720000000000008e-01 5.596000000000000280e-03 8.948880000000000168e-01 -4.462900000000000200e-01 -1.049000000000000019e-03
1.400000000000000000e+01 2.500000000000000000e+01 8.000000000000000000e+00 0.000000000000000000e+00 1.600000000000000089e+00 1.090000000000000067e-04 -4.879999999999999898e-04 -1.000000000000000000e+00 4.443320000000000047e-01 8.958620000000000472e-01 -3.879999999999999985e-04 8.958620000000000472e-01 -4.443320000000000047e-01 3.150000000000000131e-04
2.200000000000000000e+01 2.500000000000000000e+01 8.000000000000000000e+00 0.000000000000000000e+00 1.600000000000000089e+00 -2.441000000000000027e-03 -4.414999999999999654e-03 -9.999869999999999592e-01 4.452479999999999771e-01 8.953929999999999945e-01 -5.040000000000000209e-03 8.954039999999999777e-01 -4.452539999999999831e-01 -2.200000000000000078e-04
2.500000000000000000e+01 2.500000000000000000e+01 8.000000000000000000e+00 0.000000000000000000e+00 1.600000000000000089e+00 -1.580000000000000024e-03 -4.087999999999999620e-03 -9.999900000000000455e-01 4.442670000000000230e-01 8.958840000000000137e-01 -4.363999999999999824e-03 8.958930000000000504e-01 -4.442699999999999982e-01 4.009999999999999893e-04
1.000000000000000000e+00 2.400000000000000000e+01 9.000000000000000000e+00 0.000000000000000000e+00 1.600000000000000089e+00 -4.330999999999999781e-03 5.479999999999999628e-03 -9.999759999999999760e-01 4.502340000000000231e-01 8.929059999999999775e-01 2.944000000000000002e-03 8.929000000000000270e-01 -4.502099999999999991e-01 -6.335000000000000353e-03
7.000000000000000000e+00 2.400000000000000000e+01 9.000000000000000000e+00 0.000000000000000000e+00 1.600000000000000089e+00 1.093999999999999920e-03 4.431000000000000043e-03 -9.999900000000000455e-01 4.509540000000000215e-01 8.925359999999999960e-01 4.447999999999999697e-03 8.925469999999999793e-01 -4.509540000000000215e-01 -1.021999999999999905e-03
1.500000000000000000e+01 2.400000000000000000e+01 9.000000000000000000e+00 0.000000000000000000e+00 1.600000000000000089e+00 -6.629999999999999609e-04 -4.403999999999999929e-03 -9.999900000000000455e-01 4.506310000000000038e-01 8.927000000000000490e-01 -4.230000000000000253e-03 8.927100000000000035e-01 -4.506299999999999750e-01 1.392999999999999924e-03
2.400000000000000000e+01 2.400000000000000000e+01 9.000000000000000000e+00 0.000000000000000000e+00 1.600000000000000089e+00 -1.458000000000000095e-03 -5.048000000000000403e-03 -9.999860000000000415e-01 4.501129999999999853e-01 8.929570000000000007e-01 -5.164000000000000187e-03 8.929700000000000415e-01 -4.501149999999999873e-01 9.700000000000000505e-04
7.000000000000000000e+00 5.000000000000000000e+00 1.200000000000000000e+01 0.000000000000000000e+00 1.600000000000000089e+00 1.289500000000000021e-02 -1.189800000000000024e-01 9.928129999999999455e-01 -2.326169999999999904e-01 9.652969999999999606e-01 1.187040000000000040e-01 -9.724829999999999863e-01 -2.324759999999999882e-01 -1.523000000000000048e-02
2.000000000000000000e+00 3.100000000000000000e+01 1.200000000000000000e+01 0.000000000000000000e+00 1.600000000000000089e+00 4.164000000000000166e-03 -7.477000000000000139e-03 9.999630000000000463e-01 3.648999999999999900e-03 9.999649999999999928e-01 7.461999999999999883e-03 -9.999850000000000128e-01 3.618000000000000122e-03 4.191000000000000281e-03
8.000000000000000000e+00 3.100000000000000000e+01 1.200000000000000000e+01 0.000000000000000000e+00 1.600000000000000089e+00 7.079999999999999705e-04 1.010000000000000020e-04 1.000000000000000000e+00 8.549999999999999658e-04 1.000000000000000000e+00 -1.010000000000000020e-04 -9.999989999999999712e-01 8.559999999999999901e-04 7.079999999999999705e-04
1.600000000000000000e+01 3.100000000000000000e+01 1.200000000000000000e+01 0.000000000000000000e+00 1.600000000000000089e+00 -1.224000000000000045e-03 -1.342000000000000094e-03 9.999980000000000535e-01 2.509999999999999753e-04 9.999989999999999712e-01 1.342000000000000094e-03 -9.999989999999999712e-01 2.519999999999999996e-04 -1.224000000000000045e-03
2.600000000000000000e+01 3.100000000000000000e+01 1.200000000000000000e+01 0.000000000000000000e+00 1.600000000000000089e+00 1.330000000000000019e-03 2.979999999999999793e-04 9.999989999999999712e-01 -2.145000000000000205e-03 9.999980000000000535e-01 -2.950000000000000148e-04 -9.999970000000000248e-01 -2.144000000000000072e-03 1.330000000000000019e-03
2.700000000000000000e+01 3.500000000000000000e+01 1.200000000000000000e+01 0.000000000000000000e+00 1.600000000000000089e+00 4.244999999999999642e-03 -4.164000000000000166e-03 -9.999820000000000375e-01 5.687699999999999978e-01 -8.224759999999999849e-01 5.838999999999999573e-03 -8.224860000000000504e-01 -5.687839999999999563e-01 -1.123000000000000083e-03
1.100000000000000000e+01 3.200000000000000000e+01 1.400000000000000000e+01 0.000000000000000000e+00 1.600000000000000089e+00 1.216999999999999983e-03 2.072000000000000057e-03 -9.999970000000000248e-01 1.033560000000000034e-01 9.946420000000000261e-01 2.187000000000000142e-03 9.946439999999999726e-01 -1.033590000000000064e-01 9.959999999999999236e-04
2.000000000000000000e+01 3.200000000000000000e+01 1.400000000000000000e+01 0.000000000000000000e+00 1.600000000000000089e+00 -1.691000000000000012e-03 -8.430999999999999259e-03 -9.999630000000000463e-01 1.041959999999999970e-01 9.945199999999999596e-01 -8.560999999999999166e-03 9.945549999999999669e-01 -1.042059999999999931e-01 -8.030000000000000028e-04
5.000000000000000000e+00 1.200000000000000000e+01 1.500000000000000000e+01 0.000000000000000000e+00 1.600000000000000089e+00 7.839999999999999747e-04 1.278000000000000056e-03 -9.999989999999999712e-01 -4.721339999999999981e-01 -8.815260000000000318e-01 -1.497000000000000067e-03 -8.815269999999999495e-01 4.721350000000000269e-01 -8.799999999999999771e-05
1.200000000000000000e+01 1.200000000000000000e+01 1.500000000000000000e+01 0.000000000000000000e+00 1.600000000000000089e+00 1.860000000000000108e-03 3.717999999999999951e-03 -9.999909999999999632e-01 -4.695889999999999787e-01 -8.828749999999999654e-01 -4.157000000000000105e-03 -8.828829999999999734e-01 4.695929999999999827e-01 1.039999999999999936e-04
1.800000000000000000e+01 1.200000000000000000e+01 1.500000000000000000e+01 0.000000000000000000e+00 1.600000000000000089e+00 8.499999999999999526e-04 4.342999999999999639e-03 -9.999900000000000455e-01 -4.696569999999999911e-01 -8.828390000000000404e-01 -4.233999999999999916e-03 -8.828489999999999949e-01 4.696560000000000179e-01 1.288999999999999998e-03
2.100000000000000000e+01 1.200000000000000000e+01 1.500000000000000000e+01 0.000000000000000000e+00 1.600000000000000089e+00 -1.036000000000000029e-03 7.376999999999999877e-03 -9.999719999999999720e-01 -4.661790000000000100e-01 -8.846699999999999564e-01 -6.042999999999999761e-03 -8.846899999999999764e-01 4.661600000000000188e-01 4.355000000000000364e-03
2.600000000000000000e+01 1.200000000000000000e+01 1.500000000000000000e+01 0.000000000000000000e+00 1.600000000000000089e+00 9.139999999999999904e-04 7.848000000000000809e-03 -9.999689999999999968e-01 -4.592709999999999848e-01 -8.882660000000000000e-01 -7.391000000000000000e-03 -8.882959999999999745e-01 4.592629999999999768e-01 2.792000000000000211e-03
1.200000000000000000e+01 1.160000000000000000e+02 1.600000000000000000e+01 0.000000000000000000e+00 1.600000000000000089e+00 -2.722000000000000027e-03 -1.961000000000000069e-03 9.999940000000000495e-01 8.063470000000000359e-01 5.914329999999999865e-01 3.354999999999999909e-03 -5.914359999999999618e-01 8.063519999999999577e-01 -2.799999999999999958e-05
1.900000000000000000e+01 1.160000000000000000e+02 1.600000000000000000e+01 0.000000000000000000e+00 1.600000000000000089e+00 -1.289999999999999914e-04 3.150000000000000131e-04 1.000000000000000000e+00 7.435810000000000475e-01 6.686459999999999626e-01 -1.150000000000000035e-04 -6.686459999999999626e-01 7.435810000000000475e-01 -3.209999999999999963e-04
2.400000000000000000e+01 1.160000000000000000e+02 1.600000000000000000e+01 0.000000000000000000e+00 1.600000000000000089e+00 -3.499999999999999964e-04 2.697000000000000178e-03 9.999959999999999960e-01 7.486380000000000257e-01 6.629770000000000385e-01 -1.526000000000000013e-03 -6.629789999999999850e-01 7.486350000000000504e-01 -2.250999999999999963e-03
5.000000000000000000e+00 2.000000000000000000e+00 1.900000000000000000e+01 0.000000000000000000e+00 1.600000000000000089e+00 -8.550000000000000308e-03 5.205999999999999690e-03 -9.999500000000000055e-01 2.177669999999999884e-01 -9.759759999999999547e-01 -6.943000000000000387e-03 -9.759630000000000249e-01 -2.178150000000000086e-01 7.211000000000000396e-03
1.100000000000000000e+01 2.000000000000000000e+00 1.900000000000000000e+01 0.000000000000000000e+00 1.600000000000000089e+00 -1.218299999999999939e-02 1.034400000000000076e-02 -9.998719999999999830e-01 2.356689999999999896e-01 -9.717470000000000274e-01 -1.292500000000000072e-02 -9.717569999999999819e-01 -2.357960000000000056e-01 9.400999999999999635e-03
1.500000000000000000e+01 2.000000000000000000e+00 1.900000000000000000e+01 0.000000000000000000e+00 1.600000000000000089e+00 -5.794999999999999804e-03 2.589100000000000082e-02 -9.996479999999999810e-01 2.404169999999999918e-01 -9.703070000000000306e-01 -2.652499999999999997e-02 -9.706519999999999593e-01 -2.404860000000000053e-01 -6.019999999999999961e-04
2.400000000000000000e+01 2.000000000000000000e+00 1.900000000000000000e+01 0.000000000000000000e+00 1.600000000000000089e+00 2.681700000000000056e-02 6.247699999999999781e-02 -9.976859999999999618e-01 2.351330000000000087e-01 -9.704369999999999941e-01 -5.444999999999999840e-02 -9.715930000000000399e-01 -2.331290000000000029e-01 -4.071400000000000019e-02
2.900000000000000000e+01 2.000000000000000000e+00 1.900000000000000000e+01 0.000000000000000000e+00 1.600000000000000089e+00 2.756400000000000169e-02 8.170099999999999585e-02 -9.962760000000000504e-01 2.661390000000000144e-01 -9.612819999999999698e-01 -7.146800000000000375e-02 -9.635409999999999808e-01 -2.631780000000000230e-01 -4.823999999999999816e-02
2.600000000000000000e+01 4.000000000000000000e+00 2.000000000000000000e+01 0.000000000000000000e+00 1.600000000000000089e+00 1.789599999999999871e-02 4.721299999999999802e-02 -9.987239999999999451e-01 4.015009999999999968e-01 -9.151479999999999615e-01 -3.606700000000000184e-02 -9.156840000000000535e-01 -4.003439999999999777e-01 -3.533399999999999735e-02
3.000000000000000000e+00 1.300000000000000000e+01 2.000000000000000000e+01 0.000000000000000000e+00 1.600000000000000089e+00 -1.704999999999999918e-03 -2.255000000000000060e-03 9.999959999999999960e-01 2.635649999999999937e-01 9.646379999999999955e-01 2.625000000000000163e-03 -9.646400000000000530e-01 2.635680000000000245e-01 -1.049999999999999935e-03
9.000000000000000000e+00 1.300000000000000000e+01 2.000000000000000000e+01 0.000000000000000000e+00 1.600000000000000089e+00 1.814999999999999990e-03 -1.770000000000000089e-03 9.999970000000000248e-01 2.640839999999999854e-01 9.644989999999999952e-01 1.227999999999999925e-03 -9.644979999999999665e-01 2.640810000000000102e-01 2.217999999999999920e-03
1.500000000000000000e+01 1.300000000000000000e+01 2.000000000000000000e+01 0.000000000000000000e+00 1.600000000000000089e+00 -8.180000000000000422e-04 -3.158999999999999916e-03 9.999949999999999672e-01 2.659210000000000185e-01 9.639889999999999848e-01 3.262999999999999842e-03 -9.639940000000000175e-01 2.659230000000000205e-01 5.099999999999999960e-05
2.400000000000000000e+01 1.300000000000000000e+01 2.000000000000000000e+01 0.000000000000000000e+00 1.600000000000000089e+00 1.000000000000000048e-04 1.446999999999999936e-03 9.999989999999999712e-01 2.646370000000000111e-01 9.643469999999999542e-01 -1.422000000000000087e-03 -9.643479999999999830e-01 2.646370000000000111e-01 -2.869999999999999830e-04
5.000000000000000000e+00 3.000000000000000000e+00 2.500000000000000000e+01 0.000000000000000000e+00 1.600000000000000089e+00 -2.926000000000000215e-03 -3.488000000000000215e-03 9.999900000000000455e-01 -2.252300000000000135e-02 -9.997399999999999620e-01 -3.553000000000000169e-03 9.997420000000000195e-01 -2.253300000000000095e-02 2.846000000000000005e-03
1.100000000000000000e+01 3.000000000000000000e+00 2.500000000000000000e+01 0.000000000000000000e+00 1.600000000000000089e+00 -2.811000000000000131e-03 3.495999999999999976e-03 9.999900000000000455e-01 -1.741499999999999992e-02 -9.998420000000000085e-01 3.446999999999999977e-03 9.998439999999999550e-01 -1.740500000000000033e-02 2.870999999999999854e-03
1.500000000000000000e+01 3.000000000000000000e+00 2.500000000000000000e+01 0.000000000000000000e+00 1.600000000000000089e+00 2.750999999999999973e-03 8.869000000000000147e-03 9.999569999999999848e-01 -2.018199999999999855e-02 -9.997570000000000068e-01 8.921999999999999376e-03 9.997930000000000428e-01 -2.020500000000000074e-02 -2.572000000000000067e-03
3.000000000000000000e+01 3.000000000000000000e+00 2.500000000000000000e+01 0.000000000000000000e+00 1.600000000000000089e+00 1.144000000000000052e-03 1.664699999999999860e-02 9.998609999999999998e-01 -2.875600000000000031e-02 -9.994469999999999743e-01 1.667300000000000032e-02 9.995859999999999745e-01 -2.877100000000000143e-02 -6.650000000000000095e-04
4.000000000000000000e+00 4.600000000000000000e+01 2.700000000000000000e+01 0.000000000000000000e+00 1.600000000000000089e+00 -3.269999999999999903e-03 1.010999999999999963e-03 -9.999940000000000495e-01 6.652350000000000207e-01 7.466319999999999624e-01 -1.420999999999999954e-03 7.466270000000000406e-01 -6.652360000000000495e-01 -3.114000000000000015e-03
1.400000000000000000e+01 4.600000000000000000e+01 2.700000000000000000e+01 0.000000000000000000e+00 1.600000000000000089e+00 1.262000000000000101e-03 6.009999999999999717e-04 -9.999989999999999712e-01 6.718039999999999567e-01 7.407280000000000530e-01 1.293000000000000095e-03 7.407280000000000530e-01 -6.718049999999999855e-01 5.310000000000000050e-04
3.000000000000000000e+00 4.600000000000000000e+01 3.000000000000000000e+01 0.000000000000000000e+00 1.600000000000000089e+00 -3.663000000000000023e-03 -1.626999999999999974e-03 -9.999919999999999920e-01 3.149239999999999817e-01 9.491129999999999844e-01 -2.697999999999999877e-03 9.491100000000000092e-01 -3.149310000000000165e-01 -2.964000000000000055e-03
7.000000000000000000e+00 4.600000000000000000e+01 3.000000000000000000e+01 0.000000000000000000e+00 1.600000000000000089e+00 -2.161000000000000160e-03 3.550000000000000096e-04 -9.999980000000000535e-01 3.158070000000000044e-01 9.488229999999999720e-01 -3.460000000000000076e-04 9.488210000000000255e-01 -3.158070000000000044e-01 -2.162999999999999992e-03
2.000000000000000000e+00 5.800000000000000000e+01 3.100000000000000000e+01 0.000000000000000000e+00 1.600000000000000089e+00 2.059000000000000066e-03 4.710999999999999910e-03 9.999869999999999592e-01 -7.889770000000000394e-01 -6.144060000000000077e-01 4.518999999999999580e-03 6.144190000000000484e-01 -7.889760000000000106e-01 2.452000000000000186e-03
7.000000000000000000e+00 5.800000000000000000e+01 3.100000000000000000e+01 0.000000000000000000e+00 1.600000000000000089e+00 1.477000000000000014e-03 1.858000000000000059e-03 9.999970000000000248e-01 -7.896370000000000333e-01 -6.135699999999999488e-01 2.305999999999999890e-03 6.135730000000000350e-01 -7.896379999999999511e-01 5.609999999999999752e-04
1.300000000000000000e+01 5.800000000000000000e+01 3.100000000000000000e+01 0.000000000000000000e+00 1.600000000000000089e+00 1.428000000000000016e-03 4.226999999999999855e-03 9.999900000000000455e-01 -7.872810000000000086e-01 -6.165829999999999922e-01 3.730999999999999941e-03 6.165920000000000289e-01 -7.872789999999999511e-01 2.446999999999999956e-03
1.900000000000000000e+01 5.800000000000000000e+01 3.100000000000000000e+01 0.000000000000000000e+00 1.600000000000000089e+00 2.100000000000000087e-04 -7.630000000000000063e-04 1.000000000000000000e+00 -7.832459999999999978e-01 -6.217120000000000424e-01 -3.099999999999999999e-04 6.217120000000000424e-01 -7.832449999999999690e-01 -7.290000000000000473e-04
2.600000000000000000e+01 5.800000000000000000e+01 3.100000000000000000e+01 0.000000000000000000e+00 1.600000000000000089e+00 4.087999999999999620e-03 4.929000000000000221e-03 9.999789999999999512e-01 -7.769610000000000127e-01 -6.295169999999999932e-01 6.279999999999999992e-03 6.295349999999999557e-01 -7.769709999999999672e-01 1.255999999999999955e-03
2.000000000000000000e+00 4.600000000000000000e+01 3.500000000000000000e+01 0.000000000000000000e+00 1.600000000000000089e+00 -9.770000000000000039e-04 4.291999999999999808e-03 -9.999900000000000455e-01 3.887289999999999912e-01 -9.213419999999999943e-01 -4.334000000000000179e-03 -9.213510000000000311e-01 -3.887300000000000200e-01 -7.680000000000000195e-04
1.200000000000000000e+01 4.600000000000000000e+01 3.500000000000000000e+01 0.000000000000000000e+00 1.600000000000000089e+00 -3.770000000000000022e-04 2.255000000000000060e-03 -9.999970000000000248e-01 3.907880000000000242e-01 -9.204780000000000184e-01 -2.223000000000000149e-03 -9.204809999999999937e-01 -3.907869999999999955e-01 -5.339999999999999695e-04
1.500000000000000000e+01 4.600000000000000000e+01 3.500000000000000000e+01 0.000000000000000000e+00 1.600000000000000089e+00 -4.459999999999999989e-04 -1.472999999999999917e-03 -9.999989999999999712e-01 3.908300000000000107e-01 -9.204620000000000024e-01 1.182000000000000108e-03 -9.204630000000000312e-01 -3.908289999999999820e-01 9.859999999999998974e-04
2.000000000000000000e+01 4.600000000000000000e+01 3.500000000000000000e+01 0.000000000000000000e+00 1.600000000000000089e+00 6.109999999999999980e-04 7.399999999999999894e-04 -1.000000000000000000e+00 3.911800000000000277e-01 -9.203139999999999654e-01 -4.420000000000000101e-04 -9.203139999999999654e-01 -3.911789999999999989e-01 -8.520000000000000013e-04
2.300000000000000000e+01 4.600000000000000000e+01 3.500000000000000000e+01 0.000000000000000000e+00 1.600000000000000089e+00 -1.469999999999999953e-04 2.755000000000000070e-03 -9.999959999999999960e-01 3.915409999999999724e-01 -9.201570000000000027e-01 -2.592999999999999819e-03 -9.201610000000000067e-01 -3.915399999999999991e-01 -9.430000000000000448e-04
2.700000000000000000e+01 4.600000000000000000e+01 3.500000000000000000e+01 0.000000000000000000e+00 1.600000000000000089e+00 -5.469999999999999602e-04 3.970000000000000005e-04 -1.000000000000000000e+00 3.911919999999999842e-01 -9.203090000000000437e-01 -5.789999999999999791e-04 -9.203090000000000437e-01 -3.911919999999999842e-01 3.480000000000000020e-04
1.300000000000000000e+01 3.000000000000000000e+00 4.300000000000000000e+01 0.000000000000000000e+00 1.600000000000000089e+00 -1.210000000000000002e-04 -9.742000000000000659e-03 -9.999529999999999808e-01 7.408460000000000045e-01 -6.716440000000000188e-01 6.453999999999999668e-03 -6.716750000000000220e-01 -7.408099999999999685e-01 7.297999999999999800e-03
1.900000000000000000e+01 3.000000000000000000e+00 4.300000000000000000e+01 0.000000000000000000e+00 1.600000000000000089e+00 -1.081400000000000070e-02 -2.792299999999999990e-02 -9.995519999999999960e-01 7.361830000000000318e-01 -6.766940000000000177e-01 1.093900000000000081e-02 -6.766959999999999642e-01 -7.357350000000000279e-01 2.787399999999999947e-02
2.300000000000000000e+01 3.000000000000000000e+00 4.300000000000000000e+01 0.000000000000000000e+00 1.600000000000000089e+00 2.259999999999999910e-04 -3.478799999999999948e-02 -9.993950000000000333e-01 7.339390000000000081e-01 -6.787990000000000412e-01 2.379399999999999918e-02 -6.792160000000000419e-01 -7.335000000000000409e-01 2.537899999999999878e-02
2.900000000000000000e+01 3.000000000000000000e+00 4.300000000000000000e+01 0.000000000000000000e+00 1.600000000000000089e+00 -2.030000000000000120e-03 -4.858000000000000339e-03 -9.999860000000000415e-01 7.365429999999999477e-01 -6.763890000000000180e-01 1.789999999999999925e-03 -6.763879999999999892e-01 -7.365289999999999893e-01 4.950999999999999672e-03
6.000000000000000000e+00 2.900000000000000000e+01 4.400000000000000000e+01 0.000000000000000000e+00 1.600000000000000089e+00 8.899999999999999491e-04 -4.739999999999999747e-04 -1.000000000000000000e+00 6.575410000000000421e-01 7.534189999999999499e-01 2.280000000000000126e-04 7.534189999999999499e-01 -6.575410000000000421e-01 9.820000000000000170e-04
1.100000000000000000e+01 2.900000000000000000e+01 4.400000000000000000e+01 0.000000000000000000e+00 1.600000000000000089e+00 6.880000000000000265e-04 -1.562999999999999936e-03 -9.999989999999999712e-01 6.513139999999999485e-01 7.588080000000000380e-01 -7.380000000000000492e-04 7.588080000000000380e-01 -6.513130000000000308e-01 1.539999999999999919e-03
1.800000000000000000e+01 2.900000000000000000e+01 4.400000000000000000e+01 0.000000000000000000e+00 1.600000000000000089e+00 -2.259999999999999910e-04 1.827000000000000065e-03 -9.999980000000000535e-01 6.481289999999999552e-01 7.615300000000000402e-01 1.245000000000000013e-03 7.615309999999999580e-01 -6.481270000000000087e-01 -1.356000000000000000e-03
2.600000000000000000e+01 2.900000000000000000e+01 4.400000000000000000e+01 0.000000000000000000e+00 1.600000000000000089e+00 -2.358999999999999986e-03 1.335000000000000032e-03 -9.999959999999999960e-01 6.497140000000000137e-01 7.601790000000000491e-01 -5.180000000000000143e-04 7.601750000000000451e-01 -6.497129999999999850e-01 -2.660000000000000038e-03
6.000000000000000000e+00 6.500000000000000000e+01 4.600000000000000000e+01 0.000000000000000000e+00 1.600000000000000089e+00 -4.679999999999999915e-04 -2.396000000000000126e-03 9.999970000000000248e-01 6.803599999999999648e-01 -7.328759999999999719e-01 -1.436999999999999909e-03 7.328780000000000294e-01 6.803580000000000183e-01 1.972999999999999927e-03
1.600000000000000000e+01 6.500000000000000000e+01 4.600000000000000000e+01 0.000000000000000000e+00 1.600000000000000089e+00 8.670000000000000406e-04 -4.211000000000000333e-03 9.999909999999999632e-01 6.820349999999999469e-01 -7.313100000000000156e-01 -3.670999999999999784e-03 7.313190000000000524e-01 6.820319999999999716e-01 2.237999999999999972e-03
1.400000000000000000e+01 7.000000000000000000e+01 4.700000000000000000e+01 0.000000000000000000e+00 1.600000000000000089e+00 -5.320000000000000293e-04 5.339999999999999695e-04 -1.000000000000000000e+00 -8.428330000000000544e-01 -5.381749999999999590e-01 1.610000000000000103e-04 -5.381749999999999590e-01 8.428330000000000544e-01 7.360000000000000006e-04
2.600000000000000000e+01 7.000000000000000000e+01 4.700000000000000000e+01 0.000000000000000000e+00 1.600000000000000089e+00 -5.490000000000000088e-04 -2.406999999999999851e-03 -9.999970000000000248e-01 -8.433509999999999618e-01 -5.373609999999999776e-01 1.755999999999999965e-03 -5.373630000000000351e-01 8.433490000000000153e-01 -1.734999999999999997e-03
4.000000000000000000e+00 5.000000000000000000e+00 5.100000000000000000e+01 0.000000000000000000e+00 1.600000000000000089e+00 5.529999999999999976e-04 -2.713999999999999833e-03 -9.999959999999999960e-01 4.790820000000000078e-01 -8.777660000000000462e-01 2.647000000000000047e-03 -8.777700000000000502e-01 -4.790809999999999791e-01 8.149999999999999693e-04
7.000000000000000000e+00 5.000000000000000000e+00 5.100000000000000000e+01 0.000000000000000000e+00 1.600000000000000089e+00 7.489999999999999913e-04 6.019000000000000045e-03 -9.999820000000000375e-01 4.795209999999999750e-01 -8.775169999999999915e-01 -4.923000000000000292e-03 -8.775300000000000322e-01 -4.795090000000000185e-01 -3.543000000000000142e-03
1.500000000000000000e+01 5.000000000000000000e+00 5.100000000000000000e+01 0.000000000000000000e+00 1.600000000000000089e+00 7.010000000000000172e-04 -3.183000000000000065e-03 -9.999949999999999672e-01 4.724249999999999838e-01 -8.813649999999999540e-01 3.135999999999999899e-03 -8.813710000000000155e-01 -4.724249999999999838e-01 8.859999999999999603e-04
2.100000000000000000e+01 5.000000000000000000e+00 5.100000000000000000e+01 0.000000000000000000e+00 1.600000000000000089e+00 -5.683999999999999816e-03 -1.337999999999999953e-02 -9.998939999999999495e-01 4.825760000000000050e-01 -8.758080000000000309e-01 8.977000000000000604e-03 -8.758359999999999479e-01 -4.824740000000000140e-01 1.143500000000000072e-02
2.600000000000000000e+01 5.000000000000000000e+00 5.100000000000000000e+01 0.000000000000000000e+00 1.600000000000000089e+00 -2.504999999999999848e-03 -3.429999999999999889e-03 -9.999909999999999632e-01 4.857799999999999896e-01 -8.740790000000000504e-01 1.781999999999999947e-03 -8.740769999999999929e-01 -4.857710000000000083e-01 3.856000000000000053e-03
7.000000000000000000e+00 7.000000000000000000e+00 5.200000000000000000e+01 0.000000000000000000e+00 1.600000000000000089e+00 1.025000000000000086e-03 1.935000000000000088e-03 -9.999980000000000535e-01 1.180019999999999958e-01 -9.930120000000000058e-01 -1.801000000000000083e-03 -9.930130000000000345e-01 -1.179999999999999938e-01 -1.247000000000000062e-03
1.200000000000000000e+01 7.000000000000000000e+00 5.200000000000000000e+01 0.000000000000000000e+00 1.600000000000000089e+00 -6.080000000000000335e-04 3.000000000000000076e-05 -1.000000000000000000e+00 9.956199999999999772e-02 -9.950309999999999988e-01 -9.000000000000000567e-05 -9.950309999999999988e-01 -9.956199999999999772e-02 6.019999999999999961e-04
2.600000000000000000e+01 7.000000000000000000e+00 5.200000000000000000e+01 0.000000000000000000e+00 1.600000000000000089e+00 -3.127000000000000005e-03 -1.067000000000000023e-03 -9.999949999999999672e-01 1.136429999999999940e-01 -9.935209999999999875e-01 7.050000000000000060e-04 -9.935169999999999835e-01 -1.136400000000000049e-01 3.229000000000000099e-03
4.000000000000000000e+00 6.300000000000000000e+01 5.400000000000000000e+01 0.000000000000000000e+00 1.600000000000000089e+00 -1.417000000000000074e-03 -4.519999999999999821e-04 9.999989999999999712e-01 -3.466130000000000044e-01 9.380079999999999529e-01 -6.700000000000000226e-05 -9.380070000000000352e-01 -3.466130000000000044e-01 -1.485999999999999908e-03
8.000000000000000000e+00 6.300000000000000000e+01 5.400000000000000000e+01 0.000000000000000000e+00 1.600000000000000089e+00 -1.106999999999999911e-03 2.939999999999999905e-04 9.999989999999999712e-01 -3.418829999999999925e-01 9.397419999999999662e-01 -6.549999999999999833e-04 -9.397419999999999662e-01 -3.418840000000000212e-01 -9.399999999999999719e-04
1.800000000000000000e+01 6.300000000000000000e+01 5.400000000000000000e+01 0.000000000000000000e+00 1.600000000000000089e+00 1.420000000000000038e-03 2.456999999999999983e-03 9.999959999999999960e-01 -3.310239999999999849e-01 9.436200000000000143e-01 -1.848000000000000033e-03 -9.436210000000000431e-01 -3.310199999999999809e-01 2.152999999999999966e-03
2.400000000000000000e+01 6.300000000000000000e+01 5.400000000000000000e+01 0.000000000000000000e+00 1.600000000000000089e+00 -1.984999999999999785e-03 -4.299999999999999894e-04 9.999980000000000535e-01 -3.355369999999999742e-01 9.420269999999999477e-01 -2.610000000000000015e-04 -9.420250000000000012e-01 -3.355369999999999742e-01 -2.014999999999999864e-03
2.900000000000000000e+01 6.300000000000000000e+01 5.400000000000000000e+01 0.000000000000000000e+00 1.600000000000000089e+00 -4.800000000000000122e-05 -2.249000000000000131e-03 9.999970000000000248e-01 -3.460679999999999867e-01 9.382070000000000132e-01 2.092999999999999809e-03 -9.382089999999999597e-01 -3.460670000000000135e-01 -8.239999999999999712e-04
3.000000000000000000e+00 2.500000000000000000e+01 5.500000000000000000e+01 0.000000000000000000e+00 1.600000000000000089e+00 -9.619999999999999645e-04 -3.079000000000000140e-03 -9.999949999999999672e-01 -1.170900000000000066e-02 -9.999270000000000103e-01 3.089999999999999865e-03 -9.999310000000000143e-01 1.171200000000000019e-02 9.259999999999999568e-04
1.100000000000000000e+01 2.500000000000000000e+01 5.500000000000000000e+01 0.000000000000000000e+00 1.600000000000000089e+00 1.814999999999999990e-03 8.614000000000000129e-03 -9.999609999999999888e-01 -1.111799999999999941e-02 -9.999010000000000398e-01 -8.633000000000000049e-03 -9.999369999999999647e-01 1.113300000000000053e-02 -1.719000000000000042e-03
2.200000000000000000e+01 2.500000000000000000e+01 5.500000000000000000e+01 0.000000000000000000e+00 1.600000000000000089e+00 -1.116999999999999937e-03 -1.257000000000000088e-03 -9.999989999999999712e-01 -9.409000000000000696e-03 -9.999550000000000383e-01 1.266999999999999897e-03 -9.999550000000000383e-01 9.409999999999999962e-03 1.105999999999999995e-03
9.000000000000000000e+00 2.100000000000000000e+01 6.000000000000000000e+01 0.000000000000000000e+00 1.600000000000000089e+00 2.232000000000000043e-03 -1.622200000000000031e-02 9.998660000000000325e-01 -9.389400000000000523e-02 9.954479999999999995e-01 1.635999999999999954e-02 -9.955800000000000205e-01 -9.391800000000000148e-02 6.989999999999999686e-04
1.300000000000000000e+01 2.100000000000000000e+01 6.000000000000000000e+01 0.000000000000000000e+00 1.600000000000000089e+00 -2.530000000000000239e-04 -9.039999999999999425e-03 9.999590000000000423e-01 -9.060899999999999510e-02 9.958460000000000090e-01 8.978999999999999135e-03 -9.958869999999999667e-01 -9.060300000000000298e-02 -1.072000000000000036e-03
1.700000000000000000e+01 2.100000000000000000e+01 6.000000000000000000e+01 0.000000000000000000e+00 1.600000000000000089e+00 -1.716999999999999993e-03 -3.089999999999999756e-04 9.999989999999999712e-01 -8.935800000000000687e-02 9.959999999999999964e-01 1.540000000000000028e-04 -9.959980000000000500e-01 -8.935800000000000687e-02 -1.737999999999999962e-03
2.300000000000000000e+01 2.100000000000000000e+01 6.000000000000000000e+01 0.000000000000000000e+00 1.600000000000000089e+00 1.418999999999999906e-03 1.094499999999999987e-02 9.999390000000000223e-01 -8.982900000000000607e-02 9.958989999999999787e-01 -1.077299999999999959e-02 -9.959559999999999524e-01 -8.980899999999999994e-02 2.396000000000000126e-03
2.700000000000000000e+01 2.100000000000000000e+01 6.000000000000000000e+01 0.000000000000000000e+00 1.600000000000000089e+00 1.003099999999999999e-02 -9.273999999999999258e-03 9.999069999999999903e-01 -9.200899999999999357e-02 9.957059999999999800e-01 1.015899999999999963e-02 -9.957080000000000375e-01 -9.210300000000000431e-02 9.135000000000000758e-03
2.000000000000000000e+00 6.000000000000000000e+00 6.100000000000000000e+01 0.000000000000000000e+00 1.600000000000000089e+00 -1.121000000000000035e-03 1.340999999999999961e-03 9.999980000000000535e-01 5.687130000000000241e-01 -8.225339999999999874e-01 1.740000000000000010e-03 8.225350000000000161e-01 5.687140000000000528e-01 1.600000000000000131e-04
2.100000000000000000e+01 3.000000000000000000e+00 6.300000000000000000e+01 0.000000000000000000e+00 1.600000000000000089e+00 -1.188999999999999953e-03 -8.776000000000000814e-03 9.999609999999999888e-01 -6.144190000000000484e-01 7.889559999999999906e-01 6.192999999999999720e-03 -7.889789999999999859e-01 -6.143870000000000164e-01 -6.329999999999999689e-03
2.800000000000000000e+01 3.000000000000000000e+00 6.300000000000000000e+01 0.000000000000000000e+00 1.600000000000000089e+00 5.559999999999999621e-04 -1.322800000000000017e-02 9.999120000000000230e-01 -6.170109999999999761e-01 7.868810000000000526e-01 1.075300000000000041e-02 -7.869540000000000424e-01 -6.169630000000000392e-01 -7.725000000000000096e-03
4.000000000000000000e+00 1.200000000000000000e+01 6.300000000000000000e+01 0.000000000000000000e+00 1.600000000000000089e+00 8.214000000000000815e-03 -1.310000000000000129e-04 -9.999660000000000215e-01 -1.545459999999999889e-01 -9.879850000000000021e-01 -1.139999999999999954e-03 -9.879510000000000236e-01 1.545499999999999929e-01 -8.135999999999999135e-03
4.000000000000000000e+00 2.700000000000000000e+01 6.300000000000000000e+01 0.000000000000000000e+00 1.600000000000000089e+00 1.200000000000000030e-05 1.387999999999999911e-03 9.999989999999999712e-01 -2.723970000000000002e-01 9.621840000000000392e-01 -1.332000000000000068e-03 -9.621849999999999570e-01 -2.723970000000000002e-01 3.899999999999999929e-04
7.000000000000000000e+00 2.700000000000000000e+01 6.300000000000000000e+01 0.000000000000000000e+00 1.600000000000000089e+00 1.386999999999999995e-03 -8.360000000000000460e-04 9.999989999999999712e-01 -2.716990000000000238e-01 9.623819999999999597e-01 1.182000000000000108e-03 -9.623810000000000420e-01 -2.716999999999999971e-01 1.108000000000000044e-03
1.300000000000000000e+01 2.700000000000000000e+01 6.300000000000000000e+01 0.000000000000000000e+00 1.600000000000000089e+00 3.105999999999999820e-03 8.963000000000000481e-03 9.999550000000000383e-01 -2.679699999999999860e-01 9.633960000000000301e-01 -7.803000000000000040e-03 -9.634220000000000006e-01 -2.679340000000000055e-01 5.394000000000000357e-03
1.700000000000000000e+01 2.700000000000000000e+01 6.300000000000000000e+01 0.000000000000000000e+00 1.600000000000000089e+00 -2.318999999999999881e-03 -6.165999999999999606e-03 9.999780000000000335e-01 -2.658510000000000040e-01 9.639999999999999680e-01 5.327000000000000138e-03 -9.640109999999999513e-01 -2.658320000000000127e-01 -3.874999999999999972e-03
2.500000000000000000e+01 2.700000000000000000e+01 6.300000000000000000e+01 0.000000000000000000e+00 1.600000000000000089e+00 1.273000000000000043e-03 -4.403999999999999929e-03 9.999900000000000455e-01 -2.735110000000000041e-01 9.618579999999999908e-01 4.584000000000000401e-03 -9.618679999999999453e-01 -2.735139999999999794e-01 2.000000000000000164e-05
3.000000000000000000e+01 2.700000000000000000e+01 6.300000000000000000e+01 0.000000000000000000e+00 1.600000000000000089e+00 -2.020000000000000040e-04 -5.144000000000000135e-03 9.999869999999999592e-01 -2.827230000000000021e-01 9.591889999999999583e-01 4.877000000000000259e-03 -9.592019999999999991e-01 -2.827180000000000248e-01 -1.647999999999999942e-03
4.000000000000000000e+00 2.600000000000000000e+01 6.400000000000000000e+01 0.000000000000000000e+00 1.600000000000000089e+00 -3.600000000000000091e-05 9.759999999999999796e-04 1.000000000000000000e+00 -3.524079999999999990e-01 9.358459999999999557e-01 -9.259999999999999568e-04 -9.358459999999999557e-01 -3.524079999999999990e-01 3.099999999999999999e-04
8.000000000000000000e+00 2.600000000000000000e+01 6.400000000000000000e+01 0.000000000000000000e+00 1.600000000000000089e+00 1.842000000000000104e-03 4.279999999999999950e-04 9.999980000000000535e-01 -3.514450000000000074e-01 9.362080000000000402e-01 2.460000000000000164e-04 -9.362070000000000114e-01 -3.514450000000000074e-01 1.874999999999999931e-03
1.200000000000000000e+01 2.600000000000000000e+01 6.400000000000000000e+01 0.000000000000000000e+00 1.600000000000000089e+00 1.451000000000000033e-03 6.433000000000000350e-03 9.999780000000000335e-01 -3.490570000000000062e-01 9.370849999999999458e-01 -5.520999999999999866e-03 -9.371000000000000441e-01 -3.490420000000000189e-01 3.605000000000000131e-03
1.600000000000000000e+01 2.600000000000000000e+01 6.400000000000000000e+01 0.000000000000000000e+00 1.600000000000000089e+00 -3.490000000000000263e-04 -4.714000000000000308e-03 9.999890000000000168e-01 -3.468860000000000277e-01 9.378969999999999807e-01 4.300000000000000003e-03 -9.379070000000000462e-01 -3.468809999999999949e-01 -1.962000000000000202e-03
2.100000000000000000e+01 2.600000000000000000e+01 6.400000000000000000e+01 0.000000000000000000e+00 1.600000000000000089e+00 5.710000000000000015e-04 -1.342899999999999996e-02 9.999099999999999655e-01 -3.541119999999999823e-01 9.351159999999999473e-01 1.276099999999999977e-02 -9.352030000000000065e-01 -3.540869999999999851e-01 -4.220999999999999926e-03
6.000000000000000000e+00 6.900000000000000000e+01 6.600000000000000000e+01 0.000000000000000000e+00 1.600000000000000089e+00 2.745000000000000044e-03 -4.106000000000000275e-03 9.999879999999999880e-01 -9.493030000000000079e-01 3.143380000000000063e-01 3.896999999999999856e-03 -3.143500000000000183e-01 -9.493019999999999792e-01 -3.034999999999999937e-03
6.000000000000000000e+00 2.500000000000000000e+01 7.300000000000000000e+01 0.000000000000000000e+00 1.600000000000000089e+00 -2.073999999999999889e-03 -3.220999999999999905e-03 9.999930000000000208e-01 7.455439999999999845e-01 -6.664569999999999661e-01 -6.009999999999999717e-04 6.664539999999999909e-01 7.455370000000000053e-01 3.784000000000000037e-03
1.200000000000000000e+01 2.500000000000000000e+01 7.300000000000000000e+01 0.000000000000000000e+00 1.600000000000000089e+00 3.951999999999999784e-03 1.508000000000000009e-03 9.999909999999999632e-01 7.503140000000000365e-01 -6.610789999999999722e-01 -1.968000000000000131e-03 6.610700000000000465e-01 7.503149999999999542e-01 -3.745000000000000065e-03
1.800000000000000000e+01 2.500000000000000000e+01 7.300000000000000000e+01 0.000000000000000000e+00 1.600000000000000089e+00 -3.436999999999999951e-03 8.045000000000000068e-03 9.999620000000000175e-01 7.535450000000000204e-01 -6.573489999999999611e-01 7.879000000000000586e-03 6.573870000000000546e-01 7.535429999999999628e-01 -3.802999999999999957e-03
2.300000000000000000e+01 2.500000000000000000e+01 7.300000000000000000e+01 0.000000000000000000e+00 1.600000000000000089e+00 -1.273000000000000043e-03 -7.010999999999999871e-03 9.999749999999999472e-01 7.445800000000000196e-01 -6.675229999999999775e-01 -3.732000000000000074e-03 6.675320000000000142e-01 7.445559999999999956e-01 6.069999999999999875e-03
