5.000000000000000000e+00 1.500000000000000000e+01 4.000000000000000000e+00 0.000000000000000000e+00 1.600000000000000089e+00 -2.050999999999999872e-03 4.189999999999999931e-04 9.999980000000000535e-01 3.306749999999999967e-01 -9.437440000000000273e-01 1.074000000000000085e-03 9.437419999999999698e-01 3.306769999999999987e-01 1.796999999999999986e-03
8.000000000000000000e+00 1.500000000000000000e+01 4.000000000000000000e+00 0.000000000000000000e+00 1.600000000000000089e+00 -8.220000000000000310e-04 3.050999999999999893e-03 9.999949999999999672e-01 3.261000000000000010e-01 -9.453300000000000036e-01 3.151999999999999854e-03 9.453350000000000364e-01 3.261009999999999742e-01 -2.180000000000000134e-04
1.300000000000000000e+01 1.500000000000000000e+01 4.000000000000000000e+00 0.000000000000000000e+00 1.600000000000000089e+00 7.360000000000000006e-04 6.581000000000000044e-03 9.999780000000000335e-01 3.245720000000000272e-01 -9.458419999999999606e-01 5.984999999999999869e-03 9.458609999999999518e-01 3.245600000000000152e-01 -2.831999999999999882e-03
1.500000000000000000e+01 1.500000000000000000e+01 4.000000000000000000e+00 0.000000000000000000e+00 1.600000000000000089e+00 2.539999999999999940e-04 1.070300000000000071e-02 9.999430000000000263e-01 3.223840000000000039e-01 -9.465559999999999530e-01 1.004999999999999991e-02 9.466090000000000337e-01 3.223630000000000106e-01 -3.690999999999999837e-03
1.900000000000000000e+01 1.500000000000000000e+01 4.000000000000000000e+00 0.000000000000000000e+00 1.600000000000000089e+00 1.168999999999999900e-03 1.282900000000000013e-02 9.999169999999999447e-01 3.189440000000000053e-01 -9.476999999999999869e-01 1.178599999999999960e-02 9.477729999999999766e-01 3.189040000000000208e-01 -5.199999999999999761e-03
2.800000000000000000e+01 1.500000000000000000e+01 4.000000000000000000e+00 0.000000000000000000e+00 1.600000000000000089e+00 1.654000000000000088e-03 6.930000000000000396e-03 9.999749999999999472e-01 3.199239999999999862e-01 -9.474240000000000439e-01 6.036999999999999832e-03 9.474420000000000064e-01 3.199060000000000237e-01 -3.784000000000000037e-03
2.600000000000000000e+01 7.400000000000000000e+01 4.000000000000000000e+00 0.000000000000000000e+00 1.600000000000000089e+00 -8.873170000000000224e-01 -3.625610000000000221e-01 2.849900000000000211e-01 -3.843369999999999842e-01 9.229180000000000161e-01 -2.250800000000000023e-02 -2.548619999999999775e-01 -1.295040000000000080e-01 -9.582659999999999512e-01
7.000000000000000000e+00 4.000000000000000000e+00 5.000000000000000000e+00 0.000000000000000000e+00 1.600000000000000089e+00 7.609999999999999577e-04 3.076000000000000175e-03 9.999949999999999672e-01 2.324559999999999960e-01 -9.726029999999999953e-01 2.814999999999999794e-03 9.726069999999999993e-01 2.324529999999999930e-01 -1.456000000000000046e-03
7.000000000000000000e+00 1.010000000000000000e+02 7.000000000000000000e+00 0.000000000000000000e+00 1.600000000000000089e+00 -3.649999999999999816e-04 5.271999999999999777e-03 9.999860000000000415e-01 8.849259999999999904e-01 4.657259999999999733e-01 -2.132000000000000214e-03 -4.657310000000000061e-01 8.849129999999999496e-01 -4.834999999999999888e-03
2.100000000000000000e+01 1.010000000000000000e+02 7.000000000000000000e+00 0.000000000000000000e+00 1.600000000000000089e+00 -1.556000000000000091e-03 -1.064700000000000021e-02 9.999419999999999975e-01 8.829110000000000014e-01 4.694980000000000264e-01 6.373000000000000193e-03 -4.695389999999999842e-01 8.828690000000000149e-01 8.670000000000000623e-03
2.800000000000000000e+01 1.010000000000000000e+02 7.000000000000000000e+00 0.000000000000000000e+00 1.600000000000000089e+00 2.076000000000000154e-03 -3.586299999999999905e-02 9.993549999999999933e-01 8.842750000000000332e-01 4.667279999999999762e-01 1.491199999999999991e-02 -4.669610000000000150e-01 8.836739999999999595e-01 3.268200000000000272e-02
3.000000000000000000e+00 2.500000000000000000e+01 8.000000000000000000e+00 0.000000000000000000e+00 1.600000000000000089e+00 1.830000000000000029e-04 2.474000000000000071e-03 -9.999970000000000248e-01 4.467880000000000185e-01 8.946370000000000156e-01 2.295000000000000165e-03 8.946399999999999908e-01 -4.467869999999999897e-01 -9.420000000000000205e-04
6.000000000000000000e+00 2.500000000000000000e+01 8.000000000000000000e+00 0.000000000000000000e+00 1.600000000000000089e+00 -5.419999999999999471e-04 -1.211999999999999970e-03 -9.999989999999999712e-01 4.459199999999999831e-01 8.950719999999999787e-01 -1.325999999999999922e-03 8.950719999999999787e-01 -4.459210000000000118e-01 5.500000000000000196e-05
1.000000000000000000e+01 2.500000000000000000e+01 8.000000000000000000e+00 0.000000000000000000e+00 1.600000000000000089e+00 -2.981999999999999842e-03 -3.285000000000000159e-03 -9.999900000000000455e-01 4.456390000000000073e-01 8.952020000000000532e-01 -4.270000000000000358e-03 8.952080000000000037e-01 -4.456479999999999886e-01 -1.204999999999999908e-03
1.500000000000000000e+01 2.500000000000000000e+01 8.000000000000000000e+00 0.000000000000000000e+00 1.600000000000000089e+00 -3.749000000000000162e-03 -7.609000000000000312e-03 -9.999639999999999640e-01 4.476999999999999869e-01 8.941440000000000499e-01 -8.481999999999999956e-03 8.941759999999999708e-01 -4.477160000000000029e-01 5.399999999999999798e-05
1.900000000000000000e+01 2.500000000000000000e+01 8.000000000000000000e+00 0.000000000000000000e+00 1.600000000000000089e+00 -2.226999999999999813e-03 -4.519999999999999712e-03 -9.999869999999999592e-01 4.491490000000000204e-01 8.934429999999999872e-01 -5.039000000000000076e-03 8.934539999999999704e-01 -4.491550000000000264e-01 4.000000000000000327e-05
2.400000000000000000e+01 2.500000000000000000e+01 8.000000000000000000e+00 0.000000000000000000e+00 1.600000000000000089e+00 -2.099999999999999870e-03 -8.375999999999999765e-03 -9.999630000000000463e-01 4.493860000000000077e-01 8.932980000000000365e-01 -8.427000000000000463e-03 8.933349999999999902e-01 -4.493869999999999809e-01 1.887999999999999921e-03
4.000000000000000000e+00 2.400000000000000000e+01 9.000000000000000000e+00 0.000000000000000000e+00 1.600000000000000089e+00 3.249999999999999851e-04 1.131000000000000061e-03 -9.999989999999999712e-01 4.491740000000000177e-01 8.934440000000000159e-01 1.155999999999999910e-03 8.934440000000000159e-01 -4.491740000000000177e-01 -2.169999999999999891e-04
1.000000000000000000e+01 2.400000000000000000e+01 9.000000000000000000e+00 0.000000000000000000e+00 1.600000000000000089e+00 -2.896000000000000137e-03 -3.998999999999999951e-03 -9.999879999999999880e-01 4.485319999999999863e-01 8.937540000000000484e-01 -4.872999999999999728e-03 8.937619999999999454e-01 -4.485399999999999943e-01 -7.950000000000000252e-04
1.500000000000000000e+01 2.400000000000000000e+01 9.000000000000000000e+00 0.000000000000000000e+00 1.600000000000000089e+00 -3.739000000000000136e-03 -7.455999999999999954e-03 -9.999649999999999928e-01 4.507010000000000183e-01 8.926359999999999850e-01 -8.340999999999999456e-03 8.926669999999999883e-01 -4.507160000000000055e-01 2.300000000000000002e-05
2.000000000000000000e+01 2.400000000000000000e+01 9.000000000000000000e+00 0.000000000000000000e+00 1.600000000000000089e+00 -1.624999999999999925e-03 -4.791000000000000120e-03 -9.999869999999999592e-01 4.519389999999999796e-01 8.920350000000000223e-01 -5.008000000000000299e-03 8.920470000000000343e-01 -4.519409999999999816e-01 7.159999999999999481e-04
2.500000000000000000e+01 2.400000000000000000e+01 9.000000000000000000e+00 0.000000000000000000e+00 1.600000000000000089e+00 -1.965999999999999866e-03 -1.115000000000000019e-02 -9.999360000000000470e-01 4.515469999999999762e-01 8.921820000000000306e-01 -1.083600000000000015e-02 8.922449999999999548e-01 -4.515390000000000237e-01 3.281000000000000062e-03
2.900000000000000000e+01 2.400000000000000000e+01 9.000000000000000000e+00 0.000000000000000000e+00 1.600000000000000089e+00 -1.503999999999999912e-03 -1.300600000000000020e-02 -9.999139999999999695e-01 4.535489999999999799e-01 8.911470000000000224e-01 -1.227299999999999919e-02 8.912299999999999667e-01 -4.535290000000000155e-01 4.558000000000000419e-03
2.000000000000000000e+00 3.100000000000000000e+01 1.200000000000000000e+01 0.000000000000000000e+00 1.600000000000000089e+00 -6.689999999999999983e-04 1.216999999999999983e-03 9.999989999999999712e-01 -4.930000000000000354e-03 9.999869999999999592e-01 -1.221000000000000080e-03 -9.999879999999999880e-01 -4.930999999999999620e-03 -6.629999999999999609e-04
7.000000000000000000e+00 3.100000000000000000e+01 1.200000000000000000e+01 0.000000000000000000e+00 1.600000000000000089e+00 -4.399999999999999886e-05 -8.200000000000000095e-05 1.000000000000000000e+00 -2.229000000000000078e-03 9.999970000000000248e-01 8.200000000000000095e-05 -9.999970000000000248e-01 -2.229000000000000078e-03 -4.500000000000000283e-05
2.300000000000000000e+01 3.100000000000000000e+01 1.200000000000000000e+01 0.000000000000000000e+00 1.600000000000000089e+00 1.019999999999999992e-04 -1.863999999999999988e-03 9.999980000000000535e-01 -1.326399999999999975e-02 9.999099999999999655e-01 1.864999999999999904e-03 -9.999120000000000230e-01 -1.326399999999999975e-02 7.700000000000000139e-05
2.100000000000000000e+01 3.500000000000000000e+01 1.200000000000000000e+01 0.000000000000000000e+00 1.600000000000000089e+00 -1.039999999999999936e-04 -5.577999999999999625e-03 -9.999839999999999840e-01 4.933710000000000040e-01 -8.698059999999999681e-01 4.800999999999999712e-03 -8.698190000000000088e-01 -4.933629999999999960e-01 2.843000000000000041e-03
2.700000000000000000e+01 3.500000000000000000e+01 1.200000000000000000e+01 0.000000000000000000e+00 1.600000000000000089e+00 1.972999999999999927e-03 -1.968000000000000131e-03 -9.999959999999999960e-01 4.766659999999999786e-01 -8.790799999999999725e-01 2.671000000000000197e-03 -8.790820000000000300e-01 -4.766699999999999826e-01 -7.969999999999999654e-04
2.400000000000000000e+01 7.300000000000000000e+01 1.300000000000000000e+01 0.000000000000000000e+00 1.600000000000000089e+00 -9.143409999999999593e-01 -2.205050000000000066e-01 3.396440000000000015e-01 -3.358030000000000181e-01 8.816209999999999880e-01 -3.316319999999999824e-01 -2.263110000000000122e-01 -4.172790000000000110e-01 -8.801489999999999592e-01
4.000000000000000000e+00 1.160000000000000000e+02 1.600000000000000000e+01 0.000000000000000000e+00 1.600000000000000089e+00 -4.846999999999999746e-03 -3.320000000000000034e-03 9.999829999999999552e-01 7.071439999999999948e-01 7.070459999999999523e-01 5.774999999999999752e-03 -7.070530000000000426e-01 7.071600000000000108e-01 -1.079000000000000098e-03
5.000000000000000000e+00 2.000000000000000000e+00 1.900000000000000000e+01 0.000000000000000000e+00 1.600000000000000089e+00 1.910000000000000022e-03 -2.804699999999999901e-02 -9.996049999999999658e-01 1.952470000000000039e-01 -9.803579999999999517e-01 2.787999999999999853e-02 -9.807519999999999571e-01 -1.952230000000000076e-01 3.603999999999999999e-03
1.000000000000000000e+01 2.000000000000000000e+00 1.900000000000000000e+01 0.000000000000000000e+00 1.600000000000000089e+00 4.360000000000000269e-04 -6.492000000000000375e-03 -9.999789999999999512e-01 2.062930000000000041e-01 -9.784690000000000332e-01 6.441999999999999810e-03 -9.784899999999999709e-01 -2.062920000000000031e-01 9.129999999999999661e-04
1.600000000000000000e+01 2.000000000000000000e+00 1.900000000000000000e+01 0.000000000000000000e+00 1.600000000000000089e+00 1.877999999999999895e-03 1.568299999999999902e-02 -9.998749999999999583e-01 2.038699999999999957e-01 -9.788839999999999764e-01 -1.497099999999999993e-02 -9.789959999999999773e-01 -2.038159999999999972e-01 -5.035999999999999678e-03
1.900000000000000000e+01 2.000000000000000000e+00 1.900000000000000000e+01 0.000000000000000000e+00 1.600000000000000089e+00 1.270000000000000078e-03 2.510099999999999831e-02 -9.996840000000000170e-01 1.981159999999999866e-01 -9.798759999999999692e-01 -2.435199999999999865e-02 -9.801779999999999937e-01 -1.980220000000000036e-01 -6.217000000000000304e-03
2.500000000000000000e+01 2.000000000000000000e+00 1.900000000000000000e+01 0.000000000000000000e+00 1.600000000000000089e+00 -2.719000000000000063e-03 1.503099999999999922e-02 -9.998829999999999663e-01 1.855259999999999965e-01 -9.825209999999999777e-01 -1.527399999999999938e-02 -9.826359999999999539e-01 -1.855459999999999887e-01 -1.169999999999999979e-04
3.000000000000000000e+01 2.000000000000000000e+00 1.900000000000000000e+01 0.000000000000000000e+00 1.600000000000000089e+00 -2.798999999999999839e-03 1.346400000000000027e-02 -9.999050000000000438e-01 1.852840000000000042e-01 -9.825890000000000457e-01 -1.375000000000000007e-02 -9.826810000000000267e-01 -1.853049999999999975e-01 2.559999999999999884e-04
1.100000000000000000e+01 4.000000000000000000e+00 2.000000000000000000e+01 0.000000000000000000e+00 1.600000000000000089e+00 -1.036999999999999944e-03 -5.176000000000000045e-03 -9.999860000000000415e-01 3.256379999999999830e-01 -9.454839999999999911e-01 4.556000000000000154e-03 -9.454939999999999456e-01 -3.256279999999999730e-01 2.665999999999999967e-03
1.600000000000000000e+01 4.000000000000000000e+00 2.000000000000000000e+01 0.000000000000000000e+00 1.600000000000000089e+00 7.720000000000000083e-04 1.434299999999999985e-02 -9.998970000000000358e-01 3.217679999999999985e-01 -9.467250000000000387e-01 -1.333200000000000010e-02 -9.468180000000000485e-01 -3.217240000000000100e-01 -5.346000000000000058e-03
1.500000000000000000e+01 1.300000000000000000e+01 2.000000000000000000e+01 0.000000000000000000e+00 1.600000000000000089e+00 -3.119999999999999944e-04 -1.198000000000000063e-03 9.999989999999999712e-01 2.672709999999999808e-01 9.636209999999999498e-01 1.237999999999999951e-03 -9.636209999999999498e-01 2.672709999999999808e-01 2.000000000000000164e-05
1.800000000000000000e+01 1.300000000000000000e+01 2.000000000000000000e+01 0.000000000000000000e+00 1.600000000000000089e+00 1.745000000000000023e-03 7.283000000000000411e-03 9.999719999999999720e-01 2.652939999999999743e-01 9.641389999999999683e-01 -7.485000000000000334e-03 -9.641659999999999675e-01 2.652990000000000070e-01 -2.500000000000000052e-04
2.400000000000000000e+01 1.300000000000000000e+01 2.000000000000000000e+01 0.000000000000000000e+00 1.600000000000000089e+00 3.040000000000000167e-04 -2.807000000000000033e-03 9.999959999999999960e-01 2.603900000000000103e-01 9.655000000000000249e-01 2.631000000000000092e-03 -9.655040000000000289e-01 2.603880000000000083e-01 1.023999999999999954e-03
2.800000000000000000e+01 1.300000000000000000e+01 2.000000000000000000e+01 0.000000000000000000e+00 1.600000000000000089e+00 1.596999999999999895e-03 -4.620000000000000083e-04 9.999989999999999712e-01 2.599460000000000104e-01 9.656230000000000091e-01 3.100000000000000135e-05 -9.656219999999999803e-01 2.599460000000000104e-01 1.662000000000000066e-03
2.000000000000000000e+01 5.000000000000000000e+01 2.200000000000000000e+01 0.000000000000000000e+00 1.600000000000000089e+00 -9.986999999999999350e-03 -6.179999999999999730e-03 -9.999310000000000143e-01 -5.803540000000000365e-01 8.143639999999999768e-01 7.630000000000000063e-04 8.143029999999999990e-01 5.803209999999999757e-01 -1.171999999999999952e-02
2.700000000000000000e+01 5.000000000000000000e+01 2.200000000000000000e+01 0.000000000000000000e+00 1.600000000000000089e+00 2.566000000000000138e-03 4.991999999999999910e-03 -9.999839999999999840e-01 -5.805660000000000265e-01 8.142089999999999606e-01 2.575000000000000032e-03 8.142089999999999606e-01 5.805500000000000105e-01 4.987000000000000113e-03
6.000000000000000000e+00 3.000000000000000000e+00 2.500000000000000000e+01 0.000000000000000000e+00 1.600000000000000089e+00 -8.706999999999999462e-03 -2.817300000000000013e-02 9.995650000000000368e-01 -8.820500000000000562e-02 -9.956850000000000422e-01 -2.883199999999999999e-02 9.960639999999999494e-01 -8.841799999999999660e-02 6.184000000000000261e-03
1.100000000000000000e+01 3.000000000000000000e+00 2.500000000000000000e+01 0.000000000000000000e+00 1.600000000000000089e+00 -3.956999999999999580e-03 -6.342999999999999680e-03 9.999719999999999720e-01 -9.951000000000000123e-02 -9.950139999999999540e-01 -6.705000000000000022e-03 9.950290000000000523e-01 -9.953299999999999648e-02 3.305999999999999911e-03
1.600000000000000000e+01 3.000000000000000000e+00 2.500000000000000000e+01 0.000000000000000000e+00 1.600000000000000089e+00 2.197000000000000168e-03 1.379400000000000071e-02 9.999019999999999575e-01 -9.352800000000000002e-02 -9.955190000000000428e-01 1.393900000000000000e-02 9.956139999999999990e-01 -9.354899999999999327e-02 -8.970000000000000109e-04
1.900000000000000000e+01 3.000000000000000000e+00 2.500000000000000000e+01 0.000000000000000000e+00 1.600000000000000089e+00 3.830000000000000071e-03 1.787599999999999953e-02 9.998329999999999718e-01 -8.784000000000000141e-02 -9.959689999999999932e-01 1.814299999999999941e-02 9.961269999999999847e-01 -8.789500000000000091e-02 -2.243999999999999901e-03
2.500000000000000000e+01 3.000000000000000000e+00 2.500000000000000000e+01 0.000000000000000000e+00 1.600000000000000089e+00 4.028000000000000330e-03 1.877099999999999949e-02 9.998160000000000380e-01 -6.997299999999999354e-02 -9.973680000000000323e-01 1.900699999999999959e-02 9.975410000000000110e-01 -7.003700000000000203e-02 -2.703999999999999806e-03
2.800000000000000000e+01 3.000000000000000000e+00 2.500000000000000000e+01 0.000000000000000000e+00 1.600000000000000089e+00 5.290999999999999696e-03 2.048099999999999921e-02 9.997759999999999980e-01 -6.683200000000000252e-02 -9.975479999999999903e-01 2.078899999999999845e-02 9.977500000000000258e-01 -6.692700000000000038e-02 -3.909000000000000148e-03
5.000000000000000000e+00 4.600000000000000000e+01 2.700000000000000000e+01 0.000000000000000000e+00 1.600000000000000089e+00 -8.530000000000000256e-04 -4.459999999999999989e-04 -1.000000000000000000e+00 6.763160000000000283e-01 7.366110000000000158e-01 -9.060000000000000128e-04 7.366110000000000158e-01 -6.763169999999999460e-01 -3.260000000000000094e-04
1.200000000000000000e+01 4.600000000000000000e+01 2.700000000000000000e+01 0.000000000000000000e+00 1.600000000000000089e+00 -2.660000000000000146e-04 -1.404999999999999999e-03 -9.999989999999999712e-01 6.751470000000000526e-01 7.376819999999999489e-01 -1.216000000000000067e-03 7.376829999999999776e-01 -6.751470000000000526e-01 7.519999999999999558e-04
1.600000000000000000e+01 4.600000000000000000e+01 2.700000000000000000e+01 0.000000000000000000e+00 1.600000000000000089e+00 -6.019999999999999961e-04 -2.053000000000000137e-03 -9.999980000000000535e-01 6.703890000000000127e-01 7.420069999999999721e-01 -1.926999999999999894e-03 7.420090000000000297e-01 -6.703890000000000127e-01 9.290000000000000297e-04
2.700000000000000000e+01 4.600000000000000000e+01 2.700000000000000000e+01 0.000000000000000000e+00 1.600000000000000089e+00 -4.589999999999999896e-04 3.789999999999999966e-04 -1.000000000000000000e+00 6.618439999999999879e-01 7.496410000000000018e-01 -2.000000000000000164e-05 7.496410000000000018e-01 -6.618439999999999879e-01 -5.950000000000000427e-04
3.000000000000000000e+00 4.600000000000000000e+01 3.000000000000000000e+01 0.000000000000000000e+00 1.600000000000000089e+00 -4.169999999999999987e-04 2.460000000000000164e-04 -1.000000000000000000e+00 3.308800000000000074e-01 9.436729999999999841e-01 9.500000000000000523e-05 9.436729999999999841e-01 -3.308800000000000074e-01 -4.749999999999999990e-04
6.000000000000000000e+00 4.600000000000000000e+01 3.000000000000000000e+01 0.000000000000000000e+00 1.600000000000000089e+00 -4.409999999999999858e-04 -1.276000000000000007e-03 -9.999989999999999712e-01 3.304699999999999860e-01 9.438159999999999883e-01 -1.350000000000000071e-03 9.438170000000000170e-01 -3.304699999999999860e-01 6.000000000000000152e-06
2.100000000000000000e+01 4.600000000000000000e+01 3.000000000000000000e+01 0.000000000000000000e+00 1.600000000000000089e+00 6.589999999999999721e-04 9.529999999999999626e-04 -9.999989999999999712e-01 3.201919999999999766e-01 9.473519999999999719e-01 1.113999999999999973e-03 9.473519999999999719e-01 -3.201930000000000054e-01 3.190000000000000019e-04
2.800000000000000000e+01 4.600000000000000000e+01 3.000000000000000000e+01 0.000000000000000000e+00 1.600000000000000089e+00 -3.420000000000000188e-04 1.939999999999999993e-04 -1.000000000000000000e+00 3.189770000000000105e-01 9.477630000000000221e-01 7.499999999999999343e-05 9.477630000000000221e-01 -3.189770000000000105e-01 -3.860000000000000041e-04
5.000000000000000000e+00 5.800000000000000000e+01 3.100000000000000000e+01 0.000000000000000000e+00 1.600000000000000089e+00 5.519999999999999733e-04 -2.280000000000000126e-04 1.000000000000000000e+00 -7.973289999999999544e-01 -6.035449999999999982e-01 3.029999999999999924e-04 6.035449999999999982e-01 -7.973289999999999544e-01 -5.150000000000000498e-04
9.000000000000000000e+00 5.800000000000000000e+01 3.100000000000000000e+01 0.000000000000000000e+00 1.600000000000000089e+00 -6.130000000000000466e-04 -1.698000000000000074e-03 9.999980000000000535e-01 -7.974620000000000042e-01 -6.033669999999999867e-01 -1.513000000000000022e-03 6.033690000000000442e-01 -7.974620000000000042e-01 -9.840000000000000656e-04
1.200000000000000000e+01 5.800000000000000000e+01 3.100000000000000000e+01 0.000000000000000000e+00 1.600000000000000089e+00 -3.419000000000000164e-03 -5.147999999999999798e-03 9.999810000000000088e-01 -7.984179999999999611e-01 -6.020759999999999446e-01 -5.828999999999999980e-03 6.020940000000000181e-01 -7.984219999999999651e-01 -2.052000000000000005e-03
1.700000000000000000e+01 5.800000000000000000e+01 3.100000000000000000e+01 0.000000000000000000e+00 1.600000000000000089e+00 -6.329999999999999906e-04 -4.494999999999999864e-03 9.999900000000000455e-01 -7.958070000000000421e-01 -6.055420000000000247e-01 -3.226000000000000135e-03 6.055500000000000327e-01 -7.958009999999999806e-01 -3.193999999999999791e-03
2.200000000000000000e+01 5.800000000000000000e+01 3.100000000000000000e+01 0.000000000000000000e+00 1.600000000000000089e+00 5.134999999999999808e-03 4.062999999999999771e-03 9.999789999999999512e-01 -7.858150000000000412e-01 -6.184260000000000312e-01 6.548000000000000001e-03 6.184399999999999897e-01 -7.858319999999999750e-01 1.699999999999999987e-05
2.800000000000000000e+01 5.800000000000000000e+01 3.100000000000000000e+01 0.000000000000000000e+00 1.600000000000000089e+00 1.191000000000000001e-03 2.259999999999999910e-04 9.999989999999999712e-01 -7.775330000000000297e-01 -6.288409999999999833e-01 1.067999999999999939e-03 6.288409999999999833e-01 -7.775339999999999474e-01 -5.730000000000000501e-04
7.000000000000000000e+00 1.800000000000000000e+01 3.400000000000000000e+01 0.000000000000000000e+00 1.600000000000000089e+00 -1.289999999999999914e-03 -6.311999999999999902e-03 -9.999789999999999512e-01 -3.111789999999999834e-01 -9.503300000000000081e-01 6.400000000000000307e-03 -9.503509999999999458e-01 3.111809999999999854e-01 -7.389999999999999651e-04
1.200000000000000000e+01 1.800000000000000000e+01 3.400000000000000000e+01 0.000000000000000000e+00 1.600000000000000089e+00 -4.470000000000000232e-04 -2.175999999999999983e-03 -9.999970000000000248e-01 -3.062790000000000235e-01 -9.519389999999999796e-01 2.209000000000000026e-03 -9.519419999999999549e-01 3.062790000000000235e-01 -2.410000000000000033e-04
5.000000000000000000e+00 4.600000000000000000e+01 3.500000000000000000e+01 0.000000000000000000e+00 1.600000000000000089e+00 1.090000000000000040e-03 -1.062300000000000050e-02 -9.999430000000000263e-01 3.916799999999999726e-01 -9.200450000000000017e-01 1.020199999999999926e-02 -9.201009999999999467e-01 -3.916689999999999894e-01 3.158000000000000217e-03
1.000000000000000000e+01 4.600000000000000000e+01 3.500000000000000000e+01 0.000000000000000000e+00 1.600000000000000089e+00 1.046999999999999971e-03 -6.682999999999999705e-03 -9.999770000000000048e-01 3.920029999999999903e-01 -9.199410000000000087e-01 6.558999999999999726e-03 -9.199629999999999752e-01 -3.920009999999999883e-01 1.655999999999999920e-03
1.300000000000000000e+01 4.600000000000000000e+01 3.500000000000000000e+01 0.000000000000000000e+00 1.600000000000000089e+00 -5.599999999999999509e-04 -1.379999999999999933e-03 -9.999989999999999712e-01 3.930089999999999972e-01 -9.195339999999999625e-01 1.049000000000000019e-03 -9.195339999999999625e-01 -3.930080000000000240e-01 1.056999999999999997e-03
1.900000000000000000e+01 4.600000000000000000e+01 3.500000000000000000e+01 0.000000000000000000e+00 1.600000000000000089e+00 1.075999999999999917e-03 -5.974000000000000143e-03 -9.999820000000000375e-01 3.915210000000000079e-01 -9.201500000000000234e-01 5.917999999999999650e-03 -9.201679999999999859e-01 -3.915210000000000079e-01 1.348999999999999939e-03
2.300000000000000000e+01 4.600000000000000000e+01 3.500000000000000000e+01 0.000000000000000000e+00 1.600000000000000089e+00 5.159999999999999656e-04 -1.897999999999999948e-03 -9.999980000000000535e-01 3.910509999999999819e-01 -9.203670000000000462e-01 1.948999999999999995e-03 -9.203689999999999927e-01 -3.910520000000000107e-01 2.680000000000000090e-04
2.900000000000000000e+01 4.600000000000000000e+01 3.500000000000000000e+01 0.000000000000000000e+00 1.600000000000000089e+00 -2.420000000000000005e-04 -4.060000000000000241e-03 -9.999919999999999920e-01 3.907789999999999875e-01 -9.204769999999999897e-01 3.641999999999999838e-03 -9.204839999999999689e-01 -3.907749999999999835e-01 1.809000000000000061e-03
2.000000000000000000e+00 9.500000000000000000e+01 3.600000000000000000e+01 0.000000000000000000e+00 1.600000000000000089e+00 6.656999999999999723e-03 1.098799999999999950e-02 9.999179999999999735e-01 9.974009999999999820e-01 7.166000000000000147e-02 -7.427999999999999707e-03 -7.173499999999999321e-02 9.973689999999999500e-01 -1.048299999999999926e-02
1.000000000000000000e+01 9.500000000000000000e+01 3.600000000000000000e+01 0.000000000000000000e+00 1.600000000000000089e+00 4.227999999999999987e-03 -1.599300000000000027e-02 9.998629999999999463e-01 9.972609999999999530e-01 7.390700000000000047e-02 -3.034999999999999937e-03 -7.384799999999999698e-02 9.971370000000000511e-01 1.626199999999999868e-02
1.400000000000000000e+01 9.500000000000000000e+01 3.600000000000000000e+01 0.000000000000000000e+00 1.600000000000000089e+00 1.482000000000000027e-03 -5.870999999999999830e-02 9.982739999999999947e-01 9.971470000000000056e-01 7.542999999999999705e-02 2.955999999999999860e-03 -7.547299999999999842e-02 9.954210000000000003e-01 5.865399999999999781e-02
1.000000000000000000e+00 3.000000000000000000e+00 4.300000000000000000e+01 0.000000000000000000e+00 1.600000000000000089e+00 -8.782999999999999141e-03 -1.107299999999999951e-02 -9.999000000000000110e-01 7.365709999999999757e-01 -6.763590000000000435e-01 1.020000000000000073e-03 -6.763029999999999875e-01 -7.364889999999999493e-01 1.409700000000000016e-02
8.000000000000000000e+00 3.000000000000000000e+00 4.300000000000000000e+01 0.000000000000000000e+00 1.600000000000000089e+00 2.635000000000000189e-03 1.146299999999999923e-02 -9.999310000000000143e-01 7.347280000000000477e-01 -6.783360000000000500e-01 -5.839999999999999705e-03 -6.783559999999999590e-01 -7.346620000000000372e-01 -1.021000000000000033e-02
1.200000000000000000e+01 3.000000000000000000e+00 4.300000000000000000e+01 0.000000000000000000e+00 1.600000000000000089e+00 2.429999999999999868e-03 1.149999999999999981e-03 -9.999959999999999960e-01 7.373420000000000529e-01 -6.755189999999999806e-01 1.015000000000000060e-03 -6.755149999999999766e-01 -7.373420000000000529e-01 -2.490000000000000026e-03
1.500000000000000000e+01 3.000000000000000000e+00 4.300000000000000000e+01 0.000000000000000000e+00 1.600000000000000089e+00 4.145000000000000247e-03 1.404299999999999993e-02 -9.998930000000000318e-01 7.367010000000000502e-01 -6.761880000000000113e-01 -6.442999999999999942e-03 -6.762059999999999738e-01 -7.365949999999999998e-01 -1.314899999999999923e-02
1.800000000000000000e+01 3.000000000000000000e+00 4.300000000000000000e+01 0.000000000000000000e+00 1.600000000000000089e+00 5.995000000000000329e-03 2.880599999999999827e-02 -9.995669999999999833e-01 7.321379999999999555e-01 -6.809859999999999802e-01 -1.523399999999999928e-02 -6.811300000000000132e-01 -7.317289999999999628e-01 -2.517199999999999993e-02
2.300000000000000000e+01 3.000000000000000000e+00 4.300000000000000000e+01 0.000000000000000000e+00 1.600000000000000089e+00 9.416000000000000758e-03 8.935000000000000234e-03 -9.999160000000000270e-01 7.309949999999999504e-01 -6.823829999999999618e-01 7.860000000000000233e-04 -6.823179999999999801e-01 -7.309409999999999519e-01 -1.295600000000000050e-02
3.000000000000000000e+00 2.900000000000000000e+01 4.400000000000000000e+01 0.000000000000000000e+00 1.600000000000000089e+00 -8.750000000000000182e-04 -1.492000000000000054e-03 -9.999989999999999712e-01 6.651049999999999462e-01 7.467479999999999674e-01 -1.696000000000000025e-03 7.467489999999999961e-01 -6.651049999999999462e-01 3.390000000000000001e-04
7.000000000000000000e+00 2.900000000000000000e+01 4.400000000000000000e+01 0.000000000000000000e+00 1.600000000000000089e+00 -7.460000000000000268e-04 -2.259999999999999856e-03 -9.999970000000000248e-01 6.672080000000000233e-01 7.448690000000000033e-01 -2.181000000000000213e-03 7.448709999999999498e-01 -6.672069999999999945e-01 9.520000000000000467e-04
1.100000000000000000e+01 2.900000000000000000e+01 4.400000000000000000e+01 0.000000000000000000e+00 1.600000000000000089e+00 4.929999999999999487e-04 1.095000000000000053e-03 -9.999989999999999712e-01 6.697910000000000252e-01 7.425490000000000146e-01 1.142999999999999919e-03 7.425500000000000433e-01 -6.697910000000000252e-01 -3.669999999999999760e-04
1.400000000000000000e+01 2.900000000000000000e+01 4.400000000000000000e+01 0.000000000000000000e+00 1.600000000000000089e+00 1.910999999999999938e-03 1.881000000000000076e-03 -9.999959999999999960e-01 6.666539999999999688e-01 7.453619999999999690e-01 2.675999999999999993e-03 7.453650000000000553e-01 -6.666570000000000551e-01 1.710000000000000094e-04
1.800000000000000000e+01 2.900000000000000000e+01 4.400000000000000000e+01 0.000000000000000000e+00 1.600000000000000089e+00 1.348000000000000023e-03 2.719999999999999979e-04 -9.999989999999999712e-01 6.550789999999999669e-01 7.555600000000000094e-01 1.087999999999999991e-03 7.555600000000000094e-01 -6.550789999999999669e-01 8.400000000000000348e-04
2.200000000000000000e+01 2.900000000000000000e+01 4.400000000000000000e+01 0.000000000000000000e+00 1.600000000000000089e+00 -6.629999999999999609e-04 -1.461000000000000059e-03 -9.999989999999999712e-01 6.507230000000000514e-01 7.593140000000000445e-01 -1.541000000000000052e-03 7.593149999999999622e-01 -6.507230000000000514e-01 4.470000000000000232e-04
4.000000000000000000e+00 6.000000000000000000e+00 5.100000000000000000e+01 0.000000000000000000e+00 1.600000000000000089e+00 -5.745000000000000107e-03 -7.775999999999999926e-03 -9.999529999999999808e-01 3.201499999999999901e-01 -9.473510000000000542e-01 5.527999999999999928e-03 -9.473489999999999966e-01 -3.201030000000000264e-01 7.931999999999999815e-03
1.800000000000000000e+01 6.000000000000000000e+00 5.100000000000000000e+01 0.000000000000000000e+00 1.600000000000000089e+00 3.848999999999999991e-03 1.581400000000000167e-02 -9.998669999999999503e-01 3.097460000000000213e-01 -9.507189999999999808e-01 -1.384499999999999967e-02 -9.508119999999999905e-01 -3.096519999999999828e-01 -8.557000000000000370e-03
2.900000000000000000e+01 8.100000000000000000e+01 5.100000000000000000e+01 0.000000000000000000e+00 1.600000000000000089e+00 -5.504200000000000065e-02 3.492999999999999994e-01 9.353930000000000300e-01 -9.380800000000000249e-02 9.308600000000000207e-01 -3.531270000000000242e-01 -9.940679999999999517e-01 -1.071840000000000015e-01 -1.846899999999999931e-02
2.000000000000000000e+00 1.150000000000000000e+02 5.100000000000000000e+01 0.000000000000000000e+00 1.600000000000000089e+00 -9.705999999999999350e-03 -2.256899999999999878e-02 9.996979999999999755e-01 8.436850000000000183e-01 -5.368239999999999679e-01 -3.926999999999999935e-03 5.367509999999999781e-01 8.433920000000000305e-01 2.425100000000000172e-02
3.000000000000000000e+00 7.000000000000000000e+00 5.200000000000000000e+01 0.000000000000000000e+00 1.600000000000000089e+00 -6.936000000000000325e-03 -5.394999999999999622e-03 -9.999609999999999888e-01 1.199790000000000023e-01 -9.927660000000000373e-01 4.524000000000000243e-03 -9.927519999999999678e-01 -1.199429999999999941e-01 7.532999999999999766e-03
1.900000000000000000e+01 7.000000000000000000e+00 5.200000000000000000e+01 0.000000000000000000e+00 1.600000000000000089e+00 9.480000000000000579e-03 1.461699999999999978e-02 -9.998479999999999590e-01 9.926500000000000601e-02 -9.949679999999999636e-01 -1.360500000000000077e-02 -9.950160000000000116e-01 -9.912100000000000077e-02 -1.088300000000000031e-02
2.300000000000000000e+01 7.000000000000000000e+00 5.200000000000000000e+01 0.000000000000000000e+00 1.600000000000000089e+00 6.513999999999999825e-03 9.386999999999999511e-03 -9.999350000000000183e-01 9.421799999999999620e-02 -9.955129999999999812e-01 -8.732000000000000178e-03 -9.955300000000000260e-01 -9.415500000000000258e-02 -7.369999999999999815e-03
1.000000000000000000e+00 6.300000000000000000e+01 5.400000000000000000e+01 0.000000000000000000e+00 1.600000000000000089e+00 -1.453000000000000081e-03 -3.987000000000000093e-03 9.999909999999999632e-01 -3.387560000000000016e-01 9.408680000000000376e-01 3.259999999999999877e-03 -9.408729999999999594e-01 -3.387490000000000223e-01 -2.716999999999999797e-03
9.000000000000000000e+00 6.300000000000000000e+01 5.400000000000000000e+01 0.000000000000000000e+00 1.600000000000000089e+00 1.026000000000000002e-03 1.469999999999999953e-04 9.999989999999999712e-01 -3.346350000000000158e-01 9.423479999999999634e-01 2.049999999999999956e-04 -9.423470000000000457e-01 -3.346350000000000158e-01 1.015999999999999976e-03
1.800000000000000000e+01 6.300000000000000000e+01 5.400000000000000000e+01 0.000000000000000000e+00 1.600000000000000089e+00 6.792000000000000294e-03 4.307000000000000065e-03 9.999679999999999680e-01 -3.422390000000000154e-01 9.396109999999999740e-01 -1.722000000000000006e-03 -9.395879999999999788e-01 -3.422160000000000202e-01 7.856000000000000136e-03
2.900000000000000000e+01 6.300000000000000000e+01 5.400000000000000000e+01 0.000000000000000000e+00 1.600000000000000089e+00 -2.850000000000000103e-03 1.054000000000000032e-03 9.999949999999999672e-01 -3.244969999999999799e-01 9.458849999999999758e-01 -1.922000000000000097e-03 -9.458820000000000006e-01 -3.245009999999999839e-01 -2.353000000000000057e-03
2.800000000000000000e+01 2.500000000000000000e+01 5.500000000000000000e+01 0.000000000000000000e+00 1.600000000000000089e+00 5.779999999999999548e-04 -2.530000000000000131e-03 -9.999970000000000248e-01 -1.072700000000000042e-02 -9.999390000000000223e-01 2.524000000000000202e-03 -9.999419999999999975e-01 1.072599999999999942e-02 -6.049999999999999606e-04
2.800000000000000000e+01 6.800000000000000000e+01 5.700000000000000000e+01 0.000000000000000000e+00 1.600000000000000089e+00 -4.792799999999999838e-02 4.883480000000000043e-01 8.713319999999999954e-01 -2.851239999999999886e-01 8.293500000000000316e-01 -4.805030000000000134e-01 -9.572920000000000318e-01 -2.714670000000000138e-01 9.949099999999999611e-02
1.000000000000000000e+00 2.000000000000000000e+01 6.000000000000000000e+01 0.000000000000000000e+00 1.600000000000000089e+00 -1.812000000000000026e-03 -3.168999999999999942e-03 9.999930000000000208e-01 -6.107100000000000029e-02 9.981290000000000440e-01 3.052000000000000025e-03 -9.981320000000000192e-01 -6.106500000000000122e-02 -2.001999999999999873e-03
2.000000000000000000e+00 2.100000000000000000e+01 6.000000000000000000e+01 0.000000000000000000e+00 1.600000000000000089e+00 -8.319999999999999488e-04 1.327000000000000055e-03 9.999989999999999712e-01 -9.466099999999999515e-02 9.955089999999999772e-01 -1.399999999999999986e-03 -9.955089999999999772e-01 -9.466199999999999615e-02 -7.020000000000000415e-04
8.000000000000000000e+00 2.100000000000000000e+01 6.000000000000000000e+01 0.000000000000000000e+00 1.600000000000000089e+00 -5.760000000000000146e-04 -9.041999999999999690e-03 9.999590000000000423e-01 -9.321200000000000319e-02 9.956059999999999910e-01 8.947999999999999357e-03 -9.956460000000000310e-01 -9.320299999999999419e-02 -1.417000000000000074e-03
1.200000000000000000e+01 2.100000000000000000e+01 6.000000000000000000e+01 0.000000000000000000e+00 1.600000000000000089e+00 -1.621000000000000045e-03 -6.603000000000000362e-03 9.999770000000000048e-01 -9.318500000000000394e-02 9.956279999999999575e-01 6.424000000000000023e-03 -9.956469999999999487e-01 -9.317300000000000582e-02 -2.230000000000000211e-03
1.800000000000000000e+01 2.100000000000000000e+01 6.000000000000000000e+01 0.000000000000000000e+00 1.600000000000000089e+00 -1.453999999999999997e-03 4.638999999999999894e-03 9.999879999999999880e-01 -9.584700000000000164e-02 9.953849999999999643e-01 -4.755999999999999811e-03 -9.953950000000000298e-01 -9.585200000000000664e-02 -1.002000000000000069e-03
2.300000000000000000e+01 2.100000000000000000e+01 6.000000000000000000e+01 0.000000000000000000e+00 1.600000000000000089e+00 1.355000000000000085e-03 1.065999999999999934e-02 9.999419999999999975e-01 -9.600699999999999512e-02 9.953260000000000440e-01 -1.047999999999999973e-02 -9.953800000000000425e-01 -9.598700000000000288e-02 2.371999999999999977e-03
2.700000000000000000e+01 2.100000000000000000e+01 6.000000000000000000e+01 0.000000000000000000e+00 1.600000000000000089e+00 2.801999999999999803e-03 -5.230000000000000274e-03 9.999820000000000375e-01 -9.411200000000000121e-02 9.955469999999999597e-01 5.471000000000000169e-03 -9.955580000000000540e-01 -9.412500000000000033e-02 2.296999999999999997e-03
1.700000000000000000e+01 8.200000000000000000e+01 6.200000000000000000e+01 0.000000000000000000e+00 1.600000000000000089e+00 6.359580000000000233e-01 -7.463459999999999539e-01 1.962780000000000080e-01 -6.464090000000000114e-01 -6.541059999999999652e-01 -3.928119999999999945e-01 4.215599999999999903e-01 1.229360000000000036e-01 -8.984280000000000044e-01
1.800000000000000000e+01 3.000000000000000000e+00 6.300000000000000000e+01 0.000000000000000000e+00 1.600000000000000089e+00 1.704999999999999918e-03 1.383299999999999981e-02 9.999029999999999863e-01 -6.250449999999999617e-01 7.805279999999999996e-01 -9.733000000000000332e-03 -7.805870000000000308e-01 -6.249670000000000503e-01 9.976999999999999758e-03
2.500000000000000000e+01 3.000000000000000000e+00 6.300000000000000000e+01 0.000000000000000000e+00 1.600000000000000089e+00 6.840000000000000377e-04 2.697000000000000178e-03 9.999959999999999960e-01 -6.168609999999999927e-01 7.870700000000000474e-01 -1.701000000000000038e-03 -7.870719999999999938e-01 -6.168580000000000174e-01 2.201999999999999964e-03
2.000000000000000000e+00 2.700000000000000000e+01 6.300000000000000000e+01 0.000000000000000000e+00 1.600000000000000089e+00 3.908000000000000015e-03 -3.024000000000000212e-03 9.999879999999999880e-01 -2.792279999999999762e-01 9.602169999999999872e-01 3.995000000000000287e-03 -9.602169999999999872e-01 -2.792399999999999882e-01 2.907999999999999995e-03
6.000000000000000000e+00 2.700000000000000000e+01 6.300000000000000000e+01 0.000000000000000000e+00 1.600000000000000089e+00 2.118000000000000091e-03 -4.877000000000000259e-03 9.999860000000000415e-01 -2.802540000000000031e-01 9.599109999999999587e-01 5.275000000000000175e-03 -9.599239999999999995e-01 -2.802609999999999824e-01 6.660000000000000338e-04
