1.500000000000000000e+01 1.900000000000000000e+01 5.000000000000000000e+00 0.000000000000000000e+00 1.600000000000000089e+00 2.849999999999999886e-04 -1.789999999999999870e-04 -1.000000000000000000e+00 -7.075190000000000090e-01 -7.066940000000000444e-01 -7.499999999999999343e-05 -7.066940000000000444e-01 7.075190000000000090e-01 -3.280000000000000038e-04
2.000000000000000000e+00 1.010000000000000000e+02 7.000000000000000000e+00 0.000000000000000000e+00 1.600000000000000089e+00 -3.024000000000000212e-03 -1.114599999999999966e-02 9.999329999999999607e-01 8.909070000000000045e-01 4.541189999999999949e-01 7.755999999999999873e-03 -4.541749999999999954e-01 8.908709999999999685e-01 8.557000000000000370e-03
7.000000000000000000e+00 1.010000000000000000e+02 7.000000000000000000e+00 0.000000000000000000e+00 1.600000000000000089e+00 -2.720999999999999894e-03 -1.601400000000000046e-02 9.998679999999999790e-01 8.898829999999999796e-01 4.560850000000000182e-01 9.726000000000000270e-03 -4.561810000000000032e-01 8.897920000000000273e-01 1.300899999999999973e-02
1.800000000000000000e+01 1.010000000000000000e+02 7.000000000000000000e+00 0.000000000000000000e+00 1.600000000000000089e+00 6.989999999999999686e-04 -7.131000000000000186e-03 9.999740000000000295e-01 8.886469999999999647e-01 4.585850000000000204e-01 2.648999999999999879e-03 -4.585919999999999996e-01 8.886220000000000230e-01 6.657999999999999856e-03
2.500000000000000000e+01 1.010000000000000000e+02 7.000000000000000000e+00 0.000000000000000000e+00 1.600000000000000089e+00 1.278000000000000056e-03 1.017700000000000028e-02 9.999470000000000303e-01 8.889399999999999524e-01 4.579860000000000042e-01 -5.798000000000000202e-03 -4.580210000000000115e-01 8.889010000000000522e-01 -8.462000000000000771e-03
2.000000000000000000e+00 2.500000000000000000e+01 8.000000000000000000e+00 0.000000000000000000e+00 1.600000000000000089e+00 -1.991999999999999847e-03 -1.650999999999999907e-03 -9.999970000000000248e-01 4.368230000000000168e-01 8.995440000000000103e-01 -2.354999999999999889e-03 8.995450000000000390e-01 -4.368270000000000208e-01 -1.070999999999999903e-03
6.000000000000000000e+00 2.500000000000000000e+01 8.000000000000000000e+00 0.000000000000000000e+00 1.600000000000000089e+00 -7.439999999999999782e-04 -1.420000000000000038e-03 -9.999989999999999712e-01 4.369509999999999783e-01 8.994839999999999502e-01 -1.601999999999999908e-03 8.994849999999999790e-01 -4.369520000000000071e-01 -4.899999999999999842e-05
1.500000000000000000e+01 2.500000000000000000e+01 8.000000000000000000e+00 0.000000000000000000e+00 1.600000000000000089e+00 -1.909000000000000107e-03 8.385000000000000092e-03 -9.999630000000000463e-01 4.364080000000000181e-01 8.997239999999999682e-01 6.712000000000000084e-03 8.997469999999999635e-01 -4.363790000000000169e-01 -5.376999999999999835e-03
2.100000000000000000e+01 2.500000000000000000e+01 8.000000000000000000e+00 0.000000000000000000e+00 1.600000000000000089e+00 -6.530000000000000431e-04 3.274000000000000000e-03 -9.999940000000000495e-01 4.366780000000000106e-01 8.996140000000000247e-01 2.660000000000000038e-03 8.996170000000000000e-01 -4.366740000000000066e-01 -2.017000000000000130e-03
2.400000000000000000e+01 2.500000000000000000e+01 8.000000000000000000e+00 0.000000000000000000e+00 1.600000000000000089e+00 -4.189999999999999931e-04 -1.200900000000000058e-02 -9.999280000000000390e-01 4.373400000000000065e-01 8.992289999999999450e-01 -1.098299999999999971e-02 8.992959999999999843e-01 -4.373130000000000073e-01 4.874999999999999993e-03
9.000000000000000000e+00 9.000000000000000000e+00 9.000000000000000000e+00 0.000000000000000000e+00 1.600000000000000089e+00 1.611599999999999838e-02 6.762999999999999914e-03 -9.998470000000000413e-01 -9.714359999999999662e-01 -2.366729999999999945e-01 -1.725900000000000004e-02 -2.367529999999999912e-01 9.715660000000000407e-01 2.756000000000000203e-03
1.500000000000000000e+01 9.000000000000000000e+00 9.000000000000000000e+00 0.000000000000000000e+00 1.600000000000000089e+00 2.599200000000000121e-02 1.519900000000000070e-02 -9.995469999999999633e-01 -9.741260000000000474e-01 -2.241710000000000091e-01 -2.873900000000000066e-02 -2.245060000000000111e-01 9.744310000000000471e-01 8.978999999999999135e-03
2.000000000000000000e+01 9.000000000000000000e+00 9.000000000000000000e+00 0.000000000000000000e+00 1.600000000000000089e+00 2.815300000000000094e-02 7.020000000000000198e-03 -9.995789999999999953e-01 -9.868529999999999802e-01 -1.590119999999999867e-01 -2.891099999999999920e-02 -1.591480000000000117e-01 9.872520000000000184e-01 2.451000000000000054e-03
2.000000000000000000e+00 2.400000000000000000e+01 9.000000000000000000e+00 0.000000000000000000e+00 1.600000000000000089e+00 -2.517999999999999839e-03 -2.808000000000000166e-03 -9.999930000000000208e-01 4.431829999999999936e-01 8.964239999999999986e-01 -3.632999999999999945e-03 8.964280000000000026e-01 -4.431889999999999996e-01 -1.013000000000000012e-03
6.000000000000000000e+00 2.400000000000000000e+01 9.000000000000000000e+00 0.000000000000000000e+00 1.600000000000000089e+00 -9.409999999999999962e-04 -9.449999999999999850e-04 -9.999989999999999712e-01 4.436410000000000076e-01 8.962040000000000006e-01 -1.263999999999999933e-03 8.962040000000000006e-01 -4.436419999999999808e-01 -4.249999999999999763e-04
1.200000000000000000e+01 2.400000000000000000e+01 9.000000000000000000e+00 0.000000000000000000e+00 1.600000000000000089e+00 -1.489000000000000089e-03 1.232999999999999938e-03 -9.999980000000000535e-01 4.438920000000000088e-01 8.960799999999999876e-01 4.440000000000000045e-04 8.960789999999999589e-01 -4.438900000000000068e-01 -1.881999999999999992e-03
1.500000000000000000e+01 2.400000000000000000e+01 9.000000000000000000e+00 0.000000000000000000e+00 1.600000000000000089e+00 -1.025000000000000086e-03 2.462000000000000213e-03 -9.999959999999999960e-01 4.426470000000000127e-01 8.966939999999999911e-01 1.753999999999999917e-03 8.966950000000000198e-01 -4.426439999999999819e-01 -2.008999999999999935e-03
2.100000000000000000e+01 2.400000000000000000e+01 9.000000000000000000e+00 0.000000000000000000e+00 1.600000000000000089e+00 -6.909999999999999910e-04 2.752000000000000106e-03 -9.999959999999999960e-01 4.416930000000000023e-01 8.971639999999999615e-01 2.164000000000000125e-03 8.971660000000000190e-01 -4.416900000000000270e-01 -1.835000000000000043e-03
2.400000000000000000e+01 2.400000000000000000e+01 9.000000000000000000e+00 0.000000000000000000e+00 1.600000000000000089e+00 -8.329999999999999731e-04 -9.072000000000000203e-03 -9.999580000000000135e-01 4.425209999999999977e-01 8.967180000000000151e-01 -8.503999999999999407e-03 8.967580000000000551e-01 -4.425100000000000144e-01 3.268000000000000071e-03
2.800000000000000000e+01 2.400000000000000000e+01 9.000000000000000000e+00 0.000000000000000000e+00 1.600000000000000089e+00 -1.830000000000000029e-04 -9.270999999999999727e-03 -9.999569999999999848e-01 4.440439999999999943e-01 8.959660000000000402e-01 -8.389000000000000623e-03 8.960050000000000514e-01 -4.440270000000000050e-01 3.952999999999999917e-03
5.000000000000000000e+00 8.000000000000000000e+00 1.000000000000000000e+01 0.000000000000000000e+00 1.600000000000000089e+00 1.625499999999999862e-02 -3.000000000000000062e-03 -9.998629999999999463e-01 -9.938489999999999824e-01 -1.096110000000000001e-01 -1.582799999999999832e-02 -1.095489999999999936e-01 9.939700000000000202e-01 -4.762999999999999873e-03
6.000000000000000000e+00 4.000000000000000000e+00 1.100000000000000000e+01 0.000000000000000000e+00 1.600000000000000089e+00 -3.471000000000000127e-03 1.425900000000000084e-02 9.998920000000000030e-01 1.395540000000000114e-01 -9.901069999999999593e-01 1.460400000000000066e-02 9.902079999999999771e-01 1.395899999999999919e-01 1.446999999999999936e-03
1.000000000000000000e+01 4.000000000000000000e+00 1.100000000000000000e+01 0.000000000000000000e+00 1.600000000000000089e+00 -3.464000000000000065e-03 1.403300000000000033e-02 9.998960000000000070e-01 1.360510000000000053e-01 -9.905979999999999785e-01 1.437399999999999962e-02 9.906960000000000210e-01 1.360870000000000135e-01 1.521999999999999915e-03
2.100000000000000000e+01 2.800000000000000000e+01 1.300000000000000000e+01 0.000000000000000000e+00 1.600000000000000089e+00 -7.810000000000000102e-04 3.531900000000000317e-02 9.993760000000000421e-01 -4.768700000000000022e-02 9.982379999999999587e-01 -3.531600000000000017e-02 -9.988620000000000276e-01 -4.768499999999999822e-02 9.049999999999999885e-04
2.300000000000000000e+01 2.800000000000000000e+01 1.300000000000000000e+01 0.000000000000000000e+00 1.600000000000000089e+00 -4.849000000000000012e-03 -5.755199999999999899e-02 9.983309999999999684e-01 -6.081500000000000100e-02 9.965119999999999534e-01 5.715200000000000141e-02 -9.981370000000000520e-01 -6.043599999999999667e-02 -8.332000000000000864e-03
1.500000000000000000e+01 2.900000000000000000e+01 1.300000000000000000e+01 0.000000000000000000e+00 1.600000000000000089e+00 1.799699999999999911e-02 2.696839999999999793e-01 9.627809999999999979e-01 -1.621500000000000025e-02 9.628889999999999949e-01 -2.694110000000000116e-01 -9.997070000000000123e-01 -1.076300000000000000e-02 2.170199999999999907e-02
2.100000000000000000e+01 1.200000000000000000e+01 1.600000000000000000e+01 0.000000000000000000e+00 1.600000000000000089e+00 -3.784000000000000037e-03 2.594099999999999878e-02 9.996559999999999890e-01 2.826670000000000016e-01 -9.588670000000000249e-01 2.595199999999999937e-02 9.592110000000000358e-01 2.826679999999999748e-01 -3.703999999999999827e-03
2.700000000000000000e+01 1.200000000000000000e+01 1.600000000000000000e+01 0.000000000000000000e+00 1.600000000000000089e+00 -9.539999999999999869e-04 1.995999999999999944e-03 9.999980000000000535e-01 2.723820000000000130e-01 -9.621870000000000145e-01 2.181000000000000213e-03 9.621889999999999610e-01 2.723840000000000150e-01 3.750000000000000078e-04
1.700000000000000000e+01 1.160000000000000000e+02 1.600000000000000000e+01 0.000000000000000000e+00 1.600000000000000089e+00 8.409999999999999507e-04 2.843000000000000041e-03 9.999959999999999960e-01 7.743430000000000035e-01 6.327610000000000179e-01 -2.449999999999999921e-03 -6.327650000000000219e-01 7.743419999999999748e-01 -1.668999999999999911e-03
2.700000000000000000e+01 1.160000000000000000e+02 1.600000000000000000e+01 0.000000000000000000e+00 1.600000000000000089e+00 6.369999999999999794e-04 -3.989999999999999949e-04 1.000000000000000000e+00 7.715619999999999701e-01 6.361539999999999973e-01 -2.380000000000000117e-04 -6.361539999999999973e-01 7.715619999999999701e-01 7.129999999999999836e-04
2.000000000000000000e+01 2.000000000000000000e+00 1.900000000000000000e+01 0.000000000000000000e+00 1.600000000000000089e+00 -3.093999999999999962e-03 2.865799999999999945e-02 -9.995849999999999458e-01 3.474740000000000051e-01 -9.372730000000000228e-01 -2.794699999999999962e-02 -9.376849999999999907e-01 -3.474160000000000026e-01 -7.058000000000000038e-03
2.900000000000000000e+01 2.000000000000000000e+00 1.900000000000000000e+01 0.000000000000000000e+00 1.600000000000000089e+00 -1.575000000000000011e-03 1.048200000000000000e-02 -9.999440000000000550e-01 3.384079999999999866e-01 -9.409419999999999451e-01 -1.039699999999999999e-02 -9.409980000000000011e-01 -3.384050000000000114e-01 -2.064999999999999995e-03
4.000000000000000000e+00 3.000000000000000000e+00 1.900000000000000000e+01 0.000000000000000000e+00 1.600000000000000089e+00 -7.761999999999999802e-03 2.449099999999999888e-02 -9.996699999999999475e-01 3.426179999999999781e-01 -9.391239999999999588e-01 -2.566799999999999984e-02 -9.394430000000000280e-01 -3.427040000000000086e-01 -1.100999999999999982e-03
9.000000000000000000e+00 3.000000000000000000e+00 1.900000000000000000e+01 0.000000000000000000e+00 1.600000000000000089e+00 -2.409000000000000117e-03 1.596300000000000149e-02 -9.998700000000000365e-01 3.456650000000000000e-01 -9.382249999999999757e-01 -1.581099999999999867e-02 -9.383550000000000502e-01 -3.456580000000000208e-01 -3.256999999999999913e-03
1.400000000000000000e+01 3.000000000000000000e+00 1.900000000000000000e+01 0.000000000000000000e+00 1.600000000000000089e+00 -3.650000000000000033e-03 1.714500000000000052e-02 -9.998460000000000125e-01 3.443780000000000174e-01 -9.386710000000000331e-01 -1.735300000000000037e-02 -9.388239999999999919e-01 -3.443880000000000274e-01 -2.478999999999999867e-03
1.700000000000000000e+01 3.000000000000000000e+00 1.900000000000000000e+01 0.000000000000000000e+00 1.600000000000000089e+00 -4.186999999999999750e-03 2.256800000000000125e-02 -9.997369999999999868e-01 3.420790000000000219e-01 -9.393979999999999553e-01 -2.263899999999999940e-02 -9.396619999999999973e-01 -3.420839999999999992e-01 -3.787000000000000002e-03
2.200000000000000000e+01 3.000000000000000000e+00 1.900000000000000000e+01 0.000000000000000000e+00 1.600000000000000089e+00 -1.760000000000000063e-03 2.305000000000000104e-02 -9.997329999999999828e-01 3.368050000000000210e-01 -9.413099999999999801e-01 -2.229599999999999985e-02 -9.415729999999999933e-01 -3.367539999999999978e-01 -6.106999999999999582e-03
1.000000000000000000e+01 4.000000000000000000e+00 2.000000000000000000e+01 0.000000000000000000e+00 1.600000000000000089e+00 -1.311000000000000099e-03 1.375600000000000087e-02 -9.999050000000000438e-01 3.792510000000000048e-01 -9.251989999999999936e-01 -1.322500000000000064e-02 -9.252930000000000321e-01 -3.792320000000000135e-01 -4.003999999999999747e-03
1.600000000000000000e+01 4.000000000000000000e+00 2.000000000000000000e+01 0.000000000000000000e+00 1.600000000000000089e+00 -3.432999999999999854e-03 1.894399999999999903e-02 -9.998150000000000093e-01 3.849230000000000151e-01 -9.227570000000000494e-01 -1.880599999999999980e-02 -9.229420000000000401e-01 -3.849159999999999804e-01 -4.124000000000000062e-03
2.300000000000000000e+01 4.000000000000000000e+00 2.000000000000000000e+01 0.000000000000000000e+00 1.600000000000000089e+00 -1.002000000000000069e-03 2.143600000000000019e-02 -9.997700000000000475e-01 3.872610000000000219e-01 -9.217499999999999583e-01 -2.015199999999999977e-02 -9.219699999999999562e-01 -3.871919999999999806e-01 -7.378000000000000010e-03
2.700000000000000000e+01 4.000000000000000000e+00 2.000000000000000000e+01 0.000000000000000000e+00 1.600000000000000089e+00 -2.030000000000000012e-04 1.225000000000000047e-02 -9.999249999999999527e-01 3.873210000000000264e-01 -9.218750000000000000e-01 -1.137200000000000016e-02 -9.219450000000000145e-01 -3.872950000000000004e-01 -4.558000000000000419e-03
5.000000000000000000e+00 1.300000000000000000e+01 2.000000000000000000e+01 0.000000000000000000e+00 1.600000000000000089e+00 -2.329999999999999986e-04 -1.487999999999999956e-03 9.999989999999999712e-01 2.595709999999999962e-01 9.657229999999999981e-01 1.497999999999999983e-03 -9.657240000000000268e-01 2.595709999999999962e-01 1.610000000000000103e-04
8.000000000000000000e+00 1.300000000000000000e+01 2.000000000000000000e+01 0.000000000000000000e+00 1.600000000000000089e+00 -1.579999999999999916e-04 -3.076000000000000175e-03 9.999949999999999672e-01 2.608179999999999943e-01 9.653829999999999911e-01 3.010000000000000089e-03 -9.653880000000000239e-01 2.608170000000000210e-01 6.499999999999999702e-04
1.200000000000000000e+01 1.300000000000000000e+01 2.000000000000000000e+01 0.000000000000000000e+00 1.600000000000000089e+00 1.185000000000000072e-03 -4.298999999999999870e-03 9.999900000000000455e-01 2.607809999999999850e-01 9.653899999999999704e-01 3.841999999999999929e-03 -9.653969999999999496e-01 2.607740000000000058e-01 2.265000000000000086e-03
1.600000000000000000e+01 1.300000000000000000e+01 2.000000000000000000e+01 0.000000000000000000e+00 1.600000000000000089e+00 1.815999999999999906e-03 -1.384999999999999946e-03 9.999970000000000248e-01 2.601280000000000259e-01 9.655740000000000434e-01 8.649999999999999920e-04 -9.655719999999999859e-01 2.601260000000000239e-01 2.112999999999999861e-03
2.200000000000000000e+01 1.300000000000000000e+01 2.000000000000000000e+01 0.000000000000000000e+00 1.600000000000000089e+00 1.240000000000000054e-04 1.512000000000000106e-03 9.999989999999999712e-01 2.623050000000000104e-01 9.649839999999999529e-01 -1.490999999999999921e-03 -9.649849999999999817e-01 2.623050000000000104e-01 -2.759999999999999867e-04
2.900000000000000000e+01 1.300000000000000000e+01 2.000000000000000000e+01 0.000000000000000000e+00 1.600000000000000089e+00 -8.400000000000000348e-04 -1.098999999999999934e-03 9.999989999999999712e-01 2.632019999999999915e-01 9.647400000000000420e-01 1.281000000000000021e-03 -9.647409999999999597e-01 2.632019999999999915e-01 -5.209999999999999788e-04
8.000000000000000000e+00 1.600000000000000000e+01 2.100000000000000000e+01 0.000000000000000000e+00 1.600000000000000089e+00 -6.340000000000000149e-04 -4.505000000000000324e-03 9.999900000000000455e-01 2.978729999999999989e-01 9.545949999999999713e-01 4.490000000000000067e-03 -9.546050000000000368e-01 2.978729999999999989e-01 7.370000000000000249e-04
6.000000000000000000e+00 2.000000000000000000e+00 2.500000000000000000e+01 0.000000000000000000e+00 1.600000000000000089e+00 -9.275999999999999523e-03 1.981399999999999828e-02 9.997610000000000108e-01 7.612599999999999922e-02 -9.968879999999999963e-01 2.046299999999999855e-02 9.970550000000000246e-01 7.629800000000000471e-02 7.738000000000000086e-03
9.000000000000000000e+00 2.000000000000000000e+00 2.500000000000000000e+01 0.000000000000000000e+00 1.600000000000000089e+00 -7.934000000000000080e-03 1.622200000000000031e-02 9.998369999999999758e-01 8.452600000000000391e-02 -9.962790000000000257e-01 1.683499999999999927e-02 9.963899999999999979e-01 8.464599999999999902e-02 6.533999999999999878e-03
1.600000000000000000e+01 3.000000000000000000e+00 2.500000000000000000e+01 0.000000000000000000e+00 1.600000000000000089e+00 -5.069999999999999854e-03 1.709099999999999855e-02 9.998409999999999798e-01 1.021700000000000039e-02 -9.998010000000000508e-01 1.714200000000000099e-02 9.999350000000000183e-01 1.030200000000000039e-02 4.893999999999999913e-03
2.000000000000000000e+01 3.000000000000000000e+00 2.500000000000000000e+01 0.000000000000000000e+00 1.600000000000000089e+00 -6.093999999999999591e-03 2.290299999999999975e-02 9.997190000000000243e-01 1.580700000000000160e-02 -9.996110000000000273e-01 2.299700000000000008e-02 9.998559999999999670e-01 1.594299999999999884e-02 5.729999999999999850e-03
2.700000000000000000e+01 3.000000000000000000e+00 2.500000000000000000e+01 0.000000000000000000e+00 1.600000000000000089e+00 -4.916000000000000231e-03 8.382999999999999827e-03 9.999529999999999808e-01 1.802199999999999983e-02 -9.998019999999999685e-01 8.470999999999999364e-03 9.998259999999999925e-01 1.806200000000000166e-02 4.764000000000000005e-03
2.200000000000000000e+01 3.000000000000000000e+01 2.500000000000000000e+01 0.000000000000000000e+00 1.600000000000000089e+00 -2.234859999999999902e-01 -8.222999999999999407e-03 9.746719999999999828e-01 -9.741560000000000219e-01 -3.174500000000000238e-02 -2.236360000000000015e-01 3.277999999999999664e-02 -9.994619999999999616e-01 -9.160000000000000390e-04
2.000000000000000000e+01 3.100000000000000000e+01 2.500000000000000000e+01 0.000000000000000000e+00 1.600000000000000089e+00 -3.081280000000000130e-01 5.639299999999999868e-02 9.496719999999999606e-01 -9.476639999999999509e-01 6.953800000000000259e-02 -3.116050000000000209e-01 -8.361100000000000476e-02 -9.959839999999999804e-01 3.201500000000000179e-02
1.500000000000000000e+01 4.600000000000000000e+01 2.700000000000000000e+01 0.000000000000000000e+00 1.600000000000000089e+00 -4.675999999999999601e-03 -2.500000000000000052e-03 -9.999860000000000415e-01 6.788910000000000222e-01 7.342220000000000413e-01 -5.009999999999999697e-03 7.342239999999999878e-01 -6.789049999999999807e-01 -1.735999999999999913e-03
7.000000000000000000e+00 4.600000000000000000e+01 3.000000000000000000e+01 0.000000000000000000e+00 1.600000000000000089e+00 -1.350999999999999987e-03 -1.869000000000000002e-03 -9.999970000000000248e-01 3.334469999999999934e-01 9.427659999999999929e-01 -2.213000000000000123e-03 9.427680000000000504e-01 -3.334489999999999954e-01 -6.509999999999999945e-04
6.000000000000000000e+00 5.800000000000000000e+01 3.100000000000000000e+01 0.000000000000000000e+00 1.600000000000000089e+00 6.000000000000000152e-05 -5.650999999999999773e-03 9.999839999999999840e-01 -8.119969999999999688e-01 -5.836529999999999774e-01 -3.249999999999999851e-03 5.836620000000000141e-01 -8.119840000000000391e-01 -4.623999999999999638e-03
2.900000000000000000e+01 3.200000000000000000e+01 3.300000000000000000e+01 0.000000000000000000e+00 1.600000000000000089e+00 6.921299999999999675e-02 -5.562199999999999783e-02 -9.960499999999999909e-01 1.467100000000000071e-01 -9.870210000000000372e-01 6.531299999999999606e-02 -9.867550000000000487e-01 -1.506510000000000071e-01 -6.015500000000000014e-02
1.300000000000000000e+01 4.300000000000000000e+01 3.400000000000000000e+01 0.000000000000000000e+00 1.600000000000000089e+00 -1.129999999999999955e-04 -1.895999999999999899e-03 -9.999980000000000535e-01 -3.259279999999999955e-01 9.453930000000000389e-01 -1.755000000000000050e-03 9.453949999999999854e-01 3.259270000000000223e-01 -7.249999999999999500e-04
5.000000000000000000e+00 4.600000000000000000e+01 3.500000000000000000e+01 0.000000000000000000e+00 1.600000000000000089e+00 -1.169999999999999979e-04 -2.393999999999999861e-03 -9.999970000000000248e-01 3.891689999999999872e-01 -9.211639999999999828e-01 2.160000000000000028e-03 -9.211660000000000403e-01 -3.891680000000000139e-01 1.038999999999999993e-03
1.100000000000000000e+01 4.600000000000000000e+01 3.500000000000000000e+01 0.000000000000000000e+00 1.600000000000000089e+00 2.910000000000000260e-04 7.421999999999999778e-03 -9.999719999999999720e-01 3.896890000000000076e-01 -9.209220000000000184e-01 -6.721999999999999677e-03 -9.209460000000000424e-01 -3.896760000000000224e-01 -3.160000000000000048e-03
1.600000000000000000e+01 4.600000000000000000e+01 3.500000000000000000e+01 0.000000000000000000e+00 1.600000000000000089e+00 -1.118000000000000070e-03 -2.959999999999999958e-03 -9.999949999999999672e-01 3.908820000000000072e-01 -9.204379999999999784e-01 2.288000000000000103e-03 -9.204400000000000359e-01 -3.908780000000000032e-01 2.186000000000000009e-03
1.900000000000000000e+01 4.600000000000000000e+01 3.500000000000000000e+01 0.000000000000000000e+00 1.600000000000000089e+00 -1.810000000000000085e-04 -4.512000000000000385e-03 -9.999900000000000455e-01 3.919690000000000119e-01 -9.199690000000000367e-01 4.080000000000000293e-03 -9.199779999999999625e-01 -3.919639999999999791e-01 1.935000000000000088e-03
2.500000000000000000e+01 4.600000000000000000e+01 3.500000000000000000e+01 0.000000000000000000e+00 1.600000000000000089e+00 6.390000000000000280e-04 6.198800000000000143e-02 -9.980769999999999920e-01 3.948940000000000228e-01 -9.169760000000000133e-01 -5.669799999999999840e-02 -9.187269999999999603e-01 -3.940980000000000039e-01 -2.506500000000000047e-02
1.000000000000000000e+01 9.500000000000000000e+01 3.600000000000000000e+01 0.000000000000000000e+00 1.600000000000000089e+00 2.566999999999999837e-03 2.416599999999999998e-02 9.997049999999999548e-01 9.969599999999999573e-01 7.779200000000000004e-02 -4.440999999999999635e-03 -7.787600000000000078e-02 9.966770000000000351e-01 -2.389300000000000104e-02
2.300000000000000000e+01 9.500000000000000000e+01 3.600000000000000000e+01 0.000000000000000000e+00 1.600000000000000089e+00 3.395000000000000014e-03 7.799999999999999642e-03 9.999639999999999640e-01 9.970830000000000526e-01 7.621799999999999409e-02 -3.980000000000000031e-03 -7.624599999999999433e-02 9.970609999999999751e-01 -7.518999999999999642e-03
2.000000000000000000e+00 2.900000000000000000e+01 4.400000000000000000e+01 0.000000000000000000e+00 1.600000000000000089e+00 -7.240000000000000342e-04 3.733999999999999906e-03 -9.999930000000000208e-01 6.395560000000000134e-01 7.687410000000000077e-01 2.407999999999999984e-03 7.687439999999999829e-01 -6.395499999999999519e-01 -2.945000000000000135e-03
6.000000000000000000e+00 2.900000000000000000e+01 4.400000000000000000e+01 0.000000000000000000e+00 1.600000000000000089e+00 -2.719000000000000063e-03 -1.561000000000000104e-03 -9.999949999999999672e-01 6.498340000000000227e-01 7.600710000000000521e-01 -2.954000000000000029e-03 7.600719999999999699e-01 -6.498390000000000555e-01 -1.051999999999999984e-03
1.200000000000000000e+01 2.900000000000000000e+01 4.400000000000000000e+01 0.000000000000000000e+00 1.600000000000000089e+00 -2.338999999999999933e-03 1.054999999999999948e-03 -9.999970000000000248e-01 6.591669999999999474e-01 7.519959999999999978e-01 -7.489999999999999913e-04 7.519930000000000225e-01 -6.591660000000000297e-01 -2.454000000000000018e-03
1.400000000000000000e+01 2.900000000000000000e+01 4.400000000000000000e+01 0.000000000000000000e+00 1.600000000000000089e+00 -1.115000000000000106e-03 8.880000000000000089e-04 -9.999989999999999712e-01 6.598490000000000189e-01 7.513980000000000103e-01 -6.899999999999999667e-05 7.513969999999999816e-01 -6.598479999999999901e-01 -1.423000000000000003e-03
2.000000000000000000e+01 2.900000000000000000e+01 4.400000000000000000e+01 0.000000000000000000e+00 1.600000000000000089e+00 2.322999999999999978e-03 4.101999999999999744e-03 -9.999890000000000168e-01 6.491350000000000176e-01 7.606589999999999741e-01 4.629000000000000302e-03 7.606699999999999573e-01 -6.491390000000000216e-01 -8.949999999999999623e-04
2.400000000000000000e+01 2.900000000000000000e+01 4.400000000000000000e+01 0.000000000000000000e+00 1.600000000000000089e+00 -4.616000000000000311e-03 5.770000000000000389e-04 -9.999890000000000168e-01 6.383069999999999578e-01 7.697779999999999623e-01 -2.501999999999999884e-03 7.697680000000000078e-01 -6.383119999999999905e-01 -3.922000000000000139e-03
2.800000000000000000e+01 2.900000000000000000e+01 4.400000000000000000e+01 0.000000000000000000e+00 1.600000000000000089e+00 -1.299200000000000008e-02 1.703999999999999959e-02 -9.997700000000000475e-01 5.968740000000000157e-01 8.023130000000000539e-01 5.917999999999999650e-03 8.022299999999999986e-01 -5.966599999999999682e-01 -2.059499999999999872e-02
2.000000000000000000e+01 6.000000000000000000e+00 5.100000000000000000e+01 0.000000000000000000e+00 1.600000000000000089e+00 3.936000000000000262e-03 2.994000000000000133e-03 -9.999879999999999880e-01 3.150760000000000227e-01 -9.490650000000000475e-01 -1.601999999999999908e-03 -9.490579999999999572e-01 -3.150660000000000127e-01 -4.678999999999999999e-03
1.400000000000000000e+01 1.150000000000000000e+02 5.100000000000000000e+01 0.000000000000000000e+00 1.600000000000000089e+00 -9.259999999999999568e-04 2.559999999999999884e-04 1.000000000000000000e+00 8.467550000000000354e-01 -5.319829999999999837e-01 9.200000000000000278e-04 5.319829999999999837e-01 8.467550000000000354e-01 2.759999999999999867e-04
1.900000000000000000e+01 1.150000000000000000e+02 5.100000000000000000e+01 0.000000000000000000e+00 1.600000000000000089e+00 2.449999999999999921e-04 1.297999999999999892e-03 9.999989999999999712e-01 8.475819999999999466e-01 -5.306640000000000246e-01 4.809999999999999823e-04 5.306640000000000246e-01 8.475810000000000288e-01 -1.229999999999999974e-03
1.400000000000000000e+01 7.000000000000000000e+00 5.200000000000000000e+01 0.000000000000000000e+00 1.600000000000000089e+00 -6.260000000000000373e-04 -8.379999999999999862e-04 -9.999989999999999712e-01 8.552700000000000580e-02 -9.963359999999999994e-01 7.810000000000000102e-04 -9.963359999999999994e-01 -8.552700000000000580e-02 6.949999999999999798e-04
2.300000000000000000e+01 7.000000000000000000e+00 5.200000000000000000e+01 0.000000000000000000e+00 1.600000000000000089e+00 5.512000000000000406e-03 -2.125999999999999852e-03 -9.999829999999999552e-01 9.636200000000000321e-02 -9.953429999999999778e-01 2.647000000000000047e-03 -9.953309999999999658e-01 -9.637500000000000233e-02 -5.282000000000000237e-03
7.000000000000000000e+00 1.600000000000000000e+01 5.200000000000000000e+01 0.000000000000000000e+00 1.600000000000000089e+00 -2.419000000000000143e-03 -5.590000000000000351e-04 -9.999970000000000248e-01 7.768760000000000110e-01 6.296500000000000430e-01 -2.232000000000000043e-03 6.296500000000000430e-01 -7.768789999999999862e-01 -1.088999999999999907e-03
3.000000000000000000e+00 5.800000000000000000e+01 5.200000000000000000e+01 0.000000000000000000e+00 1.600000000000000089e+00 1.196999999999999930e-03 -9.423000000000000820e-03 9.999550000000000383e-01 -6.309000000000000163e-01 7.758220000000000116e-01 8.066000000000000253e-03 -7.758629999999999693e-01 -6.308810000000000251e-01 -5.015999999999999626e-03
8.000000000000000000e+00 6.300000000000000000e+01 5.400000000000000000e+01 0.000000000000000000e+00 1.600000000000000089e+00 9.610000000000000486e-04 -5.978999999999999940e-03 9.999820000000000375e-01 -3.538100000000000134e-01 9.352979999999999627e-01 5.932999999999999906e-03 -9.353169999999999540e-01 -3.538100000000000134e-01 -1.216000000000000067e-03
1.200000000000000000e+01 6.300000000000000000e+01 5.400000000000000000e+01 0.000000000000000000e+00 1.600000000000000089e+00 3.350000000000000113e-04 -1.118999999999999986e-03 9.999989999999999712e-01 -3.542130000000000001e-01 9.351639999999999953e-01 1.165000000000000020e-03 -9.351650000000000240e-01 -3.542130000000000001e-01 -8.299999999999999815e-05
1.600000000000000000e+01 6.300000000000000000e+01 5.400000000000000000e+01 0.000000000000000000e+00 1.600000000000000089e+00 -2.480000000000000000e-03 6.220000000000000485e-04 9.999970000000000248e-01 -3.520929999999999893e-01 9.359640000000000182e-01 -1.454999999999999913e-03 -9.359619999999999607e-01 -3.520949999999999913e-01 -2.102000000000000136e-03
2.500000000000000000e+01 6.300000000000000000e+01 5.400000000000000000e+01 0.000000000000000000e+00 1.600000000000000089e+00 -4.389999999999999914e-04 2.818999999999999891e-03 9.999959999999999960e-01 -3.472399999999999931e-01 9.377720000000000500e-01 -2.795999999999999874e-03 -9.377760000000000540e-01 -3.472399999999999931e-01 5.670000000000000127e-04
2.700000000000000000e+01 6.300000000000000000e+01 5.400000000000000000e+01 0.000000000000000000e+00 1.600000000000000089e+00 5.599999999999999509e-04 5.069999999999999854e-03 9.999869999999999592e-01 -3.511290000000000244e-01 9.363160000000000371e-01 -4.550000000000000225e-03 -9.363270000000000204e-01 -3.511219999999999897e-01 2.304000000000000058e-03
7.000000000000000000e+00 2.500000000000000000e+01 5.500000000000000000e+01 0.000000000000000000e+00 1.600000000000000089e+00 7.889999999999999878e-04 7.780000000000000457e-04 -9.999989999999999712e-01 -1.233199999999999921e-02 -9.999240000000000350e-01 -7.879999999999999635e-04 -9.999240000000000350e-01 1.233199999999999921e-02 -7.789999999999999616e-04
2.000000000000000000e+01 2.500000000000000000e+01 5.500000000000000000e+01 0.000000000000000000e+00 1.600000000000000089e+00 -2.069999999999999900e-04 2.412000000000000081e-03 -9.999970000000000248e-01 -1.138899999999999982e-02 -9.999320000000000430e-01 -2.409999999999999816e-03 -9.999350000000000183e-01 1.138899999999999982e-02 2.339999999999999958e-04
4.000000000000000000e+00 2.100000000000000000e+01 6.000000000000000000e+01 0.000000000000000000e+00 1.600000000000000089e+00 3.049999999999999868e-04 -2.337999999999999801e-03 9.999970000000000248e-01 -9.563800000000000079e-02 9.954129999999999923e-01 2.356000000000000021e-03 -9.954159999999999675e-01 -9.563900000000000179e-02 8.000000000000000654e-05
8.000000000000000000e+00 2.100000000000000000e+01 6.000000000000000000e+01 0.000000000000000000e+00 1.600000000000000089e+00 -1.203000000000000076e-03 1.392999999999999924e-03 9.999980000000000535e-01 -9.606800000000000062e-02 9.953739999999999810e-01 -1.502000000000000080e-03 -9.953739999999999810e-01 -9.607000000000000262e-02 -1.064000000000000059e-03
1.200000000000000000e+01 2.100000000000000000e+01 6.000000000000000000e+01 0.000000000000000000e+00 1.600000000000000089e+00 -5.640000000000000482e-04 2.580999999999999961e-03 9.999959999999999960e-01 -9.379099999999999937e-02 9.955880000000000285e-01 -2.622999999999999898e-03 -9.955920000000000325e-01 -9.379200000000000037e-02 -3.200000000000000262e-04
2.000000000000000000e+01 2.100000000000000000e+01 6.000000000000000000e+01 0.000000000000000000e+00 1.600000000000000089e+00 1.423000000000000003e-03 -8.954000000000000153e-03 9.999590000000000423e-01 -9.824600000000000000e-02 9.951210000000000333e-01 9.050000000000000752e-03 -9.951609999999999623e-01 -9.825499999999999512e-02 5.360000000000000181e-04
2.600000000000000000e+01 2.100000000000000000e+01 6.000000000000000000e+01 0.000000000000000000e+00 1.600000000000000089e+00 -6.369999999999999794e-04 5.773000000000000353e-03 9.999829999999999552e-01 -9.802900000000000502e-02 9.951670000000000238e-01 -5.807999999999999795e-03 -9.951830000000000398e-01 -9.803099999999999314e-02 -6.799999999999999946e-05
2.500000000000000000e+01 6.700000000000000000e+01 6.000000000000000000e+01 0.000000000000000000e+00 1.600000000000000089e+00 2.848999999999999970e-03 4.701000000000000317e-03 9.999850000000000128e-01 1.801310000000000133e-01 -9.836340000000000083e-01 4.111000000000000071e-03 9.836380000000000123e-01 1.801169999999999993e-01 -3.648999999999999900e-03
7.000000000000000000e+00 3.000000000000000000e+00 6.300000000000000000e+01 0.000000000000000000e+00 1.600000000000000089e+00 -1.281000000000000021e-03 -7.558999999999999747e-03 9.999710000000000543e-01 -6.153140000000000276e-01 7.882649999999999935e-01 5.171000000000000249e-03 -7.882810000000000095e-01 -6.152900000000000036e-01 -5.661000000000000233e-03
1.500000000000000000e+01 3.000000000000000000e+00 6.300000000000000000e+01 0.000000000000000000e+00 1.600000000000000089e+00 2.317000000000000049e-03 -5.271999999999999777e-03 9.999829999999999552e-01 -6.154079999999999551e-01 7.881890000000000285e-01 5.581000000000000023e-03 -7.882050000000000445e-01 -6.154110000000000413e-01 -1.417999999999999990e-03
5.000000000000000000e+00 2.700000000000000000e+01 6.300000000000000000e+01 0.000000000000000000e+00 1.600000000000000089e+00 1.079999999999999960e-04 -4.844000000000000215e-03 9.999879999999999880e-01 -2.751469999999999749e-01 9.613909999999999956e-01 4.686000000000000061e-03 -9.614019999999999788e-01 -2.751439999999999997e-01 -1.229000000000000058e-03
1.000000000000000000e+01 2.700000000000000000e+01 6.300000000000000000e+01 0.000000000000000000e+00 1.600000000000000089e+00 1.129999999999999928e-03 1.360000000000000098e-03 9.999980000000000535e-01 -2.748709999999999765e-01 9.614800000000000013e-01 -9.979999999999999722e-04 -9.614800000000000013e-01 -2.748700000000000032e-01 1.459999999999999926e-03
1.500000000000000000e+01 2.700000000000000000e+01 6.300000000000000000e+01 0.000000000000000000e+00 1.600000000000000089e+00 9.849999999999999815e-04 5.186999999999999771e-03 9.999860000000000415e-01 -2.747800000000000242e-01 9.614960000000000173e-01 -4.716999999999999839e-03 -9.615070000000000006e-01 -2.747709999999999875e-01 2.371999999999999977e-03
1.900000000000000000e+01 2.700000000000000000e+01 6.300000000000000000e+01 0.000000000000000000e+00 1.600000000000000089e+00 -1.461000000000000059e-03 -3.367999999999999900e-03 9.999930000000000208e-01 -2.706089999999999884e-01 9.626850000000000129e-01 2.847000000000000138e-03 -9.626879999999999882e-01 -2.706029999999999824e-01 -2.318000000000000182e-03
3.000000000000000000e+00 2.600000000000000000e+01 6.400000000000000000e+01 0.000000000000000000e+00 1.600000000000000089e+00 -1.999999999999999909e-06 -3.000000000000000062e-03 9.999959999999999960e-01 -3.692460000000000186e-01 9.293270000000000142e-01 2.786999999999999981e-03 -9.293320000000000469e-01 -3.692449999999999899e-01 -1.110000000000000092e-03
7.000000000000000000e+00 2.600000000000000000e+01 6.400000000000000000e+01 0.000000000000000000e+00 1.600000000000000089e+00 7.919999999999999523e-04 -3.689000000000000005e-03 9.999930000000000208e-01 -3.689459999999999962e-01 9.294440000000000479e-01 3.720999999999999915e-03 -9.294510000000000272e-01 -3.689459999999999962e-01 -6.250000000000000130e-04
1.400000000000000000e+01 2.600000000000000000e+01 6.400000000000000000e+01 0.000000000000000000e+00 1.600000000000000089e+00 1.283999999999999985e-03 6.701000000000000359e-03 9.999770000000000048e-01 -3.662759999999999905e-01 9.304879999999999818e-01 -5.765000000000000159e-03 -9.305050000000000265e-01 -3.662599999999999745e-01 3.648999999999999900e-03
2.200000000000000000e+01 2.600000000000000000e+01 6.400000000000000000e+01 0.000000000000000000e+00 1.600000000000000089e+00 -8.300000000000000086e-04 -4.312999999999999994e-03 9.999900000000000455e-01 -3.646829999999999794e-01 9.311239999999999517e-01 3.713999999999999854e-03 -9.311310000000000420e-01 -3.646760000000000002e-01 -2.344999999999999862e-03
3.000000000000000000e+00 6.900000000000000000e+01 6.600000000000000000e+01 0.000000000000000000e+00 1.600000000000000089e+00 -2.122999999999999887e-03 -5.938999999999999835e-03 9.999799999999999800e-01 -9.485670000000000490e-01 3.165749999999999953e-01 -1.340000000000000045e-04 -3.165680000000000160e-01 -9.485489999999999755e-01 -6.305999999999999973e-03
1.400000000000000000e+01 6.900000000000000000e+01 6.600000000000000000e+01 0.000000000000000000e+00 1.600000000000000089e+00 -5.190000000000000169e-03 3.163000000000000013e-03 9.999820000000000375e-01 -9.489560000000000217e-01 3.153520000000000212e-01 -5.923000000000000313e-03 -3.153650000000000064e-01 -9.489699999999999802e-01 1.364999999999999894e-03
1.800000000000000000e+01 6.900000000000000000e+01 6.600000000000000000e+01 0.000000000000000000e+00 1.600000000000000089e+00 -4.433000000000000308e-03 4.310000000000000137e-04 9.999900000000000455e-01 -9.496750000000000469e-01 3.132070000000000132e-01 -4.344999999999999904e-03 -3.132059999999999844e-01 -9.496850000000000014e-01 -9.790000000000000525e-04
2.000000000000000000e+00 2.500000000000000000e+01 7.300000000000000000e+01 0.000000000000000000e+00 1.600000000000000089e+00 3.248000000000000019e-03 -1.319999999999999993e-03 9.999940000000000495e-01 7.545359999999999845e-01 -6.562500000000000000e-01 -3.317000000000000070e-03 6.562510000000000288e-01 7.545420000000000460e-01 -1.136000000000000074e-03
6.000000000000000000e+00 2.500000000000000000e+01 7.300000000000000000e+01 0.000000000000000000e+00 1.600000000000000089e+00 -1.502999999999999996e-03 -2.210000000000000159e-03 9.999959999999999960e-01 7.542950000000000488e-01 -6.565360000000000085e-01 -3.170000000000000075e-04 6.565339999999999510e-01 7.542910000000000448e-01 2.654000000000000109e-03
1.600000000000000000e+01 2.500000000000000000e+01 7.300000000000000000e+01 0.000000000000000000e+00 1.600000000000000089e+00 2.256999999999999892e-03 1.737000000000000046e-03 9.999959999999999960e-01 7.550160000000000204e-01 -6.557060000000000111e-01 -5.659999999999999884e-04 6.557030000000000358e-01 7.550139999999999629e-01 -2.791000000000000078e-03
2.300000000000000000e+01 2.500000000000000000e+01 7.300000000000000000e+01 0.000000000000000000e+00 1.600000000000000089e+00 -2.635000000000000189e-03 -1.985999999999999918e-03 9.999949999999999672e-01 7.572459999999999747e-01 -6.531289999999999596e-01 6.980000000000000527e-04 6.531240000000000379e-01 7.572440000000000282e-01 3.225000000000000002e-03
4.000000000000000000e+00 4.400000000000000000e+01 7.300000000000000000e+01 0.000000000000000000e+00 1.600000000000000089e+00 1.902000000000000045e-03 4.114999999999999734e-03 9.999900000000000455e-01 5.883700000000000041e-02 -9.982600000000000362e-01 3.996000000000000420e-03 9.982659999999999867e-01 5.882899999999999935e-02 -2.141000000000000108e-03
