9.000000000000000000e+00 3.000000000000000000e+00 4.000000000000000000e+00 0.000000000000000000e+00 1.600000000000000089e+00 -2.029160000000000130e-01 -1.009909999999999974e-01 -9.739740000000000064e-01 -8.798000000000000265e-01 -4.178459999999999952e-01 2.266219999999999901e-01 -4.298580000000000179e-01 9.028880000000000239e-01 -4.063999999999999904e-03
1.000000000000000000e+00 5.000000000000000000e+00 4.000000000000000000e+00 0.000000000000000000e+00 1.600000000000000089e+00 -1.260340000000000071e-01 -7.023100000000000176e-02 -9.895369999999999999e-01 -8.794009999999999883e-01 -4.537160000000000082e-01 1.442080000000000028e-01 -4.590960000000000041e-01 8.883750000000000258e-01 -4.577000000000000339e-03
3.000000000000000000e+00 1.500000000000000000e+01 4.000000000000000000e+00 0.000000000000000000e+00 1.600000000000000089e+00 -1.879000000000000028e-03 -2.143799999999999872e-02 9.997679999999999900e-01 3.170439999999999925e-01 -9.482049999999999645e-01 -1.973600000000000007e-02 9.484089999999999465e-01 3.169339999999999935e-01 8.578999999999999820e-03
1.100000000000000000e+01 1.500000000000000000e+01 4.000000000000000000e+00 0.000000000000000000e+00 1.600000000000000089e+00 -6.430000000000000169e-04 -6.068999999999999742e-03 9.999810000000000088e-01 3.099740000000000273e-01 -9.507290000000000463e-01 -5.571000000000000431e-03 9.507449999999999513e-01 3.099649999999999905e-01 2.492999999999999990e-03
1.700000000000000000e+01 1.500000000000000000e+01 4.000000000000000000e+00 0.000000000000000000e+00 1.600000000000000089e+00 -2.054999999999999969e-03 -2.772000000000000158e-03 9.999940000000000495e-01 3.079399999999999915e-01 -9.514040000000000274e-01 -2.004000000000000139e-03 9.514040000000000274e-01 3.079339999999999855e-01 2.808999999999999865e-03
2.300000000000000000e+01 1.500000000000000000e+01 4.000000000000000000e+00 0.000000000000000000e+00 1.600000000000000089e+00 6.340000000000000149e-04 -3.780000000000000265e-04 1.000000000000000000e+00 3.094879999999999853e-01 -9.509030000000000538e-01 -5.559999999999999621e-04 9.509030000000000538e-01 3.094879999999999853e-01 -4.859999999999999954e-04
6.000000000000000000e+00 1.600000000000000000e+01 4.000000000000000000e+00 0.000000000000000000e+00 1.600000000000000089e+00 -7.259999999999999743e-04 -4.653000000000000018e-03 9.999890000000000168e-01 3.827499999999999791e-01 -9.238429999999999698e-01 -4.021000000000000268e-03 9.238520000000000065e-01 3.827429999999999999e-01 2.451000000000000054e-03
1.000000000000000000e+00 1.010000000000000000e+02 7.000000000000000000e+00 0.000000000000000000e+00 1.600000000000000089e+00 -5.284999999999999767e-03 -1.939899999999999958e-02 9.997979999999999645e-01 8.856730000000000436e-01 4.641080000000000205e-01 1.368699999999999951e-02 -4.642800000000000260e-01 8.855659999999999643e-01 1.472799999999999977e-02
1.000000000000000000e+01 1.010000000000000000e+02 7.000000000000000000e+00 0.000000000000000000e+00 1.600000000000000089e+00 3.797000000000000028e-03 1.595999999999999979e-03 9.999919999999999920e-01 8.850940000000000474e-01 4.653939999999999744e-01 -4.102999999999999876e-03 -4.653970000000000051e-01 8.851020000000000554e-01 3.550000000000000096e-04
1.600000000000000000e+01 1.010000000000000000e+02 7.000000000000000000e+00 0.000000000000000000e+00 1.600000000000000089e+00 3.903999999999999918e-03 -2.116300000000000125e-02 9.997679999999999900e-01 8.910470000000000335e-01 4.538710000000000244e-01 6.127999999999999767e-03 -4.538949999999999929e-01 8.908160000000000522e-01 2.062900000000000150e-02
2.200000000000000000e+01 1.010000000000000000e+02 7.000000000000000000e+00 0.000000000000000000e+00 1.600000000000000089e+00 -1.152999999999999945e-03 -5.823000000000000051e-03 9.999820000000000375e-01 8.916100000000000136e-01 4.527900000000000258e-01 3.664000000000000156e-03 -4.528030000000000110e-01 8.915980000000000016e-01 4.669000000000000407e-03
3.000000000000000000e+00 2.500000000000000000e+01 8.000000000000000000e+00 0.000000000000000000e+00 1.600000000000000089e+00 -2.220000000000000185e-03 -1.840000000000000001e-04 -9.999980000000000535e-01 4.400410000000000155e-01 8.979770000000000252e-01 -1.142999999999999919e-03 8.979749999999999677e-01 -4.400430000000000175e-01 -1.912999999999999987e-03
1.000000000000000000e+01 2.500000000000000000e+01 8.000000000000000000e+00 0.000000000000000000e+00 1.600000000000000089e+00 -1.268999999999999946e-03 -6.180999999999999862e-03 -9.999799999999999800e-01 4.438409999999999855e-01 8.960850000000000204e-01 -6.101999999999999785e-03 8.961050000000000404e-01 -4.438400000000000123e-01 1.606000000000000006e-03
1.800000000000000000e+01 2.500000000000000000e+01 8.000000000000000000e+00 0.000000000000000000e+00 1.600000000000000089e+00 -8.109999999999999805e-04 1.949999999999999910e-03 -9.999980000000000535e-01 4.444739999999999802e-01 8.957899999999999752e-01 1.386999999999999995e-03 8.957910000000000039e-01 -4.444719999999999782e-01 -1.593000000000000015e-03
2.200000000000000000e+01 2.500000000000000000e+01 8.000000000000000000e+00 0.000000000000000000e+00 1.600000000000000089e+00 -5.599999999999999916e-05 7.069999999999999462e-04 -1.000000000000000000e+00 4.437229999999999785e-01 8.961639999999999606e-01 6.089999999999999494e-04 8.961639999999999606e-01 -4.437229999999999785e-01 -3.640000000000000115e-04
2.900000000000000000e+01 2.500000000000000000e+01 8.000000000000000000e+00 0.000000000000000000e+00 1.600000000000000089e+00 5.460000000000000443e-04 -2.063999999999999863e-03 -9.999980000000000535e-01 4.440680000000000183e-01 8.959920000000000107e-01 -1.606999999999999922e-03 8.959930000000000394e-01 -4.440660000000000163e-01 1.404999999999999999e-03
3.000000000000000000e+00 2.400000000000000000e+01 9.000000000000000000e+00 0.000000000000000000e+00 1.600000000000000089e+00 -1.556000000000000091e-03 -1.149000000000000065e-03 -9.999980000000000535e-01 4.453139999999999876e-01 8.953729999999999745e-01 -1.722000000000000006e-03 8.953729999999999745e-01 -4.453159999999999896e-01 -8.809999999999999472e-04
1.100000000000000000e+01 2.400000000000000000e+01 9.000000000000000000e+00 0.000000000000000000e+00 1.600000000000000089e+00 -1.392000000000000008e-03 -7.394000000000000399e-03 -9.999719999999999720e-01 4.498130000000000184e-01 8.930940000000000545e-01 -7.230000000000000315e-03 8.931219999999999715e-01 -4.498099999999999876e-01 2.083000000000000216e-03
1.900000000000000000e+01 2.400000000000000000e+01 9.000000000000000000e+00 0.000000000000000000e+00 1.600000000000000089e+00 -2.210000000000000050e-04 2.076999999999999853e-03 -9.999980000000000535e-01 4.498090000000000144e-01 8.931230000000000002e-01 1.755999999999999965e-03 8.931249999999999467e-01 -4.498070000000000124e-01 -1.131999999999999977e-03
2.500000000000000000e+01 2.400000000000000000e+01 9.000000000000000000e+00 0.000000000000000000e+00 1.600000000000000089e+00 1.530000000000000056e-04 1.869000000000000002e-03 -9.999980000000000535e-01 4.488960000000000172e-01 8.935830000000000162e-01 1.739000000000000094e-03 8.935840000000000449e-01 -4.488949999999999885e-01 -7.029999999999999574e-04
2.900000000000000000e+01 2.400000000000000000e+01 9.000000000000000000e+00 0.000000000000000000e+00 1.600000000000000089e+00 3.499999999999999693e-05 -3.425000000000000093e-03 -9.999940000000000495e-01 4.497360000000000246e-01 8.931559999999999500e-01 -3.043999999999999831e-03 8.931620000000000115e-01 -4.497329999999999939e-01 1.572000000000000047e-03
1.300000000000000000e+01 3.100000000000000000e+01 1.200000000000000000e+01 0.000000000000000000e+00 1.600000000000000089e+00 -1.820000000000000057e-04 2.260999999999999989e-03 9.999970000000000248e-01 -5.082999999999999845e-03 9.999850000000000128e-01 -2.262000000000000122e-03 -9.999869999999999592e-01 -5.082999999999999845e-03 -1.710000000000000094e-04
2.700000000000000000e+01 3.100000000000000000e+01 1.200000000000000000e+01 0.000000000000000000e+00 1.600000000000000089e+00 8.649999999999999920e-04 -6.478000000000000251e-03 9.999789999999999512e-01 -4.279999999999999950e-03 9.999700000000000255e-01 6.481999999999999915e-03 -9.999900000000000455e-01 -4.284999999999999747e-03 8.369999999999999619e-04
2.300000000000000000e+01 3.000000000000000000e+00 1.300000000000000000e+01 0.000000000000000000e+00 1.600000000000000089e+00 2.733000000000000186e-03 1.377299999999999913e-01 9.904659999999999576e-01 -2.196000000000000035e-02 9.902389999999999803e-01 -1.376380000000000103e-01 -9.997549999999999493e-01 -2.137500000000000164e-02 5.730999999999999983e-03
4.000000000000000000e+00 3.200000000000000000e+01 1.400000000000000000e+01 0.000000000000000000e+00 1.600000000000000089e+00 -3.869999999999999742e-04 1.333999999999999899e-03 -9.999989999999999712e-01 1.167569999999999997e-01 9.931600000000000428e-01 1.280000000000000105e-03 9.931600000000000428e-01 -1.167559999999999987e-01 -5.410000000000000312e-04
1.000000000000000000e+01 3.200000000000000000e+01 1.400000000000000000e+01 0.000000000000000000e+00 1.600000000000000089e+00 7.339999999999999520e-04 2.468999999999999841e-03 -9.999970000000000248e-01 1.127760000000000012e-01 9.936169999999999725e-01 2.536000000000000060e-03 9.936199999999999477e-01 -1.127780000000000032e-01 4.510000000000000120e-04
7.000000000000000000e+00 1.200000000000000000e+01 1.500000000000000000e+01 0.000000000000000000e+00 1.600000000000000089e+00 -1.499999999999999869e-04 -2.982999999999999974e-03 -9.999959999999999960e-01 -4.611720000000000264e-01 -8.873060000000000391e-01 2.716000000000000098e-03 -8.873109999999999609e-01 4.611709999999999976e-01 -1.242000000000000048e-03
1.300000000000000000e+01 1.200000000000000000e+01 1.500000000000000000e+01 0.000000000000000000e+00 1.600000000000000089e+00 -1.164000000000000104e-03 -4.053000000000000179e-03 -9.999909999999999632e-01 -4.665199999999999902e-01 -8.845009999999999817e-01 4.127999999999999725e-03 -8.845100000000000184e-01 4.665210000000000190e-01 -8.620000000000000275e-04
1.800000000000000000e+01 1.200000000000000000e+01 1.500000000000000000e+01 0.000000000000000000e+00 1.600000000000000089e+00 -3.608999999999999795e-03 -2.948999999999999799e-03 -9.999890000000000168e-01 -4.692359999999999864e-01 -8.830620000000000136e-01 4.297999999999999737e-03 -8.830660000000000176e-01 4.692459999999999964e-01 1.802999999999999915e-03
2.200000000000000000e+01 1.200000000000000000e+01 1.500000000000000000e+01 0.000000000000000000e+00 1.600000000000000089e+00 -3.420999999999999996e-03 -2.379000000000000038e-03 -9.999909999999999632e-01 -4.677339999999999831e-01 -8.838610000000000078e-01 3.703000000000000128e-03 -8.838629999999999542e-01 4.677430000000000199e-01 1.910999999999999938e-03
2.600000000000000000e+01 1.200000000000000000e+01 1.500000000000000000e+01 0.000000000000000000e+00 1.600000000000000089e+00 -1.129000000000000012e-03 -8.916000000000000314e-03 -9.999599999999999600e-01 -4.656000000000000139e-01 -8.849550000000000471e-01 8.415999999999999870e-03 -8.849939999999999474e-01 4.655909999999999771e-01 -3.151999999999999854e-03
6.000000000000000000e+00 1.160000000000000000e+02 1.600000000000000000e+01 0.000000000000000000e+00 1.600000000000000089e+00 6.710000000000000469e-04 5.199999999999999544e-04 1.000000000000000000e+00 7.109010000000000051e-01 7.032920000000000282e-01 -8.429999999999999993e-04 -7.032920000000000282e-01 7.109010000000000051e-01 1.029999999999999964e-04
1.000000000000000000e+01 1.160000000000000000e+02 1.600000000000000000e+01 0.000000000000000000e+00 1.600000000000000089e+00 1.446999999999999936e-03 -1.786999999999999960e-03 9.999970000000000248e-01 7.095129999999999493e-01 7.046919999999999851e-01 2.320000000000000014e-04 -7.046909999999999563e-01 7.095110000000000028e-01 2.288000000000000103e-03
1.500000000000000000e+01 1.160000000000000000e+02 1.600000000000000000e+01 0.000000000000000000e+00 1.600000000000000089e+00 3.499999999999999964e-04 1.056000000000000081e-03 9.999989999999999712e-01 7.249830000000000441e-01 6.887659999999999894e-01 -9.810000000000001011e-04 -6.887659999999999894e-01 7.249830000000000441e-01 -5.249999999999999676e-04
1.900000000000000000e+01 1.160000000000000000e+02 1.600000000000000000e+01 0.000000000000000000e+00 1.600000000000000089e+00 -1.382999999999999898e-03 -1.812999999999999941e-03 9.999970000000000248e-01 7.267019999999999591e-01 6.869490000000000318e-01 2.250999999999999963e-03 -6.869520000000000071e-01 7.267029999999999879e-01 3.669999999999999760e-04
2.200000000000000000e+01 1.160000000000000000e+02 1.600000000000000000e+01 0.000000000000000000e+00 1.600000000000000089e+00 -1.126999999999999964e-03 -8.630000000000000518e-04 9.999989999999999712e-01 6.963380000000000125e-01 7.177130000000000454e-01 1.404999999999999999e-03 -7.177130000000000454e-01 6.963390000000000413e-01 -2.079999999999999872e-04
2.000000000000000000e+00 2.000000000000000000e+00 1.900000000000000000e+01 0.000000000000000000e+00 1.600000000000000089e+00 -1.939700000000000105e-02 -5.217600000000000016e-02 -9.984490000000000309e-01 2.010689999999999977e-01 -9.784380000000000299e-01 4.722400000000000209e-02 -9.793849999999999500e-01 -1.998409999999999909e-01 2.946899999999999867e-02
1.100000000000000000e+01 2.000000000000000000e+00 1.900000000000000000e+01 0.000000000000000000e+00 1.600000000000000089e+00 1.522800000000000022e-02 -1.745899999999999883e-02 -9.997319999999999540e-01 2.331959999999999866e-01 -9.722129999999999939e-01 2.053100000000000064e-02 -9.723100000000000076e-01 -2.334459999999999869e-01 -1.073299999999999949e-02
1.500000000000000000e+01 2.000000000000000000e+00 1.900000000000000000e+01 0.000000000000000000e+00 1.600000000000000089e+00 1.233300000000000021e-02 -4.303999999999999666e-03 -9.999149999999999983e-01 2.342779999999999863e-01 -9.721440000000000081e-01 7.074999999999999692e-03 -9.720910000000000384e-01 -2.343449999999999978e-01 -1.098099999999999944e-02
1.900000000000000000e+01 2.000000000000000000e+00 1.900000000000000000e+01 0.000000000000000000e+00 1.600000000000000089e+00 6.739000000000000198e-03 -1.062500000000000076e-02 -9.999209999999999487e-01 2.262550000000000117e-01 -9.739959999999999729e-01 1.187399999999999914e-02 -9.740450000000000497e-01 -2.263169999999999904e-01 -4.159999999999999636e-03
4.000000000000000000e+00 1.300000000000000000e+01 2.000000000000000000e+01 0.000000000000000000e+00 1.600000000000000089e+00 -6.200000000000000270e-05 2.207000000000000194e-03 9.999980000000000535e-01 2.647689999999999766e-01 9.643100000000000005e-01 -2.112000000000000162e-03 -9.643119999999999470e-01 2.647680000000000033e-01 -6.440000000000000412e-04
1.300000000000000000e+01 1.300000000000000000e+01 2.000000000000000000e+01 0.000000000000000000e+00 1.600000000000000089e+00 1.734999999999999997e-03 1.379000000000000017e-03 9.999980000000000535e-01 2.633050000000000113e-01 9.647109999999999852e-01 -1.786999999999999960e-03 -9.647109999999999852e-01 2.633070000000000133e-01 1.311000000000000099e-03
2.200000000000000000e+01 1.300000000000000000e+01 2.000000000000000000e+01 0.000000000000000000e+00 1.600000000000000089e+00 -8.099999999999999561e-04 3.671999999999999917e-03 9.999930000000000208e-01 2.631939999999999835e-01 9.647369999999999557e-01 -3.330000000000000061e-03 -9.647430000000000172e-01 2.631890000000000063e-01 -1.747999999999999988e-03
2.900000000000000000e+01 1.300000000000000000e+01 2.000000000000000000e+01 0.000000000000000000e+00 1.600000000000000089e+00 1.476000000000000098e-03 5.428999999999999798e-03 9.999839999999999840e-01 2.591289999999999982e-01 9.658259999999999623e-01 -5.625999999999999925e-03 -9.658419999999999783e-01 2.591330000000000022e-01 1.900000000000000105e-05
4.000000000000000000e+00 3.000000000000000000e+00 2.500000000000000000e+01 0.000000000000000000e+00 1.600000000000000089e+00 -3.924999999999999670e-03 -9.277999999999999789e-03 9.999489999999999768e-01 -4.053299999999999959e-02 -9.991339999999999666e-01 -9.428999999999999881e-03 9.991700000000000026e-01 -4.056699999999999889e-02 3.546000000000000107e-03
1.100000000000000000e+01 3.000000000000000000e+00 2.500000000000000000e+01 0.000000000000000000e+00 1.600000000000000089e+00 -2.955000000000000161e-03 -4.086000000000000222e-03 9.999869999999999592e-01 -3.607599999999999696e-02 -9.993400000000000061e-01 -4.190000000000000148e-03 9.993450000000000388e-01 -3.608800000000000202e-02 2.805000000000000202e-03
1.400000000000000000e+01 3.000000000000000000e+00 2.500000000000000000e+01 0.000000000000000000e+00 1.600000000000000089e+00 -1.649000000000000075e-03 7.522000000000000040e-03 9.999700000000000255e-01 -3.702899999999999942e-02 -9.992860000000000076e-01 7.454999999999999821e-03 9.993130000000000068e-01 -3.701600000000000029e-02 1.925999999999999978e-03
2.300000000000000000e+01 3.000000000000000000e+00 2.500000000000000000e+01 0.000000000000000000e+00 1.600000000000000089e+00 2.925000000000000083e-03 -2.239999999999999966e-04 9.999959999999999960e-01 -4.536899999999999961e-02 -9.989700000000000246e-01 -9.100000000000000287e-05 9.989660000000000206e-01 -4.536899999999999961e-02 -2.932000000000000144e-03
2.600000000000000000e+01 3.000000000000000000e+00 2.500000000000000000e+01 0.000000000000000000e+00 1.600000000000000089e+00 3.517000000000000161e-03 -4.319999999999999838e-04 9.999940000000000495e-01 -4.862799999999999762e-02 -9.988169999999999549e-01 -2.599999999999999772e-04 9.988110000000000044e-01 -4.862600000000000255e-02 -3.533999999999999815e-03
3.000000000000000000e+00 4.600000000000000000e+01 2.700000000000000000e+01 0.000000000000000000e+00 1.600000000000000089e+00 -2.050000000000000173e-03 -1.152999999999999945e-03 -9.999970000000000248e-01 6.747030000000000527e-01 7.380860000000000198e-01 -2.233999999999999875e-03 7.380860000000000198e-01 -6.747060000000000279e-01 -7.349999999999999763e-04
1.000000000000000000e+01 4.600000000000000000e+01 2.700000000000000000e+01 0.000000000000000000e+00 1.600000000000000089e+00 -3.159999999999999832e-04 1.480999999999999895e-03 -9.999989999999999712e-01 6.733540000000000081e-01 7.393189999999999484e-01 8.819999999999999715e-04 7.393199999999999772e-01 -6.733529999999999793e-01 -1.231000000000000106e-03
1.900000000000000000e+01 4.600000000000000000e+01 2.700000000000000000e+01 0.000000000000000000e+00 1.600000000000000089e+00 -5.039999999999999992e-04 2.220000000000000185e-03 -9.999970000000000248e-01 6.828969999999999763e-01 7.305139999999999967e-01 1.276999999999999923e-03 7.305150000000000254e-01 -6.828940000000000010e-01 -1.884999999999999957e-03
2.400000000000000000e+01 4.600000000000000000e+01 2.700000000000000000e+01 0.000000000000000000e+00 1.600000000000000089e+00 -1.129999999999999955e-04 -8.469999999999999881e-04 -1.000000000000000000e+00 6.794839999999999769e-01 7.336899999999999533e-01 -6.980000000000000527e-04 7.336909999999999821e-01 -6.794839999999999769e-01 4.929999999999999487e-04
2.000000000000000000e+00 4.600000000000000000e+01 3.000000000000000000e+01 0.000000000000000000e+00 1.600000000000000089e+00 -1.750999999999999952e-03 -2.459999999999999947e-03 -9.999949999999999672e-01 3.329259999999999997e-01 9.429490000000000371e-01 -2.903000000000000198e-03 9.429509999999999836e-01 -3.329289999999999750e-01 -8.319999999999999488e-04
1.900000000000000000e+01 4.600000000000000000e+01 3.000000000000000000e+01 0.000000000000000000e+00 1.600000000000000089e+00 -6.960000000000000041e-04 -6.539999999999999590e-04 -1.000000000000000000e+00 3.333139999999999992e-01 9.428149999999999586e-01 -8.490000000000000368e-04 9.428159999999999874e-01 -3.333149999999999724e-01 -4.380000000000000213e-04
2.800000000000000000e+01 4.600000000000000000e+01 3.000000000000000000e+01 0.000000000000000000e+00 1.600000000000000089e+00 -1.930000000000000021e-04 9.799999999999999684e-05 -1.000000000000000000e+00 3.299900000000000055e-01 9.439840000000000453e-01 2.900000000000000017e-05 9.439840000000000453e-01 -3.299900000000000055e-01 -2.139999999999999975e-04
7.000000000000000000e+00 5.800000000000000000e+01 3.100000000000000000e+01 0.000000000000000000e+00 1.600000000000000089e+00 4.570000000000000277e-03 5.754999999999999699e-03 9.999730000000000008e-01 -8.141990000000000061e-01 -5.805430000000000312e-01 7.061999999999999701e-03 5.805679999999999730e-01 -8.142089999999999606e-01 2.033000000000000085e-03
1.100000000000000000e+01 5.800000000000000000e+01 3.100000000000000000e+01 0.000000000000000000e+00 1.600000000000000089e+00 4.793000000000000385e-03 1.312600000000000051e-02 9.999019999999999575e-01 -8.154280000000000417e-01 -5.787440000000000362e-01 1.150600000000000060e-02 5.788389999999999924e-01 -8.154040000000000177e-01 7.929000000000000284e-03
1.800000000000000000e+01 5.800000000000000000e+01 3.100000000000000000e+01 0.000000000000000000e+00 1.600000000000000089e+00 -1.631999999999999987e-03 -3.683000000000000076e-03 9.999919999999999920e-01 -8.147229999999999750e-01 -5.798410000000000508e-01 -3.465000000000000198e-03 5.798489999999999478e-01 -8.147219999999999462e-01 -2.054999999999999969e-03
2.300000000000000000e+01 5.800000000000000000e+01 3.100000000000000000e+01 0.000000000000000000e+00 1.600000000000000089e+00 4.139999999999999800e-04 -5.459000000000000311e-03 9.999850000000000128e-01 -8.119100000000000206e-01 -5.837759999999999616e-01 -2.850999999999999802e-03 5.837830000000000519e-01 -8.118969999999999798e-01 -4.675000000000000336e-03
2.800000000000000000e+01 5.800000000000000000e+01 3.100000000000000000e+01 0.000000000000000000e+00 1.600000000000000089e+00 -5.580000000000000107e-04 -1.440000000000000091e-03 9.999989999999999712e-01 -8.074540000000000051e-01 -5.899299999999999544e-01 -1.299999999999999940e-03 5.899309999999999832e-01 -8.074529999999999763e-01 -8.329999999999999731e-04
2.000000000000000000e+01 6.000000000000000000e+00 3.200000000000000000e+01 0.000000000000000000e+00 1.600000000000000089e+00 -3.840000000000000097e-04 -4.207999999999999935e-03 -9.999909999999999632e-01 9.667499999999999705e-02 9.953070000000000528e-01 -4.224999999999999589e-03 9.953159999999999785e-01 -9.667599999999999805e-02 2.500000000000000120e-05
2.400000000000000000e+01 6.000000000000000000e+00 3.200000000000000000e+01 0.000000000000000000e+00 1.600000000000000089e+00 -1.630000000000000047e-04 -4.531000000000000305e-03 -9.999900000000000455e-01 9.994100000000000206e-02 9.949829999999999508e-01 -4.524000000000000243e-03 9.949930000000000163e-01 -9.994100000000000206e-02 2.900000000000000017e-04
1.900000000000000000e+01 5.900000000000000000e+01 3.200000000000000000e+01 0.000000000000000000e+00 1.600000000000000089e+00 2.599999999999999772e-04 -3.780000000000000265e-04 1.000000000000000000e+00 -7.257390000000000230e-01 -6.879699999999999704e-01 -7.100000000000000462e-05 6.879699999999999704e-01 -7.257390000000000230e-01 -4.530000000000000064e-04
1.000000000000000000e+00 4.600000000000000000e+01 3.500000000000000000e+01 0.000000000000000000e+00 1.600000000000000089e+00 7.320000000000000118e-04 -7.420000000000000380e-04 -9.999989999999999712e-01 3.923690000000000233e-01 -9.198070000000000412e-01 9.700000000000000505e-04 -9.198079999999999590e-01 -3.923699999999999966e-01 -3.820000000000000153e-04
7.000000000000000000e+00 4.600000000000000000e+01 3.500000000000000000e+01 0.000000000000000000e+00 1.600000000000000089e+00 -2.010000000000000068e-04 2.970000000000000092e-04 -1.000000000000000000e+00 3.926660000000000150e-01 -9.196809999999999707e-01 -3.519999999999999908e-04 -9.196809999999999707e-01 -3.926660000000000150e-01 6.799999999999999946e-05
1.100000000000000000e+01 4.600000000000000000e+01 3.500000000000000000e+01 0.000000000000000000e+00 1.600000000000000089e+00 1.681999999999999901e-03 2.674999999999999861e-03 -9.999949999999999672e-01 3.924730000000000163e-01 -9.197619999999999685e-01 -1.799999999999999951e-03 -9.197619999999999685e-01 -3.924679999999999835e-01 -2.596999999999999916e-03
1.600000000000000000e+01 4.600000000000000000e+01 3.500000000000000000e+01 0.000000000000000000e+00 1.600000000000000089e+00 1.423000000000000003e-03 -7.829999999999999504e-04 -9.999989999999999712e-01 3.919309999999999738e-01 -9.199939999999999785e-01 1.278000000000000056e-03 -9.199929999999999497e-01 -3.919329999999999758e-01 -1.002000000000000069e-03
2.100000000000000000e+01 4.600000000000000000e+01 3.500000000000000000e+01 0.000000000000000000e+00 1.600000000000000089e+00 -8.199999999999999824e-04 3.227999999999999967e-03 -9.999940000000000495e-01 3.905049999999999910e-01 -9.205950000000000522e-01 -3.291999999999999788e-03 -9.205999999999999739e-01 -3.905060000000000198e-01 -5.060000000000000478e-04
2.900000000000000000e+01 4.600000000000000000e+01 3.500000000000000000e+01 0.000000000000000000e+00 1.600000000000000089e+00 1.720000000000000066e-04 -2.635000000000000189e-03 -9.999970000000000248e-01 3.887840000000000185e-01 -9.213259999999999783e-01 2.494000000000000123e-03 -9.213289999999999536e-01 -3.887829999999999897e-01 8.660000000000000163e-04
3.000000000000000000e+01 4.700000000000000000e+01 3.500000000000000000e+01 0.000000000000000000e+00 1.600000000000000089e+00 -3.199999999999999855e-05 -2.423999999999999939e-03 -9.999970000000000248e-01 3.534450000000000092e-01 -9.354529999999999790e-01 2.256000000000000193e-03 -9.354550000000000365e-01 -3.534439999999999804e-01 8.869999999999999846e-04
7.000000000000000000e+00 9.500000000000000000e+01 3.600000000000000000e+01 0.000000000000000000e+00 1.600000000000000089e+00 6.431000000000000084e-03 1.953500000000000028e-02 9.997890000000000388e-01 9.968240000000000434e-01 7.923600000000000088e-02 -7.960000000000000062e-03 -7.937400000000000011e-02 9.966650000000000231e-01 -1.896300000000000069e-02
1.200000000000000000e+01 9.500000000000000000e+01 3.700000000000000000e+01 0.000000000000000000e+00 1.600000000000000089e+00 1.060499999999999984e-02 -4.399999999999999886e-05 9.999440000000000550e-01 9.947190000000000198e-01 1.020940000000000042e-01 -1.054500000000000055e-02 -1.020879999999999982e-01 9.947749999999999648e-01 1.126999999999999964e-03
6.000000000000000000e+00 2.900000000000000000e+01 4.400000000000000000e+01 0.000000000000000000e+00 1.600000000000000089e+00 -3.903999999999999918e-03 -3.233999999999999896e-03 -9.999869999999999592e-01 6.791840000000000099e-01 7.339499999999999913e-01 -5.024999999999999953e-03 7.339569999999999705e-01 -6.791949999999999932e-01 -6.689999999999999983e-04
1.300000000000000000e+01 2.900000000000000000e+01 4.400000000000000000e+01 0.000000000000000000e+00 1.600000000000000089e+00 -1.099999999999999971e-05 -1.405999999999999915e-03 -9.999989999999999712e-01 6.759739999999999638e-01 7.369250000000000522e-01 -1.043000000000000090e-03 7.369250000000000522e-01 -6.759730000000000461e-01 9.420000000000000205e-04
1.600000000000000000e+01 2.900000000000000000e+01 4.400000000000000000e+01 0.000000000000000000e+00 1.600000000000000089e+00 -2.699999999999999899e-05 1.905000000000000009e-03 -9.999980000000000535e-01 6.715400000000000258e-01 7.409670000000000423e-01 1.392999999999999924e-03 7.409679999999999600e-01 -6.715389999999999970e-01 -1.299000000000000024e-03
1.800000000000000000e+01 2.900000000000000000e+01 4.400000000000000000e+01 0.000000000000000000e+00 1.600000000000000089e+00 -6.669999999999999497e-04 3.030999999999999840e-03 -9.999949999999999672e-01 6.686389999999999834e-01 7.435850000000000515e-01 1.807999999999999928e-03 7.435869999999999980e-01 -6.686349999999999794e-01 -2.523000000000000069e-03
2.900000000000000000e+01 2.900000000000000000e+01 4.400000000000000000e+01 0.000000000000000000e+00 1.600000000000000089e+00 -1.399999999999999877e-04 4.719999999999999803e-04 -1.000000000000000000e+00 6.641439999999999566e-01 7.476040000000000463e-01 2.599999999999999772e-04 7.476040000000000463e-01 -6.641439999999999566e-01 -4.180000000000000230e-04
9.000000000000000000e+00 5.000000000000000000e+00 5.100000000000000000e+01 0.000000000000000000e+00 1.600000000000000089e+00 7.224999999999999652e-03 3.759999999999999779e-04 -9.999740000000000295e-01 4.823310000000000097e-01 -8.759839999999999849e-01 3.155999999999999951e-03 -8.759590000000000432e-01 -4.823410000000000197e-01 -6.511000000000000294e-03
1.700000000000000000e+01 5.000000000000000000e+00 5.100000000000000000e+01 0.000000000000000000e+00 1.600000000000000089e+00 -3.337000000000000122e-03 1.508999999999999925e-03 -9.999930000000000208e-01 4.840110000000000245e-01 -8.750569999999999737e-01 -2.935999999999999808e-03 -8.750550000000000272e-01 -4.840180000000000038e-01 2.190000000000000106e-03
2.200000000000000000e+01 5.000000000000000000e+00 5.100000000000000000e+01 0.000000000000000000e+00 1.600000000000000089e+00 -4.979999999999999618e-04 -2.049999999999999956e-04 -1.000000000000000000e+00 4.859919999999999796e-01 -8.739630000000000454e-01 -6.299999999999999990e-05 -8.739630000000000454e-01 -4.859919999999999796e-01 5.349999999999999938e-04
2.500000000000000000e+01 6.000000000000000000e+00 5.100000000000000000e+01 0.000000000000000000e+00 1.600000000000000089e+00 7.860000000000000233e-04 -3.600000000000000091e-05 -1.000000000000000000e+00 3.200819999999999776e-01 -9.473899999999999544e-01 2.860000000000000129e-04 -9.473890000000000366e-01 -3.200819999999999776e-01 -7.330000000000000361e-04
1.600000000000000000e+01 1.150000000000000000e+02 5.100000000000000000e+01 0.000000000000000000e+00 1.600000000000000089e+00 -2.239999999999999966e-04 -6.551000000000000399e-03 9.999780000000000335e-01 8.454099999999999948e-01 -5.341080000000000272e-01 -3.310000000000000008e-03 5.341179999999999817e-01 8.453910000000000036e-01 5.657999999999999835e-03
2.700000000000000000e+01 1.600000000000000000e+01 5.200000000000000000e+01 0.000000000000000000e+00 1.600000000000000089e+00 -1.653800000000000062e-02 -1.386399999999999959e-02 -9.997669999999999613e-01 7.776809999999999556e-01 6.282889999999999864e-01 -2.157699999999999896e-02 6.284410000000000274e-01 -7.778570000000000206e-01 3.910000000000000172e-04
1.000000000000000000e+01 6.300000000000000000e+01 5.400000000000000000e+01 0.000000000000000000e+00 1.600000000000000089e+00 1.613999999999999983e-03 4.169999999999999987e-04 9.999989999999999712e-01 -3.400679999999999814e-01 9.404010000000000424e-01 1.569999999999999944e-04 -9.404000000000000137e-01 -3.400679999999999814e-01 1.659000000000000101e-03
1.700000000000000000e+01 6.300000000000000000e+01 5.400000000000000000e+01 0.000000000000000000e+00 1.600000000000000089e+00 2.770000000000000110e-04 -1.720000000000000066e-04 1.000000000000000000e+00 -3.530249999999999777e-01 9.356139999999999457e-01 2.579999999999999828e-04 -9.356139999999999457e-01 -3.530249999999999777e-01 1.979999999999999881e-04
2.800000000000000000e+01 6.300000000000000000e+01 5.400000000000000000e+01 0.000000000000000000e+00 1.600000000000000089e+00 -1.198999999999999979e-03 -4.380000000000000213e-04 9.999989999999999712e-01 -3.506909999999999750e-01 9.364909999999999624e-01 -1.000000000000000082e-05 -9.364900000000000446e-01 -3.506909999999999750e-01 -1.276999999999999923e-03
6.000000000000000000e+00 2.500000000000000000e+01 5.500000000000000000e+01 0.000000000000000000e+00 1.600000000000000089e+00 1.749999999999999982e-04 2.240999999999999936e-03 -9.999970000000000248e-01 -1.006699999999999956e-02 -9.999470000000000303e-01 -2.243000000000000202e-03 -9.999489999999999768e-01 1.006699999999999956e-02 -1.520000000000000084e-04
1.500000000000000000e+01 2.500000000000000000e+01 5.500000000000000000e+01 0.000000000000000000e+00 1.600000000000000089e+00 7.309999999999999875e-04 7.600000000000000418e-05 -1.000000000000000000e+00 -1.385400000000000000e-02 -9.999040000000000150e-01 -8.600000000000000331e-05 -9.999040000000000150e-01 1.385400000000000000e-02 -7.299999999999999632e-04
2.000000000000000000e+01 2.500000000000000000e+01 5.500000000000000000e+01 0.000000000000000000e+00 1.600000000000000089e+00 1.580000000000000024e-03 2.879000000000000049e-03 -9.999949999999999672e-01 -1.227600000000000045e-02 -9.999200000000000310e-01 -2.897999999999999968e-03 -9.999230000000000063e-01 1.227999999999999925e-02 -1.544000000000000017e-03
1.300000000000000000e+01 2.100000000000000000e+01 6.000000000000000000e+01 0.000000000000000000e+00 1.600000000000000089e+00 8.319999999999999488e-04 7.558999999999999747e-03 9.999710000000000543e-01 -9.639399999999999358e-02 9.953149999999999498e-01 -7.444000000000000096e-03 -9.953429999999999778e-01 -9.638499999999999845e-02 1.557000000000000007e-03
2.200000000000000000e+01 2.100000000000000000e+01 6.000000000000000000e+01 0.000000000000000000e+00 1.600000000000000089e+00 -8.469999999999999881e-04 -1.258000000000000004e-03 9.999989999999999712e-01 -9.782699999999999729e-02 9.952029999999999488e-01 1.168999999999999900e-03 -9.952029999999999488e-01 -9.782599999999999629e-02 -9.659999999999999533e-04
2.700000000000000000e+01 2.100000000000000000e+01 6.000000000000000000e+01 0.000000000000000000e+00 1.600000000000000089e+00 -2.860999999999999828e-03 -5.980000000000000072e-03 9.999780000000000335e-01 -9.675000000000000266e-02 9.952919999999999545e-01 5.675000000000000357e-03 -9.953049999999999953e-01 -9.673199999999999854e-02 -3.425999999999999792e-03
2.000000000000000000e+01 3.000000000000000000e+00 6.300000000000000000e+01 0.000000000000000000e+00 1.600000000000000089e+00 -5.180000000000000143e-04 2.129999999999999949e-03 9.999980000000000535e-01 -6.157219999999999915e-01 7.879610000000000225e-01 -1.998000000000000210e-03 -7.879629999999999690e-01 -6.157219999999999915e-01 9.039999999999999642e-04
5.000000000000000000e+00 2.700000000000000000e+01 6.300000000000000000e+01 0.000000000000000000e+00 1.600000000000000089e+00 5.929999999999999941e-04 -3.500000000000000073e-03 9.999940000000000495e-01 -2.716910000000000158e-01 9.623779999999999557e-01 3.529000000000000019e-03 -9.623840000000000172e-01 -2.716910000000000158e-01 -3.800000000000000209e-04
9.000000000000000000e+00 2.700000000000000000e+01 6.300000000000000000e+01 0.000000000000000000e+00 1.600000000000000089e+00 -9.520000000000000467e-04 2.910000000000000260e-04 9.999989999999999712e-01 -2.742859999999999743e-01 9.616479999999999473e-01 -5.410000000000000312e-04 -9.616479999999999473e-01 -2.742870000000000030e-01 -8.360000000000000460e-04
1.700000000000000000e+01 2.700000000000000000e+01 6.300000000000000000e+01 0.000000000000000000e+00 1.600000000000000089e+00 5.609999999999999752e-04 -1.144000000000000052e-03 9.999989999999999712e-01 -2.713729999999999754e-01 9.624730000000000230e-01 1.253999999999999906e-03 -9.624740000000000517e-01 -2.713729999999999754e-01 2.300000000000000070e-04
2.200000000000000000e+01 2.700000000000000000e+01 6.300000000000000000e+01 0.000000000000000000e+00 1.600000000000000089e+00 -1.147000000000000016e-03 5.800000000000000034e-04 9.999989999999999712e-01 -2.700919999999999987e-01 9.628339999999999677e-01 -8.689999999999999808e-04 -9.628339999999999677e-01 -2.700930000000000275e-01 -9.479999999999999495e-04
2.700000000000000000e+01 2.700000000000000000e+01 6.300000000000000000e+01 0.000000000000000000e+00 1.600000000000000089e+00 -2.729999999999999788e-03 -4.150000000000000043e-03 9.999879999999999880e-01 -2.699980000000000158e-01 9.628550000000000164e-01 3.259000000000000178e-03 -9.628569999999999629e-01 -2.699860000000000038e-01 -3.749000000000000162e-03
8.000000000000000000e+00 2.600000000000000000e+01 6.400000000000000000e+01 0.000000000000000000e+00 1.600000000000000089e+00 -2.889999999999999774e-04 1.082000000000000062e-03 9.999989999999999712e-01 -3.602609999999999979e-01 9.328509999999999858e-01 -1.113999999999999973e-03 -9.328520000000000145e-01 -3.602609999999999979e-01 1.200000000000000030e-04
1.300000000000000000e+01 2.600000000000000000e+01 6.400000000000000000e+01 0.000000000000000000e+00 1.600000000000000089e+00 4.739999999999999747e-04 5.150000000000000498e-04 1.000000000000000000e+00 -3.593000000000000083e-01 9.332219999999999960e-01 -3.099999999999999999e-04 -9.332219999999999960e-01 -3.593000000000000083e-01 6.269999999999999532e-04
1.600000000000000000e+01 2.600000000000000000e+01 6.400000000000000000e+01 0.000000000000000000e+00 1.600000000000000089e+00 6.329999999999999906e-04 -1.508000000000000009e-03 9.999989999999999712e-01 -3.559519999999999906e-01 9.345029999999999726e-01 1.634000000000000036e-03 -9.345040000000000013e-01 -3.559530000000000194e-01 5.500000000000000196e-05
1.900000000000000000e+01 2.600000000000000000e+01 6.400000000000000000e+01 0.000000000000000000e+00 1.600000000000000089e+00 -6.999999999999999387e-05 -1.988999999999999883e-03 9.999980000000000535e-01 -3.549619999999999997e-01 9.348790000000000155e-01 1.833999999999999910e-03 -9.348809999999999620e-01 -3.549619999999999997e-01 -7.709999999999999840e-04
2.700000000000000000e+01 2.600000000000000000e+01 6.400000000000000000e+01 0.000000000000000000e+00 1.600000000000000089e+00 -2.265000000000000086e-03 -3.611000000000000060e-03 9.999909999999999632e-01 -3.539129999999999776e-01 9.352749999999999675e-01 2.576000000000000165e-03 -9.352759999999999962e-01 -3.539039999999999964e-01 -3.396999999999999846e-03
1.200000000000000000e+01 6.900000000000000000e+01 6.600000000000000000e+01 0.000000000000000000e+00 1.600000000000000089e+00 -8.850000000000000444e-04 2.330000000000000040e-03 9.999970000000000248e-01 -9.517529999999999601e-01 3.068629999999999969e-01 -1.557999999999999923e-03 -3.068649999999999989e-01 -9.517510000000000137e-01 1.946000000000000030e-03
2.100000000000000000e+01 6.900000000000000000e+01 6.600000000000000000e+01 0.000000000000000000e+00 1.600000000000000089e+00 -1.193000000000000050e-03 3.699999999999999947e-04 9.999989999999999712e-01 -9.512969999999999482e-01 3.082750000000000212e-01 -1.248999999999999893e-03 -3.082750000000000212e-01 -9.512969999999999482e-01 -1.599999999999999928e-05
1.200000000000000000e+01 2.500000000000000000e+01 7.300000000000000000e+01 0.000000000000000000e+00 1.600000000000000089e+00 -3.216999999999999808e-03 -7.207999999999999997e-03 9.999689999999999968e-01 7.380219999999999558e-01 -6.747720000000000384e-01 -2.488999999999999893e-03 6.747689999999999522e-01 7.379909999999999526e-01 7.490000000000000130e-03
1.800000000000000000e+01 2.500000000000000000e+01 7.300000000000000000e+01 0.000000000000000000e+00 1.600000000000000089e+00 -1.876000000000000063e-03 -4.403999999999999929e-03 9.999890000000000168e-01 7.349670000000000369e-01 -6.781009999999999538e-01 -1.606999999999999922e-03 6.781009999999999538e-01 7.349550000000000249e-01 4.508999999999999987e-03
2.600000000000000000e+01 2.500000000000000000e+01 7.300000000000000000e+01 0.000000000000000000e+00 1.600000000000000089e+00 -1.596999999999999895e-03 3.625999999999999883e-03 9.999919999999999920e-01 7.430959999999999788e-01 -6.691759999999999931e-01 3.612999999999999892e-03 6.691829999999999723e-01 7.430949999999999500e-01 -1.626000000000000058e-03
4.000000000000000000e+00 4.400000000000000000e+01 7.300000000000000000e+01 0.000000000000000000e+00 1.600000000000000089e+00 3.382000000000000024e-03 3.638000000000000175e-03 9.999879999999999880e-01 5.470200000000000062e-02 -9.984969999999999679e-01 3.446999999999999977e-03 9.984969999999999679e-01 5.469000000000000250e-02 -3.575000000000000053e-03
7.000000000000000000e+00 4.400000000000000000e+01 7.300000000000000000e+01 0.000000000000000000e+00 1.600000000000000089e+00 1.685000000000000083e-03 2.513000000000000043e-03 9.999949999999999672e-01 5.446800000000000253e-02 -9.985129999999999839e-01 2.418000000000000010e-03 9.985140000000000127e-01 5.446299999999999752e-02 -1.820000000000000003e-03
1.200000000000000000e+01 4.400000000000000000e+01 7.300000000000000000e+01 0.000000000000000000e+00 1.600000000000000089e+00 -4.699999999999999859e-04 2.167000000000000089e-03 9.999980000000000535e-01 5.349799999999999695e-02 -9.985659999999999537e-01 2.188999999999999974e-03 9.985680000000000112e-01 5.349899999999999795e-02 3.530000000000000152e-04
