2.900000000000000000e+01 2.500000000000000000e+01 1.000000000000000000e+00 0.000000000000000000e+00 1.600000000000000089e+00 4.857000000000000206e-03 6.290000000000000018e-04 -9.999879999999999880e-01 -5.189289999999999736e-01 -8.548120000000000163e-01 -3.057999999999999954e-03 -8.548029999999999795e-01 5.189380000000000104e-01 -3.824999999999999841e-03
2.500000000000000000e+01 4.200000000000000000e+01 2.000000000000000000e+00 0.000000000000000000e+00 1.600000000000000089e+00 -5.321000000000000209e-03 4.120399999999999757e-02 -9.991370000000000529e-01 9.816099999999999826e-01 -1.904460000000000042e-01 -1.308199999999999988e-02 -1.908209999999999906e-01 -9.808329999999999549e-01 -3.943300000000000277e-02
3.000000000000000000e+00 1.500000000000000000e+01 4.000000000000000000e+00 0.000000000000000000e+00 1.600000000000000089e+00 4.533999999999999836e-03 7.046000000000000180e-03 9.999649999999999928e-01 3.028730000000000033e-01 -9.530159999999999743e-01 5.342000000000000394e-03 9.530199999999999783e-01 3.028379999999999961e-01 -6.454999999999999800e-03
1.000000000000000000e+01 1.500000000000000000e+01 4.000000000000000000e+00 0.000000000000000000e+00 1.600000000000000089e+00 -2.622000000000000199e-03 -9.770000000000000039e-04 9.999959999999999960e-01 3.044510000000000272e-01 -9.525280000000000413e-01 -1.320000000000000101e-04 9.525249999999999551e-01 3.044490000000000252e-01 2.795000000000000175e-03
1.800000000000000000e+01 1.500000000000000000e+01 4.000000000000000000e+00 0.000000000000000000e+00 1.600000000000000089e+00 4.722999999999999768e-03 2.105999999999999799e-03 9.999869999999999592e-01 3.059479999999999977e-01 -9.520480000000000054e-01 5.599999999999999509e-04 9.520359999999999934e-01 3.059419999999999917e-01 -5.140999999999999737e-03
2.300000000000000000e+01 1.500000000000000000e+01 4.000000000000000000e+00 0.000000000000000000e+00 1.600000000000000089e+00 1.623000000000000094e-03 3.774000000000000011e-03 9.999919999999999920e-01 3.047099999999999809e-01 -9.524399999999999533e-01 3.099999999999999891e-03 9.524439999999999573e-01 3.047030000000000016e-01 -2.694999999999999913e-03
2.800000000000000000e+01 1.500000000000000000e+01 4.000000000000000000e+00 0.000000000000000000e+00 1.600000000000000089e+00 1.727000000000000019e-03 4.669999999999999672e-03 9.999879999999999880e-01 3.106659999999999977e-01 -9.505109999999999948e-01 3.902999999999999785e-03 9.505179999999999740e-01 3.106559999999999877e-01 -3.092000000000000130e-03
2.000000000000000000e+00 4.000000000000000000e+00 5.000000000000000000e+00 0.000000000000000000e+00 1.600000000000000089e+00 -7.045000000000000047e-03 -9.780999999999999764e-03 9.999270000000000103e-01 2.340780000000000083e-01 -9.721859999999999946e-01 -7.860999999999999932e-03 9.721919999999999451e-01 2.340049999999999908e-01 9.138999999999999554e-03
1.500000000000000000e+01 1.010000000000000000e+02 7.000000000000000000e+00 0.000000000000000000e+00 1.600000000000000089e+00 -1.162999999999999971e-03 -6.388999999999999714e-03 9.999789999999999512e-01 8.843659999999999854e-01 4.667760000000000242e-01 4.010999999999999809e-03 -4.667919999999999847e-01 8.843520000000000270e-01 5.107000000000000428e-03
1.800000000000000000e+01 1.010000000000000000e+02 7.000000000000000000e+00 0.000000000000000000e+00 1.600000000000000089e+00 -3.380000000000000192e-03 2.370999999999999844e-03 9.999909999999999632e-01 8.832200000000000051e-01 4.689550000000000107e-01 1.873000000000000099e-03 -4.689470000000000027e-01 8.832189999999999763e-01 -3.678999999999999979e-03
5.000000000000000000e+00 2.500000000000000000e+01 8.000000000000000000e+00 0.000000000000000000e+00 1.600000000000000089e+00 3.680000000000000003e-04 -1.147999999999999932e-03 -9.999989999999999712e-01 4.422980000000000245e-01 8.968679999999999986e-01 -8.660000000000000163e-04 8.968679999999999986e-01 -4.422969999999999957e-01 8.379999999999999862e-04
1.000000000000000000e+01 2.500000000000000000e+01 8.000000000000000000e+00 0.000000000000000000e+00 1.600000000000000089e+00 2.255000000000000060e-03 4.299999999999999894e-04 -9.999970000000000248e-01 4.419799999999999840e-01 8.970240000000000435e-01 1.381999999999999982e-03 8.970219999999999860e-01 -4.419819999999999860e-01 1.832999999999999994e-03
1.400000000000000000e+01 2.500000000000000000e+01 8.000000000000000000e+00 0.000000000000000000e+00 1.600000000000000089e+00 1.136000000000000074e-03 9.520000000000000467e-04 -9.999989999999999712e-01 4.427650000000000197e-01 8.966370000000000173e-01 1.356000000000000000e-03 8.966370000000000173e-01 -4.427659999999999929e-01 5.969999999999999829e-04
2.200000000000000000e+01 2.500000000000000000e+01 8.000000000000000000e+00 0.000000000000000000e+00 1.600000000000000089e+00 6.899999999999999667e-05 -1.624999999999999925e-03 -9.999989999999999712e-01 4.425220000000000264e-01 8.967559999999999976e-01 -1.427000000000000100e-03 8.967580000000000551e-01 -4.425209999999999977e-01 7.810000000000000102e-04
2.600000000000000000e+01 2.500000000000000000e+01 8.000000000000000000e+00 0.000000000000000000e+00 1.600000000000000089e+00 -3.344999999999999883e-03 -5.316999999999999678e-03 -9.999799999999999800e-01 4.429580000000000184e-01 8.965210000000000123e-01 -6.249000000000000214e-03 8.965359999999999996e-01 -4.429699999999999749e-01 -6.440000000000000412e-04
2.900000000000000000e+01 2.500000000000000000e+01 8.000000000000000000e+00 0.000000000000000000e+00 1.600000000000000089e+00 -3.041999999999999999e-03 -8.689999999999999808e-03 -9.999580000000000135e-01 4.440600000000000103e-01 8.959500000000000242e-01 -9.136999999999999289e-03 8.959920000000000107e-01 -4.440689999999999915e-01 1.134000000000000025e-03
5.000000000000000000e+00 2.400000000000000000e+01 9.000000000000000000e+00 0.000000000000000000e+00 1.600000000000000089e+00 3.519999999999999908e-04 -2.570999999999999935e-03 -9.999970000000000248e-01 4.444910000000000250e-01 8.957810000000000494e-01 -2.145999999999999904e-03 8.957829999999999959e-01 -4.444890000000000230e-01 1.458000000000000095e-03
1.400000000000000000e+01 2.400000000000000000e+01 9.000000000000000000e+00 0.000000000000000000e+00 1.600000000000000089e+00 9.510000000000000224e-04 3.003000000000000027e-03 -9.999949999999999672e-01 4.444969999999999755e-01 8.957749999999999879e-01 3.112999999999999882e-03 8.957800000000000207e-01 -4.444969999999999755e-01 -4.829999999999999767e-04
2.200000000000000000e+01 2.400000000000000000e+01 9.000000000000000000e+00 0.000000000000000000e+00 1.600000000000000089e+00 5.300000000000000078e-05 -2.260999999999999989e-03 -9.999970000000000248e-01 4.455450000000000244e-01 8.952569999999999695e-01 -2.000000000000000042e-03 8.952590000000000270e-01 -4.455439999999999956e-01 1.054999999999999948e-03
2.500000000000000000e+01 2.400000000000000000e+01 9.000000000000000000e+00 0.000000000000000000e+00 1.600000000000000089e+00 -2.595999999999999783e-03 -5.402999999999999817e-03 -9.999820000000000375e-01 4.456840000000000246e-01 8.951700000000000212e-01 -5.994000000000000196e-03 8.951869999999999550e-01 -4.456919999999999771e-01 8.399999999999999535e-05
1.000000000000000000e+00 1.040000000000000000e+02 1.100000000000000000e+01 0.000000000000000000e+00 1.600000000000000089e+00 -6.029999999999999770e-03 -7.585999999999999861e-03 9.999529999999999808e-01 -9.708949999999999525e-01 -2.393840000000000134e-01 -7.669999999999999735e-03 2.394310000000000049e-01 -9.708949999999999525e-01 -5.922000000000000181e-03
1.400000000000000000e+01 3.100000000000000000e+01 1.200000000000000000e+01 0.000000000000000000e+00 1.600000000000000089e+00 -1.789999999999999870e-04 -3.657999999999999793e-03 9.999930000000000208e-01 9.110999999999999308e-03 9.999519999999999520e-01 3.658999999999999926e-03 -9.999580000000000135e-01 9.110999999999999308e-03 -1.450000000000000009e-04
2.200000000000000000e+01 3.100000000000000000e+01 1.200000000000000000e+01 0.000000000000000000e+00 1.600000000000000089e+00 -1.700000000000000122e-04 2.990000000000000036e-04 1.000000000000000000e+00 1.915499999999999842e-02 9.998160000000000380e-01 -2.950000000000000148e-04 -9.998169999999999558e-01 1.915499999999999842e-02 -1.759999999999999954e-04
2.700000000000000000e+01 3.100000000000000000e+01 1.200000000000000000e+01 0.000000000000000000e+00 1.600000000000000089e+00 1.410000000000000012e-03 1.379000000000000017e-03 9.999980000000000535e-01 1.800399999999999917e-02 9.998369999999999758e-01 -1.404000000000000083e-03 -9.998369999999999758e-01 1.800600000000000117e-02 1.384999999999999946e-03
2.000000000000000000e+00 1.160000000000000000e+02 1.600000000000000000e+01 0.000000000000000000e+00 1.600000000000000089e+00 -2.034999999999999917e-03 3.393000000000000183e-03 9.999919999999999920e-01 6.945000000000000062e-01 7.194920000000000204e-01 -1.028000000000000051e-03 -7.194899999999999629e-01 6.944919999999999982e-01 -3.821000000000000178e-03
1.500000000000000000e+01 1.160000000000000000e+02 1.600000000000000000e+01 0.000000000000000000e+00 1.600000000000000089e+00 1.409000000000000096e-03 2.139999999999999975e-03 9.999970000000000248e-01 6.751559999999999784e-01 7.376709999999999656e-01 -2.530000000000000131e-03 -7.376740000000000519e-01 6.751570000000000071e-01 -4.049999999999999781e-04
2.500000000000000000e+01 1.160000000000000000e+02 1.600000000000000000e+01 0.000000000000000000e+00 1.600000000000000089e+00 2.210000000000000050e-04 -1.647999999999999942e-03 9.999989999999999712e-01 6.928339999999999499e-01 7.210959999999999592e-01 1.034999999999999896e-03 -7.210969999999999880e-01 6.928330000000000322e-01 1.301000000000000073e-03
2.800000000000000000e+01 1.160000000000000000e+02 1.600000000000000000e+01 0.000000000000000000e+00 1.600000000000000089e+00 4.146999999999999645e-03 3.678999999999999979e-03 9.999850000000000128e-01 7.022129999999999761e-01 7.119450000000000500e-01 -5.531000000000000326e-03 -7.119550000000000045e-01 7.022249999999999881e-01 3.690000000000000246e-04
2.000000000000000000e+00 2.000000000000000000e+00 1.900000000000000000e+01 0.000000000000000000e+00 1.600000000000000089e+00 4.745000000000000086e-03 -1.568599999999999856e-02 -9.998660000000000325e-01 1.934829999999999883e-01 -9.809679999999999511e-01 1.630699999999999858e-02 -9.810919999999999641e-01 -1.935350000000000126e-01 -1.619999999999999912e-03
1.200000000000000000e+01 2.000000000000000000e+00 1.900000000000000000e+01 0.000000000000000000e+00 1.600000000000000089e+00 -2.011000000000000201e-03 3.265000000000000107e-03 -9.999930000000000208e-01 1.920850000000000057e-01 -9.813720000000000221e-01 -3.589999999999999875e-03 -9.813760000000000261e-01 -1.920910000000000117e-01 1.345999999999999974e-03
1.600000000000000000e+01 2.000000000000000000e+00 1.900000000000000000e+01 0.000000000000000000e+00 1.600000000000000089e+00 -4.250999999999999571e-03 1.604500000000000023e-02 -9.998620000000000285e-01 1.943860000000000032e-01 -9.807850000000000179e-01 -1.656499999999999986e-02 -9.809160000000000101e-01 -1.944299999999999917e-01 1.051000000000000068e-03
2.200000000000000000e+01 2.000000000000000000e+00 1.900000000000000000e+01 0.000000000000000000e+00 1.600000000000000089e+00 4.536000000000000101e-03 -6.440000000000000412e-03 -9.999689999999999968e-01 1.996199999999999919e-01 -9.798470000000000235e-01 7.216000000000000192e-03 -9.798630000000000395e-01 -1.996469999999999911e-01 -3.158999999999999916e-03
2.600000000000000000e+01 2.000000000000000000e+00 1.900000000000000000e+01 0.000000000000000000e+00 1.600000000000000089e+00 2.422999999999999807e-03 -3.836000000000000000e-03 -9.999900000000000455e-01 1.973310000000000064e-01 -9.803279999999999772e-01 4.237999999999999580e-03 -9.803340000000000387e-01 -1.973389999999999866e-01 -1.618000000000000081e-03
3.000000000000000000e+01 2.000000000000000000e+00 1.900000000000000000e+01 0.000000000000000000e+00 1.600000000000000089e+00 1.231000000000000106e-03 -5.708999999999999665e-03 -9.999829999999999552e-01 1.984299999999999953e-01 -9.800980000000000247e-01 5.839999999999999705e-03 -9.801140000000000407e-01 -1.984329999999999983e-01 -7.399999999999999623e-05
2.300000000000000000e+01 4.000000000000000000e+00 2.000000000000000000e+01 0.000000000000000000e+00 1.600000000000000089e+00 6.700000000000000226e-03 -2.353000000000000057e-03 -9.999749999999999472e-01 2.832979999999999943e-01 -9.590229999999999588e-01 4.154999999999999839e-03 -9.590090000000000003e-01 -2.833180000000000143e-01 -5.759000000000000230e-03
3.000000000000000000e+01 4.000000000000000000e+00 2.000000000000000000e+01 0.000000000000000000e+00 1.600000000000000089e+00 2.301000000000000094e-03 -4.366000000000000089e-03 -9.999879999999999880e-01 2.884039999999999937e-01 -9.574970000000000425e-01 4.845000000000000348e-03 -9.575059999999999683e-01 -2.884109999999999729e-01 -9.439999999999999607e-04
1.000000000000000000e+01 1.300000000000000000e+01 2.000000000000000000e+01 0.000000000000000000e+00 1.600000000000000089e+00 -2.108000000000000065e-03 -5.376999999999999835e-03 9.999829999999999552e-01 2.478970000000000062e-01 9.687689999999999912e-01 5.730999999999999983e-03 -9.687839999999999785e-01 2.479049999999999865e-01 -7.100000000000000191e-04
1.300000000000000000e+01 1.300000000000000000e+01 2.000000000000000000e+01 0.000000000000000000e+00 1.600000000000000089e+00 -8.408999999999999808e-03 -1.478900000000000006e-02 9.998550000000000493e-01 2.492290000000000061e-01 9.683049999999999713e-01 1.641899999999999957e-02 -9.684080000000000465e-01 2.493309999999999971e-01 -4.455999999999999892e-03
1.900000000000000000e+01 1.300000000000000000e+01 2.000000000000000000e+01 0.000000000000000000e+00 1.600000000000000089e+00 -4.807999999999999774e-03 -6.117000000000000041e-03 9.999700000000000255e-01 2.563699999999999868e-01 9.665519999999999667e-01 7.145999999999999575e-03 -9.665669999999999540e-01 2.563969999999999860e-01 -3.078000000000000007e-03
2.400000000000000000e+01 1.300000000000000000e+01 2.000000000000000000e+01 0.000000000000000000e+00 1.600000000000000089e+00 6.139999999999999625e-03 8.267999999999999308e-03 9.999470000000000303e-01 2.512340000000000129e-01 9.678790000000000449e-01 -9.546000000000000665e-03 -9.679069999999999618e-01 2.512789999999999746e-01 3.866000000000000079e-03
2.000000000000000000e+00 1.600000000000000000e+01 2.100000000000000000e+01 0.000000000000000000e+00 1.600000000000000089e+00 9.676000000000000573e-03 2.765899999999999956e-02 9.995709999999999873e-01 2.945240000000000080e-01 9.551950000000000163e-01 -2.928199999999999900e-02 -9.555949999999999722e-01 2.946810000000000263e-01 1.097000000000000102e-03
1.700000000000000000e+01 1.600000000000000000e+01 2.100000000000000000e+01 0.000000000000000000e+00 1.600000000000000089e+00 -1.097300000000000011e-02 -1.915999999999999995e-02 9.997559999999999780e-01 2.996050000000000102e-01 9.538189999999999724e-01 2.156800000000000037e-02 -9.539999999999999591e-01 2.997690000000000077e-01 -4.726000000000000166e-03
2.000000000000000000e+01 1.600000000000000000e+01 2.100000000000000000e+01 0.000000000000000000e+00 1.600000000000000089e+00 -2.516000000000000007e-03 -2.779999999999999811e-04 9.999970000000000248e-01 3.011320000000000108e-01 9.535820000000000407e-01 1.023000000000000038e-03 -9.535789999999999544e-01 3.011340000000000128e-01 -2.314999999999999784e-03
2.000000000000000000e+01 4.800000000000000000e+01 2.400000000000000000e+01 0.000000000000000000e+00 1.600000000000000089e+00 -2.912000000000000092e-03 -1.487999999999999956e-03 9.999949999999999672e-01 8.595099999999999962e-01 5.111080000000000068e-01 3.263999999999999974e-03 -5.111099999999999532e-01 8.595150000000000290e-01 -2.090000000000000115e-04
6.000000000000000000e+00 3.000000000000000000e+00 2.500000000000000000e+01 0.000000000000000000e+00 1.600000000000000089e+00 3.620000000000000171e-04 -1.776999999999999934e-03 9.999980000000000535e-01 -5.733499999999999708e-02 -9.983530000000000459e-01 -1.753999999999999917e-03 9.983549999999999924e-01 -5.733400000000000302e-02 -4.629999999999999784e-04
1.100000000000000000e+01 3.000000000000000000e+00 2.500000000000000000e+01 0.000000000000000000e+00 1.600000000000000089e+00 6.441999999999999810e-03 -3.490000000000000047e-03 9.999730000000000008e-01 -6.526800000000000657e-02 -9.978630000000000555e-01 -3.062000000000000052e-03 9.978470000000000395e-01 -6.524699999999999944e-02 -6.655999999999999590e-03
1.500000000000000000e+01 3.000000000000000000e+00 2.500000000000000000e+01 0.000000000000000000e+00 1.600000000000000089e+00 1.609999999999999973e-02 5.109999999999999525e-04 9.998700000000000365e-01 -6.213199999999999973e-02 -9.980670000000000375e-01 1.510999999999999973e-03 9.979379999999999917e-01 -6.214900000000000285e-02 -1.603699999999999917e-02
2.600000000000000000e+01 3.000000000000000000e+00 2.500000000000000000e+01 0.000000000000000000e+00 1.600000000000000089e+00 -1.317600000000000021e-02 -3.497999999999999807e-03 9.999069999999999903e-01 -5.699599999999999805e-02 -9.983649999999999469e-01 -4.244000000000000376e-03 9.982870000000000354e-01 -5.704700000000000049e-02 1.295499999999999950e-02
2.900000000000000000e+01 3.000000000000000000e+00 2.500000000000000000e+01 0.000000000000000000e+00 1.600000000000000089e+00 -1.268099999999999956e-02 -3.743999999999999932e-03 9.999130000000000518e-01 -5.140900000000000331e-02 -9.986680000000000001e-01 -4.390999999999999938e-03 9.985969999999999569e-01 -5.146099999999999980e-02 1.247200000000000045e-02
8.000000000000000000e+00 4.600000000000000000e+01 2.700000000000000000e+01 0.000000000000000000e+00 1.600000000000000089e+00 -1.242000000000000048e-03 -3.919999999999999873e-04 -9.999989999999999712e-01 6.597169999999999979e-01 7.515129999999999866e-01 -1.113999999999999973e-03 7.515129999999999866e-01 -6.597180000000000266e-01 -6.740000000000000114e-04
1.300000000000000000e+01 4.600000000000000000e+01 2.700000000000000000e+01 0.000000000000000000e+00 1.600000000000000089e+00 -3.350000000000000113e-04 -2.984999999999999806e-03 -9.999949999999999672e-01 6.551909999999999679e-01 7.554589999999999916e-01 -2.475000000000000203e-03 7.554629999999999956e-01 -6.551890000000000214e-01 1.701999999999999954e-03
2.600000000000000000e+01 4.600000000000000000e+01 2.700000000000000000e+01 0.000000000000000000e+00 1.600000000000000089e+00 -1.572000000000000047e-03 2.356000000000000021e-03 -9.999959999999999960e-01 6.491200000000000303e-01 7.606849999999999445e-01 7.709999999999999840e-04 7.606840000000000268e-01 -6.491170000000000551e-01 -2.724999999999999992e-03
3.000000000000000000e+01 4.600000000000000000e+01 2.700000000000000000e+01 0.000000000000000000e+00 1.600000000000000089e+00 -1.922000000000000097e-03 7.780000000000000457e-04 -9.999980000000000535e-01 6.483210000000000361e-01 7.613670000000000160e-01 -6.539999999999999590e-04 7.613649999999999585e-01 -6.483210000000000361e-01 -1.968000000000000131e-03
9.000000000000000000e+00 4.600000000000000000e+01 3.000000000000000000e+01 0.000000000000000000e+00 1.600000000000000089e+00 -7.209999999999999612e-04 6.130000000000000466e-04 -1.000000000000000000e+00 3.327490000000000170e-01 9.430150000000000476e-01 3.390000000000000001e-04 9.430150000000000476e-01 -3.327490000000000170e-01 -8.840000000000000201e-04
2.000000000000000000e+00 5.800000000000000000e+01 3.100000000000000000e+01 0.000000000000000000e+00 1.600000000000000089e+00 -1.660000000000000017e-03 5.762999999999999894e-03 9.999820000000000375e-01 -7.963459999999999983e-01 -6.048379999999999868e-01 2.164000000000000125e-03 6.048390000000000155e-01 -7.963280000000000358e-01 5.592999999999999881e-03
7.000000000000000000e+00 5.800000000000000000e+01 3.100000000000000000e+01 0.000000000000000000e+00 1.600000000000000089e+00 -2.817000000000000060e-03 -4.542000000000000030e-03 9.999860000000000415e-01 -7.959749999999999881e-01 -6.053089999999999860e-01 -4.991999999999999910e-03 6.053230000000000555e-01 -7.959779999999999633e-01 -1.910000000000000022e-03
1.100000000000000000e+01 5.800000000000000000e+01 3.100000000000000000e+01 0.000000000000000000e+00 1.600000000000000089e+00 -1.399999999999999979e-05 -2.944000000000000002e-03 9.999959999999999960e-01 -7.956600000000000339e-01 -6.057399999999999451e-01 -1.794999999999999938e-03 6.057430000000000314e-01 -7.956569999999999476e-01 -2.334000000000000137e-03
1.700000000000000000e+01 5.800000000000000000e+01 3.100000000000000000e+01 0.000000000000000000e+00 1.600000000000000089e+00 5.280000000000000405e-04 -1.201000000000000028e-03 9.999989999999999712e-01 -7.984620000000000051e-01 -6.020450000000000523e-01 -3.020000000000000223e-04 6.020450000000000523e-01 -7.984609999999999763e-01 -1.276999999999999923e-03
2.300000000000000000e+01 5.800000000000000000e+01 3.100000000000000000e+01 0.000000000000000000e+00 1.600000000000000089e+00 -1.275000000000000092e-03 1.269999999999999970e-04 9.999989999999999712e-01 -7.991380000000000150e-01 -6.011459999999999582e-01 -9.430000000000000448e-04 6.011459999999999582e-01 -7.991390000000000438e-01 8.679999999999999565e-04
3.000000000000000000e+01 5.800000000000000000e+01 3.100000000000000000e+01 0.000000000000000000e+00 1.600000000000000089e+00 -4.479000000000000342e-03 -4.628000000000000169e-03 9.999789999999999512e-01 -8.009899999999999798e-01 -5.986439999999999539e-01 -6.357999999999999936e-03 5.986609999999999987e-01 -8.010019999999999918e-01 -1.026000000000000002e-03
9.000000000000000000e+00 2.300000000000000000e+01 3.400000000000000000e+01 0.000000000000000000e+00 1.600000000000000089e+00 -6.880000000000000265e-04 2.703000000000000107e-03 9.999959999999999960e-01 4.006410000000000249e-01 -9.162310000000000176e-01 2.752000000000000106e-03 9.162350000000000216e-01 4.006410000000000249e-01 -4.530000000000000064e-04
9.000000000000000000e+00 4.200000000000000000e+01 3.400000000000000000e+01 0.000000000000000000e+00 1.600000000000000089e+00 6.340000000000000149e-04 -2.220000000000000185e-03 -9.999970000000000248e-01 -2.918620000000000103e-01 9.564580000000000304e-01 -2.308000000000000156e-03 9.564599999999999769e-01 2.918620000000000103e-01 -4.199999999999999768e-05
2.000000000000000000e+00 4.600000000000000000e+01 3.500000000000000000e+01 0.000000000000000000e+00 1.600000000000000089e+00 7.261000000000000093e-03 -6.773999999999999640e-03 -9.999510000000000343e-01 3.851010000000000266e-01 -9.228300000000000392e-01 9.048000000000000487e-03 -9.228460000000000552e-01 -3.851470000000000171e-01 -4.092000000000000151e-03
5.000000000000000000e+00 4.600000000000000000e+01 3.500000000000000000e+01 0.000000000000000000e+00 1.600000000000000089e+00 3.478000000000000189e-03 -3.642999999999999971e-03 -9.999869999999999592e-01 3.842579999999999885e-01 -9.232139999999999791e-01 4.700000000000000185e-03 -9.232190000000000119e-01 -3.842700000000000005e-01 -1.810999999999999893e-03
1.000000000000000000e+01 4.600000000000000000e+01 3.500000000000000000e+01 0.000000000000000000e+00 1.600000000000000089e+00 -4.690000000000000158e-04 2.380000000000000117e-04 -1.000000000000000000e+00 3.839920000000000000e-01 -9.233360000000000456e-01 -4.000000000000000192e-04 -9.233360000000000456e-01 -3.839920000000000000e-01 3.409999999999999945e-04
1.600000000000000000e+01 4.600000000000000000e+01 3.500000000000000000e+01 0.000000000000000000e+00 1.600000000000000089e+00 -4.131000000000000123e-03 2.073999999999999889e-03 -9.999890000000000168e-01 3.887749999999999817e-01 -9.213259999999999783e-01 -3.517000000000000161e-03 -9.213230000000000031e-01 -3.887860000000000205e-01 2.998999999999999930e-03
2.200000000000000000e+01 4.600000000000000000e+01 3.500000000000000000e+01 0.000000000000000000e+00 1.600000000000000089e+00 1.853999999999999962e-03 2.900000000000000017e-05 -9.999980000000000535e-01 3.861609999999999765e-01 -9.224310000000000009e-01 6.890000000000000508e-04 -9.224290000000000544e-01 -3.861620000000000053e-01 -1.722000000000000006e-03
2.500000000000000000e+01 4.600000000000000000e+01 3.500000000000000000e+01 0.000000000000000000e+00 1.600000000000000089e+00 2.064999999999999995e-03 4.490000000000000067e-03 -9.999879999999999880e-01 3.854000000000000203e-01 -9.227440000000000087e-01 -3.347000000000000149e-03 -9.227469999999999839e-01 -3.853880000000000083e-01 -3.635999999999999909e-03
1.000000000000000000e+00 9.500000000000000000e+01 3.600000000000000000e+01 0.000000000000000000e+00 1.600000000000000089e+00 1.599499999999999880e-02 1.016199999999999916e-02 9.998200000000000420e-01 9.982450000000000490e-01 5.685300000000000076e-02 -1.654699999999999921e-02 -5.701099999999999918e-02 9.983309999999999684e-01 -9.235000000000000153e-03
7.000000000000000000e+00 9.500000000000000000e+01 3.600000000000000000e+01 0.000000000000000000e+00 1.600000000000000089e+00 1.544000000000000060e-02 2.352800000000000030e-02 9.996040000000000481e-01 9.973729999999999540e-01 7.040200000000000624e-02 -1.706299999999999831e-02 -7.077600000000000557e-02 9.972410000000000441e-01 -2.238000000000000059e-02
1.200000000000000000e+01 9.500000000000000000e+01 3.600000000000000000e+01 0.000000000000000000e+00 1.600000000000000089e+00 -1.304999999999999953e-03 -3.308999999999999875e-03 9.999940000000000495e-01 9.976690000000000280e-01 6.822400000000000686e-02 1.528000000000000061e-03 -6.822899999999999798e-02 9.976650000000000240e-01 3.213000000000000144e-03
1.500000000000000000e+01 9.500000000000000000e+01 3.600000000000000000e+01 0.000000000000000000e+00 1.600000000000000089e+00 -1.027800000000000068e-02 -9.325999999999999221e-03 9.999040000000000150e-01 9.979299999999999837e-01 6.338599999999999790e-02 1.084899999999999927e-02 -6.348099999999999576e-02 9.979459999999999997e-01 8.654999999999999499e-03
2.500000000000000000e+01 9.500000000000000000e+01 3.600000000000000000e+01 0.000000000000000000e+00 1.600000000000000089e+00 -2.755000000000000070e-03 -1.364899999999999967e-02 9.999029999999999863e-01 9.984960000000000502e-01 5.471600000000000075e-02 3.497999999999999807e-03 -5.475800000000000112e-02 9.984089999999999909e-01 1.347699999999999940e-02
1.100000000000000000e+01 9.500000000000000000e+01 3.700000000000000000e+01 0.000000000000000000e+00 1.600000000000000089e+00 3.311999999999999840e-03 -1.160999999999999923e-03 9.999940000000000495e-01 9.959209999999999452e-01 9.017600000000000615e-02 -3.193000000000000092e-03 -9.017200000000000215e-02 9.959249999999999492e-01 1.454999999999999913e-03
2.100000000000000000e+01 3.000000000000000000e+00 4.300000000000000000e+01 0.000000000000000000e+00 1.600000000000000089e+00 1.491100000000000064e-02 -1.329200000000000000e-02 -9.998000000000000220e-01 7.317829999999999613e-01 -6.812449999999999894e-01 1.997099999999999917e-02 -6.813749999999999529e-01 -7.319350000000000023e-01 -4.310000000000000137e-04
8.000000000000000000e+00 2.900000000000000000e+01 4.400000000000000000e+01 0.000000000000000000e+00 1.600000000000000089e+00 -5.529999999999999976e-04 -4.360000000000000269e-04 -1.000000000000000000e+00 6.441449999999999676e-01 7.649029999999999996e-01 -6.890000000000000508e-04 7.649029999999999996e-01 -6.441449999999999676e-01 -1.420000000000000092e-04
1.400000000000000000e+01 2.900000000000000000e+01 4.400000000000000000e+01 0.000000000000000000e+00 1.600000000000000089e+00 -8.459999999999999638e-04 1.072000000000000036e-03 -9.999989999999999712e-01 6.514560000000000350e-01 7.586870000000000003e-01 2.620000000000000258e-04 7.586859999999999715e-01 -6.514550000000000063e-01 -1.340000000000000045e-03
1.900000000000000000e+01 2.900000000000000000e+01 4.400000000000000000e+01 0.000000000000000000e+00 1.600000000000000089e+00 7.659999999999999708e-04 5.176000000000000045e-03 -9.999860000000000415e-01 6.595910000000000384e-01 7.516119999999999468e-01 4.395999999999999734e-03 7.516239999999999588e-01 -6.595860000000000056e-01 -2.837999999999999811e-03
2.300000000000000000e+01 2.900000000000000000e+01 4.400000000000000000e+01 0.000000000000000000e+00 1.600000000000000089e+00 1.640000000000000019e-04 -2.337000000000000102e-03 -9.999970000000000248e-01 6.682120000000000282e-01 7.439689999999999914e-01 -1.629000000000000023e-03 7.439710000000000489e-01 -6.682099999999999707e-01 1.683000000000000034e-03
2.700000000000000000e+01 2.900000000000000000e+01 4.400000000000000000e+01 0.000000000000000000e+00 1.600000000000000089e+00 -1.320000000000000101e-04 -1.887999999999999921e-03 -9.999980000000000535e-01 6.646159999999999846e-01 7.471839999999999593e-01 -1.498999999999999898e-03 7.471849999999999881e-01 -6.646149999999999558e-01 1.155999999999999910e-03
7.000000000000000000e+00 6.500000000000000000e+01 4.600000000000000000e+01 0.000000000000000000e+00 1.600000000000000089e+00 9.999999999999999547e-07 -1.332999999999999984e-03 9.999989999999999712e-01 6.798130000000000006e-01 -7.333849999999999536e-01 -9.779999999999999197e-04 7.333859999999999824e-01 6.798119999999999719e-01 9.060000000000000128e-04
2.000000000000000000e+00 5.000000000000000000e+00 5.100000000000000000e+01 0.000000000000000000e+00 1.600000000000000089e+00 -4.334000000000000179e-03 2.492999999999999990e-03 -9.999879999999999880e-01 4.894629999999999814e-01 -8.720130000000000381e-01 -4.295000000000000207e-03 -8.720130000000000381e-01 -4.894760000000000222e-01 2.559000000000000077e-03
2.600000000000000000e+01 5.000000000000000000e+00 5.100000000000000000e+01 0.000000000000000000e+00 1.600000000000000089e+00 -2.611000000000000040e-03 -5.459000000000000311e-03 -9.999820000000000375e-01 4.856289999999999774e-01 -8.741579999999999906e-01 3.504000000000000170e-03 -8.741609999999999658e-01 -4.856110000000000149e-01 4.932999999999999885e-03
3.000000000000000000e+00 4.200000000000000000e+01 5.200000000000000000e+01 0.000000000000000000e+00 1.600000000000000089e+00 2.431399999999999881e-02 -6.358510000000000550e-01 7.714290000000000314e-01 8.588400000000000201e-02 7.701329999999999565e-01 6.320759999999999712e-01 -9.960080000000000044e-01 5.088499999999999968e-02 7.333499999999999741e-02
9.000000000000000000e+00 4.400000000000000000e+01 5.300000000000000000e+01 0.000000000000000000e+00 1.600000000000000089e+00 5.496999999999999803e-02 -4.651569999999999871e-01 -8.835199999999999720e-01 8.635800000000000420e-02 -8.793269999999999698e-01 4.683220000000000161e-01 -9.947470000000000478e-01 -1.020419999999999938e-01 -8.167000000000000648e-03
8.000000000000000000e+00 4.500000000000000000e+01 5.300000000000000000e+01 0.000000000000000000e+00 1.600000000000000089e+00 7.823900000000000299e-02 -6.606109999999999483e-01 -7.466399999999999704e-01 8.175899999999999834e-02 -7.421609999999999596e-01 6.652160000000000295e-01 -9.935760000000000147e-01 -1.130899999999999961e-01 -4.054999999999999577e-03
7.000000000000000000e+00 4.600000000000000000e+01 5.300000000000000000e+01 0.000000000000000000e+00 1.600000000000000089e+00 1.017509999999999942e-01 -7.285580000000000389e-01 -6.773850000000000149e-01 1.062120000000000009e-01 -6.690709999999999713e-01 7.355699999999999461e-01 -9.891240000000000032e-01 -1.467920000000000058e-01 9.303000000000000505e-03
2.000000000000000000e+00 3.700000000000000000e+01 5.400000000000000000e+01 0.000000000000000000e+00 1.600000000000000089e+00 -3.976009999999999822e-01 -8.607409999999999783e-01 -3.178659999999999819e-01 8.972700000000000120e-02 3.082920000000000105e-01 -9.470509999999999762e-01 9.131610000000000005e-01 -4.050699999999999856e-01 -4.534599999999999742e-02
4.000000000000000000e+00 6.300000000000000000e+01 5.400000000000000000e+01 0.000000000000000000e+00 1.600000000000000089e+00 -8.779999999999999827e-04 4.598999999999999790e-03 9.999890000000000168e-01 -3.622759999999999869e-01 9.320589999999999709e-01 -4.603999999999999586e-03 -9.320699999999999541e-01 -3.622759999999999869e-01 8.480000000000000124e-04
1.100000000000000000e+01 6.300000000000000000e+01 5.400000000000000000e+01 0.000000000000000000e+00 1.600000000000000089e+00 -4.110000000000000155e-04 2.509999999999999753e-04 1.000000000000000000e+00 -3.479909999999999948e-01 9.374980000000000535e-01 -3.789999999999999966e-04 -9.374980000000000535e-01 -3.479920000000000235e-01 -2.979999999999999793e-04
2.000000000000000000e+01 6.300000000000000000e+01 5.400000000000000000e+01 0.000000000000000000e+00 1.600000000000000089e+00 -6.819999999999999890e-04 -1.397000000000000021e-03 9.999989999999999712e-01 -3.515340000000000131e-01 9.361749999999999794e-01 1.067999999999999939e-03 -9.361749999999999794e-01 -3.515329999999999844e-01 -1.129000000000000012e-03
2.500000000000000000e+01 6.300000000000000000e+01 5.400000000000000000e+01 0.000000000000000000e+00 1.600000000000000089e+00 1.850000000000000082e-03 -6.999999999999999895e-06 9.999980000000000535e-01 -3.541529999999999956e-01 9.351869999999999905e-01 6.620000000000000450e-04 -9.351859999999999618e-01 -3.541540000000000243e-01 1.727999999999999935e-03
6.000000000000000000e+00 2.500000000000000000e+01 5.500000000000000000e+01 0.000000000000000000e+00 1.600000000000000089e+00 -4.859999999999999954e-04 -2.833000000000000015e-03 -9.999959999999999960e-01 -1.115700000000000025e-02 -9.999339999999999895e-01 2.838999999999999944e-03 -9.999379999999999935e-01 1.115900000000000052e-02 4.539999999999999765e-04
1.400000000000000000e+01 2.600000000000000000e+01 5.500000000000000000e+01 0.000000000000000000e+00 1.600000000000000089e+00 2.909000000000000127e-03 2.146699999999999997e-02 -9.997650000000000148e-01 -3.262600000000000222e-02 -9.992349999999999843e-01 -2.155100000000000071e-02 -9.994629999999999903e-01 3.268100000000000172e-02 -2.207000000000000194e-03
2.300000000000000000e+01 7.600000000000000000e+01 5.600000000000000000e+01 0.000000000000000000e+00 1.600000000000000089e+00 -1.830000000000000029e-04 -4.128999999999999858e-03 -9.999909999999999632e-01 -1.191460000000000019e-01 9.928679999999999728e-01 -4.078000000000000028e-03 9.928770000000000095e-01 1.191439999999999999e-01 -6.740000000000000114e-04
3.000000000000000000e+00 4.600000000000000000e+01 5.700000000000000000e+01 0.000000000000000000e+00 1.600000000000000089e+00 -6.241399999999999726e-02 -5.945049999999999502e-01 -8.016659999999999897e-01 -2.150600000000000012e-01 -7.763510000000000133e-01 5.924760000000000026e-01 -9.746040000000000258e-01 2.093849999999999878e-01 -7.939899999999999736e-02
4.000000000000000000e+00 6.800000000000000000e+01 5.700000000000000000e+01 0.000000000000000000e+00 1.600000000000000089e+00 1.636000000000000084e-03 2.273999999999999980e-03 -9.999959999999999960e-01 -2.509919999999999929e-01 -9.679860000000000131e-01 -2.612000000000000172e-03 -9.679879999999999596e-01 2.509959999999999969e-01 -1.012000000000000096e-03
1.100000000000000000e+01 6.800000000000000000e+01 5.700000000000000000e+01 0.000000000000000000e+00 1.600000000000000089e+00 -1.118999999999999986e-03 -1.122399999999999960e-02 -9.999360000000000470e-01 -2.494790000000000063e-01 -9.683159999999999545e-01 1.114899999999999919e-02 -9.683800000000000185e-01 2.494750000000000023e-01 -1.716999999999999993e-03
2.500000000000000000e+01 2.000000000000000000e+01 6.000000000000000000e+01 0.000000000000000000e+00 1.600000000000000089e+00 -1.420999999999999954e-03 5.534999999999999989e-03 9.999839999999999840e-01 -6.395099999999999396e-02 9.979369999999999630e-01 -5.615000000000000199e-03 -9.979519999999999502e-01 -6.395800000000000096e-02 -1.064000000000000059e-03
3.000000000000000000e+00 2.100000000000000000e+01 6.000000000000000000e+01 0.000000000000000000e+00 1.600000000000000089e+00 -2.320000000000000014e-03 -1.098000000000000018e-03 9.999970000000000248e-01 -9.913600000000000190e-02 9.950740000000000141e-01 8.630000000000000518e-04 -9.950710000000000388e-01 -9.913299999999999890e-02 -2.416999999999999878e-03
9.000000000000000000e+00 2.100000000000000000e+01 6.000000000000000000e+01 0.000000000000000000e+00 1.600000000000000089e+00 2.923999999999999950e-03 3.118000000000000112e-03 9.999909999999999632e-01 -9.823099999999999887e-02 9.951600000000000446e-01 -2.815999999999999927e-03 -9.951590000000000158e-01 -9.822200000000000375e-02 3.216000000000000109e-03
1.600000000000000000e+01 2.100000000000000000e+01 6.000000000000000000e+01 0.000000000000000000e+00 1.600000000000000089e+00 -9.229999999999999923e-04 -4.568000000000000012e-03 9.999890000000000168e-01 -9.582899999999999752e-02 9.953880000000000505e-01 4.459000000000000290e-03 -9.953969999999999763e-01 -9.582300000000000539e-02 -1.356000000000000000e-03
2.100000000000000000e+01 2.100000000000000000e+01 6.000000000000000000e+01 0.000000000000000000e+00 1.600000000000000089e+00 -1.230000000000000082e-04 4.311999999999999861e-03 9.999909999999999632e-01 -9.470900000000000152e-02 9.954960000000000475e-01 -4.304999999999999799e-03 -9.955049999999999732e-01 -9.470900000000000152e-02 2.860000000000000129e-04
1.900000000000000000e+01 4.500000000000000000e+01 6.200000000000000000e+01 0.000000000000000000e+00 1.600000000000000089e+00 -1.715399999999999911e-02 2.337300000000000141e-02 -9.995800000000000241e-01 -6.102760000000000407e-01 -7.921479999999999633e-01 -8.049000000000000599e-03 -7.920030000000000125e-01 6.098820000000000352e-01 2.785299999999999929e-02
1.200000000000000000e+01 3.000000000000000000e+00 6.300000000000000000e+01 0.000000000000000000e+00 1.600000000000000089e+00 3.499999999999999693e-05 6.115999999999999909e-03 9.999810000000000088e-01 -6.152999999999999581e-01 7.882780000000000342e-01 -4.799999999999999580e-03 -7.882930000000000215e-01 -6.152889999999999748e-01 3.791000000000000099e-03
4.000000000000000000e+00 2.700000000000000000e+01 6.300000000000000000e+01 0.000000000000000000e+00 1.600000000000000089e+00 9.200000000000000007e-05 6.321000000000000230e-03 9.999799999999999800e-01 -2.724389999999999867e-01 9.621539999999999537e-01 -6.056999999999999884e-03 -9.621729999999999450e-01 -2.724329999999999807e-01 1.810999999999999893e-03
1.100000000000000000e+01 2.700000000000000000e+01 6.300000000000000000e+01 0.000000000000000000e+00 1.600000000000000089e+00 2.909999999999999826e-03 2.990000000000000036e-04 9.999959999999999960e-01 -2.693050000000000166e-01 9.630549999999999944e-01 4.949999999999999973e-04 -9.630509999999999904e-01 -2.693050000000000166e-01 2.883000000000000146e-03
1.900000000000000000e+01 2.700000000000000000e+01 6.300000000000000000e+01 0.000000000000000000e+00 1.600000000000000089e+00 -1.719000000000000042e-03 1.094200000000000034e-02 9.999390000000000223e-01 -2.519440000000000013e-01 9.676789999999999559e-01 -1.102200000000000055e-02 -9.677400000000000446e-01 -2.519480000000000053e-01 1.093000000000000005e-03
2.500000000000000000e+01 2.700000000000000000e+01 6.300000000000000000e+01 0.000000000000000000e+00 1.600000000000000089e+00 4.459999999999999989e-04 -1.890899999999999873e-02 9.998209999999999598e-01 -2.661370000000000124e-01 9.637609999999999788e-01 1.834500000000000020e-02 -9.639349999999999863e-01 -2.660980000000000012e-01 -4.602000000000000188e-03
2.800000000000000000e+01 2.700000000000000000e+01 6.300000000000000000e+01 0.000000000000000000e+00 1.600000000000000089e+00 1.968999999999999830e-03 -7.506999999999999784e-03 9.999700000000000255e-01 -2.657109999999999750e-01 9.640210000000000168e-01 7.760000000000000404e-03 -9.640509999999999913e-01 -2.657189999999999830e-01 -9.699999999999999963e-05
2.000000000000000000e+01 4.400000000000000000e+01 6.300000000000000000e+01 0.000000000000000000e+00 1.600000000000000089e+00 -1.368600000000000025e-02 3.631800000000000306e-02 -9.992469999999999963e-01 -6.813909999999999689e-01 -7.317160000000000331e-01 -1.726199999999999957e-02 -7.317919999999999980e-01 6.806410000000000515e-01 3.476100000000000023e-02
2.600000000000000000e+01 4.400000000000000000e+01 6.300000000000000000e+01 0.000000000000000000e+00 1.600000000000000089e+00 2.555999999999999939e-02 -1.167580000000000007e-01 -9.928310000000000191e-01 -7.313720000000000221e-01 -6.792399999999999549e-01 6.105100000000000110e-02 -6.814989999999999659e-01 7.245690000000000186e-01 -1.027549999999999991e-01
