3.000000000000000000e+00 1.500000000000000000e+01 4.000000000000000000e+00 0.000000000000000000e+00 1.600000000000000089e+00 -2.159999999999999919e-04 -3.252999999999999815e-03 9.999949999999999672e-01 3.163770000000000193e-01 -9.486289999999999445e-01 -3.017000000000000150e-03 9.486329999999999485e-01 3.163750000000000173e-01 1.234000000000000071e-03
9.000000000000000000e+00 1.500000000000000000e+01 4.000000000000000000e+00 0.000000000000000000e+00 1.600000000000000089e+00 -4.255000000000000102e-03 -6.009999999999999717e-04 9.999909999999999632e-01 3.154939999999999967e-01 -9.489269999999999650e-01 7.720000000000000083e-04 9.489180000000000392e-01 3.154939999999999967e-01 4.227999999999999987e-03
1.600000000000000000e+01 1.500000000000000000e+01 4.000000000000000000e+00 0.000000000000000000e+00 1.600000000000000089e+00 -2.252999999999999794e-03 1.275000000000000092e-03 9.999970000000000248e-01 3.125620000000000065e-01 -9.498950000000000449e-01 1.915000000000000036e-03 9.498950000000000449e-01 3.125649999999999817e-01 1.742000000000000059e-03
2.100000000000000000e+01 1.500000000000000000e+01 4.000000000000000000e+00 0.000000000000000000e+00 1.600000000000000089e+00 -2.465000000000000177e-03 1.346900000000000007e-02 9.999059999999999615e-01 3.146619999999999973e-01 -9.491070000000000340e-01 1.355999999999999914e-02 9.492000000000000437e-01 3.146660000000000013e-01 -1.899000000000000080e-03
3.000000000000000000e+01 1.500000000000000000e+01 4.000000000000000000e+00 0.000000000000000000e+00 1.600000000000000089e+00 -7.017999999999999933e-03 1.360699999999999930e-02 9.998829999999999663e-01 3.181189999999999851e-01 -9.479300000000000503e-01 1.513300000000000062e-02 9.480250000000000066e-01 3.181880000000000264e-01 2.324000000000000111e-03
2.900000000000000000e+01 1.010000000000000000e+02 7.000000000000000000e+00 0.000000000000000000e+00 1.600000000000000089e+00 4.870000000000000197e-04 7.052000000000000109e-03 9.999749999999999472e-01 8.878599999999999826e-01 4.601000000000000090e-01 -3.677000000000000147e-03 -4.601140000000000230e-01 8.878390000000000448e-01 -6.036999999999999832e-03
3.000000000000000000e+00 2.500000000000000000e+01 8.000000000000000000e+00 0.000000000000000000e+00 1.600000000000000089e+00 3.127000000000000005e-03 3.962000000000000244e-03 -9.999869999999999592e-01 4.461800000000000210e-01 8.949289999999999745e-01 4.941000000000000079e-03 8.949380000000000113e-01 -4.461899999999999755e-01 1.031000000000000015e-03
1.000000000000000000e+01 2.500000000000000000e+01 8.000000000000000000e+00 0.000000000000000000e+00 1.600000000000000089e+00 1.100000000000000039e-04 -4.879999999999999898e-04 -1.000000000000000000e+00 4.443320000000000047e-01 8.958620000000000472e-01 -3.879999999999999985e-04 8.958620000000000472e-01 -4.443320000000000047e-01 3.150000000000000131e-04
1.800000000000000000e+01 2.500000000000000000e+01 8.000000000000000000e+00 0.000000000000000000e+00 1.600000000000000089e+00 -2.441000000000000027e-03 -4.414999999999999654e-03 -9.999869999999999592e-01 4.452479999999999771e-01 8.953929999999999945e-01 -5.041000000000000342e-03 8.954039999999999777e-01 -4.452539999999999831e-01 -2.200000000000000078e-04
2.100000000000000000e+01 2.500000000000000000e+01 8.000000000000000000e+00 0.000000000000000000e+00 1.600000000000000089e+00 -1.616000000000000032e-03 -4.219999999999999793e-03 -9.999900000000000455e-01 4.444850000000000190e-01 8.957749999999999879e-01 -4.499000000000000395e-03 8.957850000000000534e-01 -4.444879999999999942e-01 4.290000000000000193e-04
2.700000000000000000e+01 2.500000000000000000e+01 8.000000000000000000e+00 0.000000000000000000e+00 1.600000000000000089e+00 -1.301999999999999989e-03 -6.350999999999999875e-03 -9.999789999999999512e-01 4.457420000000000271e-01 8.951390000000000180e-01 -6.264999999999999736e-03 8.951599999999999557e-01 -4.457409999999999983e-01 1.665999999999999946e-03
4.000000000000000000e+00 2.400000000000000000e+01 9.000000000000000000e+00 0.000000000000000000e+00 1.600000000000000089e+00 2.893999999999999871e-03 -6.790000000000000245e-04 -9.999959999999999960e-01 4.512939999999999729e-01 8.923750000000000293e-01 6.999999999999999929e-04 8.923699999999999966e-01 -4.512939999999999729e-01 2.889000000000000075e-03
1.100000000000000000e+01 2.400000000000000000e+01 9.000000000000000000e+00 0.000000000000000000e+00 1.600000000000000089e+00 -6.629999999999999609e-04 -4.403999999999999929e-03 -9.999900000000000455e-01 4.506310000000000038e-01 8.927000000000000490e-01 -4.230000000000000253e-03 8.927100000000000035e-01 -4.506299999999999750e-01 1.392999999999999924e-03
2.000000000000000000e+01 2.400000000000000000e+01 9.000000000000000000e+00 0.000000000000000000e+00 1.600000000000000089e+00 -1.466000000000000072e-03 -5.105000000000000163e-03 -9.999860000000000415e-01 4.501660000000000106e-01 8.929300000000000015e-01 -5.218000000000000416e-03 8.929439999999999600e-01 -4.501669999999999838e-01 9.890000000000000787e-04
2.800000000000000000e+01 2.400000000000000000e+01 9.000000000000000000e+00 0.000000000000000000e+00 1.600000000000000089e+00 -1.428000000000000016e-03 -8.701000000000000401e-03 -9.999609999999999888e-01 4.512070000000000247e-01 8.923799999999999510e-01 -8.408999999999999808e-03 8.924180000000000446e-01 -4.512010000000000187e-01 2.651000000000000145e-03
4.000000000000000000e+00 3.100000000000000000e+01 1.200000000000000000e+01 0.000000000000000000e+00 1.600000000000000089e+00 2.530000000000000239e-04 9.330000000000000186e-04 1.000000000000000000e+00 1.160000000000000007e-04 1.000000000000000000e+00 -9.330000000000000186e-04 -1.000000000000000000e+00 1.160000000000000007e-04 2.530000000000000239e-04
1.200000000000000000e+01 3.100000000000000000e+01 1.200000000000000000e+01 0.000000000000000000e+00 1.600000000000000089e+00 -1.224000000000000045e-03 -1.342000000000000094e-03 9.999980000000000535e-01 2.509999999999999753e-04 9.999989999999999712e-01 1.342000000000000094e-03 -9.999989999999999712e-01 2.519999999999999996e-04 -1.224000000000000045e-03
2.200000000000000000e+01 3.100000000000000000e+01 1.200000000000000000e+01 0.000000000000000000e+00 1.600000000000000089e+00 8.760000000000000425e-04 -3.119999999999999944e-04 1.000000000000000000e+00 -1.856000000000000011e-03 9.999980000000000535e-01 3.139999999999999888e-04 -9.999980000000000535e-01 -1.856999999999999927e-03 8.750000000000000182e-04
2.900000000000000000e+01 3.100000000000000000e+01 1.200000000000000000e+01 0.000000000000000000e+00 1.600000000000000089e+00 -1.755999999999999965e-03 -7.622000000000000303e-03 9.999689999999999968e-01 -2.827999999999999785e-03 9.999670000000000503e-01 7.616999999999999639e-03 -9.999940000000000495e-01 -2.814999999999999794e-03 -1.778000000000000067e-03
2.300000000000000000e+01 3.500000000000000000e+01 1.200000000000000000e+01 0.000000000000000000e+00 1.600000000000000089e+00 3.449999999999999942e-03 -4.115999999999999867e-03 -9.999860000000000415e-01 5.726580000000000004e-01 -8.197769999999999779e-01 5.349999999999999721e-03 -8.197870000000000434e-01 -5.726679999999999549e-01 -4.719999999999999803e-04
2.800000000000000000e+01 3.500000000000000000e+01 1.200000000000000000e+01 0.000000000000000000e+00 1.600000000000000089e+00 -7.280000000000000230e-04 -3.147000000000000058e-03 -9.999949999999999672e-01 5.511179999999999968e-01 -8.344240000000000546e-01 2.224999999999999981e-03 -8.344270000000000298e-01 -5.511139999999999928e-01 2.341999999999999898e-03
7.000000000000000000e+00 3.200000000000000000e+01 1.400000000000000000e+01 0.000000000000000000e+00 1.600000000000000089e+00 1.213000000000000102e-03 2.102999999999999835e-03 -9.999970000000000248e-01 1.031829999999999969e-01 9.946599999999999886e-01 2.216999999999999787e-03 9.946620000000000461e-01 -1.031849999999999989e-01 9.899999999999999946e-04
1.600000000000000000e+01 3.200000000000000000e+01 1.400000000000000000e+01 0.000000000000000000e+00 1.600000000000000089e+00 -1.691000000000000012e-03 -8.430999999999999259e-03 -9.999630000000000463e-01 1.041959999999999970e-01 9.945199999999999596e-01 -8.560999999999999166e-03 9.945549999999999669e-01 -1.042059999999999931e-01 -8.030000000000000028e-04
8.000000000000000000e+00 1.200000000000000000e+01 1.500000000000000000e+01 0.000000000000000000e+00 1.600000000000000089e+00 1.860000000000000108e-03 3.717999999999999951e-03 -9.999909999999999632e-01 -4.695900000000000074e-01 -8.828749999999999654e-01 -4.155999999999999972e-03 -8.828829999999999734e-01 4.695940000000000114e-01 1.029999999999999964e-04
1.400000000000000000e+01 1.200000000000000000e+01 1.500000000000000000e+01 0.000000000000000000e+00 1.600000000000000089e+00 8.499999999999999526e-04 4.342999999999999639e-03 -9.999900000000000455e-01 -4.696569999999999911e-01 -8.828390000000000404e-01 -4.233999999999999916e-03 -8.828489999999999949e-01 4.696560000000000179e-01 1.288999999999999998e-03
1.700000000000000000e+01 1.200000000000000000e+01 1.500000000000000000e+01 0.000000000000000000e+00 1.600000000000000089e+00 -1.036000000000000029e-03 7.375999999999999744e-03 -9.999719999999999720e-01 -4.661799999999999833e-01 -8.846690000000000387e-01 -6.042999999999999761e-03 -8.846899999999999764e-01 4.661600000000000188e-01 4.355000000000000364e-03
2.200000000000000000e+01 1.200000000000000000e+01 1.500000000000000000e+01 0.000000000000000000e+00 1.600000000000000089e+00 8.670000000000000406e-04 7.943999999999999673e-03 -9.999679999999999680e-01 -4.596210000000000018e-01 -8.880839999999999845e-01 -7.453999999999999689e-03 -8.881149999999999878e-01 4.596129999999999938e-01 2.880999999999999880e-03
2.700000000000000000e+01 1.200000000000000000e+01 1.500000000000000000e+01 0.000000000000000000e+00 1.600000000000000089e+00 -5.339999999999999695e-04 1.163199999999999998e-02 -9.999320000000000430e-01 -4.519790000000000196e-01 -8.919709999999999583e-01 -1.013499999999999991e-02 -8.920280000000000431e-01 4.519429999999999836e-01 5.734000000000000381e-03
8.000000000000000000e+00 1.160000000000000000e+02 1.600000000000000000e+01 0.000000000000000000e+00 1.600000000000000089e+00 -2.714999999999999965e-03 -1.964000000000000034e-03 9.999940000000000495e-01 8.063399999999999457e-01 5.914420000000000233e-01 3.350999999999999812e-03 -5.914460000000000273e-01 8.063449999999999784e-01 -2.199999999999999943e-05
1.500000000000000000e+01 1.160000000000000000e+02 1.600000000000000000e+01 0.000000000000000000e+00 1.600000000000000089e+00 -1.289999999999999914e-04 3.150000000000000131e-04 1.000000000000000000e+00 7.435810000000000475e-01 6.686459999999999626e-01 -1.150000000000000035e-04 -6.686459999999999626e-01 7.435810000000000475e-01 -3.209999999999999963e-04
2.000000000000000000e+01 1.160000000000000000e+02 1.600000000000000000e+01 0.000000000000000000e+00 1.600000000000000089e+00 -3.370000000000000057e-04 2.592000000000000120e-03 9.999970000000000248e-01 7.491579999999999906e-01 6.623890000000000056e-01 -1.464000000000000024e-03 -6.623909999999999521e-01 7.491550000000000153e-01 -2.165999999999999957e-03
7.000000000000000000e+00 2.000000000000000000e+00 1.900000000000000000e+01 0.000000000000000000e+00 1.600000000000000089e+00 -1.216000000000000067e-02 1.041199999999999938e-02 -9.998719999999999830e-01 2.355990000000000029e-01 -9.717639999999999612e-01 -1.298400000000000075e-02 -9.717740000000000267e-01 -2.357269999999999921e-01 9.364000000000000795e-03
1.100000000000000000e+01 2.000000000000000000e+00 1.900000000000000000e+01 0.000000000000000000e+00 1.600000000000000089e+00 -5.794999999999999804e-03 2.589100000000000082e-02 -9.996479999999999810e-01 2.404169999999999918e-01 -9.703070000000000306e-01 -2.652499999999999997e-02 -9.706519999999999593e-01 -2.404860000000000053e-01 -6.019999999999999961e-04
2.000000000000000000e+01 2.000000000000000000e+00 1.900000000000000000e+01 0.000000000000000000e+00 1.600000000000000089e+00 2.692699999999999955e-02 6.263699999999999823e-02 -9.976730000000000320e-01 2.352980000000000071e-01 -9.703899999999999748e-01 -5.457399999999999751e-02 -9.715500000000000247e-01 -2.332809999999999884e-01 -4.086800000000000155e-02
2.600000000000000000e+01 2.000000000000000000e+00 1.900000000000000000e+01 0.000000000000000000e+00 1.600000000000000089e+00 2.831300000000000136e-02 7.587599999999999900e-02 -9.967150000000000176e-01 2.875320000000000098e-01 -9.555919999999999970e-01 -6.457799999999999652e-02 -9.573530000000000095e-01 -2.847589999999999844e-01 -4.887299999999999978e-02
2.200000000000000000e+01 4.000000000000000000e+00 2.000000000000000000e+01 0.000000000000000000e+00 1.600000000000000089e+00 1.870300000000000087e-02 4.669500000000000040e-02 -9.987340000000000106e-01 4.009880000000000111e-01 -9.154029999999999667e-01 -3.529000000000000192e-02 -9.158920000000000394e-01 -3.998200000000000087e-01 -3.584500000000000186e-02
2.900000000000000000e+01 4.000000000000000000e+00 2.000000000000000000e+01 0.000000000000000000e+00 1.600000000000000089e+00 2.059599999999999972e-02 2.172899999999999832e-02 -9.995519999999999960e-01 3.707590000000000052e-01 -9.286440000000000250e-01 -1.254800000000000013e-02 -9.285010000000000208e-01 -3.703339999999999965e-01 -2.718200000000000130e-02
5.000000000000000000e+00 1.300000000000000000e+01 2.000000000000000000e+01 0.000000000000000000e+00 1.600000000000000089e+00 2.151999999999999833e-03 -1.275000000000000092e-03 9.999970000000000248e-01 2.638260000000000050e-01 9.645700000000000385e-01 6.620000000000000450e-04 -9.645679999999999810e-01 2.638229999999999742e-01 2.413000000000000214e-03
1.100000000000000000e+01 1.300000000000000000e+01 2.000000000000000000e+01 0.000000000000000000e+00 1.600000000000000089e+00 -8.180000000000000422e-04 -3.158999999999999916e-03 9.999949999999999672e-01 2.659210000000000185e-01 9.639889999999999848e-01 3.262999999999999842e-03 -9.639940000000000175e-01 2.659230000000000205e-01 5.099999999999999960e-05
2.000000000000000000e+01 1.300000000000000000e+01 2.000000000000000000e+01 0.000000000000000000e+00 1.600000000000000089e+00 1.230000000000000082e-04 1.490000000000000005e-03 9.999989999999999712e-01 2.647189999999999821e-01 9.643239999999999590e-01 -1.469000000000000037e-03 -9.643260000000000165e-01 2.647189999999999821e-01 -2.750000000000000166e-04
2.600000000000000000e+01 1.300000000000000000e+01 2.000000000000000000e+01 0.000000000000000000e+00 1.600000000000000089e+00 7.100000000000000462e-05 9.799999999999999684e-04 9.999989999999999712e-01 2.625000000000000111e-01 9.649309999999999832e-01 -9.650000000000000374e-04 -9.649320000000000119e-01 2.625000000000000111e-01 -1.890000000000000133e-04
2.000000000000000000e+00 3.000000000000000000e+00 2.500000000000000000e+01 0.000000000000000000e+00 1.600000000000000089e+00 -3.823000000000000009e-03 2.063000000000000164e-03 9.999909999999999632e-01 -2.155200000000000171e-02 -9.997660000000000435e-01 1.979999999999999989e-03 9.997599999999999820e-01 -2.154400000000000065e-02 3.867000000000000211e-03
7.000000000000000000e+00 3.000000000000000000e+00 2.500000000000000000e+01 0.000000000000000000e+00 1.600000000000000089e+00 -2.821999999999999856e-03 3.599999999999999901e-03 9.999900000000000455e-01 -1.740699999999999886e-02 -9.998420000000000085e-01 3.550000000000000204e-03 9.998439999999999550e-01 -1.739699999999999927e-02 2.883999999999999845e-03
1.100000000000000000e+01 3.000000000000000000e+00 2.500000000000000000e+01 0.000000000000000000e+00 1.600000000000000089e+00 2.750999999999999973e-03 8.869000000000000147e-03 9.999569999999999848e-01 -2.018199999999999855e-02 -9.997570000000000068e-01 8.921999999999999376e-03 9.997930000000000428e-01 -2.020500000000000074e-02 -2.572000000000000067e-03
2.600000000000000000e+01 3.000000000000000000e+00 2.500000000000000000e+01 0.000000000000000000e+00 1.600000000000000089e+00 -4.279999999999999950e-04 1.440600000000000040e-02 9.998960000000000070e-01 -3.221799999999999664e-02 -9.993769999999999598e-01 1.438500000000000022e-02 9.994809999999999528e-01 -3.220900000000000152e-02 8.919999999999999978e-04
1.000000000000000000e+01 4.600000000000000000e+01 2.700000000000000000e+01 0.000000000000000000e+00 1.600000000000000089e+00 1.262000000000000101e-03 6.009999999999999717e-04 -9.999989999999999712e-01 6.718039999999999567e-01 7.407280000000000530e-01 1.293000000000000095e-03 7.407280000000000530e-01 -6.718049999999999855e-01 5.310000000000000050e-04
3.000000000000000000e+00 4.600000000000000000e+01 3.000000000000000000e+01 0.000000000000000000e+00 1.600000000000000089e+00 -1.136000000000000074e-03 2.075000000000000022e-03 -9.999970000000000248e-01 3.140430000000000166e-01 9.494070000000000009e-01 1.613999999999999983e-03 9.494080000000000297e-01 -3.140399999999999858e-01 -1.730999999999999900e-03
2.800000000000000000e+01 4.600000000000000000e+01 3.000000000000000000e+01 0.000000000000000000e+00 1.600000000000000089e+00 -1.312999999999999931e-03 -1.629999999999999939e-03 -9.999980000000000535e-01 3.233559999999999768e-01 9.462749999999999773e-01 -1.966999999999999998e-03 9.462770000000000348e-01 -3.233570000000000055e-01 -7.159999999999999481e-04
3.000000000000000000e+00 5.800000000000000000e+01 3.100000000000000000e+01 0.000000000000000000e+00 1.600000000000000089e+00 -8.899999999999999491e-04 -1.358999999999999965e-03 9.999989999999999712e-01 -7.878380000000000383e-01 -6.158799999999999830e-01 -1.538000000000000088e-03 6.158810000000000118e-01 -7.878389999999999560e-01 -5.220000000000000031e-04
9.000000000000000000e+00 5.800000000000000000e+01 3.100000000000000000e+01 0.000000000000000000e+00 1.600000000000000089e+00 1.425000000000000051e-03 4.223000000000000191e-03 9.999900000000000455e-01 -7.872810000000000086e-01 -6.165829999999999922e-01 3.725000000000000012e-03 6.165920000000000289e-01 -7.872789999999999511e-01 2.445999999999999824e-03
1.500000000000000000e+01 5.800000000000000000e+01 3.100000000000000000e+01 0.000000000000000000e+00 1.600000000000000089e+00 2.110000000000000059e-04 -7.630000000000000063e-04 1.000000000000000000e+00 -7.832459999999999978e-01 -6.217120000000000424e-01 -3.099999999999999999e-04 6.217120000000000424e-01 -7.832449999999999690e-01 -7.290000000000000473e-04
2.200000000000000000e+01 5.800000000000000000e+01 3.100000000000000000e+01 0.000000000000000000e+00 1.600000000000000089e+00 3.788000000000000134e-03 4.627000000000000036e-03 9.999820000000000375e-01 -7.781409999999999716e-01 -6.280630000000000379e-01 5.853999999999999829e-03 6.280790000000000539e-01 -7.781489999999999796e-01 1.221000000000000080e-03
8.000000000000000000e+00 4.600000000000000000e+01 3.500000000000000000e+01 0.000000000000000000e+00 1.600000000000000089e+00 -3.690000000000000246e-04 2.255000000000000060e-03 -9.999970000000000248e-01 3.907880000000000242e-01 -9.204780000000000184e-01 -2.220000000000000185e-03 -9.204809999999999937e-01 -3.907880000000000242e-01 -5.419999999999999471e-04
1.100000000000000000e+01 4.600000000000000000e+01 3.500000000000000000e+01 0.000000000000000000e+00 1.600000000000000089e+00 -4.459999999999999989e-04 -1.472999999999999917e-03 -9.999989999999999712e-01 3.908300000000000107e-01 -9.204620000000000024e-01 1.182000000000000108e-03 -9.204630000000000312e-01 -3.908289999999999820e-01 9.859999999999998974e-04
1.600000000000000000e+01 4.600000000000000000e+01 3.500000000000000000e+01 0.000000000000000000e+00 1.600000000000000089e+00 6.109999999999999980e-04 7.399999999999999894e-04 -1.000000000000000000e+00 3.911800000000000277e-01 -9.203139999999999654e-01 -4.420000000000000101e-04 -9.203139999999999654e-01 -3.911789999999999989e-01 -8.520000000000000013e-04
1.900000000000000000e+01 4.600000000000000000e+01 3.500000000000000000e+01 0.000000000000000000e+00 1.600000000000000089e+00 -1.430000000000000064e-04 2.742000000000000080e-03 -9.999959999999999960e-01 3.915409999999999724e-01 -9.201570000000000027e-01 -2.579000000000000129e-03 -9.201610000000000067e-01 -3.915399999999999991e-01 -9.420000000000000205e-04
2.300000000000000000e+01 4.600000000000000000e+01 3.500000000000000000e+01 0.000000000000000000e+00 1.600000000000000089e+00 -3.330000000000000169e-04 1.999999999999999909e-06 -1.000000000000000000e+00 3.921339999999999826e-01 -9.199079999999999480e-01 -1.320000000000000101e-04 -9.199079999999999480e-01 -3.921339999999999826e-01 3.060000000000000111e-04
2.800000000000000000e+01 4.600000000000000000e+01 3.500000000000000000e+01 0.000000000000000000e+00 1.600000000000000089e+00 -5.000000000000000409e-06 1.994000000000000113e-03 -9.999980000000000535e-01 3.928229999999999777e-01 -9.196119999999999850e-01 -1.835000000000000043e-03 -9.196140000000000425e-01 -3.928220000000000045e-01 -7.789999999999999616e-04
9.000000000000000000e+00 3.000000000000000000e+00 4.300000000000000000e+01 0.000000000000000000e+00 1.600000000000000089e+00 -1.230000000000000082e-04 -9.750999999999999251e-03 -9.999519999999999520e-01 7.408460000000000045e-01 -6.716440000000000188e-01 6.458000000000000199e-03 -6.716750000000000220e-01 -7.408099999999999685e-01 7.305999999999999994e-03
1.500000000000000000e+01 3.000000000000000000e+00 4.300000000000000000e+01 0.000000000000000000e+00 1.600000000000000089e+00 -1.081400000000000070e-02 -2.792299999999999990e-02 -9.995519999999999960e-01 7.361830000000000318e-01 -6.766940000000000177e-01 1.093900000000000081e-02 -6.766959999999999642e-01 -7.357350000000000279e-01 2.787399999999999947e-02
1.900000000000000000e+01 3.000000000000000000e+00 4.300000000000000000e+01 0.000000000000000000e+00 1.600000000000000089e+00 2.059999999999999928e-04 -3.480599999999999666e-02 -9.993940000000000046e-01 7.339379999999999793e-01 -6.787999999999999590e-01 2.379200000000000065e-02 -6.792169999999999597e-01 -7.334979999999999833e-01 2.540500000000000050e-02
2.500000000000000000e+01 3.000000000000000000e+00 4.300000000000000000e+01 0.000000000000000000e+00 1.600000000000000089e+00 -2.897999999999999968e-03 -3.736000000000000171e-03 -9.999890000000000168e-01 7.372229999999999617e-01 -6.756499999999999728e-01 3.869999999999999742e-04 -6.756440000000000223e-01 -7.372130000000000072e-01 4.712000000000000043e-03
2.000000000000000000e+00 2.900000000000000000e+01 4.400000000000000000e+01 0.000000000000000000e+00 1.600000000000000089e+00 1.296000000000000060e-03 1.029999999999999964e-04 -9.999989999999999712e-01 6.550139999999999851e-01 7.556159999999999544e-01 9.269999999999999811e-04 7.556150000000000366e-01 -6.550150000000000139e-01 9.120000000000000502e-04
7.000000000000000000e+00 2.900000000000000000e+01 4.400000000000000000e+01 0.000000000000000000e+00 1.600000000000000089e+00 6.620000000000000450e-04 -1.546999999999999981e-03 -9.999989999999999712e-01 6.510610000000000008e-01 7.590249999999999497e-01 -7.429999999999999539e-04 7.590249999999999497e-01 -6.510599999999999721e-01 1.508999999999999925e-03
1.400000000000000000e+01 2.900000000000000000e+01 4.400000000000000000e+01 0.000000000000000000e+00 1.600000000000000089e+00 -2.259999999999999910e-04 1.827000000000000065e-03 -9.999980000000000535e-01 6.481289999999999552e-01 7.615300000000000402e-01 1.245000000000000013e-03 7.615309999999999580e-01 -6.481270000000000087e-01 -1.356000000000000000e-03
2.200000000000000000e+01 2.900000000000000000e+01 4.400000000000000000e+01 0.000000000000000000e+00 1.600000000000000089e+00 -2.348999999999999960e-03 1.655999999999999920e-03 -9.999959999999999960e-01 6.506960000000000521e-01 7.593379999999999574e-01 -2.709999999999999735e-04 7.593349999999999822e-01 -6.506939999999999946e-01 -2.860999999999999828e-03
2.800000000000000000e+01 2.900000000000000000e+01 4.400000000000000000e+01 0.000000000000000000e+00 1.600000000000000089e+00 -2.442999999999999859e-03 2.178999999999999947e-03 -9.999949999999999672e-01 6.577920000000000433e-01 7.531999999999999806e-01 3.399999999999999973e-05 7.531959999999999766e-01 -6.577880000000000393e-01 -3.272999999999999868e-03
2.000000000000000000e+00 6.500000000000000000e+01 4.600000000000000000e+01 0.000000000000000000e+00 1.600000000000000089e+00 1.312999999999999931e-03 -4.419000000000000185e-03 9.999890000000000168e-01 6.794639999999999569e-01 -7.336970000000000436e-01 -4.133999999999999654e-03 7.337080000000000268e-01 6.794620000000000104e-01 2.039000000000000014e-03
1.200000000000000000e+01 6.500000000000000000e+01 4.600000000000000000e+01 0.000000000000000000e+00 1.600000000000000089e+00 8.670000000000000406e-04 -4.211000000000000333e-03 9.999909999999999632e-01 6.820349999999999469e-01 -7.313100000000000156e-01 -3.670999999999999784e-03 7.313190000000000524e-01 6.820319999999999716e-01 2.237999999999999972e-03
1.000000000000000000e+01 7.000000000000000000e+01 4.700000000000000000e+01 0.000000000000000000e+00 1.600000000000000089e+00 -5.320000000000000293e-04 5.339999999999999695e-04 -1.000000000000000000e+00 -8.428330000000000544e-01 -5.381749999999999590e-01 1.610000000000000103e-04 -5.381749999999999590e-01 8.428330000000000544e-01 7.370000000000000249e-04
2.200000000000000000e+01 7.000000000000000000e+01 4.700000000000000000e+01 0.000000000000000000e+00 1.600000000000000089e+00 -8.509999999999999769e-04 -2.550999999999999882e-03 -9.999959999999999960e-01 -8.437240000000000295e-01 -5.367729999999999446e-01 2.086999999999999880e-03 -5.367760000000000309e-01 8.437230000000000008e-01 -1.694999999999999892e-03
3.000000000000000000e+00 5.000000000000000000e+00 5.100000000000000000e+01 0.000000000000000000e+00 1.600000000000000089e+00 1.007000000000000083e-03 1.002199999999999966e-02 -9.999489999999999768e-01 4.796579999999999733e-01 -8.774159999999999737e-01 -8.311000000000000679e-03 -8.774549999999999850e-01 -4.796250000000000235e-01 -5.689999999999999745e-03
1.100000000000000000e+01 5.000000000000000000e+00 5.100000000000000000e+01 0.000000000000000000e+00 1.600000000000000089e+00 7.010000000000000172e-04 -3.181999999999999933e-03 -9.999949999999999672e-01 4.724249999999999838e-01 -8.813649999999999540e-01 3.135999999999999899e-03 -8.813699999999999868e-01 -4.724249999999999838e-01 8.859999999999999603e-04
1.700000000000000000e+01 5.000000000000000000e+00 5.100000000000000000e+01 0.000000000000000000e+00 1.600000000000000089e+00 -5.683999999999999816e-03 -1.337999999999999953e-02 -9.998939999999999495e-01 4.825760000000000050e-01 -8.758080000000000309e-01 8.977000000000000604e-03 -8.758359999999999479e-01 -4.824740000000000140e-01 1.143500000000000072e-02
2.200000000000000000e+01 5.000000000000000000e+00 5.100000000000000000e+01 0.000000000000000000e+00 1.600000000000000089e+00 -2.488999999999999893e-03 -2.701999999999999975e-03 -9.999930000000000208e-01 4.858279999999999821e-01 -8.740539999999999976e-01 1.152000000000000029e-03 -8.740510000000000224e-01 -4.858219999999999761e-01 3.488000000000000215e-03
2.600000000000000000e+01 5.000000000000000000e+00 5.100000000000000000e+01 0.000000000000000000e+00 1.600000000000000089e+00 -1.177000000000000095e-03 4.253999999999999969e-03 -9.999900000000000455e-01 4.899749999999999939e-01 -8.717260000000000009e-01 -4.284999999999999747e-03 -8.717359999999999554e-01 -4.899749999999999939e-01 -1.059000000000000045e-03
3.000000000000000000e+00 7.000000000000000000e+00 5.200000000000000000e+01 0.000000000000000000e+00 1.600000000000000089e+00 1.737999999999999962e-03 3.347000000000000149e-03 -9.999930000000000208e-01 1.198860000000000064e-01 -9.927829999999999711e-01 -3.114000000000000015e-03 -9.927859999999999463e-01 -1.198800000000000004e-01 -2.126999999999999984e-03
8.000000000000000000e+00 7.000000000000000000e+00 5.200000000000000000e+01 0.000000000000000000e+00 1.600000000000000089e+00 -5.940000000000000184e-04 4.600000000000000004e-05 -1.000000000000000000e+00 9.956800000000000372e-02 -9.950309999999999988e-01 -1.050000000000000044e-04 -9.950309999999999988e-01 -9.956800000000000372e-02 5.869999999999999567e-04
2.200000000000000000e+01 7.000000000000000000e+00 5.200000000000000000e+01 0.000000000000000000e+00 1.600000000000000089e+00 -2.775999999999999822e-03 -8.700000000000000051e-04 -9.999959999999999960e-01 1.148949999999999971e-01 -9.933779999999999832e-01 5.450000000000000200e-04 -9.933739999999999792e-01 -1.148929999999999951e-01 2.857000000000000164e-03
4.000000000000000000e+00 6.300000000000000000e+01 5.400000000000000000e+01 0.000000000000000000e+00 1.600000000000000089e+00 -1.002999999999999985e-03 -6.899999999999999667e-05 1.000000000000000000e+00 -3.436589999999999923e-01 9.390939999999999843e-01 -2.799999999999999755e-04 -9.390939999999999843e-01 -3.436600000000000210e-01 -9.659999999999999533e-04
1.400000000000000000e+01 6.300000000000000000e+01 5.400000000000000000e+01 0.000000000000000000e+00 1.600000000000000089e+00 1.420000000000000038e-03 2.456999999999999983e-03 9.999959999999999960e-01 -3.310239999999999849e-01 9.436200000000000143e-01 -1.848000000000000033e-03 -9.436210000000000431e-01 -3.310199999999999809e-01 2.152999999999999966e-03
2.000000000000000000e+01 6.300000000000000000e+01 5.400000000000000000e+01 0.000000000000000000e+00 1.600000000000000089e+00 -1.998999999999999909e-03 -4.769999999999999934e-04 9.999980000000000535e-01 -3.352089999999999792e-01 9.421439999999999815e-01 -2.200000000000000078e-04 -9.421410000000000062e-01 -3.352089999999999792e-01 -2.043000000000000111e-03
2.500000000000000000e+01 6.300000000000000000e+01 5.400000000000000000e+01 0.000000000000000000e+00 1.600000000000000089e+00 -1.463000000000000108e-03 -3.625000000000000184e-03 9.999919999999999920e-01 -3.460260000000000002e-01 9.382200000000000539e-01 2.893999999999999871e-03 -9.382239999999999469e-01 -3.460190000000000210e-01 -2.626999999999999995e-03
7.000000000000000000e+00 2.500000000000000000e+01 5.500000000000000000e+01 0.000000000000000000e+00 1.600000000000000089e+00 1.827000000000000065e-03 8.554000000000000839e-03 -9.999620000000000175e-01 -1.111400000000000061e-02 -9.999010000000000398e-01 -8.574000000000000024e-03 -9.999369999999999647e-01 1.112999999999999927e-02 -1.732000000000000033e-03
1.800000000000000000e+01 2.500000000000000000e+01 5.500000000000000000e+01 0.000000000000000000e+00 1.600000000000000089e+00 -1.118000000000000070e-03 -1.257000000000000088e-03 -9.999989999999999712e-01 -9.409000000000000696e-03 -9.999550000000000383e-01 1.266999999999999897e-03 -9.999550000000000383e-01 9.409999999999999962e-03 1.105999999999999995e-03
5.000000000000000000e+00 2.100000000000000000e+01 6.000000000000000000e+01 0.000000000000000000e+00 1.600000000000000089e+00 2.181999999999999912e-03 -1.699200000000000016e-02 9.998529999999999918e-01 -9.375000000000000000e-02 9.954490000000000283e-01 1.712100000000000080e-02 -9.955929999999999502e-01 -9.377399999999999625e-02 5.800000000000000034e-04
9.000000000000000000e+00 2.100000000000000000e+01 6.000000000000000000e+01 0.000000000000000000e+00 1.600000000000000089e+00 -2.539999999999999940e-04 -9.039000000000000160e-03 9.999590000000000423e-01 -9.060899999999999510e-02 9.958460000000000090e-01 8.978999999999999135e-03 -9.958869999999999667e-01 -9.060300000000000298e-02 -1.072000000000000036e-03
1.300000000000000000e+01 2.100000000000000000e+01 6.000000000000000000e+01 0.000000000000000000e+00 1.600000000000000089e+00 -1.716999999999999993e-03 -3.089999999999999756e-04 9.999989999999999712e-01 -8.935800000000000687e-02 9.959999999999999964e-01 1.540000000000000028e-04 -9.959980000000000500e-01 -8.935800000000000687e-02 -1.737999999999999962e-03
1.900000000000000000e+01 2.100000000000000000e+01 6.000000000000000000e+01 0.000000000000000000e+00 1.600000000000000089e+00 1.400999999999999902e-03 1.099999999999999936e-02 9.999379999999999935e-01 -8.982900000000000607e-02 9.958979999999999499e-01 -1.082999999999999935e-02 -9.959559999999999524e-01 -8.980799999999999894e-02 2.383000000000000135e-03
2.300000000000000000e+01 2.100000000000000000e+01 6.000000000000000000e+01 0.000000000000000000e+00 1.600000000000000089e+00 8.018000000000000821e-03 -6.684999999999999970e-03 9.999449999999999728e-01 -9.233099999999999641e-02 9.957009999999999472e-01 7.396999999999999929e-03 -9.956960000000000255e-01 -9.238499999999999490e-02 7.367000000000000284e-03
3.000000000000000000e+01 2.100000000000000000e+01 6.000000000000000000e+01 0.000000000000000000e+00 1.600000000000000089e+00 -4.235000000000000049e-03 7.611999999999999843e-03 9.999620000000000175e-01 -9.337900000000000367e-02 9.955990000000000117e-01 -7.974000000000000185e-03 -9.956220000000000070e-01 -9.340900000000000591e-02 -3.506000000000000002e-03
1.700000000000000000e+01 3.000000000000000000e+00 6.300000000000000000e+01 0.000000000000000000e+00 1.600000000000000089e+00 -1.188999999999999953e-03 -8.776000000000000814e-03 9.999609999999999888e-01 -6.144190000000000484e-01 7.889559999999999906e-01 6.193999999999999853e-03 -7.889789999999999859e-01 -6.143870000000000164e-01 -6.329999999999999689e-03
3.000000000000000000e+00 2.700000000000000000e+01 6.300000000000000000e+01 0.000000000000000000e+00 1.600000000000000089e+00 1.752000000000000085e-03 -1.688000000000000047e-03 9.999970000000000248e-01 -2.709099999999999842e-01 9.626019999999999577e-01 2.099000000000000171e-03 -9.626029999999999864e-01 -2.709130000000000149e-01 1.229000000000000058e-03
9.000000000000000000e+00 2.700000000000000000e+01 6.300000000000000000e+01 0.000000000000000000e+00 1.600000000000000089e+00 3.105999999999999820e-03 8.961000000000000215e-03 9.999550000000000383e-01 -2.679699999999999860e-01 9.633960000000000301e-01 -7.800999999999999775e-03 -9.634220000000000006e-01 -2.679340000000000055e-01 5.393000000000000224e-03
1.300000000000000000e+01 2.700000000000000000e+01 6.300000000000000000e+01 0.000000000000000000e+00 1.600000000000000089e+00 -2.318999999999999881e-03 -6.165999999999999606e-03 9.999780000000000335e-01 -2.658510000000000040e-01 9.639999999999999680e-01 5.327000000000000138e-03 -9.640109999999999513e-01 -2.658320000000000127e-01 -3.874999999999999972e-03
2.100000000000000000e+01 2.700000000000000000e+01 6.300000000000000000e+01 0.000000000000000000e+00 1.600000000000000089e+00 1.224000000000000045e-03 -4.337999999999999842e-03 9.999900000000000455e-01 -2.736520000000000064e-01 9.618179999999999508e-01 4.507999999999999854e-03 -9.618280000000000163e-01 -2.736549999999999816e-01 -1.000000000000000082e-05
2.600000000000000000e+01 2.700000000000000000e+01 6.300000000000000000e+01 0.000000000000000000e+00 1.600000000000000089e+00 -1.539999999999999919e-03 -4.519999999999999821e-04 9.999989999999999712e-01 -2.825230000000000241e-01 9.592610000000000303e-01 -9.999999999999999547e-07 -9.592589999999999728e-01 -2.825219999999999954e-01 -1.605000000000000090e-03
4.000000000000000000e+00 2.600000000000000000e+01 6.400000000000000000e+01 0.000000000000000000e+00 1.600000000000000089e+00 2.099000000000000171e-03 4.400000000000000157e-04 9.999980000000000535e-01 -3.506440000000000112e-01 9.365090000000000359e-01 3.240000000000000150e-04 -9.365069999999999784e-01 -3.506440000000000112e-01 2.119999999999999923e-03
8.000000000000000000e+00 2.600000000000000000e+01 6.400000000000000000e+01 0.000000000000000000e+00 1.600000000000000089e+00 1.453000000000000081e-03 6.429999999999999952e-03 9.999780000000000335e-01 -3.490570000000000062e-01 9.370849999999999458e-01 -5.518999999999999601e-03 -9.371000000000000441e-01 -3.490420000000000189e-01 3.605999999999999830e-03
1.200000000000000000e+01 2.600000000000000000e+01 6.400000000000000000e+01 0.000000000000000000e+00 1.600000000000000089e+00 -3.490000000000000263e-04 -4.714000000000000308e-03 9.999890000000000168e-01 -3.468860000000000277e-01 9.378969999999999807e-01 4.300000000000000003e-03 -9.379070000000000462e-01 -3.468809999999999949e-01 -1.962000000000000202e-03
1.700000000000000000e+01 2.600000000000000000e+01 6.400000000000000000e+01 0.000000000000000000e+00 1.600000000000000089e+00 5.710000000000000015e-04 -1.342899999999999996e-02 9.999099999999999655e-01 -3.541119999999999823e-01 9.351159999999999473e-01 1.276099999999999977e-02 -9.352030000000000065e-01 -3.540869999999999851e-01 -4.220999999999999926e-03
2.600000000000000000e+01 2.600000000000000000e+01 6.400000000000000000e+01 0.000000000000000000e+00 1.600000000000000089e+00 -1.111000000000000008e-03 2.024999999999999890e-03 9.999970000000000248e-01 -3.669390000000000152e-01 9.302420000000000133e-01 -2.292000000000000200e-03 -9.302439999999999598e-01 -3.669410000000000172e-01 -2.900000000000000017e-04
2.000000000000000000e+00 6.900000000000000000e+01 6.600000000000000000e+01 0.000000000000000000e+00 1.600000000000000089e+00 5.956000000000000356e-03 -4.096999999999999947e-03 9.999740000000000295e-01 -9.487689999999999735e-01 3.158940000000000081e-01 6.944999999999999785e-03 -3.159139999999999726e-01 -9.487860000000000182e-01 -2.005999999999999971e-03
3.000000000000000000e+00 2.500000000000000000e+01 7.300000000000000000e+01 0.000000000000000000e+00 1.600000000000000089e+00 -3.579000000000000150e-03 -6.531000000000000347e-03 9.999719999999999720e-01 7.453469999999999818e-01 -6.666739999999999888e-01 -1.686999999999999915e-03 6.666670000000000096e-01 7.453210000000000113e-01 7.254000000000000031e-03
8.000000000000000000e+00 2.500000000000000000e+01 7.300000000000000000e+01 0.000000000000000000e+00 1.600000000000000089e+00 3.943000000000000324e-03 1.494000000000000102e-03 9.999909999999999632e-01 7.503140000000000365e-01 -6.610789999999999722e-01 -1.971000000000000096e-03 6.610700000000000465e-01 7.503149999999999542e-01 -3.727999999999999977e-03
1.400000000000000000e+01 2.500000000000000000e+01 7.300000000000000000e+01 0.000000000000000000e+00 1.600000000000000089e+00 -3.436999999999999951e-03 8.045000000000000068e-03 9.999620000000000175e-01 7.535450000000000204e-01 -6.573489999999999611e-01 7.879000000000000586e-03 6.573870000000000546e-01 7.535439999999999916e-01 -3.802999999999999957e-03
1.900000000000000000e+01 2.500000000000000000e+01 7.300000000000000000e+01 0.000000000000000000e+00 1.600000000000000089e+00 -1.268000000000000030e-03 -7.012000000000000004e-03 9.999749999999999472e-01 7.445800000000000196e-01 -6.675229999999999775e-01 -3.736000000000000171e-03 6.675320000000000142e-01 7.445559999999999956e-01 6.067999999999999609e-03
2.500000000000000000e+01 2.500000000000000000e+01 7.300000000000000000e+01 0.000000000000000000e+00 1.600000000000000089e+00 5.392000000000000091e-03 2.377000000000000206e-03 9.999829999999999552e-01 7.504009999999999847e-01 -6.609789999999999832e-01 -2.474000000000000071e-03 6.609610000000000207e-01 7.504009999999999847e-01 -5.348000000000000323e-03
2.800000000000000000e+01 2.500000000000000000e+01 7.300000000000000000e+01 0.000000000000000000e+00 1.600000000000000089e+00 7.078000000000000090e-03 1.361999999999999929e-03 9.999740000000000295e-01 7.562159999999999993e-01 -6.543069999999999720e-01 -4.461999999999999821e-03 6.542839999999999767e-01 7.562280000000000113e-01 -5.661000000000000233e-03
3.000000000000000000e+00 4.400000000000000000e+01 7.300000000000000000e+01 0.000000000000000000e+00 1.600000000000000089e+00 1.399999999999999979e-05 -5.590000000000000351e-04 1.000000000000000000e+00 4.719000000000000278e-02 -9.988860000000000516e-01 -5.590000000000000351e-04 9.988860000000000516e-01 4.719000000000000278e-02 1.200000000000000030e-05
6.000000000000000000e+00 4.400000000000000000e+01 7.300000000000000000e+01 0.000000000000000000e+00 1.600000000000000089e+00 -1.039999999999999936e-04 -1.763999999999999943e-03 9.999980000000000535e-01 4.611200000000000021e-02 -9.989350000000000174e-01 -1.757000000000000098e-03 9.989360000000000461e-01 4.611200000000000021e-02 1.849999999999999973e-04
1.000000000000000000e+01 4.400000000000000000e+01 7.300000000000000000e+01 0.000000000000000000e+00 1.600000000000000089e+00 2.779999999999999919e-03 -1.327000000000000055e-03 9.999949999999999672e-01 4.635299999999999837e-02 -9.989240000000000341e-01 -1.453999999999999997e-03 9.989209999999999479e-01 4.635700000000000237e-02 -2.716000000000000098e-03
