7.000000000000000000e+00 2.500000000000000000e+01 1.000000000000000000e+00 0.000000000000000000e+00 1.600000000000000089e+00 8.360000000000000460e-04 -9.244999999999999746e-03 -9.999569999999999848e-01 -5.268089999999999717e-01 -8.499510000000000121e-01 7.418000000000000115e-03 -8.499830000000000441e-01 5.267800000000000260e-01 -5.582000000000000156e-03
2.900000000000000000e+01 2.500000000000000000e+01 1.000000000000000000e+00 0.000000000000000000e+00 1.600000000000000089e+00 -1.835000000000000043e-03 -1.186899999999999934e-02 -9.999280000000000390e-01 -5.282949999999999591e-01 -8.489889999999999937e-01 1.104699999999999953e-02 -8.490590000000000082e-01 5.282769999999999966e-01 -4.712000000000000043e-03
3.000000000000000000e+00 1.500000000000000000e+01 4.000000000000000000e+00 0.000000000000000000e+00 1.600000000000000089e+00 -6.949999999999999798e-04 5.357999999999999916e-03 9.999850000000000128e-01 3.248010000000000064e-01 -9.457680000000000531e-01 5.292999999999999962e-03 9.457820000000000116e-01 3.247999999999999776e-01 -1.082999999999999978e-03
1.000000000000000000e+01 1.500000000000000000e+01 4.000000000000000000e+00 0.000000000000000000e+00 1.600000000000000089e+00 2.626999999999999995e-03 1.077499999999999986e-02 9.999390000000000223e-01 3.200720000000000232e-01 -9.473470000000000502e-01 9.367999999999999591e-03 9.473899999999999544e-01 3.200279999999999792e-01 -5.936999999999999569e-03
1.700000000000000000e+01 1.500000000000000000e+01 4.000000000000000000e+00 0.000000000000000000e+00 1.600000000000000089e+00 -6.780000000000000002e-04 -2.722000000000000027e-03 9.999959999999999960e-01 3.266169999999999907e-01 -9.451540000000000497e-01 -2.350999999999999791e-03 9.451570000000000249e-01 3.266140000000000154e-01 1.529999999999999893e-03
2.200000000000000000e+01 1.500000000000000000e+01 4.000000000000000000e+00 0.000000000000000000e+00 1.600000000000000089e+00 -1.069999999999999988e-04 -6.588000000000000106e-03 9.999780000000000335e-01 3.198170000000000179e-01 -9.474590000000000511e-01 -6.207999999999999977e-03 9.474789999999999601e-01 3.198090000000000099e-01 2.209000000000000026e-03
2.700000000000000000e+01 1.500000000000000000e+01 4.000000000000000000e+00 0.000000000000000000e+00 1.600000000000000089e+00 1.446000000000000020e-03 -2.912000000000000092e-03 9.999949999999999672e-01 3.141630000000000256e-01 -9.493639999999999857e-01 -3.219000000000000073e-03 9.493679999999999897e-01 3.141660000000000008e-01 -4.580000000000000195e-04
2.900000000000000000e+01 1.600000000000000000e+01 4.000000000000000000e+00 0.000000000000000000e+00 1.600000000000000089e+00 1.618999999999999996e-03 -1.044999999999999922e-03 9.999980000000000535e-01 3.886720000000000175e-01 -9.213750000000000551e-01 -1.592000000000000099e-03 9.213750000000000551e-01 3.886740000000000195e-01 -1.085000000000000027e-03
5.000000000000000000e+00 1.010000000000000000e+02 7.000000000000000000e+00 0.000000000000000000e+00 1.600000000000000089e+00 5.840999999999999838e-03 -1.770400000000000099e-02 9.998259999999999925e-01 8.905969999999999720e-01 4.547840000000000216e-01 2.850000000000000103e-03 -4.547559999999999936e-01 8.904260000000000508e-01 1.842299999999999841e-02
9.000000000000000000e+00 1.010000000000000000e+02 7.000000000000000000e+00 0.000000000000000000e+00 1.600000000000000089e+00 -1.291000000000000047e-03 1.358400000000000059e-02 9.999069999999999903e-01 8.919089999999999518e-01 4.521879999999999789e-01 -4.990999999999999777e-03 -4.522140000000000049e-01 8.918190000000000284e-01 -1.269900000000000022e-02
2.400000000000000000e+01 1.010000000000000000e+02 7.000000000000000000e+00 0.000000000000000000e+00 1.600000000000000089e+00 1.263599999999999966e-02 -1.547899999999999970e-02 9.998000000000000220e-01 8.710210000000000452e-01 4.912349999999999772e-01 -3.403000000000000209e-03 -4.910840000000000205e-01 8.708900000000000530e-01 1.968900000000000164e-02
4.000000000000000000e+00 2.500000000000000000e+01 8.000000000000000000e+00 0.000000000000000000e+00 1.600000000000000089e+00 -4.550000000000000008e-04 -5.715999999999999727e-03 -9.999829999999999552e-01 4.482349999999999945e-01 8.939000000000000279e-01 -5.314000000000000147e-03 8.939150000000000151e-01 -4.482300000000000173e-01 2.155999999999999930e-03
1.100000000000000000e+01 2.500000000000000000e+01 8.000000000000000000e+00 0.000000000000000000e+00 1.600000000000000089e+00 -1.647999999999999942e-03 -3.400999999999999943e-03 -9.999930000000000208e-01 4.514460000000000139e-01 8.922909999999999453e-01 -3.778999999999999807e-03 8.922970000000000068e-01 -4.514489999999999892e-01 6.499999999999999431e-05
1.900000000000000000e+01 2.500000000000000000e+01 8.000000000000000000e+00 0.000000000000000000e+00 1.600000000000000089e+00 2.086999999999999880e-03 8.640999999999999376e-03 -9.999599999999999600e-01 4.512880000000000225e-01 8.923360000000000181e-01 8.652999999999999234e-03 8.923759999999999470e-01 -4.512880000000000225e-01 -2.037999999999999881e-03
2.900000000000000000e+01 2.500000000000000000e+01 8.000000000000000000e+00 0.000000000000000000e+00 1.600000000000000089e+00 -1.157999999999999958e-03 1.063799999999999989e-02 -9.999430000000000263e-01 4.529309999999999725e-01 8.914999999999999591e-01 8.959999999999999215e-03 8.915450000000000319e-01 -4.528949999999999920e-01 -5.851000000000000298e-03
2.000000000000000000e+00 2.400000000000000000e+01 9.000000000000000000e+00 0.000000000000000000e+00 1.600000000000000089e+00 3.719999999999999891e-04 -4.106000000000000275e-03 -9.999909999999999632e-01 4.519070000000000031e-01 8.920580000000000176e-01 -3.494999999999999843e-03 8.920649999999999968e-01 -4.519020000000000259e-01 2.187999999999999841e-03
4.000000000000000000e+00 2.400000000000000000e+01 9.000000000000000000e+00 0.000000000000000000e+00 1.600000000000000089e+00 -9.890000000000000787e-04 -7.105000000000000204e-03 -9.999740000000000295e-01 4.522559999999999913e-01 8.918629999999999614e-01 -6.785000000000000232e-03 8.918880000000000141e-01 -4.522510000000000141e-01 2.331000000000000173e-03
1.000000000000000000e+01 2.400000000000000000e+01 9.000000000000000000e+00 0.000000000000000000e+00 1.600000000000000089e+00 -1.773999999999999969e-03 -3.559999999999999797e-04 -9.999980000000000535e-01 4.547950000000000048e-01 8.905950000000000255e-01 -1.123999999999999999e-03 8.905939999999999968e-01 -4.547970000000000068e-01 -1.417999999999999990e-03
1.900000000000000000e+01 2.400000000000000000e+01 9.000000000000000000e+00 0.000000000000000000e+00 1.600000000000000089e+00 1.935000000000000088e-03 7.400000000000000328e-03 -9.999710000000000543e-01 4.551709999999999923e-01 8.903729999999999700e-01 7.470000000000000077e-03 8.904020000000000268e-01 -4.551720000000000210e-01 -1.644999999999999978e-03
2.300000000000000000e+01 2.400000000000000000e+01 9.000000000000000000e+00 0.000000000000000000e+00 1.600000000000000089e+00 1.440000000000000036e-04 7.815000000000000765e-03 -9.999689999999999968e-01 4.551459999999999950e-01 8.903889999999999860e-01 7.023999999999999862e-03 8.904170000000000140e-01 -4.551330000000000098e-01 -3.429000000000000190e-03
2.900000000000000000e+01 2.400000000000000000e+01 9.000000000000000000e+00 0.000000000000000000e+00 1.600000000000000089e+00 -1.827000000000000065e-03 1.078400000000000018e-02 -9.999400000000000510e-01 4.569619999999999793e-01 8.894429999999999836e-01 8.756999999999999160e-03 8.894840000000000524e-01 -4.569190000000000196e-01 -6.552999999999999797e-03
9.000000000000000000e+00 4.000000000000000000e+00 1.100000000000000000e+01 0.000000000000000000e+00 1.600000000000000089e+00 -4.279899999999999677e-02 7.883800000000000530e-02 -9.959679999999999644e-01 1.550829999999999986e-01 9.853229999999999489e-01 7.133100000000000551e-02 9.869740000000000180e-01 -1.514050000000000118e-01 -5.439700000000000091e-02
1.500000000000000000e+01 4.000000000000000000e+00 1.100000000000000000e+01 0.000000000000000000e+00 1.600000000000000089e+00 -6.235000000000000091e-03 -2.462500000000000105e-02 -9.996770000000000378e-01 2.400380000000000014e-01 9.704310000000000436e-01 -2.540099999999999997e-02 9.707440000000000513e-01 -2.401189999999999991e-01 -1.399999999999999877e-04
2.200000000000000000e+01 4.000000000000000000e+00 1.100000000000000000e+01 0.000000000000000000e+00 1.600000000000000089e+00 7.365000000000000019e-03 3.797899999999999887e-02 -9.992510000000000003e-01 2.370430000000000037e-01 9.707299999999999818e-01 3.864200000000000274e-02 9.714709999999999734e-01 -2.371499999999999997e-01 -1.853000000000000046e-03
2.900000000000000000e+01 4.000000000000000000e+00 1.100000000000000000e+01 0.000000000000000000e+00 1.600000000000000089e+00 6.688999999999999634e-03 6.566500000000000115e-02 -9.978190000000000115e-01 1.984140000000000070e-01 9.779149999999999787e-01 6.568499999999999339e-02 9.800959999999999672e-01 -1.984200000000000130e-01 -6.487999999999999844e-03
9.000000000000000000e+00 3.100000000000000000e+01 1.200000000000000000e+01 0.000000000000000000e+00 1.600000000000000089e+00 -2.544999999999999953e-03 -1.516999999999999946e-02 9.998820000000000485e-01 -1.247999999999999977e-02 9.998080000000000300e-01 1.513699999999999941e-02 -9.999190000000000023e-01 -1.243999999999999967e-02 -2.733999999999999885e-03
7.000000000000000000e+00 3.500000000000000000e+01 1.200000000000000000e+01 0.000000000000000000e+00 1.600000000000000089e+00 5.251999999999999724e-03 -5.925999999999999844e-03 -9.999689999999999968e-01 5.004210000000000047e-01 -8.657479999999999620e-01 7.759000000000000272e-03 -8.657669999999999533e-01 -5.004459999999999464e-01 -1.582000000000000073e-03
2.100000000000000000e+01 3.500000000000000000e+01 1.200000000000000000e+01 0.000000000000000000e+00 1.600000000000000089e+00 -8.120000000000000048e-04 6.882000000000000096e-03 -9.999759999999999760e-01 4.488099999999999867e-01 -8.936030000000000362e-01 -6.513999999999999825e-03 -8.936269999999999492e-01 -4.488050000000000095e-01 -2.364000000000000216e-03
3.000000000000000000e+01 3.500000000000000000e+01 1.200000000000000000e+01 0.000000000000000000e+00 1.600000000000000089e+00 5.274000000000000042e-03 -2.501000000000000185e-03 -9.999829999999999552e-01 4.656680000000000264e-01 -8.849470000000000391e-01 4.669000000000000407e-03 -8.849439999999999529e-01 -4.656839999999999868e-01 -3.503000000000000037e-03
4.000000000000000000e+00 3.200000000000000000e+01 1.400000000000000000e+01 0.000000000000000000e+00 1.600000000000000089e+00 6.949999999999999798e-04 3.372800000000000104e-02 -9.994309999999999583e-01 1.040539999999999937e-01 9.940029999999999699e-01 3.361700000000000105e-02 9.945709999999999829e-01 -1.040179999999999993e-01 -2.818999999999999891e-03
1.000000000000000000e+01 3.200000000000000000e+01 1.400000000000000000e+01 0.000000000000000000e+00 1.600000000000000089e+00 -6.639999999999999852e-04 -2.244399999999999867e-02 -9.997479999999999700e-01 1.067469999999999947e-01 9.940339999999999732e-01 -2.238700000000000065e-02 9.942860000000000031e-01 -1.067349999999999965e-01 1.735999999999999913e-03
1.000000000000000000e+01 1.200000000000000000e+01 1.500000000000000000e+01 0.000000000000000000e+00 1.600000000000000089e+00 1.855000000000000095e-03 6.623999999999999680e-03 -9.999759999999999760e-01 -4.798450000000000215e-01 -8.773279999999999967e-01 -6.701999999999999624e-03 -8.773509999999999920e-01 4.798459999999999948e-01 1.551000000000000078e-03
1.200000000000000000e+01 2.000000000000000000e+00 1.900000000000000000e+01 0.000000000000000000e+00 1.600000000000000089e+00 -1.631099999999999911e-02 2.570300000000000015e-02 -9.995370000000000088e-01 2.316410000000000136e-01 -9.723749999999999893e-01 -2.878400000000000056e-02 -9.726650000000000018e-01 -2.320029999999999870e-01 9.905999999999999875e-03
1.700000000000000000e+01 2.000000000000000000e+00 1.900000000000000000e+01 0.000000000000000000e+00 1.600000000000000089e+00 -3.233999999999999896e-03 2.835999999999999979e-03 -9.999909999999999632e-01 2.155030000000000001e-01 -9.764969999999999484e-01 -3.467000000000000030e-03 -9.764979999999999771e-01 -2.155120000000000091e-01 2.546999999999999785e-03
2.000000000000000000e+01 2.000000000000000000e+00 1.900000000000000000e+01 0.000000000000000000e+00 1.600000000000000089e+00 -7.200000000000000182e-05 5.206999999999999823e-03 -9.999860000000000415e-01 2.146260000000000112e-01 -9.766829999999999679e-01 -5.100999999999999632e-03 -9.766960000000000086e-01 -2.146240000000000092e-01 -1.046999999999999971e-03
2.800000000000000000e+01 2.000000000000000000e+00 1.900000000000000000e+01 0.000000000000000000e+00 1.600000000000000089e+00 5.590999999999999616e-03 -1.568800000000000056e-02 -9.998609999999999998e-01 1.996960000000000124e-01 -9.797190000000000065e-01 1.648799999999999918e-02 -9.798419999999999908e-01 -1.997609999999999941e-01 -2.344999999999999862e-03
8.000000000000000000e+00 3.000000000000000000e+00 1.900000000000000000e+01 0.000000000000000000e+00 1.600000000000000089e+00 2.099399999999999877e-02 4.017400000000000138e-02 -9.989719999999999711e-01 2.493819999999999926e-01 -9.678189999999999849e-01 -3.368000000000000160e-02 -9.681769999999999543e-01 -2.484190000000000009e-01 -3.033699999999999938e-02
2.000000000000000000e+00 4.000000000000000000e+00 2.000000000000000000e+01 0.000000000000000000e+00 1.600000000000000089e+00 1.830999999999999945e-03 1.819899999999999990e-02 -9.998329999999999718e-01 3.080240000000000200e-01 -9.512310000000000487e-01 -1.675000000000000100e-02 -9.513770000000000282e-01 -3.079410000000000203e-01 -7.347000000000000232e-03
9.000000000000000000e+00 4.000000000000000000e+00 2.000000000000000000e+01 0.000000000000000000e+00 1.600000000000000089e+00 -4.578999999999999737e-03 2.867000000000000104e-02 -9.995779999999999665e-01 2.954330000000000012e-01 -9.549309999999999743e-01 -2.874300000000000119e-02 -9.553519999999999790e-01 -2.954399999999999804e-01 -4.096999999999999947e-03
2.200000000000000000e+01 4.000000000000000000e+00 2.000000000000000000e+01 0.000000000000000000e+00 1.600000000000000089e+00 -2.320000000000000014e-03 3.550000000000000204e-03 -9.999909999999999632e-01 2.775279999999999969e-01 -9.607090000000000352e-01 -4.054999999999999577e-03 -9.607149999999999856e-01 -2.775340000000000029e-01 1.244000000000000097e-03
2.700000000000000000e+01 4.000000000000000000e+00 2.000000000000000000e+01 0.000000000000000000e+00 1.600000000000000089e+00 3.174999999999999871e-03 -6.071000000000000008e-03 -9.999770000000000048e-01 2.677599999999999980e-01 -9.634620000000000406e-01 6.700000000000000226e-03 -9.634800000000000031e-01 -2.677749999999999853e-01 -1.433000000000000029e-03
3.000000000000000000e+00 1.300000000000000000e+01 2.000000000000000000e+01 0.000000000000000000e+00 1.600000000000000089e+00 7.560000000000000530e-04 -1.917000000000000084e-03 9.999980000000000535e-01 2.512210000000000276e-01 9.679280000000000106e-01 1.665000000000000030e-03 -9.679290000000000393e-01 2.512199999999999989e-01 1.214000000000000018e-03
1.000000000000000000e+01 1.300000000000000000e+01 2.000000000000000000e+01 0.000000000000000000e+00 1.600000000000000089e+00 -2.101000000000000003e-03 -1.960500000000000090e-02 9.998059999999999725e-01 2.564420000000000033e-01 9.663629999999999720e-01 1.948799999999999838e-02 -9.665569999999999995e-01 2.564330000000000220e-01 2.997000000000000098e-03
1.900000000000000000e+01 1.300000000000000000e+01 2.000000000000000000e+01 0.000000000000000000e+00 1.600000000000000089e+00 1.644000000000000062e-03 1.872800000000000159e-02 9.998230000000000173e-01 2.564069999999999960e-01 9.663920000000000288e-01 -1.852399999999999880e-02 -9.665679999999999827e-01 2.563920000000000088e-01 -3.213000000000000144e-03
2.500000000000000000e+01 1.300000000000000000e+01 2.000000000000000000e+01 0.000000000000000000e+00 1.600000000000000089e+00 1.472000000000000001e-03 3.075000000000000042e-03 9.999940000000000495e-01 2.518650000000000055e-01 9.677569999999999784e-01 -3.346000000000000016e-03 -9.677609999999999824e-01 2.518690000000000095e-01 6.499999999999999702e-04
4.000000000000000000e+00 1.600000000000000000e+01 2.100000000000000000e+01 0.000000000000000000e+00 1.600000000000000089e+00 7.050000000000000060e-04 1.600000000000000131e-04 1.000000000000000000e+00 2.976019999999999777e-01 9.546900000000000386e-01 -3.620000000000000171e-04 -9.546900000000000386e-01 2.976019999999999777e-01 6.260000000000000373e-04
1.500000000000000000e+01 1.600000000000000000e+01 2.100000000000000000e+01 0.000000000000000000e+00 1.600000000000000089e+00 -6.440000000000000412e-04 -4.832999999999999623e-03 9.999879999999999880e-01 3.026739999999999986e-01 9.530819999999999848e-01 4.800999999999999712e-03 -9.530939999999999968e-01 3.026730000000000254e-01 8.490000000000000368e-04
1.900000000000000000e+01 1.600000000000000000e+01 2.100000000000000000e+01 0.000000000000000000e+00 1.600000000000000089e+00 -1.213000000000000102e-03 4.229000000000000120e-03 9.999900000000000455e-01 3.009080000000000088e-01 9.536459999999999937e-01 -3.667999999999999820e-03 -9.536520000000000552e-01 3.009009999999999740e-01 -2.429000000000000169e-03
2.600000000000000000e+01 1.600000000000000000e+01 2.100000000000000000e+01 0.000000000000000000e+00 1.600000000000000089e+00 1.495000000000000018e-03 1.610000000000000103e-03 9.999980000000000535e-01 2.981420000000000181e-01 9.545200000000000351e-01 -1.981999999999999821e-03 -9.545200000000000351e-01 2.981440000000000201e-01 9.470000000000000336e-04
1.600000000000000000e+01 3.000000000000000000e+00 2.500000000000000000e+01 0.000000000000000000e+00 1.600000000000000089e+00 3.095799999999999941e-02 9.709000000000000616e-03 9.994739999999999736e-01 -3.108299999999999952e-02 -9.994600000000000151e-01 1.067199999999999920e-02 9.990369999999999528e-01 -3.139700000000000130e-02 -3.064000000000000057e-02
2.300000000000000000e+01 3.000000000000000000e+00 2.500000000000000000e+01 0.000000000000000000e+00 1.600000000000000089e+00 1.563600000000000059e-02 3.691999999999999969e-03 9.998709999999999543e-01 -1.868699999999999875e-02 -9.998169999999999558e-01 3.983999999999999694e-03 9.997030000000000083e-01 -1.874699999999999978e-02 -1.556399999999999971e-02
5.000000000000000000e+00 4.000000000000000000e+00 2.500000000000000000e+01 0.000000000000000000e+00 1.600000000000000089e+00 5.454900000000000027e-02 4.423900000000000055e-02 9.975309999999999455e-01 -5.772760000000000113e-01 -8.137419999999999654e-01 6.765599999999999392e-02 8.147250000000000325e-01 -5.795409999999999728e-01 -1.885099999999999970e-02
2.100000000000000000e+01 4.600000000000000000e+01 2.700000000000000000e+01 0.000000000000000000e+00 1.600000000000000089e+00 -2.086999999999999880e-03 -2.413999999999999913e-03 -9.999949999999999672e-01 6.584349999999999925e-01 7.526310000000000500e-01 -3.190999999999999826e-03 7.526350000000000540e-01 -6.584379999999999677e-01 1.800000000000000046e-05
2.700000000000000000e+01 4.600000000000000000e+01 2.700000000000000000e+01 0.000000000000000000e+00 1.600000000000000089e+00 3.069999999999999812e-04 4.226999999999999855e-03 -9.999909999999999632e-01 6.578239999999999643e-01 7.531639999999999446e-01 3.384999999999999988e-03 7.531710000000000349e-01 -6.578190000000000426e-01 -2.549000000000000050e-03
1.600000000000000000e+01 1.100000000000000000e+01 3.000000000000000000e+01 0.000000000000000000e+00 1.600000000000000089e+00 6.747200000000000419e-02 8.324529999999999985e-01 5.499730000000000452e-01 -2.730409999999999782e-01 -5.147800000000000153e-01 8.126809999999999867e-01 9.596329999999999583e-01 -2.049980000000000135e-01 1.925600000000000089e-01
5.000000000000000000e+00 4.600000000000000000e+01 3.000000000000000000e+01 0.000000000000000000e+00 1.600000000000000089e+00 1.515000000000000071e-03 7.151000000000000238e-03 -9.999730000000000008e-01 3.247039999999999926e-01 9.457879999999999621e-01 7.256000000000000297e-03 9.458149999999999613e-01 -3.247059999999999946e-01 -8.890000000000000333e-04
4.000000000000000000e+00 5.800000000000000000e+01 3.100000000000000000e+01 0.000000000000000000e+00 1.600000000000000089e+00 7.629000000000000364e-03 1.120699999999999995e-02 9.999080000000000190e-01 -7.755180000000000407e-01 -6.311919999999999753e-01 1.299200000000000008e-02 6.312790000000000346e-01 -7.755459999999999576e-01 3.876000000000000105e-03
9.000000000000000000e+00 5.800000000000000000e+01 3.100000000000000000e+01 0.000000000000000000e+00 1.600000000000000089e+00 3.014999999999999885e-03 1.651199999999999890e-02 9.998590000000000533e-01 -7.744640000000000413e-01 -6.324889999999999679e-01 1.277999999999999969e-02 6.326110000000000344e-01 -7.743929999999999980e-01 1.088100000000000005e-02
1.300000000000000000e+01 5.800000000000000000e+01 3.100000000000000000e+01 0.000000000000000000e+00 1.600000000000000089e+00 -5.784000000000000079e-03 -7.828999999999999154e-03 9.999529999999999808e-01 -7.719359999999999555e-01 -6.356300000000000283e-01 -9.442000000000000740e-03 6.356739999999999613e-01 -7.719540000000000290e-01 -2.367000000000000180e-03
1.700000000000000000e+01 5.800000000000000000e+01 3.100000000000000000e+01 0.000000000000000000e+00 1.600000000000000089e+00 -3.690999999999999837e-03 -3.200000000000000153e-03 9.999879999999999880e-01 -7.708460000000000312e-01 -6.370029999999999859e-01 -4.883000000000000188e-03 6.370109999999999939e-01 -7.708549999999999569e-01 -1.160000000000000007e-04
2.400000000000000000e+01 5.800000000000000000e+01 3.100000000000000000e+01 0.000000000000000000e+00 1.600000000000000089e+00 5.240999999999999999e-03 3.344000000000000184e-03 9.999810000000000088e-01 -7.730449999999999822e-01 -6.343210000000000237e-01 6.172999999999999668e-03 6.343290000000000317e-01 -7.730620000000000269e-01 -7.399999999999999894e-04
2.900000000000000000e+01 5.800000000000000000e+01 3.100000000000000000e+01 0.000000000000000000e+00 1.600000000000000089e+00 6.780000000000000002e-04 7.094999999999999744e-03 9.999749999999999472e-01 -7.713630000000000209e-01 -6.363760000000000527e-01 5.037999999999999944e-03 6.363959999999999617e-01 -7.713459999999999761e-01 5.041999999999999607e-03
2.000000000000000000e+01 1.800000000000000000e+01 3.200000000000000000e+01 0.000000000000000000e+00 1.600000000000000089e+00 -8.790399999999999603e-02 6.698720000000000230e-01 7.372549999999999937e-01 -3.894199999999999884e-01 -7.043289999999999829e-01 5.935249999999999693e-01 9.168560000000000043e-01 -2.349289999999999989e-01 3.227749999999999786e-01
2.100000000000000000e+01 1.900000000000000000e+01 3.300000000000000000e+01 0.000000000000000000e+00 1.600000000000000089e+00 -1.275399999999999867e-01 6.351529999999999676e-01 7.617829999999999879e-01 -5.165830000000000144e-01 -6.981950000000000101e-01 4.956470000000000042e-01 8.466850000000000209e-01 -3.303099999999999925e-01 4.171570000000000000e-01
6.000000000000000000e+00 4.200000000000000000e+01 3.400000000000000000e+01 0.000000000000000000e+00 1.600000000000000089e+00 -4.232999999999999784e-03 -2.851999999999999934e-03 -9.999869999999999592e-01 -3.008620000000000183e-01 9.536670000000000424e-01 -1.446000000000000020e-03 9.536580000000000057e-01 3.008520000000000083e-01 -4.895000000000000046e-03
1.100000000000000000e+01 4.200000000000000000e+01 3.400000000000000000e+01 0.000000000000000000e+00 1.600000000000000089e+00 4.026000000000000065e-03 1.479000000000000063e-03 -9.999909999999999632e-01 -2.948120000000000185e-01 9.555550000000000432e-01 2.269999999999999882e-04 9.555470000000000352e-01 2.948080000000000145e-01 4.283000000000000348e-03
1.000000000000000000e+00 4.600000000000000000e+01 3.500000000000000000e+01 0.000000000000000000e+00 1.600000000000000089e+00 2.089000000000000145e-03 -5.694000000000000276e-03 -9.999820000000000375e-01 3.895629999999999926e-01 -9.209800000000000209e-01 6.058000000000000017e-03 -9.209979999999999833e-01 -3.895680000000000254e-01 2.950000000000000148e-04
6.000000000000000000e+00 4.600000000000000000e+01 3.500000000000000000e+01 0.000000000000000000e+00 1.600000000000000089e+00 3.827000000000000107e-03 4.471000000000000148e-03 -9.999829999999999552e-01 3.884900000000000020e-01 -9.214489999999999625e-01 -2.632999999999999924e-03 -9.214449999999999585e-01 -3.884730000000000127e-01 -5.263000000000000317e-03
1.000000000000000000e+01 4.600000000000000000e+01 3.500000000000000000e+01 0.000000000000000000e+00 1.600000000000000089e+00 -1.090000000000000040e-03 1.110099999999999976e-02 -9.999379999999999935e-01 3.870020000000000127e-01 -9.220169999999999755e-01 -1.065800000000000081e-02 -9.220779999999999532e-01 -3.869900000000000007e-01 -3.291000000000000088e-03
1.600000000000000000e+01 4.600000000000000000e+01 3.500000000000000000e+01 0.000000000000000000e+00 1.600000000000000089e+00 -6.300000000000000261e-04 3.944999999999999722e-03 -9.999919999999999920e-01 3.891560000000000019e-01 -9.211629999999999541e-01 -3.879000000000000069e-03 -9.211709999999999621e-01 -3.891560000000000019e-01 -9.550000000000000112e-04
2.400000000000000000e+01 4.600000000000000000e+01 3.500000000000000000e+01 0.000000000000000000e+00 1.600000000000000089e+00 4.840000000000000010e-04 8.989999999999999511e-04 -9.999989999999999712e-01 3.903650000000000175e-01 -9.206600000000000339e-01 -6.390000000000000280e-04 -9.206600000000000339e-01 -3.903639999999999888e-01 -7.960000000000000495e-04
2.800000000000000000e+01 4.600000000000000000e+01 3.500000000000000000e+01 0.000000000000000000e+00 1.600000000000000089e+00 2.118000000000000091e-03 1.209000000000000005e-03 -9.999970000000000248e-01 3.887840000000000185e-01 -9.213289999999999536e-01 -2.900000000000000017e-04 -9.213259999999999783e-01 -3.887820000000000165e-01 -2.422000000000000108e-03
3.000000000000000000e+00 2.200000000000000000e+01 3.600000000000000000e+01 0.000000000000000000e+00 1.600000000000000089e+00 -1.930230000000000001e-01 -7.163009999999999655e-01 6.705640000000000489e-01 7.350250000000000394e-01 3.471639999999999726e-01 5.824219999999999953e-01 -6.499850000000000350e-01 6.053020000000000067e-01 4.594889999999999808e-01
1.600000000000000000e+01 9.500000000000000000e+01 3.600000000000000000e+01 0.000000000000000000e+00 1.600000000000000089e+00 -5.969499999999999806e-02 5.102700000000000291e-02 9.969120000000000203e-01 9.958019999999999650e-01 7.247099999999999376e-02 5.591900000000000343e-02 -6.939399999999999735e-02 9.960639999999999494e-01 -5.513900000000000051e-02
1.700000000000000000e+01 2.200000000000000000e+01 3.700000000000000000e+01 0.000000000000000000e+00 1.600000000000000089e+00 -1.559299999999999922e-02 6.317559999999999842e-01 -7.750099999999999767e-01 6.674790000000000445e-01 -5.705320000000000391e-01 -4.785030000000000117e-01 -7.444659999999999611e-01 -5.247640000000000082e-01 -4.127870000000000150e-01
4.000000000000000000e+00 2.300000000000000000e+01 3.700000000000000000e+01 0.000000000000000000e+00 1.600000000000000089e+00 -1.861549999999999871e-01 -7.395530000000000159e-01 6.468450000000000033e-01 7.284479999999999844e-01 3.379050000000000109e-01 5.959729999999999750e-01 -6.593259999999999676e-01 5.821359999999999868e-01 4.758229999999999960e-01
2.200000000000000000e+01 2.800000000000000000e+01 3.700000000000000000e+01 0.000000000000000000e+00 1.600000000000000089e+00 -2.417000000000000051e-02 -1.672470000000000068e-01 -9.856190000000000229e-01 -7.197329999999999561e-01 -6.813399999999999457e-01 1.332639999999999936e-01 -6.938299999999999468e-01 7.126040000000000152e-01 -1.039049999999999974e-01
2.000000000000000000e+00 1.500000000000000000e+01 3.800000000000000000e+01 0.000000000000000000e+00 1.600000000000000089e+00 1.736520000000000008e-01 2.954729999999999857e-01 9.394360000000000488e-01 -8.019399999999999862e-01 -5.112609999999999655e-01 3.090390000000000081e-01 5.716099999999999515e-01 -8.070370000000000044e-01 1.481699999999999962e-01
9.000000000000000000e+00 3.700000000000000000e+01 3.800000000000000000e+01 0.000000000000000000e+00 1.600000000000000089e+00 4.681400000000000144e-02 -8.441000000000000586e-03 9.988679999999999781e-01 6.524759999999999449e-01 7.574239999999999862e-01 -2.417899999999999910e-02 -7.563619999999999788e-01 6.528690000000000326e-01 4.096500000000000141e-02
7.000000000000000000e+00 2.600000000000000000e+01 3.900000000000000000e+01 0.000000000000000000e+00 1.600000000000000089e+00 -1.536220000000000085e-01 -7.619770000000000154e-01 6.291200000000000125e-01 7.139600000000000390e-01 3.545619999999999883e-01 6.037770000000000081e-01 -6.831260000000000110e-01 5.419199999999999573e-01 4.895519999999999872e-01
8.000000000000000000e+00 2.700000000000000000e+01 4.000000000000000000e+01 0.000000000000000000e+00 1.600000000000000089e+00 -1.425319999999999920e-01 -7.938870000000000093e-01 5.911250000000000115e-01 7.118529999999999580e-01 3.327350000000000030e-01 6.185079999999999467e-01 -6.877140000000000475e-01 5.089510000000000423e-01 5.177049999999999708e-01
1.900000000000000000e+01 3.400000000000000000e+01 4.000000000000000000e+01 0.000000000000000000e+00 1.600000000000000089e+00 -1.393870000000000109e-01 3.820180000000000242e-01 -9.135830000000000339e-01 5.409890000000000532e-01 8.021150000000000224e-01 2.528670000000000084e-01 8.293989999999999974e-01 -4.589920000000000111e-01 -3.184719999999999773e-01
2.400000000000000000e+01 1.300000000000000000e+01 4.100000000000000000e+01 0.000000000000000000e+00 1.600000000000000089e+00 -4.622300000000000020e-02 1.379940000000000055e-01 9.893539999999999557e-01 -7.060859999999999914e-01 -7.051039999999999530e-01 6.535900000000000043e-02 7.066160000000000219e-01 -6.955480000000000551e-01 1.300270000000000037e-01
2.500000000000000000e+01 1.400000000000000000e+01 4.200000000000000000e+01 0.000000000000000000e+00 1.600000000000000089e+00 -6.038199999999999817e-02 1.240170000000000022e-01 9.904410000000000158e-01 -6.223330000000000251e-01 -7.804659999999999931e-01 5.978499999999999787e-02 7.804200000000000026e-01 -6.127740000000000409e-01 1.243059999999999998e-01
2.800000000000000000e+01 3.100000000000000000e+01 4.200000000000000000e+01 0.000000000000000000e+00 1.600000000000000089e+00 -2.516200000000000034e-02 3.845250000000000057e-01 -9.227710000000000079e-01 5.981170000000000098e-01 7.454110000000000458e-01 2.943089999999999873e-01 8.010129999999999750e-01 -5.445200000000000040e-01 -2.487469999999999959e-01
7.000000000000000000e+00 3.000000000000000000e+00 4.300000000000000000e+01 0.000000000000000000e+00 1.600000000000000089e+00 -2.389000000000000064e-03 2.785800000000000082e-02 -9.996089999999999698e-01 7.500740000000000185e-01 -6.610439999999999650e-01 -2.021600000000000133e-02 -6.613489999999999647e-01 -7.498289999999999678e-01 -1.931599999999999984e-02
1.200000000000000000e+01 3.000000000000000000e+00 4.300000000000000000e+01 0.000000000000000000e+00 1.600000000000000089e+00 4.279999999999999950e-04 2.769000000000000194e-03 -9.999959999999999960e-01 7.439710000000000489e-01 -6.682099999999999707e-01 -1.531000000000000026e-03 -6.682109999999999994e-01 -7.439679999999999627e-01 -2.345999999999999995e-03
2.600000000000000000e+01 3.000000000000000000e+00 4.300000000000000000e+01 0.000000000000000000e+00 1.600000000000000089e+00 7.050000000000000060e-04 1.142699999999999966e-02 -9.999339999999999895e-01 7.438329999999999664e-01 -6.683280000000000332e-01 -7.113000000000000399e-03 -6.683649999999999869e-01 -7.437789999999999679e-01 -8.970999999999999808e-03
3.000000000000000000e+01 3.000000000000000000e+00 4.300000000000000000e+01 0.000000000000000000e+00 1.600000000000000089e+00 2.164000000000000125e-03 1.039200000000000020e-02 -9.999440000000000550e-01 7.426080000000000458e-01 -6.697049999999999947e-01 -5.353000000000000119e-03 -6.697229999999999572e-01 -7.425549999999999651e-01 -9.166999999999999801e-03
1.600000000000000000e+01 8.000000000000000000e+00 4.400000000000000000e+01 0.000000000000000000e+00 1.600000000000000089e+00 3.344000000000000184e-03 3.779999999999999940e-03 9.999869999999999592e-01 -7.923350000000000115e-01 -6.100659999999999972e-01 4.956000000000000336e-03 6.100769999999999804e-01 -7.923409999999999620e-01 9.550000000000000112e-04
2.100000000000000000e+01 8.000000000000000000e+00 4.400000000000000000e+01 0.000000000000000000e+00 1.600000000000000089e+00 6.145000000000000288e-03 1.257199999999999984e-02 9.999019999999999575e-01 -7.901129999999999542e-01 -6.128320000000000434e-01 1.256099999999999925e-02 6.129299999999999748e-01 -7.901129999999999542e-01 6.166999999999999739e-03
4.000000000000000000e+00 2.200000000000000000e+01 4.500000000000000000e+01 0.000000000000000000e+00 1.600000000000000089e+00 1.472559999999999980e-01 -7.415900000000000269e-02 -9.863140000000000240e-01 -4.751589999999999980e-01 8.692790000000000239e-01 -1.363010000000000055e-01 8.674899999999999833e-01 4.887270000000000225e-01 9.276900000000000424e-02
1.100000000000000000e+01 2.400000000000000000e+01 4.500000000000000000e+01 0.000000000000000000e+00 1.600000000000000089e+00 1.229119999999999935e-01 -3.021530000000000049e-01 -9.453019999999999756e-01 -5.978109999999999813e-01 7.377730000000000121e-01 -3.135490000000000221e-01 7.921580000000000288e-01 6.036510000000000487e-01 -8.994900000000000118e-02
8.000000000000000000e+00 6.500000000000000000e+01 4.600000000000000000e+01 0.000000000000000000e+00 1.600000000000000089e+00 -7.192999999999999741e-03 -1.537800000000000000e-01 9.880790000000000406e-01 6.616830000000000211e-01 -7.415810000000000457e-01 -1.106000000000000039e-01 7.497489999999999988e-01 6.530000000000000249e-01 1.070870000000000016e-01
2.900000000000000000e+01 6.500000000000000000e+01 4.600000000000000000e+01 0.000000000000000000e+00 1.600000000000000089e+00 -2.054999999999999969e-03 8.100000000000000375e-05 9.999980000000000535e-01 6.793090000000000517e-01 -7.338500000000000023e-01 1.454999999999999913e-03 7.338489999999999736e-01 6.793109999999999982e-01 1.453000000000000081e-03
1.000000000000000000e+01 4.500000000000000000e+01 5.000000000000000000e+01 0.000000000000000000e+00 1.600000000000000089e+00 -2.336610000000000076e-01 6.443729999999999736e-01 7.281379999999999519e-01 5.328030000000000266e-01 7.112800000000000233e-01 -4.584770000000000234e-01 -8.133409999999999807e-01 2.808260000000000201e-01 -5.095220000000000304e-01
2.100000000000000000e+01 6.000000000000000000e+00 5.100000000000000000e+01 0.000000000000000000e+00 1.600000000000000089e+00 1.689999999999999879e-04 4.244000000000000376e-03 -9.999909999999999632e-01 3.186450000000000116e-01 -9.478659999999999863e-01 -3.969000000000000306e-03 -9.478739999999999943e-01 -3.186419999999999808e-01 -1.512000000000000106e-03
1.500000000000000000e+01 4.800000000000000000e+01 5.100000000000000000e+01 0.000000000000000000e+00 1.600000000000000089e+00 1.691600000000000048e-02 -9.432120000000000504e-01 3.317590000000000261e-01 6.282450000000000534e-01 2.681529999999999747e-01 7.303439999999999932e-01 -7.778319999999999679e-01 1.960719999999999963e-01 5.971049999999999969e-01
2.000000000000000000e+00 7.000000000000000000e+00 5.200000000000000000e+01 0.000000000000000000e+00 1.600000000000000089e+00 8.217000000000000345e-03 8.200999999999999956e-03 -9.999329999999999607e-01 8.107599999999999529e-02 -9.966800000000000104e-01 -7.507999999999999917e-03 -9.966739999999999489e-01 -8.100899999999999768e-02 -8.855000000000000024e-03
6.000000000000000000e+00 7.000000000000000000e+00 5.200000000000000000e+01 0.000000000000000000e+00 1.600000000000000089e+00 4.725000000000000033e-03 8.850999999999999493e-03 -9.999500000000000055e-01 7.229199999999999515e-02 -9.973469999999999835e-01 -8.486000000000000487e-03 -9.973720000000000363e-01 -7.224899999999999378e-02 -5.351999999999999987e-03
2.700000000000000000e+01 7.000000000000000000e+00 5.200000000000000000e+01 0.000000000000000000e+00 1.600000000000000089e+00 6.809999999999999647e-04 -1.281000000000000021e-03 -9.999989999999999712e-01 9.245200000000000640e-02 -9.957160000000000455e-01 1.338999999999999913e-03 -9.957169999999999632e-01 -9.245299999999999352e-02 -5.590000000000000351e-04
1.600000000000000000e+01 4.900000000000000000e+01 5.200000000000000000e+01 0.000000000000000000e+00 1.600000000000000089e+00 -2.736900000000000097e-02 -9.574409999999999865e-01 2.873279999999999723e-01 6.379839999999999955e-01 2.045520000000000116e-01 7.423840000000000439e-01 -7.695629999999999971e-01 2.036290000000000044e-01 6.052340000000000497e-01
9.000000000000000000e+00 6.300000000000000000e+01 5.200000000000000000e+01 0.000000000000000000e+00 1.600000000000000089e+00 -3.905200000000000338e-02 2.088009999999999866e-01 -9.771779999999999911e-01 4.692769999999999997e-01 8.672029999999999461e-01 1.665470000000000006e-01 8.821870000000000545e-01 -4.520629999999999926e-01 -1.318519999999999970e-01
1.600000000000000000e+01 5.000000000000000000e+01 5.300000000000000000e+01 0.000000000000000000e+00 1.600000000000000089e+00 -8.444100000000000217e-02 -9.560969999999999747e-01 2.806210000000000093e-01 6.266890000000000516e-01 1.679940000000000044e-01 7.609460000000000113e-01 -7.746809999999999530e-01 2.401169999999999971e-01 5.849900000000000100e-01
6.000000000000000000e+00 1.400000000000000000e+01 5.400000000000000000e+01 0.000000000000000000e+00 1.600000000000000089e+00 -4.785000000000000191e-03 -7.919999999999999523e-04 -9.999879999999999880e-01 5.808550000000000102e-01 8.139999999999999458e-01 -3.423999999999999960e-03 8.139929999999999666e-01 -5.808649999999999647e-01 -3.435000000000000119e-03
2.000000000000000000e+01 6.300000000000000000e+01 5.400000000000000000e+01 0.000000000000000000e+00 1.600000000000000089e+00 1.221999999999999996e-03 2.056300000000000142e-02 9.997880000000000100e-01 -3.580630000000000202e-01 9.335090000000000332e-01 -1.876200000000000090e-02 -9.336969999999999992e-01 -3.579640000000000044e-01 8.503000000000000141e-03
7.000000000000000000e+00 7.200000000000000000e+01 5.400000000000000000e+01 0.000000000000000000e+00 1.600000000000000089e+00 -9.143419999999999881e-01 2.372650000000000037e-01 3.281519999999999992e-01 -2.813590000000000257e-01 -9.550429999999999753e-01 -9.343300000000000216e-02 2.912310000000000176e-01 -1.777579999999999993e-01 9.399929999999999675e-01
1.800000000000000000e+01 2.400000000000000000e+01 5.500000000000000000e+01 0.000000000000000000e+00 1.600000000000000089e+00 -3.821999999999999703e-02 1.407049999999999967e-01 -9.893140000000000267e-01 1.832400000000000001e-02 9.899689999999999879e-01 1.400899999999999923e-01 9.991010000000000169e-01 -1.277400000000000063e-02 -4.041499999999999954e-02
9.000000000000000000e+00 2.600000000000000000e+01 5.500000000000000000e+01 0.000000000000000000e+00 1.600000000000000089e+00 1.345999999999999974e-02 1.854599999999999999e-02 -9.997369999999999868e-01 -1.031480000000000036e-01 9.945199999999999596e-01 1.705999999999999878e-02 9.945749999999999869e-01 1.028909999999999964e-01 1.529900000000000010e-02
1.100000000000000000e+01 2.600000000000000000e+01 5.500000000000000000e+01 0.000000000000000000e+00 1.600000000000000089e+00 2.501899999999999957e-02 2.333000000000000004e-02 -9.994150000000000533e-01 -1.083839999999999942e-01 9.938979999999999482e-01 2.048799999999999927e-02 9.937939999999999552e-01 1.078080000000000011e-01 2.739499999999999921e-02
1.900000000000000000e+01 5.300000000000000000e+01 5.500000000000000000e+01 0.000000000000000000e+00 1.600000000000000089e+00 4.996300000000000047e-02 -5.964990000000000014e-01 8.010570000000000190e-01 9.445999999999999536e-03 8.023050000000000459e-01 5.968390000000000084e-01 -9.987059999999999826e-01 -2.225399999999999948e-02 4.571999999999999675e-02
1.800000000000000000e+01 2.600000000000000000e+01 5.600000000000000000e+01 0.000000000000000000e+00 1.600000000000000089e+00 -1.220199999999999931e-02 1.112439999999999957e-01 -9.937179999999999902e-01 8.186999999999999833e-03 9.937700000000000422e-01 1.111489999999999978e-01 9.998920000000000030e-01 -6.779000000000000303e-03 -1.303600000000000071e-02
