5.000000000000000000e+00 1.500000000000000000e+01 4.000000000000000000e+00 0.000000000000000000e+00 1.600000000000000089e+00 -7.659999999999999708e-04 -1.918999999999999916e-03 9.999980000000000535e-01 3.108110000000000039e-01 -9.504700000000000371e-01 -1.585999999999999953e-03 9.504709999999999548e-01 3.108090000000000019e-01 1.324000000000000090e-03
1.200000000000000000e+01 1.500000000000000000e+01 4.000000000000000000e+00 0.000000000000000000e+00 1.600000000000000089e+00 -6.780999999999999701e-03 -1.375499999999999987e-02 9.998820000000000485e-01 2.990760000000000085e-01 -9.541650000000000409e-01 -1.109800000000000023e-02 9.542049999999999699e-01 2.989649999999999808e-01 1.058300000000000039e-02
1.700000000000000000e+01 1.500000000000000000e+01 4.000000000000000000e+00 0.000000000000000000e+00 1.600000000000000089e+00 -4.910000000000000085e-04 -1.258000000000000004e-03 9.999989999999999712e-01 2.961119999999999863e-01 -9.551530000000000298e-01 -1.056000000000000081e-03 9.551530000000000298e-01 2.961119999999999863e-01 8.419999999999999750e-04
2.600000000000000000e+01 1.500000000000000000e+01 4.000000000000000000e+00 0.000000000000000000e+00 1.600000000000000089e+00 -3.438000000000000084e-03 -1.732000000000000033e-03 9.999930000000000208e-01 3.058449999999999780e-01 -9.520809999999999551e-01 -5.969999999999999829e-04 9.520750000000000046e-01 3.058409999999999740e-01 3.802999999999999957e-03
3.000000000000000000e+01 1.500000000000000000e+01 4.000000000000000000e+00 0.000000000000000000e+00 1.600000000000000089e+00 -3.644999999999999803e-03 -1.745899999999999883e-02 9.998409999999999798e-01 3.014930000000000110e-01 -9.533420000000000227e-01 -1.554799999999999932e-02 9.534620000000000317e-01 3.013879999999999892e-01 8.737999999999999240e-03
1.800000000000000000e+01 4.000000000000000000e+00 5.000000000000000000e+00 0.000000000000000000e+00 1.600000000000000089e+00 -6.670999999999999847e-03 -2.230199999999999891e-02 9.997289999999999788e-01 2.280469999999999997e-01 -9.734410000000000007e-01 -2.019400000000000014e-02 9.736270000000000202e-01 2.278499999999999970e-01 1.158000000000000002e-02
1.000000000000000000e+01 1.010000000000000000e+02 7.000000000000000000e+00 0.000000000000000000e+00 1.600000000000000089e+00 -7.477000000000000139e-03 -4.479999999999999933e-04 9.999719999999999720e-01 8.792600000000000415e-01 4.762930000000000219e-01 6.787999999999999763e-03 -4.762830000000000119e-01 8.792860000000000120e-01 -3.167000000000000110e-03
1.700000000000000000e+01 1.010000000000000000e+02 7.000000000000000000e+00 0.000000000000000000e+00 1.600000000000000089e+00 4.248000000000000040e-03 -9.664999999999999980e-03 9.999440000000000550e-01 8.787329999999999863e-01 4.773129999999999873e-01 8.800000000000000313e-04 -4.772950000000000248e-01 8.786800000000000166e-01 1.052100000000000084e-02
5.000000000000000000e+00 2.500000000000000000e+01 8.000000000000000000e+00 0.000000000000000000e+00 1.600000000000000089e+00 1.874999999999999931e-03 5.950000000000000427e-04 -9.999980000000000535e-01 4.450859999999999816e-01 8.954870000000000330e-01 1.366999999999999943e-03 8.954860000000000042e-01 -4.450879999999999836e-01 1.415000000000000025e-03
1.000000000000000000e+01 2.500000000000000000e+01 8.000000000000000000e+00 0.000000000000000000e+00 1.600000000000000089e+00 1.113999999999999973e-03 3.030000000000000141e-03 -9.999949999999999672e-01 4.439270000000000160e-01 8.960569999999999924e-01 3.210000000000000180e-03 8.960620000000000251e-01 -4.439279999999999893e-01 -3.469999999999999777e-04
1.400000000000000000e+01 2.500000000000000000e+01 8.000000000000000000e+00 0.000000000000000000e+00 1.600000000000000089e+00 -1.121000000000000035e-03 2.239999999999999804e-03 -9.999970000000000248e-01 4.433250000000000246e-01 8.963600000000000456e-01 1.510999999999999973e-03 8.963600000000000456e-01 -4.433219999999999938e-01 -1.998000000000000210e-03
2.100000000000000000e+01 2.500000000000000000e+01 8.000000000000000000e+00 0.000000000000000000e+00 1.600000000000000089e+00 3.499999999999999964e-04 -1.376999999999999969e-03 -9.999989999999999712e-01 4.425620000000000109e-01 8.967370000000000063e-01 -1.079000000000000098e-03 8.967380000000000351e-01 -4.425620000000000109e-01 9.229999999999999923e-04
2.600000000000000000e+01 2.500000000000000000e+01 8.000000000000000000e+00 0.000000000000000000e+00 1.600000000000000089e+00 2.595000000000000084e-03 1.057999999999999913e-03 -9.999959999999999960e-01 4.417409999999999948e-01 8.971400000000000485e-01 2.095000000000000074e-03 8.971390000000000198e-01 -4.417449999999999988e-01 1.861000000000000024e-03
5.000000000000000000e+00 2.400000000000000000e+01 9.000000000000000000e+00 0.000000000000000000e+00 1.600000000000000089e+00 1.660999999999999933e-03 2.236999999999999839e-03 -9.999959999999999960e-01 4.471660000000000079e-01 8.944469999999999921e-01 2.743000000000000212e-03 8.944490000000000496e-01 -4.471689999999999832e-01 4.850000000000000253e-04
1.000000000000000000e+01 2.400000000000000000e+01 9.000000000000000000e+00 0.000000000000000000e+00 1.600000000000000089e+00 1.317999999999999944e-03 2.948000000000000100e-03 -9.999949999999999672e-01 4.466269999999999962e-01 8.947140000000000093e-01 3.226000000000000135e-03 8.947190000000000420e-01 -4.466289999999999982e-01 -1.369999999999999961e-04
1.400000000000000000e+01 2.400000000000000000e+01 9.000000000000000000e+00 0.000000000000000000e+00 1.600000000000000089e+00 -8.890000000000000333e-04 3.060999999999999919e-03 -9.999949999999999672e-01 4.456499999999999906e-01 8.952039999999999997e-01 2.344000000000000163e-03 8.952069999999999750e-01 -4.456450000000000133e-01 -2.160000000000000028e-03
2.100000000000000000e+01 2.400000000000000000e+01 9.000000000000000000e+00 0.000000000000000000e+00 1.600000000000000089e+00 3.759999999999999779e-04 -2.811000000000000131e-03 -9.999959999999999960e-01 4.446760000000000157e-01 8.956880000000000397e-01 -2.350999999999999791e-03 8.956910000000000149e-01 -4.446740000000000137e-01 1.587000000000000086e-03
3.000000000000000000e+01 2.400000000000000000e+01 9.000000000000000000e+00 0.000000000000000000e+00 1.600000000000000089e+00 3.616999999999999989e-03 1.045699999999999928e-02 -9.999390000000000223e-01 4.441309999999999980e-01 8.958939999999999682e-01 1.097500000000000038e-02 8.959540000000000282e-01 -4.441439999999999833e-01 -1.402999999999999950e-03
1.100000000000000000e+01 1.160000000000000000e+02 1.600000000000000000e+01 0.000000000000000000e+00 1.600000000000000089e+00 7.759999999999999971e-04 -1.467999999999999904e-03 9.999989999999999712e-01 7.035740000000000327e-01 7.106219999999999759e-01 4.979999999999999618e-04 -7.106219999999999759e-01 7.035730000000000040e-01 1.583999999999999905e-03
1.800000000000000000e+01 1.160000000000000000e+02 1.600000000000000000e+01 0.000000000000000000e+00 1.600000000000000089e+00 -1.232000000000000022e-03 -4.440000000000000045e-04 9.999989999999999712e-01 6.937919999999999643e-01 7.201739999999999808e-01 1.175000000000000046e-03 -7.201739999999999808e-01 6.937929999999999930e-01 -5.789999999999999791e-04
2.000000000000000000e+00 2.000000000000000000e+00 1.900000000000000000e+01 0.000000000000000000e+00 1.600000000000000089e+00 3.392000000000000050e-03 -8.570000000000000144e-04 -9.999940000000000495e-01 1.818700000000000039e-01 -9.833210000000000006e-01 1.459999999999999926e-03 -9.833169999999999966e-01 -1.818740000000000079e-01 -3.178999999999999968e-03
9.000000000000000000e+00 2.000000000000000000e+00 1.900000000000000000e+01 0.000000000000000000e+00 1.600000000000000089e+00 -1.832999999999999994e-03 8.578999999999999820e-03 -9.999609999999999888e-01 1.856180000000000052e-01 -9.825829999999999842e-01 -8.770000000000000018e-03 -9.826200000000000490e-01 -1.856269999999999865e-01 2.079999999999999872e-04
1.400000000000000000e+01 2.000000000000000000e+00 1.900000000000000000e+01 0.000000000000000000e+00 1.600000000000000089e+00 9.200000000000000007e-05 9.627000000000000141e-03 -9.999540000000000095e-01 1.904740000000000044e-01 -9.816470000000000473e-01 -9.433000000000000412e-03 -9.816920000000000091e-01 -1.904639999999999944e-01 -1.923999999999999929e-03
1.800000000000000000e+01 2.000000000000000000e+00 1.900000000000000000e+01 0.000000000000000000e+00 1.600000000000000089e+00 3.298999999999999849e-03 -1.045500000000000075e-02 -9.999400000000000510e-01 1.931249999999999911e-01 -9.811140000000000416e-01 1.089599999999999944e-02 -9.811689999999999579e-01 -1.931489999999999874e-01 -1.217999999999999899e-03
2.800000000000000000e+01 2.000000000000000000e+00 1.900000000000000000e+01 0.000000000000000000e+00 1.600000000000000089e+00 -6.499999999999999702e-04 -6.491000000000000242e-03 -9.999789999999999512e-01 1.912979999999999958e-01 -9.815120000000000511e-01 6.246999999999999949e-03 -9.815319999999999601e-01 -1.912899999999999878e-01 1.879999999999999944e-03
9.000000000000000000e+00 1.300000000000000000e+01 2.000000000000000000e+01 0.000000000000000000e+00 1.600000000000000089e+00 -1.358999999999999965e-03 -2.661000000000000171e-03 9.999959999999999960e-01 2.497640000000000138e-01 9.683019999999999960e-01 2.916999999999999888e-03 -9.683060000000000000e-01 2.497669999999999890e-01 -6.509999999999999945e-04
1.300000000000000000e+01 1.300000000000000000e+01 2.000000000000000000e+01 0.000000000000000000e+00 1.600000000000000089e+00 -2.580999999999999961e-03 -1.137799999999999923e-02 9.999320000000000430e-01 2.510240000000000249e-01 9.679109999999999658e-01 1.166099999999999949e-02 -9.679769999999999763e-01 2.510370000000000101e-01 3.579999999999999741e-04
2.600000000000000000e+01 1.300000000000000000e+01 2.000000000000000000e+01 0.000000000000000000e+00 1.600000000000000089e+00 -1.123000000000000083e-03 -3.595000000000000105e-03 9.999930000000000208e-01 2.475320000000000020e-01 9.688719999999999555e-01 3.761000000000000020e-03 -9.688790000000000457e-01 2.475340000000000040e-01 -1.979999999999999881e-04
3.000000000000000000e+00 1.600000000000000000e+01 2.100000000000000000e+01 0.000000000000000000e+00 1.600000000000000089e+00 5.263999999999999582e-03 1.322500000000000064e-02 9.998989999999999823e-01 2.967150000000000065e-01 9.548609999999999598e-01 -1.419199999999999975e-02 -9.549520000000000231e-01 2.967589999999999950e-01 1.101999999999999898e-03
1.400000000000000000e+01 1.600000000000000000e+01 2.100000000000000000e+01 0.000000000000000000e+00 1.600000000000000089e+00 -1.105000000000000079e-03 -9.658999999999999184e-03 9.999529999999999808e-01 2.966170000000000195e-01 9.549490000000000478e-01 9.551999999999999727e-03 -9.549959999999999560e-01 2.966139999999999888e-01 1.809000000000000061e-03
1.800000000000000000e+01 1.600000000000000000e+01 2.100000000000000000e+01 0.000000000000000000e+00 1.600000000000000089e+00 7.955999999999999531e-03 2.052999999999999964e-02 9.997580000000000355e-01 2.956679999999999864e-01 9.550380000000000535e-01 -2.196499999999999841e-02 -9.552580000000000515e-01 2.957710000000000061e-01 1.528000000000000061e-03
8.000000000000000000e+00 3.000000000000000000e+00 2.500000000000000000e+01 0.000000000000000000e+00 1.600000000000000089e+00 3.723999999999999880e-03 1.160000000000000007e-03 9.999919999999999920e-01 -5.599799999999999917e-02 -9.984300000000000397e-01 1.366999999999999943e-03 9.984239999999999782e-01 -5.600299999999999723e-02 -3.654000000000000130e-03
1.100000000000000000e+01 3.000000000000000000e+00 2.500000000000000000e+01 0.000000000000000000e+00 1.600000000000000089e+00 4.649000000000000354e-03 1.502000000000000036e-02 9.998759999999999870e-01 -5.224899999999999683e-02 -9.985180000000000167e-01 1.524299999999999961e-02 9.986230000000000384e-01 -5.231299999999999839e-02 -3.857000000000000185e-03
1.500000000000000000e+01 3.000000000000000000e+00 2.500000000000000000e+01 0.000000000000000000e+00 1.600000000000000089e+00 -1.730999999999999900e-03 7.695999999999999716e-03 9.999689999999999968e-01 -4.954000000000000070e-02 -9.987430000000000474e-01 7.601000000000000117e-03 9.987709999999999644e-01 -4.952600000000000058e-02 2.109999999999999896e-03
2.200000000000000000e+01 3.000000000000000000e+00 2.500000000000000000e+01 0.000000000000000000e+00 1.600000000000000089e+00 1.250000000000000026e-04 -1.820999999999999919e-03 9.999980000000000535e-01 -5.716600000000000154e-02 -9.983630000000000004e-01 -1.810999999999999893e-03 9.983649999999999469e-01 -5.716500000000000054e-02 -2.290000000000000098e-04
2.700000000000000000e+01 3.000000000000000000e+00 2.500000000000000000e+01 0.000000000000000000e+00 1.600000000000000089e+00 3.402000000000000076e-03 -5.016999999999999758e-03 9.999820000000000375e-01 -6.608899999999999497e-02 -9.978019999999999667e-01 -4.781999999999999792e-03 9.978080000000000283e-01 -6.607200000000000573e-02 -3.726000000000000145e-03
1.200000000000000000e+01 4.600000000000000000e+01 2.700000000000000000e+01 0.000000000000000000e+00 1.600000000000000089e+00 -5.379999999999999583e-04 -3.395000000000000014e-03 -9.999940000000000495e-01 6.625039999999999818e-01 7.490529999999999688e-01 -2.899999999999999800e-03 7.490590000000000304e-01 -6.625010000000000066e-01 1.846999999999999901e-03
2.400000000000000000e+01 4.600000000000000000e+01 2.700000000000000000e+01 0.000000000000000000e+00 1.600000000000000089e+00 -1.271999999999999910e-03 -3.460000000000000076e-04 -9.999989999999999712e-01 6.596990000000000354e-01 7.515290000000000026e-01 -1.098999999999999934e-03 7.515290000000000026e-01 -6.596999999999999531e-01 -7.280000000000000230e-04
2.900000000000000000e+01 4.600000000000000000e+01 2.700000000000000000e+01 0.000000000000000000e+00 1.600000000000000089e+00 -9.700000000000000505e-04 -4.020000000000000136e-04 -9.999989999999999712e-01 6.540510000000000490e-01 7.564499999999999558e-01 -9.380000000000000317e-04 7.564499999999999558e-01 -6.540510000000000490e-01 -4.710000000000000102e-04
2.500000000000000000e+01 4.600000000000000000e+01 3.000000000000000000e+01 0.000000000000000000e+00 1.600000000000000089e+00 -8.239999999999999712e-04 7.780000000000000457e-04 -9.999989999999999712e-01 3.321029999999999816e-01 9.432430000000000536e-01 4.600000000000000139e-04 9.432430000000000536e-01 -3.321029999999999816e-01 -1.036000000000000029e-03
6.000000000000000000e+00 5.800000000000000000e+01 3.100000000000000000e+01 0.000000000000000000e+00 1.600000000000000089e+00 -7.014000000000000269e-03 -4.663999999999999743e-03 9.999639999999999640e-01 -7.920040000000000413e-01 -6.104579999999999451e-01 -8.403000000000000747e-03 6.104760000000000186e-01 -7.920350000000000446e-01 5.879999999999999810e-04
1.200000000000000000e+01 5.800000000000000000e+01 3.100000000000000000e+01 0.000000000000000000e+00 1.600000000000000089e+00 -1.446999999999999936e-03 -8.165999999999999648e-03 9.999660000000000215e-01 -7.942350000000000243e-01 -6.075800000000000090e-01 -6.111000000000000112e-03 6.076089999999999547e-01 -7.942169999999999508e-01 -5.605999999999999872e-03
1.800000000000000000e+01 5.800000000000000000e+01 3.100000000000000000e+01 0.000000000000000000e+00 1.600000000000000089e+00 -1.758000000000000014e-03 4.178000000000000290e-03 9.999900000000000455e-01 -7.967549999999999910e-01 -6.043020000000000058e-01 1.124999999999999915e-03 6.042999999999999483e-01 -7.967450000000000365e-01 4.390999999999999938e-03
2.300000000000000000e+01 5.800000000000000000e+01 3.100000000000000000e+01 0.000000000000000000e+00 1.600000000000000089e+00 -2.814000000000000095e-03 -4.507999999999999854e-03 9.999860000000000415e-01 -7.960760000000000058e-01 -6.051760000000000472e-01 -4.968000000000000194e-03 6.051900000000000057e-01 -7.960789999999999811e-01 -1.884999999999999957e-03
2.700000000000000000e+01 5.800000000000000000e+01 3.100000000000000000e+01 0.000000000000000000e+00 1.600000000000000089e+00 5.270000000000000162e-04 -3.576000000000000185e-03 9.999930000000000208e-01 -7.936729999999999619e-01 -6.083420000000000494e-01 -1.757000000000000098e-03 6.083439999999999959e-01 -7.936670000000000114e-01 -3.158999999999999916e-03
2.500000000000000000e+01 2.300000000000000000e+01 3.400000000000000000e+01 0.000000000000000000e+00 1.600000000000000089e+00 -5.739999999999999660e-04 2.867000000000000191e-03 9.999959999999999960e-01 4.015599999999999725e-01 -9.158279999999999754e-01 2.856000000000000032e-03 9.158319999999999794e-01 4.015599999999999725e-01 -6.260000000000000373e-04
2.500000000000000000e+01 4.200000000000000000e+01 3.400000000000000000e+01 0.000000000000000000e+00 1.600000000000000089e+00 4.730000000000000046e-04 -2.047000000000000208e-03 -9.999980000000000535e-01 -2.914100000000000024e-01 9.565960000000000019e-01 -2.096000000000000207e-03 9.565979999999999484e-01 2.914100000000000024e-01 -1.440000000000000036e-04
2.900000000000000000e+01 4.200000000000000000e+01 3.400000000000000000e+01 0.000000000000000000e+00 1.600000000000000089e+00 3.511999999999999931e-03 -4.425000000000000114e-03 -9.999839999999999840e-01 -2.898020000000000040e-01 9.570720000000000338e-01 -5.252999999999999857e-03 9.570800000000000418e-01 2.898160000000000180e-01 2.079000000000000119e-03
2.000000000000000000e+00 4.600000000000000000e+01 3.500000000000000000e+01 0.000000000000000000e+00 1.600000000000000089e+00 5.550000000000000462e-04 -3.373999999999999829e-03 -9.999940000000000495e-01 3.884480000000000155e-01 -9.214649999999999785e-01 3.324999999999999831e-03 -9.214710000000000401e-01 -3.884469999999999867e-01 7.990000000000000140e-04
5.000000000000000000e+00 4.600000000000000000e+01 3.500000000000000000e+01 0.000000000000000000e+00 1.600000000000000089e+00 -1.379999999999999933e-04 -4.368999999999999620e-03 -9.999900000000000455e-01 3.888900000000000134e-01 -9.212759999999999838e-01 3.971999999999999836e-03 -9.212839999999999918e-01 -3.888860000000000094e-01 1.825999999999999932e-03
1.200000000000000000e+01 4.600000000000000000e+01 3.500000000000000000e+01 0.000000000000000000e+00 1.600000000000000089e+00 -2.082000000000000083e-03 1.590000000000000050e-03 -9.999970000000000248e-01 3.908929999999999905e-01 -9.204329999999999457e-01 -2.276999999999999944e-03 -9.204339999999999744e-01 -3.908969999999999945e-01 1.294999999999999927e-03
1.800000000000000000e+01 4.600000000000000000e+01 3.500000000000000000e+01 0.000000000000000000e+00 1.600000000000000089e+00 5.372000000000000039e-03 -5.363999999999999845e-03 -9.999710000000000543e-01 3.872209999999999819e-01 -9.219600000000000017e-01 7.024999999999999994e-03 -9.219709999999999850e-01 -3.872470000000000079e-01 -2.874999999999999951e-03
2.100000000000000000e+01 4.600000000000000000e+01 3.500000000000000000e+01 0.000000000000000000e+00 1.600000000000000089e+00 3.531999999999999983e-03 -3.848999999999999991e-03 -9.999860000000000415e-01 3.847700000000000009e-01 -9.229990000000000139e-01 4.910999999999999567e-03 -9.230059999999999931e-01 -3.847820000000000129e-01 -1.778999999999999982e-03
2.600000000000000000e+01 4.600000000000000000e+01 3.500000000000000000e+01 0.000000000000000000e+00 1.600000000000000089e+00 -1.289999999999999914e-04 -1.299999999999999886e-04 -1.000000000000000000e+00 3.834460000000000091e-01 -9.235630000000000228e-01 7.100000000000000462e-05 -9.235630000000000228e-01 -3.834460000000000091e-01 1.689999999999999879e-04
1.300000000000000000e+01 9.500000000000000000e+01 3.600000000000000000e+01 0.000000000000000000e+00 1.600000000000000089e+00 -7.440999999999999698e-03 -1.290499999999999980e-02 9.998890000000000278e-01 9.979479999999999462e-01 6.349299999999999389e-02 8.245999999999999858e-03 -6.359299999999999675e-02 9.978989999999999805e-01 1.240600000000000036e-02
2.300000000000000000e+01 9.500000000000000000e+01 3.600000000000000000e+01 0.000000000000000000e+00 1.600000000000000089e+00 1.541599999999999915e-02 2.341400000000000078e-02 9.996070000000000233e-01 9.973710000000000075e-01 7.043199999999999461e-02 -1.703100000000000100e-02 -7.080300000000000482e-02 9.972419999999999618e-01 -2.226699999999999860e-02
2.800000000000000000e+01 9.500000000000000000e+01 3.600000000000000000e+01 0.000000000000000000e+00 1.600000000000000089e+00 -1.304999999999999953e-03 6.070000000000000092e-04 9.999989999999999712e-01 9.976030000000000175e-01 6.918299999999999450e-02 1.260000000000000052e-03 -6.918199999999999350e-02 9.976040000000000463e-01 -6.960000000000000041e-04
2.700000000000000000e+01 9.500000000000000000e+01 3.700000000000000000e+01 0.000000000000000000e+00 1.600000000000000089e+00 3.384999999999999988e-03 4.350000000000000026e-04 9.999940000000000495e-01 9.958970000000000322e-01 9.042600000000000637e-02 -3.410999999999999970e-03 -9.042699999999999350e-02 9.959029999999999827e-01 -1.269999999999999970e-04
6.000000000000000000e+00 2.900000000000000000e+01 4.400000000000000000e+01 0.000000000000000000e+00 1.600000000000000089e+00 -7.510000000000000399e-04 -1.402600000000000027e-02 -9.999010000000000398e-01 6.740129999999999733e-01 7.386390000000000455e-01 -1.086699999999999992e-02 7.387190000000000145e-01 -6.739549999999999708e-01 8.899000000000000660e-03
1.600000000000000000e+01 2.900000000000000000e+01 4.400000000000000000e+01 0.000000000000000000e+00 1.600000000000000089e+00 3.226000000000000135e-03 5.636999999999999650e-03 -9.999789999999999512e-01 6.404900000000000038e-01 7.679399999999999560e-01 6.394999999999999643e-03 7.679599999999999760e-01 -6.404969999999999830e-01 -1.132999999999999893e-03
2.400000000000000000e+01 2.900000000000000000e+01 4.400000000000000000e+01 0.000000000000000000e+00 1.600000000000000089e+00 -5.090000000000000123e-04 -3.629999999999999872e-04 -1.000000000000000000e+00 6.439000000000000279e-01 7.651099999999999568e-01 -6.049999999999999606e-04 7.651099999999999568e-01 -6.439000000000000279e-01 -1.559999999999999972e-04
3.000000000000000000e+01 2.900000000000000000e+01 4.400000000000000000e+01 0.000000000000000000e+00 1.600000000000000089e+00 1.286999999999999950e-03 9.979999999999999722e-04 -9.999989999999999712e-01 6.517870000000000053e-01 7.584009999999999918e-01 1.595999999999999979e-03 7.584009999999999918e-01 -6.517880000000000340e-01 3.249999999999999851e-04
2.300000000000000000e+01 6.500000000000000000e+01 4.600000000000000000e+01 0.000000000000000000e+00 1.600000000000000089e+00 -6.000000000000000152e-06 -1.381999999999999982e-03 9.999989999999999712e-01 6.798490000000000366e-01 -7.333509999999999751e-01 -1.008999999999999914e-03 7.333520000000000039e-01 6.798490000000000366e-01 9.439999999999999607e-04
4.000000000000000000e+00 2.900000000000000000e+01 4.800000000000000000e+01 0.000000000000000000e+00 1.600000000000000089e+00 -4.008000000000000278e-03 -6.754300000000000581e-02 9.977080000000000393e-01 3.770700000000000163e-01 9.239659999999999540e-01 6.406599999999999795e-02 -9.261759999999999993e-01 3.764629999999999921e-01 2.176499999999999962e-02
1.200000000000000000e+01 5.000000000000000000e+00 5.100000000000000000e+01 0.000000000000000000e+00 1.600000000000000089e+00 1.219000000000000031e-03 -8.340000000000000191e-03 -9.999639999999999640e-01 4.879000000000000004e-01 -8.728639999999999732e-01 7.875000000000000056e-03 -8.728989999999999805e-01 -4.878919999999999924e-01 3.005999999999999991e-03
1.800000000000000000e+01 5.000000000000000000e+00 5.100000000000000000e+01 0.000000000000000000e+00 1.600000000000000089e+00 -2.703999999999999806e-03 3.999999999999999819e-06 -9.999959999999999960e-01 4.876460000000000239e-01 -8.730400000000000382e-01 -1.322000000000000041e-03 -8.730369999999999520e-01 -4.876480000000000259e-01 2.358999999999999986e-03
1.100000000000000000e+01 3.900000000000000000e+01 5.100000000000000000e+01 0.000000000000000000e+00 1.600000000000000089e+00 -1.027800000000000068e-02 -3.279429999999999845e-01 9.446419999999999817e-01 3.330290000000000195e-01 8.896370000000000111e-01 3.124709999999999988e-01 -9.428600000000000314e-01 3.178050000000000042e-01 1.000709999999999933e-01
5.000000000000000000e+00 1.150000000000000000e+02 5.100000000000000000e+01 0.000000000000000000e+00 1.600000000000000089e+00 1.977000000000000025e-03 1.440699999999999967e-02 9.998939999999999495e-01 8.455570000000000030e-01 -5.338509999999999645e-01 6.021000000000000310e-03 5.338810000000000500e-01 8.454559999999999853e-01 -1.323799999999999977e-02
1.000000000000000000e+01 7.000000000000000000e+00 5.200000000000000000e+01 0.000000000000000000e+00 1.600000000000000089e+00 -2.680999999999999790e-03 -6.506999999999999763e-03 -9.999749999999999472e-01 1.068759999999999988e-01 -9.942530000000000534e-01 6.184000000000000261e-03 -9.942689999999999584e-01 -1.068569999999999937e-01 3.360999999999999838e-03
1.200000000000000000e+01 4.000000000000000000e+01 5.200000000000000000e+01 0.000000000000000000e+00 1.600000000000000089e+00 2.435000000000000098e-03 -2.116449999999999998e-01 9.773429999999999618e-01 1.693580000000000085e-01 9.633150000000000324e-01 2.081860000000000099e-01 -9.855519999999999836e-01 1.650139999999999940e-01 3.819000000000000172e-02
1.900000000000000000e+01 4.200000000000000000e+01 5.200000000000000000e+01 0.000000000000000000e+00 1.600000000000000089e+00 3.333499999999999658e-02 -6.811120000000000507e-01 7.314199999999999591e-01 8.296499999999999708e-02 7.311860000000000026e-01 6.771139999999999937e-01 -9.959949999999999637e-01 3.811099999999999904e-02 8.088299999999999657e-02
2.800000000000000000e+01 3.900000000000000000e+01 5.300000000000000000e+01 0.000000000000000000e+00 1.600000000000000089e+00 -1.960399999999999990e-02 5.720000000000000258e-04 9.998080000000000300e-01 2.416490000000000027e-01 9.703549999999999676e-01 4.183000000000000086e-03 -9.701659999999999728e-01 2.416850000000000109e-01 -1.916100000000000095e-02
2.500000000000000000e+01 4.400000000000000000e+01 5.300000000000000000e+01 0.000000000000000000e+00 1.600000000000000089e+00 5.556500000000000328e-02 -4.649840000000000084e-01 -8.835730000000000528e-01 8.592099999999999738e-02 -8.794309999999999627e-01 4.682080000000000131e-01 -9.947510000000000518e-01 -1.019329999999999958e-01 -8.914000000000000049e-03
3.000000000000000000e+00 4.500000000000000000e+01 5.300000000000000000e+01 0.000000000000000000e+00 1.600000000000000089e+00 3.180680000000000174e-01 -3.890199999999999908e-02 9.472690000000000277e-01 -8.118929999999999758e-01 5.047570000000000112e-01 2.933419999999999916e-01 -4.895519999999999872e-01 -8.623840000000000394e-01 1.289629999999999943e-01
2.400000000000000000e+01 4.500000000000000000e+01 5.300000000000000000e+01 0.000000000000000000e+00 1.600000000000000089e+00 7.850200000000000233e-02 -6.607929999999999637e-01 -7.464509999999999756e-01 8.171200000000000685e-02 -7.419780000000000264e-01 6.654259999999999620e-01 -9.935599999999999987e-01 -1.132309999999999983e-01 -4.251999999999999703e-03
2.300000000000000000e+01 4.600000000000000000e+01 5.300000000000000000e+01 0.000000000000000000e+00 1.600000000000000089e+00 1.022929999999999950e-01 -7.293779999999999708e-01 -6.764200000000000212e-01 1.062209999999999960e-01 -6.680899999999999617e-01 7.364600000000000035e-01 -9.890670000000000295e-01 -1.471850000000000103e-01 9.135000000000000758e-03
3.000000000000000000e+00 6.300000000000000000e+01 5.400000000000000000e+01 0.000000000000000000e+00 1.600000000000000089e+00 8.130000000000000291e-04 -4.951999999999999805e-03 9.999869999999999592e-01 -3.709020000000000095e-01 9.286590000000000122e-01 4.899999999999999842e-03 -9.286720000000000530e-01 -3.709009999999999807e-01 -1.080999999999999930e-03
9.000000000000000000e+00 6.300000000000000000e+01 5.400000000000000000e+01 0.000000000000000000e+00 1.600000000000000089e+00 -9.899999999999999404e-05 -5.000000000000000240e-05 1.000000000000000000e+00 -3.636110000000000175e-01 9.315510000000000179e-01 1.099999999999999971e-05 -9.315510000000000179e-01 -3.636110000000000175e-01 -1.100000000000000039e-04
1.200000000000000000e+01 6.300000000000000000e+01 5.400000000000000000e+01 0.000000000000000000e+00 1.600000000000000089e+00 -6.329999999999999906e-04 1.275000000000000092e-03 9.999989999999999712e-01 -3.637199999999999878e-01 9.315069999999999739e-01 -1.417999999999999990e-03 -9.315080000000000027e-01 -3.637199999999999878e-01 -1.259999999999999998e-04
1.600000000000000000e+01 6.300000000000000000e+01 5.400000000000000000e+01 0.000000000000000000e+00 1.600000000000000089e+00 -4.040000000000000080e-04 2.187000000000000142e-03 9.999980000000000535e-01 -3.621670000000000167e-01 9.321110000000000229e-01 -2.184999999999999876e-03 -9.321129999999999693e-01 -3.621670000000000167e-01 4.159999999999999744e-04
2.000000000000000000e+01 6.300000000000000000e+01 5.400000000000000000e+01 0.000000000000000000e+00 1.600000000000000089e+00 -7.990000000000000140e-04 4.427000000000000379e-03 9.999900000000000455e-01 -3.602719999999999811e-01 9.328370000000000273e-01 -4.418000000000000052e-03 -9.328469999999999818e-01 -3.602719999999999811e-01 8.490000000000000368e-04
2.700000000000000000e+01 6.300000000000000000e+01 5.400000000000000000e+01 0.000000000000000000e+00 1.600000000000000089e+00 -2.139999999999999975e-04 1.333999999999999899e-03 9.999989999999999712e-01 -3.493129999999999846e-01 9.370049999999999768e-01 -1.325000000000000006e-03 -9.370060000000000056e-01 -3.493129999999999846e-01 2.649999999999999903e-04
1.700000000000000000e+01 2.500000000000000000e+01 5.500000000000000000e+01 0.000000000000000000e+00 1.600000000000000089e+00 3.209999999999999963e-04 -4.262000000000000163e-03 -9.999909999999999632e-01 -1.220000000000000077e-02 -9.999160000000000270e-01 4.257999999999999632e-03 -9.999259999999999815e-01 1.219800000000000051e-02 -3.730000000000000134e-04
2.200000000000000000e+01 2.500000000000000000e+01 5.500000000000000000e+01 0.000000000000000000e+00 1.600000000000000089e+00 -4.560000000000000251e-04 -2.958999999999999825e-03 -9.999959999999999960e-01 -1.130800000000000034e-02 -9.999320000000000430e-01 2.964000000000000055e-03 -9.999360000000000470e-01 1.131000000000000061e-02 4.229999999999999819e-04
1.400000000000000000e+01 7.600000000000000000e+01 5.600000000000000000e+01 0.000000000000000000e+00 1.600000000000000089e+00 1.330000000000000019e-03 -2.831999999999999882e-03 -9.999949999999999672e-01 -1.389890000000000014e-01 9.902889999999999748e-01 -2.988999999999999903e-03 9.902929999999999788e-01 1.389920000000000044e-01 9.229999999999999923e-04
1.900000000000000000e+01 4.600000000000000000e+01 5.700000000000000000e+01 0.000000000000000000e+00 1.600000000000000089e+00 3.769999999999999914e-03 -5.572740000000000471e-01 -8.303199999999999470e-01 -1.910900000000000098e-01 -8.154270000000000129e-01 5.464099999999999513e-01 -9.815650000000000208e-01 1.566059999999999952e-01 -1.095629999999999937e-01
2.000000000000000000e+01 6.800000000000000000e+01 5.700000000000000000e+01 0.000000000000000000e+00 1.600000000000000089e+00 1.479000000000000063e-03 2.102999999999999835e-03 -9.999970000000000248e-01 -2.506829999999999892e-01 -9.680659999999999821e-01 -2.406000000000000152e-03 -9.680680000000000396e-01 2.506860000000000199e-01 -9.049999999999999885e-04
2.700000000000000000e+01 6.800000000000000000e+01 5.700000000000000000e+01 0.000000000000000000e+00 1.600000000000000089e+00 -1.121000000000000035e-03 -1.100300000000000063e-02 -9.999390000000000223e-01 -2.499689999999999968e-01 -9.681920000000000526e-01 1.093399999999999928e-02 -9.682530000000000303e-01 2.499659999999999938e-01 -1.665000000000000030e-03
6.000000000000000000e+00 2.100000000000000000e+01 6.000000000000000000e+01 0.000000000000000000e+00 1.600000000000000089e+00 5.289999999999999564e-04 -5.569999999999999864e-04 1.000000000000000000e+00 -9.632499999999999396e-02 9.953499999999999570e-01 6.049999999999999606e-04 -9.953499999999999570e-01 -9.632499999999999396e-02 4.730000000000000046e-04
9.000000000000000000e+00 2.100000000000000000e+01 6.000000000000000000e+01 0.000000000000000000e+00 1.600000000000000089e+00 8.959999999999999866e-04 -3.516000000000000028e-03 9.999930000000000208e-01 -9.804300000000000515e-02 9.951759999999999495e-01 3.586999999999999911e-03 -9.951820000000000110e-01 -9.804499999999999327e-02 5.469999999999999602e-04
1.500000000000000000e+01 2.100000000000000000e+01 6.000000000000000000e+01 0.000000000000000000e+00 1.600000000000000089e+00 -7.110000000000000434e-04 4.891999999999999647e-03 9.999879999999999880e-01 -9.944100000000000161e-02 9.950309999999999988e-01 -4.937999999999999681e-03 -9.950430000000000108e-01 -9.944400000000000461e-02 -2.210000000000000050e-04
1.900000000000000000e+01 2.100000000000000000e+01 6.000000000000000000e+01 0.000000000000000000e+00 1.600000000000000089e+00 -1.797999999999999902e-03 -7.690000000000000438e-04 9.999980000000000535e-01 -9.942600000000000049e-02 9.950449999999999573e-01 5.869999999999999567e-04 -9.950430000000000108e-01 -9.942499999999999949e-02 -1.864999999999999904e-03
2.500000000000000000e+01 2.100000000000000000e+01 6.000000000000000000e+01 0.000000000000000000e+00 1.600000000000000089e+00 3.066000000000000149e-03 2.971000000000000116e-03 9.999909999999999632e-01 -9.809500000000000164e-02 9.951729999999999743e-01 -2.655999999999999941e-03 -9.951719999999999455e-01 -9.808600000000000652e-02 3.343000000000000051e-03
2.800000000000000000e+01 2.100000000000000000e+01 6.000000000000000000e+01 0.000000000000000000e+00 1.600000000000000089e+00 3.425999999999999792e-03 -7.820000000000000345e-04 9.999940000000000495e-01 -9.854999999999999871e-02 9.951309999999999878e-01 1.115000000000000106e-03 -9.951259999999999550e-01 -9.855300000000000171e-02 3.331999999999999892e-03
2.800000000000000000e+01 3.000000000000000000e+00 6.300000000000000000e+01 0.000000000000000000e+00 1.600000000000000089e+00 1.405999999999999915e-03 4.204000000000000271e-03 9.999900000000000455e-01 -6.136479999999999713e-01 7.895759999999999446e-01 -2.455999999999999850e-03 -7.895790000000000308e-01 -6.136380000000000168e-01 3.690000000000000138e-03
1.000000000000000000e+00 2.700000000000000000e+01 6.300000000000000000e+01 0.000000000000000000e+00 1.600000000000000089e+00 -3.361999999999999971e-03 -3.840000000000000097e-04 9.999940000000000495e-01 -2.743720000000000048e-01 9.616230000000000055e-01 -5.529999999999999976e-04 -9.616179999999999728e-01 -2.743720000000000048e-01 -3.337999999999999821e-03
7.000000000000000000e+00 2.700000000000000000e+01 6.300000000000000000e+01 0.000000000000000000e+00 1.600000000000000089e+00 -1.265000000000000065e-03 -2.847000000000000138e-03 9.999949999999999672e-01 -2.794760000000000022e-01 9.601499999999999480e-01 2.380000000000000171e-03 -9.601520000000000055e-01 -2.794719999999999982e-01 -2.011000000000000201e-03
1.000000000000000000e+01 2.700000000000000000e+01 6.300000000000000000e+01 0.000000000000000000e+00 1.600000000000000089e+00 1.116999999999999937e-03 -2.530000000000000239e-04 9.999989999999999712e-01 -2.789940000000000198e-01 9.602929999999999522e-01 5.550000000000000462e-04 -9.602920000000000345e-01 -2.789940000000000198e-01 1.002000000000000069e-03
1.400000000000000000e+01 2.700000000000000000e+01 6.300000000000000000e+01 0.000000000000000000e+00 1.600000000000000089e+00 3.039000000000000035e-03 1.832999999999999994e-03 9.999940000000000495e-01 -2.750040000000000262e-01 9.614430000000000476e-01 -9.259999999999999568e-04 -9.614380000000000148e-01 -2.749989999999999934e-01 3.425999999999999792e-03
2.000000000000000000e+01 2.700000000000000000e+01 6.300000000000000000e+01 0.000000000000000000e+00 1.600000000000000089e+00 1.740000000000000010e-04 6.649000000000000396e-03 9.999780000000000335e-01 -2.728180000000000049e-01 9.620450000000000390e-01 -6.349999999999999742e-03 -9.620659999999999767e-01 -2.728110000000000257e-01 1.981000000000000122e-03
2.700000000000000000e+01 2.700000000000000000e+01 6.300000000000000000e+01 0.000000000000000000e+00 1.600000000000000089e+00 2.648000000000000180e-03 -3.181999999999999933e-03 9.999909999999999632e-01 -2.696580000000000088e-01 9.629490000000000549e-01 3.778000000000000108e-03 -9.629520000000000302e-01 -2.696660000000000168e-01 1.691999999999999928e-03
1.000000000000000000e+00 4.400000000000000000e+01 6.300000000000000000e+01 0.000000000000000000e+00 1.600000000000000089e+00 1.706399999999999931e-02 1.940000000000000058e-02 -9.996660000000000545e-01 -7.076320000000000388e-01 -7.061100000000000154e-01 -2.578199999999999936e-02 -7.063749999999999751e-01 7.078360000000000207e-01 1.678999999999999937e-03
6.000000000000000000e+00 4.400000000000000000e+01 6.300000000000000000e+01 0.000000000000000000e+00 1.600000000000000089e+00 9.593000000000000832e-03 -2.903599999999999931e-02 -9.995319999999999760e-01 -7.167919999999999847e-01 -6.971589999999999732e-01 1.337299999999999947e-02 -6.972209999999999797e-01 7.163279999999999648e-01 -2.750000000000000014e-02
7.000000000000000000e+00 2.600000000000000000e+01 6.400000000000000000e+01 0.000000000000000000e+00 1.600000000000000089e+00 -1.021999999999999905e-03 -2.625000000000000163e-03 9.999959999999999960e-01 -3.693210000000000104e-01 9.293000000000000149e-01 2.062000000000000031e-03 -9.293019999999999614e-01 -3.693170000000000064e-01 -1.918999999999999916e-03
1.000000000000000000e+01 2.600000000000000000e+01 6.400000000000000000e+01 0.000000000000000000e+00 1.600000000000000089e+00 7.100000000000000191e-04 7.179999999999999967e-04 9.999989999999999712e-01 -3.692460000000000186e-01 9.293310000000000182e-01 -4.049999999999999781e-04 -9.293310000000000182e-01 -3.692460000000000186e-01 9.250000000000000409e-04
1.400000000000000000e+01 2.600000000000000000e+01 6.400000000000000000e+01 0.000000000000000000e+00 1.600000000000000089e+00 2.407999999999999984e-03 2.128999999999999816e-03 9.999949999999999672e-01 -3.634129999999999860e-01 9.316269999999999829e-01 -1.108000000000000044e-03 -9.316250000000000364e-01 -3.634089999999999820e-01 3.017000000000000150e-03
2.000000000000000000e+01 2.600000000000000000e+01 6.400000000000000000e+01 0.000000000000000000e+00 1.600000000000000089e+00 -4.380000000000000213e-04 1.141000000000000087e-03 9.999989999999999712e-01 -3.600720000000000032e-01 9.329239999999999755e-01 -1.222999999999999912e-03 -9.329250000000000043e-01 -3.600720000000000032e-01 1.999999999999999909e-06
2.600000000000000000e+01 2.600000000000000000e+01 6.400000000000000000e+01 0.000000000000000000e+00 1.600000000000000089e+00 2.923999999999999950e-03 5.442999999999999922e-03 9.999810000000000088e-01 -3.571509999999999962e-01 9.340380000000000349e-01 -4.039000000000000055e-03 -9.340420000000000389e-01 -3.571329999999999782e-01 4.675000000000000336e-03
9.000000000000000000e+00 5.600000000000000000e+01 6.400000000000000000e+01 0.000000000000000000e+00 1.600000000000000089e+00 -1.450450000000000073e-01 2.622039999999999926e-01 -9.540499999999999536e-01 1.317699999999999948e-02 9.646730000000000027e-01 2.631200000000000205e-01 9.893370000000000219e-01 2.559300000000000117e-02 -1.433760000000000034e-01
2.500000000000000000e+01 4.800000000000000000e+01 6.500000000000000000e+01 0.000000000000000000e+00 1.600000000000000089e+00 -1.681229999999999947e-01 2.220409999999999884e-01 -9.604329999999999812e-01 -1.009209999999999968e-01 9.653049999999999686e-01 2.408329999999999915e-01 9.805859999999999577e-01 1.374180000000000124e-01 -1.398810000000000053e-01
2.600000000000000000e+01 4.900000000000000000e+01 6.600000000000000000e+01 0.000000000000000000e+00 1.600000000000000089e+00 -1.796510000000000051e-01 2.229520000000000113e-01 -9.581319999999999837e-01 -2.118520000000000125e-01 9.423559999999999715e-01 2.590040000000000120e-01 9.606479999999999464e-01 2.495130000000000126e-01 -1.220620000000000038e-01
1.900000000000000000e+01 5.100000000000000000e+01 6.600000000000000000e+01 0.000000000000000000e+00 1.600000000000000089e+00 2.218650000000000067e-01 9.705800000000000538e-02 9.702349999999999586e-01 4.330049999999999732e-01 8.817340000000000177e-01 -1.872209999999999985e-01 -8.736610000000000209e-01 4.616540000000000088e-01 1.535990000000000133e-01
