3.000000000000000000e+00 1.500000000000000000e+01 4.000000000000000000e+00 0.000000000000000000e+00 1.600000000000000089e+00 -1.962999999999999901e-03 -1.620800000000000018e-02 9.998669999999999503e-01 2.920289999999999830e-01 -9.562929999999999486e-01 -1.492899999999999956e-02 9.564070000000000071e-01 2.919610000000000261e-01 6.610000000000000424e-03
7.000000000000000000e+00 1.500000000000000000e+01 4.000000000000000000e+00 0.000000000000000000e+00 1.600000000000000089e+00 -2.262000000000000122e-03 -1.601199999999999846e-02 9.998690000000000078e-01 2.818269999999999942e-01 -9.593519999999999825e-01 -1.472500000000000024e-02 9.594629999999999548e-01 2.817569999999999797e-01 6.682999999999999705e-03
1.600000000000000000e+01 1.500000000000000000e+01 4.000000000000000000e+00 0.000000000000000000e+00 1.600000000000000089e+00 2.410999999999999949e-03 1.015999999999999976e-03 9.999970000000000248e-01 2.815739999999999910e-01 -9.595390000000000308e-01 2.959999999999999849e-04 9.595359999999999445e-01 2.815719999999999890e-01 -2.599000000000000182e-03
2.000000000000000000e+01 1.500000000000000000e+01 4.000000000000000000e+00 0.000000000000000000e+00 1.600000000000000089e+00 -9.430000000000000448e-04 2.931000000000000012e-03 9.999949999999999672e-01 2.913020000000000054e-01 -9.566259999999999764e-01 3.079000000000000140e-03 9.566310000000000091e-01 2.913029999999999786e-01 4.800000000000000122e-05
2.600000000000000000e+01 1.500000000000000000e+01 4.000000000000000000e+00 0.000000000000000000e+00 1.600000000000000089e+00 6.319999999999999663e-04 -1.544999999999999932e-03 9.999989999999999712e-01 2.957650000000000001e-01 -9.552589999999999693e-01 -1.662999999999999982e-03 9.552610000000000268e-01 2.957650000000000001e-01 -1.469999999999999953e-04
3.000000000000000000e+00 1.010000000000000000e+02 7.000000000000000000e+00 0.000000000000000000e+00 1.600000000000000089e+00 3.400000000000000244e-04 1.320499999999999972e-02 9.999130000000000518e-01 8.853720000000000478e-01 4.648379999999999734e-01 -6.440000000000000412e-03 -4.648829999999999907e-01 8.852970000000000006e-01 -1.153400000000000085e-02
1.600000000000000000e+01 1.010000000000000000e+02 7.000000000000000000e+00 0.000000000000000000e+00 1.600000000000000089e+00 -9.610000000000000486e-04 -6.768999999999999843e-03 9.999770000000000048e-01 8.856469999999999620e-01 4.643419999999999770e-01 3.994000000000000154e-03 -4.643579999999999930e-01 8.856300000000000283e-01 5.549000000000000113e-03
2.000000000000000000e+01 1.010000000000000000e+02 7.000000000000000000e+00 0.000000000000000000e+00 1.600000000000000089e+00 2.057999999999999934e-03 1.652999999999999955e-03 9.999959999999999960e-01 8.849759999999999849e-01 4.656299999999999883e-01 -2.590999999999999987e-03 -4.656330000000000191e-01 8.849780000000000424e-01 -5.050000000000000235e-04
2.800000000000000000e+01 1.010000000000000000e+02 7.000000000000000000e+00 0.000000000000000000e+00 1.600000000000000089e+00 -2.970000000000000092e-04 -6.821999999999999939e-03 9.999770000000000048e-01 8.865929999999999644e-01 4.625369999999999759e-01 3.419000000000000164e-03 -4.625500000000000167e-01 8.865730000000000555e-01 5.910999999999999588e-03
5.000000000000000000e+00 1.500000000000000000e+01 8.000000000000000000e+00 0.000000000000000000e+00 1.600000000000000089e+00 -2.096000000000000207e-03 -1.137499999999999969e-02 -9.999329999999999607e-01 -5.874869999999999814e-01 -8.091669999999999696e-01 1.043600000000000083e-02 -8.092310000000000336e-01 5.874690000000000190e-01 -4.987000000000000113e-03
1.400000000000000000e+01 1.500000000000000000e+01 8.000000000000000000e+00 0.000000000000000000e+00 1.600000000000000089e+00 -4.021000000000000268e-03 -6.963999999999999704e-03 -9.999679999999999680e-01 -5.900929999999999787e-01 -8.072960000000000136e-01 7.995000000000000370e-03 -8.073249999999999593e-01 5.901060000000000194e-01 -8.630000000000000518e-04
1.900000000000000000e+01 1.500000000000000000e+01 8.000000000000000000e+00 0.000000000000000000e+00 1.600000000000000089e+00 -2.168999999999999921e-03 -2.095000000000000074e-03 -9.999949999999999672e-01 -5.918299999999999672e-01 -8.060580000000000522e-01 2.972999999999999948e-03 -8.060599999999999987e-01 5.918330000000000535e-01 5.090000000000000123e-04
1.000000000000000000e+01 2.600000000000000000e+01 8.000000000000000000e+00 0.000000000000000000e+00 1.600000000000000089e+00 3.650000000000000033e-03 9.306000000000000036e-03 -9.999500000000000055e-01 4.022390000000000132e-01 9.154799999999999605e-01 9.988000000000000350e-03 9.155269999999999797e-01 -4.022549999999999737e-01 -4.020000000000000136e-04
7.000000000000000000e+00 2.400000000000000000e+01 9.000000000000000000e+00 0.000000000000000000e+00 1.600000000000000089e+00 2.400999999999999922e-03 3.902999999999999785e-03 -9.999890000000000168e-01 4.598260000000000125e-01 8.879970000000000363e-01 4.570000000000000277e-03 8.880059999999999620e-01 -4.598320000000000185e-01 3.379999999999999758e-04
1.400000000000000000e+01 2.400000000000000000e+01 9.000000000000000000e+00 0.000000000000000000e+00 1.600000000000000089e+00 2.887999999999999942e-03 5.386000000000000162e-03 -9.999810000000000088e-01 4.593979999999999730e-01 8.882100000000000550e-01 6.111000000000000112e-03 8.882259999999999600e-01 -4.594070000000000098e-01 9.100000000000000287e-05
1.900000000000000000e+01 2.400000000000000000e+01 9.000000000000000000e+00 0.000000000000000000e+00 1.600000000000000089e+00 2.488999999999999893e-03 9.589000000000000301e-03 -9.999510000000000343e-01 4.595210000000000128e-01 8.881139999999999590e-01 9.660999999999999449e-03 8.881639999999999535e-01 -4.595219999999999860e-01 -2.196000000000000035e-03
2.400000000000000000e+01 2.400000000000000000e+01 9.000000000000000000e+00 0.000000000000000000e+00 1.600000000000000089e+00 1.144999999999999967e-03 3.912999999999999812e-03 -9.999919999999999920e-01 4.597430000000000128e-01 8.880430000000000268e-01 4.001000000000000216e-03 8.880510000000000348e-01 -4.597439999999999860e-01 -7.820000000000000345e-04
2.900000000000000000e+01 2.400000000000000000e+01 9.000000000000000000e+00 0.000000000000000000e+00 1.600000000000000089e+00 1.992999999999999980e-03 8.068999999999999784e-03 -9.999649999999999928e-01 4.581529999999999769e-01 8.888369999999999882e-01 8.085000000000000173e-03 8.888709999999999667e-01 -4.581529999999999769e-01 -1.925000000000000062e-03
2.000000000000000000e+00 4.000000000000000000e+00 1.100000000000000000e+01 0.000000000000000000e+00 1.600000000000000089e+00 -1.167000000000000069e-03 -4.833999999999999755e-03 -9.999879999999999880e-01 2.189699999999999980e-01 9.757190000000000030e-01 -4.971999999999999857e-03 9.757310000000000150e-01 -2.189730000000000010e-01 -8.000000000000000654e-05
2.200000000000000000e+01 4.000000000000000000e+00 1.100000000000000000e+01 0.000000000000000000e+00 1.600000000000000089e+00 2.004000000000000139e-03 1.475899999999999955e-02 -9.998890000000000278e-01 2.084799999999999986e-01 9.779139999999999500e-01 1.485299999999999988e-02 9.780250000000000332e-01 -2.084860000000000047e-01 -1.116999999999999937e-03
2.600000000000000000e+01 4.000000000000000000e+00 1.100000000000000000e+01 0.000000000000000000e+00 1.600000000000000089e+00 3.079000000000000140e-03 2.056900000000000048e-02 -9.997840000000000060e-01 2.022110000000000019e-01 9.791220000000000478e-01 2.076700000000000074e-02 9.793370000000000131e-01 -2.022309999999999941e-01 -1.144999999999999967e-03
1.000000000000000000e+00 3.100000000000000000e+01 1.200000000000000000e+01 0.000000000000000000e+00 1.600000000000000089e+00 -1.299999999999999886e-04 1.593999999999999931e-03 9.999989999999999712e-01 -2.349199999999999899e-02 9.997230000000000283e-01 -1.595999999999999979e-03 -9.997239999999999460e-01 -2.349199999999999899e-02 -9.200000000000000007e-05
1.100000000000000000e+01 3.100000000000000000e+01 1.200000000000000000e+01 0.000000000000000000e+00 1.600000000000000089e+00 -1.585000000000000037e-03 1.441999999999999922e-03 9.999980000000000535e-01 -2.453500000000000125e-02 9.996979999999999755e-01 -1.480999999999999895e-03 -9.996979999999999755e-01 -2.453800000000000078e-02 -1.549999999999999946e-03
1.600000000000000000e+01 3.100000000000000000e+01 1.200000000000000000e+01 0.000000000000000000e+00 1.600000000000000089e+00 -9.150000000000000147e-04 1.381999999999999982e-03 9.999989999999999712e-01 -2.145899999999999891e-02 9.997690000000000188e-01 -1.400999999999999902e-03 -9.997690000000000188e-01 -2.145999999999999991e-02 -8.850000000000000444e-04
2.300000000000000000e+01 3.100000000000000000e+01 1.200000000000000000e+01 0.000000000000000000e+00 1.600000000000000089e+00 -2.649999999999999903e-04 5.130000000000000011e-04 1.000000000000000000e+00 -1.630300000000000152e-02 9.998669999999999503e-01 -5.169999999999999899e-04 -9.998669999999999503e-01 -1.630300000000000152e-02 -2.559999999999999884e-04
2.700000000000000000e+01 3.100000000000000000e+01 1.200000000000000000e+01 0.000000000000000000e+00 1.600000000000000089e+00 4.300000000000000165e-05 3.285000000000000159e-03 9.999949999999999672e-01 -1.710499999999999868e-02 9.998479999999999590e-01 -3.284000000000000027e-03 -9.998540000000000205e-01 -1.710499999999999868e-02 9.899999999999999404e-05
5.000000000000000000e+00 3.200000000000000000e+01 1.400000000000000000e+01 0.000000000000000000e+00 1.600000000000000089e+00 -3.060000000000000111e-04 -4.126000000000000327e-03 -9.999909999999999632e-01 1.179260000000000030e-01 9.930139999999999523e-01 -4.133999999999999654e-03 9.930219999999999603e-01 -1.179260000000000030e-01 1.830000000000000029e-04
8.000000000000000000e+00 3.200000000000000000e+01 1.400000000000000000e+01 0.000000000000000000e+00 1.600000000000000089e+00 2.762999999999999831e-03 -2.062000000000000031e-03 -9.999940000000000495e-01 1.190650000000000042e-01 9.928850000000000176e-01 -1.717999999999999909e-03 9.928829999999999600e-01 -1.190589999999999982e-01 2.988999999999999903e-03
5.000000000000000000e+00 1.200000000000000000e+01 1.500000000000000000e+01 0.000000000000000000e+00 1.600000000000000089e+00 4.870000000000000197e-04 -5.590000000000000351e-04 -1.000000000000000000e+00 -4.711110000000000020e-01 -8.820740000000000247e-01 2.640000000000000202e-04 -8.820740000000000247e-01 4.711110000000000020e-01 -6.930000000000000396e-04
8.000000000000000000e+00 1.200000000000000000e+01 1.500000000000000000e+01 0.000000000000000000e+00 1.600000000000000089e+00 -1.049999999999999935e-03 -5.800000000000000034e-05 -9.999989999999999712e-01 -4.724439999999999751e-01 -8.813609999999999500e-01 5.469999999999999602e-04 -8.813600000000000323e-01 4.724439999999999751e-01 8.980000000000000352e-04
1.400000000000000000e+01 1.200000000000000000e+01 1.500000000000000000e+01 0.000000000000000000e+00 1.600000000000000089e+00 -2.080999999999999951e-03 -1.337999999999999997e-03 -9.999970000000000248e-01 -4.736799999999999899e-01 -8.806950000000000056e-01 2.164000000000000125e-03 -8.806950000000000056e-01 4.736830000000000207e-01 1.198999999999999979e-03
1.800000000000000000e+01 1.200000000000000000e+01 1.500000000000000000e+01 0.000000000000000000e+00 1.600000000000000089e+00 -2.290000000000000098e-04 3.190000000000000019e-04 -1.000000000000000000e+00 -4.741969999999999796e-01 -8.804189999999999516e-01 -1.730000000000000038e-04 -8.804189999999999516e-01 4.741969999999999796e-01 3.530000000000000152e-04
2.900000000000000000e+01 1.200000000000000000e+01 1.500000000000000000e+01 0.000000000000000000e+00 1.600000000000000089e+00 -1.610000000000000103e-04 -2.347999999999999827e-03 -9.999970000000000248e-01 -4.706219999999999848e-01 -8.823320000000000052e-01 2.148000000000000170e-03 -8.823349999999999804e-01 4.706210000000000115e-01 -9.629999999999999888e-04
1.400000000000000000e+01 1.100000000000000000e+01 1.600000000000000000e+01 0.000000000000000000e+00 1.600000000000000089e+00 -1.600999999999999993e-03 -1.842000000000000104e-03 -9.999970000000000248e-01 -4.216550000000000020e-01 -9.067530000000000312e-01 2.344999999999999862e-03 -9.067549999999999777e-01 4.216579999999999773e-01 6.750000000000000357e-04
2.000000000000000000e+00 1.160000000000000000e+02 1.600000000000000000e+01 0.000000000000000000e+00 1.600000000000000089e+00 -1.299999999999999920e-05 -6.960000000000000041e-03 9.999759999999999760e-01 6.649969999999999493e-01 7.468280000000000474e-01 5.205999999999999690e-03 -7.468460000000000099e-01 6.649810000000000443e-01 4.618999999999999842e-03
1.200000000000000000e+01 1.160000000000000000e+02 1.600000000000000000e+01 0.000000000000000000e+00 1.600000000000000089e+00 -2.011000000000000201e-03 4.029999999999999837e-04 9.999980000000000535e-01 6.704510000000000192e-01 7.419529999999999736e-01 1.049999999999999935e-03 -7.419510000000000272e-01 6.704520000000000479e-01 -1.761999999999999894e-03
1.900000000000000000e+01 1.160000000000000000e+02 1.600000000000000000e+01 0.000000000000000000e+00 1.600000000000000089e+00 1.048000000000000103e-03 1.814000000000000074e-03 9.999980000000000535e-01 6.910680000000000156e-01 7.227869999999999573e-01 -2.034999999999999917e-03 -7.227890000000000148e-01 6.910690000000000444e-01 -4.960000000000000216e-04
2.700000000000000000e+01 1.160000000000000000e+02 1.600000000000000000e+01 0.000000000000000000e+00 1.600000000000000089e+00 -1.319999999999999993e-03 -2.305999999999999890e-03 9.999959999999999960e-01 6.734809999999999963e-01 7.391999999999999682e-01 2.593999999999999952e-03 -7.392030000000000545e-01 6.734820000000000251e-01 5.770000000000000389e-04
7.000000000000000000e+00 2.000000000000000000e+00 1.900000000000000000e+01 0.000000000000000000e+00 1.600000000000000089e+00 -1.240000000000000054e-04 -1.776999999999999934e-03 -9.999980000000000535e-01 2.109159999999999924e-01 -9.775030000000000108e-01 1.711000000000000064e-03 -9.775040000000000395e-01 -2.109149999999999914e-01 4.960000000000000216e-04
1.100000000000000000e+01 2.000000000000000000e+00 1.900000000000000000e+01 0.000000000000000000e+00 1.600000000000000089e+00 4.949999999999999973e-04 -4.993000000000000042e-03 -9.999869999999999592e-01 2.152030000000000054e-01 -9.765570000000000084e-01 4.982999999999999582e-03 -9.765690000000000204e-01 -2.152030000000000054e-01 5.910000000000000539e-04
1.500000000000000000e+01 2.000000000000000000e+00 1.900000000000000000e+01 0.000000000000000000e+00 1.600000000000000089e+00 7.680000000000000195e-04 -1.375600000000000087e-02 -9.999050000000000438e-01 2.197929999999999884e-01 -9.754519999999999857e-01 1.358900000000000038e-02 -9.755460000000000242e-01 -2.197830000000000061e-01 2.275000000000000112e-03
1.800000000000000000e+01 2.000000000000000000e+00 1.900000000000000000e+01 0.000000000000000000e+00 1.600000000000000089e+00 -8.090000000000000403e-04 -1.002800000000000046e-02 -9.999489999999999768e-01 2.207679999999999920e-01 -9.752790000000000070e-01 9.601999999999999424e-03 -9.753260000000000263e-01 -2.207490000000000008e-01 3.003000000000000027e-03
2.800000000000000000e+01 2.000000000000000000e+00 1.900000000000000000e+01 0.000000000000000000e+00 1.600000000000000089e+00 6.428999999999999819e-03 2.678999999999999958e-03 -9.999759999999999760e-01 2.154210000000000014e-01 -9.765209999999999724e-01 -1.231000000000000106e-03 -9.765000000000000346e-01 -2.154069999999999874e-01 -6.856000000000000115e-03
1.000000000000000000e+00 1.300000000000000000e+01 2.000000000000000000e+01 0.000000000000000000e+00 1.600000000000000089e+00 -2.364000000000000216e-03 -4.158000000000000237e-03 9.999890000000000168e-01 2.580950000000000188e-01 9.661089999999999955e-01 4.627000000000000036e-03 -9.661170000000000035e-01 2.581030000000000268e-01 -1.211000000000000054e-03
8.000000000000000000e+00 1.300000000000000000e+01 2.000000000000000000e+01 0.000000000000000000e+00 1.600000000000000089e+00 8.100000000000000375e-05 1.540000000000000028e-04 1.000000000000000000e+00 2.591040000000000010e-01 9.658489999999999576e-01 -1.700000000000000122e-04 -9.658489999999999576e-01 2.591040000000000010e-01 3.800000000000000209e-05
1.200000000000000000e+01 1.300000000000000000e+01 2.000000000000000000e+01 0.000000000000000000e+00 1.600000000000000089e+00 -8.769999999999999584e-04 2.811999999999999830e-03 9.999959999999999960e-01 2.608880000000000088e-01 9.653659999999999464e-01 -2.485999999999999929e-03 -9.653690000000000326e-01 2.608849999999999780e-01 -1.580000000000000024e-03
1.600000000000000000e+01 1.300000000000000000e+01 2.000000000000000000e+01 0.000000000000000000e+00 1.600000000000000089e+00 -6.489999999999999459e-04 2.207999999999999893e-03 9.999970000000000248e-01 2.607679999999999998e-01 9.653990000000000071e-01 -1.962000000000000202e-03 -9.654009999999999536e-01 2.607659999999999978e-01 -1.201999999999999943e-03
1.900000000000000000e+01 1.300000000000000000e+01 2.000000000000000000e+01 0.000000000000000000e+00 1.600000000000000089e+00 -3.190000000000000019e-04 1.348999999999999939e-03 9.999989999999999712e-01 2.606220000000000203e-01 9.654399999999999649e-01 -1.219000000000000031e-03 -9.654409999999999936e-01 2.606209999999999916e-01 -6.599999999999999964e-04
2.800000000000000000e+01 1.300000000000000000e+01 2.000000000000000000e+01 0.000000000000000000e+00 1.600000000000000089e+00 9.999999999999999547e-07 3.062000000000000052e-03 9.999949999999999672e-01 2.615709999999999980e-01 9.651800000000000379e-01 -2.955999999999999860e-03 -9.651840000000000419e-01 2.615689999999999960e-01 -8.000000000000000383e-04
5.000000000000000000e+00 1.600000000000000000e+01 2.100000000000000000e+01 0.000000000000000000e+00 1.600000000000000089e+00 -5.619999999999999996e-04 -2.621000000000000066e-03 9.999959999999999960e-01 3.016469999999999985e-01 9.534160000000000412e-01 2.668999999999999932e-03 -9.534200000000000452e-01 3.016469999999999985e-01 2.550000000000000183e-04
1.600000000000000000e+01 1.600000000000000000e+01 2.100000000000000000e+01 0.000000000000000000e+00 1.600000000000000089e+00 -1.131000000000000061e-03 1.302999999999999905e-03 9.999989999999999712e-01 3.021209999999999729e-01 9.532690000000000330e-01 -8.999999999999999754e-04 -9.532690000000000330e-01 3.021199999999999997e-01 -1.472000000000000001e-03
2.200000000000000000e+01 1.600000000000000000e+01 2.100000000000000000e+01 0.000000000000000000e+00 1.600000000000000089e+00 3.890000000000000228e-04 3.386000000000000121e-03 9.999940000000000495e-01 3.023689999999999989e-01 9.531849999999999490e-01 -3.344999999999999883e-03 -9.531910000000000105e-01 3.023680000000000256e-01 -6.530000000000000431e-04
2.800000000000000000e+01 1.600000000000000000e+01 2.100000000000000000e+01 0.000000000000000000e+00 1.600000000000000089e+00 -1.849999999999999973e-04 6.560999999999999992e-03 9.999780000000000335e-01 2.995869999999999922e-01 9.540490000000000359e-01 -6.204000000000000313e-03 -9.540689999999999449e-01 2.995789999999999842e-01 -2.141999999999999807e-03
8.000000000000000000e+00 4.600000000000000000e+01 2.700000000000000000e+01 0.000000000000000000e+00 1.600000000000000089e+00 1.441999999999999922e-03 2.771000000000000026e-03 -9.999949999999999672e-01 6.618770000000000486e-01 7.496070000000000233e-01 3.031999999999999973e-03 7.496110000000000273e-01 -6.618779999999999664e-01 -7.529999999999999801e-04
1.500000000000000000e+01 4.600000000000000000e+01 2.700000000000000000e+01 0.000000000000000000e+00 1.600000000000000089e+00 -4.028999999999999596e-03 -3.122999999999999908e-03 -9.999869999999999592e-01 6.592149999999999954e-01 7.519379999999999953e-01 -5.003999999999999768e-03 7.519439999999999458e-01 -6.592259999999999787e-01 -9.700000000000000505e-04
2.000000000000000000e+01 4.600000000000000000e+01 2.700000000000000000e+01 0.000000000000000000e+00 1.600000000000000089e+00 6.960000000000000041e-04 1.479000000000000063e-03 -9.999989999999999712e-01 6.579239999999999533e-01 7.530829999999999469e-01 1.572000000000000047e-03 7.530839999999999756e-01 -6.579239999999999533e-01 -4.490000000000000176e-04
3.000000000000000000e+01 4.600000000000000000e+01 2.700000000000000000e+01 0.000000000000000000e+00 1.600000000000000089e+00 1.484000000000000076e-03 1.353999999999999952e-03 -9.999980000000000535e-01 6.688889999999999558e-01 7.433600000000000207e-01 1.998999999999999909e-03 7.433610000000000495e-01 -6.688899999999999846e-01 1.979999999999999881e-04
9.000000000000000000e+00 4.600000000000000000e+01 3.000000000000000000e+01 0.000000000000000000e+00 1.600000000000000089e+00 9.470000000000000336e-04 1.015999999999999976e-03 -9.999989999999999712e-01 3.218230000000000257e-01 9.467989999999999462e-01 1.266999999999999897e-03 9.467989999999999462e-01 -3.218239999999999990e-01 5.689999999999999529e-04
1.300000000000000000e+01 4.600000000000000000e+01 3.000000000000000000e+01 0.000000000000000000e+00 1.600000000000000089e+00 -1.311000000000000099e-03 -3.648999999999999900e-03 -9.999919999999999920e-01 3.179890000000000216e-01 9.480870000000000131e-01 -3.876000000000000105e-03 9.480939999999999923e-01 -3.179910000000000236e-01 -8.299999999999999815e-05
1.900000000000000000e+01 4.600000000000000000e+01 3.000000000000000000e+01 0.000000000000000000e+00 1.600000000000000089e+00 -1.920000000000000049e-04 8.170000000000000179e-04 -1.000000000000000000e+00 3.187860000000000138e-01 9.478269999999999751e-01 7.140000000000000079e-04 9.478269999999999751e-01 -3.187849999999999850e-01 -4.420000000000000101e-04
2.300000000000000000e+01 4.600000000000000000e+01 3.000000000000000000e+01 0.000000000000000000e+00 1.600000000000000089e+00 1.351999999999999903e-03 -1.090000000000000067e-04 -9.999989999999999712e-01 3.241789999999999949e-01 9.459959999999999480e-01 3.350000000000000113e-04 9.459950000000000303e-01 -3.241789999999999949e-01 1.314000000000000064e-03
4.000000000000000000e+00 5.800000000000000000e+01 3.100000000000000000e+01 0.000000000000000000e+00 1.600000000000000089e+00 -5.490000000000000088e-04 -4.893999999999999913e-03 9.999879999999999880e-01 -7.747110000000000385e-01 -6.323060000000000347e-01 -3.520000000000000125e-03 6.323159999999999892e-01 -7.747030000000000305e-01 -3.444000000000000013e-03
7.000000000000000000e+00 5.800000000000000000e+01 3.100000000000000000e+01 0.000000000000000000e+00 1.600000000000000089e+00 2.099000000000000171e-03 -4.319999999999999838e-04 9.999980000000000535e-01 -7.766760000000000330e-01 -6.298989999999999867e-01 1.358999999999999965e-03 6.298970000000000402e-01 -7.766769999999999508e-01 -1.657999999999999969e-03
1.500000000000000000e+01 5.800000000000000000e+01 3.100000000000000000e+01 0.000000000000000000e+00 1.600000000000000089e+00 -1.348999999999999939e-03 -2.106999999999999932e-03 9.999970000000000248e-01 -7.791529999999999845e-01 -6.268289999999999695e-01 -2.371999999999999977e-03 6.268319999999999448e-01 -7.791540000000000132e-01 -7.960000000000000495e-04
2.100000000000000000e+01 5.800000000000000000e+01 3.100000000000000000e+01 0.000000000000000000e+00 1.600000000000000089e+00 -2.175999999999999983e-03 -2.124000000000000020e-03 9.999949999999999672e-01 -7.793029999999999680e-01 -6.266399999999999748e-01 -3.027000000000000177e-03 6.266429999999999501e-01 -7.793060000000000542e-01 -2.919999999999999961e-04
2.300000000000000000e+01 5.800000000000000000e+01 3.100000000000000000e+01 0.000000000000000000e+00 1.600000000000000089e+00 -1.280000000000000105e-03 -1.897999999999999948e-03 9.999970000000000248e-01 -7.809819999999999540e-01 -6.245500000000000496e-01 -2.184999999999999876e-03 6.245519999999999960e-01 -7.809829999999999828e-01 -6.830000000000000134e-04
2.000000000000000000e+00 4.600000000000000000e+01 3.500000000000000000e+01 0.000000000000000000e+00 1.600000000000000089e+00 2.369999999999999874e-04 -1.360000000000000098e-03 -9.999989999999999712e-01 3.836249999999999938e-01 -9.234879999999999756e-01 1.347000000000000107e-03 -9.234890000000000043e-01 -3.836249999999999938e-01 3.029999999999999924e-04
6.000000000000000000e+00 4.600000000000000000e+01 3.500000000000000000e+01 0.000000000000000000e+00 1.600000000000000089e+00 -7.299999999999999903e-05 -3.771000000000000046e-03 -9.999930000000000208e-01 3.852479999999999793e-01 -9.228070000000000439e-01 3.452000000000000207e-03 -9.228129999999999944e-01 -3.852450000000000041e-01 1.521000000000000000e-03
1.000000000000000000e+01 4.600000000000000000e+01 3.500000000000000000e+01 0.000000000000000000e+00 1.600000000000000089e+00 3.899999999999999929e-04 -5.768999999999999823e-03 -9.999829999999999552e-01 3.854779999999999873e-01 -9.227009999999999934e-01 5.473999999999999699e-03 -9.227170000000000094e-01 -3.854730000000000101e-01 1.863999999999999988e-03
1.300000000000000000e+01 4.600000000000000000e+01 3.500000000000000000e+01 0.000000000000000000e+00 1.600000000000000089e+00 7.700000000000000139e-05 -1.177000000000000095e-03 -9.999989999999999712e-01 3.851010000000000266e-01 -9.228739999999999721e-01 1.116000000000000021e-03 -9.228750000000000009e-01 -3.851010000000000266e-01 3.820000000000000153e-04
1.900000000000000000e+01 4.600000000000000000e+01 3.500000000000000000e+01 0.000000000000000000e+00 1.600000000000000089e+00 -1.610000000000000103e-04 -1.589999999999999888e-04 -1.000000000000000000e+00 3.858969999999999900e-01 -9.225419999999999732e-01 8.399999999999999535e-05 -9.225419999999999732e-01 -3.858969999999999900e-01 2.100000000000000087e-04
2.300000000000000000e+01 4.600000000000000000e+01 3.500000000000000000e+01 0.000000000000000000e+00 1.600000000000000089e+00 -1.632999999999999903e-03 6.260000000000000373e-04 -9.999989999999999712e-01 3.852820000000000134e-01 -9.227980000000000071e-01 -1.206999999999999957e-03 -9.227969999999999784e-01 -3.852840000000000154e-01 1.265999999999999981e-03
2.800000000000000000e+01 4.600000000000000000e+01 3.500000000000000000e+01 0.000000000000000000e+00 1.600000000000000089e+00 -2.239999999999999804e-03 6.322000000000000362e-03 -9.999780000000000335e-01 3.854049999999999976e-01 -9.227229999999999599e-01 -6.696999999999999828e-03 -9.227450000000000374e-01 -3.854110000000000036e-01 -3.690000000000000246e-04
3.000000000000000000e+00 9.500000000000000000e+01 3.600000000000000000e+01 0.000000000000000000e+00 1.600000000000000089e+00 -7.752000000000000210e-03 -2.115900000000000072e-02 9.997460000000000235e-01 9.972060000000000368e-01 7.412299999999999445e-02 9.301000000000000240e-03 -7.430100000000000593e-02 9.970250000000000501e-01 2.052500000000000158e-02
8.000000000000000000e+00 9.500000000000000000e+01 3.600000000000000000e+01 0.000000000000000000e+00 1.600000000000000089e+00 3.569000000000000124e-03 1.491899999999999997e-02 9.998820000000000485e-01 9.975180000000000158e-01 7.026399999999999313e-02 -4.609000000000000249e-03 -7.032499999999999862e-02 9.974169999999999980e-01 -1.463099999999999991e-02
1.300000000000000000e+01 9.500000000000000000e+01 3.600000000000000000e+01 0.000000000000000000e+00 1.600000000000000089e+00 -1.810000000000000085e-04 -1.069999999999999988e-03 9.999989999999999712e-01 9.975950000000000095e-01 6.930899999999999561e-02 2.539999999999999940e-04 -6.930899999999999561e-02 9.975950000000000095e-01 1.054999999999999948e-03
1.800000000000000000e+01 9.500000000000000000e+01 3.600000000000000000e+01 0.000000000000000000e+00 1.600000000000000089e+00 3.148000000000000190e-03 -1.822800000000000115e-02 9.998289999999999678e-01 9.973940000000000028e-01 7.212999999999999967e-02 -1.825000000000000016e-03 -7.208399999999999530e-02 9.972290000000000321e-01 1.840800000000000075e-02
2.300000000000000000e+01 9.500000000000000000e+01 3.600000000000000000e+01 0.000000000000000000e+00 1.600000000000000089e+00 3.370000000000000166e-03 2.422000000000000108e-03 9.999909999999999632e-01 9.967979999999999619e-01 7.988099999999999368e-02 -3.553000000000000169e-03 -7.988900000000000168e-02 9.968010000000000481e-01 -2.145000000000000205e-03
2.800000000000000000e+01 9.500000000000000000e+01 3.600000000000000000e+01 0.000000000000000000e+00 1.600000000000000089e+00 -1.526000000000000013e-03 -7.978999999999999981e-03 9.999670000000000503e-01 9.964840000000000364e-01 8.375699999999999812e-02 2.188999999999999974e-03 -8.377199999999999924e-02 9.964539999999999509e-01 7.823000000000000093e-03
5.000000000000000000e+00 3.000000000000000000e+00 4.300000000000000000e+01 0.000000000000000000e+00 1.600000000000000089e+00 -8.299999999999999815e-05 6.729999999999999871e-04 -1.000000000000000000e+00 7.365319999999999645e-01 -6.764019999999999477e-01 -5.159999999999999656e-04 -6.764019999999999477e-01 -7.365319999999999645e-01 -4.400000000000000157e-04
8.000000000000000000e+00 3.000000000000000000e+00 4.300000000000000000e+01 0.000000000000000000e+00 1.600000000000000089e+00 -2.056999999999999801e-03 -4.545999999999999694e-03 -9.999879999999999880e-01 7.346970000000000445e-01 -6.783940000000000525e-01 1.572999999999999962e-03 -6.783930000000000238e-01 -7.346840000000000037e-01 4.735999999999999759e-03
1.300000000000000000e+01 3.000000000000000000e+00 4.300000000000000000e+01 0.000000000000000000e+00 1.600000000000000089e+00 -1.570999999999999914e-03 -1.131199999999999914e-02 -9.999350000000000183e-01 7.378900000000000459e-01 -6.748899999999999899e-01 6.475999999999999986e-03 -6.749190000000000467e-01 -7.378310000000000146e-01 9.407000000000000431e-03
1.500000000000000000e+01 3.000000000000000000e+00 4.300000000000000000e+01 0.000000000000000000e+00 1.600000000000000089e+00 -2.618999999999999800e-03 -2.087599999999999872e-02 -9.997789999999999733e-01 7.388719999999999732e-01 -6.737370000000000303e-01 1.213200000000000042e-02 -6.738410000000000233e-01 -7.386770000000000280e-01 1.718899999999999942e-02
2.200000000000000000e+01 3.000000000000000000e+00 4.300000000000000000e+01 0.000000000000000000e+00 1.600000000000000089e+00 -1.786999999999999960e-03 -7.444000000000000096e-03 -9.999710000000000543e-01 7.416540000000000354e-01 -6.707720000000000349e-01 3.667999999999999820e-03 -6.707800000000000429e-01 -7.416260000000000074e-01 6.720000000000000279e-03
6.000000000000000000e+00 2.900000000000000000e+01 4.400000000000000000e+01 0.000000000000000000e+00 1.600000000000000089e+00 -1.608000000000000054e-03 -1.859999999999999945e-04 -9.999989999999999712e-01 6.751209999999999711e-01 7.377059999999999729e-01 -1.222999999999999912e-03 7.377050000000000551e-01 -6.751219999999999999e-01 -1.059999999999999961e-03
1.000000000000000000e+01 2.900000000000000000e+01 4.400000000000000000e+01 0.000000000000000000e+00 1.600000000000000089e+00 -2.367999999999999879e-03 -2.151000000000000134e-03 -9.999949999999999672e-01 6.795269999999999921e-01 7.336430000000000451e-01 -3.187000000000000163e-03 7.336460000000000203e-01 -6.795309999999999961e-01 -2.759999999999999867e-04
1.900000000000000000e+01 2.900000000000000000e+01 4.400000000000000000e+01 0.000000000000000000e+00 1.600000000000000089e+00 -3.327999999999999795e-03 1.026999999999999918e-03 -9.999940000000000495e-01 6.648140000000000160e-01 7.470069999999999766e-01 -1.445000000000000104e-03 7.470010000000000261e-01 -6.648150000000000448e-01 -3.168999999999999942e-03
1.200000000000000000e+01 5.400000000000000000e+01 4.600000000000000000e+01 0.000000000000000000e+00 1.600000000000000089e+00 -5.159999999999999656e-04 -3.628999999999999847e-03 9.999930000000000208e-01 3.289139999999999842e-01 -9.443540000000000267e-01 -3.256999999999999913e-03 9.443599999999999772e-01 3.289099999999999802e-01 1.680999999999999986e-03
9.000000000000000000e+00 7.400000000000000000e+01 4.900000000000000000e+01 0.000000000000000000e+00 1.600000000000000089e+00 -3.154000000000000119e-03 -3.229999999999999907e-04 9.999949999999999672e-01 -9.798940000000000428e-01 1.994970000000000077e-01 -3.026000000000000044e-03 -1.994950000000000057e-01 -9.798980000000000468e-01 -9.460000000000000093e-04
5.000000000000000000e+00 6.300000000000000000e+01 5.400000000000000000e+01 0.000000000000000000e+00 1.600000000000000089e+00 -5.439999999999999957e-04 -2.700000000000000143e-03 9.999959999999999960e-01 -3.585269999999999846e-01 9.335160000000000124e-01 2.324999999999999810e-03 -9.335189999999999877e-01 -3.585249999999999826e-01 -1.476000000000000098e-03
1.300000000000000000e+01 6.300000000000000000e+01 5.400000000000000000e+01 0.000000000000000000e+00 1.600000000000000089e+00 1.179999999999999951e-04 2.644000000000000083e-03 9.999959999999999960e-01 -3.524089999999999723e-01 9.358429999999999804e-01 -2.432999999999999833e-03 -9.358459999999999557e-01 -3.524070000000000258e-01 1.041999999999999958e-03
1.700000000000000000e+01 6.300000000000000000e+01 5.400000000000000000e+01 0.000000000000000000e+00 1.600000000000000089e+00 -1.572999999999999962e-03 1.518999999999999951e-03 9.999980000000000535e-01 -3.500409999999999910e-01 9.367320000000000091e-01 -1.972999999999999927e-03 -9.367330000000000378e-01 -3.500429999999999930e-01 -9.420000000000000205e-04
2.500000000000000000e+01 6.300000000000000000e+01 5.400000000000000000e+01 0.000000000000000000e+00 1.600000000000000089e+00 3.249999999999999851e-04 -1.688999999999999963e-03 9.999989999999999712e-01 -3.488049999999999762e-01 9.371939999999999715e-01 1.696999999999999941e-03 -9.371950000000000003e-01 -3.488049999999999762e-01 -2.849999999999999886e-04
2.900000000000000000e+01 6.300000000000000000e+01 5.400000000000000000e+01 0.000000000000000000e+00 1.600000000000000089e+00 1.698999999999999989e-03 -1.093999999999999920e-03 9.999980000000000535e-01 -3.546320000000000028e-01 9.350039999999999463e-01 1.626000000000000058e-03 -9.350039999999999463e-01 -3.546340000000000048e-01 1.201000000000000028e-03
7.000000000000000000e+00 2.500000000000000000e+01 5.500000000000000000e+01 0.000000000000000000e+00 1.600000000000000089e+00 9.749999999999999552e-04 -1.373000000000000088e-03 -9.999989999999999712e-01 -1.071399999999999957e-02 -9.999419999999999975e-01 1.361999999999999929e-03 -9.999419999999999975e-01 1.071199999999999930e-02 -9.899999999999999946e-04
1.900000000000000000e+01 2.500000000000000000e+01 5.500000000000000000e+01 0.000000000000000000e+00 1.600000000000000089e+00 1.164000000000000104e-03 1.100000000000000066e-03 -9.999989999999999712e-01 -1.082200000000000002e-02 -9.999409999999999688e-01 -1.111999999999999924e-03 -9.999409999999999688e-01 1.082400000000000029e-02 -1.152000000000000029e-03
2.700000000000000000e+01 2.500000000000000000e+01 5.500000000000000000e+01 0.000000000000000000e+00 1.600000000000000089e+00 -1.033999999999999980e-03 1.730000000000000038e-04 -9.999989999999999712e-01 -9.376999999999999919e-03 -9.999559999999999560e-01 -1.630000000000000047e-04 -9.999550000000000383e-01 9.376000000000000653e-03 1.036000000000000029e-03
1.100000000000000000e+01 6.800000000000000000e+01 5.700000000000000000e+01 0.000000000000000000e+00 1.600000000000000089e+00 1.830000000000000029e-03 -2.432000000000000134e-03 -9.999949999999999672e-01 -2.438140000000000029e-01 -9.698200000000000154e-01 1.912999999999999987e-03 -9.698200000000000154e-01 2.438089999999999979e-01 -2.367999999999999879e-03
2.000000000000000000e+00 2.100000000000000000e+01 6.000000000000000000e+01 0.000000000000000000e+00 1.600000000000000089e+00 2.599999999999999840e-05 1.990000000000000124e-04 1.000000000000000000e+00 -9.549199999999999355e-02 9.954300000000000370e-01 -1.959999999999999937e-04 -9.954300000000000370e-01 -9.549199999999999355e-02 4.500000000000000283e-05
6.000000000000000000e+00 2.100000000000000000e+01 6.000000000000000000e+01 0.000000000000000000e+00 1.600000000000000089e+00 -1.245999999999999929e-03 4.670000000000000214e-04 9.999989999999999712e-01 -9.486100000000000088e-02 9.954899999999999860e-01 -5.829999999999999679e-04 -9.954899999999999860e-01 -9.486200000000000188e-02 -1.196000000000000014e-03
1.300000000000000000e+01 2.100000000000000000e+01 6.000000000000000000e+01 0.000000000000000000e+00 1.600000000000000089e+00 -3.770000000000000022e-04 -5.714000000000000329e-03 9.999839999999999840e-01 -9.566299999999999804e-02 9.953980000000000050e-01 5.651999999999999906e-03 -9.954140000000000210e-01 -9.565899999999999403e-02 -9.219999999999999680e-04
2.000000000000000000e+01 2.100000000000000000e+01 6.000000000000000000e+01 0.000000000000000000e+00 1.600000000000000089e+00 -1.699999999999999987e-05 1.696999999999999941e-03 9.999989999999999712e-01 -9.661699999999999455e-02 9.953199999999999825e-01 -1.691000000000000012e-03 -9.953220000000000400e-01 -9.661699999999999455e-02 1.469999999999999953e-04
2.300000000000000000e+01 2.100000000000000000e+01 6.000000000000000000e+01 0.000000000000000000e+00 1.600000000000000089e+00 6.800000000000000488e-04 -5.302000000000000289e-03 9.999860000000000415e-01 -9.713900000000000312e-02 9.952560000000000295e-01 5.342999999999999659e-03 -9.952710000000000168e-01 -9.714100000000000512e-02 1.620000000000000075e-04
1.000000000000000000e+00 6.000000000000000000e+00 6.100000000000000000e+01 0.000000000000000000e+00 1.600000000000000089e+00 1.384000000000000031e-03 -1.420000000000000092e-04 9.999989999999999712e-01 5.601120000000000543e-01 -8.284160000000000412e-01 -8.930000000000000221e-04 8.284160000000000412e-01 5.601129999999999720e-01 -1.067000000000000023e-03
1.500000000000000000e+01 6.000000000000000000e+00 6.100000000000000000e+01 0.000000000000000000e+00 1.600000000000000089e+00 1.595000000000000064e-03 6.329000000000000424e-03 9.999789999999999512e-01 5.592420000000000169e-01 -8.289929999999999799e-01 4.355000000000000364e-03 8.290030000000000454e-01 5.592230000000000256e-01 -4.862000000000000002e-03
1.700000000000000000e+01 4.000000000000000000e+00 6.200000000000000000e+01 0.000000000000000000e+00 1.600000000000000089e+00 -1.587000000000000086e-03 -2.154000000000000099e-03 9.999959999999999960e-01 -6.131079999999999863e-01 7.899990000000000068e-01 7.290000000000000473e-04 -7.899969999999999493e-01 -6.131050000000000111e-01 -2.573999999999999899e-03
8.000000000000000000e+00 3.000000000000000000e+00 6.300000000000000000e+01 0.000000000000000000e+00 1.600000000000000089e+00 2.930000000000000204e-04 -3.755000000000000091e-03 9.999930000000000208e-01 -6.109019999999999451e-01 7.916999999999999593e-01 3.151999999999999854e-03 -7.917060000000000208e-01 -6.108980000000000521e-01 -2.062000000000000031e-03
2.800000000000000000e+01 3.000000000000000000e+00 6.300000000000000000e+01 0.000000000000000000e+00 1.600000000000000089e+00 1.320999999999999909e-03 5.334000000000000200e-03 9.999850000000000128e-01 -6.118580000000000130e-01 7.909599999999999964e-01 -3.410999999999999970e-03 -7.909669999999999757e-01 -6.118440000000000545e-01 4.309000000000000330e-03
4.000000000000000000e+00 2.700000000000000000e+01 6.300000000000000000e+01 0.000000000000000000e+00 1.600000000000000089e+00 -1.012000000000000096e-03 -2.121000000000000055e-03 9.999970000000000248e-01 -2.782810000000000006e-01 9.604979999999999629e-01 1.755999999999999965e-03 -9.604989999999999917e-01 -2.782780000000000253e-01 -1.562000000000000020e-03
1.000000000000000000e+01 2.700000000000000000e+01 6.300000000000000000e+01 0.000000000000000000e+00 1.600000000000000089e+00 1.320000000000000101e-04 -5.329000000000000403e-03 9.999860000000000415e-01 -2.790239999999999942e-01 9.602699999999999569e-01 5.153999999999999727e-03 -9.602840000000000265e-01 -2.790210000000000190e-01 -1.361000000000000014e-03
1.300000000000000000e+01 2.700000000000000000e+01 6.300000000000000000e+01 0.000000000000000000e+00 1.600000000000000089e+00 5.039999999999999992e-04 -2.112000000000000162e-03 9.999980000000000535e-01 -2.778619999999999979e-01 9.606179999999999719e-01 2.168999999999999921e-03 -9.606209999999999471e-01 -2.778630000000000266e-01 -1.029999999999999964e-04
1.700000000000000000e+01 2.700000000000000000e+01 6.300000000000000000e+01 0.000000000000000000e+00 1.600000000000000089e+00 -6.740000000000000114e-04 4.510000000000000120e-04 1.000000000000000000e+00 -2.755210000000000159e-01 9.612950000000000106e-01 -6.189999999999999756e-04 -9.612950000000000106e-01 -2.755219999999999891e-01 -5.230000000000000274e-04
