3.000000000000000000e+00 2.500000000000000000e+01 1.000000000000000000e+00 0.000000000000000000e+00 1.600000000000000089e+00 8.189999999999999581e-04 -4.533999999999999836e-03 -9.999890000000000168e-01 -5.269169999999999687e-01 -8.499100000000000543e-01 3.420999999999999996e-03 -8.499170000000000336e-01 5.269080000000000430e-01 -3.085000000000000069e-03
2.500000000000000000e+01 2.500000000000000000e+01 1.000000000000000000e+00 0.000000000000000000e+00 1.600000000000000089e+00 -2.543999999999999821e-03 -1.170599999999999939e-02 -9.999280000000000390e-01 -5.296950000000000269e-01 -8.481130000000000058e-01 1.127599999999999957e-02 -8.481840000000000490e-01 5.296859999999999902e-01 -4.042999999999999719e-03
2.900000000000000000e+01 2.500000000000000000e+01 1.000000000000000000e+00 0.000000000000000000e+00 1.600000000000000089e+00 -1.557999999999999923e-03 -4.348999999999999568e-03 -9.999890000000000168e-01 -5.327039999999999553e-01 -8.462899999999999867e-01 4.511000000000000253e-03 -8.463000000000000522e-01 5.327049999999999841e-01 -9.979999999999999722e-04
6.000000000000000000e+00 1.500000000000000000e+01 4.000000000000000000e+00 0.000000000000000000e+00 1.600000000000000089e+00 2.675999999999999993e-03 1.074699999999999961e-02 9.999390000000000223e-01 3.211829999999999963e-01 -9.469710000000000072e-01 9.317999999999999894e-03 9.470129999999999937e-01 3.211379999999999790e-01 -5.984999999999999869e-03
1.300000000000000000e+01 1.500000000000000000e+01 4.000000000000000000e+00 0.000000000000000000e+00 1.600000000000000089e+00 -6.780000000000000002e-04 -2.722000000000000027e-03 9.999959999999999960e-01 3.266169999999999907e-01 -9.451540000000000497e-01 -2.350999999999999791e-03 9.451570000000000249e-01 3.266140000000000154e-01 1.529999999999999893e-03
1.800000000000000000e+01 1.500000000000000000e+01 4.000000000000000000e+00 0.000000000000000000e+00 1.600000000000000089e+00 -1.050000000000000044e-04 -6.583999999999999575e-03 9.999780000000000335e-01 3.198170000000000179e-01 -9.474590000000000511e-01 -6.204999999999999578e-03 9.474789999999999601e-01 3.198099999999999832e-01 2.204999999999999929e-03
2.300000000000000000e+01 1.500000000000000000e+01 4.000000000000000000e+00 0.000000000000000000e+00 1.600000000000000089e+00 1.069000000000000072e-03 -3.549000000000000071e-03 9.999930000000000208e-01 3.121769999999999823e-01 -9.500170000000000003e-01 -3.704999999999999960e-03 9.500229999999999508e-01 3.121789999999999843e-01 9.299999999999999727e-05
2.800000000000000000e+01 1.500000000000000000e+01 4.000000000000000000e+00 0.000000000000000000e+00 1.600000000000000089e+00 -4.148999999999999910e-03 -6.117000000000000041e-03 9.999730000000000008e-01 3.147780000000000022e-01 -9.491549999999999709e-01 -4.499999999999999660e-03 9.491559999999999997e-01 3.147499999999999742e-01 5.864000000000000289e-03
2.500000000000000000e+01 1.600000000000000000e+01 4.000000000000000000e+00 0.000000000000000000e+00 1.600000000000000089e+00 1.269999999999999970e-04 -3.396000000000000147e-03 9.999940000000000495e-01 3.890069999999999917e-01 -9.212299999999999933e-01 -3.177999999999999835e-03 9.212350000000000261e-01 3.890049999999999897e-01 1.203999999999999992e-03
5.000000000000000000e+00 1.010000000000000000e+02 7.000000000000000000e+00 0.000000000000000000e+00 1.600000000000000089e+00 -1.592000000000000099e-03 1.527799999999999991e-02 9.998820000000000485e-01 8.916399999999999881e-01 4.527120000000000033e-01 -5.498000000000000283e-03 -4.527419999999999778e-01 8.915260000000000407e-01 -1.434400000000000085e-02
2.000000000000000000e+01 1.010000000000000000e+02 7.000000000000000000e+00 0.000000000000000000e+00 1.600000000000000089e+00 1.268400000000000083e-02 -1.552800000000000014e-02 9.997989999999999933e-01 8.710520000000000485e-01 4.911789999999999767e-01 -3.422000000000000128e-03 -4.910269999999999913e-01 8.709200000000000275e-01 1.975599999999999926e-02
7.000000000000000000e+00 2.500000000000000000e+01 8.000000000000000000e+00 0.000000000000000000e+00 1.600000000000000089e+00 -1.639999999999999965e-03 -3.397999999999999979e-03 -9.999930000000000208e-01 4.513889999999999847e-01 8.923189999999999733e-01 -3.772000000000000179e-03 8.923259999999999525e-01 -4.513920000000000154e-01 7.100000000000000462e-05
1.500000000000000000e+01 2.500000000000000000e+01 8.000000000000000000e+00 0.000000000000000000e+00 1.600000000000000089e+00 2.086999999999999880e-03 8.640999999999999376e-03 -9.999599999999999600e-01 4.512880000000000225e-01 8.923360000000000181e-01 8.652999999999999234e-03 8.923759999999999470e-01 -4.512880000000000225e-01 -2.037999999999999881e-03
2.500000000000000000e+01 2.500000000000000000e+01 8.000000000000000000e+00 0.000000000000000000e+00 1.600000000000000089e+00 -1.559999999999999972e-04 2.959999999999999958e-03 -9.999959999999999960e-01 4.524710000000000121e-01 8.917760000000000131e-01 2.569000000000000103e-03 8.917789999999999884e-01 -4.524679999999999813e-01 -1.477999999999999930e-03
6.000000000000000000e+00 2.400000000000000000e+01 9.000000000000000000e+00 0.000000000000000000e+00 1.600000000000000089e+00 -1.778000000000000067e-03 -1.060000000000000016e-04 -9.999980000000000535e-01 4.546769999999999978e-01 8.906560000000000032e-01 -9.020000000000000240e-04 8.906539999999999457e-01 -4.546780000000000266e-01 -1.534999999999999906e-03
1.500000000000000000e+01 2.400000000000000000e+01 9.000000000000000000e+00 0.000000000000000000e+00 1.600000000000000089e+00 1.935000000000000088e-03 7.400000000000000328e-03 -9.999710000000000543e-01 4.551709999999999923e-01 8.903729999999999700e-01 7.470000000000000077e-03 8.904020000000000268e-01 -4.551720000000000210e-01 -1.644999999999999978e-03
1.900000000000000000e+01 2.400000000000000000e+01 9.000000000000000000e+00 0.000000000000000000e+00 1.600000000000000089e+00 1.469999999999999953e-04 7.782999999999999988e-03 -9.999700000000000255e-01 4.551439999999999930e-01 8.903900000000000148e-01 6.997999999999999880e-03 8.904180000000000428e-01 -4.551310000000000078e-01 -3.410999999999999970e-03
2.500000000000000000e+01 2.400000000000000000e+01 9.000000000000000000e+00 0.000000000000000000e+00 1.600000000000000089e+00 5.599999999999999916e-05 2.531999999999999963e-03 -9.999970000000000248e-01 4.563900000000000179e-01 8.897770000000000401e-01 2.279000000000000210e-03 8.897800000000000153e-01 -4.563880000000000159e-01 -1.105999999999999995e-03
2.800000000000000000e+01 2.400000000000000000e+01 9.000000000000000000e+00 0.000000000000000000e+00 1.600000000000000089e+00 2.237999999999999972e-03 -5.971999999999999878e-03 -9.999799999999999800e-01 4.549940000000000095e-01 8.904840000000000533e-01 -4.300000000000000003e-03 8.904919999999999503e-01 -4.549750000000000183e-01 4.709999999999999777e-03
5.000000000000000000e+00 4.000000000000000000e+00 1.100000000000000000e+01 0.000000000000000000e+00 1.600000000000000089e+00 -4.590999999999999942e-02 9.148299999999999488e-02 -9.947479999999999656e-01 1.583589999999999998e-01 9.838719999999999688e-01 8.317399999999999793e-02 9.863140000000000240e-01 -1.537090000000000123e-01 -5.965700000000000169e-02
1.100000000000000000e+01 4.000000000000000000e+00 1.100000000000000000e+01 0.000000000000000000e+00 1.600000000000000089e+00 -6.235000000000000091e-03 -2.462500000000000105e-02 -9.996770000000000378e-01 2.400380000000000014e-01 9.704310000000000436e-01 -2.540099999999999997e-02 9.707440000000000513e-01 -2.401189999999999991e-01 -1.399999999999999877e-04
1.800000000000000000e+01 4.000000000000000000e+00 1.100000000000000000e+01 0.000000000000000000e+00 1.600000000000000089e+00 7.367000000000000284e-03 3.798599999999999893e-02 -9.992510000000000003e-01 2.370420000000000027e-01 9.707299999999999818e-01 3.864900000000000280e-02 9.714709999999999734e-01 -2.371499999999999997e-01 -1.853000000000000046e-03
2.400000000000000000e+01 4.000000000000000000e+00 1.100000000000000000e+01 0.000000000000000000e+00 1.600000000000000089e+00 7.853000000000000605e-03 7.045500000000000373e-02 -9.974840000000000373e-01 1.984110000000000040e-01 9.775719999999999965e-01 7.061000000000000609e-02 9.800870000000000415e-01 -1.984670000000000045e-01 -6.302000000000000310e-03
3.000000000000000000e+01 1.040000000000000000e+02 1.100000000000000000e+01 0.000000000000000000e+00 1.600000000000000089e+00 -2.758000000000000035e-03 9.480000000000000579e-03 9.999510000000000343e-01 -9.763669999999999849e-01 -2.161190000000000055e-01 -6.440000000000000412e-04 2.161029999999999895e-01 -9.763209999999999944e-01 9.851999999999999647e-03
5.000000000000000000e+00 3.100000000000000000e+01 1.200000000000000000e+01 0.000000000000000000e+00 1.600000000000000089e+00 -3.945999999999999855e-03 -1.803400000000000142e-02 9.998299999999999965e-01 -1.268400000000000083e-02 9.997580000000000355e-01 1.798299999999999899e-02 -9.999120000000000230e-01 -1.261100000000000068e-02 -4.173999999999999759e-03
3.000000000000000000e+00 3.500000000000000000e+01 1.200000000000000000e+01 0.000000000000000000e+00 1.600000000000000089e+00 5.259999999999999919e-04 -6.444000000000000075e-03 -9.999789999999999512e-01 5.022729999999999695e-01 -8.646899999999999586e-01 5.837000000000000174e-03 -8.647089999999999499e-01 -5.022649999999999615e-01 2.782000000000000185e-03
1.700000000000000000e+01 3.500000000000000000e+01 1.200000000000000000e+01 0.000000000000000000e+00 1.600000000000000089e+00 -8.120000000000000048e-04 6.882000000000000096e-03 -9.999759999999999760e-01 4.488099999999999867e-01 -8.936030000000000362e-01 -6.513999999999999825e-03 -8.936269999999999492e-01 -4.488050000000000095e-01 -2.364000000000000216e-03
6.000000000000000000e+00 3.200000000000000000e+01 1.400000000000000000e+01 0.000000000000000000e+00 1.600000000000000089e+00 -4.939999999999999730e-04 -2.377100000000000046e-02 -9.997169999999999668e-01 1.064579999999999971e-01 9.940350000000000019e-01 -2.368900000000000172e-02 9.943170000000000064e-01 -1.064390000000000058e-01 2.040000000000000147e-03
6.000000000000000000e+00 1.200000000000000000e+01 1.500000000000000000e+01 0.000000000000000000e+00 1.600000000000000089e+00 1.709999999999999932e-03 6.721000000000000411e-03 -9.999759999999999760e-01 -4.797219999999999818e-01 -8.773950000000000360e-01 -6.716999999999999880e-03 -8.774189999999999490e-01 4.797219999999999818e-01 1.724000000000000055e-03
2.700000000000000000e+01 1.160000000000000000e+02 1.600000000000000000e+01 0.000000000000000000e+00 1.600000000000000089e+00 -4.780000000000000178e-04 1.858999999999999975e-03 9.999980000000000535e-01 7.184190000000000298e-01 6.956099999999999506e-01 -9.489999999999999738e-04 -6.956109999999999793e-01 7.184169999999999723e-01 -1.667999999999999995e-03
1.000000000000000000e+00 2.000000000000000000e+00 1.900000000000000000e+01 0.000000000000000000e+00 1.600000000000000089e+00 3.577299999999999924e-02 3.397200000000000220e-02 -9.987819999999999476e-01 2.966630000000000100e-01 -9.547320000000000251e-01 -2.184799999999999937e-02 -9.543120000000000491e-01 -2.955200000000000049e-01 -4.423200000000000048e-02
8.000000000000000000e+00 2.000000000000000000e+00 1.900000000000000000e+01 0.000000000000000000e+00 1.600000000000000089e+00 -1.630699999999999858e-02 2.566200000000000078e-02 -9.995380000000000376e-01 2.316449999999999898e-01 -9.723760000000000181e-01 -2.874399999999999872e-02 -9.726639999999999731e-01 -2.320059999999999900e-01 9.912000000000000671e-03
1.300000000000000000e+01 2.000000000000000000e+00 1.900000000000000000e+01 0.000000000000000000e+00 1.600000000000000089e+00 -3.233999999999999896e-03 2.835999999999999979e-03 -9.999909999999999632e-01 2.155030000000000001e-01 -9.764969999999999484e-01 -3.467000000000000030e-03 -9.764979999999999771e-01 -2.155120000000000091e-01 2.546999999999999785e-03
1.600000000000000000e+01 2.000000000000000000e+00 1.900000000000000000e+01 0.000000000000000000e+00 1.600000000000000089e+00 -7.200000000000000182e-05 5.206999999999999823e-03 -9.999860000000000415e-01 2.146260000000000112e-01 -9.766829999999999679e-01 -5.100999999999999632e-03 -9.766960000000000086e-01 -2.146240000000000092e-01 -1.046999999999999971e-03
2.400000000000000000e+01 2.000000000000000000e+00 1.900000000000000000e+01 0.000000000000000000e+00 1.600000000000000089e+00 6.185999999999999659e-03 -1.709499999999999909e-02 -9.998350000000000293e-01 1.992720000000000047e-01 -9.797789999999999555e-01 1.798500000000000099e-02 -9.799250000000000460e-01 -1.993510000000000004e-01 -2.654999999999999808e-03
2.900000000000000000e+01 2.000000000000000000e+00 1.900000000000000000e+01 0.000000000000000000e+00 1.600000000000000089e+00 6.858000000000000380e-03 -2.288899999999999962e-02 -9.997139999999999915e-01 1.927619999999999889e-01 -9.809569999999999679e-01 2.378200000000000106e-02 -9.812210000000000099e-01 -1.928700000000000137e-01 -2.315999999999999916e-03
4.000000000000000000e+00 3.000000000000000000e+00 1.900000000000000000e+01 0.000000000000000000e+00 1.600000000000000089e+00 2.205899999999999875e-02 3.755900000000000211e-02 -9.990510000000000224e-01 2.483319999999999972e-01 -9.681809999999999583e-01 -3.091599999999999904e-02 -9.684239999999999515e-01 -2.474149999999999960e-01 -3.068500000000000047e-02
5.000000000000000000e+00 4.000000000000000000e+00 2.000000000000000000e+01 0.000000000000000000e+00 1.600000000000000089e+00 -5.220999999999999946e-03 2.732300000000000006e-02 -9.996129999999999738e-01 2.944069999999999743e-01 -9.552800000000000180e-01 -2.764899999999999997e-02 -9.556660000000000155e-01 -2.944379999999999775e-01 -3.056999999999999822e-03
1.800000000000000000e+01 4.000000000000000000e+00 2.000000000000000000e+01 0.000000000000000000e+00 1.600000000000000089e+00 -2.321000000000000146e-03 3.552000000000000036e-03 -9.999909999999999632e-01 2.775279999999999969e-01 -9.607090000000000352e-01 -4.056999999999999842e-03 -9.607149999999999856e-01 -2.775349999999999762e-01 1.244000000000000097e-03
2.300000000000000000e+01 4.000000000000000000e+00 2.000000000000000000e+01 0.000000000000000000e+00 1.600000000000000089e+00 3.408000000000000005e-03 -6.164000000000000208e-03 -9.999749999999999472e-01 2.699409999999999865e-01 -9.628529999999999589e-01 6.854999999999999982e-03 -9.628710000000000324e-01 -2.699570000000000025e-01 -1.616999999999999948e-03
3.000000000000000000e+01 4.000000000000000000e+00 2.000000000000000000e+01 0.000000000000000000e+00 1.600000000000000089e+00 6.792000000000000294e-03 -1.251999999999999988e-02 -9.998989999999999823e-01 2.676209999999999978e-01 -9.634239999999999471e-01 1.388099999999999924e-02 -9.635000000000000231e-01 -2.676890000000000103e-01 -3.193000000000000092e-03
6.000000000000000000e+00 1.300000000000000000e+01 2.000000000000000000e+01 0.000000000000000000e+00 1.600000000000000089e+00 -2.178999999999999947e-03 -1.936500000000000027e-02 9.998099999999999765e-01 2.563409999999999855e-01 9.663939999999999753e-01 1.927699999999999900e-02 -9.665839999999999987e-01 2.563349999999999795e-01 2.857999999999999863e-03
1.500000000000000000e+01 1.300000000000000000e+01 2.000000000000000000e+01 0.000000000000000000e+00 1.600000000000000089e+00 1.644000000000000062e-03 1.872800000000000159e-02 9.998230000000000173e-01 2.564069999999999960e-01 9.663920000000000288e-01 -1.852399999999999880e-02 -9.665679999999999827e-01 2.563920000000000088e-01 -3.213000000000000144e-03
2.100000000000000000e+01 1.300000000000000000e+01 2.000000000000000000e+01 0.000000000000000000e+00 1.600000000000000089e+00 1.477000000000000014e-03 2.791000000000000078e-03 9.999949999999999672e-01 2.520060000000000078e-01 9.677210000000000534e-01 -3.073000000000000211e-03 -9.677249999999999464e-01 2.520089999999999830e-01 7.259999999999999743e-04
2.600000000000000000e+01 1.300000000000000000e+01 2.000000000000000000e+01 0.000000000000000000e+00 1.600000000000000089e+00 9.979999999999999722e-04 5.879999999999999810e-04 9.999989999999999712e-01 2.507650000000000157e-01 9.680480000000000196e-01 -8.199999999999999824e-04 -9.680469999999999908e-01 2.507659999999999889e-01 8.189999999999999581e-04
1.100000000000000000e+01 1.600000000000000000e+01 2.100000000000000000e+01 0.000000000000000000e+00 1.600000000000000089e+00 -6.440000000000000412e-04 -4.832999999999999623e-03 9.999879999999999880e-01 3.026739999999999986e-01 9.530819999999999848e-01 4.800999999999999712e-03 -9.530939999999999968e-01 3.026730000000000254e-01 8.490000000000000368e-04
1.500000000000000000e+01 1.600000000000000000e+01 2.100000000000000000e+01 0.000000000000000000e+00 1.600000000000000089e+00 -1.213000000000000102e-03 4.229000000000000120e-03 9.999900000000000455e-01 3.009080000000000088e-01 9.536459999999999937e-01 -3.667999999999999820e-03 -9.536520000000000552e-01 3.009009999999999740e-01 -2.429000000000000169e-03
2.200000000000000000e+01 1.600000000000000000e+01 2.100000000000000000e+01 0.000000000000000000e+00 1.600000000000000089e+00 1.624000000000000010e-03 1.030000000000000100e-03 9.999980000000000535e-01 2.985499999999999821e-01 9.543930000000000469e-01 -1.467999999999999904e-03 -9.543930000000000469e-01 2.985519999999999841e-01 1.242999999999999964e-03
2.700000000000000000e+01 1.600000000000000000e+01 2.100000000000000000e+01 0.000000000000000000e+00 1.600000000000000089e+00 8.120000000000000048e-04 5.910000000000000539e-04 1.000000000000000000e+00 2.983669999999999933e-01 9.544510000000000494e-01 -8.059999999999999673e-04 -9.544510000000000494e-01 2.983680000000000221e-01 5.980000000000000072e-04
1.200000000000000000e+01 3.000000000000000000e+00 2.500000000000000000e+01 0.000000000000000000e+00 1.600000000000000089e+00 3.095799999999999941e-02 9.709000000000000616e-03 9.994739999999999736e-01 -3.108299999999999952e-02 -9.994600000000000151e-01 1.067199999999999920e-02 9.990369999999999528e-01 -3.139700000000000130e-02 -3.064000000000000057e-02
1.900000000000000000e+01 3.000000000000000000e+00 2.500000000000000000e+01 0.000000000000000000e+00 1.600000000000000089e+00 1.564499999999999919e-02 3.703000000000000128e-03 9.998709999999999543e-01 -1.869200000000000028e-02 -9.998169999999999558e-01 3.996000000000000420e-03 9.997030000000000083e-01 -1.875200000000000131e-02 -1.557300000000000004e-02
1.700000000000000000e+01 4.600000000000000000e+01 2.700000000000000000e+01 0.000000000000000000e+00 1.600000000000000089e+00 -2.086999999999999880e-03 -2.413999999999999913e-03 -9.999949999999999672e-01 6.584349999999999925e-01 7.526310000000000500e-01 -3.190999999999999826e-03 7.526350000000000540e-01 -6.584379999999999677e-01 1.800000000000000046e-05
2.300000000000000000e+01 4.600000000000000000e+01 2.700000000000000000e+01 0.000000000000000000e+00 1.600000000000000089e+00 1.325999999999999922e-03 5.746000000000000239e-03 -9.999829999999999552e-01 6.604309999999999903e-01 7.508690000000000087e-01 5.190000000000000169e-03 7.508860000000000534e-01 -6.604259999999999575e-01 -2.798999999999999839e-03
1.200000000000000000e+01 1.100000000000000000e+01 3.000000000000000000e+01 0.000000000000000000e+00 1.600000000000000089e+00 6.747200000000000419e-02 8.324529999999999985e-01 5.499730000000000452e-01 -2.730409999999999782e-01 -5.147800000000000153e-01 8.126809999999999867e-01 9.596329999999999583e-01 -2.049980000000000135e-01 1.925600000000000089e-01
5.000000000000000000e+00 5.800000000000000000e+01 3.100000000000000000e+01 0.000000000000000000e+00 1.600000000000000089e+00 2.817000000000000060e-03 1.661400000000000030e-02 9.998580000000000245e-01 -7.727779999999999649e-01 -6.345490000000000297e-01 1.272099999999999967e-02 6.346699999999999564e-01 -7.727039999999999464e-01 1.105199999999999932e-02
9.000000000000000000e+00 5.800000000000000000e+01 3.100000000000000000e+01 0.000000000000000000e+00 1.600000000000000089e+00 -5.784000000000000079e-03 -7.830000000000000154e-03 9.999529999999999808e-01 -7.719359999999999555e-01 -6.356300000000000283e-01 -9.443000000000000005e-03 6.356739999999999613e-01 -7.719540000000000290e-01 -2.367999999999999879e-03
1.300000000000000000e+01 5.800000000000000000e+01 3.100000000000000000e+01 0.000000000000000000e+00 1.600000000000000089e+00 -3.690999999999999837e-03 -3.200000000000000153e-03 9.999879999999999880e-01 -7.708460000000000312e-01 -6.370029999999999859e-01 -4.883000000000000188e-03 6.370109999999999939e-01 -7.708549999999999569e-01 -1.160000000000000007e-04
2.000000000000000000e+01 5.800000000000000000e+01 3.100000000000000000e+01 0.000000000000000000e+00 1.600000000000000089e+00 5.266999999999999980e-03 3.275999999999999832e-03 9.999810000000000088e-01 -7.731550000000000367e-01 -6.341869999999999452e-01 6.150000000000000085e-03 6.341949999999999532e-01 -7.731729999999999992e-01 -8.069999999999999916e-04
2.500000000000000000e+01 5.800000000000000000e+01 3.100000000000000000e+01 0.000000000000000000e+00 1.600000000000000089e+00 3.680000000000000111e-03 4.863000000000000135e-03 9.999810000000000088e-01 -7.719799999999999995e-01 -6.356190000000000451e-01 5.931999999999999773e-03 6.356359999999999788e-01 -7.719869999999999788e-01 1.415999999999999941e-03
2.900000000000000000e+01 5.800000000000000000e+01 3.100000000000000000e+01 0.000000000000000000e+00 1.600000000000000089e+00 8.191000000000000364e-03 5.294000000000000095e-03 9.999519999999999520e-01 -7.719799999999999995e-01 -6.355730000000000546e-01 9.688999999999999696e-03 6.355939999999999923e-01 -7.720219999999999860e-01 -1.118999999999999986e-03
1.600000000000000000e+01 1.800000000000000000e+01 3.200000000000000000e+01 0.000000000000000000e+00 1.600000000000000089e+00 -8.790299999999999503e-02 6.698720000000000230e-01 7.372539999999999649e-01 -3.894199999999999884e-01 -7.043289999999999829e-01 5.935259999999999980e-01 9.168560000000000043e-01 -2.349289999999999989e-01 3.227749999999999786e-01
1.700000000000000000e+01 1.900000000000000000e+01 3.300000000000000000e+01 0.000000000000000000e+00 1.600000000000000089e+00 -1.275409999999999877e-01 6.351560000000000539e-01 7.617810000000000414e-01 -5.165830000000000144e-01 -6.981929999999999525e-01 4.956490000000000062e-01 8.466850000000000209e-01 -3.303079999999999905e-01 4.171590000000000020e-01
2.000000000000000000e+00 4.200000000000000000e+01 3.400000000000000000e+01 0.000000000000000000e+00 1.600000000000000089e+00 -4.707000000000000246e-03 -5.860000000000000408e-04 -9.999890000000000168e-01 -3.005689999999999751e-01 9.537600000000000522e-01 8.549999999999999658e-04 9.537480000000000402e-01 3.005700000000000038e-01 -4.664999999999999876e-03
7.000000000000000000e+00 4.200000000000000000e+01 3.400000000000000000e+01 0.000000000000000000e+00 1.600000000000000089e+00 4.037999999999999923e-03 1.480999999999999895e-03 -9.999909999999999632e-01 -2.947949999999999737e-01 9.555609999999999937e-01 2.249999999999999938e-04 9.555519999999999570e-01 2.947910000000000252e-01 4.295000000000000207e-03
2.000000000000000000e+00 4.600000000000000000e+01 3.500000000000000000e+01 0.000000000000000000e+00 1.600000000000000089e+00 2.654999999999999808e-03 1.148000000000000062e-02 -9.999310000000000143e-01 3.874210000000000154e-01 -9.218530000000000335e-01 -9.554999999999999258e-03 -9.218990000000000240e-01 -3.873690000000000189e-01 -6.895000000000000087e-03
6.000000000000000000e+00 4.600000000000000000e+01 3.500000000000000000e+01 0.000000000000000000e+00 1.600000000000000089e+00 -1.250000000000000026e-03 1.131599999999999967e-02 -9.999350000000000183e-01 3.868690000000000184e-01 -9.220699999999999452e-01 -1.091800000000000062e-02 -9.221340000000000092e-01 -3.868570000000000064e-01 -3.225000000000000002e-03
1.200000000000000000e+01 4.600000000000000000e+01 3.500000000000000000e+01 0.000000000000000000e+00 1.600000000000000089e+00 -6.300000000000000261e-04 3.944999999999999722e-03 -9.999919999999999920e-01 3.891560000000000019e-01 -9.211629999999999541e-01 -3.879000000000000069e-03 -9.211709999999999621e-01 -3.891560000000000019e-01 -9.550000000000000112e-04
2.000000000000000000e+01 4.600000000000000000e+01 3.500000000000000000e+01 0.000000000000000000e+00 1.600000000000000089e+00 4.960000000000000216e-04 8.369999999999999619e-04 -1.000000000000000000e+00 3.903499999999999748e-01 -9.206659999999999844e-01 -5.770000000000000389e-04 -9.206659999999999844e-01 -3.903499999999999748e-01 -7.829999999999999504e-04
2.400000000000000000e+01 4.600000000000000000e+01 3.500000000000000000e+01 0.000000000000000000e+00 1.600000000000000089e+00 2.003000000000000006e-03 4.670000000000000214e-04 -9.999980000000000535e-01 3.899650000000000061e-01 -9.208300000000000374e-01 3.519999999999999908e-04 -9.208279999999999799e-01 -3.899650000000000061e-01 -2.027000000000000156e-03
1.200000000000000000e+01 9.500000000000000000e+01 3.600000000000000000e+01 0.000000000000000000e+00 1.600000000000000089e+00 -5.969499999999999806e-02 5.102700000000000291e-02 9.969120000000000203e-01 9.958019999999999650e-01 7.247099999999999376e-02 5.591900000000000343e-02 -6.939399999999999735e-02 9.960639999999999494e-01 -5.513900000000000051e-02
2.700000000000000000e+01 9.500000000000000000e+01 3.600000000000000000e+01 0.000000000000000000e+00 1.600000000000000089e+00 2.362500000000000017e-02 1.579300000000000148e-02 9.995960000000000401e-01 9.967770000000000241e-01 7.631000000000000283e-02 -2.476400000000000129e-02 -7.667000000000000204e-02 9.969590000000000396e-01 -1.393900000000000000e-02
1.300000000000000000e+01 2.200000000000000000e+01 3.700000000000000000e+01 0.000000000000000000e+00 1.600000000000000089e+00 -1.559299999999999922e-02 6.317559999999999842e-01 -7.750099999999999767e-01 6.674790000000000445e-01 -5.705320000000000391e-01 -4.785030000000000117e-01 -7.444659999999999611e-01 -5.247640000000000082e-01 -4.127870000000000150e-01
1.800000000000000000e+01 2.800000000000000000e+01 3.700000000000000000e+01 0.000000000000000000e+00 1.600000000000000089e+00 -2.416199999999999945e-02 -1.672240000000000115e-01 -9.856230000000000269e-01 -7.197329999999999561e-01 -6.813449999999999784e-01 1.332430000000000003e-01 -6.938299999999999468e-01 7.126050000000000439e-01 -1.038940000000000002e-01
5.000000000000000000e+00 3.700000000000000000e+01 3.800000000000000000e+01 0.000000000000000000e+00 1.600000000000000089e+00 5.257599999999999774e-02 -3.987000000000000093e-03 9.986089999999999689e-01 6.486300000000000399e-01 7.604680000000000328e-01 -3.111399999999999930e-02 -7.592860000000000165e-01 6.493640000000000523e-01 4.256900000000000267e-02
3.000000000000000000e+00 2.600000000000000000e+01 3.900000000000000000e+01 0.000000000000000000e+00 1.600000000000000089e+00 -1.556539999999999868e-01 -7.360889999999999933e-01 6.587450000000000250e-01 7.225899999999999546e-01 3.698509999999999853e-01 5.840159999999999796e-01 -6.735250000000000403e-01 5.669070000000000498e-01 4.743209999999999926e-01
4.000000000000000000e+00 2.700000000000000000e+01 4.000000000000000000e+01 0.000000000000000000e+00 1.600000000000000089e+00 -1.415899999999999936e-01 -7.786859999999999893e-01 6.112279999999999935e-01 7.150659999999999794e-01 3.465349999999999819e-01 6.071189999999999642e-01 -6.845670000000000366e-01 5.230310000000000237e-01 5.077469999999999484e-01
1.500000000000000000e+01 3.400000000000000000e+01 4.000000000000000000e+01 0.000000000000000000e+00 1.600000000000000089e+00 -1.393870000000000109e-01 3.820180000000000242e-01 -9.135830000000000339e-01 5.409890000000000532e-01 8.021150000000000224e-01 2.528670000000000084e-01 8.293989999999999974e-01 -4.589920000000000111e-01 -3.184719999999999773e-01
2.000000000000000000e+01 1.300000000000000000e+01 4.100000000000000000e+01 0.000000000000000000e+00 1.600000000000000089e+00 -4.605299999999999672e-02 1.380139999999999978e-01 9.893589999999999884e-01 -7.061910000000000132e-01 -7.049870000000000303e-01 6.547200000000000242e-02 7.065219999999999834e-01 -6.956620000000000026e-01 1.299309999999999909e-01
2.100000000000000000e+01 1.400000000000000000e+01 4.200000000000000000e+01 0.000000000000000000e+00 1.600000000000000089e+00 -5.937800000000000022e-02 1.250209999999999932e-01 9.903760000000000341e-01 -6.229510000000000325e-01 -7.798709999999999809e-01 6.109900000000000053e-02 7.800040000000000306e-01 -6.133279999999999843e-01 1.241889999999999938e-01
3.000000000000000000e+00 3.000000000000000000e+00 4.300000000000000000e+01 0.000000000000000000e+00 1.600000000000000089e+00 2.103999999999999967e-03 1.895499999999999963e-02 -9.998179999999999845e-01 7.474730000000000540e-01 -6.642010000000000414e-01 -1.101899999999999928e-02 -6.642890000000000184e-01 -7.473140000000000338e-01 -1.556599999999999998e-02
8.000000000000000000e+00 3.000000000000000000e+00 4.300000000000000000e+01 0.000000000000000000e+00 1.600000000000000089e+00 4.479999999999999933e-04 2.765999999999999796e-03 -9.999959999999999960e-01 7.439679999999999627e-01 -6.682139999999999747e-01 -1.515000000000000071e-03 -6.682150000000000034e-01 -7.439639999999999587e-01 -2.357000000000000154e-03
2.200000000000000000e+01 3.000000000000000000e+00 4.300000000000000000e+01 0.000000000000000000e+00 1.600000000000000089e+00 4.650000000000000270e-04 1.028800000000000027e-02 -9.999470000000000303e-01 7.435859999999999692e-01 -6.686079999999999801e-01 -6.532999999999999745e-03 -6.686400000000000121e-01 -7.435439999999999827e-01 -7.960999999999999327e-03
2.600000000000000000e+01 3.000000000000000000e+00 4.300000000000000000e+01 0.000000000000000000e+00 1.600000000000000089e+00 -6.459999999999999814e-04 2.491000000000000159e-03 -9.999970000000000248e-01 7.412379999999999525e-01 -6.712390000000000301e-01 -2.151000000000000134e-03 -6.712420000000000053e-01 -7.412370000000000347e-01 -1.412999999999999977e-03
1.200000000000000000e+01 8.000000000000000000e+00 4.400000000000000000e+01 0.000000000000000000e+00 1.600000000000000089e+00 3.344000000000000184e-03 3.779999999999999940e-03 9.999869999999999592e-01 -7.923350000000000115e-01 -6.100659999999999972e-01 4.956000000000000336e-03 6.100769999999999804e-01 -7.923409999999999620e-01 9.550000000000000112e-04
1.700000000000000000e+01 8.000000000000000000e+00 4.400000000000000000e+01 0.000000000000000000e+00 1.600000000000000089e+00 6.145000000000000288e-03 1.257199999999999984e-02 9.999019999999999575e-01 -7.901129999999999542e-01 -6.128320000000000434e-01 1.256099999999999925e-02 6.129299999999999748e-01 -7.901129999999999542e-01 6.166999999999999739e-03
2.000000000000000000e+00 7.000000000000000000e+01 4.400000000000000000e+01 0.000000000000000000e+00 1.600000000000000089e+00 -1.321529999999999927e-01 -5.491100000000000148e-02 9.897070000000000034e-01 4.732629999999999892e-01 -8.808049999999999491e-01 1.432499999999999919e-02 8.709519999999999484e-01 4.702850000000000086e-01 1.423879999999999868e-01
7.000000000000000000e+00 2.400000000000000000e+01 4.500000000000000000e+01 0.000000000000000000e+00 1.600000000000000089e+00 1.219679999999999931e-01 -3.014260000000000272e-01 -9.456560000000000521e-01 -5.977770000000000028e-01 7.382779999999999898e-01 -3.124239999999999795e-01 7.923299999999999788e-01 6.033969999999999612e-01 -9.013899999999999690e-02
4.000000000000000000e+00 6.500000000000000000e+01 4.600000000000000000e+01 0.000000000000000000e+00 1.600000000000000089e+00 -9.898000000000000548e-03 -1.641749999999999876e-01 9.863819999999999810e-01 6.630160000000000498e-01 -7.394950000000000134e-01 -1.164300000000000057e-01 7.485389999999999544e-01 6.528350000000000541e-01 1.161699999999999955e-01
2.500000000000000000e+01 6.500000000000000000e+01 4.600000000000000000e+01 0.000000000000000000e+00 1.600000000000000089e+00 -2.575000000000000032e-03 -1.221999999999999996e-03 9.999959999999999960e-01 6.795010000000000217e-01 -7.336740000000000483e-01 8.530000000000000256e-04 7.336700000000000443e-01 6.795010000000000217e-01 2.719000000000000063e-03
2.900000000000000000e+01 2.100000000000000000e+01 4.800000000000000000e+01 0.000000000000000000e+00 1.600000000000000089e+00 -6.758000000000000118e-03 8.540000000000000716e-03 -9.999409999999999688e-01 3.033330000000000193e-01 9.528649999999999620e-01 6.087999999999999662e-03 9.528609999999999580e-01 -3.032739999999999880e-01 -9.029999999999999832e-03
6.000000000000000000e+00 4.500000000000000000e+01 5.000000000000000000e+01 0.000000000000000000e+00 1.600000000000000089e+00 -2.188980000000000092e-01 6.357939999999999703e-01 7.401689999999999658e-01 5.322369999999999601e-01 7.135799999999999921e-01 -4.555520000000000125e-01 -8.178069999999999506e-01 2.942259999999999875e-01 -4.945939999999999781e-01
1.700000000000000000e+01 6.000000000000000000e+00 5.100000000000000000e+01 0.000000000000000000e+00 1.600000000000000089e+00 1.689999999999999879e-04 4.244000000000000376e-03 -9.999909999999999632e-01 3.186450000000000116e-01 -9.478659999999999863e-01 -3.969000000000000306e-03 -9.478739999999999943e-01 -3.186419999999999808e-01 -1.512000000000000106e-03
1.100000000000000000e+01 4.800000000000000000e+01 5.100000000000000000e+01 0.000000000000000000e+00 1.600000000000000089e+00 1.691600000000000048e-02 -9.432129999999999681e-01 3.317590000000000261e-01 6.282450000000000534e-01 2.681529999999999747e-01 7.303439999999999932e-01 -7.778319999999999679e-01 1.960709999999999953e-01 5.971049999999999969e-01
2.000000000000000000e+00 7.000000000000000000e+00 5.200000000000000000e+01 0.000000000000000000e+00 1.600000000000000089e+00 2.426999999999999904e-03 5.552999999999999776e-03 -9.999820000000000375e-01 6.776500000000000579e-02 -9.976869999999999905e-01 -5.374999999999999570e-03 -9.976979999999999738e-01 -6.775100000000000566e-02 -2.798000000000000140e-03
2.300000000000000000e+01 7.000000000000000000e+00 5.200000000000000000e+01 0.000000000000000000e+00 1.600000000000000089e+00 4.690000000000000158e-04 -3.860000000000000041e-04 -1.000000000000000000e+00 9.365300000000000014e-02 -9.956049999999999622e-01 4.279999999999999950e-04 -9.956049999999999622e-01 -9.365300000000000014e-02 -4.310000000000000137e-04
1.200000000000000000e+01 4.900000000000000000e+01 5.200000000000000000e+01 0.000000000000000000e+00 1.600000000000000089e+00 -2.736900000000000097e-02 -9.574409999999999865e-01 2.873279999999999723e-01 6.379839999999999955e-01 2.045520000000000116e-01 7.423840000000000439e-01 -7.695629999999999971e-01 2.036290000000000044e-01 6.052340000000000497e-01
5.000000000000000000e+00 6.300000000000000000e+01 5.200000000000000000e+01 0.000000000000000000e+00 1.600000000000000089e+00 -4.148999999999999910e-02 1.914869999999999906e-01 -9.806179999999999897e-01 4.678899999999999726e-01 8.709179999999999700e-01 1.502690000000000137e-01 8.828120000000000411e-01 -4.525859999999999883e-01 -1.257300000000000084e-01
1.200000000000000000e+01 5.000000000000000000e+01 5.300000000000000000e+01 0.000000000000000000e+00 1.600000000000000089e+00 -8.444100000000000217e-02 -9.560969999999999747e-01 2.806210000000000093e-01 6.266890000000000516e-01 1.679940000000000044e-01 7.609460000000000113e-01 -7.746809999999999530e-01 2.401169999999999971e-01 5.849900000000000100e-01
2.000000000000000000e+00 1.400000000000000000e+01 5.400000000000000000e+01 0.000000000000000000e+00 1.600000000000000089e+00 -2.678999999999999958e-03 -1.208000000000000089e-03 -9.999959999999999960e-01 5.797740000000000116e-01 8.147729999999999695e-01 -2.537000000000000192e-03 8.147729999999999695e-01 -5.797790000000000443e-01 -1.482999999999999943e-03
1.600000000000000000e+01 6.300000000000000000e+01 5.400000000000000000e+01 0.000000000000000000e+00 1.600000000000000089e+00 1.221999999999999996e-03 2.056300000000000142e-02 9.997880000000000100e-01 -3.580630000000000202e-01 9.335090000000000332e-01 -1.876200000000000090e-02 -9.336969999999999992e-01 -3.579640000000000044e-01 8.503000000000000141e-03
2.700000000000000000e+01 6.300000000000000000e+01 5.400000000000000000e+01 0.000000000000000000e+00 1.600000000000000089e+00 2.249999999999999830e-03 -2.674999999999999861e-03 9.999940000000000495e-01 -3.833630000000000093e-01 9.235919999999999686e-01 3.333000000000000025e-03 -9.235950000000000548e-01 -3.833679999999999866e-01 1.052999999999999900e-03
2.900000000000000000e+01 6.300000000000000000e+01 5.400000000000000000e+01 0.000000000000000000e+00 1.600000000000000089e+00 1.221000000000000080e-03 3.677999999999999846e-03 9.999919999999999920e-01 -3.854859999999999953e-01 9.227090000000000014e-01 -2.922999999999999817e-03 -9.227130000000000054e-01 -3.854799999999999893e-01 2.543999999999999821e-03
3.000000000000000000e+00 7.200000000000000000e+01 5.400000000000000000e+01 0.000000000000000000e+00 1.600000000000000089e+00 6.625710000000000210e-01 -6.801749999999999741e-01 -3.136260000000000159e-01 -7.092990000000000128e-01 -7.043110000000000204e-01 2.899600000000000094e-02 -2.406129999999999936e-01 2.032430000000000070e-01 -9.491039999999999477e-01
1.400000000000000000e+01 2.400000000000000000e+01 5.500000000000000000e+01 0.000000000000000000e+00 1.600000000000000089e+00 -3.821999999999999703e-02 1.407049999999999967e-01 -9.893140000000000267e-01 1.832400000000000001e-02 9.899689999999999879e-01 1.400899999999999923e-01 9.991010000000000169e-01 -1.277400000000000063e-02 -4.041499999999999954e-02
2.500000000000000000e+01 2.500000000000000000e+01 5.500000000000000000e+01 0.000000000000000000e+00 1.600000000000000089e+00 -1.533900000000000020e-02 -2.198219999999999896e-01 9.754190000000000360e-01 4.249100000000000099e-02 9.745099999999999874e-01 2.202850000000000086e-01 -9.989789999999999504e-01 4.482499999999999679e-02 -5.608000000000000138e-03
5.000000000000000000e+00 2.600000000000000000e+01 5.500000000000000000e+01 0.000000000000000000e+00 1.600000000000000089e+00 1.477799999999999947e-02 1.690200000000000036e-02 -9.997479999999999700e-01 -1.062040000000000067e-01 9.942280000000000006e-01 1.523900000000000081e-02 9.942349999999999799e-01 1.059520000000000045e-01 1.648700000000000165e-02
7.000000000000000000e+00 2.600000000000000000e+01 5.500000000000000000e+01 0.000000000000000000e+00 1.600000000000000089e+00 2.520000000000000018e-02 2.288400000000000156e-02 -9.994199999999999751e-01 -1.084640000000000049e-01 9.938989999999999769e-01 2.002299999999999913e-02 9.937810000000000255e-01 1.078970000000000068e-01 2.752800000000000039e-02
2.700000000000000000e+01 2.600000000000000000e+01 5.500000000000000000e+01 0.000000000000000000e+00 1.600000000000000089e+00 -1.786799999999999847e-02 -2.854940000000000255e-01 9.582140000000000102e-01 1.451000000000000033e-02 9.581920000000000437e-01 2.857580000000000120e-01 -9.997350000000000403e-01 1.900999999999999912e-02 -1.297899999999999922e-02
1.500000000000000000e+01 5.300000000000000000e+01 5.500000000000000000e+01 0.000000000000000000e+00 1.600000000000000089e+00 4.996300000000000047e-02 -5.964990000000000014e-01 8.010570000000000190e-01 9.445999999999999536e-03 8.023050000000000459e-01 5.968390000000000084e-01 -9.987059999999999826e-01 -2.225399999999999948e-02 4.571999999999999675e-02
1.400000000000000000e+01 2.600000000000000000e+01 5.600000000000000000e+01 0.000000000000000000e+00 1.600000000000000089e+00 -1.220199999999999931e-02 1.112439999999999957e-01 -9.937179999999999902e-01 8.186999999999999833e-03 9.937700000000000422e-01 1.111489999999999978e-01 9.998920000000000030e-01 -6.779000000000000303e-03 -1.303600000000000071e-02
1.100000000000000000e+01 4.200000000000000000e+01 5.800000000000000000e+01 0.000000000000000000e+00 1.600000000000000089e+00 -5.129749999999999588e-01 -4.639300000000000090e-01 7.222370000000000179e-01 -3.651100000000000179e-02 -8.288189999999999724e-01 -5.583249999999999602e-01 8.576270000000000282e-01 -3.127759999999999985e-01 4.082250000000000045e-01
5.000000000000000000e+00 6.500000000000000000e+01 5.800000000000000000e+01 0.000000000000000000e+00 1.600000000000000089e+00 -5.600990000000000135e-01 -8.238410000000000455e-01 8.703900000000000525e-02 1.145339999999999969e-01 -1.810640000000000027e-01 -9.767789999999999528e-01 8.204700000000000326e-01 -5.371240000000000459e-01 1.957720000000000016e-01
