8.000000000000000000e+00 2.500000000000000000e+01 1.000000000000000000e+00 0.000000000000000000e+00 1.600000000000000089e+00 1.810999999999999893e-03 4.910999999999999567e-03 -9.999860000000000415e-01 -5.301059999999999661e-01 -8.479160000000000030e-01 -5.124000000000000082e-03 -8.479299999999999615e-01 5.301080000000000236e-01 1.067999999999999939e-03
1.500000000000000000e+01 2.500000000000000000e+01 1.000000000000000000e+00 0.000000000000000000e+00 1.600000000000000089e+00 2.694999999999999913e-03 -6.741999999999999729e-03 -9.999740000000000295e-01 -5.352329999999999588e-01 -8.446939999999999449e-01 4.251999999999999703e-03 -8.447000000000000064e-01 5.352069999999999883e-01 -5.884999999999999606e-03
1.900000000000000000e+01 2.500000000000000000e+01 1.000000000000000000e+00 0.000000000000000000e+00 1.600000000000000089e+00 2.948999999999999799e-03 -1.804999999999999964e-03 -9.999940000000000495e-01 -5.371569999999999956e-01 -8.434819999999999540e-01 -6.099999999999999872e-05 -8.434770000000000323e-01 5.371540000000000203e-01 -3.457000000000000003e-03
6.000000000000000000e+00 1.500000000000000000e+01 4.000000000000000000e+00 0.000000000000000000e+00 1.600000000000000089e+00 1.518000000000000035e-03 1.975999999999999892e-03 9.999970000000000248e-01 3.024240000000000261e-01 -9.531720000000000192e-01 1.423999999999999919e-03 9.531720000000000192e-01 3.024209999999999954e-01 -2.044999999999999943e-03
2.100000000000000000e+01 1.500000000000000000e+01 4.000000000000000000e+00 0.000000000000000000e+00 1.600000000000000089e+00 -1.090000000000000067e-04 1.474899999999999996e-02 9.998909999999999743e-01 2.921940000000000093e-01 -9.562549999999999661e-01 1.413700000000000026e-02 9.563589999999999591e-01 2.921630000000000060e-01 -4.205000000000000404e-03
2.400000000000000000e+01 1.500000000000000000e+01 4.000000000000000000e+00 0.000000000000000000e+00 1.600000000000000089e+00 -1.552999999999999910e-03 1.400799999999999962e-02 9.999010000000000398e-01 2.934910000000000019e-01 -9.558619999999999894e-01 1.384699999999999993e-02 9.559609999999999497e-01 2.934829999999999939e-01 -2.626999999999999995e-03
2.900000000000000000e+01 1.600000000000000000e+01 4.000000000000000000e+00 0.000000000000000000e+00 1.600000000000000089e+00 -7.169999999999999724e-04 4.245999999999999774e-03 9.999909999999999632e-01 3.636530000000000040e-01 -9.315250000000000474e-01 4.216000000000000129e-03 9.315339999999999732e-01 3.636530000000000040e-01 -8.760000000000000425e-04
7.000000000000000000e+00 1.010000000000000000e+02 7.000000000000000000e+00 0.000000000000000000e+00 1.600000000000000089e+00 -5.389999999999999826e-04 -9.032999999999999363e-03 9.999590000000000423e-01 8.875920000000000476e-01 4.606069999999999887e-01 4.638999999999999894e-03 -4.606299999999999839e-01 8.875579999999999581e-01 7.768999999999999864e-03
1.100000000000000000e+01 1.010000000000000000e+02 7.000000000000000000e+00 0.000000000000000000e+00 1.600000000000000089e+00 -2.632999999999999924e-03 -2.089999999999999844e-03 9.999940000000000495e-01 8.888369999999999882e-01 4.582109999999999794e-01 3.298000000000000150e-03 -4.582160000000000122e-01 8.888409999999999922e-01 6.509999999999999945e-04
2.200000000000000000e+01 1.010000000000000000e+02 7.000000000000000000e+00 0.000000000000000000e+00 1.600000000000000089e+00 8.859999999999999603e-04 2.406000000000000152e-03 9.999970000000000248e-01 8.834950000000000303e-01 4.684360000000000190e-01 -1.910000000000000022e-03 -4.684389999999999943e-01 8.834940000000000015e-01 -1.709999999999999932e-03
2.800000000000000000e+01 1.010000000000000000e+02 7.000000000000000000e+00 0.000000000000000000e+00 1.600000000000000089e+00 -1.203000000000000076e-03 2.216000000000000088e-03 9.999970000000000248e-01 8.825650000000000439e-01 4.701899999999999968e-01 2.000000000000000164e-05 -4.701879999999999948e-01 8.825629999999999864e-01 -2.521999999999999936e-03
2.200000000000000000e+01 1.500000000000000000e+01 8.000000000000000000e+00 0.000000000000000000e+00 1.600000000000000089e+00 4.638999999999999894e-03 1.342299999999999917e-02 -9.998989999999999823e-01 -5.906029999999999891e-01 -8.068480000000000096e-01 -1.357099999999999973e-02 -8.069490000000000274e-01 5.906059999999999643e-01 4.185000000000000352e-03
2.500000000000000000e+01 1.500000000000000000e+01 8.000000000000000000e+00 0.000000000000000000e+00 1.600000000000000089e+00 4.065000000000000037e-03 9.537999999999999604e-03 -9.999460000000000015e-01 -5.884789999999999743e-01 -8.084500000000000020e-01 -1.010400000000000013e-02 -8.085029999999999717e-01 5.884880000000000111e-01 2.325999999999999943e-03
4.000000000000000000e+00 2.400000000000000000e+01 9.000000000000000000e+00 0.000000000000000000e+00 1.600000000000000089e+00 -1.716999999999999993e-03 -6.879999999999999831e-03 -9.999749999999999472e-01 4.544880000000000031e-01 8.907260000000000177e-01 -6.908000000000000078e-03 8.907509999999999595e-01 -4.544889999999999763e-01 1.598000000000000028e-03
1.000000000000000000e+01 2.400000000000000000e+01 9.000000000000000000e+00 0.000000000000000000e+00 1.600000000000000089e+00 -2.240999999999999936e-03 -9.286000000000000851e-03 -9.999540000000000095e-01 4.556479999999999975e-01 8.901109999999999856e-01 -9.287000000000000116e-03 8.901569999999999760e-01 -4.556479999999999975e-01 2.236000000000000140e-03
1.900000000000000000e+01 2.400000000000000000e+01 9.000000000000000000e+00 0.000000000000000000e+00 1.600000000000000089e+00 -3.657000000000000094e-03 -7.068999999999999763e-03 -9.999679999999999680e-01 4.598539999999999850e-01 8.879590000000000538e-01 -7.959000000000000796e-03 8.879869999999999708e-01 -4.598690000000000278e-01 3.999999999999999819e-06
2.900000000000000000e+01 2.400000000000000000e+01 9.000000000000000000e+00 0.000000000000000000e+00 1.600000000000000089e+00 -1.912999999999999987e-03 -1.895999999999999899e-03 -9.999959999999999960e-01 4.594210000000000238e-01 8.882149999999999768e-01 -2.563000000000000174e-03 8.882160000000000055e-01 -4.594239999999999990e-01 -8.279999999999999600e-04
1.800000000000000000e+01 1.040000000000000000e+02 1.100000000000000000e+01 0.000000000000000000e+00 1.600000000000000089e+00 2.194000000000000204e-03 -1.079100000000000024e-02 9.999390000000000223e-01 -9.746979999999999533e-01 -2.235240000000000005e-01 -2.739999999999999923e-04 2.235139999999999905e-01 -9.746390000000000331e-01 -1.100800000000000042e-02
4.000000000000000000e+00 3.100000000000000000e+01 1.200000000000000000e+01 0.000000000000000000e+00 1.600000000000000089e+00 8.570000000000000144e-04 -5.243000000000000264e-03 9.999860000000000415e-01 7.132000000000000318e-03 9.999609999999999888e-01 5.237000000000000335e-03 -9.999740000000000295e-01 7.127999999999999788e-03 8.949999999999999623e-04
1.100000000000000000e+01 3.100000000000000000e+01 1.200000000000000000e+01 0.000000000000000000e+00 1.600000000000000089e+00 1.087000000000000076e-03 -4.199999999999999740e-03 9.999909999999999632e-01 4.677999999999999867e-03 9.999799999999999800e-01 4.194999999999999944e-03 -9.999879999999999880e-01 4.673000000000000070e-03 1.106999999999999911e-03
1.700000000000000000e+01 3.100000000000000000e+01 1.200000000000000000e+01 0.000000000000000000e+00 1.600000000000000089e+00 -5.479999999999999845e-04 -6.131000000000000165e-03 9.999810000000000088e-01 2.284000000000000006e-03 9.999789999999999512e-01 6.132000000000000298e-03 -9.999970000000000248e-01 2.286999999999999970e-03 -5.339999999999999695e-04
4.000000000000000000e+00 1.200000000000000000e+01 1.500000000000000000e+01 0.000000000000000000e+00 1.600000000000000089e+00 -8.670000000000000406e-04 4.099999999999999912e-04 -1.000000000000000000e+00 -4.676569999999999894e-01 -8.839099999999999735e-01 4.300000000000000165e-05 -8.839089999999999447e-01 4.676569999999999894e-01 9.579999999999999757e-04
1.400000000000000000e+01 1.200000000000000000e+01 1.500000000000000000e+01 0.000000000000000000e+00 1.600000000000000089e+00 3.530000000000000152e-04 4.699999999999999859e-04 -1.000000000000000000e+00 -4.676660000000000261e-01 -8.839050000000000518e-01 -5.810000000000000277e-04 -8.839050000000000518e-01 4.676660000000000261e-01 -9.299999999999999727e-05
2.300000000000000000e+01 1.200000000000000000e+01 1.500000000000000000e+01 0.000000000000000000e+00 1.600000000000000089e+00 1.920000000000000049e-03 2.279999999999999909e-03 -9.999959999999999960e-01 -4.675070000000000059e-01 -8.839839999999999920e-01 -2.912999999999999791e-03 -8.839869999999999672e-01 4.675110000000000099e-01 -6.310000000000000504e-04
3.000000000000000000e+00 1.100000000000000000e+01 1.600000000000000000e+01 0.000000000000000000e+00 1.600000000000000089e+00 -8.419999999999999750e-04 2.390000000000000089e-04 -1.000000000000000000e+00 -4.157560000000000144e-01 -9.094759999999999511e-01 1.330000000000000073e-04 -9.094759999999999511e-01 4.157560000000000144e-01 8.660000000000000163e-04
7.000000000000000000e+00 1.100000000000000000e+01 1.600000000000000000e+01 0.000000000000000000e+00 1.600000000000000089e+00 -1.085000000000000027e-03 3.749000000000000162e-03 -9.999919999999999920e-01 -4.185550000000000104e-01 -9.081869999999999665e-01 -2.951000000000000064e-03 -9.081909999999999705e-01 4.185479999999999756e-01 2.554999999999999979e-03
5.000000000000000000e+00 1.160000000000000000e+02 1.600000000000000000e+01 0.000000000000000000e+00 1.600000000000000089e+00 1.912000000000000071e-03 2.060999999999999898e-03 9.999959999999999960e-01 6.974339999999999984e-01 7.166430000000000300e-01 -2.811000000000000131e-03 -7.166460000000000052e-01 6.974369999999999736e-01 -6.700000000000000226e-05
1.800000000000000000e+01 1.160000000000000000e+02 1.600000000000000000e+01 0.000000000000000000e+00 1.600000000000000089e+00 -1.667999999999999995e-03 -1.098999999999999934e-03 9.999980000000000535e-01 7.044719999999999871e-01 7.097290000000000543e-01 1.955000000000000140e-03 -7.097290000000000543e-01 7.044740000000000446e-01 -4.099999999999999912e-04
2.300000000000000000e+01 1.160000000000000000e+02 1.600000000000000000e+01 0.000000000000000000e+00 1.600000000000000089e+00 4.979999999999999618e-04 -2.020000000000000040e-04 1.000000000000000000e+00 7.087940000000000351e-01 7.054150000000000142e-01 -2.110000000000000059e-04 -7.054150000000000142e-01 7.087940000000000351e-01 4.939999999999999730e-04
2.800000000000000000e+01 1.160000000000000000e+02 1.600000000000000000e+01 0.000000000000000000e+00 1.600000000000000089e+00 3.621999999999999786e-03 2.122999999999999887e-03 9.999909999999999632e-01 7.119490000000000540e-01 7.022190000000000376e-01 -4.069999999999999833e-03 -7.022220000000000129e-01 7.119579999999999798e-01 1.031999999999999931e-03
4.000000000000000000e+00 2.000000000000000000e+00 1.900000000000000000e+01 0.000000000000000000e+00 1.600000000000000089e+00 -3.974000000000000102e-03 1.992999999999999980e-03 -9.999900000000000455e-01 1.825849999999999973e-01 -9.831860000000000044e-01 -2.684999999999999887e-03 -9.831820000000000004e-01 -1.825940000000000063e-01 3.543000000000000142e-03
9.000000000000000000e+00 2.000000000000000000e+00 1.900000000000000000e+01 0.000000000000000000e+00 1.600000000000000089e+00 3.950000000000000061e-04 -7.575000000000000136e-03 -9.999710000000000543e-01 1.791669999999999929e-01 -9.837900000000000533e-01 7.523000000000000173e-03 -9.838189999999999991e-01 -1.791649999999999909e-01 9.690000000000000262e-04
2.600000000000000000e+01 2.000000000000000000e+00 1.900000000000000000e+01 0.000000000000000000e+00 1.600000000000000089e+00 8.180000000000000422e-04 -5.754999999999999699e-03 -9.999829999999999552e-01 1.834510000000000030e-01 -9.830119999999999969e-01 5.806999999999999662e-03 -9.830290000000000417e-01 -1.834520000000000040e-01 2.509999999999999753e-04
3.000000000000000000e+01 2.000000000000000000e+00 1.900000000000000000e+01 0.000000000000000000e+00 1.600000000000000089e+00 1.000000000000000048e-04 -3.563999999999999894e-03 -9.999940000000000495e-01 1.819240000000000024e-01 -9.833060000000000134e-01 3.521999999999999957e-03 -9.833129999999999926e-01 -1.819230000000000014e-01 5.500000000000000331e-04
4.000000000000000000e+00 4.000000000000000000e+00 2.000000000000000000e+01 0.000000000000000000e+00 1.600000000000000089e+00 -7.099000000000000275e-03 4.275000000000000154e-03 -9.999660000000000215e-01 2.729300000000000059e-01 -9.620149999999999535e-01 -6.050999999999999955e-03 -9.620079999999999742e-01 -2.729639999999999844e-01 5.662999999999999631e-03
8.000000000000000000e+00 4.000000000000000000e+00 2.000000000000000000e+01 0.000000000000000000e+00 1.600000000000000089e+00 -2.284000000000000006e-03 -9.358999999999999264e-03 -9.999540000000000095e-01 2.809929999999999928e-01 -9.596740000000000270e-01 8.340000000000000191e-03 -9.597069999999999768e-01 -2.809610000000000163e-01 4.821999999999999897e-03
2.900000000000000000e+01 4.000000000000000000e+00 2.000000000000000000e+01 0.000000000000000000e+00 1.600000000000000089e+00 -3.829999999999999854e-04 -4.011999999999999941e-03 -9.999919999999999920e-01 2.743749999999999800e-01 -9.616160000000000263e-01 3.752999999999999826e-03 -9.616230000000000055e-01 -2.743709999999999760e-01 1.469000000000000037e-03
5.000000000000000000e+00 1.300000000000000000e+01 2.000000000000000000e+01 0.000000000000000000e+00 1.600000000000000089e+00 -4.189999999999999931e-04 -9.299999999999999727e-05 1.000000000000000000e+00 2.523650000000000060e-01 9.676320000000000476e-01 1.959999999999999937e-04 -9.676320000000000476e-01 2.523650000000000060e-01 -3.820000000000000153e-04
1.200000000000000000e+01 1.300000000000000000e+01 2.000000000000000000e+01 0.000000000000000000e+00 1.600000000000000089e+00 -4.739999999999999747e-04 -3.497999999999999807e-03 9.999940000000000495e-01 2.551080000000000014e-01 9.669060000000000432e-01 3.503000000000000037e-03 -9.669130000000000225e-01 2.551080000000000014e-01 4.339999999999999782e-04
1.700000000000000000e+01 1.300000000000000000e+01 2.000000000000000000e+01 0.000000000000000000e+00 1.600000000000000089e+00 -6.059999999999999849e-04 -2.798000000000000140e-03 9.999959999999999960e-01 2.573369999999999824e-01 9.663169999999999815e-01 2.860000000000000129e-03 -9.663209999999999855e-01 2.573380000000000112e-01 1.340000000000000045e-04
2.300000000000000000e+01 1.300000000000000000e+01 2.000000000000000000e+01 0.000000000000000000e+00 1.600000000000000089e+00 7.280000000000000230e-04 2.779999999999999811e-04 1.000000000000000000e+00 2.572519999999999807e-01 9.663439999999999808e-01 -4.560000000000000251e-04 -9.663439999999999808e-01 2.572530000000000094e-01 6.319999999999999663e-04
2.700000000000000000e+01 1.300000000000000000e+01 2.000000000000000000e+01 0.000000000000000000e+00 1.600000000000000089e+00 1.400999999999999902e-03 4.290000000000000193e-04 9.999989999999999712e-01 2.543309999999999738e-01 9.671170000000000044e-01 -7.720000000000000083e-04 -9.671159999999999757e-01 2.543320000000000025e-01 1.245999999999999929e-03
3.000000000000000000e+01 1.300000000000000000e+01 2.000000000000000000e+01 0.000000000000000000e+00 1.600000000000000089e+00 1.716999999999999993e-03 -1.397000000000000021e-03 9.999980000000000535e-01 2.527369999999999894e-01 9.675350000000000339e-01 9.179999999999999792e-04 -9.675329999999999764e-01 2.527349999999999874e-01 2.014000000000000165e-03
1.000000000000000000e+00 1.600000000000000000e+01 2.100000000000000000e+01 0.000000000000000000e+00 1.600000000000000089e+00 -1.660000000000000017e-03 7.999999999999999638e-06 9.999989999999999712e-01 2.973549999999999804e-01 9.547670000000000323e-01 4.859999999999999954e-04 -9.547660000000000036e-01 2.973549999999999804e-01 -1.587000000000000086e-03
5.000000000000000000e+00 1.600000000000000000e+01 2.100000000000000000e+01 0.000000000000000000e+00 1.600000000000000089e+00 -6.239999999999999887e-04 1.727000000000000019e-03 9.999980000000000535e-01 2.962359999999999993e-01 9.551140000000000185e-01 -1.464000000000000024e-03 -9.551150000000000473e-01 2.962339999999999973e-01 -1.106999999999999911e-03
1.300000000000000000e+01 1.600000000000000000e+01 2.100000000000000000e+01 0.000000000000000000e+00 1.600000000000000089e+00 -4.699999999999999859e-04 -5.825999999999999582e-03 9.999829999999999552e-01 2.970200000000000062e-01 9.548539999999999806e-01 5.702999999999999736e-03 -9.548710000000000253e-01 2.970180000000000042e-01 1.281999999999999936e-03
1.700000000000000000e+01 1.600000000000000000e+01 2.100000000000000000e+01 0.000000000000000000e+00 1.600000000000000089e+00 -3.390000000000000001e-04 -4.330999999999999781e-03 9.999909999999999632e-01 2.971050000000000080e-01 9.548349999999999893e-01 4.236000000000000182e-03 -9.548450000000000548e-01 2.971030000000000060e-01 9.629999999999999888e-04
2.000000000000000000e+01 1.600000000000000000e+01 2.100000000000000000e+01 0.000000000000000000e+00 1.600000000000000089e+00 -1.600000000000000131e-04 3.179999999999999776e-04 1.000000000000000000e+00 2.974180000000000157e-01 9.547470000000000123e-01 -2.559999999999999884e-04 -9.547470000000000123e-01 2.974180000000000157e-01 -2.480000000000000108e-04
2.600000000000000000e+01 1.600000000000000000e+01 2.100000000000000000e+01 0.000000000000000000e+00 1.600000000000000089e+00 7.190000000000000210e-04 4.564000000000000348e-03 9.999890000000000168e-01 2.983489999999999753e-01 9.544460000000000166e-01 -4.571000000000000410e-03 -9.544569999999999999e-01 2.983489999999999753e-01 -6.750000000000000357e-04
7.000000000000000000e+00 3.000000000000000000e+00 2.500000000000000000e+01 0.000000000000000000e+00 1.600000000000000089e+00 2.318999999999999881e-03 3.239999999999999825e-03 9.999919999999999920e-01 -3.915400000000000130e-02 -9.992280000000000051e-01 3.327999999999999795e-03 9.992309999999999803e-01 -3.916200000000000236e-02 -2.190000000000000106e-03
1.700000000000000000e+01 3.000000000000000000e+00 2.500000000000000000e+01 0.000000000000000000e+00 1.600000000000000089e+00 -7.721999999999999698e-03 -1.320000000000000101e-04 9.999700000000000255e-01 -2.956299999999999900e-02 -9.995629999999999793e-01 -3.600000000000000227e-04 9.995330000000000048e-01 -2.956400000000000000e-02 7.714000000000000370e-03
2.600000000000000000e+01 3.000000000000000000e+00 2.500000000000000000e+01 0.000000000000000000e+00 1.600000000000000089e+00 -3.119999999999999944e-04 1.379999999999999933e-03 9.999989999999999712e-01 -2.598599999999999868e-02 -9.996610000000000218e-01 1.371999999999999956e-03 9.996620000000000505e-01 -2.598599999999999868e-02 3.480000000000000020e-04
2.900000000000000000e+01 3.000000000000000000e+00 2.500000000000000000e+01 0.000000000000000000e+00 1.600000000000000089e+00 3.305999999999999911e-03 7.479000000000000405e-03 9.999670000000000503e-01 -2.559499999999999970e-02 -9.996439999999999770e-01 7.562000000000000145e-03 9.996669999999999723e-01 -2.561899999999999941e-02 -3.114000000000000015e-03
6.000000000000000000e+00 4.600000000000000000e+01 2.700000000000000000e+01 0.000000000000000000e+00 1.600000000000000089e+00 2.148000000000000170e-03 1.706999999999999967e-03 -9.999959999999999960e-01 6.623790000000000511e-01 7.491640000000000521e-01 2.701999999999999975e-03 7.491659999999999986e-01 -6.623820000000000263e-01 4.789999999999999879e-04
1.400000000000000000e+01 4.600000000000000000e+01 2.700000000000000000e+01 0.000000000000000000e+00 1.600000000000000089e+00 -2.157000000000000063e-03 -3.036000000000000070e-03 -9.999930000000000208e-01 6.610120000000000440e-01 7.503659999999999775e-01 -3.703999999999999827e-03 7.503720000000000390e-01 -6.610160000000000480e-01 3.879999999999999985e-04
2.300000000000000000e+01 4.600000000000000000e+01 2.700000000000000000e+01 0.000000000000000000e+00 1.600000000000000089e+00 -5.789999999999999791e-04 2.000000000000000096e-04 -1.000000000000000000e+00 6.649840000000000195e-01 7.468580000000000219e-01 -2.359999999999999902e-04 7.468580000000000219e-01 -6.649840000000000195e-01 -5.659999999999999884e-04
2.800000000000000000e+01 4.600000000000000000e+01 2.700000000000000000e+01 0.000000000000000000e+00 1.600000000000000089e+00 -4.970000000000000459e-04 6.470000000000000057e-04 -1.000000000000000000e+00 6.616670000000000051e-01 7.497979999999999645e-01 1.569999999999999944e-04 7.497979999999999645e-01 -6.616659999999999764e-01 -8.009999999999999542e-04
5.000000000000000000e+00 5.800000000000000000e+01 3.100000000000000000e+01 0.000000000000000000e+00 1.600000000000000089e+00 3.820000000000000153e-04 -1.869999999999999917e-04 1.000000000000000000e+00 -7.934510000000000174e-01 -6.086350000000000371e-01 1.900000000000000105e-04 6.086350000000000371e-01 -7.934510000000000174e-01 -3.809999999999999910e-04
9.000000000000000000e+00 5.800000000000000000e+01 3.100000000000000000e+01 0.000000000000000000e+00 1.600000000000000089e+00 1.477000000000000014e-03 5.090000000000000123e-04 9.999989999999999712e-01 -7.951820000000000555e-01 -6.063690000000000468e-01 1.482999999999999943e-03 6.063690000000000468e-01 -7.951829999999999732e-01 -4.910000000000000085e-04
1.500000000000000000e+01 5.800000000000000000e+01 3.100000000000000000e+01 0.000000000000000000e+00 1.600000000000000089e+00 -5.010000000000000347e-04 5.060000000000000478e-04 1.000000000000000000e+00 -7.929070000000000285e-01 -6.093429999999999680e-01 -8.899999999999999491e-05 6.093429999999999680e-01 -7.929070000000000285e-01 7.069999999999999462e-04
2.200000000000000000e+01 5.800000000000000000e+01 3.100000000000000000e+01 0.000000000000000000e+00 1.600000000000000089e+00 4.889999999999999599e-04 -4.192000000000000413e-03 9.999909999999999632e-01 -7.912700000000000289e-01 -6.114629999999999788e-01 -2.175999999999999983e-03 6.114669999999999828e-01 -7.912620000000000209e-01 -3.615000000000000158e-03
2.900000000000000000e+01 5.800000000000000000e+01 3.100000000000000000e+01 0.000000000000000000e+00 1.600000000000000089e+00 7.870000000000000476e-04 -2.174000000000000151e-03 9.999970000000000248e-01 -7.848190000000000444e-01 -6.197240000000000526e-01 -7.290000000000000473e-04 6.197240000000000526e-01 -7.848159999999999581e-01 -2.193000000000000071e-03
9.000000000000000000e+00 6.000000000000000000e+00 3.200000000000000000e+01 0.000000000000000000e+00 1.600000000000000089e+00 -2.199000000000000000e-03 -6.058000000000000017e-03 -9.999789999999999512e-01 1.379029999999999978e-01 9.904260000000000286e-01 -6.302999999999999575e-03 9.904429999999999623e-01 -1.379140000000000088e-01 -1.342000000000000094e-03
1.400000000000000000e+01 6.000000000000000000e+00 3.200000000000000000e+01 0.000000000000000000e+00 1.600000000000000089e+00 -3.693999999999999801e-03 -3.335999999999999990e-03 -9.999879999999999880e-01 1.414080000000000059e-01 9.899440000000000461e-01 -3.824999999999999841e-03 9.899440000000000461e-01 -1.414209999999999912e-01 -3.184999999999999897e-03
2.900000000000000000e+01 6.000000000000000000e+00 3.200000000000000000e+01 0.000000000000000000e+00 1.600000000000000089e+00 -1.016999999999999892e-03 -5.727999999999999585e-03 -9.999829999999999552e-01 1.512249999999999983e-01 9.884819999999999718e-01 -5.815999999999999989e-03 9.884990000000000165e-01 -1.512280000000000013e-01 -1.389999999999999905e-04
5.000000000000000000e+00 4.600000000000000000e+01 3.500000000000000000e+01 0.000000000000000000e+00 1.600000000000000089e+00 -2.290000000000000098e-04 -1.740000000000000010e-04 -1.000000000000000000e+00 3.842400000000000260e-01 -9.232329999999999703e-01 7.200000000000000182e-05 -9.232329999999999703e-01 -3.842400000000000260e-01 2.779999999999999811e-04
1.300000000000000000e+01 4.600000000000000000e+01 3.500000000000000000e+01 0.000000000000000000e+00 1.600000000000000089e+00 -1.079000000000000098e-03 5.469999999999999602e-04 -9.999989999999999712e-01 3.822420000000000262e-01 -9.240620000000000500e-01 -9.179999999999999792e-04 -9.240620000000000500e-01 -3.822429999999999994e-01 7.879999999999999635e-04
1.800000000000000000e+01 4.600000000000000000e+01 3.500000000000000000e+01 0.000000000000000000e+00 1.600000000000000089e+00 3.179999999999999776e-04 1.168999999999999900e-03 -9.999989999999999712e-01 3.820379999999999887e-01 -9.241460000000000230e-01 -9.590000000000000000e-04 -9.241470000000000518e-01 -3.820370000000000155e-01 -7.399999999999999894e-04
2.300000000000000000e+01 4.600000000000000000e+01 3.500000000000000000e+01 0.000000000000000000e+00 1.600000000000000089e+00 -1.384999999999999946e-03 4.712000000000000043e-03 -9.999879999999999880e-01 3.836300000000000265e-01 -9.234740000000000171e-01 -4.882000000000000055e-03 -9.234860000000000291e-01 -3.836319999999999730e-01 -5.289999999999999564e-04
2.700000000000000000e+01 4.600000000000000000e+01 3.500000000000000000e+01 0.000000000000000000e+00 1.600000000000000089e+00 1.557999999999999923e-03 1.637999999999999916e-03 -9.999970000000000248e-01 3.849659999999999749e-01 -9.229300000000000281e-01 -9.120000000000000502e-04 -9.229300000000000281e-01 -3.849629999999999996e-01 -2.067999999999999960e-03
3.000000000000000000e+01 4.600000000000000000e+01 3.500000000000000000e+01 0.000000000000000000e+00 1.600000000000000089e+00 2.629999999999999959e-04 2.247999999999999998e-03 -9.999970000000000248e-01 3.868019999999999792e-01 -9.221610000000000085e-01 -1.971000000000000096e-03 -9.221629999999999550e-01 -3.868010000000000059e-01 -1.111999999999999924e-03
2.000000000000000000e+00 9.500000000000000000e+01 3.600000000000000000e+01 0.000000000000000000e+00 1.600000000000000089e+00 7.486999999999999732e-03 -8.369999999999999619e-04 9.999719999999999720e-01 9.965770000000000461e-01 8.233799999999999453e-02 -7.393000000000000266e-03 -8.233000000000000040e-02 9.966040000000000454e-01 1.451000000000000033e-03
7.000000000000000000e+00 9.500000000000000000e+01 3.600000000000000000e+01 0.000000000000000000e+00 1.600000000000000089e+00 2.624000000000000030e-03 1.886300000000000129e-02 9.998190000000000133e-01 9.966620000000000479e-01 8.152800000000000324e-02 -4.153999999999999707e-03 -8.159099999999999686e-02 9.964929999999999621e-01 -1.858599999999999836e-02
1.300000000000000000e+01 9.500000000000000000e+01 3.600000000000000000e+01 0.000000000000000000e+00 1.600000000000000089e+00 -2.944000000000000002e-03 -1.493000000000000056e-02 9.998839999999999950e-01 9.961269999999999847e-01 8.781799999999999329e-02 4.244999999999999642e-03 -8.787100000000000466e-02 9.960250000000000492e-01 1.461400000000000025e-02
1.800000000000000000e+01 9.500000000000000000e+01 3.600000000000000000e+01 0.000000000000000000e+00 1.600000000000000089e+00 -4.471000000000000148e-03 -8.549999999999999658e-04 9.999900000000000455e-01 9.957810000000000272e-01 9.164600000000000524e-02 4.531000000000000305e-03 -9.164899999999999436e-02 9.957909999999999817e-01 4.409999999999999858e-04
2.200000000000000000e+01 9.500000000000000000e+01 3.600000000000000000e+01 0.000000000000000000e+00 1.600000000000000089e+00 -1.092000000000000089e-03 -9.560000000000000355e-04 9.999989999999999712e-01 9.959770000000000012e-01 8.960500000000000409e-02 1.172999999999999998e-03 -8.960600000000000509e-02 9.959770000000000012e-01 8.549999999999999658e-04
2.800000000000000000e+01 9.500000000000000000e+01 3.600000000000000000e+01 0.000000000000000000e+00 1.600000000000000089e+00 4.119999999999999856e-04 1.647099999999999953e-02 9.998639999999999750e-01 9.965330000000000021e-01 8.318300000000000693e-02 -1.781000000000000031e-03 -8.320099999999999718e-02 9.963980000000000059e-01 -1.637999999999999873e-02
3.000000000000000000e+00 3.000000000000000000e+00 4.300000000000000000e+01 0.000000000000000000e+00 1.600000000000000089e+00 -5.338999999999999996e-03 -4.819199999999999873e-02 -9.988240000000000451e-01 7.391729999999999690e-01 -6.729119999999999546e-01 2.851599999999999968e-02 -6.734940000000000371e-01 -7.381510000000000016e-01 3.921399999999999886e-02
1.000000000000000000e+01 3.000000000000000000e+00 4.300000000000000000e+01 0.000000000000000000e+00 1.600000000000000089e+00 -7.506999999999999784e-03 -5.754700000000000093e-02 -9.983140000000000347e-01 7.438730000000000064e-01 -6.675109999999999655e-01 3.288399999999999657e-02 -6.682789999999999564e-01 -7.423729999999999496e-01 4.781900000000000039e-02
1.500000000000000000e+01 3.000000000000000000e+00 4.300000000000000000e+01 0.000000000000000000e+00 1.600000000000000089e+00 -7.832999999999999685e-03 -2.936000000000000068e-02 -9.995380000000000376e-01 7.463070000000000537e-01 -6.654609999999999692e-01 1.369800000000000011e-02 -6.655560000000000365e-01 -7.458550000000000457e-01 2.712399999999999881e-02
1.900000000000000000e+01 3.000000000000000000e+00 4.300000000000000000e+01 0.000000000000000000e+00 1.600000000000000089e+00 -5.701999999999999603e-03 -5.926999999999999977e-03 -9.999660000000000215e-01 7.469099999999999628e-01 -6.649249999999999883e-01 -3.179999999999999776e-04 -6.649009999999999643e-01 -7.468869999999999676e-01 8.219000000000000611e-03
2.600000000000000000e+01 3.000000000000000000e+00 4.300000000000000000e+01 0.000000000000000000e+00 1.600000000000000089e+00 -1.399999999999999877e-04 2.038999999999999840e-02 -9.997920000000000140e-01 7.424669999999999881e-01 -6.697410000000000307e-01 -1.376299999999999919e-02 -6.698830000000000062e-01 -7.423149999999999471e-01 -1.504499999999999935e-02
1.900000000000000000e+01 8.000000000000000000e+00 4.400000000000000000e+01 0.000000000000000000e+00 1.600000000000000089e+00 3.020000000000000223e-04 -2.043999999999999810e-03 9.999980000000000535e-01 -7.687749999999999861e-01 -6.395180000000000309e-01 -1.075000000000000001e-03 6.395189999999999486e-01 -7.687730000000000397e-01 -1.765000000000000076e-03
2.300000000000000000e+01 8.000000000000000000e+00 4.400000000000000000e+01 0.000000000000000000e+00 1.600000000000000089e+00 3.569000000000000124e-03 5.556000000000000175e-03 9.999780000000000335e-01 -7.694879999999999498e-01 -6.386300000000000310e-01 6.295000000000000248e-03 6.386509999999999687e-01 -7.694940000000000113e-01 1.995999999999999944e-03
2.000000000000000000e+00 2.900000000000000000e+01 4.400000000000000000e+01 0.000000000000000000e+00 1.600000000000000089e+00 1.559999999999999972e-04 6.310000000000000504e-04 -1.000000000000000000e+00 6.585879999999999512e-01 7.525039999999999507e-01 5.779999999999999548e-04 7.525039999999999507e-01 -6.585879999999999512e-01 -2.979999999999999793e-04
7.000000000000000000e+00 2.900000000000000000e+01 4.400000000000000000e+01 0.000000000000000000e+00 1.600000000000000089e+00 9.240000000000000166e-04 2.402000000000000055e-03 -9.999970000000000248e-01 6.559479999999999755e-01 7.548030000000000017e-01 2.419000000000000143e-03 7.548059999999999770e-01 -6.559479999999999755e-01 -8.779999999999999827e-04
1.200000000000000000e+01 2.900000000000000000e+01 4.400000000000000000e+01 0.000000000000000000e+00 1.600000000000000089e+00 1.399999999999999986e-03 -2.054999999999999969e-03 -9.999970000000000248e-01 6.550740000000000451e-01 7.555640000000000134e-01 -6.350000000000000392e-04 7.555629999999999846e-01 -6.550709999999999589e-01 2.403000000000000188e-03
1.500000000000000000e+01 2.900000000000000000e+01 4.400000000000000000e+01 0.000000000000000000e+00 1.600000000000000089e+00 1.409000000000000096e-03 -3.831000000000000204e-03 -9.999919999999999920e-01 6.567709999999999937e-01 7.540879999999999805e-01 -1.962999999999999901e-03 7.540890000000000093e-01 -6.567629999999999857e-01 3.579000000000000150e-03
2.200000000000000000e+01 2.900000000000000000e+01 4.400000000000000000e+01 0.000000000000000000e+00 1.600000000000000089e+00 2.070999999999999924e-03 -5.512999999999999672e-03 -9.999829999999999552e-01 6.721500000000000252e-01 7.404100000000000126e-01 -2.690000000000000117e-03 7.404119999999999591e-01 -6.721329999999999805e-01 5.238999999999999733e-03
2.500000000000000000e+01 2.900000000000000000e+01 4.400000000000000000e+01 0.000000000000000000e+00 1.600000000000000089e+00 1.273000000000000043e-03 -1.061000000000000094e-03 -9.999989999999999712e-01 6.775400000000000311e-01 7.354859999999999731e-01 8.200000000000000095e-05 7.354850000000000554e-01 -6.775390000000000024e-01 1.655999999999999920e-03
3.000000000000000000e+01 2.900000000000000000e+01 4.400000000000000000e+01 0.000000000000000000e+00 1.600000000000000089e+00 2.701999999999999975e-03 4.974000000000000123e-03 -9.999839999999999840e-01 6.780129999999999768e-01 7.350299999999999612e-01 5.487999999999999823e-03 7.350449999999999484e-01 -6.780169999999999808e-01 -1.386999999999999995e-03
6.000000000000000000e+00 5.400000000000000000e+01 4.600000000000000000e+01 0.000000000000000000e+00 1.600000000000000089e+00 7.039999999999999817e-04 -9.601000000000000159e-03 9.999540000000000095e-01 3.167860000000000120e-01 -9.484510000000000440e-01 -9.329999999999999752e-03 9.484970000000000345e-01 3.167780000000000040e-01 2.373999999999999808e-03
2.900000000000000000e+01 6.500000000000000000e+01 4.600000000000000000e+01 0.000000000000000000e+00 1.600000000000000089e+00 2.432000000000000134e-03 -1.742999999999999975e-03 9.999959999999999960e-01 6.810220000000000162e-01 -7.322570000000000467e-01 -2.932000000000000144e-03 7.322589999999999932e-01 6.810260000000000202e-01 -5.940000000000000184e-04
2.800000000000000000e+01 6.000000000000000000e+00 5.100000000000000000e+01 0.000000000000000000e+00 1.600000000000000089e+00 -6.220000000000000485e-04 5.050000000000000235e-04 -1.000000000000000000e+00 3.271290000000000031e-01 -9.449800000000000422e-01 -6.800000000000000488e-04 -9.449800000000000422e-01 -3.271290000000000031e-01 4.229999999999999819e-04
2.400000000000000000e+01 7.000000000000000000e+00 5.200000000000000000e+01 0.000000000000000000e+00 1.600000000000000089e+00 6.340000000000000149e-04 -2.474000000000000071e-03 -9.999970000000000248e-01 1.182909999999999934e-01 -9.929759999999999698e-01 2.530999999999999830e-03 -9.929789999999999450e-01 -1.182929999999999954e-01 -3.370000000000000057e-04
2.900000000000000000e+01 7.000000000000000000e+00 5.200000000000000000e+01 0.000000000000000000e+00 1.600000000000000089e+00 4.580000000000000195e-04 2.250999999999999963e-03 -9.999970000000000248e-01 1.187450000000000033e-01 -9.929219999999999713e-01 -2.180000000000000080e-03 -9.929249999999999465e-01 -1.187440000000000023e-01 -7.219999999999999855e-04
3.000000000000000000e+00 6.300000000000000000e+01 5.400000000000000000e+01 0.000000000000000000e+00 1.600000000000000089e+00 1.894000000000000067e-03 5.590000000000000351e-03 9.999829999999999552e-01 -3.507660000000000222e-01 9.364519999999999511e-01 -4.571000000000000410e-03 -9.364609999999999879e-01 -3.507509999999999795e-01 3.735000000000000039e-03
7.000000000000000000e+00 6.300000000000000000e+01 5.400000000000000000e+01 0.000000000000000000e+00 1.600000000000000089e+00 -1.569999999999999944e-04 5.039999999999999992e-04 1.000000000000000000e+00 -3.480619999999999825e-01 9.374710000000000543e-01 -5.270000000000000162e-04 -9.374719999999999720e-01 -3.480619999999999825e-01 2.799999999999999958e-05
1.800000000000000000e+01 6.300000000000000000e+01 5.400000000000000000e+01 0.000000000000000000e+00 1.600000000000000089e+00 1.773000000000000053e-03 -1.275000000000000092e-03 9.999980000000000535e-01 -3.563200000000000256e-01 9.343620000000000259e-01 1.822999999999999968e-03 -9.343620000000000259e-01 -3.563220000000000276e-01 1.203000000000000076e-03
2.200000000000000000e+01 6.300000000000000000e+01 5.400000000000000000e+01 0.000000000000000000e+00 1.600000000000000089e+00 1.759999999999999954e-04 -1.200000000000000030e-04 1.000000000000000000e+00 -3.595380000000000242e-01 9.331300000000000150e-01 1.749999999999999982e-04 -9.331300000000000150e-01 -3.595380000000000242e-01 1.219999999999999974e-04
2.500000000000000000e+01 6.300000000000000000e+01 5.400000000000000000e+01 0.000000000000000000e+00 1.600000000000000089e+00 -1.355000000000000085e-03 -1.280000000000000105e-03 9.999980000000000535e-01 -3.585139999999999993e-01 9.335240000000000204e-01 7.089999999999999948e-04 -9.335229999999999917e-01 -3.585119999999999973e-01 -1.724000000000000055e-03
6.000000000000000000e+00 2.500000000000000000e+01 5.500000000000000000e+01 0.000000000000000000e+00 1.600000000000000089e+00 4.760000000000000234e-04 -5.199999999999999680e-05 -1.000000000000000000e+00 -1.063200000000000083e-02 -9.999430000000000263e-01 4.699999999999999724e-05 -9.999430000000000263e-01 1.063200000000000083e-02 -4.760000000000000234e-04
1.200000000000000000e+01 2.500000000000000000e+01 5.500000000000000000e+01 0.000000000000000000e+00 1.600000000000000089e+00 1.056999999999999997e-03 -2.018999999999999961e-03 -9.999970000000000248e-01 -1.214900000000000008e-02 -9.999240000000000350e-01 2.005999999999999971e-03 -9.999259999999999815e-01 1.214699999999999981e-02 -1.080999999999999930e-03
1.600000000000000000e+01 2.500000000000000000e+01 5.500000000000000000e+01 0.000000000000000000e+00 1.600000000000000089e+00 5.140000000000000254e-04 1.938000000000000052e-03 -9.999980000000000535e-01 -1.295900000000000003e-02 -9.999139999999999695e-01 -1.943999999999999981e-03 -9.999160000000000270e-01 1.295999999999999930e-02 -4.889999999999999599e-04
2.600000000000000000e+01 2.500000000000000000e+01 5.500000000000000000e+01 0.000000000000000000e+00 1.600000000000000089e+00 1.554000000000000043e-03 -1.850000000000000082e-03 -9.999970000000000248e-01 -1.168199999999999968e-02 -9.999299999999999855e-01 1.832000000000000078e-03 -9.999310000000000143e-01 1.167999999999999941e-02 -1.575999999999999927e-03
2.000000000000000000e+00 2.100000000000000000e+01 6.000000000000000000e+01 0.000000000000000000e+00 1.600000000000000089e+00 3.310000000000000225e-04 4.840000000000000010e-04 1.000000000000000000e+00 -9.374100000000000488e-02 9.955969999999999542e-01 -4.510000000000000120e-04 -9.955969999999999542e-01 -9.374100000000000488e-02 3.750000000000000078e-04
1.100000000000000000e+01 2.100000000000000000e+01 6.000000000000000000e+01 0.000000000000000000e+00 1.600000000000000089e+00 -9.020000000000000240e-04 -1.276000000000000007e-03 9.999989999999999712e-01 -9.671599999999999642e-02 9.953109999999999458e-01 1.182000000000000108e-03 -9.953119999999999745e-01 -9.671399999999999442e-02 -1.020999999999999989e-03
1.500000000000000000e+01 2.100000000000000000e+01 6.000000000000000000e+01 0.000000000000000000e+00 1.600000000000000089e+00 -2.387999999999999932e-03 -6.942000000000000254e-03 9.999730000000000008e-01 -9.740600000000000647e-02 9.952220000000000510e-01 6.676999999999999776e-03 -9.952419999999999600e-01 -9.738700000000000134e-02 -3.053000000000000158e-03
2.200000000000000000e+01 2.100000000000000000e+01 6.000000000000000000e+01 0.000000000000000000e+00 1.600000000000000089e+00 -7.470000000000000511e-04 1.506500000000000027e-02 9.998860000000000525e-01 -9.581599999999999839e-02 9.952849999999999753e-01 -1.506799999999999980e-02 -9.953990000000000338e-01 -9.581699999999999939e-02 6.999999999999999929e-04
2.800000000000000000e+01 2.100000000000000000e+01 6.000000000000000000e+01 0.000000000000000000e+00 1.600000000000000089e+00 1.213000000000000102e-03 -9.221000000000000030e-03 9.999569999999999848e-01 -9.431399999999999506e-02 9.954990000000000228e-01 9.294999999999999443e-03 -9.955420000000000380e-01 -9.432100000000000206e-02 3.379999999999999758e-04
1.100000000000000000e+01 6.000000000000000000e+00 6.100000000000000000e+01 0.000000000000000000e+00 1.600000000000000089e+00 6.368000000000000396e-03 2.958999999999999825e-03 9.999749999999999472e-01 5.771330000000000071e-01 -8.166489999999999583e-01 -1.258999999999999920e-03 8.166250000000000453e-01 5.771269999999999456e-01 -6.908000000000000078e-03
2.000000000000000000e+00 3.000000000000000000e+00 6.300000000000000000e+01 0.000000000000000000e+00 1.600000000000000089e+00 -2.445000000000000125e-03 -9.439999999999999607e-04 9.999970000000000248e-01 -6.135680000000000023e-01 7.896410000000000373e-01 -7.550000000000000287e-04 -7.896379999999999511e-01 -6.135680000000000023e-01 -2.510000000000000078e-03
