1.100000000000000000e+01 2.500000000000000000e+01 1.000000000000000000e+00 0.000000000000000000e+00 1.600000000000000089e+00 1.075000000000000001e-03 -1.123999999999999999e-03 -9.999989999999999712e-01 -5.272860000000000325e-01 -8.496879999999999988e-01 3.879999999999999985e-04 -8.496869999999999701e-01 5.272850000000000037e-01 -1.505999999999999960e-03
6.000000000000000000e+00 1.500000000000000000e+01 4.000000000000000000e+00 0.000000000000000000e+00 1.600000000000000089e+00 -1.196000000000000014e-03 4.089999999999999886e-03 9.999909999999999632e-01 3.290230000000000099e-01 -9.443120000000000402e-01 4.256000000000000234e-03 9.443209999999999660e-01 3.290250000000000119e-01 -2.159999999999999919e-04
1.200000000000000000e+01 1.500000000000000000e+01 4.000000000000000000e+00 0.000000000000000000e+00 1.600000000000000089e+00 6.269999999999999532e-04 1.100000000000000039e-04 1.000000000000000000e+00 3.283079999999999887e-01 -9.445710000000000495e-01 -1.019999999999999992e-04 9.445710000000000495e-01 3.283079999999999887e-01 -6.290000000000000018e-04
1.500000000000000000e+01 1.500000000000000000e+01 4.000000000000000000e+00 0.000000000000000000e+00 1.600000000000000089e+00 -6.319999999999999663e-04 3.429000000000000190e-03 9.999940000000000495e-01 3.286180000000000212e-01 -9.444569999999999910e-01 3.445999999999999844e-03 9.444630000000000525e-01 3.286180000000000212e-01 -5.299999999999999807e-04
2.100000000000000000e+01 1.500000000000000000e+01 4.000000000000000000e+00 0.000000000000000000e+00 1.600000000000000089e+00 -8.520000000000000013e-04 4.939999999999999730e-04 1.000000000000000000e+00 3.234870000000000245e-01 -9.462319999999999620e-01 7.429999999999999539e-04 9.462319999999999620e-01 3.234879999999999978e-01 6.459999999999999814e-04
2.600000000000000000e+01 1.500000000000000000e+01 4.000000000000000000e+00 0.000000000000000000e+00 1.600000000000000089e+00 -1.559999999999999972e-04 4.494999999999999864e-03 9.999900000000000455e-01 3.248510000000000009e-01 -9.457550000000000123e-01 4.302000000000000268e-03 9.457649999999999668e-01 3.248489999999999989e-01 -1.312000000000000015e-03
8.000000000000000000e+00 1.010000000000000000e+02 7.000000000000000000e+00 0.000000000000000000e+00 1.600000000000000089e+00 2.498999999999999833e-02 -6.764399999999999580e-02 9.973959999999999493e-01 8.806599999999999984e-01 4.736429999999999807e-01 1.005699999999999997e-02 -4.730900000000000105e-01 8.781149999999999789e-01 7.140799999999999925e-02
2.400000000000000000e+01 1.010000000000000000e+02 7.000000000000000000e+00 0.000000000000000000e+00 1.600000000000000089e+00 1.657999999999999969e-03 -1.164000000000000104e-03 9.999980000000000535e-01 8.857770000000000366e-01 4.641109999999999958e-01 -9.290000000000000297e-04 -4.641089999999999938e-01 8.857760000000000078e-01 1.799999999999999951e-03
2.800000000000000000e+01 1.010000000000000000e+02 7.000000000000000000e+00 0.000000000000000000e+00 1.600000000000000089e+00 4.873999999999999860e-03 -2.453400000000000025e-02 9.996869999999999923e-01 8.901710000000000456e-01 4.555759999999999810e-01 6.839999999999999726e-03 -4.556009999999999782e-01 8.898589999999999556e-01 2.406000000000000152e-02
4.000000000000000000e+00 2.500000000000000000e+01 8.000000000000000000e+00 0.000000000000000000e+00 1.600000000000000089e+00 1.359999999999999989e-04 -4.079000000000000160e-03 -9.999919999999999920e-01 4.516890000000000072e-01 8.921679999999999611e-01 -3.578000000000000017e-03 8.921750000000000513e-01 -4.516850000000000032e-01 1.962999999999999901e-03
7.000000000000000000e+00 2.500000000000000000e+01 8.000000000000000000e+00 0.000000000000000000e+00 1.600000000000000089e+00 -2.689999999999999791e-04 -3.382000000000000024e-03 -9.999940000000000495e-01 4.530150000000000010e-01 8.914969999999999839e-01 -3.137000000000000031e-03 8.915030000000000454e-01 -4.530129999999999990e-01 1.291999999999999963e-03
1.000000000000000000e+01 2.500000000000000000e+01 8.000000000000000000e+00 0.000000000000000000e+00 1.600000000000000089e+00 -5.569999999999999864e-04 -3.752999999999999826e-03 -9.999930000000000208e-01 4.532939999999999747e-01 8.913539999999999797e-01 -3.598000000000000070e-03 8.913609999999999589e-01 -4.532930000000000015e-01 1.204999999999999908e-03
1.900000000000000000e+01 2.500000000000000000e+01 8.000000000000000000e+00 0.000000000000000000e+00 1.600000000000000089e+00 -2.072000000000000057e-03 4.493999999999999731e-03 -9.999879999999999880e-01 4.517149999999999777e-01 8.921569999999999778e-01 3.073999999999999910e-03 8.921599999999999531e-01 -4.517030000000000212e-01 -3.877999999999999937e-03
2.300000000000000000e+01 2.500000000000000000e+01 8.000000000000000000e+00 0.000000000000000000e+00 1.600000000000000089e+00 -2.944000000000000002e-03 2.445999999999999824e-03 -9.999930000000000208e-01 4.490430000000000255e-01 8.935100000000000264e-01 8.639999999999999677e-04 8.935060000000000224e-01 -4.490370000000000195e-01 -3.729000000000000110e-03
2.700000000000000000e+01 2.500000000000000000e+01 8.000000000000000000e+00 0.000000000000000000e+00 1.600000000000000089e+00 -1.642999999999999929e-03 -5.597999999999999678e-03 -9.999829999999999552e-01 4.480100000000000193e-01 8.940099999999999714e-01 -5.740999999999999576e-03 8.940270000000000161e-01 -4.480120000000000213e-01 1.038999999999999993e-03
4.000000000000000000e+00 2.400000000000000000e+01 9.000000000000000000e+00 0.000000000000000000e+00 1.600000000000000089e+00 -9.899999999999999404e-05 -5.148999999999999931e-03 -9.999869999999999592e-01 4.539790000000000214e-01 8.910000000000000142e-01 -4.632999999999999965e-03 8.910120000000000262e-01 -4.539730000000000154e-01 2.249000000000000131e-03
7.000000000000000000e+00 2.400000000000000000e+01 9.000000000000000000e+00 0.000000000000000000e+00 1.600000000000000089e+00 -4.859999999999999954e-04 -3.403000000000000209e-03 -9.999940000000000495e-01 4.550029999999999908e-01 8.904840000000000533e-01 -3.250999999999999984e-03 8.904900000000000038e-01 -4.550020000000000175e-01 1.116000000000000021e-03
1.100000000000000000e+01 2.400000000000000000e+01 9.000000000000000000e+00 0.000000000000000000e+00 1.600000000000000089e+00 -7.029999999999999574e-04 -3.883999999999999866e-03 -9.999919999999999920e-01 4.559099999999999819e-01 8.900179999999999758e-01 -3.776999999999999975e-03 8.900259999999999838e-01 -4.559090000000000087e-01 1.144999999999999967e-03
1.800000000000000000e+01 2.400000000000000000e+01 9.000000000000000000e+00 0.000000000000000000e+00 1.600000000000000089e+00 -1.435999999999999993e-03 4.503000000000000058e-03 -9.999890000000000168e-01 4.567840000000000233e-01 8.895710000000000006e-01 3.350000000000000113e-03 8.895760000000000334e-01 -4.567740000000000133e-01 -3.334000000000000158e-03
2.500000000000000000e+01 2.400000000000000000e+01 9.000000000000000000e+00 0.000000000000000000e+00 1.600000000000000089e+00 -1.338999999999999913e-03 -1.498999999999999898e-03 -9.999980000000000535e-01 4.523809999999999776e-01 8.918230000000000324e-01 -1.943000000000000066e-03 8.918239999999999501e-01 -4.523829999999999796e-01 -5.159999999999999656e-04
2.700000000000000000e+01 2.400000000000000000e+01 9.000000000000000000e+00 0.000000000000000000e+00 1.600000000000000089e+00 -1.685999999999999999e-03 -7.324999999999999914e-03 -9.999719999999999720e-01 4.521200000000000219e-01 8.919270000000000254e-01 -7.296000000000000402e-03 8.919550000000000534e-01 -4.521200000000000219e-01 1.807999999999999928e-03
4.000000000000000000e+00 4.000000000000000000e+00 1.100000000000000000e+01 0.000000000000000000e+00 1.600000000000000089e+00 4.043700000000000072e-02 -2.708180000000000032e-01 -9.617809999999999970e-01 1.245219999999999938e-01 9.564300000000000024e-01 -2.640759999999999774e-01 9.913929999999999687e-01 -1.090840000000000004e-01 7.239800000000000402e-02
2.400000000000000000e+01 4.000000000000000000e+00 1.100000000000000000e+01 0.000000000000000000e+00 1.600000000000000089e+00 3.606899999999999690e-02 -2.333000000000000074e-01 -9.717360000000000442e-01 8.148700000000000387e-02 9.698170000000000401e-01 -2.298149999999999915e-01 9.960219999999999629e-01 -7.089499999999999968e-02 5.399099999999999733e-02
5.000000000000000000e+00 3.100000000000000000e+01 1.200000000000000000e+01 0.000000000000000000e+00 1.600000000000000089e+00 8.140000000000000534e-04 9.398000000000000104e-03 9.999559999999999560e-01 -1.958999999999999977e-02 9.997639999999999860e-01 -9.379999999999999449e-03 -9.998080000000000300e-01 -1.958199999999999871e-02 9.979999999999999722e-04
1.400000000000000000e+01 3.100000000000000000e+01 1.200000000000000000e+01 0.000000000000000000e+00 1.600000000000000089e+00 2.590999999999999987e-03 5.513999999999999804e-03 9.999810000000000088e-01 -7.209000000000000130e-03 9.999590000000000423e-01 -5.494999999999999885e-03 -9.999710000000000543e-01 -7.193999999999999874e-03 2.631000000000000092e-03
9.000000000000000000e+00 3.500000000000000000e+01 1.200000000000000000e+01 0.000000000000000000e+00 1.600000000000000089e+00 1.052299999999999937e-02 -1.248600000000000057e-02 -9.998669999999999503e-01 4.849649999999999794e-01 -8.743870000000000253e-01 1.602299999999999905e-02 -8.744699999999999696e-01 -4.850689999999999724e-01 -3.145999999999999925e-03
1.400000000000000000e+01 3.500000000000000000e+01 1.200000000000000000e+01 0.000000000000000000e+00 1.600000000000000089e+00 5.637999999999999783e-03 -1.474999999999999966e-03 -9.999829999999999552e-01 5.124109999999999498e-01 -8.587299999999999933e-01 4.155999999999999972e-03 -8.587219999999999853e-01 -5.124260000000000481e-01 -4.086000000000000222e-03
2.000000000000000000e+01 3.500000000000000000e+01 1.200000000000000000e+01 0.000000000000000000e+00 1.600000000000000089e+00 -6.315000000000000301e-03 4.690000000000000158e-04 -9.999799999999999800e-01 4.929439999999999933e-01 -8.700539999999999941e-01 -3.520999999999999824e-03 -8.700379999999999781e-01 -4.929560000000000053e-01 5.263999999999999582e-03
3.000000000000000000e+01 3.500000000000000000e+01 1.200000000000000000e+01 0.000000000000000000e+00 1.600000000000000089e+00 1.771000000000000005e-02 -2.622599999999999931e-02 -9.994990000000000263e-01 4.864749999999999908e-01 -8.731250000000000400e-01 3.153000000000000247e-02 -8.735150000000000414e-01 -4.867900000000000005e-01 -2.704999999999999939e-03
2.700000000000000000e+01 3.200000000000000000e+01 1.400000000000000000e+01 0.000000000000000000e+00 1.600000000000000089e+00 1.309999999999999967e-03 3.915300000000000030e-02 -9.992320000000000091e-01 1.036299999999999999e-01 9.938479999999999537e-01 3.907800000000000162e-02 9.946150000000000269e-01 -1.036009999999999986e-01 -2.756000000000000203e-03
8.000000000000000000e+00 1.200000000000000000e+01 1.500000000000000000e+01 0.000000000000000000e+00 1.600000000000000089e+00 1.439299999999999954e-02 -2.499499999999999986e-02 -9.995840000000000281e-01 -4.934649999999999870e-01 -8.696420000000000261e-01 1.464000000000000024e-02 -8.696460000000000301e-01 4.930490000000000150e-01 -2.485100000000000156e-02
1.700000000000000000e+01 1.200000000000000000e+01 1.500000000000000000e+01 0.000000000000000000e+00 1.600000000000000089e+00 -8.660000000000000163e-04 -1.251500000000000008e-02 -9.999209999999999487e-01 -4.775150000000000228e-01 -8.785490000000000244e-01 1.140900000000000074e-02 -8.786230000000000429e-01 4.774880000000000235e-01 -5.215000000000000017e-03
7.000000000000000000e+00 4.000000000000000000e+00 2.000000000000000000e+01 0.000000000000000000e+00 1.600000000000000089e+00 -5.824000000000000184e-03 9.695999999999999758e-03 -9.999360000000000470e-01 2.402390000000000081e-01 -9.706540000000000168e-01 -1.081200000000000043e-02 -9.706960000000000033e-01 -2.402870000000000006e-01 3.324000000000000132e-03
1.400000000000000000e+01 4.000000000000000000e+00 2.000000000000000000e+01 0.000000000000000000e+00 1.600000000000000089e+00 5.390999999999999959e-03 -1.734499999999999931e-02 -9.998350000000000293e-01 1.791739999999999999e-01 -9.836519999999999708e-01 1.803000000000000089e-02 -9.838029999999999831e-01 -1.792410000000000114e-01 -2.194999999999999903e-03
2.600000000000000000e+01 4.000000000000000000e+00 2.000000000000000000e+01 0.000000000000000000e+00 1.600000000000000089e+00 3.710000000000000190e-04 1.927600000000000147e-02 -9.998139999999999805e-01 2.998500000000000054e-01 -9.538109999999999644e-01 -1.827799999999999911e-02 -9.539860000000000007e-01 -2.997870000000000257e-01 -6.133000000000000430e-03
1.700000000000000000e+01 1.300000000000000000e+01 2.000000000000000000e+01 0.000000000000000000e+00 1.600000000000000089e+00 2.920499999999999832e-02 8.684200000000000252e-02 9.957939999999999570e-01 2.629779999999999895e-01 9.604559999999999764e-01 -9.147299999999999875e-02 -9.643599999999999950e-01 2.645429999999999726e-01 5.212999999999999752e-03
2.600000000000000000e+01 1.300000000000000000e+01 2.000000000000000000e+01 0.000000000000000000e+00 1.600000000000000089e+00 5.890000000000000053e-04 -9.640000000000000131e-04 9.999989999999999712e-01 2.516479999999999828e-01 9.678179999999999561e-01 7.849999999999999990e-04 -9.678189999999999849e-01 2.516479999999999828e-01 8.130000000000000291e-04
2.000000000000000000e+00 1.400000000000000000e+01 2.000000000000000000e+01 0.000000000000000000e+00 1.600000000000000089e+00 -3.386999999999999733e-02 -9.216499999999999693e-02 9.951680000000000526e-01 2.724460000000000215e-01 9.571760000000000268e-01 9.791900000000000603e-02 -9.615749999999999575e-01 2.744460000000000233e-01 -7.309999999999999658e-03
1.100000000000000000e+01 1.400000000000000000e+01 2.000000000000000000e+01 0.000000000000000000e+00 1.600000000000000089e+00 7.034000000000000322e-03 -1.234200000000000054e-02 9.998989999999999823e-01 2.718579999999999885e-01 9.622859999999999747e-01 9.964999999999999900e-03 -9.623119999999999452e-01 2.717609999999999748e-01 1.012399999999999932e-02
4.000000000000000000e+00 1.600000000000000000e+01 2.100000000000000000e+01 0.000000000000000000e+00 1.600000000000000089e+00 -2.755300000000000110e-02 -1.154560000000000031e-01 9.929299999999999793e-01 3.347100000000000075e-01 9.349039999999999573e-01 1.179970000000000047e-01 -9.419180000000000330e-01 3.355949999999999767e-01 1.288500000000000062e-02
1.200000000000000000e+01 1.600000000000000000e+01 2.100000000000000000e+01 0.000000000000000000e+00 1.600000000000000089e+00 1.302599999999999938e-02 3.193000000000000092e-03 9.999099999999999655e-01 3.367800000000000238e-01 9.415540000000000020e-01 -7.394000000000000399e-03 -9.414930000000000243e-01 3.368459999999999788e-01 1.118899999999999929e-02
1.900000000000000000e+01 1.600000000000000000e+01 2.100000000000000000e+01 0.000000000000000000e+00 1.600000000000000089e+00 1.185199999999999969e-02 3.903000000000000219e-02 9.991679999999999451e-01 3.037839999999999985e-01 9.518680000000000474e-01 -4.078600000000000281e-02 -9.526670000000000416e-01 3.040140000000000065e-01 -5.760000000000000146e-04
2.300000000000000000e+01 1.600000000000000000e+01 2.100000000000000000e+01 0.000000000000000000e+00 1.600000000000000089e+00 9.340000000000000429e-04 6.741999999999999729e-03 9.999770000000000048e-01 2.981820000000000026e-01 9.544850000000000279e-01 -6.714000000000000350e-03 -9.545090000000000519e-01 2.981809999999999738e-01 -1.118999999999999986e-03
2.700000000000000000e+01 1.600000000000000000e+01 2.100000000000000000e+01 0.000000000000000000e+00 1.600000000000000089e+00 4.229999999999999819e-04 2.489999999999999809e-04 1.000000000000000000e+00 2.975889999999999924e-01 9.546940000000000426e-01 -3.640000000000000115e-04 -9.546940000000000426e-01 2.975889999999999924e-01 3.299999999999999982e-04
2.800000000000000000e+01 4.000000000000000000e+00 2.500000000000000000e+01 0.000000000000000000e+00 1.600000000000000089e+00 5.805600000000000344e-02 4.406199999999999700e-02 9.973400000000000043e-01 -6.189369999999999594e-01 -7.822620000000000129e-01 7.058899999999999897e-02 7.832919999999999883e-01 -6.213889999999999691e-01 -1.814299999999999941e-02
1.400000000000000000e+01 4.600000000000000000e+01 2.700000000000000000e+01 0.000000000000000000e+00 1.600000000000000089e+00 -2.722000000000000027e-03 1.600999999999999993e-03 -9.999949999999999672e-01 6.743449999999999722e-01 7.384159999999999613e-01 -6.539999999999999590e-04 7.384110000000000396e-01 -6.743430000000000257e-01 -3.089999999999999865e-03
2.300000000000000000e+01 4.600000000000000000e+01 2.700000000000000000e+01 0.000000000000000000e+00 1.600000000000000089e+00 -4.899999999999999842e-05 -1.802999999999999915e-03 -9.999980000000000535e-01 6.714020000000000543e-01 7.410919999999999730e-01 -1.368999999999999991e-03 7.410930000000000017e-01 -6.714010000000000256e-01 1.173999999999999913e-03
2.800000000000000000e+01 4.600000000000000000e+01 3.000000000000000000e+01 0.000000000000000000e+00 1.600000000000000089e+00 2.308999999999999855e-03 7.156000000000000034e-03 -9.999719999999999720e-01 3.226729999999999876e-01 9.464810000000000167e-01 7.518000000000000377e-03 9.465080000000000160e-01 -3.226809999999999956e-01 -1.240000000000000054e-04
5.000000000000000000e+00 5.800000000000000000e+01 3.100000000000000000e+01 0.000000000000000000e+00 1.600000000000000089e+00 5.011999999999999962e-03 6.795999999999999958e-03 9.999639999999999640e-01 -7.760590000000000543e-01 -6.306079999999999464e-01 8.174999999999999975e-03 6.306410000000000071e-01 -7.760719999999999841e-01 2.113999999999999994e-03
9.000000000000000000e+00 5.800000000000000000e+01 3.100000000000000000e+01 0.000000000000000000e+00 1.600000000000000089e+00 8.196000000000000160e-03 9.426000000000000351e-03 9.999219999999999775e-01 -7.783010000000000206e-01 -6.277709999999999679e-01 1.229700000000000064e-02 6.278380000000000072e-01 -7.783409999999999496e-01 2.190999999999999805e-03
1.300000000000000000e+01 5.800000000000000000e+01 3.100000000000000000e+01 0.000000000000000000e+00 1.600000000000000089e+00 3.880000000000000202e-03 1.281000000000000021e-03 9.999919999999999920e-01 -7.785109999999999530e-01 -6.276190000000000380e-01 3.824000000000000142e-03 6.276190000000000380e-01 -7.785189999999999610e-01 -1.438000000000000042e-03
1.500000000000000000e+01 5.800000000000000000e+01 3.100000000000000000e+01 0.000000000000000000e+00 1.600000000000000089e+00 1.796000000000000070e-03 -4.380000000000000213e-04 9.999980000000000535e-01 -7.765520000000000200e-01 -6.300519999999999454e-01 1.118000000000000070e-03 6.300499999999999989e-01 -7.765530000000000488e-01 -1.472000000000000001e-03
1.900000000000000000e+01 5.800000000000000000e+01 3.100000000000000000e+01 0.000000000000000000e+00 1.600000000000000089e+00 -4.322000000000000321e-03 -6.854999999999999982e-03 9.999670000000000503e-01 -7.703839999999999577e-01 -6.375330000000000163e-01 -7.700000000000000247e-03 6.375650000000000484e-01 -7.703919999999999657e-01 -2.524999999999999901e-03
2.300000000000000000e+01 5.800000000000000000e+01 3.100000000000000000e+01 0.000000000000000000e+00 1.600000000000000089e+00 -5.989000000000000400e-03 -1.548199999999999923e-02 9.998620000000000285e-01 -7.703189999999999760e-01 -6.374950000000000339e-01 -1.448499999999999961e-02 6.376309999999999478e-01 -7.702989999999999560e-01 -8.108000000000000623e-03
2.700000000000000000e+01 5.800000000000000000e+01 3.100000000000000000e+01 0.000000000000000000e+00 1.600000000000000089e+00 4.414000000000000389e-03 4.542000000000000030e-03 9.999799999999999800e-01 -7.749989999999999934e-01 -6.319310000000000205e-01 6.290999999999999717e-03 6.319470000000000365e-01 -7.750110000000000054e-01 7.309999999999999875e-04
1.200000000000000000e+01 5.000000000000000000e+00 3.200000000000000000e+01 0.000000000000000000e+00 1.600000000000000089e+00 1.612570000000000114e-01 -8.793250000000000233e-01 -4.480890000000000151e-01 -6.811399999999999677e-01 2.293949999999999878e-01 -6.952890000000000459e-01 7.141739999999999755e-01 4.173310000000000075e-01 -5.619520000000000071e-01
1.000000000000000000e+01 5.000000000000000000e+00 3.300000000000000000e+01 0.000000000000000000e+00 1.600000000000000089e+00 1.148720000000000019e-01 -9.729280000000000150e-01 -2.005389999999999950e-01 -6.941720000000000113e-01 6.578599999999999726e-02 -7.167970000000000175e-01 7.105850000000000222e-01 2.215479999999999949e-01 -6.678220000000000267e-01
5.000000000000000000e+00 1.700000000000000000e+01 3.300000000000000000e+01 0.000000000000000000e+00 1.600000000000000089e+00 6.854550000000000365e-01 2.413740000000000052e-01 -6.869429999999999703e-01 -6.476809999999999512e-01 -2.289110000000000034e-01 -7.267109999999999959e-01 -3.326580000000000092e-01 9.430469999999999686e-01 -5.749999999999999903e-04
1.400000000000000000e+01 8.000000000000000000e+00 3.400000000000000000e+01 0.000000000000000000e+00 1.600000000000000089e+00 2.075420000000000043e-01 -9.109469999999999512e-01 -3.565119999999999956e-01 -7.100020000000000220e-01 1.104279999999999984e-01 -6.954869999999999663e-01 6.729209999999999914e-01 3.974679999999999880e-01 -6.238559999999999661e-01
1.700000000000000000e+01 9.000000000000000000e+00 3.400000000000000000e+01 0.000000000000000000e+00 1.600000000000000089e+00 2.442269999999999996e-01 -8.339050000000000074e-01 -4.949299999999999811e-01 -7.265570000000000084e-01 1.806659999999999933e-01 -6.629279999999999617e-01 6.422369999999999468e-01 5.214999999999999636e-01 -5.617560000000000331e-01
2.900000000000000000e+01 4.200000000000000000e+01 3.400000000000000000e+01 0.000000000000000000e+00 1.600000000000000089e+00 -5.883000000000000208e-03 -6.655999999999999590e-03 -9.999609999999999888e-01 -3.026190000000000269e-01 9.531009999999999760e-01 -4.564000000000000348e-03 9.530929999999999680e-01 3.025800000000000156e-01 -7.622000000000000303e-03
1.600000000000000000e+01 2.600000000000000000e+01 3.500000000000000000e+01 0.000000000000000000e+00 1.600000000000000089e+00 3.122719999999999940e-01 5.628630000000000022e-01 7.652919999999999723e-01 -6.790239999999999609e-01 -4.311440000000000272e-01 5.941720000000000335e-01 6.643890000000000073e-01 -7.051950000000000163e-01 2.475630000000000053e-01
5.000000000000000000e+00 4.600000000000000000e+01 3.500000000000000000e+01 0.000000000000000000e+00 1.600000000000000089e+00 5.289999999999999564e-04 1.371000000000000040e-03 -9.999989999999999712e-01 3.911319999999999797e-01 -9.203339999999999854e-01 -1.054999999999999948e-03 -9.203350000000000142e-01 -3.911310000000000064e-01 -1.023000000000000038e-03
1.000000000000000000e+01 4.600000000000000000e+01 3.500000000000000000e+01 0.000000000000000000e+00 1.600000000000000089e+00 2.024000000000000191e-03 -7.934999999999999346e-03 -9.999670000000000503e-01 3.899219999999999908e-01 -9.208119999999999639e-01 8.097000000000000031e-03 -9.208460000000000534e-01 -3.899250000000000216e-01 1.229999999999999974e-03
1.400000000000000000e+01 4.600000000000000000e+01 3.500000000000000000e+01 0.000000000000000000e+00 1.600000000000000089e+00 1.025000000000000086e-03 -1.127099999999999977e-02 -9.999360000000000470e-01 3.900589999999999891e-01 -9.207269999999999621e-01 1.077799999999999939e-02 -9.207889999999999686e-01 -3.900449999999999751e-01 3.452999999999999906e-03
1.900000000000000000e+01 4.600000000000000000e+01 3.500000000000000000e+01 0.000000000000000000e+00 1.600000000000000089e+00 -1.111999999999999924e-03 -8.097000000000000031e-03 -9.999670000000000503e-01 3.893340000000000134e-01 -9.210700000000000554e-01 7.026000000000000127e-03 -9.210960000000000258e-01 -3.893139999999999934e-01 4.176000000000000024e-03
2.400000000000000000e+01 4.600000000000000000e+01 3.500000000000000000e+01 0.000000000000000000e+00 1.600000000000000089e+00 4.820000000000000066e-04 -4.661000000000000212e-03 -9.999890000000000168e-01 3.899119999999999808e-01 -9.208410000000000206e-01 4.479999999999999608e-03 -9.208520000000000039e-01 -3.899099999999999788e-01 1.374000000000000004e-03
2.900000000000000000e+01 4.600000000000000000e+01 3.500000000000000000e+01 0.000000000000000000e+00 1.600000000000000089e+00 5.147999999999999798e-03 5.339999999999999695e-04 -9.999869999999999592e-01 3.884349999999999747e-01 -9.214750000000000441e-01 1.507000000000000093e-03 -9.214620000000000033e-01 -3.884380000000000055e-01 -4.950999999999999672e-03
1.700000000000000000e+01 1.100000000000000000e+01 3.600000000000000000e+01 0.000000000000000000e+00 1.600000000000000089e+00 2.104489999999999972e-01 -9.139730000000000354e-01 -3.469360000000000221e-01 -7.260280000000000067e-01 9.153500000000000525e-02 -6.815449999999999564e-01 6.546710000000000029e-01 3.953160000000000007e-01 -6.443069999999999631e-01
2.600000000000000000e+01 2.200000000000000000e+01 3.600000000000000000e+01 0.000000000000000000e+00 1.600000000000000089e+00 -1.931219999999999881e-01 -7.319210000000000438e-01 6.534480000000000288e-01 7.283979999999999899e-01 3.392540000000000000e-01 5.952680000000000193e-01 -6.573740000000000139e-01 5.909299999999999553e-01 4.676120000000000276e-01
1.600000000000000000e+01 2.700000000000000000e+01 3.600000000000000000e+01 0.000000000000000000e+00 1.600000000000000089e+00 3.496719999999999828e-01 3.832479999999999776e-01 8.548980000000000468e-01 -6.968889999999999807e-01 -5.034710000000000019e-01 5.107479999999999798e-01 6.261590000000000211e-01 -7.743630000000000235e-01 9.103200000000000180e-02
1.500000000000000000e+01 1.100000000000000000e+01 3.700000000000000000e+01 0.000000000000000000e+00 1.600000000000000089e+00 1.725299999999999889e-01 -9.385360000000000369e-01 -2.989700000000000135e-01 -7.146919999999999940e-01 8.959000000000000297e-02 -6.936780000000000168e-01 6.778269999999999573e-01 3.333519999999999817e-01 -6.553069999999999729e-01
1.800000000000000000e+01 1.200000000000000000e+01 3.700000000000000000e+01 0.000000000000000000e+00 1.600000000000000089e+00 1.861389999999999989e-01 -9.283489999999999798e-01 -3.217470000000000052e-01 -7.370830000000000437e-01 8.458799999999999653e-02 -6.704879999999999729e-01 6.496619999999999617e-01 3.619580000000000020e-01 -6.685250000000000359e-01
9.000000000000000000e+00 2.200000000000000000e+01 3.700000000000000000e+01 0.000000000000000000e+00 1.600000000000000089e+00 7.681249999999999467e-01 -3.302990000000000093e-01 5.485309999999999908e-01 -6.308430000000000426e-01 -2.436939999999999940e-01 7.366479999999999695e-01 -1.096400000000000013e-01 -9.118749999999999911e-01 -3.955549999999999899e-01
2.700000000000000000e+01 2.300000000000000000e+01 3.700000000000000000e+01 0.000000000000000000e+00 1.600000000000000089e+00 -1.839840000000000086e-01 -7.404880000000000351e-01 6.463959999999999706e-01 7.256050000000000555e-01 3.412970000000000170e-01 5.975059999999999816e-01 -6.630589999999999540e-01 5.789600000000000302e-01 4.745079999999999854e-01
2.500000000000000000e+01 1.500000000000000000e+01 3.800000000000000000e+01 0.000000000000000000e+00 1.600000000000000089e+00 2.073840000000000128e-01 3.836740000000000150e-01 8.998810000000000420e-01 -7.852569999999999828e-01 -4.833009999999999806e-01 3.870290000000000119e-01 5.834059999999999802e-01 -7.869019999999999904e-01 2.010540000000000105e-01
2.000000000000000000e+01 3.600000000000000000e+01 3.800000000000000000e+01 0.000000000000000000e+00 1.600000000000000089e+00 -3.642139999999999822e-01 8.114000000000000379e-02 9.277739999999999876e-01 9.084189999999999765e-01 2.504870000000000152e-01 3.347100000000000075e-01 -2.052370000000000028e-01 9.647139999999999604e-01 -1.649400000000000033e-01
2.200000000000000000e+01 3.700000000000000000e+01 3.800000000000000000e+01 0.000000000000000000e+00 1.600000000000000089e+00 -2.916690000000000116e-01 -1.117289999999999950e-01 9.499710000000000099e-01 7.984040000000000026e-01 5.185020000000000184e-01 3.061159999999999992e-01 -5.267650000000000388e-01 8.477449999999999708e-01 -6.202599999999999780e-02
2.600000000000000000e+01 3.800000000000000000e+01 3.800000000000000000e+01 0.000000000000000000e+00 1.600000000000000089e+00 -1.399870000000000003e-01 -1.730109999999999981e-01 9.749210000000000376e-01 6.942559999999999842e-01 6.848849999999999660e-01 2.212280000000000080e-01 -7.059830000000000272e-01 7.078140000000000542e-01 2.423900000000000013e-02
1.700000000000000000e+01 1.400000000000000000e+01 3.900000000000000000e+01 0.000000000000000000e+00 1.600000000000000089e+00 1.403300000000000103e-01 -8.558559999999999501e-01 -4.978139999999999787e-01 -7.142420000000000435e-01 2.606959999999999833e-01 -6.495349999999999735e-01 6.856870000000000465e-01 4.467079999999999940e-01 -5.747039999999999926e-01
2.300000000000000000e+01 3.800000000000000000e+01 3.900000000000000000e+01 0.000000000000000000e+00 1.600000000000000089e+00 -2.788479999999999848e-01 -1.912739999999999996e-01 9.410939999999999861e-01 7.805720000000000436e-01 5.257110000000000394e-01 3.381339999999999901e-01 -5.594200000000000284e-01 8.288799999999999502e-01 2.710000000000000169e-03
2.600000000000000000e+01 3.900000000000000000e+01 3.900000000000000000e+01 0.000000000000000000e+00 1.600000000000000089e+00 -1.783490000000000075e-01 -2.569339999999999957e-01 9.498299999999999521e-01 7.268139999999999601e-01 6.162959999999999550e-01 3.031849999999999823e-01 -6.632740000000000302e-01 7.444220000000000281e-01 7.682799999999999352e-02
2.300000000000000000e+01 6.100000000000000000e+01 4.000000000000000000e+01 0.000000000000000000e+00 1.600000000000000089e+00 2.674999999999999947e-02 -5.401850000000000263e-01 -8.411210000000000075e-01 3.524829999999999908e-01 -7.822810000000000041e-01 5.136070000000000357e-01 -9.354360000000000452e-01 -3.102199999999999958e-01 1.694799999999999918e-01
6.000000000000000000e+00 2.500000000000000000e+01 4.300000000000000000e+01 0.000000000000000000e+00 1.600000000000000089e+00 1.499499999999999965e-02 -1.224699999999999921e-02 -9.998129999999999518e-01 8.411389999999999700e-01 5.407849999999999602e-01 5.990999999999999798e-03 5.406100000000000350e-01 -8.410720000000000418e-01 1.840999999999999928e-02
6.000000000000000000e+00 2.400000000000000000e+01 4.400000000000000000e+01 0.000000000000000000e+00 1.600000000000000089e+00 1.867800000000000016e-02 1.603600000000000164e-02 -9.996969999999999468e-01 7.826870000000000216e-01 6.219289999999999541e-01 2.460000000000000034e-02 6.221349999999999936e-01 -7.829089999999999661e-01 -9.349999999999999587e-04
6.000000000000000000e+00 2.900000000000000000e+01 4.400000000000000000e+01 0.000000000000000000e+00 1.600000000000000089e+00 -3.386000000000000121e-03 -4.676799999999999707e-02 -9.989000000000000101e-01 6.335800000000000320e-01 7.727270000000000527e-01 -3.832599999999999896e-02 7.736699999999999688e-01 -6.330130000000000479e-01 2.701500000000000082e-02
8.000000000000000000e+00 2.900000000000000000e+01 4.400000000000000000e+01 0.000000000000000000e+00 1.600000000000000089e+00 -4.629599999999999688e-02 -1.822159999999999891e-01 -9.821680000000000410e-01 6.560799999999999965e-01 7.358799999999999786e-01 -1.674489999999999867e-01 7.532699999999999951e-01 -6.521329999999999627e-01 8.548000000000000043e-02
2.700000000000000000e+01 2.200000000000000000e+01 4.500000000000000000e+01 0.000000000000000000e+00 1.600000000000000089e+00 1.393530000000000046e-01 -7.333000000000000629e-02 -9.875239999999999574e-01 -4.665960000000000107e-01 8.747460000000000235e-01 -1.307989999999999986e-01 8.734239999999999782e-01 4.790010000000000101e-01 8.768299999999999705e-02
2.300000000000000000e+01 2.200000000000000000e+01 4.600000000000000000e+01 0.000000000000000000e+00 1.600000000000000089e+00 6.893699999999999828e-02 -1.810300000000000104e-02 -9.974570000000000380e-01 -2.188259999999999927e-01 9.752119999999999678e-01 -3.282299999999999801e-02 9.733260000000000245e-01 2.205320000000000058e-01 6.326700000000000379e-02
2.500000000000000000e+01 5.300000000000000000e+01 4.900000000000000000e+01 0.000000000000000000e+00 1.600000000000000089e+00 -4.781480000000000175e-01 2.374070000000000069e-01 8.455840000000000023e-01 -8.688989999999999769e-01 1.246700000000000065e-02 -4.948319999999999941e-01 -1.280179999999999929e-01 -9.713300000000000267e-01 2.003220000000000001e-01
9.000000000000000000e+00 6.000000000000000000e+00 5.100000000000000000e+01 0.000000000000000000e+00 1.600000000000000089e+00 -6.866999999999999840e-03 -5.538999999999999653e-03 -9.999609999999999888e-01 3.316600000000000104e-01 -9.433939999999999548e-01 2.948999999999999799e-03 -9.433740000000000459e-01 -3.316270000000000051e-01 8.314999999999999475e-03
2.500000000000000000e+01 7.000000000000000000e+00 5.200000000000000000e+01 0.000000000000000000e+00 1.600000000000000089e+00 6.942000000000000254e-03 4.681000000000000265e-03 -9.999649999999999928e-01 8.665799999999999892e-02 -9.962299999999999489e-01 -4.061999999999999639e-03 -9.962140000000000439e-01 -8.662599999999999467e-02 -7.321000000000000250e-03
2.900000000000000000e+01 7.000000000000000000e+00 5.200000000000000000e+01 0.000000000000000000e+00 1.600000000000000089e+00 1.755999999999999965e-03 9.344999999999999141e-03 -9.999550000000000383e-01 7.197599999999999831e-02 -9.973640000000000283e-01 -9.194000000000000783e-03 -9.974049999999999860e-01 -7.195699999999999319e-02 -2.423999999999999939e-03
7.000000000000000000e+00 6.300000000000000000e+01 5.400000000000000000e+01 0.000000000000000000e+00 1.600000000000000089e+00 -6.139000000000000359e-03 -9.299999999999999727e-05 9.999810000000000088e-01 -3.458149999999999835e-01 9.383000000000000229e-01 -2.036000000000000049e-03 -9.382819999999999494e-01 -3.458209999999999895e-01 -5.792000000000000273e-03
1.000000000000000000e+01 6.300000000000000000e+01 5.400000000000000000e+01 0.000000000000000000e+00 1.600000000000000089e+00 1.907000000000000015e-02 3.312999999999999973e-02 9.992689999999999628e-01 -3.320989999999999776e-01 9.429149999999999476e-01 -2.492400000000000171e-02 -9.430520000000000014e-01 -3.313809999999999811e-01 2.898399999999999935e-02
1.600000000000000000e+01 6.300000000000000000e+01 5.400000000000000000e+01 0.000000000000000000e+00 1.600000000000000089e+00 2.409769999999999968e-01 4.652569999999999761e-01 -8.517430000000000279e-01 8.389349999999999863e-01 3.413950000000000040e-01 4.238370000000000193e-01 4.879740000000000189e-01 -8.166919999999999735e-01 -3.080519999999999925e-01
3.000000000000000000e+00 2.500000000000000000e+01 5.500000000000000000e+01 0.000000000000000000e+00 1.600000000000000089e+00 9.120000000000000502e-04 1.897000000000000032e-03 -9.999980000000000535e-01 -1.278600000000000049e-02 -9.999160000000000270e-01 -1.907999999999999974e-03 -9.999179999999999735e-01 1.278800000000000076e-02 -8.880000000000000089e-04
7.000000000000000000e+00 2.500000000000000000e+01 5.500000000000000000e+01 0.000000000000000000e+00 1.600000000000000089e+00 -8.769999999999999584e-04 -7.630000000000000063e-04 -9.999989999999999712e-01 -1.097700000000000065e-02 -9.999390000000000223e-01 7.720000000000000083e-04 -9.999390000000000223e-01 1.097799999999999991e-02 8.689999999999999808e-04
1.400000000000000000e+01 2.500000000000000000e+01 5.500000000000000000e+01 0.000000000000000000e+00 1.600000000000000089e+00 -2.145999999999999904e-03 -4.463400000000000006e-02 -9.990010000000000279e-01 -1.176100000000000062e-02 -9.989329999999999599e-01 4.465600000000000125e-02 -9.999289999999999567e-01 1.184499999999999963e-02 1.618999999999999996e-03
1.500000000000000000e+01 8.000000000000000000e+01 5.500000000000000000e+01 0.000000000000000000e+00 1.600000000000000089e+00 -1.355079999999999896e-01 -6.121079999999999854e-01 -7.790780000000000483e-01 -1.047820000000000001e-01 -7.730669999999999487e-01 6.256099999999999994e-01 -9.852199999999999847e-01 1.664090000000000014e-01 4.061900000000000233e-02
1.100000000000000000e+01 2.100000000000000000e+01 6.000000000000000000e+01 0.000000000000000000e+00 1.600000000000000089e+00 -1.330000000000000073e-04 -7.861999999999999197e-03 9.999689999999999968e-01 -9.814399999999999513e-02 9.951419999999999710e-01 7.811000000000000235e-03 -9.951719999999999455e-01 -9.814000000000000501e-02 -9.039999999999999642e-04
1.800000000000000000e+01 2.100000000000000000e+01 6.000000000000000000e+01 0.000000000000000000e+00 1.600000000000000089e+00 2.965000000000000187e-03 -1.534999999999999906e-03 9.999940000000000495e-01 -9.881600000000000106e-02 9.951039999999999885e-01 1.820000000000000003e-03 -9.951010000000000133e-01 -9.882100000000000606e-02 2.798999999999999839e-03
2.900000000000000000e+01 2.100000000000000000e+01 6.000000000000000000e+01 0.000000000000000000e+00 1.600000000000000089e+00 -6.780000000000000002e-04 2.451000000000000054e-03 9.999970000000000248e-01 -9.973600000000000521e-02 9.950109999999999788e-01 -2.505999999999999981e-03 -9.950139999999999540e-01 -9.973799999999999333e-02 -4.310000000000000137e-04
1.400000000000000000e+01 6.000000000000000000e+00 6.100000000000000000e+01 0.000000000000000000e+00 1.600000000000000089e+00 -1.129999999999999928e-03 3.596999999999999937e-03 9.999930000000000208e-01 5.759360000000000035e-01 -8.174869999999999637e-01 3.592000000000000141e-03 8.174940000000000540e-01 5.759360000000000035e-01 -1.147999999999999932e-03
2.300000000000000000e+01 6.000000000000000000e+00 6.100000000000000000e+01 0.000000000000000000e+00 1.600000000000000089e+00 -2.054999999999999969e-03 -2.033000000000000085e-03 9.999959999999999960e-01 5.735609999999999875e-01 -8.191619999999999457e-01 -4.870000000000000197e-04 8.191599999999999993e-01 5.735580000000000123e-01 2.850000000000000103e-03
1.300000000000000000e+01 8.900000000000000000e+01 6.200000000000000000e+01 0.000000000000000000e+00 1.600000000000000089e+00 -1.228110000000000035e-01 4.774579999999999935e-01 8.700290000000000523e-01 8.192930000000000490e-01 5.435140000000000526e-01 -1.826230000000000075e-01 -5.600680000000000103e-01 6.903810000000000224e-01 -4.579280000000000017e-01
1.700000000000000000e+01 3.000000000000000000e+00 6.300000000000000000e+01 0.000000000000000000e+00 1.600000000000000089e+00 -1.913999999999999903e-03 -2.559000000000000077e-03 9.999949999999999672e-01 -6.193610000000000504e-01 7.851059999999999706e-01 8.239999999999999712e-04 -7.851040000000000241e-01 -6.193560000000000176e-01 -3.088000000000000033e-03
2.300000000000000000e+01 3.000000000000000000e+00 6.300000000000000000e+01 0.000000000000000000e+00 1.600000000000000089e+00 2.266999999999999918e-03 7.200000000000000182e-05 9.999970000000000248e-01 -6.157960000000000100e-01 7.879049999999999665e-01 1.340000000000000045e-03 -7.879030000000000200e-01 -6.157970000000000388e-01 1.830000000000000029e-03
2.000000000000000000e+00 2.700000000000000000e+01 6.300000000000000000e+01 0.000000000000000000e+00 1.600000000000000089e+00 2.990000000000000036e-04 -9.839999999999999789e-03 9.999519999999999520e-01 -2.712890000000000024e-01 9.624500000000000277e-01 9.551999999999999727e-03 -9.624979999999999647e-01 -2.712789999999999924e-01 -2.382000000000000003e-03
2.000000000000000000e+01 2.700000000000000000e+01 6.300000000000000000e+01 0.000000000000000000e+00 1.600000000000000089e+00 -1.540000000000000028e-04 -6.982000000000000359e-03 9.999759999999999760e-01 -2.749229999999999730e-01 9.614430000000000476e-01 6.670999999999999847e-03 -9.614660000000000428e-01 -2.749150000000000205e-01 -2.066999999999999827e-03
2.800000000000000000e+01 2.700000000000000000e+01 6.300000000000000000e+01 0.000000000000000000e+00 1.600000000000000089e+00 3.629999999999999872e-04 -5.135999999999999940e-03 9.999869999999999592e-01 -2.762850000000000028e-01 9.610619999999999719e-01 5.036999999999999811e-03 -9.610760000000000414e-01 -2.762830000000000008e-01 -1.069999999999999988e-03
2.600000000000000000e+01 4.400000000000000000e+01 6.300000000000000000e+01 0.000000000000000000e+00 1.600000000000000089e+00 -6.111400000000000166e-02 9.261110000000000175e-01 3.722679999999999878e-01 -8.090819999999999679e-01 1.724459999999999882e-01 -5.618260000000000476e-01 -5.845089999999999453e-01 -3.355310000000000237e-01 7.387610000000000010e-01
