6.000000000000000000e+00 1.500000000000000000e+01 4.000000000000000000e+00 0.000000000000000000e+00 1.600000000000000089e+00 -2.160000000000000028e-03 9.577000000000000443e-03 9.999519999999999520e-01 2.937850000000000183e-01 -9.558219999999999494e-01 9.789000000000000826e-03 9.558689999999999687e-01 2.937919999999999976e-01 -7.489999999999999913e-04
1.200000000000000000e+01 1.500000000000000000e+01 4.000000000000000000e+00 0.000000000000000000e+00 1.600000000000000089e+00 2.461000000000000080e-03 2.421999999999999847e-02 9.997040000000000370e-01 2.904820000000000180e-01 -9.566170000000000506e-01 2.246099999999999833e-02 9.568769999999999776e-01 2.903399999999999870e-01 -9.390000000000000777e-03
1.700000000000000000e+01 1.500000000000000000e+01 4.000000000000000000e+00 0.000000000000000000e+00 1.600000000000000089e+00 4.568000000000000012e-03 3.164100000000000246e-02 9.994889999999999608e-01 2.948589999999999822e-01 -9.551039999999999530e-01 2.888800000000000048e-02 9.555299999999999905e-01 2.945769999999999778e-01 -1.369199999999999931e-02
2.300000000000000000e+01 1.500000000000000000e+01 4.000000000000000000e+00 0.000000000000000000e+00 1.600000000000000089e+00 -5.531999999999999591e-03 9.452999999999999597e-03 9.999400000000000510e-01 2.943330000000000113e-01 -9.556430000000000202e-01 1.066199999999999960e-02 9.556869999999999532e-01 2.943740000000000245e-01 2.504000000000000149e-03
2.600000000000000000e+01 1.500000000000000000e+01 4.000000000000000000e+00 0.000000000000000000e+00 1.600000000000000089e+00 -4.523000000000000111e-03 7.028999999999999658e-03 9.999649999999999928e-01 2.914970000000000061e-01 -9.565379999999999994e-01 8.042000000000000537e-03 9.565609999999999946e-01 2.915229999999999766e-01 2.278000000000000077e-03
2.800000000000000000e+01 1.600000000000000000e+01 4.000000000000000000e+00 0.000000000000000000e+00 1.600000000000000089e+00 -3.674999999999999881e-03 9.530999999999999542e-03 9.999479999999999480e-01 3.526329999999999742e-01 -9.357060000000000377e-01 1.021400000000000086e-02 9.357539999999999747e-01 3.526520000000000210e-01 7.799999999999999859e-05
8.000000000000000000e+00 1.500000000000000000e+01 8.000000000000000000e+00 0.000000000000000000e+00 1.600000000000000089e+00 5.288000000000000166e-03 1.210400000000000018e-02 -9.999130000000000518e-01 -5.937200000000000255e-01 -8.045679999999999499e-01 -1.287899999999999982e-02 -8.046539999999999804e-01 5.937369999999999592e-01 2.932000000000000144e-03
1.200000000000000000e+01 1.500000000000000000e+01 8.000000000000000000e+00 0.000000000000000000e+00 1.600000000000000089e+00 4.022999999999999667e-03 2.272899999999999920e-02 -9.997340000000000115e-01 -5.910800000000000498e-01 -8.063470000000000359e-01 -2.071100000000000024e-02 -8.066029999999999589e-01 5.910060000000000313e-01 1.019100000000000041e-02
1.600000000000000000e+01 1.500000000000000000e+01 8.000000000000000000e+00 0.000000000000000000e+00 1.600000000000000089e+00 3.975000000000000235e-03 3.025699999999999917e-02 -9.995340000000000336e-01 -5.887499999999999956e-01 -8.078710000000000058e-01 -2.679700000000000137e-02 -8.083050000000000512e-01 5.885820000000000496e-01 1.460200000000000040e-02
2.000000000000000000e+01 1.500000000000000000e+01 8.000000000000000000e+00 0.000000000000000000e+00 1.600000000000000089e+00 7.435999999999999902e-03 1.856899999999999870e-02 -9.998000000000000220e-01 -5.862119999999999553e-01 -8.099250000000000060e-01 -1.940199999999999911e-02 -8.101239999999999553e-01 5.862389999999999546e-01 4.863000000000000135e-03
2.500000000000000000e+01 1.500000000000000000e+01 8.000000000000000000e+00 0.000000000000000000e+00 1.600000000000000089e+00 9.006000000000000116e-03 8.685000000000000012e-03 -9.999219999999999775e-01 -5.824409999999999865e-01 -8.127799999999999470e-01 -1.230499999999999997e-02 -8.128229999999999622e-01 5.825069999999999970e-01 -2.260999999999999989e-03
2.600000000000000000e+01 2.600000000000000000e+01 8.000000000000000000e+00 0.000000000000000000e+00 1.600000000000000089e+00 -8.697999999999999135e-03 -1.394699999999999933e-02 -9.998650000000000038e-01 4.043979999999999797e-01 9.144379999999999731e-01 -1.627299999999999927e-02 9.145419999999999661e-01 -4.044849999999999834e-01 -2.312999999999999952e-03
1.200000000000000000e+01 2.400000000000000000e+01 9.000000000000000000e+00 0.000000000000000000e+00 1.600000000000000089e+00 -4.937000000000000416e-03 -8.035000000000000475e-03 -9.999559999999999560e-01 4.536850000000000049e-01 8.911130000000000440e-01 -9.400000000000000369e-03 8.911480000000000512e-01 -4.537109999999999754e-01 -7.540000000000000044e-04
2.000000000000000000e+01 2.400000000000000000e+01 9.000000000000000000e+00 0.000000000000000000e+00 1.600000000000000089e+00 -5.398000000000000020e-03 -1.457400000000000015e-02 -9.998789999999999623e-01 4.573570000000000135e-01 8.891489999999999672e-01 -1.542999999999999927e-02 8.892670000000000297e-01 -4.573849999999999860e-01 1.866000000000000037e-03
7.000000000000000000e+00 4.000000000000000000e+00 1.100000000000000000e+01 0.000000000000000000e+00 1.600000000000000089e+00 3.559999999999999797e-04 -9.296000000000000443e-03 -9.999569999999999848e-01 1.764830000000000010e-01 9.842619999999999703e-01 -9.088000000000000592e-03 9.843039999999999567e-01 -1.764719999999999900e-01 1.991000000000000148e-03
1.300000000000000000e+01 4.000000000000000000e+00 1.100000000000000000e+01 0.000000000000000000e+00 1.600000000000000089e+00 -1.402000000000000034e-03 -2.108900000000000011e-02 -9.997770000000000268e-01 1.821450000000000014e-01 9.830480000000000329e-01 -2.099099999999999924e-02 9.832710000000000061e-01 -1.821339999999999903e-01 2.462999999999999912e-03
2.300000000000000000e+01 4.000000000000000000e+00 1.100000000000000000e+01 0.000000000000000000e+00 1.600000000000000089e+00 -8.299999999999999815e-05 -1.636000000000000084e-03 -9.999989999999999712e-01 1.944369999999999987e-01 9.809139999999999526e-01 -1.621000000000000045e-03 9.809149999999999814e-01 -1.944369999999999987e-01 2.369999999999999874e-04
2.600000000000000000e+01 4.000000000000000000e+00 1.100000000000000000e+01 0.000000000000000000e+00 1.600000000000000089e+00 7.649999999999999465e-04 4.296000000000000339e-03 -9.999900000000000455e-01 1.915280000000000038e-01 9.814770000000000438e-01 4.362999999999999691e-03 9.814869999999999983e-01 -1.915300000000000058e-01 -7.200000000000000182e-05
2.600000000000000000e+01 1.040000000000000000e+02 1.100000000000000000e+01 0.000000000000000000e+00 1.600000000000000089e+00 3.847999999999999858e-03 7.119999999999999593e-04 9.999919999999999920e-01 -9.749539999999999873e-01 -2.223710000000000131e-01 3.910000000000000281e-03 2.223719999999999863e-01 -9.749619999999999953e-01 -1.620000000000000075e-04
1.200000000000000000e+01 3.100000000000000000e+01 1.200000000000000000e+01 0.000000000000000000e+00 1.600000000000000089e+00 1.859999999999999945e-04 -1.683999999999999950e-03 9.999989999999999712e-01 -2.021200000000000080e-02 9.997939999999999605e-01 1.686999999999999915e-03 -9.997960000000000180e-01 -2.021200000000000080e-02 1.520000000000000084e-04
2.200000000000000000e+01 3.100000000000000000e+01 1.200000000000000000e+01 0.000000000000000000e+00 1.600000000000000089e+00 -3.499999999999999693e-05 -6.740000000000000114e-04 1.000000000000000000e+00 -2.038399999999999934e-02 9.997920000000000140e-01 6.729999999999999871e-04 -9.997920000000000140e-01 -2.038399999999999934e-02 -4.899999999999999842e-05
2.900000000000000000e+01 3.100000000000000000e+01 1.200000000000000000e+01 0.000000000000000000e+00 1.600000000000000089e+00 1.994000000000000113e-03 -1.546000000000000065e-03 9.999970000000000248e-01 -2.439200000000000049e-02 9.997009999999999508e-01 1.593999999999999931e-03 -9.997000000000000330e-01 -2.439500000000000002e-02 1.955999999999999839e-03
2.900000000000000000e+01 3.500000000000000000e+01 1.200000000000000000e+01 0.000000000000000000e+00 1.600000000000000089e+00 1.209000000000000005e-03 3.962000000000000244e-03 -9.999909999999999632e-01 4.857639999999999736e-01 -8.740850000000000009e-01 -2.876000000000000084e-03 -8.740890000000000049e-01 -4.857560000000000211e-01 -2.981000000000000143e-03
6.000000000000000000e+00 3.000000000000000000e+00 1.300000000000000000e+01 0.000000000000000000e+00 1.600000000000000089e+00 -4.690000000000000158e-04 -6.244000000000000418e-03 9.999799999999999800e-01 -1.112900000000000000e-02 9.999190000000000023e-01 6.237999999999999622e-03 -9.999379999999999935e-01 -1.112600000000000047e-02 -5.389999999999999826e-04
1.300000000000000000e+01 3.000000000000000000e+00 1.300000000000000000e+01 0.000000000000000000e+00 1.600000000000000089e+00 -1.902999999999999961e-03 -2.257699999999999985e-02 9.997430000000000483e-01 -1.444999999999999930e-02 9.996410000000000018e-01 2.254700000000000107e-02 -9.998939999999999495e-01 -1.440299999999999914e-02 -2.229000000000000078e-03
1.500000000000000000e+01 3.200000000000000000e+01 1.400000000000000000e+01 0.000000000000000000e+00 1.600000000000000089e+00 -1.183999999999999940e-03 -2.825999999999999953e-03 -9.999949999999999672e-01 1.204250000000000043e-01 9.927179999999999893e-01 -2.948000000000000100e-03 9.927219999999999933e-01 -1.204279999999999934e-01 -8.350000000000000217e-04
1.700000000000000000e+01 3.200000000000000000e+01 1.400000000000000000e+01 0.000000000000000000e+00 1.600000000000000089e+00 -8.339999999999999974e-04 -3.252999999999999815e-03 -9.999940000000000495e-01 1.176999999999999991e-01 9.930440000000000378e-01 -3.328999999999999928e-03 9.930489999999999595e-01 -1.177020000000000011e-01 -4.459999999999999989e-04
2.700000000000000000e+01 3.200000000000000000e+01 1.400000000000000000e+01 0.000000000000000000e+00 1.600000000000000089e+00 -8.530000000000000256e-04 -2.057999999999999934e-03 -9.999970000000000248e-01 1.129970000000000002e-01 9.935929999999999485e-01 -2.141999999999999807e-03 9.935950000000000060e-01 -1.129980000000000012e-01 -6.149999999999999868e-04
6.000000000000000000e+00 1.200000000000000000e+01 1.500000000000000000e+01 0.000000000000000000e+00 1.600000000000000089e+00 9.049999999999999885e-04 3.926999999999999935e-03 -9.999919999999999920e-01 -4.699349999999999916e-01 -8.826920000000000321e-01 -3.890999999999999927e-03 -8.827000000000000401e-01 4.699349999999999916e-01 1.046999999999999971e-03
1.200000000000000000e+01 1.200000000000000000e+01 1.500000000000000000e+01 0.000000000000000000e+00 1.600000000000000089e+00 2.841000000000000209e-03 8.440000000000000236e-04 -9.999959999999999960e-01 -4.690059999999999785e-01 -8.831930000000000058e-01 -2.076999999999999853e-03 -8.831909999999999483e-01 4.690090000000000092e-01 -2.112999999999999861e-03
2.100000000000000000e+01 1.200000000000000000e+01 1.500000000000000000e+01 0.000000000000000000e+00 1.600000000000000089e+00 3.203999999999999817e-03 1.500999999999999947e-03 -9.999940000000000495e-01 -4.705570000000000030e-01 -8.823649999999999549e-01 -2.831999999999999882e-03 -8.823640000000000372e-01 4.705630000000000090e-01 -2.121000000000000055e-03
3.000000000000000000e+00 1.100000000000000000e+01 1.600000000000000000e+01 0.000000000000000000e+00 1.600000000000000089e+00 -2.165999999999999957e-03 1.640000000000000019e-04 -9.999980000000000535e-01 -4.147020000000000151e-01 -9.099570000000000158e-01 7.479999999999999670e-04 -9.099549999999999583e-01 4.147029999999999883e-01 2.039000000000000014e-03
1.500000000000000000e+01 1.100000000000000000e+01 1.600000000000000000e+01 0.000000000000000000e+00 1.600000000000000089e+00 1.239000000000000084e-03 1.214999999999999934e-03 -9.999989999999999712e-01 -4.152930000000000232e-01 -9.096859999999999946e-01 -1.619999999999999912e-03 -9.096870000000000234e-01 4.152950000000000252e-01 -6.220000000000000485e-04
2.100000000000000000e+01 1.100000000000000000e+01 1.600000000000000000e+01 0.000000000000000000e+00 1.600000000000000089e+00 2.314999999999999784e-03 1.824000000000000100e-03 -9.999959999999999960e-01 -4.198770000000000002e-01 -9.075769999999999671e-01 -2.626999999999999995e-03 -9.075779999999999959e-01 4.198810000000000042e-01 -1.335000000000000032e-03
2.800000000000000000e+01 1.100000000000000000e+01 1.600000000000000000e+01 0.000000000000000000e+00 1.600000000000000089e+00 3.173000000000000039e-03 3.600000000000000091e-05 -9.999949999999999672e-01 -4.198020000000000085e-01 -9.076149999999999496e-01 -1.363999999999999978e-03 -9.076100000000000279e-01 4.198040000000000105e-01 -2.864999999999999925e-03
9.000000000000000000e+00 1.160000000000000000e+02 1.600000000000000000e+01 0.000000000000000000e+00 1.600000000000000089e+00 -6.381999999999999652e-03 -6.568000000000000053e-03 9.999580000000000135e-01 7.001100000000000101e-01 7.139760000000000550e-01 9.157999999999999474e-03 -7.140069999999999473e-01 7.001389999999999558e-01 4.199999999999999768e-05
7.000000000000000000e+00 2.000000000000000000e+00 1.900000000000000000e+01 0.000000000000000000e+00 1.600000000000000089e+00 -1.134999999999999941e-03 -5.209000000000000088e-03 -9.999860000000000415e-01 2.058709999999999984e-01 -9.785669999999999646e-01 4.864000000000000268e-03 -9.785789999999999766e-01 -2.058619999999999894e-01 2.183000000000000045e-03
1.100000000000000000e+01 2.000000000000000000e+00 1.900000000000000000e+01 0.000000000000000000e+00 1.600000000000000089e+00 -1.806000000000000097e-03 7.460000000000000268e-04 -9.999980000000000535e-01 2.074749999999999928e-01 -9.782399999999999984e-01 -1.103999999999999947e-03 -9.782389999999999697e-01 -2.074769999999999948e-01 1.611999999999999935e-03
1.600000000000000000e+01 2.000000000000000000e+00 1.900000000000000000e+01 0.000000000000000000e+00 1.600000000000000089e+00 -4.016999999999999738e-03 8.344000000000000722e-03 -9.999569999999999848e-01 2.064680000000000126e-01 -9.784119999999999484e-01 -8.992999999999999258e-03 -9.784450000000000092e-01 -2.064950000000000119e-01 2.207000000000000194e-03
2.100000000000000000e+01 2.000000000000000000e+00 1.900000000000000000e+01 0.000000000000000000e+00 1.600000000000000089e+00 -3.440000000000000132e-04 3.033000000000000106e-03 -9.999949999999999672e-01 1.981300000000000006e-01 -9.801710000000000145e-01 -3.040999999999999866e-03 -9.801760000000000472e-01 -1.981300000000000006e-01 -2.629999999999999959e-04
2.500000000000000000e+01 2.000000000000000000e+00 1.900000000000000000e+01 0.000000000000000000e+00 1.600000000000000089e+00 4.126000000000000327e-03 -1.810499999999999957e-02 -9.998280000000000500e-01 1.886480000000000101e-01 -9.818689999999999918e-01 1.855899999999999911e-02 -9.820360000000000200e-01 -1.886919999999999986e-01 -6.359999999999999551e-04
2.900000000000000000e+01 2.000000000000000000e+00 1.900000000000000000e+01 0.000000000000000000e+00 1.600000000000000089e+00 2.830000000000000050e-03 -2.402500000000000122e-02 -9.997070000000000123e-01 1.869869999999999866e-01 -9.820659999999999945e-01 2.412999999999999867e-02 -9.823579999999999535e-01 -1.869999999999999996e-01 1.712999999999999896e-03
4.000000000000000000e+00 4.000000000000000000e+00 2.000000000000000000e+01 0.000000000000000000e+00 1.600000000000000089e+00 5.800000000000000034e-05 -4.412000000000000123e-03 -9.999900000000000455e-01 2.896529999999999938e-01 -9.571220000000000283e-01 4.239999999999999845e-03 -9.571319999999999828e-01 -2.896509999999999918e-01 1.221999999999999996e-03
5.000000000000000000e+00 1.300000000000000000e+01 2.000000000000000000e+01 0.000000000000000000e+00 1.600000000000000089e+00 -2.701999999999999975e-03 1.376999999999999969e-03 9.999949999999999672e-01 2.635919999999999930e-01 9.646339999999999915e-01 -6.160000000000000111e-04 -9.646299999999999875e-01 2.635890000000000177e-01 -2.968999999999999851e-03
1.300000000000000000e+01 1.300000000000000000e+01 2.000000000000000000e+01 0.000000000000000000e+00 1.600000000000000089e+00 2.896999999999999836e-03 1.435999999999999993e-03 9.999949999999999672e-01 2.627059999999999951e-01 9.648729999999999807e-01 -2.147000000000000037e-03 -9.648710000000000342e-01 2.627109999999999723e-01 2.418000000000000010e-03
1.600000000000000000e+01 1.300000000000000000e+01 2.000000000000000000e+01 0.000000000000000000e+00 1.600000000000000089e+00 1.224999999999999960e-03 -4.062999999999999771e-03 9.999909999999999632e-01 2.616319999999999757e-01 9.651610000000000467e-01 3.601000000000000034e-03 -9.651669999999999972e-01 2.616249999999999964e-01 2.246000000000000166e-03
2.100000000000000000e+01 1.300000000000000000e+01 2.000000000000000000e+01 0.000000000000000000e+00 1.600000000000000089e+00 -6.600000000000000506e-05 -5.727999999999999585e-03 9.999839999999999840e-01 2.608539999999999748e-01 9.653620000000000534e-01 5.546999999999999847e-03 -9.653779999999999584e-01 2.608500000000000263e-01 1.430999999999999980e-03
2.500000000000000000e+01 1.300000000000000000e+01 2.000000000000000000e+01 0.000000000000000000e+00 1.600000000000000089e+00 2.701999999999999975e-03 -3.550000000000000096e-04 9.999959999999999960e-01 2.577240000000000086e-01 9.662180000000000213e-01 -3.530000000000000152e-04 -9.662150000000000460e-01 2.577240000000000086e-01 2.701999999999999975e-03
3.000000000000000000e+01 1.300000000000000000e+01 2.000000000000000000e+01 0.000000000000000000e+00 1.600000000000000089e+00 1.348000000000000023e-03 -4.632999999999999965e-03 9.999879999999999880e-01 2.537159999999999971e-01 9.672699999999999632e-01 4.139000000000000318e-03 -9.672779999999999712e-01 2.537070000000000158e-01 2.478999999999999867e-03
1.000000000000000000e+01 4.600000000000000000e+01 2.700000000000000000e+01 0.000000000000000000e+00 1.600000000000000089e+00 -4.369999999999999970e-04 -1.255000000000000039e-03 -9.999989999999999712e-01 6.659239999999999604e-01 7.460189999999999877e-01 -1.227000000000000009e-03 7.460189999999999877e-01 -6.659239999999999604e-01 5.100000000000000366e-04
1.700000000000000000e+01 4.600000000000000000e+01 2.700000000000000000e+01 0.000000000000000000e+00 1.600000000000000089e+00 -1.721000000000000090e-03 -1.110000000000000092e-03 -9.999980000000000535e-01 6.622169999999999446e-01 7.493100000000000316e-01 -1.971999999999999795e-03 7.493100000000000316e-01 -6.622190000000000021e-01 -5.550000000000000462e-04
2.500000000000000000e+01 4.600000000000000000e+01 2.700000000000000000e+01 0.000000000000000000e+00 1.600000000000000089e+00 3.667000000000000121e-03 4.034000000000000259e-03 -9.999850000000000128e-01 6.675349999999999895e-01 7.445589999999999709e-01 5.451000000000000116e-03 7.445699999999999541e-01 -6.675450000000000550e-01 3.800000000000000209e-05
5.000000000000000000e+00 4.600000000000000000e+01 3.000000000000000000e+01 0.000000000000000000e+00 1.600000000000000089e+00 6.480000000000000300e-04 2.111000000000000029e-03 -9.999980000000000535e-01 3.172300000000000120e-01 9.483460000000000223e-01 2.207000000000000194e-03 9.483479999999999688e-01 -3.172309999999999852e-01 -5.500000000000000196e-05
1.500000000000000000e+01 4.600000000000000000e+01 3.000000000000000000e+01 0.000000000000000000e+00 1.600000000000000089e+00 -1.433000000000000029e-03 -3.969999999999999571e-03 -9.999909999999999632e-01 3.199719999999999787e-01 9.474169999999999536e-01 -4.219999999999999793e-03 9.474259999999999904e-01 -3.199759999999999827e-01 -8.799999999999999771e-05
1.000000000000000000e+00 5.800000000000000000e+01 3.100000000000000000e+01 0.000000000000000000e+00 1.600000000000000089e+00 -3.179999999999999776e-04 -1.858000000000000059e-03 9.999980000000000535e-01 -7.833710000000000395e-01 -6.215530000000000221e-01 -1.404999999999999999e-03 6.215540000000000509e-01 -7.833700000000000108e-01 -1.258000000000000004e-03
8.000000000000000000e+00 5.800000000000000000e+01 3.100000000000000000e+01 0.000000000000000000e+00 1.600000000000000089e+00 4.650000000000000270e-04 1.714999999999999945e-03 9.999980000000000535e-01 -7.816910000000000247e-01 -6.236639999999999961e-01 1.433000000000000029e-03 6.236660000000000537e-01 -7.816899999999999959e-01 1.049999999999999935e-03
1.500000000000000000e+01 5.800000000000000000e+01 3.100000000000000000e+01 0.000000000000000000e+00 1.600000000000000089e+00 -5.127999999999999746e-03 -1.052499999999999963e-02 9.999310000000000143e-01 -7.699669999999999570e-01 -6.379939999999999500e-01 -1.066399999999999987e-02 6.380620000000000180e-01 -7.699690000000000145e-01 -4.832000000000000357e-03
2.600000000000000000e+01 5.800000000000000000e+01 3.100000000000000000e+01 0.000000000000000000e+00 1.600000000000000089e+00 8.642999999999999641e-03 1.668700000000000044e-02 9.998230000000000173e-01 -7.647370000000000001e-01 -6.441090000000000426e-01 1.736100000000000143e-02 6.442849999999999966e-01 -7.647519999999999873e-01 7.193999999999999874e-03
2.700000000000000000e+01 6.000000000000000000e+00 3.200000000000000000e+01 0.000000000000000000e+00 1.600000000000000089e+00 -5.734999999999999647e-03 -1.364999999999999894e-03 -9.999829999999999552e-01 1.736090000000000133e-01 9.848120000000000207e-01 -2.340000000000000066e-03 9.847979999999999512e-01 -1.736199999999999966e-01 -5.411000000000000011e-03
1.000000000000000000e+01 4.200000000000000000e+01 3.400000000000000000e+01 0.000000000000000000e+00 1.600000000000000089e+00 1.912999999999999987e-03 -1.257000000000000088e-03 -9.999970000000000248e-01 -2.926190000000000180e-01 9.562279999999999669e-01 -1.761999999999999894e-03 9.562270000000000492e-01 2.926210000000000200e-01 1.461000000000000059e-03
6.000000000000000000e+00 4.600000000000000000e+01 3.500000000000000000e+01 0.000000000000000000e+00 1.600000000000000089e+00 6.650000000000000095e-04 -3.137000000000000031e-03 -9.999949999999999672e-01 3.841229999999999922e-01 -9.232770000000000143e-01 3.151000000000000155e-03 -9.232820000000000471e-01 -3.841229999999999922e-01 5.910000000000000539e-04
1.100000000000000000e+01 4.600000000000000000e+01 3.500000000000000000e+01 0.000000000000000000e+00 1.600000000000000089e+00 -2.739999999999999923e-04 -1.229000000000000058e-03 -9.999989999999999712e-01 3.856220000000000203e-01 -9.226560000000000317e-01 1.028999999999999967e-03 -9.226569999999999494e-01 -3.856220000000000203e-01 7.269999999999999987e-04
1.800000000000000000e+01 4.600000000000000000e+01 3.500000000000000000e+01 0.000000000000000000e+00 1.600000000000000089e+00 -1.105000000000000079e-03 3.007000000000000124e-03 -9.999949999999999672e-01 3.863039999999999807e-01 -9.223660000000000192e-01 -3.200000000000000153e-03 -9.223710000000000520e-01 -3.863050000000000095e-01 -1.420000000000000092e-04
2.600000000000000000e+01 4.600000000000000000e+01 3.500000000000000000e+01 0.000000000000000000e+00 1.600000000000000089e+00 2.439000000000000196e-03 1.000000000000000048e-04 -9.999970000000000248e-01 3.864900000000000002e-01 -9.222930000000000295e-01 8.509999999999999769e-04 -9.222900000000000542e-01 -3.864909999999999735e-01 -2.288000000000000103e-03
3.000000000000000000e+00 9.500000000000000000e+01 3.600000000000000000e+01 0.000000000000000000e+00 1.600000000000000089e+00 4.246999999999999907e-03 -1.769000000000000086e-02 9.998340000000000005e-01 9.977479999999999682e-01 6.701000000000000012e-02 -3.052000000000000025e-03 -6.694500000000000450e-02 9.975950000000000095e-01 1.793399999999999855e-02
7.000000000000000000e+00 9.500000000000000000e+01 3.600000000000000000e+01 0.000000000000000000e+00 1.600000000000000089e+00 7.829999999999999504e-04 1.831299999999999942e-02 9.998320000000000540e-01 9.976490000000000080e-01 6.850399999999999545e-02 -2.036000000000000049e-03 -6.852900000000000658e-02 9.974830000000000085e-01 -1.821700000000000055e-02
1.400000000000000000e+01 9.500000000000000000e+01 3.600000000000000000e+01 0.000000000000000000e+00 1.600000000000000089e+00 1.689099999999999976e-02 4.310000000000000137e-04 9.998569999999999958e-01 9.972900000000000098e-01 7.160600000000000298e-02 -1.687800000000000064e-02 -7.160299999999999998e-02 9.974330000000000140e-01 7.789999999999999616e-04
2.000000000000000000e+01 9.500000000000000000e+01 3.600000000000000000e+01 0.000000000000000000e+00 1.600000000000000089e+00 -5.800999999999999733e-03 -2.461100000000000093e-02 9.996800000000000130e-01 9.974469999999999725e-01 7.101699999999999680e-02 7.536000000000000164e-03 -7.117999999999999328e-02 9.971710000000000296e-01 2.413600000000000120e-02
2.600000000000000000e+01 9.500000000000000000e+01 3.600000000000000000e+01 0.000000000000000000e+00 1.600000000000000089e+00 -7.738000000000000086e-03 -6.809600000000000375e-02 9.976490000000000080e-01 9.979829999999999535e-01 6.233400000000000052e-02 1.199500000000000045e-02 -6.300400000000000444e-02 9.957300000000000040e-01 6.747599999999999432e-02
1.700000000000000000e+01 9.500000000000000000e+01 3.700000000000000000e+01 0.000000000000000000e+00 1.600000000000000089e+00 6.931999999999999794e-03 -1.692000000000000101e-02 9.998329999999999718e-01 9.958949999999999747e-01 9.035200000000000176e-02 -5.375999999999999703e-03 -9.024600000000000677e-02 9.957660000000000400e-01 1.747699999999999948e-02
3.000000000000000000e+00 3.000000000000000000e+00 4.300000000000000000e+01 0.000000000000000000e+00 1.600000000000000089e+00 -2.304000000000000058e-03 -1.736899999999999902e-02 -9.998470000000000413e-01 7.418190000000000062e-01 -6.705269999999999841e-01 9.938999999999999918e-03 -6.705969999999999986e-01 -7.416819999999999524e-01 1.443000000000000012e-02
6.000000000000000000e+00 3.000000000000000000e+00 4.300000000000000000e+01 0.000000000000000000e+00 1.600000000000000089e+00 4.659999999999999971e-04 -6.496000000000000038e-03 -9.999789999999999512e-01 7.415910000000000002e-01 -6.708359999999999879e-01 4.703999999999999848e-03 -6.708520000000000039e-01 -7.415770000000000417e-01 4.505000000000000324e-03
1.100000000000000000e+01 3.000000000000000000e+00 4.300000000000000000e+01 0.000000000000000000e+00 1.600000000000000089e+00 -1.139999999999999954e-03 -1.274699999999999965e-02 -9.999179999999999735e-01 7.417430000000000412e-01 -6.706400000000000139e-01 7.702999999999999778e-03 -6.706830000000000291e-01 -7.416730000000000267e-01 1.021900000000000065e-02
1.700000000000000000e+01 3.000000000000000000e+00 4.300000000000000000e+01 0.000000000000000000e+00 1.600000000000000089e+00 -2.758000000000000035e-03 -8.016999999999999821e-03 -9.999639999999999640e-01 7.379890000000000061e-01 -6.748039999999999594e-01 3.374999999999999962e-03 -6.748070000000000457e-01 -7.379529999999999701e-01 7.778000000000000191e-03
1.700000000000000000e+01 8.000000000000000000e+00 4.400000000000000000e+01 0.000000000000000000e+00 1.600000000000000089e+00 1.464000000000000024e-03 1.327000000000000055e-03 9.999980000000000535e-01 -7.736439999999999984e-01 -6.336169999999999858e-01 1.972999999999999927e-03 6.336180000000000145e-01 -7.736459999999999448e-01 9.899999999999999404e-05
2.500000000000000000e+01 8.000000000000000000e+00 4.400000000000000000e+01 0.000000000000000000e+00 1.600000000000000089e+00 -5.572999999999999829e-03 -1.067099999999999993e-02 9.999280000000000390e-01 -7.644659999999999789e-01 -6.445680000000000298e-01 -1.114000000000000060e-02 6.446399999999999908e-01 -7.644720000000000404e-01 -4.564999999999999614e-03
5.000000000000000000e+00 2.900000000000000000e+01 4.400000000000000000e+01 0.000000000000000000e+00 1.600000000000000089e+00 -8.200000000000000095e-05 2.072000000000000057e-03 -9.999980000000000535e-01 6.804310000000000080e-01 7.328109999999999902e-01 1.461999999999999975e-03 7.328130000000000477e-01 -6.804289999999999505e-01 -1.469999999999999953e-03
1.000000000000000000e+01 2.900000000000000000e+01 4.400000000000000000e+01 0.000000000000000000e+00 1.600000000000000089e+00 1.240000000000000054e-04 1.381000000000000066e-03 -9.999989999999999712e-01 6.783029999999999893e-01 7.347820000000000462e-01 1.098999999999999934e-03 7.347820000000000462e-01 -6.783019999999999605e-01 -8.450000000000000479e-04
1.600000000000000000e+01 2.900000000000000000e+01 4.400000000000000000e+01 0.000000000000000000e+00 1.600000000000000089e+00 -6.019999999999999961e-04 1.221000000000000080e-03 -9.999989999999999712e-01 6.629439999999999777e-01 7.486690000000000289e-01 5.150000000000000498e-04 7.486690000000000289e-01 -6.629429999999999490e-01 -1.260000000000000052e-03
2.700000000000000000e+01 2.900000000000000000e+01 4.400000000000000000e+01 0.000000000000000000e+00 1.600000000000000089e+00 9.280000000000000054e-04 1.709999999999999932e-03 -9.999980000000000535e-01 6.568159999999999554e-01 7.540480000000000516e-01 1.899000000000000080e-03 7.540499999999999980e-01 -6.568169999999999842e-01 -4.240000000000000062e-04
3.000000000000000000e+00 6.000000000000000000e+00 5.100000000000000000e+01 0.000000000000000000e+00 1.600000000000000089e+00 -3.227999999999999967e-03 -3.867000000000000211e-03 -9.999869999999999592e-01 3.246269999999999989e-01 -9.458389999999999853e-01 2.609000000000000208e-03 -9.458370000000000388e-01 -3.246140000000000136e-01 4.308000000000000197e-03
1.200000000000000000e+01 1.150000000000000000e+02 5.100000000000000000e+01 0.000000000000000000e+00 1.600000000000000089e+00 -2.635999999999999888e-03 -7.379000000000000142e-03 9.999689999999999968e-01 8.449759999999999494e-01 -5.348009999999999708e-01 -1.719000000000000042e-03 5.347969999999999668e-01 8.449459999999999749e-01 7.643999999999999753e-03
1.700000000000000000e+01 7.000000000000000000e+00 5.200000000000000000e+01 0.000000000000000000e+00 1.600000000000000089e+00 -2.268000000000000051e-03 -5.903000000000000261e-03 -9.999799999999999800e-01 9.895800000000000429e-02 -9.950759999999999605e-01 5.649999999999999641e-03 -9.950890000000000013e-01 -9.894300000000000317e-02 2.841000000000000209e-03
2.400000000000000000e+01 7.000000000000000000e+00 5.200000000000000000e+01 0.000000000000000000e+00 1.600000000000000089e+00 4.319999999999999838e-04 -4.890000000000000249e-03 -9.999879999999999880e-01 9.657899999999999818e-02 -9.953130000000000033e-01 4.909000000000000169e-03 -9.953250000000000153e-01 -9.657999999999999918e-02 4.199999999999999768e-05
2.000000000000000000e+00 1.500000000000000000e+01 5.300000000000000000e+01 0.000000000000000000e+00 1.600000000000000089e+00 3.364999999999999936e-03 -1.753800000000000150e-02 -9.998409999999999798e-01 6.860829999999999984e-01 7.274479999999999835e-01 -1.045100000000000022e-02 7.275150000000000228e-01 -6.859389999999999654e-01 1.447999999999999982e-02
7.000000000000000000e+00 1.500000000000000000e+01 5.300000000000000000e+01 0.000000000000000000e+00 1.600000000000000089e+00 -1.962999999999999901e-03 -7.487999999999999864e-03 -9.999700000000000255e-01 6.836259999999999559e-01 7.298010000000000330e-01 -6.806999999999999683e-03 7.298299999999999788e-01 -6.836189999999999767e-01 3.686000000000000040e-03
4.000000000000000000e+00 6.300000000000000000e+01 5.400000000000000000e+01 0.000000000000000000e+00 1.600000000000000089e+00 1.309000000000000051e-03 -1.712999999999999896e-03 9.999980000000000535e-01 -3.536380000000000079e-01 9.353799999999999892e-01 2.066000000000000128e-03 -9.353820000000000467e-01 -3.536400000000000099e-01 6.189999999999999756e-04
1.000000000000000000e+01 6.300000000000000000e+01 5.400000000000000000e+01 0.000000000000000000e+00 1.600000000000000089e+00 -1.137999999999999906e-03 4.910000000000000085e-04 9.999989999999999712e-01 -3.515309999999999824e-01 9.361760000000000081e-01 -8.589999999999999546e-04 -9.361749999999999794e-01 -3.515320000000000111e-01 -8.930000000000000221e-04
1.600000000000000000e+01 6.300000000000000000e+01 5.400000000000000000e+01 0.000000000000000000e+00 1.600000000000000089e+00 -2.572000000000000067e-03 -1.469000000000000037e-03 9.999959999999999960e-01 -3.556170000000000164e-01 9.346320000000000183e-01 4.580000000000000195e-04 -9.346280000000000143e-01 -3.556150000000000144e-01 -2.926000000000000215e-03
2.400000000000000000e+01 6.300000000000000000e+01 5.400000000000000000e+01 0.000000000000000000e+00 1.600000000000000089e+00 3.429999999999999889e-04 -2.266999999999999918e-03 9.999970000000000248e-01 -3.513950000000000129e-01 9.362249999999999739e-01 2.243000000000000202e-03 -9.362270000000000314e-01 -3.513950000000000129e-01 -4.760000000000000234e-04
4.000000000000000000e+00 2.500000000000000000e+01 5.500000000000000000e+01 0.000000000000000000e+00 1.600000000000000089e+00 -1.258999999999999920e-03 -2.269999999999999882e-03 -9.999970000000000248e-01 -1.115900000000000052e-02 -9.999350000000000183e-01 2.284000000000000006e-03 -9.999369999999999647e-01 1.116200000000000005e-02 1.234000000000000071e-03
8.000000000000000000e+00 2.500000000000000000e+01 5.500000000000000000e+01 0.000000000000000000e+00 1.600000000000000089e+00 -4.760000000000000234e-04 1.954000000000000008e-03 -9.999980000000000535e-01 -1.084800000000000000e-02 -9.999390000000000223e-01 -1.948000000000000079e-03 -9.999409999999999688e-01 1.084700000000000074e-02 4.970000000000000459e-04
1.200000000000000000e+01 2.500000000000000000e+01 5.500000000000000000e+01 0.000000000000000000e+00 1.600000000000000089e+00 1.701000000000000038e-03 2.115999999999999825e-03 -9.999959999999999960e-01 -1.080000000000000057e-02 -9.999390000000000223e-01 -2.134000000000000046e-03 -9.999400000000000510e-01 1.080399999999999937e-02 -1.678000000000000021e-03
1.700000000000000000e+01 2.500000000000000000e+01 5.500000000000000000e+01 0.000000000000000000e+00 1.600000000000000089e+00 -7.100000000000000462e-05 -1.216000000000000067e-03 -9.999989999999999712e-01 -1.160600000000000000e-02 -9.999320000000000430e-01 1.216999999999999983e-03 -9.999329999999999607e-01 1.160600000000000000e-02 5.700000000000000314e-05
2.700000000000000000e+01 2.500000000000000000e+01 5.500000000000000000e+01 0.000000000000000000e+00 1.600000000000000089e+00 1.060000000000000016e-04 2.733000000000000186e-03 -9.999959999999999960e-01 -1.382800000000000001e-02 -9.999010000000000398e-01 -2.735000000000000018e-03 -9.999040000000000150e-01 1.382899999999999928e-02 -6.799999999999999946e-05
1.700000000000000000e+01 2.100000000000000000e+01 6.000000000000000000e+01 0.000000000000000000e+00 1.600000000000000089e+00 6.139999999999999625e-04 -3.386000000000000121e-03 9.999940000000000495e-01 -1.001419999999999949e-01 9.949670000000000458e-01 3.431000000000000022e-03 -9.949729999999999963e-01 -1.001439999999999969e-01 2.719999999999999979e-04
2.100000000000000000e+01 2.100000000000000000e+01 6.000000000000000000e+01 0.000000000000000000e+00 1.600000000000000089e+00 5.259999999999999919e-04 3.930000000000000117e-04 1.000000000000000000e+00 -1.009599999999999942e-01 9.948900000000000521e-01 -3.379999999999999758e-04 -9.948900000000000521e-01 -1.009599999999999942e-01 5.630000000000000239e-04
3.000000000000000000e+01 2.100000000000000000e+01 6.000000000000000000e+01 0.000000000000000000e+00 1.600000000000000089e+00 -1.355000000000000085e-03 -1.616999999999999948e-03 9.999980000000000535e-01 -9.730900000000000660e-02 9.952530000000000543e-01 1.477000000000000014e-03 -9.952530000000000543e-01 -9.730700000000000460e-02 -1.505999999999999960e-03
2.000000000000000000e+01 6.000000000000000000e+00 6.100000000000000000e+01 0.000000000000000000e+00 1.600000000000000089e+00 -7.389999999999999651e-04 5.304999999999999820e-03 9.999860000000000415e-01 5.615139999999999576e-01 -8.274529999999999941e-01 4.805000000000000243e-03 8.274669999999999526e-01 5.615099999999999536e-01 -2.367000000000000180e-03
8.000000000000000000e+00 3.000000000000000000e+00 6.300000000000000000e+01 0.000000000000000000e+00 1.600000000000000089e+00 -5.400000000000000069e-04 4.114999999999999734e-03 9.999909999999999632e-01 -6.150539999999999896e-01 7.884769999999999834e-01 -3.576000000000000185e-03 -7.884849999999999914e-01 -6.150510000000000144e-01 2.105000000000000100e-03
1.400000000000000000e+01 3.000000000000000000e+00 6.300000000000000000e+01 0.000000000000000000e+00 1.600000000000000089e+00 -5.199999999999999680e-05 -5.190000000000000386e-04 1.000000000000000000e+00 -6.135169999999999790e-01 7.896809999999999663e-01 3.780000000000000265e-04 -7.896809999999999663e-01 -6.135169999999999790e-01 -3.600000000000000227e-04
3.000000000000000000e+00 2.700000000000000000e+01 6.300000000000000000e+01 0.000000000000000000e+00 1.600000000000000089e+00 -4.100000000000000047e-05 -4.584000000000000401e-03 9.999890000000000168e-01 -2.729110000000000147e-01 9.620290000000000230e-01 4.399000000000000132e-03 -9.620389999999999775e-01 -2.729070000000000107e-01 -1.291000000000000047e-03
8.000000000000000000e+00 2.700000000000000000e+01 6.300000000000000000e+01 0.000000000000000000e+00 1.600000000000000089e+00 3.710000000000000190e-04 -9.940000000000000918e-04 9.999989999999999712e-01 -2.735920000000000019e-01 9.618449999999999500e-01 1.056999999999999997e-03 -9.618459999999999788e-01 -2.735929999999999751e-01 8.500000000000000611e-05
1.300000000000000000e+01 2.700000000000000000e+01 6.300000000000000000e+01 0.000000000000000000e+00 1.600000000000000089e+00 -1.245000000000000013e-03 -1.955999999999999839e-03 9.999970000000000248e-01 -2.749489999999999990e-01 9.614570000000000061e-01 1.538000000000000088e-03 -9.614580000000000348e-01 -2.749469999999999970e-01 -1.734999999999999997e-03
1.700000000000000000e+01 2.700000000000000000e+01 6.300000000000000000e+01 0.000000000000000000e+00 1.600000000000000089e+00 -8.710000000000000294e-04 3.999999999999999819e-06 1.000000000000000000e+00 -2.737669999999999826e-01 9.617959999999999843e-01 -2.420000000000000005e-04 -9.617959999999999843e-01 -2.737669999999999826e-01 -8.369999999999999619e-04
2.200000000000000000e+01 2.700000000000000000e+01 6.300000000000000000e+01 0.000000000000000000e+00 1.600000000000000089e+00 1.480999999999999895e-03 5.379999999999999583e-04 9.999989999999999712e-01 -2.723990000000000022e-01 9.621840000000000392e-01 -1.140000000000000063e-04 -9.621830000000000105e-01 -2.723990000000000022e-01 1.570999999999999914e-03
2.700000000000000000e+01 2.700000000000000000e+01 6.300000000000000000e+01 0.000000000000000000e+00 1.600000000000000089e+00 4.099999999999999912e-04 -1.386000000000000079e-03 9.999989999999999712e-01 -2.657849999999999935e-01 9.640309999999999713e-01 1.445000000000000104e-03 -9.640320000000000000e-01 -2.657860000000000222e-01 2.699999999999999899e-05
3.000000000000000000e+00 2.600000000000000000e+01 6.400000000000000000e+01 0.000000000000000000e+00 1.600000000000000089e+00 3.579999999999999741e-04 -2.089000000000000145e-03 9.999980000000000535e-01 -3.560900000000000176e-01 9.344489999999999741e-01 2.079000000000000119e-03 -9.344510000000000316e-01 -3.560900000000000176e-01 -4.099999999999999912e-04
8.000000000000000000e+00 2.600000000000000000e+01 6.400000000000000000e+01 0.000000000000000000e+00 1.600000000000000089e+00 8.940000000000000464e-04 -1.299999999999999920e-05 1.000000000000000000e+00 -3.564209999999999878e-01 9.343249999999999611e-01 3.310000000000000225e-04 -9.343249999999999611e-01 -3.564209999999999878e-01 8.300000000000000086e-04
1.300000000000000000e+01 2.600000000000000000e+01 6.400000000000000000e+01 0.000000000000000000e+00 1.600000000000000089e+00 -1.111999999999999924e-03 -2.021999999999999926e-03 9.999970000000000248e-01 -3.567119999999999735e-01 9.342129999999999601e-01 1.492000000000000054e-03 -9.342139999999999889e-01 -3.567089999999999983e-01 -1.760999999999999979e-03
1.800000000000000000e+01 2.600000000000000000e+01 6.400000000000000000e+01 0.000000000000000000e+00 1.600000000000000089e+00 -2.680000000000000090e-04 2.443999999999999992e-03 9.999970000000000248e-01 -3.534599999999999964e-01 9.354459999999999997e-01 -2.380999999999999870e-03 -9.354489999999999750e-01 -3.534599999999999964e-01 6.130000000000000466e-04
2.200000000000000000e+01 2.600000000000000000e+01 6.400000000000000000e+01 0.000000000000000000e+00 1.600000000000000089e+00 1.343000000000000010e-03 1.657999999999999969e-03 9.999980000000000535e-01 -3.501170000000000115e-01 9.367050000000000098e-01 -1.082999999999999978e-03 -9.367050000000000098e-01 -3.501139999999999808e-01 1.838000000000000007e-03
