5.000000000000000000e+00 1.500000000000000000e+01 4.000000000000000000e+00 0.000000000000000000e+00 1.600000000000000089e+00 4.422999999999999848e-03 3.116700000000000026e-02 9.995039999999999480e-01 2.965729999999999755e-01 -9.545860000000000456e-01 2.845400000000000013e-02 9.549999999999999600e-01 2.963000000000000078e-01 -1.346499999999999954e-02
1.100000000000000000e+01 1.500000000000000000e+01 4.000000000000000000e+00 0.000000000000000000e+00 1.600000000000000089e+00 -5.531000000000000326e-03 9.469999999999999252e-03 9.999400000000000510e-01 2.943319999999999825e-01 -9.556440000000000490e-01 1.067799999999999999e-02 9.556869999999999532e-01 2.943729999999999958e-01 2.497999999999999787e-03
1.400000000000000000e+01 1.500000000000000000e+01 4.000000000000000000e+00 0.000000000000000000e+00 1.600000000000000089e+00 -4.464000000000000086e-03 8.276000000000000370e-03 9.999559999999999560e-01 2.897770000000000068e-01 -9.570499999999999563e-01 9.213999999999999968e-03 9.570840000000000458e-01 2.898049999999999793e-01 1.874000000000000015e-03
1.600000000000000000e+01 1.600000000000000000e+01 4.000000000000000000e+00 0.000000000000000000e+00 1.600000000000000089e+00 -4.093000000000000284e-03 1.425799999999999984e-02 9.998899999999999455e-01 3.499180000000000068e-01 -9.366640000000000521e-01 1.478900000000000006e-02 9.367720000000000491e-01 3.499399999999999733e-01 -1.154999999999999994e-03
2.400000000000000000e+01 1.600000000000000000e+01 4.000000000000000000e+00 0.000000000000000000e+00 1.600000000000000089e+00 -3.356000000000000042e-03 2.821699999999999903e-02 9.995960000000000401e-01 3.391839999999999855e-01 -9.403129999999999544e-01 2.768199999999999827e-02 9.407140000000000502e-01 3.391399999999999970e-01 -6.414999999999999696e-03
2.700000000000000000e+01 1.600000000000000000e+01 4.000000000000000000e+00 0.000000000000000000e+00 1.600000000000000089e+00 -7.519999999999999558e-04 2.931100000000000025e-02 9.995699999999999585e-01 3.397020000000000040e-01 -9.401220000000000132e-01 2.782300000000000051e-02 9.405329999999999524e-01 3.395770000000000177e-01 -9.249999999999999542e-03
2.000000000000000000e+01 1.010000000000000000e+02 7.000000000000000000e+00 0.000000000000000000e+00 1.600000000000000089e+00 2.292000000000000200e-03 6.534500000000000031e-02 9.978599999999999692e-01 8.879209999999999603e-01 4.588749999999999774e-01 -3.208899999999999947e-02 -4.599900000000000100e-01 8.860949999999999660e-01 -5.696899999999999881e-02
2.700000000000000000e+01 1.010000000000000000e+02 7.000000000000000000e+00 0.000000000000000000e+00 1.600000000000000089e+00 -6.830000000000000134e-04 1.785700000000000134e-02 9.998399999999999510e-01 8.870770000000000044e-01 4.615580000000000238e-01 -7.636999999999999691e-03 -4.616210000000000035e-01 8.869299999999999962e-01 -1.615600000000000022e-02
4.000000000000000000e+00 1.500000000000000000e+01 8.000000000000000000e+00 0.000000000000000000e+00 1.600000000000000089e+00 3.830000000000000071e-03 2.975200000000000067e-02 -9.995500000000000496e-01 -5.883939999999999726e-01 -8.081460000000000310e-01 -2.631000000000000005e-02 -8.085649999999999782e-01 5.882300000000000306e-01 1.440999999999999920e-02
8.000000000000000000e+00 1.500000000000000000e+01 8.000000000000000000e+00 0.000000000000000000e+00 1.600000000000000089e+00 7.434999999999999769e-03 1.853700000000000139e-02 -9.998010000000000508e-01 -5.862119999999999553e-01 -8.099260000000000348e-01 -1.937600000000000086e-02 -8.101230000000000375e-01 5.862389999999999546e-01 4.845000000000000348e-03
1.300000000000000000e+01 1.500000000000000000e+01 8.000000000000000000e+00 0.000000000000000000e+00 1.600000000000000089e+00 9.145000000000000351e-03 9.083000000000000795e-03 -9.999169999999999447e-01 -5.824690000000000145e-01 -8.127529999999999477e-01 -1.271000000000000081e-02 -8.128009999999999957e-01 5.825369999999999715e-01 -2.141999999999999807e-03
1.700000000000000000e+01 1.500000000000000000e+01 8.000000000000000000e+00 0.000000000000000000e+00 1.600000000000000089e+00 9.785999999999999560e-03 1.683300000000000074e-02 -9.998099999999999765e-01 -5.799940000000000095e-01 -8.143899999999999473e-01 -1.938799999999999898e-02 -8.145620000000000083e-01 5.800739999999999785e-01 1.793000000000000106e-03
1.900000000000000000e+01 1.500000000000000000e+01 8.000000000000000000e+00 0.000000000000000000e+00 1.600000000000000089e+00 1.092300000000000042e-02 1.895399999999999863e-02 -9.997610000000000108e-01 -5.786639999999999562e-01 -8.152749999999999719e-01 -2.177899999999999975e-02 -8.154930000000000234e-01 5.787630000000000274e-01 2.063000000000000164e-03
2.600000000000000000e+01 1.500000000000000000e+01 8.000000000000000000e+00 0.000000000000000000e+00 1.600000000000000089e+00 9.180999999999999925e-03 2.508200000000000013e-02 -9.996429999999999483e-01 -5.736759999999999637e-01 -8.186759999999999593e-01 -2.580999999999999961e-02 -8.190309999999999535e-01 5.737079999999999957e-01 6.872999999999999769e-03
2.800000000000000000e+01 1.500000000000000000e+01 8.000000000000000000e+00 0.000000000000000000e+00 1.600000000000000089e+00 8.030999999999999944e-03 2.314000000000000085e-02 -9.997000000000000330e-01 -5.729539999999999633e-01 -8.192490000000000050e-01 -2.356600000000000014e-02 -8.195480000000000542e-01 5.729710000000000081e-01 6.677999999999999908e-03
1.400000000000000000e+01 2.600000000000000000e+01 8.000000000000000000e+00 0.000000000000000000e+00 1.600000000000000089e+00 -8.649000000000000438e-03 -1.461299999999999925e-02 -9.998559999999999670e-01 4.046919999999999962e-01 9.142970000000000264e-01 -1.686299999999999952e-02 9.144120000000000026e-01 -4.047799999999999732e-01 -1.994000000000000113e-03
2.000000000000000000e+01 2.600000000000000000e+01 8.000000000000000000e+00 0.000000000000000000e+00 1.600000000000000089e+00 -6.570000000000000319e-03 -1.523399999999999928e-02 -9.998620000000000285e-01 4.110179999999999945e-01 9.114759999999999529e-01 -1.658799999999999858e-02 9.116039999999999699e-01 -4.110710000000000197e-01 2.730000000000000222e-04
2.500000000000000000e+01 2.600000000000000000e+01 8.000000000000000000e+00 0.000000000000000000e+00 1.600000000000000089e+00 -7.747000000000000414e-03 -2.995499999999999899e-02 -9.995209999999999928e-01 4.155130000000000212e-01 9.090770000000000239e-01 -3.046499999999999903e-02 9.095539999999999736e-01 -4.155499999999999750e-01 5.403999999999999949e-03
8.000000000000000000e+00 2.400000000000000000e+01 9.000000000000000000e+00 0.000000000000000000e+00 1.600000000000000089e+00 -5.392000000000000091e-03 -1.455000000000000043e-02 -9.998799999999999910e-01 4.573579999999999868e-01 8.891489999999999672e-01 -1.540500000000000029e-02 8.892660000000000009e-01 -4.573860000000000148e-01 1.860000000000000108e-03
1.800000000000000000e+01 2.400000000000000000e+01 9.000000000000000000e+00 0.000000000000000000e+00 1.600000000000000089e+00 -7.786999999999999651e-03 -1.407399999999999970e-02 -9.998709999999999543e-01 4.641609999999999903e-01 8.856049999999999756e-01 -1.608000000000000054e-02 8.857169999999999765e-01 -4.642260000000000275e-01 -3.640000000000000115e-04
2.400000000000000000e+01 2.400000000000000000e+01 9.000000000000000000e+00 0.000000000000000000e+00 1.600000000000000089e+00 -8.335999999999999660e-03 -3.038499999999999882e-02 -9.995030000000000303e-01 4.694829999999999837e-01 8.824060000000000237e-01 -3.074100000000000096e-02 8.829019999999999646e-01 -4.695059999999999789e-01 6.910000000000000343e-03
1.100000000000000000e+01 4.000000000000000000e+00 1.100000000000000000e+01 0.000000000000000000e+00 1.600000000000000089e+00 -8.700000000000000051e-05 -1.616999999999999948e-03 -9.999989999999999712e-01 1.944339999999999957e-01 9.809139999999999526e-01 -1.603000000000000041e-03 9.809160000000000101e-01 -1.944339999999999957e-01 2.290000000000000098e-04
1.400000000000000000e+01 4.000000000000000000e+00 1.100000000000000000e+01 0.000000000000000000e+00 1.600000000000000089e+00 6.719999999999999628e-04 5.329000000000000403e-03 -9.999860000000000415e-01 1.912770000000000026e-01 9.815209999999999768e-01 5.359000000000000048e-03 9.815359999999999641e-01 -1.912780000000000036e-01 -3.600000000000000227e-04
1.800000000000000000e+01 4.000000000000000000e+00 1.100000000000000000e+01 0.000000000000000000e+00 1.600000000000000089e+00 2.250999999999999963e-03 2.270499999999999949e-02 -9.997399999999999620e-01 1.799419999999999908e-01 9.834140000000000104e-01 2.273999999999999980e-02 9.836749999999999661e-01 -1.799459999999999948e-01 -1.871999999999999966e-03
1.400000000000000000e+01 1.040000000000000000e+02 1.100000000000000000e+01 0.000000000000000000e+00 1.600000000000000089e+00 4.301000000000000136e-03 3.699999999999999811e-05 9.999909999999999632e-01 -9.751239999999999908e-01 -2.216210000000000124e-01 4.202000000000000006e-03 2.216190000000000104e-01 -9.751330000000000275e-01 -9.169999999999999549e-04
1.900000000000000000e+01 1.040000000000000000e+02 1.100000000000000000e+01 0.000000000000000000e+00 1.600000000000000089e+00 9.286000000000000851e-03 9.967000000000000165e-03 9.999069999999999903e-01 -9.737000000000000099e-01 -2.275520000000000043e-01 1.131099999999999987e-02 2.276430000000000120e-01 -9.737149999999999972e-01 7.591999999999999790e-03
1.000000000000000000e+01 3.100000000000000000e+01 1.200000000000000000e+01 0.000000000000000000e+00 1.600000000000000089e+00 -3.399999999999999973e-05 -6.679999999999999740e-04 1.000000000000000000e+00 -2.038399999999999934e-02 9.997920000000000140e-01 6.669999999999999497e-04 -9.997920000000000140e-01 -2.038399999999999934e-02 -4.699999999999999724e-05
1.700000000000000000e+01 3.100000000000000000e+01 1.200000000000000000e+01 0.000000000000000000e+00 1.600000000000000089e+00 2.642999999999999950e-03 3.374999999999999962e-03 9.999909999999999632e-01 -2.284500000000000072e-02 9.997340000000000115e-01 -3.314000000000000105e-03 -9.997359999999999580e-01 -2.283599999999999866e-02 2.719000000000000063e-03
2.700000000000000000e+01 3.100000000000000000e+01 1.200000000000000000e+01 0.000000000000000000e+00 1.600000000000000089e+00 -6.830000000000000134e-04 -6.546999999999999868e-03 9.999780000000000335e-01 -2.358599999999999933e-02 9.997000000000000330e-01 6.529000000000000081e-03 -9.997219999999999995e-01 -2.358100000000000127e-02 -8.369999999999999619e-04
1.700000000000000000e+01 3.500000000000000000e+01 1.200000000000000000e+01 0.000000000000000000e+00 1.600000000000000089e+00 3.201999999999999985e-03 2.165999999999999957e-03 -9.999930000000000208e-01 4.938509999999999844e-01 -8.695460000000000411e-01 -3.020000000000000223e-04 -8.695399999999999796e-01 -4.938469999999999804e-01 -3.853999999999999787e-03
2.000000000000000000e+01 3.500000000000000000e+01 1.200000000000000000e+01 0.000000000000000000e+00 1.600000000000000089e+00 2.380999999999999870e-03 -1.123999999999999999e-03 -9.999970000000000248e-01 4.992090000000000138e-01 -8.664789999999999992e-01 2.161999999999999859e-03 -8.664779999999999704e-01 -4.992119999999999891e-01 -1.502000000000000080e-03
2.400000000000000000e+01 3.500000000000000000e+01 1.200000000000000000e+01 0.000000000000000000e+00 1.600000000000000089e+00 -2.109999999999999896e-03 -2.214999999999999955e-03 -9.999949999999999672e-01 4.932460000000000178e-01 -8.698890000000000233e-01 8.859999999999999603e-04 -8.698869999999999658e-01 -4.932420000000000138e-01 2.928000000000000047e-03
2.900000000000000000e+01 3.500000000000000000e+01 1.200000000000000000e+01 0.000000000000000000e+00 1.600000000000000089e+00 3.869999999999999742e-04 1.131000000000000061e-03 -9.999989999999999712e-01 4.833649999999999891e-01 -8.754189999999999472e-01 -8.030000000000000028e-04 -8.754189999999999472e-01 -4.833640000000000159e-01 -8.859999999999999603e-04
2.300000000000000000e+01 3.000000000000000000e+00 1.300000000000000000e+01 0.000000000000000000e+00 1.600000000000000089e+00 2.442999999999999859e-03 4.555700000000000027e-02 9.989590000000000414e-01 -1.946900000000000019e-02 9.987749999999999684e-01 -4.550099999999999978e-02 -9.998070000000000013e-01 -1.933700000000000002e-02 3.327000000000000096e-03
3.000000000000000000e+00 3.200000000000000000e+01 1.400000000000000000e+01 0.000000000000000000e+00 1.600000000000000089e+00 -1.137999999999999906e-03 -3.382000000000000024e-03 -9.999940000000000495e-01 1.189690000000000053e-01 9.928919999999999968e-01 -3.493000000000000011e-03 9.928970000000000296e-01 -1.189729999999999954e-01 -7.269999999999999987e-04
5.000000000000000000e+00 3.200000000000000000e+01 1.400000000000000000e+01 0.000000000000000000e+00 1.600000000000000089e+00 -7.799999999999999859e-04 -3.376999999999999794e-03 -9.999940000000000495e-01 1.170339999999999991e-01 9.931219999999999493e-01 -3.445000000000000145e-03 9.931280000000000108e-01 -1.170360000000000011e-01 -3.789999999999999966e-04
1.500000000000000000e+01 3.200000000000000000e+01 1.400000000000000000e+01 0.000000000000000000e+00 1.600000000000000089e+00 -1.345999999999999974e-03 -8.299999999999999815e-05 -9.999989999999999712e-01 1.133300000000000002e-01 9.935570000000000235e-01 -2.349999999999999930e-04 9.935559999999999947e-01 -1.133300000000000002e-01 -1.327999999999999970e-03
2.100000000000000000e+01 3.200000000000000000e+01 1.400000000000000000e+01 0.000000000000000000e+00 1.600000000000000089e+00 6.170000000000000354e-04 4.525000000000000376e-03 -9.999900000000000455e-01 1.119939999999999963e-01 9.936979999999999702e-01 4.564999999999999614e-03 9.937089999999999534e-01 -1.119949999999999973e-01 1.060000000000000016e-04
9.000000000000000000e+00 1.200000000000000000e+01 1.500000000000000000e+01 0.000000000000000000e+00 1.600000000000000089e+00 3.203999999999999817e-03 1.500999999999999947e-03 -9.999940000000000495e-01 -4.705570000000000030e-01 -8.823649999999999549e-01 -2.831999999999999882e-03 -8.823640000000000372e-01 4.705630000000000090e-01 -2.121000000000000055e-03
2.100000000000000000e+01 1.200000000000000000e+01 1.500000000000000000e+01 0.000000000000000000e+00 1.600000000000000089e+00 8.410000000000000808e-03 1.721599999999999867e-02 -9.998160000000000380e-01 -4.691640000000000255e-01 -8.829029999999999934e-01 -1.914899999999999936e-02 -8.830710000000000504e-01 4.692390000000000172e-01 6.520000000000000188e-04
2.700000000000000000e+01 1.200000000000000000e+01 1.500000000000000000e+01 0.000000000000000000e+00 1.600000000000000089e+00 6.695000000000000430e-03 1.657499999999999946e-02 -9.998399999999999510e-01 -4.684849999999999848e-01 -8.832929999999999948e-01 -1.778000000000000067e-02 -8.834459999999999535e-01 4.685289999999999733e-01 1.850999999999999998e-03
3.000000000000000000e+00 1.100000000000000000e+01 1.600000000000000000e+01 0.000000000000000000e+00 1.600000000000000089e+00 9.810000000000001011e-04 2.433999999999999966e-03 -9.999970000000000248e-01 -4.144829999999999903e-01 -9.100530000000000008e-01 -2.622000000000000199e-03 -9.100570000000000048e-01 4.144840000000000191e-01 1.160000000000000007e-04
9.000000000000000000e+00 1.100000000000000000e+01 1.600000000000000000e+01 0.000000000000000000e+00 1.600000000000000089e+00 2.314999999999999784e-03 1.824000000000000100e-03 -9.999959999999999960e-01 -4.198770000000000002e-01 -9.075769999999999671e-01 -2.626999999999999995e-03 -9.075779999999999959e-01 4.198810000000000042e-01 -1.335000000000000032e-03
1.600000000000000000e+01 1.100000000000000000e+01 1.600000000000000000e+01 0.000000000000000000e+00 1.600000000000000089e+00 4.314000000000000126e-03 3.066000000000000149e-03 -9.999860000000000415e-01 -4.212620000000000253e-01 -9.069270000000000387e-01 -4.597999999999999657e-03 -9.069289999999999852e-01 4.212759999999999838e-01 -2.621000000000000066e-03
1.800000000000000000e+01 1.160000000000000000e+02 1.600000000000000000e+01 0.000000000000000000e+00 1.600000000000000089e+00 5.975000000000000276e-03 4.867999999999999931e-03 9.999700000000000255e-01 7.285190000000000277e-01 6.849830000000000085e-01 -7.688000000000000389e-03 -6.850000000000000533e-01 7.285430000000000517e-01 5.460000000000000443e-04
4.000000000000000000e+00 2.000000000000000000e+00 1.900000000000000000e+01 0.000000000000000000e+00 1.600000000000000089e+00 -4.219999999999999793e-03 8.812000000000000388e-03 -9.999519999999999520e-01 2.059459999999999902e-01 -9.785169999999999702e-01 -9.492000000000000437e-03 -9.785540000000000349e-01 -2.059769999999999934e-01 2.314000000000000085e-03
9.000000000000000000e+00 2.000000000000000000e+00 1.900000000000000000e+01 0.000000000000000000e+00 1.600000000000000089e+00 -3.440000000000000132e-04 3.033999999999999805e-03 -9.999949999999999672e-01 1.981300000000000006e-01 -9.801710000000000145e-01 -3.041999999999999999e-03 -9.801760000000000472e-01 -1.981300000000000006e-01 -2.640000000000000202e-04
1.300000000000000000e+01 2.000000000000000000e+00 1.900000000000000000e+01 0.000000000000000000e+00 1.600000000000000089e+00 3.887999999999999963e-03 -1.729999999999999941e-02 -9.998430000000000373e-01 1.890600000000000058e-01 -9.818059999999999565e-01 1.772299999999999917e-02 -9.819579999999999975e-01 -1.890989999999999893e-01 -5.469999999999999602e-04
1.700000000000000000e+01 2.000000000000000000e+00 1.900000000000000000e+01 0.000000000000000000e+00 1.600000000000000089e+00 -2.159999999999999919e-04 -9.419000000000000289e-03 -9.999559999999999560e-01 1.859049999999999869e-01 -9.825249999999999817e-01 9.214999999999999233e-03 -9.825679999999999970e-01 -1.858950000000000047e-01 1.962999999999999901e-03
2.700000000000000000e+01 2.000000000000000000e+00 1.900000000000000000e+01 0.000000000000000000e+00 1.600000000000000089e+00 1.732999999999999948e-03 1.973300000000000054e-02 -9.998040000000000260e-01 1.625300000000000078e-01 -9.865169999999999773e-01 -1.918900000000000119e-02 -9.867019999999999680e-01 -1.624649999999999983e-01 -4.917000000000000363e-03
4.000000000000000000e+00 1.300000000000000000e+01 2.000000000000000000e+01 0.000000000000000000e+00 1.600000000000000089e+00 7.849999999999999990e-04 -5.866999999999999819e-03 9.999820000000000375e-01 2.611269999999999980e-01 9.652889999999999526e-01 5.459000000000000311e-03 -9.653040000000000509e-01 2.611180000000000168e-01 2.289999999999999935e-03
9.000000000000000000e+00 1.300000000000000000e+01 2.000000000000000000e+01 0.000000000000000000e+00 1.600000000000000089e+00 -6.600000000000000506e-05 -5.733000000000000249e-03 9.999839999999999840e-01 2.608530000000000015e-01 9.653620000000000534e-01 5.551999999999999644e-03 -9.653779999999999584e-01 2.608500000000000263e-01 1.430999999999999980e-03
1.300000000000000000e+01 1.300000000000000000e+01 2.000000000000000000e+01 0.000000000000000000e+00 1.600000000000000089e+00 2.639999999999999986e-03 -3.780000000000000265e-04 9.999959999999999960e-01 2.578500000000000236e-01 9.661849999999999605e-01 -3.150000000000000131e-04 -9.661809999999999565e-01 2.578500000000000236e-01 2.648000000000000180e-03
2.100000000000000000e+01 1.300000000000000000e+01 2.000000000000000000e+01 0.000000000000000000e+00 1.600000000000000089e+00 -2.341999999999999898e-03 -8.260999999999999246e-03 9.999630000000000463e-01 2.541829999999999923e-01 9.671180000000000332e-01 8.585000000000000617e-03 -9.671530000000000404e-01 2.541939999999999755e-01 -1.659999999999999963e-04
2.500000000000000000e+01 1.300000000000000000e+01 2.000000000000000000e+01 0.000000000000000000e+00 1.600000000000000089e+00 -2.348999999999999960e-03 -8.911999999999999783e-03 9.999580000000000135e-01 2.544089999999999963e-01 9.670530000000000515e-01 9.216999999999999499e-03 -9.670940000000000092e-01 2.544199999999999795e-01 -3.999999999999999819e-06
2.800000000000000000e+01 1.300000000000000000e+01 2.000000000000000000e+01 0.000000000000000000e+00 1.600000000000000089e+00 -1.454999999999999913e-03 -7.778000000000000191e-03 9.999689999999999968e-01 2.544660000000000255e-01 9.670499999999999652e-01 7.893000000000000710e-03 -9.670809999999999684e-01 2.544690000000000007e-01 5.720000000000000258e-04
2.400000000000000000e+01 1.600000000000000000e+01 2.100000000000000000e+01 0.000000000000000000e+00 1.600000000000000089e+00 -2.726999999999999823e-03 -7.898000000000000506e-03 9.999649999999999928e-01 3.014049999999999785e-01 9.534599999999999742e-01 8.352999999999999314e-03 -9.534920000000000062e-01 3.014169999999999905e-01 -2.190000000000000106e-04
1.800000000000000000e+01 3.000000000000000000e+00 2.500000000000000000e+01 0.000000000000000000e+00 1.600000000000000089e+00 -3.699999999999999811e-05 4.493999999999999731e-03 9.999900000000000455e-01 2.057600000000000054e-02 -9.997779999999999445e-01 4.493999999999999731e-03 9.997880000000000100e-01 2.057600000000000054e-02 -5.500000000000000196e-05
5.000000000000000000e+00 4.600000000000000000e+01 2.700000000000000000e+01 0.000000000000000000e+00 1.600000000000000089e+00 -1.513000000000000022e-03 -9.700000000000000505e-04 -9.999980000000000535e-01 6.610740000000000505e-01 7.503189999999999582e-01 -1.727999999999999935e-03 7.503189999999999582e-01 -6.610749999999999682e-01 -4.939999999999999730e-04
1.300000000000000000e+01 4.600000000000000000e+01 2.700000000000000000e+01 0.000000000000000000e+00 1.600000000000000089e+00 3.625000000000000184e-03 3.941000000000000059e-03 -9.999860000000000415e-01 6.680530000000000079e-01 7.440949999999999509e-01 5.354000000000000252e-03 7.441050000000000164e-01 -6.680620000000000447e-01 6.399999999999999710e-05
2.300000000000000000e+01 4.600000000000000000e+01 2.700000000000000000e+01 0.000000000000000000e+00 1.600000000000000089e+00 -7.669999999999999951e-04 -2.759999999999999867e-04 -1.000000000000000000e+00 6.697800000000000420e-01 7.425599999999999978e-01 -7.190000000000000210e-04 7.425589999999999691e-01 -6.697800000000000420e-01 -3.849999999999999798e-04
3.000000000000000000e+00 4.600000000000000000e+01 3.000000000000000000e+01 0.000000000000000000e+00 1.600000000000000089e+00 -9.640000000000000131e-04 -3.419000000000000164e-03 -9.999940000000000495e-01 3.188409999999999855e-01 9.478020000000000334e-01 -3.547999999999999939e-03 9.478079999999999838e-01 -3.188420000000000143e-01 1.759999999999999954e-04
3.000000000000000000e+01 4.600000000000000000e+01 3.000000000000000000e+01 0.000000000000000000e+00 1.600000000000000089e+00 -9.569999999999999514e-04 -3.213999999999999843e-03 -9.999940000000000495e-01 3.285790000000000100e-01 9.444700000000000317e-01 -3.350000000000000113e-03 9.444759999999999822e-01 -3.285810000000000120e-01 1.520000000000000084e-04
3.000000000000000000e+00 5.800000000000000000e+01 3.100000000000000000e+01 0.000000000000000000e+00 1.600000000000000089e+00 -7.708999999999999707e-03 -1.320400000000000046e-02 9.998829999999999663e-01 -7.665539999999999576e-01 -6.420190000000000063e-01 -1.438799999999999975e-02 6.421339999999999826e-01 -7.665750000000000064e-01 -5.172000000000000382e-03
1.400000000000000000e+01 5.800000000000000000e+01 3.100000000000000000e+01 0.000000000000000000e+00 1.600000000000000089e+00 8.418999999999999401e-03 1.630500000000000005e-02 9.998320000000000540e-01 -7.663050000000000139e-01 -6.422539999999999916e-01 1.692600000000000007e-02 6.424220000000000486e-01 -7.663180000000000547e-01 7.087000000000000417e-03
2.000000000000000000e+01 5.800000000000000000e+01 3.100000000000000000e+01 0.000000000000000000e+00 1.600000000000000089e+00 1.534999999999999906e-03 6.067000000000000344e-03 9.999799999999999800e-01 -7.673060000000000436e-01 -6.412609999999999699e-01 5.068999999999999721e-03 6.412799999999999612e-01 -7.672989999999999533e-01 3.670999999999999784e-03
2.800000000000000000e+01 5.800000000000000000e+01 3.100000000000000000e+01 0.000000000000000000e+00 1.600000000000000089e+00 7.664999999999999938e-03 -2.822999999999999989e-03 9.999670000000000503e-01 -7.601329999999999476e-01 -6.497549999999999715e-01 3.991999999999999889e-03 6.497220000000000217e-01 -7.601379999999999804e-01 -7.126000000000000389e-03
1.500000000000000000e+01 6.000000000000000000e+00 3.200000000000000000e+01 0.000000000000000000e+00 1.600000000000000089e+00 -5.427999999999999665e-03 -7.529999999999999801e-04 -9.999850000000000128e-01 1.768909999999999927e-01 9.842290000000000205e-01 -1.701000000000000038e-03 9.842149999999999510e-01 -1.768969999999999987e-01 -5.209000000000000088e-03
6.000000000000000000e+00 4.600000000000000000e+01 3.500000000000000000e+01 0.000000000000000000e+00 1.600000000000000089e+00 -1.118999999999999986e-03 2.853000000000000067e-03 -9.999949999999999672e-01 3.861939999999999817e-01 -9.224120000000000097e-01 -3.063999999999999883e-03 -9.224170000000000424e-01 -3.861959999999999837e-01 -6.999999999999999387e-05
1.400000000000000000e+01 4.600000000000000000e+01 3.500000000000000000e+01 0.000000000000000000e+00 1.600000000000000089e+00 2.171000000000000187e-03 3.049999999999999868e-04 -9.999980000000000535e-01 3.868440000000000212e-01 -9.221449999999999925e-01 5.590000000000000351e-04 -9.221430000000000460e-01 -3.868440000000000212e-01 -2.119999999999999923e-03
1.800000000000000000e+01 4.600000000000000000e+01 3.500000000000000000e+01 0.000000000000000000e+00 1.600000000000000089e+00 -9.070000000000000371e-04 1.521000000000000000e-03 -9.999980000000000535e-01 3.862479999999999802e-01 -9.223930000000000184e-01 -1.753000000000000001e-03 -9.223949999999999649e-01 -3.862490000000000090e-01 2.489999999999999809e-04
2.600000000000000000e+01 4.600000000000000000e+01 3.500000000000000000e+01 0.000000000000000000e+00 1.600000000000000089e+00 -9.520000000000000467e-04 4.225999999999999722e-03 -9.999909999999999632e-01 3.844190000000000107e-01 -9.231489999999999974e-01 -4.266999999999999960e-03 -9.231580000000000341e-01 -3.844199999999999839e-01 -7.450000000000000025e-04
8.000000000000000000e+00 9.500000000000000000e+01 3.600000000000000000e+01 0.000000000000000000e+00 1.600000000000000089e+00 -5.843000000000000103e-03 -2.467899999999999955e-02 9.996779999999999555e-01 9.974460000000000548e-01 7.101799999999999780e-02 7.583000000000000330e-03 -7.118299999999999628e-02 9.971700000000000008e-01 2.420100000000000029e-02
1.400000000000000000e+01 9.500000000000000000e+01 3.600000000000000000e+01 0.000000000000000000e+00 1.600000000000000089e+00 -8.064999999999999253e-03 -6.661499999999999366e-02 9.977460000000000218e-01 9.980069999999999775e-01 6.191599999999999882e-02 1.220100000000000004e-02 -6.258900000000000574e-02 9.958559999999999635e-01 6.598299999999999998e-02
1.900000000000000000e+01 9.500000000000000000e+01 3.600000000000000000e+01 0.000000000000000000e+00 1.600000000000000089e+00 -3.976000000000000367e-03 -7.033000000000000189e-03 9.999670000000000503e-01 9.984690000000000509e-01 5.514399999999999857e-02 4.357999999999999895e-03 -5.517299999999999982e-02 9.984539999999999527e-01 6.803000000000000019e-03
2.300000000000000000e+01 9.500000000000000000e+01 3.600000000000000000e+01 0.000000000000000000e+00 1.600000000000000089e+00 2.069999999999999792e-03 9.049500000000000599e-02 9.958949999999999747e-01 9.978470000000000395e-01 6.509900000000000408e-02 -7.988999999999999574e-03 -6.555400000000000116e-02 9.937669999999999559e-01 -9.016499999999999515e-02
2.700000000000000000e+01 9.500000000000000000e+01 3.600000000000000000e+01 0.000000000000000000e+00 1.600000000000000089e+00 4.171000000000000228e-03 8.633200000000000596e-02 9.962579999999999769e-01 9.969599999999999573e-01 7.715299999999999936e-02 -1.085999999999999986e-02 -7.780199999999999616e-02 9.932750000000000190e-01 -8.574700000000000377e-02
5.000000000000000000e+00 9.500000000000000000e+01 3.700000000000000000e+01 0.000000000000000000e+00 1.600000000000000089e+00 5.569000000000000165e-03 -1.996900000000000064e-02 9.997850000000000348e-01 9.958799999999999875e-01 9.059899999999999898e-02 -3.738000000000000003e-03 -9.050500000000000211e-02 9.956869999999999887e-01 2.039200000000000040e-02
5.000000000000000000e+00 3.000000000000000000e+00 4.300000000000000000e+01 0.000000000000000000e+00 1.600000000000000089e+00 -1.869000000000000002e-03 -6.621000000000000149e-03 -9.999759999999999760e-01 7.379280000000000284e-01 -6.748729999999999452e-01 3.089000000000000166e-03 -6.748769999999999492e-01 -7.379040000000000044e-01 6.146999999999999686e-03
2.000000000000000000e+01 3.000000000000000000e+00 4.300000000000000000e+01 0.000000000000000000e+00 1.600000000000000089e+00 3.088000000000000033e-03 -3.288999999999999823e-03 -9.999900000000000455e-01 7.417270000000000252e-01 -6.706870000000000331e-01 4.497000000000000129e-03 -6.706950000000000411e-01 -7.417329999999999757e-01 3.690000000000000246e-04
2.500000000000000000e+01 3.000000000000000000e+00 4.300000000000000000e+01 0.000000000000000000e+00 1.600000000000000089e+00 -7.870000000000000476e-04 -2.854100000000000040e-02 -9.995920000000000361e-01 7.395720000000000072e-01 -6.728199999999999736e-01 1.862799999999999873e-02 -6.730770000000000364e-01 -7.392549999999999955e-01 2.163800000000000098e-02
5.000000000000000000e+00 8.000000000000000000e+00 4.400000000000000000e+01 0.000000000000000000e+00 1.600000000000000089e+00 1.871999999999999966e-03 2.487000000000000061e-03 9.999949999999999672e-01 -7.726830000000000087e-01 -6.347850000000000437e-01 3.024999999999999911e-03 6.347899999999999654e-01 -7.726840000000000375e-01 7.330000000000000361e-04
1.300000000000000000e+01 8.000000000000000000e+00 4.400000000000000000e+01 0.000000000000000000e+00 1.600000000000000089e+00 -5.372000000000000039e-03 -1.057100000000000053e-02 9.999299999999999855e-01 -7.650519999999999543e-01 -6.438760000000000039e-01 -1.091699999999999962e-02 6.439460000000000184e-01 -7.650569999999999871e-01 -4.628000000000000169e-03
1.900000000000000000e+01 8.000000000000000000e+00 4.400000000000000000e+01 0.000000000000000000e+00 1.600000000000000089e+00 -1.116000000000000021e-03 -4.590999999999999595e-03 9.999890000000000168e-01 -7.686009999999999787e-01 -6.397180000000000089e-01 -3.794000000000000063e-03 6.397279999999999633e-01 -7.685959999999999459e-01 -2.814999999999999794e-03
2.900000000000000000e+01 8.000000000000000000e+00 4.400000000000000000e+01 0.000000000000000000e+00 1.600000000000000089e+00 -1.688000000000000047e-03 -1.102099999999999955e-02 9.999379999999999935e-01 -7.613760000000000527e-01 -6.482560000000000544e-01 -8.429999999999999993e-03 6.483079999999999954e-01 -7.613429999999999920e-01 -7.296999999999999667e-03
4.000000000000000000e+00 2.900000000000000000e+01 4.400000000000000000e+01 0.000000000000000000e+00 1.600000000000000089e+00 -1.005000000000000034e-03 7.470000000000000511e-04 -9.999989999999999712e-01 6.603839999999999710e-01 7.509280000000000399e-01 -1.019999999999999992e-04 7.509270000000000111e-01 -6.603839999999999710e-01 -1.247999999999999977e-03
1.500000000000000000e+01 2.900000000000000000e+01 4.400000000000000000e+01 0.000000000000000000e+00 1.600000000000000089e+00 2.739999999999999923e-04 7.600000000000000418e-04 -1.000000000000000000e+00 6.581120000000000303e-01 7.529190000000000049e-01 7.519999999999999558e-04 7.529200000000000337e-01 -6.581120000000000303e-01 -2.939999999999999905e-04
1.900000000000000000e+01 2.900000000000000000e+01 4.400000000000000000e+01 0.000000000000000000e+00 1.600000000000000089e+00 -2.481000000000000132e-03 -3.890999999999999927e-03 -9.999890000000000168e-01 6.589629999999999654e-01 7.521619999999999973e-01 -4.562000000000000083e-03 7.521710000000000340e-01 -6.589669999999999694e-01 6.980000000000000527e-04
2.600000000000000000e+01 2.900000000000000000e+01 4.400000000000000000e+01 0.000000000000000000e+00 1.600000000000000089e+00 5.119999999999999768e-04 1.770000000000000089e-03 -9.999980000000000535e-01 6.693170000000000508e-01 7.429750000000000520e-01 1.657999999999999969e-03 7.429769999999999985e-01 -6.693170000000000508e-01 -8.050000000000000515e-04
2.200000000000000000e+01 5.400000000000000000e+01 4.600000000000000000e+01 0.000000000000000000e+00 1.600000000000000089e+00 -9.129999999999999661e-04 -2.670000000000000064e-03 9.999959999999999960e-01 3.034149999999999903e-01 -9.528560000000000363e-01 -2.266999999999999918e-03 9.528579999999999828e-01 3.034120000000000150e-01 1.680000000000000070e-03
2.800000000000000000e+01 6.500000000000000000e+01 4.600000000000000000e+01 0.000000000000000000e+00 1.600000000000000089e+00 3.982000000000000296e-03 -2.311000000000000120e-03 9.999890000000000168e-01 6.825200000000000156e-01 -7.308540000000000036e-01 -4.407000000000000327e-03 7.308559999999999501e-01 6.825299999999999701e-01 -1.332999999999999984e-03
2.500000000000000000e+01 7.000000000000000000e+01 4.700000000000000000e+01 0.000000000000000000e+00 1.600000000000000089e+00 -3.330000000000000169e-04 2.420999999999999975e-03 -9.999970000000000248e-01 -8.386810000000000098e-01 -5.446220000000000505e-01 -1.038999999999999993e-03 -5.446229999999999682e-01 8.386780000000000346e-01 2.211999999999999991e-03
2.800000000000000000e+01 7.000000000000000000e+01 4.700000000000000000e+01 0.000000000000000000e+00 1.600000000000000089e+00 -2.141000000000000108e-03 -4.699999999999999724e-05 -9.999980000000000535e-01 -8.407379999999999853e-01 -5.414390000000000036e-01 1.825999999999999932e-03 -5.414379999999999749e-01 8.407400000000000428e-01 1.119999999999999902e-03
5.000000000000000000e+00 7.000000000000000000e+00 5.200000000000000000e+01 0.000000000000000000e+00 1.600000000000000089e+00 -1.815999999999999906e-03 -5.457000000000000045e-03 -9.999829999999999552e-01 9.789100000000000579e-02 -9.951830000000000398e-01 5.252999999999999857e-03 -9.951959999999999695e-01 -9.787999999999999479e-02 2.341000000000000199e-03
1.200000000000000000e+01 7.000000000000000000e+00 5.200000000000000000e+01 0.000000000000000000e+00 1.600000000000000089e+00 4.209999999999999875e-04 -4.819999999999999632e-03 -9.999879999999999880e-01 9.657499999999999418e-02 -9.953140000000000320e-01 4.838000000000000286e-03 -9.953260000000000440e-01 -9.657599999999999518e-02 4.600000000000000004e-05
2.300000000000000000e+01 7.000000000000000000e+00 5.200000000000000000e+01 0.000000000000000000e+00 1.600000000000000089e+00 -1.250399999999999949e-02 -7.622000000000000303e-03 -9.998930000000000318e-01 1.131500000000000006e-01 -9.935589999999999700e-01 6.159000000000000412e-03 -9.934990000000000210e-01 -1.130609999999999948e-01 1.328499999999999993e-02
1.900000000000000000e+01 1.500000000000000000e+01 5.300000000000000000e+01 0.000000000000000000e+00 1.600000000000000089e+00 -3.930000000000000117e-04 5.410000000000000312e-04 -1.000000000000000000e+00 6.799760000000000248e-01 7.332349999999999701e-01 1.299999999999999886e-04 7.332349999999999701e-01 -6.799760000000000248e-01 -6.560000000000000076e-04
4.000000000000000000e+00 6.300000000000000000e+01 5.400000000000000000e+01 0.000000000000000000e+00 1.600000000000000089e+00 -2.961999999999999789e-03 -1.941999999999999933e-03 9.999940000000000495e-01 -3.579300000000000259e-01 9.337480000000000224e-01 7.540000000000000044e-04 -9.337440000000000184e-01 -3.579260000000000219e-01 -3.461000000000000101e-03
1.200000000000000000e+01 6.300000000000000000e+01 5.400000000000000000e+01 0.000000000000000000e+00 1.600000000000000089e+00 3.609999999999999928e-04 -2.282999999999999873e-03 9.999970000000000248e-01 -3.510800000000000032e-01 9.363430000000000364e-01 2.263999999999999953e-03 -9.363460000000000116e-01 -3.510800000000000032e-01 -4.640000000000000027e-04
1.700000000000000000e+01 6.300000000000000000e+01 5.400000000000000000e+01 0.000000000000000000e+00 1.600000000000000089e+00 2.207000000000000194e-03 2.897999999999999968e-03 9.999930000000000208e-01 -3.501429999999999820e-01 9.366940000000000266e-01 -1.941000000000000017e-03 -9.366940000000000266e-01 -3.501360000000000028e-01 3.082000000000000104e-03
2.300000000000000000e+01 6.300000000000000000e+01 5.400000000000000000e+01 0.000000000000000000e+00 1.600000000000000089e+00 -9.460000000000000093e-04 -8.639999999999999677e-04 9.999989999999999712e-01 -3.559640000000000026e-01 9.344999999999999973e-01 4.699999999999999859e-04 -9.344989999999999686e-01 -3.559629999999999739e-01 -1.191999999999999917e-03
2.900000000000000000e+01 6.300000000000000000e+01 5.400000000000000000e+01 0.000000000000000000e+00 1.600000000000000089e+00 -1.231000000000000106e-03 1.482000000000000027e-03 9.999980000000000535e-01 -3.561619999999999786e-01 9.344219999999999748e-01 -1.822999999999999968e-03 -9.344230000000000036e-01 -3.561639999999999806e-01 -6.229999999999999644e-04
5.000000000000000000e+00 2.500000000000000000e+01 5.500000000000000000e+01 0.000000000000000000e+00 1.600000000000000089e+00 -4.040000000000000080e-04 -1.418999999999999906e-03 -9.999989999999999712e-01 -1.148799999999999995e-02 -9.999329999999999607e-01 1.423000000000000003e-03 -9.999339999999999895e-01 1.148899999999999921e-02 3.869999999999999742e-04
1.500000000000000000e+01 2.500000000000000000e+01 5.500000000000000000e+01 0.000000000000000000e+00 1.600000000000000089e+00 -6.600000000000000506e-05 3.001000000000000195e-03 -9.999949999999999672e-01 -1.369199999999999931e-02 -9.999019999999999575e-01 -3.000000000000000062e-03 -9.999059999999999615e-01 1.369100000000000004e-02 1.069999999999999988e-04
1.900000000000000000e+01 2.500000000000000000e+01 5.500000000000000000e+01 0.000000000000000000e+00 1.600000000000000089e+00 -1.425999999999999967e-03 3.103999999999999988e-03 -9.999940000000000495e-01 -1.192700000000000010e-02 -9.999240000000000350e-01 -3.086999999999999900e-03 -9.999280000000000390e-01 1.192299999999999957e-02 1.463000000000000108e-03
2.300000000000000000e+01 2.500000000000000000e+01 5.500000000000000000e+01 0.000000000000000000e+00 1.600000000000000089e+00 -2.432999999999999833e-03 2.707999999999999904e-03 -9.999930000000000208e-01 -1.026799999999999935e-02 -9.999440000000000550e-01 -2.683000000000000055e-03 -9.999440000000000550e-01 1.026200000000000029e-02 2.459999999999999947e-03
2.800000000000000000e+01 2.500000000000000000e+01 5.500000000000000000e+01 0.000000000000000000e+00 1.600000000000000089e+00 -1.046000000000000055e-03 -3.939999999999999817e-04 -9.999989999999999712e-01 -1.086499999999999966e-02 -9.999409999999999688e-01 4.049999999999999781e-04 -9.999400000000000510e-01 1.086499999999999966e-02 1.041000000000000042e-03
1.700000000000000000e+01 7.000000000000000000e+00 6.000000000000000000e+01 0.000000000000000000e+00 1.600000000000000089e+00 7.669999999999999951e-04 -2.547999999999999918e-03 9.999959999999999960e-01 5.723500000000000254e-01 -8.200060000000000127e-01 -2.528999999999999998e-03 8.200089999999999879e-01 5.723500000000000254e-01 8.289999999999999843e-04
2.100000000000000000e+01 7.000000000000000000e+00 6.000000000000000000e+01 0.000000000000000000e+00 1.600000000000000089e+00 8.409999999999999507e-04 -5.219999999999999814e-03 9.999860000000000415e-01 5.679570000000000451e-01 -8.230439999999999978e-01 -4.773999999999999598e-03 8.230579999999999563e-01 5.679530000000000411e-01 2.272999999999999847e-03
2.900000000000000000e+01 7.000000000000000000e+00 6.000000000000000000e+01 0.000000000000000000e+00 1.600000000000000089e+00 -7.900000000000000121e-04 5.283000000000000369e-03 9.999860000000000415e-01 5.696430000000000105e-01 -8.218779999999999974e-01 4.792000000000000252e-03 8.218919999999999559e-01 5.696390000000000065e-01 -2.360000000000000119e-03
5.000000000000000000e+00 2.100000000000000000e+01 6.000000000000000000e+01 0.000000000000000000e+00 1.600000000000000089e+00 5.289999999999999564e-04 -3.256999999999999913e-03 9.999949999999999672e-01 -1.000879999999999964e-01 9.949729999999999963e-01 3.292999999999999920e-03 -9.949780000000000291e-01 -1.000889999999999974e-01 2.000000000000000096e-04
9.000000000000000000e+00 2.100000000000000000e+01 6.000000000000000000e+01 0.000000000000000000e+00 1.600000000000000089e+00 5.259999999999999919e-04 3.899999999999999929e-04 1.000000000000000000e+00 -1.009599999999999942e-01 9.948900000000000521e-01 -3.350000000000000113e-04 -9.948900000000000521e-01 -1.009599999999999942e-01 5.619999999999999996e-04
