1.000000000000000000e+00 1.010000000000000000e+02 7.000000000000000000e+00 0.000000000000000000e+00 1.600000000000000089e+00 2.161999999999999859e-03 1.040600000000000032e-02 9.999430000000000263e-01 8.893410000000000482e-01 4.571970000000000200e-01 -6.681000000000000306e-03 -4.572399999999999798e-01 8.893050000000000122e-01 -8.266000000000000777e-03
1.000000000000000000e+01 1.010000000000000000e+02 7.000000000000000000e+00 0.000000000000000000e+00 1.600000000000000089e+00 -5.670000000000000127e-04 -7.320000000000000118e-03 9.999730000000000008e-01 8.895410000000000261e-01 4.568389999999999951e-01 3.848999999999999991e-03 -4.568550000000000111e-01 8.895189999999999486e-01 6.252999999999999878e-03
2.700000000000000000e+01 1.010000000000000000e+02 7.000000000000000000e+00 0.000000000000000000e+00 1.600000000000000089e+00 1.266999999999999897e-03 -1.055099999999999962e-02 9.999430000000000263e-01 8.892930000000000001e-01 4.573229999999999795e-01 3.699000000000000031e-03 -4.573360000000000203e-01 8.892379999999999729e-01 9.962999999999999634e-03
8.000000000000000000e+00 2.500000000000000000e+01 8.000000000000000000e+00 0.000000000000000000e+00 1.600000000000000089e+00 2.187999999999999841e-03 2.858999999999999996e-03 -9.999940000000000495e-01 4.380100000000000104e-01 8.989629999999999566e-01 3.529000000000000019e-03 8.989669999999999606e-01 -4.380149999999999877e-01 7.150000000000000322e-04
1.100000000000000000e+01 2.500000000000000000e+01 8.000000000000000000e+00 0.000000000000000000e+00 1.600000000000000089e+00 1.330000000000000019e-03 3.644000000000000104e-03 -9.999919999999999920e-01 4.380249999999999977e-01 8.989549999999999486e-01 3.857999999999999884e-03 8.989620000000000388e-01 -4.380260000000000264e-01 -4.009999999999999893e-04
1.700000000000000000e+01 2.500000000000000000e+01 8.000000000000000000e+00 0.000000000000000000e+00 1.600000000000000089e+00 4.449999999999999746e-04 2.964000000000000055e-03 -9.999959999999999960e-01 4.381309999999999927e-01 8.989059999999999828e-01 2.858999999999999996e-03 8.989110000000000156e-01 -4.381309999999999927e-01 -8.989999999999999511e-04
2.600000000000000000e+01 2.500000000000000000e+01 8.000000000000000000e+00 0.000000000000000000e+00 1.600000000000000089e+00 -2.271000000000000015e-03 -3.729999999999999809e-03 -9.999900000000000455e-01 4.393119999999999803e-01 8.983240000000000114e-01 -4.348000000000000302e-03 8.983320000000000194e-01 -4.393179999999999863e-01 -4.009999999999999893e-04
3.000000000000000000e+01 2.500000000000000000e+01 8.000000000000000000e+00 0.000000000000000000e+00 1.600000000000000089e+00 -3.360999999999999838e-03 -1.861999999999999940e-03 -9.999930000000000208e-01 4.399899999999999922e-01 8.979970000000000452e-01 -3.151000000000000155e-03 8.979960000000000164e-01 -4.399980000000000002e-01 -2.199000000000000000e-03
1.200000000000000000e+01 9.000000000000000000e+00 9.000000000000000000e+00 0.000000000000000000e+00 1.600000000000000089e+00 -3.708999999999999797e-02 -1.566599999999999937e-02 -9.991889999999999938e-01 -9.770870000000000388e-01 -2.091339999999999866e-01 3.954900000000000082e-02 -2.095839999999999925e-01 9.777620000000000200e-01 -7.550000000000000287e-03
1.600000000000000000e+01 9.000000000000000000e+00 9.000000000000000000e+00 0.000000000000000000e+00 1.600000000000000089e+00 -7.305200000000000582e-02 -5.275900000000000034e-02 -9.959320000000000395e-01 -9.520950000000000246e-01 -2.936380000000000101e-01 8.539199999999999569e-02 -2.969490000000000185e-01 9.544599999999999751e-01 -2.878100000000000103e-02
3.000000000000000000e+00 2.400000000000000000e+01 9.000000000000000000e+00 0.000000000000000000e+00 1.600000000000000089e+00 7.950000000000000252e-04 -7.571999999999999738e-03 -9.999710000000000543e-01 4.443380000000000107e-01 8.958359999999999657e-01 -6.429999999999999952e-03 8.958589999999999609e-01 -4.443199999999999927e-01 4.076999999999999895e-03
7.000000000000000000e+00 2.400000000000000000e+01 9.000000000000000000e+00 0.000000000000000000e+00 1.600000000000000089e+00 1.853000000000000046e-03 3.501999999999999905e-03 -9.999919999999999920e-01 4.442110000000000225e-01 8.959129999999999594e-01 3.961000000000000111e-03 8.959200000000000497e-01 -4.442150000000000265e-01 1.039999999999999936e-04
1.100000000000000000e+01 2.400000000000000000e+01 9.000000000000000000e+00 0.000000000000000000e+00 1.600000000000000089e+00 9.179999999999999792e-04 5.340000000000000129e-03 -9.999850000000000128e-01 4.446160000000000112e-01 8.957060000000000022e-01 5.191000000000000301e-03 8.957209999999999894e-01 -4.446149999999999824e-01 -1.551999999999999994e-03
1.700000000000000000e+01 2.400000000000000000e+01 9.000000000000000000e+00 0.000000000000000000e+00 1.600000000000000089e+00 3.869999999999999742e-04 3.543000000000000142e-03 -9.999940000000000495e-01 4.442619999999999902e-01 8.958909999999999929e-01 3.346000000000000016e-03 8.958970000000000544e-01 -4.442599999999999882e-01 -1.227000000000000009e-03
2.100000000000000000e+01 2.400000000000000000e+01 9.000000000000000000e+00 0.000000000000000000e+00 1.600000000000000089e+00 -7.799999999999999859e-05 1.879999999999999890e-04 -1.000000000000000000e+00 4.431339999999999724e-01 8.964550000000000018e-01 1.340000000000000045e-04 8.964550000000000018e-01 -4.431339999999999724e-01 -1.530000000000000056e-04
2.400000000000000000e+01 2.400000000000000000e+01 9.000000000000000000e+00 0.000000000000000000e+00 1.600000000000000089e+00 -1.657999999999999969e-03 -3.399999999999999811e-03 -9.999930000000000208e-01 4.445560000000000067e-01 8.957429999999999559e-01 -3.782000000000000205e-03 8.957490000000000174e-01 -4.445589999999999820e-01 2.599999999999999840e-05
3.000000000000000000e+01 2.400000000000000000e+01 9.000000000000000000e+00 0.000000000000000000e+00 1.600000000000000089e+00 -2.961000000000000090e-03 -4.723999999999999901e-03 -9.999839999999999840e-01 4.464179999999999815e-01 8.948070000000000190e-01 -5.549000000000000113e-03 8.948190000000000310e-01 -4.464279999999999915e-01 -5.410000000000000312e-04
3.000000000000000000e+01 7.000000000000000000e+00 1.000000000000000000e+01 0.000000000000000000e+00 1.600000000000000089e+00 -6.538900000000000268e-02 -4.179599999999999982e-02 -9.969839999999999813e-01 -9.850799999999999557e-01 -1.566899999999999959e-01 7.117800000000000515e-02 -1.591920000000000002e-01 9.867629999999999457e-01 -3.092699999999999963e-02
2.800000000000000000e+01 3.000000000000000000e+00 1.100000000000000000e+01 0.000000000000000000e+00 1.600000000000000089e+00 -4.310000000000000137e-04 -8.233300000000000340e-02 9.966049999999999631e-01 1.397730000000000083e-01 -9.868270000000000097e-01 -8.146499999999999575e-02 9.901830000000000354e-01 1.392629999999999979e-01 1.193299999999999916e-02
9.000000000000000000e+00 3.000000000000000000e+01 1.200000000000000000e+01 0.000000000000000000e+00 1.600000000000000089e+00 -7.920999999999999222e-03 -1.245170000000000027e-01 9.921860000000000124e-01 -2.163500000000000145e-02 9.920060000000000544e-01 1.243210000000000010e-01 -9.997350000000000403e-01 -2.048200000000000021e-02 -1.055200000000000062e-02
1.300000000000000000e+01 3.100000000000000000e+01 1.200000000000000000e+01 0.000000000000000000e+00 1.600000000000000089e+00 2.925000000000000083e-03 -2.143410000000000037e-01 9.767540000000000111e-01 -6.581900000000000250e-02 9.745989999999999931e-01 2.140650000000000053e-01 -9.978270000000000195e-01 -6.491500000000000048e-02 -1.125699999999999965e-02
1.500000000000000000e+01 3.500000000000000000e+01 1.300000000000000000e+01 0.000000000000000000e+00 1.600000000000000089e+00 -1.912079999999999891e-01 -5.317500000000000004e-02 9.801079999999999792e-01 9.676749999999999519e-01 -1.775110000000000021e-01 1.791520000000000057e-01 1.644539999999999891e-01 9.826810000000000267e-01 8.539800000000000169e-02
2.400000000000000000e+01 3.200000000000000000e+01 1.400000000000000000e+01 0.000000000000000000e+00 1.600000000000000089e+00 1.075999999999999917e-03 -1.518000000000000035e-03 -9.999980000000000535e-01 1.168180000000000052e-01 9.931520000000000348e-01 -1.381999999999999982e-03 9.931529999999999525e-01 -1.168160000000000032e-01 1.245999999999999929e-03
2.800000000000000000e+01 3.200000000000000000e+01 1.400000000000000000e+01 0.000000000000000000e+00 1.600000000000000089e+00 1.222999999999999912e-03 3.366000000000000068e-03 -9.999940000000000495e-01 1.170589999999999964e-01 9.931189999999999740e-01 3.485999999999999949e-03 9.931240000000000068e-01 -1.170619999999999994e-01 8.199999999999999824e-04
3.000000000000000000e+00 1.200000000000000000e+01 1.600000000000000000e+01 0.000000000000000000e+00 1.600000000000000089e+00 4.749999999999999990e-04 -5.643999999999999712e-03 9.999839999999999840e-01 2.703940000000000232e-01 -9.627339999999999787e-01 -5.562000000000000104e-03 9.627499999999999947e-01 2.703920000000000212e-01 1.069000000000000072e-03
7.000000000000000000e+00 1.200000000000000000e+01 1.600000000000000000e+01 0.000000000000000000e+00 1.600000000000000089e+00 4.488999999999999935e-03 -1.395899999999999919e-02 9.998920000000000030e-01 2.696290000000000076e-01 -9.628529999999999589e-01 -1.465299999999999936e-02 9.629539999999999766e-01 2.696660000000000168e-01 -5.580000000000000107e-04
1.000000000000000000e+01 1.200000000000000000e+01 1.600000000000000000e+01 0.000000000000000000e+00 1.600000000000000089e+00 7.315999999999999587e-03 -2.104400000000000021e-02 9.997519999999999740e-01 2.701270000000000060e-01 -9.625679999999999792e-01 -2.223800000000000082e-02 9.627970000000000139e-01 2.702229999999999910e-01 -1.356999999999999916e-03
3.000000000000000000e+00 1.160000000000000000e+02 1.600000000000000000e+01 0.000000000000000000e+00 1.600000000000000089e+00 1.681999999999999901e-03 6.359999999999999551e-04 9.999980000000000535e-01 7.635300000000000420e-01 6.457699999999999552e-01 -1.694999999999999892e-03 -6.457699999999999552e-01 7.635319999999999885e-01 6.009999999999999717e-04
7.000000000000000000e+00 1.160000000000000000e+02 1.600000000000000000e+01 0.000000000000000000e+00 1.600000000000000089e+00 2.439000000000000196e-03 2.687000000000000152e-03 9.999930000000000208e-01 7.662020000000000497e-01 6.425889999999999658e-01 -3.595999999999999804e-03 -6.425950000000000273e-01 7.662060000000000537e-01 -4.920000000000000328e-04
1.900000000000000000e+01 1.160000000000000000e+02 1.600000000000000000e+01 0.000000000000000000e+00 1.600000000000000089e+00 1.693999999999999976e-03 4.433999999999999574e-03 9.999890000000000168e-01 7.162619999999999543e-01 6.978189999999999671e-01 -4.308000000000000197e-03 -6.978299999999999503e-01 7.162610000000000365e-01 -1.992999999999999980e-03
2.500000000000000000e+01 1.160000000000000000e+02 1.600000000000000000e+01 0.000000000000000000e+00 1.600000000000000089e+00 -2.770000000000000110e-04 1.948999999999999995e-03 9.999980000000000535e-01 7.062260000000000204e-01 7.079849999999999755e-01 -1.183999999999999940e-03 -7.079860000000000042e-01 7.062249999999999917e-01 -1.572999999999999962e-03
8.000000000000000000e+00 3.400000000000000000e+01 1.800000000000000000e+01 0.000000000000000000e+00 1.600000000000000089e+00 2.079840000000000022e-01 2.788869999999999960e-01 9.375310000000000032e-01 -9.683279999999999665e-01 1.940780000000000005e-01 1.570840000000000014e-01 -1.381449999999999900e-01 -9.405080000000000107e-01 3.104190000000000005e-01
5.000000000000000000e+00 2.000000000000000000e+00 1.900000000000000000e+01 0.000000000000000000e+00 1.600000000000000089e+00 -4.189999999999999931e-04 9.740000000000000394e-04 -9.999989999999999712e-01 3.379630000000000134e-01 -9.411589999999999678e-01 -1.059000000000000045e-03 -9.411589999999999678e-01 -3.379630000000000134e-01 6.499999999999999431e-05
2.300000000000000000e+01 2.000000000000000000e+00 1.900000000000000000e+01 0.000000000000000000e+00 1.600000000000000089e+00 9.851999999999999647e-03 -5.231000000000000233e-02 -9.985819999999999697e-01 3.640959999999999752e-01 -9.298910000000000231e-01 5.230400000000000327e-02 -9.313090000000000535e-01 -3.640959999999999752e-01 9.884999999999999690e-03
1.600000000000000000e+01 3.000000000000000000e+00 1.900000000000000000e+01 0.000000000000000000e+00 1.600000000000000089e+00 8.692999999999999339e-03 -4.697300000000000086e-02 -9.988580000000000236e-01 3.398100000000000009e-01 -9.393120000000000358e-01 4.713099999999999928e-02 -9.404540000000000122e-01 -3.398320000000000229e-01 7.795999999999999978e-03
3.000000000000000000e+00 4.000000000000000000e+00 2.000000000000000000e+01 0.000000000000000000e+00 1.600000000000000089e+00 -5.630000000000000239e-04 6.735999999999999800e-03 -9.999770000000000048e-01 3.868599999999999817e-01 -9.221160000000000467e-01 -6.429999999999999952e-03 -9.221380000000000132e-01 -3.868539999999999757e-01 -2.086999999999999880e-03
1.400000000000000000e+01 4.000000000000000000e+00 2.000000000000000000e+01 0.000000000000000000e+00 1.600000000000000089e+00 3.850000000000000124e-03 -3.427899999999999697e-02 -9.994049999999999878e-01 3.813790000000000235e-01 -9.238239999999999785e-01 3.315599999999999797e-02 -9.244109999999999827e-01 -3.812800000000000078e-01 9.516000000000000153e-03
5.000000000000000000e+00 1.300000000000000000e+01 2.000000000000000000e+01 0.000000000000000000e+00 1.600000000000000089e+00 -5.649999999999999641e-04 1.358000000000000049e-03 9.999989999999999712e-01 2.635149999999999992e-01 9.646550000000000402e-01 -1.160999999999999923e-03 -9.646550000000000402e-01 2.635140000000000260e-01 -9.020000000000000240e-04
1.100000000000000000e+01 1.300000000000000000e+01 2.000000000000000000e+01 0.000000000000000000e+00 1.600000000000000089e+00 -1.438000000000000042e-03 4.375999999999999682e-03 9.999890000000000168e-01 2.625399999999999956e-01 9.649130000000000207e-01 -3.844999999999999894e-03 -9.649199999999999999e-01 2.625310000000000143e-01 -2.536000000000000060e-03
1.600000000000000000e+01 1.300000000000000000e+01 2.000000000000000000e+01 0.000000000000000000e+00 1.600000000000000089e+00 8.620000000000000275e-04 -3.402000000000000076e-03 9.999940000000000495e-01 2.602470000000000061e-01 9.655369999999999786e-01 3.059999999999999786e-03 -9.655420000000000114e-01 2.602430000000000021e-01 1.717999999999999909e-03
1.900000000000000000e+01 1.300000000000000000e+01 2.000000000000000000e+01 0.000000000000000000e+00 1.600000000000000089e+00 1.048000000000000103e-03 -8.684000000000000746e-03 9.999620000000000175e-01 2.580760000000000276e-01 9.660910000000000331e-01 8.118999999999999481e-03 -9.661239999999999828e-01 2.580569999999999808e-01 3.253999999999999948e-03
2.500000000000000000e+01 1.300000000000000000e+01 2.000000000000000000e+01 0.000000000000000000e+00 1.600000000000000089e+00 -1.325999999999999922e-03 -2.860000000000000129e-04 9.999989999999999712e-01 2.597510000000000097e-01 9.656759999999999788e-01 6.210000000000000242e-04 -9.656749999999999501e-01 2.597510000000000097e-01 -1.206000000000000041e-03
8.000000000000000000e+00 1.600000000000000000e+01 2.100000000000000000e+01 0.000000000000000000e+00 1.600000000000000089e+00 -5.410000000000000312e-04 4.115999999999999867e-03 9.999909999999999632e-01 2.956559999999999744e-01 9.552869999999999973e-01 -3.772000000000000179e-03 -9.552939999999999765e-01 2.956509999999999971e-01 -1.734000000000000081e-03
2.200000000000000000e+01 1.600000000000000000e+01 2.100000000000000000e+01 0.000000000000000000e+00 1.600000000000000089e+00 3.519999999999999908e-04 -9.055000000000000548e-03 9.999590000000000423e-01 2.974580000000000002e-01 9.546970000000000178e-01 8.540999999999999981e-03 -9.547350000000000003e-01 2.974430000000000129e-01 3.030000000000000141e-03
2.700000000000000000e+01 4.100000000000000000e+01 2.400000000000000000e+01 0.000000000000000000e+00 1.600000000000000089e+00 2.359430000000000138e-01 7.154299999999999549e-02 9.691300000000000470e-01 -9.097579999999999556e-01 3.668040000000000189e-01 1.944110000000000005e-01 -3.415719999999999867e-01 -9.275430000000000064e-01 1.516319999999999890e-01
2.100000000000000000e+01 2.000000000000000000e+00 2.500000000000000000e+01 0.000000000000000000e+00 1.600000000000000089e+00 1.104699999999999953e-02 -4.368999999999999967e-02 9.989839999999999831e-01 7.584200000000000663e-02 -9.961309999999999887e-01 -4.440399999999999903e-02 9.970590000000000286e-01 7.625600000000000434e-02 -7.689999999999999787e-03
3.000000000000000000e+00 3.000000000000000000e+00 2.500000000000000000e+01 0.000000000000000000e+00 1.600000000000000089e+00 -1.840999999999999972e-03 4.418000000000000052e-03 9.999890000000000168e-01 2.059899999999999926e-02 -9.997779999999999445e-01 4.454999999999999759e-03 9.997859999999999525e-01 2.060700000000000032e-02 1.750000000000000036e-03
7.000000000000000000e+00 3.000000000000000000e+00 2.500000000000000000e+01 0.000000000000000000e+00 1.600000000000000089e+00 4.251999999999999703e-03 -5.368999999999999641e-03 9.999770000000000048e-01 3.280600000000000183e-02 -9.994469999999999743e-01 -5.505999999999999610e-03 9.994530000000000358e-01 3.282899999999999707e-02 -4.073000000000000231e-03
1.400000000000000000e+01 3.000000000000000000e+00 2.500000000000000000e+01 0.000000000000000000e+00 1.600000000000000089e+00 9.577000000000000443e-03 -2.094199999999999881e-02 9.997350000000000403e-01 1.686500000000000152e-02 -9.996350000000000513e-01 -2.110100000000000170e-02 9.998120000000000340e-01 1.706200000000000078e-02 -9.220000000000000764e-03
2.200000000000000000e+01 3.000000000000000000e+00 2.500000000000000000e+01 0.000000000000000000e+00 1.600000000000000089e+00 2.410999999999999949e-03 -3.640499999999999986e-02 9.993339999999999446e-01 -1.603500000000000064e-02 -9.992100000000000426e-01 -3.636199999999999849e-02 9.998690000000000078e-01 -1.593699999999999978e-02 -2.993000000000000001e-03
2.500000000000000000e+01 3.000000000000000000e+00 2.500000000000000000e+01 0.000000000000000000e+00 1.600000000000000089e+00 -3.176000000000000004e-03 -1.587999999999999828e-02 9.998690000000000078e-01 -2.975600000000000120e-02 -9.994300000000000406e-01 -1.596799999999999956e-02 9.995519999999999960e-01 -2.980299999999999963e-02 2.701999999999999975e-03
7.000000000000000000e+00 2.900000000000000000e+01 2.600000000000000000e+01 0.000000000000000000e+00 1.600000000000000089e+00 5.242000000000000132e-03 3.926099999999999729e-02 -9.992149999999999643e-01 1.304949999999999999e-01 -9.907110000000000083e-01 -3.824199999999999822e-02 -9.914349999999999552e-01 -1.301920000000000022e-01 -1.031699999999999978e-02
1.900000000000000000e+01 5.800000000000000000e+01 3.100000000000000000e+01 0.000000000000000000e+00 1.600000000000000089e+00 8.902000000000000191e-03 1.103499999999999967e-02 9.999000000000000110e-01 -8.107309999999999794e-01 -5.852589999999999737e-01 1.367600000000000066e-02 5.853509999999999547e-01 -8.107720000000000482e-01 3.736000000000000171e-03
2.500000000000000000e+01 5.800000000000000000e+01 3.100000000000000000e+01 0.000000000000000000e+00 1.600000000000000089e+00 3.629999999999999872e-04 -6.021999999999999575e-03 9.999820000000000375e-01 -8.093369999999999731e-01 -5.873359999999999692e-01 -3.242999999999999789e-03 5.873450000000000060e-01 -8.093209999999999571e-01 -5.087000000000000376e-03
2.900000000000000000e+01 5.800000000000000000e+01 3.100000000000000000e+01 0.000000000000000000e+00 1.600000000000000089e+00 1.979999999999999989e-03 -9.860000000000000708e-03 9.999489999999999768e-01 -8.079990000000000228e-01 -5.891690000000000538e-01 -4.209000000000000068e-03 5.891809999999999548e-01 -8.079490000000000283e-01 -9.133999999999999758e-03
5.000000000000000000e+00 3.200000000000000000e+01 3.300000000000000000e+01 0.000000000000000000e+00 1.600000000000000089e+00 7.808800000000000463e-02 -8.966300000000000658e-02 -9.929059999999999553e-01 1.412150000000000072e-01 -9.849109999999999809e-01 1.000469999999999970e-01 -9.868940000000000490e-01 -1.480249999999999899e-01 -6.424799999999999955e-02
2.000000000000000000e+00 4.600000000000000000e+01 3.500000000000000000e+01 0.000000000000000000e+00 1.600000000000000089e+00 -1.314000000000000064e-03 1.099870000000000014e-01 -9.939320000000000377e-01 3.975639999999999730e-01 -9.119500000000000384e-01 -1.014410000000000034e-01 -9.175740000000000007e-01 -3.952849999999999975e-01 -4.252899999999999736e-02
1.600000000000000000e+01 4.600000000000000000e+01 4.100000000000000000e+01 0.000000000000000000e+00 1.600000000000000089e+00 -4.954629999999999868e-01 5.244999999999999662e-03 8.686129999999999685e-01 5.987689999999999957e-01 -7.223749999999999893e-01 3.459039999999999893e-01 6.292790000000000328e-01 6.914810000000000123e-01 3.547699999999999743e-01
7.000000000000000000e+00 3.000000000000000000e+00 4.300000000000000000e+01 0.000000000000000000e+00 1.600000000000000089e+00 -1.423000000000000003e-03 -2.988000000000000204e-03 -9.999940000000000495e-01 7.319309999999999983e-01 -6.813780000000000392e-01 9.940000000000000918e-04 -6.813770000000000104e-01 -7.319259999999999655e-01 3.157000000000000084e-03
1.100000000000000000e+01 3.000000000000000000e+00 4.300000000000000000e+01 0.000000000000000000e+00 1.600000000000000089e+00 -3.808999999999999886e-03 1.180000000000000059e-03 -9.999919999999999920e-01 7.299069999999999725e-01 -6.835369999999999502e-01 -3.586999999999999911e-03 -6.835360000000000325e-01 -7.299149999999999805e-01 1.742000000000000059e-03
2.000000000000000000e+01 8.000000000000000000e+00 4.400000000000000000e+01 0.000000000000000000e+00 1.600000000000000089e+00 -1.273000000000000043e-03 -1.448999999999999984e-03 9.999980000000000535e-01 -7.908450000000000202e-01 -6.120139999999999469e-01 -1.894000000000000067e-03 6.120160000000000045e-01 -7.908460000000000489e-01 -3.669999999999999760e-04
2.300000000000000000e+01 8.000000000000000000e+00 4.400000000000000000e+01 0.000000000000000000e+00 1.600000000000000089e+00 4.299999999999999894e-04 4.408999999999999725e-03 9.999900000000000455e-01 -7.916889999999999761e-01 -6.109170000000000433e-01 3.033999999999999805e-03 6.109240000000000226e-01 -7.916830000000000256e-01 3.227999999999999967e-03
2.700000000000000000e+01 8.000000000000000000e+00 4.400000000000000000e+01 0.000000000000000000e+00 1.600000000000000089e+00 -3.248000000000000019e-03 3.390000000000000001e-04 9.999949999999999672e-01 -7.909439999999999804e-01 -6.118829999999999547e-01 -2.361999999999999950e-03 6.118789999999999507e-01 -7.909479999999999844e-01 2.256000000000000193e-03
1.000000000000000000e+01 3.500000000000000000e+01 4.400000000000000000e+01 0.000000000000000000e+00 1.600000000000000089e+00 -2.907489999999999797e-01 -5.625160000000000160e-01 -7.739770000000000261e-01 -8.943699999999999983e-01 4.471930000000000072e-01 1.096300000000000052e-02 3.399499999999999744e-01 6.954099999999999726e-01 -6.331189999999999873e-01
1.900000000000000000e+01 3.700000000000000000e+01 5.100000000000000000e+01 0.000000000000000000e+00 1.600000000000000089e+00 -4.020900000000000030e-01 -3.836319999999999730e-01 8.313540000000000374e-01 9.002379999999999827e-01 -3.312789999999999901e-01 2.825349999999999806e-01 1.670210000000000028e-01 8.620210000000000372e-01 4.785639999999999894e-01
2.100000000000000000e+01 3.800000000000000000e+01 5.100000000000000000e+01 0.000000000000000000e+00 1.600000000000000089e+00 -3.731140000000000012e-01 -3.989889999999999826e-01 8.376120000000000232e-01 9.226879999999999526e-01 -2.540799999999999725e-01 2.899820000000000175e-01 9.712099999999999900e-02 8.810510000000000286e-01 4.629429999999999934e-01
2.500000000000000000e+01 7.000000000000000000e+00 5.200000000000000000e+01 0.000000000000000000e+00 1.600000000000000089e+00 5.700000000000000314e-05 2.518999999999999972e-03 -9.999970000000000248e-01 7.651299999999999768e-02 -9.970649999999999791e-01 -2.507000000000000114e-03 -9.970689999999999831e-01 -7.651199999999999668e-02 -2.489999999999999809e-04
3.000000000000000000e+00 6.300000000000000000e+01 5.400000000000000000e+01 0.000000000000000000e+00 1.600000000000000089e+00 1.080999999999999930e-03 4.382999999999999743e-03 9.999900000000000455e-01 -3.525059999999999860e-01 9.358020000000000227e-01 -3.720000000000000216e-03 -9.358090000000000019e-01 -3.524990000000000068e-01 2.556999999999999811e-03
1.600000000000000000e+01 6.300000000000000000e+01 5.400000000000000000e+01 0.000000000000000000e+00 1.600000000000000089e+00 2.329999999999999986e-04 -2.680000000000000090e-03 9.999959999999999960e-01 -3.587270000000000181e-01 9.334390000000000187e-01 2.585000000000000058e-03 -9.334430000000000227e-01 -3.587259999999999893e-01 -7.439999999999999782e-04
2.200000000000000000e+01 6.300000000000000000e+01 5.400000000000000000e+01 0.000000000000000000e+00 1.600000000000000089e+00 1.806000000000000097e-03 -7.700000000000000139e-05 9.999980000000000535e-01 -3.630380000000000273e-01 9.317739999999999911e-01 7.280000000000000230e-04 -9.317729999999999624e-01 -3.630390000000000006e-01 1.655000000000000004e-03
1.300000000000000000e+01 2.500000000000000000e+01 5.500000000000000000e+01 0.000000000000000000e+00 1.600000000000000089e+00 7.979999999999999897e-04 1.570999999999999914e-03 -9.999980000000000535e-01 -1.069100000000000085e-02 -9.999419999999999975e-01 -1.580000000000000024e-03 -9.999430000000000263e-01 1.069200000000000012e-02 -7.810000000000000102e-04
1.800000000000000000e+01 2.000000000000000000e+01 6.000000000000000000e+01 0.000000000000000000e+00 1.600000000000000089e+00 1.376999999999999969e-03 -2.145999999999999904e-03 9.999970000000000248e-01 -6.040800000000000336e-02 9.981710000000000305e-01 2.226000000000000114e-03 -9.981729999999999769e-01 -6.041099999999999942e-02 1.245000000000000013e-03
2.000000000000000000e+00 2.100000000000000000e+01 6.000000000000000000e+01 0.000000000000000000e+00 1.600000000000000089e+00 -1.170000000000000033e-03 5.854999999999999961e-03 9.999820000000000375e-01 -9.738700000000000134e-02 9.952290000000000303e-01 -5.941000000000000100e-03 -9.952459999999999640e-01 -9.739200000000000634e-02 -5.940000000000000184e-04
9.000000000000000000e+00 2.100000000000000000e+01 6.000000000000000000e+01 0.000000000000000000e+00 1.600000000000000089e+00 -5.789999999999999791e-04 -6.644999999999999865e-03 9.999780000000000335e-01 -9.601600000000000412e-02 9.953579999999999650e-01 6.557999999999999594e-03 -9.953800000000000425e-01 -9.600999999999999812e-02 -1.214000000000000018e-03
1.400000000000000000e+01 2.100000000000000000e+01 6.000000000000000000e+01 0.000000000000000000e+00 1.600000000000000089e+00 7.799999999999999859e-04 -6.605999999999999893e-03 9.999780000000000335e-01 -9.288499999999999535e-02 9.956549999999999567e-01 6.649999999999999661e-03 -9.956770000000000342e-01 -9.288799999999999835e-02 1.640000000000000019e-04
2.200000000000000000e+01 2.100000000000000000e+01 6.000000000000000000e+01 0.000000000000000000e+00 1.600000000000000089e+00 -9.219999999999999680e-04 -3.882000000000000034e-03 9.999919999999999920e-01 -9.734299999999999897e-02 9.952440000000000175e-01 3.774000000000000011e-03 -9.952499999999999680e-01 -9.733899999999999497e-02 -1.296000000000000060e-03
2.800000000000000000e+01 2.100000000000000000e+01 6.000000000000000000e+01 0.000000000000000000e+00 1.600000000000000089e+00 -1.348999999999999939e-03 3.354000000000000210e-03 9.999940000000000495e-01 -9.475999999999999701e-02 9.954939999999999900e-01 -3.467000000000000030e-03 -9.954990000000000228e-01 -9.476400000000000101e-02 -1.025000000000000086e-03
8.000000000000000000e+00 2.700000000000000000e+01 6.300000000000000000e+01 0.000000000000000000e+00 1.600000000000000089e+00 2.005999999999999971e-03 -6.864999999999999575e-03 9.999740000000000295e-01 -2.749190000000000245e-01 9.614409999999999901e-01 7.152000000000000371e-03 -9.614650000000000141e-01 -2.749269999999999770e-01 4.100000000000000047e-05
1.200000000000000000e+01 2.700000000000000000e+01 6.300000000000000000e+01 0.000000000000000000e+00 1.600000000000000089e+00 2.028999999999999988e-03 -1.397000000000000021e-03 9.999970000000000248e-01 -2.749110000000000165e-01 9.614679999999999893e-01 1.900999999999999912e-03 -9.614679999999999893e-01 -2.749139999999999917e-01 1.567000000000000033e-03
1.500000000000000000e+01 2.700000000000000000e+01 6.300000000000000000e+01 0.000000000000000000e+00 1.600000000000000089e+00 4.899999999999999842e-04 -7.145999999999999575e-03 9.999740000000000295e-01 -2.758959999999999746e-01 9.611619999999999608e-01 7.003999999999999809e-03 -9.611870000000000136e-01 -2.758920000000000261e-01 -1.500999999999999947e-03
2.000000000000000000e+01 2.700000000000000000e+01 6.300000000000000000e+01 0.000000000000000000e+00 1.600000000000000089e+00 -1.748999999999999904e-03 -8.184999999999999568e-03 9.999649999999999928e-01 -2.765630000000000033e-01 9.609680000000000444e-01 7.381999999999999673e-03 -9.609940000000000149e-01 -2.765400000000000080e-01 -3.943999999999999589e-03
9.000000000000000000e+00 2.600000000000000000e+01 6.400000000000000000e+01 0.000000000000000000e+00 1.600000000000000089e+00 2.851999999999999934e-03 -4.473000000000000413e-03 9.999860000000000415e-01 -3.677349999999999786e-01 9.299159999999999648e-01 5.207999999999999956e-03 -9.299260000000000304e-01 -3.677449999999999886e-01 1.007999999999999998e-03
1.500000000000000000e+01 2.600000000000000000e+01 6.400000000000000000e+01 0.000000000000000000e+00 1.600000000000000089e+00 1.889999999999999970e-03 -7.346000000000000099e-03 9.999710000000000543e-01 -3.653310000000000168e-01 9.308469999999999800e-01 7.529000000000000102e-03 -9.308760000000000367e-01 -3.653339999999999921e-01 -9.240000000000000166e-04
2.000000000000000000e+01 2.600000000000000000e+01 6.400000000000000000e+01 0.000000000000000000e+00 1.600000000000000089e+00 -1.134999999999999941e-03 -9.783000000000000029e-03 9.999510000000000343e-01 -3.674319999999999808e-01 9.300100000000000033e-01 8.682000000000000481e-03 -9.300500000000000433e-01 -3.674040000000000084e-01 -4.649999999999999620e-03
2.500000000000000000e+01 2.600000000000000000e+01 6.400000000000000000e+01 0.000000000000000000e+00 1.600000000000000089e+00 -3.420000000000000188e-04 -1.031000000000000015e-03 9.999989999999999712e-01 -3.622029999999999972e-01 9.320990000000000109e-01 8.369999999999999619e-04 -9.320990000000000109e-01 -3.622020000000000239e-01 -6.920000000000000153e-04
2.900000000000000000e+01 2.600000000000000000e+01 6.400000000000000000e+01 0.000000000000000000e+00 1.600000000000000089e+00 -9.719999999999999907e-04 1.319000000000000077e-03 9.999989999999999712e-01 -3.608529999999999793e-01 9.326219999999999510e-01 -1.580999999999999940e-03 -9.326219999999999510e-01 -3.608540000000000081e-01 -4.310000000000000137e-04
7.000000000000000000e+00 2.500000000000000000e+01 7.300000000000000000e+01 0.000000000000000000e+00 1.600000000000000089e+00 2.014000000000000165e-03 3.428000000000000057e-03 9.999919999999999920e-01 7.598920000000000119e-01 -6.500489999999999879e-01 6.970000000000000284e-04 6.500460000000000127e-01 7.598840000000000039e-01 -3.913999999999999944e-03
1.000000000000000000e+01 2.500000000000000000e+01 7.300000000000000000e+01 0.000000000000000000e+00 1.600000000000000089e+00 2.701999999999999975e-03 -4.530000000000000064e-04 9.999959999999999960e-01 7.629489999999999883e-01 -6.464539999999999731e-01 -2.354000000000000190e-03 6.464530000000000554e-01 7.629529999999999923e-01 -1.400999999999999902e-03
1.600000000000000000e+01 2.500000000000000000e+01 7.300000000000000000e+01 0.000000000000000000e+00 1.600000000000000089e+00 -3.523000000000000090e-03 -1.354799999999999928e-02 9.999019999999999575e-01 7.526669999999999749e-01 -6.583719999999999573e-01 -6.269000000000000267e-03 6.583919999999999773e-01 7.525709999999999900e-01 1.251700000000000035e-02
2.400000000000000000e+01 2.500000000000000000e+01 7.300000000000000000e+01 0.000000000000000000e+00 1.600000000000000089e+00 -1.072999999999999952e-03 -5.770000000000000389e-04 9.999989999999999712e-01 7.506289999999999907e-01 -6.607239999999999780e-01 4.240000000000000062e-04 6.607239999999999780e-01 7.506279999999999619e-01 1.142000000000000003e-03
1.000000000000000000e+01 4.400000000000000000e+01 7.300000000000000000e+01 0.000000000000000000e+00 1.600000000000000089e+00 -9.610000000000000486e-04 -2.909999999999999826e-03 9.999949999999999672e-01 5.377400000000000235e-02 -9.985490000000000199e-01 -2.854000000000000200e-03 9.985530000000000239e-01 5.377099999999999935e-02 1.116000000000000021e-03
1.700000000000000000e+01 4.400000000000000000e+01 7.300000000000000000e+01 0.000000000000000000e+00 1.600000000000000089e+00 3.480000000000000020e-04 8.970000000000000109e-04 1.000000000000000000e+00 5.484699999999999992e-02 -9.984939999999999927e-01 8.760000000000000425e-04 9.984950000000000214e-01 5.484699999999999992e-02 -3.959999999999999762e-04
2.000000000000000000e+00 5.100000000000000000e+01 7.600000000000000000e+01 0.000000000000000000e+00 1.600000000000000089e+00 1.843999999999999936e-03 3.628999999999999847e-03 -9.999919999999999920e-01 -4.034039999999999848e-01 -9.150129999999999653e-01 -4.065000000000000037e-03 -9.150199999999999445e-01 4.034079999999999888e-01 -2.239999999999999966e-04
1.100000000000000000e+01 5.100000000000000000e+01 7.600000000000000000e+01 0.000000000000000000e+00 1.600000000000000089e+00 1.075000000000000001e-03 -1.278999999999999972e-03 -9.999989999999999712e-01 -4.003950000000000009e-01 -9.163419999999999899e-01 7.420000000000000380e-04 -9.163419999999999899e-01 4.003929999999999989e-01 -1.497000000000000067e-03
2.500000000000000000e+01 5.100000000000000000e+01 7.600000000000000000e+01 0.000000000000000000e+00 1.600000000000000089e+00 -3.060000000000000111e-04 -3.458000000000000136e-03 -9.999940000000000495e-01 -4.019769999999999732e-01 -9.156440000000000135e-01 3.288999999999999823e-03 -9.156499999999999639e-01 4.019750000000000267e-01 -1.110000000000000092e-03
6.000000000000000000e+00 9.100000000000000000e+01 7.600000000000000000e+01 0.000000000000000000e+00 1.600000000000000089e+00 5.900000000000000296e-04 8.050000000000000515e-04 1.000000000000000000e+00 2.754610000000000114e-01 -9.613120000000000553e-01 6.109999999999999980e-04 9.613120000000000553e-01 2.754599999999999826e-01 -7.889999999999999878e-04
1.100000000000000000e+01 9.100000000000000000e+01 7.600000000000000000e+01 0.000000000000000000e+00 1.600000000000000089e+00 -2.305000000000000191e-03 2.900000000000000017e-05 9.999970000000000248e-01 2.951329999999999787e-01 -9.554559999999999720e-01 7.079999999999999705e-04 9.554529999999999967e-01 2.951340000000000074e-01 2.194000000000000204e-03
1.600000000000000000e+01 9.100000000000000000e+01 7.600000000000000000e+01 0.000000000000000000e+00 1.600000000000000089e+00 2.860000000000000129e-04 -9.240000000000000166e-04 1.000000000000000000e+00 2.907719999999999749e-01 -9.567919999999999758e-01 -9.669999999999999776e-04 9.567919999999999758e-01 2.907719999999999749e-01 -5.000000000000000409e-06
2.100000000000000000e+01 9.100000000000000000e+01 7.600000000000000000e+01 0.000000000000000000e+00 1.600000000000000089e+00 -3.200000000000000262e-04 -3.895000000000000025e-03 9.999919999999999920e-01 2.834729999999999750e-01 -9.589729999999999643e-01 -3.644000000000000104e-03 9.589800000000000546e-01 2.834690000000000265e-01 1.410999999999999928e-03
2.300000000000000000e+01 9.100000000000000000e+01 7.600000000000000000e+01 0.000000000000000000e+00 1.600000000000000089e+00 -1.763000000000000027e-03 -4.630999999999999700e-03 9.999879999999999880e-01 2.776310000000000167e-01 -9.606799999999999784e-01 -3.959999999999999978e-03 9.606860000000000399e-01 2.776199999999999779e-01 2.978999999999999877e-03
6.000000000000000000e+00 1.010000000000000000e+02 7.900000000000000000e+01 0.000000000000000000e+00 1.600000000000000089e+00 -7.320000000000000118e-04 -1.887999999999999921e-03 -9.999980000000000535e-01 -8.032599999999999740e-01 5.956280000000000463e-01 -5.360000000000000181e-04 5.956280000000000463e-01 8.032580000000000275e-01 -1.953000000000000092e-03
2.600000000000000000e+01 9.000000000000000000e+00 8.200000000000000000e+01 0.000000000000000000e+00 1.600000000000000089e+00 6.359999999999999551e-04 4.644999999999999823e-03 -9.999890000000000168e-01 5.654900000000000482e-01 8.247449999999999504e-01 4.191000000000000281e-03 8.247550000000000159e-01 -5.654860000000000442e-01 -2.102000000000000136e-03
3.000000000000000000e+00 4.400000000000000000e+01 8.300000000000000000e+01 0.000000000000000000e+00 1.600000000000000089e+00 -1.559999999999999972e-03 6.372000000000000060e-03 9.999780000000000335e-01 5.827379999999999782e-01 -8.126370000000000537e-01 6.087000000000000396e-03 8.126590000000000202e-01 5.827350000000000030e-01 -2.445999999999999824e-03
1.300000000000000000e+01 4.400000000000000000e+01 8.300000000000000000e+01 0.000000000000000000e+00 1.600000000000000089e+00 -1.356999999999999916e-03 4.050999999999999913e-03 9.999909999999999632e-01 5.703770000000000229e-01 -8.213730000000000198e-01 4.100999999999999611e-03 8.213819999999999455e-01 5.703770000000000229e-01 -1.196000000000000014e-03
1.800000000000000000e+01 4.400000000000000000e+01 8.300000000000000000e+01 0.000000000000000000e+00 1.600000000000000089e+00 -1.216000000000000067e-03 -2.504999999999999848e-03 9.999959999999999960e-01 5.681659999999999489e-01 -8.229119999999999768e-01 -1.371000000000000040e-03 8.229130000000000056e-01 5.681629999999999736e-01 2.423999999999999939e-03
2.300000000000000000e+01 4.400000000000000000e+01 8.300000000000000000e+01 0.000000000000000000e+00 1.600000000000000089e+00 -1.732000000000000033e-03 1.080999999999999930e-03 9.999980000000000535e-01 5.676590000000000247e-01 -8.232620000000000493e-01 1.873000000000000099e-03 8.232620000000000493e-01 5.676609999999999712e-01 8.120000000000000048e-04
8.000000000000000000e+00 4.800000000000000000e+01 8.400000000000000000e+01 0.000000000000000000e+00 1.600000000000000089e+00 6.536000000000000143e-03 4.380000000000000213e-03 -9.999689999999999968e-01 -9.463350000000000373e-01 -3.230959999999999943e-01 -7.599999999999999985e-03 -3.231200000000000183e-01 9.463559999999999750e-01 2.033000000000000085e-03
1.300000000000000000e+01 4.800000000000000000e+01 8.400000000000000000e+01 0.000000000000000000e+00 1.600000000000000089e+00 4.122999999999999929e-03 2.089000000000000145e-03 -9.999890000000000168e-01 -9.460769999999999458e-01 -3.239099999999999757e-01 -4.577000000000000339e-03 -3.239159999999999817e-01 9.460859999999999825e-01 6.409999999999999682e-04
2.400000000000000000e+01 4.800000000000000000e+01 8.400000000000000000e+01 0.000000000000000000e+00 1.600000000000000089e+00 4.427999999999999645e-03 2.809999999999999998e-04 -9.999900000000000455e-01 -9.471270000000000522e-01 -3.208309999999999773e-01 -4.283999999999999614e-03 -3.208300000000000041e-01 9.471359999999999779e-01 -1.154000000000000078e-03
7.000000000000000000e+00 7.700000000000000000e+01 8.400000000000000000e+01 0.000000000000000000e+00 1.600000000000000089e+00 -3.716699999999999865e-02 -4.338600000000000095e-02 -9.983670000000000044e-01 9.856749999999999678e-01 -1.660590000000000122e-01 -2.947800000000000073e-02 -1.645089999999999886e-01 -9.851609999999999534e-01 4.893700000000000133e-02
1.600000000000000000e+01 7.700000000000000000e+01 8.400000000000000000e+01 0.000000000000000000e+00 1.600000000000000089e+00 -7.305999999999999994e-03 -6.568000000000000053e-03 -9.999519999999999520e-01 9.832649999999999446e-01 -1.820839999999999959e-01 -5.988000000000000267e-03 -1.820360000000000034e-01 -9.832610000000000516e-01 7.787999999999999784e-03
2.300000000000000000e+01 7.700000000000000000e+01 8.400000000000000000e+01 0.000000000000000000e+00 1.600000000000000089e+00 -1.150299999999999934e-02 -2.850199999999999956e-02 -9.995279999999999720e-01 9.835019999999999873e-01 -1.807940000000000103e-01 -6.164000000000000208e-03 -1.805329999999999990e-01 -9.831079999999999819e-01 3.011199999999999988e-02
