1.600000000000000000e+01 2.500000000000000000e+01 1.000000000000000000e+00 0.000000000000000000e+00 1.600000000000000089e+00 -7.010000000000000172e-04 1.874999999999999931e-03 -9.999980000000000535e-01 -5.220059999999999700e-01 -8.529409999999999492e-01 -1.232999999999999938e-03 -8.529419999999999780e-01 5.220040000000000235e-01 1.577000000000000060e-03
9.000000000000000000e+00 1.500000000000000000e+01 4.000000000000000000e+00 0.000000000000000000e+00 1.600000000000000089e+00 7.280000000000000230e-04 -1.382099999999999995e-02 9.999040000000000150e-01 3.803599999999999759e-01 -9.247459999999999569e-01 -1.305899999999999943e-02 9.248380000000000489e-01 3.803340000000000054e-01 4.583000000000000268e-03
1.800000000000000000e+01 1.500000000000000000e+01 4.000000000000000000e+00 0.000000000000000000e+00 1.600000000000000089e+00 -8.838999999999999635e-03 4.364200000000000024e-02 9.990080000000000071e-01 4.240639999999999965e-01 -9.045980000000000132e-01 4.327000000000000290e-02 9.055889999999999773e-01 4.240249999999999853e-01 -1.051099999999999951e-02
3.000000000000000000e+00 1.010000000000000000e+02 7.000000000000000000e+00 0.000000000000000000e+00 1.600000000000000089e+00 1.979999999999999881e-04 -8.824000000000000246e-03 9.999609999999999888e-01 8.835269999999999513e-01 4.683629999999999738e-01 3.958999999999999846e-03 -4.683789999999999898e-01 8.834920000000000551e-01 7.889000000000000179e-03
1.300000000000000000e+01 1.010000000000000000e+02 7.000000000000000000e+00 0.000000000000000000e+00 1.600000000000000089e+00 2.393999999999999861e-03 -9.771999999999999437e-03 9.999489999999999768e-01 8.864549999999999930e-01 4.628079999999999972e-01 2.399999999999999790e-03 -4.628079999999999972e-01 8.864049999999999985e-01 9.771000000000000171e-03
2.000000000000000000e+01 1.010000000000000000e+02 7.000000000000000000e+00 0.000000000000000000e+00 1.600000000000000089e+00 -1.742000000000000059e-03 7.043999999999999914e-03 9.999740000000000295e-01 8.867070000000000229e-01 4.623280000000000167e-01 -1.712999999999999896e-03 -4.623280000000000167e-01 8.866810000000000525e-01 -7.050999999999999976e-03
6.000000000000000000e+00 1.500000000000000000e+01 8.000000000000000000e+00 0.000000000000000000e+00 1.600000000000000089e+00 -5.569999999999999864e-04 -2.386200000000000127e-02 -9.997150000000000203e-01 -6.186040000000000427e-01 -7.854710000000000303e-01 1.909399999999999986e-02 -7.857030000000000403e-01 6.184380000000000432e-01 -1.432399999999999993e-02
3.000000000000000000e+00 2.500000000000000000e+01 8.000000000000000000e+00 0.000000000000000000e+00 1.600000000000000089e+00 1.629000000000000023e-03 7.915000000000000160e-03 -9.999670000000000503e-01 4.423349999999999782e-01 8.968159999999999465e-01 7.818999999999999562e-03 8.968479999999999785e-01 -4.423340000000000050e-01 -2.040000000000000147e-03
7.000000000000000000e+00 2.500000000000000000e+01 8.000000000000000000e+00 0.000000000000000000e+00 1.600000000000000089e+00 1.480999999999999895e-03 -1.430000000000000064e-04 -9.999989999999999712e-01 4.414699999999999736e-01 8.972759999999999625e-01 5.259999999999999919e-04 8.972750000000000448e-01 -4.414710000000000023e-01 1.392000000000000008e-03
1.100000000000000000e+01 2.500000000000000000e+01 8.000000000000000000e+00 0.000000000000000000e+00 1.600000000000000089e+00 -5.230000000000000274e-04 -2.460000000000000164e-04 -1.000000000000000000e+00 4.404390000000000249e-01 8.977829999999999977e-01 -4.510000000000000120e-04 8.977819999999999689e-01 -4.404390000000000249e-01 -3.620000000000000171e-04
1.600000000000000000e+01 2.500000000000000000e+01 8.000000000000000000e+00 0.000000000000000000e+00 1.600000000000000089e+00 2.315999999999999916e-03 6.152999999999999615e-03 -9.999780000000000335e-01 4.386889999999999956e-01 8.986150000000000526e-01 6.544999999999999603e-03 8.986359999999999904e-01 -4.386939999999999729e-01 -6.179999999999999513e-04
2.000000000000000000e+01 2.500000000000000000e+01 8.000000000000000000e+00 0.000000000000000000e+00 1.600000000000000089e+00 1.655999999999999920e-03 2.056000000000000102e-03 -9.999970000000000248e-01 4.380539999999999989e-01 8.989449999999999941e-01 2.573000000000000200e-03 8.989470000000000516e-01 -4.380569999999999742e-01 5.879999999999999810e-04
2.600000000000000000e+01 2.500000000000000000e+01 8.000000000000000000e+00 0.000000000000000000e+00 1.600000000000000089e+00 1.547999999999999897e-03 3.429000000000000190e-03 -9.999930000000000208e-01 4.360439999999999872e-01 8.999179999999999957e-01 3.761000000000000020e-03 8.999239999999999462e-01 -4.360470000000000179e-01 -1.019999999999999992e-04
5.000000000000000000e+00 2.400000000000000000e+01 9.000000000000000000e+00 0.000000000000000000e+00 1.600000000000000089e+00 2.066000000000000128e-03 5.141999999999999869e-03 -9.999850000000000128e-01 4.484560000000000213e-01 8.937880000000000269e-01 5.523000000000000131e-03 8.938030000000000141e-01 -4.484600000000000253e-01 -4.589999999999999896e-04
1.100000000000000000e+01 2.400000000000000000e+01 9.000000000000000000e+00 0.000000000000000000e+00 1.600000000000000089e+00 -2.020000000000000040e-04 -4.870000000000000197e-04 -1.000000000000000000e+00 4.468360000000000110e-01 8.946159999999999668e-01 -5.259999999999999919e-04 8.946159999999999668e-01 -4.468360000000000110e-01 3.699999999999999811e-05
1.700000000000000000e+01 2.400000000000000000e+01 9.000000000000000000e+00 0.000000000000000000e+00 1.600000000000000089e+00 2.344000000000000163e-03 3.991999999999999889e-03 -9.999890000000000168e-01 4.445819999999999772e-01 8.957260000000000222e-01 4.617999999999999709e-03 8.957349999999999479e-01 -4.445879999999999832e-01 3.249999999999999851e-04
2.600000000000000000e+01 2.400000000000000000e+01 9.000000000000000000e+00 0.000000000000000000e+00 1.600000000000000089e+00 1.302999999999999905e-03 4.218000000000000395e-03 -9.999900000000000455e-01 4.417059999999999875e-01 8.971489999999999743e-01 4.360000000000000160e-03 8.971590000000000398e-01 -4.417070000000000163e-01 -6.949999999999999798e-04
3.000000000000000000e+00 8.000000000000000000e+00 1.000000000000000000e+01 0.000000000000000000e+00 1.600000000000000089e+00 -1.505080000000000029e-01 -1.174010000000000054e-01 -9.816129999999999578e-01 -9.445949999999999624e-01 -2.758939999999999726e-01 1.778289999999999871e-01 -2.916989999999999861e-01 9.539910000000000334e-01 -6.937200000000000311e-02
2.000000000000000000e+01 3.000000000000000000e+00 1.100000000000000000e+01 0.000000000000000000e+00 1.600000000000000089e+00 -6.204000000000000313e-03 1.058850000000000069e-01 9.943589999999999929e-01 1.352820000000000134e-01 -9.851480000000000237e-01 1.057489999999999958e-01 9.907880000000000020e-01 1.351749999999999896e-01 -8.212999999999999814e-03
9.000000000000000000e+00 3.100000000000000000e+01 1.200000000000000000e+01 0.000000000000000000e+00 1.600000000000000089e+00 -8.189999999999999581e-04 6.154999999999999881e-03 9.999810000000000088e-01 -4.562000000000000083e-03 9.999710000000000543e-01 -6.159000000000000412e-03 -9.999890000000000168e-01 -4.566999999999999879e-03 -7.910000000000000364e-04
8.000000000000000000e+00 1.160000000000000000e+02 1.600000000000000000e+01 0.000000000000000000e+00 1.600000000000000089e+00 3.930000000000000117e-04 4.800000000000000122e-04 1.000000000000000000e+00 7.620259999999999811e-01 6.475459999999999550e-01 -6.109999999999999980e-04 -6.475459999999999550e-01 7.620270000000000099e-01 -1.119999999999999983e-04
1.300000000000000000e+01 1.160000000000000000e+02 1.600000000000000000e+01 0.000000000000000000e+00 1.600000000000000089e+00 6.700000000000000226e-05 3.249999999999999851e-04 1.000000000000000000e+00 7.525659999999999572e-01 6.585170000000000190e-01 -2.649999999999999903e-04 -6.585170000000000190e-01 7.525659999999999572e-01 -2.000000000000000096e-04
1.700000000000000000e+01 1.160000000000000000e+02 1.600000000000000000e+01 0.000000000000000000e+00 1.600000000000000089e+00 -4.889999999999999599e-04 -1.936000000000000004e-03 9.999980000000000535e-01 7.533480000000000176e-01 6.576199999999999823e-01 1.642000000000000013e-03 -6.576220000000000399e-01 7.533480000000000176e-01 1.136999999999999990e-03
2.000000000000000000e+01 1.160000000000000000e+02 1.600000000000000000e+01 0.000000000000000000e+00 1.600000000000000089e+00 -3.420000000000000188e-04 -2.249000000000000131e-03 9.999970000000000248e-01 7.595600000000000129e-01 6.504349999999999854e-01 1.722999999999999922e-03 -6.504370000000000429e-01 7.595589999999999842e-01 1.485999999999999908e-03
2.600000000000000000e+01 1.160000000000000000e+02 1.600000000000000000e+01 0.000000000000000000e+00 1.600000000000000089e+00 -1.502999999999999996e-03 -9.479999999999999495e-04 9.999980000000000535e-01 7.435770000000000435e-01 6.686469999999999914e-01 1.750999999999999952e-03 -6.686480000000000201e-01 7.435789999999999900e-01 -2.999999999999999737e-04
8.000000000000000000e+00 2.000000000000000000e+00 1.900000000000000000e+01 0.000000000000000000e+00 1.600000000000000089e+00 7.198999999999999670e-03 -6.454799999999999427e-02 -9.978890000000000260e-01 3.677000000000000268e-01 -9.278309999999999613e-01 6.266900000000000248e-02 -9.299169999999999936e-01 -3.673739999999999783e-01 1.705500000000000071e-02
1.500000000000000000e+01 2.000000000000000000e+00 1.900000000000000000e+01 0.000000000000000000e+00 1.600000000000000089e+00 5.779999999999999548e-04 1.107299999999999951e-02 -9.999390000000000223e-01 3.648210000000000064e-01 -9.310230000000000450e-01 -1.009900000000000034e-02 -9.310779999999999612e-01 -3.647929999999999784e-01 -4.577999999999999604e-03
1.900000000000000000e+01 3.000000000000000000e+00 1.900000000000000000e+01 0.000000000000000000e+00 1.600000000000000089e+00 3.275999999999999832e-03 3.605699999999999877e-02 -9.993440000000000101e-01 3.407919999999999838e-01 -9.395670000000000410e-01 -3.278299999999999964e-02 -9.401329999999999965e-01 -3.404610000000000136e-01 -1.536599999999999945e-02
2.300000000000000000e+01 3.000000000000000000e+00 1.900000000000000000e+01 0.000000000000000000e+00 1.600000000000000089e+00 5.680000000000000370e-04 5.044900000000000079e-02 -9.987260000000000026e-01 3.483950000000000102e-01 -9.361639999999999961e-01 -4.709100000000000091e-02 -9.373479999999999590e-01 -3.479240000000000110e-01 -1.810700000000000157e-02
2.700000000000000000e+01 3.000000000000000000e+00 1.900000000000000000e+01 0.000000000000000000e+00 1.600000000000000089e+00 -3.727999999999999977e-03 4.550400000000000278e-02 -9.989569999999999839e-01 3.535969999999999946e-01 -9.343679999999999763e-01 -4.388100000000000334e-02 -9.353909999999999725e-01 -3.533919999999999839e-01 -1.260700000000000015e-02
3.000000000000000000e+00 1.300000000000000000e+01 2.000000000000000000e+01 0.000000000000000000e+00 1.600000000000000089e+00 6.380000000000000037e-04 5.079999999999999880e-04 1.000000000000000000e+00 2.582789999999999808e-01 9.660699999999999843e-01 -6.560000000000000076e-04 -9.660699999999999843e-01 2.582789999999999808e-01 4.850000000000000253e-04
1.100000000000000000e+01 1.300000000000000000e+01 2.000000000000000000e+01 0.000000000000000000e+00 1.600000000000000089e+00 6.009999999999999717e-04 8.245999999999999858e-03 9.999660000000000215e-01 2.610689999999999955e-01 9.652859999999999774e-01 -8.116999999999999216e-03 -9.653199999999999559e-01 2.610649999999999915e-01 -1.572999999999999962e-03
1.500000000000000000e+01 1.300000000000000000e+01 2.000000000000000000e+01 0.000000000000000000e+00 1.600000000000000089e+00 -8.450000000000000479e-04 -2.534999999999999927e-03 9.999959999999999960e-01 2.614469999999999850e-01 9.652140000000000164e-01 2.667999999999999799e-03 -9.652180000000000204e-01 2.614480000000000137e-01 -1.530000000000000056e-04
2.800000000000000000e+01 1.300000000000000000e+01 2.000000000000000000e+01 0.000000000000000000e+00 1.600000000000000089e+00 5.159999999999999656e-04 -1.845000000000000069e-03 9.999980000000000535e-01 2.603880000000000083e-01 9.655030000000000001e-01 1.647000000000000026e-03 -9.655040000000000289e-01 2.603869999999999796e-01 9.790000000000000525e-04
1.500000000000000000e+01 1.600000000000000000e+01 2.100000000000000000e+01 0.000000000000000000e+00 1.600000000000000089e+00 -1.822999999999999968e-03 -5.193999999999999832e-03 9.999850000000000128e-01 2.990160000000000040e-01 9.542319999999999691e-01 5.501999999999999946e-03 -9.542460000000000386e-01 2.990220000000000100e-01 -1.869999999999999917e-04
1.200000000000000000e+01 2.000000000000000000e+00 2.500000000000000000e+01 0.000000000000000000e+00 1.600000000000000089e+00 2.337999999999999801e-03 -9.209999999999999437e-03 9.999550000000000383e-01 6.821399999999999686e-02 -9.976270000000000415e-01 -9.348000000000000406e-03 9.976679999999999993e-01 6.823300000000000198e-02 -1.704000000000000003e-03
3.000000000000000000e+00 3.000000000000000000e+00 2.500000000000000000e+01 0.000000000000000000e+00 1.600000000000000089e+00 1.011100000000000020e-02 -4.877200000000000285e-02 9.987589999999999524e-01 3.223899999999999683e-02 -9.982750000000000234e-01 -4.907399999999999957e-02 9.994290000000000118e-01 3.269600000000000284e-02 -8.521000000000000796e-03
1.100000000000000000e+01 3.000000000000000000e+00 2.500000000000000000e+01 0.000000000000000000e+00 1.600000000000000089e+00 1.958000000000000105e-03 -1.299900000000000014e-02 9.999139999999999695e-01 -1.321300000000000079e-02 -9.998289999999999678e-01 -1.297199999999999916e-02 9.999109999999999943e-01 -1.318700000000000080e-02 -2.128999999999999816e-03
1.700000000000000000e+01 3.000000000000000000e+00 2.500000000000000000e+01 0.000000000000000000e+00 1.600000000000000089e+00 1.598000000000000028e-03 5.832999999999999644e-03 9.999820000000000375e-01 -1.788000000000000006e-02 -9.998230000000000173e-01 5.860999999999999890e-03 9.998390000000000333e-01 -1.788899999999999865e-02 -1.494000000000000102e-03
6.000000000000000000e+00 4.600000000000000000e+01 2.700000000000000000e+01 0.000000000000000000e+00 1.600000000000000089e+00 4.240000000000000062e-04 2.494999999999999822e-03 -9.999970000000000248e-01 6.723470000000000280e-01 7.402330000000000298e-01 2.132000000000000214e-03 7.402360000000000051e-01 -6.723449999999999704e-01 -1.363999999999999978e-03
1.500000000000000000e+01 4.600000000000000000e+01 2.700000000000000000e+01 0.000000000000000000e+00 1.600000000000000089e+00 -1.479999999999999925e-04 -5.090000000000000123e-04 -1.000000000000000000e+00 6.799619999999999553e-01 7.332469999999999821e-01 -4.739999999999999747e-04 7.332480000000000109e-01 -6.799619999999999553e-01 2.380000000000000117e-04
2.700000000000000000e+01 4.600000000000000000e+01 2.700000000000000000e+01 0.000000000000000000e+00 1.600000000000000089e+00 -1.010000000000000020e-04 8.940000000000000464e-04 -1.000000000000000000e+00 6.818030000000000479e-01 7.315359999999999641e-01 5.850000000000000165e-04 7.315359999999999641e-01 -6.818030000000000479e-01 -6.840000000000000377e-04
2.900000000000000000e+01 4.600000000000000000e+01 3.000000000000000000e+01 0.000000000000000000e+00 1.600000000000000089e+00 -4.809999999999999823e-04 1.495000000000000018e-03 -9.999989999999999712e-01 3.240350000000000175e-01 9.460439999999999960e-01 1.258999999999999920e-03 9.460450000000000248e-01 -3.240350000000000175e-01 -9.399999999999999719e-04
1.000000000000000000e+01 5.800000000000000000e+01 3.100000000000000000e+01 0.000000000000000000e+00 1.600000000000000089e+00 1.453999999999999997e-03 3.301999999999999814e-03 9.999940000000000495e-01 -7.899559999999999915e-01 -6.131550000000000056e-01 3.173000000000000039e-03 6.131619999999999848e-01 -7.899549999999999628e-01 1.716999999999999993e-03
1.400000000000000000e+01 5.800000000000000000e+01 3.100000000000000000e+01 0.000000000000000000e+00 1.600000000000000089e+00 -3.938999999999999793e-03 -8.883000000000000271e-03 9.999529999999999808e-01 -7.971310000000000340e-01 -6.037470000000000336e-01 -8.503999999999999407e-03 6.037940000000000529e-01 -7.971270000000000300e-01 -4.702999999999999715e-03
2.000000000000000000e+01 5.800000000000000000e+01 3.100000000000000000e+01 0.000000000000000000e+00 1.600000000000000089e+00 -9.210000000000000521e-04 -1.793000000000000106e-03 9.999980000000000535e-01 -8.042719999999999869e-01 -5.942579999999999529e-01 -1.806000000000000097e-03 5.942610000000000392e-01 -8.042719999999999869e-01 -8.949999999999999623e-04
2.300000000000000000e+01 5.800000000000000000e+01 3.100000000000000000e+01 0.000000000000000000e+00 1.600000000000000089e+00 -2.485999999999999929e-03 -4.079000000000000160e-03 9.999890000000000168e-01 -8.054310000000000080e-01 -5.926730000000000054e-01 -4.420000000000000318e-03 5.926839999999999886e-01 -8.054329999999999545e-01 -1.812000000000000026e-03
3.000000000000000000e+01 2.200000000000000000e+01 3.400000000000000000e+01 0.000000000000000000e+00 1.600000000000000089e+00 4.863000000000000135e-03 -1.333999999999999899e-03 9.999869999999999592e-01 3.818779999999999952e-01 -9.242080000000000295e-01 -3.089999999999999865e-03 9.242000000000000215e-01 3.818880000000000052e-01 -3.984999999999999827e-03
3.000000000000000000e+00 2.300000000000000000e+01 3.400000000000000000e+01 0.000000000000000000e+00 1.600000000000000089e+00 -7.940000000000000009e-04 4.231000000000000386e-03 9.999909999999999632e-01 4.060210000000000208e-01 -9.138540000000000552e-01 4.189000000000000015e-03 9.138629999999999809e-01 4.060210000000000208e-01 -9.920000000000000432e-04
2.000000000000000000e+00 4.600000000000000000e+01 3.500000000000000000e+01 0.000000000000000000e+00 1.600000000000000089e+00 3.420000000000000188e-04 2.804000000000000069e-03 -9.999959999999999960e-01 3.890210000000000057e-01 -9.212259999999999893e-01 -2.449999999999999921e-03 -9.212289999999999646e-01 -3.890190000000000037e-01 -1.405999999999999915e-03
8.000000000000000000e+00 4.600000000000000000e+01 3.500000000000000000e+01 0.000000000000000000e+00 1.600000000000000089e+00 2.017999999999999829e-03 2.949999999999999931e-03 -9.999940000000000495e-01 3.894290000000000251e-01 -9.210549999999999571e-01 -1.930999999999999991e-03 -9.210540000000000393e-01 -3.894219999999999904e-01 -3.007000000000000124e-03
1.300000000000000000e+01 4.600000000000000000e+01 3.500000000000000000e+01 0.000000000000000000e+00 1.600000000000000089e+00 -1.296999999999999976e-03 -2.158000000000000196e-03 -9.999970000000000248e-01 3.898389999999999911e-01 -9.208819999999999784e-01 1.482000000000000027e-03 -9.208819999999999784e-01 -3.898349999999999871e-01 2.034999999999999917e-03
1.700000000000000000e+01 4.600000000000000000e+01 3.500000000000000000e+01 0.000000000000000000e+00 1.600000000000000089e+00 -1.101999999999999898e-03 -1.528000000000000061e-03 -9.999980000000000535e-01 3.906330000000000080e-01 -9.205459999999999754e-01 9.759999999999999796e-04 -9.205459999999999754e-01 -3.906310000000000060e-01 1.611000000000000019e-03
2.100000000000000000e+01 4.600000000000000000e+01 3.500000000000000000e+01 0.000000000000000000e+00 1.600000000000000089e+00 -8.559999999999999901e-04 -3.681999999999999943e-03 -9.999930000000000208e-01 3.933159999999999989e-01 -9.193980000000000485e-01 3.049000000000000061e-03 -9.194029999999999703e-01 -3.933099999999999929e-01 2.235000000000000007e-03
2.600000000000000000e+01 4.600000000000000000e+01 3.500000000000000000e+01 0.000000000000000000e+00 1.600000000000000089e+00 -1.759999999999999954e-04 1.245000000000000013e-03 -9.999989999999999712e-01 3.934039999999999759e-01 -9.193649999999999878e-01 -1.214000000000000018e-03 -9.193660000000000165e-01 -3.934039999999999759e-01 -3.280000000000000038e-04
2.800000000000000000e+01 9.500000000000000000e+01 3.600000000000000000e+01 0.000000000000000000e+00 1.600000000000000089e+00 -1.050799999999999998e-02 -1.266300000000000064e-02 9.998650000000000038e-01 9.956730000000000302e-01 9.219800000000000217e-02 1.163199999999999998e-02 -9.233299999999999841e-02 9.956599999999999895e-01 1.163999999999999931e-02
4.000000000000000000e+00 2.900000000000000000e+01 4.400000000000000000e+01 0.000000000000000000e+00 1.600000000000000089e+00 8.390000000000000105e-04 1.778000000000000067e-03 -9.999980000000000535e-01 6.546380000000000532e-01 7.559399999999999453e-01 1.892999999999999934e-03 7.559420000000000028e-01 -6.546380000000000532e-01 -5.299999999999999807e-04
1.000000000000000000e+01 2.900000000000000000e+01 4.400000000000000000e+01 0.000000000000000000e+00 1.600000000000000089e+00 4.972999999999999990e-03 4.549000000000000092e-03 -9.999770000000000048e-01 6.603919999999999790e-01 7.508920000000000039e-01 6.700000000000000226e-03 7.509050000000000447e-01 -6.604100000000000525e-01 7.299999999999999632e-04
1.500000000000000000e+01 2.900000000000000000e+01 4.400000000000000000e+01 0.000000000000000000e+00 1.600000000000000089e+00 -2.273999999999999980e-03 2.458000000000000115e-03 -9.999940000000000495e-01 6.591200000000000392e-01 7.520379999999999843e-01 3.490000000000000263e-04 7.520350000000000090e-01 -6.591150000000000064e-01 -3.330000000000000061e-03
2.600000000000000000e+01 2.900000000000000000e+01 4.400000000000000000e+01 0.000000000000000000e+00 1.600000000000000089e+00 -1.876999999999999979e-03 -1.716999999999999993e-03 -9.999970000000000248e-01 6.565459999999999630e-01 7.542809999999999793e-01 -2.527000000000000166e-03 7.542830000000000368e-01 -6.565490000000000492e-01 -2.889999999999999774e-04
2.900000000000000000e+01 4.000000000000000000e+00 5.000000000000000000e+01 0.000000000000000000e+00 1.600000000000000089e+00 1.394000000000000057e-03 -8.647999999999999438e-03 -9.999620000000000175e-01 5.318000000000000504e-01 -8.468320000000000292e-01 8.064999999999999253e-03 -8.468689999999999829e-01 -5.317899999999999849e-01 3.418000000000000031e-03
7.000000000000000000e+00 1.150000000000000000e+02 5.100000000000000000e+01 0.000000000000000000e+00 1.600000000000000089e+00 -2.759999999999999867e-04 -4.396999999999999867e-03 9.999900000000000455e-01 8.443960000000000354e-01 -5.357150000000000523e-01 -2.122000000000000188e-03 5.357189999999999452e-01 8.443880000000000274e-01 3.860000000000000150e-03
1.000000000000000000e+00 6.300000000000000000e+01 5.400000000000000000e+01 0.000000000000000000e+00 1.600000000000000089e+00 -4.650000000000000270e-04 -2.112999999999999861e-03 9.999980000000000535e-01 -3.507219999999999782e-01 9.364780000000000326e-01 1.814999999999999990e-03 -9.364789999999999504e-01 -3.507210000000000050e-01 -1.177000000000000095e-03
5.000000000000000000e+00 6.300000000000000000e+01 5.400000000000000000e+01 0.000000000000000000e+00 1.600000000000000089e+00 -1.258999999999999920e-03 2.680000000000000090e-04 9.999989999999999712e-01 -3.513370000000000104e-01 9.362489999999999979e-01 -6.939999999999999555e-04 -9.362479999999999691e-01 -3.513379999999999836e-01 -1.083999999999999894e-03
1.000000000000000000e+01 6.300000000000000000e+01 5.400000000000000000e+01 0.000000000000000000e+00 1.600000000000000089e+00 1.310000000000000129e-04 2.786999999999999981e-03 9.999959999999999960e-01 -3.496770000000000156e-01 9.368670000000000053e-01 -2.565000000000000006e-03 -9.368699999999999806e-01 -3.496750000000000136e-01 1.098000000000000018e-03
1.600000000000000000e+01 6.300000000000000000e+01 5.400000000000000000e+01 0.000000000000000000e+00 1.600000000000000089e+00 1.505000000000000044e-03 5.550000000000000462e-04 9.999989999999999712e-01 -3.525889999999999858e-01 9.357779999999999987e-01 1.200000000000000030e-05 -9.357769999999999699e-01 -3.525889999999999858e-01 1.603999999999999957e-03
2.100000000000000000e+01 6.300000000000000000e+01 5.400000000000000000e+01 0.000000000000000000e+00 1.600000000000000089e+00 1.310000000000000129e-04 -3.204999999999999950e-03 9.999949999999999672e-01 -3.506650000000000045e-01 9.364959999999999951e-01 3.046999999999999795e-03 -9.365010000000000279e-01 -3.506630000000000025e-01 -1.000999999999999937e-03
2.600000000000000000e+01 6.300000000000000000e+01 5.400000000000000000e+01 0.000000000000000000e+00 1.600000000000000089e+00 -1.557999999999999923e-03 -4.968000000000000194e-03 9.999860000000000415e-01 -3.528089999999999837e-01 9.356860000000000177e-01 4.099000000000000213e-03 -9.356940000000000257e-01 -3.527980000000000005e-01 -3.210999999999999879e-03
3.000000000000000000e+00 2.500000000000000000e+01 5.500000000000000000e+01 0.000000000000000000e+00 1.600000000000000089e+00 -3.970000000000000005e-04 1.710000000000000094e-04 -1.000000000000000000e+00 -1.168899999999999974e-02 -9.999320000000000430e-01 -1.669999999999999935e-04 -9.999320000000000430e-01 1.168899999999999974e-02 3.989999999999999949e-04
1.800000000000000000e+01 2.500000000000000000e+01 5.500000000000000000e+01 0.000000000000000000e+00 1.600000000000000089e+00 -1.689999999999999879e-04 4.699999999999999859e-04 -1.000000000000000000e+00 -1.393199999999999994e-02 -9.999029999999999863e-01 -4.670000000000000214e-04 -9.999029999999999863e-01 1.393199999999999994e-02 1.749999999999999982e-04
2.200000000000000000e+01 2.600000000000000000e+01 5.500000000000000000e+01 0.000000000000000000e+00 1.600000000000000089e+00 1.317000000000000028e-03 5.102999999999999897e-03 -9.999860000000000415e-01 -3.304399999999999699e-02 -9.994410000000000238e-01 -5.144000000000000135e-03 -9.994530000000000358e-01 3.305099999999999705e-02 -1.147000000000000016e-03
9.000000000000000000e+00 6.800000000000000000e+01 5.700000000000000000e+01 0.000000000000000000e+00 1.600000000000000089e+00 2.420000000000000005e-04 -4.955000000000000203e-03 -9.999879999999999880e-01 -2.416840000000000099e-01 -9.703429999999999556e-01 4.749999999999999882e-03 -9.703549999999999676e-01 2.416800000000000059e-01 -1.431999999999999896e-03
3.000000000000000000e+00 2.000000000000000000e+01 6.000000000000000000e+01 0.000000000000000000e+00 1.600000000000000089e+00 6.070000000000000092e-04 -1.319999999999999993e-02 9.999130000000000518e-01 -6.353999999999999926e-02 9.978920000000000012e-01 1.321199999999999979e-02 -9.979789999999999495e-01 -6.354300000000000226e-02 -2.329999999999999986e-04
1.000000000000000000e+01 2.100000000000000000e+01 6.000000000000000000e+01 0.000000000000000000e+00 1.600000000000000089e+00 -7.200000000000000453e-04 5.506999999999999743e-03 9.999850000000000128e-01 -9.526300000000000046e-02 9.954370000000000163e-01 -5.551000000000000378e-03 -9.954520000000000035e-01 -9.526600000000000346e-02 -1.920000000000000049e-04
1.600000000000000000e+01 2.100000000000000000e+01 6.000000000000000000e+01 0.000000000000000000e+00 1.600000000000000089e+00 7.190000000000000210e-04 -7.396999999999999929e-03 9.999719999999999720e-01 -9.669099999999999917e-02 9.952870000000000328e-01 7.432000000000000238e-03 -9.953140000000000320e-01 -9.669300000000000117e-02 0.000000000000000000e+00
2.000000000000000000e+01 2.100000000000000000e+01 6.000000000000000000e+01 0.000000000000000000e+00 1.600000000000000089e+00 1.675999999999999972e-03 -1.180000000000000059e-03 9.999980000000000535e-01 -9.719999999999999474e-02 9.952640000000000375e-01 1.337000000000000081e-03 -9.952640000000000375e-01 -9.720199999999999674e-02 1.554000000000000043e-03
2.400000000000000000e+01 2.100000000000000000e+01 6.000000000000000000e+01 0.000000000000000000e+00 1.600000000000000089e+00 -1.562999999999999936e-03 6.909000000000000211e-03 9.999749999999999472e-01 -9.576199999999999990e-02 9.953790000000000138e-01 -7.027000000000000260e-03 -9.954030000000000378e-01 -9.577099999999999502e-02 -8.940000000000000464e-04
2.900000000000000000e+01 2.100000000000000000e+01 6.000000000000000000e+01 0.000000000000000000e+00 1.600000000000000089e+00 -2.689999999999999791e-04 6.647000000000000131e-03 9.999780000000000335e-01 -9.600400000000000600e-02 9.953589999999999938e-01 -6.642000000000000334e-03 -9.953809999999999603e-01 -9.600400000000000600e-02 3.710000000000000190e-04
3.000000000000000000e+00 6.700000000000000000e+01 6.000000000000000000e+01 0.000000000000000000e+00 1.600000000000000089e+00 -1.474999999999999966e-03 -2.712000000000000001e-03 9.999949999999999672e-01 1.737730000000000108e-01 -9.847829999999999639e-01 -2.413999999999999913e-03 9.847850000000000215e-01 1.737690000000000068e-01 1.923000000000000013e-03
1.100000000000000000e+01 6.700000000000000000e+01 6.000000000000000000e+01 0.000000000000000000e+00 1.600000000000000089e+00 -1.358000000000000049e-03 -3.184000000000000198e-03 9.999940000000000495e-01 1.749729999999999897e-01 -9.845690000000000275e-01 -2.896999999999999836e-03 9.845720000000000027e-01 1.749680000000000124e-01 1.894000000000000067e-03
2.300000000000000000e+01 3.000000000000000000e+00 6.300000000000000000e+01 0.000000000000000000e+00 1.600000000000000089e+00 -1.113000000000000057e-03 -3.876999999999999804e-03 9.999919999999999920e-01 -6.132239999999999913e-01 7.899049999999999683e-01 2.380000000000000171e-03 -7.899080000000000545e-01 -6.132170000000000121e-01 -3.256999999999999913e-03
5.000000000000000000e+00 2.700000000000000000e+01 6.300000000000000000e+01 0.000000000000000000e+00 1.600000000000000089e+00 -4.420000000000000101e-04 -4.500000000000000283e-05 1.000000000000000000e+00 -2.745569999999999955e-01 9.615709999999999535e-01 -7.799999999999999859e-05 -9.615709999999999535e-01 -2.745569999999999955e-01 -4.369999999999999970e-04
1.000000000000000000e+01 2.700000000000000000e+01 6.300000000000000000e+01 0.000000000000000000e+00 1.600000000000000089e+00 -1.064999999999999974e-03 -2.098000000000000038e-03 9.999970000000000248e-01 -2.755279999999999951e-01 9.612920000000000353e-01 1.724000000000000055e-03 -9.612929999999999531e-01 -2.755250000000000199e-01 -1.600999999999999993e-03
2.000000000000000000e+01 2.700000000000000000e+01 6.300000000000000000e+01 0.000000000000000000e+00 1.600000000000000089e+00 1.768000000000000040e-03 -5.419999999999999471e-04 9.999980000000000535e-01 -2.747550000000000270e-01 9.615139999999999798e-01 1.007000000000000083e-03 -9.615129999999999511e-01 -2.747560000000000002e-01 1.551000000000000078e-03
2.500000000000000000e+01 2.700000000000000000e+01 6.300000000000000000e+01 0.000000000000000000e+00 1.600000000000000089e+00 -1.610000000000000103e-03 1.742000000000000059e-03 9.999970000000000248e-01 -2.777029999999999776e-01 9.606649999999999912e-01 -2.119999999999999923e-03 -9.606660000000000199e-01 -2.777060000000000084e-01 -1.062999999999999926e-03
2.800000000000000000e+01 2.700000000000000000e+01 6.300000000000000000e+01 0.000000000000000000e+00 1.600000000000000089e+00 -1.067999999999999939e-03 4.738000000000000024e-03 9.999879999999999880e-01 -2.780159999999999854e-01 9.605639999999999734e-01 -4.847999999999999879e-03 -9.605759999999999854e-01 -2.780179999999999874e-01 2.910000000000000260e-04
1.000000000000000000e+00 2.600000000000000000e+01 6.400000000000000000e+01 0.000000000000000000e+00 1.600000000000000089e+00 -1.459999999999999981e-04 3.409999999999999837e-03 9.999940000000000495e-01 -3.654399999999999871e-01 9.308300000000000463e-01 -3.227999999999999967e-03 -9.308349999999999680e-01 -3.654379999999999851e-01 1.110000000000000092e-03
6.000000000000000000e+00 2.600000000000000000e+01 6.400000000000000000e+01 0.000000000000000000e+00 1.600000000000000089e+00 3.199999999999999855e-05 -1.116000000000000021e-03 9.999989999999999712e-01 -3.682210000000000205e-01 9.297379999999999534e-01 1.049000000000000019e-03 -9.297379999999999534e-01 -3.682210000000000205e-01 -3.809999999999999910e-04
1.000000000000000000e+01 2.600000000000000000e+01 6.400000000000000000e+01 0.000000000000000000e+00 1.600000000000000089e+00 -1.062000000000000010e-03 -1.582999999999999989e-03 9.999980000000000535e-01 -3.682849999999999735e-01 9.297119999999999829e-01 1.080999999999999930e-03 -9.297130000000000116e-01 -3.682830000000000270e-01 -1.570999999999999914e-03
2.000000000000000000e+01 2.600000000000000000e+01 6.400000000000000000e+01 0.000000000000000000e+00 1.600000000000000089e+00 2.350999999999999791e-03 1.890000000000000133e-04 9.999970000000000248e-01 -3.670669999999999766e-01 9.301939999999999653e-01 6.870000000000000022e-04 -9.301920000000000188e-01 -3.670669999999999766e-01 2.256000000000000193e-03
2.500000000000000000e+01 2.600000000000000000e+01 6.400000000000000000e+01 0.000000000000000000e+00 1.600000000000000089e+00 -2.033000000000000085e-03 2.471000000000000106e-03 9.999949999999999672e-01 -3.709540000000000060e-01 9.286459999999999715e-01 -3.049000000000000061e-03 -9.286489999999999467e-01 -3.709589999999999832e-01 -9.719999999999999907e-04
2.800000000000000000e+01 2.600000000000000000e+01 6.400000000000000000e+01 0.000000000000000000e+00 1.600000000000000089e+00 -1.595999999999999979e-03 4.611999999999999780e-03 9.999879999999999880e-01 -3.714720000000000244e-01 9.284310000000000063e-01 -4.874999999999999993e-03 -9.284430000000000183e-01 -3.714749999999999996e-01 2.320000000000000014e-04
1.400000000000000000e+01 6.900000000000000000e+01 6.600000000000000000e+01 0.000000000000000000e+00 1.600000000000000089e+00 1.598999999999999944e-03 1.330999999999999935e-03 9.999980000000000535e-01 -9.536670000000000424e-01 3.008609999999999896e-01 1.123999999999999999e-03 -3.008589999999999876e-01 -9.536670000000000424e-01 1.750999999999999952e-03
8.000000000000000000e+00 2.500000000000000000e+01 7.300000000000000000e+01 0.000000000000000000e+00 1.600000000000000089e+00 -7.190000000000000210e-04 1.124999999999999915e-03 9.999989999999999712e-01 7.572269999999999834e-01 -6.531500000000000083e-01 1.278999999999999972e-03 6.531510000000000371e-01 7.572280000000000122e-01 -3.829999999999999854e-04
1.300000000000000000e+01 2.500000000000000000e+01 7.300000000000000000e+01 0.000000000000000000e+00 1.600000000000000089e+00 1.644999999999999978e-03 1.224999999999999960e-03 9.999980000000000535e-01 7.573499999999999677e-01 -6.530089999999999506e-01 -4.459999999999999989e-04 6.530070000000000041e-01 7.573490000000000499e-01 -2.001999999999999873e-03
1.800000000000000000e+01 2.500000000000000000e+01 7.300000000000000000e+01 0.000000000000000000e+00 1.600000000000000089e+00 -3.970000000000000005e-04 4.899999999999999842e-04 1.000000000000000000e+00 7.583509999999999973e-01 -6.518469999999999542e-01 6.199999999999999999e-04 6.518469999999999542e-01 7.583509999999999973e-01 -1.119999999999999983e-04
2.500000000000000000e+01 2.500000000000000000e+01 7.300000000000000000e+01 0.000000000000000000e+00 1.600000000000000089e+00 -4.240000000000000062e-04 1.304999999999999953e-03 9.999989999999999712e-01 7.544389999999999707e-01 -6.563700000000000090e-01 1.175999999999999962e-03 6.563710000000000377e-01 7.544380000000000530e-01 -7.060000000000000303e-04
2.900000000000000000e+01 2.500000000000000000e+01 7.300000000000000000e+01 0.000000000000000000e+00 1.600000000000000089e+00 7.100000000000000462e-05 -3.080000000000000055e-04 1.000000000000000000e+00 7.570179999999999687e-01 -6.533940000000000303e-01 -2.550000000000000183e-04 6.533940000000000303e-01 7.570179999999999687e-01 1.869999999999999917e-04
6.000000000000000000e+00 4.400000000000000000e+01 7.300000000000000000e+01 0.000000000000000000e+00 1.600000000000000089e+00 -7.900000000000000121e-04 -3.258000000000000045e-03 9.999940000000000495e-01 5.446600000000000052e-02 -9.985100000000000087e-01 -3.210000000000000180e-03 9.985150000000000414e-01 5.446299999999999752e-02 9.659999999999999533e-04
1.000000000000000000e+01 4.400000000000000000e+01 7.300000000000000000e+01 0.000000000000000000e+00 1.600000000000000089e+00 6.920000000000000153e-04 -2.618000000000000101e-03 9.999959999999999960e-01 5.392099999999999671e-02 -9.985420000000000407e-01 -2.651000000000000145e-03 9.985450000000000159e-01 5.392299999999999871e-02 -5.500000000000000331e-04
1.500000000000000000e+01 4.400000000000000000e+01 7.300000000000000000e+01 0.000000000000000000e+00 1.600000000000000089e+00 3.490000000000000263e-04 4.949999999999999973e-04 1.000000000000000000e+00 5.748799999999999744e-02 -9.983459999999999557e-01 4.739999999999999747e-04 9.983459999999999557e-01 5.748799999999999744e-02 -3.770000000000000022e-04
2.100000000000000000e+01 4.400000000000000000e+01 7.300000000000000000e+01 0.000000000000000000e+00 1.600000000000000089e+00 -6.459999999999999814e-04 -1.534999999999999906e-03 9.999989999999999712e-01 5.469500000000000056e-02 -9.985020000000000007e-01 -1.497999999999999983e-03 9.985030000000000294e-01 5.469399999999999956e-02 7.290000000000000473e-04
2.500000000000000000e+01 4.400000000000000000e+01 7.300000000000000000e+01 0.000000000000000000e+00 1.600000000000000089e+00 -2.390000000000000089e-04 -8.059999999999999673e-04 1.000000000000000000e+00 5.534800000000000136e-02 -9.984669999999999934e-01 -7.910000000000000364e-04 9.984669999999999934e-01 5.534800000000000136e-02 2.829999999999999942e-04
2.700000000000000000e+01 5.100000000000000000e+01 7.600000000000000000e+01 0.000000000000000000e+00 1.600000000000000089e+00 -1.608999999999999970e-03 1.562000000000000020e-03 -9.999970000000000248e-01 -3.999260000000000037e-01 -9.165470000000000006e-01 -7.889999999999999878e-04 -9.165459999999999718e-01 3.999240000000000017e-01 2.099999999999999870e-03
1.000000000000000000e+00 9.100000000000000000e+01 7.600000000000000000e+01 0.000000000000000000e+00 1.600000000000000089e+00 1.080999999999999930e-03 -3.376000000000000095e-03 9.999940000000000495e-01 3.156939999999999746e-01 -9.488550000000000040e-01 -3.544999999999999974e-03 9.488609999999999545e-01 3.156959999999999766e-01 4.000000000000000327e-05
8.000000000000000000e+00 9.100000000000000000e+01 7.600000000000000000e+01 0.000000000000000000e+00 1.600000000000000089e+00 -2.122000000000000188e-03 1.291000000000000047e-03 9.999970000000000248e-01 3.114129999999999954e-01 -9.502730000000000343e-01 1.887999999999999921e-03 9.502720000000000056e-01 3.114160000000000261e-01 1.613999999999999983e-03
1.200000000000000000e+01 9.100000000000000000e+01 7.600000000000000000e+01 0.000000000000000000e+00 1.600000000000000089e+00 -2.689999999999999791e-04 -1.590999999999999966e-03 9.999989999999999712e-01 3.203309999999999769e-01 -9.473049999999999526e-01 -1.420999999999999954e-03 9.473059999999999814e-01 3.203300000000000036e-01 7.649999999999999465e-04
1.700000000000000000e+01 9.100000000000000000e+01 7.600000000000000000e+01 0.000000000000000000e+00 1.600000000000000089e+00 1.968999999999999830e-03 -9.319999999999999942e-04 9.999980000000000535e-01 3.195979999999999932e-01 -9.475519999999999499e-01 -1.512000000000000106e-03 9.475510000000000321e-01 3.195999999999999952e-01 -1.567999999999999949e-03
2.300000000000000000e+01 9.100000000000000000e+01 7.600000000000000000e+01 0.000000000000000000e+00 1.600000000000000089e+00 -2.128000000000000117e-03 -1.448999999999999984e-03 9.999970000000000248e-01 3.009640000000000093e-01 -9.536350000000000104e-01 -7.420000000000000380e-04 9.536329999999999529e-01 3.009609999999999785e-01 2.465999999999999876e-03
2.700000000000000000e+01 9.100000000000000000e+01 7.600000000000000000e+01 0.000000000000000000e+00 1.600000000000000089e+00 1.649999999999999991e-04 6.430000000000000169e-04 1.000000000000000000e+00 2.923399999999999888e-01 -9.563139999999999974e-01 5.670000000000000127e-04 9.563150000000000261e-01 2.923390000000000155e-01 -3.460000000000000076e-04
2.500000000000000000e+01 6.300000000000000000e+01 8.100000000000000000e+01 0.000000000000000000e+00 1.600000000000000089e+00 8.100000000000000375e-05 6.897999999999999618e-03 9.999759999999999760e-01 3.191399999999999793e-02 -9.994669999999999943e-01 6.891999999999999689e-03 9.994910000000000183e-01 3.191299999999999693e-02 -3.009999999999999980e-04
1.200000000000000000e+01 1.020000000000000000e+02 8.200000000000000000e+01 0.000000000000000000e+00 1.600000000000000089e+00 -9.030000000000000483e-04 -3.203999999999999817e-03 -9.999940000000000495e-01 -6.377650000000000263e-01 7.702290000000000525e-01 -1.892000000000000019e-03 7.702299999999999702e-01 6.377599999999999936e-01 -2.737999999999999982e-03
