3.000000000000000000e+00 1.600000000000000000e+01 4.000000000000000000e+00 0.000000000000000000e+00 1.600000000000000089e+00 -4.067999999999999568e-03 2.152400000000000146e-02 9.997599999999999820e-01 3.366489999999999760e-01 -9.413820000000000521e-01 2.163699999999999998e-02 9.416210000000000413e-01 3.366560000000000108e-01 -3.416000000000000199e-03
1.000000000000000000e+01 1.600000000000000000e+01 4.000000000000000000e+00 0.000000000000000000e+00 1.600000000000000089e+00 -2.396999999999999825e-03 1.157799999999999975e-02 9.999299999999999855e-01 3.228570000000000051e-01 -9.463749999999999662e-01 1.173199999999999937e-02 9.464449999999999807e-01 3.228619999999999823e-01 -1.469999999999999953e-03
1.700000000000000000e+01 1.600000000000000000e+01 4.000000000000000000e+00 0.000000000000000000e+00 1.600000000000000089e+00 -1.030000000000000100e-03 1.474699999999999969e-02 9.998909999999999743e-01 3.159750000000000059e-01 -9.486599999999999477e-01 1.431699999999999987e-02 9.487670000000000270e-01 3.159549999999999859e-01 -3.681999999999999943e-03
2.300000000000000000e+01 1.600000000000000000e+01 4.000000000000000000e+00 0.000000000000000000e+00 1.600000000000000089e+00 -1.740000000000000010e-04 1.185000000000000072e-03 9.999989999999999712e-01 3.192570000000000130e-01 -9.476670000000000371e-01 1.178000000000000011e-03 9.476679999999999549e-01 3.192570000000000130e-01 -2.130000000000000003e-04
2.800000000000000000e+01 1.600000000000000000e+01 4.000000000000000000e+00 0.000000000000000000e+00 1.600000000000000089e+00 1.015999999999999976e-03 -1.074800000000000061e-02 9.999419999999999975e-01 3.191510000000000180e-01 -9.476459999999999884e-01 -1.051000000000000024e-02 9.477029999999999621e-01 3.191430000000000100e-01 2.468000000000000142e-03
1.400000000000000000e+01 1.010000000000000000e+02 7.000000000000000000e+00 0.000000000000000000e+00 1.600000000000000089e+00 2.079999999999999872e-04 1.655999999999999920e-03 9.999989999999999712e-01 8.899420000000000108e-01 4.560730000000000062e-01 -9.399999999999999719e-04 -4.560739999999999794e-01 8.899409999999999821e-01 -1.379000000000000017e-03
2.000000000000000000e+01 1.010000000000000000e+02 7.000000000000000000e+00 0.000000000000000000e+00 1.600000000000000089e+00 -9.200000000000000007e-05 -2.229999999999999994e-04 1.000000000000000000e+00 8.900249999999999551e-01 4.559110000000000107e-01 1.840000000000000001e-04 -4.559110000000000107e-01 8.900249999999999551e-01 1.559999999999999972e-04
3.000000000000000000e+00 1.500000000000000000e+01 8.000000000000000000e+00 0.000000000000000000e+00 1.600000000000000089e+00 1.033399999999999944e-02 2.335500000000000076e-02 -9.996739999999999515e-01 -5.708069999999999533e-01 -8.207010000000000138e-01 -2.507399999999999907e-02 -8.210190000000000543e-01 5.708800000000000541e-01 4.850000000000000144e-03
8.000000000000000000e+00 1.500000000000000000e+01 8.000000000000000000e+00 0.000000000000000000e+00 1.600000000000000089e+00 6.425000000000000155e-03 1.709300000000000055e-02 -9.998329999999999718e-01 -5.677309999999999857e-01 -8.230239999999999778e-01 -1.771800000000000111e-02 -8.231889999999999485e-01 5.677499999999999769e-01 4.416999999999999919e-03
6.000000000000000000e+00 2.600000000000000000e+01 8.000000000000000000e+00 0.000000000000000000e+00 1.600000000000000089e+00 -6.086000000000000264e-03 -1.077000000000000006e-02 -9.999240000000000350e-01 4.226010000000000044e-01 9.062320000000000375e-01 -1.233300000000000021e-02 9.062959999999999905e-01 -4.226429999999999909e-01 -9.640000000000000131e-04
1.000000000000000000e+01 2.600000000000000000e+01 8.000000000000000000e+00 0.000000000000000000e+00 1.600000000000000089e+00 -4.919999999999999894e-03 -1.081099999999999943e-02 -9.999289999999999567e-01 4.235510000000000108e-01 9.057939999999999880e-01 -1.187700000000000040e-02 9.058589999999999698e-01 -4.235800000000000121e-01 1.219999999999999974e-04
1.500000000000000000e+01 2.600000000000000000e+01 8.000000000000000000e+00 0.000000000000000000e+00 1.600000000000000089e+00 -4.899999999999999842e-04 -6.603000000000000362e-03 -9.999780000000000335e-01 4.234669999999999823e-01 9.058910000000000018e-01 -6.189000000000000057e-03 9.059120000000000505e-01 -4.234600000000000031e-01 2.351999999999999924e-03
2.200000000000000000e+01 2.600000000000000000e+01 8.000000000000000000e+00 0.000000000000000000e+00 1.600000000000000089e+00 -2.069000000000000093e-03 6.683999999999999837e-03 -9.999759999999999760e-01 4.232920000000000016e-01 9.059789999999999788e-01 5.180999999999999842e-03 9.059909999999999908e-01 -4.232710000000000083e-01 -4.703999999999999848e-03
2.700000000000000000e+01 2.600000000000000000e+01 8.000000000000000000e+00 0.000000000000000000e+00 1.600000000000000089e+00 -3.262999999999999842e-03 1.689999999999999836e-02 -9.998519999999999630e-01 4.247969999999999802e-01 9.051820000000000421e-01 1.391399999999999929e-02 9.052829999999999488e-01 -4.246880000000000099e-01 -1.013200000000000038e-02
8.000000000000000000e+00 1.400000000000000000e+01 9.000000000000000000e+00 0.000000000000000000e+00 1.600000000000000089e+00 6.579999999999999911e-03 1.940899999999999917e-02 -9.997899999999999565e-01 -5.613470000000000404e-01 -8.273439999999999683e-01 -1.975599999999999926e-02 -8.275540000000000118e-01 5.613599999999999701e-01 5.451000000000000116e-03
1.400000000000000000e+01 1.400000000000000000e+01 9.000000000000000000e+00 0.000000000000000000e+00 1.600000000000000089e+00 4.662999999999999610e-03 1.200400000000000078e-02 -9.999169999999999447e-01 -5.595280000000000253e-01 -8.287170000000000369e-01 -1.255799999999999972e-02 -8.287989999999999524e-01 5.595400000000000373e-01 2.851999999999999934e-03
1.900000000000000000e+01 1.400000000000000000e+01 9.000000000000000000e+00 0.000000000000000000e+00 1.600000000000000089e+00 1.309000000000000051e-03 8.621000000000000191e-03 -9.999620000000000175e-01 -5.574719999999999676e-01 -8.301579999999999515e-01 -7.886999999999999914e-03 -8.301950000000000163e-01 5.574609999999999843e-01 3.719000000000000083e-03
2.200000000000000000e+01 1.400000000000000000e+01 9.000000000000000000e+00 0.000000000000000000e+00 1.600000000000000089e+00 8.469999999999999881e-04 -3.770000000000000022e-04 -1.000000000000000000e+00 -5.568440000000000056e-01 -8.306170000000000497e-01 -1.589999999999999888e-04 -8.306170000000000497e-01 5.568429999999999769e-01 -9.139999999999999904e-04
2.500000000000000000e+01 1.400000000000000000e+01 9.000000000000000000e+00 0.000000000000000000e+00 1.600000000000000089e+00 2.500000000000000120e-05 -1.614999999999999899e-03 -9.999989999999999712e-01 -5.563519999999999577e-01 -8.309459999999999624e-01 1.327999999999999970e-03 -8.309469999999999912e-01 5.563510000000000399e-01 -9.190000000000000035e-04
2.400000000000000000e+01 1.020000000000000000e+02 9.000000000000000000e+00 0.000000000000000000e+00 1.600000000000000089e+00 3.800000000000000209e-05 1.951999999999999959e-03 9.999980000000000535e-01 9.253050000000000441e-01 3.792220000000000035e-01 -7.759999999999999971e-04 -3.792229999999999768e-01 9.253040000000000154e-01 -1.791999999999999973e-03
2.600000000000000000e+01 1.040000000000000000e+02 1.100000000000000000e+01 0.000000000000000000e+00 1.600000000000000089e+00 -2.086000000000000180e-03 -3.840000000000000097e-04 9.999980000000000535e-01 -9.731840000000000490e-01 -2.300169999999999992e-01 -2.118000000000000091e-03 2.300169999999999992e-01 -9.731870000000000243e-01 1.060000000000000016e-04
1.000000000000000000e+00 3.500000000000000000e+01 1.200000000000000000e+01 0.000000000000000000e+00 1.600000000000000089e+00 -2.436999999999999930e-03 -7.239999999999999908e-03 -9.999710000000000543e-01 4.790360000000000174e-01 -8.777800000000000047e-01 5.186999999999999771e-03 -8.777920000000000167e-01 -4.790099999999999913e-01 5.607000000000000005e-03
1.000000000000000000e+01 3.500000000000000000e+01 1.200000000000000000e+01 0.000000000000000000e+00 1.600000000000000089e+00 2.944000000000000002e-03 8.050000000000000515e-04 -9.999949999999999672e-01 4.671339999999999937e-01 -8.841860000000000275e-01 6.629999999999999609e-04 -8.841809999999999947e-01 -4.671339999999999937e-01 -2.978999999999999877e-03
1.800000000000000000e+01 3.200000000000000000e+01 1.400000000000000000e+01 0.000000000000000000e+00 1.600000000000000089e+00 2.262000000000000122e-03 -4.139999999999999800e-04 -9.999970000000000248e-01 1.100890000000000063e-01 9.939219999999999722e-01 -1.630000000000000047e-04 9.939189999999999969e-01 -1.100880000000000053e-01 2.294000000000000032e-03
2.600000000000000000e+01 3.200000000000000000e+01 1.400000000000000000e+01 0.000000000000000000e+00 1.600000000000000089e+00 -1.989399999999999849e-02 5.390000000000000346e-02 -9.983480000000000132e-01 9.099500000000000643e-02 9.944990000000000219e-01 5.187900000000000150e-02 9.956530000000000102e-01 -8.981200000000000294e-02 -2.468899999999999914e-02
3.000000000000000000e+00 1.200000000000000000e+01 1.500000000000000000e+01 0.000000000000000000e+00 1.600000000000000089e+00 7.400000000000000328e-03 1.028899999999999954e-02 -9.999200000000000310e-01 -4.674429999999999974e-01 -8.839339999999999975e-01 -1.255500000000000019e-02 -8.839920000000000000e-01 4.674980000000000246e-01 -1.730999999999999900e-03
1.900000000000000000e+01 1.200000000000000000e+01 1.500000000000000000e+01 0.000000000000000000e+00 1.600000000000000089e+00 2.567999999999999970e-03 5.460000000000000443e-04 -9.999970000000000248e-01 -4.650349999999999762e-01 -8.852910000000000501e-01 -1.678000000000000021e-03 -8.852879999999999638e-01 4.650380000000000069e-01 -2.018999999999999961e-03
1.300000000000000000e+01 1.160000000000000000e+02 1.600000000000000000e+01 0.000000000000000000e+00 1.600000000000000089e+00 -2.037999999999999881e-03 -3.755000000000000091e-03 9.999909999999999632e-01 6.795639999999999459e-01 7.336049999999999516e-01 4.139999999999999583e-03 -7.336139999999999883e-01 6.795660000000000034e-01 1.056999999999999997e-03
6.000000000000000000e+00 2.000000000000000000e+00 1.900000000000000000e+01 0.000000000000000000e+00 1.600000000000000089e+00 2.723000000000000160e-03 2.027000000000000156e-03 -9.999940000000000495e-01 1.392940000000000011e-01 -9.902499999999999636e-01 -1.628000000000000107e-03 -9.902469999999999883e-01 -1.392889999999999961e-01 -2.978999999999999877e-03
1.700000000000000000e+01 2.000000000000000000e+00 1.900000000000000000e+01 0.000000000000000000e+00 1.600000000000000089e+00 3.322999999999999999e-03 -5.434999999999999727e-03 -9.999799999999999800e-01 1.290620000000000100e-01 -9.916190000000000282e-01 5.818000000000000255e-03 -9.916310000000000402e-01 -1.290789999999999993e-01 -2.592999999999999819e-03
2.100000000000000000e+01 2.000000000000000000e+00 1.900000000000000000e+01 0.000000000000000000e+00 1.600000000000000089e+00 -4.229999999999999819e-04 -1.660999999999999933e-03 -9.999980000000000535e-01 1.258680000000000077e-01 -9.920459999999999834e-01 1.593999999999999931e-03 -9.920470000000000121e-01 -1.258680000000000077e-01 6.290000000000000018e-04
2.700000000000000000e+01 2.000000000000000000e+00 1.900000000000000000e+01 0.000000000000000000e+00 1.600000000000000089e+00 -1.216999999999999983e-03 3.929000000000000201e-03 -9.999919999999999920e-01 1.323239999999999972e-01 -9.911980000000000235e-01 -4.054999999999999577e-03 -9.912060000000000315e-01 -1.323280000000000012e-01 6.870000000000000022e-04
5.000000000000000000e+00 1.300000000000000000e+01 2.000000000000000000e+01 0.000000000000000000e+00 1.600000000000000089e+00 1.871000000000000050e-03 -8.399999999999999535e-05 9.999980000000000535e-01 2.518099999999999783e-01 9.677769999999999984e-01 -3.899999999999999929e-04 -9.677750000000000519e-01 2.518099999999999783e-01 1.832000000000000078e-03
1.000000000000000000e+01 1.300000000000000000e+01 2.000000000000000000e+01 0.000000000000000000e+00 1.600000000000000089e+00 2.325999999999999943e-03 4.721000000000000370e-03 9.999860000000000415e-01 2.493750000000000133e-01 9.683929999999999483e-01 -5.152000000000000329e-03 -9.684040000000000425e-01 2.493829999999999936e-01 1.075000000000000001e-03
1.800000000000000000e+01 1.300000000000000000e+01 2.000000000000000000e+01 0.000000000000000000e+00 1.600000000000000089e+00 7.299999999999999903e-05 -5.681000000000000286e-03 9.999839999999999840e-01 2.480900000000000050e-01 9.687219999999999720e-01 5.485000000000000292e-03 -9.687369999999999592e-01 2.480850000000000000e-01 1.480999999999999895e-03
2.400000000000000000e+01 1.300000000000000000e+01 2.000000000000000000e+01 0.000000000000000000e+00 1.600000000000000089e+00 -4.719999999999999803e-04 6.909999999999999910e-04 1.000000000000000000e+00 2.487860000000000071e-01 9.685580000000000300e-01 -5.519999999999999733e-04 -9.685580000000000300e-01 2.487860000000000071e-01 -6.290000000000000018e-04
2.000000000000000000e+00 1.600000000000000000e+01 2.100000000000000000e+01 0.000000000000000000e+00 1.600000000000000089e+00 6.299999999999999990e-05 -5.819999999999999653e-03 9.999829999999999552e-01 3.026469999999999994e-01 9.530870000000000175e-01 5.527999999999999928e-03 -9.531030000000000335e-01 3.026420000000000221e-01 1.820999999999999919e-03
6.000000000000000000e+00 1.600000000000000000e+01 2.100000000000000000e+01 0.000000000000000000e+00 1.600000000000000089e+00 2.269000000000000183e-03 8.692000000000000073e-03 9.999599999999999600e-01 3.022889999999999744e-01 9.531739999999999657e-01 -8.970999999999999808e-03 -9.532140000000000057e-01 3.022969999999999824e-01 -4.650000000000000270e-04
3.000000000000000000e+00 4.600000000000000000e+01 2.700000000000000000e+01 0.000000000000000000e+00 1.600000000000000089e+00 -2.866000000000000058e-03 -3.280000000000000038e-04 -9.999959999999999960e-01 6.645360000000000156e-01 7.472529999999999450e-01 -2.148999999999999869e-03 7.472509999999999986e-01 -6.645389999999999908e-01 -1.923000000000000013e-03
9.000000000000000000e+00 4.600000000000000000e+01 2.700000000000000000e+01 0.000000000000000000e+00 1.600000000000000089e+00 -3.009999999999999980e-04 5.820000000000000520e-04 -1.000000000000000000e+00 6.627450000000000285e-01 7.488449999999999829e-01 2.359999999999999902e-04 7.488449999999999829e-01 -6.627450000000000285e-01 -6.109999999999999980e-04
1.700000000000000000e+01 4.600000000000000000e+01 2.700000000000000000e+01 0.000000000000000000e+00 1.600000000000000089e+00 7.479999999999999670e-04 1.645999999999999894e-03 -9.999980000000000535e-01 6.698159999999999670e-01 7.425249999999999906e-01 1.722999999999999922e-03 7.425270000000000481e-01 -6.698159999999999670e-01 -5.479999999999999845e-04
2.200000000000000000e+01 4.600000000000000000e+01 2.700000000000000000e+01 0.000000000000000000e+00 1.600000000000000089e+00 -2.961999999999999789e-03 -3.400000000000000244e-04 -9.999959999999999960e-01 6.703200000000000269e-01 7.420689999999999786e-01 -2.237999999999999972e-03 7.420660000000000034e-01 -6.703230000000000022e-01 -1.969999999999999963e-03
1.000000000000000000e+00 4.600000000000000000e+01 3.000000000000000000e+01 0.000000000000000000e+00 1.600000000000000089e+00 -1.428000000000000016e-03 -4.128999999999999858e-03 -9.999900000000000455e-01 3.273119999999999918e-01 9.449060000000000237e-01 -4.368999999999999620e-03 9.449149999999999494e-01 -3.273150000000000226e-01 1.999999999999999909e-06
5.000000000000000000e+00 4.600000000000000000e+01 3.000000000000000000e+01 0.000000000000000000e+00 1.600000000000000089e+00 -2.850999999999999802e-03 -1.680999999999999986e-03 -9.999949999999999672e-01 3.254139999999999810e-01 9.455679999999999641e-01 -2.517999999999999839e-03 9.455670000000000464e-01 -3.254190000000000138e-01 -2.148999999999999869e-03
2.000000000000000000e+01 4.600000000000000000e+01 3.000000000000000000e+01 0.000000000000000000e+00 1.600000000000000089e+00 -1.132999999999999893e-03 -8.000000000000000383e-04 -9.999989999999999712e-01 3.303519999999999790e-01 9.438569999999999460e-01 -1.129000000000000012e-03 9.438569999999999460e-01 -3.303530000000000078e-01 -8.050000000000000515e-04
2.800000000000000000e+01 4.600000000000000000e+01 3.000000000000000000e+01 0.000000000000000000e+00 1.600000000000000089e+00 1.623000000000000094e-03 5.659999999999999884e-04 -9.999989999999999712e-01 3.261029999999999762e-01 9.453329999999999789e-01 1.064000000000000059e-03 9.453329999999999789e-01 -3.261049999999999782e-01 1.348999999999999939e-03
4.000000000000000000e+00 5.800000000000000000e+01 3.100000000000000000e+01 0.000000000000000000e+00 1.600000000000000089e+00 3.360999999999999838e-03 1.011399999999999973e-02 9.999430000000000263e-01 -7.558439999999999603e-01 -6.546880000000000477e-01 9.162999999999999270e-03 6.547429999999999639e-01 -7.558319999999999483e-01 5.444000000000000054e-03
9.000000000000000000e+00 5.800000000000000000e+01 3.100000000000000000e+01 0.000000000000000000e+00 1.600000000000000089e+00 -4.837000000000000154e-03 -3.664999999999999855e-03 9.999820000000000375e-01 -7.623210000000000264e-01 -6.471710000000000518e-01 -6.059000000000000150e-03 6.471810000000000063e-01 -7.623360000000000136e-01 3.370000000000000057e-04
1.200000000000000000e+01 5.800000000000000000e+01 3.100000000000000000e+01 0.000000000000000000e+00 1.600000000000000089e+00 -2.906999999999999862e-03 -9.539999999999999869e-04 9.999949999999999672e-01 -7.645690000000000541e-01 -6.445359999999999978e-01 -2.837000000000000112e-03 6.445349999999999691e-01 -7.645739999999999759e-01 1.144000000000000052e-03
2.000000000000000000e+01 5.800000000000000000e+01 3.100000000000000000e+01 0.000000000000000000e+00 1.600000000000000089e+00 2.905000000000000030e-03 -1.088999999999999907e-03 9.999949999999999672e-01 -7.603239999999999998e-01 -6.495429999999999815e-01 1.502000000000000080e-03 6.495379999999999487e-01 -7.603239999999999998e-01 -2.714999999999999965e-03
2.400000000000000000e+01 5.800000000000000000e+01 3.100000000000000000e+01 0.000000000000000000e+00 1.600000000000000089e+00 1.969999999999999963e-03 -1.279999999999999942e-04 9.999980000000000535e-01 -7.605669999999999931e-01 -6.492580000000000018e-01 1.415000000000000025e-03 6.492569999999999730e-01 -7.605680000000000218e-01 -1.376000000000000053e-03
3.000000000000000000e+00 6.000000000000000000e+00 3.200000000000000000e+01 0.000000000000000000e+00 1.600000000000000089e+00 2.024999999999999890e-03 -4.366000000000000089e-03 -9.999879999999999880e-01 2.017259999999999887e-01 9.794340000000000268e-01 -3.867999999999999911e-03 9.794399999999999773e-01 -2.017160000000000064e-01 2.863999999999999792e-03
1.200000000000000000e+01 6.000000000000000000e+00 3.200000000000000000e+01 0.000000000000000000e+00 1.600000000000000089e+00 -1.776000000000000018e-03 6.030000000000000204e-04 -9.999980000000000535e-01 2.200910000000000089e-01 9.754789999999999850e-01 1.969999999999999909e-04 9.754779999999999562e-01 -2.200900000000000079e-01 -1.866000000000000037e-03
2.000000000000000000e+01 6.000000000000000000e+00 3.200000000000000000e+01 0.000000000000000000e+00 1.600000000000000089e+00 2.066000000000000128e-03 -2.442999999999999859e-03 -9.999949999999999672e-01 2.435029999999999972e-01 9.698980000000000379e-01 -1.866000000000000037e-03 9.698980000000000379e-01 -2.434969999999999912e-01 2.599000000000000182e-03
2.300000000000000000e+01 6.000000000000000000e+00 3.200000000000000000e+01 0.000000000000000000e+00 1.600000000000000089e+00 8.599999999999999789e-04 -1.284999999999999901e-03 -9.999989999999999712e-01 2.445779999999999899e-01 9.696289999999999631e-01 -1.034999999999999896e-03 9.696289999999999631e-01 -2.445769999999999889e-01 1.147999999999999932e-03
2.400000000000000000e+01 2.200000000000000000e+01 3.400000000000000000e+01 0.000000000000000000e+00 1.600000000000000089e+00 6.310000000000000504e-04 -1.760000000000000063e-03 9.999980000000000535e-01 3.788219999999999921e-01 -9.254679999999999573e-01 -1.868000000000000086e-03 9.254689999999999861e-01 3.788230000000000208e-01 8.299999999999999815e-05
6.000000000000000000e+00 4.600000000000000000e+01 3.500000000000000000e+01 0.000000000000000000e+00 1.600000000000000089e+00 1.955000000000000140e-03 -1.116000000000000021e-03 -9.999970000000000248e-01 3.863900000000000112e-01 -9.223339999999999872e-01 1.783999999999999996e-03 -9.223329999999999584e-01 -3.863929999999999865e-01 -1.371999999999999956e-03
1.100000000000000000e+01 4.600000000000000000e+01 3.500000000000000000e+01 0.000000000000000000e+00 1.600000000000000089e+00 6.300000000000000261e-04 -3.976000000000000367e-03 -9.999919999999999920e-01 3.853820000000000023e-01 -9.227490000000000414e-01 3.911000000000000414e-03 -9.227570000000000494e-01 -3.853809999999999736e-01 9.510000000000000224e-04
1.500000000000000000e+01 4.600000000000000000e+01 3.500000000000000000e+01 0.000000000000000000e+00 1.600000000000000089e+00 -4.850000000000000253e-04 1.038000000000000077e-03 -9.999989999999999712e-01 3.857220000000000093e-01 -9.226149999999999629e-01 -1.144999999999999967e-03 -9.226149999999999629e-01 -3.857220000000000093e-01 4.699999999999999724e-05
1.700000000000000000e+01 4.600000000000000000e+01 3.500000000000000000e+01 0.000000000000000000e+00 1.600000000000000089e+00 -2.269999999999999882e-04 -1.990000000000000124e-04 -1.000000000000000000e+00 3.857400000000000273e-01 -9.226069999999999549e-01 9.600000000000000243e-05 -9.226069999999999549e-01 -3.857400000000000273e-01 2.860000000000000129e-04
2.200000000000000000e+01 4.600000000000000000e+01 3.500000000000000000e+01 0.000000000000000000e+00 1.600000000000000089e+00 -1.614999999999999899e-03 4.903000000000000240e-03 -9.999869999999999592e-01 3.858050000000000090e-01 -9.225659999999999972e-01 -5.146999999999999666e-03 -9.225790000000000379e-01 -3.858079999999999843e-01 -4.020000000000000136e-04
3.000000000000000000e+01 4.600000000000000000e+01 3.500000000000000000e+01 0.000000000000000000e+00 1.600000000000000089e+00 -8.329999999999999731e-04 3.320000000000000034e-03 -9.999940000000000495e-01 3.869259999999999922e-01 -9.221049999999999525e-01 -3.383999999999999855e-03 -9.221099999999999852e-01 -3.869259999999999922e-01 -5.169999999999999899e-04
4.000000000000000000e+00 9.500000000000000000e+01 3.600000000000000000e+01 0.000000000000000000e+00 1.600000000000000089e+00 1.596999999999999895e-03 2.265400000000000053e-02 9.997420000000000195e-01 9.970290000000000541e-01 7.696000000000000063e-02 -3.337000000000000122e-03 -7.701600000000000112e-02 9.967770000000000241e-01 -2.246400000000000133e-02
1.000000000000000000e+01 9.500000000000000000e+01 3.600000000000000000e+01 0.000000000000000000e+00 1.600000000000000089e+00 2.939999999999999905e-03 -2.180999999999999953e-02 9.997580000000000355e-01 9.965089999999999781e-01 8.348400000000000265e-02 -1.108999999999999960e-03 -8.343899999999999928e-02 9.962699999999999889e-01 2.197899999999999854e-02
1.400000000000000000e+01 9.500000000000000000e+01 3.600000000000000000e+01 0.000000000000000000e+00 1.600000000000000089e+00 6.520000000000000188e-04 -1.125699999999999965e-02 9.999360000000000470e-01 9.960130000000000372e-01 8.920300000000000451e-02 3.550000000000000096e-04 -8.920100000000000251e-02 9.959500000000000020e-01 1.127000000000000050e-02
1.900000000000000000e+01 9.500000000000000000e+01 3.600000000000000000e+01 0.000000000000000000e+00 1.600000000000000089e+00 2.103999999999999967e-03 6.790000000000000029e-03 9.999749999999999472e-01 9.962060000000000359e-01 8.698000000000000176e-02 -2.687000000000000152e-03 -8.699600000000000388e-02 9.961870000000000447e-01 -6.581000000000000044e-03
2.300000000000000000e+01 9.500000000000000000e+01 3.600000000000000000e+01 0.000000000000000000e+00 1.600000000000000089e+00 -4.910000000000000302e-03 2.112000000000000162e-03 9.999860000000000415e-01 9.961769999999999792e-01 8.723300000000000498e-02 4.707000000000000246e-03 -8.722199999999999398e-02 9.961860000000000159e-01 -2.531999999999999963e-03
8.000000000000000000e+00 3.000000000000000000e+00 4.300000000000000000e+01 0.000000000000000000e+00 1.600000000000000089e+00 7.649000000000000417e-03 3.706600000000000172e-02 -9.992839999999999501e-01 7.425230000000000441e-01 -6.695470000000000033e-01 -1.915199999999999889e-02 -6.697769999999999557e-01 -7.418439999999999479e-01 -3.264299999999999841e-02
1.200000000000000000e+01 3.000000000000000000e+00 4.300000000000000000e+01 0.000000000000000000e+00 1.600000000000000089e+00 8.776000000000000814e-03 4.731099999999999889e-02 -9.988420000000000076e-01 7.405030000000000223e-01 -6.715769999999999795e-01 -2.530299999999999910e-02 -6.719960000000000377e-01 -7.394230000000000524e-01 -4.092799999999999910e-02
1.700000000000000000e+01 3.000000000000000000e+00 4.300000000000000000e+01 0.000000000000000000e+00 1.600000000000000089e+00 4.082999999999999824e-03 4.005600000000000133e-02 -9.991889999999999938e-01 7.354129999999999834e-01 -6.771890000000000409e-01 -2.414300000000000126e-02 -6.776069999999999593e-01 -7.347179999999999822e-01 -3.222200000000000064e-02
2.200000000000000000e+01 3.000000000000000000e+00 4.300000000000000000e+01 0.000000000000000000e+00 1.600000000000000089e+00 1.959999999999999937e-03 6.517000000000000223e-03 -9.999770000000000048e-01 7.372469999999999857e-01 -6.756170000000000231e-01 -2.958000000000000126e-03 -6.756210000000000271e-01 -7.372239999999999904e-01 -6.127999999999999767e-03
2.700000000000000000e+01 3.000000000000000000e+00 4.300000000000000000e+01 0.000000000000000000e+00 1.600000000000000089e+00 2.645000000000000216e-03 1.209999999999999964e-02 -9.999230000000000063e-01 7.385930000000000550e-01 -6.741230000000000278e-01 -6.204000000000000313e-03 -6.741460000000000230e-01 -7.385199999999999543e-01 -1.072000000000000036e-02
1.000000000000000000e+00 8.000000000000000000e+00 4.400000000000000000e+01 0.000000000000000000e+00 1.600000000000000089e+00 3.089999999999999756e-04 1.070199999999999971e-02 9.999430000000000263e-01 -7.635999999999999455e-01 -6.456509999999999749e-01 7.145999999999999575e-03 6.456899999999999862e-01 -7.635579999999999590e-01 7.972999999999999185e-03
7.000000000000000000e+00 8.000000000000000000e+00 4.400000000000000000e+01 0.000000000000000000e+00 1.600000000000000089e+00 1.389999999999999905e-04 7.570000000000000340e-03 9.999710000000000543e-01 -7.705170000000000075e-01 -6.374009999999999954e-01 4.931999999999999752e-03 6.374199999999999866e-01 -7.704950000000000410e-01 5.745000000000000107e-03
1.900000000000000000e+01 8.000000000000000000e+00 4.400000000000000000e+01 0.000000000000000000e+00 1.600000000000000089e+00 3.033999999999999805e-03 1.145299999999999964e-02 9.999299999999999855e-01 -7.717140000000000111e-01 -6.358970000000000455e-01 9.624999999999999875e-03 6.359629999999999450e-01 -7.716889999999999583e-01 6.909000000000000211e-03
2.300000000000000000e+01 8.000000000000000000e+00 4.400000000000000000e+01 0.000000000000000000e+00 1.600000000000000089e+00 1.131999999999999977e-03 5.421999999999999736e-03 9.999850000000000128e-01 -7.735670000000000046e-01 -6.337000000000000410e-01 4.311999999999999861e-03 6.337139999999999995e-01 -7.735600000000000254e-01 3.477000000000000056e-03
2.000000000000000000e+00 2.900000000000000000e+01 4.400000000000000000e+01 0.000000000000000000e+00 1.600000000000000089e+00 9.139999999999999904e-04 3.314999999999999804e-03 -9.999940000000000495e-01 6.802059999999999773e-01 7.330149999999999721e-01 3.050999999999999893e-03 7.330200000000000049e-01 -6.802049999999999486e-01 -1.585000000000000037e-03
7.000000000000000000e+00 2.900000000000000000e+01 4.400000000000000000e+01 0.000000000000000000e+00 1.600000000000000089e+00 1.381999999999999982e-03 -2.276999999999999944e-03 -9.999959999999999960e-01 6.829709999999999948e-01 7.304450000000000109e-01 -7.190000000000000210e-04 7.304439999999999822e-01 -6.829680000000000195e-01 2.563999999999999873e-03
1.600000000000000000e+01 2.900000000000000000e+01 4.400000000000000000e+01 0.000000000000000000e+00 1.600000000000000089e+00 9.899999999999999404e-05 2.240999999999999936e-03 -9.999970000000000248e-01 6.725740000000000052e-01 7.400280000000000191e-01 1.724999999999999971e-03 7.400299999999999656e-01 -6.725729999999999764e-01 -1.433999999999999945e-03
2.300000000000000000e+01 2.900000000000000000e+01 4.400000000000000000e+01 0.000000000000000000e+00 1.600000000000000089e+00 -9.730000000000000151e-04 2.092000000000000109e-03 -9.999970000000000248e-01 6.579420000000000268e-01 7.530679999999999596e-01 9.349999999999999587e-04 7.530679999999999596e-01 -6.579399999999999693e-01 -2.109000000000000197e-03
2.600000000000000000e+01 2.900000000000000000e+01 4.400000000000000000e+01 0.000000000000000000e+00 1.600000000000000089e+00 -1.621000000000000045e-03 -1.797999999999999902e-03 -9.999970000000000248e-01 6.568889999999999452e-01 7.539829999999999588e-01 -2.420999999999999975e-03 7.539850000000000163e-01 -6.568910000000000027e-01 -4.100000000000000047e-05
1.500000000000000000e+01 5.400000000000000000e+01 4.600000000000000000e+01 0.000000000000000000e+00 1.600000000000000089e+00 3.259999999999999877e-03 4.920000000000000328e-04 9.999949999999999672e-01 3.209299999999999931e-01 -9.471030000000000282e-01 -5.800000000000000034e-04 9.470969999999999667e-01 3.209299999999999931e-01 -3.245000000000000055e-03
2.200000000000000000e+01 5.400000000000000000e+01 4.600000000000000000e+01 0.000000000000000000e+00 1.600000000000000089e+00 1.051000000000000068e-03 -3.485999999999999949e-03 9.999930000000000208e-01 3.573000000000000065e-01 -9.339830000000000076e-01 -3.631000000000000113e-03 9.339889999999999581e-01 3.573009999999999797e-01 2.640000000000000202e-04
9.000000000000000000e+00 6.500000000000000000e+01 4.600000000000000000e+01 0.000000000000000000e+00 1.600000000000000089e+00 1.954000000000000008e-03 -1.200000000000000030e-04 9.999980000000000535e-01 6.808300000000000463e-01 -7.324410000000000087e-01 -1.417999999999999990e-03 7.324389999999999512e-01 6.808309999999999640e-01 -1.350000000000000071e-03
2.400000000000000000e+01 6.500000000000000000e+01 4.600000000000000000e+01 0.000000000000000000e+00 1.600000000000000089e+00 -2.562000000000000041e-03 3.699000000000000031e-03 9.999900000000000455e-01 6.818269999999999609e-01 -7.315000000000000391e-01 4.453000000000000361e-03 7.315089999999999648e-01 6.818309999999999649e-01 -6.470000000000000057e-04
1.900000000000000000e+01 5.000000000000000000e+00 5.100000000000000000e+01 0.000000000000000000e+00 1.600000000000000089e+00 3.373999999999999829e-03 1.114000000000000060e-02 -9.999320000000000430e-01 4.901780000000000026e-01 -8.715850000000000541e-01 -8.056000000000000660e-03 -8.716159999999999464e-01 -4.901170000000000249e-01 -8.401999999999999746e-03
5.000000000000000000e+00 1.150000000000000000e+02 5.100000000000000000e+01 0.000000000000000000e+00 1.600000000000000089e+00 -2.648000000000000180e-03 -7.016999999999999800e-03 9.999719999999999720e-01 8.421370000000000244e-01 -5.392620000000000191e-01 -1.554000000000000043e-03 5.392580000000000151e-01 8.421089999999999964e-01 7.337999999999999905e-03
6.000000000000000000e+00 6.300000000000000000e+01 5.400000000000000000e+01 0.000000000000000000e+00 1.600000000000000089e+00 -1.959999999999999937e-04 1.735999999999999913e-03 9.999989999999999712e-01 -3.554010000000000224e-01 9.347119999999999873e-01 -1.691999999999999928e-03 -9.347140000000000448e-01 -3.554010000000000224e-01 4.339999999999999782e-04
1.300000000000000000e+01 6.300000000000000000e+01 5.400000000000000000e+01 0.000000000000000000e+00 1.600000000000000089e+00 2.900000000000000017e-05 2.520000000000000104e-03 9.999970000000000248e-01 -3.468470000000000164e-01 9.379189999999999472e-01 -2.354000000000000190e-03 -9.379220000000000335e-01 -3.468459999999999877e-01 9.020000000000000240e-04
1.800000000000000000e+01 6.300000000000000000e+01 5.400000000000000000e+01 0.000000000000000000e+00 1.600000000000000089e+00 -1.360000000000000098e-03 -2.660000000000000146e-04 9.999989999999999712e-01 -3.420619999999999772e-01 9.396769999999999845e-01 -2.149999999999999947e-04 -9.396759999999999557e-01 -3.420619999999999772e-01 -1.368999999999999991e-03
2.300000000000000000e+01 6.300000000000000000e+01 5.400000000000000000e+01 0.000000000000000000e+00 1.600000000000000089e+00 5.249999999999999676e-04 -1.016999999999999892e-03 9.999989999999999712e-01 -3.423129999999999784e-01 9.395850000000000035e-01 1.136000000000000074e-03 -9.395860000000000323e-01 -3.423140000000000072e-01 1.450000000000000009e-04
3.000000000000000000e+01 6.300000000000000000e+01 5.400000000000000000e+01 0.000000000000000000e+00 1.600000000000000089e+00 1.547999999999999897e-03 -2.151999999999999833e-03 9.999959999999999960e-01 -3.559069999999999734e-01 9.345179999999999598e-01 2.562000000000000041e-03 -9.345200000000000173e-01 -3.559089999999999754e-01 6.809999999999999647e-04
5.000000000000000000e+00 2.500000000000000000e+01 5.500000000000000000e+01 0.000000000000000000e+00 1.600000000000000089e+00 1.322999999999999957e-03 2.242000000000000069e-03 -9.999970000000000248e-01 -8.663000000000000561e-03 -9.999599999999999600e-01 -2.253999999999999927e-03 -9.999620000000000175e-01 8.666000000000000092e-03 -1.304000000000000038e-03
1.700000000000000000e+01 2.500000000000000000e+01 5.500000000000000000e+01 0.000000000000000000e+00 1.600000000000000089e+00 -1.105000000000000079e-03 -2.681999999999999922e-03 -9.999959999999999960e-01 -9.525999999999999746e-03 -9.999510000000000343e-01 2.691999999999999948e-03 -9.999540000000000095e-01 9.528999999999999276e-03 1.079000000000000098e-03
2.000000000000000000e+01 2.500000000000000000e+01 5.500000000000000000e+01 0.000000000000000000e+00 1.600000000000000089e+00 -3.069999999999999812e-04 7.079999999999999705e-04 -1.000000000000000000e+00 -9.811999999999999542e-03 -9.999519999999999520e-01 -7.050000000000000060e-04 -9.999519999999999520e-01 9.811999999999999542e-03 3.139999999999999888e-04
2.500000000000000000e+01 2.500000000000000000e+01 5.500000000000000000e+01 0.000000000000000000e+00 1.600000000000000089e+00 6.989999999999999686e-04 2.099999999999999870e-03 -9.999980000000000535e-01 -9.854999999999999177e-03 -9.999489999999999768e-01 -2.106999999999999932e-03 -9.999510000000000343e-01 9.856000000000000177e-03 -6.780000000000000002e-04
3.000000000000000000e+01 2.500000000000000000e+01 5.500000000000000000e+01 0.000000000000000000e+00 1.600000000000000089e+00 -1.564999999999999985e-03 3.164999999999999845e-03 -9.999940000000000495e-01 -1.061899999999999997e-02 -9.999390000000000223e-01 -3.148000000000000190e-03 -9.999419999999999975e-01 1.061400000000000017e-02 1.598999999999999944e-03
9.000000000000000000e+00 7.000000000000000000e+00 6.000000000000000000e+01 0.000000000000000000e+00 1.600000000000000089e+00 -2.301999999999999793e-03 -1.055099999999999962e-02 9.999419999999999975e-01 5.695360000000000422e-01 -8.219330000000000247e-01 -7.361000000000000355e-03 8.219629999999999992e-01 5.694860000000000477e-01 7.901000000000000037e-03
2.400000000000000000e+01 7.000000000000000000e+00 6.000000000000000000e+01 0.000000000000000000e+00 1.600000000000000089e+00 1.487999999999999956e-03 7.135999999999999982e-03 9.999730000000000008e-01 5.664249999999999563e-01 -8.240979999999999972e-01 5.037999999999999944e-03 8.241119999999999557e-01 5.664029999999999898e-01 -5.269000000000000246e-03
6.000000000000000000e+00 2.100000000000000000e+01 6.000000000000000000e+01 0.000000000000000000e+00 1.600000000000000089e+00 9.759999999999999796e-04 8.495000000000000814e-03 9.999630000000000463e-01 -9.458700000000000441e-02 9.954809999999999492e-01 -8.364999999999999172e-03 -9.955159999999999565e-01 -9.457599999999999341e-02 1.775000000000000102e-03
9.000000000000000000e+00 2.100000000000000000e+01 6.000000000000000000e+01 0.000000000000000000e+00 1.600000000000000089e+00 2.503000000000000017e-03 2.075000000000000022e-03 9.999949999999999672e-01 -9.478300000000000614e-02 9.954960000000000475e-01 -1.828999999999999897e-03 -9.954950000000000188e-01 -9.477800000000000114e-02 2.687999999999999851e-03
1.300000000000000000e+01 2.100000000000000000e+01 6.000000000000000000e+01 0.000000000000000000e+00 1.600000000000000089e+00 2.811999999999999830e-03 2.945999999999999834e-03 9.999919999999999920e-01 -9.590400000000000313e-02 9.953870000000000218e-01 -2.663000000000000003e-03 -9.953870000000000218e-01 -9.589599999999999513e-02 3.082000000000000104e-03
1.600000000000000000e+01 2.100000000000000000e+01 6.000000000000000000e+01 0.000000000000000000e+00 1.600000000000000089e+00 2.308000000000000156e-03 7.611999999999999843e-03 9.999679999999999680e-01 -9.714000000000000412e-02 9.952440000000000175e-01 -7.352000000000000028e-03 -9.952680000000000415e-01 -9.711999999999999800e-02 3.037000000000000203e-03
3.000000000000000000e+00 6.000000000000000000e+00 6.100000000000000000e+01 0.000000000000000000e+00 1.600000000000000089e+00 -9.370000000000000074e-04 1.408700000000000056e-02 9.999000000000000110e-01 5.631930000000000547e-01 -8.262359999999999705e-01 1.216899999999999926e-02 8.263249999999999762e-01 5.631490000000000107e-01 -7.159000000000000433e-03
2.300000000000000000e+01 6.000000000000000000e+00 6.100000000000000000e+01 0.000000000000000000e+00 1.600000000000000089e+00 4.209999999999999875e-04 2.279999999999999909e-03 9.999970000000000248e-01 5.589499999999999469e-01 -8.291990000000000194e-01 1.655000000000000004e-03 8.292009999999999659e-01 5.589480000000000004e-01 -1.623000000000000094e-03
2.000000000000000000e+00 2.700000000000000000e+01 6.300000000000000000e+01 0.000000000000000000e+00 1.600000000000000089e+00 -5.370000000000000424e-04 2.614000000000000004e-03 9.999959999999999960e-01 -2.727849999999999997e-01 9.620710000000000095e-01 -2.661999999999999870e-03 -9.620750000000000135e-01 -2.727859999999999729e-01 1.959999999999999937e-04
7.000000000000000000e+00 2.700000000000000000e+01 6.300000000000000000e+01 0.000000000000000000e+00 1.600000000000000089e+00 1.534999999999999906e-03 4.373000000000000151e-03 9.999890000000000168e-01 -2.734369999999999856e-01 9.618830000000000435e-01 -3.787000000000000002e-03 -9.618889999999999940e-01 -2.734280000000000044e-01 2.671999999999999896e-03
1.200000000000000000e+01 2.700000000000000000e+01 6.300000000000000000e+01 0.000000000000000000e+00 1.600000000000000089e+00 2.115000000000000126e-03 2.784000000000000016e-03 9.999940000000000495e-01 -2.755639999999999756e-01 9.612800000000000233e-01 -2.092999999999999809e-03 -9.612800000000000233e-01 -2.755580000000000251e-01 2.799999999999999972e-03
1.700000000000000000e+01 2.700000000000000000e+01 6.300000000000000000e+01 0.000000000000000000e+00 1.600000000000000089e+00 1.049000000000000019e-03 5.340000000000000129e-03 9.999850000000000128e-01 -2.777350000000000096e-01 9.606449999999999712e-01 -4.839000000000000419e-03 -9.606569999999999832e-01 -2.777259999999999729e-01 2.491000000000000159e-03
2.000000000000000000e+01 2.700000000000000000e+01 6.300000000000000000e+01 0.000000000000000000e+00 1.600000000000000089e+00 1.180000000000000059e-03 2.614000000000000004e-03 9.999959999999999960e-01 -2.772979999999999889e-01 9.607809999999999961e-01 -2.184999999999999876e-03 -9.607830000000000537e-01 -2.772950000000000137e-01 1.858000000000000059e-03
2.500000000000000000e+01 2.700000000000000000e+01 6.300000000000000000e+01 0.000000000000000000e+00 1.600000000000000089e+00 1.026000000000000002e-03 3.808000000000000187e-03 9.999919999999999920e-01 -2.797879999999999812e-01 9.600560000000000205e-01 -3.369000000000000033e-03 -9.600610000000000532e-01 -2.797819999999999752e-01 2.050000000000000173e-03
2.000000000000000000e+00 2.600000000000000000e+01 6.400000000000000000e+01 0.000000000000000000e+00 1.600000000000000089e+00 -9.799999999999999684e-04 4.837000000000000154e-03 9.999879999999999880e-01 -3.474920000000000231e-01 9.376700000000000035e-01 -4.876000000000000126e-03 -9.376820000000000155e-01 -3.474929999999999963e-01 7.619999999999999820e-04
