7.000000000000000000e+00 1.600000000000000000e+01 4.000000000000000000e+00 0.000000000000000000e+00 1.600000000000000089e+00 -1.946999999999999946e-03 -1.171299999999999945e-02 9.999289999999999567e-01 3.152050000000000129e-01 -9.489649999999999475e-01 -1.050199999999999918e-02 9.490220000000000322e-01 3.151630000000000265e-01 5.539999999999999786e-03
1.200000000000000000e+01 1.600000000000000000e+01 4.000000000000000000e+00 0.000000000000000000e+00 1.600000000000000089e+00 2.785000000000000149e-03 -1.399199999999999923e-02 9.998979999999999535e-01 3.130749999999999922e-01 -9.496229999999999949e-01 -1.416099999999999998e-02 9.497240000000000126e-01 3.130830000000000002e-01 1.735999999999999913e-03
1.500000000000000000e+01 1.600000000000000000e+01 4.000000000000000000e+00 0.000000000000000000e+00 1.600000000000000089e+00 2.570999999999999935e-03 -1.941299999999999970e-02 9.998080000000000300e-01 3.147380000000000178e-01 -9.489830000000000210e-01 -1.923599999999999963e-02 9.491749999999999909e-01 3.147280000000000078e-01 3.670999999999999784e-03
2.000000000000000000e+01 1.600000000000000000e+01 4.000000000000000000e+00 0.000000000000000000e+00 1.600000000000000089e+00 3.003000000000000027e-03 -2.052000000000000005e-02 9.997850000000000348e-01 3.214969999999999772e-01 -9.466909999999999492e-01 -2.039600000000000093e-02 9.469060000000000255e-01 3.214890000000000247e-01 3.753999999999999958e-03
2.900000000000000000e+01 1.600000000000000000e+01 4.000000000000000000e+00 0.000000000000000000e+00 1.600000000000000089e+00 2.033999999999999784e-03 -1.151199999999999966e-02 9.999320000000000430e-01 3.299869999999999748e-01 -9.439149999999999485e-01 -1.153900000000000065e-02 9.439830000000000165e-01 3.299880000000000035e-01 1.879000000000000028e-03
3.000000000000000000e+00 1.010000000000000000e+02 7.000000000000000000e+00 0.000000000000000000e+00 1.600000000000000089e+00 7.870000000000000476e-04 -9.483000000000000110e-03 9.999550000000000383e-01 8.859200000000000408e-01 4.638229999999999853e-01 3.700999999999999863e-03 -4.638379999999999725e-01 8.858770000000000255e-01 8.765999999999999487e-03
8.000000000000000000e+00 1.010000000000000000e+02 7.000000000000000000e+00 0.000000000000000000e+00 1.600000000000000089e+00 2.863000000000000093e-03 4.016999999999999738e-03 9.999879999999999880e-01 8.856880000000000308e-01 4.642609999999999792e-01 -4.400000000000000265e-03 -4.642729999999999912e-01 8.856889999999999485e-01 -2.229000000000000078e-03
2.600000000000000000e+01 1.010000000000000000e+02 7.000000000000000000e+00 0.000000000000000000e+00 1.600000000000000089e+00 3.609999999999999928e-04 1.263000000000000017e-03 9.999989999999999712e-01 8.845210000000000017e-01 4.665000000000000258e-01 -9.079999999999999530e-04 -4.665009999999999990e-01 8.845199999999999729e-01 -9.489999999999999738e-04
5.000000000000000000e+00 1.500000000000000000e+01 8.000000000000000000e+00 0.000000000000000000e+00 1.600000000000000089e+00 -3.531999999999999983e-03 -1.000200000000000047e-02 -9.999440000000000550e-01 -5.664559999999999595e-01 -8.240290000000000115e-01 1.024300000000000037e-02 -8.240849999999999564e-01 5.664599999999999635e-01 -2.755000000000000070e-03
9.000000000000000000e+00 1.500000000000000000e+01 8.000000000000000000e+00 0.000000000000000000e+00 1.600000000000000089e+00 -4.497000000000000129e-03 -9.313000000000000098e-03 -9.999460000000000015e-01 -5.655489999999999684e-01 -8.246520000000000516e-01 1.022400000000000045e-02 -8.247029999999999639e-01 5.655639999999999556e-01 -1.557999999999999923e-03
1.200000000000000000e+01 1.500000000000000000e+01 8.000000000000000000e+00 0.000000000000000000e+00 1.600000000000000089e+00 -7.599999999999999985e-03 -1.155100000000000050e-02 -9.999040000000000150e-01 -5.656400000000000317e-01 -8.245360000000000467e-01 1.382500000000000048e-02 -8.246170000000000444e-01 5.656910000000000549e-01 -2.669999999999999847e-04
1.600000000000000000e+01 1.500000000000000000e+01 8.000000000000000000e+00 0.000000000000000000e+00 1.600000000000000089e+00 -7.979999999999999247e-03 -1.845099999999999865e-02 -9.997979999999999645e-01 -5.680720000000000214e-01 -8.227430000000000021e-01 1.971799999999999942e-02 -8.229400000000000048e-01 5.681150000000000366e-01 -3.915000000000000077e-03
2.000000000000000000e+01 1.500000000000000000e+01 8.000000000000000000e+00 0.000000000000000000e+00 1.600000000000000089e+00 -7.542000000000000093e-03 -2.197999999999999954e-02 -9.997300000000000075e-01 -5.715820000000000345e-01 -8.202409999999999979e-01 2.234600000000000128e-02 -8.205099999999999616e-01 5.715959999999999930e-01 -6.377999999999999989e-03
2.300000000000000000e+01 1.500000000000000000e+01 8.000000000000000000e+00 0.000000000000000000e+00 1.600000000000000089e+00 -7.080999999999999621e-03 -2.133300000000000127e-02 -9.997470000000000523e-01 -5.750520000000000076e-01 -8.178330000000000322e-01 2.152400000000000146e-02 -8.180859999999999799e-01 5.750600000000000156e-01 -6.477000000000000118e-03
2.800000000000000000e+01 1.500000000000000000e+01 8.000000000000000000e+00 0.000000000000000000e+00 1.600000000000000089e+00 -3.288999999999999823e-03 -8.481999999999999956e-03 -9.999590000000000423e-01 -5.786170000000000480e-01 -8.155520000000000547e-01 8.821000000000000715e-03 -8.155930000000000124e-01 5.786219999999999697e-01 -2.226000000000000114e-03
2.000000000000000000e+00 2.600000000000000000e+01 8.000000000000000000e+00 0.000000000000000000e+00 1.600000000000000089e+00 1.492000000000000054e-03 2.834999999999999847e-03 -9.999949999999999672e-01 4.249399999999999844e-01 9.052160000000000206e-01 3.200999999999999852e-03 9.052210000000000534e-01 -4.249419999999999864e-01 1.459999999999999981e-04
9.000000000000000000e+00 2.600000000000000000e+01 8.000000000000000000e+00 0.000000000000000000e+00 1.600000000000000089e+00 1.905999999999999925e-03 8.276999999999999635e-03 -9.999639999999999640e-01 4.237199999999999855e-01 9.057549999999999768e-01 8.304999999999999882e-03 9.057910000000000128e-01 -4.237210000000000143e-01 -1.781000000000000031e-03
1.400000000000000000e+01 2.600000000000000000e+01 8.000000000000000000e+00 0.000000000000000000e+00 1.600000000000000089e+00 5.781999999999999813e-03 2.561199999999999935e-02 -9.996549999999999603e-01 4.206389999999999851e-01 9.068650000000000322e-01 2.566699999999999884e-02 9.072099999999999609e-01 -4.206420000000000159e-01 -5.530000000000000193e-03
1.700000000000000000e+01 2.600000000000000000e+01 8.000000000000000000e+00 0.000000000000000000e+00 1.600000000000000089e+00 6.945999999999999917e-03 2.131200000000000108e-02 -9.997489999999999988e-01 4.174390000000000045e-01 9.084320000000000173e-01 2.226600000000000107e-02 9.086779999999999857e-01 -4.174889999999999990e-01 -2.586999999999999890e-03
2.300000000000000000e+01 2.600000000000000000e+01 8.000000000000000000e+00 0.000000000000000000e+00 1.600000000000000089e+00 6.741999999999999729e-03 2.269900000000000043e-02 -9.997200000000000530e-01 4.125889999999999835e-01 9.106149999999999523e-01 2.345799999999999969e-02 9.108920000000000350e-01 -4.126319999999999988e-01 -3.226000000000000135e-03
3.000000000000000000e+00 1.400000000000000000e+01 9.000000000000000000e+00 0.000000000000000000e+00 1.600000000000000089e+00 -3.067999999999999981e-03 -5.470000000000000036e-03 -9.999799999999999800e-01 -5.610479999999999912e-01 -8.277600000000000513e-01 6.249000000000000214e-03 -8.277780000000000138e-01 5.610559999999999992e-01 -5.299999999999999807e-04
9.000000000000000000e+00 1.400000000000000000e+01 9.000000000000000000e+00 0.000000000000000000e+00 1.600000000000000089e+00 -5.107000000000000428e-03 -1.135000000000000071e-02 -9.999230000000000063e-01 -5.616090000000000249e-01 -8.273120000000000474e-01 1.225900000000000080e-02 -8.273869999999999836e-01 5.616280000000000161e-01 -2.148999999999999869e-03
2.400000000000000000e+01 2.400000000000000000e+01 9.000000000000000000e+00 0.000000000000000000e+00 1.600000000000000089e+00 7.343999999999999834e-03 2.426899999999999891e-02 -9.996779999999999555e-01 4.667200000000000237e-01 8.840550000000000352e-01 2.489099999999999993e-02 8.843750000000000222e-01 -4.667520000000000002e-01 -4.833999999999999755e-03
2.800000000000000000e+01 2.400000000000000000e+01 9.000000000000000000e+00 0.000000000000000000e+00 1.600000000000000089e+00 5.579999999999999891e-03 1.570699999999999874e-02 -9.998609999999999998e-01 4.633220000000000116e-01 8.860360000000000458e-01 1.650499999999999884e-02 8.861719999999999597e-01 -4.633499999999999841e-01 -2.334000000000000137e-03
1.300000000000000000e+01 3.100000000000000000e+01 1.200000000000000000e+01 0.000000000000000000e+00 1.600000000000000089e+00 1.641000000000000097e-03 2.004999999999999838e-03 9.999970000000000248e-01 -1.483300000000000070e-02 9.998879999999999990e-01 -1.981000000000000122e-03 -9.998890000000000278e-01 -1.482999999999999943e-02 1.670000000000000043e-03
1.900000000000000000e+01 3.100000000000000000e+01 1.200000000000000000e+01 0.000000000000000000e+00 1.600000000000000089e+00 1.028999999999999967e-03 1.374000000000000004e-03 9.999989999999999712e-01 -1.338499999999999933e-02 9.999090000000000478e-01 -1.360000000000000098e-03 -9.999099999999999655e-01 -1.338400000000000006e-02 1.048000000000000103e-03
2.600000000000000000e+01 3.100000000000000000e+01 1.200000000000000000e+01 0.000000000000000000e+00 1.600000000000000089e+00 -6.310000000000000504e-04 5.963999999999999684e-03 9.999820000000000375e-01 -9.487000000000000641e-03 9.999369999999999647e-01 -5.969999999999999613e-03 -9.999550000000000383e-01 -9.490000000000000172e-03 -5.749999999999999903e-04
5.000000000000000000e+00 1.200000000000000000e+01 1.500000000000000000e+01 0.000000000000000000e+00 1.600000000000000089e+00 -7.280000000000000230e-04 -5.173999999999999780e-03 -9.999860000000000415e-01 -4.649300000000000099e-01 -8.853339999999999543e-01 4.918999999999999762e-03 -8.853469999999999951e-01 4.649269999999999792e-01 -1.760999999999999979e-03
1.100000000000000000e+01 1.200000000000000000e+01 1.500000000000000000e+01 0.000000000000000000e+00 1.600000000000000089e+00 -4.044999999999999984e-03 -6.620000000000000016e-03 -9.999700000000000255e-01 -4.690309999999999757e-01 -8.831480000000000441e-01 7.742999999999999883e-03 -8.831719999999999571e-01 4.690480000000000205e-01 4.670000000000000214e-04
2.100000000000000000e+01 1.200000000000000000e+01 1.500000000000000000e+01 0.000000000000000000e+00 1.600000000000000089e+00 -4.276000000000000287e-03 -6.048000000000000424e-03 -9.999730000000000008e-01 -4.737439999999999984e-01 -8.806319999999999704e-01 7.352000000000000028e-03 -8.806519999999999904e-01 4.737629999999999897e-01 8.999999999999999754e-04
2.600000000000000000e+01 1.200000000000000000e+01 1.500000000000000000e+01 0.000000000000000000e+00 1.600000000000000089e+00 -1.936000000000000004e-03 -4.950000000000000407e-03 -9.999860000000000415e-01 -4.727819999999999800e-01 -8.811639999999999473e-01 5.276999999999999573e-03 -8.811769999999999881e-01 4.727859999999999840e-01 -6.340000000000000149e-04
3.000000000000000000e+00 2.000000000000000000e+00 1.900000000000000000e+01 0.000000000000000000e+00 1.600000000000000089e+00 5.869999999999999567e-04 5.419999999999999471e-04 -1.000000000000000000e+00 1.383129999999999915e-01 -9.903889999999999638e-01 -4.560000000000000251e-04 -9.903880000000000461e-01 -1.383119999999999905e-01 -6.570000000000000319e-04
5.000000000000000000e+00 2.000000000000000000e+00 1.900000000000000000e+01 0.000000000000000000e+00 1.600000000000000089e+00 -3.950000000000000061e-04 -1.531999999999999942e-03 -9.999989999999999712e-01 1.411399999999999877e-01 -9.899890000000000079e-01 1.461000000000000059e-03 -9.899900000000000366e-01 -1.411389999999999867e-01 6.070000000000000092e-04
8.000000000000000000e+00 2.000000000000000000e+00 1.900000000000000000e+01 0.000000000000000000e+00 1.600000000000000089e+00 -1.404999999999999999e-03 -1.182000000000000108e-03 -9.999980000000000535e-01 1.458379999999999954e-01 -9.893079999999999652e-01 9.650000000000000374e-04 -9.893079999999999652e-01 -1.458359999999999934e-01 1.562000000000000020e-03
1.800000000000000000e+01 2.000000000000000000e+00 1.900000000000000000e+01 0.000000000000000000e+00 1.600000000000000089e+00 2.286999999999999970e-03 -3.569999999999999823e-03 -9.999909999999999632e-01 1.546269999999999867e-01 -9.879649999999999821e-01 3.880999999999999901e-03 -9.879700000000000149e-01 -1.546349999999999947e-01 -1.706999999999999967e-03
2.200000000000000000e+01 2.000000000000000000e+00 1.900000000000000000e+01 0.000000000000000000e+00 1.600000000000000089e+00 2.972999999999999948e-03 -1.207899999999999946e-02 -9.999230000000000063e-01 1.606539999999999913e-01 -9.869329999999999492e-01 1.239900000000000030e-02 -9.870060000000000500e-01 -1.606779999999999875e-01 -9.929999999999999591e-04
2.500000000000000000e+01 2.000000000000000000e+00 1.900000000000000000e+01 0.000000000000000000e+00 1.600000000000000089e+00 3.387999999999999953e-03 -5.866999999999999819e-03 -9.999770000000000048e-01 1.638030000000000042e-01 -9.864730000000000443e-01 6.342999999999999680e-03 -9.864870000000000028e-01 -1.638209999999999944e-01 -2.382000000000000003e-03
3.000000000000000000e+01 2.000000000000000000e+00 1.900000000000000000e+01 0.000000000000000000e+00 1.600000000000000089e+00 2.876999999999999783e-03 4.970000000000000459e-04 -9.999959999999999960e-01 1.663810000000000011e-01 -9.860619999999999941e-01 -1.099999999999999971e-05 -9.860569999999999613e-01 -1.663800000000000001e-01 -2.919999999999999853e-03
2.500000000000000000e+01 4.000000000000000000e+00 2.000000000000000000e+01 0.000000000000000000e+00 1.600000000000000089e+00 4.806999999999999641e-03 -6.030999999999999903e-03 -9.999700000000000255e-01 2.559159999999999768e-01 -9.666730000000000045e-01 7.060999999999999568e-03 -9.666869999999999630e-01 -2.559420000000000028e-01 -3.103999999999999988e-03
6.000000000000000000e+00 1.300000000000000000e+01 2.000000000000000000e+01 0.000000000000000000e+00 1.600000000000000089e+00 5.320000000000000293e-04 -1.239000000000000084e-03 9.999989999999999712e-01 2.516900000000000248e-01 9.678069999999999729e-01 1.064999999999999974e-03 -9.678080000000000016e-01 2.516889999999999961e-01 8.270000000000000441e-04
1.200000000000000000e+01 1.300000000000000000e+01 2.000000000000000000e+01 0.000000000000000000e+00 1.600000000000000089e+00 1.142999999999999919e-03 5.124000000000000082e-03 9.999860000000000415e-01 2.531180000000000097e-01 9.674209999999999754e-01 -5.245999999999999795e-03 -9.674350000000000449e-01 2.531209999999999849e-01 -1.910000000000000077e-04
1.800000000000000000e+01 1.300000000000000000e+01 2.000000000000000000e+01 0.000000000000000000e+00 1.600000000000000089e+00 2.699999999999999899e-05 3.602000000000000167e-03 9.999940000000000495e-01 2.521510000000000140e-01 9.676820000000000421e-01 -3.493000000000000011e-03 -9.676879999999999926e-01 2.521490000000000120e-01 -8.819999999999999715e-04
2.500000000000000000e+01 1.300000000000000000e+01 2.000000000000000000e+01 0.000000000000000000e+00 1.600000000000000089e+00 -8.109999999999999805e-04 7.820000000000000345e-04 9.999989999999999712e-01 2.555629999999999846e-01 9.667919999999999847e-01 -5.490000000000000088e-04 -9.667919999999999847e-01 2.555629999999999846e-01 -9.840000000000000656e-04
2.800000000000000000e+01 1.300000000000000000e+01 2.000000000000000000e+01 0.000000000000000000e+00 1.600000000000000089e+00 -9.110000000000000259e-04 -1.688999999999999963e-03 9.999980000000000535e-01 2.561069999999999736e-01 9.666470000000000340e-01 1.866000000000000037e-03 -9.666479999999999517e-01 2.561080000000000023e-01 -4.479999999999999933e-04
3.000000000000000000e+00 1.600000000000000000e+01 2.100000000000000000e+01 0.000000000000000000e+00 1.600000000000000089e+00 1.979999999999999881e-04 -6.614000000000000087e-03 9.999780000000000335e-01 2.996909999999999852e-01 9.540159999999999751e-01 6.250000000000000347e-03 -9.540359999999999951e-01 2.996829999999999772e-01 2.171000000000000187e-03
1.800000000000000000e+01 1.600000000000000000e+01 2.100000000000000000e+01 0.000000000000000000e+00 1.600000000000000089e+00 -5.789999999999999791e-04 -1.126999999999999964e-03 9.999989999999999712e-01 2.979430000000000134e-01 9.545829999999999593e-01 1.247999999999999977e-03 -9.545829999999999593e-01 2.979439999999999866e-01 -2.169999999999999891e-04
7.000000000000000000e+00 4.600000000000000000e+01 2.700000000000000000e+01 0.000000000000000000e+00 1.600000000000000089e+00 1.827999999999999981e-03 4.970000000000000459e-04 -9.999980000000000535e-01 6.654309999999999947e-01 7.464579999999999549e-01 1.587000000000000086e-03 7.464570000000000372e-01 -6.654330000000000522e-01 1.033000000000000064e-03
1.400000000000000000e+01 4.600000000000000000e+01 2.700000000000000000e+01 0.000000000000000000e+00 1.600000000000000089e+00 1.226000000000000093e-03 2.150000000000000001e-03 -9.999970000000000248e-01 6.776269999999999794e-01 7.354020000000000001e-01 2.412000000000000081e-03 7.354039999999999466e-01 -6.776280000000000081e-01 -5.559999999999999621e-04
1.800000000000000000e+01 4.600000000000000000e+01 2.700000000000000000e+01 0.000000000000000000e+00 1.600000000000000089e+00 1.905000000000000009e-03 1.309000000000000051e-03 -9.999970000000000248e-01 6.852190000000000225e-01 7.283340000000000369e-01 2.259000000000000157e-03 7.283349999999999547e-01 -6.852209999999999690e-01 4.899999999999999842e-04
2.100000000000000000e+01 4.600000000000000000e+01 2.700000000000000000e+01 0.000000000000000000e+00 1.600000000000000089e+00 1.763000000000000027e-03 3.119999999999999944e-04 -9.999980000000000535e-01 6.846179999999999488e-01 7.289010000000000211e-01 1.435000000000000078e-03 7.288999999999999924e-01 -6.846189999999999776e-01 1.072000000000000036e-03
9.000000000000000000e+00 4.600000000000000000e+01 3.000000000000000000e+01 0.000000000000000000e+00 1.600000000000000089e+00 8.040000000000000271e-04 1.200000000000000030e-04 -1.000000000000000000e+00 3.241049999999999764e-01 9.460210000000000008e-01 3.739999999999999835e-04 9.460210000000000008e-01 -3.241049999999999764e-01 7.209999999999999612e-04
1.300000000000000000e+01 4.600000000000000000e+01 3.000000000000000000e+01 0.000000000000000000e+00 1.600000000000000089e+00 -6.030000000000000204e-04 6.589999999999999721e-04 -1.000000000000000000e+00 3.314810000000000256e-01 9.434620000000000228e-01 4.220000000000000118e-04 9.434620000000000228e-01 -3.314810000000000256e-01 -7.870000000000000476e-04
2.000000000000000000e+01 4.600000000000000000e+01 3.000000000000000000e+01 0.000000000000000000e+00 1.600000000000000089e+00 1.735999999999999913e-03 1.572999999999999962e-03 -9.999970000000000248e-01 3.372680000000000122e-01 9.414059999999999651e-01 2.066000000000000128e-03 9.414069999999999938e-01 -3.372709999999999875e-01 1.103999999999999947e-03
2.400000000000000000e+01 4.600000000000000000e+01 3.000000000000000000e+01 0.000000000000000000e+00 1.600000000000000089e+00 -4.979999999999999618e-04 -1.200000000000000030e-05 -1.000000000000000000e+00 3.347840000000000260e-01 9.422949999999999937e-01 -1.779999999999999898e-04 9.422949999999999937e-01 -3.347840000000000260e-01 -4.650000000000000270e-04
2.000000000000000000e+00 5.800000000000000000e+01 3.100000000000000000e+01 0.000000000000000000e+00 1.600000000000000089e+00 -6.540999999999999939e-03 -3.946999999999999988e-03 9.999710000000000543e-01 -7.675359999999999960e-01 -6.409610000000000030e-01 -7.550000000000000287e-03 6.409719999999999862e-01 -7.675629999999999953e-01 1.162999999999999971e-03
6.000000000000000000e+00 5.800000000000000000e+01 3.100000000000000000e+01 0.000000000000000000e+00 1.600000000000000089e+00 -4.590000000000000330e-03 -5.459000000000000311e-03 9.999749999999999472e-01 -7.704250000000000265e-01 -6.374929999999999763e-01 -7.016999999999999800e-03 6.375150000000000539e-01 -7.704370000000000385e-01 -1.280000000000000105e-03
9.000000000000000000e+00 5.800000000000000000e+01 3.100000000000000000e+01 0.000000000000000000e+00 1.600000000000000089e+00 -2.226999999999999813e-03 -5.092000000000000172e-03 9.999850000000000128e-01 -7.726950000000000207e-01 -6.347580000000000444e-01 -4.954000000000000070e-03 6.347730000000000317e-01 -7.726939999999999920e-01 -2.520999999999999804e-03
1.700000000000000000e+01 5.800000000000000000e+01 3.100000000000000000e+01 0.000000000000000000e+00 1.600000000000000089e+00 -2.467000000000000009e-03 -5.320000000000000293e-04 9.999970000000000248e-01 -7.780679999999999819e-01 -6.281759999999999566e-01 -2.252999999999999794e-03 6.281750000000000389e-01 -7.780709999999999571e-01 1.136000000000000074e-03
2.300000000000000000e+01 5.800000000000000000e+01 3.100000000000000000e+01 0.000000000000000000e+00 1.600000000000000089e+00 -9.759999999999999796e-04 1.698000000000000074e-03 9.999980000000000535e-01 -7.848760000000000181e-01 -6.196530000000000094e-01 2.860000000000000129e-04 6.196519999999999806e-01 -7.848739999999999606e-01 1.936999999999999920e-03
2.000000000000000000e+00 6.000000000000000000e+00 3.200000000000000000e+01 0.000000000000000000e+00 1.600000000000000089e+00 2.599999999999999881e-03 5.200999999999999894e-03 -9.999829999999999552e-01 2.222959999999999936e-01 9.749630000000000241e-01 5.649000000000000375e-03 9.749759999999999538e-01 -2.223070000000000046e-01 1.379000000000000017e-03
1.200000000000000000e+01 6.000000000000000000e+00 3.200000000000000000e+01 0.000000000000000000e+00 1.600000000000000089e+00 -3.150000000000000131e-04 3.911999999999999679e-03 -9.999919999999999920e-01 1.996729999999999894e-01 9.798550000000000315e-01 3.771000000000000046e-03 9.798630000000000395e-01 -1.996699999999999864e-01 -1.090000000000000040e-03
4.000000000000000000e+00 4.600000000000000000e+01 3.500000000000000000e+01 0.000000000000000000e+00 1.600000000000000089e+00 -9.200000000000000278e-04 1.492000000000000054e-03 -9.999980000000000535e-01 3.846240000000000214e-01 -9.230720000000000036e-01 -1.732000000000000033e-03 -9.230730000000000324e-01 -3.846249999999999947e-01 2.759999999999999867e-04
7.000000000000000000e+00 4.600000000000000000e+01 3.500000000000000000e+01 0.000000000000000000e+00 1.600000000000000089e+00 6.080000000000000335e-04 -2.113999999999999994e-03 -9.999980000000000535e-01 3.869270000000000209e-01 -9.221080000000000387e-01 2.184999999999999876e-03 -9.221099999999999852e-01 -3.869279999999999942e-01 2.570000000000000127e-04
1.400000000000000000e+01 4.600000000000000000e+01 3.500000000000000000e+01 0.000000000000000000e+00 1.600000000000000089e+00 -1.810000000000000085e-04 5.141999999999999869e-03 -9.999869999999999592e-01 3.875549999999999828e-01 -9.218340000000000423e-01 -4.810000000000000039e-03 -9.218469999999999720e-01 -3.875509999999999788e-01 -1.825999999999999932e-03
1.900000000000000000e+01 4.600000000000000000e+01 3.500000000000000000e+01 0.000000000000000000e+00 1.600000000000000089e+00 -6.790000000000000245e-04 -6.220000000000000485e-04 -1.000000000000000000e+00 3.876749999999999918e-01 -9.217959999999999487e-01 3.099999999999999999e-04 -9.217959999999999487e-01 -3.876749999999999918e-01 8.670000000000000406e-04
2.400000000000000000e+01 4.600000000000000000e+01 3.500000000000000000e+01 0.000000000000000000e+00 1.600000000000000089e+00 1.019999999999999992e-04 -8.200000000000000095e-05 -1.000000000000000000e+00 3.877659999999999996e-01 -9.217579999999999663e-01 1.150000000000000035e-04 -9.217579999999999663e-01 -3.877659999999999996e-01 -6.299999999999999990e-05
2.900000000000000000e+01 4.600000000000000000e+01 3.500000000000000000e+01 0.000000000000000000e+00 1.600000000000000089e+00 4.650000000000000270e-04 3.991999999999999889e-03 -9.999919999999999920e-01 3.865509999999999780e-01 -9.222609999999999975e-01 -3.501999999999999905e-03 -9.222679999999999767e-01 -3.865460000000000007e-01 -1.971999999999999795e-03
4.000000000000000000e+00 9.500000000000000000e+01 3.600000000000000000e+01 0.000000000000000000e+00 1.600000000000000089e+00 -1.304000000000000038e-03 -9.920999999999999264e-03 9.999500000000000055e-01 9.961219999999999519e-01 8.795600000000000640e-02 2.171000000000000187e-03 -8.797299999999999565e-02 9.960750000000000437e-01 9.768000000000000640e-03
1.100000000000000000e+01 9.500000000000000000e+01 3.600000000000000000e+01 0.000000000000000000e+00 1.600000000000000089e+00 6.206999999999999844e-03 1.001600000000000060e-02 9.999310000000000143e-01 9.965509999999999646e-01 8.268100000000000449e-02 -7.015000000000000402e-03 -8.274600000000000011e-02 9.965260000000000229e-01 -9.468000000000000721e-03
1.400000000000000000e+01 9.500000000000000000e+01 3.600000000000000000e+01 0.000000000000000000e+00 1.600000000000000089e+00 3.556999999999999832e-03 2.776999999999999955e-03 9.999900000000000455e-01 9.961170000000000302e-01 8.795699999999999352e-02 -3.787000000000000002e-03 -8.796700000000000352e-02 9.961200000000000054e-01 -2.452999999999999885e-03
1.900000000000000000e+01 9.500000000000000000e+01 3.600000000000000000e+01 0.000000000000000000e+00 1.600000000000000089e+00 -2.491999999999999858e-03 -4.974000000000000123e-03 9.999850000000000128e-01 9.960550000000000237e-01 8.869199999999999307e-02 2.922999999999999817e-03 -8.870500000000000607e-02 9.960470000000000157e-01 4.734000000000000360e-03
2.700000000000000000e+01 9.500000000000000000e+01 3.600000000000000000e+01 0.000000000000000000e+00 1.600000000000000089e+00 2.290000000000000098e-04 7.503000000000000121e-03 9.999719999999999720e-01 9.963689999999999491e-01 8.513900000000000634e-02 -8.670000000000000406e-04 -8.514299999999999646e-02 9.963410000000000322e-01 -7.457000000000000087e-03
6.000000000000000000e+00 3.000000000000000000e+00 4.300000000000000000e+01 0.000000000000000000e+00 1.600000000000000089e+00 2.359999999999999902e-04 1.171099999999999919e-02 -9.999310000000000143e-01 7.373889999999999612e-01 -6.754250000000000531e-01 -7.735999999999999821e-03 -6.754689999999999861e-01 -7.373359999999999914e-01 -8.795000000000000734e-03
1.300000000000000000e+01 3.000000000000000000e+00 4.300000000000000000e+01 0.000000000000000000e+00 1.600000000000000089e+00 3.880999999999999901e-03 1.363999999999999935e-02 -9.998989999999999823e-01 7.298350000000000115e-01 -6.835919999999999774e-01 -6.492999999999999640e-03 -6.836119999999999974e-01 -7.297360000000000513e-01 -1.260799999999999942e-02
1.600000000000000000e+01 3.000000000000000000e+00 4.300000000000000000e+01 0.000000000000000000e+00 1.600000000000000089e+00 -1.858000000000000059e-03 -7.440000000000000432e-03 -9.999710000000000543e-01 7.302939999999999987e-01 -6.831230000000000357e-01 3.726000000000000145e-03 -6.831300000000000150e-01 -7.302659999999999707e-01 6.702999999999999757e-03
2.900000000000000000e+01 3.000000000000000000e+00 4.300000000000000000e+01 0.000000000000000000e+00 1.600000000000000089e+00 6.872999999999999769e-03 2.065399999999999875e-02 -9.997629999999999573e-01 7.341609999999999525e-01 -6.789159999999999640e-01 -8.978999999999999135e-03 -6.789410000000000167e-01 -7.339250000000000496e-01 -1.982899999999999940e-02
6.000000000000000000e+00 8.000000000000000000e+00 4.400000000000000000e+01 0.000000000000000000e+00 1.600000000000000089e+00 8.660000000000000163e-04 5.088999999999999774e-03 9.999869999999999592e-01 -7.679310000000000302e-01 -6.405199999999999783e-01 3.924999999999999670e-03 6.405319999999999903e-01 -7.679240000000000510e-01 3.354000000000000210e-03
1.800000000000000000e+01 8.000000000000000000e+00 4.400000000000000000e+01 0.000000000000000000e+00 1.600000000000000089e+00 2.488000000000000194e-03 -2.790000000000000054e-04 9.999970000000000248e-01 -7.779730000000000256e-01 -6.282950000000000479e-01 1.760000000000000063e-03 6.282929999999999904e-01 -7.779749999999999721e-01 -1.779999999999999898e-03
5.000000000000000000e+00 2.900000000000000000e+01 4.400000000000000000e+01 0.000000000000000000e+00 1.600000000000000089e+00 1.150000000000000035e-04 -4.379000000000000080e-03 -9.999900000000000455e-01 6.588370000000000060e-01 7.522790000000000310e-01 -3.219000000000000073e-03 7.522860000000000102e-01 -6.588300000000000267e-01 2.971999999999999816e-03
1.500000000000000000e+01 2.900000000000000000e+01 4.400000000000000000e+01 0.000000000000000000e+00 1.600000000000000089e+00 3.861999999999999982e-03 3.572000000000000088e-03 -9.999860000000000415e-01 6.714409999999999545e-01 7.410390000000000033e-01 5.239999999999999866e-03 7.410480000000000400e-01 -6.714520000000000488e-01 4.629999999999999784e-04
2.100000000000000000e+01 2.900000000000000000e+01 4.400000000000000000e+01 0.000000000000000000e+00 1.600000000000000089e+00 8.099999999999999561e-04 5.394000000000000357e-03 -9.999850000000000128e-01 6.758950000000000236e-01 7.369839999999999725e-01 4.523000000000000111e-03 7.369970000000000132e-01 -6.758889999999999620e-01 -3.049000000000000061e-03
2.700000000000000000e+01 2.900000000000000000e+01 4.400000000000000000e+01 0.000000000000000000e+00 1.600000000000000089e+00 -2.384999999999999967e-03 -4.699999999999999724e-05 -9.999970000000000248e-01 6.801279999999999548e-01 7.330910000000000482e-01 -1.655999999999999920e-03 7.330889999999999906e-01 -6.801300000000000123e-01 -1.716000000000000077e-03
1.800000000000000000e+01 6.500000000000000000e+01 4.600000000000000000e+01 0.000000000000000000e+00 1.600000000000000089e+00 -2.407999999999999984e-03 1.788000000000000093e-03 9.999959999999999960e-01 6.843069999999999986e-01 -7.291879999999999473e-01 2.952000000000000197e-03 7.291900000000000048e-01 6.843110000000000026e-01 5.320000000000000293e-04
9.000000000000000000e+00 5.000000000000000000e+00 5.100000000000000000e+01 0.000000000000000000e+00 1.600000000000000089e+00 4.040000000000000080e-04 6.955000000000000245e-03 -9.999759999999999760e-01 4.735369999999999857e-01 -8.807540000000000369e-01 -5.934000000000000039e-03 -8.807739999999999458e-01 -4.735230000000000272e-01 -3.648999999999999900e-03
1.900000000000000000e+01 5.000000000000000000e+00 5.100000000000000000e+01 0.000000000000000000e+00 1.600000000000000089e+00 -2.171999999999999886e-03 8.838999999999999635e-03 -9.999590000000000423e-01 4.771730000000000138e-01 -8.787650000000000183e-01 -8.803999999999999326e-03 -8.788059999999999761e-01 -4.771730000000000138e-01 -2.308999999999999855e-03
2.900000000000000000e+01 5.000000000000000000e+00 5.100000000000000000e+01 0.000000000000000000e+00 1.600000000000000089e+00 4.852000000000000410e-03 4.579999999999999870e-03 -9.999780000000000335e-01 4.884729999999999905e-01 -8.725770000000000470e-01 -1.626999999999999974e-03 -8.725650000000000350e-01 -4.884539999999999993e-01 -6.471000000000000189e-03
4.000000000000000000e+00 6.300000000000000000e+01 5.400000000000000000e+01 0.000000000000000000e+00 1.600000000000000089e+00 -1.467999999999999904e-03 -1.758999999999999930e-03 9.999970000000000248e-01 -3.539379999999999749e-01 9.352679999999999882e-01 1.124999999999999915e-03 -9.352679999999999882e-01 -3.539359999999999729e-01 -1.995999999999999944e-03
9.000000000000000000e+00 6.300000000000000000e+01 5.400000000000000000e+01 0.000000000000000000e+00 1.600000000000000089e+00 -2.820000000000000241e-04 5.700000000000000314e-05 1.000000000000000000e+00 -3.524269999999999903e-01 9.358389999999999764e-01 -1.530000000000000056e-04 -9.358389999999999764e-01 -3.524269999999999903e-01 -2.439999999999999949e-04
1.300000000000000000e+01 6.300000000000000000e+01 5.400000000000000000e+01 0.000000000000000000e+00 1.600000000000000089e+00 -7.010000000000000172e-04 1.026000000000000002e-03 9.999989999999999712e-01 -3.516589999999999994e-01 9.361270000000000424e-01 -1.206999999999999957e-03 -9.361279999999999601e-01 -3.516599999999999726e-01 -2.950000000000000148e-04
1.800000000000000000e+01 6.300000000000000000e+01 5.400000000000000000e+01 0.000000000000000000e+00 1.600000000000000089e+00 2.359999999999999902e-04 -1.567999999999999949e-03 9.999989999999999712e-01 -3.490800000000000014e-01 9.370920000000000361e-01 1.551999999999999994e-03 -9.370929999999999538e-01 -3.490800000000000014e-01 -3.260000000000000094e-04
2.400000000000000000e+01 6.300000000000000000e+01 5.400000000000000000e+01 0.000000000000000000e+00 1.600000000000000089e+00 1.240000000000000000e-03 -1.402000000000000034e-03 9.999980000000000535e-01 -3.437129999999999908e-01 9.390730000000000466e-01 1.742000000000000059e-03 -9.390739999999999643e-01 -3.437149999999999928e-01 6.830000000000000134e-04
2.800000000000000000e+01 6.300000000000000000e+01 5.400000000000000000e+01 0.000000000000000000e+00 1.600000000000000089e+00 -4.134999999999999787e-03 -2.380000000000000117e-04 9.999909999999999632e-01 -3.466239999999999877e-01 9.380030000000000312e-01 -1.209999999999999921e-03 -9.379950000000000232e-01 -3.466259999999999897e-01 -3.961000000000000111e-03
7.000000000000000000e+00 2.500000000000000000e+01 5.500000000000000000e+01 0.000000000000000000e+00 1.600000000000000089e+00 -3.649999999999999816e-04 -4.098000000000000080e-03 -9.999919999999999920e-01 -1.110900000000000082e-02 -9.999299999999999855e-01 4.100999999999999611e-03 -9.999379999999999935e-01 1.111000000000000008e-02 3.200000000000000262e-04
1.100000000000000000e+01 2.500000000000000000e+01 5.500000000000000000e+01 0.000000000000000000e+00 1.600000000000000089e+00 -4.000000000000000192e-04 3.784000000000000037e-03 -9.999930000000000208e-01 -1.198100000000000033e-02 -9.999209999999999487e-01 -3.778999999999999807e-03 -9.999280000000000390e-01 1.197900000000000006e-02 4.449999999999999746e-04
1.400000000000000000e+01 2.500000000000000000e+01 5.500000000000000000e+01 0.000000000000000000e+00 1.600000000000000089e+00 -3.759999999999999779e-04 3.246999999999999886e-03 -9.999949999999999672e-01 -1.213499999999999995e-02 -9.999209999999999487e-01 -3.242000000000000090e-03 -9.999259999999999815e-01 1.213400000000000069e-02 4.150000000000000043e-04
2.000000000000000000e+01 2.500000000000000000e+01 5.500000000000000000e+01 0.000000000000000000e+00 1.600000000000000089e+00 1.415000000000000025e-03 -4.100000000000000047e-05 -9.999989999999999712e-01 -1.081499999999999996e-02 -9.999419999999999975e-01 2.500000000000000120e-05 -9.999409999999999688e-01 1.081499999999999996e-02 -1.415000000000000025e-03
2.700000000000000000e+01 2.500000000000000000e+01 5.500000000000000000e+01 0.000000000000000000e+00 1.600000000000000089e+00 -2.000000000000000164e-05 -4.789999999999999879e-04 -1.000000000000000000e+00 -9.929000000000000326e-03 -9.999510000000000343e-01 4.789999999999999879e-04 -9.999510000000000343e-01 9.929000000000000326e-03 1.500000000000000038e-05
2.100000000000000000e+01 5.800000000000000000e+01 5.900000000000000000e+01 0.000000000000000000e+00 1.600000000000000089e+00 1.008999999999999914e-03 5.000000000000000104e-04 -9.999989999999999712e-01 3.878469999999999973e-01 9.217229999999999590e-01 8.520000000000000013e-04 9.217229999999999590e-01 -3.878480000000000261e-01 7.370000000000000249e-04
1.700000000000000000e+01 7.000000000000000000e+00 6.000000000000000000e+01 0.000000000000000000e+00 1.600000000000000089e+00 -3.870999999999999875e-03 3.442000000000000181e-03 9.999869999999999592e-01 5.659560000000000146e-01 -8.244200000000000417e-01 5.028999999999999616e-03 8.244270000000000209e-01 5.659680000000000266e-01 1.242999999999999964e-03
1.600000000000000000e+01 2.100000000000000000e+01 6.000000000000000000e+01 0.000000000000000000e+00 1.600000000000000089e+00 -1.918000000000000000e-03 -1.477700000000000020e-02 9.998890000000000278e-01 -9.442300000000000693e-02 9.954260000000000330e-01 1.452900000000000025e-02 -9.955300000000000260e-01 -9.438499999999999668e-02 -3.304000000000000079e-03
2.200000000000000000e+01 2.100000000000000000e+01 6.000000000000000000e+01 0.000000000000000000e+00 1.600000000000000089e+00 4.279999999999999950e-04 6.474999999999999853e-03 9.999789999999999512e-01 -9.513900000000000134e-02 9.954429999999999668e-01 -6.405000000000000103e-03 -9.954640000000000155e-01 -9.513399999999999634e-02 1.041999999999999958e-03
2.700000000000000000e+01 2.100000000000000000e+01 6.000000000000000000e+01 0.000000000000000000e+00 1.600000000000000089e+00 5.220000000000000031e-04 -2.367999999999999879e-03 9.999970000000000248e-01 -9.660799999999999943e-02 9.953199999999999825e-01 2.406999999999999851e-03 -9.953220000000000400e-01 -9.660900000000000043e-02 2.910000000000000260e-04
5.000000000000000000e+00 4.000000000000000000e+00 6.200000000000000000e+01 0.000000000000000000e+00 1.600000000000000089e+00 -9.500000000000000523e-05 9.154000000000000678e-03 9.999580000000000135e-01 -6.165720000000000089e-01 7.872649999999999926e-01 -7.264999999999999757e-03 -7.872980000000000533e-01 -6.165469999999999562e-01 5.569000000000000165e-03
6.000000000000000000e+00 2.700000000000000000e+01 6.300000000000000000e+01 0.000000000000000000e+00 1.600000000000000089e+00 1.699999999999999905e-03 -8.182999999999999302e-03 9.999649999999999928e-01 -2.766399999999999970e-01 9.609379999999999589e-01 8.333999999999999395e-03 -9.609720000000000484e-01 -2.766440000000000010e-01 -6.300000000000000261e-04
1.100000000000000000e+01 2.700000000000000000e+01 6.300000000000000000e+01 0.000000000000000000e+00 1.600000000000000089e+00 -1.090000000000000067e-04 1.987000000000000051e-03 9.999980000000000535e-01 -2.748570000000000180e-01 9.614829999999999766e-01 -1.940000000000000101e-03 -9.614850000000000341e-01 -2.748570000000000180e-01 4.409999999999999858e-04
1.700000000000000000e+01 2.700000000000000000e+01 6.300000000000000000e+01 0.000000000000000000e+00 1.600000000000000089e+00 -1.273000000000000043e-03 -8.238000000000000531e-03 9.999649999999999928e-01 -2.717849999999999988e-01 9.623279999999999612e-01 7.582000000000000198e-03 -9.623570000000000180e-01 -2.717660000000000076e-01 -3.464000000000000065e-03
2.100000000000000000e+01 2.700000000000000000e+01 6.300000000000000000e+01 0.000000000000000000e+00 1.600000000000000089e+00 4.500000000000000283e-05 -8.184000000000000302e-03 9.999670000000000503e-01 -2.711939999999999906e-01 9.624920000000000142e-01 7.889000000000000179e-03 -9.625249999999999639e-01 -2.711859999999999826e-01 -2.175999999999999983e-03
2.500000000000000000e+01 2.700000000000000000e+01 6.300000000000000000e+01 0.000000000000000000e+00 1.600000000000000089e+00 -1.288999999999999998e-03 -3.370000000000000166e-03 9.999930000000000208e-01 -2.733030000000000181e-01 9.619240000000000013e-01 2.889000000000000075e-03 -9.619269999999999765e-01 -2.732970000000000121e-01 -2.161000000000000160e-03
5.000000000000000000e+00 2.600000000000000000e+01 6.400000000000000000e+01 0.000000000000000000e+00 1.600000000000000089e+00 3.422000000000000128e-03 -1.031299999999999925e-02 9.999409999999999688e-01 -3.439720000000000000e-01 9.389170000000000016e-01 1.086100000000000086e-02 -9.389739999999999753e-01 -3.439889999999999892e-01 -3.350000000000000113e-04
1.200000000000000000e+01 2.600000000000000000e+01 6.400000000000000000e+01 0.000000000000000000e+00 1.600000000000000089e+00 -1.405999999999999915e-03 1.056999999999999997e-03 9.999980000000000535e-01 -3.447680000000000189e-01 9.386870000000000491e-01 -1.477000000000000014e-03 -9.386870000000000491e-01 -3.447700000000000209e-01 -9.550000000000000112e-04
2.100000000000000000e+01 2.600000000000000000e+01 6.400000000000000000e+01 0.000000000000000000e+00 1.600000000000000089e+00 1.088999999999999907e-03 -1.251500000000000008e-02 9.999209999999999487e-01 -3.499459999999999793e-01 9.366919999999999691e-01 1.210499999999999944e-02 -9.367689999999999628e-01 -3.499320000000000208e-01 -3.360000000000000139e-03
2.500000000000000000e+01 2.600000000000000000e+01 6.400000000000000000e+01 0.000000000000000000e+00 1.600000000000000089e+00 -1.499999999999999869e-04 -6.402999999999999838e-03 9.999789999999999512e-01 -3.542359999999999953e-01 9.351369999999999960e-01 5.935000000000000171e-03 -9.351559999999999873e-01 -3.542279999999999873e-01 -2.409000000000000117e-03
