5.000000000000000000e+00 1.500000000000000000e+01 4.000000000000000000e+00 0.000000000000000000e+00 1.600000000000000089e+00 -2.619999999999999933e-03 2.763900000000000037e-02 9.996150000000000313e-01 3.248150000000000204e-01 -9.453920000000000101e-01 2.699199999999999863e-02 9.457740000000000036e-01 3.247599999999999931e-01 -6.499999999999999702e-03
2.700000000000000000e+01 1.500000000000000000e+01 4.000000000000000000e+00 0.000000000000000000e+00 1.600000000000000089e+00 -1.613999999999999983e-03 2.697300000000000045e-02 9.996350000000000513e-01 3.845199999999999729e-01 -9.227640000000000287e-01 2.552000000000000102e-02 9.231150000000000189e-01 3.844210000000000127e-01 -8.881999999999999271e-03
9.000000000000000000e+00 1.300000000000000000e+01 5.000000000000000000e+00 0.000000000000000000e+00 1.600000000000000089e+00 -6.287000000000000054e-03 6.377199999999999536e-02 9.979449999999999710e-01 3.310119999999999729e-01 -9.415710000000000468e-01 6.225499999999999784e-02 9.436059999999999448e-01 3.307229999999999892e-01 -1.519000000000000038e-02
1.500000000000000000e+01 1.000000000000000000e+00 6.000000000000000000e+00 0.000000000000000000e+00 1.600000000000000089e+00 -1.780800000000000091e-02 1.145369999999999999e-01 -9.932590000000000030e-01 -1.817749999999999921e-01 -9.772319999999999895e-01 -1.094289999999999985e-01 -9.831790000000000251e-01 1.786010000000000097e-01 3.822199999999999903e-02
4.000000000000000000e+00 1.010000000000000000e+02 7.000000000000000000e+00 0.000000000000000000e+00 1.600000000000000089e+00 -3.680000000000000003e-04 -1.657999999999999969e-03 9.999989999999999712e-01 8.876180000000000181e-01 4.605779999999999874e-01 1.090000000000000040e-03 -4.605790000000000162e-01 8.876180000000000181e-01 1.302999999999999905e-03
1.100000000000000000e+01 1.010000000000000000e+02 7.000000000000000000e+00 0.000000000000000000e+00 1.600000000000000089e+00 2.020000000000000040e-04 1.673499999999999988e-02 9.998599999999999710e-01 8.893760000000000554e-01 4.571089999999999876e-01 -7.830999999999999420e-03 -4.571760000000000268e-01 8.892529999999999601e-01 -1.479100000000000033e-02
2.000000000000000000e+01 1.010000000000000000e+02 7.000000000000000000e+00 0.000000000000000000e+00 1.600000000000000089e+00 -1.154999999999999994e-03 -5.422999999999999869e-03 9.999850000000000128e-01 8.882970000000000033e-01 4.592559999999999976e-01 3.517000000000000161e-03 -4.592680000000000096e-01 8.882870000000000488e-01 4.287000000000000012e-03
2.500000000000000000e+01 1.010000000000000000e+02 7.000000000000000000e+00 0.000000000000000000e+00 1.600000000000000089e+00 -9.200000000000000278e-04 1.233599999999999974e-02 9.999230000000000063e-01 8.859869999999999690e-01 4.636850000000000138e-01 -4.904999999999999638e-03 -4.637100000000000111e-01 8.859139999999999793e-01 -1.135599999999999977e-02
2.800000000000000000e+01 1.500000000000000000e+01 8.000000000000000000e+00 0.000000000000000000e+00 1.600000000000000089e+00 1.378000000000000102e-03 1.464099999999999950e-02 -9.998920000000000030e-01 -6.146989999999999954e-01 -7.886640000000000317e-01 -1.239600000000000077e-02 -7.887600000000000167e-01 6.146500000000000297e-01 7.912999999999999895e-03
2.000000000000000000e+00 2.500000000000000000e+01 8.000000000000000000e+00 0.000000000000000000e+00 1.600000000000000089e+00 -2.178999999999999947e-03 -6.960000000000000041e-03 -9.999730000000000008e-01 4.464770000000000127e-01 8.947659999999999503e-01 -7.200999999999999936e-03 8.947920000000000318e-01 -4.464810000000000167e-01 1.157999999999999958e-03
1.200000000000000000e+01 2.500000000000000000e+01 8.000000000000000000e+00 0.000000000000000000e+00 1.600000000000000089e+00 -1.801000000000000083e-03 -2.393999999999999861e-03 -9.999949999999999672e-01 4.468269999999999742e-01 8.946159999999999668e-01 -2.946999999999999967e-03 8.946190000000000531e-01 -4.468300000000000050e-01 -5.419999999999999471e-04
1.900000000000000000e+01 2.500000000000000000e+01 8.000000000000000000e+00 0.000000000000000000e+00 1.600000000000000089e+00 -3.420000000000000188e-04 2.769000000000000194e-03 -9.999959999999999960e-01 4.468960000000000155e-01 8.945830000000000171e-01 2.324000000000000111e-03 8.945859999999999923e-01 -4.468940000000000135e-01 -1.543000000000000101e-03
2.200000000000000000e+01 2.500000000000000000e+01 8.000000000000000000e+00 0.000000000000000000e+00 1.600000000000000089e+00 -1.257000000000000088e-03 4.670999999999999805e-03 -9.999879999999999880e-01 4.474040000000000239e-01 8.943250000000000366e-01 3.615000000000000158e-03 8.943309999999999871e-01 -4.473940000000000139e-01 -3.213999999999999843e-03
2.700000000000000000e+01 2.500000000000000000e+01 8.000000000000000000e+00 0.000000000000000000e+00 1.600000000000000089e+00 -6.840000000000000377e-04 -5.240000000000000517e-04 -1.000000000000000000e+00 4.485080000000000178e-01 8.937779999999999614e-01 -7.749999999999999728e-04 8.937779999999999614e-01 -4.485089999999999910e-01 -3.759999999999999779e-04
3.000000000000000000e+01 2.500000000000000000e+01 8.000000000000000000e+00 0.000000000000000000e+00 1.600000000000000089e+00 6.369999999999999794e-04 -2.649999999999999903e-04 -1.000000000000000000e+00 4.490640000000000187e-01 8.934999999999999609e-01 4.899999999999999842e-05 8.934999999999999609e-01 -4.490640000000000187e-01 6.890000000000000508e-04
3.000000000000000000e+00 2.400000000000000000e+01 9.000000000000000000e+00 0.000000000000000000e+00 1.600000000000000089e+00 -1.806000000000000097e-03 -8.704999999999999197e-03 -9.999599999999999600e-01 4.513900000000000134e-01 8.922860000000000236e-01 -8.583000000000000351e-03 8.923250000000000348e-01 -4.513869999999999827e-01 2.318000000000000182e-03
7.000000000000000000e+00 2.400000000000000000e+01 9.000000000000000000e+00 0.000000000000000000e+00 1.600000000000000089e+00 -1.789000000000000009e-03 -4.627000000000000036e-03 -9.999879999999999880e-01 4.517800000000000149e-01 8.921160000000000201e-01 -4.937000000000000416e-03 8.921280000000000321e-01 -4.517829999999999901e-01 4.939999999999999730e-04
1.200000000000000000e+01 2.400000000000000000e+01 9.000000000000000000e+00 0.000000000000000000e+00 1.600000000000000089e+00 -9.970000000000000563e-04 -9.990000000000001049e-04 -9.999989999999999712e-01 4.529719999999999858e-01 8.915239999999999831e-01 -1.342000000000000094e-03 8.915239999999999831e-01 -4.529730000000000145e-01 -4.369999999999999970e-04
1.600000000000000000e+01 2.400000000000000000e+01 9.000000000000000000e+00 0.000000000000000000e+00 1.600000000000000089e+00 -5.100000000000000366e-04 -4.765000000000000138e-03 -9.999890000000000168e-01 4.522410000000000041e-01 8.918840000000000101e-01 -4.480999999999999740e-03 8.918949999999999934e-01 -4.522390000000000021e-01 1.699999999999999905e-03
2.200000000000000000e+01 2.400000000000000000e+01 9.000000000000000000e+00 0.000000000000000000e+00 1.600000000000000089e+00 -1.765000000000000076e-03 4.020000000000000136e-03 -9.999900000000000455e-01 4.546540000000000026e-01 8.906640000000000112e-01 2.778000000000000087e-03 8.906659999999999577e-01 -4.546450000000000213e-01 -3.399999999999999811e-03
2.900000000000000000e+01 2.400000000000000000e+01 9.000000000000000000e+00 0.000000000000000000e+00 1.600000000000000089e+00 -2.999999999999999737e-04 -1.722999999999999922e-03 -9.999980000000000535e-01 4.560910000000000242e-01 8.899319999999999453e-01 -1.670000000000000043e-03 8.899329999999999741e-01 -4.560899999999999954e-01 5.190000000000000386e-04
2.100000000000000000e+01 7.000000000000000000e+00 1.000000000000000000e+01 0.000000000000000000e+00 1.600000000000000089e+00 1.077359999999999984e-01 1.002689999999999970e-01 -9.891100000000000447e-01 -9.339300000000000379e-01 -3.308749999999999747e-01 -1.352669999999999983e-01 -3.408349999999999991e-01 9.383320000000000549e-01 5.799699999999999994e-02
4.000000000000000000e+00 3.100000000000000000e+01 1.200000000000000000e+01 0.000000000000000000e+00 1.600000000000000089e+00 -5.500000000000000196e-05 -5.636999999999999650e-03 9.999839999999999840e-01 -3.958999999999999846e-03 9.999759999999999760e-01 5.636999999999999650e-03 -9.999919999999999920e-01 -3.957999999999999713e-03 -7.700000000000000139e-05
3.000000000000000000e+00 3.500000000000000000e+01 1.200000000000000000e+01 0.000000000000000000e+00 1.600000000000000089e+00 -4.780000000000000178e-04 -2.217999999999999920e-03 -9.999970000000000248e-01 5.456459999999999644e-01 -8.380140000000000366e-01 1.596999999999999895e-03 -8.380149999999999544e-01 -5.456440000000000179e-01 1.611000000000000019e-03
9.000000000000000000e+00 3.500000000000000000e+01 1.200000000000000000e+01 0.000000000000000000e+00 1.600000000000000089e+00 1.902000000000000045e-03 -7.386000000000000204e-03 -9.999710000000000543e-01 5.328859999999999708e-01 -8.461560000000000192e-01 7.263000000000000358e-03 -8.461849999999999650e-01 -5.328850000000000531e-01 2.325999999999999943e-03
1.300000000000000000e+01 3.500000000000000000e+01 1.200000000000000000e+01 0.000000000000000000e+00 1.600000000000000089e+00 -9.640000000000000131e-04 -6.466000000000000393e-03 -9.999789999999999512e-01 5.146849999999999481e-01 -8.573650000000000437e-01 5.048000000000000403e-03 -8.573790000000000022e-01 -5.146690000000000431e-01 4.153999999999999707e-03
1.800000000000000000e+01 3.500000000000000000e+01 1.200000000000000000e+01 0.000000000000000000e+00 1.600000000000000089e+00 9.759999999999999796e-04 -4.563000000000000216e-03 -9.999890000000000168e-01 4.942340000000000066e-01 -8.693180000000000351e-01 4.448999999999999830e-03 -8.693279999999999896e-01 -4.942329999999999779e-01 1.407000000000000048e-03
2.400000000000000000e+01 3.500000000000000000e+01 1.200000000000000000e+01 0.000000000000000000e+00 1.600000000000000089e+00 1.172999999999999998e-03 -4.817000000000000101e-03 -9.999879999999999880e-01 4.655599999999999739e-01 -8.850029999999999841e-01 4.808999999999999907e-03 -8.850149999999999961e-01 -4.655599999999999739e-01 1.204999999999999908e-03
2.800000000000000000e+01 3.500000000000000000e+01 1.200000000000000000e+01 0.000000000000000000e+00 1.600000000000000089e+00 2.139999999999999975e-04 -4.362000000000000426e-03 -9.999900000000000455e-01 4.492499999999999827e-01 -8.933969999999999967e-01 3.994000000000000154e-03 -8.934060000000000334e-01 -4.492470000000000074e-01 1.768000000000000040e-03
2.000000000000000000e+01 3.200000000000000000e+01 1.400000000000000000e+01 0.000000000000000000e+00 1.600000000000000089e+00 -3.359999999999999814e-04 -8.869999999999999846e-04 -1.000000000000000000e+00 9.469800000000000439e-02 9.955060000000000020e-01 -9.150000000000000147e-04 9.955060000000000020e-01 -9.469800000000000439e-02 -2.500000000000000052e-04
2.000000000000000000e+00 1.200000000000000000e+01 1.500000000000000000e+01 0.000000000000000000e+00 1.600000000000000089e+00 -2.165999999999999957e-03 1.015899999999999963e-02 -9.999460000000000015e-01 -4.478360000000000118e-01 -8.940789999999999571e-01 -8.113000000000000420e-03 -8.941130000000000466e-01 4.477949999999999986e-01 6.485999999999999578e-03
8.000000000000000000e+00 1.200000000000000000e+01 1.500000000000000000e+01 0.000000000000000000e+00 1.600000000000000089e+00 -6.403999999999999970e-03 5.838999999999999573e-03 -9.999620000000000175e-01 -4.260249999999999870e-01 -9.047079999999999567e-01 -2.553999999999999847e-03 -9.046889999999999654e-01 4.259930000000000105e-01 8.281999999999999432e-03
1.100000000000000000e+01 1.160000000000000000e+02 1.600000000000000000e+01 0.000000000000000000e+00 1.600000000000000089e+00 1.031000000000000015e-03 -5.599999999999999509e-04 9.999989999999999712e-01 7.561670000000000336e-01 6.543790000000000440e-01 -4.130000000000000099e-04 -6.543780000000000152e-01 7.561670000000000336e-01 1.098000000000000018e-03
6.000000000000000000e+00 2.000000000000000000e+00 1.900000000000000000e+01 0.000000000000000000e+00 1.600000000000000089e+00 2.287099999999999897e-02 5.459499999999999770e-02 -9.982469999999999954e-01 3.257220000000000115e-01 -9.444320000000000492e-01 -4.418899999999999911e-02 -9.451889999999999459e-01 -3.241399999999999837e-01 -3.938300000000000134e-02
1.800000000000000000e+01 2.000000000000000000e+00 1.900000000000000000e+01 0.000000000000000000e+00 1.600000000000000089e+00 9.349999999999999587e-04 5.109899999999999859e-02 -9.986930000000000529e-01 3.490170000000000217e-01 -9.359089999999999909e-01 -4.755999999999999811e-02 -9.371159999999999490e-01 -3.485159999999999925e-01 -1.871000000000000094e-02
2.400000000000000000e+01 2.000000000000000000e+00 1.900000000000000000e+01 0.000000000000000000e+00 1.600000000000000089e+00 3.233999999999999896e-03 2.067599999999999993e-02 -9.997810000000000308e-01 3.467060000000000142e-01 -9.377959999999999630e-01 -1.827300000000000105e-02 -9.379680000000000240e-01 -3.465710000000000179e-01 -1.020100000000000000e-02
2.700000000000000000e+01 2.000000000000000000e+00 1.900000000000000000e+01 0.000000000000000000e+00 1.600000000000000089e+00 2.889000000000000075e-03 3.870000000000000176e-03 -9.999879999999999880e-01 3.403610000000000246e-01 -9.402909999999999879e-01 -2.655999999999999941e-03 -9.402899999999999592e-01 -3.403490000000000126e-01 -4.034000000000000259e-03
1.500000000000000000e+01 3.000000000000000000e+00 1.900000000000000000e+01 0.000000000000000000e+00 1.600000000000000089e+00 -4.664999999999999876e-03 3.241499999999999937e-02 -9.994640000000000191e-01 3.321129999999999916e-01 -9.426919999999999744e-01 -3.212399999999999978e-02 -9.432279999999999553e-01 -3.320850000000000191e-01 -6.368000000000000396e-03
2.900000000000000000e+01 3.000000000000000000e+00 1.900000000000000000e+01 0.000000000000000000e+00 1.600000000000000089e+00 3.759999999999999779e-04 4.629999999999999567e-03 -9.999890000000000168e-01 3.125589999999999757e-01 -9.498889999999999834e-01 -4.281000000000000083e-03 -9.498980000000000201e-01 -3.125539999999999985e-01 -1.804999999999999964e-03
4.000000000000000000e+00 4.000000000000000000e+00 2.000000000000000000e+01 0.000000000000000000e+00 1.600000000000000089e+00 2.522399999999999989e-02 1.750499999999999973e-02 -9.995290000000000008e-01 3.655289999999999928e-01 -9.307729999999999615e-01 -7.075999999999999825e-03 -9.304580000000000073e-01 -3.651780000000000026e-01 -2.987599999999999978e-02
7.000000000000000000e+00 4.000000000000000000e+00 2.000000000000000000e+01 0.000000000000000000e+00 1.600000000000000089e+00 2.089900000000000091e-02 1.865699999999999997e-02 -9.996080000000000521e-01 3.586159999999999903e-01 -9.334329999999999572e-01 -9.924000000000000529e-03 -9.332510000000000527e-01 -3.582670000000000021e-01 -2.619799999999999907e-02
1.000000000000000000e+01 4.000000000000000000e+00 2.000000000000000000e+01 0.000000000000000000e+00 1.600000000000000089e+00 5.807999999999999795e-03 1.026099999999999929e-02 -9.999310000000000143e-01 3.574120000000000075e-01 -9.339169999999999972e-01 -7.507999999999999917e-03 -9.339290000000000092e-01 -3.573439999999999950e-01 -9.091000000000000122e-03
1.000000000000000000e+00 1.300000000000000000e+01 2.000000000000000000e+01 0.000000000000000000e+00 1.600000000000000089e+00 -1.920000000000000049e-04 3.501000000000000206e-03 9.999940000000000495e-01 2.617940000000000267e-01 9.651180000000000314e-01 -3.328999999999999928e-03 -9.651239999999999819e-01 2.617909999999999959e-01 -1.101999999999999898e-03
6.000000000000000000e+00 1.300000000000000000e+01 2.000000000000000000e+01 0.000000000000000000e+00 1.600000000000000089e+00 2.849999999999999886e-04 1.312000000000000015e-03 9.999989999999999712e-01 2.611479999999999912e-01 9.652979999999999894e-01 -1.340999999999999961e-03 -9.652990000000000181e-01 2.611479999999999912e-01 -6.700000000000000226e-05
1.100000000000000000e+01 1.300000000000000000e+01 2.000000000000000000e+01 0.000000000000000000e+00 1.600000000000000089e+00 -5.400000000000000069e-04 -2.714999999999999965e-03 9.999959999999999960e-01 2.640159999999999729e-01 9.645139999999999825e-01 2.760999999999999999e-03 -9.645179999999999865e-01 2.640170000000000017e-01 1.959999999999999937e-04
1.700000000000000000e+01 1.300000000000000000e+01 2.000000000000000000e+01 0.000000000000000000e+00 1.600000000000000089e+00 -5.109999999999999525e-04 3.010000000000000089e-03 9.999949999999999672e-01 2.637419999999999765e-01 9.645890000000000297e-01 -2.768000000000000061e-03 -9.645930000000000337e-01 2.637390000000000012e-01 -1.286999999999999950e-03
2.100000000000000000e+01 1.300000000000000000e+01 2.000000000000000000e+01 0.000000000000000000e+00 1.600000000000000089e+00 9.759999999999999796e-04 3.655999999999999962e-03 9.999930000000000208e-01 2.601919999999999789e-01 9.655489999999999906e-01 -3.784000000000000037e-03 -9.655559999999999699e-01 2.601939999999999809e-01 -9.000000000000000228e-06
2.400000000000000000e+01 1.300000000000000000e+01 2.000000000000000000e+01 0.000000000000000000e+00 1.600000000000000089e+00 1.531000000000000026e-03 -9.610000000000000486e-04 9.999980000000000535e-01 2.586439999999999850e-01 9.659720000000000528e-01 5.320000000000000293e-04 -9.659710000000000241e-01 2.586430000000000118e-01 1.727999999999999935e-03
2.800000000000000000e+01 1.300000000000000000e+01 2.000000000000000000e+01 0.000000000000000000e+00 1.600000000000000089e+00 1.669999999999999935e-04 -5.580000000000000107e-04 1.000000000000000000e+00 2.584739999999999815e-01 9.660180000000000433e-01 4.960000000000000216e-04 -9.660180000000000433e-01 2.584739999999999815e-01 3.060000000000000111e-04
1.700000000000000000e+01 1.600000000000000000e+01 2.100000000000000000e+01 0.000000000000000000e+00 1.600000000000000089e+00 -1.116999999999999937e-03 1.856000000000000011e-03 9.999980000000000535e-01 2.998190000000000022e-01 9.539950000000000374e-01 -1.435999999999999993e-03 -9.539950000000000374e-01 2.998170000000000002e-01 -1.621999999999999961e-03
2.500000000000000000e+01 2.000000000000000000e+00 2.500000000000000000e+01 0.000000000000000000e+00 1.600000000000000089e+00 -1.043000000000000090e-03 -1.410000000000000120e-04 1.000000000000000000e+00 7.888100000000000667e-02 -9.968839999999999923e-01 -5.899999999999999754e-05 9.968839999999999923e-01 7.888100000000000667e-02 1.051000000000000068e-03
9.000000000000000000e+00 3.000000000000000000e+00 2.500000000000000000e+01 0.000000000000000000e+00 1.600000000000000089e+00 3.334999999999999857e-03 -3.716999999999999818e-03 9.999879999999999880e-01 -4.912300000000000000e-02 -9.987859999999999516e-01 -3.549000000000000071e-03 9.987869999999999804e-01 -4.911100000000000187e-02 -3.514000000000000196e-03
1.500000000000000000e+01 3.000000000000000000e+00 2.500000000000000000e+01 0.000000000000000000e+00 1.600000000000000089e+00 2.582999999999999793e-03 2.446999999999999956e-03 9.999940000000000495e-01 -4.359199999999999880e-02 -9.990459999999999896e-01 2.557999999999999944e-03 9.990459999999999896e-01 -4.359799999999999787e-02 -2.474000000000000071e-03
2.000000000000000000e+01 3.000000000000000000e+00 2.500000000000000000e+01 0.000000000000000000e+00 1.600000000000000089e+00 -6.769999999999999759e-04 1.503200000000000022e-02 9.998869999999999703e-01 -2.178400000000000128e-02 -9.996500000000000385e-01 1.501399999999999957e-02 9.997620000000000395e-01 -2.177099999999999869e-02 1.003999999999999901e-03
3.000000000000000000e+01 3.000000000000000000e+00 2.500000000000000000e+01 0.000000000000000000e+00 1.600000000000000089e+00 -1.773999999999999969e-03 -9.738999999999999393e-03 9.999510000000000343e-01 -1.713200000000000139e-02 -9.998059999999999725e-01 -9.768000000000000640e-03 9.998519999999999630e-01 -1.714900000000000105e-02 1.606999999999999922e-03
6.000000000000000000e+00 4.600000000000000000e+01 2.700000000000000000e+01 0.000000000000000000e+00 1.600000000000000089e+00 -1.611000000000000019e-03 -1.469999999999999953e-04 -9.999989999999999712e-01 6.694010000000000238e-01 7.429000000000000048e-01 -1.188000000000000037e-03 7.429000000000000048e-01 -6.694020000000000525e-01 -1.098999999999999934e-03
1.300000000000000000e+01 4.600000000000000000e+01 2.700000000000000000e+01 0.000000000000000000e+00 1.600000000000000089e+00 -1.139999999999999954e-03 -1.856999999999999927e-03 -9.999980000000000535e-01 6.645189999999999708e-01 7.472680000000000433e-01 -2.145000000000000205e-03 7.472710000000000186e-01 -6.645199999999999996e-01 3.820000000000000153e-04
1.700000000000000000e+01 4.600000000000000000e+01 2.700000000000000000e+01 0.000000000000000000e+00 1.600000000000000089e+00 -1.248999999999999893e-03 1.417000000000000074e-03 -9.999980000000000535e-01 6.615360000000000129e-01 7.499130000000000518e-01 2.359999999999999902e-04 7.499120000000000230e-01 -6.615349999999999842e-01 -1.874000000000000015e-03
3.000000000000000000e+00 4.600000000000000000e+01 3.000000000000000000e+01 0.000000000000000000e+00 1.600000000000000089e+00 -1.623000000000000094e-03 -1.691000000000000012e-03 -9.999970000000000248e-01 3.228329999999999811e-01 9.464529999999999887e-01 -2.124000000000000020e-03 9.464540000000000175e-01 -3.228360000000000118e-01 -9.899999999999999946e-04
1.600000000000000000e+01 4.600000000000000000e+01 3.000000000000000000e+01 0.000000000000000000e+00 1.600000000000000089e+00 -1.629000000000000023e-03 -1.177000000000000095e-03 -9.999980000000000535e-01 3.255730000000000013e-01 9.455149999999999944e-01 -1.642999999999999929e-03 9.455149999999999944e-01 -3.255750000000000033e-01 -1.157000000000000042e-03
7.000000000000000000e+00 5.800000000000000000e+01 3.100000000000000000e+01 0.000000000000000000e+00 1.600000000000000089e+00 -3.612000000000000193e-03 -1.768000000000000040e-03 9.999919999999999920e-01 -7.718420000000000281e-01 -6.358019999999999783e-01 -3.911999999999999679e-03 6.358040000000000358e-01 -7.718500000000000361e-01 9.319999999999999942e-04
1.100000000000000000e+01 5.800000000000000000e+01 3.100000000000000000e+01 0.000000000000000000e+00 1.600000000000000089e+00 6.089999999999999494e-04 -6.340000000000000149e-04 1.000000000000000000e+00 -7.693929999999999936e-01 -6.387760000000000105e-01 6.299999999999999990e-05 6.387749999999999817e-01 -7.693929999999999936e-01 -8.769999999999999584e-04
1.800000000000000000e+01 5.800000000000000000e+01 3.100000000000000000e+01 0.000000000000000000e+00 1.600000000000000089e+00 -4.290000000000000193e-04 1.655999999999999920e-03 9.999989999999999712e-01 -7.664260000000000517e-01 -6.423320000000000141e-01 7.349999999999999763e-04 6.423320000000000141e-01 -7.664250000000000229e-01 1.544999999999999932e-03
2.200000000000000000e+01 5.800000000000000000e+01 3.100000000000000000e+01 0.000000000000000000e+00 1.600000000000000089e+00 -8.300000000000000086e-04 -5.959999999999999586e-04 9.999989999999999712e-01 -7.621149999999999869e-01 -6.474410000000000442e-01 -1.018999999999999941e-03 6.474410000000000442e-01 -7.621149999999999869e-01 8.299999999999999815e-05
2.800000000000000000e+01 5.800000000000000000e+01 3.100000000000000000e+01 0.000000000000000000e+00 1.600000000000000089e+00 -2.148000000000000170e-03 1.749999999999999982e-04 9.999980000000000535e-01 -7.577430000000000554e-01 -6.525520000000000209e-01 -1.513999999999999938e-03 6.525499999999999634e-01 -7.577439999999999731e-01 1.534999999999999906e-03
3.000000000000000000e+00 4.600000000000000000e+01 3.500000000000000000e+01 0.000000000000000000e+00 1.600000000000000089e+00 3.040000000000000167e-04 -2.249999999999999938e-04 -1.000000000000000000e+00 3.933050000000000157e-01 -9.194080000000000030e-01 3.260000000000000094e-04 -9.194080000000000030e-01 -3.933050000000000157e-01 -1.910000000000000077e-04
6.000000000000000000e+00 4.600000000000000000e+01 3.500000000000000000e+01 0.000000000000000000e+00 1.600000000000000089e+00 7.290000000000000473e-04 -9.000000000000000567e-05 -1.000000000000000000e+00 3.944119999999999848e-01 -9.189340000000000286e-01 3.699999999999999947e-04 -9.189329999999999998e-01 -3.944119999999999848e-01 -6.340000000000000149e-04
1.200000000000000000e+01 4.600000000000000000e+01 3.500000000000000000e+01 0.000000000000000000e+00 1.600000000000000089e+00 4.000000000000000192e-04 -4.789999999999999879e-04 -1.000000000000000000e+00 3.944730000000000181e-01 -9.189070000000000293e-01 5.969999999999999829e-04 -9.189070000000000293e-01 -3.944730000000000181e-01 -1.789999999999999870e-04
1.600000000000000000e+01 4.600000000000000000e+01 3.500000000000000000e+01 0.000000000000000000e+00 1.600000000000000089e+00 -2.400000000000000061e-05 4.814999999999999836e-03 -9.999879999999999880e-01 3.930069999999999952e-01 -9.195250000000000368e-01 -4.436999999999999972e-03 -9.195360000000000200e-01 -3.930020000000000180e-01 -1.871000000000000050e-03
2.500000000000000000e+01 4.600000000000000000e+01 3.500000000000000000e+01 0.000000000000000000e+00 1.600000000000000089e+00 5.469999999999999602e-04 -5.061999999999999660e-03 -9.999869999999999592e-01 3.894039999999999724e-01 -9.210540000000000393e-01 4.874999999999999993e-03 -9.210669999999999691e-01 -3.894009999999999971e-01 1.466999999999999988e-03
5.000000000000000000e+00 3.000000000000000000e+00 4.300000000000000000e+01 0.000000000000000000e+00 1.600000000000000089e+00 1.441000000000000007e-03 5.760999999999999628e-03 -9.999820000000000375e-01 7.358689999999999953e-01 -6.771179999999999977e-01 -2.841000000000000209e-03 -6.771220000000000017e-01 -7.358519999999999506e-01 -5.215000000000000017e-03
1.000000000000000000e+01 3.000000000000000000e+00 4.300000000000000000e+01 0.000000000000000000e+00 1.600000000000000089e+00 2.464000000000000044e-03 3.268999999999999684e-02 -9.994619999999999616e-01 7.350809999999999844e-01 -6.776739999999999986e-01 -2.035299999999999956e-02 -6.779749999999999943e-01 -7.346359999999999557e-01 -2.569899999999999962e-02
1.600000000000000000e+01 3.000000000000000000e+00 4.300000000000000000e+01 0.000000000000000000e+00 1.600000000000000089e+00 2.936999999999999941e-03 6.294000000000000115e-03 -9.999759999999999760e-01 7.342840000000000478e-01 -6.788389999999999702e-01 -2.115999999999999825e-03 -6.788359999999999950e-01 -7.342600000000000238e-01 -6.615000000000000220e-03
2.000000000000000000e+01 3.000000000000000000e+00 4.300000000000000000e+01 0.000000000000000000e+00 1.600000000000000089e+00 1.784999999999999911e-03 -8.880000000000000740e-03 -9.999590000000000423e-01 7.364479999999999915e-01 -6.764550000000000285e-01 7.322000000000000383e-03 -6.764919999999999822e-01 -7.364309999999999468e-01 5.331999999999999934e-03
2.300000000000000000e+01 3.000000000000000000e+00 4.300000000000000000e+01 0.000000000000000000e+00 1.600000000000000089e+00 1.131999999999999977e-03 4.611999999999999780e-03 -9.999890000000000168e-01 7.399540000000000006e-01 -6.726539999999999742e-01 -2.265000000000000086e-03 -6.726569999999999494e-01 -7.399430000000000174e-01 -4.173999999999999759e-03
2.300000000000000000e+01 8.000000000000000000e+00 4.400000000000000000e+01 0.000000000000000000e+00 1.600000000000000089e+00 4.290000000000000193e-04 -8.499999999999999526e-04 1.000000000000000000e+00 -7.869789999999999841e-01 -6.169799999999999729e-01 -1.869999999999999917e-04 6.169799999999999729e-01 -7.869779999999999553e-01 -9.330000000000000186e-04
2.700000000000000000e+01 8.000000000000000000e+00 4.400000000000000000e+01 0.000000000000000000e+00 1.600000000000000089e+00 -2.159999999999999919e-04 2.582000000000000094e-03 9.999970000000000248e-01 -7.877499999999999503e-01 -6.159940000000000415e-01 1.420000000000000038e-03 6.159949999999999593e-01 -7.877469999999999750e-01 2.167000000000000089e-03
3.000000000000000000e+00 2.900000000000000000e+01 4.400000000000000000e+01 0.000000000000000000e+00 1.600000000000000089e+00 -1.662999999999999982e-03 2.180000000000000080e-03 -9.999959999999999960e-01 6.590420000000000167e-01 7.521060000000000523e-01 5.439999999999999957e-04 7.521039999999999948e-01 -6.590390000000000414e-01 -2.687000000000000152e-03
8.000000000000000000e+00 2.900000000000000000e+01 4.400000000000000000e+01 0.000000000000000000e+00 1.600000000000000089e+00 1.590999999999999966e-03 -1.222999999999999912e-03 -9.999980000000000535e-01 6.583740000000000148e-01 7.526909999999999989e-01 1.269999999999999970e-04 7.526890000000000525e-01 -6.583729999999999860e-01 2.003000000000000006e-03
1.200000000000000000e+01 2.900000000000000000e+01 4.400000000000000000e+01 0.000000000000000000e+00 1.600000000000000089e+00 9.920000000000000432e-04 -3.836000000000000000e-03 -9.999919999999999920e-01 6.538389999999999480e-01 7.566300000000000248e-01 -2.252999999999999794e-03 7.566330000000000000e-01 -6.538319999999999688e-01 3.259000000000000178e-03
1.900000000000000000e+01 2.900000000000000000e+01 4.400000000000000000e+01 0.000000000000000000e+00 1.600000000000000089e+00 -6.639999999999999852e-04 -2.612000000000000172e-03 -9.999959999999999960e-01 6.576319999999999943e-01 7.533360000000000056e-01 -2.403999999999999887e-03 7.533389999999999809e-01 -6.576309999999999656e-01 1.216999999999999983e-03
2.400000000000000000e+01 2.900000000000000000e+01 4.400000000000000000e+01 0.000000000000000000e+00 1.600000000000000089e+00 5.590000000000000351e-04 -1.931999999999999907e-03 -9.999980000000000535e-01 6.603879999999999750e-01 7.509240000000000359e-01 -1.082000000000000062e-03 7.509249999999999536e-01 -6.603860000000000285e-01 1.694999999999999892e-03
2.700000000000000000e+01 2.900000000000000000e+01 4.400000000000000000e+01 0.000000000000000000e+00 1.600000000000000089e+00 4.099999999999999912e-04 -3.444000000000000013e-03 -9.999940000000000495e-01 6.588960000000000372e-01 7.522309999999999830e-01 -2.320000000000000014e-03 7.522339999999999582e-01 -6.588910000000000045e-01 2.577999999999999996e-03
1.000000000000000000e+01 6.500000000000000000e+01 4.600000000000000000e+01 0.000000000000000000e+00 1.600000000000000089e+00 -1.686999999999999915e-03 2.700999999999999842e-03 9.999949999999999672e-01 6.782439999999999580e-01 -7.348299999999999832e-01 3.128999999999999837e-03 7.348339999999999872e-01 6.782460000000000155e-01 -5.929999999999999941e-04
2.600000000000000000e+01 7.000000000000000000e+01 4.700000000000000000e+01 0.000000000000000000e+00 1.600000000000000089e+00 -9.959999999999999236e-04 -2.654999999999999808e-03 -9.999959999999999960e-01 -8.419400000000000217e-01 -5.395659999999999901e-01 2.271000000000000015e-03 -5.395699999999999941e-01 8.419389999999999930e-01 -1.698000000000000074e-03
1.000000000000000000e+00 5.000000000000000000e+00 5.100000000000000000e+01 0.000000000000000000e+00 1.600000000000000089e+00 -2.844000000000000174e-03 4.504000000000000191e-03 -9.999860000000000415e-01 4.925089999999999746e-01 -8.702910000000000368e-01 -5.320000000000000076e-03 -8.703030000000000488e-01 -4.925169999999999826e-01 2.570000000000000127e-04
1.000000000000000000e+01 5.000000000000000000e+00 5.100000000000000000e+01 0.000000000000000000e+00 1.600000000000000089e+00 2.593999999999999952e-03 1.709400000000000155e-02 -9.998510000000000453e-01 4.828270000000000062e-01 -8.756080000000000529e-01 -1.371700000000000003e-02 -8.757120000000000459e-01 -4.827199999999999824e-01 -1.052499999999999963e-02
1.500000000000000000e+01 5.000000000000000000e+00 5.100000000000000000e+01 0.000000000000000000e+00 1.600000000000000089e+00 -1.454999999999999913e-03 1.048600000000000053e-02 -9.999440000000000550e-01 4.816119999999999846e-01 -8.763290000000000246e-01 -9.891000000000000486e-03 -8.763830000000000231e-01 -4.815999999999999726e-01 -3.775000000000000144e-03
7.000000000000000000e+00 1.150000000000000000e+02 5.100000000000000000e+01 0.000000000000000000e+00 1.600000000000000089e+00 7.979999999999999897e-04 7.020000000000000415e-04 9.999989999999999712e-01 8.472450000000000259e-01 -5.312019999999999520e-01 -3.029999999999999924e-04 5.312010000000000343e-01 8.472450000000000259e-01 -1.018999999999999941e-03
2.100000000000000000e+01 7.000000000000000000e+00 5.200000000000000000e+01 0.000000000000000000e+00 1.600000000000000089e+00 -1.550000000000000000e-04 -1.247999999999999977e-03 -9.999989999999999712e-01 9.566700000000000204e-02 -9.954129999999999923e-01 1.227000000000000009e-03 -9.954129999999999923e-01 -9.566700000000000204e-02 2.739999999999999923e-04
1.000000000000000000e+01 6.300000000000000000e+01 5.400000000000000000e+01 0.000000000000000000e+00 1.600000000000000089e+00 1.513999999999999938e-03 6.089999999999999494e-04 9.999989999999999712e-01 -3.325429999999999775e-01 9.430880000000000374e-01 -7.100000000000000462e-05 -9.430870000000000086e-01 -3.325429999999999775e-01 1.629999999999999939e-03
1.500000000000000000e+01 6.300000000000000000e+01 5.400000000000000000e+01 0.000000000000000000e+00 1.600000000000000089e+00 2.939000000000000206e-03 -1.680999999999999986e-03 9.999940000000000495e-01 -3.464119999999999977e-01 9.380789999999999962e-01 2.595000000000000084e-03 -9.380779999999999674e-01 -3.464169999999999749e-01 2.174000000000000151e-03
2.400000000000000000e+01 6.300000000000000000e+01 5.400000000000000000e+01 0.000000000000000000e+00 1.600000000000000089e+00 -1.154000000000000078e-03 1.613999999999999983e-03 9.999980000000000535e-01 -3.409400000000000208e-01 9.400830000000000020e-01 -1.910000000000000022e-03 -9.400849999999999485e-01 -3.409409999999999941e-01 -5.339999999999999695e-04
2.800000000000000000e+01 6.300000000000000000e+01 5.400000000000000000e+01 0.000000000000000000e+00 1.600000000000000089e+00 5.379999999999999583e-04 1.897999999999999948e-03 9.999980000000000535e-01 -3.406029999999999891e-01 9.402059999999999862e-01 -1.601999999999999908e-03 -9.402070000000000149e-01 -3.406009999999999871e-01 1.152000000000000029e-03
2.000000000000000000e+01 2.500000000000000000e+01 5.500000000000000000e+01 0.000000000000000000e+00 1.600000000000000089e+00 7.410000000000000137e-04 -2.605000000000000111e-03 -9.999959999999999960e-01 -1.401999999999999948e-02 -9.998979999999999535e-01 2.593999999999999952e-03 -9.999010000000000398e-01 1.401799999999999921e-02 -7.770000000000000214e-04
2.600000000000000000e+01 2.500000000000000000e+01 5.500000000000000000e+01 0.000000000000000000e+00 1.600000000000000089e+00 1.317999999999999944e-03 3.269000000000000204e-03 -9.999940000000000495e-01 -1.292599999999999999e-02 -9.999109999999999943e-01 -3.285000000000000159e-03 -9.999160000000000270e-01 1.293000000000000052e-02 -1.276000000000000007e-03
5.000000000000000000e+00 6.800000000000000000e+01 5.700000000000000000e+01 0.000000000000000000e+00 1.600000000000000089e+00 -5.800000000000000034e-04 6.748999999999999791e-03 -9.999770000000000048e-01 -2.419499999999999984e-01 -9.702680000000000193e-01 -6.407999999999999634e-03 -9.702889999999999571e-01 2.419399999999999884e-01 2.196000000000000035e-03
5.000000000000000000e+00 2.100000000000000000e+01 6.000000000000000000e+01 0.000000000000000000e+00 1.600000000000000089e+00 -5.118000000000000153e-03 5.638999999999999915e-03 9.999710000000000543e-01 -9.436200000000000143e-02 9.955190000000000428e-01 -6.096999999999999989e-03 -9.955249999999999932e-01 -9.439000000000000168e-02 -4.563000000000000216e-03
1.300000000000000000e+01 2.100000000000000000e+01 6.000000000000000000e+01 0.000000000000000000e+00 1.600000000000000089e+00 1.185999999999999988e-03 2.322999999999999978e-03 9.999970000000000248e-01 -9.575899999999999690e-02 9.954020000000000090e-01 -2.199000000000000000e-03 -9.954039999999999555e-01 -9.575599999999999390e-02 1.402999999999999950e-03
1.600000000000000000e+01 2.100000000000000000e+01 6.000000000000000000e+01 0.000000000000000000e+00 1.600000000000000089e+00 1.472000000000000001e-03 -6.590000000000000371e-03 9.999770000000000048e-01 -9.600000000000000200e-02 9.953589999999999938e-01 6.701000000000000359e-03 -9.953800000000000425e-01 -9.600799999999999612e-02 8.319999999999999488e-04
2.400000000000000000e+01 2.100000000000000000e+01 6.000000000000000000e+01 0.000000000000000000e+00 1.600000000000000089e+00 -1.260999999999999968e-03 3.383000000000000156e-03 9.999930000000000208e-01 -9.412399999999999933e-02 9.955540000000000500e-01 -3.487000000000000082e-03 -9.955600000000000005e-01 -9.412800000000000333e-02 -9.370000000000000074e-04
7.000000000000000000e+00 2.700000000000000000e+01 6.300000000000000000e+01 0.000000000000000000e+00 1.600000000000000089e+00 3.899999999999999929e-04 -4.219999999999999793e-03 9.999909999999999632e-01 -2.760659999999999781e-01 9.611300000000000399e-01 4.164000000000000166e-03 -9.611380000000000479e-01 -2.760650000000000048e-01 -7.900000000000000121e-04
1.000000000000000000e+01 2.700000000000000000e+01 6.300000000000000000e+01 0.000000000000000000e+00 1.600000000000000089e+00 -1.879999999999999890e-04 -4.426000000000000247e-03 9.999900000000000455e-01 -2.735810000000000186e-01 9.618400000000000283e-01 4.205000000000000404e-03 -9.618489999999999540e-01 -2.735770000000000146e-01 -1.392000000000000008e-03
1.700000000000000000e+01 2.700000000000000000e+01 6.300000000000000000e+01 0.000000000000000000e+00 1.600000000000000089e+00 1.998000000000000210e-03 5.389999999999999826e-04 9.999980000000000535e-01 -2.775110000000000077e-01 9.607229999999999936e-01 3.600000000000000091e-05 -9.607200000000000184e-01 -2.775099999999999789e-01 2.069000000000000093e-03
2.500000000000000000e+01 2.700000000000000000e+01 6.300000000000000000e+01 0.000000000000000000e+00 1.600000000000000089e+00 -2.454000000000000018e-03 -2.090999999999999977e-03 9.999949999999999672e-01 -2.778539999999999899e-01 9.606219999999999759e-01 1.327000000000000055e-03 -9.606200000000000294e-01 -2.778490000000000126e-01 -2.938000000000000073e-03
2.900000000000000000e+01 2.700000000000000000e+01 6.300000000000000000e+01 0.000000000000000000e+00 1.600000000000000089e+00 -1.175000000000000046e-03 -4.965999999999999928e-03 9.999869999999999592e-01 -2.795500000000000207e-01 9.601210000000000022e-01 4.440000000000000370e-03 -9.601309999999999567e-01 -2.795409999999999839e-01 -2.516000000000000007e-03
6.000000000000000000e+00 2.600000000000000000e+01 6.400000000000000000e+01 0.000000000000000000e+00 1.600000000000000089e+00 -9.409999999999999962e-04 -6.839999999999999726e-03 9.999759999999999760e-01 -3.611759999999999970e-01 9.324780000000000291e-01 6.039000000000000097e-03 -9.324970000000000203e-01 -3.611610000000000098e-01 -3.347999999999999848e-03
1.400000000000000000e+01 2.600000000000000000e+01 6.400000000000000000e+01 0.000000000000000000e+00 1.600000000000000089e+00 -2.559999999999999884e-04 -2.997999999999999797e-03 9.999949999999999672e-01 -3.644410000000000149e-01 9.312230000000000230e-01 2.697999999999999877e-03 -9.312259999999999982e-01 -3.644390000000000129e-01 -1.330999999999999935e-03
1.700000000000000000e+01 2.600000000000000000e+01 6.400000000000000000e+01 0.000000000000000000e+00 1.600000000000000089e+00 2.343000000000000031e-03 -1.010000000000000020e-04 9.999970000000000248e-01 -3.666329999999999867e-01 9.303649999999999975e-01 9.529999999999999626e-04 -9.303630000000000511e-01 -3.666349999999999887e-01 2.142999999999999940e-03
2.300000000000000000e+01 2.600000000000000000e+01 6.400000000000000000e+01 0.000000000000000000e+00 1.600000000000000089e+00 -2.719999999999999979e-04 -5.500000000000000331e-04 1.000000000000000000e+00 -3.651039999999999841e-01 9.309669999999999890e-01 4.130000000000000099e-04 -9.309669999999999890e-01 -3.651030000000000109e-01 -4.539999999999999765e-04
7.000000000000000000e+00 6.900000000000000000e+01 6.600000000000000000e+01 0.000000000000000000e+00 1.600000000000000089e+00 7.204000000000000334e-03 -2.126999999999999984e-03 9.999719999999999720e-01 -9.443070000000000075e-01 3.289799999999999947e-01 7.503000000000000121e-03 -3.289860000000000007e-01 -9.443350000000000355e-01 3.620000000000000171e-04
1.400000000000000000e+01 6.900000000000000000e+01 6.600000000000000000e+01 0.000000000000000000e+00 1.600000000000000089e+00 6.700000000000000226e-04 -1.951999999999999959e-03 9.999980000000000535e-01 -9.488480000000000247e-01 3.157300000000000106e-01 1.252000000000000075e-03 -3.157309999999999839e-01 -9.488469999999999960e-01 -1.641000000000000097e-03
