9.000000000000000000e+00 4.200000000000000000e+01 2.000000000000000000e+00 0.000000000000000000e+00 1.600000000000000089e+00 -1.874999999999999931e-03 -2.895700000000000010e-02 9.995789999999999953e-01 9.898839999999999861e-01 1.417559999999999931e-01 5.963000000000000418e-03 -1.418689999999999951e-01 9.894779999999999687e-01 2.839799999999999963e-02
1.400000000000000000e+01 4.200000000000000000e+01 2.000000000000000000e+00 0.000000000000000000e+00 1.600000000000000089e+00 -7.780999999999999722e-03 -1.464400000000000077e-02 9.998620000000000285e-01 9.879909999999999526e-01 1.541879999999999917e-01 9.946999999999999245e-03 -1.543120000000000047e-01 9.879329999999999501e-01 1.326800000000000028e-02
1.000000000000000000e+01 1.600000000000000000e+01 4.000000000000000000e+00 0.000000000000000000e+00 1.600000000000000089e+00 -3.177999999999999835e-03 1.933599999999999902e-02 9.998080000000000300e-01 3.220529999999999782e-01 -9.465240000000000320e-01 1.932999999999999996e-02 9.467160000000000020e-01 3.220520000000000049e-01 -3.219000000000000073e-03
1.300000000000000000e+01 1.600000000000000000e+01 4.000000000000000000e+00 0.000000000000000000e+00 1.600000000000000089e+00 3.268000000000000071e-03 2.626200000000000062e-02 9.996500000000000385e-01 3.224139999999999784e-01 -9.462990000000000013e-01 2.380600000000000077e-02 9.465930000000000177e-01 3.222229999999999817e-01 -1.156000000000000083e-02
1.800000000000000000e+01 1.600000000000000000e+01 4.000000000000000000e+00 0.000000000000000000e+00 1.600000000000000089e+00 -8.170000000000000179e-04 1.555699999999999965e-02 9.998789999999999623e-01 3.228719999999999923e-01 -9.463240000000000540e-01 1.498799999999999959e-02 9.464420000000000055e-01 3.228460000000000218e-01 -4.249000000000000173e-03
2.800000000000000000e+01 1.600000000000000000e+01 4.000000000000000000e+00 0.000000000000000000e+00 1.600000000000000089e+00 -1.822999999999999968e-03 6.376999999999999856e-03 9.999780000000000335e-01 3.240480000000000027e-01 -9.460180000000000256e-01 6.623999999999999680e-03 9.460389999999999633e-01 3.240529999999999800e-01 -3.420000000000000188e-04
5.000000000000000000e+00 1.500000000000000000e+01 8.000000000000000000e+00 0.000000000000000000e+00 1.600000000000000089e+00 6.143000000000000023e-03 2.054599999999999829e-02 -9.997700000000000475e-01 -5.679079999999999684e-01 -8.228389999999999871e-01 -2.040000000000000147e-02 -8.230690000000000506e-01 5.679030000000000467e-01 6.612999999999999955e-03
1.000000000000000000e+01 1.500000000000000000e+01 8.000000000000000000e+00 0.000000000000000000e+00 1.600000000000000089e+00 7.323999999999999781e-03 1.507799999999999939e-02 -9.998590000000000533e-01 -5.648840000000000527e-01 -8.250039999999999596e-01 -1.657899999999999999e-02 -8.251380000000000381e-01 5.649260000000000392e-01 2.475000000000000203e-03
1.500000000000000000e+01 1.500000000000000000e+01 8.000000000000000000e+00 0.000000000000000000e+00 1.600000000000000089e+00 4.819000000000000367e-03 2.143799999999999872e-02 -9.997589999999999533e-01 -5.641610000000000236e-01 -8.254120000000000346e-01 -2.041799999999999865e-02 -8.256510000000000238e-01 5.641230000000000411e-01 8.116999999999999216e-03
3.000000000000000000e+00 2.600000000000000000e+01 8.000000000000000000e+00 0.000000000000000000e+00 1.600000000000000089e+00 -6.246999999999999949e-03 -1.989499999999999949e-02 -9.997829999999999773e-01 4.128160000000000163e-01 9.105790000000000273e-01 -2.069899999999999865e-02 9.107929999999999637e-01 -4.128550000000000275e-01 2.524999999999999901e-03
9.000000000000000000e+00 2.600000000000000000e+01 8.000000000000000000e+00 0.000000000000000000e+00 1.600000000000000089e+00 -5.472999999999999567e-03 -1.444699999999999977e-02 -9.998810000000000198e-01 4.174700000000000077e-01 9.085600000000000342e-01 -1.541299999999999962e-02 9.086739999999999817e-01 -4.175039999999999862e-01 1.059000000000000045e-03
1.600000000000000000e+01 2.600000000000000000e+01 8.000000000000000000e+00 0.000000000000000000e+00 1.600000000000000089e+00 -4.606999999999999984e-03 -1.899700000000000000e-02 -9.998089999999999478e-01 4.215610000000000190e-01 9.065969999999999862e-01 -1.916800000000000101e-02 9.067880000000000384e-01 -4.215690000000000270e-01 3.831999999999999903e-03
1.900000000000000000e+01 2.600000000000000000e+01 8.000000000000000000e+00 0.000000000000000000e+00 1.600000000000000089e+00 -5.212999999999999752e-03 -2.040399999999999853e-02 -9.997779999999999445e-01 4.233040000000000136e-01 9.057520000000000016e-01 -2.069199999999999859e-02 9.059730000000000283e-01 -4.233180000000000276e-01 3.916000000000000210e-03
2.200000000000000000e+01 2.600000000000000000e+01 8.000000000000000000e+00 0.000000000000000000e+00 1.600000000000000089e+00 -5.748999999999999770e-03 -2.207599999999999840e-02 -9.997399999999999620e-01 4.254069999999999796e-01 9.047239999999999727e-01 -2.242500000000000049e-02 9.049840000000000106e-01 -4.254249999999999976e-01 4.190000000000000148e-03
2.600000000000000000e+01 2.600000000000000000e+01 8.000000000000000000e+00 0.000000000000000000e+00 1.600000000000000089e+00 -4.129999999999999991e-03 -2.638999999999999853e-03 -9.999879999999999880e-01 4.282580000000000275e-01 9.036469999999999780e-01 -4.153999999999999707e-03 9.036469999999999780e-01 -4.282699999999999840e-01 -2.602000000000000146e-03
2.000000000000000000e+01 1.400000000000000000e+01 9.000000000000000000e+00 0.000000000000000000e+00 1.600000000000000089e+00 6.865999999999999708e-03 1.496399999999999987e-02 -9.998639999999999750e-01 -5.576449999999999463e-01 -8.299199999999999910e-01 -1.625000000000000056e-02 -8.300509999999999833e-01 5.576809999999999823e-01 2.647000000000000047e-03
2.300000000000000000e+01 1.400000000000000000e+01 9.000000000000000000e+00 0.000000000000000000e+00 1.600000000000000089e+00 6.501999999999999967e-03 1.642100000000000157e-02 -9.998439999999999550e-01 -5.559870000000000090e-01 -8.310119999999999729e-01 -1.726300000000000057e-02 -8.311659999999999604e-01 5.560119999999999507e-01 3.726999999999999844e-03
2.700000000000000000e+01 1.400000000000000000e+01 9.000000000000000000e+00 0.000000000000000000e+00 1.600000000000000089e+00 5.967000000000000082e-03 1.041699999999999918e-02 -9.999280000000000390e-01 -5.545130000000000337e-01 -8.320889999999999675e-01 -1.197800000000000080e-02 -8.321539999999999493e-01 5.545440000000000369e-01 8.109999999999999805e-04
2.000000000000000000e+00 2.400000000000000000e+01 9.000000000000000000e+00 0.000000000000000000e+00 1.600000000000000089e+00 -6.756999999999999985e-03 -2.141399999999999901e-02 -9.997479999999999700e-01 4.659460000000000268e-01 8.845370000000000177e-01 -2.209600000000000106e-02 8.847880000000000189e-01 -4.659769999999999746e-01 4.001000000000000216e-03
2.000000000000000000e+00 3.100000000000000000e+01 1.200000000000000000e+01 0.000000000000000000e+00 1.600000000000000089e+00 -2.400000000000000061e-05 -3.572999999999999787e-03 9.999940000000000495e-01 6.786999999999999630e-03 9.999710000000000543e-01 3.572999999999999787e-03 -9.999770000000000048e-01 6.786999999999999630e-03 -0.000000000000000000e+00
1.400000000000000000e+01 3.100000000000000000e+01 1.200000000000000000e+01 0.000000000000000000e+00 1.600000000000000089e+00 -2.982999999999999974e-03 1.412999999999999977e-03 9.999949999999999672e-01 1.523399999999999928e-02 9.998829999999999663e-01 -1.366999999999999943e-03 -9.998789999999999623e-01 1.523000000000000048e-02 -3.004000000000000160e-03
1.700000000000000000e+01 3.100000000000000000e+01 1.200000000000000000e+01 0.000000000000000000e+00 1.600000000000000089e+00 -1.956999999999999972e-03 -1.019999999999999992e-04 9.999980000000000535e-01 1.576400000000000023e-02 9.998759999999999870e-01 1.330000000000000073e-04 -9.998740000000000405e-01 1.576400000000000023e-02 -1.955000000000000140e-03
2.000000000000000000e+01 3.100000000000000000e+01 1.200000000000000000e+01 0.000000000000000000e+00 1.600000000000000089e+00 -4.949999999999999973e-04 9.000000000000000567e-05 1.000000000000000000e+00 1.528599999999999924e-02 9.998829999999999663e-01 -8.200000000000000095e-05 -9.998829999999999663e-01 1.528599999999999924e-02 -4.960000000000000216e-04
2.500000000000000000e+01 3.100000000000000000e+01 1.200000000000000000e+01 0.000000000000000000e+00 1.600000000000000089e+00 6.089999999999999494e-04 5.029999999999999749e-04 1.000000000000000000e+00 1.411500000000000081e-02 9.999000000000000110e-01 -5.119999999999999768e-04 -9.999000000000000110e-01 1.411600000000000008e-02 6.019999999999999961e-04
1.500000000000000000e+01 3.200000000000000000e+01 1.400000000000000000e+01 0.000000000000000000e+00 1.600000000000000089e+00 3.873999999999999840e-03 3.480000000000000020e-04 -9.999919999999999920e-01 1.219859999999999972e-01 9.925310000000000521e-01 8.180000000000000422e-04 9.925239999999999618e-01 -1.219879999999999992e-01 3.802999999999999957e-03
1.000000000000000000e+01 1.200000000000000000e+01 1.500000000000000000e+01 0.000000000000000000e+00 1.600000000000000089e+00 5.481999999999999894e-03 5.483000000000000027e-03 -9.999700000000000255e-01 -4.701199999999999823e-01 -8.825709999999999944e-01 -7.415999999999999849e-03 -8.825849999999999529e-01 4.701469999999999816e-01 -2.260999999999999989e-03
1.300000000000000000e+01 1.200000000000000000e+01 1.500000000000000000e+01 0.000000000000000000e+00 1.600000000000000089e+00 3.963000000000000377e-03 9.456000000000000863e-03 -9.999470000000000303e-01 -4.702319999999999833e-01 -8.824840000000000462e-01 -1.020899999999999933e-02 -8.825340000000000407e-01 4.702479999999999993e-01 9.489999999999999738e-04
2.100000000000000000e+01 1.200000000000000000e+01 1.500000000000000000e+01 0.000000000000000000e+00 1.600000000000000089e+00 4.889000000000000117e-03 5.308000000000000218e-03 -9.999740000000000295e-01 -4.687769999999999992e-01 -8.832889999999999908e-01 -6.981000000000000226e-03 -8.833029999999999493e-01 4.687990000000000212e-01 -1.830999999999999945e-03
5.000000000000000000e+00 1.160000000000000000e+02 1.600000000000000000e+01 0.000000000000000000e+00 1.600000000000000089e+00 1.105999999999999995e-03 2.240999999999999936e-03 9.999970000000000248e-01 6.726509999999999989e-01 7.399559999999999471e-01 -2.402000000000000055e-03 -7.399590000000000334e-01 6.726509999999999989e-01 -6.890000000000000508e-04
9.000000000000000000e+00 1.160000000000000000e+02 1.600000000000000000e+01 0.000000000000000000e+00 1.600000000000000089e+00 -2.579999999999999828e-04 -1.257000000000000088e-03 9.999989999999999712e-01 6.716529999999999445e-01 7.408649999999999958e-01 1.105000000000000079e-03 -7.408649999999999958e-01 6.716529999999999445e-01 6.530000000000000431e-04
2.800000000000000000e+01 1.160000000000000000e+02 1.600000000000000000e+01 0.000000000000000000e+00 1.600000000000000089e+00 -1.742000000000000059e-03 -2.451000000000000054e-03 9.999949999999999672e-01 7.136339999999999906e-01 7.005130000000000523e-01 2.959999999999999958e-03 -7.005169999999999453e-01 7.136360000000000481e-01 5.289999999999999564e-04
4.000000000000000000e+00 2.000000000000000000e+00 1.900000000000000000e+01 0.000000000000000000e+00 1.600000000000000089e+00 -1.066000000000000107e-03 -2.500000000000000052e-04 -9.999989999999999712e-01 1.677410000000000012e-01 -9.858310000000000128e-01 6.700000000000000226e-05 -9.858299999999999841e-01 -1.677410000000000012e-01 1.093000000000000005e-03
7.000000000000000000e+00 2.000000000000000000e+00 1.900000000000000000e+01 0.000000000000000000e+00 1.600000000000000089e+00 -2.295000000000000165e-03 5.820000000000000520e-04 -9.999970000000000248e-01 1.669080000000000008e-01 -9.859719999999999596e-01 -9.569999999999999514e-04 -9.859700000000000131e-01 -1.669090000000000018e-01 2.165999999999999957e-03
1.100000000000000000e+01 2.000000000000000000e+00 1.900000000000000000e+01 0.000000000000000000e+00 1.600000000000000089e+00 -1.003999999999999901e-03 -2.049999999999999956e-04 -9.999989999999999712e-01 1.672639999999999960e-01 -9.859120000000000106e-01 3.499999999999999693e-05 -9.859120000000000106e-01 -1.672639999999999960e-01 1.023999999999999954e-03
1.600000000000000000e+01 2.000000000000000000e+00 1.900000000000000000e+01 0.000000000000000000e+00 1.600000000000000089e+00 2.135000000000000179e-03 6.693000000000000164e-03 -9.999749999999999472e-01 1.699869999999999992e-01 -9.854270000000000529e-01 -6.231999999999999693e-03 -9.854439999999999866e-01 -1.699700000000000100e-01 -3.240999999999999957e-03
2.200000000000000000e+01 2.000000000000000000e+00 1.900000000000000000e+01 0.000000000000000000e+00 1.600000000000000089e+00 -1.832999999999999994e-03 8.480000000000000124e-04 -9.999980000000000535e-01 1.687800000000000133e-01 -9.856530000000000014e-01 -1.144999999999999967e-03 -9.856519999999999726e-01 -1.687819999999999876e-01 1.663999999999999898e-03
2.600000000000000000e+01 2.000000000000000000e+00 1.900000000000000000e+01 0.000000000000000000e+00 1.600000000000000089e+00 -1.386000000000000079e-03 4.467999999999999750e-03 -9.999890000000000168e-01 1.599379999999999968e-01 -9.871159999999999934e-01 -4.631999999999999833e-03 -9.871259999999999479e-01 -1.599430000000000018e-01 6.530000000000000431e-04
3.000000000000000000e+00 1.300000000000000000e+01 2.000000000000000000e+01 0.000000000000000000e+00 1.600000000000000089e+00 -7.209999999999999612e-04 1.582000000000000073e-03 9.999980000000000535e-01 2.592119999999999980e-01 9.658200000000000118e-01 -1.340999999999999961e-03 -9.658200000000000118e-01 2.592099999999999960e-01 -1.105999999999999995e-03
1.000000000000000000e+01 1.300000000000000000e+01 2.000000000000000000e+01 0.000000000000000000e+00 1.600000000000000089e+00 -6.700000000000000226e-05 -7.574000000000000003e-03 9.999710000000000543e-01 2.594770000000000132e-01 9.657219999999999693e-01 7.331999999999999976e-03 -9.657489999999999686e-01 2.594699999999999784e-01 1.899999999999999996e-03
1.400000000000000000e+01 1.300000000000000000e+01 2.000000000000000000e+01 0.000000000000000000e+00 1.600000000000000089e+00 -3.690000000000000246e-04 2.129999999999999949e-03 9.999980000000000535e-01 2.602079999999999949e-01 9.655510000000000481e-01 -1.959999999999999937e-03 -9.655529999999999946e-01 2.602059999999999929e-01 -9.100000000000000016e-04
1.800000000000000000e+01 1.300000000000000000e+01 2.000000000000000000e+01 0.000000000000000000e+00 1.600000000000000089e+00 -1.299000000000000024e-03 6.650000000000000095e-04 9.999989999999999712e-01 2.634070000000000022e-01 9.646850000000000147e-01 -2.999999999999999737e-04 -9.646839999999999860e-01 2.634070000000000022e-01 -1.428000000000000016e-03
2.700000000000000000e+01 1.300000000000000000e+01 2.000000000000000000e+01 0.000000000000000000e+00 1.600000000000000089e+00 1.500000000000000038e-05 -3.566000000000000159e-03 9.999940000000000495e-01 2.603440000000000198e-01 9.655099999999999794e-01 3.439000000000000216e-03 -9.655160000000000409e-01 2.603429999999999911e-01 9.430000000000000448e-04
3.000000000000000000e+00 1.600000000000000000e+01 2.100000000000000000e+01 0.000000000000000000e+00 1.600000000000000089e+00 -3.999999999999999819e-06 7.985000000000000778e-03 9.999679999999999680e-01 2.961719999999999908e-01 9.551039999999999530e-01 -7.624999999999999833e-03 -9.551349999999999563e-01 2.961630000000000096e-01 -2.369000000000000012e-03
7.000000000000000000e+00 1.600000000000000000e+01 2.100000000000000000e+01 0.000000000000000000e+00 1.600000000000000089e+00 -6.949999999999999798e-04 -4.980000000000000052e-03 9.999869999999999592e-01 2.964749999999999885e-01 9.550279999999999880e-01 4.962000000000000265e-03 -9.550400000000000000e-01 2.964749999999999885e-01 8.120000000000000048e-04
1.100000000000000000e+01 1.600000000000000000e+01 2.100000000000000000e+01 0.000000000000000000e+00 1.600000000000000089e+00 -5.099999999999999960e-05 -5.361999999999999579e-03 9.999860000000000415e-01 2.967420000000000058e-01 9.549440000000000150e-01 5.135999999999999940e-03 -9.549579999999999735e-01 2.967380000000000018e-01 1.543000000000000101e-03
2.700000000000000000e+01 1.600000000000000000e+01 2.100000000000000000e+01 0.000000000000000000e+00 1.600000000000000089e+00 8.520000000000000013e-04 -6.790000000000000245e-04 9.999989999999999712e-01 2.986509999999999998e-01 9.543620000000000436e-01 3.939999999999999817e-04 -9.543620000000000436e-01 2.986509999999999998e-01 1.015999999999999976e-03
1.000000000000000000e+01 4.600000000000000000e+01 2.700000000000000000e+01 0.000000000000000000e+00 1.600000000000000089e+00 8.229999999999999469e-04 1.203000000000000076e-03 -9.999989999999999712e-01 6.799730000000000496e-01 7.332359999999999989e-01 1.441000000000000007e-03 7.332370000000000276e-01 -6.799730000000000496e-01 -2.149999999999999947e-04
1.200000000000000000e+01 4.600000000000000000e+01 3.000000000000000000e+01 0.000000000000000000e+00 1.600000000000000089e+00 4.189999999999999931e-04 7.999999999999999638e-06 -1.000000000000000000e+00 3.365279999999999938e-01 9.416729999999999823e-01 1.479999999999999925e-04 9.416729999999999823e-01 -3.365279999999999938e-01 3.919999999999999873e-04
2.400000000000000000e+01 4.600000000000000000e+01 3.000000000000000000e+01 0.000000000000000000e+00 1.600000000000000089e+00 7.100000000000000462e-05 -4.679999999999999915e-04 -1.000000000000000000e+00 3.365560000000000218e-01 9.416630000000000278e-01 -4.169999999999999987e-04 9.416630000000000278e-01 -3.365560000000000218e-01 2.239999999999999966e-04
6.000000000000000000e+00 5.800000000000000000e+01 3.100000000000000000e+01 0.000000000000000000e+00 1.600000000000000089e+00 2.330000000000000040e-03 4.899999999999999842e-03 9.999850000000000128e-01 -7.982099999999999751e-01 -6.023589999999999778e-01 4.812000000000000305e-03 6.023739999999999650e-01 -7.982099999999999751e-01 2.507999999999999813e-03
1.200000000000000000e+01 5.800000000000000000e+01 3.100000000000000000e+01 0.000000000000000000e+00 1.600000000000000089e+00 1.050000000000000044e-04 -1.897000000000000032e-03 9.999980000000000535e-01 -7.965130000000000265e-01 -6.046200000000000463e-01 -1.062999999999999926e-03 6.046209999999999640e-01 -7.965119999999999978e-01 -1.574000000000000095e-03
1.700000000000000000e+01 5.800000000000000000e+01 3.100000000000000000e+01 0.000000000000000000e+00 1.600000000000000089e+00 -1.569999999999999944e-04 -8.710000000000000294e-04 1.000000000000000000e+00 -7.984630000000000338e-01 -6.020429999999999948e-01 -6.489999999999999459e-04 6.020429999999999948e-01 -7.984630000000000338e-01 -6.009999999999999717e-04
2.500000000000000000e+01 5.800000000000000000e+01 3.100000000000000000e+01 0.000000000000000000e+00 1.600000000000000089e+00 -1.884000000000000041e-03 5.099999999999999960e-05 9.999980000000000535e-01 -7.973869999999999569e-01 -6.034659999999999469e-01 -1.472000000000000001e-03 6.034650000000000292e-01 -7.973890000000000144e-01 1.177000000000000095e-03
3.000000000000000000e+01 5.800000000000000000e+01 3.100000000000000000e+01 0.000000000000000000e+00 1.600000000000000089e+00 -3.373999999999999829e-03 -2.530000000000000131e-03 9.999909999999999632e-01 -7.972120000000000317e-01 -6.036850000000000271e-01 -4.217000000000000262e-03 6.036899999999999489e-01 -7.972190000000000110e-01 2.000000000000000164e-05
4.000000000000000000e+00 4.600000000000000000e+01 3.500000000000000000e+01 0.000000000000000000e+00 1.600000000000000089e+00 -3.269999999999999795e-04 1.971999999999999795e-03 -9.999980000000000535e-01 3.856169999999999876e-01 -9.226569999999999494e-01 -1.944999999999999897e-03 -9.226590000000000069e-01 -3.856169999999999876e-01 -4.589999999999999896e-04
1.500000000000000000e+01 4.600000000000000000e+01 3.500000000000000000e+01 0.000000000000000000e+00 1.600000000000000089e+00 -1.828999999999999897e-03 5.176000000000000045e-03 -9.999850000000000128e-01 3.917760000000000131e-01 -9.200439999999999729e-01 -5.479000000000000363e-03 -9.200589999999999602e-01 -3.917800000000000171e-01 -3.460000000000000076e-04
1.800000000000000000e+01 4.600000000000000000e+01 3.500000000000000000e+01 0.000000000000000000e+00 1.600000000000000089e+00 -6.359999999999999551e-04 1.799000000000000035e-03 -9.999980000000000535e-01 3.915219999999999811e-01 -9.201669999999999572e-01 -1.905000000000000009e-03 -9.201679999999999859e-01 -3.915230000000000099e-01 -1.190000000000000058e-04
2.500000000000000000e+01 4.600000000000000000e+01 3.500000000000000000e+01 0.000000000000000000e+00 1.600000000000000089e+00 2.790000000000000054e-04 2.841000000000000209e-03 -9.999959999999999960e-01 3.908599999999999852e-01 -9.204470000000000152e-01 -2.505999999999999981e-03 -9.204499999999999904e-01 -3.908579999999999832e-01 -1.366999999999999943e-03
7.000000000000000000e+00 9.500000000000000000e+01 3.600000000000000000e+01 0.000000000000000000e+00 1.600000000000000089e+00 -2.347999999999999827e-03 6.600000000000000506e-05 9.999970000000000248e-01 9.970740000000000158e-01 7.640900000000000469e-02 2.335999999999999969e-03 -7.640900000000000469e-02 9.970769999999999911e-01 -2.449999999999999921e-04
1.100000000000000000e+01 9.500000000000000000e+01 3.600000000000000000e+01 0.000000000000000000e+00 1.600000000000000089e+00 -4.745000000000000086e-03 -1.810600000000000057e-02 9.998249999999999638e-01 9.968510000000000426e-01 7.905900000000000427e-02 6.163000000000000075e-03 -7.915700000000000514e-02 9.967049999999999521e-01 1.767399999999999874e-02
1.500000000000000000e+01 9.500000000000000000e+01 3.600000000000000000e+01 0.000000000000000000e+00 1.600000000000000089e+00 4.657999999999999814e-03 1.204999999999999995e-02 9.999169999999999447e-01 9.965239999999999654e-01 8.311399999999999344e-02 -5.642999999999999579e-03 -8.317499999999999893e-02 9.964669999999999916e-01 -1.162099999999999939e-02
1.900000000000000000e+01 9.500000000000000000e+01 3.600000000000000000e+01 0.000000000000000000e+00 1.600000000000000089e+00 4.076999999999999895e-03 1.887399999999999842e-02 9.998139999999999805e-01 9.967240000000000544e-01 8.068699999999999484e-02 -5.588000000000000085e-03 -8.077700000000000158e-02 9.965610000000000301e-01 -1.848299999999999943e-02
2.300000000000000000e+01 9.500000000000000000e+01 3.600000000000000000e+01 0.000000000000000000e+00 1.600000000000000089e+00 -7.219999999999999855e-04 -9.317999999999999894e-03 9.999559999999999560e-01 9.972330000000000361e-01 7.432700000000000418e-02 1.412000000000000061e-03 -7.433700000000000030e-02 9.971900000000000208e-01 9.237999999999999684e-03
2.600000000000000000e+01 9.500000000000000000e+01 3.600000000000000000e+01 0.000000000000000000e+00 1.600000000000000089e+00 -2.926999999999999914e-03 -2.495500000000000149e-02 9.996840000000000170e-01 9.972560000000000313e-01 7.387599999999999723e-02 4.764000000000000005e-03 -7.397099999999999509e-02 9.969550000000000356e-01 2.467000000000000096e-02
2.900000000000000000e+01 9.500000000000000000e+01 3.600000000000000000e+01 0.000000000000000000e+00 1.600000000000000089e+00 -1.652000000000000040e-03 -2.193600000000000064e-02 9.997580000000000355e-01 9.972860000000000058e-01 7.355699999999999739e-02 3.262000000000000142e-03 -7.360999999999999488e-02 9.970499999999999918e-01 2.175399999999999903e-02
5.000000000000000000e+00 3.000000000000000000e+00 4.300000000000000000e+01 0.000000000000000000e+00 1.600000000000000089e+00 -4.276000000000000287e-03 -9.594999999999999363e-03 -9.999449999999999728e-01 7.395509999999999584e-01 -6.730930000000000524e-01 3.295999999999999885e-03 -6.730869999999999909e-01 -7.394960000000000422e-01 9.974000000000000227e-03
2.000000000000000000e+01 3.000000000000000000e+00 4.300000000000000000e+01 0.000000000000000000e+00 1.600000000000000089e+00 2.272000000000000148e-03 7.636000000000000426e-03 -9.999679999999999680e-01 7.389379999999999837e-01 -6.737649999999999473e-01 -3.465999999999999897e-03 -6.737699999999999800e-01 -7.389069999999999805e-01 -7.172999999999999689e-03
2.500000000000000000e+01 3.000000000000000000e+00 4.300000000000000000e+01 0.000000000000000000e+00 1.600000000000000089e+00 -2.932000000000000144e-03 -6.479999999999999649e-03 -9.999749999999999472e-01 7.390480000000000382e-01 -6.736490000000000533e-01 2.197999999999999867e-03 -6.736459999999999670e-01 -7.390229999999999855e-01 6.764000000000000047e-03
2.300000000000000000e+01 8.000000000000000000e+00 4.400000000000000000e+01 0.000000000000000000e+00 1.600000000000000089e+00 -2.349999999999999930e-04 1.639999999999999965e-03 9.999989999999999712e-01 -7.875189999999999690e-01 -6.162900000000000045e-01 8.249999999999999955e-04 6.162910000000000332e-01 -7.875180000000000513e-01 1.436999999999999909e-03
3.000000000000000000e+01 8.000000000000000000e+00 4.400000000000000000e+01 0.000000000000000000e+00 1.600000000000000089e+00 -8.729999999999999696e-04 -4.551000000000000358e-03 9.999890000000000168e-01 -7.845640000000000391e-01 -6.200369999999999493e-01 -3.506000000000000002e-03 6.200470000000000148e-01 -7.845590000000000064e-01 -3.029000000000000008e-03
6.000000000000000000e+00 2.900000000000000000e+01 4.400000000000000000e+01 0.000000000000000000e+00 1.600000000000000089e+00 -1.484000000000000076e-03 -1.988999999999999883e-03 -9.999970000000000248e-01 6.385809999999999542e-01 7.695509999999999851e-01 -2.478999999999999867e-03 7.695539999999999603e-01 -6.385819999999999830e-01 1.279999999999999942e-04
1.700000000000000000e+01 2.900000000000000000e+01 4.400000000000000000e+01 0.000000000000000000e+00 1.600000000000000089e+00 4.288000000000000145e-03 3.690000000000000246e-04 -9.999909999999999632e-01 6.712099999999999733e-01 7.412600000000000300e-01 3.151999999999999854e-03 7.412549999999999972e-01 -6.712179999999999813e-01 2.931000000000000012e-03
2.200000000000000000e+01 2.900000000000000000e+01 4.400000000000000000e+01 0.000000000000000000e+00 1.600000000000000089e+00 1.119999999999999902e-03 -2.422999999999999807e-03 -9.999959999999999960e-01 6.768319999999999892e-01 7.361370000000000413e-01 -1.026000000000000002e-03 7.361370000000000413e-01 -6.768279999999999852e-01 2.464000000000000044e-03
2.600000000000000000e+01 2.900000000000000000e+01 4.400000000000000000e+01 0.000000000000000000e+00 1.600000000000000089e+00 -3.356000000000000042e-03 -3.036000000000000070e-03 -9.999900000000000455e-01 6.769429999999999614e-01 7.360219999999999541e-01 -4.506999999999999722e-03 7.360280000000000156e-01 -6.769509999999999694e-01 -4.150000000000000043e-04
3.000000000000000000e+01 7.000000000000000000e+01 4.700000000000000000e+01 0.000000000000000000e+00 1.600000000000000089e+00 -3.112999999999999882e-03 1.637999999999999916e-03 -9.999940000000000495e-01 -8.439240000000000075e-01 -5.364590000000000192e-01 1.748999999999999904e-03 -5.364529999999999577e-01 8.439250000000000362e-01 3.052000000000000025e-03
9.000000000000000000e+00 6.000000000000000000e+00 5.100000000000000000e+01 0.000000000000000000e+00 1.600000000000000089e+00 -5.421999999999999736e-03 2.269000000000000183e-03 -9.999829999999999552e-01 3.232740000000000058e-01 -9.462979999999999725e-01 -3.899999999999999821e-03 -9.462899999999999645e-01 -3.232889999999999930e-01 4.396999999999999867e-03
2.600000000000000000e+01 1.150000000000000000e+02 5.100000000000000000e+01 0.000000000000000000e+00 1.600000000000000089e+00 -2.062000000000000031e-03 -5.961000000000000153e-03 9.999799999999999800e-01 8.441490000000000382e-01 -5.361070000000000002e-01 -1.454999999999999913e-03 5.361050000000000537e-01 8.441290000000000182e-01 6.137000000000000094e-03
1.300000000000000000e+01 7.000000000000000000e+00 5.200000000000000000e+01 0.000000000000000000e+00 1.600000000000000089e+00 -2.906000000000000163e-03 1.791000000000000057e-03 -9.999940000000000495e-01 8.887399999999999467e-02 -9.960409999999999542e-01 -2.041999999999999978e-03 -9.960390000000000077e-01 -8.887899999999999967e-02 2.735000000000000018e-03
6.000000000000000000e+00 6.300000000000000000e+01 5.400000000000000000e+01 0.000000000000000000e+00 1.600000000000000089e+00 -4.989999999999999861e-04 5.800000000000000034e-05 1.000000000000000000e+00 -3.530679999999999930e-01 9.355980000000000407e-01 -2.300000000000000070e-04 -9.355970000000000120e-01 -3.530679999999999930e-01 -4.459999999999999989e-04
1.200000000000000000e+01 6.300000000000000000e+01 5.400000000000000000e+01 0.000000000000000000e+00 1.600000000000000089e+00 1.000000000000000021e-03 -1.075000000000000001e-03 9.999989999999999712e-01 -3.528339999999999810e-01 9.356849999999999890e-01 1.358000000000000049e-03 -9.356860000000000177e-01 -3.528350000000000097e-01 5.559999999999999621e-04
1.700000000000000000e+01 6.300000000000000000e+01 5.400000000000000000e+01 0.000000000000000000e+00 1.600000000000000089e+00 -1.177000000000000095e-03 -3.040000000000000167e-04 9.999989999999999712e-01 -3.545449999999999990e-01 9.350389999999999535e-01 -1.330000000000000073e-04 -9.350380000000000358e-01 -3.545449999999999990e-01 -1.208000000000000089e-03
2.400000000000000000e+01 6.300000000000000000e+01 5.400000000000000000e+01 0.000000000000000000e+00 1.600000000000000089e+00 1.809999999999999977e-03 -1.495999999999999934e-03 9.999970000000000248e-01 -3.506509999999999905e-01 9.365040000000000031e-01 2.034999999999999917e-03 -9.365050000000000319e-01 -3.506529999999999925e-01 1.170000000000000033e-03
5.000000000000000000e+00 2.500000000000000000e+01 5.500000000000000000e+01 0.000000000000000000e+00 1.600000000000000089e+00 1.448000000000000068e-03 -1.613999999999999983e-03 -9.999980000000000535e-01 -1.268299999999999983e-02 -9.999179999999999735e-01 1.595999999999999979e-03 -9.999190000000000023e-01 1.268000000000000030e-02 -1.469000000000000037e-03
1.000000000000000000e+01 2.500000000000000000e+01 5.500000000000000000e+01 0.000000000000000000e+00 1.600000000000000089e+00 -1.149999999999999981e-03 1.536999999999999955e-03 -9.999980000000000535e-01 -1.270800000000000055e-02 -9.999179999999999735e-01 -1.523000000000000048e-03 -9.999190000000000023e-01 1.270600000000000028e-02 1.168999999999999900e-03
1.500000000000000000e+01 2.500000000000000000e+01 5.500000000000000000e+01 0.000000000000000000e+00 1.600000000000000089e+00 -7.839999999999999747e-04 -4.047000000000000250e-03 -9.999909999999999632e-01 -1.058800000000000019e-02 -9.999360000000000470e-01 4.054999999999999577e-03 -9.999440000000000550e-01 1.059099999999999972e-02 7.410000000000000137e-04
2.200000000000000000e+01 2.500000000000000000e+01 5.500000000000000000e+01 0.000000000000000000e+00 1.600000000000000089e+00 1.669999999999999935e-04 2.488999999999999893e-03 -9.999970000000000248e-01 -1.083699999999999941e-02 -9.999379999999999935e-01 -2.491000000000000159e-03 -9.999409999999999688e-01 1.083699999999999941e-02 -1.399999999999999877e-04
2.600000000000000000e+01 2.500000000000000000e+01 5.500000000000000000e+01 0.000000000000000000e+00 1.600000000000000089e+00 7.140000000000000079e-04 1.869999999999999917e-03 -9.999980000000000535e-01 -1.115700000000000025e-02 -9.999360000000000470e-01 -1.877999999999999895e-03 -9.999369999999999647e-01 1.115799999999999952e-02 -6.930000000000000396e-04
1.600000000000000000e+01 5.800000000000000000e+01 5.900000000000000000e+01 0.000000000000000000e+00 1.600000000000000089e+00 -2.510000000000000078e-03 -6.302999999999999575e-03 -9.999770000000000048e-01 3.820589999999999820e-01 9.241129999999999622e-01 -6.784000000000000100e-03 9.241350000000000398e-01 -3.820669999999999900e-01 8.799999999999999771e-05
1.900000000000000000e+01 6.000000000000000000e+00 6.100000000000000000e+01 0.000000000000000000e+00 1.600000000000000089e+00 3.899999999999999929e-04 1.036600000000000021e-02 9.999460000000000015e-01 5.623200000000000420e-01 -8.268780000000000019e-01 8.352000000000000049e-03 8.269199999999999884e-01 5.622859999999999525e-01 -6.151000000000000217e-03
3.000000000000000000e+00 3.000000000000000000e+00 6.300000000000000000e+01 0.000000000000000000e+00 1.600000000000000089e+00 -6.530000000000000431e-04 -2.507000000000000114e-03 9.999970000000000248e-01 -6.164410000000000167e-01 7.873989999999999601e-01 1.570999999999999914e-03 -7.874010000000000176e-01 -6.164380000000000415e-01 -2.060000000000000199e-03
4.000000000000000000e+00 2.700000000000000000e+01 6.300000000000000000e+01 0.000000000000000000e+00 1.600000000000000089e+00 -3.429999999999999889e-04 1.753000000000000001e-03 9.999980000000000535e-01 -2.834030000000000160e-01 9.589990000000000459e-01 -1.778000000000000067e-03 -9.590009999999999923e-01 -2.834030000000000160e-01 1.669999999999999935e-04
8.000000000000000000e+00 2.700000000000000000e+01 6.300000000000000000e+01 0.000000000000000000e+00 1.600000000000000089e+00 -2.919999999999999961e-04 4.578999999999999737e-03 9.999890000000000168e-01 -2.837120000000000197e-01 9.588989999999999458e-01 -4.473999999999999679e-03 -9.589100000000000401e-01 -2.837100000000000177e-01 1.018999999999999941e-03
1.300000000000000000e+01 2.700000000000000000e+01 6.300000000000000000e+01 0.000000000000000000e+00 1.600000000000000089e+00 -1.760999999999999979e-03 -2.922000000000000118e-03 9.999940000000000495e-01 -2.838879999999999737e-01 9.588550000000000129e-01 2.301999999999999793e-03 -9.588560000000000416e-01 -2.838829999999999965e-01 -2.517999999999999839e-03
2.000000000000000000e+01 2.700000000000000000e+01 6.300000000000000000e+01 0.000000000000000000e+00 1.600000000000000089e+00 4.180000000000000230e-04 -1.882999999999999908e-03 9.999980000000000535e-01 -2.816290000000000182e-01 9.595209999999999573e-01 1.925000000000000062e-03 -9.595230000000000148e-01 -2.816290000000000182e-01 -1.289999999999999914e-04
2.400000000000000000e+01 2.700000000000000000e+01 6.300000000000000000e+01 0.000000000000000000e+00 1.600000000000000089e+00 2.899999999999999800e-03 3.608999999999999795e-03 9.999890000000000168e-01 -2.835690000000000155e-01 9.589480000000000226e-01 -2.638000000000000154e-03 -9.589480000000000226e-01 -2.835579999999999767e-01 3.804000000000000090e-03
2.800000000000000000e+01 2.700000000000000000e+01 6.300000000000000000e+01 0.000000000000000000e+00 1.600000000000000089e+00 3.693000000000000102e-03 3.648000000000000201e-03 9.999869999999999592e-01 -2.846600000000000241e-01 9.586259999999999781e-01 -2.445000000000000125e-03 -9.586219999999999741e-01 -2.846469999999999834e-01 4.577999999999999604e-03
1.000000000000000000e+00 2.600000000000000000e+01 6.400000000000000000e+01 0.000000000000000000e+00 1.600000000000000089e+00 -1.348000000000000023e-03 1.590999999999999966e-03 9.999980000000000535e-01 -3.638319999999999887e-01 9.314620000000000122e-01 -1.972999999999999927e-03 -9.314639999999999587e-01 -3.638339999999999907e-01 -6.769999999999999759e-04
4.000000000000000000e+00 2.600000000000000000e+01 6.400000000000000000e+01 0.000000000000000000e+00 1.600000000000000089e+00 -2.820000000000000241e-04 1.988000000000000184e-03 9.999980000000000535e-01 -3.633580000000000143e-01 9.316470000000000029e-01 -1.954000000000000008e-03 -9.316489999999999494e-01 -3.633580000000000143e-01 4.600000000000000139e-04
8.000000000000000000e+00 2.600000000000000000e+01 6.400000000000000000e+01 0.000000000000000000e+00 1.600000000000000089e+00 -8.319999999999999488e-04 3.996999999999999685e-03 9.999919999999999920e-01 -3.649009999999999754e-01 9.310380000000000322e-01 -4.024999999999999932e-03 -9.310460000000000402e-01 -3.649009999999999754e-01 6.840000000000000377e-04
1.200000000000000000e+01 2.600000000000000000e+01 6.400000000000000000e+01 0.000000000000000000e+00 1.600000000000000089e+00 -2.455999999999999850e-03 -1.500000000000000031e-03 9.999959999999999960e-01 -3.669780000000000264e-01 9.302289999999999726e-01 4.939999999999999730e-04 -9.302259999999999973e-01 -3.669760000000000244e-01 -2.834999999999999847e-03
2.000000000000000000e+01 2.600000000000000000e+01 6.400000000000000000e+01 0.000000000000000000e+00 1.600000000000000089e+00 9.039999999999999642e-04 -2.880000000000000181e-03 9.999949999999999672e-01 -3.668980000000000019e-01 9.302559999999999718e-01 3.010999999999999788e-03 -9.302610000000000046e-01 -3.668989999999999752e-01 -2.149999999999999947e-04
2.300000000000000000e+01 2.600000000000000000e+01 6.400000000000000000e+01 0.000000000000000000e+00 1.600000000000000089e+00 2.805999999999999901e-03 3.168999999999999942e-03 9.999909999999999632e-01 -3.679450000000000220e-01 9.298450000000000326e-01 -1.913999999999999903e-03 -9.298429999999999751e-01 -3.679370000000000140e-01 3.775000000000000144e-03
2.800000000000000000e+01 2.600000000000000000e+01 6.400000000000000000e+01 0.000000000000000000e+00 1.600000000000000089e+00 4.230000000000000253e-03 4.028000000000000330e-03 9.999829999999999552e-01 -3.686559999999999837e-01 9.295630000000000281e-01 -2.184999999999999876e-03 -9.295560000000000489e-01 -3.686400000000000232e-01 5.416999999999999940e-03
6.000000000000000000e+00 6.900000000000000000e+01 6.600000000000000000e+01 0.000000000000000000e+00 1.600000000000000089e+00 -1.069000000000000072e-03 -1.222999999999999912e-03 9.999989999999999712e-01 -9.497499999999999831e-01 3.130089999999999817e-01 -6.329999999999999906e-04 -3.130080000000000084e-01 -9.497489999999999544e-01 -1.495999999999999934e-03
2.200000000000000000e+01 6.900000000000000000e+01 6.600000000000000000e+01 0.000000000000000000e+00 1.600000000000000089e+00 3.789999999999999966e-03 -1.822000000000000052e-03 9.999909999999999632e-01 -9.501129999999999853e-01 3.118779999999999886e-01 4.168999999999999963e-03 -3.118830000000000213e-01 -9.501199999999999646e-01 -5.490000000000000088e-04
9.000000000000000000e+00 2.500000000000000000e+01 7.300000000000000000e+01 0.000000000000000000e+00 1.600000000000000089e+00 9.319999999999999942e-04 -1.111999999999999924e-03 9.999989999999999712e-01 7.532539999999999791e-01 -6.577290000000000081e-01 -1.433999999999999945e-03 6.577290000000000081e-01 7.532539999999999791e-01 2.239999999999999966e-04
1.600000000000000000e+01 2.500000000000000000e+01 7.300000000000000000e+01 0.000000000000000000e+00 1.600000000000000089e+00 1.119999999999999983e-04 4.296999999999999605e-03 9.999909999999999632e-01 7.540829999999999478e-01 -6.567730000000000512e-01 2.736999999999999850e-03 6.567790000000000017e-01 7.540759999999999685e-01 -3.314000000000000105e-03
2.100000000000000000e+01 2.500000000000000000e+01 7.300000000000000000e+01 0.000000000000000000e+00 1.600000000000000089e+00 2.999999999999999737e-04 1.131999999999999977e-03 9.999989999999999712e-01 7.523499999999999632e-01 -6.587629999999999875e-01 5.199999999999999544e-04 6.587640000000000162e-01 7.523490000000000455e-01 -1.049000000000000019e-03
2.700000000000000000e+01 2.500000000000000000e+01 7.300000000000000000e+01 0.000000000000000000e+00 1.600000000000000089e+00 7.640000000000000306e-04 -2.416000000000000179e-03 9.999970000000000248e-01 7.504309999999999592e-01 -6.609450000000000047e-01 -2.170000000000000054e-03 6.609490000000000087e-01 7.504300000000000415e-01 1.307999999999999918e-03
2.000000000000000000e+00 4.400000000000000000e+01 7.300000000000000000e+01 0.000000000000000000e+00 1.600000000000000089e+00 5.100000000000000366e-04 -3.608000000000000096e-03 9.999930000000000208e-01 5.220899999999999846e-02 -9.986300000000000177e-01 -3.629999999999999980e-03 9.986359999999999681e-01 5.221100000000000046e-02 -3.200000000000000262e-04
9.000000000000000000e+00 4.400000000000000000e+01 7.300000000000000000e+01 0.000000000000000000e+00 1.600000000000000089e+00 -2.059999999999999928e-04 -1.858999999999999975e-03 9.999980000000000535e-01 5.252799999999999830e-02 -9.986180000000000057e-01 -1.845999999999999985e-03 9.986190000000000344e-01 5.252699999999999730e-02 3.029999999999999924e-04
1.600000000000000000e+01 4.400000000000000000e+01 7.300000000000000000e+01 0.000000000000000000e+00 1.600000000000000089e+00 1.005999999999999950e-03 2.240999999999999936e-03 9.999970000000000248e-01 5.133100000000000163e-02 -9.986789999999999834e-01 2.187000000000000142e-03 9.986810000000000409e-01 5.132899999999999963e-02 -1.119999999999999902e-03
