7.000000000000000000e+00 1.000000000000000000e+01 7.000000000000000000e+00 0.000000000000000000e+00 1.600000000000000089e+00 3.266800000000000259e-02 -8.059000000000000191e-03 9.994340000000000446e-01 7.947779999999999845e-01 -6.061149999999999594e-01 -3.086600000000000107e-02 6.060210000000000319e-01 7.953360000000000429e-01 -1.339500000000000066e-02
4.000000000000000000e+00 1.010000000000000000e+02 7.000000000000000000e+00 0.000000000000000000e+00 1.600000000000000089e+00 -3.379999999999999758e-04 -4.161999999999999901e-03 9.999909999999999632e-01 8.868099999999999872e-01 4.621279999999999832e-01 2.223000000000000149e-03 -4.621330000000000160e-01 8.868030000000000079e-01 3.534999999999999948e-03
1.200000000000000000e+01 1.010000000000000000e+02 7.000000000000000000e+00 0.000000000000000000e+00 1.600000000000000089e+00 -3.537000000000000213e-03 -1.565100000000000172e-02 9.998709999999999543e-01 8.882499999999999840e-01 4.592439999999999856e-01 1.033099999999999991e-02 -4.593470000000000053e-01 8.881719999999999615e-01 1.227699999999999972e-02
1.400000000000000000e+01 1.010000000000000000e+02 7.000000000000000000e+00 0.000000000000000000e+00 1.600000000000000089e+00 -3.230999999999999931e-03 -1.847000000000000031e-02 9.998240000000000460e-01 8.890949999999999687e-01 4.575819999999999887e-01 1.132700000000000026e-02 -4.577109999999999790e-01 8.889759999999999884e-01 1.494299999999999969e-02
1.800000000000000000e+01 1.010000000000000000e+02 7.000000000000000000e+00 0.000000000000000000e+00 1.600000000000000089e+00 -3.654000000000000130e-03 -1.361300000000000010e-02 9.999010000000000398e-01 8.908150000000000235e-01 4.542680000000000051e-01 9.440000000000000474e-03 -4.543510000000000049e-01 8.907610000000000250e-01 1.046700000000000061e-02
2.300000000000000000e+01 1.010000000000000000e+02 7.000000000000000000e+00 0.000000000000000000e+00 1.600000000000000089e+00 -2.737999999999999982e-03 -1.595999999999999849e-02 9.998690000000000078e-01 8.899029999999999996e-01 4.560460000000000069e-01 9.716000000000000678e-03 -4.561410000000000187e-01 8.898129999999999651e-01 1.295400000000000024e-02
7.000000000000000000e+00 2.500000000000000000e+01 8.000000000000000000e+00 0.000000000000000000e+00 1.600000000000000089e+00 1.391000000000000092e-03 8.769999999999999584e-04 -9.999989999999999712e-01 4.367550000000000043e-01 8.995790000000000175e-01 1.396000000000000105e-03 8.995790000000000175e-01 -4.367559999999999776e-01 8.679999999999999565e-04
1.300000000000000000e+01 2.500000000000000000e+01 8.000000000000000000e+00 0.000000000000000000e+00 1.600000000000000089e+00 2.919999999999999961e-04 2.438000000000000063e-03 -9.999970000000000248e-01 4.358730000000000104e-01 9.000050000000000550e-01 2.321999999999999845e-03 9.000080000000000302e-01 -4.358719999999999817e-01 -8.000000000000000383e-04
1.800000000000000000e+01 2.500000000000000000e+01 8.000000000000000000e+00 0.000000000000000000e+00 1.600000000000000089e+00 -2.850000000000000103e-03 -1.108999999999999960e-03 -9.999949999999999672e-01 4.365200000000000191e-01 8.996920000000000472e-01 -2.242000000000000069e-03 8.996899999999999897e-01 -4.365240000000000231e-01 -2.079999999999999818e-03
2.200000000000000000e+01 2.500000000000000000e+01 8.000000000000000000e+00 0.000000000000000000e+00 1.600000000000000089e+00 -8.630000000000000518e-04 -1.418999999999999906e-03 -9.999989999999999712e-01 4.371459999999999790e-01 8.993889999999999940e-01 -1.652999999999999955e-03 8.993900000000000228e-01 -4.371470000000000078e-01 -1.559999999999999972e-04
2.500000000000000000e+01 9.000000000000000000e+00 9.000000000000000000e+00 0.000000000000000000e+00 1.600000000000000089e+00 1.555699999999999965e-02 6.407000000000000368e-03 -9.998580000000000245e-01 -9.702309999999999546e-01 -2.416089999999999904e-01 -1.664399999999999907e-02 -2.416810000000000069e-01 9.703530000000000211e-01 2.458000000000000115e-03
4.000000000000000000e+00 2.400000000000000000e+01 9.000000000000000000e+00 0.000000000000000000e+00 1.600000000000000089e+00 -1.800000000000000113e-04 -3.286999999999999991e-03 -9.999949999999999672e-01 4.415160000000000196e-01 8.972480000000000455e-01 -3.029000000000000008e-03 8.972529999999999673e-01 -4.415140000000000176e-01 1.289999999999999914e-03
7.000000000000000000e+00 2.400000000000000000e+01 9.000000000000000000e+00 0.000000000000000000e+00 1.600000000000000089e+00 1.348000000000000023e-03 5.630000000000000239e-04 -9.999989999999999712e-01 4.434719999999999773e-01 8.962869999999999449e-01 1.101999999999999898e-03 8.962869999999999449e-01 -4.434730000000000061e-01 9.590000000000000000e-04
1.000000000000000000e+01 2.400000000000000000e+01 9.000000000000000000e+00 0.000000000000000000e+00 1.600000000000000089e+00 1.317000000000000028e-03 4.092000000000000151e-03 -9.999909999999999632e-01 4.432110000000000216e-01 8.964069999999999538e-01 4.251999999999999703e-03 8.964170000000000194e-01 -4.432119999999999949e-01 -6.329999999999999906e-04
1.800000000000000000e+01 2.400000000000000000e+01 9.000000000000000000e+00 0.000000000000000000e+00 1.600000000000000089e+00 -2.907999999999999995e-03 -1.449999999999999900e-03 -9.999949999999999672e-01 4.430870000000000086e-01 8.964750000000000218e-01 -2.589000000000000155e-03 8.964739999999999931e-01 -4.430930000000000146e-01 -1.964000000000000034e-03
2.200000000000000000e+01 2.400000000000000000e+01 9.000000000000000000e+00 0.000000000000000000e+00 1.600000000000000089e+00 -1.038999999999999993e-03 -9.190000000000000035e-04 -9.999989999999999712e-01 4.437769999999999770e-01 8.961360000000000436e-01 -1.283999999999999985e-03 8.961360000000000436e-01 -4.437780000000000058e-01 -5.230000000000000274e-04
2.800000000000000000e+01 2.400000000000000000e+01 9.000000000000000000e+00 0.000000000000000000e+00 1.600000000000000089e+00 -1.860000000000000108e-03 1.494000000000000102e-03 -9.999970000000000248e-01 4.439100000000000268e-01 8.960709999999999509e-01 5.140000000000000254e-04 8.960700000000000331e-01 -4.439069999999999960e-01 -2.330000000000000040e-03
2.100000000000000000e+01 8.000000000000000000e+00 1.000000000000000000e+01 0.000000000000000000e+00 1.600000000000000089e+00 1.534100000000000047e-02 -3.804000000000000090e-03 -9.998749999999999583e-01 -9.943440000000000056e-01 -1.051649999999999946e-01 -1.485599999999999941e-02 -1.050949999999999940e-01 9.944479999999999986e-01 -5.395999999999999755e-03
2.000000000000000000e+00 4.000000000000000000e+00 1.100000000000000000e+01 0.000000000000000000e+00 1.600000000000000089e+00 -6.359999999999999551e-04 1.815200000000000147e-02 9.998350000000000293e-01 1.804659999999999875e-01 -9.834169999999999856e-01 1.796899999999999886e-02 9.835810000000000386e-01 1.804479999999999973e-01 -2.651000000000000145e-03
1.000000000000000000e+01 4.000000000000000000e+00 1.100000000000000000e+01 0.000000000000000000e+00 1.600000000000000089e+00 4.970000000000000459e-04 -2.264000000000000040e-02 9.997439999999999660e-01 1.745230000000000115e-01 -9.843990000000000240e-01 -2.238000000000000059e-02 9.846530000000000005e-01 1.744900000000000062e-01 3.461999999999999800e-03
1.600000000000000000e+01 4.000000000000000000e+00 1.100000000000000000e+01 0.000000000000000000e+00 1.600000000000000089e+00 2.301000000000000094e-03 -1.213400000000000069e-02 9.999240000000000350e-01 1.774419999999999886e-01 -9.840539999999999843e-01 -1.234900000000000060e-02 9.841290000000000315e-01 1.774570000000000036e-01 -1.119999999999999983e-04
2.200000000000000000e+01 4.000000000000000000e+00 1.100000000000000000e+01 0.000000000000000000e+00 1.600000000000000089e+00 -3.357999999999999874e-03 1.392999999999999967e-02 9.998970000000000358e-01 1.402569999999999928e-01 -9.900120000000000031e-01 1.426400000000000064e-02 9.901090000000000169e-01 1.402909999999999990e-01 1.371000000000000040e-03
2.600000000000000000e+01 4.000000000000000000e+00 1.100000000000000000e+01 0.000000000000000000e+00 1.600000000000000089e+00 -3.457000000000000003e-03 1.289099999999999968e-02 9.999109999999999943e-01 1.349490000000000134e-01 -9.907639999999999780e-01 1.324000000000000003e-02 9.908460000000000045e-01 1.349829999999999919e-01 1.685999999999999999e-03
8.000000000000000000e+00 3.200000000000000000e+01 1.400000000000000000e+01 0.000000000000000000e+00 1.600000000000000089e+00 -5.940000000000000184e-04 3.999999999999999819e-06 -1.000000000000000000e+00 1.217759999999999954e-01 9.925580000000000513e-01 -6.799999999999999946e-05 9.925570000000000226e-01 -1.217759999999999954e-01 -5.900000000000000296e-04
1.200000000000000000e+01 3.200000000000000000e+01 1.400000000000000000e+01 0.000000000000000000e+00 1.600000000000000089e+00 1.910000000000000077e-04 4.376999999999999814e-03 -9.999900000000000455e-01 1.217860000000000054e-01 9.925469999999999571e-01 4.368000000000000355e-03 9.925559999999999938e-01 -1.217860000000000054e-01 -3.429999999999999889e-04
1.200000000000000000e+01 1.160000000000000000e+02 1.600000000000000000e+01 0.000000000000000000e+00 1.600000000000000089e+00 1.631000000000000071e-03 -2.779999999999999811e-04 9.999989999999999712e-01 7.002169999999999783e-01 7.139299999999999535e-01 -9.430000000000000448e-04 -7.139280000000000070e-01 7.002169999999999783e-01 1.358999999999999965e-03
8.000000000000000000e+00 2.000000000000000000e+00 1.900000000000000000e+01 0.000000000000000000e+00 1.600000000000000089e+00 6.191000000000000322e-03 -1.752499999999999891e-02 -9.998270000000000213e-01 3.592659999999999743e-01 -9.330500000000000460e-01 1.857899999999999829e-02 -9.332150000000000167e-01 -3.593189999999999995e-01 5.190000000000000386e-04
3.000000000000000000e+00 3.000000000000000000e+00 1.900000000000000000e+01 0.000000000000000000e+00 1.600000000000000089e+00 8.741000000000000505e-03 -2.957600000000000159e-02 -9.995239999999999680e-01 3.345080000000000275e-01 -9.418889999999999763e-01 3.079600000000000046e-02 -9.423519999999999675e-01 -3.346180000000000265e-01 1.660999999999999933e-03
9.000000000000000000e+00 3.000000000000000000e+00 1.900000000000000000e+01 0.000000000000000000e+00 1.600000000000000089e+00 4.721999999999999635e-03 -1.026600000000000082e-02 -9.999360000000000470e-01 3.316649999999999876e-01 -9.433300000000000018e-01 1.125100000000000058e-02 -9.433859999999999468e-01 -3.316959999999999908e-01 -1.049999999999999935e-03
1.300000000000000000e+01 3.000000000000000000e+00 1.900000000000000000e+01 0.000000000000000000e+00 1.600000000000000089e+00 3.829999999999999854e-04 -1.019999999999999992e-04 -1.000000000000000000e+00 3.330620000000000247e-01 -9.429049999999999931e-01 2.239999999999999966e-04 -9.429049999999999931e-01 -3.330620000000000247e-01 -3.280000000000000038e-04
1.700000000000000000e+01 3.000000000000000000e+00 1.900000000000000000e+01 0.000000000000000000e+00 1.600000000000000089e+00 -4.361000000000000293e-03 1.936299999999999827e-02 -9.998029999999999973e-01 3.387729999999999908e-01 -9.406619999999999981e-01 -1.969600000000000170e-02 -9.408579999999999721e-01 -3.387919999999999821e-01 -2.456999999999999983e-03
2.000000000000000000e+01 3.000000000000000000e+00 1.900000000000000000e+01 0.000000000000000000e+00 1.600000000000000089e+00 -7.028000000000000393e-03 2.473399999999999904e-02 -9.996690000000000298e-01 3.427769999999999984e-01 -9.390669999999999851e-01 -2.564500000000000113e-02 -9.393909999999999760e-01 -3.428430000000000089e-01 -1.879000000000000028e-03
2.500000000000000000e+01 3.000000000000000000e+00 1.900000000000000000e+01 0.000000000000000000e+00 1.600000000000000089e+00 -2.343000000000000031e-03 1.588200000000000028e-02 -9.998709999999999543e-01 3.450079999999999814e-01 -9.384679999999999689e-01 -1.571600000000000080e-02 -9.385970000000000146e-01 -3.450010000000000021e-01 -3.279999999999999930e-03
3.000000000000000000e+01 3.000000000000000000e+00 1.900000000000000000e+01 0.000000000000000000e+00 1.600000000000000089e+00 -2.688999999999999984e-03 1.320999999999999952e-02 -9.999090000000000478e-01 3.446839999999999904e-01 -9.386240000000000139e-01 -1.332700000000000030e-02 -9.387149999999999661e-01 -3.446879999999999944e-01 -2.028999999999999988e-03
2.600000000000000000e+01 4.000000000000000000e+00 2.000000000000000000e+01 0.000000000000000000e+00 1.600000000000000089e+00 -1.229999999999999974e-03 1.336599999999999941e-02 -9.999099999999999655e-01 3.783799999999999941e-01 -9.255609999999999671e-01 -1.283699999999999945e-02 -9.256499999999999728e-01 -3.783619999999999761e-01 -3.917999999999999608e-03
4.000000000000000000e+00 1.300000000000000000e+01 2.000000000000000000e+01 0.000000000000000000e+00 1.600000000000000089e+00 5.810000000000000277e-04 3.890000000000000228e-04 1.000000000000000000e+00 2.610120000000000218e-01 9.653359999999999719e-01 -5.270000000000000162e-04 -9.653350000000000541e-01 2.610120000000000218e-01 4.600000000000000139e-04
1.100000000000000000e+01 1.300000000000000000e+01 2.000000000000000000e+01 0.000000000000000000e+00 1.600000000000000089e+00 -1.420000000000000092e-04 -1.283000000000000069e-03 9.999989999999999712e-01 2.595830000000000082e-01 9.657200000000000228e-01 1.275000000000000092e-03 -9.657210000000000516e-01 2.595830000000000082e-01 1.959999999999999937e-04
1.500000000000000000e+01 1.300000000000000000e+01 2.000000000000000000e+01 0.000000000000000000e+00 1.600000000000000089e+00 7.870000000000000476e-04 -1.358999999999999965e-03 9.999989999999999712e-01 2.585890000000000133e-01 9.659870000000000401e-01 1.110000000000000092e-03 -9.659870000000000401e-01 2.585870000000000113e-01 1.111000000000000008e-03
2.100000000000000000e+01 1.300000000000000000e+01 2.000000000000000000e+01 0.000000000000000000e+00 1.600000000000000089e+00 -7.200000000000000182e-05 -1.879999999999999944e-03 9.999980000000000535e-01 2.597289999999999877e-01 9.656799999999999828e-01 1.833999999999999910e-03 -9.656810000000000116e-01 2.597289999999999877e-01 4.189999999999999931e-04
2.400000000000000000e+01 1.300000000000000000e+01 2.000000000000000000e+01 0.000000000000000000e+00 1.600000000000000089e+00 -2.139999999999999975e-04 -3.063999999999999883e-03 9.999949999999999672e-01 2.607430000000000025e-01 9.654040000000000399e-01 3.014000000000000186e-03 -9.654080000000000439e-01 2.607419999999999738e-01 5.919999999999999698e-04
2.800000000000000000e+01 1.300000000000000000e+01 2.000000000000000000e+01 0.000000000000000000e+00 1.600000000000000089e+00 -4.100000000000000047e-05 -3.941000000000000059e-03 9.999919999999999920e-01 2.607550000000000145e-01 9.653969999999999496e-01 3.814999999999999815e-03 -9.654049999999999576e-01 2.607530000000000125e-01 9.879999999999999460e-04
3.000000000000000000e+00 1.600000000000000000e+01 2.100000000000000000e+01 0.000000000000000000e+00 1.600000000000000089e+00 3.440000000000000132e-04 2.096999999999999906e-03 9.999980000000000535e-01 2.988930000000000198e-01 9.542840000000000211e-01 -2.103999999999999967e-03 -9.542869999999999964e-01 2.988930000000000198e-01 -2.979999999999999793e-04
2.400000000000000000e+01 1.600000000000000000e+01 2.100000000000000000e+01 0.000000000000000000e+00 1.600000000000000089e+00 -6.750000000000000357e-04 -4.521999999999999978e-03 9.999900000000000455e-01 2.978160000000000251e-01 9.546130000000000448e-01 4.518000000000000314e-03 -9.546229999999999993e-01 2.978160000000000251e-01 7.029999999999999574e-04
3.000000000000000000e+00 2.000000000000000000e+00 2.500000000000000000e+01 0.000000000000000000e+00 1.600000000000000089e+00 1.078499999999999945e-02 -3.177800000000000069e-02 9.994370000000000198e-01 7.992200000000000693e-02 -9.962699999999999889e-01 -3.253899999999999848e-02 9.967430000000000456e-01 8.022799999999999376e-02 -8.205000000000000487e-03
2.200000000000000000e+01 2.000000000000000000e+00 2.500000000000000000e+01 0.000000000000000000e+00 1.600000000000000089e+00 -9.360000000000000264e-03 1.998499999999999929e-02 9.997570000000000068e-01 7.649400000000000643e-02 -9.968559999999999643e-01 2.064300000000000163e-02 9.970259999999999678e-01 7.666900000000000104e-02 7.800999999999999775e-03
2.500000000000000000e+01 2.000000000000000000e+00 2.500000000000000000e+01 0.000000000000000000e+00 1.600000000000000089e+00 -7.764000000000000068e-03 1.620500000000000065e-02 9.998390000000000333e-01 8.366700000000000526e-02 -9.963520000000000154e-01 1.679800000000000043e-02 9.964629999999999876e-01 8.378399999999999737e-02 6.380000000000000254e-03
1.000000000000000000e+00 3.000000000000000000e+00 2.500000000000000000e+01 0.000000000000000000e+00 1.600000000000000089e+00 8.116999999999999216e-03 -2.929400000000000059e-02 9.995380000000000376e-01 -8.530000000000000256e-04 -9.995709999999999873e-01 -2.928800000000000153e-02 9.999670000000000503e-01 -6.149999999999999868e-04 -8.139000000000000401e-03
8.000000000000000000e+00 3.000000000000000000e+00 2.500000000000000000e+01 0.000000000000000000e+00 1.600000000000000089e+00 3.076000000000000175e-03 -1.050399999999999945e-02 9.999400000000000510e-01 -3.282500000000000001e-02 -9.994070000000000453e-01 -1.039699999999999999e-02 9.994560000000000111e-01 -3.279100000000000070e-02 -3.419000000000000164e-03
1.400000000000000000e+01 3.000000000000000000e+00 2.500000000000000000e+01 0.000000000000000000e+00 1.600000000000000089e+00 -1.544999999999999932e-03 1.871000000000000050e-03 9.999970000000000248e-01 -3.398099999999999732e-02 -9.994210000000000038e-01 1.817000000000000039e-03 9.994210000000000038e-01 -3.397800000000000126e-02 1.606999999999999922e-03
1.400000000000000000e+01 4.600000000000000000e+01 2.700000000000000000e+01 0.000000000000000000e+00 1.600000000000000089e+00 -1.320999999999999909e-03 -1.700000000000000122e-04 -9.999989999999999712e-01 6.764139999999999597e-01 7.365209999999999813e-01 -1.018999999999999941e-03 7.365199999999999525e-01 -6.764149999999999885e-01 -8.580000000000000387e-04
2.300000000000000000e+01 4.600000000000000000e+01 3.000000000000000000e+01 0.000000000000000000e+00 1.600000000000000089e+00 -1.384000000000000031e-03 -1.891000000000000103e-03 -9.999970000000000248e-01 3.336729999999999974e-01 9.426860000000000239e-01 -2.245000000000000034e-03 9.426879999999999704e-01 -3.336749999999999994e-01 -6.740000000000000114e-04
2.600000000000000000e+01 5.800000000000000000e+01 3.100000000000000000e+01 0.000000000000000000e+00 1.600000000000000089e+00 5.444000000000000054e-03 2.781000000000000052e-03 9.999810000000000088e-01 -8.109979999999999967e-01 -5.850180000000000380e-01 6.041999999999999628e-03 5.850239999999999885e-01 -8.110159999999999592e-01 -9.300000000000000541e-04
2.900000000000000000e+01 4.300000000000000000e+01 3.400000000000000000e+01 0.000000000000000000e+00 1.600000000000000089e+00 -1.141000000000000087e-03 -9.251000000000000542e-03 -9.999569999999999848e-01 -3.250970000000000248e-01 9.456440000000000401e-01 -8.378000000000000030e-03 9.456799999999999651e-01 3.250730000000000008e-01 -4.086000000000000222e-03
4.000000000000000000e+00 4.600000000000000000e+01 3.500000000000000000e+01 0.000000000000000000e+00 1.600000000000000089e+00 -5.000000000000000409e-06 4.189999999999999931e-04 -1.000000000000000000e+00 3.909580000000000277e-01 -9.204080000000000039e-01 -3.869999999999999742e-04 -9.204090000000000327e-01 -3.909580000000000277e-01 -1.589999999999999888e-04
1.400000000000000000e+01 4.600000000000000000e+01 3.500000000000000000e+01 0.000000000000000000e+00 1.600000000000000089e+00 -1.258999999999999920e-03 -1.060000000000000016e-04 -9.999989999999999712e-01 3.906959999999999877e-01 -9.205200000000000049e-01 -3.939999999999999817e-04 -9.205189999999999761e-01 -3.906959999999999877e-01 1.199999999999999895e-03
2.100000000000000000e+01 4.600000000000000000e+01 3.500000000000000000e+01 0.000000000000000000e+00 1.600000000000000089e+00 -7.299999999999999903e-05 -2.148999999999999869e-03 -9.999980000000000535e-01 3.895569999999999866e-01 -9.210000000000000409e-01 1.949999999999999910e-03 -9.210019999999999873e-01 -3.895560000000000134e-01 9.049999999999999885e-04
2.700000000000000000e+01 4.600000000000000000e+01 3.500000000000000000e+01 0.000000000000000000e+00 1.600000000000000089e+00 6.210000000000000242e-04 9.294999999999999443e-03 -9.999569999999999848e-01 3.888499999999999734e-01 -9.212639999999999718e-01 -8.321999999999999537e-03 -9.213010000000000366e-01 -3.888280000000000070e-01 -4.185999999999999617e-03
6.000000000000000000e+00 9.500000000000000000e+01 3.600000000000000000e+01 0.000000000000000000e+00 1.600000000000000089e+00 3.057999999999999954e-03 9.775999999999999968e-03 9.999479999999999480e-01 9.966979999999999729e-01 8.111200000000000354e-02 -3.840999999999999796e-03 -8.114499999999999491e-02 9.966570000000000151e-01 -9.495999999999999233e-03
1.200000000000000000e+01 9.500000000000000000e+01 3.600000000000000000e+01 0.000000000000000000e+00 1.600000000000000089e+00 2.784000000000000016e-03 5.961000000000000153e-03 9.999780000000000335e-01 9.962419999999999609e-01 8.655000000000000193e-02 -3.289999999999999956e-03 -8.656800000000000606e-02 9.962299999999999489e-01 -5.696999999999999807e-03
4.000000000000000000e+00 2.900000000000000000e+01 4.400000000000000000e+01 0.000000000000000000e+00 1.600000000000000089e+00 3.699999999999999947e-04 -3.899999999999999929e-04 -1.000000000000000000e+00 6.599850000000000438e-01 7.512780000000000014e-01 -4.899999999999999842e-05 7.512780000000000014e-01 -6.599850000000000438e-01 5.349999999999999938e-04
1.400000000000000000e+01 2.900000000000000000e+01 4.400000000000000000e+01 0.000000000000000000e+00 1.600000000000000089e+00 -6.899999999999999667e-05 2.224999999999999981e-03 -9.999970000000000248e-01 6.617539999999999534e-01 7.497190000000000243e-01 1.621999999999999961e-03 7.497209999999999708e-01 -6.617520000000000069e-01 -1.525000000000000097e-03
1.800000000000000000e+01 2.900000000000000000e+01 4.400000000000000000e+01 0.000000000000000000e+00 1.600000000000000089e+00 -1.294999999999999927e-03 3.017000000000000150e-03 -9.999949999999999672e-01 6.455689999999999484e-01 7.637000000000000455e-01 1.467999999999999904e-03 7.637009999999999632e-01 -6.455640000000000267e-01 -2.936999999999999941e-03
2.200000000000000000e+01 2.900000000000000000e+01 4.400000000000000000e+01 0.000000000000000000e+00 1.600000000000000089e+00 -2.746999999999999876e-03 -1.482999999999999943e-03 -9.999949999999999672e-01 6.504320000000000102e-01 7.595589999999999842e-01 -2.912999999999999791e-03 7.595589999999999842e-01 -6.504370000000000429e-01 -1.121999999999999950e-03
2.800000000000000000e+01 2.900000000000000000e+01 4.400000000000000000e+01 0.000000000000000000e+00 1.600000000000000089e+00 -2.209000000000000026e-03 1.809000000000000061e-03 -9.999959999999999960e-01 6.573210000000000441e-01 7.536110000000000309e-01 -8.899999999999999491e-05 7.536079999999999446e-01 -6.573179999999999579e-01 -2.854000000000000200e-03
9.000000000000000000e+00 5.000000000000000000e+00 5.100000000000000000e+01 0.000000000000000000e+00 1.600000000000000089e+00 -1.820000000000000057e-04 7.120999999999999726e-03 -9.999749999999999472e-01 4.884560000000000013e-01 -8.725659999999999528e-01 -6.302000000000000310e-03 -8.725880000000000303e-01 -4.884450000000000180e-01 -3.318999999999999902e-03
1.200000000000000000e+01 6.000000000000000000e+00 5.100000000000000000e+01 0.000000000000000000e+00 1.600000000000000089e+00 6.899999999999999667e-05 4.375000000000000416e-03 -9.999900000000000455e-01 3.151010000000000200e-01 -9.490490000000000315e-01 -4.129999999999999991e-03 -9.490579999999999572e-01 -3.150979999999999892e-01 -1.443999999999999971e-03
3.000000000000000000e+01 1.150000000000000000e+02 5.100000000000000000e+01 0.000000000000000000e+00 1.600000000000000089e+00 7.730000000000000326e-04 1.023999999999999954e-03 9.999989999999999712e-01 8.458989999999999565e-01 -5.333430000000000115e-01 -1.069999999999999988e-04 5.333419999999999828e-01 8.458989999999999565e-01 -1.278000000000000056e-03
2.300000000000000000e+01 1.600000000000000000e+01 5.200000000000000000e+01 0.000000000000000000e+00 1.600000000000000089e+00 -2.436999999999999930e-03 -5.190000000000000386e-04 -9.999970000000000248e-01 7.769319999999999560e-01 6.295809999999999462e-01 -2.220000000000000185e-03 6.295800000000000285e-01 -7.769350000000000422e-01 -1.131000000000000061e-03
1.900000000000000000e+01 5.800000000000000000e+01 5.200000000000000000e+01 0.000000000000000000e+00 1.600000000000000089e+00 6.939999999999999555e-04 -8.078999999999999376e-03 9.999670000000000503e-01 -6.309719999999999773e-01 7.757770000000000499e-01 6.705000000000000022e-03 -7.758059999999999956e-01 -6.309550000000000436e-01 -4.558999999999999685e-03
4.000000000000000000e+00 6.300000000000000000e+01 5.400000000000000000e+01 0.000000000000000000e+00 1.600000000000000089e+00 -1.056999999999999997e-03 1.580000000000000024e-03 9.999980000000000535e-01 -3.436279999999999890e-01 9.391040000000000498e-01 -1.846999999999999901e-03 -9.391049999999999676e-01 -3.436299999999999910e-01 -4.499999999999999877e-04
1.300000000000000000e+01 6.300000000000000000e+01 5.400000000000000000e+01 0.000000000000000000e+00 1.600000000000000089e+00 -2.369999999999999874e-04 2.909999999999999826e-03 9.999959999999999960e-01 -3.462509999999999755e-01 9.381380000000000274e-01 -2.811999999999999830e-03 -9.381420000000000314e-01 -3.462500000000000022e-01 7.860000000000000233e-04
2.400000000000000000e+01 6.300000000000000000e+01 5.400000000000000000e+01 0.000000000000000000e+00 1.600000000000000089e+00 9.730000000000000151e-04 -6.023999999999999841e-03 9.999810000000000088e-01 -3.541449999999999876e-01 9.351709999999999745e-01 5.977999999999999807e-03 -9.351899999999999658e-01 -3.541440000000000143e-01 -1.224000000000000045e-03
2.800000000000000000e+01 6.300000000000000000e+01 5.400000000000000000e+01 0.000000000000000000e+00 1.600000000000000089e+00 1.168999999999999900e-03 -2.507000000000000114e-03 9.999959999999999960e-01 -3.567649999999999988e-01 9.341899999999999649e-01 2.759000000000000168e-03 -9.341930000000000511e-01 -3.567670000000000008e-01 1.969999999999999909e-04
8.000000000000000000e+00 2.500000000000000000e+01 5.500000000000000000e+01 0.000000000000000000e+00 1.600000000000000089e+00 1.234000000000000071e-03 3.600000000000000091e-05 -9.999989999999999712e-01 -1.157599999999999948e-02 -9.999329999999999607e-01 -5.000000000000000240e-05 -9.999320000000000430e-01 1.157700000000000048e-02 -1.232999999999999938e-03
1.500000000000000000e+01 2.500000000000000000e+01 5.500000000000000000e+01 0.000000000000000000e+00 1.600000000000000089e+00 -1.310000000000000129e-04 1.572000000000000047e-03 -9.999989999999999712e-01 -1.142999999999999919e-02 -9.999329999999999607e-01 -1.569999999999999998e-03 -9.999350000000000183e-01 1.142999999999999919e-02 1.489999999999999897e-04
2.300000000000000000e+01 2.500000000000000000e+01 5.500000000000000000e+01 0.000000000000000000e+00 1.600000000000000089e+00 8.189999999999999581e-04 7.640000000000000306e-04 -9.999989999999999712e-01 -1.232699999999999942e-02 -9.999240000000000350e-01 -7.739999999999999485e-04 -9.999240000000000350e-01 1.232699999999999942e-02 -8.090000000000000403e-04
1.200000000000000000e+01 2.000000000000000000e+01 6.000000000000000000e+01 0.000000000000000000e+00 1.600000000000000089e+00 -7.770000000000000214e-04 -3.680000000000000003e-04 1.000000000000000000e+00 -6.275000000000000022e-02 9.980290000000000550e-01 3.179999999999999776e-04 -9.980290000000000550e-01 -6.275000000000000022e-02 -7.979999999999999897e-04
1.700000000000000000e+01 2.000000000000000000e+01 6.000000000000000000e+01 0.000000000000000000e+00 1.600000000000000089e+00 1.649999999999999991e-03 2.347000000000000128e-03 9.999959999999999960e-01 -6.156899999999999873e-02 9.980999999999999872e-01 -2.240999999999999936e-03 -9.981010000000000160e-01 -6.156500000000000167e-02 1.791000000000000057e-03
4.000000000000000000e+00 2.100000000000000000e+01 6.000000000000000000e+01 0.000000000000000000e+00 1.600000000000000089e+00 -1.237999999999999951e-03 6.923000000000000334e-03 9.999749999999999472e-01 -9.693200000000000427e-02 9.952659999999999840e-01 -7.009999999999999738e-03 -9.952900000000000080e-01 -9.693799999999999639e-02 -5.609999999999999752e-04
8.000000000000000000e+00 2.100000000000000000e+01 6.000000000000000000e+01 0.000000000000000000e+00 1.600000000000000089e+00 1.309999999999999967e-03 3.292999999999999920e-03 9.999940000000000495e-01 -9.618899999999999673e-02 9.953579999999999650e-01 -3.151999999999999854e-03 -9.953619999999999690e-01 -9.618500000000000660e-02 1.621000000000000045e-03
2.000000000000000000e+01 2.100000000000000000e+01 6.000000000000000000e+01 0.000000000000000000e+00 1.600000000000000089e+00 6.620000000000000450e-04 -4.650000000000000270e-04 1.000000000000000000e+00 -9.585200000000000664e-02 9.953950000000000298e-01 5.259999999999999919e-04 -9.953950000000000298e-01 -9.585299999999999376e-02 6.139999999999999625e-04
2.400000000000000000e+01 2.100000000000000000e+01 6.000000000000000000e+01 0.000000000000000000e+00 1.600000000000000089e+00 -1.213000000000000102e-03 1.526999999999999929e-03 9.999980000000000535e-01 -9.605600000000000249e-02 9.953750000000000098e-01 -1.636000000000000084e-03 -9.953750000000000098e-01 -9.605800000000000449e-02 -1.061000000000000094e-03
2.700000000000000000e+01 2.100000000000000000e+01 6.000000000000000000e+01 0.000000000000000000e+00 1.600000000000000089e+00 -1.294999999999999927e-03 4.869000000000000064e-03 9.999869999999999592e-01 -9.428599999999999481e-02 9.955330000000000013e-01 -4.969000000000000326e-03 -9.955439999999999845e-01 -9.429099999999999981e-02 -8.310000000000000329e-04
1.500000000000000000e+01 6.700000000000000000e+01 6.000000000000000000e+01 0.000000000000000000e+00 1.600000000000000089e+00 -7.960000000000000495e-04 -4.147999999999999778e-03 9.999909999999999632e-01 1.726419999999999899e-01 -9.849769999999999914e-01 -3.949000000000000253e-03 9.849839999999999707e-01 1.726380000000000137e-01 1.500000000000000031e-03
5.000000000000000000e+00 3.000000000000000000e+00 6.300000000000000000e+01 0.000000000000000000e+00 1.600000000000000089e+00 9.229999999999999923e-04 -5.455999999999999912e-03 9.999850000000000128e-01 -6.115599999999999925e-01 7.911829999999999696e-01 4.880999999999999922e-03 -7.911979999999999569e-01 -6.115549999999999597e-01 -2.605999999999999810e-03
2.300000000000000000e+01 3.000000000000000000e+00 6.300000000000000000e+01 0.000000000000000000e+00 1.600000000000000089e+00 -1.288999999999999998e-03 -7.510000000000000182e-03 9.999710000000000543e-01 -6.154020000000000046e-01 7.881970000000000365e-01 5.126000000000000348e-03 -7.882130000000000525e-01 -6.153769999999999518e-01 -5.636999999999999650e-03
4.000000000000000000e+00 2.700000000000000000e+01 6.300000000000000000e+01 0.000000000000000000e+00 1.600000000000000089e+00 1.364999999999999894e-03 -1.159899999999999994e-02 9.999320000000000430e-01 -2.749630000000000130e-01 9.613859999999999628e-01 1.152700000000000079e-02 -9.614540000000000308e-01 -2.749599999999999822e-01 -1.876999999999999979e-03
8.000000000000000000e+00 2.700000000000000000e+01 6.300000000000000000e+01 0.000000000000000000e+00 1.600000000000000089e+00 3.080999999999999971e-03 -4.608000000000000117e-03 9.999850000000000128e-01 -2.733490000000000086e-01 9.618999999999999773e-01 5.275000000000000175e-03 -9.619100000000000428e-01 -2.733610000000000206e-01 1.704000000000000003e-03
1.300000000000000000e+01 2.700000000000000000e+01 6.300000000000000000e+01 0.000000000000000000e+00 1.600000000000000089e+00 4.970000000000000459e-04 -1.881999999999999992e-03 9.999980000000000535e-01 -2.717589999999999728e-01 9.623629999999999685e-01 1.946000000000000030e-03 -9.623650000000000260e-01 -2.717600000000000016e-01 -3.399999999999999973e-05
2.100000000000000000e+01 2.700000000000000000e+01 6.300000000000000000e+01 0.000000000000000000e+00 1.600000000000000089e+00 1.310000000000000129e-04 -4.597000000000000391e-03 9.999890000000000168e-01 -2.750119999999999787e-01 9.614300000000000068e-01 4.455999999999999892e-03 -9.614409999999999901e-01 -2.750099999999999767e-01 -1.137999999999999906e-03
2.600000000000000000e+01 2.700000000000000000e+01 6.300000000000000000e+01 0.000000000000000000e+00 1.600000000000000089e+00 7.579999999999999932e-04 1.162000000000000055e-03 9.999989999999999712e-01 -2.745440000000000103e-01 9.615740000000000398e-01 -9.089999999999999773e-04 -9.615740000000000398e-01 -2.745429999999999815e-01 1.048000000000000103e-03
5.000000000000000000e+00 2.600000000000000000e+01 6.400000000000000000e+01 0.000000000000000000e+00 1.600000000000000089e+00 3.210000000000000180e-03 -7.669999999999999735e-03 9.999649999999999928e-01 -3.708099999999999730e-01 9.286720000000000530e-01 8.312999999999999209e-03 -9.287029999999999452e-01 -3.708239999999999870e-01 1.369999999999999961e-04
9.000000000000000000e+00 2.600000000000000000e+01 6.400000000000000000e+01 0.000000000000000000e+00 1.600000000000000089e+00 2.647000000000000047e-03 -2.762999999999999831e-03 9.999930000000000208e-01 -3.657540000000000235e-01 9.307050000000000045e-01 3.540000000000000178e-03 -9.307079999999999798e-01 -3.657610000000000028e-01 1.453000000000000081e-03
1.400000000000000000e+01 2.600000000000000000e+01 6.400000000000000000e+01 0.000000000000000000e+00 1.600000000000000089e+00 9.810000000000001011e-04 -3.969999999999999571e-03 9.999919999999999920e-01 -3.646750000000000269e-01 9.311260000000000092e-01 4.054000000000000312e-03 -9.311340000000000172e-01 -3.646760000000000002e-01 -5.339999999999999695e-04
1.900000000000000000e+01 2.600000000000000000e+01 6.400000000000000000e+01 0.000000000000000000e+00 1.600000000000000089e+00 5.590000000000000351e-04 -3.787000000000000002e-03 9.999930000000000208e-01 -3.685930000000000040e-01 9.295830000000000481e-01 3.726999999999999844e-03 -9.295909999999999451e-01 -3.685930000000000040e-01 -8.769999999999999584e-04
2.300000000000000000e+01 2.600000000000000000e+01 6.400000000000000000e+01 0.000000000000000000e+00 1.600000000000000089e+00 7.950000000000000252e-04 -3.720000000000000216e-03 9.999930000000000208e-01 -3.690140000000000087e-01 9.294160000000000199e-01 3.749999999999999861e-03 -9.294229999999999992e-01 -3.690140000000000087e-01 -6.340000000000000149e-04
2.800000000000000000e+01 2.600000000000000000e+01 6.400000000000000000e+01 0.000000000000000000e+00 1.600000000000000089e+00 7.299999999999999632e-04 3.720999999999999915e-03 9.999930000000000208e-01 -3.672560000000000269e-01 9.301150000000000251e-01 -3.193000000000000092e-03 -9.301199999999999468e-01 -3.672509999999999941e-01 2.046000000000000076e-03
5.000000000000000000e+00 6.900000000000000000e+01 6.600000000000000000e+01 0.000000000000000000e+00 1.600000000000000089e+00 -3.969999999999999571e-03 -3.435999999999999818e-03 9.999860000000000415e-01 -9.458280000000000021e-01 3.246560000000000001e-01 -2.638999999999999853e-03 -3.246430000000000149e-01 -9.458259999999999446e-01 -4.538999999999999632e-03
1.000000000000000000e+01 6.900000000000000000e+01 6.600000000000000000e+01 0.000000000000000000e+00 1.600000000000000089e+00 9.060000000000000128e-04 -1.420999999999999954e-03 9.999989999999999712e-01 -9.467210000000000347e-01 3.220509999999999762e-01 1.314999999999999980e-03 -3.220520000000000049e-01 -9.467210000000000347e-01 -1.054000000000000032e-03
1.900000000000000000e+01 6.900000000000000000e+01 6.600000000000000000e+01 0.000000000000000000e+00 1.600000000000000089e+00 -1.922000000000000097e-03 -6.296999999999999646e-03 9.999780000000000335e-01 -9.487630000000000230e-01 3.159890000000000199e-01 1.669999999999999935e-04 -3.159830000000000139e-01 -9.487419999999999742e-01 -6.582000000000000177e-03
3.000000000000000000e+01 6.900000000000000000e+01 6.600000000000000000e+01 0.000000000000000000e+00 1.600000000000000089e+00 -5.160999999999999789e-03 9.735000000000000597e-03 9.999390000000000223e-01 -9.498109999999999609e-01 3.127229999999999732e-01 -7.946999999999999204e-03 -3.127820000000000045e-01 -9.497940000000000271e-01 7.631999999999999895e-03
6.000000000000000000e+00 2.500000000000000000e+01 7.300000000000000000e+01 0.000000000000000000e+00 1.600000000000000089e+00 2.138999999999999842e-03 1.379999999999999933e-04 9.999980000000000535e-01 7.603980000000000183e-01 -6.494550000000000045e-01 -1.536999999999999955e-03 6.494529999999999470e-01 7.603999999999999648e-01 -1.494000000000000102e-03
1.300000000000000000e+01 2.500000000000000000e+01 7.300000000000000000e+01 0.000000000000000000e+00 1.600000000000000089e+00 -1.013999999999999927e-03 -1.955000000000000140e-03 9.999980000000000535e-01 7.554950000000000276e-01 -6.551540000000000141e-01 -5.150000000000000498e-04 6.551529999999999854e-01 7.554929999999999701e-01 2.141000000000000108e-03
2.200000000000000000e+01 2.500000000000000000e+01 7.300000000000000000e+01 0.000000000000000000e+00 1.600000000000000089e+00 -1.441000000000000007e-03 -2.380999999999999870e-03 9.999959999999999960e-01 7.539949999999999708e-01 -6.568800000000000194e-01 -4.769999999999999934e-04 6.568789999999999907e-01 7.539909999999999668e-01 2.742000000000000080e-03
1.000000000000000000e+00 4.400000000000000000e+01 7.300000000000000000e+01 0.000000000000000000e+00 1.600000000000000089e+00 -1.531000000000000026e-03 2.902000000000000066e-03 9.999949999999999672e-01 5.575600000000000001e-02 -9.984399999999999942e-01 2.982999999999999974e-03 9.984429999999999694e-01 5.576099999999999807e-02 1.366999999999999943e-03
7.000000000000000000e+00 4.400000000000000000e+01 7.300000000000000000e+01 0.000000000000000000e+00 1.600000000000000089e+00 -3.139999999999999888e-04 -1.319000000000000077e-03 9.999989999999999712e-01 5.520499999999999713e-02 -9.984739999999999727e-01 -1.299000000000000024e-03 9.984750000000000014e-01 5.520499999999999713e-02 3.860000000000000041e-04
1.300000000000000000e+01 4.400000000000000000e+01 7.300000000000000000e+01 0.000000000000000000e+00 1.600000000000000089e+00 8.249999999999999955e-04 2.999999999999999737e-04 1.000000000000000000e+00 5.680299999999999933e-02 -9.983849999999999669e-01 2.530000000000000239e-04 9.983849999999999669e-01 5.680299999999999933e-02 -8.409999999999999507e-04
2.000000000000000000e+01 4.400000000000000000e+01 7.300000000000000000e+01 0.000000000000000000e+00 1.600000000000000089e+00 1.948000000000000079e-03 3.455000000000000172e-03 9.999919999999999920e-01 5.813499999999999918e-02 -9.983030000000000515e-01 3.334999999999999857e-03 9.983070000000000555e-01 5.812799999999999911e-02 -2.145999999999999904e-03
2.800000000000000000e+01 4.400000000000000000e+01 7.300000000000000000e+01 0.000000000000000000e+00 1.600000000000000089e+00 -1.077999999999999965e-03 1.623000000000000094e-03 9.999980000000000535e-01 5.809799999999999687e-02 -9.983090000000000019e-01 1.683000000000000034e-03 9.983100000000000307e-01 5.809899999999999787e-02 9.820000000000000170e-04
2.000000000000000000e+00 2.500000000000000000e+01 7.400000000000000000e+01 0.000000000000000000e+00 1.600000000000000089e+00 3.426999999999999925e-03 3.178999999999999968e-03 9.999890000000000168e-01 8.315150000000000041e-01 -5.555020000000000513e-01 -1.082999999999999978e-03 5.554919999999999858e-01 8.315090000000000536e-01 -4.547999999999999959e-03
7.000000000000000000e+00 9.900000000000000000e+01 7.500000000000000000e+01 0.000000000000000000e+00 1.600000000000000089e+00 -3.062000000000000052e-03 -4.605999999999999851e-03 -9.999850000000000128e-01 -8.839789999999999592e-01 4.675259999999999971e-01 5.529999999999999976e-04 4.675159999999999871e-01 8.839669999999999472e-01 -5.503000000000000079e-03
2.900000000000000000e+01 9.900000000000000000e+01 7.500000000000000000e+01 0.000000000000000000e+00 1.600000000000000089e+00 -8.549999999999999658e-04 6.251999999999999745e-03 -9.999799999999999800e-01 -8.836359999999999770e-01 4.681609999999999938e-01 3.683000000000000076e-03 4.681750000000000078e-01 8.836209999999999898e-01 5.124000000000000082e-03
