9.000000000000000000e+00 2.500000000000000000e+01 1.000000000000000000e+00 0.000000000000000000e+00 1.600000000000000089e+00 -1.358999999999999965e-03 2.979999999999999793e-04 -9.999989999999999712e-01 -5.313250000000000473e-01 -8.471680000000000321e-01 4.690000000000000158e-04 -8.471670000000000034e-01 5.313250000000000473e-01 1.309000000000000051e-03
1.900000000000000000e+01 2.500000000000000000e+01 1.000000000000000000e+00 0.000000000000000000e+00 1.600000000000000089e+00 5.399999999999999798e-05 -7.922000000000000222e-03 -9.999689999999999968e-01 -5.280319999999999458e-01 -8.491980000000000084e-01 6.699000000000000093e-03 -8.492239999999999789e-01 5.280150000000000121e-01 -4.229000000000000120e-03
2.800000000000000000e+01 3.000000000000000000e+00 3.000000000000000000e+00 0.000000000000000000e+00 1.600000000000000089e+00 1.038830000000000031e-01 2.928800000000000153e-02 -9.941579999999999862e-01 -8.975389999999999757e-01 -4.279060000000000086e-01 -1.063940000000000025e-01 -4.285220000000000140e-01 9.033489999999999576e-01 -1.816500000000000059e-02
1.000000000000000000e+00 1.500000000000000000e+01 4.000000000000000000e+00 0.000000000000000000e+00 1.600000000000000089e+00 4.606999999999999984e-03 7.446000000000000361e-03 9.999620000000000175e-01 3.206060000000000021e-01 -9.471960000000000379e-01 5.576000000000000227e-03 9.472009999999999597e-01 3.205680000000000196e-01 -6.751000000000000056e-03
7.000000000000000000e+00 1.500000000000000000e+01 4.000000000000000000e+00 0.000000000000000000e+00 1.600000000000000089e+00 6.700000000000000226e-04 2.181999999999999912e-03 9.999970000000000248e-01 3.258900000000000130e-01 -9.454059999999999686e-01 1.843999999999999936e-03 9.454069999999999974e-01 3.258880000000000110e-01 -1.345000000000000058e-03
1.000000000000000000e+01 1.500000000000000000e+01 4.000000000000000000e+00 0.000000000000000000e+00 1.600000000000000089e+00 -5.800000000000000034e-04 -3.190000000000000127e-03 9.999949999999999672e-01 3.182389999999999941e-01 -9.480060000000000153e-01 -2.838999999999999944e-03 9.480100000000000193e-01 3.182360000000000189e-01 1.564999999999999985e-03
1.700000000000000000e+01 1.500000000000000000e+01 4.000000000000000000e+00 0.000000000000000000e+00 1.600000000000000089e+00 -2.203999999999999796e-03 -7.585999999999999861e-03 9.999689999999999968e-01 3.106389999999999985e-01 -9.505059999999999620e-01 -6.525999999999999683e-03 9.505249999999999533e-01 3.106149999999999745e-01 4.451000000000000095e-03
2.200000000000000000e+01 1.500000000000000000e+01 4.000000000000000000e+00 0.000000000000000000e+00 1.600000000000000089e+00 1.710000000000000094e-04 -4.227999999999999987e-03 9.999909999999999632e-01 3.137480000000000269e-01 -9.494979999999999531e-01 -4.067999999999999568e-03 9.495059999999999611e-01 3.137449999999999961e-01 1.164000000000000104e-03
2.800000000000000000e+01 1.500000000000000000e+01 4.000000000000000000e+00 0.000000000000000000e+00 1.600000000000000089e+00 -2.965000000000000187e-03 1.162000000000000055e-03 9.999949999999999672e-01 3.181689999999999796e-01 -9.480319999999999858e-01 2.044999999999999943e-03 9.480290000000000106e-01 3.181729999999999836e-01 2.441000000000000027e-03
3.000000000000000000e+00 2.500000000000000000e+01 8.000000000000000000e+00 0.000000000000000000e+00 1.600000000000000089e+00 -4.139999999999999800e-04 -5.693000000000000144e-03 -9.999839999999999840e-01 4.480779999999999763e-01 8.939789999999999681e-01 -5.275000000000000175e-03 8.939939999999999554e-01 -4.480729999999999991e-01 2.181000000000000213e-03
1.000000000000000000e+01 2.500000000000000000e+01 8.000000000000000000e+00 0.000000000000000000e+00 1.600000000000000089e+00 2.452999999999999885e-03 8.042999999999999802e-03 -9.999649999999999928e-01 4.480439999999999978e-01 8.939730000000000176e-01 8.288999999999999493e-03 8.940080000000000249e-01 -4.480480000000000018e-01 -1.410999999999999928e-03
1.600000000000000000e+01 2.500000000000000000e+01 8.000000000000000000e+00 0.000000000000000000e+00 1.600000000000000089e+00 -6.790000000000000245e-04 7.196000000000000139e-03 -9.999740000000000295e-01 4.450049999999999839e-01 8.955070000000000530e-01 6.141999999999999890e-03 8.955279999999999907e-01 -4.449890000000000234e-01 -3.811000000000000151e-03
2.200000000000000000e+01 2.500000000000000000e+01 8.000000000000000000e+00 0.000000000000000000e+00 1.600000000000000089e+00 1.600000000000000077e-03 5.446999999999999585e-03 -9.999839999999999840e-01 4.463429999999999898e-01 8.948450000000000015e-01 5.589000000000000218e-03 8.948610000000000175e-01 -4.463449999999999918e-01 -9.990000000000001049e-04
2.900000000000000000e+01 2.500000000000000000e+01 8.000000000000000000e+00 0.000000000000000000e+00 1.600000000000000089e+00 3.108000000000000086e-03 1.294799999999999944e-02 -9.999109999999999943e-01 4.441330000000000000e-01 8.958669999999999689e-01 1.298099999999999948e-02 8.959559999999999746e-01 -4.441339999999999733e-01 -2.965999999999999887e-03
2.000000000000000000e+00 2.400000000000000000e+01 9.000000000000000000e+00 0.000000000000000000e+00 1.600000000000000089e+00 -5.220000000000000031e-04 -5.146000000000000400e-03 -9.999869999999999592e-01 4.531620000000000092e-01 8.914149999999999574e-01 -4.824000000000000163e-03 8.914279999999999982e-01 -4.531589999999999785e-01 1.866999999999999953e-03
1.000000000000000000e+01 2.400000000000000000e+01 9.000000000000000000e+00 0.000000000000000000e+00 1.600000000000000089e+00 2.886999999999999809e-03 8.883000000000000271e-03 -9.999559999999999560e-01 4.521490000000000231e-01 8.918949999999999934e-01 9.228000000000000091e-03 8.919380000000000086e-01 -4.521560000000000024e-01 -1.441999999999999922e-03
1.600000000000000000e+01 2.400000000000000000e+01 9.000000000000000000e+00 0.000000000000000000e+00 1.600000000000000089e+00 -1.000999999999999937e-03 7.719000000000000167e-03 -9.999700000000000255e-01 4.489989999999999815e-01 8.935089999999999977e-01 6.447999999999999739e-03 8.935319999999999929e-01 -4.489790000000000170e-01 -4.360000000000000160e-03
2.200000000000000000e+01 2.400000000000000000e+01 9.000000000000000000e+00 0.000000000000000000e+00 1.600000000000000089e+00 1.113000000000000057e-03 4.362999999999999691e-03 -9.999900000000000455e-01 4.509920000000000040e-01 8.925170000000000048e-01 4.395999999999999734e-03 8.925269999999999593e-01 -4.509929999999999772e-01 -9.740000000000000394e-04
3.000000000000000000e+01 2.400000000000000000e+01 9.000000000000000000e+00 0.000000000000000000e+00 1.600000000000000089e+00 3.930999999999999599e-03 1.487699999999999960e-02 -9.998820000000000485e-01 4.510719999999999730e-01 8.923609999999999598e-01 1.504999999999999914e-02 8.924790000000000223e-01 -4.510779999999999790e-01 -3.203000000000000118e-03
7.000000000000000000e+00 4.000000000000000000e+00 1.100000000000000000e+01 0.000000000000000000e+00 1.600000000000000089e+00 8.090000000000000403e-04 9.537000000000000338e-03 -9.999540000000000095e-01 2.325230000000000075e-01 9.725449999999999928e-01 9.464000000000000190e-03 9.725909999999999833e-01 -2.325200000000000045e-01 -1.430999999999999980e-03
1.000000000000000000e+01 4.000000000000000000e+00 1.100000000000000000e+01 0.000000000000000000e+00 1.600000000000000089e+00 -5.074000000000000385e-03 -2.870800000000000088e-02 -9.995749999999999913e-01 2.368460000000000010e-01 9.711119999999999752e-01 -2.909199999999999980e-02 9.715340000000000087e-01 -2.368919999999999915e-01 1.871999999999999966e-03
2.200000000000000000e+01 5.000000000000000000e+00 1.200000000000000000e+01 0.000000000000000000e+00 1.600000000000000089e+00 1.290299999999999954e-02 -1.191709999999999992e-01 9.927899999999999503e-01 -2.325889999999999902e-01 9.652809999999999446e-01 1.188919999999999977e-01 -9.724899999999999656e-01 -2.324460000000000137e-01 -1.526199999999999952e-02
2.000000000000000000e+00 3.100000000000000000e+01 1.200000000000000000e+01 0.000000000000000000e+00 1.600000000000000089e+00 -3.800000000000000209e-05 1.105000000000000079e-03 9.999989999999999712e-01 4.965999999999999928e-03 9.999869999999999592e-01 -1.105000000000000079e-03 -9.999879999999999880e-01 4.965999999999999928e-03 -4.399999999999999886e-05
8.000000000000000000e+00 3.100000000000000000e+01 1.200000000000000000e+01 0.000000000000000000e+00 1.600000000000000089e+00 -6.890000000000000508e-04 1.257000000000000088e-03 9.999989999999999712e-01 6.072000000000000140e-03 9.999810000000000088e-01 -1.252999999999999991e-03 -9.999810000000000088e-01 6.071000000000000008e-03 -6.970000000000000284e-04
1.200000000000000000e+01 3.100000000000000000e+01 1.200000000000000000e+01 0.000000000000000000e+00 1.600000000000000089e+00 -3.980000000000000248e-04 4.800999999999999712e-03 9.999879999999999880e-01 6.409999999999999899e-03 9.999679999999999680e-01 -4.798000000000000181e-03 -9.999789999999999512e-01 6.407999999999999634e-03 -4.290000000000000193e-04
1.700000000000000000e+01 3.100000000000000000e+01 1.200000000000000000e+01 0.000000000000000000e+00 1.600000000000000089e+00 2.351999999999999924e-03 -7.839999999999999747e-03 9.999670000000000503e-01 4.709999999999999777e-03 9.999580000000000135e-01 7.828999999999999154e-03 -9.999860000000000415e-01 4.691999999999999990e-03 2.389000000000000064e-03
2.300000000000000000e+01 3.100000000000000000e+01 1.200000000000000000e+01 0.000000000000000000e+00 1.600000000000000089e+00 7.079999999999999705e-04 9.100000000000000287e-05 1.000000000000000000e+00 8.570000000000000144e-04 1.000000000000000000e+00 -9.200000000000000007e-05 -9.999989999999999712e-01 8.570000000000000144e-04 7.079999999999999705e-04
4.000000000000000000e+00 3.200000000000000000e+01 1.400000000000000000e+01 0.000000000000000000e+00 1.600000000000000089e+00 -2.099999999999999884e-05 -2.199999999999999943e-05 -1.000000000000000000e+00 9.823800000000000587e-02 9.951630000000000198e-01 -2.400000000000000061e-05 9.951630000000000198e-01 -9.823800000000000587e-02 -1.900000000000000105e-05
2.600000000000000000e+01 3.200000000000000000e+01 1.400000000000000000e+01 0.000000000000000000e+00 1.600000000000000089e+00 1.224999999999999960e-03 2.573999999999999899e-03 -9.999959999999999960e-01 1.025979999999999948e-01 9.947190000000000198e-01 2.687000000000000152e-03 9.947219999999999951e-01 -1.026009999999999978e-01 9.550000000000000112e-04
3.000000000000000000e+00 1.200000000000000000e+01 1.500000000000000000e+01 0.000000000000000000e+00 1.600000000000000089e+00 5.000000000000000104e-04 -2.620000000000000258e-04 -1.000000000000000000e+00 -4.706509999999999860e-01 -8.823189999999999644e-01 -3.999999999999999819e-06 -8.823189999999999644e-01 4.706509999999999860e-01 -5.640000000000000482e-04
7.000000000000000000e+00 1.200000000000000000e+01 1.500000000000000000e+01 0.000000000000000000e+00 1.600000000000000089e+00 1.129000000000000012e-03 9.690000000000000262e-04 -9.999989999999999712e-01 -4.720880000000000076e-01 -8.815509999999999735e-01 -1.386999999999999995e-03 -8.815509999999999735e-01 4.720889999999999809e-01 -5.379999999999999583e-04
1.400000000000000000e+01 1.200000000000000000e+01 1.500000000000000000e+01 0.000000000000000000e+00 1.600000000000000089e+00 8.739999999999999939e-04 5.637999999999999783e-03 -9.999839999999999840e-01 -4.693269999999999942e-01 -8.830080000000000151e-01 -5.388000000000000428e-03 -8.830240000000000311e-01 4.693240000000000189e-01 1.874999999999999931e-03
2.000000000000000000e+01 1.200000000000000000e+01 1.500000000000000000e+01 0.000000000000000000e+00 1.600000000000000089e+00 8.909999999999999734e-04 1.845999999999999985e-03 -9.999980000000000535e-01 -4.726079999999999726e-01 -8.812699999999999978e-01 -2.047999999999999907e-03 -8.812720000000000553e-01 4.726090000000000013e-01 8.700000000000000051e-05
2.700000000000000000e+01 1.200000000000000000e+01 1.500000000000000000e+01 0.000000000000000000e+00 1.600000000000000089e+00 1.868000000000000086e-03 4.076999999999999895e-03 -9.999900000000000455e-01 -4.682689999999999908e-01 -8.835749999999999993e-01 -4.477000000000000077e-03 -8.835840000000000360e-01 4.682720000000000216e-01 2.590000000000000071e-04
2.700000000000000000e+01 1.160000000000000000e+02 1.600000000000000000e+01 0.000000000000000000e+00 1.600000000000000089e+00 -2.141000000000000108e-03 -8.760000000000000425e-04 9.999970000000000248e-01 8.138969999999999816e-01 5.810049999999999937e-01 2.252000000000000095e-03 -5.810060000000000224e-01 8.138990000000000391e-01 -5.310000000000000050e-04
5.000000000000000000e+00 2.000000000000000000e+00 1.900000000000000000e+01 0.000000000000000000e+00 1.600000000000000089e+00 3.677000000000000147e-03 -1.525999999999999926e-02 -9.998770000000000158e-01 2.231750000000000123e-01 -9.746519999999999628e-01 1.569600000000000162e-02 -9.747710000000000541e-01 -2.232049999999999867e-01 -1.779999999999999898e-04
1.100000000000000000e+01 2.000000000000000000e+00 1.900000000000000000e+01 0.000000000000000000e+00 1.600000000000000089e+00 -3.043000000000000132e-03 1.458000000000000095e-03 -9.999940000000000495e-01 2.161559999999999870e-01 -9.763570000000000304e-01 -2.082000000000000083e-03 -9.763540000000000552e-01 -2.161609999999999920e-01 2.655999999999999941e-03
2.000000000000000000e+01 2.000000000000000000e+00 1.900000000000000000e+01 0.000000000000000000e+00 1.600000000000000089e+00 -8.479000000000000425e-03 4.372000000000000018e-03 -9.999540000000000095e-01 2.186220000000000108e-01 -9.757900000000000462e-01 -6.119999999999999572e-03 -9.757730000000000015e-01 -2.186639999999999973e-01 7.317999999999999852e-03
2.600000000000000000e+01 2.000000000000000000e+00 1.900000000000000000e+01 0.000000000000000000e+00 1.600000000000000089e+00 -1.243700000000000014e-02 8.850999999999999493e-03 -9.998829999999999663e-01 2.352499999999999869e-01 -9.718670000000000364e-01 -1.152899999999999932e-02 -9.718550000000000244e-01 -2.353659999999999919e-01 1.000500000000000000e-02
1.500000000000000000e+01 4.000000000000000000e+00 2.000000000000000000e+01 0.000000000000000000e+00 1.600000000000000089e+00 1.472000000000000001e-03 -2.860000000000000129e-03 -9.999949999999999672e-01 3.390850000000000253e-01 -9.407499999999999751e-01 3.188999999999999994e-03 -9.407550000000000079e-01 -3.390880000000000005e-01 -4.150000000000000043e-04
8.000000000000000000e+00 1.300000000000000000e+01 2.000000000000000000e+01 0.000000000000000000e+00 1.600000000000000089e+00 -1.376999999999999969e-03 -4.081999999999999691e-03 9.999909999999999632e-01 2.589659999999999740e-01 9.658769999999999856e-01 4.300000000000000003e-03 -9.658849999999999936e-01 2.589699999999999780e-01 -2.730000000000000222e-04
1.800000000000000000e+01 1.300000000000000000e+01 2.000000000000000000e+01 0.000000000000000000e+00 1.600000000000000089e+00 -1.528999999999999977e-03 -1.807000000000000012e-03 9.999970000000000248e-01 2.634690000000000087e-01 9.646649999999999947e-01 2.145000000000000205e-03 -9.646670000000000522e-01 2.634719999999999840e-01 -9.990000000000001049e-04
2.400000000000000000e+01 1.300000000000000000e+01 2.000000000000000000e+01 0.000000000000000000e+00 1.600000000000000089e+00 1.827000000000000065e-03 -1.649999999999999991e-03 9.999970000000000248e-01 2.639989999999999837e-01 9.645219999999999905e-01 1.108999999999999960e-03 -9.645209999999999617e-01 2.639960000000000084e-01 2.197999999999999867e-03
1.200000000000000000e+01 3.000000000000000000e+00 2.500000000000000000e+01 0.000000000000000000e+00 1.600000000000000089e+00 -2.328999999999999907e-03 -5.671999999999999958e-03 9.999810000000000088e-01 -2.012699999999999906e-02 -9.997810000000000308e-01 -5.717999999999999992e-03 9.997949999999999893e-01 -2.014000000000000165e-02 2.213999999999999822e-03
2.000000000000000000e+01 3.000000000000000000e+00 2.500000000000000000e+01 0.000000000000000000e+00 1.600000000000000089e+00 -2.765999999999999796e-03 -3.817000000000000080e-03 9.999890000000000168e-01 -2.226799999999999960e-02 -9.997449999999999948e-01 -3.877999999999999937e-03 9.997479999999999700e-01 -2.227900000000000019e-02 2.680999999999999790e-03
2.600000000000000000e+01 3.000000000000000000e+00 2.500000000000000000e+01 0.000000000000000000e+00 1.600000000000000089e+00 -2.951000000000000064e-03 2.835999999999999979e-03 9.999919999999999920e-01 -1.731500000000000053e-02 -9.998460000000000125e-01 2.784000000000000016e-03 9.998460000000000125e-01 -1.730699999999999947e-02 2.998999999999999930e-03
3.000000000000000000e+01 3.000000000000000000e+00 2.500000000000000000e+01 0.000000000000000000e+00 1.600000000000000089e+00 1.598000000000000028e-03 3.599999999999999901e-03 9.999919999999999920e-01 -1.713999999999999899e-02 -9.998470000000000413e-01 3.625999999999999883e-03 9.998519999999999630e-01 -1.714500000000000052e-02 -1.536000000000000039e-03
1.900000000000000000e+01 4.600000000000000000e+01 2.700000000000000000e+01 0.000000000000000000e+00 1.600000000000000089e+00 -3.079999999999999839e-03 1.168999999999999900e-03 -9.999949999999999672e-01 6.668530000000000291e-01 7.451879999999999615e-01 -1.182000000000000108e-03 7.451830000000000398e-01 -6.668530000000000291e-01 -3.075000000000000042e-03
2.800000000000000000e+01 4.600000000000000000e+01 2.700000000000000000e+01 0.000000000000000000e+00 1.600000000000000089e+00 -3.970000000000000005e-04 1.064999999999999974e-03 -9.999989999999999712e-01 6.682550000000000434e-01 7.439320000000000377e-01 5.270000000000000162e-04 7.439320000000000377e-01 -6.682540000000000147e-01 -1.007000000000000083e-03
4.000000000000000000e+00 4.600000000000000000e+01 3.000000000000000000e+01 0.000000000000000000e+00 1.600000000000000089e+00 2.308000000000000156e-03 2.116999999999999958e-03 -9.999949999999999672e-01 3.169020000000000170e-01 9.484540000000000193e-01 2.739000000000000115e-03 9.484559999999999658e-01 -3.169069999999999943e-01 1.518000000000000035e-03
1.300000000000000000e+01 4.600000000000000000e+01 3.000000000000000000e+01 0.000000000000000000e+00 1.600000000000000089e+00 8.180000000000000422e-04 -5.000000000000000409e-06 -1.000000000000000000e+00 3.153639999999999777e-01 9.489710000000000090e-01 2.530000000000000239e-04 9.489699999999999802e-01 -3.153639999999999777e-01 7.780000000000000457e-04
1.800000000000000000e+01 4.600000000000000000e+01 3.000000000000000000e+01 0.000000000000000000e+00 1.600000000000000089e+00 -3.024999999999999911e-03 -1.149999999999999981e-03 -9.999949999999999672e-01 3.162909999999999888e-01 9.486599999999999477e-01 -2.047999999999999907e-03 9.486580000000000013e-01 -3.162949999999999928e-01 -2.505999999999999981e-03
2.200000000000000000e+01 4.600000000000000000e+01 3.000000000000000000e+01 0.000000000000000000e+00 1.600000000000000089e+00 -2.161000000000000160e-03 3.600000000000000227e-04 -9.999980000000000535e-01 3.160290000000000044e-01 9.487489999999999535e-01 -3.420000000000000188e-04 9.487470000000000070e-01 -3.160290000000000044e-01 -2.164000000000000125e-03
3.000000000000000000e+00 5.800000000000000000e+01 3.100000000000000000e+01 0.000000000000000000e+00 1.600000000000000089e+00 -1.178000000000000011e-03 -6.346000000000000078e-03 9.999789999999999512e-01 -7.806990000000000318e-01 -6.248890000000000278e-01 -4.884999999999999586e-03 6.249069999999999903e-01 -7.806880000000000486e-01 -4.218000000000000395e-03
9.000000000000000000e+00 5.800000000000000000e+01 3.100000000000000000e+01 0.000000000000000000e+00 1.600000000000000089e+00 -2.853000000000000067e-03 -4.765000000000000138e-03 9.999850000000000128e-01 -7.832419999999999938e-01 -6.216949999999999976e-01 -5.197000000000000230e-03 6.217099999999999849e-01 -7.832449999999999690e-01 -1.958000000000000105e-03
1.700000000000000000e+01 5.800000000000000000e+01 3.100000000000000000e+01 0.000000000000000000e+00 1.600000000000000089e+00 -4.840000000000000010e-04 3.390000000000000001e-04 1.000000000000000000e+00 -7.897509999999999808e-01 -6.134269999999999445e-01 -1.740000000000000010e-04 6.134269999999999445e-01 -7.897509999999999808e-01 5.649999999999999641e-04
2.200000000000000000e+01 5.800000000000000000e+01 3.100000000000000000e+01 0.000000000000000000e+00 1.600000000000000089e+00 1.448000000000000068e-03 1.791999999999999973e-03 9.999970000000000248e-01 -7.897420000000000551e-01 -6.134349999999999525e-01 2.243000000000000202e-03 6.134370000000000100e-01 -7.897429999999999728e-01 5.270000000000000162e-04
2.800000000000000000e+01 5.800000000000000000e+01 3.100000000000000000e+01 0.000000000000000000e+00 1.600000000000000089e+00 1.180999999999999975e-03 1.391000000000000092e-03 9.999980000000000535e-01 -7.861150000000000082e-01 -6.180780000000000163e-01 1.788000000000000093e-03 6.180799999999999628e-01 -7.861150000000000082e-01 3.629999999999999872e-04
5.000000000000000000e+00 4.600000000000000000e+01 3.500000000000000000e+01 0.000000000000000000e+00 1.600000000000000089e+00 9.340000000000000429e-04 -8.279999999999999600e-04 -9.999989999999999712e-01 3.910799999999999832e-01 -9.203559999999999519e-01 1.126999999999999964e-03 -9.203559999999999519e-01 -3.910810000000000120e-01 -5.360000000000000181e-04
1.500000000000000000e+01 4.600000000000000000e+01 3.500000000000000000e+01 0.000000000000000000e+00 1.600000000000000089e+00 -1.505999999999999960e-03 -4.350000000000000026e-04 -9.999989999999999712e-01 3.903340000000000143e-01 -9.206729999999999636e-01 -1.869999999999999917e-04 -9.206720000000000459e-01 -3.903340000000000143e-01 1.557000000000000007e-03
1.700000000000000000e+01 4.600000000000000000e+01 3.500000000000000000e+01 0.000000000000000000e+00 1.600000000000000089e+00 -1.378000000000000102e-03 2.528999999999999998e-03 -9.999959999999999960e-01 3.899299999999999988e-01 -9.208399999999999919e-01 -2.866000000000000058e-03 -9.208439999999999959e-01 -3.899320000000000008e-01 2.820000000000000241e-04
2.700000000000000000e+01 4.600000000000000000e+01 3.500000000000000000e+01 0.000000000000000000e+00 1.600000000000000089e+00 -3.080000000000000055e-04 2.281000000000000041e-03 -9.999970000000000248e-01 3.899770000000000181e-01 -9.208220000000000294e-01 -2.220999999999999884e-03 -9.208250000000000046e-01 -3.899759999999999893e-01 -6.059999999999999849e-04
5.000000000000000000e+00 3.000000000000000000e+00 4.300000000000000000e+01 0.000000000000000000e+00 1.600000000000000089e+00 -4.651999999999999885e-03 -6.631999999999999874e-03 -9.999670000000000503e-01 7.367240000000000455e-01 -6.761930000000000440e-01 1.056999999999999997e-03 -6.761779999999999458e-01 -7.366949999999999887e-01 8.030999999999999944e-03
1.400000000000000000e+01 3.000000000000000000e+00 4.300000000000000000e+01 0.000000000000000000e+00 1.600000000000000089e+00 -5.228000000000000008e-03 -6.491000000000000242e-03 -9.999649999999999928e-01 7.374370000000000092e-01 -6.754160000000000164e-01 5.289999999999999564e-04 -6.753959999999999964e-01 -7.374089999999999812e-01 8.318000000000000740e-03
2.800000000000000000e+01 3.000000000000000000e+00 4.300000000000000000e+01 0.000000000000000000e+00 1.600000000000000089e+00 6.624999999999999813e-03 -4.821999999999999897e-03 -9.999670000000000503e-01 7.404359999999999831e-01 -6.720779999999999532e-01 8.146000000000000463e-03 -6.720949999999999980e-01 -7.404650000000000398e-01 -8.819999999999999715e-04
1.500000000000000000e+01 8.000000000000000000e+00 4.400000000000000000e+01 0.000000000000000000e+00 1.600000000000000089e+00 7.529999999999999801e-04 -4.081999999999999691e-03 9.999909999999999632e-01 -7.845689999999999609e-01 -6.200390000000000068e-01 -1.941000000000000017e-03 6.200409999999999533e-01 -7.845609999999999529e-01 -3.668999999999999952e-03
3.000000000000000000e+00 2.900000000000000000e+01 4.400000000000000000e+01 0.000000000000000000e+00 1.600000000000000089e+00 -4.510000000000000120e-04 3.390000000000000001e-04 -1.000000000000000000e+00 6.529500000000000304e-01 7.574009999999999909e-01 -3.800000000000000209e-05 7.574009999999999909e-01 -6.529500000000000304e-01 -5.630000000000000239e-04
8.000000000000000000e+00 2.900000000000000000e+01 4.400000000000000000e+01 0.000000000000000000e+00 1.600000000000000089e+00 -1.433999999999999945e-03 1.000999999999999937e-03 -9.999989999999999712e-01 6.541679999999999717e-01 7.563490000000000490e-01 -1.810000000000000085e-04 7.563480000000000203e-01 -6.541670000000000540e-01 -1.740000000000000010e-03
1.100000000000000000e+01 2.900000000000000000e+01 4.400000000000000000e+01 0.000000000000000000e+00 1.600000000000000089e+00 3.490000000000000263e-04 1.649000000000000075e-03 -9.999989999999999712e-01 6.568150000000000377e-01 7.540499999999999980e-01 1.472999999999999917e-03 7.540510000000000268e-01 -6.568150000000000377e-01 -8.199999999999999824e-04
1.600000000000000000e+01 2.900000000000000000e+01 4.400000000000000000e+01 0.000000000000000000e+00 1.600000000000000089e+00 1.320000000000000101e-04 8.159999999999999936e-04 -1.000000000000000000e+00 6.635240000000000027e-01 7.481550000000000145e-01 6.989999999999999686e-04 7.481550000000000145e-01 -6.635229999999999739e-01 -4.429999999999999802e-04
2.100000000000000000e+01 2.900000000000000000e+01 4.400000000000000000e+01 0.000000000000000000e+00 1.600000000000000089e+00 1.010000000000000047e-03 -3.809999999999999910e-04 -9.999989999999999712e-01 6.581839999999999913e-01 7.528569999999999984e-01 3.780000000000000265e-04 7.528559999999999697e-01 -6.581839999999999913e-01 1.012000000000000096e-03
2.600000000000000000e+01 2.900000000000000000e+01 4.400000000000000000e+01 0.000000000000000000e+00 1.600000000000000089e+00 7.669999999999999951e-04 -1.526000000000000013e-03 -9.999989999999999712e-01 6.504090000000000149e-01 7.595840000000000369e-01 -6.610000000000000207e-04 7.595840000000000369e-01 -6.504079999999999862e-01 1.575000000000000011e-03
2.100000000000000000e+01 6.500000000000000000e+01 4.600000000000000000e+01 0.000000000000000000e+00 1.600000000000000089e+00 -5.950000000000000427e-04 -2.150000000000000001e-03 9.999970000000000248e-01 6.807229999999999670e-01 -7.325399999999999689e-01 -1.168999999999999900e-03 7.325409999999999977e-01 6.807199999999999918e-01 1.899000000000000080e-03
2.900000000000000000e+01 7.000000000000000000e+01 4.700000000000000000e+01 0.000000000000000000e+00 1.600000000000000089e+00 -5.720000000000000258e-04 6.049999999999999822e-03 -9.999820000000000375e-01 -8.431419999999999471e-01 -5.376840000000000508e-01 -2.771000000000000026e-03 -5.376900000000000013e-01 8.431250000000000133e-01 5.408999999999999746e-03
4.000000000000000000e+00 5.000000000000000000e+00 5.100000000000000000e+01 0.000000000000000000e+00 1.600000000000000089e+00 -7.110000000000000434e-04 -6.603000000000000362e-03 -9.999780000000000335e-01 4.818870000000000098e-01 -8.762159999999999949e-01 5.442999999999999922e-03 -8.762330000000000396e-01 -4.818729999999999958e-01 3.804000000000000090e-03
1.900000000000000000e+01 5.000000000000000000e+00 5.100000000000000000e+01 0.000000000000000000e+00 1.600000000000000089e+00 2.820000000000000241e-04 -2.090999999999999977e-03 -9.999980000000000535e-01 4.787449999999999761e-01 -8.779519999999999547e-01 1.971000000000000096e-03 -8.779540000000000122e-01 -4.787449999999999761e-01 7.529999999999999801e-04
2.200000000000000000e+01 5.000000000000000000e+00 5.100000000000000000e+01 0.000000000000000000e+00 1.600000000000000089e+00 7.360000000000000006e-04 6.060000000000000282e-03 -9.999810000000000088e-01 4.794269999999999921e-01 -8.775680000000000147e-01 -4.964999999999999795e-03 -8.775810000000000555e-01 -4.794149999999999801e-01 -3.550999999999999903e-03
1.400000000000000000e+01 1.150000000000000000e+02 5.100000000000000000e+01 0.000000000000000000e+00 1.600000000000000089e+00 1.631999999999999987e-03 6.809999999999999647e-04 9.999980000000000535e-01 8.447900000000000409e-01 -5.350970000000000448e-01 -1.013999999999999927e-03 5.350960000000000161e-01 8.447900000000000409e-01 -1.448999999999999984e-03
2.200000000000000000e+01 7.000000000000000000e+00 5.200000000000000000e+01 0.000000000000000000e+00 1.600000000000000089e+00 1.015000000000000060e-03 1.938000000000000052e-03 -9.999980000000000535e-01 1.179520000000000013e-01 -9.930179999999999563e-01 -1.804999999999999964e-03 -9.930189999999999850e-01 -1.179499999999999993e-01 -1.235999999999999903e-03
2.700000000000000000e+01 7.000000000000000000e+00 5.200000000000000000e+01 0.000000000000000000e+00 1.600000000000000089e+00 -1.170999999999999949e-03 3.029999999999999924e-04 -9.999989999999999712e-01 9.874299999999999744e-02 -9.951130000000000253e-01 -4.169999999999999987e-04 -9.951119999999999965e-01 -9.874299999999999744e-02 1.134999999999999941e-03
4.000000000000000000e+00 6.300000000000000000e+01 5.400000000000000000e+01 0.000000000000000000e+00 1.600000000000000089e+00 1.499999999999999869e-04 2.528999999999999998e-03 9.999970000000000248e-01 -3.449599999999999889e-01 9.386149999999999771e-01 -2.321999999999999845e-03 -9.386170000000000346e-01 -3.449579999999999869e-01 1.013000000000000012e-03
1.000000000000000000e+01 6.300000000000000000e+01 5.400000000000000000e+01 0.000000000000000000e+00 1.600000000000000089e+00 2.990000000000000036e-04 -2.259999999999999856e-03 9.999970000000000248e-01 -3.485230000000000272e-01 9.372979999999999645e-01 2.223000000000000149e-03 -9.373000000000000220e-01 -3.485230000000000272e-01 -5.069999999999999637e-04
1.400000000000000000e+01 6.300000000000000000e+01 5.400000000000000000e+01 0.000000000000000000e+00 1.600000000000000089e+00 1.348999999999999939e-03 -8.559999999999999901e-04 9.999989999999999712e-01 -3.504410000000000025e-01 9.365839999999999721e-01 1.275000000000000092e-03 -9.365839999999999721e-01 -3.504419999999999757e-01 9.629999999999999888e-04
1.900000000000000000e+01 6.300000000000000000e+01 5.400000000000000000e+01 0.000000000000000000e+00 1.600000000000000089e+00 -8.790000000000000070e-04 -5.969999999999999829e-04 9.999989999999999712e-01 -3.450940000000000119e-01 9.385679999999999579e-01 2.570000000000000127e-04 -9.385679999999999579e-01 -3.450940000000000119e-01 -1.031000000000000015e-03
2.300000000000000000e+01 6.300000000000000000e+01 5.400000000000000000e+01 0.000000000000000000e+00 1.600000000000000089e+00 -1.113000000000000057e-03 3.080000000000000055e-04 9.999989999999999712e-01 -3.418829999999999925e-01 9.397419999999999662e-01 -6.700000000000000226e-04 -9.397419999999999662e-01 -3.418840000000000212e-01 -9.409999999999999962e-04
7.000000000000000000e+00 2.500000000000000000e+01 5.500000000000000000e+01 0.000000000000000000e+00 1.600000000000000089e+00 8.260000000000000198e-04 -1.093999999999999920e-03 -9.999989999999999712e-01 -1.267300000000000024e-02 -9.999190000000000023e-01 1.082999999999999978e-03 -9.999190000000000023e-01 1.267199999999999924e-02 -8.400000000000000348e-04
1.800000000000000000e+01 2.500000000000000000e+01 5.500000000000000000e+01 0.000000000000000000e+00 1.600000000000000089e+00 -9.870000000000000301e-04 -2.883000000000000146e-03 -9.999949999999999672e-01 -1.151399999999999993e-02 -9.999299999999999855e-01 2.893999999999999871e-03 -9.999329999999999607e-01 1.151699999999999946e-02 9.539999999999999869e-04
2.600000000000000000e+01 2.500000000000000000e+01 5.500000000000000000e+01 0.000000000000000000e+00 1.600000000000000089e+00 1.978000000000000157e-03 8.732000000000000178e-03 -9.999599999999999600e-01 -1.102099999999999955e-02 -9.999010000000000398e-01 -8.753000000000000363e-03 -9.999369999999999647e-01 1.103799999999999920e-02 -1.881999999999999992e-03
3.000000000000000000e+00 2.100000000000000000e+01 6.000000000000000000e+01 0.000000000000000000e+00 1.600000000000000089e+00 -1.577000000000000060e-03 -4.599999999999999922e-03 9.999879999999999880e-01 -9.569600000000000328e-02 9.954009999999999803e-01 4.427999999999999645e-03 -9.954089999999999883e-01 -9.568799999999999528e-02 -2.010000000000000068e-03
1.000000000000000000e+01 2.100000000000000000e+01 6.000000000000000000e+01 0.000000000000000000e+00 1.600000000000000089e+00 3.780000000000000265e-04 4.270000000000000249e-04 1.000000000000000000e+00 -9.450600000000000667e-02 9.955239999999999645e-01 -3.890000000000000228e-04 -9.955239999999999645e-01 -9.450600000000000667e-02 4.169999999999999987e-04
2.400000000000000000e+01 2.100000000000000000e+01 6.000000000000000000e+01 0.000000000000000000e+00 1.600000000000000089e+00 2.193000000000000071e-03 -1.666799999999999879e-02 9.998590000000000533e-01 -9.387800000000000311e-02 9.954420000000000490e-01 1.680099999999999996e-02 -9.955810000000000493e-01 -9.390199999999999936e-02 6.179999999999999513e-04
2.800000000000000000e+01 2.100000000000000000e+01 6.000000000000000000e+01 0.000000000000000000e+00 1.600000000000000089e+00 -7.640000000000000306e-04 -1.800300000000000164e-02 9.998380000000000045e-01 -9.045100000000000362e-02 9.957409999999999872e-01 1.786000000000000087e-02 -9.959010000000000362e-01 -9.042300000000000337e-02 -2.390000000000000197e-03
1.000000000000000000e+01 6.700000000000000000e+01 6.000000000000000000e+01 0.000000000000000000e+00 1.600000000000000089e+00 3.330000000000000169e-04 3.217999999999999940e-03 9.999949999999999672e-01 1.781099999999999905e-01 -9.840060000000000473e-01 3.108000000000000086e-03 9.840109999999999690e-01 1.781079999999999885e-01 -9.009999999999999997e-04
1.600000000000000000e+01 6.700000000000000000e+01 6.000000000000000000e+01 0.000000000000000000e+00 1.600000000000000089e+00 1.719999999999999958e-03 2.552000000000000015e-03 9.999949999999999672e-01 1.742829999999999935e-01 -9.846930000000000405e-01 2.213000000000000123e-03 9.846939999999999582e-01 1.742779999999999885e-01 -2.138999999999999842e-03
2.000000000000000000e+00 6.000000000000000000e+00 6.100000000000000000e+01 0.000000000000000000e+00 1.600000000000000089e+00 -2.010000000000000068e-04 7.731000000000000025e-03 9.999700000000000255e-01 5.710509999999999753e-01 -8.208889999999999798e-01 6.460999999999999729e-03 8.209149999999999503e-01 5.710349999999999593e-01 -4.250000000000000305e-03
1.900000000000000000e+01 1.200000000000000000e+01 6.300000000000000000e+01 0.000000000000000000e+00 1.600000000000000089e+00 7.945999999999999938e-03 3.330000000000000169e-04 -9.999679999999999680e-01 -1.545980000000000132e-01 -9.879759999999999653e-01 -1.557999999999999923e-03 -9.879459999999999908e-01 1.546049999999999924e-01 -7.798000000000000244e-03
5.000000000000000000e+00 2.700000000000000000e+01 6.300000000000000000e+01 0.000000000000000000e+00 1.600000000000000089e+00 2.259999999999999910e-04 5.211999999999999619e-03 9.999860000000000415e-01 -2.692840000000000233e-01 9.630480000000000151e-01 -4.958999999999999866e-03 -9.630609999999999449e-01 -2.692789999999999906e-01 1.621000000000000045e-03
1.100000000000000000e+01 2.700000000000000000e+01 6.300000000000000000e+01 0.000000000000000000e+00 1.600000000000000089e+00 -6.000000000000000152e-05 -1.683000000000000034e-03 9.999989999999999712e-01 -2.723169999999999757e-01 9.622060000000000057e-01 1.603000000000000041e-03 -9.622079999999999522e-01 -2.723169999999999757e-01 -5.159999999999999656e-04
1.500000000000000000e+01 2.700000000000000000e+01 6.300000000000000000e+01 0.000000000000000000e+00 1.600000000000000089e+00 -4.979999999999999618e-04 -2.700000000000000035e-04 1.000000000000000000e+00 -2.743579999999999908e-01 9.616270000000000095e-01 1.230000000000000082e-04 -9.616270000000000095e-01 -2.743579999999999908e-01 -5.529999999999999976e-04
1.900000000000000000e+01 2.700000000000000000e+01 6.300000000000000000e+01 0.000000000000000000e+00 1.600000000000000089e+00 1.949999999999999965e-04 7.550000000000000287e-04 1.000000000000000000e+00 -2.729400000000000159e-01 9.620309999999999695e-01 -6.729999999999999871e-04 -9.620309999999999695e-01 -2.729400000000000159e-01 3.939999999999999817e-04
2.200000000000000000e+01 2.700000000000000000e+01 6.300000000000000000e+01 0.000000000000000000e+00 1.600000000000000089e+00 1.405999999999999915e-03 -8.559999999999999901e-04 9.999989999999999712e-01 -2.716759999999999731e-01 9.623880000000000212e-01 1.206000000000000041e-03 -9.623880000000000212e-01 -2.716770000000000018e-01 1.119999999999999902e-03
2.800000000000000000e+01 2.700000000000000000e+01 6.300000000000000000e+01 0.000000000000000000e+00 1.600000000000000089e+00 4.048999999999999648e-03 1.228199999999999951e-02 9.999160000000000270e-01 -2.683329999999999882e-01 9.632659999999999556e-01 -1.074499999999999934e-02 -9.633180000000000076e-01 -2.682669999999999777e-01 7.196000000000000139e-03
6.000000000000000000e+00 2.600000000000000000e+01 6.400000000000000000e+01 0.000000000000000000e+00 1.600000000000000089e+00 -4.739999999999999747e-04 4.926999999999999956e-03 9.999879999999999880e-01 -3.489539999999999864e-01 9.371279999999999610e-01 -4.782999999999999925e-03 -9.371399999999999730e-01 -3.489519999999999844e-01 1.275000000000000092e-03
1.000000000000000000e+01 2.600000000000000000e+01 6.400000000000000000e+01 0.000000000000000000e+00 1.600000000000000089e+00 7.450000000000000025e-04 5.999999999999999474e-04 1.000000000000000000e+00 -3.517640000000000211e-01 9.360889999999999489e-01 -2.999999999999999737e-04 -9.360880000000000312e-01 -3.517640000000000211e-01 9.089999999999999773e-04
1.500000000000000000e+01 2.600000000000000000e+01 6.400000000000000000e+01 0.000000000000000000e+00 1.600000000000000089e+00 -3.620000000000000171e-04 -6.250000000000000130e-04 1.000000000000000000e+00 -3.539439999999999809e-01 9.352669999999999595e-01 4.569999999999999952e-04 -9.352669999999999595e-01 -3.539430000000000076e-01 -5.599999999999999509e-04
1.900000000000000000e+01 2.600000000000000000e+01 6.400000000000000000e+01 0.000000000000000000e+00 1.600000000000000089e+00 9.899999999999999404e-05 3.390000000000000001e-04 1.000000000000000000e+00 -3.530369999999999897e-01 9.356090000000000240e-01 -2.820000000000000241e-04 -9.356090000000000240e-01 -3.530369999999999897e-01 2.120000000000000031e-04
2.300000000000000000e+01 2.600000000000000000e+01 6.400000000000000000e+01 0.000000000000000000e+00 1.600000000000000089e+00 1.835999999999999958e-03 4.339999999999999782e-04 9.999980000000000535e-01 -3.514450000000000074e-01 9.362080000000000402e-01 2.390000000000000089e-04 -9.362070000000000114e-01 -3.514450000000000074e-01 1.871999999999999966e-03
2.700000000000000000e+01 2.600000000000000000e+01 6.400000000000000000e+01 0.000000000000000000e+00 1.600000000000000089e+00 1.391000000000000092e-03 8.042000000000000537e-03 9.999670000000000503e-01 -3.486609999999999987e-01 9.372219999999999995e-01 -7.053000000000000241e-03 -9.372479999999999700e-01 -3.486400000000000055e-01 4.107999999999999673e-03
3.000000000000000000e+00 6.900000000000000000e+01 6.600000000000000000e+01 0.000000000000000000e+00 1.600000000000000089e+00 -4.964999999999999795e-03 1.530000000000000056e-04 9.999879999999999880e-01 -9.490549999999999820e-01 3.150740000000000207e-01 -4.760000000000000342e-03 -3.150709999999999900e-01 -9.490669999999999940e-01 -1.420000000000000038e-03
1.000000000000000000e+01 6.900000000000000000e+01 6.600000000000000000e+01 0.000000000000000000e+00 1.600000000000000089e+00 3.823000000000000009e-03 -5.045000000000000005e-03 9.999799999999999800e-01 -9.504160000000000386e-01 3.109379999999999922e-01 5.202000000000000027e-03 -3.109580000000000122e-01 -9.504169999999999563e-01 -3.606999999999999963e-03
2.100000000000000000e+01 6.900000000000000000e+01 6.600000000000000000e+01 0.000000000000000000e+00 1.600000000000000089e+00 2.765000000000000097e-03 -4.000000000000000083e-03 9.999879999999999880e-01 -9.497409999999999464e-01 3.130140000000000144e-01 3.879000000000000069e-03 -3.130249999999999977e-01 -9.497400000000000286e-01 -2.933999999999999976e-03
2.000000000000000000e+00 2.500000000000000000e+01 7.300000000000000000e+01 0.000000000000000000e+00 1.600000000000000089e+00 -1.448999999999999984e-03 -9.841000000000000789e-03 9.999500000000000055e-01 7.417880000000000029e-01 -6.706109999999999571e-01 -5.525000000000000397e-03 6.706320000000000059e-01 7.417439999999999589e-01 8.271999999999999839e-03
