2.700000000000000000e+01 2.500000000000000000e+01 1.000000000000000000e+00 0.000000000000000000e+00 1.600000000000000089e+00 -3.517999999999999860e-03 -4.325999999999999984e-03 -9.999850000000000128e-01 -5.309580000000000410e-01 -8.473800000000000221e-01 5.533999999999999857e-03 -8.473910000000000053e-01 5.309690000000000243e-01 6.840000000000000377e-04
2.000000000000000000e+00 1.500000000000000000e+01 4.000000000000000000e+00 0.000000000000000000e+00 1.600000000000000089e+00 -2.406000000000000152e-03 -1.067099999999999993e-02 9.999400000000000510e-01 2.811640000000000250e-01 -9.596120000000000205e-01 -9.563999999999999585e-03 9.596569999999999823e-01 2.811239999999999850e-01 5.309000000000000351e-03
1.100000000000000000e+01 1.500000000000000000e+01 4.000000000000000000e+00 0.000000000000000000e+00 1.600000000000000089e+00 2.410999999999999949e-03 1.015999999999999976e-03 9.999970000000000248e-01 2.815739999999999910e-01 -9.595390000000000308e-01 2.959999999999999849e-04 9.595359999999999445e-01 2.815719999999999890e-01 -2.599000000000000182e-03
1.500000000000000000e+01 1.500000000000000000e+01 4.000000000000000000e+00 0.000000000000000000e+00 1.600000000000000089e+00 -9.430000000000000448e-04 2.931000000000000012e-03 9.999949999999999672e-01 2.913020000000000054e-01 -9.566259999999999764e-01 3.079000000000000140e-03 9.566310000000000091e-01 2.913029999999999786e-01 4.800000000000000122e-05
2.100000000000000000e+01 1.500000000000000000e+01 4.000000000000000000e+00 0.000000000000000000e+00 1.600000000000000089e+00 4.110000000000000155e-04 -2.746000000000000177e-03 9.999959999999999960e-01 2.939590000000000258e-01 -9.558140000000000525e-01 -2.745000000000000044e-03 9.558179999999999454e-01 2.939590000000000258e-01 4.150000000000000043e-04
2.700000000000000000e+01 1.500000000000000000e+01 4.000000000000000000e+00 0.000000000000000000e+00 1.600000000000000089e+00 1.463000000000000108e-03 -1.726700000000000110e-02 9.998500000000000165e-01 2.927600000000000202e-01 -9.560359999999999969e-01 -1.693899999999999920e-02 9.561849999999999516e-01 2.927400000000000002e-01 3.657000000000000094e-03
1.100000000000000000e+01 1.010000000000000000e+02 7.000000000000000000e+00 0.000000000000000000e+00 1.600000000000000089e+00 -9.610000000000000486e-04 -6.768999999999999843e-03 9.999770000000000048e-01 8.856469999999999620e-01 4.643419999999999770e-01 3.994000000000000154e-03 -4.643579999999999930e-01 8.856300000000000283e-01 5.549000000000000113e-03
1.500000000000000000e+01 1.010000000000000000e+02 7.000000000000000000e+00 0.000000000000000000e+00 1.600000000000000089e+00 2.057999999999999934e-03 1.652999999999999955e-03 9.999959999999999960e-01 8.849759999999999849e-01 4.656299999999999883e-01 -2.590999999999999987e-03 -4.656330000000000191e-01 8.849780000000000424e-01 -5.050000000000000235e-04
2.300000000000000000e+01 1.010000000000000000e+02 7.000000000000000000e+00 0.000000000000000000e+00 1.600000000000000089e+00 -2.049000000000000040e-03 -1.555300000000000085e-02 9.998770000000000158e-01 8.867650000000000254e-01 4.621319999999999872e-01 9.005000000000000851e-03 -4.622149999999999870e-01 8.866749999999999909e-01 1.284500000000000051e-02
9.000000000000000000e+00 1.500000000000000000e+01 8.000000000000000000e+00 0.000000000000000000e+00 1.600000000000000089e+00 -4.020000000000000136e-03 -6.962000000000000306e-03 -9.999679999999999680e-01 -5.900929999999999787e-01 -8.072960000000000136e-01 7.993000000000000105e-03 -8.073249999999999593e-01 5.901060000000000194e-01 -8.630000000000000518e-04
1.400000000000000000e+01 1.500000000000000000e+01 8.000000000000000000e+00 0.000000000000000000e+00 1.600000000000000089e+00 -2.168999999999999921e-03 -2.095000000000000074e-03 -9.999949999999999672e-01 -5.918299999999999672e-01 -8.060580000000000522e-01 2.972999999999999948e-03 -8.060599999999999987e-01 5.918330000000000535e-01 5.090000000000000123e-04
2.500000000000000000e+01 1.500000000000000000e+01 8.000000000000000000e+00 0.000000000000000000e+00 1.600000000000000089e+00 -2.080999999999999951e-03 -5.930000000000000375e-03 -9.999799999999999800e-01 -5.910440000000000138e-01 -8.066170000000000284e-01 6.013000000000000116e-03 -8.066370000000000484e-01 5.910450000000000426e-01 -1.825999999999999932e-03
2.900000000000000000e+01 1.500000000000000000e+01 8.000000000000000000e+00 0.000000000000000000e+00 1.600000000000000089e+00 -3.661000000000000192e-03 -1.413700000000000026e-02 -9.998930000000000318e-01 -5.927999999999999936e-01 -8.052359999999999518e-01 1.355499999999999934e-02 -8.053420000000000023e-01 5.927860000000000351e-01 -5.433000000000000329e-03
5.000000000000000000e+00 2.600000000000000000e+01 8.000000000000000000e+00 0.000000000000000000e+00 1.600000000000000089e+00 3.609999999999999928e-03 8.470000000000000098e-03 -9.999580000000000135e-01 4.020369999999999777e-01 9.155769999999999742e-01 9.206999999999999906e-03 9.156159999999999854e-01 -4.020529999999999937e-01 -1.000000000000000048e-04
2.000000000000000000e+00 2.400000000000000000e+01 9.000000000000000000e+00 0.000000000000000000e+00 1.600000000000000089e+00 1.879000000000000028e-03 3.049999999999999868e-04 -9.999980000000000535e-01 4.594920000000000115e-01 8.881809999999999983e-01 1.134000000000000025e-03 8.881799999999999695e-01 -4.594929999999999848e-01 1.528000000000000061e-03
9.000000000000000000e+00 2.400000000000000000e+01 9.000000000000000000e+00 0.000000000000000000e+00 1.600000000000000089e+00 2.886999999999999809e-03 5.379000000000000101e-03 -9.999810000000000088e-01 4.593979999999999730e-01 8.882100000000000550e-01 6.104000000000000051e-03 8.882259999999999600e-01 -4.594070000000000098e-01 9.299999999999999727e-05
1.400000000000000000e+01 2.400000000000000000e+01 9.000000000000000000e+00 0.000000000000000000e+00 1.600000000000000089e+00 2.488999999999999893e-03 9.589000000000000301e-03 -9.999510000000000343e-01 4.595210000000000128e-01 8.881139999999999590e-01 9.660999999999999449e-03 8.881639999999999535e-01 -4.595219999999999860e-01 -2.196000000000000035e-03
1.900000000000000000e+01 2.400000000000000000e+01 9.000000000000000000e+00 0.000000000000000000e+00 1.600000000000000089e+00 1.147999999999999932e-03 3.909000000000000148e-03 -9.999919999999999920e-01 4.598070000000000213e-01 8.880099999999999660e-01 3.998999999999999951e-03 8.880179999999999740e-01 -4.598070000000000213e-01 -7.780000000000000457e-04
2.400000000000000000e+01 2.400000000000000000e+01 9.000000000000000000e+00 0.000000000000000000e+00 1.600000000000000089e+00 2.364999999999999915e-03 8.300000000000000086e-03 -9.999630000000000463e-01 4.585359999999999991e-01 8.886349999999999527e-01 8.460999999999999771e-03 8.886720000000000175e-01 -4.585389999999999744e-01 -1.704999999999999918e-03
2.900000000000000000e+01 2.400000000000000000e+01 9.000000000000000000e+00 0.000000000000000000e+00 1.600000000000000089e+00 4.062999999999999771e-03 7.672000000000000000e-03 -9.999620000000000175e-01 4.585690000000000044e-01 8.886169999999999902e-01 8.680999999999999481e-03 8.886500000000000510e-01 -4.585870000000000224e-01 9.200000000000000007e-05
1.700000000000000000e+01 4.000000000000000000e+00 1.100000000000000000e+01 0.000000000000000000e+00 1.600000000000000089e+00 2.004999999999999838e-03 1.476399999999999935e-02 -9.998890000000000278e-01 2.084789999999999976e-01 9.779139999999999500e-01 1.485700000000000041e-02 9.780250000000000332e-01 -2.084860000000000047e-01 -1.116999999999999937e-03
2.100000000000000000e+01 4.000000000000000000e+00 1.100000000000000000e+01 0.000000000000000000e+00 1.600000000000000089e+00 3.106999999999999953e-03 2.109700000000000117e-02 -9.997730000000000228e-01 2.019509999999999916e-01 9.791640000000000343e-01 2.128899999999999890e-02 9.793910000000000116e-01 -2.019710000000000116e-01 -1.217999999999999899e-03
1.000000000000000000e+00 3.100000000000000000e+01 1.200000000000000000e+01 0.000000000000000000e+00 1.600000000000000089e+00 9.759999999999999796e-04 -4.108999999999999805e-03 9.999909999999999632e-01 -2.312499999999999972e-02 9.997239999999999460e-01 4.129999999999999991e-03 -9.997319999999999540e-01 -2.312900000000000025e-02 8.809999999999999472e-04
6.000000000000000000e+00 3.100000000000000000e+01 1.200000000000000000e+01 0.000000000000000000e+00 1.600000000000000089e+00 -1.515999999999999986e-03 1.533999999999999990e-03 9.999980000000000535e-01 -2.491499999999999965e-02 9.996880000000000210e-01 -1.570999999999999914e-03 -9.996880000000000210e-01 -2.491700000000000165e-02 -1.477000000000000014e-03
1.100000000000000000e+01 3.100000000000000000e+01 1.200000000000000000e+01 0.000000000000000000e+00 1.600000000000000089e+00 -9.150000000000000147e-04 1.381999999999999982e-03 9.999989999999999712e-01 -2.145899999999999891e-02 9.997690000000000188e-01 -1.400999999999999902e-03 -9.997690000000000188e-01 -2.145999999999999991e-02 -8.850000000000000444e-04
1.800000000000000000e+01 3.100000000000000000e+01 1.200000000000000000e+01 0.000000000000000000e+00 1.600000000000000089e+00 -2.599999999999999772e-04 5.019999999999999506e-04 1.000000000000000000e+00 -1.630099999999999952e-02 9.998669999999999503e-01 -5.060000000000000478e-04 -9.998669999999999503e-01 -1.630099999999999952e-02 -2.519999999999999996e-04
2.200000000000000000e+01 3.100000000000000000e+01 1.200000000000000000e+01 0.000000000000000000e+00 1.600000000000000089e+00 2.359999999999999902e-04 2.203999999999999796e-03 9.999980000000000535e-01 -1.652700000000000002e-02 9.998609999999999998e-01 -2.200000000000000133e-03 -9.998629999999999463e-01 -1.652700000000000002e-02 2.719999999999999979e-04
3.000000000000000000e+00 3.200000000000000000e+01 1.400000000000000000e+01 0.000000000000000000e+00 1.600000000000000089e+00 3.566999999999999858e-03 -9.070000000000000371e-04 -9.999930000000000208e-01 1.187089999999999951e-01 9.929289999999999505e-01 -4.769999999999999934e-04 9.929230000000000000e-01 -1.187069999999999931e-01 3.648999999999999900e-03
3.000000000000000000e+00 1.200000000000000000e+01 1.500000000000000000e+01 0.000000000000000000e+00 1.600000000000000089e+00 -1.428999999999999932e-03 4.530000000000000064e-04 -9.999989999999999712e-01 -4.715900000000000092e-01 -8.818179999999999907e-01 2.739999999999999923e-04 -8.818169999999999620e-01 4.715900000000000092e-01 1.474000000000000050e-03
9.000000000000000000e+00 1.200000000000000000e+01 1.500000000000000000e+01 0.000000000000000000e+00 1.600000000000000089e+00 -2.082000000000000083e-03 -1.337999999999999997e-03 -9.999970000000000248e-01 -4.736799999999999899e-01 -8.806950000000000056e-01 2.164999999999999824e-03 -8.806950000000000056e-01 4.736830000000000207e-01 1.199999999999999895e-03
1.300000000000000000e+01 1.200000000000000000e+01 1.500000000000000000e+01 0.000000000000000000e+00 1.600000000000000089e+00 -2.290000000000000098e-04 3.190000000000000019e-04 -1.000000000000000000e+00 -4.741969999999999796e-01 -8.804189999999999516e-01 -1.730000000000000038e-04 -8.804189999999999516e-01 4.741969999999999796e-01 3.530000000000000152e-04
2.600000000000000000e+01 1.200000000000000000e+01 1.500000000000000000e+01 0.000000000000000000e+00 1.600000000000000089e+00 -9.820000000000000170e-04 -2.161999999999999859e-03 -9.999970000000000248e-01 -4.725249999999999728e-01 -8.813140000000000418e-01 2.369000000000000012e-03 -8.813170000000000170e-01 4.725260000000000016e-01 -1.559999999999999972e-04
9.000000000000000000e+00 1.100000000000000000e+01 1.600000000000000000e+01 0.000000000000000000e+00 1.600000000000000089e+00 -1.601999999999999908e-03 -1.842000000000000104e-03 -9.999970000000000248e-01 -4.216550000000000020e-01 -9.067530000000000312e-01 2.344999999999999862e-03 -9.067549999999999777e-01 4.216579999999999773e-01 6.759999999999999516e-04
7.000000000000000000e+00 1.160000000000000000e+02 1.600000000000000000e+01 0.000000000000000000e+00 1.600000000000000089e+00 -2.014000000000000165e-03 3.750000000000000078e-04 9.999980000000000535e-01 6.701740000000000475e-01 7.422029999999999461e-01 1.070999999999999903e-03 -7.422009999999999996e-01 6.701749999999999652e-01 -1.745999999999999939e-03
1.400000000000000000e+01 1.160000000000000000e+02 1.600000000000000000e+01 0.000000000000000000e+00 1.600000000000000089e+00 1.048000000000000103e-03 1.814000000000000074e-03 9.999980000000000535e-01 6.910680000000000156e-01 7.227869999999999573e-01 -2.034999999999999917e-03 -7.227890000000000148e-01 6.910690000000000444e-01 -4.960000000000000216e-04
2.200000000000000000e+01 1.160000000000000000e+02 1.600000000000000000e+01 0.000000000000000000e+00 1.600000000000000089e+00 -1.472999999999999917e-03 -1.871000000000000050e-03 9.999970000000000248e-01 6.680220000000000047e-01 7.441379999999999661e-01 2.377000000000000206e-03 -7.441400000000000237e-01 6.680239999999999512e-01 1.540000000000000028e-04
2.000000000000000000e+00 2.000000000000000000e+00 1.900000000000000000e+01 0.000000000000000000e+00 1.600000000000000089e+00 6.650000000000000095e-04 2.950000000000000148e-04 -1.000000000000000000e+00 2.106959999999999944e-01 -9.775519999999999765e-01 -1.479999999999999925e-04 -9.775509999999999478e-01 -2.106959999999999944e-01 -7.119999999999999593e-04
6.000000000000000000e+00 2.000000000000000000e+00 1.900000000000000000e+01 0.000000000000000000e+00 1.600000000000000089e+00 4.650000000000000270e-04 -4.905999999999999771e-03 -9.999879999999999880e-01 2.147660000000000124e-01 -9.766529999999999934e-01 4.891000000000000382e-03 -9.766650000000000054e-01 -2.147650000000000114e-01 5.990000000000000316e-04
1.000000000000000000e+01 2.000000000000000000e+00 1.900000000000000000e+01 0.000000000000000000e+00 1.600000000000000089e+00 7.680000000000000195e-04 -1.375600000000000087e-02 -9.999050000000000438e-01 2.197929999999999884e-01 -9.754519999999999857e-01 1.358900000000000038e-02 -9.755460000000000242e-01 -2.197830000000000061e-01 2.275000000000000112e-03
1.300000000000000000e+01 2.000000000000000000e+00 1.900000000000000000e+01 0.000000000000000000e+00 1.600000000000000089e+00 -8.090000000000000403e-04 -1.002800000000000046e-02 -9.999489999999999768e-01 2.207679999999999920e-01 -9.752790000000000070e-01 9.601999999999999424e-03 -9.753260000000000263e-01 -2.207490000000000008e-01 3.003000000000000027e-03
2.300000000000000000e+01 2.000000000000000000e+00 1.900000000000000000e+01 0.000000000000000000e+00 1.600000000000000089e+00 4.019000000000000003e-03 4.167999999999999830e-03 -9.999829999999999552e-01 2.149409999999999932e-01 -9.766219999999999901e-01 -3.207000000000000215e-03 -9.766190000000000149e-01 -2.149240000000000039e-01 -4.820999999999999765e-03
3.000000000000000000e+00 1.300000000000000000e+01 2.000000000000000000e+01 0.000000000000000000e+00 1.600000000000000089e+00 -1.200000000000000030e-04 1.031999999999999931e-03 9.999989999999999712e-01 2.587110000000000243e-01 9.659539999999999793e-01 -9.659999999999999533e-04 -9.659550000000000081e-01 2.587110000000000243e-01 -3.829999999999999854e-04
7.000000000000000000e+00 1.300000000000000000e+01 2.000000000000000000e+01 0.000000000000000000e+00 1.600000000000000089e+00 -8.999999999999999754e-04 2.841000000000000209e-03 9.999959999999999960e-01 2.607949999999999990e-01 9.653909999999999991e-01 -2.507999999999999813e-03 -9.653939999999999744e-01 2.607909999999999950e-01 -1.610000000000000103e-03
1.100000000000000000e+01 1.300000000000000000e+01 2.000000000000000000e+01 0.000000000000000000e+00 1.600000000000000089e+00 -6.489999999999999459e-04 2.207999999999999893e-03 9.999970000000000248e-01 2.607679999999999998e-01 9.653990000000000071e-01 -1.962000000000000202e-03 -9.654009999999999536e-01 2.607659999999999978e-01 -1.201999999999999943e-03
1.400000000000000000e+01 1.300000000000000000e+01 2.000000000000000000e+01 0.000000000000000000e+00 1.600000000000000089e+00 -3.190000000000000019e-04 1.348999999999999939e-03 9.999989999999999712e-01 2.606220000000000203e-01 9.654399999999999649e-01 -1.219000000000000031e-03 -9.654409999999999936e-01 2.606209999999999916e-01 -6.599999999999999964e-04
2.300000000000000000e+01 1.300000000000000000e+01 2.000000000000000000e+01 0.000000000000000000e+00 1.600000000000000089e+00 -2.400000000000000061e-04 1.149999999999999981e-03 9.999989999999999712e-01 2.618329999999999824e-01 9.651129999999999987e-01 -1.046999999999999971e-03 -9.651129999999999987e-01 2.618329999999999824e-01 -5.330000000000000536e-04
2.600000000000000000e+01 1.300000000000000000e+01 2.000000000000000000e+01 0.000000000000000000e+00 1.600000000000000089e+00 -1.036999999999999944e-03 -6.844000000000000257e-03 9.999759999999999760e-01 2.620919999999999916e-01 9.650180000000000424e-01 6.877000000000000300e-03 -9.650419999999999554e-01 2.620930000000000204e-01 7.929999999999999766e-04
1.100000000000000000e+01 1.600000000000000000e+01 2.100000000000000000e+01 0.000000000000000000e+00 1.600000000000000089e+00 -1.131000000000000061e-03 1.302999999999999905e-03 9.999989999999999712e-01 3.021209999999999729e-01 9.532690000000000330e-01 -8.999999999999999754e-04 -9.532690000000000330e-01 3.021199999999999997e-01 -1.472000000000000001e-03
1.700000000000000000e+01 1.600000000000000000e+01 2.100000000000000000e+01 0.000000000000000000e+00 1.600000000000000089e+00 3.890000000000000228e-04 3.393000000000000183e-03 9.999940000000000495e-01 3.023680000000000256e-01 9.531849999999999490e-01 -3.350999999999999812e-03 -9.531910000000000105e-01 3.023680000000000256e-01 -6.549999999999999833e-04
2.300000000000000000e+01 1.600000000000000000e+01 2.100000000000000000e+01 0.000000000000000000e+00 1.600000000000000089e+00 -3.640000000000000115e-04 3.288000000000000124e-03 9.999949999999999672e-01 2.998520000000000074e-01 9.539809999999999679e-01 -3.027999999999999876e-03 -9.539860000000000007e-01 2.998489999999999767e-01 -1.333999999999999899e-03
2.600000000000000000e+01 1.600000000000000000e+01 2.100000000000000000e+01 0.000000000000000000e+00 1.600000000000000089e+00 -1.389999999999999905e-04 -9.018999999999999240e-03 9.999590000000000423e-01 3.001320000000000099e-01 9.538579999999999837e-01 8.644000000000000641e-03 -9.538980000000000237e-01 3.001210000000000266e-01 2.573999999999999899e-03
3.000000000000000000e+00 4.600000000000000000e+01 2.700000000000000000e+01 0.000000000000000000e+00 1.600000000000000089e+00 6.970000000000000284e-04 2.174000000000000151e-03 -9.999970000000000248e-01 6.606260000000000465e-01 7.507120000000000459e-01 2.092000000000000109e-03 7.507139999999999924e-01 -6.606260000000000465e-01 -9.129999999999999661e-04
1.000000000000000000e+01 4.600000000000000000e+01 2.700000000000000000e+01 0.000000000000000000e+00 1.600000000000000089e+00 -4.028999999999999596e-03 -3.122999999999999908e-03 -9.999869999999999592e-01 6.592149999999999954e-01 7.519379999999999953e-01 -5.003999999999999768e-03 7.519439999999999458e-01 -6.592259999999999787e-01 -9.700000000000000505e-04
1.500000000000000000e+01 4.600000000000000000e+01 2.700000000000000000e+01 0.000000000000000000e+00 1.600000000000000089e+00 6.960000000000000041e-04 1.479000000000000063e-03 -9.999989999999999712e-01 6.579239999999999533e-01 7.530829999999999469e-01 1.572000000000000047e-03 7.530839999999999756e-01 -6.579239999999999533e-01 -4.490000000000000176e-04
4.000000000000000000e+00 4.600000000000000000e+01 3.000000000000000000e+01 0.000000000000000000e+00 1.600000000000000089e+00 7.029999999999999574e-04 6.340000000000000149e-04 -1.000000000000000000e+00 3.200430000000000219e-01 9.474029999999999951e-01 8.260000000000000198e-04 9.474029999999999951e-01 -3.200439999999999952e-01 4.629999999999999784e-04
8.000000000000000000e+00 4.600000000000000000e+01 3.000000000000000000e+01 0.000000000000000000e+00 1.600000000000000089e+00 -1.315999999999999896e-03 -3.654999999999999829e-03 -9.999919999999999920e-01 3.179879999999999929e-01 9.480870000000000131e-01 -3.883000000000000167e-03 9.480939999999999923e-01 -3.179910000000000236e-01 -8.500000000000000611e-05
1.400000000000000000e+01 4.600000000000000000e+01 3.000000000000000000e+01 0.000000000000000000e+00 1.600000000000000089e+00 -1.920000000000000049e-04 8.170000000000000179e-04 -1.000000000000000000e+00 3.187860000000000138e-01 9.478269999999999751e-01 7.140000000000000079e-04 9.478269999999999751e-01 -3.187849999999999850e-01 -4.420000000000000101e-04
1.800000000000000000e+01 4.600000000000000000e+01 3.000000000000000000e+01 0.000000000000000000e+00 1.600000000000000089e+00 1.350000000000000071e-03 -1.090000000000000067e-04 -9.999989999999999712e-01 3.241780000000000217e-01 9.459959999999999480e-01 3.350000000000000113e-04 9.459950000000000303e-01 -3.241780000000000217e-01 1.312000000000000015e-03
2.600000000000000000e+01 4.600000000000000000e+01 3.000000000000000000e+01 0.000000000000000000e+00 1.600000000000000089e+00 1.361999999999999929e-03 2.520999999999999804e-03 -9.999959999999999960e-01 3.246220000000000216e-01 9.458389999999999853e-01 2.827000000000000086e-03 9.458429999999999893e-01 -3.246249999999999969e-01 4.699999999999999859e-04
2.900000000000000000e+01 4.600000000000000000e+01 3.000000000000000000e+01 0.000000000000000000e+00 1.600000000000000089e+00 1.693999999999999976e-03 2.295000000000000165e-03 -9.999959999999999960e-01 3.239199999999999857e-01 9.460809999999999498e-01 2.720000000000000195e-03 9.460830000000000073e-01 -3.239230000000000165e-01 8.589999999999999546e-04
2.000000000000000000e+00 5.800000000000000000e+01 3.100000000000000000e+01 0.000000000000000000e+00 1.600000000000000089e+00 1.801000000000000083e-03 9.950000000000000077e-04 9.999980000000000535e-01 -7.750559999999999672e-01 -6.318890000000000340e-01 2.024000000000000191e-03 6.318899999999999517e-01 -7.750580000000000247e-01 -3.669999999999999760e-04
1.000000000000000000e+01 5.800000000000000000e+01 3.100000000000000000e+01 0.000000000000000000e+00 1.600000000000000089e+00 -1.348999999999999939e-03 -2.106999999999999932e-03 9.999970000000000248e-01 -7.791529999999999845e-01 -6.268289999999999695e-01 -2.371999999999999977e-03 6.268319999999999448e-01 -7.791540000000000132e-01 -7.960000000000000495e-04
1.600000000000000000e+01 5.800000000000000000e+01 3.100000000000000000e+01 0.000000000000000000e+00 1.600000000000000089e+00 -2.175999999999999983e-03 -2.124000000000000020e-03 9.999949999999999672e-01 -7.793029999999999680e-01 -6.266399999999999748e-01 -3.027000000000000177e-03 6.266429999999999501e-01 -7.793060000000000542e-01 -2.919999999999999961e-04
1.800000000000000000e+01 5.800000000000000000e+01 3.100000000000000000e+01 0.000000000000000000e+00 1.600000000000000089e+00 -1.288000000000000082e-03 -1.869999999999999917e-03 9.999970000000000248e-01 -7.809829999999999828e-01 -6.245479999999999920e-01 -2.174000000000000151e-03 6.245509999999999673e-01 -7.809840000000000115e-01 -6.560000000000000076e-04
5.000000000000000000e+00 4.600000000000000000e+01 3.500000000000000000e+01 0.000000000000000000e+00 1.600000000000000089e+00 4.510000000000000120e-04 -5.936000000000000304e-03 -9.999820000000000375e-01 3.851010000000000266e-01 -9.228570000000000384e-01 5.651999999999999906e-03 -9.228739999999999721e-01 -3.850970000000000226e-01 1.869999999999999917e-03
8.000000000000000000e+00 4.600000000000000000e+01 3.500000000000000000e+01 0.000000000000000000e+00 1.600000000000000089e+00 7.799999999999999859e-05 -1.178000000000000011e-03 -9.999989999999999712e-01 3.850999999999999979e-01 -9.228739999999999721e-01 1.116999999999999937e-03 -9.228750000000000009e-01 -3.850999999999999979e-01 3.820000000000000153e-04
1.400000000000000000e+01 4.600000000000000000e+01 3.500000000000000000e+01 0.000000000000000000e+00 1.600000000000000089e+00 -1.610000000000000103e-04 -1.589999999999999888e-04 -1.000000000000000000e+00 3.858969999999999900e-01 -9.225419999999999732e-01 8.399999999999999535e-05 -9.225419999999999732e-01 -3.858969999999999900e-01 2.100000000000000087e-04
1.800000000000000000e+01 4.600000000000000000e+01 3.500000000000000000e+01 0.000000000000000000e+00 1.600000000000000089e+00 -1.626000000000000058e-03 5.990000000000000316e-04 -9.999980000000000535e-01 3.852829999999999866e-01 -9.227980000000000071e-01 -1.178999999999999927e-03 -9.227969999999999784e-01 -3.852840000000000154e-01 1.268999999999999946e-03
2.300000000000000000e+01 4.600000000000000000e+01 3.500000000000000000e+01 0.000000000000000000e+00 1.600000000000000089e+00 -1.157999999999999958e-03 3.376999999999999794e-03 -9.999940000000000495e-01 3.860040000000000138e-01 -9.224900000000000322e-01 -3.562000000000000062e-03 -9.224959999999999827e-01 -3.860060000000000158e-01 -2.359999999999999902e-04
2.900000000000000000e+01 4.600000000000000000e+01 3.500000000000000000e+01 0.000000000000000000e+00 1.600000000000000089e+00 8.369999999999999619e-04 -2.343000000000000031e-03 -9.999970000000000248e-01 3.845649999999999902e-01 -9.230939999999999701e-01 2.484999999999999796e-03 -9.230969999999999454e-01 -3.845660000000000189e-01 1.279999999999999942e-04
3.000000000000000000e+00 9.500000000000000000e+01 3.600000000000000000e+01 0.000000000000000000e+00 1.600000000000000089e+00 5.261000000000000051e-03 2.234799999999999981e-02 9.997359999999999580e-01 9.975760000000000183e-01 6.925800000000000012e-02 -6.798000000000000223e-03 -6.939199999999999535e-02 9.973480000000000123e-01 -2.192900000000000058e-02
8.000000000000000000e+00 9.500000000000000000e+01 3.600000000000000000e+01 0.000000000000000000e+00 1.600000000000000089e+00 -1.689999999999999879e-04 -1.026000000000000002e-03 9.999989999999999712e-01 9.975950000000000095e-01 6.930899999999999561e-02 2.400000000000000061e-04 -6.930899999999999561e-02 9.975950000000000095e-01 1.012000000000000096e-03
1.300000000000000000e+01 9.500000000000000000e+01 3.600000000000000000e+01 0.000000000000000000e+00 1.600000000000000089e+00 3.148000000000000190e-03 -1.822800000000000115e-02 9.998289999999999678e-01 9.973940000000000028e-01 7.212999999999999967e-02 -1.825000000000000016e-03 -7.208399999999999530e-02 9.972290000000000321e-01 1.840800000000000075e-02
1.800000000000000000e+01 9.500000000000000000e+01 3.600000000000000000e+01 0.000000000000000000e+00 1.600000000000000089e+00 3.356000000000000042e-03 2.451000000000000054e-03 9.999909999999999632e-01 9.967979999999999619e-01 7.987700000000000355e-02 -3.542000000000000010e-03 -7.988499999999999768e-02 9.968019999999999659e-01 -2.174999999999999850e-03
2.300000000000000000e+01 9.500000000000000000e+01 3.600000000000000000e+01 0.000000000000000000e+00 1.600000000000000089e+00 -2.700999999999999842e-03 -3.109999999999999917e-03 9.999919999999999920e-01 9.965730000000000421e-01 8.266999999999999349e-02 2.948999999999999799e-03 -8.267800000000000149e-02 9.965720000000000134e-01 2.876000000000000084e-03
3.000000000000000000e+00 3.000000000000000000e+00 4.300000000000000000e+01 0.000000000000000000e+00 1.600000000000000089e+00 -3.693000000000000102e-03 -4.629000000000000302e-03 -9.999820000000000375e-01 7.337919999999999998e-01 -6.793740000000000334e-01 4.350000000000000026e-04 -6.793639999999999679e-01 -7.337780000000000413e-01 5.905999999999999792e-03
8.000000000000000000e+00 3.000000000000000000e+00 4.300000000000000000e+01 0.000000000000000000e+00 1.600000000000000089e+00 -1.577999999999999976e-03 -1.130600000000000008e-02 -9.999350000000000183e-01 7.378879999999999884e-01 -6.748920000000000474e-01 6.466000000000000393e-03 -6.749209999999999932e-01 -7.378299999999999859e-01 9.407999999999999696e-03
1.000000000000000000e+01 3.000000000000000000e+00 4.300000000000000000e+01 0.000000000000000000e+00 1.600000000000000089e+00 -2.618999999999999800e-03 -2.087599999999999872e-02 -9.997789999999999733e-01 7.388719999999999732e-01 -6.737370000000000303e-01 1.213200000000000042e-02 -6.738410000000000233e-01 -7.386770000000000280e-01 1.718899999999999942e-02
1.700000000000000000e+01 3.000000000000000000e+00 4.300000000000000000e+01 0.000000000000000000e+00 1.600000000000000089e+00 -1.783000000000000080e-03 -7.437000000000000034e-03 -9.999710000000000543e-01 7.416540000000000354e-01 -6.707729999999999526e-01 3.665999999999999988e-03 -6.707800000000000429e-01 -7.416260000000000074e-01 6.712000000000000084e-03
2.100000000000000000e+01 3.000000000000000000e+00 4.300000000000000000e+01 0.000000000000000000e+00 1.600000000000000089e+00 -6.629999999999999609e-04 1.149299999999999974e-02 -9.999339999999999895e-01 7.409909999999999553e-01 -6.714649999999999785e-01 -8.208999999999999284e-03 -6.715149999999999730e-01 -7.409470000000000223e-01 -8.071000000000000049e-03
2.700000000000000000e+01 3.000000000000000000e+00 4.300000000000000000e+01 0.000000000000000000e+00 1.600000000000000089e+00 -2.396999999999999825e-03 5.671999999999999958e-03 -9.999810000000000088e-01 7.381969999999999921e-01 -6.745619999999999949e-01 -5.595000000000000147e-03 -6.745809999999999862e-01 -7.381959999999999633e-01 -2.569999999999999802e-03
1.000000000000000000e+01 8.000000000000000000e+00 4.400000000000000000e+01 0.000000000000000000e+00 1.600000000000000089e+00 -3.288999999999999823e-03 -7.362999999999999753e-03 9.999670000000000503e-01 -7.757399999999999851e-01 -6.310109999999999886e-01 -7.198000000000000405e-03 6.310440000000000493e-01 -7.757389999999999564e-01 -3.637000000000000042e-03
1.000000000000000000e+00 2.900000000000000000e+01 4.400000000000000000e+01 0.000000000000000000e+00 1.600000000000000089e+00 -3.603999999999999999e-03 -3.658999999999999926e-03 -9.999869999999999592e-01 6.786410000000000498e-01 7.344519999999999937e-01 -5.133000000000000410e-03 7.344610000000000305e-01 -6.786510000000000042e-01 -1.640000000000000019e-04
5.000000000000000000e+00 2.900000000000000000e+01 4.400000000000000000e+01 0.000000000000000000e+00 1.600000000000000089e+00 -2.491000000000000159e-03 -2.517999999999999839e-03 -9.999940000000000495e-01 6.788220000000000365e-01 7.342940000000000023e-01 -3.540000000000000178e-03 7.342980000000000063e-01 -6.788269999999999582e-01 -1.200000000000000030e-04
1.400000000000000000e+01 2.900000000000000000e+01 4.400000000000000000e+01 0.000000000000000000e+00 1.600000000000000089e+00 -3.327999999999999795e-03 1.026999999999999918e-03 -9.999940000000000495e-01 6.648140000000000160e-01 7.470069999999999766e-01 -1.445000000000000104e-03 7.470010000000000261e-01 -6.648150000000000448e-01 -3.168999999999999942e-03
3.000000000000000000e+01 2.900000000000000000e+01 4.400000000000000000e+01 0.000000000000000000e+00 1.600000000000000089e+00 3.139999999999999888e-04 -1.348000000000000023e-03 -9.999989999999999712e-01 6.586920000000000552e-01 7.524119999999999697e-01 -8.080000000000000160e-04 7.524119999999999697e-01 -6.586910000000000265e-01 1.124999999999999915e-03
7.000000000000000000e+00 5.400000000000000000e+01 4.600000000000000000e+01 0.000000000000000000e+00 1.600000000000000089e+00 -5.169999999999999899e-04 -3.624000000000000051e-03 9.999930000000000208e-01 3.288670000000000204e-01 -9.443709999999999605e-01 -3.252000000000000116e-03 9.443759999999999932e-01 3.288630000000000164e-01 1.680000000000000070e-03
8.000000000000000000e+00 6.300000000000000000e+01 5.400000000000000000e+01 0.000000000000000000e+00 1.600000000000000089e+00 1.200000000000000030e-04 2.648000000000000180e-03 9.999959999999999960e-01 -3.524100000000000010e-01 9.358419999999999517e-01 -2.435000000000000098e-03 -9.358459999999999557e-01 -3.524089999999999723e-01 1.044999999999999922e-03
1.200000000000000000e+01 6.300000000000000000e+01 5.400000000000000000e+01 0.000000000000000000e+00 1.600000000000000089e+00 -1.572999999999999962e-03 1.518999999999999951e-03 9.999980000000000535e-01 -3.500409999999999910e-01 9.367320000000000091e-01 -1.972999999999999927e-03 -9.367330000000000378e-01 -3.500429999999999930e-01 -9.420000000000000205e-04
2.000000000000000000e+01 6.300000000000000000e+01 5.400000000000000000e+01 0.000000000000000000e+00 1.600000000000000089e+00 2.489999999999999809e-04 -1.592000000000000099e-03 9.999989999999999712e-01 -3.477999999999999980e-01 9.375679999999999570e-01 1.579000000000000108e-03 -9.375689999999999857e-01 -3.477999999999999980e-01 -3.200000000000000262e-04
2.400000000000000000e+01 6.300000000000000000e+01 5.400000000000000000e+01 0.000000000000000000e+00 1.600000000000000089e+00 7.759999999999999971e-04 6.769999999999999759e-04 1.000000000000000000e+00 -3.532580000000000164e-01 9.355259999999999687e-01 -3.589999999999999984e-04 -9.355259999999999687e-01 -3.532580000000000164e-01 9.650000000000000374e-04
2.800000000000000000e+01 6.300000000000000000e+01 5.400000000000000000e+01 0.000000000000000000e+00 1.600000000000000089e+00 -3.300000000000000253e-05 1.948000000000000079e-03 9.999980000000000535e-01 -3.566280000000000006e-01 9.342449999999999921e-01 -1.830999999999999945e-03 -9.342460000000000209e-01 -3.566270000000000273e-01 6.639999999999999852e-04
2.000000000000000000e+00 2.500000000000000000e+01 5.500000000000000000e+01 0.000000000000000000e+00 1.600000000000000089e+00 1.827999999999999981e-03 -1.258999999999999920e-03 -9.999970000000000248e-01 -1.080799999999999990e-02 -9.999409999999999688e-01 1.239000000000000084e-03 -9.999400000000000510e-01 1.080500000000000037e-02 -1.840999999999999972e-03
1.400000000000000000e+01 2.500000000000000000e+01 5.500000000000000000e+01 0.000000000000000000e+00 1.600000000000000089e+00 1.164000000000000104e-03 1.100000000000000066e-03 -9.999989999999999712e-01 -1.082200000000000002e-02 -9.999409999999999688e-01 -1.111999999999999924e-03 -9.999409999999999688e-01 1.082400000000000029e-02 -1.152000000000000029e-03
2.200000000000000000e+01 2.500000000000000000e+01 5.500000000000000000e+01 0.000000000000000000e+00 1.600000000000000089e+00 -1.364999999999999894e-03 -9.370000000000000074e-04 -9.999989999999999712e-01 -9.534000000000000807e-03 -9.999540000000000095e-01 9.499999999999999981e-04 -9.999540000000000095e-01 9.535000000000000073e-03 1.356000000000000000e-03
2.800000000000000000e+01 2.500000000000000000e+01 5.500000000000000000e+01 0.000000000000000000e+00 1.600000000000000089e+00 -6.400000000000000524e-04 -1.531999999999999942e-03 -9.999989999999999712e-01 -1.032699999999999937e-02 -9.999460000000000015e-01 1.539000000000000003e-03 -9.999460000000000015e-01 1.032800000000000037e-02 6.239999999999999887e-04
6.000000000000000000e+00 6.800000000000000000e+01 5.700000000000000000e+01 0.000000000000000000e+00 1.600000000000000089e+00 1.997000000000000077e-03 -2.484999999999999796e-03 -9.999949999999999672e-01 -2.439959999999999907e-01 -9.697740000000000249e-01 1.923000000000000013e-03 -9.697740000000000249e-01 2.439910000000000134e-01 -2.543000000000000121e-03
8.000000000000000000e+00 2.100000000000000000e+01 6.000000000000000000e+01 0.000000000000000000e+00 1.600000000000000089e+00 -3.719999999999999891e-04 -5.753000000000000301e-03 9.999829999999999552e-01 -9.566299999999999804e-02 9.953980000000000050e-01 5.690999999999999878e-03 -9.954140000000000210e-01 -9.565999999999999504e-02 -9.210000000000000521e-04
1.500000000000000000e+01 2.100000000000000000e+01 6.000000000000000000e+01 0.000000000000000000e+00 1.600000000000000089e+00 -1.699999999999999987e-05 1.696999999999999941e-03 9.999989999999999712e-01 -9.661699999999999455e-02 9.953199999999999825e-01 -1.690000000000000096e-03 -9.953220000000000400e-01 -9.661699999999999455e-02 1.469999999999999953e-04
1.800000000000000000e+01 2.100000000000000000e+01 6.000000000000000000e+01 0.000000000000000000e+00 1.600000000000000089e+00 6.759999999999999516e-04 -5.402999999999999817e-03 9.999850000000000128e-01 -9.713900000000000312e-02 9.952560000000000295e-01 5.442999999999999922e-03 -9.952710000000000168e-01 -9.714100000000000512e-02 1.479999999999999925e-04
2.500000000000000000e+01 2.100000000000000000e+01 6.000000000000000000e+01 0.000000000000000000e+00 1.600000000000000089e+00 -2.570000000000000127e-04 -2.648999999999999879e-03 9.999959999999999960e-01 -9.719800000000000662e-02 9.952619999999999800e-01 2.612000000000000172e-03 -9.952649999999999553e-01 -9.719700000000000562e-02 -5.130000000000000011e-04
1.000000000000000000e+01 6.000000000000000000e+00 6.100000000000000000e+01 0.000000000000000000e+00 1.600000000000000089e+00 1.595000000000000064e-03 6.329000000000000424e-03 9.999789999999999512e-01 5.592420000000000169e-01 -8.289929999999999799e-01 4.355000000000000364e-03 8.290030000000000454e-01 5.592230000000000256e-01 -4.862000000000000002e-03
1.200000000000000000e+01 4.000000000000000000e+00 6.200000000000000000e+01 0.000000000000000000e+00 1.600000000000000089e+00 -1.587000000000000086e-03 -2.154000000000000099e-03 9.999959999999999960e-01 -6.131079999999999863e-01 7.899990000000000068e-01 7.290000000000000473e-04 -7.899969999999999493e-01 -6.131050000000000111e-01 -2.573999999999999899e-03
3.000000000000000000e+00 3.000000000000000000e+00 6.300000000000000000e+01 0.000000000000000000e+00 1.600000000000000089e+00 6.620000000000000450e-04 -2.592000000000000120e-03 9.999959999999999960e-01 -6.095369999999999955e-01 7.927530000000000410e-01 2.458999999999999814e-03 -7.927570000000000450e-01 -6.095369999999999955e-01 -1.054999999999999948e-03
2.300000000000000000e+01 3.000000000000000000e+00 6.300000000000000000e+01 0.000000000000000000e+00 1.600000000000000089e+00 7.179999999999999967e-04 4.252999999999999836e-03 9.999909999999999632e-01 -6.123739999999999739e-01 7.905630000000000157e-01 -2.922999999999999817e-03 -7.905680000000000485e-01 -6.123659999999999659e-01 3.171999999999999906e-03
5.000000000000000000e+00 2.700000000000000000e+01 6.300000000000000000e+01 0.000000000000000000e+00 1.600000000000000089e+00 7.299999999999999903e-05 -5.394000000000000357e-03 9.999850000000000128e-01 -2.788320000000000243e-01 9.603260000000000129e-01 5.200999999999999894e-03 -9.603399999999999714e-01 -2.788280000000000203e-01 -1.433999999999999945e-03
8.000000000000000000e+00 2.700000000000000000e+01 6.300000000000000000e+01 0.000000000000000000e+00 1.600000000000000089e+00 5.019999999999999506e-04 -2.109000000000000197e-03 9.999980000000000535e-01 -2.778619999999999979e-01 9.606190000000000007e-01 2.165999999999999957e-03 -9.606209999999999471e-01 -2.778619999999999979e-01 -1.039999999999999936e-04
1.200000000000000000e+01 2.700000000000000000e+01 6.300000000000000000e+01 0.000000000000000000e+00 1.600000000000000089e+00 -6.740000000000000114e-04 4.510000000000000120e-04 1.000000000000000000e+00 -2.755210000000000159e-01 9.612950000000000106e-01 -6.189999999999999756e-04 -9.612950000000000106e-01 -2.755219999999999891e-01 -5.230000000000000274e-04
1.600000000000000000e+01 2.700000000000000000e+01 6.300000000000000000e+01 0.000000000000000000e+00 1.600000000000000089e+00 4.300000000000000165e-05 1.100000000000000039e-04 1.000000000000000000e+00 -2.757830000000000004e-01 9.612199999999999633e-01 -9.299999999999999727e-05 -9.612199999999999633e-01 -2.757830000000000004e-01 7.200000000000000182e-05
1.900000000000000000e+01 2.700000000000000000e+01 6.300000000000000000e+01 0.000000000000000000e+00 1.600000000000000089e+00 -2.610000000000000015e-04 -5.169999999999999899e-04 1.000000000000000000e+00 -2.770580000000000265e-01 9.608529999999999571e-01 4.240000000000000062e-04 -9.608529999999999571e-01 -2.770580000000000265e-01 -3.939999999999999817e-04
2.400000000000000000e+01 2.700000000000000000e+01 6.300000000000000000e+01 0.000000000000000000e+00 1.600000000000000089e+00 4.670000000000000214e-04 2.550999999999999882e-03 9.999970000000000248e-01 -2.756060000000000176e-01 9.612680000000000113e-01 -2.324000000000000111e-03 -9.612709999999999866e-01 -2.756040000000000156e-01 1.152000000000000029e-03
3.000000000000000000e+01 2.700000000000000000e+01 6.300000000000000000e+01 0.000000000000000000e+00 1.600000000000000089e+00 -1.719999999999999958e-03 5.643999999999999712e-03 9.999829999999999552e-01 -2.714239999999999986e-01 9.624420000000000197e-01 -5.898999999999999730e-03 -9.624580000000000357e-01 -2.714289999999999758e-01 -1.230000000000000082e-04
