2.200000000000000000e+01 1.500000000000000000e+01 4.000000000000000000e+00 0.000000000000000000e+00 1.600000000000000089e+00 3.073000000000000211e-03 7.582000000000000198e-03 9.999670000000000503e-01 2.688579999999999859e-01 -9.631579999999999586e-01 6.477000000000000118e-03 9.631750000000000034e-01 2.688289999999999846e-01 -4.998999999999999971e-03
2.600000000000000000e+01 1.500000000000000000e+01 4.000000000000000000e+00 0.000000000000000000e+00 1.600000000000000089e+00 -1.752000000000000085e-03 7.818000000000000296e-03 9.999679999999999680e-01 2.741120000000000223e-01 -9.616639999999999633e-01 7.998999999999999166e-03 9.616959999999999953e-01 2.741179999999999728e-01 -4.580000000000000195e-04
2.000000000000000000e+00 1.600000000000000000e+01 4.000000000000000000e+00 0.000000000000000000e+00 1.600000000000000089e+00 3.389000000000000085e-03 -1.869399999999999881e-02 9.998200000000000420e-01 3.153779999999999917e-01 -9.487799999999999567e-01 -1.880899999999999933e-02 9.489600000000000257e-01 3.153850000000000264e-01 2.680000000000000090e-03
5.000000000000000000e+00 1.600000000000000000e+01 4.000000000000000000e+00 0.000000000000000000e+00 1.600000000000000089e+00 2.582999999999999793e-03 -2.003299999999999872e-02 9.997960000000000180e-01 3.164190000000000058e-01 -9.484120000000000328e-01 -1.982099999999999834e-02 9.486160000000000148e-01 3.164060000000000206e-01 3.889000000000000096e-03
1.000000000000000000e+01 1.600000000000000000e+01 4.000000000000000000e+00 0.000000000000000000e+00 1.600000000000000089e+00 3.003000000000000027e-03 -2.052000000000000005e-02 9.997850000000000348e-01 3.214969999999999772e-01 -9.466909999999999492e-01 -2.039600000000000093e-02 9.469060000000000255e-01 3.214890000000000247e-01 3.753999999999999958e-03
2.000000000000000000e+01 1.600000000000000000e+01 4.000000000000000000e+00 0.000000000000000000e+00 1.600000000000000089e+00 2.962999999999999922e-03 -6.930000000000000396e-04 9.999949999999999672e-01 3.294650000000000079e-01 -9.441659999999999497e-01 -1.629999999999999939e-03 9.441629999999999745e-01 3.294679999999999831e-01 -2.569000000000000103e-03
1.600000000000000000e+01 1.010000000000000000e+02 7.000000000000000000e+00 0.000000000000000000e+00 1.600000000000000089e+00 -7.100000000000000462e-05 7.499999999999999343e-05 1.000000000000000000e+00 8.848620000000000374e-01 4.658530000000000171e-01 2.799999999999999958e-05 -4.658530000000000171e-01 8.848620000000000374e-01 -1.000000000000000048e-04
1.900000000000000000e+01 1.010000000000000000e+02 7.000000000000000000e+00 0.000000000000000000e+00 1.600000000000000089e+00 9.250000000000000409e-04 2.482999999999999964e-03 9.999959999999999960e-01 8.844840000000000479e-01 4.665670000000000095e-01 -1.977000000000000025e-03 -4.665699999999999847e-01 8.844830000000000192e-01 -1.765000000000000076e-03
2.000000000000000000e+00 1.500000000000000000e+01 8.000000000000000000e+00 0.000000000000000000e+00 1.600000000000000089e+00 -9.034999999999999629e-03 -1.361700000000000063e-02 -9.998660000000000325e-01 -5.654409999999999714e-01 -8.246269999999999989e-01 1.634000000000000036e-02 -8.247389999999999999e-01 5.655130000000000434e-01 -2.489999999999999809e-04
6.000000000000000000e+00 1.500000000000000000e+01 8.000000000000000000e+00 0.000000000000000000e+00 1.600000000000000089e+00 -7.995999999999999636e-03 -1.850999999999999868e-02 -9.997970000000000468e-01 -5.680479999999999974e-01 -8.227579999999999893e-01 1.977500000000000091e-02 -8.229560000000000208e-01 5.680910000000000126e-01 -3.936000000000000262e-03
1.000000000000000000e+01 1.500000000000000000e+01 8.000000000000000000e+00 0.000000000000000000e+00 1.600000000000000089e+00 -7.542000000000000093e-03 -2.197999999999999954e-02 -9.997300000000000075e-01 -5.715820000000000345e-01 -8.202409999999999979e-01 2.234600000000000128e-02 -8.205099999999999616e-01 5.715959999999999930e-01 -6.377999999999999989e-03
1.300000000000000000e+01 1.500000000000000000e+01 8.000000000000000000e+00 0.000000000000000000e+00 1.600000000000000089e+00 -7.078000000000000090e-03 -2.132300000000000167e-02 -9.997479999999999700e-01 -5.750530000000000364e-01 -8.178339999999999499e-01 2.151399999999999840e-02 -8.180859999999999799e-01 5.750600000000000156e-01 -6.472999999999999587e-03
1.800000000000000000e+01 1.500000000000000000e+01 8.000000000000000000e+00 0.000000000000000000e+00 1.600000000000000089e+00 -2.827000000000000086e-03 -5.483000000000000027e-03 -9.999810000000000088e-01 -5.790520000000000111e-01 -8.152679999999999927e-01 6.106999999999999582e-03 -8.152859999999999552e-01 5.790579999999999616e-01 -8.700000000000000051e-04
2.200000000000000000e+01 1.500000000000000000e+01 8.000000000000000000e+00 0.000000000000000000e+00 1.600000000000000089e+00 -3.669999999999999760e-04 6.924999999999999732e-03 -9.999759999999999760e-01 -5.799490000000000478e-01 -8.146349999999999980e-01 -5.428999999999999798e-03 -8.146529999999999605e-01 5.799330000000000318e-01 4.315000000000000259e-03
2.500000000000000000e+01 1.500000000000000000e+01 8.000000000000000000e+00 0.000000000000000000e+00 1.600000000000000089e+00 1.539000000000000003e-03 6.354000000000000273e-03 -9.999789999999999512e-01 -5.793070000000000164e-01 -8.150870000000000060e-01 -6.071000000000000008e-03 -8.151080000000000547e-01 5.793040000000000411e-01 2.426000000000000205e-03
2.900000000000000000e+01 1.500000000000000000e+01 8.000000000000000000e+00 0.000000000000000000e+00 1.600000000000000089e+00 2.678999999999999958e-03 -1.162999999999999971e-03 -9.999959999999999960e-01 -5.777309999999999945e-01 -8.162270000000000358e-01 -5.990000000000000316e-04 -8.162220000000000031e-01 5.777309999999999945e-01 -2.858999999999999996e-03
4.000000000000000000e+00 2.600000000000000000e+01 8.000000000000000000e+00 0.000000000000000000e+00 1.600000000000000089e+00 6.464000000000000128e-03 2.815099999999999894e-02 -9.995829999999999993e-01 4.203470000000000262e-01 9.069230000000000347e-01 2.825899999999999940e-02 9.073409999999999531e-01 -4.203540000000000054e-01 -5.970999999999999745e-03
7.000000000000000000e+00 2.600000000000000000e+01 8.000000000000000000e+00 0.000000000000000000e+00 1.600000000000000089e+00 6.983999999999999757e-03 2.142000000000000154e-02 -9.997460000000000235e-01 4.173959999999999892e-01 9.084489999999999510e-01 2.238000000000000059e-02 9.086980000000000057e-01 -4.174459999999999837e-01 -2.595999999999999783e-03
1.300000000000000000e+01 2.600000000000000000e+01 8.000000000000000000e+00 0.000000000000000000e+00 1.600000000000000089e+00 6.747999999999999658e-03 2.270600000000000049e-02 -9.997190000000000243e-01 4.125889999999999835e-01 9.106149999999999523e-01 2.346699999999999828e-02 9.108920000000000350e-01 -4.126319999999999988e-01 -3.223000000000000170e-03
2.100000000000000000e+01 2.600000000000000000e+01 8.000000000000000000e+00 0.000000000000000000e+00 1.600000000000000089e+00 7.119999999999999593e-04 -1.443999999999999971e-03 -9.999989999999999712e-01 4.094769999999999799e-01 9.123200000000000198e-01 -1.026000000000000002e-03 9.123200000000000198e-01 -4.094760000000000066e-01 1.240000000000000000e-03
1.000000000000000000e+00 1.400000000000000000e+01 9.000000000000000000e+00 0.000000000000000000e+00 1.600000000000000089e+00 -8.536999999999999450e-03 -1.080099999999999984e-02 -9.999050000000000438e-01 -5.618009999999999948e-01 -8.271589999999999776e-01 1.373199999999999942e-02 -8.272289999999999921e-01 5.618649999999999478e-01 9.940000000000000918e-04
1.400000000000000000e+01 2.400000000000000000e+01 9.000000000000000000e+00 0.000000000000000000e+00 1.600000000000000089e+00 7.335000000000000374e-03 2.423499999999999960e-02 -9.996789999999999843e-01 4.667979999999999907e-01 8.840139999999999665e-01 2.485599999999999962e-02 8.843330000000000357e-01 -4.668309999999999960e-01 -4.828999999999999959e-03
1.800000000000000000e+01 2.400000000000000000e+01 9.000000000000000000e+00 0.000000000000000000e+00 1.600000000000000089e+00 4.545999999999999694e-03 1.332500000000000004e-02 -9.999010000000000398e-01 4.636440000000000006e-01 8.859120000000000328e-01 1.391399999999999929e-02 8.860099999999999643e-01 -4.636609999999999898e-01 -2.151000000000000134e-03
2.600000000000000000e+01 2.400000000000000000e+01 9.000000000000000000e+00 0.000000000000000000e+00 1.600000000000000089e+00 -5.969999999999999829e-04 -3.222000000000000038e-03 -9.999949999999999672e-01 4.622280000000000277e-01 8.867559999999999887e-01 -3.132999999999999934e-03 8.867610000000000214e-01 -4.622269999999999990e-01 9.600000000000000243e-04
2.900000000000000000e+01 2.400000000000000000e+01 9.000000000000000000e+00 0.000000000000000000e+00 1.600000000000000089e+00 -3.420000000000000188e-04 5.895000000000000066e-03 -9.999829999999999552e-01 4.625349999999999739e-01 8.865870000000000140e-01 5.067999999999999589e-03 8.866009999999999724e-01 -4.625250000000000195e-01 -3.030000000000000141e-03
3.000000000000000000e+00 3.100000000000000000e+01 1.200000000000000000e+01 0.000000000000000000e+00 1.600000000000000089e+00 2.046000000000000076e-03 -7.630000000000000063e-04 9.999980000000000535e-01 -1.486099999999999921e-02 9.998890000000000278e-01 7.929999999999999766e-04 -9.998869999999999703e-01 -1.486299999999999948e-02 2.033999999999999784e-03
9.000000000000000000e+00 3.100000000000000000e+01 1.200000000000000000e+01 0.000000000000000000e+00 1.600000000000000089e+00 1.028999999999999967e-03 1.369999999999999907e-03 9.999989999999999712e-01 -1.338499999999999933e-02 9.999099999999999655e-01 -1.356000000000000000e-03 -9.999099999999999655e-01 -1.338400000000000006e-02 1.048000000000000103e-03
1.600000000000000000e+01 3.100000000000000000e+01 1.200000000000000000e+01 0.000000000000000000e+00 1.600000000000000089e+00 -4.949999999999999973e-04 5.237000000000000335e-03 9.999860000000000415e-01 -8.942000000000000295e-03 9.999460000000000015e-01 -5.242000000000000132e-03 -9.999599999999999600e-01 -8.944999999999999826e-03 -4.490000000000000176e-04
2.200000000000000000e+01 3.100000000000000000e+01 1.200000000000000000e+01 0.000000000000000000e+00 1.600000000000000089e+00 -2.979999999999999793e-04 8.109999999999999805e-04 1.000000000000000000e+00 -5.667000000000000162e-03 9.999839999999999840e-01 -8.120000000000000048e-04 -9.999839999999999840e-01 -5.667000000000000162e-03 -2.930000000000000204e-04
2.600000000000000000e+01 3.100000000000000000e+01 1.200000000000000000e+01 0.000000000000000000e+00 1.600000000000000089e+00 6.299999999999999990e-05 2.441000000000000027e-03 9.999970000000000248e-01 -1.561000000000000104e-03 9.999959999999999960e-01 -2.441000000000000027e-03 -9.999989999999999712e-01 -1.561000000000000104e-03 6.700000000000000226e-05
1.000000000000000000e+00 1.200000000000000000e+01 1.500000000000000000e+01 0.000000000000000000e+00 1.600000000000000089e+00 -2.768000000000000061e-03 -6.564999999999999655e-03 -9.999749999999999472e-01 -4.684510000000000063e-01 -8.834610000000000518e-01 7.095999999999999877e-03 -8.834849999999999648e-01 4.684590000000000143e-01 -6.300000000000000261e-04
1.100000000000000000e+01 1.200000000000000000e+01 1.500000000000000000e+01 0.000000000000000000e+00 1.600000000000000089e+00 -4.276000000000000287e-03 -6.048000000000000424e-03 -9.999730000000000008e-01 -4.737439999999999984e-01 -8.806319999999999704e-01 7.352000000000000028e-03 -8.806519999999999904e-01 4.737629999999999897e-01 8.999999999999999754e-04
1.600000000000000000e+01 1.200000000000000000e+01 1.500000000000000000e+01 0.000000000000000000e+00 1.600000000000000089e+00 -2.102000000000000136e-03 -4.225999999999999722e-03 -9.999890000000000168e-01 -4.733319999999999750e-01 -8.808709999999999596e-01 4.717999999999999972e-03 -8.808810000000000251e-01 4.733370000000000077e-01 -1.489999999999999897e-04
2.100000000000000000e+01 1.200000000000000000e+01 1.500000000000000000e+01 0.000000000000000000e+00 1.600000000000000089e+00 -8.210000000000000067e-04 3.105999999999999820e-03 -9.999949999999999672e-01 -4.745139999999999914e-01 -8.802450000000000552e-01 -2.344999999999999862e-03 -8.802470000000000017e-01 4.745099999999999874e-01 2.197000000000000168e-03
2.700000000000000000e+01 1.200000000000000000e+01 1.500000000000000000e+01 0.000000000000000000e+00 1.600000000000000089e+00 1.498999999999999898e-03 5.968000000000000214e-03 -9.999810000000000088e-01 -4.729709999999999748e-01 -8.810580000000000078e-01 -5.967000000000000082e-03 -8.810769999999999991e-01 4.729709999999999748e-01 1.502000000000000080e-03
8.000000000000000000e+00 2.000000000000000000e+00 1.900000000000000000e+01 0.000000000000000000e+00 1.600000000000000089e+00 2.284000000000000006e-03 -3.566999999999999858e-03 -9.999909999999999632e-01 1.546269999999999867e-01 -9.879649999999999821e-01 3.877999999999999937e-03 -9.879700000000000149e-01 -1.546349999999999947e-01 -1.704999999999999918e-03
1.200000000000000000e+01 2.000000000000000000e+00 1.900000000000000000e+01 0.000000000000000000e+00 1.600000000000000089e+00 2.968999999999999851e-03 -1.206699999999999960e-02 -9.999230000000000063e-01 1.606539999999999913e-01 -9.869329999999999492e-01 1.238700000000000044e-02 -9.870060000000000500e-01 -1.606779999999999875e-01 -9.920000000000000432e-04
1.500000000000000000e+01 2.000000000000000000e+00 1.900000000000000000e+01 0.000000000000000000e+00 1.600000000000000089e+00 3.173000000000000039e-03 -5.028999999999999616e-03 -9.999820000000000375e-01 1.642510000000000081e-01 -9.864030000000000298e-01 5.481999999999999894e-03 -9.864129999999999843e-01 -1.642659999999999954e-01 -2.304000000000000058e-03
2.000000000000000000e+01 2.000000000000000000e+00 1.900000000000000000e+01 0.000000000000000000e+00 1.600000000000000089e+00 -5.280000000000000405e-04 9.412000000000000227e-03 -9.999559999999999560e-01 1.663320000000000076e-01 -9.860250000000000403e-01 -9.369000000000000591e-03 -9.860700000000000021e-01 -1.663290000000000046e-01 -1.044999999999999922e-03
2.400000000000000000e+01 2.000000000000000000e+00 1.900000000000000000e+01 0.000000000000000000e+00 1.600000000000000089e+00 1.348999999999999939e-03 4.865999999999999666e-03 -9.999869999999999592e-01 1.656950000000000089e-01 -9.861659999999999870e-01 -4.575000000000000074e-03 -9.861760000000000526e-01 -1.656859999999999999e-01 -2.135999999999999878e-03
2.700000000000000000e+01 2.000000000000000000e+00 1.900000000000000000e+01 0.000000000000000000e+00 1.600000000000000089e+00 2.827000000000000086e-03 -1.778999999999999982e-03 -9.999940000000000495e-01 1.640290000000000081e-01 -9.864530000000000243e-01 2.219000000000000052e-03 -9.864509999999999668e-01 -1.640349999999999864e-01 -2.497000000000000088e-03
2.900000000000000000e+01 2.000000000000000000e+00 1.900000000000000000e+01 0.000000000000000000e+00 1.600000000000000089e+00 2.675999999999999993e-03 -3.628000000000000148e-03 -9.999900000000000455e-01 1.638449999999999906e-01 -9.864779999999999660e-01 4.016999999999999738e-03 -9.864819999999999700e-01 -1.638539999999999996e-01 -2.044999999999999943e-03
1.500000000000000000e+01 4.000000000000000000e+00 2.000000000000000000e+01 0.000000000000000000e+00 1.600000000000000089e+00 4.542000000000000030e-03 -5.499000000000000415e-03 -9.999749999999999472e-01 2.569790000000000130e-01 -9.663950000000000040e-01 6.480999999999999782e-03 -9.664059999999999873e-01 -2.570020000000000082e-01 -2.975999999999999913e-03
2.000000000000000000e+00 1.300000000000000000e+01 2.000000000000000000e+01 0.000000000000000000e+00 1.600000000000000089e+00 8.469999999999999881e-04 1.353000000000000036e-03 9.999989999999999712e-01 2.528819999999999957e-01 9.674960000000000226e-01 -1.523000000000000048e-03 -9.674970000000000514e-01 2.528830000000000244e-01 4.769999999999999934e-04
8.000000000000000000e+00 1.300000000000000000e+01 2.000000000000000000e+01 0.000000000000000000e+00 1.600000000000000089e+00 2.400000000000000061e-05 3.575000000000000053e-03 9.999940000000000495e-01 2.521510000000000140e-01 9.676820000000000421e-01 -3.465999999999999897e-03 -9.676879999999999926e-01 2.521490000000000120e-01 -8.779999999999999827e-04
1.500000000000000000e+01 1.300000000000000000e+01 2.000000000000000000e+01 0.000000000000000000e+00 1.600000000000000089e+00 -8.570000000000000144e-04 8.379999999999999862e-04 9.999989999999999712e-01 2.557590000000000141e-01 9.667400000000000437e-01 -5.910000000000000539e-04 -9.667400000000000437e-01 2.557579999999999854e-01 -1.043000000000000090e-03
1.800000000000000000e+01 1.300000000000000000e+01 2.000000000000000000e+01 0.000000000000000000e+00 1.600000000000000089e+00 -1.178999999999999927e-03 -5.749999999999999903e-04 9.999989999999999712e-01 2.569270000000000165e-01 9.664300000000000113e-01 8.589999999999999546e-04 -9.664300000000000113e-01 2.569279999999999897e-01 -9.909999999999999105e-04
2.600000000000000000e+01 1.300000000000000000e+01 2.000000000000000000e+01 0.000000000000000000e+00 1.600000000000000089e+00 1.659999999999999963e-04 7.389999999999999651e-04 1.000000000000000000e+00 2.556100000000000039e-01 9.667799999999999727e-01 -7.569999999999999689e-04 -9.667799999999999727e-01 2.556100000000000039e-01 -2.799999999999999958e-05
8.000000000000000000e+00 1.600000000000000000e+01 2.100000000000000000e+01 0.000000000000000000e+00 1.600000000000000089e+00 -5.850000000000000165e-04 -1.144000000000000052e-03 9.999989999999999712e-01 2.979439999999999866e-01 9.545829999999999593e-01 1.266999999999999897e-03 -9.545829999999999593e-01 2.979439999999999866e-01 -2.180000000000000134e-04
2.000000000000000000e+01 1.600000000000000000e+01 2.100000000000000000e+01 0.000000000000000000e+00 1.600000000000000089e+00 -1.838000000000000007e-03 -6.239999999999999887e-04 9.999980000000000535e-01 2.997980000000000089e-01 9.540020000000000167e-01 1.146000000000000100e-03 -9.540009999999999879e-01 2.997989999999999822e-01 -1.565999999999999901e-03
2.600000000000000000e+01 1.600000000000000000e+01 2.100000000000000000e+01 0.000000000000000000e+00 1.600000000000000089e+00 -2.039999999999999984e-04 2.735000000000000018e-03 9.999959999999999960e-01 2.972489999999999855e-01 9.547970000000000068e-01 -2.550999999999999882e-03 -9.547999999999999821e-01 2.972469999999999835e-01 -1.007999999999999998e-03
4.000000000000000000e+00 4.600000000000000000e+01 2.700000000000000000e+01 0.000000000000000000e+00 1.600000000000000089e+00 1.420000000000000038e-03 2.742000000000000080e-03 -9.999949999999999672e-01 6.769709999999999894e-01 7.360029999999999628e-01 2.978999999999999877e-03 7.360079999999999956e-01 -6.769720000000000182e-01 -8.109999999999999805e-04
8.000000000000000000e+00 4.600000000000000000e+01 2.700000000000000000e+01 0.000000000000000000e+00 1.600000000000000089e+00 1.907000000000000058e-03 1.314999999999999980e-03 -9.999970000000000248e-01 6.852200000000000513e-01 7.283330000000000082e-01 2.263999999999999953e-03 7.283340000000000369e-01 -6.852219999999999978e-01 4.879999999999999898e-04
1.100000000000000000e+01 4.600000000000000000e+01 2.700000000000000000e+01 0.000000000000000000e+00 1.600000000000000089e+00 1.763000000000000027e-03 3.119999999999999944e-04 -9.999980000000000535e-01 6.846179999999999488e-01 7.289010000000000211e-01 1.435000000000000078e-03 7.288999999999999924e-01 -6.846189999999999776e-01 1.072000000000000036e-03
3.000000000000000000e+00 4.600000000000000000e+01 3.000000000000000000e+01 0.000000000000000000e+00 1.600000000000000089e+00 -8.319999999999999488e-04 1.634000000000000036e-03 -9.999980000000000535e-01 3.314989999999999881e-01 9.434550000000000436e-01 1.265999999999999981e-03 9.434550000000000436e-01 -3.314969999999999861e-01 -1.325999999999999922e-03
1.000000000000000000e+01 4.600000000000000000e+01 3.000000000000000000e+01 0.000000000000000000e+00 1.600000000000000089e+00 1.735999999999999913e-03 1.572999999999999962e-03 -9.999970000000000248e-01 3.372680000000000122e-01 9.414059999999999651e-01 2.066000000000000128e-03 9.414069999999999938e-01 -3.372709999999999875e-01 1.103999999999999947e-03
1.400000000000000000e+01 4.600000000000000000e+01 3.000000000000000000e+01 0.000000000000000000e+00 1.600000000000000089e+00 -4.650000000000000270e-04 2.599999999999999840e-05 -1.000000000000000000e+00 3.349869999999999792e-01 9.422230000000000327e-01 -1.310000000000000129e-04 9.422230000000000327e-01 -3.349869999999999792e-01 -4.470000000000000232e-04
2.000000000000000000e+00 6.000000000000000000e+00 3.200000000000000000e+01 0.000000000000000000e+00 1.600000000000000089e+00 1.589999999999999888e-04 6.165999999999999606e-03 -9.999810000000000088e-01 1.945749999999999980e-01 9.808689999999999909e-01 6.079000000000000202e-03 9.808879999999999821e-01 -1.945719999999999950e-01 -1.044000000000000006e-03
3.000000000000000000e+01 6.000000000000000000e+00 3.200000000000000000e+01 0.000000000000000000e+00 1.600000000000000089e+00 6.809999999999999647e-04 3.144000000000000093e-03 -9.999949999999999672e-01 1.811010000000000120e-01 9.834589999999999721e-01 3.216000000000000109e-03 9.834640000000000049e-01 -1.811029999999999862e-01 1.000000000000000048e-04
2.300000000000000000e+01 2.200000000000000000e+01 3.400000000000000000e+01 0.000000000000000000e+00 1.600000000000000089e+00 1.095999999999999969e-03 1.876999999999999979e-03 9.999980000000000535e-01 3.794710000000000027e-01 -9.252029999999999976e-01 1.320999999999999909e-03 9.252029999999999976e-01 3.794680000000000275e-01 -1.726000000000000104e-03
2.300000000000000000e+01 4.300000000000000000e+01 3.400000000000000000e+01 0.000000000000000000e+00 1.600000000000000089e+00 1.175999999999999962e-03 -3.092000000000000130e-03 -9.999949999999999672e-01 -3.319509999999999961e-01 9.432909999999999906e-01 -3.307000000000000044e-03 9.432960000000000234e-01 3.319529999999999981e-01 8.299999999999999815e-05
4.000000000000000000e+00 4.600000000000000000e+01 3.500000000000000000e+01 0.000000000000000000e+00 1.600000000000000089e+00 -5.130000000000000011e-04 5.506999999999999743e-03 -9.999850000000000128e-01 3.868349999999999844e-01 -9.221340000000000092e-01 -5.276999999999999573e-03 -9.221489999999999965e-01 -3.868320000000000092e-01 -1.657000000000000053e-03
9.000000000000000000e+00 4.600000000000000000e+01 3.500000000000000000e+01 0.000000000000000000e+00 1.600000000000000089e+00 -6.800000000000000488e-04 -6.210000000000000242e-04 -1.000000000000000000e+00 3.876749999999999918e-01 -9.217959999999999487e-01 3.089999999999999756e-04 -9.217959999999999487e-01 -3.876749999999999918e-01 8.679999999999999565e-04
1.400000000000000000e+01 4.600000000000000000e+01 3.500000000000000000e+01 0.000000000000000000e+00 1.600000000000000089e+00 1.150000000000000035e-04 -1.100000000000000039e-04 -1.000000000000000000e+00 3.877519999999999856e-01 -9.217640000000000278e-01 1.459999999999999981e-04 -9.217640000000000278e-01 -3.877519999999999856e-01 -6.299999999999999990e-05
1.900000000000000000e+01 4.600000000000000000e+01 3.500000000000000000e+01 0.000000000000000000e+00 1.600000000000000089e+00 4.169999999999999987e-04 1.793000000000000106e-03 -9.999980000000000535e-01 3.875899999999999901e-01 -9.218300000000000383e-01 -1.490999999999999921e-03 -9.218319999999999848e-01 -3.875890000000000168e-01 -1.079000000000000098e-03
2.500000000000000000e+01 4.600000000000000000e+01 3.500000000000000000e+01 0.000000000000000000e+00 1.600000000000000089e+00 -1.299000000000000024e-03 5.599999999999999916e-05 -9.999989999999999712e-01 3.888119999999999910e-01 -9.213170000000000526e-01 -5.559999999999999621e-04 -9.213160000000000238e-01 -3.888119999999999910e-01 1.175000000000000046e-03
2.900000000000000000e+01 4.600000000000000000e+01 3.500000000000000000e+01 0.000000000000000000e+00 1.600000000000000089e+00 4.110000000000000155e-04 -1.915999999999999951e-03 -9.999980000000000535e-01 3.875029999999999863e-01 -9.218669999999999920e-01 1.925999999999999978e-03 -9.218690000000000495e-01 -3.875029999999999863e-01 3.640000000000000115e-04
4.000000000000000000e+00 9.500000000000000000e+01 3.600000000000000000e+01 0.000000000000000000e+00 1.600000000000000089e+00 2.098000000000000038e-03 5.699999999999999772e-04 9.999980000000000535e-01 9.960200000000000164e-01 8.910400000000000265e-02 -2.141000000000000108e-03 -8.910500000000000365e-02 9.960219999999999629e-01 -3.809999999999999910e-04
9.000000000000000000e+00 9.500000000000000000e+01 3.600000000000000000e+01 0.000000000000000000e+00 1.600000000000000089e+00 -2.494999999999999822e-03 -4.978999999999999919e-03 9.999850000000000128e-01 9.960550000000000237e-01 8.869199999999999307e-02 2.926000000000000215e-03 -8.870500000000000607e-02 9.960470000000000157e-01 4.738000000000000024e-03
1.700000000000000000e+01 9.500000000000000000e+01 3.600000000000000000e+01 0.000000000000000000e+00 1.600000000000000089e+00 -2.184000000000000177e-03 1.889999999999999970e-03 9.999959999999999960e-01 9.964129999999999932e-01 8.459999999999999465e-02 2.017000000000000130e-03 -8.459600000000000453e-02 9.964129999999999932e-01 -2.067999999999999960e-03
2.100000000000000000e+01 9.500000000000000000e+01 3.600000000000000000e+01 0.000000000000000000e+00 1.600000000000000089e+00 -8.796999999999999265e-03 -1.718799999999999842e-02 9.998139999999999805e-01 9.967179999999999929e-01 8.030700000000000338e-02 1.015100000000000030e-02 -8.046699999999999686e-02 9.966220000000000079e-01 1.642499999999999863e-02
5.000000000000000000e+00 2.900000000000000000e+01 4.400000000000000000e+01 0.000000000000000000e+00 1.600000000000000089e+00 4.105000000000000142e-03 4.159000000000000370e-03 -9.999829999999999552e-01 6.706990000000000451e-01 7.417070000000000052e-01 5.838000000000000307e-03 7.417179999999999884e-01 -6.707119999999999749e-01 2.550000000000000183e-04
1.100000000000000000e+01 2.900000000000000000e+01 4.400000000000000000e+01 0.000000000000000000e+00 1.600000000000000089e+00 8.099999999999999561e-04 5.394000000000000357e-03 -9.999850000000000128e-01 6.758950000000000236e-01 7.369839999999999725e-01 4.523000000000000111e-03 7.369970000000000132e-01 -6.758889999999999620e-01 -3.049000000000000061e-03
1.700000000000000000e+01 2.900000000000000000e+01 4.400000000000000000e+01 0.000000000000000000e+00 1.600000000000000089e+00 -2.394999999999999993e-03 2.610000000000000015e-04 -9.999970000000000248e-01 6.813719999999999777e-01 7.319360000000000310e-01 -1.441000000000000007e-03 7.319329999999999448e-01 -6.813740000000000352e-01 -1.930999999999999991e-03
2.100000000000000000e+01 2.900000000000000000e+01 4.400000000000000000e+01 0.000000000000000000e+00 1.600000000000000089e+00 -6.710000000000000469e-04 2.462999999999999912e-03 -9.999970000000000248e-01 6.794440000000000479e-01 7.337259999999999893e-01 1.350999999999999987e-03 7.337270000000000181e-01 -6.794409999999999616e-01 -2.165999999999999957e-03
2.500000000000000000e+01 2.900000000000000000e+01 4.400000000000000000e+01 0.000000000000000000e+00 1.600000000000000089e+00 1.160999999999999923e-03 2.801000000000000104e-03 -9.999949999999999672e-01 6.732970000000000343e-01 7.393669999999999964e-01 2.851999999999999934e-03 7.393720000000000292e-01 -6.732970000000000343e-01 -1.026999999999999918e-03
2.900000000000000000e+01 2.900000000000000000e+01 4.400000000000000000e+01 0.000000000000000000e+00 1.600000000000000089e+00 -1.624999999999999925e-03 -3.579999999999999741e-04 -9.999989999999999712e-01 6.711179999999999923e-01 7.413490000000000357e-01 -1.356000000000000000e-03 7.413480000000000070e-01 -6.711200000000000498e-01 -9.640000000000000131e-04
8.000000000000000000e+00 6.500000000000000000e+01 4.600000000000000000e+01 0.000000000000000000e+00 1.600000000000000089e+00 -2.409999999999999816e-03 1.786000000000000044e-03 9.999949999999999672e-01 6.843069999999999986e-01 -7.291879999999999473e-01 2.951000000000000064e-03 7.291900000000000048e-01 6.843110000000000026e-01 5.349999999999999938e-04
2.600000000000000000e+01 7.000000000000000000e+01 4.700000000000000000e+01 0.000000000000000000e+00 1.600000000000000089e+00 -9.000000000000000228e-06 6.340000000000000149e-04 -1.000000000000000000e+00 -8.371439999999999992e-01 -5.469829999999999970e-01 -3.390000000000000001e-04 -5.469829999999999970e-01 8.371429999999999705e-01 5.360000000000000181e-04
9.000000000000000000e+00 5.000000000000000000e+00 5.100000000000000000e+01 0.000000000000000000e+00 1.600000000000000089e+00 -2.171000000000000187e-03 8.836999999999999370e-03 -9.999590000000000423e-01 4.771739999999999871e-01 -8.787650000000000183e-01 -8.802000000000000796e-03 -8.788059999999999761e-01 -4.771730000000000138e-01 -2.308999999999999855e-03
1.900000000000000000e+01 5.000000000000000000e+00 5.100000000000000000e+01 0.000000000000000000e+00 1.600000000000000089e+00 1.789999999999999925e-03 2.050999999999999872e-03 -9.999959999999999960e-01 4.893910000000000204e-01 -8.720639999999999503e-01 -9.120000000000000502e-04 -8.720620000000000038e-01 -4.893879999999999897e-01 -2.563999999999999873e-03
2.800000000000000000e+01 7.000000000000000000e+00 5.200000000000000000e+01 0.000000000000000000e+00 1.600000000000000089e+00 -1.861000000000000024e-03 6.101999999999999785e-03 -9.999799999999999800e-01 6.410100000000000520e-02 -9.979240000000000332e-01 -6.209000000000000109e-03 -9.979419999999999957e-01 -6.411100000000000132e-02 1.466000000000000072e-03
3.000000000000000000e+00 6.300000000000000000e+01 5.400000000000000000e+01 0.000000000000000000e+00 1.600000000000000089e+00 -6.239999999999999887e-04 2.683000000000000055e-03 9.999959999999999960e-01 -3.533399999999999874e-01 9.354909999999999615e-01 -2.730999999999999921e-03 -9.354949999999999655e-01 -3.533399999999999874e-01 3.640000000000000115e-04
8.000000000000000000e+00 6.300000000000000000e+01 5.400000000000000000e+01 0.000000000000000000e+00 1.600000000000000089e+00 2.429999999999999977e-04 -1.539000000000000003e-03 9.999989999999999712e-01 -3.490789999999999726e-01 9.370920000000000361e-01 1.526999999999999929e-03 -9.370929999999999538e-01 -3.490789999999999726e-01 -3.089999999999999756e-04
1.400000000000000000e+01 6.300000000000000000e+01 5.400000000000000000e+01 0.000000000000000000e+00 1.600000000000000089e+00 1.242999999999999964e-03 -1.404999999999999999e-03 9.999980000000000535e-01 -3.433740000000000125e-01 9.391969999999999485e-01 1.745999999999999939e-03 -9.391979999999999773e-01 -3.433749999999999858e-01 6.859999999999999779e-04
1.800000000000000000e+01 6.300000000000000000e+01 5.400000000000000000e+01 0.000000000000000000e+00 1.600000000000000089e+00 -2.870000000000000155e-03 -8.799999999999999771e-05 9.999959999999999960e-01 -3.451089999999999991e-01 9.385620000000000074e-01 -9.079999999999999530e-04 -9.385580000000000034e-01 -3.451110000000000011e-01 -2.724999999999999992e-03
2.400000000000000000e+01 6.300000000000000000e+01 5.400000000000000000e+01 0.000000000000000000e+00 1.600000000000000089e+00 8.490000000000000368e-04 1.938999999999999968e-03 9.999980000000000535e-01 -3.505440000000000222e-01 9.365449999999999608e-01 -1.518000000000000035e-03 -9.365459999999999896e-01 -3.505420000000000202e-01 1.474999999999999966e-03
2.700000000000000000e+01 6.300000000000000000e+01 5.400000000000000000e+01 0.000000000000000000e+00 1.600000000000000089e+00 -2.403999999999999887e-03 -4.640000000000000027e-04 9.999970000000000248e-01 -3.521259999999999946e-01 9.359530000000000349e-01 -4.119999999999999856e-04 -9.359499999999999487e-01 -3.521259999999999946e-01 -2.413000000000000214e-03
4.000000000000000000e+00 2.500000000000000000e+01 5.500000000000000000e+01 0.000000000000000000e+00 1.600000000000000089e+00 -1.160000000000000007e-04 2.527000000000000166e-03 -9.999970000000000248e-01 -1.214299999999999928e-02 -9.999230000000000063e-01 -2.526000000000000034e-03 -9.999259999999999815e-01 1.214299999999999928e-02 1.469999999999999953e-04
1.000000000000000000e+01 2.500000000000000000e+01 5.500000000000000000e+01 0.000000000000000000e+00 1.600000000000000089e+00 1.415000000000000025e-03 -4.100000000000000047e-05 -9.999989999999999712e-01 -1.081499999999999996e-02 -9.999419999999999975e-01 2.500000000000000120e-05 -9.999409999999999688e-01 1.081499999999999996e-02 -1.415000000000000025e-03
1.700000000000000000e+01 2.500000000000000000e+01 5.500000000000000000e+01 0.000000000000000000e+00 1.600000000000000089e+00 1.029999999999999964e-04 -5.270000000000000162e-04 -1.000000000000000000e+00 -9.955000000000000307e-03 -9.999500000000000055e-01 5.259999999999999919e-04 -9.999500000000000055e-01 9.955000000000000307e-03 -1.090000000000000067e-04
1.900000000000000000e+01 2.500000000000000000e+01 5.500000000000000000e+01 0.000000000000000000e+00 1.600000000000000089e+00 2.689999999999999791e-04 -3.399999999999999973e-05 -1.000000000000000000e+00 -1.028199999999999947e-02 -9.999470000000000303e-01 3.100000000000000135e-05 -9.999470000000000303e-01 1.028199999999999947e-02 -2.689999999999999791e-04
1.100000000000000000e+01 5.800000000000000000e+01 5.900000000000000000e+01 0.000000000000000000e+00 1.600000000000000089e+00 1.008999999999999914e-03 4.989999999999999861e-04 -9.999989999999999712e-01 3.878469999999999973e-01 9.217229999999999590e-01 8.520000000000000013e-04 9.217229999999999590e-01 -3.878480000000000261e-01 7.370000000000000249e-04
7.000000000000000000e+00 7.000000000000000000e+00 6.000000000000000000e+01 0.000000000000000000e+00 1.600000000000000089e+00 -3.836000000000000000e-03 3.586999999999999911e-03 9.999860000000000415e-01 5.659950000000000259e-01 -8.243930000000000424e-01 5.127999999999999746e-03 8.244000000000000217e-01 5.660070000000000379e-01 1.131999999999999977e-03
6.000000000000000000e+00 2.100000000000000000e+01 6.000000000000000000e+01 0.000000000000000000e+00 1.600000000000000089e+00 -1.832999999999999994e-03 -1.519099999999999964e-02 9.998829999999999663e-01 -9.428300000000000569e-02 9.954330000000000123e-01 1.494999999999999975e-02 -9.955439999999999845e-01 -9.424499999999999544e-02 -3.256999999999999913e-03
1.200000000000000000e+01 2.100000000000000000e+01 6.000000000000000000e+01 0.000000000000000000e+00 1.600000000000000089e+00 4.270000000000000249e-04 6.464000000000000128e-03 9.999789999999999512e-01 -9.513900000000000134e-02 9.954429999999999668e-01 -6.394000000000000378e-03 -9.954640000000000155e-01 -9.513399999999999634e-02 1.039999999999999909e-03
1.700000000000000000e+01 2.100000000000000000e+01 6.000000000000000000e+01 0.000000000000000000e+00 1.600000000000000089e+00 3.190000000000000019e-04 -3.838999999999999965e-03 9.999930000000000208e-01 -9.685599999999999765e-02 9.952910000000000368e-01 3.851999999999999955e-03 -9.952980000000000160e-01 -9.685599999999999765e-02 -5.399999999999999798e-05
2.300000000000000000e+01 3.000000000000000000e+00 6.300000000000000000e+01 0.000000000000000000e+00 1.600000000000000089e+00 1.160999999999999923e-03 -6.265999999999999868e-03 9.999799999999999800e-01 -6.158350000000000213e-01 7.878549999999999720e-01 5.651999999999999906e-03 -7.878749999999999920e-01 -6.158289999999999598e-01 -2.944000000000000002e-03
3.000000000000000000e+01 3.000000000000000000e+00 6.300000000000000000e+01 0.000000000000000000e+00 1.600000000000000089e+00 3.800000000000000209e-04 -6.871999999999999637e-03 9.999759999999999760e-01 -6.141739999999999977e-01 7.891500000000000181e-01 5.656999999999999702e-03 -7.891700000000000381e-01 -6.141619999999999857e-01 -3.921000000000000006e-03
1.000000000000000000e+00 2.700000000000000000e+01 6.300000000000000000e+01 0.000000000000000000e+00 1.600000000000000089e+00 -5.289999999999999564e-04 9.669999999999999776e-04 9.999989999999999712e-01 -2.723209999999999797e-01 9.622060000000000057e-01 -1.075000000000000001e-03 -9.622060000000000057e-01 -2.723209999999999797e-01 -2.460000000000000164e-04
7.000000000000000000e+00 2.700000000000000000e+01 6.300000000000000000e+01 0.000000000000000000e+00 1.600000000000000089e+00 -1.262000000000000101e-03 -8.279999999999999166e-03 9.999649999999999928e-01 -2.718140000000000001e-01 9.623199999999999532e-01 7.625999999999999966e-03 -9.623490000000000100e-01 -2.717950000000000088e-01 -3.465999999999999897e-03
1.100000000000000000e+01 2.700000000000000000e+01 6.300000000000000000e+01 0.000000000000000000e+00 1.600000000000000089e+00 4.500000000000000283e-05 -8.184000000000000302e-03 9.999670000000000503e-01 -2.711939999999999906e-01 9.624920000000000142e-01 7.889000000000000179e-03 -9.625249999999999639e-01 -2.711859999999999826e-01 -2.175999999999999983e-03
1.500000000000000000e+01 2.700000000000000000e+01 6.300000000000000000e+01 0.000000000000000000e+00 1.600000000000000089e+00 -1.268999999999999946e-03 -3.543999999999999841e-03 9.999930000000000208e-01 -2.733999999999999764e-01 9.618959999999999733e-01 3.062000000000000052e-03 -9.618999999999999773e-01 -2.733940000000000259e-01 -2.190000000000000106e-03
2.000000000000000000e+01 2.700000000000000000e+01 6.300000000000000000e+01 0.000000000000000000e+00 1.600000000000000089e+00 -4.060000000000000024e-04 -5.420999999999999604e-03 9.999850000000000128e-01 -2.776299999999999879e-01 9.606740000000000279e-01 5.094999999999999703e-03 -9.606879999999999864e-01 -2.776239999999999819e-01 -1.895999999999999899e-03
2.400000000000000000e+01 2.700000000000000000e+01 6.300000000000000000e+01 0.000000000000000000e+00 1.600000000000000089e+00 7.780000000000000457e-04 -2.577999999999999996e-03 9.999959999999999960e-01 -2.805869999999999753e-01 9.598250000000000393e-01 2.693000000000000081e-03 -9.598280000000000145e-01 -2.805880000000000041e-01 2.300000000000000002e-05
2.900000000000000000e+01 2.700000000000000000e+01 6.300000000000000000e+01 0.000000000000000000e+00 1.600000000000000089e+00 2.886999999999999809e-03 3.325999999999999963e-03 9.999900000000000455e-01 -2.798109999999999764e-01 9.600520000000000165e-01 -2.384999999999999967e-03 -9.600509999999999877e-01 -2.798019999999999952e-01 3.701999999999999996e-03
2.000000000000000000e+00 2.600000000000000000e+01 6.400000000000000000e+01 0.000000000000000000e+00 1.600000000000000089e+00 -1.469000000000000037e-03 5.640000000000000482e-04 9.999989999999999712e-01 -3.429940000000000211e-01 9.393369999999999775e-01 -1.033999999999999980e-03 -9.393359999999999488e-01 -3.429949999999999943e-01 -1.185999999999999988e-03
1.100000000000000000e+01 2.600000000000000000e+01 6.400000000000000000e+01 0.000000000000000000e+00 1.600000000000000089e+00 1.088999999999999907e-03 -1.251500000000000008e-02 9.999209999999999487e-01 -3.499459999999999793e-01 9.366919999999999691e-01 1.210499999999999944e-02 -9.367689999999999628e-01 -3.499320000000000208e-01 -3.360000000000000139e-03
1.500000000000000000e+01 2.600000000000000000e+01 6.400000000000000000e+01 0.000000000000000000e+00 1.600000000000000089e+00 -6.999999999999999387e-05 -6.562000000000000124e-03 9.999789999999999512e-01 -3.544590000000000241e-01 9.350519999999999943e-01 6.111000000000000112e-03 -9.350720000000000143e-01 -3.544510000000000161e-01 -2.390999999999999896e-03
2.000000000000000000e+01 2.600000000000000000e+01 6.400000000000000000e+01 0.000000000000000000e+00 1.600000000000000089e+00 7.159999999999999481e-04 -6.381999999999999652e-03 9.999789999999999512e-01 -3.603020000000000111e-01 9.328149999999999498e-01 6.211000000000000375e-03 -9.328349999999999698e-01 -3.602989999999999804e-01 -1.631999999999999987e-03
2.500000000000000000e+01 2.600000000000000000e+01 6.400000000000000000e+01 0.000000000000000000e+00 1.600000000000000089e+00 1.590999999999999966e-03 -2.247999999999999998e-03 9.999959999999999960e-01 -3.657219999999999915e-01 9.307199999999999918e-01 2.674000000000000161e-03 -9.307229999999999670e-01 -3.657250000000000223e-01 6.589999999999999721e-04
3.000000000000000000e+00 2.500000000000000000e+01 7.300000000000000000e+01 0.000000000000000000e+00 1.600000000000000089e+00 -6.579999999999999478e-04 5.472999999999999567e-03 9.999850000000000128e-01 7.465300000000000269e-01 -6.653390000000000137e-01 4.133000000000000389e-03 6.653510000000000257e-01 7.465220000000000189e-01 -3.648000000000000201e-03
