4.000000000000000000e+00 1.600000000000000000e+01 4.000000000000000000e+00 0.000000000000000000e+00 1.600000000000000089e+00 -3.193999999999999791e-03 2.668999999999999845e-02 9.996390000000000553e-01 3.404479999999999729e-01 -9.398990000000000400e-01 2.618300000000000141e-02 9.402580000000000382e-01 3.404079999999999884e-01 -6.083999999999999998e-03
7.000000000000000000e+00 1.600000000000000000e+01 4.000000000000000000e+00 0.000000000000000000e+00 1.600000000000000089e+00 -1.459000000000000010e-03 3.080000000000000099e-02 9.995239999999999680e-01 3.375489999999999879e-01 -9.408459999999999601e-01 2.948500000000000079e-02 9.413070000000000048e-01 3.374309999999999810e-01 -9.024000000000000771e-03
1.100000000000000000e+01 1.600000000000000000e+01 4.000000000000000000e+00 0.000000000000000000e+00 1.600000000000000089e+00 -2.769999999999999893e-03 2.637099999999999861e-02 9.996479999999999810e-01 3.349989999999999912e-01 -9.418659999999999810e-01 2.577499999999999930e-02 9.422150000000000247e-01 3.349520000000000275e-01 -6.224999999999999631e-03
1.800000000000000000e+01 1.600000000000000000e+01 4.000000000000000000e+00 0.000000000000000000e+00 1.600000000000000089e+00 -2.396999999999999825e-03 1.157900000000000075e-02 9.999299999999999855e-01 3.228570000000000051e-01 -9.463749999999999662e-01 1.173199999999999937e-02 9.464449999999999807e-01 3.228619999999999823e-01 -1.469999999999999953e-03
2.500000000000000000e+01 1.600000000000000000e+01 4.000000000000000000e+00 0.000000000000000000e+00 1.600000000000000089e+00 -1.031000000000000015e-03 1.499499999999999965e-02 9.998869999999999703e-01 3.170700000000000185e-01 -9.482909999999999950e-01 1.454800000000000017e-02 9.484019999999999673e-01 3.170490000000000252e-01 -3.776999999999999975e-03
7.000000000000000000e+00 1.010000000000000000e+02 7.000000000000000000e+00 0.000000000000000000e+00 1.600000000000000089e+00 9.899999999999999404e-05 1.790599999999999831e-02 9.998399999999999510e-01 8.873969999999999914e-01 4.609309999999999796e-01 -8.342999999999999722e-03 -4.610070000000000001e-01 8.872550000000000159e-01 -1.584400000000000044e-02
2.200000000000000000e+01 1.010000000000000000e+02 7.000000000000000000e+00 0.000000000000000000e+00 1.600000000000000089e+00 2.090000000000000115e-04 1.649999999999999991e-03 9.999989999999999712e-01 8.899420000000000108e-01 4.560739999999999794e-01 -9.380000000000000317e-04 -4.560750000000000082e-01 8.899409999999999821e-01 -1.373000000000000088e-03
2.800000000000000000e+01 1.010000000000000000e+02 7.000000000000000000e+00 0.000000000000000000e+00 1.600000000000000089e+00 4.200000000000000174e-04 -8.329999999999999731e-04 1.000000000000000000e+00 8.896389999999999576e-01 4.566640000000000144e-01 6.000000000000000152e-06 -4.566640000000000144e-01 8.896389999999999576e-01 9.330000000000000186e-04
1.000000000000000000e+00 1.500000000000000000e+01 8.000000000000000000e+00 0.000000000000000000e+00 1.600000000000000089e+00 8.779999999999999610e-03 1.790500000000000078e-02 -9.998010000000000508e-01 -5.762380000000000280e-01 -8.170450000000000212e-01 -1.969200000000000117e-02 -8.172350000000000447e-01 5.762960000000000305e-01 3.144000000000000093e-03
6.000000000000000000e+00 1.500000000000000000e+01 8.000000000000000000e+00 0.000000000000000000e+00 1.600000000000000089e+00 9.681999999999999634e-03 2.621899999999999925e-02 -9.996089999999999698e-01 -5.735400000000000498e-01 -8.187320000000000153e-01 -2.702900000000000094e-02 -8.191199999999999593e-01 5.735770000000000035e-01 7.111000000000000133e-03
1.100000000000000000e+01 1.500000000000000000e+01 8.000000000000000000e+00 0.000000000000000000e+00 1.600000000000000089e+00 1.056900000000000027e-02 2.616399999999999976e-02 -9.996019999999999905e-01 -5.711850000000000538e-01 -8.203599999999999781e-01 -2.751200000000000173e-02 -8.207529999999999548e-01 5.712490000000000068e-01 6.274000000000000063e-03
1.600000000000000000e+01 1.500000000000000000e+01 8.000000000000000000e+00 0.000000000000000000e+00 1.600000000000000089e+00 6.432000000000000217e-03 1.713299999999999892e-02 -9.998329999999999718e-01 -5.677309999999999857e-01 -8.230229999999999491e-01 -1.775499999999999995e-02 -8.231889999999999485e-01 5.677499999999999769e-01 4.433999999999999574e-03
5.000000000000000000e+00 2.600000000000000000e+01 8.000000000000000000e+00 0.000000000000000000e+00 1.600000000000000089e+00 -7.721999999999999698e-03 -3.030599999999999961e-02 -9.995110000000000383e-01 4.156650000000000067e-01 9.089970000000000550e-01 -3.077299999999999827e-02 9.094849999999999879e-01 -4.156989999999999852e-01 5.577999999999999625e-03
1.400000000000000000e+01 2.600000000000000000e+01 8.000000000000000000e+00 0.000000000000000000e+00 1.600000000000000089e+00 -6.243000000000000285e-03 -1.135399999999999951e-02 -9.999160000000000270e-01 4.226750000000000229e-01 9.061890000000000223e-01 -1.292800000000000026e-02 9.062599999999999545e-01 -4.227199999999999847e-01 -8.589999999999999546e-04
1.800000000000000000e+01 2.600000000000000000e+01 8.000000000000000000e+00 0.000000000000000000e+00 1.600000000000000089e+00 -4.919999999999999894e-03 -1.081099999999999943e-02 -9.999289999999999567e-01 4.235510000000000108e-01 9.057939999999999880e-01 -1.187799999999999967e-02 9.058589999999999698e-01 -4.235800000000000121e-01 1.219999999999999974e-04
2.300000000000000000e+01 2.600000000000000000e+01 8.000000000000000000e+00 0.000000000000000000e+00 1.600000000000000089e+00 -4.879999999999999898e-04 -6.620000000000000016e-03 -9.999780000000000335e-01 4.234669999999999823e-01 9.058899999999999730e-01 -6.204000000000000313e-03 9.059110000000000218e-01 -4.234609999999999763e-01 2.360999999999999818e-03
1.600000000000000000e+01 1.400000000000000000e+01 9.000000000000000000e+00 0.000000000000000000e+00 1.600000000000000089e+00 6.589000000000000239e-03 1.943800000000000042e-02 -9.997890000000000388e-01 -5.613479999999999581e-01 -8.273439999999999683e-01 -1.978399999999999950e-02 -8.275540000000000118e-01 5.613599999999999701e-01 5.459999999999999576e-03
2.200000000000000000e+01 1.400000000000000000e+01 9.000000000000000000e+00 0.000000000000000000e+00 1.600000000000000089e+00 4.663999999999999743e-03 1.200799999999999958e-02 -9.999169999999999447e-01 -5.595280000000000253e-01 -8.287170000000000369e-01 -1.256200000000000025e-02 -8.287989999999999524e-01 5.595400000000000373e-01 2.854000000000000200e-03
2.700000000000000000e+01 1.400000000000000000e+01 9.000000000000000000e+00 0.000000000000000000e+00 1.600000000000000089e+00 1.198999999999999979e-03 9.848000000000000850e-03 -9.999510000000000343e-01 -5.573869999999999658e-01 -8.302059999999999995e-01 -8.843999999999999431e-03 -8.302519999999999900e-01 5.573700000000000321e-01 4.493999999999999731e-03
4.000000000000000000e+00 2.400000000000000000e+01 9.000000000000000000e+00 0.000000000000000000e+00 1.600000000000000089e+00 -8.174000000000000710e-03 -3.161200000000000121e-02 -9.994669999999999943e-01 4.696989999999999776e-01 8.822550000000000114e-01 -3.174600000000000338e-02 8.827890000000000459e-01 -4.697080000000000144e-01 7.636000000000000426e-03
1.000000000000000000e+01 2.400000000000000000e+01 9.000000000000000000e+00 0.000000000000000000e+00 1.600000000000000089e+00 -9.332999999999999283e-03 -2.466300000000000089e-02 -9.996519999999999850e-01 4.762859999999999872e-01 8.789019999999999611e-01 -2.613000000000000045e-02 8.792410000000000503e-01 -4.763649999999999829e-01 3.543999999999999841e-03
7.000000000000000000e+00 3.100000000000000000e+01 1.200000000000000000e+01 0.000000000000000000e+00 1.600000000000000089e+00 -1.139999999999999954e-03 -6.557000000000000328e-03 9.999780000000000335e-01 -2.358400000000000080e-02 9.997009999999999508e-01 6.527999999999999949e-03 -9.997209999999999708e-01 -2.357599999999999973e-02 -1.294999999999999927e-03
4.000000000000000000e+00 3.500000000000000000e+01 1.200000000000000000e+01 0.000000000000000000e+00 1.600000000000000089e+00 -3.067999999999999981e-03 -2.312999999999999952e-03 -9.999930000000000208e-01 4.878609999999999891e-01 -8.729209999999999470e-01 5.230000000000000274e-04 -8.729160000000000252e-01 -4.878560000000000119e-01 3.807000000000000054e-03
9.000000000000000000e+00 3.500000000000000000e+01 1.200000000000000000e+01 0.000000000000000000e+00 1.600000000000000089e+00 -2.432999999999999833e-03 -2.611000000000000040e-03 -9.999940000000000495e-01 4.829709999999999837e-01 -8.756359999999999699e-01 1.111000000000000008e-03 -8.756329999999999947e-01 -4.829649999999999777e-01 3.392000000000000050e-03
1.800000000000000000e+01 3.500000000000000000e+01 1.200000000000000000e+01 0.000000000000000000e+00 1.600000000000000089e+00 2.944000000000000002e-03 8.050000000000000515e-04 -9.999949999999999672e-01 4.671339999999999937e-01 -8.841860000000000275e-01 6.629999999999999609e-04 -8.841809999999999947e-01 -4.671339999999999937e-01 -2.978999999999999877e-03
4.000000000000000000e+00 3.000000000000000000e+00 1.300000000000000000e+01 0.000000000000000000e+00 1.600000000000000089e+00 3.080999999999999971e-03 4.773000000000000159e-02 9.988550000000000484e-01 -2.122299999999999881e-02 9.986380000000000257e-01 -4.765500000000000291e-02 -9.997700000000000475e-01 -2.105200000000000127e-02 4.089999999999999886e-03
2.600000000000000000e+01 3.200000000000000000e+01 1.400000000000000000e+01 0.000000000000000000e+00 1.600000000000000089e+00 2.599999999999999881e-03 -8.840000000000000201e-04 -9.999959999999999960e-01 1.096590000000000065e-01 9.939689999999999914e-01 -5.940000000000000184e-04 9.939660000000000162e-01 -1.096570000000000045e-01 2.680999999999999790e-03
7.000000000000000000e+00 1.200000000000000000e+01 1.500000000000000000e+01 0.000000000000000000e+00 1.600000000000000089e+00 7.281000000000000145e-03 1.676400000000000112e-02 -9.998329999999999718e-01 -4.693100000000000049e-01 -8.828460000000000196e-01 -1.822100000000000108e-02 -8.830040000000000111e-01 4.693640000000000034e-01 1.438999999999999958e-03
1.100000000000000000e+01 1.200000000000000000e+01 1.500000000000000000e+01 0.000000000000000000e+00 1.600000000000000089e+00 7.492999999999999661e-03 1.383500000000000008e-02 -9.998759999999999870e-01 -4.686270000000000158e-01 -8.832560000000000411e-01 -1.573300000000000046e-02 -8.833640000000000381e-01 4.686870000000000203e-01 -1.350000000000000017e-04
2.700000000000000000e+01 1.200000000000000000e+01 1.500000000000000000e+01 0.000000000000000000e+00 1.600000000000000089e+00 2.899000000000000101e-03 -1.070999999999999903e-03 -9.999949999999999672e-01 -4.641319999999999890e-01 -8.857660000000000533e-01 -3.959999999999999762e-04 -8.857610000000000205e-01 4.641310000000000158e-01 -3.065000000000000016e-03
2.100000000000000000e+01 1.160000000000000000e+02 1.600000000000000000e+01 0.000000000000000000e+00 1.600000000000000089e+00 -2.037999999999999881e-03 -3.755000000000000091e-03 9.999909999999999632e-01 6.795630000000000281e-01 7.336049999999999516e-01 4.139999999999999583e-03 -7.336139999999999883e-01 6.795660000000000034e-01 1.056999999999999997e-03
7.000000000000000000e+00 2.000000000000000000e+00 1.900000000000000000e+01 0.000000000000000000e+00 1.600000000000000089e+00 1.082000000000000062e-03 1.899800000000000100e-02 -9.998190000000000133e-01 1.616690000000000071e-01 -9.866700000000000470e-01 -1.857299999999999923e-02 -9.868440000000000545e-01 -1.616200000000000137e-01 -4.139000000000000318e-03
1.400000000000000000e+01 2.000000000000000000e+00 1.900000000000000000e+01 0.000000000000000000e+00 1.600000000000000089e+00 2.880999999999999880e-03 2.200999999999999832e-03 -9.999930000000000208e-01 1.397690000000000043e-01 -9.901830000000000354e-01 -1.776999999999999934e-03 -9.901799999999999491e-01 -1.397629999999999983e-01 -3.160000000000000048e-03
2.500000000000000000e+01 2.000000000000000000e+00 1.900000000000000000e+01 0.000000000000000000e+00 1.600000000000000089e+00 3.510000000000000099e-03 -5.483000000000000027e-03 -9.999789999999999512e-01 1.286559999999999926e-01 -9.916719999999999979e-01 5.889000000000000137e-03 -9.916829999999999812e-01 -1.286740000000000106e-01 -2.775000000000000123e-03
2.900000000000000000e+01 2.000000000000000000e+00 1.900000000000000000e+01 0.000000000000000000e+00 1.600000000000000089e+00 1.855000000000000095e-03 -2.367000000000000180e-03 -9.999959999999999960e-01 1.248490000000000016e-01 -9.921720000000000539e-01 2.579999999999999828e-03 -9.921740000000000004e-01 -1.248530000000000056e-01 -1.544999999999999932e-03
5.000000000000000000e+00 1.300000000000000000e+01 2.000000000000000000e+01 0.000000000000000000e+00 1.600000000000000089e+00 -2.328000000000000208e-03 -9.412000000000000227e-03 9.999529999999999808e-01 2.542780000000000040e-01 9.670830000000000259e-01 9.695000000000000492e-03 -9.671279999999999877e-01 2.542889999999999873e-01 1.420000000000000092e-04
8.000000000000000000e+00 1.300000000000000000e+01 2.000000000000000000e+01 0.000000000000000000e+00 1.600000000000000089e+00 -1.374999999999999920e-03 -8.250000000000000389e-03 9.999649999999999928e-01 2.547240000000000060e-01 9.669780000000000042e-01 8.328000000000000333e-03 -9.670130000000000114e-01 2.547260000000000080e-01 7.720000000000000083e-04
1.300000000000000000e+01 1.300000000000000000e+01 2.000000000000000000e+01 0.000000000000000000e+00 1.600000000000000089e+00 1.699999999999999905e-03 1.649999999999999991e-04 9.999989999999999712e-01 2.521720000000000073e-01 9.676820000000000421e-01 -5.879999999999999810e-04 -9.676810000000000134e-01 2.521729999999999805e-01 1.603000000000000041e-03
1.800000000000000000e+01 1.300000000000000000e+01 2.000000000000000000e+01 0.000000000000000000e+00 1.600000000000000089e+00 2.325999999999999943e-03 4.721000000000000370e-03 9.999860000000000415e-01 2.493750000000000133e-01 9.683929999999999483e-01 -5.152000000000000329e-03 -9.684040000000000425e-01 2.493829999999999936e-01 1.075000000000000001e-03
2.600000000000000000e+01 1.300000000000000000e+01 2.000000000000000000e+01 0.000000000000000000e+00 1.600000000000000089e+00 2.259999999999999910e-04 -6.395999999999999776e-03 9.999799999999999800e-01 2.477610000000000090e-01 9.688020000000000520e-01 6.139999999999999625e-03 -9.688210000000000433e-01 2.477540000000000020e-01 1.802999999999999915e-03
3.000000000000000000e+01 1.300000000000000000e+01 2.000000000000000000e+01 0.000000000000000000e+00 1.600000000000000089e+00 -1.498999999999999898e-03 -1.217200000000000053e-02 9.999249999999999527e-01 2.475050000000000028e-01 9.688099999999999490e-01 1.216399999999999947e-02 -9.688860000000000250e-01 2.475040000000000018e-01 1.561000000000000104e-03
4.000000000000000000e+00 1.600000000000000000e+01 2.100000000000000000e+01 0.000000000000000000e+00 1.600000000000000089e+00 -2.523000000000000069e-03 -1.004799999999999964e-02 9.999460000000000015e-01 3.009720000000000173e-01 9.535770000000000080e-01 1.034099999999999950e-02 -9.536289999999999489e-01 3.009820000000000273e-01 6.179999999999999513e-04
1.000000000000000000e+01 1.600000000000000000e+01 2.100000000000000000e+01 0.000000000000000000e+00 1.600000000000000089e+00 -6.610000000000000207e-04 -4.270000000000000358e-03 9.999909999999999632e-01 3.026429999999999954e-01 9.530939999999999968e-01 4.270000000000000358e-03 -9.531039999999999512e-01 3.026429999999999954e-01 6.620000000000000450e-04
1.400000000000000000e+01 1.600000000000000000e+01 2.100000000000000000e+01 0.000000000000000000e+00 1.600000000000000089e+00 2.204999999999999929e-03 8.814000000000000654e-03 9.999590000000000423e-01 3.025829999999999909e-01 9.530800000000000383e-01 -9.067999999999999672e-03 -9.531209999999999960e-01 3.025900000000000256e-01 -5.659999999999999884e-04
3.000000000000000000e+00 4.600000000000000000e+01 2.700000000000000000e+01 0.000000000000000000e+00 1.600000000000000089e+00 -5.469999999999999602e-04 1.659999999999999963e-04 -1.000000000000000000e+00 6.675330000000000430e-01 7.445800000000000196e-01 -2.420000000000000005e-04 7.445800000000000196e-01 -6.675330000000000430e-01 -5.180000000000000143e-04
1.100000000000000000e+01 4.600000000000000000e+01 2.700000000000000000e+01 0.000000000000000000e+00 1.600000000000000089e+00 -2.703000000000000107e-03 -1.420000000000000038e-03 -9.999949999999999672e-01 6.670009999999999550e-01 7.450510000000000188e-01 -2.860999999999999828e-03 7.450520000000000476e-01 -6.670059999999999878e-01 -1.067000000000000023e-03
1.700000000000000000e+01 4.600000000000000000e+01 2.700000000000000000e+01 0.000000000000000000e+00 1.600000000000000089e+00 -3.020000000000000223e-04 5.810000000000000277e-04 -1.000000000000000000e+00 6.627450000000000285e-01 7.488449999999999829e-01 2.349999999999999930e-04 7.488449999999999829e-01 -6.627450000000000285e-01 -6.109999999999999980e-04
2.500000000000000000e+01 4.600000000000000000e+01 2.700000000000000000e+01 0.000000000000000000e+00 1.600000000000000089e+00 8.480000000000000124e-04 1.737999999999999962e-03 -9.999980000000000535e-01 6.693240000000000300e-01 7.429679999999999618e-01 1.858999999999999975e-03 7.429700000000000193e-01 -6.693240000000000300e-01 -5.330000000000000536e-04
1.000000000000000000e+01 4.600000000000000000e+01 3.000000000000000000e+01 0.000000000000000000e+00 1.600000000000000089e+00 -1.569999999999999998e-03 -2.469999999999999973e-03 -9.999959999999999960e-01 3.280109999999999970e-01 9.446700000000000097e-01 -2.848999999999999970e-03 9.446729999999999849e-01 -3.280139999999999723e-01 -6.729999999999999871e-04
1.300000000000000000e+01 4.600000000000000000e+01 3.000000000000000000e+01 0.000000000000000000e+00 1.600000000000000089e+00 -2.886000000000000110e-03 -1.603999999999999957e-03 -9.999949999999999672e-01 3.265919999999999934e-01 9.451619999999999466e-01 -2.458000000000000115e-03 9.451610000000000289e-01 -3.265970000000000262e-01 -2.203999999999999796e-03
2.800000000000000000e+01 4.600000000000000000e+01 3.000000000000000000e+01 0.000000000000000000e+00 1.600000000000000089e+00 -1.002999999999999985e-03 1.533000000000000074e-03 -9.999980000000000535e-01 3.288059999999999872e-01 9.443970000000000420e-01 1.118000000000000070e-03 9.443970000000000420e-01 -3.288039999999999852e-01 -1.451999999999999949e-03
8.000000000000000000e+00 5.800000000000000000e+01 3.100000000000000000e+01 0.000000000000000000e+00 1.600000000000000089e+00 7.595000000000000188e-03 -2.200000000000000078e-04 9.999710000000000543e-01 -7.612590000000000190e-01 -6.484240000000000004e-01 5.638999999999999915e-03 6.484039999999999804e-01 -7.612799999999999567e-01 -5.092000000000000172e-03
1.200000000000000000e+01 5.800000000000000000e+01 3.100000000000000000e+01 0.000000000000000000e+00 1.600000000000000089e+00 4.250000000000000305e-03 9.043000000000000690e-03 9.999500000000000055e-01 -7.580480000000000551e-01 -6.521350000000000202e-01 9.119999999999999635e-03 6.521850000000000147e-01 -7.580489999999999728e-01 4.082999999999999824e-03
1.700000000000000000e+01 5.800000000000000000e+01 3.100000000000000000e+01 0.000000000000000000e+00 1.600000000000000089e+00 -4.836000000000000021e-03 -3.664999999999999855e-03 9.999820000000000375e-01 -7.623210000000000264e-01 -6.471710000000000518e-01 -6.058000000000000017e-03 6.471810000000000063e-01 -7.623360000000000136e-01 3.359999999999999814e-04
2.000000000000000000e+01 5.800000000000000000e+01 3.100000000000000000e+01 0.000000000000000000e+00 1.600000000000000089e+00 -2.906999999999999862e-03 -9.539999999999999869e-04 9.999949999999999672e-01 -7.645690000000000541e-01 -6.445359999999999978e-01 -2.837000000000000112e-03 6.445349999999999691e-01 -7.645739999999999759e-01 1.144000000000000052e-03
2.800000000000000000e+01 5.800000000000000000e+01 3.100000000000000000e+01 0.000000000000000000e+00 1.600000000000000089e+00 4.497000000000000129e-03 2.113999999999999994e-03 9.999879999999999880e-01 -7.584940000000000015e-01 -6.516619999999999635e-01 4.787999999999999722e-03 6.516640000000000210e-01 -7.585070000000000423e-01 -1.327000000000000055e-03
1.100000000000000000e+01 6.000000000000000000e+00 3.200000000000000000e+01 0.000000000000000000e+00 1.600000000000000089e+00 3.383000000000000156e-03 -1.549000000000000030e-03 -9.999930000000000208e-01 2.068450000000000011e-01 9.783730000000000482e-01 -8.149999999999999693e-04 9.783680000000000154e-01 -2.068409999999999971e-01 3.631000000000000113e-03
2.000000000000000000e+01 6.000000000000000000e+00 3.200000000000000000e+01 0.000000000000000000e+00 1.600000000000000089e+00 -1.776000000000000018e-03 6.030000000000000204e-04 -9.999980000000000535e-01 2.200910000000000089e-01 9.754789999999999850e-01 1.969999999999999909e-04 9.754779999999999562e-01 -2.200900000000000079e-01 -1.866000000000000037e-03
2.900000000000000000e+01 6.000000000000000000e+00 3.200000000000000000e+01 0.000000000000000000e+00 1.600000000000000089e+00 2.766999999999999928e-03 -1.020000000000000073e-03 -9.999959999999999960e-01 2.407789999999999930e-01 9.705799999999999983e-01 -3.240000000000000150e-04 9.705759999999999943e-01 -2.407769999999999910e-01 2.931000000000000012e-03
6.000000000000000000e+00 4.600000000000000000e+01 3.500000000000000000e+01 0.000000000000000000e+00 1.600000000000000089e+00 -8.720000000000000537e-04 4.243000000000000244e-03 -9.999909999999999632e-01 3.847189999999999777e-01 -9.230239999999999556e-01 -4.251999999999999703e-03 -9.230329999999999924e-01 -3.847189999999999777e-01 -8.270000000000000441e-04
1.400000000000000000e+01 4.600000000000000000e+01 3.500000000000000000e+01 0.000000000000000000e+00 1.600000000000000089e+00 2.017999999999999829e-03 -1.128000000000000096e-03 -9.999970000000000248e-01 3.865049999999999875e-01 -9.222860000000000502e-01 1.820000000000000003e-03 -9.222850000000000215e-01 -3.865069999999999895e-01 -1.425000000000000051e-03
1.900000000000000000e+01 4.600000000000000000e+01 3.500000000000000000e+01 0.000000000000000000e+00 1.600000000000000089e+00 6.300000000000000261e-04 -3.976000000000000367e-03 -9.999919999999999920e-01 3.853820000000000023e-01 -9.227490000000000414e-01 3.911000000000000414e-03 -9.227570000000000494e-01 -3.853809999999999736e-01 9.510000000000000224e-04
2.300000000000000000e+01 4.600000000000000000e+01 3.500000000000000000e+01 0.000000000000000000e+00 1.600000000000000089e+00 -4.690000000000000158e-04 1.020000000000000073e-03 -9.999989999999999712e-01 3.857209999999999805e-01 -9.226149999999999629e-01 -1.121999999999999950e-03 -9.226149999999999629e-01 -3.857209999999999805e-01 3.899999999999999929e-05
2.500000000000000000e+01 4.600000000000000000e+01 3.500000000000000000e+01 0.000000000000000000e+00 1.600000000000000089e+00 -3.999999999999999819e-06 -5.519999999999999733e-04 -1.000000000000000000e+00 3.855939999999999923e-01 -9.226680000000000437e-01 5.079999999999999880e-04 -9.226680000000000437e-01 -3.855939999999999923e-01 2.169999999999999891e-04
3.000000000000000000e+00 9.500000000000000000e+01 3.600000000000000000e+01 0.000000000000000000e+00 1.600000000000000089e+00 3.311999999999999840e-03 1.018779999999999963e-01 9.947909999999999808e-01 9.976739999999999498e-01 6.739299999999999458e-02 -1.022400000000000045e-02 -6.808400000000000563e-02 9.925119999999999498e-01 -1.014179999999999943e-01
7.000000000000000000e+00 9.500000000000000000e+01 3.600000000000000000e+01 0.000000000000000000e+00 1.600000000000000089e+00 4.014000000000000207e-03 8.724700000000000510e-02 9.961790000000000367e-01 9.970029999999999726e-01 7.660899999999999654e-02 -1.072700000000000042e-02 -7.725200000000000122e-02 9.932370000000000365e-01 -8.667800000000000504e-02
1.200000000000000000e+01 9.500000000000000000e+01 3.600000000000000000e+01 0.000000000000000000e+00 1.600000000000000089e+00 2.008999999999999935e-03 2.973900000000000154e-02 9.995560000000000000e-01 9.970290000000000541e-01 7.691099999999999326e-02 -4.291999999999999808e-03 -7.700500000000000400e-02 9.965939999999999799e-01 -2.949600000000000138e-02
1.800000000000000000e+01 9.500000000000000000e+01 3.600000000000000000e+01 0.000000000000000000e+00 1.600000000000000089e+00 2.939999999999999905e-03 -2.180899999999999853e-02 9.997580000000000355e-01 9.965089999999999781e-01 8.348400000000000265e-02 -1.108999999999999960e-03 -8.343899999999999928e-02 9.962699999999999889e-01 2.197800000000000101e-02
2.200000000000000000e+01 9.500000000000000000e+01 3.600000000000000000e+01 0.000000000000000000e+00 1.600000000000000089e+00 6.509999999999999945e-04 -1.126199999999999944e-02 9.999360000000000470e-01 9.960130000000000372e-01 8.920300000000000451e-02 3.570000000000000040e-04 -8.920100000000000251e-02 9.959500000000000020e-01 1.127500000000000030e-02
2.700000000000000000e+01 9.500000000000000000e+01 3.600000000000000000e+01 0.000000000000000000e+00 1.600000000000000089e+00 3.255000000000000081e-03 7.225999999999999784e-03 9.999689999999999968e-01 9.962149999999999617e-01 8.683499999999999552e-02 -3.870999999999999875e-03 -8.686099999999999377e-02 9.961959999999999704e-01 -6.916000000000000272e-03
5.000000000000000000e+00 3.000000000000000000e+00 4.300000000000000000e+01 0.000000000000000000e+00 1.600000000000000089e+00 -9.650000000000000374e-04 -2.889600000000000155e-02 -9.995819999999999705e-01 7.393840000000000412e-01 -6.730230000000000379e-01 1.874200000000000171e-02 -6.732829999999999648e-01 -7.390569999999999640e-01 2.201499999999999985e-02
1.600000000000000000e+01 3.000000000000000000e+00 4.300000000000000000e+01 0.000000000000000000e+00 1.600000000000000089e+00 7.668999999999999602e-03 3.709599999999999703e-02 -9.992820000000000036e-01 7.425230000000000441e-01 -6.695459999999999745e-01 -1.915700000000000042e-02 -6.697760000000000380e-01 -7.418430000000000302e-01 -3.268000000000000071e-02
2.000000000000000000e+01 3.000000000000000000e+00 4.300000000000000000e+01 0.000000000000000000e+00 1.600000000000000089e+00 8.776000000000000814e-03 4.731099999999999889e-02 -9.988420000000000076e-01 7.405030000000000223e-01 -6.715769999999999795e-01 -2.530299999999999910e-02 -6.719960000000000377e-01 -7.394230000000000524e-01 -4.092799999999999910e-02
2.500000000000000000e+01 3.000000000000000000e+00 4.300000000000000000e+01 0.000000000000000000e+00 1.600000000000000089e+00 4.222000000000000058e-03 4.081699999999999912e-02 -9.991579999999999906e-01 7.355350000000000499e-01 -6.770410000000000039e-01 -2.454999999999999891e-02 -6.774729999999999919e-01 -7.348120000000000207e-01 -3.288100000000000050e-02
9.000000000000000000e+00 8.000000000000000000e+00 4.400000000000000000e+01 0.000000000000000000e+00 1.600000000000000089e+00 -1.714999999999999945e-03 -1.766999999999999908e-03 9.999970000000000248e-01 -7.647059999999999969e-01 -6.443740000000000023e-01 -2.449999999999999921e-03 6.443769999999999776e-01 -7.647080000000000544e-01 -2.460000000000000164e-04
1.500000000000000000e+01 8.000000000000000000e+00 4.400000000000000000e+01 0.000000000000000000e+00 1.600000000000000089e+00 1.060000000000000016e-04 7.479000000000000405e-03 9.999719999999999720e-01 -7.705910000000000259e-01 -6.373109999999999609e-01 4.849000000000000012e-03 6.373299999999999521e-01 -7.705699999999999772e-01 5.695999999999999674e-03
2.700000000000000000e+01 8.000000000000000000e+00 4.400000000000000000e+01 0.000000000000000000e+00 1.600000000000000089e+00 3.187000000000000163e-03 1.151600000000000019e-02 9.999289999999999567e-01 -7.700360000000000538e-01 -6.379249999999999643e-01 9.801999999999999949e-03 6.379920000000000035e-01 -7.700120000000000298e-01 6.834999999999999930e-03
6.000000000000000000e+00 2.900000000000000000e+01 4.400000000000000000e+01 0.000000000000000000e+00 1.600000000000000089e+00 7.870000000000000476e-04 2.131000000000000082e-03 -9.999970000000000248e-01 6.702029999999999932e-01 7.421750000000000291e-01 2.109000000000000197e-03 7.421769999999999756e-01 -6.702029999999999932e-01 -8.450000000000000479e-04
1.000000000000000000e+01 2.900000000000000000e+01 4.400000000000000000e+01 0.000000000000000000e+00 1.600000000000000089e+00 1.366000000000000027e-03 2.550999999999999882e-03 -9.999959999999999960e-01 6.783639999999999670e-01 7.347209999999999575e-01 2.801000000000000104e-03 7.347249999999999615e-01 -6.783649999999999958e-01 -7.269999999999999987e-04
1.500000000000000000e+01 2.900000000000000000e+01 4.400000000000000000e+01 0.000000000000000000e+00 1.600000000000000089e+00 1.397999999999999937e-03 -2.279000000000000210e-03 -9.999959999999999960e-01 6.831939999999999680e-01 7.302359999999999962e-01 -7.089999999999999948e-04 7.302349999999999675e-01 -6.831909999999999927e-01 2.576999999999999864e-03
2.400000000000000000e+01 2.900000000000000000e+01 4.400000000000000000e+01 0.000000000000000000e+00 1.600000000000000089e+00 9.799999999999999684e-05 2.233999999999999875e-03 -9.999970000000000248e-01 6.723529999999999784e-01 7.402279999999999971e-01 1.719999999999999958e-03 7.402300000000000546e-01 -6.723519999999999497e-01 -1.428999999999999932e-03
3.000000000000000000e+00 5.400000000000000000e+01 4.600000000000000000e+01 0.000000000000000000e+00 1.600000000000000089e+00 -2.420000000000000005e-04 -3.482999999999999985e-03 9.999940000000000495e-01 3.161030000000000229e-01 -9.487200000000000077e-01 -3.227999999999999967e-03 9.487250000000000405e-01 3.160999999999999921e-01 1.330000000000000019e-03
2.300000000000000000e+01 5.400000000000000000e+01 4.600000000000000000e+01 0.000000000000000000e+00 1.600000000000000089e+00 3.249999999999999851e-03 5.029999999999999749e-04 9.999949999999999672e-01 3.209270000000000178e-01 -9.471039999999999459e-01 -5.670000000000000127e-04 9.470979999999999954e-01 3.209270000000000178e-01 -3.239999999999999825e-03
3.000000000000000000e+01 5.400000000000000000e+01 4.600000000000000000e+01 0.000000000000000000e+00 1.600000000000000089e+00 3.043999999999999831e-03 -6.614000000000000087e-03 9.999740000000000295e-01 3.510570000000000079e-01 -9.363259999999999916e-01 -7.262000000000000226e-03 9.363489999999999869e-01 3.510699999999999932e-01 -5.280000000000000405e-04
8.000000000000000000e+00 6.500000000000000000e+01 4.600000000000000000e+01 0.000000000000000000e+00 1.600000000000000089e+00 3.203999999999999817e-03 -2.684999999999999887e-03 9.999909999999999632e-01 6.826630000000000198e-01 -7.307209999999999539e-01 -4.150000000000000043e-03 7.307259999999999867e-01 6.826710000000000278e-01 -5.079999999999999880e-04
1.700000000000000000e+01 6.500000000000000000e+01 4.600000000000000000e+01 0.000000000000000000e+00 1.600000000000000089e+00 1.955999999999999839e-03 -1.219999999999999974e-04 9.999980000000000535e-01 6.808300000000000463e-01 -7.324410000000000087e-01 -1.420999999999999954e-03 7.324389999999999512e-01 6.808309999999999640e-01 -1.350000000000000071e-03
5.000000000000000000e+00 7.000000000000000000e+01 4.700000000000000000e+01 0.000000000000000000e+00 1.600000000000000089e+00 -8.399999999999999535e-05 1.994000000000000113e-03 -9.999980000000000535e-01 -8.385620000000000296e-01 -5.448049999999999837e-01 -1.015999999999999976e-03 -5.448060000000000125e-01 8.385599999999999721e-01 1.716999999999999993e-03
8.000000000000000000e+00 7.000000000000000000e+01 4.700000000000000000e+01 0.000000000000000000e+00 1.600000000000000089e+00 -2.262999999999999821e-03 -2.028999999999999988e-03 -9.999949999999999672e-01 -8.409860000000000113e-01 -5.410490000000000022e-01 3.001000000000000195e-03 -5.410530000000000062e-01 8.409889999999999866e-01 -4.820000000000000066e-04
2.700000000000000000e+01 5.000000000000000000e+00 5.100000000000000000e+01 0.000000000000000000e+00 1.600000000000000089e+00 2.755000000000000070e-03 1.078600000000000045e-02 -9.999379999999999935e-01 4.907860000000000000e-01 -8.712429999999999897e-01 -8.045000000000000068e-03 -8.712760000000000504e-01 -4.907329999999999748e-01 -7.694000000000000318e-03
1.300000000000000000e+01 1.150000000000000000e+02 5.100000000000000000e+01 0.000000000000000000e+00 1.600000000000000089e+00 -2.394999999999999993e-03 -6.479000000000000384e-03 9.999759999999999760e-01 8.420760000000000467e-01 -5.393580000000000041e-01 -1.477000000000000014e-03 5.393540000000000001e-01 8.420520000000000227e-01 6.747999999999999658e-03
3.000000000000000000e+00 7.000000000000000000e+00 5.200000000000000000e+01 0.000000000000000000e+00 1.600000000000000089e+00 -1.473000000000000004e-02 -1.250300000000000022e-02 -9.998129999999999518e-01 1.162569999999999992e-01 -9.931609999999999605e-01 1.070699999999999950e-02 -9.931100000000000483e-01 -1.160780000000000006e-01 1.608300000000000007e-02
3.000000000000000000e+00 6.300000000000000000e+01 5.400000000000000000e+01 0.000000000000000000e+00 1.600000000000000089e+00 -1.361000000000000014e-03 -1.270999999999999994e-03 9.999980000000000535e-01 -3.585389999999999966e-01 9.335149999999999837e-01 6.989999999999999686e-04 -9.335139999999999549e-01 -3.585369999999999946e-01 -1.726000000000000104e-03
9.000000000000000000e+00 6.300000000000000000e+01 5.400000000000000000e+01 0.000000000000000000e+00 1.600000000000000089e+00 -1.959999999999999937e-04 -3.559999999999999797e-04 1.000000000000000000e+00 -3.540360000000000174e-01 9.352319999999999522e-01 2.640000000000000202e-04 -9.352319999999999522e-01 -3.540360000000000174e-01 -3.089999999999999756e-04
1.400000000000000000e+01 6.300000000000000000e+01 5.400000000000000000e+01 0.000000000000000000e+00 1.600000000000000089e+00 -1.550000000000000000e-04 2.014000000000000165e-03 9.999980000000000535e-01 -3.543479999999999963e-01 9.351120000000000543e-01 -1.938000000000000052e-03 -9.351140000000000008e-01 -3.543479999999999963e-01 5.680000000000000370e-04
2.100000000000000000e+01 6.300000000000000000e+01 5.400000000000000000e+01 0.000000000000000000e+00 1.600000000000000089e+00 2.900000000000000017e-05 2.520000000000000104e-03 9.999970000000000248e-01 -3.468470000000000164e-01 9.379189999999999472e-01 -2.353000000000000057e-03 -9.379220000000000335e-01 -3.468459999999999877e-01 9.009999999999999997e-04
2.600000000000000000e+01 6.300000000000000000e+01 5.400000000000000000e+01 0.000000000000000000e+00 1.600000000000000089e+00 -1.495999999999999934e-03 -3.460000000000000076e-04 9.999989999999999712e-01 -3.435259999999999980e-01 9.391429999999999501e-01 -1.890000000000000133e-04 -9.391420000000000323e-01 -3.435259999999999980e-01 -1.523999999999999964e-03
3.000000000000000000e+00 2.500000000000000000e+01 5.500000000000000000e+01 0.000000000000000000e+00 1.600000000000000089e+00 -2.246999999999999865e-03 1.358000000000000049e-03 -9.999970000000000248e-01 -1.002899999999999972e-02 -9.999489999999999768e-01 -1.335999999999999948e-03 -9.999470000000000303e-01 1.002600000000000019e-02 2.260999999999999989e-03
8.000000000000000000e+00 2.500000000000000000e+01 5.500000000000000000e+01 0.000000000000000000e+00 1.600000000000000089e+00 -6.560000000000000076e-04 -2.770000000000000110e-04 -1.000000000000000000e+00 -1.062800000000000029e-02 -9.999430000000000263e-01 2.840000000000000185e-04 -9.999430000000000263e-01 1.062899999999999956e-02 6.530000000000000431e-04
1.300000000000000000e+01 2.500000000000000000e+01 5.500000000000000000e+01 0.000000000000000000e+00 1.600000000000000089e+00 1.649000000000000075e-03 2.138999999999999842e-03 -9.999959999999999960e-01 -8.847999999999999962e-03 -9.999590000000000423e-01 -2.154000000000000099e-03 -9.999590000000000423e-01 8.852000000000000493e-03 -1.629999999999999939e-03
2.500000000000000000e+01 2.500000000000000000e+01 5.500000000000000000e+01 0.000000000000000000e+00 1.600000000000000089e+00 -1.188000000000000037e-03 -3.079999999999999839e-03 -9.999949999999999672e-01 -9.403999999999999165e-03 -9.999510000000000343e-01 3.090999999999999998e-03 -9.999550000000000383e-01 9.407999999999999696e-03 1.159000000000000091e-03
2.800000000000000000e+01 2.500000000000000000e+01 5.500000000000000000e+01 0.000000000000000000e+00 1.600000000000000089e+00 -1.066000000000000107e-03 -2.090999999999999977e-03 -9.999970000000000248e-01 -9.917000000000000468e-03 -9.999489999999999768e-01 2.101000000000000003e-03 -9.999500000000000055e-01 9.919999999999999998e-03 1.046000000000000055e-03
9.000000000000000000e+00 7.000000000000000000e+00 6.000000000000000000e+01 0.000000000000000000e+00 1.600000000000000089e+00 6.019999999999999961e-04 1.378099999999999985e-02 9.999050000000000438e-01 5.710039999999999560e-01 -8.208739999999999926e-01 1.096899999999999958e-02 8.209469999999999823e-01 5.709429999999999783e-01 -8.363000000000000642e-03
1.700000000000000000e+01 7.000000000000000000e+00 6.000000000000000000e+01 0.000000000000000000e+00 1.600000000000000089e+00 -2.301999999999999793e-03 -1.054800000000000008e-02 9.999419999999999975e-01 5.695360000000000422e-01 -8.219330000000000247e-01 -7.359000000000000090e-03 8.219629999999999992e-01 5.694860000000000477e-01 7.898999999999999772e-03
5.000000000000000000e+00 2.100000000000000000e+01 6.000000000000000000e+01 0.000000000000000000e+00 1.600000000000000089e+00 -1.291999999999999963e-03 -9.890000000000000787e-04 9.999989999999999712e-01 -9.532599999999999407e-02 9.954460000000000530e-01 8.610000000000000032e-04 -9.954450000000000243e-01 -9.532499999999999307e-02 -1.379999999999999933e-03
1.400000000000000000e+01 2.100000000000000000e+01 6.000000000000000000e+01 0.000000000000000000e+00 1.600000000000000089e+00 9.959999999999999236e-04 8.321999999999999537e-03 9.999649999999999928e-01 -9.472200000000000064e-02 9.954699999999999660e-01 -8.189999999999999364e-03 -9.955030000000000268e-01 -9.471100000000000352e-02 1.779999999999999898e-03
1.700000000000000000e+01 2.100000000000000000e+01 6.000000000000000000e+01 0.000000000000000000e+00 1.600000000000000089e+00 2.503000000000000017e-03 2.075000000000000022e-03 9.999949999999999672e-01 -9.478300000000000614e-02 9.954960000000000475e-01 -1.827999999999999981e-03 -9.954950000000000188e-01 -9.477800000000000114e-02 2.687999999999999851e-03
2.100000000000000000e+01 2.100000000000000000e+01 6.000000000000000000e+01 0.000000000000000000e+00 1.600000000000000089e+00 2.811999999999999830e-03 2.945999999999999834e-03 9.999919999999999920e-01 -9.590400000000000313e-02 9.953870000000000218e-01 -2.663000000000000003e-03 -9.953870000000000218e-01 -9.589599999999999513e-02 3.082000000000000104e-03
2.400000000000000000e+01 2.100000000000000000e+01 6.000000000000000000e+01 0.000000000000000000e+00 1.600000000000000089e+00 2.282999999999999873e-03 7.679000000000000062e-03 9.999679999999999680e-01 -9.713499999999999912e-02 9.952440000000000175e-01 -7.420999999999999645e-03 -9.952689999999999593e-01 -9.711500000000000687e-02 3.017999999999999849e-03
6.000000000000000000e+00 6.000000000000000000e+00 6.100000000000000000e+01 0.000000000000000000e+00 1.600000000000000089e+00 -8.869999999999999846e-04 -1.472999999999999917e-03 9.999989999999999712e-01 5.572209999999999663e-01 -8.303639999999999910e-01 -7.290000000000000473e-04 8.303639999999999910e-01 5.572190000000000198e-01 1.557999999999999923e-03
1.100000000000000000e+01 6.000000000000000000e+00 6.100000000000000000e+01 0.000000000000000000e+00 1.600000000000000089e+00 -6.179999999999999513e-04 1.355400000000000008e-02 9.999080000000000190e-01 5.627159999999999940e-01 -8.265689999999999982e-01 1.155199999999999977e-02 8.266499999999999959e-01 5.626719999999999500e-01 -7.115999999999999930e-03
2.000000000000000000e+00 2.700000000000000000e+01 6.300000000000000000e+01 0.000000000000000000e+00 1.600000000000000089e+00 -3.001999999999999894e-03 1.456999999999999962e-03 9.999940000000000495e-01 -2.686669999999999892e-01 9.632309999999999484e-01 -2.210000000000000159e-03 -9.632290000000000019e-01 -2.686720000000000219e-01 -2.500000000000000052e-03
5.000000000000000000e+00 2.700000000000000000e+01 6.300000000000000000e+01 0.000000000000000000e+00 1.600000000000000089e+00 -2.821999999999999856e-03 4.937999999999999681e-03 9.999839999999999840e-01 -2.704329999999999790e-01 9.627229999999999954e-01 -5.518000000000000335e-03 -9.627350000000000074e-01 -2.704440000000000177e-01 -1.381999999999999982e-03
