3.000000000000000000e+00 1.500000000000000000e+01 4.000000000000000000e+00 0.000000000000000000e+00 1.600000000000000089e+00 -1.118199999999999923e-02 3.830399999999999777e-02 9.992039999999999811e-01 4.320649999999999769e-01 -9.009819999999999496e-01 3.937399999999999928e-02 9.017730000000000468e-01 4.321610000000000174e-01 -6.474999999999999853e-03
1.800000000000000000e+01 1.900000000000000000e+01 5.000000000000000000e+00 0.000000000000000000e+00 1.600000000000000089e+00 5.139999999999999604e-03 4.525999999999999641e-03 -9.999770000000000048e-01 -6.941119999999999512e-01 -7.198339999999999739e-01 -6.825999999999999603e-03 -7.198480000000000434e-01 6.941310000000000535e-01 -5.590000000000000351e-04
5.000000000000000000e+00 1.010000000000000000e+02 7.000000000000000000e+00 0.000000000000000000e+00 1.600000000000000089e+00 -1.614999999999999899e-03 7.927000000000000018e-03 9.999670000000000503e-01 8.864210000000000145e-01 4.628740000000000077e-01 -2.237999999999999972e-03 -4.628760000000000097e-01 8.863889999999999825e-01 -7.773999999999999660e-03
2.500000000000000000e+01 1.010000000000000000e+02 7.000000000000000000e+00 0.000000000000000000e+00 1.600000000000000089e+00 9.600000000000000243e-04 -5.419999999999999471e-04 9.999989999999999712e-01 8.860310000000000130e-01 4.636259999999999826e-01 -5.990000000000000316e-04 -4.636250000000000093e-01 8.860310000000000130e-01 9.259999999999999568e-04
2.800000000000000000e+01 1.010000000000000000e+02 7.000000000000000000e+00 0.000000000000000000e+00 1.600000000000000089e+00 1.610000000000000103e-04 -3.969000000000000306e-03 9.999919999999999920e-01 8.866110000000000380e-01 4.625130000000000075e-01 1.693000000000000060e-03 -4.625159999999999827e-01 8.866039999999999477e-01 3.593999999999999972e-03
2.000000000000000000e+00 2.500000000000000000e+01 8.000000000000000000e+00 0.000000000000000000e+00 1.600000000000000089e+00 2.550999999999999882e-03 -1.330999999999999935e-03 -9.999959999999999960e-01 4.377249999999999752e-01 8.991090000000000471e-01 -8.000000000000000654e-05 8.991050000000000431e-01 -4.377229999999999732e-01 2.876000000000000084e-03
5.000000000000000000e+00 2.500000000000000000e+01 8.000000000000000000e+00 0.000000000000000000e+00 1.600000000000000089e+00 1.505999999999999960e-03 1.038999999999999993e-03 -9.999980000000000535e-01 4.377309999999999812e-01 8.991050000000000431e-01 1.593000000000000015e-03 8.991050000000000431e-01 -4.377329999999999832e-01 8.989999999999999511e-04
1.100000000000000000e+01 2.500000000000000000e+01 8.000000000000000000e+00 0.000000000000000000e+00 1.600000000000000089e+00 1.768999999999999956e-03 3.431000000000000022e-03 -9.999930000000000208e-01 4.363330000000000264e-01 8.997770000000000490e-01 3.857999999999999884e-03 8.997840000000000282e-01 -4.363360000000000016e-01 9.500000000000000523e-05
1.500000000000000000e+01 2.500000000000000000e+01 8.000000000000000000e+00 0.000000000000000000e+00 1.600000000000000089e+00 2.213000000000000123e-03 1.373000000000000088e-03 -9.999970000000000248e-01 4.360350000000000059e-01 8.999270000000000325e-01 2.200000000000000133e-03 8.999270000000000325e-01 -4.360379999999999812e-01 1.392999999999999924e-03
2.100000000000000000e+01 2.500000000000000000e+01 8.000000000000000000e+00 0.000000000000000000e+00 1.600000000000000089e+00 -1.955000000000000140e-03 1.340000000000000045e-03 -9.999970000000000248e-01 4.321909999999999918e-01 9.017819999999999725e-01 3.629999999999999872e-04 9.017800000000000260e-01 -4.321889999999999898e-01 -2.341999999999999898e-03
2.500000000000000000e+01 2.500000000000000000e+01 8.000000000000000000e+00 0.000000000000000000e+00 1.600000000000000089e+00 -2.073000000000000190e-03 -1.714999999999999945e-03 -9.999959999999999960e-01 4.321690000000000254e-01 9.017889999999999517e-01 -2.442999999999999859e-03 9.017899999999999805e-01 -4.321729999999999738e-01 -1.128000000000000096e-03
2.000000000000000000e+00 2.400000000000000000e+01 9.000000000000000000e+00 0.000000000000000000e+00 1.600000000000000089e+00 2.369000000000000012e-03 -2.965999999999999887e-03 -9.999930000000000208e-01 4.437450000000000006e-01 8.961519999999999486e-01 -1.606999999999999922e-03 8.961500000000000021e-01 -4.437380000000000213e-01 3.439000000000000216e-03
4.000000000000000000e+00 2.400000000000000000e+01 9.000000000000000000e+00 0.000000000000000000e+00 1.600000000000000089e+00 1.539999999999999919e-03 -8.419999999999999750e-04 -9.999980000000000535e-01 4.434719999999999773e-01 8.962879999999999736e-01 -7.200000000000000182e-05 8.962869999999999449e-01 -4.434719999999999773e-01 1.753999999999999917e-03
1.100000000000000000e+01 2.400000000000000000e+01 9.000000000000000000e+00 0.000000000000000000e+00 1.600000000000000089e+00 1.497000000000000067e-03 4.300000000000000003e-03 -9.999900000000000455e-01 4.419310000000000183e-01 8.970380000000000020e-01 4.518999999999999580e-03 8.970479999999999565e-01 -4.419330000000000203e-01 -5.569999999999999864e-04
1.600000000000000000e+01 2.400000000000000000e+01 9.000000000000000000e+00 0.000000000000000000e+00 1.600000000000000089e+00 1.539999999999999919e-03 2.606999999999999942e-03 -9.999949999999999672e-01 4.419259999999999855e-01 8.970460000000000100e-01 3.018999999999999982e-03 8.970500000000000140e-01 -4.419290000000000163e-01 2.300000000000000070e-04
2.000000000000000000e+01 2.400000000000000000e+01 9.000000000000000000e+00 0.000000000000000000e+00 1.600000000000000089e+00 -3.519999999999999908e-04 2.334000000000000137e-03 -9.999970000000000248e-01 4.377869999999999817e-01 8.990770000000000151e-01 1.943999999999999981e-03 8.990789999999999615e-01 -4.377849999999999797e-01 -1.337999999999999997e-03
2.800000000000000000e+01 2.400000000000000000e+01 9.000000000000000000e+00 0.000000000000000000e+00 1.600000000000000089e+00 -9.640000000000000131e-04 -1.701999999999999954e-03 -9.999980000000000535e-01 4.400080000000000102e-01 8.979920000000000124e-01 -1.951999999999999959e-03 8.979930000000000412e-01 -4.400089999999999835e-01 -1.169999999999999979e-04
1.600000000000000000e+01 8.000000000000000000e+00 1.000000000000000000e+01 0.000000000000000000e+00 1.600000000000000089e+00 9.020999999999999852e-02 5.180499999999999688e-02 -9.945739999999999581e-01 -9.850039999999999907e-01 -1.428290000000000115e-01 -9.678200000000000691e-02 -1.470670000000000033e-01 9.883910000000000196e-01 3.814399999999999735e-02
5.000000000000000000e+00 3.000000000000000000e+00 1.100000000000000000e+01 0.000000000000000000e+00 1.600000000000000089e+00 -6.112000000000000245e-03 1.078839999999999938e-01 9.941449999999999454e-01 1.333439999999999903e-01 -9.851969999999999894e-01 1.077329999999999954e-01 9.910510000000000153e-01 1.332220000000000071e-01 -8.363999999999999907e-03
1.400000000000000000e+01 4.000000000000000000e+00 1.100000000000000000e+01 0.000000000000000000e+00 1.600000000000000089e+00 -1.191000000000000001e-03 1.156770000000000020e-01 9.932860000000000023e-01 1.541210000000000080e-01 -9.813979999999999926e-01 1.144769999999999954e-01 9.880510000000000126e-01 1.532219999999999971e-01 -1.665900000000000020e-02
2.200000000000000000e+01 1.200000000000000000e+01 1.600000000000000000e+01 0.000000000000000000e+00 1.600000000000000089e+00 1.423000000000000003e-03 -1.930000000000000021e-04 9.999989999999999712e-01 2.640799999999999814e-01 -9.645000000000000240e-01 -5.619999999999999996e-04 9.645000000000000240e-01 2.640810000000000102e-01 -1.320999999999999909e-03
2.000000000000000000e+00 1.160000000000000000e+02 1.600000000000000000e+01 0.000000000000000000e+00 1.600000000000000089e+00 -5.700000000000000314e-05 -3.713000000000000154e-03 9.999930000000000208e-01 7.581489999999999618e-01 6.520759999999999890e-01 2.465000000000000177e-03 -6.520810000000000217e-01 7.581440000000000401e-01 2.778000000000000087e-03
5.000000000000000000e+00 1.160000000000000000e+02 1.600000000000000000e+01 0.000000000000000000e+00 1.600000000000000089e+00 -2.820000000000000241e-04 -2.501999999999999884e-03 9.999970000000000248e-01 7.618599999999999817e-01 6.477389999999999537e-01 1.835999999999999958e-03 -6.477420000000000400e-01 7.618580000000000352e-01 1.722999999999999922e-03
1.100000000000000000e+01 1.160000000000000000e+02 1.600000000000000000e+01 0.000000000000000000e+00 1.600000000000000089e+00 -1.374999999999999920e-03 -9.169999999999999549e-04 9.999989999999999712e-01 7.415079999999999449e-01 6.709420000000000384e-01 1.634000000000000036e-03 -6.709429999999999561e-01 7.415089999999999737e-01 -2.420000000000000005e-04
1.600000000000000000e+01 1.160000000000000000e+02 1.600000000000000000e+01 0.000000000000000000e+00 1.600000000000000089e+00 -2.507999999999999813e-03 -7.280000000000000230e-04 9.999970000000000248e-01 7.501560000000000450e-01 6.612569999999999837e-01 2.363000000000000083e-03 -6.612569999999999837e-01 7.501590000000000202e-01 -1.113000000000000057e-03
1.900000000000000000e+01 1.160000000000000000e+02 1.600000000000000000e+01 0.000000000000000000e+00 1.600000000000000089e+00 -3.954000000000000049e-03 -2.294000000000000032e-03 9.999900000000000455e-01 7.517160000000000508e-01 6.594719999999999471e-01 4.485000000000000271e-03 -6.594750000000000334e-01 7.517260000000000053e-01 -8.829999999999999958e-04
2.200000000000000000e+01 2.000000000000000000e+00 1.900000000000000000e+01 0.000000000000000000e+00 1.600000000000000089e+00 4.300000000000000165e-05 -1.957899999999999918e-02 -9.998080000000000300e-01 3.573830000000000062e-01 -9.337790000000000257e-01 1.830100000000000129e-02 -9.339579999999999549e-01 -3.573149999999999937e-01 6.956000000000000377e-03
4.000000000000000000e+00 3.000000000000000000e+00 1.900000000000000000e+01 0.000000000000000000e+00 1.600000000000000089e+00 3.856000000000000053e-03 3.662200000000000177e-02 -9.993220000000000436e-01 3.403749999999999831e-01 -9.397060000000000413e-01 -3.312400000000000067e-02 -9.402819999999999512e-01 -3.400159999999999849e-01 -1.608899999999999914e-02
8.000000000000000000e+00 3.000000000000000000e+00 1.900000000000000000e+01 0.000000000000000000e+00 1.600000000000000089e+00 5.609999999999999752e-04 5.048400000000000110e-02 -9.987249999999999739e-01 3.483939999999999815e-01 -9.361629999999999674e-01 -4.712600000000000122e-02 -9.373479999999999590e-01 -3.479229999999999823e-01 -1.811400000000000163e-02
1.200000000000000000e+01 3.000000000000000000e+00 1.900000000000000000e+01 0.000000000000000000e+00 1.600000000000000089e+00 -4.081000000000000426e-03 4.698499999999999899e-02 -9.988869999999999694e-01 3.541070000000000051e-01 -9.341030000000000166e-01 -4.538400000000000073e-02 -9.351960000000000273e-01 -3.538979999999999904e-01 -1.282600000000000059e-02
1.600000000000000000e+01 3.000000000000000000e+00 1.900000000000000000e+01 0.000000000000000000e+00 1.600000000000000089e+00 -5.165000000000000320e-03 2.725800000000000098e-02 -9.996150000000000313e-01 3.512910000000000199e-01 -9.358670000000000044e-01 -2.733500000000000166e-02 -9.362519999999999731e-01 -3.512970000000000259e-01 -4.741999999999999688e-03
2.300000000000000000e+01 3.000000000000000000e+00 1.900000000000000000e+01 0.000000000000000000e+00 1.600000000000000089e+00 -6.149999999999999868e-04 -2.148299999999999862e-02 -9.997690000000000188e-01 3.392220000000000235e-01 -9.404940000000000522e-01 2.000100000000000142e-02 -9.407060000000000421e-01 -3.391310000000000158e-01 7.865999999999999728e-03
1.300000000000000000e+01 1.300000000000000000e+01 2.000000000000000000e+01 0.000000000000000000e+00 1.600000000000000089e+00 1.119999999999999983e-04 -3.487000000000000082e-03 9.999940000000000495e-01 2.606740000000000168e-01 9.654209999999999736e-01 3.337000000000000122e-03 -9.654270000000000351e-01 2.606720000000000148e-01 1.016999999999999892e-03
2.000000000000000000e+01 1.300000000000000000e+01 2.000000000000000000e+01 0.000000000000000000e+00 1.600000000000000089e+00 5.240000000000000517e-04 1.582000000000000073e-03 9.999989999999999712e-01 2.633460000000000245e-01 9.647000000000000020e-01 -1.663999999999999898e-03 -9.647010000000000307e-01 2.633460000000000245e-01 8.899999999999999491e-05
2.400000000000000000e+01 1.300000000000000000e+01 2.000000000000000000e+01 0.000000000000000000e+00 1.600000000000000089e+00 7.529999999999999801e-04 4.902000000000000107e-03 9.999879999999999880e-01 2.634889999999999732e-01 9.646500000000000075e-01 -4.926999999999999956e-03 -9.646620000000000195e-01 2.634900000000000020e-01 -5.649999999999999641e-04
2.800000000000000000e+01 1.300000000000000000e+01 2.000000000000000000e+01 0.000000000000000000e+00 1.600000000000000089e+00 5.240000000000000517e-04 2.230999999999999910e-03 9.999970000000000248e-01 2.615390000000000215e-01 9.651899999999999924e-01 -2.289999999999999935e-03 -9.651929999999999676e-01 2.615390000000000215e-01 -7.700000000000000139e-05
2.000000000000000000e+01 1.600000000000000000e+01 2.100000000000000000e+01 0.000000000000000000e+00 1.600000000000000089e+00 5.320000000000000293e-04 2.079000000000000119e-03 9.999980000000000535e-01 3.002130000000000076e-01 9.538699999999999957e-01 -2.142999999999999940e-03 -9.538720000000000532e-01 3.002130000000000076e-01 -1.160000000000000007e-04
2.700000000000000000e+01 1.600000000000000000e+01 2.100000000000000000e+01 0.000000000000000000e+00 1.600000000000000089e+00 3.209999999999999963e-04 3.444000000000000013e-03 9.999940000000000495e-01 2.987440000000000095e-01 9.543270000000000364e-01 -3.383000000000000156e-03 -9.543329999999999869e-01 2.987440000000000095e-01 -7.219999999999999855e-04
2.600000000000000000e+01 2.000000000000000000e+00 2.500000000000000000e+01 0.000000000000000000e+00 1.600000000000000089e+00 1.035299999999999936e-02 -3.513000000000000150e-02 9.993290000000000228e-01 8.559899999999999454e-02 -9.956829999999999847e-01 -3.588899999999999729e-02 9.962760000000000504e-01 8.591400000000000425e-02 -7.301000000000000198e-03
2.000000000000000000e+00 3.000000000000000000e+00 2.500000000000000000e+01 0.000000000000000000e+00 1.600000000000000089e+00 1.325000000000000006e-03 4.870000000000000197e-03 9.999869999999999592e-01 -1.529900000000000010e-02 -9.998709999999999543e-01 4.890000000000000249e-03 9.998820000000000485e-01 -1.530499999999999916e-02 -1.250000000000000026e-03
1.700000000000000000e+01 3.000000000000000000e+00 2.500000000000000000e+01 0.000000000000000000e+00 1.600000000000000089e+00 -4.640000000000000027e-04 8.942000000000000295e-03 9.999599999999999600e-01 3.563899999999999707e-02 -9.993250000000000188e-01 8.952999999999999153e-03 9.993649999999999478e-01 3.564200000000000007e-02 1.450000000000000009e-04
2.500000000000000000e+01 3.000000000000000000e+00 2.500000000000000000e+01 0.000000000000000000e+00 1.600000000000000089e+00 5.974000000000000143e-03 -3.108400000000000052e-02 9.994990000000000263e-01 4.100999999999999611e-03 -9.995079999999999520e-01 -3.110900000000000123e-02 9.999740000000000295e-01 4.284999999999999747e-03 -5.843000000000000103e-03
2.000000000000000000e+00 4.600000000000000000e+01 3.500000000000000000e+01 0.000000000000000000e+00 1.600000000000000089e+00 -6.880000000000000265e-04 1.809000000000000061e-03 -9.999980000000000535e-01 3.899670000000000081e-01 -9.208269999999999511e-01 -1.935000000000000088e-03 -9.208290000000000086e-01 -3.899670000000000081e-01 -7.200000000000000182e-05
6.000000000000000000e+00 4.600000000000000000e+01 3.500000000000000000e+01 0.000000000000000000e+00 1.600000000000000089e+00 -8.099999999999999561e-04 -3.542000000000000010e-03 -9.999930000000000208e-01 3.932249999999999912e-01 -9.194379999999999775e-01 2.938000000000000073e-03 -9.194419999999999815e-01 -3.932200000000000140e-01 2.137000000000000011e-03
1.100000000000000000e+01 4.600000000000000000e+01 3.500000000000000000e+01 0.000000000000000000e+00 1.600000000000000089e+00 -9.000000000000000228e-06 1.154000000000000078e-03 -9.999989999999999712e-01 3.936899999999999844e-01 -9.192430000000000323e-01 -1.064000000000000059e-03 -9.192430000000000323e-01 -3.936890000000000112e-01 -4.459999999999999989e-04
2.000000000000000000e+01 4.600000000000000000e+01 3.500000000000000000e+01 0.000000000000000000e+00 1.600000000000000089e+00 -8.630000000000000518e-04 -2.776999999999999955e-03 -9.999959999999999960e-01 3.922399999999999776e-01 -9.198600000000000110e-01 2.216000000000000088e-03 -9.198629999999999862e-01 -3.922359999999999736e-01 1.882999999999999908e-03
2.800000000000000000e+01 4.600000000000000000e+01 3.500000000000000000e+01 0.000000000000000000e+00 1.600000000000000089e+00 -4.550000000000000008e-04 7.669999999999999951e-04 -1.000000000000000000e+00 3.911080000000000112e-01 -9.203449999999999687e-01 -8.840000000000000201e-04 -9.203449999999999687e-01 -3.911080000000000112e-01 1.190000000000000058e-04
1.300000000000000000e+01 9.500000000000000000e+01 3.600000000000000000e+01 0.000000000000000000e+00 1.600000000000000089e+00 -6.322999999999999628e-03 -1.044800000000000069e-02 9.999249999999999527e-01 9.957570000000000032e-01 9.173499999999999710e-02 7.256000000000000297e-03 -9.180399999999999672e-02 9.957289999999999752e-01 9.823000000000000134e-03
2.300000000000000000e+01 9.500000000000000000e+01 3.700000000000000000e+01 0.000000000000000000e+00 1.600000000000000089e+00 -1.611000000000000019e-03 -1.140799999999999974e-02 9.999339999999999895e-01 9.948280000000000456e-01 1.015410000000000063e-01 2.760999999999999999e-03 -1.015650000000000025e-01 9.947660000000000391e-01 1.118500000000000050e-02
1.700000000000000000e+01 6.000000000000000000e+01 3.900000000000000000e+01 0.000000000000000000e+00 1.600000000000000089e+00 -1.340999999999999961e-03 -1.140399999999999921e-02 -9.999339999999999895e-01 2.963149999999999951e-01 -9.550330000000000208e-01 1.049399999999999986e-02 -9.550889999999999658e-01 -2.962810000000000166e-01 4.658999999999999947e-03
1.100000000000000000e+01 2.900000000000000000e+01 4.400000000000000000e+01 0.000000000000000000e+00 1.600000000000000089e+00 -1.730999999999999900e-03 -1.874000000000000015e-03 -9.999970000000000248e-01 6.577979999999999938e-01 7.531900000000000261e-01 -2.550000000000000183e-03 7.531919999999999726e-01 -6.578000000000000513e-01 -7.100000000000000462e-05
1.900000000000000000e+01 2.900000000000000000e+01 4.400000000000000000e+01 0.000000000000000000e+00 1.600000000000000089e+00 -1.590999999999999966e-03 -3.154000000000000119e-03 -9.999940000000000495e-01 6.610430000000000472e-01 7.503400000000000070e-01 -3.419000000000000164e-03 7.503459999999999575e-01 -6.610449999999999937e-01 8.909999999999999734e-04
2.800000000000000000e+01 2.900000000000000000e+01 4.400000000000000000e+01 0.000000000000000000e+00 1.600000000000000089e+00 -1.162000000000000055e-03 -1.995999999999999944e-03 -9.999970000000000248e-01 6.592270000000000074e-01 7.519409999999999705e-01 -2.266999999999999918e-03 7.519430000000000280e-01 -6.592270000000000074e-01 4.420000000000000101e-04
1.400000000000000000e+01 4.000000000000000000e+00 5.000000000000000000e+01 0.000000000000000000e+00 1.600000000000000089e+00 1.178999999999999927e-03 -3.275999999999999832e-03 -9.999940000000000495e-01 5.323999999999999844e-01 -8.464859999999999607e-01 3.400999999999999943e-03 -8.464920000000000222e-01 -5.324010000000000131e-01 7.460000000000000268e-04
1.800000000000000000e+01 1.150000000000000000e+02 5.100000000000000000e+01 0.000000000000000000e+00 1.600000000000000089e+00 -2.425000000000000072e-03 -4.471000000000000148e-03 9.999869999999999592e-01 8.471279999999999921e-01 -5.313890000000000002e-01 -3.220000000000000206e-04 5.313839999999999675e-01 8.471159999999999801e-01 5.075999999999999783e-03
2.200000000000000000e+01 1.150000000000000000e+02 5.100000000000000000e+01 0.000000000000000000e+00 1.600000000000000089e+00 5.099999999999999960e-05 4.290000000000000193e-04 1.000000000000000000e+00 8.466879999999999962e-01 -5.320899999999999519e-01 1.849999999999999973e-04 5.320899999999999519e-01 8.466879999999999962e-01 -3.899999999999999929e-04
6.000000000000000000e+00 6.300000000000000000e+01 5.400000000000000000e+01 0.000000000000000000e+00 1.600000000000000089e+00 -9.999999999999999547e-07 -3.376000000000000095e-03 9.999940000000000495e-01 -3.516880000000000006e-01 9.361120000000000552e-01 3.160000000000000048e-03 -9.361169999999999769e-01 -3.516859999999999986e-01 -1.188000000000000037e-03
1.100000000000000000e+01 6.300000000000000000e+01 5.400000000000000000e+01 0.000000000000000000e+00 1.600000000000000089e+00 -1.417000000000000074e-03 -4.225999999999999722e-03 9.999900000000000455e-01 -3.513049999999999784e-01 9.362549999999999484e-01 3.458999999999999835e-03 -9.362599999999999811e-01 -3.512959999999999972e-01 -2.811000000000000131e-03
2.400000000000000000e+01 6.300000000000000000e+01 5.400000000000000000e+01 0.000000000000000000e+00 1.600000000000000089e+00 1.433000000000000029e-03 -1.975999999999999892e-03 9.999970000000000248e-01 -3.466090000000000004e-01 9.380070000000000352e-01 2.350999999999999791e-03 -9.380079999999999529e-01 -3.466119999999999757e-01 6.589999999999999721e-04
2.800000000000000000e+01 6.300000000000000000e+01 5.400000000000000000e+01 0.000000000000000000e+00 1.600000000000000089e+00 -4.209999999999999875e-04 1.575999999999999927e-03 9.999989999999999712e-01 -3.440259999999999985e-01 9.389589999999999881e-01 -1.624000000000000010e-03 -9.389600000000000168e-01 -3.440259999999999985e-01 1.469999999999999953e-04
3.000000000000000000e+00 2.500000000000000000e+01 5.500000000000000000e+01 0.000000000000000000e+00 1.600000000000000089e+00 8.200000000000000095e-05 7.209999999999999612e-04 -1.000000000000000000e+00 -1.405600000000000079e-02 -9.999010000000000398e-01 -7.219999999999999855e-04 -9.999010000000000398e-01 1.405600000000000079e-02 -7.200000000000000182e-05
7.000000000000000000e+00 2.600000000000000000e+01 5.500000000000000000e+01 0.000000000000000000e+00 1.600000000000000089e+00 1.314999999999999980e-03 5.065000000000000058e-03 -9.999860000000000415e-01 -3.304100000000000092e-02 -9.994410000000000238e-01 -5.106000000000000295e-03 -9.994530000000000358e-01 3.304699999999999999e-02 -1.147000000000000016e-03
5.000000000000000000e+00 2.100000000000000000e+01 6.000000000000000000e+01 0.000000000000000000e+00 1.600000000000000089e+00 1.866000000000000037e-03 -4.420000000000000101e-04 9.999980000000000535e-01 -9.703900000000000026e-02 9.952800000000000535e-01 6.210000000000000242e-04 -9.952790000000000248e-01 -9.704000000000000126e-02 1.814999999999999990e-03
9.000000000000000000e+00 2.100000000000000000e+01 6.000000000000000000e+01 0.000000000000000000e+00 1.600000000000000089e+00 -1.600999999999999993e-03 6.787999999999999763e-03 9.999759999999999760e-01 -9.576999999999999402e-02 9.953800000000000425e-01 -6.910000000000000343e-03 -9.954020000000000090e-01 -9.577900000000000302e-02 -9.439999999999999607e-04
1.400000000000000000e+01 2.100000000000000000e+01 6.000000000000000000e+01 0.000000000000000000e+00 1.600000000000000089e+00 -7.540000000000000044e-04 1.760999999999999979e-03 9.999980000000000535e-01 -9.568899999999999628e-02 9.954100000000000170e-01 -1.825000000000000016e-03 -9.954110000000000458e-01 -9.568999999999999728e-02 -5.820000000000000520e-04
2.100000000000000000e+01 2.100000000000000000e+01 6.000000000000000000e+01 0.000000000000000000e+00 1.600000000000000089e+00 8.589999999999999546e-04 -1.655000000000000004e-03 9.999980000000000535e-01 -9.298099999999999421e-02 9.956660000000000510e-01 1.727999999999999935e-03 -9.956679999999999975e-01 -9.298199999999999521e-02 7.020000000000000415e-04
2.800000000000000000e+01 2.100000000000000000e+01 6.000000000000000000e+01 0.000000000000000000e+00 1.600000000000000089e+00 -1.675000000000000057e-03 4.283000000000000348e-03 9.999890000000000168e-01 -9.663499999999999868e-02 9.953100000000000280e-01 -4.423999999999999981e-03 -9.953180000000000360e-01 -9.664200000000000568e-02 -1.252999999999999991e-03
8.000000000000000000e+00 3.000000000000000000e+00 6.300000000000000000e+01 0.000000000000000000e+00 1.600000000000000089e+00 -1.121999999999999950e-03 -3.804999999999999789e-03 9.999919999999999920e-01 -6.132239999999999913e-01 7.899059999999999970e-01 2.318000000000000182e-03 -7.899080000000000545e-01 -6.132170000000000121e-01 -3.219000000000000073e-03
5.000000000000000000e+00 2.700000000000000000e+01 6.300000000000000000e+01 0.000000000000000000e+00 1.600000000000000089e+00 1.925000000000000062e-03 -2.069999999999999900e-04 9.999980000000000535e-01 -2.745110000000000050e-01 9.615839999999999943e-01 7.269999999999999987e-04 -9.615820000000000478e-01 -2.745119999999999783e-01 1.794000000000000022e-03
1.000000000000000000e+01 2.700000000000000000e+01 6.300000000000000000e+01 0.000000000000000000e+00 1.600000000000000089e+00 -1.544000000000000017e-03 1.642000000000000013e-03 9.999970000000000248e-01 -2.777229999999999976e-01 9.606590000000000407e-01 -2.005999999999999971e-03 -9.606599999999999584e-01 -2.777249999999999996e-01 -1.026999999999999918e-03
1.300000000000000000e+01 2.700000000000000000e+01 6.300000000000000000e+01 0.000000000000000000e+00 1.600000000000000089e+00 -2.869999999999999830e-04 4.325999999999999984e-03 9.999909999999999632e-01 -2.780309999999999726e-01 9.605629999999999447e-01 -4.235000000000000049e-03 -9.605719999999999814e-01 -2.780299999999999994e-01 9.269999999999999811e-04
1.600000000000000000e+01 2.700000000000000000e+01 6.300000000000000000e+01 0.000000000000000000e+00 1.600000000000000089e+00 2.625999999999999862e-03 6.368000000000000396e-03 9.999759999999999760e-01 -2.765420000000000100e-01 9.609870000000000356e-01 -5.393000000000000224e-03 -9.609980000000000189e-01 -2.765219999999999900e-01 4.284999999999999747e-03
2.100000000000000000e+01 2.700000000000000000e+01 6.300000000000000000e+01 0.000000000000000000e+00 1.600000000000000089e+00 -9.120000000000000502e-04 8.319999999999999271e-03 9.999649999999999928e-01 -2.705469999999999819e-01 9.626710000000000544e-01 -8.255999999999999450e-03 -9.627059999999999507e-01 -2.705449999999999799e-01 1.373000000000000088e-03
2.800000000000000000e+01 2.700000000000000000e+01 6.300000000000000000e+01 0.000000000000000000e+00 1.600000000000000089e+00 -1.794000000000000022e-03 -9.329000000000000486e-03 9.999550000000000383e-01 -2.749010000000000065e-01 9.614350000000000396e-01 8.477000000000000160e-03 -9.614709999999999646e-01 -2.748729999999999785e-01 -4.289000000000000278e-03
5.000000000000000000e+00 2.600000000000000000e+01 6.400000000000000000e+01 0.000000000000000000e+00 1.600000000000000089e+00 2.546999999999999785e-03 6.400000000000000524e-04 9.999970000000000248e-01 -3.667420000000000124e-01 9.303230000000000111e-01 3.390000000000000001e-04 -9.303190000000000071e-01 -3.667409999999999837e-01 2.603999999999999978e-03
1.000000000000000000e+01 2.600000000000000000e+01 6.400000000000000000e+01 0.000000000000000000e+00 1.600000000000000089e+00 -1.978000000000000157e-03 2.317000000000000049e-03 9.999949999999999672e-01 -3.711459999999999759e-01 9.285700000000000065e-01 -2.886000000000000110e-03 -9.285719999999999530e-01 -3.711499999999999799e-01 -9.770000000000000039e-04
1.400000000000000000e+01 2.600000000000000000e+01 6.400000000000000000e+01 0.000000000000000000e+00 1.600000000000000089e+00 2.200000000000000078e-04 3.983000000000000429e-03 9.999919999999999920e-01 -3.717520000000000269e-01 9.283249999999999558e-01 -3.615999999999999857e-03 -9.283320000000000460e-01 -3.717489999999999961e-01 1.685000000000000083e-03
1.600000000000000000e+01 2.600000000000000000e+01 6.400000000000000000e+01 0.000000000000000000e+00 1.600000000000000089e+00 2.161000000000000160e-03 4.366000000000000089e-03 9.999879999999999880e-01 -3.702949999999999853e-01 9.289079999999999560e-01 -3.255000000000000081e-03 -9.289119999999999600e-01 -3.702840000000000020e-01 3.624000000000000051e-03
2.200000000000000000e+01 2.600000000000000000e+01 6.400000000000000000e+01 0.000000000000000000e+00 1.600000000000000089e+00 -3.301999999999999814e-03 6.087000000000000396e-03 9.999759999999999760e-01 -3.650200000000000111e-01 9.309739999999999682e-01 -6.871999999999999637e-03 -9.309939999999999882e-01 -3.650340000000000251e-01 -8.530000000000000256e-04
3.000000000000000000e+01 2.600000000000000000e+01 6.400000000000000000e+01 0.000000000000000000e+00 1.600000000000000089e+00 -4.099999999999999912e-04 -7.419000000000000247e-03 9.999719999999999720e-01 -3.729359999999999897e-01 9.278330000000000188e-01 6.731000000000000004e-03 -9.278570000000000428e-01 -3.729230000000000045e-01 -3.148000000000000190e-03
1.600000000000000000e+01 6.900000000000000000e+01 6.600000000000000000e+01 0.000000000000000000e+00 1.600000000000000089e+00 1.550000000000000000e-04 -4.198000000000000342e-03 9.999909999999999632e-01 -9.493099999999999872e-01 3.143380000000000063e-01 1.466999999999999988e-03 -3.143420000000000103e-01 -9.493019999999999792e-01 -3.937000000000000395e-03
3.000000000000000000e+00 2.500000000000000000e+01 7.300000000000000000e+01 0.000000000000000000e+00 1.600000000000000089e+00 -8.279999999999999600e-04 7.799999999999999859e-04 9.999989999999999712e-01 7.591240000000000210e-01 -6.509449999999999958e-01 1.136999999999999990e-03 6.509449999999999958e-01 7.591250000000000497e-01 -5.300000000000000078e-05
1.000000000000000000e+01 2.500000000000000000e+01 7.300000000000000000e+01 0.000000000000000000e+00 1.600000000000000089e+00 -4.550000000000000008e-04 1.464999999999999939e-03 9.999989999999999712e-01 7.541710000000000358e-01 -6.566769999999999552e-01 1.304999999999999953e-03 6.566779999999999839e-01 7.541700000000000070e-01 -8.059999999999999673e-04
1.400000000000000000e+01 2.500000000000000000e+01 7.300000000000000000e+01 0.000000000000000000e+00 1.600000000000000089e+00 -9.340000000000000429e-04 -4.539999999999999765e-04 9.999989999999999712e-01 7.565300000000000358e-01 -6.539589999999999570e-01 4.099999999999999912e-04 6.539589999999999570e-01 7.565300000000000358e-01 9.539999999999999869e-04
1.700000000000000000e+01 2.500000000000000000e+01 7.300000000000000000e+01 0.000000000000000000e+00 1.600000000000000089e+00 -1.572999999999999962e-03 -3.896000000000000157e-03 9.999909999999999632e-01 7.555020000000000069e-01 -6.551449999999999774e-01 -1.363999999999999978e-03 6.551439999999999486e-01 7.554929999999999701e-01 3.974000000000000102e-03
2.200000000000000000e+01 2.500000000000000000e+01 7.300000000000000000e+01 0.000000000000000000e+00 1.600000000000000089e+00 3.829999999999999854e-04 -5.689999999999999529e-04 1.000000000000000000e+00 7.538639999999999786e-01 -6.570300000000000029e-01 -6.629999999999999609e-04 6.570310000000000317e-01 7.538639999999999786e-01 1.779999999999999898e-04
6.000000000000000000e+00 4.400000000000000000e+01 7.300000000000000000e+01 0.000000000000000000e+00 1.600000000000000089e+00 -6.509999999999999945e-04 -1.629999999999999939e-03 9.999989999999999712e-01 5.502100000000000046e-02 -9.984840000000000382e-01 -1.590999999999999966e-03 9.984849999999999559e-01 5.501899999999999846e-02 7.399999999999999894e-04
1.000000000000000000e+01 4.400000000000000000e+01 7.300000000000000000e+01 0.000000000000000000e+00 1.600000000000000089e+00 -2.460000000000000164e-04 -8.760000000000000425e-04 1.000000000000000000e+00 5.497300000000000103e-02 -9.984870000000000134e-01 -8.610000000000000032e-04 9.984880000000000422e-01 5.497300000000000103e-02 2.939999999999999905e-04
1.600000000000000000e+01 4.400000000000000000e+01 7.300000000000000000e+01 0.000000000000000000e+00 1.600000000000000089e+00 -6.700000000000000226e-05 -5.000000000000000104e-04 1.000000000000000000e+00 5.351399999999999907e-02 -9.985669999999999824e-01 -4.960000000000000216e-04 9.985669999999999824e-01 5.351399999999999907e-02 9.299999999999999727e-05
1.900000000000000000e+01 4.400000000000000000e+01 7.300000000000000000e+01 0.000000000000000000e+00 1.600000000000000089e+00 5.749999999999999903e-04 -1.598999999999999944e-03 9.999989999999999712e-01 5.311799999999999855e-02 -9.985870000000000024e-01 -1.626999999999999974e-03 9.985880000000000312e-01 5.311899999999999955e-02 -4.889999999999999599e-04
2.400000000000000000e+01 4.400000000000000000e+01 7.300000000000000000e+01 0.000000000000000000e+00 1.600000000000000089e+00 6.999999999999999895e-06 1.360000000000000098e-03 9.999989999999999712e-01 5.498600000000000015e-02 -9.984859999999999847e-01 1.358000000000000049e-03 9.984870000000000134e-01 5.498600000000000015e-02 -8.100000000000000375e-05
2.600000000000000000e+01 2.500000000000000000e+01 7.400000000000000000e+01 0.000000000000000000e+00 1.600000000000000089e+00 7.889999999999999878e-04 2.804000000000000069e-03 9.999959999999999960e-01 8.306740000000000235e-01 -5.567590000000000039e-01 9.060000000000000128e-04 5.567590000000000039e-01 8.306689999999999907e-01 -2.768000000000000061e-03
2.000000000000000000e+00 9.100000000000000000e+01 7.600000000000000000e+01 0.000000000000000000e+00 1.600000000000000089e+00 1.600999999999999993e-03 4.550000000000000008e-04 9.999989999999999712e-01 3.187019999999999853e-01 -9.478550000000000031e-01 -7.899999999999999579e-05 9.478539999999999743e-01 3.187010000000000121e-01 -1.662000000000000066e-03
8.000000000000000000e+00 9.100000000000000000e+01 7.600000000000000000e+01 0.000000000000000000e+00 1.600000000000000089e+00 -2.144000000000000072e-03 -1.453000000000000081e-03 9.999970000000000248e-01 3.009589999999999765e-01 -9.536369999999999569e-01 -7.410000000000000137e-04 9.536350000000000104e-01 3.009569999999999745e-01 2.481999999999999831e-03
1.200000000000000000e+01 9.100000000000000000e+01 7.600000000000000000e+01 0.000000000000000000e+00 1.600000000000000089e+00 -4.099999999999999912e-04 2.930000000000000204e-04 1.000000000000000000e+00 2.920800000000000063e-01 -9.563939999999999664e-01 4.000000000000000192e-04 9.563939999999999664e-01 2.920800000000000063e-01 3.069999999999999812e-04
1.600000000000000000e+01 9.100000000000000000e+01 7.600000000000000000e+01 0.000000000000000000e+00 1.600000000000000089e+00 -8.750000000000000182e-04 2.700000000000000035e-04 1.000000000000000000e+00 2.983600000000000141e-01 -9.544529999999999959e-01 5.190000000000000386e-04 9.544529999999999959e-01 2.983600000000000141e-01 7.550000000000000287e-04
2.400000000000000000e+01 9.100000000000000000e+01 7.600000000000000000e+01 0.000000000000000000e+00 1.600000000000000089e+00 -4.319999999999999838e-04 -1.015000000000000060e-03 9.999989999999999712e-01 3.028609999999999913e-01 -9.530340000000000478e-01 -8.360000000000000460e-04 9.530349999999999655e-01 3.028600000000000181e-01 7.190000000000000210e-04
1.000000000000000000e+01 6.300000000000000000e+01 8.100000000000000000e+01 0.000000000000000000e+00 1.600000000000000089e+00 -1.599999999999999928e-05 7.040000000000000251e-03 9.999749999999999472e-01 3.079199999999999993e-02 -9.995009999999999728e-01 7.036999999999999852e-03 9.995260000000000256e-01 3.079099999999999893e-02 -2.000000000000000096e-04
2.600000000000000000e+01 6.300000000000000000e+01 8.100000000000000000e+01 0.000000000000000000e+00 1.600000000000000089e+00 -4.460000000000000422e-03 -8.699000000000000135e-03 9.999519999999999520e-01 3.331400000000000333e-02 -9.994079999999999631e-01 -8.545000000000000512e-03 9.994349999999999623e-01 3.327399999999999802e-02 4.747000000000000351e-03
4.000000000000000000e+00 4.400000000000000000e+01 8.300000000000000000e+01 0.000000000000000000e+00 1.600000000000000089e+00 -1.077000000000000049e-03 6.513999999999999825e-03 9.999780000000000335e-01 5.813019999999999854e-01 -8.136660000000000004e-01 5.925999999999999844e-03 8.136870000000000491e-01 5.812960000000000349e-01 -2.909999999999999826e-03
1.000000000000000000e+01 4.400000000000000000e+01 8.300000000000000000e+01 0.000000000000000000e+00 1.600000000000000089e+00 3.049999999999999868e-04 3.667000000000000121e-03 9.999930000000000208e-01 5.772209999999999841e-01 -8.165829999999999478e-01 2.818000000000000192e-03 8.165879999999999805e-01 5.772159999999999513e-01 -2.366000000000000048e-03
1.400000000000000000e+01 4.400000000000000000e+01 8.300000000000000000e+01 0.000000000000000000e+00 1.600000000000000089e+00 -4.879999999999999898e-04 -1.965000000000000167e-03 9.999980000000000535e-01 5.735179999999999723e-01 -8.191920000000000313e-01 -1.330000000000000019e-03 8.191929999999999490e-01 5.735160000000000258e-01 1.526999999999999929e-03
1.700000000000000000e+01 4.400000000000000000e+01 8.300000000000000000e+01 0.000000000000000000e+00 1.600000000000000089e+00 -1.028999999999999967e-03 -2.413000000000000214e-03 9.999970000000000248e-01 5.719899999999999984e-01 -8.202589999999999604e-01 -1.389999999999999960e-03 8.202599999999999891e-01 5.719870000000000232e-01 2.223999999999999849e-03
2.200000000000000000e+01 4.400000000000000000e+01 8.300000000000000000e+01 0.000000000000000000e+00 1.600000000000000089e+00 1.253999999999999906e-03 -3.360000000000000139e-03 9.999940000000000495e-01 5.776999999999999913e-01 -8.162420000000000231e-01 -3.467000000000000030e-03 8.162479999999999736e-01 5.777010000000000201e-01 9.169999999999999549e-04
2.900000000000000000e+01 4.400000000000000000e+01 8.300000000000000000e+01 0.000000000000000000e+00 1.600000000000000089e+00 4.122999999999999929e-03 -1.324000000000000090e-03 9.999909999999999632e-01 5.845730000000000093e-01 -8.113339999999999996e-01 -3.484000000000000118e-03 8.113310000000000244e-01 5.845820000000000460e-01 -2.570999999999999935e-03
2.300000000000000000e+01 1.010000000000000000e+02 8.300000000000000000e+01 0.000000000000000000e+00 1.600000000000000089e+00 -2.822999999999999989e-03 -1.012200000000000079e-02 9.999449999999999728e-01 9.933670000000000000e-01 1.149140000000000023e-01 3.967000000000000040e-03 -1.149479999999999946e-01 9.933239999999999847e-01 9.730000000000000801e-03
6.000000000000000000e+00 4.800000000000000000e+01 8.400000000000000000e+01 0.000000000000000000e+00 1.600000000000000089e+00 5.326000000000000005e-03 5.148999999999999931e-03 -9.999730000000000008e-01 -9.476210000000000466e-01 -3.193259999999999987e-01 -6.690999999999999899e-03 -3.193520000000000247e-01 9.476310000000000011e-01 3.178999999999999968e-03
1.100000000000000000e+01 4.800000000000000000e+01 8.400000000000000000e+01 0.000000000000000000e+00 1.600000000000000089e+00 2.397999999999999958e-03 2.001000000000000174e-03 -9.999949999999999672e-01 -9.487900000000000222e-01 -3.158940000000000081e-01 -2.906999999999999862e-03 -3.158989999999999854e-01 9.487919999999999687e-01 1.141000000000000087e-03
1.500000000000000000e+01 4.800000000000000000e+01 8.400000000000000000e+01 0.000000000000000000e+00 1.600000000000000089e+00 -1.036000000000000029e-03 -1.734000000000000081e-03 -9.999980000000000535e-01 -9.476329999999999476e-01 -3.193570000000000020e-01 1.536000000000000039e-03 -3.193590000000000040e-01 9.476329999999999476e-01 -1.312999999999999931e-03
1.900000000000000000e+01 4.800000000000000000e+01 8.400000000000000000e+01 0.000000000000000000e+00 1.600000000000000089e+00 -2.317000000000000049e-03 -1.641000000000000097e-03 -9.999959999999999960e-01 -9.467590000000000172e-01 -3.219299999999999939e-01 2.722000000000000027e-03 -3.219339999999999979e-01 9.467619999999999925e-01 -8.080000000000000160e-04
2.300000000000000000e+01 4.800000000000000000e+01 8.400000000000000000e+01 0.000000000000000000e+00 1.600000000000000089e+00 -4.146999999999999645e-03 -4.068999999999999700e-03 -9.999829999999999552e-01 -9.475799999999999779e-01 -3.194770000000000110e-01 5.229000000000000141e-03 -3.194930000000000270e-01 9.475850000000000106e-01 -2.530000000000000131e-03
2.000000000000000000e+00 1.500000000000000000e+01 8.600000000000000000e+01 0.000000000000000000e+00 1.600000000000000089e+00 1.644000000000000062e-03 3.116999999999999979e-03 -9.999940000000000495e-01 1.807229999999999948e-01 9.835279999999999578e-01 3.363000000000000104e-03 9.835329999999999906e-01 -1.807269999999999988e-01 1.054000000000000032e-03
