3.000000000000000000e+00 2.500000000000000000e+01 1.000000000000000000e+00 0.000000000000000000e+00 1.600000000000000089e+00 -1.103999999999999947e-03 2.965999999999999887e-03 -9.999949999999999672e-01 -5.239479999999999693e-01 -8.517479999999999496e-01 -1.948000000000000079e-03 -8.517500000000000071e-01 5.239430000000000476e-01 2.494000000000000123e-03
7.000000000000000000e+00 2.500000000000000000e+01 1.000000000000000000e+00 0.000000000000000000e+00 1.600000000000000089e+00 -7.339999999999999520e-04 3.383000000000000156e-03 -9.999940000000000495e-01 -5.226129999999999942e-01 -8.525660000000000460e-01 -2.500000000000000052e-03 -8.525700000000000500e-01 5.226079999999999615e-01 2.393000000000000162e-03
4.000000000000000000e+00 1.500000000000000000e+01 4.000000000000000000e+00 0.000000000000000000e+00 1.600000000000000089e+00 1.710000000000000094e-04 -3.576000000000000185e-03 9.999940000000000495e-01 3.278750000000000275e-01 -9.447149999999999714e-01 -3.435000000000000119e-03 9.447210000000000329e-01 3.278739999999999988e-01 1.010999999999999963e-03
8.000000000000000000e+00 1.500000000000000000e+01 4.000000000000000000e+00 0.000000000000000000e+00 1.600000000000000089e+00 5.399999999999999798e-05 2.249999999999999938e-04 1.000000000000000000e+00 3.259989999999999832e-01 -9.453700000000000436e-01 1.959999999999999937e-04 9.453700000000000436e-01 3.259989999999999832e-01 -1.240000000000000054e-04
1.200000000000000000e+01 1.500000000000000000e+01 4.000000000000000000e+00 0.000000000000000000e+00 1.600000000000000089e+00 -2.605000000000000111e-03 -4.906999999999999904e-03 9.999850000000000128e-01 3.251609999999999778e-01 -9.456510000000000193e-01 -3.792999999999999931e-03 9.456550000000000233e-01 3.251459999999999906e-01 4.059000000000000108e-03
1.500000000000000000e+01 1.500000000000000000e+01 4.000000000000000000e+00 0.000000000000000000e+00 1.600000000000000089e+00 -2.807000000000000033e-03 -4.161999999999999901e-03 9.999869999999999592e-01 3.233340000000000103e-01 -9.462800000000000100e-01 -3.030999999999999840e-03 9.462810000000000388e-01 3.233210000000000250e-01 4.002000000000000349e-03
2.400000000000000000e+01 1.500000000000000000e+01 4.000000000000000000e+00 0.000000000000000000e+00 1.600000000000000089e+00 -5.450000000000000200e-04 -3.579000000000000150e-03 9.999930000000000208e-01 3.241260000000000252e-01 -9.460079999999999600e-01 -3.209000000000000047e-03 9.460140000000000216e-01 3.241220000000000212e-01 1.675000000000000057e-03
2.600000000000000000e+01 1.500000000000000000e+01 4.000000000000000000e+00 0.000000000000000000e+00 1.600000000000000089e+00 1.735999999999999913e-03 2.339999999999999958e-04 9.999980000000000535e-01 3.260109999999999952e-01 -9.453660000000000396e-01 -3.449999999999999833e-04 9.453639999999999821e-01 3.260109999999999952e-01 -1.717999999999999909e-03
2.000000000000000000e+00 1.010000000000000000e+02 7.000000000000000000e+00 0.000000000000000000e+00 1.600000000000000089e+00 -4.938999999999999814e-03 -9.516999999999999418e-03 9.999430000000000263e-01 8.885159999999999725e-01 4.587620000000000031e-01 8.755000000000000629e-03 -4.588189999999999769e-01 8.885079999999999645e-01 6.190000000000000190e-03
2.000000000000000000e+01 1.010000000000000000e+02 7.000000000000000000e+00 0.000000000000000000e+00 1.600000000000000089e+00 -3.926999999999999935e-03 -8.200000000000000095e-05 9.999919999999999920e-01 8.833229999999999693e-01 4.687520000000000020e-01 3.507999999999999834e-03 -4.687490000000000268e-01 8.833299999999999486e-01 -1.768000000000000040e-03
2.400000000000000000e+01 1.010000000000000000e+02 7.000000000000000000e+00 0.000000000000000000e+00 1.600000000000000089e+00 -4.472000000000000280e-03 -1.333999999999999943e-02 9.999010000000000398e-01 8.822489999999999499e-01 4.706730000000000080e-01 1.022499999999999971e-02 -4.707629999999999870e-01 8.822069999999999634e-01 9.664000000000000715e-03
5.000000000000000000e+00 2.500000000000000000e+01 8.000000000000000000e+00 0.000000000000000000e+00 1.600000000000000089e+00 1.480999999999999895e-03 -5.382999999999999764e-03 -9.999839999999999840e-01 4.453670000000000129e-01 8.953389999999999960e-01 -4.159999999999999636e-03 8.953470000000000040e-01 -4.453540000000000276e-01 3.723999999999999880e-03
1.100000000000000000e+01 2.500000000000000000e+01 8.000000000000000000e+00 0.000000000000000000e+00 1.600000000000000089e+00 1.227000000000000009e-03 3.583999999999999946e-03 -9.999930000000000208e-01 4.472650000000000237e-01 8.943940000000000223e-01 3.753999999999999958e-03 8.944010000000000016e-01 -4.472659999999999969e-01 -5.060000000000000478e-04
1.500000000000000000e+01 2.500000000000000000e+01 8.000000000000000000e+00 0.000000000000000000e+00 1.600000000000000089e+00 5.739999999999999660e-04 2.075000000000000022e-03 -9.999980000000000535e-01 4.480419999999999958e-01 8.940099999999999714e-01 2.112999999999999861e-03 8.940120000000000289e-01 -4.480419999999999958e-01 -4.159999999999999744e-04
2.300000000000000000e+01 2.500000000000000000e+01 8.000000000000000000e+00 0.000000000000000000e+00 1.600000000000000089e+00 1.630000000000000047e-04 -7.336999999999999772e-03 -9.999730000000000008e-01 4.483219999999999983e-01 8.938490000000000046e-01 -6.485000000000000313e-03 8.938719999999999999e-01 -4.483090000000000130e-01 3.435000000000000119e-03
4.000000000000000000e+00 2.400000000000000000e+01 9.000000000000000000e+00 0.000000000000000000e+00 1.600000000000000089e+00 1.758999999999999930e-03 -5.143000000000000002e-03 -9.999850000000000128e-01 4.477160000000000029e-01 8.941679999999999628e-01 -3.811999999999999850e-03 8.941740000000000244e-01 -4.477019999999999889e-01 3.874999999999999972e-03
8.000000000000000000e+00 2.400000000000000000e+01 9.000000000000000000e+00 0.000000000000000000e+00 1.600000000000000089e+00 7.940000000000000009e-04 -3.220999999999999905e-03 -9.999949999999999672e-01 4.478079999999999838e-01 8.941259999999999764e-01 -2.524000000000000202e-03 8.941289999999999516e-01 -4.478039999999999798e-01 2.151999999999999833e-03
1.400000000000000000e+01 2.400000000000000000e+01 9.000000000000000000e+00 0.000000000000000000e+00 1.600000000000000089e+00 6.849999999999999535e-04 6.923999999999999599e-03 -9.999759999999999760e-01 4.509159999999999835e-01 8.925429999999999753e-01 6.488999999999999976e-03 8.925659999999999705e-01 -4.509090000000000042e-01 -2.511000000000000211e-03
2.200000000000000000e+01 2.400000000000000000e+01 9.000000000000000000e+00 0.000000000000000000e+00 1.600000000000000089e+00 2.369999999999999874e-04 -8.089000000000000704e-03 -9.999670000000000503e-01 4.515190000000000037e-01 8.922330000000000538e-01 -7.110000000000000001e-03 8.922609999999999708e-01 -4.515029999999999877e-01 3.863999999999999813e-03
3.000000000000000000e+01 2.400000000000000000e+01 9.000000000000000000e+00 0.000000000000000000e+00 1.600000000000000089e+00 1.167999999999999984e-03 8.852000000000000493e-03 -9.999599999999999600e-01 4.503829999999999778e-01 8.927960000000000340e-01 8.429999999999999993e-03 8.928350000000000453e-01 -4.503739999999999966e-01 -2.944000000000000002e-03
2.700000000000000000e+01 1.020000000000000000e+02 9.000000000000000000e+00 0.000000000000000000e+00 1.600000000000000089e+00 7.339999999999999520e-04 -3.570000000000000040e-04 1.000000000000000000e+00 9.194620000000000015e-01 3.931780000000000275e-01 -5.349999999999999938e-04 -3.931780000000000275e-01 9.194620000000000015e-01 6.170000000000000354e-04
3.000000000000000000e+00 1.200000000000000000e+01 1.000000000000000000e+01 0.000000000000000000e+00 1.600000000000000089e+00 -1.283999999999999985e-03 -1.264900000000000052e-02 -9.999190000000000023e-01 -5.546419999999999684e-01 -8.320130000000000026e-01 1.123700000000000046e-02 -8.320880000000000498e-01 5.546119999999999939e-01 -5.947000000000000029e-03
1.400000000000000000e+01 1.200000000000000000e+01 1.000000000000000000e+01 0.000000000000000000e+00 1.600000000000000089e+00 1.500999999999999947e-03 1.982999999999999954e-03 -9.999970000000000248e-01 -5.535470000000000113e-01 -8.328140000000000542e-01 -2.481999999999999831e-03 -8.328160000000000007e-01 5.535489999999999577e-01 -1.520000000000000084e-04
1.900000000000000000e+01 1.200000000000000000e+01 1.000000000000000000e+01 0.000000000000000000e+00 1.600000000000000089e+00 -1.828999999999999897e-03 -8.918000000000000579e-03 -9.999590000000000423e-01 -5.519100000000000117e-01 -8.338609999999999634e-01 8.446000000000000382e-03 -8.339020000000000321e-01 5.519030000000000324e-01 -3.396999999999999846e-03
2.800000000000000000e+01 1.200000000000000000e+01 1.000000000000000000e+01 0.000000000000000000e+00 1.600000000000000089e+00 1.800000000000000046e-05 6.421999999999999757e-03 -9.999789999999999512e-01 -5.505560000000000453e-01 -8.347809999999999953e-01 -5.370999999999999906e-03 -8.347980000000000400e-01 5.505449999999999511e-01 3.520999999999999824e-03
1.900000000000000000e+01 3.100000000000000000e+01 1.200000000000000000e+01 0.000000000000000000e+00 1.600000000000000089e+00 5.330000000000000536e-04 2.180000000000000134e-04 1.000000000000000000e+00 3.625999999999999883e-03 9.999930000000000208e-01 -2.200000000000000078e-04 -9.999930000000000208e-01 3.625999999999999883e-03 5.320000000000000293e-04
1.100000000000000000e+01 3.200000000000000000e+01 1.400000000000000000e+01 0.000000000000000000e+00 1.600000000000000089e+00 2.833000000000000015e-03 -5.150000000000000498e-04 -9.999959999999999960e-01 9.648199999999999832e-02 9.953349999999999698e-01 -2.390000000000000089e-04 9.953309999999999658e-01 -9.648099999999999732e-02 2.870000000000000155e-03
1.700000000000000000e+01 3.200000000000000000e+01 1.400000000000000000e+01 0.000000000000000000e+00 1.600000000000000089e+00 2.311000000000000120e-03 6.499999999999999431e-05 -9.999970000000000248e-01 9.928499999999999825e-02 9.950590000000000268e-01 2.939999999999999905e-04 9.950560000000000516e-01 -9.928499999999999825e-02 2.292999999999999899e-03
6.000000000000000000e+00 1.160000000000000000e+02 1.600000000000000000e+01 0.000000000000000000e+00 1.600000000000000089e+00 3.519999999999999908e-04 2.552000000000000015e-03 9.999970000000000248e-01 6.718359999999999888e-01 7.406970000000000498e-01 -2.126999999999999984e-03 -7.407000000000000250e-01 6.718340000000000423e-01 -1.453999999999999997e-03
2.200000000000000000e+01 1.160000000000000000e+02 1.600000000000000000e+01 0.000000000000000000e+00 1.600000000000000089e+00 -7.860000000000000233e-04 -6.999999999999999895e-06 1.000000000000000000e+00 6.557640000000000136e-01 7.549660000000000259e-01 5.209999999999999788e-04 -7.549660000000000259e-01 6.557640000000000136e-01 -5.879999999999999810e-04
2.000000000000000000e+00 2.000000000000000000e+00 1.900000000000000000e+01 0.000000000000000000e+00 1.600000000000000089e+00 1.600999999999999993e-03 -1.606000000000000006e-03 -9.999970000000000248e-01 1.927520000000000067e-01 -9.812459999999999516e-01 1.884000000000000041e-03 -9.812459999999999516e-01 -1.927540000000000087e-01 -1.260999999999999968e-03
5.000000000000000000e+00 2.000000000000000000e+00 1.900000000000000000e+01 0.000000000000000000e+00 1.600000000000000089e+00 3.060000000000000111e-04 -3.387999999999999953e-03 -9.999940000000000495e-01 1.916180000000000105e-01 -9.814640000000000031e-01 3.383999999999999855e-03 -9.814690000000000358e-01 -1.916180000000000105e-01 3.490000000000000263e-04
9.000000000000000000e+00 2.000000000000000000e+00 1.900000000000000000e+01 0.000000000000000000e+00 1.600000000000000089e+00 6.520000000000000188e-04 -1.559999999999999972e-03 -9.999989999999999712e-01 1.887520000000000031e-01 -9.820229999999999793e-01 1.655000000000000004e-03 -9.820250000000000368e-01 -1.887530000000000041e-01 -3.460000000000000076e-04
1.300000000000000000e+01 2.000000000000000000e+00 1.900000000000000000e+01 0.000000000000000000e+00 1.600000000000000089e+00 -4.070000000000000267e-04 1.817999999999999955e-03 -9.999980000000000535e-01 1.887830000000000064e-01 -9.820170000000000288e-01 -1.861999999999999940e-03 -9.820189999999999753e-01 -1.887830000000000064e-01 5.700000000000000314e-05
2.100000000000000000e+01 2.000000000000000000e+00 1.900000000000000000e+01 0.000000000000000000e+00 1.600000000000000089e+00 -6.948000000000000183e-03 -1.425599999999999958e-02 -9.998740000000000405e-01 1.847880000000000078e-01 -9.826960000000000139e-01 1.272700000000000047e-02 -9.827540000000000164e-01 -1.846760000000000068e-01 9.461999999999999925e-03
5.000000000000000000e+00 4.000000000000000000e+00 2.000000000000000000e+01 0.000000000000000000e+00 1.600000000000000089e+00 -4.099999999999999912e-04 -2.967000000000000019e-03 -9.999959999999999960e-01 2.875409999999999910e-01 -9.577639999999999487e-01 2.723999999999999859e-03 -9.577679999999999527e-01 -2.875389999999999890e-01 1.245999999999999929e-03
1.800000000000000000e+01 4.000000000000000000e+00 2.000000000000000000e+01 0.000000000000000000e+00 1.600000000000000089e+00 -5.054999999999999598e-03 -4.521999999999999978e-03 -9.999770000000000048e-01 2.778379999999999739e-01 -9.606230000000000047e-01 2.939999999999999905e-03 -9.606149999999999967e-01 -2.778169999999999806e-01 6.112000000000000245e-03
5.000000000000000000e+00 1.300000000000000000e+01 2.000000000000000000e+01 0.000000000000000000e+00 1.600000000000000089e+00 -2.860000000000000129e-04 -5.060000000000000478e-04 1.000000000000000000e+00 2.569420000000000037e-01 9.664270000000000360e-01 5.619999999999999996e-04 -9.664270000000000360e-01 2.569420000000000037e-01 -1.459999999999999981e-04
1.000000000000000000e+01 1.300000000000000000e+01 2.000000000000000000e+01 0.000000000000000000e+00 1.600000000000000089e+00 6.650000000000000095e-04 -1.820000000000000057e-04 1.000000000000000000e+00 2.561660000000000048e-01 9.666329999999999645e-01 5.000000000000000409e-06 -9.666329999999999645e-01 2.561660000000000048e-01 6.890000000000000508e-04
1.300000000000000000e+01 1.300000000000000000e+01 2.000000000000000000e+01 0.000000000000000000e+00 1.600000000000000089e+00 6.099999999999999737e-04 -8.580000000000000387e-04 9.999989999999999712e-01 2.549779999999999824e-01 9.669470000000000010e-01 6.740000000000000114e-04 -9.669470000000000010e-01 2.549770000000000092e-01 8.090000000000000403e-04
1.700000000000000000e+01 1.300000000000000000e+01 2.000000000000000000e+01 0.000000000000000000e+00 1.600000000000000089e+00 -1.562000000000000020e-03 2.394999999999999993e-03 9.999959999999999960e-01 2.527190000000000270e-01 9.675380000000000091e-01 -1.922000000000000097e-03 -9.675390000000000379e-01 2.527150000000000230e-01 -2.115999999999999825e-03
2.500000000000000000e+01 1.300000000000000000e+01 2.000000000000000000e+01 0.000000000000000000e+00 1.600000000000000089e+00 -2.820000000000000024e-03 -7.488999999999999997e-03 9.999679999999999680e-01 2.550549999999999762e-01 9.668940000000000312e-01 7.960000000000000062e-03 -9.669229999999999769e-01 2.550689999999999902e-01 -8.159999999999999936e-04
2.000000000000000000e+00 3.000000000000000000e+00 2.500000000000000000e+01 0.000000000000000000e+00 1.600000000000000089e+00 1.546000000000000065e-03 -4.073000000000000231e-03 9.999909999999999632e-01 -7.846699999999999509e-02 -9.969090000000000451e-01 -3.938999999999999793e-03 9.969160000000000244e-01 -7.846000000000000196e-02 -1.861000000000000024e-03
5.000000000000000000e+00 3.000000000000000000e+00 2.500000000000000000e+01 0.000000000000000000e+00 1.600000000000000089e+00 1.142999999999999919e-03 -8.599999999999999789e-04 9.999989999999999712e-01 -8.016500000000000015e-02 -9.967810000000000281e-01 -7.649999999999999465e-04 9.967810000000000281e-01 -8.016399999999999915e-02 -1.208000000000000089e-03
1.300000000000000000e+01 3.000000000000000000e+00 2.500000000000000000e+01 0.000000000000000000e+00 1.600000000000000089e+00 5.569999999999999864e-04 -5.810000000000000277e-04 1.000000000000000000e+00 -7.522299999999999820e-02 -9.971670000000000256e-01 -5.379999999999999583e-04 9.971670000000000256e-01 -7.522299999999999820e-02 -5.990000000000000316e-04
1.900000000000000000e+01 3.000000000000000000e+00 2.500000000000000000e+01 0.000000000000000000e+00 1.600000000000000089e+00 -2.435000000000000098e-03 -9.726999999999999535e-03 9.999500000000000055e-01 -7.056300000000000072e-02 -9.974579999999999558e-01 -9.874000000000000832e-03 9.975039999999999463e-01 -7.058300000000000685e-02 1.742000000000000059e-03
2.900000000000000000e+01 3.000000000000000000e+00 2.500000000000000000e+01 0.000000000000000000e+00 1.600000000000000089e+00 -1.669999999999999935e-04 -8.578999999999999820e-03 9.999630000000000463e-01 -6.414899999999999769e-02 -9.979029999999999845e-01 -8.571999999999999759e-03 9.979400000000000492e-01 -6.414799999999999669e-02 -3.840000000000000097e-04
1.200000000000000000e+01 4.600000000000000000e+01 2.700000000000000000e+01 0.000000000000000000e+00 1.600000000000000089e+00 -2.199999999999999943e-05 4.960000000000000216e-04 -1.000000000000000000e+00 6.717290000000000205e-01 7.407970000000000388e-01 3.530000000000000152e-04 7.407970000000000388e-01 -6.717290000000000205e-01 -3.490000000000000263e-04
1.900000000000000000e+01 4.600000000000000000e+01 2.700000000000000000e+01 0.000000000000000000e+00 1.600000000000000089e+00 -1.330999999999999935e-03 3.209999999999999963e-04 -9.999989999999999712e-01 6.719760000000000177e-01 7.405730000000000368e-01 -6.570000000000000319e-04 7.405720000000000081e-01 -6.719760000000000177e-01 -1.201999999999999943e-03
2.500000000000000000e+01 4.600000000000000000e+01 2.700000000000000000e+01 0.000000000000000000e+00 1.600000000000000089e+00 -2.079999999999999872e-04 -1.139999999999999954e-03 -9.999989999999999712e-01 6.713780000000000303e-01 7.411140000000000505e-01 -9.840000000000000656e-04 7.411149999999999682e-01 -6.713780000000000303e-01 6.109999999999999980e-04
1.500000000000000000e+01 4.600000000000000000e+01 3.000000000000000000e+01 0.000000000000000000e+00 1.600000000000000089e+00 1.057999999999999913e-03 -3.589999999999999984e-04 -9.999989999999999712e-01 3.300919999999999965e-01 9.439490000000000380e-01 1.099999999999999971e-05 9.439480000000000093e-01 -3.300910000000000233e-01 1.116999999999999937e-03
1.000000000000000000e+00 5.800000000000000000e+01 3.100000000000000000e+01 0.000000000000000000e+00 1.600000000000000089e+00 -1.392000000000000008e-03 -1.797999999999999902e-03 9.999970000000000248e-01 -8.036459999999999715e-01 -5.951030000000000486e-01 -2.188999999999999974e-03 5.951060000000000239e-01 -8.036470000000000002e-01 -6.170000000000000354e-04
6.000000000000000000e+00 5.800000000000000000e+01 3.100000000000000000e+01 0.000000000000000000e+00 1.600000000000000089e+00 4.679999999999999915e-04 -6.689999999999999983e-04 1.000000000000000000e+00 -8.049180000000000224e-01 -5.933859999999999690e-01 -2.099999999999999884e-05 5.933859999999999690e-01 -8.049180000000000224e-01 -8.159999999999999936e-04
1.100000000000000000e+01 5.800000000000000000e+01 3.100000000000000000e+01 0.000000000000000000e+00 1.600000000000000089e+00 4.141999999999999849e-03 2.749999999999999840e-03 9.999879999999999880e-01 -8.001310000000000366e-01 -5.998050000000000326e-01 4.963000000000000397e-03 5.998109999999999831e-01 -8.001420000000000199e-01 -2.829999999999999942e-04
1.500000000000000000e+01 5.800000000000000000e+01 3.100000000000000000e+01 0.000000000000000000e+00 1.600000000000000089e+00 4.600000000000000004e-05 2.390000000000000089e-04 1.000000000000000000e+00 -7.965069999999999650e-01 -6.046289999999999720e-01 1.810000000000000085e-04 6.046289999999999720e-01 -7.965069999999999650e-01 1.630000000000000047e-04
1.900000000000000000e+01 5.800000000000000000e+01 3.100000000000000000e+01 0.000000000000000000e+00 1.600000000000000089e+00 -2.132999999999999913e-03 -4.847999999999999879e-03 9.999860000000000415e-01 -7.960970000000000546e-01 -6.051509999999999945e-01 -4.631999999999999833e-03 6.051649999999999530e-01 -7.960960000000000258e-01 -2.569000000000000103e-03
2.200000000000000000e+01 5.800000000000000000e+01 3.100000000000000000e+01 0.000000000000000000e+00 1.600000000000000089e+00 -3.791999999999999798e-03 -4.527999999999999907e-03 9.999820000000000375e-01 -7.968330000000000135e-01 -6.041720000000000423e-01 -5.758000000000000097e-03 6.041879999999999473e-01 -7.968410000000000215e-01 -1.317000000000000028e-03
2.700000000000000000e+01 5.800000000000000000e+01 3.100000000000000000e+01 0.000000000000000000e+00 1.600000000000000089e+00 -4.420999999999999583e-03 -1.611000000000000019e-03 9.999890000000000168e-01 -7.995879999999999654e-01 -6.005319999999999547e-01 -4.501999999999999925e-03 6.005329999999999835e-01 -7.995989999999999487e-01 1.366000000000000027e-03
3.000000000000000000e+00 2.200000000000000000e+01 3.400000000000000000e+01 0.000000000000000000e+00 1.600000000000000089e+00 -1.023999999999999954e-03 7.764000000000000068e-03 9.999689999999999968e-01 3.784790000000000099e-01 -9.255790000000000406e-01 7.574000000000000003e-03 9.256100000000000438e-01 3.784750000000000059e-01 -1.990000000000000015e-03
8.000000000000000000e+00 2.300000000000000000e+01 3.400000000000000000e+01 0.000000000000000000e+00 1.600000000000000089e+00 -1.433999999999999945e-03 -1.234000000000000071e-03 9.999980000000000535e-01 3.998680000000000012e-01 -9.165720000000000534e-01 -5.580000000000000107e-04 9.165710000000000246e-01 3.998669999999999725e-01 1.807999999999999928e-03
1.000000000000000000e+01 2.300000000000000000e+01 3.400000000000000000e+01 0.000000000000000000e+00 1.600000000000000089e+00 -3.739999999999999835e-04 -5.287000000000000033e-03 9.999860000000000415e-01 3.996600000000000152e-01 -9.166509999999999936e-01 -4.696999999999999786e-03 9.166630000000000056e-01 3.996529999999999805e-01 2.455999999999999850e-03
1.700000000000000000e+01 2.300000000000000000e+01 3.400000000000000000e+01 0.000000000000000000e+00 1.600000000000000089e+00 1.502999999999999996e-03 2.874999999999999951e-03 9.999949999999999672e-01 4.081299999999999928e-01 -9.129209999999999825e-01 2.011000000000000201e-03 9.129230000000000400e-01 4.081250000000000155e-01 -2.546000000000000086e-03
8.000000000000000000e+00 4.600000000000000000e+01 3.500000000000000000e+01 0.000000000000000000e+00 1.600000000000000089e+00 1.649999999999999991e-04 6.000000000000000152e-05 -1.000000000000000000e+00 3.923760000000000026e-01 -9.198049999999999837e-01 1.000000000000000082e-05 -9.198049999999999837e-01 -3.923760000000000026e-01 -1.759999999999999954e-04
1.200000000000000000e+01 4.600000000000000000e+01 3.500000000000000000e+01 0.000000000000000000e+00 1.600000000000000089e+00 -7.569999999999999689e-04 -8.620000000000000275e-04 -9.999989999999999712e-01 3.917129999999999779e-01 -9.200869999999999882e-01 4.970000000000000459e-04 -9.200869999999999882e-01 -3.917120000000000046e-01 1.033999999999999980e-03
1.900000000000000000e+01 4.600000000000000000e+01 3.500000000000000000e+01 0.000000000000000000e+00 1.600000000000000089e+00 -3.710000000000000190e-04 3.569000000000000124e-03 -9.999940000000000495e-01 3.942689999999999806e-01 -9.189889999999999448e-01 -3.425999999999999792e-03 -9.189950000000000063e-01 -3.942680000000000073e-01 -1.066000000000000107e-03
2.400000000000000000e+01 4.600000000000000000e+01 3.500000000000000000e+01 0.000000000000000000e+00 1.600000000000000089e+00 1.613000000000000067e-03 4.928000000000000089e-03 -9.999869999999999592e-01 3.957450000000000134e-01 -9.183519999999999461e-01 -3.886999999999999830e-03 -9.183590000000000364e-01 -3.957330000000000014e-01 -3.432000000000000155e-03
3.000000000000000000e+00 9.500000000000000000e+01 3.600000000000000000e+01 0.000000000000000000e+00 1.600000000000000089e+00 -3.066000000000000149e-03 1.948799999999999838e-02 9.998050000000000548e-01 9.969630000000000436e-01 7.786400000000000265e-02 1.539999999999999919e-03 -7.781899999999999928e-02 9.967730000000000201e-01 -1.966700000000000045e-02
6.000000000000000000e+00 9.500000000000000000e+01 3.600000000000000000e+01 0.000000000000000000e+00 1.600000000000000089e+00 -6.026000000000000106e-03 1.403000000000000080e-02 9.998829999999999663e-01 9.973969999999999780e-01 7.193399999999999794e-02 5.002000000000000370e-03 -7.185600000000000320e-02 9.973109999999999475e-01 -1.442700000000000059e-02
1.100000000000000000e+01 9.500000000000000000e+01 3.600000000000000000e+01 0.000000000000000000e+00 1.600000000000000089e+00 -7.281000000000000145e-03 -9.034999999999999629e-03 9.999329999999999607e-01 9.975629999999999775e-01 6.932399999999999674e-02 7.889999999999999444e-03 -6.939099999999999435e-02 9.975530000000000230e-01 8.507999999999999938e-03
1.700000000000000000e+01 9.500000000000000000e+01 3.600000000000000000e+01 0.000000000000000000e+00 1.600000000000000089e+00 -1.350799999999999917e-02 -6.596000000000000300e-03 9.998869999999999703e-01 9.980970000000000120e-01 6.007900000000000046e-02 1.387999999999999998e-02 -6.016400000000000220e-02 9.981719999999999482e-01 5.772000000000000221e-03
2.300000000000000000e+01 9.500000000000000000e+01 3.600000000000000000e+01 0.000000000000000000e+00 1.600000000000000089e+00 8.271000000000000574e-03 2.033300000000000038e-02 9.997589999999999533e-01 9.983699999999999797e-01 5.629599999999999882e-02 -9.403999999999999165e-03 -5.647300000000000236e-02 9.982069999999999554e-01 -1.983400000000000094e-02
2.900000000000000000e+01 9.500000000000000000e+01 3.600000000000000000e+01 0.000000000000000000e+00 1.600000000000000089e+00 7.414999999999999716e-03 1.298099999999999948e-02 9.998879999999999990e-01 9.983440000000000092e-01 5.694400000000000156e-02 -8.142999999999999197e-03 -5.704300000000000342e-02 9.982929999999999859e-01 -1.253699999999999953e-02
5.000000000000000000e+00 2.900000000000000000e+01 4.400000000000000000e+01 0.000000000000000000e+00 1.600000000000000089e+00 -1.669999999999999935e-04 -1.041999999999999958e-03 -1.000000000000000000e+00 6.701930000000000387e-01 7.421860000000000124e-01 -8.850000000000000444e-04 7.421870000000000411e-01 -6.701930000000000387e-01 5.739999999999999660e-04
9.000000000000000000e+00 2.900000000000000000e+01 4.400000000000000000e+01 0.000000000000000000e+00 1.600000000000000089e+00 2.671000000000000197e-03 3.181999999999999933e-03 -9.999909999999999632e-01 6.696389999999999842e-01 7.426749999999999741e-01 4.152000000000000308e-03 7.426819999999999533e-01 -6.696440000000000170e-01 -1.469999999999999953e-04
1.900000000000000000e+01 2.900000000000000000e+01 4.400000000000000000e+01 0.000000000000000000e+00 1.600000000000000089e+00 -9.009999999999999997e-04 -5.360000000000000181e-04 -9.999989999999999712e-01 6.576570000000000471e-01 7.533170000000000144e-01 -9.959999999999999236e-04 7.533170000000000144e-01 -6.576579999999999648e-01 -3.260000000000000094e-04
2.300000000000000000e+01 2.900000000000000000e+01 4.400000000000000000e+01 0.000000000000000000e+00 1.600000000000000089e+00 -1.630000000000000047e-04 3.010999999999999788e-03 -9.999959999999999960e-01 6.530500000000000194e-01 7.573109999999999564e-01 2.174000000000000151e-03 7.573149999999999604e-01 -6.530470000000000441e-01 -2.089999999999999844e-03
2.600000000000000000e+01 2.900000000000000000e+01 4.400000000000000000e+01 0.000000000000000000e+00 1.600000000000000089e+00 -1.451000000000000033e-03 7.389999999999999651e-04 -9.999989999999999712e-01 6.541799999999999837e-01 7.563389999999999835e-01 -3.899999999999999929e-04 7.563379999999999548e-01 -6.541789999999999550e-01 -1.580999999999999940e-03
3.000000000000000000e+01 2.900000000000000000e+01 4.400000000000000000e+01 0.000000000000000000e+00 1.600000000000000089e+00 -2.821000000000000157e-03 -7.609999999999999577e-04 -9.999959999999999960e-01 6.575130000000000141e-01 7.534389999999999699e-01 -2.428000000000000037e-03 7.534380000000000521e-01 -6.575170000000000181e-01 -1.624999999999999925e-03
2.900000000000000000e+01 7.000000000000000000e+01 4.700000000000000000e+01 0.000000000000000000e+00 1.600000000000000089e+00 2.670000000000000064e-03 5.344999999999999925e-03 -9.999820000000000375e-01 -8.454059999999999908e-01 -5.341000000000000192e-01 -5.112000000000000224e-03 -5.341179999999999817e-01 8.454040000000000443e-01 3.092999999999999829e-03
7.000000000000000000e+00 5.000000000000000000e+00 5.100000000000000000e+01 0.000000000000000000e+00 1.600000000000000089e+00 3.236000000000000161e-03 1.448999999999999984e-03 -9.999940000000000495e-01 4.891220000000000012e-01 -8.722149999999999626e-01 3.190000000000000019e-04 -8.722090000000000121e-01 -4.891199999999999992e-01 -3.530999999999999851e-03
1.100000000000000000e+01 5.000000000000000000e+00 5.100000000000000000e+01 0.000000000000000000e+00 1.600000000000000089e+00 9.539999999999999869e-04 -8.642000000000000376e-03 -9.999620000000000175e-01 4.884560000000000013e-01 -8.725519999999999943e-01 8.007000000000000228e-03 -8.725880000000000303e-01 -4.884450000000000180e-01 3.389000000000000085e-03
1.400000000000000000e+01 5.000000000000000000e+00 5.100000000000000000e+01 0.000000000000000000e+00 1.600000000000000089e+00 1.570999999999999914e-03 -5.510000000000000141e-03 -9.999839999999999840e-01 4.873319999999999874e-01 -8.731989999999999474e-01 5.577000000000000360e-03 -8.732159999999999922e-01 -4.873319999999999874e-01 1.314000000000000064e-03
1.800000000000000000e+01 5.000000000000000000e+00 5.100000000000000000e+01 0.000000000000000000e+00 1.600000000000000089e+00 8.239999999999999712e-04 -3.867000000000000211e-03 -9.999919999999999920e-01 4.820949999999999958e-01 -8.761109999999999731e-01 3.785999999999999869e-03 -8.761189999999999811e-01 -4.820940000000000225e-01 1.142000000000000003e-03
2.400000000000000000e+01 5.000000000000000000e+00 5.100000000000000000e+01 0.000000000000000000e+00 1.600000000000000089e+00 -4.663999999999999743e-03 -1.484000000000000076e-02 -9.998789999999999623e-01 4.848109999999999919e-01 -8.745530000000000248e-01 1.071899999999999936e-02 -8.746070000000000233e-01 -4.847020000000000217e-01 1.127300000000000003e-02
2.700000000000000000e+01 6.000000000000000000e+00 5.100000000000000000e+01 0.000000000000000000e+00 1.600000000000000089e+00 -3.720000000000000216e-03 -1.591800000000000159e-02 -9.998660000000000325e-01 3.162829999999999808e-01 -9.485630000000000450e-01 1.392400000000000061e-02 -9.486580000000000013e-01 -3.161880000000000246e-01 8.564000000000000432e-03
5.000000000000000000e+00 6.300000000000000000e+01 5.400000000000000000e+01 0.000000000000000000e+00 1.600000000000000089e+00 -4.550000000000000008e-04 -9.340000000000000429e-04 9.999989999999999712e-01 -3.534829999999999917e-01 9.354409999999999670e-01 7.129999999999999836e-04 -9.354409999999999670e-01 -3.534820000000000184e-01 -7.560000000000000530e-04
9.000000000000000000e+00 6.300000000000000000e+01 5.400000000000000000e+01 0.000000000000000000e+00 1.600000000000000089e+00 1.291999999999999963e-03 3.635999999999999909e-03 9.999930000000000208e-01 -3.490119999999999889e-01 9.371140000000000025e-01 -2.955999999999999860e-03 -9.371169999999999778e-01 -3.490059999999999829e-01 2.478999999999999867e-03
1.300000000000000000e+01 6.300000000000000000e+01 5.400000000000000000e+01 0.000000000000000000e+00 1.600000000000000089e+00 2.030000000000000012e-04 1.226000000000000093e-03 9.999989999999999712e-01 -3.530249999999999777e-01 9.356130000000000280e-01 -1.075000000000000001e-03 -9.356139999999999457e-01 -3.530240000000000045e-01 6.229999999999999644e-04
1.600000000000000000e+01 6.300000000000000000e+01 5.400000000000000000e+01 0.000000000000000000e+00 1.600000000000000089e+00 -4.389999999999999914e-04 -2.129999999999999949e-03 9.999980000000000535e-01 -3.536380000000000079e-01 9.353799999999999892e-01 1.837000000000000091e-03 -9.353820000000000467e-01 -3.536369999999999791e-01 -1.164000000000000104e-03
2.100000000000000000e+01 6.300000000000000000e+01 5.400000000000000000e+01 0.000000000000000000e+00 1.600000000000000089e+00 -1.075000000000000001e-03 2.109000000000000197e-03 9.999970000000000248e-01 -3.515789999999999749e-01 9.361549999999999594e-01 -2.351999999999999924e-03 -9.361580000000000457e-01 -3.515809999999999769e-01 -2.649999999999999903e-04
2.900000000000000000e+01 6.300000000000000000e+01 5.400000000000000000e+01 0.000000000000000000e+00 1.600000000000000089e+00 -1.533999999999999990e-03 -3.419000000000000164e-03 9.999930000000000208e-01 -3.452529999999999766e-01 9.385059999999999514e-01 2.678999999999999958e-03 -9.385080000000000089e-01 -3.452470000000000261e-01 -2.619999999999999933e-03
4.000000000000000000e+00 2.500000000000000000e+01 5.500000000000000000e+01 0.000000000000000000e+00 1.600000000000000089e+00 1.440000000000000091e-03 1.822000000000000052e-03 -9.999970000000000248e-01 -1.059599999999999952e-02 -9.999419999999999975e-01 -1.837000000000000091e-03 -9.999430000000000263e-01 1.059900000000000078e-02 -1.420999999999999954e-03
1.100000000000000000e+01 2.500000000000000000e+01 5.500000000000000000e+01 0.000000000000000000e+00 1.600000000000000089e+00 -6.049999999999999606e-04 1.890000000000000133e-04 -1.000000000000000000e+00 -1.219600000000000024e-02 -9.999259999999999815e-01 -1.810000000000000085e-04 -9.999249999999999527e-01 1.219600000000000024e-02 6.070000000000000092e-04
2.100000000000000000e+01 2.100000000000000000e+01 6.000000000000000000e+01 0.000000000000000000e+00 1.600000000000000089e+00 -5.800000000000000034e-04 -4.507999999999999854e-03 9.999900000000000455e-01 -9.913199999999999790e-02 9.950639999999999485e-01 4.427999999999999645e-03 -9.950740000000000141e-01 -9.912899999999999490e-02 -1.023999999999999954e-03
2.700000000000000000e+01 2.100000000000000000e+01 6.000000000000000000e+01 0.000000000000000000e+00 1.600000000000000089e+00 -1.075999999999999917e-03 -7.835999999999999216e-03 9.999689999999999968e-01 -9.738600000000000034e-02 9.952170000000000183e-01 7.694000000000000318e-03 -9.952459999999999640e-01 -9.737400000000000222e-02 -1.833999999999999910e-03
6.000000000000000000e+00 2.700000000000000000e+01 6.300000000000000000e+01 0.000000000000000000e+00 1.600000000000000089e+00 1.990000000000000015e-03 -5.019999999999999506e-04 9.999980000000000535e-01 -2.676990000000000203e-01 9.635019999999999696e-01 1.015999999999999976e-03 -9.635000000000000231e-01 -2.677010000000000223e-01 1.783000000000000080e-03
1.000000000000000000e+01 2.700000000000000000e+01 6.300000000000000000e+01 0.000000000000000000e+00 1.600000000000000089e+00 2.521999999999999936e-03 4.690000000000000158e-04 9.999970000000000248e-01 -2.683459999999999734e-01 9.633230000000000404e-01 2.249999999999999938e-04 -9.633190000000000364e-01 -2.683450000000000002e-01 2.556000000000000112e-03
1.500000000000000000e+01 2.700000000000000000e+01 6.300000000000000000e+01 0.000000000000000000e+00 1.600000000000000089e+00 -1.994000000000000113e-03 7.807999999999999836e-03 9.999679999999999680e-01 -2.701609999999999845e-01 9.627809999999999979e-01 -8.056999999999999926e-03 -9.628130000000000299e-01 -2.701689999999999925e-01 1.900000000000000105e-04
2.000000000000000000e+01 2.700000000000000000e+01 6.300000000000000000e+01 0.000000000000000000e+00 1.600000000000000089e+00 5.209999999999999788e-04 -9.820000000000000170e-04 9.999989999999999712e-01 -2.741709999999999980e-01 9.616799999999999793e-01 1.087000000000000076e-03 -9.616810000000000080e-01 -2.741709999999999980e-01 2.320000000000000014e-04
2.500000000000000000e+01 2.700000000000000000e+01 6.300000000000000000e+01 0.000000000000000000e+00 1.600000000000000089e+00 -3.395000000000000014e-03 -4.259999999999999898e-03 9.999850000000000128e-01 -2.738539999999999863e-01 9.617660000000000098e-01 3.167000000000000110e-03 -9.617649999999999810e-01 -2.738389999999999991e-01 -4.432000000000000176e-03
6.000000000000000000e+00 2.600000000000000000e+01 6.400000000000000000e+01 0.000000000000000000e+00 1.600000000000000089e+00 1.797999999999999902e-03 3.099999999999999999e-04 9.999980000000000535e-01 -3.495519999999999738e-01 9.369169999999999998e-01 3.379999999999999758e-04 -9.369150000000000533e-01 -3.495519999999999738e-01 1.793000000000000106e-03
1.100000000000000000e+01 2.600000000000000000e+01 6.400000000000000000e+01 0.000000000000000000e+00 1.600000000000000089e+00 1.582000000000000073e-03 1.348000000000000023e-03 9.999980000000000535e-01 -3.493479999999999919e-01 9.369929999999999648e-01 -7.100000000000000191e-04 -9.369920000000000471e-01 -3.493459999999999899e-01 1.953000000000000092e-03
1.400000000000000000e+01 2.600000000000000000e+01 6.400000000000000000e+01 0.000000000000000000e+00 1.600000000000000089e+00 -1.562999999999999936e-03 5.915000000000000119e-03 9.999810000000000088e-01 -3.520820000000000061e-01 9.359490000000000309e-01 -6.087000000000000396e-03 -9.359680000000000222e-01 -3.520849999999999813e-01 6.199999999999999999e-04
1.900000000000000000e+01 2.600000000000000000e+01 6.400000000000000000e+01 0.000000000000000000e+00 1.600000000000000089e+00 5.039999999999999992e-04 2.624000000000000030e-03 9.999959999999999960e-01 -3.573979999999999935e-01 9.339490000000000292e-01 -2.271000000000000015e-03 -9.339520000000000044e-01 -3.573959999999999915e-01 1.407999999999999963e-03
2.400000000000000000e+01 2.600000000000000000e+01 6.400000000000000000e+01 0.000000000000000000e+00 1.600000000000000089e+00 -2.108000000000000065e-03 -2.944000000000000002e-03 9.999940000000000495e-01 -3.554030000000000244e-01 9.347109999999999586e-01 2.001999999999999873e-03 -9.347109999999999586e-01 -3.553959999999999897e-01 -3.017000000000000150e-03
3.000000000000000000e+00 2.500000000000000000e+01 7.300000000000000000e+01 0.000000000000000000e+00 1.600000000000000089e+00 -2.154000000000000099e-03 -3.499999999999999693e-05 9.999980000000000535e-01 7.499320000000000430e-01 -6.615130000000000177e-01 1.592000000000000099e-03 6.615119999999999889e-01 7.499339999999999895e-01 1.451000000000000033e-03
8.000000000000000000e+00 2.500000000000000000e+01 7.300000000000000000e+01 0.000000000000000000e+00 1.600000000000000089e+00 1.010999999999999963e-03 3.530000000000000152e-04 9.999989999999999712e-01 7.422130000000000116e-01 -6.701639999999999819e-01 -5.140000000000000254e-04 6.701629999999999532e-01 7.422130000000000116e-01 -9.399999999999999719e-04
1.500000000000000000e+01 2.500000000000000000e+01 7.300000000000000000e+01 0.000000000000000000e+00 1.600000000000000089e+00 -1.294000000000000011e-03 5.339999999999999695e-04 9.999989999999999712e-01 7.438730000000000064e-01 -6.683200000000000252e-01 1.319999999999999993e-03 6.683200000000000252e-01 7.438740000000000352e-01 4.679999999999999915e-04
2.100000000000000000e+01 2.500000000000000000e+01 7.300000000000000000e+01 0.000000000000000000e+00 1.600000000000000089e+00 9.009999999999999997e-04 1.703000000000000087e-03 9.999980000000000535e-01 7.456850000000000422e-01 -6.662989999999999746e-01 4.629999999999999784e-04 6.662979999999999459e-01 7.456829999999999847e-01 -1.869999999999999917e-03
2.600000000000000000e+01 2.500000000000000000e+01 7.300000000000000000e+01 0.000000000000000000e+00 1.600000000000000089e+00 -4.049999999999999781e-04 -1.208000000000000089e-03 9.999989999999999712e-01 7.505180000000000184e-01 -6.608490000000000197e-01 -4.939999999999999730e-04 6.608500000000000485e-01 7.505180000000000184e-01 1.173999999999999913e-03
4.000000000000000000e+00 4.400000000000000000e+01 7.300000000000000000e+01 0.000000000000000000e+00 1.600000000000000089e+00 3.989999999999999949e-04 -9.489999999999999738e-04 9.999989999999999712e-01 4.432799999999999935e-02 -9.990170000000000439e-01 -9.650000000000000374e-04 9.990170000000000439e-01 4.432799999999999935e-02 -3.570000000000000040e-04
9.000000000000000000e+00 4.400000000000000000e+01 7.300000000000000000e+01 0.000000000000000000e+00 1.600000000000000089e+00 -1.379999999999999933e-04 -1.307000000000000002e-03 9.999989999999999712e-01 4.309500000000000136e-02 -9.990700000000000136e-01 -1.299999999999999940e-03 9.990710000000000424e-01 4.309400000000000036e-02 1.939999999999999993e-04
