1.100000000000000000e+01 2.500000000000000000e+01 1.000000000000000000e+00 0.000000000000000000e+00 1.600000000000000089e+00 -5.438500000000000278e-02 -1.110599999999999955e-02 -9.984579999999999567e-01 -5.388870000000000049e-01 -8.414880000000000138e-01 3.871299999999999741e-02 -8.406200000000000339e-01 5.401620000000000310e-01 3.977900000000000186e-02
2.300000000000000000e+01 2.500000000000000000e+01 1.000000000000000000e+00 0.000000000000000000e+00 1.600000000000000089e+00 2.322999999999999978e-03 8.000000000000000383e-04 -9.999970000000000248e-01 -5.367520000000000069e-01 -8.437379999999999880e-01 -1.922000000000000097e-03 -8.437369999999999592e-01 5.367549999999999821e-01 -1.529999999999999893e-03
3.000000000000000000e+01 2.500000000000000000e+01 1.000000000000000000e+00 0.000000000000000000e+00 1.600000000000000089e+00 -1.031999999999999931e-03 -3.279999999999999930e-03 -9.999940000000000495e-01 -5.357290000000000108e-01 -8.443829999999999947e-01 3.322999999999999999e-03 -8.443889999999999452e-01 5.357300000000000395e-01 -8.859999999999999603e-04
1.700000000000000000e+01 1.500000000000000000e+01 4.000000000000000000e+00 0.000000000000000000e+00 1.600000000000000089e+00 2.460000000000000164e-04 6.929000000000000263e-03 9.999759999999999760e-01 3.243969999999999909e-01 -9.458990000000000453e-01 6.473999999999999720e-03 9.459210000000000118e-01 3.243880000000000097e-01 -2.481000000000000132e-03
2.200000000000000000e+01 1.500000000000000000e+01 4.000000000000000000e+00 0.000000000000000000e+00 1.600000000000000089e+00 -2.614000000000000004e-03 -2.592000000000000120e-03 9.999930000000000208e-01 3.226879999999999749e-01 -9.465040000000000120e-01 -1.610000000000000103e-03 9.465019999999999545e-01 3.226809999999999956e-01 3.310000000000000008e-03
2.800000000000000000e+01 1.500000000000000000e+01 4.000000000000000000e+00 0.000000000000000000e+00 1.600000000000000089e+00 5.982999999999999603e-03 1.848500000000000143e-02 9.998110000000000053e-01 3.227160000000000029e-01 -9.463679999999999870e-01 1.556500000000000071e-02 9.464770000000000127e-01 3.225620000000000154e-01 -1.162700000000000018e-02
3.000000000000000000e+00 1.600000000000000000e+01 4.000000000000000000e+00 0.000000000000000000e+00 1.600000000000000089e+00 2.825999999999999953e-03 4.010999999999999809e-03 9.999879999999999880e-01 3.269489999999999896e-01 -9.450380000000000447e-01 2.866000000000000058e-03 9.450380000000000447e-01 3.269369999999999776e-01 -3.982000000000000296e-03
8.000000000000000000e+00 1.600000000000000000e+01 4.000000000000000000e+00 0.000000000000000000e+00 1.600000000000000089e+00 3.370100000000000179e-02 -1.019560000000000050e-01 9.942180000000000462e-01 3.396319999999999895e-01 -9.344139999999999668e-01 -1.073349999999999999e-01 9.399549999999999850e-01 3.412850000000000050e-01 3.135999999999999899e-03
2.100000000000000000e+01 1.600000000000000000e+01 4.000000000000000000e+00 0.000000000000000000e+00 1.600000000000000089e+00 -2.596999999999999916e-03 -2.965999999999999887e-03 9.999919999999999920e-01 3.960679999999999756e-01 -9.182200000000000362e-01 -1.694999999999999892e-03 9.182179999999999787e-01 3.960600000000000231e-01 3.559000000000000098e-03
2.700000000000000000e+01 1.600000000000000000e+01 4.000000000000000000e+00 0.000000000000000000e+00 1.600000000000000089e+00 2.615000000000000137e-03 1.140200000000000068e-02 9.999320000000000430e-01 3.950159999999999783e-01 -9.186260000000000536e-01 9.442000000000000740e-03 9.186699999999999866e-01 3.949639999999999818e-01 -6.905999999999999812e-03
5.000000000000000000e+00 1.010000000000000000e+02 7.000000000000000000e+00 0.000000000000000000e+00 1.600000000000000089e+00 2.772999999999999857e-03 1.386100000000000006e-02 9.999000000000000110e-01 8.900580000000000158e-01 4.557620000000000005e-01 -8.786000000000000407e-03 -4.558389999999999942e-01 8.899930000000000341e-01 -1.107400000000000051e-02
1.000000000000000000e+01 1.010000000000000000e+02 7.000000000000000000e+00 0.000000000000000000e+00 1.600000000000000089e+00 -9.699999999999999963e-05 4.066399999999999876e-02 9.991729999999999778e-01 8.876760000000000206e-01 4.600910000000000277e-01 -1.863899999999999932e-02 -4.604679999999999884e-01 8.869399999999999507e-01 -3.614099999999999951e-02
1.500000000000000000e+01 1.010000000000000000e+02 7.000000000000000000e+00 0.000000000000000000e+00 1.600000000000000089e+00 3.645999999999999935e-03 6.196000000000000119e-03 9.999740000000000295e-01 8.852539999999999853e-01 4.650679999999999814e-01 -6.109999999999999980e-03 -4.650940000000000074e-01 8.852529999999999566e-01 -3.788999999999999833e-03
2.100000000000000000e+01 1.010000000000000000e+02 7.000000000000000000e+00 0.000000000000000000e+00 1.600000000000000089e+00 2.138999999999999842e-03 8.890000000000000333e-04 9.999970000000000248e-01 8.861860000000000293e-01 4.633240000000000136e-01 -2.307000000000000023e-03 -4.633240000000000136e-01 8.861890000000000045e-01 2.030000000000000012e-04
2.600000000000000000e+01 1.010000000000000000e+02 7.000000000000000000e+00 0.000000000000000000e+00 1.600000000000000089e+00 2.866000000000000058e-03 -1.562799999999999953e-02 9.998740000000000405e-01 8.862360000000000237e-01 4.632109999999999839e-01 4.700000000000000185e-03 -4.632260000000000266e-01 8.861099999999999532e-01 1.517800000000000052e-02
1.100000000000000000e+01 2.500000000000000000e+01 8.000000000000000000e+00 0.000000000000000000e+00 1.600000000000000089e+00 5.369399999999999867e-02 1.744860000000000022e-01 -9.831940000000000124e-01 4.555170000000000052e-01 8.719189999999999996e-01 1.796149999999999969e-01 8.886060000000000070e-01 -4.575060000000000238e-01 -3.266399999999999859e-02
1.600000000000000000e+01 2.500000000000000000e+01 8.000000000000000000e+00 0.000000000000000000e+00 1.600000000000000089e+00 1.974000000000000060e-03 4.643999999999999691e-03 -9.999869999999999592e-01 4.482630000000000225e-01 8.938880000000000159e-01 5.035999999999999678e-03 8.939000000000000279e-01 -4.482670000000000265e-01 -3.170000000000000075e-04
2.000000000000000000e+01 2.500000000000000000e+01 8.000000000000000000e+00 0.000000000000000000e+00 1.600000000000000089e+00 -1.203999999999999992e-03 -5.121999999999999817e-03 -9.999860000000000415e-01 4.485339999999999883e-01 8.937509999999999621e-01 -5.118000000000000153e-03 8.937650000000000317e-01 -4.485339999999999883e-01 1.221000000000000080e-03
2.800000000000000000e+01 2.500000000000000000e+01 8.000000000000000000e+00 0.000000000000000000e+00 1.600000000000000089e+00 2.259999999999999910e-04 -3.829999999999999854e-04 -1.000000000000000000e+00 4.495169999999999999e-01 8.932719999999999549e-01 -2.410000000000000033e-04 8.932719999999999549e-01 -4.495169999999999999e-01 3.739999999999999835e-04
3.000000000000000000e+00 2.600000000000000000e+01 8.000000000000000000e+00 0.000000000000000000e+00 1.600000000000000089e+00 1.239000000000000084e-03 1.392000000000000008e-03 -9.999980000000000535e-01 4.292030000000000012e-01 9.032059999999999533e-01 1.789000000000000009e-03 9.032069999999999821e-01 -4.292039999999999744e-01 5.209999999999999788e-04
1.100000000000000000e+01 2.400000000000000000e+01 9.000000000000000000e+00 0.000000000000000000e+00 1.600000000000000089e+00 4.907799999999999663e-02 1.827219999999999955e-01 -9.819390000000000063e-01 4.607879999999999754e-01 8.681060000000000443e-01 1.845700000000000118e-01 8.861520000000000508e-01 -4.615239999999999898e-01 -4.159100000000000297e-02
2.000000000000000000e+01 2.400000000000000000e+01 9.000000000000000000e+00 0.000000000000000000e+00 1.600000000000000089e+00 -1.164000000000000104e-03 -5.858000000000000360e-03 -9.999820000000000375e-01 4.544839999999999991e-01 8.907359999999999722e-01 -5.747000000000000372e-03 8.907540000000000457e-01 -4.544819999999999971e-01 1.626000000000000058e-03
2.800000000000000000e+01 2.400000000000000000e+01 9.000000000000000000e+00 0.000000000000000000e+00 1.600000000000000089e+00 6.139999999999999625e-04 -1.100000000000000066e-03 -9.999989999999999712e-01 4.541569999999999774e-01 8.909219999999999917e-01 -7.010000000000000172e-04 8.909219999999999917e-01 -4.541560000000000041e-01 1.046000000000000055e-03
1.500000000000000000e+01 1.020000000000000000e+02 9.000000000000000000e+00 0.000000000000000000e+00 1.600000000000000089e+00 3.152999999999999987e-03 4.964999999999999795e-03 9.999829999999999552e-01 9.230009999999999604e-01 3.847670000000000257e-01 -4.820999999999999765e-03 -3.847840000000000149e-01 9.230009999999999604e-01 -3.370000000000000166e-03
8.000000000000000000e+00 4.000000000000000000e+00 1.100000000000000000e+01 0.000000000000000000e+00 1.600000000000000089e+00 -6.205700000000000105e-02 -6.637410000000000254e-01 -7.453840000000000465e-01 1.730829999999999869e-01 7.283509999999999707e-01 -6.629829999999999890e-01 9.829499999999999904e-01 -1.701560000000000017e-01 6.968299999999999494e-02
8.000000000000000000e+00 3.100000000000000000e+01 1.200000000000000000e+01 0.000000000000000000e+00 1.600000000000000089e+00 2.487000000000000061e-03 3.697999999999999898e-03 9.999900000000000455e-01 1.062800000000000029e-02 9.999369999999999647e-01 -3.723999999999999880e-03 -9.999400000000000510e-01 1.063700000000000062e-02 2.448000000000000089e-03
1.600000000000000000e+01 3.100000000000000000e+01 1.200000000000000000e+01 0.000000000000000000e+00 1.600000000000000089e+00 -9.460000000000000093e-04 8.329999999999999731e-04 9.999989999999999712e-01 -7.500999999999999855e-03 9.999719999999999720e-01 -8.400000000000000348e-04 -9.999710000000000543e-01 -7.501999999999999988e-03 -9.389999999999999476e-04
2.500000000000000000e+01 3.100000000000000000e+01 1.200000000000000000e+01 0.000000000000000000e+00 1.600000000000000089e+00 4.920000000000000328e-04 -1.515000000000000071e-03 9.999989999999999712e-01 -1.076300000000000000e-02 9.999409999999999688e-01 1.520000000000000084e-03 -9.999419999999999975e-01 -1.076399999999999926e-02 4.760000000000000234e-04
1.300000000000000000e+01 3.500000000000000000e+01 1.200000000000000000e+01 0.000000000000000000e+00 1.600000000000000089e+00 7.277999999999999747e-03 -2.641399999999999998e-02 -9.996249999999999858e-01 5.373559999999999448e-01 -8.429489999999999483e-01 2.618600000000000094e-02 -8.433239999999999625e-01 -5.373440000000000438e-01 8.057999999999999191e-03
2.000000000000000000e+01 3.500000000000000000e+01 1.200000000000000000e+01 0.000000000000000000e+00 1.600000000000000089e+00 -8.829999999999999958e-04 8.350000000000000217e-04 -9.999989999999999712e-01 5.147650000000000281e-01 -8.573309999999999542e-01 -1.170000000000000033e-03 -8.573309999999999542e-01 -5.147650000000000281e-01 3.280000000000000038e-04
2.400000000000000000e+01 3.500000000000000000e+01 1.200000000000000000e+01 0.000000000000000000e+00 1.600000000000000089e+00 -4.949999999999999973e-04 -1.809999999999999977e-03 -9.999980000000000535e-01 5.034410000000000274e-01 -8.640290000000000470e-01 1.314999999999999980e-03 -8.640290000000000470e-01 -5.034399999999999986e-01 1.338999999999999913e-03
2.800000000000000000e+01 3.500000000000000000e+01 1.200000000000000000e+01 0.000000000000000000e+00 1.600000000000000089e+00 5.455999999999999912e-03 -3.393000000000000183e-03 -9.999789999999999512e-01 4.923420000000000019e-01 -8.703840000000000465e-01 5.640000000000000048e-03 -8.703849999999999643e-01 -4.923620000000000219e-01 -3.078000000000000007e-03
3.000000000000000000e+00 3.200000000000000000e+01 1.400000000000000000e+01 0.000000000000000000e+00 1.600000000000000089e+00 1.512000000000000106e-03 1.789999999999999925e-03 -9.999970000000000248e-01 1.262629999999999864e-01 9.919949999999999601e-01 1.966999999999999998e-03 9.919959999999999889e-01 -1.262659999999999894e-01 1.273999999999999959e-03
1.100000000000000000e+01 1.200000000000000000e+01 1.500000000000000000e+01 0.000000000000000000e+00 1.600000000000000089e+00 -4.142799999999999955e-02 -5.866500000000000187e-02 -9.974180000000000268e-01 -4.641730000000000023e-01 -8.828770000000000229e-01 7.120700000000000640e-02 -8.847749999999999782e-01 4.659249999999999781e-01 9.344999999999999141e-03
1.900000000000000000e+01 1.200000000000000000e+01 1.500000000000000000e+01 0.000000000000000000e+00 1.600000000000000089e+00 -1.769999999999999926e-04 6.932999999999999927e-03 -9.999759999999999760e-01 -4.700179999999999914e-01 -8.826359999999999761e-01 -6.035999999999999699e-03 -8.826570000000000249e-01 4.700059999999999794e-01 3.415000000000000067e-03
2.600000000000000000e+01 1.200000000000000000e+01 1.500000000000000000e+01 0.000000000000000000e+00 1.600000000000000089e+00 3.119999999999999944e-04 3.328999999999999928e-03 -9.999940000000000495e-01 -4.683109999999999773e-01 -8.835579999999999545e-01 -3.086999999999999900e-03 -8.835640000000000160e-01 4.683089999999999753e-01 1.283999999999999985e-03
1.800000000000000000e+01 1.100000000000000000e+01 1.600000000000000000e+01 0.000000000000000000e+00 1.600000000000000089e+00 -5.000000000000000240e-05 4.749999999999999882e-03 -9.999890000000000168e-01 -4.126639999999999753e-01 -9.108730000000000437e-01 -4.305999999999999932e-03 -9.108829999999999982e-01 4.126589999999999980e-01 2.004999999999999838e-03
5.000000000000000000e+00 1.160000000000000000e+02 1.600000000000000000e+01 0.000000000000000000e+00 1.600000000000000089e+00 5.279999999999999971e-03 6.165000000000000341e-03 9.999670000000000503e-01 6.885210000000000496e-01 7.251710000000000100e-01 -8.106000000000000358e-03 -7.251969999999999805e-01 6.885409999999999586e-01 -4.159999999999999744e-04
8.000000000000000000e+00 1.160000000000000000e+02 1.600000000000000000e+01 0.000000000000000000e+00 1.600000000000000089e+00 1.553299999999999993e-02 2.568300000000000097e-02 9.995500000000000496e-01 7.016240000000000254e-01 7.119490000000000540e-01 -2.919599999999999973e-02 -7.123779999999999557e-01 7.017609999999999681e-01 -6.961000000000000174e-03
1.400000000000000000e+01 1.160000000000000000e+02 1.600000000000000000e+01 0.000000000000000000e+00 1.600000000000000089e+00 2.786999999999999981e-03 4.320000000000000055e-03 9.999869999999999592e-01 7.565100000000000158e-01 6.539629999999999610e-01 -4.932999999999999885e-03 -6.539760000000000018e-01 7.565140000000000198e-01 -1.445000000000000104e-03
1.900000000000000000e+01 1.160000000000000000e+02 1.600000000000000000e+01 0.000000000000000000e+00 1.600000000000000089e+00 -8.559999999999999901e-04 -2.126999999999999984e-03 9.999970000000000248e-01 7.523279999999999967e-01 6.587859999999999827e-01 2.044999999999999943e-03 -6.587889999999999580e-01 7.523279999999999967e-01 1.036000000000000029e-03
2.600000000000000000e+01 1.160000000000000000e+02 1.600000000000000000e+01 0.000000000000000000e+00 1.600000000000000089e+00 -2.376000000000000074e-03 -6.700000000000000226e-04 9.999970000000000248e-01 7.071739999999999693e-01 7.070359999999999978e-01 2.154000000000000099e-03 -7.070349999999999691e-01 7.071769999999999445e-01 -1.206000000000000041e-03
8.000000000000000000e+00 2.000000000000000000e+00 1.900000000000000000e+01 0.000000000000000000e+00 1.600000000000000089e+00 -1.356199999999999940e-02 3.488700000000000134e-02 -9.992990000000000483e-01 1.820450000000000124e-01 -9.826019999999999754e-01 -3.677400000000000113e-02 -9.831969999999999876e-01 -1.824159999999999948e-01 6.976000000000000430e-03
1.700000000000000000e+01 2.000000000000000000e+00 1.900000000000000000e+01 0.000000000000000000e+00 1.600000000000000089e+00 -5.249999999999999676e-04 1.609000000000000014e-02 -9.998700000000000365e-01 2.582550000000000123e-01 -9.659499999999999753e-01 -1.567999999999999949e-02 -9.660769999999999635e-01 -2.582300000000000151e-01 -3.648000000000000201e-03
2.000000000000000000e+01 2.000000000000000000e+00 1.900000000000000000e+01 0.000000000000000000e+00 1.600000000000000089e+00 3.938999999999999793e-03 1.806999999999999926e-02 -9.998289999999999678e-01 2.533929999999999794e-01 -9.672230000000000549e-01 -1.648200000000000012e-02 -9.673549999999999649e-01 -2.532849999999999824e-01 -8.387999999999999623e-03
2.900000000000000000e+01 2.000000000000000000e+00 1.900000000000000000e+01 0.000000000000000000e+00 1.600000000000000089e+00 8.668000000000000357e-03 1.542299999999999921e-02 -9.998430000000000373e-01 2.530319999999999792e-01 -9.673739999999999561e-01 -1.272799999999999973e-02 -9.674190000000000289e-01 -2.528819999999999957e-01 -1.228699999999999931e-02
2.300000000000000000e+01 4.000000000000000000e+00 2.000000000000000000e+01 0.000000000000000000e+00 1.600000000000000089e+00 9.730000000000000151e-04 6.117000000000000041e-03 -9.999810000000000088e-01 4.535069999999999935e-01 -8.912390000000000034e-01 -5.010999999999999829e-03 -8.912520000000000442e-01 -4.534940000000000082e-01 -3.641999999999999838e-03
4.000000000000000000e+00 1.300000000000000000e+01 2.000000000000000000e+01 0.000000000000000000e+00 1.600000000000000089e+00 1.018000000000000025e-03 1.090099999999999923e-02 9.999400000000000510e-01 2.609509999999999885e-01 9.652920000000000389e-01 -1.078899999999999998e-02 -9.653509999999999591e-01 2.609469999999999845e-01 -1.861999999999999940e-03
1.100000000000000000e+01 1.300000000000000000e+01 2.000000000000000000e+01 0.000000000000000000e+00 1.600000000000000089e+00 3.899999999999999821e-03 5.888899999999999690e-02 9.982569999999999499e-01 2.602260000000000129e-01 9.638120000000000021e-01 -5.787400000000000183e-02 -9.655399999999999539e-01 2.599989999999999801e-01 -1.156599999999999989e-02
1.700000000000000000e+01 1.300000000000000000e+01 2.000000000000000000e+01 0.000000000000000000e+00 1.600000000000000089e+00 5.060000000000000478e-04 1.895999999999999899e-03 9.999980000000000535e-01 2.575830000000000064e-01 9.662539999999999463e-01 -1.962999999999999901e-03 -9.662560000000000038e-01 2.575830000000000064e-01 9.999999999999999547e-07
2.200000000000000000e+01 1.300000000000000000e+01 2.000000000000000000e+01 0.000000000000000000e+00 1.600000000000000089e+00 -6.830000000000000134e-04 5.351999999999999987e-03 9.999850000000000128e-01 2.589029999999999943e-01 9.658900000000000263e-01 -4.991999999999999910e-03 -9.659029999999999561e-01 2.588960000000000150e-01 -2.046000000000000076e-03
2.600000000000000000e+01 1.300000000000000000e+01 2.000000000000000000e+01 0.000000000000000000e+00 1.600000000000000089e+00 -4.360000000000000269e-04 -1.361999999999999929e-03 9.999989999999999712e-01 2.616240000000000232e-01 9.651690000000000547e-01 1.428000000000000016e-03 -9.651699999999999724e-01 2.616240000000000232e-01 -6.399999999999999710e-05
1.000000000000000000e+00 1.600000000000000000e+01 2.100000000000000000e+01 0.000000000000000000e+00 1.600000000000000089e+00 -8.000000000000000654e-05 5.990000000000000316e-04 1.000000000000000000e+00 2.949459999999999860e-01 9.555139999999999745e-01 -5.490000000000000088e-04 -9.555139999999999745e-01 2.949459999999999860e-01 -2.539999999999999940e-04
4.000000000000000000e+00 1.600000000000000000e+01 2.100000000000000000e+01 0.000000000000000000e+00 1.600000000000000089e+00 1.087999999999999991e-03 9.983999999999999819e-03 9.999500000000000055e-01 2.944869999999999988e-01 9.556040000000000090e-01 -9.860999999999999974e-03 -9.556550000000000322e-01 2.944829999999999948e-01 -1.900999999999999912e-03
1.100000000000000000e+01 1.600000000000000000e+01 2.100000000000000000e+01 0.000000000000000000e+00 1.600000000000000089e+00 6.801999999999999887e-03 6.342299999999999327e-02 9.979630000000000445e-01 2.979419999999999846e-01 9.525310000000000166e-01 -6.256699999999999762e-02 -9.545599999999999641e-01 2.977609999999999979e-01 -1.241699999999999922e-02
1.600000000000000000e+01 1.600000000000000000e+01 2.100000000000000000e+01 0.000000000000000000e+00 1.600000000000000089e+00 3.620000000000000171e-04 3.745000000000000065e-03 9.999930000000000208e-01 2.997830000000000217e-01 9.539999999999999591e-01 -3.680999999999999810e-03 -9.540079999999999671e-01 2.997819999999999929e-01 -7.770000000000000214e-04
1.700000000000000000e+01 3.000000000000000000e+00 2.500000000000000000e+01 0.000000000000000000e+00 1.600000000000000089e+00 -2.500000000000000120e-05 4.760999999999999607e-03 9.999890000000000168e-01 -3.108299999999999952e-02 -9.995049999999999768e-01 4.758000000000000076e-03 9.995169999999999888e-01 -3.108199999999999852e-02 1.730000000000000038e-04
2.600000000000000000e+01 3.000000000000000000e+00 2.500000000000000000e+01 0.000000000000000000e+00 1.600000000000000089e+00 -9.402000000000000635e-03 -2.390000000000000197e-03 9.999529999999999808e-01 -3.696200000000000180e-02 -9.993130000000000068e-01 -2.736000000000000151e-03 9.992720000000000491e-01 -3.698599999999999804e-02 9.306999999999999301e-03
2.900000000000000000e+01 3.000000000000000000e+00 2.500000000000000000e+01 0.000000000000000000e+00 1.600000000000000089e+00 -7.453999999999999689e-03 9.740000000000000394e-04 9.999719999999999720e-01 -3.509899999999999826e-02 -9.993840000000000501e-01 7.119999999999999593e-04 9.993560000000000221e-01 -3.509299999999999919e-02 7.484000000000000201e-03
3.000000000000000000e+00 5.800000000000000000e+01 3.100000000000000000e+01 0.000000000000000000e+00 1.600000000000000089e+00 1.874999999999999931e-03 3.000000000000000076e-05 9.999980000000000535e-01 -7.962759999999999838e-01 -6.049309999999999965e-01 1.510999999999999973e-03 6.049299999999999677e-01 -7.962780000000000413e-01 -1.110000000000000092e-03
8.000000000000000000e+00 5.800000000000000000e+01 3.100000000000000000e+01 0.000000000000000000e+00 1.600000000000000089e+00 2.007600000000000010e-02 3.831699999999999690e-02 9.990639999999999521e-01 -7.895799999999999486e-01 -6.123849999999999572e-01 3.935299999999999909e-02 6.133199999999999763e-01 -7.896309999999999718e-01 1.796000000000000027e-02
1.400000000000000000e+01 5.800000000000000000e+01 3.100000000000000000e+01 0.000000000000000000e+00 1.600000000000000089e+00 2.961999999999999789e-03 9.223000000000000295e-03 9.999529999999999808e-01 -7.707079999999999487e-01 -6.371369999999999534e-01 8.158999999999999586e-03 6.371820000000000261e-01 -7.706960000000000477e-01 5.220999999999999946e-03
1.900000000000000000e+01 5.800000000000000000e+01 3.100000000000000000e+01 0.000000000000000000e+00 1.600000000000000089e+00 -3.890999999999999927e-03 -1.899000000000000080e-03 9.999909999999999632e-01 -7.698859999999999593e-01 -6.381679999999999575e-01 -4.206999999999999802e-03 6.381700000000000150e-01 -7.698949999999999960e-01 1.021999999999999905e-03
2.900000000000000000e+01 5.800000000000000000e+01 3.100000000000000000e+01 0.000000000000000000e+00 1.600000000000000089e+00 -1.817000000000000039e-03 1.554000000000000043e-03 9.999970000000000248e-01 -7.705570000000000475e-01 -6.373699999999999921e-01 -4.099999999999999912e-04 6.373680000000000456e-01 -7.705560000000000187e-01 2.354999999999999889e-03
8.000000000000000000e+00 4.600000000000000000e+01 3.500000000000000000e+01 0.000000000000000000e+00 1.600000000000000089e+00 -8.909999999999999734e-04 2.605999999999999983e-02 -9.996599999999999930e-01 3.899670000000000081e-01 -9.205069999999999641e-01 -2.434400000000000105e-02 -9.208290000000000086e-01 -3.898559999999999803e-01 -9.341999999999999610e-03
1.300000000000000000e+01 4.600000000000000000e+01 3.500000000000000000e+01 0.000000000000000000e+00 1.600000000000000089e+00 -8.009999999999999542e-04 1.406400000000000011e-02 -9.999010000000000398e-01 3.948940000000000228e-01 -9.186309999999999754e-01 -1.323700000000000050e-02 -9.187269999999999603e-01 -3.948650000000000215e-01 -4.818000000000000234e-03
1.600000000000000000e+01 4.600000000000000000e+01 3.500000000000000000e+01 0.000000000000000000e+00 1.600000000000000089e+00 -7.370000000000000249e-04 1.074000000000000085e-03 -9.999989999999999712e-01 3.948240000000000083e-01 -9.187560000000000171e-01 -1.278000000000000056e-03 -9.187560000000000171e-01 -3.948249999999999815e-01 2.530000000000000239e-04
2.000000000000000000e+01 4.600000000000000000e+01 3.500000000000000000e+01 0.000000000000000000e+00 1.600000000000000089e+00 -4.079999999999999968e-04 -1.513000000000000022e-03 -9.999989999999999712e-01 3.929239999999999955e-01 -9.195699999999999985e-01 1.231000000000000106e-03 -9.195710000000000273e-01 -3.929230000000000222e-01 9.690000000000000262e-04
2.300000000000000000e+01 4.600000000000000000e+01 3.500000000000000000e+01 0.000000000000000000e+00 1.600000000000000089e+00 3.080000000000000055e-04 -3.044999999999999964e-03 -9.999949999999999672e-01 3.928400000000000225e-01 -9.196020000000000305e-01 2.920999999999999985e-03 -9.196069999999999522e-01 -3.928389999999999938e-01 9.129999999999999661e-04
2.900000000000000000e+01 4.600000000000000000e+01 3.500000000000000000e+01 0.000000000000000000e+00 1.600000000000000089e+00 2.252000000000000095e-03 -3.603999999999999999e-03 -9.999909999999999632e-01 3.928780000000000050e-01 -9.195809999999999818e-01 4.198999999999999608e-03 -9.195879999999999610e-01 -3.928840000000000110e-01 -6.549999999999999833e-04
1.400000000000000000e+01 9.500000000000000000e+01 3.600000000000000000e+01 0.000000000000000000e+00 1.600000000000000089e+00 6.666000000000000050e-03 5.559399999999999759e-02 9.984309999999999574e-01 9.971130000000000271e-01 7.514999999999999458e-02 -1.084199999999999921e-02 -7.563400000000000678e-02 9.956209999999999782e-01 -5.493200000000000166e-02
2.100000000000000000e+01 9.500000000000000000e+01 3.600000000000000000e+01 0.000000000000000000e+00 1.600000000000000089e+00 8.509999999999999769e-04 -7.464000000000000148e-03 9.999719999999999720e-01 9.971649999999999681e-01 7.524400000000000532e-02 -2.869999999999999830e-04 -7.524000000000000132e-02 9.971370000000000511e-01 7.505999999999999651e-03
1.100000000000000000e+01 3.000000000000000000e+00 4.300000000000000000e+01 0.000000000000000000e+00 1.600000000000000089e+00 3.157100000000000184e-02 1.759179999999999910e-01 -9.838980000000000503e-01 7.315450000000000008e-01 -6.748309999999999587e-01 -9.718400000000000649e-02 -6.810610000000000275e-01 -7.166979999999999462e-01 -1.499979999999999924e-01
5.000000000000000000e+00 2.900000000000000000e+01 4.400000000000000000e+01 0.000000000000000000e+00 1.600000000000000089e+00 3.879999999999999985e-04 5.229000000000000141e-03 -9.999860000000000415e-01 6.536229999999999540e-01 7.568089999999999540e-01 4.211000000000000333e-03 7.568209999999999660e-01 -6.536149999999999460e-01 -3.124000000000000041e-03
1.100000000000000000e+01 2.900000000000000000e+01 4.400000000000000000e+01 0.000000000000000000e+00 1.600000000000000089e+00 1.546499999999999958e-02 2.557900000000000104e-02 -9.995530000000000248e-01 6.495419999999999527e-01 7.597540000000000404e-01 2.949200000000000085e-02 7.601689999999999836e-01 -6.497079999999999522e-01 -4.865000000000000401e-03
1.700000000000000000e+01 2.900000000000000000e+01 4.400000000000000000e+01 0.000000000000000000e+00 1.600000000000000089e+00 2.298999999999999828e-03 2.209000000000000026e-03 -9.999949999999999672e-01 6.505549999999999944e-01 7.594530000000000447e-01 3.173000000000000039e-03 7.594560000000000199e-01 -6.505589999999999984e-01 3.089999999999999756e-04
1.900000000000000000e+01 2.900000000000000000e+01 4.400000000000000000e+01 0.000000000000000000e+00 1.600000000000000089e+00 1.139999999999999954e-03 1.662000000000000066e-03 -9.999980000000000535e-01 6.505300000000000527e-01 7.594769999999999577e-01 2.004000000000000139e-03 7.594790000000000152e-01 -6.505309999999999704e-01 -2.159999999999999919e-04
2.500000000000000000e+01 2.900000000000000000e+01 4.400000000000000000e+01 0.000000000000000000e+00 1.600000000000000089e+00 -2.392000000000000029e-03 3.020000000000000223e-04 -9.999970000000000248e-01 6.479909999999999837e-01 7.616469999999999629e-01 -1.319999999999999993e-03 7.616439999999999877e-01 -6.479920000000000124e-01 -2.017000000000000130e-03
1.800000000000000000e+01 6.500000000000000000e+01 4.600000000000000000e+01 0.000000000000000000e+00 1.600000000000000089e+00 -2.509999999999999753e-04 -5.910000000000000539e-04 1.000000000000000000e+00 6.815830000000000499e-01 -7.317399999999999460e-01 -2.610000000000000015e-04 7.317399999999999460e-01 6.815830000000000499e-01 5.869999999999999567e-04
1.400000000000000000e+01 5.000000000000000000e+00 5.100000000000000000e+01 0.000000000000000000e+00 1.600000000000000089e+00 2.920999999999999985e-03 1.607499999999999901e-02 -9.998660000000000325e-01 4.833640000000000159e-01 -8.753279999999999950e-01 -1.266100000000000038e-02 -8.754140000000000255e-01 -4.832629999999999981e-01 -1.032699999999999937e-02
2.300000000000000000e+01 5.000000000000000000e+00 5.100000000000000000e+01 0.000000000000000000e+00 1.600000000000000089e+00 3.472999999999999959e-03 -2.706000000000000072e-03 -9.999900000000000455e-01 4.794860000000000233e-01 -8.775399999999999867e-01 4.040000000000000188e-03 -8.775429999999999620e-01 -4.794950000000000045e-01 -1.750000000000000036e-03
2.700000000000000000e+01 5.000000000000000000e+00 5.100000000000000000e+01 0.000000000000000000e+00 1.600000000000000089e+00 -2.593999999999999952e-03 -1.651299999999999990e-02 -9.998599999999999710e-01 4.785849999999999826e-01 -8.779409999999999714e-01 1.325800000000000069e-02 -8.780369999999999564e-01 -4.784840000000000204e-01 1.018100000000000081e-02
4.000000000000000000e+00 6.300000000000000000e+01 5.400000000000000000e+01 0.000000000000000000e+00 1.600000000000000089e+00 -2.000000000000000164e-05 2.344999999999999862e-03 9.999970000000000248e-01 -3.568069999999999853e-01 9.341749999999999776e-01 -2.197999999999999867e-03 -9.341779999999999529e-01 -3.568060000000000120e-01 8.180000000000000422e-04
1.100000000000000000e+01 6.300000000000000000e+01 5.400000000000000000e+01 0.000000000000000000e+00 1.600000000000000089e+00 4.819999999999999632e-03 2.526199999999999973e-02 9.996690000000000298e-01 -3.510079999999999867e-01 9.361150000000000304e-01 -2.196400000000000088e-02 -9.363599999999999701e-01 -3.507859999999999867e-01 1.337900000000000027e-02
1.500000000000000000e+01 6.300000000000000000e+01 5.400000000000000000e+01 0.000000000000000000e+00 1.600000000000000089e+00 6.070000000000000092e-04 9.200000000000000007e-05 1.000000000000000000e+00 -3.475730000000000208e-01 9.376529999999999587e-01 1.240000000000000054e-04 -9.376529999999999587e-01 -3.475730000000000208e-01 6.009999999999999717e-04
2.100000000000000000e+01 6.300000000000000000e+01 5.400000000000000000e+01 0.000000000000000000e+00 1.600000000000000089e+00 -1.191000000000000001e-03 4.214999999999999997e-03 9.999900000000000455e-01 -3.408900000000000263e-01 9.400929999999999565e-01 -4.368000000000000355e-03 -9.401019999999999932e-01 -3.408919999999999728e-01 3.170000000000000075e-04
2.800000000000000000e+01 6.300000000000000000e+01 5.400000000000000000e+01 0.000000000000000000e+00 1.600000000000000089e+00 6.679999999999999740e-04 1.099999999999999971e-05 1.000000000000000000e+00 -3.368430000000000035e-01 9.415609999999999813e-01 2.149999999999999947e-04 -9.415609999999999813e-01 -3.368430000000000035e-01 6.329999999999999906e-04
3.000000000000000000e+00 2.500000000000000000e+01 5.500000000000000000e+01 0.000000000000000000e+00 1.600000000000000089e+00 -9.219999999999999680e-04 6.660000000000000338e-04 -9.999989999999999712e-01 -1.233599999999999974e-02 -9.999240000000000350e-01 -6.549999999999999833e-04 -9.999230000000000063e-01 1.233500000000000048e-02 9.300000000000000541e-04
9.000000000000000000e+00 2.500000000000000000e+01 5.500000000000000000e+01 0.000000000000000000e+00 1.600000000000000089e+00 9.849999999999999815e-04 8.727000000000000382e-03 -9.999609999999999888e-01 -1.247000000000000018e-02 -9.998839999999999950e-01 -8.737999999999999240e-03 -9.999219999999999775e-01 1.247799999999999951e-02 -8.760000000000000425e-04
1.200000000000000000e+01 2.500000000000000000e+01 5.500000000000000000e+01 0.000000000000000000e+00 1.600000000000000089e+00 2.125999999999999852e-03 6.205999999999999711e-03 -9.999780000000000335e-01 -1.290999999999999960e-02 -9.998970000000000358e-01 -6.232999999999999825e-03 -9.999139999999999695e-01 1.292300000000000046e-02 -2.044999999999999943e-03
1.900000000000000000e+01 2.500000000000000000e+01 5.500000000000000000e+01 0.000000000000000000e+00 1.600000000000000089e+00 -3.260000000000000094e-04 1.060000000000000016e-04 -1.000000000000000000e+00 -1.187900000000000067e-02 -9.999289999999999567e-01 -1.019999999999999992e-04 -9.999289999999999567e-01 1.187900000000000067e-02 3.269999999999999795e-04
2.300000000000000000e+01 2.500000000000000000e+01 5.500000000000000000e+01 0.000000000000000000e+00 1.600000000000000089e+00 1.521000000000000000e-03 -2.112000000000000162e-03 -9.999970000000000248e-01 -1.194600000000000002e-02 -9.999259999999999815e-01 2.093999999999999941e-03 -9.999270000000000103e-01 1.194300000000000049e-02 -1.546000000000000065e-03
2.600000000000000000e+01 2.500000000000000000e+01 5.500000000000000000e+01 0.000000000000000000e+00 1.600000000000000089e+00 1.435999999999999993e-03 9.000000000000000228e-06 -9.999989999999999712e-01 -1.264999999999999979e-02 -9.999200000000000310e-01 -2.699999999999999899e-05 -9.999190000000000023e-01 1.265100000000000079e-02 -1.435999999999999993e-03
1.200000000000000000e+01 2.100000000000000000e+01 6.000000000000000000e+01 0.000000000000000000e+00 1.600000000000000089e+00 -3.011999999999999920e-03 3.575600000000000306e-02 9.993560000000000221e-01 -9.366800000000000126e-02 9.949569999999999803e-01 -3.588100000000000317e-02 -9.955990000000000117e-01 -9.371500000000000663e-02 3.530000000000000152e-04
2.100000000000000000e+01 2.100000000000000000e+01 6.000000000000000000e+01 0.000000000000000000e+00 1.600000000000000089e+00 9.250000000000000409e-04 -7.667000000000000204e-03 9.999700000000000255e-01 -9.451900000000000579e-02 9.954929999999999612e-01 7.720000000000000299e-03 -9.955230000000000468e-01 -9.452299999999999591e-02 1.959999999999999937e-04
2.600000000000000000e+01 6.700000000000000000e+01 6.000000000000000000e+01 0.000000000000000000e+00 1.600000000000000089e+00 -1.379999999999999933e-03 -3.020999999999999814e-03 9.999949999999999672e-01 1.750579999999999914e-01 -9.845540000000000402e-01 -2.733000000000000186e-03 9.845570000000000155e-01 1.750529999999999864e-01 1.887999999999999921e-03
1.400000000000000000e+01 3.000000000000000000e+00 6.300000000000000000e+01 0.000000000000000000e+00 1.600000000000000089e+00 9.439999999999999607e-04 2.377500000000000099e-02 9.997169999999999668e-01 -6.175530000000000186e-01 7.863210000000000477e-01 -1.811700000000000116e-02 -7.865290000000000337e-01 -6.173610000000000486e-01 1.542499999999999948e-02
1.800000000000000000e+01 3.000000000000000000e+00 6.300000000000000000e+01 0.000000000000000000e+00 1.600000000000000089e+00 9.359999999999999831e-04 4.683999999999999796e-03 9.999890000000000168e-01 -6.154910000000000103e-01 7.881380000000000052e-01 -3.115999999999999846e-03 -7.881430000000000380e-01 -6.154809999999999448e-01 3.619999999999999954e-03
2.000000000000000000e+00 2.700000000000000000e+01 6.300000000000000000e+01 0.000000000000000000e+00 1.600000000000000089e+00 -3.422999999999999828e-03 5.344999999999999925e-03 9.999799999999999800e-01 -2.904289999999999927e-01 9.568769999999999776e-01 -6.108999999999999847e-03 -9.568900000000000183e-01 -2.904439999999999800e-01 -1.722999999999999922e-03
7.000000000000000000e+00 2.700000000000000000e+01 6.300000000000000000e+01 0.000000000000000000e+00 1.600000000000000089e+00 -3.197999999999999888e-03 2.613800000000000151e-02 9.996530000000000138e-01 -2.862660000000000204e-01 9.577980000000000382e-01 -2.595899999999999944e-02 -9.581450000000000244e-01 -2.862500000000000044e-01 4.419000000000000185e-03
1.300000000000000000e+01 2.700000000000000000e+01 6.300000000000000000e+01 0.000000000000000000e+00 1.600000000000000089e+00 -1.637999999999999916e-03 1.368300000000000072e-02 9.999050000000000438e-01 -2.801679999999999726e-01 9.598550000000000137e-01 -1.359400000000000018e-02 -9.599499999999999700e-01 -2.801640000000000241e-01 2.260999999999999989e-03
1.700000000000000000e+01 2.700000000000000000e+01 6.300000000000000000e+01 0.000000000000000000e+00 1.600000000000000089e+00 2.468000000000000142e-03 2.485999999999999929e-03 9.999940000000000495e-01 -2.774960000000000204e-01 9.607250000000000512e-01 -1.703000000000000087e-03 -9.607240000000000224e-01 -2.774900000000000144e-01 3.060999999999999919e-03
2.200000000000000000e+01 2.700000000000000000e+01 6.300000000000000000e+01 0.000000000000000000e+00 1.600000000000000089e+00 -5.900000000000000296e-04 7.249999999999999500e-04 1.000000000000000000e+00 -2.750299999999999967e-01 9.614350000000000396e-01 -8.589999999999999546e-04 -9.614359999999999573e-01 -2.750299999999999967e-01 -3.680000000000000003e-04
2.700000000000000000e+01 2.700000000000000000e+01 6.300000000000000000e+01 0.000000000000000000e+00 1.600000000000000089e+00 -8.819999999999999715e-04 -4.899999999999999842e-05 1.000000000000000000e+00 -2.785750000000000171e-01 9.604150000000000187e-01 -1.979999999999999881e-04 -9.604139999999999899e-01 -2.785750000000000171e-01 -8.610000000000000032e-04
2.000000000000000000e+00 2.600000000000000000e+01 6.400000000000000000e+01 0.000000000000000000e+00 1.600000000000000089e+00 -5.043999999999999873e-03 7.757000000000000006e-03 9.999569999999999848e-01 -3.703659999999999730e-01 9.288419999999999455e-01 -9.072999999999999468e-03 -9.288720000000000310e-01 -3.703960000000000030e-01 -1.812000000000000026e-03
6.000000000000000000e+00 2.600000000000000000e+01 6.400000000000000000e+01 0.000000000000000000e+00 1.600000000000000089e+00 -5.598999999999999810e-03 2.324700000000000030e-02 9.997139999999999915e-01 -3.683739999999999792e-01 9.293759999999999799e-01 -2.367400000000000060e-02 -9.296609999999999596e-01 -3.684009999999999785e-01 3.360000000000000139e-03
1.800000000000000000e+01 2.600000000000000000e+01 6.400000000000000000e+01 0.000000000000000000e+00 1.600000000000000089e+00 2.513000000000000043e-03 4.785000000000000191e-03 9.999850000000000128e-01 -3.659689999999999888e-01 9.306200000000000028e-01 -3.533000000000000116e-03 -9.306240000000000068e-01 -3.659549999999999748e-01 4.089999999999999886e-03
2.200000000000000000e+01 2.600000000000000000e+01 6.400000000000000000e+01 0.000000000000000000e+00 1.600000000000000089e+00 -3.220000000000000206e-04 1.232999999999999938e-03 9.999989999999999712e-01 -3.636150000000000215e-01 9.315489999999999604e-01 -1.265000000000000065e-03 -9.315489999999999604e-01 -3.636150000000000215e-01 1.479999999999999925e-04
2.500000000000000000e+01 2.600000000000000000e+01 6.400000000000000000e+01 0.000000000000000000e+00 1.600000000000000089e+00 -1.392000000000000008e-03 2.750000000000000166e-04 9.999989999999999712e-01 -3.660019999999999940e-01 9.306140000000000523e-01 -7.649999999999999465e-04 -9.306130000000000235e-01 -3.660030000000000228e-01 -1.195000000000000099e-03
1.600000000000000000e+01 6.900000000000000000e+01 6.600000000000000000e+01 0.000000000000000000e+00 1.600000000000000089e+00 1.020000000000000073e-03 3.972999999999999969e-03 9.999919999999999920e-01 -9.517189999999999817e-01 3.069709999999999939e-01 -2.489999999999999809e-04 -3.069689999999999919e-01 -9.517109999999999737e-01 4.094000000000000417e-03
2.100000000000000000e+01 6.900000000000000000e+01 6.600000000000000000e+01 0.000000000000000000e+00 1.600000000000000089e+00 1.149999999999999981e-03 5.184000000000000240e-03 9.999860000000000415e-01 -9.510870000000000157e-01 3.089219999999999744e-01 -5.079999999999999880e-04 -3.089199999999999724e-01 -9.510729999999999462e-01 5.284999999999999767e-03
5.000000000000000000e+00 2.500000000000000000e+01 7.300000000000000000e+01 0.000000000000000000e+00 1.600000000000000089e+00 7.154999999999999902e-03 7.498000000000000324e-03 9.999460000000000015e-01 7.577329999999999899e-01 -6.525640000000000329e-01 -5.280000000000000405e-04 6.525250000000000217e-01 7.576960000000000361e-01 -1.035100000000000083e-02
