5.000000000000000000e+00 1.600000000000000000e+01 4.000000000000000000e+00 0.000000000000000000e+00 1.600000000000000089e+00 -1.237000000000000035e-03 1.423600000000000039e-02 9.998979999999999535e-01 3.243289999999999784e-01 -9.458429999999999893e-01 1.386800000000000012e-02 9.459440000000000071e-01 3.243130000000000179e-01 -3.448000000000000110e-03
1.500000000000000000e+01 1.600000000000000000e+01 4.000000000000000000e+00 0.000000000000000000e+00 1.600000000000000089e+00 -3.629999999999999872e-04 9.684999999999999165e-03 9.999529999999999808e-01 3.222400000000000264e-01 -9.466120000000000090e-01 9.286000000000000851e-03 9.466579999999999995e-01 3.222289999999999877e-01 -2.776999999999999955e-03
2.400000000000000000e+01 1.600000000000000000e+01 4.000000000000000000e+00 0.000000000000000000e+00 1.600000000000000089e+00 -2.252000000000000095e-03 5.464000000000000107e-03 9.999829999999999552e-01 3.232180000000000053e-01 -9.463059999999999805e-01 5.898999999999999730e-03 9.463219999999999965e-01 3.232260000000000133e-01 3.649999999999999816e-04
2.800000000000000000e+01 1.600000000000000000e+01 4.000000000000000000e+00 0.000000000000000000e+00 1.600000000000000089e+00 2.253999999999999927e-03 1.280099999999999988e-02 9.999160000000000270e-01 3.259880000000000000e-01 -9.453049999999999509e-01 1.136700000000000037e-02 9.453709999999999614e-01 3.259349999999999747e-01 -6.303999999999999708e-03
2.000000000000000000e+00 1.500000000000000000e+01 8.000000000000000000e+00 0.000000000000000000e+00 1.600000000000000089e+00 4.879999999999999789e-03 1.700399999999999828e-02 -9.998430000000000373e-01 -5.644510000000000360e-01 -8.252960000000000296e-01 -1.679100000000000037e-02 -8.254519999999999635e-01 5.644449999999999745e-01 5.571000000000000431e-03
3.000000000000000000e+00 2.600000000000000000e+01 8.000000000000000000e+00 0.000000000000000000e+00 1.600000000000000089e+00 -4.030999999999999861e-03 -1.424899999999999951e-02 -9.998899999999999455e-01 4.217929999999999735e-01 9.065739999999999910e-01 -1.461999999999999932e-02 9.066830000000000167e-01 -4.218049999999999855e-01 2.354999999999999889e-03
6.000000000000000000e+00 2.600000000000000000e+01 8.000000000000000000e+00 0.000000000000000000e+00 1.600000000000000089e+00 -5.133000000000000410e-03 -1.968800000000000064e-02 -9.997930000000000428e-01 4.232389999999999763e-01 9.057969999999999633e-01 -2.001000000000000001e-02 9.060040000000000315e-01 -4.232540000000000191e-01 3.684000000000000209e-03
9.000000000000000000e+00 2.600000000000000000e+01 8.000000000000000000e+00 0.000000000000000000e+00 1.600000000000000089e+00 -5.745000000000000107e-03 -2.205599999999999922e-02 -9.997399999999999620e-01 4.254069999999999796e-01 9.047250000000000014e-01 -2.240500000000000130e-02 9.049840000000000106e-01 -4.254249999999999976e-01 4.185000000000000352e-03
1.300000000000000000e+01 2.600000000000000000e+01 8.000000000000000000e+00 0.000000000000000000e+00 1.600000000000000089e+00 -3.997999999999999818e-03 -3.409999999999999837e-03 -9.999860000000000415e-01 4.282799999999999940e-01 9.036330000000000195e-01 -4.793999999999999651e-03 9.036370000000000235e-01 -4.282929999999999793e-01 -2.152999999999999966e-03
1.800000000000000000e+01 2.600000000000000000e+01 8.000000000000000000e+00 0.000000000000000000e+00 1.600000000000000089e+00 -2.273999999999999980e-03 -9.903000000000000344e-03 -9.999479999999999480e-01 4.272029999999999994e-01 9.041010000000000435e-01 -9.926000000000000795e-03 9.041529999999999845e-01 -4.272039999999999726e-01 2.174999999999999850e-03
2.200000000000000000e+01 2.600000000000000000e+01 8.000000000000000000e+00 0.000000000000000000e+00 1.600000000000000089e+00 -3.101000000000000024e-03 -1.488199999999999940e-02 -9.998839999999999950e-01 4.272699999999999831e-01 9.040030000000000010e-01 -1.478100000000000074e-02 9.041190000000000060e-01 -4.272670000000000079e-01 3.555000000000000000e-03
2.800000000000000000e+01 2.600000000000000000e+01 8.000000000000000000e+00 0.000000000000000000e+00 1.600000000000000089e+00 -1.876999999999999979e-03 -4.899999999999999842e-03 -9.999860000000000415e-01 4.288029999999999897e-01 9.033830000000000471e-01 -5.231999999999999672e-03 9.033959999999999768e-01 -4.288069999999999937e-01 4.049999999999999781e-04
7.000000000000000000e+00 1.400000000000000000e+01 9.000000000000000000e+00 0.000000000000000000e+00 1.600000000000000089e+00 6.847999999999999921e-03 1.484700000000000082e-02 -9.998660000000000325e-01 -5.576259999999999550e-01 -8.299349999999999783e-01 -1.614200000000000010e-02 -8.300640000000000240e-01 5.576619999999999910e-01 2.595999999999999783e-03
1.000000000000000000e+01 1.400000000000000000e+01 9.000000000000000000e+00 0.000000000000000000e+00 1.600000000000000089e+00 6.492999999999999640e-03 1.648700000000000165e-02 -9.998430000000000373e-01 -5.559859999999999802e-01 -8.310110000000000552e-01 -1.731299999999999853e-02 -8.311659999999999604e-01 5.560110000000000330e-01 3.771000000000000046e-03
1.400000000000000000e+01 1.400000000000000000e+01 9.000000000000000000e+00 0.000000000000000000e+00 1.600000000000000089e+00 5.398000000000000020e-03 1.178500000000000034e-02 -9.999160000000000270e-01 -5.546240000000000059e-01 -8.320020000000000193e-01 -1.280000000000000061e-02 -8.320830000000000171e-01 5.546470000000000011e-01 2.044999999999999943e-03
1.800000000000000000e+01 1.400000000000000000e+01 9.000000000000000000e+00 0.000000000000000000e+00 1.600000000000000089e+00 2.449999999999999921e-03 3.092999999999999829e-03 -9.999919999999999920e-01 -5.551300000000000123e-01 -8.317539999999999933e-01 -3.932999999999999864e-03 -8.317600000000000549e-01 5.551350000000000451e-01 -3.209999999999999963e-04
4.000000000000000000e+00 3.100000000000000000e+01 1.200000000000000000e+01 0.000000000000000000e+00 1.600000000000000089e+00 -1.557000000000000007e-03 -3.840000000000000097e-04 9.999989999999999712e-01 1.516600000000000066e-02 9.998850000000000238e-01 4.079999999999999968e-04 -9.998839999999999950e-01 1.516600000000000066e-02 -1.551000000000000078e-03
7.000000000000000000e+00 3.100000000000000000e+01 1.200000000000000000e+01 0.000000000000000000e+00 1.600000000000000089e+00 -4.789999999999999879e-04 9.100000000000000287e-05 1.000000000000000000e+00 1.514700000000000074e-02 9.998850000000000238e-01 -8.399999999999999535e-05 -9.998850000000000238e-01 1.514700000000000074e-02 -4.809999999999999823e-04
1.200000000000000000e+01 3.100000000000000000e+01 1.200000000000000000e+01 0.000000000000000000e+00 1.600000000000000089e+00 6.999999999999999929e-04 4.539999999999999765e-04 1.000000000000000000e+00 1.457199999999999988e-02 9.998939999999999495e-01 -4.640000000000000027e-04 -9.998939999999999495e-01 1.457299999999999915e-02 6.930000000000000396e-04
2.500000000000000000e+01 3.100000000000000000e+01 1.200000000000000000e+01 0.000000000000000000e+00 1.600000000000000089e+00 3.159999999999999832e-04 -1.140000000000000063e-04 1.000000000000000000e+00 1.686599999999999905e-02 9.998580000000000245e-01 1.090000000000000067e-04 -9.998580000000000245e-01 1.686599999999999905e-02 3.179999999999999776e-04
2.000000000000000000e+00 3.200000000000000000e+01 1.400000000000000000e+01 0.000000000000000000e+00 1.600000000000000089e+00 2.167999999999999788e-03 -1.100000000000000039e-04 -9.999980000000000535e-01 1.200459999999999999e-01 9.927679999999999838e-01 1.510000000000000112e-04 9.927660000000000373e-01 -1.200459999999999999e-01 2.164999999999999824e-03
2.800000000000000000e+01 3.200000000000000000e+01 1.400000000000000000e+01 0.000000000000000000e+00 1.600000000000000089e+00 1.005000000000000034e-03 1.482000000000000027e-03 -9.999980000000000535e-01 1.257220000000000004e-01 9.920639999999999459e-01 1.595999999999999979e-03 9.920649999999999746e-01 -1.257240000000000024e-01 8.099999999999999561e-04
8.000000000000000000e+00 1.200000000000000000e+01 1.500000000000000000e+01 0.000000000000000000e+00 1.600000000000000089e+00 4.880999999999999922e-03 5.284999999999999767e-03 -9.999740000000000295e-01 -4.687769999999999992e-01 -8.832889999999999908e-01 -6.956999999999999643e-03 -8.833029999999999493e-01 4.687990000000000212e-01 -1.832999999999999994e-03
1.500000000000000000e+01 1.160000000000000000e+02 1.600000000000000000e+01 0.000000000000000000e+00 1.600000000000000089e+00 -1.691000000000000012e-03 -2.356000000000000021e-03 9.999959999999999960e-01 7.016160000000000174e-01 7.125489999999999879e-01 2.864999999999999925e-03 -7.125529999999999919e-01 7.016179999999999639e-01 4.479999999999999933e-04
1.900000000000000000e+01 1.160000000000000000e+02 1.600000000000000000e+01 0.000000000000000000e+00 1.600000000000000089e+00 -8.970000000000000109e-04 -6.639999999999999852e-04 9.999989999999999712e-01 6.774839999999999751e-01 7.355369999999999964e-01 1.095999999999999969e-03 -7.355369999999999964e-01 6.774839999999999751e-01 -2.100000000000000087e-04
2.200000000000000000e+01 1.160000000000000000e+02 1.600000000000000000e+01 0.000000000000000000e+00 1.600000000000000089e+00 7.159999999999999481e-04 8.899999999999999491e-04 9.999989999999999712e-01 6.721070000000000100e-01 7.404530000000000278e-01 -1.139999999999999954e-03 -7.404539999999999456e-01 6.721070000000000100e-01 -6.899999999999999667e-05
3.000000000000000000e+00 2.000000000000000000e+00 1.900000000000000000e+01 0.000000000000000000e+00 1.600000000000000089e+00 2.063000000000000164e-03 5.832000000000000378e-03 -9.999810000000000088e-01 1.693099999999999883e-01 -9.855479999999999796e-01 -5.398000000000000020e-03 -9.855610000000000204e-01 -1.692960000000000020e-01 -3.020999999999999814e-03
9.000000000000000000e+00 2.000000000000000000e+00 1.900000000000000000e+01 0.000000000000000000e+00 1.600000000000000089e+00 -1.830999999999999945e-03 8.459999999999999638e-04 -9.999980000000000535e-01 1.687800000000000133e-01 -9.856530000000000014e-01 -1.142999999999999919e-03 -9.856519999999999726e-01 -1.687819999999999876e-01 1.662000000000000066e-03
1.300000000000000000e+01 2.000000000000000000e+00 1.900000000000000000e+01 0.000000000000000000e+00 1.600000000000000089e+00 -1.064000000000000059e-03 4.375999999999999682e-03 -9.999900000000000455e-01 1.607520000000000060e-01 -9.869850000000000012e-01 -4.491000000000000200e-03 -9.869940000000000380e-01 -1.607550000000000090e-01 3.469999999999999777e-04
1.800000000000000000e+01 2.000000000000000000e+00 1.900000000000000000e+01 0.000000000000000000e+00 1.600000000000000089e+00 3.282999999999999894e-03 2.030000000000000012e-04 -9.999949999999999672e-01 1.601819999999999911e-01 -9.870870000000000477e-01 3.260000000000000094e-04 -9.870820000000000149e-01 -1.601819999999999911e-01 -3.272999999999999868e-03
2.100000000000000000e+01 2.000000000000000000e+00 1.900000000000000000e+01 0.000000000000000000e+00 1.600000000000000089e+00 2.910999999999999959e-03 -1.804999999999999964e-03 -9.999940000000000495e-01 1.613860000000000017e-01 -9.868890000000000162e-01 2.250999999999999963e-03 -9.868869999999999587e-01 -1.613920000000000077e-01 -2.580999999999999961e-03
2.600000000000000000e+01 2.000000000000000000e+00 1.900000000000000000e+01 0.000000000000000000e+00 1.600000000000000089e+00 -5.869999999999999567e-04 -8.501999999999999141e-03 -9.999639999999999640e-01 1.615209999999999979e-01 -9.868339999999999890e-01 8.295999999999999555e-03 -9.868689999999999962e-01 -1.615099999999999869e-01 1.951999999999999959e-03
1.000000000000000000e+00 1.300000000000000000e+01 2.000000000000000000e+01 0.000000000000000000e+00 1.600000000000000089e+00 -7.720000000000000083e-04 6.962999999999999572e-03 9.999749999999999472e-01 2.614079999999999737e-01 9.652060000000000084e-01 -6.518999999999999621e-03 -9.652279999999999749e-01 2.613969999999999905e-01 -2.565000000000000006e-03
5.000000000000000000e+00 1.300000000000000000e+01 2.000000000000000000e+01 0.000000000000000000e+00 1.600000000000000089e+00 -1.369999999999999907e-03 4.299999999999999894e-04 9.999989999999999712e-01 2.632590000000000208e-01 9.647250000000000547e-01 -5.399999999999999798e-05 -9.647240000000000260e-01 2.632590000000000208e-01 -1.435000000000000078e-03
1.400000000000000000e+01 1.300000000000000000e+01 2.000000000000000000e+01 0.000000000000000000e+00 1.600000000000000089e+00 9.899999999999999404e-05 -1.871000000000000050e-03 9.999980000000000535e-01 2.608170000000000210e-01 9.653869999999999951e-01 1.779999999999999898e-03 -9.653880000000000239e-01 2.608159999999999923e-01 5.829999999999999679e-04
2.000000000000000000e+01 1.300000000000000000e+01 2.000000000000000000e+01 0.000000000000000000e+00 1.600000000000000089e+00 1.077999999999999965e-03 -2.609000000000000208e-03 9.999959999999999960e-01 2.620580000000000132e-01 9.650499999999999634e-01 2.236000000000000140e-03 -9.650520000000000209e-01 2.620540000000000092e-01 1.724000000000000055e-03
2.500000000000000000e+01 1.300000000000000000e+01 2.000000000000000000e+01 0.000000000000000000e+00 1.600000000000000089e+00 9.859999999999998974e-04 8.310000000000000329e-04 9.999989999999999712e-01 2.620799999999999796e-01 9.650459999999999594e-01 -1.061000000000000094e-03 -9.650459999999999594e-01 2.620810000000000084e-01 7.330000000000000361e-04
2.900000000000000000e+01 1.300000000000000000e+01 2.000000000000000000e+01 0.000000000000000000e+00 1.600000000000000089e+00 8.549999999999999658e-04 4.184000000000000219e-03 9.999909999999999632e-01 2.613360000000000127e-01 9.652389999999999581e-01 -4.262000000000000163e-03 -9.652479999999999949e-01 2.613369999999999860e-01 -2.689999999999999791e-04
1.400000000000000000e+01 1.600000000000000000e+01 2.100000000000000000e+01 0.000000000000000000e+00 1.600000000000000089e+00 6.610000000000000207e-04 4.180000000000000230e-04 1.000000000000000000e+00 2.990099999999999980e-01 9.542500000000000426e-01 -5.959999999999999586e-04 -9.542500000000000426e-01 2.990110000000000268e-01 5.060000000000000478e-04
2.200000000000000000e+01 1.600000000000000000e+01 2.100000000000000000e+01 0.000000000000000000e+00 1.600000000000000089e+00 6.359999999999999551e-04 -1.461999999999999975e-03 9.999989999999999712e-01 2.978390000000000204e-01 9.546149999999999913e-01 1.206000000000000041e-03 -9.546160000000000201e-01 2.978370000000000184e-01 1.043000000000000090e-03
2.600000000000000000e+01 1.600000000000000000e+01 2.100000000000000000e+01 0.000000000000000000e+00 1.600000000000000089e+00 2.020000000000000040e-04 1.853999999999999962e-03 9.999980000000000535e-01 2.953359999999999874e-01 9.553920000000000190e-01 -1.830999999999999945e-03 -9.553939999999999655e-01 2.953350000000000142e-01 -3.550000000000000096e-04
3.000000000000000000e+01 1.600000000000000000e+01 2.100000000000000000e+01 0.000000000000000000e+00 1.600000000000000089e+00 9.600000000000000243e-05 2.256999999999999892e-03 9.999970000000000248e-01 2.947859999999999925e-01 9.555609999999999937e-01 -2.184999999999999876e-03 -9.555630000000000512e-01 2.947850000000000192e-01 -5.739999999999999660e-04
2.600000000000000000e+01 4.600000000000000000e+01 2.700000000000000000e+01 0.000000000000000000e+00 1.600000000000000089e+00 1.209999999999999921e-03 1.727999999999999935e-03 -9.999980000000000535e-01 6.877689999999999637e-01 7.259259999999999602e-01 2.086000000000000180e-03 7.259280000000000177e-01 -6.877699999999999925e-01 -3.099999999999999999e-04
1.100000000000000000e+01 4.600000000000000000e+01 3.000000000000000000e+01 0.000000000000000000e+00 1.600000000000000089e+00 5.000000000000000240e-05 -4.640000000000000027e-04 -1.000000000000000000e+00 3.367850000000000010e-01 9.415820000000000300e-01 -4.200000000000000174e-04 9.415820000000000300e-01 -3.367850000000000010e-01 2.030000000000000012e-04
4.000000000000000000e+00 5.800000000000000000e+01 3.100000000000000000e+01 0.000000000000000000e+00 1.600000000000000089e+00 -5.029999999999999749e-04 1.979999999999999881e-04 1.000000000000000000e+00 -7.969979999999999842e-01 -6.039820000000000189e-01 -2.809999999999999998e-04 6.039820000000000189e-01 -7.969979999999999842e-01 4.609999999999999840e-04
1.200000000000000000e+01 5.800000000000000000e+01 3.100000000000000000e+01 0.000000000000000000e+00 1.600000000000000089e+00 -1.703000000000000087e-03 2.020000000000000040e-04 9.999989999999999712e-01 -7.981549999999999478e-01 -6.024509999999999588e-01 -1.237999999999999951e-03 6.024500000000000410e-01 -7.981559999999999766e-01 1.188000000000000037e-03
1.700000000000000000e+01 5.800000000000000000e+01 3.100000000000000000e+01 0.000000000000000000e+00 1.600000000000000089e+00 1.420000000000000092e-04 5.770000000000000389e-04 1.000000000000000000e+00 -7.968399999999999928e-01 -6.041900000000000048e-01 4.620000000000000083e-04 6.041900000000000048e-01 -7.968399999999999928e-01 3.739999999999999835e-04
2.300000000000000000e+01 5.800000000000000000e+01 3.100000000000000000e+01 0.000000000000000000e+00 1.600000000000000089e+00 -1.016999999999999892e-03 -8.600000000000000331e-05 9.999989999999999712e-01 -7.980610000000000204e-01 -6.025770000000000293e-01 -8.639999999999999677e-04 6.025760000000000005e-01 -7.980610000000000204e-01 5.439999999999999957e-04
2.800000000000000000e+01 5.800000000000000000e+01 3.100000000000000000e+01 0.000000000000000000e+00 1.600000000000000089e+00 1.649999999999999991e-04 -3.325999999999999963e-03 9.999949999999999672e-01 -7.965330000000000465e-01 -6.045920000000000183e-01 -1.879000000000000028e-03 6.045949999999999935e-01 -7.965290000000000425e-01 -2.749000000000000141e-03
1.900000000000000000e+01 3.200000000000000000e+01 3.300000000000000000e+01 0.000000000000000000e+00 1.600000000000000089e+00 2.000000000000000042e-03 1.997000000000000077e-03 9.999959999999999960e-01 -2.691890000000000116e-01 9.630859999999999976e-01 -1.384999999999999946e-03 -9.630849999999999689e-01 -2.691850000000000076e-01 2.462999999999999912e-03
2.000000000000000000e+00 4.600000000000000000e+01 3.500000000000000000e+01 0.000000000000000000e+00 1.600000000000000089e+00 -1.724000000000000055e-03 7.335999999999999639e-03 -9.999719999999999720e-01 3.911859999999999782e-01 -9.202820000000000444e-01 -7.426000000000000309e-03 -9.203099999999999614e-01 -3.911879999999999802e-01 -1.283000000000000069e-03
5.000000000000000000e+00 4.600000000000000000e+01 3.500000000000000000e+01 0.000000000000000000e+00 1.600000000000000089e+00 -5.569999999999999864e-04 1.899999999999999996e-03 -9.999980000000000535e-01 3.911499999999999977e-01 -9.203249999999999487e-01 -1.965999999999999866e-03 -9.203270000000000062e-01 -3.911499999999999977e-01 -2.300000000000000070e-04
1.200000000000000000e+01 4.600000000000000000e+01 3.500000000000000000e+01 0.000000000000000000e+00 1.600000000000000089e+00 4.169999999999999987e-04 2.639999999999999986e-03 -9.999959999999999960e-01 3.909850000000000270e-01 -9.203940000000000454e-01 -2.266999999999999918e-03 -9.203970000000000207e-01 -3.909830000000000250e-01 -1.415999999999999941e-03
2.000000000000000000e+01 4.600000000000000000e+01 3.500000000000000000e+01 0.000000000000000000e+00 1.600000000000000089e+00 9.179999999999999792e-04 -5.733000000000000249e-03 -9.999829999999999552e-01 3.901680000000000148e-01 -9.207269999999999621e-01 5.636000000000000384e-03 -9.207429999999999781e-01 -3.901660000000000128e-01 1.392000000000000008e-03
2.400000000000000000e+01 4.600000000000000000e+01 3.500000000000000000e+01 0.000000000000000000e+00 1.600000000000000089e+00 1.949999999999999965e-04 -6.089999999999999494e-04 -1.000000000000000000e+00 3.894029999999999991e-01 -9.210669999999999691e-01 6.369999999999999794e-04 -9.210679999999999978e-01 -3.894029999999999991e-01 5.700000000000000314e-05
2.000000000000000000e+00 9.500000000000000000e+01 3.600000000000000000e+01 0.000000000000000000e+00 1.600000000000000089e+00 1.121899999999999981e-02 2.253300000000000095e-02 9.996829999999999883e-01 9.963940000000000019e-01 8.383899999999999686e-02 -1.307200000000000029e-02 -8.410700000000000121e-02 9.962250000000000272e-01 -2.151099999999999887e-02
6.000000000000000000e+00 9.500000000000000000e+01 3.600000000000000000e+01 0.000000000000000000e+00 1.600000000000000089e+00 4.389999999999999805e-03 1.901399999999999965e-02 9.998099999999999765e-01 9.967200000000000504e-01 8.070900000000000296e-02 -5.910999999999999588e-03 -8.080600000000000283e-02 9.965559999999999974e-01 -1.859699999999999895e-02
1.000000000000000000e+01 9.500000000000000000e+01 3.600000000000000000e+01 0.000000000000000000e+00 1.600000000000000089e+00 -7.259999999999999743e-04 -9.353999999999999468e-03 9.999559999999999560e-01 9.972330000000000361e-01 7.432300000000000018e-02 1.418999999999999906e-03 -7.433299999999999630e-02 9.971900000000000208e-01 9.273999999999999258e-03
1.300000000000000000e+01 9.500000000000000000e+01 3.600000000000000000e+01 0.000000000000000000e+00 1.600000000000000089e+00 -3.027000000000000177e-03 -2.520100000000000118e-02 9.996779999999999555e-01 9.972739999999999938e-01 7.362900000000000000e-02 4.874999999999999993e-03 -7.372800000000000187e-02 9.969670000000000476e-01 2.490900000000000059e-02
1.600000000000000000e+01 9.500000000000000000e+01 3.600000000000000000e+01 0.000000000000000000e+00 1.600000000000000089e+00 -2.138999999999999842e-03 -1.842399999999999941e-02 9.998280000000000500e-01 9.973090000000000011e-01 7.323300000000000642e-02 3.482999999999999985e-03 -7.328500000000000292e-02 9.971449999999999481e-01 1.821700000000000055e-02
2.100000000000000000e+01 9.500000000000000000e+01 3.600000000000000000e+01 0.000000000000000000e+00 1.600000000000000089e+00 -1.257000000000000088e-03 3.980000000000000031e-03 9.999909999999999632e-01 9.970390000000000086e-01 7.688599999999999601e-02 9.470000000000000336e-04 -7.688100000000000489e-02 9.970320000000000293e-01 -4.065000000000000037e-03
2.400000000000000000e+01 9.500000000000000000e+01 3.600000000000000000e+01 0.000000000000000000e+00 1.600000000000000089e+00 -9.000000000000000567e-05 6.497000000000000171e-03 9.999789999999999512e-01 9.968420000000000059e-01 7.940899999999999348e-02 -4.270000000000000249e-04 -7.940999999999999448e-02 9.968209999999999571e-01 -6.483000000000000047e-03
1.000000000000000000e+00 3.000000000000000000e+00 4.300000000000000000e+01 0.000000000000000000e+00 1.600000000000000089e+00 3.531999999999999983e-03 -5.778000000000000150e-03 -9.999770000000000048e-01 7.374469999999999636e-01 -6.753740000000000299e-01 6.507999999999999896e-03 -6.753959999999999964e-01 -7.374530000000000252e-01 1.876000000000000063e-03
7.000000000000000000e+00 3.000000000000000000e+00 4.300000000000000000e+01 0.000000000000000000e+00 1.600000000000000089e+00 2.250999999999999963e-03 7.401999999999999726e-03 -9.999700000000000255e-01 7.390010000000000190e-01 -6.736959999999999615e-01 -3.322999999999999999e-03 -6.736999999999999655e-01 -7.389719999999999622e-01 -6.986000000000000022e-03
1.200000000000000000e+01 3.000000000000000000e+00 4.300000000000000000e+01 0.000000000000000000e+00 1.600000000000000089e+00 -2.732000000000000053e-03 -6.237999999999999622e-03 -9.999770000000000048e-01 7.388559999999999572e-01 -6.738589999999999858e-01 2.184999999999999876e-03 -6.738579999999999570e-01 -7.388329999999999620e-01 6.448999999999999871e-03
1.800000000000000000e+01 3.000000000000000000e+00 4.300000000000000000e+01 0.000000000000000000e+00 1.600000000000000089e+00 1.427000000000000100e-03 9.890000000000000787e-04 -9.999980000000000535e-01 7.357789999999999608e-01 -6.772219999999999906e-01 3.800000000000000209e-04 -6.772200000000000442e-01 -7.357780000000000431e-01 -1.693999999999999976e-03
1.000000000000000000e+01 8.000000000000000000e+00 4.400000000000000000e+01 0.000000000000000000e+00 1.600000000000000089e+00 -2.509999999999999753e-04 1.624000000000000010e-03 9.999989999999999712e-01 -7.875170000000000226e-01 -6.162919999999999510e-01 8.040000000000000271e-04 6.162919999999999510e-01 -7.875159999999999938e-01 1.433000000000000029e-03
1.900000000000000000e+01 8.000000000000000000e+00 4.400000000000000000e+01 0.000000000000000000e+00 1.600000000000000089e+00 -3.800000000000000209e-05 1.399999999999999986e-03 9.999989999999999712e-01 -7.837429999999999675e-01 -6.210839999999999694e-01 8.390000000000000105e-04 6.210849999999999982e-01 -7.837420000000000497e-01 1.121000000000000035e-03
4.000000000000000000e+00 2.900000000000000000e+01 4.400000000000000000e+01 0.000000000000000000e+00 1.600000000000000089e+00 3.611000000000000060e-03 2.229999999999999994e-04 -9.999930000000000208e-01 6.712829999999999631e-01 7.411969999999999947e-01 2.589999999999999854e-03 7.411919999999999620e-01 -6.712879999999999958e-01 2.527000000000000166e-03
9.000000000000000000e+00 2.900000000000000000e+01 4.400000000000000000e+01 0.000000000000000000e+00 1.600000000000000089e+00 1.116999999999999937e-03 -2.425000000000000072e-03 -9.999959999999999960e-01 6.768319999999999892e-01 7.361370000000000413e-01 -1.030000000000000100e-03 7.361370000000000413e-01 -6.768279999999999852e-01 2.464000000000000044e-03
1.300000000000000000e+01 2.900000000000000000e+01 4.400000000000000000e+01 0.000000000000000000e+00 1.600000000000000089e+00 -3.611000000000000060e-03 -2.919999999999999853e-03 -9.999890000000000168e-01 6.773209999999999509e-01 7.356740000000000501e-01 -4.593999999999999993e-03 7.356789999999999718e-01 -6.773299999999999876e-01 -6.790000000000000245e-04
2.400000000000000000e+01 2.900000000000000000e+01 4.400000000000000000e+01 0.000000000000000000e+00 1.600000000000000089e+00 -1.794999999999999938e-03 3.759999999999999779e-04 -9.999980000000000535e-01 6.559359999999999635e-01 7.548160000000000425e-01 -8.930000000000000221e-04 7.548139999999999850e-01 -6.559359999999999635e-01 -1.600999999999999993e-03
1.700000000000000000e+01 7.000000000000000000e+01 4.700000000000000000e+01 0.000000000000000000e+00 1.600000000000000089e+00 -4.859999999999999954e-04 -3.849999999999999798e-04 -1.000000000000000000e+00 -8.423040000000000527e-01 -5.390030000000000099e-01 6.170000000000000354e-04 -5.390030000000000099e-01 8.423040000000000527e-01 -6.200000000000000270e-05
1.800000000000000000e+01 6.000000000000000000e+00 5.100000000000000000e+01 0.000000000000000000e+00 1.600000000000000089e+00 -1.466000000000000072e-03 -2.269999999999999882e-04 -9.999989999999999712e-01 3.236020000000000008e-01 -9.461929999999999508e-01 -2.599999999999999772e-04 -9.461920000000000330e-01 -3.236020000000000008e-01 1.461000000000000059e-03
1.300000000000000000e+01 1.150000000000000000e+02 5.100000000000000000e+01 0.000000000000000000e+00 1.600000000000000089e+00 -1.814999999999999990e-03 -4.884999999999999586e-03 9.999860000000000415e-01 8.440900000000000070e-01 -5.362000000000000099e-01 -1.087000000000000076e-03 5.361979999999999524e-01 8.440769999999999662e-01 5.095999999999999835e-03
2.100000000000000000e+01 7.000000000000000000e+00 5.200000000000000000e+01 0.000000000000000000e+00 1.600000000000000089e+00 3.563000000000000195e-03 -2.521999999999999936e-03 -9.999909999999999632e-01 8.889099999999999779e-02 -9.960369999999999502e-01 2.828999999999999918e-03 -9.960350000000000037e-01 -8.890099999999999392e-02 -3.324999999999999831e-03
4.000000000000000000e+00 6.300000000000000000e+01 5.400000000000000000e+01 0.000000000000000000e+00 1.600000000000000089e+00 -1.201999999999999943e-03 -4.899999999999999842e-04 9.999989999999999712e-01 -3.566420000000000146e-01 9.342409999999999881e-01 2.900000000000000017e-05 -9.342399999999999594e-01 -3.566420000000000146e-01 -1.297999999999999892e-03
1.100000000000000000e+01 6.300000000000000000e+01 5.400000000000000000e+01 0.000000000000000000e+00 1.600000000000000089e+00 1.745999999999999939e-03 -1.477999999999999930e-03 9.999970000000000248e-01 -3.503299999999999748e-01 9.366240000000000121e-01 1.995999999999999944e-03 -9.366250000000000409e-01 -3.503319999999999768e-01 1.116999999999999937e-03
1.800000000000000000e+01 6.300000000000000000e+01 5.400000000000000000e+01 0.000000000000000000e+00 1.600000000000000089e+00 -6.980000000000000527e-04 -1.000000000000000048e-04 1.000000000000000000e+00 -3.534530000000000172e-01 9.354519999999999502e-01 -1.540000000000000028e-04 -9.354519999999999502e-01 -3.534530000000000172e-01 -6.890000000000000508e-04
2.400000000000000000e+01 6.300000000000000000e+01 5.400000000000000000e+01 0.000000000000000000e+00 1.600000000000000089e+00 4.879999999999999898e-04 3.994000000000000154e-03 9.999919999999999920e-01 -3.559760000000000146e-01 9.344879999999999853e-01 -3.557999999999999965e-03 -9.344949999999999646e-01 -3.559709999999999819e-01 1.877999999999999895e-03
2.700000000000000000e+01 6.300000000000000000e+01 5.400000000000000000e+01 0.000000000000000000e+00 1.600000000000000089e+00 -7.240000000000000342e-04 3.089000000000000166e-03 9.999949999999999672e-01 -3.574309999999999987e-01 9.339340000000000419e-01 -3.142999999999999960e-03 -9.339389999999999636e-01 -3.574309999999999987e-01 4.279999999999999950e-04
2.900000000000000000e+01 6.300000000000000000e+01 5.400000000000000000e+01 0.000000000000000000e+00 1.600000000000000089e+00 -1.049000000000000019e-03 1.062000000000000010e-03 9.999989999999999712e-01 -3.570670000000000233e-01 9.340779999999999639e-01 -1.366999999999999943e-03 -9.340779999999999639e-01 -3.570679999999999965e-01 -5.999999999999999474e-04
2.000000000000000000e+00 2.500000000000000000e+01 5.500000000000000000e+01 0.000000000000000000e+00 1.600000000000000089e+00 9.899999999999999404e-05 -5.610999999999999668e-03 -9.999839999999999840e-01 -1.012500000000000032e-02 -9.999329999999999607e-01 5.610000000000000403e-03 -9.999489999999999768e-01 1.012399999999999932e-02 -1.559999999999999972e-04
9.000000000000000000e+00 2.500000000000000000e+01 5.500000000000000000e+01 0.000000000000000000e+00 1.600000000000000089e+00 1.659999999999999963e-04 2.488000000000000194e-03 -9.999970000000000248e-01 -1.083699999999999941e-02 -9.999379999999999935e-01 -2.488999999999999893e-03 -9.999409999999999688e-01 1.083699999999999941e-02 -1.389999999999999905e-04
1.300000000000000000e+01 2.500000000000000000e+01 5.500000000000000000e+01 0.000000000000000000e+00 1.600000000000000089e+00 4.970000000000000459e-04 1.495000000000000018e-03 -9.999989999999999712e-01 -1.126599999999999997e-02 -9.999350000000000183e-01 -1.500000000000000031e-03 -9.999360000000000470e-01 1.126699999999999924e-02 -4.800000000000000122e-04
1.800000000000000000e+01 2.500000000000000000e+01 5.500000000000000000e+01 0.000000000000000000e+00 1.600000000000000089e+00 -4.510000000000000120e-04 -1.525000000000000097e-03 -9.999989999999999712e-01 -1.206499999999999934e-02 -9.999259999999999815e-01 1.529999999999999893e-03 -9.999270000000000103e-01 1.206499999999999934e-02 4.319999999999999838e-04
2.200000000000000000e+01 2.500000000000000000e+01 5.500000000000000000e+01 0.000000000000000000e+00 1.600000000000000089e+00 1.479000000000000063e-03 -2.339999999999999958e-04 -9.999989999999999712e-01 -1.240400000000000010e-02 -9.999230000000000063e-01 2.159999999999999919e-04 -9.999219999999999775e-01 1.240300000000000083e-02 -1.482000000000000027e-03
2.800000000000000000e+01 2.500000000000000000e+01 5.500000000000000000e+01 0.000000000000000000e+00 1.600000000000000089e+00 -3.800000000000000209e-04 -2.423999999999999939e-03 -9.999970000000000248e-01 -1.225599999999999953e-02 -9.999219999999999775e-01 2.428000000000000037e-03 -9.999249999999999527e-01 1.225700000000000053e-02 3.510000000000000208e-04
3.000000000000000000e+00 5.800000000000000000e+01 5.900000000000000000e+01 0.000000000000000000e+00 1.600000000000000089e+00 -2.018999999999999961e-03 -5.143000000000000002e-03 -9.999850000000000128e-01 3.825299999999999812e-01 9.239260000000000250e-01 -5.524000000000000264e-03 9.239410000000000123e-01 -3.825350000000000139e-01 1.019999999999999992e-04
6.000000000000000000e+00 6.000000000000000000e+00 6.100000000000000000e+01 0.000000000000000000e+00 1.600000000000000089e+00 3.029999999999999924e-04 1.046899999999999914e-02 9.999449999999999728e-01 5.623129999999999518e-01 -8.268809999999999771e-01 8.486999999999999753e-03 8.269250000000000211e-01 5.622789999999999733e-01 -6.138000000000000227e-03
7.000000000000000000e+00 2.700000000000000000e+01 6.300000000000000000e+01 0.000000000000000000e+00 1.600000000000000089e+00 4.079999999999999968e-04 -1.899000000000000080e-03 9.999980000000000535e-01 -2.816600000000000215e-01 9.595120000000000315e-01 1.936999999999999920e-03 -9.595139999999999780e-01 -2.816609999999999947e-01 -1.430000000000000064e-04
1.100000000000000000e+01 2.700000000000000000e+01 6.300000000000000000e+01 0.000000000000000000e+00 1.600000000000000089e+00 2.877999999999999916e-03 3.611000000000000060e-03 9.999890000000000168e-01 -2.835289999999999755e-01 9.589600000000000346e-01 -2.647000000000000047e-03 -9.589590000000000058e-01 -2.835179999999999922e-01 3.784000000000000037e-03
1.500000000000000000e+01 2.700000000000000000e+01 6.300000000000000000e+01 0.000000000000000000e+00 1.600000000000000089e+00 2.079000000000000119e-03 2.446999999999999956e-03 9.999949999999999672e-01 -2.846110000000000029e-01 9.586409999999999654e-01 -1.753999999999999917e-03 -9.586409999999999654e-01 -2.846060000000000256e-01 2.690000000000000117e-03
2.300000000000000000e+01 2.700000000000000000e+01 6.300000000000000000e+01 0.000000000000000000e+00 1.600000000000000089e+00 1.812000000000000026e-03 -6.679999999999999740e-04 9.999980000000000535e-01 -2.876819999999999933e-01 9.577250000000000485e-01 1.162000000000000055e-03 -9.577240000000000197e-01 -2.876830000000000220e-01 1.543000000000000101e-03
2.700000000000000000e+01 2.700000000000000000e+01 6.300000000000000000e+01 0.000000000000000000e+00 1.600000000000000089e+00 -6.480000000000000300e-04 5.420999999999999604e-03 9.999850000000000128e-01 -2.908129999999999882e-01 9.567649999999999766e-01 -5.374999999999999570e-03 -9.567799999999999638e-01 -2.908120000000000149e-01 9.560000000000000355e-04
7.000000000000000000e+00 2.600000000000000000e+01 6.400000000000000000e+01 0.000000000000000000e+00 1.600000000000000089e+00 8.970000000000000109e-04 -2.903999999999999897e-03 9.999949999999999672e-01 -3.668219999999999814e-01 9.302859999999999463e-01 3.030000000000000141e-03 -9.302909999999999791e-01 -3.668230000000000102e-01 -2.300000000000000070e-04
1.000000000000000000e+01 2.600000000000000000e+01 6.400000000000000000e+01 0.000000000000000000e+00 1.600000000000000089e+00 2.801000000000000104e-03 3.163000000000000013e-03 9.999909999999999632e-01 -3.679450000000000220e-01 9.298459999999999503e-01 -1.910999999999999938e-03 -9.298429999999999751e-01 -3.679359999999999853e-01 3.769000000000000215e-03
1.500000000000000000e+01 2.600000000000000000e+01 6.400000000000000000e+01 0.000000000000000000e+00 1.600000000000000089e+00 2.347000000000000128e-03 1.991999999999999847e-03 9.999949999999999672e-01 -3.689350000000000129e-01 9.294550000000000312e-01 -9.859999999999998974e-04 -9.294519999999999449e-01 -3.689310000000000089e-01 2.916999999999999888e-03
2.300000000000000000e+01 2.600000000000000000e+01 6.400000000000000000e+01 0.000000000000000000e+00 1.600000000000000089e+00 3.717999999999999951e-03 1.343999999999999926e-03 9.999919999999999920e-01 -3.709180000000000255e-01 9.286649999999999627e-01 1.310000000000000129e-04 -9.286579999999999835e-01 -3.709160000000000235e-01 3.950999999999999651e-03
2.700000000000000000e+01 2.600000000000000000e+01 6.400000000000000000e+01 0.000000000000000000e+00 1.600000000000000089e+00 -7.339999999999999520e-04 7.834999999999999951e-03 9.999689999999999968e-01 -3.717409999999999881e-01 9.283059999999999645e-01 -7.545999999999999756e-03 -9.283360000000000500e-01 -3.717349999999999821e-01 2.230999999999999910e-03
9.000000000000000000e+00 6.900000000000000000e+01 6.600000000000000000e+01 0.000000000000000000e+00 1.600000000000000089e+00 3.782999999999999904e-03 -1.819000000000000087e-03 9.999909999999999632e-01 -9.501129999999999853e-01 3.118779999999999886e-01 4.161999999999999901e-03 -3.118819999999999926e-01 -9.501209999999999933e-01 -5.479999999999999845e-04
3.000000000000000000e+00 2.500000000000000000e+01 7.300000000000000000e+01 0.000000000000000000e+00 1.600000000000000089e+00 -7.200000000000000453e-04 4.468999999999999882e-03 9.999900000000000455e-01 7.549620000000000219e-01 -6.557589999999999808e-01 3.474000000000000091e-03 6.557680000000000176e-01 7.549569999999999892e-01 -2.902000000000000066e-03
8.000000000000000000e+00 2.500000000000000000e+01 7.300000000000000000e+01 0.000000000000000000e+00 1.600000000000000089e+00 2.939999999999999905e-04 1.134999999999999941e-03 9.999989999999999712e-01 7.523509999999999920e-01 -6.587619999999999587e-01 5.259999999999999919e-04 6.587619999999999587e-01 7.523499999999999632e-01 -1.048000000000000103e-03
1.400000000000000000e+01 2.500000000000000000e+01 7.300000000000000000e+01 0.000000000000000000e+00 1.600000000000000089e+00 3.060000000000000111e-04 -1.688999999999999963e-03 9.999989999999999712e-01 7.501959999999999740e-01 -6.612139999999999684e-01 -1.345999999999999974e-03 6.612160000000000259e-01 7.501949999999999452e-01 1.064000000000000059e-03
1.800000000000000000e+01 2.500000000000000000e+01 7.300000000000000000e+01 0.000000000000000000e+00 1.600000000000000089e+00 -3.883000000000000167e-03 -2.592000000000000120e-03 9.999890000000000168e-01 7.518960000000000088e-01 -6.592799999999999772e-01 1.211000000000000054e-03 6.592700000000000227e-01 7.518930000000000335e-01 4.508999999999999987e-03
3.000000000000000000e+00 4.400000000000000000e+01 7.300000000000000000e+01 0.000000000000000000e+00 1.600000000000000089e+00 1.195000000000000099e-03 4.889999999999999599e-04 9.999989999999999712e-01 5.228300000000000308e-02 -9.986319999999999641e-01 4.260000000000000006e-04 9.986319999999999641e-01 5.228200000000000208e-02 -1.219000000000000031e-03
7.000000000000000000e+00 4.400000000000000000e+01 7.300000000000000000e+01 0.000000000000000000e+00 1.600000000000000089e+00 3.710000000000000190e-04 -1.479999999999999925e-04 1.000000000000000000e+00 5.156000000000000166e-02 -9.986699999999999466e-01 -1.669999999999999935e-04 9.986699999999999466e-01 5.156000000000000166e-02 -3.629999999999999872e-04
1.100000000000000000e+01 4.400000000000000000e+01 7.300000000000000000e+01 0.000000000000000000e+00 1.600000000000000089e+00 1.312000000000000015e-03 7.590000000000000175e-04 9.999989999999999712e-01 5.329400000000000109e-02 -9.985789999999999944e-01 6.880000000000000265e-04 9.985779999999999657e-01 5.329300000000000009e-02 -1.350999999999999987e-03
1.700000000000000000e+01 4.400000000000000000e+01 7.300000000000000000e+01 0.000000000000000000e+00 1.600000000000000089e+00 1.103000000000000031e-03 4.284999999999999747e-03 9.999900000000000455e-01 5.510999999999999927e-02 -9.984709999999999974e-01 4.218000000000000395e-03 9.984800000000000342e-01 5.510500000000000120e-02 -1.337000000000000081e-03
2.400000000000000000e+01 4.400000000000000000e+01 7.300000000000000000e+01 0.000000000000000000e+00 1.600000000000000089e+00 8.319999999999999488e-04 2.579000000000000129e-03 9.999959999999999960e-01 5.488500000000000323e-02 -9.984889999999999599e-01 2.528999999999999998e-03 9.984920000000000462e-01 5.488300000000000123e-02 -9.719999999999999907e-04
2.800000000000000000e+01 4.400000000000000000e+01 7.300000000000000000e+01 0.000000000000000000e+00 1.600000000000000089e+00 -2.393999999999999861e-03 3.910000000000000172e-04 9.999970000000000248e-01 5.462899999999999701e-02 -9.985070000000000334e-01 5.209999999999999788e-04 9.985039999999999472e-01 5.462999999999999801e-02 2.369000000000000012e-03
2.800000000000000000e+01 2.500000000000000000e+01 7.400000000000000000e+01 0.000000000000000000e+00 1.600000000000000089e+00 2.178999999999999947e-03 6.088999999999999795e-03 9.999789999999999512e-01 8.293660000000000476e-01 -5.587029999999999497e-01 1.595000000000000064e-03 5.587010000000000032e-01 8.293449999999999989e-01 -6.267000000000000001e-03
