1.600000000000000000e+01 2.500000000000000000e+01 1.000000000000000000e+00 0.000000000000000000e+00 1.600000000000000089e+00 -1.361000000000000014e-03 2.990000000000000036e-04 -9.999989999999999712e-01 -5.313250000000000473e-01 -8.471680000000000321e-01 4.699999999999999859e-04 -8.471670000000000034e-01 5.313250000000000473e-01 1.311000000000000099e-03
2.600000000000000000e+01 2.500000000000000000e+01 1.000000000000000000e+00 0.000000000000000000e+00 1.600000000000000089e+00 7.600000000000000418e-05 -7.889000000000000179e-03 -9.999689999999999968e-01 -5.275320000000000009e-01 -8.495089999999999586e-01 6.661000000000000254e-03 -8.495350000000000401e-01 5.275149999999999562e-01 -4.225999999999999722e-03
4.000000000000000000e+00 1.500000000000000000e+01 4.000000000000000000e+00 0.000000000000000000e+00 1.600000000000000089e+00 -4.381000000000000345e-03 -7.545999999999999756e-03 9.999620000000000175e-01 3.199569999999999914e-01 -9.474150000000000071e-01 -5.747999999999999637e-03 9.474219999999999864e-01 3.199199999999999822e-01 6.564999999999999655e-03
8.000000000000000000e+00 1.500000000000000000e+01 4.000000000000000000e+00 0.000000000000000000e+00 1.600000000000000089e+00 8.859999999999999603e-04 3.308999999999999875e-03 9.999940000000000495e-01 3.189830000000000165e-01 -9.477560000000000429e-01 2.853000000000000067e-03 9.477600000000000469e-01 3.189790000000000125e-01 -1.894999999999999983e-03
1.400000000000000000e+01 1.500000000000000000e+01 4.000000000000000000e+00 0.000000000000000000e+00 1.600000000000000089e+00 6.549999999999999833e-04 2.167999999999999788e-03 9.999970000000000248e-01 3.257720000000000060e-01 -9.454470000000000374e-01 1.835999999999999958e-03 9.454479999999999551e-01 3.257700000000000040e-01 -1.325000000000000006e-03
1.700000000000000000e+01 1.500000000000000000e+01 4.000000000000000000e+00 0.000000000000000000e+00 1.600000000000000089e+00 -5.800000000000000034e-04 -3.190000000000000127e-03 9.999949999999999672e-01 3.182389999999999941e-01 -9.480060000000000153e-01 -2.838999999999999944e-03 9.480100000000000193e-01 3.182360000000000189e-01 1.564999999999999985e-03
2.400000000000000000e+01 1.500000000000000000e+01 4.000000000000000000e+00 0.000000000000000000e+00 1.600000000000000089e+00 -2.230999999999999910e-03 -7.524999999999999571e-03 9.999689999999999968e-01 3.107380000000000142e-01 -9.504740000000000411e-01 -6.459000000000000331e-03 9.504930000000000323e-01 3.107139999999999902e-01 4.459000000000000290e-03
2.900000000000000000e+01 1.500000000000000000e+01 4.000000000000000000e+00 0.000000000000000000e+00 1.600000000000000089e+00 2.469999999999999865e-04 -2.013000000000000032e-03 9.999980000000000535e-01 3.132090000000000152e-01 -9.496820000000000261e-01 -1.988999999999999883e-03 9.496839999999999726e-01 3.132090000000000152e-01 3.959999999999999762e-04
2.000000000000000000e+00 1.010000000000000000e+02 7.000000000000000000e+00 0.000000000000000000e+00 1.600000000000000089e+00 -4.650000000000000270e-04 -6.380000000000000037e-04 1.000000000000000000e+00 8.888160000000000505e-01 4.582640000000000047e-01 7.060000000000000303e-04 -4.582649999999999779e-01 8.888160000000000505e-01 3.539999999999999853e-04
7.000000000000000000e+00 1.010000000000000000e+02 7.000000000000000000e+00 0.000000000000000000e+00 1.600000000000000089e+00 -2.509999999999999753e-04 1.879999999999999944e-03 9.999980000000000535e-01 8.899979999999999558e-01 4.559639999999999804e-01 -6.340000000000000149e-04 -4.559639999999999804e-01 8.899960000000000093e-01 -1.786999999999999960e-03
5.000000000000000000e+00 2.500000000000000000e+01 8.000000000000000000e+00 0.000000000000000000e+00 1.600000000000000089e+00 7.529999999999999801e-04 -5.869999999999999567e-04 -1.000000000000000000e+00 4.478969999999999896e-01 8.940850000000000186e-01 -1.869999999999999917e-04 8.940850000000000186e-01 -4.478960000000000163e-01 9.359999999999999831e-04
1.000000000000000000e+01 2.500000000000000000e+01 8.000000000000000000e+00 0.000000000000000000e+00 1.600000000000000089e+00 -5.050000000000000235e-04 -4.616000000000000311e-03 -9.999890000000000168e-01 4.484079999999999733e-01 8.938180000000000014e-01 -4.351999999999999966e-03 8.938289999999999846e-01 -4.484060000000000268e-01 1.618999999999999996e-03
1.700000000000000000e+01 2.500000000000000000e+01 8.000000000000000000e+00 0.000000000000000000e+00 1.600000000000000089e+00 2.452999999999999885e-03 8.042999999999999802e-03 -9.999649999999999928e-01 4.480439999999999978e-01 8.939730000000000176e-01 8.288999999999999493e-03 8.940080000000000249e-01 -4.480480000000000018e-01 -1.410999999999999928e-03
2.300000000000000000e+01 2.500000000000000000e+01 8.000000000000000000e+00 0.000000000000000000e+00 1.600000000000000089e+00 -6.800000000000000488e-04 7.241000000000000041e-03 -9.999740000000000295e-01 4.450049999999999839e-01 8.955070000000000530e-01 6.181999999999999995e-03 8.955279999999999907e-01 -4.449890000000000234e-01 -3.831000000000000204e-03
2.900000000000000000e+01 2.500000000000000000e+01 8.000000000000000000e+00 0.000000000000000000e+00 1.600000000000000089e+00 1.550000000000000000e-04 1.746299999999999936e-02 -9.998479999999999590e-01 4.458719999999999906e-01 8.949589999999999490e-01 1.569999999999999868e-02 8.950970000000000315e-01 -4.458059999999999801e-01 -7.648000000000000284e-03
2.000000000000000000e+00 2.400000000000000000e+01 9.000000000000000000e+00 0.000000000000000000e+00 1.600000000000000089e+00 1.293000000000000095e-03 -1.672000000000000092e-03 -9.999980000000000535e-01 4.526850000000000041e-01 8.916699999999999626e-01 -9.049999999999999885e-04 8.916699999999999626e-01 -4.526830000000000020e-01 1.909000000000000107e-03
7.000000000000000000e+00 2.400000000000000000e+01 9.000000000000000000e+00 0.000000000000000000e+00 1.600000000000000089e+00 1.939999999999999993e-04 1.939999999999999993e-04 -1.000000000000000000e+00 4.535779999999999812e-01 8.912170000000000369e-01 2.610000000000000015e-04 8.912170000000000369e-01 -4.535779999999999812e-01 8.500000000000000611e-05
9.000000000000000000e+00 2.400000000000000000e+01 9.000000000000000000e+00 0.000000000000000000e+00 1.600000000000000089e+00 -2.519999999999999996e-04 -2.758000000000000035e-03 -9.999959999999999960e-01 4.537180000000000102e-01 8.911419999999999897e-01 -2.572000000000000067e-03 8.911449999999999649e-01 -4.537160000000000082e-01 1.026999999999999918e-03
1.700000000000000000e+01 2.400000000000000000e+01 9.000000000000000000e+00 0.000000000000000000e+00 1.600000000000000089e+00 2.886999999999999809e-03 8.883000000000000271e-03 -9.999559999999999560e-01 4.521490000000000231e-01 8.918949999999999934e-01 9.228000000000000091e-03 8.919380000000000086e-01 -4.521560000000000024e-01 -1.441999999999999922e-03
2.300000000000000000e+01 2.400000000000000000e+01 9.000000000000000000e+00 0.000000000000000000e+00 1.600000000000000089e+00 -1.002999999999999985e-03 7.781999999999999855e-03 -9.999689999999999968e-01 4.489989999999999815e-01 8.935089999999999977e-01 6.503000000000000100e-03 8.935319999999999929e-01 -4.489779999999999882e-01 -4.389999999999999805e-03
2.900000000000000000e+01 2.400000000000000000e+01 9.000000000000000000e+00 0.000000000000000000e+00 1.600000000000000089e+00 -2.410000000000000033e-04 1.678599999999999884e-02 -9.998590000000000533e-01 4.500190000000000023e-01 8.928949999999999942e-01 1.488199999999999940e-02 8.930190000000000072e-01 -4.499520000000000186e-01 -7.768999999999999864e-03
1.400000000000000000e+01 4.000000000000000000e+00 1.100000000000000000e+01 0.000000000000000000e+00 1.600000000000000089e+00 9.009999999999999997e-04 9.946999999999999245e-03 -9.999500000000000055e-01 2.327440000000000064e-01 9.724880000000000191e-01 9.884000000000000424e-03 9.725380000000000136e-01 -2.327410000000000034e-01 -1.438999999999999958e-03
1.700000000000000000e+01 4.000000000000000000e+00 1.100000000000000000e+01 0.000000000000000000e+00 1.600000000000000089e+00 -5.074000000000000385e-03 -2.870699999999999988e-02 -9.995749999999999913e-01 2.368460000000000010e-01 9.711119999999999752e-01 -2.909199999999999980e-02 9.715340000000000087e-01 -2.368919999999999915e-01 1.871999999999999966e-03
2.800000000000000000e+01 5.000000000000000000e+00 1.200000000000000000e+01 0.000000000000000000e+00 1.600000000000000089e+00 9.662000000000000449e-03 -8.476699999999999513e-02 9.963539999999999619e-01 -2.227909999999999890e-01 9.711720000000000352e-01 8.478499999999999925e-02 -9.748179999999999623e-01 -2.227979999999999960e-01 -9.502000000000000030e-03
5.000000000000000000e+00 3.100000000000000000e+01 1.200000000000000000e+01 0.000000000000000000e+00 1.600000000000000089e+00 6.560000000000000076e-04 2.242000000000000069e-03 9.999970000000000248e-01 5.379999999999999583e-04 9.999970000000000248e-01 -2.242000000000000069e-03 -1.000000000000000000e+00 5.389999999999999826e-04 6.549999999999999833e-04
9.000000000000000000e+00 3.100000000000000000e+01 1.200000000000000000e+01 0.000000000000000000e+00 1.600000000000000089e+00 5.649999999999999641e-04 3.445000000000000145e-03 9.999940000000000495e-01 4.142999999999999981e-03 9.999850000000000128e-01 -3.446999999999999977e-03 -9.999909999999999632e-01 4.145000000000000247e-03 5.509999999999999490e-04
1.500000000000000000e+01 3.100000000000000000e+01 1.200000000000000000e+01 0.000000000000000000e+00 1.600000000000000089e+00 -6.849999999999999535e-04 1.268000000000000030e-03 9.999989999999999712e-01 6.071000000000000008e-03 9.999810000000000088e-01 -1.263000000000000017e-03 -9.999810000000000088e-01 6.069999999999999875e-03 -6.930000000000000396e-04
1.900000000000000000e+01 3.100000000000000000e+01 1.200000000000000000e+01 0.000000000000000000e+00 1.600000000000000089e+00 -3.980000000000000248e-04 4.800999999999999712e-03 9.999879999999999880e-01 6.409999999999999899e-03 9.999679999999999680e-01 -4.798000000000000181e-03 -9.999789999999999512e-01 6.407999999999999634e-03 -4.290000000000000193e-04
2.400000000000000000e+01 3.100000000000000000e+01 1.200000000000000000e+01 0.000000000000000000e+00 1.600000000000000089e+00 2.364000000000000216e-03 -7.758000000000000139e-03 9.999670000000000503e-01 4.562000000000000083e-03 9.999599999999999600e-01 7.747000000000000414e-03 -9.999869999999999592e-01 4.544000000000000296e-03 2.399000000000000091e-03
3.000000000000000000e+01 3.100000000000000000e+01 1.200000000000000000e+01 0.000000000000000000e+00 1.600000000000000089e+00 3.648000000000000201e-03 1.925000000000000062e-03 9.999909999999999632e-01 -2.129999999999999949e-03 9.999959999999999960e-01 -1.917000000000000084e-03 -9.999909999999999632e-01 -2.122999999999999887e-03 3.651999999999999864e-03
4.000000000000000000e+00 3.500000000000000000e+01 1.200000000000000000e+01 0.000000000000000000e+00 1.600000000000000089e+00 -4.910000000000000085e-04 6.746000000000000260e-03 -9.999770000000000048e-01 5.759389999999999787e-01 -8.174719999999999764e-01 -5.798000000000000202e-03 -8.174930000000000252e-01 -5.759279999999999955e-01 -3.484000000000000118e-03
8.000000000000000000e+00 3.500000000000000000e+01 1.200000000000000000e+01 0.000000000000000000e+00 1.600000000000000089e+00 6.390000000000000280e-04 4.155999999999999972e-03 -9.999909999999999632e-01 5.932370000000000143e-01 -8.050220000000000153e-01 -2.967000000000000019e-03 -8.050279999999999658e-01 -5.932300000000000351e-01 -2.980000000000000010e-03
1.100000000000000000e+01 3.200000000000000000e+01 1.400000000000000000e+01 0.000000000000000000e+00 1.600000000000000089e+00 5.800000000000000034e-05 7.550000000000000287e-04 -1.000000000000000000e+00 9.904599999999999516e-02 9.950830000000000508e-01 7.569999999999999689e-04 9.950830000000000508e-01 -9.904599999999999516e-02 -1.699999999999999987e-05
4.000000000000000000e+00 1.200000000000000000e+01 1.500000000000000000e+01 0.000000000000000000e+00 1.600000000000000089e+00 1.454999999999999913e-03 4.070999999999999966e-03 -9.999909999999999632e-01 -4.705880000000000063e-01 -8.823419999999999597e-01 -4.276000000000000287e-03 -8.823520000000000252e-01 4.705900000000000083e-01 6.319999999999999663e-04
1.000000000000000000e+01 1.200000000000000000e+01 1.500000000000000000e+01 0.000000000000000000e+00 1.600000000000000089e+00 6.639999999999999852e-04 1.778000000000000067e-03 -9.999980000000000535e-01 -4.717580000000000107e-01 -8.817260000000000097e-01 -1.881000000000000076e-03 -8.817279999999999562e-01 4.717580000000000107e-01 2.530000000000000239e-04
1.400000000000000000e+01 1.200000000000000000e+01 1.500000000000000000e+01 0.000000000000000000e+00 1.600000000000000089e+00 1.137999999999999906e-03 1.039999999999999909e-03 -9.999989999999999712e-01 -4.721380000000000021e-01 -8.815229999999999455e-01 -1.454999999999999913e-03 -8.815239999999999743e-01 4.721389999999999754e-01 -5.119999999999999768e-04
2.100000000000000000e+01 1.200000000000000000e+01 1.500000000000000000e+01 0.000000000000000000e+00 1.600000000000000089e+00 8.739999999999999939e-04 5.637999999999999783e-03 -9.999839999999999840e-01 -4.693269999999999942e-01 -8.830080000000000151e-01 -5.388000000000000428e-03 -8.830240000000000311e-01 4.693240000000000189e-01 1.874999999999999931e-03
2.700000000000000000e+01 1.200000000000000000e+01 1.500000000000000000e+01 0.000000000000000000e+00 1.600000000000000089e+00 1.351999999999999903e-03 3.367000000000000201e-03 -9.999930000000000208e-01 -4.715750000000000219e-01 -8.818190000000000195e-01 -3.605999999999999830e-03 -8.818249999999999700e-01 4.715770000000000239e-01 3.959999999999999762e-04
5.000000000000000000e+00 1.100000000000000000e+01 1.600000000000000000e+01 0.000000000000000000e+00 1.600000000000000089e+00 6.160000000000000111e-04 2.586000000000000191e-03 -9.999959999999999960e-01 -4.165820000000000078e-01 -9.090939999999999577e-01 -2.608000000000000075e-03 -9.090979999999999617e-01 4.165820000000000078e-01 5.169999999999999899e-04
2.000000000000000000e+00 1.160000000000000000e+02 1.600000000000000000e+01 0.000000000000000000e+00 1.600000000000000089e+00 1.016999999999999892e-03 2.259000000000000157e-03 9.999970000000000248e-01 7.972660000000000302e-01 6.036240000000000494e-01 -2.174999999999999850e-03 -6.036270000000000246e-01 7.972660000000000302e-01 -1.186999999999999904e-03
4.000000000000000000e+00 1.160000000000000000e+02 1.600000000000000000e+01 0.000000000000000000e+00 1.600000000000000089e+00 1.386000000000000079e-03 7.389999999999999651e-04 9.999989999999999712e-01 7.903999999999999915e-01 6.125890000000000502e-01 -1.547999999999999897e-03 -6.125890000000000502e-01 7.904010000000000202e-01 2.649999999999999903e-04
7.000000000000000000e+00 2.000000000000000000e+00 1.900000000000000000e+01 0.000000000000000000e+00 1.600000000000000089e+00 9.105000000000000246e-03 -1.343100000000000023e-02 -9.998679999999999790e-01 2.289619999999999989e-01 -9.733169999999999877e-01 1.515900000000000060e-02 -9.733929999999999527e-01 -2.290689999999999948e-01 -5.786999999999999610e-03
1.200000000000000000e+01 2.000000000000000000e+00 1.900000000000000000e+01 0.000000000000000000e+00 1.600000000000000089e+00 4.066000000000000170e-03 -1.577699999999999936e-02 -9.998669999999999503e-01 2.239810000000000134e-01 -9.744570000000000176e-01 1.628699999999999939e-02 -9.745850000000000346e-01 -2.240179999999999949e-01 -4.279999999999999950e-04
1.800000000000000000e+01 2.000000000000000000e+00 1.900000000000000000e+01 0.000000000000000000e+00 1.600000000000000089e+00 -3.043000000000000132e-03 1.458000000000000095e-03 -9.999940000000000495e-01 2.161559999999999870e-01 -9.763570000000000304e-01 -2.082000000000000083e-03 -9.763540000000000552e-01 -2.161609999999999920e-01 2.655999999999999941e-03
2.700000000000000000e+01 2.000000000000000000e+00 1.900000000000000000e+01 0.000000000000000000e+00 1.600000000000000089e+00 -7.813000000000000500e-03 5.449999999999999983e-03 -9.999550000000000383e-01 2.172650000000000137e-01 -9.760870000000000379e-01 -7.016999999999999800e-03 -9.760809999999999764e-01 -2.173100000000000032e-01 6.441999999999999810e-03
2.200000000000000000e+01 4.000000000000000000e+00 2.000000000000000000e+01 0.000000000000000000e+00 1.600000000000000089e+00 1.469999999999999953e-03 -2.857999999999999863e-03 -9.999949999999999672e-01 3.390850000000000253e-01 -9.407499999999999751e-01 3.187000000000000163e-03 -9.407539999999999791e-01 -3.390880000000000005e-01 -4.139999999999999800e-04
4.000000000000000000e+00 1.300000000000000000e+01 2.000000000000000000e+01 0.000000000000000000e+00 1.600000000000000089e+00 5.410000000000000312e-04 2.563999999999999873e-03 9.999970000000000248e-01 2.582800000000000096e-01 9.660659999999999803e-01 -2.616999999999999969e-03 -9.660699999999999843e-01 2.582809999999999828e-01 -1.389999999999999905e-04
1.500000000000000000e+01 1.300000000000000000e+01 2.000000000000000000e+01 0.000000000000000000e+00 1.600000000000000089e+00 -1.379000000000000017e-03 -4.094000000000000417e-03 9.999909999999999632e-01 2.589670000000000027e-01 9.658769999999999856e-01 4.311999999999999861e-03 -9.658849999999999936e-01 2.589699999999999780e-01 -2.719999999999999979e-04
2.500000000000000000e+01 1.300000000000000000e+01 2.000000000000000000e+01 0.000000000000000000e+00 1.600000000000000089e+00 -1.642999999999999929e-03 -2.015999999999999997e-03 9.999970000000000248e-01 2.633539999999999770e-01 9.646959999999999980e-01 2.377000000000000206e-03 -9.646980000000000555e-01 2.633570000000000078e-01 -1.054000000000000032e-03
4.000000000000000000e+00 3.000000000000000000e+00 2.500000000000000000e+01 0.000000000000000000e+00 1.600000000000000089e+00 -5.882000000000000076e-03 2.091099999999999903e-02 9.997639999999999860e-01 -1.864599999999999938e-02 -9.996099999999999985e-01 2.079800000000000051e-02 9.998089999999999478e-01 -1.851900000000000074e-02 6.269000000000000267e-03
1.900000000000000000e+01 3.000000000000000000e+00 2.500000000000000000e+01 0.000000000000000000e+00 1.600000000000000089e+00 -2.328999999999999907e-03 -5.671999999999999958e-03 9.999810000000000088e-01 -2.012699999999999906e-02 -9.997810000000000308e-01 -5.717999999999999992e-03 9.997949999999999893e-01 -2.014000000000000165e-02 2.213999999999999822e-03
2.700000000000000000e+01 3.000000000000000000e+00 2.500000000000000000e+01 0.000000000000000000e+00 1.600000000000000089e+00 -1.515999999999999986e-03 -3.069000000000000113e-03 9.999940000000000495e-01 -2.262899999999999981e-02 -9.997390000000000443e-01 -3.102000000000000157e-03 9.997430000000000483e-01 -2.263400000000000134e-02 1.446000000000000020e-03
5.000000000000000000e+00 4.600000000000000000e+01 2.700000000000000000e+01 0.000000000000000000e+00 1.600000000000000089e+00 -1.033000000000000064e-03 2.080999999999999951e-03 -9.999970000000000248e-01 6.801939999999999653e-01 7.330309999999999881e-01 8.229999999999999469e-04 7.330309999999999881e-01 -6.801920000000000188e-01 -2.173000000000000018e-03
2.600000000000000000e+01 4.600000000000000000e+01 2.700000000000000000e+01 0.000000000000000000e+00 1.600000000000000089e+00 -2.841999999999999908e-03 1.425000000000000051e-03 -9.999949999999999672e-01 6.658460000000000489e-01 7.460890000000000022e-01 -8.289999999999999843e-04 7.460839999999999694e-01 -6.658450000000000202e-01 -3.069000000000000113e-03
1.100000000000000000e+01 4.600000000000000000e+01 3.000000000000000000e+01 0.000000000000000000e+00 1.600000000000000089e+00 2.520999999999999804e-03 2.135000000000000179e-03 -9.999949999999999672e-01 3.188840000000000008e-01 9.477900000000000214e-01 2.827999999999999785e-03 9.477900000000000214e-01 -3.188889999999999780e-01 1.709000000000000016e-03
2.000000000000000000e+01 4.600000000000000000e+01 3.000000000000000000e+01 0.000000000000000000e+00 1.600000000000000089e+00 8.180000000000000422e-04 -5.000000000000000409e-06 -1.000000000000000000e+00 3.153639999999999777e-01 9.489710000000000090e-01 2.530000000000000239e-04 9.489699999999999802e-01 -3.153639999999999777e-01 7.780000000000000457e-04
2.500000000000000000e+01 4.600000000000000000e+01 3.000000000000000000e+01 0.000000000000000000e+00 1.600000000000000089e+00 -2.981999999999999842e-03 -1.018999999999999941e-03 -9.999949999999999672e-01 3.155379999999999852e-01 9.489109999999999490e-01 -1.907999999999999974e-03 9.489079999999999737e-01 -3.155419999999999892e-01 -2.507999999999999813e-03
2.900000000000000000e+01 4.600000000000000000e+01 3.000000000000000000e+01 0.000000000000000000e+00 1.600000000000000089e+00 -1.463000000000000108e-03 2.580999999999999961e-03 -9.999959999999999960e-01 3.140620000000000078e-01 9.494000000000000217e-01 1.991000000000000148e-03 9.494010000000000504e-01 -3.140580000000000038e-01 -2.199000000000000000e-03
5.000000000000000000e+00 5.800000000000000000e+01 3.100000000000000000e+01 0.000000000000000000e+00 1.600000000000000089e+00 -3.769999999999999914e-03 -4.620000000000000083e-04 9.999930000000000208e-01 -7.760820000000000496e-01 -6.306230000000000446e-01 -3.216999999999999808e-03 6.306199999999999584e-01 -7.760890000000000288e-01 2.018999999999999961e-03
1.000000000000000000e+01 5.800000000000000000e+01 3.100000000000000000e+01 0.000000000000000000e+00 1.600000000000000089e+00 -1.784999999999999911e-03 -6.597000000000000433e-03 9.999770000000000048e-01 -7.818150000000000377e-01 -6.234859999999999847e-01 -5.507999999999999875e-03 6.235079999999999512e-01 -7.818070000000000297e-01 -4.044999999999999984e-03
1.600000000000000000e+01 5.800000000000000000e+01 3.100000000000000000e+01 0.000000000000000000e+00 1.600000000000000089e+00 -2.854000000000000200e-03 -4.766000000000000271e-03 9.999850000000000128e-01 -7.832419999999999938e-01 -6.216949999999999976e-01 -5.198000000000000363e-03 6.217099999999999849e-01 -7.832449999999999690e-01 -1.958999999999999804e-03
2.400000000000000000e+01 5.800000000000000000e+01 3.100000000000000000e+01 0.000000000000000000e+00 1.600000000000000089e+00 -5.310000000000000050e-04 2.640000000000000202e-04 1.000000000000000000e+00 -7.896509999999999918e-01 -6.135559999999999903e-01 -2.570000000000000127e-04 6.135559999999999903e-01 -7.896509999999999918e-01 5.339999999999999695e-04
2.900000000000000000e+01 5.800000000000000000e+01 3.100000000000000000e+01 0.000000000000000000e+00 1.600000000000000089e+00 1.590999999999999966e-03 -7.680000000000000195e-04 9.999980000000000535e-01 -7.885830000000000339e-01 -6.149270000000000014e-01 7.829999999999999504e-04 6.149259999999999726e-01 -7.885830000000000339e-01 -1.583999999999999905e-03
3.000000000000000000e+00 4.600000000000000000e+01 3.500000000000000000e+01 0.000000000000000000e+00 1.600000000000000089e+00 -3.080000000000000055e-04 3.877999999999999937e-03 -9.999919999999999920e-01 3.905299999999999883e-01 -9.205830000000000402e-01 -3.690000000000000138e-03 -9.205900000000000194e-01 -3.905290000000000150e-01 -1.229999999999999974e-03
8.000000000000000000e+00 4.600000000000000000e+01 3.500000000000000000e+01 0.000000000000000000e+00 1.600000000000000089e+00 -3.240000000000000150e-04 -4.130000000000000099e-04 -1.000000000000000000e+00 3.926399999999999890e-01 -9.196919999999999540e-01 2.519999999999999996e-04 -9.196919999999999540e-01 -3.926399999999999890e-01 4.600000000000000139e-04
1.200000000000000000e+01 4.600000000000000000e+01 3.500000000000000000e+01 0.000000000000000000e+00 1.600000000000000089e+00 7.370000000000000249e-04 -1.069000000000000072e-03 -9.999989999999999712e-01 3.914949999999999819e-01 -9.201789999999999692e-01 1.271999999999999910e-03 -9.201799999999999979e-01 -3.914960000000000107e-01 -2.590000000000000071e-04
2.200000000000000000e+01 4.600000000000000000e+01 3.500000000000000000e+01 0.000000000000000000e+00 1.600000000000000089e+00 -1.505999999999999960e-03 -4.360000000000000269e-04 -9.999989999999999712e-01 3.903340000000000143e-01 -9.206729999999999636e-01 -1.859999999999999945e-04 -9.206720000000000459e-01 -3.903340000000000143e-01 1.557000000000000007e-03
2.400000000000000000e+01 4.600000000000000000e+01 3.500000000000000000e+01 0.000000000000000000e+00 1.600000000000000089e+00 -1.369999999999999907e-03 2.436999999999999930e-03 -9.999959999999999960e-01 3.899400000000000088e-01 -9.208359999999999879e-01 -2.778000000000000087e-03 -9.208389999999999631e-01 -3.899420000000000108e-01 3.110000000000000243e-04
2.900000000000000000e+01 4.600000000000000000e+01 3.500000000000000000e+01 0.000000000000000000e+00 1.600000000000000089e+00 1.928999999999999942e-03 -3.093999999999999962e-03 -9.999930000000000208e-01 3.885509999999999797e-01 -9.214200000000000168e-01 3.601000000000000034e-03 -9.214250000000000496e-01 -3.885549999999999837e-01 -5.749999999999999903e-04
1.000000000000000000e+00 3.000000000000000000e+00 4.300000000000000000e+01 0.000000000000000000e+00 1.600000000000000089e+00 6.982999999999999624e-03 -2.387999999999999845e-02 -9.996899999999999675e-01 7.404279999999999751e-01 -6.718009999999999815e-01 2.121899999999999828e-02 -6.720990000000000020e-01 -7.403469999999999773e-01 1.298999999999999981e-02
1.200000000000000000e+01 3.000000000000000000e+00 4.300000000000000000e+01 0.000000000000000000e+00 1.600000000000000089e+00 -4.754999999999999678e-03 -6.324999999999999893e-03 -9.999689999999999968e-01 7.369959999999999845e-01 -6.758969999999999700e-01 7.709999999999999840e-04 -6.758800000000000363e-01 -7.369689999999999852e-01 7.875000000000000056e-03
2.100000000000000000e+01 3.000000000000000000e+00 4.300000000000000000e+01 0.000000000000000000e+00 1.600000000000000089e+00 -5.228000000000000008e-03 -6.492000000000000375e-03 -9.999649999999999928e-01 7.374370000000000092e-01 -6.754160000000000164e-01 5.289999999999999564e-04 -6.753959999999999964e-01 -7.374089999999999812e-01 8.319000000000000006e-03
3.000000000000000000e+01 3.000000000000000000e+00 4.300000000000000000e+01 0.000000000000000000e+00 1.600000000000000089e+00 5.745000000000000107e-03 1.401299999999999941e-02 -9.998850000000000238e-01 7.378029999999999866e-01 -6.749960000000000404e-01 -5.220999999999999946e-03 -6.749920000000000364e-01 -7.376880000000000104e-01 -1.421700000000000047e-02
2.200000000000000000e+01 8.000000000000000000e+00 4.400000000000000000e+01 0.000000000000000000e+00 1.600000000000000089e+00 7.500000000000000156e-04 -4.087000000000000355e-03 9.999909999999999632e-01 -7.845689999999999609e-01 -6.200390000000000068e-01 -1.946000000000000030e-03 6.200419999999999821e-01 -7.845600000000000351e-01 -3.671999999999999917e-03
1.000000000000000000e+00 2.900000000000000000e+01 4.400000000000000000e+01 0.000000000000000000e+00 1.600000000000000089e+00 -4.786999999999999589e-03 -3.112000000000000183e-03 -9.999839999999999840e-01 6.573700000000000099e-01 7.535479999999999956e-01 -5.492000000000000354e-03 7.535530000000000284e-01 -6.573860000000000259e-01 -1.561000000000000104e-03
5.000000000000000000e+00 2.900000000000000000e+01 4.400000000000000000e+01 0.000000000000000000e+00 1.600000000000000089e+00 -2.020999999999999793e-03 1.106999999999999911e-03 -9.999970000000000248e-01 6.579150000000000276e-01 7.530919999999999837e-01 -4.960000000000000216e-04 7.530900000000000372e-01 -6.579139999999999988e-01 -2.249999999999999830e-03
1.000000000000000000e+01 2.900000000000000000e+01 4.400000000000000000e+01 0.000000000000000000e+00 1.600000000000000089e+00 -1.240000000000000054e-04 1.182000000000000108e-03 -9.999989999999999712e-01 6.553029999999999688e-01 7.553659999999999819e-01 8.120000000000000048e-04 7.553670000000000107e-01 -6.553020000000000511e-01 -8.679999999999999565e-04
1.500000000000000000e+01 2.900000000000000000e+01 4.400000000000000000e+01 0.000000000000000000e+00 1.600000000000000089e+00 -1.430000000000000064e-03 1.010000000000000047e-03 -9.999989999999999712e-01 6.541690000000000005e-01 7.563480000000000203e-01 -1.720000000000000066e-04 7.563469999999999915e-01 -6.541679999999999717e-01 -1.742000000000000059e-03
1.800000000000000000e+01 2.900000000000000000e+01 4.400000000000000000e+01 0.000000000000000000e+00 1.600000000000000089e+00 3.490000000000000263e-04 1.649000000000000075e-03 -9.999989999999999712e-01 6.568150000000000377e-01 7.540499999999999980e-01 1.472999999999999917e-03 7.540510000000000268e-01 -6.568150000000000377e-01 -8.199999999999999824e-04
2.300000000000000000e+01 2.900000000000000000e+01 4.400000000000000000e+01 0.000000000000000000e+00 1.600000000000000089e+00 1.320000000000000101e-04 8.170000000000000179e-04 -1.000000000000000000e+00 6.635269999999999779e-01 7.481520000000000392e-01 6.989999999999999686e-04 7.481520000000000392e-01 -6.635269999999999779e-01 -4.440000000000000045e-04
2.800000000000000000e+01 2.900000000000000000e+01 4.400000000000000000e+01 0.000000000000000000e+00 1.600000000000000089e+00 6.489999999999999459e-04 -2.439999999999999949e-04 -1.000000000000000000e+00 6.582109999999999905e-01 7.528340000000000032e-01 2.429999999999999977e-04 7.528329999999999744e-01 -6.582109999999999905e-01 6.489999999999999459e-04
2.800000000000000000e+01 6.500000000000000000e+01 4.600000000000000000e+01 0.000000000000000000e+00 1.600000000000000089e+00 -1.061000000000000094e-03 -1.742000000000000059e-03 9.999980000000000535e-01 6.807689999999999575e-01 -7.324979999999999825e-01 -5.540000000000000219e-04 7.324969999999999537e-01 6.807670000000000110e-01 1.962999999999999901e-03
6.000000000000000000e+00 5.000000000000000000e+00 5.100000000000000000e+01 0.000000000000000000e+00 1.600000000000000089e+00 1.047799999999999947e-02 -1.173800000000000017e-02 -9.998759999999999870e-01 4.675819999999999976e-01 -8.838179999999999925e-01 1.527599999999999965e-02 -8.838880000000000070e-01 -4.676839999999999886e-01 -3.772000000000000179e-03
1.100000000000000000e+01 5.000000000000000000e+00 5.100000000000000000e+01 0.000000000000000000e+00 1.600000000000000089e+00 1.051000000000000068e-03 -6.721000000000000411e-03 -9.999770000000000048e-01 4.808850000000000069e-01 -8.767599999999999838e-01 6.398000000000000041e-03 -8.767829999999999790e-01 -4.808799999999999741e-01 2.311000000000000120e-03
2.600000000000000000e+01 5.000000000000000000e+00 5.100000000000000000e+01 0.000000000000000000e+00 1.600000000000000089e+00 -2.579999999999999828e-04 -3.589000000000000176e-03 -9.999940000000000495e-01 4.791540000000000243e-01 -8.777249999999999774e-01 3.027000000000000177e-03 -8.777310000000000390e-01 -4.791500000000000203e-01 1.946000000000000030e-03
2.100000000000000000e+01 1.150000000000000000e+02 5.100000000000000000e+01 0.000000000000000000e+00 1.600000000000000089e+00 1.631999999999999987e-03 6.809999999999999647e-04 9.999980000000000535e-01 8.447900000000000409e-01 -5.350970000000000448e-01 -1.013999999999999927e-03 5.350960000000000161e-01 8.447900000000000409e-01 -1.448999999999999984e-03
6.000000000000000000e+00 6.300000000000000000e+01 5.400000000000000000e+01 0.000000000000000000e+00 1.600000000000000089e+00 -2.043000000000000111e-03 -3.513000000000000064e-03 9.999919999999999920e-01 -3.525380000000000180e-01 9.357940000000000147e-01 2.566999999999999837e-03 -9.357950000000000434e-01 -3.525289999999999813e-01 -3.150000000000000022e-03
1.100000000000000000e+01 6.300000000000000000e+01 5.400000000000000000e+01 0.000000000000000000e+00 1.600000000000000089e+00 -6.740000000000000114e-04 7.730000000000000326e-04 9.999989999999999712e-01 -3.438169999999999837e-01 9.390359999999999818e-01 -9.579999999999999757e-04 -9.390359999999999818e-01 -3.438180000000000125e-01 -3.669999999999999760e-04
1.700000000000000000e+01 6.300000000000000000e+01 5.400000000000000000e+01 0.000000000000000000e+00 1.600000000000000089e+00 2.990000000000000036e-04 -2.260999999999999989e-03 9.999970000000000248e-01 -3.485230000000000272e-01 9.372979999999999645e-01 2.223000000000000149e-03 -9.373000000000000220e-01 -3.485230000000000272e-01 -5.079999999999999880e-04
2.100000000000000000e+01 6.300000000000000000e+01 5.400000000000000000e+01 0.000000000000000000e+00 1.600000000000000089e+00 1.348999999999999939e-03 -8.559999999999999901e-04 9.999989999999999712e-01 -3.504410000000000025e-01 9.365839999999999721e-01 1.275000000000000092e-03 -9.365839999999999721e-01 -3.504419999999999757e-01 9.640000000000000131e-04
2.600000000000000000e+01 6.300000000000000000e+01 5.400000000000000000e+01 0.000000000000000000e+00 1.600000000000000089e+00 -5.680000000000000370e-04 -4.539999999999999765e-04 1.000000000000000000e+00 -3.466730000000000089e-01 9.379859999999999864e-01 2.290000000000000098e-04 -9.379859999999999864e-01 -3.466719999999999802e-01 -6.899999999999999667e-04
1.400000000000000000e+01 2.500000000000000000e+01 5.500000000000000000e+01 0.000000000000000000e+00 1.600000000000000089e+00 7.919999999999999523e-04 -1.147999999999999932e-03 -9.999989999999999712e-01 -1.267099999999999997e-02 -9.999190000000000023e-01 1.137999999999999906e-03 -9.999190000000000023e-01 1.267000000000000071e-02 -8.069999999999999916e-04
2.500000000000000000e+01 2.500000000000000000e+01 5.500000000000000000e+01 0.000000000000000000e+00 1.600000000000000089e+00 -1.057999999999999913e-03 -2.985999999999999939e-03 -9.999949999999999672e-01 -1.135199999999999924e-02 -9.999310000000000143e-01 2.997999999999999797e-03 -9.999350000000000183e-01 1.135599999999999977e-02 1.023999999999999954e-03
5.000000000000000000e+00 2.100000000000000000e+01 6.000000000000000000e+01 0.000000000000000000e+00 1.600000000000000089e+00 8.199999999999999824e-04 5.315000000000000280e-03 9.999860000000000415e-01 -9.717000000000000637e-02 9.952539999999999720e-01 -5.210000000000000221e-03 -9.952670000000000128e-01 -9.716400000000000037e-02 1.332999999999999984e-03
1.000000000000000000e+01 2.100000000000000000e+01 6.000000000000000000e+01 0.000000000000000000e+00 1.600000000000000089e+00 -7.529999999999999801e-04 -4.316999999999999657e-03 9.999900000000000455e-01 -9.637600000000000333e-02 9.953359999999999985e-01 4.224000000000000324e-03 -9.953450000000000353e-01 -9.637199999999999933e-02 -1.165999999999999936e-03
1.700000000000000000e+01 2.100000000000000000e+01 6.000000000000000000e+01 0.000000000000000000e+00 1.600000000000000089e+00 3.780000000000000265e-04 4.270000000000000249e-04 1.000000000000000000e+00 -9.450600000000000667e-02 9.955239999999999645e-01 -3.890000000000000228e-04 -9.955239999999999645e-01 -9.450600000000000667e-02 4.169999999999999987e-04
1.000000000000000000e+00 6.700000000000000000e+01 6.000000000000000000e+01 0.000000000000000000e+00 1.600000000000000089e+00 -1.508000000000000009e-03 -3.945999999999999855e-03 9.999909999999999632e-01 1.751900000000000124e-01 -9.845279999999999587e-01 -3.621000000000000087e-03 9.845340000000000202e-01 1.751820000000000044e-01 2.175999999999999983e-03
1.700000000000000000e+01 6.700000000000000000e+01 6.000000000000000000e+01 0.000000000000000000e+00 1.600000000000000089e+00 3.330000000000000169e-04 3.219000000000000073e-03 9.999949999999999672e-01 1.781099999999999905e-01 -9.840060000000000473e-01 3.108000000000000086e-03 9.840109999999999690e-01 1.781079999999999885e-01 -9.009999999999999997e-04
2.300000000000000000e+01 6.700000000000000000e+01 6.000000000000000000e+01 0.000000000000000000e+00 1.600000000000000089e+00 1.717999999999999909e-03 2.592000000000000120e-03 9.999949999999999672e-01 1.742819999999999925e-01 -9.846930000000000405e-01 2.252999999999999794e-03 9.846939999999999582e-01 1.742769999999999875e-01 -2.144000000000000072e-03
9.000000000000000000e+00 6.000000000000000000e+00 6.100000000000000000e+01 0.000000000000000000e+00 1.600000000000000089e+00 -1.337999999999999997e-03 6.653000000000000060e-03 9.999770000000000048e-01 5.705959999999999921e-01 -8.212070000000000203e-01 6.228000000000000029e-03 8.212300000000000155e-01 5.705909999999999593e-01 -2.697000000000000178e-03
2.600000000000000000e+01 1.200000000000000000e+01 6.300000000000000000e+01 0.000000000000000000e+00 1.600000000000000089e+00 8.781000000000000610e-03 1.492000000000000054e-03 -9.999599999999999600e-01 -1.546579999999999899e-01 -9.879639999999999533e-01 -2.831999999999999882e-03 -9.879289999999999461e-01 1.546770000000000089e-01 -8.444999999999999382e-03
5.000000000000000000e+00 2.700000000000000000e+01 6.300000000000000000e+01 0.000000000000000000e+00 1.600000000000000089e+00 1.804000000000000048e-03 -4.302000000000000268e-03 9.999890000000000168e-01 -2.732870000000000021e-01 9.619210000000000260e-01 4.631999999999999833e-03 -9.619309999999999805e-01 -2.732919999999999794e-01 5.599999999999999509e-04
1.200000000000000000e+01 2.700000000000000000e+01 6.300000000000000000e+01 0.000000000000000000e+00 1.600000000000000089e+00 5.050000000000000235e-04 5.263999999999999582e-03 9.999860000000000415e-01 -2.696089999999999876e-01 9.629569999999999519e-01 -4.932999999999999885e-03 -9.629699999999999926e-01 -2.696020000000000083e-01 1.905999999999999925e-03
1.800000000000000000e+01 2.700000000000000000e+01 6.300000000000000000e+01 0.000000000000000000e+00 1.600000000000000089e+00 -6.000000000000000152e-05 -1.683000000000000034e-03 9.999989999999999712e-01 -2.723169999999999757e-01 9.622060000000000057e-01 1.603000000000000041e-03 -9.622079999999999522e-01 -2.723169999999999757e-01 -5.159999999999999656e-04
2.200000000000000000e+01 2.700000000000000000e+01 6.300000000000000000e+01 0.000000000000000000e+00 1.600000000000000089e+00 -4.989999999999999861e-04 -2.750000000000000166e-04 1.000000000000000000e+00 -2.743579999999999908e-01 9.616270000000000095e-01 1.269999999999999970e-04 -9.616270000000000095e-01 -2.743579999999999908e-01 -5.559999999999999621e-04
2.600000000000000000e+01 2.700000000000000000e+01 6.300000000000000000e+01 0.000000000000000000e+00 1.600000000000000089e+00 7.100000000000000462e-05 3.440000000000000132e-04 1.000000000000000000e+00 -2.727800000000000225e-01 9.620769999999999600e-01 -3.119999999999999944e-04 -9.620769999999999600e-01 -2.727789999999999937e-01 1.630000000000000047e-04
3.000000000000000000e+01 2.700000000000000000e+01 6.300000000000000000e+01 0.000000000000000000e+00 1.600000000000000089e+00 1.355000000000000085e-03 -3.956999999999999580e-03 9.999909999999999632e-01 -2.712829999999999964e-01 9.624909999999999854e-01 4.176000000000000024e-03 -9.624989999999999934e-01 -2.712860000000000271e-01 2.310000000000000042e-04
7.000000000000000000e+00 2.600000000000000000e+01 6.400000000000000000e+01 0.000000000000000000e+00 1.600000000000000089e+00 2.050999999999999872e-03 8.649999999999999920e-04 9.999980000000000535e-01 -3.536340000000000039e-01 9.353839999999999932e-01 -8.299999999999999815e-05 -9.353810000000000180e-01 -3.536329999999999751e-01 2.223999999999999849e-03
1.300000000000000000e+01 2.600000000000000000e+01 6.400000000000000000e+01 0.000000000000000000e+00 1.600000000000000089e+00 -3.499999999999999964e-04 5.023999999999999820e-03 9.999869999999999592e-01 -3.492219999999999769e-01 9.370279999999999720e-01 -4.830000000000000092e-03 -9.370399999999999840e-01 -3.492190000000000016e-01 1.427000000000000100e-03
1.700000000000000000e+01 2.600000000000000000e+01 6.400000000000000000e+01 0.000000000000000000e+00 1.600000000000000089e+00 7.450000000000000025e-04 5.999999999999999474e-04 1.000000000000000000e+00 -3.517640000000000211e-01 9.360889999999999489e-01 -2.999999999999999737e-04 -9.360880000000000312e-01 -3.517640000000000211e-01 9.089999999999999773e-04
2.200000000000000000e+01 2.600000000000000000e+01 6.400000000000000000e+01 0.000000000000000000e+00 1.600000000000000089e+00 -3.629999999999999872e-04 -6.279999999999999775e-04 1.000000000000000000e+00 -3.539439999999999809e-01 9.352669999999999595e-01 4.589999999999999896e-04 -9.352669999999999595e-01 -3.539430000000000076e-01 -5.619999999999999996e-04
2.600000000000000000e+01 2.600000000000000000e+01 6.400000000000000000e+01 0.000000000000000000e+00 1.600000000000000089e+00 -8.000000000000000654e-05 1.500000000000000038e-05 1.000000000000000000e+00 -3.527410000000000267e-01 9.357210000000000250e-01 -4.199999999999999768e-05 -9.357210000000000250e-01 -3.527410000000000267e-01 -6.999999999999999387e-05
