1.000000000000000000e+01 2.500000000000000000e+01 1.000000000000000000e+00 0.000000000000000000e+00 1.600000000000000089e+00 1.569999999999999998e-03 1.951000000000000043e-03 -9.999970000000000248e-01 -5.212379999999999791e-01 -8.534080000000000554e-01 -2.484000000000000097e-03 -8.534100000000000019e-01 5.212400000000000366e-01 -3.229999999999999907e-04
1.700000000000000000e+01 2.500000000000000000e+01 1.000000000000000000e+00 0.000000000000000000e+00 1.600000000000000089e+00 -1.463000000000000108e-03 2.492999999999999990e-03 -9.999959999999999960e-01 -5.246549999999999825e-01 -8.513140000000000152e-01 -1.355000000000000085e-03 -8.513140000000000152e-01 5.246499999999999497e-01 2.553000000000000148e-03
2.500000000000000000e+01 1.500000000000000000e+01 4.000000000000000000e+00 0.000000000000000000e+00 1.600000000000000089e+00 4.850000000000000253e-04 -1.546400000000000031e-02 9.998799999999999910e-01 3.816100000000000048e-01 -9.242099999999999760e-01 -1.447900000000000055e-02 9.243230000000000057e-01 3.815709999999999935e-01 5.453000000000000382e-03
3.000000000000000000e+00 1.900000000000000000e+01 5.000000000000000000e+00 0.000000000000000000e+00 1.600000000000000089e+00 -1.590999999999999966e-03 3.165999999999999977e-03 -9.999940000000000495e-01 -6.929950000000000276e-01 -7.209419999999999717e-01 -1.180000000000000059e-03 -7.209410000000000540e-01 6.929880000000000484e-01 3.340999999999999786e-03
2.000000000000000000e+00 1.010000000000000000e+02 7.000000000000000000e+00 0.000000000000000000e+00 1.600000000000000089e+00 -2.638000000000000154e-03 7.409999999999999920e-03 9.999689999999999968e-01 8.867129999999999734e-01 4.623189999999999800e-01 -1.087000000000000076e-03 -4.623120000000000007e-01 8.866829999999999989e-01 -7.790000000000000049e-03
5.000000000000000000e+00 1.010000000000000000e+02 7.000000000000000000e+00 0.000000000000000000e+00 1.600000000000000089e+00 -3.282999999999999894e-03 8.541999999999999246e-03 9.999580000000000135e-01 8.865459999999999452e-01 4.626390000000000224e-01 -1.041999999999999958e-03 -4.626290000000000124e-01 8.865060000000000162e-01 -9.091999999999999388e-03
1.100000000000000000e+01 1.010000000000000000e+02 7.000000000000000000e+00 0.000000000000000000e+00 1.600000000000000089e+00 -2.611000000000000040e-03 4.124000000000000062e-03 9.999879999999999880e-01 8.852170000000000316e-01 4.651779999999999804e-01 3.930000000000000117e-04 -4.651710000000000012e-01 8.852069999999999661e-01 -4.865000000000000401e-03
1.400000000000000000e+01 1.010000000000000000e+02 7.000000000000000000e+00 0.000000000000000000e+00 1.600000000000000089e+00 -5.299999999999999807e-04 1.325000000000000006e-03 9.999989999999999712e-01 8.839759999999999840e-01 4.675320000000000031e-01 -1.520000000000000084e-04 -4.675320000000000031e-01 8.839749999999999552e-01 -1.418999999999999906e-03
2.900000000000000000e+01 1.010000000000000000e+02 7.000000000000000000e+00 0.000000000000000000e+00 1.600000000000000089e+00 4.342000000000000373e-03 -8.547000000000000777e-03 9.999540000000000095e-01 8.859129999999999505e-01 4.638499999999999845e-01 1.179999999999999951e-04 -4.638300000000000201e-01 8.858719999999999928e-01 9.586000000000000770e-03
2.200000000000000000e+01 1.500000000000000000e+01 8.000000000000000000e+00 0.000000000000000000e+00 1.600000000000000089e+00 -4.220000000000000118e-04 -2.433700000000000099e-02 -9.997040000000000370e-01 -6.186439999999999717e-01 -7.854330000000000478e-01 1.938199999999999992e-02 -7.856720000000000370e-01 6.184690000000000465e-01 -1.472500000000000024e-02
2.000000000000000000e+00 2.500000000000000000e+01 8.000000000000000000e+00 0.000000000000000000e+00 1.600000000000000089e+00 2.409000000000000117e-03 1.168800000000000047e-02 -9.999289999999999567e-01 4.413309999999999733e-01 8.972700000000000120e-01 1.155100000000000050e-02 8.973410000000000553e-01 -4.413279999999999981e-01 -2.997000000000000098e-03
5.000000000000000000e+00 2.500000000000000000e+01 8.000000000000000000e+00 0.000000000000000000e+00 1.600000000000000089e+00 2.910000000000000260e-04 5.865999999999999687e-03 -9.999829999999999552e-01 4.411370000000000013e-01 8.974239999999999995e-01 5.393000000000000224e-03 8.974400000000000155e-01 -4.411309999999999953e-01 -2.327000000000000075e-03
9.000000000000000000e+00 2.500000000000000000e+01 8.000000000000000000e+00 0.000000000000000000e+00 1.600000000000000089e+00 -1.361999999999999929e-03 -7.490000000000000130e-03 -9.999710000000000543e-01 4.430910000000000126e-01 8.964469999999999938e-01 -7.317999999999999852e-03 8.964750000000000218e-01 -4.430890000000000106e-01 2.098000000000000038e-03
1.500000000000000000e+01 2.500000000000000000e+01 8.000000000000000000e+00 0.000000000000000000e+00 1.600000000000000089e+00 9.979999999999999722e-04 2.942999999999999870e-03 -9.999949999999999672e-01 4.439939999999999998e-01 8.960249999999999604e-01 3.079999999999999839e-03 8.960289999999999644e-01 -4.439939999999999998e-01 -4.119999999999999856e-04
1.900000000000000000e+01 2.500000000000000000e+01 8.000000000000000000e+00 0.000000000000000000e+00 1.600000000000000089e+00 1.822999999999999968e-03 5.982000000000000338e-03 -9.999799999999999800e-01 4.429199999999999804e-01 8.965400000000000036e-01 6.171000000000000270e-03 8.965589999999999948e-01 -4.429230000000000111e-01 -1.015000000000000060e-03
2.300000000000000000e+01 2.500000000000000000e+01 8.000000000000000000e+00 0.000000000000000000e+00 1.600000000000000089e+00 1.472999999999999917e-03 -2.489999999999999809e-04 -9.999989999999999712e-01 4.415419999999999900e-01 8.972400000000000375e-01 4.270000000000000249e-04 8.972390000000000088e-01 -4.415419999999999900e-01 1.430999999999999980e-03
2.700000000000000000e+01 2.500000000000000000e+01 8.000000000000000000e+00 0.000000000000000000e+00 1.600000000000000089e+00 -1.077000000000000049e-03 -2.273999999999999980e-03 -9.999970000000000248e-01 4.403139999999999832e-01 8.978399999999999714e-01 -2.517000000000000140e-03 8.978429999999999467e-01 -4.403159999999999852e-01 3.399999999999999973e-05
5.000000000000000000e+00 2.400000000000000000e+01 9.000000000000000000e+00 0.000000000000000000e+00 1.600000000000000089e+00 2.669999999999999847e-04 6.740000000000000331e-03 -9.999770000000000048e-01 4.487380000000000257e-01 8.936420000000000474e-01 6.143000000000000023e-03 8.936629999999999852e-01 -4.487300000000000177e-01 -2.785999999999999848e-03
9.000000000000000000e+00 2.400000000000000000e+01 9.000000000000000000e+00 0.000000000000000000e+00 1.600000000000000089e+00 -1.603000000000000041e-03 -6.731000000000000004e-03 -9.999759999999999760e-01 4.504059999999999730e-01 8.927990000000000093e-01 -6.731000000000000004e-03 8.928230000000000333e-01 -4.504059999999999730e-01 1.600000000000000077e-03
1.500000000000000000e+01 2.400000000000000000e+01 9.000000000000000000e+00 0.000000000000000000e+00 1.600000000000000089e+00 9.529999999999999626e-04 2.407999999999999984e-03 -9.999970000000000248e-01 4.512399999999999745e-01 8.923990000000000533e-01 2.579000000000000129e-03 8.924020000000000286e-01 -4.512410000000000032e-01 -2.359999999999999902e-04
2.100000000000000000e+01 2.400000000000000000e+01 9.000000000000000000e+00 0.000000000000000000e+00 1.600000000000000089e+00 2.138000000000000143e-03 4.658999999999999947e-03 -9.999869999999999592e-01 4.487459999999999782e-01 8.936439999999999939e-01 5.122999999999999950e-03 8.936570000000000347e-01 -4.487510000000000110e-01 -1.800000000000000113e-04
2.700000000000000000e+01 2.400000000000000000e+01 9.000000000000000000e+00 0.000000000000000000e+00 1.600000000000000089e+00 -7.399999999999999894e-04 -2.497999999999999787e-03 -9.999970000000000248e-01 4.467180000000000040e-01 8.946709999999999940e-01 -2.565000000000000006e-03 8.946739999999999693e-01 -4.467189999999999772e-01 4.539999999999999765e-04
1.900000000000000000e+01 8.000000000000000000e+00 1.000000000000000000e+01 0.000000000000000000e+00 1.600000000000000089e+00 -1.583400000000000085e-01 -1.133269999999999972e-01 -9.808599999999999541e-01 -9.489229999999999610e-01 -2.570919999999999872e-01 1.828889999999999960e-01 -2.728979999999999739e-01 9.597189999999999888e-01 -6.683100000000000152e-02
1.400000000000000000e+01 3.100000000000000000e+01 1.200000000000000000e+01 0.000000000000000000e+00 1.600000000000000089e+00 1.453999999999999997e-03 -2.210000000000000050e-04 9.999989999999999712e-01 -1.181699999999999938e-02 9.999299999999999855e-01 2.380000000000000117e-04 -9.999289999999999567e-01 -1.181699999999999938e-02 1.451000000000000033e-03
2.500000000000000000e+01 3.100000000000000000e+01 1.200000000000000000e+01 0.000000000000000000e+00 1.600000000000000089e+00 -8.909999999999999734e-04 6.264999999999999736e-03 9.999799999999999800e-01 -4.904000000000000373e-03 9.999679999999999680e-01 -6.270000000000000399e-03 -9.999879999999999880e-01 -4.910000000000000302e-03 -8.610000000000000032e-04
4.000000000000000000e+00 3.500000000000000000e+01 1.200000000000000000e+01 0.000000000000000000e+00 1.600000000000000089e+00 1.019999999999999992e-04 3.970999999999999704e-03 -9.999919999999999920e-01 4.684180000000000010e-01 -8.834999999999999520e-01 -3.461000000000000101e-03 -8.835070000000000423e-01 -4.684139999999999970e-01 -1.949999999999999910e-03
1.000000000000000000e+01 3.500000000000000000e+01 1.200000000000000000e+01 0.000000000000000000e+00 1.600000000000000089e+00 -3.660000000000000059e-03 1.106399999999999918e-02 -9.999320000000000430e-01 5.077019999999999866e-01 -8.614570000000000283e-01 -1.139000000000000082e-02 -8.615249999999999853e-01 -5.077089999999999659e-01 -2.464000000000000044e-03
1.700000000000000000e+01 3.500000000000000000e+01 1.200000000000000000e+01 0.000000000000000000e+00 1.600000000000000089e+00 -4.734999999999999626e-03 1.720999999999999960e-02 -9.998409999999999798e-01 5.617339999999999556e-01 -8.271450000000000191e-01 -1.689799999999999983e-02 -8.273040000000000393e-01 -5.617250000000000298e-01 -5.751000000000000036e-03
6.000000000000000000e+00 1.200000000000000000e+01 1.600000000000000000e+01 0.000000000000000000e+00 1.600000000000000089e+00 -2.282000000000000174e-03 2.070299999999999918e-02 9.997829999999999773e-01 2.063480000000000036e-01 -9.782589999999999897e-01 2.072799999999999990e-02 9.784760000000000124e-01 2.063510000000000066e-01 -2.040000000000000147e-03
1.100000000000000000e+01 1.200000000000000000e+01 1.600000000000000000e+01 0.000000000000000000e+00 1.600000000000000089e+00 3.690000000000000246e-04 -2.145599999999999938e-02 9.997700000000000475e-01 2.058039999999999869e-01 -9.783659999999999579e-01 -2.107300000000000145e-02 9.785930000000000462e-01 2.057640000000000025e-01 4.054999999999999577e-03
3.000000000000000000e+00 1.160000000000000000e+02 1.600000000000000000e+01 0.000000000000000000e+00 1.600000000000000089e+00 5.385000000000000030e-03 -2.599999999999999772e-04 9.999860000000000415e-01 7.655600000000000183e-01 6.433520000000000350e-01 -3.955000000000000182e-03 -6.433419999999999694e-01 7.655699999999999728e-01 3.663000000000000023e-03
1.400000000000000000e+01 1.160000000000000000e+02 1.600000000000000000e+01 0.000000000000000000e+00 1.600000000000000089e+00 2.080999999999999951e-03 -3.899999999999999929e-05 9.999980000000000535e-01 7.679070000000000062e-01 6.405600000000000183e-01 -1.572999999999999962e-03 -6.405579999999999607e-01 7.679080000000000350e-01 1.363000000000000062e-03
2.400000000000000000e+01 1.160000000000000000e+02 1.600000000000000000e+01 0.000000000000000000e+00 1.600000000000000089e+00 3.879999999999999985e-04 4.389999999999999914e-04 1.000000000000000000e+00 7.616020000000000012e-01 6.480449999999999822e-01 -5.800000000000000034e-04 -6.480449999999999822e-01 7.616020000000000012e-01 -8.299999999999999815e-05
3.000000000000000000e+00 2.000000000000000000e+00 1.900000000000000000e+01 0.000000000000000000e+00 1.600000000000000089e+00 -4.828999999999999959e-03 1.311599999999999919e-02 -9.999019999999999575e-01 3.297629999999999728e-01 -9.439600000000000213e-01 -1.397499999999999958e-02 -9.440509999999999735e-01 -3.297979999999999801e-01 2.329999999999999986e-04
1.700000000000000000e+01 2.000000000000000000e+00 1.900000000000000000e+01 0.000000000000000000e+00 1.600000000000000089e+00 7.407000000000000389e-03 -5.866299999999999987e-02 -9.982499999999999707e-01 3.411069999999999935e-01 -9.382540000000000324e-01 5.766899999999999804e-02 -9.399950000000000250e-01 -3.409369999999999901e-01 1.306099999999999969e-02
2.400000000000000000e+01 2.000000000000000000e+00 1.900000000000000000e+01 0.000000000000000000e+00 1.600000000000000089e+00 7.250000000000000368e-03 -6.465500000000000413e-02 -9.978810000000000180e-01 3.676719999999999988e-01 -9.278340000000000476e-01 6.278699999999999559e-02 -9.299269999999999481e-01 -3.673480000000000079e-01 1.704500000000000112e-02
9.000000000000000000e+00 3.000000000000000000e+00 1.900000000000000000e+01 0.000000000000000000e+00 1.600000000000000089e+00 -2.079999999999999872e-04 1.777899999999999966e-02 -9.998420000000000085e-01 3.142039999999999833e-01 -9.492040000000000477e-01 -1.694400000000000073e-02 -9.493559999999999777e-01 -3.141579999999999928e-01 -5.388000000000000428e-03
9.000000000000000000e+00 4.000000000000000000e+00 2.000000000000000000e+01 0.000000000000000000e+00 1.600000000000000089e+00 3.829999999999999854e-04 1.931000000000000077e-02 -9.998129999999999518e-01 3.798059999999999770e-01 -9.248960000000000514e-01 -1.771800000000000111e-02 -9.250660000000000549e-01 -3.797280000000000100e-01 -7.688000000000000389e-03
1.300000000000000000e+01 4.000000000000000000e+00 2.000000000000000000e+01 0.000000000000000000e+00 1.600000000000000089e+00 4.422999999999999848e-03 -1.139300000000000035e-02 -9.999249999999999527e-01 3.804669999999999996e-01 -9.247140000000000359e-01 1.221900000000000069e-02 -9.247840000000000504e-01 -3.804930000000000256e-01 2.439999999999999949e-04
5.000000000000000000e+00 1.300000000000000000e+01 2.000000000000000000e+01 0.000000000000000000e+00 1.600000000000000089e+00 5.180000000000000143e-04 -3.089999999999999756e-04 1.000000000000000000e+00 2.713840000000000141e-01 9.624709999999999654e-01 1.569999999999999944e-04 -9.624709999999999654e-01 2.713840000000000141e-01 5.820000000000000520e-04
8.000000000000000000e+00 1.300000000000000000e+01 2.000000000000000000e+01 0.000000000000000000e+00 1.600000000000000089e+00 8.229999999999999469e-04 2.187000000000000142e-03 9.999970000000000248e-01 2.733010000000000161e-01 9.619259999999999478e-01 -2.328999999999999907e-03 -9.619280000000000053e-01 2.733019999999999894e-01 1.939999999999999993e-04
1.300000000000000000e+01 1.300000000000000000e+01 2.000000000000000000e+01 0.000000000000000000e+00 1.600000000000000089e+00 6.769999999999999759e-04 -3.199999999999999855e-05 1.000000000000000000e+00 2.694170000000000176e-01 9.630239999999999911e-01 -1.520000000000000084e-04 -9.630229999999999624e-01 2.694170000000000176e-01 6.599999999999999964e-04
1.900000000000000000e+01 1.300000000000000000e+01 2.000000000000000000e+01 0.000000000000000000e+00 1.600000000000000089e+00 4.229999999999999819e-04 1.157999999999999958e-03 9.999989999999999712e-01 2.594940000000000024e-01 9.657440000000000468e-01 -1.227999999999999925e-03 -9.657440000000000468e-01 2.594949999999999757e-01 1.079999999999999960e-04
2.700000000000000000e+01 1.300000000000000000e+01 2.000000000000000000e+01 0.000000000000000000e+00 1.600000000000000089e+00 5.770000000000000389e-04 9.606999999999999221e-03 9.999540000000000095e-01 2.606809999999999961e-01 9.653789999999999871e-01 -9.424999999999999351e-03 -9.654249999999999776e-01 2.606740000000000168e-01 -1.948000000000000079e-03
2.800000000000000000e+01 2.000000000000000000e+00 2.500000000000000000e+01 0.000000000000000000e+00 1.600000000000000089e+00 2.799999999999999972e-03 -1.227899999999999998e-02 9.999209999999999487e-01 6.930500000000000549e-02 -9.975180000000000158e-01 -1.244299999999999920e-02 9.975920000000000343e-01 6.933499999999999386e-02 -1.941999999999999933e-03
9.000000000000000000e+00 3.000000000000000000e+00 2.500000000000000000e+01 0.000000000000000000e+00 1.600000000000000089e+00 -2.477000000000000035e-03 2.041600000000000012e-02 9.997880000000000100e-01 -3.590700000000000142e-02 -9.991489999999999538e-01 2.031399999999999872e-02 9.993520000000000181e-01 -3.584899999999999892e-02 3.207999999999999914e-03
1.400000000000000000e+01 3.000000000000000000e+00 2.500000000000000000e+01 0.000000000000000000e+00 1.600000000000000089e+00 1.518999999999999951e-03 -1.804400000000000101e-02 9.998359999999999470e-01 -1.711800000000000127e-02 -9.996909999999999963e-01 -1.801600000000000076e-02 9.998519999999999630e-01 -1.708799999999999902e-02 -1.827000000000000065e-03
1.900000000000000000e+01 3.000000000000000000e+00 2.500000000000000000e+01 0.000000000000000000e+00 1.600000000000000089e+00 9.114999999999999838e-03 -4.975399999999999961e-02 9.987200000000000522e-01 2.706899999999999931e-02 -9.983830000000000204e-01 -4.998400000000000065e-02 9.995920000000000361e-01 2.749000000000000055e-02 -7.753000000000000343e-03
2.700000000000000000e+01 3.000000000000000000e+00 2.500000000000000000e+01 0.000000000000000000e+00 1.600000000000000089e+00 1.978999999999999856e-03 -1.503200000000000022e-02 9.998850000000000238e-01 -1.259300000000000003e-02 -9.998080000000000300e-01 -1.500600000000000024e-02 9.999190000000000023e-01 -1.256200000000000025e-02 -2.167999999999999788e-03
2.200000000000000000e+01 4.600000000000000000e+01 2.700000000000000000e+01 0.000000000000000000e+00 1.600000000000000089e+00 3.400000000000000244e-04 2.495999999999999955e-03 -9.999970000000000248e-01 6.728929999999999634e-01 7.397369999999999779e-01 2.076000000000000154e-03 7.397390000000000354e-01 -6.728920000000000456e-01 -1.428000000000000016e-03
6.000000000000000000e+00 4.600000000000000000e+01 3.000000000000000000e+01 0.000000000000000000e+00 1.600000000000000089e+00 -5.490000000000000088e-04 -1.835999999999999958e-03 -9.999980000000000535e-01 3.251129999999999853e-01 9.456729999999999858e-01 -1.915000000000000036e-03 9.456750000000000433e-01 -3.251129999999999853e-01 7.799999999999999859e-05
8.000000000000000000e+00 5.800000000000000000e+01 3.100000000000000000e+01 0.000000000000000000e+00 1.600000000000000089e+00 -6.735999999999999800e-03 -3.291999999999999788e-03 9.999719999999999720e-01 -7.621379999999999821e-01 -6.473740000000000050e-01 -7.264999999999999757e-03 6.473799999999999555e-01 -7.621649999999999814e-01 1.851999999999999914e-03
1.200000000000000000e+01 5.800000000000000000e+01 3.100000000000000000e+01 0.000000000000000000e+00 1.600000000000000089e+00 -4.526999999999999774e-03 -5.521999999999999999e-03 9.999749999999999472e-01 -7.636479999999999935e-01 -6.455940000000000012e-01 -7.021999999999999596e-03 6.456169999999999964e-01 -7.636610000000000342e-01 -1.294000000000000011e-03
1.900000000000000000e+01 2.300000000000000000e+01 3.400000000000000000e+01 0.000000000000000000e+00 1.600000000000000089e+00 -1.216000000000000067e-03 6.246999999999999949e-03 9.999799999999999800e-01 4.069749999999999757e-01 -9.134179999999999522e-01 6.200999999999999915e-03 9.134379999999999722e-01 4.069740000000000024e-01 -1.431999999999999896e-03
7.000000000000000000e+00 4.600000000000000000e+01 3.500000000000000000e+01 0.000000000000000000e+00 1.600000000000000089e+00 -4.769999999999999934e-04 4.049999999999999781e-04 -1.000000000000000000e+00 3.918900000000000161e-01 -9.200120000000000520e-01 -5.590000000000000351e-04 -9.200120000000000520e-01 -3.918909999999999894e-01 2.809999999999999998e-04
1.100000000000000000e+01 4.600000000000000000e+01 3.500000000000000000e+01 0.000000000000000000e+00 1.600000000000000089e+00 5.529999999999999976e-04 2.997000000000000098e-03 -9.999949999999999672e-01 3.907720000000000082e-01 -9.204839999999999689e-01 -2.543000000000000121e-03 -9.204870000000000552e-01 -3.907689999999999775e-01 -1.680000000000000070e-03
1.800000000000000000e+01 4.600000000000000000e+01 3.500000000000000000e+01 0.000000000000000000e+00 1.600000000000000089e+00 2.999999999999999737e-04 1.090999999999999956e-03 -9.999989999999999712e-01 3.901950000000000141e-01 -9.207319999999999949e-01 -8.869999999999999846e-04 -9.207319999999999949e-01 -3.901950000000000141e-01 -7.020000000000000415e-04
2.400000000000000000e+01 4.600000000000000000e+01 3.500000000000000000e+01 0.000000000000000000e+00 1.600000000000000089e+00 2.031999999999999952e-03 2.984000000000000107e-03 -9.999930000000000208e-01 3.894480000000000164e-01 -9.210460000000000313e-01 -1.956999999999999972e-03 -9.210460000000000313e-01 -3.894409999999999816e-01 -3.033999999999999805e-03
2.900000000000000000e+01 4.600000000000000000e+01 3.500000000000000000e+01 0.000000000000000000e+00 1.600000000000000089e+00 -9.709999999999999664e-04 2.139999999999999975e-04 -1.000000000000000000e+00 3.891020000000000034e-01 -9.211939999999999573e-01 -5.749999999999999903e-04 -9.211939999999999573e-01 -3.891020000000000034e-01 8.109999999999999805e-04
6.000000000000000000e+00 2.900000000000000000e+01 4.400000000000000000e+01 0.000000000000000000e+00 1.600000000000000089e+00 3.280000000000000038e-04 -1.716000000000000077e-03 -9.999980000000000535e-01 6.497370000000000090e-01 7.601580000000000004e-01 -1.090999999999999956e-03 7.601590000000000291e-01 -6.497359999999999802e-01 1.364999999999999894e-03
1.000000000000000000e+01 2.900000000000000000e+01 4.400000000000000000e+01 0.000000000000000000e+00 1.600000000000000089e+00 -1.771999999999999921e-03 -4.367000000000000222e-03 -9.999890000000000168e-01 6.539859999999999562e-01 7.564939999999999998e-01 -4.461999999999999821e-03 7.565049999999999830e-01 -6.539859999999999562e-01 1.515999999999999986e-03
1.500000000000000000e+01 2.900000000000000000e+01 4.400000000000000000e+01 0.000000000000000000e+00 1.600000000000000089e+00 -7.190000000000000210e-04 -3.689000000000000005e-03 -9.999930000000000208e-01 6.576579999999999648e-01 7.533100000000000351e-01 -3.252000000000000116e-03 7.533159999999999856e-01 -6.576560000000000183e-01 1.884000000000000041e-03
2.000000000000000000e+01 2.900000000000000000e+01 4.400000000000000000e+01 0.000000000000000000e+00 1.600000000000000089e+00 4.730000000000000046e-04 5.090000000000000123e-04 -1.000000000000000000e+00 6.561320000000000485e-01 7.546460000000000390e-01 6.949999999999999798e-04 7.546460000000000390e-01 -6.561320000000000485e-01 2.300000000000000002e-05
2.600000000000000000e+01 2.900000000000000000e+01 4.400000000000000000e+01 0.000000000000000000e+00 1.600000000000000089e+00 5.402999999999999817e-03 5.002000000000000370e-03 -9.999730000000000008e-01 6.594740000000000046e-01 7.516920000000000268e-01 7.323999999999999781e-03 7.517080000000000428e-01 -6.594959999999999711e-01 7.619999999999999820e-04
5.000000000000000000e+00 6.500000000000000000e+01 4.600000000000000000e+01 0.000000000000000000e+00 1.600000000000000089e+00 -3.657000000000000094e-03 2.321000000000000146e-03 9.999909999999999632e-01 6.824780000000000291e-01 -7.308940000000000436e-01 4.192000000000000413e-03 7.308970000000000189e-01 6.824869999999999548e-01 1.088999999999999907e-03
4.000000000000000000e+00 7.000000000000000000e+01 4.700000000000000000e+01 0.000000000000000000e+00 1.600000000000000089e+00 5.046000000000000138e-03 1.899000000000000080e-03 -9.999850000000000128e-01 -8.476080000000000281e-01 -5.305969999999999853e-01 -5.284999999999999767e-03 -5.305990000000000428e-01 8.476219999999999866e-01 -1.067000000000000023e-03
8.000000000000000000e+00 5.000000000000000000e+00 5.100000000000000000e+01 0.000000000000000000e+00 1.600000000000000089e+00 -5.929999999999999941e-04 6.346000000000000078e-03 -9.999799999999999800e-01 4.889160000000000172e-01 -8.723109999999999475e-01 -5.825999999999999582e-03 -8.723309999999999675e-01 -4.889100000000000112e-01 -2.585000000000000058e-03
1.500000000000000000e+01 5.000000000000000000e+00 5.100000000000000000e+01 0.000000000000000000e+00 1.600000000000000089e+00 1.216000000000000067e-03 -2.043999999999999810e-03 -9.999970000000000248e-01 4.865849999999999898e-01 -8.736300000000000177e-01 2.377999999999999906e-03 -8.736329999999999929e-01 -4.865860000000000185e-01 -6.799999999999999946e-05
2.300000000000000000e+01 1.150000000000000000e+02 5.100000000000000000e+01 0.000000000000000000e+00 1.600000000000000089e+00 -2.919999999999999961e-04 -4.353000000000000098e-03 9.999900000000000455e-01 8.443789999999999907e-01 -5.357429999999999692e-01 -2.085000000000000048e-03 5.357469999999999732e-01 8.443699999999999539e-01 3.831999999999999903e-03
1.200000000000000000e+01 7.000000000000000000e+00 5.200000000000000000e+01 0.000000000000000000e+00 1.600000000000000089e+00 1.165999999999999936e-03 -2.879000000000000049e-03 -9.999949999999999672e-01 1.247960000000000041e-01 -9.921780000000000044e-01 3.001999999999999894e-03 -9.921820000000000084e-01 -1.247989999999999933e-01 -7.969999999999999654e-04
1.700000000000000000e+01 6.300000000000000000e+01 5.400000000000000000e+01 0.000000000000000000e+00 1.600000000000000089e+00 -2.590000000000000071e-04 -1.485999999999999908e-03 9.999989999999999712e-01 -3.484459999999999780e-01 9.373280000000000500e-01 1.302999999999999905e-03 -9.373289999999999678e-01 -3.484450000000000047e-01 -7.609999999999999577e-04
2.100000000000000000e+01 6.300000000000000000e+01 5.400000000000000000e+01 0.000000000000000000e+00 1.600000000000000089e+00 -1.227000000000000009e-03 1.779999999999999898e-04 9.999989999999999712e-01 -3.497520000000000073e-01 9.368419999999999526e-01 -5.959999999999999586e-04 -9.368419999999999526e-01 -3.497520000000000073e-01 -1.087000000000000076e-03
2.600000000000000000e+01 6.300000000000000000e+01 5.400000000000000000e+01 0.000000000000000000e+00 1.600000000000000089e+00 -2.640000000000000202e-04 2.490000000000000026e-03 9.999970000000000248e-01 -3.509189999999999809e-01 9.364019999999999566e-01 -2.425000000000000072e-03 -9.364059999999999606e-01 -3.509189999999999809e-01 6.269999999999999532e-04
1.900000000000000000e+01 2.500000000000000000e+01 5.500000000000000000e+01 0.000000000000000000e+00 1.600000000000000089e+00 -3.860000000000000041e-04 1.399999999999999986e-03 -9.999989999999999712e-01 -1.188099999999999920e-02 -9.999280000000000390e-01 -1.394999999999999973e-03 -9.999289999999999567e-01 1.188099999999999920e-02 4.029999999999999837e-04
2.500000000000000000e+01 6.800000000000000000e+01 5.700000000000000000e+01 0.000000000000000000e+00 1.600000000000000089e+00 1.830000000000000029e-04 -4.819000000000000367e-03 -9.999879999999999880e-01 -2.418639999999999957e-01 -9.702990000000000226e-01 4.631999999999999833e-03 -9.703100000000000058e-01 2.418599999999999917e-01 -1.343000000000000010e-03
8.000000000000000000e+00 2.000000000000000000e+01 6.000000000000000000e+01 0.000000000000000000e+00 1.600000000000000089e+00 -1.090000000000000067e-04 3.709000000000000057e-03 9.999930000000000208e-01 -6.230299999999999727e-02 9.980499999999999927e-01 -3.707999999999999925e-03 -9.980569999999999720e-01 -6.230299999999999727e-02 1.230000000000000082e-04
1.900000000000000000e+01 2.000000000000000000e+01 6.000000000000000000e+01 0.000000000000000000e+00 1.600000000000000089e+00 4.290000000000000193e-04 -8.772000000000000283e-03 9.999609999999999888e-01 -6.330500000000000016e-02 9.979559999999999542e-01 8.781999999999999876e-03 -9.979940000000000477e-01 -6.330600000000000116e-02 -1.269999999999999970e-04
7.000000000000000000e+00 2.100000000000000000e+01 6.000000000000000000e+01 0.000000000000000000e+00 1.600000000000000089e+00 1.299999999999999886e-04 4.172999999999999626e-03 9.999909999999999632e-01 -9.443999999999999617e-02 9.955220000000000180e-01 -4.141999999999999849e-03 -9.955310000000000548e-01 -9.443899999999999517e-02 5.230000000000000274e-04
1.200000000000000000e+01 2.100000000000000000e+01 6.000000000000000000e+01 0.000000000000000000e+00 1.600000000000000089e+00 -7.330000000000000361e-04 3.383999999999999855e-03 9.999940000000000495e-01 -9.462099999999999678e-02 9.955070000000000308e-01 -3.438000000000000084e-03 -9.955129999999999812e-01 -9.462299999999999878e-02 -4.090000000000000211e-04
2.600000000000000000e+01 2.100000000000000000e+01 6.000000000000000000e+01 0.000000000000000000e+00 1.600000000000000089e+00 -5.800000000000000034e-04 6.687000000000000235e-03 9.999770000000000048e-01 -9.499599999999999711e-02 9.954549999999999788e-01 -6.712000000000000084e-03 -9.954769999999999452e-01 -9.499799999999999911e-02 5.800000000000000034e-05
1.900000000000000000e+01 6.700000000000000000e+01 6.000000000000000000e+01 0.000000000000000000e+00 1.600000000000000089e+00 -8.130000000000000291e-04 -3.946999999999999988e-03 9.999919999999999920e-01 1.733260000000000078e-01 -9.848569999999999824e-01 -3.746000000000000198e-03 9.848639999999999617e-01 1.733220000000000038e-01 1.484999999999999992e-03
2.700000000000000000e+01 6.700000000000000000e+01 6.000000000000000000e+01 0.000000000000000000e+00 1.600000000000000089e+00 -1.317000000000000028e-03 -2.949999999999999931e-03 9.999949999999999672e-01 1.756790000000000018e-01 -9.844439999999999857e-01 -2.673000000000000029e-03 9.844469999999999610e-01 1.756749999999999978e-01 1.814000000000000074e-03
5.000000000000000000e+00 2.700000000000000000e+01 6.300000000000000000e+01 0.000000000000000000e+00 1.600000000000000089e+00 -1.959999999999999937e-04 -5.079000000000000181e-03 9.999869999999999592e-01 -2.730400000000000049e-01 9.619910000000000405e-01 4.832000000000000357e-03 -9.620030000000000525e-01 -2.730360000000000009e-01 -1.575000000000000011e-03
1.100000000000000000e+01 2.700000000000000000e+01 6.300000000000000000e+01 0.000000000000000000e+00 1.600000000000000089e+00 -1.520000000000000084e-04 -4.040000000000000080e-04 1.000000000000000000e+00 -2.752700000000000147e-01 9.613669999999999716e-01 3.469999999999999777e-04 -9.613669999999999716e-01 -2.752700000000000147e-01 -2.579999999999999828e-04
2.100000000000000000e+01 2.700000000000000000e+01 6.300000000000000000e+01 0.000000000000000000e+00 1.600000000000000089e+00 -4.040000000000000080e-04 -7.479999999999999670e-04 1.000000000000000000e+00 -2.746290000000000120e-01 9.615500000000000158e-01 6.080000000000000335e-04 -9.615500000000000158e-01 -2.746290000000000120e-01 -5.940000000000000184e-04
2.600000000000000000e+01 2.700000000000000000e+01 6.300000000000000000e+01 0.000000000000000000e+00 1.600000000000000089e+00 -9.629999999999999888e-04 -1.783999999999999996e-03 9.999980000000000535e-01 -2.754280000000000062e-01 9.613209999999999811e-01 1.449999999999999900e-03 -9.613209999999999811e-01 -2.754260000000000042e-01 -1.417999999999999990e-03
7.000000000000000000e+00 2.600000000000000000e+01 6.400000000000000000e+01 0.000000000000000000e+00 1.600000000000000089e+00 1.513999999999999938e-03 -4.432000000000000176e-03 9.999890000000000168e-01 -3.637599999999999723e-01 9.314810000000000034e-01 4.678999999999999999e-03 -9.314919999999999867e-01 -3.637630000000000030e-01 -2.020000000000000040e-04
1.200000000000000000e+01 2.600000000000000000e+01 6.400000000000000000e+01 0.000000000000000000e+00 1.600000000000000089e+00 -7.870000000000000476e-04 -1.123000000000000083e-03 9.999989999999999712e-01 -3.645900000000000252e-01 9.311679999999999957e-01 7.590000000000000175e-04 -9.311679999999999957e-01 -3.645889999999999964e-01 -1.142000000000000003e-03
1.800000000000000000e+01 2.600000000000000000e+01 6.400000000000000000e+01 0.000000000000000000e+00 1.600000000000000089e+00 -1.069999999999999988e-04 -8.319999999999999488e-04 1.000000000000000000e+00 -3.650660000000000016e-01 9.309819999999999762e-01 7.360000000000000006e-04 -9.309819999999999762e-01 -3.650649999999999729e-01 -4.029999999999999837e-04
2.200000000000000000e+01 2.600000000000000000e+01 6.400000000000000000e+01 0.000000000000000000e+00 1.600000000000000089e+00 6.299999999999999990e-05 -1.361000000000000014e-03 9.999989999999999712e-01 -3.683670000000000000e-01 9.296799999999999509e-01 1.288999999999999998e-03 -9.296809999999999796e-01 -3.683660000000000267e-01 -4.420000000000000101e-04
2.600000000000000000e+01 2.600000000000000000e+01 6.400000000000000000e+01 0.000000000000000000e+00 1.600000000000000089e+00 -9.250000000000000409e-04 -1.167000000000000069e-03 9.999989999999999712e-01 -3.681070000000000175e-01 9.297830000000000261e-01 7.450000000000000025e-04 -9.297830000000000261e-01 -3.681059999999999888e-01 -1.289999999999999914e-03
3.000000000000000000e+01 2.600000000000000000e+01 6.400000000000000000e+01 0.000000000000000000e+00 1.600000000000000089e+00 1.949999999999999965e-04 1.641000000000000097e-03 9.999989999999999712e-01 -3.665320000000000245e-01 9.304040000000000088e-01 -1.454999999999999913e-03 -9.304059999999999553e-01 -3.665309999999999957e-01 7.820000000000000345e-04
1.700000000000000000e+01 6.900000000000000000e+01 6.600000000000000000e+01 0.000000000000000000e+00 1.600000000000000089e+00 -1.005999999999999950e-03 -1.497000000000000067e-03 9.999980000000000535e-01 -9.556360000000000410e-01 2.945510000000000073e-01 -5.209999999999999788e-04 -2.945499999999999785e-01 -9.556350000000000122e-01 -1.727000000000000019e-03
3.000000000000000000e+00 2.500000000000000000e+01 7.300000000000000000e+01 0.000000000000000000e+00 1.600000000000000089e+00 1.564000000000000069e-03 4.899999999999999842e-05 9.999989999999999712e-01 7.564389999999999725e-01 -6.540629999999999500e-01 -1.150999999999999896e-03 6.540620000000000323e-01 7.564400000000000013e-01 -1.059999999999999961e-03
9.000000000000000000e+00 2.500000000000000000e+01 7.300000000000000000e+01 0.000000000000000000e+00 1.600000000000000089e+00 -1.745999999999999939e-03 -3.327000000000000096e-03 9.999930000000000208e-01 7.515549999999999731e-01 -6.596699999999999786e-01 -8.819999999999999715e-04 6.596689999999999499e-01 7.515479999999999938e-01 3.651999999999999864e-03
1.200000000000000000e+01 2.500000000000000000e+01 7.300000000000000000e+01 0.000000000000000000e+00 1.600000000000000089e+00 -4.850000000000000253e-04 -4.743999999999999953e-03 9.999890000000000168e-01 7.531369999999999454e-01 -6.578580000000000538e-01 -2.756000000000000203e-03 6.578629999999999756e-01 7.531269999999999909e-01 3.892000000000000060e-03
1.700000000000000000e+01 2.500000000000000000e+01 7.300000000000000000e+01 0.000000000000000000e+00 1.600000000000000089e+00 5.240000000000000517e-04 -6.780000000000000002e-04 1.000000000000000000e+00 7.545049999999999812e-01 -6.562940000000000440e-01 -8.409999999999999507e-04 6.562940000000000440e-01 7.545049999999999812e-01 1.669999999999999935e-04
2.400000000000000000e+01 2.500000000000000000e+01 7.300000000000000000e+01 0.000000000000000000e+00 1.600000000000000089e+00 -7.159999999999999481e-04 1.136999999999999990e-03 9.999989999999999712e-01 7.573039999999999772e-01 -6.530610000000000026e-01 1.284999999999999901e-03 6.530620000000000314e-01 7.573039999999999772e-01 -3.939999999999999817e-04
2.900000000000000000e+01 2.500000000000000000e+01 7.300000000000000000e+01 0.000000000000000000e+00 1.600000000000000089e+00 1.525000000000000097e-03 2.429999999999999977e-04 9.999989999999999712e-01 7.575420000000000487e-01 -6.527849999999999486e-01 -9.970000000000000563e-04 6.527840000000000309e-01 7.575429999999999664e-01 -1.180000000000000059e-03
2.000000000000000000e+00 4.400000000000000000e+01 7.300000000000000000e+01 0.000000000000000000e+00 1.600000000000000089e+00 -9.730000000000000151e-04 -3.250999999999999984e-03 9.999940000000000495e-01 5.283299999999999802e-02 -9.985979999999999857e-01 -3.194999999999999923e-03 9.986030000000000184e-01 5.282900000000000096e-02 1.142999999999999919e-03
9.000000000000000000e+00 4.400000000000000000e+01 7.300000000000000000e+01 0.000000000000000000e+00 1.600000000000000089e+00 8.059999999999999673e-04 3.599000000000000202e-03 9.999930000000000208e-01 5.304099999999999787e-02 -9.985859999999999737e-01 3.550999999999999903e-03 9.985920000000000352e-01 5.303800000000000181e-02 -9.959999999999999236e-04
1.500000000000000000e+01 4.400000000000000000e+01 7.300000000000000000e+01 0.000000000000000000e+00 1.600000000000000089e+00 1.062000000000000010e-03 2.719000000000000063e-03 9.999959999999999960e-01 5.622400000000000314e-02 -9.984150000000000524e-01 2.654999999999999808e-03 9.984180000000000277e-01 5.622100000000000014e-02 -1.213000000000000102e-03
2.200000000000000000e+01 4.400000000000000000e+01 7.300000000000000000e+01 0.000000000000000000e+00 1.600000000000000089e+00 -6.210000000000000242e-04 -3.289999999999999956e-03 9.999940000000000495e-01 5.412200000000000344e-02 -9.985289999999999999e-01 -3.250999999999999984e-03 9.985340000000000327e-01 5.411900000000000044e-02 7.979999999999999897e-04
2.600000000000000000e+01 4.400000000000000000e+01 7.300000000000000000e+01 0.000000000000000000e+00 1.600000000000000089e+00 6.920000000000000153e-04 -2.906000000000000163e-03 9.999959999999999960e-01 5.427200000000000080e-02 -9.985220000000000207e-01 -2.939000000000000206e-03 9.985260000000000247e-01 5.427400000000000280e-02 -5.330000000000000536e-04
3.000000000000000000e+00 9.100000000000000000e+01 7.600000000000000000e+01 0.000000000000000000e+00 1.600000000000000089e+00 -1.234999999999999987e-03 -7.110000000000000434e-04 9.999989999999999712e-01 3.309010000000000007e-01 -9.436649999999999761e-01 -2.629999999999999959e-04 9.436649999999999761e-01 3.309000000000000274e-01 1.400999999999999902e-03
7.000000000000000000e+00 9.100000000000000000e+01 7.600000000000000000e+01 0.000000000000000000e+00 1.600000000000000089e+00 2.770000000000000110e-04 7.299999999999999632e-04 1.000000000000000000e+00 3.177200000000000024e-01 -9.481840000000000268e-01 6.040000000000000447e-04 9.481849999999999445e-01 3.177200000000000024e-01 -4.949999999999999973e-04
1.000000000000000000e+01 9.100000000000000000e+01 7.600000000000000000e+01 0.000000000000000000e+00 1.600000000000000089e+00 3.899999999999999929e-04 1.227999999999999925e-03 9.999989999999999712e-01 3.229770000000000141e-01 -9.464059999999999695e-01 1.036999999999999944e-03 9.464069999999999983e-01 3.229759999999999853e-01 -7.659999999999999708e-04
1.400000000000000000e+01 9.100000000000000000e+01 7.600000000000000000e+01 0.000000000000000000e+00 1.600000000000000089e+00 -6.089999999999999494e-04 -8.630000000000000518e-04 9.999989999999999712e-01 3.205700000000000216e-01 -9.472249999999999837e-01 -6.220000000000000485e-04 9.472249999999999837e-01 3.205689999999999928e-01 8.540000000000000499e-04
1.700000000000000000e+01 9.100000000000000000e+01 7.600000000000000000e+01 0.000000000000000000e+00 1.600000000000000089e+00 1.500000000000000038e-05 -2.113999999999999994e-03 9.999980000000000535e-01 3.155020000000000047e-01 -9.489229999999999610e-01 -2.011000000000000201e-03 9.489250000000000185e-01 3.155020000000000047e-01 6.520000000000000188e-04
2.400000000000000000e+01 9.100000000000000000e+01 7.600000000000000000e+01 0.000000000000000000e+00 1.600000000000000089e+00 -2.148000000000000170e-03 1.294000000000000011e-03 9.999970000000000248e-01 3.117019999999999791e-01 -9.501779999999999671e-01 1.899000000000000080e-03 9.501770000000000493e-01 3.117050000000000098e-01 1.637999999999999916e-03
2.800000000000000000e+01 9.100000000000000000e+01 7.600000000000000000e+01 0.000000000000000000e+00 1.600000000000000089e+00 -1.064000000000000059e-03 -1.297999999999999892e-03 9.999989999999999712e-01 3.231829999999999981e-01 -9.463359999999999550e-01 -8.840000000000000201e-04 9.463359999999999550e-01 3.231809999999999961e-01 1.425999999999999967e-03
2.800000000000000000e+01 1.020000000000000000e+02 8.200000000000000000e+01 0.000000000000000000e+00 1.600000000000000089e+00 -1.572000000000000047e-03 -2.919000000000000154e-03 -9.999949999999999672e-01 -6.506809999999999539e-01 7.593499999999999694e-01 -1.193999999999999966e-03 7.593490000000000517e-01 6.506760000000000321e-01 -3.092999999999999829e-03
