5.000000000000000000e+00 2.500000000000000000e+01 1.000000000000000000e+00 0.000000000000000000e+00 1.600000000000000089e+00 -1.423999999999999919e-03 1.670999999999999959e-03 -9.999980000000000535e-01 -5.224940000000000140e-01 -8.526430000000000398e-01 -6.809999999999999647e-04 -8.526420000000000110e-01 5.224919999999999565e-01 2.086999999999999880e-03
2.200000000000000000e+01 2.500000000000000000e+01 1.000000000000000000e+00 0.000000000000000000e+00 1.600000000000000089e+00 -1.041999999999999958e-03 1.284999999999999901e-03 -9.999989999999999712e-01 -5.240019999999999678e-01 -8.517169999999999463e-01 -5.479999999999999845e-04 -8.517169999999999463e-01 5.240000000000000213e-01 1.561000000000000104e-03
2.600000000000000000e+01 2.500000000000000000e+01 1.000000000000000000e+00 0.000000000000000000e+00 1.600000000000000089e+00 -8.189999999999999581e-04 5.115999999999999888e-03 -9.999869999999999592e-01 -5.224130000000000162e-01 -8.526839999999999975e-01 -3.933999999999999997e-03 -8.526920000000000055e-01 5.224020000000000330e-01 3.370999999999999865e-03
5.000000000000000000e+00 1.500000000000000000e+01 4.000000000000000000e+00 0.000000000000000000e+00 1.600000000000000089e+00 2.827999999999999785e-03 -3.262000000000000142e-03 9.999909999999999632e-01 3.193130000000000135e-01 -9.476409999999999556e-01 -3.995000000000000287e-03 9.476449999999999596e-01 3.193219999999999947e-01 -1.637999999999999916e-03
9.000000000000000000e+00 1.500000000000000000e+01 4.000000000000000000e+00 0.000000000000000000e+00 1.600000000000000089e+00 2.735000000000000018e-03 -3.968000000000000173e-03 9.999879999999999880e-01 3.180689999999999906e-01 -9.480560000000000098e-01 -4.631999999999999833e-03 9.480640000000000178e-01 3.180780000000000274e-01 -1.330999999999999935e-03
1.700000000000000000e+01 1.500000000000000000e+01 4.000000000000000000e+00 0.000000000000000000e+00 1.600000000000000089e+00 1.448999999999999984e-03 -1.855000000000000095e-03 9.999970000000000248e-01 3.176829999999999932e-01 -9.481939999999999813e-01 -2.219000000000000052e-03 9.481960000000000388e-01 3.176860000000000239e-01 -7.849999999999999990e-04
2.300000000000000000e+01 1.500000000000000000e+01 4.000000000000000000e+00 0.000000000000000000e+00 1.600000000000000089e+00 1.085999999999999943e-03 -3.210000000000000180e-03 9.999940000000000495e-01 3.252200000000000091e-01 -9.456320000000000281e-01 -3.387999999999999953e-03 9.456379999999999786e-01 3.252220000000000111e-01 1.699999999999999987e-05
2.700000000000000000e+01 1.500000000000000000e+01 4.000000000000000000e+00 0.000000000000000000e+00 1.600000000000000089e+00 1.029999999999999964e-04 1.753999999999999917e-03 9.999980000000000535e-01 3.280230000000000090e-01 -9.446679999999999522e-01 1.624000000000000010e-03 9.446700000000000097e-01 3.280230000000000090e-01 -6.729999999999999871e-04
1.000000000000000000e+00 4.000000000000000000e+00 5.000000000000000000e+00 0.000000000000000000e+00 1.600000000000000089e+00 -6.570000000000000319e-03 1.425000000000000051e-03 9.999770000000000048e-01 2.323500000000000010e-01 -9.726280000000000481e-01 2.912999999999999791e-03 9.726099999999999746e-01 2.323639999999999872e-01 6.059000000000000150e-03
1.700000000000000000e+01 1.010000000000000000e+02 7.000000000000000000e+00 0.000000000000000000e+00 1.600000000000000089e+00 1.600000000000000131e-04 1.672399999999999928e-02 9.998599999999999710e-01 8.886420000000000430e-01 4.585339999999999971e-01 -7.811000000000000235e-03 -4.586009999999999809e-01 8.885189999999999477e-01 -1.478800000000000080e-02
2.100000000000000000e+01 1.010000000000000000e+02 7.000000000000000000e+00 0.000000000000000000e+00 1.600000000000000089e+00 -3.748000000000000029e-03 2.615999999999999836e-03 9.999900000000000455e-01 8.886540000000000550e-01 4.585739999999999816e-01 2.131000000000000082e-03 -4.585629999999999984e-01 8.886519999999999975e-01 -4.042999999999999719e-03
3.000000000000000000e+00 2.500000000000000000e+01 8.000000000000000000e+00 0.000000000000000000e+00 1.600000000000000089e+00 2.344000000000000163e-03 3.690000000000000138e-03 -9.999900000000000455e-01 4.487200000000000077e-01 8.936619999999999564e-01 4.348999999999999568e-03 8.936690000000000467e-01 -4.487260000000000137e-01 4.389999999999999914e-04
9.000000000000000000e+00 2.500000000000000000e+01 8.000000000000000000e+00 0.000000000000000000e+00 1.600000000000000089e+00 1.008999999999999914e-03 -2.090000000000000115e-04 -9.999989999999999712e-01 4.483059999999999823e-01 8.938800000000000079e-01 2.660000000000000146e-04 8.938789999999999791e-01 -4.483059999999999823e-01 9.950000000000000077e-04
1.500000000000000000e+01 2.500000000000000000e+01 8.000000000000000000e+00 0.000000000000000000e+00 1.600000000000000089e+00 2.396000000000000126e-03 6.041000000000000363e-03 -9.999789999999999512e-01 4.482300000000000173e-01 8.938949999999999951e-01 6.473999999999999720e-03 8.939150000000000151e-01 -4.482360000000000233e-01 -5.659999999999999884e-04
2.000000000000000000e+01 2.500000000000000000e+01 8.000000000000000000e+00 0.000000000000000000e+00 1.600000000000000089e+00 7.159999999999999481e-04 3.640000000000000006e-03 -9.999930000000000208e-01 4.467349999999999932e-01 8.946589999999999820e-01 3.576999999999999885e-03 8.946659999999999613e-01 -4.467340000000000200e-01 -9.849999999999999815e-04
2.400000000000000000e+01 2.500000000000000000e+01 8.000000000000000000e+00 0.000000000000000000e+00 1.600000000000000089e+00 1.371000000000000040e-03 -4.159999999999999636e-03 -9.999900000000000455e-01 4.455970000000000208e-01 8.952280000000000237e-01 -3.114000000000000015e-03 8.952320000000000277e-01 -4.455890000000000128e-01 3.080999999999999971e-03
3.000000000000000000e+01 2.500000000000000000e+01 8.000000000000000000e+00 0.000000000000000000e+00 1.600000000000000089e+00 1.642999999999999929e-03 -5.723999999999999921e-03 -9.999820000000000375e-01 4.462189999999999768e-01 8.949129999999999585e-01 -4.388999999999999672e-03 8.949219999999999953e-01 -4.462039999999999895e-01 4.023999999999999799e-03
3.000000000000000000e+00 2.400000000000000000e+01 9.000000000000000000e+00 0.000000000000000000e+00 1.600000000000000089e+00 2.164999999999999824e-03 5.729999999999999850e-03 -9.999810000000000088e-01 4.530830000000000135e-01 8.914469999999999894e-01 6.088999999999999795e-03 8.914659999999999807e-01 -4.530879999999999908e-01 -6.660000000000000338e-04
9.000000000000000000e+00 2.400000000000000000e+01 9.000000000000000000e+00 0.000000000000000000e+00 1.600000000000000089e+00 9.820000000000000170e-04 3.400000000000000244e-04 -9.999989999999999712e-01 4.532070000000000265e-01 8.914050000000000029e-01 7.479999999999999670e-04 8.914050000000000029e-01 -4.532079999999999997e-01 7.209999999999999612e-04
1.500000000000000000e+01 2.400000000000000000e+01 9.000000000000000000e+00 0.000000000000000000e+00 1.600000000000000089e+00 2.246000000000000166e-03 6.030999999999999903e-03 -9.999789999999999512e-01 4.513889999999999847e-01 8.923039999999999861e-01 6.395999999999999776e-03 8.923240000000000061e-01 -4.513940000000000174e-01 -7.179999999999999967e-04
2.000000000000000000e+01 2.400000000000000000e+01 9.000000000000000000e+00 0.000000000000000000e+00 1.600000000000000089e+00 6.599999999999999964e-04 2.706000000000000072e-03 -9.999959999999999960e-01 4.485259999999999803e-01 8.937659999999999494e-01 2.714999999999999965e-03 8.937690000000000357e-01 -4.485259999999999803e-01 -6.239999999999999887e-04
2.300000000000000000e+01 2.400000000000000000e+01 9.000000000000000000e+00 0.000000000000000000e+00 1.600000000000000089e+00 1.407999999999999963e-03 -2.732000000000000053e-03 -9.999949999999999672e-01 4.480009999999999826e-01 8.940310000000000201e-01 -1.812000000000000026e-03 8.940320000000000489e-01 -4.479969999999999786e-01 2.481999999999999831e-03
2.700000000000000000e+01 2.400000000000000000e+01 9.000000000000000000e+00 0.000000000000000000e+00 1.600000000000000089e+00 1.010000000000000047e-03 -6.113999999999999643e-03 -9.999810000000000088e-01 4.474230000000000151e-01 8.943079999999999918e-01 -5.015999999999999626e-03 8.943219999999999503e-01 -4.474090000000000011e-01 3.638000000000000175e-03
1.900000000000000000e+01 1.200000000000000000e+01 1.000000000000000000e+01 0.000000000000000000e+00 1.600000000000000089e+00 -5.370000000000000424e-04 -3.112999999999999882e-03 -9.999949999999999672e-01 -5.538589999999999902e-01 -8.326059999999999572e-01 2.890000000000000208e-03 -8.326099999999999612e-01 5.538579999999999615e-01 -1.276999999999999923e-03
2.200000000000000000e+01 1.200000000000000000e+01 1.000000000000000000e+01 0.000000000000000000e+00 1.600000000000000089e+00 -1.378000000000000102e-03 -1.042000000000000044e-02 -9.999449999999999728e-01 -5.548189999999999511e-01 -8.319180000000000463e-01 9.433999999999999678e-03 -8.319699999999999873e-01 5.548009999999999886e-01 -4.635000000000000231e-03
1.000000000000000000e+00 3.100000000000000000e+01 1.200000000000000000e+01 0.000000000000000000e+00 1.600000000000000089e+00 -1.211000000000000054e-03 -1.804999999999999964e-03 9.999980000000000535e-01 1.828999999999999897e-03 9.999970000000000248e-01 1.807000000000000012e-03 -9.999980000000000535e-01 1.830999999999999945e-03 -1.208000000000000089e-03
4.000000000000000000e+00 3.100000000000000000e+01 1.200000000000000000e+01 0.000000000000000000e+00 1.600000000000000089e+00 -3.910000000000000172e-04 4.600000000000000004e-05 1.000000000000000000e+00 1.593999999999999931e-03 9.999989999999999712e-01 -4.500000000000000283e-05 -9.999989999999999712e-01 1.593999999999999931e-03 -3.910000000000000172e-04
8.000000000000000000e+00 3.100000000000000000e+01 1.200000000000000000e+01 0.000000000000000000e+00 1.600000000000000089e+00 1.981999999999999821e-03 3.814999999999999815e-03 9.999909999999999632e-01 3.647000000000000068e-03 9.999860000000000415e-01 -3.821999999999999877e-03 -9.999909999999999632e-01 3.654999999999999829e-03 1.968000000000000131e-03
1.600000000000000000e+01 3.100000000000000000e+01 1.200000000000000000e+01 0.000000000000000000e+00 1.600000000000000089e+00 9.610000000000000486e-04 -5.303000000000000422e-03 9.999850000000000128e-01 6.453000000000000402e-03 9.999649999999999928e-01 5.296999999999999625e-03 -9.999789999999999512e-01 6.447999999999999739e-03 9.959999999999999236e-04
1.900000000000000000e+01 3.100000000000000000e+01 1.200000000000000000e+01 0.000000000000000000e+00 1.600000000000000089e+00 8.660000000000000163e-04 1.325999999999999922e-03 9.999989999999999712e-01 4.288000000000000145e-03 9.999900000000000455e-01 -1.329000000000000103e-03 -9.999900000000000455e-01 4.289000000000000278e-03 8.599999999999999789e-04
2.200000000000000000e+01 3.100000000000000000e+01 1.200000000000000000e+01 0.000000000000000000e+00 1.600000000000000089e+00 -6.440000000000000412e-04 1.742999999999999975e-03 9.999980000000000535e-01 4.239999999999999845e-03 9.999900000000000455e-01 -1.740000000000000010e-03 -9.999909999999999632e-01 4.237999999999999580e-03 -6.509999999999999945e-04
3.000000000000000000e+01 3.200000000000000000e+01 1.400000000000000000e+01 0.000000000000000000e+00 1.600000000000000089e+00 -4.180000000000000230e-04 -4.189000000000000015e-03 -9.999909999999999632e-01 9.633200000000000096e-02 9.953400000000000025e-01 -4.210000000000000200e-03 9.953490000000000393e-01 -9.633300000000000196e-02 -1.299999999999999920e-05
1.200000000000000000e+01 1.160000000000000000e+02 1.600000000000000000e+01 0.000000000000000000e+00 1.600000000000000089e+00 7.420000000000000380e-04 1.629999999999999939e-03 9.999980000000000535e-01 6.620319999999999538e-01 7.494739999999999736e-01 -1.712999999999999896e-03 -7.494750000000000023e-01 6.620319999999999538e-01 -5.230000000000000274e-04
1.500000000000000000e+01 1.160000000000000000e+02 1.600000000000000000e+01 0.000000000000000000e+00 1.600000000000000089e+00 1.662999999999999982e-03 9.879999999999999460e-04 9.999980000000000535e-01 6.762190000000000145e-01 7.366989999999999927e-01 -1.851999999999999914e-03 -7.366989999999999927e-01 6.762209999999999610e-01 5.569999999999999864e-04
3.000000000000000000e+00 2.000000000000000000e+00 1.900000000000000000e+01 0.000000000000000000e+00 1.600000000000000089e+00 -1.729999999999999984e-03 -9.676000000000000573e-03 -9.999519999999999520e-01 1.943419999999999870e-01 -9.808909999999999574e-01 9.154999999999999943e-03 -9.809320000000000261e-01 -1.943169999999999897e-01 3.576999999999999885e-03
7.000000000000000000e+00 2.000000000000000000e+00 1.900000000000000000e+01 0.000000000000000000e+00 1.600000000000000089e+00 -1.279999999999999942e-04 8.720000000000000537e-04 -1.000000000000000000e+00 1.930070000000000119e-01 -9.811969999999999859e-01 -8.809999999999999472e-04 -9.811969999999999859e-01 -1.930070000000000119e-01 -4.300000000000000165e-05
1.300000000000000000e+01 2.000000000000000000e+00 1.900000000000000000e+01 0.000000000000000000e+00 1.600000000000000089e+00 1.188999999999999953e-03 -3.501000000000000206e-03 -9.999930000000000208e-01 1.893910000000000038e-01 -9.818949999999999623e-01 3.663000000000000023e-03 -9.819010000000000238e-01 -1.893940000000000068e-01 -5.050000000000000235e-04
1.700000000000000000e+01 2.000000000000000000e+00 1.900000000000000000e+01 0.000000000000000000e+00 1.600000000000000089e+00 -1.167000000000000069e-03 -7.709999999999999840e-04 -9.999989999999999712e-01 1.917750000000000010e-01 -9.814389999999999503e-01 5.330000000000000536e-04 -9.814380000000000326e-01 -1.917740000000000000e-01 1.293000000000000095e-03
2.100000000000000000e+01 2.000000000000000000e+00 1.900000000000000000e+01 0.000000000000000000e+00 1.600000000000000089e+00 3.739999999999999835e-04 -4.009999999999999893e-04 -1.000000000000000000e+00 1.930709999999999926e-01 -9.811849999999999739e-01 4.659999999999999971e-04 -9.811849999999999739e-01 -1.930709999999999926e-01 -2.889999999999999774e-04
2.400000000000000000e+01 2.000000000000000000e+00 1.900000000000000000e+01 0.000000000000000000e+00 1.600000000000000089e+00 2.120000000000000031e-04 -3.129999999999999970e-03 -9.999949999999999672e-01 1.923850000000000005e-01 -9.813150000000000484e-01 3.112000000000000183e-03 -9.813190000000000524e-01 -1.923850000000000005e-01 3.939999999999999817e-04
2.800000000000000000e+01 2.000000000000000000e+00 1.900000000000000000e+01 0.000000000000000000e+00 1.600000000000000089e+00 6.489999999999999459e-04 -5.240000000000000517e-04 -1.000000000000000000e+00 1.878140000000000087e-01 -9.822039999999999660e-01 6.369999999999999794e-04 -9.822039999999999660e-01 -1.878150000000000097e-01 -5.389999999999999826e-04
2.400000000000000000e+01 4.000000000000000000e+00 2.000000000000000000e+01 0.000000000000000000e+00 1.600000000000000089e+00 -5.019999999999999506e-04 -2.861999999999999961e-03 -9.999959999999999960e-01 2.889660000000000006e-01 -9.573359999999999648e-01 2.595000000000000084e-03 -9.573390000000000510e-01 -2.889630000000000254e-01 1.307999999999999918e-03
1.000000000000000000e+00 1.300000000000000000e+01 2.000000000000000000e+01 0.000000000000000000e+00 1.600000000000000089e+00 1.297999999999999892e-03 -6.416999999999999961e-03 9.999789999999999512e-01 2.552300000000000124e-01 9.668619999999999992e-01 5.872999999999999748e-03 -9.668790000000000440e-01 2.552170000000000272e-01 2.893000000000000172e-03
1.000000000000000000e+01 1.300000000000000000e+01 2.000000000000000000e+01 0.000000000000000000e+00 1.600000000000000089e+00 -9.820000000000000170e-04 -3.543999999999999841e-03 9.999930000000000208e-01 2.576600000000000001e-01 9.662290000000000045e-01 3.677000000000000147e-03 -9.662349999999999550e-01 2.576620000000000021e-01 -3.499999999999999693e-05
2.400000000000000000e+01 1.300000000000000000e+01 2.000000000000000000e+01 0.000000000000000000e+00 1.600000000000000089e+00 -2.999999999999999737e-04 -4.090000000000000211e-04 1.000000000000000000e+00 2.570430000000000215e-01 9.664000000000000368e-01 4.730000000000000046e-04 -9.664000000000000368e-01 2.570439999999999947e-01 -1.849999999999999973e-04
2.900000000000000000e+01 1.300000000000000000e+01 2.000000000000000000e+01 0.000000000000000000e+00 1.600000000000000089e+00 -1.240000000000000054e-04 2.222000000000000017e-03 9.999980000000000535e-01 2.561019999999999963e-01 9.666470000000000340e-01 -2.115999999999999825e-03 -9.666500000000000092e-01 2.561019999999999963e-01 -6.890000000000000508e-04
2.000000000000000000e+00 3.000000000000000000e+00 2.500000000000000000e+01 0.000000000000000000e+00 1.600000000000000089e+00 -1.016999999999999892e-03 -7.920999999999999222e-03 9.999679999999999680e-01 -6.942900000000000460e-02 -9.975549999999999695e-01 -7.971999999999999920e-03 9.975859999999999728e-01 -6.943499999999999672e-02 4.640000000000000027e-04
5.000000000000000000e+00 3.000000000000000000e+00 2.500000000000000000e+01 0.000000000000000000e+00 1.600000000000000089e+00 2.419999999999999842e-03 -4.751000000000000015e-03 9.999860000000000415e-01 -7.431000000000000105e-02 -9.972250000000000281e-01 -4.558000000000000419e-03 9.972320000000000073e-01 -7.429800000000000293e-02 -2.766999999999999928e-03
1.300000000000000000e+01 3.000000000000000000e+00 2.500000000000000000e+01 0.000000000000000000e+00 1.600000000000000089e+00 1.129000000000000012e-03 -7.889999999999999444e-03 9.999679999999999680e-01 -7.223799999999999666e-02 -9.973570000000000491e-01 -7.787999999999999784e-03 9.973870000000000235e-01 -7.222699999999999954e-02 -1.696000000000000025e-03
1.800000000000000000e+01 3.000000000000000000e+00 2.500000000000000000e+01 0.000000000000000000e+00 1.600000000000000089e+00 5.490000000000000088e-04 -2.193000000000000071e-03 9.999970000000000248e-01 -7.215199999999999392e-02 -9.973910000000000275e-01 -2.148000000000000170e-03 9.973929999999999740e-01 -7.215100000000000680e-02 -7.050000000000000060e-04
2.100000000000000000e+01 3.000000000000000000e+00 2.500000000000000000e+01 0.000000000000000000e+00 1.600000000000000089e+00 8.919999999999999978e-04 -1.549999999999999946e-03 9.999980000000000535e-01 -7.584599999999999675e-02 -9.971179999999999488e-01 -1.477999999999999930e-03 9.971189999999999776e-01 -7.584399999999999475e-02 -1.007000000000000083e-03
2.400000000000000000e+01 3.000000000000000000e+00 2.500000000000000000e+01 0.000000000000000000e+00 1.600000000000000089e+00 1.054999999999999948e-03 -3.359999999999999814e-04 9.999989999999999712e-01 -7.987099999999999755e-02 -9.968050000000000521e-01 -2.500000000000000052e-04 9.968050000000000521e-01 -7.987099999999999755e-02 -1.079000000000000098e-03
2.900000000000000000e+01 3.000000000000000000e+00 2.500000000000000000e+01 0.000000000000000000e+00 1.600000000000000089e+00 8.580000000000000387e-04 -1.139999999999999954e-03 9.999989999999999712e-01 -8.395600000000000285e-02 -9.964690000000000492e-01 -1.064000000000000059e-03 9.964690000000000492e-01 -8.395500000000000185e-02 -9.499999999999999981e-04
1.700000000000000000e+01 4.600000000000000000e+01 2.700000000000000000e+01 0.000000000000000000e+00 1.600000000000000089e+00 -1.234000000000000071e-03 -2.498999999999999919e-03 -9.999959999999999960e-01 6.783350000000000213e-01 7.347479999999999567e-01 -2.674000000000000161e-03 7.347519999999999607e-01 -6.783360000000000500e-01 7.879999999999999635e-04
2.000000000000000000e+00 5.800000000000000000e+01 3.100000000000000000e+01 0.000000000000000000e+00 1.600000000000000089e+00 -4.460000000000000422e-03 -3.510000000000000208e-04 9.999900000000000455e-01 -8.062810000000000255e-01 -5.915209999999999635e-01 -3.804000000000000090e-03 5.915160000000000418e-01 -8.062899999999999512e-01 2.354999999999999889e-03
6.000000000000000000e+00 5.800000000000000000e+01 3.100000000000000000e+01 0.000000000000000000e+00 1.600000000000000089e+00 -3.053000000000000158e-03 5.789999999999999791e-04 9.999949999999999672e-01 -8.059680000000000177e-01 -5.919550000000000090e-01 -2.118000000000000091e-03 5.919510000000000050e-01 -8.059709999999999930e-01 2.272999999999999847e-03
1.400000000000000000e+01 5.800000000000000000e+01 3.100000000000000000e+01 0.000000000000000000e+00 1.600000000000000089e+00 6.642999999999999600e-03 3.105000000000000121e-03 9.999730000000000008e-01 -8.024799999999999711e-01 -5.966360000000000552e-01 7.184000000000000281e-03 5.966420000000000057e-01 -8.025060000000000526e-01 -1.472000000000000001e-03
2.500000000000000000e+01 5.800000000000000000e+01 3.100000000000000000e+01 0.000000000000000000e+00 1.600000000000000089e+00 8.500000000000000611e-05 -9.529999999999999626e-04 1.000000000000000000e+00 -8.049089999999999856e-01 -5.933979999999999810e-01 -4.970000000000000459e-04 5.933979999999999810e-01 -8.049089999999999856e-01 -8.180000000000000422e-04
3.000000000000000000e+01 5.800000000000000000e+01 3.100000000000000000e+01 0.000000000000000000e+00 1.600000000000000089e+00 -1.949999999999999965e-04 -4.886999999999999851e-03 9.999879999999999880e-01 -8.021420000000000217e-01 -5.971260000000000456e-01 -3.075000000000000042e-03 5.971340000000000536e-01 -8.021329999999999849e-01 -3.802999999999999957e-03
2.000000000000000000e+01 2.200000000000000000e+01 3.400000000000000000e+01 0.000000000000000000e+00 1.600000000000000089e+00 8.509999999999999769e-04 8.199999999999999824e-04 9.999989999999999712e-01 3.789460000000000051e-01 -9.254189999999999916e-01 4.360000000000000269e-04 9.254179999999999628e-01 3.789449999999999763e-01 -1.098000000000000018e-03
2.200000000000000000e+01 2.200000000000000000e+01 3.400000000000000000e+01 0.000000000000000000e+00 1.600000000000000089e+00 -3.980000000000000248e-04 4.485000000000000271e-03 9.999900000000000455e-01 3.780240000000000267e-01 -9.257859999999999978e-01 4.302000000000000268e-03 9.257959999999999523e-01 3.780209999999999959e-01 -1.325999999999999922e-03
2.700000000000000000e+01 2.300000000000000000e+01 3.400000000000000000e+01 0.000000000000000000e+00 1.600000000000000089e+00 -1.472000000000000001e-03 -6.170000000000000354e-04 9.999989999999999712e-01 4.007200000000000206e-01 -9.162010000000000431e-01 2.500000000000000120e-05 9.161989999999999856e-01 4.007200000000000206e-01 1.595000000000000064e-03
2.900000000000000000e+01 2.300000000000000000e+01 3.400000000000000000e+01 0.000000000000000000e+00 1.600000000000000089e+00 -9.579999999999999757e-04 -5.888000000000000005e-03 9.999820000000000375e-01 3.987200000000000188e-01 -9.170589999999999575e-01 -5.017999999999999891e-03 9.170719999999999983e-01 3.987080000000000068e-01 3.226000000000000135e-03
3.000000000000000000e+00 4.600000000000000000e+01 3.500000000000000000e+01 0.000000000000000000e+00 1.600000000000000089e+00 2.500000000000000120e-05 3.706000000000000093e-03 -9.999930000000000208e-01 3.918639999999999901e-01 -9.200169999999999737e-01 -3.399999999999999811e-03 -9.200230000000000352e-01 -3.918619999999999881e-01 -1.474999999999999966e-03
7.000000000000000000e+00 4.600000000000000000e+01 3.500000000000000000e+01 0.000000000000000000e+00 1.600000000000000089e+00 -1.069999999999999988e-04 4.354000000000000231e-03 -9.999900000000000455e-01 3.912289999999999934e-01 -9.202839999999999909e-01 -4.048999999999999648e-03 -9.202930000000000277e-01 -3.912260000000000182e-01 -1.605000000000000090e-03
1.400000000000000000e+01 4.600000000000000000e+01 3.500000000000000000e+01 0.000000000000000000e+00 1.600000000000000089e+00 -1.450000000000000009e-04 -1.099999999999999971e-05 -1.000000000000000000e+00 3.911330000000000084e-01 -9.203339999999999854e-01 -4.699999999999999724e-05 -9.203339999999999854e-01 -3.911330000000000084e-01 1.379999999999999933e-04
1.900000000000000000e+01 4.600000000000000000e+01 3.500000000000000000e+01 0.000000000000000000e+00 1.600000000000000089e+00 -6.350000000000000392e-04 -8.559999999999999901e-04 -9.999989999999999712e-01 3.928269999999999817e-01 -9.196119999999999850e-01 5.379999999999999583e-04 -9.196119999999999850e-01 -3.928269999999999817e-01 9.200000000000000278e-04
2.700000000000000000e+01 4.600000000000000000e+01 3.500000000000000000e+01 0.000000000000000000e+00 1.600000000000000089e+00 4.339999999999999782e-04 4.229999999999999819e-04 -1.000000000000000000e+00 3.916560000000000041e-01 -9.201120000000000410e-01 -2.190000000000000106e-04 -9.201120000000000410e-01 -3.916560000000000041e-01 -5.649999999999999641e-04
1.500000000000000000e+01 9.500000000000000000e+01 3.600000000000000000e+01 0.000000000000000000e+00 1.600000000000000089e+00 -7.027000000000000260e-03 -1.046099999999999981e-02 9.999209999999999487e-01 9.971069999999999656e-01 7.560600000000000653e-02 7.798000000000000244e-03 -7.568199999999999927e-02 9.970830000000000526e-01 9.900000000000000813e-03
1.700000000000000000e+01 9.500000000000000000e+01 3.600000000000000000e+01 0.000000000000000000e+00 1.600000000000000089e+00 -7.036999999999999852e-03 -2.049099999999999880e-02 9.997650000000000148e-01 9.970329999999999471e-01 7.649999999999999856e-02 8.585000000000000617e-03 -7.665800000000000392e-02 9.968590000000000506e-01 1.989199999999999996e-02
2.200000000000000000e+01 9.500000000000000000e+01 3.600000000000000000e+01 0.000000000000000000e+00 1.600000000000000089e+00 -3.445999999999999844e-03 1.314000000000000064e-02 9.999080000000000190e-01 9.969869999999999566e-01 7.753100000000000269e-02 2.418000000000000010e-03 -7.749200000000000532e-02 9.969029999999999836e-01 -1.336700000000000041e-02
2.500000000000000000e+01 9.500000000000000000e+01 3.600000000000000000e+01 0.000000000000000000e+00 1.600000000000000089e+00 -5.882000000000000076e-03 1.471699999999999918e-02 9.998740000000000405e-01 9.973919999999999453e-01 7.201100000000000556e-02 4.806999999999999641e-03 -7.193099999999999494e-02 9.972950000000000426e-01 -1.510200000000000084e-02
3.000000000000000000e+00 2.900000000000000000e+01 4.400000000000000000e+01 0.000000000000000000e+00 1.600000000000000089e+00 8.610000000000000032e-04 -1.846999999999999901e-03 -9.999980000000000535e-01 6.594759999999999511e-01 7.517249999999999766e-01 -8.210000000000000067e-04 7.517249999999999766e-01 -6.594740000000000046e-01 1.864999999999999904e-03
7.000000000000000000e+00 2.900000000000000000e+01 4.400000000000000000e+01 0.000000000000000000e+00 1.600000000000000089e+00 -1.939999999999999993e-04 -1.010000000000000047e-03 -9.999989999999999712e-01 6.633120000000000127e-01 7.483429999999999804e-01 -8.840000000000000201e-04 7.483429999999999804e-01 -6.633109999999999840e-01 5.249999999999999676e-04
1.100000000000000000e+01 2.900000000000000000e+01 4.400000000000000000e+01 0.000000000000000000e+00 1.600000000000000089e+00 -6.340000000000000149e-04 1.467999999999999904e-03 -9.999989999999999712e-01 6.635999999999999677e-01 7.480879999999999752e-01 6.769999999999999759e-04 7.480879999999999752e-01 -6.635980000000000212e-01 -1.448999999999999984e-03
1.600000000000000000e+01 2.900000000000000000e+01 4.400000000000000000e+01 0.000000000000000000e+00 1.600000000000000089e+00 -5.609999999999999752e-04 4.022000000000000401e-03 -9.999919999999999920e-01 6.706990000000000451e-01 7.417249999999999677e-01 2.606999999999999942e-03 7.417289999999999717e-01 -6.706919999999999549e-01 -3.114000000000000015e-03
2.400000000000000000e+01 2.900000000000000000e+01 4.400000000000000000e+01 0.000000000000000000e+00 1.600000000000000089e+00 -3.669999999999999760e-04 -1.311000000000000099e-03 -9.999989999999999712e-01 6.711810000000000276e-01 7.412919999999999510e-01 -1.217999999999999899e-03 7.412929999999999797e-01 -6.711810000000000276e-01 6.070000000000000092e-04
2.800000000000000000e+01 2.900000000000000000e+01 4.400000000000000000e+01 0.000000000000000000e+00 1.600000000000000089e+00 1.167000000000000069e-03 -6.080000000000000335e-04 -9.999989999999999712e-01 6.699359999999999760e-01 7.424190000000000511e-01 3.310000000000000225e-04 7.424180000000000224e-01 -6.699359999999999760e-01 1.273999999999999959e-03
3.000000000000000000e+00 5.000000000000000000e+00 5.100000000000000000e+01 0.000000000000000000e+00 1.600000000000000089e+00 -7.519999999999999775e-03 -6.183000000000000128e-03 -9.999529999999999808e-01 4.953420000000000045e-01 -8.686970000000000525e-01 1.645999999999999894e-03 -8.686660000000000492e-01 -4.953060000000000240e-01 9.594999999999999363e-03
6.000000000000000000e+00 5.000000000000000000e+00 5.100000000000000000e+01 0.000000000000000000e+00 1.600000000000000089e+00 -1.675999999999999972e-03 -6.467999999999999791e-03 -9.999780000000000335e-01 4.957440000000000180e-01 -8.684560000000000057e-01 4.786000000000000323e-03 -8.684669999999999890e-01 -4.957250000000000267e-01 4.662000000000000345e-03
1.000000000000000000e+01 5.000000000000000000e+00 5.100000000000000000e+01 0.000000000000000000e+00 1.600000000000000089e+00 1.596999999999999895e-03 -1.557000000000000007e-03 -9.999970000000000248e-01 4.944589999999999819e-01 -8.691980000000000262e-01 2.141999999999999807e-03 -8.691999999999999726e-01 -4.944609999999999839e-01 -6.179999999999999513e-04
1.400000000000000000e+01 5.000000000000000000e+00 5.100000000000000000e+01 0.000000000000000000e+00 1.600000000000000089e+00 -1.523000000000000048e-03 2.967000000000000019e-03 -9.999949999999999672e-01 4.959549999999999792e-01 -8.683419999999999472e-01 -3.331999999999999892e-03 -8.683469999999999800e-01 -4.959569999999999812e-01 -1.499999999999999869e-04
2.600000000000000000e+01 5.000000000000000000e+00 5.100000000000000000e+01 0.000000000000000000e+00 1.600000000000000089e+00 3.367000000000000201e-03 1.825000000000000016e-03 -9.999930000000000208e-01 4.893170000000000019e-01 -8.721060000000000478e-01 5.599999999999999916e-05 -8.720999999999999863e-01 -4.893129999999999979e-01 -3.828999999999999938e-03
3.000000000000000000e+01 5.000000000000000000e+00 5.100000000000000000e+01 0.000000000000000000e+00 1.600000000000000089e+00 1.433000000000000029e-03 -7.742999999999999883e-03 -9.999689999999999968e-01 4.884160000000000168e-01 -8.725789999999999935e-01 7.457000000000000087e-03 -8.726099999999999968e-01 -4.884109999999999840e-01 2.531999999999999963e-03
1.900000000000000000e+01 6.300000000000000000e+01 5.400000000000000000e+01 0.000000000000000000e+00 1.600000000000000089e+00 -7.129999999999999836e-04 -1.619999999999999912e-03 9.999980000000000535e-01 -3.538930000000000131e-01 9.352850000000000330e-01 1.263000000000000017e-03 -9.352859999999999507e-01 -3.538910000000000111e-01 -1.240000000000000000e-03
2.400000000000000000e+01 6.300000000000000000e+01 5.400000000000000000e+01 0.000000000000000000e+00 1.600000000000000089e+00 -7.339999999999999520e-04 -8.940000000000000464e-04 9.999989999999999712e-01 -3.523669999999999858e-01 9.358619999999999717e-01 5.770000000000000389e-04 -9.358619999999999717e-01 -3.523660000000000125e-01 -1.002000000000000069e-03
2.800000000000000000e+01 6.300000000000000000e+01 5.400000000000000000e+01 0.000000000000000000e+00 1.600000000000000089e+00 9.619999999999999645e-04 2.683000000000000055e-03 9.999959999999999960e-01 -3.499120000000000008e-01 9.367799999999999461e-01 -2.177000000000000116e-03 -9.367820000000000036e-01 -3.499090000000000256e-01 1.840000000000000056e-03
6.000000000000000000e+00 2.500000000000000000e+01 5.500000000000000000e+01 0.000000000000000000e+00 1.600000000000000089e+00 3.056000000000000123e-03 -6.459999999999999814e-04 -9.999949999999999672e-01 -1.419600000000000029e-02 -9.998989999999999823e-01 6.030000000000000204e-04 -9.998949999999999783e-01 1.419400000000000002e-02 -3.065000000000000016e-03
1.700000000000000000e+01 2.500000000000000000e+01 5.500000000000000000e+01 0.000000000000000000e+00 1.600000000000000089e+00 -9.299999999999999727e-05 3.369000000000000033e-03 -9.999940000000000495e-01 -1.218999999999999945e-02 -9.999200000000000310e-01 -3.367000000000000201e-03 -9.999259999999999815e-01 1.218999999999999945e-02 1.340000000000000045e-04
2.300000000000000000e+01 2.500000000000000000e+01 5.500000000000000000e+01 0.000000000000000000e+00 1.600000000000000089e+00 1.348999999999999939e-03 2.083000000000000216e-03 -9.999970000000000248e-01 -1.069299999999999938e-02 -9.999409999999999688e-01 -2.096999999999999906e-03 -9.999419999999999975e-01 1.069600000000000065e-02 -1.325999999999999922e-03
6.000000000000000000e+00 2.100000000000000000e+01 6.000000000000000000e+01 0.000000000000000000e+00 1.600000000000000089e+00 3.109999999999999917e-03 8.840000000000000201e-04 9.999949999999999672e-01 -9.677700000000000191e-02 9.953060000000000240e-01 -5.789999999999999791e-04 -9.953009999999999913e-01 -9.677399999999999891e-02 3.180999999999999800e-03
1.100000000000000000e+01 2.100000000000000000e+01 6.000000000000000000e+01 0.000000000000000000e+00 1.600000000000000089e+00 -5.063999999999999925e-03 -6.178999999999999597e-03 9.999679999999999680e-01 -9.663299999999999668e-02 9.953039999999999665e-01 5.660000000000000100e-03 -9.953070000000000528e-01 -9.660100000000000631e-02 -5.636999999999999650e-03
1.600000000000000000e+01 2.100000000000000000e+01 6.000000000000000000e+01 0.000000000000000000e+00 1.600000000000000089e+00 -9.380000000000000317e-04 -5.006000000000000033e-03 9.999869999999999592e-01 -9.676700000000000579e-02 9.952950000000000408e-01 4.891999999999999647e-03 -9.953070000000000528e-01 -9.676099999999999979e-02 -1.417999999999999990e-03
1.900000000000000000e+01 3.000000000000000000e+00 6.300000000000000000e+01 0.000000000000000000e+00 1.600000000000000089e+00 1.574000000000000095e-03 -1.039999999999999936e-04 9.999989999999999712e-01 -6.163539999999999575e-01 7.874689999999999745e-01 1.051999999999999984e-03 -7.874679999999999458e-01 -6.163549999999999862e-01 1.175000000000000046e-03
4.000000000000000000e+00 2.700000000000000000e+01 6.300000000000000000e+01 0.000000000000000000e+00 1.600000000000000089e+00 2.912000000000000092e-03 2.363000000000000083e-03 9.999930000000000208e-01 -2.677499999999999880e-01 9.634869999999999823e-01 -1.497000000000000067e-03 -9.634840000000000071e-01 -2.677439999999999820e-01 3.438000000000000084e-03
9.000000000000000000e+00 2.700000000000000000e+01 6.300000000000000000e+01 0.000000000000000000e+00 1.600000000000000089e+00 -3.980000000000000248e-04 6.849999999999999535e-04 1.000000000000000000e+00 -2.685460000000000069e-01 9.632659999999999556e-01 -7.669999999999999951e-04 -9.632669999999999844e-01 -2.685469999999999802e-01 -1.990000000000000124e-04
1.700000000000000000e+01 2.700000000000000000e+01 6.300000000000000000e+01 0.000000000000000000e+00 1.600000000000000089e+00 -1.809999999999999977e-03 -3.759999999999999887e-03 9.999909999999999632e-01 -2.677129999999999788e-01 9.634930000000000438e-01 3.138000000000000164e-03 -9.634970000000000478e-01 -2.677050000000000263e-01 -2.749999999999999840e-03
2.500000000000000000e+01 2.700000000000000000e+01 6.300000000000000000e+01 0.000000000000000000e+00 1.600000000000000089e+00 2.151000000000000134e-03 -7.900000000000000121e-04 9.999970000000000248e-01 -2.677109999999999768e-01 9.634979999999999656e-01 1.337000000000000081e-03 -9.634970000000000478e-01 -2.677140000000000075e-01 1.861000000000000024e-03
2.900000000000000000e+01 2.700000000000000000e+01 6.300000000000000000e+01 0.000000000000000000e+00 1.600000000000000089e+00 4.421999999999999716e-03 -3.791999999999999798e-03 9.999829999999999552e-01 -2.677019999999999955e-01 9.634899999999999576e-01 4.838000000000000286e-03 -9.634920000000000151e-01 -2.677189999999999848e-01 3.245000000000000055e-03
3.000000000000000000e+00 2.600000000000000000e+01 6.400000000000000000e+01 0.000000000000000000e+00 1.600000000000000089e+00 3.448999999999999809e-03 -8.530000000000000256e-04 9.999940000000000495e-01 -3.440019999999999745e-01 9.389669999999999961e-01 1.988000000000000184e-03 -9.389629999999999921e-01 -3.440059999999999785e-01 2.945000000000000135e-03
1.300000000000000000e+01 2.600000000000000000e+01 6.400000000000000000e+01 0.000000000000000000e+00 1.600000000000000089e+00 -2.013000000000000032e-03 -3.206000000000000082e-03 9.999930000000000208e-01 -3.470130000000000159e-01 9.378579999999999695e-01 2.308000000000000156e-03 -9.378579999999999695e-01 -3.470050000000000079e-01 -3.000000000000000062e-03
1.800000000000000000e+01 2.600000000000000000e+01 6.400000000000000000e+01 0.000000000000000000e+00 1.600000000000000089e+00 -1.463000000000000108e-03 -2.428000000000000037e-03 9.999959999999999960e-01 -3.492390000000000216e-01 9.370319999999999760e-01 1.763999999999999943e-03 -9.370330000000000048e-01 -3.492350000000000176e-01 -2.219000000000000052e-03
2.500000000000000000e+01 2.600000000000000000e+01 6.400000000000000000e+01 0.000000000000000000e+00 1.600000000000000089e+00 1.962000000000000202e-03 1.749999999999999982e-04 9.999980000000000535e-01 -3.495679999999999898e-01 9.369110000000000493e-01 5.220000000000000031e-04 -9.369089999999999918e-01 -3.495690000000000186e-01 1.899999999999999996e-03
3.000000000000000000e+01 2.600000000000000000e+01 6.400000000000000000e+01 0.000000000000000000e+00 1.600000000000000089e+00 4.826000000000000428e-03 -2.918000000000000021e-03 9.999839999999999840e-01 -3.479200000000000070e-01 9.375139999999999585e-01 4.414999999999999654e-03 -9.375120000000000120e-01 -3.479349999999999943e-01 3.508999999999999966e-03
1.100000000000000000e+01 2.500000000000000000e+01 7.300000000000000000e+01 0.000000000000000000e+00 1.600000000000000089e+00 -2.592200000000000060e-02 -2.269699999999999843e-02 9.994060000000000166e-01 7.576990000000000114e-01 -6.525859999999999994e-01 4.832000000000000357e-03 6.520890000000000297e-01 7.573739999999999917e-01 3.411399999999999849e-02
1.900000000000000000e+01 2.500000000000000000e+01 7.300000000000000000e+01 0.000000000000000000e+00 1.600000000000000089e+00 5.779999999999999548e-04 -6.310000000000000504e-04 1.000000000000000000e+00 7.476120000000000543e-01 -6.641350000000000309e-01 -8.509999999999999769e-04 6.641350000000000309e-01 7.476129999999999720e-01 8.799999999999999771e-05
2.200000000000000000e+01 2.500000000000000000e+01 7.300000000000000000e+01 0.000000000000000000e+00 1.600000000000000089e+00 -1.657000000000000053e-03 -1.920999999999999965e-03 9.999970000000000248e-01 7.490909999999999513e-01 -6.624670000000000281e-01 -3.199999999999999855e-05 6.624649999999999705e-01 7.490879999999999761e-01 2.537000000000000192e-03
2.700000000000000000e+01 2.500000000000000000e+01 7.300000000000000000e+01 0.000000000000000000e+00 1.600000000000000089e+00 1.371999999999999956e-03 -6.930000000000000396e-04 9.999989999999999712e-01 7.426899999999999613e-01 -6.696339999999999515e-01 -1.482999999999999943e-03 6.696339999999999515e-01 7.426909999999999901e-01 -4.040000000000000080e-04
2.000000000000000000e+00 4.400000000000000000e+01 7.300000000000000000e+01 0.000000000000000000e+00 1.600000000000000089e+00 -1.879999999999999944e-03 -3.429999999999999889e-03 9.999919999999999920e-01 5.201700000000000074e-02 -9.986410000000000009e-01 -3.327999999999999795e-03 9.986439999999999761e-01 5.201000000000000068e-02 2.056000000000000102e-03
7.000000000000000000e+00 4.400000000000000000e+01 7.300000000000000000e+01 0.000000000000000000e+00 1.600000000000000089e+00 -1.415000000000000025e-03 -3.458999999999999835e-03 9.999930000000000208e-01 5.086000000000000243e-02 -9.987000000000000322e-01 -3.383000000000000156e-03 9.987049999999999539e-01 5.085499999999999743e-02 1.590000000000000050e-03
1.200000000000000000e+01 4.400000000000000000e+01 7.300000000000000000e+01 0.000000000000000000e+00 1.600000000000000089e+00 -2.262999999999999821e-03 -5.536000000000000122e-03 9.999820000000000375e-01 4.628000000000000169e-02 -9.989139999999999686e-01 -5.426000000000000267e-03 9.989259999999999806e-01 4.626600000000000157e-02 2.517000000000000140e-03
1.800000000000000000e+01 4.400000000000000000e+01 7.300000000000000000e+01 0.000000000000000000e+00 1.600000000000000089e+00 -2.541999999999999989e-03 -9.870000000000000301e-04 9.999959999999999960e-01 4.567899999999999738e-02 -9.989559999999999551e-01 -8.700000000000000051e-04 9.989529999999999799e-01 4.567700000000000232e-02 2.585000000000000058e-03
