7.000000000000000000e+00 1.010000000000000000e+02 7.000000000000000000e+00 0.000000000000000000e+00 1.600000000000000089e+00 -1.275000000000000092e-03 -3.655999999999999962e-03 9.999919999999999920e-01 8.855760000000000298e-01 4.644860000000000100e-01 2.827999999999999785e-03 -4.644920000000000160e-01 8.855730000000000546e-01 2.645999999999999915e-03
1.700000000000000000e+01 1.010000000000000000e+02 7.000000000000000000e+00 0.000000000000000000e+00 1.600000000000000089e+00 -1.072000000000000036e-03 4.553999999999999888e-03 9.999890000000000168e-01 8.824140000000000317e-01 4.704729999999999746e-01 -1.196000000000000014e-03 -4.704729999999999746e-01 8.824030000000000484e-01 -4.523000000000000111e-03
2.300000000000000000e+01 1.010000000000000000e+02 7.000000000000000000e+00 0.000000000000000000e+00 1.600000000000000089e+00 2.206000000000000062e-03 8.799999999999999771e-05 9.999980000000000535e-01 8.817960000000000242e-01 4.716279999999999917e-01 -1.987000000000000051e-03 -4.716270000000000184e-01 8.817979999999999707e-01 9.629999999999999888e-04
2.800000000000000000e+01 1.010000000000000000e+02 7.000000000000000000e+00 0.000000000000000000e+00 1.600000000000000089e+00 4.189999999999999931e-04 -3.034200000000000091e-02 9.995389999999999553e-01 8.832189999999999763e-01 4.687560000000000060e-01 1.385899999999999979e-02 -4.689610000000000167e-01 8.828059999999999796e-01 2.699500000000000163e-02
1.500000000000000000e+01 1.500000000000000000e+01 8.000000000000000000e+00 0.000000000000000000e+00 1.600000000000000089e+00 -1.884000000000000041e-03 -1.262500000000000080e-02 -9.999179999999999735e-01 -6.279839999999999867e-01 -7.781479999999999508e-01 1.100800000000000042e-02 -7.782240000000000268e-01 6.279540000000000122e-01 -6.461999999999999862e-03
2.000000000000000000e+01 1.500000000000000000e+01 8.000000000000000000e+00 0.000000000000000000e+00 1.600000000000000089e+00 -2.590000000000000071e-04 1.009299999999999954e-02 -9.999489999999999768e-01 -6.287540000000000351e-01 -7.775659999999999794e-01 -7.686000000000000124e-03 -7.776039999999999619e-01 6.287199999999999456e-01 6.548000000000000001e-03
2.000000000000000000e+00 2.500000000000000000e+01 8.000000000000000000e+00 0.000000000000000000e+00 1.600000000000000089e+00 -6.710000000000000469e-04 1.677000000000000105e-03 -9.999980000000000535e-01 4.439089999999999980e-01 8.960709999999999509e-01 1.204999999999999908e-03 8.960709999999999509e-01 -4.439080000000000248e-01 -1.345000000000000058e-03
6.000000000000000000e+00 2.500000000000000000e+01 8.000000000000000000e+00 0.000000000000000000e+00 1.600000000000000089e+00 -9.380000000000000317e-04 -1.556000000000000091e-03 -9.999980000000000535e-01 4.455760000000000276e-01 8.952430000000000110e-01 -1.810999999999999893e-03 8.952440000000000397e-01 -4.455760000000000276e-01 -1.459999999999999981e-04
9.000000000000000000e+00 2.500000000000000000e+01 8.000000000000000000e+00 0.000000000000000000e+00 1.600000000000000089e+00 2.919999999999999961e-04 -2.797000000000000007e-03 -9.999959999999999960e-01 4.467220000000000080e-01 8.946699999999999653e-01 -2.371999999999999977e-03 8.946730000000000516e-01 -4.467200000000000060e-01 1.510999999999999973e-03
1.400000000000000000e+01 2.500000000000000000e+01 8.000000000000000000e+00 0.000000000000000000e+00 1.600000000000000089e+00 8.760000000000000425e-04 6.179999999999999513e-04 -9.999989999999999712e-01 4.452940000000000231e-01 8.953839999999999577e-01 9.439999999999999607e-04 8.953839999999999577e-01 -4.452949999999999964e-01 5.090000000000000123e-04
1.800000000000000000e+01 2.500000000000000000e+01 8.000000000000000000e+00 0.000000000000000000e+00 1.600000000000000089e+00 1.000999999999999937e-03 -5.002000000000000370e-03 -9.999869999999999592e-01 4.445290000000000075e-01 8.957549999999999679e-01 -4.035999999999999657e-03 8.957640000000000047e-01 -4.445189999999999975e-01 3.121000000000000076e-03
2.300000000000000000e+01 2.500000000000000000e+01 8.000000000000000000e+00 0.000000000000000000e+00 1.600000000000000089e+00 1.949999999999999965e-04 3.534999999999999948e-03 -9.999940000000000495e-01 4.459350000000000258e-01 8.950590000000000490e-01 3.250999999999999984e-03 8.950649999999999995e-01 -4.459330000000000238e-01 -1.402000000000000034e-03
5.000000000000000000e+00 9.000000000000000000e+00 9.000000000000000000e+00 0.000000000000000000e+00 1.600000000000000089e+00 -2.110300000000000023e-02 -2.352399999999999977e-02 -9.995000000000000551e-01 -9.446240000000000192e-01 -3.269900000000000029e-01 2.764000000000000137e-02 -3.274759999999999893e-01 9.447349999999999914e-01 -1.532099999999999955e-02
6.000000000000000000e+00 2.400000000000000000e+01 9.000000000000000000e+00 0.000000000000000000e+00 1.600000000000000089e+00 -1.263000000000000017e-03 -1.814999999999999990e-03 -9.999970000000000248e-01 4.533690000000000220e-01 8.913200000000000012e-01 -2.190000000000000106e-03 8.913219999999999477e-01 -4.533710000000000240e-01 -3.029999999999999924e-04
9.000000000000000000e+00 2.400000000000000000e+01 9.000000000000000000e+00 0.000000000000000000e+00 1.600000000000000089e+00 -6.200000000000000270e-05 -2.866000000000000058e-03 -9.999959999999999960e-01 4.547010000000000218e-01 8.906399999999999872e-01 -2.580999999999999961e-03 8.906439999999999912e-01 -4.546999999999999931e-01 1.247999999999999977e-03
1.500000000000000000e+01 2.400000000000000000e+01 9.000000000000000000e+00 0.000000000000000000e+00 1.600000000000000089e+00 1.026999999999999918e-03 -1.479999999999999979e-03 -9.999980000000000535e-01 4.532459999999999822e-01 8.913849999999999829e-01 -8.540000000000000499e-04 8.913849999999999829e-01 -4.532450000000000090e-01 1.585999999999999953e-03
2.200000000000000000e+01 2.400000000000000000e+01 9.000000000000000000e+00 0.000000000000000000e+00 1.600000000000000089e+00 -2.439999999999999949e-04 4.310999999999999728e-03 -9.999909999999999632e-01 4.537220000000000142e-01 8.911350000000000104e-01 3.730999999999999941e-03 8.911430000000000184e-01 -4.537169999999999814e-01 -2.174000000000000151e-03
2.700000000000000000e+01 2.400000000000000000e+01 9.000000000000000000e+00 0.000000000000000000e+00 1.600000000000000089e+00 1.910999999999999938e-03 4.686000000000000061e-03 -9.999869999999999592e-01 4.542050000000000254e-01 8.908829999999999805e-01 5.042999999999999740e-03 8.908949999999999925e-01 -4.542080000000000006e-01 -4.260000000000000006e-04
3.000000000000000000e+00 3.500000000000000000e+01 1.200000000000000000e+01 0.000000000000000000e+00 1.600000000000000089e+00 1.260999999999999968e-03 -5.225999999999999743e-03 -9.999860000000000415e-01 4.633939999999999726e-01 -8.861369999999999525e-01 5.216000000000000150e-03 -8.861520000000000508e-01 -4.633939999999999726e-01 1.304999999999999953e-03
6.000000000000000000e+00 3.500000000000000000e+01 1.200000000000000000e+01 0.000000000000000000e+00 1.600000000000000089e+00 8.909999999999999734e-04 -1.113000000000000057e-03 -9.999989999999999712e-01 4.701719999999999788e-01 -8.825739999999999696e-01 1.400999999999999902e-03 -8.825739999999999696e-01 -4.701730000000000076e-01 -2.629999999999999959e-04
1.000000000000000000e+01 3.500000000000000000e+01 1.200000000000000000e+01 0.000000000000000000e+00 1.600000000000000089e+00 -2.445999999999999824e-03 1.734000000000000081e-03 -9.999959999999999960e-01 4.710340000000000082e-01 -8.821109999999999784e-01 -2.681999999999999922e-03 -8.821109999999999784e-01 -4.710389999999999855e-01 1.340999999999999961e-03
1.900000000000000000e+01 3.500000000000000000e+01 1.200000000000000000e+01 0.000000000000000000e+00 1.600000000000000089e+00 -4.910000000000000085e-04 6.769999999999999759e-04 -1.000000000000000000e+00 4.705739999999999923e-01 -8.823600000000000332e-01 -8.279999999999999600e-04 -8.823600000000000332e-01 -4.705750000000000210e-01 1.150000000000000035e-04
2.400000000000000000e+01 3.500000000000000000e+01 1.200000000000000000e+01 0.000000000000000000e+00 1.600000000000000089e+00 3.959999999999999978e-03 -5.576000000000000227e-03 -9.999770000000000048e-01 4.788959999999999884e-01 -8.778449999999999864e-01 6.791000000000000161e-03 -8.778629999999999489e-01 -4.789120000000000044e-01 -8.059999999999999673e-04
2.800000000000000000e+01 3.500000000000000000e+01 1.200000000000000000e+01 0.000000000000000000e+00 1.600000000000000089e+00 2.439999999999999949e-04 -6.501999999999999967e-03 -9.999789999999999512e-01 4.768149999999999888e-01 -8.789839999999999876e-01 5.831000000000000245e-03 -8.790040000000000076e-01 -4.768060000000000076e-01 2.886000000000000110e-03
4.000000000000000000e+00 3.200000000000000000e+01 1.400000000000000000e+01 0.000000000000000000e+00 1.600000000000000089e+00 -1.310000000000000129e-04 1.356999999999999916e-03 -9.999989999999999712e-01 1.031910000000000049e-01 9.946610000000000174e-01 1.335999999999999948e-03 9.946620000000000461e-01 -1.031910000000000049e-01 -2.709999999999999735e-04
1.100000000000000000e+01 3.200000000000000000e+01 1.400000000000000000e+01 0.000000000000000000e+00 1.600000000000000089e+00 8.880000000000000089e-04 -6.102999999999999918e-03 -9.999810000000000088e-01 1.034869999999999957e-01 9.946129999999999693e-01 -5.977999999999999807e-03 9.946300000000000141e-01 -1.034800000000000025e-01 1.515000000000000071e-03
1.800000000000000000e+01 3.200000000000000000e+01 1.400000000000000000e+01 0.000000000000000000e+00 1.600000000000000089e+00 1.180999999999999975e-03 1.284999999999999901e-03 -9.999989999999999712e-01 9.665799999999999392e-02 9.953170000000000073e-01 1.392999999999999924e-03 9.953170000000000073e-01 -9.665899999999999492e-02 1.051999999999999984e-03
1.000000000000000000e+00 1.160000000000000000e+02 1.600000000000000000e+01 0.000000000000000000e+00 1.600000000000000089e+00 -1.198999999999999979e-03 2.096000000000000207e-03 9.999970000000000248e-01 7.142159999999999620e-01 6.999250000000000194e-01 -6.109999999999999980e-04 -6.999239999999999906e-01 7.142129999999999868e-01 -2.335999999999999969e-03
9.000000000000000000e+00 1.160000000000000000e+02 1.600000000000000000e+01 0.000000000000000000e+00 1.600000000000000089e+00 -1.436999999999999909e-03 4.479999999999999933e-04 9.999989999999999712e-01 7.577859999999999596e-01 6.525030000000000552e-01 7.960000000000000495e-04 -6.525020000000000264e-01 7.577859999999999596e-01 -1.276999999999999923e-03
2.300000000000000000e+01 1.160000000000000000e+02 1.600000000000000000e+01 0.000000000000000000e+00 1.600000000000000089e+00 1.273000000000000043e-03 -1.853999999999999962e-03 9.999970000000000248e-01 7.577639999999999931e-01 6.525290000000000257e-01 2.449999999999999921e-04 -6.525279999999999969e-01 7.577610000000000179e-01 2.235000000000000007e-03
1.000000000000000000e+00 2.000000000000000000e+00 1.900000000000000000e+01 0.000000000000000000e+00 1.600000000000000089e+00 2.390000000000000089e-04 -1.147000000000000016e-03 -9.999989999999999712e-01 3.277189999999999825e-01 -9.447750000000000314e-01 1.162000000000000055e-03 -9.447750000000000314e-01 -3.277189999999999825e-01 1.499999999999999869e-04
6.000000000000000000e+00 2.000000000000000000e+00 1.900000000000000000e+01 0.000000000000000000e+00 1.600000000000000089e+00 -3.890000000000000228e-04 -5.133000000000000410e-03 -9.999869999999999592e-01 3.291160000000000196e-01 -9.442779999999999507e-01 4.719000000000000104e-03 -9.442890000000000450e-01 -3.291100000000000136e-01 2.056999999999999801e-03
1.200000000000000000e+01 2.000000000000000000e+00 1.900000000000000000e+01 0.000000000000000000e+00 1.600000000000000089e+00 -6.419999999999999925e-04 6.578999999999999779e-03 -9.999780000000000335e-01 3.351790000000000047e-01 -9.421329999999999982e-01 -6.413000000000000297e-03 -9.421540000000000470e-01 -3.351759999999999740e-01 -1.600000000000000077e-03
1.700000000000000000e+01 2.000000000000000000e+00 1.900000000000000000e+01 0.000000000000000000e+00 1.600000000000000089e+00 3.240000000000000150e-04 3.840999999999999796e-03 -9.999930000000000208e-01 3.429180000000000006e-01 -9.393590000000000551e-01 -3.497000000000000108e-03 -9.393650000000000055e-01 -3.429150000000000253e-01 -1.621000000000000045e-03
2.200000000000000000e+01 2.000000000000000000e+00 1.900000000000000000e+01 0.000000000000000000e+00 1.600000000000000089e+00 7.450000000000000025e-04 -4.610999999999999648e-03 -9.999890000000000168e-01 3.440840000000000010e-01 -9.389279999999999848e-01 4.585999999999999799e-03 -9.389389999999999681e-01 -3.440830000000000277e-01 8.869999999999999846e-04
3.000000000000000000e+01 2.000000000000000000e+00 1.900000000000000000e+01 0.000000000000000000e+00 1.600000000000000089e+00 -3.103999999999999988e-03 9.039999999999999425e-03 -9.999540000000000095e-01 3.342040000000000011e-01 -9.424519999999999564e-01 -9.558000000000000523e-03 -9.424949999999999717e-01 -3.342189999999999883e-01 -9.500000000000000523e-05
5.000000000000000000e+00 1.300000000000000000e+01 2.000000000000000000e+01 0.000000000000000000e+00 1.600000000000000089e+00 -1.101999999999999898e-03 4.220000000000000118e-04 9.999989999999999712e-01 2.641040000000000054e-01 9.644939999999999625e-01 -1.160000000000000007e-04 -9.644939999999999625e-01 2.641029999999999767e-01 -1.173999999999999913e-03
8.000000000000000000e+00 1.300000000000000000e+01 2.000000000000000000e+01 0.000000000000000000e+00 1.600000000000000089e+00 -1.595999999999999979e-03 9.449999999999999850e-04 9.999980000000000535e-01 2.649580000000000268e-01 9.642600000000000060e-01 -4.879999999999999898e-04 -9.642589999999999772e-01 2.649569999999999981e-01 -1.789999999999999925e-03
1.300000000000000000e+01 1.300000000000000000e+01 2.000000000000000000e+01 0.000000000000000000e+00 1.600000000000000089e+00 1.185999999999999988e-03 -4.107999999999999673e-03 9.999909999999999632e-01 2.623989999999999934e-01 9.649529999999999497e-01 3.652999999999999997e-03 -9.649590000000000112e-01 2.623920000000000141e-01 2.222000000000000017e-03
1.600000000000000000e+01 1.300000000000000000e+01 2.000000000000000000e+01 0.000000000000000000e+00 1.600000000000000089e+00 2.047999999999999907e-03 -2.488000000000000194e-03 9.999949999999999672e-01 2.609670000000000045e-01 9.653460000000000374e-01 1.866999999999999953e-03 -9.653450000000000086e-01 2.609620000000000273e-01 2.626999999999999995e-03
1.000000000000000000e+00 3.000000000000000000e+00 2.500000000000000000e+01 0.000000000000000000e+00 1.600000000000000089e+00 -2.082000000000000083e-03 -1.164000000000000104e-03 9.999970000000000248e-01 1.129100000000000069e-02 -9.999360000000000470e-01 -1.141000000000000087e-03 9.999339999999999895e-01 1.128900000000000042e-02 2.095000000000000074e-03
1.900000000000000000e+01 4.600000000000000000e+01 2.700000000000000000e+01 0.000000000000000000e+00 1.600000000000000089e+00 -1.590000000000000050e-03 -1.340000000000000045e-03 -9.999980000000000535e-01 6.644269999999999898e-01 7.473509999999999875e-01 -2.057999999999999934e-03 7.473520000000000163e-01 -6.644290000000000473e-01 -2.979999999999999793e-04
1.900000000000000000e+01 4.600000000000000000e+01 3.000000000000000000e+01 0.000000000000000000e+00 1.600000000000000089e+00 -1.258999999999999920e-03 1.550000000000000000e-04 -9.999989999999999712e-01 3.282669999999999755e-01 9.445850000000000080e-01 -2.669999999999999847e-04 9.445839999999999792e-01 -3.282669999999999755e-01 -1.240000000000000000e-03
8.000000000000000000e+00 5.800000000000000000e+01 3.100000000000000000e+01 0.000000000000000000e+00 1.600000000000000089e+00 -7.413000000000000318e-03 -1.539800000000000023e-02 9.998540000000000205e-01 -7.597599999999999909e-01 -6.500150000000000095e-01 -1.564300000000000065e-02 6.501609999999999889e-01 -7.597650000000000237e-01 -6.879999999999999831e-03
1.800000000000000000e+01 5.800000000000000000e+01 3.100000000000000000e+01 0.000000000000000000e+00 1.600000000000000089e+00 3.595999999999999804e-03 4.199999999999999768e-05 9.999940000000000495e-01 -7.646249999999999991e-01 -6.444699999999999873e-01 2.776999999999999955e-03 6.444659999999999833e-01 -7.646300000000000319e-01 -2.285000000000000139e-03
2.600000000000000000e+01 5.800000000000000000e+01 3.100000000000000000e+01 0.000000000000000000e+00 1.600000000000000089e+00 -1.286000000000000034e-03 2.762999999999999831e-03 9.999949999999999672e-01 -7.655210000000000070e-01 -6.434100000000000374e-01 7.940000000000000009e-04 6.434100000000000374e-01 -7.655170000000000030e-01 2.942999999999999870e-03
3.000000000000000000e+00 4.600000000000000000e+01 3.500000000000000000e+01 0.000000000000000000e+00 1.600000000000000089e+00 -7.360000000000000006e-04 7.749999999999999728e-04 -9.999989999999999712e-01 3.887820000000000165e-01 -9.213289999999999536e-01 -1.000999999999999937e-03 -9.213299999999999823e-01 -3.887820000000000165e-01 3.770000000000000022e-04
8.000000000000000000e+00 4.600000000000000000e+01 3.500000000000000000e+01 0.000000000000000000e+00 1.600000000000000089e+00 -5.469999999999999602e-04 -2.394999999999999993e-03 -9.999970000000000248e-01 3.907649999999999735e-01 -9.204879999999999729e-01 1.991000000000000148e-03 -9.204900000000000304e-01 -3.907619999999999982e-01 1.440000000000000091e-03
1.500000000000000000e+01 4.600000000000000000e+01 3.500000000000000000e+01 0.000000000000000000e+00 1.600000000000000089e+00 1.050000000000000044e-04 -3.507000000000000135e-03 -9.999940000000000495e-01 3.914409999999999834e-01 -9.201970000000000427e-01 3.269000000000000204e-03 -9.202029999999999932e-01 -3.914389999999999814e-01 1.276000000000000007e-03
1.900000000000000000e+01 4.600000000000000000e+01 3.500000000000000000e+01 0.000000000000000000e+00 1.600000000000000089e+00 6.220000000000000485e-04 4.565999999999999746e-03 -9.999890000000000168e-01 3.911390000000000144e-01 -9.203230000000000022e-01 -3.958999999999999846e-03 -9.203310000000000102e-01 -3.911319999999999797e-01 -2.358999999999999986e-03
2.800000000000000000e+01 4.600000000000000000e+01 3.500000000000000000e+01 0.000000000000000000e+00 1.600000000000000089e+00 -9.899999999999999946e-04 -8.549999999999999658e-04 -9.999989999999999712e-01 3.902499999999999858e-01 -9.207089999999999996e-01 4.009999999999999893e-04 -9.207079999999999709e-01 -3.902490000000000125e-01 1.245000000000000013e-03
2.000000000000000000e+00 2.900000000000000000e+01 4.400000000000000000e+01 0.000000000000000000e+00 1.600000000000000089e+00 1.386000000000000079e-03 2.041999999999999978e-03 -9.999970000000000248e-01 6.587150000000000505e-01 7.523889999999999745e-01 2.448999999999999788e-03 7.523919999999999497e-01 -6.587159999999999682e-01 -3.029999999999999924e-04
8.000000000000000000e+00 2.900000000000000000e+01 4.400000000000000000e+01 0.000000000000000000e+00 1.600000000000000089e+00 2.049000000000000040e-03 -7.280000000000000230e-04 -9.999980000000000535e-01 6.621169999999999556e-01 7.493999999999999551e-01 8.109999999999999805e-04 7.493980000000000086e-01 -6.621169999999999556e-01 2.017000000000000130e-03
1.300000000000000000e+01 2.900000000000000000e+01 4.400000000000000000e+01 0.000000000000000000e+00 1.600000000000000089e+00 -1.753000000000000001e-03 4.530000000000000172e-03 -9.999879999999999880e-01 6.572820000000000329e-01 7.536410000000000053e-01 2.262000000000000122e-03 7.536429999999999518e-01 -6.572700000000000209e-01 -4.298999999999999870e-03
2.000000000000000000e+01 2.900000000000000000e+01 4.400000000000000000e+01 0.000000000000000000e+00 1.600000000000000089e+00 -4.199999999999999768e-05 -7.023999999999999862e-03 -9.999749999999999472e-01 6.685489999999999489e-01 7.436500000000000332e-01 -5.251999999999999724e-03 7.436679999999999957e-01 -6.685330000000000439e-01 4.663999999999999743e-03
2.700000000000000000e+01 2.900000000000000000e+01 4.400000000000000000e+01 0.000000000000000000e+00 1.600000000000000089e+00 -1.038999999999999993e-03 2.520000000000000104e-03 -9.999959999999999960e-01 6.634240000000000137e-01 7.482429999999999914e-01 1.196000000000000014e-03 7.482429999999999914e-01 -6.634200000000000097e-01 -2.448999999999999788e-03
2.400000000000000000e+01 7.000000000000000000e+01 4.700000000000000000e+01 0.000000000000000000e+00 1.600000000000000089e+00 4.884999999999999586e-03 4.009999999999999893e-04 -9.999879999999999880e-01 -8.464450000000000029e-01 -5.324579999999999869e-01 -4.348999999999999568e-03 -5.324539999999999829e-01 8.464559999999999862e-01 -2.262000000000000122e-03
1.200000000000000000e+01 5.000000000000000000e+00 5.100000000000000000e+01 0.000000000000000000e+00 1.600000000000000089e+00 -3.327000000000000096e-03 -3.033000000000000106e-03 -9.999900000000000455e-01 4.926740000000000008e-01 -8.702140000000000430e-01 1.000000000000000021e-03 -8.702079999999999815e-01 -4.926650000000000196e-01 4.388999999999999672e-03
1.900000000000000000e+01 5.000000000000000000e+00 5.100000000000000000e+01 0.000000000000000000e+00 1.600000000000000089e+00 4.390999999999999938e-03 -6.276000000000000328e-03 -9.999710000000000543e-01 4.875320000000000209e-01 -8.730719999999999592e-01 7.621000000000000170e-03 -8.730940000000000367e-01 -4.875510000000000121e-01 -7.739999999999999485e-04
2.600000000000000000e+01 5.000000000000000000e+00 5.100000000000000000e+01 0.000000000000000000e+00 1.600000000000000089e+00 2.387999999999999932e-03 5.787999999999999742e-03 -9.999799999999999800e-01 4.797759999999999803e-01 -8.773819999999999952e-01 -3.932999999999999864e-03 -8.773879999999999457e-01 -4.797569999999999890e-01 -4.872999999999999728e-03
7.000000000000000000e+00 1.150000000000000000e+02 5.100000000000000000e+01 0.000000000000000000e+00 1.600000000000000089e+00 -1.528999999999999977e-03 -3.327000000000000096e-03 9.999930000000000208e-01 8.461849999999999650e-01 -5.328880000000000283e-01 -4.789999999999999879e-04 5.328859999999999708e-01 8.461790000000000145e-01 3.629999999999999980e-03
1.700000000000000000e+01 7.000000000000000000e+00 5.200000000000000000e+01 0.000000000000000000e+00 1.600000000000000089e+00 -1.812000000000000026e-03 -3.686000000000000040e-03 -9.999919999999999920e-01 1.088279999999999942e-01 -9.940550000000000219e-01 3.467000000000000030e-03 -9.940590000000000259e-01 -1.088210000000000011e-01 2.201999999999999964e-03
2.000000000000000000e+00 6.300000000000000000e+01 5.400000000000000000e+01 0.000000000000000000e+00 1.600000000000000089e+00 1.242999999999999964e-03 1.873000000000000099e-03 9.999970000000000248e-01 -3.430759999999999921e-01 9.393070000000000030e-01 -1.332999999999999984e-03 -9.393070000000000030e-01 -3.430730000000000168e-01 1.809999999999999977e-03
6.000000000000000000e+00 6.300000000000000000e+01 5.400000000000000000e+01 0.000000000000000000e+00 1.600000000000000089e+00 3.849999999999999798e-04 1.136999999999999990e-03 9.999989999999999712e-01 -3.424800000000000066e-01 9.395250000000000545e-01 -9.370000000000000074e-04 -9.395250000000000545e-01 -3.424789999999999779e-01 7.510000000000000399e-04
1.200000000000000000e+01 6.300000000000000000e+01 5.400000000000000000e+01 0.000000000000000000e+00 1.600000000000000089e+00 -2.919999999999999961e-04 1.520000000000000084e-04 1.000000000000000000e+00 -3.407800000000000273e-01 9.401429999999999509e-01 -2.420000000000000005e-04 -9.401429999999999509e-01 -3.407810000000000006e-01 -2.229999999999999994e-04
1.900000000000000000e+01 6.300000000000000000e+01 5.400000000000000000e+01 0.000000000000000000e+00 1.600000000000000089e+00 6.610000000000000207e-04 1.572000000000000047e-03 9.999989999999999712e-01 -3.452970000000000206e-01 9.384930000000000216e-01 -1.247000000000000062e-03 -9.384930000000000216e-01 -3.452959999999999918e-01 1.162999999999999971e-03
2.400000000000000000e+01 6.300000000000000000e+01 5.400000000000000000e+01 0.000000000000000000e+00 1.600000000000000089e+00 -1.788000000000000093e-03 3.260000000000000094e-04 9.999980000000000535e-01 -3.409119999999999928e-01 9.400950000000000140e-01 -9.160000000000000390e-04 -9.400939999999999852e-01 -3.409130000000000216e-01 -1.569999999999999998e-03
3.000000000000000000e+01 6.300000000000000000e+01 5.400000000000000000e+01 0.000000000000000000e+00 1.600000000000000089e+00 -1.164000000000000104e-03 2.429000000000000169e-03 9.999959999999999960e-01 -3.447899999999999854e-01 9.386759999999999549e-01 -2.680999999999999790e-03 -9.386790000000000411e-01 -3.447919999999999874e-01 -2.550000000000000183e-04
1.000000000000000000e+00 2.500000000000000000e+01 5.500000000000000000e+01 0.000000000000000000e+00 1.600000000000000089e+00 -1.610000000000000103e-04 2.300000000000000070e-04 -1.000000000000000000e+00 -1.044899999999999995e-02 -9.999449999999999728e-01 -2.290000000000000098e-04 -9.999449999999999728e-01 1.044899999999999995e-02 1.630000000000000047e-04
1.200000000000000000e+01 2.500000000000000000e+01 5.500000000000000000e+01 0.000000000000000000e+00 1.600000000000000089e+00 1.356999999999999916e-03 -4.270000000000000358e-03 -9.999900000000000455e-01 -1.266100000000000038e-02 -9.999109999999999943e-01 4.251999999999999703e-03 -9.999190000000000023e-01 1.265600000000000058e-02 -1.410999999999999928e-03
4.000000000000000000e+00 2.100000000000000000e+01 6.000000000000000000e+01 0.000000000000000000e+00 1.600000000000000089e+00 4.420000000000000101e-04 -9.407000000000000431e-03 9.999559999999999560e-01 -9.307400000000000395e-02 9.956150000000000277e-01 9.407999999999999696e-03 -9.956589999999999607e-01 -9.307400000000000395e-02 -4.350000000000000026e-04
1.100000000000000000e+01 2.100000000000000000e+01 6.000000000000000000e+01 0.000000000000000000e+00 1.600000000000000089e+00 -1.074000000000000085e-03 -2.180000000000000134e-04 9.999989999999999712e-01 -9.421499999999999320e-02 9.955519999999999925e-01 1.150000000000000035e-04 -9.955509999999999637e-01 -9.421499999999999320e-02 -1.090000000000000040e-03
2.000000000000000000e+01 2.100000000000000000e+01 6.000000000000000000e+01 0.000000000000000000e+00 1.600000000000000089e+00 7.640000000000000306e-04 3.468999999999999861e-03 9.999940000000000495e-01 -9.397300000000000098e-02 9.955690000000000373e-01 -3.382000000000000024e-03 -9.955739999999999590e-01 -9.396899999999999697e-02 1.087000000000000076e-03
2.800000000000000000e+01 2.100000000000000000e+01 6.000000000000000000e+01 0.000000000000000000e+00 1.600000000000000089e+00 1.469999999999999953e-03 1.495000000000000018e-03 9.999980000000000535e-01 -9.582000000000000239e-02 9.953980000000000050e-01 -1.348000000000000023e-03 -9.953980000000000050e-01 -9.581800000000000039e-02 1.606000000000000006e-03
2.300000000000000000e+01 6.000000000000000000e+00 6.100000000000000000e+01 0.000000000000000000e+00 1.600000000000000089e+00 1.284999999999999901e-03 9.359999999999999831e-04 9.999989999999999712e-01 5.657389999999999919e-01 -8.245850000000000124e-01 4.500000000000000283e-05 8.245839999999999836e-01 5.657379999999999631e-01 -1.588999999999999918e-03
2.000000000000000000e+00 2.700000000000000000e+01 6.300000000000000000e+01 0.000000000000000000e+00 1.600000000000000089e+00 2.857999999999999863e-03 5.886999999999999872e-03 9.999789999999999512e-01 -2.759889999999999843e-01 9.611480000000000024e-01 -4.870000000000000197e-03 -9.611560000000000104e-01 -2.759690000000000198e-01 4.370999999999999885e-03
9.000000000000000000e+00 2.700000000000000000e+01 6.300000000000000000e+01 0.000000000000000000e+00 1.600000000000000089e+00 -9.560000000000000355e-04 1.758999999999999930e-03 9.999980000000000535e-01 -2.729570000000000052e-01 9.620239999999999903e-01 -1.953000000000000092e-03 -9.620260000000000478e-01 -2.729579999999999784e-01 -4.389999999999999914e-04
1.400000000000000000e+01 2.700000000000000000e+01 6.300000000000000000e+01 0.000000000000000000e+00 1.600000000000000089e+00 8.329999999999999731e-04 -3.569000000000000124e-03 9.999930000000000208e-01 -2.720049999999999968e-01 9.622889999999999500e-01 3.661000000000000192e-03 -9.622960000000000402e-01 -2.720060000000000255e-01 -1.689999999999999879e-04
2.000000000000000000e+01 2.700000000000000000e+01 6.300000000000000000e+01 0.000000000000000000e+00 1.600000000000000089e+00 1.913999999999999903e-03 5.055999999999999731e-03 9.999850000000000128e-01 -2.714670000000000138e-01 9.624380000000000157e-01 -4.346000000000000037e-03 -9.624460000000000237e-01 -2.714550000000000018e-01 3.213999999999999843e-03
2.800000000000000000e+01 2.700000000000000000e+01 6.300000000000000000e+01 0.000000000000000000e+00 1.600000000000000089e+00 2.292000000000000200e-03 -8.498999999999999611e-03 9.999609999999999888e-01 -2.702729999999999855e-01 9.627430000000000154e-01 8.803000000000000061e-03 -9.627809999999999979e-01 -2.702829999999999955e-01 -9.000000000000000567e-05
3.000000000000000000e+00 2.600000000000000000e+01 6.400000000000000000e+01 0.000000000000000000e+00 1.600000000000000089e+00 1.998999999999999909e-03 6.967000000000000103e-03 9.999740000000000295e-01 -3.661400000000000210e-01 9.305419999999999803e-01 -5.751000000000000036e-03 -9.305579999999999963e-01 -3.661190000000000278e-01 4.410999999999999990e-03
1.400000000000000000e+01 2.600000000000000000e+01 6.400000000000000000e+01 0.000000000000000000e+00 1.600000000000000089e+00 1.010000000000000047e-03 -4.101999999999999744e-03 9.999909999999999632e-01 -3.611759999999999970e-01 9.324879999999999836e-01 4.190000000000000148e-03 -9.324970000000000203e-01 -3.611770000000000258e-01 -5.389999999999999826e-04
1.700000000000000000e+01 2.600000000000000000e+01 6.400000000000000000e+01 0.000000000000000000e+00 1.600000000000000089e+00 3.100000000000000135e-05 6.310000000000000504e-04 1.000000000000000000e+00 -3.618709999999999982e-01 9.322279999999999456e-01 -5.770000000000000389e-04 -9.322279999999999456e-01 -3.618709999999999982e-01 2.570000000000000127e-04
2.000000000000000000e+01 2.600000000000000000e+01 6.400000000000000000e+01 0.000000000000000000e+00 1.600000000000000089e+00 1.729999999999999984e-03 5.095999999999999835e-03 9.999860000000000415e-01 -3.605479999999999796e-01 9.327320000000000055e-01 -4.128999999999999858e-03 -9.327389999999999848e-01 -3.605349999999999944e-01 3.449999999999999942e-03
2.800000000000000000e+01 2.600000000000000000e+01 6.400000000000000000e+01 0.000000000000000000e+00 1.600000000000000089e+00 2.308000000000000156e-03 -9.901000000000000079e-03 9.999479999999999480e-01 -3.606170000000000209e-01 9.326600000000000446e-01 1.006699999999999956e-02 -9.327109999999999568e-01 -3.606210000000000249e-01 -1.417999999999999990e-03
2.900000000000000000e+01 6.900000000000000000e+01 6.600000000000000000e+01 0.000000000000000000e+00 1.600000000000000089e+00 3.713999999999999854e-03 -1.046000000000000055e-03 9.999930000000000208e-01 -9.497769999999999824e-01 3.129049999999999887e-01 3.854999999999999920e-03 -3.129069999999999907e-01 -9.497839999999999616e-01 1.679999999999999907e-04
3.000000000000000000e+00 2.500000000000000000e+01 7.300000000000000000e+01 0.000000000000000000e+00 1.600000000000000089e+00 -1.879000000000000028e-03 -5.232999999999999804e-03 9.999850000000000128e-01 7.516840000000000188e-01 -6.595199999999999951e-01 -2.037999999999999881e-03 6.595199999999999951e-01 7.516690000000000316e-01 5.172999999999999647e-03
6.000000000000000000e+00 2.500000000000000000e+01 7.300000000000000000e+01 0.000000000000000000e+00 1.600000000000000089e+00 -3.294000000000000053e-03 -7.667000000000000204e-03 9.999649999999999928e-01 7.525269999999999460e-01 -6.585569999999999480e-01 -2.569999999999999802e-03 6.585539999999999727e-01 7.524920000000000497e-01 7.938999999999999876e-03
1.100000000000000000e+01 2.500000000000000000e+01 7.300000000000000000e+01 0.000000000000000000e+00 1.600000000000000089e+00 -1.642999999999999929e-03 -2.438000000000000063e-03 9.999959999999999960e-01 7.542649999999999633e-01 -6.565699999999999870e-01 -3.620000000000000171e-04 6.565680000000000405e-01 7.542609999999999593e-01 2.918000000000000021e-03
1.700000000000000000e+01 2.500000000000000000e+01 7.300000000000000000e+01 0.000000000000000000e+00 1.600000000000000089e+00 -9.499999999999999981e-04 2.305000000000000191e-03 9.999970000000000248e-01 7.511980000000000324e-01 -6.600740000000000496e-01 2.235000000000000007e-03 6.600770000000000248e-01 7.511970000000000036e-01 -1.103999999999999947e-03
2.300000000000000000e+01 2.500000000000000000e+01 7.300000000000000000e+01 0.000000000000000000e+00 1.600000000000000089e+00 8.899999999999999491e-05 -6.689999999999999983e-04 1.000000000000000000e+00 7.556399999999999784e-01 -6.549869999999999859e-01 -5.050000000000000235e-04 6.549869999999999859e-01 7.556399999999999784e-01 4.470000000000000232e-04
2.700000000000000000e+01 2.500000000000000000e+01 7.300000000000000000e+01 0.000000000000000000e+00 1.600000000000000089e+00 -2.076000000000000154e-03 -3.789999999999999966e-04 9.999980000000000535e-01 7.545939999999999870e-01 -6.561909999999999688e-01 1.317999999999999944e-03 6.561890000000000223e-01 7.545950000000000157e-01 1.647999999999999942e-03
4.000000000000000000e+00 4.400000000000000000e+01 7.300000000000000000e+01 0.000000000000000000e+00 1.600000000000000089e+00 -1.124999999999999915e-03 -2.273999999999999980e-03 9.999970000000000248e-01 5.207599999999999729e-02 -9.986410000000000009e-01 -2.211999999999999991e-03 9.986420000000000297e-01 5.207400000000000223e-02 1.242000000000000048e-03
1.200000000000000000e+01 4.400000000000000000e+01 7.300000000000000000e+01 0.000000000000000000e+00 1.600000000000000089e+00 -1.030000000000000100e-03 -1.302999999999999905e-03 9.999989999999999712e-01 5.339800000000000102e-02 -9.985730000000000439e-01 -1.245999999999999929e-03 9.985730000000000439e-01 5.339700000000000002e-02 1.098000000000000018e-03
2.400000000000000000e+01 4.400000000000000000e+01 7.300000000000000000e+01 0.000000000000000000e+00 1.600000000000000089e+00 1.387999999999999911e-03 1.067000000000000023e-03 9.999989999999999712e-01 5.314399999999999680e-02 -9.985859999999999737e-01 9.920000000000000432e-04 9.985859999999999737e-01 5.314300000000000274e-02 -1.443000000000000055e-03
6.000000000000000000e+00 9.100000000000000000e+01 7.600000000000000000e+01 0.000000000000000000e+00 1.600000000000000089e+00 -4.730000000000000046e-04 -1.951999999999999959e-03 9.999980000000000535e-01 3.278099999999999903e-01 -9.447419999999999707e-01 -1.688999999999999963e-03 9.447429999999999994e-01 3.278090000000000170e-01 1.087000000000000076e-03
1.000000000000000000e+01 9.100000000000000000e+01 7.600000000000000000e+01 0.000000000000000000e+00 1.600000000000000089e+00 -2.090000000000000115e-04 -7.739999999999999485e-04 1.000000000000000000e+00 3.191039999999999988e-01 -9.477200000000000069e-01 -6.669999999999999497e-04 9.477200000000000069e-01 3.191039999999999988e-01 4.449999999999999746e-04
1.300000000000000000e+01 9.100000000000000000e+01 7.600000000000000000e+01 0.000000000000000000e+00 1.600000000000000089e+00 3.669999999999999760e-04 6.179999999999999513e-04 1.000000000000000000e+00 3.151129999999999765e-01 -9.490539999999999532e-01 4.710000000000000102e-04 9.490539999999999532e-01 3.151129999999999765e-01 -5.429999999999999714e-04
1.700000000000000000e+01 9.100000000000000000e+01 7.600000000000000000e+01 0.000000000000000000e+00 1.600000000000000089e+00 9.590000000000000000e-04 4.699999999999999724e-05 1.000000000000000000e+00 3.134640000000000204e-01 -9.495999999999999996e-01 -2.559999999999999884e-04 9.495999999999999996e-01 3.134640000000000204e-01 -9.250000000000000409e-04
2.200000000000000000e+01 9.100000000000000000e+01 7.600000000000000000e+01 0.000000000000000000e+00 1.600000000000000089e+00 -1.761999999999999894e-03 -1.407000000000000048e-03 9.999970000000000248e-01 3.088299999999999934e-01 -9.511169999999999902e-01 -7.940000000000000009e-04 9.511159999999999615e-01 3.088279999999999914e-01 2.109999999999999896e-03
2.900000000000000000e+01 9.100000000000000000e+01 7.600000000000000000e+01 0.000000000000000000e+00 1.600000000000000089e+00 5.980000000000000072e-04 -6.000000000000000152e-05 1.000000000000000000e+00 3.008020000000000138e-01 -9.536860000000000337e-01 -2.369999999999999874e-04 9.536860000000000337e-01 3.008020000000000138e-01 -5.519999999999999733e-04
2.700000000000000000e+01 6.300000000000000000e+01 8.100000000000000000e+01 0.000000000000000000e+00 1.600000000000000089e+00 -2.790000000000000054e-04 2.785000000000000149e-03 9.999959999999999960e-01 1.853099999999999886e-02 -9.998240000000000460e-01 2.788999999999999813e-03 9.998280000000000500e-01 1.853199999999999986e-02 2.269999999999999882e-04
2.000000000000000000e+00 4.400000000000000000e+01 8.300000000000000000e+01 0.000000000000000000e+00 1.600000000000000089e+00 -1.946000000000000030e-03 -8.600000000000000331e-05 9.999980000000000535e-01 5.711060000000000025e-01 -8.208760000000000501e-01 1.041000000000000042e-03 8.208739999999999926e-01 5.711070000000000313e-01 1.647000000000000026e-03
5.000000000000000000e+00 4.400000000000000000e+01 8.300000000000000000e+01 0.000000000000000000e+00 1.600000000000000089e+00 3.159999999999999832e-04 -3.118000000000000112e-03 9.999949999999999672e-01 5.739750000000000130e-01 -8.188689999999999580e-01 -2.735000000000000018e-03 8.188729999999999620e-01 5.739729999999999555e-01 1.531000000000000026e-03
8.000000000000000000e+00 4.400000000000000000e+01 8.300000000000000000e+01 0.000000000000000000e+00 1.600000000000000089e+00 9.359999999999999831e-04 -6.063999999999999946e-03 9.999810000000000088e-01 5.769769999999999621e-01 -8.167419999999999680e-01 -5.492999999999999619e-03 8.167600000000000415e-01 5.769710000000000116e-01 2.733999999999999885e-03
1.800000000000000000e+01 4.400000000000000000e+01 8.300000000000000000e+01 0.000000000000000000e+00 1.600000000000000089e+00 9.870000000000000301e-04 -1.642000000000000013e-03 9.999980000000000535e-01 5.847700000000000120e-01 -8.111969999999999459e-01 -1.909000000000000107e-03 8.111979999999999746e-01 5.847710000000000408e-01 1.600000000000000131e-04
2.700000000000000000e+01 4.400000000000000000e+01 8.300000000000000000e+01 0.000000000000000000e+00 1.600000000000000089e+00 -2.959999999999999849e-04 1.529999999999999893e-03 9.999989999999999712e-01 5.865369999999999751e-01 -8.099220000000000308e-01 1.412999999999999977e-03 8.099229999999999485e-01 5.865359999999999463e-01 -6.579999999999999478e-04
3.000000000000000000e+00 4.800000000000000000e+01 8.400000000000000000e+01 0.000000000000000000e+00 1.600000000000000089e+00 -8.480000000000000124e-04 -2.383000000000000135e-03 -9.999970000000000248e-01 -9.473869999999999791e-01 -3.200879999999999836e-01 1.565999999999999901e-03 -3.200899999999999856e-01 9.473850000000000326e-01 -1.985999999999999918e-03
7.000000000000000000e+00 4.800000000000000000e+01 8.400000000000000000e+01 0.000000000000000000e+00 1.600000000000000089e+00 -5.961000000000000153e-03 -2.961000000000000090e-03 -9.999780000000000335e-01 -9.479109999999999481e-01 -3.184679999999999733e-01 6.594000000000000035e-03 -3.184810000000000141e-01 9.479290000000000216e-01 -9.079999999999999530e-04
1.100000000000000000e+01 4.800000000000000000e+01 8.400000000000000000e+01 0.000000000000000000e+00 1.600000000000000089e+00 -5.682000000000000418e-03 -4.531000000000000305e-03 -9.999740000000000295e-01 -9.474679999999999769e-01 -3.197769999999999779e-01 6.832999999999999664e-03 -3.197999999999999732e-01 9.474820000000000464e-01 -2.475999999999999902e-03
1.400000000000000000e+01 4.800000000000000000e+01 8.400000000000000000e+01 0.000000000000000000e+00 1.600000000000000089e+00 -3.062000000000000052e-03 -2.942000000000000171e-03 -9.999909999999999632e-01 -9.476360000000000339e-01 -3.193289999999999740e-01 3.840999999999999796e-03 -3.193380000000000107e-01 9.476390000000000091e-01 -1.809999999999999977e-03
1.900000000000000000e+01 4.800000000000000000e+01 8.400000000000000000e+01 0.000000000000000000e+00 1.600000000000000089e+00 -2.383999999999999835e-03 6.499999999999999431e-05 -9.999970000000000248e-01 -9.469619999999999704e-01 -3.213380000000000125e-01 2.236999999999999839e-03 -3.213369999999999838e-01 9.469649999999999457e-01 8.270000000000000441e-04
