1.400000000000000000e+01 2.500000000000000000e+01 1.000000000000000000e+00 0.000000000000000000e+00 1.600000000000000089e+00 1.810999999999999893e-03 4.912999999999999833e-03 -9.999860000000000415e-01 -5.301059999999999661e-01 -8.479160000000000030e-01 -5.126000000000000348e-03 -8.479299999999999615e-01 5.301080000000000236e-01 1.069000000000000072e-03
2.100000000000000000e+01 2.500000000000000000e+01 1.000000000000000000e+00 0.000000000000000000e+00 1.600000000000000089e+00 2.696000000000000046e-03 -6.741999999999999729e-03 -9.999740000000000295e-01 -5.352329999999999588e-01 -8.446939999999999449e-01 4.251999999999999703e-03 -8.447000000000000064e-01 5.352069999999999883e-01 -5.884999999999999606e-03
2.500000000000000000e+01 2.500000000000000000e+01 1.000000000000000000e+00 0.000000000000000000e+00 1.600000000000000089e+00 3.037999999999999902e-03 -1.838999999999999923e-03 -9.999940000000000495e-01 -5.370190000000000241e-01 -8.435700000000000420e-01 -8.100000000000000375e-05 -8.435650000000000093e-01 5.370160000000000489e-01 -3.550000000000000204e-03
4.000000000000000000e+00 1.500000000000000000e+01 4.000000000000000000e+00 0.000000000000000000e+00 1.600000000000000089e+00 2.729999999999999788e-03 1.436300000000000077e-02 9.998930000000000318e-01 2.969330000000000025e-01 -9.548109999999999653e-01 1.290499999999999980e-02 9.548940000000000206e-01 2.968660000000000188e-01 -6.871000000000000371e-03
1.200000000000000000e+01 1.500000000000000000e+01 4.000000000000000000e+00 0.000000000000000000e+00 1.600000000000000089e+00 1.730999999999999900e-03 2.348999999999999960e-03 9.999959999999999960e-01 3.013040000000000163e-01 -9.535270000000000135e-01 1.719000000000000042e-03 9.535259999999999847e-01 3.013000000000000123e-01 -2.357999999999999853e-03
2.700000000000000000e+01 1.500000000000000000e+01 4.000000000000000000e+00 0.000000000000000000e+00 1.600000000000000089e+00 2.799999999999999755e-04 1.366099999999999953e-02 9.999069999999999903e-01 2.941349999999999798e-01 -9.556759999999999700e-01 1.297399999999999942e-02 9.557639999999999469e-01 2.941039999999999766e-01 -4.285999999999999879e-03
3.000000000000000000e+00 1.010000000000000000e+02 7.000000000000000000e+00 0.000000000000000000e+00 1.600000000000000089e+00 3.723999999999999880e-03 -2.575000000000000032e-03 9.999900000000000455e-01 8.825570000000000359e-01 4.702009999999999801e-01 -2.076000000000000154e-03 -4.701910000000000256e-01 8.825560000000000072e-01 4.023999999999999799e-03
1.300000000000000000e+01 1.010000000000000000e+02 7.000000000000000000e+00 0.000000000000000000e+00 1.600000000000000089e+00 -5.100000000000000366e-04 -9.065999999999999406e-03 9.999590000000000423e-01 8.876190000000000468e-01 4.605549999999999922e-01 4.628000000000000169e-03 -4.605779999999999874e-01 8.875849999999999573e-01 7.812000000000000367e-03
1.700000000000000000e+01 1.010000000000000000e+02 7.000000000000000000e+00 0.000000000000000000e+00 1.600000000000000089e+00 -2.632999999999999924e-03 -2.089999999999999844e-03 9.999940000000000495e-01 8.888369999999999882e-01 4.582109999999999794e-01 3.298000000000000150e-03 -4.582160000000000122e-01 8.888409999999999922e-01 6.509999999999999945e-04
2.800000000000000000e+01 1.010000000000000000e+02 7.000000000000000000e+00 0.000000000000000000e+00 1.600000000000000089e+00 1.180000000000000059e-03 2.694000000000000214e-03 9.999959999999999960e-01 8.832280000000000131e-01 4.689389999999999947e-01 -2.305000000000000191e-03 -4.689429999999999987e-01 8.832259999999999556e-01 -1.825999999999999932e-03
7.000000000000000000e+00 1.500000000000000000e+01 8.000000000000000000e+00 0.000000000000000000e+00 1.600000000000000089e+00 8.520000000000000013e-04 1.107499999999999978e-02 -9.999379999999999935e-01 -5.919569999999999554e-01 -8.059150000000000480e-01 -9.431000000000000147e-03 -8.059690000000000465e-01 5.919280000000000097e-01 5.870000000000000218e-03
2.800000000000000000e+01 1.500000000000000000e+01 8.000000000000000000e+00 0.000000000000000000e+00 1.600000000000000089e+00 4.338999999999999975e-03 1.304100000000000051e-02 -9.999059999999999615e-01 -5.911429999999999740e-01 -8.064609999999999834e-01 -1.308299999999999914e-02 -8.065550000000000219e-01 5.911440000000000028e-01 4.210000000000000200e-03
4.000000000000000000e+00 2.400000000000000000e+01 9.000000000000000000e+00 0.000000000000000000e+00 1.600000000000000089e+00 -4.929999999999999487e-04 -7.029999999999999791e-03 -9.999749999999999472e-01 4.535980000000000012e-01 8.911829999999999474e-01 -6.488999999999999976e-03 8.912069999999999714e-01 -4.535890000000000200e-01 2.749999999999999840e-03
1.000000000000000000e+01 2.400000000000000000e+01 9.000000000000000000e+00 0.000000000000000000e+00 1.600000000000000089e+00 -1.757000000000000098e-03 -8.330999999999999864e-03 -9.999639999999999640e-01 4.546200000000000241e-01 8.906479999999999952e-01 -8.219000000000000611e-03 8.906840000000000312e-01 -4.546180000000000221e-01 2.223000000000000149e-03
1.600000000000000000e+01 2.400000000000000000e+01 9.000000000000000000e+00 0.000000000000000000e+00 1.600000000000000089e+00 -2.240999999999999936e-03 -9.286000000000000851e-03 -9.999540000000000095e-01 4.556479999999999975e-01 8.901109999999999856e-01 -9.287000000000000116e-03 8.901569999999999760e-01 -4.556479999999999975e-01 2.236000000000000140e-03
2.500000000000000000e+01 2.400000000000000000e+01 9.000000000000000000e+00 0.000000000000000000e+00 1.600000000000000089e+00 -3.673000000000000050e-03 -7.511000000000000315e-03 -9.999649999999999928e-01 4.597169999999999868e-01 8.880259999999999820e-01 -8.359000000000000111e-03 8.880580000000000140e-01 -4.597310000000000008e-01 1.910000000000000077e-04
3.000000000000000000e+01 2.400000000000000000e+01 9.000000000000000000e+00 0.000000000000000000e+00 1.600000000000000089e+00 4.330000000000000081e-04 4.229999999999999819e-04 -1.000000000000000000e+00 4.609190000000000231e-01 8.874419999999999531e-01 5.749999999999999903e-04 8.874419999999999531e-01 -4.609190000000000231e-01 1.890000000000000133e-04
2.400000000000000000e+01 1.040000000000000000e+02 1.100000000000000000e+01 0.000000000000000000e+00 1.600000000000000089e+00 2.141999999999999807e-03 -1.086400000000000039e-02 9.999390000000000223e-01 -9.747069999999999901e-01 -2.234859999999999902e-01 -3.400000000000000244e-04 2.234760000000000080e-01 -9.746470000000000411e-01 -1.106799999999999971e-02
1.000000000000000000e+01 3.100000000000000000e+01 1.200000000000000000e+01 0.000000000000000000e+00 1.600000000000000089e+00 3.829999999999999854e-04 -4.186999999999999750e-03 9.999909999999999632e-01 7.936000000000000346e-03 9.999599999999999600e-01 4.184000000000000219e-03 -9.999679999999999680e-01 7.934000000000000080e-03 4.159999999999999744e-04
1.700000000000000000e+01 3.100000000000000000e+01 1.200000000000000000e+01 0.000000000000000000e+00 1.600000000000000089e+00 1.087000000000000076e-03 -4.199999999999999740e-03 9.999909999999999632e-01 4.677999999999999867e-03 9.999799999999999800e-01 4.194999999999999944e-03 -9.999879999999999880e-01 4.673000000000000070e-03 1.106999999999999911e-03
2.300000000000000000e+01 3.100000000000000000e+01 1.200000000000000000e+01 0.000000000000000000e+00 1.600000000000000089e+00 -5.559999999999999621e-04 -6.105000000000000183e-03 9.999810000000000088e-01 2.285000000000000139e-03 9.999789999999999512e-01 6.106999999999999582e-03 -9.999970000000000248e-01 2.288000000000000103e-03 -5.419999999999999471e-04
5.000000000000000000e+00 3.200000000000000000e+01 1.400000000000000000e+01 0.000000000000000000e+00 1.600000000000000089e+00 8.589999999999999546e-04 -1.879999999999999890e-04 -1.000000000000000000e+00 1.006100000000000050e-01 9.949259999999999771e-01 -1.010000000000000020e-04 9.949259999999999771e-01 -1.006100000000000050e-01 8.729999999999999696e-04
1.000000000000000000e+01 1.200000000000000000e+01 1.500000000000000000e+01 0.000000000000000000e+00 1.600000000000000089e+00 -9.790000000000000525e-04 2.480000000000000108e-04 -1.000000000000000000e+00 -4.687009999999999788e-01 -8.833569999999999478e-01 2.400000000000000061e-04 -8.833560000000000301e-01 4.687009999999999788e-01 9.810000000000001011e-04
2.000000000000000000e+01 1.200000000000000000e+01 1.500000000000000000e+01 0.000000000000000000e+00 1.600000000000000089e+00 3.530000000000000152e-04 4.699999999999999859e-04 -1.000000000000000000e+00 -4.676660000000000261e-01 -8.839050000000000518e-01 -5.800000000000000034e-04 -8.839050000000000518e-01 4.676660000000000261e-01 -9.299999999999999727e-05
2.900000000000000000e+01 1.200000000000000000e+01 1.500000000000000000e+01 0.000000000000000000e+00 1.600000000000000089e+00 7.659999999999999708e-04 1.518999999999999951e-03 -9.999989999999999712e-01 -4.654530000000000056e-01 -8.850710000000000521e-01 -1.701000000000000038e-03 -8.850719999999999699e-01 4.654539999999999789e-01 2.900000000000000017e-05
6.000000000000000000e+00 1.100000000000000000e+01 1.600000000000000000e+01 0.000000000000000000e+00 1.600000000000000089e+00 -7.799999999999999859e-04 -2.389000000000000064e-03 -9.999970000000000248e-01 -4.162179999999999769e-01 -9.092609999999999859e-01 2.497000000000000088e-03 -9.092649999999999899e-01 4.162190000000000056e-01 -2.860000000000000129e-04
9.000000000000000000e+00 1.100000000000000000e+01 1.600000000000000000e+01 0.000000000000000000e+00 1.600000000000000089e+00 -1.036999999999999944e-03 -5.879999999999999810e-04 -9.999989999999999712e-01 -4.169820000000000193e-01 -9.089139999999999997e-01 9.669999999999999776e-04 -9.089139999999999997e-01 4.169829999999999925e-01 6.970000000000000284e-04
1.300000000000000000e+01 1.100000000000000000e+01 1.600000000000000000e+01 0.000000000000000000e+00 1.600000000000000089e+00 -1.093000000000000005e-03 3.722000000000000048e-03 -9.999919999999999920e-01 -4.185479999999999756e-01 -9.081900000000000528e-01 -2.922999999999999817e-03 -9.081939999999999458e-01 4.185420000000000251e-01 2.550999999999999882e-03
1.100000000000000000e+01 1.160000000000000000e+02 1.600000000000000000e+01 0.000000000000000000e+00 1.600000000000000089e+00 1.559999999999999972e-03 1.887999999999999921e-03 9.999970000000000248e-01 6.942939999999999667e-01 7.196879999999999944e-01 -2.442000000000000160e-03 -7.196900000000000519e-01 6.942949999999999955e-01 -1.879999999999999890e-04
2.400000000000000000e+01 1.160000000000000000e+02 1.600000000000000000e+01 0.000000000000000000e+00 1.600000000000000089e+00 -1.688999999999999963e-03 -1.126999999999999964e-03 9.999980000000000535e-01 7.040849999999999609e-01 7.101129999999999942e-01 1.988999999999999883e-03 -7.101129999999999942e-01 7.040870000000000184e-01 -4.060000000000000024e-04
3.000000000000000000e+01 1.160000000000000000e+02 1.600000000000000000e+01 0.000000000000000000e+00 1.600000000000000089e+00 -1.173999999999999913e-03 -2.154999999999999798e-03 9.999970000000000248e-01 7.133840000000000181e-01 7.007689999999999753e-01 2.347999999999999827e-03 -7.007719999999999505e-01 7.133850000000000469e-01 7.150000000000000322e-04
2.000000000000000000e+00 2.000000000000000000e+00 1.900000000000000000e+01 0.000000000000000000e+00 1.600000000000000089e+00 1.400999999999999902e-03 -4.079000000000000160e-03 -9.999909999999999632e-01 1.887169999999999959e-01 -9.820219999999999505e-01 4.270000000000000358e-03 -9.820309999999999873e-01 -1.887209999999999999e-01 -6.059999999999999849e-04
6.000000000000000000e+00 2.000000000000000000e+00 1.900000000000000000e+01 0.000000000000000000e+00 1.600000000000000089e+00 -1.966999999999999998e-03 8.660000000000000163e-04 -9.999980000000000535e-01 1.857620000000000104e-01 -9.825939999999999674e-01 -1.216000000000000067e-03 -9.825930000000000497e-01 -1.857640000000000124e-01 1.771999999999999921e-03
1.000000000000000000e+01 2.000000000000000000e+00 1.900000000000000000e+01 0.000000000000000000e+00 1.600000000000000089e+00 -3.798999999999999860e-03 7.979999999999999897e-04 -9.999919999999999920e-01 1.835330000000000017e-01 -9.830119999999999969e-01 -1.482000000000000027e-03 -9.830060000000000464e-01 -1.835370000000000057e-01 3.588000000000000043e-03
1.500000000000000000e+01 2.000000000000000000e+00 1.900000000000000000e+01 0.000000000000000000e+00 1.600000000000000089e+00 3.950000000000000061e-04 -7.576000000000000269e-03 -9.999710000000000543e-01 1.791669999999999929e-01 -9.837900000000000533e-01 7.524999999999999571e-03 -9.838189999999999991e-01 -1.791649999999999909e-01 9.690000000000000262e-04
4.000000000000000000e+00 4.000000000000000000e+00 2.000000000000000000e+01 0.000000000000000000e+00 1.600000000000000089e+00 2.027000000000000156e-03 -6.409999999999999682e-04 -9.999980000000000535e-01 2.818559999999999954e-01 -9.594559999999999755e-01 1.186999999999999904e-03 -9.594549999999999468e-01 -2.818570000000000242e-01 -1.763999999999999943e-03
1.000000000000000000e+01 4.000000000000000000e+00 2.000000000000000000e+01 0.000000000000000000e+00 1.600000000000000089e+00 -5.786999999999999610e-03 3.246999999999999886e-03 -9.999780000000000335e-01 2.758700000000000041e-01 -9.611830000000000096e-01 -4.717999999999999972e-03 -9.611779999999999768e-01 -2.758909999999999973e-01 4.667000000000000141e-03
1.400000000000000000e+01 4.000000000000000000e+00 2.000000000000000000e+01 0.000000000000000000e+00 1.600000000000000089e+00 -2.272000000000000148e-03 -9.372000000000000122e-03 -9.999529999999999808e-01 2.809940000000000215e-01 -9.596729999999999983e-01 8.356000000000000580e-03 -9.597069999999999768e-01 -2.809619999999999895e-01 4.813999999999999703e-03
4.000000000000000000e+00 1.300000000000000000e+01 2.000000000000000000e+01 0.000000000000000000e+00 1.600000000000000089e+00 -8.800000000000000313e-04 3.484000000000000118e-03 9.999940000000000495e-01 2.556080000000000019e-01 9.667750000000000510e-01 -3.142999999999999960e-03 -9.667799999999999727e-01 2.556039999999999979e-01 -1.740999999999999926e-03
1.100000000000000000e+01 1.300000000000000000e+01 2.000000000000000000e+01 0.000000000000000000e+00 1.600000000000000089e+00 -4.629999999999999784e-04 -8.100000000000000375e-05 1.000000000000000000e+00 2.526720000000000077e-01 9.675519999999999676e-01 1.959999999999999937e-04 -9.675519999999999676e-01 2.526720000000000077e-01 -4.270000000000000249e-04
1.800000000000000000e+01 1.300000000000000000e+01 2.000000000000000000e+01 0.000000000000000000e+00 1.600000000000000089e+00 -4.739999999999999747e-04 -3.497999999999999807e-03 9.999940000000000495e-01 2.551080000000000014e-01 9.669060000000000432e-01 3.503000000000000037e-03 -9.669130000000000225e-01 2.551080000000000014e-01 4.339999999999999782e-04
2.300000000000000000e+01 1.300000000000000000e+01 2.000000000000000000e+01 0.000000000000000000e+00 1.600000000000000089e+00 -6.130000000000000466e-04 -2.798000000000000140e-03 9.999959999999999960e-01 2.573389999999999844e-01 9.663169999999999815e-01 2.861999999999999961e-03 -9.663209999999999855e-01 2.573389999999999844e-01 1.279999999999999942e-04
2.900000000000000000e+01 1.300000000000000000e+01 2.000000000000000000e+01 0.000000000000000000e+00 1.600000000000000089e+00 -2.199999999999999943e-05 -1.252999999999999991e-03 9.999989999999999712e-01 2.572889999999999899e-01 9.663340000000000263e-01 1.216999999999999983e-03 -9.663340000000000263e-01 2.572889999999999899e-01 3.009999999999999980e-04
7.000000000000000000e+00 1.600000000000000000e+01 2.100000000000000000e+01 0.000000000000000000e+00 1.600000000000000089e+00 -1.052999999999999900e-03 4.401000000000000398e-03 9.999900000000000455e-01 2.979689999999999839e-01 9.545679999999999721e-01 -3.886999999999999830e-03 -9.545749999999999513e-01 2.979609999999999759e-01 -2.315999999999999916e-03
1.100000000000000000e+01 1.600000000000000000e+01 2.100000000000000000e+01 0.000000000000000000e+00 1.600000000000000089e+00 -5.890000000000000053e-04 2.148999999999999869e-03 9.999970000000000248e-01 2.966539999999999733e-01 9.549830000000000263e-01 -1.877999999999999895e-03 -9.549849999999999728e-01 2.966520000000000268e-01 -1.199999999999999895e-03
1.900000000000000000e+01 1.600000000000000000e+01 2.100000000000000000e+01 0.000000000000000000e+00 1.600000000000000089e+00 -4.699999999999999859e-04 -5.825999999999999582e-03 9.999829999999999552e-01 2.970200000000000062e-01 9.548539999999999806e-01 5.702999999999999736e-03 -9.548710000000000253e-01 2.970180000000000042e-01 1.281999999999999936e-03
2.300000000000000000e+01 1.600000000000000000e+01 2.100000000000000000e+01 0.000000000000000000e+00 1.600000000000000089e+00 -3.429999999999999889e-04 -4.329999999999999648e-03 9.999909999999999632e-01 2.971039999999999792e-01 9.548360000000000181e-01 4.236000000000000182e-03 -9.548450000000000548e-01 2.971030000000000060e-01 9.590000000000000000e-04
2.600000000000000000e+01 1.600000000000000000e+01 2.100000000000000000e+01 0.000000000000000000e+00 1.600000000000000089e+00 -3.159999999999999832e-04 1.079999999999999960e-04 1.000000000000000000e+00 2.969829999999999970e-01 9.548830000000000373e-01 -9.000000000000000228e-06 -9.548830000000000373e-01 2.969829999999999970e-01 -3.339999999999999870e-04
2.000000000000000000e+00 3.000000000000000000e+00 2.500000000000000000e+01 0.000000000000000000e+00 1.600000000000000089e+00 -2.910000000000000260e-04 -5.576000000000000227e-03 9.999839999999999840e-01 -4.195399999999999824e-02 -9.991039999999999921e-01 -5.583000000000000289e-03 9.991200000000000081e-01 -4.195499999999999924e-02 5.700000000000000314e-05
6.000000000000000000e+00 3.000000000000000000e+00 2.500000000000000000e+01 0.000000000000000000e+00 1.600000000000000089e+00 -3.435999999999999818e-03 1.090999999999999956e-03 9.999940000000000495e-01 -3.788500000000000201e-02 -9.992820000000000036e-01 9.610000000000000486e-04 9.992760000000000531e-01 -3.788099999999999801e-02 3.474999999999999790e-03
1.300000000000000000e+01 3.000000000000000000e+00 2.500000000000000000e+01 0.000000000000000000e+00 1.600000000000000089e+00 2.272000000000000148e-03 3.191999999999999959e-03 9.999919999999999920e-01 -3.919500000000000067e-02 -9.992259999999999476e-01 3.278000000000000098e-03 9.992290000000000338e-01 -3.920200000000000073e-02 -2.145000000000000205e-03
2.300000000000000000e+01 3.000000000000000000e+00 2.500000000000000000e+01 0.000000000000000000e+00 1.600000000000000089e+00 -7.708999999999999707e-03 -1.179999999999999951e-04 9.999700000000000255e-01 -2.956599999999999853e-02 -9.995629999999999793e-01 -3.460000000000000076e-04 9.995330000000000048e-01 -2.956800000000000053e-02 7.701999999999999645e-03
1.200000000000000000e+01 4.600000000000000000e+01 2.700000000000000000e+01 0.000000000000000000e+00 1.600000000000000089e+00 2.113999999999999994e-03 1.815999999999999906e-03 -9.999959999999999960e-01 6.629270000000000440e-01 7.486789999999999834e-01 2.760999999999999999e-03 7.486810000000000409e-01 -6.629300000000000193e-01 3.789999999999999966e-04
2.000000000000000000e+01 4.600000000000000000e+01 2.700000000000000000e+01 0.000000000000000000e+00 1.600000000000000089e+00 -2.157000000000000063e-03 -3.036000000000000070e-03 -9.999930000000000208e-01 6.610120000000000440e-01 7.503659999999999775e-01 -3.703999999999999827e-03 7.503720000000000390e-01 -6.610160000000000480e-01 3.879999999999999985e-04
3.000000000000000000e+01 4.600000000000000000e+01 2.700000000000000000e+01 0.000000000000000000e+00 1.600000000000000089e+00 2.809999999999999998e-04 1.090999999999999956e-03 -9.999989999999999712e-01 6.645440000000000236e-01 7.472480000000000233e-01 1.002000000000000069e-03 7.472490000000000521e-01 -6.645440000000000236e-01 -5.140000000000000254e-04
5.000000000000000000e+00 5.800000000000000000e+01 3.100000000000000000e+01 0.000000000000000000e+00 1.600000000000000089e+00 -3.073000000000000211e-03 3.138999999999999863e-03 9.999900000000000455e-01 -7.937539999999999596e-01 -6.082389999999999741e-01 -5.299999999999999807e-04 6.082309999999999661e-01 -7.937480000000000091e-01 4.360000000000000160e-03
1.100000000000000000e+01 5.800000000000000000e+01 3.100000000000000000e+01 0.000000000000000000e+00 1.600000000000000089e+00 7.820000000000000345e-04 3.609999999999999928e-04 1.000000000000000000e+00 -7.947560000000000180e-01 -6.069280000000000230e-01 8.400000000000000348e-04 6.069280000000000230e-01 -7.947570000000000467e-01 -1.879999999999999890e-04
1.500000000000000000e+01 5.800000000000000000e+01 3.100000000000000000e+01 0.000000000000000000e+00 1.600000000000000089e+00 1.479999999999999979e-03 5.119999999999999768e-04 9.999989999999999712e-01 -7.951820000000000555e-01 -6.063690000000000468e-01 1.487999999999999956e-03 6.063690000000000468e-01 -7.951829999999999732e-01 -4.899999999999999842e-04
2.100000000000000000e+01 5.800000000000000000e+01 3.100000000000000000e+01 0.000000000000000000e+00 1.600000000000000089e+00 -5.019999999999999506e-04 5.060000000000000478e-04 1.000000000000000000e+00 -7.929070000000000285e-01 -6.093429999999999680e-01 -9.000000000000000567e-05 6.093429999999999680e-01 -7.929070000000000285e-01 7.069999999999999462e-04
2.800000000000000000e+01 5.800000000000000000e+01 3.100000000000000000e+01 0.000000000000000000e+00 1.600000000000000089e+00 -9.000000000000000228e-06 -6.217999999999999569e-03 9.999810000000000088e-01 -7.898049999999999793e-01 -6.133459999999999468e-01 -3.821000000000000178e-03 6.133579999999999588e-01 -7.897899999999999920e-01 -4.905999999999999771e-03
1.500000000000000000e+01 6.000000000000000000e+00 3.200000000000000000e+01 0.000000000000000000e+00 1.600000000000000089e+00 -2.199000000000000000e-03 -6.059000000000000150e-03 -9.999789999999999512e-01 1.379019999999999968e-01 9.904260000000000286e-01 -6.304999999999999841e-03 9.904429999999999623e-01 -1.379130000000000078e-01 -1.343000000000000010e-03
2.000000000000000000e+01 6.000000000000000000e+00 3.200000000000000000e+01 0.000000000000000000e+00 1.600000000000000089e+00 -3.693999999999999801e-03 -3.335999999999999990e-03 -9.999879999999999880e-01 1.414080000000000059e-01 9.899440000000000461e-01 -3.824999999999999841e-03 9.899440000000000461e-01 -1.414209999999999912e-01 -3.184999999999999897e-03
6.000000000000000000e+00 4.600000000000000000e+01 3.500000000000000000e+01 0.000000000000000000e+00 1.600000000000000089e+00 1.069000000000000072e-03 -3.029999999999999924e-04 -9.999989999999999712e-01 3.842200000000000060e-01 -9.232409999999999783e-01 6.909999999999999910e-04 -9.232409999999999783e-01 -3.842209999999999792e-01 -8.710000000000000294e-04
1.100000000000000000e+01 4.600000000000000000e+01 3.500000000000000000e+01 0.000000000000000000e+00 1.600000000000000089e+00 -1.310000000000000129e-04 -1.789999999999999870e-04 -1.000000000000000000e+00 3.846229999999999927e-01 -9.230739999999999501e-01 1.150000000000000035e-04 -9.230739999999999501e-01 -3.846229999999999927e-01 1.890000000000000133e-04
1.900000000000000000e+01 4.600000000000000000e+01 3.500000000000000000e+01 0.000000000000000000e+00 1.600000000000000089e+00 -1.079000000000000098e-03 5.469999999999999602e-04 -9.999989999999999712e-01 3.822420000000000262e-01 -9.240620000000000500e-01 -9.179999999999999792e-04 -9.240620000000000500e-01 -3.822429999999999994e-01 7.879999999999999635e-04
2.400000000000000000e+01 4.600000000000000000e+01 3.500000000000000000e+01 0.000000000000000000e+00 1.600000000000000089e+00 2.779999999999999811e-04 1.257000000000000088e-03 -9.999989999999999712e-01 3.820560000000000067e-01 -9.241380000000000150e-01 -1.056000000000000081e-03 -9.241390000000000438e-01 -3.820560000000000067e-01 -7.380000000000000492e-04
2.900000000000000000e+01 4.600000000000000000e+01 3.500000000000000000e+01 0.000000000000000000e+00 1.600000000000000089e+00 -3.893999999999999892e-03 9.919999999999999998e-03 -9.999430000000000263e-01 3.824230000000000129e-01 -9.239260000000000250e-01 -1.065499999999999954e-02 -9.239789999999999948e-01 -3.824429999999999774e-01 -1.959999999999999937e-04
3.000000000000000000e+00 9.500000000000000000e+01 3.600000000000000000e+01 0.000000000000000000e+00 1.600000000000000089e+00 1.458600000000000001e-02 2.088800000000000032e-02 9.996749999999999803e-01 9.965319999999999734e-01 8.161499999999999311e-02 -1.624499999999999902e-02 -8.192800000000000082e-02 9.964450000000000252e-01 -1.962500000000000008e-02
8.000000000000000000e+00 9.500000000000000000e+01 3.600000000000000000e+01 0.000000000000000000e+00 1.600000000000000089e+00 1.034900000000000056e-02 5.218999999999999681e-03 9.999329999999999607e-01 9.965159999999999574e-01 8.270099999999999674e-02 -1.074600000000000034e-02 -8.275200000000000611e-02 9.965610000000000301e-01 -4.344999999999999904e-03
1.300000000000000000e+01 9.500000000000000000e+01 3.600000000000000000e+01 0.000000000000000000e+00 1.600000000000000089e+00 2.671000000000000197e-03 1.896799999999999875e-02 9.998169999999999558e-01 9.966599999999999904e-01 8.155199999999999949e-02 -4.209000000000000068e-03 -8.161699999999999511e-02 9.964889999999999581e-01 -1.868699999999999875e-02
1.900000000000000000e+01 9.500000000000000000e+01 3.600000000000000000e+01 0.000000000000000000e+00 1.600000000000000089e+00 -2.944000000000000002e-03 -1.493000000000000056e-02 9.998839999999999950e-01 9.961269999999999847e-01 8.781799999999999329e-02 4.244999999999999642e-03 -8.787100000000000466e-02 9.960250000000000492e-01 1.461400000000000025e-02
2.400000000000000000e+01 9.500000000000000000e+01 3.600000000000000000e+01 0.000000000000000000e+00 1.600000000000000089e+00 -4.425000000000000114e-03 -7.209999999999999612e-04 9.999900000000000455e-01 9.957829999999999737e-01 9.163000000000000311e-02 4.472000000000000280e-03 -9.163200000000000511e-02 9.957930000000000392e-01 3.130000000000000187e-04
2.800000000000000000e+01 9.500000000000000000e+01 3.600000000000000000e+01 0.000000000000000000e+00 1.600000000000000089e+00 -7.420000000000000380e-04 -2.132999999999999913e-03 9.999970000000000248e-01 9.958770000000000122e-01 9.071300000000000197e-02 9.330000000000000186e-04 -9.071500000000000397e-02 9.958749999999999547e-01 2.056999999999999801e-03
1.000000000000000000e+00 3.000000000000000000e+00 4.300000000000000000e+01 0.000000000000000000e+00 1.600000000000000089e+00 -4.624999999999999771e-03 2.087299999999999919e-02 -9.997709999999999653e-01 7.407759999999999900e-01 -6.715259999999999563e-01 -1.744700000000000070e-02 -6.717359999999999998e-01 -7.406869999999999843e-01 -1.235600000000000066e-02
9.000000000000000000e+00 3.000000000000000000e+00 4.300000000000000000e+01 0.000000000000000000e+00 1.600000000000000089e+00 -4.198000000000000342e-03 -4.240599999999999925e-02 -9.990919999999999801e-01 7.389219999999999677e-01 -6.733090000000000463e-01 2.547299999999999912e-02 -6.737779999999999880e-01 -7.381440000000000223e-01 3.416099999999999692e-02
1.600000000000000000e+01 3.000000000000000000e+00 4.300000000000000000e+01 0.000000000000000000e+00 1.600000000000000089e+00 -7.506999999999999784e-03 -5.754800000000000193e-02 -9.983140000000000347e-01 7.438730000000000064e-01 -6.675109999999999655e-01 3.288499999999999757e-02 -6.682789999999999564e-01 -7.423729999999999496e-01 4.781900000000000039e-02
2.100000000000000000e+01 3.000000000000000000e+00 4.300000000000000000e+01 0.000000000000000000e+00 1.600000000000000089e+00 -7.832999999999999685e-03 -2.936000000000000068e-02 -9.995380000000000376e-01 7.463070000000000537e-01 -6.654609999999999692e-01 1.369800000000000011e-02 -6.655560000000000365e-01 -7.458550000000000457e-01 2.712499999999999981e-02
2.500000000000000000e+01 3.000000000000000000e+00 4.300000000000000000e+01 0.000000000000000000e+00 1.600000000000000089e+00 -5.738000000000000045e-03 -6.181999999999999995e-03 -9.999639999999999640e-01 7.470790000000000486e-01 -6.647359999999999935e-01 -1.769999999999999926e-04 -6.647110000000000518e-01 -7.470529999999999671e-01 8.432999999999999524e-03
1.000000000000000000e+00 8.000000000000000000e+00 4.400000000000000000e+01 0.000000000000000000e+00 1.600000000000000089e+00 2.677999999999999825e-03 1.817399999999999918e-02 9.998310000000000253e-01 -7.841320000000000512e-01 -6.204490000000000283e-01 1.337900000000000027e-02 6.205880000000000285e-01 -7.840359999999999552e-01 1.258899999999999950e-02
2.500000000000000000e+01 8.000000000000000000e+00 4.400000000000000000e+01 0.000000000000000000e+00 1.600000000000000089e+00 3.600000000000000091e-05 -2.282000000000000174e-03 9.999970000000000248e-01 -7.682649999999999757e-01 -6.401299999999999768e-01 -1.433000000000000029e-03 6.401320000000000343e-01 -7.682630000000000292e-01 -1.776999999999999934e-03
2.800000000000000000e+01 8.000000000000000000e+00 4.400000000000000000e+01 0.000000000000000000e+00 1.600000000000000089e+00 3.429999999999999889e-04 1.817999999999999955e-03 9.999980000000000535e-01 -7.671660000000000146e-01 -6.414469999999999894e-01 1.428999999999999932e-03 6.414490000000000469e-01 -7.671649999999999858e-01 1.175000000000000046e-03
8.000000000000000000e+00 2.900000000000000000e+01 4.400000000000000000e+01 0.000000000000000000e+00 1.600000000000000089e+00 -5.959999999999999586e-04 2.671999999999999896e-03 -9.999959999999999960e-01 6.612599999999999589e-01 7.501550000000000162e-01 1.611000000000000019e-03 7.501569999999999627e-01 -6.612559999999999549e-01 -2.213999999999999822e-03
1.300000000000000000e+01 2.900000000000000000e+01 4.400000000000000000e+01 0.000000000000000000e+00 1.600000000000000089e+00 9.129999999999999661e-04 2.469999999999999973e-03 -9.999970000000000248e-01 6.561860000000000470e-01 7.545950000000000157e-01 2.462999999999999912e-03 7.545979999999999910e-01 -6.561860000000000470e-01 -9.319999999999999942e-04
1.800000000000000000e+01 2.900000000000000000e+01 4.400000000000000000e+01 0.000000000000000000e+00 1.600000000000000089e+00 1.399999999999999986e-03 -2.054999999999999969e-03 -9.999970000000000248e-01 6.550740000000000451e-01 7.555640000000000134e-01 -6.350000000000000392e-04 7.555629999999999846e-01 -6.550709999999999589e-01 2.403000000000000188e-03
2.100000000000000000e+01 2.900000000000000000e+01 4.400000000000000000e+01 0.000000000000000000e+00 1.600000000000000089e+00 1.409000000000000096e-03 -3.831000000000000204e-03 -9.999919999999999920e-01 6.567709999999999937e-01 7.540879999999999805e-01 -1.962999999999999901e-03 7.540890000000000093e-01 -6.567629999999999857e-01 3.579000000000000150e-03
2.800000000000000000e+01 2.900000000000000000e+01 4.400000000000000000e+01 0.000000000000000000e+00 1.600000000000000089e+00 1.582000000000000073e-03 -7.047000000000000312e-03 -9.999740000000000295e-01 6.692780000000000395e-01 7.429999999999999938e-01 -4.177000000000000157e-03 7.430099999999999483e-01 -6.692540000000000155e-01 5.891999999999999668e-03
2.000000000000000000e+00 5.400000000000000000e+01 4.600000000000000000e+01 0.000000000000000000e+00 1.600000000000000089e+00 -5.630000000000000239e-04 -1.471000000000000085e-02 9.998920000000000030e-01 3.100930000000000075e-01 -9.506059999999999510e-01 -1.381100000000000036e-02 9.507060000000000510e-01 3.100510000000000210e-01 5.096999999999999968e-03
1.200000000000000000e+01 5.400000000000000000e+01 4.600000000000000000e+01 0.000000000000000000e+00 1.600000000000000089e+00 5.410000000000000312e-04 -9.591999999999999832e-03 9.999540000000000095e-01 3.175060000000000104e-01 -9.482110000000000261e-01 -9.266999999999999196e-03 9.482559999999999878e-01 3.174960000000000004e-01 2.531999999999999963e-03
5.000000000000000000e+00 6.300000000000000000e+01 5.400000000000000000e+01 0.000000000000000000e+00 1.600000000000000089e+00 -1.972999999999999927e-03 2.070999999999999924e-03 9.999959999999999960e-01 -3.541639999999999788e-01 9.351789999999999825e-01 -2.635000000000000189e-03 -9.351810000000000400e-01 -3.541679999999999828e-01 -1.111000000000000008e-03
9.000000000000000000e+00 6.300000000000000000e+01 5.400000000000000000e+01 0.000000000000000000e+00 1.600000000000000089e+00 1.800000000000000113e-04 4.318999999999999923e-03 9.999909999999999632e-01 -3.486620000000000275e-01 9.372399999999999620e-01 -3.984999999999999827e-03 -9.372489999999999988e-01 -3.486580000000000235e-01 1.673999999999999924e-03
1.300000000000000000e+01 6.300000000000000000e+01 5.400000000000000000e+01 0.000000000000000000e+00 1.600000000000000089e+00 -2.130000000000000003e-04 4.749999999999999990e-04 1.000000000000000000e+00 -3.477180000000000271e-01 9.375989999999999602e-01 -5.190000000000000386e-04 -9.375989999999999602e-01 -3.477180000000000271e-01 -3.499999999999999693e-05
2.400000000000000000e+01 6.300000000000000000e+01 5.400000000000000000e+01 0.000000000000000000e+00 1.600000000000000089e+00 1.781000000000000031e-03 -1.360000000000000098e-03 9.999970000000000248e-01 -3.566409999999999858e-01 9.342399999999999594e-01 1.905999999999999925e-03 -9.342399999999999594e-01 -3.566429999999999878e-01 1.178999999999999927e-03
2.800000000000000000e+01 6.300000000000000000e+01 5.400000000000000000e+01 0.000000000000000000e+00 1.600000000000000089e+00 6.080000000000000335e-04 -1.046999999999999971e-03 9.999989999999999712e-01 -3.621619999999999839e-01 9.321139999999999981e-01 1.196000000000000014e-03 -9.321150000000000269e-01 -3.621630000000000127e-01 1.869999999999999917e-04
4.000000000000000000e+00 2.500000000000000000e+01 5.500000000000000000e+01 0.000000000000000000e+00 1.600000000000000089e+00 -2.000000000000000096e-04 -2.335999999999999969e-03 -9.999970000000000248e-01 -1.014900000000000004e-02 -9.999460000000000015e-01 2.337999999999999801e-03 -9.999489999999999768e-01 1.014999999999999930e-02 1.759999999999999954e-04
1.200000000000000000e+01 2.500000000000000000e+01 5.500000000000000000e+01 0.000000000000000000e+00 1.600000000000000089e+00 4.569999999999999952e-04 -1.510000000000000112e-04 -1.000000000000000000e+00 -1.076200000000000073e-02 -9.999419999999999975e-01 1.469999999999999953e-04 -9.999419999999999975e-01 1.076200000000000073e-02 -4.589999999999999896e-04
1.800000000000000000e+01 2.500000000000000000e+01 5.500000000000000000e+01 0.000000000000000000e+00 1.600000000000000089e+00 1.056999999999999997e-03 -2.018999999999999961e-03 -9.999970000000000248e-01 -1.214900000000000008e-02 -9.999240000000000350e-01 2.005999999999999971e-03 -9.999259999999999815e-01 1.214699999999999981e-02 -1.080999999999999930e-03
2.200000000000000000e+01 2.500000000000000000e+01 5.500000000000000000e+01 0.000000000000000000e+00 1.600000000000000089e+00 5.140000000000000254e-04 1.936999999999999920e-03 -9.999980000000000535e-01 -1.295900000000000003e-02 -9.999139999999999695e-01 -1.943999999999999981e-03 -9.999160000000000270e-01 1.295999999999999930e-02 -4.879999999999999898e-04
2.000000000000000000e+00 6.800000000000000000e+01 5.700000000000000000e+01 0.000000000000000000e+00 1.600000000000000089e+00 1.946000000000000030e-03 8.170999999999999444e-03 -9.999649999999999928e-01 -2.448289999999999911e-01 -9.695300000000000029e-01 -8.399000000000000216e-03 -9.695639999999999814e-01 2.448369999999999991e-01 1.140000000000000063e-04
4.000000000000000000e+00 2.100000000000000000e+01 6.000000000000000000e+01 0.000000000000000000e+00 1.600000000000000089e+00 -5.519999999999999733e-04 8.706999999999999462e-03 9.999620000000000175e-01 -9.512700000000000322e-02 9.954269999999999508e-01 -8.720000000000000320e-03 -9.954650000000000443e-01 -9.512800000000000422e-02 2.790000000000000054e-04
8.000000000000000000e+00 2.100000000000000000e+01 6.000000000000000000e+01 0.000000000000000000e+00 1.600000000000000089e+00 -8.229999999999999469e-04 2.320000000000000014e-04 1.000000000000000000e+00 -9.449699999999999767e-02 9.955249999999999932e-01 -3.089999999999999756e-04 -9.955249999999999932e-01 -9.449799999999999867e-02 -7.979999999999999897e-04
1.700000000000000000e+01 2.100000000000000000e+01 6.000000000000000000e+01 0.000000000000000000e+00 1.600000000000000089e+00 -9.020000000000000240e-04 -1.276000000000000007e-03 9.999989999999999712e-01 -9.671599999999999642e-02 9.953109999999999458e-01 1.182000000000000108e-03 -9.953119999999999745e-01 -9.671399999999999442e-02 -1.020999999999999989e-03
2.100000000000000000e+01 2.100000000000000000e+01 6.000000000000000000e+01 0.000000000000000000e+00 1.600000000000000089e+00 -2.387999999999999932e-03 -6.943999999999999652e-03 9.999730000000000008e-01 -9.740600000000000647e-02 9.952220000000000510e-01 6.677999999999999908e-03 -9.952419999999999600e-01 -9.738700000000000134e-02 -3.053000000000000158e-03
2.900000000000000000e+01 2.100000000000000000e+01 6.000000000000000000e+01 0.000000000000000000e+00 1.600000000000000089e+00 -1.683000000000000034e-03 1.367799999999999919e-02 9.999050000000000438e-01 -9.552399999999999780e-02 9.953319999999999945e-01 -1.377600000000000005e-02 -9.954260000000000330e-01 -9.553899999999999892e-02 -3.680000000000000003e-04
1.700000000000000000e+01 6.000000000000000000e+00 6.100000000000000000e+01 0.000000000000000000e+00 1.600000000000000089e+00 6.368000000000000396e-03 2.958999999999999825e-03 9.999749999999999472e-01 5.771330000000000071e-01 -8.166489999999999583e-01 -1.258999999999999920e-03 8.166250000000000453e-01 5.771269999999999456e-01 -6.908000000000000078e-03
8.000000000000000000e+00 3.000000000000000000e+00 6.300000000000000000e+01 0.000000000000000000e+00 1.600000000000000089e+00 -6.310000000000000504e-04 -3.370000000000000057e-04 1.000000000000000000e+00 -6.142320000000000002e-01 7.891259999999999941e-01 -1.219999999999999974e-04 -7.891259999999999941e-01 -6.142309999999999715e-01 -7.050000000000000060e-04
1.300000000000000000e+01 3.000000000000000000e+00 6.300000000000000000e+01 0.000000000000000000e+00 1.600000000000000089e+00 -1.012000000000000096e-03 1.136999999999999990e-03 9.999989999999999712e-01 -6.156409999999999938e-01 7.880249999999999755e-01 -1.518999999999999951e-03 -7.880260000000000042e-01 -6.156420000000000226e-01 -9.699999999999999963e-05
3.000000000000000000e+00 2.700000000000000000e+01 6.300000000000000000e+01 0.000000000000000000e+00 1.600000000000000089e+00 3.570000000000000040e-04 2.101000000000000003e-03 9.999980000000000535e-01 -2.803539999999999921e-01 9.598950000000000538e-01 -1.917000000000000084e-03 -9.598970000000000002e-01 -2.803519999999999901e-01 9.319999999999999942e-04
9.000000000000000000e+00 2.700000000000000000e+01 6.300000000000000000e+01 0.000000000000000000e+00 1.600000000000000089e+00 1.262000000000000101e-03 2.284000000000000006e-03 9.999970000000000248e-01 -2.815739999999999910e-01 9.595380000000000020e-01 -1.835999999999999958e-03 -9.595390000000000308e-01 -2.815699999999999870e-01 1.853999999999999962e-03
1.300000000000000000e+01 2.700000000000000000e+01 6.300000000000000000e+01 0.000000000000000000e+00 1.600000000000000089e+00 -2.339999999999999958e-04 3.419999999999999863e-03 9.999940000000000495e-01 -2.780929999999999791e-01 9.605479999999999574e-01 -3.350000000000000113e-03 -9.605540000000000189e-01 -2.780920000000000059e-01 7.259999999999999743e-04
1.700000000000000000e+01 2.700000000000000000e+01 6.300000000000000000e+01 0.000000000000000000e+00 1.600000000000000089e+00 -2.396000000000000126e-03 -3.518999999999999993e-03 9.999909999999999632e-01 -2.785440000000000138e-01 9.604200000000000514e-01 2.712000000000000001e-03 -9.604200000000000514e-01 -2.785349999999999770e-01 -3.281000000000000062e-03
2.200000000000000000e+01 2.700000000000000000e+01 6.300000000000000000e+01 0.000000000000000000e+00 1.600000000000000089e+00 -9.389999999999999476e-04 -4.300000000000000003e-03 9.999900000000000455e-01 -2.765619999999999745e-01 9.609879999999999534e-01 3.872000000000000008e-03 -9.609959999999999614e-01 -2.765560000000000240e-01 -2.092000000000000109e-03
3.000000000000000000e+00 2.600000000000000000e+01 6.400000000000000000e+01 0.000000000000000000e+00 1.600000000000000089e+00 9.810000000000001011e-04 3.363999999999999803e-03 9.999940000000000495e-01 -3.644839999999999747e-01 9.312059999999999782e-01 -2.775000000000000123e-03 -9.312089999999999534e-01 -3.644789999999999974e-01 2.138999999999999842e-03
