1.300000000000000000e+01 2.500000000000000000e+01 1.000000000000000000e+00 0.000000000000000000e+00 1.600000000000000089e+00 -1.361000000000000014e-03 2.990000000000000036e-04 -9.999989999999999712e-01 -5.313250000000000473e-01 -8.471680000000000321e-01 4.699999999999999859e-04 -8.471670000000000034e-01 5.313250000000000473e-01 1.311000000000000099e-03
2.300000000000000000e+01 2.500000000000000000e+01 1.000000000000000000e+00 0.000000000000000000e+00 1.600000000000000089e+00 4.899999999999999842e-05 -7.948000000000000204e-03 -9.999679999999999680e-01 -5.280329999999999746e-01 -8.491969999999999796e-01 6.723999999999999942e-03 -8.492239999999999789e-01 5.280160000000000409e-01 -4.237999999999999580e-03
5.000000000000000000e+00 1.500000000000000000e+01 4.000000000000000000e+00 0.000000000000000000e+00 1.600000000000000089e+00 1.387999999999999911e-03 4.635000000000000231e-03 9.999879999999999880e-01 3.204879999999999951e-01 -9.472439999999999749e-01 3.944999999999999722e-03 9.472509999999999541e-01 3.204790000000000139e-01 -2.799999999999999972e-03
1.100000000000000000e+01 1.500000000000000000e+01 4.000000000000000000e+00 0.000000000000000000e+00 1.600000000000000089e+00 6.549999999999999833e-04 2.167999999999999788e-03 9.999970000000000248e-01 3.257720000000000060e-01 -9.454470000000000374e-01 1.835999999999999958e-03 9.454479999999999551e-01 3.257700000000000040e-01 -1.325000000000000006e-03
1.400000000000000000e+01 1.500000000000000000e+01 4.000000000000000000e+00 0.000000000000000000e+00 1.600000000000000089e+00 -5.800000000000000034e-04 -3.190000000000000127e-03 9.999949999999999672e-01 3.182389999999999941e-01 -9.480060000000000153e-01 -2.838999999999999944e-03 9.480100000000000193e-01 3.182360000000000189e-01 1.564999999999999985e-03
2.100000000000000000e+01 1.500000000000000000e+01 4.000000000000000000e+00 0.000000000000000000e+00 1.600000000000000089e+00 -2.203000000000000097e-03 -7.584999999999999729e-03 9.999689999999999968e-01 3.106389999999999985e-01 -9.505059999999999620e-01 -6.525000000000000418e-03 9.505249999999999533e-01 3.106149999999999745e-01 4.449999999999999963e-03
2.600000000000000000e+01 1.500000000000000000e+01 4.000000000000000000e+00 0.000000000000000000e+00 1.600000000000000089e+00 4.330000000000000081e-04 -3.778000000000000108e-03 9.999930000000000208e-01 3.153099999999999792e-01 -9.489809999999999635e-01 -3.722000000000000048e-03 9.489889999999999715e-01 3.153090000000000059e-01 7.799999999999999859e-04
4.000000000000000000e+00 1.010000000000000000e+02 7.000000000000000000e+00 0.000000000000000000e+00 1.600000000000000089e+00 6.099999999999999872e-05 3.530000000000000152e-03 9.999940000000000495e-01 8.896960000000000424e-01 4.565500000000000114e-01 -1.665999999999999946e-03 -4.565529999999999866e-01 8.896910000000000096e-01 -3.112999999999999882e-03
2.000000000000000000e+00 2.500000000000000000e+01 8.000000000000000000e+00 0.000000000000000000e+00 1.600000000000000089e+00 -3.710000000000000190e-04 1.923000000000000013e-03 -9.999980000000000535e-01 4.483610000000000095e-01 8.938509999999999511e-01 1.552999999999999910e-03 8.938519999999999799e-01 -4.483599999999999808e-01 -1.193999999999999966e-03
7.000000000000000000e+00 2.500000000000000000e+01 8.000000000000000000e+00 0.000000000000000000e+00 1.600000000000000089e+00 -5.330000000000000536e-04 -4.545999999999999694e-03 -9.999900000000000455e-01 4.483489999999999975e-01 8.938479999999999759e-01 -4.302000000000000268e-03 8.938580000000000414e-01 -4.483469999999999955e-01 1.562000000000000020e-03
1.400000000000000000e+01 2.500000000000000000e+01 8.000000000000000000e+00 0.000000000000000000e+00 1.600000000000000089e+00 2.452999999999999885e-03 8.042999999999999802e-03 -9.999649999999999928e-01 4.480439999999999978e-01 8.939730000000000176e-01 8.288999999999999493e-03 8.940080000000000249e-01 -4.480480000000000018e-01 -1.410999999999999928e-03
2.000000000000000000e+01 2.500000000000000000e+01 8.000000000000000000e+00 0.000000000000000000e+00 1.600000000000000089e+00 -6.790000000000000245e-04 7.196000000000000139e-03 -9.999740000000000295e-01 4.450049999999999839e-01 8.955070000000000530e-01 6.141999999999999890e-03 8.955279999999999907e-01 -4.449890000000000234e-01 -3.811000000000000151e-03
2.600000000000000000e+01 2.500000000000000000e+01 8.000000000000000000e+00 0.000000000000000000e+00 1.600000000000000089e+00 1.335999999999999948e-03 4.749999999999999882e-03 -9.999879999999999880e-01 4.460680000000000200e-01 8.949859999999999483e-01 4.846999999999999746e-03 8.949979999999999603e-01 -4.460689999999999933e-01 -9.229999999999999923e-04
4.000000000000000000e+00 2.400000000000000000e+01 9.000000000000000000e+00 0.000000000000000000e+00 1.600000000000000089e+00 -1.849999999999999973e-04 1.376000000000000053e-03 -9.999989999999999712e-01 4.535109999999999975e-01 8.912499999999999867e-01 1.142000000000000003e-03 8.912510000000000154e-01 -4.535100000000000242e-01 -7.889999999999999878e-04
6.000000000000000000e+00 2.400000000000000000e+01 9.000000000000000000e+00 0.000000000000000000e+00 1.600000000000000089e+00 -3.289999999999999739e-04 -2.500000000000000052e-03 -9.999970000000000248e-01 4.535950000000000260e-01 8.912050000000000249e-01 -2.377000000000000206e-03 8.912080000000000002e-01 -4.535950000000000260e-01 8.409999999999999507e-04
1.400000000000000000e+01 2.400000000000000000e+01 9.000000000000000000e+00 0.000000000000000000e+00 1.600000000000000089e+00 2.886999999999999809e-03 8.883000000000000271e-03 -9.999559999999999560e-01 4.521490000000000231e-01 8.918949999999999934e-01 9.228000000000000091e-03 8.919380000000000086e-01 -4.521560000000000024e-01 -1.441999999999999922e-03
2.000000000000000000e+01 2.400000000000000000e+01 9.000000000000000000e+00 0.000000000000000000e+00 1.600000000000000089e+00 -1.000999999999999937e-03 7.719000000000000167e-03 -9.999700000000000255e-01 4.489989999999999815e-01 8.935089999999999977e-01 6.447999999999999739e-03 8.935319999999999929e-01 -4.489790000000000170e-01 -4.360000000000000160e-03
2.600000000000000000e+01 2.400000000000000000e+01 9.000000000000000000e+00 0.000000000000000000e+00 1.600000000000000089e+00 8.790000000000000070e-04 3.893000000000000193e-03 -9.999919999999999920e-01 4.506800000000000250e-01 8.926770000000000538e-01 3.870999999999999875e-03 8.926849999999999508e-01 -4.506800000000000250e-01 -9.700000000000000505e-04
1.100000000000000000e+01 4.000000000000000000e+00 1.100000000000000000e+01 0.000000000000000000e+00 1.600000000000000089e+00 9.009999999999999997e-04 9.946999999999999245e-03 -9.999500000000000055e-01 2.327440000000000064e-01 9.724880000000000191e-01 9.884000000000000424e-03 9.725380000000000136e-01 -2.327410000000000034e-01 -1.438999999999999958e-03
1.400000000000000000e+01 4.000000000000000000e+00 1.100000000000000000e+01 0.000000000000000000e+00 1.600000000000000089e+00 -5.074000000000000385e-03 -2.870699999999999988e-02 -9.995749999999999913e-01 2.368460000000000010e-01 9.711119999999999752e-01 -2.909199999999999980e-02 9.715340000000000087e-01 -2.368919999999999915e-01 1.871999999999999966e-03
2.600000000000000000e+01 5.000000000000000000e+00 1.200000000000000000e+01 0.000000000000000000e+00 1.600000000000000089e+00 1.188900000000000026e-02 -1.127060000000000006e-01 9.935570000000000235e-01 -2.318250000000000033e-01 9.662439999999999918e-01 1.123819999999999958e-01 -9.726850000000000218e-01 -2.316670000000000118e-01 -1.464099999999999950e-02
2.000000000000000000e+00 3.100000000000000000e+01 1.200000000000000000e+01 0.000000000000000000e+00 1.600000000000000089e+00 1.538000000000000088e-03 3.416999999999999899e-03 9.999930000000000208e-01 1.271999999999999910e-03 9.999930000000000208e-01 -3.419000000000000164e-03 -9.999980000000000535e-01 1.276999999999999923e-03 1.533000000000000074e-03
6.000000000000000000e+00 3.100000000000000000e+01 1.200000000000000000e+01 0.000000000000000000e+00 1.600000000000000089e+00 6.120000000000000223e-04 3.397999999999999979e-03 9.999940000000000495e-01 3.785000000000000170e-03 9.999869999999999592e-01 -3.399999999999999811e-03 -9.999930000000000208e-01 3.787000000000000002e-03 5.990000000000000316e-04
1.200000000000000000e+01 3.100000000000000000e+01 1.200000000000000000e+01 0.000000000000000000e+00 1.600000000000000089e+00 -6.849999999999999535e-04 1.268000000000000030e-03 9.999989999999999712e-01 6.071000000000000008e-03 9.999810000000000088e-01 -1.263000000000000017e-03 -9.999810000000000088e-01 6.069999999999999875e-03 -6.930000000000000396e-04
1.600000000000000000e+01 3.100000000000000000e+01 1.200000000000000000e+01 0.000000000000000000e+00 1.600000000000000089e+00 -3.980000000000000248e-04 4.800999999999999712e-03 9.999879999999999880e-01 6.409999999999999899e-03 9.999679999999999680e-01 -4.798000000000000181e-03 -9.999789999999999512e-01 6.407999999999999634e-03 -4.290000000000000193e-04
2.100000000000000000e+01 3.100000000000000000e+01 1.200000000000000000e+01 0.000000000000000000e+00 1.600000000000000089e+00 2.351999999999999924e-03 -7.841000000000000747e-03 9.999670000000000503e-01 4.709999999999999777e-03 9.999580000000000135e-01 7.828999999999999154e-03 -9.999860000000000415e-01 4.691999999999999990e-03 2.389000000000000064e-03
2.700000000000000000e+01 3.100000000000000000e+01 1.200000000000000000e+01 0.000000000000000000e+00 1.600000000000000089e+00 1.132999999999999893e-03 -9.550000000000000112e-04 9.999989999999999712e-01 9.000000000000000228e-06 1.000000000000000000e+00 9.550000000000000112e-04 -9.999989999999999712e-01 7.999999999999999638e-06 1.132999999999999893e-03
5.000000000000000000e+00 3.500000000000000000e+01 1.200000000000000000e+01 0.000000000000000000e+00 1.600000000000000089e+00 5.029999999999999749e-04 4.003999999999999747e-03 -9.999919999999999920e-01 5.904160000000000519e-01 -8.070939999999999781e-01 -2.935000000000000109e-03 -8.070990000000000109e-01 -5.904089999999999616e-01 -2.769999999999999893e-03
8.000000000000000000e+00 3.200000000000000000e+01 1.400000000000000000e+01 0.000000000000000000e+00 1.600000000000000089e+00 6.700000000000000226e-05 7.479999999999999670e-04 -1.000000000000000000e+00 9.904599999999999516e-02 9.950830000000000508e-01 7.510000000000000399e-04 9.950830000000000508e-01 -9.904599999999999516e-02 -6.999999999999999895e-06
3.000000000000000000e+01 3.200000000000000000e+01 1.400000000000000000e+01 0.000000000000000000e+00 1.600000000000000089e+00 -6.989999999999999686e-04 -2.831999999999999882e-03 -9.999959999999999960e-01 1.055949999999999944e-01 9.944049999999999834e-01 -2.890000000000000208e-03 9.944089999999999874e-01 -1.055969999999999964e-01 -3.959999999999999762e-04
7.000000000000000000e+00 1.200000000000000000e+01 1.500000000000000000e+01 0.000000000000000000e+00 1.600000000000000089e+00 6.480000000000000300e-04 1.722999999999999922e-03 -9.999980000000000535e-01 -4.717069999999999874e-01 -8.817530000000000090e-01 -1.824000000000000100e-03 -8.817549999999999555e-01 4.717080000000000162e-01 2.410000000000000033e-04
1.100000000000000000e+01 1.200000000000000000e+01 1.500000000000000000e+01 0.000000000000000000e+00 1.600000000000000089e+00 1.137999999999999906e-03 1.039999999999999909e-03 -9.999989999999999712e-01 -4.721380000000000021e-01 -8.815229999999999455e-01 -1.454999999999999913e-03 -8.815239999999999743e-01 4.721389999999999754e-01 -5.119999999999999768e-04
1.800000000000000000e+01 1.200000000000000000e+01 1.500000000000000000e+01 0.000000000000000000e+00 1.600000000000000089e+00 8.739999999999999939e-04 5.637999999999999783e-03 -9.999839999999999840e-01 -4.693269999999999942e-01 -8.830080000000000151e-01 -5.388000000000000428e-03 -8.830240000000000311e-01 4.693240000000000189e-01 1.874999999999999931e-03
2.400000000000000000e+01 1.200000000000000000e+01 1.500000000000000000e+01 0.000000000000000000e+00 1.600000000000000089e+00 8.769999999999999584e-04 1.819000000000000087e-03 -9.999980000000000535e-01 -4.725550000000000028e-01 -8.812990000000000546e-01 -2.017000000000000130e-03 -8.813010000000000010e-01 4.725559999999999761e-01 8.600000000000000331e-05
2.000000000000000000e+00 1.100000000000000000e+01 1.600000000000000000e+01 0.000000000000000000e+00 1.600000000000000089e+00 2.970000000000000092e-04 1.358000000000000049e-03 -9.999989999999999712e-01 -4.161920000000000064e-01 -9.092759999999999732e-01 -1.358999999999999965e-03 -9.092770000000000019e-01 4.161920000000000064e-01 2.950000000000000148e-04
2.000000000000000000e+00 1.160000000000000000e+02 1.600000000000000000e+01 0.000000000000000000e+00 1.600000000000000089e+00 3.448000000000000110e-03 -1.113999999999999973e-03 9.999930000000000208e-01 7.813809999999999922e-01 6.240499999999999936e-01 -1.998999999999999909e-03 -6.240440000000000431e-01 7.813830000000000497e-01 3.021999999999999947e-03
4.000000000000000000e+00 2.000000000000000000e+00 1.900000000000000000e+01 0.000000000000000000e+00 1.600000000000000089e+00 9.709999999999999881e-03 -1.779599999999999932e-02 -9.997939999999999605e-01 2.280600000000000127e-01 -9.734509999999999552e-01 1.954200000000000034e-02 -9.735989999999999922e-01 -2.282029999999999892e-01 -5.394000000000000357e-03
9.000000000000000000e+00 2.000000000000000000e+00 1.900000000000000000e+01 0.000000000000000000e+00 1.600000000000000089e+00 4.067999999999999568e-03 -1.578299999999999842e-02 -9.998669999999999503e-01 2.239810000000000134e-01 -9.744570000000000176e-01 1.629299999999999846e-02 -9.745850000000000346e-01 -2.240179999999999949e-01 -4.290000000000000193e-04
1.500000000000000000e+01 2.000000000000000000e+00 1.900000000000000000e+01 0.000000000000000000e+00 1.600000000000000089e+00 -3.043000000000000132e-03 1.458000000000000095e-03 -9.999940000000000495e-01 2.161559999999999870e-01 -9.763570000000000304e-01 -2.082000000000000083e-03 -9.763540000000000552e-01 -2.161609999999999920e-01 2.655999999999999941e-03
2.400000000000000000e+01 2.000000000000000000e+00 1.900000000000000000e+01 0.000000000000000000e+00 1.600000000000000089e+00 -8.437000000000000055e-03 4.283000000000000348e-03 -9.999550000000000383e-01 2.185660000000000103e-01 -9.758040000000000047e-01 -6.023999999999999841e-03 -9.757860000000000422e-01 -2.186069999999999958e-01 7.296999999999999667e-03
3.000000000000000000e+01 2.000000000000000000e+00 1.900000000000000000e+01 0.000000000000000000e+00 1.600000000000000089e+00 -1.161700000000000059e-02 3.009999999999999980e-04 -9.999320000000000430e-01 2.329380000000000062e-01 -9.724869999999999903e-01 -2.998999999999999930e-03 -9.724220000000000086e-01 -2.329569999999999974e-01 1.122699999999999913e-02
1.900000000000000000e+01 4.000000000000000000e+00 2.000000000000000000e+01 0.000000000000000000e+00 1.600000000000000089e+00 1.472000000000000001e-03 -2.860000000000000129e-03 -9.999949999999999672e-01 3.390850000000000253e-01 -9.407499999999999751e-01 3.188999999999999994e-03 -9.407550000000000079e-01 -3.390880000000000005e-01 -4.150000000000000043e-04
1.200000000000000000e+01 1.300000000000000000e+01 2.000000000000000000e+01 0.000000000000000000e+00 1.600000000000000089e+00 -1.379000000000000017e-03 -4.094000000000000417e-03 9.999909999999999632e-01 2.589670000000000027e-01 9.658769999999999856e-01 4.311999999999999861e-03 -9.658849999999999936e-01 2.589699999999999780e-01 -2.719999999999999979e-04
2.200000000000000000e+01 1.300000000000000000e+01 2.000000000000000000e+01 0.000000000000000000e+00 1.600000000000000089e+00 -1.528000000000000061e-03 -1.807999999999999928e-03 9.999970000000000248e-01 2.634690000000000087e-01 9.646649999999999947e-01 2.147000000000000037e-03 -9.646670000000000522e-01 2.634719999999999840e-01 -9.979999999999999722e-04
2.800000000000000000e+01 1.300000000000000000e+01 2.000000000000000000e+01 0.000000000000000000e+00 1.600000000000000089e+00 2.307000000000000023e-03 -1.616000000000000032e-03 9.999959999999999960e-01 2.633599999999999830e-01 9.646970000000000267e-01 9.510000000000000224e-04 -9.646949999999999692e-01 2.633570000000000078e-01 2.651000000000000145e-03
1.000000000000000000e+00 3.000000000000000000e+00 2.500000000000000000e+01 0.000000000000000000e+00 1.600000000000000089e+00 -8.512999999999999734e-03 2.625299999999999856e-02 9.996190000000000353e-01 -1.794799999999999868e-02 -9.994979999999999976e-01 2.609699999999999867e-02 9.998029999999999973e-01 -1.771899999999999864e-02 8.980000000000000135e-03
1.600000000000000000e+01 3.000000000000000000e+00 2.500000000000000000e+01 0.000000000000000000e+00 1.600000000000000089e+00 -2.328999999999999907e-03 -5.671999999999999958e-03 9.999810000000000088e-01 -2.012699999999999906e-02 -9.997810000000000308e-01 -5.717999999999999992e-03 9.997949999999999893e-01 -2.014000000000000165e-02 2.213999999999999822e-03
2.400000000000000000e+01 3.000000000000000000e+00 2.500000000000000000e+01 0.000000000000000000e+00 1.600000000000000089e+00 -2.726000000000000124e-03 -3.930000000000000333e-03 9.999890000000000168e-01 -2.226300000000000154e-02 -9.997439999999999660e-01 -3.989999999999999623e-03 9.997479999999999700e-01 -2.227399999999999866e-02 2.638000000000000154e-03
2.000000000000000000e+00 4.600000000000000000e+01 2.700000000000000000e+01 0.000000000000000000e+00 1.600000000000000089e+00 1.704999999999999918e-03 3.135000000000000200e-03 -9.999940000000000495e-01 6.807680000000000398e-01 7.324910000000000032e-01 3.457000000000000003e-03 7.324969999999999537e-01 -6.807689999999999575e-01 -8.850000000000000444e-04
2.300000000000000000e+01 4.600000000000000000e+01 2.700000000000000000e+01 0.000000000000000000e+00 1.600000000000000089e+00 -3.090999999999999998e-03 1.162000000000000055e-03 -9.999949999999999672e-01 6.668469999999999676e-01 7.451940000000000230e-01 -1.195000000000000099e-03 7.451889999999999903e-01 -6.668469999999999676e-01 -3.078000000000000007e-03
8.000000000000000000e+00 4.600000000000000000e+01 3.000000000000000000e+01 0.000000000000000000e+00 1.600000000000000089e+00 2.531999999999999963e-03 2.148000000000000170e-03 -9.999940000000000495e-01 3.188840000000000008e-01 9.477889999999999926e-01 2.843000000000000041e-03 9.477900000000000214e-01 -3.188900000000000068e-01 1.714999999999999945e-03
1.700000000000000000e+01 4.600000000000000000e+01 3.000000000000000000e+01 0.000000000000000000e+00 1.600000000000000089e+00 8.180000000000000422e-04 -5.000000000000000409e-06 -1.000000000000000000e+00 3.153639999999999777e-01 9.489710000000000090e-01 2.530000000000000239e-04 9.489699999999999802e-01 -3.153639999999999777e-01 7.780000000000000457e-04
2.200000000000000000e+01 4.600000000000000000e+01 3.000000000000000000e+01 0.000000000000000000e+00 1.600000000000000089e+00 -3.026000000000000044e-03 -1.149999999999999981e-03 -9.999949999999999672e-01 3.162900000000000156e-01 9.486599999999999477e-01 -2.047999999999999907e-03 9.486580000000000013e-01 -3.162949999999999928e-01 -2.507000000000000114e-03
2.600000000000000000e+01 4.600000000000000000e+01 3.000000000000000000e+01 0.000000000000000000e+00 1.600000000000000089e+00 -2.330000000000000040e-03 3.739999999999999835e-04 -9.999970000000000248e-01 3.147800000000000042e-01 9.491650000000000365e-01 -3.780000000000000265e-04 9.491619999999999502e-01 -3.147800000000000042e-01 -2.330000000000000040e-03
2.000000000000000000e+00 5.800000000000000000e+01 3.100000000000000000e+01 0.000000000000000000e+00 1.600000000000000089e+00 -3.732000000000000074e-03 -4.180000000000000230e-04 9.999930000000000208e-01 -7.767279999999999740e-01 -6.298280000000000545e-01 -3.161999999999999880e-03 6.298249999999999682e-01 -7.767340000000000355e-01 2.026000000000000023e-03
7.000000000000000000e+00 5.800000000000000000e+01 3.100000000000000000e+01 0.000000000000000000e+00 1.600000000000000089e+00 -1.784999999999999911e-03 -6.602000000000000229e-03 9.999770000000000048e-01 -7.817110000000000447e-01 -6.236159999999999481e-01 -5.512000000000000406e-03 6.236380000000000257e-01 -7.817030000000000367e-01 -4.048000000000000383e-03
1.300000000000000000e+01 5.800000000000000000e+01 3.100000000000000000e+01 0.000000000000000000e+00 1.600000000000000089e+00 -2.854000000000000200e-03 -4.766000000000000271e-03 9.999850000000000128e-01 -7.832419999999999938e-01 -6.216949999999999976e-01 -5.198000000000000363e-03 6.217099999999999849e-01 -7.832449999999999690e-01 -1.958999999999999804e-03
2.100000000000000000e+01 5.800000000000000000e+01 3.100000000000000000e+01 0.000000000000000000e+00 1.600000000000000089e+00 -4.840000000000000010e-04 3.390000000000000001e-04 1.000000000000000000e+00 -7.897509999999999808e-01 -6.134269999999999445e-01 -1.740000000000000010e-04 6.134269999999999445e-01 -7.897509999999999808e-01 5.649999999999999641e-04
2.600000000000000000e+01 5.800000000000000000e+01 3.100000000000000000e+01 0.000000000000000000e+00 1.600000000000000089e+00 1.466999999999999988e-03 1.598999999999999944e-03 9.999980000000000535e-01 -7.884740000000000082e-01 -6.150649999999999729e-01 2.139999999999999975e-03 6.150670000000000304e-01 -7.884750000000000369e-01 3.579999999999999741e-04
5.000000000000000000e+00 4.600000000000000000e+01 3.500000000000000000e+01 0.000000000000000000e+00 1.600000000000000089e+00 -2.530000000000000239e-04 -9.499999999999999981e-04 -1.000000000000000000e+00 3.923409999999999953e-01 -9.198190000000000532e-01 7.749999999999999728e-04 -9.198199999999999710e-01 -3.923409999999999953e-01 6.049999999999999606e-04
9.000000000000000000e+00 4.600000000000000000e+01 3.500000000000000000e+01 0.000000000000000000e+00 1.600000000000000089e+00 7.370000000000000249e-04 -1.070999999999999903e-03 -9.999989999999999712e-01 3.914949999999999819e-01 -9.201789999999999692e-01 1.273999999999999959e-03 -9.201799999999999979e-01 -3.914960000000000107e-01 -2.590000000000000071e-04
1.900000000000000000e+01 4.600000000000000000e+01 3.500000000000000000e+01 0.000000000000000000e+00 1.600000000000000089e+00 -1.505999999999999960e-03 -4.350000000000000026e-04 -9.999989999999999712e-01 3.903340000000000143e-01 -9.206729999999999636e-01 -1.869999999999999917e-04 -9.206720000000000459e-01 -3.903340000000000143e-01 1.557000000000000007e-03
2.100000000000000000e+01 4.600000000000000000e+01 3.500000000000000000e+01 0.000000000000000000e+00 1.600000000000000089e+00 -1.378000000000000102e-03 2.528999999999999998e-03 -9.999959999999999960e-01 3.899299999999999988e-01 -9.208399999999999919e-01 -2.866000000000000058e-03 -9.208439999999999959e-01 -3.899320000000000008e-01 2.820000000000000241e-04
9.000000000000000000e+00 3.000000000000000000e+00 4.300000000000000000e+01 0.000000000000000000e+00 1.600000000000000089e+00 -4.755999999999999811e-03 -6.322000000000000362e-03 -9.999689999999999968e-01 7.369959999999999845e-01 -6.758969999999999700e-01 7.680000000000000195e-04 -6.758800000000000363e-01 -7.369689999999999852e-01 7.874000000000000790e-03
1.800000000000000000e+01 3.000000000000000000e+00 4.300000000000000000e+01 0.000000000000000000e+00 1.600000000000000089e+00 -5.228000000000000008e-03 -6.491000000000000242e-03 -9.999649999999999928e-01 7.374370000000000092e-01 -6.754160000000000164e-01 5.289999999999999564e-04 -6.753959999999999964e-01 -7.374089999999999812e-01 8.318000000000000740e-03
1.900000000000000000e+01 8.000000000000000000e+00 4.400000000000000000e+01 0.000000000000000000e+00 1.600000000000000089e+00 7.529999999999999801e-04 -4.081999999999999691e-03 9.999909999999999632e-01 -7.845689999999999609e-01 -6.200390000000000068e-01 -1.941000000000000017e-03 6.200409999999999533e-01 -7.845609999999999529e-01 -3.668999999999999952e-03
2.000000000000000000e+00 2.900000000000000000e+01 4.400000000000000000e+01 0.000000000000000000e+00 1.600000000000000089e+00 4.200000000000000174e-04 3.959999999999999978e-03 -9.999919999999999920e-01 6.581439999999999513e-01 7.528850000000000264e-01 3.258000000000000045e-03 7.528920000000000057e-01 -6.581399999999999473e-01 -2.289999999999999935e-03
7.000000000000000000e+00 2.900000000000000000e+01 4.400000000000000000e+01 0.000000000000000000e+00 1.600000000000000089e+00 -7.299999999999999903e-05 1.235999999999999903e-03 -9.999989999999999712e-01 6.550589999999999469e-01 7.555770000000000541e-01 8.859999999999999603e-04 7.555770000000000541e-01 -6.550589999999999469e-01 -8.649999999999999920e-04
1.200000000000000000e+01 2.900000000000000000e+01 4.400000000000000000e+01 0.000000000000000000e+00 1.600000000000000089e+00 -1.430000000000000064e-03 1.010000000000000047e-03 -9.999989999999999712e-01 6.541690000000000005e-01 7.563480000000000203e-01 -1.720000000000000066e-04 7.563469999999999915e-01 -6.541679999999999717e-01 -1.742000000000000059e-03
1.500000000000000000e+01 2.900000000000000000e+01 4.400000000000000000e+01 0.000000000000000000e+00 1.600000000000000089e+00 3.490000000000000263e-04 1.649000000000000075e-03 -9.999989999999999712e-01 6.568150000000000377e-01 7.540499999999999980e-01 1.472999999999999917e-03 7.540510000000000268e-01 -6.568150000000000377e-01 -8.199999999999999824e-04
2.000000000000000000e+01 2.900000000000000000e+01 4.400000000000000000e+01 0.000000000000000000e+00 1.600000000000000089e+00 1.320000000000000101e-04 8.170000000000000179e-04 -1.000000000000000000e+00 6.635240000000000027e-01 7.481550000000000145e-01 6.989999999999999686e-04 7.481550000000000145e-01 -6.635229999999999739e-01 -4.429999999999999802e-04
2.500000000000000000e+01 2.900000000000000000e+01 4.400000000000000000e+01 0.000000000000000000e+00 1.600000000000000089e+00 1.023000000000000038e-03 -2.799999999999999755e-04 -9.999989999999999712e-01 6.576650000000000551e-01 7.533109999999999529e-01 4.620000000000000083e-04 7.533100000000000351e-01 -6.576650000000000551e-01 9.550000000000000112e-04
2.500000000000000000e+01 6.500000000000000000e+01 4.600000000000000000e+01 0.000000000000000000e+00 1.600000000000000089e+00 -5.810000000000000277e-04 -2.211999999999999991e-03 9.999970000000000248e-01 6.804019999999999513e-01 -7.328379999999999894e-01 -1.226000000000000093e-03 7.328390000000000182e-01 6.803989999999999760e-01 1.930999999999999991e-03
3.000000000000000000e+00 5.000000000000000000e+00 5.100000000000000000e+01 0.000000000000000000e+00 1.600000000000000089e+00 1.045800000000000028e-02 -1.482999999999999943e-02 -9.998350000000000293e-01 4.667240000000000277e-01 -8.842200000000000060e-01 1.799600000000000158e-02 -8.843410000000000437e-01 -4.668350000000000000e-01 -2.325999999999999943e-03
8.000000000000000000e+00 5.000000000000000000e+00 5.100000000000000000e+01 0.000000000000000000e+00 1.600000000000000089e+00 1.033999999999999980e-03 -6.731000000000000004e-03 -9.999770000000000048e-01 4.808810000000000029e-01 -8.767629999999999590e-01 6.398000000000000041e-03 -8.767850000000000366e-01 -4.808760000000000256e-01 2.330000000000000040e-03
2.300000000000000000e+01 5.000000000000000000e+00 5.100000000000000000e+01 0.000000000000000000e+00 1.600000000000000089e+00 2.820000000000000241e-04 -2.056000000000000102e-03 -9.999980000000000535e-01 4.787469999999999781e-01 -8.779510000000000369e-01 1.940000000000000101e-03 -8.779529999999999834e-01 -4.787469999999999781e-01 7.370000000000000249e-04
2.600000000000000000e+01 5.000000000000000000e+00 5.100000000000000000e+01 0.000000000000000000e+00 1.600000000000000089e+00 7.489999999999999913e-04 6.827999999999999868e-03 -9.999759999999999760e-01 4.798020000000000063e-01 -8.773590000000000000e-01 -5.630999999999999721e-03 -8.773769999999999625e-01 -4.797859999999999903e-01 -3.932999999999999864e-03
1.800000000000000000e+01 1.150000000000000000e+02 5.100000000000000000e+01 0.000000000000000000e+00 1.600000000000000089e+00 1.631999999999999987e-03 6.809999999999999647e-04 9.999980000000000535e-01 8.447900000000000409e-01 -5.350970000000000448e-01 -1.013999999999999927e-03 5.350960000000000161e-01 8.447900000000000409e-01 -1.448999999999999984e-03
2.600000000000000000e+01 7.000000000000000000e+00 5.200000000000000000e+01 0.000000000000000000e+00 1.600000000000000089e+00 1.142999999999999919e-03 2.340000000000000066e-03 -9.999970000000000248e-01 1.177710000000000007e-01 -9.930379999999999763e-01 -2.188999999999999974e-03 -9.930400000000000338e-01 -1.177679999999999977e-01 -1.410999999999999928e-03
3.000000000000000000e+00 6.300000000000000000e+01 5.400000000000000000e+01 0.000000000000000000e+00 1.600000000000000089e+00 -2.226000000000000114e-03 -3.322999999999999999e-03 9.999919999999999920e-01 -3.534209999999999852e-01 9.354620000000000157e-01 2.321999999999999845e-03 -9.354620000000000157e-01 -3.534129999999999772e-01 -3.256000000000000213e-03
8.000000000000000000e+00 6.300000000000000000e+01 5.400000000000000000e+01 0.000000000000000000e+00 1.600000000000000089e+00 -6.740000000000000114e-04 7.829999999999999504e-04 9.999989999999999712e-01 -3.438169999999999837e-01 9.390359999999999818e-01 -9.669999999999999776e-04 -9.390359999999999818e-01 -3.438169999999999837e-01 -3.640000000000000115e-04
1.400000000000000000e+01 6.300000000000000000e+01 5.400000000000000000e+01 0.000000000000000000e+00 1.600000000000000089e+00 2.990000000000000036e-04 -2.260999999999999989e-03 9.999970000000000248e-01 -3.485230000000000272e-01 9.372979999999999645e-01 2.223000000000000149e-03 -9.373000000000000220e-01 -3.485230000000000272e-01 -5.079999999999999880e-04
1.800000000000000000e+01 6.300000000000000000e+01 5.400000000000000000e+01 0.000000000000000000e+00 1.600000000000000089e+00 1.348999999999999939e-03 -8.559999999999999901e-04 9.999989999999999712e-01 -3.504410000000000025e-01 9.365839999999999721e-01 1.275000000000000092e-03 -9.365839999999999721e-01 -3.504419999999999757e-01 9.629999999999999888e-04
2.300000000000000000e+01 6.300000000000000000e+01 5.400000000000000000e+01 0.000000000000000000e+00 1.600000000000000089e+00 -8.790000000000000070e-04 -5.980000000000000072e-04 9.999989999999999712e-01 -3.450909999999999811e-01 9.385689999999999866e-01 2.579999999999999828e-04 -9.385689999999999866e-01 -3.450900000000000079e-01 -1.031999999999999931e-03
2.700000000000000000e+01 6.300000000000000000e+01 5.400000000000000000e+01 0.000000000000000000e+00 1.600000000000000089e+00 -1.296999999999999976e-03 2.139999999999999975e-04 9.999989999999999712e-01 -3.435940000000000105e-01 9.391180000000000083e-01 -6.470000000000000057e-04 -9.391169999999999796e-01 -3.435940000000000105e-01 -1.144999999999999967e-03
1.100000000000000000e+01 2.500000000000000000e+01 5.500000000000000000e+01 0.000000000000000000e+00 1.600000000000000089e+00 7.919999999999999523e-04 -1.147999999999999932e-03 -9.999989999999999712e-01 -1.267099999999999997e-02 -9.999190000000000023e-01 1.137999999999999906e-03 -9.999190000000000023e-01 1.267000000000000071e-02 -8.069999999999999916e-04
2.200000000000000000e+01 2.500000000000000000e+01 5.500000000000000000e+01 0.000000000000000000e+00 1.600000000000000089e+00 -9.879999999999999460e-04 -2.883999999999999845e-03 -9.999949999999999672e-01 -1.151399999999999993e-02 -9.999299999999999855e-01 2.895000000000000004e-03 -9.999329999999999607e-01 1.151699999999999946e-02 9.539999999999999869e-04
3.000000000000000000e+01 2.500000000000000000e+01 5.500000000000000000e+01 0.000000000000000000e+00 1.600000000000000089e+00 2.863000000000000093e-03 8.966000000000000011e-03 -9.999559999999999560e-01 -1.219600000000000024e-02 -9.998850000000000238e-01 -8.999999999999999320e-03 -9.999219999999999775e-01 1.222200000000000022e-02 -2.752999999999999805e-03
3.000000000000000000e+00 2.100000000000000000e+01 6.000000000000000000e+01 0.000000000000000000e+00 1.600000000000000089e+00 1.231000000000000106e-03 4.000000000000000192e-04 9.999989999999999712e-01 -9.751600000000000545e-02 9.952339999999999520e-01 -2.779999999999999811e-04 -9.952330000000000343e-01 -9.751500000000000445e-02 1.263999999999999933e-03
7.000000000000000000e+00 2.100000000000000000e+01 6.000000000000000000e+01 0.000000000000000000e+00 1.600000000000000089e+00 -7.309999999999999875e-04 -4.387000000000000274e-03 9.999900000000000455e-01 -9.636100000000000221e-02 9.953370000000000273e-01 4.296000000000000339e-03 -9.953459999999999530e-01 -9.635699999999999821e-02 -1.149999999999999981e-03
1.400000000000000000e+01 2.100000000000000000e+01 6.000000000000000000e+01 0.000000000000000000e+00 1.600000000000000089e+00 3.780000000000000265e-04 4.270000000000000249e-04 1.000000000000000000e+00 -9.450600000000000667e-02 9.955239999999999645e-01 -3.890000000000000228e-04 -9.955239999999999645e-01 -9.450600000000000667e-02 4.169999999999999987e-04
2.800000000000000000e+01 2.100000000000000000e+01 6.000000000000000000e+01 0.000000000000000000e+00 1.600000000000000089e+00 3.390999999999999917e-03 -1.569500000000000062e-02 9.998709999999999543e-01 -9.410899999999999821e-02 9.954340000000000410e-01 1.594399999999999984e-02 -9.955559999999999965e-01 -9.415099999999999858e-02 1.899000000000000080e-03
1.400000000000000000e+01 6.700000000000000000e+01 6.000000000000000000e+01 0.000000000000000000e+00 1.600000000000000089e+00 3.330000000000000169e-04 3.219000000000000073e-03 9.999949999999999672e-01 1.781099999999999905e-01 -9.840060000000000473e-01 3.108000000000000086e-03 9.840109999999999690e-01 1.781079999999999885e-01 -9.009999999999999997e-04
2.000000000000000000e+01 6.700000000000000000e+01 6.000000000000000000e+01 0.000000000000000000e+00 1.600000000000000089e+00 1.719999999999999958e-03 2.552000000000000015e-03 9.999949999999999672e-01 1.742829999999999935e-01 -9.846930000000000405e-01 2.213000000000000123e-03 9.846939999999999582e-01 1.742779999999999885e-01 -2.138000000000000143e-03
6.000000000000000000e+00 6.000000000000000000e+00 6.100000000000000000e+01 0.000000000000000000e+00 1.600000000000000089e+00 -1.221000000000000080e-03 6.710999999999999951e-03 9.999770000000000048e-01 5.706630000000000313e-01 -8.211610000000000298e-01 6.207999999999999977e-03 8.211829999999999963e-01 5.706569999999999698e-01 -2.827000000000000086e-03
2.300000000000000000e+01 1.200000000000000000e+01 6.300000000000000000e+01 0.000000000000000000e+00 1.600000000000000089e+00 7.945999999999999938e-03 3.089999999999999756e-04 -9.999679999999999680e-01 -1.545980000000000132e-01 -9.879759999999999653e-01 -1.533999999999999990e-03 -9.879449999999999621e-01 1.546049999999999924e-01 -7.801999999999999907e-03
2.000000000000000000e+00 2.700000000000000000e+01 6.300000000000000000e+01 0.000000000000000000e+00 1.600000000000000089e+00 2.413000000000000214e-03 -2.096999999999999906e-03 9.999949999999999672e-01 -2.730799999999999894e-01 9.619870000000000365e-01 2.675999999999999993e-03 -9.619879999999999542e-01 -2.730859999999999954e-01 1.748999999999999904e-03
9.000000000000000000e+00 2.700000000000000000e+01 6.300000000000000000e+01 0.000000000000000000e+00 1.600000000000000089e+00 5.050000000000000235e-04 5.264999999999999715e-03 9.999860000000000415e-01 -2.696080000000000143e-01 9.629569999999999519e-01 -4.934000000000000018e-03 -9.629699999999999926e-01 -2.696020000000000083e-01 1.905000000000000009e-03
1.500000000000000000e+01 2.700000000000000000e+01 6.300000000000000000e+01 0.000000000000000000e+00 1.600000000000000089e+00 -6.000000000000000152e-05 -1.683000000000000034e-03 9.999989999999999712e-01 -2.723169999999999757e-01 9.622060000000000057e-01 1.603000000000000041e-03 -9.622079999999999522e-01 -2.723169999999999757e-01 -5.159999999999999656e-04
1.900000000000000000e+01 2.700000000000000000e+01 6.300000000000000000e+01 0.000000000000000000e+00 1.600000000000000089e+00 -4.979999999999999618e-04 -2.700000000000000035e-04 1.000000000000000000e+00 -2.743579999999999908e-01 9.616270000000000095e-01 1.230000000000000082e-04 -9.616270000000000095e-01 -2.743579999999999908e-01 -5.529999999999999976e-04
2.300000000000000000e+01 2.700000000000000000e+01 6.300000000000000000e+01 0.000000000000000000e+00 1.600000000000000089e+00 1.879999999999999890e-04 7.529999999999999801e-04 1.000000000000000000e+00 -2.729400000000000159e-01 9.620309999999999695e-01 -6.729999999999999871e-04 -9.620309999999999695e-01 -2.729400000000000159e-01 3.860000000000000041e-04
2.600000000000000000e+01 2.700000000000000000e+01 6.300000000000000000e+01 0.000000000000000000e+00 1.600000000000000089e+00 1.136999999999999990e-03 -1.330000000000000019e-03 9.999980000000000535e-01 -2.714849999999999763e-01 9.624409999999999910e-01 1.588999999999999918e-03 -9.624420000000000197e-01 -2.714860000000000051e-01 7.339999999999999520e-04
4.000000000000000000e+00 2.600000000000000000e+01 6.400000000000000000e+01 0.000000000000000000e+00 1.600000000000000089e+00 2.168999999999999921e-03 1.866999999999999953e-03 9.999959999999999960e-01 -3.529820000000000180e-01 9.356299999999999617e-01 -9.810000000000001011e-04 -9.356280000000000152e-01 -3.529789999999999872e-01 2.688999999999999984e-03
1.000000000000000000e+01 2.600000000000000000e+01 6.400000000000000000e+01 0.000000000000000000e+00 1.600000000000000089e+00 -3.499999999999999964e-04 5.023999999999999820e-03 9.999869999999999592e-01 -3.492219999999999769e-01 9.370279999999999720e-01 -4.830000000000000092e-03 -9.370399999999999840e-01 -3.492190000000000016e-01 1.427000000000000100e-03
1.400000000000000000e+01 2.600000000000000000e+01 6.400000000000000000e+01 0.000000000000000000e+00 1.600000000000000089e+00 7.450000000000000025e-04 5.999999999999999474e-04 1.000000000000000000e+00 -3.517640000000000211e-01 9.360889999999999489e-01 -2.999999999999999737e-04 -9.360880000000000312e-01 -3.517640000000000211e-01 9.089999999999999773e-04
1.900000000000000000e+01 2.600000000000000000e+01 6.400000000000000000e+01 0.000000000000000000e+00 1.600000000000000089e+00 -3.620000000000000171e-04 -6.250000000000000130e-04 1.000000000000000000e+00 -3.539439999999999809e-01 9.352669999999999595e-01 4.569999999999999952e-04 -9.352669999999999595e-01 -3.539430000000000076e-01 -5.599999999999999509e-04
2.300000000000000000e+01 2.600000000000000000e+01 6.400000000000000000e+01 0.000000000000000000e+00 1.600000000000000089e+00 9.500000000000000523e-05 3.299999999999999982e-04 1.000000000000000000e+00 -3.530369999999999897e-01 9.356090000000000240e-01 -2.750000000000000166e-04 -9.356090000000000240e-01 -3.530369999999999897e-01 2.049999999999999956e-04
2.700000000000000000e+01 2.600000000000000000e+01 6.400000000000000000e+01 0.000000000000000000e+00 1.600000000000000089e+00 1.657000000000000053e-03 -8.970000000000000109e-04 9.999980000000000535e-01 -3.510619999999999852e-01 9.363510000000000444e-01 1.422000000000000087e-03 -9.363510000000000444e-01 -3.510639999999999872e-01 1.235999999999999903e-03
2.000000000000000000e+00 6.900000000000000000e+01 6.600000000000000000e+01 0.000000000000000000e+00 1.600000000000000089e+00 -2.511999999999999910e-03 -2.795000000000000175e-03 9.999930000000000208e-01 -9.461969999999999548e-01 3.235890000000000155e-01 -1.472000000000000001e-03 -3.235830000000000095e-01 -9.461939999999999795e-01 -3.457000000000000003e-03
7.000000000000000000e+00 6.900000000000000000e+01 6.600000000000000000e+01 0.000000000000000000e+00 1.600000000000000089e+00 -3.691999999999999969e-03 -1.577999999999999976e-03 9.999919999999999920e-01 -9.495770000000000044e-01 3.135189999999999921e-01 -3.010999999999999788e-03 -3.135120000000000129e-01 -9.495799999999999796e-01 -2.655999999999999941e-03
1.400000000000000000e+01 6.900000000000000000e+01 6.600000000000000000e+01 0.000000000000000000e+00 1.600000000000000089e+00 3.823000000000000009e-03 -5.046000000000000138e-03 9.999799999999999800e-01 -9.504160000000000386e-01 3.109379999999999922e-01 5.202000000000000027e-03 -3.109580000000000122e-01 -9.504169999999999563e-01 -3.606999999999999963e-03
2.500000000000000000e+01 6.900000000000000000e+01 6.600000000000000000e+01 0.000000000000000000e+00 1.600000000000000089e+00 3.072000000000000078e-03 -4.197000000000000210e-03 9.999860000000000415e-01 -9.493660000000000432e-01 3.141430000000000056e-01 4.235000000000000049e-03 -3.141559999999999908e-01 -9.493669999999999609e-01 -3.018999999999999982e-03
