5.000000000000000000e+00 1.600000000000000000e+01 4.000000000000000000e+00 0.000000000000000000e+00 1.600000000000000089e+00 -2.693000000000000081e-03 2.594399999999999831e-02 9.996599999999999930e-01 3.364150000000000196e-01 -9.413730000000000153e-01 2.533799999999999941e-02 9.417100000000000470e-01 3.363689999999999736e-01 -6.192999999999999720e-03
1.200000000000000000e+01 1.600000000000000000e+01 4.000000000000000000e+00 0.000000000000000000e+00 1.600000000000000089e+00 -2.396999999999999825e-03 1.157900000000000075e-02 9.999299999999999855e-01 3.228570000000000051e-01 -9.463749999999999662e-01 1.173199999999999937e-02 9.464449999999999807e-01 3.228619999999999823e-01 -1.469999999999999953e-03
1.900000000000000000e+01 1.600000000000000000e+01 4.000000000000000000e+00 0.000000000000000000e+00 1.600000000000000089e+00 -1.030000000000000100e-03 1.474699999999999969e-02 9.998909999999999743e-01 3.159750000000000059e-01 -9.486599999999999477e-01 1.431699999999999987e-02 9.487670000000000270e-01 3.159549999999999859e-01 -3.681999999999999943e-03
2.500000000000000000e+01 1.600000000000000000e+01 4.000000000000000000e+00 0.000000000000000000e+00 1.600000000000000089e+00 -2.120000000000000031e-04 1.201999999999999943e-03 9.999989999999999712e-01 3.203659999999999841e-01 -9.472930000000000517e-01 1.206999999999999957e-03 9.472939999999999694e-01 3.203659999999999841e-01 -1.849999999999999973e-04
3.000000000000000000e+01 1.600000000000000000e+01 4.000000000000000000e+00 0.000000000000000000e+00 1.600000000000000089e+00 1.221999999999999996e-03 -1.198699999999999939e-02 9.999270000000000103e-01 3.187180000000000013e-01 -9.477769999999999806e-01 -1.175099999999999929e-02 9.478490000000000526e-01 3.187090000000000201e-01 2.661999999999999870e-03
1.600000000000000000e+01 1.010000000000000000e+02 7.000000000000000000e+00 0.000000000000000000e+00 1.600000000000000089e+00 2.079999999999999872e-04 1.655999999999999920e-03 9.999989999999999712e-01 8.899420000000000108e-01 4.560730000000000062e-01 -9.399999999999999719e-04 -4.560739999999999794e-01 8.899409999999999821e-01 -1.379000000000000017e-03
2.200000000000000000e+01 1.010000000000000000e+02 7.000000000000000000e+00 0.000000000000000000e+00 1.600000000000000089e+00 -9.399999999999999448e-05 -2.229999999999999994e-04 1.000000000000000000e+00 8.900259999999999838e-01 4.559110000000000107e-01 1.849999999999999973e-04 -4.559110000000000107e-01 8.900249999999999551e-01 1.550000000000000000e-04
2.000000000000000000e+00 1.500000000000000000e+01 8.000000000000000000e+00 0.000000000000000000e+00 1.600000000000000089e+00 8.843000000000000166e-03 2.524699999999999861e-02 -9.996420000000000305e-01 -5.721509999999999652e-01 -8.197429999999999994e-01 -2.576399999999999871e-02 -8.201009999999999689e-01 5.721739999999999604e-01 7.196000000000000139e-03
5.000000000000000000e+00 1.500000000000000000e+01 8.000000000000000000e+00 0.000000000000000000e+00 1.600000000000000089e+00 1.023800000000000057e-02 2.586899999999999963e-02 -9.996129999999999738e-01 -5.710730000000000528e-01 -8.204519999999999591e-01 -2.708199999999999844e-02 -8.208349999999999813e-01 5.711289999999999978e-01 6.373000000000000193e-03
1.000000000000000000e+01 1.500000000000000000e+01 8.000000000000000000e+00 0.000000000000000000e+00 1.600000000000000089e+00 6.432000000000000217e-03 1.713299999999999892e-02 -9.998329999999999718e-01 -5.677309999999999857e-01 -8.230229999999999491e-01 -1.775499999999999995e-02 -8.231889999999999485e-01 5.677499999999999769e-01 4.433999999999999574e-03
8.000000000000000000e+00 2.600000000000000000e+01 8.000000000000000000e+00 0.000000000000000000e+00 1.600000000000000089e+00 -6.232999999999999825e-03 -1.131700000000000067e-02 -9.999169999999999447e-01 4.226750000000000229e-01 9.061900000000000510e-01 -1.289099999999999968e-02 9.062599999999999545e-01 -4.227199999999999847e-01 -8.649999999999999920e-04
1.200000000000000000e+01 2.600000000000000000e+01 8.000000000000000000e+00 0.000000000000000000e+00 1.600000000000000089e+00 -4.919999999999999894e-03 -1.081099999999999943e-02 -9.999289999999999567e-01 4.235510000000000108e-01 9.057939999999999880e-01 -1.187799999999999967e-02 9.058589999999999698e-01 -4.235800000000000121e-01 1.219999999999999974e-04
1.700000000000000000e+01 2.600000000000000000e+01 8.000000000000000000e+00 0.000000000000000000e+00 1.600000000000000089e+00 -4.899999999999999842e-04 -6.603000000000000362e-03 -9.999780000000000335e-01 4.234669999999999823e-01 9.058910000000000018e-01 -6.189000000000000057e-03 9.059120000000000505e-01 -4.234600000000000031e-01 2.351999999999999924e-03
2.400000000000000000e+01 2.600000000000000000e+01 8.000000000000000000e+00 0.000000000000000000e+00 1.600000000000000089e+00 -2.089000000000000145e-03 6.779999999999999569e-03 -9.999749999999999472e-01 4.232429999999999803e-01 9.060009999999999453e-01 5.258999999999999786e-03 9.060139999999999860e-01 -4.232219999999999871e-01 -4.761999999999999740e-03
2.800000000000000000e+01 2.600000000000000000e+01 8.000000000000000000e+00 0.000000000000000000e+00 1.600000000000000089e+00 -4.900999999999999975e-03 2.848799999999999943e-02 -9.995819999999999705e-01 4.241880000000000095e-01 9.052630000000000399e-01 2.372000000000000150e-02 9.055609999999999493e-01 -4.238939999999999930e-01 -1.652100000000000096e-02
1.000000000000000000e+01 1.400000000000000000e+01 9.000000000000000000e+00 0.000000000000000000e+00 1.600000000000000089e+00 6.588000000000000106e-03 1.943800000000000042e-02 -9.997890000000000388e-01 -5.613479999999999581e-01 -8.273439999999999683e-01 -1.978399999999999950e-02 -8.275540000000000118e-01 5.613599999999999701e-01 5.460999999999999709e-03
1.600000000000000000e+01 1.400000000000000000e+01 9.000000000000000000e+00 0.000000000000000000e+00 1.600000000000000089e+00 4.662999999999999610e-03 1.200400000000000078e-02 -9.999169999999999447e-01 -5.595280000000000253e-01 -8.287170000000000369e-01 -1.255799999999999972e-02 -8.287989999999999524e-01 5.595400000000000373e-01 2.851999999999999934e-03
2.100000000000000000e+01 1.400000000000000000e+01 9.000000000000000000e+00 0.000000000000000000e+00 1.600000000000000089e+00 1.309000000000000051e-03 8.621000000000000191e-03 -9.999620000000000175e-01 -5.574719999999999676e-01 -8.301579999999999515e-01 -7.886999999999999914e-03 -8.301950000000000163e-01 5.574609999999999843e-01 3.719000000000000083e-03
2.400000000000000000e+01 1.400000000000000000e+01 9.000000000000000000e+00 0.000000000000000000e+00 1.600000000000000089e+00 8.649999999999999920e-04 -3.710000000000000190e-04 -1.000000000000000000e+00 -5.568229999999999569e-01 -8.306310000000000082e-01 -1.730000000000000038e-04 -8.306299999999999795e-01 5.568229999999999569e-01 -9.250000000000000409e-04
2.700000000000000000e+01 1.400000000000000000e+01 9.000000000000000000e+00 0.000000000000000000e+00 1.600000000000000089e+00 3.390000000000000001e-04 -1.753000000000000001e-03 -9.999980000000000535e-01 -5.561239999999999517e-01 -8.310980000000000034e-01 1.268999999999999946e-03 -8.310990000000000322e-01 5.561230000000000340e-01 -1.255999999999999955e-03
2.600000000000000000e+01 1.020000000000000000e+02 9.000000000000000000e+00 0.000000000000000000e+00 1.600000000000000089e+00 -1.520000000000000084e-04 1.258999999999999920e-03 9.999989999999999712e-01 9.251059999999999839e-01 3.797090000000000187e-01 -3.370000000000000057e-04 -3.797090000000000187e-01 9.251049999999999551e-01 -1.221999999999999996e-03
2.800000000000000000e+01 1.040000000000000000e+02 1.100000000000000000e+01 0.000000000000000000e+00 1.600000000000000089e+00 -1.533999999999999990e-03 1.079999999999999960e-04 9.999989999999999712e-01 -9.730910000000000393e-01 -2.304150000000000087e-01 -1.467999999999999904e-03 2.304150000000000087e-01 -9.730919999999999570e-01 4.580000000000000195e-04
3.000000000000000000e+00 3.500000000000000000e+01 1.200000000000000000e+01 0.000000000000000000e+00 1.600000000000000089e+00 -1.461999999999999975e-03 -3.987000000000000093e-03 -9.999909999999999632e-01 4.772660000000000236e-01 -8.787549999999999528e-01 2.805999999999999901e-03 -8.787580000000000391e-01 -4.772569999999999868e-01 3.187999999999999862e-03
1.200000000000000000e+01 3.500000000000000000e+01 1.200000000000000000e+01 0.000000000000000000e+00 1.600000000000000089e+00 2.944000000000000002e-03 8.050000000000000515e-04 -9.999949999999999672e-01 4.671339999999999937e-01 -8.841860000000000275e-01 6.629999999999999609e-04 -8.841809999999999947e-01 -4.671339999999999937e-01 -2.978999999999999877e-03
2.000000000000000000e+01 3.200000000000000000e+01 1.400000000000000000e+01 0.000000000000000000e+00 1.600000000000000089e+00 2.262000000000000122e-03 -4.139999999999999800e-04 -9.999970000000000248e-01 1.100890000000000063e-01 9.939219999999999722e-01 -1.620000000000000075e-04 9.939189999999999969e-01 -1.100880000000000053e-01 2.294000000000000032e-03
5.000000000000000000e+00 1.200000000000000000e+01 1.500000000000000000e+01 0.000000000000000000e+00 1.600000000000000089e+00 7.200999999999999936e-03 1.363100000000000075e-02 -9.998810000000000198e-01 -4.680869999999999753e-01 -8.835480000000000000e-01 -1.541599999999999915e-02 -8.836530000000000218e-01 4.681420000000000026e-01 1.800000000000000046e-05
2.100000000000000000e+01 1.200000000000000000e+01 1.500000000000000000e+01 0.000000000000000000e+00 1.600000000000000089e+00 2.567999999999999970e-03 5.460000000000000443e-04 -9.999970000000000248e-01 -4.650349999999999762e-01 -8.852910000000000501e-01 -1.678000000000000021e-03 -8.852879999999999638e-01 4.650380000000000069e-01 -2.020000000000000094e-03
1.500000000000000000e+01 1.160000000000000000e+02 1.600000000000000000e+01 0.000000000000000000e+00 1.600000000000000089e+00 -2.037999999999999881e-03 -3.755000000000000091e-03 9.999909999999999632e-01 6.795639999999999459e-01 7.336049999999999516e-01 4.139999999999999583e-03 -7.336139999999999883e-01 6.795660000000000034e-01 1.056999999999999997e-03
8.000000000000000000e+00 2.000000000000000000e+00 1.900000000000000000e+01 0.000000000000000000e+00 1.600000000000000089e+00 2.890000000000000208e-03 2.161999999999999859e-03 -9.999930000000000208e-01 1.397690000000000043e-01 -9.901830000000000354e-01 -1.735999999999999913e-03 -9.901799999999999491e-01 -1.397629999999999983e-01 -3.164000000000000146e-03
1.900000000000000000e+01 2.000000000000000000e+00 1.900000000000000000e+01 0.000000000000000000e+00 1.600000000000000089e+00 3.322999999999999999e-03 -5.434999999999999727e-03 -9.999799999999999800e-01 1.290620000000000100e-01 -9.916190000000000282e-01 5.818000000000000255e-03 -9.916310000000000402e-01 -1.290789999999999993e-01 -2.592999999999999819e-03
2.300000000000000000e+01 2.000000000000000000e+00 1.900000000000000000e+01 0.000000000000000000e+00 1.600000000000000089e+00 -4.229999999999999819e-04 -1.685999999999999999e-03 -9.999980000000000535e-01 1.258690000000000087e-01 -9.920459999999999834e-01 1.618999999999999996e-03 -9.920470000000000121e-01 -1.258680000000000077e-01 6.319999999999999663e-04
2.900000000000000000e+01 2.000000000000000000e+00 1.900000000000000000e+01 0.000000000000000000e+00 1.600000000000000089e+00 -1.784999999999999911e-03 -1.052999999999999900e-03 -9.999980000000000535e-01 1.319450000000000067e-01 -9.912570000000000547e-01 8.080000000000000160e-04 -9.912549999999999972e-01 -1.319430000000000047e-01 1.907999999999999974e-03
2.000000000000000000e+00 1.300000000000000000e+01 2.000000000000000000e+01 0.000000000000000000e+00 1.600000000000000089e+00 -9.269999999999999811e-04 -5.165999999999999585e-03 9.999860000000000415e-01 2.541720000000000090e-01 9.671450000000000324e-01 5.231999999999999672e-03 -9.671579999999999622e-01 2.541740000000000110e-01 4.169999999999999987e-04
7.000000000000000000e+00 1.300000000000000000e+01 2.000000000000000000e+01 0.000000000000000000e+00 1.600000000000000089e+00 1.711000000000000064e-03 2.770000000000000110e-04 9.999980000000000535e-01 2.520589999999999775e-01 9.677120000000000166e-01 -6.999999999999999929e-04 -9.677099999999999591e-01 2.520600000000000063e-01 1.585999999999999953e-03
1.200000000000000000e+01 1.300000000000000000e+01 2.000000000000000000e+01 0.000000000000000000e+00 1.600000000000000089e+00 2.325999999999999943e-03 4.721000000000000370e-03 9.999860000000000415e-01 2.493750000000000133e-01 9.683929999999999483e-01 -5.152000000000000329e-03 -9.684040000000000425e-01 2.493829999999999936e-01 1.075000000000000001e-03
2.000000000000000000e+01 1.300000000000000000e+01 2.000000000000000000e+01 0.000000000000000000e+00 1.600000000000000089e+00 7.299999999999999903e-05 -5.681000000000000286e-03 9.999839999999999840e-01 2.480900000000000050e-01 9.687219999999999720e-01 5.485000000000000292e-03 -9.687369999999999592e-01 2.480850000000000000e-01 1.480999999999999895e-03
2.600000000000000000e+01 1.300000000000000000e+01 2.000000000000000000e+01 0.000000000000000000e+00 1.600000000000000089e+00 -5.159999999999999656e-04 2.349999999999999930e-04 1.000000000000000000e+00 2.486309999999999909e-01 9.685979999999999590e-01 -1.000000000000000048e-04 -9.685979999999999590e-01 2.486309999999999909e-01 -5.590000000000000351e-04
4.000000000000000000e+00 1.600000000000000000e+01 2.100000000000000000e+01 0.000000000000000000e+00 1.600000000000000089e+00 -4.409999999999999858e-04 -1.992999999999999980e-03 9.999980000000000535e-01 3.023440000000000016e-01 9.531969999999999610e-01 2.033999999999999784e-03 -9.531990000000000185e-01 3.023440000000000016e-01 1.820000000000000057e-04
8.000000000000000000e+00 1.600000000000000000e+01 2.100000000000000000e+01 0.000000000000000000e+00 1.600000000000000089e+00 2.210000000000000159e-03 8.848999999999999228e-03 9.999580000000000135e-01 3.025829999999999909e-01 9.530800000000000383e-01 -9.102999999999999980e-03 -9.531209999999999960e-01 3.025900000000000256e-01 -5.710000000000000015e-04
5.000000000000000000e+00 4.600000000000000000e+01 2.700000000000000000e+01 0.000000000000000000e+00 1.600000000000000089e+00 -2.951000000000000064e-03 -1.332000000000000068e-03 -9.999949999999999672e-01 6.658880000000000354e-01 7.460459999999999869e-01 -2.958999999999999825e-03 7.460459999999999869e-01 -6.658929999999999572e-01 -1.314999999999999980e-03
1.100000000000000000e+01 4.600000000000000000e+01 2.700000000000000000e+01 0.000000000000000000e+00 1.600000000000000089e+00 -3.020000000000000223e-04 5.810000000000000277e-04 -1.000000000000000000e+00 6.627450000000000285e-01 7.488449999999999829e-01 2.349999999999999930e-04 7.488449999999999829e-01 -6.627450000000000285e-01 -6.109999999999999980e-04
1.900000000000000000e+01 4.600000000000000000e+01 2.700000000000000000e+01 0.000000000000000000e+00 1.600000000000000089e+00 7.479999999999999670e-04 1.645999999999999894e-03 -9.999980000000000535e-01 6.698159999999999670e-01 7.425249999999999906e-01 1.722999999999999922e-03 7.425270000000000481e-01 -6.698159999999999670e-01 -5.479999999999999845e-04
2.400000000000000000e+01 4.600000000000000000e+01 2.700000000000000000e+01 0.000000000000000000e+00 1.600000000000000089e+00 -3.020000000000000115e-03 -3.009999999999999980e-04 -9.999949999999999672e-01 6.702909999999999702e-01 7.420949999999999491e-01 -2.247999999999999998e-03 7.420919999999999739e-01 -6.702949999999999742e-01 -2.040000000000000147e-03
4.000000000000000000e+00 4.600000000000000000e+01 3.000000000000000000e+01 0.000000000000000000e+00 1.600000000000000089e+00 -1.954000000000000008e-03 -3.089000000000000166e-03 -9.999930000000000208e-01 3.268590000000000106e-01 9.450659999999999616e-01 -3.557999999999999965e-03 9.450709999999999944e-01 -3.268639999999999879e-01 -8.369999999999999619e-04
7.000000000000000000e+00 4.600000000000000000e+01 3.000000000000000000e+01 0.000000000000000000e+00 1.600000000000000089e+00 -2.916000000000000189e-03 -1.631999999999999987e-03 -9.999940000000000495e-01 3.263730000000000242e-01 9.452380000000000226e-01 -2.494000000000000123e-03 9.452369999999999939e-01 -3.263789999999999747e-01 -2.223999999999999849e-03
2.200000000000000000e+01 4.600000000000000000e+01 3.000000000000000000e+01 0.000000000000000000e+00 1.600000000000000089e+00 -1.134999999999999941e-03 -7.990000000000000140e-04 -9.999989999999999712e-01 3.303519999999999790e-01 9.438569999999999460e-01 -1.129999999999999928e-03 9.438569999999999460e-01 -3.303530000000000078e-01 -8.069999999999999916e-04
1.000000000000000000e+00 5.800000000000000000e+01 3.100000000000000000e+01 0.000000000000000000e+00 1.600000000000000089e+00 9.313000000000000098e-03 2.828999999999999918e-03 9.999529999999999808e-01 -7.600449999999999706e-01 -6.498089999999999700e-01 8.916000000000000314e-03 6.498040000000000482e-01 -7.600919999999999899e-01 -3.902000000000000086e-03
6.000000000000000000e+00 5.800000000000000000e+01 3.100000000000000000e+01 0.000000000000000000e+00 1.600000000000000089e+00 4.190000000000000148e-03 9.272999999999999993e-03 9.999479999999999480e-01 -7.570890000000000120e-01 -6.532470000000000221e-01 9.230000000000000357e-03 6.532989999999999631e-01 -7.570879999999999832e-01 4.283999999999999614e-03
1.100000000000000000e+01 5.800000000000000000e+01 3.100000000000000000e+01 0.000000000000000000e+00 1.600000000000000089e+00 -4.836000000000000021e-03 -3.664999999999999855e-03 9.999820000000000375e-01 -7.623210000000000264e-01 -6.471710000000000518e-01 -6.058000000000000017e-03 6.471810000000000063e-01 -7.623360000000000136e-01 3.359999999999999814e-04
1.400000000000000000e+01 5.800000000000000000e+01 3.100000000000000000e+01 0.000000000000000000e+00 1.600000000000000089e+00 -2.906999999999999862e-03 -9.539999999999999869e-04 9.999949999999999672e-01 -7.645690000000000541e-01 -6.445359999999999978e-01 -2.837000000000000112e-03 6.445349999999999691e-01 -7.645739999999999759e-01 1.144000000000000052e-03
2.200000000000000000e+01 5.800000000000000000e+01 3.100000000000000000e+01 0.000000000000000000e+00 1.600000000000000089e+00 2.909000000000000127e-03 -1.087000000000000076e-03 9.999949999999999672e-01 -7.603229999999999711e-01 -6.495429999999999815e-01 1.505999999999999960e-03 6.495379999999999487e-01 -7.603239999999999998e-01 -2.716000000000000098e-03
2.600000000000000000e+01 5.800000000000000000e+01 3.100000000000000000e+01 0.000000000000000000e+00 1.600000000000000089e+00 2.367000000000000180e-03 -1.369999999999999961e-04 9.999970000000000248e-01 -7.590799999999999770e-01 -6.509949999999999903e-01 1.708000000000000100e-03 6.509930000000000438e-01 -7.590820000000000345e-01 -1.644999999999999978e-03
5.000000000000000000e+00 6.000000000000000000e+00 3.200000000000000000e+01 0.000000000000000000e+00 1.600000000000000089e+00 3.023000000000000079e-03 -1.518000000000000035e-03 -9.999940000000000495e-01 2.038699999999999957e-01 9.789980000000000349e-01 -8.700000000000000051e-04 9.789930000000000021e-01 -2.038659999999999917e-01 3.269000000000000204e-03
1.400000000000000000e+01 6.000000000000000000e+00 3.200000000000000000e+01 0.000000000000000000e+00 1.600000000000000089e+00 -1.776000000000000018e-03 6.030000000000000204e-04 -9.999980000000000535e-01 2.200910000000000089e-01 9.754789999999999850e-01 1.969999999999999909e-04 9.754779999999999562e-01 -2.200900000000000079e-01 -1.866000000000000037e-03
2.200000000000000000e+01 6.000000000000000000e+00 3.200000000000000000e+01 0.000000000000000000e+00 1.600000000000000089e+00 2.066999999999999827e-03 -2.446999999999999956e-03 -9.999949999999999672e-01 2.435019999999999962e-01 9.698989999999999556e-01 -1.869999999999999917e-03 9.698980000000000379e-01 -2.434969999999999912e-01 2.601000000000000013e-03
2.500000000000000000e+01 6.000000000000000000e+00 3.200000000000000000e+01 0.000000000000000000e+00 1.600000000000000089e+00 9.420000000000000205e-04 -1.583999999999999905e-03 -9.999980000000000535e-01 2.430380000000000040e-01 9.700159999999999894e-01 -1.307000000000000002e-03 9.700159999999999894e-01 -2.430370000000000030e-01 1.299000000000000024e-03
2.600000000000000000e+01 2.200000000000000000e+01 3.400000000000000000e+01 0.000000000000000000e+00 1.600000000000000089e+00 5.910000000000000539e-04 -1.505000000000000044e-03 9.999989999999999712e-01 3.794779999999999820e-01 -9.251989999999999936e-01 -1.616999999999999948e-03 9.252010000000000511e-01 3.794790000000000108e-01 2.500000000000000120e-05
8.000000000000000000e+00 4.600000000000000000e+01 3.500000000000000000e+01 0.000000000000000000e+00 1.600000000000000089e+00 2.020000000000000094e-03 -1.142000000000000003e-03 -9.999970000000000248e-01 3.865049999999999875e-01 -9.222850000000000215e-01 1.833999999999999910e-03 -9.222850000000000215e-01 -3.865080000000000182e-01 -1.422000000000000087e-03
1.300000000000000000e+01 4.600000000000000000e+01 3.500000000000000000e+01 0.000000000000000000e+00 1.600000000000000089e+00 6.300000000000000261e-04 -3.976000000000000367e-03 -9.999919999999999920e-01 3.853820000000000023e-01 -9.227490000000000414e-01 3.911000000000000414e-03 -9.227570000000000494e-01 -3.853809999999999736e-01 9.510000000000000224e-04
1.700000000000000000e+01 4.600000000000000000e+01 3.500000000000000000e+01 0.000000000000000000e+00 1.600000000000000089e+00 -4.850000000000000253e-04 1.038000000000000077e-03 -9.999989999999999712e-01 3.857220000000000093e-01 -9.226149999999999629e-01 -1.144999999999999967e-03 -9.226149999999999629e-01 -3.857220000000000093e-01 4.699999999999999724e-05
1.900000000000000000e+01 4.600000000000000000e+01 3.500000000000000000e+01 0.000000000000000000e+00 1.600000000000000089e+00 -2.269999999999999882e-04 -1.990000000000000124e-04 -1.000000000000000000e+00 3.857400000000000273e-01 -9.226069999999999549e-01 9.600000000000000243e-05 -9.226069999999999549e-01 -3.857400000000000273e-01 2.860000000000000129e-04
2.400000000000000000e+01 4.600000000000000000e+01 3.500000000000000000e+01 0.000000000000000000e+00 1.600000000000000089e+00 -1.580000000000000024e-03 4.923000000000000292e-03 -9.999869999999999592e-01 3.858170000000000210e-01 -9.225609999999999644e-01 -5.151000000000000197e-03 -9.225740000000000052e-01 -3.858199999999999963e-01 -4.409999999999999858e-04
1.000000000000000000e+00 9.500000000000000000e+01 3.600000000000000000e+01 0.000000000000000000e+00 1.600000000000000089e+00 1.134999999999999941e-03 4.675599999999999895e-02 9.989059999999999606e-01 9.967219999999999969e-01 8.075300000000000533e-02 -4.911999999999999700e-03 -8.089499999999999469e-02 9.956369999999999942e-01 -4.651199999999999779e-02
6.000000000000000000e+00 9.500000000000000000e+01 3.600000000000000000e+01 0.000000000000000000e+00 1.600000000000000089e+00 1.691999999999999928e-03 2.774000000000000077e-02 9.996140000000000025e-01 9.970240000000000213e-01 7.699100000000000388e-02 -3.824000000000000142e-03 -7.706699999999999662e-02 9.966460000000000319e-01 -2.752699999999999939e-02
1.200000000000000000e+01 9.500000000000000000e+01 3.600000000000000000e+01 0.000000000000000000e+00 1.600000000000000089e+00 2.939999999999999905e-03 -2.180899999999999853e-02 9.997580000000000355e-01 9.965089999999999781e-01 8.348400000000000265e-02 -1.108999999999999960e-03 -8.343899999999999928e-02 9.962699999999999889e-01 2.197800000000000101e-02
1.600000000000000000e+01 9.500000000000000000e+01 3.600000000000000000e+01 0.000000000000000000e+00 1.600000000000000089e+00 6.520000000000000188e-04 -1.125699999999999965e-02 9.999360000000000470e-01 9.960130000000000372e-01 8.920300000000000451e-02 3.550000000000000096e-04 -8.920100000000000251e-02 9.959500000000000020e-01 1.127000000000000050e-02
2.100000000000000000e+01 9.500000000000000000e+01 3.600000000000000000e+01 0.000000000000000000e+00 1.600000000000000089e+00 2.105000000000000100e-03 6.791000000000000161e-03 9.999749999999999472e-01 9.962060000000000359e-01 8.698000000000000176e-02 -2.687999999999999851e-03 -8.699600000000000388e-02 9.961870000000000447e-01 -6.582000000000000177e-03
2.500000000000000000e+01 9.500000000000000000e+01 3.600000000000000000e+01 0.000000000000000000e+00 1.600000000000000089e+00 -4.734999999999999626e-03 2.827000000000000086e-03 9.999850000000000128e-01 9.961750000000000327e-01 8.726899999999999935e-02 4.471000000000000148e-03 -8.725499999999999923e-02 9.961809999999999832e-01 -3.229000000000000099e-03
1.000000000000000000e+01 3.000000000000000000e+00 4.300000000000000000e+01 0.000000000000000000e+00 1.600000000000000089e+00 7.669999999999999735e-03 3.709699999999999803e-02 -9.992820000000000036e-01 7.425230000000000441e-01 -6.695459999999999745e-01 -1.915700000000000042e-02 -6.697760000000000380e-01 -7.418430000000000302e-01 -3.268100000000000172e-02
1.400000000000000000e+01 3.000000000000000000e+00 4.300000000000000000e+01 0.000000000000000000e+00 1.600000000000000089e+00 8.776000000000000814e-03 4.731099999999999889e-02 -9.988420000000000076e-01 7.405030000000000223e-01 -6.715769999999999795e-01 -2.530299999999999910e-02 -6.719960000000000377e-01 -7.394230000000000524e-01 -4.092799999999999910e-02
1.900000000000000000e+01 3.000000000000000000e+00 4.300000000000000000e+01 0.000000000000000000e+00 1.600000000000000089e+00 4.082999999999999824e-03 4.005600000000000133e-02 -9.991889999999999938e-01 7.354129999999999834e-01 -6.771890000000000409e-01 -2.414300000000000126e-02 -6.776069999999999593e-01 -7.347179999999999822e-01 -3.222200000000000064e-02
2.400000000000000000e+01 3.000000000000000000e+00 4.300000000000000000e+01 0.000000000000000000e+00 1.600000000000000089e+00 1.806000000000000097e-03 6.372000000000000060e-03 -9.999780000000000335e-01 7.373030000000000417e-01 -6.755560000000000453e-01 -2.972999999999999948e-03 -6.755600000000000493e-01 -7.372809999999999642e-01 -5.917999999999999650e-03
2.900000000000000000e+01 3.000000000000000000e+00 4.300000000000000000e+01 0.000000000000000000e+00 1.600000000000000089e+00 -4.126000000000000327e-03 8.970999999999999808e-03 -9.999510000000000343e-01 7.389010000000000300e-01 -6.737520000000000175e-01 -9.093000000000000388e-03 -6.738009999999999833e-01 -7.389029999999999765e-01 -3.848999999999999991e-03
3.000000000000000000e+00 8.000000000000000000e+00 4.400000000000000000e+01 0.000000000000000000e+00 1.600000000000000089e+00 -1.384000000000000031e-03 8.109999999999999805e-04 9.999989999999999712e-01 -7.627019999999999911e-01 -6.467500000000000471e-01 -5.310000000000000050e-04 6.467479999999999896e-01 -7.627019999999999911e-01 1.513000000000000022e-03
9.000000000000000000e+00 8.000000000000000000e+00 4.400000000000000000e+01 0.000000000000000000e+00 1.600000000000000089e+00 1.079999999999999960e-04 7.480999999999999803e-03 9.999719999999999720e-01 -7.705910000000000259e-01 -6.373109999999999609e-01 4.851000000000000277e-03 6.373299999999999521e-01 -7.705699999999999772e-01 5.695999999999999674e-03
2.100000000000000000e+01 8.000000000000000000e+00 4.400000000000000000e+01 0.000000000000000000e+00 1.600000000000000089e+00 3.033999999999999805e-03 1.145299999999999964e-02 9.999299999999999855e-01 -7.717140000000000111e-01 -6.358970000000000455e-01 9.624999999999999875e-03 6.359629999999999450e-01 -7.716889999999999583e-01 6.910000000000000343e-03
2.500000000000000000e+01 8.000000000000000000e+00 4.400000000000000000e+01 0.000000000000000000e+00 1.600000000000000089e+00 1.294999999999999927e-03 5.531000000000000326e-03 9.999839999999999840e-01 -7.730139999999999789e-01 -6.343729999999999647e-01 4.510000000000000120e-03 6.343879999999999519e-01 -7.730069999999999997e-01 3.454000000000000039e-03
4.000000000000000000e+00 2.900000000000000000e+01 4.400000000000000000e+01 0.000000000000000000e+00 1.600000000000000089e+00 1.433999999999999945e-03 2.377999999999999906e-03 -9.999959999999999960e-01 6.775060000000000526e-01 7.355129999999999724e-01 2.720999999999999894e-03 7.355159999999999476e-01 -6.775069999999999704e-01 -5.559999999999999621e-04
9.000000000000000000e+00 2.900000000000000000e+01 4.400000000000000000e+01 0.000000000000000000e+00 1.600000000000000089e+00 1.397999999999999937e-03 -2.279999999999999909e-03 -9.999959999999999960e-01 6.831939999999999680e-01 7.302359999999999962e-01 -7.100000000000000191e-04 7.302349999999999675e-01 -6.831909999999999927e-01 2.577999999999999996e-03
1.800000000000000000e+01 2.900000000000000000e+01 4.400000000000000000e+01 0.000000000000000000e+00 1.600000000000000089e+00 9.899999999999999404e-05 2.240999999999999936e-03 -9.999970000000000248e-01 6.725740000000000052e-01 7.400280000000000191e-01 1.724999999999999971e-03 7.400299999999999656e-01 -6.725729999999999764e-01 -1.433999999999999945e-03
2.500000000000000000e+01 2.900000000000000000e+01 4.400000000000000000e+01 0.000000000000000000e+00 1.600000000000000089e+00 -9.110000000000000259e-04 2.139999999999999975e-03 -9.999970000000000248e-01 6.573200000000000154e-01 7.536110000000000309e-01 1.013999999999999927e-03 7.536110000000000309e-01 -6.573170000000000401e-01 -2.093999999999999941e-03
2.800000000000000000e+01 2.900000000000000000e+01 4.400000000000000000e+01 0.000000000000000000e+00 1.600000000000000089e+00 -1.319999999999999993e-03 -1.436999999999999909e-03 -9.999980000000000535e-01 6.556910000000000238e-01 7.550270000000000037e-01 -1.951000000000000043e-03 7.550280000000000324e-01 -6.556920000000000526e-01 -5.399999999999999798e-05
1.700000000000000000e+01 5.400000000000000000e+01 4.600000000000000000e+01 0.000000000000000000e+00 1.600000000000000089e+00 3.259999999999999877e-03 4.920000000000000328e-04 9.999949999999999672e-01 3.209299999999999931e-01 -9.471030000000000282e-01 -5.800000000000000034e-04 9.470969999999999667e-01 3.209299999999999931e-01 -3.245000000000000055e-03
2.400000000000000000e+01 5.400000000000000000e+01 4.600000000000000000e+01 0.000000000000000000e+00 1.600000000000000089e+00 1.030000000000000100e-03 -3.399999999999999811e-03 9.999940000000000495e-01 3.572370000000000267e-01 -9.340070000000000316e-01 -3.543000000000000142e-03 9.340129999999999821e-01 3.572389999999999732e-01 2.530000000000000239e-04
2.000000000000000000e+00 6.500000000000000000e+01 4.600000000000000000e+01 0.000000000000000000e+00 1.600000000000000089e+00 4.222000000000000058e-03 -3.853000000000000088e-03 9.999839999999999840e-01 6.823259999999999881e-01 -7.310250000000000359e-01 -5.697999999999999940e-03 7.310349999999999904e-01 6.823390000000000288e-01 -4.580000000000000195e-04
1.100000000000000000e+01 6.500000000000000000e+01 4.600000000000000000e+01 0.000000000000000000e+00 1.600000000000000089e+00 1.955999999999999839e-03 -1.219999999999999974e-04 9.999980000000000535e-01 6.808300000000000463e-01 -7.324410000000000087e-01 -1.420999999999999954e-03 7.324389999999999512e-01 6.808309999999999640e-01 -1.350000000000000071e-03
2.600000000000000000e+01 6.500000000000000000e+01 4.600000000000000000e+01 0.000000000000000000e+00 1.600000000000000089e+00 -2.789999999999999945e-03 4.076999999999999895e-03 9.999879999999999880e-01 6.813850000000000184e-01 -7.319090000000000318e-01 4.884999999999999586e-03 7.319200000000000150e-01 6.813900000000000512e-01 -7.360000000000000006e-04
2.000000000000000000e+00 7.000000000000000000e+01 4.700000000000000000e+01 0.000000000000000000e+00 1.600000000000000089e+00 -2.350999999999999791e-03 -1.660999999999999933e-03 -9.999959999999999960e-01 -8.418510000000000160e-01 -5.397020000000000151e-01 2.876000000000000084e-03 -5.397049999999999903e-01 8.418539999999999912e-01 -1.299999999999999886e-04
2.100000000000000000e+01 5.000000000000000000e+00 5.100000000000000000e+01 0.000000000000000000e+00 1.600000000000000089e+00 3.373999999999999829e-03 1.114000000000000060e-02 -9.999320000000000430e-01 4.901780000000000026e-01 -8.715850000000000541e-01 -8.056000000000000660e-03 -8.716159999999999464e-01 -4.901170000000000249e-01 -8.401999999999999746e-03
7.000000000000000000e+00 1.150000000000000000e+02 5.100000000000000000e+01 0.000000000000000000e+00 1.600000000000000089e+00 -2.357000000000000154e-03 -6.455999999999999933e-03 9.999759999999999760e-01 8.420950000000000379e-01 -5.393270000000000008e-01 -1.497999999999999983e-03 5.393240000000000256e-01 8.420720000000000427e-01 6.708000000000000421e-03
2.000000000000000000e+00 1.500000000000000000e+01 5.300000000000000000e+01 0.000000000000000000e+00 1.600000000000000089e+00 -3.044999999999999964e-03 8.864000000000000351e-03 -9.999559999999999560e-01 6.743390000000000217e-01 7.384089999999999820e-01 4.492000000000000333e-03 7.384159999999999613e-01 -6.742949999999999777e-01 -8.226000000000000673e-03
3.000000000000000000e+00 6.300000000000000000e+01 5.400000000000000000e+01 0.000000000000000000e+00 1.600000000000000089e+00 9.160000000000000390e-04 5.330000000000000536e-04 9.999989999999999712e-01 -3.550849999999999840e-01 9.348340000000000538e-01 -1.730000000000000038e-04 -9.348340000000000538e-01 -3.550840000000000107e-01 1.044999999999999922e-03
8.000000000000000000e+00 6.300000000000000000e+01 5.400000000000000000e+01 0.000000000000000000e+00 1.600000000000000089e+00 -1.469999999999999953e-04 2.021999999999999926e-03 9.999980000000000535e-01 -3.543450000000000211e-01 9.351129999999999720e-01 -1.943000000000000066e-03 -9.351150000000000295e-01 -3.543450000000000211e-01 5.789999999999999791e-04
1.500000000000000000e+01 6.300000000000000000e+01 5.400000000000000000e+01 0.000000000000000000e+00 1.600000000000000089e+00 2.900000000000000017e-05 2.520000000000000104e-03 9.999970000000000248e-01 -3.468470000000000164e-01 9.379189999999999472e-01 -2.354000000000000190e-03 -9.379220000000000335e-01 -3.468459999999999877e-01 9.020000000000000240e-04
2.000000000000000000e+01 6.300000000000000000e+01 5.400000000000000000e+01 0.000000000000000000e+00 1.600000000000000089e+00 -1.360000000000000098e-03 -2.660000000000000146e-04 9.999989999999999712e-01 -3.420619999999999772e-01 9.396769999999999845e-01 -2.149999999999999947e-04 -9.396759999999999557e-01 -3.420619999999999772e-01 -1.368999999999999991e-03
2.500000000000000000e+01 6.300000000000000000e+01 5.400000000000000000e+01 0.000000000000000000e+00 1.600000000000000089e+00 4.719999999999999803e-04 -1.005999999999999950e-03 9.999989999999999712e-01 -3.432209999999999983e-01 9.392540000000000333e-01 1.106999999999999911e-03 -9.392549999999999510e-01 -3.432209999999999983e-01 9.799999999999999684e-05
2.000000000000000000e+00 2.500000000000000000e+01 5.500000000000000000e+01 0.000000000000000000e+00 1.600000000000000089e+00 2.681999999999999922e-03 -1.289999999999999914e-03 -9.999959999999999960e-01 -1.108999999999999916e-02 -9.999379999999999935e-01 1.260000000000000052e-03 -9.999350000000000183e-01 1.108600000000000037e-02 -2.696000000000000046e-03
7.000000000000000000e+00 2.500000000000000000e+01 5.500000000000000000e+01 0.000000000000000000e+00 1.600000000000000089e+00 1.737000000000000046e-03 2.183000000000000045e-03 -9.999959999999999960e-01 -8.852999999999999758e-03 -9.999580000000000135e-01 -2.197999999999999867e-03 -9.999590000000000423e-01 8.857000000000000289e-03 -1.716999999999999993e-03
1.900000000000000000e+01 2.500000000000000000e+01 5.500000000000000000e+01 0.000000000000000000e+00 1.600000000000000089e+00 -1.105000000000000079e-03 -2.681999999999999922e-03 -9.999959999999999960e-01 -9.525999999999999746e-03 -9.999510000000000343e-01 2.691999999999999948e-03 -9.999540000000000095e-01 9.528999999999999276e-03 1.079000000000000098e-03
2.200000000000000000e+01 2.500000000000000000e+01 5.500000000000000000e+01 0.000000000000000000e+00 1.600000000000000089e+00 -3.060000000000000111e-04 7.089999999999999948e-04 -1.000000000000000000e+00 -9.811999999999999542e-03 -9.999519999999999520e-01 -7.060000000000000303e-04 -9.999519999999999520e-01 9.811999999999999542e-03 3.130000000000000187e-04
2.700000000000000000e+01 2.500000000000000000e+01 5.500000000000000000e+01 0.000000000000000000e+00 1.600000000000000089e+00 1.116999999999999937e-03 1.600999999999999993e-03 -9.999980000000000535e-01 -9.835999999999999258e-03 -9.999500000000000055e-01 -1.611999999999999935e-03 -9.999510000000000343e-01 9.837999999999999523e-03 -1.100999999999999982e-03
3.000000000000000000e+00 7.000000000000000000e+00 6.000000000000000000e+01 0.000000000000000000e+00 1.600000000000000089e+00 1.075000000000000001e-03 1.893500000000000044e-02 9.998200000000000420e-01 5.719119999999999759e-01 -8.201789999999999914e-01 1.491800000000000070e-02 8.203139999999999876e-01 5.717929999999999957e-01 -1.171099999999999919e-02
1.100000000000000000e+01 7.000000000000000000e+00 6.000000000000000000e+01 0.000000000000000000e+00 1.600000000000000089e+00 -2.301999999999999793e-03 -1.054800000000000008e-02 9.999419999999999975e-01 5.695360000000000422e-01 -8.219330000000000247e-01 -7.359000000000000090e-03 8.219629999999999992e-01 5.694860000000000477e-01 7.898999999999999772e-03
2.600000000000000000e+01 7.000000000000000000e+00 6.000000000000000000e+01 0.000000000000000000e+00 1.600000000000000089e+00 1.793000000000000106e-03 7.114999999999999797e-03 9.999730000000000008e-01 5.665240000000000276e-01 -8.240309999999999580e-01 4.846999999999999746e-03 8.240429999999999700e-01 5.665000000000000036e-01 -5.509000000000000008e-03
8.000000000000000000e+00 2.100000000000000000e+01 6.000000000000000000e+01 0.000000000000000000e+00 1.600000000000000089e+00 1.000999999999999937e-03 8.396000000000000685e-03 9.999639999999999640e-01 -9.472200000000000064e-02 9.954690000000000483e-01 -8.264000000000000512e-03 -9.955030000000000268e-01 -9.471000000000000252e-02 1.791999999999999973e-03
1.100000000000000000e+01 2.100000000000000000e+01 6.000000000000000000e+01 0.000000000000000000e+00 1.600000000000000089e+00 2.503000000000000017e-03 2.075000000000000022e-03 9.999949999999999672e-01 -9.478300000000000614e-02 9.954960000000000475e-01 -1.828999999999999897e-03 -9.954950000000000188e-01 -9.477800000000000114e-02 2.687999999999999851e-03
1.500000000000000000e+01 2.100000000000000000e+01 6.000000000000000000e+01 0.000000000000000000e+00 1.600000000000000089e+00 2.811999999999999830e-03 2.945999999999999834e-03 9.999919999999999920e-01 -9.590400000000000313e-02 9.953870000000000218e-01 -2.663000000000000003e-03 -9.953870000000000218e-01 -9.589599999999999513e-02 3.082000000000000104e-03
1.800000000000000000e+01 2.100000000000000000e+01 6.000000000000000000e+01 0.000000000000000000e+00 1.600000000000000089e+00 2.308000000000000156e-03 7.611999999999999843e-03 9.999679999999999680e-01 -9.714000000000000412e-02 9.952440000000000175e-01 -7.352000000000000028e-03 -9.952680000000000415e-01 -9.711999999999999800e-02 3.037000000000000203e-03
5.000000000000000000e+00 6.000000000000000000e+00 6.100000000000000000e+01 0.000000000000000000e+00 1.600000000000000089e+00 -4.670000000000000214e-04 1.426499999999999990e-02 9.998979999999999535e-01 5.627760000000000540e-01 -8.265219999999999789e-01 1.205400000000000048e-02 8.266090000000000382e-01 5.627240000000000020e-01 -7.642000000000000355e-03
2.500000000000000000e+01 6.000000000000000000e+00 6.100000000000000000e+01 0.000000000000000000e+00 1.600000000000000089e+00 5.310000000000000050e-04 2.216999999999999787e-03 9.999970000000000248e-01 5.589579999999999549e-01 -8.291950000000000154e-01 1.541999999999999968e-03 8.291960000000000441e-01 5.589549999999999796e-01 -1.680000000000000070e-03
4.000000000000000000e+00 2.700000000000000000e+01 6.300000000000000000e+01 0.000000000000000000e+00 1.600000000000000089e+00 -1.164000000000000104e-03 3.073999999999999910e-03 9.999949999999999672e-01 -2.726210000000000022e-01 9.621159999999999712e-01 -3.275000000000000133e-03 -9.621210000000000040e-01 -2.726239999999999775e-01 -2.820000000000000241e-04
9.000000000000000000e+00 2.700000000000000000e+01 6.300000000000000000e+01 0.000000000000000000e+00 1.600000000000000089e+00 1.513999999999999938e-03 4.373000000000000151e-03 9.999890000000000168e-01 -2.734059999999999824e-01 9.618910000000000515e-01 -3.791999999999999798e-03 -9.618980000000000308e-01 -2.733970000000000011e-01 2.651999999999999844e-03
