6.000000000000000000e+00 1.500000000000000000e+01 4.000000000000000000e+00 0.000000000000000000e+00 1.600000000000000089e+00 -5.669999999999999693e-03 9.154000000000000678e-03 9.999419999999999975e-01 2.953999999999999959e-01 -9.553169999999999717e-01 1.042000000000000044e-02 9.553570000000000118e-01 2.954419999999999824e-01 2.713000000000000134e-03
9.000000000000000000e+00 1.500000000000000000e+01 4.000000000000000000e+00 0.000000000000000000e+00 1.600000000000000089e+00 -4.464000000000000086e-03 8.274999999999999370e-03 9.999559999999999560e-01 2.897770000000000068e-01 -9.570499999999999563e-01 9.213999999999999968e-03 9.570840000000000458e-01 2.898049999999999793e-01 1.874000000000000015e-03
1.100000000000000000e+01 1.600000000000000000e+01 4.000000000000000000e+00 0.000000000000000000e+00 1.600000000000000089e+00 -4.093000000000000284e-03 1.425799999999999984e-02 9.998899999999999455e-01 3.499180000000000068e-01 -9.366640000000000521e-01 1.478900000000000006e-02 9.367720000000000491e-01 3.499399999999999733e-01 -1.154999999999999994e-03
1.900000000000000000e+01 1.600000000000000000e+01 4.000000000000000000e+00 0.000000000000000000e+00 1.600000000000000089e+00 -3.383999999999999855e-03 2.837599999999999845e-02 9.995920000000000361e-01 3.390070000000000028e-01 -9.403719999999999857e-01 2.784299999999999969e-02 9.407780000000000031e-01 3.389619999999999855e-01 -6.437000000000000013e-03
2.200000000000000000e+01 1.600000000000000000e+01 4.000000000000000000e+00 0.000000000000000000e+00 1.600000000000000089e+00 -1.448999999999999984e-03 3.093699999999999922e-02 9.995199999999999640e-01 3.373860000000000192e-01 -9.409009999999999874e-01 2.961199999999999943e-02 9.413650000000000073e-01 3.372669999999999835e-01 -9.074999999999999734e-03
2.600000000000000000e+01 1.600000000000000000e+01 4.000000000000000000e+00 0.000000000000000000e+00 1.600000000000000089e+00 -2.552000000000000015e-03 2.710699999999999915e-02 9.996289999999999898e-01 3.369260000000000033e-01 -9.411610000000000253e-01 2.638199999999999920e-02 9.415270000000000028e-01 3.368689999999999740e-01 -6.732000000000000137e-03
1.500000000000000000e+01 1.010000000000000000e+02 7.000000000000000000e+00 0.000000000000000000e+00 1.600000000000000089e+00 2.292000000000000200e-03 6.534500000000000031e-02 9.978599999999999692e-01 8.879209999999999603e-01 4.588749999999999774e-01 -3.208899999999999947e-02 -4.599900000000000100e-01 8.860949999999999660e-01 -5.696899999999999881e-02
2.200000000000000000e+01 1.010000000000000000e+02 7.000000000000000000e+00 0.000000000000000000e+00 1.600000000000000089e+00 1.610000000000000103e-04 1.828799999999999870e-02 9.998329999999999718e-01 8.874279999999999946e-01 4.608670000000000266e-01 -8.573000000000000759e-03 -4.609469999999999956e-01 8.872809999999999864e-01 -1.615499999999999922e-02
3.000000000000000000e+00 1.500000000000000000e+01 8.000000000000000000e+00 0.000000000000000000e+00 1.600000000000000089e+00 8.061000000000000457e-03 1.611599999999999838e-02 -9.998380000000000045e-01 -5.856890000000000152e-01 -8.103409999999999780e-01 -1.778400000000000120e-02 -8.104959999999999942e-01 5.857369999999999521e-01 2.906999999999999862e-03
8.000000000000000000e+00 1.500000000000000000e+01 8.000000000000000000e+00 0.000000000000000000e+00 1.600000000000000089e+00 9.143000000000000085e-03 9.079000000000000264e-03 -9.999169999999999447e-01 -5.824690000000000145e-01 -8.127539999999999765e-01 -1.270600000000000028e-02 -8.128009999999999957e-01 5.825369999999999715e-01 -2.142999999999999940e-03
1.200000000000000000e+01 1.500000000000000000e+01 8.000000000000000000e+00 0.000000000000000000e+00 1.600000000000000089e+00 9.785999999999999560e-03 1.683300000000000074e-02 -9.998099999999999765e-01 -5.799940000000000095e-01 -8.143899999999999473e-01 -1.938799999999999898e-02 -8.145620000000000083e-01 5.800739999999999785e-01 1.793000000000000106e-03
1.400000000000000000e+01 1.500000000000000000e+01 8.000000000000000000e+00 0.000000000000000000e+00 1.600000000000000089e+00 1.092300000000000042e-02 1.895399999999999863e-02 -9.997610000000000108e-01 -5.786639999999999562e-01 -8.152749999999999719e-01 -2.177899999999999975e-02 -8.154930000000000234e-01 5.787630000000000274e-01 2.063000000000000164e-03
2.100000000000000000e+01 1.500000000000000000e+01 8.000000000000000000e+00 0.000000000000000000e+00 1.600000000000000089e+00 9.931000000000000591e-03 2.637700000000000114e-02 -9.996030000000000193e-01 -5.736329999999999485e-01 -8.186569999999999681e-01 -2.730199999999999988e-02 -8.190520000000000023e-01 5.736759999999999637e-01 7.001000000000000278e-03
2.600000000000000000e+01 1.500000000000000000e+01 8.000000000000000000e+00 0.000000000000000000e+00 1.600000000000000089e+00 1.054100000000000002e-02 2.636200000000000002e-02 -9.995969999999999578e-01 -5.712479999999999780e-01 -8.203110000000000124e-01 -2.765700000000000103e-02 -8.207100000000000506e-01 5.713089999999999558e-01 6.412000000000000165e-03
9.000000000000000000e+00 2.600000000000000000e+01 8.000000000000000000e+00 0.000000000000000000e+00 1.600000000000000089e+00 -8.649000000000000438e-03 -1.461499999999999952e-02 -9.998559999999999670e-01 4.046919999999999962e-01 9.142970000000000264e-01 -1.686500000000000152e-02 9.144120000000000026e-01 -4.047799999999999732e-01 -1.992999999999999980e-03
1.500000000000000000e+01 2.600000000000000000e+01 8.000000000000000000e+00 0.000000000000000000e+00 1.600000000000000089e+00 -6.570000000000000319e-03 -1.523399999999999928e-02 -9.998620000000000285e-01 4.110179999999999945e-01 9.114759999999999529e-01 -1.658799999999999858e-02 9.116039999999999699e-01 -4.110710000000000197e-01 2.730000000000000222e-04
2.000000000000000000e+01 2.600000000000000000e+01 8.000000000000000000e+00 0.000000000000000000e+00 1.600000000000000089e+00 -7.773000000000000395e-03 -2.994700000000000140e-02 -9.995209999999999928e-01 4.156690000000000107e-01 9.090049999999999519e-01 -3.046799999999999856e-02 9.094830000000000414e-01 -4.157069999999999932e-01 5.381999999999999632e-03
2.900000000000000000e+01 2.600000000000000000e+01 8.000000000000000000e+00 0.000000000000000000e+00 1.600000000000000089e+00 -6.080000000000000335e-03 -9.632999999999999202e-03 -9.999350000000000183e-01 4.223459999999999992e-01 9.063639999999999475e-01 -1.129999999999999928e-02 9.064140000000000530e-01 -4.223879999999999857e-01 -1.441999999999999922e-03
3.000000000000000000e+00 2.400000000000000000e+01 9.000000000000000000e+00 0.000000000000000000e+00 1.600000000000000089e+00 -5.488999999999999956e-03 -1.630699999999999858e-02 -9.998519999999999630e-01 4.575259999999999883e-01 8.890339999999999909e-01 -1.701199999999999934e-02 8.891799999999999704e-01 -4.575509999999999855e-01 2.580999999999999961e-03
1.300000000000000000e+01 2.400000000000000000e+01 9.000000000000000000e+00 0.000000000000000000e+00 1.600000000000000089e+00 -7.786999999999999651e-03 -1.407399999999999970e-02 -9.998709999999999543e-01 4.641609999999999903e-01 8.856049999999999756e-01 -1.608000000000000054e-02 8.857169999999999765e-01 -4.642260000000000275e-01 -3.640000000000000115e-04
1.900000000000000000e+01 2.400000000000000000e+01 9.000000000000000000e+00 0.000000000000000000e+00 1.600000000000000089e+00 -8.361000000000000376e-03 -3.056000000000000036e-02 -9.994979999999999976e-01 4.695730000000000182e-01 8.823530000000000539e-01 -3.090599999999999944e-02 8.828540000000000276e-01 -4.695960000000000134e-01 6.973000000000000032e-03
2.500000000000000000e+01 2.400000000000000000e+01 9.000000000000000000e+00 0.000000000000000000e+00 1.600000000000000089e+00 -9.291000000000000647e-03 -2.436899999999999830e-02 -9.996599999999999930e-01 4.761090000000000044e-01 8.790059999999999540e-01 -2.585300000000000098e-02 8.793370000000000353e-01 -4.761870000000000269e-01 3.435000000000000119e-03
6.000000000000000000e+00 4.000000000000000000e+00 1.100000000000000000e+01 0.000000000000000000e+00 1.600000000000000089e+00 1.800000000000000046e-05 -1.229999999999999974e-03 -9.999989999999999712e-01 1.941930000000000045e-01 9.809630000000000294e-01 -1.203000000000000076e-03 9.809630000000000294e-01 -1.941930000000000045e-01 2.570000000000000127e-04
9.000000000000000000e+00 4.000000000000000000e+00 1.100000000000000000e+01 0.000000000000000000e+00 1.600000000000000089e+00 6.729999999999999871e-04 5.334000000000000200e-03 -9.999860000000000415e-01 1.912770000000000026e-01 9.815209999999999768e-01 5.363999999999999845e-03 9.815359999999999641e-01 -1.912780000000000036e-01 -3.600000000000000227e-04
1.300000000000000000e+01 4.000000000000000000e+00 1.100000000000000000e+01 0.000000000000000000e+00 1.600000000000000089e+00 2.250999999999999963e-03 2.270499999999999949e-02 -9.997399999999999620e-01 1.799419999999999908e-01 9.834140000000000104e-01 2.273999999999999980e-02 9.836749999999999661e-01 -1.799459999999999948e-01 -1.871999999999999966e-03
9.000000000000000000e+00 1.040000000000000000e+02 1.100000000000000000e+01 0.000000000000000000e+00 1.600000000000000089e+00 4.302000000000000268e-03 3.399999999999999973e-05 9.999909999999999632e-01 -9.751239999999999908e-01 -2.216210000000000124e-01 4.203000000000000139e-03 2.216190000000000104e-01 -9.751330000000000275e-01 -9.210000000000000521e-04
1.400000000000000000e+01 1.040000000000000000e+02 1.100000000000000000e+01 0.000000000000000000e+00 1.600000000000000089e+00 9.286000000000000851e-03 9.967000000000000165e-03 9.999069999999999903e-01 -9.737000000000000099e-01 -2.275520000000000043e-01 1.131099999999999987e-02 2.276430000000000120e-01 -9.737149999999999972e-01 7.591999999999999790e-03
5.000000000000000000e+00 3.100000000000000000e+01 1.200000000000000000e+01 0.000000000000000000e+00 1.600000000000000089e+00 -1.999999999999999909e-06 -3.440000000000000132e-04 1.000000000000000000e+00 -2.074700000000000155e-02 9.997850000000000348e-01 3.440000000000000132e-04 -9.997850000000000348e-01 -2.074700000000000155e-02 -1.000000000000000082e-05
1.200000000000000000e+01 3.100000000000000000e+01 1.200000000000000000e+01 0.000000000000000000e+00 1.600000000000000089e+00 2.642999999999999950e-03 3.374999999999999962e-03 9.999909999999999632e-01 -2.284500000000000072e-02 9.997340000000000115e-01 -3.314000000000000105e-03 -9.997359999999999580e-01 -2.283599999999999866e-02 2.719000000000000063e-03
2.200000000000000000e+01 3.100000000000000000e+01 1.200000000000000000e+01 0.000000000000000000e+00 1.600000000000000089e+00 -1.113000000000000057e-03 -6.493999999999999773e-03 9.999780000000000335e-01 -2.345399999999999915e-02 9.997040000000000370e-01 6.466000000000000393e-03 -9.997239999999999460e-01 -2.344699999999999909e-02 -1.265000000000000065e-03
1.200000000000000000e+01 3.500000000000000000e+01 1.200000000000000000e+01 0.000000000000000000e+00 1.600000000000000089e+00 3.201999999999999985e-03 2.165999999999999957e-03 -9.999930000000000208e-01 4.938509999999999844e-01 -8.695460000000000411e-01 -3.020000000000000223e-04 -8.695399999999999796e-01 -4.938469999999999804e-01 -3.853999999999999787e-03
1.500000000000000000e+01 3.500000000000000000e+01 1.200000000000000000e+01 0.000000000000000000e+00 1.600000000000000089e+00 2.380999999999999870e-03 -1.123999999999999999e-03 -9.999970000000000248e-01 4.992090000000000138e-01 -8.664789999999999992e-01 2.161999999999999859e-03 -8.664779999999999704e-01 -4.992119999999999891e-01 -1.502000000000000080e-03
1.900000000000000000e+01 3.500000000000000000e+01 1.200000000000000000e+01 0.000000000000000000e+00 1.600000000000000089e+00 -2.171000000000000187e-03 -2.259999999999999856e-03 -9.999949999999999672e-01 4.935390000000000055e-01 -8.697230000000000238e-01 8.940000000000000464e-04 -8.697209999999999663e-01 -4.935350000000000015e-01 3.003000000000000027e-03
2.400000000000000000e+01 3.500000000000000000e+01 1.200000000000000000e+01 0.000000000000000000e+00 1.600000000000000089e+00 -2.459999999999999947e-03 -2.657000000000000074e-03 -9.999930000000000208e-01 4.826460000000000194e-01 -8.758150000000000102e-01 1.139999999999999954e-03 -8.758120000000000349e-01 -4.826400000000000134e-01 3.436999999999999951e-03
1.800000000000000000e+01 3.000000000000000000e+00 1.300000000000000000e+01 0.000000000000000000e+00 1.600000000000000089e+00 2.436999999999999930e-03 4.561599999999999683e-02 9.989559999999999551e-01 -1.947099999999999873e-02 9.987719999999999931e-01 -4.556000000000000327e-02 -9.998070000000000013e-01 -1.933999999999999955e-02 3.321999999999999866e-03
1.000000000000000000e+01 3.200000000000000000e+01 1.400000000000000000e+01 0.000000000000000000e+00 1.600000000000000089e+00 -1.345999999999999974e-03 -8.299999999999999815e-05 -9.999989999999999712e-01 1.133300000000000002e-01 9.935570000000000235e-01 -2.349999999999999930e-04 9.935559999999999947e-01 -1.133300000000000002e-01 -1.327999999999999970e-03
1.600000000000000000e+01 3.200000000000000000e+01 1.400000000000000000e+01 0.000000000000000000e+00 1.600000000000000089e+00 6.170000000000000354e-04 4.525000000000000376e-03 -9.999900000000000455e-01 1.119939999999999963e-01 9.936979999999999702e-01 4.564999999999999614e-03 9.937089999999999534e-01 -1.119949999999999973e-01 1.060000000000000016e-04
4.000000000000000000e+00 1.200000000000000000e+01 1.500000000000000000e+01 0.000000000000000000e+00 1.600000000000000089e+00 3.641000000000000139e-03 8.769999999999999584e-04 -9.999930000000000208e-01 -4.695170000000000177e-01 -8.829200000000000381e-01 -2.484000000000000097e-03 -8.829160000000000341e-01 4.695230000000000237e-01 -2.802999999999999936e-03
1.600000000000000000e+01 1.200000000000000000e+01 1.500000000000000000e+01 0.000000000000000000e+00 1.600000000000000089e+00 8.410000000000000808e-03 1.721599999999999867e-02 -9.998160000000000380e-01 -4.691640000000000255e-01 -8.829029999999999934e-01 -1.914899999999999936e-02 -8.830710000000000504e-01 4.692390000000000172e-01 6.520000000000000188e-04
2.200000000000000000e+01 1.200000000000000000e+01 1.500000000000000000e+01 0.000000000000000000e+00 1.600000000000000089e+00 7.337999999999999905e-03 1.682399999999999868e-02 -9.998310000000000253e-01 -4.693620000000000014e-01 -8.828160000000000451e-01 -1.829899999999999929e-02 -8.829749999999999543e-01 4.694169999999999732e-01 1.417999999999999990e-03
2.600000000000000000e+01 1.200000000000000000e+01 1.500000000000000000e+01 0.000000000000000000e+00 1.600000000000000089e+00 7.542000000000000093e-03 1.336799999999999967e-02 -9.998820000000000485e-01 -4.681739999999999791e-01 -8.835030000000000383e-01 -1.534400000000000000e-02 -8.836039999999999450e-01 4.682339999999999836e-01 -4.049999999999999781e-04
4.000000000000000000e+00 1.100000000000000000e+01 1.600000000000000000e+01 0.000000000000000000e+00 1.600000000000000089e+00 2.739000000000000115e-03 1.028999999999999967e-03 -9.999959999999999960e-01 -4.187859999999999916e-01 -9.080819999999999448e-01 -2.082000000000000083e-03 -9.080810000000000271e-01 4.187899999999999956e-01 -2.056000000000000102e-03
1.100000000000000000e+01 1.100000000000000000e+01 1.600000000000000000e+01 0.000000000000000000e+00 1.600000000000000089e+00 4.314000000000000126e-03 3.066000000000000149e-03 -9.999860000000000415e-01 -4.212620000000000253e-01 -9.069270000000000387e-01 -4.597999999999999657e-03 -9.069289999999999852e-01 4.212759999999999838e-01 -2.621000000000000066e-03
1.300000000000000000e+01 1.160000000000000000e+02 1.600000000000000000e+01 0.000000000000000000e+00 1.600000000000000089e+00 5.975000000000000276e-03 4.867999999999999931e-03 9.999700000000000255e-01 7.285190000000000277e-01 6.849830000000000085e-01 -7.688000000000000389e-03 -6.850000000000000533e-01 7.285430000000000517e-01 5.460000000000000443e-04
4.000000000000000000e+00 2.000000000000000000e+00 1.900000000000000000e+01 0.000000000000000000e+00 1.600000000000000089e+00 1.640000000000000019e-04 1.149000000000000065e-03 -9.999989999999999712e-01 1.971259999999999957e-01 -9.803779999999999717e-01 -1.093999999999999920e-03 -9.803779999999999717e-01 -1.971259999999999957e-01 -3.869999999999999742e-04
8.000000000000000000e+00 2.000000000000000000e+00 1.900000000000000000e+01 0.000000000000000000e+00 1.600000000000000089e+00 3.893999999999999892e-03 -1.733099999999999918e-02 -9.998420000000000085e-01 1.890600000000000058e-01 -9.818050000000000388e-01 1.775499999999999995e-02 -9.819579999999999975e-01 -1.890999999999999903e-01 -5.469999999999999602e-04
1.200000000000000000e+01 2.000000000000000000e+00 1.900000000000000000e+01 0.000000000000000000e+00 1.600000000000000089e+00 -2.159999999999999919e-04 -9.419000000000000289e-03 -9.999559999999999560e-01 1.859049999999999869e-01 -9.825249999999999817e-01 9.214999999999999233e-03 -9.825679999999999970e-01 -1.858950000000000047e-01 1.962999999999999901e-03
2.200000000000000000e+01 2.000000000000000000e+00 1.900000000000000000e+01 0.000000000000000000e+00 1.600000000000000089e+00 1.061000000000000094e-03 1.899500000000000147e-02 -9.998190000000000133e-01 1.617339999999999889e-01 -9.866599999999999815e-01 -1.857299999999999923e-02 -9.868339999999999890e-01 -1.616849999999999954e-01 -4.119000000000000265e-03
2.900000000000000000e+01 2.000000000000000000e+00 1.900000000000000000e+01 0.000000000000000000e+00 1.600000000000000089e+00 2.184000000000000177e-03 3.546000000000000107e-03 -9.999909999999999632e-01 1.421769999999999978e-01 -9.898360000000000491e-01 -3.199000000000000021e-03 -9.898390000000000244e-01 -1.421689999999999898e-01 -2.665999999999999967e-03
4.000000000000000000e+00 1.300000000000000000e+01 2.000000000000000000e+01 0.000000000000000000e+00 1.600000000000000089e+00 -2.599999999999999840e-05 -5.398000000000000020e-03 9.999850000000000128e-01 2.605410000000000226e-01 9.654490000000000016e-01 5.218000000000000416e-03 -9.654629999999999601e-01 2.605379999999999918e-01 1.381000000000000066e-03
8.000000000000000000e+00 1.300000000000000000e+01 2.000000000000000000e+01 0.000000000000000000e+00 1.600000000000000089e+00 2.642999999999999950e-03 -3.669999999999999760e-04 9.999959999999999960e-01 2.578520000000000256e-01 9.661840000000000428e-01 -3.269999999999999795e-04 -9.661809999999999565e-01 2.578520000000000256e-01 2.648000000000000180e-03
1.600000000000000000e+01 1.300000000000000000e+01 2.000000000000000000e+01 0.000000000000000000e+00 1.600000000000000089e+00 -2.341999999999999898e-03 -8.260999999999999246e-03 9.999630000000000463e-01 2.541829999999999923e-01 9.671180000000000332e-01 8.585000000000000617e-03 -9.671530000000000404e-01 2.541939999999999755e-01 -1.659999999999999963e-04
2.000000000000000000e+01 1.300000000000000000e+01 2.000000000000000000e+01 0.000000000000000000e+00 1.600000000000000089e+00 -2.384999999999999967e-03 -9.093999999999999653e-03 9.999559999999999560e-01 2.545640000000000125e-01 9.670100000000000362e-01 9.402000000000000635e-03 -9.670530000000000515e-01 2.545749999999999957e-01 9.000000000000000228e-06
2.300000000000000000e+01 1.300000000000000000e+01 2.000000000000000000e+01 0.000000000000000000e+00 1.600000000000000089e+00 -1.384000000000000031e-03 -8.279999999999999166e-03 9.999649999999999928e-01 2.547240000000000060e-01 9.669780000000000042e-01 8.359000000000000111e-03 -9.670130000000000114e-01 2.547269999999999812e-01 7.709999999999999840e-04
2.800000000000000000e+01 1.300000000000000000e+01 2.000000000000000000e+01 0.000000000000000000e+00 1.600000000000000089e+00 1.363999999999999978e-03 -3.552000000000000036e-03 9.999930000000000208e-01 2.521970000000000045e-01 9.676709999999999479e-01 3.092999999999999829e-03 -9.676749999999999519e-01 2.521909999999999985e-01 2.216000000000000088e-03
1.900000000000000000e+01 1.600000000000000000e+01 2.100000000000000000e+01 0.000000000000000000e+00 1.600000000000000089e+00 -2.802999999999999936e-03 -8.099000000000000296e-03 9.999630000000000463e-01 3.014660000000000117e-01 9.534380000000000077e-01 8.566999999999999962e-03 -9.534730000000000150e-01 3.014789999999999970e-01 -2.310000000000000042e-04
2.500000000000000000e+01 1.600000000000000000e+01 2.100000000000000000e+01 0.000000000000000000e+00 1.600000000000000089e+00 -7.560000000000000530e-04 -4.846999999999999746e-03 9.999879999999999880e-01 3.023609999999999909e-01 9.531809999999999450e-01 4.849000000000000012e-03 -9.531929999999999570e-01 3.023609999999999909e-01 7.450000000000000025e-04
1.300000000000000000e+01 3.000000000000000000e+00 2.500000000000000000e+01 0.000000000000000000e+00 1.600000000000000089e+00 -3.699999999999999811e-05 4.493999999999999731e-03 9.999900000000000455e-01 2.057600000000000054e-02 -9.997779999999999445e-01 4.493999999999999731e-03 9.997880000000000100e-01 2.057600000000000054e-02 -5.500000000000000196e-05
8.000000000000000000e+00 4.600000000000000000e+01 2.700000000000000000e+01 0.000000000000000000e+00 1.600000000000000089e+00 3.621000000000000087e-03 3.944999999999999722e-03 -9.999860000000000415e-01 6.680530000000000079e-01 7.440940000000000332e-01 5.354000000000000252e-03 7.441050000000000164e-01 -6.680629999999999624e-01 5.899999999999999754e-05
1.800000000000000000e+01 4.600000000000000000e+01 2.700000000000000000e+01 0.000000000000000000e+00 1.600000000000000089e+00 -7.649999999999999465e-04 -2.689999999999999791e-04 -1.000000000000000000e+00 6.697800000000000420e-01 7.425589999999999691e-01 -7.119999999999999593e-04 7.425589999999999691e-01 -6.697809999999999597e-01 -3.879999999999999985e-04
2.600000000000000000e+01 4.600000000000000000e+01 2.700000000000000000e+01 0.000000000000000000e+00 1.600000000000000089e+00 -2.696000000000000046e-03 -1.516999999999999902e-03 -9.999949999999999672e-01 6.662160000000000304e-01 7.457529999999999992e-01 -2.928000000000000047e-03 7.457540000000000280e-01 -6.662200000000000344e-01 -1.000000000000000021e-03
2.500000000000000000e+01 4.600000000000000000e+01 3.000000000000000000e+01 0.000000000000000000e+00 1.600000000000000089e+00 -1.547999999999999897e-03 -2.511999999999999910e-03 -9.999959999999999960e-01 3.273070000000000146e-01 9.449140000000000317e-01 -2.880999999999999880e-03 9.449170000000000069e-01 -3.273099999999999898e-01 -6.409999999999999682e-04
2.800000000000000000e+01 4.600000000000000000e+01 3.000000000000000000e+01 0.000000000000000000e+00 1.600000000000000089e+00 -3.043000000000000132e-03 -2.115000000000000126e-03 -9.999930000000000208e-01 3.250379999999999936e-01 9.456959999999999811e-01 -2.988999999999999903e-03 9.456959999999999811e-01 -3.250449999999999728e-01 -2.190999999999999805e-03
3.000000000000000000e+00 5.800000000000000000e+01 3.100000000000000000e+01 0.000000000000000000e+00 1.600000000000000089e+00 5.791000000000000140e-03 9.497000000000000233e-03 9.999379999999999935e-01 -7.631029999999999758e-01 -6.461909999999999599e-01 1.055700000000000041e-02 6.462510000000000199e-01 -7.631170000000000453e-01 3.506000000000000002e-03
9.000000000000000000e+00 5.800000000000000000e+01 3.100000000000000000e+01 0.000000000000000000e+00 1.600000000000000089e+00 8.418999999999999401e-03 1.630600000000000105e-02 9.998320000000000540e-01 -7.663050000000000139e-01 -6.422539999999999916e-01 1.692700000000000107e-02 6.424220000000000486e-01 -7.663180000000000547e-01 7.087999999999999683e-03
1.500000000000000000e+01 5.800000000000000000e+01 3.100000000000000000e+01 0.000000000000000000e+00 1.600000000000000089e+00 1.534999999999999906e-03 6.067000000000000344e-03 9.999799999999999800e-01 -7.673060000000000436e-01 -6.412609999999999699e-01 5.068999999999999721e-03 6.412799999999999612e-01 -7.672989999999999533e-01 3.670999999999999784e-03
2.300000000000000000e+01 5.800000000000000000e+01 3.100000000000000000e+01 0.000000000000000000e+00 1.600000000000000089e+00 7.640000000000000090e-03 -1.469999999999999953e-04 9.999710000000000543e-01 -7.612560000000000437e-01 -6.484259999999999469e-01 5.721000000000000391e-03 6.484060000000000379e-01 -7.612780000000000102e-01 -5.066000000000000190e-03
2.800000000000000000e+01 5.800000000000000000e+01 3.100000000000000000e+01 0.000000000000000000e+00 1.600000000000000089e+00 4.447000000000000432e-03 1.563499999999999959e-02 9.998679999999999790e-01 -7.550149999999999917e-01 -6.555659999999999821e-01 1.360899999999999957e-02 6.556920000000000526e-01 -7.549759999999999804e-01 8.890000000000000333e-03
1.000000000000000000e+01 6.000000000000000000e+00 3.200000000000000000e+01 0.000000000000000000e+00 1.600000000000000089e+00 -5.427999999999999665e-03 -7.529999999999999801e-04 -9.999850000000000128e-01 1.768909999999999927e-01 9.842290000000000205e-01 -1.701000000000000038e-03 9.842149999999999510e-01 -1.768969999999999987e-01 -5.209000000000000088e-03
2.600000000000000000e+01 6.000000000000000000e+00 3.200000000000000000e+01 0.000000000000000000e+00 1.600000000000000089e+00 3.455000000000000172e-03 -2.403000000000000188e-03 -9.999909999999999632e-01 2.042289999999999939e-01 9.789219999999999589e-01 -1.645999999999999894e-03 9.789170000000000371e-01 -2.042219999999999869e-01 3.873000000000000140e-03
9.000000000000000000e+00 4.600000000000000000e+01 3.500000000000000000e+01 0.000000000000000000e+00 1.600000000000000089e+00 2.171999999999999886e-03 3.040000000000000167e-04 -9.999980000000000535e-01 3.868440000000000212e-01 -9.221449999999999925e-01 5.599999999999999509e-04 -9.221430000000000460e-01 -3.868440000000000212e-01 -2.121000000000000055e-03
1.300000000000000000e+01 4.600000000000000000e+01 3.500000000000000000e+01 0.000000000000000000e+00 1.600000000000000089e+00 -9.070000000000000371e-04 1.521000000000000000e-03 -9.999980000000000535e-01 3.862479999999999802e-01 -9.223930000000000184e-01 -1.753000000000000001e-03 -9.223949999999999649e-01 -3.862490000000000090e-01 2.489999999999999809e-04
2.100000000000000000e+01 4.600000000000000000e+01 3.500000000000000000e+01 0.000000000000000000e+00 1.600000000000000089e+00 -8.149999999999999693e-04 4.151000000000000176e-03 -9.999909999999999632e-01 3.848539999999999739e-01 -9.229680000000000106e-01 -4.145000000000000247e-03 -9.229770000000000474e-01 -3.848539999999999739e-01 -8.459999999999999638e-04
2.900000000000000000e+01 4.600000000000000000e+01 3.500000000000000000e+01 0.000000000000000000e+00 1.600000000000000089e+00 1.502000000000000080e-03 3.896000000000000157e-03 -9.999909999999999632e-01 3.859949999999999770e-01 -9.224959999999999827e-01 -3.014000000000000186e-03 -9.224999999999999867e-01 -3.859870000000000245e-01 -2.889000000000000075e-03
9.000000000000000000e+00 9.500000000000000000e+01 3.600000000000000000e+01 0.000000000000000000e+00 1.600000000000000089e+00 -8.066999999999999518e-03 -6.659900000000000542e-02 9.977470000000000505e-01 9.980069999999999775e-01 6.191699999999999982e-02 1.220199999999999931e-02 -6.259000000000000674e-02 9.958569999999999922e-01 6.596699999999999786e-02
1.400000000000000000e+01 9.500000000000000000e+01 3.600000000000000000e+01 0.000000000000000000e+00 1.600000000000000089e+00 -3.976000000000000367e-03 -7.033000000000000189e-03 9.999670000000000503e-01 9.984690000000000509e-01 5.514399999999999857e-02 4.357999999999999895e-03 -5.517299999999999982e-02 9.984539999999999527e-01 6.803000000000000019e-03
1.800000000000000000e+01 9.500000000000000000e+01 3.600000000000000000e+01 0.000000000000000000e+00 1.600000000000000089e+00 2.076999999999999853e-03 9.057800000000000573e-02 9.958869999999999667e-01 9.978470000000000395e-01 6.509299999999999808e-02 -8.002000000000000432e-03 -6.554999999999999716e-02 9.937599999999999767e-01 -9.024799999999999489e-02
2.200000000000000000e+01 9.500000000000000000e+01 3.600000000000000000e+01 0.000000000000000000e+00 1.600000000000000089e+00 3.989000000000000358e-03 8.731899999999999384e-02 9.961719999999999464e-01 9.970029999999999726e-01 7.661999999999999367e-02 -1.070800000000000050e-02 -7.726199999999999735e-02 9.932290000000000285e-01 -8.675199999999999578e-02
2.700000000000000000e+01 9.500000000000000000e+01 3.600000000000000000e+01 0.000000000000000000e+00 1.600000000000000089e+00 -1.559999999999999972e-04 2.817700000000000066e-02 9.996030000000000193e-01 9.970160000000000133e-01 7.717200000000000448e-02 -2.020000000000000094e-03 -7.719800000000000273e-02 9.966199999999999504e-01 -2.810500000000000151e-02
1.500000000000000000e+01 3.000000000000000000e+00 4.300000000000000000e+01 0.000000000000000000e+00 1.600000000000000089e+00 3.088000000000000033e-03 -3.288999999999999823e-03 -9.999900000000000455e-01 7.417270000000000252e-01 -6.706870000000000331e-01 4.497000000000000129e-03 -6.706950000000000411e-01 -7.417329999999999757e-01 3.690000000000000246e-04
2.000000000000000000e+01 3.000000000000000000e+00 4.300000000000000000e+01 0.000000000000000000e+00 1.600000000000000089e+00 -6.049999999999999606e-04 -2.701699999999999935e-02 -9.996350000000000513e-01 7.393999999999999462e-01 -6.730319999999999636e-01 1.774299999999999836e-02 -6.732660000000000311e-01 -7.391199999999999992e-01 2.038299999999999834e-02
8.000000000000000000e+00 8.000000000000000000e+00 4.400000000000000000e+01 0.000000000000000000e+00 1.600000000000000089e+00 -5.381999999999999632e-03 -1.060400000000000058e-02 9.999289999999999567e-01 -7.650529999999999831e-01 -6.438739999999999464e-01 -1.094599999999999913e-02 6.439449999999999896e-01 -7.650580000000000158e-01 -4.647000000000000089e-03
1.400000000000000000e+01 8.000000000000000000e+00 4.400000000000000000e+01 0.000000000000000000e+00 1.600000000000000089e+00 -1.116000000000000021e-03 -4.590999999999999595e-03 9.999890000000000168e-01 -7.686009999999999787e-01 -6.397180000000000089e-01 -3.794000000000000063e-03 6.397279999999999633e-01 -7.685959999999999459e-01 -2.814999999999999794e-03
2.400000000000000000e+01 8.000000000000000000e+00 4.400000000000000000e+01 0.000000000000000000e+00 1.600000000000000089e+00 -1.686999999999999915e-03 -1.740000000000000010e-03 9.999970000000000248e-01 -7.646269999999999456e-01 -6.444680000000000408e-01 -2.410999999999999949e-03 6.444710000000000161e-01 -7.646290000000000031e-01 -2.439999999999999949e-04
1.000000000000000000e+01 2.900000000000000000e+01 4.400000000000000000e+01 0.000000000000000000e+00 1.600000000000000089e+00 2.739999999999999923e-04 7.600000000000000418e-04 -1.000000000000000000e+00 6.581120000000000303e-01 7.529190000000000049e-01 7.529999999999999801e-04 7.529200000000000337e-01 -6.581120000000000303e-01 -2.939999999999999905e-04
1.400000000000000000e+01 2.900000000000000000e+01 4.400000000000000000e+01 0.000000000000000000e+00 1.600000000000000089e+00 -2.481000000000000132e-03 -3.890999999999999927e-03 -9.999890000000000168e-01 6.589629999999999654e-01 7.521619999999999973e-01 -4.562000000000000083e-03 7.521710000000000340e-01 -6.589669999999999694e-01 6.980000000000000527e-04
2.100000000000000000e+01 2.900000000000000000e+01 4.400000000000000000e+01 0.000000000000000000e+00 1.600000000000000089e+00 6.279999999999999775e-04 1.874000000000000015e-03 -9.999980000000000535e-01 6.706879999999999509e-01 7.417380000000000084e-01 1.810999999999999893e-03 7.417399999999999549e-01 -6.706870000000000331e-01 -7.910000000000000364e-04
2.500000000000000000e+01 2.900000000000000000e+01 4.400000000000000000e+01 0.000000000000000000e+00 1.600000000000000089e+00 1.273999999999999959e-03 2.750999999999999973e-03 -9.999949999999999672e-01 6.776480000000000281e-01 7.353809999999999514e-01 2.886000000000000110e-03 7.353859999999999841e-01 -6.776480000000000281e-01 -9.280000000000000054e-04
1.700000000000000000e+01 5.400000000000000000e+01 4.600000000000000000e+01 0.000000000000000000e+00 1.600000000000000089e+00 -9.120000000000000502e-04 -2.674000000000000161e-03 9.999959999999999960e-01 3.034149999999999903e-01 -9.528560000000000363e-01 -2.271000000000000015e-03 9.528579999999999828e-01 3.034120000000000150e-01 1.680000000000000070e-03
2.300000000000000000e+01 6.500000000000000000e+01 4.600000000000000000e+01 0.000000000000000000e+00 1.600000000000000089e+00 3.207999999999999914e-03 -2.690999999999999816e-03 9.999909999999999632e-01 6.826619999999999910e-01 -7.307219999999999827e-01 -4.155999999999999972e-03 7.307270000000000154e-01 6.826699999999999990e-01 -5.069999999999999637e-04
2.000000000000000000e+01 7.000000000000000000e+01 4.700000000000000000e+01 0.000000000000000000e+00 1.600000000000000089e+00 -3.840000000000000097e-04 2.077999999999999986e-03 -9.999980000000000535e-01 -8.388809999999999878e-01 -5.443149999999999933e-01 -8.090000000000000403e-04 -5.443149999999999933e-01 8.388790000000000413e-01 1.951999999999999959e-03
2.300000000000000000e+01 7.000000000000000000e+01 4.700000000000000000e+01 0.000000000000000000e+00 1.600000000000000089e+00 -2.263999999999999953e-03 -1.994000000000000113e-03 -9.999949999999999672e-01 -8.409839999999999538e-01 -5.410509999999999486e-01 2.982999999999999974e-03 -5.410549999999999526e-01 8.409870000000000401e-01 -4.519999999999999821e-04
2.800000000000000000e+01 1.150000000000000000e+02 5.100000000000000000e+01 0.000000000000000000e+00 1.600000000000000089e+00 -2.769000000000000194e-03 -4.780000000000000394e-03 9.999850000000000128e-01 8.427700000000000191e-01 -5.382730000000000015e-01 -2.390000000000000089e-04 5.382660000000000222e-01 8.427569999999999784e-01 5.518999999999999601e-03
7.000000000000000000e+00 7.000000000000000000e+00 5.200000000000000000e+01 0.000000000000000000e+00 1.600000000000000089e+00 4.169999999999999987e-04 -4.818000000000000234e-03 -9.999879999999999880e-01 9.658700000000000618e-02 -9.953130000000000033e-01 4.834999999999999888e-03 -9.953239999999999865e-01 -9.658799999999999331e-02 5.000000000000000240e-05
1.800000000000000000e+01 7.000000000000000000e+00 5.200000000000000000e+01 0.000000000000000000e+00 1.600000000000000089e+00 -1.248400000000000030e-02 -7.618999999999999904e-03 -9.998930000000000318e-01 1.131510000000000016e-01 -9.935589999999999700e-01 6.158000000000000279e-03 -9.934990000000000210e-01 -1.130619999999999958e-01 1.326500000000000075e-02
1.400000000000000000e+01 1.500000000000000000e+01 5.300000000000000000e+01 0.000000000000000000e+00 1.600000000000000089e+00 -3.930000000000000117e-04 5.410000000000000312e-04 -1.000000000000000000e+00 6.799760000000000248e-01 7.332349999999999701e-01 1.299999999999999886e-04 7.332349999999999701e-01 -6.799760000000000248e-01 -6.560000000000000076e-04
7.000000000000000000e+00 6.300000000000000000e+01 5.400000000000000000e+01 0.000000000000000000e+00 1.600000000000000089e+00 3.800000000000000209e-04 -2.272999999999999847e-03 9.999970000000000248e-01 -3.513990000000000169e-01 9.362230000000000274e-01 2.260999999999999989e-03 -9.362260000000000026e-01 -3.513990000000000169e-01 -4.429999999999999802e-04
1.200000000000000000e+01 6.300000000000000000e+01 5.400000000000000000e+01 0.000000000000000000e+00 1.600000000000000089e+00 2.207000000000000194e-03 2.897999999999999968e-03 9.999930000000000208e-01 -3.501429999999999820e-01 9.366940000000000266e-01 -1.941000000000000017e-03 -9.366940000000000266e-01 -3.501360000000000028e-01 3.082000000000000104e-03
1.800000000000000000e+01 6.300000000000000000e+01 5.400000000000000000e+01 0.000000000000000000e+00 1.600000000000000089e+00 -9.380000000000000317e-04 -8.790000000000000070e-04 9.999989999999999712e-01 -3.559649999999999759e-01 9.344989999999999686e-01 4.879999999999999898e-04 -9.344989999999999686e-01 -3.559640000000000026e-01 -1.188999999999999953e-03
2.400000000000000000e+01 6.300000000000000000e+01 5.400000000000000000e+01 0.000000000000000000e+00 1.600000000000000089e+00 -1.969999999999999909e-04 -4.490000000000000176e-04 1.000000000000000000e+00 -3.543669999999999876e-01 9.351059999999999928e-01 3.499999999999999964e-04 -9.351059999999999928e-01 -3.543669999999999876e-01 -3.429999999999999889e-04
2.900000000000000000e+01 6.300000000000000000e+01 5.400000000000000000e+01 0.000000000000000000e+00 1.600000000000000089e+00 1.279999999999999942e-04 -1.203999999999999992e-03 9.999989999999999712e-01 -3.560050000000000159e-01 9.344829999999999526e-01 1.170000000000000033e-03 -9.344839999999999813e-01 -3.560050000000000159e-01 -3.089999999999999756e-04
1.000000000000000000e+01 2.500000000000000000e+01 5.500000000000000000e+01 0.000000000000000000e+00 1.600000000000000089e+00 -6.600000000000000506e-05 3.001000000000000195e-03 -9.999949999999999672e-01 -1.369199999999999931e-02 -9.999019999999999575e-01 -3.000000000000000062e-03 -9.999059999999999615e-01 1.369100000000000004e-02 1.069999999999999988e-04
1.400000000000000000e+01 2.500000000000000000e+01 5.500000000000000000e+01 0.000000000000000000e+00 1.600000000000000089e+00 -1.425999999999999967e-03 3.103999999999999988e-03 -9.999940000000000495e-01 -1.192700000000000010e-02 -9.999240000000000350e-01 -3.086999999999999900e-03 -9.999280000000000390e-01 1.192299999999999957e-02 1.463000000000000108e-03
1.800000000000000000e+01 2.500000000000000000e+01 5.500000000000000000e+01 0.000000000000000000e+00 1.600000000000000089e+00 -2.439000000000000196e-03 2.720000000000000195e-03 -9.999930000000000208e-01 -1.026700000000000008e-02 -9.999440000000000550e-01 -2.694999999999999913e-03 -9.999440000000000550e-01 1.026099999999999929e-02 2.467000000000000009e-03
2.300000000000000000e+01 2.500000000000000000e+01 5.500000000000000000e+01 0.000000000000000000e+00 1.600000000000000089e+00 -6.599999999999999964e-04 -2.759999999999999867e-04 -1.000000000000000000e+00 -1.063000000000000056e-02 -9.999430000000000263e-01 2.829999999999999942e-04 -9.999430000000000263e-01 1.063000000000000056e-02 6.570000000000000319e-04
2.800000000000000000e+01 2.500000000000000000e+01 5.500000000000000000e+01 0.000000000000000000e+00 1.600000000000000089e+00 2.139999999999999975e-03 2.177999999999999815e-03 -9.999949999999999672e-01 -9.322000000000000425e-03 -9.999540000000000095e-01 -2.197999999999999867e-03 -9.999540000000000095e-01 9.325999999999999221e-03 -2.118999999999999790e-03
1.200000000000000000e+01 7.000000000000000000e+00 6.000000000000000000e+01 0.000000000000000000e+00 1.600000000000000089e+00 7.669999999999999951e-04 -2.547999999999999918e-03 9.999959999999999960e-01 5.723500000000000254e-01 -8.200060000000000127e-01 -2.528999999999999998e-03 8.200089999999999879e-01 5.723500000000000254e-01 8.289999999999999843e-04
1.600000000000000000e+01 7.000000000000000000e+00 6.000000000000000000e+01 0.000000000000000000e+00 1.600000000000000089e+00 8.409999999999999507e-04 -5.218999999999999681e-03 9.999860000000000415e-01 5.679570000000000451e-01 -8.230439999999999978e-01 -4.773000000000000333e-03 8.230579999999999563e-01 5.679530000000000411e-01 2.272000000000000148e-03
2.400000000000000000e+01 7.000000000000000000e+00 6.000000000000000000e+01 0.000000000000000000e+00 1.600000000000000089e+00 6.560000000000000076e-04 1.395399999999999939e-02 9.999019999999999575e-01 5.710229999999999473e-01 -8.208590000000000053e-01 1.107999999999999957e-02 8.209340000000000526e-01 5.709600000000000231e-01 -8.505999999999999672e-03
4.000000000000000000e+00 2.100000000000000000e+01 6.000000000000000000e+01 0.000000000000000000e+00 1.600000000000000089e+00 6.120000000000000223e-04 -2.200000000000000078e-04 1.000000000000000000e+00 -1.007249999999999951e-01 9.949139999999999651e-01 2.809999999999999998e-04 -9.949139999999999651e-01 -1.007249999999999951e-01 5.860000000000000408e-04
1.300000000000000000e+01 2.100000000000000000e+01 6.000000000000000000e+01 0.000000000000000000e+00 1.600000000000000089e+00 -9.200000000000000278e-04 -1.809999999999999977e-03 9.999980000000000535e-01 -9.634600000000000108e-02 9.953459999999999530e-01 1.712999999999999896e-03 -9.953469999999999818e-01 -9.634399999999999908e-02 -1.090000000000000040e-03
2.000000000000000000e+01 2.100000000000000000e+01 6.000000000000000000e+01 0.000000000000000000e+00 1.600000000000000089e+00 -1.324000000000000090e-03 -1.126999999999999964e-03 9.999989999999999712e-01 -9.553200000000000580e-02 9.954260000000000330e-01 9.950000000000000077e-04 -9.954250000000000043e-01 -9.553100000000000480e-02 -1.425000000000000051e-03
