6.000000000000000000e+00 1.500000000000000000e+01 4.000000000000000000e+00 0.000000000000000000e+00 1.600000000000000089e+00 -8.743000000000000771e-03 4.383200000000000290e-02 9.990010000000000279e-01 4.257900000000000018e-01 -9.037809999999999455e-01 4.338000000000000189e-02 9.047800000000000287e-01 4.257440000000000113e-01 -1.076099999999999973e-02
2.100000000000000000e+01 1.900000000000000000e+01 5.000000000000000000e+00 0.000000000000000000e+00 1.600000000000000089e+00 5.140999999999999737e-03 4.525999999999999641e-03 -9.999770000000000048e-01 -6.941119999999999512e-01 -7.198339999999999739e-01 -6.825999999999999603e-03 -7.198480000000000434e-01 6.941310000000000535e-01 -5.590000000000000351e-04
1.000000000000000000e+00 1.010000000000000000e+02 7.000000000000000000e+00 0.000000000000000000e+00 1.600000000000000089e+00 -2.269999999999999882e-04 -1.267800000000000003e-02 9.999200000000000310e-01 8.862759999999999527e-01 4.631179999999999741e-01 6.073000000000000273e-03 -4.631569999999999854e-01 8.862060000000000493e-01 1.113100000000000027e-02
8.000000000000000000e+00 1.010000000000000000e+02 7.000000000000000000e+00 0.000000000000000000e+00 1.600000000000000089e+00 -1.747000000000000072e-03 7.016999999999999800e-03 9.999740000000000295e-01 8.867070000000000229e-01 4.623289999999999900e-01 -1.694999999999999892e-03 -4.623280000000000167e-01 8.866810000000000525e-01 -7.029999999999999791e-03
2.800000000000000000e+01 1.010000000000000000e+02 7.000000000000000000e+00 0.000000000000000000e+00 1.600000000000000089e+00 1.281999999999999936e-03 1.363000000000000062e-03 9.999980000000000535e-01 8.858209999999999695e-01 4.640239999999999920e-01 -1.768000000000000040e-03 -4.640259999999999940e-01 8.858209999999999695e-01 -6.120000000000000223e-04
4.000000000000000000e+00 2.500000000000000000e+01 8.000000000000000000e+00 0.000000000000000000e+00 1.600000000000000089e+00 2.760999999999999999e-03 7.941999999999999407e-03 -9.999649999999999928e-01 4.382960000000000189e-01 8.987920000000000353e-01 8.349000000000000518e-03 8.988270000000000426e-01 -4.383029999999999982e-01 -9.990000000000001049e-04
8.000000000000000000e+00 2.500000000000000000e+01 8.000000000000000000e+00 0.000000000000000000e+00 1.600000000000000089e+00 1.662000000000000066e-03 2.086000000000000180e-03 -9.999959999999999960e-01 4.380539999999999989e-01 8.989449999999999941e-01 2.603999999999999978e-03 8.989470000000000516e-01 -4.380569999999999742e-01 5.810000000000000277e-04
1.400000000000000000e+01 2.500000000000000000e+01 8.000000000000000000e+00 0.000000000000000000e+00 1.600000000000000089e+00 1.768999999999999956e-03 3.431000000000000022e-03 -9.999930000000000208e-01 4.363330000000000264e-01 8.997770000000000490e-01 3.857999999999999884e-03 8.997840000000000282e-01 -4.363360000000000016e-01 9.500000000000000523e-05
1.800000000000000000e+01 2.500000000000000000e+01 8.000000000000000000e+00 0.000000000000000000e+00 1.600000000000000089e+00 2.213000000000000123e-03 1.373000000000000088e-03 -9.999970000000000248e-01 4.360350000000000059e-01 8.999270000000000325e-01 2.200000000000000133e-03 8.999270000000000325e-01 -4.360379999999999812e-01 1.392999999999999924e-03
2.400000000000000000e+01 2.500000000000000000e+01 8.000000000000000000e+00 0.000000000000000000e+00 1.600000000000000089e+00 -1.951999999999999959e-03 1.283999999999999985e-03 -9.999970000000000248e-01 4.321160000000000001e-01 9.018180000000000085e-01 3.139999999999999888e-04 9.018159999999999510e-01 -4.321139999999999981e-01 -2.314999999999999784e-03
2.800000000000000000e+01 2.500000000000000000e+01 8.000000000000000000e+00 0.000000000000000000e+00 1.600000000000000089e+00 -2.742000000000000080e-03 -2.733000000000000186e-03 -9.999919999999999920e-01 4.311550000000000105e-01 9.022700000000000164e-01 -3.648000000000000201e-03 9.022740000000000204e-01 -4.311619999999999897e-01 -1.296000000000000060e-03
2.900000000000000000e+01 9.000000000000000000e+00 9.000000000000000000e+00 0.000000000000000000e+00 1.600000000000000089e+00 1.851999999999999827e-02 3.122199999999999975e-02 -9.993410000000000348e-01 -9.555000000000000160e-01 -2.937640000000000251e-01 -2.688499999999999918e-02 -2.944100000000000050e-01 9.553679999999999950e-01 2.439200000000000049e-02
5.000000000000000000e+00 2.400000000000000000e+01 9.000000000000000000e+00 0.000000000000000000e+00 1.600000000000000089e+00 2.560000000000000209e-03 4.794999999999999783e-03 -9.999850000000000128e-01 4.443540000000000267e-01 8.958350000000000479e-01 5.433000000000000329e-03 8.958479999999999777e-01 -4.443610000000000060e-01 1.630000000000000047e-04
1.400000000000000000e+01 2.400000000000000000e+01 9.000000000000000000e+00 0.000000000000000000e+00 1.600000000000000089e+00 1.497000000000000067e-03 4.300000000000000003e-03 -9.999900000000000455e-01 4.419310000000000183e-01 8.970380000000000020e-01 4.518999999999999580e-03 8.970479999999999565e-01 -4.419330000000000203e-01 -5.569999999999999864e-04
1.900000000000000000e+01 2.400000000000000000e+01 9.000000000000000000e+00 0.000000000000000000e+00 1.600000000000000089e+00 1.539999999999999919e-03 2.606999999999999942e-03 -9.999949999999999672e-01 4.419259999999999855e-01 8.970460000000000100e-01 3.018999999999999982e-03 8.970500000000000140e-01 -4.419290000000000163e-01 2.300000000000000070e-04
2.300000000000000000e+01 2.400000000000000000e+01 9.000000000000000000e+00 0.000000000000000000e+00 1.600000000000000089e+00 -3.449999999999999833e-04 2.320000000000000014e-03 -9.999970000000000248e-01 4.377860000000000085e-01 8.990770000000000151e-01 1.935000000000000088e-03 8.990789999999999615e-01 -4.377840000000000065e-01 -1.325999999999999922e-03
1.900000000000000000e+01 8.000000000000000000e+00 1.000000000000000000e+01 0.000000000000000000e+00 1.600000000000000089e+00 9.020999999999999852e-02 5.180499999999999688e-02 -9.945739999999999581e-01 -9.850039999999999907e-01 -1.428290000000000115e-01 -9.678200000000000691e-02 -1.470670000000000033e-01 9.883910000000000196e-01 3.814399999999999735e-02
8.000000000000000000e+00 3.000000000000000000e+00 1.100000000000000000e+01 0.000000000000000000e+00 1.600000000000000089e+00 -6.194999999999999986e-03 1.059419999999999945e-01 9.943530000000000424e-01 1.352679999999999993e-01 -9.851440000000000197e-01 1.058039999999999953e-01 9.907899999999999485e-01 1.351600000000000024e-01 -8.227999999999999203e-03
1.700000000000000000e+01 4.000000000000000000e+00 1.100000000000000000e+01 0.000000000000000000e+00 1.600000000000000089e+00 -1.191000000000000001e-03 1.156770000000000020e-01 9.932860000000000023e-01 1.541210000000000080e-01 -9.813979999999999926e-01 1.144769999999999954e-01 9.880510000000000126e-01 1.532219999999999971e-01 -1.665900000000000020e-02
2.500000000000000000e+01 1.200000000000000000e+01 1.600000000000000000e+01 0.000000000000000000e+00 1.600000000000000089e+00 1.392000000000000008e-03 2.300000000000000070e-04 9.999989999999999712e-01 2.636359999999999815e-01 -9.646219999999999795e-01 -1.450000000000000009e-04 9.646209999999999507e-01 2.636359999999999815e-01 -1.402999999999999950e-03
1.000000000000000000e+00 1.160000000000000000e+02 1.600000000000000000e+01 0.000000000000000000e+00 1.600000000000000089e+00 -1.268000000000000030e-03 -2.349999999999999930e-04 9.999989999999999712e-01 7.563790000000000235e-01 6.541329999999999645e-01 1.113000000000000057e-03 -6.541329999999999645e-01 7.563790000000000235e-01 -6.509999999999999945e-04
5.000000000000000000e+00 1.160000000000000000e+02 1.600000000000000000e+01 0.000000000000000000e+00 1.600000000000000089e+00 -5.370000000000000424e-04 -2.047000000000000208e-03 9.999980000000000535e-01 7.554370000000000251e-01 6.552189999999999959e-01 1.747000000000000072e-03 -6.552210000000000534e-01 7.554359999999999964e-01 1.195000000000000099e-03
8.000000000000000000e+00 1.160000000000000000e+02 1.600000000000000000e+01 0.000000000000000000e+00 1.600000000000000089e+00 -3.440000000000000132e-04 -2.249999999999999830e-03 9.999970000000000248e-01 7.595610000000000417e-01 6.504330000000000389e-01 1.724999999999999971e-03 -6.504360000000000142e-01 7.595600000000000129e-01 1.484999999999999992e-03
1.400000000000000000e+01 1.160000000000000000e+02 1.600000000000000000e+01 0.000000000000000000e+00 1.600000000000000089e+00 -1.374999999999999920e-03 -9.169999999999999549e-04 9.999989999999999712e-01 7.415079999999999449e-01 6.709420000000000384e-01 1.634000000000000036e-03 -6.709429999999999561e-01 7.415089999999999737e-01 -2.420000000000000005e-04
1.900000000000000000e+01 1.160000000000000000e+02 1.600000000000000000e+01 0.000000000000000000e+00 1.600000000000000089e+00 -2.507999999999999813e-03 -7.280000000000000230e-04 9.999970000000000248e-01 7.501560000000000450e-01 6.612569999999999837e-01 2.363000000000000083e-03 -6.612569999999999837e-01 7.501590000000000202e-01 -1.113000000000000057e-03
2.200000000000000000e+01 1.160000000000000000e+02 1.600000000000000000e+01 0.000000000000000000e+00 1.600000000000000089e+00 -3.955000000000000182e-03 -2.292000000000000200e-03 9.999900000000000455e-01 7.517169999999999686e-01 6.594710000000000294e-01 4.485000000000000271e-03 -6.594740000000000046e-01 7.517270000000000341e-01 -8.850000000000000444e-04
3.000000000000000000e+00 2.000000000000000000e+00 1.900000000000000000e+01 0.000000000000000000e+00 1.600000000000000089e+00 -9.619999999999999645e-04 1.762400000000000078e-02 -9.998439999999999550e-01 3.634530000000000260e-01 -9.314620000000000122e-01 -1.676899999999999918e-02 -9.316119999999999957e-01 -3.634120000000000128e-01 -5.509000000000000008e-03
2.500000000000000000e+01 2.000000000000000000e+00 1.900000000000000000e+01 0.000000000000000000e+00 1.600000000000000089e+00 -1.779999999999999898e-04 -1.896700000000000122e-02 -9.998200000000000420e-01 3.567409999999999748e-01 -9.340359999999999774e-01 1.765600000000000155e-02 -9.342030000000000056e-01 -3.566739999999999911e-01 6.931999999999999794e-03
7.000000000000000000e+00 3.000000000000000000e+00 1.900000000000000000e+01 0.000000000000000000e+00 1.600000000000000089e+00 3.242000000000000090e-03 3.610100000000000114e-02 -9.993429999999999813e-01 3.407479999999999953e-01 -9.395809999999999995e-01 -3.283699999999999813e-02 -9.401490000000000125e-01 -3.404179999999999984e-01 -1.534699999999999953e-02
1.100000000000000000e+01 3.000000000000000000e+00 1.900000000000000000e+01 0.000000000000000000e+00 1.600000000000000089e+00 5.559999999999999621e-04 5.049100000000000116e-02 -9.987239999999999451e-01 3.483939999999999815e-01 -9.361620000000000497e-01 -4.713400000000000228e-02 -9.373479999999999590e-01 -3.479229999999999823e-01 -1.811099999999999863e-02
1.500000000000000000e+01 3.000000000000000000e+00 1.900000000000000000e+01 0.000000000000000000e+00 1.600000000000000089e+00 -4.081000000000000426e-03 4.698499999999999899e-02 -9.988869999999999694e-01 3.541070000000000051e-01 -9.341030000000000166e-01 -4.538400000000000073e-02 -9.351960000000000273e-01 -3.538979999999999904e-01 -1.282600000000000059e-02
1.900000000000000000e+01 3.000000000000000000e+00 1.900000000000000000e+01 0.000000000000000000e+00 1.600000000000000089e+00 -5.165000000000000320e-03 2.725800000000000098e-02 -9.996150000000000313e-01 3.512910000000000199e-01 -9.358670000000000044e-01 -2.733500000000000166e-02 -9.362519999999999731e-01 -3.512970000000000259e-01 -4.741999999999999688e-03
2.600000000000000000e+01 3.000000000000000000e+00 1.900000000000000000e+01 0.000000000000000000e+00 1.600000000000000089e+00 -1.178000000000000011e-03 -2.034400000000000097e-02 -9.997920000000000140e-01 3.386000000000000121e-01 -9.407440000000000246e-01 1.874299999999999924e-02 -9.409300000000000441e-01 -3.385079999999999756e-01 7.995999999999999636e-03
3.000000000000000000e+01 3.000000000000000000e+00 1.900000000000000000e+01 0.000000000000000000e+00 1.600000000000000089e+00 2.775000000000000123e-03 -2.927099999999999841e-02 -9.995680000000000121e-01 3.369789999999999730e-01 -9.410809999999999453e-01 2.849399999999999850e-02 -9.415080000000000116e-01 -3.369130000000000180e-01 7.251999999999999766e-03
3.000000000000000000e+00 1.300000000000000000e+01 2.000000000000000000e+01 0.000000000000000000e+00 1.600000000000000089e+00 -5.990000000000000316e-04 -5.089999999999999906e-03 9.999869999999999592e-01 2.609259999999999913e-01 9.653450000000000086e-01 5.069999999999999854e-03 -9.653589999999999671e-01 2.609259999999999913e-01 7.500000000000000156e-04
1.600000000000000000e+01 1.300000000000000000e+01 2.000000000000000000e+01 0.000000000000000000e+00 1.600000000000000089e+00 1.119999999999999983e-04 -3.487000000000000082e-03 9.999940000000000495e-01 2.606740000000000168e-01 9.654209999999999736e-01 3.337000000000000122e-03 -9.654270000000000351e-01 2.606720000000000148e-01 1.016999999999999892e-03
2.300000000000000000e+01 1.300000000000000000e+01 2.000000000000000000e+01 0.000000000000000000e+00 1.600000000000000089e+00 5.280000000000000405e-04 1.574000000000000095e-03 9.999989999999999712e-01 2.633460000000000245e-01 9.647000000000000020e-01 -1.657000000000000053e-03 -9.647010000000000307e-01 2.633469999999999978e-01 9.500000000000000523e-05
2.700000000000000000e+01 1.300000000000000000e+01 2.000000000000000000e+01 0.000000000000000000e+00 1.600000000000000089e+00 9.049999999999999885e-04 4.924999999999999691e-03 9.999869999999999592e-01 2.634670000000000067e-01 9.646559999999999580e-01 -4.989999999999999644e-03 -9.646679999999999700e-01 2.634679999999999800e-01 -4.240000000000000062e-04
3.000000000000000000e+00 1.600000000000000000e+01 2.100000000000000000e+01 0.000000000000000000e+00 1.600000000000000089e+00 -1.719000000000000042e-03 -7.641000000000000222e-03 9.999689999999999968e-01 2.982560000000000211e-01 9.544540000000000246e-01 7.805999999999999571e-03 -9.544850000000000279e-01 2.982600000000000251e-01 6.380000000000000037e-04
2.300000000000000000e+01 1.600000000000000000e+01 2.100000000000000000e+01 0.000000000000000000e+00 1.600000000000000089e+00 5.389999999999999826e-04 2.083000000000000216e-03 9.999980000000000535e-01 3.002130000000000076e-01 9.538699999999999957e-01 -2.148000000000000170e-03 -9.538720000000000532e-01 3.002130000000000076e-01 -1.110000000000000011e-04
3.000000000000000000e+01 1.600000000000000000e+01 2.100000000000000000e+01 0.000000000000000000e+00 1.600000000000000089e+00 1.347000000000000107e-03 4.865000000000000401e-03 9.999869999999999592e-01 2.989339999999999775e-01 9.542610000000000259e-01 -5.045000000000000005e-03 -9.542730000000000379e-01 2.989370000000000083e-01 -1.689999999999999879e-04
5.000000000000000000e+00 3.000000000000000000e+00 2.500000000000000000e+01 0.000000000000000000e+00 1.600000000000000089e+00 1.696000000000000025e-03 6.106000000000000316e-03 9.999799999999999800e-01 -1.818600000000000078e-02 -9.998160000000000380e-01 6.135999999999999961e-03 9.998329999999999718e-01 -1.819600000000000037e-02 -1.585000000000000037e-03
2.000000000000000000e+01 3.000000000000000000e+00 2.500000000000000000e+01 0.000000000000000000e+00 1.600000000000000089e+00 -4.640000000000000027e-04 8.942000000000000295e-03 9.999599999999999600e-01 3.563899999999999707e-02 -9.993250000000000188e-01 8.952999999999999153e-03 9.993649999999999478e-01 3.564200000000000007e-02 1.450000000000000009e-04
2.800000000000000000e+01 3.000000000000000000e+00 2.500000000000000000e+01 0.000000000000000000e+00 1.600000000000000089e+00 5.256000000000000255e-03 -2.876300000000000037e-02 9.995720000000000161e-01 5.792000000000000273e-03 -9.995690000000000408e-01 -2.879299999999999915e-02 9.999689999999999968e-01 5.941000000000000100e-03 -5.087000000000000376e-03
3.000000000000000000e+00 4.600000000000000000e+01 2.700000000000000000e+01 0.000000000000000000e+00 1.600000000000000089e+00 2.799999999999999958e-05 -1.110000000000000092e-03 -9.999989999999999712e-01 6.777929999999999788e-01 7.352520000000000167e-01 -7.969999999999999654e-04 7.352530000000000454e-01 -6.777919999999999501e-01 7.730000000000000326e-04
5.000000000000000000e+00 4.600000000000000000e+01 3.500000000000000000e+01 0.000000000000000000e+00 1.600000000000000089e+00 -8.890000000000000333e-04 -1.317999999999999944e-03 -9.999989999999999712e-01 3.902889999999999970e-01 -9.206919999999999549e-01 8.660000000000000163e-04 -9.206919999999999549e-01 -3.902880000000000238e-01 1.332999999999999984e-03
9.000000000000000000e+00 4.600000000000000000e+01 3.500000000000000000e+01 0.000000000000000000e+00 1.600000000000000089e+00 -8.549999999999999658e-04 -3.680000000000000111e-03 -9.999930000000000208e-01 3.933159999999999989e-01 -9.193980000000000485e-01 3.046999999999999795e-03 -9.194029999999999703e-01 -3.933110000000000217e-01 2.233000000000000176e-03
1.400000000000000000e+01 4.600000000000000000e+01 3.500000000000000000e+01 0.000000000000000000e+00 1.600000000000000089e+00 -9.000000000000000228e-06 1.154000000000000078e-03 -9.999989999999999712e-01 3.936899999999999844e-01 -9.192430000000000323e-01 -1.064000000000000059e-03 -9.192430000000000323e-01 -3.936890000000000112e-01 -4.459999999999999989e-04
2.300000000000000000e+01 4.600000000000000000e+01 3.500000000000000000e+01 0.000000000000000000e+00 1.600000000000000089e+00 -8.610000000000000032e-04 -2.752999999999999805e-03 -9.999959999999999960e-01 3.922399999999999776e-01 -9.198600000000000110e-01 2.194999999999999903e-03 -9.198629999999999862e-01 -3.922359999999999736e-01 1.871999999999999966e-03
3.000000000000000000e+01 4.600000000000000000e+01 3.500000000000000000e+01 0.000000000000000000e+00 1.600000000000000089e+00 1.459999999999999981e-04 1.049000000000000019e-03 -9.999989999999999712e-01 3.912419999999999787e-01 -9.202869999999999662e-01 -9.079999999999999530e-04 -9.202879999999999949e-01 -3.912419999999999787e-01 -5.450000000000000200e-04
1.600000000000000000e+01 9.500000000000000000e+01 3.600000000000000000e+01 0.000000000000000000e+00 1.600000000000000089e+00 -6.322999999999999628e-03 -1.044800000000000069e-02 9.999249999999999527e-01 9.957570000000000032e-01 9.173499999999999710e-02 7.256000000000000297e-03 -9.180399999999999672e-02 9.957289999999999752e-01 9.823000000000000134e-03
2.600000000000000000e+01 9.500000000000000000e+01 3.700000000000000000e+01 0.000000000000000000e+00 1.600000000000000089e+00 -2.321999999999999845e-03 -1.073400000000000049e-02 9.999400000000000510e-01 9.948120000000000296e-01 1.016760000000000025e-01 3.402000000000000076e-03 -1.017060000000000047e-01 9.947599999999999776e-01 1.044199999999999989e-02
2.000000000000000000e+01 6.000000000000000000e+01 3.900000000000000000e+01 0.000000000000000000e+00 1.600000000000000089e+00 -1.340999999999999961e-03 -1.140399999999999921e-02 -9.999339999999999895e-01 2.963149999999999951e-01 -9.550330000000000208e-01 1.049399999999999986e-02 -9.550889999999999658e-01 -2.962810000000000166e-01 4.658999999999999947e-03
3.000000000000000000e+00 2.900000000000000000e+01 4.400000000000000000e+01 0.000000000000000000e+00 1.600000000000000089e+00 -4.285999999999999879e-03 1.005999999999999950e-03 -9.999900000000000455e-01 6.566830000000000167e-01 7.541639999999999455e-01 -2.056000000000000102e-03 7.541550000000000198e-01 -6.566849999999999632e-01 -3.893000000000000193e-03
1.400000000000000000e+01 2.900000000000000000e+01 4.400000000000000000e+01 0.000000000000000000e+00 1.600000000000000089e+00 -1.730999999999999900e-03 -1.874000000000000015e-03 -9.999970000000000248e-01 6.577979999999999938e-01 7.531900000000000261e-01 -2.550000000000000183e-03 7.531919999999999726e-01 -6.578000000000000513e-01 -7.100000000000000462e-05
2.200000000000000000e+01 2.900000000000000000e+01 4.400000000000000000e+01 0.000000000000000000e+00 1.600000000000000089e+00 -1.592000000000000099e-03 -3.154000000000000119e-03 -9.999940000000000495e-01 6.610430000000000472e-01 7.503400000000000070e-01 -3.419000000000000164e-03 7.503459999999999575e-01 -6.610449999999999937e-01 8.909999999999999734e-04
1.700000000000000000e+01 4.000000000000000000e+00 5.000000000000000000e+01 0.000000000000000000e+00 1.600000000000000089e+00 1.178999999999999927e-03 -3.275999999999999832e-03 -9.999940000000000495e-01 5.323999999999999844e-01 -8.464859999999999607e-01 3.400999999999999943e-03 -8.464920000000000222e-01 -5.324010000000000131e-01 7.460000000000000268e-04
2.100000000000000000e+01 1.150000000000000000e+02 5.100000000000000000e+01 0.000000000000000000e+00 1.600000000000000089e+00 -2.425000000000000072e-03 -4.471000000000000148e-03 9.999869999999999592e-01 8.471279999999999921e-01 -5.313890000000000002e-01 -3.220000000000000206e-04 5.313839999999999675e-01 8.471159999999999801e-01 5.075999999999999783e-03
2.500000000000000000e+01 1.150000000000000000e+02 5.100000000000000000e+01 0.000000000000000000e+00 1.600000000000000089e+00 -4.699999999999999724e-05 2.190000000000000106e-04 1.000000000000000000e+00 8.466799999999999882e-01 -5.321019999999999639e-01 1.559999999999999972e-04 5.321019999999999639e-01 8.466799999999999882e-01 -1.600000000000000131e-04
4.000000000000000000e+00 6.300000000000000000e+01 5.400000000000000000e+01 0.000000000000000000e+00 1.600000000000000089e+00 1.827999999999999981e-03 6.189999999999999756e-04 9.999980000000000535e-01 -3.545090000000000185e-01 9.350530000000000230e-01 6.899999999999999667e-05 -9.350509999999999655e-01 -3.545090000000000185e-01 1.928999999999999942e-03
9.000000000000000000e+00 6.300000000000000000e+01 5.400000000000000000e+01 0.000000000000000000e+00 1.600000000000000089e+00 1.320000000000000101e-04 -3.203999999999999817e-03 9.999949999999999672e-01 -3.506650000000000045e-01 9.364959999999999951e-01 3.046999999999999795e-03 -9.365010000000000279e-01 -3.506630000000000025e-01 -1.000000000000000021e-03
1.400000000000000000e+01 6.300000000000000000e+01 5.400000000000000000e+01 0.000000000000000000e+00 1.600000000000000089e+00 -1.417000000000000074e-03 -4.225999999999999722e-03 9.999900000000000455e-01 -3.513049999999999784e-01 9.362549999999999484e-01 3.458999999999999835e-03 -9.362599999999999811e-01 -3.512959999999999972e-01 -2.811000000000000131e-03
2.700000000000000000e+01 6.300000000000000000e+01 5.400000000000000000e+01 0.000000000000000000e+00 1.600000000000000089e+00 1.704000000000000003e-03 -2.749999999999999840e-03 9.999949999999999672e-01 -3.488910000000000067e-01 9.371580000000000465e-01 3.171000000000000207e-03 -9.371620000000000505e-01 -3.488939999999999819e-01 6.369999999999999794e-04
6.000000000000000000e+00 2.500000000000000000e+01 5.500000000000000000e+01 0.000000000000000000e+00 1.600000000000000089e+00 -1.710000000000000094e-04 8.059999999999999673e-04 -1.000000000000000000e+00 -1.379700000000000024e-02 -9.999050000000000438e-01 -8.030000000000000028e-04 -9.999050000000000438e-01 1.379700000000000024e-02 1.820000000000000057e-04
1.000000000000000000e+01 2.600000000000000000e+01 5.500000000000000000e+01 0.000000000000000000e+00 1.600000000000000089e+00 1.315999999999999896e-03 5.100999999999999632e-03 -9.999860000000000415e-01 -3.304499999999999799e-02 -9.994410000000000238e-01 -5.141999999999999869e-03 -9.994530000000000358e-01 3.305099999999999705e-02 -1.147000000000000016e-03
4.000000000000000000e+00 2.100000000000000000e+01 6.000000000000000000e+01 0.000000000000000000e+00 1.600000000000000089e+00 1.296999999999999976e-03 -7.590999999999999658e-03 9.999700000000000255e-01 -9.629600000000000659e-02 9.953229999999999578e-01 7.680000000000000195e-03 -9.953520000000000145e-01 -9.630299999999999971e-02 5.599999999999999509e-04
8.000000000000000000e+00 2.100000000000000000e+01 6.000000000000000000e+01 0.000000000000000000e+00 1.600000000000000089e+00 1.683999999999999950e-03 -1.162000000000000055e-03 9.999980000000000535e-01 -9.719800000000000662e-02 9.952640000000000375e-01 1.319999999999999993e-03 -9.952640000000000375e-01 -9.719999999999999474e-02 1.562999999999999936e-03
1.200000000000000000e+01 2.100000000000000000e+01 6.000000000000000000e+01 0.000000000000000000e+00 1.600000000000000089e+00 -1.601999999999999908e-03 6.786000000000000365e-03 9.999759999999999760e-01 -9.576999999999999402e-02 9.953800000000000425e-01 -6.908000000000000078e-03 -9.954020000000000090e-01 -9.577900000000000302e-02 -9.439999999999999607e-04
1.700000000000000000e+01 2.100000000000000000e+01 6.000000000000000000e+01 0.000000000000000000e+00 1.600000000000000089e+00 -7.540000000000000044e-04 1.760999999999999979e-03 9.999980000000000535e-01 -9.568899999999999628e-02 9.954100000000000170e-01 -1.825000000000000016e-03 -9.954110000000000458e-01 -9.568999999999999728e-02 -5.820000000000000520e-04
2.400000000000000000e+01 2.100000000000000000e+01 6.000000000000000000e+01 0.000000000000000000e+00 1.600000000000000089e+00 8.580000000000000387e-04 -1.719999999999999958e-03 9.999980000000000535e-01 -9.296699999999999409e-02 9.956679999999999975e-01 1.791999999999999973e-03 -9.956690000000000262e-01 -9.296799999999999509e-02 6.939999999999999555e-04
1.100000000000000000e+01 3.000000000000000000e+00 6.300000000000000000e+01 0.000000000000000000e+00 1.600000000000000089e+00 -1.121000000000000035e-03 -3.820000000000000045e-03 9.999919999999999920e-01 -6.132250000000000201e-01 7.899049999999999683e-01 2.330000000000000040e-03 -7.899080000000000545e-01 -6.132170000000000121e-01 -3.227999999999999967e-03
1.000000000000000000e+00 2.700000000000000000e+01 6.300000000000000000e+01 0.000000000000000000e+00 1.600000000000000089e+00 -9.420000000000000205e-04 -2.467000000000000009e-03 9.999959999999999960e-01 -2.746839999999999837e-01 9.615320000000000533e-01 2.112999999999999861e-03 -9.615339999999999998e-01 -2.746810000000000085e-01 -1.583999999999999905e-03
8.000000000000000000e+00 2.700000000000000000e+01 6.300000000000000000e+01 0.000000000000000000e+00 1.600000000000000089e+00 1.763000000000000027e-03 -5.460000000000000443e-04 9.999980000000000535e-01 -2.747550000000000270e-01 9.615139999999999798e-01 1.008999999999999914e-03 -9.615129999999999511e-01 -2.747560000000000002e-01 1.544999999999999932e-03
1.300000000000000000e+01 2.700000000000000000e+01 6.300000000000000000e+01 0.000000000000000000e+00 1.600000000000000089e+00 -1.544000000000000017e-03 1.642000000000000013e-03 9.999970000000000248e-01 -2.777229999999999976e-01 9.606590000000000407e-01 -2.005999999999999971e-03 -9.606599999999999584e-01 -2.777249999999999996e-01 -1.026999999999999918e-03
1.600000000000000000e+01 2.700000000000000000e+01 6.300000000000000000e+01 0.000000000000000000e+00 1.600000000000000089e+00 -2.869999999999999830e-04 4.325999999999999984e-03 9.999909999999999632e-01 -2.780309999999999726e-01 9.605629999999999447e-01 -4.235000000000000049e-03 -9.605719999999999814e-01 -2.780299999999999994e-01 9.269999999999999811e-04
1.900000000000000000e+01 2.700000000000000000e+01 6.300000000000000000e+01 0.000000000000000000e+00 1.600000000000000089e+00 2.625999999999999862e-03 6.368000000000000396e-03 9.999759999999999760e-01 -2.765420000000000100e-01 9.609870000000000356e-01 -5.393000000000000224e-03 -9.609980000000000189e-01 -2.765219999999999900e-01 4.284999999999999747e-03
2.400000000000000000e+01 2.700000000000000000e+01 6.300000000000000000e+01 0.000000000000000000e+00 1.600000000000000089e+00 -9.870000000000000301e-04 8.408999999999999808e-03 9.999639999999999640e-01 -2.705890000000000239e-01 9.626590000000000424e-01 -8.361999999999999642e-03 -9.626940000000000497e-01 -2.705870000000000219e-01 1.325000000000000006e-03
1.000000000000000000e+00 2.600000000000000000e+01 6.400000000000000000e+01 0.000000000000000000e+00 1.600000000000000089e+00 -7.479999999999999670e-04 -3.923000000000000272e-03 9.999919999999999920e-01 -3.642639999999999767e-01 9.312890000000000335e-01 3.380999999999999891e-03 -9.312949999999999839e-01 -3.642589999999999995e-01 -2.125999999999999852e-03
8.000000000000000000e+00 2.600000000000000000e+01 6.400000000000000000e+01 0.000000000000000000e+00 1.600000000000000089e+00 2.344999999999999862e-03 1.849999999999999973e-04 9.999970000000000248e-01 -3.670660000000000034e-01 9.301949999999999941e-01 6.890000000000000508e-04 -9.301920000000000188e-01 -3.670660000000000034e-01 2.249000000000000131e-03
1.300000000000000000e+01 2.600000000000000000e+01 6.400000000000000000e+01 0.000000000000000000e+00 1.600000000000000089e+00 -1.978000000000000157e-03 2.317000000000000049e-03 9.999949999999999672e-01 -3.711459999999999759e-01 9.285700000000000065e-01 -2.886000000000000110e-03 -9.285719999999999530e-01 -3.711499999999999799e-01 -9.770000000000000039e-04
1.700000000000000000e+01 2.600000000000000000e+01 6.400000000000000000e+01 0.000000000000000000e+00 1.600000000000000089e+00 2.200000000000000078e-04 3.983000000000000429e-03 9.999919999999999920e-01 -3.717520000000000269e-01 9.283249999999999558e-01 -3.615999999999999857e-03 -9.283320000000000460e-01 -3.717489999999999961e-01 1.685000000000000083e-03
1.900000000000000000e+01 2.600000000000000000e+01 6.400000000000000000e+01 0.000000000000000000e+00 1.600000000000000089e+00 2.161000000000000160e-03 4.366000000000000089e-03 9.999879999999999880e-01 -3.702949999999999853e-01 9.289079999999999560e-01 -3.255000000000000081e-03 -9.289119999999999600e-01 -3.702840000000000020e-01 3.624000000000000051e-03
2.500000000000000000e+01 2.600000000000000000e+01 6.400000000000000000e+01 0.000000000000000000e+00 1.600000000000000089e+00 -3.493000000000000011e-03 6.277999999999999726e-03 9.999740000000000295e-01 -3.648089999999999944e-01 9.310549999999999660e-01 -7.119999999999999593e-03 -9.310760000000000147e-01 -3.648239999999999816e-01 -9.619999999999999645e-04
1.900000000000000000e+01 6.900000000000000000e+01 6.600000000000000000e+01 0.000000000000000000e+00 1.600000000000000089e+00 1.550000000000000000e-04 -4.198000000000000342e-03 9.999909999999999632e-01 -9.493099999999999872e-01 3.143380000000000063e-01 1.466999999999999988e-03 -3.143420000000000103e-01 -9.493019999999999792e-01 -3.937000000000000395e-03
6.000000000000000000e+00 2.500000000000000000e+01 7.300000000000000000e+01 0.000000000000000000e+00 1.600000000000000089e+00 -4.130000000000000099e-04 3.099999999999999999e-04 1.000000000000000000e+00 7.586439999999999850e-01 -6.515050000000000008e-01 5.150000000000000498e-04 6.515050000000000008e-01 7.586439999999999850e-01 3.399999999999999973e-05
1.300000000000000000e+01 2.500000000000000000e+01 7.300000000000000000e+01 0.000000000000000000e+00 1.600000000000000089e+00 -4.550000000000000008e-04 1.464999999999999939e-03 9.999989999999999712e-01 7.541710000000000358e-01 -6.566769999999999552e-01 1.304999999999999953e-03 6.566779999999999839e-01 7.541700000000000070e-01 -8.059999999999999673e-04
1.700000000000000000e+01 2.500000000000000000e+01 7.300000000000000000e+01 0.000000000000000000e+00 1.600000000000000089e+00 -9.340000000000000429e-04 -4.539999999999999765e-04 9.999989999999999712e-01 7.565300000000000358e-01 -6.539589999999999570e-01 4.099999999999999912e-04 6.539589999999999570e-01 7.565300000000000358e-01 9.539999999999999869e-04
2.000000000000000000e+01 2.500000000000000000e+01 7.300000000000000000e+01 0.000000000000000000e+00 1.600000000000000089e+00 -1.574000000000000095e-03 -3.896000000000000157e-03 9.999909999999999632e-01 7.555020000000000069e-01 -6.551449999999999774e-01 -1.363999999999999978e-03 6.551439999999999486e-01 7.554929999999999701e-01 3.974000000000000102e-03
2.500000000000000000e+01 2.500000000000000000e+01 7.300000000000000000e+01 0.000000000000000000e+00 1.600000000000000089e+00 9.799999999999999684e-05 -9.110000000000000259e-04 1.000000000000000000e+00 7.540839999999999765e-01 -6.567779999999999729e-01 -6.719999999999999628e-04 6.567779999999999729e-01 7.540839999999999765e-01 6.220000000000000485e-04
3.000000000000000000e+00 4.400000000000000000e+01 7.300000000000000000e+01 0.000000000000000000e+00 1.600000000000000089e+00 2.000000000000000164e-05 1.361000000000000014e-03 9.999989999999999712e-01 5.867300000000000293e-02 -9.982760000000000522e-01 1.358000000000000049e-03 9.982769999999999699e-01 5.867300000000000293e-02 -1.000000000000000048e-04
9.000000000000000000e+00 4.400000000000000000e+01 7.300000000000000000e+01 0.000000000000000000e+00 1.600000000000000089e+00 -6.459999999999999814e-04 -1.534999999999999906e-03 9.999989999999999712e-01 5.469500000000000056e-02 -9.985020000000000007e-01 -1.497000000000000067e-03 9.985030000000000294e-01 5.469399999999999956e-02 7.290000000000000473e-04
1.300000000000000000e+01 4.400000000000000000e+01 7.300000000000000000e+01 0.000000000000000000e+00 1.600000000000000089e+00 -2.460000000000000164e-04 -8.760000000000000425e-04 1.000000000000000000e+00 5.497300000000000103e-02 -9.984870000000000134e-01 -8.610000000000000032e-04 9.984880000000000422e-01 5.497300000000000103e-02 2.939999999999999905e-04
1.900000000000000000e+01 4.400000000000000000e+01 7.300000000000000000e+01 0.000000000000000000e+00 1.600000000000000089e+00 -6.700000000000000226e-05 -5.000000000000000104e-04 1.000000000000000000e+00 5.351399999999999907e-02 -9.985669999999999824e-01 -4.960000000000000216e-04 9.985669999999999824e-01 5.351399999999999907e-02 9.299999999999999727e-05
2.200000000000000000e+01 4.400000000000000000e+01 7.300000000000000000e+01 0.000000000000000000e+00 1.600000000000000089e+00 5.739999999999999660e-04 -1.598999999999999944e-03 9.999989999999999712e-01 5.311799999999999855e-02 -9.985870000000000024e-01 -1.626999999999999974e-03 9.985880000000000312e-01 5.311899999999999955e-02 -4.879999999999999898e-04
2.700000000000000000e+01 4.400000000000000000e+01 7.300000000000000000e+01 0.000000000000000000e+00 1.600000000000000089e+00 -2.599999999999999840e-05 1.678999999999999937e-03 9.999989999999999712e-01 5.554100000000000009e-02 -9.984549999999999814e-01 1.678000000000000021e-03 9.984560000000000102e-01 5.554100000000000009e-02 -6.799999999999999946e-05
5.000000000000000000e+00 9.100000000000000000e+01 7.600000000000000000e+01 0.000000000000000000e+00 1.600000000000000089e+00 2.180000000000000080e-03 -7.280000000000000230e-04 9.999970000000000248e-01 3.202909999999999924e-01 -9.473179999999999934e-01 -1.387999999999999911e-03 9.473169999999999646e-01 3.202929999999999944e-01 -1.832000000000000078e-03
1.100000000000000000e+01 9.100000000000000000e+01 7.600000000000000000e+01 0.000000000000000000e+00 1.600000000000000089e+00 -2.139999999999999975e-03 -1.456000000000000046e-03 9.999970000000000248e-01 3.009669999999999845e-01 -9.536339999999999817e-01 -7.439999999999999782e-04 9.536320000000000352e-01 3.009640000000000093e-01 2.478999999999999867e-03
1.500000000000000000e+01 9.100000000000000000e+01 7.600000000000000000e+01 0.000000000000000000e+00 1.600000000000000089e+00 -4.099999999999999912e-04 2.930000000000000204e-04 1.000000000000000000e+00 2.920800000000000063e-01 -9.563939999999999664e-01 4.000000000000000192e-04 9.563939999999999664e-01 2.920800000000000063e-01 3.069999999999999812e-04
1.900000000000000000e+01 9.100000000000000000e+01 7.600000000000000000e+01 0.000000000000000000e+00 1.600000000000000089e+00 -8.750000000000000182e-04 2.700000000000000035e-04 1.000000000000000000e+00 2.983600000000000141e-01 -9.544529999999999959e-01 5.190000000000000386e-04 9.544529999999999959e-01 2.983600000000000141e-01 7.550000000000000287e-04
2.700000000000000000e+01 9.100000000000000000e+01 7.600000000000000000e+01 0.000000000000000000e+00 1.600000000000000089e+00 -4.800000000000000122e-04 -8.580000000000000387e-04 1.000000000000000000e+00 3.046800000000000064e-01 -9.524550000000000516e-01 -6.710000000000000469e-04 9.524550000000000516e-01 3.046789999999999776e-01 7.179999999999999967e-04
1.300000000000000000e+01 6.300000000000000000e+01 8.100000000000000000e+01 0.000000000000000000e+00 1.600000000000000089e+00 -1.599999999999999928e-05 7.040000000000000251e-03 9.999749999999999472e-01 3.079199999999999993e-02 -9.995009999999999728e-01 7.036999999999999852e-03 9.995260000000000256e-01 3.079099999999999893e-02 -2.000000000000000096e-04
2.900000000000000000e+01 6.300000000000000000e+01 8.100000000000000000e+01 0.000000000000000000e+00 1.600000000000000089e+00 -6.853999999999999850e-03 -1.479100000000000033e-02 9.998669999999999503e-01 3.303400000000000086e-02 -9.993480000000000141e-01 -1.455700000000000049e-02 9.994309999999999583e-01 3.293000000000000094e-02 7.339000000000000037e-03
7.000000000000000000e+00 4.400000000000000000e+01 8.300000000000000000e+01 0.000000000000000000e+00 1.600000000000000089e+00 -1.144999999999999967e-03 6.059000000000000150e-03 9.999810000000000088e-01 5.805240000000000400e-01 -8.142239999999999478e-01 5.597999999999999678e-03 8.142420000000000213e-01 5.805200000000000360e-01 -2.586000000000000191e-03
1.300000000000000000e+01 4.400000000000000000e+01 8.300000000000000000e+01 0.000000000000000000e+00 1.600000000000000089e+00 3.049999999999999868e-04 3.667000000000000121e-03 9.999930000000000208e-01 5.772209999999999841e-01 -8.165829999999999478e-01 2.818000000000000192e-03 8.165879999999999805e-01 5.772159999999999513e-01 -2.366000000000000048e-03
1.700000000000000000e+01 4.400000000000000000e+01 8.300000000000000000e+01 0.000000000000000000e+00 1.600000000000000089e+00 -4.879999999999999898e-04 -1.965000000000000167e-03 9.999980000000000535e-01 5.735179999999999723e-01 -8.191920000000000313e-01 -1.330000000000000019e-03 8.191929999999999490e-01 5.735160000000000258e-01 1.526999999999999929e-03
2.000000000000000000e+01 4.400000000000000000e+01 8.300000000000000000e+01 0.000000000000000000e+00 1.600000000000000089e+00 -1.028999999999999967e-03 -2.413000000000000214e-03 9.999970000000000248e-01 5.719899999999999984e-01 -8.202589999999999604e-01 -1.389999999999999960e-03 8.202599999999999891e-01 5.719870000000000232e-01 2.223999999999999849e-03
2.500000000000000000e+01 4.400000000000000000e+01 8.300000000000000000e+01 0.000000000000000000e+00 1.600000000000000089e+00 1.067999999999999939e-03 -3.444000000000000013e-03 9.999940000000000495e-01 5.786050000000000360e-01 -8.156010000000000204e-01 -3.426999999999999925e-03 8.156069999999999709e-01 5.786050000000000360e-01 1.121000000000000035e-03
3.000000000000000000e+01 4.400000000000000000e+01 8.300000000000000000e+01 0.000000000000000000e+00 1.600000000000000089e+00 -7.320000000000000118e-04 -4.290000000000000410e-03 9.999909999999999632e-01 5.787379999999999747e-01 -8.155080000000000107e-01 -3.075000000000000042e-03 8.155130000000000434e-01 5.787309999999999954e-01 3.079999999999999839e-03
3.000000000000000000e+00 4.800000000000000000e+01 8.400000000000000000e+01 0.000000000000000000e+00 1.600000000000000089e+00 4.056999999999999842e-03 3.011999999999999920e-03 -9.999869999999999592e-01 -9.473859999999999504e-01 -3.200569999999999804e-01 -4.807999999999999774e-03 -3.200669999999999904e-01 9.473930000000000407e-01 1.554999999999999959e-03
9.000000000000000000e+00 4.800000000000000000e+01 8.400000000000000000e+01 0.000000000000000000e+00 1.600000000000000089e+00 5.314000000000000147e-03 5.181999999999999974e-03 -9.999719999999999720e-01 -9.478050000000000086e-01 -3.187809999999999810e-01 -6.688999999999999634e-03 -3.188059999999999783e-01 9.478140000000000454e-01 3.216999999999999808e-03
1.400000000000000000e+01 4.800000000000000000e+01 8.400000000000000000e+01 0.000000000000000000e+00 1.600000000000000089e+00 2.397999999999999958e-03 2.001000000000000174e-03 -9.999949999999999672e-01 -9.487900000000000222e-01 -3.158940000000000081e-01 -2.906999999999999862e-03 -3.158989999999999854e-01 9.487919999999999687e-01 1.141000000000000087e-03
1.800000000000000000e+01 4.800000000000000000e+01 8.400000000000000000e+01 0.000000000000000000e+00 1.600000000000000089e+00 -1.036000000000000029e-03 -1.734000000000000081e-03 -9.999980000000000535e-01 -9.476329999999999476e-01 -3.193570000000000020e-01 1.536000000000000039e-03 -3.193590000000000040e-01 9.476329999999999476e-01 -1.312999999999999931e-03
