8.000000000000000000e+00 1.500000000000000000e+01 4.000000000000000000e+00 0.000000000000000000e+00 1.600000000000000089e+00 2.128999999999999816e-03 8.446999999999999648e-03 9.999620000000000175e-01 2.869630000000000236e-01 -9.579130000000000145e-01 7.480999999999999803e-03 9.579389999999999850e-01 2.869360000000000244e-01 -4.464000000000000086e-03
1.300000000000000000e+01 1.500000000000000000e+01 4.000000000000000000e+00 0.000000000000000000e+00 1.600000000000000089e+00 -1.727000000000000019e-03 -6.633000000000000007e-03 9.999759999999999760e-01 2.867950000000000221e-01 -9.579739999999999922e-01 -5.858999999999999625e-03 9.579900000000000082e-01 2.867790000000000061e-01 3.556999999999999832e-03
1.700000000000000000e+01 1.500000000000000000e+01 4.000000000000000000e+00 0.000000000000000000e+00 1.600000000000000089e+00 -5.212999999999999752e-03 -3.491999999999999878e-03 9.999799999999999800e-01 2.887560000000000127e-01 -9.574009999999999465e-01 -1.838000000000000007e-03 9.573890000000000455e-01 2.887399999999999967e-01 5.998999999999999992e-03
2.300000000000000000e+01 1.500000000000000000e+01 4.000000000000000000e+00 0.000000000000000000e+00 1.600000000000000089e+00 -6.799999999999999621e-03 1.135800000000000004e-02 9.999120000000000230e-01 2.867730000000000001e-01 -9.579130000000000145e-01 1.283100000000000039e-02 9.579750000000000210e-01 2.868350000000000066e-01 3.256000000000000213e-03
1.000000000000000000e+00 1.010000000000000000e+02 7.000000000000000000e+00 0.000000000000000000e+00 1.600000000000000089e+00 -4.780000000000000178e-04 -2.752999999999999892e-02 9.996209999999999818e-01 8.841409999999999547e-01 4.670309999999999739e-01 1.328499999999999993e-02 -4.672200000000000242e-01 8.838120000000000420e-01 2.411699999999999955e-02
9.000000000000000000e+00 1.010000000000000000e+02 7.000000000000000000e+00 0.000000000000000000e+00 1.600000000000000089e+00 -1.083999999999999894e-03 -1.023100000000000051e-02 9.999470000000000303e-01 8.866829999999999989e-01 4.623430000000000040e-01 5.692000000000000011e-03 -4.623769999999999825e-01 8.866420000000000412e-01 8.571000000000000493e-03
1.700000000000000000e+01 1.010000000000000000e+02 7.000000000000000000e+00 0.000000000000000000e+00 1.600000000000000089e+00 1.394000000000000057e-03 1.412199999999999914e-02 9.998989999999999823e-01 8.855480000000000018e-01 4.644820000000000060e-01 -7.793999999999999713e-03 -4.645449999999999857e-01 8.854699999999999793e-01 -1.185800000000000048e-02
2.900000000000000000e+01 1.010000000000000000e+02 7.000000000000000000e+00 0.000000000000000000e+00 1.600000000000000089e+00 2.743000000000000212e-03 5.699999999999999772e-04 9.999959999999999960e-01 8.880909999999999638e-01 4.596589999999999843e-01 -2.697999999999999877e-03 -4.596589999999999843e-01 8.880949999999999678e-01 7.540000000000000044e-04
5.000000000000000000e+00 1.500000000000000000e+01 8.000000000000000000e+00 0.000000000000000000e+00 1.600000000000000089e+00 -1.590000000000000050e-03 1.440000000000000091e-03 -9.999980000000000535e-01 -5.851640000000000175e-01 -8.109150000000000524e-01 -2.380000000000000117e-04 -8.109129999999999949e-01 5.851619999999999600e-01 2.132000000000000214e-03
1.000000000000000000e+01 1.500000000000000000e+01 8.000000000000000000e+00 0.000000000000000000e+00 1.600000000000000089e+00 1.259999999999999998e-04 2.912999999999999791e-03 -9.999959999999999960e-01 -5.844019999999999770e-01 -8.114609999999999879e-01 -2.438000000000000063e-03 -8.114639999999999631e-01 5.844000000000000306e-01 1.600000000000000077e-03
1.700000000000000000e+01 1.500000000000000000e+01 8.000000000000000000e+00 0.000000000000000000e+00 1.600000000000000089e+00 1.472999999999999917e-03 -3.471999999999999826e-03 -9.999930000000000208e-01 -5.822920000000000318e-01 -8.129769999999999497e-01 1.965000000000000167e-03 -8.129779999999999784e-01 5.822850000000000525e-01 -3.219000000000000073e-03
2.300000000000000000e+01 1.500000000000000000e+01 8.000000000000000000e+00 0.000000000000000000e+00 1.600000000000000089e+00 1.011199999999999946e-02 9.475000000000000783e-03 -9.999040000000000150e-01 -5.783430000000000515e-01 -8.156809999999999894e-01 -1.357799999999999979e-02 -8.157309999999999839e-01 5.784240000000000492e-01 -2.769000000000000194e-03
2.800000000000000000e+01 1.500000000000000000e+01 8.000000000000000000e+00 0.000000000000000000e+00 1.600000000000000089e+00 1.052299999999999937e-02 1.909699999999999939e-02 -9.997620000000000395e-01 -5.758229999999999738e-01 -8.172869999999999857e-01 -2.167300000000000129e-02 -8.175059999999999549e-01 5.759140000000000370e-01 2.396999999999999825e-03
3.000000000000000000e+00 2.600000000000000000e+01 8.000000000000000000e+00 0.000000000000000000e+00 1.600000000000000089e+00 2.984999999999999806e-03 6.173999999999999801e-03 -9.999759999999999760e-01 4.066739999999999799e-01 9.135480000000000267e-01 6.853999999999999850e-03 9.135689999999999644e-01 -4.066850000000000187e-01 2.169999999999999891e-04
8.000000000000000000e+00 2.600000000000000000e+01 8.000000000000000000e+00 0.000000000000000000e+00 1.600000000000000089e+00 1.456999999999999962e-03 5.768999999999999823e-03 -9.999820000000000375e-01 4.047350000000000114e-01 9.144149999999999778e-01 5.865000000000000421e-03 9.144330000000000513e-01 -4.047359999999999847e-01 -1.002999999999999985e-03
1.200000000000000000e+01 2.600000000000000000e+01 8.000000000000000000e+00 0.000000000000000000e+00 1.600000000000000089e+00 1.369999999999999907e-03 3.480000000000000020e-04 -9.999989999999999712e-01 4.047000000000000042e-01 9.144489999999999563e-01 8.720000000000000537e-04 9.144480000000000386e-01 -4.047009999999999774e-01 1.111999999999999924e-03
1.500000000000000000e+01 2.400000000000000000e+01 9.000000000000000000e+00 0.000000000000000000e+00 1.600000000000000089e+00 1.177000000000000095e-03 1.069000000000000072e-03 -9.999989999999999712e-01 4.580159999999999787e-01 8.889420000000000099e-01 1.490000000000000005e-03 8.889430000000000387e-01 -4.580179999999999807e-01 5.569999999999999864e-04
1.900000000000000000e+01 2.400000000000000000e+01 9.000000000000000000e+00 0.000000000000000000e+00 1.600000000000000089e+00 -1.853000000000000046e-03 -8.151999999999999524e-03 -9.999649999999999928e-01 4.583519999999999817e-01 8.887340000000000240e-01 -8.094000000000000500e-03 8.887690000000000312e-01 -4.583510000000000084e-01 2.089999999999999844e-03
2.800000000000000000e+01 2.400000000000000000e+01 9.000000000000000000e+00 0.000000000000000000e+00 1.600000000000000089e+00 -9.280999999999999320e-03 -2.273400000000000074e-02 -9.996979999999999755e-01 4.637890000000000068e-01 8.856079999999999508e-01 -2.444500000000000145e-02 8.858970000000000455e-01 -4.638760000000000105e-01 2.324999999999999810e-03
7.000000000000000000e+00 3.100000000000000000e+01 1.200000000000000000e+01 0.000000000000000000e+00 1.600000000000000089e+00 2.118000000000000091e-03 2.488999999999999893e-03 9.999949999999999672e-01 9.270999999999999727e-03 9.999540000000000095e-01 -2.508999999999999946e-03 -9.999550000000000383e-01 9.275999999999999523e-03 2.095000000000000074e-03
2.300000000000000000e+01 3.100000000000000000e+01 1.200000000000000000e+01 0.000000000000000000e+00 1.600000000000000089e+00 -6.870000000000000022e-04 8.999999999999999754e-04 9.999989999999999712e-01 1.899800000000000100e-02 9.998190000000000133e-01 -8.869999999999999846e-04 -9.998190000000000133e-01 1.899800000000000100e-02 -7.039999999999999817e-04
2.900000000000000000e+01 3.100000000000000000e+01 1.200000000000000000e+01 0.000000000000000000e+00 1.600000000000000089e+00 8.660000000000000163e-04 -4.500000000000000283e-05 1.000000000000000000e+00 1.735000000000000084e-02 9.998489999999999878e-01 3.000000000000000076e-05 -9.998489999999999878e-01 1.735000000000000084e-02 8.670000000000000406e-04
5.000000000000000000e+00 1.200000000000000000e+01 1.500000000000000000e+01 0.000000000000000000e+00 1.600000000000000089e+00 -1.219999999999999947e-03 -7.378000000000000010e-03 -9.999719999999999720e-01 -4.692569999999999797e-01 -8.830329999999999568e-01 7.087999999999999683e-03 -8.830609999999999848e-01 4.692529999999999757e-01 -2.383999999999999835e-03
1.400000000000000000e+01 1.200000000000000000e+01 1.500000000000000000e+01 0.000000000000000000e+00 1.600000000000000089e+00 -1.726000000000000104e-03 -1.879999999999999944e-03 -9.999970000000000248e-01 -4.674369999999999914e-01 -8.840230000000000032e-01 2.468999999999999841e-03 -8.840249999999999497e-01 4.674389999999999934e-01 6.470000000000000057e-04
1.800000000000000000e+01 1.200000000000000000e+01 1.500000000000000000e+01 0.000000000000000000e+00 1.600000000000000089e+00 1.309000000000000051e-03 3.782000000000000205e-03 -9.999919999999999920e-01 -4.657689999999999886e-01 -8.848970000000000447e-01 -3.956000000000000315e-03 -8.849050000000000527e-01 4.657709999999999906e-01 6.030000000000000204e-04
2.100000000000000000e+01 1.200000000000000000e+01 1.500000000000000000e+01 0.000000000000000000e+00 1.600000000000000089e+00 5.962000000000000285e-03 9.096999999999999184e-03 -9.999409999999999688e-01 -4.662529999999999730e-01 -8.845849999999999547e-01 -1.082699999999999982e-02 -8.846309999999999452e-01 4.662899999999999823e-01 -1.033000000000000064e-03
2.900000000000000000e+01 1.200000000000000000e+01 1.500000000000000000e+01 0.000000000000000000e+00 1.600000000000000089e+00 8.028000000000000413e-03 9.464999999999999455e-03 -9.999230000000000063e-01 -4.669440000000000257e-01 -8.842039999999999900e-01 -1.211899999999999956e-02 -8.842510000000000092e-01 4.670050000000000034e-01 -2.678999999999999958e-03
1.100000000000000000e+01 1.160000000000000000e+02 1.600000000000000000e+01 0.000000000000000000e+00 1.600000000000000089e+00 8.570000000000000144e-04 -1.100000000000000039e-04 1.000000000000000000e+00 6.807440000000000158e-01 7.325209999999999777e-01 -5.029999999999999749e-04 -7.325209999999999777e-01 6.807450000000000445e-01 7.029999999999999574e-04
2.200000000000000000e+01 1.160000000000000000e+02 1.600000000000000000e+01 0.000000000000000000e+00 1.600000000000000089e+00 8.279999999999999600e-04 2.566999999999999837e-03 9.999959999999999960e-01 7.019870000000000276e-01 7.121859999999999857e-01 -2.409999999999999816e-03 -7.121889999999999610e-01 7.019870000000000276e-01 -1.211999999999999970e-03
2.700000000000000000e+01 1.160000000000000000e+02 1.600000000000000000e+01 0.000000000000000000e+00 1.600000000000000089e+00 5.820000000000000520e-04 -2.625000000000000163e-03 9.999959999999999960e-01 7.150239999999999929e-01 6.990990000000000260e-01 1.418999999999999906e-03 -6.991000000000000547e-01 7.150199999999999889e-01 2.284000000000000006e-03
9.000000000000000000e+00 2.000000000000000000e+00 1.900000000000000000e+01 0.000000000000000000e+00 1.600000000000000089e+00 8.620000000000000275e-04 1.907999999999999974e-03 -9.999980000000000535e-01 1.839899999999999869e-01 -9.829269999999999952e-01 -1.716000000000000077e-03 -9.829280000000000239e-01 -1.839880000000000126e-01 -1.198000000000000063e-03
1.500000000000000000e+01 2.000000000000000000e+00 1.900000000000000000e+01 0.000000000000000000e+00 1.600000000000000089e+00 -1.330999999999999935e-03 -1.242000000000000048e-03 -9.999980000000000535e-01 1.800599999999999978e-01 -9.836549999999999461e-01 9.820000000000000170e-04 -9.836549999999999461e-01 -1.800579999999999958e-01 1.533000000000000074e-03
2.000000000000000000e+01 2.000000000000000000e+00 1.900000000000000000e+01 0.000000000000000000e+00 1.600000000000000089e+00 -5.599999999999999509e-04 -1.689999999999999879e-04 -1.000000000000000000e+00 1.774969999999999881e-01 -9.841210000000000235e-01 6.700000000000000226e-05 -9.841210000000000235e-01 -1.774969999999999881e-01 5.810000000000000277e-04
4.000000000000000000e+00 4.000000000000000000e+00 2.000000000000000000e+01 0.000000000000000000e+00 1.600000000000000089e+00 1.668999999999999911e-03 4.179999999999999688e-03 -9.999900000000000455e-01 2.722600000000000020e-01 -9.622169999999999890e-01 -3.567999999999999991e-03 -9.622220000000000217e-01 -2.722519999999999940e-01 -2.743999999999999911e-03
1.600000000000000000e+01 4.000000000000000000e+00 2.000000000000000000e+01 0.000000000000000000e+00 1.600000000000000089e+00 9.190000000000000035e-04 -4.462999999999999953e-03 -9.999900000000000455e-01 2.728700000000000014e-01 -9.620400000000000063e-01 4.545000000000000429e-03 -9.620509999999999895e-01 -2.728709999999999747e-01 3.339999999999999870e-04
2.200000000000000000e+01 4.000000000000000000e+00 2.000000000000000000e+01 0.000000000000000000e+00 1.600000000000000089e+00 -3.510000000000000099e-03 2.003000000000000006e-03 -9.999919999999999920e-01 2.746709999999999985e-01 -9.615339999999999998e-01 -2.890000000000000208e-03 -9.615320000000000533e-01 -2.746790000000000065e-01 2.824999999999999820e-03
2.600000000000000000e+01 4.000000000000000000e+00 2.000000000000000000e+01 0.000000000000000000e+00 1.600000000000000089e+00 -1.402999999999999950e-03 1.791999999999999973e-03 -9.999970000000000248e-01 2.767169999999999908e-01 -9.609490000000000531e-01 -2.109999999999999896e-03 -9.609499999999999709e-01 -2.767189999999999928e-01 8.530000000000000256e-04
2.000000000000000000e+00 1.300000000000000000e+01 2.000000000000000000e+01 0.000000000000000000e+00 1.600000000000000089e+00 2.700000000000000035e-04 -3.847000000000000159e-03 9.999930000000000208e-01 2.594330000000000247e-01 9.657540000000000013e-01 3.644999999999999803e-03 -9.657609999999999806e-01 2.594299999999999939e-01 1.258999999999999920e-03
5.000000000000000000e+00 1.300000000000000000e+01 2.000000000000000000e+01 0.000000000000000000e+00 1.600000000000000089e+00 3.539999999999999853e-04 -5.520999999999999866e-03 9.999850000000000128e-01 2.595540000000000069e-01 9.657139999999999613e-01 5.239999999999999866e-03 -9.657289999999999486e-01 2.595480000000000009e-01 1.773999999999999969e-03
1.300000000000000000e+01 1.300000000000000000e+01 2.000000000000000000e+01 0.000000000000000000e+00 1.600000000000000089e+00 -2.020000000000000040e-04 7.023999999999999862e-03 9.999749999999999472e-01 2.599339999999999984e-01 9.656029999999999891e-01 -6.729999999999999871e-03 -9.656259999999999843e-01 2.599259999999999904e-01 -2.020999999999999793e-03
1.700000000000000000e+01 1.300000000000000000e+01 2.000000000000000000e+01 0.000000000000000000e+00 1.600000000000000089e+00 -7.150000000000000322e-04 2.664999999999999834e-03 9.999959999999999960e-01 2.579029999999999934e-01 9.661680000000000268e-01 -2.390999999999999896e-03 -9.661710000000000020e-01 2.579000000000000181e-01 -1.378000000000000102e-03
2.100000000000000000e+01 1.300000000000000000e+01 2.000000000000000000e+01 0.000000000000000000e+00 1.600000000000000089e+00 6.350000000000000392e-04 -3.348999999999999980e-03 9.999940000000000495e-01 2.579089999999999994e-01 9.661640000000000228e-01 3.072000000000000078e-03 -9.661689999999999445e-01 2.579060000000000241e-01 1.477000000000000014e-03
2.500000000000000000e+01 1.300000000000000000e+01 2.000000000000000000e+01 0.000000000000000000e+00 1.600000000000000089e+00 1.531999999999999942e-03 -7.476000000000000006e-03 9.999710000000000543e-01 2.587690000000000268e-01 9.659149999999999681e-01 6.825000000000000337e-03 -9.659379999999999633e-01 2.587510000000000088e-01 3.413999999999999934e-03
3.000000000000000000e+01 1.300000000000000000e+01 2.000000000000000000e+01 0.000000000000000000e+00 1.600000000000000089e+00 4.629999999999999784e-04 -1.142199999999999986e-02 9.999350000000000183e-01 2.576620000000000021e-01 9.661729999999999485e-01 1.091699999999999962e-02 -9.662349999999999550e-01 2.576399999999999801e-01 3.390999999999999917e-03
2.000000000000000000e+00 1.600000000000000000e+01 2.100000000000000000e+01 0.000000000000000000e+00 1.600000000000000089e+00 5.259999999999999919e-04 -3.887999999999999963e-03 9.999919999999999920e-01 2.988430000000000253e-01 9.542960000000000331e-01 3.553000000000000169e-03 -9.543019999999999836e-01 2.988390000000000213e-01 1.663999999999999898e-03
1.100000000000000000e+01 1.600000000000000000e+01 2.100000000000000000e+01 0.000000000000000000e+00 1.600000000000000089e+00 -1.123999999999999999e-03 8.720000000000000537e-04 9.999989999999999712e-01 2.983839999999999826e-01 9.544460000000000166e-01 -4.970000000000000459e-04 -9.544449999999999878e-01 2.983830000000000093e-01 -1.332999999999999984e-03
1.500000000000000000e+01 1.600000000000000000e+01 2.100000000000000000e+01 0.000000000000000000e+00 1.600000000000000089e+00 -1.771000000000000005e-03 3.083999999999999936e-03 9.999940000000000495e-01 2.955740000000000034e-01 9.553169999999999717e-01 -2.422000000000000108e-03 -9.553180000000000005e-01 2.955679999999999974e-01 -2.602999999999999845e-03
2.600000000000000000e+01 1.600000000000000000e+01 2.100000000000000000e+01 0.000000000000000000e+00 1.600000000000000089e+00 1.526000000000000013e-03 -3.684000000000000209e-03 9.999919999999999920e-01 2.950720000000000010e-01 9.554700000000000415e-01 3.069999999999999812e-03 -9.554740000000000455e-01 2.950650000000000217e-01 2.544999999999999953e-03
2.800000000000000000e+01 3.000000000000000000e+00 2.500000000000000000e+01 0.000000000000000000e+00 1.600000000000000089e+00 -3.810000000000000019e-03 9.159000000000000474e-03 9.999510000000000343e-01 -1.812499999999999875e-02 -9.997939999999999605e-01 9.088000000000000592e-03 9.998280000000000500e-01 -1.808900000000000091e-02 3.976000000000000367e-03
1.300000000000000000e+01 4.600000000000000000e+01 2.700000000000000000e+01 0.000000000000000000e+00 1.600000000000000089e+00 -1.396000000000000105e-03 -8.379999999999999862e-04 -9.999989999999999712e-01 6.829119999999999635e-01 7.304990000000000094e-01 -1.564999999999999985e-03 7.305000000000000382e-01 -6.829129999999999923e-01 -4.479999999999999933e-04
2.500000000000000000e+01 4.600000000000000000e+01 2.700000000000000000e+01 0.000000000000000000e+00 1.600000000000000089e+00 8.549999999999999658e-04 1.536000000000000039e-03 -9.999980000000000535e-01 6.806929999999999925e-01 7.325669999999999682e-01 1.708000000000000100e-03 7.325690000000000257e-01 -6.806929999999999925e-01 -4.189999999999999931e-04
6.000000000000000000e+00 5.800000000000000000e+01 3.100000000000000000e+01 0.000000000000000000e+00 1.600000000000000089e+00 8.399999999999999535e-05 3.742000000000000100e-03 9.999930000000000208e-01 -8.011030000000000095e-01 -5.985219999999999985e-01 2.307000000000000023e-03 5.985270000000000312e-01 -8.010969999999999480e-01 2.948000000000000100e-03
9.000000000000000000e+00 5.800000000000000000e+01 3.100000000000000000e+01 0.000000000000000000e+00 1.600000000000000089e+00 2.893000000000000172e-03 3.951999999999999784e-03 9.999879999999999880e-01 -8.023689999999999989e-01 -5.968099999999999516e-01 4.680000000000000132e-03 5.968210000000000459e-01 -8.023730000000000029e-01 1.443999999999999971e-03
1.600000000000000000e+01 5.800000000000000000e+01 3.100000000000000000e+01 0.000000000000000000e+00 1.600000000000000089e+00 -2.919999999999999961e-04 2.629999999999999959e-03 9.999970000000000248e-01 -8.013660000000000228e-01 -5.981729999999999547e-01 1.338999999999999913e-03 5.981750000000000123e-01 -8.013620000000000188e-01 2.282999999999999873e-03
2.400000000000000000e+01 5.800000000000000000e+01 3.100000000000000000e+01 0.000000000000000000e+00 1.600000000000000089e+00 2.507999999999999813e-03 7.905999999999999833e-03 9.999660000000000215e-01 -8.013679999999999692e-01 -5.981340000000000545e-01 6.739000000000000198e-03 5.981670000000000043e-01 -8.013569999999999860e-01 4.836000000000000021e-03
3.000000000000000000e+00 4.600000000000000000e+01 3.500000000000000000e+01 0.000000000000000000e+00 1.600000000000000089e+00 5.509999999999999490e-04 8.570000000000000144e-04 -1.000000000000000000e+00 3.850979999999999959e-01 -9.228760000000000296e-01 -5.779999999999999548e-04 -9.228760000000000296e-01 -3.850970000000000226e-01 -8.390000000000000105e-04
6.000000000000000000e+00 4.600000000000000000e+01 3.500000000000000000e+01 0.000000000000000000e+00 1.600000000000000089e+00 5.010000000000000347e-04 3.419000000000000164e-03 -9.999940000000000495e-01 3.861240000000000228e-01 -9.224419999999999842e-01 -2.959999999999999958e-03 -9.224470000000000169e-01 -3.861209999999999920e-01 -1.783000000000000080e-03
1.000000000000000000e+01 4.600000000000000000e+01 3.500000000000000000e+01 0.000000000000000000e+00 1.600000000000000089e+00 1.433000000000000029e-03 3.680999999999999810e-03 -9.999919999999999920e-01 3.862889999999999935e-01 -9.223740000000000272e-01 -2.841999999999999908e-03 -9.223770000000000024e-01 -3.862820000000000142e-01 -2.743999999999999911e-03
1.900000000000000000e+01 4.600000000000000000e+01 3.500000000000000000e+01 0.000000000000000000e+00 1.600000000000000089e+00 -9.870000000000000301e-04 1.118999999999999986e-03 -9.999989999999999712e-01 3.844509999999999872e-01 -9.231439999999999646e-01 -1.412000000000000061e-03 -9.231449999999999934e-01 -3.844520000000000159e-01 4.809999999999999823e-04
2.800000000000000000e+01 4.600000000000000000e+01 3.500000000000000000e+01 0.000000000000000000e+00 1.600000000000000089e+00 -2.799999999999999958e-05 -6.620000000000000450e-04 -1.000000000000000000e+00 3.858750000000000235e-01 -9.225510000000000099e-01 5.999999999999999474e-04 -9.225510000000000099e-01 -3.858750000000000235e-01 2.820000000000000241e-04
1.600000000000000000e+01 9.500000000000000000e+01 3.600000000000000000e+01 0.000000000000000000e+00 1.600000000000000089e+00 -8.533999999999999919e-03 -2.270600000000000049e-02 9.997059999999999835e-01 9.971569999999999601e-01 7.465099999999999514e-02 1.020800000000000006e-02 -7.486099999999999699e-02 9.969510000000000316e-01 2.200399999999999925e-02
2.300000000000000000e+01 9.500000000000000000e+01 3.600000000000000000e+01 0.000000000000000000e+00 1.600000000000000089e+00 -9.389999999999999476e-04 9.516000000000000153e-03 9.999540000000000095e-01 9.971360000000000223e-01 7.562299999999999578e-02 2.169999999999999891e-04 -7.561700000000000366e-02 9.970909999999999496e-01 -9.560000000000000789e-03
2.900000000000000000e+01 9.500000000000000000e+01 3.600000000000000000e+01 0.000000000000000000e+00 1.600000000000000089e+00 4.271999999999999756e-03 -1.848999999999999949e-02 9.998200000000000420e-01 9.977019999999999778e-01 6.768100000000000505e-02 -3.011999999999999920e-03 -6.761300000000000643e-02 9.975359999999999783e-01 1.873700000000000018e-02
4.000000000000000000e+00 2.900000000000000000e+01 4.400000000000000000e+01 0.000000000000000000e+00 1.600000000000000089e+00 1.467999999999999904e-03 -7.093999999999999612e-03 -9.999740000000000295e-01 6.807520000000000238e-01 7.325019999999999865e-01 -4.197000000000000210e-03 7.325120000000000520e-01 -6.807279999999999998e-01 5.904999999999999659e-03
1.600000000000000000e+01 2.900000000000000000e+01 4.400000000000000000e+01 0.000000000000000000e+00 1.600000000000000089e+00 -3.154999999999999818e-03 -1.270999999999999994e-03 -9.999940000000000495e-01 6.698039999999999550e-01 7.425310000000000521e-01 -3.056999999999999822e-03 7.425310000000000521e-01 -6.698100000000000165e-01 -1.490999999999999921e-03
2.200000000000000000e+01 2.900000000000000000e+01 4.400000000000000000e+01 0.000000000000000000e+00 1.600000000000000089e+00 -2.082000000000000083e-03 8.469999999999999881e-04 -9.999970000000000248e-01 6.668520000000000003e-01 7.451900000000000190e-01 -7.569999999999999689e-04 7.451879999999999615e-01 -6.668509999999999716e-01 -2.116999999999999958e-03
2.600000000000000000e+01 2.900000000000000000e+01 4.400000000000000000e+01 0.000000000000000000e+00 1.600000000000000089e+00 -1.012000000000000096e-03 2.041999999999999978e-03 -9.999970000000000248e-01 6.652949999999999697e-01 7.465800000000000214e-01 8.509999999999999769e-04 7.465800000000000214e-01 -6.652930000000000232e-01 -2.113999999999999994e-03
1.100000000000000000e+01 5.400000000000000000e+01 4.600000000000000000e+01 0.000000000000000000e+00 1.600000000000000089e+00 -3.730000000000000134e-04 8.422000000000000666e-03 9.999639999999999640e-01 3.425969999999999849e-01 -9.394479999999999498e-01 8.040000000000000271e-03 9.394820000000000393e-01 3.425880000000000036e-01 -2.533999999999999794e-03
1.300000000000000000e+01 6.500000000000000000e+01 4.600000000000000000e+01 0.000000000000000000e+00 1.600000000000000089e+00 -2.554999999999999979e-03 1.907000000000000058e-03 9.999949999999999672e-01 6.816419999999999702e-01 -7.316789999999999683e-01 3.137000000000000031e-03 7.316820000000000546e-01 6.816459999999999742e-01 5.699999999999999772e-04
1.400000000000000000e+01 7.000000000000000000e+00 5.200000000000000000e+01 0.000000000000000000e+00 1.600000000000000089e+00 -1.884000000000000041e-03 -2.405000000000000020e-03 -9.999949999999999672e-01 8.436799999999999855e-02 -9.964319999999999844e-01 2.236999999999999839e-03 -9.964330000000000132e-01 -8.436399999999999455e-02 2.080999999999999951e-03
1.300000000000000000e+01 1.500000000000000000e+01 5.300000000000000000e+01 0.000000000000000000e+00 1.600000000000000089e+00 3.209999999999999963e-04 1.007000000000000083e-03 -9.999989999999999712e-01 6.792599999999999749e-01 7.338980000000000503e-01 9.569999999999999514e-04 7.338980000000000503e-01 -6.792589999999999462e-01 -4.490000000000000176e-04
2.700000000000000000e+01 1.500000000000000000e+01 5.300000000000000000e+01 0.000000000000000000e+00 1.600000000000000089e+00 1.592000000000000099e-03 -2.149999999999999947e-04 -9.999989999999999712e-01 6.760239999999999583e-01 7.368789999999999507e-01 9.169999999999999549e-04 7.368770000000000042e-01 -6.760249999999999870e-01 1.319000000000000077e-03
2.000000000000000000e+00 6.300000000000000000e+01 5.400000000000000000e+01 0.000000000000000000e+00 1.600000000000000089e+00 5.289999999999999564e-04 8.199999999999999824e-04 1.000000000000000000e+00 -3.514999999999999791e-01 9.361880000000000202e-01 -5.810000000000000277e-04 -9.361880000000000202e-01 -3.514990000000000059e-01 7.839999999999999747e-04
8.000000000000000000e+00 6.300000000000000000e+01 5.400000000000000000e+01 0.000000000000000000e+00 1.600000000000000089e+00 -6.250000000000000130e-04 -1.657999999999999969e-03 9.999980000000000535e-01 -3.521679999999999811e-01 9.359359999999999902e-01 1.330999999999999935e-03 -9.359370000000000189e-01 -3.521659999999999791e-01 -1.168999999999999900e-03
1.200000000000000000e+01 6.300000000000000000e+01 5.400000000000000000e+01 0.000000000000000000e+00 1.600000000000000089e+00 8.819999999999999715e-04 -1.309000000000000051e-03 9.999989999999999712e-01 -3.496270000000000211e-01 9.368880000000000541e-01 1.534999999999999906e-03 -9.368880000000000541e-01 -3.496279999999999943e-01 3.690000000000000246e-04
1.700000000000000000e+01 6.300000000000000000e+01 5.400000000000000000e+01 0.000000000000000000e+00 1.600000000000000089e+00 2.500000000000000120e-05 -7.799999999999999859e-04 1.000000000000000000e+00 -3.511130000000000084e-01 9.363329999999999709e-01 7.389999999999999651e-04 -9.363329999999999709e-01 -3.511130000000000084e-01 -2.509999999999999753e-04
2.100000000000000000e+01 6.300000000000000000e+01 5.400000000000000000e+01 0.000000000000000000e+00 1.600000000000000089e+00 3.009999999999999980e-04 -1.949999999999999965e-04 1.000000000000000000e+00 -3.498939999999999828e-01 9.367889999999999828e-01 2.880000000000000073e-04 -9.367889999999999828e-01 -3.498939999999999828e-01 2.139999999999999975e-04
2.300000000000000000e+01 6.300000000000000000e+01 5.400000000000000000e+01 0.000000000000000000e+00 1.600000000000000089e+00 7.579999999999999932e-04 1.310000000000000129e-04 1.000000000000000000e+00 -3.495949999999999891e-01 9.369009999999999838e-01 1.420000000000000092e-04 -9.369009999999999838e-01 -3.495949999999999891e-01 7.560000000000000530e-04
2.700000000000000000e+01 6.300000000000000000e+01 5.400000000000000000e+01 0.000000000000000000e+00 1.600000000000000089e+00 -4.360000000000000269e-04 7.079999999999999705e-04 1.000000000000000000e+00 -3.505750000000000255e-01 9.365339999999999776e-01 -8.159999999999999936e-04 -9.365350000000000064e-01 -3.505750000000000255e-01 -1.600000000000000131e-04
7.000000000000000000e+00 2.500000000000000000e+01 5.500000000000000000e+01 0.000000000000000000e+00 1.600000000000000089e+00 -2.139999999999999975e-04 -1.155999999999999910e-03 -9.999989999999999712e-01 -1.045199999999999949e-02 -9.999449999999999728e-01 1.157999999999999958e-03 -9.999449999999999728e-01 1.045199999999999949e-02 2.020000000000000040e-04
1.400000000000000000e+01 2.500000000000000000e+01 5.500000000000000000e+01 0.000000000000000000e+00 1.600000000000000089e+00 -1.910000000000000077e-04 -1.098999999999999934e-03 -9.999989999999999712e-01 -1.248999999999999937e-02 -9.999209999999999487e-01 1.100999999999999982e-03 -9.999219999999999775e-01 1.249100000000000037e-02 1.769999999999999926e-04
1.900000000000000000e+01 2.500000000000000000e+01 5.500000000000000000e+01 0.000000000000000000e+00 1.600000000000000089e+00 -9.420000000000000205e-04 -2.083000000000000216e-03 -9.999970000000000248e-01 -1.111900000000000041e-02 -9.999360000000000470e-01 2.092999999999999809e-03 -9.999379999999999935e-01 1.112100000000000068e-02 9.190000000000000035e-04
2.300000000000000000e+01 2.500000000000000000e+01 5.500000000000000000e+01 0.000000000000000000e+00 1.600000000000000089e+00 7.479999999999999670e-04 4.440000000000000045e-04 -1.000000000000000000e+00 -1.127399999999999930e-02 -9.999360000000000470e-01 -4.530000000000000064e-04 -9.999360000000000470e-01 1.127399999999999930e-02 -7.429999999999999539e-04
2.500000000000000000e+01 2.500000000000000000e+01 5.500000000000000000e+01 0.000000000000000000e+00 1.600000000000000089e+00 1.258999999999999920e-03 3.184000000000000198e-03 -9.999940000000000495e-01 -1.127399999999999930e-02 -9.999310000000000143e-01 -3.197999999999999888e-03 -9.999360000000000470e-01 1.127799999999999983e-02 -1.222999999999999912e-03
2.400000000000000000e+01 5.800000000000000000e+01 5.900000000000000000e+01 0.000000000000000000e+00 1.600000000000000089e+00 -4.398000000000000000e-03 5.400000000000000286e-03 -9.999759999999999760e-01 3.868570000000000064e-01 9.221340000000000092e-01 3.278000000000000098e-03 9.221289999999999765e-01 -3.868329999999999824e-01 -6.144000000000000156e-03
6.000000000000000000e+00 2.100000000000000000e+01 6.000000000000000000e+01 0.000000000000000000e+00 1.600000000000000089e+00 2.060999999999999898e-03 -9.303000000000000505e-03 9.999550000000000383e-01 -9.294700000000000184e-02 9.956260000000000110e-01 9.454000000000000598e-03 -9.956690000000000262e-01 -9.296200000000000296e-02 1.188000000000000037e-03
1.000000000000000000e+00 2.700000000000000000e+01 6.300000000000000000e+01 0.000000000000000000e+00 1.600000000000000089e+00 -9.389999999999999476e-04 -3.490000000000000047e-03 9.999940000000000495e-01 -2.769590000000000107e-01 9.608769999999999811e-01 3.093999999999999962e-03 -9.608809999999999851e-01 -2.769550000000000067e-01 -1.869000000000000002e-03
7.000000000000000000e+00 2.700000000000000000e+01 6.300000000000000000e+01 0.000000000000000000e+00 1.600000000000000089e+00 3.750999999999999994e-03 8.299999999999999815e-05 9.999930000000000208e-01 -2.793769999999999865e-01 9.601809999999999512e-01 9.680000000000000019e-04 -9.601739999999999720e-01 -2.793789999999999885e-01 3.624000000000000051e-03
1.100000000000000000e+01 2.700000000000000000e+01 6.300000000000000000e+01 0.000000000000000000e+00 1.600000000000000089e+00 2.661999999999999870e-03 8.219000000000000611e-03 9.999630000000000463e-01 -2.738929999999999976e-01 9.617329999999999490e-01 -7.174999999999999954e-03 -9.617560000000000553e-01 -2.738639999999999963e-01 4.811000000000000172e-03
1.900000000000000000e+01 2.700000000000000000e+01 6.300000000000000000e+01 0.000000000000000000e+00 1.600000000000000089e+00 -1.693999999999999976e-03 -5.928000000000000110e-03 9.999810000000000088e-01 -2.775340000000000029e-01 9.607019999999999449e-01 5.224999999999999610e-03 -9.607139999999999569e-01 -2.775199999999999889e-01 -3.272999999999999868e-03
2.300000000000000000e+01 2.700000000000000000e+01 6.300000000000000000e+01 0.000000000000000000e+00 1.600000000000000089e+00 6.299999999999999990e-05 -9.131000000000000227e-03 9.999580000000000135e-01 -2.796589999999999909e-01 9.600589999999999957e-01 8.784000000000000141e-03 -9.600990000000000357e-01 -2.796480000000000077e-01 -2.492999999999999990e-03
2.000000000000000000e+00 2.600000000000000000e+01 6.400000000000000000e+01 0.000000000000000000e+00 1.600000000000000089e+00 9.110000000000000259e-04 -6.276999999999999594e-03 9.999799999999999800e-01 -3.592290000000000205e-01 9.332289999999999752e-01 6.185000000000000393e-03 -9.332489999999999952e-01 -3.592279999999999918e-01 -1.404999999999999999e-03
7.000000000000000000e+00 2.600000000000000000e+01 6.400000000000000000e+01 0.000000000000000000e+00 1.600000000000000089e+00 4.027000000000000197e-03 -1.949999999999999965e-04 9.999919999999999920e-01 -3.612890000000000268e-01 9.324519999999999476e-01 1.637000000000000000e-03 -9.324449999999999683e-01 -3.612929999999999753e-01 3.684000000000000209e-03
1.400000000000000000e+01 2.600000000000000000e+01 6.400000000000000000e+01 0.000000000000000000e+00 1.600000000000000089e+00 -3.106999999999999953e-03 7.509000000000000050e-03 9.999670000000000503e-01 -3.505610000000000115e-01 9.365050000000000319e-01 -8.120999999999999747e-03 -9.365350000000000064e-01 -3.505739999999999967e-01 -2.779999999999999811e-04
1.900000000000000000e+01 2.600000000000000000e+01 6.400000000000000000e+01 0.000000000000000000e+00 1.600000000000000089e+00 -8.840000000000000201e-04 -5.956999999999999622e-03 9.999820000000000375e-01 -3.590119999999999978e-01 9.333179999999999810e-01 5.242000000000000132e-03 -9.333329999999999682e-01 -3.589999999999999858e-01 -2.964000000000000055e-03
2.300000000000000000e+01 2.600000000000000000e+01 6.400000000000000000e+01 0.000000000000000000e+00 1.600000000000000089e+00 1.131999999999999977e-03 -8.824999999999999512e-03 9.999599999999999600e-01 -3.601249999999999729e-01 9.328640000000000265e-01 8.640999999999999376e-03 -9.329030000000000378e-01 -3.601210000000000244e-01 -2.122000000000000188e-03
2.800000000000000000e+01 2.600000000000000000e+01 6.400000000000000000e+01 0.000000000000000000e+00 1.600000000000000089e+00 -3.440000000000000132e-04 2.684999999999999887e-03 9.999959999999999960e-01 -3.618279999999999830e-01 9.322409999999999863e-01 -2.628000000000000128e-03 -9.322449999999999903e-01 -3.618270000000000097e-01 6.509999999999999945e-04
2.000000000000000000e+00 2.500000000000000000e+01 7.300000000000000000e+01 0.000000000000000000e+00 1.600000000000000089e+00 1.324000000000000090e-03 2.958999999999999825e-03 9.999949999999999672e-01 7.517239999999999478e-01 -6.594769999999999799e-01 9.569999999999999514e-04 6.594769999999999799e-01 7.517190000000000261e-01 -3.096999999999999927e-03
8.000000000000000000e+00 2.500000000000000000e+01 7.300000000000000000e+01 0.000000000000000000e+00 1.600000000000000089e+00 6.419999999999999925e-04 -7.529999999999999801e-04 1.000000000000000000e+00 7.496749999999999803e-01 -6.618049999999999766e-01 -9.799999999999999684e-04 6.618060000000000054e-01 7.496749999999999803e-01 1.389999999999999905e-04
1.200000000000000000e+01 2.500000000000000000e+01 7.300000000000000000e+01 0.000000000000000000e+00 1.600000000000000089e+00 4.260000000000000006e-04 -1.203999999999999992e-03 9.999989999999999712e-01 7.482499999999999707e-01 -6.634160000000000057e-01 -1.118000000000000070e-03 6.634170000000000345e-01 7.482499999999999707e-01 6.179999999999999513e-04
2.100000000000000000e+01 2.500000000000000000e+01 7.300000000000000000e+01 0.000000000000000000e+00 1.600000000000000089e+00 1.332000000000000068e-03 2.265000000000000086e-03 9.999970000000000248e-01 7.564570000000000460e-01 -6.540430000000000410e-01 4.739999999999999747e-04 6.540420000000000122e-01 7.564539999999999598e-01 -2.585000000000000058e-03
2.600000000000000000e+01 2.500000000000000000e+01 7.300000000000000000e+01 0.000000000000000000e+00 1.600000000000000089e+00 -1.949999999999999910e-03 -3.787000000000000002e-03 9.999909999999999632e-01 7.565269999999999495e-01 -6.539610000000000145e-01 -1.000999999999999937e-03 6.539589999999999570e-01 7.565180000000000238e-01 4.139999999999999583e-03
7.000000000000000000e+00 4.400000000000000000e+01 7.300000000000000000e+01 0.000000000000000000e+00 1.600000000000000089e+00 -3.620000000000000171e-04 -1.897999999999999948e-03 9.999980000000000535e-01 5.100600000000000273e-02 -9.986969999999999459e-01 -1.876999999999999979e-03 9.986979999999999746e-01 5.100500000000000173e-02 4.580000000000000195e-04
1.300000000000000000e+01 4.400000000000000000e+01 7.300000000000000000e+01 0.000000000000000000e+00 1.600000000000000089e+00 4.130000000000000099e-04 -2.095000000000000074e-03 9.999980000000000535e-01 4.785600000000000270e-02 -9.988519999999999621e-01 -2.112000000000000162e-03 9.988540000000000196e-01 4.785699999999999676e-02 -3.119999999999999944e-04
2.300000000000000000e+01 4.400000000000000000e+01 7.300000000000000000e+01 0.000000000000000000e+00 1.600000000000000089e+00 -1.740000000000000010e-04 -2.341999999999999898e-03 9.999970000000000248e-01 4.848800000000000332e-02 -9.988209999999999589e-01 -2.331000000000000173e-03 9.988240000000000451e-01 4.848800000000000332e-02 2.869999999999999830e-04
2.900000000000000000e+01 4.400000000000000000e+01 7.300000000000000000e+01 0.000000000000000000e+00 1.600000000000000089e+00 8.379999999999999862e-04 2.749000000000000141e-03 9.999959999999999960e-01 5.030199999999999949e-02 -9.987300000000000066e-01 2.703000000000000107e-03 9.987340000000000106e-01 5.029999999999999749e-02 -9.759999999999999796e-04
9.000000000000000000e+00 5.100000000000000000e+01 7.600000000000000000e+01 0.000000000000000000e+00 1.600000000000000089e+00 -6.399999999999999710e-05 -4.789999999999999879e-04 -1.000000000000000000e+00 -4.157219999999999804e-01 -9.094919999999999671e-01 4.620000000000000083e-04 -9.094919999999999671e-01 4.157219999999999804e-01 -1.410000000000000120e-04
1.400000000000000000e+01 5.100000000000000000e+01 7.600000000000000000e+01 0.000000000000000000e+00 1.600000000000000089e+00 -6.890000000000000508e-04 4.605999999999999851e-03 -9.999890000000000168e-01 -4.139820000000000166e-01 -9.102770000000000028e-01 -3.908000000000000015e-03 -9.102850000000000108e-01 4.139749999999999819e-01 2.533999999999999794e-03
3.000000000000000000e+00 9.100000000000000000e+01 7.600000000000000000e+01 0.000000000000000000e+00 1.600000000000000089e+00 -1.649999999999999991e-04 1.907999999999999974e-03 9.999980000000000535e-01 3.137630000000000141e-01 -9.495000000000000107e-01 1.863999999999999988e-03 9.495010000000000394e-01 3.137619999999999854e-01 -4.429999999999999802e-04
7.000000000000000000e+00 9.100000000000000000e+01 7.600000000000000000e+01 0.000000000000000000e+00 1.600000000000000089e+00 -3.400000000000000244e-04 -3.249999999999999851e-04 1.000000000000000000e+00 3.188469999999999915e-01 -9.478060000000000374e-01 -1.990000000000000124e-04 9.478060000000000374e-01 3.188469999999999915e-01 4.260000000000000006e-04
1.300000000000000000e+01 9.100000000000000000e+01 7.600000000000000000e+01 0.000000000000000000e+00 1.600000000000000089e+00 5.199999999999999680e-05 1.247000000000000062e-03 9.999989999999999712e-01 3.164680000000000271e-01 -9.486019999999999452e-01 1.167000000000000069e-03 9.486029999999999740e-01 3.164680000000000271e-01 -4.440000000000000045e-04
1.900000000000000000e+01 9.100000000000000000e+01 7.600000000000000000e+01 0.000000000000000000e+00 1.600000000000000089e+00 5.810000000000000277e-04 3.490000000000000263e-04 1.000000000000000000e+00 3.159179999999999766e-01 -9.487870000000000470e-01 1.479999999999999925e-04 9.487860000000000182e-01 3.159170000000000034e-01 -6.620000000000000450e-04
