3.000000000000000000e+00 1.600000000000000000e+01 4.000000000000000000e+00 0.000000000000000000e+00 1.600000000000000089e+00 -1.613000000000000067e-03 2.174999999999999850e-03 9.999959999999999960e-01 4.587260000000000226e-01 -8.885739999999999750e-01 2.673000000000000029e-03 8.885760000000000325e-01 4.587289999999999979e-01 4.350000000000000026e-04
1.000000000000000000e+00 1.010000000000000000e+02 7.000000000000000000e+00 0.000000000000000000e+00 1.600000000000000089e+00 -2.076000000000000154e-03 -9.801999999999999949e-03 9.999500000000000055e-01 8.853889999999999816e-01 4.648059999999999969e-01 6.394000000000000378e-03 -4.648459999999999814e-01 8.853579999999999783e-01 7.713000000000000238e-03
1.900000000000000000e+01 1.010000000000000000e+02 7.000000000000000000e+00 0.000000000000000000e+00 1.600000000000000089e+00 -1.250000000000000026e-03 -3.461000000000000101e-03 9.999930000000000208e-01 8.856009999999999716e-01 4.644389999999999907e-01 2.714999999999999965e-03 -4.644460000000000255e-01 8.855979999999999963e-01 2.484000000000000097e-03
2.900000000000000000e+01 1.010000000000000000e+02 7.000000000000000000e+00 0.000000000000000000e+00 1.600000000000000089e+00 -3.291999999999999788e-03 1.170999999999999949e-03 9.999940000000000495e-01 8.827709999999999724e-01 4.697970000000000201e-01 2.356000000000000021e-03 -4.697919999999999874e-01 8.827730000000000299e-01 -2.580999999999999961e-03
2.700000000000000000e+01 1.500000000000000000e+01 8.000000000000000000e+00 0.000000000000000000e+00 1.600000000000000089e+00 -2.298000000000000129e-03 -1.505399999999999967e-02 -9.998839999999999950e-01 -6.279280000000000417e-01 -7.781599999999999628e-01 1.315900000000000056e-02 -7.782679999999999598e-01 6.278850000000000264e-01 -7.663999999999999806e-03
5.000000000000000000e+00 2.500000000000000000e+01 8.000000000000000000e+00 0.000000000000000000e+00 1.600000000000000089e+00 2.030000000000000120e-03 1.445000000000000104e-03 -9.999970000000000248e-01 4.465040000000000120e-01 8.947789999999999910e-01 2.199000000000000000e-03 8.947789999999999910e-01 -4.465069999999999872e-01 1.170999999999999949e-03
9.000000000000000000e+00 2.500000000000000000e+01 8.000000000000000000e+00 0.000000000000000000e+00 1.600000000000000089e+00 2.749999999999999840e-03 8.253999999999999185e-03 -9.999620000000000175e-01 4.451209999999999889e-01 8.954290000000000305e-01 8.616000000000000394e-03 8.954659999999999842e-01 -4.451280000000000237e-01 -1.211000000000000054e-03
1.400000000000000000e+01 2.500000000000000000e+01 8.000000000000000000e+00 0.000000000000000000e+00 1.600000000000000089e+00 2.599999999999999840e-05 7.690000000000000438e-04 -1.000000000000000000e+00 4.440310000000000090e-01 8.960110000000000019e-01 7.010000000000000172e-04 8.960110000000000019e-01 -4.440310000000000090e-01 -3.179999999999999776e-04
1.800000000000000000e+01 2.500000000000000000e+01 8.000000000000000000e+00 0.000000000000000000e+00 1.600000000000000089e+00 -9.139999999999999904e-04 -1.629000000000000023e-03 -9.999980000000000535e-01 4.457559999999999856e-01 8.951529999999999765e-01 -1.866000000000000037e-03 8.951540000000000052e-01 -4.457570000000000143e-01 -9.200000000000000007e-05
2.100000000000000000e+01 2.500000000000000000e+01 8.000000000000000000e+00 0.000000000000000000e+00 1.600000000000000089e+00 2.919999999999999961e-04 -2.797000000000000007e-03 -9.999959999999999960e-01 4.467220000000000080e-01 8.946690000000000476e-01 -2.371999999999999977e-03 8.946730000000000516e-01 -4.467200000000000060e-01 1.510999999999999973e-03
2.600000000000000000e+01 2.500000000000000000e+01 8.000000000000000000e+00 0.000000000000000000e+00 1.600000000000000089e+00 6.759999999999999516e-04 1.500999999999999947e-03 -9.999989999999999712e-01 4.450379999999999892e-01 8.955100000000000282e-01 1.644999999999999978e-03 8.955109999999999459e-01 -4.450390000000000179e-01 -6.299999999999999990e-05
1.000000000000000000e+01 9.000000000000000000e+00 9.000000000000000000e+00 0.000000000000000000e+00 1.600000000000000089e+00 3.989000000000000358e-03 -7.854999999999999136e-03 -9.999609999999999888e-01 -9.447510000000000074e-01 -3.277880000000000238e-01 -1.193999999999999966e-03 -3.277660000000000018e-01 9.447189999999999754e-01 -8.727999999999999647e-03
1.700000000000000000e+01 9.000000000000000000e+00 9.000000000000000000e+00 0.000000000000000000e+00 1.600000000000000089e+00 -2.072299999999999837e-02 -2.302999999999999839e-02 -9.995199999999999640e-01 -9.462080000000000490e-01 -3.224270000000000191e-01 2.704700000000000160e-02 -3.228949999999999876e-01 9.463139999999999885e-01 -1.511000000000000017e-02
1.000000000000000000e+00 2.400000000000000000e+01 9.000000000000000000e+00 0.000000000000000000e+00 1.600000000000000089e+00 -9.200000000000000278e-04 -9.258000000000000604e-03 -9.999569999999999848e-01 4.538249999999999784e-01 8.910489999999999799e-01 -8.668000000000000357e-03 8.910900000000000487e-01 -4.538139999999999952e-01 3.382000000000000024e-03
9.000000000000000000e+00 2.400000000000000000e+01 9.000000000000000000e+00 0.000000000000000000e+00 1.600000000000000089e+00 2.805999999999999901e-03 8.609000000000000333e-03 -9.999590000000000423e-01 4.527180000000000093e-01 8.916089999999999849e-01 8.947000000000000092e-03 8.916490000000000249e-01 -4.527240000000000153e-01 -1.396000000000000105e-03
1.200000000000000000e+01 2.400000000000000000e+01 9.000000000000000000e+00 0.000000000000000000e+00 1.600000000000000089e+00 1.221999999999999996e-03 1.873000000000000099e-03 -9.999970000000000248e-01 4.515370000000000217e-01 8.922489999999999588e-01 2.223000000000000149e-03 8.922510000000000163e-01 -4.515390000000000237e-01 2.449999999999999921e-04
1.800000000000000000e+01 2.400000000000000000e+01 9.000000000000000000e+00 0.000000000000000000e+00 1.600000000000000089e+00 -1.221000000000000080e-03 -1.843999999999999936e-03 -9.999980000000000535e-01 4.534949999999999815e-01 8.912560000000000482e-01 -2.197000000000000168e-03 8.912579999999999947e-01 -4.534969999999999835e-01 -2.519999999999999996e-04
2.100000000000000000e+01 2.400000000000000000e+01 9.000000000000000000e+00 0.000000000000000000e+00 1.600000000000000089e+00 -6.200000000000000270e-05 -2.866000000000000058e-03 -9.999959999999999960e-01 4.547010000000000218e-01 8.906399999999999872e-01 -2.580999999999999961e-03 8.906439999999999912e-01 -4.546999999999999931e-01 1.247999999999999977e-03
2.700000000000000000e+01 2.400000000000000000e+01 9.000000000000000000e+00 0.000000000000000000e+00 1.600000000000000089e+00 6.430000000000000169e-04 -3.499999999999999964e-04 -1.000000000000000000e+00 4.529839999999999978e-01 8.915180000000000327e-01 -2.000000000000000164e-05 8.915180000000000327e-01 -4.529839999999999978e-01 7.309999999999999875e-04
5.000000000000000000e+00 3.500000000000000000e+01 1.200000000000000000e+01 0.000000000000000000e+00 1.600000000000000089e+00 -1.110000000000000092e-03 4.622000000000000240e-03 -9.999890000000000168e-01 4.364080000000000181e-01 -8.997370000000000090e-01 -4.643000000000000425e-03 -8.997479999999999922e-01 -4.364080000000000181e-01 -1.018000000000000025e-03
1.200000000000000000e+01 3.500000000000000000e+01 1.200000000000000000e+01 0.000000000000000000e+00 1.600000000000000089e+00 1.544000000000000017e-03 7.669999999999999951e-04 -9.999989999999999712e-01 4.600850000000000217e-01 -8.878749999999999698e-01 2.900000000000000017e-05 -8.878740000000000521e-01 -4.600839999999999930e-01 -1.724000000000000055e-03
1.500000000000000000e+01 3.500000000000000000e+01 1.200000000000000000e+01 0.000000000000000000e+00 1.600000000000000089e+00 1.013999999999999927e-03 -3.592000000000000141e-03 -9.999930000000000208e-01 4.676279999999999881e-01 -8.839179999999999815e-01 3.648999999999999900e-03 -8.839249999999999607e-01 -4.676290000000000169e-01 7.829999999999999504e-04
1.800000000000000000e+01 3.500000000000000000e+01 1.200000000000000000e+01 0.000000000000000000e+00 1.600000000000000089e+00 8.429999999999999993e-04 -1.080000000000000014e-03 -9.999989999999999712e-01 4.724599999999999911e-01 -8.813509999999999955e-01 1.350000000000000071e-03 -8.813520000000000243e-01 -4.724599999999999911e-01 -2.329999999999999986e-04
2.200000000000000000e+01 3.500000000000000000e+01 1.200000000000000000e+01 0.000000000000000000e+00 1.600000000000000089e+00 -2.445999999999999824e-03 1.729000000000000068e-03 -9.999949999999999672e-01 4.710340000000000082e-01 -8.821109999999999784e-01 -2.677000000000000126e-03 -8.821120000000000072e-01 -4.710380000000000122e-01 1.343000000000000010e-03
4.000000000000000000e+00 3.200000000000000000e+01 1.400000000000000000e+01 0.000000000000000000e+00 1.600000000000000089e+00 -3.139999999999999888e-04 -5.144000000000000135e-03 -9.999869999999999592e-01 1.058090000000000003e-01 9.943729999999999514e-01 -5.147999999999999798e-03 9.943859999999999921e-01 -1.058100000000000013e-01 2.320000000000000014e-04
1.600000000000000000e+01 3.200000000000000000e+01 1.400000000000000000e+01 0.000000000000000000e+00 1.600000000000000089e+00 -1.900000000000000105e-05 2.164999999999999824e-03 -9.999980000000000535e-01 1.032799999999999968e-01 9.946500000000000341e-01 2.151999999999999833e-03 9.946519999999999806e-01 -1.032789999999999958e-01 -2.420000000000000005e-04
2.300000000000000000e+01 3.200000000000000000e+01 1.400000000000000000e+01 0.000000000000000000e+00 1.600000000000000089e+00 8.859999999999999603e-04 -6.094999999999999724e-03 -9.999810000000000088e-01 1.034869999999999957e-01 9.946129999999999693e-01 -5.969999999999999613e-03 9.946300000000000141e-01 -1.034800000000000025e-01 1.512000000000000106e-03
3.000000000000000000e+01 3.200000000000000000e+01 1.400000000000000000e+01 0.000000000000000000e+00 1.600000000000000089e+00 6.170000000000000354e-04 4.899999999999999842e-03 -9.999879999999999880e-01 9.765899999999999581e-02 9.952079999999999815e-01 4.936000000000000283e-03 9.952199999999999935e-01 -9.766099999999999781e-02 1.350000000000000017e-04
1.300000000000000000e+01 1.160000000000000000e+02 1.600000000000000000e+01 0.000000000000000000e+00 1.600000000000000089e+00 7.060000000000000303e-04 1.121999999999999950e-03 9.999989999999999712e-01 7.051910000000000123e-01 7.090159999999999796e-01 -1.293000000000000095e-03 -7.090170000000000083e-01 7.051920000000000410e-01 -2.910000000000000260e-04
2.100000000000000000e+01 1.160000000000000000e+02 1.600000000000000000e+01 0.000000000000000000e+00 1.600000000000000089e+00 -1.435999999999999993e-03 4.470000000000000232e-04 9.999989999999999712e-01 7.577869999999999884e-01 6.525020000000000264e-01 7.960000000000000495e-04 -6.525009999999999977e-01 7.577869999999999884e-01 -1.276000000000000007e-03
7.000000000000000000e+00 2.000000000000000000e+00 1.900000000000000000e+01 0.000000000000000000e+00 1.600000000000000089e+00 2.799999999999999958e-05 4.039000000000000055e-03 -9.999919999999999920e-01 3.264569999999999972e-01 -9.452049999999999619e-01 -3.808000000000000187e-03 -9.452120000000000521e-01 -3.264540000000000219e-01 -1.345000000000000058e-03
1.300000000000000000e+01 2.000000000000000000e+00 1.900000000000000000e+01 0.000000000000000000e+00 1.600000000000000089e+00 1.005999999999999950e-03 5.982000000000000338e-03 -9.999820000000000375e-01 3.266160000000000174e-01 -9.451420000000000377e-01 -5.324999999999999872e-03 -9.451570000000000249e-01 -3.266049999999999787e-01 -2.905000000000000030e-03
1.800000000000000000e+01 2.000000000000000000e+00 1.900000000000000000e+01 0.000000000000000000e+00 1.600000000000000089e+00 -3.119999999999999944e-04 -4.904000000000000373e-03 -9.999879999999999880e-01 3.297260000000000191e-01 -9.440659999999999608e-01 4.526999999999999774e-03 -9.440770000000000550e-01 -3.297200000000000131e-01 1.912000000000000071e-03
2.400000000000000000e+01 2.000000000000000000e+00 1.900000000000000000e+01 0.000000000000000000e+00 1.600000000000000089e+00 -6.989999999999999686e-04 6.590999999999999637e-03 -9.999780000000000335e-01 3.351500000000000035e-01 -9.421429999999999527e-01 -6.444000000000000075e-03 -9.421650000000000302e-01 -3.351469999999999727e-01 -1.551000000000000078e-03
2.900000000000000000e+01 2.000000000000000000e+00 1.900000000000000000e+01 0.000000000000000000e+00 1.600000000000000089e+00 -2.543999999999999821e-03 7.927999999999999284e-03 -9.999649999999999928e-01 3.410509999999999931e-01 -9.400079999999999547e-01 -8.321000000000000271e-03 -9.400410000000000155e-01 -3.410599999999999743e-01 -3.119999999999999944e-04
7.000000000000000000e+00 1.300000000000000000e+01 2.000000000000000000e+01 0.000000000000000000e+00 1.600000000000000089e+00 5.820000000000000520e-04 2.590000000000000071e-04 1.000000000000000000e+00 2.626709999999999878e-01 9.648849999999999927e-01 -4.029999999999999837e-04 -9.648849999999999927e-01 2.626720000000000166e-01 4.939999999999999730e-04
1.200000000000000000e+01 1.300000000000000000e+01 2.000000000000000000e+01 0.000000000000000000e+00 1.600000000000000089e+00 1.624999999999999925e-03 -2.489999999999999809e-04 9.999989999999999712e-01 2.626390000000000113e-01 9.648940000000000294e-01 -1.859999999999999945e-04 -9.648930000000000007e-01 2.626390000000000113e-01 1.632999999999999903e-03
1.700000000000000000e+01 1.300000000000000000e+01 2.000000000000000000e+01 0.000000000000000000e+00 1.600000000000000089e+00 -8.570000000000000144e-04 3.879999999999999985e-04 1.000000000000000000e+00 2.642450000000000077e-01 9.644559999999999800e-01 -1.479999999999999925e-04 -9.644549999999999512e-01 2.642439999999999789e-01 -9.290000000000000297e-04
2.000000000000000000e+01 1.300000000000000000e+01 2.000000000000000000e+01 0.000000000000000000e+00 1.600000000000000089e+00 -1.590000000000000050e-03 9.439999999999999607e-04 9.999980000000000535e-01 2.649590000000000001e-01 9.642600000000000060e-01 -4.889999999999999599e-04 -9.642579999999999485e-01 2.649569999999999981e-01 -1.783999999999999996e-03
2.500000000000000000e+01 1.300000000000000000e+01 2.000000000000000000e+01 0.000000000000000000e+00 1.600000000000000089e+00 1.198999999999999979e-03 -4.021000000000000268e-03 9.999909999999999632e-01 2.622820000000000151e-01 9.649849999999999817e-01 3.566000000000000159e-03 -9.649900000000000144e-01 2.622749999999999804e-01 2.211999999999999991e-03
2.800000000000000000e+01 1.300000000000000000e+01 2.000000000000000000e+01 0.000000000000000000e+00 1.600000000000000089e+00 2.296999999999999997e-03 -2.491999999999999858e-03 9.999940000000000495e-01 2.604409999999999781e-01 9.654880000000000129e-01 1.807999999999999928e-03 -9.654869999999999841e-01 2.604350000000000276e-01 2.867000000000000191e-03
7.000000000000000000e+00 5.000000000000000000e+01 2.200000000000000000e+01 0.000000000000000000e+00 1.600000000000000089e+00 -2.197999999999999867e-03 2.919999999999999961e-04 -9.999980000000000535e-01 -5.651580000000000492e-01 8.249809999999999643e-01 1.482999999999999943e-03 8.249800000000000466e-01 5.651599999999999957e-01 -1.647999999999999942e-03
1.300000000000000000e+01 5.000000000000000000e+01 2.200000000000000000e+01 0.000000000000000000e+00 1.600000000000000089e+00 9.330000000000000186e-04 3.795000000000000196e-03 -9.999919999999999920e-01 -5.633939999999999504e-01 8.261840000000000295e-01 2.609999999999999907e-03 8.261880000000000335e-01 5.633879999999999999e-01 2.909000000000000127e-03
5.000000000000000000e+00 3.000000000000000000e+00 2.500000000000000000e+01 0.000000000000000000e+00 1.600000000000000089e+00 -2.280000000000000126e-04 -9.409999999999999962e-04 1.000000000000000000e+00 -1.712999999999999896e-03 -9.999980000000000535e-01 -9.420000000000000205e-04 9.999989999999999712e-01 -1.712999999999999896e-03 2.269999999999999882e-04
1.000000000000000000e+01 3.000000000000000000e+00 2.500000000000000000e+01 0.000000000000000000e+00 1.600000000000000089e+00 -4.104000000000000009e-03 5.780000000000000415e-03 9.999749999999999472e-01 8.189999999999999581e-04 -9.999829999999999552e-01 5.782999999999999946e-03 9.999909999999999632e-01 8.429999999999999993e-04 4.099000000000000213e-03
1.400000000000000000e+01 3.000000000000000000e+00 2.500000000000000000e+01 0.000000000000000000e+00 1.600000000000000089e+00 -3.769999999999999914e-03 8.339999999999999974e-04 9.999919999999999920e-01 9.039000000000000160e-03 -9.999590000000000423e-01 8.679999999999999565e-04 9.999519999999999520e-01 9.041999999999999690e-03 3.762000000000000153e-03
3.000000000000000000e+00 4.600000000000000000e+01 2.700000000000000000e+01 0.000000000000000000e+00 1.600000000000000089e+00 -5.910000000000000539e-04 -1.567999999999999949e-03 -9.999989999999999712e-01 6.674050000000000260e-01 7.446930000000000494e-01 -1.562000000000000020e-03 7.446949999999999958e-01 -6.674050000000000260e-01 6.070000000000000092e-04
1.000000000000000000e+01 5.800000000000000000e+01 3.100000000000000000e+01 0.000000000000000000e+00 1.600000000000000089e+00 -1.021999999999999905e-03 2.851999999999999934e-03 9.999949999999999672e-01 -7.533779999999999921e-01 -6.575870000000000326e-01 1.105000000000000079e-03 6.575870000000000326e-01 -7.533729999999999594e-01 2.821000000000000157e-03
2.000000000000000000e+01 5.800000000000000000e+01 3.100000000000000000e+01 0.000000000000000000e+00 1.600000000000000089e+00 -7.386000000000000204e-03 -1.535599999999999986e-02 9.998550000000000493e-01 -7.597589999999999621e-01 -6.500179999999999847e-01 -1.559499999999999949e-02 6.501630000000000464e-01 -7.597639999999999949e-01 -6.865999999999999708e-03
3.000000000000000000e+01 5.800000000000000000e+01 3.100000000000000000e+01 0.000000000000000000e+00 1.600000000000000089e+00 2.322999999999999978e-03 -5.461999999999999841e-03 9.999820000000000375e-01 -7.649629999999999486e-01 -6.440719999999999779e-01 -1.740999999999999926e-03 6.440700000000000314e-01 -7.649460000000000148e-01 -5.674000000000000224e-03
9.000000000000000000e+00 2.300000000000000000e+01 3.400000000000000000e+01 0.000000000000000000e+00 1.600000000000000089e+00 6.310000000000000504e-04 -2.286999999999999970e-03 9.999970000000000248e-01 3.965810000000000168e-01 -9.179969999999999519e-01 -2.350000000000000092e-03 9.180000000000000382e-01 3.965810000000000168e-01 3.280000000000000038e-04
8.000000000000000000e+00 4.600000000000000000e+01 3.500000000000000000e+01 0.000000000000000000e+00 1.600000000000000089e+00 6.130000000000000466e-04 1.476000000000000098e-03 -9.999989999999999712e-01 3.912470000000000114e-01 -9.202850000000000197e-01 -1.118999999999999986e-03 -9.202860000000000484e-01 -3.912459999999999827e-01 -1.142000000000000003e-03
1.200000000000000000e+01 4.600000000000000000e+01 3.500000000000000000e+01 0.000000000000000000e+00 1.600000000000000089e+00 1.034999999999999896e-03 8.050000000000000515e-04 -9.999989999999999712e-01 3.898510000000000031e-01 -9.208779999999999744e-01 -3.379999999999999758e-04 -9.208769999999999456e-01 -3.898499999999999743e-01 -1.266999999999999897e-03
1.500000000000000000e+01 4.600000000000000000e+01 3.500000000000000000e+01 0.000000000000000000e+00 1.600000000000000089e+00 -3.170000000000000075e-04 9.060000000000000128e-04 -1.000000000000000000e+00 3.896959999999999869e-01 -9.209429999999999561e-01 -9.579999999999999757e-04 -9.209439999999999849e-01 -3.896959999999999869e-01 -6.099999999999999872e-05
2.000000000000000000e+01 4.600000000000000000e+01 3.500000000000000000e+01 0.000000000000000000e+00 1.600000000000000089e+00 -5.469999999999999602e-04 -2.386999999999999799e-03 -9.999970000000000248e-01 3.907640000000000002e-01 -9.204890000000000017e-01 1.982999999999999954e-03 -9.204909999999999481e-01 -3.907619999999999982e-01 1.435999999999999993e-03
2.700000000000000000e+01 4.600000000000000000e+01 3.500000000000000000e+01 0.000000000000000000e+00 1.600000000000000089e+00 -3.989999999999999949e-04 -4.200999999999999873e-03 -9.999909999999999632e-01 3.906819999999999737e-01 -9.205179999999999474e-01 3.710999999999999889e-03 -9.205250000000000377e-01 -3.906769999999999965e-01 2.008999999999999935e-03
6.000000000000000000e+00 3.000000000000000000e+00 4.300000000000000000e+01 0.000000000000000000e+00 1.600000000000000089e+00 -3.989000000000000358e-03 -1.035699999999999989e-02 -9.999379999999999935e-01 7.403650000000000508e-01 -6.721939999999999582e-01 4.008000000000000278e-03 -6.721939999999999582e-01 -7.403030000000000443e-01 1.034900000000000056e-02
1.500000000000000000e+01 3.000000000000000000e+00 4.300000000000000000e+01 0.000000000000000000e+00 1.600000000000000089e+00 3.629999999999999872e-04 2.305000000000000191e-03 -9.999970000000000248e-01 7.356690000000000174e-01 -6.773400000000000531e-01 -1.294000000000000011e-03 -6.773409999999999709e-01 -7.356660000000000421e-01 -1.941000000000000017e-03
2.100000000000000000e+01 3.000000000000000000e+00 4.300000000000000000e+01 0.000000000000000000e+00 1.600000000000000089e+00 -1.400999999999999902e-03 -3.712000000000000022e-03 -9.999919999999999920e-01 7.397049999999999459e-01 -6.729289999999999994e-01 1.461999999999999975e-03 -6.729289999999999994e-01 -7.396979999999999666e-01 3.689000000000000005e-03
6.000000000000000000e+00 2.900000000000000000e+01 4.400000000000000000e+01 0.000000000000000000e+00 1.600000000000000089e+00 1.540000000000000028e-04 3.229000000000000099e-03 -9.999949999999999672e-01 6.553290000000000504e-01 7.553400000000000114e-01 2.540000000000000157e-03 7.553440000000000154e-01 -6.553259999999999641e-01 -2.000000000000000042e-03
1.000000000000000000e+01 2.900000000000000000e+01 4.400000000000000000e+01 0.000000000000000000e+00 1.600000000000000089e+00 6.800000000000000488e-04 1.761999999999999894e-03 -9.999980000000000535e-01 6.567619999999999569e-01 7.540959999999999885e-01 1.776000000000000018e-03 7.540980000000000461e-01 -6.567619999999999569e-01 -6.449999999999999570e-04
1.400000000000000000e+01 2.900000000000000000e+01 4.400000000000000000e+01 0.000000000000000000e+00 1.600000000000000089e+00 1.219999999999999974e-04 1.118999999999999986e-03 -9.999989999999999712e-01 6.598319999999999741e-01 7.514129999999999976e-01 9.210000000000000521e-04 7.514129999999999976e-01 -6.598319999999999741e-01 -6.470000000000000057e-04
2.000000000000000000e+01 2.900000000000000000e+01 4.400000000000000000e+01 0.000000000000000000e+00 1.600000000000000089e+00 2.037000000000000182e-03 -7.360000000000000006e-04 -9.999980000000000535e-01 6.621179999999999843e-01 7.493990000000000373e-01 7.969999999999999654e-04 7.493969999999999798e-01 -6.621179999999999843e-01 2.014000000000000165e-03
2.500000000000000000e+01 2.900000000000000000e+01 4.400000000000000000e+01 0.000000000000000000e+00 1.600000000000000089e+00 -1.820999999999999919e-03 4.852999999999999675e-03 -9.999869999999999592e-01 6.566009999999999902e-01 7.542339999999999600e-01 2.464000000000000044e-03 7.542360000000000175e-01 -6.565870000000000317e-01 -4.559999999999999817e-03
4.000000000000000000e+00 7.400000000000000000e+01 4.900000000000000000e+01 0.000000000000000000e+00 1.600000000000000089e+00 1.515000000000000071e-03 -5.792000000000000273e-03 9.999820000000000375e-01 -9.820659999999999945e-01 1.885199999999999931e-01 2.579999999999999828e-03 -1.885320000000000051e-01 -9.820520000000000360e-01 -5.401999999999999684e-03
2.400000000000000000e+01 5.000000000000000000e+00 5.100000000000000000e+01 0.000000000000000000e+00 1.600000000000000089e+00 -3.432999999999999854e-03 -3.029000000000000008e-03 -9.999900000000000455e-01 4.927549999999999986e-01 -8.701680000000000526e-01 9.439999999999999607e-04 -8.701609999999999623e-01 -4.927460000000000173e-01 4.479999999999999608e-03
1.900000000000000000e+01 1.150000000000000000e+02 5.100000000000000000e+01 0.000000000000000000e+00 1.600000000000000089e+00 -1.515999999999999986e-03 -3.363000000000000104e-03 9.999930000000000208e-01 8.461600000000000232e-01 -5.329279999999999573e-01 -5.100000000000000366e-04 5.329260000000000108e-01 8.461539999999999617e-01 3.652999999999999997e-03
9.000000000000000000e+00 7.000000000000000000e+00 5.200000000000000000e+01 0.000000000000000000e+00 1.600000000000000089e+00 -3.402000000000000076e-03 2.239000000000000105e-03 -9.999919999999999920e-01 1.169110000000000010e-01 -9.931389999999999940e-01 -2.622000000000000199e-03 -9.931370000000000475e-01 -1.169189999999999952e-01 3.115999999999999846e-03
2.900000000000000000e+01 7.000000000000000000e+00 5.200000000000000000e+01 0.000000000000000000e+00 1.600000000000000089e+00 -7.137000000000000115e-03 -1.515000000000000071e-03 -9.999730000000000008e-01 1.019140000000000046e-01 -9.947930000000000383e-01 7.799999999999999859e-04 -9.947679999999999856e-01 -1.019049999999999956e-01 7.254000000000000031e-03
3.000000000000000000e+00 6.300000000000000000e+01 5.400000000000000000e+01 0.000000000000000000e+00 1.600000000000000089e+00 3.060000000000000111e-04 -6.922000000000000201e-03 9.999759999999999760e-01 -3.494389999999999996e-01 9.369359999999999911e-01 6.591999999999999769e-03 -9.369589999999999863e-01 -3.494320000000000204e-01 -2.132000000000000214e-03
7.000000000000000000e+00 6.300000000000000000e+01 5.400000000000000000e+01 0.000000000000000000e+00 1.600000000000000089e+00 -8.909999999999999734e-04 -7.400999999999999593e-03 9.999719999999999720e-01 -3.444369999999999932e-01 9.387860000000000094e-01 6.641000000000000202e-03 -9.388090000000000046e-01 -3.444209999999999772e-01 -3.386000000000000121e-03
1.100000000000000000e+01 6.300000000000000000e+01 5.400000000000000000e+01 0.000000000000000000e+00 1.600000000000000089e+00 -4.100000000000000047e-05 -3.592999999999999840e-03 9.999940000000000495e-01 -3.388220000000000121e-01 9.408440000000000136e-01 3.367000000000000201e-03 -9.408499999999999641e-01 -3.388200000000000101e-01 -1.255999999999999955e-03
1.300000000000000000e+01 6.300000000000000000e+01 5.400000000000000000e+01 0.000000000000000000e+00 1.600000000000000089e+00 3.959999999999999762e-04 -6.019999999999999961e-04 1.000000000000000000e+00 -3.390679999999999805e-01 9.407619999999999871e-01 6.999999999999999929e-04 -9.407619999999999871e-01 -3.390679999999999805e-01 1.689999999999999879e-04
1.800000000000000000e+01 6.300000000000000000e+01 5.400000000000000000e+01 0.000000000000000000e+00 1.600000000000000089e+00 3.750000000000000078e-04 1.126999999999999964e-03 9.999989999999999712e-01 -3.413649999999999740e-01 9.399300000000000432e-01 -9.309999999999999699e-04 -9.399309999999999610e-01 -3.413640000000000008e-01 7.370000000000000249e-04
2.400000000000000000e+01 6.300000000000000000e+01 5.400000000000000000e+01 0.000000000000000000e+00 1.600000000000000089e+00 -3.110000000000000243e-04 7.899999999999999579e-05 1.000000000000000000e+00 -3.411100000000000243e-01 9.400230000000000530e-01 -1.800000000000000113e-04 -9.400230000000000530e-01 -3.411100000000000243e-01 -2.649999999999999903e-04
4.000000000000000000e+00 2.500000000000000000e+01 5.500000000000000000e+01 0.000000000000000000e+00 1.600000000000000089e+00 2.809999999999999998e-04 6.459999999999999814e-04 -1.000000000000000000e+00 -1.087199999999999972e-02 -9.999409999999999688e-01 -6.489999999999999459e-04 -9.999409999999999688e-01 1.087199999999999972e-02 -2.739999999999999923e-04
8.000000000000000000e+00 2.500000000000000000e+01 5.500000000000000000e+01 0.000000000000000000e+00 1.600000000000000089e+00 -1.279999999999999942e-04 -7.590000000000000175e-04 -1.000000000000000000e+00 -1.085700000000000033e-02 -9.999409999999999688e-01 7.600000000000000418e-04 -9.999409999999999688e-01 1.085700000000000033e-02 1.190000000000000058e-04
1.300000000000000000e+01 2.500000000000000000e+01 5.500000000000000000e+01 0.000000000000000000e+00 1.600000000000000089e+00 -9.829999999999999329e-04 5.779999999999999548e-04 -9.999989999999999712e-01 -1.032800000000000037e-02 -9.999460000000000015e-01 -5.680000000000000370e-04 -9.999460000000000015e-01 1.032800000000000037e-02 9.890000000000000787e-04
2.400000000000000000e+01 2.500000000000000000e+01 5.500000000000000000e+01 0.000000000000000000e+00 1.600000000000000089e+00 1.325000000000000006e-03 -4.363999999999999824e-03 -9.999900000000000455e-01 -1.266399999999999991e-02 -9.999099999999999655e-01 4.347000000000000169e-03 -9.999190000000000023e-01 1.265800000000000085e-02 -1.379999999999999933e-03
1.000000000000000000e+00 2.100000000000000000e+01 6.000000000000000000e+01 0.000000000000000000e+00 1.600000000000000089e+00 -3.750000000000000078e-04 3.099999999999999999e-04 1.000000000000000000e+00 -9.186199999999999921e-02 9.957719999999999905e-01 -3.429999999999999889e-04 -9.957719999999999905e-01 -9.186199999999999921e-02 -3.449999999999999833e-04
5.000000000000000000e+00 2.100000000000000000e+01 6.000000000000000000e+01 0.000000000000000000e+00 1.600000000000000089e+00 -5.119999999999999768e-04 5.649999999999999641e-04 1.000000000000000000e+00 -9.164100000000000024e-02 9.957920000000000105e-01 -6.099999999999999737e-04 -9.957920000000000105e-01 -9.164100000000000024e-02 -4.580000000000000195e-04
9.000000000000000000e+00 2.100000000000000000e+01 6.000000000000000000e+01 0.000000000000000000e+00 1.600000000000000089e+00 9.799999999999999684e-05 -1.659999999999999963e-04 1.000000000000000000e+00 -9.312499999999999944e-02 9.956540000000000390e-01 1.749999999999999982e-04 -9.956540000000000390e-01 -9.312499999999999944e-02 8.200000000000000095e-05
1.600000000000000000e+01 2.100000000000000000e+01 6.000000000000000000e+01 0.000000000000000000e+00 1.600000000000000089e+00 2.530000000000000239e-04 -7.740999999999999617e-03 9.999700000000000255e-01 -9.352900000000000102e-02 9.955869999999999997e-01 7.731000000000000025e-03 -9.956169999999999742e-01 -9.352800000000000002e-02 -4.719999999999999803e-04
2.300000000000000000e+01 2.100000000000000000e+01 6.000000000000000000e+01 0.000000000000000000e+00 1.600000000000000089e+00 -1.072000000000000036e-03 -2.420000000000000005e-04 9.999989999999999712e-01 -9.421599999999999420e-02 9.955519999999999925e-01 1.399999999999999877e-04 -9.955509999999999637e-01 -9.421599999999999420e-02 -1.090000000000000040e-03
1.000000000000000000e+01 3.000000000000000000e+00 6.300000000000000000e+01 0.000000000000000000e+00 1.600000000000000089e+00 -5.810000000000000277e-04 3.699999999999999947e-04 1.000000000000000000e+00 -6.186270000000000380e-01 7.856849999999999667e-01 -6.499999999999999702e-04 -7.856849999999999667e-01 -6.186270000000000380e-01 -2.280000000000000126e-04
7.000000000000000000e+00 2.700000000000000000e+01 6.300000000000000000e+01 0.000000000000000000e+00 1.600000000000000089e+00 -9.909999999999999105e-04 -4.324999999999999852e-03 9.999900000000000455e-01 -2.774840000000000084e-01 9.607229999999999936e-01 3.880000000000000202e-03 -9.607299999999999729e-01 -2.774769999999999737e-01 -2.152999999999999966e-03
1.400000000000000000e+01 2.700000000000000000e+01 6.300000000000000000e+01 0.000000000000000000e+00 1.600000000000000089e+00 1.824000000000000100e-03 2.974000000000000081e-03 9.999940000000000495e-01 -2.770619999999999750e-01 9.608489999999999531e-01 -2.353000000000000057e-03 -9.608499999999999819e-01 -2.770560000000000245e-01 2.576000000000000165e-03
2.100000000000000000e+01 2.700000000000000000e+01 6.300000000000000000e+01 0.000000000000000000e+00 1.600000000000000089e+00 -9.560000000000000355e-04 1.758999999999999930e-03 9.999980000000000535e-01 -2.729570000000000052e-01 9.620239999999999903e-01 -1.953000000000000092e-03 -9.620260000000000478e-01 -2.729590000000000072e-01 -4.389999999999999914e-04
2.600000000000000000e+01 2.700000000000000000e+01 6.300000000000000000e+01 0.000000000000000000e+00 1.600000000000000089e+00 7.209999999999999612e-04 -3.285999999999999859e-03 9.999940000000000495e-01 -2.718289999999999873e-01 9.623399999999999732e-01 3.357999999999999874e-03 -9.623450000000000060e-01 -2.718300000000000161e-01 -1.990000000000000124e-04
3.000000000000000000e+01 2.700000000000000000e+01 6.300000000000000000e+01 0.000000000000000000e+00 1.600000000000000089e+00 -2.642999999999999950e-03 8.509999999999999769e-04 9.999959999999999960e-01 -2.726000000000000090e-01 9.621260000000000367e-01 -1.539000000000000003e-03 -9.621239999999999792e-01 -2.726029999999999842e-01 -2.311000000000000120e-03
8.000000000000000000e+00 2.600000000000000000e+01 6.400000000000000000e+01 0.000000000000000000e+00 1.600000000000000089e+00 -5.770000000000000389e-04 -4.152999999999999574e-03 9.999909999999999632e-01 -3.702869999999999773e-01 9.289100000000000135e-01 3.644999999999999803e-03 -9.289169999999999927e-01 -3.702810000000000268e-01 -2.073000000000000190e-03
1.200000000000000000e+01 2.600000000000000000e+01 6.400000000000000000e+01 0.000000000000000000e+00 1.600000000000000089e+00 1.033999999999999980e-03 -1.131999999999999977e-03 9.999989999999999712e-01 -3.699999999999999956e-01 9.290310000000000512e-01 1.433999999999999945e-03 -9.290310000000000512e-01 -3.700010000000000243e-01 5.419999999999999471e-04
1.500000000000000000e+01 2.600000000000000000e+01 6.400000000000000000e+01 0.000000000000000000e+00 1.600000000000000089e+00 1.549000000000000030e-03 5.047000000000000271e-03 9.999860000000000415e-01 -3.675709999999999811e-01 9.299859999999999793e-01 -4.125000000000000194e-03 -9.299939999999999873e-01 -3.675590000000000246e-01 3.295999999999999885e-03
2.600000000000000000e+01 2.600000000000000000e+01 6.400000000000000000e+01 0.000000000000000000e+00 1.600000000000000089e+00 9.669999999999999776e-04 -3.994000000000000154e-03 9.999919999999999920e-01 -3.608009999999999828e-01 9.326339999999999630e-01 4.074000000000000364e-03 -9.326419999999999710e-01 -3.608020000000000116e-01 -5.400000000000000069e-04
2.900000000000000000e+01 2.600000000000000000e+01 6.400000000000000000e+01 0.000000000000000000e+00 1.600000000000000089e+00 -1.544999999999999932e-03 2.539999999999999940e-04 9.999989999999999712e-01 -3.613919999999999910e-01 9.324139999999999651e-01 -7.950000000000000252e-04 -9.324130000000000473e-01 -3.613930000000000198e-01 -1.348999999999999939e-03
5.000000000000000000e+00 6.900000000000000000e+01 6.600000000000000000e+01 0.000000000000000000e+00 1.600000000000000089e+00 6.380000000000000254e-03 1.010000000000000047e-03 9.999789999999999512e-01 -9.476940000000000364e-01 3.191289999999999960e-01 5.723999999999999921e-03 -3.191160000000000108e-01 -9.477109999999999701e-01 2.993000000000000001e-03
2.000000000000000000e+00 3.100000000000000000e+01 7.100000000000000000e+01 0.000000000000000000e+00 1.600000000000000089e+00 4.009999999999999893e-04 2.590000000000000071e-04 -1.000000000000000000e+00 -7.306920000000000082e-01 -6.827069999999999528e-01 -4.699999999999999859e-04 -6.827069999999999528e-01 7.306920000000000082e-01 -8.399999999999999535e-05
1.200000000000000000e+01 2.500000000000000000e+01 7.300000000000000000e+01 0.000000000000000000e+00 1.600000000000000089e+00 -1.137999999999999906e-03 2.926999999999999914e-03 9.999949999999999672e-01 7.494269999999999543e-01 -6.620810000000000306e-01 2.791000000000000078e-03 6.620859999999999523e-01 7.494260000000000366e-01 -1.440000000000000091e-03
1.500000000000000000e+01 2.500000000000000000e+01 7.300000000000000000e+01 0.000000000000000000e+00 1.600000000000000089e+00 -2.180000000000000080e-03 -2.831000000000000183e-03 9.999940000000000495e-01 7.510829999999999451e-01 -6.602080000000000171e-01 -2.320000000000000014e-04 6.602040000000000131e-01 7.510780000000000234e-01 3.566000000000000159e-03
1.800000000000000000e+01 2.500000000000000000e+01 7.300000000000000000e+01 0.000000000000000000e+00 1.600000000000000089e+00 -3.374999999999999962e-03 -7.428999999999999840e-03 9.999670000000000503e-01 7.522299999999999542e-01 -6.588960000000000372e-01 -2.356000000000000021e-03 6.588920000000000332e-01 7.521970000000000045e-01 7.812000000000000367e-03
2.300000000000000000e+01 2.500000000000000000e+01 7.300000000000000000e+01 0.000000000000000000e+00 1.600000000000000089e+00 -1.629000000000000023e-03 -2.419000000000000143e-03 9.999959999999999960e-01 7.542649999999999633e-01 -6.565699999999999870e-01 -3.589999999999999984e-04 6.565680000000000405e-01 7.542609999999999593e-01 2.893999999999999871e-03
3.000000000000000000e+01 2.500000000000000000e+01 7.300000000000000000e+01 0.000000000000000000e+00 1.600000000000000089e+00 3.970000000000000005e-04 5.165999999999999585e-03 9.999869999999999592e-01 7.506059999999999954e-01 -6.607429999999999692e-01 3.115000000000000147e-03 6.607499999999999485e-01 7.505939999999999834e-01 -4.139999999999999583e-03
3.000000000000000000e+00 4.400000000000000000e+01 7.300000000000000000e+01 0.000000000000000000e+00 1.600000000000000089e+00 -1.144000000000000052e-03 -6.499999999999999431e-05 9.999989999999999712e-01 5.384900000000000103e-02 -9.985490000000000199e-01 -3.999999999999999819e-06 9.985479999999999912e-01 5.384900000000000103e-02 1.146000000000000100e-03
5.000000000000000000e+00 4.400000000000000000e+01 7.300000000000000000e+01 0.000000000000000000e+00 1.600000000000000089e+00 -9.829999999999999329e-04 -2.905000000000000030e-03 9.999949999999999672e-01 5.353200000000000319e-02 -9.985619999999999497e-01 -2.847999999999999837e-03 9.985659999999999537e-01 5.352900000000000019e-02 1.136999999999999990e-03
1.000000000000000000e+01 4.400000000000000000e+01 7.300000000000000000e+01 0.000000000000000000e+00 1.600000000000000089e+00 -3.269999999999999795e-04 -5.300000000000000078e-05 1.000000000000000000e+00 5.086399999999999949e-02 -9.987059999999999826e-01 -3.600000000000000091e-05 9.987059999999999826e-01 5.086399999999999949e-02 3.289999999999999739e-04
1.500000000000000000e+01 4.400000000000000000e+01 7.300000000000000000e+01 0.000000000000000000e+00 1.600000000000000089e+00 -9.730000000000000151e-04 -1.399000000000000070e-03 9.999989999999999712e-01 5.067300000000000276e-02 -9.987139999999999906e-01 -1.348000000000000023e-03 9.987150000000000194e-01 5.067200000000000176e-02 1.043000000000000090e-03
2.400000000000000000e+01 4.400000000000000000e+01 7.300000000000000000e+01 0.000000000000000000e+00 1.600000000000000089e+00 -1.030000000000000100e-03 -1.343000000000000010e-03 9.999989999999999712e-01 5.345500000000000251e-02 -9.985690000000000399e-01 -1.286000000000000034e-03 9.985699999999999577e-01 5.345400000000000151e-02 1.100999999999999982e-03
2.000000000000000000e+00 9.100000000000000000e+01 7.600000000000000000e+01 0.000000000000000000e+00 1.600000000000000089e+00 -3.209999999999999963e-04 -9.489999999999999738e-04 1.000000000000000000e+00 3.181530000000000191e-01 -9.480389999999999651e-01 -7.979999999999999897e-04 9.480389999999999651e-01 3.181519999999999904e-01 6.059999999999999849e-04
8.000000000000000000e+00 9.100000000000000000e+01 7.600000000000000000e+01 0.000000000000000000e+00 1.600000000000000089e+00 1.369999999999999961e-04 -3.100000000000000135e-05 1.000000000000000000e+00 3.022630000000000039e-01 -9.532249999999999890e-01 -7.100000000000000462e-05 9.532239999999999602e-01 3.022630000000000039e-01 -1.210000000000000002e-04
1.300000000000000000e+01 9.100000000000000000e+01 7.600000000000000000e+01 0.000000000000000000e+00 1.600000000000000089e+00 -5.500000000000000196e-05 7.950000000000000252e-04 1.000000000000000000e+00 3.122530000000000028e-01 -9.499990000000000379e-01 7.720000000000000083e-04 9.499990000000000379e-01 3.122530000000000028e-01 -1.959999999999999937e-04
1.800000000000000000e+01 9.100000000000000000e+01 7.600000000000000000e+01 0.000000000000000000e+00 1.600000000000000089e+00 -3.939999999999999817e-04 -1.851999999999999914e-03 9.999980000000000535e-01 3.270649999999999946e-01 -9.450009999999999799e-01 -1.621999999999999961e-03 9.450020000000000087e-01 3.270629999999999926e-01 9.779999999999999197e-04
2.200000000000000000e+01 9.100000000000000000e+01 7.600000000000000000e+01 0.000000000000000000e+00 1.600000000000000089e+00 -2.100000000000000087e-04 -7.759999999999999971e-04 1.000000000000000000e+00 3.191030000000000255e-01 -9.477200000000000069e-01 -6.679999999999999740e-04 9.477200000000000069e-01 3.191030000000000255e-01 4.470000000000000232e-04
