1.000000000000000000e+01 1.500000000000000000e+01 4.000000000000000000e+00 0.000000000000000000e+00 1.600000000000000089e+00 1.427000000000000100e-03 3.899000000000000122e-03 9.999909999999999632e-01 3.195029999999999815e-01 -9.475799999999999779e-01 3.239000000000000126e-03 9.475839999999999819e-01 3.194960000000000022e-01 -2.598000000000000049e-03
1.500000000000000000e+01 1.500000000000000000e+01 4.000000000000000000e+00 0.000000000000000000e+00 1.600000000000000089e+00 2.108000000000000065e-03 6.002999999999999656e-03 9.999799999999999800e-01 3.225589999999999846e-01 -9.465360000000000440e-01 5.002999999999999635e-03 9.465470000000000272e-01 3.225419999999999954e-01 -3.930999999999999599e-03
2.000000000000000000e+01 1.500000000000000000e+01 4.000000000000000000e+00 0.000000000000000000e+00 1.600000000000000089e+00 -3.129999999999999970e-03 -7.861999999999999197e-03 9.999639999999999640e-01 3.211439999999999850e-01 -9.470079999999999609e-01 -6.440000000000000412e-03 9.470250000000000057e-01 3.211120000000000085e-01 5.488999999999999956e-03
2.500000000000000000e+01 1.500000000000000000e+01 4.000000000000000000e+00 0.000000000000000000e+00 1.600000000000000089e+00 1.838000000000000007e-03 -5.651999999999999906e-03 9.999820000000000375e-01 3.248190000000000244e-01 -9.457579999999999876e-01 -5.943000000000000366e-03 9.457740000000000036e-01 3.248240000000000016e-01 9.799999999999999684e-05
2.600000000000000000e+01 1.900000000000000000e+01 5.000000000000000000e+00 0.000000000000000000e+00 1.600000000000000089e+00 -2.152999999999999966e-03 -4.334000000000000179e-03 -9.999879999999999880e-01 -6.739490000000000203e-01 -7.387629999999999475e-01 4.653000000000000018e-03 -7.387749999999999595e-01 6.739509999999999668e-01 -1.330000000000000019e-03
1.000000000000000000e+00 1.010000000000000000e+02 7.000000000000000000e+00 0.000000000000000000e+00 1.600000000000000089e+00 -1.333999999999999899e-03 -1.919300000000000173e-02 9.998150000000000093e-01 8.850329999999999586e-01 4.654190000000000271e-01 1.011500000000000073e-02 -4.655270000000000241e-01 8.848819999999999464e-01 1.636500000000000107e-02
1.900000000000000000e+01 1.010000000000000000e+02 7.000000000000000000e+00 0.000000000000000000e+00 1.600000000000000089e+00 -6.008999999999999585e-03 1.467000000000000075e-02 9.998740000000000405e-01 8.810700000000000198e-01 4.729840000000000155e-01 -1.644999999999999978e-03 -4.729479999999999795e-01 8.809489999999999821e-01 -1.576800000000000077e-02
2.800000000000000000e+01 1.010000000000000000e+02 7.000000000000000000e+00 0.000000000000000000e+00 1.600000000000000089e+00 -1.523999999999999964e-03 -1.962699999999999861e-02 9.998059999999999725e-01 8.800940000000000429e-01 4.746810000000000196e-01 1.065999999999999934e-02 -4.747979999999999978e-01 8.799390000000000267e-01 1.654999999999999874e-02
1.000000000000000000e+00 2.500000000000000000e+01 8.000000000000000000e+00 0.000000000000000000e+00 1.600000000000000089e+00 1.379999999999999933e-04 -4.597000000000000391e-03 -9.999890000000000168e-01 4.534969999999999835e-01 8.912489999999999579e-01 -4.035000000000000392e-03 8.912579999999999947e-01 -4.534920000000000062e-01 2.207999999999999893e-03
7.000000000000000000e+00 2.500000000000000000e+01 8.000000000000000000e+00 0.000000000000000000e+00 1.600000000000000089e+00 -7.389999999999999651e-04 8.379999999999999862e-04 -9.999989999999999712e-01 4.522649999999999726e-01 8.918840000000000101e-01 4.130000000000000099e-04 8.918829999999999814e-01 -4.522639999999999993e-01 -1.038999999999999993e-03
1.200000000000000000e+01 2.500000000000000000e+01 8.000000000000000000e+00 0.000000000000000000e+00 1.600000000000000089e+00 -1.302999999999999905e-03 -1.312999999999999931e-03 -9.999980000000000535e-01 4.536180000000000212e-01 8.911940000000000417e-01 -1.761999999999999894e-03 8.911949999999999594e-01 -4.536200000000000232e-01 -5.659999999999999884e-04
1.800000000000000000e+01 2.500000000000000000e+01 8.000000000000000000e+00 0.000000000000000000e+00 1.600000000000000089e+00 -9.820000000000000170e-04 6.701999999999999624e-03 -9.999770000000000048e-01 4.530980000000000008e-01 8.914440000000000142e-01 5.529000000000000060e-03 8.914600000000000302e-01 -4.530819999999999848e-01 -3.911999999999999679e-03
2.100000000000000000e+01 2.500000000000000000e+01 8.000000000000000000e+00 0.000000000000000000e+00 1.600000000000000089e+00 -1.054000000000000032e-03 -2.190999999999999805e-03 -9.999970000000000248e-01 4.544039999999999746e-01 8.907929999999999460e-01 -2.431000000000000001e-03 8.907950000000000035e-01 -4.544050000000000034e-01 5.700000000000000314e-05
2.500000000000000000e+01 2.500000000000000000e+01 8.000000000000000000e+00 0.000000000000000000e+00 1.600000000000000089e+00 -7.860000000000000233e-04 2.481000000000000132e-03 -9.999970000000000248e-01 4.552579999999999960e-01 8.903579999999999828e-01 1.850999999999999998e-03 8.903590000000000115e-01 -4.552550000000000208e-01 -1.828999999999999897e-03
2.900000000000000000e+01 2.500000000000000000e+01 8.000000000000000000e+00 0.000000000000000000e+00 1.600000000000000089e+00 1.232999999999999938e-03 1.879600000000000021e-02 -9.998230000000000173e-01 4.551529999999999743e-01 8.902449999999999530e-01 1.729699999999999988e-02 8.904130000000000100e-01 -4.550930000000000253e-01 -7.457000000000000087e-03
1.000000000000000000e+00 2.400000000000000000e+01 9.000000000000000000e+00 0.000000000000000000e+00 1.600000000000000089e+00 1.146000000000000100e-03 -3.082999999999999803e-03 -9.999949999999999672e-01 4.565210000000000101e-01 8.897100000000000009e-01 -2.220000000000000185e-03 8.897119999999999473e-01 -4.565159999999999774e-01 2.426999999999999904e-03
1.200000000000000000e+01 2.400000000000000000e+01 9.000000000000000000e+00 0.000000000000000000e+00 1.600000000000000089e+00 -1.266999999999999897e-03 -2.197000000000000168e-03 -9.999970000000000248e-01 4.554469999999999907e-01 8.902590000000000225e-01 -2.533000000000000095e-03 8.902619999999999978e-01 -4.554489999999999927e-01 -1.279999999999999942e-04
2.100000000000000000e+01 2.400000000000000000e+01 9.000000000000000000e+00 0.000000000000000000e+00 1.600000000000000089e+00 -1.250000000000000026e-03 -2.075000000000000022e-03 -9.999970000000000248e-01 4.559810000000000252e-01 8.899860000000000548e-01 -2.416000000000000179e-03 8.899890000000000301e-01 -4.559819999999999984e-01 -1.669999999999999935e-04
2.900000000000000000e+01 2.400000000000000000e+01 9.000000000000000000e+00 0.000000000000000000e+00 1.600000000000000089e+00 9.210000000000000521e-04 1.681600000000000109e-02 -9.998580000000000245e-01 4.580859999999999932e-01 8.887749999999999817e-01 1.536999999999999998e-02 8.889070000000000027e-01 -4.580350000000000255e-01 -6.884999999999999627e-03
2.900000000000000000e+01 1.200000000000000000e+01 1.000000000000000000e+01 0.000000000000000000e+00 1.600000000000000089e+00 -5.919999999999999915e-03 -1.190899999999999945e-02 -9.999120000000000230e-01 -5.512329999999999730e-01 -8.342469999999999608e-01 1.319999999999999993e-02 -8.343300000000000161e-01 5.512629999999999475e-01 -1.626000000000000058e-03
8.000000000000000000e+00 3.100000000000000000e+01 1.200000000000000000e+01 0.000000000000000000e+00 1.600000000000000089e+00 -4.600000000000000004e-05 -2.804000000000000069e-03 9.999959999999999960e-01 -1.629699999999999899e-02 9.998629999999999463e-01 2.802999999999999936e-03 -9.998669999999999503e-01 -1.629699999999999899e-02 -9.200000000000000007e-05
3.000000000000000000e+00 3.500000000000000000e+01 1.200000000000000000e+01 0.000000000000000000e+00 1.600000000000000089e+00 1.949999999999999965e-04 -3.837999999999999832e-03 -9.999930000000000208e-01 4.590629999999999988e-01 -8.883969999999999922e-01 3.498999999999999940e-03 -8.884039999999999715e-01 -4.590600000000000236e-01 1.588999999999999918e-03
7.000000000000000000e+00 3.500000000000000000e+01 1.200000000000000000e+01 0.000000000000000000e+00 1.600000000000000089e+00 -6.319999999999999663e-04 -1.938999999999999968e-03 -9.999980000000000535e-01 4.598979999999999735e-01 -8.879709999999999548e-01 1.430999999999999980e-03 -8.879719999999999835e-01 -4.598960000000000270e-01 1.453000000000000081e-03
1.200000000000000000e+01 3.500000000000000000e+01 1.200000000000000000e+01 0.000000000000000000e+00 1.600000000000000089e+00 1.552999999999999910e-03 6.799999999999999946e-05 -9.999989999999999712e-01 4.500339999999999896e-01 -8.930109999999999992e-01 6.380000000000000037e-04 -8.930099999999999705e-01 -4.500339999999999896e-01 -1.417000000000000074e-03
2.100000000000000000e+01 3.500000000000000000e+01 1.200000000000000000e+01 0.000000000000000000e+00 1.600000000000000089e+00 -5.890000000000000053e-04 -8.140000000000000534e-04 -9.999989999999999712e-01 4.166880000000000028e-01 -9.090489999999999959e-01 4.949999999999999973e-04 -9.090489999999999959e-01 -4.166880000000000028e-01 8.750000000000000182e-04
2.500000000000000000e+01 3.500000000000000000e+01 1.200000000000000000e+01 0.000000000000000000e+00 1.600000000000000089e+00 2.497000000000000088e-03 -6.192999999999999720e-03 -9.999780000000000335e-01 4.006480000000000041e-01 -9.162080000000000224e-01 6.674000000000000245e-03 -9.162289999999999601e-01 -4.006560000000000121e-01 1.939999999999999993e-04
2.000000000000000000e+00 3.200000000000000000e+01 1.400000000000000000e+01 0.000000000000000000e+00 1.600000000000000089e+00 -3.635999999999999909e-03 -2.879000000000000049e-03 -9.999890000000000168e-01 1.038000000000000034e-01 9.945929999999999493e-01 -3.240999999999999957e-03 9.945920000000000316e-01 -1.038099999999999995e-01 -3.317000000000000070e-03
1.200000000000000000e+01 1.200000000000000000e+01 1.500000000000000000e+01 0.000000000000000000e+00 1.600000000000000089e+00 -4.800000000000000122e-05 -1.211000000000000054e-03 -9.999989999999999712e-01 -4.635520000000000196e-01 -8.860689999999999955e-01 1.095000000000000053e-03 -8.860700000000000243e-01 4.635520000000000196e-01 -5.190000000000000386e-04
2.100000000000000000e+01 1.200000000000000000e+01 1.500000000000000000e+01 0.000000000000000000e+00 1.600000000000000089e+00 -1.512000000000000106e-03 -3.928000000000000068e-03 -9.999909999999999632e-01 -4.636460000000000026e-01 -8.860109999999999930e-01 4.180999999999999821e-03 -8.860190000000000010e-01 4.636480000000000046e-01 -4.809999999999999823e-04
1.000000000000000000e+01 1.160000000000000000e+02 1.600000000000000000e+01 0.000000000000000000e+00 1.600000000000000089e+00 2.710999999999999868e-03 7.230999999999999581e-03 9.999700000000000255e-01 7.360449999999999493e-01 6.768969999999999709e-01 -6.890000000000000291e-03 -6.769269999999999454e-01 7.360419999999999741e-01 -3.487000000000000082e-03
2.600000000000000000e+01 1.160000000000000000e+02 1.600000000000000000e+01 0.000000000000000000e+00 1.600000000000000089e+00 2.469999999999999865e-04 1.644000000000000062e-03 9.999989999999999712e-01 7.609339999999999993e-01 6.488279999999999603e-01 -1.253999999999999906e-03 -6.488289999999999891e-01 7.609339999999999993e-01 -1.090999999999999956e-03
1.000000000000000000e+00 2.000000000000000000e+00 1.900000000000000000e+01 0.000000000000000000e+00 1.600000000000000089e+00 -2.599999999999999840e-05 4.342000000000000373e-03 -9.999909999999999632e-01 1.812449999999999894e-01 -9.834289999999999976e-01 -4.275000000000000154e-03 -9.834380000000000344e-01 -1.812439999999999884e-01 -7.619999999999999820e-04
6.000000000000000000e+00 2.000000000000000000e+00 1.900000000000000000e+01 0.000000000000000000e+00 1.600000000000000089e+00 -9.990000000000001049e-04 1.968000000000000131e-03 -9.999980000000000535e-01 1.747170000000000112e-01 -9.846160000000000467e-01 -2.112000000000000162e-03 -9.846179999999999932e-01 -1.747190000000000132e-01 6.400000000000000524e-04
1.100000000000000000e+01 2.000000000000000000e+00 1.900000000000000000e+01 0.000000000000000000e+00 1.600000000000000089e+00 -4.099999999999999912e-04 5.324999999999999872e-03 -9.999860000000000415e-01 1.690190000000000026e-01 -9.855979999999999741e-01 -5.317999999999999811e-03 -9.856129999999999614e-01 -1.690190000000000026e-01 -4.960000000000000216e-04
2.100000000000000000e+01 2.000000000000000000e+00 1.900000000000000000e+01 0.000000000000000000e+00 1.600000000000000089e+00 -1.230000000000000082e-04 -4.772000000000000200e-03 -9.999890000000000168e-01 1.611720000000000097e-01 -9.869149999999999867e-01 4.689999999999999725e-03 -9.869259999999999700e-01 -1.611700000000000077e-01 8.899999999999999491e-04
2.500000000000000000e+01 2.000000000000000000e+00 1.900000000000000000e+01 0.000000000000000000e+00 1.600000000000000089e+00 -1.402999999999999950e-03 -1.853499999999999939e-02 -9.998270000000000213e-01 1.591100000000000014e-01 -9.870949999999999447e-01 1.807500000000000079e-02 -9.872600000000000264e-01 -1.590570000000000039e-01 4.334000000000000179e-03
3.000000000000000000e+01 2.000000000000000000e+00 1.900000000000000000e+01 0.000000000000000000e+00 1.600000000000000089e+00 -1.337000000000000081e-03 -1.005900000000000023e-02 -9.999489999999999768e-01 1.546609999999999929e-01 -9.879200000000000204e-01 9.731999999999999332e-03 -9.879670000000000396e-01 -1.546399999999999997e-01 2.876999999999999783e-03
7.000000000000000000e+00 4.000000000000000000e+00 2.000000000000000000e+01 0.000000000000000000e+00 1.600000000000000089e+00 -1.526999999999999929e-03 2.915000000000000056e-03 -9.999949999999999672e-01 2.601510000000000211e-01 -9.655629999999999491e-01 -3.212000000000000011e-03 -9.655669999999999531e-01 -2.601550000000000251e-01 7.159999999999999481e-04
5.000000000000000000e+00 1.300000000000000000e+01 2.000000000000000000e+01 0.000000000000000000e+00 1.600000000000000089e+00 1.296999999999999976e-03 -1.379999999999999933e-04 9.999989999999999712e-01 2.552639999999999909e-01 9.668710000000000360e-01 -1.979999999999999881e-04 -9.668700000000000072e-01 2.552650000000000197e-01 1.288999999999999998e-03
1.100000000000000000e+01 1.300000000000000000e+01 2.000000000000000000e+01 0.000000000000000000e+00 1.600000000000000089e+00 1.279999999999999942e-04 9.709999999999999664e-04 9.999989999999999712e-01 2.520549999999999735e-01 9.677120000000000166e-01 -9.719999999999999907e-04 -9.677130000000000454e-01 2.520549999999999735e-01 -1.210000000000000002e-04
1.500000000000000000e+01 1.300000000000000000e+01 2.000000000000000000e+01 0.000000000000000000e+00 1.600000000000000089e+00 4.749999999999999990e-04 -2.864999999999999925e-03 9.999959999999999960e-01 2.500959999999999850e-01 9.682169999999999943e-01 2.654999999999999808e-03 -9.682209999999999983e-01 2.500939999999999830e-01 1.177000000000000095e-03
2.200000000000000000e+01 1.300000000000000000e+01 2.000000000000000000e+01 0.000000000000000000e+00 1.600000000000000089e+00 3.300000000000000253e-05 -8.919999999999999978e-04 1.000000000000000000e+00 2.514109999999999956e-01 9.678799999999999626e-01 8.549999999999999658e-04 -9.678799999999999626e-01 2.514109999999999956e-01 2.559999999999999884e-04
5.000000000000000000e+00 1.600000000000000000e+01 2.100000000000000000e+01 0.000000000000000000e+00 1.600000000000000089e+00 1.685999999999999999e-03 -5.980000000000000072e-04 9.999980000000000535e-01 2.990539999999999865e-01 9.542359999999999731e-01 6.600000000000000506e-05 -9.542350000000000554e-01 2.990539999999999865e-01 1.788000000000000093e-03
1.300000000000000000e+01 1.600000000000000000e+01 2.100000000000000000e+01 0.000000000000000000e+00 1.600000000000000089e+00 2.400000000000000061e-05 -5.150000000000000498e-04 1.000000000000000000e+00 2.983990000000000253e-01 9.544409999999999838e-01 4.850000000000000253e-04 -9.544409999999999838e-01 2.983990000000000253e-01 1.759999999999999954e-04
1.800000000000000000e+01 1.600000000000000000e+01 2.100000000000000000e+01 0.000000000000000000e+00 1.600000000000000089e+00 7.299999999999999903e-05 -6.712000000000000084e-03 9.999770000000000048e-01 2.973500000000000032e-01 9.547470000000000123e-01 6.386000000000000183e-03 -9.547689999999999788e-01 2.973430000000000240e-01 2.066000000000000128e-03
2.700000000000000000e+01 1.600000000000000000e+01 2.100000000000000000e+01 0.000000000000000000e+00 1.600000000000000089e+00 2.634000000000000057e-03 1.140200000000000068e-02 9.999320000000000430e-01 2.987270000000000203e-01 9.542669999999999764e-01 -1.166799999999999955e-02 -9.543350000000000444e-01 2.987369999999999748e-01 -8.930000000000000221e-04
7.000000000000000000e+00 4.600000000000000000e+01 2.700000000000000000e+01 0.000000000000000000e+00 1.600000000000000089e+00 -7.940000000000000009e-04 9.920000000000000432e-04 -9.999989999999999712e-01 6.664839999999999653e-01 7.455190000000000428e-01 2.100000000000000087e-04 7.455190000000000428e-01 -6.664830000000000476e-01 -1.252999999999999991e-03
2.100000000000000000e+01 4.600000000000000000e+01 2.700000000000000000e+01 0.000000000000000000e+00 1.600000000000000089e+00 2.063000000000000164e-03 -2.762000000000000132e-03 -9.999940000000000495e-01 6.730570000000000164e-01 7.395899999999999697e-01 -6.539999999999999590e-04 7.395880000000000232e-01 -6.730519999999999836e-01 3.384999999999999988e-03
1.000000000000000000e+01 4.600000000000000000e+01 3.000000000000000000e+01 0.000000000000000000e+00 1.600000000000000089e+00 4.299999999999999894e-04 2.199999999999999943e-05 -1.000000000000000000e+00 3.295870000000000188e-01 9.441249999999999920e-01 1.620000000000000075e-04 9.441249999999999920e-01 -3.295870000000000188e-01 3.989999999999999949e-04
3.000000000000000000e+01 4.600000000000000000e+01 3.000000000000000000e+01 0.000000000000000000e+00 1.600000000000000089e+00 1.084070000000000034e-01 1.217400000000000010e-01 -9.866239999999999455e-01 4.538880000000000137e-01 8.769249999999999545e-01 1.580759999999999943e-01 8.844400000000000039e-01 -4.649530000000000052e-01 3.980800000000000310e-02
2.700000000000000000e+01 4.700000000000000000e+01 3.100000000000000000e+01 0.000000000000000000e+00 1.600000000000000089e+00 -1.971829999999999972e-01 1.724980000000000124e-01 9.650720000000000409e-01 -3.838940000000000130e-01 8.922020000000000506e-01 -2.379110000000000114e-01 -9.020780000000000465e-01 -4.173970000000000180e-01 -1.097059999999999980e-01
5.000000000000000000e+00 5.800000000000000000e+01 3.100000000000000000e+01 0.000000000000000000e+00 1.600000000000000089e+00 4.501999999999999925e-03 5.863000000000000156e-03 9.999730000000000008e-01 -7.704670000000000130e-01 -6.374389999999999779e-01 7.205999999999999732e-03 6.374630000000000019e-01 -7.704790000000000250e-01 1.647000000000000026e-03
1.000000000000000000e+01 5.800000000000000000e+01 3.100000000000000000e+01 0.000000000000000000e+00 1.600000000000000089e+00 1.211999999999999970e-03 2.519999999999999996e-04 9.999989999999999712e-01 -7.722139999999999560e-01 -6.353619999999999823e-01 1.095999999999999969e-03 6.353609999999999536e-01 -7.722149999999999848e-01 -5.749999999999999903e-04
1.800000000000000000e+01 5.800000000000000000e+01 3.100000000000000000e+01 0.000000000000000000e+00 1.600000000000000089e+00 2.639599999999999932e-02 -8.891899999999999804e-02 9.956890000000000462e-01 -7.646990000000000176e-01 -6.433149999999999702e-01 -3.717800000000000271e-02 6.438469999999999471e-01 -7.604210000000000136e-01 -8.497699999999999698e-02
2.200000000000000000e+01 5.600000000000000000e+01 3.300000000000000000e+01 0.000000000000000000e+00 1.600000000000000089e+00 -2.587610000000000188e-01 -3.136479999999999824e-01 -9.136020000000000252e-01 4.600380000000000025e-01 -8.716760000000000064e-01 1.689569999999999961e-01 -8.493570000000000286e-01 -3.765720000000000178e-01 3.698460000000000081e-01
4.000000000000000000e+00 4.600000000000000000e+01 3.500000000000000000e+01 0.000000000000000000e+00 1.600000000000000089e+00 -5.029999999999999749e-04 4.260000000000000006e-04 -1.000000000000000000e+00 3.925939999999999985e-01 -9.197119999999999740e-01 -5.890000000000000053e-04 -9.197119999999999740e-01 -3.925939999999999985e-01 2.950000000000000148e-04
7.000000000000000000e+00 4.600000000000000000e+01 3.500000000000000000e+01 0.000000000000000000e+00 1.600000000000000089e+00 -9.269999999999999811e-04 2.993000000000000001e-03 -9.999949999999999672e-01 3.925509999999999833e-01 -9.197250000000000147e-01 -3.116999999999999979e-03 -9.197300000000000475e-01 -3.925520000000000120e-01 -3.229999999999999907e-04
1.100000000000000000e+01 4.600000000000000000e+01 3.500000000000000000e+01 0.000000000000000000e+00 1.600000000000000089e+00 -8.679999999999999565e-04 3.756999999999999923e-03 -9.999930000000000208e-01 3.937019999999999964e-01 -9.192299999999999915e-01 -3.795000000000000196e-03 -9.192379999999999995e-01 -3.937030000000000252e-01 -6.819999999999999890e-04
1.400000000000000000e+01 4.600000000000000000e+01 3.500000000000000000e+01 0.000000000000000000e+00 1.600000000000000089e+00 2.900000000000000017e-04 -9.265999999999999931e-03 -9.999569999999999848e-01 3.956120000000000192e-01 -9.183769999999999989e-01 8.625000000000000722e-03 -9.184179999999999566e-01 -3.955969999999999764e-01 3.399999999999999811e-03
2.100000000000000000e+01 4.600000000000000000e+01 3.500000000000000000e+01 0.000000000000000000e+00 1.600000000000000089e+00 -3.089499999999999885e-02 -1.700309999999999877e-01 -9.849539999999999962e-01 3.606969999999999898e-01 -9.209199999999999608e-01 1.476629999999999887e-01 -9.321709999999999718e-01 -3.507080000000000197e-01 8.978200000000000069e-02
1.600000000000000000e+01 9.500000000000000000e+01 3.600000000000000000e+01 0.000000000000000000e+00 1.600000000000000089e+00 -2.449700000000000141e-02 5.475599999999999912e-02 9.981989999999999474e-01 9.957840000000000025e-01 8.963300000000000434e-02 1.952100000000000016e-02 -8.840299999999999547e-02 9.944690000000000474e-01 -5.672100000000000058e-02
2.100000000000000000e+01 9.500000000000000000e+01 3.600000000000000000e+01 0.000000000000000000e+00 1.600000000000000089e+00 -3.289999999999999739e-04 2.860700000000000048e-02 9.995910000000000073e-01 9.976030000000000175e-01 6.918000000000000538e-02 -1.652000000000000040e-03 -6.919799999999999562e-02 9.971940000000000248e-01 -2.856200000000000058e-02
2.700000000000000000e+01 9.500000000000000000e+01 3.600000000000000000e+01 0.000000000000000000e+00 1.600000000000000089e+00 1.091800000000000062e-02 1.018499999999999961e-02 9.998890000000000278e-01 9.970029999999999726e-01 7.647500000000000131e-02 -1.166599999999999929e-02 -7.658500000000000030e-02 9.970200000000000173e-01 -9.320000000000000159e-03
3.000000000000000000e+00 2.900000000000000000e+01 4.400000000000000000e+01 0.000000000000000000e+00 1.600000000000000089e+00 -2.419000000000000143e-03 -2.655999999999999941e-03 -9.999940000000000495e-01 6.630489999999999995e-01 7.485669999999999824e-01 -3.592000000000000141e-03 7.485720000000000152e-01 -6.630540000000000322e-01 -5.000000000000000240e-05
7.000000000000000000e+00 2.900000000000000000e+01 4.400000000000000000e+01 0.000000000000000000e+00 1.600000000000000089e+00 -3.299999999999999982e-03 -3.181999999999999933e-03 -9.999900000000000455e-01 6.693310000000000093e-01 7.429499999999999993e-01 -4.572999999999999808e-03 7.429569999999999785e-01 -6.693390000000000173e-01 -3.220000000000000206e-04
1.100000000000000000e+01 2.900000000000000000e+01 4.400000000000000000e+01 0.000000000000000000e+00 1.600000000000000089e+00 4.730000000000000046e-04 -5.860000000000000408e-04 -1.000000000000000000e+00 6.694679999999999520e-01 7.428409999999999735e-01 -1.179999999999999951e-04 7.428409999999999735e-01 -6.694679999999999520e-01 7.439999999999999782e-04
1.700000000000000000e+01 2.900000000000000000e+01 4.400000000000000000e+01 0.000000000000000000e+00 1.600000000000000089e+00 2.530000000000000239e-04 8.210000000000000067e-04 -1.000000000000000000e+00 6.622639999999999638e-01 7.492710000000000203e-01 7.820000000000000345e-04 7.492710000000000203e-01 -6.622639999999999638e-01 -3.539999999999999853e-04
2.300000000000000000e+01 2.900000000000000000e+01 4.400000000000000000e+01 0.000000000000000000e+00 1.600000000000000089e+00 -3.181999999999999933e-03 -1.520000000000000084e-04 -9.999949999999999672e-01 6.580869999999999775e-01 7.529379999999999962e-01 -2.209000000000000026e-03 7.529350000000000209e-01 -6.580909999999999815e-01 -2.295000000000000165e-03
2.800000000000000000e+01 2.900000000000000000e+01 4.400000000000000000e+01 0.000000000000000000e+00 1.600000000000000089e+00 2.750000000000000166e-04 2.586999999999999890e-03 -9.999970000000000248e-01 6.588000000000000522e-01 7.523149999999999560e-01 2.128000000000000117e-03 7.523180000000000422e-01 -6.587990000000000235e-01 -1.497000000000000067e-03
8.000000000000000000e+00 5.000000000000000000e+01 4.500000000000000000e+01 0.000000000000000000e+00 1.600000000000000089e+00 -5.616299999999999626e-01 1.140629999999999977e-01 -8.194890000000000230e-01 -2.971670000000000145e-01 -9.521730000000000471e-01 7.112899999999999778e-02 -7.721810000000000063e-01 2.834729999999999750e-01 5.686639999999999473e-01
2.800000000000000000e+01 6.000000000000000000e+01 4.700000000000000000e+01 0.000000000000000000e+00 1.600000000000000089e+00 -2.836919999999999997e-01 -3.815950000000000175e-01 8.797180000000000000e-01 -1.458129999999999982e-01 9.239079999999999515e-01 3.537410000000000276e-01 -9.477649999999999686e-01 -2.792100000000000137e-02 -3.177470000000000017e-01
7.000000000000000000e+00 7.000000000000000000e+01 4.700000000000000000e+01 0.000000000000000000e+00 1.600000000000000089e+00 -2.200999999999999832e-02 1.566000000000000031e-02 -9.996350000000000513e-01 -8.426749999999999519e-01 -5.383270000000000000e-01 1.012099999999999979e-02 -5.379720000000000057e-01 8.425909999999999789e-01 2.504400000000000029e-02
4.000000000000000000e+00 5.000000000000000000e+00 5.100000000000000000e+01 0.000000000000000000e+00 1.600000000000000089e+00 -1.170999999999999949e-03 -4.322000000000000321e-03 -9.999900000000000455e-01 4.901730000000000254e-01 -8.716190000000000326e-01 3.193000000000000092e-03 -8.716239999999999544e-01 -4.901639999999999886e-01 3.138999999999999863e-03
1.300000000000000000e+01 5.000000000000000000e+00 5.100000000000000000e+01 0.000000000000000000e+00 1.600000000000000089e+00 1.041000000000000042e-03 2.956999999999999993e-03 -9.999949999999999672e-01 4.898390000000000244e-01 -8.718099999999999739e-01 -2.067999999999999960e-03 -8.718120000000000314e-01 -4.898350000000000204e-01 -2.356000000000000021e-03
1.600000000000000000e+01 5.000000000000000000e+00 5.100000000000000000e+01 0.000000000000000000e+00 1.600000000000000089e+00 -1.620000000000000075e-04 6.740000000000000331e-03 -9.999770000000000048e-01 4.882790000000000186e-01 -8.726669999999999705e-01 -5.961000000000000153e-03 -8.726880000000000193e-01 -4.882690000000000086e-01 -3.148999999999999889e-03
2.100000000000000000e+01 5.000000000000000000e+00 5.100000000000000000e+01 0.000000000000000000e+00 1.600000000000000089e+00 -5.680000000000000370e-04 6.394999999999999643e-03 -9.999789999999999512e-01 4.829249999999999932e-01 -8.756420000000000314e-01 -5.873999999999999881e-03 -8.756610000000000227e-01 -4.829189999999999872e-01 -2.589999999999999854e-03
2.500000000000000000e+01 5.000000000000000000e+00 5.100000000000000000e+01 0.000000000000000000e+00 1.600000000000000089e+00 -1.936999999999999920e-03 -3.918999999999999741e-03 -9.999900000000000455e-01 4.847870000000000235e-01 -8.746289999999999898e-01 2.488000000000000194e-03 -8.746300000000000185e-01 -4.847779999999999867e-01 3.592999999999999840e-03
2.700000000000000000e+01 1.150000000000000000e+02 5.100000000000000000e+01 0.000000000000000000e+00 1.600000000000000089e+00 3.118999999999999811e-03 3.559999999999999797e-03 9.999890000000000168e-01 8.475770000000000248e-01 -5.306720000000000326e-01 -7.540000000000000044e-04 5.306629999999999958e-01 8.475700000000000456e-01 -4.673000000000000070e-03
7.000000000000000000e+00 7.000000000000000000e+00 5.200000000000000000e+01 0.000000000000000000e+00 1.600000000000000089e+00 -3.978999999999999898e-03 -8.059000000000000191e-03 -9.999599999999999600e-01 1.114359999999999934e-01 -9.937430000000000430e-01 7.564999999999999676e-03 -9.937639999999999807e-01 -1.114020000000000010e-01 4.852000000000000410e-03
2.700000000000000000e+01 7.000000000000000000e+00 5.200000000000000000e+01 0.000000000000000000e+00 1.600000000000000089e+00 -9.929999999999999591e-04 -5.049999999999999802e-03 -9.999869999999999592e-01 9.781399999999999817e-02 -9.951929999999999943e-01 4.929000000000000221e-03 -9.952039999999999775e-01 -9.780700000000000505e-02 1.482000000000000027e-03
4.000000000000000000e+00 6.300000000000000000e+01 5.400000000000000000e+01 0.000000000000000000e+00 1.600000000000000089e+00 -1.383599999999999934e-02 -9.407000000000000431e-03 9.998599999999999710e-01 -3.376339999999999897e-01 9.412679999999999936e-01 4.183000000000000086e-03 -9.411760000000000126e-01 -3.375290000000000235e-01 -1.619999999999999912e-02
1.200000000000000000e+01 6.300000000000000000e+01 5.400000000000000000e+01 0.000000000000000000e+00 1.600000000000000089e+00 -4.640000000000000027e-04 -3.814000000000000116e-03 9.999930000000000208e-01 -3.332849999999999979e-01 9.428199999999999914e-01 3.442000000000000181e-03 -9.428260000000000529e-01 -3.332809999999999939e-01 -1.708000000000000100e-03
1.000000000000000000e+01 2.500000000000000000e+01 5.500000000000000000e+01 0.000000000000000000e+00 1.600000000000000089e+00 1.379000000000000017e-03 5.088999999999999774e-03 -9.999860000000000415e-01 -1.251400000000000082e-02 -9.999090000000000478e-01 -5.106000000000000295e-03 -9.999209999999999487e-01 1.252099999999999914e-02 -1.314999999999999980e-03
1.600000000000000000e+01 5.200000000000000000e+01 5.700000000000000000e+01 0.000000000000000000e+00 1.600000000000000089e+00 8.931200000000000250e-02 4.685619999999999785e-01 8.789040000000000186e-01 3.190819999999999768e-01 -8.493829999999999991e-01 4.203999999999999959e-01 9.435090000000000421e-01 2.428960000000000008e-01 -2.253699999999999870e-01
2.600000000000000000e+01 6.800000000000000000e+01 5.700000000000000000e+01 0.000000000000000000e+00 1.600000000000000089e+00 -5.401000000000000419e-03 9.761999999999999844e-03 -9.999379999999999935e-01 -2.360089999999999966e-01 -9.717160000000000242e-01 -8.212000000000000549e-03 -9.717360000000000442e-01 2.359499999999999931e-01 7.551999999999999685e-03
3.000000000000000000e+00 2.100000000000000000e+01 6.000000000000000000e+01 0.000000000000000000e+00 1.600000000000000089e+00 4.920000000000000328e-04 1.014299999999999924e-02 9.999479999999999480e-01 -9.785800000000000054e-02 9.951499999999999790e-01 -1.004599999999999937e-02 -9.951999999999999735e-01 -9.784800000000000442e-02 1.482999999999999943e-03
7.000000000000000000e+00 2.100000000000000000e+01 6.000000000000000000e+01 0.000000000000000000e+00 1.600000000000000089e+00 -1.864999999999999904e-03 -2.942000000000000171e-03 9.999940000000000495e-01 -9.803299999999999514e-02 9.951790000000000358e-01 2.745000000000000044e-03 -9.951809999999999823e-01 -9.802800000000000402e-02 -2.145000000000000205e-03
1.600000000000000000e+01 2.100000000000000000e+01 6.000000000000000000e+01 0.000000000000000000e+00 1.600000000000000089e+00 4.119999999999999856e-04 -1.028100000000000021e-02 9.999470000000000303e-01 -9.643400000000000583e-02 9.952860000000000040e-01 1.027199999999999988e-02 -9.953389999999999738e-01 -9.643300000000000483e-02 -5.820000000000000520e-04
2.100000000000000000e+01 2.100000000000000000e+01 6.000000000000000000e+01 0.000000000000000000e+00 1.600000000000000089e+00 2.900000000000000017e-05 9.229999999999999923e-04 1.000000000000000000e+00 -9.734900000000000497e-02 9.952499999999999680e-01 -9.160000000000000390e-04 -9.952499999999999680e-01 -9.734900000000000497e-02 1.190000000000000058e-04
2.800000000000000000e+01 2.100000000000000000e+01 6.000000000000000000e+01 0.000000000000000000e+00 1.600000000000000089e+00 -1.231000000000000106e-03 1.063500000000000036e-02 9.999430000000000263e-01 -9.563699999999999979e-02 9.953589999999999938e-01 -1.070399999999999997e-02 -9.954159999999999675e-01 -9.564499999999999391e-02 -2.079999999999999872e-04
2.000000000000000000e+00 3.000000000000000000e+00 6.300000000000000000e+01 0.000000000000000000e+00 1.600000000000000089e+00 -2.400000000000000061e-05 6.301000000000000177e-03 9.999799999999999800e-01 -6.169270000000000032e-01 7.870049999999999546e-01 -4.974000000000000123e-03 -7.870209999999999706e-01 -6.169149999999999912e-01 3.867999999999999911e-03
1.800000000000000000e+01 3.000000000000000000e+00 6.300000000000000000e+01 0.000000000000000000e+00 1.600000000000000089e+00 -7.089999999999999948e-04 7.029999999999999574e-04 9.999989999999999712e-01 -6.149149999999999894e-01 7.885929999999999884e-01 -9.899999999999999946e-04 -7.885929999999999884e-01 -6.149149999999999894e-01 -1.269999999999999970e-04
3.000000000000000000e+00 2.700000000000000000e+01 6.300000000000000000e+01 0.000000000000000000e+00 1.600000000000000089e+00 1.559000000000000056e-03 1.817000000000000039e-03 9.999970000000000248e-01 -2.787129999999999885e-01 9.603739999999999499e-01 -1.311000000000000099e-03 -9.603730000000000322e-01 -2.787100000000000133e-01 2.003000000000000006e-03
9.000000000000000000e+00 2.700000000000000000e+01 6.300000000000000000e+01 0.000000000000000000e+00 1.600000000000000089e+00 -5.479999999999999845e-04 6.340000000000000149e-04 1.000000000000000000e+00 -2.788499999999999868e-01 9.603340000000000209e-01 -7.619999999999999820e-04 -9.603350000000000497e-01 -2.788499999999999868e-01 -3.490000000000000263e-04
1.400000000000000000e+01 2.700000000000000000e+01 6.300000000000000000e+01 0.000000000000000000e+00 1.600000000000000089e+00 9.479999999999999495e-04 -1.214000000000000018e-03 9.999989999999999712e-01 -2.793590000000000240e-01 9.601859999999999840e-01 1.430999999999999980e-03 -9.601859999999999840e-01 -2.793599999999999972e-01 5.710000000000000015e-04
1.600000000000000000e+01 2.700000000000000000e+01 6.300000000000000000e+01 0.000000000000000000e+00 1.600000000000000089e+00 3.570000000000000040e-04 -2.027000000000000156e-03 9.999980000000000535e-01 -2.787399999999999878e-01 9.603639999999999954e-01 2.046000000000000076e-03 -9.603660000000000529e-01 -2.787410000000000165e-01 -2.220000000000000022e-04
2.000000000000000000e+01 2.700000000000000000e+01 6.300000000000000000e+01 0.000000000000000000e+00 1.600000000000000089e+00 6.310000000000000504e-04 -2.635000000000000189e-03 9.999959999999999960e-01 -2.781270000000000131e-01 9.605409999999999782e-01 2.707000000000000205e-03 -9.605439999999999534e-01 -2.781279999999999863e-01 -1.259999999999999998e-04
2.500000000000000000e+01 2.700000000000000000e+01 6.300000000000000000e+01 0.000000000000000000e+00 1.600000000000000089e+00 1.435000000000000078e-03 -4.331999999999999913e-03 9.999900000000000455e-01 -2.788180000000000103e-01 9.603329999999999922e-01 4.559999999999999817e-03 -9.603429999999999467e-01 -2.788209999999999855e-01 1.700000000000000122e-04
2.000000000000000000e+00 2.600000000000000000e+01 6.400000000000000000e+01 0.000000000000000000e+00 1.600000000000000089e+00 1.716999999999999993e-03 8.620000000000000275e-04 9.999980000000000535e-01 -3.641739999999999977e-01 9.313310000000000199e-01 -1.769999999999999926e-04 -9.313289999999999624e-01 -3.641730000000000245e-01 1.912999999999999987e-03
8.000000000000000000e+00 2.600000000000000000e+01 6.400000000000000000e+01 0.000000000000000000e+00 1.600000000000000089e+00 -8.750000000000000182e-04 -1.154000000000000078e-03 9.999989999999999712e-01 -3.639589999999999770e-01 9.314149999999999929e-01 7.560000000000000530e-04 -9.314149999999999929e-01 -3.639580000000000037e-01 -1.234999999999999987e-03
1.500000000000000000e+01 2.600000000000000000e+01 6.400000000000000000e+01 0.000000000000000000e+00 1.600000000000000089e+00 9.409999999999999962e-04 -1.958000000000000105e-03 9.999980000000000535e-01 -3.627799999999999914e-01 9.318720000000000336e-01 2.165999999999999957e-03 -9.318739999999999801e-01 -3.627819999999999934e-01 1.659999999999999963e-04
2.100000000000000000e+01 2.600000000000000000e+01 6.400000000000000000e+01 0.000000000000000000e+00 1.600000000000000089e+00 1.503999999999999912e-03 -2.663000000000000003e-03 9.999949999999999672e-01 -3.642360000000000042e-01 9.313019999999999632e-01 3.027000000000000177e-03 -9.313050000000000495e-01 -3.642389999999999795e-01 4.310000000000000137e-04
2.500000000000000000e+01 2.600000000000000000e+01 6.400000000000000000e+01 0.000000000000000000e+00 1.600000000000000089e+00 1.941000000000000017e-03 -4.546999999999999827e-03 9.999879999999999880e-01 -3.641059999999999852e-01 9.313439999999999497e-01 4.941000000000000079e-03 -9.313559999999999617e-01 -3.641110000000000180e-01 1.520000000000000084e-04
1.000000000000000000e+01 6.900000000000000000e+01 6.600000000000000000e+01 0.000000000000000000e+00 1.600000000000000089e+00 -2.748000000000000009e-03 9.804999999999999480e-03 9.999479999999999480e-01 -9.565730000000000066e-01 2.914419999999999789e-01 -5.486999999999999690e-03 -2.914809999999999901e-01 -9.565379999999999994e-01 8.578000000000000555e-03
2.800000000000000000e+01 4.800000000000000000e+01 6.700000000000000000e+01 0.000000000000000000e+00 1.600000000000000089e+00 2.500199999999999992e-02 4.689820000000000100e-01 8.828540000000000276e-01 -1.316940000000000055e-01 -8.738879999999999981e-01 4.679490000000000038e-01 9.909750000000000503e-01 -1.279659999999999964e-01 3.991299999999999709e-02
6.000000000000000000e+00 2.500000000000000000e+01 7.300000000000000000e+01 0.000000000000000000e+00 1.600000000000000089e+00 -2.724999999999999992e-03 1.361999999999999929e-03 9.999949999999999672e-01 7.519820000000000393e-01 -6.591770000000000129e-01 2.946999999999999967e-03 6.591780000000000417e-01 7.519860000000000433e-01 7.720000000000000083e-04
1.300000000000000000e+01 2.500000000000000000e+01 7.300000000000000000e+01 0.000000000000000000e+00 1.600000000000000089e+00 -6.149999999999999868e-04 4.104000000000000009e-03 9.999909999999999632e-01 7.457789999999999697e-01 -6.661859999999999449e-01 3.193000000000000092e-03 6.661930000000000351e-01 7.457740000000000480e-01 -2.650000000000000012e-03
2.100000000000000000e+01 2.500000000000000000e+01 7.300000000000000000e+01 0.000000000000000000e+00 1.600000000000000089e+00 -6.729999999999999871e-04 -4.668000000000000274e-03 9.999890000000000168e-01 7.457489999999999952e-01 -6.662219999999999809e-01 -2.608000000000000075e-03 6.662270000000000136e-01 7.457390000000000407e-01 3.930000000000000333e-03
2.500000000000000000e+01 4.400000000000000000e+01 7.300000000000000000e+01 0.000000000000000000e+00 1.600000000000000089e+00 2.193300000000000111e-02 1.405710000000000015e-01 9.898280000000000411e-01 3.204100000000000004e-02 -9.896559999999999802e-01 1.398359999999999881e-01 9.992459999999999676e-01 2.864799999999999985e-02 -2.621000000000000066e-02
8.000000000000000000e+00 2.500000000000000000e+01 7.400000000000000000e+01 0.000000000000000000e+00 1.600000000000000089e+00 -2.726999999999999823e-03 -4.719999999999999803e-04 9.999959999999999960e-01 8.263289999999999802e-01 -5.631840000000000179e-01 1.987000000000000051e-03 5.631810000000000427e-01 8.263310000000000377e-01 1.925999999999999978e-03
1.400000000000000000e+01 2.500000000000000000e+01 7.400000000000000000e+01 0.000000000000000000e+00 1.600000000000000089e+00 -6.729999999999999871e-04 1.533999999999999990e-03 9.999989999999999712e-01 8.221249999999999947e-01 -5.693049999999999500e-01 1.425999999999999967e-03 5.693059999999999787e-01 8.221249999999999947e-01 -8.779999999999999827e-04
1.800000000000000000e+01 2.500000000000000000e+01 7.400000000000000000e+01 0.000000000000000000e+00 1.600000000000000089e+00 1.720000000000000066e-04 -6.002000000000000390e-03 9.999820000000000375e-01 8.222190000000000332e-01 -5.691610000000000280e-01 -3.556999999999999832e-03 5.691720000000000113e-01 8.222049999999999637e-01 4.837000000000000154e-03
