3.000000000000000000e+00 1.500000000000000000e+01 4.000000000000000000e+00 0.000000000000000000e+00 1.600000000000000089e+00 -1.890000000000000133e-04 -3.514999999999999895e-03 9.999940000000000495e-01 3.265390000000000237e-01 -9.451779999999999626e-01 -3.261000000000000010e-03 9.451840000000000241e-01 3.265359999999999929e-01 1.325999999999999922e-03
5.000000000000000000e+00 1.500000000000000000e+01 4.000000000000000000e+00 0.000000000000000000e+00 1.600000000000000089e+00 1.815999999999999906e-03 3.449999999999999833e-04 9.999980000000000535e-01 3.260810000000000097e-01 -9.453420000000000156e-01 -2.660000000000000146e-04 9.453399999999999581e-01 3.260810000000000097e-01 -1.830000000000000029e-03
1.400000000000000000e+01 1.500000000000000000e+01 4.000000000000000000e+00 0.000000000000000000e+00 1.600000000000000089e+00 -1.768000000000000040e-03 9.479999999999999495e-04 9.999980000000000535e-01 3.291000000000000036e-01 -9.442939999999999667e-01 1.477000000000000014e-03 9.442930000000000490e-01 3.291020000000000056e-01 1.356999999999999916e-03
1.700000000000000000e+01 1.500000000000000000e+01 4.000000000000000000e+00 0.000000000000000000e+00 1.600000000000000089e+00 -8.210000000000000067e-04 3.049000000000000061e-03 9.999949999999999672e-01 3.261020000000000030e-01 -9.453289999999999749e-01 3.150000000000000022e-03 9.453340000000000076e-01 3.261020000000000030e-01 -2.180000000000000134e-04
2.200000000000000000e+01 1.500000000000000000e+01 4.000000000000000000e+00 0.000000000000000000e+00 1.600000000000000089e+00 7.370000000000000249e-04 6.579999999999999911e-03 9.999780000000000335e-01 3.245720000000000272e-01 -9.458419999999999606e-01 5.983999999999999736e-03 9.458609999999999518e-01 3.245600000000000152e-01 -2.831999999999999882e-03
2.400000000000000000e+01 1.500000000000000000e+01 4.000000000000000000e+00 0.000000000000000000e+00 1.600000000000000089e+00 2.730000000000000222e-04 1.067300000000000020e-02 9.999430000000000263e-01 3.224960000000000049e-01 -9.465179999999999705e-01 1.001499999999999960e-02 9.465710000000000512e-01 3.224750000000000116e-01 -3.700000000000000164e-03
2.800000000000000000e+01 1.500000000000000000e+01 4.000000000000000000e+00 0.000000000000000000e+00 1.600000000000000089e+00 2.583999999999999925e-03 1.482799999999999917e-02 9.998869999999999703e-01 3.204670000000000019e-01 -9.471680000000000099e-01 1.321800000000000058e-02 9.472559999999999869e-01 3.203960000000000141e-01 -7.198999999999999670e-03
1.600000000000000000e+01 4.000000000000000000e+00 5.000000000000000000e+00 0.000000000000000000e+00 1.600000000000000089e+00 7.500000000000000156e-04 3.135999999999999899e-03 9.999949999999999672e-01 2.325109999999999955e-01 -9.725890000000000368e-01 2.874999999999999951e-03 9.725930000000000408e-01 2.325079999999999925e-01 -1.459000000000000010e-03
3.000000000000000000e+00 1.010000000000000000e+02 7.000000000000000000e+00 0.000000000000000000e+00 1.600000000000000089e+00 -4.560999999999999950e-03 -1.756900000000000128e-02 9.998350000000000293e-01 8.816760000000000153e-01 4.716949999999999754e-01 1.230999999999999976e-02 -4.718330000000000024e-01 8.815870000000000095e-01 1.333900000000000016e-02
1.600000000000000000e+01 1.010000000000000000e+02 7.000000000000000000e+00 0.000000000000000000e+00 1.600000000000000089e+00 -3.739999999999999835e-04 5.487999999999999823e-03 9.999850000000000128e-01 8.849559999999999649e-01 4.656689999999999996e-01 -2.224999999999999981e-03 -4.656739999999999768e-01 8.849420000000000064e-01 -5.029999999999999749e-03
2.000000000000000000e+00 2.500000000000000000e+01 8.000000000000000000e+00 0.000000000000000000e+00 1.600000000000000089e+00 -2.010000000000000068e-04 -1.185399999999999995e-02 -9.999299999999999855e-01 4.481859999999999733e-01 8.938770000000000326e-01 -1.068700000000000032e-02 8.939399999999999569e-01 -4.481559999999999988e-01 5.133000000000000410e-03
9.000000000000000000e+00 2.500000000000000000e+01 8.000000000000000000e+00 0.000000000000000000e+00 1.600000000000000089e+00 9.309999999999999699e-04 6.276000000000000328e-03 -9.999799999999999800e-01 4.474920000000000009e-01 8.942679999999999518e-01 6.028999999999999637e-03 8.942879999999999718e-01 -4.474879999999999969e-01 -1.975999999999999892e-03
1.200000000000000000e+01 2.500000000000000000e+01 8.000000000000000000e+00 0.000000000000000000e+00 1.600000000000000089e+00 2.680000000000000090e-04 3.680000000000000111e-03 -9.999930000000000208e-01 4.470649999999999902e-01 8.944950000000000401e-01 3.412000000000000102e-03 8.945009999999999906e-01 -4.470629999999999882e-01 -1.405999999999999915e-03
1.500000000000000000e+01 2.500000000000000000e+01 8.000000000000000000e+00 0.000000000000000000e+00 1.600000000000000089e+00 -5.419999999999999471e-04 -1.129999999999999928e-03 -9.999989999999999712e-01 4.460799999999999765e-01 8.949920000000000098e-01 -1.252999999999999991e-03 8.949930000000000385e-01 -4.460799999999999765e-01 2.000000000000000164e-05
1.900000000000000000e+01 2.500000000000000000e+01 8.000000000000000000e+00 0.000000000000000000e+00 1.600000000000000089e+00 -2.981999999999999842e-03 -3.285000000000000159e-03 -9.999900000000000455e-01 4.456390000000000073e-01 8.952020000000000532e-01 -4.270000000000000358e-03 8.952080000000000037e-01 -4.456479999999999886e-01 -1.206000000000000041e-03
2.400000000000000000e+01 2.500000000000000000e+01 8.000000000000000000e+00 0.000000000000000000e+00 1.600000000000000089e+00 -3.753999999999999958e-03 -7.570000000000000340e-03 -9.999639999999999640e-01 4.476410000000000111e-01 8.941740000000000244e-01 -8.449999999999999178e-03 8.942059999999999453e-01 -4.476570000000000271e-01 3.199999999999999855e-05
2.800000000000000000e+01 2.500000000000000000e+01 8.000000000000000000e+00 0.000000000000000000e+00 1.600000000000000089e+00 -2.302999999999999926e-03 -4.120000000000000398e-03 -9.999890000000000168e-01 4.489179999999999837e-01 8.935600000000000209e-01 -4.715999999999999706e-03 8.935699999999999754e-01 -4.489239999999999897e-01 -2.079999999999999872e-04
8.000000000000000000e+00 2.400000000000000000e+01 9.000000000000000000e+00 0.000000000000000000e+00 1.600000000000000089e+00 8.739999999999999939e-04 4.997999999999999839e-03 -9.999869999999999592e-01 4.504340000000000011e-01 8.927969999999999517e-01 4.856000000000000073e-03 8.928099999999999925e-01 -4.504319999999999991e-01 -1.471000000000000085e-03
1.300000000000000000e+01 2.400000000000000000e+01 9.000000000000000000e+00 0.000000000000000000e+00 1.600000000000000089e+00 2.420000000000000005e-04 1.474999999999999966e-03 -9.999989999999999712e-01 4.494659999999999767e-01 8.932959999999999789e-01 1.425999999999999967e-03 8.932970000000000077e-01 -4.494659999999999767e-01 -4.470000000000000232e-04
1.900000000000000000e+01 2.400000000000000000e+01 9.000000000000000000e+00 0.000000000000000000e+00 1.600000000000000089e+00 -2.896000000000000137e-03 -3.998999999999999951e-03 -9.999879999999999880e-01 4.485319999999999863e-01 8.937540000000000484e-01 -4.872999999999999728e-03 8.937619999999999454e-01 -4.485399999999999943e-01 -7.950000000000000252e-04
2.400000000000000000e+01 2.400000000000000000e+01 9.000000000000000000e+00 0.000000000000000000e+00 1.600000000000000089e+00 -3.740999999999999968e-03 -7.387000000000000337e-03 -9.999660000000000215e-01 4.506490000000000218e-01 8.926629999999999843e-01 -8.279999999999999166e-03 8.926939999999999875e-01 -4.506640000000000090e-01 -1.099999999999999971e-05
2.900000000000000000e+01 2.400000000000000000e+01 9.000000000000000000e+00 0.000000000000000000e+00 1.600000000000000089e+00 -1.722999999999999922e-03 -3.322999999999999999e-03 -9.999930000000000208e-01 4.517100000000000004e-01 8.921569999999999778e-01 -3.742999999999999799e-03 8.921630000000000393e-01 -4.517140000000000044e-01 -3.600000000000000091e-05
6.000000000000000000e+00 1.020000000000000000e+02 9.000000000000000000e+00 0.000000000000000000e+00 1.600000000000000089e+00 7.510000000000000399e-04 -7.450000000000000025e-04 9.999989999999999712e-01 9.198830000000000062e-01 3.921939999999999871e-01 -3.989999999999999949e-04 -3.921930000000000138e-01 9.198819999999999775e-01 9.790000000000000525e-04
7.000000000000000000e+00 1.200000000000000000e+01 1.000000000000000000e+01 0.000000000000000000e+00 1.600000000000000089e+00 3.789999999999999966e-04 5.172000000000000382e-03 -9.999869999999999592e-01 -5.505400000000000293e-01 -8.347959999999999825e-01 -4.525999999999999641e-03 -8.348079999999999945e-01 5.505349999999999966e-01 2.530999999999999830e-03
1.100000000000000000e+01 3.100000000000000000e+01 1.200000000000000000e+01 0.000000000000000000e+00 1.600000000000000089e+00 -5.439999999999999957e-04 2.329999999999999986e-04 1.000000000000000000e+00 -3.406999999999999872e-03 9.999940000000000495e-01 -2.339999999999999958e-04 -9.999940000000000495e-01 -3.406999999999999872e-03 -5.429999999999999714e-04
1.600000000000000000e+01 3.100000000000000000e+01 1.200000000000000000e+01 0.000000000000000000e+00 1.600000000000000089e+00 -6.000000000000000152e-05 -1.010000000000000020e-04 1.000000000000000000e+00 -2.089000000000000145e-03 9.999980000000000535e-01 1.010000000000000020e-04 -9.999980000000000535e-01 -2.089000000000000145e-03 -6.000000000000000152e-05
1.000000000000000000e+00 1.160000000000000000e+02 1.600000000000000000e+01 0.000000000000000000e+00 1.600000000000000089e+00 -1.259999999999999998e-04 -3.750000000000000078e-04 1.000000000000000000e+00 6.602679999999999660e-01 7.510299999999999754e-01 3.649999999999999816e-04 -7.510299999999999754e-01 6.602679999999999660e-01 1.530000000000000056e-04
1.300000000000000000e+01 1.160000000000000000e+02 1.600000000000000000e+01 0.000000000000000000e+00 1.600000000000000089e+00 -3.948000000000000120e-03 -3.321999999999999866e-03 9.999869999999999592e-01 7.024770000000000181e-01 7.116879999999999873e-01 5.138000000000000206e-03 -7.116959999999999953e-01 7.024880000000000013e-01 -4.760000000000000234e-04
7.000000000000000000e+00 2.000000000000000000e+00 1.900000000000000000e+01 0.000000000000000000e+00 1.600000000000000089e+00 7.829999999999999504e-04 -1.525800000000000073e-02 -9.998829999999999663e-01 1.835390000000000077e-01 -9.828959999999999919e-01 1.514300000000000021e-02 -9.830119999999999969e-01 -1.835289999999999977e-01 2.030999999999999819e-03
1.400000000000000000e+01 2.000000000000000000e+00 1.900000000000000000e+01 0.000000000000000000e+00 1.600000000000000089e+00 2.050999999999999872e-03 -2.760500000000000106e-02 -9.996169999999999778e-01 1.957830000000000126e-01 -9.802619999999999667e-01 2.747199999999999989e-02 -9.806449999999999889e-01 -1.957639999999999936e-01 3.393999999999999882e-03
1.900000000000000000e+01 2.000000000000000000e+00 1.900000000000000000e+01 0.000000000000000000e+00 1.600000000000000089e+00 4.360000000000000269e-04 -6.492000000000000375e-03 -9.999789999999999512e-01 2.062930000000000041e-01 -9.784690000000000332e-01 6.441999999999999810e-03 -9.784899999999999709e-01 -2.062920000000000031e-01 9.129999999999999661e-04
2.500000000000000000e+01 2.000000000000000000e+00 1.900000000000000000e+01 0.000000000000000000e+00 1.600000000000000089e+00 1.843999999999999936e-03 1.549700000000000036e-02 -9.998780000000000445e-01 2.034169999999999867e-01 -9.789799999999999613e-01 -1.479800000000000039e-02 -9.790910000000000446e-01 -2.033649999999999902e-01 -4.957999999999999734e-03
2.800000000000000000e+01 2.000000000000000000e+00 1.900000000000000000e+01 0.000000000000000000e+00 1.600000000000000089e+00 1.281999999999999936e-03 2.540800000000000003e-02 -9.996760000000000090e-01 1.991010000000000002e-01 -9.796690000000000120e-01 -2.464399999999999924e-02 -9.799780000000000157e-01 -1.990049999999999875e-01 -6.315000000000000301e-03
2.000000000000000000e+01 4.000000000000000000e+00 2.000000000000000000e+01 0.000000000000000000e+00 1.600000000000000089e+00 -1.036999999999999944e-03 -5.176000000000000045e-03 -9.999860000000000415e-01 3.256379999999999830e-01 -9.454839999999999911e-01 4.556000000000000154e-03 -9.454939999999999456e-01 -3.256279999999999730e-01 2.665999999999999967e-03
2.500000000000000000e+01 4.000000000000000000e+00 2.000000000000000000e+01 0.000000000000000000e+00 1.600000000000000089e+00 7.649999999999999465e-04 1.396499999999999998e-02 -9.999019999999999575e-01 3.209480000000000111e-01 -9.470079999999999609e-01 -1.298099999999999948e-02 -9.470960000000000489e-01 -3.209069999999999978e-01 -5.205999999999999690e-03
4.000000000000000000e+00 1.300000000000000000e+01 2.000000000000000000e+01 0.000000000000000000e+00 1.600000000000000089e+00 -2.539000000000000024e-03 -7.326000000000000047e-03 9.999700000000000255e-01 2.551059999999999994e-01 9.668820000000000192e-01 7.731000000000000025e-03 -9.669100000000000472e-01 2.551180000000000114e-01 -5.860000000000000408e-04
1.000000000000000000e+01 1.300000000000000000e+01 2.000000000000000000e+01 0.000000000000000000e+00 1.600000000000000089e+00 -4.550000000000000008e-04 -2.158000000000000196e-03 9.999980000000000535e-01 2.579899999999999971e-01 9.661450000000000315e-01 2.201999999999999964e-03 -9.661469999999999780e-01 2.579899999999999971e-01 1.169999999999999979e-04
2.400000000000000000e+01 1.300000000000000000e+01 2.000000000000000000e+01 0.000000000000000000e+00 1.600000000000000089e+00 -3.269999999999999795e-04 -1.222999999999999912e-03 9.999989999999999712e-01 2.671850000000000058e-01 9.636439999999999451e-01 1.265999999999999981e-03 -9.636449999999999738e-01 2.671859999999999791e-01 1.099999999999999971e-05
2.700000000000000000e+01 1.300000000000000000e+01 2.000000000000000000e+01 0.000000000000000000e+00 1.600000000000000089e+00 1.757000000000000098e-03 7.244999999999999704e-03 9.999719999999999720e-01 2.653449999999999975e-01 9.641250000000000098e-01 -7.452000000000000290e-03 -9.641520000000000090e-01 2.653499999999999748e-01 -2.290000000000000098e-04
2.900000000000000000e+01 5.000000000000000000e+01 2.200000000000000000e+01 0.000000000000000000e+00 1.600000000000000089e+00 -1.206800000000000060e-02 -8.765999999999999487e-03 -9.998890000000000278e-01 -5.824939999999999563e-01 8.128349999999999742e-01 -9.600000000000000243e-05 8.127450000000000507e-01 5.824279999999999458e-01 -1.491600000000000044e-02
8.000000000000000000e+00 3.000000000000000000e+00 2.500000000000000000e+01 0.000000000000000000e+00 1.600000000000000089e+00 -9.840000000000000656e-04 -1.418600000000000069e-02 9.998989999999999823e-01 -6.600599999999999523e-02 -9.977179999999999938e-01 -1.422000000000000000e-02 9.978190000000000115e-01 -6.601300000000000223e-02 4.600000000000000004e-05
1.500000000000000000e+01 3.000000000000000000e+00 2.500000000000000000e+01 0.000000000000000000e+00 1.600000000000000089e+00 -8.443000000000000851e-03 -2.787500000000000047e-02 9.995760000000000201e-01 -8.799899999999999389e-02 -9.957120000000000415e-01 -2.851000000000000062e-02 9.960849999999999982e-01 -8.820200000000000262e-02 5.954000000000000091e-03
2.000000000000000000e+01 3.000000000000000000e+00 2.500000000000000000e+01 0.000000000000000000e+00 1.600000000000000089e+00 -3.956999999999999580e-03 -6.342999999999999680e-03 9.999719999999999720e-01 -9.951000000000000123e-02 -9.950139999999999540e-01 -6.705000000000000022e-03 9.950290000000000523e-01 -9.953299999999999648e-02 3.305999999999999911e-03
2.500000000000000000e+01 3.000000000000000000e+00 2.500000000000000000e+01 0.000000000000000000e+00 1.600000000000000089e+00 2.050999999999999872e-03 1.369399999999999958e-02 9.999040000000000150e-01 -9.370000000000000551e-02 -9.955039999999999445e-01 1.382599999999999975e-02 9.955979999999999830e-01 -9.371899999999999675e-02 -7.590000000000000175e-04
2.800000000000000000e+01 3.000000000000000000e+00 2.500000000000000000e+01 0.000000000000000000e+00 1.600000000000000089e+00 3.164999999999999845e-03 1.766600000000000115e-02 9.998390000000000333e-01 -8.999999999999999667e-02 -9.957810000000000272e-01 1.788000000000000006e-02 9.959369999999999612e-01 -9.004199999999999704e-02 -1.562000000000000020e-03
4.000000000000000000e+00 4.600000000000000000e+01 2.700000000000000000e+01 0.000000000000000000e+00 1.600000000000000089e+00 -5.680000000000000370e-04 -1.317999999999999944e-03 -9.999989999999999712e-01 6.702270000000000172e-01 7.421550000000000091e-01 -1.358000000000000049e-03 7.421560000000000379e-01 -6.702270000000000172e-01 4.620000000000000083e-04
1.400000000000000000e+01 4.600000000000000000e+01 2.700000000000000000e+01 0.000000000000000000e+00 1.600000000000000089e+00 -8.239999999999999712e-04 -4.650000000000000270e-04 -1.000000000000000000e+00 6.771080000000000432e-01 7.358829999999999538e-01 -8.999999999999999754e-04 7.358829999999999538e-01 -6.771080000000000432e-01 -2.919999999999999961e-04
2.100000000000000000e+01 4.600000000000000000e+01 2.700000000000000000e+01 0.000000000000000000e+00 1.600000000000000089e+00 -2.660000000000000146e-04 -1.404999999999999999e-03 -9.999989999999999712e-01 6.751470000000000526e-01 7.376819999999999489e-01 -1.216000000000000067e-03 7.376829999999999776e-01 -6.751470000000000526e-01 7.519999999999999558e-04
2.500000000000000000e+01 4.600000000000000000e+01 2.700000000000000000e+01 0.000000000000000000e+00 1.600000000000000089e+00 -6.759999999999999516e-04 -2.131000000000000082e-03 -9.999970000000000248e-01 6.699540000000000495e-01 7.423999999999999488e-01 -2.034999999999999917e-03 7.424020000000000064e-01 -6.699540000000000495e-01 9.250000000000000409e-04
1.200000000000000000e+01 4.600000000000000000e+01 3.000000000000000000e+01 0.000000000000000000e+00 1.600000000000000089e+00 1.240000000000000054e-04 -1.131000000000000061e-03 -9.999989999999999712e-01 3.327530000000000210e-01 9.430129999999999901e-01 -1.026000000000000002e-03 9.430140000000000189e-01 -3.327530000000000210e-01 4.929999999999999487e-04
1.500000000000000000e+01 4.600000000000000000e+01 3.000000000000000000e+01 0.000000000000000000e+00 1.600000000000000089e+00 -3.869999999999999742e-04 -1.415000000000000025e-03 -9.999989999999999712e-01 3.312160000000000104e-01 9.435540000000000038e-01 -1.463000000000000108e-03 9.435550000000000326e-01 -3.312160000000000104e-01 1.039999999999999936e-04
6.000000000000000000e+00 5.800000000000000000e+01 3.100000000000000000e+01 0.000000000000000000e+00 1.600000000000000089e+00 -5.050999999999999934e-03 -2.272000000000000148e-03 9.999850000000000128e-01 -8.002010000000000511e-01 -5.997069999999999901e-01 -5.405000000000000082e-03 5.997099999999999653e-01 -8.002160000000000384e-01 1.211000000000000054e-03
1.400000000000000000e+01 5.800000000000000000e+01 3.100000000000000000e+01 0.000000000000000000e+00 1.600000000000000089e+00 6.769999999999999759e-04 -7.069999999999999462e-04 1.000000000000000000e+00 -7.986600000000000366e-01 -6.017820000000000391e-01 1.150000000000000035e-04 6.017820000000000391e-01 -7.986600000000000366e-01 -9.719999999999999907e-04
1.800000000000000000e+01 5.800000000000000000e+01 3.100000000000000000e+01 0.000000000000000000e+00 1.600000000000000089e+00 -6.109999999999999980e-04 -1.696999999999999941e-03 9.999980000000000535e-01 -7.974620000000000042e-01 -6.033669999999999867e-01 -1.512000000000000106e-03 6.033680000000000154e-01 -7.974620000000000042e-01 -9.849999999999999815e-04
2.100000000000000000e+01 5.800000000000000000e+01 3.100000000000000000e+01 0.000000000000000000e+00 1.600000000000000089e+00 -3.419000000000000164e-03 -5.147999999999999798e-03 9.999810000000000088e-01 -7.984179999999999611e-01 -6.020759999999999446e-01 -5.828999999999999980e-03 6.020940000000000181e-01 -7.984219999999999651e-01 -2.052000000000000005e-03
2.600000000000000000e+01 5.800000000000000000e+01 3.100000000000000000e+01 0.000000000000000000e+00 1.600000000000000089e+00 -1.211000000000000054e-03 -5.534999999999999989e-03 9.999839999999999840e-01 -7.948180000000000245e-01 -6.068320000000000380e-01 -4.321000000000000188e-03 6.068459999999999965e-01 -7.948110000000000452e-01 -3.664999999999999855e-03
2.900000000000000000e+01 5.800000000000000000e+01 3.100000000000000000e+01 0.000000000000000000e+00 1.600000000000000089e+00 3.057999999999999954e-03 -3.271000000000000036e-03 9.999900000000000455e-01 -7.904269999999999907e-01 -6.125559999999999894e-01 4.139999999999999800e-04 6.125479999999999814e-01 -7.904210000000000402e-01 -4.459000000000000290e-03
1.600000000000000000e+01 1.800000000000000000e+01 3.400000000000000000e+01 0.000000000000000000e+00 1.600000000000000089e+00 -1.265000000000000065e-03 -6.258999999999999807e-03 -9.999799999999999800e-01 -3.111860000000000182e-01 -9.503279999999999506e-01 6.342000000000000415e-03 -9.503479999999999706e-01 3.111869999999999914e-01 -7.450000000000000025e-04
2.100000000000000000e+01 1.800000000000000000e+01 3.400000000000000000e+01 0.000000000000000000e+00 1.600000000000000089e+00 -4.470000000000000232e-04 -2.177000000000000116e-03 -9.999980000000000535e-01 -3.062790000000000235e-01 -9.519389999999999796e-01 2.209000000000000026e-03 -9.519419999999999549e-01 3.062790000000000235e-01 -2.410000000000000033e-04
3.000000000000000000e+00 4.600000000000000000e+01 3.500000000000000000e+01 0.000000000000000000e+00 1.600000000000000089e+00 1.410999999999999928e-03 1.327999999999999970e-03 -9.999980000000000535e-01 3.947899999999999743e-01 -9.187710000000000043e-01 -6.629999999999999609e-04 -9.187699999999999756e-01 -3.947879999999999723e-01 -1.820999999999999919e-03
9.000000000000000000e+00 4.600000000000000000e+01 3.500000000000000000e+01 0.000000000000000000e+00 1.600000000000000089e+00 -2.200000000000000133e-03 -1.523999999999999964e-03 -9.999959999999999960e-01 3.953499999999999792e-01 -9.185299999999999576e-01 5.299999999999999807e-04 -9.185280000000000111e-01 -3.953470000000000040e-01 2.622999999999999898e-03
1.400000000000000000e+01 4.600000000000000000e+01 3.500000000000000000e+01 0.000000000000000000e+00 1.600000000000000089e+00 6.520000000000000188e-04 -1.063399999999999936e-02 -9.999430000000000263e-01 3.921549999999999758e-01 -9.198439999999999950e-01 1.003800000000000005e-02 -9.198990000000000222e-01 -3.921399999999999886e-01 3.569999999999999823e-03
1.900000000000000000e+01 4.600000000000000000e+01 3.500000000000000000e+01 0.000000000000000000e+00 1.600000000000000089e+00 1.046999999999999971e-03 -6.683999999999999837e-03 -9.999770000000000048e-01 3.920029999999999903e-01 -9.199410000000000087e-01 6.558999999999999726e-03 -9.199629999999999752e-01 -3.920009999999999883e-01 1.657000000000000053e-03
2.200000000000000000e+01 4.600000000000000000e+01 3.500000000000000000e+01 0.000000000000000000e+00 1.600000000000000089e+00 -5.590000000000000351e-04 -1.376999999999999969e-03 -9.999989999999999712e-01 3.930089999999999972e-01 -9.195339999999999625e-01 1.046999999999999971e-03 -9.195339999999999625e-01 -3.930080000000000240e-01 1.054999999999999948e-03
2.000000000000000000e+00 9.500000000000000000e+01 3.600000000000000000e+01 0.000000000000000000e+00 1.600000000000000089e+00 7.603999999999999648e-03 1.150499999999999960e-02 9.999050000000000438e-01 9.983070000000000555e-01 5.757500000000000118e-02 -8.253999999999999185e-03 -5.766500000000000098e-02 9.982750000000000234e-01 -1.104800000000000053e-02
8.000000000000000000e+00 9.500000000000000000e+01 3.600000000000000000e+01 0.000000000000000000e+00 1.600000000000000089e+00 7.562000000000000145e-03 1.112199999999999994e-02 9.999099999999999655e-01 9.981240000000000112e-01 6.066300000000000164e-02 -8.222999999999999407e-03 -6.074899999999999745e-02 9.980959999999999832e-01 -1.064299999999999968e-02
1.100000000000000000e+01 9.500000000000000000e+01 3.600000000000000000e+01 0.000000000000000000e+00 1.600000000000000089e+00 8.113000000000000420e-03 7.074000000000000427e-03 9.999419999999999975e-01 9.976530000000000120e-01 6.793799999999999839e-02 -8.574999999999999289e-03 -6.799399999999999888e-02 9.976650000000000240e-01 -6.505999999999999631e-03
1.900000000000000000e+01 9.500000000000000000e+01 3.600000000000000000e+01 0.000000000000000000e+00 1.600000000000000089e+00 4.227999999999999987e-03 -1.599300000000000027e-02 9.998629999999999463e-01 9.972609999999999530e-01 7.390700000000000047e-02 -3.033999999999999805e-03 -7.384799999999999698e-02 9.971370000000000511e-01 1.626199999999999868e-02
2.300000000000000000e+01 9.500000000000000000e+01 3.600000000000000000e+01 0.000000000000000000e+00 1.600000000000000089e+00 1.497999999999999983e-03 -5.871699999999999836e-02 9.982729999999999659e-01 9.971470000000000056e-01 7.542999999999999705e-02 2.939999999999999905e-03 -7.547299999999999842e-02 9.954210000000000003e-01 5.866299999999999987e-02
1.000000000000000000e+01 3.000000000000000000e+00 4.300000000000000000e+01 0.000000000000000000e+00 1.600000000000000089e+00 -4.512999999999999651e-03 -1.361999999999999929e-03 -9.999890000000000168e-01 7.375890000000000502e-01 -6.752449999999999841e-01 -2.409000000000000117e-03 -6.752350000000000296e-01 -7.375920000000000254e-01 4.052000000000000046e-03
1.700000000000000000e+01 3.000000000000000000e+00 4.300000000000000000e+01 0.000000000000000000e+00 1.600000000000000089e+00 2.648000000000000180e-03 1.153799999999999965e-02 -9.999299999999999855e-01 7.347299999999999942e-01 -6.783350000000000213e-01 -5.880999999999999943e-03 -6.783550000000000413e-01 -7.346629999999999550e-01 -1.027299999999999915e-02
2.100000000000000000e+01 3.000000000000000000e+00 4.300000000000000000e+01 0.000000000000000000e+00 1.600000000000000089e+00 2.429999999999999868e-03 1.147999999999999932e-03 -9.999959999999999960e-01 7.373420000000000529e-01 -6.755189999999999806e-01 1.015999999999999976e-03 -6.755149999999999766e-01 -7.373420000000000529e-01 -2.488000000000000194e-03
2.400000000000000000e+01 3.000000000000000000e+00 4.300000000000000000e+01 0.000000000000000000e+00 1.600000000000000089e+00 4.113999999999999602e-03 1.355400000000000008e-02 -9.999000000000000110e-01 7.367709999999999537e-01 -6.761150000000000215e-01 -6.133999999999999696e-03 -6.761300000000000088e-01 -7.366719999999999935e-01 -1.276700000000000057e-02
2.700000000000000000e+01 3.000000000000000000e+00 4.300000000000000000e+01 0.000000000000000000e+00 1.600000000000000089e+00 5.409999999999999878e-03 2.451599999999999960e-02 -9.996850000000000458e-01 7.324110000000000342e-01 -6.807429999999999870e-01 -1.273099999999999926e-02 -6.808410000000000295e-01 -7.321119999999999850e-01 -2.163800000000000098e-02
1.800000000000000000e+01 8.000000000000000000e+00 4.400000000000000000e+01 0.000000000000000000e+00 1.600000000000000089e+00 -2.186000000000000009e-03 4.653000000000000018e-03 9.999869999999999592e-01 -7.825170000000000181e-01 -6.226279999999999593e-01 1.186999999999999904e-03 6.226260000000000128e-01 -7.825039999999999774e-01 5.002000000000000370e-03
2.900000000000000000e+01 8.000000000000000000e+00 4.400000000000000000e+01 0.000000000000000000e+00 1.600000000000000089e+00 7.122999999999999991e-03 1.532400000000000082e-02 9.998569999999999958e-01 -7.807199999999999696e-01 -6.246979999999999755e-01 1.513699999999999941e-02 6.248409999999999798e-01 -7.807159999999999656e-01 7.513999999999999846e-03
2.000000000000000000e+00 2.900000000000000000e+01 4.400000000000000000e+01 0.000000000000000000e+00 1.600000000000000089e+00 3.490000000000000263e-04 2.540999999999999856e-03 -9.999970000000000248e-01 6.506420000000000536e-01 7.593820000000000014e-01 2.157000000000000063e-03 7.593849999999999767e-01 -6.506410000000000249e-01 -1.389000000000000044e-03
5.000000000000000000e+00 2.900000000000000000e+01 4.400000000000000000e+01 0.000000000000000000e+00 1.600000000000000089e+00 -1.683000000000000034e-03 3.699999999999999811e-05 -9.999989999999999712e-01 6.544320000000000137e-01 7.561200000000000143e-01 -1.072999999999999952e-03 7.561189999999999856e-01 -6.544330000000000425e-01 -1.296999999999999976e-03
9.000000000000000000e+00 2.900000000000000000e+01 4.400000000000000000e+01 0.000000000000000000e+00 1.600000000000000089e+00 -3.363999999999999803e-03 -2.088000000000000012e-03 -9.999919999999999920e-01 6.611949999999999772e-01 7.502050000000000107e-01 -3.791000000000000099e-03 7.502069999999999572e-01 -6.612019999999999564e-01 -1.142999999999999919e-03
1.200000000000000000e+01 2.900000000000000000e+01 4.400000000000000000e+01 0.000000000000000000e+00 1.600000000000000089e+00 -1.853999999999999962e-03 -2.069999999999999792e-03 -9.999959999999999960e-01 6.653780000000000250e-01 7.465009999999999701e-01 -2.778999999999999786e-03 7.465039999999999454e-01 -6.653810000000000002e-01 -6.999999999999999895e-06
1.600000000000000000e+01 2.900000000000000000e+01 4.400000000000000000e+01 0.000000000000000000e+00 1.600000000000000089e+00 -7.860000000000000233e-04 -2.289999999999999935e-03 -9.999970000000000248e-01 6.674390000000000045e-01 7.446610000000000174e-01 -2.230000000000000211e-03 7.446639999999999926e-01 -6.674390000000000045e-01 9.430000000000000448e-04
2.000000000000000000e+01 2.900000000000000000e+01 4.400000000000000000e+01 0.000000000000000000e+00 1.600000000000000089e+00 4.929999999999999487e-04 1.095000000000000053e-03 -9.999989999999999712e-01 6.697910000000000252e-01 7.425490000000000146e-01 1.142999999999999919e-03 7.425500000000000433e-01 -6.697910000000000252e-01 -3.669999999999999760e-04
2.300000000000000000e+01 2.900000000000000000e+01 4.400000000000000000e+01 0.000000000000000000e+00 1.600000000000000089e+00 1.920000000000000049e-03 1.873000000000000099e-03 -9.999959999999999960e-01 6.666560000000000263e-01 7.453610000000000513e-01 2.675999999999999993e-03 7.453629999999999978e-01 -6.666579999999999728e-01 1.820000000000000057e-04
2.700000000000000000e+01 2.900000000000000000e+01 4.400000000000000000e+01 0.000000000000000000e+00 1.600000000000000089e+00 1.820000000000000003e-03 1.520000000000000084e-04 -9.999980000000000535e-01 6.540639999999999787e-01 7.564380000000000548e-01 1.304999999999999953e-03 7.564370000000000260e-01 -6.540650000000000075e-01 1.276999999999999923e-03
8.000000000000000000e+00 7.000000000000000000e+01 4.700000000000000000e+01 0.000000000000000000e+00 1.600000000000000089e+00 1.968000000000000131e-03 -1.283000000000000069e-03 -9.999970000000000248e-01 -8.454380000000000228e-01 -5.340730000000000199e-01 -9.790000000000000525e-04 -5.340700000000000447e-01 8.454380000000000228e-01 -2.135000000000000179e-03
3.000000000000000000e+00 5.000000000000000000e+00 5.100000000000000000e+01 0.000000000000000000e+00 1.600000000000000089e+00 -3.746000000000000198e-03 -1.771500000000000158e-02 -9.998359999999999470e-01 4.857650000000000023e-01 -8.739820000000000366e-01 1.366500000000000006e-02 -8.740809999999999969e-01 -4.856340000000000101e-01 1.187900000000000067e-02
6.000000000000000000e+00 6.000000000000000000e+00 5.100000000000000000e+01 0.000000000000000000e+00 1.600000000000000089e+00 -4.139999999999999583e-03 -1.649899999999999978e-02 -9.998550000000000493e-01 3.165330000000000088e-01 -9.484730000000000105e-01 1.434000000000000032e-02 -9.485719999999999708e-01 -3.164279999999999871e-01 9.148999999999999147e-03
9.000000000000000000e+00 6.000000000000000000e+00 5.100000000000000000e+01 0.000000000000000000e+00 1.600000000000000089e+00 -4.957999999999999734e-03 -1.636200000000000154e-02 -9.998540000000000205e-01 3.144399999999999973e-01 -9.491749999999999909e-01 1.397400000000000031e-02 -9.492639999999999967e-01 -3.143239999999999923e-01 9.851000000000000381e-03
1.300000000000000000e+01 6.000000000000000000e+00 5.100000000000000000e+01 0.000000000000000000e+00 1.600000000000000089e+00 -5.538999999999999653e-03 -1.005200000000000017e-02 -9.999339999999999895e-01 3.196840000000000237e-01 -9.474930000000000296e-01 7.753999999999999608e-03 -9.475080000000000169e-01 -3.196200000000000152e-01 8.462000000000000771e-03
2.700000000000000000e+01 6.000000000000000000e+00 5.100000000000000000e+01 0.000000000000000000e+00 1.600000000000000089e+00 3.527999999999999886e-03 1.466399999999999995e-02 -9.998860000000000525e-01 3.094790000000000041e-01 -9.508189999999999698e-01 -1.285299999999999984e-02 -9.508999999999999675e-01 -3.093980000000000063e-01 -7.893000000000000710e-03
1.200000000000000000e+01 7.000000000000000000e+00 5.200000000000000000e+01 0.000000000000000000e+00 1.600000000000000089e+00 -7.029999999999999791e-03 -9.348000000000000406e-03 -9.999320000000000430e-01 1.192190000000000055e-01 -9.928320000000000478e-01 8.444000000000000117e-03 -9.928430000000000311e-01 -1.191510000000000069e-01 8.094000000000000500e-03
2.800000000000000000e+01 7.000000000000000000e+00 5.200000000000000000e+01 0.000000000000000000e+00 1.600000000000000089e+00 9.482000000000000844e-03 1.360899999999999957e-02 -9.998620000000000285e-01 1.006119999999999931e-01 -9.948460000000000081e-01 -1.258699999999999923e-02 -9.948810000000000153e-01 -1.004789999999999989e-01 -1.080300000000000010e-02
3.000000000000000000e+00 6.300000000000000000e+01 5.400000000000000000e+01 0.000000000000000000e+00 1.600000000000000089e+00 5.019999999999999506e-04 -9.009999999999999997e-04 9.999989999999999712e-01 -3.516029999999999989e-01 9.361490000000000089e-01 1.020000000000000073e-03 -9.361490000000000089e-01 -3.516029999999999989e-01 1.530000000000000056e-04
1.100000000000000000e+01 6.300000000000000000e+01 5.400000000000000000e+01 0.000000000000000000e+00 1.600000000000000089e+00 -2.497999999999999787e-03 -4.416999999999999919e-03 9.999869999999999592e-01 -3.382850000000000024e-01 9.410380000000000411e-01 3.311000000000000141e-03 -9.410399999999999876e-01 -3.382720000000000171e-01 -3.844999999999999894e-03
1.800000000000000000e+01 6.300000000000000000e+01 5.400000000000000000e+01 0.000000000000000000e+00 1.600000000000000089e+00 1.026000000000000002e-03 1.469999999999999953e-04 1.000000000000000000e+00 -3.346350000000000158e-01 9.423479999999999634e-01 2.039999999999999984e-04 -9.423470000000000457e-01 -3.346350000000000158e-01 1.015999999999999976e-03
2.700000000000000000e+01 6.300000000000000000e+01 5.400000000000000000e+01 0.000000000000000000e+00 1.600000000000000089e+00 6.011999999999999983e-03 2.603999999999999978e-03 9.999780000000000335e-01 -3.481620000000000270e-01 9.374339999999999895e-01 -3.480000000000000020e-04 -9.374149999999999983e-01 -3.481529999999999903e-01 6.542000000000000072e-03
1.000000000000000000e+01 2.000000000000000000e+01 6.000000000000000000e+01 0.000000000000000000e+00 1.600000000000000089e+00 -2.519999999999999996e-04 -9.721000000000000474e-03 9.999529999999999808e-01 -6.189000000000000057e-02 9.980360000000000342e-01 9.686999999999999431e-03 -9.980830000000000535e-01 -6.188400000000000151e-02 -8.530000000000000256e-04
6.000000000000000000e+00 2.100000000000000000e+01 6.000000000000000000e+01 0.000000000000000000e+00 1.600000000000000089e+00 -7.479999999999999670e-04 -7.761999999999999802e-03 9.999700000000000255e-01 -9.747799999999999521e-02 9.952079999999999815e-01 7.651999999999999948e-03 -9.952370000000000383e-01 -9.747000000000000108e-02 -1.500999999999999947e-03
1.100000000000000000e+01 2.100000000000000000e+01 6.000000000000000000e+01 0.000000000000000000e+00 1.600000000000000089e+00 2.990000000000000036e-04 -4.856000000000000073e-03 9.999879999999999880e-01 -9.548099999999999643e-02 9.954190000000000538e-01 4.863000000000000135e-03 -9.954309999999999548e-01 -9.548199999999999743e-02 -1.659999999999999963e-04
1.700000000000000000e+01 2.100000000000000000e+01 6.000000000000000000e+01 0.000000000000000000e+00 1.600000000000000089e+00 -5.659999999999999884e-04 -9.048999999999999752e-03 9.999590000000000423e-01 -9.321100000000000219e-02 9.956059999999999910e-01 8.956999999999999684e-03 -9.956460000000000310e-01 -9.320199999999999319e-02 -1.407000000000000048e-03
2.100000000000000000e+01 2.100000000000000000e+01 6.000000000000000000e+01 0.000000000000000000e+00 1.600000000000000089e+00 -1.621000000000000045e-03 -6.603000000000000362e-03 9.999770000000000048e-01 -9.318500000000000394e-02 9.956279999999999575e-01 6.424000000000000023e-03 -9.956469999999999487e-01 -9.317300000000000582e-02 -2.230000000000000211e-03
2.700000000000000000e+01 2.100000000000000000e+01 6.000000000000000000e+01 0.000000000000000000e+00 1.600000000000000089e+00 -1.518000000000000035e-03 1.324000000000000090e-03 9.999980000000000535e-01 -9.547899999999999443e-02 9.954300000000000370e-01 -1.463000000000000108e-03 -9.954300000000000370e-01 -9.548099999999999643e-02 -1.384999999999999946e-03
3.000000000000000000e+01 2.100000000000000000e+01 6.000000000000000000e+01 0.000000000000000000e+00 1.600000000000000089e+00 -1.750000000000000036e-03 -1.082999999999999978e-03 9.999980000000000535e-01 -9.614399999999999336e-02 9.953670000000000018e-01 9.100000000000000016e-04 -9.953659999999999730e-01 -9.614200000000000523e-02 -1.845999999999999985e-03
2.700000000000000000e+01 3.000000000000000000e+00 6.300000000000000000e+01 0.000000000000000000e+00 1.600000000000000089e+00 2.112999999999999861e-03 1.387900000000000071e-02 9.999010000000000398e-01 -6.244260000000000366e-01 7.810259999999999980e-01 -9.520999999999999949e-03 -7.810810000000000253e-01 -6.243440000000000101e-01 1.031699999999999978e-02
4.000000000000000000e+00 2.700000000000000000e+01 6.300000000000000000e+01 0.000000000000000000e+00 1.600000000000000089e+00 -3.917999999999999608e-03 -4.616999999999999577e-03 9.999820000000000375e-01 -2.734190000000000231e-01 9.618889999999999940e-01 3.370000000000000166e-03 -9.618870000000000475e-01 -2.734010000000000051e-01 -5.030999999999999882e-03
1.100000000000000000e+01 2.700000000000000000e+01 6.300000000000000000e+01 0.000000000000000000e+00 1.600000000000000089e+00 1.077999999999999965e-03 -3.491000000000000179e-03 9.999930000000000208e-01 -2.787310000000000065e-01 9.603620000000000489e-01 3.652999999999999997e-03 -9.603690000000000282e-01 -2.787330000000000085e-01 6.200000000000000270e-05
1.500000000000000000e+01 2.700000000000000000e+01 6.300000000000000000e+01 0.000000000000000000e+00 1.600000000000000089e+00 1.978999999999999856e-03 -4.891000000000000382e-03 9.999860000000000415e-01 -2.802990000000000204e-01 9.598980000000000290e-01 5.250000000000000326e-03 -9.599109999999999587e-01 -2.803059999999999996e-01 5.289999999999999564e-04
1.900000000000000000e+01 2.700000000000000000e+01 6.300000000000000000e+01 0.000000000000000000e+00 1.600000000000000089e+00 7.780000000000000457e-04 -3.324000000000000132e-03 9.999940000000000495e-01 -2.815860000000000030e-01 9.595299999999999940e-01 3.408000000000000005e-03 -9.595359999999999445e-01 -2.815869999999999762e-01 -1.900000000000000105e-04
2.500000000000000000e+01 2.700000000000000000e+01 6.300000000000000000e+01 0.000000000000000000e+00 1.600000000000000089e+00 -1.164000000000000104e-03 -2.955999999999999860e-03 9.999949999999999672e-01 -2.761700000000000266e-01 9.611049999999999871e-01 2.520000000000000104e-03 -9.611079999999999623e-01 -2.761660000000000226e-01 -1.935000000000000088e-03
2.800000000000000000e+01 2.700000000000000000e+01 6.300000000000000000e+01 0.000000000000000000e+00 1.600000000000000089e+00 3.620000000000000171e-04 1.861000000000000024e-03 9.999980000000000535e-01 -2.713590000000000169e-01 9.624770000000000270e-01 -1.693000000000000060e-03 -9.624779999999999447e-01 -2.713579999999999881e-01 8.530000000000000256e-04
3.000000000000000000e+00 2.600000000000000000e+01 6.400000000000000000e+01 0.000000000000000000e+00 1.600000000000000089e+00 -2.887999999999999942e-03 -4.101999999999999744e-03 9.999869999999999592e-01 -3.541509999999999936e-01 9.351840000000000153e-01 2.812999999999999962e-03 -9.351840000000000153e-01 -3.541389999999999816e-01 -4.153999999999999707e-03
1.500000000000000000e+01 2.600000000000000000e+01 6.400000000000000000e+01 0.000000000000000000e+00 1.600000000000000089e+00 3.030000000000000141e-03 -7.846000000000000543e-03 9.999649999999999928e-01 -3.636980000000000213e-01 9.314789999999999459e-01 8.411000000000000074e-03 -9.315120000000000067e-01 -3.637110000000000065e-01 -3.100000000000000135e-05
