3.000000000000000000e+00 2.500000000000000000e+01 1.000000000000000000e+00 0.000000000000000000e+00 1.600000000000000089e+00 2.288000000000000103e-03 1.216500000000000047e-02 -9.999230000000000063e-01 -5.305790000000000228e-01 -8.475570000000000048e-01 -1.152599999999999979e-02 -8.476329999999999698e-01 5.305640000000000356e-01 4.514999999999999916e-03
1.000000000000000000e+01 2.500000000000000000e+01 1.000000000000000000e+00 0.000000000000000000e+00 1.600000000000000089e+00 2.694999999999999913e-03 -6.740999999999999596e-03 -9.999740000000000295e-01 -5.352329999999999588e-01 -8.446939999999999449e-01 4.251999999999999703e-03 -8.447000000000000064e-01 5.352069999999999883e-01 -5.884999999999999606e-03
1.400000000000000000e+01 2.500000000000000000e+01 1.000000000000000000e+00 0.000000000000000000e+00 1.600000000000000089e+00 2.948999999999999799e-03 -1.804999999999999964e-03 -9.999940000000000495e-01 -5.371569999999999956e-01 -8.434819999999999540e-01 -6.099999999999999872e-05 -8.434770000000000323e-01 5.371540000000000203e-01 -3.457000000000000003e-03
1.000000000000000000e+00 1.500000000000000000e+01 4.000000000000000000e+00 0.000000000000000000e+00 1.600000000000000089e+00 2.089999999999999844e-03 -7.280000000000000230e-04 9.999980000000000535e-01 3.013129999999999975e-01 -9.535240000000000382e-01 -1.322999999999999957e-03 9.535230000000000095e-01 3.013149999999999995e-01 -1.773000000000000053e-03
1.600000000000000000e+01 1.500000000000000000e+01 4.000000000000000000e+00 0.000000000000000000e+00 1.600000000000000089e+00 -1.090000000000000067e-04 1.474899999999999996e-02 9.998909999999999743e-01 2.921940000000000093e-01 -9.562549999999999661e-01 1.413700000000000026e-02 9.563589999999999591e-01 2.921630000000000060e-01 -4.205000000000000404e-03
1.900000000000000000e+01 1.500000000000000000e+01 4.000000000000000000e+00 0.000000000000000000e+00 1.600000000000000089e+00 -1.582999999999999989e-03 1.398100000000000037e-02 9.999010000000000398e-01 2.933749999999999969e-01 -9.558980000000000254e-01 1.383000000000000028e-02 9.559959999999999569e-01 2.933669999999999889e-01 -2.588000000000000023e-03
2.900000000000000000e+01 1.600000000000000000e+01 4.000000000000000000e+00 0.000000000000000000e+00 1.600000000000000089e+00 -6.314000000000000168e-03 1.067000000000000023e-03 9.999799999999999800e-01 3.578569999999999807e-01 -9.337710000000000177e-01 3.256000000000000213e-03 9.337550000000000017e-01 3.578700000000000214e-01 5.513999999999999804e-03
2.000000000000000000e+00 1.010000000000000000e+02 7.000000000000000000e+00 0.000000000000000000e+00 1.600000000000000089e+00 -5.090000000000000123e-04 -2.070100000000000065e-02 9.997859999999999525e-01 8.873739999999999961e-01 4.609409999999999896e-01 9.995000000000000412e-03 -4.610500000000000154e-01 8.871890000000000054e-01 1.813499999999999834e-02
6.000000000000000000e+00 1.010000000000000000e+02 7.000000000000000000e+00 0.000000000000000000e+00 1.600000000000000089e+00 -2.573999999999999899e-03 -2.720999999999999894e-03 9.999930000000000208e-01 8.886340000000000350e-01 4.586029999999999829e-01 3.536000000000000081e-03 -4.586089999999999889e-01 8.886370000000000102e-01 1.237999999999999951e-03
1.700000000000000000e+01 1.010000000000000000e+02 7.000000000000000000e+00 0.000000000000000000e+00 1.600000000000000089e+00 8.850000000000000444e-04 2.406999999999999851e-03 9.999970000000000248e-01 8.834950000000000303e-01 4.684360000000000190e-01 -1.910000000000000022e-03 -4.684389999999999943e-01 8.834940000000000015e-01 -1.711999999999999980e-03
2.300000000000000000e+01 1.010000000000000000e+02 7.000000000000000000e+00 0.000000000000000000e+00 1.600000000000000089e+00 -1.294999999999999927e-03 -1.657000000000000053e-03 9.999980000000000535e-01 8.834910000000000263e-01 4.684450000000000003e-01 1.920000000000000049e-03 -4.684470000000000023e-01 8.834910000000000263e-01 8.570000000000000144e-04
3.000000000000000000e+01 1.010000000000000000e+02 7.000000000000000000e+00 0.000000000000000000e+00 1.600000000000000089e+00 4.462999999999999953e-03 1.755999999999999965e-03 9.999890000000000168e-01 8.870230000000000059e-01 4.616999999999999993e-01 -4.769999999999999934e-03 -4.617029999999999745e-01 8.870339999999999892e-01 5.029999999999999749e-04
1.700000000000000000e+01 1.500000000000000000e+01 8.000000000000000000e+00 0.000000000000000000e+00 1.600000000000000089e+00 4.640000000000000027e-03 1.342499999999999943e-02 -9.998989999999999823e-01 -5.906029999999999891e-01 -8.068480000000000096e-01 -1.357399999999999926e-02 -8.069490000000000274e-01 5.906059999999999643e-01 4.185000000000000352e-03
2.000000000000000000e+01 1.500000000000000000e+01 8.000000000000000000e+00 0.000000000000000000e+00 1.600000000000000089e+00 4.126999999999999592e-03 9.511000000000000357e-03 -9.999460000000000015e-01 -5.885789999999999633e-01 -8.083770000000000122e-01 -1.011800000000000026e-02 -8.084289999999999532e-01 5.885890000000000288e-01 2.262000000000000122e-03
2.600000000000000000e+01 1.500000000000000000e+01 8.000000000000000000e+00 0.000000000000000000e+00 1.600000000000000089e+00 2.850999999999999802e-03 -3.151999999999999854e-03 -9.999909999999999632e-01 -5.875409999999999799e-01 -8.091939999999999689e-01 8.750000000000000182e-04 -8.091890000000000471e-01 5.875329999999999719e-01 -4.159000000000000370e-03
5.000000000000000000e+00 2.400000000000000000e+01 9.000000000000000000e+00 0.000000000000000000e+00 1.600000000000000089e+00 -2.112999999999999861e-03 -7.172999999999999689e-03 -9.999719999999999720e-01 4.555299999999999905e-01 8.901900000000000368e-01 -7.348000000000000365e-03 8.902179999999999538e-01 -4.555319999999999925e-01 1.386999999999999995e-03
1.400000000000000000e+01 2.400000000000000000e+01 9.000000000000000000e+00 0.000000000000000000e+00 1.600000000000000089e+00 -3.657000000000000094e-03 -7.068999999999999763e-03 -9.999679999999999680e-01 4.598539999999999850e-01 8.879590000000000538e-01 -7.959000000000000796e-03 8.879869999999999708e-01 -4.598690000000000278e-01 3.999999999999999819e-06
2.400000000000000000e+01 2.400000000000000000e+01 9.000000000000000000e+00 0.000000000000000000e+00 1.600000000000000089e+00 -1.588999999999999918e-03 1.170999999999999949e-03 -9.999980000000000535e-01 4.596859999999999835e-01 8.880810000000000093e-01 3.089999999999999756e-04 8.880799999999999805e-01 -4.596850000000000103e-01 -1.948999999999999995e-03
2.700000000000000000e+01 2.400000000000000000e+01 9.000000000000000000e+00 0.000000000000000000e+00 1.600000000000000089e+00 -1.663999999999999898e-03 -1.784999999999999911e-03 -9.999970000000000248e-01 4.593679999999999986e-01 8.882430000000000048e-01 -2.350000000000000092e-03 8.882440000000000335e-01 -4.593709999999999738e-01 -6.579999999999999478e-04
1.300000000000000000e+01 1.040000000000000000e+02 1.100000000000000000e+01 0.000000000000000000e+00 1.600000000000000089e+00 2.194000000000000204e-03 -1.079100000000000024e-02 9.999390000000000223e-01 -9.746979999999999533e-01 -2.235240000000000005e-01 -2.739999999999999923e-04 2.235139999999999905e-01 -9.746390000000000331e-01 -1.100800000000000042e-02
6.000000000000000000e+00 3.100000000000000000e+01 1.200000000000000000e+01 0.000000000000000000e+00 1.600000000000000089e+00 1.044000000000000006e-03 -4.434999999999999706e-03 9.999900000000000455e-01 4.171000000000000228e-03 9.999810000000000088e-01 4.431000000000000043e-03 -9.999909999999999632e-01 4.166000000000000432e-03 1.062999999999999926e-03
1.200000000000000000e+01 3.100000000000000000e+01 1.200000000000000000e+01 0.000000000000000000e+00 1.600000000000000089e+00 -5.479999999999999845e-04 -6.131000000000000165e-03 9.999810000000000088e-01 2.284000000000000006e-03 9.999789999999999512e-01 6.132000000000000298e-03 -9.999970000000000248e-01 2.286999999999999970e-03 -5.339999999999999695e-04
2.900000000000000000e+01 3.200000000000000000e+01 1.400000000000000000e+01 0.000000000000000000e+00 1.600000000000000089e+00 -1.804999999999999964e-03 -2.998999999999999930e-03 -9.999940000000000495e-01 1.104310000000000014e-01 9.938789999999999569e-01 -3.180000000000000101e-03 9.938820000000000432e-01 -1.104360000000000064e-01 -1.463000000000000108e-03
9.000000000000000000e+00 1.200000000000000000e+01 1.500000000000000000e+01 0.000000000000000000e+00 1.600000000000000089e+00 3.530000000000000152e-04 4.690000000000000158e-04 -1.000000000000000000e+00 -4.676660000000000261e-01 -8.839050000000000518e-01 -5.789999999999999791e-04 -8.839050000000000518e-01 4.676660000000000261e-01 -9.299999999999999727e-05
1.800000000000000000e+01 1.200000000000000000e+01 1.500000000000000000e+01 0.000000000000000000e+00 1.600000000000000089e+00 1.918000000000000000e-03 2.285999999999999838e-03 -9.999959999999999960e-01 -4.675079999999999791e-01 -8.839839999999999920e-01 -2.918000000000000021e-03 -8.839869999999999672e-01 4.675119999999999831e-01 -6.260000000000000373e-04
2.600000000000000000e+01 1.200000000000000000e+01 1.500000000000000000e+01 0.000000000000000000e+00 1.600000000000000089e+00 1.029999999999999964e-04 -1.765999999999999992e-03 -9.999980000000000535e-01 -4.683359999999999745e-01 -8.835490000000000288e-01 1.512000000000000106e-03 -8.835499999999999465e-01 4.683350000000000013e-01 -9.179999999999999792e-04
2.000000000000000000e+00 1.100000000000000000e+01 1.600000000000000000e+01 0.000000000000000000e+00 1.600000000000000089e+00 -1.394999999999999973e-03 4.806999999999999641e-03 -9.999869999999999592e-01 -4.178009999999999780e-01 -9.085309999999999775e-01 -3.785000000000000170e-03 -9.085379999999999567e-01 4.177899999999999947e-01 3.275999999999999832e-03
2.600000000000000000e+01 1.100000000000000000e+01 1.600000000000000000e+01 0.000000000000000000e+00 1.600000000000000089e+00 -3.370000000000000057e-04 -5.739999999999999660e-04 -1.000000000000000000e+00 -4.204109999999999792e-01 -9.073339999999999739e-01 6.620000000000000450e-04 -9.073339999999999739e-01 4.204109999999999792e-01 6.399999999999999710e-05
1.300000000000000000e+01 1.160000000000000000e+02 1.600000000000000000e+01 0.000000000000000000e+00 1.600000000000000089e+00 -1.667999999999999995e-03 -1.098999999999999934e-03 9.999980000000000535e-01 7.044719999999999871e-01 7.097290000000000543e-01 1.955000000000000140e-03 -7.097290000000000543e-01 7.044740000000000446e-01 -4.099999999999999912e-04
1.800000000000000000e+01 1.160000000000000000e+02 1.600000000000000000e+01 0.000000000000000000e+00 1.600000000000000089e+00 4.760000000000000234e-04 -2.229999999999999994e-04 1.000000000000000000e+00 7.087689999999999824e-01 7.054409999999999847e-01 -1.800000000000000113e-04 -7.054399999999999560e-01 7.087689999999999824e-01 4.939999999999999730e-04
2.300000000000000000e+01 1.160000000000000000e+02 1.600000000000000000e+01 0.000000000000000000e+00 1.600000000000000089e+00 1.776000000000000018e-03 6.859999999999999779e-04 9.999980000000000535e-01 7.036210000000000520e-01 7.105740000000000389e-01 -1.737999999999999962e-03 -7.105740000000000389e-01 7.036219999999999697e-01 7.799999999999999859e-04
2.700000000000000000e+01 1.160000000000000000e+02 1.600000000000000000e+01 0.000000000000000000e+00 1.600000000000000089e+00 -1.577000000000000060e-03 -1.306000000000000086e-03 9.999980000000000535e-01 7.047830000000000483e-01 7.094200000000000506e-01 2.037999999999999881e-03 -7.094209999999999683e-01 7.047849999999999948e-01 -1.979999999999999881e-04
4.000000000000000000e+00 2.000000000000000000e+00 1.900000000000000000e+01 0.000000000000000000e+00 1.600000000000000089e+00 1.048000000000000103e-03 -7.486999999999999732e-03 -9.999710000000000543e-01 1.781429999999999958e-01 -9.839759999999999618e-01 7.553999999999999951e-03 -9.840039999999999898e-01 -1.781459999999999988e-01 3.020000000000000223e-04
2.100000000000000000e+01 2.000000000000000000e+00 1.900000000000000000e+01 0.000000000000000000e+00 1.600000000000000089e+00 6.930000000000000396e-04 -4.976000000000000388e-03 -9.999869999999999592e-01 1.841170000000000029e-01 -9.828919999999999879e-01 5.017999999999999891e-03 -9.829039999999999999e-01 -1.841180000000000039e-01 2.349999999999999930e-04
2.500000000000000000e+01 2.000000000000000000e+00 1.900000000000000000e+01 0.000000000000000000e+00 1.600000000000000089e+00 -1.923999999999999929e-03 4.826000000000000428e-03 -9.999860000000000415e-01 1.794709999999999916e-01 -9.837500000000000133e-01 -5.093000000000000305e-03 -9.837609999999999966e-01 -1.794789999999999996e-01 1.026999999999999918e-03
3.000000000000000000e+01 2.000000000000000000e+00 1.900000000000000000e+01 0.000000000000000000e+00 1.600000000000000089e+00 -4.847999999999999879e-03 1.204399999999999915e-02 -9.999160000000000270e-01 1.743359999999999910e-01 -9.846040000000000347e-01 -1.270499999999999928e-02 -9.846740000000000492e-01 -1.743830000000000102e-01 2.674000000000000161e-03
3.000000000000000000e+00 4.000000000000000000e+00 2.000000000000000000e+01 0.000000000000000000e+00 1.600000000000000089e+00 -2.539999999999999940e-04 -1.148799999999999995e-02 -9.999339999999999895e-01 2.802669999999999884e-01 -9.598600000000000465e-01 1.095600000000000046e-02 -9.599220000000000530e-01 -2.802459999999999951e-01 3.462999999999999932e-03
2.400000000000000000e+01 4.000000000000000000e+00 2.000000000000000000e+01 0.000000000000000000e+00 1.600000000000000089e+00 -1.533000000000000074e-03 -1.479999999999999925e-04 -9.999989999999999712e-01 2.730210000000000137e-01 -9.620079999999999742e-01 -2.759999999999999867e-04 -9.620069999999999455e-01 -2.730210000000000137e-01 1.515000000000000071e-03
2.800000000000000000e+01 4.000000000000000000e+00 2.000000000000000000e+01 0.000000000000000000e+00 1.600000000000000089e+00 -4.164000000000000166e-03 8.200999999999999956e-03 -9.999580000000000135e-01 2.607400000000000273e-01 -9.653669999999999751e-01 -9.003000000000000586e-03 -9.654000000000000359e-01 -2.607659999999999978e-01 1.881000000000000076e-03
7.000000000000000000e+00 1.300000000000000000e+01 2.000000000000000000e+01 0.000000000000000000e+00 1.600000000000000089e+00 -4.910000000000000085e-04 -3.507999999999999834e-03 9.999940000000000495e-01 2.550200000000000244e-01 9.669290000000000385e-01 3.517000000000000161e-03 -9.669360000000000177e-01 2.550200000000000244e-01 4.189999999999999931e-04
1.200000000000000000e+01 1.300000000000000000e+01 2.000000000000000000e+01 0.000000000000000000e+00 1.600000000000000089e+00 -6.059999999999999849e-04 -2.798000000000000140e-03 9.999959999999999960e-01 2.573369999999999824e-01 9.663169999999999815e-01 2.860000000000000129e-03 -9.663209999999999855e-01 2.573380000000000112e-01 1.340000000000000045e-04
1.800000000000000000e+01 1.300000000000000000e+01 2.000000000000000000e+01 0.000000000000000000e+00 1.600000000000000089e+00 7.159999999999999481e-04 2.680000000000000090e-04 1.000000000000000000e+00 2.572519999999999807e-01 9.663439999999999808e-01 -4.429999999999999802e-04 -9.663439999999999808e-01 2.572530000000000094e-01 6.229999999999999644e-04
2.200000000000000000e+01 1.300000000000000000e+01 2.000000000000000000e+01 0.000000000000000000e+00 1.600000000000000089e+00 8.339999999999999974e-04 1.340000000000000045e-04 1.000000000000000000e+00 2.544790000000000108e-01 9.670779999999999932e-01 -3.420000000000000188e-04 -9.670779999999999932e-01 2.544799999999999840e-01 7.720000000000000083e-04
2.500000000000000000e+01 1.300000000000000000e+01 2.000000000000000000e+01 0.000000000000000000e+00 1.600000000000000089e+00 2.400000000000000061e-05 -8.819999999999999715e-04 1.000000000000000000e+00 2.522860000000000102e-01 9.676519999999999566e-01 8.469999999999999881e-04 -9.676529999999999854e-01 2.522860000000000102e-01 2.460000000000000164e-04
2.900000000000000000e+01 1.300000000000000000e+01 2.000000000000000000e+01 0.000000000000000000e+00 1.600000000000000089e+00 3.780000000000000265e-04 2.325999999999999943e-03 9.999970000000000248e-01 2.519029999999999880e-01 9.677499999999999991e-01 -2.345999999999999995e-03 -9.677519999999999456e-01 2.519029999999999880e-01 -2.200000000000000078e-04
8.000000000000000000e+00 1.600000000000000000e+01 2.100000000000000000e+01 0.000000000000000000e+00 1.600000000000000089e+00 -4.749999999999999990e-04 -5.839999999999999705e-03 9.999829999999999552e-01 2.970209999999999795e-01 9.548539999999999806e-01 5.717999999999999992e-03 -9.548710000000000253e-01 2.970180000000000042e-01 1.281000000000000021e-03
1.200000000000000000e+01 1.600000000000000000e+01 2.100000000000000000e+01 0.000000000000000000e+00 1.600000000000000089e+00 -3.390000000000000001e-04 -4.330999999999999781e-03 9.999909999999999632e-01 2.971050000000000080e-01 9.548349999999999893e-01 4.236000000000000182e-03 -9.548450000000000548e-01 2.971030000000000060e-01 9.629999999999999888e-04
1.500000000000000000e+01 1.600000000000000000e+01 2.100000000000000000e+01 0.000000000000000000e+00 1.600000000000000089e+00 -1.600000000000000131e-04 3.179999999999999776e-04 1.000000000000000000e+00 2.974180000000000157e-01 9.547470000000000123e-01 -2.559999999999999884e-04 -9.547470000000000123e-01 2.974180000000000157e-01 -2.480000000000000108e-04
2.100000000000000000e+01 1.600000000000000000e+01 2.100000000000000000e+01 0.000000000000000000e+00 1.600000000000000089e+00 5.379999999999999583e-04 4.473000000000000413e-03 9.999900000000000455e-01 2.987319999999999975e-01 9.543270000000000364e-01 -4.429999999999999910e-03 -9.543369999999999909e-01 2.987310000000000243e-01 -8.220000000000000310e-04
2.000000000000000000e+00 3.000000000000000000e+00 2.500000000000000000e+01 0.000000000000000000e+00 1.600000000000000089e+00 4.749999999999999882e-03 -1.162000000000000055e-03 9.999879999999999880e-01 -4.362300000000000205e-02 -9.990480000000000471e-01 -9.539999999999999869e-04 9.990369999999999528e-01 -4.361799999999999705e-02 -4.795999999999999916e-03
1.200000000000000000e+01 3.000000000000000000e+00 2.500000000000000000e+01 0.000000000000000000e+00 1.600000000000000089e+00 -7.721999999999999698e-03 -1.320000000000000101e-04 9.999700000000000255e-01 -2.956299999999999900e-02 -9.995629999999999793e-01 -3.600000000000000227e-04 9.995330000000000048e-01 -2.956400000000000000e-02 7.714000000000000370e-03
2.100000000000000000e+01 3.000000000000000000e+00 2.500000000000000000e+01 0.000000000000000000e+00 1.600000000000000089e+00 -2.039999999999999984e-04 1.464000000000000024e-03 9.999989999999999712e-01 -2.563500000000000154e-02 -9.996699999999999475e-01 1.458000000000000095e-03 9.996709999999999763e-01 -2.563500000000000154e-02 2.410000000000000033e-04
2.400000000000000000e+01 3.000000000000000000e+00 2.500000000000000000e+01 0.000000000000000000e+00 1.600000000000000089e+00 1.729000000000000068e-03 6.170000000000000137e-03 9.999789999999999512e-01 -2.155599999999999877e-02 -9.997479999999999700e-01 6.205999999999999711e-03 9.997660000000000435e-01 -2.156599999999999837e-02 -1.595999999999999979e-03
9.000000000000000000e+00 4.600000000000000000e+01 2.700000000000000000e+01 0.000000000000000000e+00 1.600000000000000089e+00 -2.157000000000000063e-03 -3.034999999999999937e-03 -9.999930000000000208e-01 6.610120000000000440e-01 7.503659999999999775e-01 -3.703000000000000128e-03 7.503720000000000390e-01 -6.610160000000000480e-01 3.879999999999999985e-04
1.800000000000000000e+01 4.600000000000000000e+01 2.700000000000000000e+01 0.000000000000000000e+00 1.600000000000000089e+00 -5.540000000000000219e-04 1.910000000000000077e-04 -1.000000000000000000e+00 6.649810000000000443e-01 7.468609999999999971e-01 -2.259999999999999910e-04 7.468599999999999683e-01 -6.649810000000000443e-01 -5.400000000000000069e-04
2.300000000000000000e+01 4.600000000000000000e+01 2.700000000000000000e+01 0.000000000000000000e+00 1.600000000000000089e+00 1.796999999999999986e-03 2.990000000000000036e-04 -9.999980000000000535e-01 6.631350000000000300e-01 7.484979999999999967e-01 1.415999999999999941e-03 7.484969999999999679e-01 -6.631369999999999765e-01 1.147000000000000016e-03
4.000000000000000000e+00 5.800000000000000000e+01 3.100000000000000000e+01 0.000000000000000000e+00 1.600000000000000089e+00 1.384000000000000031e-03 1.327999999999999970e-03 9.999980000000000535e-01 -7.935860000000000136e-01 -6.084549999999999681e-01 1.905999999999999925e-03 6.084570000000000256e-01 -7.935870000000000424e-01 2.120000000000000031e-04
1.000000000000000000e+01 5.800000000000000000e+01 3.100000000000000000e+01 0.000000000000000000e+00 1.600000000000000089e+00 -5.010000000000000347e-04 5.060000000000000478e-04 1.000000000000000000e+00 -7.929070000000000285e-01 -6.093429999999999680e-01 -8.899999999999999491e-05 6.093429999999999680e-01 -7.929070000000000285e-01 7.069999999999999462e-04
1.700000000000000000e+01 5.800000000000000000e+01 3.100000000000000000e+01 0.000000000000000000e+00 1.600000000000000089e+00 4.939999999999999730e-04 -4.186999999999999750e-03 9.999909999999999632e-01 -7.912700000000000289e-01 -6.114629999999999788e-01 -2.168999999999999921e-03 6.114669999999999828e-01 -7.912620000000000209e-01 -3.615999999999999857e-03
2.400000000000000000e+01 5.800000000000000000e+01 3.100000000000000000e+01 0.000000000000000000e+00 1.600000000000000089e+00 6.799999999999999621e-03 1.131999999999999977e-03 9.999759999999999760e-01 -7.840589999999999504e-01 -6.206570000000000142e-01 6.034000000000000301e-03 6.206490000000000062e-01 -7.840810000000000279e-01 -3.333000000000000025e-03
4.000000000000000000e+00 6.000000000000000000e+00 3.200000000000000000e+01 0.000000000000000000e+00 1.600000000000000089e+00 -1.603000000000000041e-03 -6.197000000000000251e-03 -9.999789999999999512e-01 1.360129999999999950e-01 9.906869999999999843e-01 -6.356999999999999804e-03 9.907059999999999755e-01 -1.360200000000000020e-01 -7.450000000000000025e-04
9.000000000000000000e+00 6.000000000000000000e+00 3.200000000000000000e+01 0.000000000000000000e+00 1.600000000000000089e+00 -3.693000000000000102e-03 -3.334000000000000158e-03 -9.999879999999999880e-01 1.414080000000000059e-01 9.899440000000000461e-01 -3.821999999999999877e-03 9.899449999999999639e-01 -1.414199999999999902e-01 -3.184000000000000198e-03
2.400000000000000000e+01 6.000000000000000000e+00 3.200000000000000000e+01 0.000000000000000000e+00 1.600000000000000089e+00 -2.889999999999999774e-04 -5.455999999999999912e-03 -9.999850000000000128e-01 1.546399999999999997e-01 9.879559999999999453e-01 -5.434999999999999727e-03 9.879710000000000436e-01 -1.546389999999999987e-01 5.580000000000000107e-04
3.000000000000000000e+00 4.200000000000000000e+01 3.400000000000000000e+01 0.000000000000000000e+00 1.600000000000000089e+00 -2.654000000000000109e-03 3.027000000000000177e-03 -9.999919999999999920e-01 -2.927370000000000250e-01 9.561859999999999804e-01 3.670999999999999784e-03 9.561889999999999556e-01 2.927440000000000042e-01 -1.652000000000000040e-03
3.000000000000000000e+00 4.600000000000000000e+01 3.500000000000000000e+01 0.000000000000000000e+00 1.600000000000000089e+00 -4.180000000000000230e-04 1.312000000000000015e-03 -9.999989999999999712e-01 3.830640000000000156e-01 -9.237210000000000143e-01 -1.371999999999999956e-03 -9.237220000000000431e-01 -3.830640000000000156e-01 -1.169999999999999979e-04
8.000000000000000000e+00 4.600000000000000000e+01 3.500000000000000000e+01 0.000000000000000000e+00 1.600000000000000089e+00 -1.080999999999999930e-03 5.479999999999999845e-04 -9.999989999999999712e-01 3.822420000000000262e-01 -9.240620000000000500e-01 -9.200000000000000278e-04 -9.240620000000000500e-01 -3.822420000000000262e-01 7.889999999999999878e-04
1.300000000000000000e+01 4.600000000000000000e+01 3.500000000000000000e+01 0.000000000000000000e+00 1.600000000000000089e+00 3.179999999999999776e-04 1.168999999999999900e-03 -9.999989999999999712e-01 3.820379999999999887e-01 -9.241460000000000230e-01 -9.590000000000000000e-04 -9.241470000000000518e-01 -3.820370000000000155e-01 -7.399999999999999894e-04
1.800000000000000000e+01 4.600000000000000000e+01 3.500000000000000000e+01 0.000000000000000000e+00 1.600000000000000089e+00 -1.381999999999999982e-03 4.707000000000000246e-03 -9.999879999999999880e-01 3.836289999999999978e-01 -9.234740000000000171e-01 -4.877000000000000259e-03 -9.234860000000000291e-01 -3.836309999999999998e-01 -5.299999999999999807e-04
2.200000000000000000e+01 4.600000000000000000e+01 3.500000000000000000e+01 0.000000000000000000e+00 1.600000000000000089e+00 1.242999999999999964e-03 3.719999999999999891e-04 -9.999989999999999712e-01 3.857349999999999945e-01 -9.226100000000000412e-01 1.359999999999999989e-04 -9.226090000000000124e-01 -3.857349999999999945e-01 -1.291000000000000047e-03
2.500000000000000000e+01 4.600000000000000000e+01 3.500000000000000000e+01 0.000000000000000000e+00 1.600000000000000089e+00 -8.379999999999999862e-04 -2.657000000000000074e-03 -9.999959999999999960e-01 3.862849999999999895e-01 -9.223770000000000024e-01 2.126999999999999984e-03 -9.223789999999999489e-01 -3.862820000000000142e-01 1.799000000000000035e-03
3.000000000000000000e+01 4.600000000000000000e+01 3.500000000000000000e+01 0.000000000000000000e+00 1.600000000000000089e+00 -1.325000000000000006e-03 -2.446999999999999956e-03 -9.999959999999999960e-01 3.855290000000000106e-01 -9.226940000000000142e-01 1.747000000000000072e-03 -9.226950000000000429e-01 -3.855250000000000066e-01 2.165999999999999957e-03
2.000000000000000000e+00 9.500000000000000000e+01 3.600000000000000000e+01 0.000000000000000000e+00 1.600000000000000089e+00 -3.690000000000000246e-04 2.758599999999999941e-02 9.996190000000000353e-01 9.966009999999999591e-01 8.236200000000000465e-02 -1.905000000000000009e-03 -8.238299999999999790e-02 9.962210000000000232e-01 -2.752299999999999885e-02
8.000000000000000000e+00 9.500000000000000000e+01 3.600000000000000000e+01 0.000000000000000000e+00 1.600000000000000089e+00 -2.956999999999999993e-03 -1.494700000000000022e-02 9.998839999999999950e-01 9.961269999999999847e-01 8.781899999999999429e-02 4.257999999999999632e-03 -8.787200000000000566e-02 9.960240000000000204e-01 1.462899999999999964e-02
1.300000000000000000e+01 9.500000000000000000e+01 3.600000000000000000e+01 0.000000000000000000e+00 1.600000000000000089e+00 -4.471000000000000148e-03 -8.549999999999999658e-04 9.999900000000000455e-01 9.957810000000000272e-01 9.164600000000000524e-02 4.531000000000000305e-03 -9.164899999999999436e-02 9.957909999999999817e-01 4.409999999999999858e-04
1.700000000000000000e+01 9.500000000000000000e+01 3.600000000000000000e+01 0.000000000000000000e+00 1.600000000000000089e+00 -1.093999999999999920e-03 -9.569999999999999514e-04 9.999989999999999712e-01 9.959770000000000012e-01 8.960500000000000409e-02 1.175999999999999962e-03 -8.960600000000000509e-02 9.959770000000000012e-01 8.549999999999999658e-04
2.300000000000000000e+01 9.500000000000000000e+01 3.600000000000000000e+01 0.000000000000000000e+00 1.600000000000000089e+00 1.273999999999999959e-03 1.903200000000000031e-02 9.998179999999999845e-01 9.966120000000000534e-01 8.219999999999999529e-02 -2.834999999999999847e-03 -8.223900000000000654e-02 9.964340000000000419e-01 -1.886300000000000129e-02
2.800000000000000000e+01 9.500000000000000000e+01 3.600000000000000000e+01 0.000000000000000000e+00 1.600000000000000089e+00 2.980000000000000010e-03 7.527999999999999969e-03 9.999670000000000503e-01 9.970499999999999918e-01 7.667100000000000304e-02 -3.549000000000000071e-03 -7.669499999999999929e-02 9.970280000000000253e-01 -7.276999999999999615e-03
5.000000000000000000e+00 3.000000000000000000e+00 4.300000000000000000e+01 0.000000000000000000e+00 1.600000000000000089e+00 -7.084000000000000019e-03 -5.494700000000000278e-02 -9.984640000000000182e-01 7.440330000000000554e-01 -6.674020000000000508e-01 3.144999999999999879e-02 -6.681049999999999489e-01 -7.426669999999999661e-01 4.560999999999999777e-02
1.000000000000000000e+01 3.000000000000000000e+00 4.300000000000000000e+01 0.000000000000000000e+00 1.600000000000000089e+00 -7.832999999999999685e-03 -2.935899999999999968e-02 -9.995380000000000376e-01 7.463070000000000537e-01 -6.654609999999999692e-01 1.369800000000000011e-02 -6.655560000000000365e-01 -7.458550000000000457e-01 2.712300000000000127e-02
1.400000000000000000e+01 3.000000000000000000e+00 4.300000000000000000e+01 0.000000000000000000e+00 1.600000000000000089e+00 -5.701999999999999603e-03 -5.926999999999999977e-03 -9.999660000000000215e-01 7.469099999999999628e-01 -6.649249999999999883e-01 -3.179999999999999776e-04 -6.649009999999999643e-01 -7.468869999999999676e-01 8.219000000000000611e-03
2.100000000000000000e+01 3.000000000000000000e+00 4.300000000000000000e+01 0.000000000000000000e+00 1.600000000000000089e+00 2.910000000000000260e-04 2.287199999999999997e-02 -9.997380000000000155e-01 7.424770000000000536e-01 -6.697009999999999907e-01 -1.510500000000000037e-02 -6.698709999999999942e-01 -7.422790000000000221e-01 -1.717700000000000130e-02
2.900000000000000000e+01 3.000000000000000000e+00 4.300000000000000000e+01 0.000000000000000000e+00 1.600000000000000089e+00 1.090000000000000067e-04 3.528300000000000186e-02 -9.993769999999999598e-01 7.395580000000000487e-01 -6.726760000000000517e-01 -2.366800000000000154e-02 -6.730930000000000524e-01 -7.390949999999999465e-01 -2.616699999999999929e-02
1.400000000000000000e+01 8.000000000000000000e+00 4.400000000000000000e+01 0.000000000000000000e+00 1.600000000000000089e+00 3.020000000000000223e-04 -2.043999999999999810e-03 9.999980000000000535e-01 -7.687749999999999861e-01 -6.395180000000000309e-01 -1.075000000000000001e-03 6.395189999999999486e-01 -7.687730000000000397e-01 -1.765000000000000076e-03
1.800000000000000000e+01 8.000000000000000000e+00 4.400000000000000000e+01 0.000000000000000000e+00 1.600000000000000089e+00 3.579000000000000150e-03 5.582000000000000156e-03 9.999780000000000335e-01 -7.694900000000000073e-01 -6.386279999999999735e-01 6.318999999999999964e-03 6.386490000000000222e-01 -7.694950000000000401e-01 2.008999999999999935e-03
2.600000000000000000e+01 8.000000000000000000e+00 4.400000000000000000e+01 0.000000000000000000e+00 1.600000000000000089e+00 4.262000000000000163e-03 1.521400000000000009e-02 9.998749999999999583e-01 -7.741369999999999640e-01 -6.328859999999999486e-01 1.293000000000000052e-02 6.330040000000000111e-01 -7.740949999999999775e-01 9.079999999999999530e-03
3.000000000000000000e+00 2.900000000000000000e+01 4.400000000000000000e+01 0.000000000000000000e+00 1.600000000000000089e+00 4.939999999999999730e-04 2.066999999999999827e-03 -9.999980000000000535e-01 6.546119999999999717e-01 7.559630000000000516e-01 1.886000000000000090e-03 7.559649999999999981e-01 -6.546110000000000539e-01 -9.799999999999999684e-04
7.000000000000000000e+00 2.900000000000000000e+01 4.400000000000000000e+01 0.000000000000000000e+00 1.600000000000000089e+00 1.358999999999999965e-03 -2.088000000000000012e-03 -9.999970000000000248e-01 6.548399999999999777e-01 7.557669999999999666e-01 -6.880000000000000265e-04 7.557660000000000489e-01 -6.548370000000000024e-01 2.393999999999999861e-03
1.000000000000000000e+01 2.900000000000000000e+01 4.400000000000000000e+01 0.000000000000000000e+00 1.600000000000000089e+00 1.409000000000000096e-03 -3.831000000000000204e-03 -9.999919999999999920e-01 6.567709999999999937e-01 7.540879999999999805e-01 -1.964000000000000034e-03 7.540890000000000093e-01 -6.567629999999999857e-01 3.579000000000000150e-03
1.700000000000000000e+01 2.900000000000000000e+01 4.400000000000000000e+01 0.000000000000000000e+00 1.600000000000000089e+00 2.066999999999999827e-03 -5.513999999999999804e-03 -9.999829999999999552e-01 6.721500000000000252e-01 7.404100000000000126e-01 -2.693000000000000081e-03 7.404119999999999591e-01 -6.721329999999999805e-01 5.237000000000000335e-03
2.000000000000000000e+01 2.900000000000000000e+01 4.400000000000000000e+01 0.000000000000000000e+00 1.600000000000000089e+00 1.066000000000000107e-03 -1.018000000000000025e-03 -9.999989999999999712e-01 6.781319999999999570e-01 7.349400000000000377e-01 -2.500000000000000120e-05 7.349390000000000089e-01 -6.781310000000000393e-01 1.474000000000000050e-03
2.500000000000000000e+01 2.900000000000000000e+01 4.400000000000000000e+01 0.000000000000000000e+00 1.600000000000000089e+00 -1.925000000000000062e-03 4.167999999999999830e-03 -9.999900000000000455e-01 6.757300000000000528e-01 7.371469999999999967e-01 1.771999999999999921e-03 7.371459999999999679e-01 -6.757199999999999873e-01 -4.236000000000000182e-03
1.000000000000000000e+00 5.400000000000000000e+01 4.600000000000000000e+01 0.000000000000000000e+00 1.600000000000000089e+00 4.809999999999999823e-04 -9.256999999999999604e-03 9.999569999999999848e-01 3.395659999999999790e-01 -9.405400000000000427e-01 -8.869999999999999413e-03 9.405820000000000292e-01 3.395560000000000245e-01 2.690999999999999816e-03
2.400000000000000000e+01 6.500000000000000000e+01 4.600000000000000000e+01 0.000000000000000000e+00 1.600000000000000089e+00 1.583999999999999905e-03 -9.470000000000000336e-04 9.999980000000000535e-01 6.808779999999999832e-01 -7.323950000000000182e-01 -1.771999999999999921e-03 7.323950000000000182e-01 6.808790000000000120e-01 -5.150000000000000498e-04
2.400000000000000000e+01 6.000000000000000000e+00 5.100000000000000000e+01 0.000000000000000000e+00 1.600000000000000089e+00 2.955999999999999860e-03 7.416999999999999982e-03 -9.999679999999999680e-01 3.259029999999999982e-01 -9.453840000000000021e-01 -6.048999999999999690e-03 -9.453989999999999894e-01 -3.258739999999999970e-01 -5.211000000000000354e-03
2.800000000000000000e+01 6.000000000000000000e+00 5.100000000000000000e+01 0.000000000000000000e+00 1.600000000000000089e+00 2.710000000000000169e-03 1.063200000000000083e-02 -9.999400000000000510e-01 3.227410000000000001e-01 -9.464430000000000343e-01 -9.188999999999999252e-03 -9.464829999999999632e-01 -3.226970000000000116e-01 -5.995999999999999594e-03
1.900000000000000000e+01 7.000000000000000000e+00 5.200000000000000000e+01 0.000000000000000000e+00 1.600000000000000089e+00 7.579999999999999932e-04 -2.354000000000000190e-03 -9.999970000000000248e-01 1.182279999999999998e-01 -9.929839999999999778e-01 2.426999999999999904e-03 -9.929860000000000353e-01 -1.182290000000000008e-01 -4.739999999999999747e-04
2.400000000000000000e+01 7.000000000000000000e+00 5.200000000000000000e+01 0.000000000000000000e+00 1.600000000000000089e+00 4.394000000000000336e-03 6.113999999999999643e-03 -9.999719999999999720e-01 1.182600000000000040e-01 -9.929670000000000440e-01 -5.551000000000000378e-03 -9.929729999999999945e-01 -1.182320000000000038e-01 -5.086000000000000243e-03
2.000000000000000000e+00 6.300000000000000000e+01 5.400000000000000000e+01 0.000000000000000000e+00 1.600000000000000089e+00 -6.970000000000000284e-04 -1.520000000000000084e-03 9.999989999999999712e-01 -3.491339999999999999e-01 9.370720000000000161e-01 1.180999999999999975e-03 -9.370720000000000161e-01 -3.491330000000000267e-01 -1.183000000000000024e-03
1.300000000000000000e+01 6.300000000000000000e+01 5.400000000000000000e+01 0.000000000000000000e+00 1.600000000000000089e+00 1.773000000000000053e-03 -1.275000000000000092e-03 9.999980000000000535e-01 -3.563200000000000256e-01 9.343620000000000259e-01 1.822999999999999968e-03 -9.343620000000000259e-01 -3.563220000000000276e-01 1.203000000000000076e-03
1.700000000000000000e+01 6.300000000000000000e+01 5.400000000000000000e+01 0.000000000000000000e+00 1.600000000000000089e+00 1.779999999999999898e-04 -1.160000000000000007e-04 1.000000000000000000e+00 -3.595380000000000242e-01 9.331300000000000150e-01 1.720000000000000066e-04 -9.331300000000000150e-01 -3.595380000000000242e-01 1.240000000000000054e-04
2.000000000000000000e+01 6.300000000000000000e+01 5.400000000000000000e+01 0.000000000000000000e+00 1.600000000000000089e+00 -1.263999999999999933e-03 -1.101999999999999898e-03 9.999989999999999712e-01 -3.574879999999999725e-01 9.339180000000000259e-01 5.770000000000000389e-04 -9.339169999999999972e-01 -3.574860000000000260e-01 -1.575000000000000011e-03
2.700000000000000000e+01 6.300000000000000000e+01 5.400000000000000000e+01 0.000000000000000000e+00 1.600000000000000089e+00 2.400000000000000061e-04 8.829999999999999958e-04 1.000000000000000000e+00 -3.545300000000000118e-01 9.350439999999999863e-01 -7.410000000000000137e-04 -9.350439999999999863e-01 -3.545300000000000118e-01 5.370000000000000424e-04
7.000000000000000000e+00 2.500000000000000000e+01 5.500000000000000000e+01 0.000000000000000000e+00 1.600000000000000089e+00 1.062999999999999926e-03 -2.021999999999999926e-03 -9.999970000000000248e-01 -1.215399999999999987e-02 -9.999240000000000350e-01 2.008999999999999935e-03 -9.999259999999999815e-01 1.215199999999999961e-02 -1.087000000000000076e-03
1.100000000000000000e+01 2.500000000000000000e+01 5.500000000000000000e+01 0.000000000000000000e+00 1.600000000000000089e+00 5.140000000000000254e-04 1.938000000000000052e-03 -9.999980000000000535e-01 -1.295900000000000003e-02 -9.999139999999999695e-01 -1.943999999999999981e-03 -9.999160000000000270e-01 1.295999999999999930e-02 -4.889999999999999599e-04
2.100000000000000000e+01 2.500000000000000000e+01 5.500000000000000000e+01 0.000000000000000000e+00 1.600000000000000089e+00 1.219999999999999947e-03 -1.907999999999999974e-03 -9.999970000000000248e-01 -1.181500000000000085e-02 -9.999280000000000390e-01 1.894000000000000067e-03 -9.999289999999999567e-01 1.181300000000000058e-02 -1.242999999999999964e-03
2.800000000000000000e+01 2.500000000000000000e+01 5.500000000000000000e+01 0.000000000000000000e+00 1.600000000000000089e+00 -4.020000000000000136e-04 2.939999999999999905e-04 -1.000000000000000000e+00 -1.101800000000000002e-02 -9.999390000000000223e-01 -2.889999999999999774e-04 -9.999390000000000223e-01 1.101700000000000075e-02 4.049999999999999781e-04
6.000000000000000000e+00 2.100000000000000000e+01 6.000000000000000000e+01 0.000000000000000000e+00 1.600000000000000089e+00 -9.619999999999999645e-04 -1.327000000000000055e-03 9.999989999999999712e-01 -9.659800000000000331e-02 9.953229999999999578e-01 1.227999999999999925e-03 -9.953229999999999578e-01 -9.659700000000000231e-02 -1.085999999999999943e-03
1.000000000000000000e+01 2.100000000000000000e+01 6.000000000000000000e+01 0.000000000000000000e+00 1.600000000000000089e+00 -2.387999999999999932e-03 -6.943000000000000387e-03 9.999730000000000008e-01 -9.740600000000000647e-02 9.952220000000000510e-01 6.676999999999999776e-03 -9.952419999999999600e-01 -9.738700000000000134e-02 -3.053000000000000158e-03
1.700000000000000000e+01 2.100000000000000000e+01 6.000000000000000000e+01 0.000000000000000000e+00 1.600000000000000089e+00 -7.470000000000000511e-04 1.506500000000000027e-02 9.998860000000000525e-01 -9.581599999999999839e-02 9.952849999999999753e-01 -1.506700000000000053e-02 -9.953990000000000338e-01 -9.581699999999999939e-02 6.999999999999999929e-04
2.300000000000000000e+01 2.100000000000000000e+01 6.000000000000000000e+01 0.000000000000000000e+00 1.600000000000000089e+00 1.443000000000000055e-03 -5.747999999999999637e-03 9.999820000000000375e-01 -9.486600000000000588e-02 9.954730000000000523e-01 5.858999999999999625e-03 -9.954889999999999572e-01 -9.487199999999999800e-02 8.919999999999999978e-04
6.000000000000000000e+00 6.000000000000000000e+00 6.100000000000000000e+01 0.000000000000000000e+00 1.600000000000000089e+00 6.488999999999999976e-03 2.961999999999999789e-03 9.999749999999999472e-01 5.771610000000000351e-01 -8.166290000000000493e-01 -1.327000000000000055e-03 8.166050000000000253e-01 5.771549999999999736e-01 -7.008999999999999606e-03
2.700000000000000000e+01 6.000000000000000000e+00 6.100000000000000000e+01 0.000000000000000000e+00 1.600000000000000089e+00 5.261000000000000051e-03 -7.964000000000000593e-03 9.999540000000000095e-01 5.652549999999999519e-01 -8.248609999999999554e-01 -9.542999999999999400e-03 8.248999999999999666e-01 5.652789999999999759e-01 1.620000000000000075e-04
