2.600000000000000000e+01 2.500000000000000000e+01 1.000000000000000000e+00 0.000000000000000000e+00 1.600000000000000089e+00 2.010000000000000068e-03 4.755999999999999811e-03 -9.999869999999999592e-01 -5.297220000000000262e-01 -8.481560000000000210e-01 -5.099000000000000234e-03 -8.481689999999999507e-01 5.297250000000000014e-01 8.149999999999999693e-04
5.000000000000000000e+00 1.500000000000000000e+01 4.000000000000000000e+00 0.000000000000000000e+00 1.600000000000000089e+00 -4.631999999999999833e-03 -2.677000000000000126e-03 9.999860000000000415e-01 2.982560000000000211e-01 -9.544850000000000279e-01 -1.172999999999999998e-03 9.544749999999999623e-01 2.982460000000000111e-01 5.218999999999999681e-03
1.600000000000000000e+01 1.500000000000000000e+01 4.000000000000000000e+00 0.000000000000000000e+00 1.600000000000000089e+00 2.664000000000000135e-03 1.310500000000000033e-02 9.999109999999999943e-01 2.946730000000000183e-01 -9.555259999999999865e-01 1.173800000000000017e-02 9.555940000000000545e-01 2.946150000000000158e-01 -6.407000000000000368e-03
2.400000000000000000e+01 1.500000000000000000e+01 4.000000000000000000e+00 0.000000000000000000e+00 1.600000000000000089e+00 1.719999999999999958e-03 2.305000000000000191e-03 9.999959999999999960e-01 3.014430000000000165e-01 -9.534829999999999695e-01 1.678999999999999937e-03 9.534829999999999695e-01 3.014379999999999837e-01 -2.334999999999999836e-03
1.200000000000000000e+01 1.600000000000000000e+01 4.000000000000000000e+00 0.000000000000000000e+00 1.600000000000000089e+00 -2.320000000000000014e-04 1.004299999999999984e-02 9.999500000000000055e-01 3.698259999999999881e-01 -9.290530000000000177e-01 9.417000000000000023e-03 9.291009999999999547e-01 3.698089999999999988e-01 -3.498999999999999940e-03
4.000000000000000000e+00 1.010000000000000000e+02 7.000000000000000000e+00 0.000000000000000000e+00 1.600000000000000089e+00 -9.300000000000000541e-04 1.318199999999999927e-02 9.999130000000000518e-01 8.839580000000000215e-01 4.675349999999999784e-01 -5.342000000000000394e-03 -4.675650000000000084e-01 8.838759999999999950e-01 -1.208700000000000052e-02
1.000000000000000000e+01 1.010000000000000000e+02 7.000000000000000000e+00 0.000000000000000000e+00 1.600000000000000089e+00 -8.980000000000000352e-04 1.094400000000000060e-02 9.999400000000000510e-01 8.837789999999999813e-01 4.678849999999999953e-01 -4.327000000000000117e-03 -4.679039999999999866e-01 8.837220000000000075e-01 -1.009200000000000028e-02
1.500000000000000000e+01 1.010000000000000000e+02 7.000000000000000000e+00 0.000000000000000000e+00 1.600000000000000089e+00 2.716000000000000098e-03 -1.882999999999999908e-03 9.999949999999999672e-01 8.830829999999999513e-01 4.692149999999999932e-01 -1.515000000000000071e-03 -4.692089999999999872e-01 8.830820000000000336e-01 2.938000000000000073e-03
2.500000000000000000e+01 1.010000000000000000e+02 7.000000000000000000e+00 0.000000000000000000e+00 1.600000000000000089e+00 -3.519999999999999908e-04 -9.308999999999999567e-03 9.999569999999999848e-01 8.873849999999999794e-01 4.610049999999999981e-01 4.603999999999999586e-03 -4.610279999999999934e-01 8.873490000000000544e-01 8.097999999999999296e-03
2.900000000000000000e+01 1.010000000000000000e+02 7.000000000000000000e+00 0.000000000000000000e+00 1.600000000000000089e+00 -1.783999999999999996e-03 -8.384000000000000827e-03 9.999630000000000463e-01 8.881299999999999750e-01 4.595600000000000240e-01 5.438000000000000125e-03 -4.595879999999999965e-01 8.881069999999999798e-01 6.627000000000000078e-03
1.900000000000000000e+01 1.500000000000000000e+01 8.000000000000000000e+00 0.000000000000000000e+00 1.600000000000000089e+00 8.310000000000000329e-04 1.101300000000000022e-02 -9.999390000000000223e-01 -5.920020000000000282e-01 -8.058819999999999872e-01 -9.367999999999999591e-03 -8.059359999999999857e-01 5.919740000000000002e-01 5.851000000000000298e-03
1.000000000000000000e+00 2.400000000000000000e+01 9.000000000000000000e+00 0.000000000000000000e+00 1.600000000000000089e+00 -3.714999999999999986e-03 -5.368000000000000375e-03 -9.999789999999999512e-01 4.522479999999999833e-01 8.918690000000000229e-01 -6.467999999999999791e-03 8.918850000000000389e-01 -4.522619999999999973e-01 -8.850000000000000444e-04
7.000000000000000000e+00 2.400000000000000000e+01 9.000000000000000000e+00 0.000000000000000000e+00 1.600000000000000089e+00 -1.276999999999999923e-03 -1.134999999999999941e-03 -9.999989999999999712e-01 4.532640000000000002e-01 8.913750000000000284e-01 -1.590999999999999966e-03 8.913750000000000284e-01 -4.532660000000000022e-01 -6.239999999999999887e-04
1.600000000000000000e+01 2.400000000000000000e+01 9.000000000000000000e+00 0.000000000000000000e+00 1.600000000000000089e+00 -8.800000000000000313e-04 -5.569000000000000165e-03 -9.999839999999999840e-01 4.538329999999999864e-01 8.910709999999999464e-01 -5.361999999999999579e-03 8.910860000000000447e-01 -4.538300000000000112e-01 1.742999999999999975e-03
2.200000000000000000e+01 2.400000000000000000e+01 9.000000000000000000e+00 0.000000000000000000e+00 1.600000000000000089e+00 -1.755999999999999965e-03 -8.323999999999999802e-03 -9.999639999999999640e-01 4.546200000000000241e-01 8.906479999999999952e-01 -8.212000000000000549e-03 8.906840000000000312e-01 -4.546180000000000221e-01 2.220000000000000185e-03
2.800000000000000000e+01 2.400000000000000000e+01 9.000000000000000000e+00 0.000000000000000000e+00 1.600000000000000089e+00 -1.869000000000000002e-03 -6.564000000000000390e-03 -9.999770000000000048e-01 4.552300000000000235e-01 8.903489999999999460e-01 -6.695000000000000430e-03 8.903720000000000523e-01 -4.552320000000000255e-01 1.324000000000000090e-03
8.000000000000000000e+00 3.100000000000000000e+01 1.200000000000000000e+01 0.000000000000000000e+00 1.600000000000000089e+00 1.366999999999999943e-03 -2.095000000000000074e-03 9.999970000000000248e-01 4.592999999999999861e-03 9.999869999999999592e-01 2.088000000000000012e-03 -9.999879999999999880e-01 4.590000000000000330e-03 1.376999999999999969e-03
2.200000000000000000e+01 3.100000000000000000e+01 1.200000000000000000e+01 0.000000000000000000e+00 1.600000000000000089e+00 3.809999999999999910e-04 -4.186999999999999750e-03 9.999909999999999632e-01 7.936000000000000346e-03 9.999599999999999600e-01 4.184000000000000219e-03 -9.999679999999999680e-01 7.934000000000000080e-03 4.150000000000000043e-04
2.900000000000000000e+01 3.100000000000000000e+01 1.200000000000000000e+01 0.000000000000000000e+00 1.600000000000000089e+00 9.690000000000000262e-04 -3.275999999999999832e-03 9.999940000000000495e-01 4.852999999999999675e-03 9.999829999999999552e-01 3.271000000000000036e-03 -9.999879999999999880e-01 4.850000000000000144e-03 9.849999999999999815e-04
1.700000000000000000e+01 3.200000000000000000e+01 1.400000000000000000e+01 0.000000000000000000e+00 1.600000000000000089e+00 7.309999999999999875e-04 2.910000000000000260e-04 -1.000000000000000000e+00 1.009700000000000042e-01 9.948890000000000233e-01 3.629999999999999872e-04 9.948890000000000233e-01 -1.009700000000000042e-01 6.980000000000000527e-04
2.000000000000000000e+00 1.200000000000000000e+01 1.500000000000000000e+01 0.000000000000000000e+00 1.600000000000000089e+00 3.680000000000000111e-03 4.036999999999999790e-03 -9.999850000000000128e-01 -4.683749999999999858e-01 -8.835140000000000216e-01 -5.290999999999999696e-03 -8.835220000000000296e-01 4.683880000000000265e-01 -1.360000000000000098e-03
9.000000000000000000e+00 1.200000000000000000e+01 1.500000000000000000e+01 0.000000000000000000e+00 1.600000000000000089e+00 4.621000000000000107e-03 4.289000000000000278e-03 -9.999799999999999800e-01 -4.695139999999999869e-01 -8.829050000000000509e-01 -5.956999999999999622e-03 -8.829129999999999479e-01 4.695320000000000049e-01 -2.066999999999999827e-03
1.400000000000000000e+01 1.200000000000000000e+01 1.500000000000000000e+01 0.000000000000000000e+00 1.600000000000000089e+00 2.349999999999999930e-04 3.050999999999999893e-03 -9.999949999999999672e-01 -4.710360000000000102e-01 -8.821099999999999497e-01 -2.801999999999999803e-03 -8.821139999999999537e-01 4.710340000000000082e-01 1.229000000000000058e-03
2.200000000000000000e+01 1.200000000000000000e+01 1.500000000000000000e+01 0.000000000000000000e+00 1.600000000000000089e+00 -9.790000000000000525e-04 2.469999999999999865e-04 -1.000000000000000000e+00 -4.687009999999999788e-01 -8.833569999999999478e-01 2.410000000000000033e-04 -8.833560000000000301e-01 4.687009999999999788e-01 9.810000000000001011e-04
1.000000000000000000e+01 1.100000000000000000e+01 1.600000000000000000e+01 0.000000000000000000e+00 1.600000000000000089e+00 3.627000000000000016e-03 4.537000000000000234e-03 -9.999829999999999552e-01 -4.173479999999999968e-01 -9.087290000000000090e-01 -5.636999999999999650e-03 -9.087389999999999635e-01 4.173620000000000108e-01 -1.402999999999999950e-03
1.800000000000000000e+01 1.100000000000000000e+01 1.600000000000000000e+01 0.000000000000000000e+00 1.600000000000000089e+00 -8.599999999999999789e-04 -2.358999999999999986e-03 -9.999970000000000248e-01 -4.166830000000000256e-01 -9.090479999999999672e-01 2.501999999999999884e-03 -9.090510000000000534e-01 4.166839999999999988e-01 -2.010000000000000068e-04
2.100000000000000000e+01 1.100000000000000000e+01 1.600000000000000000e+01 0.000000000000000000e+00 1.600000000000000089e+00 -1.036999999999999944e-03 -5.890000000000000053e-04 -9.999989999999999712e-01 -4.169820000000000193e-01 -9.089139999999999997e-01 9.669999999999999776e-04 -9.089139999999999997e-01 4.169829999999999925e-01 6.970000000000000284e-04
2.500000000000000000e+01 1.100000000000000000e+01 1.600000000000000000e+01 0.000000000000000000e+00 1.600000000000000089e+00 -1.123000000000000083e-03 3.730999999999999941e-03 -9.999919999999999920e-01 -4.181170000000000164e-01 -9.083879999999999733e-01 -2.919999999999999853e-03 -9.083919999999999773e-01 4.181110000000000104e-01 2.580999999999999961e-03
1.000000000000000000e+00 1.160000000000000000e+02 1.600000000000000000e+01 0.000000000000000000e+00 1.600000000000000089e+00 3.988000000000000225e-03 3.239000000000000126e-03 9.999869999999999592e-01 6.693529999999999758e-01 7.429270000000000040e-01 -5.075999999999999783e-03 -7.429339999999999833e-01 6.693639999999999590e-01 7.950000000000000252e-04
9.000000000000000000e+00 1.160000000000000000e+02 1.600000000000000000e+01 0.000000000000000000e+00 1.600000000000000089e+00 -5.810000000000000277e-04 2.592000000000000120e-03 9.999959999999999960e-01 7.150720000000000409e-01 6.990490000000000315e-01 -1.396000000000000105e-03 -6.990499999999999492e-01 7.150689999999999547e-01 -2.259999999999999856e-03
2.300000000000000000e+01 1.160000000000000000e+02 1.600000000000000000e+01 0.000000000000000000e+00 1.600000000000000089e+00 1.551999999999999994e-03 1.904000000000000093e-03 9.999970000000000248e-01 6.942869999999999875e-01 7.196939999999999449e-01 -2.448000000000000089e-03 -7.196970000000000312e-01 6.942880000000000162e-01 -2.059999999999999928e-04
2.000000000000000000e+00 2.000000000000000000e+00 1.900000000000000000e+01 0.000000000000000000e+00 1.600000000000000089e+00 3.119999999999999944e-03 -2.579999999999999828e-04 -9.999949999999999672e-01 1.963129999999999875e-01 -9.805409999999999959e-01 8.649999999999999920e-04 -9.805359999999999632e-01 -1.963139999999999885e-01 -3.008999999999999956e-03
1.000000000000000000e+01 2.000000000000000000e+00 1.900000000000000000e+01 0.000000000000000000e+00 1.600000000000000089e+00 2.784000000000000016e-03 5.660000000000000100e-03 -9.999799999999999800e-01 1.915530000000000010e-01 -9.814699999999999536e-01 -5.022000000000000422e-03 -9.814779999999999616e-01 -1.915350000000000108e-01 -3.815999999999999948e-03
1.400000000000000000e+01 2.000000000000000000e+00 1.900000000000000000e+01 0.000000000000000000e+00 1.600000000000000089e+00 1.981999999999999821e-03 -1.632999999999999903e-03 -9.999970000000000248e-01 1.894230000000000080e-01 -9.818940000000000445e-01 1.978999999999999856e-03 -9.818940000000000445e-01 -1.894270000000000120e-01 -1.637000000000000000e-03
1.800000000000000000e+01 2.000000000000000000e+00 1.900000000000000000e+01 0.000000000000000000e+00 1.600000000000000089e+00 -1.946000000000000030e-03 9.160000000000000390e-04 -9.999980000000000535e-01 1.862439999999999929e-01 -9.825030000000000152e-01 -1.262000000000000101e-03 -9.825019999999999865e-01 -1.862459999999999949e-01 1.740999999999999926e-03
2.200000000000000000e+01 2.000000000000000000e+00 1.900000000000000000e+01 0.000000000000000000e+00 1.600000000000000089e+00 -3.799999999999999992e-03 7.969999999999999654e-04 -9.999919999999999920e-01 1.835330000000000017e-01 -9.830119999999999969e-01 -1.480999999999999895e-03 -9.830060000000000464e-01 -1.835370000000000057e-01 3.589000000000000176e-03
2.700000000000000000e+01 2.000000000000000000e+00 1.900000000000000000e+01 0.000000000000000000e+00 1.600000000000000089e+00 6.059999999999999849e-04 -9.421999999999999820e-03 -9.999550000000000383e-01 1.785970000000000057e-01 -9.838780000000000303e-01 9.377999999999999184e-03 -9.839219999999999633e-01 -1.785950000000000037e-01 1.085999999999999943e-03
6.000000000000000000e+00 4.000000000000000000e+00 2.000000000000000000e+01 0.000000000000000000e+00 1.600000000000000089e+00 1.391000000000000092e-03 8.293999999999999290e-03 -9.999649999999999928e-01 2.919559999999999933e-01 -9.564019999999999744e-01 -7.526999999999999837e-03 -9.564310000000000311e-01 -2.919350000000000001e-01 -3.752000000000000127e-03
1.600000000000000000e+01 4.000000000000000000e+00 2.000000000000000000e+01 0.000000000000000000e+00 1.600000000000000089e+00 2.162999999999999992e-03 1.620000000000000075e-04 -9.999980000000000535e-01 2.841549999999999909e-01 -9.587780000000000191e-01 4.600000000000000139e-04 -9.587759999999999616e-01 -2.841549999999999909e-01 -2.119999999999999923e-03
2.200000000000000000e+01 4.000000000000000000e+00 2.000000000000000000e+01 0.000000000000000000e+00 1.600000000000000089e+00 -5.786999999999999610e-03 3.249000000000000152e-03 -9.999780000000000335e-01 2.758700000000000041e-01 -9.611830000000000096e-01 -4.719000000000000104e-03 -9.611769999999999481e-01 -2.758909999999999973e-01 4.667000000000000141e-03
2.600000000000000000e+01 4.000000000000000000e+00 2.000000000000000000e+01 0.000000000000000000e+00 1.600000000000000089e+00 -2.279999999999999909e-03 -9.643999999999999795e-03 -9.999510000000000343e-01 2.797330000000000094e-01 -9.600389999999999757e-01 8.621000000000000191e-03 -9.600750000000000117e-01 -2.797000000000000042e-01 4.886999999999999851e-03
6.000000000000000000e+00 1.300000000000000000e+01 2.000000000000000000e+01 0.000000000000000000e+00 1.600000000000000089e+00 8.490000000000000368e-04 7.389999999999999651e-04 9.999989999999999712e-01 2.543670000000000098e-01 9.671070000000000499e-01 -9.309999999999999699e-04 -9.671070000000000499e-01 2.543679999999999830e-01 6.329999999999999906e-04
1.100000000000000000e+01 1.300000000000000000e+01 2.000000000000000000e+01 0.000000000000000000e+00 1.600000000000000089e+00 1.147999999999999932e-03 -3.678999999999999979e-03 9.999930000000000208e-01 2.552249999999999797e-01 9.668759999999999577e-01 3.263999999999999974e-03 -9.668809999999999905e-01 2.552189999999999737e-01 2.049000000000000040e-03
1.600000000000000000e+01 1.300000000000000000e+01 2.000000000000000000e+01 0.000000000000000000e+00 1.600000000000000089e+00 -1.219999999999999947e-03 1.498999999999999898e-03 9.999980000000000535e-01 2.560660000000000158e-01 9.666590000000000460e-01 -1.136999999999999990e-03 -9.666590000000000460e-01 2.560640000000000138e-01 -1.564000000000000069e-03
2.300000000000000000e+01 1.300000000000000000e+01 2.000000000000000000e+01 0.000000000000000000e+00 1.600000000000000089e+00 -4.569999999999999952e-04 -7.499999999999999343e-05 1.000000000000000000e+00 2.526720000000000077e-01 9.675519999999999676e-01 1.879999999999999890e-04 -9.675519999999999676e-01 2.526720000000000077e-01 -4.229999999999999819e-04
2.900000000000000000e+01 1.300000000000000000e+01 2.000000000000000000e+01 0.000000000000000000e+00 1.600000000000000089e+00 4.400000000000000157e-04 2.854999999999999899e-03 9.999959999999999960e-01 2.540689999999999893e-01 9.671819999999999862e-01 -2.873000000000000120e-03 -9.671859999999999902e-01 2.540700000000000180e-01 -2.999999999999999737e-04
3.000000000000000000e+00 1.600000000000000000e+01 2.100000000000000000e+01 0.000000000000000000e+00 1.600000000000000089e+00 -4.399999999999999886e-05 4.362999999999999691e-03 9.999900000000000455e-01 2.982830000000000203e-01 9.544690000000000119e-01 -4.151000000000000176e-03 -9.544780000000000486e-01 2.982799999999999896e-01 -1.343999999999999926e-03
7.000000000000000000e+00 1.600000000000000000e+01 2.100000000000000000e+01 0.000000000000000000e+00 1.600000000000000089e+00 1.309999999999999967e-03 3.203000000000000118e-03 9.999940000000000495e-01 2.974049999999999749e-01 9.547449999999999548e-01 -3.446999999999999977e-03 -9.547499999999999876e-01 2.974080000000000057e-01 2.990000000000000036e-04
1.500000000000000000e+01 1.600000000000000000e+01 2.100000000000000000e+01 0.000000000000000000e+00 1.600000000000000089e+00 -1.428999999999999932e-03 -1.704999999999999918e-03 9.999980000000000535e-01 2.977929999999999744e-01 9.546280000000000321e-01 2.053000000000000137e-03 -9.546289999999999498e-01 2.977960000000000051e-01 -8.570000000000000144e-04
1.900000000000000000e+01 1.600000000000000000e+01 2.100000000000000000e+01 0.000000000000000000e+00 1.600000000000000089e+00 -1.118999999999999986e-03 4.000000000000000083e-03 9.999909999999999632e-01 2.980240000000000111e-01 9.545519999999999561e-01 -3.484999999999999817e-03 -9.545580000000000176e-01 2.980180000000000051e-01 -2.259999999999999856e-03
2.300000000000000000e+01 1.600000000000000000e+01 2.100000000000000000e+01 0.000000000000000000e+00 1.600000000000000089e+00 -5.879999999999999810e-04 2.148000000000000170e-03 9.999980000000000535e-01 2.966530000000000000e-01 9.549830000000000263e-01 -1.876999999999999979e-03 -9.549849999999999728e-01 2.966509999999999980e-01 -1.198999999999999979e-03
4.000000000000000000e+00 3.000000000000000000e+00 2.500000000000000000e+01 0.000000000000000000e+00 1.600000000000000089e+00 -2.488999999999999893e-03 3.088000000000000033e-03 9.999919999999999920e-01 -6.311899999999999455e-02 -9.980019999999999447e-01 2.925000000000000083e-03 9.980029999999999735e-01 -6.311100000000000043e-02 2.678999999999999958e-03
1.400000000000000000e+01 3.000000000000000000e+00 2.500000000000000000e+01 0.000000000000000000e+00 1.600000000000000089e+00 -9.550000000000000112e-04 -8.540000000000000499e-04 9.999989999999999712e-01 -4.388700000000000240e-02 -9.990360000000000351e-01 -8.949999999999999623e-04 9.990360000000000351e-01 -4.388700000000000240e-02 9.160000000000000390e-04
1.800000000000000000e+01 3.000000000000000000e+00 2.500000000000000000e+01 0.000000000000000000e+00 1.600000000000000089e+00 -3.481000000000000153e-03 1.299999999999999940e-03 9.999930000000000208e-01 -3.786099999999999882e-02 -9.992820000000000036e-01 1.167000000000000069e-03 9.992769999999999708e-01 -3.785600000000000076e-02 3.527999999999999886e-03
2.500000000000000000e+01 3.000000000000000000e+00 2.500000000000000000e+01 0.000000000000000000e+00 1.600000000000000089e+00 2.651000000000000145e-03 3.837999999999999832e-03 9.999890000000000168e-01 -3.929300000000000154e-02 -9.992199999999999971e-01 3.939999999999999926e-03 9.992240000000000011e-01 -3.930299999999999766e-02 -2.498999999999999919e-03
3.000000000000000000e+00 4.600000000000000000e+01 2.700000000000000000e+01 0.000000000000000000e+00 1.600000000000000089e+00 -5.140000000000000254e-04 2.759999999999999867e-04 -1.000000000000000000e+00 6.547460000000000502e-01 7.558489999999999931e-01 -1.279999999999999942e-04 7.558489999999999931e-01 -6.547460000000000502e-01 -5.689999999999999529e-04
1.300000000000000000e+01 4.600000000000000000e+01 2.700000000000000000e+01 0.000000000000000000e+00 1.600000000000000089e+00 2.575000000000000032e-03 2.543999999999999821e-03 -9.999930000000000208e-01 6.597809999999999508e-01 7.514490000000000336e-01 3.611000000000000060e-03 7.514539999999999553e-01 -6.597859999999999836e-01 2.559999999999999884e-04
2.400000000000000000e+01 4.600000000000000000e+01 2.700000000000000000e+01 0.000000000000000000e+00 1.600000000000000089e+00 2.167999999999999788e-03 1.832999999999999994e-03 -9.999959999999999960e-01 6.628979999999999873e-01 7.487049999999999539e-01 2.809999999999999998e-03 7.487070000000000114e-01 -6.629009999999999625e-01 4.079999999999999968e-04
2.800000000000000000e+01 4.600000000000000000e+01 2.700000000000000000e+01 0.000000000000000000e+00 1.600000000000000089e+00 4.167999999999999830e-03 5.099999999999999960e-05 -9.999909999999999632e-01 6.656630000000000047e-01 7.462469999999999937e-01 2.812999999999999962e-03 7.462400000000000144e-01 -6.656689999999999552e-01 3.076000000000000175e-03
4.000000000000000000e+00 5.800000000000000000e+01 3.100000000000000000e+01 0.000000000000000000e+00 1.600000000000000089e+00 3.664000000000000156e-03 -2.912999999999999791e-03 9.999890000000000168e-01 -7.946170000000000178e-01 -6.071100000000000385e-01 1.142999999999999919e-03 6.070999999999999730e-01 -7.946119999999999850e-01 -4.538999999999999632e-03
1.700000000000000000e+01 5.800000000000000000e+01 3.100000000000000000e+01 0.000000000000000000e+00 1.600000000000000089e+00 -2.098000000000000038e-03 3.645999999999999935e-03 9.999909999999999632e-01 -7.949450000000000127e-01 -6.066810000000000258e-01 5.439999999999999957e-04 6.066780000000000506e-01 -7.949370000000000047e-01 4.172000000000000361e-03
2.300000000000000000e+01 5.800000000000000000e+01 3.100000000000000000e+01 0.000000000000000000e+00 1.600000000000000089e+00 8.019999999999999785e-04 3.860000000000000041e-04 1.000000000000000000e+00 -7.947549999999999892e-01 -6.069299999999999695e-01 8.720000000000000537e-04 6.069299999999999695e-01 -7.947549999999999892e-01 -1.800000000000000113e-04
2.700000000000000000e+01 5.800000000000000000e+01 3.100000000000000000e+01 0.000000000000000000e+00 1.600000000000000089e+00 2.379000000000000038e-03 2.243999999999999901e-03 9.999949999999999672e-01 -7.935389999999999944e-01 -6.085110000000000241e-01 3.252999999999999815e-03 6.085150000000000281e-01 -7.935419999999999696e-01 3.330000000000000169e-04
2.700000000000000000e+01 6.000000000000000000e+00 3.200000000000000000e+01 0.000000000000000000e+00 1.600000000000000089e+00 -1.057999999999999913e-03 -6.810000000000000081e-03 -9.999759999999999760e-01 1.350069999999999881e-01 9.908209999999999518e-01 -6.890000000000000291e-03 9.908439999999999470e-01 -1.350109999999999921e-01 -1.289999999999999914e-04
8.000000000000000000e+00 5.900000000000000000e+01 3.200000000000000000e+01 0.000000000000000000e+00 1.600000000000000089e+00 2.308000000000000156e-03 4.947000000000000008e-03 9.999850000000000128e-01 -6.931169999999999831e-01 -7.208069999999999755e-01 5.165999999999999585e-03 7.208210000000000450e-01 -6.931190000000000406e-01 1.765000000000000076e-03
4.000000000000000000e+00 4.600000000000000000e+01 3.500000000000000000e+01 0.000000000000000000e+00 1.600000000000000089e+00 -7.569999999999999689e-04 -2.451000000000000054e-03 -9.999970000000000248e-01 3.844330000000000247e-01 -9.231510000000000549e-01 1.971000000000000096e-03 -9.231530000000000014e-01 -3.844299999999999939e-01 1.641000000000000097e-03
8.000000000000000000e+00 4.600000000000000000e+01 3.500000000000000000e+01 0.000000000000000000e+00 1.600000000000000089e+00 6.089999999999999494e-04 -4.490000000000000176e-04 -1.000000000000000000e+00 3.849360000000000004e-01 -9.229429999999999579e-01 6.489999999999999459e-04 -9.229429999999999579e-01 -3.849360000000000004e-01 -3.899999999999999929e-04
1.200000000000000000e+01 4.600000000000000000e+01 3.500000000000000000e+01 0.000000000000000000e+00 1.600000000000000089e+00 -9.699999999999999963e-05 -2.130000000000000003e-04 -1.000000000000000000e+00 3.844119999999999759e-01 -9.231610000000000094e-01 1.589999999999999888e-04 -9.231610000000000094e-01 -3.844119999999999759e-01 1.710000000000000094e-04
1.800000000000000000e+01 4.600000000000000000e+01 3.500000000000000000e+01 0.000000000000000000e+00 1.600000000000000089e+00 1.013000000000000012e-03 -2.480000000000000108e-04 -9.999989999999999712e-01 3.843440000000000190e-01 -9.231899999999999551e-01 6.179999999999999513e-04 -9.231890000000000374e-01 -3.843449999999999922e-01 -8.400000000000000348e-04
2.300000000000000000e+01 4.600000000000000000e+01 3.500000000000000000e+01 0.000000000000000000e+00 1.600000000000000089e+00 -1.289999999999999914e-04 -1.800000000000000113e-04 -1.000000000000000000e+00 3.846220000000000194e-01 -9.230739999999999501e-01 1.169999999999999979e-04 -9.230739999999999501e-01 -3.846220000000000194e-01 1.890000000000000133e-04
5.000000000000000000e+00 9.500000000000000000e+01 3.600000000000000000e+01 0.000000000000000000e+00 1.600000000000000089e+00 -2.822999999999999989e-03 7.296000000000000402e-03 9.999689999999999968e-01 9.971989999999999466e-01 7.475800000000000500e-02 2.269999999999999882e-03 -7.473899999999999988e-02 9.971750000000000336e-01 -7.485999999999999599e-03
1.000000000000000000e+01 9.500000000000000000e+01 3.600000000000000000e+01 0.000000000000000000e+00 1.600000000000000089e+00 -3.043999999999999831e-03 1.663600000000000148e-02 9.998569999999999958e-01 9.972710000000000186e-01 7.380499999999999561e-02 1.809000000000000061e-03 -7.376399999999999624e-02 9.971339999999999648e-01 -1.681500000000000009e-02
1.500000000000000000e+01 9.500000000000000000e+01 3.600000000000000000e+01 0.000000000000000000e+00 1.600000000000000089e+00 1.092100000000000015e-02 1.656200000000000033e-02 9.998029999999999973e-01 9.966679999999999984e-01 8.064699999999999647e-02 -1.222200000000000022e-02 -8.083400000000000307e-02 9.966049999999999631e-01 -1.562699999999999853e-02
2.000000000000000000e+01 9.500000000000000000e+01 3.600000000000000000e+01 0.000000000000000000e+00 1.600000000000000089e+00 1.034099999999999950e-02 5.180999999999999842e-03 9.999329999999999607e-01 9.965159999999999574e-01 8.270399999999999974e-02 -1.073400000000000049e-02 -8.275399999999999423e-02 9.965610000000000301e-01 -4.308000000000000197e-03
2.500000000000000000e+01 9.500000000000000000e+01 3.600000000000000000e+01 0.000000000000000000e+00 1.600000000000000089e+00 2.684000000000000188e-03 1.995099999999999998e-02 9.997970000000000468e-01 9.966639999999999944e-01 8.150000000000000300e-02 -4.302000000000000268e-03 -8.157000000000000361e-02 9.964739999999999709e-01 -1.966599999999999945e-02
5.000000000000000000e+00 3.000000000000000000e+00 4.300000000000000000e+01 0.000000000000000000e+00 1.600000000000000089e+00 1.748999999999999904e-03 -2.202600000000000044e-02 -9.997559999999999780e-01 7.338670000000000471e-01 -6.790990000000000082e-01 1.624600000000000002e-02 -6.792909999999999782e-01 -7.337160000000000348e-01 1.497599999999999973e-02
1.300000000000000000e+01 3.000000000000000000e+00 4.300000000000000000e+01 0.000000000000000000e+00 1.600000000000000089e+00 4.388999999999999672e-03 2.691400000000000042e-02 -9.996279999999999610e-01 7.404269999999999463e-01 -6.719730000000000425e-01 -1.484100000000000003e-02 -6.721230000000000260e-01 -7.400860000000000216e-01 -2.287700000000000150e-02
2.100000000000000000e+01 3.000000000000000000e+00 4.300000000000000000e+01 0.000000000000000000e+00 1.600000000000000089e+00 -4.194999999999999944e-03 -4.240399999999999725e-02 -9.990919999999999801e-01 7.389219999999999677e-01 -6.733090000000000463e-01 2.547400000000000012e-02 -6.737779999999999880e-01 -7.381440000000000223e-01 3.415800000000000086e-02
2.800000000000000000e+01 3.000000000000000000e+00 4.300000000000000000e+01 0.000000000000000000e+00 1.600000000000000089e+00 -6.677999999999999908e-03 -5.852700000000000263e-02 -9.982630000000000114e-01 7.432999999999999607e-01 -6.680840000000000112e-01 3.419699999999999823e-02 -6.689249999999999918e-01 -7.417799999999999949e-01 4.796500000000000069e-02
1.300000000000000000e+01 8.000000000000000000e+00 4.400000000000000000e+01 0.000000000000000000e+00 1.600000000000000089e+00 2.396999999999999825e-03 1.568900000000000156e-02 9.998740000000000405e-01 -7.827319999999999833e-01 -6.222499999999999698e-01 1.163999999999999931e-02 6.223539999999999628e-01 -7.826610000000000511e-01 1.078899999999999998e-02
3.000000000000000000e+01 8.000000000000000000e+00 4.400000000000000000e+01 0.000000000000000000e+00 1.600000000000000089e+00 -5.009999999999999697e-03 -2.156800000000000037e-02 9.997549999999999493e-01 -7.712660000000000071e-01 -6.362700000000000022e-01 -1.759099999999999900e-02 6.364929999999999755e-01 -7.711649999999999894e-01 -1.344700000000000062e-02
6.000000000000000000e+00 2.900000000000000000e+01 4.400000000000000000e+01 0.000000000000000000e+00 1.600000000000000089e+00 -2.650000000000000012e-03 1.729999999999999984e-03 -9.999949999999999672e-01 6.839950000000000196e-01 7.294859999999999678e-01 -5.509999999999999490e-04 7.294819999999999638e-01 -6.839929999999999621e-01 -3.115999999999999846e-03
1.200000000000000000e+01 2.900000000000000000e+01 4.400000000000000000e+01 0.000000000000000000e+00 1.600000000000000089e+00 -2.896999999999999836e-03 3.752000000000000127e-03 -9.999890000000000168e-01 6.719100000000000072e-01 7.406319999999999570e-01 8.319999999999999488e-04 7.406270000000000353e-01 -6.719000000000000528e-01 -4.667000000000000141e-03
2.000000000000000000e+01 2.900000000000000000e+01 4.400000000000000000e+01 0.000000000000000000e+00 1.600000000000000089e+00 -5.969999999999999829e-04 2.683000000000000055e-03 -9.999959999999999960e-01 6.612590000000000412e-01 7.501560000000000450e-01 1.616999999999999948e-03 7.501569999999999627e-01 -6.612559999999999549e-01 -2.222000000000000017e-03
2.500000000000000000e+01 2.900000000000000000e+01 4.400000000000000000e+01 0.000000000000000000e+00 1.600000000000000089e+00 9.950000000000000077e-04 2.776999999999999955e-03 -9.999959999999999960e-01 6.556809999999999583e-01 7.550329999999999542e-01 2.749999999999999840e-03 7.550369999999999582e-01 -6.556809999999999583e-01 -1.069999999999999988e-03
5.000000000000000000e+00 5.400000000000000000e+01 4.600000000000000000e+01 0.000000000000000000e+00 1.600000000000000089e+00 -2.122000000000000188e-03 9.770000000000000039e-04 9.999970000000000248e-01 3.110899999999999777e-01 -9.503789999999999738e-01 1.588000000000000002e-03 9.503779999999999450e-01 3.110930000000000084e-01 1.712999999999999896e-03
1.400000000000000000e+01 5.400000000000000000e+01 4.600000000000000000e+01 0.000000000000000000e+00 1.600000000000000089e+00 9.590000000000000000e-04 -8.392999999999999419e-03 9.999639999999999640e-01 3.076200000000000045e-01 -9.514730000000000132e-01 -8.281000000000000166e-03 9.515090000000000492e-01 3.076169999999999738e-01 1.668999999999999911e-03
2.400000000000000000e+01 5.400000000000000000e+01 4.600000000000000000e+01 0.000000000000000000e+00 1.600000000000000089e+00 5.360000000000000181e-04 -9.634000000000000202e-03 9.999529999999999808e-01 3.174600000000000199e-01 -9.482260000000000133e-01 -9.306000000000000036e-03 9.482720000000000038e-01 3.174500000000000099e-01 2.550000000000000183e-03
7.000000000000000000e+00 6.500000000000000000e+01 4.600000000000000000e+01 0.000000000000000000e+00 1.600000000000000089e+00 1.549000000000000030e-03 -8.670000000000000406e-04 9.999980000000000535e-01 6.802009999999999446e-01 -7.330240000000000089e-01 -1.690000000000000096e-03 7.330240000000000089e-01 6.802019999999999733e-01 -5.460000000000000443e-04
2.000000000000000000e+00 7.000000000000000000e+00 5.200000000000000000e+01 0.000000000000000000e+00 1.600000000000000089e+00 -5.827999999999999847e-03 -1.008900000000000075e-02 -9.999320000000000430e-01 1.097690000000000055e-01 -9.939130000000000464e-01 9.388999999999999777e-03 -9.939400000000000457e-01 -1.097069999999999990e-01 6.899999999999999883e-03
4.000000000000000000e+00 7.000000000000000000e+00 5.200000000000000000e+01 0.000000000000000000e+00 1.600000000000000089e+00 -4.113999999999999602e-03 -4.100000000000000346e-03 -9.999829999999999552e-01 1.057140000000000024e-01 -9.943899999999999961e-01 3.641999999999999838e-03 -9.943880000000000496e-01 -1.056969999999999993e-01 4.525000000000000376e-03
5.000000000000000000e+00 6.300000000000000000e+01 5.400000000000000000e+01 0.000000000000000000e+00 1.600000000000000089e+00 1.340999999999999961e-03 4.690000000000000158e-04 9.999989999999999712e-01 -3.609959999999999836e-01 9.325670000000000348e-01 4.699999999999999724e-05 -9.325660000000000061e-01 -3.609959999999999836e-01 1.420000000000000038e-03
8.000000000000000000e+00 6.300000000000000000e+01 5.400000000000000000e+01 0.000000000000000000e+00 1.600000000000000089e+00 6.650000000000000095e-04 2.374999999999999941e-03 9.999970000000000248e-01 -3.608540000000000081e-01 9.326200000000000045e-01 -1.975000000000000193e-03 -9.326219999999999510e-01 -3.608520000000000061e-01 1.477000000000000014e-03
1.200000000000000000e+01 6.300000000000000000e+01 5.400000000000000000e+01 0.000000000000000000e+00 1.600000000000000089e+00 -1.330000000000000073e-04 2.285000000000000139e-03 9.999970000000000248e-01 -3.626840000000000064e-01 9.319100000000000161e-01 -2.177999999999999815e-03 -9.319119999999999626e-01 -3.626829999999999776e-01 7.050000000000000060e-04
1.700000000000000000e+01 6.300000000000000000e+01 5.400000000000000000e+01 0.000000000000000000e+00 1.600000000000000089e+00 -1.877999999999999895e-03 1.936000000000000004e-03 9.999959999999999960e-01 -3.530010000000000092e-01 9.356200000000000072e-01 -2.474000000000000071e-03 -9.356210000000000360e-01 -3.530039999999999845e-01 -1.074000000000000085e-03
2.100000000000000000e+01 6.300000000000000000e+01 5.400000000000000000e+01 0.000000000000000000e+00 1.600000000000000089e+00 1.800000000000000113e-04 4.318999999999999923e-03 9.999909999999999632e-01 -3.486620000000000275e-01 9.372399999999999620e-01 -3.984999999999999827e-03 -9.372479999999999700e-01 -3.486580000000000235e-01 1.675000000000000057e-03
2.500000000000000000e+01 6.300000000000000000e+01 5.400000000000000000e+01 0.000000000000000000e+00 1.600000000000000089e+00 -2.559999999999999884e-04 5.119999999999999768e-04 1.000000000000000000e+00 -3.487469999999999737e-01 9.372169999999999668e-01 -5.689999999999999529e-04 -9.372169999999999668e-01 -3.487469999999999737e-01 -6.099999999999999872e-05
9.000000000000000000e+00 2.500000000000000000e+01 5.500000000000000000e+01 0.000000000000000000e+00 1.600000000000000089e+00 -3.550000000000000096e-04 -6.210000000000000242e-04 -1.000000000000000000e+00 -1.115700000000000025e-02 -9.999379999999999935e-01 6.250000000000000130e-04 -9.999379999999999935e-01 1.115799999999999952e-02 3.480000000000000020e-04
1.300000000000000000e+01 2.500000000000000000e+01 5.500000000000000000e+01 0.000000000000000000e+00 1.600000000000000089e+00 4.199999999999999768e-05 -4.699999999999999724e-05 -1.000000000000000000e+00 -1.032100000000000031e-02 -9.999470000000000303e-01 4.699999999999999724e-05 -9.999470000000000303e-01 1.032100000000000031e-02 -4.300000000000000165e-05
1.600000000000000000e+01 2.500000000000000000e+01 5.500000000000000000e+01 0.000000000000000000e+00 1.600000000000000089e+00 -7.499999999999999343e-05 -1.781999999999999947e-03 -9.999980000000000535e-01 -1.025099999999999970e-02 -9.999460000000000015e-01 1.783000000000000080e-03 -9.999470000000000303e-01 1.025099999999999970e-02 5.700000000000000314e-05
2.400000000000000000e+01 2.500000000000000000e+01 5.500000000000000000e+01 0.000000000000000000e+00 1.600000000000000089e+00 4.270000000000000249e-04 -1.119999999999999983e-04 -1.000000000000000000e+00 -1.076500000000000026e-02 -9.999419999999999975e-01 1.079999999999999960e-04 -9.999419999999999975e-01 1.076500000000000026e-02 -4.279999999999999950e-04
1.400000000000000000e+01 6.800000000000000000e+01 5.700000000000000000e+01 0.000000000000000000e+00 1.600000000000000089e+00 1.319999999999999993e-03 2.733999999999999885e-03 -9.999949999999999672e-01 -2.458950000000000025e-01 -9.692920000000000424e-01 -2.974000000000000081e-03 -9.692960000000000464e-01 2.458980000000000055e-01 -6.070000000000000092e-04
5.000000000000000000e+00 2.100000000000000000e+01 6.000000000000000000e+01 0.000000000000000000e+00 1.600000000000000089e+00 -2.439999999999999949e-04 -1.034200000000000050e-02 9.999460000000000015e-01 -9.274999999999999911e-02 9.956359999999999655e-01 1.027499999999999941e-02 -9.956890000000000462e-01 -9.274200000000000499e-02 -1.203000000000000076e-03
8.000000000000000000e+00 2.100000000000000000e+01 6.000000000000000000e+01 0.000000000000000000e+00 1.600000000000000089e+00 -1.706999999999999967e-03 2.236999999999999839e-03 9.999959999999999960e-01 -9.394600000000000173e-02 9.955739999999999590e-01 -2.386999999999999799e-03 -9.955760000000000165e-01 -9.394900000000000473e-02 -1.490000000000000005e-03
1.600000000000000000e+01 2.100000000000000000e+01 6.000000000000000000e+01 0.000000000000000000e+00 1.600000000000000089e+00 -9.799999999999999684e-05 8.403000000000000747e-03 9.999649999999999928e-01 -9.549599999999999755e-02 9.953950000000000298e-01 -8.373999999999999500e-03 -9.954300000000000370e-01 -9.549399999999999555e-02 7.050000000000000060e-04
2.000000000000000000e+01 2.100000000000000000e+01 6.000000000000000000e+01 0.000000000000000000e+00 1.600000000000000089e+00 -8.159999999999999936e-04 2.359999999999999902e-04 1.000000000000000000e+00 -9.449699999999999767e-02 9.955249999999999932e-01 -3.119999999999999944e-04 -9.955249999999999932e-01 -9.449799999999999867e-02 -7.900000000000000121e-04
2.900000000000000000e+01 2.100000000000000000e+01 6.000000000000000000e+01 0.000000000000000000e+00 1.600000000000000089e+00 -5.820000000000000520e-04 2.079000000000000119e-03 9.999980000000000535e-01 -9.579999999999999627e-02 9.953980000000000050e-01 -2.125999999999999852e-03 -9.953999999999999515e-01 -9.580099999999999727e-02 -3.800000000000000209e-04
2.000000000000000000e+01 3.000000000000000000e+00 6.300000000000000000e+01 0.000000000000000000e+00 1.600000000000000089e+00 -6.229999999999999644e-04 -3.359999999999999814e-04 1.000000000000000000e+00 -6.142320000000000002e-01 7.891249999999999654e-01 -1.169999999999999979e-04 -7.891249999999999654e-01 -6.142320000000000002e-01 -6.980000000000000527e-04
2.500000000000000000e+01 3.000000000000000000e+00 6.300000000000000000e+01 0.000000000000000000e+00 1.600000000000000089e+00 -9.150000000000000147e-04 1.221000000000000080e-03 9.999989999999999712e-01 -6.150710000000000344e-01 7.884700000000000042e-01 -1.525000000000000097e-03 -7.884710000000000329e-01 -6.150719999999999521e-01 3.000000000000000076e-05
7.000000000000000000e+00 2.700000000000000000e+01 6.300000000000000000e+01 0.000000000000000000e+00 1.600000000000000089e+00 -2.178999999999999947e-03 -1.028399999999999974e-02 9.999449999999999728e-01 -2.777870000000000061e-01 9.605979999999999519e-01 9.273999999999999258e-03 -9.606400000000000494e-01 -2.777519999999999989e-01 -4.950000000000000407e-03
1.000000000000000000e+01 2.700000000000000000e+01 6.300000000000000000e+01 0.000000000000000000e+00 1.600000000000000089e+00 -1.020000000000000073e-03 -4.902000000000000107e-03 9.999869999999999592e-01 -2.770710000000000117e-01 9.608389999999999986e-01 4.427999999999999645e-03 -9.608489999999999531e-01 -2.770630000000000037e-01 -2.337999999999999801e-03
1.500000000000000000e+01 2.700000000000000000e+01 6.300000000000000000e+01 0.000000000000000000e+00 1.600000000000000089e+00 7.479999999999999670e-04 2.625999999999999862e-03 9.999959999999999960e-01 -2.800090000000000079e-01 9.599950000000000427e-01 -2.311999999999999819e-03 -9.599969999999999892e-01 -2.800059999999999771e-01 1.453999999999999997e-03
