1.800000000000000000e+01 2.500000000000000000e+01 1.000000000000000000e+00 0.000000000000000000e+00 1.600000000000000089e+00 3.591000000000000008e-03 3.348999999999999980e-03 -9.999879999999999880e-01 -5.434870000000000534e-01 -8.394040000000000390e-01 -4.762999999999999873e-03 -8.394099999999999895e-01 5.434970000000000079e-01 -1.193999999999999966e-03
1.000000000000000000e+00 1.500000000000000000e+01 4.000000000000000000e+00 0.000000000000000000e+00 1.600000000000000089e+00 -1.075000000000000001e-03 1.372400000000000009e-02 9.999050000000000438e-01 2.951639999999999819e-01 -9.553519999999999790e-01 1.342999999999999923e-02 9.554460000000000175e-01 2.951509999999999967e-01 -3.024000000000000212e-03
1.400000000000000000e+01 1.500000000000000000e+01 4.000000000000000000e+00 0.000000000000000000e+00 1.600000000000000089e+00 -8.689999999999999808e-04 3.599000000000000202e-03 9.999930000000000208e-01 2.862569999999999837e-01 -9.581460000000000532e-01 3.697000000000000199e-03 9.581530000000000324e-01 2.862580000000000124e-01 -1.969999999999999909e-04
2.600000000000000000e+01 1.500000000000000000e+01 4.000000000000000000e+00 0.000000000000000000e+00 1.600000000000000089e+00 2.005999999999999971e-03 3.954000000000000049e-03 9.999900000000000455e-01 2.918290000000000051e-01 -9.564650000000000096e-01 3.197000000000000189e-03 9.564679999999999849e-01 2.918200000000000238e-01 -3.073000000000000211e-03
1.100000000000000000e+01 1.600000000000000000e+01 4.000000000000000000e+00 0.000000000000000000e+00 1.600000000000000089e+00 -5.045000000000000005e-03 -7.870000000000000476e-04 9.999869999999999592e-01 3.550949999999999940e-01 -9.348300000000000498e-01 1.056000000000000081e-03 9.348170000000000091e-01 3.550960000000000227e-01 4.995000000000000308e-03
1.600000000000000000e+01 1.600000000000000000e+01 4.000000000000000000e+00 0.000000000000000000e+00 1.600000000000000089e+00 -4.840000000000000010e-04 5.616000000000000332e-03 9.999839999999999840e-01 3.520690000000000208e-01 -9.359589999999999854e-01 5.427000000000000400e-03 9.359739999999999727e-01 3.520659999999999901e-01 -1.523999999999999964e-03
2.000000000000000000e+01 1.600000000000000000e+01 4.000000000000000000e+00 0.000000000000000000e+00 1.600000000000000089e+00 -8.059999999999999673e-04 4.466000000000000351e-03 9.999900000000000455e-01 3.529519999999999880e-01 -9.356309999999999905e-01 4.462999999999999953e-03 9.356409999999999449e-01 3.529519999999999880e-01 -8.220000000000000310e-04
2.900000000000000000e+01 1.600000000000000000e+01 4.000000000000000000e+00 0.000000000000000000e+00 1.600000000000000089e+00 -4.710000000000000102e-04 6.858000000000000380e-03 9.999759999999999760e-01 3.580050000000000177e-01 -9.336959999999999704e-01 6.571999999999999717e-03 9.337189999999999657e-01 3.579999999999999849e-01 -2.014999999999999864e-03
5.000000000000000000e+00 1.010000000000000000e+02 7.000000000000000000e+00 0.000000000000000000e+00 1.600000000000000089e+00 -1.306000000000000086e-03 -2.403999999999999887e-03 9.999959999999999960e-01 8.831590000000000273e-01 4.690679999999999850e-01 2.281000000000000041e-03 -4.690710000000000157e-01 8.831590000000000273e-01 1.510999999999999973e-03
1.200000000000000000e+01 1.010000000000000000e+02 7.000000000000000000e+00 0.000000000000000000e+00 1.600000000000000089e+00 7.590000000000000175e-04 -8.040999999999999537e-03 9.999670000000000503e-01 8.874410000000000354e-01 4.609110000000000151e-01 3.033000000000000106e-03 -4.609199999999999964e-01 8.874100000000000321e-01 7.485000000000000334e-03
1.700000000000000000e+01 1.010000000000000000e+02 7.000000000000000000e+00 0.000000000000000000e+00 1.600000000000000089e+00 -8.069999999999999916e-04 7.237000000000000377e-03 9.999740000000000295e-01 8.881470000000000198e-01 4.595520000000000160e-01 -2.609000000000000208e-03 -4.595580000000000220e-01 8.881219999999999670e-01 -6.798000000000000223e-03
2.200000000000000000e+01 1.010000000000000000e+02 7.000000000000000000e+00 0.000000000000000000e+00 1.600000000000000089e+00 -2.073999999999999889e-03 -5.171000000000000249e-03 9.999850000000000128e-01 8.890519999999999534e-01 4.577869999999999995e-01 4.211000000000000333e-03 -4.578019999999999867e-01 8.890470000000000317e-01 3.648000000000000201e-03
2.700000000000000000e+01 1.010000000000000000e+02 7.000000000000000000e+00 0.000000000000000000e+00 1.600000000000000089e+00 1.709000000000000016e-03 -1.035900000000000015e-02 9.999449999999999728e-01 8.862029999999999630e-01 4.632859999999999756e-01 3.285000000000000159e-03 -4.632939999999999836e-01 8.861480000000000468e-01 9.971999999999999961e-03
2.000000000000000000e+00 1.500000000000000000e+01 8.000000000000000000e+00 0.000000000000000000e+00 1.600000000000000089e+00 3.494999999999999843e-03 7.365000000000000019e-03 -9.999670000000000503e-01 -5.873279999999999612e-01 -8.093089999999999451e-01 -8.014000000000000290e-03 -8.093409999999999771e-01 5.873369999999999980e-01 1.497000000000000067e-03
8.000000000000000000e+00 1.500000000000000000e+01 8.000000000000000000e+00 0.000000000000000000e+00 1.600000000000000089e+00 2.910999999999999959e-03 -2.884999999999999978e-03 -9.999919999999999920e-01 -5.875240000000000462e-01 -8.092070000000000096e-01 6.239999999999999887e-04 -8.092019999999999769e-01 5.875169999999999559e-01 -4.049999999999999781e-03
1.400000000000000000e+01 1.500000000000000000e+01 8.000000000000000000e+00 0.000000000000000000e+00 1.600000000000000089e+00 2.583999999999999925e-03 7.147999999999999840e-03 -9.999710000000000543e-01 -5.839480000000000226e-01 -8.117579999999999796e-01 -7.311999999999999923e-03 -8.117870000000000363e-01 5.839499999999999691e-01 2.076999999999999853e-03
2.100000000000000000e+01 1.500000000000000000e+01 8.000000000000000000e+00 0.000000000000000000e+00 1.600000000000000089e+00 1.886000000000000090e-03 2.756000000000000203e-03 -9.999940000000000495e-01 -5.842509999999999648e-01 -8.115660000000000096e-01 -3.338999999999999954e-03 -8.115710000000000424e-01 5.842540000000000511e-01 8.000000000000000654e-05
2.400000000000000000e+01 1.500000000000000000e+01 8.000000000000000000e+00 0.000000000000000000e+00 1.600000000000000089e+00 -5.640000000000000482e-04 1.642999999999999929e-03 -9.999989999999999712e-01 -5.849210000000000242e-01 -8.110899999999999777e-01 -1.002000000000000069e-03 -8.110899999999999777e-01 5.849189999999999667e-01 1.417999999999999990e-03
2.900000000000000000e+01 1.500000000000000000e+01 8.000000000000000000e+00 0.000000000000000000e+00 1.600000000000000089e+00 3.027999999999999876e-03 6.492000000000000375e-03 -9.999740000000000295e-01 -5.858160000000000034e-01 -8.104139999999999677e-01 -7.034999999999999587e-03 -8.104379999999999917e-01 5.858219999999999539e-01 1.348999999999999939e-03
1.500000000000000000e+01 2.600000000000000000e+01 8.000000000000000000e+00 0.000000000000000000e+00 1.600000000000000089e+00 -3.833000000000000036e-03 -1.408099999999999977e-02 -9.998930000000000318e-01 4.076159999999999783e-01 9.130399999999999627e-01 -1.442000000000000053e-02 9.131460000000000132e-01 -4.076279999999999903e-01 2.239999999999999804e-03
1.900000000000000000e+01 2.600000000000000000e+01 8.000000000000000000e+00 0.000000000000000000e+00 1.600000000000000089e+00 -2.164000000000000125e-03 -6.991999999999999951e-03 -9.999730000000000008e-01 4.087939999999999907e-01 9.125980000000000203e-01 -7.265999999999999889e-03 9.126239999999999908e-01 -4.087979999999999947e-01 8.829999999999999958e-04
2.500000000000000000e+01 2.600000000000000000e+01 8.000000000000000000e+00 0.000000000000000000e+00 1.600000000000000089e+00 -7.079999999999999705e-04 3.720000000000000216e-03 -9.999930000000000208e-01 4.089909999999999934e-01 9.125330000000000386e-01 3.105999999999999820e-03 9.125379999999999603e-01 -4.089860000000000162e-01 -2.167999999999999788e-03
6.000000000000000000e+00 2.400000000000000000e+01 9.000000000000000000e+00 0.000000000000000000e+00 1.600000000000000089e+00 -1.706999999999999967e-03 1.080999999999999930e-03 -9.999980000000000535e-01 4.596089999999999898e-01 8.881210000000000493e-01 1.759999999999999954e-04 8.881200000000000205e-01 -4.596080000000000165e-01 -2.013000000000000032e-03
9.000000000000000000e+00 2.400000000000000000e+01 9.000000000000000000e+00 0.000000000000000000e+00 1.600000000000000089e+00 -2.219000000000000052e-03 -3.131000000000000102e-03 -9.999930000000000208e-01 4.594840000000000035e-01 8.881780000000000230e-01 -3.799999999999999992e-03 8.881829999999999448e-01 -4.594889999999999808e-01 -5.320000000000000293e-04
1.400000000000000000e+01 2.400000000000000000e+01 9.000000000000000000e+00 0.000000000000000000e+00 1.600000000000000089e+00 -4.176000000000000024e-03 -1.633000000000000076e-02 -9.998580000000000245e-01 4.590239999999999876e-01 8.882719999999999505e-01 -1.642400000000000110e-02 8.884140000000000370e-01 -4.590270000000000183e-01 3.787000000000000002e-03
2.100000000000000000e+01 2.400000000000000000e+01 9.000000000000000000e+00 0.000000000000000000e+00 1.600000000000000089e+00 -1.855000000000000095e-03 -2.648999999999999879e-03 -9.999949999999999672e-01 4.619779999999999998e-01 8.868859999999999522e-01 -3.206000000000000082e-03 8.868890000000000384e-01 -4.619820000000000038e-01 -4.209999999999999875e-04
3.000000000000000000e+01 2.400000000000000000e+01 9.000000000000000000e+00 0.000000000000000000e+00 1.600000000000000089e+00 -6.369999999999999794e-04 4.778000000000000129e-03 -9.999879999999999880e-01 4.637209999999999943e-01 8.859719999999999818e-01 3.937999999999999660e-03 8.859810000000000185e-01 -4.637129999999999863e-01 -2.779999999999999919e-03
2.800000000000000000e+01 5.000000000000000000e+00 1.200000000000000000e+01 0.000000000000000000e+00 1.600000000000000089e+00 2.188199999999999867e-02 -1.865999999999999881e-01 9.821919999999999540e-01 -2.339150000000000118e-01 9.542030000000000234e-01 1.864939999999999931e-01 -9.720109999999999584e-01 -2.338300000000000101e-01 -2.276800000000000004e-02
1.800000000000000000e+01 3.100000000000000000e+01 1.200000000000000000e+01 0.000000000000000000e+00 1.600000000000000089e+00 -8.400000000000000348e-04 -1.851999999999999914e-03 9.999980000000000535e-01 -2.348700000000000093e-02 9.997219999999999995e-01 1.832000000000000078e-03 -9.997239999999999460e-01 -2.348599999999999993e-02 -8.829999999999999958e-04
2.300000000000000000e+01 3.500000000000000000e+01 1.200000000000000000e+01 0.000000000000000000e+00 1.600000000000000089e+00 1.293000000000000095e-03 -5.217000000000000283e-03 -9.999860000000000415e-01 4.695550000000000002e-01 -8.828880000000000061e-01 5.212999999999999752e-03 -8.829019999999999646e-01 -4.695550000000000002e-01 1.307999999999999918e-03
2.900000000000000000e+01 3.500000000000000000e+01 1.200000000000000000e+01 0.000000000000000000e+00 1.600000000000000089e+00 -2.460000000000000164e-04 -5.670999999999999826e-03 -9.999839999999999840e-01 4.495359999999999912e-01 -8.932480000000000420e-01 4.955000000000000203e-03 -8.932620000000000005e-01 -4.495279999999999831e-01 2.769000000000000194e-03
2.600000000000000000e+01 4.000000000000000000e+00 1.300000000000000000e+01 0.000000000000000000e+00 1.600000000000000089e+00 7.200000000000000453e-04 -2.179490000000000038e-01 9.759600000000000497e-01 -1.025360000000000021e-01 9.707999999999999963e-01 2.168720000000000092e-01 -9.947289999999999743e-01 -1.002269999999999966e-01 -2.164900000000000158e-02
1.100000000000000000e+01 3.200000000000000000e+01 1.400000000000000000e+01 0.000000000000000000e+00 1.600000000000000089e+00 -2.418000000000000010e-03 -4.886999999999999851e-03 -9.999850000000000128e-01 1.121739999999999959e-01 9.936749999999999750e-01 -5.126999999999999613e-03 9.936859999999999582e-01 -1.121840000000000059e-01 -1.855000000000000095e-03
8.000000000000000000e+00 1.200000000000000000e+01 1.500000000000000000e+01 0.000000000000000000e+00 1.600000000000000089e+00 2.970000000000000092e-04 -1.642000000000000013e-03 -9.999989999999999712e-01 -4.688610000000000277e-01 -8.832710000000000283e-01 1.311000000000000099e-03 -8.832719999999999461e-01 4.688599999999999990e-01 -1.031999999999999931e-03
1.200000000000000000e+01 1.200000000000000000e+01 1.500000000000000000e+01 0.000000000000000000e+00 1.600000000000000089e+00 3.559999999999999797e-04 -1.459999999999999981e-04 -1.000000000000000000e+00 -4.679220000000000046e-01 -8.837699999999999445e-01 -3.800000000000000209e-05 -8.837699999999999445e-01 4.679220000000000046e-01 -3.820000000000000153e-04
1.900000000000000000e+01 1.200000000000000000e+01 1.500000000000000000e+01 0.000000000000000000e+00 1.600000000000000089e+00 2.712000000000000001e-03 -9.060000000000000128e-04 -9.999959999999999960e-01 -4.677020000000000066e-01 -8.838859999999999495e-01 -4.679999999999999915e-04 -8.838819999999999455e-01 4.677009999999999779e-01 -2.821000000000000157e-03
2.200000000000000000e+01 1.200000000000000000e+01 1.500000000000000000e+01 0.000000000000000000e+00 1.600000000000000089e+00 2.475999999999999902e-03 -4.260000000000000006e-04 -9.999970000000000248e-01 -4.680219999999999936e-01 -8.837169999999999748e-01 -7.829999999999999504e-04 -8.837129999999999708e-01 4.680219999999999936e-01 -2.386999999999999799e-03
2.400000000000000000e+01 1.200000000000000000e+01 1.500000000000000000e+01 0.000000000000000000e+00 1.600000000000000089e+00 1.492000000000000054e-03 -4.249999999999999763e-04 -9.999989999999999712e-01 -4.682040000000000091e-01 -8.836199999999999610e-01 -3.229999999999999907e-04 -8.836190000000000433e-01 4.682040000000000091e-01 -1.516999999999999902e-03
8.000000000000000000e+00 1.100000000000000000e+01 1.600000000000000000e+01 0.000000000000000000e+00 1.600000000000000089e+00 -1.240000000000000054e-04 -3.510000000000000208e-04 -1.000000000000000000e+00 -4.212310000000000221e-01 -9.069530000000000092e-01 3.699999999999999947e-04 -9.069530000000000092e-01 4.212310000000000221e-01 -3.600000000000000091e-05
1.200000000000000000e+01 1.100000000000000000e+01 1.600000000000000000e+01 0.000000000000000000e+00 1.600000000000000089e+00 9.600000000000000243e-05 4.189999999999999931e-04 -1.000000000000000000e+00 -4.202779999999999849e-01 -9.073949999999999516e-01 -4.200000000000000174e-04 -9.073949999999999516e-01 4.202779999999999849e-01 8.899999999999999491e-05
1.500000000000000000e+01 1.100000000000000000e+01 1.600000000000000000e+01 0.000000000000000000e+00 1.600000000000000089e+00 1.642999999999999929e-03 -1.659999999999999963e-04 -9.999989999999999712e-01 -4.194330000000000003e-01 -9.077859999999999818e-01 -5.379999999999999583e-04 -9.077849999999999531e-01 4.194330000000000003e-01 -1.561000000000000104e-03
2.100000000000000000e+01 1.100000000000000000e+01 1.600000000000000000e+01 0.000000000000000000e+00 1.600000000000000089e+00 2.284000000000000006e-03 5.630000000000000239e-04 -9.999970000000000248e-01 -4.203509999999999747e-01 -9.073600000000000554e-01 -1.471000000000000085e-03 -9.073590000000000266e-01 4.203529999999999767e-01 -1.835999999999999958e-03
5.000000000000000000e+00 1.160000000000000000e+02 1.600000000000000000e+01 0.000000000000000000e+00 1.600000000000000089e+00 1.732999999999999948e-03 8.639999999999999677e-04 9.999980000000000535e-01 7.065190000000000081e-01 7.076919999999999877e-01 -1.835999999999999958e-03 -7.076919999999999877e-01 7.065209999999999546e-01 6.160000000000000111e-04
9.000000000000000000e+00 1.160000000000000000e+02 1.600000000000000000e+01 0.000000000000000000e+00 1.600000000000000089e+00 -1.716999999999999993e-03 -1.876999999999999979e-03 9.999970000000000248e-01 6.967820000000000125e-01 7.172789999999999999e-01 2.543000000000000121e-03 -7.172809999999999464e-01 6.967839999999999590e-01 7.700000000000000139e-05
1.800000000000000000e+01 1.160000000000000000e+02 1.600000000000000000e+01 0.000000000000000000e+00 1.600000000000000089e+00 9.810000000000001011e-04 1.525000000000000097e-03 9.999980000000000535e-01 7.343460000000000543e-01 6.787729999999999597e-01 -1.755999999999999965e-03 -6.787739999999999885e-01 7.343469999999999720e-01 -4.539999999999999765e-04
3.000000000000000000e+01 1.160000000000000000e+02 1.600000000000000000e+01 0.000000000000000000e+00 1.600000000000000089e+00 -4.002000000000000349e-03 -1.133299999999999932e-02 9.999280000000000390e-01 7.080039999999999667e-01 7.061250000000000027e-01 1.083699999999999941e-02 -7.061969999999999636e-01 7.079969999999999875e-01 5.198000000000000363e-03
3.000000000000000000e+00 2.000000000000000000e+00 1.900000000000000000e+01 0.000000000000000000e+00 1.600000000000000089e+00 2.609999999999999907e-03 -9.381000000000000449e-03 -9.999529999999999808e-01 1.840100000000000069e-01 -9.828759999999999719e-01 9.700999999999999554e-03 -9.829210000000000447e-01 -1.840269999999999961e-01 -8.400000000000000348e-04
7.000000000000000000e+00 2.000000000000000000e+00 1.900000000000000000e+01 0.000000000000000000e+00 1.600000000000000089e+00 -1.760000000000000063e-03 4.211999999999999598e-03 -9.999900000000000455e-01 1.798309999999999909e-01 -9.836869999999999781e-01 -4.460000000000000422e-03 -9.836960000000000148e-01 -1.798369999999999969e-01 9.740000000000000394e-04
1.100000000000000000e+01 2.000000000000000000e+00 1.900000000000000000e+01 0.000000000000000000e+00 1.600000000000000089e+00 -2.906000000000000163e-03 4.337999999999999842e-03 -9.999860000000000415e-01 1.735540000000000138e-01 -9.848130000000000495e-01 -4.776999999999999996e-03 -9.848200000000000287e-01 -1.735659999999999981e-01 2.109000000000000197e-03
1.700000000000000000e+01 2.000000000000000000e+00 1.900000000000000000e+01 0.000000000000000000e+00 1.600000000000000089e+00 -1.959999999999999937e-03 9.190000000000000252e-03 -9.999559999999999560e-01 1.750960000000000016e-01 -9.845070000000000210e-01 -9.391000000000000042e-03 -9.845490000000000075e-01 -1.751070000000000126e-01 3.200000000000000262e-04
2.200000000000000000e+01 2.000000000000000000e+00 1.900000000000000000e+01 0.000000000000000000e+00 1.600000000000000089e+00 -8.635000000000000314e-03 2.396600000000000119e-02 -9.996760000000000090e-01 1.850580000000000003e-01 -9.824060000000000015e-01 -2.515099999999999975e-02 -9.826899999999999524e-01 -1.852149999999999908e-01 4.048000000000000383e-03
6.000000000000000000e+00 4.000000000000000000e+00 2.000000000000000000e+01 0.000000000000000000e+00 1.600000000000000089e+00 -1.381999999999999982e-03 -6.340000000000000149e-04 -9.999989999999999712e-01 2.722570000000000268e-01 -9.622249999999999970e-01 2.339999999999999958e-04 -9.622239999999999682e-01 -2.722559999999999980e-01 1.502999999999999996e-03
1.000000000000000000e+01 4.000000000000000000e+00 2.000000000000000000e+01 0.000000000000000000e+00 1.600000000000000089e+00 -2.952000000000000197e-03 4.645999999999999956e-03 -9.999850000000000128e-01 2.615410000000000235e-01 -9.651779999999999804e-01 -5.256000000000000255e-03 -9.651880000000000459e-01 -2.615520000000000067e-01 1.634999999999999952e-03
1.400000000000000000e+01 4.000000000000000000e+00 2.000000000000000000e+01 0.000000000000000000e+00 1.600000000000000089e+00 5.349999999999999938e-04 1.669999999999999935e-04 -1.000000000000000000e+00 2.533929999999999794e-01 -9.673629999999999729e-01 -2.599999999999999840e-05 -9.673629999999999729e-01 -2.533929999999999794e-01 -5.599999999999999509e-04
2.800000000000000000e+01 4.000000000000000000e+00 2.000000000000000000e+01 0.000000000000000000e+00 1.600000000000000089e+00 -1.115299999999999972e-02 7.931999999999999815e-03 -9.999059999999999615e-01 2.803280000000000216e-01 -9.598440000000000305e-01 -1.074199999999999981e-02 -9.598400000000000265e-01 -2.804209999999999758e-01 8.481999999999999956e-03
4.000000000000000000e+00 1.300000000000000000e+01 2.000000000000000000e+01 0.000000000000000000e+00 1.600000000000000089e+00 8.909999999999999734e-04 4.889999999999999599e-04 1.000000000000000000e+00 2.539589999999999903e-01 9.672150000000000469e-01 -6.999999999999999929e-04 -9.672140000000000182e-01 2.539600000000000191e-01 7.370000000000000249e-04
7.000000000000000000e+00 1.300000000000000000e+01 2.000000000000000000e+01 0.000000000000000000e+00 1.600000000000000089e+00 -1.299999999999999920e-05 -1.237999999999999951e-03 9.999989999999999712e-01 2.523699999999999832e-01 9.676299999999999901e-01 1.201999999999999943e-03 -9.676310000000000189e-01 2.523699999999999832e-01 2.999999999999999737e-04
1.100000000000000000e+01 1.300000000000000000e+01 2.000000000000000000e+01 0.000000000000000000e+00 1.600000000000000089e+00 -2.039999999999999984e-04 -1.835999999999999958e-03 9.999980000000000535e-01 2.531120000000000037e-01 9.674350000000000449e-01 1.827999999999999981e-03 -9.674369999999999914e-01 2.531120000000000037e-01 2.680000000000000090e-04
1.500000000000000000e+01 1.300000000000000000e+01 2.000000000000000000e+01 0.000000000000000000e+00 1.600000000000000089e+00 -2.840000000000000185e-04 -3.118999999999999811e-03 9.999949999999999672e-01 2.536849999999999938e-01 9.672819999999999752e-01 3.089000000000000166e-03 -9.672870000000000079e-01 2.536840000000000206e-01 5.159999999999999656e-04
2.100000000000000000e+01 1.300000000000000000e+01 2.000000000000000000e+01 0.000000000000000000e+00 1.600000000000000089e+00 -6.299999999999999990e-05 -6.093999999999999591e-03 9.999810000000000088e-01 2.506419999999999759e-01 9.680619999999999781e-01 5.915000000000000119e-03 -9.680800000000000516e-01 2.506380000000000274e-01 1.466999999999999988e-03
2.700000000000000000e+01 1.300000000000000000e+01 2.000000000000000000e+01 0.000000000000000000e+00 1.600000000000000089e+00 -8.239999999999999712e-04 -5.159999999999999656e-03 9.999860000000000415e-01 2.474939999999999918e-01 9.688750000000000417e-01 5.203000000000000159e-03 -9.688890000000000002e-01 2.474949999999999928e-01 4.789999999999999879e-04
3.000000000000000000e+00 1.600000000000000000e+01 2.100000000000000000e+01 0.000000000000000000e+00 1.600000000000000089e+00 1.800000000000000113e-04 4.344999999999999904e-03 9.999909999999999632e-01 2.985740000000000061e-01 9.543770000000000309e-01 -4.200999999999999873e-03 -9.543869999999999854e-01 2.985720000000000041e-01 -1.124999999999999915e-03
1.200000000000000000e+01 1.600000000000000000e+01 2.100000000000000000e+01 0.000000000000000000e+00 1.600000000000000089e+00 4.229999999999999819e-04 6.629999999999999609e-04 1.000000000000000000e+00 3.003520000000000079e-01 9.538280000000000092e-01 -7.590000000000000175e-04 -9.538280000000000092e-01 3.003529999999999811e-01 2.049999999999999956e-04
1.800000000000000000e+01 1.600000000000000000e+01 2.100000000000000000e+01 0.000000000000000000e+00 1.600000000000000089e+00 -4.800000000000000122e-04 -4.015999999999999605e-03 9.999919999999999920e-01 2.993739999999999735e-01 9.541269999999999474e-01 3.976000000000000367e-03 -9.541359999999999841e-01 2.993739999999999735e-01 7.450000000000000025e-04
2.100000000000000000e+01 1.600000000000000000e+01 2.100000000000000000e+01 0.000000000000000000e+00 1.600000000000000089e+00 -6.139999999999999625e-04 -9.192000000000000517e-03 9.999580000000000135e-01 2.994390000000000107e-01 9.540739999999999776e-01 8.954000000000000153e-03 -9.541150000000000464e-01 2.994310000000000027e-01 2.167000000000000089e-03
2.600000000000000000e+01 1.600000000000000000e+01 2.100000000000000000e+01 0.000000000000000000e+00 1.600000000000000089e+00 -1.306000000000000086e-03 -6.133000000000000430e-03 9.999799999999999800e-01 2.986610000000000098e-01 9.543390000000000484e-01 6.243000000000000285e-03 -9.543580000000000396e-01 2.986630000000000118e-01 5.850000000000000165e-04
2.400000000000000000e+01 5.000000000000000000e+01 2.200000000000000000e+01 0.000000000000000000e+00 1.600000000000000089e+00 -3.229999999999999907e-04 -3.180000000000000101e-03 -9.999949999999999672e-01 -5.801410000000000178e-01 8.145130000000000425e-01 -2.403000000000000188e-03 8.145160000000000178e-01 5.801370000000000138e-01 -2.108000000000000065e-03
3.000000000000000000e+00 3.000000000000000000e+00 2.500000000000000000e+01 0.000000000000000000e+00 1.600000000000000089e+00 3.420000000000000188e-04 -2.981000000000000143e-03 9.999959999999999960e-01 -2.562199999999999894e-02 -9.996669999999999723e-01 -2.971000000000000116e-03 9.996720000000000050e-01 -2.562100000000000141e-02 -4.180000000000000230e-04
6.000000000000000000e+00 3.000000000000000000e+00 2.500000000000000000e+01 0.000000000000000000e+00 1.600000000000000089e+00 1.814999999999999990e-03 5.534999999999999989e-03 9.999829999999999552e-01 -2.160099999999999867e-02 -9.997509999999999453e-01 5.572999999999999829e-03 9.997650000000000148e-01 -2.161099999999999827e-02 -1.694999999999999892e-03
5.000000000000000000e+00 4.600000000000000000e+01 2.700000000000000000e+01 0.000000000000000000e+00 1.600000000000000089e+00 1.871000000000000050e-03 2.900000000000000017e-04 -9.999980000000000535e-01 6.621139999999999803e-01 7.494020000000000126e-01 1.456000000000000046e-03 7.494009999999999838e-01 -6.621160000000000379e-01 1.209999999999999921e-03
1.300000000000000000e+01 4.600000000000000000e+01 2.700000000000000000e+01 0.000000000000000000e+00 1.600000000000000089e+00 -1.413999999999999892e-03 -2.709999999999999735e-04 -9.999989999999999712e-01 6.632890000000000175e-01 7.483619999999999717e-01 -1.141000000000000087e-03 7.483619999999999717e-01 -6.632900000000000462e-01 -8.779999999999999827e-04
1.900000000000000000e+01 4.600000000000000000e+01 2.700000000000000000e+01 0.000000000000000000e+00 1.600000000000000089e+00 1.464000000000000024e-03 -2.579999999999999828e-04 -9.999989999999999712e-01 6.589159999999999462e-01 7.522159999999999958e-01 7.709999999999999840e-04 7.522149999999999670e-01 -6.589159999999999462e-01 1.270999999999999994e-03
2.300000000000000000e+01 4.600000000000000000e+01 2.700000000000000000e+01 0.000000000000000000e+00 1.600000000000000089e+00 -1.134000000000000025e-03 -1.038999999999999993e-03 -9.999989999999999712e-01 6.617229999999999501e-01 7.497470000000000523e-01 -1.528999999999999977e-03 7.497479999999999700e-01 -6.617229999999999501e-01 -1.630000000000000047e-04
3.000000000000000000e+01 4.600000000000000000e+01 2.700000000000000000e+01 0.000000000000000000e+00 1.600000000000000089e+00 -2.737999999999999982e-03 -1.977000000000000025e-03 -9.999940000000000495e-01 6.599540000000000406e-01 7.512990000000000501e-01 -3.291999999999999788e-03 7.513009999999999966e-01 -6.599589999999999623e-01 -7.529999999999999801e-04
6.000000000000000000e+00 5.800000000000000000e+01 3.100000000000000000e+01 0.000000000000000000e+00 1.600000000000000089e+00 6.747000000000000393e-03 1.315999999999999896e-03 9.999759999999999760e-01 -7.832000000000000073e-01 -6.217399999999999594e-01 6.102999999999999918e-03 6.217329999999999801e-01 -7.832230000000000025e-01 -3.164999999999999845e-03
1.400000000000000000e+01 5.800000000000000000e+01 3.100000000000000000e+01 0.000000000000000000e+00 1.600000000000000089e+00 1.554999999999999959e-03 3.354000000000000210e-03 9.999930000000000208e-01 -7.760629999999999473e-01 -6.306469999999999576e-01 3.321999999999999866e-03 6.306540000000000479e-01 -7.760629999999999473e-01 1.621999999999999961e-03
1.900000000000000000e+01 5.800000000000000000e+01 3.100000000000000000e+01 0.000000000000000000e+00 1.600000000000000089e+00 2.769000000000000194e-03 5.091000000000000039e-03 9.999829999999999552e-01 -7.699850000000000305e-01 -6.380400000000000515e-01 5.380000000000000233e-03 6.380559999999999565e-01 -7.699869999999999770e-01 2.152999999999999966e-03
2.400000000000000000e+01 5.800000000000000000e+01 3.100000000000000000e+01 0.000000000000000000e+00 1.600000000000000089e+00 1.582000000000000073e-03 2.337000000000000102e-03 9.999959999999999960e-01 -7.671930000000000138e-01 -6.414100000000000357e-01 2.712000000000000001e-03 6.414140000000000397e-01 -7.671940000000000426e-01 7.780000000000000457e-04
2.700000000000000000e+01 5.800000000000000000e+01 3.100000000000000000e+01 0.000000000000000000e+00 1.600000000000000089e+00 2.455999999999999850e-03 1.477999999999999930e-03 9.999959999999999960e-01 -7.627289999999999903e-01 -6.467119999999999536e-01 2.828999999999999918e-03 6.467129999999999823e-01 -7.627329999999999943e-01 -4.609999999999999840e-04
6.000000000000000000e+00 6.000000000000000000e+00 3.200000000000000000e+01 0.000000000000000000e+00 1.600000000000000089e+00 -3.249999999999999851e-04 -5.658999999999999968e-03 -9.999839999999999840e-01 1.538130000000000053e-01 9.880839999999999623e-01 -5.642000000000000313e-03 9.880999999999999783e-01 -1.538130000000000053e-01 5.490000000000000088e-04
4.000000000000000000e+00 4.600000000000000000e+01 3.500000000000000000e+01 0.000000000000000000e+00 1.600000000000000089e+00 1.879000000000000028e-03 -1.067000000000000023e-03 -9.999980000000000535e-01 3.850569999999999826e-01 -9.228910000000000169e-01 1.708000000000000100e-03 -9.228910000000000169e-01 -3.850589999999999846e-01 -1.322999999999999957e-03
7.000000000000000000e+00 4.600000000000000000e+01 3.500000000000000000e+01 0.000000000000000000e+00 1.600000000000000089e+00 -8.850000000000000444e-04 -2.350000000000000092e-03 -9.999970000000000248e-01 3.864070000000000005e-01 -9.223270000000000080e-01 1.825000000000000016e-03 -9.223280000000000367e-01 -3.864040000000000252e-01 1.724000000000000055e-03
1.100000000000000000e+01 4.600000000000000000e+01 3.500000000000000000e+01 0.000000000000000000e+00 1.600000000000000089e+00 -1.534999999999999906e-03 2.990000000000000036e-04 -9.999989999999999712e-01 3.858539999999999748e-01 -9.225590000000000179e-01 -8.679999999999999565e-04 -9.225579999999999892e-01 -3.858550000000000035e-01 1.301000000000000073e-03
1.700000000000000000e+01 4.600000000000000000e+01 3.500000000000000000e+01 0.000000000000000000e+00 1.600000000000000089e+00 4.640000000000000027e-04 -3.896000000000000157e-03 -9.999919999999999920e-01 3.865669999999999940e-01 -9.222540000000000182e-01 3.772999999999999878e-03 -9.222609999999999975e-01 -3.865660000000000207e-01 1.077999999999999965e-03
2.100000000000000000e+01 4.600000000000000000e+01 3.500000000000000000e+01 0.000000000000000000e+00 1.600000000000000089e+00 2.950000000000000148e-04 5.860000000000000408e-04 -1.000000000000000000e+00 3.865999999999999992e-01 -9.222470000000000390e-01 -4.260000000000000006e-04 -9.222470000000000390e-01 -3.865999999999999992e-01 -4.989999999999999861e-04
5.000000000000000000e+00 9.500000000000000000e+01 3.600000000000000000e+01 0.000000000000000000e+00 1.600000000000000089e+00 1.340000000000000045e-03 1.951999999999999916e-02 9.998089999999999478e-01 9.966030000000000166e-01 8.230600000000000416e-02 -2.942000000000000171e-03 -8.234800000000000453e-02 9.964159999999999684e-01 -1.934400000000000008e-02
1.100000000000000000e+01 9.500000000000000000e+01 3.600000000000000000e+01 0.000000000000000000e+00 1.600000000000000089e+00 3.996000000000000420e-03 -5.296000000000000360e-03 9.999780000000000335e-01 9.970630000000000326e-01 7.650700000000000556e-02 -3.579000000000000150e-03 -7.648599999999999843e-02 9.970550000000000246e-01 5.585999999999999820e-03
2.000000000000000000e+01 9.500000000000000000e+01 3.600000000000000000e+01 0.000000000000000000e+00 1.600000000000000089e+00 -4.119999999999999856e-04 9.074000000000000468e-03 9.999590000000000423e-01 9.966009999999999591e-01 8.238199999999999690e-02 -3.370000000000000057e-04 -8.238199999999999690e-02 9.965600000000000014e-01 -9.076999999999999999e-03
2.300000000000000000e+01 9.500000000000000000e+01 3.600000000000000000e+01 0.000000000000000000e+00 1.600000000000000089e+00 -9.049999999999999885e-04 1.568500000000000102e-02 9.998770000000000158e-01 9.970379999999999798e-01 7.691399999999999626e-02 -3.040000000000000167e-04 -7.690900000000000514e-02 9.969139999999999668e-01 -1.570900000000000074e-02
3.000000000000000000e+00 3.000000000000000000e+00 4.300000000000000000e+01 0.000000000000000000e+00 1.600000000000000089e+00 -1.210000000000000002e-04 1.790800000000000031e-02 -9.998399999999999510e-01 7.422480000000000189e-01 -6.700159999999999449e-01 -1.209000000000000005e-02 -6.701249999999999707e-01 -7.421299999999999564e-01 -1.321100000000000052e-02
1.100000000000000000e+01 3.000000000000000000e+00 4.300000000000000000e+01 0.000000000000000000e+00 1.600000000000000089e+00 8.100000000000000375e-05 1.417700000000000037e-02 -9.999000000000000110e-01 7.397049999999999459e-01 -6.728650000000000464e-01 -9.480000000000000579e-03 -6.729319999999999746e-01 -7.396300000000000097e-01 -1.054199999999999929e-02
2.800000000000000000e+01 3.000000000000000000e+00 4.300000000000000000e+01 0.000000000000000000e+00 1.600000000000000089e+00 8.339999999999999974e-04 7.511000000000000315e-03 -9.999710000000000543e-01 7.395639999999999992e-01 -6.730720000000000036e-01 -4.438000000000000105e-03 -6.730859999999999621e-01 -7.395389999999999464e-01 -6.115999999999999909e-03
8.000000000000000000e+00 8.000000000000000000e+00 4.400000000000000000e+01 0.000000000000000000e+00 1.600000000000000089e+00 4.270000000000000358e-03 1.483899999999999976e-02 9.998810000000000198e-01 -7.747939999999999827e-01 -6.320869999999999544e-01 1.268999999999999989e-02 6.321999999999999842e-01 -7.747560000000000002e-01 8.798000000000000265e-03
1.500000000000000000e+01 8.000000000000000000e+00 4.400000000000000000e+01 0.000000000000000000e+00 1.600000000000000089e+00 3.510000000000000208e-04 5.654000000000000171e-03 9.999839999999999840e-01 -7.793379999999999752e-01 -6.265920000000000378e-01 3.815999999999999948e-03 6.266040000000000498e-01 -7.793269999999999920e-01 4.185999999999999617e-03
2.200000000000000000e+01 8.000000000000000000e+00 4.400000000000000000e+01 0.000000000000000000e+00 1.600000000000000089e+00 3.499999999999999693e-05 -1.611000000000000019e-03 9.999989999999999712e-01 -7.819920000000000204e-01 -6.232879999999999532e-01 -9.770000000000000039e-04 6.232889999999999819e-01 -7.819909999999999917e-01 -1.281999999999999936e-03
2.600000000000000000e+01 8.000000000000000000e+00 4.400000000000000000e+01 0.000000000000000000e+00 1.600000000000000089e+00 8.809999999999999472e-04 2.423999999999999939e-03 9.999970000000000248e-01 -7.813309999999999977e-01 -6.241130000000000289e-01 2.200999999999999832e-03 6.241160000000000041e-01 -7.813299999999999690e-01 1.343999999999999926e-03
3.000000000000000000e+01 8.000000000000000000e+00 4.400000000000000000e+01 0.000000000000000000e+00 1.600000000000000089e+00 2.288000000000000103e-03 4.577000000000000339e-03 9.999869999999999592e-01 -7.838969999999999549e-01 -6.208740000000000370e-01 4.635000000000000231e-03 6.208869999999999667e-01 -7.838969999999999549e-01 2.167000000000000089e-03
2.000000000000000000e+00 2.900000000000000000e+01 4.400000000000000000e+01 0.000000000000000000e+00 1.600000000000000089e+00 2.204999999999999929e-03 3.665999999999999988e-03 -9.999909999999999632e-01 6.790739999999999554e-01 7.340579999999999883e-01 4.187999999999999882e-03 7.340670000000000250e-01 -6.790770000000000417e-01 -8.710000000000000294e-04
7.000000000000000000e+00 2.900000000000000000e+01 4.400000000000000000e+01 0.000000000000000000e+00 1.600000000000000089e+00 -1.809999999999999977e-03 4.282000000000000216e-03 -9.999890000000000168e-01 6.761200000000000543e-01 7.367890000000000272e-01 1.930999999999999991e-03 7.367890000000000272e-01 -6.761089999999999600e-01 -4.229000000000000120e-03
1.500000000000000000e+01 2.900000000000000000e+01 4.400000000000000000e+01 0.000000000000000000e+00 1.600000000000000089e+00 -4.099999999999999912e-04 2.517999999999999839e-03 -9.999970000000000248e-01 6.742369999999999752e-01 7.385140000000000038e-01 1.582999999999999989e-03 7.385150000000000325e-01 -6.742340000000000000e-01 -2.001000000000000174e-03
2.000000000000000000e+01 2.900000000000000000e+01 4.400000000000000000e+01 0.000000000000000000e+00 1.600000000000000089e+00 -7.370000000000000249e-04 2.075000000000000022e-03 -9.999980000000000535e-01 6.703729999999999967e-01 7.420240000000000169e-01 1.046000000000000055e-03 7.420240000000000169e-01 -6.703700000000000214e-01 -1.938000000000000052e-03
2.500000000000000000e+01 2.900000000000000000e+01 4.400000000000000000e+01 0.000000000000000000e+00 1.600000000000000089e+00 -3.390000000000000001e-04 -5.519999999999999733e-04 -1.000000000000000000e+00 6.723449999999999704e-01 7.402370000000000339e-01 -6.369999999999999794e-04 7.402379999999999516e-01 -6.723449999999999704e-01 1.200000000000000030e-04
2.000000000000000000e+01 5.400000000000000000e+01 4.600000000000000000e+01 0.000000000000000000e+00 1.600000000000000089e+00 -1.650999999999999907e-03 7.709999999999999840e-04 9.999980000000000535e-01 3.291040000000000076e-01 -9.442930000000000490e-01 1.270999999999999994e-03 9.442920000000000202e-01 3.291060000000000096e-01 1.304999999999999953e-03
6.000000000000000000e+00 6.500000000000000000e+01 4.600000000000000000e+01 0.000000000000000000e+00 1.600000000000000089e+00 1.598999999999999944e-03 -8.050000000000000515e-04 9.999980000000000535e-01 6.805750000000000410e-01 -7.326759999999999939e-01 -1.678000000000000021e-03 7.326770000000000227e-01 6.805769999999999875e-01 -6.239999999999999887e-04
6.000000000000000000e+00 6.000000000000000000e+00 5.100000000000000000e+01 0.000000000000000000e+00 1.600000000000000089e+00 3.014999999999999885e-03 7.426000000000000309e-03 -9.999679999999999680e-01 3.259099999999999775e-01 -9.453819999999999446e-01 -6.037999999999999964e-03 -9.453960000000000141e-01 -3.258809999999999762e-01 -5.270000000000000379e-03
1.000000000000000000e+01 6.000000000000000000e+00 5.100000000000000000e+01 0.000000000000000000e+00 1.600000000000000089e+00 4.990999999999999777e-03 8.063000000000000722e-03 -9.999550000000000383e-01 3.235089999999999910e-01 -9.462059999999999915e-01 -6.015000000000000381e-03 -9.462120000000000530e-01 -3.234639999999999738e-01 -7.330999999999999843e-03
2.400000000000000000e+01 6.000000000000000000e+00 5.100000000000000000e+01 0.000000000000000000e+00 1.600000000000000089e+00 -2.660000000000000146e-04 -2.269999999999999882e-04 -1.000000000000000000e+00 3.302930000000000033e-01 -9.438779999999999948e-01 1.269999999999999970e-04 -9.438779999999999948e-01 -3.302930000000000033e-01 3.260000000000000094e-04
6.000000000000000000e+00 7.000000000000000000e+00 5.200000000000000000e+01 0.000000000000000000e+00 1.600000000000000089e+00 4.440999999999999635e-03 6.252999999999999878e-03 -9.999710000000000543e-01 1.178919999999999968e-01 -9.930099999999999483e-01 -5.686000000000000082e-03 -9.930160000000000098e-01 -1.178639999999999965e-01 -5.146999999999999666e-03
2.000000000000000000e+00 6.300000000000000000e+01 5.400000000000000000e+01 0.000000000000000000e+00 1.600000000000000089e+00 -1.832999999999999994e-03 -2.999999999999999737e-04 9.999980000000000535e-01 -3.573720000000000230e-01 9.339619999999999589e-01 -3.750000000000000078e-04 -9.339600000000000124e-01 -3.573720000000000230e-01 -1.819000000000000087e-03
9.000000000000000000e+00 6.300000000000000000e+01 5.400000000000000000e+01 0.000000000000000000e+00 1.600000000000000089e+00 -2.599999999999999840e-05 6.800000000000000488e-04 1.000000000000000000e+00 -3.523450000000000193e-01 9.358699999999999797e-01 -6.459999999999999814e-04 -9.358699999999999797e-01 -3.523450000000000193e-01 2.159999999999999919e-04
1.300000000000000000e+01 6.300000000000000000e+01 5.400000000000000000e+01 0.000000000000000000e+00 1.600000000000000089e+00 -2.420000000000000005e-04 1.046999999999999971e-03 9.999989999999999712e-01 -3.482660000000000200e-01 9.373949999999999783e-01 -1.064999999999999974e-03 -9.373960000000000070e-01 -3.482660000000000200e-01 1.379999999999999933e-04
1.800000000000000000e+01 6.300000000000000000e+01 5.400000000000000000e+01 0.000000000000000000e+00 1.600000000000000089e+00 -1.119999999999999983e-04 1.355000000000000085e-03 9.999989999999999712e-01 -3.531770000000000187e-01 9.355550000000000255e-01 -1.307000000000000002e-03 -9.355560000000000542e-01 -3.531770000000000187e-01 3.739999999999999835e-04
