1.400000000000000000e+01 4.200000000000000000e+01 2.000000000000000000e+00 0.000000000000000000e+00 1.600000000000000089e+00 -1.874999999999999931e-03 -2.896699999999999969e-02 9.995789999999999953e-01 9.898839999999999861e-01 1.417549999999999921e-01 5.964999999999999816e-03 -1.418689999999999951e-01 9.894779999999999687e-01 2.840799999999999922e-02
1.900000000000000000e+01 4.200000000000000000e+01 2.000000000000000000e+00 0.000000000000000000e+00 1.600000000000000089e+00 -7.780999999999999722e-03 -1.464400000000000077e-02 9.998620000000000285e-01 9.879909999999999526e-01 1.541879999999999917e-01 9.946999999999999245e-03 -1.543120000000000047e-01 9.879329999999999501e-01 1.326800000000000028e-02
1.500000000000000000e+01 1.600000000000000000e+01 4.000000000000000000e+00 0.000000000000000000e+00 1.600000000000000089e+00 -3.177999999999999835e-03 1.933599999999999902e-02 9.998080000000000300e-01 3.220529999999999782e-01 -9.465240000000000320e-01 1.932899999999999896e-02 9.467160000000000020e-01 3.220520000000000049e-01 -3.219000000000000073e-03
1.800000000000000000e+01 1.600000000000000000e+01 4.000000000000000000e+00 0.000000000000000000e+00 1.600000000000000089e+00 3.268000000000000071e-03 2.626200000000000062e-02 9.996500000000000385e-01 3.224139999999999784e-01 -9.462990000000000013e-01 2.380600000000000077e-02 9.465930000000000177e-01 3.222229999999999817e-01 -1.156000000000000083e-02
2.300000000000000000e+01 1.600000000000000000e+01 4.000000000000000000e+00 0.000000000000000000e+00 1.600000000000000089e+00 -8.180000000000000422e-04 1.553700000000000046e-02 9.998789999999999623e-01 3.228730000000000211e-01 -9.463240000000000540e-01 1.496899999999999967e-02 9.464420000000000055e-01 3.228460000000000218e-01 -4.242000000000000111e-03
3.000000000000000000e+01 1.600000000000000000e+01 4.000000000000000000e+00 0.000000000000000000e+00 1.600000000000000089e+00 -6.070000000000000092e-04 1.893900000000000097e-02 9.998200000000000420e-01 3.243030000000000079e-01 -9.457799999999999541e-01 1.811199999999999963e-02 9.459530000000000438e-01 3.242550000000000154e-01 -5.568000000000000033e-03
3.000000000000000000e+00 1.010000000000000000e+02 7.000000000000000000e+00 0.000000000000000000e+00 1.600000000000000089e+00 2.882000000000000013e-03 -5.995000000000000329e-03 9.999780000000000335e-01 8.878749999999999698e-01 4.600850000000000217e-01 2.000000000000000096e-04 -4.600759999999999850e-01 8.878549999999999498e-01 6.649000000000000396e-03
2.000000000000000000e+00 1.500000000000000000e+01 8.000000000000000000e+00 0.000000000000000000e+00 1.600000000000000089e+00 9.384999999999999246e-03 1.639499999999999985e-02 -9.998219999999999885e-01 -5.741000000000000547e-01 -8.185689999999999911e-01 -1.881199999999999886e-02 -8.187309999999999865e-01 5.741739999999999622e-01 1.729999999999999984e-03
1.000000000000000000e+01 1.500000000000000000e+01 8.000000000000000000e+00 0.000000000000000000e+00 1.600000000000000089e+00 6.532999999999999745e-03 2.121800000000000075e-02 -9.997530000000000028e-01 -5.680880000000000374e-01 -8.226949999999999541e-01 -2.117300000000000085e-02 -8.229419999999999513e-01 5.680859999999999799e-01 6.679000000000000041e-03
1.500000000000000000e+01 1.500000000000000000e+01 8.000000000000000000e+00 0.000000000000000000e+00 1.600000000000000089e+00 7.323999999999999781e-03 1.507900000000000039e-02 -9.998590000000000533e-01 -5.648840000000000527e-01 -8.250039999999999596e-01 -1.657899999999999999e-02 -8.251380000000000381e-01 5.649260000000000392e-01 2.475000000000000203e-03
2.000000000000000000e+01 1.500000000000000000e+01 8.000000000000000000e+00 0.000000000000000000e+00 1.600000000000000089e+00 4.819000000000000367e-03 2.143799999999999872e-02 -9.997589999999999533e-01 -5.641610000000000236e-01 -8.254120000000000346e-01 -2.041799999999999865e-02 -8.256510000000000238e-01 5.641230000000000411e-01 8.116999999999999216e-03
1.000000000000000000e+00 2.600000000000000000e+01 8.000000000000000000e+00 0.000000000000000000e+00 1.600000000000000089e+00 -1.057300000000000080e-02 -2.005399999999999891e-02 -9.997430000000000483e-01 4.099059999999999926e-01 9.118469999999999631e-01 -2.262600000000000028e-02 9.120669999999999611e-01 -4.100389999999999868e-01 -1.420999999999999954e-03
8.000000000000000000e+00 2.600000000000000000e+01 8.000000000000000000e+00 0.000000000000000000e+00 1.600000000000000089e+00 -7.340000000000000170e-03 -2.074399999999999855e-02 -9.997580000000000355e-01 4.126369999999999760e-01 9.106319999999999970e-01 -2.192399999999999904e-02 9.108659999999999535e-01 -4.126980000000000093e-01 1.876000000000000063e-03
1.400000000000000000e+01 2.600000000000000000e+01 8.000000000000000000e+00 0.000000000000000000e+00 1.600000000000000089e+00 -5.473999999999999699e-03 -1.444699999999999977e-02 -9.998810000000000198e-01 4.174689999999999790e-01 9.085600000000000342e-01 -1.541299999999999962e-02 9.086739999999999817e-01 -4.175039999999999862e-01 1.057999999999999913e-03
2.100000000000000000e+01 2.600000000000000000e+01 8.000000000000000000e+00 0.000000000000000000e+00 1.600000000000000089e+00 -4.606999999999999984e-03 -1.899700000000000000e-02 -9.998089999999999478e-01 4.215610000000000190e-01 9.065969999999999862e-01 -1.916800000000000101e-02 9.067880000000000384e-01 -4.215690000000000270e-01 3.831999999999999903e-03
2.400000000000000000e+01 2.600000000000000000e+01 8.000000000000000000e+00 0.000000000000000000e+00 1.600000000000000089e+00 -5.200999999999999894e-03 -2.034000000000000044e-02 -9.997800000000000020e-01 4.232509999999999883e-01 9.057779999999999720e-01 -2.062900000000000150e-02 9.059979999999999700e-01 -4.232650000000000023e-01 3.897999999999999989e-03
2.700000000000000000e+01 2.600000000000000000e+01 8.000000000000000000e+00 0.000000000000000000e+00 1.600000000000000089e+00 -5.734000000000000381e-03 -2.285200000000000078e-02 -9.997219999999999995e-01 4.249249999999999972e-01 9.049329999999999874e-01 -2.312300000000000119e-02 9.052099999999999591e-01 -4.249399999999999844e-01 4.520999999999999845e-03
2.500000000000000000e+01 1.400000000000000000e+01 9.000000000000000000e+00 0.000000000000000000e+00 1.600000000000000089e+00 6.748999999999999791e-03 1.439000000000000001e-02 -9.998740000000000405e-01 -5.576370000000000493e-01 -8.299360000000000070e-01 -1.570799999999999974e-02 -8.300579999999999625e-01 5.576729999999999743e-01 2.422999999999999807e-03
2.800000000000000000e+01 1.400000000000000000e+01 9.000000000000000000e+00 0.000000000000000000e+00 1.600000000000000089e+00 5.635000000000000252e-03 1.395399999999999939e-02 -9.998869999999999703e-01 -5.562340000000000062e-01 -8.308950000000000502e-01 -1.473099999999999930e-02 -8.310070000000000512e-01 5.562540000000000262e-01 3.079999999999999839e-03
2.000000000000000000e+00 2.400000000000000000e+01 9.000000000000000000e+00 0.000000000000000000e+00 1.600000000000000089e+00 -9.525000000000000480e-03 -2.217399999999999927e-02 -9.997089999999999588e-01 4.653399999999999759e-01 8.848049999999999526e-01 -2.406000000000000152e-02 8.850810000000000066e-01 -4.654340000000000144e-01 1.889999999999999970e-03
7.000000000000000000e+00 2.400000000000000000e+01 9.000000000000000000e+00 0.000000000000000000e+00 1.600000000000000089e+00 -8.042000000000000537e-03 -2.536000000000000060e-02 -9.996460000000000345e-01 4.661350000000000215e-01 8.843259999999999454e-01 -2.618399999999999894e-02 8.846770000000000467e-01 -4.661799999999999833e-01 4.709999999999999777e-03
7.000000000000000000e+00 3.100000000000000000e+01 1.200000000000000000e+01 0.000000000000000000e+00 1.600000000000000089e+00 9.259999999999999568e-04 -1.441999999999999922e-03 9.999989999999999712e-01 9.523999999999999480e-03 9.999540000000000095e-01 1.433000000000000029e-03 -9.999540000000000095e-01 9.523000000000000215e-03 9.399999999999999719e-04
1.900000000000000000e+01 3.100000000000000000e+01 1.200000000000000000e+01 0.000000000000000000e+00 1.600000000000000089e+00 -2.982999999999999974e-03 1.412999999999999977e-03 9.999949999999999672e-01 1.523399999999999928e-02 9.998829999999999663e-01 -1.366999999999999943e-03 -9.998789999999999623e-01 1.523000000000000048e-02 -3.004000000000000160e-03
2.200000000000000000e+01 3.100000000000000000e+01 1.200000000000000000e+01 0.000000000000000000e+00 1.600000000000000089e+00 -1.955000000000000140e-03 -9.899999999999999404e-05 9.999980000000000535e-01 1.576400000000000023e-02 9.998759999999999870e-01 1.299999999999999886e-04 -9.998740000000000405e-01 1.576400000000000023e-02 -1.954000000000000008e-03
2.500000000000000000e+01 3.100000000000000000e+01 1.200000000000000000e+01 0.000000000000000000e+00 1.600000000000000089e+00 -3.970000000000000005e-04 2.400000000000000061e-04 1.000000000000000000e+00 1.475800000000000028e-02 9.998909999999999743e-01 -2.339999999999999958e-04 -9.998909999999999743e-01 1.475800000000000028e-02 -4.000000000000000192e-04
2.000000000000000000e+01 3.200000000000000000e+01 1.400000000000000000e+01 0.000000000000000000e+00 1.600000000000000089e+00 3.873999999999999840e-03 3.490000000000000263e-04 -9.999919999999999920e-01 1.219859999999999972e-01 9.925310000000000521e-01 8.180000000000000422e-04 9.925239999999999618e-01 -1.219879999999999992e-01 3.802999999999999957e-03
3.000000000000000000e+00 1.200000000000000000e+01 1.500000000000000000e+01 0.000000000000000000e+00 1.600000000000000089e+00 6.261000000000000072e-03 1.091300000000000082e-02 -9.999209999999999487e-01 -4.678950000000000053e-01 -8.836939999999999795e-01 -1.257499999999999937e-02 -8.837620000000000475e-01 4.679369999999999918e-01 -4.260000000000000006e-04
1.500000000000000000e+01 1.200000000000000000e+01 1.500000000000000000e+01 0.000000000000000000e+00 1.600000000000000089e+00 5.481999999999999894e-03 5.483000000000000027e-03 -9.999700000000000255e-01 -4.701199999999999823e-01 -8.825709999999999944e-01 -7.416999999999999982e-03 -8.825849999999999529e-01 4.701469999999999816e-01 -2.260999999999999989e-03
1.800000000000000000e+01 1.200000000000000000e+01 1.500000000000000000e+01 0.000000000000000000e+00 1.600000000000000089e+00 3.963000000000000377e-03 9.456000000000000863e-03 -9.999470000000000303e-01 -4.702319999999999833e-01 -8.824840000000000462e-01 -1.020899999999999933e-02 -8.825340000000000407e-01 4.702479999999999993e-01 9.489999999999999738e-04
2.600000000000000000e+01 1.200000000000000000e+01 1.500000000000000000e+01 0.000000000000000000e+00 1.600000000000000089e+00 4.736999999999999891e-03 4.566999999999999879e-03 -9.999780000000000335e-01 -4.682859999999999800e-01 -8.835549999999999793e-01 -6.252999999999999878e-03 -8.835640000000000160e-01 4.683050000000000268e-01 -2.046000000000000076e-03
1.000000000000000000e+01 1.160000000000000000e+02 1.600000000000000000e+01 0.000000000000000000e+00 1.600000000000000089e+00 6.049999999999999606e-04 1.879999999999999944e-03 9.999980000000000535e-01 6.692219999999999835e-01 7.430600000000000538e-01 -1.801999999999999999e-03 -7.430620000000000003e-01 6.692219999999999835e-01 -8.090000000000000403e-04
1.400000000000000000e+01 1.160000000000000000e+02 1.600000000000000000e+01 0.000000000000000000e+00 1.600000000000000089e+00 -2.599999999999999772e-04 -1.258000000000000004e-03 9.999989999999999712e-01 6.716539999999999733e-01 7.408639999999999670e-01 1.106999999999999911e-03 -7.408649999999999958e-01 6.716529999999999445e-01 6.520000000000000188e-04
4.000000000000000000e+00 2.000000000000000000e+00 1.900000000000000000e+01 0.000000000000000000e+00 1.600000000000000089e+00 -7.069999999999999462e-04 5.483000000000000027e-03 -9.999850000000000128e-01 1.713959999999999928e-01 -9.851870000000000349e-01 -5.523000000000000131e-03 -9.852020000000000222e-01 -1.713979999999999948e-01 -2.429999999999999977e-04
9.000000000000000000e+00 2.000000000000000000e+00 1.900000000000000000e+01 0.000000000000000000e+00 1.600000000000000089e+00 -1.062000000000000010e-03 9.009999999999999997e-04 -9.999989999999999712e-01 1.685869999999999869e-01 -9.856859999999999511e-01 -1.067000000000000023e-03 -9.856859999999999511e-01 -1.685879999999999879e-01 8.949999999999999623e-04
1.200000000000000000e+01 2.000000000000000000e+00 1.900000000000000000e+01 0.000000000000000000e+00 1.600000000000000089e+00 -2.299999999999999961e-03 6.409999999999999682e-04 -9.999970000000000248e-01 1.669619999999999993e-01 -9.859630000000000338e-01 -1.015999999999999976e-03 -9.859609999999999763e-01 -1.669640000000000013e-01 2.161000000000000160e-03
1.600000000000000000e+01 2.000000000000000000e+00 1.900000000000000000e+01 0.000000000000000000e+00 1.600000000000000089e+00 -1.003999999999999901e-03 -2.049999999999999956e-04 -9.999989999999999712e-01 1.672639999999999960e-01 -9.859120000000000106e-01 3.499999999999999693e-05 -9.859120000000000106e-01 -1.672639999999999960e-01 1.023999999999999954e-03
2.100000000000000000e+01 2.000000000000000000e+00 1.900000000000000000e+01 0.000000000000000000e+00 1.600000000000000089e+00 2.135000000000000179e-03 6.692000000000000032e-03 -9.999749999999999472e-01 1.699869999999999992e-01 -9.854270000000000529e-01 -6.231999999999999693e-03 -9.854439999999999866e-01 -1.699700000000000100e-01 -3.240999999999999957e-03
2.700000000000000000e+01 2.000000000000000000e+00 1.900000000000000000e+01 0.000000000000000000e+00 1.600000000000000089e+00 -1.858999999999999975e-03 -1.039999999999999936e-04 -9.999980000000000535e-01 1.690170000000000006e-01 -9.856129999999999614e-01 -2.110000000000000059e-04 -9.856110000000000149e-01 -1.690170000000000006e-01 1.850000000000000082e-03
4.000000000000000000e+00 4.000000000000000000e+00 2.000000000000000000e+01 0.000000000000000000e+00 1.600000000000000089e+00 -1.698000000000000074e-03 7.581000000000000065e-03 -9.999700000000000255e-01 2.695170000000000066e-01 -9.629640000000000422e-01 -7.758000000000000139e-03 -9.629940000000000166e-01 -2.695219999999999838e-01 -4.079999999999999968e-04
3.000000000000000000e+00 1.300000000000000000e+01 2.000000000000000000e+01 0.000000000000000000e+00 1.600000000000000089e+00 4.500000000000000283e-05 -6.326000000000000026e-03 9.999799999999999800e-01 2.575549999999999784e-01 9.662439999999999918e-01 6.100999999999999653e-03 -9.662640000000000118e-01 2.575500000000000012e-01 1.673000000000000008e-03
8.000000000000000000e+00 1.300000000000000000e+01 2.000000000000000000e+01 0.000000000000000000e+00 1.600000000000000089e+00 -5.339999999999999695e-04 -6.899999999999999667e-05 1.000000000000000000e+00 2.594139999999999779e-01 9.657660000000000133e-01 2.049999999999999956e-04 -9.657660000000000133e-01 2.594139999999999779e-01 -4.979999999999999618e-04
1.500000000000000000e+01 1.300000000000000000e+01 2.000000000000000000e+01 0.000000000000000000e+00 1.600000000000000089e+00 -6.799999999999999946e-05 -7.574000000000000003e-03 9.999710000000000543e-01 2.594770000000000132e-01 9.657219999999999693e-01 7.331999999999999976e-03 -9.657489999999999686e-01 2.594699999999999784e-01 1.899999999999999996e-03
1.900000000000000000e+01 1.300000000000000000e+01 2.000000000000000000e+01 0.000000000000000000e+00 1.600000000000000089e+00 -3.690000000000000246e-04 2.129999999999999949e-03 9.999980000000000535e-01 2.602079999999999949e-01 9.655510000000000481e-01 -1.959999999999999937e-03 -9.655529999999999946e-01 2.602059999999999929e-01 -9.100000000000000016e-04
2.300000000000000000e+01 1.300000000000000000e+01 2.000000000000000000e+01 0.000000000000000000e+00 1.600000000000000089e+00 -1.301999999999999989e-03 6.560000000000000076e-04 9.999989999999999712e-01 2.634070000000000022e-01 9.646850000000000147e-01 -2.900000000000000017e-04 -9.646839999999999860e-01 2.634059999999999735e-01 -1.428999999999999932e-03
8.000000000000000000e+00 1.600000000000000000e+01 2.100000000000000000e+01 0.000000000000000000e+00 1.600000000000000089e+00 1.029999999999999964e-04 5.571000000000000431e-03 9.999839999999999840e-01 2.965800000000000103e-01 9.549929999999999808e-01 -5.350999999999999854e-03 -9.550079999999999680e-01 2.965760000000000063e-01 -1.554000000000000043e-03
1.200000000000000000e+01 1.600000000000000000e+01 2.100000000000000000e+01 0.000000000000000000e+00 1.600000000000000089e+00 -6.890000000000000508e-04 -5.002999999999999635e-03 9.999869999999999592e-01 2.965380000000000238e-01 9.550079999999999680e-01 4.982999999999999582e-03 -9.550210000000000088e-01 2.965380000000000238e-01 8.249999999999999955e-04
1.600000000000000000e+01 1.600000000000000000e+01 2.100000000000000000e+01 0.000000000000000000e+00 1.600000000000000089e+00 -5.099999999999999960e-05 -5.361999999999999579e-03 9.999860000000000415e-01 2.967420000000000058e-01 9.549440000000000150e-01 5.135999999999999940e-03 -9.549579999999999735e-01 2.967380000000000018e-01 1.543000000000000101e-03
2.000000000000000000e+00 3.000000000000000000e+00 2.500000000000000000e+01 0.000000000000000000e+00 1.600000000000000089e+00 -4.104000000000000009e-03 1.169100000000000000e-02 9.999230000000000063e-01 -1.668899999999999897e-02 -9.997930000000000428e-01 1.162099999999999939e-02 9.998519999999999630e-01 -1.663999999999999854e-02 4.297999999999999737e-03
5.000000000000000000e+00 4.600000000000000000e+01 2.700000000000000000e+01 0.000000000000000000e+00 1.600000000000000089e+00 3.829999999999999854e-04 -5.270000000000000162e-04 -1.000000000000000000e+00 6.838560000000000194e-01 7.296169999999999600e-01 -1.219999999999999974e-04 7.296160000000000423e-01 -6.838560000000000194e-01 6.400000000000000524e-04
1.500000000000000000e+01 4.600000000000000000e+01 2.700000000000000000e+01 0.000000000000000000e+00 1.600000000000000089e+00 8.229999999999999469e-04 1.203000000000000076e-03 -9.999989999999999712e-01 6.799730000000000496e-01 7.332359999999999989e-01 1.441999999999999922e-03 7.332370000000000276e-01 -6.799730000000000496e-01 -2.149999999999999947e-04
1.700000000000000000e+01 4.600000000000000000e+01 3.000000000000000000e+01 0.000000000000000000e+00 1.600000000000000089e+00 4.189999999999999931e-04 7.999999999999999638e-06 -1.000000000000000000e+00 3.365279999999999938e-01 9.416729999999999823e-01 1.479999999999999925e-04 9.416729999999999823e-01 -3.365279999999999938e-01 3.919999999999999873e-04
2.900000000000000000e+01 4.600000000000000000e+01 3.000000000000000000e+01 0.000000000000000000e+00 1.600000000000000089e+00 -3.119999999999999944e-04 6.440000000000000412e-04 -1.000000000000000000e+00 3.356779999999999764e-01 9.419769999999999532e-01 5.010000000000000347e-04 9.419769999999999532e-01 -3.356779999999999764e-01 -5.100000000000000366e-04
6.000000000000000000e+00 5.800000000000000000e+01 3.100000000000000000e+01 0.000000000000000000e+00 1.600000000000000089e+00 6.059999999999999849e-04 3.040000000000000167e-04 1.000000000000000000e+00 -8.005870000000000486e-01 -5.992159999999999709e-01 6.679999999999999740e-04 5.992159999999999709e-01 -8.005870000000000486e-01 -1.200000000000000030e-04
1.100000000000000000e+01 5.800000000000000000e+01 3.100000000000000000e+01 0.000000000000000000e+00 1.600000000000000089e+00 2.132000000000000214e-03 4.789999999999999987e-03 9.999860000000000415e-01 -7.990530000000000133e-01 -6.012429999999999719e-01 4.584000000000000401e-03 6.012570000000000414e-01 -7.990519999999999845e-01 2.546000000000000086e-03
1.700000000000000000e+01 5.800000000000000000e+01 3.100000000000000000e+01 0.000000000000000000e+00 1.600000000000000089e+00 1.050000000000000044e-04 -1.897000000000000032e-03 9.999980000000000535e-01 -7.965130000000000265e-01 -6.046200000000000463e-01 -1.062999999999999926e-03 6.046209999999999640e-01 -7.965119999999999978e-01 -1.574000000000000095e-03
2.200000000000000000e+01 5.800000000000000000e+01 3.100000000000000000e+01 0.000000000000000000e+00 1.600000000000000089e+00 -1.600000000000000131e-04 -8.729999999999999696e-04 1.000000000000000000e+00 -7.984630000000000338e-01 -6.020429999999999948e-01 -6.539999999999999590e-04 6.020429999999999948e-01 -7.984630000000000338e-01 -6.009999999999999717e-04
2.000000000000000000e+00 4.600000000000000000e+01 3.500000000000000000e+01 0.000000000000000000e+00 1.600000000000000089e+00 -5.559999999999999621e-04 1.245000000000000013e-03 -9.999989999999999712e-01 3.853880000000000083e-01 -9.227539999999999631e-01 -1.363000000000000062e-03 -9.227549999999999919e-01 -3.853880000000000083e-01 3.300000000000000253e-05
5.000000000000000000e+00 4.600000000000000000e+01 3.500000000000000000e+01 0.000000000000000000e+00 1.600000000000000089e+00 -6.930000000000000396e-04 1.603999999999999957e-03 -9.999980000000000535e-01 3.855859999999999843e-01 -9.226699999999999902e-01 -1.747000000000000072e-03 -9.226710000000000189e-01 -3.855870000000000131e-01 2.099999999999999884e-05
9.000000000000000000e+00 4.600000000000000000e+01 3.500000000000000000e+01 0.000000000000000000e+00 1.600000000000000089e+00 -5.320000000000000293e-04 1.544999999999999932e-03 -9.999989999999999712e-01 3.864049999999999985e-01 -9.223280000000000367e-01 -1.631000000000000071e-03 -9.223289999999999544e-01 -3.864049999999999985e-01 -1.069999999999999988e-04
2.000000000000000000e+01 4.600000000000000000e+01 3.500000000000000000e+01 0.000000000000000000e+00 1.600000000000000089e+00 -1.828999999999999897e-03 5.176000000000000045e-03 -9.999850000000000128e-01 3.917760000000000131e-01 -9.200439999999999729e-01 -5.479000000000000363e-03 -9.200589999999999602e-01 -3.917800000000000171e-01 -3.460000000000000076e-04
2.300000000000000000e+01 4.600000000000000000e+01 3.500000000000000000e+01 0.000000000000000000e+00 1.600000000000000089e+00 -6.310000000000000504e-04 1.779999999999999898e-03 -9.999980000000000535e-01 3.915210000000000079e-01 -9.201669999999999572e-01 -1.884000000000000041e-03 -9.201690000000000147e-01 -3.915219999999999811e-01 -1.160000000000000007e-04
1.200000000000000000e+01 9.500000000000000000e+01 3.600000000000000000e+01 0.000000000000000000e+00 1.600000000000000089e+00 -2.286999999999999970e-03 3.000000000000000076e-05 9.999970000000000248e-01 9.970729999999999871e-01 7.641699999999999882e-02 2.278000000000000077e-03 -7.641599999999999782e-02 9.970759999999999623e-01 -2.039999999999999984e-04
1.600000000000000000e+01 9.500000000000000000e+01 3.600000000000000000e+01 0.000000000000000000e+00 1.600000000000000089e+00 -4.745000000000000086e-03 -1.810600000000000057e-02 9.998249999999999638e-01 9.968510000000000426e-01 7.905900000000000427e-02 6.163000000000000075e-03 -7.915700000000000514e-02 9.967049999999999521e-01 1.767399999999999874e-02
2.000000000000000000e+01 9.500000000000000000e+01 3.600000000000000000e+01 0.000000000000000000e+00 1.600000000000000089e+00 4.657999999999999814e-03 1.204999999999999995e-02 9.999169999999999447e-01 9.965239999999999654e-01 8.311399999999999344e-02 -5.642999999999999579e-03 -8.317499999999999893e-02 9.964669999999999916e-01 -1.162099999999999939e-02
2.400000000000000000e+01 9.500000000000000000e+01 3.600000000000000000e+01 0.000000000000000000e+00 1.600000000000000089e+00 4.161999999999999901e-03 1.916500000000000148e-02 9.998080000000000300e-01 9.967240000000000544e-01 8.067399999999999571e-02 -5.695999999999999674e-03 -8.076800000000000646e-02 9.965559999999999974e-01 -1.876600000000000143e-02
2.800000000000000000e+01 9.500000000000000000e+01 3.600000000000000000e+01 0.000000000000000000e+00 1.600000000000000089e+00 1.740000000000000010e-03 -5.980000000000000072e-04 9.999980000000000535e-01 9.972149999999999626e-01 7.455900000000000027e-02 -1.691000000000000012e-03 -7.455799999999999927e-02 9.972159999999999913e-01 7.259999999999999743e-04
3.000000000000000000e+00 3.000000000000000000e+00 4.300000000000000000e+01 0.000000000000000000e+00 1.600000000000000089e+00 -2.347999999999999827e-03 -7.865999999999999728e-03 -9.999660000000000215e-01 7.375009999999999621e-01 -6.753369999999999651e-01 3.579999999999999849e-03 -6.753419999999999979e-01 -7.374680000000000124e-01 7.387000000000000337e-03
6.000000000000000000e+00 3.000000000000000000e+00 4.300000000000000000e+01 0.000000000000000000e+00 1.600000000000000089e+00 -4.394999999999999601e-03 -2.101000000000000003e-03 -9.999879999999999880e-01 7.381450000000000511e-01 -6.746389999999999887e-01 -1.827000000000000065e-03 -6.746280000000000054e-01 -7.381440000000000223e-01 4.516000000000000049e-03
1.000000000000000000e+01 3.000000000000000000e+00 4.300000000000000000e+01 0.000000000000000000e+00 1.600000000000000089e+00 -4.460999999999999688e-03 -1.104899999999999979e-02 -9.999289999999999567e-01 7.393969999999999709e-01 -6.732569999999999943e-01 4.140999999999999716e-03 -6.732550000000000479e-01 -7.393260000000000387e-01 1.117300000000000064e-02
2.500000000000000000e+01 3.000000000000000000e+00 4.300000000000000000e+01 0.000000000000000000e+00 1.600000000000000089e+00 2.428000000000000037e-03 8.007000000000000228e-03 -9.999649999999999928e-01 7.391180000000000527e-01 -6.735670000000000268e-01 -3.599000000000000202e-03 -6.735719999999999485e-01 -7.390830000000000455e-01 -7.553999999999999951e-03
2.800000000000000000e+01 8.000000000000000000e+00 4.400000000000000000e+01 0.000000000000000000e+00 1.600000000000000089e+00 3.849999999999999798e-04 4.818000000000000234e-03 9.999879999999999880e-01 -7.860970000000000457e-01 -6.180949999999999500e-01 3.281000000000000062e-03 6.181029999999999580e-01 -7.860890000000000377e-01 3.550000000000000204e-03
6.000000000000000000e+00 2.900000000000000000e+01 4.400000000000000000e+01 0.000000000000000000e+00 1.600000000000000089e+00 -6.099000000000000254e-03 -2.028999999999999988e-03 -9.999789999999999512e-01 6.439329999999999776e-01 7.650620000000000198e-01 -5.479999999999999628e-03 7.650580000000000158e-01 -6.439529999999999976e-01 -3.359000000000000007e-03
1.100000000000000000e+01 2.900000000000000000e+01 4.400000000000000000e+01 0.000000000000000000e+00 1.600000000000000089e+00 -1.616000000000000032e-03 -1.683999999999999950e-03 -9.999970000000000248e-01 6.391850000000000032e-01 7.690489999999999826e-01 -2.328000000000000208e-03 7.690510000000000401e-01 -6.391869999999999497e-01 -1.669999999999999935e-04
2.200000000000000000e+01 2.900000000000000000e+01 4.400000000000000000e+01 0.000000000000000000e+00 1.600000000000000089e+00 4.287000000000000012e-03 3.649999999999999816e-04 -9.999909999999999632e-01 6.712110000000000021e-01 7.412600000000000300e-01 3.148000000000000190e-03 7.412539999999999685e-01 -6.712179999999999813e-01 2.932000000000000144e-03
2.700000000000000000e+01 2.900000000000000000e+01 4.400000000000000000e+01 0.000000000000000000e+00 1.600000000000000089e+00 1.427000000000000100e-03 -2.799999999999999972e-03 -9.999949999999999672e-01 6.754769999999999941e-01 7.373800000000000354e-01 -1.100999999999999982e-03 7.373800000000000354e-01 -6.754719999999999613e-01 2.944000000000000002e-03
1.400000000000000000e+01 6.000000000000000000e+00 5.100000000000000000e+01 0.000000000000000000e+00 1.600000000000000089e+00 -5.421999999999999736e-03 2.269000000000000183e-03 -9.999829999999999552e-01 3.232729999999999770e-01 -9.462979999999999725e-01 -3.899999999999999821e-03 -9.462899999999999645e-01 -3.232889999999999930e-01 4.396999999999999867e-03
1.800000000000000000e+01 7.000000000000000000e+00 5.200000000000000000e+01 0.000000000000000000e+00 1.600000000000000089e+00 -2.906000000000000163e-03 1.791000000000000057e-03 -9.999940000000000495e-01 8.887399999999999467e-02 -9.960409999999999542e-01 -2.041999999999999978e-03 -9.960390000000000077e-01 -8.887899999999999967e-02 2.735000000000000018e-03
1.100000000000000000e+01 6.300000000000000000e+01 5.400000000000000000e+01 0.000000000000000000e+00 1.600000000000000089e+00 -5.410000000000000312e-04 2.099999999999999884e-05 1.000000000000000000e+00 -3.519939999999999736e-01 9.360020000000000007e-01 -2.100000000000000087e-04 -9.360020000000000007e-01 -3.519939999999999736e-01 -4.989999999999999861e-04
1.700000000000000000e+01 6.300000000000000000e+01 5.400000000000000000e+01 0.000000000000000000e+00 1.600000000000000089e+00 1.000000000000000021e-03 -1.075000000000000001e-03 9.999989999999999712e-01 -3.528339999999999810e-01 9.356849999999999890e-01 1.358000000000000049e-03 -9.356860000000000177e-01 -3.528350000000000097e-01 5.559999999999999621e-04
2.200000000000000000e+01 6.300000000000000000e+01 5.400000000000000000e+01 0.000000000000000000e+00 1.600000000000000089e+00 -1.177000000000000095e-03 -3.029999999999999924e-04 9.999989999999999712e-01 -3.545449999999999990e-01 9.350389999999999535e-01 -1.340000000000000045e-04 -9.350380000000000358e-01 -3.545449999999999990e-01 -1.208000000000000089e-03
3.000000000000000000e+01 6.300000000000000000e+01 5.400000000000000000e+01 0.000000000000000000e+00 1.600000000000000089e+00 1.360000000000000098e-03 -2.380999999999999870e-03 9.999959999999999960e-01 -3.509599999999999942e-01 9.363869999999999694e-01 2.707000000000000205e-03 -9.363899999999999446e-01 -3.509619999999999962e-01 4.380000000000000213e-04
1.000000000000000000e+01 2.500000000000000000e+01 5.500000000000000000e+01 0.000000000000000000e+00 1.600000000000000089e+00 1.314999999999999980e-03 -1.978999999999999856e-03 -9.999970000000000248e-01 -1.272000000000000040e-02 -9.999169999999999447e-01 1.962000000000000202e-03 -9.999179999999999735e-01 1.271800000000000014e-02 -1.340000000000000045e-03
1.500000000000000000e+01 2.500000000000000000e+01 5.500000000000000000e+01 0.000000000000000000e+00 1.600000000000000089e+00 -1.149999999999999981e-03 1.536999999999999955e-03 -9.999980000000000535e-01 -1.270800000000000055e-02 -9.999179999999999735e-01 -1.523000000000000048e-03 -9.999190000000000023e-01 1.270600000000000028e-02 1.168999999999999900e-03
2.000000000000000000e+01 2.500000000000000000e+01 5.500000000000000000e+01 0.000000000000000000e+00 1.600000000000000089e+00 -7.839999999999999747e-04 -4.047000000000000250e-03 -9.999909999999999632e-01 -1.058800000000000019e-02 -9.999360000000000470e-01 4.054999999999999577e-03 -9.999440000000000550e-01 1.059099999999999972e-02 7.410000000000000137e-04
2.700000000000000000e+01 2.500000000000000000e+01 5.500000000000000000e+01 0.000000000000000000e+00 1.600000000000000089e+00 -2.339999999999999958e-04 2.344000000000000163e-03 -9.999970000000000248e-01 -1.077299999999999959e-02 -9.999390000000000223e-01 -2.341000000000000199e-03 -9.999419999999999975e-01 1.077299999999999959e-02 2.590000000000000071e-04
2.100000000000000000e+01 5.800000000000000000e+01 5.900000000000000000e+01 0.000000000000000000e+00 1.600000000000000089e+00 -2.510000000000000078e-03 -6.302999999999999575e-03 -9.999770000000000048e-01 3.820589999999999820e-01 9.241129999999999622e-01 -6.784000000000000100e-03 9.241350000000000398e-01 -3.820669999999999900e-01 8.799999999999999771e-05
2.400000000000000000e+01 6.000000000000000000e+00 6.100000000000000000e+01 0.000000000000000000e+00 1.600000000000000089e+00 4.070000000000000267e-04 1.047400000000000067e-02 9.999449999999999728e-01 5.623679999999999790e-01 -8.268440000000000234e-01 8.432000000000000259e-03 8.268870000000000386e-01 5.623340000000000005e-01 -6.226999999999999896e-03
8.000000000000000000e+00 3.000000000000000000e+00 6.300000000000000000e+01 0.000000000000000000e+00 1.600000000000000089e+00 9.929999999999999591e-04 -4.897000000000000311e-03 9.999879999999999880e-01 -6.177570000000000006e-01 7.863569999999999727e-01 4.464000000000000086e-03 -7.863689999999999847e-01 -6.177540000000000253e-01 -2.243999999999999901e-03
2.000000000000000000e+00 2.700000000000000000e+01 6.300000000000000000e+01 0.000000000000000000e+00 1.600000000000000089e+00 -4.380000000000000213e-04 9.269999999999999811e-04 1.000000000000000000e+00 -2.824459999999999749e-01 9.592829999999999968e-01 -1.013000000000000012e-03 -9.592829999999999968e-01 -2.824459999999999749e-01 -1.579999999999999916e-04
5.000000000000000000e+00 2.700000000000000000e+01 6.300000000000000000e+01 0.000000000000000000e+00 1.600000000000000089e+00 1.900000000000000105e-05 8.229999999999999469e-04 1.000000000000000000e+00 -2.827779999999999738e-01 9.591849999999999543e-01 -7.839999999999999747e-04 -9.591849999999999543e-01 -2.827779999999999738e-01 2.509999999999999753e-04
9.000000000000000000e+00 2.700000000000000000e+01 6.300000000000000000e+01 0.000000000000000000e+00 1.600000000000000089e+00 4.300000000000000165e-05 1.255000000000000039e-03 9.999989999999999712e-01 -2.836400000000000032e-01 9.589299999999999491e-01 -1.191000000000000001e-03 -9.589309999999999778e-01 -2.836400000000000032e-01 3.980000000000000248e-04
1.300000000000000000e+01 2.700000000000000000e+01 6.300000000000000000e+01 0.000000000000000000e+00 1.600000000000000089e+00 -2.849999999999999886e-04 4.565999999999999746e-03 9.999900000000000455e-01 -2.837120000000000197e-01 9.588989999999999458e-01 -4.460000000000000422e-03 -9.589100000000000401e-01 -2.837100000000000177e-01 1.021999999999999905e-03
1.800000000000000000e+01 2.700000000000000000e+01 6.300000000000000000e+01 0.000000000000000000e+00 1.600000000000000089e+00 -1.760999999999999979e-03 -2.922000000000000118e-03 9.999940000000000495e-01 -2.838879999999999737e-01 9.588550000000000129e-01 2.301999999999999793e-03 -9.588560000000000416e-01 -2.838829999999999965e-01 -2.517999999999999839e-03
2.500000000000000000e+01 2.700000000000000000e+01 6.300000000000000000e+01 0.000000000000000000e+00 1.600000000000000089e+00 4.440000000000000045e-04 -1.944999999999999897e-03 9.999980000000000535e-01 -2.815460000000000185e-01 9.595460000000000100e-01 1.991000000000000148e-03 -9.595479999999999565e-01 -2.815460000000000185e-01 -1.219999999999999974e-04
2.900000000000000000e+01 2.700000000000000000e+01 6.300000000000000000e+01 0.000000000000000000e+00 1.600000000000000089e+00 3.363999999999999803e-03 4.470000000000000015e-03 9.999839999999999840e-01 -2.823689999999999811e-01 9.593000000000000416e-01 -3.337999999999999821e-03 -9.593000000000000416e-01 -2.823530000000000206e-01 4.490000000000000067e-03
2.000000000000000000e+00 2.600000000000000000e+01 6.400000000000000000e+01 0.000000000000000000e+00 1.600000000000000089e+00 -1.810000000000000085e-04 1.825000000000000016e-03 9.999980000000000535e-01 -3.627619999999999734e-01 9.318800000000000416e-01 -1.765999999999999992e-03 -9.318819999999999881e-01 -3.627619999999999734e-01 4.929999999999999487e-04
9.000000000000000000e+00 2.600000000000000000e+01 6.400000000000000000e+01 0.000000000000000000e+00 1.600000000000000089e+00 1.810000000000000085e-04 1.559999999999999972e-03 9.999989999999999712e-01 -3.639490000000000225e-01 9.314179999999999682e-01 -1.386999999999999995e-03 -9.314189999999999969e-01 -3.639479999999999937e-01 7.360000000000000006e-04
1.300000000000000000e+01 2.600000000000000000e+01 6.400000000000000000e+01 0.000000000000000000e+00 1.600000000000000089e+00 -8.239999999999999712e-04 3.981000000000000164e-03 9.999919999999999920e-01 -3.649020000000000041e-01 9.310370000000000035e-01 -4.008000000000000278e-03 -9.310460000000000402e-01 -3.649020000000000041e-01 6.849999999999999535e-04
1.700000000000000000e+01 2.600000000000000000e+01 6.400000000000000000e+01 0.000000000000000000e+00 1.600000000000000089e+00 -2.455999999999999850e-03 -1.500000000000000031e-03 9.999959999999999960e-01 -3.669780000000000264e-01 9.302289999999999726e-01 4.939999999999999730e-04 -9.302259999999999973e-01 -3.669760000000000244e-01 -2.834999999999999847e-03
2.500000000000000000e+01 2.600000000000000000e+01 6.400000000000000000e+01 0.000000000000000000e+00 1.600000000000000089e+00 9.139999999999999904e-04 -2.955000000000000161e-03 9.999949999999999672e-01 -3.666960000000000219e-01 9.303360000000000518e-01 3.085000000000000069e-03 -9.303399999999999448e-01 -3.666969999999999952e-01 -2.329999999999999986e-04
2.800000000000000000e+01 2.600000000000000000e+01 6.400000000000000000e+01 0.000000000000000000e+00 1.600000000000000089e+00 2.890000000000000208e-03 3.397999999999999979e-03 9.999900000000000455e-01 -3.666920000000000179e-01 9.303399999999999448e-01 -2.102000000000000136e-03 -9.303379999999999983e-01 -3.666820000000000079e-01 3.935000000000000130e-03
1.100000000000000000e+01 6.900000000000000000e+01 6.600000000000000000e+01 0.000000000000000000e+00 1.600000000000000089e+00 -1.330000000000000019e-03 -9.859999999999998974e-04 9.999989999999999712e-01 -9.502059999999999951e-01 3.116209999999999813e-01 -9.569999999999999514e-04 -3.116200000000000081e-01 -9.502059999999999951e-01 -1.351999999999999903e-03
2.700000000000000000e+01 6.900000000000000000e+01 6.600000000000000000e+01 0.000000000000000000e+00 1.600000000000000089e+00 5.706000000000000134e-03 -1.477999999999999930e-03 9.999829999999999552e-01 -9.491819999999999702e-01 3.146720000000000073e-01 5.882000000000000076e-03 -3.146749999999999825e-01 -9.491990000000000149e-01 3.930000000000000117e-04
2.000000000000000000e+00 2.500000000000000000e+01 7.300000000000000000e+01 0.000000000000000000e+00 1.600000000000000089e+00 -2.262000000000000122e-03 -1.106999999999999911e-03 9.999970000000000248e-01 7.550820000000000309e-01 -6.556300000000000461e-01 9.820000000000000170e-04 6.556260000000000421e-01 7.550820000000000309e-01 2.318000000000000182e-03
6.000000000000000000e+00 2.500000000000000000e+01 7.300000000000000000e+01 0.000000000000000000e+00 1.600000000000000089e+00 1.949999999999999965e-04 9.640000000000000131e-04 1.000000000000000000e+00 7.543130000000000113e-01 -6.565149999999999597e-01 4.859999999999999954e-04 6.565149999999999597e-01 7.543119999999999825e-01 -8.549999999999999658e-04
1.400000000000000000e+01 2.500000000000000000e+01 7.300000000000000000e+01 0.000000000000000000e+00 1.600000000000000089e+00 9.340000000000000429e-04 -1.108999999999999960e-03 9.999989999999999712e-01 7.532529999999999504e-01 -6.577290000000000081e-01 -1.433000000000000029e-03 6.577300000000000368e-01 7.532539999999999791e-01 2.210000000000000050e-04
2.100000000000000000e+01 2.500000000000000000e+01 7.300000000000000000e+01 0.000000000000000000e+00 1.600000000000000089e+00 1.119999999999999983e-04 4.296000000000000339e-03 9.999909999999999632e-01 7.540829999999999478e-01 -6.567730000000000512e-01 2.736999999999999850e-03 6.567790000000000017e-01 7.540759999999999685e-01 -3.314000000000000105e-03
2.600000000000000000e+01 2.500000000000000000e+01 7.300000000000000000e+01 0.000000000000000000e+00 1.600000000000000089e+00 1.500000000000000038e-05 1.423999999999999919e-03 9.999989999999999712e-01 7.528070000000000039e-01 -6.582400000000000473e-01 9.259999999999999568e-04 6.582409999999999650e-01 7.528059999999999752e-01 -1.080999999999999930e-03
3.000000000000000000e+01 2.500000000000000000e+01 7.300000000000000000e+01 0.000000000000000000e+00 1.600000000000000089e+00 2.220999999999999884e-03 4.164000000000000166e-03 9.999890000000000168e-01 7.516659999999999453e-01 -6.595440000000000191e-01 1.075999999999999917e-03 6.595410000000000439e-01 7.516549999999999621e-01 -4.595000000000000126e-03
3.000000000000000000e+00 4.400000000000000000e+01 7.300000000000000000e+01 0.000000000000000000e+00 1.600000000000000089e+00 1.361000000000000014e-03 3.984999999999999827e-03 9.999909999999999632e-01 5.081600000000000006e-02 -9.987000000000000322e-01 3.910000000000000281e-03 9.987070000000000114e-01 5.081100000000000200e-02 -1.561000000000000104e-03
7.000000000000000000e+00 4.400000000000000000e+01 7.300000000000000000e+01 0.000000000000000000e+00 1.600000000000000089e+00 3.919999999999999873e-04 -1.776999999999999934e-03 9.999980000000000535e-01 5.143600000000000255e-02 -9.986749999999999794e-01 -1.794999999999999938e-03 9.986760000000000081e-01 5.143699999999999661e-02 -2.999999999999999737e-04
1.400000000000000000e+01 4.400000000000000000e+01 7.300000000000000000e+01 0.000000000000000000e+00 1.600000000000000089e+00 -2.059999999999999928e-04 -1.858999999999999975e-03 9.999980000000000535e-01 5.252799999999999830e-02 -9.986180000000000057e-01 -1.845000000000000069e-03 9.986190000000000344e-01 5.252699999999999730e-02 3.040000000000000167e-04
