2.000000000000000000e+00 1.500000000000000000e+01 4.000000000000000000e+00 0.000000000000000000e+00 1.600000000000000089e+00 -8.660000000000000163e-04 1.080599999999999963e-02 9.999409999999999688e-01 3.223750000000000226e-01 -9.465540000000000065e-01 1.050799999999999998e-02 9.466120000000000090e-01 3.223650000000000126e-01 -2.664000000000000135e-03
6.000000000000000000e+00 1.500000000000000000e+01 4.000000000000000000e+00 0.000000000000000000e+00 1.600000000000000089e+00 1.095999999999999969e-03 1.262600000000000007e-02 9.999200000000000310e-01 3.199830000000000174e-01 -9.473519999999999719e-01 1.161200000000000079e-02 9.474230000000000151e-01 3.199449999999999794e-01 -5.078000000000000048e-03
1.500000000000000000e+01 1.500000000000000000e+01 4.000000000000000000e+00 0.000000000000000000e+00 1.600000000000000089e+00 2.219000000000000052e-03 9.318999999999999159e-03 9.999540000000000095e-01 3.183570000000000011e-01 -9.479360000000000008e-01 8.127999999999999808e-03 9.479680000000000328e-01 3.183250000000000246e-01 -5.069999999999999854e-03
2.700000000000000000e+01 1.500000000000000000e+01 4.000000000000000000e+00 0.000000000000000000e+00 1.600000000000000089e+00 -1.216999999999999983e-03 -3.596999999999999937e-03 9.999930000000000208e-01 3.208690000000000153e-01 -9.471190000000000442e-01 -3.017000000000000150e-03 9.471230000000000482e-01 3.208630000000000093e-01 2.307000000000000023e-03
1.300000000000000000e+01 7.400000000000000000e+01 4.000000000000000000e+00 0.000000000000000000e+00 1.600000000000000089e+00 -8.809040000000000203e-01 -3.781860000000000221e-01 2.845770000000000244e-01 -3.999030000000000085e-01 9.163360000000000394e-01 -2.013799999999999965e-02 -2.531519999999999881e-01 -1.315429999999999933e-01 -9.584420000000000162e-01
8.000000000000000000e+00 1.010000000000000000e+02 7.000000000000000000e+00 0.000000000000000000e+00 1.600000000000000089e+00 -1.559999999999999972e-03 -1.068500000000000005e-02 9.999419999999999975e-01 8.829099999999999726e-01 4.694989999999999997e-01 6.394000000000000378e-03 -4.695400000000000129e-01 8.828679999999999861e-01 8.701000000000000401e-03
1.500000000000000000e+01 1.010000000000000000e+02 7.000000000000000000e+00 0.000000000000000000e+00 1.600000000000000089e+00 2.830000000000000050e-03 -3.848599999999999938e-02 9.992550000000000043e-01 8.846960000000000379e-01 4.659130000000000216e-01 1.543899999999999960e-02 -4.661600000000000188e-01 8.839930000000000287e-01 3.536700000000000260e-02
2.000000000000000000e+01 1.010000000000000000e+02 7.000000000000000000e+00 0.000000000000000000e+00 1.600000000000000089e+00 5.000000000000000240e-05 -2.982699999999999935e-02 9.995549999999999713e-01 8.853799999999999448e-01 4.646629999999999927e-01 1.382199999999999922e-02 -4.648689999999999767e-01 8.849850000000000216e-01 2.643200000000000063e-02
2.000000000000000000e+00 2.500000000000000000e+01 8.000000000000000000e+00 0.000000000000000000e+00 1.600000000000000089e+00 -3.759000000000000188e-03 -8.137000000000000136e-03 -9.999599999999999600e-01 4.480859999999999843e-01 8.939460000000000184e-01 -8.958000000000000684e-03 8.939820000000000544e-01 -4.481020000000000003e-01 2.860000000000000129e-04
6.000000000000000000e+00 2.500000000000000000e+01 8.000000000000000000e+00 0.000000000000000000e+00 1.600000000000000089e+00 -2.239999999999999804e-03 -4.557000000000000287e-03 -9.999869999999999592e-01 4.490089999999999915e-01 8.935130000000000017e-01 -5.078000000000000048e-03 8.935250000000000137e-01 -4.490140000000000242e-01 4.500000000000000283e-05
1.100000000000000000e+01 2.500000000000000000e+01 8.000000000000000000e+00 0.000000000000000000e+00 1.600000000000000089e+00 -2.105999999999999799e-03 -8.286999999999999228e-03 -9.999630000000000463e-01 4.494469999999999854e-01 8.932679999999999509e-01 -8.349000000000000518e-03 8.933050000000000157e-01 -4.494480000000000142e-01 1.843000000000000020e-03
1.900000000000000000e+01 2.500000000000000000e+01 8.000000000000000000e+00 0.000000000000000000e+00 1.600000000000000089e+00 -2.700000000000000035e-04 -2.364000000000000216e-03 -9.999970000000000248e-01 4.533980000000000232e-01 8.913060000000000427e-01 -2.229000000000000078e-03 8.913079999999999892e-01 -4.533969999999999945e-01 8.310000000000000329e-04
2.500000000000000000e+01 2.500000000000000000e+01 8.000000000000000000e+00 0.000000000000000000e+00 1.600000000000000089e+00 -6.549999999999999833e-04 1.239000000000000084e-03 -9.999989999999999712e-01 4.521390000000000131e-01 8.919470000000000454e-01 8.090000000000000403e-04 8.919470000000000454e-01 -4.521379999999999844e-01 -1.144000000000000052e-03
2.000000000000000000e+00 2.400000000000000000e+01 9.000000000000000000e+00 0.000000000000000000e+00 1.600000000000000089e+00 -3.710999999999999889e-03 -8.597000000000000475e-03 -9.999559999999999560e-01 4.511169999999999902e-01 8.924159999999999870e-01 -9.346000000000000141e-03 8.924569999999999448e-01 -4.511310000000000042e-01 5.659999999999999884e-04
7.000000000000000000e+00 2.400000000000000000e+01 9.000000000000000000e+00 0.000000000000000000e+00 1.600000000000000089e+00 -1.626999999999999974e-03 -4.826999999999999694e-03 -9.999869999999999592e-01 4.518949999999999911e-01 8.920569999999999888e-01 -5.041999999999999607e-03 8.920700000000000296e-01 -4.518969999999999931e-01 7.299999999999999632e-04
1.200000000000000000e+01 2.400000000000000000e+01 9.000000000000000000e+00 0.000000000000000000e+00 1.600000000000000089e+00 -2.001999999999999873e-03 -1.090600000000000076e-02 -9.999390000000000223e-01 4.517120000000000024e-01 8.921000000000000041e-01 -1.063399999999999936e-02 8.921609999999999818e-01 -4.517059999999999964e-01 3.141000000000000129e-03
1.600000000000000000e+01 2.400000000000000000e+01 9.000000000000000000e+00 0.000000000000000000e+00 1.600000000000000089e+00 -1.459000000000000010e-03 -8.115999999999999950e-03 -9.999660000000000215e-01 4.546850000000000058e-01 8.906180000000000208e-01 -7.891999999999999710e-03 8.906509999999999705e-01 -4.546810000000000018e-01 2.390000000000000197e-03
1.900000000000000000e+01 2.400000000000000000e+01 9.000000000000000000e+00 0.000000000000000000e+00 1.600000000000000089e+00 -1.659999999999999963e-04 -1.876999999999999979e-03 -9.999980000000000535e-01 4.562700000000000089e-01 8.898399999999999643e-01 -1.745999999999999939e-03 8.898409999999999931e-01 -4.562700000000000089e-01 7.089999999999999948e-04
2.800000000000000000e+01 2.400000000000000000e+01 9.000000000000000000e+00 0.000000000000000000e+00 1.600000000000000089e+00 -7.479999999999999670e-04 3.736000000000000171e-03 -9.999930000000000208e-01 4.552390000000000048e-01 8.903640000000000443e-01 2.985999999999999939e-03 8.903689999999999660e-01 -4.552329999999999988e-01 -2.366000000000000048e-03
1.000000000000000000e+01 3.100000000000000000e+01 1.200000000000000000e+01 0.000000000000000000e+00 1.600000000000000089e+00 1.050000000000000044e-04 -1.853999999999999962e-03 9.999980000000000535e-01 -1.326500000000000075e-02 9.999099999999999655e-01 1.855000000000000095e-03 -9.999120000000000230e-01 -1.326500000000000075e-02 8.100000000000000375e-05
2.600000000000000000e+01 3.100000000000000000e+01 1.200000000000000000e+01 0.000000000000000000e+00 1.600000000000000089e+00 -3.179999999999999776e-04 -2.720999999999999894e-03 9.999959999999999960e-01 -1.667400000000000132e-02 9.998569999999999958e-01 2.714999999999999965e-03 -9.998609999999999998e-01 -1.667300000000000032e-02 -3.629999999999999872e-04
8.000000000000000000e+00 3.500000000000000000e+01 1.200000000000000000e+01 0.000000000000000000e+00 1.600000000000000089e+00 -9.799999999999999684e-05 -5.571999999999999696e-03 -9.999850000000000128e-01 4.933699999999999752e-01 -8.698069999999999968e-01 4.798000000000000181e-03 -8.698200000000000376e-01 -4.933620000000000227e-01 2.834000000000000147e-03
1.400000000000000000e+01 3.500000000000000000e+01 1.200000000000000000e+01 0.000000000000000000e+00 1.600000000000000089e+00 1.833999999999999910e-03 -2.781000000000000052e-03 -9.999940000000000495e-01 4.802500000000000102e-01 -8.771250000000000435e-01 3.320000000000000034e-03 -8.771299999999999653e-01 -4.802540000000000142e-01 -2.739999999999999923e-04
1.800000000000000000e+01 3.500000000000000000e+01 1.200000000000000000e+01 0.000000000000000000e+00 1.600000000000000089e+00 1.543000000000000101e-03 -8.073000000000000315e-03 -9.999660000000000215e-01 4.710489999999999955e-01 -8.820719999999999672e-01 7.848000000000000809e-03 -8.821059999999999457e-01 -4.710449999999999915e-01 2.442000000000000160e-03
2.100000000000000000e+01 3.500000000000000000e+01 1.200000000000000000e+01 0.000000000000000000e+00 1.600000000000000089e+00 2.900000000000000017e-04 -5.680000000000000153e-03 -9.999839999999999840e-01 4.652470000000000216e-01 -8.851660000000000084e-01 5.163000000000000055e-03 -8.851809999999999956e-01 -4.652410000000000156e-01 2.386000000000000100e-03
2.500000000000000000e+01 3.500000000000000000e+01 1.200000000000000000e+01 0.000000000000000000e+00 1.600000000000000089e+00 -6.759999999999999516e-04 -2.141999999999999807e-03 -9.999970000000000248e-01 4.580580000000000207e-01 -8.889209999999999612e-01 1.593999999999999931e-03 -8.889219999999999899e-01 -4.580549999999999899e-01 1.582000000000000073e-03
3.000000000000000000e+01 3.500000000000000000e+01 1.200000000000000000e+01 0.000000000000000000e+00 1.600000000000000089e+00 2.409000000000000117e-03 -1.420000000000000038e-03 -9.999959999999999960e-01 4.551729999999999943e-01 -8.903999999999999693e-01 2.360999999999999818e-03 -8.903999999999999693e-01 -4.551769999999999983e-01 -1.498999999999999898e-03
1.100000000000000000e+01 7.300000000000000000e+01 1.300000000000000000e+01 0.000000000000000000e+00 1.600000000000000089e+00 -9.140249999999999764e-01 -2.217379999999999907e-01 3.396919999999999940e-01 -3.369599999999999818e-01 8.812600000000000433e-01 -3.314210000000000211e-01 -2.258680000000000132e-01 -4.173890000000000100e-01 -8.802100000000000479e-01
1.700000000000000000e+01 3.200000000000000000e+01 1.400000000000000000e+01 0.000000000000000000e+00 1.600000000000000089e+00 2.635000000000000189e-03 2.524999999999999901e-03 -9.999930000000000208e-01 1.032560000000000006e-01 9.946509999999999518e-01 2.784000000000000016e-03 9.946509999999999518e-01 -1.032620000000000066e-01 2.360000000000000119e-03
2.000000000000000000e+01 3.200000000000000000e+01 1.400000000000000000e+01 0.000000000000000000e+00 1.600000000000000089e+00 6.049999999999999606e-04 5.140000000000000254e-04 -1.000000000000000000e+00 1.037180000000000046e-01 9.946070000000000189e-01 5.739999999999999660e-04 9.946059999999999901e-01 -1.037190000000000056e-01 5.490000000000000088e-04
2.800000000000000000e+01 1.160000000000000000e+02 1.600000000000000000e+01 0.000000000000000000e+00 1.600000000000000089e+00 2.544999999999999953e-03 5.237999999999999601e-03 9.999829999999999552e-01 7.373220000000000329e-01 6.755200000000000093e-01 -5.414999999999999675e-03 -6.755360000000000253e-01 7.373239999999999794e-01 -2.142999999999999940e-03
3.000000000000000000e+00 2.000000000000000000e+00 1.900000000000000000e+01 0.000000000000000000e+00 1.600000000000000089e+00 2.583999999999999925e-03 1.749300000000000160e-02 -9.998439999999999550e-01 2.021759999999999946e-01 -9.792079999999999673e-01 -1.660899999999999876e-02 -9.793460000000000498e-01 -2.021020000000000039e-01 -6.066000000000000211e-03
6.000000000000000000e+00 2.000000000000000000e+00 1.900000000000000000e+01 0.000000000000000000e+00 1.600000000000000089e+00 1.291000000000000047e-03 2.520999999999999977e-02 -9.996810000000000418e-01 1.975119999999999931e-01 -9.799949999999999495e-01 -2.445900000000000157e-02 -9.802999999999999492e-01 -1.974170000000000091e-01 -6.244000000000000418e-03
1.300000000000000000e+01 2.000000000000000000e+00 1.900000000000000000e+01 0.000000000000000000e+00 1.600000000000000089e+00 -3.155999999999999951e-03 1.517800000000000052e-02 -9.998799999999999910e-01 1.855360000000000065e-01 -9.825150000000000272e-01 -1.549999999999999989e-02 -9.826319999999999499e-01 -1.855630000000000057e-01 2.840000000000000185e-04
1.700000000000000000e+01 2.000000000000000000e+00 1.900000000000000000e+01 0.000000000000000000e+00 1.600000000000000089e+00 -2.886000000000000110e-03 1.641600000000000004e-02 -9.998609999999999998e-01 1.850600000000000023e-01 -9.825859999999999594e-01 -1.666700000000000126e-02 -9.827230000000000132e-01 -1.850819999999999965e-01 -2.030000000000000012e-04
2.400000000000000000e+01 2.000000000000000000e+00 1.900000000000000000e+01 0.000000000000000000e+00 1.600000000000000089e+00 -1.074000000000000085e-03 2.413000000000000214e-03 -9.999970000000000248e-01 1.752400000000000069e-01 -9.845220000000000082e-01 -2.563999999999999873e-03 -9.845249999999999835e-01 -1.752420000000000089e-01 6.340000000000000149e-04
2.900000000000000000e+01 2.000000000000000000e+00 1.900000000000000000e+01 0.000000000000000000e+00 1.600000000000000089e+00 -2.259999999999999910e-04 4.166000000000000432e-03 -9.999909999999999632e-01 1.684160000000000101e-01 -9.857069999999999999e-01 -4.145000000000000247e-03 -9.857160000000000366e-01 -1.684150000000000091e-01 -4.789999999999999879e-04
3.000000000000000000e+00 4.000000000000000000e+00 2.000000000000000000e+01 0.000000000000000000e+00 1.600000000000000089e+00 1.994000000000000113e-03 1.646900000000000100e-02 -9.998620000000000285e-01 3.179100000000000259e-01 -9.480020000000000113e-01 -1.498099999999999953e-02 -9.481190000000000451e-01 -3.178369999999999806e-01 -7.126000000000000389e-03
2.500000000000000000e+01 4.000000000000000000e+00 2.000000000000000000e+01 0.000000000000000000e+00 1.600000000000000089e+00 -1.469999999999999953e-03 2.981000000000000143e-03 -9.999940000000000495e-01 2.593280000000000030e-01 -9.657839999999999758e-01 -3.259999999999999877e-03 -9.657879999999999798e-01 -2.593309999999999782e-01 6.470000000000000057e-04
2.000000000000000000e+00 1.300000000000000000e+01 2.000000000000000000e+01 0.000000000000000000e+00 1.600000000000000089e+00 8.009999999999999542e-04 4.995999999999999573e-03 9.999869999999999592e-01 2.676930000000000143e-01 9.634909999999999863e-01 -5.028000000000000351e-03 -9.635040000000000271e-01 2.676930000000000143e-01 -5.649999999999999641e-04
5.000000000000000000e+00 1.300000000000000000e+01 2.000000000000000000e+01 0.000000000000000000e+00 1.600000000000000089e+00 1.968999999999999830e-03 8.137000000000000136e-03 9.999649999999999928e-01 2.650830000000000131e-01 9.641889999999999628e-01 -8.368000000000000438e-03 -9.642239999999999700e-01 2.650899999999999923e-01 -2.579999999999999828e-04
1.100000000000000000e+01 1.300000000000000000e+01 2.000000000000000000e+01 0.000000000000000000e+00 1.600000000000000089e+00 3.110000000000000243e-04 -2.788999999999999813e-03 9.999959999999999960e-01 2.604739999999999833e-01 9.654770000000000296e-01 2.612000000000000172e-03 -9.654810000000000336e-01 2.604719999999999813e-01 1.026999999999999918e-03
1.500000000000000000e+01 1.300000000000000000e+01 2.000000000000000000e+01 0.000000000000000000e+00 1.600000000000000089e+00 1.595999999999999979e-03 8.299999999999999815e-05 9.999989999999999712e-01 2.596729999999999872e-01 9.656970000000000276e-01 -4.939999999999999730e-04 -9.656949999999999701e-01 2.596729999999999872e-01 1.520000000000000084e-03
1.800000000000000000e+01 1.300000000000000000e+01 2.000000000000000000e+01 0.000000000000000000e+00 1.600000000000000089e+00 1.755000000000000050e-03 3.467000000000000030e-03 9.999919999999999920e-01 2.573059999999999792e-01 9.663230000000000430e-01 -3.801999999999999824e-03 -9.663279999999999648e-01 2.573110000000000119e-01 8.030000000000000028e-04
2.300000000000000000e+01 1.300000000000000000e+01 2.000000000000000000e+01 0.000000000000000000e+00 1.600000000000000089e+00 1.374000000000000004e-03 -6.700000000000000226e-05 9.999989999999999712e-01 2.555620000000000114e-01 9.667930000000000135e-01 -2.860000000000000129e-04 -9.667919999999999847e-01 2.555629999999999846e-01 1.345000000000000058e-03
2.900000000000000000e+01 1.300000000000000000e+01 2.000000000000000000e+01 0.000000000000000000e+00 1.600000000000000089e+00 -6.009999999999999717e-04 1.239000000000000084e-03 9.999989999999999712e-01 2.522750000000000270e-01 9.676550000000000429e-01 -1.046999999999999971e-03 -9.676550000000000429e-01 2.522739999999999982e-01 -8.949999999999999623e-04
1.900000000000000000e+01 1.600000000000000000e+01 2.100000000000000000e+01 0.000000000000000000e+00 1.600000000000000089e+00 1.910000000000000022e-03 3.774000000000000011e-03 9.999909999999999632e-01 2.998279999999999834e-01 9.539840000000000542e-01 -4.172999999999999626e-03 -9.539910000000000334e-01 2.998339999999999894e-01 6.899999999999999667e-04
2.300000000000000000e+01 1.600000000000000000e+01 2.100000000000000000e+01 0.000000000000000000e+00 1.600000000000000089e+00 1.711999999999999980e-03 -4.859999999999999954e-04 9.999980000000000535e-01 2.994569999999999732e-01 9.541100000000000136e-01 -4.899999999999999842e-05 -9.541079999999999561e-01 2.994569999999999732e-01 1.778999999999999982e-03
3.000000000000000000e+00 3.000000000000000000e+00 2.500000000000000000e+01 0.000000000000000000e+00 1.600000000000000089e+00 2.794000000000000043e-03 1.623899999999999996e-02 9.998639999999999750e-01 -9.245299999999999352e-02 -9.955819999999999670e-01 1.642800000000000163e-02 9.957129999999999592e-01 -9.248699999999999977e-02 -1.280000000000000105e-03
6.000000000000000000e+00 3.000000000000000000e+00 2.500000000000000000e+01 0.000000000000000000e+00 1.600000000000000089e+00 3.807000000000000054e-03 1.799200000000000105e-02 9.998310000000000253e-01 -8.782800000000000329e-02 -9.959679999999999644e-01 1.825699999999999892e-02 9.961280000000000134e-01 -8.788300000000000278e-02 -2.211999999999999991e-03
1.200000000000000000e+01 3.000000000000000000e+00 2.500000000000000000e+01 0.000000000000000000e+00 1.600000000000000089e+00 3.869000000000000043e-03 1.874400000000000024e-02 9.998169999999999558e-01 -6.959300000000000208e-02 -9.973950000000000315e-01 1.896799999999999875e-02 9.975680000000000103e-01 -6.965300000000000658e-02 -2.554999999999999979e-03
1.500000000000000000e+01 3.000000000000000000e+00 2.500000000000000000e+01 0.000000000000000000e+00 1.600000000000000089e+00 4.270000000000000358e-03 1.907999999999999974e-02 9.998089999999999478e-01 -6.287099999999999633e-02 -9.978350000000000275e-01 1.931099999999999831e-02 9.980130000000000390e-01 -6.294099999999999695e-02 -3.060999999999999919e-03
1.900000000000000000e+01 3.000000000000000000e+00 2.500000000000000000e+01 0.000000000000000000e+00 1.600000000000000089e+00 3.413999999999999934e-03 1.137799999999999923e-02 9.999289999999999567e-01 -4.837700000000000333e-02 -9.987629999999999564e-01 1.153000000000000032e-02 9.988230000000000164e-01 -4.841299999999999770e-02 -2.860000000000000129e-03
3.000000000000000000e+00 4.600000000000000000e+01 2.700000000000000000e+01 0.000000000000000000e+00 1.600000000000000089e+00 -9.049999999999999885e-04 -1.935000000000000088e-03 -9.999980000000000535e-01 6.676410000000000400e-01 7.444809999999999484e-01 -2.044999999999999943e-03 7.444830000000000059e-01 -6.676410000000000400e-01 6.179999999999999513e-04
1.400000000000000000e+01 4.600000000000000000e+01 2.700000000000000000e+01 0.000000000000000000e+00 1.600000000000000089e+00 -2.030000000000000012e-04 1.679999999999999907e-04 -1.000000000000000000e+00 6.637690000000000534e-01 7.479369999999999630e-01 -9.000000000000000228e-06 7.479369999999999630e-01 -6.637690000000000534e-01 -2.640000000000000202e-04
2.500000000000000000e+01 4.600000000000000000e+01 2.700000000000000000e+01 0.000000000000000000e+00 1.600000000000000089e+00 -7.569999999999999689e-04 9.120000000000000502e-04 -9.999989999999999712e-01 6.658629999999999827e-01 7.460740000000000149e-01 1.759999999999999954e-04 7.460729999999999862e-01 -6.658629999999999827e-01 -1.172000000000000082e-03
8.000000000000000000e+00 4.600000000000000000e+01 3.000000000000000000e+01 0.000000000000000000e+00 1.600000000000000089e+00 6.539999999999999590e-04 9.539999999999999869e-04 -9.999989999999999712e-01 3.201910000000000034e-01 9.473519999999999719e-01 1.113000000000000057e-03 9.473530000000000006e-01 -3.201919999999999766e-01 3.139999999999999888e-04
1.500000000000000000e+01 4.600000000000000000e+01 3.000000000000000000e+01 0.000000000000000000e+00 1.600000000000000089e+00 2.500000000000000120e-05 3.800000000000000209e-05 -1.000000000000000000e+00 3.209609999999999963e-01 9.470929999999999627e-01 4.399999999999999886e-05 9.470929999999999627e-01 -3.209609999999999963e-01 1.200000000000000030e-05
2.700000000000000000e+01 4.600000000000000000e+01 3.000000000000000000e+01 0.000000000000000000e+00 1.600000000000000089e+00 1.659999999999999963e-04 6.310000000000000504e-04 -1.000000000000000000e+00 3.257439999999999780e-01 9.454580000000000206e-01 6.499999999999999702e-04 9.454580000000000206e-01 -3.257439999999999780e-01 -4.800000000000000122e-05
4.000000000000000000e+00 5.800000000000000000e+01 3.100000000000000000e+01 0.000000000000000000e+00 1.600000000000000089e+00 -2.180000000000000134e-04 -3.219000000000000073e-03 9.999949999999999672e-01 -7.938969999999999638e-01 -6.080480000000000329e-01 -2.129999999999999949e-03 6.080520000000000369e-01 -7.938929999999999598e-01 -2.422999999999999807e-03
9.000000000000000000e+00 5.800000000000000000e+01 3.100000000000000000e+01 0.000000000000000000e+00 1.600000000000000089e+00 5.133000000000000410e-03 4.061000000000000373e-03 9.999789999999999512e-01 -7.858150000000000412e-01 -6.184269999999999490e-01 6.544999999999999603e-03 6.184399999999999897e-01 -7.858319999999999750e-01 1.699999999999999987e-05
1.500000000000000000e+01 5.800000000000000000e+01 3.100000000000000000e+01 0.000000000000000000e+00 1.600000000000000089e+00 1.516999999999999902e-03 9.529999999999999626e-04 9.999980000000000535e-01 -7.787889999999999535e-01 -6.272839999999999527e-01 1.778999999999999982e-03 6.272839999999999527e-01 -7.787899999999999823e-01 -2.090000000000000115e-04
1.900000000000000000e+01 5.800000000000000000e+01 3.100000000000000000e+01 0.000000000000000000e+00 1.600000000000000089e+00 5.466999999999999638e-03 6.648000000000000263e-03 9.999630000000000463e-01 -7.753470000000000084e-01 -6.314790000000000125e-01 8.437000000000000055e-03 6.315119999999999623e-01 -7.753640000000000532e-01 1.701999999999999954e-03
2.300000000000000000e+01 5.800000000000000000e+01 3.100000000000000000e+01 0.000000000000000000e+00 1.600000000000000089e+00 4.385000000000000009e-03 5.827999999999999847e-03 9.999730000000000008e-01 -7.720040000000000235e-01 -6.355790000000000051e-01 7.088999999999999815e-03 6.356030000000000291e-01 -7.720139999999999780e-01 1.712999999999999896e-03
2.800000000000000000e+01 5.800000000000000000e+01 3.100000000000000000e+01 0.000000000000000000e+00 1.600000000000000089e+00 1.727999999999999935e-03 1.335000000000000032e-03 9.999980000000000535e-01 -7.704159999999999897e-01 -6.375370000000000203e-01 2.181999999999999912e-03 6.375389999999999668e-01 -7.704180000000000472e-01 -7.299999999999999903e-05
6.000000000000000000e+00 4.600000000000000000e+01 3.500000000000000000e+01 0.000000000000000000e+00 1.600000000000000089e+00 1.144999999999999967e-03 -6.014000000000000248e-03 -9.999810000000000088e-01 3.913860000000000117e-01 -9.202069999999999972e-01 5.982000000000000338e-03 -9.202259999999999884e-01 -3.913849999999999829e-01 1.299999999999999940e-03
1.000000000000000000e+01 4.600000000000000000e+01 3.500000000000000000e+01 0.000000000000000000e+00 1.600000000000000089e+00 5.090000000000000123e-04 -1.864999999999999904e-03 -9.999980000000000535e-01 3.910509999999999819e-01 -9.203670000000000462e-01 1.915999999999999951e-03 -9.203689999999999927e-01 -3.910520000000000107e-01 2.610000000000000015e-04
1.600000000000000000e+01 4.600000000000000000e+01 3.500000000000000000e+01 0.000000000000000000e+00 1.600000000000000089e+00 -7.600000000000000418e-04 1.724999999999999971e-03 -9.999980000000000535e-01 3.921009999999999773e-01 -9.199199999999999600e-01 -1.884999999999999957e-03 -9.199220000000000175e-01 -3.921020000000000061e-01 2.199999999999999943e-05
2.200000000000000000e+01 4.600000000000000000e+01 3.500000000000000000e+01 0.000000000000000000e+00 1.600000000000000089e+00 -6.930000000000000396e-04 2.138999999999999842e-03 -9.999970000000000248e-01 3.933039999999999869e-01 -9.194059999999999455e-01 -2.239000000000000105e-03 -9.194080000000000030e-01 -3.933050000000000157e-01 -2.039999999999999984e-04
2.500000000000000000e+01 4.600000000000000000e+01 3.500000000000000000e+01 0.000000000000000000e+00 1.600000000000000089e+00 -8.790000000000000070e-04 2.987000000000000072e-03 -9.999949999999999672e-01 3.924019999999999730e-01 -9.197889999999999677e-01 -3.092000000000000130e-03 -9.197940000000000005e-01 -3.924019999999999730e-01 -3.640000000000000115e-04
2.900000000000000000e+01 4.600000000000000000e+01 3.500000000000000000e+01 0.000000000000000000e+00 1.600000000000000089e+00 -7.029999999999999574e-04 6.853999999999999850e-03 -9.999759999999999760e-01 3.918360000000000176e-01 -9.200120000000000520e-01 -6.581000000000000044e-03 -9.200350000000000472e-01 -3.918309999999999849e-01 -2.039000000000000014e-03
2.800000000000000000e+01 5.200000000000000000e+01 4.300000000000000000e+01 0.000000000000000000e+00 1.600000000000000089e+00 2.434149999999999925e-01 -6.690439999999999721e-01 7.022310000000000496e-01 -3.017980000000000107e-01 -7.403119999999999701e-01 -6.007130000000000525e-01 9.217739999999999823e-01 -6.571000000000000452e-02 -3.821200000000000152e-01
1.000000000000000000e+00 2.900000000000000000e+01 4.400000000000000000e+01 0.000000000000000000e+00 1.600000000000000089e+00 7.320000000000000118e-04 2.565000000000000006e-03 -9.999959999999999960e-01 6.617960000000000509e-01 7.496800000000000130e-01 2.406999999999999851e-03 7.496840000000000170e-01 -6.617950000000000221e-01 -1.149000000000000065e-03
5.000000000000000000e+00 2.900000000000000000e+01 4.400000000000000000e+01 0.000000000000000000e+00 1.600000000000000089e+00 1.020000000000000073e-03 2.660000000000000146e-04 -9.999989999999999712e-01 6.534940000000000193e-01 7.569320000000000492e-01 8.679999999999999565e-04 7.569310000000000205e-01 -6.534940000000000193e-01 5.980000000000000072e-04
9.000000000000000000e+00 2.900000000000000000e+01 4.400000000000000000e+01 0.000000000000000000e+00 1.600000000000000089e+00 -6.679999999999999740e-04 -1.461999999999999975e-03 -9.999989999999999712e-01 6.507230000000000514e-01 7.593140000000000445e-01 -1.544999999999999932e-03 7.593149999999999622e-01 -6.507230000000000514e-01 4.449999999999999746e-04
1.700000000000000000e+01 2.900000000000000000e+01 4.400000000000000000e+01 0.000000000000000000e+00 1.600000000000000089e+00 3.570000000000000040e-04 1.062000000000000010e-03 -9.999989999999999712e-01 6.511069999999999913e-01 7.589850000000000207e-01 1.038999999999999993e-03 7.589850000000000207e-01 -6.511069999999999913e-01 -4.209999999999999875e-04
2.100000000000000000e+01 2.900000000000000000e+01 4.400000000000000000e+01 0.000000000000000000e+00 1.600000000000000089e+00 -2.559000000000000077e-03 -2.235000000000000007e-03 -9.999940000000000495e-01 6.620230000000000281e-01 7.494760000000000311e-01 -3.369000000000000033e-03 7.494790000000000063e-01 -6.620279999999999498e-01 -4.380000000000000213e-04
2.500000000000000000e+01 2.900000000000000000e+01 4.400000000000000000e+01 0.000000000000000000e+00 1.600000000000000089e+00 -3.354000000000000210e-03 -3.212000000000000011e-03 -9.999890000000000168e-01 6.689730000000000398e-01 7.432720000000000438e-01 -4.630999999999999700e-03 7.432790000000000230e-01 -6.689810000000000478e-01 -3.440000000000000132e-04
2.900000000000000000e+01 2.900000000000000000e+01 4.400000000000000000e+01 0.000000000000000000e+00 1.600000000000000089e+00 4.000000000000000192e-04 -1.750000000000000036e-03 -9.999980000000000535e-01 6.685280000000000111e-01 7.436859999999999582e-01 -1.033999999999999980e-03 7.436869999999999870e-01 -6.685269999999999824e-01 1.466999999999999988e-03
2.600000000000000000e+01 5.000000000000000000e+01 4.500000000000000000e+01 0.000000000000000000e+00 1.600000000000000089e+00 -5.373759999999999648e-01 8.327900000000000580e-02 -8.392209999999999948e-01 -2.480140000000000122e-01 -9.667139999999999622e-01 6.287900000000000433e-02 -8.060500000000000442e-01 2.419280000000000042e-01 5.401430000000000398e-01
2.500000000000000000e+01 7.000000000000000000e+01 4.700000000000000000e+01 0.000000000000000000e+00 1.600000000000000089e+00 -2.173900000000000138e-02 1.506200000000000074e-02 -9.996500000000000385e-01 -8.424120000000000497e-01 -5.387380000000000502e-01 1.020300000000000026e-02 -5.383959999999999857e-01 8.423389999999999489e-01 2.440000000000000155e-02
2.200000000000000000e+01 5.000000000000000000e+00 5.100000000000000000e+01 0.000000000000000000e+00 1.600000000000000089e+00 -1.791999999999999973e-03 -1.778000000000000067e-03 -9.999970000000000248e-01 4.895419999999999772e-01 -8.719789999999999486e-01 6.729999999999999871e-04 -8.719780000000000308e-01 -4.895399999999999752e-01 2.432999999999999833e-03
5.000000000000000000e+00 6.000000000000000000e+00 5.100000000000000000e+01 0.000000000000000000e+00 1.600000000000000089e+00 3.710000000000000190e-03 1.570099999999999968e-02 -9.998700000000000365e-01 3.101169999999999760e-01 -9.505989999999999718e-01 -1.377699999999999932e-02 -9.506909999999999528e-01 -3.100260000000000238e-01 -8.396000000000000685e-03
2.000000000000000000e+00 1.150000000000000000e+02 5.100000000000000000e+01 0.000000000000000000e+00 1.600000000000000089e+00 -2.060400000000000079e-02 -8.181700000000000084e-02 9.964340000000000419e-01 8.380319999999999991e-01 -5.449310000000000542e-01 -2.741499999999999840e-02 5.452310000000000212e-01 8.344789999999999708e-01 7.979300000000000281e-02
6.000000000000000000e+00 7.000000000000000000e+00 5.200000000000000000e+01 0.000000000000000000e+00 1.600000000000000089e+00 9.419000000000000289e-03 1.458600000000000001e-02 -9.998489999999999878e-01 9.905999999999999528e-02 -9.949890000000000123e-01 -1.358200000000000032e-02 -9.950369999999999493e-01 -9.891700000000000492e-02 -1.081700000000000023e-02
1.000000000000000000e+01 7.000000000000000000e+00 5.200000000000000000e+01 0.000000000000000000e+00 1.600000000000000089e+00 6.542000000000000072e-03 9.416000000000000758e-03 -9.999339999999999895e-01 9.421799999999999620e-02 -9.955129999999999812e-01 -8.758000000000000160e-03 -9.955300000000000260e-01 -9.415500000000000258e-02 -7.399000000000000195e-03
2.500000000000000000e+01 7.000000000000000000e+00 5.200000000000000000e+01 0.000000000000000000e+00 1.600000000000000089e+00 -3.883999999999999866e-03 -7.976999999999999716e-03 -9.999609999999999888e-01 1.109070000000000056e-01 -9.938029999999999919e-01 7.497000000000000192e-03 -9.938230000000000119e-01 -1.108729999999999993e-01 4.745000000000000086e-03
5.000000000000000000e+00 6.300000000000000000e+01 5.400000000000000000e+01 0.000000000000000000e+00 1.600000000000000089e+00 7.205999999999999732e-03 4.802999999999999978e-03 9.999630000000000463e-01 -3.435440000000000160e-01 9.391340000000000243e-01 -2.036000000000000049e-03 -9.391089999999999716e-01 -3.435170000000000168e-01 8.418000000000000135e-03
1.600000000000000000e+01 6.300000000000000000e+01 5.400000000000000000e+01 0.000000000000000000e+00 1.600000000000000089e+00 -8.809999999999999472e-04 -5.249999999999999676e-04 1.000000000000000000e+00 -3.175640000000000129e-01 9.482369999999999965e-01 2.180000000000000134e-04 -9.482369999999999965e-01 -3.175629999999999842e-01 -1.002000000000000069e-03
2.200000000000000000e+01 6.300000000000000000e+01 5.400000000000000000e+01 0.000000000000000000e+00 1.600000000000000089e+00 -1.082699999999999982e-02 -8.165999999999999648e-03 9.999080000000000190e-01 -3.347749999999999893e-01 9.422890000000000432e-01 4.069999999999999833e-03 -9.422359999999999625e-01 -3.347010000000000263e-01 -1.293599999999999958e-02
1.500000000000000000e+01 2.500000000000000000e+01 5.500000000000000000e+01 0.000000000000000000e+00 1.600000000000000089e+00 2.120000000000000031e-04 -6.251999999999999745e-03 -9.999799999999999800e-01 -1.140599999999999947e-02 -9.999149999999999983e-01 6.250000000000000347e-03 -9.999350000000000183e-01 1.140399999999999921e-02 -2.840000000000000185e-04
1.900000000000000000e+01 2.500000000000000000e+01 5.500000000000000000e+01 0.000000000000000000e+00 1.600000000000000089e+00 5.339999999999999695e-04 -8.377000000000000765e-03 -9.999649999999999928e-01 -1.416199999999999924e-02 -9.998650000000000038e-01 8.368999999999999703e-03 -9.999000000000000110e-01 1.415699999999999945e-02 -6.520000000000000188e-04
2.800000000000000000e+01 2.500000000000000000e+01 5.500000000000000000e+01 0.000000000000000000e+00 1.600000000000000089e+00 9.730000000000000151e-04 4.035000000000000392e-03 -9.999909999999999632e-01 -1.265600000000000058e-02 -9.999120000000000230e-01 -4.047000000000000250e-03 -9.999190000000000023e-01 1.265900000000000011e-02 -9.210000000000000521e-04
5.000000000000000000e+00 2.100000000000000000e+01 6.000000000000000000e+01 0.000000000000000000e+00 1.600000000000000089e+00 -1.384999999999999946e-03 6.178000000000000332e-03 9.999799999999999800e-01 -9.569700000000000428e-02 9.953910000000000258e-01 -6.282000000000000257e-03 -9.954100000000000170e-01 -9.570299999999999641e-02 -7.870000000000000476e-04
1.000000000000000000e+01 2.100000000000000000e+01 6.000000000000000000e+01 0.000000000000000000e+00 1.600000000000000089e+00 1.353999999999999952e-03 1.072799999999999969e-02 9.999419999999999975e-01 -9.600599999999999412e-02 9.953250000000000153e-01 -1.054800000000000008e-02 -9.953800000000000425e-01 -9.598700000000000288e-02 2.377999999999999906e-03
1.400000000000000000e+01 2.100000000000000000e+01 6.000000000000000000e+01 0.000000000000000000e+00 1.600000000000000089e+00 2.769999999999999893e-03 -5.590000000000000351e-04 9.999959999999999960e-01 -9.439000000000000168e-02 9.955349999999999477e-01 8.180000000000000422e-04 -9.955310000000000548e-01 -9.439200000000000368e-02 2.704999999999999939e-03
2.100000000000000000e+01 2.100000000000000000e+01 6.000000000000000000e+01 0.000000000000000000e+00 1.600000000000000089e+00 5.779999999999999548e-04 1.505500000000000067e-02 9.998869999999999703e-01 -9.744600000000000484e-02 9.951290000000000413e-01 -1.492699999999999930e-02 -9.952410000000000423e-01 -9.742599999999999871e-02 2.041999999999999978e-03
2.500000000000000000e+01 2.100000000000000000e+01 6.000000000000000000e+01 0.000000000000000000e+00 1.600000000000000089e+00 -1.997000000000000077e-03 -2.510000000000000078e-03 9.999949999999999672e-01 -9.792099999999999416e-02 9.951919999999999655e-01 2.302999999999999926e-03 -9.951919999999999655e-01 -9.791600000000000303e-02 -2.233999999999999875e-03
4.000000000000000000e+00 8.200000000000000000e+01 6.200000000000000000e+01 0.000000000000000000e+00 1.600000000000000089e+00 5.995049999999999546e-01 -7.815250000000000252e-01 1.726659999999999862e-01 -6.786240000000000050e-01 -6.107190000000000119e-01 -4.080329999999999790e-01 4.243390000000000217e-01 1.274419999999999997e-01 -8.964910000000000379e-01
5.000000000000000000e+00 3.000000000000000000e+00 6.300000000000000000e+01 0.000000000000000000e+00 1.600000000000000089e+00 1.626000000000000058e-03 1.511299999999999970e-02 9.998839999999999950e-01 -6.243710000000000093e-01 7.810529999999999973e-01 -1.078999999999999924e-02 -7.811259999999999870e-01 -6.242809999999999748e-01 1.070600000000000024e-02
1.200000000000000000e+01 3.000000000000000000e+00 6.300000000000000000e+01 0.000000000000000000e+00 1.600000000000000089e+00 7.339999999999999520e-04 2.301000000000000094e-03 9.999970000000000248e-01 -6.174100000000000144e-01 7.866410000000000347e-01 -1.356999999999999916e-03 -7.866410000000000347e-01 -6.174070000000000391e-01 1.998000000000000210e-03
2.000000000000000000e+01 3.000000000000000000e+00 6.300000000000000000e+01 0.000000000000000000e+00 1.600000000000000089e+00 5.649999999999999641e-04 1.095999999999999969e-03 9.999989999999999712e-01 -6.175640000000000018e-01 7.865210000000000257e-01 -5.130000000000000011e-04 -7.865210000000000257e-01 -6.175629999999999731e-01 1.121000000000000035e-03
3.000000000000000000e+00 2.700000000000000000e+01 6.300000000000000000e+01 0.000000000000000000e+00 1.600000000000000089e+00 -1.098999999999999934e-03 -3.814000000000000116e-03 9.999919999999999920e-01 -2.749090000000000145e-01 9.614639999999999853e-01 3.364999999999999936e-03 -9.614700000000000468e-01 -2.749030000000000085e-01 -2.105000000000000100e-03
6.000000000000000000e+00 2.700000000000000000e+01 6.300000000000000000e+01 0.000000000000000000e+00 1.600000000000000089e+00 2.739999999999999923e-04 1.210000000000000002e-04 1.000000000000000000e+00 -2.712479999999999891e-01 9.625089999999999479e-01 -4.199999999999999768e-05 -9.625089999999999479e-01 -2.712479999999999891e-01 2.970000000000000092e-04
1.300000000000000000e+01 2.700000000000000000e+01 6.300000000000000000e+01 0.000000000000000000e+00 1.600000000000000089e+00 2.259999999999999856e-03 6.702999999999999757e-03 9.999749999999999472e-01 -2.728809999999999847e-01 9.620300000000000518e-01 -5.832000000000000378e-03 -9.620450000000000390e-01 -2.728610000000000202e-01 4.002999999999999614e-03
2.000000000000000000e+01 2.700000000000000000e+01 6.300000000000000000e+01 0.000000000000000000e+00 1.600000000000000089e+00 1.259999999999999998e-04 -1.698999999999999989e-03 9.999989999999999712e-01 -2.794209999999999749e-01 9.601669999999999927e-01 1.667000000000000079e-03 -9.601690000000000502e-01 -2.794209999999999749e-01 -3.539999999999999853e-04
2.700000000000000000e+01 2.700000000000000000e+01 6.300000000000000000e+01 0.000000000000000000e+00 1.600000000000000089e+00 -8.739999999999999939e-04 1.583999999999999905e-03 9.999980000000000535e-01 -2.783379999999999743e-01 9.604819999999999469e-01 -1.763999999999999943e-03 -9.604829999999999757e-01 -2.783390000000000031e-01 -3.980000000000000248e-04
3.000000000000000000e+00 2.600000000000000000e+01 6.400000000000000000e+01 0.000000000000000000e+00 1.600000000000000089e+00 -2.014999999999999864e-03 -3.879000000000000069e-03 9.999900000000000455e-01 -3.556679999999999842e-01 9.346079999999999943e-01 2.907999999999999995e-03 -9.346100000000000518e-01 -3.556590000000000029e-01 -3.262999999999999842e-03
7.000000000000000000e+00 2.600000000000000000e+01 6.400000000000000000e+01 0.000000000000000000e+00 1.600000000000000089e+00 3.139999999999999888e-04 -1.085000000000000027e-03 9.999989999999999712e-01 -3.527440000000000020e-01 9.357189999999999674e-01 1.126000000000000048e-03 -9.357199999999999962e-01 -3.527440000000000020e-01 -8.799999999999999771e-05
1.400000000000000000e+01 2.600000000000000000e+01 6.400000000000000000e+01 0.000000000000000000e+00 1.600000000000000089e+00 1.628000000000000107e-03 8.595999999999999475e-03 9.999620000000000175e-01 -3.590090000000000225e-01 9.333040000000000225e-01 -7.438000000000000167e-03 -9.333329999999999682e-01 -3.589829999999999965e-01 4.604999999999999719e-03
2.000000000000000000e+01 2.600000000000000000e+01 6.400000000000000000e+01 0.000000000000000000e+00 1.600000000000000089e+00 -7.299999999999999903e-05 -1.379000000000000017e-03 9.999989999999999712e-01 -3.647819999999999951e-01 9.310920000000000307e-01 1.258000000000000004e-03 -9.310929999999999485e-01 -3.647810000000000219e-01 -5.710000000000000015e-04
2.600000000000000000e+01 2.600000000000000000e+01 6.400000000000000000e+01 0.000000000000000000e+00 1.600000000000000089e+00 -1.067000000000000023e-03 -9.650000000000000374e-04 9.999989999999999712e-01 -3.635760000000000103e-01 9.315649999999999764e-01 5.109999999999999525e-04 -9.315639999999999477e-01 -3.635749999999999815e-01 -1.345000000000000058e-03
