2.700000000000000000e+01 2.500000000000000000e+01 1.000000000000000000e+00 0.000000000000000000e+00 1.600000000000000089e+00 1.851999999999999914e-03 -6.080000000000000335e-04 -9.999980000000000535e-01 -5.168190000000000284e-01 -8.560950000000000504e-01 -4.360000000000000269e-04 -8.560929999999999929e-01 5.168190000000000284e-01 -1.899000000000000080e-03
2.000000000000000000e+00 1.500000000000000000e+01 4.000000000000000000e+00 0.000000000000000000e+00 1.600000000000000089e+00 -1.325000000000000006e-03 -1.368000000000000075e-03 9.999980000000000535e-01 3.123810000000000198e-01 -9.499560000000000226e-01 -8.859999999999999603e-04 9.499560000000000226e-01 3.123790000000000178e-01 1.685999999999999999e-03
8.000000000000000000e+00 1.500000000000000000e+01 4.000000000000000000e+00 0.000000000000000000e+00 1.600000000000000089e+00 -2.050000000000000173e-03 -2.756999999999999902e-03 9.999940000000000495e-01 3.079390000000000183e-01 -9.514040000000000274e-01 -1.991999999999999847e-03 9.514040000000000274e-01 3.079330000000000123e-01 2.799999999999999972e-03
1.400000000000000000e+01 1.500000000000000000e+01 4.000000000000000000e+00 0.000000000000000000e+00 1.600000000000000089e+00 6.539999999999999590e-04 -3.719999999999999891e-04 1.000000000000000000e+00 3.094899999999999873e-01 -9.509030000000000538e-01 -5.559999999999999621e-04 9.509030000000000538e-01 3.094899999999999873e-01 -5.069999999999999637e-04
2.100000000000000000e+01 1.500000000000000000e+01 4.000000000000000000e+00 0.000000000000000000e+00 1.600000000000000089e+00 2.007999999999999802e-03 -4.500999999999999793e-03 9.999879999999999880e-01 3.109439999999999982e-01 -9.504160000000000386e-01 -4.902000000000000107e-03 9.504259999999999931e-01 3.109500000000000042e-01 -5.090000000000000123e-04
2.500000000000000000e+01 1.500000000000000000e+01 4.000000000000000000e+00 0.000000000000000000e+00 1.600000000000000089e+00 1.289999999999999914e-03 -1.320000000000000101e-04 9.999989999999999712e-01 3.116979999999999751e-01 -9.501810000000000533e-01 -5.270000000000000162e-04 9.501800000000000246e-01 3.116990000000000038e-01 -1.183999999999999940e-03
1.000000000000000000e+00 1.010000000000000000e+02 7.000000000000000000e+00 0.000000000000000000e+00 1.600000000000000089e+00 3.978999999999999898e-03 1.040499999999999932e-02 9.999379999999999935e-01 8.860379999999999923e-01 4.635380000000000056e-01 -8.349000000000000518e-03 -4.635960000000000081e-01 8.860160000000000258e-01 -7.374000000000000346e-03
7.000000000000000000e+00 1.010000000000000000e+02 7.000000000000000000e+00 0.000000000000000000e+00 1.600000000000000089e+00 3.876999999999999804e-03 -2.122800000000000034e-02 9.997669999999999613e-01 8.910240000000000382e-01 4.539139999999999842e-01 6.183000000000000128e-03 -4.539389999999999814e-01 8.907929999999999460e-01 2.067499999999999893e-02
1.300000000000000000e+01 1.010000000000000000e+02 7.000000000000000000e+00 0.000000000000000000e+00 1.600000000000000089e+00 -1.152999999999999945e-03 -5.815999999999999989e-03 9.999820000000000375e-01 8.916100000000000136e-01 4.527889999999999970e-01 3.661000000000000192e-03 -4.528030000000000110e-01 8.915990000000000304e-01 4.662999999999999610e-03
9.000000000000000000e+00 2.500000000000000000e+01 8.000000000000000000e+00 0.000000000000000000e+00 1.600000000000000089e+00 -8.120000000000000048e-04 1.951000000000000043e-03 -9.999980000000000535e-01 4.444739999999999802e-01 8.957899999999999752e-01 1.386999999999999995e-03 8.957910000000000039e-01 -4.444719999999999782e-01 -1.593999999999999931e-03
1.300000000000000000e+01 2.500000000000000000e+01 8.000000000000000000e+00 0.000000000000000000e+00 1.600000000000000089e+00 -5.700000000000000314e-05 7.119999999999999593e-04 -1.000000000000000000e+00 4.437229999999999785e-01 8.961639999999999606e-01 6.130000000000000466e-04 8.961639999999999606e-01 -4.437229999999999785e-01 -3.669999999999999760e-04
2.000000000000000000e+01 2.500000000000000000e+01 8.000000000000000000e+00 0.000000000000000000e+00 1.600000000000000089e+00 1.789999999999999870e-04 -2.227999999999999946e-03 -9.999980000000000535e-01 4.451669999999999794e-01 8.954450000000000465e-01 -1.915000000000000036e-03 8.954469999999999930e-01 -4.451660000000000061e-01 1.152000000000000029e-03
2.300000000000000000e+01 2.500000000000000000e+01 8.000000000000000000e+00 0.000000000000000000e+00 1.600000000000000089e+00 -4.859999999999999954e-04 -7.479000000000000405e-03 -9.999719999999999720e-01 4.471640000000000059e-01 8.944260000000000543e-01 -6.905999999999999812e-03 8.944520000000000248e-01 -4.471539999999999959e-01 2.909999999999999826e-03
2.700000000000000000e+01 2.500000000000000000e+01 8.000000000000000000e+00 0.000000000000000000e+00 1.600000000000000089e+00 -2.194000000000000204e-03 -5.916000000000000252e-03 -9.999799999999999800e-01 4.477720000000000034e-01 8.941259999999999764e-01 -6.271999999999999797e-03 8.941449999999999676e-01 -4.477769999999999806e-01 6.880000000000000265e-04
2.000000000000000000e+00 2.400000000000000000e+01 9.000000000000000000e+00 0.000000000000000000e+00 1.600000000000000089e+00 -1.415999999999999941e-03 -7.322999999999999649e-03 -9.999719999999999720e-01 4.501020000000000021e-01 8.929489999999999927e-01 -7.177000000000000220e-03 8.929759999999999920e-01 -4.500990000000000268e-01 2.031999999999999952e-03
1.000000000000000000e+01 2.400000000000000000e+01 9.000000000000000000e+00 0.000000000000000000e+00 1.600000000000000089e+00 -2.210000000000000050e-04 2.077999999999999986e-03 -9.999980000000000535e-01 4.498090000000000144e-01 8.931230000000000002e-01 1.755999999999999965e-03 8.931249999999999467e-01 -4.498070000000000124e-01 -1.131999999999999977e-03
1.600000000000000000e+01 2.400000000000000000e+01 9.000000000000000000e+00 0.000000000000000000e+00 1.600000000000000089e+00 1.240000000000000054e-04 2.128999999999999816e-03 -9.999980000000000535e-01 4.490569999999999840e-01 8.935009999999999897e-01 1.958000000000000105e-03 8.935030000000000472e-01 -4.490560000000000107e-01 -8.450000000000000479e-04
2.000000000000000000e+01 2.400000000000000000e+01 9.000000000000000000e+00 0.000000000000000000e+00 1.600000000000000089e+00 -2.439999999999999949e-04 -2.870999999999999854e-03 -9.999959999999999960e-01 4.507669999999999733e-01 8.926370000000000138e-01 -2.673000000000000029e-03 8.926410000000000178e-01 -4.507660000000000000e-01 1.075999999999999917e-03
2.300000000000000000e+01 2.400000000000000000e+01 9.000000000000000000e+00 0.000000000000000000e+00 1.600000000000000089e+00 -6.980000000000000527e-04 -7.726000000000000228e-03 -9.999700000000000255e-01 4.526149999999999896e-01 8.916770000000000529e-01 -7.204999999999999599e-03 8.917059999999999986e-01 -4.526069999999999816e-01 2.874999999999999951e-03
2.700000000000000000e+01 2.400000000000000000e+01 9.000000000000000000e+00 0.000000000000000000e+00 1.600000000000000089e+00 -1.704999999999999918e-03 -5.137000000000000073e-03 -9.999850000000000128e-01 4.532660000000000022e-01 8.913590000000000124e-01 -5.351999999999999987e-03 8.913739999999999997e-01 -4.532680000000000042e-01 8.090000000000000403e-04
4.000000000000000000e+00 3.100000000000000000e+01 1.200000000000000000e+01 0.000000000000000000e+00 1.600000000000000089e+00 -1.320000000000000101e-04 2.492999999999999990e-03 9.999970000000000248e-01 -5.165000000000000320e-03 9.999839999999999840e-01 -2.494000000000000123e-03 -9.999869999999999592e-01 -5.165000000000000320e-03 -1.190000000000000058e-04
3.000000000000000000e+01 3.100000000000000000e+01 1.200000000000000000e+01 0.000000000000000000e+00 1.600000000000000089e+00 -4.970000000000000459e-04 -7.154999999999999902e-03 9.999740000000000295e-01 -1.543000000000000101e-03 9.999730000000000008e-01 7.154999999999999902e-03 -9.999989999999999712e-01 -1.539999999999999919e-03 -5.079999999999999880e-04
1.400000000000000000e+01 3.000000000000000000e+00 1.300000000000000000e+01 0.000000000000000000e+00 1.600000000000000089e+00 2.729999999999999788e-03 1.378060000000000118e-01 9.904549999999999743e-01 -2.196400000000000088e-02 9.902279999999999971e-01 -1.377140000000000031e-01 -9.997549999999999493e-01 -2.137800000000000117e-02 5.729999999999999850e-03
2.400000000000000000e+01 3.200000000000000000e+01 1.400000000000000000e+01 0.000000000000000000e+00 1.600000000000000089e+00 2.249999999999999938e-04 -1.299999999999999886e-04 -1.000000000000000000e+00 1.082779999999999992e-01 9.941210000000000324e-01 -1.050000000000000044e-04 9.941210000000000324e-01 -1.082779999999999992e-01 2.380000000000000117e-04
4.000000000000000000e+00 1.200000000000000000e+01 1.500000000000000000e+01 0.000000000000000000e+00 1.600000000000000089e+00 -8.959999999999999866e-04 -4.344999999999999904e-03 -9.999900000000000455e-01 -4.656460000000000043e-01 -8.849609999999999976e-01 4.263000000000000296e-03 -8.849709999999999521e-01 4.656449999999999756e-01 -1.231000000000000106e-03
9.000000000000000000e+00 1.200000000000000000e+01 1.500000000000000000e+01 0.000000000000000000e+00 1.600000000000000089e+00 -3.608999999999999795e-03 -2.948000000000000100e-03 -9.999890000000000168e-01 -4.692359999999999864e-01 -8.830620000000000136e-01 4.296999999999999605e-03 -8.830649999999999888e-01 4.692459999999999964e-01 1.802999999999999915e-03
1.300000000000000000e+01 1.200000000000000000e+01 1.500000000000000000e+01 0.000000000000000000e+00 1.600000000000000089e+00 -3.420999999999999996e-03 -2.376000000000000074e-03 -9.999909999999999632e-01 -4.677339999999999831e-01 -8.838610000000000078e-01 3.700000000000000164e-03 -8.838629999999999542e-01 4.677430000000000199e-01 1.912999999999999987e-03
1.700000000000000000e+01 1.200000000000000000e+01 1.500000000000000000e+01 0.000000000000000000e+00 1.600000000000000089e+00 -1.227999999999999925e-03 -8.566999999999999962e-03 -9.999630000000000463e-01 -4.662899999999999823e-01 -8.845939999999999914e-01 8.151000000000000259e-03 -8.846309999999999452e-01 4.662830000000000030e-01 -2.909000000000000127e-03
2.100000000000000000e+01 1.200000000000000000e+01 1.500000000000000000e+01 0.000000000000000000e+00 1.600000000000000089e+00 -2.079999999999999818e-03 -5.834999999999999909e-03 -9.999810000000000088e-01 -4.671529999999999849e-01 -8.841560000000000530e-01 6.131000000000000165e-03 -8.841740000000000155e-01 4.671560000000000157e-01 -8.869999999999999846e-04
2.400000000000000000e+01 1.200000000000000000e+01 1.500000000000000000e+01 0.000000000000000000e+00 1.600000000000000089e+00 -1.186999999999999904e-03 3.240000000000000150e-04 -9.999989999999999712e-01 -4.706969999999999765e-01 -8.822950000000000514e-01 2.730000000000000222e-04 -8.822940000000000227e-01 4.706969999999999765e-01 1.198999999999999979e-03
1.000000000000000000e+00 1.160000000000000000e+02 1.600000000000000000e+01 0.000000000000000000e+00 1.600000000000000089e+00 2.763999999999999964e-03 -2.190000000000000106e-04 9.999959999999999960e-01 7.030199999999999783e-01 7.111680000000000224e-01 -1.786999999999999960e-03 -7.111650000000000471e-01 7.030220000000000358e-01 2.118999999999999790e-03
6.000000000000000000e+00 1.160000000000000000e+02 1.600000000000000000e+01 0.000000000000000000e+00 1.600000000000000089e+00 4.249999999999999763e-04 1.270999999999999994e-03 9.999989999999999712e-01 7.254709999999999770e-01 6.882519999999999749e-01 -1.183000000000000024e-03 -6.882530000000000037e-01 7.254709999999999770e-01 -6.290000000000000018e-04
1.000000000000000000e+01 1.160000000000000000e+02 1.600000000000000000e+01 0.000000000000000000e+00 1.600000000000000089e+00 -1.382999999999999898e-03 -1.812999999999999941e-03 9.999970000000000248e-01 7.267019999999999591e-01 6.869490000000000318e-01 2.250999999999999963e-03 -6.869520000000000071e-01 7.267029999999999879e-01 3.669999999999999760e-04
1.300000000000000000e+01 1.160000000000000000e+02 1.600000000000000000e+01 0.000000000000000000e+00 1.600000000000000089e+00 -1.129000000000000012e-03 -8.639999999999999677e-04 9.999989999999999712e-01 6.963390000000000413e-01 7.177120000000000166e-01 1.405999999999999915e-03 -7.177130000000000454e-01 6.963390000000000413e-01 -2.079999999999999872e-04
3.000000000000000000e+00 2.000000000000000000e+00 1.900000000000000000e+01 0.000000000000000000e+00 1.600000000000000089e+00 1.578299999999999842e-02 -6.179999999999999730e-03 -9.998559999999999670e-01 2.341459999999999930e-01 -9.721530000000000449e-01 9.705000000000000085e-03 -9.720729999999999649e-01 -2.342660000000000020e-01 -1.389600000000000037e-02
6.000000000000000000e+00 2.000000000000000000e+00 1.900000000000000000e+01 0.000000000000000000e+00 1.600000000000000089e+00 1.223600000000000035e-02 -3.782999999999999904e-03 -9.999179999999999735e-01 2.339239999999999930e-01 -9.722330000000000139e-01 6.540999999999999939e-03 -9.721779999999999866e-01 -2.339849999999999985e-01 -1.101099999999999995e-02
1.000000000000000000e+01 2.000000000000000000e+00 1.900000000000000000e+01 0.000000000000000000e+00 1.600000000000000089e+00 6.739000000000000198e-03 -1.062399999999999976e-02 -9.999209999999999487e-01 2.262550000000000117e-01 -9.739959999999999729e-01 1.187399999999999914e-02 -9.740450000000000497e-01 -2.263169999999999904e-01 -4.159999999999999636e-03
2.500000000000000000e+01 2.000000000000000000e+00 1.900000000000000000e+01 0.000000000000000000e+00 1.600000000000000089e+00 6.179999999999999513e-04 2.304000000000000058e-03 -9.999970000000000248e-01 1.896690000000000043e-01 -9.818459999999999965e-01 -2.145000000000000205e-03 -9.818480000000000540e-01 -1.896680000000000033e-01 -1.044000000000000006e-03
1.000000000000000000e+00 1.300000000000000000e+01 2.000000000000000000e+01 0.000000000000000000e+00 1.600000000000000089e+00 1.397000000000000021e-03 4.735999999999999759e-03 9.999879999999999880e-01 2.639469999999999872e-01 9.645249999999999657e-01 -4.936000000000000283e-03 -9.645359999999999490e-01 2.639500000000000179e-01 9.799999999999999684e-05
4.000000000000000000e+00 1.300000000000000000e+01 2.000000000000000000e+01 0.000000000000000000e+00 1.600000000000000089e+00 1.773000000000000053e-03 1.082999999999999978e-03 9.999980000000000535e-01 2.627369999999999983e-01 9.648660000000000014e-01 -1.510999999999999973e-03 -9.648660000000000014e-01 2.627390000000000003e-01 1.425999999999999967e-03
1.300000000000000000e+01 1.300000000000000000e+01 2.000000000000000000e+01 0.000000000000000000e+00 1.600000000000000089e+00 -8.130000000000000291e-04 3.661000000000000192e-03 9.999930000000000208e-01 2.631939999999999835e-01 9.647369999999999557e-01 -3.318000000000000203e-03 -9.647430000000000172e-01 2.631890000000000063e-01 -1.747999999999999988e-03
2.000000000000000000e+01 1.300000000000000000e+01 2.000000000000000000e+01 0.000000000000000000e+00 1.600000000000000089e+00 -1.269999999999999970e-04 -2.988000000000000204e-03 9.999949999999999672e-01 2.600390000000000201e-01 9.655939999999999523e-01 2.919000000000000154e-03 -9.655979999999999563e-01 2.600379999999999914e-01 6.539999999999999590e-04
2.600000000000000000e+01 1.300000000000000000e+01 2.000000000000000000e+01 0.000000000000000000e+00 1.600000000000000089e+00 -4.270000000000000249e-04 -3.524999999999999922e-03 9.999940000000000495e-01 2.606919999999999793e-01 9.654160000000000519e-01 3.514000000000000196e-03 -9.654220000000000024e-01 2.606919999999999793e-01 5.069999999999999637e-04
2.800000000000000000e+01 1.300000000000000000e+01 2.000000000000000000e+01 0.000000000000000000e+00 1.600000000000000089e+00 7.029999999999999574e-04 -1.134000000000000025e-03 9.999989999999999712e-01 2.604480000000000128e-01 9.654880000000000129e-01 9.120000000000000502e-04 -9.654880000000000129e-01 2.604469999999999841e-01 9.740000000000000394e-04
5.000000000000000000e+00 3.000000000000000000e+00 2.500000000000000000e+01 0.000000000000000000e+00 1.600000000000000089e+00 -1.626999999999999974e-03 8.491999999999999549e-03 9.999630000000000463e-01 -3.697600000000000192e-02 -9.992809999999999748e-01 8.425999999999999462e-03 9.993149999999999533e-01 -3.695999999999999980e-02 1.940000000000000101e-03
1.400000000000000000e+01 3.000000000000000000e+00 2.500000000000000000e+01 0.000000000000000000e+00 1.600000000000000089e+00 2.918000000000000021e-03 -1.990000000000000124e-04 9.999959999999999960e-01 -4.537100000000000161e-02 -9.989700000000000246e-01 -6.700000000000000226e-05 9.989660000000000206e-01 -4.537000000000000061e-02 -2.923999999999999950e-03
1.700000000000000000e+01 3.000000000000000000e+00 2.500000000000000000e+01 0.000000000000000000e+00 1.600000000000000089e+00 3.163000000000000013e-03 -2.829999999999999942e-04 9.999949999999999672e-01 -4.896500000000000158e-02 -9.988010000000000499e-01 -1.279999999999999942e-04 9.987960000000000171e-01 -4.896400000000000058e-02 -3.173000000000000039e-03
2.100000000000000000e+01 3.000000000000000000e+00 2.500000000000000000e+01 0.000000000000000000e+00 1.600000000000000089e+00 4.490000000000000176e-04 -4.243000000000000244e-03 9.999909999999999632e-01 -5.465300000000000019e-02 -9.984960000000000502e-01 -4.211999999999999598e-03 9.985049999999999759e-01 -5.465099999999999819e-02 -6.809999999999999647e-04
2.500000000000000000e+01 3.000000000000000000e+00 2.500000000000000000e+01 0.000000000000000000e+00 1.600000000000000089e+00 -7.489999999999999913e-04 2.582000000000000094e-03 9.999959999999999960e-01 -5.763299999999999673e-02 -9.983349999999999724e-01 2.534999999999999927e-03 9.983379999999999477e-01 -5.763100000000000167e-02 8.970000000000000109e-04
1.000000000000000000e+01 4.600000000000000000e+01 2.700000000000000000e+01 0.000000000000000000e+00 1.600000000000000089e+00 -5.039999999999999992e-04 2.220000000000000185e-03 -9.999970000000000248e-01 6.828969999999999763e-01 7.305139999999999967e-01 1.276999999999999923e-03 7.305150000000000254e-01 -6.828940000000000010e-01 -1.884999999999999957e-03
1.500000000000000000e+01 4.600000000000000000e+01 2.700000000000000000e+01 0.000000000000000000e+00 1.600000000000000089e+00 -1.230000000000000082e-04 -8.379999999999999862e-04 -1.000000000000000000e+00 6.795170000000000377e-01 7.336599999999999788e-01 -6.980000000000000527e-04 7.336599999999999788e-01 -6.795170000000000377e-01 4.789999999999999879e-04
2.500000000000000000e+01 4.600000000000000000e+01 2.700000000000000000e+01 0.000000000000000000e+00 1.600000000000000089e+00 -5.519999999999999733e-04 -4.949999999999999973e-04 -1.000000000000000000e+00 6.782540000000000235e-01 7.348270000000000080e-01 -7.380000000000000492e-04 7.348270000000000080e-01 -6.782540000000000235e-01 -6.999999999999999387e-05
2.900000000000000000e+01 4.600000000000000000e+01 2.700000000000000000e+01 0.000000000000000000e+00 1.600000000000000089e+00 -7.169999999999999724e-04 -1.100000000000000039e-04 -1.000000000000000000e+00 6.763660000000000228e-01 7.365660000000000540e-01 -5.659999999999999884e-04 7.365660000000000540e-01 -6.763660000000000228e-01 -4.539999999999999765e-04
1.000000000000000000e+01 4.600000000000000000e+01 3.000000000000000000e+01 0.000000000000000000e+00 1.600000000000000089e+00 -6.960000000000000041e-04 -6.539999999999999590e-04 -1.000000000000000000e+00 3.333139999999999992e-01 9.428149999999999586e-01 -8.490000000000000368e-04 9.428159999999999874e-01 -3.333149999999999724e-01 -4.380000000000000213e-04
1.900000000000000000e+01 4.600000000000000000e+01 3.000000000000000000e+01 0.000000000000000000e+00 1.600000000000000089e+00 1.320000000000000101e-04 -9.399999999999999719e-04 -1.000000000000000000e+00 3.317330000000000001e-01 9.433730000000000171e-01 -8.419999999999999750e-04 9.433730000000000171e-01 -3.317330000000000001e-01 4.360000000000000269e-04
2.000000000000000000e+00 5.800000000000000000e+01 3.100000000000000000e+01 0.000000000000000000e+00 1.600000000000000089e+00 2.818999999999999891e-03 1.443799999999999945e-02 9.998920000000000030e-01 -8.149699999999999722e-01 -5.794049999999999478e-01 1.066399999999999987e-02 5.794970000000000399e-01 -8.149119999999999697e-01 1.013299999999999965e-02
9.000000000000000000e+00 5.800000000000000000e+01 3.100000000000000000e+01 0.000000000000000000e+00 1.600000000000000089e+00 -1.632999999999999903e-03 -3.684999999999999908e-03 9.999919999999999920e-01 -8.147229999999999750e-01 -5.798410000000000508e-01 -3.467000000000000030e-03 5.798489999999999478e-01 -8.147219999999999462e-01 -2.054999999999999969e-03
1.400000000000000000e+01 5.800000000000000000e+01 3.100000000000000000e+01 0.000000000000000000e+00 1.600000000000000089e+00 3.879999999999999985e-04 -5.474999999999999832e-03 9.999850000000000128e-01 -8.119119999999999671e-01 -5.837719999999999576e-01 -2.880999999999999880e-03 5.837790000000000479e-01 -8.118990000000000373e-01 -4.670999999999999805e-03
1.900000000000000000e+01 5.800000000000000000e+01 3.100000000000000000e+01 0.000000000000000000e+00 1.600000000000000089e+00 -2.526000000000000034e-03 -1.170000000000000033e-03 9.999959999999999960e-01 -8.092510000000000536e-01 -5.874559999999999782e-01 -2.732000000000000053e-03 5.874570000000000070e-01 -8.092549999999999466e-01 5.379999999999999583e-04
2.300000000000000000e+01 5.800000000000000000e+01 3.100000000000000000e+01 0.000000000000000000e+00 1.600000000000000089e+00 -2.631000000000000092e-03 -8.210000000000000067e-04 9.999959999999999960e-01 -8.102200000000000513e-01 -5.861210000000000031e-01 -2.612999999999999871e-03 5.861199999999999743e-01 -8.102230000000000265e-01 8.769999999999999584e-04
2.700000000000000000e+01 5.800000000000000000e+01 3.100000000000000000e+01 0.000000000000000000e+00 1.600000000000000089e+00 9.370000000000000074e-04 -3.255000000000000081e-03 9.999940000000000495e-01 -8.085719999999999574e-01 -5.883960000000000301e-01 -1.157999999999999958e-03 5.883960000000000301e-01 -8.085670000000000357e-01 -3.183000000000000065e-03
1.100000000000000000e+01 6.000000000000000000e+00 3.200000000000000000e+01 0.000000000000000000e+00 1.600000000000000089e+00 -3.840000000000000097e-04 -4.207999999999999935e-03 -9.999909999999999632e-01 9.667499999999999705e-02 9.953070000000000528e-01 -4.224999999999999589e-03 9.953159999999999785e-01 -9.667599999999999805e-02 2.500000000000000120e-05
1.500000000000000000e+01 6.000000000000000000e+00 3.200000000000000000e+01 0.000000000000000000e+00 1.600000000000000089e+00 -1.689999999999999879e-04 -4.591999999999999728e-03 -9.999890000000000168e-01 1.000410000000000049e-01 9.949729999999999963e-01 -4.584999999999999666e-03 9.949829999999999508e-01 -1.000400000000000039e-01 2.910000000000000260e-04
1.000000000000000000e+01 5.900000000000000000e+01 3.200000000000000000e+01 0.000000000000000000e+00 1.600000000000000089e+00 2.599999999999999772e-04 -3.780000000000000265e-04 1.000000000000000000e+00 -7.257390000000000230e-01 -6.879699999999999704e-01 -7.100000000000000462e-05 6.879699999999999704e-01 -7.257390000000000230e-01 -4.530000000000000064e-04
1.000000000000000000e+00 4.600000000000000000e+01 3.500000000000000000e+01 0.000000000000000000e+00 1.600000000000000089e+00 2.309999999999999987e-03 -1.740000000000000010e-04 -9.999970000000000248e-01 3.918189999999999729e-01 -9.200420000000000265e-01 1.064999999999999974e-03 -9.200390000000000512e-01 -3.918200000000000016e-01 -2.056999999999999801e-03
7.000000000000000000e+00 4.600000000000000000e+01 3.500000000000000000e+01 0.000000000000000000e+00 1.600000000000000089e+00 1.420000000000000038e-03 -8.400000000000000348e-04 -9.999989999999999712e-01 3.919429999999999858e-01 -9.199880000000000280e-01 1.329000000000000103e-03 -9.199880000000000280e-01 -3.919449999999999878e-01 -9.770000000000000039e-04
1.200000000000000000e+01 4.600000000000000000e+01 3.500000000000000000e+01 0.000000000000000000e+00 1.600000000000000089e+00 -8.189999999999999581e-04 3.229000000000000099e-03 -9.999940000000000495e-01 3.905049999999999910e-01 -9.205950000000000522e-01 -3.291999999999999788e-03 -9.205999999999999739e-01 -3.905060000000000198e-01 -5.060000000000000478e-04
2.000000000000000000e+01 4.600000000000000000e+01 3.500000000000000000e+01 0.000000000000000000e+00 1.600000000000000089e+00 -4.870000000000000197e-04 -2.455000000000000151e-03 -9.999970000000000248e-01 3.902470000000000105e-01 -9.207079999999999709e-01 2.069999999999999792e-03 -9.207100000000000284e-01 -3.902450000000000085e-01 1.405999999999999915e-03
2.600000000000000000e+01 4.600000000000000000e+01 3.500000000000000000e+01 0.000000000000000000e+00 1.600000000000000089e+00 4.130000000000000099e-04 1.974000000000000060e-03 -9.999980000000000535e-01 3.918389999999999929e-01 -9.200319999999999609e-01 -1.655000000000000004e-03 -9.200340000000000185e-01 -3.918380000000000196e-01 -1.154000000000000078e-03
2.900000000000000000e+01 4.600000000000000000e+01 3.500000000000000000e+01 0.000000000000000000e+00 1.600000000000000089e+00 2.093999999999999941e-03 5.198000000000000363e-03 -9.999839999999999840e-01 3.913929999999999909e-01 -9.202150000000000052e-01 -3.963999999999999642e-03 -9.202209999999999557e-01 -3.913789999999999769e-01 -3.961000000000000111e-03
3.000000000000000000e+00 9.500000000000000000e+01 3.700000000000000000e+01 0.000000000000000000e+00 1.600000000000000089e+00 1.076399999999999926e-02 -9.829999999999999329e-04 9.999419999999999975e-01 9.946509999999999518e-01 1.027430000000000010e-01 -1.060600000000000084e-02 -1.027269999999999989e-01 9.947070000000000078e-01 2.083999999999999915e-03
4.000000000000000000e+00 2.900000000000000000e+01 4.400000000000000000e+01 0.000000000000000000e+00 1.600000000000000089e+00 4.399999999999999886e-05 -1.827999999999999981e-03 -9.999980000000000535e-01 6.741319999999999535e-01 7.386099999999999888e-01 -1.319999999999999993e-03 7.386110000000000175e-01 -6.741310000000000358e-01 1.265000000000000065e-03
7.000000000000000000e+00 2.900000000000000000e+01 4.400000000000000000e+01 0.000000000000000000e+00 1.600000000000000089e+00 -3.399999999999999973e-05 1.864999999999999904e-03 -9.999980000000000535e-01 6.712820000000000453e-01 7.412009999999999987e-01 1.360000000000000098e-03 7.412020000000000275e-01 -6.712810000000000166e-01 -1.276999999999999923e-03
9.000000000000000000e+00 2.900000000000000000e+01 4.400000000000000000e+01 0.000000000000000000e+00 1.600000000000000089e+00 -6.679999999999999740e-04 3.030000000000000141e-03 -9.999949999999999672e-01 6.686389999999999834e-01 7.435850000000000515e-01 1.806000000000000097e-03 7.435869999999999980e-01 -6.686349999999999794e-01 -2.521999999999999936e-03
2.000000000000000000e+01 2.900000000000000000e+01 4.400000000000000000e+01 0.000000000000000000e+00 1.600000000000000089e+00 -2.629999999999999959e-04 -3.950000000000000061e-04 -1.000000000000000000e+00 6.678290000000000060e-01 7.443149999999999489e-01 -4.699999999999999859e-04 7.443149999999999489e-01 -6.678290000000000060e-01 6.799999999999999946e-05
2.600000000000000000e+01 2.900000000000000000e+01 4.400000000000000000e+01 0.000000000000000000e+00 1.600000000000000089e+00 2.321999999999999845e-03 -2.694000000000000214e-03 -9.999940000000000495e-01 6.743980000000000530e-01 7.383680000000000243e-01 -4.229999999999999819e-04 7.383640000000000203e-01 -6.743930000000000202e-01 3.530999999999999851e-03
2.900000000000000000e+01 2.900000000000000000e+01 4.400000000000000000e+01 0.000000000000000000e+00 1.600000000000000089e+00 7.050000000000000060e-04 -3.775999999999999843e-03 -9.999930000000000208e-01 6.714280000000000248e-01 7.410660000000000025e-01 -2.324999999999999810e-03 7.410689999999999777e-01 -6.714210000000000456e-01 3.057999999999999954e-03
8.000000000000000000e+00 5.000000000000000000e+00 5.100000000000000000e+01 0.000000000000000000e+00 1.600000000000000089e+00 -3.347999999999999848e-03 1.521999999999999915e-03 -9.999930000000000208e-01 4.840070000000000205e-01 -8.750590000000000312e-01 -2.952999999999999896e-03 -8.750580000000000025e-01 -4.840139999999999998e-01 2.193000000000000071e-03
1.300000000000000000e+01 5.000000000000000000e+00 5.100000000000000000e+01 0.000000000000000000e+00 1.600000000000000089e+00 -5.010000000000000347e-04 -2.090000000000000115e-04 -1.000000000000000000e+00 4.859919999999999796e-01 -8.739630000000000454e-01 -6.099999999999999872e-05 -8.739630000000000454e-01 -4.859919999999999796e-01 5.400000000000000069e-04
2.300000000000000000e+01 5.000000000000000000e+00 5.100000000000000000e+01 0.000000000000000000e+00 1.600000000000000089e+00 -1.093999999999999920e-03 -2.527999999999999865e-03 -9.999959999999999960e-01 4.835769999999999791e-01 -8.752999999999999670e-01 1.683999999999999950e-03 -8.753009999999999957e-01 -4.835740000000000038e-01 2.180000000000000080e-03
1.600000000000000000e+01 6.000000000000000000e+00 5.100000000000000000e+01 0.000000000000000000e+00 1.600000000000000089e+00 5.609999999999999752e-04 -2.719999999999999979e-04 -1.000000000000000000e+00 3.198500000000000232e-01 -9.474679999999999769e-01 4.369999999999999970e-04 -9.474679999999999769e-01 -3.198500000000000232e-01 -4.440000000000000045e-04
2.000000000000000000e+00 1.150000000000000000e+02 5.100000000000000000e+01 0.000000000000000000e+00 1.600000000000000089e+00 -2.115000000000000126e-03 -8.366999999999999438e-03 9.999630000000000463e-01 8.446190000000000087e-01 -5.353609999999999758e-01 -2.693000000000000081e-03 5.353639999999999510e-01 8.445820000000000549e-01 8.198999999999999691e-03
7.000000000000000000e+00 1.150000000000000000e+02 5.100000000000000000e+01 0.000000000000000000e+00 1.600000000000000089e+00 -2.380000000000000117e-04 -6.544999999999999603e-03 9.999789999999999512e-01 8.454319999999999613e-01 -5.340730000000000199e-01 -3.294000000000000053e-03 5.340829999999999744e-01 8.454129999999999701e-01 5.661000000000000233e-03
1.800000000000000000e+01 1.600000000000000000e+01 5.200000000000000000e+01 0.000000000000000000e+00 1.600000000000000089e+00 -1.640799999999999897e-02 -1.592700000000000018e-02 -9.997380000000000155e-01 7.812700000000000200e-01 6.237780000000000546e-01 -2.276099999999999998e-02 6.239770000000000039e-01 -7.814389999999999947e-01 2.207999999999999893e-03
2.000000000000000000e+01 1.600000000000000000e+01 5.200000000000000000e+01 0.000000000000000000e+00 1.600000000000000089e+00 -1.545799999999999952e-02 -2.322899999999999965e-02 -9.996110000000000273e-01 7.902949999999999697e-01 6.121560000000000334e-01 -2.644699999999999829e-02 6.125319999999999654e-01 -7.903959999999999875e-01 8.895000000000000129e-03
1.000000000000000000e+00 6.300000000000000000e+01 5.400000000000000000e+01 0.000000000000000000e+00 1.600000000000000089e+00 1.229000000000000058e-03 -1.240000000000000000e-03 9.999980000000000535e-01 -3.434679999999999955e-01 9.391629999999999701e-01 1.587000000000000086e-03 -9.391639999999999988e-01 -3.434690000000000243e-01 7.280000000000000230e-04
8.000000000000000000e+00 6.300000000000000000e+01 5.400000000000000000e+01 0.000000000000000000e+00 1.600000000000000089e+00 2.700000000000000035e-04 -1.820000000000000057e-04 1.000000000000000000e+00 -3.530269999999999797e-01 9.356130000000000280e-01 2.660000000000000146e-04 -9.356130000000000280e-01 -3.530269999999999797e-01 1.879999999999999890e-04
1.900000000000000000e+01 6.300000000000000000e+01 5.400000000000000000e+01 0.000000000000000000e+00 1.600000000000000089e+00 -4.949999999999999973e-04 -1.778000000000000067e-03 9.999980000000000535e-01 -3.475880000000000081e-01 9.376459999999999795e-01 1.495000000000000018e-03 -9.376470000000000082e-01 -3.475860000000000061e-01 -1.082000000000000062e-03
2.400000000000000000e+01 6.300000000000000000e+01 5.400000000000000000e+01 0.000000000000000000e+00 1.600000000000000089e+00 1.118999999999999986e-03 -4.020000000000000136e-04 9.999989999999999712e-01 -3.419960000000000222e-01 9.397010000000000085e-01 7.600000000000000418e-04 -9.397010000000000085e-01 -3.419969999999999954e-01 9.139999999999999904e-04
2.900000000000000000e+01 6.300000000000000000e+01 5.400000000000000000e+01 0.000000000000000000e+00 1.600000000000000089e+00 3.400000000000000244e-04 1.311000000000000099e-03 9.999989999999999712e-01 -3.464380000000000237e-01 9.380720000000000169e-01 -1.111999999999999924e-03 -9.380730000000000457e-01 -3.464369999999999949e-01 7.730000000000000326e-04
6.000000000000000000e+00 2.500000000000000000e+01 5.500000000000000000e+01 0.000000000000000000e+00 1.600000000000000089e+00 7.990000000000000140e-04 -2.680000000000000090e-04 -1.000000000000000000e+00 -1.373300000000000042e-02 -9.999059999999999615e-01 2.570000000000000127e-04 -9.999050000000000438e-01 1.373300000000000042e-02 -8.030000000000000028e-04
1.100000000000000000e+01 2.500000000000000000e+01 5.500000000000000000e+01 0.000000000000000000e+00 1.600000000000000089e+00 1.580000000000000024e-03 2.879000000000000049e-03 -9.999949999999999672e-01 -1.227600000000000045e-02 -9.999200000000000310e-01 -2.897999999999999968e-03 -9.999230000000000063e-01 1.227999999999999925e-02 -1.544000000000000017e-03
2.700000000000000000e+01 2.500000000000000000e+01 5.500000000000000000e+01 0.000000000000000000e+00 1.600000000000000089e+00 1.054999999999999948e-03 2.258000000000000024e-03 -9.999970000000000248e-01 -8.580000000000000820e-03 -9.999609999999999888e-01 -2.266999999999999918e-03 -9.999630000000000463e-01 8.581999999999999351e-03 -1.036000000000000029e-03
2.500000000000000000e+01 6.800000000000000000e+01 5.700000000000000000e+01 0.000000000000000000e+00 1.600000000000000089e+00 4.949999999999999973e-04 3.887999999999999963e-03 -9.999919999999999920e-01 -2.428710000000000035e-01 -9.700509999999999966e-01 -3.892000000000000060e-03 -9.700590000000000046e-01 2.428710000000000035e-01 4.640000000000000027e-04
4.000000000000000000e+00 2.100000000000000000e+01 6.000000000000000000e+01 0.000000000000000000e+00 1.600000000000000089e+00 1.631999999999999987e-03 6.287000000000000054e-03 9.999789999999999512e-01 -9.592599999999999738e-02 9.953699999999999770e-01 -6.101999999999999785e-03 -9.953870000000000218e-01 -9.591399999999999926e-02 2.227999999999999946e-03
1.300000000000000000e+01 2.100000000000000000e+01 6.000000000000000000e+01 0.000000000000000000e+00 1.600000000000000089e+00 -8.459999999999999638e-04 -1.245999999999999929e-03 9.999989999999999712e-01 -9.782699999999999729e-02 9.952029999999999488e-01 1.157999999999999958e-03 -9.952029999999999488e-01 -9.782599999999999629e-02 -9.640000000000000131e-04
1.800000000000000000e+01 2.100000000000000000e+01 6.000000000000000000e+01 0.000000000000000000e+00 1.600000000000000089e+00 -2.935000000000000109e-03 -2.073999999999999889e-03 9.999940000000000495e-01 -9.673099999999999754e-02 9.953089999999999993e-01 1.781000000000000031e-03 -9.953060000000000240e-01 -9.672500000000000542e-02 -3.122000000000000209e-03
2.300000000000000000e+01 6.000000000000000000e+00 6.100000000000000000e+01 0.000000000000000000e+00 1.600000000000000089e+00 2.873000000000000120e-03 -6.570000000000000319e-03 9.999740000000000295e-01 5.688729999999999620e-01 -8.223949999999999871e-01 -7.037999999999999985e-03 8.224200000000000399e-01 5.688790000000000235e-01 1.374000000000000004e-03
1.100000000000000000e+01 3.000000000000000000e+00 6.300000000000000000e+01 0.000000000000000000e+00 1.600000000000000089e+00 -5.180000000000000143e-04 2.129999999999999949e-03 9.999980000000000535e-01 -6.157219999999999915e-01 7.879610000000000225e-01 -1.998000000000000210e-03 -7.879629999999999690e-01 -6.157219999999999915e-01 9.039999999999999642e-04
8.000000000000000000e+00 2.700000000000000000e+01 6.300000000000000000e+01 0.000000000000000000e+00 1.600000000000000089e+00 5.670000000000000127e-04 -1.142000000000000003e-03 9.999989999999999712e-01 -2.713740000000000041e-01 9.624730000000000230e-01 1.252999999999999991e-03 -9.624740000000000517e-01 -2.713740000000000041e-01 2.359999999999999902e-04
1.300000000000000000e+01 2.700000000000000000e+01 6.300000000000000000e+01 0.000000000000000000e+00 1.600000000000000089e+00 -1.147999999999999932e-03 5.779999999999999548e-04 9.999989999999999712e-01 -2.700919999999999987e-01 9.628339999999999677e-01 -8.660000000000000163e-04 -9.628339999999999677e-01 -2.700930000000000275e-01 -9.489999999999999738e-04
1.800000000000000000e+01 2.700000000000000000e+01 6.300000000000000000e+01 0.000000000000000000e+00 1.600000000000000089e+00 -2.478000000000000168e-03 -4.185000000000000352e-03 9.999879999999999880e-01 -2.708740000000000037e-01 9.626090000000000479e-01 3.357000000000000175e-03 -9.626120000000000232e-01 -2.708619999999999917e-01 -3.517999999999999860e-03
2.200000000000000000e+01 2.700000000000000000e+01 6.300000000000000000e+01 0.000000000000000000e+00 1.600000000000000089e+00 -3.240000000000000150e-04 -5.910000000000000539e-04 1.000000000000000000e+00 -2.737180000000000168e-01 9.618100000000000538e-01 4.800000000000000122e-04 -9.618100000000000538e-01 -2.737169999999999881e-01 -4.730000000000000046e-04
2.800000000000000000e+01 2.700000000000000000e+01 6.300000000000000000e+01 0.000000000000000000e+00 1.600000000000000089e+00 -1.745999999999999939e-03 6.243000000000000285e-03 9.999789999999999512e-01 -2.694480000000000208e-01 9.629929999999999879e-01 -6.481999999999999915e-03 -9.630130000000000079e-01 -2.694529999999999981e-01 9.999999999999999547e-07
4.000000000000000000e+00 2.600000000000000000e+01 6.400000000000000000e+01 0.000000000000000000e+00 1.600000000000000089e+00 1.013999999999999927e-03 -4.600000000000000004e-05 9.999989999999999712e-01 -3.586019999999999763e-01 9.334900000000000420e-01 4.060000000000000024e-04 -9.334900000000000420e-01 -3.586030000000000051e-01 9.300000000000000541e-04
7.000000000000000000e+00 2.600000000000000000e+01 6.400000000000000000e+01 0.000000000000000000e+00 1.600000000000000089e+00 6.579999999999999478e-04 -1.544999999999999932e-03 9.999989999999999712e-01 -3.558780000000000276e-01 9.345310000000000006e-01 1.678000000000000021e-03 -9.345320000000000293e-01 -3.558790000000000009e-01 6.499999999999999431e-05
1.000000000000000000e+01 2.600000000000000000e+01 6.400000000000000000e+01 0.000000000000000000e+00 1.600000000000000089e+00 -6.999999999999999387e-05 -1.988999999999999883e-03 9.999980000000000535e-01 -3.549619999999999997e-01 9.348790000000000155e-01 1.833999999999999910e-03 -9.348809999999999620e-01 -3.549619999999999997e-01 -7.709999999999999840e-04
1.800000000000000000e+01 2.600000000000000000e+01 6.400000000000000000e+01 0.000000000000000000e+00 1.600000000000000089e+00 -1.918000000000000000e-03 -3.400999999999999943e-03 9.999919999999999920e-01 -3.549990000000000090e-01 9.348629999999999995e-01 2.497999999999999787e-03 -9.348649999999999460e-01 -3.549910000000000010e-01 -3.000000000000000062e-03
2.300000000000000000e+01 2.600000000000000000e+01 6.400000000000000000e+01 0.000000000000000000e+00 1.600000000000000089e+00 3.730000000000000134e-04 9.810000000000001011e-04 9.999989999999999712e-01 -3.573549999999999782e-01 9.339680000000000204e-01 -7.829999999999999504e-04 -9.339680000000000204e-01 -3.573549999999999782e-01 6.989999999999999686e-04
2.700000000000000000e+01 2.600000000000000000e+01 6.400000000000000000e+01 0.000000000000000000e+00 1.600000000000000089e+00 -1.456999999999999962e-03 6.029999999999999770e-03 9.999810000000000088e-01 -3.525400000000000200e-01 9.357769999999999699e-01 -6.156000000000000014e-03 -9.357959999999999612e-01 -3.525420000000000220e-01 7.619999999999999820e-04
3.000000000000000000e+00 6.900000000000000000e+01 6.600000000000000000e+01 0.000000000000000000e+00 1.600000000000000089e+00 -2.939999999999999905e-04 2.249000000000000131e-03 9.999970000000000248e-01 -9.511039999999999495e-01 3.088690000000000047e-01 -9.740000000000000394e-04 -3.088699999999999779e-01 -9.511020000000000030e-01 2.047999999999999907e-03
1.200000000000000000e+01 6.900000000000000000e+01 6.600000000000000000e+01 0.000000000000000000e+00 1.600000000000000089e+00 -1.193000000000000050e-03 3.699999999999999947e-04 9.999989999999999712e-01 -9.512960000000000305e-01 3.082750000000000212e-01 -1.248999999999999893e-03 -3.082750000000000212e-01 -9.512969999999999482e-01 -1.599999999999999928e-05
