2.700000000000000000e+01 2.500000000000000000e+01 1.000000000000000000e+00 0.000000000000000000e+00 1.600000000000000089e+00 4.359000000000000027e-03 -3.592000000000000141e-03 -9.999839999999999840e-01 -5.187549999999999661e-01 -8.549229999999999885e-01 8.090000000000000403e-04 -8.549120000000000053e-01 5.187429999999999541e-01 -5.590000000000000351e-03
8.000000000000000000e+00 1.500000000000000000e+01 4.000000000000000000e+00 0.000000000000000000e+00 1.600000000000000089e+00 -2.621000000000000066e-03 -9.790000000000000525e-04 9.999959999999999960e-01 3.044540000000000024e-01 -9.525270000000000126e-01 -1.340000000000000045e-04 9.525240000000000373e-01 3.044520000000000004e-01 2.795000000000000175e-03
1.600000000000000000e+01 1.500000000000000000e+01 4.000000000000000000e+00 0.000000000000000000e+00 1.600000000000000089e+00 4.722999999999999768e-03 2.105999999999999799e-03 9.999869999999999592e-01 3.059479999999999977e-01 -9.520480000000000054e-01 5.599999999999999509e-04 9.520359999999999934e-01 3.059419999999999917e-01 -5.140999999999999737e-03
2.100000000000000000e+01 1.500000000000000000e+01 4.000000000000000000e+00 0.000000000000000000e+00 1.600000000000000089e+00 1.611000000000000019e-03 3.752999999999999826e-03 9.999919999999999920e-01 3.047079999999999789e-01 -9.524409999999999821e-01 3.083999999999999936e-03 9.524439999999999573e-01 3.047009999999999996e-01 -2.677999999999999825e-03
2.600000000000000000e+01 1.500000000000000000e+01 4.000000000000000000e+00 0.000000000000000000e+00 1.600000000000000089e+00 8.840000000000000201e-04 3.719000000000000083e-03 9.999930000000000208e-01 3.100669999999999815e-01 -9.507090000000000263e-01 3.262000000000000142e-03 9.507139999999999480e-01 3.100620000000000043e-01 -1.994000000000000113e-03
2.900000000000000000e+01 1.500000000000000000e+01 4.000000000000000000e+00 0.000000000000000000e+00 1.600000000000000089e+00 -3.950000000000000061e-04 2.628000000000000128e-03 9.999959999999999960e-01 3.111949999999999994e-01 -9.503430000000000488e-01 2.619999999999999933e-03 9.503460000000000241e-01 3.111949999999999994e-01 -4.420000000000000101e-04
1.300000000000000000e+01 1.010000000000000000e+02 7.000000000000000000e+00 0.000000000000000000e+00 1.600000000000000089e+00 -1.162999999999999971e-03 -6.388999999999999714e-03 9.999789999999999512e-01 8.843659999999999854e-01 4.667760000000000242e-01 4.010999999999999809e-03 -4.667919999999999847e-01 8.843520000000000270e-01 5.107000000000000428e-03
1.600000000000000000e+01 1.010000000000000000e+02 7.000000000000000000e+00 0.000000000000000000e+00 1.600000000000000089e+00 -3.380000000000000192e-03 2.370999999999999844e-03 9.999909999999999632e-01 8.832200000000000051e-01 4.689550000000000107e-01 1.873000000000000099e-03 -4.689470000000000027e-01 8.832189999999999763e-01 -3.678999999999999979e-03
3.000000000000000000e+00 2.500000000000000000e+01 8.000000000000000000e+00 0.000000000000000000e+00 1.600000000000000089e+00 4.229999999999999819e-04 -3.743999999999999932e-03 -9.999930000000000208e-01 4.422280000000000100e-01 8.968970000000000553e-01 -3.171000000000000207e-03 8.969030000000000058e-01 -4.422229999999999772e-01 2.034999999999999917e-03
8.000000000000000000e+00 2.500000000000000000e+01 8.000000000000000000e+00 0.000000000000000000e+00 1.600000000000000089e+00 2.256000000000000193e-03 4.110000000000000155e-04 -9.999970000000000248e-01 4.419799999999999840e-01 8.970240000000000435e-01 1.366000000000000027e-03 8.970219999999999860e-01 -4.419819999999999860e-01 1.842000000000000104e-03
1.200000000000000000e+01 2.500000000000000000e+01 8.000000000000000000e+00 0.000000000000000000e+00 1.600000000000000089e+00 1.136000000000000074e-03 9.520000000000000467e-04 -9.999989999999999712e-01 4.427650000000000197e-01 8.966370000000000173e-01 1.356000000000000000e-03 8.966370000000000173e-01 -4.427659999999999929e-01 5.969999999999999829e-04
2.000000000000000000e+01 2.500000000000000000e+01 8.000000000000000000e+00 0.000000000000000000e+00 1.600000000000000089e+00 6.899999999999999667e-05 -1.621999999999999961e-03 -9.999989999999999712e-01 4.425220000000000264e-01 8.967559999999999976e-01 -1.423999999999999919e-03 8.967580000000000551e-01 -4.425209999999999977e-01 7.799999999999999859e-04
2.400000000000000000e+01 2.500000000000000000e+01 8.000000000000000000e+00 0.000000000000000000e+00 1.600000000000000089e+00 -3.176000000000000004e-03 -5.068999999999999721e-03 -9.999820000000000375e-01 4.431499999999999884e-01 8.964280000000000026e-01 -5.950999999999999693e-03 8.964419999999999611e-01 -4.431610000000000271e-01 -6.009999999999999717e-04
2.700000000000000000e+01 2.500000000000000000e+01 8.000000000000000000e+00 0.000000000000000000e+00 1.600000000000000089e+00 -1.925000000000000062e-03 -6.797000000000000090e-03 -9.999749999999999472e-01 4.440819999999999768e-01 8.959589999999999499e-01 -6.944999999999999785e-03 8.959840000000000027e-01 -4.440850000000000075e-01 1.294000000000000011e-03
3.000000000000000000e+00 2.400000000000000000e+01 9.000000000000000000e+00 0.000000000000000000e+00 1.600000000000000089e+00 2.649999999999999903e-04 -5.263000000000000317e-03 -9.999860000000000415e-01 4.443639999999999812e-01 8.958350000000000479e-01 -4.597000000000000391e-03 8.958460000000000312e-01 -4.443570000000000020e-01 2.576000000000000165e-03
1.200000000000000000e+01 2.400000000000000000e+01 9.000000000000000000e+00 0.000000000000000000e+00 1.600000000000000089e+00 9.510000000000000224e-04 3.003000000000000027e-03 -9.999949999999999672e-01 4.444969999999999755e-01 8.957749999999999879e-01 3.112999999999999882e-03 8.957800000000000207e-01 -4.444969999999999755e-01 -4.829999999999999767e-04
2.000000000000000000e+01 2.400000000000000000e+01 9.000000000000000000e+00 0.000000000000000000e+00 1.600000000000000089e+00 5.399999999999999798e-05 -2.258000000000000024e-03 -9.999970000000000248e-01 4.455450000000000244e-01 8.952569999999999695e-01 -1.998000000000000210e-03 8.952590000000000270e-01 -4.455439999999999956e-01 1.054000000000000032e-03
2.300000000000000000e+01 2.400000000000000000e+01 9.000000000000000000e+00 0.000000000000000000e+00 1.600000000000000089e+00 -2.550999999999999882e-03 -5.334000000000000200e-03 -9.999820000000000375e-01 4.458210000000000228e-01 8.951029999999999820e-01 -5.911999999999999721e-03 8.951189999999999980e-01 -4.458280000000000021e-01 9.500000000000000523e-05
3.000000000000000000e+01 2.400000000000000000e+01 9.000000000000000000e+00 0.000000000000000000e+00 1.600000000000000089e+00 3.100000000000000135e-05 -4.880999999999999922e-03 -9.999879999999999880e-01 4.480669999999999931e-01 8.939899999999999514e-01 -4.348999999999999568e-03 8.940000000000000169e-01 -4.480609999999999871e-01 2.214999999999999955e-03
1.200000000000000000e+01 3.100000000000000000e+01 1.200000000000000000e+01 0.000000000000000000e+00 1.600000000000000089e+00 -1.789999999999999870e-04 -3.657999999999999793e-03 9.999930000000000208e-01 9.110999999999999308e-03 9.999519999999999520e-01 3.658999999999999926e-03 -9.999580000000000135e-01 9.110999999999999308e-03 -1.450000000000000009e-04
2.000000000000000000e+01 3.100000000000000000e+01 1.200000000000000000e+01 0.000000000000000000e+00 1.600000000000000089e+00 -1.720000000000000066e-04 2.950000000000000148e-04 1.000000000000000000e+00 1.915499999999999842e-02 9.998160000000000380e-01 -2.919999999999999961e-04 -9.998169999999999558e-01 1.915499999999999842e-02 -1.779999999999999898e-04
2.500000000000000000e+01 3.100000000000000000e+01 1.200000000000000000e+01 0.000000000000000000e+00 1.600000000000000089e+00 1.013999999999999927e-03 9.020000000000000240e-04 9.999989999999999712e-01 1.830499999999999836e-02 9.998320000000000540e-01 -9.210000000000000521e-04 -9.998320000000000540e-01 1.830599999999999936e-02 9.970000000000000563e-04
1.300000000000000000e+01 1.160000000000000000e+02 1.600000000000000000e+01 0.000000000000000000e+00 1.600000000000000089e+00 1.409000000000000096e-03 2.139999999999999975e-03 9.999970000000000248e-01 6.751559999999999784e-01 7.376709999999999656e-01 -2.530000000000000131e-03 -7.376740000000000519e-01 6.751570000000000071e-01 -4.049999999999999781e-04
2.300000000000000000e+01 1.160000000000000000e+02 1.600000000000000000e+01 0.000000000000000000e+00 1.600000000000000089e+00 3.820000000000000153e-04 -1.575999999999999927e-03 9.999989999999999712e-01 6.920159999999999645e-01 7.218820000000000237e-01 8.729999999999999696e-04 -7.218820000000000237e-01 6.920140000000000180e-01 1.366000000000000027e-03
2.600000000000000000e+01 1.160000000000000000e+02 1.600000000000000000e+01 0.000000000000000000e+00 1.600000000000000089e+00 4.704999999999999981e-03 3.755999999999999790e-03 9.999820000000000375e-01 7.012709999999999777e-01 7.128700000000000037e-01 -5.976999999999999674e-03 -7.128799999999999581e-01 7.012859999999999649e-01 7.209999999999999612e-04
1.000000000000000000e+01 2.000000000000000000e+00 1.900000000000000000e+01 0.000000000000000000e+00 1.600000000000000089e+00 -2.011000000000000201e-03 3.265000000000000107e-03 -9.999930000000000208e-01 1.920850000000000057e-01 -9.813720000000000221e-01 -3.591000000000000008e-03 -9.813760000000000261e-01 -1.920910000000000117e-01 1.347000000000000107e-03
1.400000000000000000e+01 2.000000000000000000e+00 1.900000000000000000e+01 0.000000000000000000e+00 1.600000000000000089e+00 -4.250999999999999571e-03 1.604500000000000023e-02 -9.998620000000000285e-01 1.943860000000000032e-01 -9.807850000000000179e-01 -1.656499999999999986e-02 -9.809160000000000101e-01 -1.944299999999999917e-01 1.051000000000000068e-03
2.000000000000000000e+01 2.000000000000000000e+00 1.900000000000000000e+01 0.000000000000000000e+00 1.600000000000000089e+00 4.538000000000000367e-03 -6.440999999999999677e-03 -9.999689999999999968e-01 1.996199999999999919e-01 -9.798470000000000235e-01 7.217000000000000325e-03 -9.798630000000000395e-01 -1.996469999999999911e-01 -3.161000000000000181e-03
2.400000000000000000e+01 2.000000000000000000e+00 1.900000000000000000e+01 0.000000000000000000e+00 1.600000000000000089e+00 2.694999999999999913e-03 -3.373000000000000130e-03 -9.999909999999999632e-01 1.980159999999999976e-01 -9.801910000000000345e-01 3.840000000000000097e-03 -9.801950000000000385e-01 -1.980250000000000066e-01 -1.972999999999999927e-03
2.800000000000000000e+01 2.000000000000000000e+00 1.900000000000000000e+01 0.000000000000000000e+00 1.600000000000000089e+00 2.724999999999999992e-03 -5.850000000000000165e-04 -9.999959999999999960e-01 1.966509999999999925e-01 -9.804730000000000389e-01 1.110000000000000092e-03 -9.804699999999999527e-01 -1.966529999999999945e-01 -2.556999999999999811e-03
2.100000000000000000e+01 4.000000000000000000e+00 2.000000000000000000e+01 0.000000000000000000e+00 1.600000000000000089e+00 6.706000000000000155e-03 -2.347999999999999827e-03 -9.999749999999999472e-01 2.832950000000000190e-01 -9.590239999999999876e-01 4.152000000000000308e-03 -9.590090000000000003e-01 -2.833149999999999835e-01 -5.766000000000000292e-03
2.800000000000000000e+01 4.000000000000000000e+00 2.000000000000000000e+01 0.000000000000000000e+00 1.600000000000000089e+00 2.910999999999999959e-03 9.959999999999999236e-04 -9.999949999999999672e-01 2.867359999999999909e-01 -9.580100000000000282e-01 -1.200000000000000030e-04 -9.580049999999999955e-01 -2.867339999999999889e-01 -3.073999999999999910e-03
8.000000000000000000e+00 1.300000000000000000e+01 2.000000000000000000e+01 0.000000000000000000e+00 1.600000000000000089e+00 -2.132000000000000214e-03 -5.440000000000000391e-03 9.999829999999999552e-01 2.478960000000000052e-01 9.687689999999999912e-01 5.799000000000000335e-03 -9.687839999999999785e-01 2.479040000000000132e-01 -7.169999999999999724e-04
1.100000000000000000e+01 1.300000000000000000e+01 2.000000000000000000e+01 0.000000000000000000e+00 1.600000000000000089e+00 -8.408999999999999808e-03 -1.478900000000000006e-02 9.998550000000000493e-01 2.492290000000000061e-01 9.683049999999999713e-01 1.641899999999999957e-02 -9.684080000000000465e-01 2.493309999999999971e-01 -4.455999999999999892e-03
1.700000000000000000e+01 1.300000000000000000e+01 2.000000000000000000e+01 0.000000000000000000e+00 1.600000000000000089e+00 -4.807999999999999774e-03 -6.117000000000000041e-03 9.999700000000000255e-01 2.563699999999999868e-01 9.665519999999999667e-01 7.145999999999999575e-03 -9.665669999999999540e-01 2.563969999999999860e-01 -3.078000000000000007e-03
2.200000000000000000e+01 1.300000000000000000e+01 2.000000000000000000e+01 0.000000000000000000e+00 1.600000000000000089e+00 6.133999999999999696e-03 8.243999999999999592e-03 9.999470000000000303e-01 2.513219999999999898e-01 9.678569999999999673e-01 -9.520999999999999949e-03 -9.678839999999999666e-01 2.513670000000000071e-01 3.864999999999999946e-03
3.000000000000000000e+01 1.300000000000000000e+01 2.000000000000000000e+01 0.000000000000000000e+00 1.600000000000000089e+00 2.603999999999999978e-03 -2.100000000000000087e-04 9.999970000000000248e-01 2.515669999999999851e-01 9.678400000000000336e-01 -4.519999999999999821e-04 -9.678360000000000296e-01 2.515680000000000138e-01 2.573000000000000200e-03
1.500000000000000000e+01 1.600000000000000000e+01 2.100000000000000000e+01 0.000000000000000000e+00 1.600000000000000089e+00 -1.097300000000000011e-02 -1.915999999999999995e-02 9.997559999999999780e-01 2.996050000000000102e-01 9.538189999999999724e-01 2.156800000000000037e-02 -9.539999999999999591e-01 2.997690000000000077e-01 -4.726000000000000166e-03
1.800000000000000000e+01 1.600000000000000000e+01 2.100000000000000000e+01 0.000000000000000000e+00 1.600000000000000089e+00 -2.516000000000000007e-03 -2.779999999999999811e-04 9.999970000000000248e-01 3.011320000000000108e-01 9.535820000000000407e-01 1.023000000000000038e-03 -9.535789999999999544e-01 3.011340000000000128e-01 -2.314999999999999784e-03
1.800000000000000000e+01 4.800000000000000000e+01 2.400000000000000000e+01 0.000000000000000000e+00 1.600000000000000089e+00 -2.912000000000000092e-03 -1.487999999999999956e-03 9.999949999999999672e-01 8.595099999999999962e-01 5.111080000000000068e-01 3.263999999999999974e-03 -5.111099999999999532e-01 8.595150000000000290e-01 -2.090000000000000115e-04
4.000000000000000000e+00 3.000000000000000000e+00 2.500000000000000000e+01 0.000000000000000000e+00 1.600000000000000089e+00 2.827000000000000086e-03 -8.890000000000000333e-04 9.999959999999999960e-01 -5.753899999999999987e-02 -9.983429999999999804e-01 -7.249999999999999500e-04 9.983389999999999764e-01 -5.753699999999999787e-02 -2.873999999999999819e-03
9.000000000000000000e+00 3.000000000000000000e+00 2.500000000000000000e+01 0.000000000000000000e+00 1.600000000000000089e+00 6.444000000000000075e-03 -3.487000000000000082e-03 9.999730000000000008e-01 -6.526800000000000657e-02 -9.978630000000000555e-01 -3.059000000000000087e-03 9.978470000000000395e-01 -6.524699999999999944e-02 -6.657999999999999856e-03
1.300000000000000000e+01 3.000000000000000000e+00 2.500000000000000000e+01 0.000000000000000000e+00 1.600000000000000089e+00 1.609999999999999973e-02 5.109999999999999525e-04 9.998700000000000365e-01 -6.213199999999999973e-02 -9.980670000000000375e-01 1.510999999999999973e-03 9.979379999999999917e-01 -6.214900000000000285e-02 -1.603699999999999917e-02
2.400000000000000000e+01 3.000000000000000000e+00 2.500000000000000000e+01 0.000000000000000000e+00 1.600000000000000089e+00 -1.262800000000000034e-02 -2.858999999999999996e-03 9.999160000000000270e-01 -5.699900000000000105e-02 -9.983680000000000332e-01 -3.575000000000000053e-03 9.982940000000000147e-01 -5.704000000000000042e-02 1.244400000000000020e-02
2.700000000000000000e+01 3.000000000000000000e+00 2.500000000000000000e+01 0.000000000000000000e+00 1.600000000000000089e+00 -9.001000000000000320e-03 -1.000000000000000048e-04 9.999590000000000423e-01 -5.232400000000000245e-02 -9.986300000000000177e-01 -5.710000000000000015e-04 9.985899999999999777e-01 -5.232699999999999851e-02 8.984000000000000666e-03
6.000000000000000000e+00 4.600000000000000000e+01 2.700000000000000000e+01 0.000000000000000000e+00 1.600000000000000089e+00 -1.392999999999999924e-03 -7.259999999999999743e-04 -9.999989999999999712e-01 6.592280000000000362e-01 7.519409999999999705e-01 -1.464000000000000024e-03 7.519409999999999705e-01 -6.592299999999999827e-01 -5.689999999999999529e-04
1.100000000000000000e+01 4.600000000000000000e+01 2.700000000000000000e+01 0.000000000000000000e+00 1.600000000000000089e+00 -3.350000000000000113e-04 -2.984999999999999806e-03 -9.999949999999999672e-01 6.551909999999999679e-01 7.554589999999999916e-01 -2.475000000000000203e-03 7.554629999999999956e-01 -6.551890000000000214e-01 1.701999999999999954e-03
2.400000000000000000e+01 4.600000000000000000e+01 2.700000000000000000e+01 0.000000000000000000e+00 1.600000000000000089e+00 -1.420999999999999954e-03 2.462999999999999912e-03 -9.999959999999999960e-01 6.499920000000000142e-01 7.599399999999999489e-01 9.479999999999999495e-04 7.599390000000000311e-01 -6.499880000000000102e-01 -2.680999999999999790e-03
2.800000000000000000e+01 4.600000000000000000e+01 2.700000000000000000e+01 0.000000000000000000e+00 1.600000000000000089e+00 -9.219999999999999680e-04 1.374000000000000004e-03 -9.999989999999999712e-01 6.478289999999999882e-01 7.617859999999999632e-01 4.499999999999999877e-04 7.617850000000000454e-01 -6.478279999999999594e-01 -1.593000000000000015e-03
7.000000000000000000e+00 4.600000000000000000e+01 3.000000000000000000e+01 0.000000000000000000e+00 1.600000000000000089e+00 -7.079999999999999705e-04 5.400000000000000069e-04 -1.000000000000000000e+00 3.325359999999999983e-01 9.430899999999999839e-01 2.739999999999999923e-04 9.430899999999999839e-01 -3.325359999999999983e-01 -8.480000000000000124e-04
5.000000000000000000e+00 5.800000000000000000e+01 3.100000000000000000e+01 0.000000000000000000e+00 1.600000000000000089e+00 -2.831000000000000183e-03 -4.884999999999999586e-03 9.999839999999999840e-01 -7.946689999999999587e-01 -6.070210000000000328e-01 -5.215000000000000017e-03 6.070370000000000488e-01 -7.946710000000000163e-01 -2.164000000000000125e-03
9.000000000000000000e+00 5.800000000000000000e+01 3.100000000000000000e+01 0.000000000000000000e+00 1.600000000000000089e+00 -1.500000000000000038e-05 -2.944000000000000002e-03 9.999959999999999960e-01 -7.956600000000000339e-01 -6.057399999999999451e-01 -1.794999999999999938e-03 6.057430000000000314e-01 -7.956569999999999476e-01 -2.333000000000000004e-03
1.500000000000000000e+01 5.800000000000000000e+01 3.100000000000000000e+01 0.000000000000000000e+00 1.600000000000000089e+00 5.280000000000000405e-04 -1.201000000000000028e-03 9.999989999999999712e-01 -7.984620000000000051e-01 -6.020450000000000523e-01 -3.020000000000000223e-04 6.020450000000000523e-01 -7.984609999999999763e-01 -1.276999999999999923e-03
2.100000000000000000e+01 5.800000000000000000e+01 3.100000000000000000e+01 0.000000000000000000e+00 1.600000000000000089e+00 -1.265999999999999981e-03 1.389999999999999905e-04 9.999989999999999712e-01 -7.991390000000000438e-01 -6.011450000000000404e-01 -9.280000000000000054e-04 6.011450000000000404e-01 -7.991399999999999615e-01 8.720000000000000537e-04
2.800000000000000000e+01 5.800000000000000000e+01 3.100000000000000000e+01 0.000000000000000000e+00 1.600000000000000089e+00 -8.850000000000000444e-04 -1.672000000000000092e-03 9.999980000000000535e-01 -8.001230000000000286e-01 -5.998339999999999783e-01 -1.711000000000000064e-03 5.998360000000000358e-01 -8.001230000000000286e-01 -8.069999999999999916e-04
7.000000000000000000e+00 2.300000000000000000e+01 3.400000000000000000e+01 0.000000000000000000e+00 1.600000000000000089e+00 -7.200000000000000453e-04 2.699000000000000010e-03 9.999959999999999960e-01 4.007339999999999791e-01 -9.161899999999999489e-01 2.762000000000000132e-03 9.161939999999999529e-01 4.007339999999999791e-01 -4.220000000000000118e-04
3.000000000000000000e+00 4.200000000000000000e+01 3.400000000000000000e+01 0.000000000000000000e+00 1.600000000000000089e+00 -3.778999999999999807e-03 2.840000000000000185e-04 -9.999930000000000208e-01 -2.910739999999999994e-01 9.566999999999999948e-01 1.371999999999999956e-03 9.566930000000000156e-01 2.910769999999999746e-01 -3.533000000000000116e-03
7.000000000000000000e+00 4.200000000000000000e+01 3.400000000000000000e+01 0.000000000000000000e+00 1.600000000000000089e+00 7.110000000000000434e-04 -2.307000000000000023e-03 -9.999970000000000248e-01 -2.918399999999999883e-01 9.564639999999999809e-01 -2.413999999999999913e-03 9.564669999999999561e-01 2.918399999999999883e-01 6.000000000000000152e-06
3.000000000000000000e+00 4.600000000000000000e+01 3.500000000000000000e+01 0.000000000000000000e+00 1.600000000000000089e+00 1.603999999999999957e-03 -1.856999999999999927e-03 -9.999970000000000248e-01 3.833119999999999861e-01 -9.236159999999999926e-01 2.330000000000000040e-03 -9.236180000000000501e-01 -3.833139999999999881e-01 -7.699999999999999597e-04
8.000000000000000000e+00 4.600000000000000000e+01 3.500000000000000000e+01 0.000000000000000000e+00 1.600000000000000089e+00 -4.809999999999999823e-04 2.530000000000000239e-04 -1.000000000000000000e+00 3.839920000000000000e-01 -9.233360000000000456e-01 -4.180000000000000230e-04 -9.233360000000000456e-01 -3.839920000000000000e-01 3.469999999999999777e-04
1.400000000000000000e+01 4.600000000000000000e+01 3.500000000000000000e+01 0.000000000000000000e+00 1.600000000000000089e+00 -4.131000000000000123e-03 2.073999999999999889e-03 -9.999890000000000168e-01 3.887749999999999817e-01 -9.213259999999999783e-01 -3.517000000000000161e-03 -9.213230000000000031e-01 -3.887860000000000205e-01 2.998999999999999930e-03
2.000000000000000000e+01 4.600000000000000000e+01 3.500000000000000000e+01 0.000000000000000000e+00 1.600000000000000089e+00 1.853999999999999962e-03 2.699999999999999899e-05 -9.999980000000000535e-01 3.861609999999999765e-01 -9.224310000000000009e-01 6.909999999999999910e-04 -9.224290000000000544e-01 -3.861620000000000053e-01 -1.721000000000000090e-03
2.300000000000000000e+01 4.600000000000000000e+01 3.500000000000000000e+01 0.000000000000000000e+00 1.600000000000000089e+00 1.948999999999999995e-03 4.418000000000000052e-03 -9.999879999999999880e-01 3.855310000000000126e-01 -9.226889999999999814e-01 -3.324999999999999831e-03 -9.226929999999999854e-01 -3.855199999999999738e-01 -3.501999999999999905e-03
5.000000000000000000e+00 9.500000000000000000e+01 3.600000000000000000e+01 0.000000000000000000e+00 1.600000000000000089e+00 1.534800000000000053e-02 2.478100000000000094e-02 9.995749999999999913e-01 9.973260000000000458e-01 7.105899999999999717e-02 -1.707499999999999990e-02 -7.145200000000000162e-02 9.971640000000000503e-01 -2.362399999999999917e-02
1.000000000000000000e+01 9.500000000000000000e+01 3.600000000000000000e+01 0.000000000000000000e+00 1.600000000000000089e+00 -1.304999999999999953e-03 -3.308999999999999875e-03 9.999940000000000495e-01 9.976690000000000280e-01 6.822400000000000686e-02 1.528000000000000061e-03 -6.822899999999999798e-02 9.976650000000000240e-01 3.212000000000000011e-03
1.300000000000000000e+01 9.500000000000000000e+01 3.600000000000000000e+01 0.000000000000000000e+00 1.600000000000000089e+00 -1.027800000000000068e-02 -9.325999999999999221e-03 9.999040000000000150e-01 9.979299999999999837e-01 6.338599999999999790e-02 1.084899999999999927e-02 -6.348099999999999576e-02 9.979459999999999997e-01 8.654999999999999499e-03
2.300000000000000000e+01 9.500000000000000000e+01 3.600000000000000000e+01 0.000000000000000000e+00 1.600000000000000089e+00 -2.897999999999999968e-03 -1.359699999999999971e-02 9.999029999999999863e-01 9.984979999999999967e-01 5.467299999999999938e-02 3.637000000000000042e-03 -5.471800000000000275e-02 9.984119999999999662e-01 1.341799999999999937e-02
9.000000000000000000e+00 9.500000000000000000e+01 3.700000000000000000e+01 0.000000000000000000e+00 1.600000000000000089e+00 3.311000000000000141e-03 -1.157999999999999958e-03 9.999940000000000495e-01 9.959209999999999452e-01 9.017600000000000615e-02 -3.193000000000000092e-03 -9.017100000000000115e-02 9.959249999999999492e-01 1.451999999999999949e-03
1.900000000000000000e+01 3.000000000000000000e+00 4.300000000000000000e+01 0.000000000000000000e+00 1.600000000000000089e+00 1.491100000000000064e-02 -1.329400000000000026e-02 -9.998000000000000220e-01 7.317829999999999613e-01 -6.812449999999999894e-01 1.997200000000000017e-02 -6.813749999999999529e-01 -7.319350000000000023e-01 -4.290000000000000193e-04
6.000000000000000000e+00 2.900000000000000000e+01 4.400000000000000000e+01 0.000000000000000000e+00 1.600000000000000089e+00 -5.680000000000000370e-04 -3.299999999999999982e-04 -1.000000000000000000e+00 6.437129999999999797e-01 7.652670000000000305e-01 -6.179999999999999513e-04 7.652670000000000305e-01 -6.437129999999999797e-01 -2.220000000000000022e-04
1.200000000000000000e+01 2.900000000000000000e+01 4.400000000000000000e+01 0.000000000000000000e+00 1.600000000000000089e+00 -8.459999999999999638e-04 1.072000000000000036e-03 -9.999989999999999712e-01 6.514560000000000350e-01 7.586870000000000003e-01 2.620000000000000258e-04 7.586859999999999715e-01 -6.514550000000000063e-01 -1.340000000000000045e-03
1.700000000000000000e+01 2.900000000000000000e+01 4.400000000000000000e+01 0.000000000000000000e+00 1.600000000000000089e+00 7.659999999999999708e-04 5.176000000000000045e-03 -9.999860000000000415e-01 6.595910000000000384e-01 7.516119999999999468e-01 4.395999999999999734e-03 7.516239999999999588e-01 -6.595860000000000056e-01 -2.837999999999999811e-03
2.100000000000000000e+01 2.900000000000000000e+01 4.400000000000000000e+01 0.000000000000000000e+00 1.600000000000000089e+00 1.659999999999999963e-04 -2.337999999999999801e-03 -9.999970000000000248e-01 6.682090000000000529e-01 7.439719999999999667e-01 -1.628000000000000107e-03 7.439740000000000242e-01 -6.682069999999999954e-01 1.685000000000000083e-03
2.500000000000000000e+01 2.900000000000000000e+01 4.400000000000000000e+01 0.000000000000000000e+00 1.600000000000000089e+00 -1.310000000000000129e-04 -1.978000000000000157e-03 -9.999980000000000535e-01 6.651569999999999983e-01 7.467019999999999769e-01 -1.564000000000000069e-03 7.467040000000000344e-01 -6.651559999999999695e-01 1.217999999999999899e-03
5.000000000000000000e+00 6.500000000000000000e+01 4.600000000000000000e+01 0.000000000000000000e+00 1.600000000000000089e+00 -3.359999999999999814e-04 -1.101999999999999898e-03 9.999989999999999712e-01 6.794580000000000064e-01 -7.337139999999999773e-01 -5.800000000000000034e-04 7.337139999999999773e-01 6.794569999999999776e-01 9.950000000000000077e-04
2.400000000000000000e+01 5.000000000000000000e+00 5.100000000000000000e+01 0.000000000000000000e+00 1.600000000000000089e+00 -2.250999999999999963e-03 -5.436999999999999993e-03 -9.999829999999999552e-01 4.852589999999999959e-01 -8.743630000000000013e-01 3.661999999999999891e-03 -8.743670000000000053e-01 -4.852429999999999799e-01 4.605999999999999851e-03
7.000000000000000000e+00 4.400000000000000000e+01 5.300000000000000000e+01 0.000000000000000000e+00 1.600000000000000089e+00 5.474500000000000199e-02 -4.641120000000000245e-01 -8.840829999999999522e-01 8.640399999999999470e-02 -8.798880000000000035e-01 4.672589999999999799e-01 -9.947549999999999448e-01 -1.019680000000000031e-01 -8.068000000000000518e-03
6.000000000000000000e+00 4.500000000000000000e+01 5.300000000000000000e+01 0.000000000000000000e+00 1.600000000000000089e+00 7.762299999999999756e-02 -6.541339999999999932e-01 -7.523849999999999705e-01 8.183699999999999308e-02 -7.479339999999999877e-01 6.587079999999999602e-01 -9.936180000000000012e-01 -1.127039999999999986e-01 -4.525000000000000376e-03
5.000000000000000000e+00 4.600000000000000000e+01 5.300000000000000000e+01 0.000000000000000000e+00 1.600000000000000089e+00 1.005769999999999997e-01 -7.264469999999999539e-01 -6.798220000000000374e-01 1.062830000000000025e-01 -6.715320000000000178e-01 7.333129999999999926e-01 -9.892360000000000042e-01 -1.460079999999999989e-01 9.667999999999999511e-03
2.000000000000000000e+00 5.000000000000000000e+01 5.400000000000000000e+01 0.000000000000000000e+00 1.600000000000000089e+00 9.858799999999999508e-02 -5.685679999999999623e-01 -8.167069999999999608e-01 2.787009999999999765e-01 -7.720860000000000500e-01 5.711479999999999890e-01 -9.553040000000000420e-01 -2.839249999999999829e-01 8.234199999999999853e-02
2.000000000000000000e+00 6.300000000000000000e+01 5.400000000000000000e+01 0.000000000000000000e+00 1.600000000000000089e+00 -1.541999999999999968e-03 3.242999999999999789e-03 9.999940000000000495e-01 -3.613160000000000260e-01 9.324369999999999603e-01 -3.580999999999999982e-03 -9.324419999999999931e-01 -3.613190000000000013e-01 -2.660000000000000146e-04
9.000000000000000000e+00 6.300000000000000000e+01 5.400000000000000000e+01 0.000000000000000000e+00 1.600000000000000089e+00 -4.110000000000000155e-04 2.500000000000000052e-04 1.000000000000000000e+00 -3.479909999999999948e-01 9.374980000000000535e-01 -3.770000000000000022e-04 -9.374980000000000535e-01 -3.479920000000000235e-01 -2.990000000000000036e-04
1.800000000000000000e+01 6.300000000000000000e+01 5.400000000000000000e+01 0.000000000000000000e+00 1.600000000000000089e+00 -6.819999999999999890e-04 -1.397000000000000021e-03 9.999989999999999712e-01 -3.515340000000000131e-01 9.361749999999999794e-01 1.067999999999999939e-03 -9.361749999999999794e-01 -3.515329999999999844e-01 -1.129000000000000012e-03
2.300000000000000000e+01 6.300000000000000000e+01 5.400000000000000000e+01 0.000000000000000000e+00 1.600000000000000089e+00 1.778000000000000067e-03 -2.349999999999999930e-04 9.999980000000000535e-01 -3.531670000000000087e-01 9.355599999999999472e-01 8.480000000000000124e-04 -9.355580000000000007e-01 -3.531679999999999819e-01 1.580999999999999940e-03
2.700000000000000000e+01 6.300000000000000000e+01 5.400000000000000000e+01 0.000000000000000000e+00 1.600000000000000089e+00 1.363000000000000062e-03 -1.644000000000000062e-03 9.999980000000000535e-01 -3.560420000000000251e-01 9.344679999999999653e-01 2.021999999999999926e-03 -9.344689999999999941e-01 -3.560429999999999984e-01 6.890000000000000508e-04
4.000000000000000000e+00 2.500000000000000000e+01 5.500000000000000000e+01 0.000000000000000000e+00 1.600000000000000089e+00 -1.005000000000000034e-03 -1.948000000000000079e-03 -9.999980000000000535e-01 -1.120699999999999995e-02 -9.999350000000000183e-01 1.958999999999999804e-03 -9.999369999999999647e-01 1.120900000000000021e-02 9.840000000000000656e-04
1.200000000000000000e+01 2.600000000000000000e+01 5.500000000000000000e+01 0.000000000000000000e+00 1.600000000000000089e+00 2.909000000000000127e-03 2.146699999999999997e-02 -9.997650000000000148e-01 -3.262600000000000222e-02 -9.992349999999999843e-01 -2.155100000000000071e-02 -9.994629999999999903e-01 3.268100000000000172e-02 -2.207000000000000194e-03
2.100000000000000000e+01 7.600000000000000000e+01 5.600000000000000000e+01 0.000000000000000000e+00 1.600000000000000089e+00 -1.789999999999999870e-04 -4.126000000000000327e-03 -9.999909999999999632e-01 -1.191470000000000029e-01 9.928679999999999728e-01 -4.074999999999999629e-03 9.928770000000000095e-01 1.191450000000000009e-01 -6.689999999999999983e-04
9.000000000000000000e+00 6.800000000000000000e+01 5.700000000000000000e+01 0.000000000000000000e+00 1.600000000000000089e+00 -1.119999999999999902e-03 -1.122100000000000007e-02 -9.999360000000000470e-01 -2.494790000000000063e-01 -9.683159999999999545e-01 1.114599999999999966e-02 -9.683800000000000185e-01 2.494750000000000023e-01 -1.714999999999999945e-03
2.300000000000000000e+01 2.000000000000000000e+01 6.000000000000000000e+01 0.000000000000000000e+00 1.600000000000000089e+00 -1.428999999999999932e-03 5.205999999999999690e-03 9.999850000000000128e-01 -6.400999999999999746e-02 9.979350000000000165e-01 -5.285999999999999900e-03 -9.979479999999999462e-01 -6.401700000000000446e-02 -1.093000000000000005e-03
1.000000000000000000e+00 2.100000000000000000e+01 6.000000000000000000e+01 0.000000000000000000e+00 1.600000000000000089e+00 -1.092000000000000089e-03 -5.035999999999999678e-03 9.999869999999999592e-01 -9.921000000000000651e-02 9.950539999999999941e-01 4.903000000000000240e-03 -9.950660000000000061e-01 -9.920400000000000051e-02 -1.585999999999999953e-03
7.000000000000000000e+00 2.100000000000000000e+01 6.000000000000000000e+01 0.000000000000000000e+00 1.600000000000000089e+00 2.952000000000000197e-03 3.134000000000000067e-03 9.999909999999999632e-01 -9.821399999999999575e-02 9.951609999999999623e-01 -2.828999999999999918e-03 -9.951609999999999623e-01 -9.820500000000000063e-02 3.245000000000000055e-03
1.400000000000000000e+01 2.100000000000000000e+01 6.000000000000000000e+01 0.000000000000000000e+00 1.600000000000000089e+00 -9.229999999999999923e-04 -4.568000000000000012e-03 9.999890000000000168e-01 -9.582899999999999752e-02 9.953880000000000505e-01 4.459000000000000290e-03 -9.953969999999999763e-01 -9.582300000000000539e-02 -1.356000000000000000e-03
1.900000000000000000e+01 2.100000000000000000e+01 6.000000000000000000e+01 0.000000000000000000e+00 1.600000000000000089e+00 -1.230000000000000082e-04 4.310999999999999728e-03 9.999909999999999632e-01 -9.470900000000000152e-02 9.954960000000000475e-01 -4.303000000000000401e-03 -9.955049999999999732e-01 -9.470900000000000152e-02 2.860000000000000129e-04
2.800000000000000000e+01 2.100000000000000000e+01 6.000000000000000000e+01 0.000000000000000000e+00 1.600000000000000089e+00 -7.339999999999999520e-04 6.356999999999999804e-03 9.999789999999999512e-01 -9.431100000000000594e-02 9.955220000000000180e-01 -6.398000000000000041e-03 -9.955429999999999557e-01 -9.431299999999999406e-02 -1.310000000000000129e-04
1.700000000000000000e+01 4.500000000000000000e+01 6.200000000000000000e+01 0.000000000000000000e+00 1.600000000000000089e+00 -1.715399999999999911e-02 2.337300000000000141e-02 -9.995800000000000241e-01 -6.102760000000000407e-01 -7.921479999999999633e-01 -8.049000000000000599e-03 -7.920030000000000125e-01 6.098820000000000352e-01 2.785299999999999929e-02
1.000000000000000000e+01 3.000000000000000000e+00 6.300000000000000000e+01 0.000000000000000000e+00 1.600000000000000089e+00 3.499999999999999693e-05 6.115999999999999909e-03 9.999810000000000088e-01 -6.152999999999999581e-01 7.882780000000000342e-01 -4.799999999999999580e-03 -7.882930000000000215e-01 -6.152889999999999748e-01 3.791000000000000099e-03
2.000000000000000000e+00 2.700000000000000000e+01 6.300000000000000000e+01 0.000000000000000000e+00 1.600000000000000089e+00 1.557000000000000007e-03 1.190000000000000085e-02 9.999280000000000390e-01 -2.715549999999999908e-01 9.623599999999999932e-01 -1.102999999999999987e-02 -9.624219999999999997e-01 -2.715190000000000103e-01 4.729999999999999830e-03
9.000000000000000000e+00 2.700000000000000000e+01 6.300000000000000000e+01 0.000000000000000000e+00 1.600000000000000089e+00 2.912000000000000092e-03 3.009999999999999980e-04 9.999959999999999960e-01 -2.693050000000000166e-01 9.630549999999999944e-01 4.939999999999999730e-04 -9.630509999999999904e-01 -2.693050000000000166e-01 2.884999999999999978e-03
1.700000000000000000e+01 2.700000000000000000e+01 6.300000000000000000e+01 0.000000000000000000e+00 1.600000000000000089e+00 -1.719000000000000042e-03 1.094200000000000034e-02 9.999390000000000223e-01 -2.519440000000000013e-01 9.676789999999999559e-01 -1.102200000000000055e-02 -9.677400000000000446e-01 -2.519480000000000053e-01 1.093000000000000005e-03
2.300000000000000000e+01 2.700000000000000000e+01 6.300000000000000000e+01 0.000000000000000000e+00 1.600000000000000089e+00 3.570000000000000040e-04 -1.872000000000000053e-02 9.998249999999999638e-01 -2.662089999999999734e-01 9.637449999999999628e-01 1.813899999999999887e-02 -9.639149999999999663e-01 -2.661689999999999889e-01 -4.638999999999999894e-03
2.600000000000000000e+01 2.700000000000000000e+01 6.300000000000000000e+01 0.000000000000000000e+00 1.600000000000000089e+00 1.152000000000000029e-03 -5.518000000000000335e-03 9.999839999999999840e-01 -2.661040000000000072e-01 9.639280000000000070e-01 5.625999999999999925e-03 -9.639440000000000230e-01 -2.661060000000000092e-01 -3.570000000000000040e-04
1.800000000000000000e+01 4.400000000000000000e+01 6.300000000000000000e+01 0.000000000000000000e+00 1.600000000000000089e+00 -1.368600000000000025e-02 3.631800000000000306e-02 -9.992469999999999963e-01 -6.813909999999999689e-01 -7.317160000000000331e-01 -1.726199999999999957e-02 -7.317919999999999980e-01 6.806410000000000515e-01 3.476100000000000023e-02
2.400000000000000000e+01 4.400000000000000000e+01 6.300000000000000000e+01 0.000000000000000000e+00 1.600000000000000089e+00 2.439300000000000149e-02 -1.155589999999999951e-01 -9.930010000000000225e-01 -7.339590000000000281e-01 -6.764769999999999950e-01 6.069399999999999795e-02 -6.787560000000000260e-01 7.273410000000000153e-01 -1.013160000000000033e-01
2.000000000000000000e+00 2.600000000000000000e+01 6.400000000000000000e+01 0.000000000000000000e+00 1.600000000000000089e+00 8.379999999999999862e-04 5.212999999999999752e-03 9.999860000000000415e-01 -3.588930000000000176e-01 9.333669999999999467e-01 -4.564999999999999614e-03 -9.333780000000000410e-01 -3.588839999999999808e-01 2.652999999999999976e-03
8.000000000000000000e+00 2.600000000000000000e+01 6.400000000000000000e+01 0.000000000000000000e+00 1.600000000000000089e+00 2.844999999999999873e-03 5.939999999999999968e-03 9.999780000000000335e-01 -3.572960000000000025e-01 9.339800000000000324e-01 -4.531000000000000305e-03 -9.339870000000000116e-01 -3.572759999999999825e-01 4.780000000000000394e-03
1.900000000000000000e+01 2.600000000000000000e+01 6.400000000000000000e+01 0.000000000000000000e+00 1.600000000000000089e+00 -2.422999999999999807e-03 -6.483000000000000047e-03 9.999759999999999760e-01 -3.534019999999999939e-01 9.354569999999999830e-01 5.209000000000000088e-03 -9.354679999999999662e-01 -3.533810000000000007e-01 -4.558000000000000419e-03
2.200000000000000000e+01 2.600000000000000000e+01 6.400000000000000000e+01 0.000000000000000000e+00 1.600000000000000089e+00 1.252999999999999991e-03 -1.301500000000000053e-02 9.999149999999999983e-01 -3.546460000000000168e-01 9.349159999999999693e-01 1.261299999999999921e-02 -9.350000000000000533e-01 -3.546309999999999740e-01 -3.444000000000000013e-03
1.900000000000000000e+01 4.300000000000000000e+01 6.400000000000000000e+01 0.000000000000000000e+00 1.600000000000000089e+00 -4.733000000000000228e-03 2.081600000000000117e-02 -9.997719999999999940e-01 -7.291889999999999761e-01 -6.842270000000000296e-01 -1.079300000000000051e-02 -6.842960000000000154e-01 7.289719999999999533e-01 1.841699999999999934e-02
1.300000000000000000e+01 8.900000000000000000e+01 6.400000000000000000e+01 0.000000000000000000e+00 1.600000000000000089e+00 1.812000000000000026e-03 -4.911999999999999700e-03 -9.999860000000000415e-01 8.373530000000000140e-01 5.466609999999999525e-01 -1.167999999999999984e-03 5.466590000000000060e-01 -8.373399999999999732e-01 5.104000000000000030e-03
7.000000000000000000e+00 4.800000000000000000e+01 6.500000000000000000e+01 0.000000000000000000e+00 1.600000000000000089e+00 -1.673060000000000103e-01 2.253590000000000038e-01 -9.598029999999999617e-01 -9.890599999999999392e-02 9.647769999999999957e-01 2.437670000000000115e-01 9.809309999999999974e-01 1.357140000000000013e-01 -1.391239999999999977e-01
1.700000000000000000e+01 3.200000000000000000e+01 6.600000000000000000e+01 0.000000000000000000e+00 1.600000000000000089e+00 -7.268000000000000155e-03 1.295299999999999924e-02 -9.998899999999999455e-01 -8.656660000000000466e-01 -5.006230000000000402e-01 -1.930000000000000021e-04 -5.005699999999999594e-01 8.655690000000000328e-01 1.485200000000000062e-02
