1.500000000000000000e+01 2.500000000000000000e+01 1.000000000000000000e+00 0.000000000000000000e+00 1.600000000000000089e+00 -1.546999999999999981e-03 4.200000000000000174e-04 -9.999989999999999712e-01 -5.227509999999999657e-01 -8.524859999999999660e-01 4.510000000000000120e-04 -8.524840000000000195e-01 5.227509999999999657e-01 1.538000000000000088e-03
4.000000000000000000e+00 1.500000000000000000e+01 4.000000000000000000e+00 0.000000000000000000e+00 1.600000000000000089e+00 -1.160000000000000007e-03 -7.830999999999999420e-03 9.999689999999999968e-01 3.156300000000000217e-01 -9.488560000000000327e-01 -7.063999999999999967e-03 9.488820000000000032e-01 3.156120000000000037e-01 3.572000000000000088e-03
6.000000000000000000e+00 1.500000000000000000e+01 4.000000000000000000e+00 0.000000000000000000e+00 1.600000000000000089e+00 9.460000000000000093e-04 -4.283999999999999614e-03 9.999900000000000455e-01 3.153679999999999817e-01 -9.489589999999999970e-01 -4.363999999999999824e-03 9.489689999999999515e-01 3.153690000000000104e-01 4.530000000000000064e-04
1.000000000000000000e+01 1.500000000000000000e+01 4.000000000000000000e+00 0.000000000000000000e+00 1.600000000000000089e+00 3.661999999999999891e-03 4.687000000000000194e-03 9.999820000000000375e-01 3.144159999999999733e-01 -9.492800000000000127e-01 3.298000000000000150e-03 9.492779999999999552e-01 3.143980000000000108e-01 -4.950000000000000407e-03
1.500000000000000000e+01 1.500000000000000000e+01 4.000000000000000000e+00 0.000000000000000000e+00 1.600000000000000089e+00 2.818999999999999891e-03 -3.706999999999999792e-03 9.999890000000000168e-01 3.176129999999999787e-01 -9.482099999999999973e-01 -4.409999999999999858e-03 9.482159999999999478e-01 3.176220000000000154e-01 -1.495999999999999934e-03
1.900000000000000000e+01 1.500000000000000000e+01 4.000000000000000000e+00 0.000000000000000000e+00 1.600000000000000089e+00 2.735000000000000018e-03 -3.969999999999999571e-03 9.999879999999999880e-01 3.180689999999999906e-01 -9.480560000000000098e-01 -4.634000000000000098e-03 9.480640000000000178e-01 3.180780000000000274e-01 -1.330000000000000019e-03
2.700000000000000000e+01 1.500000000000000000e+01 4.000000000000000000e+00 0.000000000000000000e+00 1.600000000000000089e+00 1.314999999999999980e-03 -1.134000000000000025e-03 9.999989999999999712e-01 3.190810000000000035e-01 -9.477259999999999573e-01 -1.494000000000000102e-03 9.477269999999999861e-01 3.190819999999999768e-01 -8.850000000000000444e-04
1.100000000000000000e+01 4.000000000000000000e+00 5.000000000000000000e+00 0.000000000000000000e+00 1.600000000000000089e+00 -8.533000000000000654e-03 -2.060800000000000132e-02 9.997509999999999453e-01 2.224299999999999888e-01 -9.747789999999999511e-01 -1.819499999999999937e-02 9.749109999999999721e-01 2.222189999999999999e-01 1.290200000000000027e-02
4.000000000000000000e+00 1.010000000000000000e+02 7.000000000000000000e+00 0.000000000000000000e+00 1.600000000000000089e+00 -2.400000000000000061e-05 -1.113300000000000053e-02 9.999379999999999935e-01 8.888089999999999602e-01 4.582490000000000174e-01 5.122999999999999950e-03 -4.582769999999999899e-01 8.887540000000000440e-01 9.884000000000000424e-03
7.000000000000000000e+00 1.010000000000000000e+02 7.000000000000000000e+00 0.000000000000000000e+00 1.600000000000000089e+00 -9.799999999999999684e-04 -1.043799999999999936e-02 9.999449999999999728e-01 8.898629999999999596e-01 4.561930000000000152e-01 5.634000000000000119e-03 -4.562260000000000204e-01 8.898200000000000554e-01 8.841999999999999166e-03
2.700000000000000000e+01 1.010000000000000000e+02 7.000000000000000000e+00 0.000000000000000000e+00 1.600000000000000089e+00 9.709999999999999664e-04 1.888700000000000101e-02 9.998209999999999598e-01 8.880980000000000540e-01 4.595549999999999913e-01 -9.544000000000000400e-03 -4.596529999999999783e-01 8.879489999999999883e-01 -1.632700000000000123e-02
5.000000000000000000e+00 2.500000000000000000e+01 8.000000000000000000e+00 0.000000000000000000e+00 1.600000000000000089e+00 -1.489999999999999897e-04 -4.125000000000000194e-03 -9.999909999999999632e-01 4.487570000000000170e-01 8.936460000000000514e-01 -3.752999999999999826e-03 8.936539999999999484e-01 -4.487539999999999862e-01 1.717999999999999909e-03
9.000000000000000000e+00 2.500000000000000000e+01 8.000000000000000000e+00 0.000000000000000000e+00 1.600000000000000089e+00 5.980000000000000072e-04 -4.588000000000000064e-03 -9.999890000000000168e-01 4.493289999999999784e-01 8.933579999999999854e-01 -3.830000000000000071e-03 8.933659999999999934e-01 -4.493219999999999992e-01 2.595999999999999783e-03
1.300000000000000000e+01 2.500000000000000000e+01 8.000000000000000000e+00 0.000000000000000000e+00 1.600000000000000089e+00 1.884000000000000041e-03 2.991999999999999868e-03 -9.999940000000000495e-01 4.490450000000000275e-01 8.935020000000000184e-01 3.518999999999999993e-03 8.935070000000000512e-01 -4.490489999999999760e-01 3.400000000000000244e-04
1.900000000000000000e+01 2.500000000000000000e+01 8.000000000000000000e+00 0.000000000000000000e+00 1.600000000000000089e+00 1.007999999999999998e-03 -2.100000000000000087e-04 -1.000000000000000000e+00 4.483059999999999823e-01 8.938800000000000079e-01 2.640000000000000202e-04 8.938789999999999791e-01 -4.483059999999999823e-01 9.950000000000000077e-04
2.500000000000000000e+01 2.500000000000000000e+01 8.000000000000000000e+00 0.000000000000000000e+00 1.600000000000000089e+00 2.327000000000000075e-03 6.395999999999999776e-03 -9.999770000000000048e-01 4.480870000000000131e-01 8.939650000000000096e-01 6.760999999999999649e-03 8.939869999999999761e-01 -4.480919999999999903e-01 -7.860000000000000233e-04
5.000000000000000000e+00 2.400000000000000000e+01 9.000000000000000000e+00 0.000000000000000000e+00 1.600000000000000089e+00 2.000000000000000164e-05 -4.501999999999999925e-03 -9.999900000000000455e-01 4.532700000000000062e-01 8.913640000000000452e-01 -4.003999999999999747e-03 8.913729999999999709e-01 -4.532660000000000022e-01 2.059000000000000066e-03
1.300000000000000000e+01 2.400000000000000000e+01 9.000000000000000000e+00 0.000000000000000000e+00 1.600000000000000089e+00 1.887000000000000005e-03 5.016999999999999758e-03 -9.999860000000000415e-01 4.535319999999999907e-01 8.912240000000000162e-01 5.327000000000000138e-03 8.912379999999999747e-01 -4.535350000000000215e-01 -5.929999999999999941e-04
1.900000000000000000e+01 2.400000000000000000e+01 9.000000000000000000e+00 0.000000000000000000e+00 1.600000000000000089e+00 9.810000000000001011e-04 3.400000000000000244e-04 -9.999989999999999712e-01 4.532070000000000265e-01 8.914050000000000029e-01 7.479999999999999670e-04 8.914050000000000029e-01 -4.532079999999999997e-01 7.209999999999999612e-04
2.500000000000000000e+01 2.400000000000000000e+01 9.000000000000000000e+00 0.000000000000000000e+00 1.600000000000000089e+00 2.160000000000000028e-03 6.408999999999999767e-03 -9.999770000000000048e-01 4.512840000000000185e-01 8.923550000000000093e-01 6.694000000000000297e-03 8.923780000000000046e-01 -4.512880000000000225e-01 -9.650000000000000374e-04
3.000000000000000000e+01 2.400000000000000000e+01 9.000000000000000000e+00 0.000000000000000000e+00 1.600000000000000089e+00 -1.131000000000000061e-03 1.027899999999999994e-02 -9.999470000000000303e-01 4.487970000000000015e-01 8.935920000000000529e-01 8.677999999999999950e-03 8.936330000000000107e-01 -4.487630000000000230e-01 -5.623999999999999659e-03
2.900000000000000000e+01 1.200000000000000000e+01 1.000000000000000000e+01 0.000000000000000000e+00 1.600000000000000089e+00 -1.561000000000000104e-03 2.895000000000000004e-03 -9.999949999999999672e-01 -5.528140000000000276e-01 -8.333030000000000159e-01 -1.549999999999999946e-03 -8.333030000000000159e-01 5.528089999999999948e-01 2.902000000000000066e-03
8.000000000000000000e+00 3.100000000000000000e+01 1.200000000000000000e+01 0.000000000000000000e+00 1.600000000000000089e+00 -1.497999999999999983e-03 -4.934000000000000018e-03 9.999869999999999592e-01 -2.586999999999999890e-03 9.999850000000000128e-01 4.930000000000000354e-03 -9.999959999999999960e-01 -2.579000000000000129e-03 -1.510999999999999973e-03
1.100000000000000000e+01 3.100000000000000000e+01 1.200000000000000000e+01 0.000000000000000000e+00 1.600000000000000089e+00 -1.116000000000000021e-03 -2.723999999999999859e-03 9.999959999999999960e-01 6.999999999999999387e-05 9.999959999999999960e-01 2.723999999999999859e-03 -9.999989999999999712e-01 7.299999999999999903e-05 -1.116000000000000021e-03
1.400000000000000000e+01 3.100000000000000000e+01 1.200000000000000000e+01 0.000000000000000000e+00 1.600000000000000089e+00 -4.510000000000000120e-04 -2.229999999999999994e-04 1.000000000000000000e+00 1.750000000000000036e-03 9.999980000000000535e-01 2.239999999999999966e-04 -9.999980000000000535e-01 1.750000000000000036e-03 -4.499999999999999877e-04
1.800000000000000000e+01 3.100000000000000000e+01 1.200000000000000000e+01 0.000000000000000000e+00 1.600000000000000089e+00 1.978999999999999856e-03 3.811000000000000151e-03 9.999909999999999632e-01 3.647000000000000068e-03 9.999860000000000415e-01 -3.818000000000000213e-03 -9.999909999999999632e-01 3.654000000000000130e-03 1.965000000000000167e-03
2.600000000000000000e+01 3.100000000000000000e+01 1.200000000000000000e+01 0.000000000000000000e+00 1.600000000000000089e+00 1.219000000000000031e-03 -5.501999999999999946e-03 9.999839999999999840e-01 6.073000000000000273e-03 9.999660000000000215e-01 5.494999999999999885e-03 -9.999810000000000088e-01 6.066000000000000211e-03 1.252999999999999991e-03
2.900000000000000000e+01 3.100000000000000000e+01 1.200000000000000000e+01 0.000000000000000000e+00 1.600000000000000089e+00 2.763999999999999964e-03 1.512000000000000106e-03 9.999949999999999672e-01 3.774000000000000011e-03 9.999919999999999920e-01 -1.523000000000000048e-03 -9.999890000000000168e-01 3.778000000000000108e-03 2.759000000000000168e-03
2.000000000000000000e+00 1.160000000000000000e+02 1.600000000000000000e+01 0.000000000000000000e+00 1.600000000000000089e+00 -4.034000000000000259e-03 -2.397999999999999958e-03 9.999890000000000168e-01 7.351509999999999989e-01 6.778880000000000461e-01 4.590999999999999595e-03 -6.778910000000000213e-01 7.351609999999999534e-01 -9.719999999999999907e-04
2.200000000000000000e+01 1.160000000000000000e+02 1.600000000000000000e+01 0.000000000000000000e+00 1.600000000000000089e+00 7.389999999999999651e-04 1.624999999999999925e-03 9.999980000000000535e-01 6.620300000000000074e-01 7.494750000000000023e-01 -1.706999999999999967e-03 -7.494769999999999488e-01 6.620300000000000074e-01 -5.220000000000000031e-04
2.500000000000000000e+01 1.160000000000000000e+02 1.600000000000000000e+01 0.000000000000000000e+00 1.600000000000000089e+00 1.528000000000000061e-03 7.500000000000000156e-04 9.999989999999999712e-01 6.770140000000000047e-01 7.359679999999999556e-01 -1.585999999999999953e-03 -7.359679999999999556e-01 6.770159999999999512e-01 6.160000000000000111e-04
1.000000000000000000e+00 2.000000000000000000e+00 1.900000000000000000e+01 0.000000000000000000e+00 1.600000000000000089e+00 -5.492000000000000354e-03 -2.906999999999999862e-03 -9.999810000000000088e-01 1.925070000000000114e-01 -9.812939999999999996e-01 1.796000000000000070e-03 -9.812800000000000411e-01 -1.924929999999999974e-01 5.949000000000000295e-03
7.000000000000000000e+00 2.000000000000000000e+00 1.900000000000000000e+01 0.000000000000000000e+00 1.600000000000000089e+00 -1.593000000000000015e-03 -2.652999999999999976e-03 -9.999949999999999672e-01 1.956549999999999956e-01 -9.806700000000000417e-01 2.289999999999999935e-03 -9.806719999999999882e-01 -1.956499999999999906e-01 2.080999999999999951e-03
1.300000000000000000e+01 2.000000000000000000e+00 1.900000000000000000e+01 0.000000000000000000e+00 1.600000000000000089e+00 -1.020999999999999989e-03 -9.048000000000000487e-03 -9.999590000000000423e-01 1.950030000000000097e-01 -9.807639999999999691e-01 8.675000000000000419e-03 -9.808019999999999516e-01 -1.949859999999999927e-01 2.765999999999999796e-03
1.700000000000000000e+01 2.000000000000000000e+00 1.900000000000000000e+01 0.000000000000000000e+00 1.600000000000000089e+00 -1.090000000000000067e-04 8.589999999999999546e-04 -1.000000000000000000e+00 1.930610000000000104e-01 -9.811860000000000026e-01 -8.639999999999999677e-04 -9.811870000000000314e-01 -1.930610000000000104e-01 -5.899999999999999754e-05
2.300000000000000000e+01 2.000000000000000000e+00 1.900000000000000000e+01 0.000000000000000000e+00 1.600000000000000089e+00 1.186999999999999904e-03 -3.507000000000000135e-03 -9.999930000000000208e-01 1.893910000000000038e-01 -9.818949999999999623e-01 3.668999999999999952e-03 -9.819010000000000238e-01 -1.893940000000000068e-01 -5.019999999999999506e-04
2.700000000000000000e+01 2.000000000000000000e+00 1.900000000000000000e+01 0.000000000000000000e+00 1.600000000000000089e+00 -1.660999999999999933e-03 -1.253999999999999906e-03 -9.999980000000000535e-01 1.909129999999999994e-01 -9.816059999999999786e-01 9.129999999999999661e-04 -9.816059999999999786e-01 -1.909109999999999974e-01 1.869999999999999917e-03
3.000000000000000000e+00 4.000000000000000000e+00 2.000000000000000000e+01 0.000000000000000000e+00 1.600000000000000089e+00 -3.939999999999999926e-03 -2.423999999999999939e-03 -9.999890000000000168e-01 3.048870000000000191e-01 -9.523880000000000123e-01 1.106999999999999911e-03 -9.523800000000000043e-01 -3.048790000000000111e-01 4.492000000000000333e-03
1.000000000000000000e+01 4.000000000000000000e+00 2.000000000000000000e+01 0.000000000000000000e+00 1.600000000000000089e+00 -4.020000000000000136e-04 -5.458000000000000178e-03 -9.999850000000000128e-01 3.063230000000000119e-01 -9.519140000000000379e-01 5.072000000000000119e-03 -9.519279999999999964e-01 -3.063159999999999772e-01 2.053999999999999836e-03
3.000000000000000000e+00 1.300000000000000000e+01 2.000000000000000000e+01 0.000000000000000000e+00 1.600000000000000089e+00 2.200000000000000078e-04 -2.654999999999999808e-03 9.999959999999999960e-01 2.578699999999999881e-01 9.661760000000000348e-01 2.507999999999999813e-03 -9.661800000000000388e-01 2.578690000000000149e-01 8.980000000000000352e-04
6.000000000000000000e+00 1.300000000000000000e+01 2.000000000000000000e+01 0.000000000000000000e+00 1.600000000000000089e+00 -9.680000000000000019e-04 6.040000000000000447e-04 9.999989999999999712e-01 2.575919999999999876e-01 9.662539999999999463e-01 -3.350000000000000113e-04 -9.662530000000000285e-01 2.575910000000000144e-01 -1.090999999999999956e-03
2.000000000000000000e+01 1.300000000000000000e+01 2.000000000000000000e+01 0.000000000000000000e+00 1.600000000000000089e+00 -9.820000000000000170e-04 -3.543999999999999841e-03 9.999930000000000208e-01 2.576600000000000001e-01 9.662290000000000045e-01 3.677000000000000147e-03 -9.662349999999999550e-01 2.576620000000000021e-01 -3.499999999999999693e-05
3.000000000000000000e+00 3.000000000000000000e+00 2.500000000000000000e+01 0.000000000000000000e+00 1.600000000000000089e+00 -8.599999999999999789e-04 1.464000000000000024e-03 9.999989999999999712e-01 -6.968799999999999994e-02 -9.975680000000000103e-01 1.400999999999999902e-03 9.975680000000000103e-01 -6.968699999999999894e-02 9.600000000000000243e-04
9.000000000000000000e+00 3.000000000000000000e+00 2.500000000000000000e+01 0.000000000000000000e+00 1.600000000000000089e+00 -4.341000000000000240e-03 -8.137000000000000136e-03 9.999569999999999848e-01 -6.634199999999999819e-02 -9.977620000000000378e-01 -8.408000000000000543e-03 9.977869999999999795e-01 -6.637600000000000444e-02 3.791000000000000099e-03
1.200000000000000000e+01 3.000000000000000000e+00 2.500000000000000000e+01 0.000000000000000000e+00 1.600000000000000089e+00 -2.935999999999999808e-03 -7.710999999999999972e-03 9.999660000000000215e-01 -6.827600000000000335e-02 -9.976350000000000495e-01 -7.893000000000000710e-03 9.976620000000000488e-01 -6.829599999999999560e-02 2.402000000000000055e-03
1.500000000000000000e+01 3.000000000000000000e+00 2.500000000000000000e+01 0.000000000000000000e+00 1.600000000000000089e+00 1.979999999999999989e-03 -4.572999999999999808e-03 9.999879999999999880e-01 -7.414300000000000057e-02 -9.972379999999999578e-01 -4.414000000000000389e-03 9.972459999999999658e-01 -7.413300000000000445e-02 -2.314000000000000085e-03
2.300000000000000000e+01 3.000000000000000000e+00 2.500000000000000000e+01 0.000000000000000000e+00 1.600000000000000089e+00 1.118999999999999986e-03 -7.879000000000000586e-03 9.999679999999999680e-01 -7.223799999999999666e-02 -9.973570000000000491e-01 -7.777000000000000059e-03 9.973870000000000235e-01 -7.222699999999999954e-02 -1.685000000000000083e-03
2.800000000000000000e+01 3.000000000000000000e+00 2.500000000000000000e+01 0.000000000000000000e+00 1.600000000000000089e+00 -3.480000000000000020e-04 -1.342000000000000094e-03 9.999989999999999712e-01 -7.130799999999999639e-02 -9.974530000000000340e-01 -1.363999999999999978e-03 9.974539999999999518e-01 -7.130899999999999739e-02 2.509999999999999753e-04
2.700000000000000000e+01 4.600000000000000000e+01 2.700000000000000000e+01 0.000000000000000000e+00 1.600000000000000089e+00 -9.039999999999999642e-04 -2.312999999999999952e-03 -9.999970000000000248e-01 6.770739999999999537e-01 7.359109999999999818e-01 -2.314000000000000085e-03 7.359139999999999571e-01 -6.770739999999999537e-01 9.009999999999999997e-04
3.000000000000000000e+00 5.800000000000000000e+01 3.100000000000000000e+01 0.000000000000000000e+00 1.600000000000000089e+00 4.970000000000000459e-04 3.364999999999999936e-03 9.999940000000000495e-01 -8.105099999999999527e-01 -5.857210000000000472e-01 2.373999999999999808e-03 5.857250000000000512e-01 -8.105059999999999487e-01 2.436999999999999930e-03
1.200000000000000000e+01 5.800000000000000000e+01 3.100000000000000000e+01 0.000000000000000000e+00 1.600000000000000089e+00 -1.358999999999999965e-03 2.331000000000000173e-03 9.999959999999999960e-01 -8.070270000000000499e-01 -5.905150000000000121e-01 2.799999999999999755e-04 5.905129999999999546e-01 -8.070230000000000459e-01 2.683000000000000055e-03
1.600000000000000000e+01 5.800000000000000000e+01 3.100000000000000000e+01 0.000000000000000000e+00 1.600000000000000089e+00 -2.926000000000000215e-03 7.179999999999999967e-04 9.999949999999999672e-01 -8.066910000000000469e-01 -5.909710000000000241e-01 -1.936000000000000004e-03 5.909670000000000201e-01 -8.066929999999999934e-01 2.308000000000000156e-03
2.400000000000000000e+01 5.800000000000000000e+01 3.100000000000000000e+01 0.000000000000000000e+00 1.600000000000000089e+00 6.633000000000000007e-03 3.142999999999999960e-03 9.999730000000000008e-01 -8.023689999999999989e-01 -5.967860000000000387e-01 7.198000000000000405e-03 5.967919999999999892e-01 -8.023949999999999694e-01 -1.436999999999999909e-03
3.000000000000000000e+00 4.600000000000000000e+01 3.500000000000000000e+01 0.000000000000000000e+00 1.600000000000000089e+00 1.140000000000000063e-04 3.480000000000000020e-04 -1.000000000000000000e+00 3.908889999999999865e-01 -9.204379999999999784e-01 -2.750000000000000166e-04 -9.204379999999999784e-01 -3.908889999999999865e-01 -2.410000000000000033e-04
9.000000000000000000e+00 4.600000000000000000e+01 3.500000000000000000e+01 0.000000000000000000e+00 1.600000000000000089e+00 -6.319999999999999663e-04 -5.624999999999999792e-03 -9.999839999999999840e-01 3.926660000000000150e-01 -9.196680000000000410e-01 4.924999999999999691e-03 -9.196809999999999707e-01 -3.926569999999999783e-01 2.789999999999999945e-03
1.300000000000000000e+01 4.600000000000000000e+01 3.500000000000000000e+01 0.000000000000000000e+00 1.600000000000000089e+00 -2.880000000000000073e-04 9.179999999999999792e-04 -1.000000000000000000e+00 3.928010000000000113e-01 -9.196229999999999682e-01 -9.569999999999999514e-04 -9.196229999999999682e-01 -3.928010000000000113e-01 -9.600000000000000243e-05
1.700000000000000000e+01 4.600000000000000000e+01 3.500000000000000000e+01 0.000000000000000000e+00 1.600000000000000089e+00 -1.179999999999999951e-04 4.310999999999999728e-03 -9.999909999999999632e-01 3.912180000000000102e-01 -9.202890000000000237e-01 -4.013000000000000074e-03 -9.202979999999999494e-01 -3.912149999999999794e-01 -1.577999999999999976e-03
2.400000000000000000e+01 4.600000000000000000e+01 3.500000000000000000e+01 0.000000000000000000e+00 1.600000000000000089e+00 -1.399999999999999877e-04 -5.199999999999999680e-05 -1.000000000000000000e+00 3.911519999999999997e-01 -9.203259999999999774e-01 -6.999999999999999895e-06 -9.203259999999999774e-01 -3.911519999999999997e-01 1.489999999999999897e-04
2.900000000000000000e+01 4.600000000000000000e+01 3.500000000000000000e+01 0.000000000000000000e+00 1.600000000000000089e+00 -6.589999999999999721e-04 -3.495999999999999976e-03 -9.999940000000000495e-01 3.921510000000000273e-01 -9.198960000000000470e-01 2.956999999999999993e-03 -9.199009999999999687e-01 -3.921459999999999946e-01 1.977000000000000025e-03
2.500000000000000000e+01 9.500000000000000000e+01 3.600000000000000000e+01 0.000000000000000000e+00 1.600000000000000089e+00 -7.401999999999999726e-03 -1.134199999999999965e-02 9.999080000000000190e-01 9.971050000000000191e-01 7.558700000000000141e-02 8.238000000000000531e-03 -7.567300000000000415e-02 9.970750000000000446e-01 1.074899999999999987e-02
2.700000000000000000e+01 9.500000000000000000e+01 3.600000000000000000e+01 0.000000000000000000e+00 1.600000000000000089e+00 -8.583000000000000351e-03 -2.646599999999999994e-02 9.996129999999999738e-01 9.970350000000000046e-01 7.621799999999999409e-02 1.057899999999999986e-02 -7.646799999999999431e-02 9.967399999999999594e-01 2.573299999999999893e-02
3.000000000000000000e+00 2.900000000000000000e+01 4.400000000000000000e+01 0.000000000000000000e+00 1.600000000000000089e+00 2.869999999999999830e-04 -5.472999999999999567e-03 -9.999850000000000128e-01 6.630779999999999452e-01 7.485399999999999832e-01 -3.906000000000000184e-03 7.485500000000000487e-01 -6.630669999999999620e-01 3.844000000000000195e-03
8.000000000000000000e+00 2.900000000000000000e+01 4.400000000000000000e+01 0.000000000000000000e+00 1.600000000000000089e+00 1.178999999999999927e-03 1.691000000000000012e-03 -9.999980000000000535e-01 6.566940000000000000e-01 7.541539999999999910e-01 2.049000000000000040e-03 7.541560000000000485e-01 -6.566950000000000287e-01 -2.210000000000000050e-04
1.300000000000000000e+01 2.900000000000000000e+01 4.400000000000000000e+01 0.000000000000000000e+00 1.600000000000000089e+00 5.159999999999999656e-04 -6.430000000000000169e-04 -1.000000000000000000e+00 6.596610000000000529e-01 7.515629999999999811e-01 -1.430000000000000064e-04 7.515629999999999811e-01 -6.596610000000000529e-01 8.120000000000000048e-04
1.700000000000000000e+01 2.900000000000000000e+01 4.400000000000000000e+01 0.000000000000000000e+00 1.600000000000000089e+00 -2.010000000000000068e-04 -9.810000000000001011e-04 -1.000000000000000000e+00 6.635490000000000554e-01 7.481320000000000192e-01 -8.679999999999999565e-04 7.481330000000000480e-01 -6.635490000000000554e-01 5.010000000000000347e-04
2.100000000000000000e+01 2.900000000000000000e+01 4.400000000000000000e+01 0.000000000000000000e+00 1.600000000000000089e+00 -6.340000000000000149e-04 1.467999999999999904e-03 -9.999989999999999712e-01 6.635999999999999677e-01 7.480879999999999752e-01 6.769999999999999759e-04 7.480879999999999752e-01 -6.635980000000000212e-01 -1.448999999999999984e-03
2.600000000000000000e+01 2.900000000000000000e+01 4.400000000000000000e+01 0.000000000000000000e+00 1.600000000000000089e+00 -5.109999999999999525e-04 4.395999999999999734e-03 -9.999900000000000455e-01 6.696389999999999842e-01 7.426810000000000356e-01 2.922999999999999817e-03 7.426859999999999573e-01 -6.696309999999999762e-01 -3.322999999999999999e-03
9.000000000000000000e+00 5.000000000000000000e+00 5.100000000000000000e+01 0.000000000000000000e+00 1.600000000000000089e+00 -1.376999999999999969e-03 -4.329000000000000382e-03 -9.999900000000000455e-01 4.904470000000000218e-01 -8.714650000000000452e-01 3.096999999999999927e-03 -8.714699999999999669e-01 -4.904379999999999851e-01 3.324000000000000132e-03
1.600000000000000000e+01 5.000000000000000000e+00 5.100000000000000000e+01 0.000000000000000000e+00 1.600000000000000089e+00 -1.487999999999999956e-03 -6.250000000000000347e-03 -9.999789999999999512e-01 4.955680000000000085e-01 -8.685570000000000235e-01 4.691999999999999990e-03 -8.685680000000000067e-01 -4.955510000000000193e-01 4.389999999999999805e-03
2.000000000000000000e+01 5.000000000000000000e+00 5.100000000000000000e+01 0.000000000000000000e+00 1.600000000000000089e+00 1.596999999999999895e-03 -1.556000000000000091e-03 -9.999980000000000535e-01 4.944589999999999819e-01 -8.691980000000000262e-01 2.141999999999999807e-03 -8.691999999999999726e-01 -4.944609999999999839e-01 -6.189999999999999756e-04
2.400000000000000000e+01 5.000000000000000000e+00 5.100000000000000000e+01 0.000000000000000000e+00 1.600000000000000089e+00 -1.541000000000000052e-03 2.854000000000000200e-03 -9.999949999999999672e-01 4.960570000000000257e-01 -8.682839999999999447e-01 -3.242000000000000090e-03 -8.682889999999999775e-01 -4.960590000000000277e-01 -7.799999999999999859e-05
1.000000000000000000e+00 6.300000000000000000e+01 5.400000000000000000e+01 0.000000000000000000e+00 1.600000000000000089e+00 -2.931000000000000012e-03 3.206000000000000082e-03 9.999909999999999632e-01 -3.501469999999999860e-01 9.366860000000000186e-01 -4.029999999999999728e-03 -9.366900000000000226e-01 -3.501560000000000228e-01 -1.623000000000000094e-03
8.000000000000000000e+00 6.300000000000000000e+01 5.400000000000000000e+01 0.000000000000000000e+00 1.600000000000000089e+00 1.675000000000000057e-03 4.518999999999999580e-03 9.999879999999999880e-01 -3.544229999999999881e-01 9.350779999999999648e-01 -3.631999999999999812e-03 -9.350840000000000263e-01 -3.544120000000000048e-01 3.167999999999999809e-03
3.000000000000000000e+01 6.300000000000000000e+01 5.400000000000000000e+01 0.000000000000000000e+00 1.600000000000000089e+00 -2.062000000000000031e-03 -2.044999999999999943e-03 9.999959999999999960e-01 -3.534269999999999912e-01 9.354609999999999870e-01 1.183999999999999940e-03 -9.354599999999999582e-01 -3.534229999999999872e-01 -2.651999999999999844e-03
1.600000000000000000e+01 2.500000000000000000e+01 5.500000000000000000e+01 0.000000000000000000e+00 1.600000000000000089e+00 2.886000000000000110e-03 -8.140000000000000534e-04 -9.999949999999999672e-01 -1.430599999999999927e-02 -9.998970000000000358e-01 7.730000000000000326e-04 -9.998930000000000318e-01 1.430299999999999974e-02 -2.896999999999999836e-03
2.700000000000000000e+01 2.500000000000000000e+01 5.500000000000000000e+01 0.000000000000000000e+00 1.600000000000000089e+00 -2.469999999999999865e-04 2.448000000000000089e-03 -9.999970000000000248e-01 -1.219600000000000024e-02 -9.999230000000000063e-01 -2.445000000000000125e-03 -9.999259999999999815e-01 1.219499999999999924e-02 2.770000000000000110e-04
5.000000000000000000e+00 2.000000000000000000e+01 6.000000000000000000e+01 0.000000000000000000e+00 1.600000000000000089e+00 -6.634000000000000140e-03 2.039999999999999984e-04 9.999780000000000335e-01 -4.878600000000000297e-02 9.988089999999999469e-01 -5.280000000000000405e-04 -9.987869999999999804e-01 -4.878799999999999804e-02 -6.616000000000000353e-03
1.000000000000000000e+01 2.100000000000000000e+01 6.000000000000000000e+01 0.000000000000000000e+00 1.600000000000000089e+00 -5.714000000000000329e-03 5.075999999999999783e-03 9.999710000000000543e-01 -9.500599999999999323e-02 9.954610000000000403e-01 -5.596000000000000280e-03 -9.954600000000000115e-01 -9.503499999999999448e-02 -5.205999999999999690e-03
1.600000000000000000e+01 2.100000000000000000e+01 6.000000000000000000e+01 0.000000000000000000e+00 1.600000000000000089e+00 2.978000000000000178e-03 1.177000000000000095e-03 9.999949999999999672e-01 -9.692599999999999827e-02 9.952910000000000368e-01 -8.819999999999999715e-04 -9.952870000000000328e-01 -9.692299999999999527e-02 3.078000000000000007e-03
2.100000000000000000e+01 2.100000000000000000e+01 6.000000000000000000e+01 0.000000000000000000e+00 1.600000000000000089e+00 -5.063999999999999925e-03 -6.178999999999999597e-03 9.999679999999999680e-01 -9.663299999999999668e-02 9.953039999999999665e-01 5.661000000000000233e-03 -9.953070000000000528e-01 -9.660100000000000631e-02 -5.636999999999999650e-03
2.600000000000000000e+01 2.100000000000000000e+01 6.000000000000000000e+01 0.000000000000000000e+00 1.600000000000000089e+00 -1.165999999999999936e-03 -5.296999999999999625e-03 9.999850000000000128e-01 -9.649000000000000632e-02 9.953210000000000113e-01 5.159999999999999656e-03 -9.953330000000000233e-01 -9.648299999999999932e-02 -1.670999999999999959e-03
2.900000000000000000e+01 3.000000000000000000e+00 6.300000000000000000e+01 0.000000000000000000e+00 1.600000000000000089e+00 -1.090999999999999956e-03 8.520000000000000013e-04 9.999989999999999712e-01 -6.148949999999999694e-01 7.886079999999999757e-01 -1.343000000000000010e-03 -7.886079999999999757e-01 -6.148959999999999981e-01 -3.370000000000000057e-04
3.000000000000000000e+00 2.700000000000000000e+01 6.300000000000000000e+01 0.000000000000000000e+00 1.600000000000000089e+00 3.399999999999999811e-03 3.315999999999999937e-03 9.999890000000000168e-01 -2.892730000000000024e-01 9.572439999999999838e-01 -2.190999999999999805e-03 -9.572410000000000085e-01 -2.892620000000000191e-01 4.213999999999999864e-03
1.000000000000000000e+01 2.700000000000000000e+01 6.300000000000000000e+01 0.000000000000000000e+00 1.600000000000000089e+00 -5.296999999999999625e-03 1.067000000000000023e-03 9.999850000000000128e-01 -2.703389999999999960e-01 9.627620000000000067e-01 -2.459999999999999947e-03 -9.627510000000000234e-01 -2.703479999999999772e-01 -4.812000000000000305e-03
1.400000000000000000e+01 2.700000000000000000e+01 6.300000000000000000e+01 0.000000000000000000e+00 1.600000000000000089e+00 2.001999999999999873e-03 1.962999999999999901e-03 9.999959999999999960e-01 -2.681160000000000210e-01 9.633859999999999646e-01 -1.353999999999999952e-03 -9.633850000000000469e-01 -2.681120000000000170e-01 2.455000000000000151e-03
1.900000000000000000e+01 2.700000000000000000e+01 6.300000000000000000e+01 0.000000000000000000e+00 1.600000000000000089e+00 -3.980000000000000248e-04 6.830000000000000134e-04 1.000000000000000000e+00 -2.685460000000000069e-01 9.632659999999999556e-01 -7.649999999999999465e-04 -9.632669999999999844e-01 -2.685469999999999802e-01 -2.000000000000000096e-04
2.700000000000000000e+01 2.700000000000000000e+01 6.300000000000000000e+01 0.000000000000000000e+00 1.600000000000000089e+00 -1.650999999999999907e-03 -3.275000000000000133e-03 9.999930000000000208e-01 -2.671769999999999978e-01 9.636439999999999451e-01 2.714999999999999965e-03 -9.636460000000000026e-01 -2.671709999999999918e-01 -2.465999999999999876e-03
3.000000000000000000e+00 2.600000000000000000e+01 6.400000000000000000e+01 0.000000000000000000e+00 1.600000000000000089e+00 4.813999999999999703e-03 7.411000000000000053e-03 9.999609999999999888e-01 -3.791450000000000098e-01 9.253230000000000066e-01 -5.033000000000000147e-03 -9.253249999999999531e-01 -3.791059999999999985e-01 7.263999999999999624e-03
1.300000000000000000e+01 2.600000000000000000e+01 6.400000000000000000e+01 0.000000000000000000e+00 1.600000000000000089e+00 7.640000000000000306e-04 -4.500000000000000283e-05 1.000000000000000000e+00 -3.450409999999999866e-01 9.385879999999999779e-01 3.060000000000000111e-04 -9.385869999999999491e-01 -3.450409999999999866e-01 7.020000000000000415e-04
2.300000000000000000e+01 2.600000000000000000e+01 6.400000000000000000e+01 0.000000000000000000e+00 1.600000000000000089e+00 -2.013000000000000032e-03 -3.194999999999999923e-03 9.999930000000000208e-01 -3.470099999999999851e-01 9.378589999999999982e-01 2.298000000000000129e-03 -9.378589999999999982e-01 -3.470030000000000059e-01 -2.995999999999999965e-03
2.800000000000000000e+01 2.600000000000000000e+01 6.400000000000000000e+01 0.000000000000000000e+00 1.600000000000000089e+00 -1.252000000000000075e-03 -1.172999999999999998e-03 9.999989999999999712e-01 -3.480340000000000100e-01 9.374820000000000375e-01 6.639999999999999852e-04 -9.374810000000000088e-01 -3.480329999999999813e-01 -1.582000000000000073e-03
3.000000000000000000e+00 6.900000000000000000e+01 6.600000000000000000e+01 0.000000000000000000e+00 1.600000000000000089e+00 -4.526999999999999774e-03 5.120999999999999684e-03 9.999770000000000048e-01 -9.491319999999999757e-01 3.148219999999999907e-01 -5.910000000000000323e-03 -3.148449999999999860e-01 -9.491370000000000084e-01 3.435999999999999818e-03
5.000000000000000000e+00 2.500000000000000000e+01 7.300000000000000000e+01 0.000000000000000000e+00 1.600000000000000089e+00 9.000000000000000567e-05 -2.504999999999999848e-03 9.999970000000000248e-01 7.463250000000000162e-01 -6.655790000000000317e-01 -1.734999999999999997e-03 6.655820000000000070e-01 7.463229999999999587e-01 1.809000000000000061e-03
2.100000000000000000e+01 2.500000000000000000e+01 7.300000000000000000e+01 0.000000000000000000e+00 1.600000000000000089e+00 -2.592200000000000060e-02 -2.269799999999999943e-02 9.994060000000000166e-01 7.576990000000000114e-01 -6.525859999999999994e-01 4.831000000000000225e-03 6.520890000000000297e-01 7.573739999999999917e-01 3.411399999999999849e-02
4.000000000000000000e+00 4.400000000000000000e+01 7.300000000000000000e+01 0.000000000000000000e+00 1.600000000000000089e+00 -1.203999999999999992e-03 -1.909000000000000107e-03 9.999970000000000248e-01 5.146099999999999980e-02 -9.986730000000000329e-01 -1.843999999999999936e-03 9.986739999999999506e-01 5.145899999999999780e-02 1.301000000000000073e-03
1.200000000000000000e+01 4.400000000000000000e+01 7.300000000000000000e+01 0.000000000000000000e+00 1.600000000000000089e+00 -5.739999999999999660e-04 -2.289999999999999935e-03 9.999970000000000248e-01 5.110499999999999765e-02 -9.986909999999999954e-01 -2.256999999999999892e-03 9.986930000000000529e-01 5.110399999999999665e-02 6.899999999999999667e-04
1.700000000000000000e+01 4.400000000000000000e+01 7.300000000000000000e+01 0.000000000000000000e+00 1.600000000000000089e+00 -1.379999999999999933e-03 -3.444000000000000013e-03 9.999930000000000208e-01 5.080699999999999800e-02 -9.987030000000000074e-01 -3.370000000000000166e-03 9.987080000000000402e-01 5.080199999999999994e-02 1.552999999999999910e-03
2.200000000000000000e+01 4.400000000000000000e+01 7.300000000000000000e+01 0.000000000000000000e+00 1.600000000000000089e+00 -2.262999999999999821e-03 -5.538999999999999653e-03 9.999820000000000375e-01 4.628000000000000169e-02 -9.989139999999999686e-01 -5.427999999999999665e-03 9.989259999999999806e-01 4.626600000000000157e-02 2.517000000000000140e-03
2.800000000000000000e+01 4.400000000000000000e+01 7.300000000000000000e+01 0.000000000000000000e+00 1.600000000000000089e+00 -3.011999999999999920e-03 -1.381999999999999982e-03 9.999949999999999672e-01 4.672099999999999864e-02 -9.989069999999999894e-01 -1.240000000000000000e-03 9.989029999999999854e-01 4.671700000000000158e-02 3.073999999999999910e-03
1.100000000000000000e+01 2.500000000000000000e+01 7.400000000000000000e+01 0.000000000000000000e+00 1.600000000000000089e+00 1.095499999999999946e-02 1.239299999999999950e-02 9.998629999999999463e-01 8.344639999999999835e-01 -5.510570000000000190e-01 -2.312999999999999952e-03 5.509530000000000260e-01 8.343749999999999778e-01 -1.637800000000000020e-02
3.000000000000000000e+01 5.100000000000000000e+01 7.600000000000000000e+01 0.000000000000000000e+00 1.600000000000000089e+00 2.906999999999999862e-03 -4.236000000000000182e-03 -9.999869999999999592e-01 -4.017519999999999980e-01 -9.157440000000000024e-01 2.710999999999999868e-03 -9.157440000000000024e-01 4.017390000000000128e-01 -4.363999999999999824e-03
1.000000000000000000e+00 9.100000000000000000e+01 7.600000000000000000e+01 0.000000000000000000e+00 1.600000000000000089e+00 -1.773999999999999969e-03 -4.142999999999999981e-03 9.999900000000000455e-01 3.186829999999999941e-01 -9.478550000000000031e-01 -3.361999999999999971e-03 9.478600000000000358e-01 3.186740000000000128e-01 3.001999999999999894e-03
9.000000000000000000e+00 9.100000000000000000e+01 7.600000000000000000e+01 0.000000000000000000e+00 1.600000000000000089e+00 -1.500000000000000031e-03 -2.178999999999999947e-03 9.999970000000000248e-01 3.130470000000000197e-01 -9.497360000000000246e-01 -1.600000000000000077e-03 9.497360000000000246e-01 3.130439999999999889e-01 2.105999999999999799e-03
1.600000000000000000e+01 9.100000000000000000e+01 7.600000000000000000e+01 0.000000000000000000e+00 1.600000000000000089e+00 -3.939999999999999817e-04 1.719000000000000042e-03 9.999980000000000535e-01 3.163159999999999861e-01 -9.486520000000000508e-01 1.755000000000000050e-03 9.486539999999999973e-01 3.163159999999999861e-01 -1.700000000000000122e-04
2.500000000000000000e+01 9.100000000000000000e+01 7.600000000000000000e+01 0.000000000000000000e+00 1.600000000000000089e+00 -1.526999999999999929e-03 -4.029999999999999837e-04 9.999989999999999712e-01 3.208239999999999981e-01 -9.471389999999999532e-01 1.079999999999999960e-04 9.471380000000000354e-01 3.208239999999999981e-01 1.575999999999999927e-03
2.900000000000000000e+01 9.100000000000000000e+01 7.600000000000000000e+01 0.000000000000000000e+00 1.600000000000000089e+00 -2.118000000000000091e-03 -1.242999999999999964e-03 9.999970000000000248e-01 3.131229999999999847e-01 -9.497130000000000294e-01 -5.180000000000000143e-04 9.497100000000000541e-01 3.131209999999999827e-01 2.400999999999999922e-03
1.700000000000000000e+01 6.300000000000000000e+01 8.100000000000000000e+01 0.000000000000000000e+00 1.600000000000000089e+00 -1.394000000000000057e-03 3.249999999999999851e-04 9.999989999999999712e-01 4.415499999999999980e-02 -9.990250000000000519e-01 3.860000000000000041e-04 9.990240000000000231e-01 4.415600000000000080e-02 1.378000000000000102e-03
8.000000000000000000e+00 4.400000000000000000e+01 8.300000000000000000e+01 0.000000000000000000e+00 1.600000000000000089e+00 1.696999999999999941e-03 -3.750999999999999994e-03 9.999919999999999920e-01 5.817769999999999886e-01 -8.133380000000000054e-01 -4.037999999999999923e-03 8.133460000000000134e-01 5.817790000000000461e-01 8.019999999999999785e-04
1.300000000000000000e+01 4.400000000000000000e+01 8.300000000000000000e+01 0.000000000000000000e+00 1.600000000000000089e+00 -2.950000000000000148e-04 -2.534999999999999927e-03 9.999970000000000248e-01 5.860750000000000126e-01 -8.102549999999999475e-01 -1.881000000000000076e-03 8.102570000000000050e-01 5.860729999999999551e-01 1.724999999999999971e-03
2.000000000000000000e+01 4.400000000000000000e+01 8.300000000000000000e+01 0.000000000000000000e+00 1.600000000000000089e+00 -1.134000000000000025e-03 3.207999999999999914e-03 9.999940000000000495e-01 5.832779999999999632e-01 -8.122660000000000435e-01 3.266999999999999939e-03 8.122719999999999940e-01 5.832789999999999919e-01 -9.499999999999999981e-04
2.300000000000000000e+01 4.400000000000000000e+01 8.300000000000000000e+01 0.000000000000000000e+00 1.600000000000000089e+00 -1.905000000000000009e-03 4.275000000000000154e-03 9.999890000000000168e-01 5.810830000000000162e-01 -8.138309999999999711e-01 4.585999999999999799e-03 8.138419999999999543e-01 5.810859999999999914e-01 -9.340000000000000429e-04
2.400000000000000000e+01 1.010000000000000000e+02 8.300000000000000000e+01 0.000000000000000000e+00 1.600000000000000089e+00 -1.217999999999999899e-03 -5.022000000000000422e-03 9.999869999999999592e-01 9.963889999999999691e-01 8.488700000000000412e-02 1.639999999999999965e-03 -8.489399999999999724e-02 9.963779999999999859e-01 4.900999999999999975e-03
