2.000000000000000000e+00 1.500000000000000000e+01 4.000000000000000000e+00 0.000000000000000000e+00 1.600000000000000089e+00 -5.820000000000000520e-04 2.862100000000000061e-02 9.995899999999999785e-01 3.873380000000000156e-01 -9.215539999999999843e-01 2.661200000000000024e-02 9.219380000000000353e-01 3.871950000000000114e-01 -1.055000000000000035e-02
1.800000000000000000e+01 1.600000000000000000e+01 4.000000000000000000e+00 0.000000000000000000e+00 1.600000000000000089e+00 -2.491000000000000159e-03 1.428000000000000016e-03 9.999959999999999960e-01 4.564719999999999889e-01 -8.897340000000000249e-01 2.407999999999999984e-03 8.897340000000000249e-01 4.564759999999999929e-01 1.564999999999999985e-03
1.100000000000000000e+01 1.010000000000000000e+02 7.000000000000000000e+00 0.000000000000000000e+00 1.600000000000000089e+00 -3.049999999999999868e-04 -3.628999999999999847e-03 9.999930000000000208e-01 8.856559999999999988e-01 4.643369999999999997e-01 1.955999999999999839e-03 -4.643410000000000037e-01 8.856509999999999661e-01 3.072000000000000078e-03
1.600000000000000000e+01 1.010000000000000000e+02 7.000000000000000000e+00 0.000000000000000000e+00 1.600000000000000089e+00 -1.191999999999999917e-03 -7.145999999999999575e-03 9.999740000000000295e-01 8.858340000000000103e-01 4.639820000000000055e-01 4.372000000000000018e-03 -4.640009999999999968e-01 8.858160000000000478e-01 5.777000000000000017e-03
3.000000000000000000e+00 1.500000000000000000e+01 8.000000000000000000e+00 0.000000000000000000e+00 1.600000000000000089e+00 1.217999999999999899e-03 1.824800000000000033e-02 -9.998329999999999718e-01 -6.141689999999999650e-01 -7.890289999999999804e-01 -1.514899999999999927e-02 -7.891740000000000421e-01 6.140839999999999632e-01 1.024599999999999990e-02
2.000000000000000000e+00 2.500000000000000000e+01 8.000000000000000000e+00 0.000000000000000000e+00 1.600000000000000089e+00 1.999999999999999909e-06 -2.622000000000000199e-03 -9.999970000000000248e-01 4.487510000000000110e-01 8.936539999999999484e-01 -2.341999999999999898e-03 8.936570000000000347e-01 -4.487499999999999822e-01 1.178999999999999927e-03
4.000000000000000000e+00 2.500000000000000000e+01 8.000000000000000000e+00 0.000000000000000000e+00 1.600000000000000089e+00 1.469999999999999953e-04 -2.308999999999999855e-03 -9.999970000000000248e-01 4.482840000000000158e-01 8.938890000000000446e-01 -1.998000000000000210e-03 8.938909999999999911e-01 -4.482820000000000138e-01 1.165999999999999936e-03
2.000000000000000000e+01 2.500000000000000000e+01 8.000000000000000000e+00 0.000000000000000000e+00 1.600000000000000089e+00 1.977000000000000025e-03 2.419000000000000143e-03 -9.999949999999999672e-01 4.467969999999999997e-01 8.946300000000000363e-01 3.047999999999999928e-03 8.946330000000000116e-01 -4.468010000000000037e-01 6.880000000000000265e-04
2.400000000000000000e+01 2.500000000000000000e+01 8.000000000000000000e+00 0.000000000000000000e+00 1.600000000000000089e+00 2.769999999999999893e-03 8.191999999999999629e-03 -9.999630000000000463e-01 4.450500000000000012e-01 8.954649999999999554e-01 8.569000000000000228e-03 8.955009999999999915e-01 -4.450569999999999804e-01 -1.165999999999999936e-03
2.900000000000000000e+01 2.500000000000000000e+01 8.000000000000000000e+00 0.000000000000000000e+00 1.600000000000000089e+00 5.980000000000000072e-04 -1.079000000000000098e-03 -9.999989999999999712e-01 4.431869999999999976e-01 8.964290000000000314e-01 -7.029999999999999574e-04 8.964290000000000314e-01 -4.431860000000000244e-01 1.013999999999999927e-03
2.500000000000000000e+01 9.000000000000000000e+00 9.000000000000000000e+00 0.000000000000000000e+00 1.600000000000000089e+00 4.329000000000000382e-03 -7.321000000000000250e-03 -9.999639999999999640e-01 -9.439619999999999678e-01 -3.300509999999999833e-01 -1.670000000000000043e-03 -3.300270000000000148e-01 9.439349999999999685e-01 -8.340000000000000191e-03
4.000000000000000000e+00 2.400000000000000000e+01 9.000000000000000000e+00 0.000000000000000000e+00 1.600000000000000089e+00 1.579999999999999916e-04 -3.481000000000000153e-03 -9.999940000000000495e-01 4.558900000000000174e-01 8.900310000000000166e-01 -3.026000000000000044e-03 8.900360000000000493e-01 -4.558869999999999867e-01 1.727000000000000019e-03
1.200000000000000000e+01 2.400000000000000000e+01 9.000000000000000000e+00 0.000000000000000000e+00 1.600000000000000089e+00 -1.183000000000000024e-03 -3.703000000000000128e-03 -9.999919999999999920e-01 4.545699999999999741e-01 8.907030000000000225e-01 -3.836000000000000000e-03 8.907100000000000017e-01 -4.545710000000000028e-01 6.290000000000000018e-04
1.600000000000000000e+01 2.400000000000000000e+01 9.000000000000000000e+00 0.000000000000000000e+00 1.600000000000000089e+00 -8.009999999999999542e-04 -3.833000000000000036e-03 -9.999919999999999920e-01 4.544210000000000194e-01 8.907789999999999875e-01 -3.778000000000000108e-03 8.907869999999999955e-01 -4.544199999999999906e-01 1.028999999999999967e-03
2.400000000000000000e+01 2.400000000000000000e+01 9.000000000000000000e+00 0.000000000000000000e+00 1.600000000000000089e+00 2.835999999999999979e-03 8.569999999999999493e-03 -9.999590000000000423e-01 4.526569999999999760e-01 8.916399999999999881e-01 8.925999999999999907e-03 8.916800000000000281e-01 -4.526640000000000108e-01 -1.350000000000000071e-03
2.700000000000000000e+01 2.400000000000000000e+01 9.000000000000000000e+00 0.000000000000000000e+00 1.600000000000000089e+00 1.600000000000000077e-03 1.376000000000000053e-03 -9.999980000000000535e-01 4.511410000000000142e-01 8.924509999999999943e-01 1.948999999999999995e-03 8.924509999999999943e-01 -4.511430000000000162e-01 8.069999999999999916e-04
3.000000000000000000e+00 3.500000000000000000e+01 1.200000000000000000e+01 0.000000000000000000e+00 1.600000000000000089e+00 1.237000000000000035e-03 -7.311999999999999923e-03 -9.999730000000000008e-01 4.452420000000000266e-01 -8.953820000000000112e-01 7.097000000000000010e-03 -8.954090000000000105e-01 -4.452389999999999959e-01 2.148000000000000170e-03
8.000000000000000000e+00 3.500000000000000000e+01 1.200000000000000000e+01 0.000000000000000000e+00 1.600000000000000089e+00 -5.400000000000000069e-04 -5.207999999999999956e-03 -9.999860000000000415e-01 4.529400000000000093e-01 -8.915300000000000447e-01 4.398000000000000000e-03 -8.915410000000000279e-01 -4.529320000000000013e-01 2.840000000000000076e-03
1.600000000000000000e+01 3.500000000000000000e+01 1.200000000000000000e+01 0.000000000000000000e+00 1.600000000000000089e+00 8.509999999999999769e-04 -1.503999999999999912e-03 -9.999989999999999712e-01 4.424409999999999732e-01 -8.967960000000000376e-01 1.724999999999999971e-03 -8.967969999999999553e-01 -4.424420000000000019e-01 -9.699999999999999963e-05
2.000000000000000000e+01 3.500000000000000000e+01 1.200000000000000000e+01 0.000000000000000000e+00 1.600000000000000089e+00 -9.979999999999999722e-04 3.880999999999999901e-03 -9.999919999999999920e-01 4.399710000000000010e-01 -8.980040000000000244e-01 -3.924000000000000404e-03 -8.980120000000000324e-01 -4.399710000000000010e-01 -8.109999999999999805e-04
2.700000000000000000e+01 3.500000000000000000e+01 1.200000000000000000e+01 0.000000000000000000e+00 1.600000000000000089e+00 1.497000000000000067e-03 1.463000000000000108e-03 -9.999980000000000535e-01 4.545239999999999836e-01 -8.907350000000000545e-01 -6.229999999999999644e-04 -8.907329999999999970e-01 -4.545219999999999816e-01 -1.998000000000000210e-03
3.000000000000000000e+01 3.500000000000000000e+01 1.200000000000000000e+01 0.000000000000000000e+00 1.600000000000000089e+00 3.970000000000000005e-04 -3.322999999999999999e-03 -9.999940000000000495e-01 4.605250000000000177e-01 -8.876410000000000133e-01 3.131999999999999802e-03 -8.876469999999999638e-01 -4.605230000000000157e-01 1.178000000000000011e-03
1.400000000000000000e+01 3.200000000000000000e+01 1.400000000000000000e+01 0.000000000000000000e+00 1.600000000000000089e+00 -9.409999999999999962e-04 1.126000000000000048e-03 -9.999989999999999712e-01 1.071560000000000012e-01 9.942419999999999591e-01 1.018999999999999941e-03 9.942419999999999591e-01 -1.071550000000000002e-01 -1.056999999999999997e-03
1.900000000000000000e+01 3.200000000000000000e+01 1.400000000000000000e+01 0.000000000000000000e+00 1.600000000000000089e+00 2.579999999999999828e-04 -3.616999999999999989e-03 -9.999930000000000208e-01 1.063759999999999983e-01 9.943199999999999816e-01 -3.569000000000000124e-03 9.943260000000000431e-01 -1.063739999999999963e-01 6.409999999999999682e-04
1.100000000000000000e+01 1.160000000000000000e+02 1.600000000000000000e+01 0.000000000000000000e+00 1.600000000000000089e+00 1.704000000000000003e-03 2.265000000000000086e-03 9.999959999999999960e-01 7.529360000000000497e-01 6.580880000000000063e-01 -2.772999999999999857e-03 -6.580909999999999815e-01 7.529379999999999962e-01 -5.839999999999999922e-04
2.800000000000000000e+01 1.160000000000000000e+02 1.600000000000000000e+01 0.000000000000000000e+00 1.600000000000000089e+00 1.959999999999999937e-03 2.897999999999999968e-03 9.999940000000000495e-01 7.078259999999999552e-01 7.063789999999999791e-01 -3.435000000000000119e-03 -7.063840000000000119e-01 7.078280000000000127e-01 -6.660000000000000338e-04
2.000000000000000000e+00 2.000000000000000000e+00 1.900000000000000000e+01 0.000000000000000000e+00 1.600000000000000089e+00 1.583999999999999905e-03 -2.970000000000000092e-04 -9.999989999999999712e-01 3.370639999999999747e-01 -9.414810000000000123e-01 8.130000000000000291e-04 -9.414799999999999836e-01 -3.370650000000000035e-01 -1.391000000000000092e-03
9.000000000000000000e+00 2.000000000000000000e+00 1.900000000000000000e+01 0.000000000000000000e+00 1.600000000000000089e+00 -3.419999999999999863e-03 1.525699999999999973e-02 -9.998780000000000445e-01 3.276270000000000016e-01 -9.446790000000000465e-01 -1.553500000000000020e-02 -9.448010000000000019e-01 -3.276399999999999868e-01 -1.768000000000000040e-03
1.600000000000000000e+01 2.000000000000000000e+00 1.900000000000000000e+01 0.000000000000000000e+00 1.600000000000000089e+00 -8.040000000000000271e-04 1.941400000000000070e-02 -9.998110000000000053e-01 3.284500000000000197e-01 -9.443380000000000107e-01 -1.860099999999999948e-02 -9.445210000000000550e-01 -3.284030000000000005e-01 -5.617999999999999730e-03
2.200000000000000000e+01 2.000000000000000000e+00 1.900000000000000000e+01 0.000000000000000000e+00 1.600000000000000089e+00 4.500000000000000283e-05 4.111000000000000071e-03 -9.999909999999999632e-01 3.264870000000000272e-01 -9.451939999999999786e-01 -3.870999999999999875e-03 -9.452019999999999866e-01 -3.264839999999999964e-01 -1.384999999999999946e-03
2.800000000000000000e+01 2.000000000000000000e+00 1.900000000000000000e+01 0.000000000000000000e+00 1.600000000000000089e+00 2.213999999999999822e-03 8.295999999999999555e-03 -9.999630000000000463e-01 3.254179999999999851e-01 -9.455430000000000224e-01 -7.124000000000000124e-03 -9.455679999999999641e-01 -3.253900000000000126e-01 -4.793000000000000385e-03
4.000000000000000000e+00 3.000000000000000000e+00 1.900000000000000000e+01 0.000000000000000000e+00 1.600000000000000089e+00 1.110000000000000011e-04 4.133999999999999654e-03 -9.999909999999999632e-01 3.067079999999999806e-01 -9.517959999999999754e-01 -3.900999999999999954e-03 -9.518039999999999834e-01 -3.067039999999999766e-01 -1.374000000000000004e-03
1.500000000000000000e+01 3.000000000000000000e+00 1.900000000000000000e+01 0.000000000000000000e+00 1.600000000000000089e+00 -1.345999999999999974e-03 1.847800000000000137e-02 -9.998280000000000500e-01 3.000249999999999861e-01 -9.537609999999999699e-01 -1.803099999999999842e-02 -9.539309999999999734e-01 -2.999970000000000137e-01 -4.259999999999999898e-03
3.000000000000000000e+00 1.300000000000000000e+01 2.000000000000000000e+01 0.000000000000000000e+00 1.600000000000000089e+00 -1.279999999999999942e-04 2.697999999999999877e-03 9.999959999999999960e-01 2.586539999999999950e-01 9.659670000000000201e-01 -2.573000000000000200e-03 -9.659699999999999953e-01 2.586530000000000218e-01 -8.220000000000000310e-04
7.000000000000000000e+00 1.300000000000000000e+01 2.000000000000000000e+01 0.000000000000000000e+00 1.600000000000000089e+00 -5.500000000000000196e-05 6.790000000000000245e-04 1.000000000000000000e+00 2.602610000000000201e-01 9.655380000000000074e-01 -6.409999999999999682e-04 -9.655380000000000074e-01 2.602599999999999913e-01 -2.300000000000000070e-04
1.000000000000000000e+01 1.300000000000000000e+01 2.000000000000000000e+01 0.000000000000000000e+00 1.600000000000000089e+00 -6.310000000000000504e-04 -3.213999999999999843e-03 9.999949999999999672e-01 2.604730000000000101e-01 9.654760000000000009e-01 3.266999999999999939e-03 -9.654810000000000336e-01 2.604739999999999833e-01 2.280000000000000126e-04
1.500000000000000000e+01 1.300000000000000000e+01 2.000000000000000000e+01 0.000000000000000000e+00 1.600000000000000089e+00 -1.311000000000000099e-03 -6.669999999999999497e-04 9.999989999999999712e-01 2.622849999999999904e-01 9.649900000000000144e-01 9.870000000000000301e-04 -9.649900000000000144e-01 2.622860000000000191e-01 -1.090999999999999956e-03
2.200000000000000000e+01 1.300000000000000000e+01 2.000000000000000000e+01 0.000000000000000000e+00 1.600000000000000089e+00 5.810000000000000277e-04 2.480000000000000108e-04 1.000000000000000000e+00 2.627519999999999856e-01 9.648630000000000262e-01 -3.919999999999999873e-04 -9.648630000000000262e-01 2.627519999999999856e-01 4.949999999999999973e-04
2.700000000000000000e+01 1.300000000000000000e+01 2.000000000000000000e+01 0.000000000000000000e+00 1.600000000000000089e+00 1.971000000000000096e-03 -2.209000000000000026e-03 9.999959999999999960e-01 2.622459999999999791e-01 9.649999999999999689e-01 1.614999999999999899e-03 -9.649990000000000512e-01 2.622410000000000019e-01 2.481000000000000132e-03
1.300000000000000000e+01 5.000000000000000000e+01 2.200000000000000000e+01 0.000000000000000000e+00 1.600000000000000089e+00 -7.200000000000000182e-05 1.832999999999999994e-03 -9.999980000000000535e-01 -5.622920000000000140e-01 8.269379999999999509e-01 1.557000000000000007e-03 8.269389999999999796e-01 5.622909999999999853e-01 9.709999999999999664e-04
2.200000000000000000e+01 5.000000000000000000e+01 2.200000000000000000e+01 0.000000000000000000e+00 1.600000000000000089e+00 -2.200999999999999832e-03 2.770000000000000110e-04 -9.999980000000000535e-01 -5.650269999999999460e-01 8.250709999999999988e-01 1.472999999999999917e-03 8.250690000000000524e-01 5.650290000000000035e-01 -1.659000000000000101e-03
2.800000000000000000e+01 5.000000000000000000e+01 2.200000000000000000e+01 0.000000000000000000e+00 1.600000000000000089e+00 4.089999999999999886e-03 7.287000000000000074e-03 -9.999649999999999928e-01 -5.648039999999999727e-01 8.252169999999999783e-01 3.703000000000000128e-03 8.252150000000000318e-01 5.647689999999999655e-01 7.491000000000000263e-03
4.000000000000000000e+00 2.000000000000000000e+00 2.500000000000000000e+01 0.000000000000000000e+00 1.600000000000000089e+00 -5.980000000000000072e-04 -6.592999999999999902e-03 9.999780000000000335e-01 6.555199999999999916e-02 -9.978280000000000483e-01 -6.539999999999999807e-03 9.978489999999999860e-01 6.554699999999999416e-02 1.028999999999999967e-03
5.000000000000000000e+00 3.000000000000000000e+00 2.500000000000000000e+01 0.000000000000000000e+00 1.600000000000000089e+00 -1.291000000000000047e-03 -3.589000000000000176e-03 9.999930000000000208e-01 -1.766699999999999868e-02 -9.998369999999999758e-01 -3.612000000000000193e-03 9.998430000000000373e-01 -1.767200000000000021e-02 1.227000000000000009e-03
1.000000000000000000e+01 3.000000000000000000e+00 2.500000000000000000e+01 0.000000000000000000e+00 1.600000000000000089e+00 -4.964999999999999795e-03 1.391300000000000002e-02 9.998909999999999743e-01 -1.382599999999999975e-02 -9.998089999999999478e-01 1.384299999999999940e-02 9.998920000000000030e-01 -1.375600000000000087e-02 5.155999999999999993e-03
1.600000000000000000e+01 3.000000000000000000e+00 2.500000000000000000e+01 0.000000000000000000e+00 1.600000000000000089e+00 -3.340999999999999786e-03 8.887000000000000802e-03 9.999550000000000383e-01 -3.465000000000000198e-03 -9.999550000000000383e-01 8.874999999999999209e-03 9.999879999999999880e-01 -3.435000000000000119e-03 3.371999999999999997e-03
2.000000000000000000e+01 3.000000000000000000e+00 2.500000000000000000e+01 0.000000000000000000e+00 1.600000000000000089e+00 -6.620000000000000450e-04 -4.749999999999999990e-04 1.000000000000000000e+00 -1.466999999999999988e-03 -9.999989999999999712e-01 -4.760000000000000234e-04 9.999989999999999712e-01 -1.466999999999999988e-03 6.620000000000000450e-04
2.500000000000000000e+01 3.000000000000000000e+00 2.500000000000000000e+01 0.000000000000000000e+00 1.600000000000000089e+00 -4.172000000000000361e-03 6.153999999999999748e-03 9.999719999999999720e-01 3.200000000000000262e-04 -9.999810000000000088e-01 6.156000000000000014e-03 9.999909999999999632e-01 3.460000000000000076e-04 4.170000000000000095e-03
2.900000000000000000e+01 3.000000000000000000e+00 2.500000000000000000e+01 0.000000000000000000e+00 1.600000000000000089e+00 -4.640000000000000027e-03 5.917000000000000384e-03 9.999719999999999720e-01 6.609000000000000291e-03 -9.999599999999999600e-01 5.948000000000000162e-03 9.999670000000000503e-01 6.636000000000000405e-03 4.601000000000000055e-03
5.000000000000000000e+00 4.600000000000000000e+01 2.700000000000000000e+01 0.000000000000000000e+00 1.600000000000000089e+00 -5.810000000000000277e-04 -1.621000000000000045e-03 -9.999989999999999712e-01 6.680139999999999967e-01 7.441470000000000029e-01 -1.595000000000000064e-03 7.441489999999999494e-01 -6.680139999999999967e-01 6.509999999999999945e-04
7.000000000000000000e+00 4.600000000000000000e+01 3.000000000000000000e+01 0.000000000000000000e+00 1.600000000000000089e+00 -1.755999999999999965e-03 -2.243999999999999901e-03 -9.999959999999999960e-01 3.322530000000000205e-01 9.431859999999999689e-01 -2.700000000000000143e-03 9.431880000000000264e-01 -3.322570000000000245e-01 -9.110000000000000259e-04
1.400000000000000000e+01 4.600000000000000000e+01 3.000000000000000000e+01 0.000000000000000000e+00 1.600000000000000089e+00 1.099999999999999971e-05 -1.110000000000000011e-04 -1.000000000000000000e+00 3.352350000000000052e-01 9.421349999999999447e-01 -1.010000000000000020e-04 9.421349999999999447e-01 -3.352350000000000052e-01 4.699999999999999724e-05
3.000000000000000000e+00 5.800000000000000000e+01 3.100000000000000000e+01 0.000000000000000000e+00 1.600000000000000089e+00 8.050000000000000515e-04 3.497999999999999807e-03 9.999940000000000495e-01 -7.578030000000000044e-01 -6.524769999999999737e-01 2.892000000000000039e-03 6.524830000000000352e-01 -7.578000000000000291e-01 2.125999999999999852e-03
6.000000000000000000e+00 5.800000000000000000e+01 3.100000000000000000e+01 0.000000000000000000e+00 1.600000000000000089e+00 5.650999999999999773e-03 7.241000000000000041e-03 9.999580000000000135e-01 -7.592839999999999590e-01 -6.506969999999999699e-01 9.003000000000000586e-03 6.507340000000000346e-01 -7.593029999999999502e-01 1.820999999999999919e-03
1.400000000000000000e+01 5.800000000000000000e+01 3.100000000000000000e+01 0.000000000000000000e+00 1.600000000000000089e+00 3.667000000000000121e-03 5.171000000000000249e-03 9.999799999999999800e-01 -7.571759999999999602e-01 -6.531820000000000404e-01 6.153999999999999748e-03 6.532010000000000316e-01 -7.571830000000000505e-01 1.520000000000000084e-03
2.500000000000000000e+01 5.800000000000000000e+01 3.100000000000000000e+01 0.000000000000000000e+00 1.600000000000000089e+00 -8.310000000000000329e-04 2.948000000000000100e-03 9.999949999999999672e-01 -7.525100000000000122e-01 -6.585800000000000542e-01 1.315999999999999896e-03 6.585809999999999720e-01 -7.525049999999999795e-01 2.765999999999999796e-03
2.400000000000000000e+01 2.300000000000000000e+01 3.400000000000000000e+01 0.000000000000000000e+00 1.600000000000000089e+00 6.689999999999999983e-04 -2.348999999999999960e-03 9.999970000000000248e-01 3.966759999999999731e-01 -9.179559999999999942e-01 -2.420999999999999975e-03 9.179589999999999694e-01 3.966759999999999731e-01 3.170000000000000075e-04
8.000000000000000000e+00 4.600000000000000000e+01 3.500000000000000000e+01 0.000000000000000000e+00 1.600000000000000089e+00 4.569999999999999952e-04 9.970000000000000563e-04 -9.999989999999999712e-01 3.937820000000000209e-01 -9.192040000000000211e-01 -7.360000000000000006e-04 -9.192040000000000211e-01 -3.937809999999999921e-01 -8.130000000000000291e-04
1.200000000000000000e+01 4.600000000000000000e+01 3.500000000000000000e+01 0.000000000000000000e+00 1.600000000000000089e+00 5.590000000000000351e-04 -1.590999999999999966e-03 -9.999989999999999712e-01 3.926200000000000245e-01 -9.196990000000000443e-01 1.683000000000000034e-03 -9.197009999999999907e-01 -3.926200000000000245e-01 1.110000000000000011e-04
1.500000000000000000e+01 4.600000000000000000e+01 3.500000000000000000e+01 0.000000000000000000e+00 1.600000000000000089e+00 -1.520000000000000084e-04 -2.429999999999999868e-03 -9.999970000000000248e-01 3.926560000000000050e-01 -9.196830000000000283e-01 2.174999999999999850e-03 -9.196849999999999747e-01 -3.926540000000000030e-01 1.093999999999999920e-03
2.300000000000000000e+01 4.600000000000000000e+01 3.500000000000000000e+01 0.000000000000000000e+00 1.600000000000000089e+00 6.070000000000000092e-04 1.463000000000000108e-03 -9.999989999999999712e-01 3.912470000000000114e-01 -9.202850000000000197e-01 -1.108999999999999960e-03 -9.202860000000000484e-01 -3.912450000000000094e-01 -1.131000000000000061e-03
2.700000000000000000e+01 4.600000000000000000e+01 3.500000000000000000e+01 0.000000000000000000e+00 1.600000000000000089e+00 1.164000000000000104e-03 -1.779999999999999898e-04 -9.999989999999999712e-01 3.890770000000000062e-01 -9.212050000000000516e-01 6.170000000000000354e-04 -9.212050000000000516e-01 -3.890770000000000062e-01 -1.002999999999999985e-03
3.000000000000000000e+01 4.600000000000000000e+01 3.500000000000000000e+01 0.000000000000000000e+00 1.600000000000000089e+00 5.540000000000000219e-04 -1.686999999999999915e-03 -9.999980000000000535e-01 3.890480000000000049e-01 -9.212160000000000348e-01 1.768999999999999956e-03 -9.212169999999999526e-01 -3.890480000000000049e-01 1.459999999999999981e-04
6.000000000000000000e+00 3.000000000000000000e+00 4.300000000000000000e+01 0.000000000000000000e+00 1.600000000000000089e+00 -2.931000000000000012e-03 -4.765000000000000138e-03 -9.999839999999999840e-01 7.408299999999999885e-01 -6.716919999999999558e-01 1.028999999999999967e-03 -6.716860000000000053e-01 -7.408150000000000013e-01 5.499000000000000415e-03
1.500000000000000000e+01 3.000000000000000000e+00 4.300000000000000000e+01 0.000000000000000000e+00 1.600000000000000089e+00 -6.000000000000000152e-06 -1.037100000000000001e-02 -9.999460000000000015e-01 7.439299999999999802e-01 -6.682219999999999827e-01 6.925999999999999865e-03 -6.682580000000000187e-01 -7.438900000000000512e-01 7.719000000000000167e-03
2.100000000000000000e+01 3.000000000000000000e+00 4.300000000000000000e+01 0.000000000000000000e+00 1.600000000000000089e+00 -4.124000000000000062e-03 -1.051500000000000004e-02 -9.999360000000000470e-01 7.402720000000000411e-01 -6.722960000000000047e-01 4.016999999999999738e-03 -6.722949999999999759e-01 -7.402079999999999771e-01 1.055599999999999941e-02
2.000000000000000000e+00 8.000000000000000000e+00 4.400000000000000000e+01 0.000000000000000000e+00 1.600000000000000089e+00 -3.446999999999999977e-03 4.232999999999999784e-03 9.999850000000000128e-01 -7.877150000000000540e-01 -6.160400000000000320e-01 -1.079999999999999960e-04 6.160309999999999953e-01 -7.877030000000000420e-01 5.457000000000000045e-03
1.700000000000000000e+01 8.000000000000000000e+00 4.400000000000000000e+01 0.000000000000000000e+00 1.600000000000000089e+00 -1.820000000000000057e-04 -2.732000000000000053e-03 9.999959999999999960e-01 -7.833440000000000403e-01 -6.215859999999999719e-01 -1.840999999999999972e-03 6.215889999999999471e-01 -7.833409999999999540e-01 -2.027000000000000156e-03
2.000000000000000000e+00 2.900000000000000000e+01 4.400000000000000000e+01 0.000000000000000000e+00 1.600000000000000089e+00 5.230000000000000274e-04 -2.579999999999999828e-03 -9.999970000000000248e-01 6.589810000000000390e-01 7.521579999999999933e-01 -1.595999999999999979e-03 7.521600000000000508e-01 -6.589779999999999527e-01 2.093999999999999941e-03
6.000000000000000000e+00 2.900000000000000000e+01 4.400000000000000000e+01 0.000000000000000000e+00 1.600000000000000089e+00 -8.869999999999999846e-04 -1.438000000000000042e-03 -9.999989999999999712e-01 6.583999999999999853e-01 7.526659999999999462e-01 -1.667000000000000079e-03 7.526680000000000037e-01 -6.583999999999999853e-01 2.790000000000000054e-04
1.200000000000000000e+01 2.900000000000000000e+01 4.400000000000000000e+01 0.000000000000000000e+00 1.600000000000000089e+00 1.110000000000000011e-04 -1.335000000000000032e-03 -9.999989999999999712e-01 6.583780000000000188e-01 7.526869999999999949e-01 -9.319999999999999942e-04 7.526869999999999949e-01 -6.583780000000000188e-01 9.619999999999999645e-04
1.600000000000000000e+01 2.900000000000000000e+01 4.400000000000000000e+01 0.000000000000000000e+00 1.600000000000000089e+00 7.079999999999999705e-04 -2.550000000000000183e-04 -1.000000000000000000e+00 6.598389999999999533e-01 7.514070000000000471e-01 2.750000000000000166e-04 7.514060000000000183e-01 -6.598399999999999821e-01 6.999999999999999929e-04
2.100000000000000000e+01 2.900000000000000000e+01 4.400000000000000000e+01 0.000000000000000000e+00 1.600000000000000089e+00 2.999999999999999737e-04 3.152999999999999987e-03 -9.999949999999999672e-01 6.559789999999999788e-01 7.547749999999999737e-01 2.576000000000000165e-03 7.547789999999999777e-01 -6.559760000000000035e-01 -1.842000000000000104e-03
2.500000000000000000e+01 2.900000000000000000e+01 4.400000000000000000e+01 0.000000000000000000e+00 1.600000000000000089e+00 7.990000000000000140e-04 1.955000000000000140e-03 -9.999980000000000535e-01 6.561200000000000365e-01 7.546540000000000470e-01 1.998999999999999909e-03 7.546559999999999935e-01 -6.561200000000000365e-01 -6.800000000000000488e-04
2.900000000000000000e+01 2.900000000000000000e+01 4.400000000000000000e+01 0.000000000000000000e+00 1.600000000000000089e+00 2.145000000000000205e-03 4.289000000000000278e-03 -9.999879999999999880e-01 6.574710000000000276e-01 7.534650000000000514e-01 4.641000000000000160e-03 7.534769999999999524e-01 -6.574740000000000029e-01 -1.203999999999999992e-03
6.000000000000000000e+00 6.500000000000000000e+01 4.600000000000000000e+01 0.000000000000000000e+00 1.600000000000000089e+00 1.412000000000000061e-03 -1.978999999999999856e-03 9.999970000000000248e-01 6.776219999999999466e-01 -7.354060000000000041e-01 -2.412000000000000081e-03 7.354089999999999794e-01 6.776240000000000041e-01 3.029999999999999924e-04
1.000000000000000000e+00 7.000000000000000000e+01 4.700000000000000000e+01 0.000000000000000000e+00 1.600000000000000089e+00 1.505000000000000044e-03 -2.837000000000000112e-03 -9.999949999999999672e-01 -8.426660000000000261e-01 -5.384370000000000545e-01 2.590000000000000071e-04 -5.384349999999999969e-01 8.426609999999999934e-01 -3.200999999999999852e-03
1.900000000000000000e+01 7.400000000000000000e+01 4.900000000000000000e+01 0.000000000000000000e+00 1.600000000000000089e+00 1.711000000000000064e-03 -5.334000000000000200e-03 9.999839999999999840e-01 -9.820520000000000360e-01 1.885920000000000096e-01 2.686000000000000019e-03 -1.886029999999999929e-01 -9.820410000000000528e-01 -4.915000000000000098e-03
5.000000000000000000e+00 5.000000000000000000e+00 5.100000000000000000e+01 0.000000000000000000e+00 1.600000000000000089e+00 -1.433999999999999945e-03 -8.159999999999999936e-04 -9.999989999999999712e-01 4.861820000000000030e-01 -8.738569999999999949e-01 1.599999999999999928e-05 -8.738559999999999661e-01 -4.861820000000000030e-01 1.649999999999999991e-03
8.000000000000000000e+00 5.000000000000000000e+00 5.100000000000000000e+01 0.000000000000000000e+00 1.600000000000000089e+00 -1.763000000000000027e-03 -7.219999999999999855e-04 -9.999980000000000535e-01 4.937170000000000170e-01 -8.696230000000000349e-01 -2.429999999999999977e-04 -8.696209999999999773e-01 -4.937159999999999882e-01 1.889999999999999970e-03
1.100000000000000000e+01 5.000000000000000000e+00 5.100000000000000000e+01 0.000000000000000000e+00 1.600000000000000089e+00 -3.122000000000000209e-03 1.379999999999999933e-04 -9.999949999999999672e-01 4.942300000000000026e-01 -8.693300000000000471e-01 -1.662999999999999982e-03 -8.693260000000000431e-01 -4.942320000000000046e-01 2.645999999999999915e-03
1.600000000000000000e+01 5.000000000000000000e+00 5.100000000000000000e+01 0.000000000000000000e+00 1.600000000000000089e+00 -3.930000000000000117e-04 -2.256000000000000193e-03 -9.999970000000000248e-01 4.901590000000000114e-01 -8.716319999999999624e-01 1.773999999999999969e-03 -8.716329999999999911e-01 -4.901570000000000094e-01 1.448000000000000068e-03
2.400000000000000000e+01 7.000000000000000000e+00 5.200000000000000000e+01 0.000000000000000000e+00 1.600000000000000089e+00 -3.353000000000000078e-03 2.239000000000000105e-03 -9.999919999999999920e-01 1.169629999999999975e-01 -9.931330000000000435e-01 -2.615999999999999836e-03 -9.931309999999999860e-01 -1.169710000000000055e-01 3.067999999999999981e-03
3.000000000000000000e+00 6.300000000000000000e+01 5.400000000000000000e+01 0.000000000000000000e+00 1.600000000000000089e+00 3.159999999999999832e-04 2.632999999999999924e-03 9.999970000000000248e-01 -3.402649999999999841e-01 9.403259999999999952e-01 -2.369000000000000012e-03 -9.403289999999999704e-01 -3.402629999999999821e-01 1.193000000000000050e-03
1.100000000000000000e+01 6.300000000000000000e+01 5.400000000000000000e+01 0.000000000000000000e+00 1.600000000000000089e+00 2.952000000000000197e-03 5.259999999999999919e-03 9.999820000000000375e-01 -3.379369999999999874e-01 9.411599999999999966e-01 -3.952999999999999917e-03 -9.411640000000000006e-01 -3.379190000000000249e-01 4.556000000000000154e-03
1.800000000000000000e+01 6.300000000000000000e+01 5.400000000000000000e+01 0.000000000000000000e+00 1.600000000000000089e+00 -6.130000000000000466e-04 -4.956999999999999601e-03 9.999879999999999880e-01 -3.452729999999999966e-01 9.384919999999999929e-01 4.440999999999999635e-03 -9.385019999999999474e-01 -3.452660000000000173e-01 -2.286999999999999970e-03
2.200000000000000000e+01 6.300000000000000000e+01 5.400000000000000000e+01 0.000000000000000000e+00 1.600000000000000089e+00 -9.470000000000000336e-04 -7.367000000000000284e-03 9.999719999999999720e-01 -3.440949999999999842e-01 9.389119999999999688e-01 6.590999999999999637e-03 -9.389340000000000463e-01 -3.440799999999999970e-01 -3.423999999999999960e-03
2.600000000000000000e+01 6.300000000000000000e+01 5.400000000000000000e+01 0.000000000000000000e+00 1.600000000000000089e+00 -4.000000000000000192e-04 -3.586999999999999911e-03 9.999930000000000208e-01 -3.401529999999999831e-01 9.403639999999999777e-01 3.237999999999999993e-03 -9.403700000000000392e-01 -3.401500000000000079e-01 -1.595999999999999979e-03
2.800000000000000000e+01 6.300000000000000000e+01 5.400000000000000000e+01 0.000000000000000000e+00 1.600000000000000089e+00 -7.200000000000000453e-04 -2.429999999999999977e-04 1.000000000000000000e+00 -3.403169999999999806e-01 9.403110000000000079e-01 -1.699999999999999987e-05 -9.403099999999999792e-01 -3.403169999999999806e-01 -7.600000000000000418e-04
9.000000000000000000e+00 2.500000000000000000e+01 5.500000000000000000e+01 0.000000000000000000e+00 1.600000000000000089e+00 -2.056000000000000102e-03 -1.861000000000000024e-03 -9.999959999999999960e-01 -1.338699999999999959e-02 -9.999090000000000478e-01 1.887999999999999921e-03 -9.999080000000000190e-01 1.339100000000000013e-02 2.030999999999999819e-03
1.300000000000000000e+01 2.500000000000000000e+01 5.500000000000000000e+01 0.000000000000000000e+00 1.600000000000000089e+00 1.126000000000000048e-03 1.575000000000000011e-03 -9.999980000000000535e-01 -1.203300000000000029e-02 -9.999259999999999815e-01 -1.588999999999999918e-03 -9.999270000000000103e-01 1.203399999999999956e-02 -1.106999999999999911e-03
1.900000000000000000e+01 2.500000000000000000e+01 5.500000000000000000e+01 0.000000000000000000e+00 1.600000000000000089e+00 6.250000000000000130e-04 1.069000000000000072e-03 -9.999989999999999712e-01 -1.090799999999999929e-02 -9.999400000000000510e-01 -1.075999999999999917e-03 -9.999400000000000510e-01 1.090900000000000029e-02 -6.130000000000000466e-04
2.300000000000000000e+01 2.500000000000000000e+01 5.500000000000000000e+01 0.000000000000000000e+00 1.600000000000000089e+00 -1.210000000000000002e-04 -7.500000000000000156e-04 -1.000000000000000000e+00 -1.085700000000000033e-02 -9.999409999999999688e-01 7.519999999999999558e-04 -9.999409999999999688e-01 1.085700000000000033e-02 1.129999999999999955e-04
2.800000000000000000e+01 2.500000000000000000e+01 5.500000000000000000e+01 0.000000000000000000e+00 1.600000000000000089e+00 -1.007999999999999998e-03 -6.299999999999999990e-05 -1.000000000000000000e+00 -1.014199999999999997e-02 -9.999489999999999768e-01 7.299999999999999903e-05 -9.999479999999999480e-01 1.014199999999999997e-02 1.007000000000000083e-03
8.000000000000000000e+00 2.100000000000000000e+01 6.000000000000000000e+01 0.000000000000000000e+00 1.600000000000000089e+00 5.289999999999999564e-04 -2.380000000000000117e-04 1.000000000000000000e+00 -9.332300000000000317e-02 9.956359999999999655e-01 2.860000000000000129e-04 -9.956359999999999655e-01 -9.332300000000000317e-02 5.039999999999999992e-04
1.300000000000000000e+01 2.100000000000000000e+01 6.000000000000000000e+01 0.000000000000000000e+00 1.600000000000000089e+00 -1.691000000000000012e-03 4.119000000000000265e-03 9.999900000000000455e-01 -9.517699999999999771e-02 9.954509999999999748e-01 -4.261000000000000031e-03 -9.954589999999999828e-01 -9.518300000000000372e-02 -1.291000000000000047e-03
2.000000000000000000e+01 2.100000000000000000e+01 6.000000000000000000e+01 0.000000000000000000e+00 1.600000000000000089e+00 -6.970000000000000284e-04 4.300000000000000165e-05 1.000000000000000000e+00 -9.201499999999999957e-02 9.957580000000000320e-01 -1.069999999999999988e-04 -9.957570000000000032e-01 -9.201600000000000057e-02 -6.899999999999999667e-04
2.400000000000000000e+01 2.100000000000000000e+01 6.000000000000000000e+01 0.000000000000000000e+00 1.600000000000000089e+00 1.259999999999999998e-04 -1.510000000000000112e-04 1.000000000000000000e+00 -9.311300000000000132e-02 9.956559999999999855e-01 1.630000000000000047e-04 -9.956559999999999855e-01 -9.311300000000000132e-02 1.110000000000000011e-04
1.600000000000000000e+01 6.700000000000000000e+01 6.000000000000000000e+01 0.000000000000000000e+00 1.600000000000000089e+00 1.770000000000000089e-03 8.300000000000000086e-04 9.999980000000000535e-01 1.736929999999999863e-01 -9.848000000000000087e-01 5.100000000000000366e-04 9.847979999999999512e-01 1.736920000000000130e-01 -1.887000000000000005e-03
7.000000000000000000e+00 3.000000000000000000e+00 6.300000000000000000e+01 0.000000000000000000e+00 1.600000000000000089e+00 -9.979999999999999722e-04 3.808000000000000187e-03 9.999919999999999920e-01 -6.112400000000000055e-01 7.914369999999999461e-01 -3.624000000000000051e-03 -7.914449999999999541e-01 -6.112389999999999768e-01 1.536999999999999955e-03
2.500000000000000000e+01 3.000000000000000000e+00 6.300000000000000000e+01 0.000000000000000000e+00 1.600000000000000089e+00 -5.590000000000000351e-04 5.270000000000000162e-04 1.000000000000000000e+00 -6.181799999999999518e-01 7.860369999999999857e-01 -7.600000000000000418e-04 -7.860369999999999857e-01 -6.181799999999999518e-01 -1.140000000000000063e-04
4.000000000000000000e+00 2.700000000000000000e+01 6.300000000000000000e+01 0.000000000000000000e+00 1.600000000000000089e+00 1.856000000000000011e-03 -5.385000000000000030e-03 9.999839999999999840e-01 -2.801449999999999774e-01 9.599410000000000442e-01 5.688999999999999613e-03 -9.599560000000000315e-01 -2.801509999999999834e-01 2.730000000000000222e-04
1.100000000000000000e+01 2.700000000000000000e+01 6.300000000000000000e+01 0.000000000000000000e+00 1.600000000000000089e+00 -1.177000000000000095e-03 -6.660000000000000338e-04 9.999989999999999712e-01 -2.820570000000000022e-01 9.593979999999999730e-01 3.069999999999999812e-04 -9.593970000000000553e-01 -2.820559999999999734e-01 -1.317000000000000028e-03
2.200000000000000000e+01 2.700000000000000000e+01 6.300000000000000000e+01 0.000000000000000000e+00 1.600000000000000089e+00 -9.840000000000000656e-04 -4.353000000000000098e-03 9.999900000000000455e-01 -2.774570000000000092e-01 9.607299999999999729e-01 3.909000000000000148e-03 -9.607379999999999809e-01 -2.774499999999999744e-01 -2.152999999999999966e-03
2.700000000000000000e+01 2.700000000000000000e+01 6.300000000000000000e+01 0.000000000000000000e+00 1.600000000000000089e+00 9.719999999999999907e-04 -3.743999999999999932e-03 9.999919999999999920e-01 -2.778789999999999871e-01 9.606080000000000174e-01 3.866000000000000079e-03 -9.606160000000000254e-01 -2.778809999999999891e-01 -1.060000000000000016e-04
3.000000000000000000e+01 2.700000000000000000e+01 6.300000000000000000e+01 0.000000000000000000e+00 1.600000000000000089e+00 3.063000000000000184e-03 -2.843000000000000041e-03 9.999909999999999632e-01 -2.772419999999999884e-01 9.607930000000000081e-01 3.580999999999999982e-03 -9.607949999999999546e-01 -2.772510000000000252e-01 2.154999999999999798e-03
6.000000000000000000e+00 2.600000000000000000e+01 6.400000000000000000e+01 0.000000000000000000e+00 1.600000000000000089e+00 3.847000000000000159e-03 -6.370999999999999927e-03 9.999719999999999720e-01 -3.723690000000000055e-01 9.280559999999999921e-01 7.344999999999999966e-03 -9.280770000000000408e-01 -3.723870000000000235e-01 1.198000000000000063e-03
1.000000000000000000e+01 2.600000000000000000e+01 6.400000000000000000e+01 0.000000000000000000e+00 1.600000000000000089e+00 -7.709999999999999840e-04 -3.220000000000000206e-03 9.999949999999999672e-01 -3.729310000000000125e-01 9.278549999999999853e-01 2.700000000000000143e-03 -9.278589999999999893e-01 -3.729270000000000085e-01 -1.915999999999999951e-03
1.400000000000000000e+01 2.600000000000000000e+01 6.400000000000000000e+01 0.000000000000000000e+00 1.600000000000000089e+00 -2.889999999999999774e-04 -3.004999999999999859e-03 9.999949999999999672e-01 -3.681369999999999920e-01 9.297680000000000389e-01 2.687000000000000152e-03 -9.297710000000000141e-01 -3.681349999999999900e-01 -1.374999999999999920e-03
2.300000000000000000e+01 2.600000000000000000e+01 6.400000000000000000e+01 0.000000000000000000e+00 1.600000000000000089e+00 -5.770000000000000389e-04 -4.193999999999999811e-03 9.999909999999999632e-01 -3.702880000000000060e-01 9.289100000000000135e-01 3.681999999999999943e-03 -9.289169999999999927e-01 -3.702829999999999733e-01 -2.089000000000000145e-03
2.700000000000000000e+01 2.600000000000000000e+01 6.400000000000000000e+01 0.000000000000000000e+00 1.600000000000000089e+00 1.206000000000000041e-03 -3.092000000000000130e-03 9.999949999999999672e-01 -3.696139999999999981e-01 9.291800000000000059e-01 3.318999999999999902e-03 -9.291850000000000387e-01 -3.696160000000000001e-01 -2.199999999999999943e-05
3.000000000000000000e+01 2.600000000000000000e+01 6.400000000000000000e+01 0.000000000000000000e+00 1.600000000000000089e+00 3.377999999999999926e-03 -1.691999999999999928e-03 9.999930000000000208e-01 -3.685780000000000167e-01 9.295919999999999739e-01 2.818000000000000192e-03 -9.295909999999999451e-01 -3.685849999999999960e-01 2.517000000000000140e-03
