8.000000000000000000e+00 2.500000000000000000e+01 1.000000000000000000e+00 0.000000000000000000e+00 1.600000000000000089e+00 -1.471000000000000085e-03 2.455000000000000151e-03 -9.999959999999999960e-01 -5.246549999999999825e-01 -8.513140000000000152e-01 -1.317999999999999944e-03 -8.513140000000000152e-01 5.246509999999999785e-01 2.540999999999999856e-03
2.300000000000000000e+01 2.500000000000000000e+01 1.000000000000000000e+00 0.000000000000000000e+00 1.600000000000000089e+00 -7.129999999999999836e-04 1.868000000000000086e-03 -9.999980000000000535e-01 -5.220059999999999700e-01 -8.529409999999999492e-01 -1.221999999999999996e-03 -8.529419999999999780e-01 5.220040000000000235e-01 1.582999999999999989e-03
1.600000000000000000e+01 1.500000000000000000e+01 4.000000000000000000e+00 0.000000000000000000e+00 1.600000000000000089e+00 7.269999999999999987e-04 -1.382800000000000001e-02 9.999040000000000150e-01 3.803599999999999759e-01 -9.247459999999999569e-01 -1.306500000000000022e-02 9.248380000000000489e-01 3.803329999999999766e-01 4.588000000000000064e-03
2.500000000000000000e+01 1.500000000000000000e+01 4.000000000000000000e+00 0.000000000000000000e+00 1.600000000000000089e+00 -8.677000000000000685e-03 4.207199999999999829e-02 9.990769999999999929e-01 4.249789999999999957e-01 -9.042390000000000150e-01 4.176900000000000057e-02 9.051620000000000221e-01 4.249490000000000212e-01 -1.003399999999999952e-02
2.000000000000000000e+00 1.010000000000000000e+02 7.000000000000000000e+00 0.000000000000000000e+00 1.600000000000000089e+00 -3.004999999999999859e-03 1.624000000000000010e-03 9.999940000000000495e-01 8.844610000000000527e-01 4.666109999999999980e-01 1.899999999999999996e-03 -4.666049999999999920e-01 8.844610000000000527e-01 -2.837999999999999811e-03
5.000000000000000000e+00 1.010000000000000000e+02 7.000000000000000000e+00 0.000000000000000000e+00 1.600000000000000089e+00 -5.980000000000000072e-04 7.290000000000000473e-04 1.000000000000000000e+00 8.836049999999999738e-01 4.682330000000000103e-01 1.869999999999999917e-04 -4.682330000000000103e-01 8.836039999999999450e-01 -9.240000000000000166e-04
2.000000000000000000e+01 1.010000000000000000e+02 7.000000000000000000e+00 0.000000000000000000e+00 1.600000000000000089e+00 2.393999999999999861e-03 -9.771999999999999437e-03 9.999489999999999768e-01 8.864549999999999930e-01 4.628079999999999972e-01 2.399999999999999790e-03 -4.628079999999999972e-01 8.864049999999999985e-01 9.771000000000000171e-03
2.700000000000000000e+01 1.010000000000000000e+02 7.000000000000000000e+00 0.000000000000000000e+00 1.600000000000000089e+00 -2.566999999999999837e-03 7.020000000000000415e-04 9.999959999999999960e-01 8.864720000000000377e-01 4.627780000000000227e-01 1.951000000000000043e-03 -4.627749999999999919e-01 8.864739999999999842e-01 -1.810999999999999893e-03
1.300000000000000000e+01 1.500000000000000000e+01 8.000000000000000000e+00 0.000000000000000000e+00 1.600000000000000089e+00 -4.220000000000000118e-04 -2.432899999999999993e-02 -9.997040000000000370e-01 -6.186439999999999717e-01 -7.854330000000000478e-01 1.937600000000000086e-02 -7.856720000000000370e-01 6.184690000000000465e-01 -1.471899999999999945e-02
6.000000000000000000e+00 2.500000000000000000e+01 8.000000000000000000e+00 0.000000000000000000e+00 1.600000000000000089e+00 1.003999999999999901e-03 3.396999999999999846e-03 -9.999940000000000495e-01 4.437880000000000158e-01 8.961249999999999494e-01 3.490000000000000047e-03 8.961310000000000109e-01 -4.437889999999999890e-01 -6.070000000000000092e-04
1.000000000000000000e+01 2.500000000000000000e+01 8.000000000000000000e+00 0.000000000000000000e+00 1.600000000000000089e+00 1.822999999999999968e-03 5.982999999999999603e-03 -9.999799999999999800e-01 4.429199999999999804e-01 8.965400000000000036e-01 6.171000000000000270e-03 8.965589999999999948e-01 -4.429230000000000111e-01 -1.015000000000000060e-03
1.400000000000000000e+01 2.500000000000000000e+01 8.000000000000000000e+00 0.000000000000000000e+00 1.600000000000000089e+00 1.479000000000000063e-03 -2.180000000000000134e-04 -9.999989999999999712e-01 4.415410000000000168e-01 8.972409999999999553e-01 4.580000000000000195e-04 8.972400000000000375e-01 -4.415419999999999900e-01 1.423000000000000003e-03
1.800000000000000000e+01 2.500000000000000000e+01 8.000000000000000000e+00 0.000000000000000000e+00 1.600000000000000089e+00 -5.230000000000000274e-04 -2.460000000000000164e-04 -1.000000000000000000e+00 4.404390000000000249e-01 8.977829999999999977e-01 -4.510000000000000120e-04 8.977819999999999689e-01 -4.404390000000000249e-01 -3.620000000000000171e-04
2.300000000000000000e+01 2.500000000000000000e+01 8.000000000000000000e+00 0.000000000000000000e+00 1.600000000000000089e+00 2.309999999999999987e-03 6.119999999999999572e-03 -9.999789999999999512e-01 4.386900000000000244e-01 8.986150000000000526e-01 6.512999999999999692e-03 8.986359999999999904e-01 -4.386959999999999749e-01 -6.089999999999999494e-04
2.700000000000000000e+01 2.500000000000000000e+01 8.000000000000000000e+00 0.000000000000000000e+00 1.600000000000000089e+00 1.340999999999999961e-03 -1.810000000000000085e-04 -9.999989999999999712e-01 4.378839999999999955e-01 8.990320000000000533e-01 4.240000000000000062e-04 8.990310000000000246e-01 -4.378839999999999955e-01 1.284999999999999901e-03
6.000000000000000000e+00 2.400000000000000000e+01 9.000000000000000000e+00 0.000000000000000000e+00 1.600000000000000089e+00 9.499999999999999981e-04 2.871999999999999987e-03 -9.999949999999999672e-01 4.510899999999999910e-01 8.924729999999999608e-01 2.991000000000000169e-03 8.924779999999999935e-01 -4.510910000000000197e-01 -4.479999999999999933e-04
1.200000000000000000e+01 2.400000000000000000e+01 9.000000000000000000e+00 0.000000000000000000e+00 1.600000000000000089e+00 2.138000000000000143e-03 4.658999999999999947e-03 -9.999869999999999592e-01 4.487459999999999782e-01 8.936439999999999939e-01 5.122999999999999950e-03 8.936570000000000347e-01 -4.487510000000000110e-01 -1.800000000000000113e-04
1.800000000000000000e+01 2.400000000000000000e+01 9.000000000000000000e+00 0.000000000000000000e+00 1.600000000000000089e+00 -2.020000000000000040e-04 -4.870000000000000197e-04 -1.000000000000000000e+00 4.468360000000000110e-01 8.946159999999999668e-01 -5.259999999999999919e-04 8.946159999999999668e-01 -4.468360000000000110e-01 3.699999999999999811e-05
2.400000000000000000e+01 2.400000000000000000e+01 9.000000000000000000e+00 0.000000000000000000e+00 1.600000000000000089e+00 2.318000000000000182e-03 3.814999999999999815e-03 -9.999900000000000455e-01 4.445330000000000115e-01 8.957509999999999639e-01 4.447999999999999697e-03 8.957589999999999719e-01 -4.445390000000000175e-01 3.800000000000000209e-04
1.000000000000000000e+01 8.000000000000000000e+00 1.000000000000000000e+01 0.000000000000000000e+00 1.600000000000000089e+00 -1.583400000000000085e-01 -1.133269999999999972e-01 -9.808599999999999541e-01 -9.489229999999999610e-01 -2.570919999999999872e-01 1.828889999999999960e-01 -2.728979999999999739e-01 9.597189999999999888e-01 -6.683100000000000152e-02
5.000000000000000000e+00 3.100000000000000000e+01 1.200000000000000000e+01 0.000000000000000000e+00 1.600000000000000089e+00 1.471000000000000085e-03 -2.329999999999999986e-04 9.999989999999999712e-01 -1.198399999999999986e-02 9.999280000000000390e-01 2.509999999999999753e-04 -9.999270000000000103e-01 -1.198399999999999986e-02 1.467999999999999904e-03
1.600000000000000000e+01 3.100000000000000000e+01 1.200000000000000000e+01 0.000000000000000000e+00 1.600000000000000089e+00 -8.159999999999999936e-04 6.159000000000000412e-03 9.999810000000000088e-01 -4.562000000000000083e-03 9.999710000000000543e-01 -6.163000000000000075e-03 -9.999890000000000168e-01 -4.566999999999999879e-03 -7.879999999999999635e-04
1.000000000000000000e+00 3.500000000000000000e+01 1.200000000000000000e+01 0.000000000000000000e+00 1.600000000000000089e+00 -5.420999999999999604e-03 1.047700000000000020e-02 -9.999299999999999855e-01 5.210390000000000299e-01 -8.534519999999999884e-01 -1.176699999999999968e-02 -8.535160000000000524e-01 -5.210660000000000291e-01 -8.329999999999999731e-04
8.000000000000000000e+00 3.500000000000000000e+01 1.200000000000000000e+01 0.000000000000000000e+00 1.600000000000000089e+00 -4.729999999999999830e-03 1.719299999999999995e-02 -9.998409999999999798e-01 5.617389999999999883e-01 -8.271420000000000439e-01 -1.688100000000000017e-02 -8.273009999999999531e-01 -5.617299999999999516e-01 -5.746000000000000239e-03
2.000000000000000000e+00 1.200000000000000000e+01 1.600000000000000000e+01 0.000000000000000000e+00 1.600000000000000089e+00 2.514000000000000175e-03 -3.737700000000000050e-02 9.992980000000000196e-01 2.071610000000000118e-01 -9.776040000000000285e-01 -3.708700000000000191e-02 9.783039999999999514e-01 2.071089999999999876e-01 5.284999999999999767e-03
5.000000000000000000e+00 1.160000000000000000e+02 1.600000000000000000e+01 0.000000000000000000e+00 1.600000000000000089e+00 2.124000000000000020e-03 -1.399999999999999979e-05 9.999980000000000535e-01 7.697140000000000093e-01 6.383870000000000378e-01 -1.626000000000000058e-03 -6.383849999999999802e-01 7.697159999999999558e-01 1.366999999999999943e-03
1.500000000000000000e+01 1.160000000000000000e+02 1.600000000000000000e+01 0.000000000000000000e+00 1.600000000000000089e+00 3.899999999999999929e-04 4.929999999999999487e-04 1.000000000000000000e+00 7.620310000000000139e-01 6.475410000000000332e-01 -6.170000000000000354e-04 -6.475410000000000332e-01 7.620310000000000139e-01 -1.230000000000000082e-04
2.000000000000000000e+01 1.160000000000000000e+02 1.600000000000000000e+01 0.000000000000000000e+00 1.600000000000000089e+00 6.700000000000000226e-05 3.249999999999999851e-04 1.000000000000000000e+00 7.525659999999999572e-01 6.585170000000000190e-01 -2.649999999999999903e-04 -6.585170000000000190e-01 7.525659999999999572e-01 -2.000000000000000096e-04
2.400000000000000000e+01 1.160000000000000000e+02 1.600000000000000000e+01 0.000000000000000000e+00 1.600000000000000089e+00 -4.499999999999999877e-04 -1.838000000000000007e-03 9.999980000000000535e-01 7.530409999999999604e-01 6.579720000000000013e-01 1.547999999999999897e-03 -6.579739999999999478e-01 7.530400000000000427e-01 1.087999999999999991e-03
8.000000000000000000e+00 2.000000000000000000e+00 1.900000000000000000e+01 0.000000000000000000e+00 1.600000000000000089e+00 7.411000000000000053e-03 -5.867100000000000093e-02 -9.982499999999999707e-01 3.411060000000000203e-01 -9.382540000000000324e-01 5.767699999999999910e-02 -9.399960000000000537e-01 -3.409369999999999901e-01 1.306000000000000043e-02
1.500000000000000000e+01 2.000000000000000000e+00 1.900000000000000000e+01 0.000000000000000000e+00 1.600000000000000089e+00 7.212999999999999794e-03 -6.456900000000000139e-02 -9.978869999999999685e-01 3.677000000000000268e-01 -9.278290000000000148e-01 6.269299999999999873e-02 -9.299169999999999936e-01 -3.673750000000000071e-01 1.704900000000000165e-02
2.200000000000000000e+01 2.000000000000000000e+00 1.900000000000000000e+01 0.000000000000000000e+00 1.600000000000000089e+00 5.789999999999999791e-04 1.106700000000000045e-02 -9.999390000000000223e-01 3.648210000000000064e-01 -9.310230000000000450e-01 -1.009299999999999954e-02 -9.310770000000000435e-01 -3.647929999999999784e-01 -4.576000000000000206e-03
2.600000000000000000e+01 3.000000000000000000e+00 1.900000000000000000e+01 0.000000000000000000e+00 1.600000000000000089e+00 3.439999999999999915e-03 3.415100000000000080e-02 -9.994110000000000493e-01 3.398390000000000022e-01 -9.399739999999999762e-01 -3.094999999999999835e-02 -9.404770000000000074e-01 -3.395329999999999737e-01 -1.483899999999999976e-02
3.000000000000000000e+01 3.000000000000000000e+00 1.900000000000000000e+01 0.000000000000000000e+00 1.600000000000000089e+00 2.628000000000000128e-03 3.840899999999999870e-02 -9.992590000000000083e-01 3.459059999999999913e-01 -9.376109999999999722e-01 -3.513000000000000150e-02 -9.382660000000000444e-01 -3.455570000000000030e-01 -1.575000000000000011e-02
4.000000000000000000e+00 4.000000000000000000e+00 2.000000000000000000e+01 0.000000000000000000e+00 1.600000000000000089e+00 4.897000000000000311e-03 -1.474299999999999916e-02 -9.998789999999999623e-01 3.793300000000000005e-01 -9.251319999999999544e-01 1.549900000000000062e-02 -9.252479999999999594e-01 -3.793599999999999750e-01 1.062000000000000010e-03
4.000000000000000000e+00 1.300000000000000000e+01 2.000000000000000000e+01 0.000000000000000000e+00 1.600000000000000089e+00 4.920000000000000328e-04 2.099999999999999884e-05 1.000000000000000000e+00 2.688889999999999891e-01 9.631709999999999994e-01 -1.520000000000000084e-04 -9.631709999999999994e-01 2.688889999999999891e-01 4.690000000000000158e-04
1.000000000000000000e+01 1.300000000000000000e+01 2.000000000000000000e+01 0.000000000000000000e+00 1.600000000000000089e+00 4.229999999999999819e-04 1.157999999999999958e-03 9.999989999999999712e-01 2.594940000000000024e-01 9.657440000000000468e-01 -1.227999999999999925e-03 -9.657440000000000468e-01 2.594949999999999757e-01 1.079999999999999960e-04
1.800000000000000000e+01 1.300000000000000000e+01 2.000000000000000000e+01 0.000000000000000000e+00 1.600000000000000089e+00 6.009999999999999717e-04 8.245999999999999858e-03 9.999660000000000215e-01 2.610689999999999955e-01 9.652859999999999774e-01 -8.116999999999999216e-03 -9.653199999999999559e-01 2.610649999999999915e-01 -1.572999999999999962e-03
2.200000000000000000e+01 1.300000000000000000e+01 2.000000000000000000e+01 0.000000000000000000e+00 1.600000000000000089e+00 -8.459999999999999638e-04 -2.537000000000000192e-03 9.999959999999999960e-01 2.614469999999999850e-01 9.652140000000000164e-01 2.670000000000000064e-03 -9.652180000000000204e-01 2.614480000000000137e-01 -1.540000000000000028e-04
2.900000000000000000e+01 1.300000000000000000e+01 2.000000000000000000e+01 0.000000000000000000e+00 1.600000000000000089e+00 -2.893999999999999871e-03 -4.637999999999999762e-03 9.999850000000000128e-01 2.607729999999999770e-01 9.653859999999999664e-01 5.232999999999999804e-03 -9.653960000000000319e-01 2.607840000000000158e-01 -1.583999999999999905e-03
2.200000000000000000e+01 1.600000000000000000e+01 2.100000000000000000e+01 0.000000000000000000e+00 1.600000000000000089e+00 -1.824000000000000100e-03 -5.196000000000000098e-03 9.999850000000000128e-01 2.990160000000000040e-01 9.542319999999999691e-01 5.504000000000000212e-03 -9.542460000000000386e-01 2.990220000000000100e-01 -1.869999999999999917e-04
1.900000000000000000e+01 2.000000000000000000e+00 2.500000000000000000e+01 0.000000000000000000e+00 1.600000000000000089e+00 2.337999999999999801e-03 -9.209999999999999437e-03 9.999550000000000383e-01 6.821399999999999686e-02 -9.976270000000000415e-01 -9.348000000000000406e-03 9.976679999999999993e-01 6.823300000000000198e-02 -1.704000000000000003e-03
5.000000000000000000e+00 3.000000000000000000e+00 2.500000000000000000e+01 0.000000000000000000e+00 1.600000000000000089e+00 1.469000000000000037e-03 -1.978299999999999850e-02 9.998029999999999973e-01 -1.698600000000000110e-02 -9.996610000000000218e-01 -1.975500000000000173e-02 9.998550000000000493e-01 -1.695299999999999932e-02 -1.804000000000000048e-03
1.000000000000000000e+01 3.000000000000000000e+00 2.500000000000000000e+01 0.000000000000000000e+00 1.600000000000000089e+00 9.114999999999999838e-03 -4.975399999999999961e-02 9.987200000000000522e-01 2.706899999999999931e-02 -9.983830000000000204e-01 -4.998400000000000065e-02 9.995920000000000361e-01 2.749000000000000055e-02 -7.753000000000000343e-03
1.800000000000000000e+01 3.000000000000000000e+00 2.500000000000000000e+01 0.000000000000000000e+00 1.600000000000000089e+00 1.958000000000000105e-03 -1.299900000000000014e-02 9.999139999999999695e-01 -1.321300000000000079e-02 -9.998289999999999678e-01 -1.297199999999999916e-02 9.999109999999999943e-01 -1.318700000000000080e-02 -2.128999999999999816e-03
2.400000000000000000e+01 3.000000000000000000e+00 2.500000000000000000e+01 0.000000000000000000e+00 1.600000000000000089e+00 1.626999999999999974e-03 5.801999999999999866e-03 9.999820000000000375e-01 -1.790699999999999931e-02 -9.998230000000000173e-01 5.830000000000000113e-03 9.998380000000000045e-01 -1.791600000000000137e-02 -1.523000000000000048e-03
1.300000000000000000e+01 4.600000000000000000e+01 2.700000000000000000e+01 0.000000000000000000e+00 1.600000000000000089e+00 3.400000000000000244e-04 2.497000000000000088e-03 -9.999970000000000248e-01 6.728929999999999634e-01 7.397369999999999779e-01 2.076000000000000154e-03 7.397399999999999531e-01 -6.728920000000000456e-01 -1.428000000000000016e-03
2.200000000000000000e+01 4.600000000000000000e+01 2.700000000000000000e+01 0.000000000000000000e+00 1.600000000000000089e+00 -1.479999999999999925e-04 -5.100000000000000366e-04 -1.000000000000000000e+00 6.799619999999999553e-01 7.332469999999999821e-01 -4.749999999999999990e-04 7.332480000000000109e-01 -6.799619999999999553e-01 2.390000000000000089e-04
3.000000000000000000e+00 5.800000000000000000e+01 3.100000000000000000e+01 0.000000000000000000e+00 1.600000000000000089e+00 -4.070999999999999966e-03 -8.056000000000000660e-03 9.999590000000000423e-01 -7.622940000000000271e-01 -6.471770000000000023e-01 -8.316999999999999740e-03 6.472179999999999600e-01 -7.622970000000000024e-01 -3.506000000000000002e-03
2.100000000000000000e+01 5.800000000000000000e+01 3.100000000000000000e+01 0.000000000000000000e+00 1.600000000000000089e+00 -3.938999999999999793e-03 -8.883000000000000271e-03 9.999529999999999808e-01 -7.971310000000000340e-01 -6.037470000000000336e-01 -8.503999999999999407e-03 6.037940000000000529e-01 -7.971270000000000300e-01 -4.702999999999999715e-03
1.000000000000000000e+01 2.300000000000000000e+01 3.400000000000000000e+01 0.000000000000000000e+00 1.600000000000000089e+00 -1.216000000000000067e-03 6.246999999999999949e-03 9.999799999999999800e-01 4.069749999999999757e-01 -9.134179999999999522e-01 6.200999999999999915e-03 9.134379999999999722e-01 4.069740000000000024e-01 -1.431999999999999896e-03
1.000000000000000000e+00 4.600000000000000000e+01 3.500000000000000000e+01 0.000000000000000000e+00 1.600000000000000089e+00 1.621000000000000045e-03 1.459999999999999981e-04 -9.999989999999999712e-01 3.899900000000000033e-01 -9.208190000000000541e-01 4.970000000000000459e-04 -9.208180000000000254e-01 -3.899900000000000033e-01 -1.549999999999999946e-03
9.000000000000000000e+00 4.600000000000000000e+01 3.500000000000000000e+01 0.000000000000000000e+00 1.600000000000000089e+00 2.999999999999999737e-04 1.090000000000000040e-03 -9.999989999999999712e-01 3.901950000000000141e-01 -9.207319999999999949e-01 -8.869999999999999846e-04 -9.207319999999999949e-01 -3.901950000000000141e-01 -7.020000000000000415e-04
1.500000000000000000e+01 4.600000000000000000e+01 3.500000000000000000e+01 0.000000000000000000e+00 1.600000000000000089e+00 2.018999999999999961e-03 2.935000000000000109e-03 -9.999940000000000495e-01 3.894299999999999984e-01 -9.210540000000000393e-01 -1.917000000000000084e-03 -9.210540000000000393e-01 -3.894230000000000191e-01 -3.003000000000000027e-03
2.000000000000000000e+01 4.600000000000000000e+01 3.500000000000000000e+01 0.000000000000000000e+00 1.600000000000000089e+00 -1.296999999999999976e-03 -2.158000000000000196e-03 -9.999970000000000248e-01 3.898389999999999911e-01 -9.208819999999999784e-01 1.482000000000000027e-03 -9.208819999999999784e-01 -3.898349999999999871e-01 2.034999999999999917e-03
2.400000000000000000e+01 4.600000000000000000e+01 3.500000000000000000e+01 0.000000000000000000e+00 1.600000000000000089e+00 -1.113999999999999973e-03 -1.433000000000000029e-03 -9.999980000000000535e-01 3.906470000000000220e-01 -9.205400000000000249e-01 8.829999999999999958e-04 -9.205400000000000249e-01 -3.906459999999999932e-01 1.585000000000000037e-03
2.800000000000000000e+01 4.600000000000000000e+01 3.500000000000000000e+01 0.000000000000000000e+00 1.600000000000000089e+00 -9.740000000000000394e-04 -2.944000000000000002e-03 -9.999949999999999672e-01 3.923280000000000101e-01 -9.198220000000000285e-01 2.325999999999999943e-03 -9.198250000000000037e-01 -3.923240000000000061e-01 2.050999999999999872e-03
6.000000000000000000e+00 2.900000000000000000e+01 4.400000000000000000e+01 0.000000000000000000e+00 1.600000000000000089e+00 -7.280000000000000230e-04 -3.586999999999999911e-03 -9.999930000000000208e-01 6.571169999999999511e-01 7.537819999999999521e-01 -3.181999999999999933e-03 7.537880000000000136e-01 -6.571150000000000047e-01 1.807999999999999928e-03
1.100000000000000000e+01 2.900000000000000000e+01 4.400000000000000000e+01 0.000000000000000000e+00 1.600000000000000089e+00 4.730000000000000046e-04 5.090000000000000123e-04 -1.000000000000000000e+00 6.561320000000000485e-01 7.546460000000000390e-01 6.949999999999999798e-04 7.546460000000000390e-01 -6.561320000000000485e-01 2.300000000000000002e-05
1.700000000000000000e+01 2.900000000000000000e+01 4.400000000000000000e+01 0.000000000000000000e+00 1.600000000000000089e+00 4.972999999999999990e-03 4.547999999999999959e-03 -9.999770000000000048e-01 6.603919999999999790e-01 7.508920000000000039e-01 6.700000000000000226e-03 7.509050000000000447e-01 -6.604100000000000525e-01 7.299999999999999632e-04
2.200000000000000000e+01 2.900000000000000000e+01 4.400000000000000000e+01 0.000000000000000000e+00 1.600000000000000089e+00 -2.273999999999999980e-03 2.456999999999999983e-03 -9.999940000000000495e-01 6.591190000000000104e-01 7.520379999999999843e-01 3.480000000000000020e-04 7.520350000000000090e-01 -6.591150000000000064e-01 -3.330000000000000061e-03
6.000000000000000000e+00 5.000000000000000000e+00 5.100000000000000000e+01 0.000000000000000000e+00 1.600000000000000089e+00 1.330000000000000019e-03 -2.367999999999999879e-03 -9.999959999999999960e-01 4.867400000000000060e-01 -8.735429999999999584e-01 2.714999999999999965e-03 -8.735460000000000447e-01 -4.867409999999999792e-01 -9.000000000000000228e-06
1.400000000000000000e+01 1.150000000000000000e+02 5.100000000000000000e+01 0.000000000000000000e+00 1.600000000000000089e+00 -2.919999999999999961e-04 -4.356999999999999762e-03 9.999900000000000455e-01 8.443789999999999907e-01 -5.357420000000000515e-01 -2.086999999999999880e-03 5.357460000000000555e-01 8.443709999999999827e-01 3.836000000000000000e-03
3.000000000000000000e+00 7.000000000000000000e+00 5.200000000000000000e+01 0.000000000000000000e+00 1.600000000000000089e+00 7.309999999999999875e-04 -7.033000000000000189e-03 -9.999749999999999472e-01 1.218120000000000036e-01 -9.925279999999999658e-01 7.069999999999999896e-03 -9.925530000000000186e-01 -1.218140000000000056e-01 1.310000000000000129e-04
8.000000000000000000e+00 6.300000000000000000e+01 5.400000000000000000e+01 0.000000000000000000e+00 1.600000000000000089e+00 -2.590000000000000071e-04 -1.484999999999999992e-03 9.999989999999999712e-01 -3.484470000000000067e-01 9.373280000000000500e-01 1.301000000000000073e-03 -9.373289999999999678e-01 -3.484459999999999780e-01 -7.609999999999999577e-04
1.200000000000000000e+01 6.300000000000000000e+01 5.400000000000000000e+01 0.000000000000000000e+00 1.600000000000000089e+00 -1.227000000000000009e-03 1.789999999999999870e-04 9.999989999999999712e-01 -3.497520000000000073e-01 9.368419999999999526e-01 -5.969999999999999829e-04 -9.368419999999999526e-01 -3.497520000000000073e-01 -1.087000000000000076e-03
1.700000000000000000e+01 6.300000000000000000e+01 5.400000000000000000e+01 0.000000000000000000e+00 1.600000000000000089e+00 1.310000000000000129e-04 2.786999999999999981e-03 9.999959999999999960e-01 -3.496770000000000156e-01 9.368670000000000053e-01 -2.565000000000000006e-03 -9.368699999999999806e-01 -3.496750000000000136e-01 1.098000000000000018e-03
2.300000000000000000e+01 6.300000000000000000e+01 5.400000000000000000e+01 0.000000000000000000e+00 1.600000000000000089e+00 1.513999999999999938e-03 5.640000000000000482e-04 9.999989999999999712e-01 -3.525920000000000165e-01 9.357769999999999699e-01 6.999999999999999895e-06 -9.357760000000000522e-01 -3.525920000000000165e-01 1.616000000000000032e-03
2.800000000000000000e+01 6.300000000000000000e+01 5.400000000000000000e+01 0.000000000000000000e+00 1.600000000000000089e+00 9.089999999999999773e-04 -2.481999999999999831e-03 9.999959999999999960e-01 -3.528939999999999855e-01 9.356600000000000472e-01 2.642999999999999950e-03 -9.356630000000000225e-01 -3.528950000000000142e-01 -2.500000000000000120e-05
1.000000000000000000e+01 2.500000000000000000e+01 5.500000000000000000e+01 0.000000000000000000e+00 1.600000000000000089e+00 -3.860000000000000041e-04 1.399999999999999986e-03 -9.999989999999999712e-01 -1.188099999999999920e-02 -9.999280000000000390e-01 -1.394999999999999973e-03 -9.999289999999999567e-01 1.188099999999999920e-02 4.029999999999999837e-04
2.500000000000000000e+01 2.500000000000000000e+01 5.500000000000000000e+01 0.000000000000000000e+00 1.600000000000000089e+00 -1.910000000000000077e-04 2.280000000000000126e-04 -1.000000000000000000e+00 -1.380699999999999983e-02 -9.999050000000000438e-01 -2.249999999999999938e-04 -9.999050000000000438e-01 1.380699999999999983e-02 1.939999999999999993e-04
3.000000000000000000e+01 2.500000000000000000e+01 5.500000000000000000e+01 0.000000000000000000e+00 1.600000000000000089e+00 1.214000000000000018e-03 -1.226000000000000093e-03 -9.999989999999999712e-01 -1.584100000000000091e-02 -9.998740000000000405e-01 1.206999999999999957e-03 -9.998740000000000405e-01 1.583899999999999891e-02 -1.234000000000000071e-03
2.900000000000000000e+01 2.600000000000000000e+01 5.500000000000000000e+01 0.000000000000000000e+00 1.600000000000000089e+00 7.730000000000000326e-04 1.090999999999999956e-03 -9.999989999999999712e-01 -3.392400000000000276e-02 -9.994239999999999791e-01 -1.116000000000000021e-03 -9.994239999999999791e-01 3.392400000000000276e-02 -7.360000000000000006e-04
1.600000000000000000e+01 6.800000000000000000e+01 5.700000000000000000e+01 0.000000000000000000e+00 1.600000000000000089e+00 2.420000000000000005e-04 -4.954000000000000070e-03 -9.999879999999999880e-01 -2.416850000000000109e-01 -9.703429999999999556e-01 4.748999999999999749e-03 -9.703549999999999676e-01 2.416800000000000059e-01 -1.431999999999999896e-03
1.000000000000000000e+01 2.000000000000000000e+01 6.000000000000000000e+01 0.000000000000000000e+00 1.600000000000000089e+00 4.290000000000000193e-04 -8.772000000000000283e-03 9.999609999999999888e-01 -6.330500000000000016e-02 9.979559999999999542e-01 8.781999999999999876e-03 -9.979940000000000477e-01 -6.330600000000000116e-02 -1.269999999999999970e-04
3.000000000000000000e+00 2.100000000000000000e+01 6.000000000000000000e+01 0.000000000000000000e+00 1.600000000000000089e+00 -9.439999999999999607e-04 1.335000000000000032e-03 9.999989999999999712e-01 -9.433500000000000218e-02 9.955389999999999517e-01 -1.417999999999999990e-03 -9.955399999999999805e-01 -9.433600000000000319e-02 -8.140000000000000534e-04
1.700000000000000000e+01 2.100000000000000000e+01 6.000000000000000000e+01 0.000000000000000000e+00 1.600000000000000089e+00 -7.200000000000000453e-04 5.506999999999999743e-03 9.999850000000000128e-01 -9.526300000000000046e-02 9.954370000000000163e-01 -5.551000000000000378e-03 -9.954520000000000035e-01 -9.526600000000000346e-02 -1.930000000000000021e-04
2.300000000000000000e+01 2.100000000000000000e+01 6.000000000000000000e+01 0.000000000000000000e+00 1.600000000000000089e+00 7.219999999999999855e-04 -7.426000000000000309e-03 9.999719999999999720e-01 -9.669099999999999917e-02 9.952860000000000040e-01 7.460999999999999750e-03 -9.953140000000000320e-01 -9.669400000000000217e-02 9.999999999999999547e-07
2.700000000000000000e+01 2.100000000000000000e+01 6.000000000000000000e+01 0.000000000000000000e+00 1.600000000000000089e+00 2.255000000000000060e-03 -2.327000000000000075e-03 9.999949999999999672e-01 -9.700799999999999701e-02 9.952800000000000535e-01 2.534999999999999927e-03 -9.952809999999999713e-01 -9.701300000000000201e-02 2.017999999999999829e-03
1.000000000000000000e+01 6.700000000000000000e+01 6.000000000000000000e+01 0.000000000000000000e+00 1.600000000000000089e+00 -8.140000000000000534e-04 -3.946999999999999988e-03 9.999919999999999920e-01 1.733260000000000078e-01 -9.848569999999999824e-01 -3.746000000000000198e-03 9.848639999999999617e-01 1.733220000000000038e-01 1.484999999999999992e-03
1.800000000000000000e+01 6.700000000000000000e+01 6.000000000000000000e+01 0.000000000000000000e+00 1.600000000000000089e+00 -1.358000000000000049e-03 -3.184000000000000198e-03 9.999940000000000495e-01 1.749729999999999897e-01 -9.845690000000000275e-01 -2.896999999999999836e-03 9.845720000000000027e-01 1.749680000000000124e-01 1.894000000000000067e-03
2.000000000000000000e+00 2.700000000000000000e+01 6.300000000000000000e+01 0.000000000000000000e+00 1.600000000000000089e+00 -6.520000000000000188e-04 1.472000000000000001e-03 9.999989999999999712e-01 -2.753599999999999937e-01 9.613399999999999723e-01 -1.595000000000000064e-03 -9.613410000000000011e-01 -2.753610000000000224e-01 -2.220000000000000022e-04
1.200000000000000000e+01 2.700000000000000000e+01 6.300000000000000000e+01 0.000000000000000000e+00 1.600000000000000089e+00 -4.040000000000000080e-04 -7.470000000000000511e-04 1.000000000000000000e+00 -2.746290000000000120e-01 9.615500000000000158e-01 6.080000000000000335e-04 -9.615500000000000158e-01 -2.746290000000000120e-01 -5.940000000000000184e-04
1.700000000000000000e+01 2.700000000000000000e+01 6.300000000000000000e+01 0.000000000000000000e+00 1.600000000000000089e+00 -1.064999999999999974e-03 -2.098000000000000038e-03 9.999970000000000248e-01 -2.755279999999999951e-01 9.612920000000000353e-01 1.724000000000000055e-03 -9.612929999999999531e-01 -2.755250000000000199e-01 -1.601999999999999908e-03
2.700000000000000000e+01 2.700000000000000000e+01 6.300000000000000000e+01 0.000000000000000000e+00 1.600000000000000089e+00 2.337999999999999801e-03 -3.699999999999999811e-05 9.999970000000000248e-01 -2.741750000000000020e-01 9.616799999999999793e-01 6.769999999999999759e-04 -9.616770000000000040e-01 -2.741759999999999753e-01 2.237999999999999972e-03
3.000000000000000000e+00 2.600000000000000000e+01 6.400000000000000000e+01 0.000000000000000000e+00 1.600000000000000089e+00 -1.469999999999999953e-03 -9.219999999999999680e-04 9.999989999999999712e-01 -3.638100000000000223e-01 9.314729999999999954e-01 3.240000000000000150e-04 -9.314719999999999667e-01 -3.638089999999999935e-01 -1.704999999999999918e-03
9.000000000000000000e+00 2.600000000000000000e+01 6.400000000000000000e+01 0.000000000000000000e+00 1.600000000000000089e+00 -1.079999999999999960e-04 -8.319999999999999488e-04 1.000000000000000000e+00 -3.650649999999999729e-01 9.309819999999999762e-01 7.349999999999999763e-04 -9.309819999999999762e-01 -3.650649999999999729e-01 -4.040000000000000080e-04
1.300000000000000000e+01 2.600000000000000000e+01 6.400000000000000000e+01 0.000000000000000000e+00 1.600000000000000089e+00 6.299999999999999990e-05 -1.361000000000000014e-03 9.999989999999999712e-01 -3.683660000000000267e-01 9.296799999999999509e-01 1.288999999999999998e-03 -9.296809999999999796e-01 -3.683660000000000267e-01 -4.429999999999999802e-04
1.700000000000000000e+01 2.600000000000000000e+01 6.400000000000000000e+01 0.000000000000000000e+00 1.600000000000000089e+00 -1.062000000000000010e-03 -1.583999999999999905e-03 9.999980000000000535e-01 -3.682849999999999735e-01 9.297119999999999829e-01 1.080999999999999930e-03 -9.297130000000000116e-01 -3.682830000000000270e-01 -1.570999999999999914e-03
2.700000000000000000e+01 2.600000000000000000e+01 6.400000000000000000e+01 0.000000000000000000e+00 1.600000000000000089e+00 3.138999999999999863e-03 4.519999999999999821e-04 9.999949999999999672e-01 -3.662099999999999800e-01 9.305320000000000258e-01 7.290000000000000473e-04 -9.305269999999999930e-01 -3.662110000000000087e-01 3.086000000000000201e-03
8.000000000000000000e+00 6.900000000000000000e+01 6.600000000000000000e+01 0.000000000000000000e+00 1.600000000000000089e+00 -9.920000000000000432e-04 -1.505000000000000044e-03 9.999980000000000535e-01 -9.556360000000000410e-01 2.945490000000000053e-01 -5.050000000000000235e-04 -2.945470000000000033e-01 -9.556350000000000122e-01 -1.729999999999999984e-03
2.100000000000000000e+01 6.900000000000000000e+01 6.600000000000000000e+01 0.000000000000000000e+00 1.600000000000000089e+00 1.598999999999999944e-03 1.332000000000000068e-03 9.999980000000000535e-01 -9.536670000000000424e-01 3.008609999999999896e-01 1.123999999999999999e-03 -3.008589999999999876e-01 -9.536670000000000424e-01 1.750999999999999952e-03
8.000000000000000000e+00 2.500000000000000000e+01 7.300000000000000000e+01 0.000000000000000000e+00 1.600000000000000089e+00 5.330000000000000536e-04 -6.509999999999999945e-04 1.000000000000000000e+00 7.545060000000000100e-01 -6.562919999999999865e-01 -8.289999999999999843e-04 6.562930000000000152e-01 7.545060000000000100e-01 1.420000000000000092e-04
1.500000000000000000e+01 2.500000000000000000e+01 7.300000000000000000e+01 0.000000000000000000e+00 1.600000000000000089e+00 -7.150000000000000322e-04 1.123999999999999999e-03 9.999989999999999712e-01 7.572269999999999834e-01 -6.531500000000000083e-01 1.275000000000000092e-03 6.531510000000000371e-01 7.572269999999999834e-01 -3.840000000000000097e-04
2.000000000000000000e+01 2.500000000000000000e+01 7.300000000000000000e+01 0.000000000000000000e+00 1.600000000000000089e+00 1.644999999999999978e-03 1.224999999999999960e-03 9.999980000000000535e-01 7.573499999999999677e-01 -6.530089999999999506e-01 -4.459999999999999989e-04 6.530070000000000041e-01 7.573490000000000499e-01 -2.001999999999999873e-03
2.500000000000000000e+01 2.500000000000000000e+01 7.300000000000000000e+01 0.000000000000000000e+00 1.600000000000000089e+00 -4.530000000000000064e-04 1.060000000000000016e-04 1.000000000000000000e+00 7.586479999999999890e-01 -6.514999999999999680e-01 4.130000000000000099e-04 6.514999999999999680e-01 7.586479999999999890e-01 2.139999999999999975e-04
2.900000000000000000e+01 2.500000000000000000e+01 7.300000000000000000e+01 0.000000000000000000e+00 1.600000000000000089e+00 -3.256000000000000213e-03 -4.292999999999999941e-03 9.999850000000000128e-01 7.546119999999999495e-01 -6.561709999999999487e-01 -3.600000000000000227e-04 6.561630000000000518e-01 7.546000000000000485e-01 5.376999999999999835e-03
6.000000000000000000e+00 4.400000000000000000e+01 7.300000000000000000e+01 0.000000000000000000e+00 1.600000000000000089e+00 9.799999999999999684e-04 2.534999999999999927e-03 9.999959999999999960e-01 5.662199999999999872e-02 -9.983929999999999749e-01 2.475000000000000203e-03 9.983950000000000324e-01 5.661900000000000266e-02 -1.121999999999999950e-03
1.300000000000000000e+01 4.400000000000000000e+01 7.300000000000000000e+01 0.000000000000000000e+00 1.600000000000000089e+00 -6.199999999999999999e-04 -3.288999999999999823e-03 9.999940000000000495e-01 5.412200000000000344e-02 -9.985289999999999999e-01 -3.249999999999999851e-03 9.985340000000000327e-01 5.411900000000000044e-02 7.969999999999999654e-04
1.700000000000000000e+01 4.400000000000000000e+01 7.300000000000000000e+01 0.000000000000000000e+00 1.600000000000000089e+00 6.930000000000000396e-04 -2.618000000000000101e-03 9.999959999999999960e-01 5.392099999999999671e-02 -9.985420000000000407e-01 -2.651000000000000145e-03 9.985450000000000159e-01 5.392299999999999871e-02 -5.500000000000000331e-04
2.200000000000000000e+01 4.400000000000000000e+01 7.300000000000000000e+01 0.000000000000000000e+00 1.600000000000000089e+00 3.469999999999999777e-04 4.910000000000000085e-04 1.000000000000000000e+00 5.748799999999999744e-02 -9.983459999999999557e-01 4.699999999999999859e-04 9.983459999999999557e-01 5.748799999999999744e-02 -3.750000000000000078e-04
2.800000000000000000e+01 4.400000000000000000e+01 7.300000000000000000e+01 0.000000000000000000e+00 1.600000000000000089e+00 -1.335000000000000032e-03 -2.488999999999999893e-03 9.999959999999999960e-01 5.527599999999999875e-02 -9.984680000000000222e-01 -2.410999999999999949e-03 9.984699999999999687e-01 5.527300000000000268e-02 1.469999999999999953e-03
5.000000000000000000e+00 9.100000000000000000e+01 7.600000000000000000e+01 0.000000000000000000e+00 1.600000000000000089e+00 -7.129999999999999836e-04 -1.157000000000000042e-03 9.999989999999999712e-01 3.212510000000000088e-01 -9.469940000000000024e-01 -8.670000000000000406e-04 9.469940000000000024e-01 3.212499999999999800e-01 1.046000000000000055e-03
8.000000000000000000e+00 9.100000000000000000e+01 7.600000000000000000e+01 0.000000000000000000e+00 1.600000000000000089e+00 1.099999999999999971e-05 -2.121000000000000055e-03 9.999980000000000535e-01 3.155009999999999759e-01 -9.489229999999999610e-01 -2.015999999999999997e-03 9.489250000000000185e-01 3.155009999999999759e-01 6.589999999999999721e-04
1.500000000000000000e+01 9.100000000000000000e+01 7.600000000000000000e+01 0.000000000000000000e+00 1.600000000000000089e+00 -2.118999999999999790e-03 1.291999999999999963e-03 9.999970000000000248e-01 3.114129999999999954e-01 -9.502730000000000343e-01 1.887999999999999921e-03 9.502720000000000056e-01 3.114160000000000261e-01 1.611999999999999935e-03
1.900000000000000000e+01 9.100000000000000000e+01 7.600000000000000000e+01 0.000000000000000000e+00 1.600000000000000089e+00 -2.689999999999999791e-04 -1.590999999999999966e-03 9.999989999999999712e-01 3.203309999999999769e-01 -9.473049999999999526e-01 -1.420999999999999954e-03 9.473059999999999814e-01 3.203300000000000036e-01 7.649999999999999465e-04
2.400000000000000000e+01 9.100000000000000000e+01 7.600000000000000000e+01 0.000000000000000000e+00 1.600000000000000089e+00 1.985999999999999918e-03 -9.389999999999999476e-04 9.999980000000000535e-01 3.198739999999999917e-01 -9.474590000000000511e-01 -1.523999999999999964e-03 9.474580000000000224e-01 3.198759999999999937e-01 -1.580999999999999940e-03
1.900000000000000000e+01 1.020000000000000000e+02 8.200000000000000000e+01 0.000000000000000000e+00 1.600000000000000089e+00 -9.030000000000000483e-04 -3.203999999999999817e-03 -9.999940000000000495e-01 -6.377650000000000263e-01 7.702290000000000525e-01 -1.892000000000000019e-03 7.702299999999999702e-01 6.377599999999999936e-01 -2.737999999999999982e-03
5.000000000000000000e+00 4.400000000000000000e+01 8.300000000000000000e+01 0.000000000000000000e+00 1.600000000000000089e+00 1.054999999999999948e-03 1.740000000000000010e-04 9.999989999999999712e-01 5.795890000000000208e-01 -8.149089999999999945e-01 -4.699999999999999859e-04 8.149079999999999657e-01 5.795890000000000208e-01 -9.600000000000000243e-04
1.000000000000000000e+01 4.400000000000000000e+01 8.300000000000000000e+01 0.000000000000000000e+00 1.600000000000000089e+00 4.100000000000000047e-05 -3.210000000000000180e-03 9.999949999999999672e-01 5.826940000000000452e-01 -8.126879999999999660e-01 -2.632999999999999924e-03 8.126919999999999700e-01 5.826909999999999590e-01 1.838000000000000007e-03
1.600000000000000000e+01 4.400000000000000000e+01 8.300000000000000000e+01 0.000000000000000000e+00 1.600000000000000089e+00 1.005999999999999950e-03 -1.281999999999999936e-03 9.999989999999999712e-01 5.837130000000000374e-01 -8.119589999999999863e-01 -1.629000000000000023e-03 8.119600000000000151e-01 5.837139999999999551e-01 -6.899999999999999667e-05
2.600000000000000000e+01 4.400000000000000000e+01 8.300000000000000000e+01 0.000000000000000000e+00 1.600000000000000089e+00 -1.126000000000000048e-03 5.852000000000000431e-03 9.999820000000000375e-01 5.813660000000000494e-01 -8.136240000000000139e-01 5.414999999999999675e-03 8.136409999999999476e-01 5.813620000000000454e-01 -2.485999999999999929e-03
