1.200000000000000000e+01 1.500000000000000000e+01 4.000000000000000000e+00 0.000000000000000000e+00 1.600000000000000089e+00 -1.033999999999999980e-03 2.953799999999999829e-02 9.995629999999999793e-01 3.826629999999999754e-01 -9.234729999999999883e-01 2.768500000000000127e-02 9.238880000000000425e-01 3.825239999999999752e-01 -1.034799999999999956e-02
2.800000000000000000e+01 1.600000000000000000e+01 4.000000000000000000e+00 0.000000000000000000e+00 1.600000000000000089e+00 -3.072000000000000078e-03 -7.100000000000000191e-04 9.999949999999999672e-01 4.574670000000000125e-01 -8.892259999999999609e-01 7.739999999999999485e-04 8.892210000000000392e-01 4.574670000000000125e-01 3.056999999999999822e-03
5.000000000000000000e+00 1.010000000000000000e+02 7.000000000000000000e+00 0.000000000000000000e+00 1.600000000000000089e+00 -1.141000000000000087e-03 -4.982999999999999582e-03 9.999869999999999592e-01 8.879359999999999475e-01 4.599559999999999760e-01 3.305000000000000212e-03 -4.599659999999999860e-01 8.879280000000000506e-01 3.899999999999999821e-03
1.000000000000000000e+01 1.010000000000000000e+02 7.000000000000000000e+00 0.000000000000000000e+00 1.600000000000000089e+00 -8.490000000000000368e-04 1.194899999999999955e-02 9.999280000000000390e-01 8.861780000000000213e-01 4.633209999999999829e-01 -4.784000000000000058e-03 -4.633450000000000069e-01 8.861099999999999532e-01 -1.098200000000000044e-02
2.100000000000000000e+01 1.010000000000000000e+02 7.000000000000000000e+00 0.000000000000000000e+00 1.600000000000000089e+00 -3.060000000000000111e-04 -3.629999999999999980e-03 9.999930000000000208e-01 8.856559999999999988e-01 4.643369999999999997e-01 1.955999999999999839e-03 -4.643410000000000037e-01 8.856509999999999661e-01 3.073000000000000211e-03
2.600000000000000000e+01 1.010000000000000000e+02 7.000000000000000000e+00 0.000000000000000000e+00 1.600000000000000089e+00 -1.498999999999999898e-03 -8.833999999999999839e-03 9.999599999999999600e-01 8.855469999999999731e-01 4.645179999999999865e-01 5.432000000000000196e-03 -4.645469999999999877e-01 8.855199999999999738e-01 7.126999999999999655e-03
1.300000000000000000e+01 1.500000000000000000e+01 8.000000000000000000e+00 0.000000000000000000e+00 1.600000000000000089e+00 9.929999999999999591e-04 1.798599999999999852e-02 -9.998380000000000045e-01 -6.145059999999999967e-01 -7.887729999999999464e-01 -1.479899999999999965e-02 -7.889110000000000289e-01 6.144209999999999949e-01 1.026900000000000035e-02
4.000000000000000000e+00 2.500000000000000000e+01 8.000000000000000000e+00 0.000000000000000000e+00 1.600000000000000089e+00 -1.999999999999999909e-06 4.871000000000000330e-03 -9.999879999999999880e-01 4.467800000000000105e-01 8.946330000000000116e-01 4.356999999999999762e-03 8.946439999999999948e-01 -4.467749999999999777e-01 -2.177999999999999815e-03
7.000000000000000000e+00 2.500000000000000000e+01 8.000000000000000000e+00 0.000000000000000000e+00 1.600000000000000089e+00 -1.231000000000000106e-03 4.795999999999999916e-03 -9.999879999999999880e-01 4.473449999999999926e-01 8.943539999999999823e-01 3.739000000000000136e-03 8.943609999999999616e-01 -4.473349999999999826e-01 -3.246000000000000187e-03
1.200000000000000000e+01 2.500000000000000000e+01 8.000000000000000000e+00 0.000000000000000000e+00 1.600000000000000089e+00 -6.570000000000000319e-04 -1.118000000000000070e-03 -9.999989999999999712e-01 4.486809999999999965e-01 8.936910000000000132e-01 -1.294000000000000011e-03 8.936920000000000419e-01 -4.486820000000000253e-01 -8.600000000000000331e-05
1.400000000000000000e+01 2.500000000000000000e+01 8.000000000000000000e+00 0.000000000000000000e+00 1.600000000000000089e+00 -5.000000000000000240e-05 -1.724999999999999971e-03 -9.999980000000000535e-01 4.485379999999999923e-01 8.937619999999999454e-01 -1.564000000000000069e-03 8.937640000000000029e-01 -4.485370000000000190e-01 7.290000000000000473e-04
3.000000000000000000e+01 9.000000000000000000e+00 9.000000000000000000e+00 0.000000000000000000e+00 1.600000000000000089e+00 1.895200000000000010e-02 1.174799999999999976e-02 -9.997509999999999453e-01 -9.251129999999999631e-01 -3.790540000000000020e-01 -2.199100000000000013e-02 -3.792179999999999995e-01 9.253000000000000114e-01 3.684999999999999908e-03
1.000000000000000000e+00 2.400000000000000000e+01 9.000000000000000000e+00 0.000000000000000000e+00 1.600000000000000089e+00 -3.899999999999999929e-05 -7.410000000000000137e-04 -1.000000000000000000e+00 4.525629999999999931e-01 8.917319999999999691e-01 -6.790000000000000245e-04 8.917319999999999691e-01 -4.525629999999999931e-01 2.999999999999999737e-04
7.000000000000000000e+00 2.400000000000000000e+01 9.000000000000000000e+00 0.000000000000000000e+00 1.600000000000000089e+00 -1.755999999999999965e-03 4.094000000000000417e-03 -9.999900000000000455e-01 4.546009999999999773e-01 8.906910000000000105e-01 2.847999999999999837e-03 8.906929999999999570e-01 -4.545910000000000228e-01 -3.425000000000000093e-03
1.400000000000000000e+01 2.400000000000000000e+01 9.000000000000000000e+00 0.000000000000000000e+00 1.600000000000000089e+00 -8.299999999999999815e-05 -2.988999999999999903e-03 -9.999959999999999960e-01 4.561000000000000054e-01 8.899249999999999661e-01 -2.697000000000000178e-03 8.899289999999999701e-01 -4.560980000000000034e-01 1.288999999999999998e-03
2.200000000000000000e+01 2.400000000000000000e+01 9.000000000000000000e+00 0.000000000000000000e+00 1.600000000000000089e+00 -1.183000000000000024e-03 -3.706999999999999792e-03 -9.999919999999999920e-01 4.545699999999999741e-01 8.907030000000000225e-01 -3.838999999999999965e-03 8.907100000000000017e-01 -4.545710000000000028e-01 6.310000000000000504e-04
2.600000000000000000e+01 2.400000000000000000e+01 9.000000000000000000e+00 0.000000000000000000e+00 1.600000000000000089e+00 -8.279999999999999600e-04 -5.015000000000000360e-03 -9.999869999999999592e-01 4.542439999999999811e-01 8.908639999999999892e-01 -4.844000000000000215e-03 8.908770000000000300e-01 -4.542419999999999791e-01 1.541000000000000052e-03
6.000000000000000000e+00 7.000000000000000000e+00 1.000000000000000000e+01 0.000000000000000000e+00 1.600000000000000089e+00 1.061720000000000025e-01 9.954300000000000648e-02 -9.893530000000000380e-01 -9.336830000000000407e-01 -3.322339999999999738e-01 -1.336259999999999948e-01 -3.419980000000000242e-01 9.379300000000000415e-01 5.766799999999999704e-02
3.000000000000000000e+00 3.500000000000000000e+01 1.200000000000000000e+01 0.000000000000000000e+00 1.600000000000000089e+00 2.255000000000000060e-03 -3.468000000000000162e-03 -9.999909999999999632e-01 4.870630000000000237e-01 -8.733570000000000499e-01 4.126999999999999592e-03 -8.733640000000000292e-01 -4.870680000000000009e-01 -2.809999999999999998e-04
9.000000000000000000e+00 3.500000000000000000e+01 1.200000000000000000e+01 0.000000000000000000e+00 1.600000000000000089e+00 1.177000000000000095e-03 -4.831000000000000225e-03 -9.999879999999999880e-01 4.657990000000000186e-01 -8.848770000000000246e-01 4.823000000000000030e-03 -8.848899999999999544e-01 -4.657990000000000186e-01 1.208000000000000089e-03
1.300000000000000000e+01 3.500000000000000000e+01 1.200000000000000000e+01 0.000000000000000000e+00 1.600000000000000089e+00 4.510000000000000120e-04 -5.353000000000000119e-03 -9.999860000000000415e-01 4.530390000000000250e-01 -8.914769999999999639e-01 4.976999999999999653e-03 -8.914910000000000334e-01 -4.530350000000000210e-01 2.023000000000000059e-03
1.800000000000000000e+01 3.500000000000000000e+01 1.200000000000000000e+01 0.000000000000000000e+00 1.600000000000000089e+00 -5.500000000000000331e-04 -5.192999999999999700e-03 -9.999860000000000415e-01 4.529449999999999865e-01 -8.915279999999999871e-01 4.381000000000000345e-03 -8.915380000000000527e-01 -4.529369999999999785e-01 2.843000000000000041e-03
2.600000000000000000e+01 3.500000000000000000e+01 1.200000000000000000e+01 0.000000000000000000e+00 1.600000000000000089e+00 1.288000000000000082e-03 -2.178999999999999947e-03 -9.999970000000000248e-01 4.393050000000000010e-01 -8.983339999999999659e-01 2.523000000000000069e-03 -8.983370000000000521e-01 -4.393070000000000030e-01 -2.000000000000000096e-04
3.000000000000000000e+01 3.500000000000000000e+01 1.200000000000000000e+01 0.000000000000000000e+00 1.600000000000000089e+00 1.291999999999999963e-03 3.289999999999999739e-04 -9.999989999999999712e-01 4.394600000000000173e-01 -8.982620000000000049e-01 2.719999999999999979e-04 -8.982609999999999761e-01 -4.394600000000000173e-01 -1.304999999999999953e-03
5.000000000000000000e+00 3.200000000000000000e+01 1.400000000000000000e+01 0.000000000000000000e+00 1.600000000000000089e+00 -5.360000000000000181e-04 -4.530000000000000064e-04 -1.000000000000000000e+00 9.416299999999999670e-02 9.955570000000000253e-01 -5.019999999999999506e-04 9.955570000000000253e-01 -9.416299999999999670e-02 -4.910000000000000085e-04
2.400000000000000000e+01 3.200000000000000000e+01 1.400000000000000000e+01 0.000000000000000000e+00 1.600000000000000089e+00 -9.859999999999998974e-04 1.227000000000000009e-03 -9.999989999999999712e-01 1.070139999999999980e-01 9.942569999999999464e-01 1.113999999999999973e-03 9.942569999999999464e-01 -1.070129999999999970e-01 -1.111999999999999924e-03
2.900000000000000000e+01 3.200000000000000000e+01 1.400000000000000000e+01 0.000000000000000000e+00 1.600000000000000089e+00 -8.829999999999999958e-04 -3.200000000000000262e-04 -1.000000000000000000e+00 1.079869999999999997e-01 9.941520000000000357e-01 -4.130000000000000099e-04 9.941520000000000357e-01 -1.079869999999999997e-01 -8.429999999999999993e-04
2.100000000000000000e+01 1.160000000000000000e+02 1.600000000000000000e+01 0.000000000000000000e+00 1.600000000000000089e+00 1.704000000000000003e-03 2.265000000000000086e-03 9.999959999999999960e-01 7.529360000000000497e-01 6.580869999999999775e-01 -2.772999999999999857e-03 -6.580909999999999815e-01 7.529379999999999962e-01 -5.839999999999999922e-04
3.000000000000000000e+01 1.160000000000000000e+02 1.600000000000000000e+01 0.000000000000000000e+00 1.600000000000000089e+00 5.969999999999999829e-04 -1.869999999999999917e-03 9.999980000000000535e-01 7.625070000000000459e-01 6.469789999999999708e-01 7.550000000000000287e-04 -6.469789999999999708e-01 7.625060000000000171e-01 1.812000000000000026e-03
3.000000000000000000e+00 2.000000000000000000e+00 1.900000000000000000e+01 0.000000000000000000e+00 1.600000000000000089e+00 3.076000000000000175e-03 5.137699999999999906e-02 -9.986749999999999794e-01 3.485079999999999845e-01 -9.361220000000000097e-01 -4.708600000000000285e-02 -9.373010000000000508e-01 -3.479019999999999890e-01 -2.078500000000000139e-02
9.000000000000000000e+00 2.000000000000000000e+00 1.900000000000000000e+01 0.000000000000000000e+00 1.600000000000000089e+00 3.285000000000000159e-03 2.061899999999999844e-02 -9.997819999999999485e-01 3.467149999999999954e-01 -9.377940000000000165e-01 -1.820099999999999843e-02 -9.379650000000000487e-01 -3.465790000000000259e-01 -1.022900000000000025e-02
1.200000000000000000e+01 2.000000000000000000e+00 1.900000000000000000e+01 0.000000000000000000e+00 1.600000000000000089e+00 3.155999999999999951e-03 3.161999999999999880e-03 -9.999900000000000455e-01 3.401159999999999739e-01 -9.403820000000000512e-01 -1.899999999999999996e-03 -9.403780000000000472e-01 -3.401060000000000194e-01 -4.042999999999999719e-03
1.900000000000000000e+01 2.000000000000000000e+00 1.900000000000000000e+01 0.000000000000000000e+00 1.600000000000000089e+00 -3.419999999999999863e-03 1.525699999999999973e-02 -9.998780000000000445e-01 3.276270000000000016e-01 -9.446790000000000465e-01 -1.553599999999999946e-02 -9.448010000000000019e-01 -3.276399999999999868e-01 -1.768000000000000040e-03
2.600000000000000000e+01 2.000000000000000000e+00 1.900000000000000000e+01 0.000000000000000000e+00 1.600000000000000089e+00 -1.186999999999999904e-03 1.998300000000000076e-02 -9.998000000000000220e-01 3.274920000000000053e-01 -9.446569999999999689e-01 -1.926900000000000140e-02 -9.448530000000000539e-01 -3.274489999999999901e-01 -5.422999999999999869e-03
1.400000000000000000e+01 3.000000000000000000e+00 1.900000000000000000e+01 0.000000000000000000e+00 1.600000000000000089e+00 6.880000000000000265e-04 4.478000000000000209e-03 -9.999900000000000455e-01 3.084549999999999792e-01 -9.512300000000000200e-01 -4.048000000000000383e-03 -9.512389999999999457e-01 -3.084489999999999732e-01 -2.036000000000000049e-03
2.500000000000000000e+01 3.000000000000000000e+00 1.900000000000000000e+01 0.000000000000000000e+00 1.600000000000000089e+00 -1.512000000000000106e-03 1.866100000000000050e-02 -9.998249999999999638e-01 2.993709999999999982e-01 -9.539619999999999767e-01 -1.825699999999999892e-02 -9.541359999999999841e-01 -2.993460000000000010e-01 -4.144000000000000114e-03
2.000000000000000000e+00 1.300000000000000000e+01 2.000000000000000000e+01 0.000000000000000000e+00 1.600000000000000089e+00 -2.660000000000000146e-04 3.116999999999999979e-03 9.999949999999999672e-01 2.629489999999999883e-01 9.648050000000000237e-01 -2.936999999999999941e-03 -9.648099999999999454e-01 2.629460000000000131e-01 -1.075999999999999917e-03
6.000000000000000000e+00 1.300000000000000000e+01 2.000000000000000000e+01 0.000000000000000000e+00 1.600000000000000089e+00 9.909999999999999105e-04 3.648999999999999900e-03 9.999930000000000208e-01 2.600459999999999994e-01 9.655890000000000306e-01 -3.781000000000000073e-03 -9.655960000000000099e-01 2.600480000000000014e-01 7.999999999999999638e-06
9.000000000000000000e+00 1.300000000000000000e+01 2.000000000000000000e+01 0.000000000000000000e+00 1.600000000000000089e+00 1.549000000000000030e-03 -8.800000000000000313e-04 9.999980000000000535e-01 2.587289999999999868e-01 9.659499999999999753e-01 4.499999999999999877e-04 -9.659489999999999466e-01 2.587280000000000135e-01 1.724000000000000055e-03
1.300000000000000000e+01 1.300000000000000000e+01 2.000000000000000000e+01 0.000000000000000000e+00 1.600000000000000089e+00 4.350000000000000026e-04 8.360000000000000460e-04 1.000000000000000000e+00 2.589730000000000087e-01 9.658839999999999648e-01 -9.200000000000000278e-04 -9.658839999999999648e-01 2.589730000000000087e-01 2.039999999999999984e-04
1.700000000000000000e+01 1.300000000000000000e+01 2.000000000000000000e+01 0.000000000000000000e+00 1.600000000000000089e+00 -4.000000000000000327e-05 6.340000000000000149e-04 1.000000000000000000e+00 2.603489999999999971e-01 9.655139999999999834e-01 -6.019999999999999961e-04 -9.655150000000000121e-01 2.603489999999999971e-01 -2.030000000000000012e-04
2.000000000000000000e+01 1.300000000000000000e+01 2.000000000000000000e+01 0.000000000000000000e+00 1.600000000000000089e+00 -6.310000000000000504e-04 -3.213999999999999843e-03 9.999949999999999672e-01 2.604730000000000101e-01 9.654760000000000009e-01 3.266999999999999939e-03 -9.654810000000000336e-01 2.604739999999999833e-01 2.280000000000000126e-04
2.500000000000000000e+01 1.300000000000000000e+01 2.000000000000000000e+01 0.000000000000000000e+00 1.600000000000000089e+00 -1.389000000000000044e-03 -1.103000000000000031e-03 9.999989999999999712e-01 2.621789999999999954e-01 9.650180000000000424e-01 1.428999999999999932e-03 -9.650180000000000424e-01 2.621809999999999974e-01 -1.051000000000000068e-03
2.900000000000000000e+01 1.300000000000000000e+01 2.000000000000000000e+01 0.000000000000000000e+00 1.600000000000000089e+00 5.159999999999999656e-04 -1.868000000000000086e-03 9.999980000000000535e-01 2.634400000000000075e-01 9.646740000000000315e-01 1.665999999999999946e-03 -9.646759999999999780e-01 2.634389999999999787e-01 9.899999999999999946e-04
2.000000000000000000e+00 1.600000000000000000e+01 2.100000000000000000e+01 0.000000000000000000e+00 1.600000000000000089e+00 -1.536000000000000039e-03 3.383000000000000156e-03 9.999930000000000208e-01 2.993640000000000190e-01 9.541349999999999554e-01 -2.768000000000000061e-03 -9.541380000000000416e-01 2.993580000000000130e-01 -2.478000000000000168e-03
2.300000000000000000e+01 5.000000000000000000e+01 2.200000000000000000e+01 0.000000000000000000e+00 1.600000000000000089e+00 -6.899999999999999667e-05 1.825999999999999932e-03 -9.999980000000000535e-01 -5.622920000000000140e-01 8.269370000000000331e-01 1.549000000000000030e-03 8.269389999999999796e-01 5.622920000000000140e-01 9.700000000000000505e-04
1.000000000000000000e+01 2.000000000000000000e+00 2.500000000000000000e+01 0.000000000000000000e+00 1.600000000000000089e+00 -9.359999999999999831e-04 -2.320000000000000014e-04 1.000000000000000000e+00 7.935000000000000386e-02 -9.968470000000000386e-01 -1.569999999999999944e-04 9.968460000000000099e-01 7.935000000000000386e-02 9.510000000000000224e-04
1.400000000000000000e+01 2.000000000000000000e+00 2.500000000000000000e+01 0.000000000000000000e+00 1.600000000000000089e+00 -5.509999999999999490e-04 -6.800999999999999754e-03 9.999770000000000048e-01 6.750200000000000644e-02 -9.976960000000000273e-01 -6.748999999999999791e-03 9.977190000000000225e-01 6.749700000000000144e-02 1.008999999999999914e-03
5.000000000000000000e+00 3.000000000000000000e+00 2.500000000000000000e+01 0.000000000000000000e+00 1.600000000000000089e+00 -8.549999999999999658e-04 1.568100000000000049e-02 9.998770000000000158e-01 -2.139299999999999882e-02 -9.996490000000000098e-01 1.565899999999999931e-02 9.997709999999999653e-01 -2.137700000000000017e-02 1.190000000000000085e-03
1.500000000000000000e+01 3.000000000000000000e+00 2.500000000000000000e+01 0.000000000000000000e+00 1.600000000000000089e+00 -1.159000000000000091e-03 -3.778999999999999807e-03 9.999919999999999920e-01 -1.711000000000000021e-02 -9.998460000000000125e-01 -3.798000000000000161e-03 9.998529999999999918e-01 -1.711400000000000074e-02 1.093999999999999920e-03
2.000000000000000000e+01 3.000000000000000000e+00 2.500000000000000000e+01 0.000000000000000000e+00 1.600000000000000089e+00 -4.964999999999999795e-03 1.391200000000000075e-02 9.998909999999999743e-01 -1.382599999999999975e-02 -9.998089999999999478e-01 1.384299999999999940e-02 9.998920000000000030e-01 -1.375600000000000087e-02 5.157000000000000126e-03
2.600000000000000000e+01 3.000000000000000000e+00 2.500000000000000000e+01 0.000000000000000000e+00 1.600000000000000089e+00 -3.536000000000000081e-03 9.402999999999999900e-03 9.999500000000000055e-01 -3.817000000000000080e-03 -9.999489999999999768e-01 9.388999999999999777e-03 9.999860000000000415e-01 -3.784000000000000037e-03 3.572000000000000088e-03
3.000000000000000000e+01 3.000000000000000000e+00 2.500000000000000000e+01 0.000000000000000000e+00 1.600000000000000089e+00 -8.199999999999999824e-04 1.810000000000000085e-04 1.000000000000000000e+00 -8.599999999999999789e-04 -1.000000000000000000e+00 1.800000000000000113e-04 9.999989999999999712e-01 -8.599999999999999789e-04 8.199999999999999824e-04
2.000000000000000000e+00 4.600000000000000000e+01 2.700000000000000000e+01 0.000000000000000000e+00 1.600000000000000089e+00 -1.348999999999999939e-03 1.644000000000000062e-03 -9.999980000000000535e-01 6.606070000000000553e-01 7.507319999999999549e-01 3.429999999999999889e-04 7.507310000000000372e-01 -6.606049999999999978e-01 -2.099000000000000171e-03
1.700000000000000000e+01 4.600000000000000000e+01 3.000000000000000000e+01 0.000000000000000000e+00 1.600000000000000089e+00 -1.765999999999999992e-03 -2.252999999999999794e-03 -9.999959999999999960e-01 3.324909999999999810e-01 9.431019999999999959e-01 -2.712000000000000001e-03 9.431049999999999711e-01 -3.324949999999999850e-01 -9.169999999999999549e-04
2.400000000000000000e+01 4.600000000000000000e+01 3.000000000000000000e+01 0.000000000000000000e+00 1.600000000000000089e+00 1.900000000000000105e-05 -9.600000000000000243e-05 -1.000000000000000000e+00 3.350199999999999845e-01 9.422110000000000207e-01 -8.399999999999999535e-05 9.422110000000000207e-01 -3.350199999999999845e-01 5.000000000000000240e-05
3.000000000000000000e+00 5.800000000000000000e+01 3.100000000000000000e+01 0.000000000000000000e+00 1.600000000000000089e+00 6.279999999999999775e-04 1.598000000000000028e-03 9.999989999999999712e-01 -7.646910000000000096e-01 -6.443959999999999688e-01 1.510000000000000057e-03 6.443969999999999976e-01 -7.646910000000000096e-01 8.170000000000000179e-04
7.000000000000000000e+00 5.800000000000000000e+01 3.100000000000000000e+01 0.000000000000000000e+00 1.600000000000000089e+00 -8.040000000000000271e-04 -5.850000000000000165e-04 1.000000000000000000e+00 -7.620139999999999691e-01 -6.475600000000000245e-01 -9.920000000000000432e-04 6.475600000000000245e-01 -7.620139999999999691e-01 7.399999999999999623e-05
1.300000000000000000e+01 5.800000000000000000e+01 3.100000000000000000e+01 0.000000000000000000e+00 1.600000000000000089e+00 -4.360000000000000269e-04 1.845000000000000069e-03 9.999980000000000535e-01 -7.596640000000000059e-01 -6.503160000000000052e-01 8.689999999999999808e-04 6.503160000000000052e-01 -7.596619999999999484e-01 1.685000000000000083e-03
1.600000000000000000e+01 5.800000000000000000e+01 3.100000000000000000e+01 0.000000000000000000e+00 1.600000000000000089e+00 5.452000000000000249e-03 7.002999999999999677e-03 9.999609999999999888e-01 -7.600949999999999651e-01 -6.497540000000000537e-01 8.694999999999999604e-03 6.497889999999999500e-01 -7.601120000000000099e-01 1.781000000000000031e-03
2.400000000000000000e+01 5.800000000000000000e+01 3.100000000000000000e+01 0.000000000000000000e+00 1.600000000000000089e+00 3.769000000000000215e-03 5.204000000000000292e-03 9.999789999999999512e-01 -7.570860000000000367e-01 -6.532860000000000333e-01 6.252999999999999878e-03 6.533050000000000246e-01 -7.570930000000000160e-01 1.477000000000000014e-03
1.000000000000000000e+01 4.600000000000000000e+01 3.500000000000000000e+01 0.000000000000000000e+00 1.600000000000000089e+00 4.789999999999999879e-04 -5.035000000000000413e-03 -9.999869999999999592e-01 3.895799999999999819e-01 -9.209800000000000209e-01 4.824000000000000163e-03 -9.209920000000000329e-01 -3.895770000000000066e-01 1.521000000000000000e-03
1.800000000000000000e+01 4.600000000000000000e+01 3.500000000000000000e+01 0.000000000000000000e+00 1.600000000000000089e+00 4.589999999999999896e-04 9.849999999999999815e-04 -9.999989999999999712e-01 3.937820000000000209e-01 -9.192040000000000211e-01 -7.240000000000000342e-04 -9.192040000000000211e-01 -3.937809999999999921e-01 -8.099999999999999561e-04
2.200000000000000000e+01 4.600000000000000000e+01 3.500000000000000000e+01 0.000000000000000000e+00 1.600000000000000089e+00 5.599999999999999509e-04 -1.588999999999999918e-03 -9.999989999999999712e-01 3.926200000000000245e-01 -9.196990000000000443e-01 1.680999999999999986e-03 -9.197009999999999907e-01 -3.926200000000000245e-01 1.090000000000000067e-04
2.500000000000000000e+01 4.600000000000000000e+01 3.500000000000000000e+01 0.000000000000000000e+00 1.600000000000000089e+00 -9.699999999999999963e-05 -2.216000000000000088e-03 -9.999970000000000248e-01 3.925379999999999980e-01 -9.197340000000000515e-01 2.000000000000000042e-03 -9.197359999999999980e-01 -3.925370000000000248e-01 9.590000000000000000e-04
1.000000000000000000e+00 3.000000000000000000e+00 4.300000000000000000e+01 0.000000000000000000e+00 1.600000000000000089e+00 -2.669999999999999847e-04 -6.858000000000000380e-03 -9.999759999999999760e-01 7.344209999999999905e-01 -6.786799999999999500e-01 4.458000000000000157e-03 -6.786950000000000482e-01 -7.344019999999999992e-01 5.218000000000000416e-03
5.000000000000000000e+00 3.000000000000000000e+00 4.300000000000000000e+01 0.000000000000000000e+00 1.600000000000000089e+00 1.391000000000000092e-03 -9.388999999999999777e-03 -9.999550000000000383e-01 7.365610000000000213e-01 -6.763310000000000155e-01 7.374999999999999611e-03 -6.763689999999999980e-01 -7.365380000000000260e-01 5.975000000000000276e-03
8.000000000000000000e+00 3.000000000000000000e+00 4.300000000000000000e+01 0.000000000000000000e+00 1.600000000000000089e+00 1.113000000000000057e-03 4.617999999999999709e-03 -9.999890000000000168e-01 7.399550000000000294e-01 -6.726520000000000277e-01 -2.282999999999999873e-03 -6.726550000000000029e-01 -7.399440000000000461e-01 -4.166000000000000432e-03
1.600000000000000000e+01 3.000000000000000000e+00 4.300000000000000000e+01 0.000000000000000000e+00 1.600000000000000089e+00 -2.877999999999999916e-03 -4.649999999999999620e-03 -9.999850000000000128e-01 7.406760000000000010e-01 -6.718610000000000415e-01 9.920000000000000432e-04 -6.718560000000000088e-01 -7.406620000000000426e-01 5.377999999999999968e-03
2.500000000000000000e+01 3.000000000000000000e+00 4.300000000000000000e+01 0.000000000000000000e+00 1.600000000000000089e+00 2.300000000000000002e-05 -1.017000000000000022e-02 -9.999479999999999480e-01 7.441560000000000397e-01 -6.679709999999999814e-01 6.811000000000000214e-03 -6.680059999999999887e-01 -7.441179999999999461e-01 7.552999999999999818e-03
8.000000000000000000e+00 8.000000000000000000e+00 4.400000000000000000e+01 0.000000000000000000e+00 1.600000000000000089e+00 4.279999999999999950e-04 -8.469999999999999881e-04 1.000000000000000000e+00 -7.869819999999999593e-01 -6.169769999999999976e-01 -1.859999999999999945e-04 6.169759999999999689e-01 -7.869810000000000416e-01 -9.309999999999999699e-04
1.200000000000000000e+01 8.000000000000000000e+00 4.400000000000000000e+01 0.000000000000000000e+00 1.600000000000000089e+00 4.409999999999999858e-04 2.337999999999999801e-03 9.999970000000000248e-01 -7.891460000000000141e-01 -6.142030000000000545e-01 1.783999999999999996e-03 6.142050000000000010e-01 -7.891449999999999854e-01 1.574000000000000095e-03
2.700000000000000000e+01 8.000000000000000000e+00 4.400000000000000000e+01 0.000000000000000000e+00 1.600000000000000089e+00 -6.300000000000000261e-04 -2.897999999999999968e-03 9.999959999999999960e-01 -7.817749999999999977e-01 -6.235559999999999992e-01 -2.298999999999999828e-03 6.235600000000000032e-01 -7.817730000000000512e-01 -1.871999999999999966e-03
4.000000000000000000e+00 2.900000000000000000e+01 4.400000000000000000e+01 0.000000000000000000e+00 1.600000000000000089e+00 -1.273000000000000043e-03 -2.537000000000000192e-03 -9.999959999999999960e-01 6.564590000000000147e-01 7.543570000000000553e-01 -2.749000000000000141e-03 7.543609999999999483e-01 -6.564600000000000435e-01 7.050000000000000060e-04
9.000000000000000000e+00 2.900000000000000000e+01 4.400000000000000000e+01 0.000000000000000000e+00 1.600000000000000089e+00 5.289999999999999564e-04 -1.951000000000000043e-03 -9.999980000000000535e-01 6.606210000000000138e-01 7.507190000000000252e-01 -1.115000000000000106e-03 7.507200000000000539e-01 -6.606189999999999563e-01 1.685999999999999999e-03
1.200000000000000000e+01 2.900000000000000000e+01 4.400000000000000000e+01 0.000000000000000000e+00 1.600000000000000089e+00 -1.299999999999999920e-05 -3.523999999999999789e-03 -9.999940000000000495e-01 6.602050000000000418e-01 7.510809999999999986e-01 -2.655999999999999941e-03 7.510850000000000026e-01 -6.602010000000000378e-01 2.317000000000000049e-03
1.600000000000000000e+01 2.900000000000000000e+01 4.400000000000000000e+01 0.000000000000000000e+00 1.600000000000000089e+00 -9.619999999999999645e-04 -1.596999999999999895e-03 -9.999980000000000535e-01 6.589599999999999902e-01 7.521759999999999557e-01 -1.835000000000000043e-03 7.521769999999999845e-01 -6.589610000000000190e-01 3.289999999999999739e-04
2.200000000000000000e+01 2.900000000000000000e+01 4.400000000000000000e+01 0.000000000000000000e+00 1.600000000000000089e+00 1.110000000000000011e-04 -1.335999999999999948e-03 -9.999989999999999712e-01 6.583790000000000475e-01 7.526859999999999662e-01 -9.330000000000000186e-04 7.526869999999999949e-01 -6.583780000000000188e-01 9.629999999999999888e-04
2.600000000000000000e+01 2.900000000000000000e+01 4.400000000000000000e+01 0.000000000000000000e+00 1.600000000000000089e+00 8.469999999999999881e-04 -3.899999999999999929e-04 -1.000000000000000000e+00 6.589840000000000142e-01 7.521569999999999645e-01 2.649999999999999903e-04 7.521569999999999645e-01 -6.589829999999999854e-01 8.940000000000000464e-04
1.600000000000000000e+01 6.500000000000000000e+01 4.600000000000000000e+01 0.000000000000000000e+00 1.600000000000000089e+00 1.449999999999999900e-03 -1.981999999999999821e-03 9.999970000000000248e-01 6.779669999999999863e-01 -7.350879999999999637e-01 -2.439999999999999895e-03 7.350910000000000499e-01 6.779690000000000438e-01 2.779999999999999811e-04
1.100000000000000000e+01 7.000000000000000000e+01 4.700000000000000000e+01 0.000000000000000000e+00 1.600000000000000089e+00 -8.159999999999999936e-04 -1.456999999999999962e-03 -9.999989999999999712e-01 -8.421469999999999789e-01 -5.392460000000000031e-01 1.472999999999999917e-03 -5.392470000000000319e-01 8.421469999999999789e-01 -7.870000000000000476e-04
2.900000000000000000e+01 7.400000000000000000e+01 4.900000000000000000e+01 0.000000000000000000e+00 1.600000000000000089e+00 2.533999999999999794e-03 -6.747000000000000393e-03 9.999740000000000295e-01 -9.816920000000000091e-01 1.904399999999999982e-01 3.772999999999999878e-03 -1.904599999999999904e-01 -9.816759999999999931e-01 -6.140999999999999757e-03
1.500000000000000000e+01 5.000000000000000000e+00 5.100000000000000000e+01 0.000000000000000000e+00 1.600000000000000089e+00 -1.268999999999999946e-03 -1.255999999999999955e-03 -9.999980000000000535e-01 4.857690000000000063e-01 -8.740869999999999473e-01 4.820000000000000066e-04 -8.740860000000000296e-01 -4.857670000000000043e-01 1.719000000000000042e-03
1.800000000000000000e+01 5.000000000000000000e+00 5.100000000000000000e+01 0.000000000000000000e+00 1.600000000000000089e+00 -1.768000000000000040e-03 -7.450000000000000025e-04 -9.999980000000000535e-01 4.937150000000000150e-01 -8.696239999999999526e-01 -2.239999999999999966e-04 -8.696220000000000061e-01 -4.937150000000000150e-01 1.905000000000000009e-03
2.100000000000000000e+01 5.000000000000000000e+00 5.100000000000000000e+01 0.000000000000000000e+00 1.600000000000000089e+00 -3.122000000000000209e-03 1.369999999999999961e-04 -9.999949999999999672e-01 4.942289999999999739e-01 -8.693300000000000471e-01 -1.662000000000000066e-03 -8.693260000000000431e-01 -4.942320000000000046e-01 2.645999999999999915e-03
2.600000000000000000e+01 5.000000000000000000e+00 5.100000000000000000e+01 0.000000000000000000e+00 1.600000000000000089e+00 4.130000000000000099e-04 -2.818999999999999891e-03 -9.999959999999999960e-01 4.899789999999999979e-01 -8.717300000000000049e-01 2.660000000000000038e-03 -8.717340000000000089e-01 -4.899780000000000246e-01 1.020999999999999989e-03
2.000000000000000000e+00 1.150000000000000000e+02 5.100000000000000000e+01 0.000000000000000000e+00 1.600000000000000089e+00 -6.499999999999999431e-05 3.840999999999999796e-03 9.999930000000000208e-01 8.453640000000000043e-01 -5.341869999999999674e-01 2.106999999999999932e-03 5.341909999999999714e-01 8.453580000000000538e-01 -3.212000000000000011e-03
6.000000000000000000e+00 7.000000000000000000e+00 5.200000000000000000e+01 0.000000000000000000e+00 1.600000000000000089e+00 -1.700000000000000122e-04 -1.430999999999999980e-03 -9.999989999999999712e-01 9.526300000000000046e-02 -9.954509999999999748e-01 1.407999999999999963e-03 -9.954520000000000035e-01 -9.526300000000000046e-02 3.060000000000000111e-04
9.000000000000000000e+00 6.300000000000000000e+01 5.400000000000000000e+01 0.000000000000000000e+00 1.600000000000000089e+00 -1.227999999999999925e-03 1.546000000000000065e-03 9.999980000000000535e-01 -3.405969999999999831e-01 9.402070000000000149e-01 -1.871999999999999966e-03 -9.402080000000000437e-01 -3.405989999999999851e-01 -6.279999999999999775e-04
1.400000000000000000e+01 6.300000000000000000e+01 5.400000000000000000e+01 0.000000000000000000e+00 1.600000000000000089e+00 -1.097000000000000102e-03 1.505999999999999960e-03 9.999980000000000535e-01 -3.381759999999999766e-01 9.410809999999999453e-01 -1.788000000000000093e-03 -9.410819999999999741e-01 -3.381779999999999786e-01 -5.240000000000000517e-04
2.100000000000000000e+01 6.300000000000000000e+01 5.400000000000000000e+01 0.000000000000000000e+00 1.600000000000000089e+00 2.952000000000000197e-03 5.259999999999999919e-03 9.999820000000000375e-01 -3.379369999999999874e-01 9.411599999999999966e-01 -3.952999999999999917e-03 -9.411640000000000006e-01 -3.379190000000000249e-01 4.556000000000000154e-03
2.800000000000000000e+01 6.300000000000000000e+01 5.400000000000000000e+01 0.000000000000000000e+00 1.600000000000000089e+00 -4.020000000000000136e-04 -3.138999999999999863e-03 9.999949999999999672e-01 -3.479740000000000055e-01 9.375000000000000000e-01 2.802999999999999936e-03 -9.375040000000000040e-01 -3.479709999999999748e-01 -1.469999999999999953e-03
5.000000000000000000e+00 2.500000000000000000e+01 5.500000000000000000e+01 0.000000000000000000e+00 1.600000000000000089e+00 6.909999999999999910e-04 -2.782999999999999884e-03 -9.999959999999999960e-01 -1.394199999999999953e-02 -9.998989999999999823e-01 2.772999999999999857e-03 -9.999029999999999863e-01 1.393999999999999927e-02 -7.290000000000000473e-04
1.100000000000000000e+01 2.500000000000000000e+01 5.500000000000000000e+01 0.000000000000000000e+00 1.600000000000000089e+00 9.529999999999999626e-04 3.184000000000000198e-03 -9.999949999999999672e-01 -1.305899999999999943e-02 -9.999099999999999655e-01 -3.197000000000000189e-03 -9.999139999999999695e-01 1.306200000000000069e-02 -9.110000000000000259e-04
1.900000000000000000e+01 2.500000000000000000e+01 5.500000000000000000e+01 0.000000000000000000e+00 1.600000000000000089e+00 -2.056000000000000102e-03 -1.861999999999999940e-03 -9.999959999999999960e-01 -1.338699999999999959e-02 -9.999090000000000478e-01 1.889000000000000054e-03 -9.999080000000000190e-01 1.339100000000000013e-02 2.030999999999999819e-03
2.300000000000000000e+01 2.500000000000000000e+01 5.500000000000000000e+01 0.000000000000000000e+00 1.600000000000000089e+00 1.129999999999999928e-03 1.580999999999999940e-03 -9.999980000000000535e-01 -1.203300000000000029e-02 -9.999259999999999815e-01 -1.593999999999999931e-03 -9.999270000000000103e-01 1.203500000000000056e-02 -1.110000000000000092e-03
2.900000000000000000e+01 2.500000000000000000e+01 5.500000000000000000e+01 0.000000000000000000e+00 1.600000000000000089e+00 1.659000000000000101e-03 3.474000000000000091e-03 -9.999930000000000208e-01 -1.124400000000000052e-02 -9.999310000000000143e-01 -3.493000000000000011e-03 -9.999350000000000183e-01 1.124900000000000032e-02 -1.619999999999999912e-03
9.000000000000000000e+00 2.100000000000000000e+01 6.000000000000000000e+01 0.000000000000000000e+00 1.600000000000000089e+00 -1.227000000000000009e-03 3.396000000000000147e-03 9.999940000000000495e-01 -9.413900000000000046e-02 9.955530000000000213e-01 -3.495999999999999976e-03 -9.955580000000000540e-01 -9.414300000000000446e-02 -9.020000000000000240e-04
1.800000000000000000e+01 2.100000000000000000e+01 6.000000000000000000e+01 0.000000000000000000e+00 1.600000000000000089e+00 5.240000000000000517e-04 -2.750000000000000166e-04 1.000000000000000000e+00 -9.332300000000000317e-02 9.956359999999999655e-01 3.229999999999999907e-04 -9.956359999999999655e-01 -9.332300000000000317e-02 4.960000000000000216e-04
2.300000000000000000e+01 2.100000000000000000e+01 6.000000000000000000e+01 0.000000000000000000e+00 1.600000000000000089e+00 -1.690000000000000096e-03 4.152999999999999574e-03 9.999900000000000455e-01 -9.517599999999999671e-02 9.954509999999999748e-01 -4.295000000000000207e-03 -9.954589999999999828e-01 -9.518300000000000372e-02 -1.286999999999999950e-03
2.600000000000000000e+01 6.700000000000000000e+01 6.000000000000000000e+01 0.000000000000000000e+00 1.600000000000000089e+00 2.161000000000000160e-03 2.311000000000000120e-03 9.999949999999999672e-01 1.746040000000000092e-01 -9.846369999999999845e-01 1.897999999999999948e-03 9.846359999999999557e-01 1.745990000000000042e-01 -2.531999999999999963e-03
3.000000000000000000e+01 6.700000000000000000e+01 6.000000000000000000e+01 0.000000000000000000e+00 1.600000000000000089e+00 5.939999999999999968e-03 2.922000000000000118e-03 9.999780000000000335e-01 1.699460000000000137e-01 -9.854519999999999946e-01 1.869999999999999917e-03 9.854349999999999499e-01 1.699309999999999987e-01 -6.349999999999999742e-03
1.700000000000000000e+01 3.000000000000000000e+00 6.300000000000000000e+01 0.000000000000000000e+00 1.600000000000000089e+00 -1.020000000000000073e-03 3.723000000000000181e-03 9.999930000000000208e-01 -6.113250000000000073e-01 7.913719999999999644e-01 -3.569999999999999823e-03 -7.913790000000000546e-01 -6.113239999999999785e-01 1.469000000000000037e-03
2.000000000000000000e+00 2.700000000000000000e+01 6.300000000000000000e+01 0.000000000000000000e+00 1.600000000000000089e+00 2.811999999999999830e-03 6.899999999999999667e-04 9.999959999999999960e-01 -2.782830000000000026e-01 9.604989999999999917e-01 1.200000000000000030e-04 -9.604949999999999877e-01 -2.782819999999999738e-01 2.893000000000000172e-03
1.000000000000000000e+01 2.700000000000000000e+01 6.300000000000000000e+01 0.000000000000000000e+00 1.600000000000000089e+00 -2.276999999999999944e-03 -2.063999999999999863e-03 9.999949999999999672e-01 -2.779190000000000271e-01 9.606029999999999847e-01 1.350000000000000071e-03 -9.606019999999999559e-01 -2.779150000000000231e-01 -2.760999999999999999e-03
1.400000000000000000e+01 2.700000000000000000e+01 6.300000000000000000e+01 0.000000000000000000e+00 1.600000000000000089e+00 1.049999999999999935e-03 -5.883000000000000208e-03 9.999820000000000375e-01 -2.804459999999999731e-01 9.598520000000000385e-01 5.941000000000000100e-03 -9.598689999999999722e-01 -2.804470000000000018e-01 -6.419999999999999925e-04
2.100000000000000000e+01 2.700000000000000000e+01 6.300000000000000000e+01 0.000000000000000000e+00 1.600000000000000089e+00 -1.177000000000000095e-03 -6.660000000000000338e-04 9.999989999999999712e-01 -2.820570000000000022e-01 9.593979999999999730e-01 3.069999999999999812e-04 -9.593970000000000553e-01 -2.820559999999999734e-01 -1.317000000000000028e-03
2.000000000000000000e+00 2.600000000000000000e+01 6.400000000000000000e+01 0.000000000000000000e+00 1.600000000000000089e+00 2.955000000000000161e-03 -4.429999999999999802e-04 9.999959999999999960e-01 -3.667719999999999869e-01 9.303099999999999703e-01 1.495999999999999934e-03 -9.303059999999999663e-01 -3.667750000000000177e-01 2.586999999999999890e-03
8.000000000000000000e+00 2.600000000000000000e+01 6.400000000000000000e+01 0.000000000000000000e+00 1.600000000000000089e+00 -2.660000000000000146e-04 -5.710000000000000015e-04 1.000000000000000000e+00 -3.651030000000000109e-01 9.309669999999999890e-01 4.350000000000000026e-04 -9.309669999999999890e-01 -3.651030000000000109e-01 -4.560000000000000251e-04
1.600000000000000000e+01 2.600000000000000000e+01 6.400000000000000000e+01 0.000000000000000000e+00 1.600000000000000089e+00 3.668999999999999952e-03 -6.462999999999999995e-03 9.999719999999999720e-01 -3.725640000000000063e-01 9.279770000000000518e-01 7.365000000000000019e-03 -9.279990000000000183e-01 -3.725809999999999955e-01 9.970000000000000563e-04
2.000000000000000000e+01 2.600000000000000000e+01 6.400000000000000000e+01 0.000000000000000000e+00 1.600000000000000089e+00 -7.709999999999999840e-04 -3.220000000000000206e-03 9.999949999999999672e-01 -3.729310000000000125e-01 9.278549999999999853e-01 2.700000000000000143e-03 -9.278589999999999893e-01 -3.729270000000000085e-01 -1.915999999999999951e-03
2.400000000000000000e+01 2.600000000000000000e+01 6.400000000000000000e+01 0.000000000000000000e+00 1.600000000000000089e+00 -2.559999999999999884e-04 -2.945999999999999834e-03 9.999959999999999960e-01 -3.680519999999999903e-01 9.298009999999999886e-01 2.645000000000000216e-03 -9.298049999999999926e-01 -3.680499999999999883e-01 -1.322000000000000041e-03
