2.000000000000000000e+00 1.600000000000000000e+01 4.000000000000000000e+00 0.000000000000000000e+00 1.600000000000000089e+00 -2.895000000000000004e-03 1.096300000000000052e-02 9.999360000000000470e-01 3.245319999999999871e-01 -9.458069999999999533e-01 1.130899999999999961e-02 9.458699999999999886e-01 3.245439999999999992e-01 -8.199999999999999824e-04
1.200000000000000000e+01 1.600000000000000000e+01 4.000000000000000000e+00 0.000000000000000000e+00 1.600000000000000089e+00 -3.629999999999999872e-04 9.684999999999999165e-03 9.999529999999999808e-01 3.222400000000000264e-01 -9.466120000000000090e-01 9.286000000000000851e-03 9.466579999999999995e-01 3.222289999999999877e-01 -2.776999999999999955e-03
2.100000000000000000e+01 1.600000000000000000e+01 4.000000000000000000e+00 0.000000000000000000e+00 1.600000000000000089e+00 -2.271000000000000015e-03 5.465000000000000240e-03 9.999820000000000375e-01 3.230979999999999963e-01 -9.463470000000000493e-01 5.905999999999999792e-03 9.463629999999999542e-01 3.231060000000000043e-01 3.840000000000000097e-04
2.500000000000000000e+01 1.600000000000000000e+01 4.000000000000000000e+00 0.000000000000000000e+00 1.600000000000000089e+00 1.108000000000000044e-03 1.107499999999999978e-02 9.999379999999999935e-01 3.256689999999999863e-01 -9.454299999999999926e-01 1.010999999999999920e-02 9.454829999999999623e-01 3.256370000000000098e-01 -4.654000000000000151e-03
2.800000000000000000e+01 1.010000000000000000e+02 7.000000000000000000e+00 0.000000000000000000e+00 1.600000000000000089e+00 2.279000000000000210e-03 -2.053000000000000137e-03 9.999949999999999672e-01 8.902759999999999563e-01 4.554210000000000202e-01 -1.093999999999999920e-03 -4.554159999999999875e-01 8.902740000000000098e-01 2.866000000000000058e-03
3.000000000000000000e+00 2.600000000000000000e+01 8.000000000000000000e+00 0.000000000000000000e+00 1.600000000000000089e+00 -5.002999999999999635e-03 -1.975899999999999879e-02 -9.997920000000000140e-01 4.235180000000000056e-01 9.056669999999999998e-01 -2.001800000000000107e-02 9.058739999999999570e-01 -4.235300000000000176e-01 3.837000000000000133e-03
6.000000000000000000e+00 2.600000000000000000e+01 8.000000000000000000e+00 0.000000000000000000e+00 1.600000000000000089e+00 -5.689999999999999745e-03 -2.187800000000000161e-02 -9.997439999999999660e-01 4.253259999999999819e-01 9.047669999999999879e-01 -2.222000000000000017e-02 9.050219999999999931e-01 -4.253439999999999999e-01 4.157000000000000105e-03
1.000000000000000000e+01 2.600000000000000000e+01 8.000000000000000000e+00 0.000000000000000000e+00 1.600000000000000089e+00 -3.997999999999999818e-03 -3.409999999999999837e-03 -9.999860000000000415e-01 4.282799999999999940e-01 9.036330000000000195e-01 -4.793000000000000385e-03 9.036370000000000235e-01 -4.282929999999999793e-01 -2.152999999999999966e-03
1.500000000000000000e+01 2.600000000000000000e+01 8.000000000000000000e+00 0.000000000000000000e+00 1.600000000000000089e+00 -2.273999999999999980e-03 -9.903000000000000344e-03 -9.999479999999999480e-01 4.272029999999999994e-01 9.041010000000000435e-01 -9.926000000000000795e-03 9.041529999999999845e-01 -4.272039999999999726e-01 2.174999999999999850e-03
1.900000000000000000e+01 2.600000000000000000e+01 8.000000000000000000e+00 0.000000000000000000e+00 1.600000000000000089e+00 -3.102000000000000157e-03 -1.488300000000000040e-02 -9.998839999999999950e-01 4.272699999999999831e-01 9.040030000000000010e-01 -1.478100000000000074e-02 9.041190000000000060e-01 -4.272670000000000079e-01 3.555000000000000000e-03
2.500000000000000000e+01 2.600000000000000000e+01 8.000000000000000000e+00 0.000000000000000000e+00 1.600000000000000089e+00 -2.142999999999999940e-03 -6.710999999999999951e-03 -9.999749999999999472e-01 4.289850000000000052e-01 9.032850000000000046e-01 -6.981000000000000226e-03 9.033090000000000286e-01 -4.289890000000000092e-01 9.439999999999999607e-04
4.000000000000000000e+00 1.400000000000000000e+01 9.000000000000000000e+00 0.000000000000000000e+00 1.600000000000000089e+00 6.768999999999999843e-03 1.505399999999999967e-02 -9.998639999999999750e-01 -5.574249999999999483e-01 -8.300680000000000280e-01 -1.627199999999999827e-02 -8.302000000000000490e-01 5.574590000000000378e-01 2.772999999999999857e-03
7.000000000000000000e+00 1.400000000000000000e+01 9.000000000000000000e+00 0.000000000000000000e+00 1.600000000000000089e+00 6.471000000000000189e-03 1.651400000000000090e-02 -9.998430000000000373e-01 -5.559669999999999890e-01 -8.310239999999999849e-01 -1.732399999999999912e-02 -8.311790000000000012e-01 5.559920000000000417e-01 3.802999999999999957e-03
1.100000000000000000e+01 1.400000000000000000e+01 9.000000000000000000e+00 0.000000000000000000e+00 1.600000000000000089e+00 5.398000000000000020e-03 1.178500000000000034e-02 -9.999160000000000270e-01 -5.546240000000000059e-01 -8.320020000000000193e-01 -1.280000000000000061e-02 -8.320830000000000171e-01 5.546470000000000011e-01 2.044999999999999943e-03
1.500000000000000000e+01 1.400000000000000000e+01 9.000000000000000000e+00 0.000000000000000000e+00 1.600000000000000089e+00 2.449999999999999921e-03 3.092999999999999829e-03 -9.999919999999999920e-01 -5.551300000000000123e-01 -8.317539999999999933e-01 -3.932999999999999864e-03 -8.317600000000000549e-01 5.551350000000000451e-01 -3.209999999999999963e-04
4.000000000000000000e+00 3.100000000000000000e+01 1.200000000000000000e+01 0.000000000000000000e+00 1.600000000000000089e+00 -1.099999999999999971e-05 3.510000000000000208e-04 1.000000000000000000e+00 1.438399999999999922e-02 9.998960000000000070e-01 -3.510000000000000208e-04 -9.998970000000000358e-01 1.438399999999999922e-02 -1.599999999999999928e-05
9.000000000000000000e+00 3.100000000000000000e+01 1.200000000000000000e+01 0.000000000000000000e+00 1.600000000000000089e+00 7.020000000000000415e-04 4.560000000000000251e-04 1.000000000000000000e+00 1.457199999999999988e-02 9.998939999999999495e-01 -4.659999999999999971e-04 -9.998939999999999495e-01 1.457299999999999915e-02 6.949999999999999798e-04
2.200000000000000000e+01 3.100000000000000000e+01 1.200000000000000000e+01 0.000000000000000000e+00 1.600000000000000089e+00 2.770000000000000110e-04 -4.199999999999999768e-05 1.000000000000000000e+00 1.740399999999999933e-02 9.998489999999999878e-01 3.699999999999999811e-05 -9.998479999999999590e-01 1.740399999999999933e-02 2.779999999999999811e-04
3.000000000000000000e+01 3.100000000000000000e+01 1.200000000000000000e+01 0.000000000000000000e+00 1.600000000000000089e+00 -8.189999999999999581e-04 -2.429999999999999977e-04 1.000000000000000000e+00 1.780500000000000138e-02 9.998409999999999798e-01 2.570000000000000127e-04 -9.998409999999999798e-01 1.780500000000000138e-02 -8.149999999999999693e-04
2.500000000000000000e+01 3.200000000000000000e+01 1.400000000000000000e+01 0.000000000000000000e+00 1.600000000000000089e+00 1.067000000000000023e-03 1.933999999999999955e-03 -9.999980000000000535e-01 1.267060000000000131e-01 9.919379999999999864e-01 2.053999999999999836e-03 9.919400000000000439e-01 -1.267079999999999873e-01 8.130000000000000291e-04
5.000000000000000000e+00 1.200000000000000000e+01 1.500000000000000000e+01 0.000000000000000000e+00 1.600000000000000089e+00 5.092000000000000172e-03 4.395999999999999734e-03 -9.999770000000000048e-01 -4.681480000000000086e-01 -8.836279999999999690e-01 -6.269000000000000267e-03 -8.836349999999999483e-01 4.681690000000000018e-01 -2.442000000000000160e-03
1.200000000000000000e+01 1.160000000000000000e+02 1.600000000000000000e+01 0.000000000000000000e+00 1.600000000000000089e+00 -1.691000000000000012e-03 -2.356000000000000021e-03 9.999959999999999960e-01 7.016160000000000174e-01 7.125489999999999879e-01 2.864999999999999925e-03 -7.125529999999999919e-01 7.016179999999999639e-01 4.479999999999999933e-04
1.600000000000000000e+01 1.160000000000000000e+02 1.600000000000000000e+01 0.000000000000000000e+00 1.600000000000000089e+00 -8.970000000000000109e-04 -6.639999999999999852e-04 9.999989999999999712e-01 6.774839999999999751e-01 7.355369999999999964e-01 1.095999999999999969e-03 -7.355369999999999964e-01 6.774839999999999751e-01 -2.100000000000000087e-04
1.900000000000000000e+01 1.160000000000000000e+02 1.600000000000000000e+01 0.000000000000000000e+00 1.600000000000000089e+00 7.169999999999999724e-04 8.940000000000000464e-04 9.999989999999999712e-01 6.721089999999999565e-01 7.404519999999999991e-01 -1.144000000000000052e-03 -7.404519999999999991e-01 6.721089999999999565e-01 -6.999999999999999387e-05
2.700000000000000000e+01 1.160000000000000000e+02 1.600000000000000000e+01 0.000000000000000000e+00 1.600000000000000089e+00 1.621999999999999961e-03 -1.680000000000000070e-03 9.999970000000000248e-01 6.885930000000000106e-01 7.251480000000000148e-01 1.010000000000000020e-04 -7.251459999999999573e-01 6.885909999999999531e-01 2.333000000000000004e-03
6.000000000000000000e+00 2.000000000000000000e+00 1.900000000000000000e+01 0.000000000000000000e+00 1.600000000000000089e+00 -1.850000000000000082e-03 1.015000000000000060e-03 -9.999980000000000535e-01 1.683630000000000126e-01 -9.857240000000000446e-01 -1.312000000000000015e-03 -9.857230000000000159e-01 -1.683649999999999869e-01 1.652999999999999955e-03
1.000000000000000000e+01 2.000000000000000000e+00 1.900000000000000000e+01 0.000000000000000000e+00 1.600000000000000089e+00 -1.064000000000000059e-03 4.375999999999999682e-03 -9.999900000000000455e-01 1.607520000000000060e-01 -9.869850000000000012e-01 -4.490000000000000067e-03 -9.869940000000000380e-01 -1.607550000000000090e-01 3.469999999999999777e-04
1.500000000000000000e+01 2.000000000000000000e+00 1.900000000000000000e+01 0.000000000000000000e+00 1.600000000000000089e+00 3.282999999999999894e-03 2.030000000000000012e-04 -9.999949999999999672e-01 1.601819999999999911e-01 -9.870870000000000477e-01 3.260000000000000094e-04 -9.870820000000000149e-01 -1.601819999999999911e-01 -3.272999999999999868e-03
1.800000000000000000e+01 2.000000000000000000e+00 1.900000000000000000e+01 0.000000000000000000e+00 1.600000000000000089e+00 2.910999999999999959e-03 -1.804999999999999964e-03 -9.999940000000000495e-01 1.613860000000000017e-01 -9.868890000000000162e-01 2.250999999999999963e-03 -9.868869999999999587e-01 -1.613920000000000077e-01 -2.580999999999999961e-03
2.300000000000000000e+01 2.000000000000000000e+00 1.900000000000000000e+01 0.000000000000000000e+00 1.600000000000000089e+00 -6.989999999999999686e-04 -8.866999999999999882e-03 -9.999599999999999600e-01 1.622170000000000001e-01 -9.867169999999999552e-01 8.635999999999999580e-03 -9.867550000000000487e-01 -1.622039999999999871e-01 2.128999999999999816e-03
2.900000000000000000e+01 2.000000000000000000e+00 1.900000000000000000e+01 0.000000000000000000e+00 1.600000000000000089e+00 -1.131000000000000061e-03 3.690000000000000246e-04 -9.999989999999999712e-01 1.618529999999999969e-01 -9.868149999999999977e-01 -5.469999999999999602e-04 -9.868139999999999690e-01 -1.618529999999999969e-01 1.056999999999999997e-03
2.000000000000000000e+00 1.300000000000000000e+01 2.000000000000000000e+01 0.000000000000000000e+00 1.600000000000000089e+00 -8.769999999999999584e-04 -5.994000000000000196e-03 9.999820000000000375e-01 2.637749999999999817e-01 9.645650000000000057e-01 6.013000000000000116e-03 -9.645839999999999970e-01 2.637760000000000105e-01 7.349999999999999763e-04
1.100000000000000000e+01 1.300000000000000000e+01 2.000000000000000000e+01 0.000000000000000000e+00 1.600000000000000089e+00 9.899999999999999404e-05 -1.871000000000000050e-03 9.999980000000000535e-01 2.608170000000000210e-01 9.653869999999999951e-01 1.779999999999999898e-03 -9.653880000000000239e-01 2.608159999999999923e-01 5.829999999999999679e-04
1.700000000000000000e+01 1.300000000000000000e+01 2.000000000000000000e+01 0.000000000000000000e+00 1.600000000000000089e+00 1.077999999999999965e-03 -2.609000000000000208e-03 9.999959999999999960e-01 2.620580000000000132e-01 9.650499999999999634e-01 2.236000000000000140e-03 -9.650520000000000209e-01 2.620540000000000092e-01 1.724000000000000055e-03
2.200000000000000000e+01 1.300000000000000000e+01 2.000000000000000000e+01 0.000000000000000000e+00 1.600000000000000089e+00 9.730000000000000151e-04 9.070000000000000371e-04 9.999989999999999712e-01 2.622289999999999899e-01 9.650050000000000017e-01 -1.131000000000000061e-03 -9.650050000000000017e-01 2.622300000000000186e-01 7.010000000000000172e-04
2.600000000000000000e+01 1.300000000000000000e+01 2.000000000000000000e+01 0.000000000000000000e+00 1.600000000000000089e+00 4.850000000000000253e-04 3.157000000000000084e-03 9.999949999999999672e-01 2.611280000000000268e-01 9.652990000000000181e-01 -3.174000000000000172e-03 -9.653040000000000509e-01 2.611290000000000000e-01 -3.559999999999999797e-04
1.100000000000000000e+01 1.600000000000000000e+01 2.100000000000000000e+01 0.000000000000000000e+00 1.600000000000000089e+00 6.610000000000000207e-04 4.180000000000000230e-04 1.000000000000000000e+00 2.990099999999999980e-01 9.542500000000000426e-01 -5.959999999999999586e-04 -9.542500000000000426e-01 2.990110000000000268e-01 5.060000000000000478e-04
1.900000000000000000e+01 1.600000000000000000e+01 2.100000000000000000e+01 0.000000000000000000e+00 1.600000000000000089e+00 6.359999999999999551e-04 -1.461999999999999975e-03 9.999989999999999712e-01 2.978390000000000204e-01 9.546160000000000201e-01 1.206000000000000041e-03 -9.546160000000000201e-01 2.978370000000000184e-01 1.043000000000000090e-03
2.300000000000000000e+01 1.600000000000000000e+01 2.100000000000000000e+01 0.000000000000000000e+00 1.600000000000000089e+00 1.649999999999999991e-04 1.858000000000000059e-03 9.999980000000000535e-01 2.956230000000000246e-01 9.553030000000000133e-01 -1.824000000000000100e-03 -9.553049999999999597e-01 2.956219999999999959e-01 -3.910000000000000172e-04
2.700000000000000000e+01 1.600000000000000000e+01 2.100000000000000000e+01 0.000000000000000000e+00 1.600000000000000089e+00 2.400000000000000061e-05 6.939999999999999555e-04 1.000000000000000000e+00 2.942719999999999780e-01 9.557219999999999605e-01 -6.700000000000000226e-04 -9.557219999999999605e-01 2.942719999999999780e-01 -1.820000000000000057e-04
2.300000000000000000e+01 4.600000000000000000e+01 2.700000000000000000e+01 0.000000000000000000e+00 1.600000000000000089e+00 1.098999999999999934e-03 1.611000000000000019e-03 -9.999980000000000535e-01 6.885780000000000234e-01 7.251600000000000268e-01 1.925000000000000062e-03 7.251609999999999445e-01 -6.885790000000000521e-01 -3.130000000000000187e-04
8.000000000000000000e+00 4.600000000000000000e+01 3.000000000000000000e+01 0.000000000000000000e+00 1.600000000000000089e+00 5.500000000000000196e-05 -4.640000000000000027e-04 -1.000000000000000000e+00 3.367839999999999723e-01 9.415820000000000300e-01 -4.189999999999999931e-04 9.415820000000000300e-01 -3.367839999999999723e-01 2.079999999999999872e-04
3.000000000000000000e+01 4.600000000000000000e+01 3.000000000000000000e+01 0.000000000000000000e+00 1.600000000000000089e+00 1.026000000000000002e-03 -5.079999999999999880e-04 -9.999989999999999712e-01 3.334260000000000002e-01 9.427759999999999474e-01 -1.369999999999999961e-04 9.427759999999999474e-01 -3.334250000000000269e-01 1.136999999999999990e-03
9.000000000000000000e+00 5.800000000000000000e+01 3.100000000000000000e+01 0.000000000000000000e+00 1.600000000000000089e+00 -1.701000000000000038e-03 2.049999999999999956e-04 9.999989999999999712e-01 -7.981549999999999478e-01 -6.024509999999999588e-01 -1.234000000000000071e-03 6.024500000000000410e-01 -7.981559999999999766e-01 1.188000000000000037e-03
1.400000000000000000e+01 5.800000000000000000e+01 3.100000000000000000e+01 0.000000000000000000e+00 1.600000000000000089e+00 1.420000000000000092e-04 5.770000000000000389e-04 1.000000000000000000e+00 -7.968399999999999928e-01 -6.041900000000000048e-01 4.620000000000000083e-04 6.041900000000000048e-01 -7.968399999999999928e-01 3.739999999999999835e-04
2.000000000000000000e+01 5.800000000000000000e+01 3.100000000000000000e+01 0.000000000000000000e+00 1.600000000000000089e+00 -1.023000000000000038e-03 -8.399999999999999535e-05 9.999989999999999712e-01 -7.980620000000000491e-01 -6.025749999999999718e-01 -8.670000000000000406e-04 6.025740000000000540e-01 -7.980629999999999669e-01 5.490000000000000088e-04
2.500000000000000000e+01 5.800000000000000000e+01 3.100000000000000000e+01 0.000000000000000000e+00 1.600000000000000089e+00 -3.539999999999999853e-04 -3.167999999999999809e-03 9.999949999999999672e-01 -7.974329999999999474e-01 -6.034040000000000514e-01 -2.194000000000000204e-03 6.034070000000000267e-01 -7.974299999999999722e-01 -2.312999999999999952e-03
1.600000000000000000e+01 3.200000000000000000e+01 3.300000000000000000e+01 0.000000000000000000e+00 1.600000000000000089e+00 2.000000000000000042e-03 1.997000000000000077e-03 9.999959999999999960e-01 -2.691890000000000116e-01 9.630859999999999976e-01 -1.384999999999999946e-03 -9.630849999999999689e-01 -2.691850000000000076e-01 2.462999999999999912e-03
2.000000000000000000e+00 4.600000000000000000e+01 3.500000000000000000e+01 0.000000000000000000e+00 1.600000000000000089e+00 -2.519999999999999996e-04 -2.742000000000000080e-03 -9.999959999999999960e-01 3.902240000000000153e-01 -9.207170000000000076e-01 2.426000000000000205e-03 -9.207199999999999829e-01 -3.902220000000000133e-01 1.301999999999999989e-03
9.000000000000000000e+00 4.600000000000000000e+01 3.500000000000000000e+01 0.000000000000000000e+00 1.600000000000000089e+00 4.169999999999999987e-04 2.638000000000000154e-03 -9.999959999999999960e-01 3.909850000000000270e-01 -9.203940000000000454e-01 -2.265000000000000086e-03 -9.203970000000000207e-01 -3.909830000000000250e-01 -1.415000000000000025e-03
1.700000000000000000e+01 4.600000000000000000e+01 3.500000000000000000e+01 0.000000000000000000e+00 1.600000000000000089e+00 9.179999999999999792e-04 -5.733000000000000249e-03 -9.999829999999999552e-01 3.901680000000000148e-01 -9.207269999999999621e-01 5.636000000000000384e-03 -9.207429999999999781e-01 -3.901660000000000128e-01 1.392000000000000008e-03
2.100000000000000000e+01 4.600000000000000000e+01 3.500000000000000000e+01 0.000000000000000000e+00 1.600000000000000089e+00 2.239999999999999966e-04 -6.719999999999999628e-04 -1.000000000000000000e+00 3.893880000000000119e-01 -9.210739999999999483e-01 7.060000000000000303e-04 -9.210739999999999483e-01 -3.893880000000000119e-01 5.599999999999999916e-05
2.700000000000000000e+01 4.600000000000000000e+01 3.500000000000000000e+01 0.000000000000000000e+00 1.600000000000000089e+00 4.029999999999999837e-04 -2.569999999999999802e-03 -9.999970000000000248e-01 3.867329999999999934e-01 -9.221880000000000077e-01 2.526000000000000034e-03 -9.221920000000000117e-01 -3.867329999999999934e-01 6.220000000000000485e-04
3.000000000000000000e+00 9.500000000000000000e+01 3.600000000000000000e+01 0.000000000000000000e+00 1.600000000000000089e+00 8.580000000000000387e-04 1.549500000000000009e-02 9.998799999999999910e-01 9.967840000000000034e-01 8.010399999999999465e-02 -2.096999999999999906e-03 -8.012700000000000378e-02 9.966660000000000519e-01 -1.537600000000000078e-02
7.000000000000000000e+00 9.500000000000000000e+01 3.600000000000000000e+01 0.000000000000000000e+00 1.600000000000000089e+00 -8.450000000000000479e-04 -9.490000000000000172e-03 9.999550000000000383e-01 9.972360000000000113e-01 7.427699999999999581e-02 1.547999999999999897e-03 -7.428899999999999393e-02 9.971919999999999673e-01 9.400999999999999635e-03
1.000000000000000000e+01 9.500000000000000000e+01 3.600000000000000000e+01 0.000000000000000000e+00 1.600000000000000089e+00 -3.027000000000000177e-03 -2.520100000000000118e-02 9.996779999999999555e-01 9.972739999999999938e-01 7.362900000000000000e-02 4.876000000000000126e-03 -7.372800000000000187e-02 9.969670000000000476e-01 2.490900000000000059e-02
1.300000000000000000e+01 9.500000000000000000e+01 3.600000000000000000e+01 0.000000000000000000e+00 1.600000000000000089e+00 -2.138999999999999842e-03 -1.842399999999999941e-02 9.998280000000000500e-01 9.973090000000000011e-01 7.323300000000000642e-02 3.482999999999999985e-03 -7.328500000000000292e-02 9.971449999999999481e-01 1.821700000000000055e-02
1.800000000000000000e+01 9.500000000000000000e+01 3.600000000000000000e+01 0.000000000000000000e+00 1.600000000000000089e+00 -1.257000000000000088e-03 3.980000000000000031e-03 9.999909999999999632e-01 9.970390000000000086e-01 7.688599999999999601e-02 9.470000000000000336e-04 -7.688100000000000489e-02 9.970320000000000293e-01 -4.065000000000000037e-03
2.100000000000000000e+01 9.500000000000000000e+01 3.600000000000000000e+01 0.000000000000000000e+00 1.600000000000000089e+00 -2.199999999999999943e-05 6.592999999999999902e-03 9.999780000000000335e-01 9.968390000000000306e-01 7.945000000000000673e-02 -5.019999999999999506e-04 -7.945099999999999385e-02 9.968169999999999531e-01 -6.573999999999999982e-03
4.000000000000000000e+00 3.000000000000000000e+00 4.300000000000000000e+01 0.000000000000000000e+00 1.600000000000000089e+00 1.284999999999999901e-03 8.085000000000000173e-03 -9.999670000000000503e-01 7.390290000000000470e-01 -6.736579999999999790e-01 -4.497000000000000129e-03 -6.736720000000000486e-01 -7.389989999999999615e-01 -6.839999999999999726e-03
9.000000000000000000e+00 3.000000000000000000e+00 4.300000000000000000e+01 0.000000000000000000e+00 1.600000000000000089e+00 -2.733999999999999885e-03 -6.241000000000000020e-03 -9.999770000000000048e-01 7.388559999999999572e-01 -6.738589999999999858e-01 2.184999999999999876e-03 -6.738570000000000393e-01 -7.388329999999999620e-01 6.453000000000000402e-03
1.500000000000000000e+01 3.000000000000000000e+00 4.300000000000000000e+01 0.000000000000000000e+00 1.600000000000000089e+00 1.427000000000000100e-03 9.890000000000000787e-04 -9.999980000000000535e-01 7.357789999999999608e-01 -6.772219999999999906e-01 3.800000000000000209e-04 -6.772200000000000442e-01 -7.357780000000000431e-01 -1.693999999999999976e-03
7.000000000000000000e+00 8.000000000000000000e+00 4.400000000000000000e+01 0.000000000000000000e+00 1.600000000000000089e+00 -2.910000000000000260e-04 1.577000000000000060e-03 9.999989999999999712e-01 -7.874480000000000368e-01 -6.163800000000000390e-01 7.420000000000000380e-04 6.163809999999999567e-01 -7.874470000000000081e-01 1.420999999999999954e-03
1.600000000000000000e+01 8.000000000000000000e+00 4.400000000000000000e+01 0.000000000000000000e+00 1.600000000000000089e+00 -3.800000000000000209e-05 1.399999999999999986e-03 9.999989999999999712e-01 -7.837429999999999675e-01 -6.210839999999999694e-01 8.390000000000000105e-04 6.210849999999999982e-01 -7.837420000000000497e-01 1.121000000000000035e-03
6.000000000000000000e+00 2.900000000000000000e+01 4.400000000000000000e+01 0.000000000000000000e+00 1.600000000000000089e+00 9.359999999999999831e-04 -2.611000000000000040e-03 -9.999959999999999960e-01 6.763449999999999740e-01 7.365829999999999878e-01 -1.289999999999999914e-03 7.365840000000000165e-01 -6.763419999999999987e-01 2.455999999999999850e-03
1.000000000000000000e+01 2.900000000000000000e+01 4.400000000000000000e+01 0.000000000000000000e+00 1.600000000000000089e+00 -3.612000000000000193e-03 -2.919999999999999853e-03 -9.999890000000000168e-01 6.773209999999999509e-01 7.356740000000000501e-01 -4.593999999999999993e-03 7.356789999999999718e-01 -6.773299999999999876e-01 -6.790000000000000245e-04
2.100000000000000000e+01 2.900000000000000000e+01 4.400000000000000000e+01 0.000000000000000000e+00 1.600000000000000089e+00 -1.835000000000000043e-03 3.690000000000000246e-04 -9.999980000000000535e-01 6.561139999999999750e-01 7.546620000000000550e-01 -9.259999999999999568e-04 7.546599999999999975e-01 -6.561139999999999750e-01 -1.626999999999999974e-03
1.400000000000000000e+01 7.000000000000000000e+01 4.700000000000000000e+01 0.000000000000000000e+00 1.600000000000000089e+00 -4.859999999999999954e-04 -3.849999999999999798e-04 -1.000000000000000000e+00 -8.423040000000000527e-01 -5.390030000000000099e-01 6.170000000000000354e-04 -5.390030000000000099e-01 8.423040000000000527e-01 -6.200000000000000270e-05
1.500000000000000000e+01 6.000000000000000000e+00 5.100000000000000000e+01 0.000000000000000000e+00 1.600000000000000089e+00 -1.466000000000000072e-03 -2.269999999999999882e-04 -9.999989999999999712e-01 3.236020000000000008e-01 -9.461929999999999508e-01 -2.599999999999999772e-04 -9.461920000000000330e-01 -3.236020000000000008e-01 1.461000000000000059e-03
1.000000000000000000e+01 1.150000000000000000e+02 5.100000000000000000e+01 0.000000000000000000e+00 1.600000000000000089e+00 -1.814999999999999990e-03 -4.884000000000000320e-03 9.999860000000000415e-01 8.440900000000000070e-01 -5.362000000000000099e-01 -1.087000000000000076e-03 5.361979999999999524e-01 8.440769999999999662e-01 5.095999999999999835e-03
1.800000000000000000e+01 7.000000000000000000e+00 5.200000000000000000e+01 0.000000000000000000e+00 1.600000000000000089e+00 3.563000000000000195e-03 -2.521999999999999936e-03 -9.999909999999999632e-01 8.889099999999999779e-02 -9.960369999999999502e-01 2.827999999999999785e-03 -9.960350000000000037e-01 -8.890099999999999392e-02 -3.324999999999999831e-03
8.000000000000000000e+00 6.300000000000000000e+01 5.400000000000000000e+01 0.000000000000000000e+00 1.600000000000000089e+00 1.742999999999999975e-03 -1.489000000000000089e-03 9.999970000000000248e-01 -3.503319999999999768e-01 9.366229999999999833e-01 2.004999999999999838e-03 -9.366240000000000121e-01 -3.503350000000000075e-01 1.111000000000000008e-03
1.500000000000000000e+01 6.300000000000000000e+01 5.400000000000000000e+01 0.000000000000000000e+00 1.600000000000000089e+00 -6.980000000000000527e-04 -1.000000000000000048e-04 1.000000000000000000e+00 -3.534530000000000172e-01 9.354519999999999502e-01 -1.540000000000000028e-04 -9.354519999999999502e-01 -3.534530000000000172e-01 -6.890000000000000508e-04
2.100000000000000000e+01 6.300000000000000000e+01 5.400000000000000000e+01 0.000000000000000000e+00 1.600000000000000089e+00 4.780000000000000178e-04 3.930000000000000333e-03 9.999919999999999920e-01 -3.556400000000000117e-01 9.346170000000000311e-01 -3.503000000000000037e-03 -9.346229999999999816e-01 -3.556349999999999789e-01 1.845000000000000069e-03
2.400000000000000000e+01 6.300000000000000000e+01 5.400000000000000000e+01 0.000000000000000000e+00 1.600000000000000089e+00 -6.549999999999999833e-04 2.230999999999999910e-03 9.999970000000000248e-01 -3.557009999999999894e-01 9.345970000000000111e-01 -2.318000000000000182e-03 -9.345989999999999576e-01 -3.557020000000000182e-01 1.820000000000000057e-04
2.600000000000000000e+01 6.300000000000000000e+01 5.400000000000000000e+01 0.000000000000000000e+00 1.600000000000000089e+00 -5.670000000000000127e-04 -6.089999999999999494e-04 1.000000000000000000e+00 -3.564129999999999798e-01 9.343280000000000474e-01 3.669999999999999760e-04 -9.343280000000000474e-01 -3.564129999999999798e-01 -7.470000000000000511e-04
2.900000000000000000e+01 6.300000000000000000e+01 5.400000000000000000e+01 0.000000000000000000e+00 1.600000000000000089e+00 6.290000000000000018e-04 -2.239000000000000105e-03 9.999970000000000248e-01 -3.564379999999999771e-01 9.343160000000000354e-01 2.315999999999999916e-03 -9.343190000000000106e-01 -3.564379999999999771e-01 -2.110000000000000059e-04
6.000000000000000000e+00 2.500000000000000000e+01 5.500000000000000000e+01 0.000000000000000000e+00 1.600000000000000089e+00 1.890000000000000133e-04 2.683000000000000055e-03 -9.999959999999999960e-01 -1.072299999999999989e-02 -9.999390000000000223e-01 -2.684000000000000188e-03 -9.999419999999999975e-01 1.072299999999999989e-02 -1.600000000000000131e-04
1.000000000000000000e+01 2.500000000000000000e+01 5.500000000000000000e+01 0.000000000000000000e+00 1.600000000000000089e+00 4.970000000000000459e-04 1.495000000000000018e-03 -9.999989999999999712e-01 -1.126599999999999997e-02 -9.999350000000000183e-01 -1.500000000000000031e-03 -9.999360000000000470e-01 1.126699999999999924e-02 -4.800000000000000122e-04
1.500000000000000000e+01 2.500000000000000000e+01 5.500000000000000000e+01 0.000000000000000000e+00 1.600000000000000089e+00 -4.510000000000000120e-04 -1.525000000000000097e-03 -9.999989999999999712e-01 -1.206499999999999934e-02 -9.999259999999999815e-01 1.529999999999999893e-03 -9.999270000000000103e-01 1.206499999999999934e-02 4.319999999999999838e-04
1.900000000000000000e+01 2.500000000000000000e+01 5.500000000000000000e+01 0.000000000000000000e+00 1.600000000000000089e+00 1.479000000000000063e-03 -2.329999999999999986e-04 -9.999989999999999712e-01 -1.240400000000000010e-02 -9.999230000000000063e-01 2.149999999999999947e-04 -9.999219999999999775e-01 1.240300000000000083e-02 -1.482000000000000027e-03
2.500000000000000000e+01 2.500000000000000000e+01 5.500000000000000000e+01 0.000000000000000000e+00 1.600000000000000089e+00 -3.649999999999999816e-04 -2.079999999999999872e-04 -1.000000000000000000e+00 -1.207599999999999993e-02 -9.999270000000000103e-01 2.120000000000000031e-04 -9.999270000000000103e-01 1.207599999999999993e-02 3.629999999999999872e-04
3.000000000000000000e+00 6.000000000000000000e+00 6.100000000000000000e+01 0.000000000000000000e+00 1.600000000000000089e+00 1.361999999999999929e-03 9.922999999999999529e-03 9.999500000000000055e-01 5.615069999999999784e-01 -8.274390000000000356e-01 7.446999999999999627e-03 8.274709999999999566e-01 5.614679999999999671e-01 -6.699000000000000093e-03
4.000000000000000000e+00 2.700000000000000000e+01 6.300000000000000000e+01 0.000000000000000000e+00 1.600000000000000089e+00 8.869999999999999846e-04 -4.459999999999999989e-04 1.000000000000000000e+00 -2.810949999999999838e-01 9.596799999999999775e-01 6.769999999999999759e-04 -9.596799999999999775e-01 -2.810949999999999838e-01 7.259999999999999743e-04
8.000000000000000000e+00 2.700000000000000000e+01 6.300000000000000000e+01 0.000000000000000000e+00 1.600000000000000089e+00 2.883999999999999845e-03 3.631999999999999812e-03 9.999890000000000168e-01 -2.835280000000000022e-01 9.589600000000000346e-01 -2.664999999999999834e-03 -9.589600000000000346e-01 -2.835170000000000190e-01 3.795999999999999895e-03
1.200000000000000000e+01 2.700000000000000000e+01 6.300000000000000000e+01 0.000000000000000000e+00 1.600000000000000089e+00 2.079000000000000119e-03 2.446999999999999956e-03 9.999949999999999672e-01 -2.846110000000000029e-01 9.586409999999999654e-01 -1.753999999999999917e-03 -9.586409999999999654e-01 -2.846060000000000256e-01 2.690000000000000117e-03
2.000000000000000000e+01 2.700000000000000000e+01 6.300000000000000000e+01 0.000000000000000000e+00 1.600000000000000089e+00 1.817000000000000039e-03 -6.610000000000000207e-04 9.999980000000000535e-01 -2.876819999999999933e-01 9.577250000000000485e-01 1.155999999999999910e-03 -9.577240000000000197e-01 -2.876830000000000220e-01 1.549999999999999946e-03
2.400000000000000000e+01 2.700000000000000000e+01 6.300000000000000000e+01 0.000000000000000000e+00 1.600000000000000089e+00 -5.509999999999999490e-04 5.350999999999999854e-03 9.999860000000000415e-01 -2.908399999999999874e-01 9.567569999999999686e-01 -5.279999999999999971e-03 -9.567719999999999558e-01 -2.908379999999999854e-01 1.028999999999999967e-03
2.900000000000000000e+01 2.700000000000000000e+01 6.300000000000000000e+01 0.000000000000000000e+00 1.600000000000000089e+00 -1.389999999999999960e-03 1.263999999999999933e-03 9.999980000000000535e-01 -2.866920000000000024e-01 9.580210000000000115e-01 -1.608999999999999970e-03 -9.580220000000000402e-01 -2.866940000000000044e-01 -9.690000000000000262e-04
4.000000000000000000e+00 2.600000000000000000e+01 6.400000000000000000e+01 0.000000000000000000e+00 1.600000000000000089e+00 1.435999999999999993e-03 -1.404999999999999999e-03 9.999980000000000535e-01 -3.661690000000000222e-01 9.305470000000000130e-01 1.832999999999999994e-03 -9.305470000000000130e-01 -3.661710000000000242e-01 8.220000000000000310e-04
7.000000000000000000e+00 2.600000000000000000e+01 6.400000000000000000e+01 0.000000000000000000e+00 1.600000000000000089e+00 2.834000000000000147e-03 3.258000000000000045e-03 9.999909999999999632e-01 -3.678660000000000263e-01 9.298769999999999536e-01 -1.987000000000000051e-03 -9.298739999999999783e-01 -3.678569999999999895e-01 3.834000000000000168e-03
1.200000000000000000e+01 2.600000000000000000e+01 6.400000000000000000e+01 0.000000000000000000e+00 1.600000000000000089e+00 2.347000000000000128e-03 1.991999999999999847e-03 9.999949999999999672e-01 -3.689350000000000129e-01 9.294550000000000312e-01 -9.859999999999998974e-04 -9.294519999999999449e-01 -3.689310000000000089e-01 2.916999999999999888e-03
2.000000000000000000e+01 2.600000000000000000e+01 6.400000000000000000e+01 0.000000000000000000e+00 1.600000000000000089e+00 3.720000000000000216e-03 1.356999999999999916e-03 9.999919999999999920e-01 -3.709180000000000255e-01 9.286659999999999915e-01 1.190000000000000058e-04 -9.286579999999999835e-01 -3.709160000000000235e-01 3.957999999999999713e-03
2.400000000000000000e+01 2.600000000000000000e+01 6.400000000000000000e+01 0.000000000000000000e+00 1.600000000000000089e+00 -8.170000000000000179e-04 7.728999999999999759e-03 9.999700000000000255e-01 -3.718400000000000039e-01 9.282669999999999533e-01 -7.479000000000000405e-03 -9.282970000000000388e-01 -3.718350000000000266e-01 2.115999999999999825e-03
2.800000000000000000e+01 2.600000000000000000e+01 6.400000000000000000e+01 0.000000000000000000e+00 1.600000000000000089e+00 -2.720000000000000195e-03 3.488999999999999914e-03 9.999900000000000455e-01 -3.674930000000000141e-01 9.300169999999999826e-01 -4.244999999999999642e-03 -9.300220000000000153e-01 -3.675010000000000221e-01 -1.247000000000000062e-03
6.000000000000000000e+00 6.900000000000000000e+01 6.600000000000000000e+01 0.000000000000000000e+00 1.600000000000000089e+00 4.027000000000000197e-03 -1.766999999999999908e-03 9.999900000000000455e-01 -9.496740000000000181e-01 3.132090000000000152e-01 4.377999999999999947e-03 -3.132139999999999924e-01 -9.496830000000000549e-01 -4.169999999999999987e-04
5.000000000000000000e+00 2.500000000000000000e+01 7.300000000000000000e+01 0.000000000000000000e+00 1.600000000000000089e+00 3.550000000000000096e-04 5.550000000000000462e-04 1.000000000000000000e+00 7.527019999999999822e-01 -6.583609999999999740e-01 9.799999999999999684e-05 6.583609999999999740e-01 7.527019999999999822e-01 -6.509999999999999945e-04
1.100000000000000000e+01 2.500000000000000000e+01 7.300000000000000000e+01 0.000000000000000000e+00 1.600000000000000089e+00 3.060000000000000111e-04 -1.688999999999999963e-03 9.999989999999999712e-01 7.501959999999999740e-01 -6.612139999999999684e-01 -1.345999999999999974e-03 6.612160000000000259e-01 7.501949999999999452e-01 1.064000000000000059e-03
1.500000000000000000e+01 2.500000000000000000e+01 7.300000000000000000e+01 0.000000000000000000e+00 1.600000000000000089e+00 -3.883000000000000167e-03 -2.592000000000000120e-03 9.999890000000000168e-01 7.518960000000000088e-01 -6.592799999999999772e-01 1.211000000000000054e-03 6.592700000000000227e-01 7.518930000000000335e-01 4.508999999999999987e-03
2.800000000000000000e+01 2.500000000000000000e+01 7.300000000000000000e+01 0.000000000000000000e+00 1.600000000000000089e+00 2.905000000000000030e-03 3.900999999999999954e-03 9.999879999999999880e-01 7.594919999999999449e-01 -6.505170000000000119e-01 3.310000000000000225e-04 6.505100000000000326e-01 7.594819999999999904e-01 -4.852000000000000410e-03
4.000000000000000000e+00 4.400000000000000000e+01 7.300000000000000000e+01 0.000000000000000000e+00 1.600000000000000089e+00 2.439999999999999949e-04 -1.069999999999999988e-04 1.000000000000000000e+00 5.210999999999999660e-02 -9.986410000000000009e-01 -1.190000000000000058e-04 9.986410000000000009e-01 5.210999999999999660e-02 -2.380000000000000117e-04
8.000000000000000000e+00 4.400000000000000000e+01 7.300000000000000000e+01 0.000000000000000000e+00 1.600000000000000089e+00 1.309999999999999967e-03 7.600000000000000418e-04 9.999989999999999712e-01 5.329300000000000009e-02 -9.985789999999999944e-01 6.890000000000000508e-04 9.985779999999999657e-01 5.329300000000000009e-02 -1.348999999999999939e-03
1.400000000000000000e+01 4.400000000000000000e+01 7.300000000000000000e+01 0.000000000000000000e+00 1.600000000000000089e+00 1.103000000000000031e-03 4.284999999999999747e-03 9.999900000000000455e-01 5.510999999999999927e-02 -9.984709999999999974e-01 4.218000000000000395e-03 9.984800000000000342e-01 5.510500000000000120e-02 -1.337000000000000081e-03
2.100000000000000000e+01 4.400000000000000000e+01 7.300000000000000000e+01 0.000000000000000000e+00 1.600000000000000089e+00 8.379999999999999862e-04 2.527000000000000166e-03 9.999959999999999960e-01 5.483699999999999686e-02 -9.984920000000000462e-01 2.477000000000000035e-03 9.984950000000000214e-01 5.483500000000000180e-02 -9.749999999999999552e-04
2.500000000000000000e+01 4.400000000000000000e+01 7.300000000000000000e+01 0.000000000000000000e+00 1.600000000000000089e+00 -1.930999999999999991e-03 -8.180000000000000422e-04 9.999980000000000535e-01 5.400300000000000239e-02 -9.985410000000000119e-01 -7.119999999999999593e-04 9.985389999999999544e-01 5.400100000000000039e-02 1.972999999999999927e-03
2.500000000000000000e+01 2.500000000000000000e+01 7.400000000000000000e+01 0.000000000000000000e+00 1.600000000000000089e+00 1.824000000000000100e-03 6.315000000000000301e-03 9.999780000000000335e-01 8.301030000000000353e-01 -5.576069999999999638e-01 2.007000000000000103e-03 5.576069999999999638e-01 8.300809999999999578e-01 -6.258999999999999807e-03
3.000000000000000000e+00 9.900000000000000000e+01 7.500000000000000000e+01 0.000000000000000000e+00 1.600000000000000089e+00 -6.009999999999999717e-04 3.379999999999999758e-04 -1.000000000000000000e+00 -8.860379999999999923e-01 4.636109999999999953e-01 6.890000000000000508e-04 4.636109999999999953e-01 8.860390000000000210e-01 2.099999999999999884e-05
2.100000000000000000e+01 5.100000000000000000e+01 7.600000000000000000e+01 0.000000000000000000e+00 1.600000000000000089e+00 -7.209999999999999612e-04 -3.110000000000000243e-04 -1.000000000000000000e+00 -4.145690000000000208e-01 -9.100179999999999936e-01 5.820000000000000520e-04 -9.100179999999999936e-01 4.145690000000000208e-01 5.270000000000000162e-04
2.800000000000000000e+01 5.100000000000000000e+01 7.600000000000000000e+01 0.000000000000000000e+00 1.600000000000000089e+00 1.302999999999999905e-03 -1.324000000000000090e-03 -9.999980000000000535e-01 -4.114729999999999777e-01 -9.114219999999999544e-01 6.710000000000000469e-04 -9.114210000000000367e-01 4.114720000000000044e-01 -1.732000000000000033e-03
7.000000000000000000e+00 9.100000000000000000e+01 7.600000000000000000e+01 0.000000000000000000e+00 1.600000000000000089e+00 1.859999999999999945e-04 -2.610000000000000015e-04 1.000000000000000000e+00 3.313420000000000254e-01 -9.435109999999999886e-01 -3.080000000000000055e-04 9.435109999999999886e-01 3.313429999999999986e-01 -8.899999999999999491e-05
1.200000000000000000e+01 9.100000000000000000e+01 7.600000000000000000e+01 0.000000000000000000e+00 1.600000000000000089e+00 7.870000000000000476e-04 -2.154999999999999798e-03 9.999970000000000248e-01 3.166209999999999858e-01 -9.485489999999999755e-01 -2.292999999999999899e-03 9.485519999999999508e-01 3.166220000000000145e-01 -6.499999999999999431e-05
1.900000000000000000e+01 9.100000000000000000e+01 7.600000000000000000e+01 0.000000000000000000e+00 1.600000000000000089e+00 -6.470000000000000057e-04 -3.849999999999999798e-04 1.000000000000000000e+00 3.103819999999999912e-01 -9.506120000000000125e-01 -1.649999999999999991e-04 9.506120000000000125e-01 3.103819999999999912e-01 7.339999999999999520e-04
