8.000000000000000000e+00 2.500000000000000000e+01 1.000000000000000000e+00 0.000000000000000000e+00 1.600000000000000089e+00 7.860000000000000667e-03 2.246000000000000080e-02 -9.997169999999999668e-01 -5.168340000000000156e-01 -8.557690000000000019e-01 -2.328900000000000067e-02 -8.560489999999999489e-01 5.168709999999999694e-01 4.882000000000000055e-03
2.100000000000000000e+01 2.500000000000000000e+01 1.000000000000000000e+00 0.000000000000000000e+00 1.600000000000000089e+00 -2.150000000000000001e-03 -7.908000000000000099e-03 -9.999660000000000215e-01 -5.211740000000000261e-01 -8.534140000000000059e-01 7.870000000000000259e-03 -8.534469999999999557e-01 5.211740000000000261e-01 -2.286999999999999970e-03
4.000000000000000000e+00 1.700000000000000000e+01 3.000000000000000000e+00 0.000000000000000000e+00 1.600000000000000089e+00 2.354300000000000143e-02 2.145199999999999885e-02 -9.994929999999999648e-01 -7.098659999999999970e-01 -7.036170000000000480e-01 -3.182299999999999712e-02 -7.039429999999999854e-01 7.102549999999999697e-01 -1.337000000000000081e-03
1.800000000000000000e+01 1.800000000000000000e+01 3.000000000000000000e+00 0.000000000000000000e+00 1.600000000000000089e+00 9.282999999999999585e-03 7.988000000000000309e-03 -9.999249999999999527e-01 -7.769580000000000375e-01 -6.294330000000000203e-01 -1.224100000000000014e-02 -6.294840000000000435e-01 7.770129999999999537e-01 3.629999999999999872e-04
2.000000000000000000e+00 4.200000000000000000e+01 3.000000000000000000e+00 0.000000000000000000e+00 1.600000000000000089e+00 -5.943000000000000504e-01 -5.725219999999999754e-01 5.648229999999999640e-01 -6.609220000000000095e-01 7.478380000000000027e-01 6.261700000000000599e-02 -4.582459999999999867e-01 -3.360909999999999731e-01 -8.228330000000000366e-01
2.200000000000000000e+01 2.100000000000000000e+01 4.000000000000000000e+00 0.000000000000000000e+00 1.600000000000000089e+00 -1.048000000000000103e-03 -3.499999999999999964e-04 -9.999989999999999712e-01 -6.566290000000000182e-01 -7.542130000000000223e-01 9.520000000000000467e-04 -7.542130000000000223e-01 6.566290000000000182e-01 5.609999999999999752e-04
2.500000000000000000e+01 2.100000000000000000e+01 4.000000000000000000e+00 0.000000000000000000e+00 1.600000000000000089e+00 -2.131000000000000082e-03 1.592000000000000099e-03 -9.999959999999999960e-01 -6.571439999999999504e-01 -7.537650000000000183e-01 2.010000000000000068e-04 -7.537620000000000431e-01 6.571430000000000327e-01 2.651999999999999844e-03
2.900000000000000000e+01 2.100000000000000000e+01 4.000000000000000000e+00 0.000000000000000000e+00 1.600000000000000089e+00 -1.917000000000000084e-03 -2.884999999999999978e-03 -9.999940000000000495e-01 -6.565079999999999805e-01 -7.543119999999999825e-01 3.435000000000000119e-03 -7.543170000000000153e-01 6.565100000000000380e-01 -4.479999999999999933e-04
2.000000000000000000e+00 1.010000000000000000e+02 7.000000000000000000e+00 0.000000000000000000e+00 1.600000000000000089e+00 -1.060000000000000016e-04 2.081900000000000070e-02 9.997829999999999773e-01 8.877960000000000296e-01 4.601399999999999935e-01 -9.487999999999999906e-03 -4.602379999999999804e-01 8.876020000000000021e-01 -1.853199999999999986e-02
2.100000000000000000e+01 1.010000000000000000e+02 7.000000000000000000e+00 0.000000000000000000e+00 1.600000000000000089e+00 6.459000000000000331e-03 2.935000000000000109e-02 9.995479999999999920e-01 8.854030000000000511e-01 4.644220000000000015e-01 -1.935900000000000121e-02 -4.647800000000000264e-01 8.851280000000000259e-01 -2.298700000000000049e-02
2.800000000000000000e+01 1.010000000000000000e+02 7.000000000000000000e+00 0.000000000000000000e+00 1.600000000000000089e+00 1.360000000000000098e-03 7.036999999999999852e-03 9.999740000000000295e-01 8.894830000000000236e-01 4.569469999999999921e-01 -4.425000000000000114e-03 -4.569670000000000121e-01 8.894659999999999789e-01 -5.637999999999999783e-03
1.000000000000000000e+00 2.500000000000000000e+01 8.000000000000000000e+00 0.000000000000000000e+00 1.600000000000000089e+00 1.734000000000000081e-03 -9.009999999999999997e-04 -9.999980000000000535e-01 4.380459999999999909e-01 8.989519999999999733e-01 -5.000000000000000240e-05 8.989509999999999446e-01 -4.380450000000000177e-01 1.954000000000000008e-03
6.000000000000000000e+00 2.500000000000000000e+01 8.000000000000000000e+00 0.000000000000000000e+00 1.600000000000000089e+00 -1.500999999999999947e-03 4.453999999999999626e-03 -9.999890000000000168e-01 4.379190000000000027e-01 8.990080000000000293e-01 3.347000000000000149e-03 8.990129999999999511e-01 -4.379089999999999927e-01 -3.299999999999999982e-03
1.000000000000000000e+01 2.500000000000000000e+01 8.000000000000000000e+00 0.000000000000000000e+00 1.600000000000000089e+00 -5.785000000000000211e-03 1.375099999999999933e-02 -9.998890000000000278e-01 4.390780000000000238e-01 8.983950000000000546e-01 9.815000000000000807e-03 8.984299999999999509e-01 -4.389719999999999733e-01 -1.123500000000000019e-02
1.500000000000000000e+01 2.500000000000000000e+01 8.000000000000000000e+00 0.000000000000000000e+00 1.600000000000000089e+00 3.916000000000000210e-03 -2.024099999999999858e-02 -9.997869999999999813e-01 4.417460000000000275e-01 8.969899999999999540e-01 -1.643000000000000016e-02 8.971320000000000405e-01 -4.415870000000000073e-01 1.245399999999999979e-02
1.900000000000000000e+01 2.500000000000000000e+01 8.000000000000000000e+00 0.000000000000000000e+00 1.600000000000000089e+00 1.610000000000000103e-03 -2.084799999999999848e-02 -9.997810000000000308e-01 4.407059999999999866e-01 8.974710000000000187e-01 -1.800500000000000017e-02 8.976499999999999480e-01 -4.405800000000000272e-01 1.063300000000000009e-02
3.000000000000000000e+01 2.500000000000000000e+01 8.000000000000000000e+00 0.000000000000000000e+00 1.600000000000000089e+00 9.110000000000000259e-04 1.045899999999999955e-02 -9.999449999999999728e-01 4.422409999999999952e-01 8.968429999999999458e-01 9.783000000000000029e-03 8.968960000000000266e-01 -4.422249999999999792e-01 -3.808000000000000187e-03
1.000000000000000000e+00 2.400000000000000000e+01 9.000000000000000000e+00 0.000000000000000000e+00 1.600000000000000089e+00 9.330000000000000186e-04 1.500000000000000038e-05 -1.000000000000000000e+00 4.443409999999999860e-01 8.958580000000000432e-01 4.279999999999999950e-04 8.958570000000000144e-01 -4.443409999999999860e-01 8.300000000000000086e-04
6.000000000000000000e+00 2.400000000000000000e+01 9.000000000000000000e+00 0.000000000000000000e+00 1.600000000000000089e+00 -8.279999999999999600e-04 3.380999999999999891e-03 -9.999940000000000495e-01 4.451080000000000036e-01 8.954729999999999634e-01 2.658999999999999905e-03 8.954760000000000497e-01 -4.451039999999999996e-01 -2.246000000000000166e-03
1.000000000000000000e+01 2.400000000000000000e+01 9.000000000000000000e+00 0.000000000000000000e+00 1.600000000000000089e+00 -3.338999999999999954e-03 3.595999999999999804e-03 -9.999879999999999880e-01 4.446160000000000112e-01 8.957199999999999607e-01 1.735999999999999913e-03 8.957150000000000389e-01 -4.446049999999999724e-01 -4.590000000000000330e-03
1.400000000000000000e+01 2.400000000000000000e+01 9.000000000000000000e+00 0.000000000000000000e+00 1.600000000000000089e+00 1.195000000000000099e-03 -4.859999999999999737e-03 -9.999869999999999592e-01 4.448799999999999977e-01 8.955819999999999892e-01 -3.821000000000000178e-03 8.955889999999999684e-01 -4.448699999999999877e-01 3.233000000000000197e-03
2.000000000000000000e+01 2.400000000000000000e+01 9.000000000000000000e+00 0.000000000000000000e+00 1.600000000000000089e+00 7.190000000000000210e-04 -1.375799999999999940e-02 -9.999050000000000438e-01 4.459420000000000051e-01 8.949810000000000265e-01 -1.199300000000000019e-02 8.950620000000000243e-01 -4.458909999999999818e-01 6.779000000000000303e-03
2.700000000000000000e+01 2.400000000000000000e+01 9.000000000000000000e+00 0.000000000000000000e+00 1.600000000000000089e+00 3.073999999999999910e-03 3.033999999999999805e-03 -9.999909999999999632e-01 4.495910000000000184e-01 8.932250000000000467e-01 4.092000000000000151e-03 8.932290000000000507e-01 -4.495990000000000264e-01 1.381000000000000066e-03
5.000000000000000000e+00 4.900000000000000000e+01 1.000000000000000000e+01 0.000000000000000000e+00 1.600000000000000089e+00 8.201089999999999769e-01 -2.462360000000000104e-01 5.165159999999999751e-01 -4.104499999999999815e-01 -8.820909999999999584e-01 2.311860000000000026e-01 3.986870000000000136e-01 -4.016020000000000145e-01 -8.244780000000000442e-01
4.000000000000000000e+00 4.000000000000000000e+00 1.100000000000000000e+01 0.000000000000000000e+00 1.600000000000000089e+00 -3.310000000000000225e-04 6.087000000000000050e-02 9.981459999999999777e-01 1.637629999999999919e-01 -9.846669999999999590e-01 6.010200000000000264e-02 9.865000000000000435e-01 1.634799999999999864e-01 -9.641999999999999529e-03
2.700000000000000000e+01 3.500000000000000000e+01 1.200000000000000000e+01 0.000000000000000000e+00 1.600000000000000089e+00 -4.420000000000000101e-04 -2.086999999999999880e-03 -9.999980000000000535e-01 4.003249999999999864e-01 -9.163719999999999644e-01 1.735999999999999913e-03 -9.163729999999999931e-01 -4.003229999999999844e-01 1.240000000000000000e-03
9.000000000000000000e+00 3.200000000000000000e+01 1.300000000000000000e+01 0.000000000000000000e+00 1.600000000000000089e+00 1.803799999999999848e-02 1.129359999999999947e-01 9.934380000000000432e-01 6.099999999999999737e-04 9.935990000000000100e-01 -1.129659999999999970e-01 -9.998369999999999758e-01 2.644000000000000083e-03 1.785399999999999834e-02
3.000000000000000000e+00 4.800000000000000000e+01 1.300000000000000000e+01 0.000000000000000000e+00 1.600000000000000089e+00 8.566859999999999475e-01 -1.252449999999999952e-01 5.004020000000000135e-01 -2.404169999999999918e-01 -9.552169999999999828e-01 1.725129999999999997e-01 4.563869999999999871e-01 -2.680950000000000277e-01 -8.484319999999999640e-01
1.000000000000000000e+00 3.200000000000000000e+01 1.400000000000000000e+01 0.000000000000000000e+00 1.600000000000000089e+00 -6.218999999999999702e-03 4.724199999999999927e-02 -9.988639999999999741e-01 1.179560000000000053e-01 9.919440000000000479e-01 4.618099999999999983e-02 9.929989999999999650e-01 -1.175350000000000006e-01 -1.174099999999999970e-02
2.000000000000000000e+00 4.800000000000000000e+01 1.500000000000000000e+01 0.000000000000000000e+00 1.600000000000000089e+00 7.655899999999999928e-01 -3.945719999999999783e-01 5.081179999999999586e-01 -5.225579999999999670e-01 -8.420990000000000419e-01 1.334269999999999901e-01 3.752389999999999892e-01 -3.676719999999999988e-01 -8.508900000000000352e-01
6.000000000000000000e+00 1.200000000000000000e+01 1.600000000000000000e+01 0.000000000000000000e+00 1.600000000000000089e+00 -1.004400000000000084e-02 7.072499999999999620e-02 9.974450000000000260e-01 2.349479999999999902e-01 -9.694040000000000434e-01 7.110299999999999954e-02 9.719560000000000421e-01 2.350609999999999922e-01 -6.879999999999999831e-03
1.200000000000000000e+01 1.300000000000000000e+01 1.600000000000000000e+01 0.000000000000000000e+00 1.600000000000000089e+00 -3.252999999999999815e-03 7.283199999999999397e-02 9.973389999999999755e-01 1.560529999999999973e-01 -9.850879999999999637e-01 7.244599999999999651e-02 9.877430000000000376e-01 1.558740000000000125e-01 -8.160999999999999852e-03
1.700000000000000000e+01 1.300000000000000000e+01 1.600000000000000000e+01 0.000000000000000000e+00 1.600000000000000089e+00 7.470000000000000511e-04 5.346599999999999964e-02 9.985690000000000399e-01 1.223329999999999973e-01 -9.910740000000000105e-01 5.297299999999999925e-02 9.924889999999999546e-01 1.221190000000000053e-01 -7.281000000000000145e-03
2.100000000000000000e+01 1.300000000000000000e+01 1.600000000000000000e+01 0.000000000000000000e+00 1.600000000000000089e+00 9.200000000000000278e-04 3.732900000000000107e-02 9.993030000000000523e-01 1.115629999999999955e-01 -9.930689999999999795e-01 3.699399999999999911e-02 9.937570000000000014e-01 1.114509999999999945e-01 -5.078000000000000048e-03
8.000000000000000000e+00 4.800000000000000000e+01 1.600000000000000000e+01 0.000000000000000000e+00 1.600000000000000089e+00 -4.236779999999999990e-01 -7.810380000000000100e-01 -4.587769999999999904e-01 9.057619999999999560e-01 -3.706679999999999975e-01 -2.054279999999999995e-01 -9.606999999999999221e-03 -5.025779999999999692e-01 8.644789999999999974e-01
2.000000000000000000e+00 1.160000000000000000e+02 1.600000000000000000e+01 0.000000000000000000e+00 1.600000000000000089e+00 6.080000000000000335e-04 2.592000000000000120e-03 9.999959999999999960e-01 8.385019999999999696e-01 5.448950000000000182e-01 -1.923000000000000013e-03 -5.448979999999999935e-01 8.385010000000000518e-01 -1.842000000000000104e-03
1.100000000000000000e+01 2.000000000000000000e+00 1.900000000000000000e+01 0.000000000000000000e+00 1.600000000000000089e+00 -9.438999999999999474e-03 3.899099999999999788e-02 -9.991950000000000554e-01 3.151590000000000225e-01 -9.481960000000000388e-01 -3.997799999999999965e-02 -9.489919999999999467e-01 -3.152829999999999799e-01 -3.338999999999999954e-03
2.300000000000000000e+01 2.000000000000000000e+00 1.900000000000000000e+01 0.000000000000000000e+00 1.600000000000000089e+00 -5.145000000000000268e-03 5.775999999999999884e-03 -9.999700000000000255e-01 2.841779999999999862e-01 -9.587459999999999871e-01 -7.000000000000000146e-03 -9.587579999999999991e-01 -2.842049999999999854e-01 3.291999999999999788e-03
7.000000000000000000e+00 3.000000000000000000e+00 1.900000000000000000e+01 0.000000000000000000e+00 1.600000000000000089e+00 -1.192299999999999957e-02 4.583000000000000268e-02 -9.988780000000000436e-01 3.321850000000000080e-01 -9.420330000000000092e-01 -4.718699999999999978e-02 -9.431389999999999496e-01 -3.323749999999999760e-01 -3.991999999999999889e-03
1.000000000000000000e+01 3.000000000000000000e+00 1.900000000000000000e+01 0.000000000000000000e+00 1.600000000000000089e+00 -1.045699999999999928e-02 3.953500000000000070e-02 -9.991630000000000233e-01 3.281470000000000220e-01 -9.437459999999999738e-01 -4.077599999999999975e-02 -9.445689999999999920e-01 -3.282990000000000075e-01 -3.105000000000000121e-03
1.500000000000000000e+01 3.000000000000000000e+00 1.900000000000000000e+01 0.000000000000000000e+00 1.600000000000000089e+00 -7.512999999999999713e-03 2.442300000000000026e-02 -9.996730000000000338e-01 3.205359999999999876e-01 -9.468919999999999559e-01 -2.554299999999999973e-02 -9.472070000000000212e-01 -3.206229999999999913e-01 -7.150000000000000322e-04
1.800000000000000000e+01 3.000000000000000000e+00 1.900000000000000000e+01 0.000000000000000000e+00 1.600000000000000089e+00 -4.322999999999999586e-03 1.999899999999999942e-02 -9.997909999999999853e-01 3.133360000000000034e-01 -9.494240000000000457e-01 -2.034599999999999950e-02 -9.496329999999999494e-01 -3.133580000000000254e-01 -2.161999999999999859e-03
2.800000000000000000e+01 3.000000000000000000e+00 1.900000000000000000e+01 0.000000000000000000e+00 1.600000000000000089e+00 -1.126999999999999964e-03 2.289999999999999935e-03 -9.999970000000000248e-01 3.025570000000000204e-01 -9.531279999999999752e-01 -2.524000000000000202e-03 -9.531309999999999505e-01 -3.025590000000000224e-01 3.820000000000000153e-04
4.000000000000000000e+00 4.000000000000000000e+00 2.000000000000000000e+01 0.000000000000000000e+00 1.600000000000000089e+00 -8.635999999999999580e-03 3.866900000000000198e-02 -9.992149999999999643e-01 3.981509999999999772e-01 -9.164940000000000309e-01 -3.890899999999999914e-02 -9.172789999999999555e-01 -3.981750000000000012e-01 -7.480999999999999803e-03
7.000000000000000000e+00 4.000000000000000000e+00 2.000000000000000000e+01 0.000000000000000000e+00 1.600000000000000089e+00 -9.081999999999999795e-03 4.278200000000000058e-02 -9.990430000000000144e-01 4.090949999999999864e-01 -9.114900000000000224e-01 -4.275199999999999834e-02 -9.124459999999999793e-01 -4.090920000000000112e-01 -9.223999999999999561e-03
1.600000000000000000e+01 4.000000000000000000e+00 2.000000000000000000e+01 0.000000000000000000e+00 1.600000000000000089e+00 -6.164000000000000208e-03 2.223199999999999829e-02 -9.997340000000000115e-01 4.255860000000000198e-01 -9.046319999999999917e-01 -2.274100000000000080e-02 -9.048969999999999514e-01 -4.256130000000000191e-01 -3.886000000000000131e-03
1.900000000000000000e+01 4.000000000000000000e+00 2.000000000000000000e+01 0.000000000000000000e+00 1.600000000000000089e+00 -4.532999999999999703e-03 1.821499999999999855e-02 -9.998240000000000460e-01 4.246059999999999834e-01 -9.051909999999999679e-01 -1.841599999999999834e-02 -9.053670000000000329e-01 -4.246150000000000202e-01 -3.631000000000000113e-03
2.800000000000000000e+01 4.000000000000000000e+00 2.000000000000000000e+01 0.000000000000000000e+00 1.600000000000000089e+00 1.240000000000000054e-04 4.755999999999999811e-03 -9.999890000000000168e-01 4.257989999999999831e-01 -9.048079999999999457e-01 -4.250999999999999571e-03 -9.048180000000000112e-01 -4.257929999999999771e-01 -2.137000000000000011e-03
4.000000000000000000e+00 1.300000000000000000e+01 2.000000000000000000e+01 0.000000000000000000e+00 1.600000000000000089e+00 -2.889999999999999774e-04 -3.233999999999999896e-03 9.999949999999999672e-01 2.672470000000000123e-01 9.636230000000000073e-01 3.193000000000000092e-03 -9.636280000000000401e-01 2.672459999999999836e-01 5.850000000000000165e-04
1.000000000000000000e+01 1.300000000000000000e+01 2.000000000000000000e+01 0.000000000000000000e+00 1.600000000000000089e+00 -2.431000000000000001e-03 -3.860000000000000150e-03 9.999900000000000455e-01 2.827850000000000086e-01 9.591730000000000533e-01 4.389999999999999805e-03 -9.591800000000000326e-01 2.827930000000000166e-01 -1.240999999999999916e-03
1.400000000000000000e+01 1.300000000000000000e+01 2.000000000000000000e+01 0.000000000000000000e+00 1.600000000000000089e+00 -1.644999999999999978e-03 -4.289000000000000278e-03 9.999890000000000168e-01 2.953200000000000269e-01 9.553869999999999862e-01 4.584000000000000401e-03 -9.553970000000000518e-01 2.953250000000000042e-01 -3.049999999999999868e-04
1.800000000000000000e+01 1.300000000000000000e+01 2.000000000000000000e+01 0.000000000000000000e+00 1.600000000000000089e+00 -9.820000000000000170e-04 2.134000000000000046e-03 9.999970000000000248e-01 3.042610000000000037e-01 9.525869999999999616e-01 -1.734000000000000081e-03 -9.525879999999999903e-01 3.042579999999999729e-01 -1.585000000000000037e-03
2.700000000000000000e+01 1.300000000000000000e+01 2.000000000000000000e+01 0.000000000000000000e+00 1.600000000000000089e+00 -7.399999999999999894e-04 5.230000000000000274e-04 1.000000000000000000e+00 3.126619999999999955e-01 9.498640000000000416e-01 -2.649999999999999903e-04 -9.498640000000000416e-01 3.126619999999999955e-01 -8.670000000000000406e-04
2.200000000000000000e+01 1.400000000000000000e+01 2.000000000000000000e+01 0.000000000000000000e+00 1.600000000000000089e+00 2.199999999999999943e-05 1.701999999999999954e-03 9.999989999999999712e-01 2.671819999999999751e-01 9.636449999999999738e-01 -1.645999999999999894e-03 -9.636460000000000026e-01 2.671819999999999751e-01 -4.330000000000000081e-04
2.200000000000000000e+01 1.600000000000000000e+01 2.100000000000000000e+01 0.000000000000000000e+00 1.600000000000000089e+00 4.910000000000000085e-04 7.257999999999999695e-03 9.999740000000000295e-01 3.035459999999999825e-01 9.527910000000000545e-01 -7.063999999999999967e-03 -9.528170000000000250e-01 3.035419999999999785e-01 -1.735999999999999913e-03
2.700000000000000000e+01 1.600000000000000000e+01 2.100000000000000000e+01 0.000000000000000000e+00 1.600000000000000089e+00 -1.554000000000000043e-03 3.300000000000000253e-05 9.999989999999999712e-01 3.039279999999999760e-01 9.526949999999999585e-01 4.409999999999999858e-04 -9.526940000000000408e-01 3.039290000000000047e-01 -1.490999999999999921e-03
1.200000000000000000e+01 4.200000000000000000e+01 2.300000000000000000e+01 0.000000000000000000e+00 1.600000000000000089e+00 -9.786989999999999856e-01 -1.833130000000000037e-01 9.243400000000000227e-02 -1.507149999999999879e-01 9.472620000000000484e-01 2.828049999999999731e-01 -1.394009999999999971e-01 2.628499999999999726e-01 -9.547130000000000338e-01
3.000000000000000000e+00 3.000000000000000000e+00 2.500000000000000000e+01 0.000000000000000000e+00 1.600000000000000089e+00 -1.041800000000000018e-02 3.713799999999999740e-02 9.992560000000000331e-01 3.195300000000000223e-02 -9.987869999999999804e-01 3.745400000000000118e-02 9.994349999999999623e-01 3.232000000000000151e-02 9.218999999999999764e-03
6.000000000000000000e+00 3.000000000000000000e+00 2.500000000000000000e+01 0.000000000000000000e+00 1.600000000000000089e+00 -8.767000000000000487e-03 4.002300000000000302e-02 9.991600000000000481e-01 2.223899999999999835e-02 -9.989440000000000541e-01 4.021000000000000268e-02 9.997139999999999915e-01 2.257299999999999932e-02 7.867999999999999994e-03
1.400000000000000000e+01 3.000000000000000000e+00 2.500000000000000000e+01 0.000000000000000000e+00 1.600000000000000089e+00 -6.190000000000000190e-03 2.615900000000000170e-02 9.996390000000000553e-01 -1.188400000000000047e-02 -9.995889999999999498e-01 2.608500000000000055e-02 9.999099999999999655e-01 -1.171900000000000025e-02 6.498000000000000304e-03
2.100000000000000000e+01 4.200000000000000000e+01 2.500000000000000000e+01 0.000000000000000000e+00 1.600000000000000089e+00 1.359699999999999971e-02 -6.688220000000000276e-01 7.432980000000000143e-01 -4.466129999999999822e-01 6.610329999999999817e-01 6.029689999999999772e-01 -8.946239999999999748e-01 -3.401660000000000239e-01 -2.897159999999999735e-01
2.700000000000000000e+01 4.600000000000000000e+01 2.700000000000000000e+01 0.000000000000000000e+00 1.600000000000000089e+00 -4.048000000000000383e-03 6.019999999999999961e-04 -9.999919999999999920e-01 6.791789999999999772e-01 7.339689999999999825e-01 -2.307000000000000023e-03 7.339609999999999745e-01 -6.791829999999999812e-01 -3.379000000000000059e-03
2.200000000000000000e+01 3.900000000000000000e+01 2.900000000000000000e+01 0.000000000000000000e+00 1.600000000000000089e+00 -1.621720000000000106e-01 -9.313310000000000199e-01 3.260709999999999997e-01 5.397769999999999513e-01 -3.603500000000000036e-01 -7.607819999999999583e-01 8.260399999999999965e-01 5.262800000000000117e-02 5.611490000000000089e-01
3.000000000000000000e+00 5.800000000000000000e+01 3.100000000000000000e+01 0.000000000000000000e+00 1.600000000000000089e+00 2.135999999999999878e-03 2.232900000000000162e-02 9.997479999999999700e-01 -7.894910000000000538e-01 -6.135690000000000310e-01 1.538999999999999917e-02 6.137580000000000258e-01 -7.893250000000000544e-01 1.631799999999999917e-02
1.600000000000000000e+01 5.800000000000000000e+01 3.100000000000000000e+01 0.000000000000000000e+00 1.600000000000000089e+00 7.190000000000000210e-03 8.887000000000000802e-03 9.999350000000000183e-01 -7.970709999999999740e-01 -6.037839999999999874e-01 1.109800000000000023e-02 6.038430000000000186e-01 -7.970979999999999732e-01 2.743000000000000212e-03
2.300000000000000000e+01 5.800000000000000000e+01 3.100000000000000000e+01 0.000000000000000000e+00 1.600000000000000089e+00 5.720000000000000258e-04 8.526999999999999857e-03 9.999639999999999640e-01 -8.015520000000000422e-01 -5.978999999999999870e-01 5.557000000000000307e-03 5.979250000000000398e-01 -8.015259999999999607e-01 6.492999999999999640e-03
2.600000000000000000e+01 5.800000000000000000e+01 3.100000000000000000e+01 0.000000000000000000e+00 1.600000000000000089e+00 -9.370000000000000074e-04 4.879999999999999898e-04 9.999989999999999712e-01 -7.988570000000000393e-01 -6.015200000000000546e-01 -4.550000000000000008e-04 6.015200000000000546e-01 -7.988570000000000393e-01 9.529999999999999626e-04
3.000000000000000000e+01 5.800000000000000000e+01 3.100000000000000000e+01 0.000000000000000000e+00 1.600000000000000089e+00 -3.237999999999999993e-03 -1.440000000000000091e-03 9.999940000000000495e-01 -7.990650000000000253e-01 -6.012349999999999639e-01 -3.452999999999999906e-03 6.012359999999999927e-01 -7.990709999999999757e-01 7.960000000000000495e-04
1.700000000000000000e+01 2.300000000000000000e+01 3.400000000000000000e+01 0.000000000000000000e+00 1.600000000000000089e+00 7.269999999999999987e-04 8.680000000000000215e-03 9.999620000000000175e-01 3.968670000000000253e-01 -9.178439999999999932e-01 7.677999999999999929e-03 9.178760000000000252e-01 3.968470000000000053e-01 -4.112000000000000204e-03
2.100000000000000000e+01 2.300000000000000000e+01 3.400000000000000000e+01 0.000000000000000000e+00 1.600000000000000089e+00 3.575000000000000053e-03 2.031999999999999952e-03 9.999919999999999920e-01 3.981169999999999987e-01 -9.173339999999999828e-01 4.409999999999999858e-04 9.173280000000000323e-01 3.981120000000000214e-01 -4.087999999999999620e-03
2.300000000000000000e+01 4.600000000000000000e+01 3.500000000000000000e+01 0.000000000000000000e+00 1.600000000000000089e+00 -6.414000000000000430e-03 -1.595999999999999919e-01 -9.871609999999999552e-01 3.834890000000000243e-01 -9.120960000000000178e-01 1.449719999999999898e-01 -9.235229999999999828e-01 -3.776349999999999985e-01 6.705500000000000349e-02
2.800000000000000000e+01 4.600000000000000000e+01 3.500000000000000000e+01 0.000000000000000000e+00 1.600000000000000089e+00 8.930000000000000221e-04 5.263999999999999582e-03 -9.999860000000000415e-01 3.896419999999999884e-01 -9.209549999999999681e-01 -4.499999999999999660e-03 -9.209659999999999513e-01 -3.896319999999999784e-01 -2.873999999999999819e-03
2.000000000000000000e+00 2.900000000000000000e+01 3.600000000000000000e+01 0.000000000000000000e+00 1.600000000000000089e+00 6.034009999999999652e-01 7.817990000000000217e-01 1.571579999999999921e-01 7.509449999999999736e-01 -6.233859999999999957e-01 2.178789999999999893e-01 2.683079999999999909e-01 -1.345200000000000042e-02 -9.632389999999999564e-01
9.000000000000000000e+00 5.000000000000000000e+01 3.600000000000000000e+01 0.000000000000000000e+00 1.600000000000000089e+00 -9.988000000000000350e-03 -1.759249999999999980e-01 -9.843530000000000335e-01 1.764469999999999927e-01 -9.692659999999999609e-01 1.714380000000000071e-01 -9.842600000000000238e-01 -1.719739999999999880e-01 4.072200000000000125e-02
1.700000000000000000e+01 9.500000000000000000e+01 3.600000000000000000e+01 0.000000000000000000e+00 1.600000000000000089e+00 -2.286999999999999970e-03 -4.595599999999999685e-02 9.989409999999999679e-01 9.984380000000000477e-01 5.565599999999999714e-02 4.845999999999999613e-03 -5.581900000000000056e-02 9.973919999999999453e-01 4.575699999999999906e-02
1.200000000000000000e+01 3.100000000000000000e+01 3.700000000000000000e+01 0.000000000000000000e+00 1.600000000000000089e+00 1.764259999999999995e-01 -9.746540000000000203e-01 -1.375599999999999878e-01 6.615560000000000329e-01 2.208930000000000060e-01 -7.166240000000000387e-01 7.288459999999999939e-01 3.542800000000000116e-02 6.837600000000000344e-01
1.800000000000000000e+01 9.500000000000000000e+01 3.700000000000000000e+01 0.000000000000000000e+00 1.600000000000000089e+00 9.759999999999999796e-04 -2.521199999999999830e-02 9.996819999999999595e-01 9.972670000000000146e-01 7.387100000000000610e-02 8.899999999999999491e-04 -7.386900000000000410e-02 9.969489999999999741e-01 2.521599999999999883e-02
6.000000000000000000e+00 5.000000000000000000e+01 3.800000000000000000e+01 0.000000000000000000e+00 1.600000000000000089e+00 -1.905400000000000149e-02 -3.291209999999999969e-01 9.440950000000000175e-01 -3.290830000000000144e-01 -8.895880000000000454e-01 -3.167610000000000148e-01 9.441089999999999760e-01 -3.167209999999999748e-01 -9.135799999999999477e-02
2.000000000000000000e+00 2.000000000000000000e+01 3.900000000000000000e+01 0.000000000000000000e+00 1.600000000000000089e+00 1.203399999999999956e-02 -1.879300000000000068e-02 9.997509999999999453e-01 -4.682580000000000076e-01 8.833119999999999861e-01 2.223999999999999935e-02 -8.835100000000000176e-01 -4.684090000000000198e-01 1.830000000000000029e-03
1.100000000000000000e+01 2.800000000000000000e+01 4.000000000000000000e+01 0.000000000000000000e+00 1.600000000000000089e+00 -4.974800000000000055e-02 -8.643279999999999852e-01 -5.004619999999999624e-01 7.548270000000000257e-01 2.955940000000000234e-01 -5.855430000000000357e-01 6.540350000000000330e-01 -4.068919999999999759e-01 6.377119999999999456e-01
9.000000000000000000e+00 2.400000000000000000e+01 4.100000000000000000e+01 0.000000000000000000e+00 1.600000000000000089e+00 -2.597000000000000003e-02 -5.360970000000000457e-01 8.437569999999999792e-01 -6.972599999999999909e-01 6.145450000000000079e-01 3.690019999999999967e-01 -7.163469999999999560e-01 -5.787349999999999994e-01 -3.897590000000000221e-01
1.100000000000000000e+01 2.700000000000000000e+01 4.100000000000000000e+01 0.000000000000000000e+00 1.600000000000000089e+00 -4.505800000000000083e-02 -6.286260000000000181e-01 -7.764010000000000078e-01 7.892940000000000511e-01 4.540020000000000167e-01 -4.133970000000000145e-01 6.123600000000000154e-01 -6.314359999999999973e-01 4.757149999999999990e-01
6.000000000000000000e+00 4.700000000000000000e+01 4.100000000000000000e+01 0.000000000000000000e+00 1.600000000000000089e+00 -1.382470000000000088e-01 6.499099999999999877e-01 -7.473319999999999963e-01 -5.854190000000000227e-01 5.550199999999999578e-01 5.909630000000000161e-01 7.988570000000000393e-01 5.192010000000000236e-01 3.037389999999999812e-01
1.000000000000000000e+01 2.600000000000000000e+01 4.200000000000000000e+01 0.000000000000000000e+00 1.600000000000000089e+00 -6.747300000000000519e-02 -4.118649999999999811e-01 -9.087439999999999962e-01 8.455209999999999670e-01 4.599239999999999995e-01 -2.712269999999999959e-01 5.296610000000000484e-01 -7.866619999999999724e-01 3.172079999999999900e-01
1.700000000000000000e+01 5.000000000000000000e+01 4.200000000000000000e+01 0.000000000000000000e+00 1.600000000000000089e+00 -3.983979999999999744e-01 8.527789999999999537e-01 -3.377069999999999794e-01 -5.363580000000000014e-01 8.206900000000000306e-02 8.399910000000000432e-01 7.440419999999999812e-01 5.157829999999999915e-01 4.246989999999999932e-01
9.000000000000000000e+00 2.500000000000000000e+01 4.300000000000000000e+01 0.000000000000000000e+00 1.600000000000000089e+00 -8.931100000000000150e-02 -2.938439999999999941e-01 -9.516719999999999624e-01 8.844750000000000112e-01 4.159340000000000259e-01 -2.114310000000000078e-01 4.579599999999999782e-01 -8.606129999999999614e-01 2.227500000000000036e-01
1.700000000000000000e+01 5.100000000000000000e+01 4.300000000000000000e+01 0.000000000000000000e+00 1.600000000000000089e+00 -2.997949999999999782e-01 8.436000000000000165e-01 -4.454899999999999971e-01 -5.033670000000000089e-01 2.567999999999999727e-01 8.250309999999999588e-01 8.103979999999999517e-01 4.715849999999999764e-01 3.476529999999999898e-01
1.200000000000000000e+01 2.900000000000000000e+01 4.400000000000000000e+01 0.000000000000000000e+00 1.600000000000000089e+00 -4.750900000000000262e-02 -1.842000000000000104e-03 -9.988690000000000069e-01 7.656519999999999992e-01 6.421559999999999491e-01 -3.760000000000000148e-02 6.414990000000000414e-01 -7.665720000000000312e-01 -2.909799999999999887e-02
2.500000000000000000e+01 2.900000000000000000e+01 4.400000000000000000e+01 0.000000000000000000e+00 1.600000000000000089e+00 5.990999999999999798e-03 1.010600000000000040e-02 -9.999310000000000143e-01 6.962439999999999740e-01 7.177139999999999631e-01 1.142499999999999939e-02 7.177799999999999736e-01 -6.962639999999999940e-01 -2.736999999999999850e-03
2.900000000000000000e+01 2.900000000000000000e+01 4.400000000000000000e+01 0.000000000000000000e+00 1.600000000000000089e+00 8.630000000000000518e-04 3.941000000000000059e-03 -9.999919999999999920e-01 6.617499999999999494e-01 7.497160000000000490e-01 3.526000000000000054e-03 7.497239999999999460e-01 -6.617480000000000029e-01 -1.961000000000000069e-03
1.200000000000000000e+01 6.500000000000000000e+01 4.600000000000000000e+01 0.000000000000000000e+00 1.600000000000000089e+00 6.960000000000000041e-04 3.116999999999999979e-03 9.999949999999999672e-01 6.789129999999999887e-01 -7.342170000000000085e-01 1.815999999999999906e-03 7.342189999999999550e-01 6.789079999999999560e-01 -2.626999999999999995e-03
2.800000000000000000e+01 6.500000000000000000e+01 4.600000000000000000e+01 0.000000000000000000e+00 1.600000000000000089e+00 1.988000000000000184e-03 -1.550000000000000000e-04 9.999980000000000535e-01 6.805339999999999723e-01 -7.327150000000000052e-01 -1.466000000000000072e-03 7.327139999999999764e-01 6.805360000000000298e-01 -1.350999999999999987e-03
2.700000000000000000e+01 7.000000000000000000e+01 4.700000000000000000e+01 0.000000000000000000e+00 1.600000000000000089e+00 1.505000000000000044e-03 5.366000000000000110e-03 -9.999850000000000128e-01 -8.360039999999999694e-01 -5.487079999999999735e-01 -4.203000000000000139e-03 -5.487220000000000431e-01 8.359969999999999901e-01 3.660000000000000059e-03
1.500000000000000000e+01 2.900000000000000000e+01 4.800000000000000000e+01 0.000000000000000000e+00 1.600000000000000089e+00 1.222700000000000002e-02 5.530600000000000099e-02 9.983950000000000324e-01 3.553560000000000052e-01 9.330500000000000460e-01 -5.603799999999999754e-02 -9.346510000000000096e-01 3.554709999999999814e-01 -8.245000000000000592e-03
2.000000000000000000e+01 2.900000000000000000e+01 4.800000000000000000e+01 0.000000000000000000e+00 1.600000000000000089e+00 3.288000000000000124e-03 -5.728999999999999718e-03 9.999780000000000335e-01 3.748859999999999970e-01 9.270620000000000527e-01 4.078000000000000028e-03 -9.270650000000000279e-01 3.748639999999999750e-01 5.196000000000000098e-03
2.500000000000000000e+01 2.900000000000000000e+01 4.800000000000000000e+01 0.000000000000000000e+00 1.600000000000000089e+00 -2.805999999999999901e-03 7.466000000000000414e-03 9.999679999999999680e-01 3.627489999999999881e-01 9.318680000000000296e-01 -5.939999999999999968e-03 -9.318830000000000169e-01 3.627210000000000156e-01 -5.322999999999999607e-03
1.200000000000000000e+01 4.800000000000000000e+01 4.900000000000000000e+01 0.000000000000000000e+00 1.600000000000000089e+00 6.906189999999999829e-01 -4.656040000000000179e-01 5.534059999999999535e-01 2.069269999999999998e-01 8.604220000000000201e-01 4.656770000000000076e-01 -6.929840000000000444e-01 -2.070909999999999973e-01 6.905689999999999884e-01
5.000000000000000000e+00 1.150000000000000000e+02 5.100000000000000000e+01 0.000000000000000000e+00 1.600000000000000089e+00 -6.212999999999999773e-03 1.187299999999999987e-02 9.999099999999999655e-01 8.540600000000000414e-01 -5.200470000000000370e-01 1.148199999999999915e-02 5.201369999999999605e-01 8.540550000000000086e-01 -6.909000000000000211e-03
1.100000000000000000e+01 1.150000000000000000e+02 5.100000000000000000e+01 0.000000000000000000e+00 1.600000000000000089e+00 -2.750999999999999973e-03 1.765900000000000108e-02 9.998399999999999510e-01 8.579090000000000327e-01 -5.136749999999999927e-01 1.143300000000000045e-02 5.137950000000000017e-01 8.578029999999999822e-01 -1.373699999999999921e-02
9.000000000000000000e+00 7.000000000000000000e+00 5.200000000000000000e+01 0.000000000000000000e+00 1.600000000000000089e+00 7.498999999999999590e-03 4.833999999999999755e-03 -9.999599999999999600e-01 6.671699999999999853e-02 -9.977629999999999555e-01 -4.322999999999999586e-03 -9.977439999999999642e-01 -6.668200000000000516e-02 -7.805000000000000306e-03
1.700000000000000000e+01 7.000000000000000000e+00 5.200000000000000000e+01 0.000000000000000000e+00 1.600000000000000089e+00 6.509999999999999945e-04 -3.942000000000000191e-03 -9.999919999999999920e-01 7.401199999999999446e-02 -9.972490000000000521e-01 3.978999999999999898e-03 -9.972569999999999490e-01 -7.401399999999999646e-02 -3.570000000000000040e-04
2.000000000000000000e+00 4.400000000000000000e+01 5.300000000000000000e+01 0.000000000000000000e+00 1.600000000000000089e+00 -8.268710000000000226e-01 -3.651269999999999794e-01 4.277460000000000151e-01 -3.539599999999999969e-01 9.289220000000000255e-01 1.086990000000000040e-01 -4.370319999999999760e-01 -6.152500000000000330e-02 -8.973389999999999977e-01
6.000000000000000000e+00 4.400000000000000000e+01 5.300000000000000000e+01 0.000000000000000000e+00 1.600000000000000089e+00 -2.699579999999999758e-01 -9.096819999999999906e-01 3.155950000000000144e-01 -8.590750000000000330e-01 3.755830000000000002e-01 3.477469999999999728e-01 -4.348710000000000075e-01 -1.772430000000000117e-01 -8.828770000000000229e-01
4.000000000000000000e+00 6.300000000000000000e+01 5.400000000000000000e+01 0.000000000000000000e+00 1.600000000000000089e+00 1.118999999999999986e-03 2.704999999999999939e-03 9.999959999999999960e-01 -3.595439999999999747e-01 9.331260000000000110e-01 -2.122000000000000188e-03 -9.331270000000000397e-01 -3.595400000000000262e-01 2.017000000000000130e-03
1.000000000000000000e+01 6.300000000000000000e+01 5.400000000000000000e+01 0.000000000000000000e+00 1.600000000000000089e+00 1.319000000000000077e-03 2.955999999999999860e-03 9.999949999999999672e-01 -3.655660000000000021e-01 9.307830000000000270e-01 -2.269000000000000183e-03 -9.307839999999999447e-01 -3.655610000000000248e-01 2.308000000000000156e-03
1.500000000000000000e+01 6.300000000000000000e+01 5.400000000000000000e+01 0.000000000000000000e+00 1.600000000000000089e+00 -1.394999999999999973e-03 -1.886000000000000090e-03 9.999970000000000248e-01 -3.651039999999999841e-01 9.309659999999999602e-01 1.247000000000000062e-03 -9.309659999999999602e-01 -3.651010000000000089e-01 -1.987000000000000051e-03
1.900000000000000000e+01 6.300000000000000000e+01 5.400000000000000000e+01 0.000000000000000000e+00 1.600000000000000089e+00 -1.054999999999999948e-03 2.530999999999999830e-03 9.999959999999999960e-01 -3.570019999999999860e-01 9.341000000000000414e-01 -2.740999999999999947e-03 -9.341030000000000166e-01 -3.570030000000000148e-01 -8.100000000000000375e-05
3.000000000000000000e+01 6.300000000000000000e+01 5.400000000000000000e+01 0.000000000000000000e+00 1.600000000000000089e+00 7.410000000000000137e-04 5.671999999999999958e-03 9.999839999999999840e-01 -3.509280000000000177e-01 9.363890000000000269e-01 -5.050999999999999934e-03 -9.364019999999999566e-01 -3.509189999999999809e-01 2.684999999999999887e-03
7.000000000000000000e+00 2.500000000000000000e+01 5.500000000000000000e+01 0.000000000000000000e+00 1.600000000000000089e+00 1.671100000000000016e-02 5.874209999999999710e-01 8.091089999999999671e-01 2.624699999999999950e-02 8.086849999999999872e-01 -5.876559999999999562e-01 -9.995159999999999600e-01 3.105700000000000127e-02 -1.904000000000000093e-03
6.000000000000000000e+00 2.600000000000000000e+01 5.500000000000000000e+01 0.000000000000000000e+00 1.600000000000000089e+00 1.559400000000000022e-02 5.861950000000000216e-01 8.100199999999999623e-01 -3.951999999999999784e-03 8.101479999999999793e-01 -5.862119999999999553e-01 -9.998709999999999543e-01 5.939999999999999968e-03 1.494999999999999975e-02
6.000000000000000000e+00 4.300000000000000000e+01 5.500000000000000000e+01 0.000000000000000000e+00 1.600000000000000089e+00 -8.896700000000000441e-02 -8.758089999999999486e-01 4.743870000000000031e-01 -9.645340000000000025e-01 1.945860000000000090e-01 1.783540000000000125e-01 -2.485130000000000117e-01 -4.416950000000000043e-01 -8.620600000000000485e-01
7.000000000000000000e+00 4.900000000000000000e+01 5.500000000000000000e+01 0.000000000000000000e+00 1.600000000000000089e+00 -1.127620000000000011e-01 2.418180000000000052e-01 9.637470000000000203e-01 -9.202489999999999837e-01 3.403860000000000219e-01 -1.930800000000000016e-01 -3.747360000000000135e-01 -9.086589999999999945e-01 1.841500000000000081e-01
