3.000000000000000000e+00 3.000000000000000000e+00 4.000000000000000000e+00 0.000000000000000000e+00 1.600000000000000089e+00 -1.921219999999999872e-01 -1.024219999999999992e-01 -9.760119999999999907e-01 -8.715009999999999701e-01 -4.394410000000000260e-01 2.176639999999999964e-01 -4.511930000000000107e-01 8.924130000000000118e-01 -4.833999999999999755e-03
5.000000000000000000e+00 1.500000000000000000e+01 4.000000000000000000e+00 0.000000000000000000e+00 1.600000000000000089e+00 -8.760000000000000425e-04 -6.237000000000000356e-03 9.999799999999999800e-01 3.115260000000000251e-01 -9.502209999999999823e-01 -5.654000000000000171e-03 9.502369999999999983e-01 3.115149999999999864e-01 2.775000000000000123e-03
1.100000000000000000e+01 1.500000000000000000e+01 4.000000000000000000e+00 0.000000000000000000e+00 1.600000000000000089e+00 -2.054999999999999969e-03 -2.772000000000000158e-03 9.999940000000000495e-01 3.079399999999999915e-01 -9.514040000000000274e-01 -2.004000000000000139e-03 9.514040000000000274e-01 3.079339999999999855e-01 2.808999999999999865e-03
1.700000000000000000e+01 1.500000000000000000e+01 4.000000000000000000e+00 0.000000000000000000e+00 1.600000000000000089e+00 6.539999999999999590e-04 -3.719999999999999891e-04 1.000000000000000000e+00 3.094899999999999873e-01 -9.509030000000000538e-01 -5.559999999999999621e-04 9.509030000000000538e-01 3.094899999999999873e-01 -5.069999999999999637e-04
2.400000000000000000e+01 1.500000000000000000e+01 4.000000000000000000e+00 0.000000000000000000e+00 1.600000000000000089e+00 1.994999999999999812e-03 -4.455999999999999892e-03 9.999879999999999880e-01 3.110809999999999964e-01 -9.503709999999999658e-01 -4.856000000000000073e-03 9.503810000000000313e-01 3.110870000000000024e-01 -5.100000000000000366e-04
2.800000000000000000e+01 1.500000000000000000e+01 4.000000000000000000e+00 0.000000000000000000e+00 1.600000000000000089e+00 8.229999999999999469e-04 -9.600000000000000243e-05 1.000000000000000000e+00 3.135279999999999734e-01 -9.495789999999999509e-01 -3.490000000000000263e-04 9.495789999999999509e-01 3.135279999999999734e-01 -7.519999999999999558e-04
4.000000000000000000e+00 1.010000000000000000e+02 7.000000000000000000e+00 0.000000000000000000e+00 1.600000000000000089e+00 4.609000000000000249e-03 1.968999999999999830e-03 9.999869999999999592e-01 8.846530000000000227e-01 4.662240000000000273e-01 -4.995999999999999573e-03 -4.662279999999999758e-01 8.846650000000000347e-01 4.070000000000000267e-04
1.000000000000000000e+01 1.010000000000000000e+02 7.000000000000000000e+00 0.000000000000000000e+00 1.600000000000000089e+00 3.903999999999999918e-03 -2.116399999999999879e-02 9.997679999999999900e-01 8.910460000000000047e-01 4.538710000000000244e-01 6.128999999999999899e-03 -4.538949999999999929e-01 8.908160000000000522e-01 2.062999999999999903e-02
1.600000000000000000e+01 1.010000000000000000e+02 7.000000000000000000e+00 0.000000000000000000e+00 1.600000000000000089e+00 -1.152999999999999945e-03 -5.815999999999999989e-03 9.999820000000000375e-01 8.916100000000000136e-01 4.527889999999999970e-01 3.661000000000000192e-03 -4.528030000000000110e-01 8.915990000000000304e-01 4.662999999999999610e-03
2.800000000000000000e+01 1.010000000000000000e+02 7.000000000000000000e+00 0.000000000000000000e+00 1.600000000000000089e+00 -4.107999999999999673e-03 9.894999999999999282e-03 9.999430000000000263e-01 8.882670000000000288e-01 4.593260000000000121e-01 -8.959999999999999866e-04 -4.593079999999999941e-01 8.882130000000000303e-01 -1.067599999999999973e-02
4.000000000000000000e+00 2.500000000000000000e+01 8.000000000000000000e+00 0.000000000000000000e+00 1.600000000000000089e+00 -9.879999999999999460e-04 -3.782999999999999904e-03 -9.999919999999999920e-01 4.437749999999999750e-01 8.961299999999999821e-01 -3.827999999999999806e-03 8.961379999999999901e-01 -4.437749999999999750e-01 7.929999999999999766e-04
1.200000000000000000e+01 2.500000000000000000e+01 8.000000000000000000e+00 0.000000000000000000e+00 1.600000000000000089e+00 -8.109999999999999805e-04 1.949999999999999910e-03 -9.999980000000000535e-01 4.444739999999999802e-01 8.957899999999999752e-01 1.386999999999999995e-03 8.957910000000000039e-01 -4.444719999999999782e-01 -1.593000000000000015e-03
1.600000000000000000e+01 2.500000000000000000e+01 8.000000000000000000e+00 0.000000000000000000e+00 1.600000000000000089e+00 -5.700000000000000314e-05 7.119999999999999593e-04 -1.000000000000000000e+00 4.437229999999999785e-01 8.961639999999999606e-01 6.130000000000000466e-04 8.961639999999999606e-01 -4.437229999999999785e-01 -3.669999999999999760e-04
2.300000000000000000e+01 2.500000000000000000e+01 8.000000000000000000e+00 0.000000000000000000e+00 1.600000000000000089e+00 1.890000000000000133e-04 -2.206000000000000062e-03 -9.999980000000000535e-01 4.451669999999999794e-01 8.954459999999999642e-01 -1.891000000000000103e-03 8.954469999999999930e-01 -4.451660000000000061e-01 1.150999999999999896e-03
2.600000000000000000e+01 2.500000000000000000e+01 8.000000000000000000e+00 0.000000000000000000e+00 1.600000000000000089e+00 -2.049999999999999956e-04 -7.041000000000000383e-03 -9.999749999999999472e-01 4.468759999999999954e-01 8.945729999999999515e-01 -6.389999999999999847e-03 8.945959999999999468e-01 -4.468659999999999854e-01 2.962999999999999922e-03
3.000000000000000000e+01 2.500000000000000000e+01 8.000000000000000000e+00 0.000000000000000000e+00 1.600000000000000089e+00 -5.710000000000000015e-04 -3.030000000000000141e-03 -9.999949999999999672e-01 4.479000000000000203e-01 8.940789999999999571e-01 -2.965000000000000187e-03 8.940839999999999899e-01 -4.478989999999999916e-01 8.469999999999999881e-04
5.000000000000000000e+00 2.400000000000000000e+01 9.000000000000000000e+00 0.000000000000000000e+00 1.600000000000000089e+00 -1.270999999999999994e-03 -6.427000000000000421e-03 -9.999789999999999512e-01 4.497300000000000186e-01 8.931419999999999915e-01 -6.311999999999999902e-03 8.931639999999999580e-01 -4.497280000000000166e-01 1.755000000000000050e-03
1.300000000000000000e+01 2.400000000000000000e+01 9.000000000000000000e+00 0.000000000000000000e+00 1.600000000000000089e+00 -2.210000000000000050e-04 2.076999999999999853e-03 -9.999980000000000535e-01 4.498090000000000144e-01 8.931230000000000002e-01 1.755999999999999965e-03 8.931249999999999467e-01 -4.498070000000000124e-01 -1.131999999999999977e-03
1.900000000000000000e+01 2.400000000000000000e+01 9.000000000000000000e+00 0.000000000000000000e+00 1.600000000000000089e+00 1.240000000000000054e-04 2.128999999999999816e-03 -9.999980000000000535e-01 4.490569999999999840e-01 8.935009999999999897e-01 1.958000000000000105e-03 8.935030000000000472e-01 -4.490560000000000107e-01 -8.450000000000000479e-04
2.300000000000000000e+01 2.400000000000000000e+01 9.000000000000000000e+00 0.000000000000000000e+00 1.600000000000000089e+00 -2.369999999999999874e-04 -2.860999999999999828e-03 -9.999959999999999960e-01 4.507669999999999733e-01 8.926370000000000138e-01 -2.660000000000000038e-03 8.926410000000000178e-01 -4.507660000000000000e-01 1.077999999999999965e-03
2.600000000000000000e+01 2.400000000000000000e+01 9.000000000000000000e+00 0.000000000000000000e+00 1.600000000000000089e+00 -4.640000000000000027e-04 -7.591999999999999790e-03 -9.999710000000000543e-01 4.523980000000000223e-01 8.917890000000000539e-01 -6.981000000000000226e-03 8.918160000000000531e-01 -4.523880000000000123e-01 3.020999999999999814e-03
3.000000000000000000e+01 2.400000000000000000e+01 9.000000000000000000e+00 0.000000000000000000e+00 1.600000000000000089e+00 -2.900000000000000017e-04 -4.303999999999999666e-03 -9.999909999999999632e-01 4.532930000000000015e-01 8.913529999999999509e-01 -3.968000000000000173e-03 8.913619999999999877e-01 -4.532900000000000262e-01 1.693000000000000060e-03
7.000000000000000000e+00 3.100000000000000000e+01 1.200000000000000000e+01 0.000000000000000000e+00 1.600000000000000089e+00 -1.759999999999999954e-04 2.282000000000000174e-03 9.999970000000000248e-01 -5.196000000000000098e-03 9.999839999999999840e-01 -2.282999999999999873e-03 -9.999860000000000415e-01 -5.197000000000000230e-03 -1.640000000000000019e-04
1.700000000000000000e+01 3.000000000000000000e+00 1.300000000000000000e+01 0.000000000000000000e+00 1.600000000000000089e+00 2.729999999999999788e-03 1.378060000000000118e-01 9.904549999999999743e-01 -2.196400000000000088e-02 9.902279999999999971e-01 -1.377140000000000031e-01 -9.997549999999999493e-01 -2.137800000000000117e-02 5.729999999999999850e-03
4.000000000000000000e+00 3.200000000000000000e+01 1.400000000000000000e+01 0.000000000000000000e+00 1.600000000000000089e+00 8.440000000000000236e-04 2.879000000000000049e-03 -9.999959999999999960e-01 1.116779999999999995e-01 9.937399999999999567e-01 2.955000000000000161e-03 9.937439999999999607e-01 -1.116800000000000015e-01 5.169999999999999899e-04
2.700000000000000000e+01 3.200000000000000000e+01 1.400000000000000000e+01 0.000000000000000000e+00 1.600000000000000089e+00 6.160000000000000111e-04 1.763000000000000027e-03 -9.999980000000000535e-01 1.082830000000000042e-01 9.941179999999999461e-01 1.820000000000000003e-03 9.941200000000000037e-01 -1.082840000000000052e-01 4.209999999999999875e-04
7.000000000000000000e+00 1.200000000000000000e+01 1.500000000000000000e+01 0.000000000000000000e+00 1.600000000000000089e+00 -1.172000000000000082e-03 -3.993000000000000022e-03 -9.999909999999999632e-01 -4.664590000000000125e-01 -8.845330000000000137e-01 4.079000000000000160e-03 -8.845420000000000504e-01 4.664599999999999858e-01 -8.260000000000000198e-04
1.200000000000000000e+01 1.200000000000000000e+01 1.500000000000000000e+01 0.000000000000000000e+00 1.600000000000000089e+00 -3.608999999999999795e-03 -2.948999999999999799e-03 -9.999890000000000168e-01 -4.692359999999999864e-01 -8.830620000000000136e-01 4.297999999999999737e-03 -8.830660000000000176e-01 4.692459999999999964e-01 1.802999999999999915e-03
1.600000000000000000e+01 1.200000000000000000e+01 1.500000000000000000e+01 0.000000000000000000e+00 1.600000000000000089e+00 -3.420999999999999996e-03 -2.376000000000000074e-03 -9.999909999999999632e-01 -4.677339999999999831e-01 -8.838610000000000078e-01 3.700000000000000164e-03 -8.838629999999999542e-01 4.677430000000000199e-01 1.912999999999999987e-03
2.000000000000000000e+01 1.200000000000000000e+01 1.500000000000000000e+01 0.000000000000000000e+00 1.600000000000000089e+00 -1.227999999999999925e-03 -8.566999999999999962e-03 -9.999630000000000463e-01 -4.662899999999999823e-01 -8.845939999999999914e-01 8.151000000000000259e-03 -8.846309999999999452e-01 4.662830000000000030e-01 -2.909000000000000127e-03
2.400000000000000000e+01 1.200000000000000000e+01 1.500000000000000000e+01 0.000000000000000000e+00 1.600000000000000089e+00 -2.108000000000000065e-03 -5.782999999999999946e-03 -9.999810000000000088e-01 -4.671020000000000172e-01 -8.841820000000000235e-01 6.098000000000000122e-03 -8.842010000000000147e-01 4.671060000000000212e-01 -8.369999999999999619e-04
2.700000000000000000e+01 1.200000000000000000e+01 1.500000000000000000e+01 0.000000000000000000e+00 1.600000000000000089e+00 -1.551999999999999994e-03 1.297999999999999892e-03 -9.999980000000000535e-01 -4.694619999999999904e-01 -8.829519999999999591e-01 -4.169999999999999987e-04 -8.829510000000000414e-01 4.694610000000000172e-01 1.979999999999999989e-03
4.000000000000000000e+00 1.160000000000000000e+02 1.600000000000000000e+01 0.000000000000000000e+00 1.600000000000000089e+00 1.953000000000000092e-03 -1.402999999999999950e-03 9.999970000000000248e-01 7.151260000000000394e-01 6.989950000000000330e-01 -4.159999999999999744e-04 -6.989919999999999467e-01 7.151250000000000107e-01 2.367999999999999879e-03
9.000000000000000000e+00 1.160000000000000000e+02 1.600000000000000000e+01 0.000000000000000000e+00 1.600000000000000089e+00 3.510000000000000208e-04 1.057999999999999913e-03 9.999989999999999712e-01 7.249849999999999905e-01 6.887640000000000429e-01 -9.829999999999999329e-04 -6.887649999999999606e-01 7.249839999999999618e-01 -5.249999999999999676e-04
1.300000000000000000e+01 1.160000000000000000e+02 1.600000000000000000e+01 0.000000000000000000e+00 1.600000000000000089e+00 -1.382999999999999898e-03 -1.812999999999999941e-03 9.999970000000000248e-01 7.267019999999999591e-01 6.869490000000000318e-01 2.250999999999999963e-03 -6.869520000000000071e-01 7.267029999999999879e-01 3.669999999999999760e-04
1.600000000000000000e+01 1.160000000000000000e+02 1.600000000000000000e+01 0.000000000000000000e+00 1.600000000000000089e+00 -1.129000000000000012e-03 -8.639999999999999677e-04 9.999989999999999712e-01 6.963390000000000413e-01 7.177120000000000166e-01 1.405999999999999915e-03 -7.177130000000000454e-01 6.963390000000000413e-01 -2.079999999999999872e-04
5.000000000000000000e+00 2.000000000000000000e+00 1.900000000000000000e+01 0.000000000000000000e+00 1.600000000000000089e+00 1.602800000000000058e-02 -1.588600000000000081e-02 -9.997449999999999948e-01 2.335609999999999908e-01 -9.721530000000000449e-01 1.919200000000000073e-02 -9.722100000000000186e-01 -2.338089999999999891e-01 -1.187099999999999961e-02
9.000000000000000000e+00 2.000000000000000000e+00 1.900000000000000000e+01 0.000000000000000000e+00 1.600000000000000089e+00 1.233399999999999948e-02 -4.300000000000000003e-03 -9.999149999999999983e-01 2.342779999999999863e-01 -9.721440000000000081e-01 7.071000000000000028e-03 -9.720910000000000384e-01 -2.343459999999999988e-01 -1.098299999999999971e-02
1.300000000000000000e+01 2.000000000000000000e+00 1.900000000000000000e+01 0.000000000000000000e+00 1.600000000000000089e+00 6.739000000000000198e-03 -1.062500000000000076e-02 -9.999209999999999487e-01 2.262550000000000117e-01 -9.739959999999999729e-01 1.187399999999999914e-02 -9.740450000000000497e-01 -2.263169999999999904e-01 -4.159999999999999636e-03
2.800000000000000000e+01 2.000000000000000000e+00 1.900000000000000000e+01 0.000000000000000000e+00 1.600000000000000089e+00 2.027000000000000156e-03 1.283000000000000069e-03 -9.999970000000000248e-01 1.904830000000000134e-01 -9.816899999999999515e-01 -8.729999999999999696e-04 -9.816880000000000051e-01 -1.904800000000000104e-01 -2.233999999999999875e-03
7.000000000000000000e+00 1.300000000000000000e+01 2.000000000000000000e+01 0.000000000000000000e+00 1.600000000000000089e+00 1.727000000000000019e-03 1.394999999999999973e-03 9.999980000000000535e-01 2.632180000000000075e-01 9.647350000000000092e-01 -1.799999999999999951e-03 -9.647350000000000092e-01 2.632200000000000095e-01 1.299000000000000024e-03
1.600000000000000000e+01 1.300000000000000000e+01 2.000000000000000000e+01 0.000000000000000000e+00 1.600000000000000089e+00 -8.130000000000000291e-04 3.661000000000000192e-03 9.999930000000000208e-01 2.631939999999999835e-01 9.647369999999999557e-01 -3.318000000000000203e-03 -9.647430000000000172e-01 2.631890000000000063e-01 -1.747999999999999988e-03
2.300000000000000000e+01 1.300000000000000000e+01 2.000000000000000000e+01 0.000000000000000000e+00 1.600000000000000089e+00 -1.320000000000000101e-04 -2.991999999999999868e-03 9.999949999999999672e-01 2.600390000000000201e-01 9.655939999999999523e-01 2.922999999999999817e-03 -9.655979999999999563e-01 2.600379999999999914e-01 6.509999999999999945e-04
2.900000000000000000e+01 1.300000000000000000e+01 2.000000000000000000e+01 0.000000000000000000e+00 1.600000000000000089e+00 -1.688000000000000047e-03 -4.405000000000000061e-03 9.999890000000000168e-01 2.606209999999999916e-01 9.654300000000000104e-01 4.693000000000000123e-03 -9.654399999999999649e-01 2.606260000000000243e-01 -4.809999999999999823e-04
5.000000000000000000e+00 3.000000000000000000e+00 2.500000000000000000e+01 0.000000000000000000e+00 1.600000000000000089e+00 -3.217999999999999940e-03 -5.148999999999999931e-03 9.999820000000000375e-01 -3.618500000000000189e-02 -9.993309999999999693e-01 -5.262000000000000184e-03 9.993400000000000061e-01 -3.620099999999999707e-02 3.029000000000000008e-03
8.000000000000000000e+00 3.000000000000000000e+00 2.500000000000000000e+01 0.000000000000000000e+00 1.600000000000000089e+00 -1.657999999999999969e-03 7.487999999999999864e-03 9.999710000000000543e-01 -3.703100000000000142e-02 -9.992870000000000363e-01 7.421999999999999778e-03 9.993130000000000068e-01 -3.701700000000000129e-02 1.933999999999999955e-03
1.700000000000000000e+01 3.000000000000000000e+00 2.500000000000000000e+01 0.000000000000000000e+00 1.600000000000000089e+00 2.918000000000000021e-03 -1.990000000000000124e-04 9.999959999999999960e-01 -4.537100000000000161e-02 -9.989700000000000246e-01 -6.700000000000000226e-05 9.989660000000000206e-01 -4.537000000000000061e-02 -2.923999999999999950e-03
2.000000000000000000e+01 3.000000000000000000e+00 2.500000000000000000e+01 0.000000000000000000e+00 1.600000000000000089e+00 3.163000000000000013e-03 -2.829999999999999942e-04 9.999949999999999672e-01 -4.896500000000000158e-02 -9.988010000000000499e-01 -1.279999999999999942e-04 9.987960000000000171e-01 -4.896400000000000058e-02 -3.173000000000000039e-03
2.400000000000000000e+01 3.000000000000000000e+00 2.500000000000000000e+01 0.000000000000000000e+00 1.600000000000000089e+00 4.420000000000000101e-04 -4.335999999999999577e-03 9.999909999999999632e-01 -5.460799999999999682e-02 -9.984990000000000254e-01 -4.305999999999999932e-03 9.985079999999999512e-01 -5.460600000000000176e-02 -6.780000000000000002e-04
2.800000000000000000e+01 3.000000000000000000e+00 2.500000000000000000e+01 0.000000000000000000e+00 1.600000000000000089e+00 -1.520000000000000084e-03 8.949999999999999623e-04 9.999980000000000535e-01 -5.798999999999999988e-02 -9.983170000000000099e-01 8.050000000000000515e-04 9.983159999999999812e-01 -5.798899999999999888e-02 1.569000000000000082e-03
4.000000000000000000e+00 4.600000000000000000e+01 2.700000000000000000e+01 0.000000000000000000e+00 1.600000000000000089e+00 -6.970000000000000284e-04 1.693000000000000060e-03 -9.999980000000000535e-01 6.715210000000000345e-01 7.409850000000000048e-01 7.870000000000000476e-04 7.409860000000000335e-01 -6.715189999999999770e-01 -1.652999999999999955e-03
1.300000000000000000e+01 4.600000000000000000e+01 2.700000000000000000e+01 0.000000000000000000e+00 1.600000000000000089e+00 -5.039999999999999992e-04 2.220000000000000185e-03 -9.999970000000000248e-01 6.828969999999999763e-01 7.305139999999999967e-01 1.276999999999999923e-03 7.305150000000000254e-01 -6.828940000000000010e-01 -1.884999999999999957e-03
1.800000000000000000e+01 4.600000000000000000e+01 2.700000000000000000e+01 0.000000000000000000e+00 1.600000000000000089e+00 -1.230000000000000082e-04 -8.379999999999999862e-04 -1.000000000000000000e+00 6.795170000000000377e-01 7.336599999999999788e-01 -6.980000000000000527e-04 7.336599999999999788e-01 -6.795170000000000377e-01 4.789999999999999879e-04
2.800000000000000000e+01 4.600000000000000000e+01 2.700000000000000000e+01 0.000000000000000000e+00 1.600000000000000089e+00 -3.229999999999999907e-04 3.800000000000000209e-04 -1.000000000000000000e+00 6.777929999999999788e-01 7.352520000000000167e-01 6.000000000000000152e-05 7.352520000000000167e-01 -6.777929999999999788e-01 -4.949999999999999973e-04
1.300000000000000000e+01 4.600000000000000000e+01 3.000000000000000000e+01 0.000000000000000000e+00 1.600000000000000089e+00 -6.960000000000000041e-04 -6.539999999999999590e-04 -1.000000000000000000e+00 3.333139999999999992e-01 9.428149999999999586e-01 -8.490000000000000368e-04 9.428159999999999874e-01 -3.333149999999999724e-01 -4.380000000000000213e-04
2.200000000000000000e+01 4.600000000000000000e+01 3.000000000000000000e+01 0.000000000000000000e+00 1.600000000000000089e+00 1.310000000000000129e-04 -9.399999999999999719e-04 -1.000000000000000000e+00 3.317339999999999733e-01 9.433730000000000171e-01 -8.429999999999999993e-04 9.433730000000000171e-01 -3.317330000000000001e-01 4.360000000000000269e-04
5.000000000000000000e+00 5.800000000000000000e+01 3.100000000000000000e+01 0.000000000000000000e+00 1.600000000000000089e+00 4.762999999999999873e-03 1.327899999999999914e-02 9.999000000000000110e-01 -8.142209999999999726e-01 -5.804399999999999560e-01 1.158600000000000081e-02 5.805360000000000520e-01 -8.141950000000000021e-01 8.047000000000000333e-03
1.200000000000000000e+01 5.800000000000000000e+01 3.100000000000000000e+01 0.000000000000000000e+00 1.600000000000000089e+00 -1.631999999999999987e-03 -3.683000000000000076e-03 9.999919999999999920e-01 -8.147229999999999750e-01 -5.798410000000000508e-01 -3.465000000000000198e-03 5.798489999999999478e-01 -8.147219999999999462e-01 -2.054999999999999969e-03
1.700000000000000000e+01 5.800000000000000000e+01 3.100000000000000000e+01 0.000000000000000000e+00 1.600000000000000089e+00 3.879999999999999985e-04 -5.474999999999999832e-03 9.999850000000000128e-01 -8.119119999999999671e-01 -5.837719999999999576e-01 -2.880999999999999880e-03 5.837790000000000479e-01 -8.118990000000000373e-01 -4.670999999999999805e-03
2.200000000000000000e+01 5.800000000000000000e+01 3.100000000000000000e+01 0.000000000000000000e+00 1.600000000000000089e+00 -2.527000000000000166e-03 -1.170999999999999949e-03 9.999959999999999960e-01 -8.092510000000000536e-01 -5.874559999999999782e-01 -2.733000000000000186e-03 5.874570000000000070e-01 -8.092549999999999466e-01 5.370000000000000424e-04
2.600000000000000000e+01 5.800000000000000000e+01 3.100000000000000000e+01 0.000000000000000000e+00 1.600000000000000089e+00 -2.893999999999999871e-03 -9.009999999999999997e-04 9.999949999999999672e-01 -8.091000000000000414e-01 -5.876639999999999642e-01 -2.870999999999999854e-03 5.876630000000000464e-01 -8.091049999999999631e-01 9.719999999999999907e-04
1.400000000000000000e+01 6.000000000000000000e+00 3.200000000000000000e+01 0.000000000000000000e+00 1.600000000000000089e+00 -3.840000000000000097e-04 -4.207999999999999935e-03 -9.999909999999999632e-01 9.667499999999999705e-02 9.953070000000000528e-01 -4.224999999999999589e-03 9.953159999999999785e-01 -9.667599999999999805e-02 2.500000000000000120e-05
1.800000000000000000e+01 6.000000000000000000e+00 3.200000000000000000e+01 0.000000000000000000e+00 1.600000000000000089e+00 -1.689999999999999879e-04 -4.591999999999999728e-03 -9.999890000000000168e-01 1.000410000000000049e-01 9.949729999999999963e-01 -4.584999999999999666e-03 9.949829999999999508e-01 -1.000400000000000039e-01 2.910000000000000260e-04
1.300000000000000000e+01 5.900000000000000000e+01 3.200000000000000000e+01 0.000000000000000000e+00 1.600000000000000089e+00 2.599999999999999772e-04 -3.780000000000000265e-04 1.000000000000000000e+00 -7.257390000000000230e-01 -6.879699999999999704e-01 -7.100000000000000462e-05 6.879699999999999704e-01 -7.257390000000000230e-01 -4.530000000000000064e-04
5.000000000000000000e+00 4.600000000000000000e+01 3.500000000000000000e+01 0.000000000000000000e+00 1.600000000000000089e+00 1.814000000000000074e-03 3.004999999999999859e-03 -9.999940000000000495e-01 3.921169999999999933e-01 -9.199129999999999807e-01 -2.053000000000000137e-03 -9.199129999999999807e-01 -3.921109999999999873e-01 -2.847000000000000138e-03
1.000000000000000000e+01 4.600000000000000000e+01 3.500000000000000000e+01 0.000000000000000000e+00 1.600000000000000089e+00 1.423000000000000003e-03 -7.820000000000000345e-04 -9.999989999999999712e-01 3.919309999999999738e-01 -9.199939999999999785e-01 1.276999999999999923e-03 -9.199929999999999497e-01 -3.919329999999999758e-01 -1.002000000000000069e-03
1.500000000000000000e+01 4.600000000000000000e+01 3.500000000000000000e+01 0.000000000000000000e+00 1.600000000000000089e+00 -8.189999999999999581e-04 3.229000000000000099e-03 -9.999940000000000495e-01 3.905049999999999910e-01 -9.205950000000000522e-01 -3.291999999999999788e-03 -9.205999999999999739e-01 -3.905060000000000198e-01 -5.060000000000000478e-04
2.300000000000000000e+01 4.600000000000000000e+01 3.500000000000000000e+01 0.000000000000000000e+00 1.600000000000000089e+00 -4.809999999999999823e-04 -2.454000000000000018e-03 -9.999970000000000248e-01 3.902470000000000105e-01 -9.207079999999999709e-01 2.072000000000000057e-03 -9.207100000000000284e-01 -3.902450000000000085e-01 1.399999999999999986e-03
2.900000000000000000e+01 4.600000000000000000e+01 3.500000000000000000e+01 0.000000000000000000e+00 1.600000000000000089e+00 6.000000000000000152e-05 4.899999999999999842e-04 -1.000000000000000000e+00 3.913150000000000239e-01 -9.202569999999999917e-01 -4.279999999999999950e-04 -9.202569999999999917e-01 -3.913150000000000239e-01 -2.469999999999999865e-04
1.000000000000000000e+00 9.500000000000000000e+01 3.600000000000000000e+01 0.000000000000000000e+00 1.600000000000000089e+00 5.472999999999999567e-03 1.586699999999999916e-02 9.998590000000000533e-01 9.967070000000000096e-01 8.080900000000000583e-02 -6.738000000000000066e-03 -8.090500000000000469e-02 9.966030000000000166e-01 -1.537200000000000025e-02
6.000000000000000000e+00 9.500000000000000000e+01 3.700000000000000000e+01 0.000000000000000000e+00 1.600000000000000089e+00 1.042000000000000044e-02 -8.570000000000000144e-04 9.999449999999999728e-01 9.947230000000000238e-01 1.020780000000000021e-01 -1.027800000000000068e-02 -1.020630000000000009e-01 9.947759999999999936e-01 1.915999999999999951e-03
7.000000000000000000e+00 2.900000000000000000e+01 4.400000000000000000e+01 0.000000000000000000e+00 1.600000000000000089e+00 5.099999999999999960e-05 -1.399999999999999986e-03 -9.999989999999999712e-01 6.757079999999999753e-01 7.371689999999999632e-01 -9.970000000000000563e-04 7.371689999999999632e-01 -6.757069999999999466e-01 9.829999999999999329e-04
1.000000000000000000e+01 2.900000000000000000e+01 4.400000000000000000e+01 0.000000000000000000e+00 1.600000000000000089e+00 -2.699999999999999899e-05 1.905000000000000009e-03 -9.999980000000000535e-01 6.715400000000000258e-01 7.409670000000000423e-01 1.392999999999999924e-03 7.409679999999999600e-01 -6.715389999999999970e-01 -1.299000000000000024e-03
1.200000000000000000e+01 2.900000000000000000e+01 4.400000000000000000e+01 0.000000000000000000e+00 1.600000000000000089e+00 -6.669999999999999497e-04 3.030999999999999840e-03 -9.999949999999999672e-01 6.686389999999999834e-01 7.435850000000000515e-01 1.807999999999999928e-03 7.435869999999999980e-01 -6.686349999999999794e-01 -2.523000000000000069e-03
2.300000000000000000e+01 2.900000000000000000e+01 4.400000000000000000e+01 0.000000000000000000e+00 1.600000000000000089e+00 -2.610000000000000015e-04 -4.000000000000000192e-04 -1.000000000000000000e+00 6.678279999999999772e-01 7.443149999999999489e-01 -4.719999999999999803e-04 7.443149999999999489e-01 -6.678279999999999772e-01 7.299999999999999903e-05
2.900000000000000000e+01 2.900000000000000000e+01 4.400000000000000000e+01 0.000000000000000000e+00 1.600000000000000089e+00 3.779999999999999940e-03 -2.474000000000000071e-03 -9.999900000000000455e-01 6.756720000000000503e-01 7.372020000000000239e-01 7.299999999999999632e-04 7.371929999999999872e-01 -6.756680000000000463e-01 4.458000000000000157e-03
3.000000000000000000e+00 5.000000000000000000e+00 5.100000000000000000e+01 0.000000000000000000e+00 1.600000000000000089e+00 8.729000000000000647e-03 2.517999999999999839e-03 -9.999590000000000423e-01 4.818040000000000100e-01 -8.762769999999999726e-01 2.000000000000000042e-03 -8.762360000000000149e-01 -4.818009999999999793e-01 -8.862000000000000086e-03
1.100000000000000000e+01 5.000000000000000000e+00 5.100000000000000000e+01 0.000000000000000000e+00 1.600000000000000089e+00 -3.337000000000000122e-03 1.508999999999999925e-03 -9.999930000000000208e-01 4.840110000000000245e-01 -8.750569999999999737e-01 -2.935999999999999808e-03 -8.750550000000000272e-01 -4.840180000000000038e-01 2.190000000000000106e-03
1.600000000000000000e+01 5.000000000000000000e+00 5.100000000000000000e+01 0.000000000000000000e+00 1.600000000000000089e+00 -5.010000000000000347e-04 -2.090000000000000115e-04 -1.000000000000000000e+00 4.859919999999999796e-01 -8.739630000000000454e-01 -6.099999999999999872e-05 -8.739630000000000454e-01 -4.859919999999999796e-01 5.400000000000000069e-04
2.600000000000000000e+01 5.000000000000000000e+00 5.100000000000000000e+01 0.000000000000000000e+00 1.600000000000000089e+00 -1.783000000000000080e-03 -3.848999999999999991e-03 -9.999909999999999632e-01 4.835760000000000058e-01 -8.752990000000000492e-01 2.507000000000000114e-03 -8.753009999999999957e-01 -4.835670000000000246e-01 3.422000000000000128e-03
1.900000000000000000e+01 6.000000000000000000e+00 5.100000000000000000e+01 0.000000000000000000e+00 1.600000000000000089e+00 5.609999999999999752e-04 -2.719999999999999979e-04 -1.000000000000000000e+00 3.198500000000000232e-01 -9.474679999999999769e-01 4.369999999999999970e-04 -9.474679999999999769e-01 -3.198500000000000232e-01 -4.440000000000000045e-04
1.000000000000000000e+01 1.150000000000000000e+02 5.100000000000000000e+01 0.000000000000000000e+00 1.600000000000000089e+00 -2.239999999999999966e-04 -6.551000000000000399e-03 9.999780000000000335e-01 8.454099999999999948e-01 -5.341080000000000272e-01 -3.310000000000000008e-03 5.341179999999999817e-01 8.453910000000000036e-01 5.657999999999999835e-03
2.100000000000000000e+01 1.600000000000000000e+01 5.200000000000000000e+01 0.000000000000000000e+00 1.600000000000000089e+00 -1.640799999999999897e-02 -1.592700000000000018e-02 -9.997380000000000155e-01 7.812700000000000200e-01 6.237780000000000546e-01 -2.275999999999999898e-02 6.239770000000000039e-01 -7.814389999999999947e-01 2.207999999999999893e-03
2.300000000000000000e+01 1.600000000000000000e+01 5.200000000000000000e+01 0.000000000000000000e+00 1.600000000000000089e+00 -1.545799999999999952e-02 -2.322199999999999959e-02 -9.996110000000000273e-01 7.902949999999999697e-01 6.121560000000000334e-01 -2.644200000000000023e-02 6.125319999999999654e-01 -7.903959999999999875e-01 8.888999999999999332e-03
4.000000000000000000e+00 6.300000000000000000e+01 5.400000000000000000e+01 0.000000000000000000e+00 1.600000000000000089e+00 2.262000000000000122e-03 9.380000000000000317e-04 9.999970000000000248e-01 -3.419740000000000002e-01 9.397100000000000453e-01 -1.079999999999999960e-04 -9.397069999999999590e-01 -3.419719999999999982e-01 2.445999999999999824e-03
1.100000000000000000e+01 6.300000000000000000e+01 5.400000000000000000e+01 0.000000000000000000e+00 1.600000000000000089e+00 2.770000000000000110e-04 -1.720000000000000066e-04 1.000000000000000000e+00 -3.530249999999999777e-01 9.356139999999999457e-01 2.579999999999999828e-04 -9.356139999999999457e-01 -3.530249999999999777e-01 1.979999999999999881e-04
2.200000000000000000e+01 6.300000000000000000e+01 5.400000000000000000e+01 0.000000000000000000e+00 1.600000000000000089e+00 -4.970000000000000459e-04 -1.778000000000000067e-03 9.999980000000000535e-01 -3.475880000000000081e-01 9.376459999999999795e-01 1.495000000000000018e-03 -9.376470000000000082e-01 -3.475860000000000061e-01 -1.083999999999999894e-03
2.700000000000000000e+01 6.300000000000000000e+01 5.400000000000000000e+01 0.000000000000000000e+00 1.600000000000000089e+00 6.710000000000000469e-04 -2.509999999999999753e-04 1.000000000000000000e+00 -3.433140000000000081e-01 9.392200000000000548e-01 4.659999999999999971e-04 -9.392200000000000548e-01 -3.433149999999999813e-01 5.439999999999999957e-04
9.000000000000000000e+00 2.500000000000000000e+01 5.500000000000000000e+01 0.000000000000000000e+00 1.600000000000000089e+00 7.309999999999999875e-04 7.600000000000000418e-05 -1.000000000000000000e+00 -1.385400000000000000e-02 -9.999040000000000150e-01 -8.700000000000000051e-05 -9.999040000000000150e-01 1.385400000000000000e-02 -7.299999999999999632e-04
1.400000000000000000e+01 2.500000000000000000e+01 5.500000000000000000e+01 0.000000000000000000e+00 1.600000000000000089e+00 1.580000000000000024e-03 2.879000000000000049e-03 -9.999949999999999672e-01 -1.227600000000000045e-02 -9.999200000000000310e-01 -2.897999999999999968e-03 -9.999230000000000063e-01 1.227999999999999925e-02 -1.544000000000000017e-03
2.800000000000000000e+01 6.800000000000000000e+01 5.700000000000000000e+01 0.000000000000000000e+00 1.600000000000000089e+00 1.905999999999999925e-03 4.271999999999999756e-03 -9.999890000000000168e-01 -2.422439999999999871e-01 -9.702039999999999553e-01 -4.605999999999999851e-03 -9.702140000000000208e-01 2.422499999999999931e-01 -8.140000000000000534e-04
7.000000000000000000e+00 2.100000000000000000e+01 6.000000000000000000e+01 0.000000000000000000e+00 1.600000000000000089e+00 8.239999999999999712e-04 7.562000000000000145e-03 9.999710000000000543e-01 -9.637500000000000233e-02 9.953170000000000073e-01 -7.446999999999999627e-03 -9.953450000000000353e-01 -9.636599999999999333e-02 1.549000000000000030e-03
1.600000000000000000e+01 2.100000000000000000e+01 6.000000000000000000e+01 0.000000000000000000e+00 1.600000000000000089e+00 -8.459999999999999638e-04 -1.245999999999999929e-03 9.999989999999999712e-01 -9.782699999999999729e-02 9.952029999999999488e-01 1.157999999999999958e-03 -9.952029999999999488e-01 -9.782599999999999629e-02 -9.640000000000000131e-04
2.100000000000000000e+01 2.100000000000000000e+01 6.000000000000000000e+01 0.000000000000000000e+00 1.600000000000000089e+00 -2.935000000000000109e-03 -2.073999999999999889e-03 9.999940000000000495e-01 -9.673099999999999754e-02 9.953089999999999993e-01 1.779999999999999898e-03 -9.953060000000000240e-01 -9.672500000000000542e-02 -3.122000000000000209e-03
2.600000000000000000e+01 6.000000000000000000e+00 6.100000000000000000e+01 0.000000000000000000e+00 1.600000000000000089e+00 2.844999999999999873e-03 -6.993000000000000084e-03 9.999719999999999720e-01 5.687929999999999930e-01 -8.224479999999999569e-01 -7.369999999999999815e-03 8.224759999999999849e-01 5.687980000000000258e-01 1.637999999999999916e-03
1.400000000000000000e+01 3.000000000000000000e+00 6.300000000000000000e+01 0.000000000000000000e+00 1.600000000000000089e+00 -5.180000000000000143e-04 2.129999999999999949e-03 9.999980000000000535e-01 -6.157219999999999915e-01 7.879610000000000225e-01 -1.998000000000000210e-03 -7.879629999999999690e-01 -6.157219999999999915e-01 9.039999999999999642e-04
3.000000000000000000e+00 2.700000000000000000e+01 6.300000000000000000e+01 0.000000000000000000e+00 1.600000000000000089e+00 -2.177999999999999815e-03 4.960000000000000216e-04 9.999970000000000248e-01 -2.744010000000000060e-01 9.616149999999999975e-01 -1.074000000000000085e-03 -9.616130000000000511e-01 -2.744030000000000080e-01 -1.958999999999999804e-03
1.100000000000000000e+01 2.700000000000000000e+01 6.300000000000000000e+01 0.000000000000000000e+00 1.600000000000000089e+00 5.609999999999999752e-04 -1.144000000000000052e-03 9.999989999999999712e-01 -2.713729999999999754e-01 9.624730000000000230e-01 1.253999999999999906e-03 -9.624740000000000517e-01 -2.713729999999999754e-01 2.300000000000000070e-04
1.600000000000000000e+01 2.700000000000000000e+01 6.300000000000000000e+01 0.000000000000000000e+00 1.600000000000000089e+00 -1.147999999999999932e-03 5.779999999999999548e-04 9.999989999999999712e-01 -2.700919999999999987e-01 9.628339999999999677e-01 -8.660000000000000163e-04 -9.628339999999999677e-01 -2.700930000000000275e-01 -9.489999999999999738e-04
2.100000000000000000e+01 2.700000000000000000e+01 6.300000000000000000e+01 0.000000000000000000e+00 1.600000000000000089e+00 -2.478000000000000168e-03 -4.185000000000000352e-03 9.999879999999999880e-01 -2.708740000000000037e-01 9.626090000000000479e-01 3.357999999999999874e-03 -9.626120000000000232e-01 -2.708619999999999917e-01 -3.518999999999999993e-03
2.500000000000000000e+01 2.700000000000000000e+01 6.300000000000000000e+01 0.000000000000000000e+00 1.600000000000000089e+00 -2.979999999999999793e-04 -1.069000000000000072e-03 9.999989999999999712e-01 -2.737029999999999741e-01 9.618139999999999468e-01 9.460000000000000093e-04 -9.618139999999999468e-01 -2.737029999999999741e-01 -5.800000000000000034e-04
2.000000000000000000e+00 2.600000000000000000e+01 6.400000000000000000e+01 0.000000000000000000e+00 1.600000000000000089e+00 -2.667999999999999799e-03 1.768000000000000040e-03 9.999949999999999672e-01 -3.600369999999999959e-01 9.329349999999999588e-01 -2.609999999999999907e-03 -9.329340000000000410e-01 -3.600419999999999732e-01 -1.853000000000000046e-03
7.000000000000000000e+00 2.600000000000000000e+01 6.400000000000000000e+01 0.000000000000000000e+00 1.600000000000000089e+00 4.350000000000000026e-04 4.769999999999999934e-04 1.000000000000000000e+00 -3.592270000000000185e-01 9.332500000000000240e-01 -2.889999999999999774e-04 -9.332500000000000240e-01 -3.592270000000000185e-01 5.770000000000000389e-04
1.000000000000000000e+01 2.600000000000000000e+01 6.400000000000000000e+01 0.000000000000000000e+00 1.600000000000000089e+00 6.329999999999999906e-04 -1.508000000000000009e-03 9.999989999999999712e-01 -3.559519999999999906e-01 9.345029999999999726e-01 1.634000000000000036e-03 -9.345040000000000013e-01 -3.559530000000000194e-01 5.399999999999999798e-05
1.300000000000000000e+01 2.600000000000000000e+01 6.400000000000000000e+01 0.000000000000000000e+00 1.600000000000000089e+00 -6.999999999999999387e-05 -1.988999999999999883e-03 9.999980000000000535e-01 -3.549619999999999997e-01 9.348790000000000155e-01 1.833999999999999910e-03 -9.348809999999999620e-01 -3.549619999999999997e-01 -7.709999999999999840e-04
2.100000000000000000e+01 2.600000000000000000e+01 6.400000000000000000e+01 0.000000000000000000e+00 1.600000000000000089e+00 -1.918000000000000000e-03 -3.402000000000000076e-03 9.999919999999999920e-01 -3.549990000000000090e-01 9.348629999999999995e-01 2.498999999999999919e-03 -9.348649999999999460e-01 -3.549910000000000010e-01 -3.000000000000000062e-03
2.600000000000000000e+01 2.600000000000000000e+01 6.400000000000000000e+01 0.000000000000000000e+00 1.600000000000000089e+00 5.550000000000000462e-04 -1.420000000000000092e-04 1.000000000000000000e+00 -3.572299999999999920e-01 9.340159999999999574e-01 3.310000000000000225e-04 -9.340159999999999574e-01 -3.572299999999999920e-01 4.679999999999999915e-04
6.000000000000000000e+00 6.900000000000000000e+01 6.600000000000000000e+01 0.000000000000000000e+00 1.600000000000000089e+00 -9.770000000000000039e-04 2.200000000000000133e-03 9.999970000000000248e-01 -9.513690000000000202e-01 3.080499999999999905e-01 -1.606999999999999922e-03 -3.080530000000000213e-01 -9.513669999999999627e-01 1.791999999999999973e-03
1.500000000000000000e+01 6.900000000000000000e+01 6.600000000000000000e+01 0.000000000000000000e+00 1.600000000000000089e+00 -1.193000000000000050e-03 3.699999999999999947e-04 9.999989999999999712e-01 -9.512960000000000305e-01 3.082750000000000212e-01 -1.248999999999999893e-03 -3.082750000000000212e-01 -9.512969999999999482e-01 -1.599999999999999928e-05
6.000000000000000000e+00 2.500000000000000000e+01 7.300000000000000000e+01 0.000000000000000000e+00 1.600000000000000089e+00 -3.318999999999999902e-03 -7.056999999999999905e-03 9.999700000000000255e-01 7.382670000000000066e-01 -6.745050000000000212e-01 -2.309999999999999987e-03 6.745010000000000172e-01 7.382360000000000033e-01 7.447999999999999760e-03
1.200000000000000000e+01 2.500000000000000000e+01 7.300000000000000000e+01 0.000000000000000000e+00 1.600000000000000089e+00 -1.876000000000000063e-03 -4.403999999999999929e-03 9.999890000000000168e-01 7.349670000000000369e-01 -6.781009999999999538e-01 -1.606999999999999922e-03 6.781009999999999538e-01 7.349550000000000249e-01 4.508999999999999987e-03
2.000000000000000000e+01 2.500000000000000000e+01 7.300000000000000000e+01 0.000000000000000000e+00 1.600000000000000089e+00 -1.304999999999999953e-03 3.853999999999999787e-03 9.999919999999999920e-01 7.426899999999999613e-01 -6.696260000000000545e-01 3.550000000000000204e-03 6.696339999999999515e-01 7.426880000000000148e-01 -1.988999999999999883e-03
