1.000000000000000000e+01 1.900000000000000000e+01 5.000000000000000000e+00 0.000000000000000000e+00 1.600000000000000089e+00 5.139999999999999604e-03 4.525999999999999641e-03 -9.999770000000000048e-01 -6.941119999999999512e-01 -7.198339999999999739e-01 -6.825999999999999603e-03 -7.198480000000000434e-01 6.941310000000000535e-01 -5.590000000000000351e-04
2.300000000000000000e+01 1.000000000000000000e+01 7.000000000000000000e+00 0.000000000000000000e+00 1.600000000000000089e+00 3.274799999999999933e-02 -7.905999999999999833e-03 9.994319999999999871e-01 7.948330000000000117e-01 -6.060440000000000271e-01 -3.083800000000000083e-02 6.059440000000000381e-01 7.953919999999999879e-01 -1.356199999999999940e-02
1.700000000000000000e+01 1.010000000000000000e+02 7.000000000000000000e+00 0.000000000000000000e+00 1.600000000000000089e+00 9.560000000000000355e-04 -2.750000000000000166e-04 9.999989999999999712e-01 8.862269999999999870e-01 4.632510000000000239e-01 -7.200000000000000453e-04 -4.632499999999999951e-01 8.862269999999999870e-01 6.870000000000000022e-04
2.000000000000000000e+01 1.010000000000000000e+02 7.000000000000000000e+00 0.000000000000000000e+00 1.600000000000000089e+00 -1.859999999999999945e-04 -2.834000000000000147e-03 9.999959999999999960e-01 8.870590000000000419e-01 4.616540000000000088e-01 1.472999999999999917e-03 -4.616560000000000108e-01 8.870559999999999556e-01 2.428000000000000037e-03
2.700000000000000000e+01 1.010000000000000000e+02 7.000000000000000000e+00 0.000000000000000000e+00 1.600000000000000089e+00 -3.268000000000000071e-03 -9.645000000000000795e-03 9.999479999999999480e-01 8.874520000000000186e-01 4.608419999999999739e-01 7.344999999999999966e-03 -4.608889999999999931e-01 8.874300000000000521e-01 7.054000000000000374e-03
3.000000000000000000e+00 2.500000000000000000e+01 8.000000000000000000e+00 0.000000000000000000e+00 1.600000000000000089e+00 1.918000000000000000e-03 2.991000000000000169e-03 -9.999940000000000495e-01 4.356459999999999777e-01 9.001109999999999944e-01 3.527999999999999886e-03 9.001160000000000272e-01 -4.356499999999999817e-01 4.229999999999999819e-04
7.000000000000000000e+00 2.500000000000000000e+01 8.000000000000000000e+00 0.000000000000000000e+00 1.600000000000000089e+00 2.210999999999999858e-03 1.356999999999999916e-03 -9.999970000000000248e-01 4.359609999999999874e-01 8.999629999999999574e-01 2.186000000000000009e-03 8.999629999999999574e-01 -4.359649999999999914e-01 1.397999999999999937e-03
1.300000000000000000e+01 2.500000000000000000e+01 8.000000000000000000e+00 0.000000000000000000e+00 1.600000000000000089e+00 -1.955000000000000140e-03 1.340000000000000045e-03 -9.999970000000000248e-01 4.321909999999999918e-01 9.017819999999999725e-01 3.629999999999999872e-04 9.017800000000000260e-01 -4.321889999999999898e-01 -2.341999999999999898e-03
1.700000000000000000e+01 2.500000000000000000e+01 8.000000000000000000e+00 0.000000000000000000e+00 1.600000000000000089e+00 -2.028999999999999988e-03 -1.860000000000000108e-03 -9.999959999999999960e-01 4.324299999999999811e-01 9.016640000000000210e-01 -2.553999999999999847e-03 9.016650000000000498e-01 -4.324339999999999851e-01 -1.025000000000000086e-03
2.300000000000000000e+01 2.500000000000000000e+01 8.000000000000000000e+00 0.000000000000000000e+00 1.600000000000000089e+00 1.373000000000000088e-03 9.259999999999999568e-04 -9.999989999999999712e-01 4.368150000000000088e-01 8.995499999999999607e-01 1.433000000000000029e-03 8.995499999999999607e-01 -4.368159999999999821e-01 8.300000000000000086e-04
3.000000000000000000e+01 2.500000000000000000e+01 8.000000000000000000e+00 0.000000000000000000e+00 1.600000000000000089e+00 2.255000000000000060e-03 3.857000000000000185e-03 -9.999900000000000455e-01 4.362800000000000011e-01 8.998000000000000442e-01 4.453999999999999626e-03 8.998080000000000522e-01 -4.362849999999999784e-01 3.460000000000000076e-04
3.000000000000000000e+00 2.400000000000000000e+01 9.000000000000000000e+00 0.000000000000000000e+00 1.600000000000000089e+00 1.508999999999999925e-03 4.061999999999999639e-03 -9.999909999999999632e-01 4.413560000000000261e-01 8.973219999999999530e-01 4.310999999999999728e-03 8.973309999999999897e-01 -4.413579999999999726e-01 -4.380000000000000213e-04
8.000000000000000000e+00 2.400000000000000000e+01 9.000000000000000000e+00 0.000000000000000000e+00 1.600000000000000089e+00 1.539000000000000003e-03 2.609999999999999907e-03 -9.999949999999999672e-01 4.419259999999999855e-01 8.970470000000000388e-01 3.021999999999999947e-03 8.970500000000000140e-01 -4.419279999999999875e-01 2.269999999999999882e-04
1.200000000000000000e+01 2.400000000000000000e+01 9.000000000000000000e+00 0.000000000000000000e+00 1.600000000000000089e+00 -3.519999999999999908e-04 2.334000000000000137e-03 -9.999970000000000248e-01 4.377869999999999817e-01 8.990770000000000151e-01 1.943999999999999981e-03 8.990789999999999615e-01 -4.377849999999999797e-01 -1.337999999999999997e-03
2.000000000000000000e+01 2.400000000000000000e+01 9.000000000000000000e+00 0.000000000000000000e+00 1.600000000000000089e+00 -5.800000000000000034e-04 -2.413999999999999913e-03 -9.999970000000000248e-01 4.409750000000000059e-01 8.975159999999999805e-01 -2.422999999999999807e-03 8.975189999999999557e-01 -4.409750000000000059e-01 5.439999999999999957e-04
2.300000000000000000e+01 2.400000000000000000e+01 9.000000000000000000e+00 0.000000000000000000e+00 1.600000000000000089e+00 1.312999999999999931e-03 5.999999999999999474e-04 -9.999989999999999712e-01 4.435149999999999926e-01 8.962660000000000071e-01 1.119999999999999902e-03 8.962660000000000071e-01 -4.435160000000000213e-01 9.100000000000000016e-04
2.600000000000000000e+01 2.400000000000000000e+01 9.000000000000000000e+00 0.000000000000000000e+00 1.600000000000000089e+00 1.422000000000000087e-03 3.886999999999999830e-03 -9.999909999999999632e-01 4.430560000000000054e-01 8.964849999999999763e-01 4.113999999999999602e-03 8.964929999999999843e-01 -4.430580000000000074e-01 -4.470000000000000232e-04
8.000000000000000000e+00 8.000000000000000000e+00 1.000000000000000000e+01 0.000000000000000000e+00 1.600000000000000089e+00 9.014400000000000190e-02 5.177400000000000058e-02 -9.945819999999999661e-01 -9.850109999999999699e-01 -1.428300000000000125e-01 -9.671100000000000529e-02 -1.470629999999999993e-01 9.883920000000000483e-01 3.812299999999999717e-02
2.000000000000000000e+00 3.000000000000000000e+00 1.100000000000000000e+01 0.000000000000000000e+00 1.600000000000000089e+00 5.003999999999999768e-03 1.104340000000000044e-01 9.938709999999999489e-01 1.171859999999999985e-01 -9.870999999999999774e-01 1.090919999999999945e-01 9.930970000000000075e-01 1.159219999999999973e-01 -1.788100000000000106e-02
6.000000000000000000e+00 4.000000000000000000e+00 1.100000000000000000e+01 0.000000000000000000e+00 1.600000000000000089e+00 -9.550000000000000112e-04 1.140329999999999955e-01 9.934760000000000257e-01 1.537930000000000130e-01 -9.816409999999999858e-01 1.128230000000000066e-01 9.881029999999999536e-01 1.528980000000000061e-01 -1.660000000000000017e-02
2.600000000000000000e+01 4.000000000000000000e+00 1.100000000000000000e+01 0.000000000000000000e+00 1.600000000000000089e+00 8.200000000000000095e-05 -2.230400000000000091e-02 9.997509999999999453e-01 1.739360000000000073e-01 -9.845120000000000537e-01 -2.197800000000000101e-02 9.847569999999999935e-01 1.738949999999999940e-01 3.798999999999999860e-03
2.900000000000000000e+01 4.000000000000000000e+00 1.100000000000000000e+01 0.000000000000000000e+00 1.600000000000000089e+00 1.629000000000000023e-03 -3.593799999999999772e-02 9.993530000000000468e-01 1.790799999999999892e-01 -9.831889999999999796e-01 -3.564900000000000013e-02 9.838329999999999576e-01 1.790219999999999867e-01 4.833999999999999755e-03
2.400000000000000000e+01 3.200000000000000000e+01 1.400000000000000000e+01 0.000000000000000000e+00 1.600000000000000089e+00 -5.879999999999999810e-04 1.200000000000000030e-04 -1.000000000000000000e+00 1.216050000000000048e-01 9.925789999999999891e-01 4.699999999999999724e-05 9.925779999999999603e-01 -1.216050000000000048e-01 -5.980000000000000072e-04
2.800000000000000000e+01 3.200000000000000000e+01 1.400000000000000000e+01 0.000000000000000000e+00 1.600000000000000089e+00 1.640000000000000019e-04 7.808999999999999969e-03 -9.999689999999999968e-01 1.213869999999999949e-01 9.925749999999999851e-01 7.771000000000000130e-03 9.926049999999999596e-01 -1.213840000000000058e-01 -7.849999999999999990e-04
1.400000000000000000e+01 1.200000000000000000e+01 1.600000000000000000e+01 0.000000000000000000e+00 1.600000000000000089e+00 1.422000000000000087e-03 -1.930000000000000021e-04 9.999989999999999712e-01 2.640799999999999814e-01 -9.645000000000000240e-01 -5.619999999999999996e-04 9.645000000000000240e-01 2.640810000000000102e-01 -1.319999999999999993e-03
3.000000000000000000e+00 1.160000000000000000e+02 1.600000000000000000e+01 0.000000000000000000e+00 1.600000000000000089e+00 -2.066999999999999827e-03 2.649999999999999903e-04 9.999980000000000535e-01 7.408590000000000453e-01 6.716590000000000060e-01 1.353999999999999952e-03 -6.716569999999999485e-01 7.408599999999999630e-01 -1.585000000000000037e-03
8.000000000000000000e+00 1.160000000000000000e+02 1.600000000000000000e+01 0.000000000000000000e+00 1.600000000000000089e+00 -2.513000000000000043e-03 -7.230000000000000098e-04 9.999970000000000248e-01 7.501520000000000410e-01 6.612620000000000164e-01 2.364000000000000216e-03 -6.612609999999999877e-01 7.501550000000000162e-01 -1.118999999999999986e-03
1.100000000000000000e+01 1.160000000000000000e+02 1.600000000000000000e+01 0.000000000000000000e+00 1.600000000000000089e+00 -3.954000000000000049e-03 -2.294000000000000032e-03 9.999900000000000455e-01 7.517160000000000508e-01 6.594719999999999471e-01 4.485000000000000271e-03 -6.594750000000000334e-01 7.517260000000000053e-01 -8.829999999999999958e-04
2.800000000000000000e+01 1.160000000000000000e+02 1.600000000000000000e+01 0.000000000000000000e+00 1.600000000000000089e+00 1.366999999999999943e-03 1.051000000000000068e-03 9.999980000000000535e-01 7.083369999999999944e-01 7.058720000000000550e-01 -1.709999999999999932e-03 -7.058729999999999727e-01 7.083390000000000519e-01 2.210000000000000050e-04
1.400000000000000000e+01 2.000000000000000000e+00 1.900000000000000000e+01 0.000000000000000000e+00 1.600000000000000089e+00 4.500000000000000283e-05 -1.958199999999999871e-02 -9.998080000000000300e-01 3.573830000000000062e-01 -9.337790000000000257e-01 1.830499999999999836e-02 -9.339579999999999549e-01 -3.573149999999999937e-01 6.956000000000000377e-03
2.400000000000000000e+01 2.000000000000000000e+00 1.900000000000000000e+01 0.000000000000000000e+00 1.600000000000000089e+00 6.157000000000000146e-03 -1.764900000000000149e-02 -9.998249999999999638e-01 3.592369999999999730e-01 -9.330589999999999717e-01 1.868300000000000169e-02 -9.332260000000000000e-01 -3.592890000000000250e-01 5.950000000000000427e-04
4.000000000000000000e+00 3.000000000000000000e+00 1.900000000000000000e+01 0.000000000000000000e+00 1.600000000000000089e+00 -4.186999999999999750e-03 4.418600000000000305e-02 -9.990139999999999576e-01 3.539200000000000124e-01 -9.342960000000000154e-01 -4.280699999999999783e-02 -9.352660000000000418e-01 -3.537509999999999821e-01 -1.172600000000000031e-02
8.000000000000000000e+00 3.000000000000000000e+00 1.900000000000000000e+01 0.000000000000000000e+00 1.600000000000000089e+00 -5.159999999999999656e-03 2.722300000000000067e-02 -9.996159999999999490e-01 3.512910000000000199e-01 -9.358680000000000332e-01 -2.730000000000000135e-02 -9.362519999999999731e-01 -3.512970000000000259e-01 -4.734000000000000360e-03
1.500000000000000000e+01 3.000000000000000000e+00 1.900000000000000000e+01 0.000000000000000000e+00 1.600000000000000089e+00 -6.089999999999999494e-04 -2.151399999999999840e-02 -9.997679999999999900e-01 3.392209999999999948e-01 -9.404930000000000234e-01 2.003200000000000119e-02 -9.407060000000000421e-01 -3.391310000000000158e-01 7.870999999999999525e-03
2.500000000000000000e+01 3.000000000000000000e+00 1.900000000000000000e+01 0.000000000000000000e+00 1.600000000000000089e+00 4.623000000000000373e-03 -1.057100000000000053e-02 -9.999329999999999607e-01 3.311020000000000074e-01 -9.435249999999999471e-01 1.150600000000000060e-02 -9.435839999999999783e-01 -3.311330000000000107e-01 -8.620000000000000275e-04
2.900000000000000000e+01 3.000000000000000000e+00 1.900000000000000000e+01 0.000000000000000000e+00 1.600000000000000089e+00 -2.579999999999999828e-04 -7.842999999999999278e-03 -9.999689999999999968e-01 3.313849999999999851e-01 -9.434669999999999446e-01 7.314000000000000189e-03 -9.434960000000000013e-01 -3.313729999999999731e-01 2.841999999999999908e-03
5.000000000000000000e+00 1.300000000000000000e+01 2.000000000000000000e+01 0.000000000000000000e+00 1.600000000000000089e+00 8.000000000000000654e-05 -3.178999999999999968e-03 9.999949999999999672e-01 2.604620000000000268e-01 9.654789999999999761e-01 3.049000000000000061e-03 -9.654840000000000089e-01 2.604609999999999981e-01 9.049999999999999885e-04
1.200000000000000000e+01 1.300000000000000000e+01 2.000000000000000000e+01 0.000000000000000000e+00 1.600000000000000089e+00 5.240000000000000517e-04 1.582000000000000073e-03 9.999989999999999712e-01 2.633460000000000245e-01 9.647000000000000020e-01 -1.663999999999999898e-03 -9.647010000000000307e-01 2.633460000000000245e-01 8.899999999999999491e-05
1.600000000000000000e+01 1.300000000000000000e+01 2.000000000000000000e+01 0.000000000000000000e+00 1.600000000000000089e+00 7.560000000000000530e-04 4.840999999999999817e-03 9.999879999999999880e-01 2.635689999999999977e-01 9.646280000000000410e-01 -4.869000000000000064e-03 -9.646400000000000530e-01 2.635689999999999977e-01 -5.469999999999999602e-04
2.000000000000000000e+01 1.300000000000000000e+01 2.000000000000000000e+01 0.000000000000000000e+00 1.600000000000000089e+00 5.770000000000000389e-04 1.105000000000000079e-03 9.999989999999999712e-01 2.614469999999999850e-01 9.652169999999999916e-01 -1.217999999999999899e-03 -9.652180000000000204e-01 2.614480000000000137e-01 2.680000000000000090e-04
2.700000000000000000e+01 1.300000000000000000e+01 2.000000000000000000e+01 0.000000000000000000e+00 1.600000000000000089e+00 -1.000000000000000048e-04 -1.227000000000000009e-03 9.999989999999999712e-01 2.594460000000000099e-01 9.657569999999999766e-01 1.211000000000000054e-03 -9.657580000000000053e-01 2.594460000000000099e-01 2.220000000000000022e-04
1.200000000000000000e+01 1.600000000000000000e+01 2.100000000000000000e+01 0.000000000000000000e+00 1.600000000000000089e+00 5.320000000000000293e-04 2.079000000000000119e-03 9.999980000000000535e-01 3.002130000000000076e-01 9.538699999999999957e-01 -2.142999999999999940e-03 -9.538720000000000532e-01 3.002130000000000076e-01 -1.160000000000000007e-04
1.900000000000000000e+01 1.600000000000000000e+01 2.100000000000000000e+01 0.000000000000000000e+00 1.600000000000000089e+00 3.609999999999999928e-04 2.671000000000000197e-03 9.999959999999999960e-01 2.991219999999999990e-01 9.542110000000000314e-01 -2.657000000000000074e-03 -9.542150000000000354e-01 2.991219999999999990e-01 -4.539999999999999765e-04
1.800000000000000000e+01 2.000000000000000000e+00 2.500000000000000000e+01 0.000000000000000000e+00 1.600000000000000089e+00 1.016399999999999942e-02 -3.532400000000000123e-02 9.993239999999999901e-01 8.536199999999999344e-02 -9.956970000000000542e-01 -3.606399999999999884e-02 9.962980000000000169e-01 8.567099999999999715e-02 -7.105000000000000204e-03
9.000000000000000000e+00 3.000000000000000000e+00 2.500000000000000000e+01 0.000000000000000000e+00 1.600000000000000089e+00 -4.620000000000000083e-04 8.944000000000000561e-03 9.999599999999999600e-01 3.563899999999999707e-02 -9.993250000000000188e-01 8.954999999999999419e-03 9.993649999999999478e-01 3.564200000000000007e-02 1.430000000000000064e-04
1.700000000000000000e+01 3.000000000000000000e+00 2.500000000000000000e+01 0.000000000000000000e+00 1.600000000000000089e+00 5.898999999999999730e-03 -3.119699999999999904e-02 9.994960000000000511e-01 4.073000000000000231e-03 -9.995039999999999480e-01 -3.122099999999999875e-02 9.999740000000000295e-01 4.255000000000000102e-03 -5.768999999999999823e-03
2.400000000000000000e+01 3.000000000000000000e+00 2.500000000000000000e+01 0.000000000000000000e+00 1.600000000000000089e+00 3.131999999999999802e-03 -1.064299999999999968e-02 9.999379999999999935e-01 -3.278500000000000164e-02 -9.994070000000000453e-01 -1.053399999999999996e-02 9.994570000000000398e-01 -3.275000000000000133e-02 -3.478999999999999888e-03
4.000000000000000000e+00 4.600000000000000000e+01 2.700000000000000000e+01 0.000000000000000000e+00 1.600000000000000089e+00 1.160000000000000007e-04 8.260000000000000198e-04 -1.000000000000000000e+00 6.819389999999999619e-01 7.314089999999999758e-01 6.840000000000000377e-04 7.314089999999999758e-01 -6.819380000000000441e-01 -4.789999999999999879e-04
3.000000000000000000e+00 4.600000000000000000e+01 3.500000000000000000e+01 0.000000000000000000e+00 1.600000000000000089e+00 1.330000000000000073e-04 3.432000000000000155e-03 -9.999940000000000495e-01 3.927039999999999975e-01 -9.196600000000000330e-01 -3.103999999999999988e-03 -9.196649999999999547e-01 -3.927010000000000223e-01 -1.469999999999999953e-03
1.200000000000000000e+01 4.600000000000000000e+01 3.500000000000000000e+01 0.000000000000000000e+00 1.600000000000000089e+00 -8.630000000000000518e-04 -2.776999999999999955e-03 -9.999959999999999960e-01 3.922399999999999776e-01 -9.198600000000000110e-01 2.216000000000000088e-03 -9.198629999999999862e-01 -3.922359999999999736e-01 1.882999999999999908e-03
2.000000000000000000e+01 4.600000000000000000e+01 3.500000000000000000e+01 0.000000000000000000e+00 1.600000000000000089e+00 -4.000000000000000327e-05 1.789999999999999870e-04 -1.000000000000000000e+00 3.917209999999999859e-01 -9.200840000000000130e-01 -1.800000000000000113e-04 -9.200840000000000130e-01 -3.917209999999999859e-01 -3.300000000000000253e-05
5.000000000000000000e+00 9.500000000000000000e+01 3.600000000000000000e+01 0.000000000000000000e+00 1.600000000000000089e+00 -6.577000000000000381e-03 -8.083999999999999173e-03 9.999460000000000015e-01 9.957709999999999617e-01 9.158099999999999574e-02 7.289999999999999605e-03 -9.163499999999999424e-02 9.957650000000000112e-01 7.447999999999999760e-03
2.200000000000000000e+01 9.500000000000000000e+01 3.600000000000000000e+01 0.000000000000000000e+00 1.600000000000000089e+00 3.177999999999999835e-03 9.632999999999999202e-03 9.999489999999999768e-01 9.967019999999999769e-01 8.105099999999999805e-02 -3.949000000000000253e-03 -8.108500000000000429e-02 9.966629999999999656e-01 -9.343999999999999875e-03
2.800000000000000000e+01 9.500000000000000000e+01 3.600000000000000000e+01 0.000000000000000000e+00 1.600000000000000089e+00 1.396000000000000105e-03 8.172999999999999710e-03 9.999660000000000215e-01 9.962499999999999689e-01 8.649600000000000344e-02 -2.098000000000000038e-03 -8.651100000000000456e-02 9.962189999999999657e-01 -8.021000000000000352e-03
1.500000000000000000e+01 9.500000000000000000e+01 3.700000000000000000e+01 0.000000000000000000e+00 1.600000000000000089e+00 -1.626999999999999974e-03 -1.145900000000000044e-02 9.999329999999999607e-01 9.948280000000000456e-01 1.015390000000000043e-01 2.782000000000000185e-03 -1.015640000000000015e-01 9.947660000000000391e-01 1.123399999999999919e-02
9.000000000000000000e+00 6.000000000000000000e+01 3.900000000000000000e+01 0.000000000000000000e+00 1.600000000000000089e+00 -1.340000000000000045e-03 -1.140399999999999921e-02 -9.999339999999999895e-01 2.963149999999999951e-01 -9.550330000000000208e-01 1.049399999999999986e-02 -9.550889999999999658e-01 -2.962810000000000166e-01 4.658999999999999947e-03
3.000000000000000000e+00 2.900000000000000000e+01 4.400000000000000000e+01 0.000000000000000000e+00 1.600000000000000089e+00 -1.523999999999999964e-03 -1.840999999999999972e-03 -9.999970000000000248e-01 6.543379999999999752e-01 7.561980000000000368e-01 -2.390000000000000197e-03 7.561999999999999833e-01 -6.543400000000000327e-01 5.199999999999999680e-05
1.100000000000000000e+01 2.900000000000000000e+01 4.400000000000000000e+01 0.000000000000000000e+00 1.600000000000000089e+00 -1.590999999999999966e-03 -3.154000000000000119e-03 -9.999940000000000495e-01 6.610430000000000472e-01 7.503400000000000070e-01 -3.419000000000000164e-03 7.503459999999999575e-01 -6.610449999999999937e-01 8.909999999999999734e-04
2.000000000000000000e+01 2.900000000000000000e+01 4.400000000000000000e+01 0.000000000000000000e+00 1.600000000000000089e+00 3.060000000000000111e-04 -1.840000000000000001e-04 -1.000000000000000000e+00 6.616060000000000274e-01 7.498510000000000453e-01 6.399999999999999710e-05 7.498510000000000453e-01 -6.616060000000000274e-01 3.510000000000000208e-04
6.000000000000000000e+00 4.000000000000000000e+00 5.000000000000000000e+01 0.000000000000000000e+00 1.600000000000000089e+00 1.190000000000000085e-03 -3.400999999999999943e-03 -9.999930000000000208e-01 5.327429999999999666e-01 -8.462699999999999667e-01 3.511999999999999931e-03 -8.462760000000000282e-01 -5.327439999999999953e-01 8.050000000000000515e-04
2.500000000000000000e+01 5.000000000000000000e+00 5.100000000000000000e+01 0.000000000000000000e+00 1.600000000000000089e+00 2.199999999999999943e-05 7.301000000000000198e-03 -9.999730000000000008e-01 4.886119999999999908e-01 -8.724779999999999758e-01 -6.360000000000000202e-03 -8.725009999999999710e-01 -4.885990000000000055e-01 -3.586000000000000212e-03
2.800000000000000000e+01 6.000000000000000000e+00 5.100000000000000000e+01 0.000000000000000000e+00 1.600000000000000089e+00 1.971999999999999795e-03 5.858000000000000360e-03 -9.999810000000000088e-01 3.138259999999999939e-01 -9.494679999999999787e-01 -4.943000000000000345e-03 -9.494789999999999619e-01 -3.138099999999999778e-01 -3.710999999999999889e-03
1.000000000000000000e+01 1.150000000000000000e+02 5.100000000000000000e+01 0.000000000000000000e+00 1.600000000000000089e+00 -2.425000000000000072e-03 -4.471000000000000148e-03 9.999869999999999592e-01 8.471279999999999921e-01 -5.313890000000000002e-01 -3.220000000000000206e-04 5.313839999999999675e-01 8.471159999999999801e-01 5.075999999999999783e-03
1.400000000000000000e+01 1.150000000000000000e+02 5.100000000000000000e+01 0.000000000000000000e+00 1.600000000000000089e+00 5.500000000000000196e-05 4.339999999999999782e-04 1.000000000000000000e+00 8.466879999999999962e-01 -5.320899999999999519e-01 1.840000000000000001e-04 5.320899999999999519e-01 8.466879999999999962e-01 -3.959999999999999762e-04
3.000000000000000000e+00 6.300000000000000000e+01 5.400000000000000000e+01 0.000000000000000000e+00 1.600000000000000089e+00 -2.222000000000000017e-03 -2.811000000000000131e-03 9.999940000000000495e-01 -3.534619999999999984e-01 9.354470000000000285e-01 1.843999999999999936e-03 -9.354459999999999997e-01 -3.534550000000000192e-01 -3.072000000000000078e-03
1.600000000000000000e+01 6.300000000000000000e+01 5.400000000000000000e+01 0.000000000000000000e+00 1.600000000000000089e+00 1.427000000000000100e-03 -2.007000000000000103e-03 9.999970000000000248e-01 -3.462819999999999787e-01 9.381270000000000442e-01 2.377000000000000206e-03 -9.381289999999999907e-01 -3.462850000000000095e-01 6.440000000000000412e-04
2.000000000000000000e+01 6.300000000000000000e+01 5.400000000000000000e+01 0.000000000000000000e+00 1.600000000000000089e+00 -7.500000000000000156e-04 9.070000000000000371e-04 9.999989999999999712e-01 -3.423200000000000132e-01 9.395829999999999460e-01 -1.108999999999999960e-03 -9.395829999999999460e-01 -3.423200000000000132e-01 -3.939999999999999817e-04
2.400000000000000000e+01 2.500000000000000000e+01 5.500000000000000000e+01 0.000000000000000000e+00 1.600000000000000089e+00 1.237999999999999951e-03 4.399999999999999886e-05 -9.999989999999999712e-01 -1.157299999999999995e-02 -9.999329999999999607e-01 -5.800000000000000034e-05 -9.999320000000000430e-01 1.157299999999999995e-02 -1.237999999999999951e-03
2.800000000000000000e+01 2.000000000000000000e+01 6.000000000000000000e+01 0.000000000000000000e+00 1.600000000000000089e+00 -9.259999999999999568e-04 -3.090999999999999998e-03 9.999949999999999672e-01 -6.271799999999999597e-02 9.980269999999999975e-01 3.027000000000000177e-03 -9.980310000000000015e-01 -6.271500000000000685e-02 -1.118000000000000070e-03
6.000000000000000000e+00 2.100000000000000000e+01 6.000000000000000000e+01 0.000000000000000000e+00 1.600000000000000089e+00 -7.100000000000000191e-04 1.569999999999999998e-03 9.999989999999999712e-01 -9.554899999999999505e-02 9.954229999999999468e-01 -1.629999999999999939e-03 -9.954250000000000043e-01 -9.554999999999999605e-02 -5.569999999999999864e-04
1.300000000000000000e+01 2.100000000000000000e+01 6.000000000000000000e+01 0.000000000000000000e+00 1.600000000000000089e+00 8.589999999999999546e-04 -1.654000000000000088e-03 9.999980000000000535e-01 -9.298099999999999421e-02 9.956660000000000510e-01 1.727000000000000019e-03 -9.956679999999999975e-01 -9.298199999999999521e-02 7.020000000000000415e-04
2.000000000000000000e+01 2.100000000000000000e+01 6.000000000000000000e+01 0.000000000000000000e+00 1.600000000000000089e+00 -5.240000000000000517e-04 7.232999999999999846e-03 9.999740000000000295e-01 -9.701400000000000301e-02 9.952569999999999473e-01 -7.249000000000000235e-03 -9.952830000000000288e-01 -9.701500000000000401e-02 1.800000000000000113e-04
2.400000000000000000e+01 2.100000000000000000e+01 6.000000000000000000e+01 0.000000000000000000e+00 1.600000000000000089e+00 1.347000000000000107e-03 3.236999999999999860e-03 9.999940000000000495e-01 -9.617100000000000648e-02 9.953600000000000225e-01 -3.092000000000000130e-03 -9.953640000000000265e-01 -9.616600000000000148e-02 1.652000000000000040e-03
2.100000000000000000e+01 3.000000000000000000e+00 6.300000000000000000e+01 0.000000000000000000e+00 1.600000000000000089e+00 1.304000000000000038e-03 -5.462999999999999974e-03 9.999839999999999840e-01 -6.122499999999999609e-01 7.906480000000000175e-01 5.118000000000000153e-03 -7.906630000000000047e-01 -6.122469999999999857e-01 -2.314000000000000085e-03
2.000000000000000000e+00 2.700000000000000000e+01 6.300000000000000000e+01 0.000000000000000000e+00 1.600000000000000089e+00 -2.717999999999999930e-03 2.650000000000000012e-03 9.999930000000000208e-01 -2.775500000000000189e-01 9.607050000000000312e-01 -3.299999999999999982e-03 -9.607069999999999776e-01 -2.775569999999999982e-01 -1.876000000000000063e-03
5.000000000000000000e+00 2.700000000000000000e+01 6.300000000000000000e+01 0.000000000000000000e+00 1.600000000000000089e+00 -3.240000000000000150e-04 4.649999999999999620e-03 9.999890000000000168e-01 -2.778729999999999811e-01 9.606069999999999887e-01 -4.557000000000000287e-03 -9.606179999999999719e-01 -2.778720000000000079e-01 9.799999999999999684e-04
8.000000000000000000e+00 2.700000000000000000e+01 6.300000000000000000e+01 0.000000000000000000e+00 1.600000000000000089e+00 2.625999999999999862e-03 6.377999999999999989e-03 9.999759999999999760e-01 -2.765429999999999833e-01 9.609860000000000069e-01 -5.403999999999999949e-03 -9.609980000000000189e-01 -2.765219999999999900e-01 4.287000000000000012e-03
1.300000000000000000e+01 2.700000000000000000e+01 6.300000000000000000e+01 0.000000000000000000e+00 1.600000000000000089e+00 -9.120000000000000502e-04 8.319999999999999271e-03 9.999649999999999928e-01 -2.705469999999999819e-01 9.626710000000000544e-01 -8.255999999999999450e-03 -9.627059999999999507e-01 -2.705449999999999799e-01 1.373000000000000088e-03
2.000000000000000000e+01 2.700000000000000000e+01 6.300000000000000000e+01 0.000000000000000000e+00 1.600000000000000089e+00 6.329999999999999906e-04 -9.282000000000000320e-03 9.999569999999999848e-01 -2.747709999999999875e-01 9.614669999999999606e-01 9.098999999999999450e-03 -9.615099999999999758e-01 -2.747649999999999815e-01 -1.941999999999999933e-03
2.400000000000000000e+01 2.700000000000000000e+01 6.300000000000000000e+01 0.000000000000000000e+00 1.600000000000000089e+00 3.031999999999999973e-03 -4.615000000000000178e-03 9.999850000000000128e-01 -2.734059999999999824e-01 9.618839999999999613e-01 5.268000000000000113e-03 -9.618940000000000268e-01 -2.734170000000000211e-01 1.655000000000000004e-03
2.800000000000000000e+01 2.700000000000000000e+01 6.300000000000000000e+01 0.000000000000000000e+00 1.600000000000000089e+00 -4.840000000000000010e-04 -2.077999999999999986e-03 9.999980000000000535e-01 -2.728949999999999987e-01 9.620419999999999527e-01 1.866999999999999953e-03 -9.620440000000000103e-01 -2.728940000000000254e-01 -1.033000000000000064e-03
2.000000000000000000e+00 2.600000000000000000e+01 6.400000000000000000e+01 0.000000000000000000e+00 1.600000000000000089e+00 -3.406000000000000173e-03 2.358999999999999986e-03 9.999909999999999632e-01 -3.701180000000000025e-01 9.289779999999999704e-01 -3.452000000000000207e-03 -9.289789999999999992e-01 -3.701260000000000105e-01 -2.291000000000000068e-03
6.000000000000000000e+00 2.600000000000000000e+01 6.400000000000000000e+01 0.000000000000000000e+00 1.600000000000000089e+00 2.220000000000000022e-04 4.035999999999999657e-03 9.999919999999999920e-01 -3.715350000000000041e-01 9.284120000000000150e-01 -3.664999999999999855e-03 -9.284189999999999943e-01 -3.715310000000000001e-01 1.706000000000000051e-03
8.000000000000000000e+00 2.600000000000000000e+01 6.400000000000000000e+01 0.000000000000000000e+00 1.600000000000000089e+00 2.161000000000000160e-03 4.372000000000000018e-03 9.999879999999999880e-01 -3.702949999999999853e-01 9.289089999999999847e-01 -3.261000000000000010e-03 -9.289119999999999600e-01 -3.702829999999999733e-01 3.625999999999999883e-03
1.400000000000000000e+01 2.600000000000000000e+01 6.400000000000000000e+01 0.000000000000000000e+00 1.600000000000000089e+00 -3.301000000000000115e-03 6.086000000000000264e-03 9.999759999999999760e-01 -3.650200000000000111e-01 9.309739999999999682e-01 -6.871000000000000371e-03 -9.309939999999999882e-01 -3.650340000000000251e-01 -8.509999999999999769e-04
2.100000000000000000e+01 2.600000000000000000e+01 6.400000000000000000e+01 0.000000000000000000e+00 1.600000000000000089e+00 2.871999999999999987e-03 -6.780999999999999701e-03 9.999730000000000008e-01 -3.709669999999999912e-01 9.286170000000000258e-01 7.361999999999999621e-03 -9.286410000000000498e-01 -3.709779999999999744e-01 1.520000000000000084e-04
2.500000000000000000e+01 2.600000000000000000e+01 6.400000000000000000e+01 0.000000000000000000e+00 1.600000000000000089e+00 2.585000000000000058e-03 -2.572000000000000067e-03 9.999930000000000208e-01 -3.656340000000000146e-01 9.307530000000000525e-01 3.338999999999999954e-03 -9.307549999999999990e-01 -3.656400000000000206e-01 1.466000000000000072e-03
3.000000000000000000e+01 2.600000000000000000e+01 6.400000000000000000e+01 0.000000000000000000e+00 1.600000000000000089e+00 1.279999999999999942e-04 -2.108000000000000065e-03 9.999980000000000535e-01 -3.656090000000000173e-01 9.307659999999999823e-01 2.008999999999999935e-03 -9.307680000000000398e-01 -3.656090000000000173e-01 -6.520000000000000188e-04
8.000000000000000000e+00 6.900000000000000000e+01 6.600000000000000000e+01 0.000000000000000000e+00 1.600000000000000089e+00 1.289999999999999914e-04 -4.179999999999999688e-03 9.999909999999999632e-01 -9.493110000000000159e-01 3.143360000000000043e-01 1.435999999999999993e-03 -3.143389999999999795e-01 -9.493030000000000079e-01 -3.928000000000000068e-03
2.100000000000000000e+01 6.900000000000000000e+01 6.600000000000000000e+01 0.000000000000000000e+00 1.600000000000000089e+00 -4.151000000000000176e-03 -3.449999999999999942e-03 9.999850000000000128e-01 -9.467100000000000515e-01 3.220740000000000269e-01 -2.818999999999999891e-03 -3.220589999999999842e-01 -9.467079999999999940e-01 -4.603000000000000320e-03
2.600000000000000000e+01 6.900000000000000000e+01 6.600000000000000000e+01 0.000000000000000000e+00 1.600000000000000089e+00 9.070000000000000371e-04 -1.791999999999999973e-03 9.999980000000000535e-01 -9.459910000000000263e-01 3.241899999999999782e-01 1.438999999999999958e-03 -3.241919999999999802e-01 -9.459899999999999975e-01 -1.400999999999999902e-03
2.000000000000000000e+00 2.500000000000000000e+01 7.300000000000000000e+01 0.000000000000000000e+00 1.600000000000000089e+00 9.690000000000000262e-04 2.092999999999999809e-03 9.999970000000000248e-01 7.554089999999999971e-01 -6.552529999999999744e-01 6.390000000000000280e-04 6.552529999999999744e-01 7.554060000000000219e-01 -2.216000000000000088e-03
6.000000000000000000e+00 2.500000000000000000e+01 7.300000000000000000e+01 0.000000000000000000e+00 1.600000000000000089e+00 -8.239999999999999712e-04 -4.769999999999999934e-04 1.000000000000000000e+00 7.568629999999999525e-01 -6.535739999999999883e-01 3.119999999999999944e-04 6.535729999999999595e-01 7.568629999999999525e-01 8.989999999999999511e-04
9.000000000000000000e+00 2.500000000000000000e+01 7.300000000000000000e+01 0.000000000000000000e+00 1.600000000000000089e+00 -1.572000000000000047e-03 -3.895000000000000025e-03 9.999909999999999632e-01 7.555020000000000069e-01 -6.551449999999999774e-01 -1.364999999999999894e-03 6.551439999999999486e-01 7.554929999999999701e-01 3.972999999999999969e-03
1.400000000000000000e+01 2.500000000000000000e+01 7.300000000000000000e+01 0.000000000000000000e+00 1.600000000000000089e+00 3.809999999999999910e-04 -5.739999999999999660e-04 1.000000000000000000e+00 7.538639999999999786e-01 -6.570310000000000317e-01 -6.639999999999999852e-04 6.570310000000000317e-01 7.538639999999999786e-01 1.820000000000000057e-04
2.200000000000000000e+01 2.500000000000000000e+01 7.300000000000000000e+01 0.000000000000000000e+00 1.600000000000000089e+00 1.949999999999999910e-03 4.000000000000000327e-05 9.999980000000000535e-01 7.600710000000000521e-01 -6.498380000000000267e-01 -1.456000000000000046e-03 6.498369999999999980e-01 7.600729999999999986e-01 -1.296999999999999976e-03
2.900000000000000000e+01 2.500000000000000000e+01 7.300000000000000000e+01 0.000000000000000000e+00 1.600000000000000089e+00 -2.769000000000000194e-03 3.498999999999999940e-03 9.999900000000000455e-01 7.562290000000000401e-01 -6.542919999999999847e-01 4.382999999999999743e-03 6.543010000000000215e-01 7.562339999999999618e-01 -8.350000000000000217e-04
2.000000000000000000e+00 4.400000000000000000e+01 7.300000000000000000e+01 0.000000000000000000e+00 1.600000000000000089e+00 -6.509999999999999945e-04 8.760000000000000425e-04 9.999989999999999712e-01 5.591999999999999749e-02 -9.984349999999999614e-01 9.110000000000000259e-04 9.984349999999999614e-01 5.592099999999999849e-02 6.009999999999999717e-04
8.000000000000000000e+00 4.400000000000000000e+01 7.300000000000000000e+01 0.000000000000000000e+00 1.600000000000000089e+00 -7.100000000000000462e-05 -4.989999999999999861e-04 1.000000000000000000e+00 5.351299999999999807e-02 -9.985669999999999824e-01 -4.949999999999999973e-04 9.985669999999999824e-01 5.351299999999999807e-02 9.699999999999999963e-05
1.100000000000000000e+01 4.400000000000000000e+01 7.300000000000000000e+01 0.000000000000000000e+00 1.600000000000000089e+00 5.749999999999999903e-04 -1.598999999999999944e-03 9.999989999999999712e-01 5.311799999999999855e-02 -9.985870000000000024e-01 -1.626999999999999974e-03 9.985880000000000312e-01 5.311899999999999955e-02 -4.889999999999999599e-04
1.600000000000000000e+01 4.400000000000000000e+01 7.300000000000000000e+01 0.000000000000000000e+00 1.600000000000000089e+00 6.999999999999999895e-06 1.360000000000000098e-03 9.999989999999999712e-01 5.492899999999999866e-02 -9.984889999999999599e-01 1.358000000000000049e-03 9.984899999999999887e-01 5.492899999999999866e-02 -8.200000000000000095e-05
2.300000000000000000e+01 4.400000000000000000e+01 7.300000000000000000e+01 0.000000000000000000e+00 1.600000000000000089e+00 -2.959999999999999849e-04 -1.248999999999999893e-03 9.999989999999999712e-01 5.515699999999999770e-02 -9.984769999999999479e-01 -1.231000000000000106e-03 9.984779999999999767e-01 5.515699999999999770e-02 3.640000000000000115e-04
2.900000000000000000e+01 4.400000000000000000e+01 7.300000000000000000e+01 0.000000000000000000e+00 1.600000000000000089e+00 3.620000000000000171e-04 1.730999999999999900e-03 9.999980000000000535e-01 5.695800000000000168e-02 -9.983750000000000124e-01 1.708000000000000100e-03 9.983760000000000412e-01 5.695700000000000068e-02 -4.600000000000000139e-04
1.800000000000000000e+01 2.500000000000000000e+01 7.400000000000000000e+01 0.000000000000000000e+00 1.600000000000000089e+00 6.859999999999999779e-04 1.972999999999999927e-03 9.999980000000000535e-01 8.307350000000000012e-01 -5.566680000000000517e-01 5.289999999999999564e-04 5.566680000000000517e-01 8.307330000000000547e-01 -2.020999999999999793e-03
2.300000000000000000e+01 9.900000000000000000e+01 7.500000000000000000e+01 0.000000000000000000e+00 1.600000000000000089e+00 -3.034999999999999937e-03 -4.799999999999999580e-03 -9.999839999999999840e-01 -8.839700000000000335e-01 4.675429999999999864e-01 4.389999999999999914e-04 4.675329999999999764e-01 8.839569999999999927e-01 -5.662000000000000366e-03
4.000000000000000000e+00 5.100000000000000000e+01 7.600000000000000000e+01 0.000000000000000000e+00 1.600000000000000089e+00 -1.626000000000000058e-03 -6.579999999999999478e-04 -9.999980000000000535e-01 -4.004670000000000174e-01 -9.163099999999999579e-01 1.253999999999999906e-03 -9.163099999999999579e-01 4.004690000000000194e-01 1.226000000000000093e-03
4.000000000000000000e+00 9.100000000000000000e+01 7.600000000000000000e+01 0.000000000000000000e+00 1.600000000000000089e+00 7.399999999999999623e-05 7.370000000000000249e-04 1.000000000000000000e+00 2.925559999999999827e-01 -9.562479999999999869e-01 6.830000000000000134e-04 9.562479999999999869e-01 2.925559999999999827e-01 -2.860000000000000129e-04
8.000000000000000000e+00 9.100000000000000000e+01 7.600000000000000000e+01 0.000000000000000000e+00 1.600000000000000089e+00 -8.700000000000000051e-04 2.730000000000000222e-04 1.000000000000000000e+00 2.983620000000000161e-01 -9.544529999999999959e-01 5.199999999999999544e-04 9.544519999999999671e-01 2.983620000000000161e-01 7.489999999999999913e-04
1.600000000000000000e+01 9.100000000000000000e+01 7.600000000000000000e+01 0.000000000000000000e+00 1.600000000000000089e+00 -4.640000000000000027e-04 -1.056999999999999997e-03 9.999989999999999712e-01 3.026130000000000209e-01 -9.531129999999999880e-01 -8.670000000000000406e-04 9.531140000000000168e-01 3.026119999999999921e-01 7.619999999999999820e-04
2.200000000000000000e+01 9.100000000000000000e+01 7.600000000000000000e+01 0.000000000000000000e+00 1.600000000000000089e+00 -1.899000000000000080e-03 -2.295000000000000165e-03 9.999959999999999960e-01 2.939869999999999983e-01 -9.558079999999999909e-01 -1.636000000000000084e-03 9.558079999999999909e-01 2.939820000000000211e-01 2.490000000000000026e-03
2.700000000000000000e+01 9.100000000000000000e+01 7.600000000000000000e+01 0.000000000000000000e+00 1.600000000000000089e+00 -3.570000000000000040e-04 1.890000000000000133e-04 1.000000000000000000e+00 2.864610000000000212e-01 -9.580920000000000547e-01 2.829999999999999942e-04 9.580920000000000547e-01 2.864610000000000212e-01 2.880000000000000073e-04
2.000000000000000000e+00 6.300000000000000000e+01 8.100000000000000000e+01 0.000000000000000000e+00 1.600000000000000089e+00 7.370000000000000249e-04 3.684999999999999908e-03 9.999930000000000208e-01 3.765799999999999703e-02 -9.992839999999999501e-01 3.654999999999999829e-03 9.992900000000000116e-01 3.765500000000000097e-02 -8.750000000000000182e-04
