4.000000000000000000e+00 1.500000000000000000e+01 4.000000000000000000e+00 0.000000000000000000e+00 1.600000000000000089e+00 -3.980000000000000248e-04 -2.912000000000000092e-03 9.999959999999999960e-01 3.264659999999999784e-01 -9.452049999999999619e-01 -2.622000000000000199e-03 9.452089999999999659e-01 3.264639999999999764e-01 1.327000000000000055e-03
6.000000000000000000e+00 1.500000000000000000e+01 4.000000000000000000e+00 0.000000000000000000e+00 1.600000000000000089e+00 1.716999999999999993e-03 4.519999999999999821e-04 9.999980000000000535e-01 3.256089999999999818e-01 -9.455040000000000111e-01 -1.320000000000000101e-04 9.455029999999999824e-01 3.256089999999999818e-01 -1.770000000000000089e-03
1.500000000000000000e+01 1.500000000000000000e+01 4.000000000000000000e+00 0.000000000000000000e+00 1.600000000000000089e+00 -1.768000000000000040e-03 9.479999999999999495e-04 9.999980000000000535e-01 3.291000000000000036e-01 -9.442939999999999667e-01 1.477000000000000014e-03 9.442930000000000490e-01 3.291020000000000056e-01 1.356999999999999916e-03
1.800000000000000000e+01 1.500000000000000000e+01 4.000000000000000000e+00 0.000000000000000000e+00 1.600000000000000089e+00 -8.210000000000000067e-04 3.049000000000000061e-03 9.999949999999999672e-01 3.261020000000000030e-01 -9.453289999999999749e-01 3.150000000000000022e-03 9.453340000000000076e-01 3.261020000000000030e-01 -2.180000000000000134e-04
2.300000000000000000e+01 1.500000000000000000e+01 4.000000000000000000e+00 0.000000000000000000e+00 1.600000000000000089e+00 7.280000000000000230e-04 6.558999999999999726e-03 9.999780000000000335e-01 3.245720000000000272e-01 -9.458419999999999606e-01 5.967000000000000082e-03 9.458609999999999518e-01 3.245600000000000152e-01 -2.817000000000000060e-03
2.500000000000000000e+01 1.500000000000000000e+01 4.000000000000000000e+00 0.000000000000000000e+00 1.600000000000000089e+00 1.550000000000000000e-04 1.033199999999999917e-02 9.999470000000000303e-01 3.235230000000000050e-01 -9.461699999999999555e-01 9.726999999999999535e-03 9.462199999999999500e-01 3.235049999999999870e-01 -3.488999999999999914e-03
2.900000000000000000e+01 1.500000000000000000e+01 4.000000000000000000e+00 0.000000000000000000e+00 1.600000000000000089e+00 1.698000000000000074e-03 1.239099999999999924e-02 9.999219999999999775e-01 3.199620000000000242e-01 -9.473639999999999839e-01 1.119599999999999936e-02 9.474289999999999656e-01 3.199170000000000069e-01 -5.572999999999999829e-03
1.700000000000000000e+01 4.000000000000000000e+00 5.000000000000000000e+00 0.000000000000000000e+00 1.600000000000000089e+00 7.500000000000000156e-04 3.135999999999999899e-03 9.999949999999999672e-01 2.325109999999999955e-01 -9.725890000000000368e-01 2.874999999999999951e-03 9.725930000000000408e-01 2.325079999999999925e-01 -1.459000000000000010e-03
4.000000000000000000e+00 1.010000000000000000e+02 7.000000000000000000e+00 0.000000000000000000e+00 1.600000000000000089e+00 -4.533999999999999836e-03 -1.306500000000000022e-02 9.999040000000000150e-01 8.816869999999999985e-01 4.717250000000000054e-01 1.016199999999999916e-02 -4.718120000000000092e-01 8.816490000000000160e-01 9.381000000000000449e-03
1.700000000000000000e+01 1.010000000000000000e+02 7.000000000000000000e+00 0.000000000000000000e+00 1.600000000000000089e+00 -3.739999999999999835e-04 5.487999999999999823e-03 9.999850000000000128e-01 8.849559999999999649e-01 4.656689999999999996e-01 -2.224999999999999981e-03 -4.656739999999999768e-01 8.849420000000000064e-01 -5.029999999999999749e-03
3.000000000000000000e+00 2.500000000000000000e+01 8.000000000000000000e+00 0.000000000000000000e+00 1.600000000000000089e+00 1.320000000000000101e-04 -1.145099999999999937e-02 -9.999339999999999895e-01 4.481840000000000268e-01 8.938840000000000119e-01 -1.017700000000000028e-02 8.939420000000000144e-01 -4.481530000000000236e-01 5.250000000000000326e-03
1.000000000000000000e+01 2.500000000000000000e+01 8.000000000000000000e+00 0.000000000000000000e+00 1.600000000000000089e+00 9.309999999999999699e-04 6.275000000000000196e-03 -9.999799999999999800e-01 4.474920000000000009e-01 8.942679999999999518e-01 6.028000000000000372e-03 8.942879999999999718e-01 -4.474879999999999969e-01 -1.975000000000000193e-03
1.300000000000000000e+01 2.500000000000000000e+01 8.000000000000000000e+00 0.000000000000000000e+00 1.600000000000000089e+00 2.680000000000000090e-04 3.680000000000000111e-03 -9.999930000000000208e-01 4.470649999999999902e-01 8.944950000000000401e-01 3.412000000000000102e-03 8.945009999999999906e-01 -4.470629999999999882e-01 -1.405999999999999915e-03
1.600000000000000000e+01 2.500000000000000000e+01 8.000000000000000000e+00 0.000000000000000000e+00 1.600000000000000089e+00 -5.419999999999999471e-04 -1.129999999999999928e-03 -9.999989999999999712e-01 4.460799999999999765e-01 8.949920000000000098e-01 -1.252999999999999991e-03 8.949930000000000385e-01 -4.460799999999999765e-01 2.000000000000000164e-05
2.000000000000000000e+01 2.500000000000000000e+01 8.000000000000000000e+00 0.000000000000000000e+00 1.600000000000000089e+00 -2.981999999999999842e-03 -3.285000000000000159e-03 -9.999900000000000455e-01 4.456390000000000073e-01 8.952020000000000532e-01 -4.270000000000000358e-03 8.952080000000000037e-01 -4.456479999999999886e-01 -1.206000000000000041e-03
2.500000000000000000e+01 2.500000000000000000e+01 8.000000000000000000e+00 0.000000000000000000e+00 1.600000000000000089e+00 -3.795000000000000196e-03 -7.440999999999999698e-03 -9.999649999999999928e-01 4.475129999999999941e-01 8.942379999999999773e-01 -8.352000000000000049e-03 8.942689999999999806e-01 -4.475290000000000101e-01 -6.399999999999999710e-05
3.000000000000000000e+01 2.500000000000000000e+01 8.000000000000000000e+00 0.000000000000000000e+00 1.600000000000000089e+00 -2.383999999999999835e-03 -1.043000000000000090e-03 -9.999970000000000248e-01 4.489420000000000077e-01 8.935589999999999922e-01 -2.001999999999999873e-03 8.935579999999999634e-01 -4.489449999999999830e-01 -1.662000000000000066e-03
1.000000000000000000e+00 2.400000000000000000e+01 9.000000000000000000e+00 0.000000000000000000e+00 1.600000000000000089e+00 4.110000000000000155e-04 -1.556899999999999951e-02 -9.998789999999999623e-01 4.516459999999999919e-01 8.920919999999999961e-01 -1.370500000000000017e-02 8.921970000000000178e-01 -4.515850000000000142e-01 7.398000000000000062e-03
9.000000000000000000e+00 2.400000000000000000e+01 9.000000000000000000e+00 0.000000000000000000e+00 1.600000000000000089e+00 8.769999999999999584e-04 4.996999999999999706e-03 -9.999869999999999592e-01 4.504340000000000011e-01 8.927969999999999517e-01 4.856000000000000073e-03 8.928089999999999637e-01 -4.504319999999999991e-01 -1.467999999999999904e-03
1.400000000000000000e+01 2.400000000000000000e+01 9.000000000000000000e+00 0.000000000000000000e+00 1.600000000000000089e+00 2.420000000000000005e-04 1.474999999999999966e-03 -9.999989999999999712e-01 4.494659999999999767e-01 8.932959999999999789e-01 1.425999999999999967e-03 8.932970000000000077e-01 -4.494659999999999767e-01 -4.470000000000000232e-04
2.000000000000000000e+01 2.400000000000000000e+01 9.000000000000000000e+00 0.000000000000000000e+00 1.600000000000000089e+00 -2.896000000000000137e-03 -3.998999999999999951e-03 -9.999879999999999880e-01 4.485319999999999863e-01 8.937540000000000484e-01 -4.872999999999999728e-03 8.937619999999999454e-01 -4.485399999999999943e-01 -7.950000000000000252e-04
2.500000000000000000e+01 2.400000000000000000e+01 9.000000000000000000e+00 0.000000000000000000e+00 1.600000000000000089e+00 -3.762000000000000153e-03 -7.342999999999999701e-03 -9.999660000000000215e-01 4.505549999999999833e-01 8.927110000000000323e-01 -8.250999999999999654e-03 8.927410000000000068e-01 -4.505700000000000260e-01 -5.000000000000000240e-05
3.000000000000000000e+01 2.400000000000000000e+01 9.000000000000000000e+00 0.000000000000000000e+00 1.600000000000000089e+00 -2.155999999999999930e-03 -2.239999999999999804e-03 -9.999949999999999672e-01 4.516870000000000052e-01 8.921719999999999651e-01 -2.971999999999999816e-03 8.921740000000000226e-01 -4.516910000000000092e-01 -9.120000000000000502e-04
7.000000000000000000e+00 1.020000000000000000e+02 9.000000000000000000e+00 0.000000000000000000e+00 1.600000000000000089e+00 6.679999999999999740e-04 -7.770000000000000214e-04 9.999989999999999712e-01 9.200260000000000105e-01 3.918579999999999841e-01 -3.099999999999999999e-04 -3.918579999999999841e-01 9.200249999999999817e-01 9.770000000000000039e-04
8.000000000000000000e+00 1.200000000000000000e+01 1.000000000000000000e+01 0.000000000000000000e+00 1.600000000000000089e+00 3.620000000000000171e-04 5.056999999999999863e-03 -9.999869999999999592e-01 -5.505860000000000198e-01 -8.347670000000000368e-01 -4.420999999999999583e-03 -8.347790000000000488e-01 5.505799999999999583e-01 2.481999999999999831e-03
1.200000000000000000e+01 3.100000000000000000e+01 1.200000000000000000e+01 0.000000000000000000e+00 1.600000000000000089e+00 -5.439999999999999957e-04 2.329999999999999986e-04 1.000000000000000000e+00 -3.406999999999999872e-03 9.999940000000000495e-01 -2.339999999999999958e-04 -9.999940000000000495e-01 -3.406999999999999872e-03 -5.429999999999999714e-04
1.700000000000000000e+01 3.100000000000000000e+01 1.200000000000000000e+01 0.000000000000000000e+00 1.600000000000000089e+00 -6.000000000000000152e-05 -1.010000000000000020e-04 1.000000000000000000e+00 -2.089000000000000145e-03 9.999980000000000535e-01 1.010000000000000020e-04 -9.999980000000000535e-01 -2.089000000000000145e-03 -6.000000000000000152e-05
2.000000000000000000e+00 1.160000000000000000e+02 1.600000000000000000e+01 0.000000000000000000e+00 1.600000000000000089e+00 5.800000000000000034e-04 -2.033000000000000085e-03 9.999980000000000535e-01 6.611050000000000537e-01 7.502929999999999877e-01 1.142000000000000003e-03 -7.502929999999999877e-01 6.611029999999999962e-01 1.778999999999999982e-03
1.400000000000000000e+01 1.160000000000000000e+02 1.600000000000000000e+01 0.000000000000000000e+00 1.600000000000000089e+00 -3.948000000000000120e-03 -3.321999999999999866e-03 9.999869999999999592e-01 7.024770000000000181e-01 7.116879999999999873e-01 5.138000000000000206e-03 -7.116959999999999953e-01 7.024880000000000013e-01 -4.760000000000000234e-04
2.000000000000000000e+00 2.000000000000000000e+00 1.900000000000000000e+01 0.000000000000000000e+00 1.600000000000000089e+00 -3.792999999999999931e-03 -1.396799999999999951e-02 -9.998949999999999783e-01 1.827400000000000135e-01 -9.830750000000000322e-01 1.303999999999999951e-02 -9.831539999999999724e-01 -1.826710000000000000e-01 6.281000000000000125e-03
8.000000000000000000e+00 2.000000000000000000e+00 1.900000000000000000e+01 0.000000000000000000e+00 1.600000000000000089e+00 7.780000000000000457e-04 -1.535100000000000006e-02 -9.998820000000000485e-01 1.836000000000000132e-01 -9.828829999999999512e-01 1.523300000000000001e-02 -9.830010000000000137e-01 -1.835900000000000032e-01 2.053999999999999836e-03
1.500000000000000000e+01 2.000000000000000000e+00 1.900000000000000000e+01 0.000000000000000000e+00 1.600000000000000089e+00 2.050999999999999872e-03 -2.760500000000000106e-02 -9.996169999999999778e-01 1.957830000000000126e-01 -9.802619999999999667e-01 2.747199999999999989e-02 -9.806449999999999889e-01 -1.957639999999999936e-01 3.393999999999999882e-03
2.000000000000000000e+01 2.000000000000000000e+00 1.900000000000000000e+01 0.000000000000000000e+00 1.600000000000000089e+00 4.360000000000000269e-04 -6.492000000000000375e-03 -9.999789999999999512e-01 2.062930000000000041e-01 -9.784690000000000332e-01 6.441999999999999810e-03 -9.784899999999999709e-01 -2.062920000000000031e-01 9.129999999999999661e-04
2.600000000000000000e+01 2.000000000000000000e+00 1.900000000000000000e+01 0.000000000000000000e+00 1.600000000000000089e+00 1.907000000000000058e-03 1.453899999999999984e-02 -9.998930000000000318e-01 2.033129999999999937e-01 -9.790159999999999973e-01 -1.384699999999999993e-02 -9.791119999999999823e-01 -2.032650000000000012e-01 -4.821999999999999897e-03
2.900000000000000000e+01 2.000000000000000000e+00 1.900000000000000000e+01 0.000000000000000000e+00 1.600000000000000089e+00 1.614999999999999899e-03 2.294600000000000112e-02 -9.997350000000000403e-01 2.007099999999999995e-01 -9.794000000000000483e-01 -2.215500000000000108e-02 -9.796489999999999920e-01 -2.006209999999999938e-01 -6.186999999999999791e-03
2.100000000000000000e+01 4.000000000000000000e+00 2.000000000000000000e+01 0.000000000000000000e+00 1.600000000000000089e+00 -1.036999999999999944e-03 -5.176000000000000045e-03 -9.999860000000000415e-01 3.256379999999999830e-01 -9.454839999999999911e-01 4.556000000000000154e-03 -9.454939999999999456e-01 -3.256279999999999730e-01 2.665999999999999967e-03
2.600000000000000000e+01 4.000000000000000000e+00 2.000000000000000000e+01 0.000000000000000000e+00 1.600000000000000089e+00 8.279999999999999600e-04 1.348099999999999993e-02 -9.999090000000000478e-01 3.205310000000000104e-01 -9.471559999999999979e-01 -1.250399999999999949e-02 -9.472380000000000244e-01 -3.204910000000000259e-01 -5.106000000000000295e-03
5.000000000000000000e+00 1.300000000000000000e+01 2.000000000000000000e+01 0.000000000000000000e+00 1.600000000000000089e+00 -2.876000000000000084e-03 -7.791000000000000182e-03 9.999660000000000215e-01 2.550819999999999754e-01 9.668839999999999657e-01 8.266000000000000777e-03 -9.669149999999999689e-01 2.550970000000000182e-01 -7.929999999999999766e-04
1.100000000000000000e+01 1.300000000000000000e+01 2.000000000000000000e+01 0.000000000000000000e+00 1.600000000000000089e+00 -4.550000000000000008e-04 -2.158000000000000196e-03 9.999980000000000535e-01 2.579899999999999971e-01 9.661450000000000315e-01 2.201999999999999964e-03 -9.661469999999999780e-01 2.579899999999999971e-01 1.169999999999999979e-04
2.500000000000000000e+01 1.300000000000000000e+01 2.000000000000000000e+01 0.000000000000000000e+00 1.600000000000000089e+00 -4.270000000000000249e-04 -1.587000000000000086e-03 9.999989999999999712e-01 2.672200000000000131e-01 9.636339999999999906e-01 1.642999999999999929e-03 -9.636350000000000193e-01 2.672209999999999863e-01 1.299999999999999920e-05
2.800000000000000000e+01 1.300000000000000000e+01 2.000000000000000000e+01 0.000000000000000000e+00 1.600000000000000089e+00 1.265000000000000065e-03 5.464000000000000107e-03 9.999839999999999840e-01 2.659349999999999770e-01 9.639750000000000263e-01 -5.603000000000000341e-03 -9.639900000000000135e-01 2.659380000000000077e-01 -2.329999999999999986e-04
3.000000000000000000e+01 5.000000000000000000e+01 2.200000000000000000e+01 0.000000000000000000e+00 1.600000000000000089e+00 -1.323599999999999950e-02 -1.197200000000000000e-02 -9.998409999999999798e-01 -5.825430000000000330e-01 8.127969999999999917e-01 -2.020999999999999793e-03 8.126919999999999700e-01 5.824240000000000528e-01 -1.773299999999999876e-02
9.000000000000000000e+00 3.000000000000000000e+00 2.500000000000000000e+01 0.000000000000000000e+00 1.600000000000000089e+00 -9.810000000000001011e-04 -1.418799999999999922e-02 9.998989999999999823e-01 -6.600699999999999623e-02 -9.977179999999999938e-01 -1.422200000000000027e-02 9.978190000000000115e-01 -6.601400000000000323e-02 4.199999999999999768e-05
1.600000000000000000e+01 3.000000000000000000e+00 2.500000000000000000e+01 0.000000000000000000e+00 1.600000000000000089e+00 -8.443000000000000851e-03 -2.787500000000000047e-02 9.995760000000000201e-01 -8.799899999999999389e-02 -9.957120000000000415e-01 -2.851000000000000062e-02 9.960849999999999982e-01 -8.820200000000000262e-02 5.954000000000000091e-03
2.100000000000000000e+01 3.000000000000000000e+00 2.500000000000000000e+01 0.000000000000000000e+00 1.600000000000000089e+00 -3.956999999999999580e-03 -6.342999999999999680e-03 9.999719999999999720e-01 -9.951000000000000123e-02 -9.950139999999999540e-01 -6.705000000000000022e-03 9.950290000000000523e-01 -9.953299999999999648e-02 3.305999999999999911e-03
2.600000000000000000e+01 3.000000000000000000e+00 2.500000000000000000e+01 0.000000000000000000e+00 1.600000000000000089e+00 2.222000000000000017e-03 1.336999999999999994e-02 9.999080000000000190e-01 -9.385100000000000386e-02 -9.954939999999999900e-01 1.352000000000000077e-02 9.955840000000000245e-01 -9.387199999999999711e-02 -9.569999999999999514e-04
2.900000000000000000e+01 3.000000000000000000e+00 2.500000000000000000e+01 0.000000000000000000e+00 1.600000000000000089e+00 4.152000000000000308e-03 1.748600000000000154e-02 9.998390000000000333e-01 -9.157200000000000062e-02 -9.956399999999999695e-01 1.779299999999999979e-02 9.957899999999999530e-01 -9.163100000000000411e-02 -2.531999999999999963e-03
5.000000000000000000e+00 4.600000000000000000e+01 2.700000000000000000e+01 0.000000000000000000e+00 1.600000000000000089e+00 -2.880000000000000073e-04 -1.384999999999999946e-03 -9.999989999999999712e-01 6.709730000000000416e-01 7.414809999999999457e-01 -1.219999999999999947e-03 7.414819999999999744e-01 -6.709730000000000416e-01 7.159999999999999481e-04
1.500000000000000000e+01 4.600000000000000000e+01 2.700000000000000000e+01 0.000000000000000000e+00 1.600000000000000089e+00 -8.239999999999999712e-04 -4.650000000000000270e-04 -1.000000000000000000e+00 6.771080000000000432e-01 7.358829999999999538e-01 -8.999999999999999754e-04 7.358829999999999538e-01 -6.771080000000000432e-01 -2.919999999999999961e-04
2.200000000000000000e+01 4.600000000000000000e+01 2.700000000000000000e+01 0.000000000000000000e+00 1.600000000000000089e+00 -2.680000000000000090e-04 -1.405999999999999915e-03 -9.999989999999999712e-01 6.751479999999999704e-01 7.376819999999999489e-01 -1.217999999999999899e-03 7.376829999999999776e-01 -6.751470000000000526e-01 7.519999999999999558e-04
2.600000000000000000e+01 4.600000000000000000e+01 2.700000000000000000e+01 0.000000000000000000e+00 1.600000000000000089e+00 -9.150000000000000147e-04 -2.399999999999999790e-03 -9.999970000000000248e-01 6.696379999999999555e-01 7.426840000000000108e-01 -2.396000000000000126e-03 7.426869999999999861e-01 -6.696379999999999555e-01 9.280000000000000054e-04
1.300000000000000000e+01 4.600000000000000000e+01 3.000000000000000000e+01 0.000000000000000000e+00 1.600000000000000089e+00 1.240000000000000054e-04 -1.131000000000000061e-03 -9.999989999999999712e-01 3.327530000000000210e-01 9.430129999999999901e-01 -1.026000000000000002e-03 9.430140000000000189e-01 -3.327530000000000210e-01 4.929999999999999487e-04
1.600000000000000000e+01 4.600000000000000000e+01 3.000000000000000000e+01 0.000000000000000000e+00 1.600000000000000089e+00 -3.869999999999999742e-04 -1.415000000000000025e-03 -9.999989999999999712e-01 3.312160000000000104e-01 9.435540000000000038e-01 -1.463000000000000108e-03 9.435550000000000326e-01 -3.312160000000000104e-01 1.039999999999999936e-04
2.000000000000000000e+00 5.800000000000000000e+01 3.100000000000000000e+01 0.000000000000000000e+00 1.600000000000000089e+00 -6.504000000000000233e-03 -6.126000000000000369e-03 9.999599999999999600e-01 -7.957490000000000396e-01 -6.055620000000000447e-01 -8.885999999999999802e-03 6.055920000000000192e-01 -7.957750000000000101e-01 -9.359999999999999831e-04
7.000000000000000000e+00 5.800000000000000000e+01 3.100000000000000000e+01 0.000000000000000000e+00 1.600000000000000089e+00 -5.100999999999999632e-03 -2.405000000000000020e-03 9.999839999999999840e-01 -8.008680000000000243e-01 -5.988149999999999862e-01 -5.525000000000000397e-03 5.988189999999999902e-01 -8.008840000000000403e-01 1.129000000000000012e-03
1.500000000000000000e+01 5.800000000000000000e+01 3.100000000000000000e+01 0.000000000000000000e+00 1.600000000000000089e+00 6.769999999999999759e-04 -7.069999999999999462e-04 1.000000000000000000e+00 -7.986600000000000366e-01 -6.017820000000000391e-01 1.150000000000000035e-04 6.017820000000000391e-01 -7.986600000000000366e-01 -9.719999999999999907e-04
1.900000000000000000e+01 5.800000000000000000e+01 3.100000000000000000e+01 0.000000000000000000e+00 1.600000000000000089e+00 -6.109999999999999980e-04 -1.696999999999999941e-03 9.999980000000000535e-01 -7.974620000000000042e-01 -6.033669999999999867e-01 -1.512000000000000106e-03 6.033680000000000154e-01 -7.974620000000000042e-01 -9.849999999999999815e-04
2.200000000000000000e+01 5.800000000000000000e+01 3.100000000000000000e+01 0.000000000000000000e+00 1.600000000000000089e+00 -3.419999999999999863e-03 -5.146999999999999666e-03 9.999810000000000088e-01 -7.984179999999999611e-01 -6.020750000000000268e-01 -5.830000000000000113e-03 6.020940000000000181e-01 -7.984229999999999938e-01 -2.050999999999999872e-03
2.700000000000000000e+01 5.800000000000000000e+01 3.100000000000000000e+01 0.000000000000000000e+00 1.600000000000000089e+00 -1.582000000000000073e-03 -5.997999999999999859e-03 9.999810000000000088e-01 -7.948880000000000390e-01 -6.067360000000000531e-01 -4.897000000000000311e-03 6.067529999999999868e-01 -7.948809999999999487e-01 -3.808000000000000187e-03
3.000000000000000000e+01 5.800000000000000000e+01 3.100000000000000000e+01 0.000000000000000000e+00 1.600000000000000089e+00 2.521999999999999936e-03 -5.388999999999999693e-03 9.999820000000000375e-01 -7.925280000000000102e-01 -6.098339999999999872e-01 -1.286999999999999950e-03 6.098310000000000120e-01 -7.925100000000000477e-01 -5.808999999999999928e-03
1.700000000000000000e+01 1.800000000000000000e+01 3.400000000000000000e+01 0.000000000000000000e+00 1.600000000000000089e+00 -1.265000000000000065e-03 -6.258999999999999807e-03 -9.999799999999999800e-01 -3.111860000000000182e-01 -9.503279999999999506e-01 6.342000000000000415e-03 -9.503479999999999706e-01 3.111869999999999914e-01 -7.450000000000000025e-04
2.200000000000000000e+01 1.800000000000000000e+01 3.400000000000000000e+01 0.000000000000000000e+00 1.600000000000000089e+00 -4.470000000000000232e-04 -2.175999999999999983e-03 -9.999970000000000248e-01 -3.062790000000000235e-01 -9.519389999999999796e-01 2.207999999999999893e-03 -9.519419999999999549e-01 3.062790000000000235e-01 -2.410000000000000033e-04
4.000000000000000000e+00 4.600000000000000000e+01 3.500000000000000000e+01 0.000000000000000000e+00 1.600000000000000089e+00 1.768000000000000040e-03 3.651999999999999864e-03 -9.999919999999999920e-01 3.950279999999999903e-01 -9.186649999999999539e-01 -2.657000000000000074e-03 -9.186670000000000114e-01 -3.950199999999999823e-01 -3.066999999999999848e-03
1.000000000000000000e+01 4.600000000000000000e+01 3.500000000000000000e+01 0.000000000000000000e+00 1.600000000000000089e+00 -2.200000000000000133e-03 -1.520000000000000084e-03 -9.999959999999999960e-01 3.953499999999999792e-01 -9.185299999999999576e-01 5.270000000000000162e-04 -9.185280000000000111e-01 -3.953470000000000040e-01 2.621000000000000066e-03
1.500000000000000000e+01 4.600000000000000000e+01 3.500000000000000000e+01 0.000000000000000000e+00 1.600000000000000089e+00 6.520000000000000188e-04 -1.063399999999999936e-02 -9.999430000000000263e-01 3.921549999999999758e-01 -9.198439999999999950e-01 1.003800000000000005e-02 -9.198990000000000222e-01 -3.921399999999999886e-01 3.569999999999999823e-03
2.000000000000000000e+01 4.600000000000000000e+01 3.500000000000000000e+01 0.000000000000000000e+00 1.600000000000000089e+00 1.046999999999999971e-03 -6.683999999999999837e-03 -9.999770000000000048e-01 3.920029999999999903e-01 -9.199410000000000087e-01 6.558999999999999726e-03 -9.199629999999999752e-01 -3.920009999999999883e-01 1.657000000000000053e-03
2.300000000000000000e+01 4.600000000000000000e+01 3.500000000000000000e+01 0.000000000000000000e+00 1.600000000000000089e+00 -5.649999999999999641e-04 -1.381000000000000066e-03 -9.999989999999999712e-01 3.930100000000000260e-01 -9.195339999999999625e-01 1.048000000000000103e-03 -9.195339999999999625e-01 -3.930089999999999972e-01 1.062000000000000010e-03
2.900000000000000000e+01 4.600000000000000000e+01 3.500000000000000000e+01 0.000000000000000000e+00 1.600000000000000089e+00 1.080999999999999930e-03 -5.453999999999999647e-03 -9.999850000000000128e-01 3.908840000000000092e-01 -9.204240000000000199e-01 5.442999999999999922e-03 -9.204390000000000072e-01 -3.908840000000000092e-01 1.136000000000000074e-03
3.000000000000000000e+00 9.500000000000000000e+01 3.600000000000000000e+01 0.000000000000000000e+00 1.600000000000000089e+00 7.659000000000000009e-03 2.169899999999999954e-02 9.997350000000000403e-01 9.983100000000000307e-01 5.743100000000000288e-02 -8.895000000000000129e-03 -5.760900000000000049e-02 9.981139999999999457e-01 -2.122299999999999881e-02
9.000000000000000000e+00 9.500000000000000000e+01 3.600000000000000000e+01 0.000000000000000000e+00 1.600000000000000089e+00 7.568000000000000074e-03 1.117399999999999990e-02 9.999090000000000478e-01 9.981240000000000112e-01 6.066200000000000064e-02 -8.231999999999999734e-03 -6.074800000000000338e-02 9.980959999999999832e-01 -1.069400000000000038e-02
1.200000000000000000e+01 9.500000000000000000e+01 3.600000000000000000e+01 0.000000000000000000e+00 1.600000000000000089e+00 8.113000000000000420e-03 7.074000000000000427e-03 9.999419999999999975e-01 9.976530000000000120e-01 6.793799999999999839e-02 -8.574999999999999289e-03 -6.799399999999999888e-02 9.976650000000000240e-01 -6.505999999999999631e-03
2.000000000000000000e+01 9.500000000000000000e+01 3.600000000000000000e+01 0.000000000000000000e+00 1.600000000000000089e+00 4.227999999999999987e-03 -1.599300000000000027e-02 9.998629999999999463e-01 9.972609999999999530e-01 7.390700000000000047e-02 -3.033999999999999805e-03 -7.384799999999999698e-02 9.971370000000000511e-01 1.626199999999999868e-02
2.400000000000000000e+01 9.500000000000000000e+01 3.600000000000000000e+01 0.000000000000000000e+00 1.600000000000000089e+00 1.507000000000000093e-03 -5.857099999999999806e-02 9.982820000000000027e-01 9.971499999999999808e-01 7.538300000000000556e-02 2.916999999999999888e-03 -7.542400000000000493e-02 9.954330000000000123e-01 5.851800000000000057e-02
1.100000000000000000e+01 3.000000000000000000e+00 4.300000000000000000e+01 0.000000000000000000e+00 1.600000000000000089e+00 -4.512999999999999651e-03 -1.361999999999999929e-03 -9.999890000000000168e-01 7.375890000000000502e-01 -6.752449999999999841e-01 -2.409000000000000117e-03 -6.752350000000000296e-01 -7.375920000000000254e-01 4.052000000000000046e-03
1.800000000000000000e+01 3.000000000000000000e+00 4.300000000000000000e+01 0.000000000000000000e+00 1.600000000000000089e+00 2.648000000000000180e-03 1.153799999999999965e-02 -9.999299999999999855e-01 7.347299999999999942e-01 -6.783350000000000213e-01 -5.880999999999999943e-03 -6.783550000000000413e-01 -7.346629999999999550e-01 -1.027299999999999915e-02
2.200000000000000000e+01 3.000000000000000000e+00 4.300000000000000000e+01 0.000000000000000000e+00 1.600000000000000089e+00 2.429999999999999868e-03 1.144000000000000052e-03 -9.999959999999999960e-01 7.373420000000000529e-01 -6.755189999999999806e-01 1.018999999999999941e-03 -6.755149999999999766e-01 -7.373420000000000529e-01 -2.484999999999999796e-03
2.500000000000000000e+01 3.000000000000000000e+00 4.300000000000000000e+01 0.000000000000000000e+00 1.600000000000000089e+00 4.119000000000000265e-03 1.311700000000000019e-02 -9.999050000000000438e-01 7.369539999999999980e-01 -6.759180000000000188e-01 -5.831000000000000245e-03 -6.759309999999999485e-01 -7.368599999999999595e-01 -1.245100000000000026e-02
2.800000000000000000e+01 3.000000000000000000e+00 4.300000000000000000e+01 0.000000000000000000e+00 1.600000000000000089e+00 5.749999999999999903e-03 2.271099999999999855e-02 -9.997249999999999748e-01 7.328149999999999942e-01 -6.803360000000000518e-01 -1.123999999999999999e-02 -6.804040000000000088e-01 -7.325490000000000057e-01 -2.055500000000000035e-02
1.900000000000000000e+01 8.000000000000000000e+00 4.400000000000000000e+01 0.000000000000000000e+00 1.600000000000000089e+00 -2.186000000000000009e-03 4.653000000000000018e-03 9.999869999999999592e-01 -7.825170000000000181e-01 -6.226279999999999593e-01 1.186999999999999904e-03 6.226260000000000128e-01 -7.825039999999999774e-01 5.002000000000000370e-03
3.000000000000000000e+01 8.000000000000000000e+00 4.400000000000000000e+01 0.000000000000000000e+00 1.600000000000000089e+00 8.248000000000000123e-03 1.459799999999999986e-02 9.998590000000000533e-01 -7.813719999999999555e-01 -6.238719999999999821e-01 1.555400000000000012e-02 6.240109999999999824e-01 -7.813900000000000290e-01 6.259999999999999939e-03
3.000000000000000000e+00 2.900000000000000000e+01 4.400000000000000000e+01 0.000000000000000000e+00 1.600000000000000089e+00 6.600000000000000506e-05 4.088999999999999753e-03 -9.999919999999999920e-01 6.509230000000000294e-01 7.591369999999999507e-01 3.148000000000000190e-03 7.591430000000000122e-01 -6.509179999999999966e-01 -2.611000000000000040e-03
6.000000000000000000e+00 2.900000000000000000e+01 4.400000000000000000e+01 0.000000000000000000e+00 1.600000000000000089e+00 -1.704000000000000003e-03 4.020000000000000136e-04 -9.999980000000000535e-01 6.548260000000000192e-01 7.557789999999999786e-01 -8.120000000000000048e-04 7.557779999999999498e-01 -6.548270000000000479e-01 -1.551000000000000078e-03
1.000000000000000000e+01 2.900000000000000000e+01 4.400000000000000000e+01 0.000000000000000000e+00 1.600000000000000089e+00 -3.363999999999999803e-03 -2.086999999999999880e-03 -9.999919999999999920e-01 6.611949999999999772e-01 7.502050000000000107e-01 -3.789999999999999966e-03 7.502069999999999572e-01 -6.612019999999999564e-01 -1.144000000000000052e-03
1.300000000000000000e+01 2.900000000000000000e+01 4.400000000000000000e+01 0.000000000000000000e+00 1.600000000000000089e+00 -1.853999999999999962e-03 -2.069999999999999792e-03 -9.999959999999999960e-01 6.653780000000000250e-01 7.465009999999999701e-01 -2.778999999999999786e-03 7.465039999999999454e-01 -6.653810000000000002e-01 -6.999999999999999895e-06
1.700000000000000000e+01 2.900000000000000000e+01 4.400000000000000000e+01 0.000000000000000000e+00 1.600000000000000089e+00 -7.860000000000000233e-04 -2.289999999999999935e-03 -9.999970000000000248e-01 6.674390000000000045e-01 7.446610000000000174e-01 -2.230000000000000211e-03 7.446639999999999926e-01 -6.674390000000000045e-01 9.430000000000000448e-04
2.100000000000000000e+01 2.900000000000000000e+01 4.400000000000000000e+01 0.000000000000000000e+00 1.600000000000000089e+00 4.929999999999999487e-04 1.095000000000000053e-03 -9.999989999999999712e-01 6.697910000000000252e-01 7.425490000000000146e-01 1.142999999999999919e-03 7.425500000000000433e-01 -6.697910000000000252e-01 -3.669999999999999760e-04
2.400000000000000000e+01 2.900000000000000000e+01 4.400000000000000000e+01 0.000000000000000000e+00 1.600000000000000089e+00 1.915000000000000036e-03 1.889999999999999970e-03 -9.999959999999999960e-01 6.664080000000000004e-01 7.455819999999999670e-01 2.686000000000000019e-03 7.455840000000000245e-01 -6.664109999999999756e-01 1.679999999999999907e-04
2.800000000000000000e+01 2.900000000000000000e+01 4.400000000000000000e+01 0.000000000000000000e+00 1.600000000000000089e+00 1.922000000000000097e-03 4.130000000000000099e-04 -9.999980000000000535e-01 6.547110000000000429e-01 7.558780000000000499e-01 1.569999999999999998e-03 7.558770000000000211e-01 -6.547119999999999607e-01 1.182000000000000108e-03
9.000000000000000000e+00 7.000000000000000000e+01 4.700000000000000000e+01 0.000000000000000000e+00 1.600000000000000089e+00 1.958999999999999804e-03 -1.291000000000000047e-03 -9.999970000000000248e-01 -8.454380000000000228e-01 -5.340730000000000199e-01 -9.669999999999999776e-04 -5.340700000000000447e-01 8.454369999999999941e-01 -2.138000000000000143e-03
4.000000000000000000e+00 5.000000000000000000e+00 5.100000000000000000e+01 0.000000000000000000e+00 1.600000000000000089e+00 -4.399000000000000132e-03 -1.551699999999999954e-02 -9.998700000000000365e-01 4.853060000000000151e-01 -8.742699999999999916e-01 1.143300000000000045e-02 -8.743330000000000268e-01 -4.851920000000000122e-01 1.137699999999999996e-02
7.000000000000000000e+00 6.000000000000000000e+00 5.100000000000000000e+01 0.000000000000000000e+00 1.600000000000000089e+00 -4.230000000000000253e-03 -1.625800000000000162e-02 -9.998590000000000533e-01 3.164509999999999823e-01 -9.485040000000000138e-01 1.408399999999999930e-02 -9.485989999999999700e-01 -3.163469999999999893e-01 9.157000000000000209e-03
1.000000000000000000e+01 6.000000000000000000e+00 5.100000000000000000e+01 0.000000000000000000e+00 1.600000000000000089e+00 -4.959999999999999999e-03 -1.636200000000000154e-02 -9.998540000000000205e-01 3.144399999999999973e-01 -9.491749999999999909e-01 1.397299999999999931e-02 -9.492639999999999967e-01 -3.143239999999999923e-01 9.853000000000000647e-03
1.400000000000000000e+01 6.000000000000000000e+00 5.100000000000000000e+01 0.000000000000000000e+00 1.600000000000000089e+00 -5.538999999999999653e-03 -1.005200000000000017e-02 -9.999339999999999895e-01 3.196840000000000237e-01 -9.474930000000000296e-01 7.753999999999999608e-03 -9.475080000000000169e-01 -3.196200000000000152e-01 8.462000000000000771e-03
2.800000000000000000e+01 6.000000000000000000e+00 5.100000000000000000e+01 0.000000000000000000e+00 1.600000000000000089e+00 1.608000000000000054e-03 1.165199999999999916e-02 -9.999310000000000143e-01 3.092429999999999901e-01 -9.509239999999999915e-01 -1.058399999999999966e-02 -9.509819999999999940e-01 -3.092050000000000076e-01 -5.133000000000000410e-03
1.300000000000000000e+01 7.000000000000000000e+00 5.200000000000000000e+01 0.000000000000000000e+00 1.600000000000000089e+00 -7.029999999999999791e-03 -9.348000000000000406e-03 -9.999320000000000430e-01 1.192190000000000055e-01 -9.928320000000000478e-01 8.444000000000000117e-03 -9.928430000000000311e-01 -1.191510000000000069e-01 8.094000000000000500e-03
2.900000000000000000e+01 7.000000000000000000e+00 5.200000000000000000e+01 0.000000000000000000e+00 1.600000000000000089e+00 7.262000000000000226e-03 1.108800000000000063e-02 -9.999120000000000230e-01 1.026679999999999954e-01 -9.946629999999999638e-01 -1.028399999999999974e-02 -9.946890000000000454e-01 -1.025839999999999946e-01 -8.361000000000000376e-03
1.000000000000000000e+00 6.300000000000000000e+01 5.400000000000000000e+01 0.000000000000000000e+00 1.600000000000000089e+00 -5.140000000000000254e-04 2.559999999999999884e-04 1.000000000000000000e+00 -3.531500000000000195e-01 9.355670000000000375e-01 -4.209999999999999875e-04 -9.355670000000000375e-01 -3.531500000000000195e-01 -3.899999999999999929e-04
1.200000000000000000e+01 6.300000000000000000e+01 5.400000000000000000e+01 0.000000000000000000e+00 1.600000000000000089e+00 -2.497999999999999787e-03 -4.416999999999999919e-03 9.999869999999999592e-01 -3.382850000000000024e-01 9.410380000000000411e-01 3.311000000000000141e-03 -9.410399999999999876e-01 -3.382720000000000171e-01 -3.844999999999999894e-03
1.900000000000000000e+01 6.300000000000000000e+01 5.400000000000000000e+01 0.000000000000000000e+00 1.600000000000000089e+00 1.026000000000000002e-03 1.469999999999999953e-04 1.000000000000000000e+00 -3.346350000000000158e-01 9.423479999999999634e-01 2.039999999999999984e-04 -9.423470000000000457e-01 -3.346350000000000158e-01 1.015999999999999976e-03
2.800000000000000000e+01 6.300000000000000000e+01 5.400000000000000000e+01 0.000000000000000000e+00 1.600000000000000089e+00 5.002000000000000370e-03 2.085000000000000048e-03 9.999850000000000128e-01 -3.509650000000000269e-01 9.363890000000000269e-01 -1.969999999999999909e-04 -9.363749999999999574e-01 -3.509590000000000209e-01 5.414999999999999675e-03
1.100000000000000000e+01 2.000000000000000000e+01 6.000000000000000000e+01 0.000000000000000000e+00 1.600000000000000089e+00 -2.519999999999999996e-04 -9.721000000000000474e-03 9.999529999999999808e-01 -6.189000000000000057e-02 9.980360000000000342e-01 9.686999999999999431e-03 -9.980830000000000535e-01 -6.188400000000000151e-02 -8.530000000000000256e-04
1.000000000000000000e+00 2.100000000000000000e+01 6.000000000000000000e+01 0.000000000000000000e+00 1.600000000000000089e+00 1.969999999999999909e-04 -1.354999999999999954e-02 9.999080000000000190e-01 -9.732699999999999685e-02 9.951609999999999623e-01 1.350499999999999964e-02 -9.952520000000000255e-01 -9.732100000000000473e-02 -1.123000000000000083e-03
7.000000000000000000e+00 2.100000000000000000e+01 6.000000000000000000e+01 0.000000000000000000e+00 1.600000000000000089e+00 -7.820000000000000345e-04 -7.837000000000000216e-03 9.999689999999999968e-01 -9.761000000000000232e-02 9.951950000000000518e-01 7.722999999999999830e-03 -9.952239999999999975e-01 -9.760099999999999332e-02 -1.544000000000000017e-03
1.200000000000000000e+01 2.100000000000000000e+01 6.000000000000000000e+01 0.000000000000000000e+00 1.600000000000000089e+00 2.990000000000000036e-04 -4.856000000000000073e-03 9.999879999999999880e-01 -9.548099999999999643e-02 9.954190000000000538e-01 4.863000000000000135e-03 -9.954309999999999548e-01 -9.548199999999999743e-02 -1.659999999999999963e-04
1.800000000000000000e+01 2.100000000000000000e+01 6.000000000000000000e+01 0.000000000000000000e+00 1.600000000000000089e+00 -5.659999999999999884e-04 -9.048999999999999752e-03 9.999590000000000423e-01 -9.321100000000000219e-02 9.956059999999999910e-01 8.956999999999999684e-03 -9.956460000000000310e-01 -9.320199999999999319e-02 -1.407000000000000048e-03
2.200000000000000000e+01 2.100000000000000000e+01 6.000000000000000000e+01 0.000000000000000000e+00 1.600000000000000089e+00 -1.621999999999999961e-03 -6.602000000000000229e-03 9.999770000000000048e-01 -9.318500000000000394e-02 9.956279999999999575e-01 6.421999999999999757e-03 -9.956469999999999487e-01 -9.317300000000000582e-02 -2.230000000000000211e-03
2.800000000000000000e+01 2.100000000000000000e+01 6.000000000000000000e+01 0.000000000000000000e+00 1.600000000000000089e+00 -1.476000000000000098e-03 2.719000000000000063e-03 9.999949999999999672e-01 -9.545099999999999418e-02 9.954300000000000370e-01 -2.847999999999999837e-03 -9.954330000000000123e-01 -9.545499999999999818e-02 -1.209999999999999921e-03
2.800000000000000000e+01 3.000000000000000000e+00 6.300000000000000000e+01 0.000000000000000000e+00 1.600000000000000089e+00 9.439999999999999607e-04 1.399300000000000023e-02 9.999019999999999575e-01 -6.247869999999999813e-01 7.807269999999999488e-01 -1.033599999999999970e-02 -7.807950000000000168e-01 -6.247160000000000490e-01 9.478999999999999579e-03
5.000000000000000000e+00 2.700000000000000000e+01 6.300000000000000000e+01 0.000000000000000000e+00 1.600000000000000089e+00 -3.563999999999999894e-03 -4.720000000000000237e-03 9.999829999999999552e-01 -2.737120000000000108e-01 9.618050000000000210e-01 3.563999999999999894e-03 -9.618050000000000210e-01 -2.736950000000000216e-01 -4.720000000000000237e-03
1.200000000000000000e+01 2.700000000000000000e+01 6.300000000000000000e+01 0.000000000000000000e+00 1.600000000000000089e+00 1.077999999999999965e-03 -3.491000000000000179e-03 9.999930000000000208e-01 -2.787310000000000065e-01 9.603620000000000489e-01 3.652999999999999997e-03 -9.603690000000000282e-01 -2.787330000000000085e-01 6.200000000000000270e-05
1.600000000000000000e+01 2.700000000000000000e+01 6.300000000000000000e+01 0.000000000000000000e+00 1.600000000000000089e+00 1.978999999999999856e-03 -4.891000000000000382e-03 9.999860000000000415e-01 -2.802990000000000204e-01 9.598980000000000290e-01 5.250000000000000326e-03 -9.599109999999999587e-01 -2.803059999999999996e-01 5.289999999999999564e-04
2.000000000000000000e+01 2.700000000000000000e+01 6.300000000000000000e+01 0.000000000000000000e+00 1.600000000000000089e+00 7.780000000000000457e-04 -3.324000000000000132e-03 9.999940000000000495e-01 -2.815860000000000030e-01 9.595299999999999940e-01 3.408000000000000005e-03 -9.595359999999999445e-01 -2.815869999999999762e-01 -1.900000000000000105e-04
