1.300000000000000000e+01 2.500000000000000000e+01 1.000000000000000000e+00 0.000000000000000000e+00 1.600000000000000089e+00 1.810999999999999893e-03 4.912999999999999833e-03 -9.999860000000000415e-01 -5.301059999999999661e-01 -8.479160000000000030e-01 -5.126000000000000348e-03 -8.479299999999999615e-01 5.301080000000000236e-01 1.069000000000000072e-03
2.000000000000000000e+01 2.500000000000000000e+01 1.000000000000000000e+00 0.000000000000000000e+00 1.600000000000000089e+00 2.694999999999999913e-03 -6.741999999999999729e-03 -9.999740000000000295e-01 -5.352329999999999588e-01 -8.446939999999999449e-01 4.251999999999999703e-03 -8.447000000000000064e-01 5.352069999999999883e-01 -5.884999999999999606e-03
2.400000000000000000e+01 2.500000000000000000e+01 1.000000000000000000e+00 0.000000000000000000e+00 1.600000000000000089e+00 2.949999999999999931e-03 -1.838999999999999923e-03 -9.999940000000000495e-01 -5.371829999999999661e-01 -8.434660000000000490e-01 -3.300000000000000253e-05 -8.434610000000000163e-01 5.371799999999999908e-01 -3.475999999999999923e-03
3.000000000000000000e+00 1.500000000000000000e+01 4.000000000000000000e+00 0.000000000000000000e+00 1.600000000000000089e+00 1.902999999999999961e-03 1.118800000000000003e-02 9.999360000000000470e-01 2.972569999999999935e-01 -9.547440000000000371e-01 1.011699999999999926e-02 9.547959999999999781e-01 2.972179999999999822e-01 -5.143000000000000002e-03
1.100000000000000000e+01 1.500000000000000000e+01 4.000000000000000000e+00 0.000000000000000000e+00 1.600000000000000089e+00 1.730999999999999900e-03 2.348999999999999960e-03 9.999959999999999960e-01 3.013040000000000163e-01 -9.535270000000000135e-01 1.719000000000000042e-03 9.535259999999999847e-01 3.013000000000000123e-01 -2.357999999999999853e-03
2.600000000000000000e+01 1.500000000000000000e+01 4.000000000000000000e+00 0.000000000000000000e+00 1.600000000000000089e+00 -3.879999999999999985e-04 1.441599999999999999e-02 9.998960000000000070e-01 2.937910000000000244e-01 -9.557689999999999797e-01 1.389400000000000010e-02 9.558699999999999974e-01 2.937660000000000271e-01 -3.863999999999999813e-03
2.900000000000000000e+01 1.500000000000000000e+01 4.000000000000000000e+00 0.000000000000000000e+00 1.600000000000000089e+00 -3.469999999999999994e-03 1.358200000000000032e-02 9.999019999999999575e-01 2.944590000000000263e-01 -9.555609999999999937e-01 1.400200000000000056e-02 9.556580000000000075e-01 2.944789999999999908e-01 -6.830000000000000134e-04
2.000000000000000000e+00 1.010000000000000000e+02 7.000000000000000000e+00 0.000000000000000000e+00 1.600000000000000089e+00 2.791000000000000078e-03 -4.283000000000000348e-03 9.999869999999999592e-01 8.826629999999999754e-01 4.700070000000000081e-01 -4.499999999999999877e-04 -4.699990000000000001e-01 8.826519999999999921e-01 5.092000000000000172e-03
1.200000000000000000e+01 1.010000000000000000e+02 7.000000000000000000e+00 0.000000000000000000e+00 1.600000000000000089e+00 -5.100000000000000366e-04 -9.065999999999999406e-03 9.999590000000000423e-01 8.876190000000000468e-01 4.605549999999999922e-01 4.628000000000000169e-03 -4.605779999999999874e-01 8.875849999999999573e-01 7.812000000000000367e-03
1.600000000000000000e+01 1.010000000000000000e+02 7.000000000000000000e+00 0.000000000000000000e+00 1.600000000000000089e+00 -2.632999999999999924e-03 -2.089999999999999844e-03 9.999940000000000495e-01 8.888369999999999882e-01 4.582109999999999794e-01 3.298000000000000150e-03 -4.582160000000000122e-01 8.888409999999999922e-01 6.509999999999999945e-04
2.700000000000000000e+01 1.010000000000000000e+02 7.000000000000000000e+00 0.000000000000000000e+00 1.600000000000000089e+00 3.069999999999999812e-04 2.730999999999999921e-03 9.999959999999999960e-01 8.831080000000000041e-01 4.691679999999999739e-01 -1.551999999999999994e-03 -4.691699999999999759e-01 8.831050000000000288e-01 -2.268000000000000051e-03
6.000000000000000000e+00 1.500000000000000000e+01 8.000000000000000000e+00 0.000000000000000000e+00 1.600000000000000089e+00 8.360000000000000460e-04 1.064599999999999921e-02 -9.999430000000000263e-01 -5.918750000000000400e-01 -8.059790000000000010e-01 -9.076000000000000734e-03 -8.060289999999999955e-01 5.918489999999999585e-01 5.627000000000000057e-03
2.700000000000000000e+01 1.500000000000000000e+01 8.000000000000000000e+00 0.000000000000000000e+00 1.600000000000000089e+00 4.880999999999999922e-03 1.348300000000000019e-02 -9.998970000000000358e-01 -5.906679999999999708e-01 -8.067980000000000151e-01 -1.376299999999999919e-02 -8.068999999999999506e-01 5.906740000000000324e-01 4.026000000000000065e-03
3.000000000000000000e+00 2.400000000000000000e+01 9.000000000000000000e+00 0.000000000000000000e+00 1.600000000000000089e+00 -1.083999999999999894e-03 -7.997000000000000636e-03 -9.999670000000000503e-01 4.535569999999999879e-01 8.911949999999999594e-01 -7.618999999999999904e-03 8.912269999999999914e-01 -4.535500000000000087e-01 2.661000000000000171e-03
9.000000000000000000e+00 2.400000000000000000e+01 9.000000000000000000e+00 0.000000000000000000e+00 1.600000000000000089e+00 -1.758000000000000014e-03 -8.330999999999999864e-03 -9.999639999999999640e-01 4.546200000000000241e-01 8.906479999999999952e-01 -8.219000000000000611e-03 8.906840000000000312e-01 -4.546180000000000221e-01 2.222000000000000017e-03
1.500000000000000000e+01 2.400000000000000000e+01 9.000000000000000000e+00 0.000000000000000000e+00 1.600000000000000089e+00 -2.240999999999999936e-03 -9.286000000000000851e-03 -9.999540000000000095e-01 4.556479999999999975e-01 8.901109999999999856e-01 -9.287000000000000116e-03 8.901569999999999760e-01 -4.556479999999999975e-01 2.236000000000000140e-03
2.400000000000000000e+01 2.400000000000000000e+01 9.000000000000000000e+00 0.000000000000000000e+00 1.600000000000000089e+00 -3.651999999999999864e-03 -7.217000000000000325e-03 -9.999670000000000503e-01 4.597950000000000093e-01 8.879879999999999995e-01 -8.087999999999999703e-03 8.880179999999999740e-01 -4.598090000000000233e-01 7.499999999999999343e-05
2.300000000000000000e+01 1.040000000000000000e+02 1.100000000000000000e+01 0.000000000000000000e+00 1.600000000000000089e+00 2.196000000000000035e-03 -1.081900000000000049e-02 9.999390000000000223e-01 -9.746979999999999533e-01 -2.235260000000000025e-01 -2.779999999999999811e-04 2.235149999999999915e-01 -9.746380000000000043e-01 -1.103600000000000067e-02
9.000000000000000000e+00 3.100000000000000000e+01 1.200000000000000000e+01 0.000000000000000000e+00 1.600000000000000089e+00 3.820000000000000153e-04 -4.190000000000000148e-03 9.999909999999999632e-01 7.936000000000000346e-03 9.999599999999999600e-01 4.186999999999999750e-03 -9.999679999999999680e-01 7.934000000000000080e-03 4.150000000000000043e-04
1.600000000000000000e+01 3.100000000000000000e+01 1.200000000000000000e+01 0.000000000000000000e+00 1.600000000000000089e+00 1.087000000000000076e-03 -4.199999999999999740e-03 9.999909999999999632e-01 4.677999999999999867e-03 9.999799999999999800e-01 4.194999999999999944e-03 -9.999879999999999880e-01 4.673000000000000070e-03 1.106999999999999911e-03
2.200000000000000000e+01 3.100000000000000000e+01 1.200000000000000000e+01 0.000000000000000000e+00 1.600000000000000089e+00 -5.500000000000000331e-04 -6.132000000000000298e-03 9.999810000000000088e-01 2.284000000000000006e-03 9.999789999999999512e-01 6.133000000000000430e-03 -9.999970000000000248e-01 2.286999999999999970e-03 -5.360000000000000181e-04
4.000000000000000000e+00 3.200000000000000000e+01 1.400000000000000000e+01 0.000000000000000000e+00 1.600000000000000089e+00 4.800000000000000122e-04 -1.105999999999999995e-03 -9.999989999999999712e-01 1.007200000000000040e-01 9.949139999999999651e-01 -1.052999999999999900e-03 9.949149999999999938e-01 -1.007190000000000030e-01 5.890000000000000053e-04
1.000000000000000000e+00 1.200000000000000000e+01 1.500000000000000000e+01 0.000000000000000000e+00 1.600000000000000089e+00 1.193000000000000050e-03 8.999999999999999754e-04 -9.999989999999999712e-01 -4.703579999999999983e-01 -8.824750000000000094e-01 -1.356000000000000000e-03 -8.824750000000000094e-01 4.703590000000000271e-01 -6.300000000000000261e-04
9.000000000000000000e+00 1.200000000000000000e+01 1.500000000000000000e+01 0.000000000000000000e+00 1.600000000000000089e+00 -9.790000000000000525e-04 2.469999999999999865e-04 -9.999989999999999712e-01 -4.687009999999999788e-01 -8.833569999999999478e-01 2.410000000000000033e-04 -8.833560000000000301e-01 4.687009999999999788e-01 9.799999999999999684e-04
1.900000000000000000e+01 1.200000000000000000e+01 1.500000000000000000e+01 0.000000000000000000e+00 1.600000000000000089e+00 3.530000000000000152e-04 4.699999999999999859e-04 -1.000000000000000000e+00 -4.676660000000000261e-01 -8.839050000000000518e-01 -5.810000000000000277e-04 -8.839050000000000518e-01 4.676660000000000261e-01 -9.299999999999999727e-05
2.800000000000000000e+01 1.200000000000000000e+01 1.500000000000000000e+01 0.000000000000000000e+00 1.600000000000000089e+00 1.536000000000000039e-03 1.391000000000000092e-03 -9.999980000000000535e-01 -4.659880000000000133e-01 -8.847890000000000477e-01 -1.946999999999999946e-03 -8.847899999999999654e-01 4.659900000000000153e-01 -7.100000000000000191e-04
5.000000000000000000e+00 1.100000000000000000e+01 1.600000000000000000e+01 0.000000000000000000e+00 1.600000000000000089e+00 -8.700000000000000051e-04 -2.688999999999999984e-03 -9.999959999999999960e-01 -4.157629999999999937e-01 -9.094689999999999719e-01 2.807000000000000033e-03 -9.094729999999999759e-01 4.157640000000000224e-01 -3.269999999999999795e-04
8.000000000000000000e+00 1.100000000000000000e+01 1.600000000000000000e+01 0.000000000000000000e+00 1.600000000000000089e+00 -1.038999999999999993e-03 -6.009999999999999717e-04 -9.999989999999999712e-01 -4.169829999999999925e-01 -9.089139999999999997e-01 9.799999999999999684e-04 -9.089139999999999997e-01 4.169840000000000213e-01 6.930000000000000396e-04
1.200000000000000000e+01 1.100000000000000000e+01 1.600000000000000000e+01 0.000000000000000000e+00 1.600000000000000089e+00 -1.093000000000000005e-03 3.722000000000000048e-03 -9.999919999999999920e-01 -4.185479999999999756e-01 -9.081900000000000528e-01 -2.922999999999999817e-03 -9.081939999999999458e-01 4.185420000000000251e-01 2.550999999999999882e-03
1.000000000000000000e+01 1.160000000000000000e+02 1.600000000000000000e+01 0.000000000000000000e+00 1.600000000000000089e+00 1.559999999999999972e-03 1.887999999999999921e-03 9.999970000000000248e-01 6.942939999999999667e-01 7.196879999999999944e-01 -2.442000000000000160e-03 -7.196900000000000519e-01 6.942949999999999955e-01 -1.879999999999999890e-04
2.300000000000000000e+01 1.160000000000000000e+02 1.600000000000000000e+01 0.000000000000000000e+00 1.600000000000000089e+00 -1.683000000000000034e-03 -1.113999999999999973e-03 9.999980000000000535e-01 7.044660000000000366e-01 7.097350000000000048e-01 1.975999999999999892e-03 -7.097360000000000335e-01 7.044679999999999831e-01 -4.090000000000000211e-04
2.800000000000000000e+01 1.160000000000000000e+02 1.600000000000000000e+01 0.000000000000000000e+00 1.600000000000000089e+00 -1.131000000000000061e-03 -1.711000000000000064e-03 9.999980000000000535e-01 7.158269999999999911e-01 6.982749999999999790e-01 2.004000000000000139e-03 -6.982770000000000366e-01 7.158280000000000198e-01 4.350000000000000026e-04
5.000000000000000000e+00 2.000000000000000000e+00 1.900000000000000000e+01 0.000000000000000000e+00 1.600000000000000089e+00 -2.162999999999999992e-03 1.330999999999999935e-03 -9.999970000000000248e-01 1.853499999999999870e-01 -9.826709999999999612e-01 -1.709000000000000016e-03 -9.826700000000000434e-01 -1.853539999999999910e-01 1.879000000000000028e-03
9.000000000000000000e+00 2.000000000000000000e+00 1.900000000000000000e+01 0.000000000000000000e+00 1.600000000000000089e+00 -3.799999999999999992e-03 8.000000000000000383e-04 -9.999919999999999920e-01 1.835330000000000017e-01 -9.830119999999999969e-01 -1.482999999999999943e-03 -9.830060000000000464e-01 -1.835370000000000057e-01 3.588000000000000043e-03
1.400000000000000000e+01 2.000000000000000000e+00 1.900000000000000000e+01 0.000000000000000000e+00 1.600000000000000089e+00 3.950000000000000061e-04 -7.576000000000000269e-03 -9.999710000000000543e-01 1.791669999999999929e-01 -9.837900000000000533e-01 7.524999999999999571e-03 -9.838189999999999991e-01 -1.791649999999999909e-01 9.690000000000000262e-04
3.000000000000000000e+00 4.000000000000000000e+00 2.000000000000000000e+01 0.000000000000000000e+00 1.600000000000000089e+00 1.753999999999999917e-03 -7.590000000000000175e-04 -9.999980000000000535e-01 2.818439999999999834e-01 -9.594589999999999508e-01 1.221999999999999996e-03 -9.594589999999999508e-01 -2.818459999999999854e-01 -1.469000000000000037e-03
9.000000000000000000e+00 4.000000000000000000e+00 2.000000000000000000e+01 0.000000000000000000e+00 1.600000000000000089e+00 -5.787999999999999742e-03 3.246000000000000187e-03 -9.999780000000000335e-01 2.758700000000000041e-01 -9.611830000000000096e-01 -4.716999999999999839e-03 -9.611779999999999768e-01 -2.758909999999999973e-01 4.668000000000000274e-03
1.300000000000000000e+01 4.000000000000000000e+00 2.000000000000000000e+01 0.000000000000000000e+00 1.600000000000000089e+00 -2.272000000000000148e-03 -9.372000000000000122e-03 -9.999529999999999808e-01 2.809940000000000215e-01 -9.596729999999999983e-01 8.356000000000000580e-03 -9.597069999999999768e-01 -2.809619999999999895e-01 4.813999999999999703e-03
3.000000000000000000e+00 1.300000000000000000e+01 2.000000000000000000e+01 0.000000000000000000e+00 1.600000000000000089e+00 -6.989999999999999686e-04 4.388999999999999672e-03 9.999900000000000455e-01 2.554649999999999976e-01 9.668099999999999472e-01 -4.065000000000000037e-03 -9.668179999999999552e-01 2.554600000000000204e-01 -1.796999999999999986e-03
1.000000000000000000e+01 1.300000000000000000e+01 2.000000000000000000e+01 0.000000000000000000e+00 1.600000000000000089e+00 -4.629999999999999784e-04 -8.100000000000000375e-05 1.000000000000000000e+00 2.526720000000000077e-01 9.675519999999999676e-01 1.959999999999999937e-04 -9.675519999999999676e-01 2.526720000000000077e-01 -4.270000000000000249e-04
1.700000000000000000e+01 1.300000000000000000e+01 2.000000000000000000e+01 0.000000000000000000e+00 1.600000000000000089e+00 -4.739999999999999747e-04 -3.497999999999999807e-03 9.999940000000000495e-01 2.551080000000000014e-01 9.669060000000000432e-01 3.503000000000000037e-03 -9.669130000000000225e-01 2.551080000000000014e-01 4.339999999999999782e-04
2.200000000000000000e+01 1.300000000000000000e+01 2.000000000000000000e+01 0.000000000000000000e+00 1.600000000000000089e+00 -6.070000000000000092e-04 -2.804000000000000069e-03 9.999959999999999960e-01 2.573369999999999824e-01 9.663169999999999815e-01 2.866000000000000058e-03 -9.663209999999999855e-01 2.573380000000000112e-01 1.350000000000000017e-04
2.800000000000000000e+01 1.300000000000000000e+01 2.000000000000000000e+01 0.000000000000000000e+00 1.600000000000000089e+00 5.360000000000000181e-04 -2.077999999999999986e-03 9.999980000000000535e-01 2.571769999999999889e-01 9.663620000000000543e-01 1.869999999999999917e-03 -9.663640000000000008e-01 2.571760000000000157e-01 1.051999999999999984e-03
6.000000000000000000e+00 1.600000000000000000e+01 2.100000000000000000e+01 0.000000000000000000e+00 1.600000000000000089e+00 -9.950000000000000077e-04 4.466999999999999617e-03 9.999900000000000455e-01 2.977620000000000267e-01 9.546320000000000361e-01 -3.968000000000000173e-03 -9.546400000000000441e-01 2.977549999999999919e-01 -2.279999999999999909e-03
1.000000000000000000e+01 1.600000000000000000e+01 2.100000000000000000e+01 0.000000000000000000e+00 1.600000000000000089e+00 -5.890000000000000053e-04 2.148999999999999869e-03 9.999970000000000248e-01 2.966539999999999733e-01 9.549830000000000263e-01 -1.877999999999999895e-03 -9.549849999999999728e-01 2.966520000000000268e-01 -1.199999999999999895e-03
1.800000000000000000e+01 1.600000000000000000e+01 2.100000000000000000e+01 0.000000000000000000e+00 1.600000000000000089e+00 -4.699999999999999859e-04 -5.825999999999999582e-03 9.999829999999999552e-01 2.970200000000000062e-01 9.548539999999999806e-01 5.702999999999999736e-03 -9.548710000000000253e-01 2.970180000000000042e-01 1.281999999999999936e-03
2.200000000000000000e+01 1.600000000000000000e+01 2.100000000000000000e+01 0.000000000000000000e+00 1.600000000000000089e+00 -3.390000000000000001e-04 -4.334000000000000179e-03 9.999909999999999632e-01 2.971050000000000080e-01 9.548349999999999893e-01 4.238999999999999713e-03 -9.548450000000000548e-01 2.971030000000000060e-01 9.640000000000000131e-04
2.500000000000000000e+01 1.600000000000000000e+01 2.100000000000000000e+01 0.000000000000000000e+00 1.600000000000000089e+00 -1.849999999999999973e-04 -1.039999999999999936e-04 1.000000000000000000e+00 2.971230000000000260e-01 9.548389999999999933e-01 1.540000000000000028e-04 -9.548389999999999933e-01 2.971230000000000260e-01 -1.450000000000000009e-04
5.000000000000000000e+00 3.000000000000000000e+00 2.500000000000000000e+01 0.000000000000000000e+00 1.600000000000000089e+00 -3.555000000000000000e-03 1.492999999999999969e-03 9.999930000000000208e-01 -3.779099999999999820e-02 -9.992849999999999788e-01 1.356999999999999916e-03 9.992790000000000283e-01 -3.778600000000000014e-02 3.608999999999999795e-03
1.200000000000000000e+01 3.000000000000000000e+00 2.500000000000000000e+01 0.000000000000000000e+00 1.600000000000000089e+00 2.272000000000000148e-03 3.191999999999999959e-03 9.999919999999999920e-01 -3.919500000000000067e-02 -9.992259999999999476e-01 3.278000000000000098e-03 9.992290000000000338e-01 -3.920200000000000073e-02 -2.145000000000000205e-03
2.200000000000000000e+01 3.000000000000000000e+00 2.500000000000000000e+01 0.000000000000000000e+00 1.600000000000000089e+00 -7.726000000000000228e-03 -1.240000000000000054e-04 9.999700000000000255e-01 -2.956299999999999900e-02 -9.995629999999999793e-01 -3.530000000000000152e-04 9.995330000000000048e-01 -2.956400000000000000e-02 7.719000000000000167e-03
1.100000000000000000e+01 4.600000000000000000e+01 2.700000000000000000e+01 0.000000000000000000e+00 1.600000000000000089e+00 2.113999999999999994e-03 1.815999999999999906e-03 -9.999959999999999960e-01 6.629270000000000440e-01 7.486789999999999834e-01 2.760999999999999999e-03 7.486810000000000409e-01 -6.629300000000000193e-01 3.789999999999999966e-04
1.900000000000000000e+01 4.600000000000000000e+01 2.700000000000000000e+01 0.000000000000000000e+00 1.600000000000000089e+00 -2.157000000000000063e-03 -3.036000000000000070e-03 -9.999930000000000208e-01 6.610120000000000440e-01 7.503659999999999775e-01 -3.703999999999999827e-03 7.503720000000000390e-01 -6.610160000000000480e-01 3.879999999999999985e-04
2.800000000000000000e+01 4.600000000000000000e+01 2.700000000000000000e+01 0.000000000000000000e+00 1.600000000000000089e+00 4.169999999999999987e-04 8.189999999999999581e-04 -1.000000000000000000e+00 6.639359999999999706e-01 7.477890000000000370e-01 8.890000000000000333e-04 7.477890000000000370e-01 -6.639359999999999706e-01 -2.320000000000000014e-04
4.000000000000000000e+00 5.800000000000000000e+01 3.100000000000000000e+01 0.000000000000000000e+00 1.600000000000000089e+00 -4.085000000000000089e-03 1.768999999999999956e-03 9.999900000000000455e-01 -7.933869999999999534e-01 -6.087129999999999486e-01 -2.164000000000000125e-03 6.087029999999999941e-01 -7.933879999999999821e-01 3.890999999999999927e-03
1.000000000000000000e+01 5.800000000000000000e+01 3.100000000000000000e+01 0.000000000000000000e+00 1.600000000000000089e+00 7.810000000000000102e-04 3.600000000000000227e-04 1.000000000000000000e+00 -7.947560000000000180e-01 -6.069280000000000230e-01 8.400000000000000348e-04 6.069280000000000230e-01 -7.947570000000000467e-01 -1.879999999999999890e-04
1.400000000000000000e+01 5.800000000000000000e+01 3.100000000000000000e+01 0.000000000000000000e+00 1.600000000000000089e+00 1.479999999999999979e-03 5.119999999999999768e-04 9.999989999999999712e-01 -7.951820000000000555e-01 -6.063690000000000468e-01 1.487999999999999956e-03 6.063690000000000468e-01 -7.951829999999999732e-01 -4.899999999999999842e-04
2.000000000000000000e+01 5.800000000000000000e+01 3.100000000000000000e+01 0.000000000000000000e+00 1.600000000000000089e+00 -5.010000000000000347e-04 5.060000000000000478e-04 1.000000000000000000e+00 -7.929070000000000285e-01 -6.093429999999999680e-01 -8.899999999999999491e-05 6.093429999999999680e-01 -7.929070000000000285e-01 7.069999999999999462e-04
2.700000000000000000e+01 5.800000000000000000e+01 3.100000000000000000e+01 0.000000000000000000e+00 1.600000000000000089e+00 5.280000000000000405e-04 -4.231000000000000386e-03 9.999909999999999632e-01 -7.898469999999999658e-01 -6.132999999999999563e-01 -2.177999999999999815e-03 6.133030000000000426e-01 -7.898389999999999578e-01 -3.665999999999999988e-03
1.400000000000000000e+01 6.000000000000000000e+00 3.200000000000000000e+01 0.000000000000000000e+00 1.600000000000000089e+00 -2.199000000000000000e-03 -6.059000000000000150e-03 -9.999789999999999512e-01 1.379019999999999968e-01 9.904260000000000286e-01 -6.304999999999999841e-03 9.904429999999999623e-01 -1.379130000000000078e-01 -1.343000000000000010e-03
1.900000000000000000e+01 6.000000000000000000e+00 3.200000000000000000e+01 0.000000000000000000e+00 1.600000000000000089e+00 -3.693999999999999801e-03 -3.335999999999999990e-03 -9.999879999999999880e-01 1.414080000000000059e-01 9.899440000000000461e-01 -3.824999999999999841e-03 9.899440000000000461e-01 -1.414209999999999912e-01 -3.184999999999999897e-03
3.000000000000000000e+01 4.200000000000000000e+01 3.400000000000000000e+01 0.000000000000000000e+00 1.600000000000000089e+00 1.699999999999999987e-05 -1.309999999999999967e-03 -9.999989999999999712e-01 -2.868550000000000266e-01 9.579729999999999634e-01 -1.260000000000000052e-03 9.579739999999999922e-01 2.868550000000000266e-01 -3.600000000000000227e-04
5.000000000000000000e+00 4.600000000000000000e+01 3.500000000000000000e+01 0.000000000000000000e+00 1.600000000000000089e+00 1.240000000000000000e-03 -5.680000000000000370e-04 -9.999989999999999712e-01 3.839279999999999915e-01 -9.233620000000000161e-01 1.000000000000000021e-03 -9.233620000000000161e-01 -3.839290000000000203e-01 -9.269999999999999811e-04
1.000000000000000000e+01 4.600000000000000000e+01 3.500000000000000000e+01 0.000000000000000000e+00 1.600000000000000089e+00 -1.310000000000000129e-04 -1.789999999999999870e-04 -1.000000000000000000e+00 3.846229999999999927e-01 -9.230739999999999501e-01 1.150000000000000035e-04 -9.230739999999999501e-01 -3.846229999999999927e-01 1.890000000000000133e-04
1.800000000000000000e+01 4.600000000000000000e+01 3.500000000000000000e+01 0.000000000000000000e+00 1.600000000000000089e+00 -1.079000000000000098e-03 5.469999999999999602e-04 -9.999989999999999712e-01 3.822420000000000262e-01 -9.240620000000000500e-01 -9.179999999999999792e-04 -9.240620000000000500e-01 -3.822429999999999994e-01 7.879999999999999635e-04
2.300000000000000000e+01 4.600000000000000000e+01 3.500000000000000000e+01 0.000000000000000000e+00 1.600000000000000089e+00 3.130000000000000187e-04 1.211000000000000054e-03 -9.999989999999999712e-01 3.820379999999999887e-01 -9.241460000000000230e-01 -1.000000000000000021e-03 -9.241470000000000518e-01 -3.820370000000000155e-01 -7.519999999999999558e-04
2.900000000000000000e+01 4.600000000000000000e+01 3.500000000000000000e+01 0.000000000000000000e+00 1.600000000000000089e+00 -2.082000000000000083e-03 7.126000000000000389e-03 -9.999719999999999720e-01 3.825299999999999812e-01 -9.239140000000000130e-01 -7.380000000000000275e-03 -9.239410000000000123e-01 -3.825339999999999852e-01 -8.030000000000000028e-04
2.000000000000000000e+00 9.500000000000000000e+01 3.600000000000000000e+01 0.000000000000000000e+00 1.600000000000000089e+00 1.122100000000000007e-02 4.171000000000000228e-03 9.999280000000000390e-01 9.964889999999999581e-01 8.292599999999999971e-02 -1.152899999999999932e-02 -8.296800000000000008e-02 9.965469999999999606e-01 -3.225000000000000002e-03
7.000000000000000000e+00 9.500000000000000000e+01 3.600000000000000000e+01 0.000000000000000000e+00 1.600000000000000089e+00 1.020700000000000079e-02 4.713000000000000175e-03 9.999369999999999647e-01 9.965199999999999614e-01 8.268599999999999561e-02 -1.056200000000000021e-02 -8.273099999999999898e-02 9.965650000000000341e-01 -3.853000000000000088e-03
1.200000000000000000e+01 9.500000000000000000e+01 3.600000000000000000e+01 0.000000000000000000e+00 1.600000000000000089e+00 2.671000000000000197e-03 1.896799999999999875e-02 9.998169999999999558e-01 9.966599999999999904e-01 8.155199999999999949e-02 -4.209000000000000068e-03 -8.161699999999999511e-02 9.964889999999999581e-01 -1.868699999999999875e-02
1.800000000000000000e+01 9.500000000000000000e+01 3.600000000000000000e+01 0.000000000000000000e+00 1.600000000000000089e+00 -2.944000000000000002e-03 -1.493000000000000056e-02 9.998839999999999950e-01 9.961269999999999847e-01 8.781799999999999329e-02 4.244999999999999642e-03 -8.787100000000000466e-02 9.960250000000000492e-01 1.461400000000000025e-02
2.300000000000000000e+01 9.500000000000000000e+01 3.600000000000000000e+01 0.000000000000000000e+00 1.600000000000000089e+00 -4.487999999999999802e-03 -8.909999999999999734e-04 9.999900000000000455e-01 9.957810000000000272e-01 9.164500000000000424e-02 4.551000000000000358e-03 -9.164799999999999336e-02 9.957909999999999817e-01 4.760000000000000234e-04
2.700000000000000000e+01 9.500000000000000000e+01 3.600000000000000000e+01 0.000000000000000000e+00 1.600000000000000089e+00 -1.603000000000000041e-03 -4.623999999999999638e-03 9.999879999999999880e-01 9.959130000000000482e-01 9.029700000000000226e-02 2.014000000000000165e-03 -9.030499999999999639e-02 9.959040000000000115e-01 4.460000000000000422e-03
8.000000000000000000e+00 3.000000000000000000e+00 4.300000000000000000e+01 0.000000000000000000e+00 1.600000000000000089e+00 -4.205999999999999669e-03 -4.241600000000000231e-02 -9.990909999999999513e-01 7.389229999999999965e-01 -6.733090000000000463e-01 2.547500000000000112e-02 -6.737769999999999593e-01 -7.381440000000000223e-01 3.417400000000000299e-02
1.500000000000000000e+01 3.000000000000000000e+00 4.300000000000000000e+01 0.000000000000000000e+00 1.600000000000000089e+00 -7.506999999999999784e-03 -5.754800000000000193e-02 -9.983140000000000347e-01 7.438730000000000064e-01 -6.675109999999999655e-01 3.288499999999999757e-02 -6.682789999999999564e-01 -7.423729999999999496e-01 4.781900000000000039e-02
2.000000000000000000e+01 3.000000000000000000e+00 4.300000000000000000e+01 0.000000000000000000e+00 1.600000000000000089e+00 -7.832999999999999685e-03 -2.936000000000000068e-02 -9.995380000000000376e-01 7.463070000000000537e-01 -6.654609999999999692e-01 1.369800000000000011e-02 -6.655560000000000365e-01 -7.458550000000000457e-01 2.712399999999999881e-02
2.400000000000000000e+01 3.000000000000000000e+00 4.300000000000000000e+01 0.000000000000000000e+00 1.600000000000000089e+00 -5.655999999999999570e-03 -6.163000000000000075e-03 -9.999649999999999928e-01 7.469810000000000061e-01 -6.648460000000000480e-01 -1.269999999999999970e-04 -6.648220000000000240e-01 -7.469550000000000356e-01 8.363999999999999907e-03
2.400000000000000000e+01 8.000000000000000000e+00 4.400000000000000000e+01 0.000000000000000000e+00 1.600000000000000089e+00 2.599999999999999772e-04 -2.092000000000000109e-03 9.999980000000000535e-01 -7.687060000000000004e-01 -6.396020000000000039e-01 -1.137999999999999906e-03 6.396030000000000326e-01 -7.687040000000000539e-01 -1.773999999999999969e-03
2.800000000000000000e+01 8.000000000000000000e+00 4.400000000000000000e+01 0.000000000000000000e+00 1.600000000000000089e+00 2.752999999999999805e-03 4.035999999999999657e-03 9.999879999999999880e-01 -7.676230000000000553e-01 -6.408850000000000380e-01 4.700000000000000185e-03 6.408960000000000212e-01 -7.676260000000000305e-01 1.333999999999999899e-03
7.000000000000000000e+00 2.900000000000000000e+01 4.400000000000000000e+01 0.000000000000000000e+00 1.600000000000000089e+00 -5.789999999999999791e-04 2.680999999999999790e-03 -9.999959999999999960e-01 6.610070000000000112e-01 7.503779999999999895e-01 1.629000000000000023e-03 7.503790000000000182e-01 -6.610040000000000360e-01 -2.207000000000000194e-03
1.200000000000000000e+01 2.900000000000000000e+01 4.400000000000000000e+01 0.000000000000000000e+00 1.600000000000000089e+00 9.129999999999999661e-04 2.469999999999999973e-03 -9.999970000000000248e-01 6.561860000000000470e-01 7.545950000000000157e-01 2.462999999999999912e-03 7.545979999999999910e-01 -6.561860000000000470e-01 -9.319999999999999942e-04
1.700000000000000000e+01 2.900000000000000000e+01 4.400000000000000000e+01 0.000000000000000000e+00 1.600000000000000089e+00 1.399999999999999986e-03 -2.054999999999999969e-03 -9.999970000000000248e-01 6.550740000000000451e-01 7.555640000000000134e-01 -6.350000000000000392e-04 7.555629999999999846e-01 -6.550709999999999589e-01 2.403000000000000188e-03
2.000000000000000000e+01 2.900000000000000000e+01 4.400000000000000000e+01 0.000000000000000000e+00 1.600000000000000089e+00 1.409000000000000096e-03 -3.831000000000000204e-03 -9.999919999999999920e-01 6.567709999999999937e-01 7.540879999999999805e-01 -1.962999999999999901e-03 7.540890000000000093e-01 -6.567629999999999857e-01 3.579000000000000150e-03
2.700000000000000000e+01 2.900000000000000000e+01 4.400000000000000000e+01 0.000000000000000000e+00 1.600000000000000089e+00 1.907000000000000058e-03 -6.420999999999999625e-03 -9.999780000000000335e-01 6.702320000000000499e-01 7.421429999999999971e-01 -3.487000000000000082e-03 7.421489999999999476e-01 -6.702099999999999724e-01 5.719000000000000125e-03
1.100000000000000000e+01 5.400000000000000000e+01 4.600000000000000000e+01 0.000000000000000000e+00 1.600000000000000089e+00 5.410000000000000312e-04 -9.591999999999999832e-03 9.999540000000000095e-01 3.175060000000000104e-01 -9.482110000000000261e-01 -9.266999999999999196e-03 9.482559999999999878e-01 3.174960000000000004e-01 2.531999999999999963e-03
2.900000000000000000e+01 7.000000000000000000e+00 5.200000000000000000e+01 0.000000000000000000e+00 1.600000000000000089e+00 2.834000000000000147e-03 -3.755000000000000091e-03 -9.999890000000000168e-01 1.167689999999999978e-01 -9.931510000000000060e-01 4.061000000000000373e-03 -9.931550000000000100e-01 -1.167789999999999939e-01 -2.376000000000000074e-03
4.000000000000000000e+00 6.300000000000000000e+01 5.400000000000000000e+01 0.000000000000000000e+00 1.600000000000000089e+00 -1.610000000000000103e-03 1.863999999999999988e-03 9.999970000000000248e-01 -3.541290000000000271e-01 9.351939999999999698e-01 -2.314000000000000085e-03 -9.351949999999999985e-01 -3.541309999999999736e-01 -8.459999999999999638e-04
8.000000000000000000e+00 6.300000000000000000e+01 5.400000000000000000e+01 0.000000000000000000e+00 1.600000000000000089e+00 1.879999999999999890e-04 4.317999999999999790e-03 9.999909999999999632e-01 -3.486609999999999987e-01 9.372399999999999620e-01 -3.981000000000000164e-03 -9.372489999999999988e-01 -3.486569999999999947e-01 1.681999999999999901e-03
1.200000000000000000e+01 6.300000000000000000e+01 5.400000000000000000e+01 0.000000000000000000e+00 1.600000000000000089e+00 -2.130000000000000003e-04 4.749999999999999990e-04 1.000000000000000000e+00 -3.477180000000000271e-01 9.375989999999999602e-01 -5.190000000000000386e-04 -9.375989999999999602e-01 -3.477180000000000271e-01 -3.499999999999999693e-05
2.300000000000000000e+01 6.300000000000000000e+01 5.400000000000000000e+01 0.000000000000000000e+00 1.600000000000000089e+00 1.776999999999999934e-03 -1.262000000000000101e-03 9.999980000000000535e-01 -3.563200000000000256e-01 9.343620000000000259e-01 1.812000000000000026e-03 -9.343620000000000259e-01 -3.563230000000000008e-01 1.211000000000000054e-03
2.700000000000000000e+01 6.300000000000000000e+01 5.400000000000000000e+01 0.000000000000000000e+00 1.600000000000000089e+00 4.739999999999999747e-04 6.769999999999999759e-04 1.000000000000000000e+00 -3.617380000000000040e-01 9.322799999999999976e-01 -4.600000000000000139e-04 -9.322799999999999976e-01 -3.617369999999999752e-01 6.870000000000000022e-04
3.000000000000000000e+00 2.500000000000000000e+01 5.500000000000000000e+01 0.000000000000000000e+00 1.600000000000000089e+00 -4.699999999999999724e-05 -3.151000000000000155e-03 -9.999949999999999672e-01 -1.020599999999999979e-02 -9.999430000000000263e-01 3.151000000000000155e-03 -9.999479999999999480e-01 1.020599999999999979e-02 1.399999999999999979e-05
1.100000000000000000e+01 2.500000000000000000e+01 5.500000000000000000e+01 0.000000000000000000e+00 1.600000000000000089e+00 4.569999999999999952e-04 -1.510000000000000112e-04 -1.000000000000000000e+00 -1.076200000000000073e-02 -9.999419999999999975e-01 1.469999999999999953e-04 -9.999419999999999975e-01 1.076200000000000073e-02 -4.589999999999999896e-04
1.700000000000000000e+01 2.500000000000000000e+01 5.500000000000000000e+01 0.000000000000000000e+00 1.600000000000000089e+00 1.056999999999999997e-03 -2.018999999999999961e-03 -9.999970000000000248e-01 -1.214900000000000008e-02 -9.999240000000000350e-01 2.005999999999999971e-03 -9.999259999999999815e-01 1.214699999999999981e-02 -1.080999999999999930e-03
2.100000000000000000e+01 2.500000000000000000e+01 5.500000000000000000e+01 0.000000000000000000e+00 1.600000000000000089e+00 5.140000000000000254e-04 1.938000000000000052e-03 -9.999980000000000535e-01 -1.295900000000000003e-02 -9.999139999999999695e-01 -1.943999999999999981e-03 -9.999160000000000270e-01 1.295999999999999930e-02 -4.889999999999999599e-04
1.000000000000000000e+00 6.800000000000000000e+01 5.700000000000000000e+01 0.000000000000000000e+00 1.600000000000000089e+00 2.474000000000000071e-03 9.142000000000000820e-03 -9.999550000000000383e-01 -2.444129999999999914e-01 -9.696249999999999591e-01 -9.469999999999999252e-03 -9.696679999999999744e-01 2.444250000000000034e-01 -1.640000000000000019e-04
3.000000000000000000e+00 2.100000000000000000e+01 6.000000000000000000e+01 0.000000000000000000e+00 1.600000000000000089e+00 -7.680000000000000195e-04 7.570000000000000340e-03 9.999710000000000543e-01 -9.515500000000000347e-02 9.954330000000000123e-01 -7.609000000000000312e-03 -9.954619999999999580e-01 -9.515800000000000647e-02 -4.500000000000000283e-05
7.000000000000000000e+00 2.100000000000000000e+01 6.000000000000000000e+01 0.000000000000000000e+00 1.600000000000000089e+00 -8.310000000000000329e-04 1.559999999999999972e-04 1.000000000000000000e+00 -9.447800000000000642e-02 9.955270000000000508e-01 -2.339999999999999958e-04 -9.955270000000000508e-01 -9.447800000000000642e-02 -8.130000000000000291e-04
1.600000000000000000e+01 2.100000000000000000e+01 6.000000000000000000e+01 0.000000000000000000e+00 1.600000000000000089e+00 -9.020000000000000240e-04 -1.276000000000000007e-03 9.999989999999999712e-01 -9.671599999999999642e-02 9.953109999999999458e-01 1.182000000000000108e-03 -9.953119999999999745e-01 -9.671399999999999442e-02 -1.020999999999999989e-03
2.000000000000000000e+01 2.100000000000000000e+01 6.000000000000000000e+01 0.000000000000000000e+00 1.600000000000000089e+00 -2.387999999999999932e-03 -6.942000000000000254e-03 9.999730000000000008e-01 -9.740600000000000647e-02 9.952220000000000510e-01 6.676999999999999776e-03 -9.952419999999999600e-01 -9.738700000000000134e-02 -3.053000000000000158e-03
2.700000000000000000e+01 2.100000000000000000e+01 6.000000000000000000e+01 0.000000000000000000e+00 1.600000000000000089e+00 -1.085999999999999943e-03 1.588200000000000028e-02 9.998730000000000118e-01 -9.551900000000000668e-02 9.952999999999999625e-01 -1.591300000000000006e-02 -9.954269999999999508e-01 -9.552399999999999780e-02 4.360000000000000269e-04
1.600000000000000000e+01 6.000000000000000000e+00 6.100000000000000000e+01 0.000000000000000000e+00 1.600000000000000089e+00 6.368000000000000396e-03 2.958999999999999825e-03 9.999749999999999472e-01 5.771330000000000071e-01 -8.166489999999999583e-01 -1.258999999999999920e-03 8.166250000000000453e-01 5.771269999999999456e-01 -6.908000000000000078e-03
7.000000000000000000e+00 3.000000000000000000e+00 6.300000000000000000e+01 0.000000000000000000e+00 1.600000000000000089e+00 -6.189999999999999756e-04 -4.139999999999999800e-04 1.000000000000000000e+00 -6.141550000000000065e-01 7.891850000000000254e-01 -5.300000000000000078e-05 -7.891850000000000254e-01 -6.141550000000000065e-01 -7.420000000000000380e-04
1.200000000000000000e+01 3.000000000000000000e+00 6.300000000000000000e+01 0.000000000000000000e+00 1.600000000000000089e+00 -1.012000000000000096e-03 1.136999999999999990e-03 9.999989999999999712e-01 -6.156409999999999938e-01 7.880249999999999755e-01 -1.518999999999999951e-03 -7.880260000000000042e-01 -6.156420000000000226e-01 -9.699999999999999963e-05
2.000000000000000000e+00 2.700000000000000000e+01 6.300000000000000000e+01 0.000000000000000000e+00 1.600000000000000089e+00 -2.400000000000000061e-05 2.455999999999999850e-03 9.999970000000000248e-01 -2.812740000000000240e-01 9.596249999999999503e-01 -2.364000000000000216e-03 -9.596280000000000365e-01 -2.812729999999999952e-01 6.679999999999999740e-04
8.000000000000000000e+00 2.700000000000000000e+01 6.300000000000000000e+01 0.000000000000000000e+00 1.600000000000000089e+00 1.255999999999999955e-03 2.282000000000000174e-03 9.999970000000000248e-01 -2.815739999999999910e-01 9.595380000000000020e-01 -1.835999999999999958e-03 -9.595390000000000308e-01 -2.815710000000000157e-01 1.848000000000000033e-03
1.200000000000000000e+01 2.700000000000000000e+01 6.300000000000000000e+01 0.000000000000000000e+00 1.600000000000000089e+00 -2.339999999999999958e-04 3.419999999999999863e-03 9.999940000000000495e-01 -2.780929999999999791e-01 9.605479999999999574e-01 -3.350000000000000113e-03 -9.605540000000000189e-01 -2.780920000000000059e-01 7.259999999999999743e-04
1.600000000000000000e+01 2.700000000000000000e+01 6.300000000000000000e+01 0.000000000000000000e+00 1.600000000000000089e+00 -2.396000000000000126e-03 -3.518999999999999993e-03 9.999909999999999632e-01 -2.785440000000000138e-01 9.604200000000000514e-01 2.712000000000000001e-03 -9.604200000000000514e-01 -2.785349999999999770e-01 -3.281000000000000062e-03
2.100000000000000000e+01 2.700000000000000000e+01 6.300000000000000000e+01 0.000000000000000000e+00 1.600000000000000089e+00 -9.380000000000000317e-04 -4.295000000000000207e-03 9.999900000000000455e-01 -2.765619999999999745e-01 9.609879999999999534e-01 3.867999999999999911e-03 -9.609959999999999614e-01 -2.765560000000000240e-01 -2.089000000000000145e-03
2.900000000000000000e+01 2.700000000000000000e+01 6.300000000000000000e+01 0.000000000000000000e+00 1.600000000000000089e+00 2.592000000000000120e-03 -3.400000000000000244e-04 9.999970000000000248e-01 -2.738329999999999931e-01 9.617769999999999930e-01 1.036999999999999944e-03 -9.617740000000000178e-01 -2.738340000000000218e-01 2.399999999999999790e-03
2.000000000000000000e+00 2.600000000000000000e+01 6.400000000000000000e+01 0.000000000000000000e+00 1.600000000000000089e+00 3.800000000000000209e-04 4.295000000000000207e-03 9.999909999999999632e-01 -3.651200000000000001e-01 9.309530000000000305e-01 -3.860000000000000150e-03 -9.309610000000000385e-01 -3.651150000000000229e-01 1.922000000000000097e-03
8.000000000000000000e+00 2.600000000000000000e+01 6.400000000000000000e+01 0.000000000000000000e+00 1.600000000000000089e+00 8.480000000000000124e-04 2.181000000000000213e-03 9.999970000000000248e-01 -3.643080000000000207e-01 9.312770000000000215e-01 -1.722999999999999922e-03 -9.312780000000000502e-01 -3.643049999999999899e-01 1.583999999999999905e-03
