3.000000000000000000e+00 1.500000000000000000e+01 4.000000000000000000e+00 0.000000000000000000e+00 1.600000000000000089e+00 -3.472999999999999959e-03 -1.126100000000000018e-02 9.999310000000000143e-01 2.881639999999999757e-01 -9.575310000000000210e-01 -9.782000000000000764e-03 9.575749999999999540e-01 2.881099999999999772e-01 6.570999999999999584e-03
7.000000000000000000e+00 1.500000000000000000e+01 4.000000000000000000e+00 0.000000000000000000e+00 1.600000000000000089e+00 -5.231000000000000406e-03 -3.500000000000000073e-03 9.999799999999999800e-01 2.888479999999999936e-01 -9.573730000000000295e-01 -1.840000000000000056e-03 9.573610000000000175e-01 2.888330000000000064e-01 6.019000000000000045e-03
1.300000000000000000e+01 1.500000000000000000e+01 4.000000000000000000e+00 0.000000000000000000e+00 1.600000000000000089e+00 -6.808999999999999948e-03 1.134699999999999945e-02 9.999120000000000230e-01 2.867700000000000249e-01 -9.579140000000000432e-01 1.282299999999999933e-02 9.579750000000000210e-01 2.868319999999999759e-01 3.268000000000000071e-03
7.000000000000000000e+00 1.010000000000000000e+02 7.000000000000000000e+00 0.000000000000000000e+00 1.600000000000000089e+00 1.427000000000000100e-03 1.440299999999999914e-02 9.998949999999999783e-01 8.855140000000000233e-01 4.645440000000000125e-01 -7.955000000000000265e-03 -4.646100000000000230e-01 8.854330000000000256e-01 -1.209099999999999932e-02
1.900000000000000000e+01 1.010000000000000000e+02 7.000000000000000000e+00 0.000000000000000000e+00 1.600000000000000089e+00 2.598000000000000049e-03 -4.847999999999999879e-03 9.999850000000000128e-01 8.882870000000000488e-01 4.592899999999999761e-01 -8.100000000000000375e-05 -4.592820000000000236e-01 8.882729999999999793e-01 5.499000000000000415e-03
7.000000000000000000e+00 1.500000000000000000e+01 8.000000000000000000e+00 0.000000000000000000e+00 1.600000000000000089e+00 1.476000000000000098e-03 -3.542000000000000010e-03 -9.999930000000000208e-01 -5.822580000000000533e-01 -8.130020000000000024e-01 2.020000000000000094e-03 -8.130030000000000312e-01 5.822509999999999630e-01 -3.262000000000000142e-03
1.300000000000000000e+01 1.500000000000000000e+01 8.000000000000000000e+00 0.000000000000000000e+00 1.600000000000000089e+00 1.012599999999999958e-02 9.494000000000000702e-03 -9.999040000000000150e-01 -5.783420000000000227e-01 -8.156809999999999894e-01 -1.360100000000000024e-02 -8.157320000000000126e-01 5.784240000000000492e-01 -2.769000000000000194e-03
1.800000000000000000e+01 1.500000000000000000e+01 8.000000000000000000e+00 0.000000000000000000e+00 1.600000000000000089e+00 1.138699999999999955e-02 2.253900000000000001e-02 -9.996810000000000418e-01 -5.751509999999999678e-01 -8.176660000000000039e-01 -2.498699999999999879e-02 -8.179680000000000284e-01 5.752519999999999856e-01 3.651999999999999864e-03
2.600000000000000000e+01 1.500000000000000000e+01 8.000000000000000000e+00 0.000000000000000000e+00 1.600000000000000089e+00 6.134999999999999828e-03 2.170599999999999960e-02 -9.997449999999999948e-01 -5.681899999999999729e-01 -8.226200000000000179e-01 -2.134700000000000139e-02 -8.228739999999999943e-01 5.681770000000000431e-01 7.285999999999999942e-03
2.000000000000000000e+00 2.600000000000000000e+01 8.000000000000000000e+00 0.000000000000000000e+00 1.600000000000000089e+00 1.565999999999999901e-03 -1.628000000000000107e-03 -9.999970000000000248e-01 4.045779999999999932e-01 9.145029999999999548e-01 -8.559999999999999901e-04 9.145020000000000371e-01 -4.045759999999999912e-01 2.090999999999999977e-03
2.400000000000000000e+01 2.600000000000000000e+01 8.000000000000000000e+00 0.000000000000000000e+00 1.600000000000000089e+00 -7.267000000000000022e-03 -2.070100000000000065e-02 -9.997589999999999533e-01 4.125860000000000083e-01 9.106560000000000210e-01 -2.185499999999999943e-02 9.108899999999999775e-01 -4.126460000000000128e-01 1.923000000000000013e-03
5.000000000000000000e+00 2.400000000000000000e+01 9.000000000000000000e+00 0.000000000000000000e+00 1.600000000000000089e+00 1.087999999999999991e-03 1.090000000000000040e-03 -9.999989999999999712e-01 4.578820000000000112e-01 8.890120000000000244e-01 1.466999999999999988e-03 8.890120000000000244e-01 -4.578829999999999845e-01 4.679999999999999915e-04
9.000000000000000000e+00 2.400000000000000000e+01 9.000000000000000000e+00 0.000000000000000000e+00 1.600000000000000089e+00 -1.853000000000000046e-03 -8.153000000000000524e-03 -9.999649999999999928e-01 4.583519999999999817e-01 8.887340000000000240e-01 -8.094999999999999765e-03 8.887690000000000312e-01 -4.583510000000000084e-01 2.089999999999999844e-03
1.800000000000000000e+01 2.400000000000000000e+01 9.000000000000000000e+00 0.000000000000000000e+00 1.600000000000000089e+00 -9.532000000000000542e-03 -2.488100000000000034e-02 -9.996450000000000058e-01 4.642310000000000048e-01 8.853189999999999671e-01 -2.646199999999999941e-02 8.856629999999999781e-01 -4.643189999999999817e-01 3.112000000000000183e-03
2.300000000000000000e+01 2.400000000000000000e+01 9.000000000000000000e+00 0.000000000000000000e+00 1.600000000000000089e+00 -8.056000000000000660e-03 -2.545599999999999946e-02 -9.996429999999999483e-01 4.661980000000000013e-01 8.842900000000000205e-01 -2.627600000000000074e-02 8.846439999999999859e-01 -4.662430000000000185e-01 4.743999999999999953e-03
1.300000000000000000e+01 3.100000000000000000e+01 1.200000000000000000e+01 0.000000000000000000e+00 1.600000000000000089e+00 -6.819999999999999890e-04 9.210000000000000521e-04 9.999989999999999712e-01 1.899599999999999900e-02 9.998190000000000133e-01 -9.079999999999999530e-04 -9.998190000000000133e-01 1.899500000000000147e-02 -6.989999999999999686e-04
2.300000000000000000e+01 3.100000000000000000e+01 1.200000000000000000e+01 0.000000000000000000e+00 1.600000000000000089e+00 9.009999999999999997e-04 -1.386999999999999995e-03 9.999989999999999712e-01 9.674999999999999573e-03 9.999519999999999520e-01 1.378000000000000102e-03 -9.999529999999999808e-01 9.674000000000000307e-03 9.139999999999999904e-04
4.000000000000000000e+00 1.200000000000000000e+01 1.500000000000000000e+01 0.000000000000000000e+00 1.600000000000000089e+00 -2.226000000000000114e-03 -2.918000000000000021e-03 -9.999930000000000208e-01 -4.661919999999999953e-01 -8.846760000000000179e-01 3.618999999999999821e-03 -8.846810000000000507e-01 4.661969999999999725e-01 6.089999999999999494e-04
8.000000000000000000e+00 1.200000000000000000e+01 1.500000000000000000e+01 0.000000000000000000e+00 1.600000000000000089e+00 1.306000000000000086e-03 3.774000000000000011e-03 -9.999919999999999920e-01 -4.657700000000000173e-01 -8.848970000000000447e-01 -3.948000000000000120e-03 -8.849050000000000527e-01 4.657709999999999906e-01 6.019999999999999961e-04
1.100000000000000000e+01 1.200000000000000000e+01 1.500000000000000000e+01 0.000000000000000000e+00 1.600000000000000089e+00 5.962000000000000285e-03 9.098000000000000184e-03 -9.999409999999999688e-01 -4.662529999999999730e-01 -8.845849999999999547e-01 -1.082800000000000082e-02 -8.846309999999999452e-01 4.662899999999999823e-01 -1.033000000000000064e-03
1.900000000000000000e+01 1.200000000000000000e+01 1.500000000000000000e+01 0.000000000000000000e+00 1.600000000000000089e+00 7.656999999999999744e-03 1.235999999999999946e-02 -9.998939999999999495e-01 -4.683249999999999913e-01 -8.834370000000000278e-01 -1.450700000000000080e-02 -8.835229999999999473e-01 4.683860000000000245e-01 -9.759999999999999796e-04
1.000000000000000000e+00 1.160000000000000000e+02 1.600000000000000000e+01 0.000000000000000000e+00 1.600000000000000089e+00 5.890000000000000053e-04 3.798999999999999860e-03 9.999930000000000208e-01 6.728460000000000552e-01 7.397749999999999604e-01 -3.207000000000000215e-03 -7.397820000000000507e-01 6.728429999999999689e-01 -2.119999999999999923e-03
1.200000000000000000e+01 1.160000000000000000e+02 1.600000000000000000e+01 0.000000000000000000e+00 1.600000000000000089e+00 8.260000000000000198e-04 2.566999999999999837e-03 9.999959999999999960e-01 7.019870000000000276e-01 7.121849999999999570e-01 -2.407999999999999984e-03 -7.121889999999999610e-01 7.019870000000000276e-01 -1.213000000000000102e-03
1.700000000000000000e+01 1.160000000000000000e+02 1.600000000000000000e+01 0.000000000000000000e+00 1.600000000000000089e+00 -2.249999999999999938e-04 -2.840000000000000076e-03 9.999959999999999960e-01 7.048769999999999758e-01 7.093270000000000408e-01 2.173000000000000018e-03 -7.093300000000000161e-01 7.048740000000000006e-01 1.842000000000000104e-03
2.600000000000000000e+01 1.160000000000000000e+02 1.600000000000000000e+01 0.000000000000000000e+00 1.600000000000000089e+00 3.440000000000000132e-04 1.636000000000000084e-03 9.999989999999999712e-01 6.718960000000000488e-01 7.406439999999999690e-01 -1.443000000000000055e-03 -7.406460000000000266e-01 6.718950000000000200e-01 -8.450000000000000479e-04
1.000000000000000000e+00 2.000000000000000000e+00 1.900000000000000000e+01 0.000000000000000000e+00 1.600000000000000089e+00 -6.211000000000000375e-03 9.660999999999999449e-03 -9.999339999999999895e-01 1.789290000000000047e-01 -9.838050000000000406e-01 -1.061600000000000044e-02 -9.838419999999999943e-01 -1.789830000000000032e-01 4.381000000000000345e-03
5.000000000000000000e+00 2.000000000000000000e+00 1.900000000000000000e+01 0.000000000000000000e+00 1.600000000000000089e+00 -1.673000000000000008e-03 -1.276999999999999923e-03 -9.999980000000000535e-01 1.792040000000000022e-01 -9.838109999999999911e-01 9.569999999999999514e-04 -9.838109999999999911e-01 -1.792020000000000002e-01 1.874000000000000015e-03
1.000000000000000000e+01 2.000000000000000000e+00 1.900000000000000000e+01 0.000000000000000000e+00 1.600000000000000089e+00 -5.599999999999999509e-04 -1.689999999999999879e-04 -1.000000000000000000e+00 1.774969999999999881e-01 -9.841210000000000235e-01 6.700000000000000226e-05 -9.841210000000000235e-01 -1.774969999999999881e-01 5.810000000000000277e-04
2.000000000000000000e+01 2.000000000000000000e+00 1.900000000000000000e+01 0.000000000000000000e+00 1.600000000000000089e+00 -5.289999999999999564e-04 4.852999999999999675e-03 -9.999879999999999880e-01 1.725520000000000109e-01 -9.849879999999999747e-01 -4.871999999999999595e-03 -9.849999999999999867e-01 -1.725530000000000119e-01 -3.159999999999999832e-04
2.500000000000000000e+01 2.000000000000000000e+00 1.900000000000000000e+01 0.000000000000000000e+00 1.600000000000000089e+00 -9.420000000000000205e-04 1.413999999999999892e-03 -9.999989999999999712e-01 1.681640000000000079e-01 -9.857580000000000231e-01 -1.551999999999999994e-03 -9.857580000000000231e-01 -1.681660000000000099e-01 6.899999999999999667e-04
2.800000000000000000e+01 2.000000000000000000e+00 1.900000000000000000e+01 0.000000000000000000e+00 1.600000000000000089e+00 -1.415999999999999941e-03 3.857999999999999884e-03 -9.999919999999999920e-01 1.663930000000000131e-01 -9.860510000000000108e-01 -4.039000000000000055e-03 -9.860579999999999901e-01 -1.663969999999999894e-01 7.550000000000000287e-04
6.000000000000000000e+00 4.000000000000000000e+00 2.000000000000000000e+01 0.000000000000000000e+00 1.600000000000000089e+00 8.700000000000000051e-04 -4.418000000000000052e-03 -9.999900000000000455e-01 2.718559999999999865e-01 -9.623270000000000435e-01 4.487999999999999802e-03 -9.623369999999999980e-01 -2.718570000000000153e-01 3.640000000000000115e-04
1.200000000000000000e+01 4.000000000000000000e+00 2.000000000000000000e+01 0.000000000000000000e+00 1.600000000000000089e+00 -3.510000000000000099e-03 2.005999999999999971e-03 -9.999919999999999920e-01 2.746709999999999985e-01 -9.615339999999999998e-01 -2.893000000000000172e-03 -9.615320000000000533e-01 -2.746790000000000065e-01 2.824000000000000121e-03
1.600000000000000000e+01 4.000000000000000000e+00 2.000000000000000000e+01 0.000000000000000000e+00 1.600000000000000089e+00 -1.427000000000000100e-03 2.390000000000000197e-03 -9.999959999999999960e-01 2.781100000000000239e-01 -9.605460000000000109e-01 -2.691999999999999948e-03 -9.605479999999999574e-01 -2.781120000000000259e-01 7.060000000000000303e-04
2.000000000000000000e+01 4.000000000000000000e+00 2.000000000000000000e+01 0.000000000000000000e+00 1.600000000000000089e+00 -1.446999999999999936e-03 6.837000000000000195e-03 -9.999759999999999760e-01 2.727040000000000020e-01 -9.620729999999999560e-01 -6.973000000000000032e-03 -9.620969999999999800e-01 -2.727080000000000060e-01 -4.730000000000000046e-04
3.000000000000000000e+00 1.300000000000000000e+01 2.000000000000000000e+01 0.000000000000000000e+00 1.600000000000000089e+00 -3.260000000000000094e-04 7.680000000000000195e-03 9.999700000000000255e-01 2.592949999999999977e-01 9.657700000000000173e-01 -7.333000000000000108e-03 -9.657980000000000453e-01 2.592849999999999877e-01 -2.305999999999999890e-03
7.000000000000000000e+00 1.300000000000000000e+01 2.000000000000000000e+01 0.000000000000000000e+00 1.600000000000000089e+00 -7.179999999999999967e-04 2.635000000000000189e-03 9.999959999999999960e-01 2.578139999999999876e-01 9.661920000000000508e-01 -2.360999999999999818e-03 -9.661939999999999973e-01 2.578119999999999856e-01 -1.373000000000000088e-03
1.100000000000000000e+01 1.300000000000000000e+01 2.000000000000000000e+01 0.000000000000000000e+00 1.600000000000000089e+00 6.350000000000000392e-04 -3.350000000000000113e-03 9.999940000000000495e-01 2.579089999999999994e-01 9.661640000000000228e-01 3.073000000000000211e-03 -9.661689999999999445e-01 2.579060000000000241e-01 1.477000000000000014e-03
1.500000000000000000e+01 1.300000000000000000e+01 2.000000000000000000e+01 0.000000000000000000e+00 1.600000000000000089e+00 1.529999999999999893e-03 -7.643999999999999753e-03 9.999700000000000255e-01 2.589199999999999835e-01 9.658729999999999816e-01 6.987000000000000155e-03 -9.658980000000000343e-01 2.589009999999999923e-01 3.457000000000000003e-03
1.900000000000000000e+01 1.300000000000000000e+01 2.000000000000000000e+01 0.000000000000000000e+00 1.600000000000000089e+00 3.069999999999999812e-04 -1.025799999999999976e-02 9.999470000000000303e-01 2.583239999999999981e-01 9.660079999999999778e-01 9.830000000000000196e-03 -9.660579999999999723e-01 2.583070000000000088e-01 2.945999999999999834e-03
2.400000000000000000e+01 1.300000000000000000e+01 2.000000000000000000e+01 0.000000000000000000e+00 1.600000000000000089e+00 -5.479999999999999845e-04 -9.699999999999999963e-05 1.000000000000000000e+00 2.593099999999999850e-01 9.657940000000000413e-01 2.359999999999999902e-04 -9.657940000000000413e-01 2.593099999999999850e-01 -5.039999999999999992e-04
5.000000000000000000e+00 1.600000000000000000e+01 2.100000000000000000e+01 0.000000000000000000e+00 1.600000000000000089e+00 -1.861000000000000024e-03 2.739000000000000115e-03 9.999949999999999672e-01 2.950769999999999782e-01 9.554709999999999592e-01 -2.066999999999999827e-03 -9.554719999999999880e-01 2.950720000000000010e-01 -2.586000000000000191e-03
1.600000000000000000e+01 1.600000000000000000e+01 2.100000000000000000e+01 0.000000000000000000e+00 1.600000000000000089e+00 1.516999999999999902e-03 -3.850000000000000124e-03 9.999909999999999632e-01 2.954809999999999937e-01 9.553430000000000533e-01 3.229999999999999798e-03 -9.553469999999999462e-01 2.954740000000000144e-01 2.586999999999999890e-03
2.400000000000000000e+01 1.600000000000000000e+01 2.100000000000000000e+01 0.000000000000000000e+00 1.600000000000000089e+00 8.299999999999999815e-05 5.494999999999999885e-03 9.999850000000000128e-01 2.965189999999999770e-01 9.550119999999999720e-01 -5.272999999999999909e-03 -9.550269999999999593e-01 2.965149999999999730e-01 -1.551000000000000078e-03
2.800000000000000000e+01 1.600000000000000000e+01 2.100000000000000000e+01 0.000000000000000000e+00 1.600000000000000089e+00 -9.079999999999999530e-04 -4.726000000000000166e-03 9.999879999999999880e-01 2.962449999999999806e-01 9.550999999999999490e-01 4.781999999999999792e-03 -9.551110000000000433e-01 2.962460000000000093e-01 5.330000000000000536e-04
1.800000000000000000e+01 3.000000000000000000e+00 2.500000000000000000e+01 0.000000000000000000e+00 1.600000000000000089e+00 -4.804000000000000110e-03 8.137999999999999401e-03 9.999550000000000383e-01 -1.603999999999999870e-02 -9.998390000000000333e-01 8.059999999999999457e-03 9.998599999999999710e-01 -1.600000000000000033e-02 4.934000000000000018e-03
3.000000000000000000e+00 4.600000000000000000e+01 2.700000000000000000e+01 0.000000000000000000e+00 1.600000000000000089e+00 -4.650000000000000270e-04 -8.069999999999999916e-04 -1.000000000000000000e+00 6.807069999999999510e-01 7.325549999999999562e-01 -9.079999999999999530e-04 7.325549999999999562e-01 -6.807069999999999510e-01 2.079999999999999872e-04
1.500000000000000000e+01 4.600000000000000000e+01 2.700000000000000000e+01 0.000000000000000000e+00 1.600000000000000089e+00 9.300000000000000541e-04 1.577999999999999976e-03 -9.999980000000000535e-01 6.812279999999999447e-01 7.320689999999999698e-01 1.789000000000000009e-03 7.320710000000000273e-01 -6.812279999999999447e-01 -3.939999999999999817e-04
2.100000000000000000e+01 4.600000000000000000e+01 2.700000000000000000e+01 0.000000000000000000e+00 1.600000000000000089e+00 5.969999999999999829e-04 -6.310000000000000504e-04 -1.000000000000000000e+00 6.847670000000000146e-01 7.287620000000000209e-01 -5.099999999999999960e-05 7.287609999999999921e-01 -6.847670000000000146e-01 8.670000000000000406e-04
6.000000000000000000e+00 5.800000000000000000e+01 3.100000000000000000e+01 0.000000000000000000e+00 1.600000000000000089e+00 -3.780000000000000265e-04 2.739999999999999814e-03 9.999959999999999960e-01 -8.005740000000000078e-01 -5.992319999999999869e-01 1.338999999999999913e-03 5.992340000000000444e-01 -8.005710000000000326e-01 2.419999999999999842e-03
1.400000000000000000e+01 5.800000000000000000e+01 3.100000000000000000e+01 0.000000000000000000e+00 1.600000000000000089e+00 2.416999999999999878e-03 7.863000000000000198e-03 9.999660000000000215e-01 -8.014740000000000197e-01 -5.979919999999999680e-01 6.638999999999999936e-03 5.980240000000000000e-01 -8.014630000000000365e-01 4.856000000000000073e-03
2.200000000000000000e+01 5.800000000000000000e+01 3.100000000000000000e+01 0.000000000000000000e+00 1.600000000000000089e+00 6.599999999999999964e-04 2.820000000000000241e-04 1.000000000000000000e+00 -8.013710000000000555e-01 -5.981670000000000043e-01 6.980000000000000527e-04 5.981670000000000043e-01 -8.013710000000000555e-01 -1.689999999999999879e-04
2.700000000000000000e+01 5.800000000000000000e+01 3.100000000000000000e+01 0.000000000000000000e+00 1.600000000000000089e+00 1.639000000000000049e-03 3.318999999999999902e-03 9.999930000000000208e-01 -7.975280000000000147e-01 -6.032720000000000304e-01 3.308999999999999875e-03 6.032790000000000097e-01 -7.975280000000000147e-01 1.657999999999999969e-03
9.000000000000000000e+00 4.600000000000000000e+01 3.500000000000000000e+01 0.000000000000000000e+00 1.600000000000000089e+00 -9.870000000000000301e-04 1.116000000000000021e-03 -9.999989999999999712e-01 3.844509999999999872e-01 -9.231439999999999646e-01 -1.410000000000000012e-03 -9.231449999999999934e-01 -3.844520000000000159e-01 4.820000000000000066e-04
1.800000000000000000e+01 4.600000000000000000e+01 3.500000000000000000e+01 0.000000000000000000e+00 1.600000000000000089e+00 -4.389999999999999914e-04 -5.289999999999999564e-04 -1.000000000000000000e+00 3.866160000000000152e-01 -9.222409999999999775e-01 3.179999999999999776e-04 -9.222409999999999775e-01 -3.866149999999999864e-01 6.089999999999999494e-04
2.100000000000000000e+01 4.600000000000000000e+01 3.500000000000000000e+01 0.000000000000000000e+00 1.600000000000000089e+00 -6.679999999999999740e-04 1.358999999999999965e-03 -9.999989999999999712e-01 3.860049999999999870e-01 -9.224949999999999539e-01 -1.512000000000000106e-03 -9.224959999999999827e-01 -3.860060000000000158e-01 9.100000000000000287e-05
2.500000000000000000e+01 4.600000000000000000e+01 3.500000000000000000e+01 0.000000000000000000e+00 1.600000000000000089e+00 -5.280000000000000405e-04 1.389999999999999960e-03 -9.999989999999999712e-01 3.862430000000000030e-01 -9.223959999999999937e-01 -1.485999999999999908e-03 -9.223970000000000224e-01 -3.862439999999999762e-01 -5.000000000000000240e-05
6.000000000000000000e+00 9.500000000000000000e+01 3.600000000000000000e+01 0.000000000000000000e+00 1.600000000000000089e+00 -8.455000000000000709e-03 -2.358199999999999880e-02 9.996859999999999635e-01 9.971560000000000423e-01 7.467000000000000026e-02 1.019499999999999920e-02 -7.488699999999999524e-02 9.969289999999999541e-01 2.288400000000000156e-02
1.300000000000000000e+01 9.500000000000000000e+01 3.600000000000000000e+01 0.000000000000000000e+00 1.600000000000000089e+00 -9.280000000000000054e-04 9.476999999999999313e-03 9.999550000000000383e-01 9.971360000000000223e-01 7.563000000000000278e-02 2.079999999999999872e-04 -7.562499999999999778e-02 9.970909999999999496e-01 -9.520000000000000684e-03
1.900000000000000000e+01 9.500000000000000000e+01 3.600000000000000000e+01 0.000000000000000000e+00 1.600000000000000089e+00 5.487999999999999823e-03 -1.497099999999999993e-02 9.998730000000000118e-01 9.975549999999999695e-01 6.974800000000000444e-02 -4.431000000000000043e-03 -6.967199999999999782e-02 9.974520000000000053e-01 1.531700000000000075e-02
2.800000000000000000e+01 9.500000000000000000e+01 3.600000000000000000e+01 0.000000000000000000e+00 1.600000000000000089e+00 -1.463000000000000108e-03 7.574000000000000003e-03 9.999700000000000255e-01 9.970590000000000286e-01 7.663100000000000467e-02 8.790000000000000070e-04 -7.662199999999999567e-02 9.970310000000000006e-01 -7.663999999999999806e-03
6.000000000000000000e+00 2.900000000000000000e+01 4.400000000000000000e+01 0.000000000000000000e+00 1.600000000000000089e+00 -3.018999999999999982e-03 -9.190000000000000035e-04 -9.999949999999999672e-01 6.691019999999999746e-01 7.431659999999999933e-01 -2.703000000000000107e-03 7.431649999999999645e-01 -6.691070000000000073e-01 -1.628000000000000107e-03
1.200000000000000000e+01 2.900000000000000000e+01 4.400000000000000000e+01 0.000000000000000000e+00 1.600000000000000089e+00 -2.083999999999999915e-03 8.509999999999999769e-04 -9.999970000000000248e-01 6.668509999999999716e-01 7.451910000000000478e-01 -7.560000000000000530e-04 7.451879999999999615e-01 -6.668509999999999716e-01 -2.119999999999999923e-03
1.600000000000000000e+01 2.900000000000000000e+01 4.400000000000000000e+01 0.000000000000000000e+00 1.600000000000000089e+00 -1.423999999999999919e-03 2.550999999999999882e-03 -9.999959999999999960e-01 6.654660000000000020e-01 7.464269999999999516e-01 9.569999999999999514e-04 7.464260000000000339e-01 -6.654619999999999980e-01 -2.760999999999999999e-03
2.200000000000000000e+01 2.900000000000000000e+01 4.400000000000000000e+01 0.000000000000000000e+00 1.600000000000000089e+00 -6.028000000000000372e-03 -1.905000000000000009e-03 -9.999799999999999800e-01 6.446739999999999693e-01 7.644389999999999796e-01 -5.342000000000000394e-03 7.644339999999999469e-01 -6.446929999999999605e-01 -3.380000000000000192e-03
2.700000000000000000e+01 2.900000000000000000e+01 4.400000000000000000e+01 0.000000000000000000e+00 1.600000000000000089e+00 -2.563999999999999873e-03 -2.438000000000000063e-03 -9.999940000000000495e-01 6.372349999999999959e-01 7.706619999999999582e-01 -3.513000000000000064e-03 7.706659999999999622e-01 -6.372400000000000286e-01 -4.220000000000000118e-04
1.000000000000000000e+00 5.400000000000000000e+01 4.600000000000000000e+01 0.000000000000000000e+00 1.600000000000000089e+00 3.518999999999999993e-03 2.396999999999999825e-03 9.999909999999999632e-01 3.336250000000000049e-01 -9.427050000000000152e-01 1.085000000000000027e-03 9.426989999999999537e-01 3.336180000000000256e-01 -4.117000000000000000e-03
3.000000000000000000e+00 6.500000000000000000e+01 4.600000000000000000e+01 0.000000000000000000e+00 1.600000000000000089e+00 -2.177999999999999815e-03 9.929999999999999591e-04 9.999970000000000248e-01 6.811120000000000507e-01 -7.321760000000000490e-01 2.210000000000000159e-03 7.321760000000000490e-01 6.811150000000000260e-01 9.179999999999999792e-04
4.000000000000000000e+00 7.000000000000000000e+00 5.200000000000000000e+01 0.000000000000000000e+00 1.600000000000000089e+00 -7.399999999999999894e-04 -4.683999999999999796e-03 -9.999890000000000168e-01 8.376100000000000212e-02 -9.964749999999999996e-01 4.605999999999999851e-03 -9.964859999999999829e-01 -8.375699999999999812e-02 1.129999999999999928e-03
1.700000000000000000e+01 1.500000000000000000e+01 5.300000000000000000e+01 0.000000000000000000e+00 1.600000000000000089e+00 1.170000000000000033e-03 8.299999999999999815e-05 -9.999989999999999712e-01 6.774360000000000381e-01 7.355810000000000404e-01 8.540000000000000499e-04 7.355810000000000404e-01 -6.774369999999999559e-01 8.050000000000000515e-04
2.000000000000000000e+00 6.300000000000000000e+01 5.400000000000000000e+01 0.000000000000000000e+00 1.600000000000000089e+00 3.190000000000000019e-04 -9.659999999999999533e-04 1.000000000000000000e+00 -3.510249999999999759e-01 9.363650000000000029e-01 1.016999999999999892e-03 -9.363660000000000316e-01 -3.510260000000000047e-01 -4.100000000000000047e-05
7.000000000000000000e+00 6.300000000000000000e+01 5.400000000000000000e+01 0.000000000000000000e+00 1.600000000000000089e+00 -1.699999999999999987e-05 -7.969999999999999654e-04 1.000000000000000000e+00 -3.514510000000000134e-01 9.362059999999999826e-01 7.399999999999999894e-04 -9.362059999999999826e-01 -3.514510000000000134e-01 -2.959999999999999849e-04
1.100000000000000000e+01 6.300000000000000000e+01 5.400000000000000000e+01 0.000000000000000000e+00 1.600000000000000089e+00 3.009999999999999980e-04 -1.949999999999999965e-04 1.000000000000000000e+00 -3.498939999999999828e-01 9.367889999999999828e-01 2.880000000000000073e-04 -9.367889999999999828e-01 -3.498939999999999828e-01 2.130000000000000003e-04
1.300000000000000000e+01 6.300000000000000000e+01 5.400000000000000000e+01 0.000000000000000000e+00 1.600000000000000089e+00 7.529999999999999801e-04 1.210000000000000002e-04 1.000000000000000000e+00 -3.495969999999999911e-01 9.368999999999999551e-01 1.489999999999999897e-04 -9.368999999999999551e-01 -3.495969999999999911e-01 7.479999999999999670e-04
1.700000000000000000e+01 6.300000000000000000e+01 5.400000000000000000e+01 0.000000000000000000e+00 1.600000000000000089e+00 -5.029999999999999749e-04 4.569999999999999952e-04 1.000000000000000000e+00 -3.487979999999999969e-01 9.371979999999999755e-01 -6.040000000000000447e-04 -9.371979999999999755e-01 -3.487979999999999969e-01 -3.119999999999999944e-04
2.700000000000000000e+01 6.300000000000000000e+01 5.400000000000000000e+01 0.000000000000000000e+00 1.600000000000000089e+00 -6.639999999999999852e-04 2.770000000000000110e-04 1.000000000000000000e+00 -3.541429999999999856e-01 9.351909999999999945e-01 -4.939999999999999730e-04 -9.351909999999999945e-01 -3.541429999999999856e-01 -5.230000000000000274e-04
4.000000000000000000e+00 2.500000000000000000e+01 5.500000000000000000e+01 0.000000000000000000e+00 1.600000000000000089e+00 -3.519999999999999908e-04 -1.056999999999999997e-03 -9.999989999999999712e-01 -1.248900000000000010e-02 -9.999209999999999487e-01 1.061000000000000094e-03 -9.999219999999999775e-01 1.248999999999999937e-02 3.390000000000000001e-04
9.000000000000000000e+00 2.500000000000000000e+01 5.500000000000000000e+01 0.000000000000000000e+00 1.600000000000000089e+00 -9.420000000000000205e-04 -2.083999999999999915e-03 -9.999970000000000248e-01 -1.111900000000000041e-02 -9.999360000000000470e-01 2.093999999999999941e-03 -9.999379999999999935e-01 1.112100000000000068e-02 9.190000000000000035e-04
1.300000000000000000e+01 2.500000000000000000e+01 5.500000000000000000e+01 0.000000000000000000e+00 1.600000000000000089e+00 7.420000000000000380e-04 4.299999999999999894e-04 -1.000000000000000000e+00 -1.127399999999999930e-02 -9.999360000000000470e-01 -4.380000000000000213e-04 -9.999360000000000470e-01 1.127399999999999930e-02 -7.370000000000000249e-04
1.500000000000000000e+01 2.500000000000000000e+01 5.500000000000000000e+01 0.000000000000000000e+00 1.600000000000000089e+00 1.196999999999999930e-03 2.978000000000000178e-03 -9.999949999999999672e-01 -1.139899999999999941e-02 -9.999310000000000143e-01 -2.991000000000000169e-03 -9.999339999999999895e-01 1.140299999999999994e-02 -1.162999999999999971e-03
2.600000000000000000e+01 2.500000000000000000e+01 5.500000000000000000e+01 0.000000000000000000e+00 1.600000000000000089e+00 1.338999999999999913e-03 -1.855000000000000095e-03 -9.999970000000000248e-01 -1.257999999999999917e-02 -9.999190000000000023e-01 1.838000000000000007e-03 -9.999200000000000310e-01 1.257699999999999964e-02 -1.361999999999999929e-03
1.400000000000000000e+01 5.800000000000000000e+01 5.900000000000000000e+01 0.000000000000000000e+00 1.600000000000000089e+00 -4.341000000000000240e-03 5.394000000000000357e-03 -9.999759999999999760e-01 3.868610000000000104e-01 9.221319999999999517e-01 3.295000000000000186e-03 9.221279999999999477e-01 -3.868369999999999864e-01 -6.088999999999999795e-03
2.100000000000000000e+01 3.000000000000000000e+00 6.300000000000000000e+01 0.000000000000000000e+00 1.600000000000000089e+00 3.477000000000000056e-03 -7.067999999999999630e-03 9.999689999999999968e-01 -6.168209999999999527e-01 7.870650000000000146e-01 7.707999999999999574e-03 -7.870949999999999891e-01 -6.168289999999999607e-01 -1.623000000000000094e-03
2.400000000000000000e+01 3.000000000000000000e+00 6.300000000000000000e+01 0.000000000000000000e+00 1.600000000000000089e+00 1.007999999999999998e-03 -4.897999999999999576e-03 9.999879999999999880e-01 -6.176610000000000156e-01 7.864320000000000199e-01 4.473999999999999679e-03 -7.864440000000000319e-01 -6.176570000000000116e-01 -2.233000000000000176e-03
9.000000000000000000e+00 2.700000000000000000e+01 6.300000000000000000e+01 0.000000000000000000e+00 1.600000000000000089e+00 -1.693999999999999976e-03 -5.930000000000000375e-03 9.999810000000000088e-01 -2.775340000000000029e-01 9.607019999999999449e-01 5.226999999999999875e-03 -9.607139999999999569e-01 -2.775199999999999889e-01 -3.272999999999999868e-03
1.300000000000000000e+01 2.700000000000000000e+01 6.300000000000000000e+01 0.000000000000000000e+00 1.600000000000000089e+00 7.100000000000000462e-05 -9.145999999999999616e-03 9.999580000000000135e-01 -2.796580000000000177e-01 9.600589999999999957e-01 8.800999999999999795e-03 -9.600999999999999535e-01 -2.796469999999999789e-01 -2.490000000000000026e-03
2.100000000000000000e+01 2.700000000000000000e+01 6.300000000000000000e+01 0.000000000000000000e+00 1.600000000000000089e+00 2.300000000000000070e-04 1.208000000000000089e-03 9.999989999999999712e-01 -2.828979999999999828e-01 9.591490000000000293e-01 -1.093000000000000005e-03 -9.591499999999999471e-01 -2.828970000000000096e-01 5.619999999999999996e-04
2.500000000000000000e+01 2.700000000000000000e+01 6.300000000000000000e+01 0.000000000000000000e+00 1.600000000000000089e+00 3.000000000000000076e-05 1.023999999999999954e-03 9.999989999999999712e-01 -2.836119999999999752e-01 9.589389999999999858e-01 -9.730000000000000151e-04 -9.589389999999999858e-01 -2.836110000000000020e-01 3.190000000000000019e-04
4.000000000000000000e+00 2.600000000000000000e+01 6.400000000000000000e+01 0.000000000000000000e+00 1.600000000000000089e+00 -3.324999999999999831e-03 7.167999999999999892e-03 9.999689999999999968e-01 -3.494590000000000196e-01 9.369189999999999463e-01 -7.877999999999999586e-03 -9.369459999999999456e-01 -3.494740000000000069e-01 -6.099999999999999737e-04
9.000000000000000000e+00 2.600000000000000000e+01 6.400000000000000000e+01 0.000000000000000000e+00 1.600000000000000089e+00 -8.840000000000000201e-04 -5.957999999999999755e-03 9.999820000000000375e-01 -3.590119999999999978e-01 9.333179999999999810e-01 5.244000000000000397e-03 -9.333329999999999682e-01 -3.589999999999999858e-01 -2.964000000000000055e-03
1.300000000000000000e+01 2.600000000000000000e+01 6.400000000000000000e+01 0.000000000000000000e+00 1.600000000000000089e+00 1.141000000000000087e-03 -8.845000000000000431e-03 9.999599999999999600e-01 -3.601239999999999997e-01 9.328640000000000265e-01 8.661999999999999561e-03 -9.329039999999999555e-01 -3.601190000000000224e-01 -2.121000000000000055e-03
1.800000000000000000e+01 2.600000000000000000e+01 6.400000000000000000e+01 0.000000000000000000e+00 1.600000000000000089e+00 4.000000000000000192e-04 1.761999999999999894e-03 9.999980000000000535e-01 -3.627059999999999729e-01 9.319020000000000081e-01 -1.497000000000000067e-03 -9.319030000000000369e-01 -3.627049999999999996e-01 1.012000000000000096e-03
2.500000000000000000e+01 2.600000000000000000e+01 6.400000000000000000e+01 0.000000000000000000e+00 1.600000000000000089e+00 2.079999999999999872e-04 1.309999999999999967e-03 9.999989999999999712e-01 -3.638190000000000035e-01 9.314689999999999914e-01 -1.144000000000000052e-03 -9.314700000000000202e-01 -3.638179999999999747e-01 6.700000000000000226e-04
2.900000000000000000e+01 2.600000000000000000e+01 6.400000000000000000e+01 0.000000000000000000e+00 1.600000000000000089e+00 3.299999999999999982e-04 3.295999999999999885e-03 9.999949999999999672e-01 -3.644240000000000257e-01 9.312279999999999447e-01 -2.948999999999999799e-03 -9.312329999999999774e-01 -3.644209999999999949e-01 1.508999999999999925e-03
2.700000000000000000e+01 6.900000000000000000e+01 6.600000000000000000e+01 0.000000000000000000e+00 1.600000000000000089e+00 -1.358000000000000049e-03 -8.059999999999999673e-04 9.999989999999999712e-01 -9.492789999999999839e-01 3.144339999999999913e-01 -1.036000000000000029e-03 -3.144330000000000180e-01 -9.492789999999999839e-01 -1.191999999999999917e-03
2.000000000000000000e+00 2.500000000000000000e+01 7.300000000000000000e+01 0.000000000000000000e+00 1.600000000000000089e+00 -7.659999999999999708e-04 2.295000000000000165e-03 9.999970000000000248e-01 7.483049999999999979e-01 -6.633510000000000240e-01 2.095000000000000074e-03 6.633539999999999992e-01 7.483049999999999979e-01 -1.209000000000000005e-03
1.100000000000000000e+01 2.500000000000000000e+01 7.300000000000000000e+01 0.000000000000000000e+00 1.600000000000000089e+00 1.332000000000000068e-03 2.265000000000000086e-03 9.999970000000000248e-01 7.564570000000000460e-01 -6.540430000000000410e-01 4.739999999999999747e-04 6.540420000000000122e-01 7.564539999999999598e-01 -2.585000000000000058e-03
1.600000000000000000e+01 2.500000000000000000e+01 7.300000000000000000e+01 0.000000000000000000e+00 1.600000000000000089e+00 -1.570999999999999914e-03 -3.250999999999999984e-03 9.999930000000000208e-01 7.560700000000000198e-01 -6.544900000000000162e-01 -9.399999999999999719e-04 6.544889999999999874e-01 7.560639999999999583e-01 3.485999999999999949e-03
2.200000000000000000e+01 2.500000000000000000e+01 7.300000000000000000e+01 0.000000000000000000e+00 1.600000000000000089e+00 1.289999999999999914e-04 8.480000000000000124e-04 1.000000000000000000e+00 7.540540000000000020e-01 -6.568129999999999802e-01 4.600000000000000139e-04 6.568129999999999802e-01 7.540529999999999733e-01 -7.240000000000000342e-04
3.000000000000000000e+00 4.400000000000000000e+01 7.300000000000000000e+01 0.000000000000000000e+00 1.600000000000000089e+00 2.869999999999999830e-04 -2.769999999999999893e-03 9.999959999999999960e-01 4.822200000000000097e-02 -9.988329999999999709e-01 -2.781000000000000052e-03 9.988369999999999749e-01 4.822200000000000097e-02 -1.540000000000000028e-04
1.300000000000000000e+01 4.400000000000000000e+01 7.300000000000000000e+01 0.000000000000000000e+00 1.600000000000000089e+00 -1.779999999999999898e-04 -2.344999999999999862e-03 9.999970000000000248e-01 4.848800000000000332e-02 -9.988209999999999589e-01 -2.333000000000000004e-03 9.988240000000000451e-01 4.848700000000000232e-02 2.910000000000000260e-04
1.900000000000000000e+01 4.400000000000000000e+01 7.300000000000000000e+01 0.000000000000000000e+00 1.600000000000000089e+00 5.339999999999999695e-04 2.122000000000000188e-03 9.999980000000000535e-01 5.017400000000000332e-02 -9.987380000000000146e-01 2.092000000000000109e-03 9.987399999999999611e-01 5.017300000000000232e-02 -6.390000000000000280e-04
2.300000000000000000e+01 4.400000000000000000e+01 7.300000000000000000e+01 0.000000000000000000e+00 1.600000000000000089e+00 3.849999999999999798e-04 -1.802999999999999915e-03 9.999980000000000535e-01 5.139400000000000218e-02 -9.986770000000000369e-01 -1.820999999999999919e-03 9.986779999999999546e-01 5.139400000000000218e-02 -2.919999999999999961e-04
3.000000000000000000e+01 4.400000000000000000e+01 7.300000000000000000e+01 0.000000000000000000e+00 1.600000000000000089e+00 -1.150000000000000035e-04 -1.846999999999999901e-03 9.999980000000000535e-01 5.502200000000000146e-02 -9.984830000000000094e-01 -1.838000000000000007e-03 9.984849999999999559e-01 5.502200000000000146e-02 2.169999999999999891e-04
4.000000000000000000e+00 5.100000000000000000e+01 7.600000000000000000e+01 0.000000000000000000e+00 1.600000000000000089e+00 -1.299999999999999886e-04 4.706000000000000114e-03 -9.999890000000000168e-01 -4.119059999999999944e-01 -9.112160000000000259e-01 -4.235000000000000049e-03 -9.112259999999999804e-01 4.119010000000000171e-01 2.056999999999999801e-03
3.000000000000000000e+00 9.100000000000000000e+01 7.600000000000000000e+01 0.000000000000000000e+00 1.600000000000000089e+00 1.110000000000000011e-04 1.363000000000000062e-03 9.999989999999999712e-01 3.157280000000000086e-01 -9.488490000000000535e-01 1.258000000000000004e-03 9.488499999999999712e-01 3.157269999999999799e-01 -5.349999999999999938e-04
9.000000000000000000e+00 9.100000000000000000e+01 7.600000000000000000e+01 0.000000000000000000e+00 1.600000000000000089e+00 5.820000000000000520e-04 3.499999999999999964e-04 1.000000000000000000e+00 3.159170000000000034e-01 -9.487870000000000470e-01 1.479999999999999925e-04 9.487860000000000182e-01 3.159170000000000034e-01 -6.620000000000000450e-04
1.800000000000000000e+01 9.100000000000000000e+01 7.600000000000000000e+01 0.000000000000000000e+00 1.600000000000000089e+00 -2.023000000000000059e-03 -7.140000000000000079e-04 9.999980000000000535e-01 3.182840000000000114e-01 -9.479950000000000321e-01 -3.300000000000000253e-05 9.479929999999999746e-01 3.182829999999999826e-01 2.145000000000000205e-03
2.800000000000000000e+01 9.100000000000000000e+01 7.600000000000000000e+01 0.000000000000000000e+00 1.600000000000000089e+00 -1.630000000000000047e-04 -8.540000000000000499e-04 1.000000000000000000e+00 3.012480000000000158e-01 -9.535449999999999759e-01 -7.649999999999999465e-04 9.535460000000000047e-01 3.012480000000000158e-01 4.119999999999999856e-04
6.000000000000000000e+00 9.000000000000000000e+00 8.200000000000000000e+01 0.000000000000000000e+00 1.600000000000000089e+00 2.390000000000000197e-03 -9.940000000000000918e-04 -9.999970000000000248e-01 5.737750000000000350e-01 8.190129999999999910e-01 5.569999999999999864e-04 8.190100000000000158e-01 -5.737740000000000062e-01 2.527999999999999865e-03
2.000000000000000000e+00 4.400000000000000000e+01 8.300000000000000000e+01 0.000000000000000000e+00 1.600000000000000089e+00 4.670000000000000214e-04 1.913999999999999903e-03 9.999980000000000535e-01 5.879149999999999654e-01 -8.089220000000000299e-01 1.273999999999999959e-03 8.089229999999999476e-01 5.879130000000000189e-01 -1.502999999999999996e-03
1.000000000000000000e+01 4.400000000000000000e+01 8.300000000000000000e+01 0.000000000000000000e+00 1.600000000000000089e+00 7.969999999999999654e-04 -3.899999999999999929e-04 1.000000000000000000e+00 5.854009999999999492e-01 -8.107440000000000202e-01 -7.829999999999999504e-04 8.107440000000000202e-01 5.854009999999999492e-01 -4.169999999999999987e-04
