2.000000000000000000e+00 1.500000000000000000e+01 4.000000000000000000e+00 0.000000000000000000e+00 1.600000000000000089e+00 -4.536000000000000101e-03 -1.739900000000000127e-02 9.998380000000000045e-01 2.856890000000000263e-01 -9.581990000000000229e-01 -1.537799999999999931e-02 9.583120000000000527e-01 2.855730000000000213e-01 9.317000000000000628e-03
8.000000000000000000e+00 1.500000000000000000e+01 4.000000000000000000e+00 0.000000000000000000e+00 1.600000000000000089e+00 -2.249999999999999830e-03 -3.452999999999999906e-03 9.999909999999999632e-01 2.862069999999999892e-01 -9.581640000000000157e-01 -2.664000000000000135e-03 9.581650000000000444e-01 2.861980000000000079e-01 3.144000000000000093e-03
1.100000000000000000e+01 1.500000000000000000e+01 4.000000000000000000e+00 0.000000000000000000e+00 1.600000000000000089e+00 6.120000000000000223e-04 1.005000000000000034e-03 9.999989999999999712e-01 2.891489999999999894e-01 -9.572840000000000238e-01 7.849999999999999990e-04 9.572840000000000238e-01 2.891480000000000161e-01 -8.769999999999999584e-04
2.000000000000000000e+01 1.500000000000000000e+01 4.000000000000000000e+00 0.000000000000000000e+00 1.600000000000000089e+00 1.459999999999999926e-03 -9.117000000000000104e-03 9.999569999999999848e-01 2.998890000000000167e-01 -9.539299999999999446e-01 -9.136000000000000024e-03 9.539729999999999599e-01 2.998899999999999899e-01 1.340999999999999961e-03
2.500000000000000000e+01 1.500000000000000000e+01 4.000000000000000000e+00 0.000000000000000000e+00 1.600000000000000089e+00 -1.498999999999999898e-03 -1.722800000000000026e-02 9.998500000000000165e-01 2.925490000000000035e-01 -9.561159999999999659e-01 -1.603600000000000164e-02 9.562490000000000157e-01 2.924809999999999910e-01 6.472999999999999587e-03
2.900000000000000000e+01 1.500000000000000000e+01 4.000000000000000000e+00 0.000000000000000000e+00 1.600000000000000089e+00 -4.615000000000000178e-03 -2.548600000000000171e-02 9.996650000000000258e-01 2.846969999999999779e-01 -9.583390000000000519e-01 -2.311799999999999966e-02 9.586059999999999581e-01 2.844949999999999979e-01 1.167900000000000015e-02
1.200000000000000000e+01 1.600000000000000000e+01 4.000000000000000000e+00 0.000000000000000000e+00 1.600000000000000089e+00 2.733000000000000186e-03 4.956999999999999601e-03 9.999839999999999840e-01 3.555119999999999947e-01 -9.346649999999999681e-01 3.661999999999999891e-03 9.346680000000000543e-01 3.554959999999999787e-01 -4.316000000000000392e-03
1.600000000000000000e+01 1.010000000000000000e+02 7.000000000000000000e+00 0.000000000000000000e+00 1.600000000000000089e+00 -4.388000000000000407e-03 -1.911699999999999858e-02 9.998080000000000300e-01 8.858610000000000095e-01 4.637760000000000216e-01 1.275599999999999998e-02 -4.639309999999999823e-01 8.857460000000000333e-01 1.490000000000000005e-02
2.500000000000000000e+01 1.010000000000000000e+02 7.000000000000000000e+00 0.000000000000000000e+00 1.600000000000000089e+00 1.503999999999999912e-03 1.846599999999999978e-02 9.998280000000000500e-01 8.853980000000000183e-01 4.647270000000000012e-01 -9.915000000000000202e-03 -4.648309999999999942e-01 8.852609999999999646e-01 -1.565100000000000172e-02
1.000000000000000000e+00 1.500000000000000000e+01 8.000000000000000000e+00 0.000000000000000000e+00 1.600000000000000089e+00 -2.526000000000000034e-03 -2.525900000000000020e-02 -9.996779999999999555e-01 -5.819290000000000296e-01 -8.129420000000000535e-01 2.201099999999999932e-02 -8.132359999999999589e-01 5.817970000000000086e-01 -1.264599999999999926e-02
6.000000000000000000e+00 1.500000000000000000e+01 8.000000000000000000e+00 0.000000000000000000e+00 1.600000000000000089e+00 -6.480000000000000300e-04 -7.910000000000000364e-03 -9.999689999999999968e-01 -5.828980000000000272e-01 -8.125170000000000448e-01 6.805000000000000285e-03 -8.125449999999999617e-01 5.828839999999999577e-01 -4.083999999999999957e-03
9.000000000000000000e+00 1.500000000000000000e+01 8.000000000000000000e+00 0.000000000000000000e+00 1.600000000000000089e+00 -1.502000000000000080e-03 -5.420000000000000338e-03 -9.999839999999999840e-01 -5.829250000000000265e-01 -8.125090000000000368e-01 5.278999999999999838e-03 -8.125250000000000528e-01 5.829229999999999690e-01 -1.938999999999999968e-03
1.200000000000000000e+01 1.500000000000000000e+01 8.000000000000000000e+00 0.000000000000000000e+00 1.600000000000000089e+00 -3.193999999999999791e-03 -2.083999999999999915e-03 -9.999930000000000208e-01 -5.831899999999999862e-01 -8.123280000000000500e-01 3.556000000000000133e-03 -8.123289999999999678e-01 5.831969999999999654e-01 1.379000000000000017e-03
1.600000000000000000e+01 1.500000000000000000e+01 8.000000000000000000e+00 0.000000000000000000e+00 1.600000000000000089e+00 -3.628999999999999847e-03 2.007999999999999802e-03 -9.999909999999999632e-01 -5.839710000000000178e-01 -8.117739999999999956e-01 4.889999999999999599e-04 -8.117659999999999876e-01 5.839680000000000426e-01 4.118000000000000133e-03
2.700000000000000000e+01 1.500000000000000000e+01 8.000000000000000000e+00 0.000000000000000000e+00 1.600000000000000089e+00 -2.147000000000000037e-03 -1.480599999999999972e-02 -9.998879999999999990e-01 -5.875690000000000079e-01 -8.090659999999999519e-01 1.324200000000000030e-02 -8.091709999999999736e-01 5.875320000000000542e-01 -6.962999999999999572e-03
2.000000000000000000e+00 2.600000000000000000e+01 8.000000000000000000e+00 0.000000000000000000e+00 1.600000000000000089e+00 2.271000000000000015e-03 6.491000000000000242e-03 -9.999759999999999760e-01 4.089840000000000142e-01 9.125159999999999938e-01 6.851999999999999584e-03 9.125389999999999890e-01 -4.089900000000000202e-01 -5.820000000000000520e-04
7.000000000000000000e+00 2.600000000000000000e+01 8.000000000000000000e+00 0.000000000000000000e+00 1.600000000000000089e+00 1.907999999999999974e-03 3.282000000000000195e-03 -9.999930000000000208e-01 4.083479999999999888e-01 9.128180000000000183e-01 3.775000000000000144e-03 9.128239999999999688e-01 -4.083519999999999928e-01 4.009999999999999893e-04
1.200000000000000000e+01 2.600000000000000000e+01 8.000000000000000000e+00 0.000000000000000000e+00 1.600000000000000089e+00 1.897000000000000032e-03 6.486999999999999711e-03 -9.999770000000000048e-01 4.071139999999999759e-01 9.133529999999999704e-01 6.697999999999999961e-03 9.133750000000000480e-01 -4.071179999999999799e-01 -9.079999999999999530e-04
1.900000000000000000e+01 2.600000000000000000e+01 8.000000000000000000e+00 0.000000000000000000e+00 1.600000000000000089e+00 1.572999999999999962e-03 4.910999999999999567e-03 -9.999869999999999592e-01 4.059360000000000190e-01 9.138870000000000049e-01 5.126000000000000348e-03 9.139000000000000457e-01 -4.059389999999999943e-01 -5.559999999999999621e-04
6.000000000000000000e+00 2.400000000000000000e+01 9.000000000000000000e+00 0.000000000000000000e+00 1.600000000000000089e+00 2.046000000000000076e-03 4.765000000000000138e-03 -9.999869999999999592e-01 4.632089999999999819e-01 8.862339999999999662e-01 5.170000000000000116e-03 8.862470000000000070e-01 -4.632129999999999859e-01 -3.939999999999999817e-04
1.100000000000000000e+01 2.400000000000000000e+01 9.000000000000000000e+00 0.000000000000000000e+00 1.600000000000000089e+00 1.820999999999999919e-03 9.924000000000000529e-03 -9.999489999999999768e-01 4.624329999999999830e-01 8.866020000000000012e-01 9.641000000000000264e-03 8.866519999999999957e-01 -4.624269999999999770e-01 -2.975000000000000214e-03
1.400000000000000000e+01 2.400000000000000000e+01 9.000000000000000000e+00 0.000000000000000000e+00 1.600000000000000089e+00 2.152999999999999966e-03 8.267999999999999308e-03 -9.999630000000000463e-01 4.626160000000000272e-01 8.865199999999999747e-01 8.326000000000000068e-03 8.865560000000000107e-01 -4.626170000000000004e-01 -1.915999999999999951e-03
2.000000000000000000e+01 2.400000000000000000e+01 9.000000000000000000e+00 0.000000000000000000e+00 1.600000000000000089e+00 1.691000000000000012e-03 3.076999999999999874e-03 -9.999940000000000495e-01 4.619210000000000260e-01 8.869139999999999802e-01 3.510000000000000099e-03 8.869190000000000129e-01 -4.619240000000000013e-01 7.799999999999999859e-05
2.900000000000000000e+01 2.400000000000000000e+01 9.000000000000000000e+00 0.000000000000000000e+00 1.600000000000000089e+00 1.951000000000000043e-03 1.745000000000000023e-03 -9.999970000000000248e-01 4.596489999999999743e-01 8.880970000000000253e-01 2.446999999999999956e-03 8.880989999999999718e-01 -4.596520000000000050e-01 9.300000000000000541e-04
1.700000000000000000e+01 4.000000000000000000e+00 1.100000000000000000e+01 0.000000000000000000e+00 1.600000000000000089e+00 1.172000000000000082e-03 2.112999999999999948e-02 -9.997759999999999980e-01 2.247170000000000001e-01 9.742009999999999836e-01 2.085300000000000001e-02 9.744230000000000391e-01 -2.246910000000000018e-01 -3.606999999999999963e-03
2.100000000000000000e+01 4.000000000000000000e+00 1.100000000000000000e+01 0.000000000000000000e+00 1.600000000000000089e+00 1.015999999999999976e-03 6.858999999999999646e-03 -9.999759999999999760e-01 2.214800000000000102e-01 9.751410000000000355e-01 6.914000000000000007e-03 9.751640000000000308e-01 -2.214810000000000112e-01 -5.280000000000000405e-04
2.400000000000000000e+01 4.000000000000000000e+00 1.100000000000000000e+01 0.000000000000000000e+00 1.600000000000000089e+00 4.260000000000000006e-04 -1.378000000000000102e-03 -9.999989999999999712e-01 2.194510000000000072e-01 9.756230000000000180e-01 -1.250999999999999942e-03 9.756230000000000180e-01 -2.194510000000000072e-01 7.179999999999999967e-04
2.300000000000000000e+01 3.100000000000000000e+01 1.200000000000000000e+01 0.000000000000000000e+00 1.600000000000000089e+00 -8.890000000000000333e-04 9.100000000000000016e-04 9.999989999999999712e-01 -2.052700000000000011e-02 9.997890000000000388e-01 -9.280000000000000054e-04 -9.997890000000000388e-01 -2.052800000000000111e-02 -8.700000000000000051e-04
3.000000000000000000e+00 3.500000000000000000e+01 1.200000000000000000e+01 0.000000000000000000e+00 1.600000000000000089e+00 -9.979999999999999722e-04 5.008000000000000299e-03 -9.999869999999999592e-01 4.677439999999999931e-01 -8.838500000000000245e-01 -4.892999999999999780e-03 -8.838629999999999542e-01 -4.677430000000000199e-01 -1.459999999999999926e-03
1.900000000000000000e+01 3.200000000000000000e+01 1.400000000000000000e+01 0.000000000000000000e+00 1.600000000000000089e+00 -1.183000000000000024e-03 1.002000000000000069e-03 -9.999989999999999712e-01 1.106749999999999956e-01 9.938559999999999617e-01 8.649999999999999920e-04 9.938559999999999617e-01 -1.106739999999999946e-01 -1.286999999999999950e-03
2.700000000000000000e+01 3.200000000000000000e+01 1.400000000000000000e+01 0.000000000000000000e+00 1.600000000000000089e+00 -1.188999999999999953e-03 -4.545999999999999694e-03 -9.999890000000000168e-01 1.174520000000000008e-01 9.930679999999999508e-01 -4.654000000000000151e-03 9.930780000000000163e-01 -1.174560000000000048e-01 -6.470000000000000057e-04
3.000000000000000000e+01 3.200000000000000000e+01 1.400000000000000000e+01 0.000000000000000000e+00 1.600000000000000089e+00 -3.549000000000000071e-03 -6.413000000000000297e-03 -9.999730000000000008e-01 1.191610000000000030e-01 9.928519999999999568e-01 -6.791000000000000161e-03 9.928690000000000015e-01 -1.191819999999999963e-01 -2.759000000000000168e-03
4.000000000000000000e+00 1.200000000000000000e+01 1.500000000000000000e+01 0.000000000000000000e+00 1.600000000000000089e+00 -1.559999999999999972e-03 -2.690999999999999816e-03 -9.999949999999999672e-01 -4.693470000000000142e-01 -8.830080000000000151e-01 3.108999999999999785e-03 -8.830120000000000191e-01 4.693499999999999894e-01 1.150000000000000035e-04
9.000000000000000000e+00 1.200000000000000000e+01 1.500000000000000000e+01 0.000000000000000000e+00 1.600000000000000089e+00 -1.299999999999999886e-04 -1.250000000000000026e-04 -1.000000000000000000e+00 -4.710050000000000070e-01 -8.821299999999999697e-01 1.720000000000000066e-04 -8.821299999999999697e-01 4.710050000000000070e-01 5.599999999999999916e-05
1.300000000000000000e+01 1.200000000000000000e+01 1.500000000000000000e+01 0.000000000000000000e+00 1.600000000000000089e+00 -1.108999999999999960e-03 -3.654999999999999829e-03 -9.999930000000000208e-01 -4.724920000000000231e-01 -8.813269999999999715e-01 3.745000000000000065e-03 -8.813339999999999508e-01 4.724929999999999963e-01 -7.489999999999999913e-04
2.100000000000000000e+01 1.200000000000000000e+01 1.500000000000000000e+01 0.000000000000000000e+00 1.600000000000000089e+00 -1.118999999999999986e-03 -1.149000000000000065e-03 -9.999989999999999712e-01 -4.712660000000000182e-01 -8.819900000000000517e-01 1.541000000000000052e-03 -8.819900000000000517e-01 4.712680000000000202e-01 4.449999999999999746e-04
2.700000000000000000e+01 1.200000000000000000e+01 1.500000000000000000e+01 0.000000000000000000e+00 1.600000000000000089e+00 6.989999999999999686e-04 -1.247000000000000062e-03 -9.999989999999999712e-01 -4.705469999999999930e-01 -8.823750000000000204e-01 7.720000000000000083e-04 -8.823750000000000204e-01 4.705460000000000198e-01 -1.203999999999999992e-03
3.000000000000000000e+01 1.200000000000000000e+01 1.500000000000000000e+01 0.000000000000000000e+00 1.600000000000000089e+00 8.580000000000000387e-04 -4.004999999999999880e-03 -9.999919999999999920e-01 -4.717740000000000267e-01 -8.817139999999999977e-01 3.125999999999999873e-03 -8.817190000000000305e-01 4.717669999999999919e-01 -2.645999999999999915e-03
3.000000000000000000e+00 1.160000000000000000e+02 1.600000000000000000e+01 0.000000000000000000e+00 1.600000000000000089e+00 -1.201999999999999943e-03 -1.944999999999999897e-03 9.999970000000000248e-01 6.671669999999999545e-01 7.449040000000000106e-01 2.250999999999999963e-03 -7.449069999999999858e-01 6.671679999999999833e-01 4.020000000000000136e-04
1.500000000000000000e+01 1.160000000000000000e+02 1.600000000000000000e+01 0.000000000000000000e+00 1.600000000000000089e+00 -1.351999999999999903e-03 -1.180000000000000059e-03 9.999980000000000535e-01 6.491019999999999568e-01 7.606990000000000141e-01 1.775000000000000102e-03 -7.607000000000000428e-01 6.491029999999999855e-01 -2.629999999999999959e-04
2.400000000000000000e+01 1.160000000000000000e+02 1.600000000000000000e+01 0.000000000000000000e+00 1.600000000000000089e+00 9.219999999999999680e-04 -4.413000000000000256e-03 9.999900000000000455e-01 6.641340000000000021e-01 7.476089999999999680e-01 2.687000000000000152e-03 -7.476129999999999720e-01 6.641240000000000476e-01 3.619999999999999954e-03
3.000000000000000000e+00 2.000000000000000000e+00 1.900000000000000000e+01 0.000000000000000000e+00 1.600000000000000089e+00 4.176000000000000024e-03 -1.482299999999999937e-02 -9.998810000000000198e-01 2.037899999999999989e-01 -9.788940000000000419e-01 1.536299999999999992e-02 -9.790060000000000429e-01 -2.038300000000000112e-01 -1.067000000000000023e-03
1.100000000000000000e+01 2.000000000000000000e+00 1.900000000000000000e+01 0.000000000000000000e+00 1.600000000000000089e+00 3.671999999999999917e-03 -7.085000000000000152e-03 -9.999679999999999680e-01 2.097729999999999873e-01 -9.777200000000000335e-01 7.697999999999999982e-03 -9.777430000000000287e-01 -2.097940000000000083e-01 -2.103999999999999967e-03
1.700000000000000000e+01 2.000000000000000000e+00 1.900000000000000000e+01 0.000000000000000000e+00 1.600000000000000089e+00 4.917999999999999629e-03 -6.209000000000000109e-03 -9.999689999999999968e-01 2.084399999999999864e-01 -9.780100000000000460e-01 7.098000000000000143e-03 -9.780229999999999757e-01 -2.084679999999999866e-01 -3.516000000000000028e-03
2.000000000000000000e+01 2.000000000000000000e+00 1.900000000000000000e+01 0.000000000000000000e+00 1.600000000000000089e+00 7.540000000000000044e-04 -5.070999999999999987e-03 -9.999869999999999592e-01 2.093019999999999881e-01 -9.778379999999999850e-01 5.117000000000000021e-03 -9.778510000000000257e-01 -2.093029999999999891e-01 3.240000000000000150e-04
2.900000000000000000e+01 2.000000000000000000e+00 1.900000000000000000e+01 0.000000000000000000e+00 1.600000000000000089e+00 -1.472999999999999917e-03 -5.316000000000000413e-03 -9.999850000000000128e-01 2.098579999999999890e-01 -9.777200000000000335e-01 4.889000000000000117e-03 -9.777310000000000167e-01 -2.098480000000000067e-01 2.554999999999999979e-03
1.000000000000000000e+01 4.000000000000000000e+00 2.000000000000000000e+01 0.000000000000000000e+00 1.600000000000000089e+00 8.999999999999999754e-04 -1.582999999999999989e-03 -9.999980000000000535e-01 2.921059999999999768e-01 -9.563840000000000119e-01 1.776999999999999934e-03 -9.563850000000000406e-01 -2.921070000000000055e-01 -3.980000000000000248e-04
6.000000000000000000e+00 1.300000000000000000e+01 2.000000000000000000e+01 0.000000000000000000e+00 1.600000000000000089e+00 -1.144000000000000052e-03 -2.490000000000000026e-03 9.999959999999999960e-01 2.567479999999999762e-01 9.664749999999999730e-01 2.700000000000000143e-03 -9.664779999999999482e-01 2.567499999999999782e-01 -4.659999999999999971e-04
1.100000000000000000e+01 1.300000000000000000e+01 2.000000000000000000e+01 0.000000000000000000e+00 1.600000000000000089e+00 3.399999999999999973e-05 3.240000000000000150e-04 1.000000000000000000e+00 2.573329999999999784e-01 9.663230000000000430e-01 -3.220000000000000206e-04 -9.663230000000000430e-01 2.573329999999999784e-01 -5.000000000000000240e-05
1.900000000000000000e+01 1.300000000000000000e+01 2.000000000000000000e+01 0.000000000000000000e+00 1.600000000000000089e+00 5.490000000000000088e-04 1.620000000000000075e-04 1.000000000000000000e+00 2.562869999999999870e-01 9.666010000000000435e-01 -2.979999999999999793e-04 -9.666010000000000435e-01 2.562869999999999870e-01 4.889999999999999599e-04
2.300000000000000000e+01 1.300000000000000000e+01 2.000000000000000000e+01 0.000000000000000000e+00 1.600000000000000089e+00 -1.572000000000000047e-03 -4.348999999999999568e-03 9.999890000000000168e-01 2.576539999999999941e-01 9.662260000000000293e-01 4.606999999999999984e-03 -9.662359999999999838e-01 2.576590000000000269e-01 -3.980000000000000248e-04
2.200000000000000000e+01 1.600000000000000000e+01 2.100000000000000000e+01 0.000000000000000000e+00 1.600000000000000089e+00 -8.700000000000000051e-04 -4.457000000000000024e-03 9.999900000000000455e-01 3.007659999999999778e-01 9.536869999999999514e-01 4.512999999999999651e-03 -9.536980000000000457e-01 3.007659999999999778e-01 5.109999999999999525e-04
2.700000000000000000e+01 1.600000000000000000e+01 2.100000000000000000e+01 0.000000000000000000e+00 1.600000000000000089e+00 -7.829999999999999504e-04 -4.569000000000000145e-03 9.999890000000000168e-01 3.016759999999999997e-01 9.533989999999999965e-01 4.591999999999999728e-03 -9.534099999999999797e-01 3.016759999999999997e-01 6.319999999999999663e-04
9.000000000000000000e+00 4.600000000000000000e+01 2.700000000000000000e+01 0.000000000000000000e+00 1.600000000000000089e+00 2.138999999999999842e-03 4.600000000000000004e-05 -9.999980000000000535e-01 6.598209999999999908e-01 7.514220000000000343e-01 1.446000000000000020e-03 7.514199999999999768e-01 -6.598220000000000196e-01 1.577000000000000060e-03
4.000000000000000000e+00 5.800000000000000000e+01 3.100000000000000000e+01 0.000000000000000000e+00 1.600000000000000089e+00 -2.164000000000000125e-03 -5.258999999999999786e-03 9.999839999999999840e-01 -7.662440000000000362e-01 -6.425300000000000455e-01 -5.036999999999999811e-03 6.425459999999999505e-01 -7.662430000000000074e-01 -2.638999999999999853e-03
1.100000000000000000e+01 5.800000000000000000e+01 3.100000000000000000e+01 0.000000000000000000e+00 1.600000000000000089e+00 -1.515000000000000071e-03 2.951000000000000064e-03 9.999940000000000495e-01 -7.732339999999999769e-01 -6.341200000000000170e-01 6.999999999999999929e-04 6.341189999999999882e-01 -7.732290000000000552e-01 3.242999999999999789e-03
1.500000000000000000e+01 5.800000000000000000e+01 3.100000000000000000e+01 0.000000000000000000e+00 1.600000000000000089e+00 6.271999999999999797e-03 6.729999999999999871e-03 9.999580000000000135e-01 -7.749840000000000062e-01 -6.319150000000000045e-01 9.114000000000000573e-03 6.319489999999999830e-01 -7.750089999999999479e-01 1.252999999999999991e-03
1.700000000000000000e+01 5.800000000000000000e+01 3.100000000000000000e+01 0.000000000000000000e+00 1.600000000000000089e+00 7.067000000000000365e-03 8.514999999999999999e-03 9.999390000000000223e-01 -7.746410000000000240e-01 -6.323079999999999812e-01 1.085900000000000060e-02 6.323609999999999509e-01 -7.746709999999999985e-01 2.128000000000000117e-03
2.500000000000000000e+01 5.800000000000000000e+01 3.100000000000000000e+01 0.000000000000000000e+00 1.600000000000000089e+00 -3.151999999999999854e-03 -5.969000000000000347e-03 9.999770000000000048e-01 -7.748669999999999725e-01 -6.320940000000000447e-01 -6.215000000000000038e-03 6.321170000000000400e-01 -7.748690000000000300e-01 -2.632999999999999924e-03
2.900000000000000000e+01 5.800000000000000000e+01 3.100000000000000000e+01 0.000000000000000000e+00 1.600000000000000089e+00 7.479999999999999670e-04 1.797999999999999902e-03 9.999980000000000535e-01 -7.749219999999999997e-01 -6.320540000000000047e-01 1.716000000000000077e-03 6.320559999999999512e-01 -7.749219999999999997e-01 9.210000000000000521e-04
3.000000000000000000e+00 4.600000000000000000e+01 3.500000000000000000e+01 0.000000000000000000e+00 1.600000000000000089e+00 -1.312999999999999931e-03 1.807999999999999928e-03 -9.999970000000000248e-01 3.846260000000000234e-01 -9.230699999999999461e-01 -2.174000000000000151e-03 -9.230720000000000036e-01 -3.846280000000000254e-01 5.169999999999999899e-04
8.000000000000000000e+00 4.600000000000000000e+01 3.500000000000000000e+01 0.000000000000000000e+00 1.600000000000000089e+00 -5.140000000000000254e-04 -2.125999999999999852e-03 -9.999980000000000535e-01 3.857400000000000273e-01 -9.226060000000000372e-01 1.763000000000000027e-03 -9.226069999999999549e-01 -3.857380000000000253e-01 1.294000000000000011e-03
1.400000000000000000e+01 4.600000000000000000e+01 3.500000000000000000e+01 0.000000000000000000e+00 1.600000000000000089e+00 -5.270000000000000162e-04 1.453999999999999997e-03 -9.999989999999999712e-01 3.854330000000000256e-01 -9.227340000000000542e-01 -1.544999999999999932e-03 -9.227360000000000007e-01 -3.854330000000000256e-01 -7.399999999999999623e-05
2.100000000000000000e+01 4.600000000000000000e+01 3.500000000000000000e+01 0.000000000000000000e+00 1.600000000000000089e+00 7.399999999999999894e-04 -2.333000000000000004e-03 -9.999970000000000248e-01 3.853269999999999751e-01 -9.227769999999999584e-01 2.438000000000000063e-03 -9.227800000000000447e-01 -3.853280000000000038e-01 2.159999999999999919e-04
2.400000000000000000e+01 4.600000000000000000e+01 3.500000000000000000e+01 0.000000000000000000e+00 1.600000000000000089e+00 6.120000000000000223e-04 -2.367000000000000180e-03 -9.999970000000000248e-01 3.847499999999999809e-01 -9.230180000000000051e-01 2.419999999999999842e-03 -9.230209999999999804e-01 -3.847499999999999809e-01 3.460000000000000076e-04
2.800000000000000000e+01 4.600000000000000000e+01 3.500000000000000000e+01 0.000000000000000000e+00 1.600000000000000089e+00 -1.050000000000000044e-04 -1.404999999999999999e-03 -9.999989999999999712e-01 3.845700000000000229e-01 -9.230949999999999989e-01 1.257000000000000088e-03 -9.230960000000000276e-01 -3.845700000000000229e-01 6.369999999999999794e-04
1.100000000000000000e+01 9.500000000000000000e+01 3.600000000000000000e+01 0.000000000000000000e+00 1.600000000000000089e+00 -4.310000000000000137e-04 -1.312800000000000078e-02 9.999139999999999695e-01 9.974830000000000085e-01 7.088899999999999368e-02 1.360000000000000098e-03 -7.090100000000000569e-02 9.973980000000000068e-01 1.306399999999999922e-02
1.800000000000000000e+01 9.500000000000000000e+01 3.600000000000000000e+01 0.000000000000000000e+00 1.600000000000000089e+00 5.730000000000000501e-04 3.500600000000000239e-02 9.993870000000000253e-01 9.980839999999999712e-01 6.180499999999999883e-02 -2.736999999999999850e-03 -6.186300000000000132e-02 9.974739999999999718e-01 -3.490300000000000347e-02
2.500000000000000000e+01 9.500000000000000000e+01 3.600000000000000000e+01 0.000000000000000000e+00 1.600000000000000089e+00 -5.579999999999999891e-03 -1.795000000000000068e-02 9.998230000000000173e-01 9.973340000000000538e-01 7.264099999999999724e-02 6.870000000000000238e-03 -7.275199999999999723e-02 9.971970000000000001e-01 1.749699999999999867e-02
5.000000000000000000e+00 3.000000000000000000e+00 4.300000000000000000e+01 0.000000000000000000e+00 1.600000000000000089e+00 -2.152999999999999966e-03 -2.708299999999999944e-02 -9.996310000000000473e-01 7.356599999999999806e-01 -6.771430000000000504e-01 1.676100000000000159e-02 -6.773470000000000324e-01 -7.353530000000000344e-01 2.138200000000000170e-02
1.800000000000000000e+01 3.000000000000000000e+00 4.300000000000000000e+01 0.000000000000000000e+00 1.600000000000000089e+00 5.526999999999999795e-03 2.219600000000000045e-02 -9.997380000000000155e-01 7.413840000000000430e-01 -6.709939999999999793e-01 -1.079899999999999957e-02 -6.710580000000000434e-01 -7.411309999999999842e-01 -2.016400000000000137e-02
2.200000000000000000e+01 3.000000000000000000e+00 4.300000000000000000e+01 0.000000000000000000e+00 1.600000000000000089e+00 -8.339999999999999974e-04 1.004599999999999937e-02 -9.999489999999999768e-01 7.410400000000000320e-01 -6.714200000000000168e-01 -7.363999999999999886e-03 -6.714599999999999458e-01 -7.410090000000000288e-01 -6.884000000000000362e-03
2.700000000000000000e+01 3.000000000000000000e+00 4.300000000000000000e+01 0.000000000000000000e+00 1.600000000000000089e+00 -3.770000000000000022e-04 3.010999999999999788e-03 -9.999949999999999672e-01 7.367390000000000327e-01 -6.761740000000000528e-01 -2.314000000000000085e-03 -6.761770000000000280e-01 -7.367359999999999465e-01 -1.962999999999999901e-03
1.400000000000000000e+01 8.000000000000000000e+00 4.400000000000000000e+01 0.000000000000000000e+00 1.600000000000000089e+00 -3.690999999999999837e-03 8.090000000000000403e-04 9.999930000000000208e-01 -7.777180000000000204e-01 -6.286089999999999733e-01 -2.361999999999999950e-03 6.286030000000000229e-01 -7.777209999999999956e-01 2.949999999999999931e-03
2.300000000000000000e+01 8.000000000000000000e+00 4.400000000000000000e+01 0.000000000000000000e+00 1.600000000000000089e+00 3.527000000000000187e-03 9.945999999999999980e-03 9.999440000000000550e-01 -7.792869999999999520e-01 -6.266030000000000211e-01 8.980999999999999400e-03 6.266580000000000483e-01 -7.792750000000000510e-01 5.540999999999999918e-03
4.000000000000000000e+00 2.900000000000000000e+01 4.400000000000000000e+01 0.000000000000000000e+00 1.600000000000000089e+00 2.066999999999999827e-03 -5.072000000000000119e-03 -9.999850000000000128e-01 6.785719999999999530e-01 7.345300000000000162e-01 -2.322999999999999978e-03 7.345310000000000450e-01 -6.785569999999999657e-01 4.959999999999999999e-03
1.000000000000000000e+01 2.900000000000000000e+01 4.400000000000000000e+01 0.000000000000000000e+00 1.600000000000000089e+00 1.605000000000000090e-03 7.529999999999999801e-04 -9.999980000000000535e-01 6.824799999999999756e-01 7.309020000000000516e-01 1.645999999999999894e-03 7.309020000000000516e-01 -6.824820000000000331e-01 6.589999999999999721e-04
1.300000000000000000e+01 2.900000000000000000e+01 4.400000000000000000e+01 0.000000000000000000e+00 1.600000000000000089e+00 2.086000000000000180e-03 2.979999999999999793e-04 -9.999980000000000535e-01 6.810329999999999995e-01 7.322509999999999852e-01 1.639000000000000049e-03 7.322490000000000387e-01 -6.810349999999999460e-01 1.325000000000000006e-03
1.800000000000000000e+01 2.900000000000000000e+01 4.400000000000000000e+01 0.000000000000000000e+00 1.600000000000000089e+00 2.121000000000000055e-03 1.378000000000000102e-03 -9.999970000000000248e-01 6.756929999999999881e-01 7.371790000000000287e-01 2.448999999999999788e-03 7.371799999999999464e-01 -6.756959999999999633e-01 6.319999999999999663e-04
2.200000000000000000e+01 2.900000000000000000e+01 4.400000000000000000e+01 0.000000000000000000e+00 1.600000000000000089e+00 -5.929999999999999941e-04 2.099999999999999884e-05 -1.000000000000000000e+00 6.699140000000000095e-01 7.424389999999999601e-01 -3.809999999999999910e-04 7.424389999999999601e-01 -6.699140000000000095e-01 -4.550000000000000008e-04
2.800000000000000000e+01 2.900000000000000000e+01 4.400000000000000000e+01 0.000000000000000000e+00 1.600000000000000089e+00 -1.840999999999999972e-03 5.029999999999999749e-04 -9.999980000000000535e-01 6.735179999999999501e-01 7.391699999999999937e-01 -8.679999999999999565e-04 7.391680000000000472e-01 -6.735189999999999788e-01 -1.698999999999999989e-03
7.000000000000000000e+00 7.000000000000000000e+00 5.200000000000000000e+01 0.000000000000000000e+00 1.600000000000000089e+00 -6.098000000000000122e-03 -7.720000000000000299e-03 -9.999519999999999520e-01 1.364769999999999872e-01 -9.906199999999999450e-01 6.816000000000000010e-03 -9.906239999999999490e-01 -1.364289999999999947e-01 7.093999999999999612e-03
1.900000000000000000e+01 7.000000000000000000e+00 5.200000000000000000e+01 0.000000000000000000e+00 1.600000000000000089e+00 4.722999999999999768e-03 2.831999999999999882e-03 -9.999850000000000128e-01 7.542000000000000093e-02 -9.971489999999999521e-01 -2.468000000000000142e-03 -9.971410000000000551e-01 -7.540700000000000180e-02 -4.923000000000000292e-03
5.000000000000000000e+00 6.300000000000000000e+01 5.400000000000000000e+01 0.000000000000000000e+00 1.600000000000000089e+00 -9.430000000000000448e-04 6.949999999999999798e-04 9.999989999999999712e-01 -3.550059999999999882e-01 9.348640000000000283e-01 -9.849999999999999815e-04 -9.348640000000000283e-01 -3.550059999999999882e-01 -6.340000000000000149e-04
1.300000000000000000e+01 6.300000000000000000e+01 5.400000000000000000e+01 0.000000000000000000e+00 1.600000000000000089e+00 1.402999999999999950e-03 -8.819999999999999715e-04 9.999989999999999712e-01 -3.481179999999999830e-01 9.374500000000000055e-01 1.314999999999999980e-03 -9.374500000000000055e-01 -3.481190000000000118e-01 1.008999999999999914e-03
2.200000000000000000e+01 6.300000000000000000e+01 5.400000000000000000e+01 0.000000000000000000e+00 1.600000000000000089e+00 1.688000000000000047e-03 -5.370000000000000424e-04 9.999980000000000535e-01 -3.497569999999999846e-01 9.368400000000000061e-01 1.093999999999999920e-03 -9.368389999999999773e-01 -3.497580000000000133e-01 1.394000000000000057e-03
2.700000000000000000e+01 6.300000000000000000e+01 5.400000000000000000e+01 0.000000000000000000e+00 1.600000000000000089e+00 -6.840000000000000377e-04 -2.318999999999999881e-03 9.999970000000000248e-01 -3.594620000000000037e-01 9.331580000000000430e-01 1.918000000000000000e-03 -9.331599999999999895e-01 -3.594589999999999730e-01 -1.472000000000000001e-03
1.200000000000000000e+01 2.500000000000000000e+01 5.500000000000000000e+01 0.000000000000000000e+00 1.600000000000000089e+00 -3.099999999999999999e-04 -3.390000000000000001e-04 -1.000000000000000000e+00 -1.114399999999999939e-02 -9.999379999999999935e-01 3.420000000000000188e-04 -9.999379999999999935e-01 1.114399999999999939e-02 3.060000000000000111e-04
1.700000000000000000e+01 2.500000000000000000e+01 5.500000000000000000e+01 0.000000000000000000e+00 1.600000000000000089e+00 -1.335000000000000032e-03 -2.108000000000000065e-03 -9.999970000000000248e-01 -1.235999999999999946e-02 -9.999209999999999487e-01 2.124000000000000020e-03 -9.999230000000000063e-01 1.236300000000000072e-02 1.309000000000000051e-03
2.900000000000000000e+01 2.500000000000000000e+01 5.500000000000000000e+01 0.000000000000000000e+00 1.600000000000000089e+00 1.170000000000000033e-03 9.330000000000000186e-04 -9.999989999999999712e-01 -1.066600000000000013e-02 -9.999430000000000263e-01 -9.449999999999999850e-04 -9.999419999999999975e-01 1.066699999999999940e-02 -1.160000000000000007e-03
2.000000000000000000e+01 5.800000000000000000e+01 5.900000000000000000e+01 0.000000000000000000e+00 1.600000000000000089e+00 1.840000000000000056e-03 4.421999999999999716e-03 -9.999879999999999880e-01 3.931529999999999747e-01 9.194609999999999728e-01 4.788999999999999854e-03 9.194710000000000383e-01 -3.931569999999999787e-01 -4.600000000000000004e-05
6.000000000000000000e+00 2.100000000000000000e+01 6.000000000000000000e+01 0.000000000000000000e+00 1.600000000000000089e+00 -1.939999999999999993e-04 3.877999999999999937e-03 9.999919999999999920e-01 -9.357999999999999652e-02 9.956040000000000445e-01 -3.879000000000000069e-03 -9.956120000000000525e-01 -9.357999999999999652e-02 1.700000000000000122e-04
1.200000000000000000e+01 2.100000000000000000e+01 6.000000000000000000e+01 0.000000000000000000e+00 1.600000000000000089e+00 2.089999999999999844e-03 5.246999999999999928e-03 9.999839999999999840e-01 -9.611799999999999511e-02 9.953570000000000473e-01 -5.022000000000000422e-03 -9.953680000000000305e-01 -9.610599999999999699e-02 2.585000000000000058e-03
2.400000000000000000e+01 2.100000000000000000e+01 6.000000000000000000e+01 0.000000000000000000e+00 1.600000000000000089e+00 1.959999999999999937e-04 1.659000000000000101e-03 9.999989999999999712e-01 -9.634800000000000308e-02 9.953459999999999530e-01 -1.631999999999999987e-03 -9.953480000000000105e-01 -9.634700000000000208e-02 3.550000000000000096e-04
2.800000000000000000e+01 2.100000000000000000e+01 6.000000000000000000e+01 0.000000000000000000e+00 1.600000000000000089e+00 -7.849999999999999990e-04 2.350999999999999791e-03 9.999970000000000248e-01 -9.471400000000000652e-02 9.955019999999999980e-01 -2.413999999999999913e-03 -9.955039999999999445e-01 -9.471599999999999464e-02 -5.590000000000000351e-04
2.300000000000000000e+01 6.000000000000000000e+00 6.100000000000000000e+01 0.000000000000000000e+00 1.600000000000000089e+00 -6.859999999999999779e-04 9.719999999999999907e-04 9.999989999999999712e-01 5.604219999999999757e-01 -8.282070000000000265e-01 1.188999999999999953e-03 8.282070000000000265e-01 5.604219999999999757e-01 2.400000000000000061e-05
2.900000000000000000e+01 6.000000000000000000e+00 6.100000000000000000e+01 0.000000000000000000e+00 1.600000000000000089e+00 1.206999999999999957e-03 2.402000000000000055e-03 9.999959999999999960e-01 5.582759999999999945e-01 -8.296550000000000313e-01 1.319000000000000077e-03 8.296550000000000313e-01 5.582719999999999905e-01 -2.341999999999999898e-03
1.300000000000000000e+01 3.000000000000000000e+00 6.300000000000000000e+01 0.000000000000000000e+00 1.600000000000000089e+00 -2.949999999999999931e-03 1.721000000000000090e-03 9.999940000000000495e-01 -6.125559999999999894e-01 7.904210000000000402e-01 -3.167000000000000110e-03 -7.904219999999999580e-01 -6.125610000000000221e-01 -1.278000000000000056e-03
8.000000000000000000e+00 2.700000000000000000e+01 6.300000000000000000e+01 0.000000000000000000e+00 1.600000000000000089e+00 7.929999999999999766e-04 6.600000000000000506e-05 1.000000000000000000e+00 -2.808559999999999945e-01 9.597499999999999920e-01 1.589999999999999888e-04 -9.597499999999999920e-01 -2.808559999999999945e-01 7.799999999999999859e-04
1.500000000000000000e+01 2.700000000000000000e+01 6.300000000000000000e+01 0.000000000000000000e+00 1.600000000000000089e+00 -8.980000000000000352e-04 3.204999999999999950e-03 9.999949999999999672e-01 -2.794380000000000197e-01 9.601579999999999560e-01 -3.328999999999999928e-03 -9.601629999999999887e-01 -2.794400000000000217e-01 3.300000000000000253e-05
1.900000000000000000e+01 2.700000000000000000e+01 6.300000000000000000e+01 0.000000000000000000e+00 1.600000000000000089e+00 5.000000000000000409e-06 -2.321000000000000146e-03 9.999970000000000248e-01 -2.794340000000000157e-01 9.601619999999999600e-01 2.230000000000000211e-03 -9.601650000000000462e-01 -2.794340000000000157e-01 -6.440000000000000412e-04
2.600000000000000000e+01 2.700000000000000000e+01 6.300000000000000000e+01 0.000000000000000000e+00 1.600000000000000089e+00 -2.689999999999999791e-04 -1.769999999999999926e-04 1.000000000000000000e+00 -2.783630000000000271e-01 9.604759999999999964e-01 9.500000000000000523e-05 -9.604759999999999964e-01 -2.783630000000000271e-01 -3.080000000000000055e-04
2.900000000000000000e+01 2.700000000000000000e+01 6.300000000000000000e+01 0.000000000000000000e+00 1.600000000000000089e+00 2.999999999999999737e-04 1.827000000000000065e-03 9.999980000000000535e-01 -2.779630000000000156e-01 9.605900000000000549e-01 -1.672000000000000092e-03 -9.605920000000000014e-01 -2.779619999999999869e-01 7.960000000000000495e-04
6.000000000000000000e+00 2.600000000000000000e+01 6.400000000000000000e+01 0.000000000000000000e+00 1.600000000000000089e+00 -2.020000000000000040e-04 -5.190000000000000386e-04 1.000000000000000000e+00 -3.612290000000000223e-01 9.324770000000000003e-01 4.110000000000000155e-04 -9.324770000000000003e-01 -3.612290000000000223e-01 -3.759999999999999779e-04
9.000000000000000000e+00 2.600000000000000000e+01 6.400000000000000000e+01 0.000000000000000000e+00 1.600000000000000089e+00 1.838999999999999923e-03 2.262000000000000122e-03 9.999959999999999960e-01 -3.642810000000000215e-01 9.312880000000000047e-01 -1.436999999999999909e-03 -9.312869999999999759e-01 -3.642770000000000175e-01 2.536000000000000060e-03
1.400000000000000000e+01 2.600000000000000000e+01 6.400000000000000000e+01 0.000000000000000000e+00 1.600000000000000089e+00 -4.180000000000000230e-04 4.663999999999999743e-03 9.999890000000000168e-01 -3.635450000000000070e-01 9.315660000000000052e-01 -4.497000000000000129e-03 -9.315759999999999597e-01 -3.635430000000000050e-01 1.306000000000000086e-03
2.000000000000000000e+01 2.600000000000000000e+01 6.400000000000000000e+01 0.000000000000000000e+00 1.600000000000000089e+00 -8.899999999999999491e-05 -4.056999999999999842e-03 9.999919999999999920e-01 -3.630999999999999783e-01 9.317429999999999879e-01 3.746999999999999897e-03 -9.317499999999999671e-01 -3.630959999999999743e-01 -1.556000000000000091e-03
2.500000000000000000e+01 2.600000000000000000e+01 6.400000000000000000e+01 0.000000000000000000e+00 1.600000000000000089e+00 -3.930000000000000117e-04 -1.510000000000000112e-04 1.000000000000000000e+00 -3.643799999999999817e-01 9.312500000000000222e-01 -1.999999999999999909e-06 -9.312500000000000222e-01 -3.643799999999999817e-01 -4.209999999999999875e-04
3.000000000000000000e+00 6.900000000000000000e+01 6.600000000000000000e+01 0.000000000000000000e+00 1.600000000000000089e+00 2.162499999999999839e-02 -1.359999999999999924e-02 9.996739999999999515e-01 -9.520960000000000534e-01 3.047980000000000134e-01 2.474300000000000110e-02 -3.050350000000000006e-01 -9.523200000000000554e-01 -6.356999999999999804e-03
1.100000000000000000e+01 6.900000000000000000e+01 6.600000000000000000e+01 0.000000000000000000e+00 1.600000000000000089e+00 5.465000000000000240e-03 -8.180000000000000422e-04 9.999850000000000128e-01 -9.532840000000000202e-01 3.020260000000000167e-01 5.457000000000000045e-03 -3.020249999999999879e-01 -9.532990000000000075e-01 8.710000000000000294e-04
1.500000000000000000e+01 3.100000000000000000e+01 7.100000000000000000e+01 0.000000000000000000e+00 1.600000000000000089e+00 5.039999999999999992e-04 4.650000000000000270e-04 -1.000000000000000000e+00 -7.107510000000000217e-01 -7.034439999999999582e-01 -6.849999999999999535e-04 -7.034439999999999582e-01 7.107510000000000217e-01 -2.400000000000000061e-05
2.700000000000000000e+01 3.100000000000000000e+01 7.100000000000000000e+01 0.000000000000000000e+00 1.600000000000000089e+00 1.541999999999999968e-03 3.542000000000000010e-03 -9.999930000000000208e-01 -7.172490000000000254e-01 -6.968079999999999830e-01 -3.573999999999999920e-03 -6.968159999999999910e-01 7.172490000000000254e-01 1.466000000000000072e-03
