5.000000000000000000e+00 1.600000000000000000e+01 4.000000000000000000e+00 0.000000000000000000e+00 1.600000000000000089e+00 1.075000000000000001e-03 -1.301399999999999953e-02 9.999149999999999983e-01 3.189969999999999750e-01 -9.476710000000000411e-01 -1.267700000000000077e-02 9.477550000000000141e-01 3.189839999999999898e-01 3.132999999999999934e-03
9.000000000000000000e+00 1.600000000000000000e+01 4.000000000000000000e+00 0.000000000000000000e+00 1.600000000000000089e+00 1.640000000000000019e-04 -1.217599999999999932e-02 9.999259999999999815e-01 3.160729999999999928e-01 -9.486639999999999517e-01 -1.160399999999999973e-02 9.487349999999999950e-01 3.160510000000000264e-01 3.693000000000000102e-03
2.100000000000000000e+01 1.600000000000000000e+01 4.000000000000000000e+00 0.000000000000000000e+00 1.600000000000000089e+00 -1.938000000000000052e-03 -1.175799999999999935e-02 9.999289999999999567e-01 3.150510000000000255e-01 -9.490159999999999707e-01 -1.054899999999999935e-02 9.490730000000000555e-01 3.150089999999999835e-01 5.544000000000000317e-03
2.600000000000000000e+01 1.600000000000000000e+01 4.000000000000000000e+00 0.000000000000000000e+00 1.600000000000000089e+00 3.256999999999999913e-03 -1.237500000000000058e-02 9.999179999999999735e-01 3.144959999999999978e-01 -9.491730000000000445e-01 -1.277099999999999937e-02 9.492530000000000134e-01 3.145120000000000138e-01 8.000000000000000383e-04
1.700000000000000000e+01 1.010000000000000000e+02 7.000000000000000000e+00 0.000000000000000000e+00 1.600000000000000089e+00 -1.069999999999999988e-04 -9.518999999999999684e-03 9.999550000000000383e-01 8.865389999999999660e-01 4.626319999999999877e-01 4.498000000000000262e-03 -4.626540000000000097e-01 8.864990000000000370e-01 8.389000000000000623e-03
2.200000000000000000e+01 1.010000000000000000e+02 7.000000000000000000e+00 0.000000000000000000e+00 1.600000000000000089e+00 2.870999999999999854e-03 4.035999999999999657e-03 9.999879999999999880e-01 8.856880000000000308e-01 4.642609999999999792e-01 -4.416999999999999919e-03 -4.642729999999999912e-01 8.856889999999999485e-01 -2.242000000000000069e-03
2.900000000000000000e+01 1.010000000000000000e+02 7.000000000000000000e+00 0.000000000000000000e+00 1.600000000000000089e+00 1.193000000000000050e-03 -1.675999999999999972e-03 9.999980000000000535e-01 8.874959999999999516e-01 4.608160000000000034e-01 -2.869999999999999830e-04 -4.608140000000000014e-01 8.874940000000000051e-01 2.037000000000000182e-03
1.900000000000000000e+01 1.500000000000000000e+01 8.000000000000000000e+00 0.000000000000000000e+00 1.600000000000000089e+00 -3.536000000000000081e-03 -1.027100000000000062e-02 -9.999409999999999688e-01 -5.663939999999999531e-01 -8.240680000000000227e-01 1.046700000000000061e-02 -8.241270000000000540e-01 5.663979999999999571e-01 -2.903999999999999897e-03
2.300000000000000000e+01 1.500000000000000000e+01 8.000000000000000000e+00 0.000000000000000000e+00 1.600000000000000089e+00 -4.495999999999999996e-03 -9.263999999999999665e-03 -9.999470000000000303e-01 -5.655480000000000507e-01 -8.246520000000000516e-01 1.018299999999999934e-02 -8.247029999999999639e-01 5.655639999999999556e-01 -1.531999999999999942e-03
2.600000000000000000e+01 1.500000000000000000e+01 8.000000000000000000e+00 0.000000000000000000e+00 1.600000000000000089e+00 -7.540999999999999960e-03 -9.898999999999999813e-03 -9.999230000000000063e-01 -5.655019999999999492e-01 -8.246529999999999694e-01 1.242799999999999981e-02 -8.247120000000000006e-01 5.655520000000000547e-01 6.210000000000000242e-04
2.900000000000000000e+01 1.500000000000000000e+01 8.000000000000000000e+00 0.000000000000000000e+00 1.600000000000000089e+00 -8.489000000000000018e-03 -8.458999999999999506e-03 -9.999280000000000390e-01 -5.663939999999999531e-01 -8.240509999999999780e-01 1.178000000000000054e-02 -8.240910000000000180e-01 5.664529999999999843e-01 2.203999999999999796e-03
5.000000000000000000e+00 2.600000000000000000e+01 8.000000000000000000e+00 0.000000000000000000e+00 1.600000000000000089e+00 -2.109000000000000197e-03 1.502999999999999996e-02 -9.998850000000000238e-01 4.250590000000000201e-01 9.050770000000000204e-01 1.270800000000000055e-02 9.051630000000000509e-01 -4.249829999999999997e-01 -8.297000000000000555e-03
1.000000000000000000e+01 2.600000000000000000e+01 8.000000000000000000e+00 0.000000000000000000e+00 1.600000000000000089e+00 4.353000000000000098e-03 -1.047999999999999973e-02 -9.999360000000000470e-01 4.271949999999999914e-01 9.041280000000000427e-01 -7.616000000000000374e-03 9.041489999999999805e-01 -4.271340000000000137e-01 8.413000000000000339e-03
1.600000000000000000e+01 2.600000000000000000e+01 8.000000000000000000e+00 0.000000000000000000e+00 1.600000000000000089e+00 2.099000000000000171e-03 4.224999999999999589e-03 -9.999890000000000168e-01 4.252940000000000054e-01 9.050430000000000419e-01 4.715999999999999706e-03 9.050529999999999964e-01 -4.252989999999999826e-01 1.029999999999999964e-04
2.300000000000000000e+01 2.600000000000000000e+01 8.000000000000000000e+00 0.000000000000000000e+00 1.600000000000000089e+00 1.897999999999999948e-03 8.276000000000000370e-03 -9.999639999999999640e-01 4.237199999999999855e-01 9.057549999999999768e-01 8.300999999999999351e-03 9.057910000000000128e-01 -4.237199999999999855e-01 -1.788000000000000093e-03
2.800000000000000000e+01 2.600000000000000000e+01 8.000000000000000000e+00 0.000000000000000000e+00 1.600000000000000089e+00 4.939999999999999947e-03 2.686200000000000046e-02 -9.996270000000000433e-01 4.212489999999999846e-01 9.065590000000000037e-01 2.644200000000000023e-02 9.069310000000000427e-01 -4.212230000000000141e-01 -6.837000000000000195e-03
3.000000000000000000e+00 1.400000000000000000e+01 9.000000000000000000e+00 0.000000000000000000e+00 1.600000000000000089e+00 -4.629999999999999784e-04 -3.550000000000000096e-04 -1.000000000000000000e+00 -5.561749999999999750e-01 -8.310650000000000537e-01 5.529999999999999976e-04 -8.310650000000000537e-01 5.561749999999999750e-01 1.869999999999999917e-04
9.000000000000000000e+00 1.400000000000000000e+01 9.000000000000000000e+00 0.000000000000000000e+00 1.600000000000000089e+00 -3.063999999999999883e-03 -1.236199999999999972e-02 -9.999190000000000023e-01 -5.586609999999999632e-01 -8.293099999999999916e-01 1.196499999999999994e-02 -8.293899999999999606e-01 5.586529999999999552e-01 -4.364999999999999956e-03
1.700000000000000000e+01 1.400000000000000000e+01 9.000000000000000000e+00 0.000000000000000000e+00 1.600000000000000089e+00 -2.922000000000000118e-03 -5.667000000000000162e-03 -9.999799999999999800e-01 -5.607779999999999987e-01 -8.279419999999999558e-01 6.330999999999999822e-03 -8.279609999999999470e-01 5.607849999999999779e-01 -7.590000000000000175e-04
2.300000000000000000e+01 1.400000000000000000e+01 9.000000000000000000e+00 0.000000000000000000e+00 1.600000000000000089e+00 -5.102999999999999897e-03 -1.131000000000000061e-02 -9.999230000000000063e-01 -5.616090000000000249e-01 -8.273120000000000474e-01 1.222299999999999949e-02 -8.273869999999999836e-01 5.616280000000000161e-01 -2.129999999999999949e-03
2.000000000000000000e+00 1.020000000000000000e+02 9.000000000000000000e+00 0.000000000000000000e+00 1.600000000000000089e+00 -8.419999999999999750e-04 2.818000000000000192e-03 9.999959999999999960e-01 9.250770000000000381e-01 3.797800000000000065e-01 -2.910000000000000260e-04 -3.797789999999999777e-01 9.250720000000000054e-01 -2.926000000000000215e-03
4.000000000000000000e+00 1.040000000000000000e+02 1.100000000000000000e+01 0.000000000000000000e+00 1.600000000000000089e+00 -2.020000000000000094e-03 4.589999999999999896e-04 9.999980000000000535e-01 -9.728470000000000173e-01 -2.314420000000000088e-01 -1.858999999999999975e-03 2.314410000000000078e-01 -9.728489999999999638e-01 9.139999999999999904e-04
2.700000000000000000e+01 3.100000000000000000e+01 1.200000000000000000e+01 0.000000000000000000e+00 1.600000000000000089e+00 1.838000000000000007e-03 1.502000000000000080e-03 9.999970000000000248e-01 -1.521800000000000062e-02 9.998829999999999663e-01 -1.474000000000000050e-03 -9.998829999999999663e-01 -1.521499999999999936e-02 1.860000000000000108e-03
4.000000000000000000e+00 3.200000000000000000e+01 1.400000000000000000e+01 0.000000000000000000e+00 1.600000000000000089e+00 -1.859500000000000042e-02 5.375300000000000217e-02 -9.983809999999999629e-01 9.003700000000000592e-02 9.945869999999999989e-01 5.187200000000000144e-02 9.957650000000000112e-01 -8.892700000000000604e-02 -2.333500000000000157e-02
8.000000000000000000e+00 3.200000000000000000e+01 1.400000000000000000e+01 0.000000000000000000e+00 1.600000000000000089e+00 1.871300000000000047e-02 -4.053899999999999865e-02 -9.990029999999999744e-01 9.216900000000000093e-02 9.949930000000000163e-01 -3.864999999999999686e-02 9.955680000000000085e-01 -9.135400000000000464e-02 2.235499999999999987e-02
1.900000000000000000e+01 1.200000000000000000e+01 1.500000000000000000e+01 0.000000000000000000e+00 1.600000000000000089e+00 -8.419999999999999750e-04 -5.118000000000000153e-03 -9.999869999999999592e-01 -4.653510000000000146e-01 -8.851130000000000386e-01 4.922000000000000160e-03 -8.851259999999999684e-01 4.653490000000000126e-01 -1.637000000000000000e-03
2.500000000000000000e+01 1.200000000000000000e+01 1.500000000000000000e+01 0.000000000000000000e+00 1.600000000000000089e+00 -3.957999999999999713e-03 -6.817000000000000143e-03 -9.999689999999999968e-01 -4.687520000000000020e-01 -8.832950000000000523e-01 7.877000000000000321e-03 -8.833210000000000228e-01 4.687689999999999912e-01 2.999999999999999737e-04
5.000000000000000000e+00 2.000000000000000000e+00 1.900000000000000000e+01 0.000000000000000000e+00 1.600000000000000089e+00 -1.015999999999999976e-03 4.074000000000000364e-03 -9.999909999999999632e-01 1.322309999999999874e-01 -9.912100000000000355e-01 -4.172000000000000361e-03 -9.912180000000000435e-01 -1.322339999999999904e-01 4.679999999999999915e-04
8.000000000000000000e+00 2.000000000000000000e+00 1.900000000000000000e+01 0.000000000000000000e+00 1.600000000000000089e+00 -7.140000000000000079e-04 5.063999999999999925e-03 -9.999869999999999592e-01 1.331789999999999918e-01 -9.910790000000000433e-01 -5.113999999999999622e-03 -9.910919999999999730e-01 -1.331799999999999928e-01 3.300000000000000253e-05
1.700000000000000000e+01 2.000000000000000000e+00 1.900000000000000000e+01 0.000000000000000000e+00 1.600000000000000089e+00 -1.060000000000000016e-04 -1.301999999999999989e-03 -9.999989999999999712e-01 1.375339999999999896e-01 -9.904960000000000431e-01 1.275000000000000092e-03 -9.904969999999999608e-01 -1.375329999999999886e-01 2.840000000000000185e-04
1.900000000000000000e+01 2.000000000000000000e+00 1.900000000000000000e+01 0.000000000000000000e+00 1.600000000000000089e+00 -6.059999999999999849e-04 -1.765000000000000076e-03 -9.999980000000000535e-01 1.415379999999999971e-01 -9.899310000000000054e-01 1.660999999999999933e-03 -9.899329999999999519e-01 -1.415369999999999961e-01 8.499999999999999526e-04
2.200000000000000000e+01 2.000000000000000000e+00 1.900000000000000000e+01 0.000000000000000000e+00 1.600000000000000089e+00 -1.417999999999999990e-03 -1.170999999999999949e-03 -9.999980000000000535e-01 1.458359999999999934e-01 -9.893079999999999652e-01 9.520000000000000467e-04 -9.893079999999999652e-01 -1.458339999999999914e-01 1.574000000000000095e-03
2.000000000000000000e+00 1.300000000000000000e+01 2.000000000000000000e+01 0.000000000000000000e+00 1.600000000000000089e+00 1.028999999999999967e-03 4.023999999999999799e-03 9.999909999999999632e-01 2.487000000000000044e-01 9.685719999999999885e-01 -4.153999999999999707e-03 -9.685799999999999965e-01 2.487020000000000064e-01 -3.999999999999999819e-06
1.400000000000000000e+01 1.300000000000000000e+01 2.000000000000000000e+01 0.000000000000000000e+00 1.600000000000000089e+00 -1.984000000000000086e-03 -3.836000000000000000e-03 9.999909999999999632e-01 2.519199999999999773e-01 9.677390000000000159e-01 4.211999999999999598e-03 -9.677459999999999951e-01 2.519259999999999833e-01 -9.539999999999999869e-04
2.000000000000000000e+01 1.300000000000000000e+01 2.000000000000000000e+01 0.000000000000000000e+00 1.600000000000000089e+00 4.449999999999999746e-04 -1.337000000000000081e-03 9.999989999999999712e-01 2.518659999999999788e-01 9.677620000000000111e-01 1.182000000000000108e-03 -9.677620000000000111e-01 2.518650000000000055e-01 7.669999999999999951e-04
2.600000000000000000e+01 1.300000000000000000e+01 2.000000000000000000e+01 0.000000000000000000e+00 1.600000000000000089e+00 9.499999999999999981e-04 3.634000000000000077e-03 9.999930000000000208e-01 2.528389999999999804e-01 9.675010000000000554e-01 -3.755999999999999790e-03 -9.675080000000000346e-01 2.528400000000000092e-01 9.999999999999999547e-07
1.700000000000000000e+01 1.600000000000000000e+01 2.100000000000000000e+01 0.000000000000000000e+00 1.600000000000000089e+00 -5.289999999999999564e-04 -5.368000000000000375e-03 9.999850000000000128e-01 2.998930000000000207e-01 9.539579999999999727e-01 5.278999999999999838e-03 -9.539729999999999599e-01 2.998919999999999919e-01 1.105000000000000079e-03
2.100000000000000000e+01 4.600000000000000000e+01 2.700000000000000000e+01 0.000000000000000000e+00 1.600000000000000089e+00 1.804999999999999964e-03 4.960000000000000216e-04 -9.999980000000000535e-01 6.654679999999999485e-01 7.464250000000000052e-01 1.570999999999999914e-03 7.464250000000000052e-01 -6.654689999999999772e-01 1.016999999999999892e-03
2.800000000000000000e+01 4.600000000000000000e+01 2.700000000000000000e+01 0.000000000000000000e+00 1.600000000000000089e+00 1.577000000000000060e-03 2.190000000000000106e-03 -9.999959999999999960e-01 6.743440000000000545e-01 7.384119999999999573e-01 2.680999999999999790e-03 7.384159999999999613e-01 -6.743460000000000010e-01 -3.119999999999999944e-04
6.000000000000000000e+00 4.600000000000000000e+01 3.000000000000000000e+01 0.000000000000000000e+00 1.600000000000000089e+00 1.910999999999999938e-03 1.528999999999999977e-03 -9.999970000000000248e-01 3.267650000000000277e-01 9.451030000000000264e-01 2.069999999999999792e-03 9.451040000000000552e-01 -3.267680000000000029e-01 1.307000000000000002e-03
1.300000000000000000e+01 4.600000000000000000e+01 3.000000000000000000e+01 0.000000000000000000e+00 1.600000000000000089e+00 -8.289999999999999843e-04 -1.461000000000000059e-03 -9.999989999999999712e-01 3.233759999999999968e-01 9.462690000000000268e-01 -1.650999999999999907e-03 9.462699999999999445e-01 -3.233770000000000255e-01 -3.119999999999999944e-04
2.300000000000000000e+01 4.600000000000000000e+01 3.000000000000000000e+01 0.000000000000000000e+00 1.600000000000000089e+00 8.069999999999999916e-04 1.119999999999999983e-04 -1.000000000000000000e+00 3.241049999999999764e-01 9.460210000000000008e-01 3.680000000000000003e-04 9.460210000000000008e-01 -3.241049999999999764e-01 7.269999999999999987e-04
2.700000000000000000e+01 4.600000000000000000e+01 3.000000000000000000e+01 0.000000000000000000e+00 1.600000000000000089e+00 -5.039999999999999992e-04 4.360000000000000269e-04 -1.000000000000000000e+00 3.295080000000000231e-01 9.441530000000000200e-01 2.460000000000000164e-04 9.441530000000000200e-01 -3.295080000000000231e-01 -6.199999999999999999e-04
2.000000000000000000e+00 5.800000000000000000e+01 3.100000000000000000e+01 0.000000000000000000e+00 1.600000000000000089e+00 1.031999999999999931e-03 6.570000000000000319e-04 9.999989999999999712e-01 -7.594509999999999872e-01 -6.505630000000000024e-01 1.211000000000000054e-03 6.505640000000000311e-01 -7.594520000000000159e-01 -1.720000000000000066e-04
1.000000000000000000e+01 5.800000000000000000e+01 3.100000000000000000e+01 0.000000000000000000e+00 1.600000000000000089e+00 -3.618999999999999821e-03 -4.954000000000000070e-03 9.999810000000000088e-01 -7.700960000000000027e-01 -6.379010000000000513e-01 -5.947000000000000029e-03 6.379179999999999851e-01 -7.701029999999999820e-01 -1.507000000000000093e-03
1.300000000000000000e+01 5.800000000000000000e+01 3.100000000000000000e+01 0.000000000000000000e+00 1.600000000000000089e+00 -3.893999999999999892e-03 -4.837000000000000154e-03 9.999810000000000088e-01 -7.709120000000000417e-01 -6.369120000000000337e-01 -6.082999999999999866e-03 6.369289999999999674e-01 -7.709209999999999674e-01 -1.248999999999999893e-03
1.600000000000000000e+01 5.800000000000000000e+01 3.100000000000000000e+01 0.000000000000000000e+00 1.600000000000000089e+00 -5.525999999999999662e-03 -4.354000000000000231e-03 9.999749999999999472e-01 -7.698169999999999735e-01 -6.382250000000000423e-01 -7.033000000000000189e-03 6.382400000000000295e-01 -7.698369999999999935e-01 1.749999999999999982e-04
2.000000000000000000e+01 5.800000000000000000e+01 3.100000000000000000e+01 0.000000000000000000e+00 1.600000000000000089e+00 -4.584000000000000401e-03 -5.418000000000000073e-03 9.999749999999999472e-01 -7.713309999999999889e-01 -6.363959999999999617e-01 -6.983999999999999757e-03 6.364180000000000392e-01 -7.713440000000000296e-01 -1.262000000000000101e-03
2.300000000000000000e+01 5.800000000000000000e+01 3.100000000000000000e+01 0.000000000000000000e+00 1.600000000000000089e+00 -2.216999999999999787e-03 -5.091000000000000039e-03 9.999850000000000128e-01 -7.726939999999999920e-01 -6.347589999999999621e-01 -4.944999999999999743e-03 6.347749999999999782e-01 -7.726929999999999632e-01 -2.526000000000000034e-03
1.000000000000000000e+00 6.000000000000000000e+00 3.200000000000000000e+01 0.000000000000000000e+00 1.600000000000000089e+00 1.069999999999999988e-04 6.530000000000000431e-04 -1.000000000000000000e+00 2.423319999999999919e-01 9.701929999999999721e-01 6.589999999999999721e-04 9.701929999999999721e-01 -2.423319999999999919e-01 -5.399999999999999798e-05
1.600000000000000000e+01 6.000000000000000000e+00 3.200000000000000000e+01 0.000000000000000000e+00 1.600000000000000089e+00 1.551000000000000078e-03 1.948999999999999995e-03 -9.999970000000000248e-01 2.298250000000000015e-01 9.732290000000000108e-01 2.253999999999999927e-03 9.732309999999999572e-01 -2.298280000000000045e-01 1.062000000000000010e-03
2.600000000000000000e+01 6.000000000000000000e+00 3.200000000000000000e+01 0.000000000000000000e+00 1.600000000000000089e+00 -4.209999999999999875e-04 4.151000000000000176e-03 -9.999909999999999632e-01 1.972019999999999884e-01 9.803549999999999764e-01 3.985999999999999960e-03 9.803629999999999844e-01 -1.971990000000000132e-01 -1.231000000000000106e-03
2.000000000000000000e+00 2.200000000000000000e+01 3.400000000000000000e+01 0.000000000000000000e+00 1.600000000000000089e+00 1.309000000000000051e-03 -3.425999999999999792e-03 9.999930000000000208e-01 3.799449999999999772e-01 -9.250019999999999909e-01 -3.667000000000000121e-03 9.250080000000000524e-01 3.799480000000000079e-01 9.100000000000000287e-05
8.000000000000000000e+00 4.600000000000000000e+01 3.500000000000000000e+01 0.000000000000000000e+00 1.600000000000000089e+00 -8.649999999999999920e-04 -9.600000000000000243e-05 -1.000000000000000000e+00 3.871859999999999746e-01 -9.220019999999999882e-01 -2.469999999999999865e-04 -9.220009999999999595e-01 -3.871859999999999746e-01 8.339999999999999974e-04
1.300000000000000000e+01 4.600000000000000000e+01 3.500000000000000000e+01 0.000000000000000000e+00 1.600000000000000089e+00 -1.700000000000000122e-04 -5.178999999999999576e-03 -9.999869999999999592e-01 3.853269999999999751e-01 -9.227680000000000327e-01 4.714000000000000308e-03 -9.227800000000000447e-01 -3.853210000000000246e-01 2.152999999999999966e-03
1.800000000000000000e+01 4.600000000000000000e+01 3.500000000000000000e+01 0.000000000000000000e+00 1.600000000000000089e+00 -7.720000000000000083e-04 7.960000000000000495e-04 -9.999989999999999712e-01 3.854830000000000201e-01 -9.227140000000000342e-01 -1.031999999999999931e-03 -9.227149999999999519e-01 -3.854830000000000201e-01 4.060000000000000024e-04
2.100000000000000000e+01 4.600000000000000000e+01 3.500000000000000000e+01 0.000000000000000000e+00 1.600000000000000089e+00 6.059999999999999849e-04 -2.118000000000000091e-03 -9.999980000000000535e-01 3.869179999999999842e-01 -9.221110000000000140e-01 2.187999999999999841e-03 -9.221139999999999892e-01 -3.869190000000000129e-01 2.610000000000000015e-04
2.800000000000000000e+01 4.600000000000000000e+01 3.500000000000000000e+01 0.000000000000000000e+00 1.600000000000000089e+00 1.789999999999999870e-04 5.845000000000000369e-03 -9.999829999999999552e-01 3.867289999999999894e-01 -9.221780000000000532e-01 -5.321000000000000209e-03 -9.221939999999999582e-01 -3.867209999999999814e-01 -2.425000000000000072e-03
1.000000000000000000e+01 9.500000000000000000e+01 3.600000000000000000e+01 0.000000000000000000e+00 1.600000000000000089e+00 -3.648000000000000201e-03 -7.523000000000000173e-03 9.999649999999999928e-01 9.963199999999999834e-01 8.560600000000000154e-02 4.278999999999999818e-03 -8.563500000000000278e-02 9.963009999999999922e-01 7.183000000000000149e-03
1.500000000000000000e+01 9.500000000000000000e+01 3.600000000000000000e+01 0.000000000000000000e+00 1.600000000000000089e+00 -9.049999999999999885e-04 -2.827999999999999785e-03 9.999959999999999960e-01 9.963490000000000402e-01 8.536599999999999744e-02 1.142999999999999919e-03 -8.536900000000000044e-02 9.963459999999999539e-01 2.739999999999999814e-03
1.800000000000000000e+01 9.500000000000000000e+01 3.600000000000000000e+01 0.000000000000000000e+00 1.600000000000000089e+00 -1.510000000000000112e-04 -7.830999999999999420e-03 9.999689999999999968e-01 9.961830000000000407e-01 8.728400000000000047e-02 8.339999999999999974e-04 -8.728800000000000447e-02 9.961529999999999552e-01 7.787999999999999784e-03
2.500000000000000000e+01 9.500000000000000000e+01 3.600000000000000000e+01 0.000000000000000000e+00 1.600000000000000089e+00 6.217000000000000304e-03 9.331000000000000752e-03 9.999369999999999647e-01 9.965429999999999566e-01 8.278199999999999448e-02 -6.969000000000000368e-03 -8.284199999999999897e-02 9.965239999999999654e-01 -8.784000000000000141e-03
2.800000000000000000e+01 9.500000000000000000e+01 3.600000000000000000e+01 0.000000000000000000e+00 1.600000000000000089e+00 4.342000000000000373e-03 -1.430000000000000064e-03 9.999900000000000455e-01 9.960630000000000317e-01 8.854499999999999871e-02 -4.198000000000000342e-03 -8.853800000000000558e-02 9.960710000000000397e-01 1.809000000000000061e-03
5.000000000000000000e+00 3.000000000000000000e+00 4.300000000000000000e+01 0.000000000000000000e+00 1.600000000000000089e+00 8.490000000000000368e-04 1.106999999999999998e-02 -9.999379999999999935e-01 7.385620000000000518e-01 -6.741500000000000270e-01 -6.836000000000000063e-03 -6.741850000000000342e-01 -7.385110000000000285e-01 -8.748000000000000567e-03
1.200000000000000000e+01 3.000000000000000000e+00 4.300000000000000000e+01 0.000000000000000000e+00 1.600000000000000089e+00 -1.389999999999999905e-04 -1.557000000000000007e-03 -9.999989999999999712e-01 7.358660000000000201e-01 -6.771270000000000344e-01 9.520000000000000467e-04 -6.771270000000000344e-01 -7.358649999999999913e-01 1.240000000000000000e-03
2.000000000000000000e+01 3.000000000000000000e+00 4.300000000000000000e+01 0.000000000000000000e+00 1.600000000000000089e+00 2.149999999999999947e-04 1.146100000000000070e-02 -9.999339999999999895e-01 7.372229999999999617e-01 -6.756060000000000398e-01 -7.584999999999999729e-03 -6.756490000000000551e-01 -7.371729999999999672e-01 -8.593999999999999209e-03
2.700000000000000000e+01 3.000000000000000000e+00 4.300000000000000000e+01 0.000000000000000000e+00 1.600000000000000089e+00 7.172999999999999689e-03 1.752000000000000085e-02 -9.998209999999999598e-01 7.298010000000000330e-01 -6.836259999999999559e-01 -6.743999999999999995e-03 -6.836219999999999519e-01 -7.296219999999999928e-01 -1.769000000000000086e-02
2.900000000000000000e+01 3.000000000000000000e+00 4.300000000000000000e+01 0.000000000000000000e+00 1.600000000000000089e+00 1.003399999999999952e-02 8.630000000000000518e-03 -9.999120000000000230e-01 7.296300000000000008e-01 -6.838400000000000034e-01 1.420000000000000038e-03 -6.837680000000000424e-01 -7.295810000000000350e-01 -1.315799999999999956e-02
1.000000000000000000e+00 8.000000000000000000e+00 4.400000000000000000e+01 0.000000000000000000e+00 1.600000000000000089e+00 1.428999999999999932e-03 1.541000000000000052e-03 9.999980000000000535e-01 -7.743259999999999588e-01 -6.327829999999999844e-01 2.080999999999999951e-03 6.327850000000000419e-01 -7.743269999999999875e-01 2.889999999999999774e-04
2.000000000000000000e+01 8.000000000000000000e+00 4.400000000000000000e+01 0.000000000000000000e+00 1.600000000000000089e+00 8.869999999999999846e-04 4.743999999999999953e-03 9.999879999999999880e-01 -7.684010000000000007e-01 -6.399580000000000268e-01 3.716999999999999818e-03 6.399690000000000101e-01 -7.683950000000000502e-01 3.076999999999999874e-03
4.000000000000000000e+00 2.900000000000000000e+01 4.400000000000000000e+01 0.000000000000000000e+00 1.600000000000000089e+00 -1.492999999999999969e-03 -3.003000000000000027e-03 -9.999940000000000495e-01 6.567370000000000152e-01 7.541130000000000333e-01 -3.245000000000000055e-03 7.541179999999999550e-01 -6.567380000000000440e-01 8.459999999999999638e-04
1.200000000000000000e+01 2.900000000000000000e+01 4.400000000000000000e+01 0.000000000000000000e+00 1.600000000000000089e+00 -1.210000000000000002e-04 -4.255000000000000102e-03 -9.999909999999999632e-01 6.598840000000000261e-01 7.513600000000000279e-01 -3.276999999999999965e-03 7.513670000000000071e-01 -6.598789999999999933e-01 2.716999999999999797e-03
1.500000000000000000e+01 2.900000000000000000e+01 4.400000000000000000e+01 0.000000000000000000e+00 1.600000000000000089e+00 -1.286999999999999950e-03 -7.275000000000000216e-03 -9.999730000000000008e-01 6.596509999999999874e-01 7.515460000000000473e-01 -6.316999999999999699e-03 7.515709999999999891e-01 -6.596410000000000329e-01 3.831999999999999903e-03
1.900000000000000000e+01 2.900000000000000000e+01 4.400000000000000000e+01 0.000000000000000000e+00 1.600000000000000089e+00 -9.600000000000000243e-05 -4.872999999999999728e-03 -9.999879999999999880e-01 6.597239999999999771e-01 7.514990000000000281e-01 -3.725000000000000012e-03 7.515079999999999538e-01 -6.597169999999999979e-01 3.142999999999999960e-03
2.900000000000000000e+01 2.900000000000000000e+01 4.400000000000000000e+01 0.000000000000000000e+00 1.600000000000000089e+00 4.867999999999999931e-03 2.371999999999999977e-03 -9.999850000000000128e-01 6.706959999999999589e-01 7.417150000000000132e-01 5.024999999999999953e-03 7.417160000000000419e-01 -6.707109999999999461e-01 2.020000000000000094e-03
1.500000000000000000e+01 7.000000000000000000e+01 4.700000000000000000e+01 0.000000000000000000e+00 1.600000000000000089e+00 -1.969999999999999909e-04 1.173999999999999913e-03 -9.999989999999999712e-01 -8.429210000000000313e-01 -5.380369999999999875e-01 -4.659999999999999971e-04 -5.380369999999999875e-01 8.429200000000000026e-01 1.095000000000000053e-03
2.300000000000000000e+01 5.000000000000000000e+00 5.100000000000000000e+01 0.000000000000000000e+00 1.600000000000000089e+00 4.240000000000000062e-04 6.949000000000000316e-03 -9.999759999999999760e-01 4.735329999999999817e-01 -8.807559999999999834e-01 -5.919999999999999915e-03 -8.807760000000000034e-01 -4.735190000000000232e-01 -3.664000000000000156e-03
1.300000000000000000e+01 1.500000000000000000e+01 5.300000000000000000e+01 0.000000000000000000e+00 1.600000000000000089e+00 2.260999999999999989e-03 3.899999999999999821e-03 -9.999900000000000455e-01 6.755710000000000326e-01 7.372819999999999929e-01 4.402999999999999796e-03 7.372910000000000297e-01 -6.755740000000000078e-01 -9.680000000000000019e-04
1.200000000000000000e+01 6.300000000000000000e+01 5.400000000000000000e+01 0.000000000000000000e+00 1.600000000000000089e+00 1.108000000000000044e-03 -1.361999999999999929e-03 9.999989999999999712e-01 -3.572949999999999737e-01 9.339899999999999869e-01 1.668999999999999911e-03 -9.339910000000000156e-01 -3.572960000000000025e-01 5.479999999999999845e-04
1.800000000000000000e+01 6.300000000000000000e+01 5.400000000000000000e+01 0.000000000000000000e+00 1.600000000000000089e+00 -1.417999999999999990e-03 -2.614000000000000004e-03 9.999959999999999960e-01 -3.521989999999999843e-01 9.359229999999999494e-01 1.946999999999999946e-03 -9.359239999999999782e-01 -3.521949999999999803e-01 -2.247999999999999998e-03
2.300000000000000000e+01 6.300000000000000000e+01 5.400000000000000000e+01 0.000000000000000000e+00 1.600000000000000089e+00 -2.939999999999999905e-04 3.199999999999999855e-05 1.000000000000000000e+00 -3.524180000000000090e-01 9.358429999999999804e-01 -1.340000000000000045e-04 -9.358429999999999804e-01 -3.524180000000000090e-01 -2.640000000000000202e-04
2.700000000000000000e+01 6.300000000000000000e+01 5.400000000000000000e+01 0.000000000000000000e+00 1.600000000000000089e+00 -1.270000000000000078e-03 4.589999999999999896e-04 9.999989999999999712e-01 -3.531940000000000079e-01 9.355499999999999927e-01 -8.779999999999999827e-04 -9.355489999999999640e-01 -3.531949999999999812e-01 -1.026000000000000002e-03
3.000000000000000000e+01 6.300000000000000000e+01 5.400000000000000000e+01 0.000000000000000000e+00 1.600000000000000089e+00 -9.300000000000000541e-04 6.579999999999999478e-04 9.999989999999999712e-01 -3.481759999999999855e-01 9.374289999999999567e-01 -9.409999999999999962e-04 -9.374289999999999567e-01 -3.481759999999999855e-01 -6.419999999999999925e-04
3.000000000000000000e+00 2.500000000000000000e+01 5.500000000000000000e+01 0.000000000000000000e+00 1.600000000000000089e+00 1.800000000000000113e-04 1.147999999999999932e-03 -9.999989999999999712e-01 -9.738000000000000128e-03 -9.999519999999999520e-01 -1.149000000000000065e-03 -9.999529999999999808e-01 9.738000000000000128e-03 -1.689999999999999879e-04
7.000000000000000000e+00 2.500000000000000000e+01 5.500000000000000000e+01 0.000000000000000000e+00 1.600000000000000089e+00 -2.979999999999999793e-04 2.799999999999999958e-05 -1.000000000000000000e+00 -1.073099999999999922e-02 -9.999419999999999975e-01 -2.500000000000000120e-05 -9.999419999999999975e-01 1.073099999999999922e-02 2.990000000000000036e-04
1.400000000000000000e+01 2.500000000000000000e+01 5.500000000000000000e+01 0.000000000000000000e+00 1.600000000000000089e+00 9.899999999999999404e-05 2.436999999999999930e-03 -9.999970000000000248e-01 -9.440999999999999739e-03 -9.999519999999999520e-01 -2.436999999999999930e-03 -9.999550000000000383e-01 9.440999999999999739e-03 -7.600000000000000418e-05
2.100000000000000000e+01 2.500000000000000000e+01 5.500000000000000000e+01 0.000000000000000000e+00 1.600000000000000089e+00 -3.519999999999999908e-04 -4.001000000000000216e-03 -9.999919999999999920e-01 -1.111099999999999935e-02 -9.999299999999999855e-01 4.003999999999999747e-03 -9.999379999999999935e-01 1.111200000000000035e-02 3.080000000000000055e-04
2.500000000000000000e+01 2.500000000000000000e+01 5.500000000000000000e+01 0.000000000000000000e+00 1.600000000000000089e+00 -3.930000000000000117e-04 3.815999999999999948e-03 -9.999930000000000208e-01 -1.183900000000000056e-02 -9.999230000000000063e-01 -3.811000000000000151e-03 -9.999299999999999855e-01 1.183799999999999956e-02 4.380000000000000213e-04
2.800000000000000000e+01 2.500000000000000000e+01 5.500000000000000000e+01 0.000000000000000000e+00 1.600000000000000089e+00 -3.049999999999999868e-04 3.841999999999999929e-03 -9.999930000000000208e-01 -1.224199999999999941e-02 -9.999179999999999735e-01 -3.837999999999999832e-03 -9.999249999999999527e-01 1.224100000000000014e-02 3.519999999999999908e-04
2.000000000000000000e+00 7.000000000000000000e+00 6.000000000000000000e+01 0.000000000000000000e+00 1.600000000000000089e+00 2.867999999999999890e-03 1.393199999999999994e-02 9.998989999999999823e-01 5.665790000000000548e-01 -8.239490000000000425e-01 9.854999999999999177e-03 8.240030000000000410e-01 5.664930000000000243e-01 -1.025700000000000049e-02
8.000000000000000000e+00 7.000000000000000000e+00 6.000000000000000000e+01 0.000000000000000000e+00 1.600000000000000089e+00 1.830000000000000029e-04 5.610999999999999668e-03 9.999839999999999840e-01 5.655240000000000267e-01 -8.247189999999999799e-01 4.524000000000000243e-03 8.247320000000000206e-01 5.655149999999999899e-01 -3.324000000000000132e-03
1.200000000000000000e+01 7.000000000000000000e+00 6.000000000000000000e+01 0.000000000000000000e+00 1.600000000000000089e+00 4.065000000000000037e-03 3.818000000000000213e-03 9.999839999999999840e-01 5.622580000000000355e-01 -8.269609999999999461e-01 8.720000000000000537e-04 8.269520000000000204e-01 5.622460000000000235e-01 -5.507999999999999875e-03
1.000000000000000000e+01 2.100000000000000000e+01 6.000000000000000000e+01 0.000000000000000000e+00 1.600000000000000089e+00 -7.150000000000000322e-04 8.999999999999999754e-04 9.999989999999999712e-01 -9.750100000000000433e-02 9.952349999999999808e-01 -9.650000000000000374e-04 -9.952349999999999808e-01 -9.750200000000000533e-02 -6.239999999999999887e-04
1.400000000000000000e+01 2.100000000000000000e+01 6.000000000000000000e+01 0.000000000000000000e+00 1.600000000000000089e+00 -2.359999999999999902e-04 2.376000000000000074e-03 9.999970000000000248e-01 -9.704400000000000526e-02 9.952769999999999673e-01 -2.386999999999999799e-03 -9.952800000000000535e-01 -9.704400000000000526e-02 -5.000000000000000409e-06
1.000000000000000000e+00 6.000000000000000000e+00 6.100000000000000000e+01 0.000000000000000000e+00 1.600000000000000089e+00 2.226999999999999813e-03 1.090400000000000050e-02 9.999379999999999935e-01 5.596029999999999616e-01 -8.287240000000000162e-01 7.791000000000000182e-03 8.287579999999999947e-01 5.595510000000000206e-01 -7.948000000000000204e-03
8.000000000000000000e+00 4.000000000000000000e+00 6.200000000000000000e+01 0.000000000000000000e+00 1.600000000000000089e+00 -1.384999999999999946e-03 -5.860000000000000408e-04 9.999989999999999712e-01 -6.175749999999999851e-01 7.865119999999999889e-01 -3.939999999999999817e-04 -7.865109999999999602e-01 -6.175749999999999851e-01 -1.451999999999999949e-03
1.900000000000000000e+01 4.000000000000000000e+00 6.200000000000000000e+01 0.000000000000000000e+00 1.600000000000000089e+00 -2.990000000000000036e-04 8.108000000000000623e-03 9.999670000000000503e-01 -6.168029999999999902e-01 7.870899999999999563e-01 -6.565999999999999788e-03 -7.871179999999999843e-01 -6.167850000000000277e-01 4.766000000000000271e-03
3.000000000000000000e+00 2.700000000000000000e+01 6.300000000000000000e+01 0.000000000000000000e+00 1.600000000000000089e+00 1.814999999999999990e-03 5.205999999999999690e-03 9.999850000000000128e-01 -2.801690000000000014e-01 9.599400000000000155e-01 -4.488999999999999935e-03 -9.599490000000000522e-01 -2.801569999999999894e-01 3.200999999999999852e-03
8.000000000000000000e+00 2.700000000000000000e+01 6.300000000000000000e+01 0.000000000000000000e+00 1.600000000000000089e+00 -2.007999999999999802e-03 1.051000000000000068e-03 9.999970000000000248e-01 -2.772160000000000180e-01 9.608060000000000489e-01 -1.565999999999999901e-03 -9.608050000000000201e-01 -2.772189999999999932e-01 -1.637000000000000000e-03
1.400000000000000000e+01 2.700000000000000000e+01 6.300000000000000000e+01 0.000000000000000000e+00 1.600000000000000089e+00 2.214999999999999955e-03 -1.438000000000000042e-03 9.999959999999999960e-01 -2.713220000000000076e-01 9.624869999999999814e-01 1.984999999999999785e-03 -9.624859999999999527e-01 -2.713260000000000116e-01 1.740999999999999926e-03
2.000000000000000000e+01 2.700000000000000000e+01 6.300000000000000000e+01 0.000000000000000000e+00 1.600000000000000089e+00 1.781000000000000031e-03 -8.063999999999999987e-03 9.999660000000000215e-01 -2.766710000000000003e-01 9.609290000000000331e-01 8.241999999999999327e-03 -9.609630000000000116e-01 -2.766759999999999775e-01 -5.199999999999999544e-04
2.500000000000000000e+01 2.700000000000000000e+01 6.300000000000000000e+01 0.000000000000000000e+00 1.600000000000000089e+00 -1.100000000000000039e-04 2.013000000000000032e-03 9.999980000000000535e-01 -2.748160000000000047e-01 9.614949999999999886e-01 -1.965999999999999866e-03 -9.614970000000000461e-01 -2.748160000000000047e-01 4.470000000000000232e-04
4.000000000000000000e+00 2.600000000000000000e+01 6.400000000000000000e+01 0.000000000000000000e+00 1.600000000000000089e+00 8.790000000000000070e-04 3.665999999999999988e-03 9.999930000000000208e-01 -3.472089999999999899e-01 9.377830000000000332e-01 -3.131999999999999802e-03 -9.377870000000000372e-01 -3.472040000000000126e-01 2.096999999999999906e-03
8.000000000000000000e+00 2.600000000000000000e+01 6.400000000000000000e+01 0.000000000000000000e+00 1.600000000000000089e+00 -2.798999999999999839e-03 5.249999999999999676e-04 9.999959999999999960e-01 -3.438720000000000110e-01 9.390159999999999618e-01 -1.454999999999999913e-03 -9.390119999999999578e-01 -3.438740000000000130e-01 -2.448000000000000089e-03
1.400000000000000000e+01 2.600000000000000000e+01 6.400000000000000000e+01 0.000000000000000000e+00 1.600000000000000089e+00 1.940000000000000101e-03 -3.641999999999999838e-03 9.999909999999999632e-01 -3.405750000000000166e-01 9.402080000000000437e-01 4.085000000000000089e-03 -9.402150000000000230e-01 -3.405799999999999939e-01 5.839999999999999922e-04
1.900000000000000000e+01 2.600000000000000000e+01 6.400000000000000000e+01 0.000000000000000000e+00 1.600000000000000089e+00 3.550000000000000204e-03 -1.019899999999999973e-02 9.999419999999999975e-01 -3.442040000000000100e-01 9.388330000000000286e-01 1.079800000000000031e-02 -9.388879999999999448e-01 -3.442219999999999724e-01 -1.779999999999999898e-04
2.600000000000000000e+01 2.600000000000000000e+01 6.400000000000000000e+01 0.000000000000000000e+00 1.600000000000000089e+00 -1.430999999999999980e-03 1.546000000000000065e-03 9.999980000000000535e-01 -3.444019999999999859e-01 9.388199999999999878e-01 -1.944999999999999897e-03 -9.388210000000000166e-01 -3.444039999999999879e-01 -8.099999999999999561e-04
6.000000000000000000e+00 6.900000000000000000e+01 6.600000000000000000e+01 0.000000000000000000e+00 1.600000000000000089e+00 -9.770000000000000039e-04 3.789999999999999966e-03 9.999919999999999920e-01 -9.512720000000000065e-01 3.083460000000000090e-01 -2.098000000000000038e-03 -3.083520000000000150e-01 -9.512669999999999737e-01 3.304000000000000079e-03
1.300000000000000000e+01 2.500000000000000000e+01 7.300000000000000000e+01 0.000000000000000000e+00 1.600000000000000089e+00 5.956999999999999622e-03 -1.856000000000000011e-03 9.999799999999999800e-01 7.410940000000000305e-01 -6.713780000000000303e-01 -5.661000000000000233e-03 6.713750000000000551e-01 7.411130000000000217e-01 -2.624000000000000030e-03
2.100000000000000000e+01 2.500000000000000000e+01 7.300000000000000000e+01 0.000000000000000000e+00 1.600000000000000089e+00 -1.309000000000000051e-03 2.573999999999999899e-03 9.999959999999999960e-01 7.409900000000000375e-01 -6.715100000000000513e-01 2.697999999999999877e-03 6.715140000000000553e-01 7.409909999999999553e-01 -1.028999999999999967e-03
2.700000000000000000e+01 2.500000000000000000e+01 7.300000000000000000e+01 0.000000000000000000e+00 1.600000000000000089e+00 -1.732000000000000033e-03 3.177000000000000136e-03 9.999930000000000208e-01 7.455899999999999750e-01 -6.663959999999999884e-01 3.409000000000000138e-03 6.664029999999999676e-01 7.455910000000000037e-01 -1.214999999999999934e-03
9.000000000000000000e+00 4.400000000000000000e+01 7.300000000000000000e+01 0.000000000000000000e+00 1.600000000000000089e+00 1.260999999999999968e-03 4.761999999999999740e-03 9.999879999999999880e-01 3.724800000000000333e-02 -9.992950000000000443e-01 4.712000000000000043e-03 9.993049999999999988e-01 3.724100000000000327e-02 -1.436999999999999909e-03
