1.900000000000000000e+01 3.000000000000000000e+00 4.000000000000000000e+00 0.000000000000000000e+00 1.600000000000000089e+00 -2.029489999999999905e-01 -1.010149999999999937e-01 -9.739649999999999697e-01 -8.797939999999999650e-01 -4.178370000000000140e-01 2.266620000000000024e-01 -4.298549999999999871e-01 9.028890000000000526e-01 -4.073000000000000231e-03
6.000000000000000000e+00 6.000000000000000000e+00 4.000000000000000000e+00 0.000000000000000000e+00 1.600000000000000089e+00 -1.220620000000000038e-01 -9.858599999999999308e-02 -9.876139999999999919e-01 -8.546449999999999880e-01 -4.955080000000000040e-01 1.550910000000000066e-01 -5.046610000000000262e-01 8.629900000000000349e-01 -2.377299999999999899e-02
1.300000000000000000e+01 1.500000000000000000e+01 4.000000000000000000e+00 0.000000000000000000e+00 1.600000000000000089e+00 -4.200000000000000174e-04 -2.429200000000000109e-02 9.997049999999999548e-01 3.162869999999999848e-01 -9.483869999999999800e-01 -2.291199999999999834e-02 9.486639999999999517e-01 3.161840000000000206e-01 8.082000000000000642e-03
2.100000000000000000e+01 1.500000000000000000e+01 4.000000000000000000e+00 0.000000000000000000e+00 1.600000000000000089e+00 -6.430000000000000169e-04 -6.068999999999999742e-03 9.999810000000000088e-01 3.099740000000000273e-01 -9.507290000000000463e-01 -5.570000000000000298e-03 9.507449999999999513e-01 3.099649999999999905e-01 2.492999999999999990e-03
2.700000000000000000e+01 1.500000000000000000e+01 4.000000000000000000e+00 0.000000000000000000e+00 1.600000000000000089e+00 -1.789999999999999925e-03 -2.661999999999999870e-03 9.999949999999999672e-01 3.096780000000000088e-01 -9.508389999999999898e-01 -1.975999999999999892e-03 9.508400000000000185e-01 3.096729999999999761e-01 2.527000000000000166e-03
1.600000000000000000e+01 1.600000000000000000e+01 4.000000000000000000e+00 0.000000000000000000e+00 1.600000000000000089e+00 -6.700000000000000226e-04 -4.579999999999999870e-03 9.999890000000000168e-01 3.815290000000000070e-01 -9.243479999999999475e-01 -3.977999999999999765e-03 9.243569999999999842e-01 3.815219999999999723e-01 2.367000000000000180e-03
1.200000000000000000e+01 1.010000000000000000e+02 7.000000000000000000e+00 0.000000000000000000e+00 1.600000000000000089e+00 -2.631000000000000092e-03 -7.931999999999999815e-03 9.999649999999999928e-01 8.862349999999999950e-01 4.631970000000000254e-01 6.006000000000000054e-03 -4.632290000000000019e-01 8.862200000000000077e-01 5.811000000000000193e-03
2.000000000000000000e+01 1.010000000000000000e+02 7.000000000000000000e+00 0.000000000000000000e+00 1.600000000000000089e+00 3.797000000000000028e-03 1.595999999999999979e-03 9.999919999999999920e-01 8.850940000000000474e-01 4.653939999999999744e-01 -4.102999999999999876e-03 -4.653970000000000051e-01 8.851020000000000554e-01 3.539999999999999853e-04
2.600000000000000000e+01 1.010000000000000000e+02 7.000000000000000000e+00 0.000000000000000000e+00 1.600000000000000089e+00 3.864999999999999946e-03 -2.196599999999999941e-02 9.997509999999999453e-01 8.907289999999999930e-01 4.544869999999999743e-01 6.542000000000000072e-03 -4.545179999999999776e-01 8.904819999999999958e-01 2.132200000000000067e-02
2.000000000000000000e+00 2.500000000000000000e+01 8.000000000000000000e+00 0.000000000000000000e+00 1.600000000000000089e+00 9.779999999999999197e-04 2.899999999999999800e-03 -9.999949999999999672e-01 4.389319999999999888e-01 8.985149999999999526e-01 3.034999999999999937e-03 8.985199999999999854e-01 -4.389330000000000176e-01 -3.939999999999999817e-04
7.000000000000000000e+00 2.500000000000000000e+01 8.000000000000000000e+00 0.000000000000000000e+00 1.600000000000000089e+00 6.639999999999999852e-04 -4.468999999999999882e-03 -9.999900000000000455e-01 4.407320000000000126e-01 8.976309999999999567e-01 -3.719000000000000083e-03 8.976389999999999647e-01 -4.407249999999999779e-01 2.565000000000000006e-03
1.300000000000000000e+01 2.500000000000000000e+01 8.000000000000000000e+00 0.000000000000000000e+00 1.600000000000000089e+00 -2.125000000000000153e-03 -1.474999999999999966e-03 -9.999970000000000248e-01 4.406479999999999841e-01 8.976769999999999472e-01 -2.260999999999999989e-03 8.976779999999999760e-01 -4.406510000000000149e-01 -1.258000000000000004e-03
2.000000000000000000e+01 2.500000000000000000e+01 8.000000000000000000e+00 0.000000000000000000e+00 1.600000000000000089e+00 -1.268999999999999946e-03 -6.180999999999999862e-03 -9.999799999999999800e-01 4.438409999999999855e-01 8.960850000000000204e-01 -6.101999999999999785e-03 8.961050000000000404e-01 -4.438400000000000123e-01 1.606000000000000006e-03
2.800000000000000000e+01 2.500000000000000000e+01 8.000000000000000000e+00 0.000000000000000000e+00 1.600000000000000089e+00 -8.120000000000000048e-04 1.716999999999999993e-03 -9.999980000000000535e-01 4.443429999999999880e-01 8.958559999999999857e-01 1.177000000000000095e-03 8.958570000000000144e-01 -4.443409999999999860e-01 -1.490000000000000005e-03
3.000000000000000000e+00 2.400000000000000000e+01 9.000000000000000000e+00 0.000000000000000000e+00 1.600000000000000089e+00 5.929999999999999941e-04 1.835000000000000043e-03 -9.999980000000000535e-01 4.456430000000000113e-01 8.952090000000000325e-01 1.905999999999999925e-03 8.952109999999999790e-01 -4.456430000000000113e-01 -2.869999999999999830e-04
1.300000000000000000e+01 2.400000000000000000e+01 9.000000000000000000e+00 0.000000000000000000e+00 1.600000000000000089e+00 -1.497000000000000067e-03 -2.710000000000000169e-03 -9.999949999999999672e-01 4.458969999999999878e-01 8.950789999999999580e-01 -3.093999999999999962e-03 8.950829999999999620e-01 -4.458989999999999898e-01 -1.310000000000000129e-04
2.100000000000000000e+01 2.400000000000000000e+01 9.000000000000000000e+00 0.000000000000000000e+00 1.600000000000000089e+00 -1.392000000000000008e-03 -7.394000000000000399e-03 -9.999719999999999720e-01 4.498130000000000184e-01 8.930940000000000545e-01 -7.230000000000000315e-03 8.931219999999999715e-01 -4.498099999999999876e-01 2.083000000000000216e-03
2.900000000000000000e+01 2.400000000000000000e+01 9.000000000000000000e+00 0.000000000000000000e+00 1.600000000000000089e+00 -1.510000000000000112e-04 2.801999999999999803e-03 -9.999959999999999960e-01 4.497749999999999804e-01 8.931390000000000162e-01 2.435000000000000098e-03 8.931419999999999915e-01 -4.497720000000000051e-01 -1.394999999999999973e-03
2.300000000000000000e+01 3.100000000000000000e+01 1.200000000000000000e+01 0.000000000000000000e+00 1.600000000000000089e+00 -1.810000000000000085e-04 2.266999999999999918e-03 9.999970000000000248e-01 -5.081999999999999712e-03 9.999850000000000128e-01 -2.268000000000000051e-03 -9.999869999999999592e-01 -5.082999999999999845e-03 -1.700000000000000122e-04
1.000000000000000000e+01 3.200000000000000000e+01 1.400000000000000000e+01 0.000000000000000000e+00 1.600000000000000089e+00 -1.090000000000000067e-04 1.889999999999999970e-03 -9.999980000000000535e-01 1.160709999999999936e-01 9.932389999999999830e-01 1.864999999999999904e-03 9.932410000000000405e-01 -1.160709999999999936e-01 -3.280000000000000038e-04
1.400000000000000000e+01 3.200000000000000000e+01 1.400000000000000000e+01 0.000000000000000000e+00 1.600000000000000089e+00 -2.959999999999999849e-04 1.396000000000000105e-03 -9.999989999999999712e-01 1.171699999999999964e-01 9.931109999999999660e-01 1.351999999999999903e-03 9.931119999999999948e-01 -1.171699999999999964e-01 -4.569999999999999952e-04
2.000000000000000000e+01 3.200000000000000000e+01 1.400000000000000000e+01 0.000000000000000000e+00 1.600000000000000089e+00 7.339999999999999520e-04 2.468999999999999841e-03 -9.999970000000000248e-01 1.127760000000000012e-01 9.936169999999999725e-01 2.536000000000000060e-03 9.936199999999999477e-01 -1.127780000000000032e-01 4.510000000000000120e-04
3.000000000000000000e+00 1.200000000000000000e+01 1.500000000000000000e+01 0.000000000000000000e+00 1.600000000000000089e+00 2.134000000000000046e-03 -4.878999999999999657e-03 -9.999860000000000415e-01 -4.346019999999999883e-01 -9.006159999999999721e-01 3.467000000000000030e-03 -9.006199999999999761e-01 4.345879999999999743e-01 -4.041999999999999586e-03
7.000000000000000000e+00 1.200000000000000000e+01 1.500000000000000000e+01 0.000000000000000000e+00 1.600000000000000089e+00 3.676000000000000014e-03 -3.219000000000000073e-03 -9.999879999999999880e-01 -4.460810000000000053e-01 -8.949920000000000098e-01 1.240999999999999916e-03 -8.949850000000000305e-01 4.460709999999999953e-01 -4.726000000000000166e-03
1.700000000000000000e+01 1.200000000000000000e+01 1.500000000000000000e+01 0.000000000000000000e+00 1.600000000000000089e+00 -1.010000000000000020e-04 -2.951000000000000064e-03 -9.999959999999999960e-01 -4.612240000000000228e-01 -8.872799999999999576e-01 2.664999999999999834e-03 -8.872839999999999616e-01 4.612229999999999941e-01 -1.270999999999999994e-03
2.300000000000000000e+01 1.200000000000000000e+01 1.500000000000000000e+01 0.000000000000000000e+00 1.600000000000000089e+00 -1.157000000000000042e-03 -4.049999999999999781e-03 -9.999909999999999632e-01 -4.665219999999999922e-01 -8.844999999999999529e-01 4.121999999999999796e-03 -8.845089999999999897e-01 4.665219999999999922e-01 -8.660000000000000163e-04
2.800000000000000000e+01 1.200000000000000000e+01 1.500000000000000000e+01 0.000000000000000000e+00 1.600000000000000089e+00 -3.141999999999999828e-03 -3.389999999999999784e-03 -9.999890000000000168e-01 -4.682919999999999860e-01 -8.835629999999999873e-01 4.466999999999999617e-03 -8.835680000000000200e-01 4.683010000000000228e-01 1.188999999999999953e-03
1.600000000000000000e+01 1.160000000000000000e+02 1.600000000000000000e+01 0.000000000000000000e+00 1.600000000000000089e+00 4.719999999999999803e-04 4.040000000000000080e-04 1.000000000000000000e+00 7.101819999999999800e-01 7.040180000000000327e-01 -6.199999999999999999e-04 -7.040180000000000327e-01 7.101819999999999800e-01 4.500000000000000283e-05
2.000000000000000000e+01 1.160000000000000000e+02 1.600000000000000000e+01 0.000000000000000000e+00 1.600000000000000089e+00 1.446999999999999936e-03 -1.786999999999999960e-03 9.999970000000000248e-01 7.095129999999999493e-01 7.046919999999999851e-01 2.320000000000000014e-04 -7.046909999999999563e-01 7.095110000000000028e-01 2.288000000000000103e-03
2.500000000000000000e+01 1.160000000000000000e+02 1.600000000000000000e+01 0.000000000000000000e+00 1.600000000000000089e+00 5.410000000000000312e-04 1.216999999999999983e-03 9.999989999999999712e-01 7.258250000000000535e-01 6.878779999999999895e-01 -1.229999999999999974e-03 -6.878790000000000182e-01 7.258250000000000535e-01 -5.109999999999999525e-04
2.900000000000000000e+01 1.160000000000000000e+02 1.600000000000000000e+01 0.000000000000000000e+00 1.600000000000000089e+00 2.539999999999999940e-04 -1.074000000000000085e-03 9.999989999999999712e-01 7.480660000000000087e-01 6.636250000000000204e-01 5.220000000000000031e-04 -6.636250000000000204e-01 7.480649999999999800e-01 9.719999999999999907e-04
3.000000000000000000e+00 2.000000000000000000e+00 1.900000000000000000e+01 0.000000000000000000e+00 1.600000000000000089e+00 -3.765700000000000297e-02 -6.690000000000000113e-02 -9.970489999999999631e-01 2.814929999999999932e-01 -9.580619999999999692e-01 5.365199999999999830e-02 -9.588240000000000096e-01 -2.786420000000000008e-01 5.490899999999999948e-02
8.000000000000000000e+00 2.000000000000000000e+00 1.900000000000000000e+01 0.000000000000000000e+00 1.600000000000000089e+00 -3.867500000000000104e-02 -6.787700000000000677e-02 -9.969440000000000524e-01 2.351810000000000012e-01 -9.702819999999999778e-01 5.693800000000000250e-02 -9.711819999999999897e-01 -2.322609999999999952e-01 5.348900000000000182e-02
1.200000000000000000e+01 2.000000000000000000e+00 1.900000000000000000e+01 0.000000000000000000e+00 1.600000000000000089e+00 -2.624100000000000044e-02 -6.006199999999999734e-02 -9.978500000000000147e-01 2.064090000000000091e-01 -9.770090000000000163e-01 5.337999999999999690e-02 -9.781140000000000390e-01 -2.045649999999999968e-01 3.803499999999999936e-02
2.100000000000000000e+01 2.000000000000000000e+00 1.900000000000000000e+01 0.000000000000000000e+00 1.600000000000000089e+00 1.522800000000000022e-02 -1.745899999999999883e-02 -9.997319999999999540e-01 2.331959999999999866e-01 -9.722129999999999939e-01 2.053100000000000064e-02 -9.723100000000000076e-01 -2.334459999999999869e-01 -1.073400000000000049e-02
2.500000000000000000e+01 2.000000000000000000e+00 1.900000000000000000e+01 0.000000000000000000e+00 1.600000000000000089e+00 1.238000000000000038e-02 -4.277999999999999685e-03 -9.999139999999999695e-01 2.338929999999999898e-01 -9.722370000000000179e-01 7.054999999999999639e-03 -9.721830000000000194e-01 -2.339610000000000023e-01 -1.103600000000000067e-02
2.900000000000000000e+01 2.000000000000000000e+00 1.900000000000000000e+01 0.000000000000000000e+00 1.600000000000000089e+00 8.125000000000000278e-03 -9.905999999999999875e-03 -9.999179999999999735e-01 2.325480000000000047e-01 -9.725169999999999648e-01 1.152399999999999952e-02 -9.725510000000000543e-01 -2.326229999999999964e-01 -5.597999999999999678e-03
2.000000000000000000e+00 1.300000000000000000e+01 2.000000000000000000e+01 0.000000000000000000e+00 1.600000000000000089e+00 1.765000000000000076e-03 4.895000000000000046e-03 9.999860000000000415e-01 2.633769999999999722e-01 9.646789999999999532e-01 -5.186999999999999771e-03 -9.646909999999999652e-01 2.633829999999999782e-01 4.139999999999999800e-04
5.000000000000000000e+00 1.300000000000000000e+01 2.000000000000000000e+01 0.000000000000000000e+00 1.600000000000000089e+00 5.360000000000000181e-04 -3.600000000000000227e-04 1.000000000000000000e+00 2.626910000000000078e-01 9.648799999999999599e-01 2.059999999999999928e-04 -9.648799999999999599e-01 2.626910000000000078e-01 6.120000000000000223e-04
9.000000000000000000e+00 1.300000000000000000e+01 2.000000000000000000e+01 0.000000000000000000e+00 1.600000000000000089e+00 -1.219999999999999974e-04 -4.807999999999999774e-03 9.999879999999999880e-01 2.646899999999999809e-01 9.643220000000000125e-01 4.669000000000000407e-03 -9.643340000000000245e-01 2.646870000000000056e-01 1.154999999999999994e-03
1.400000000000000000e+01 1.300000000000000000e+01 2.000000000000000000e+01 0.000000000000000000e+00 1.600000000000000089e+00 -9.500000000000000523e-05 3.710000000000000190e-04 1.000000000000000000e+00 2.651379999999999848e-01 9.642100000000000115e-01 -3.330000000000000169e-04 -9.642100000000000115e-01 2.651379999999999848e-01 -1.900000000000000105e-04
2.300000000000000000e+01 1.300000000000000000e+01 2.000000000000000000e+01 0.000000000000000000e+00 1.600000000000000089e+00 1.727999999999999935e-03 1.335999999999999948e-03 9.999980000000000535e-01 2.633050000000000113e-01 9.647109999999999852e-01 -1.744000000000000107e-03 -9.647109999999999852e-01 2.633070000000000133e-01 1.314999999999999980e-03
6.000000000000000000e+00 3.000000000000000000e+00 2.500000000000000000e+01 0.000000000000000000e+00 1.600000000000000089e+00 1.869999999999999917e-03 1.015999999999999976e-03 9.999980000000000535e-01 -4.036599999999999910e-02 -9.991839999999999611e-01 1.090999999999999956e-03 9.991830000000000434e-01 -4.036800000000000110e-02 -1.827000000000000065e-03
1.400000000000000000e+01 3.000000000000000000e+00 2.500000000000000000e+01 0.000000000000000000e+00 1.600000000000000089e+00 -2.027000000000000156e-03 -8.236000000000000265e-03 9.999639999999999640e-01 -4.017199999999999938e-02 -9.991579999999999906e-01 -8.311000000000000679e-03 9.991910000000000514e-01 -4.018800000000000150e-02 1.694999999999999892e-03
2.100000000000000000e+01 3.000000000000000000e+00 2.500000000000000000e+01 0.000000000000000000e+00 1.600000000000000089e+00 -2.954000000000000029e-03 -4.086000000000000222e-03 9.999869999999999592e-01 -3.607599999999999696e-02 -9.993400000000000061e-01 -4.189000000000000015e-03 9.993450000000000388e-01 -3.608800000000000202e-02 2.805000000000000202e-03
2.400000000000000000e+01 3.000000000000000000e+00 2.500000000000000000e+01 0.000000000000000000e+00 1.600000000000000089e+00 -1.659000000000000101e-03 7.576000000000000269e-03 9.999700000000000255e-01 -3.701399999999999829e-02 -9.992870000000000363e-01 7.510000000000000182e-03 9.993130000000000068e-01 -3.700099999999999917e-02 1.938999999999999968e-03
1.000000000000000000e+00 4.600000000000000000e+01 2.700000000000000000e+01 0.000000000000000000e+00 1.600000000000000089e+00 1.935000000000000088e-03 3.742000000000000100e-03 -9.999909999999999632e-01 6.775090000000000279e-01 7.355040000000000466e-01 4.063999999999999904e-03 7.355120000000000546e-01 -6.775109999999999744e-01 -1.111999999999999924e-03
1.300000000000000000e+01 4.600000000000000000e+01 2.700000000000000000e+01 0.000000000000000000e+00 1.600000000000000089e+00 -1.987000000000000051e-03 -8.599999999999999789e-04 -9.999980000000000535e-01 6.774550000000000294e-01 7.355610000000000204e-01 -1.978999999999999856e-03 7.355610000000000204e-01 -6.774580000000000046e-01 -8.790000000000000070e-04
2.000000000000000000e+01 4.600000000000000000e+01 2.700000000000000000e+01 0.000000000000000000e+00 1.600000000000000089e+00 -3.159999999999999832e-04 1.480999999999999895e-03 -9.999989999999999712e-01 6.733540000000000081e-01 7.393189999999999484e-01 8.819999999999999715e-04 7.393199999999999772e-01 -6.733529999999999793e-01 -1.231000000000000106e-03
2.900000000000000000e+01 4.600000000000000000e+01 2.700000000000000000e+01 0.000000000000000000e+00 1.600000000000000089e+00 -1.268000000000000030e-03 2.975999999999999913e-03 -9.999949999999999672e-01 6.824029999999999818e-01 7.309750000000000414e-01 1.309000000000000051e-03 7.309750000000000414e-01 -6.823979999999999491e-01 -2.958000000000000126e-03
3.000000000000000000e+00 4.600000000000000000e+01 3.000000000000000000e+01 0.000000000000000000e+00 1.600000000000000089e+00 2.860000000000000129e-04 3.697000000000000199e-03 -9.999930000000000208e-01 3.307019999999999960e-01 9.437290000000000401e-01 3.582999999999999814e-03 9.437349999999999905e-01 -3.306999999999999940e-01 -9.529999999999999626e-04
2.900000000000000000e+01 4.600000000000000000e+01 3.000000000000000000e+01 0.000000000000000000e+00 1.600000000000000089e+00 -1.688000000000000047e-03 -1.023999999999999954e-03 -9.999980000000000535e-01 3.321479999999999988e-01 9.432260000000000089e-01 -1.526999999999999929e-03 9.432260000000000089e-01 -3.321490000000000276e-01 -1.252000000000000075e-03
1.000000000000000000e+00 5.800000000000000000e+01 3.100000000000000000e+01 0.000000000000000000e+00 1.600000000000000089e+00 6.995000000000000349e-03 -8.919999999999999978e-04 9.999749999999999472e-01 -8.150800000000000267e-01 -5.793260000000000076e-01 5.185000000000000372e-03 5.793070000000000164e-01 -8.150960000000000427e-01 -4.780000000000000394e-03
6.000000000000000000e+00 5.800000000000000000e+01 3.100000000000000000e+01 0.000000000000000000e+00 1.600000000000000089e+00 2.811000000000000131e-03 1.397000000000000021e-03 9.999949999999999672e-01 -8.141709999999999781e-01 -5.806170000000000497e-01 3.099999999999999891e-03 5.806189999999999962e-01 -8.141760000000000108e-01 -4.939999999999999730e-04
1.000000000000000000e+01 5.800000000000000000e+01 3.100000000000000000e+01 0.000000000000000000e+00 1.600000000000000089e+00 -1.128000000000000096e-03 -3.040000000000000167e-03 9.999949999999999672e-01 -8.153559999999999697e-01 -5.789539999999999687e-01 -2.680000000000000090e-03 5.789590000000000014e-01 -8.153550000000000519e-01 -1.825000000000000016e-03
1.700000000000000000e+01 5.800000000000000000e+01 3.100000000000000000e+01 0.000000000000000000e+00 1.600000000000000089e+00 4.558000000000000419e-03 5.714999999999999594e-03 9.999730000000000008e-01 -8.143029999999999990e-01 -5.803979999999999695e-01 7.028999999999999658e-03 5.804219999999999935e-01 -8.143129999999999535e-01 2.008999999999999935e-03
2.100000000000000000e+01 5.800000000000000000e+01 3.100000000000000000e+01 0.000000000000000000e+00 1.600000000000000089e+00 4.793999999999999651e-03 1.312600000000000051e-02 9.999019999999999575e-01 -8.154280000000000417e-01 -5.787440000000000362e-01 1.150699999999999987e-02 5.788389999999999924e-01 -8.154040000000000177e-01 7.929000000000000284e-03
2.800000000000000000e+01 5.800000000000000000e+01 3.100000000000000000e+01 0.000000000000000000e+00 1.600000000000000089e+00 -1.533999999999999990e-03 -3.359999999999999814e-04 9.999989999999999712e-01 -8.136250000000000426e-01 -5.813880000000000159e-01 -1.443000000000000055e-03 5.813880000000000159e-01 -8.136259999999999604e-01 6.179999999999999513e-04
3.000000000000000000e+00 4.600000000000000000e+01 3.500000000000000000e+01 0.000000000000000000e+00 1.600000000000000089e+00 1.381999999999999982e-03 5.298999999999999891e-03 -9.999850000000000128e-01 3.896899999999999809e-01 -9.209359999999999769e-01 -4.342000000000000373e-03 -9.209450000000000136e-01 -3.896780000000000244e-01 -3.337999999999999821e-03
1.100000000000000000e+01 4.600000000000000000e+01 3.500000000000000000e+01 0.000000000000000000e+00 1.600000000000000089e+00 -1.389999999999999905e-04 -1.820000000000000057e-04 -1.000000000000000000e+00 3.926959999999999895e-01 -9.196680000000000410e-01 1.129999999999999955e-04 -9.196680000000000410e-01 -3.926959999999999895e-01 1.990000000000000124e-04
1.700000000000000000e+01 4.600000000000000000e+01 3.500000000000000000e+01 0.000000000000000000e+00 1.600000000000000089e+00 -2.020000000000000040e-04 3.319999999999999926e-04 -1.000000000000000000e+00 3.926490000000000258e-01 -9.196879999999999500e-01 -3.840000000000000097e-04 -9.196879999999999500e-01 -3.926499999999999990e-01 5.599999999999999916e-05
2.100000000000000000e+01 4.600000000000000000e+01 3.500000000000000000e+01 0.000000000000000000e+00 1.600000000000000089e+00 1.683000000000000034e-03 2.674999999999999861e-03 -9.999949999999999672e-01 3.924730000000000163e-01 -9.197619999999999685e-01 -1.799999999999999951e-03 -9.197619999999999685e-01 -3.924679999999999835e-01 -2.596999999999999916e-03
2.600000000000000000e+01 4.600000000000000000e+01 3.500000000000000000e+01 0.000000000000000000e+00 1.600000000000000089e+00 1.709999999999999932e-03 -1.247000000000000062e-03 -9.999980000000000535e-01 3.916470000000000229e-01 -9.201139999999999874e-01 1.817000000000000039e-03 -9.201139999999999874e-01 -3.916490000000000249e-01 -1.085000000000000027e-03
7.000000000000000000e+00 9.500000000000000000e+01 3.600000000000000000e+01 0.000000000000000000e+00 1.600000000000000089e+00 -3.369000000000000033e-03 -1.936200000000000074e-02 9.998070000000000013e-01 9.967399999999999594e-01 8.052900000000000336e-02 4.917999999999999629e-03 -8.060799999999999910e-02 9.965640000000000054e-01 1.902699999999999877e-02
1.700000000000000000e+01 9.500000000000000000e+01 3.600000000000000000e+01 0.000000000000000000e+00 1.600000000000000089e+00 6.368999999999999662e-03 1.936200000000000074e-02 9.997920000000000140e-01 9.968209999999999571e-01 7.927800000000000125e-02 -7.886000000000000648e-03 -7.941399999999999848e-02 9.966639999999999944e-01 -1.879600000000000021e-02
2.200000000000000000e+01 9.500000000000000000e+01 3.700000000000000000e+01 0.000000000000000000e+00 1.600000000000000089e+00 1.060299999999999958e-02 -3.899999999999999929e-05 9.999440000000000550e-01 9.947190000000000198e-01 1.020940000000000042e-01 -1.054399999999999955e-02 -1.020879999999999982e-01 9.947749999999999648e-01 1.121000000000000035e-03
1.600000000000000000e+01 2.900000000000000000e+01 4.400000000000000000e+01 0.000000000000000000e+00 1.600000000000000089e+00 -3.897999999999999989e-03 -3.314000000000000105e-03 -9.999869999999999592e-01 6.796699999999999964e-01 7.335009999999999586e-01 -5.080000000000000314e-03 7.335080000000000489e-01 -6.796809999999999796e-01 -6.070000000000000092e-04
2.300000000000000000e+01 2.900000000000000000e+01 4.400000000000000000e+01 0.000000000000000000e+00 1.600000000000000089e+00 6.999999999999999895e-06 -1.402999999999999950e-03 -9.999989999999999712e-01 6.759730000000000461e-01 7.369259999999999700e-01 -1.030000000000000100e-03 7.369259999999999700e-01 -6.759720000000000173e-01 9.539999999999999869e-04
2.600000000000000000e+01 2.900000000000000000e+01 4.400000000000000000e+01 0.000000000000000000e+00 1.600000000000000089e+00 3.099999999999999999e-04 1.855000000000000095e-03 -9.999980000000000535e-01 6.706269999999999731e-01 7.417930000000000357e-01 1.582999999999999989e-03 7.417949999999999822e-01 -6.706260000000000554e-01 -1.013999999999999927e-03
2.800000000000000000e+01 2.900000000000000000e+01 4.400000000000000000e+01 0.000000000000000000e+00 1.600000000000000089e+00 1.890000000000000133e-04 2.801999999999999803e-03 -9.999959999999999960e-01 6.674020000000000508e-01 7.446939999999999671e-01 2.213000000000000123e-03 7.446970000000000534e-01 -6.673999999999999932e-01 -1.729000000000000068e-03
1.900000000000000000e+01 5.000000000000000000e+00 5.100000000000000000e+01 0.000000000000000000e+00 1.600000000000000089e+00 7.225999999999999784e-03 3.789999999999999966e-04 -9.999740000000000295e-01 4.823310000000000097e-01 -8.759839999999999849e-01 3.152999999999999987e-03 -8.759590000000000432e-01 -4.823410000000000197e-01 -6.512999999999999692e-03
2.700000000000000000e+01 5.000000000000000000e+00 5.100000000000000000e+01 0.000000000000000000e+00 1.600000000000000089e+00 -3.825999999999999974e-03 2.660000000000000038e-03 -9.999890000000000168e-01 4.838000000000000078e-01 -8.751689999999999747e-01 -4.179000000000000423e-03 -8.751700000000000035e-01 -4.838100000000000178e-01 2.060999999999999898e-03
2.600000000000000000e+01 1.150000000000000000e+02 5.100000000000000000e+01 0.000000000000000000e+00 1.600000000000000089e+00 -7.899999999999999579e-05 -6.206999999999999844e-03 9.999810000000000088e-01 8.454270000000000396e-01 -5.340799999999999992e-01 -3.249000000000000152e-03 5.340899999999999537e-01 8.454110000000000236e-01 5.290000000000000431e-03
3.000000000000000000e+00 6.300000000000000000e+01 5.400000000000000000e+01 0.000000000000000000e+00 1.600000000000000089e+00 2.210000000000000050e-04 9.560000000000000355e-04 1.000000000000000000e+00 -3.486549999999999927e-01 9.372509999999999453e-01 -8.189999999999999581e-04 -9.372509999999999453e-01 -3.486540000000000195e-01 5.400000000000000069e-04
1.000000000000000000e+01 6.300000000000000000e+01 5.400000000000000000e+01 0.000000000000000000e+00 1.600000000000000089e+00 6.250000000000000130e-04 7.680000000000000195e-04 1.000000000000000000e+00 -3.477450000000000263e-01 9.375890000000000057e-01 -5.029999999999999749e-04 -9.375890000000000057e-01 -3.477450000000000263e-01 8.540000000000000499e-04
2.000000000000000000e+01 6.300000000000000000e+01 5.400000000000000000e+01 0.000000000000000000e+00 1.600000000000000089e+00 1.613999999999999983e-03 4.169999999999999987e-04 9.999989999999999712e-01 -3.400679999999999814e-01 9.404010000000000424e-01 1.569999999999999944e-04 -9.404000000000000137e-01 -3.400679999999999814e-01 1.660000000000000017e-03
2.700000000000000000e+01 6.300000000000000000e+01 5.400000000000000000e+01 0.000000000000000000e+00 1.600000000000000089e+00 7.550000000000000287e-04 -3.289999999999999739e-04 1.000000000000000000e+00 -3.552259999999999862e-01 9.347800000000000553e-01 5.760000000000000146e-04 -9.347800000000000553e-01 -3.552270000000000150e-01 5.890000000000000053e-04
5.000000000000000000e+00 2.500000000000000000e+01 5.500000000000000000e+01 0.000000000000000000e+00 1.600000000000000089e+00 6.459999999999999814e-04 -3.399000000000000112e-03 -9.999940000000000495e-01 -1.393499999999999947e-02 -9.998970000000000358e-01 3.389999999999999784e-03 -9.999029999999999863e-01 1.393199999999999994e-02 -6.930000000000000396e-04
9.000000000000000000e+00 2.500000000000000000e+01 5.500000000000000000e+01 0.000000000000000000e+00 1.600000000000000089e+00 -5.929999999999999941e-04 2.113999999999999994e-03 -9.999980000000000535e-01 -1.271500000000000061e-02 -9.999169999999999447e-01 -2.105999999999999799e-03 -9.999190000000000023e-01 1.271399999999999961e-02 6.199999999999999999e-04
1.600000000000000000e+01 2.500000000000000000e+01 5.500000000000000000e+01 0.000000000000000000e+00 1.600000000000000089e+00 1.559999999999999972e-04 2.095000000000000074e-03 -9.999980000000000535e-01 -1.022900000000000025e-02 -9.999449999999999728e-01 -2.096000000000000207e-03 -9.999479999999999480e-01 1.022900000000000025e-02 -1.350000000000000017e-04
2.500000000000000000e+01 2.500000000000000000e+01 5.500000000000000000e+01 0.000000000000000000e+00 1.600000000000000089e+00 6.290000000000000018e-04 1.500000000000000038e-05 -1.000000000000000000e+00 -1.372400000000000009e-02 -9.999059999999999615e-01 -2.300000000000000002e-05 -9.999059999999999615e-01 1.372400000000000009e-02 -6.290000000000000018e-04
3.000000000000000000e+01 2.500000000000000000e+01 5.500000000000000000e+01 0.000000000000000000e+00 1.600000000000000089e+00 6.830000000000000134e-04 4.524000000000000243e-03 -9.999900000000000455e-01 -1.390800000000000022e-02 -9.998930000000000318e-01 -4.532999999999999703e-03 -9.999029999999999863e-01 1.391099999999999975e-02 -6.199999999999999999e-04
2.300000000000000000e+01 2.100000000000000000e+01 6.000000000000000000e+01 0.000000000000000000e+00 1.600000000000000089e+00 8.210000000000000067e-04 7.525999999999999704e-03 9.999710000000000543e-01 -9.639200000000000546e-02 9.953159999999999785e-01 -7.411000000000000053e-03 -9.953429999999999778e-01 -9.638299999999999645e-02 1.543000000000000101e-03
7.000000000000000000e+00 6.000000000000000000e+00 6.100000000000000000e+01 0.000000000000000000e+00 1.600000000000000089e+00 -7.079999999999999705e-04 1.041000000000000042e-03 9.999989999999999712e-01 5.666550000000000198e-01 -8.239539999999999642e-01 1.258999999999999920e-03 8.239549999999999930e-01 5.666560000000000485e-01 -6.000000000000000152e-06
3.000000000000000000e+01 3.000000000000000000e+00 6.300000000000000000e+01 0.000000000000000000e+00 1.600000000000000089e+00 4.483000000000000006e-03 -3.957999999999999713e-03 9.999820000000000375e-01 -6.157580000000000275e-01 7.879129999999999745e-01 5.878999999999999677e-03 -7.879230000000000400e-01 -6.157730000000000148e-01 1.095000000000000053e-03
7.000000000000000000e+00 2.700000000000000000e+01 6.300000000000000000e+01 0.000000000000000000e+00 1.600000000000000089e+00 -3.686000000000000040e-03 -8.201999999999999222e-03 9.999599999999999600e-01 -2.730569999999999942e-01 9.619729999999999670e-01 6.884000000000000362e-03 -9.619910000000000405e-01 -2.730199999999999849e-01 -5.786000000000000344e-03
1.500000000000000000e+01 2.700000000000000000e+01 6.300000000000000000e+01 0.000000000000000000e+00 1.600000000000000089e+00 3.620000000000000171e-04 -3.435999999999999818e-03 9.999940000000000495e-01 -2.718119999999999981e-01 9.623439999999999772e-01 3.403999999999999908e-03 -9.623500000000000387e-01 -2.718119999999999981e-01 -5.860000000000000408e-04
1.900000000000000000e+01 2.700000000000000000e+01 6.300000000000000000e+01 0.000000000000000000e+00 1.600000000000000089e+00 -9.529999999999999626e-04 2.919999999999999961e-04 9.999989999999999712e-01 -2.742859999999999743e-01 9.616479999999999473e-01 -5.419999999999999471e-04 -9.616479999999999473e-01 -2.742870000000000030e-01 -8.360000000000000460e-04
2.700000000000000000e+01 2.700000000000000000e+01 6.300000000000000000e+01 0.000000000000000000e+00 1.600000000000000089e+00 1.201999999999999943e-03 -1.567999999999999949e-03 9.999980000000000535e-01 -2.709219999999999962e-01 9.626000000000000112e-01 1.835000000000000043e-03 -9.626010000000000399e-01 -2.709230000000000249e-01 7.320000000000000118e-04
8.000000000000000000e+00 2.600000000000000000e+01 6.400000000000000000e+01 0.000000000000000000e+00 1.600000000000000089e+00 -4.287000000000000012e-03 -1.081700000000000023e-02 9.999320000000000430e-01 -3.547790000000000110e-01 9.349110000000000475e-01 8.592000000000000678e-03 -9.349399999999999933e-01 -3.547179999999999778e-01 -7.846000000000000543e-03
1.800000000000000000e+01 2.600000000000000000e+01 6.400000000000000000e+01 0.000000000000000000e+00 1.600000000000000089e+00 -2.959999999999999849e-04 1.070999999999999903e-03 9.999989999999999712e-01 -3.602600000000000247e-01 9.328509999999999858e-01 -1.105999999999999995e-03 -9.328520000000000145e-01 -3.602600000000000247e-01 1.100000000000000039e-04
2.300000000000000000e+01 2.600000000000000000e+01 6.400000000000000000e+01 0.000000000000000000e+00 1.600000000000000089e+00 4.829999999999999767e-04 5.039999999999999992e-04 1.000000000000000000e+00 -3.592980000000000063e-01 9.332230000000000247e-01 -2.959999999999999849e-04 -9.332230000000000247e-01 -3.592980000000000063e-01 6.319999999999999663e-04
2.600000000000000000e+01 2.600000000000000000e+01 6.400000000000000000e+01 0.000000000000000000e+00 1.600000000000000089e+00 9.319999999999999942e-04 -1.742999999999999975e-03 9.999980000000000535e-01 -3.555690000000000239e-01 9.346480000000000343e-01 1.961000000000000069e-03 -9.346499999999999808e-01 -3.555699999999999972e-01 2.509999999999999753e-04
2.900000000000000000e+01 2.600000000000000000e+01 6.400000000000000000e+01 0.000000000000000000e+00 1.600000000000000089e+00 1.494000000000000102e-03 -3.779999999999999940e-03 9.999919999999999920e-01 -3.538459999999999939e-01 9.352949999999999875e-01 4.063999999999999904e-03 -9.353029999999999955e-01 -3.538490000000000246e-01 6.000000000000000152e-05
2.200000000000000000e+01 6.900000000000000000e+01 6.600000000000000000e+01 0.000000000000000000e+00 1.600000000000000089e+00 -8.869999999999999846e-04 2.331999999999999872e-03 9.999970000000000248e-01 -9.517529999999999601e-01 3.068620000000000236e-01 -1.559000000000000056e-03 -3.068649999999999989e-01 -9.517510000000000137e-01 1.946999999999999946e-03
5.000000000000000000e+00 2.500000000000000000e+01 7.300000000000000000e+01 0.000000000000000000e+00 1.600000000000000089e+00 1.031999999999999931e-03 8.720999999999999586e-03 9.999609999999999888e-01 7.540179999999999660e-01 -6.568349999999999467e-01 4.950000000000000407e-03 6.568530000000000202e-01 7.539839999999999876e-01 -7.254000000000000031e-03
2.200000000000000000e+01 2.500000000000000000e+01 7.300000000000000000e+01 0.000000000000000000e+00 1.600000000000000089e+00 -3.214999999999999976e-03 -7.204000000000000334e-03 9.999689999999999968e-01 7.380219999999999558e-01 -6.747720000000000384e-01 -2.488999999999999893e-03 6.747689999999999522e-01 7.379909999999999526e-01 7.485999999999999599e-03
2.800000000000000000e+01 2.500000000000000000e+01 7.300000000000000000e+01 0.000000000000000000e+00 1.600000000000000089e+00 -9.399999999999999719e-04 -4.410999999999999990e-03 9.999900000000000455e-01 7.354180000000000161e-01 -6.776100000000000456e-01 -2.298000000000000129e-03 6.776130000000000209e-01 7.354089999999999794e-01 3.880999999999999901e-03
4.000000000000000000e+00 4.400000000000000000e+01 7.300000000000000000e+01 0.000000000000000000e+00 1.600000000000000089e+00 8.897000000000000394e-03 1.032100000000000031e-02 9.999069999999999903e-01 5.267199999999999660e-02 -9.985629999999999784e-01 9.837999999999999523e-03 9.985720000000000152e-01 5.258000000000000174e-02 -9.428000000000000616e-03
7.000000000000000000e+00 4.400000000000000000e+01 7.300000000000000000e+01 0.000000000000000000e+00 1.600000000000000089e+00 2.190000000000000106e-03 3.180999999999999800e-03 9.999919999999999920e-01 5.493300000000000266e-02 -9.984849999999999559e-01 3.056000000000000123e-03 9.984880000000000422e-01 5.492500000000000160e-02 -2.361999999999999950e-03
1.400000000000000000e+01 4.400000000000000000e+01 7.300000000000000000e+01 0.000000000000000000e+00 1.600000000000000089e+00 2.863999999999999792e-03 3.441000000000000048e-03 9.999900000000000455e-01 5.422400000000000136e-02 -9.985230000000000494e-01 3.281000000000000062e-03 9.985249999999999959e-01 5.421499999999999930e-02 -3.046000000000000096e-03
1.700000000000000000e+01 4.400000000000000000e+01 7.300000000000000000e+01 0.000000000000000000e+00 1.600000000000000089e+00 1.665000000000000030e-03 2.507999999999999813e-03 9.999949999999999672e-01 5.442299999999999915e-02 -9.985150000000000414e-01 2.413999999999999913e-03 9.985169999999999879e-01 5.441900000000000209e-02 -1.799000000000000035e-03
2.200000000000000000e+01 4.400000000000000000e+01 7.300000000000000000e+01 0.000000000000000000e+00 1.600000000000000089e+00 -4.699999999999999859e-04 2.170000000000000054e-03 9.999980000000000535e-01 5.349799999999999695e-02 -9.985659999999999537e-01 2.191999999999999938e-03 9.985680000000000112e-01 5.349899999999999795e-02 3.530000000000000152e-04
2.600000000000000000e+01 4.400000000000000000e+01 7.300000000000000000e+01 0.000000000000000000e+00 1.600000000000000089e+00 -5.900000000000000296e-04 3.976000000000000367e-03 9.999919999999999920e-01 5.393599999999999783e-02 -9.985359999999999792e-01 4.002000000000000349e-03 9.985439999999999872e-01 5.393799999999999983e-02 3.739999999999999835e-04
2.900000000000000000e+01 4.400000000000000000e+01 7.300000000000000000e+01 0.000000000000000000e+00 1.600000000000000089e+00 -3.399999999999999973e-05 1.951000000000000043e-03 9.999980000000000535e-01 5.555800000000000322e-02 -9.984539999999999527e-01 1.948999999999999995e-03 9.984549999999999814e-01 5.555800000000000322e-02 -7.399999999999999623e-05
1.400000000000000000e+01 2.500000000000000000e+01 7.400000000000000000e+01 0.000000000000000000e+00 1.600000000000000089e+00 2.039000000000000014e-03 1.340000000000000045e-04 9.999980000000000535e-01 8.346489999999999743e-01 -5.507800000000000473e-01 -1.628000000000000107e-03 5.507790000000000186e-01 8.346500000000000030e-01 -1.234999999999999987e-03
1.900000000000000000e+01 2.500000000000000000e+01 7.400000000000000000e+01 0.000000000000000000e+00 1.600000000000000089e+00 1.477999999999999930e-03 -6.029999999999999770e-03 9.999810000000000088e-01 8.276390000000000136e-01 -5.612420000000000186e-01 -4.608000000000000117e-03 5.612589999999999524e-01 8.276299999999999768e-01 4.160999999999999768e-03
2.300000000000000000e+01 2.500000000000000000e+01 7.400000000000000000e+01 0.000000000000000000e+00 1.600000000000000089e+00 -2.880000000000000181e-03 -7.126999999999999655e-03 9.999700000000000255e-01 8.222329999999999917e-01 -5.691479999999999873e-01 -1.688000000000000047e-03 5.691429999999999545e-01 8.222040000000000459e-01 7.498999999999999590e-03
2.600000000000000000e+01 2.500000000000000000e+01 7.400000000000000000e+01 0.000000000000000000e+00 1.600000000000000089e+00 -1.678999999999999937e-03 -3.442999999999999880e-03 9.999930000000000208e-01 8.177929999999999922e-01 -5.755130000000000523e-01 -6.080000000000000335e-04 5.755109999999999948e-01 8.177860000000000129e-01 3.782000000000000205e-03
1.100000000000000000e+01 5.100000000000000000e+01 7.600000000000000000e+01 0.000000000000000000e+00 1.600000000000000089e+00 1.129999999999999928e-03 -2.000000000000000096e-04 -9.999989999999999712e-01 -3.979900000000000104e-01 -9.173900000000000388e-01 -2.660000000000000146e-04 -9.173890000000000100e-01 3.979900000000000104e-01 -1.116000000000000021e-03
1.700000000000000000e+01 5.100000000000000000e+01 7.600000000000000000e+01 0.000000000000000000e+00 1.600000000000000089e+00 -5.220000000000000031e-04 -1.211000000000000054e-03 -9.999989999999999712e-01 -3.999809999999999754e-01 -9.165219999999999478e-01 1.317999999999999944e-03 -9.165229999999999766e-01 3.999820000000000042e-01 -6.000000000000000152e-06
3.000000000000000000e+00 9.100000000000000000e+01 7.600000000000000000e+01 0.000000000000000000e+00 1.600000000000000089e+00 2.701999999999999975e-03 4.130000000000000099e-04 9.999959999999999960e-01 3.531540000000000235e-01 -9.355649999999999800e-01 -5.680000000000000370e-04 9.355609999999999760e-01 3.531540000000000235e-01 -2.674000000000000161e-03
