2.500000000000000000e+01 2.500000000000000000e+01 1.000000000000000000e+00 0.000000000000000000e+00 1.600000000000000089e+00 -5.460000000000000270e-02 -1.126500000000000071e-02 -9.984450000000000269e-01 -5.386389999999999789e-01 -8.416360000000000507e-01 3.895099999999999951e-02 -8.407660000000000133e-01 5.399279999999999635e-01 3.988499999999999684e-02
4.000000000000000000e+00 1.600000000000000000e+01 4.000000000000000000e+00 0.000000000000000000e+00 1.600000000000000089e+00 -2.310000000000000042e-04 8.097999999999999296e-03 9.999670000000000503e-01 3.241100000000000092e-01 -9.459880000000000511e-01 7.735999999999999821e-03 9.460190000000000543e-01 3.241009999999999724e-01 -2.406000000000000152e-03
1.300000000000000000e+01 1.600000000000000000e+01 4.000000000000000000e+00 0.000000000000000000e+00 1.600000000000000089e+00 -2.271000000000000015e-03 5.465000000000000240e-03 9.999820000000000375e-01 3.230979999999999963e-01 -9.463470000000000493e-01 5.905999999999999792e-03 9.463629999999999542e-01 3.231060000000000043e-01 3.829999999999999854e-04
1.700000000000000000e+01 1.600000000000000000e+01 4.000000000000000000e+00 0.000000000000000000e+00 1.600000000000000089e+00 2.397999999999999958e-03 6.346000000000000078e-03 9.999770000000000048e-01 3.248019999999999796e-01 -9.457680000000000531e-01 5.223000000000000212e-03 9.457790000000000363e-01 3.247820000000000151e-01 -4.329000000000000382e-03
2.200000000000000000e+01 1.600000000000000000e+01 4.000000000000000000e+00 0.000000000000000000e+00 1.600000000000000089e+00 3.370900000000000285e-02 -1.019380000000000008e-01 9.942189999999999639e-01 3.396339999999999915e-01 -9.344149999999999956e-01 -1.073209999999999997e-01 9.399530000000000385e-01 3.412890000000000090e-01 3.122999999999999908e-03
1.900000000000000000e+01 1.010000000000000000e+02 7.000000000000000000e+00 0.000000000000000000e+00 1.600000000000000089e+00 2.824999999999999820e-03 1.237100000000000005e-02 9.999190000000000023e-01 8.902919999999999723e-01 4.553170000000000273e-01 -8.148999999999999994e-03 -4.553820000000000090e-01 8.902430000000000065e-01 -9.726999999999999535e-03
2.400000000000000000e+01 1.010000000000000000e+02 7.000000000000000000e+00 0.000000000000000000e+00 1.600000000000000089e+00 -5.099999999999999960e-05 4.070100000000000107e-02 9.991710000000000313e-01 8.876500000000000501e-01 4.601399999999999935e-01 -1.869799999999999934e-02 -4.605190000000000117e-01 8.869129999999999514e-01 -3.615100000000000258e-02
2.900000000000000000e+01 1.010000000000000000e+02 7.000000000000000000e+00 0.000000000000000000e+00 1.600000000000000089e+00 5.599999999999999943e-03 3.444000000000000013e-03 9.999780000000000335e-01 8.848369999999999846e-01 4.658539999999999903e-01 -6.559999999999999859e-03 -4.658660000000000023e-01 8.848549999999999471e-01 -4.389999999999999914e-04
2.500000000000000000e+01 2.500000000000000000e+01 8.000000000000000000e+00 0.000000000000000000e+00 1.600000000000000089e+00 5.404199999999999976e-02 1.755970000000000031e-01 -9.829780000000000184e-01 4.554179999999999895e-01 8.717329999999999801e-01 1.807630000000000070e-01 8.886359999999999815e-01 -4.574349999999999805e-01 -3.286000000000000032e-02
2.000000000000000000e+00 2.600000000000000000e+01 8.000000000000000000e+00 0.000000000000000000e+00 1.600000000000000089e+00 -2.443999999999999992e-03 7.941999999999999407e-03 -9.999649999999999928e-01 4.291650000000000187e-01 9.032050000000000356e-01 6.124000000000000103e-03 9.032229999999999981e-01 -4.291360000000000174e-01 -5.616000000000000332e-03
7.000000000000000000e+00 2.600000000000000000e+01 8.000000000000000000e+00 0.000000000000000000e+00 1.600000000000000089e+00 -2.233000000000000176e-03 -9.764999999999999375e-03 -9.999500000000000055e-01 4.271639999999999882e-01 9.041209999999999525e-01 -9.783000000000000029e-03 9.041719999999999757e-01 -4.271639999999999882e-01 2.151999999999999833e-03
1.100000000000000000e+01 2.600000000000000000e+01 8.000000000000000000e+00 0.000000000000000000e+00 1.600000000000000089e+00 -3.102000000000000157e-03 -1.488300000000000040e-02 -9.998839999999999950e-01 4.272699999999999831e-01 9.040030000000000010e-01 -1.478100000000000074e-02 9.041190000000000060e-01 -4.272670000000000079e-01 3.555000000000000000e-03
1.700000000000000000e+01 2.600000000000000000e+01 8.000000000000000000e+00 0.000000000000000000e+00 1.600000000000000089e+00 7.240000000000000342e-04 1.275000000000000092e-03 -9.999989999999999712e-01 4.289109999999999867e-01 9.033449999999999536e-01 1.463000000000000108e-03 9.033459999999999823e-01 -4.289120000000000155e-01 1.069999999999999988e-04
3.000000000000000000e+00 1.400000000000000000e+01 9.000000000000000000e+00 0.000000000000000000e+00 1.600000000000000089e+00 5.147999999999999798e-03 1.097700000000000065e-02 -9.999259999999999815e-01 -5.544240000000000279e-01 -8.321479999999999988e-01 -1.198899999999999966e-02 -8.322190000000000420e-01 5.544449999999999656e-01 1.801999999999999999e-03
7.000000000000000000e+00 1.400000000000000000e+01 9.000000000000000000e+00 0.000000000000000000e+00 1.600000000000000089e+00 2.441000000000000027e-03 3.135000000000000200e-03 -9.999919999999999920e-01 -5.551150000000000251e-01 -8.317639999999999478e-01 -3.963000000000000377e-03 -8.317700000000000093e-01 5.551209999999999756e-01 -2.900000000000000017e-04
2.500000000000000000e+01 2.400000000000000000e+01 9.000000000000000000e+00 0.000000000000000000e+00 1.600000000000000089e+00 4.936100000000000210e-02 1.840479999999999894e-01 -9.816770000000000218e-01 4.607180000000000164e-01 8.678639999999999688e-01 1.858760000000000134e-01 8.861729999999999885e-01 -4.614519999999999733e-01 -4.195600000000000024e-02
3.000000000000000000e+01 2.400000000000000000e+01 9.000000000000000000e+00 0.000000000000000000e+00 1.600000000000000089e+00 2.642999999999999950e-03 9.924999999999999795e-03 -9.999470000000000303e-01 4.534000000000000252e-01 8.912510000000000154e-01 1.004400000000000084e-02 8.913029999999999564e-01 -4.534020000000000272e-01 -2.145000000000000205e-03
2.900000000000000000e+01 1.020000000000000000e+02 9.000000000000000000e+00 0.000000000000000000e+00 1.600000000000000089e+00 5.272999999999999909e-03 1.999999999999999909e-06 9.999860000000000415e-01 9.224400000000000377e-01 3.861089999999999800e-01 -4.865000000000000401e-03 -3.861040000000000028e-01 9.224529999999999674e-01 2.033999999999999784e-03
2.200000000000000000e+01 4.000000000000000000e+00 1.100000000000000000e+01 0.000000000000000000e+00 1.600000000000000089e+00 -6.204699999999999799e-02 -6.637279999999999847e-01 -7.453959999999999475e-01 1.730820000000000136e-01 7.283640000000000114e-01 -6.629690000000000305e-01 9.829510000000000192e-01 -1.701499999999999957e-01 6.968599999999999794e-02
1.000000000000000000e+00 3.100000000000000000e+01 1.200000000000000000e+01 0.000000000000000000e+00 1.600000000000000089e+00 -2.770000000000000110e-04 -3.959999999999999762e-04 1.000000000000000000e+00 1.503600000000000075e-02 9.998869999999999703e-01 4.000000000000000192e-04 -9.998869999999999703e-01 1.503600000000000075e-02 -2.709999999999999735e-04
1.400000000000000000e+01 3.100000000000000000e+01 1.200000000000000000e+01 0.000000000000000000e+00 1.600000000000000089e+00 2.799999999999999755e-04 -4.100000000000000047e-05 1.000000000000000000e+00 1.740399999999999933e-02 9.998489999999999878e-01 3.600000000000000091e-05 -9.998479999999999590e-01 1.740399999999999933e-02 2.799999999999999755e-04
2.200000000000000000e+01 3.100000000000000000e+01 1.200000000000000000e+01 0.000000000000000000e+00 1.600000000000000089e+00 2.488999999999999893e-03 3.703000000000000128e-03 9.999900000000000455e-01 1.062800000000000029e-02 9.999369999999999647e-01 -3.729000000000000110e-03 -9.999400000000000510e-01 1.063799999999999989e-02 2.449999999999999921e-03
3.000000000000000000e+01 3.100000000000000000e+01 1.200000000000000000e+01 0.000000000000000000e+00 1.600000000000000089e+00 -2.922000000000000118e-03 1.211999999999999970e-03 9.999949999999999672e-01 -4.682999999999999663e-03 9.999879999999999880e-01 -1.226000000000000093e-03 -9.999850000000000128e-01 -4.686000000000000061e-03 -2.916000000000000189e-03
2.700000000000000000e+01 3.500000000000000000e+01 1.200000000000000000e+01 0.000000000000000000e+00 1.600000000000000089e+00 7.660000000000000142e-03 -2.724499999999999839e-02 -9.995990000000000153e-01 5.335530000000000550e-01 -8.453319999999999723e-01 2.712900000000000034e-02 -8.457320000000000393e-01 -5.335469999999999935e-01 8.061000000000000457e-03
1.700000000000000000e+01 3.200000000000000000e+01 1.400000000000000000e+01 0.000000000000000000e+00 1.600000000000000089e+00 1.670999999999999959e-03 1.936999999999999920e-03 -9.999970000000000248e-01 1.270380000000000120e-01 9.918959999999999999e-01 2.134000000000000046e-03 9.918959999999999999e-01 -1.270409999999999873e-01 1.410999999999999928e-03
2.500000000000000000e+01 1.200000000000000000e+01 1.500000000000000000e+01 0.000000000000000000e+00 1.600000000000000089e+00 -4.168700000000000183e-02 -5.873799999999999855e-02 -9.974030000000000395e-01 -4.639030000000000098e-01 -8.830050000000000399e-01 7.138999999999999513e-02 -8.849050000000000527e-01 4.656739999999999768e-01 9.561000000000000054e-03
4.000000000000000000e+00 1.160000000000000000e+02 1.600000000000000000e+01 0.000000000000000000e+00 1.600000000000000089e+00 -1.428000000000000016e-03 -2.933999999999999976e-03 9.999949999999999672e-01 7.069699999999999873e-01 7.072370000000000045e-01 3.083999999999999936e-03 -7.072429999999999550e-01 7.069699999999999873e-01 1.064000000000000059e-03
8.000000000000000000e+00 1.160000000000000000e+02 1.600000000000000000e+01 0.000000000000000000e+00 1.600000000000000089e+00 -8.919999999999999978e-04 -6.769999999999999759e-04 9.999989999999999712e-01 6.774900000000000366e-01 7.355310000000000459e-01 1.101999999999999898e-03 -7.355319999999999636e-01 6.774900000000000366e-01 -1.979999999999999881e-04
1.100000000000000000e+01 1.160000000000000000e+02 1.600000000000000000e+01 0.000000000000000000e+00 1.600000000000000089e+00 7.169999999999999724e-04 8.940000000000000464e-04 9.999989999999999712e-01 6.721089999999999565e-01 7.404509999999999703e-01 -1.144000000000000052e-03 -7.404519999999999991e-01 6.721089999999999565e-01 -6.999999999999999387e-05
1.900000000000000000e+01 1.160000000000000000e+02 1.600000000000000000e+01 0.000000000000000000e+00 1.600000000000000089e+00 5.369999999999999774e-03 6.231999999999999693e-03 9.999660000000000215e-01 6.857410000000000450e-01 7.277989999999999737e-01 -8.219000000000000611e-03 -7.278259999999999730e-01 6.857619999999999827e-01 -3.660000000000000059e-04
2.200000000000000000e+01 1.160000000000000000e+02 1.600000000000000000e+01 0.000000000000000000e+00 1.600000000000000089e+00 1.553399999999999920e-02 2.568900000000000003e-02 9.995490000000000208e-01 7.016240000000000254e-01 7.119490000000000540e-01 -2.920199999999999879e-02 -7.123779999999999557e-01 7.017609999999999681e-01 -6.964999999999999837e-03
2.900000000000000000e+01 1.160000000000000000e+02 1.600000000000000000e+01 0.000000000000000000e+00 1.600000000000000089e+00 9.890000000000000787e-04 3.197000000000000189e-03 9.999940000000000495e-01 7.662210000000000409e-01 6.425710000000000033e-01 -2.811999999999999830e-03 -6.425760000000000360e-01 7.662200000000000122e-01 -1.814000000000000074e-03
2.000000000000000000e+00 2.000000000000000000e+00 1.900000000000000000e+01 0.000000000000000000e+00 1.600000000000000089e+00 -7.810000000000000102e-04 9.117999999999999369e-03 -9.999580000000000135e-01 1.572749999999999981e-01 -9.875129999999999741e-01 -9.128000000000000697e-03 -9.875540000000000429e-01 -1.572759999999999991e-01 -6.620000000000000450e-04
7.000000000000000000e+00 2.000000000000000000e+00 1.900000000000000000e+01 0.000000000000000000e+00 1.600000000000000089e+00 3.269999999999999903e-03 2.180000000000000134e-04 -9.999949999999999672e-01 1.601049999999999973e-01 -9.870999999999999774e-01 3.080000000000000055e-04 -9.870949999999999447e-01 -1.601059999999999983e-01 -3.262999999999999842e-03
1.000000000000000000e+01 2.000000000000000000e+00 1.900000000000000000e+01 0.000000000000000000e+00 1.600000000000000089e+00 2.910999999999999959e-03 -1.804999999999999964e-03 -9.999940000000000495e-01 1.613860000000000017e-01 -9.868890000000000162e-01 2.250999999999999963e-03 -9.868869999999999587e-01 -1.613920000000000077e-01 -2.580999999999999961e-03
1.500000000000000000e+01 2.000000000000000000e+00 1.900000000000000000e+01 0.000000000000000000e+00 1.600000000000000089e+00 -7.110000000000000434e-04 -8.770000000000000018e-03 -9.999609999999999888e-01 1.622190000000000021e-01 -9.867179999999999840e-01 8.538000000000000450e-03 -9.867550000000000487e-01 -1.622069999999999901e-01 2.124000000000000020e-03
2.200000000000000000e+01 2.000000000000000000e+00 1.900000000000000000e+01 0.000000000000000000e+00 1.600000000000000089e+00 -1.354900000000000028e-02 3.486700000000000216e-02 -9.992999999999999661e-01 1.820460000000000134e-01 -9.826030000000000042e-01 -3.675199999999999995e-02 -9.831969999999999876e-01 -1.824159999999999948e-01 6.965999999999999970e-03
3.000000000000000000e+00 1.300000000000000000e+01 2.000000000000000000e+01 0.000000000000000000e+00 1.600000000000000089e+00 -5.770000000000000389e-04 1.340000000000000045e-04 1.000000000000000000e+00 2.606209999999999916e-01 9.654409999999999936e-01 2.099999999999999884e-05 -9.654409999999999936e-01 2.606209999999999916e-01 -5.910000000000000539e-04
9.000000000000000000e+00 1.300000000000000000e+01 2.000000000000000000e+01 0.000000000000000000e+00 1.600000000000000089e+00 1.077000000000000049e-03 -2.608000000000000075e-03 9.999959999999999960e-01 2.620580000000000132e-01 9.650499999999999634e-01 2.233999999999999875e-03 -9.650520000000000209e-01 2.620540000000000092e-01 1.722999999999999922e-03
1.400000000000000000e+01 1.300000000000000000e+01 2.000000000000000000e+01 0.000000000000000000e+00 1.600000000000000089e+00 9.759999999999999796e-04 9.340000000000000429e-04 9.999989999999999712e-01 2.622289999999999899e-01 9.650050000000000017e-01 -1.157000000000000042e-03 -9.650050000000000017e-01 2.622300000000000186e-01 6.970000000000000284e-04
1.800000000000000000e+01 1.300000000000000000e+01 2.000000000000000000e+01 0.000000000000000000e+00 1.600000000000000089e+00 1.129999999999999928e-03 1.087399999999999999e-02 9.999400000000000510e-01 2.614699999999999802e-01 9.651509999999999811e-01 -1.079100000000000024e-02 -9.652110000000000412e-01 2.614670000000000050e-01 -1.752000000000000085e-03
2.500000000000000000e+01 1.300000000000000000e+01 2.000000000000000000e+01 0.000000000000000000e+00 1.600000000000000089e+00 3.922000000000000139e-03 5.940399999999999847e-02 9.982259999999999467e-01 2.601069999999999771e-01 9.638130000000000308e-01 -5.837799999999999934e-02 -9.655719999999999859e-01 2.598739999999999939e-01 -1.167100000000000082e-02
3.000000000000000000e+00 1.600000000000000000e+01 2.100000000000000000e+01 0.000000000000000000e+00 1.600000000000000089e+00 3.190000000000000019e-04 3.811999999999999850e-03 9.999930000000000208e-01 2.983419999999999961e-01 9.544519999999999671e-01 -3.733000000000000207e-03 -9.544589999999999463e-01 2.983410000000000228e-01 -8.329999999999999731e-04
1.100000000000000000e+01 1.600000000000000000e+01 2.100000000000000000e+01 0.000000000000000000e+00 1.600000000000000089e+00 6.359999999999999551e-04 -1.461999999999999975e-03 9.999989999999999712e-01 2.978390000000000204e-01 9.546160000000000201e-01 1.206000000000000041e-03 -9.546160000000000201e-01 2.978370000000000184e-01 1.043000000000000090e-03
1.500000000000000000e+01 1.600000000000000000e+01 2.100000000000000000e+01 0.000000000000000000e+00 1.600000000000000089e+00 2.030000000000000012e-04 2.027999999999999855e-03 9.999980000000000535e-01 2.956239999999999979e-01 9.553019999999999845e-01 -1.997000000000000077e-03 -9.553040000000000420e-01 2.956230000000000246e-01 -4.049999999999999781e-04
1.800000000000000000e+01 1.600000000000000000e+01 2.100000000000000000e+01 0.000000000000000000e+00 1.600000000000000089e+00 1.137999999999999906e-03 1.013099999999999938e-02 9.999479999999999480e-01 2.948620000000000130e-01 9.554869999999999752e-01 -1.001600000000000060e-02 -9.555390000000000272e-01 2.948580000000000090e-01 -1.899999999999999996e-03
2.500000000000000000e+01 1.600000000000000000e+01 2.100000000000000000e+01 0.000000000000000000e+00 1.600000000000000089e+00 6.824000000000000205e-03 6.387199999999999822e-02 9.979350000000000165e-01 2.976090000000000124e-01 9.526069999999999816e-01 -6.300600000000000644e-02 -9.546639999999999571e-01 2.974240000000000217e-01 -1.250800000000000002e-02
3.000000000000000000e+01 1.600000000000000000e+01 2.100000000000000000e+01 0.000000000000000000e+00 1.600000000000000089e+00 2.910000000000000260e-04 4.109999999999999938e-03 9.999919999999999920e-01 2.991969999999999907e-01 9.541830000000000034e-01 -4.009000000000000410e-03 -9.541910000000000114e-01 2.991960000000000175e-01 -9.520000000000000467e-04
2.900000000000000000e+01 3.000000000000000000e+00 2.500000000000000000e+01 0.000000000000000000e+00 1.600000000000000089e+00 3.445999999999999844e-03 -8.419999999999999750e-04 9.999940000000000495e-01 -3.239899999999999725e-02 -9.994750000000000023e-01 -7.299999999999999632e-04 9.994690000000000518e-01 -3.239600000000000118e-02 -3.471000000000000127e-03
1.500000000000000000e+01 4.600000000000000000e+01 2.700000000000000000e+01 0.000000000000000000e+00 1.600000000000000089e+00 1.152999999999999945e-03 1.619999999999999912e-03 -9.999980000000000535e-01 6.885750000000000481e-01 7.251630000000000020e-01 1.968999999999999830e-03 7.251640000000000308e-01 -6.885759999999999659e-01 -2.790000000000000054e-04
1.000000000000000000e+00 5.800000000000000000e+01 3.100000000000000000e+01 0.000000000000000000e+00 1.600000000000000089e+00 -2.750000000000000166e-04 2.295000000000000165e-03 9.999970000000000248e-01 -7.976860000000000062e-01 -6.030720000000000525e-01 1.165000000000000020e-03 6.030729999999999702e-01 -7.976830000000000309e-01 1.997000000000000077e-03
6.000000000000000000e+00 5.800000000000000000e+01 3.100000000000000000e+01 0.000000000000000000e+00 1.600000000000000089e+00 3.899999999999999929e-04 6.930000000000000396e-04 1.000000000000000000e+00 -7.960519999999999818e-01 -6.052269999999999595e-01 7.299999999999999632e-04 6.052269999999999595e-01 -7.960530000000000106e-01 3.159999999999999832e-04
1.200000000000000000e+01 5.800000000000000000e+01 3.100000000000000000e+01 0.000000000000000000e+00 1.600000000000000089e+00 -1.023000000000000038e-03 -8.399999999999999535e-05 1.000000000000000000e+00 -7.980620000000000491e-01 -6.025749999999999718e-01 -8.670000000000000406e-04 6.025749999999999718e-01 -7.980620000000000491e-01 5.490000000000000088e-04
1.700000000000000000e+01 5.800000000000000000e+01 3.100000000000000000e+01 0.000000000000000000e+00 1.600000000000000089e+00 9.150000000000000147e-04 -1.502999999999999996e-03 9.999980000000000535e-01 -7.980570000000000164e-01 -6.025819999999999510e-01 -1.749999999999999982e-04 6.025810000000000333e-01 -7.980549999999999589e-01 -1.750000000000000036e-03
2.200000000000000000e+01 5.800000000000000000e+01 3.100000000000000000e+01 0.000000000000000000e+00 1.600000000000000089e+00 2.007300000000000056e-02 3.830999999999999683e-02 9.990639999999999521e-01 -7.895790000000000308e-01 -6.123859999999999859e-01 3.934599999999999903e-02 6.133199999999999763e-01 -7.896300000000000541e-01 1.795599999999999974e-02
2.800000000000000000e+01 5.800000000000000000e+01 3.100000000000000000e+01 0.000000000000000000e+00 1.600000000000000089e+00 5.222000000000000079e-03 1.177399999999999974e-02 9.999169999999999447e-01 -7.686260000000000314e-01 -6.395950000000000246e-01 1.154499999999999971e-02 6.396779999999999688e-01 -7.686220000000000274e-01 5.708999999999999665e-03
8.000000000000000000e+00 3.200000000000000000e+01 3.300000000000000000e+01 0.000000000000000000e+00 1.600000000000000089e+00 1.998999999999999909e-03 1.985999999999999918e-03 9.999959999999999960e-01 -2.691899999999999848e-01 9.630859999999999976e-01 -1.374999999999999920e-03 -9.630849999999999689e-01 -2.691859999999999808e-01 2.459999999999999947e-03
9.000000000000000000e+00 4.600000000000000000e+01 3.500000000000000000e+01 0.000000000000000000e+00 1.600000000000000089e+00 9.179999999999999792e-04 -5.727999999999999585e-03 -9.999829999999999552e-01 3.901680000000000148e-01 -9.207269999999999621e-01 5.632999999999999986e-03 -9.207429999999999781e-01 -3.901660000000000128e-01 1.389999999999999960e-03
1.300000000000000000e+01 4.600000000000000000e+01 3.500000000000000000e+01 0.000000000000000000e+00 1.600000000000000089e+00 2.239999999999999966e-04 -6.710000000000000469e-04 -1.000000000000000000e+00 3.893880000000000119e-01 -9.210739999999999483e-01 7.050000000000000060e-04 -9.210739999999999483e-01 -3.893880000000000119e-01 5.500000000000000196e-05
2.200000000000000000e+01 4.600000000000000000e+01 3.500000000000000000e+01 0.000000000000000000e+00 1.600000000000000089e+00 -8.899999999999999491e-04 2.607500000000000095e-02 -9.996599999999999930e-01 3.899659999999999793e-01 -9.205069999999999641e-01 -2.435800000000000118e-02 -9.208290000000000086e-01 -3.898550000000000071e-01 -9.348999999999999672e-03
2.700000000000000000e+01 4.600000000000000000e+01 3.500000000000000000e+01 0.000000000000000000e+00 1.600000000000000089e+00 -1.110000000000000092e-03 1.448400000000000035e-02 -9.998939999999999495e-01 3.941950000000000176e-01 -9.189239999999999631e-01 -1.374900000000000080e-02 -9.190260000000000096e-01 -3.941689999999999916e-01 -4.688999999999999592e-03
2.000000000000000000e+00 9.500000000000000000e+01 3.600000000000000000e+01 0.000000000000000000e+00 1.600000000000000089e+00 -5.009999999999999697e-03 -2.521199999999999830e-02 9.996699999999999475e-01 9.971830000000000416e-01 7.468900000000000539e-02 6.880999999999999964e-03 -7.483700000000000074e-02 9.968879999999999963e-01 2.476700000000000082e-02
5.000000000000000000e+00 9.500000000000000000e+01 3.600000000000000000e+01 0.000000000000000000e+00 1.600000000000000089e+00 -2.321999999999999845e-03 -1.763199999999999837e-02 9.998420000000000085e-01 9.972879999999999523e-01 7.350399999999999989e-02 3.612000000000000193e-03 -7.355599999999999639e-02 9.971389999999999976e-01 1.741300000000000139e-02
1.000000000000000000e+01 9.500000000000000000e+01 3.600000000000000000e+01 0.000000000000000000e+00 1.600000000000000089e+00 -1.257000000000000088e-03 3.980000000000000031e-03 9.999909999999999632e-01 9.970390000000000086e-01 7.688599999999999601e-02 9.470000000000000336e-04 -7.688100000000000489e-02 9.970320000000000293e-01 -4.065000000000000037e-03
1.300000000000000000e+01 9.500000000000000000e+01 3.600000000000000000e+01 0.000000000000000000e+00 1.600000000000000089e+00 -2.099999999999999884e-05 6.598999999999999831e-03 9.999780000000000335e-01 9.968390000000000306e-01 7.945000000000000673e-02 -5.029999999999999749e-04 -7.945199999999999485e-02 9.968169999999999531e-01 -6.579999999999999911e-03
2.800000000000000000e+01 9.500000000000000000e+01 3.600000000000000000e+01 0.000000000000000000e+00 1.600000000000000089e+00 8.285999999999999963e-03 6.683000000000000052e-02 9.977300000000000058e-01 9.971339999999999648e-01 7.448599999999999666e-02 -1.327099999999999981e-02 -7.520399999999999308e-02 9.949799999999999756e-01 -6.602099999999999635e-02
2.500000000000000000e+01 3.000000000000000000e+00 4.300000000000000000e+01 0.000000000000000000e+00 1.600000000000000089e+00 3.161200000000000121e-02 1.770629999999999982e-01 -9.836920000000000108e-01 7.317230000000000123e-01 -6.745349999999999957e-01 -9.790000000000000091e-02 -6.808689999999999465e-01 -7.166949999999999710e-01 -1.508849999999999913e-01
2.000000000000000000e+00 2.900000000000000000e+01 4.400000000000000000e+01 0.000000000000000000e+00 1.600000000000000089e+00 -4.312999999999999994e-03 -2.484999999999999796e-03 -9.999879999999999880e-01 6.763320000000000443e-01 7.365810000000000413e-01 -4.747999999999999617e-03 7.365840000000000165e-01 -6.763449999999999740e-01 -1.495999999999999934e-03
1.300000000000000000e+01 2.900000000000000000e+01 4.400000000000000000e+01 0.000000000000000000e+00 1.600000000000000089e+00 -1.833999999999999910e-03 3.710000000000000190e-04 -9.999980000000000535e-01 6.561139999999999750e-01 7.546610000000000262e-01 -9.240000000000000166e-04 7.546599999999999975e-01 -6.561139999999999750e-01 -1.628000000000000107e-03
1.900000000000000000e+01 2.900000000000000000e+01 4.400000000000000000e+01 0.000000000000000000e+00 1.600000000000000089e+00 2.439999999999999949e-04 4.508999999999999987e-03 -9.999900000000000455e-01 6.544889999999999874e-01 7.560630000000000406e-01 3.569000000000000124e-03 7.560719999999999663e-01 -6.544830000000000370e-01 -2.766999999999999928e-03
2.500000000000000000e+01 2.900000000000000000e+01 4.400000000000000000e+01 0.000000000000000000e+00 1.600000000000000089e+00 1.544200000000000086e-02 2.583299999999999833e-02 -9.995469999999999633e-01 6.490019999999999678e-01 7.602079999999999949e-01 2.967399999999999899e-02 7.606300000000000283e-01 -6.491660000000000208e-01 -5.027000000000000218e-03
6.000000000000000000e+00 7.000000000000000000e+01 4.700000000000000000e+01 0.000000000000000000e+00 1.600000000000000089e+00 -5.619999999999999996e-04 -2.999999999999999737e-04 -1.000000000000000000e+00 -8.421189999999999509e-01 -5.392909999999999648e-01 6.350000000000000392e-04 -5.392909999999999648e-01 8.421189999999999509e-01 5.000000000000000240e-05
2.800000000000000000e+01 5.000000000000000000e+00 5.100000000000000000e+01 0.000000000000000000e+00 1.600000000000000089e+00 4.307000000000000065e-03 1.712100000000000080e-02 -9.998439999999999550e-01 4.830459999999999754e-01 -8.754999999999999449e-01 -1.291100000000000060e-02 -8.755840000000000289e-01 -4.829149999999999832e-01 -1.204099999999999962e-02
7.000000000000000000e+00 6.000000000000000000e+00 5.100000000000000000e+01 0.000000000000000000e+00 1.600000000000000089e+00 -1.431999999999999896e-03 -1.060000000000000016e-04 -9.999989999999999712e-01 3.237900000000000222e-01 -9.461289999999999978e-01 -3.629999999999999872e-04 -9.461279999999999690e-01 -3.237900000000000222e-01 1.389000000000000044e-03
2.000000000000000000e+00 1.150000000000000000e+02 5.100000000000000000e+01 0.000000000000000000e+00 1.600000000000000089e+00 -3.334000000000000158e-03 -5.048000000000000403e-03 9.999820000000000375e-01 8.446040000000000214e-01 -5.353909999999999503e-01 1.129999999999999955e-04 5.353809999999999958e-01 8.445890000000000342e-01 6.048999999999999690e-03
1.000000000000000000e+01 7.000000000000000000e+00 5.200000000000000000e+01 0.000000000000000000e+00 1.600000000000000089e+00 3.563999999999999894e-03 -2.520999999999999804e-03 -9.999900000000000455e-01 8.889099999999999779e-02 -9.960369999999999502e-01 2.827999999999999785e-03 -9.960350000000000037e-01 -8.890000000000000679e-02 -3.324999999999999831e-03
7.000000000000000000e+00 6.300000000000000000e+01 5.400000000000000000e+01 0.000000000000000000e+00 1.600000000000000089e+00 -6.849999999999999535e-04 -9.399999999999999448e-05 1.000000000000000000e+00 -3.537770000000000081e-01 9.353299999999999947e-01 -1.540000000000000028e-04 -9.353299999999999947e-01 -3.537770000000000081e-01 -6.740000000000000114e-04
1.300000000000000000e+01 6.300000000000000000e+01 5.400000000000000000e+01 0.000000000000000000e+00 1.600000000000000089e+00 4.789999999999999879e-04 3.930999999999999599e-03 9.999919999999999920e-01 -3.556400000000000117e-01 9.346170000000000311e-01 -3.504000000000000170e-03 -9.346229999999999816e-01 -3.556349999999999789e-01 1.845999999999999985e-03
1.600000000000000000e+01 6.300000000000000000e+01 5.400000000000000000e+01 0.000000000000000000e+00 1.600000000000000089e+00 -5.569999999999999864e-04 2.693000000000000081e-03 9.999959999999999960e-01 -3.553669999999999884e-01 9.347229999999999706e-01 -2.716000000000000098e-03 -9.347269999999999746e-01 -3.553680000000000172e-01 4.369999999999999970e-04
1.800000000000000000e+01 6.300000000000000000e+01 5.400000000000000000e+01 0.000000000000000000e+00 1.600000000000000089e+00 3.499999999999999693e-05 3.109999999999999917e-03 9.999949999999999672e-01 -3.548839999999999772e-01 9.349060000000000148e-01 -2.896000000000000137e-03 -9.349100000000000188e-01 -3.548819999999999752e-01 1.136000000000000074e-03
2.500000000000000000e+01 6.300000000000000000e+01 5.400000000000000000e+01 0.000000000000000000e+00 1.600000000000000089e+00 5.001000000000000237e-03 2.556399999999999992e-02 9.996610000000000218e-01 -3.521119999999999806e-01 9.356950000000000545e-01 -2.216699999999999920e-02 -9.359450000000000269e-01 -3.518819999999999726e-01 1.368100000000000045e-02
2.900000000000000000e+01 6.300000000000000000e+01 5.400000000000000000e+01 0.000000000000000000e+00 1.600000000000000089e+00 2.462000000000000213e-03 5.720000000000000258e-04 9.999970000000000248e-01 -3.511920000000000042e-01 9.363040000000000251e-01 3.299999999999999982e-04 -9.363000000000000211e-01 -3.511909999999999754e-01 2.505999999999999981e-03
1.000000000000000000e+00 2.500000000000000000e+01 5.500000000000000000e+01 0.000000000000000000e+00 1.600000000000000089e+00 2.122999999999999887e-03 -1.310000000000000129e-04 -9.999980000000000535e-01 -1.124499999999999979e-02 -9.999369999999999647e-01 1.069999999999999988e-04 -9.999339999999999895e-01 1.124400000000000052e-02 -2.124000000000000020e-03
7.000000000000000000e+00 2.500000000000000000e+01 5.500000000000000000e+01 0.000000000000000000e+00 1.600000000000000089e+00 -4.240000000000000062e-04 -1.534999999999999906e-03 -9.999989999999999712e-01 -1.206800000000000060e-02 -9.999259999999999815e-01 1.539999999999999919e-03 -9.999270000000000103e-01 1.206899999999999987e-02 4.060000000000000024e-04
1.100000000000000000e+01 2.500000000000000000e+01 5.500000000000000000e+01 0.000000000000000000e+00 1.600000000000000089e+00 1.479000000000000063e-03 -2.329999999999999986e-04 -9.999989999999999712e-01 -1.240400000000000010e-02 -9.999230000000000063e-01 2.149999999999999947e-04 -9.999219999999999775e-01 1.240300000000000083e-02 -1.482000000000000027e-03
1.700000000000000000e+01 2.500000000000000000e+01 5.500000000000000000e+01 0.000000000000000000e+00 1.600000000000000089e+00 -3.370000000000000057e-04 -2.500000000000000120e-05 -1.000000000000000000e+00 -1.221399999999999916e-02 -9.999249999999999527e-01 3.000000000000000076e-05 -9.999249999999999527e-01 1.221399999999999916e-02 3.359999999999999814e-04
2.300000000000000000e+01 2.500000000000000000e+01 5.500000000000000000e+01 0.000000000000000000e+00 1.600000000000000089e+00 9.899999999999999946e-04 8.746000000000000302e-03 -9.999609999999999888e-01 -1.246899999999999918e-02 -9.998839999999999950e-01 -8.758000000000000160e-03 -9.999219999999999775e-01 1.247700000000000024e-02 -8.809999999999999472e-04
2.600000000000000000e+01 2.500000000000000000e+01 5.500000000000000000e+01 0.000000000000000000e+00 1.600000000000000089e+00 2.301000000000000094e-03 6.892999999999999822e-03 -9.999740000000000295e-01 -1.276300000000000004e-02 -9.998949999999999783e-01 -6.922000000000000201e-03 -9.999160000000000270e-01 1.277799999999999943e-02 -2.213000000000000123e-03
2.600000000000000000e+01 2.100000000000000000e+01 6.000000000000000000e+01 0.000000000000000000e+00 1.600000000000000089e+00 -3.054999999999999990e-03 3.603399999999999659e-02 9.993459999999999566e-01 -9.328999999999999793e-02 9.949820000000000331e-01 -3.616199999999999970e-02 -9.956340000000000190e-01 -9.334000000000000630e-02 3.220000000000000206e-04
2.800000000000000000e+01 3.000000000000000000e+00 6.300000000000000000e+01 0.000000000000000000e+00 1.600000000000000089e+00 8.369999999999999619e-04 2.707599999999999937e-02 9.996329999999999938e-01 -6.170630000000000281e-01 7.866389999999999771e-01 -2.078999999999999945e-02 -7.869129999999999736e-01 -6.168190000000000062e-01 1.736599999999999949e-02
4.000000000000000000e+00 2.700000000000000000e+01 6.300000000000000000e+01 0.000000000000000000e+00 1.600000000000000089e+00 1.498999999999999898e-03 2.027999999999999855e-03 9.999970000000000248e-01 -2.843410000000000104e-01 9.587219999999999631e-01 -1.518000000000000035e-03 -9.587219999999999631e-01 -2.843379999999999797e-01 2.013000000000000032e-03
1.200000000000000000e+01 2.700000000000000000e+01 6.300000000000000000e+01 0.000000000000000000e+00 1.600000000000000089e+00 1.817000000000000039e-03 -6.610000000000000207e-04 9.999980000000000535e-01 -2.876819999999999933e-01 9.577250000000000485e-01 1.155999999999999910e-03 -9.577240000000000197e-01 -2.876830000000000220e-01 1.549999999999999946e-03
1.600000000000000000e+01 2.700000000000000000e+01 6.300000000000000000e+01 0.000000000000000000e+00 1.600000000000000089e+00 -5.919999999999999698e-04 5.930000000000000375e-03 9.999820000000000375e-01 -2.908129999999999882e-01 9.567620000000000013e-01 -5.845999999999999634e-03 -9.567799999999999638e-01 -2.908109999999999862e-01 1.157999999999999958e-03
2.100000000000000000e+01 2.700000000000000000e+01 6.300000000000000000e+01 0.000000000000000000e+00 1.600000000000000089e+00 -3.148000000000000190e-03 2.619799999999999907e-02 9.996519999999999850e-01 -2.862330000000000152e-01 9.578069999999999640e-01 -2.600299999999999834e-02 -9.581549999999999789e-01 -2.862149999999999972e-01 4.483000000000000006e-03
2.700000000000000000e+01 2.700000000000000000e+01 6.300000000000000000e+01 0.000000000000000000e+00 1.600000000000000089e+00 -2.054999999999999969e-03 1.626800000000000121e-02 9.998660000000000325e-01 -2.798649999999999749e-01 9.599029999999999507e-01 -1.619299999999999906e-02 -9.600370000000000292e-01 -2.798610000000000264e-01 2.579999999999999828e-03
4.000000000000000000e+00 2.600000000000000000e+01 6.400000000000000000e+01 0.000000000000000000e+00 1.600000000000000089e+00 1.711999999999999980e-03 1.294999999999999927e-03 9.999980000000000535e-01 -3.683139999999999747e-01 9.297009999999999996e-01 -5.730000000000000501e-04 -9.296999999999999709e-01 -3.683119999999999727e-01 2.067999999999999960e-03
1.200000000000000000e+01 2.600000000000000000e+01 6.400000000000000000e+01 0.000000000000000000e+00 1.600000000000000089e+00 3.720000000000000216e-03 1.356999999999999916e-03 9.999919999999999920e-01 -3.709180000000000255e-01 9.286659999999999915e-01 1.190000000000000058e-04 -9.286579999999999835e-01 -3.709149999999999947e-01 3.957999999999999713e-03
1.600000000000000000e+01 2.600000000000000000e+01 6.400000000000000000e+01 0.000000000000000000e+00 1.600000000000000089e+00 -9.139999999999999904e-04 8.439000000000000321e-03 9.999639999999999640e-01 -3.719259999999999788e-01 9.282270000000000243e-01 -8.174000000000000710e-03 -9.282620000000000315e-01 -3.719199999999999728e-01 2.289999999999999935e-03
2.000000000000000000e+01 2.600000000000000000e+01 6.400000000000000000e+01 0.000000000000000000e+00 1.600000000000000089e+00 -5.392000000000000091e-03 2.335900000000000129e-02 9.997129999999999628e-01 -3.685919999999999752e-01 9.292890000000000317e-01 -2.370200000000000085e-02 -9.295759999999999579e-01 -3.686139999999999972e-01 3.599999999999999901e-03
3.000000000000000000e+01 6.900000000000000000e+01 6.600000000000000000e+01 0.000000000000000000e+00 1.600000000000000089e+00 -2.222000000000000017e-03 5.080000000000000314e-03 9.999850000000000128e-01 -9.500760000000000316e-01 3.119959999999999956e-01 -3.697000000000000199e-03 -3.120100000000000096e-01 -9.500699999999999701e-01 4.133000000000000389e-03
3.000000000000000000e+00 2.500000000000000000e+01 7.300000000000000000e+01 0.000000000000000000e+00 1.600000000000000089e+00 -8.840000000000000201e-04 -3.886999999999999830e-03 9.999919999999999920e-01 7.504399999999999959e-01 -6.609359999999999680e-01 -1.905999999999999925e-03 6.609390000000000542e-01 7.504319999999999879e-01 3.501000000000000206e-03
7.000000000000000000e+00 2.500000000000000000e+01 7.300000000000000000e+01 0.000000000000000000e+00 1.600000000000000089e+00 -3.942000000000000191e-03 -2.674000000000000161e-03 9.999890000000000168e-01 7.519759999999999778e-01 -6.591890000000000249e-01 1.201000000000000028e-03 6.591789999999999594e-01 7.519719999999999738e-01 4.609000000000000249e-03
1.900000000000000000e+01 2.500000000000000000e+01 7.300000000000000000e+01 0.000000000000000000e+00 1.600000000000000089e+00 6.749999999999999924e-03 6.891000000000000424e-03 9.999540000000000095e-01 7.571670000000000345e-01 -6.532210000000000516e-01 -6.089999999999999494e-04 6.531860000000000444e-01 7.571360000000000312e-01 -9.627000000000000141e-03
2.500000000000000000e+01 2.500000000000000000e+01 7.300000000000000000e+01 0.000000000000000000e+00 1.600000000000000089e+00 1.153000000000000032e-02 1.026000000000000002e-02 9.998810000000000198e-01 7.488249999999999629e-01 -6.627659999999999663e-01 -1.835000000000000043e-03 6.626680000000000348e-01 7.487570000000000059e-01 -1.532400000000000082e-02
6.000000000000000000e+00 4.400000000000000000e+01 7.300000000000000000e+01 0.000000000000000000e+00 1.600000000000000089e+00 1.093999999999999920e-03 4.408999999999999725e-03 9.999900000000000455e-01 5.544799999999999729e-02 -9.984520000000000062e-01 4.341000000000000240e-03 9.984610000000000429e-01 5.544199999999999823e-02 -1.337000000000000081e-03
1.300000000000000000e+01 4.400000000000000000e+01 7.300000000000000000e+01 0.000000000000000000e+00 1.600000000000000089e+00 8.379999999999999862e-04 2.527000000000000166e-03 9.999959999999999960e-01 5.483699999999999686e-02 -9.984920000000000462e-01 2.478000000000000168e-03 9.984950000000000214e-01 5.483500000000000180e-02 -9.749999999999999552e-04
1.700000000000000000e+01 4.400000000000000000e+01 7.300000000000000000e+01 0.000000000000000000e+00 1.600000000000000089e+00 -2.351999999999999924e-03 -7.399999999999999894e-04 9.999970000000000248e-01 5.357499999999999762e-02 -9.985640000000000072e-01 -6.130000000000000466e-04 9.985610000000000319e-01 5.357300000000000256e-02 2.387999999999999932e-03
2.600000000000000000e+01 4.400000000000000000e+01 7.300000000000000000e+01 0.000000000000000000e+00 1.600000000000000089e+00 -4.546999999999999827e-03 -2.834999999999999847e-03 9.999860000000000415e-01 4.716299999999999659e-02 -9.988839999999999941e-01 -2.618000000000000101e-03 9.988770000000000149e-01 4.715099999999999847e-02 4.675000000000000336e-03
1.700000000000000000e+01 2.500000000000000000e+01 7.400000000000000000e+01 0.000000000000000000e+00 1.600000000000000089e+00 2.543000000000000121e-03 6.832999999999999664e-03 9.999730000000000008e-01 8.301570000000000338e-01 -5.575269999999999948e-01 1.698999999999999989e-03 5.575240000000000196e-01 8.301300000000000345e-01 -7.089999999999999948e-03
1.300000000000000000e+01 5.100000000000000000e+01 7.600000000000000000e+01 0.000000000000000000e+00 1.600000000000000089e+00 -7.200000000000000453e-04 -3.110000000000000243e-04 -1.000000000000000000e+00 -4.145690000000000208e-01 -9.100179999999999936e-01 5.810000000000000277e-04 -9.100179999999999936e-01 4.145690000000000208e-01 5.259999999999999919e-04
2.200000000000000000e+01 5.100000000000000000e+01 7.600000000000000000e+01 0.000000000000000000e+00 1.600000000000000089e+00 9.794000000000000622e-03 1.922600000000000003e-02 -9.997669999999999613e-01 -4.124880000000000213e-01 -9.107079999999999620e-01 -2.155400000000000024e-02 -9.109110000000000262e-01 4.126029999999999975e-01 -9.890000000000000787e-04
4.000000000000000000e+00 9.100000000000000000e+01 7.600000000000000000e+01 0.000000000000000000e+00 1.600000000000000089e+00 7.370000000000000249e-04 -1.995999999999999944e-03 9.999980000000000535e-01 3.164000000000000146e-01 -9.486229999999999940e-01 -2.125999999999999852e-03 9.486250000000000515e-01 3.164009999999999878e-01 -6.799999999999999946e-05
