2.000000000000000000e+00 1.500000000000000000e+01 4.000000000000000000e+00 0.000000000000000000e+00 1.600000000000000089e+00 -3.905000000000000051e-03 3.937000000000000395e-03 9.999850000000000128e-01 2.758229999999999849e-01 -9.611960000000000504e-01 4.862000000000000002e-03 9.612009999999999721e-01 2.758369999999999989e-01 2.667999999999999799e-03
2.200000000000000000e+01 1.500000000000000000e+01 4.000000000000000000e+00 0.000000000000000000e+00 1.600000000000000089e+00 2.135999999999999878e-03 8.448000000000000648e-03 9.999620000000000175e-01 2.869599999999999929e-01 -9.579130000000000145e-01 7.479999999999999670e-03 9.579400000000000137e-01 2.869329999999999936e-01 -4.471000000000000148e-03
2.700000000000000000e+01 1.500000000000000000e+01 4.000000000000000000e+00 0.000000000000000000e+00 1.600000000000000089e+00 -1.072000000000000036e-03 -6.363999999999999865e-03 9.999789999999999512e-01 2.886540000000000217e-01 -9.574160000000000448e-01 -5.782999999999999946e-03 9.574329999999999785e-01 2.886420000000000097e-01 2.863000000000000093e-03
1.300000000000000000e+01 1.600000000000000000e+01 4.000000000000000000e+00 0.000000000000000000e+00 1.600000000000000089e+00 7.301000000000000198e-03 -1.187299999999999987e-02 9.999029999999999863e-01 3.410020000000000273e-01 -9.399640000000000217e-01 -1.365099999999999994e-02 9.400340000000000362e-01 3.410679999999999823e-01 -2.814000000000000095e-03
1.100000000000000000e+01 1.010000000000000000e+02 7.000000000000000000e+00 0.000000000000000000e+00 1.600000000000000089e+00 9.240000000000000166e-04 -1.286000000000000034e-03 9.999989999999999712e-01 8.838780000000000525e-01 4.677180000000000226e-01 -2.149999999999999947e-04 -4.677180000000000226e-01 8.838770000000000238e-01 1.569000000000000082e-03
2.300000000000000000e+01 1.010000000000000000e+02 7.000000000000000000e+00 0.000000000000000000e+00 1.600000000000000089e+00 -1.082999999999999978e-03 -1.022699999999999998e-02 9.999470000000000303e-01 8.866829999999999989e-01 4.623439999999999772e-01 5.688999999999999613e-03 -4.623769999999999825e-01 8.866420000000000412e-01 8.566999999999999962e-03
1.000000000000000000e+00 1.500000000000000000e+01 8.000000000000000000e+00 0.000000000000000000e+00 1.600000000000000089e+00 2.650000000000000012e-03 1.567999999999999949e-03 -9.999949999999999672e-01 -5.788729999999999709e-01 -8.154130000000000544e-01 -2.812999999999999962e-03 -8.154130000000000544e-01 5.788780000000000037e-01 -1.252999999999999991e-03
5.000000000000000000e+00 1.500000000000000000e+01 8.000000000000000000e+00 0.000000000000000000e+00 1.600000000000000089e+00 9.979999999999999722e-04 -5.565999999999999767e-03 -9.999839999999999840e-01 -5.775649999999999951e-01 -8.163350000000000328e-01 3.967000000000000040e-03 -8.163439999999999586e-01 5.775519999999999543e-01 -4.028999999999999596e-03
8.000000000000000000e+00 1.500000000000000000e+01 8.000000000000000000e+00 0.000000000000000000e+00 1.600000000000000089e+00 -2.981000000000000143e-03 -9.990000000000000616e-03 -9.999460000000000015e-01 -5.779680000000000373e-01 -8.159990000000000299e-01 9.875000000000000097e-03 -8.160539999999999461e-01 5.779659999999999798e-01 -3.340999999999999786e-03
1.300000000000000000e+01 1.500000000000000000e+01 8.000000000000000000e+00 0.000000000000000000e+00 1.600000000000000089e+00 -8.214000000000000815e-03 -1.331700000000000071e-02 -9.998780000000000445e-01 -5.828100000000000502e-01 -8.124580000000000135e-01 1.560899999999999961e-02 -8.125670000000000393e-01 5.828670000000000240e-01 -1.087999999999999991e-03
1.900000000000000000e+01 1.500000000000000000e+01 8.000000000000000000e+00 0.000000000000000000e+00 1.600000000000000089e+00 -2.165999999999999957e-03 2.149999999999999947e-04 -9.999980000000000535e-01 -5.852199999999999624e-01 -8.108739999999999837e-01 1.093000000000000005e-03 -8.108720000000000372e-01 5.852209999999999912e-01 1.881999999999999992e-03
2.400000000000000000e+01 1.500000000000000000e+01 8.000000000000000000e+00 0.000000000000000000e+00 1.600000000000000089e+00 1.039999999999999936e-04 2.853000000000000067e-03 -9.999959999999999960e-01 -5.843749999999999778e-01 -8.114810000000000079e-01 -2.376000000000000074e-03 -8.114839999999999831e-01 5.843730000000000313e-01 1.582999999999999989e-03
5.000000000000000000e+00 2.600000000000000000e+01 8.000000000000000000e+00 0.000000000000000000e+00 1.600000000000000089e+00 5.850000000000000165e-04 1.343999999999999926e-03 -9.999989999999999712e-01 4.105190000000000228e-01 9.118509999999999671e-01 1.466000000000000072e-03 9.118519999999999959e-01 -4.105199999999999960e-01 -1.800000000000000046e-05
1.200000000000000000e+01 2.600000000000000000e+01 8.000000000000000000e+00 0.000000000000000000e+00 1.600000000000000089e+00 5.846999999999999767e-03 1.150699999999999987e-02 -9.999169999999999447e-01 4.085449999999999915e-01 9.126469999999999860e-01 1.289200000000000068e-02 9.127189999999999470e-01 -4.085860000000000047e-01 6.350000000000000392e-04
1.700000000000000000e+01 2.600000000000000000e+01 8.000000000000000000e+00 0.000000000000000000e+00 1.600000000000000089e+00 3.959999999999999978e-03 8.229000000000000203e-03 -9.999580000000000135e-01 4.068240000000000189e-01 9.134609999999999674e-01 9.128000000000000697e-03 9.134980000000000322e-01 -4.068430000000000102e-01 2.689999999999999791e-04
2.200000000000000000e+01 2.600000000000000000e+01 8.000000000000000000e+00 0.000000000000000000e+00 1.600000000000000089e+00 1.463000000000000108e-03 5.786000000000000344e-03 -9.999820000000000375e-01 4.047350000000000114e-01 9.144149999999999778e-01 5.883000000000000208e-03 9.144330000000000513e-01 -4.047359999999999847e-01 -1.003999999999999901e-03
2.600000000000000000e+01 2.600000000000000000e+01 8.000000000000000000e+00 0.000000000000000000e+00 1.600000000000000089e+00 1.479999999999999979e-03 6.269999999999999532e-04 -9.999989999999999712e-01 4.045610000000000039e-01 9.145100000000000451e-01 1.172000000000000082e-03 9.145100000000000451e-01 -4.045619999999999772e-01 1.100000000000000066e-03
1.000000000000000000e+00 2.400000000000000000e+01 9.000000000000000000e+00 0.000000000000000000e+00 1.600000000000000089e+00 -8.159999999999999936e-04 -3.216999999999999808e-03 -9.999940000000000495e-01 4.619659999999999878e-01 8.868920000000000137e-01 -3.229999999999999798e-03 8.868970000000000464e-01 -4.619659999999999878e-01 7.630000000000000063e-04
5.000000000000000000e+00 2.400000000000000000e+01 9.000000000000000000e+00 0.000000000000000000e+00 1.600000000000000089e+00 4.719999999999999803e-04 2.602999999999999845e-03 -9.999970000000000248e-01 4.625230000000000175e-01 8.866039999999999477e-01 2.526000000000000034e-03 8.866070000000000340e-01 -4.625230000000000175e-01 -7.860000000000000233e-04
1.100000000000000000e+01 2.400000000000000000e+01 9.000000000000000000e+00 0.000000000000000000e+00 1.600000000000000089e+00 5.692000000000000011e-03 9.405999999999999431e-03 -9.999400000000000510e-01 4.599739999999999940e-01 8.878639999999999866e-01 1.097000000000000058e-02 8.879139999999999810e-01 -4.600090000000000012e-01 7.269999999999999987e-04
3.000000000000000000e+01 2.400000000000000000e+01 9.000000000000000000e+00 0.000000000000000000e+00 1.600000000000000089e+00 2.223000000000000149e-03 2.788999999999999813e-03 -9.999940000000000495e-01 4.581509999999999749e-01 8.888679999999999914e-01 3.497000000000000108e-03 8.888719999999999954e-01 -4.581549999999999789e-01 6.980000000000000527e-04
5.000000000000000000e+00 1.040000000000000000e+02 1.100000000000000000e+01 0.000000000000000000e+00 1.600000000000000089e+00 5.090000000000000123e-04 -4.590999999999999595e-03 9.999890000000000168e-01 -9.723659999999999526e-01 -2.334620000000000029e-01 -5.770000000000000389e-04 2.334620000000000029e-01 -9.723549999999999693e-01 -4.583000000000000268e-03
1.300000000000000000e+01 1.040000000000000000e+02 1.100000000000000000e+01 0.000000000000000000e+00 1.600000000000000089e+00 -2.190000000000000106e-03 4.527999999999999907e-03 9.999869999999999592e-01 -9.737930000000000197e-01 -2.274349999999999983e-01 -1.103000000000000031e-03 2.274269999999999903e-01 -9.737829999999999542e-01 4.908000000000000036e-03
2.000000000000000000e+00 3.100000000000000000e+01 1.200000000000000000e+01 0.000000000000000000e+00 1.600000000000000089e+00 6.120000000000000223e-04 2.088000000000000012e-03 9.999980000000000535e-01 -4.620000000000000083e-04 9.999980000000000535e-01 -2.088000000000000012e-03 -1.000000000000000000e+00 -4.609999999999999840e-04 6.130000000000000466e-04
9.000000000000000000e+00 3.100000000000000000e+01 1.200000000000000000e+01 0.000000000000000000e+00 1.600000000000000089e+00 -8.300000000000000086e-04 5.021000000000000289e-03 9.999869999999999592e-01 4.572999999999999808e-03 9.999770000000000048e-01 -5.016999999999999758e-03 -9.999890000000000168e-01 4.569000000000000145e-03 -8.530000000000000256e-04
1.600000000000000000e+01 3.100000000000000000e+01 1.200000000000000000e+01 0.000000000000000000e+00 1.600000000000000089e+00 4.350000000000000026e-04 6.000000000000000152e-05 1.000000000000000000e+00 7.296000000000000402e-03 9.999730000000000008e-01 -6.299999999999999990e-05 -9.999730000000000008e-01 7.296000000000000402e-03 4.339999999999999782e-04
2.100000000000000000e+01 3.100000000000000000e+01 1.200000000000000000e+01 0.000000000000000000e+00 1.600000000000000089e+00 2.126999999999999984e-03 2.462000000000000213e-03 9.999949999999999672e-01 9.405000000000000165e-03 9.999529999999999808e-01 -2.481999999999999831e-03 -9.999540000000000095e-01 9.409999999999999962e-03 2.103999999999999967e-03
3.000000000000000000e+00 1.200000000000000000e+01 1.500000000000000000e+01 0.000000000000000000e+00 1.600000000000000089e+00 1.394999999999999973e-03 3.387999999999999953e-03 -9.999930000000000208e-01 -4.724630000000000218e-01 -8.813429999999999875e-01 -3.644999999999999803e-03 -8.813499999999999668e-01 4.724650000000000238e-01 3.710000000000000190e-04
8.000000000000000000e+00 1.200000000000000000e+01 1.500000000000000000e+01 0.000000000000000000e+00 1.600000000000000089e+00 -2.226999999999999813e-03 -3.259999999999999877e-03 -9.999919999999999920e-01 -4.713419999999999832e-01 -8.819420000000000037e-01 3.924999999999999670e-03 -8.819479999999999542e-01 4.713470000000000160e-01 4.279999999999999950e-04
1.200000000000000000e+01 1.200000000000000000e+01 1.500000000000000000e+01 0.000000000000000000e+00 1.600000000000000089e+00 -5.890000000000000270e-03 -3.017000000000000150e-03 -9.999780000000000335e-01 -4.691270000000000162e-01 -8.831139999999999546e-01 5.427000000000000400e-03 -8.831109999999999793e-01 4.691489999999999827e-01 3.785999999999999869e-03
1.900000000000000000e+01 1.200000000000000000e+01 1.500000000000000000e+01 0.000000000000000000e+00 1.600000000000000089e+00 -1.680999999999999986e-03 -7.280000000000000013e-03 -9.999719999999999720e-01 -4.698249999999999926e-01 -8.827300000000000146e-01 7.216000000000000192e-03 -8.827580000000000426e-01 4.698240000000000194e-01 -1.936000000000000004e-03
2.800000000000000000e+01 1.200000000000000000e+01 1.500000000000000000e+01 0.000000000000000000e+00 1.600000000000000089e+00 -1.436999999999999909e-03 -1.510000000000000057e-03 -9.999980000000000535e-01 -4.671250000000000124e-01 -8.841890000000000027e-01 2.007000000000000103e-03 -8.841900000000000315e-01 4.671270000000000144e-01 5.649999999999999641e-04
2.500000000000000000e+01 1.160000000000000000e+02 1.600000000000000000e+01 0.000000000000000000e+00 1.600000000000000089e+00 9.909999999999999105e-04 -1.849999999999999973e-04 1.000000000000000000e+00 6.822840000000000016e-01 7.310879999999999601e-01 -5.410000000000000312e-04 -7.310870000000000424e-01 6.822840000000000016e-01 8.509999999999999769e-04
2.000000000000000000e+00 2.000000000000000000e+00 1.900000000000000000e+01 0.000000000000000000e+00 1.600000000000000089e+00 2.688999999999999984e-03 -3.622999999999999918e-03 -9.999900000000000455e-01 1.636880000000000002e-01 -9.865040000000000475e-01 4.015000000000000339e-03 -9.865080000000000515e-01 -1.636970000000000092e-01 -2.060000000000000199e-03
5.000000000000000000e+00 2.000000000000000000e+00 1.900000000000000000e+01 0.000000000000000000e+00 1.600000000000000089e+00 1.026999999999999918e-03 -1.672000000000000092e-03 -9.999980000000000535e-01 1.644170000000000076e-01 -9.863889999999999603e-01 1.819000000000000087e-03 -9.863899999999999890e-01 -1.644190000000000096e-01 -7.380000000000000492e-04
9.000000000000000000e+00 2.000000000000000000e+00 1.900000000000000000e+01 0.000000000000000000e+00 1.600000000000000089e+00 -1.863999999999999988e-03 -3.562000000000000062e-03 -9.999919999999999920e-01 1.695160000000000000e-01 -9.855220000000000091e-01 3.194999999999999923e-03 -9.855260000000000131e-01 -1.695089999999999930e-01 2.441000000000000027e-03
2.300000000000000000e+01 2.000000000000000000e+00 1.900000000000000000e+01 0.000000000000000000e+00 1.600000000000000089e+00 8.670000000000000406e-04 1.886000000000000090e-03 -9.999980000000000535e-01 1.839870000000000116e-01 -9.829269999999999952e-01 -1.693999999999999976e-03 -9.829280000000000239e-01 -1.839860000000000106e-01 -1.199999999999999895e-03
2.900000000000000000e+01 2.000000000000000000e+00 1.900000000000000000e+01 0.000000000000000000e+00 1.600000000000000089e+00 -3.066999999999999848e-03 -1.211999999999999970e-03 -9.999949999999999672e-01 1.795809999999999906e-01 -9.837430000000000341e-01 6.409999999999999682e-04 -9.837380000000000013e-01 -1.795779999999999876e-01 3.235000000000000028e-03
4.000000000000000000e+00 4.000000000000000000e+00 2.000000000000000000e+01 0.000000000000000000e+00 1.600000000000000089e+00 2.602000000000000146e-03 9.550000000000000112e-04 -9.999959999999999960e-01 2.543309999999999738e-01 -9.671170000000000044e-01 -2.620000000000000258e-04 -9.671140000000000292e-01 -2.543290000000000273e-01 -2.759000000000000168e-03
1.100000000000000000e+01 4.000000000000000000e+00 2.000000000000000000e+01 0.000000000000000000e+00 1.600000000000000089e+00 1.126999999999999964e-03 -9.272999999999999993e-03 -9.999559999999999560e-01 2.678579999999999850e-01 -9.634139999999999926e-01 9.235999999999999419e-03 -9.634580000000000366e-01 -2.678570000000000118e-01 1.397999999999999937e-03
1.800000000000000000e+01 4.000000000000000000e+00 2.000000000000000000e+01 0.000000000000000000e+00 1.600000000000000089e+00 2.050999999999999872e-03 3.105999999999999820e-03 -9.999930000000000208e-01 2.744079999999999853e-01 -9.616099999999999648e-01 -2.423999999999999939e-03 -9.616109999999999935e-01 -2.744010000000000060e-01 -2.824000000000000121e-03
2.900000000000000000e+01 4.000000000000000000e+00 2.000000000000000000e+01 0.000000000000000000e+00 1.600000000000000089e+00 -1.626999999999999974e-03 -3.023000000000000079e-03 -9.999940000000000495e-01 2.699219999999999953e-01 -9.628790000000000404e-01 2.471999999999999805e-03 -9.628809999999999869e-01 -2.699170000000000180e-01 2.382000000000000003e-03
2.000000000000000000e+00 1.300000000000000000e+01 2.000000000000000000e+01 0.000000000000000000e+00 1.600000000000000089e+00 -3.510000000000000208e-04 -6.731000000000000004e-03 9.999770000000000048e-01 2.548799999999999955e-01 9.669499999999999762e-01 6.597999999999999698e-03 -9.669729999999999714e-01 2.548759999999999915e-01 1.376999999999999969e-03
1.000000000000000000e+01 1.300000000000000000e+01 2.000000000000000000e+01 0.000000000000000000e+00 1.600000000000000089e+00 -1.019999999999999992e-04 8.307000000000000148e-03 9.999649999999999928e-01 2.590290000000000092e-01 9.658360000000000278e-01 -7.997000000000000636e-03 -9.658689999999999776e-01 2.590199999999999725e-01 -2.249999999999999830e-03
1.600000000000000000e+01 1.300000000000000000e+01 2.000000000000000000e+01 0.000000000000000000e+00 1.600000000000000089e+00 -1.730000000000000038e-04 3.373999999999999829e-03 9.999940000000000495e-01 2.597479999999999789e-01 9.656709999999999461e-01 -3.213000000000000144e-03 -9.656759999999999788e-01 2.597459999999999769e-01 -1.044000000000000006e-03
1.900000000000000000e+01 1.300000000000000000e+01 2.000000000000000000e+01 0.000000000000000000e+00 1.600000000000000089e+00 3.099999999999999999e-04 -4.226999999999999855e-03 9.999909999999999632e-01 2.598030000000000062e-01 9.656529999999999836e-01 4.002000000000000349e-03 -9.656620000000000203e-01 2.597990000000000022e-01 1.397000000000000021e-03
2.700000000000000000e+01 1.300000000000000000e+01 2.000000000000000000e+01 0.000000000000000000e+00 1.600000000000000089e+00 -3.950000000000000061e-04 6.453999999999999668e-03 9.999789999999999512e-01 2.597510000000000097e-01 9.656559999999999588e-01 -6.130000000000000032e-03 -9.656749999999999501e-01 2.597430000000000017e-01 -2.057999999999999934e-03
2.000000000000000000e+00 1.600000000000000000e+01 2.100000000000000000e+01 0.000000000000000000e+00 1.600000000000000089e+00 -5.609999999999999752e-04 -4.303000000000000401e-03 9.999909999999999632e-01 2.967389999999999750e-01 9.549490000000000478e-01 4.276000000000000287e-03 -9.549590000000000023e-01 2.967380000000000018e-01 7.420000000000000380e-04
1.100000000000000000e+01 1.600000000000000000e+01 2.100000000000000000e+01 0.000000000000000000e+00 1.600000000000000089e+00 4.009999999999999893e-04 9.403999999999999165e-03 9.999559999999999560e-01 2.982739999999999836e-01 9.544369999999999798e-01 -9.095999999999999919e-03 -9.544799999999999951e-01 2.982650000000000023e-01 -2.422999999999999807e-03
1.600000000000000000e+01 1.600000000000000000e+01 2.100000000000000000e+01 0.000000000000000000e+00 1.600000000000000089e+00 1.420000000000000092e-04 4.373000000000000151e-03 9.999900000000000455e-01 2.991530000000000022e-01 9.541960000000000441e-01 -4.214999999999999997e-03 -9.542049999999999699e-01 2.991510000000000002e-01 -1.172999999999999998e-03
2.500000000000000000e+01 1.600000000000000000e+01 2.100000000000000000e+01 0.000000000000000000e+00 1.600000000000000089e+00 -1.147000000000000016e-03 7.150000000000000322e-04 9.999989999999999712e-01 2.981519999999999726e-01 9.545179999999999776e-01 -3.400000000000000244e-04 -9.545179999999999776e-01 2.981519999999999726e-01 -1.307999999999999918e-03
2.900000000000000000e+01 1.600000000000000000e+01 2.100000000000000000e+01 0.000000000000000000e+00 1.600000000000000089e+00 -2.037999999999999881e-03 6.565999999999999788e-03 9.999759999999999760e-01 2.962330000000000241e-01 9.550990000000000313e-01 -5.667000000000000162e-03 -9.551129999999999898e-01 2.962150000000000061e-01 -3.892000000000000060e-03
1.400000000000000000e+01 4.600000000000000000e+01 2.700000000000000000e+01 0.000000000000000000e+00 1.600000000000000089e+00 3.937000000000000395e-03 1.786000000000000044e-03 -9.999909999999999632e-01 6.768579999999999597e-01 7.361020000000000341e-01 3.980000000000000031e-03 7.361029999999999518e-01 -6.768680000000000252e-01 1.688999999999999963e-03
2.700000000000000000e+01 4.600000000000000000e+01 2.700000000000000000e+01 0.000000000000000000e+00 1.600000000000000089e+00 -1.574000000000000095e-03 -8.549999999999999658e-04 -9.999980000000000535e-01 6.819479999999999986e-01 7.313990000000000213e-01 -1.698999999999999989e-03 7.313990000000000213e-01 -6.819490000000000274e-01 -5.680000000000000370e-04
4.000000000000000000e+00 5.800000000000000000e+01 3.100000000000000000e+01 0.000000000000000000e+00 1.600000000000000089e+00 7.879999999999999635e-04 -2.655999999999999941e-03 9.999959999999999960e-01 -7.909680000000000044e-01 -6.118569999999999842e-01 -1.002000000000000069e-03 6.118569999999999842e-01 -7.909640000000000004e-01 -2.582000000000000094e-03
8.000000000000000000e+00 5.800000000000000000e+01 3.100000000000000000e+01 0.000000000000000000e+00 1.600000000000000089e+00 -6.149999999999999868e-04 2.139999999999999975e-03 9.999980000000000535e-01 -7.961639999999999828e-01 -6.050799999999999512e-01 8.050000000000000515e-04 6.050799999999999512e-01 -7.961620000000000363e-01 2.076000000000000154e-03
1.200000000000000000e+01 5.800000000000000000e+01 3.100000000000000000e+01 0.000000000000000000e+00 1.600000000000000089e+00 -5.000000000000000240e-05 1.064999999999999974e-03 9.999989999999999712e-01 -7.988929999999999643e-01 -6.014730000000000354e-01 6.009999999999999717e-04 6.014730000000000354e-01 -7.988920000000000465e-01 8.800000000000000313e-04
2.000000000000000000e+01 5.800000000000000000e+01 3.100000000000000000e+01 0.000000000000000000e+00 1.600000000000000089e+00 1.840000000000000001e-04 3.948000000000000120e-03 9.999919999999999920e-01 -8.018899999999999917e-01 -5.974669999999999703e-01 2.507000000000000114e-03 5.974720000000000031e-01 -8.018840000000000412e-01 3.056000000000000123e-03
2.300000000000000000e+01 5.800000000000000000e+01 3.100000000000000000e+01 0.000000000000000000e+00 1.600000000000000089e+00 2.895000000000000004e-03 3.950000000000000386e-03 9.999879999999999880e-01 -8.023700000000000276e-01 -5.968080000000000052e-01 4.680000000000000132e-03 5.968200000000000172e-01 -8.023740000000000316e-01 1.441999999999999922e-03
6.000000000000000000e+00 6.000000000000000000e+00 3.200000000000000000e+01 0.000000000000000000e+00 1.600000000000000089e+00 1.632999999999999903e-03 5.551000000000000378e-03 -9.999829999999999552e-01 1.805809999999999915e-01 9.835429999999999451e-01 5.754999999999999699e-03 9.835589999999999611e-01 -1.805879999999999985e-01 6.040000000000000447e-04
1.100000000000000000e+01 6.000000000000000000e+00 3.200000000000000000e+01 0.000000000000000000e+00 1.600000000000000089e+00 1.186999999999999904e-03 -1.253999999999999906e-03 -9.999989999999999712e-01 1.723870000000000124e-01 9.850290000000000434e-01 -1.031000000000000015e-03 9.850290000000000434e-01 -1.723860000000000114e-01 1.386000000000000079e-03
1.000000000000000000e+00 4.600000000000000000e+01 3.500000000000000000e+01 0.000000000000000000e+00 1.600000000000000089e+00 2.599999999999999772e-04 -3.164999999999999845e-03 -9.999949999999999672e-01 3.886870000000000047e-01 -9.213649999999999896e-01 3.017999999999999849e-03 -9.213700000000000223e-01 -3.886850000000000027e-01 9.909999999999999105e-04
5.000000000000000000e+00 4.600000000000000000e+01 3.500000000000000000e+01 0.000000000000000000e+00 1.600000000000000089e+00 1.389000000000000044e-03 -3.743999999999999932e-03 -9.999919999999999920e-01 3.879509999999999903e-01 -9.216710000000000180e-01 3.989000000000000358e-03 -9.216790000000000260e-01 -3.879529999999999923e-01 1.720000000000000066e-04
9.000000000000000000e+00 4.600000000000000000e+01 3.500000000000000000e+01 0.000000000000000000e+00 1.600000000000000089e+00 -3.029999999999999924e-04 -1.531000000000000026e-03 -9.999989999999999712e-01 3.880830000000000113e-01 -9.216239999999999988e-01 1.293000000000000095e-03 -9.216239999999999988e-01 -3.880819999999999825e-01 8.729999999999999696e-04
1.200000000000000000e+01 4.600000000000000000e+01 3.500000000000000000e+01 0.000000000000000000e+00 1.600000000000000089e+00 -7.690000000000000438e-04 -3.420999999999999996e-03 -9.999940000000000495e-01 3.881009999999999738e-01 -9.216130000000000155e-01 2.854000000000000200e-03 -9.216170000000000195e-01 -3.880959999999999965e-01 2.037000000000000182e-03
1.700000000000000000e+01 4.600000000000000000e+01 3.500000000000000000e+01 0.000000000000000000e+00 1.600000000000000089e+00 6.160000000000000111e-04 -6.430000000000000169e-04 -1.000000000000000000e+00 3.863739999999999952e-01 -9.223419999999999952e-01 8.310000000000000329e-04 -9.223419999999999952e-01 -3.863739999999999952e-01 -3.200000000000000262e-04
2.000000000000000000e+01 4.600000000000000000e+01 3.500000000000000000e+01 0.000000000000000000e+00 1.600000000000000089e+00 5.299999999999999807e-04 3.350000000000000113e-03 -9.999940000000000495e-01 3.862639999999999962e-01 -9.223839999999999817e-01 -2.884999999999999978e-03 -9.223879999999999857e-01 -3.862599999999999922e-01 -1.781999999999999947e-03
2.400000000000000000e+01 4.600000000000000000e+01 3.500000000000000000e+01 0.000000000000000000e+00 1.600000000000000089e+00 1.453000000000000081e-03 3.781000000000000073e-03 -9.999919999999999920e-01 3.862999999999999767e-01 -9.223679999999999657e-01 -2.926000000000000215e-03 -9.223719999999999697e-01 -3.862929999999999975e-01 -2.801000000000000104e-03
2.700000000000000000e+01 4.600000000000000000e+01 3.500000000000000000e+01 0.000000000000000000e+00 1.600000000000000089e+00 1.905999999999999925e-03 3.494999999999999843e-03 -9.999919999999999920e-01 3.846890000000000032e-01 -9.230429999999999469e-01 -2.491999999999999858e-03 -9.230439999999999756e-01 -3.846809999999999952e-01 -3.102999999999999856e-03
6.000000000000000000e+00 9.500000000000000000e+01 3.600000000000000000e+01 0.000000000000000000e+00 1.600000000000000089e+00 4.409999999999999858e-03 -1.448600000000000061e-02 9.998850000000000238e-01 9.967639999999999834e-01 8.031800000000000050e-02 -3.233000000000000197e-03 -8.026200000000000001e-02 9.966639999999999944e-01 1.479300000000000059e-02
1.400000000000000000e+01 9.500000000000000000e+01 3.600000000000000000e+01 0.000000000000000000e+00 1.600000000000000089e+00 2.213999999999999822e-03 -5.080999999999999579e-03 9.999850000000000128e-01 9.965699999999999559e-01 8.273500000000000298e-02 -1.786000000000000044e-03 -8.272400000000000586e-02 9.965589999999999726e-01 5.246999999999999928e-03
5.000000000000000000e+00 2.900000000000000000e+01 4.400000000000000000e+01 0.000000000000000000e+00 1.600000000000000089e+00 -1.177000000000000095e-03 4.299999999999999894e-04 -9.999989999999999712e-01 6.747980000000000089e-01 7.380020000000000469e-01 -4.769999999999999934e-04 7.380010000000000181e-01 -6.747980000000000089e-01 -1.159000000000000091e-03
8.000000000000000000e+00 2.900000000000000000e+01 4.400000000000000000e+01 0.000000000000000000e+00 1.600000000000000089e+00 -1.699999999999999905e-03 7.060000000000000303e-04 -9.999980000000000535e-01 6.840720000000000134e-01 7.294150000000000356e-01 -6.480000000000000300e-04 7.294129999999999781e-01 -6.840720000000000134e-01 -1.722999999999999922e-03
1.200000000000000000e+01 2.900000000000000000e+01 4.400000000000000000e+01 0.000000000000000000e+00 1.600000000000000089e+00 -5.800000000000000034e-05 -4.185999999999999617e-03 -9.999909999999999632e-01 6.882200000000000539e-01 7.254950000000000010e-01 -3.076999999999999874e-03 7.255019999999999802e-01 -6.882139999999999924e-01 2.838999999999999944e-03
1.800000000000000000e+01 2.900000000000000000e+01 4.400000000000000000e+01 0.000000000000000000e+00 1.600000000000000089e+00 1.876999999999999979e-03 -7.370999999999999948e-03 -9.999710000000000543e-01 6.824829999999999508e-01 7.308900000000000396e-01 -4.107000000000000407e-03 7.308989999999999654e-01 -6.824559999999999516e-01 6.401999999999999705e-03
2.500000000000000000e+01 5.400000000000000000e+01 4.600000000000000000e+01 0.000000000000000000e+00 1.600000000000000089e+00 -5.789999999999999791e-04 8.522999999999999327e-03 9.999639999999999640e-01 3.418700000000000072e-01 -9.397109999999999630e-01 8.207000000000000753e-03 9.397469999999999990e-01 3.418619999999999992e-01 -2.370000000000000145e-03
8.000000000000000000e+00 6.500000000000000000e+01 4.600000000000000000e+01 0.000000000000000000e+00 1.600000000000000089e+00 2.229999999999999994e-04 -1.248999999999999893e-03 9.999989999999999712e-01 6.825170000000000403e-01 -7.308689999999999909e-01 -1.066000000000000107e-03 7.308700000000000196e-01 6.825160000000000116e-01 6.890000000000000508e-04
1.400000000000000000e+01 6.500000000000000000e+01 4.600000000000000000e+01 0.000000000000000000e+00 1.600000000000000089e+00 -1.500000000000000038e-05 5.450000000000000200e-04 1.000000000000000000e+00 6.818109999999999449e-01 -7.315279999999999561e-01 4.090000000000000211e-04 7.315279999999999561e-01 6.818109999999999449e-01 -3.600000000000000227e-04
2.700000000000000000e+01 6.500000000000000000e+01 4.600000000000000000e+01 0.000000000000000000e+00 1.600000000000000089e+00 -2.150000000000000001e-03 1.459999999999999926e-03 9.999970000000000248e-01 6.813109999999999999e-01 -7.319900000000000295e-01 2.533000000000000095e-03 7.319909999999999473e-01 6.813139999999999752e-01 5.789999999999999791e-04
2.000000000000000000e+00 7.000000000000000000e+01 4.700000000000000000e+01 0.000000000000000000e+00 1.600000000000000089e+00 5.119999999999999768e-04 2.353000000000000057e-03 -9.999970000000000248e-01 -8.367440000000000433e-01 -5.475919999999999677e-01 -1.716999999999999993e-03 -5.475940000000000252e-01 8.367419999999999858e-01 1.688000000000000047e-03
4.000000000000000000e+00 5.000000000000000000e+00 5.100000000000000000e+01 0.000000000000000000e+00 1.600000000000000089e+00 -1.978000000000000157e-03 8.829999999999999958e-04 -9.999980000000000535e-01 4.793140000000000178e-01 -8.776420000000000332e-01 -1.722999999999999922e-03 -8.776410000000000045e-01 -4.793160000000000198e-01 1.312999999999999931e-03
7.000000000000000000e+00 5.000000000000000000e+00 5.100000000000000000e+01 0.000000000000000000e+00 1.600000000000000089e+00 1.070999999999999903e-03 -1.052999999999999900e-03 -9.999989999999999712e-01 4.818749999999999978e-01 -8.762389999999999901e-01 1.438999999999999958e-03 -8.762400000000000189e-01 -4.818760000000000265e-01 -4.310000000000000137e-04
1.400000000000000000e+01 5.000000000000000000e+00 5.100000000000000000e+01 0.000000000000000000e+00 1.600000000000000089e+00 -2.400999999999999922e-03 3.233000000000000197e-03 -9.999919999999999920e-01 4.866170000000000218e-01 -8.736059999999999937e-01 -3.991999999999999889e-03 -8.736120000000000552e-01 -4.866219999999999990e-01 5.240000000000000517e-04
4.000000000000000000e+00 7.000000000000000000e+00 5.200000000000000000e+01 0.000000000000000000e+00 1.600000000000000089e+00 -1.909000000000000107e-03 1.801000000000000083e-03 -9.999970000000000248e-01 6.895300000000000040e-02 -9.976180000000000048e-01 -1.928000000000000026e-03 -9.976180000000000048e-01 -6.895700000000000440e-02 1.779999999999999898e-03
2.800000000000000000e+01 7.000000000000000000e+00 5.200000000000000000e+01 0.000000000000000000e+00 1.600000000000000089e+00 -3.849999999999999798e-04 4.065000000000000037e-03 -9.999919999999999920e-01 7.920499999999999763e-02 -9.968500000000000139e-01 -4.082999999999999824e-03 -9.968580000000000219e-01 -7.920499999999999763e-02 6.200000000000000270e-05
3.000000000000000000e+00 6.300000000000000000e+01 5.400000000000000000e+01 0.000000000000000000e+00 1.600000000000000089e+00 -2.216000000000000088e-03 -8.559999999999999901e-04 9.999970000000000248e-01 -3.522109999999999963e-01 9.359210000000000029e-01 2.099999999999999884e-05 -9.359180000000000277e-01 -3.522100000000000231e-01 -2.376000000000000074e-03
8.000000000000000000e+00 6.300000000000000000e+01 5.400000000000000000e+01 0.000000000000000000e+00 1.600000000000000089e+00 4.539999999999999765e-04 -3.339999999999999870e-04 1.000000000000000000e+00 -3.510920000000000152e-01 9.363409999999999789e-01 4.719999999999999803e-04 -9.363409999999999789e-01 -3.510920000000000152e-01 3.080000000000000055e-04
1.200000000000000000e+01 6.300000000000000000e+01 5.400000000000000000e+01 0.000000000000000000e+00 1.600000000000000089e+00 8.799999999999999771e-05 1.299999999999999886e-04 1.000000000000000000e+00 -3.493439999999999879e-01 9.369939999999999936e-01 -9.100000000000000287e-05 -9.369939999999999936e-01 -3.493439999999999879e-01 1.279999999999999942e-04
1.600000000000000000e+01 6.300000000000000000e+01 5.400000000000000000e+01 0.000000000000000000e+00 1.600000000000000089e+00 -4.989999999999999861e-04 7.690000000000000438e-04 1.000000000000000000e+00 -3.494030000000000191e-01 9.369720000000000271e-01 -8.949999999999999623e-04 -9.369720000000000271e-01 -3.494039999999999924e-01 -1.990000000000000124e-04
2.200000000000000000e+01 6.300000000000000000e+01 5.400000000000000000e+01 0.000000000000000000e+00 1.600000000000000089e+00 -6.340000000000000149e-04 -1.655999999999999920e-03 9.999980000000000535e-01 -3.521679999999999811e-01 9.359359999999999902e-01 1.325999999999999922e-03 -9.359359999999999902e-01 -3.521670000000000078e-01 -1.177000000000000095e-03
2.600000000000000000e+01 6.300000000000000000e+01 5.400000000000000000e+01 0.000000000000000000e+00 1.600000000000000089e+00 6.849999999999999535e-04 -1.497000000000000067e-03 9.999989999999999712e-01 -3.510090000000000154e-01 9.363709999999999534e-01 1.642000000000000013e-03 -9.363719999999999821e-01 -3.510090000000000154e-01 1.160000000000000007e-04
8.000000000000000000e+00 2.500000000000000000e+01 5.500000000000000000e+01 0.000000000000000000e+00 1.600000000000000089e+00 -1.479999999999999925e-04 5.754999999999999699e-03 -9.999829999999999552e-01 -1.230000000000000017e-02 -9.999080000000000190e-01 -5.753000000000000301e-03 -9.999240000000000350e-01 1.229899999999999917e-02 2.190000000000000106e-04
2.100000000000000000e+01 2.500000000000000000e+01 5.500000000000000000e+01 0.000000000000000000e+00 1.600000000000000089e+00 -2.059999999999999928e-04 -1.132999999999999893e-03 -9.999989999999999712e-01 -1.045100000000000022e-02 -9.999449999999999728e-01 1.134999999999999941e-03 -9.999449999999999728e-01 1.045100000000000022e-02 1.939999999999999993e-04
2.800000000000000000e+01 2.500000000000000000e+01 5.500000000000000000e+01 0.000000000000000000e+00 1.600000000000000089e+00 1.700000000000000122e-04 -5.400000000000000069e-04 -1.000000000000000000e+00 -1.272700000000000047e-02 -9.999190000000000023e-01 5.379999999999999583e-04 -9.999190000000000023e-01 1.272700000000000047e-02 -1.769999999999999926e-04
1.200000000000000000e+01 6.800000000000000000e+01 5.700000000000000000e+01 0.000000000000000000e+00 1.600000000000000089e+00 2.400000000000000061e-04 -2.203999999999999796e-03 -9.999980000000000535e-01 -2.444590000000000096e-01 -9.696569999999999911e-01 2.077999999999999986e-03 -9.696599999999999664e-01 2.444580000000000086e-01 -7.709999999999999840e-04
1.100000000000000000e+01 2.100000000000000000e+01 6.000000000000000000e+01 0.000000000000000000e+00 1.600000000000000089e+00 -4.159999999999999744e-04 8.115999999999999950e-03 9.999670000000000503e-01 -9.534099999999999520e-02 9.954119999999999635e-01 -8.118999999999999481e-03 -9.954450000000000243e-01 -9.534099999999999520e-02 3.600000000000000227e-04
2.000000000000000000e+01 2.100000000000000000e+01 6.000000000000000000e+01 0.000000000000000000e+00 1.600000000000000089e+00 2.076999999999999853e-03 -9.188999999999999252e-03 9.999559999999999560e-01 -9.307100000000000095e-02 9.956159999999999455e-01 9.343000000000000610e-03 -9.956570000000000142e-01 -9.308600000000000207e-02 1.213000000000000102e-03
6.000000000000000000e+00 3.000000000000000000e+00 6.300000000000000000e+01 0.000000000000000000e+00 1.600000000000000089e+00 1.289999999999999914e-03 -1.118000000000000070e-03 9.999989999999999712e-01 -6.136200000000000543e-01 7.895999999999999686e-01 1.675000000000000057e-03 -7.896009999999999973e-01 -6.136209999999999720e-01 3.319999999999999926e-04
1.200000000000000000e+01 3.000000000000000000e+00 6.300000000000000000e+01 0.000000000000000000e+00 1.600000000000000089e+00 -5.969999999999999829e-04 -1.913999999999999903e-03 9.999980000000000535e-01 -6.142079999999999762e-01 7.891430000000000389e-01 1.144000000000000052e-03 -7.891439999999999566e-01 -6.142060000000000297e-01 -1.647000000000000026e-03
5.000000000000000000e+00 2.700000000000000000e+01 6.300000000000000000e+01 0.000000000000000000e+00 1.600000000000000089e+00 3.684999999999999908e-03 3.477000000000000056e-03 9.999869999999999592e-01 -2.783760000000000123e-01 9.604690000000000172e-01 -2.314000000000000085e-03 -9.604650000000000132e-01 -2.783640000000000003e-01 4.506999999999999722e-03
1.200000000000000000e+01 2.700000000000000000e+01 6.300000000000000000e+01 0.000000000000000000e+00 1.600000000000000089e+00 3.899999999999999929e-05 -1.330999999999999935e-03 9.999989999999999712e-01 -2.749519999999999742e-01 9.614570000000000061e-01 1.289999999999999914e-03 -9.614580000000000348e-01 -2.749519999999999742e-01 -3.280000000000000038e-04
1.500000000000000000e+01 2.700000000000000000e+01 6.300000000000000000e+01 0.000000000000000000e+00 1.600000000000000089e+00 -2.530000000000000239e-04 -1.871000000000000050e-03 9.999980000000000535e-01 -2.760319999999999996e-01 9.611469999999999736e-01 1.729000000000000068e-03 -9.611480000000000024e-01 -2.760310000000000263e-01 -7.600000000000000418e-04
2.100000000000000000e+01 2.700000000000000000e+01 6.300000000000000000e+01 0.000000000000000000e+00 1.600000000000000089e+00 3.736999999999999870e-03 8.399999999999999535e-05 9.999930000000000208e-01 -2.793350000000000000e-01 9.601929999999999632e-01 9.629999999999999888e-04 -9.601859999999999840e-01 -2.793370000000000020e-01 3.611000000000000060e-03
2.500000000000000000e+01 2.700000000000000000e+01 6.300000000000000000e+01 0.000000000000000000e+00 1.600000000000000089e+00 2.765999999999999796e-03 8.375000000000000500e-03 9.999609999999999888e-01 -2.738189999999999791e-01 9.617539999999999978e-01 -7.296999999999999667e-03 -9.617769999999999930e-01 -2.737879999999999758e-01 4.952999999999999937e-03
1.000000000000000000e+00 2.600000000000000000e+01 6.400000000000000000e+01 0.000000000000000000e+00 1.600000000000000089e+00 4.388000000000000407e-03 -6.040000000000000447e-04 9.999900000000000455e-01 -3.685080000000000022e-01 9.296219999999999484e-01 2.177999999999999815e-03 -9.296140000000000514e-01 -3.685140000000000082e-01 3.856000000000000053e-03
1.200000000000000000e+01 2.600000000000000000e+01 6.400000000000000000e+01 0.000000000000000000e+00 1.600000000000000089e+00 2.110000000000000059e-04 -1.804999999999999964e-03 9.999980000000000535e-01 -3.567549999999999888e-01 9.341960000000000264e-01 1.761999999999999894e-03 -9.341979999999999729e-01 -3.567549999999999888e-01 -4.470000000000000232e-04
1.600000000000000000e+01 2.600000000000000000e+01 6.400000000000000000e+01 0.000000000000000000e+00 1.600000000000000089e+00 7.860000000000000233e-04 -4.687000000000000194e-03 9.999890000000000168e-01 -3.589700000000000113e-01 9.333380000000000010e-01 4.656999999999999681e-03 -9.333489999999999842e-01 -3.589700000000000113e-01 -9.489999999999999738e-04
2.100000000000000000e+01 2.600000000000000000e+01 6.400000000000000000e+01 0.000000000000000000e+00 1.600000000000000089e+00 4.015999999999999605e-03 -2.000000000000000096e-04 9.999919999999999920e-01 -3.613569999999999838e-01 9.324259999999999771e-01 1.637000000000000000e-03 -9.324189999999999978e-01 -3.613600000000000145e-01 3.671999999999999917e-03
2.800000000000000000e+01 2.600000000000000000e+01 6.400000000000000000e+01 0.000000000000000000e+00 1.600000000000000089e+00 -2.642999999999999950e-03 9.846000000000000585e-03 9.999479999999999480e-01 -3.482870000000000132e-01 9.373329999999999718e-01 -1.014999999999999930e-02 -9.373839999999999950e-01 -3.482950000000000212e-01 9.520000000000000467e-04
3.000000000000000000e+00 2.500000000000000000e+01 7.300000000000000000e+01 0.000000000000000000e+00 1.600000000000000089e+00 1.729999999999999984e-03 2.951000000000000064e-03 9.999940000000000495e-01 7.495969999999999578e-01 -6.618939999999999824e-01 6.560000000000000076e-04 6.618920000000000359e-01 7.495920000000000361e-01 -3.357999999999999874e-03
1.300000000000000000e+01 2.500000000000000000e+01 7.300000000000000000e+01 0.000000000000000000e+00 1.600000000000000089e+00 1.211000000000000054e-03 2.415000000000000046e-03 9.999959999999999960e-01 7.491560000000000441e-01 -6.623940000000000383e-01 6.920000000000000153e-04 6.623930000000000096e-01 7.491520000000000401e-01 -2.611000000000000040e-03
1.600000000000000000e+01 2.500000000000000000e+01 7.300000000000000000e+01 0.000000000000000000e+00 1.600000000000000089e+00 8.880000000000000089e-04 2.079999999999999818e-03 9.999970000000000248e-01 7.508040000000000269e-01 -6.605250000000000288e-01 7.069999999999999462e-04 6.605250000000000288e-01 7.508010000000000517e-01 -2.148000000000000170e-03
