1.500000000000000000e+01 1.900000000000000000e+01 5.000000000000000000e+00 0.000000000000000000e+00 1.600000000000000089e+00 5.139999999999999604e-03 4.525999999999999641e-03 -9.999770000000000048e-01 -6.941119999999999512e-01 -7.198339999999999739e-01 -6.825999999999999603e-03 -7.198480000000000434e-01 6.941310000000000535e-01 -5.590000000000000351e-04
2.800000000000000000e+01 1.000000000000000000e+01 7.000000000000000000e+00 0.000000000000000000e+00 1.600000000000000089e+00 3.485100000000000003e-02 -5.609000000000000270e-03 9.993769999999999598e-01 7.920930000000000470e-01 -6.096110000000000140e-01 -3.104399999999999868e-02 6.094049999999999745e-01 7.926809999999999690e-01 -1.680299999999999849e-02
2.000000000000000000e+00 1.010000000000000000e+02 7.000000000000000000e+00 0.000000000000000000e+00 1.600000000000000089e+00 -1.938999999999999968e-03 1.560300000000000055e-02 9.998759999999999870e-01 8.864520000000000177e-01 4.627879999999999772e-01 -5.503000000000000079e-03 -4.628169999999999784e-01 8.863320000000000087e-01 -1.472900000000000077e-02
2.200000000000000000e+01 1.010000000000000000e+02 7.000000000000000000e+00 0.000000000000000000e+00 1.600000000000000089e+00 9.579999999999999757e-04 -2.820000000000000241e-04 1.000000000000000000e+00 8.862269999999999870e-01 4.632510000000000239e-01 -7.179999999999999967e-04 -4.632499999999999951e-01 8.862269999999999870e-01 6.939999999999999555e-04
2.500000000000000000e+01 1.010000000000000000e+02 7.000000000000000000e+00 0.000000000000000000e+00 1.600000000000000089e+00 -1.900000000000000105e-05 -3.112999999999999882e-03 9.999949999999999672e-01 8.868599999999999817e-01 4.620360000000000023e-01 1.454999999999999913e-03 -4.620389999999999775e-01 8.868549999999999489e-01 2.752000000000000106e-03
2.000000000000000000e+00 2.500000000000000000e+01 8.000000000000000000e+00 0.000000000000000000e+00 1.600000000000000089e+00 5.469999999999999602e-04 1.965999999999999866e-03 -9.999980000000000535e-01 4.379060000000000175e-01 8.990190000000000126e-01 2.007999999999999802e-03 8.990209999999999591e-01 -4.379060000000000175e-01 -3.690000000000000246e-04
8.000000000000000000e+00 2.500000000000000000e+01 8.000000000000000000e+00 0.000000000000000000e+00 1.600000000000000089e+00 1.766999999999999908e-03 3.432999999999999854e-03 -9.999919999999999920e-01 4.363330000000000264e-01 8.997770000000000490e-01 3.860000000000000150e-03 8.997840000000000282e-01 -4.363369999999999749e-01 9.200000000000000007e-05
1.200000000000000000e+01 2.500000000000000000e+01 8.000000000000000000e+00 0.000000000000000000e+00 1.600000000000000089e+00 2.213000000000000123e-03 1.373000000000000088e-03 -9.999970000000000248e-01 4.360350000000000059e-01 8.999270000000000325e-01 2.200000000000000133e-03 8.999270000000000325e-01 -4.360379999999999812e-01 1.392999999999999924e-03
1.800000000000000000e+01 2.500000000000000000e+01 8.000000000000000000e+00 0.000000000000000000e+00 1.600000000000000089e+00 -1.955000000000000140e-03 1.340000000000000045e-03 -9.999970000000000248e-01 4.321909999999999918e-01 9.017819999999999725e-01 3.629999999999999872e-04 9.017800000000000260e-01 -4.321889999999999898e-01 -2.341999999999999898e-03
2.200000000000000000e+01 2.500000000000000000e+01 8.000000000000000000e+00 0.000000000000000000e+00 1.600000000000000089e+00 -2.027999999999999855e-03 -1.861999999999999940e-03 -9.999959999999999960e-01 4.324299999999999811e-01 9.016640000000000210e-01 -2.556000000000000112e-03 9.016650000000000498e-01 -4.324339999999999851e-01 -1.023999999999999954e-03
2.800000000000000000e+01 2.500000000000000000e+01 8.000000000000000000e+00 0.000000000000000000e+00 1.600000000000000089e+00 1.402999999999999950e-03 -7.410000000000000137e-04 -9.999989999999999712e-01 4.368070000000000008e-01 8.995549999999999935e-01 -5.300000000000000078e-05 8.995539999999999647e-01 -4.368060000000000276e-01 1.585999999999999953e-03
1.000000000000000000e+00 2.400000000000000000e+01 9.000000000000000000e+00 0.000000000000000000e+00 1.600000000000000089e+00 1.000000000000000082e-05 1.953000000000000092e-03 -9.999980000000000535e-01 4.432710000000000261e-01 8.963860000000000161e-01 1.755000000000000050e-03 8.963879999999999626e-01 -4.432699999999999974e-01 -8.570000000000000144e-04
8.000000000000000000e+00 2.400000000000000000e+01 9.000000000000000000e+00 0.000000000000000000e+00 1.600000000000000089e+00 1.495999999999999934e-03 4.303999999999999666e-03 -9.999900000000000455e-01 4.419310000000000183e-01 8.970380000000000020e-01 4.521999999999999978e-03 8.970479999999999565e-01 -4.419330000000000203e-01 -5.599999999999999509e-04
1.300000000000000000e+01 2.400000000000000000e+01 9.000000000000000000e+00 0.000000000000000000e+00 1.600000000000000089e+00 1.539999999999999919e-03 2.606999999999999942e-03 -9.999949999999999672e-01 4.419259999999999855e-01 8.970460000000000100e-01 3.018999999999999982e-03 8.970500000000000140e-01 -4.419290000000000163e-01 2.300000000000000070e-04
1.700000000000000000e+01 2.400000000000000000e+01 9.000000000000000000e+00 0.000000000000000000e+00 1.600000000000000089e+00 -3.519999999999999908e-04 2.334000000000000137e-03 -9.999970000000000248e-01 4.377869999999999817e-01 8.990770000000000151e-01 1.943999999999999981e-03 8.990789999999999615e-01 -4.377849999999999797e-01 -1.337999999999999997e-03
2.500000000000000000e+01 2.400000000000000000e+01 9.000000000000000000e+00 0.000000000000000000e+00 1.600000000000000089e+00 -5.559999999999999621e-04 -2.673000000000000029e-03 -9.999959999999999960e-01 4.408250000000000224e-01 8.975889999999999702e-01 -2.644000000000000083e-03 8.975929999999999742e-01 -4.408250000000000224e-01 6.790000000000000245e-04
2.800000000000000000e+01 2.400000000000000000e+01 9.000000000000000000e+00 0.000000000000000000e+00 1.600000000000000089e+00 1.508999999999999925e-03 -1.201999999999999943e-03 -9.999980000000000535e-01 4.434139999999999748e-01 8.963170000000000304e-01 -4.079999999999999968e-04 8.963160000000000016e-01 -4.434119999999999728e-01 1.886000000000000090e-03
1.300000000000000000e+01 8.000000000000000000e+00 1.000000000000000000e+01 0.000000000000000000e+00 1.600000000000000089e+00 9.020999999999999852e-02 5.180499999999999688e-02 -9.945739999999999581e-01 -9.850039999999999907e-01 -1.428290000000000115e-01 -9.678200000000000691e-02 -1.470670000000000033e-01 9.883910000000000196e-01 3.814399999999999735e-02
3.000000000000000000e+00 3.000000000000000000e+00 1.100000000000000000e+01 0.000000000000000000e+00 1.600000000000000089e+00 -5.177000000000000178e-03 1.121840000000000059e-01 9.936739999999999462e-01 1.242079999999999990e-01 -9.859200000000000186e-01 1.119560000000000000e-01 9.922429999999999861e-01 1.240020000000000011e-01 -8.829999999999999308e-03
1.100000000000000000e+01 4.000000000000000000e+00 1.100000000000000000e+01 0.000000000000000000e+00 1.600000000000000089e+00 -1.191000000000000001e-03 1.156760000000000010e-01 9.932860000000000023e-01 1.541210000000000080e-01 -9.813979999999999926e-01 1.144769999999999954e-01 9.880510000000000126e-01 1.532219999999999971e-01 -1.665900000000000020e-02
2.900000000000000000e+01 3.200000000000000000e+01 1.400000000000000000e+01 0.000000000000000000e+00 1.600000000000000089e+00 -5.700000000000000314e-05 -2.818999999999999891e-03 -9.999959999999999960e-01 1.210220000000000046e-01 9.926460000000000283e-01 -2.805000000000000202e-03 9.926500000000000323e-01 -1.210220000000000046e-01 2.849999999999999886e-04
1.900000000000000000e+01 1.200000000000000000e+01 1.600000000000000000e+01 0.000000000000000000e+00 1.600000000000000089e+00 1.422000000000000087e-03 -1.930000000000000021e-04 9.999989999999999712e-01 2.640799999999999814e-01 -9.645000000000000240e-01 -5.619999999999999996e-04 9.645000000000000240e-01 2.640810000000000102e-01 -1.319999999999999993e-03
2.000000000000000000e+00 1.160000000000000000e+02 1.600000000000000000e+01 0.000000000000000000e+00 1.600000000000000089e+00 -8.260000000000000198e-04 -9.669999999999999776e-04 9.999989999999999712e-01 7.687140000000000084e-01 6.395920000000000494e-01 1.253999999999999906e-03 -6.395920000000000494e-01 7.687140000000000084e-01 2.149999999999999947e-04
8.000000000000000000e+00 1.160000000000000000e+02 1.600000000000000000e+01 0.000000000000000000e+00 1.600000000000000089e+00 -1.378000000000000102e-03 -9.120000000000000502e-04 9.999989999999999712e-01 7.415110000000000312e-01 6.709389999999999521e-01 1.632999999999999903e-03 -6.709389999999999521e-01 7.415119999999999489e-01 -2.480000000000000108e-04
1.300000000000000000e+01 1.160000000000000000e+02 1.600000000000000000e+01 0.000000000000000000e+00 1.600000000000000089e+00 -2.507999999999999813e-03 -7.280000000000000230e-04 9.999970000000000248e-01 7.501560000000000450e-01 6.612569999999999837e-01 2.363000000000000083e-03 -6.612569999999999837e-01 7.501590000000000202e-01 -1.113000000000000057e-03
1.600000000000000000e+01 1.160000000000000000e+02 1.600000000000000000e+01 0.000000000000000000e+00 1.600000000000000089e+00 -3.954000000000000049e-03 -2.294000000000000032e-03 9.999900000000000455e-01 7.517160000000000508e-01 6.594719999999999471e-01 4.485000000000000271e-03 -6.594750000000000334e-01 7.517260000000000053e-01 -8.829999999999999958e-04
1.900000000000000000e+01 2.000000000000000000e+00 1.900000000000000000e+01 0.000000000000000000e+00 1.600000000000000089e+00 4.500000000000000283e-05 -1.958199999999999871e-02 -9.998080000000000300e-01 3.573830000000000062e-01 -9.337790000000000257e-01 1.830499999999999836e-02 -9.339579999999999549e-01 -3.573149999999999937e-01 6.956000000000000377e-03
2.900000000000000000e+01 2.000000000000000000e+00 1.900000000000000000e+01 0.000000000000000000e+00 1.600000000000000089e+00 6.902000000000000149e-03 -2.180999999999999953e-02 -9.997380000000000155e-01 3.588620000000000143e-01 -9.331110000000000237e-01 2.283299999999999913e-02 -9.333650000000000002e-01 -3.589249999999999940e-01 1.386000000000000079e-03
5.000000000000000000e+00 3.000000000000000000e+00 1.900000000000000000e+01 0.000000000000000000e+00 1.600000000000000089e+00 5.569999999999999864e-04 5.033699999999999980e-02 -9.987319999999999531e-01 3.481520000000000170e-01 -9.362589999999999524e-01 -4.699400000000000105e-02 -9.374379999999999935e-01 -3.476850000000000218e-01 -1.804599999999999954e-02
9.000000000000000000e+00 3.000000000000000000e+00 1.900000000000000000e+01 0.000000000000000000e+00 1.600000000000000089e+00 -4.080000000000000293e-03 4.698499999999999899e-02 -9.988869999999999694e-01 3.541070000000000051e-01 -9.341030000000000166e-01 -4.538400000000000073e-02 -9.351960000000000273e-01 -3.538979999999999904e-01 -1.282699999999999986e-02
1.300000000000000000e+01 3.000000000000000000e+00 1.900000000000000000e+01 0.000000000000000000e+00 1.600000000000000089e+00 -5.165000000000000320e-03 2.725800000000000098e-02 -9.996150000000000313e-01 3.512910000000000199e-01 -9.358670000000000044e-01 -2.733500000000000166e-02 -9.362519999999999731e-01 -3.512970000000000259e-01 -4.741999999999999688e-03
2.000000000000000000e+01 3.000000000000000000e+00 1.900000000000000000e+01 0.000000000000000000e+00 1.600000000000000089e+00 -6.089999999999999494e-04 -2.151399999999999840e-02 -9.997679999999999900e-01 3.392209999999999948e-01 -9.404930000000000234e-01 2.003200000000000119e-02 -9.407060000000000421e-01 -3.391310000000000158e-01 7.870999999999999525e-03
1.000000000000000000e+01 1.300000000000000000e+01 2.000000000000000000e+01 0.000000000000000000e+00 1.600000000000000089e+00 1.119999999999999983e-04 -3.487000000000000082e-03 9.999940000000000495e-01 2.606740000000000168e-01 9.654209999999999736e-01 3.337000000000000122e-03 -9.654270000000000351e-01 2.606720000000000148e-01 1.016999999999999892e-03
1.700000000000000000e+01 1.300000000000000000e+01 2.000000000000000000e+01 0.000000000000000000e+00 1.600000000000000089e+00 5.240000000000000517e-04 1.582000000000000073e-03 9.999989999999999712e-01 2.633460000000000245e-01 9.647000000000000020e-01 -1.663999999999999898e-03 -9.647010000000000307e-01 2.633460000000000245e-01 8.899999999999999491e-05
2.100000000000000000e+01 1.300000000000000000e+01 2.000000000000000000e+01 0.000000000000000000e+00 1.600000000000000089e+00 7.560000000000000530e-04 4.840999999999999817e-03 9.999879999999999880e-01 2.635689999999999977e-01 9.646280000000000410e-01 -4.869000000000000064e-03 -9.646400000000000530e-01 2.635689999999999977e-01 -5.469999999999999602e-04
2.500000000000000000e+01 1.300000000000000000e+01 2.000000000000000000e+01 0.000000000000000000e+00 1.600000000000000089e+00 6.560000000000000076e-04 1.314999999999999980e-03 9.999989999999999712e-01 2.613309999999999800e-01 9.652479999999999949e-01 -1.441000000000000007e-03 -9.652490000000000236e-01 2.613309999999999800e-01 2.900000000000000017e-04
1.700000000000000000e+01 1.600000000000000000e+01 2.100000000000000000e+01 0.000000000000000000e+00 1.600000000000000089e+00 5.320000000000000293e-04 2.079000000000000119e-03 9.999980000000000535e-01 3.002130000000000076e-01 9.538699999999999957e-01 -2.142999999999999940e-03 -9.538720000000000532e-01 3.002130000000000076e-01 -1.160000000000000007e-04
2.400000000000000000e+01 1.600000000000000000e+01 2.100000000000000000e+01 0.000000000000000000e+00 1.600000000000000089e+00 4.020000000000000136e-04 2.765999999999999796e-03 9.999959999999999960e-01 2.990570000000000173e-01 9.542310000000000514e-01 -2.759999999999999867e-03 -9.542350000000000554e-01 2.990570000000000173e-01 -4.440000000000000045e-04
2.300000000000000000e+01 2.000000000000000000e+00 2.500000000000000000e+01 0.000000000000000000e+00 1.600000000000000089e+00 1.015899999999999963e-02 -3.534400000000000042e-02 9.993229999999999613e-01 8.536900000000000044e-02 -9.956960000000000255e-01 -3.608399999999999802e-02 9.962980000000000169e-01 8.567800000000000415e-02 -7.098000000000000143e-03
2.900000000000000000e+01 2.000000000000000000e+00 2.500000000000000000e+01 0.000000000000000000e+00 1.600000000000000089e+00 4.965999999999999928e-03 -1.722399999999999973e-02 9.998390000000000333e-01 5.707899999999999779e-02 -9.982170000000000210e-01 -1.747900000000000148e-02 9.983570000000000499e-01 5.715699999999999947e-02 -3.974000000000000102e-03
1.400000000000000000e+01 3.000000000000000000e+00 2.500000000000000000e+01 0.000000000000000000e+00 1.600000000000000089e+00 -4.640000000000000027e-04 8.942000000000000295e-03 9.999599999999999600e-01 3.563899999999999707e-02 -9.993250000000000188e-01 8.952999999999999153e-03 9.993649999999999478e-01 3.564200000000000007e-02 1.450000000000000009e-04
2.200000000000000000e+01 3.000000000000000000e+00 2.500000000000000000e+01 0.000000000000000000e+00 1.600000000000000089e+00 5.898999999999999730e-03 -3.120200000000000057e-02 9.994960000000000511e-01 4.073000000000000231e-03 -9.995039999999999480e-01 -3.122700000000000128e-02 9.999740000000000295e-01 4.255000000000000102e-03 -5.768999999999999823e-03
3.000000000000000000e+01 3.000000000000000000e+00 2.500000000000000000e+01 0.000000000000000000e+00 1.600000000000000089e+00 1.459000000000000010e-03 -9.573999999999999178e-03 9.999529999999999808e-01 -3.153100000000000347e-02 -9.994570000000000398e-01 -9.523000000000000215e-03 9.995020000000000016e-01 -3.151600000000000235e-02 -1.760000000000000063e-03
2.700000000000000000e+01 4.600000000000000000e+01 2.700000000000000000e+01 0.000000000000000000e+00 1.600000000000000089e+00 -2.150000000000000001e-03 2.700000000000000035e-04 -9.999980000000000535e-01 6.774520000000000541e-01 7.355660000000000531e-01 -1.258000000000000004e-03 7.355639999999999956e-01 -6.774529999999999719e-01 -1.765000000000000076e-03
3.000000000000000000e+00 4.600000000000000000e+01 3.500000000000000000e+01 0.000000000000000000e+00 1.600000000000000089e+00 -1.152000000000000029e-03 -6.676999999999999776e-03 -9.999770000000000048e-01 3.930199999999999805e-01 -9.195130000000000248e-01 5.687000000000000215e-03 -9.195290000000000408e-01 -3.930040000000000200e-01 3.684000000000000209e-03
8.000000000000000000e+00 4.600000000000000000e+01 3.500000000000000000e+01 0.000000000000000000e+00 1.600000000000000089e+00 -1.299999999999999920e-05 1.132999999999999893e-03 -9.999989999999999712e-01 3.936899999999999844e-01 -9.192430000000000323e-01 -1.046999999999999971e-03 -9.192430000000000323e-01 -3.936899999999999844e-01 -4.350000000000000026e-04
1.700000000000000000e+01 4.600000000000000000e+01 3.500000000000000000e+01 0.000000000000000000e+00 1.600000000000000089e+00 -8.630000000000000518e-04 -2.776999999999999955e-03 -9.999959999999999960e-01 3.922399999999999776e-01 -9.198600000000000110e-01 2.216000000000000088e-03 -9.198629999999999862e-01 -3.922359999999999736e-01 1.882999999999999908e-03
2.500000000000000000e+01 4.600000000000000000e+01 3.500000000000000000e+01 0.000000000000000000e+00 1.600000000000000089e+00 -6.600000000000000506e-05 2.300000000000000070e-04 -1.000000000000000000e+00 3.915969999999999729e-01 -9.201369999999999827e-01 -2.380000000000000117e-04 -9.201369999999999827e-01 -3.915969999999999729e-01 -2.900000000000000017e-05
1.000000000000000000e+01 9.500000000000000000e+01 3.600000000000000000e+01 0.000000000000000000e+00 1.600000000000000089e+00 -6.322999999999999628e-03 -1.044699999999999969e-02 9.999249999999999527e-01 9.957570000000000032e-01 9.173499999999999710e-02 7.255000000000000164e-03 -9.180399999999999672e-02 9.957289999999999752e-01 9.823000000000000134e-03
2.700000000000000000e+01 9.500000000000000000e+01 3.600000000000000000e+01 0.000000000000000000e+00 1.600000000000000089e+00 1.626000000000000058e-03 2.380000000000000171e-03 9.999959999999999960e-01 9.967000000000000304e-01 8.115300000000000291e-02 -1.814000000000000074e-03 -8.115700000000000691e-02 9.966990000000000016e-01 -2.239999999999999804e-03
2.000000000000000000e+01 9.500000000000000000e+01 3.700000000000000000e+01 0.000000000000000000e+00 1.600000000000000089e+00 -1.626999999999999974e-03 -1.145900000000000044e-02 9.999329999999999607e-01 9.948280000000000456e-01 1.015390000000000043e-01 2.782000000000000185e-03 -1.015640000000000015e-01 9.947660000000000391e-01 1.123399999999999919e-02
1.400000000000000000e+01 6.000000000000000000e+01 3.900000000000000000e+01 0.000000000000000000e+00 1.600000000000000089e+00 -1.340999999999999961e-03 -1.140399999999999921e-02 -9.999339999999999895e-01 2.963149999999999951e-01 -9.550330000000000208e-01 1.049399999999999986e-02 -9.550889999999999658e-01 -2.962810000000000166e-01 4.658999999999999947e-03
8.000000000000000000e+00 2.900000000000000000e+01 4.400000000000000000e+01 0.000000000000000000e+00 1.600000000000000089e+00 -1.730999999999999900e-03 -1.886000000000000090e-03 -9.999970000000000248e-01 6.578000000000000513e-01 7.531889999999999974e-01 -2.560000000000000209e-03 7.531910000000000549e-01 -6.578019999999999978e-01 -6.299999999999999990e-05
1.600000000000000000e+01 2.900000000000000000e+01 4.400000000000000000e+01 0.000000000000000000e+00 1.600000000000000089e+00 -1.590999999999999966e-03 -3.154000000000000119e-03 -9.999940000000000495e-01 6.610430000000000472e-01 7.503400000000000070e-01 -3.419000000000000164e-03 7.503459999999999575e-01 -6.610449999999999937e-01 8.909999999999999734e-04
2.500000000000000000e+01 2.900000000000000000e+01 4.400000000000000000e+01 0.000000000000000000e+00 1.600000000000000089e+00 2.159999999999999919e-04 -3.719999999999999891e-04 -1.000000000000000000e+00 6.608920000000000350e-01 7.504809999999999537e-01 -1.359999999999999989e-04 7.504809999999999537e-01 -6.608920000000000350e-01 4.079999999999999968e-04
1.100000000000000000e+01 4.000000000000000000e+00 5.000000000000000000e+01 0.000000000000000000e+00 1.600000000000000089e+00 1.178999999999999927e-03 -3.275999999999999832e-03 -9.999940000000000495e-01 5.323999999999999844e-01 -8.464859999999999607e-01 3.400999999999999943e-03 -8.464920000000000222e-01 -5.324010000000000131e-01 7.460000000000000268e-04
3.000000000000000000e+01 5.000000000000000000e+00 5.100000000000000000e+01 0.000000000000000000e+00 1.600000000000000089e+00 3.497000000000000108e-03 5.235000000000000070e-03 -9.999799999999999800e-01 4.912270000000000247e-01 -8.710269999999999957e-01 -2.841999999999999908e-03 -8.710250000000000492e-01 -4.912070000000000047e-01 -5.617999999999999730e-03
1.500000000000000000e+01 1.150000000000000000e+02 5.100000000000000000e+01 0.000000000000000000e+00 1.600000000000000089e+00 -2.425000000000000072e-03 -4.471000000000000148e-03 9.999869999999999592e-01 8.471279999999999921e-01 -5.313890000000000002e-01 -3.220000000000000206e-04 5.313839999999999675e-01 8.471159999999999801e-01 5.075999999999999783e-03
1.900000000000000000e+01 1.150000000000000000e+02 5.100000000000000000e+01 0.000000000000000000e+00 1.600000000000000089e+00 5.500000000000000196e-05 4.339999999999999782e-04 1.000000000000000000e+00 8.466879999999999962e-01 -5.320899999999999519e-01 1.840000000000000001e-04 5.320899999999999519e-01 8.466879999999999962e-01 -3.959999999999999762e-04
3.000000000000000000e+00 6.300000000000000000e+01 5.400000000000000000e+01 0.000000000000000000e+00 1.600000000000000089e+00 3.269999999999999795e-04 -2.873999999999999819e-03 9.999959999999999960e-01 -3.516889999999999739e-01 9.361129999999999729e-01 2.805999999999999901e-03 -9.361169999999999769e-01 -3.516880000000000006e-01 -7.039999999999999817e-04
8.000000000000000000e+00 6.300000000000000000e+01 5.400000000000000000e+01 0.000000000000000000e+00 1.600000000000000089e+00 -1.413999999999999892e-03 -4.218999999999999660e-03 9.999900000000000455e-01 -3.513029999999999764e-01 9.362549999999999484e-01 3.452999999999999906e-03 -9.362610000000000099e-01 -3.512950000000000239e-01 -2.805999999999999901e-03
2.100000000000000000e+01 6.300000000000000000e+01 5.400000000000000000e+01 0.000000000000000000e+00 1.600000000000000089e+00 1.427000000000000100e-03 -2.005999999999999971e-03 9.999970000000000248e-01 -3.462819999999999787e-01 9.381270000000000442e-01 2.376000000000000074e-03 -9.381289999999999907e-01 -3.462850000000000095e-01 6.440000000000000412e-04
2.500000000000000000e+01 6.300000000000000000e+01 5.400000000000000000e+01 0.000000000000000000e+00 1.600000000000000089e+00 -7.269999999999999987e-04 8.679999999999999565e-04 9.999989999999999712e-01 -3.433939999999999770e-01 9.391909999999999981e-01 -1.064000000000000059e-03 -9.391909999999999981e-01 -3.433939999999999770e-01 -3.849999999999999798e-04
2.900000000000000000e+01 2.500000000000000000e+01 5.500000000000000000e+01 0.000000000000000000e+00 1.600000000000000089e+00 1.531999999999999942e-03 2.739999999999999923e-04 -9.999989999999999712e-01 -1.113899999999999960e-02 -9.999379999999999935e-01 -2.910000000000000260e-04 -9.999369999999999647e-01 1.114000000000000060e-02 -1.528999999999999977e-03
4.000000000000000000e+00 2.600000000000000000e+01 5.500000000000000000e+01 0.000000000000000000e+00 1.600000000000000089e+00 1.338999999999999913e-03 5.500999999999999814e-03 -9.999839999999999840e-01 -3.283500000000000307e-02 -9.994450000000000278e-01 -5.542000000000000051e-03 -9.994600000000000151e-01 3.284200000000000313e-02 -1.157999999999999958e-03
2.000000000000000000e+00 5.900000000000000000e+01 5.900000000000000000e+01 0.000000000000000000e+00 1.600000000000000089e+00 -5.280000000000000405e-04 -2.037999999999999881e-03 -9.999980000000000535e-01 3.292689999999999784e-01 9.442340000000000177e-01 -2.098000000000000038e-03 9.442359999999999642e-01 -3.292689999999999784e-01 1.730000000000000038e-04
2.000000000000000000e+00 2.100000000000000000e+01 6.000000000000000000e+01 0.000000000000000000e+00 1.600000000000000089e+00 -1.689999999999999879e-04 2.371999999999999977e-03 9.999970000000000248e-01 -9.670900000000000329e-02 9.953100000000000280e-01 -2.377000000000000206e-03 -9.953130000000000033e-01 -9.670900000000000329e-02 6.200000000000000270e-05
6.000000000000000000e+00 2.100000000000000000e+01 6.000000000000000000e+01 0.000000000000000000e+00 1.600000000000000089e+00 -1.786000000000000044e-03 6.976999999999999695e-03 9.999740000000000295e-01 -9.561000000000000054e-02 9.953929999999999723e-01 -7.115999999999999930e-03 -9.954169999999999963e-01 -9.561999999999999666e-02 -1.111000000000000008e-03
1.100000000000000000e+01 2.100000000000000000e+01 6.000000000000000000e+01 0.000000000000000000e+00 1.600000000000000089e+00 -7.540000000000000044e-04 1.760999999999999979e-03 9.999980000000000535e-01 -9.568899999999999628e-02 9.954100000000000170e-01 -1.825000000000000016e-03 -9.954110000000000458e-01 -9.568999999999999728e-02 -5.820000000000000520e-04
1.800000000000000000e+01 2.100000000000000000e+01 6.000000000000000000e+01 0.000000000000000000e+00 1.600000000000000089e+00 8.589999999999999546e-04 -1.654000000000000088e-03 9.999980000000000535e-01 -9.298099999999999421e-02 9.956660000000000510e-01 1.727000000000000019e-03 -9.956679999999999975e-01 -9.298199999999999521e-02 7.020000000000000415e-04
2.500000000000000000e+01 2.100000000000000000e+01 6.000000000000000000e+01 0.000000000000000000e+00 1.600000000000000089e+00 -3.660000000000000059e-04 7.278999999999999880e-03 9.999730000000000008e-01 -9.690500000000000502e-02 9.952670000000000128e-01 -7.281000000000000145e-03 -9.952940000000000120e-01 -9.690500000000000502e-02 3.409999999999999945e-04
2.900000000000000000e+01 2.100000000000000000e+01 6.000000000000000000e+01 0.000000000000000000e+00 1.600000000000000089e+00 3.664999999999999855e-03 5.820999999999999786e-03 9.999759999999999760e-01 -9.664799999999999780e-02 9.953039999999999665e-01 -5.440000000000000391e-03 -9.953119999999999745e-01 -9.662600000000000355e-02 4.210000000000000200e-03
5.000000000000000000e+00 3.000000000000000000e+00 6.300000000000000000e+01 0.000000000000000000e+00 1.600000000000000089e+00 -1.551999999999999994e-03 -3.929000000000000201e-03 9.999909999999999632e-01 -6.124619999999999509e-01 7.904970000000000052e-01 2.154999999999999798e-03 -7.904980000000000340e-01 -6.124530000000000252e-01 -3.632999999999999945e-03
2.000000000000000000e+00 2.700000000000000000e+01 6.300000000000000000e+01 0.000000000000000000e+00 1.600000000000000089e+00 2.811000000000000131e-03 -8.790000000000000070e-04 9.999959999999999960e-01 -2.754510000000000014e-01 9.613140000000000018e-01 1.619999999999999912e-03 -9.613110000000000266e-01 -2.754550000000000054e-01 2.459999999999999947e-03
7.000000000000000000e+00 2.700000000000000000e+01 6.300000000000000000e+01 0.000000000000000000e+00 1.600000000000000089e+00 -1.533000000000000074e-03 1.605000000000000090e-03 9.999970000000000248e-01 -2.777589999999999781e-01 9.606489999999999752e-01 -1.968000000000000131e-03 -9.606500000000000039e-01 -2.777609999999999801e-01 -1.026999999999999918e-03
1.000000000000000000e+01 2.700000000000000000e+01 6.300000000000000000e+01 0.000000000000000000e+00 1.600000000000000089e+00 -2.869999999999999830e-04 4.325999999999999984e-03 9.999909999999999632e-01 -2.780309999999999726e-01 9.605629999999999447e-01 -4.235000000000000049e-03 -9.605719999999999814e-01 -2.780299999999999994e-01 9.269999999999999811e-04
1.300000000000000000e+01 2.700000000000000000e+01 6.300000000000000000e+01 0.000000000000000000e+00 1.600000000000000089e+00 2.625999999999999862e-03 6.368000000000000396e-03 9.999759999999999760e-01 -2.765420000000000100e-01 9.609870000000000356e-01 -5.393000000000000224e-03 -9.609980000000000189e-01 -2.765219999999999900e-01 4.284999999999999747e-03
1.800000000000000000e+01 2.700000000000000000e+01 6.300000000000000000e+01 0.000000000000000000e+00 1.600000000000000089e+00 -9.120000000000000502e-04 8.319999999999999271e-03 9.999649999999999928e-01 -2.705469999999999819e-01 9.626710000000000544e-01 -8.255999999999999450e-03 -9.627059999999999507e-01 -2.705449999999999799e-01 1.373000000000000088e-03
2.500000000000000000e+01 2.700000000000000000e+01 6.300000000000000000e+01 0.000000000000000000e+00 1.600000000000000089e+00 8.310000000000000329e-04 -9.714000000000000412e-03 9.999519999999999520e-01 -2.747600000000000042e-01 9.614650000000000141e-01 9.568000000000000116e-03 -9.615129999999999511e-01 -2.747550000000000270e-01 -1.869999999999999917e-03
3.000000000000000000e+01 2.700000000000000000e+01 6.300000000000000000e+01 0.000000000000000000e+00 1.600000000000000089e+00 7.466000000000000414e-03 -8.630999999999999783e-03 9.999350000000000183e-01 -2.730299999999999949e-01 9.619499999999999718e-01 1.034200000000000050e-02 -9.619760000000000533e-01 -2.730899999999999994e-01 4.826000000000000428e-03
2.000000000000000000e+00 2.600000000000000000e+01 6.400000000000000000e+01 0.000000000000000000e+00 1.600000000000000089e+00 3.609999999999999928e-03 -5.680000000000000370e-04 9.999930000000000208e-01 -3.682799999999999963e-01 9.297130000000000116e-01 1.858000000000000059e-03 -9.297079999999999789e-01 -3.682840000000000003e-01 3.147000000000000058e-03
7.000000000000000000e+00 2.600000000000000000e+01 6.400000000000000000e+01 0.000000000000000000e+00 1.600000000000000089e+00 -1.966999999999999998e-03 2.260999999999999989e-03 9.999949999999999672e-01 -3.710740000000000149e-01 9.285989999999999522e-01 -2.830000000000000050e-03 -9.286010000000000097e-01 -3.710780000000000189e-01 -9.879999999999999460e-04
1.100000000000000000e+01 2.600000000000000000e+01 6.400000000000000000e+01 0.000000000000000000e+00 1.600000000000000089e+00 2.200000000000000078e-04 3.983000000000000429e-03 9.999919999999999920e-01 -3.717520000000000269e-01 9.283249999999999558e-01 -3.615999999999999857e-03 -9.283320000000000460e-01 -3.717489999999999961e-01 1.685000000000000083e-03
1.300000000000000000e+01 2.600000000000000000e+01 6.400000000000000000e+01 0.000000000000000000e+00 1.600000000000000089e+00 2.161000000000000160e-03 4.366000000000000089e-03 9.999879999999999880e-01 -3.702949999999999853e-01 9.289079999999999560e-01 -3.255000000000000081e-03 -9.289119999999999600e-01 -3.702840000000000020e-01 3.624000000000000051e-03
1.900000000000000000e+01 2.600000000000000000e+01 6.400000000000000000e+01 0.000000000000000000e+00 1.600000000000000089e+00 -3.301000000000000115e-03 6.086000000000000264e-03 9.999759999999999760e-01 -3.650200000000000111e-01 9.309739999999999682e-01 -6.871000000000000371e-03 -9.309939999999999882e-01 -3.650340000000000251e-01 -8.509999999999999769e-04
2.600000000000000000e+01 2.600000000000000000e+01 6.400000000000000000e+01 0.000000000000000000e+00 1.600000000000000089e+00 3.493000000000000011e-03 -7.744000000000000015e-03 9.999639999999999640e-01 -3.707929999999999837e-01 9.286769999999999747e-01 8.488000000000000753e-03 -9.287090000000000067e-01 -3.708099999999999730e-01 3.719999999999999891e-04
1.300000000000000000e+01 6.900000000000000000e+01 6.600000000000000000e+01 0.000000000000000000e+00 1.600000000000000089e+00 1.550000000000000000e-04 -4.198000000000000342e-03 9.999909999999999632e-01 -9.493099999999999872e-01 3.143380000000000063e-01 1.466999999999999988e-03 -3.143420000000000103e-01 -9.493019999999999792e-01 -3.937000000000000395e-03
2.600000000000000000e+01 6.900000000000000000e+01 6.600000000000000000e+01 0.000000000000000000e+00 1.600000000000000089e+00 -4.099000000000000213e-03 -3.439000000000000216e-03 9.999860000000000415e-01 -9.459159999999999791e-01 3.244009999999999949e-01 -2.762000000000000132e-03 -3.243869999999999809e-01 -9.459130000000000038e-01 -4.582000000000000135e-03
7.000000000000000000e+00 2.500000000000000000e+01 7.300000000000000000e+01 0.000000000000000000e+00 1.600000000000000089e+00 -5.310000000000000050e-04 1.391000000000000092e-03 9.999989999999999712e-01 7.542459999999999720e-01 -6.565900000000000070e-01 1.314000000000000064e-03 6.565910000000000357e-01 7.542459999999999720e-01 -7.010000000000000172e-04
1.100000000000000000e+01 2.500000000000000000e+01 7.300000000000000000e+01 0.000000000000000000e+00 1.600000000000000089e+00 -9.340000000000000429e-04 -4.539999999999999765e-04 9.999989999999999712e-01 7.565300000000000358e-01 -6.539589999999999570e-01 4.099999999999999912e-04 6.539589999999999570e-01 7.565300000000000358e-01 9.539999999999999869e-04
1.400000000000000000e+01 2.500000000000000000e+01 7.300000000000000000e+01 0.000000000000000000e+00 1.600000000000000089e+00 -1.572999999999999962e-03 -3.896000000000000157e-03 9.999909999999999632e-01 7.555020000000000069e-01 -6.551449999999999774e-01 -1.363999999999999978e-03 6.551439999999999486e-01 7.554929999999999701e-01 3.974000000000000102e-03
1.900000000000000000e+01 2.500000000000000000e+01 7.300000000000000000e+01 0.000000000000000000e+00 1.600000000000000089e+00 3.809999999999999910e-04 -5.739999999999999660e-04 1.000000000000000000e+00 7.538639999999999786e-01 -6.570310000000000317e-01 -6.639999999999999852e-04 6.570310000000000317e-01 7.538639999999999786e-01 1.820000000000000057e-04
2.700000000000000000e+01 2.500000000000000000e+01 7.300000000000000000e+01 0.000000000000000000e+00 1.600000000000000089e+00 1.936000000000000004e-03 -1.503999999999999912e-03 9.999970000000000248e-01 7.608139999999999903e-01 -6.489660000000000428e-01 -2.448999999999999788e-03 6.489679999999999893e-01 7.608160000000000478e-01 -1.129999999999999955e-04
3.000000000000000000e+00 4.400000000000000000e+01 7.300000000000000000e+01 0.000000000000000000e+00 1.600000000000000089e+00 -4.899999999999999842e-04 -9.640000000000000131e-04 9.999989999999999712e-01 5.475399999999999712e-02 -9.984990000000000254e-01 -9.359999999999999831e-04 9.985000000000000542e-01 5.475399999999999712e-02 5.419999999999999471e-04
7.000000000000000000e+00 4.400000000000000000e+01 7.300000000000000000e+01 0.000000000000000000e+00 1.600000000000000089e+00 -2.359999999999999902e-04 -8.520000000000000013e-04 1.000000000000000000e+00 5.501799999999999746e-02 -9.984849999999999559e-01 -8.369999999999999619e-04 9.984849999999999559e-01 5.501799999999999746e-02 2.829999999999999942e-04
1.300000000000000000e+01 4.400000000000000000e+01 7.300000000000000000e+01 0.000000000000000000e+00 1.600000000000000089e+00 -6.700000000000000226e-05 -5.000000000000000104e-04 1.000000000000000000e+00 5.351399999999999907e-02 -9.985669999999999824e-01 -4.960000000000000216e-04 9.985669999999999824e-01 5.351399999999999907e-02 9.299999999999999727e-05
1.600000000000000000e+01 4.400000000000000000e+01 7.300000000000000000e+01 0.000000000000000000e+00 1.600000000000000089e+00 5.749999999999999903e-04 -1.598999999999999944e-03 9.999989999999999712e-01 5.311799999999999855e-02 -9.985870000000000024e-01 -1.626999999999999974e-03 9.985880000000000312e-01 5.311899999999999955e-02 -4.889999999999999599e-04
2.100000000000000000e+01 4.400000000000000000e+01 7.300000000000000000e+01 0.000000000000000000e+00 1.600000000000000089e+00 6.999999999999999895e-06 1.360000000000000098e-03 9.999989999999999712e-01 5.492899999999999866e-02 -9.984889999999999599e-01 1.358000000000000049e-03 9.984899999999999887e-01 5.492899999999999866e-02 -8.200000000000000095e-05
2.800000000000000000e+01 4.400000000000000000e+01 7.300000000000000000e+01 0.000000000000000000e+00 1.600000000000000089e+00 -3.029999999999999924e-04 -1.574000000000000095e-03 9.999989999999999712e-01 5.573899999999999688e-02 -9.984439999999999982e-01 -1.554000000000000043e-03 9.984450000000000269e-01 5.573800000000000282e-02 3.899999999999999929e-04
2.300000000000000000e+01 2.500000000000000000e+01 7.400000000000000000e+01 0.000000000000000000e+00 1.600000000000000089e+00 6.790000000000000245e-04 1.955000000000000140e-03 9.999980000000000535e-01 8.307360000000000300e-01 -5.566670000000000229e-01 5.240000000000000517e-04 5.566659999999999942e-01 8.307339999999999725e-01 -2.001999999999999873e-03
2.800000000000000000e+01 9.900000000000000000e+01 7.500000000000000000e+01 0.000000000000000000e+00 1.600000000000000089e+00 -3.782000000000000205e-03 -5.677999999999999887e-03 -9.999770000000000048e-01 -8.840559999999999530e-01 4.673800000000000177e-01 6.899999999999999667e-04 4.673649999999999749e-01 8.840379999999999905e-01 -6.786999999999999630e-03
5.000000000000000000e+00 9.100000000000000000e+01 7.600000000000000000e+01 0.000000000000000000e+00 1.600000000000000089e+00 -2.377000000000000206e-03 -1.567999999999999949e-03 9.999959999999999960e-01 3.011240000000000028e-01 -9.535850000000000160e-01 -7.789999999999999616e-04 9.535820000000000407e-01 3.011199999999999988e-01 2.739000000000000115e-03
9.000000000000000000e+00 9.100000000000000000e+01 7.600000000000000000e+01 0.000000000000000000e+00 1.600000000000000089e+00 -4.110000000000000155e-04 2.939999999999999905e-04 1.000000000000000000e+00 2.920800000000000063e-01 -9.563939999999999664e-01 4.009999999999999893e-04 9.563939999999999664e-01 2.920800000000000063e-01 3.069999999999999812e-04
1.300000000000000000e+01 9.100000000000000000e+01 7.600000000000000000e+01 0.000000000000000000e+00 1.600000000000000089e+00 -8.750000000000000182e-04 2.700000000000000035e-04 1.000000000000000000e+00 2.983600000000000141e-01 -9.544529999999999959e-01 5.190000000000000386e-04 9.544529999999999959e-01 2.983600000000000141e-01 7.550000000000000287e-04
2.100000000000000000e+01 9.100000000000000000e+01 7.600000000000000000e+01 0.000000000000000000e+00 1.600000000000000089e+00 -4.640000000000000027e-04 -1.057999999999999913e-03 9.999989999999999712e-01 3.026119999999999921e-01 -9.531129999999999880e-01 -8.679999999999999565e-04 9.531140000000000168e-01 3.026119999999999921e-01 7.619999999999999820e-04
2.700000000000000000e+01 9.100000000000000000e+01 7.600000000000000000e+01 0.000000000000000000e+00 1.600000000000000089e+00 -2.030999999999999819e-03 -2.704999999999999939e-03 9.999940000000000495e-01 2.953069999999999862e-01 -9.554000000000000270e-01 -1.984999999999999785e-03 9.554000000000000270e-01 2.953009999999999802e-01 2.739000000000000115e-03
7.000000000000000000e+00 6.300000000000000000e+01 8.100000000000000000e+01 0.000000000000000000e+00 1.600000000000000089e+00 1.699999999999999987e-05 7.028000000000000393e-03 9.999749999999999472e-01 3.116899999999999879e-02 -9.994889999999999608e-01 7.024999999999999994e-03 9.995140000000000136e-01 3.116800000000000126e-02 -2.359999999999999902e-04
2.300000000000000000e+01 6.300000000000000000e+01 8.100000000000000000e+01 0.000000000000000000e+00 1.600000000000000089e+00 -5.519999999999999733e-03 -1.044100000000000063e-02 9.999299999999999855e-01 3.076999999999999874e-02 -9.994739999999999736e-01 -1.026700000000000008e-02 9.995110000000000383e-01 3.071099999999999872e-02 5.838000000000000307e-03
1.000000000000000000e+00 4.400000000000000000e+01 8.300000000000000000e+01 0.000000000000000000e+00 1.600000000000000089e+00 -2.530000000000000239e-04 4.301000000000000136e-03 9.999909999999999632e-01 5.810990000000000322e-01 -8.138250000000000206e-01 3.647000000000000068e-03 8.138330000000000286e-01 5.810950000000000282e-01 -2.294000000000000032e-03
7.000000000000000000e+00 4.400000000000000000e+01 8.300000000000000000e+01 0.000000000000000000e+00 1.600000000000000089e+00 3.159999999999999832e-04 3.589999999999999875e-03 9.999940000000000495e-01 5.775329999999999631e-01 -8.163629999999999498e-01 2.748000000000000009e-03 8.163669999999999538e-01 5.775289999999999591e-01 -2.331000000000000173e-03
1.100000000000000000e+01 4.400000000000000000e+01 8.300000000000000000e+01 0.000000000000000000e+00 1.600000000000000089e+00 -4.879999999999999898e-04 -1.965000000000000167e-03 9.999980000000000535e-01 5.735179999999999723e-01 -8.191920000000000313e-01 -1.330000000000000019e-03 8.191929999999999490e-01 5.735160000000000258e-01 1.526999999999999929e-03
1.400000000000000000e+01 4.400000000000000000e+01 8.300000000000000000e+01 0.000000000000000000e+00 1.600000000000000089e+00 -1.028999999999999967e-03 -2.413000000000000214e-03 9.999970000000000248e-01 5.719899999999999984e-01 -8.202589999999999604e-01 -1.389999999999999960e-03 8.202599999999999891e-01 5.719870000000000232e-01 2.223999999999999849e-03
