5.000000000000000000e+00 1.900000000000000000e+01 5.000000000000000000e+00 0.000000000000000000e+00 1.600000000000000089e+00 3.789999999999999966e-04 -1.325000000000000006e-03 -9.999989999999999712e-01 -7.072009999999999685e-01 -7.070119999999999738e-01 6.679999999999999740e-04 -7.070130000000000026e-01 7.072000000000000508e-01 -1.204999999999999908e-03
8.000000000000000000e+00 1.010000000000000000e+02 7.000000000000000000e+00 0.000000000000000000e+00 1.600000000000000089e+00 7.050000000000000060e-04 -7.056999999999999905e-03 9.999749999999999472e-01 8.886450000000000182e-01 4.585879999999999956e-01 2.609999999999999907e-03 -4.585949999999999749e-01 8.886209999999999942e-01 6.595000000000000168e-03
1.500000000000000000e+01 1.010000000000000000e+02 7.000000000000000000e+00 0.000000000000000000e+00 1.600000000000000089e+00 1.240999999999999916e-03 9.641000000000000264e-03 9.999529999999999808e-01 8.891430000000000167e-01 4.575949999999999740e-01 -5.514999999999999937e-03 -4.576270000000000060e-01 8.891080000000000094e-01 -8.004000000000000697e-03
2.400000000000000000e+01 1.010000000000000000e+02 7.000000000000000000e+00 0.000000000000000000e+00 1.600000000000000089e+00 -5.789999999999999791e-04 -7.226999999999999917e-03 9.999740000000000295e-01 8.895239999999999814e-01 4.568729999999999736e-01 3.817000000000000080e-03 -4.568889999999999896e-01 8.895020000000000149e-01 6.164000000000000208e-03
5.000000000000000000e+00 2.500000000000000000e+01 8.000000000000000000e+00 0.000000000000000000e+00 1.600000000000000089e+00 -1.809999999999999977e-03 9.036000000000000629e-03 -9.999580000000000135e-01 4.360569999999999724e-01 8.998890000000000500e-01 7.341999999999999568e-03 8.999169999999999670e-01 -4.360249999999999959e-01 -5.569000000000000165e-03
1.100000000000000000e+01 2.500000000000000000e+01 8.000000000000000000e+00 0.000000000000000000e+00 1.600000000000000089e+00 -6.530000000000000431e-04 3.274000000000000000e-03 -9.999940000000000495e-01 4.366780000000000106e-01 8.996140000000000247e-01 2.660000000000000038e-03 8.996170000000000000e-01 -4.366740000000000066e-01 -2.017000000000000130e-03
1.400000000000000000e+01 2.500000000000000000e+01 8.000000000000000000e+00 0.000000000000000000e+00 1.600000000000000089e+00 -3.759999999999999779e-04 -1.194699999999999929e-02 -9.999289999999999567e-01 4.374120000000000230e-01 8.991949999999999665e-01 -1.090799999999999929e-02 8.992609999999999770e-01 -4.373850000000000238e-01 4.886999999999999851e-03
2.200000000000000000e+01 2.500000000000000000e+01 8.000000000000000000e+00 0.000000000000000000e+00 1.600000000000000089e+00 2.181999999999999912e-03 2.827999999999999785e-03 -9.999940000000000495e-01 4.380100000000000104e-01 8.989629999999999566e-01 3.497999999999999807e-03 8.989679999999999893e-01 -4.380149999999999877e-01 7.230000000000000098e-04
2.500000000000000000e+01 2.500000000000000000e+01 8.000000000000000000e+00 0.000000000000000000e+00 1.600000000000000089e+00 1.355000000000000085e-03 3.237999999999999993e-03 -9.999940000000000495e-01 4.378090000000000037e-01 8.990609999999999991e-01 3.504000000000000170e-03 8.990669999999999495e-01 -4.378110000000000057e-01 -1.990000000000000124e-04
5.000000000000000000e+00 9.000000000000000000e+00 9.000000000000000000e+00 0.000000000000000000e+00 1.600000000000000089e+00 2.573299999999999893e-02 1.511400000000000070e-02 -9.995549999999999713e-01 -9.722600000000000131e-01 -2.321560000000000012e-01 -2.853999999999999940e-02 -2.324839999999999962e-01 9.725610000000000088e-01 8.720000000000000320e-03
1.000000000000000000e+01 9.000000000000000000e+00 9.000000000000000000e+00 0.000000000000000000e+00 1.600000000000000089e+00 2.815300000000000094e-02 7.019000000000000065e-03 -9.995789999999999953e-01 -9.868529999999999802e-01 -1.590110000000000134e-01 -2.891099999999999920e-02 -1.591470000000000107e-01 9.872520000000000184e-01 2.451000000000000054e-03
2.600000000000000000e+01 9.000000000000000000e+00 9.000000000000000000e+00 0.000000000000000000e+00 1.600000000000000089e+00 -3.333400000000000252e-02 -1.342499999999999943e-02 -9.993539999999999646e-01 -9.763319999999999776e-01 -2.133569999999999911e-01 3.543299999999999922e-02 -2.136949999999999961e-01 9.768820000000000281e-01 -5.995000000000000329e-03
2.000000000000000000e+00 2.400000000000000000e+01 9.000000000000000000e+00 0.000000000000000000e+00 1.600000000000000089e+00 -8.099999999999999561e-04 4.968000000000000194e-03 -9.999869999999999592e-01 4.434069999999999956e-01 8.963109999999999689e-01 4.094000000000000417e-03 8.963200000000000056e-01 -4.433980000000000143e-01 -2.929000000000000180e-03
5.000000000000000000e+00 2.400000000000000000e+01 9.000000000000000000e+00 0.000000000000000000e+00 1.600000000000000089e+00 -8.930000000000000221e-04 2.905000000000000030e-03 -9.999949999999999672e-01 4.423799999999999955e-01 8.968249999999999833e-01 2.210000000000000159e-03 8.968270000000000408e-01 -4.423759999999999915e-01 -2.086000000000000180e-03
1.100000000000000000e+01 2.400000000000000000e+01 9.000000000000000000e+00 0.000000000000000000e+00 1.600000000000000089e+00 -6.909999999999999910e-04 2.752000000000000106e-03 -9.999959999999999960e-01 4.416930000000000023e-01 8.971639999999999615e-01 2.164000000000000125e-03 8.971660000000000190e-01 -4.416900000000000270e-01 -1.835000000000000043e-03
1.400000000000000000e+01 2.400000000000000000e+01 9.000000000000000000e+00 0.000000000000000000e+00 1.600000000000000089e+00 -8.009999999999999542e-04 -9.003999999999999851e-03 -9.999590000000000423e-01 4.425780000000000269e-01 8.966910000000000158e-01 -8.429000000000000728e-03 8.967300000000000271e-01 -4.425660000000000149e-01 3.266999999999999939e-03
1.800000000000000000e+01 2.400000000000000000e+01 9.000000000000000000e+00 0.000000000000000000e+00 1.600000000000000089e+00 6.579999999999999478e-04 -6.623000000000000415e-03 -9.999780000000000335e-01 4.443409999999999860e-01 8.958399999999999697e-01 -5.641000000000000181e-03 8.958580000000000432e-01 -4.443270000000000275e-01 3.533000000000000116e-03
2.100000000000000000e+01 2.400000000000000000e+01 9.000000000000000000e+00 0.000000000000000000e+00 1.600000000000000089e+00 1.825999999999999932e-03 3.395000000000000014e-03 -9.999930000000000208e-01 4.442619999999999902e-01 8.958890000000000464e-01 3.853000000000000088e-03 8.958949999999999969e-01 -4.442659999999999942e-01 1.269999999999999970e-04
2.500000000000000000e+01 2.400000000000000000e+01 9.000000000000000000e+00 0.000000000000000000e+00 1.600000000000000089e+00 9.600000000000000243e-04 5.061000000000000394e-03 -9.999869999999999592e-01 4.444640000000000257e-01 8.957829999999999959e-01 4.959999999999999999e-03 8.957960000000000367e-01 -4.444629999999999970e-01 -1.389999999999999960e-03
3.000000000000000000e+01 4.000000000000000000e+00 1.100000000000000000e+01 0.000000000000000000e+00 1.600000000000000089e+00 7.420000000000000380e-04 -4.644299999999999817e-02 9.989209999999999479e-01 1.731870000000000076e-01 -9.838200000000000278e-01 -4.587000000000000105e-02 9.848890000000000144e-01 1.730339999999999934e-01 7.313000000000000056e-03
2.300000000000000000e+01 3.000000000000000000e+01 1.200000000000000000e+01 0.000000000000000000e+00 1.600000000000000089e+00 -7.959000000000000796e-03 -1.244900000000000034e-01 9.921889999999999876e-01 -2.163400000000000045e-02 9.920099999999999474e-01 1.242940000000000017e-01 -9.997340000000000115e-01 -2.047600000000000114e-02 -1.058899999999999945e-02
2.700000000000000000e+01 3.100000000000000000e+01 1.200000000000000000e+01 0.000000000000000000e+00 1.600000000000000089e+00 1.639000000000000049e-03 -2.187570000000000070e-01 9.757780000000000342e-01 -7.093099999999999405e-02 9.732960000000000500e-01 2.183199999999999863e-01 -9.974800000000000333e-01 -6.957099999999999396e-02 -1.392099999999999935e-02
1.100000000000000000e+01 2.800000000000000000e+01 1.300000000000000000e+01 0.000000000000000000e+00 1.600000000000000089e+00 -7.810000000000000102e-04 3.531900000000000317e-02 9.993760000000000421e-01 -4.768700000000000022e-02 9.982379999999999587e-01 -3.531600000000000017e-02 -9.988620000000000276e-01 -4.768499999999999822e-02 9.039999999999999642e-04
1.300000000000000000e+01 2.800000000000000000e+01 1.300000000000000000e+01 0.000000000000000000e+00 1.600000000000000089e+00 -4.853999999999999808e-03 -5.755699999999999705e-02 9.983300000000000507e-01 -6.081600000000000200e-02 9.965110000000000356e-01 5.715599999999999847e-02 -9.981370000000000520e-01 -6.043699999999999767e-02 -8.337000000000000660e-03
5.000000000000000000e+00 2.900000000000000000e+01 1.300000000000000000e+01 0.000000000000000000e+00 1.600000000000000089e+00 1.704900000000000165e-02 2.616129999999999844e-01 9.650220000000000464e-01 -1.358499999999999985e-02 9.651340000000000474e-01 -2.614040000000000252e-01 -9.997620000000000395e-01 -8.652999999999999234e-03 2.000800000000000148e-02
1.100000000000000000e+01 1.200000000000000000e+01 1.600000000000000000e+01 0.000000000000000000e+00 1.600000000000000089e+00 -3.784000000000000037e-03 2.594000000000000125e-02 9.996559999999999890e-01 2.826670000000000016e-01 -9.588670000000000249e-01 2.595199999999999937e-02 9.592110000000000358e-01 2.826679999999999748e-01 -3.703999999999999827e-03
1.700000000000000000e+01 1.200000000000000000e+01 1.600000000000000000e+01 0.000000000000000000e+00 1.600000000000000089e+00 -5.749999999999999903e-04 -4.600000000000000139e-04 1.000000000000000000e+00 2.733610000000000206e-01 -9.619119999999999893e-01 -2.849999999999999886e-04 9.619109999999999605e-01 2.733599999999999919e-01 6.790000000000000245e-04
2.100000000000000000e+01 1.200000000000000000e+01 1.600000000000000000e+01 0.000000000000000000e+00 1.600000000000000089e+00 4.471000000000000148e-03 -1.382899999999999928e-02 9.998939999999999495e-01 2.695670000000000011e-01 -9.628719999999999501e-01 -1.452299999999999945e-02 9.629710000000000214e-01 2.696029999999999816e-01 -5.770000000000000389e-04
2.400000000000000000e+01 1.200000000000000000e+01 1.600000000000000000e+01 0.000000000000000000e+00 1.600000000000000089e+00 7.288000000000000207e-03 -2.073300000000000143e-02 9.997580000000000355e-01 2.702300000000000257e-01 -9.625460000000000127e-01 -2.193099999999999911e-02 9.627679999999999572e-01 2.703240000000000087e-01 -1.412999999999999977e-03
7.000000000000000000e+00 1.160000000000000000e+02 1.600000000000000000e+01 0.000000000000000000e+00 1.600000000000000089e+00 8.350000000000000217e-04 2.821000000000000157e-03 9.999959999999999960e-01 7.738270000000000426e-01 6.333919999999999551e-01 -2.432999999999999833e-03 -6.333969999999999878e-01 7.738260000000000138e-01 -1.654000000000000088e-03
1.700000000000000000e+01 1.160000000000000000e+02 1.600000000000000000e+01 0.000000000000000000e+00 1.600000000000000089e+00 1.188999999999999953e-03 1.769999999999999926e-04 9.999989999999999712e-01 7.659740000000000437e-01 6.428700000000000525e-01 -1.023999999999999954e-03 -6.428700000000000525e-01 7.659749999999999615e-01 6.290000000000000018e-04
2.100000000000000000e+01 1.160000000000000000e+02 1.600000000000000000e+01 0.000000000000000000e+00 1.600000000000000089e+00 2.426999999999999904e-03 2.680999999999999790e-03 9.999930000000000208e-01 7.668139999999999956e-01 6.418599999999999861e-01 -3.582000000000000114e-03 -6.418650000000000189e-01 7.668179999999999996e-01 -4.989999999999999861e-04
2.200000000000000000e+01 3.400000000000000000e+01 1.800000000000000000e+01 0.000000000000000000e+00 1.600000000000000089e+00 2.079390000000000127e-01 2.788550000000000195e-01 9.375510000000000232e-01 -9.683389999999999498e-01 1.940459999999999963e-01 1.570519999999999972e-01 -1.381340000000000068e-01 -9.405240000000000267e-01 3.103759999999999852e-01
1.000000000000000000e+01 2.000000000000000000e+00 1.900000000000000000e+01 0.000000000000000000e+00 1.600000000000000089e+00 -3.093999999999999962e-03 2.865799999999999945e-02 -9.995840000000000281e-01 3.474740000000000051e-01 -9.372730000000000228e-01 -2.794699999999999962e-02 -9.376849999999999907e-01 -3.474160000000000026e-01 -7.058000000000000038e-03
1.900000000000000000e+01 2.000000000000000000e+00 1.900000000000000000e+01 0.000000000000000000e+00 1.600000000000000089e+00 -3.589999999999999984e-04 1.909000000000000107e-03 -9.999980000000000535e-01 3.389179999999999970e-01 -9.408140000000000391e-01 -1.917000000000000084e-03 -9.408159999999999856e-01 -3.389179999999999970e-01 -3.089999999999999756e-04
4.000000000000000000e+00 3.000000000000000000e+00 1.900000000000000000e+01 0.000000000000000000e+00 1.600000000000000089e+00 -3.890999999999999927e-03 1.733799999999999925e-02 -9.998420000000000085e-01 3.433820000000000205e-01 -9.390309999999999491e-01 -1.762000000000000025e-02 -9.391880000000000228e-01 -3.433959999999999790e-01 -2.298999999999999828e-03
7.000000000000000000e+00 3.000000000000000000e+00 1.900000000000000000e+01 0.000000000000000000e+00 1.600000000000000089e+00 -4.178000000000000290e-03 2.255899999999999919e-02 -9.997369999999999868e-01 3.420290000000000274e-01 -9.394169999999999465e-01 -2.262799999999999881e-02 -9.396799999999999597e-01 -3.420340000000000047e-01 -3.791000000000000099e-03
1.200000000000000000e+01 3.000000000000000000e+00 1.900000000000000000e+01 0.000000000000000000e+00 1.600000000000000089e+00 -1.760000000000000063e-03 2.304900000000000004e-02 -9.997329999999999828e-01 3.368050000000000210e-01 -9.413099999999999801e-01 -2.229499999999999885e-02 -9.415729999999999933e-01 -3.367539999999999978e-01 -6.106000000000000316e-03
6.000000000000000000e+00 4.000000000000000000e+00 2.000000000000000000e+01 0.000000000000000000e+00 1.600000000000000089e+00 -3.458000000000000136e-03 1.897000000000000075e-02 -9.998139999999999805e-01 3.845839999999999814e-01 -9.228979999999999961e-01 -1.884100000000000011e-02 -9.230829999999999869e-01 -3.845779999999999754e-01 -4.104000000000000009e-03
1.300000000000000000e+01 4.000000000000000000e+00 2.000000000000000000e+01 0.000000000000000000e+00 1.600000000000000089e+00 -1.002000000000000069e-03 2.142300000000000107e-02 -9.997700000000000475e-01 3.872590000000000199e-01 -9.217509999999999870e-01 -2.014000000000000165e-02 -9.219699999999999562e-01 -3.871899999999999786e-01 -7.373000000000000213e-03
1.700000000000000000e+01 4.000000000000000000e+00 2.000000000000000000e+01 0.000000000000000000e+00 1.600000000000000089e+00 -1.820000000000000057e-04 1.016700000000000069e-02 -9.999479999999999480e-01 3.877280000000000171e-01 -9.217260000000000453e-01 -9.442000000000000740e-03 -9.217739999999999823e-01 -3.877090000000000258e-01 -3.774000000000000011e-03
2.800000000000000000e+01 4.000000000000000000e+00 2.000000000000000000e+01 0.000000000000000000e+00 1.600000000000000089e+00 2.412000000000000081e-03 -2.897800000000000029e-02 -9.995770000000000488e-01 3.820419999999999927e-01 -9.237300000000000511e-01 2.770099999999999993e-02 -9.241420000000000190e-01 -3.819469999999999810e-01 8.843000000000000166e-03
2.000000000000000000e+00 1.300000000000000000e+01 2.000000000000000000e+01 0.000000000000000000e+00 1.600000000000000089e+00 1.978999999999999856e-03 -1.781999999999999947e-03 9.999959999999999960e-01 2.599469999999999836e-01 9.656219999999999803e-01 1.206999999999999957e-03 -9.656209999999999516e-01 2.599429999999999796e-01 2.373999999999999808e-03
6.000000000000000000e+00 1.300000000000000000e+01 2.000000000000000000e+01 0.000000000000000000e+00 1.600000000000000089e+00 1.848999999999999949e-03 -1.193999999999999966e-03 9.999980000000000535e-01 2.599839999999999929e-01 9.656130000000000546e-01 6.719999999999999628e-04 -9.656109999999999971e-01 2.599819999999999909e-01 2.095000000000000074e-03
1.200000000000000000e+01 1.300000000000000000e+01 2.000000000000000000e+01 0.000000000000000000e+00 1.600000000000000089e+00 1.240000000000000054e-04 1.510999999999999973e-03 9.999989999999999712e-01 2.623050000000000104e-01 9.649839999999999529e-01 -1.490000000000000005e-03 -9.649849999999999817e-01 2.623050000000000104e-01 -2.759999999999999867e-04
1.900000000000000000e+01 1.300000000000000000e+01 2.000000000000000000e+01 0.000000000000000000e+00 1.600000000000000089e+00 -6.080000000000000335e-04 1.030000000000000100e-03 9.999989999999999712e-01 2.636970000000000147e-01 9.646050000000000457e-01 -8.329999999999999731e-04 -9.646059999999999635e-01 2.636959999999999860e-01 -8.580000000000000387e-04
2.500000000000000000e+01 1.300000000000000000e+01 2.000000000000000000e+01 0.000000000000000000e+00 1.600000000000000089e+00 -1.428999999999999932e-03 4.643999999999999691e-03 9.999879999999999880e-01 2.624589999999999979e-01 9.649349999999999872e-01 -4.106000000000000275e-03 -9.649419999999999664e-01 2.624500000000000166e-01 -2.598000000000000049e-03
3.000000000000000000e+01 1.300000000000000000e+01 2.000000000000000000e+01 0.000000000000000000e+00 1.600000000000000089e+00 4.040000000000000080e-04 4.760000000000000234e-04 1.000000000000000000e+00 2.617539999999999867e-01 9.651340000000000474e-01 -5.659999999999999884e-04 -9.651340000000000474e-01 2.617550000000000154e-01 2.660000000000000146e-04
2.200000000000000000e+01 1.600000000000000000e+01 2.100000000000000000e+01 0.000000000000000000e+00 1.600000000000000089e+00 -5.429999999999999714e-04 4.101999999999999744e-03 9.999909999999999632e-01 2.956559999999999744e-01 9.552869999999999973e-01 -3.758000000000000056e-03 -9.552939999999999765e-01 2.956509999999999971e-01 -1.732000000000000033e-03
4.000000000000000000e+00 3.700000000000000000e+01 2.100000000000000000e+01 0.000000000000000000e+00 1.600000000000000089e+00 -4.877440000000000109e-01 -2.562840000000000118e-01 8.345200000000000395e-01 -8.109870000000000134e-01 -2.208009999999999973e-01 -5.417990000000000306e-01 3.231169999999999876e-01 -9.410450000000000204e-01 -1.001490000000000019e-01
6.000000000000000000e+00 3.000000000000000000e+00 2.500000000000000000e+01 0.000000000000000000e+00 1.600000000000000089e+00 -4.963000000000000397e-03 1.701400000000000134e-02 9.998430000000000373e-01 9.915999999999999467e-03 -9.998050000000000548e-01 1.706200000000000078e-02 9.999379999999999935e-01 1.000000000000000021e-02 4.793000000000000385e-03
1.000000000000000000e+01 3.000000000000000000e+00 2.500000000000000000e+01 0.000000000000000000e+00 1.600000000000000089e+00 -6.093999999999999591e-03 2.290199999999999875e-02 9.997190000000000243e-01 1.580700000000000160e-02 -9.996110000000000273e-01 2.299599999999999908e-02 9.998559999999999670e-01 1.594299999999999884e-02 5.729999999999999850e-03
1.700000000000000000e+01 3.000000000000000000e+00 2.500000000000000000e+01 0.000000000000000000e+00 1.600000000000000089e+00 -3.599000000000000202e-03 6.331999999999999955e-03 9.999740000000000295e-01 2.033099999999999838e-02 -9.997730000000000228e-01 6.403999999999999970e-03 9.997869999999999813e-01 2.035299999999999956e-02 3.468999999999999861e-03
2.100000000000000000e+01 3.000000000000000000e+00 2.500000000000000000e+01 0.000000000000000000e+00 1.600000000000000089e+00 4.172999999999999626e-03 -5.331999999999999934e-03 9.999770000000000048e-01 3.289899999999999769e-02 -9.994439999999999991e-01 -5.466000000000000372e-03 9.994499999999999496e-01 3.292099999999999888e-02 -3.996000000000000420e-03
2.800000000000000000e+01 3.000000000000000000e+00 2.500000000000000000e+01 0.000000000000000000e+00 1.600000000000000089e+00 4.657999999999999814e-03 -1.614499999999999963e-02 9.998590000000000533e-01 1.674799999999999900e-02 -9.997279999999999500e-01 -1.622099999999999931e-02 9.998489999999999878e-01 1.682099999999999915e-02 -4.386000000000000142e-03
1.200000000000000000e+01 3.000000000000000000e+01 2.500000000000000000e+01 0.000000000000000000e+00 1.600000000000000089e+00 -2.234800000000000120e-01 -8.220999999999999142e-03 9.746740000000000403e-01 -9.741570000000000507e-01 -3.174300000000000038e-02 -2.236289999999999945e-01 3.277700000000000058e-02 -9.994619999999999616e-01 -9.150000000000000147e-04
1.000000000000000000e+01 3.100000000000000000e+01 2.500000000000000000e+01 0.000000000000000000e+00 1.600000000000000089e+00 -3.081280000000000130e-01 5.639299999999999868e-02 9.496719999999999606e-01 -9.476639999999999509e-01 6.953800000000000259e-02 -3.116050000000000209e-01 -8.361100000000000476e-02 -9.959839999999999804e-01 3.201500000000000179e-02
2.100000000000000000e+01 2.900000000000000000e+01 2.600000000000000000e+01 0.000000000000000000e+00 1.600000000000000089e+00 5.354000000000000252e-03 3.861799999999999955e-02 -9.992400000000000171e-01 1.294919999999999960e-01 -9.908670000000000533e-01 -3.760100000000000248e-02 -9.915659999999999474e-01 -1.291930000000000023e-01 -1.030599999999999919e-02
5.000000000000000000e+00 4.600000000000000000e+01 2.700000000000000000e+01 0.000000000000000000e+00 1.600000000000000089e+00 -4.617999999999999709e-03 -2.789999999999999945e-03 -9.999850000000000128e-01 6.777819999999999956e-01 7.352450000000000374e-01 -5.180999999999999842e-03 7.352490000000000414e-01 -6.777959999999999541e-01 -1.503999999999999912e-03
5.000000000000000000e+00 5.800000000000000000e+01 3.100000000000000000e+01 0.000000000000000000e+00 1.600000000000000089e+00 -1.219999999999999947e-03 -1.250000000000000026e-03 9.999980000000000535e-01 -8.120199999999999640e-01 -5.836280000000000356e-01 -1.721000000000000090e-03 5.836289999999999534e-01 -8.120199999999999640e-01 -3.029999999999999924e-04
1.900000000000000000e+01 3.200000000000000000e+01 3.300000000000000000e+01 0.000000000000000000e+00 1.600000000000000089e+00 8.078599999999999670e-02 -8.635800000000000420e-02 -9.929829999999999490e-01 1.396100000000000119e-01 -9.854380000000000361e-01 9.705999999999999350e-02 -9.869059999999999500e-01 -1.464709999999999901e-01 -6.755300000000000193e-02
3.000000000000000000e+00 4.300000000000000000e+01 3.400000000000000000e+01 0.000000000000000000e+00 1.600000000000000089e+00 -1.749999999999999982e-04 -3.579999999999999741e-04 -1.000000000000000000e+00 -3.247280000000000166e-01 9.458069999999999533e-01 -2.820000000000000241e-04 9.458069999999999533e-01 3.247280000000000166e-01 -2.820000000000000241e-04
6.000000000000000000e+00 4.600000000000000000e+01 3.500000000000000000e+01 0.000000000000000000e+00 1.600000000000000089e+00 -1.132999999999999893e-03 -2.959999999999999958e-03 -9.999949999999999672e-01 3.907689999999999775e-01 -9.204860000000000264e-01 2.282000000000000174e-03 -9.204879999999999729e-01 -3.907649999999999735e-01 2.200000000000000133e-03
9.000000000000000000e+00 4.600000000000000000e+01 3.500000000000000000e+01 0.000000000000000000e+00 1.600000000000000089e+00 -1.810000000000000085e-04 -4.510000000000000120e-03 -9.999900000000000455e-01 3.919690000000000119e-01 -9.199690000000000367e-01 4.079000000000000160e-03 -9.199779999999999625e-01 -3.919639999999999791e-01 1.933999999999999955e-03
1.500000000000000000e+01 4.600000000000000000e+01 3.500000000000000000e+01 0.000000000000000000e+00 1.600000000000000089e+00 4.360000000000000269e-04 6.628499999999999670e-02 -9.978010000000000490e-01 3.951569999999999805e-01 -9.166050000000000031e-01 -6.071900000000000214e-02 -9.186130000000000129e-01 -3.942620000000000013e-01 -2.659299999999999858e-02
1.300000000000000000e+01 9.500000000000000000e+01 3.600000000000000000e+01 0.000000000000000000e+00 1.600000000000000089e+00 3.409000000000000138e-03 7.842999999999999278e-03 9.999630000000000463e-01 9.970830000000000526e-01 7.622299999999999909e-02 -3.996999999999999685e-03 -7.625200000000000033e-02 9.970599999999999463e-01 -7.559999999999999880e-03
2.700000000000000000e+01 9.500000000000000000e+01 3.700000000000000000e+01 0.000000000000000000e+00 1.600000000000000089e+00 -4.049999999999999781e-04 6.564999999999999655e-03 9.999780000000000335e-01 9.946260000000000101e-01 1.035299999999999970e-01 -2.770000000000000110e-04 -1.035299999999999970e-01 9.946049999999999613e-01 -6.571999999999999717e-03
5.000000000000000000e+00 2.000000000000000000e+00 4.200000000000000000e+01 0.000000000000000000e+00 1.600000000000000089e+00 3.459999999999999968e-03 -4.585999999999999799e-03 -9.999829999999999552e-01 7.354939999999999811e-01 -6.775079999999999991e-01 5.651999999999999906e-03 -6.775229999999999864e-01 -7.355009999999999604e-01 1.028999999999999967e-03
3.000000000000000000e+00 3.000000000000000000e+00 4.300000000000000000e+01 0.000000000000000000e+00 1.600000000000000089e+00 4.277000000000000419e-03 1.429899999999999921e-02 -9.998890000000000278e-01 7.329609999999999737e-01 -6.802390000000000381e-01 -6.592999999999999902e-03 -6.802570000000000006e-01 -7.328510000000000302e-01 -1.339000000000000086e-02
6.000000000000000000e+00 3.000000000000000000e+00 4.300000000000000000e+01 0.000000000000000000e+00 1.600000000000000089e+00 9.150000000000000147e-04 -6.100999999999999653e-03 -9.999810000000000088e-01 7.333749999999999991e-01 -6.798070000000000501e-01 4.819000000000000367e-03 -6.798239999999999839e-01 -7.333650000000000446e-01 3.851999999999999955e-03
1.200000000000000000e+01 3.000000000000000000e+00 4.300000000000000000e+01 0.000000000000000000e+00 1.600000000000000089e+00 -5.897000000000000332e-03 -9.017999999999999974e-03 -9.999419999999999975e-01 7.347129999999999495e-01 -6.783759999999999790e-01 1.784999999999999911e-03 -6.783529999999999838e-01 -7.346589999999999510e-01 1.062600000000000003e-02
2.100000000000000000e+01 3.000000000000000000e+00 4.300000000000000000e+01 0.000000000000000000e+00 1.600000000000000089e+00 -1.461999999999999975e-03 -3.079999999999999839e-03 -9.999940000000000495e-01 7.318729999999999958e-01 -6.814400000000000457e-01 1.028999999999999967e-03 -6.814390000000000169e-01 -7.318679999999999630e-01 3.249999999999999851e-03
2.500000000000000000e+01 3.000000000000000000e+00 4.300000000000000000e+01 0.000000000000000000e+00 1.600000000000000089e+00 -3.988000000000000225e-03 6.639999999999999852e-04 -9.999919999999999920e-01 7.301410000000000400e-01 -6.832880000000000065e-01 -3.364999999999999936e-03 -6.832850000000000312e-01 -7.301480000000000192e-01 2.239999999999999804e-03
2.000000000000000000e+00 2.900000000000000000e+01 4.400000000000000000e+01 0.000000000000000000e+00 1.600000000000000089e+00 -1.637999999999999916e-03 8.300000000000000086e-04 -9.999980000000000535e-01 6.578899999999999748e-01 7.531139999999999501e-01 -4.519999999999999821e-04 7.531120000000000037e-01 -6.578899999999999748e-01 -1.778999999999999982e-03
4.000000000000000000e+00 2.900000000000000000e+01 4.400000000000000000e+01 0.000000000000000000e+00 1.600000000000000089e+00 -8.469999999999999881e-04 5.599999999999999509e-04 -1.000000000000000000e+00 6.585259999999999447e-01 7.525579999999999492e-01 -1.369999999999999961e-04 7.525579999999999492e-01 -6.585259999999999447e-01 -1.005999999999999950e-03
1.000000000000000000e+01 2.900000000000000000e+01 4.400000000000000000e+01 0.000000000000000000e+00 1.600000000000000089e+00 2.322999999999999978e-03 4.101999999999999744e-03 -9.999890000000000168e-01 6.491350000000000176e-01 7.606589999999999741e-01 4.628000000000000169e-03 7.606699999999999573e-01 -6.491390000000000216e-01 -8.949999999999999623e-04
1.400000000000000000e+01 2.900000000000000000e+01 4.400000000000000000e+01 0.000000000000000000e+00 1.600000000000000089e+00 -4.823000000000000030e-03 7.200000000000000453e-04 -9.999879999999999880e-01 6.384640000000000315e-01 7.696469999999999700e-01 -2.524999999999999901e-03 7.696370000000000156e-01 -6.384689999999999532e-01 -4.171000000000000228e-03
2.400000000000000000e+01 3.500000000000000000e+01 4.400000000000000000e+01 0.000000000000000000e+00 1.600000000000000089e+00 -2.899439999999999795e-01 -5.627750000000000252e-01 -7.740909999999999735e-01 -8.947739999999999583e-01 4.463929999999999843e-01 1.061299999999999917e-02 3.395770000000000177e-01 6.957140000000000546e-01 -6.329850000000000199e-01
1.000000000000000000e+01 6.000000000000000000e+00 5.100000000000000000e+01 0.000000000000000000e+00 1.600000000000000089e+00 3.936000000000000262e-03 2.994000000000000133e-03 -9.999879999999999880e-01 3.150760000000000227e-01 -9.490650000000000475e-01 -1.601999999999999908e-03 -9.490579999999999572e-01 -3.150660000000000127e-01 -4.678999999999999999e-03
4.000000000000000000e+00 1.150000000000000000e+02 5.100000000000000000e+01 0.000000000000000000e+00 1.600000000000000089e+00 -5.000000000000000104e-04 1.329000000000000103e-03 9.999989999999999712e-01 8.470189999999999664e-01 -5.315619999999999790e-01 1.129999999999999928e-03 5.315630000000000077e-01 8.470180000000000486e-01 -8.599999999999999789e-04
9.000000000000000000e+00 1.150000000000000000e+02 5.100000000000000000e+01 0.000000000000000000e+00 1.600000000000000089e+00 2.460000000000000164e-04 1.299999999999999940e-03 9.999989999999999712e-01 8.475819999999999466e-01 -5.306640000000000246e-01 4.809999999999999823e-04 5.306640000000000246e-01 8.475810000000000288e-01 -1.232999999999999938e-03
4.000000000000000000e+00 7.000000000000000000e+00 5.200000000000000000e+01 0.000000000000000000e+00 1.600000000000000089e+00 -3.800000000000000209e-04 -1.018999999999999941e-03 -9.999989999999999712e-01 8.393200000000000660e-02 -9.964709999999999956e-01 9.840000000000000656e-04 -9.964709999999999956e-01 -8.393200000000000660e-02 4.640000000000000027e-04
1.300000000000000000e+01 7.000000000000000000e+00 5.200000000000000000e+01 0.000000000000000000e+00 1.600000000000000089e+00 5.505999999999999610e-03 -2.103999999999999967e-03 -9.999829999999999552e-01 9.636200000000000321e-02 -9.953429999999999778e-01 2.625000000000000163e-03 -9.953309999999999658e-01 -9.637500000000000233e-02 -5.277999999999999706e-03
2.900000000000000000e+01 7.000000000000000000e+00 5.200000000000000000e+01 0.000000000000000000e+00 1.600000000000000089e+00 -1.069999999999999944e-02 -1.157799999999999975e-02 -9.998759999999999870e-01 1.324380000000000002e-01 -9.911400000000000210e-01 1.005900000000000023e-02 -9.911339999999999595e-01 -1.323129999999999862e-01 1.213799999999999948e-02
2.000000000000000000e+00 6.300000000000000000e+01 5.400000000000000000e+01 0.000000000000000000e+00 1.600000000000000089e+00 3.800000000000000209e-05 -9.699999999999999963e-05 1.000000000000000000e+00 -3.558160000000000212e-01 9.345560000000000533e-01 1.039999999999999936e-04 -9.345560000000000533e-01 -3.558160000000000212e-01 9.999999999999999547e-07
6.000000000000000000e+00 6.300000000000000000e+01 5.400000000000000000e+01 0.000000000000000000e+00 1.600000000000000089e+00 -2.516000000000000007e-03 6.710000000000000469e-04 9.999970000000000248e-01 -3.530739999999999990e-01 9.355940000000000367e-01 -1.515999999999999986e-03 -9.355919999999999792e-01 -3.530760000000000010e-01 -2.116999999999999958e-03
1.500000000000000000e+01 6.300000000000000000e+01 5.400000000000000000e+01 0.000000000000000000e+00 1.600000000000000089e+00 -4.040000000000000080e-04 2.622999999999999898e-03 9.999959999999999960e-01 -3.461980000000000057e-01 9.381580000000000474e-01 -2.601000000000000013e-03 -9.381610000000000227e-01 -3.461969999999999770e-01 5.289999999999999564e-04
1.700000000000000000e+01 6.300000000000000000e+01 5.400000000000000000e+01 0.000000000000000000e+00 1.600000000000000089e+00 7.169999999999999724e-04 3.964999999999999775e-03 9.999919999999999920e-01 -3.493649999999999811e-01 9.369800000000000351e-01 -3.465000000000000198e-03 -9.369870000000000143e-01 -3.493600000000000039e-01 2.056999999999999801e-03
1.000000000000000000e+01 2.500000000000000000e+01 5.500000000000000000e+01 0.000000000000000000e+00 1.600000000000000089e+00 -2.069999999999999900e-04 2.412000000000000081e-03 -9.999970000000000248e-01 -1.138899999999999982e-02 -9.999320000000000430e-01 -2.409000000000000117e-03 -9.999350000000000183e-01 1.138899999999999982e-02 2.339999999999999958e-04
2.700000000000000000e+01 2.500000000000000000e+01 5.500000000000000000e+01 0.000000000000000000e+00 1.600000000000000089e+00 7.550000000000000287e-04 1.928000000000000026e-03 -9.999980000000000535e-01 -1.081700000000000023e-02 -9.999400000000000510e-01 -1.936000000000000004e-03 -9.999409999999999688e-01 1.081900000000000049e-02 -7.339999999999999520e-04
1.000000000000000000e+00 2.100000000000000000e+01 6.000000000000000000e+01 0.000000000000000000e+00 1.600000000000000089e+00 -5.910000000000000539e-04 5.121999999999999817e-03 9.999869999999999592e-01 -9.346799999999999553e-02 9.956089999999999662e-01 -5.154999999999999860e-03 -9.956220000000000070e-01 -9.346999999999999753e-02 -1.090000000000000067e-04
1.000000000000000000e+01 2.100000000000000000e+01 6.000000000000000000e+01 0.000000000000000000e+00 1.600000000000000089e+00 1.423000000000000003e-03 -8.954000000000000153e-03 9.999590000000000423e-01 -9.824600000000000000e-02 9.951210000000000333e-01 9.050000000000000752e-03 -9.951609999999999623e-01 -9.825499999999999512e-02 5.360000000000000181e-04
1.600000000000000000e+01 2.100000000000000000e+01 6.000000000000000000e+01 0.000000000000000000e+00 1.600000000000000089e+00 -8.120000000000000048e-04 5.780999999999999681e-03 9.999829999999999552e-01 -9.819999999999999563e-02 9.951499999999999790e-01 -5.832999999999999644e-03 -9.951659999999999950e-01 -9.820399999999999963e-02 -2.410000000000000033e-04
2.300000000000000000e+01 2.100000000000000000e+01 6.000000000000000000e+01 0.000000000000000000e+00 1.600000000000000089e+00 -5.779999999999999548e-04 -6.662999999999999652e-03 9.999780000000000335e-01 -9.601500000000000312e-02 9.953579999999999650e-01 6.577000000000000381e-03 -9.953800000000000425e-01 -9.600999999999999812e-02 -1.214999999999999934e-03
2.800000000000000000e+01 2.100000000000000000e+01 6.000000000000000000e+01 0.000000000000000000e+00 1.600000000000000089e+00 1.204999999999999908e-03 -8.224999999999999672e-03 9.999649999999999928e-01 -9.278300000000000436e-02 9.956519999999999815e-01 8.300999999999999351e-03 -9.956859999999999600e-01 -9.278999999999999748e-02 4.360000000000000269e-04
1.500000000000000000e+01 6.700000000000000000e+01 6.000000000000000000e+01 0.000000000000000000e+00 1.600000000000000089e+00 2.739999999999999814e-03 5.080000000000000314e-03 9.999829999999999552e-01 1.795549999999999924e-01 -9.837380000000000013e-01 4.505999999999999589e-03 9.837439999999999518e-01 1.795390000000000041e-01 -3.608000000000000096e-03
5.000000000000000000e+00 3.000000000000000000e+00 6.300000000000000000e+01 0.000000000000000000e+00 1.600000000000000089e+00 2.037000000000000182e-03 -5.295000000000000227e-03 9.999839999999999840e-01 -6.146380000000000177e-01 7.887899999999999912e-01 5.428999999999999798e-03 -7.888060000000000072e-01 -6.146399999999999642e-01 -1.647999999999999942e-03
5.000000000000000000e+00 2.700000000000000000e+01 6.300000000000000000e+01 0.000000000000000000e+00 1.600000000000000089e+00 8.400000000000000348e-04 5.440000000000000391e-03 9.999850000000000128e-01 -2.746060000000000167e-01 9.615439999999999543e-01 -5.000000000000000104e-03 -9.615559999999999663e-01 -2.745969999999999800e-01 2.301999999999999793e-03
9.000000000000000000e+00 2.700000000000000000e+01 6.300000000000000000e+01 0.000000000000000000e+00 1.600000000000000089e+00 -1.463000000000000108e-03 -3.367000000000000201e-03 9.999930000000000208e-01 -2.706089999999999884e-01 9.626850000000000129e-01 2.846000000000000005e-03 -9.626879999999999882e-01 -2.706029999999999824e-01 -2.318999999999999881e-03
2.200000000000000000e+01 2.700000000000000000e+01 6.300000000000000000e+01 0.000000000000000000e+00 1.600000000000000089e+00 2.013000000000000032e-03 -6.816000000000000010e-03 9.999749999999999472e-01 -2.749199999999999977e-01 9.614409999999999901e-01 7.106999999999999602e-03 -9.614650000000000141e-01 -2.749280000000000057e-01 6.200000000000000270e-05
2.600000000000000000e+01 2.700000000000000000e+01 6.300000000000000000e+01 0.000000000000000000e+00 1.600000000000000089e+00 2.400999999999999922e-03 -2.500000000000000052e-04 9.999970000000000248e-01 -2.746979999999999977e-01 9.615299999999999958e-01 8.999999999999999754e-04 -9.615270000000000206e-01 -2.746999999999999997e-01 2.239999999999999804e-03
2.900000000000000000e+01 2.700000000000000000e+01 6.300000000000000000e+01 0.000000000000000000e+00 1.600000000000000089e+00 3.278000000000000098e-03 -6.380000000000000037e-04 9.999940000000000495e-01 -2.751979999999999982e-01 9.613859999999999628e-01 1.515999999999999986e-03 -9.613819999999999588e-01 -2.752009999999999734e-01 2.975999999999999913e-03
4.000000000000000000e+00 2.600000000000000000e+01 6.400000000000000000e+01 0.000000000000000000e+00 1.600000000000000089e+00 1.072000000000000036e-03 7.451000000000000158e-03 9.999719999999999720e-01 -3.653689999999999993e-01 9.308400000000000007e-01 -6.544000000000000337e-03 -9.308619999999999672e-01 -3.653520000000000101e-01 3.720000000000000216e-03
1.200000000000000000e+01 2.600000000000000000e+01 6.400000000000000000e+01 0.000000000000000000e+00 1.600000000000000089e+00 -8.289999999999999843e-04 -4.317999999999999790e-03 9.999900000000000455e-01 -3.646829999999999794e-01 9.311239999999999517e-01 3.717999999999999951e-03 -9.311310000000000420e-01 -3.646760000000000002e-01 -2.347000000000000128e-03
2.300000000000000000e+01 2.600000000000000000e+01 6.400000000000000000e+01 0.000000000000000000e+00 1.600000000000000089e+00 2.854999999999999899e-03 -4.448999999999999830e-03 9.999860000000000415e-01 -3.677360000000000073e-01 9.299159999999999648e-01 5.186999999999999771e-03 -9.299260000000000304e-01 -3.677449999999999886e-01 1.018999999999999941e-03
2.900000000000000000e+01 2.600000000000000000e+01 6.400000000000000000e+01 0.000000000000000000e+00 1.600000000000000089e+00 4.205000000000000404e-03 -1.227999999999999925e-03 9.999900000000000455e-01 -3.639729999999999910e-01 9.314050000000000384e-01 2.674000000000000161e-03 -9.314000000000000057e-01 -3.639809999999999990e-01 3.468999999999999861e-03
4.000000000000000000e+00 6.900000000000000000e+01 6.600000000000000000e+01 0.000000000000000000e+00 1.600000000000000089e+00 -5.294000000000000095e-03 4.166999999999999697e-03 9.999770000000000048e-01 -9.477680000000000549e-01 3.188980000000000148e-01 -6.347000000000000211e-03 -3.189170000000000060e-01 -9.477799999999999558e-01 2.260999999999999989e-03
8.000000000000000000e+00 6.900000000000000000e+01 6.600000000000000000e+01 0.000000000000000000e+00 1.600000000000000089e+00 -4.426000000000000247e-03 4.369999999999999970e-04 9.999900000000000455e-01 -9.496759999999999646e-01 3.132050000000000112e-01 -4.340000000000000108e-03 -3.132039999999999824e-01 -9.496850000000000014e-01 -9.709999999999999664e-04
6.000000000000000000e+00 2.500000000000000000e+01 7.300000000000000000e+01 0.000000000000000000e+00 1.600000000000000089e+00 2.207000000000000194e-03 1.704999999999999918e-03 9.999959999999999960e-01 7.552729999999999722e-01 -6.554100000000000481e-01 -5.490000000000000088e-04 6.554060000000000441e-01 7.552720000000000544e-01 -2.733999999999999885e-03
1.300000000000000000e+01 2.500000000000000000e+01 7.300000000000000000e+01 0.000000000000000000e+00 1.600000000000000089e+00 -2.628999999999999827e-03 -1.992999999999999980e-03 9.999949999999999672e-01 7.572499999999999787e-01 -6.531240000000000379e-01 6.899999999999999667e-04 6.531190000000000051e-01 7.572480000000000322e-01 3.226000000000000135e-03
2.100000000000000000e+01 2.500000000000000000e+01 7.300000000000000000e+01 0.000000000000000000e+00 1.600000000000000089e+00 1.899999999999999996e-03 3.201999999999999985e-03 9.999930000000000208e-01 7.598179999999999934e-01 -6.501360000000000472e-01 6.380000000000000037e-04 6.501329999999999609e-01 7.598110000000000142e-01 -3.667999999999999820e-03
2.400000000000000000e+01 2.500000000000000000e+01 7.300000000000000000e+01 0.000000000000000000e+00 1.600000000000000089e+00 2.724999999999999992e-03 -3.570000000000000040e-04 9.999959999999999960e-01 7.630390000000000228e-01 -6.463489999999999513e-01 -2.309999999999999987e-03 6.463470000000000049e-01 7.630419999999999980e-01 -1.489000000000000089e-03
