3.000000000000000000e+00 1.500000000000000000e+01 4.000000000000000000e+00 0.000000000000000000e+00 1.600000000000000089e+00 2.282000000000000174e-03 4.262000000000000163e-03 9.999879999999999880e-01 2.929490000000000149e-01 -9.561220000000000274e-01 3.406000000000000173e-03 9.561250000000000027e-01 2.929379999999999762e-01 -3.431000000000000022e-03
8.000000000000000000e+00 1.500000000000000000e+01 4.000000000000000000e+00 0.000000000000000000e+00 1.600000000000000089e+00 -1.809000000000000061e-03 -1.492199999999999950e-02 9.998869999999999703e-01 2.867169999999999996e-01 -9.579159999999999897e-01 -1.377699999999999932e-02 9.580140000000000322e-01 2.866600000000000259e-01 6.010999999999999850e-03
1.700000000000000000e+01 1.500000000000000000e+01 4.000000000000000000e+00 0.000000000000000000e+00 1.600000000000000089e+00 -2.243000000000000202e-03 -3.451000000000000074e-03 9.999919999999999920e-01 2.862100000000000199e-01 -9.581629999999999869e-01 -2.664999999999999834e-03 9.581640000000000157e-01 2.862020000000000119e-01 3.137000000000000031e-03
2.000000000000000000e+01 1.500000000000000000e+01 4.000000000000000000e+00 0.000000000000000000e+00 1.600000000000000089e+00 6.120000000000000223e-04 1.005000000000000034e-03 9.999989999999999712e-01 2.891489999999999894e-01 -9.572840000000000238e-01 7.849999999999999990e-04 9.572840000000000238e-01 2.891480000000000161e-01 -8.769999999999999584e-04
2.900000000000000000e+01 1.500000000000000000e+01 4.000000000000000000e+00 0.000000000000000000e+00 1.600000000000000089e+00 1.699999999999999905e-03 -6.693000000000000164e-03 9.999759999999999760e-01 3.023549999999999849e-01 -9.531699999999999617e-01 -6.893999999999999954e-03 9.531939999999999857e-01 3.023600000000000176e-01 4.040000000000000080e-04
2.100000000000000000e+01 1.600000000000000000e+01 4.000000000000000000e+00 0.000000000000000000e+00 1.600000000000000089e+00 2.732000000000000053e-03 4.956999999999999601e-03 9.999839999999999840e-01 3.555119999999999947e-01 -9.346640000000000503e-01 3.661999999999999891e-03 9.346680000000000543e-01 3.554959999999999787e-01 -4.316000000000000392e-03
2.000000000000000000e+00 1.010000000000000000e+02 7.000000000000000000e+00 0.000000000000000000e+00 1.600000000000000089e+00 2.883999999999999845e-03 7.699000000000000114e-03 9.999660000000000215e-01 8.845779999999999754e-01 4.663519999999999888e-01 -6.141999999999999890e-03 -4.663840000000000208e-01 8.845659999999999634e-01 -5.465000000000000240e-03
5.000000000000000000e+00 1.010000000000000000e+02 7.000000000000000000e+00 0.000000000000000000e+00 1.600000000000000089e+00 4.220000000000000118e-04 -1.191500000000000024e-02 9.999289999999999567e-01 8.841229999999999922e-01 4.672250000000000014e-01 5.193999999999999832e-03 -4.672540000000000027e-01 8.840580000000000105e-01 1.073099999999999922e-02
2.500000000000000000e+01 1.010000000000000000e+02 7.000000000000000000e+00 0.000000000000000000e+00 1.600000000000000089e+00 -4.598999999999999790e-03 -2.032899999999999985e-02 9.997829999999999773e-01 8.856610000000000316e-01 4.641359999999999930e-01 1.351100000000000044e-02 -4.643100000000000005e-01 8.855309999999999571e-01 1.586999999999999869e-02
3.000000000000000000e+00 1.500000000000000000e+01 8.000000000000000000e+00 0.000000000000000000e+00 1.600000000000000089e+00 -9.399999999999999448e-05 4.717999999999999972e-03 -9.999890000000000168e-01 -5.804190000000000182e-01 -8.143089999999999495e-01 -3.787000000000000002e-03 -8.143179999999999863e-01 5.804120000000000390e-01 2.814999999999999794e-03
1.000000000000000000e+01 1.500000000000000000e+01 8.000000000000000000e+00 0.000000000000000000e+00 1.600000000000000089e+00 -9.280000000000000054e-04 -1.332400000000000077e-02 -9.999109999999999943e-01 -5.816500000000000004e-01 -8.133590000000000542e-01 1.137799999999999923e-02 -8.134379999999999944e-01 5.816090000000000426e-01 -6.995000000000000349e-03
1.500000000000000000e+01 1.500000000000000000e+01 8.000000000000000000e+00 0.000000000000000000e+00 1.600000000000000089e+00 -5.829999999999999679e-04 -7.452000000000000290e-03 -9.999719999999999720e-01 -5.829640000000000377e-01 -8.124719999999999720e-01 6.394999999999999643e-03 -8.124970000000000248e-01 5.829520000000000257e-01 -3.870000000000000176e-03
1.800000000000000000e+01 1.500000000000000000e+01 8.000000000000000000e+00 0.000000000000000000e+00 1.600000000000000089e+00 -1.500000000000000031e-03 -5.411000000000000011e-03 -9.999839999999999840e-01 -5.829250000000000265e-01 -8.125090000000000368e-01 5.270999999999999644e-03 -8.125250000000000528e-01 5.829229999999999690e-01 -1.935000000000000088e-03
2.100000000000000000e+01 1.500000000000000000e+01 8.000000000000000000e+00 0.000000000000000000e+00 1.600000000000000089e+00 -3.193999999999999791e-03 -2.083999999999999915e-03 -9.999930000000000208e-01 -5.831899999999999862e-01 -8.123280000000000500e-01 3.556000000000000133e-03 -8.123289999999999678e-01 5.831969999999999654e-01 1.379000000000000017e-03
2.500000000000000000e+01 1.500000000000000000e+01 8.000000000000000000e+00 0.000000000000000000e+00 1.600000000000000089e+00 -3.635999999999999909e-03 2.207999999999999893e-03 -9.999909999999999632e-01 -5.838539999999999841e-01 -8.118589999999999973e-01 3.299999999999999982e-04 -8.118499999999999606e-01 5.838499999999999801e-01 4.240999999999999978e-03
3.000000000000000000e+00 2.600000000000000000e+01 8.000000000000000000e+00 0.000000000000000000e+00 1.600000000000000089e+00 -2.704999999999999939e-03 -6.552999999999999797e-03 -9.999749999999999472e-01 4.079849999999999866e-01 9.129610000000000225e-01 -7.087000000000000417e-03 9.129850000000000465e-01 -4.079929999999999946e-01 2.039999999999999984e-04
7.000000000000000000e+00 2.600000000000000000e+01 8.000000000000000000e+00 0.000000000000000000e+00 1.600000000000000089e+00 -5.500000000000000331e-04 -4.203000000000000139e-03 -9.999909999999999632e-01 4.080980000000000163e-01 9.129289999999999905e-01 -4.061000000000000373e-03 9.129380000000000273e-01 -4.080969999999999875e-01 1.213000000000000102e-03
1.100000000000000000e+01 2.600000000000000000e+01 8.000000000000000000e+00 0.000000000000000000e+00 1.600000000000000089e+00 2.817000000000000060e-03 4.059000000000000108e-03 -9.999879999999999880e-01 4.086949999999999750e-01 9.126579999999999693e-01 4.856000000000000073e-03 9.126670000000000060e-01 -4.087029999999999830e-01 9.120000000000000502e-04
1.600000000000000000e+01 2.600000000000000000e+01 8.000000000000000000e+00 0.000000000000000000e+00 1.600000000000000089e+00 1.946999999999999946e-03 3.291000000000000088e-03 -9.999930000000000208e-01 4.083789999999999920e-01 9.128049999999999775e-01 3.798999999999999860e-03 9.128100000000000103e-01 -4.083829999999999960e-01 4.330000000000000081e-04
2.100000000000000000e+01 2.600000000000000000e+01 8.000000000000000000e+00 0.000000000000000000e+00 1.600000000000000089e+00 1.897000000000000032e-03 6.486999999999999711e-03 -9.999770000000000048e-01 4.071139999999999759e-01 9.133529999999999704e-01 6.697999999999999961e-03 9.133750000000000480e-01 -4.071179999999999799e-01 -9.079999999999999530e-04
2.800000000000000000e+01 2.600000000000000000e+01 8.000000000000000000e+00 0.000000000000000000e+00 1.600000000000000089e+00 1.776999999999999934e-03 5.564999999999999634e-03 -9.999829999999999552e-01 4.060549999999999993e-01 9.138300000000000312e-01 5.806999999999999662e-03 9.138469999999999649e-01 -4.060590000000000033e-01 -6.359999999999999551e-04
1.000000000000000000e+01 2.400000000000000000e+01 9.000000000000000000e+00 0.000000000000000000e+00 1.600000000000000089e+00 1.925999999999999978e-03 1.299999999999999920e-05 -9.999980000000000535e-01 4.638599999999999945e-01 8.859080000000000288e-01 9.049999999999999885e-04 8.859059999999999713e-01 -4.638610000000000233e-01 1.699999999999999905e-03
1.500000000000000000e+01 2.400000000000000000e+01 9.000000000000000000e+00 0.000000000000000000e+00 1.600000000000000089e+00 2.080999999999999951e-03 4.634000000000000098e-03 -9.999869999999999592e-01 4.633399999999999741e-01 8.861660000000000093e-01 5.070999999999999987e-03 8.861780000000000213e-01 -4.633439999999999781e-01 -3.029999999999999924e-04
2.000000000000000000e+01 2.400000000000000000e+01 9.000000000000000000e+00 0.000000000000000000e+00 1.600000000000000089e+00 1.820999999999999919e-03 9.924000000000000529e-03 -9.999489999999999768e-01 4.624329999999999830e-01 8.866020000000000012e-01 9.641000000000000264e-03 8.866519999999999957e-01 -4.624269999999999770e-01 -2.975000000000000214e-03
2.300000000000000000e+01 2.400000000000000000e+01 9.000000000000000000e+00 0.000000000000000000e+00 1.600000000000000089e+00 2.151000000000000134e-03 8.276999999999999635e-03 -9.999630000000000463e-01 4.626160000000000272e-01 8.865189999999999459e-01 8.333000000000000129e-03 8.865560000000000107e-01 -4.626170000000000004e-01 -1.922000000000000097e-03
2.900000000000000000e+01 2.400000000000000000e+01 9.000000000000000000e+00 0.000000000000000000e+00 1.600000000000000089e+00 1.688999999999999963e-03 6.839999999999999726e-03 -9.999749999999999472e-01 4.620090000000000030e-01 8.868489999999999984e-01 6.846999999999999788e-03 8.868740000000000512e-01 -4.620090000000000030e-01 -1.662000000000000066e-03
2.600000000000000000e+01 4.000000000000000000e+00 1.100000000000000000e+01 0.000000000000000000e+00 1.600000000000000089e+00 9.179999999999999792e-04 2.147299999999999903e-02 -9.997690000000000188e-01 2.245070000000000121e-01 9.742429999999999701e-01 2.113100000000000048e-02 9.744720000000000049e-01 -2.244740000000000069e-01 -3.925999999999999802e-03
5.000000000000000000e+00 3.500000000000000000e+01 1.200000000000000000e+01 0.000000000000000000e+00 1.600000000000000089e+00 9.959999999999999236e-04 -1.724999999999999971e-03 -9.999980000000000535e-01 4.497990000000000044e-01 -8.931280000000000330e-01 1.988999999999999883e-03 -8.931289999999999507e-01 -4.497999999999999776e-01 -1.140000000000000063e-04
9.000000000000000000e+00 3.500000000000000000e+01 1.200000000000000000e+01 0.000000000000000000e+00 1.600000000000000089e+00 -3.007000000000000124e-03 -3.648999999999999900e-03 -9.999890000000000168e-01 4.608340000000000214e-01 -8.874849999999999683e-01 1.853000000000000046e-03 -8.874809999999999643e-01 -4.608229999999999826e-01 4.349999999999999700e-03
1.200000000000000000e+01 3.500000000000000000e+01 1.200000000000000000e+01 0.000000000000000000e+00 1.600000000000000089e+00 -1.296000000000000060e-03 2.802999999999999936e-03 -9.999949999999999672e-01 4.706350000000000255e-01 -8.823229999999999684e-01 -3.082999999999999803e-03 -8.823269999999999724e-01 -4.706370000000000275e-01 -1.749999999999999982e-04
2.800000000000000000e+01 3.200000000000000000e+01 1.400000000000000000e+01 0.000000000000000000e+00 1.600000000000000089e+00 -3.171000000000000207e-03 9.529999999999999626e-04 -9.999949999999999672e-01 1.102019999999999944e-01 9.939090000000000424e-01 5.980000000000000072e-04 9.939040000000000097e-01 -1.102000000000000063e-01 -3.256999999999999913e-03
7.000000000000000000e+00 1.200000000000000000e+01 1.500000000000000000e+01 0.000000000000000000e+00 1.600000000000000089e+00 -2.759999999999999867e-04 3.762999999999999852e-03 -9.999930000000000208e-01 -4.712020000000000097e-01 -8.820200000000000262e-01 -3.188999999999999994e-03 -8.820249999999999480e-01 4.711969999999999770e-01 2.017000000000000130e-03
1.300000000000000000e+01 1.200000000000000000e+01 1.500000000000000000e+01 0.000000000000000000e+00 1.600000000000000089e+00 -1.173999999999999913e-03 -2.027999999999999855e-03 -9.999970000000000248e-01 -4.704760000000000053e-01 -8.824100000000000277e-01 2.341999999999999898e-03 -8.824119999999999742e-01 4.704769999999999786e-01 8.200000000000000095e-05
1.800000000000000000e+01 1.200000000000000000e+01 1.500000000000000000e+01 0.000000000000000000e+00 1.600000000000000089e+00 -1.299999999999999886e-04 -1.240000000000000054e-04 -1.000000000000000000e+00 -4.710050000000000070e-01 -8.821299999999999697e-01 1.700000000000000122e-04 -8.821299999999999697e-01 4.710050000000000070e-01 5.599999999999999916e-05
2.200000000000000000e+01 1.200000000000000000e+01 1.500000000000000000e+01 0.000000000000000000e+00 1.600000000000000089e+00 -1.108999999999999960e-03 -3.657000000000000094e-03 -9.999930000000000208e-01 -4.724920000000000231e-01 -8.813269999999999715e-01 3.746999999999999897e-03 -8.813339999999999508e-01 4.724929999999999963e-01 -7.510000000000000399e-04
1.000000000000000000e+00 1.160000000000000000e+02 1.600000000000000000e+01 0.000000000000000000e+00 1.600000000000000089e+00 -5.328000000000000271e-03 9.560000000000000355e-04 9.999850000000000128e-01 7.079339999999999522e-01 7.062720000000000109e-01 3.096999999999999927e-03 -7.062580000000000524e-01 7.079400000000000137e-01 -4.440000000000000370e-03
6.000000000000000000e+00 1.160000000000000000e+02 1.600000000000000000e+01 0.000000000000000000e+00 1.600000000000000089e+00 -6.930000000000000396e-04 2.001999999999999873e-03 9.999980000000000535e-01 6.596389999999999754e-01 7.515819999999999723e-01 -1.048000000000000103e-03 -7.515830000000000011e-01 6.596360000000000001e-01 -1.840999999999999972e-03
1.200000000000000000e+01 1.160000000000000000e+02 1.600000000000000000e+01 0.000000000000000000e+00 1.600000000000000089e+00 -6.430000000000000169e-04 -2.455999999999999850e-03 9.999970000000000248e-01 6.610690000000000177e-01 7.503220000000000445e-01 2.268000000000000051e-03 -7.503250000000000197e-01 6.610679999999999890e-01 1.141000000000000087e-03
2.400000000000000000e+01 1.160000000000000000e+02 1.600000000000000000e+01 0.000000000000000000e+00 1.600000000000000089e+00 -1.381999999999999982e-03 -1.213000000000000102e-03 9.999980000000000535e-01 6.488230000000000386e-01 7.609369999999999745e-01 1.819000000000000087e-03 -7.609380000000000033e-01 6.488239999999999563e-01 -2.649999999999999903e-04
4.000000000000000000e+00 2.000000000000000000e+00 1.900000000000000000e+01 0.000000000000000000e+00 1.600000000000000089e+00 5.897000000000000332e-03 -5.969999999999999613e-03 -9.999649999999999928e-01 1.959650000000000003e-01 -9.805859999999999577e-01 7.009999999999999738e-03 -9.805930000000000479e-01 -1.959990000000000065e-01 -4.612999999999999913e-03
7.000000000000000000e+00 2.000000000000000000e+00 1.900000000000000000e+01 0.000000000000000000e+00 1.600000000000000089e+00 5.215000000000000017e-03 -6.458000000000000199e-03 -9.999660000000000215e-01 1.978920000000000123e-01 -9.801959999999999562e-01 7.362999999999999753e-03 -9.802100000000000257e-01 -1.979239999999999888e-01 -3.834000000000000168e-03
1.200000000000000000e+01 2.000000000000000000e+00 1.900000000000000000e+01 0.000000000000000000e+00 1.600000000000000089e+00 4.099000000000000213e-03 -1.541999999999999968e-02 -9.998730000000000118e-01 2.034620000000000040e-01 -9.789529999999999621e-01 1.593200000000000172e-02 -9.790739999999999998e-01 -2.035019999999999885e-01 -8.760000000000000425e-04
2.000000000000000000e+01 2.000000000000000000e+00 1.900000000000000000e+01 0.000000000000000000e+00 1.600000000000000089e+00 3.671999999999999917e-03 -7.085000000000000152e-03 -9.999679999999999680e-01 2.097729999999999873e-01 -9.777200000000000335e-01 7.697999999999999982e-03 -9.777430000000000287e-01 -2.097940000000000083e-01 -2.103999999999999967e-03
2.600000000000000000e+01 2.000000000000000000e+00 1.900000000000000000e+01 0.000000000000000000e+00 1.600000000000000089e+00 5.113000000000000357e-03 -6.271999999999999797e-03 -9.999670000000000503e-01 2.075700000000000045e-01 -9.781940000000000079e-01 7.197000000000000272e-03 -9.782070000000000487e-01 -2.076000000000000068e-01 -3.700000000000000164e-03
2.900000000000000000e+01 2.000000000000000000e+00 1.900000000000000000e+01 0.000000000000000000e+00 1.600000000000000089e+00 1.770000000000000089e-03 -7.644999999999999886e-03 -9.999689999999999968e-01 2.083430000000000004e-01 -9.780240000000000045e-01 7.846000000000000543e-03 -9.780539999999999790e-01 -2.083510000000000084e-01 -1.379999999999999933e-04
1.900000000000000000e+01 4.000000000000000000e+00 2.000000000000000000e+01 0.000000000000000000e+00 1.600000000000000089e+00 8.999999999999999754e-04 -1.582999999999999989e-03 -9.999980000000000535e-01 2.921059999999999768e-01 -9.563840000000000119e-01 1.776999999999999934e-03 -9.563850000000000406e-01 -2.921070000000000055e-01 -3.980000000000000248e-04
9.000000000000000000e+00 1.300000000000000000e+01 2.000000000000000000e+01 0.000000000000000000e+00 1.600000000000000089e+00 -3.000000000000000076e-06 -1.399999999999999877e-04 1.000000000000000000e+00 2.558960000000000123e-01 9.667040000000000077e-01 1.359999999999999989e-04 -9.667040000000000077e-01 2.558960000000000123e-01 3.300000000000000253e-05
1.500000000000000000e+01 1.300000000000000000e+01 2.000000000000000000e+01 0.000000000000000000e+00 1.600000000000000089e+00 -1.082999999999999978e-03 -2.487000000000000061e-03 9.999959999999999960e-01 2.568869999999999765e-01 9.664380000000000193e-01 2.681999999999999922e-03 -9.664409999999999945e-01 2.568889999999999785e-01 -4.070000000000000267e-04
2.000000000000000000e+01 1.300000000000000000e+01 2.000000000000000000e+01 0.000000000000000000e+00 1.600000000000000089e+00 3.399999999999999973e-05 3.240000000000000150e-04 1.000000000000000000e+00 2.573329999999999784e-01 9.663230000000000430e-01 -3.209999999999999963e-04 -9.663230000000000430e-01 2.573329999999999784e-01 -5.000000000000000240e-05
2.800000000000000000e+01 1.300000000000000000e+01 2.000000000000000000e+01 0.000000000000000000e+00 1.600000000000000089e+00 1.234000000000000071e-03 1.028000000000000051e-03 9.999989999999999712e-01 2.556439999999999824e-01 9.667700000000000182e-01 -1.309999999999999967e-03 -9.667700000000000182e-01 2.556450000000000111e-01 9.300000000000000541e-04
6.000000000000000000e+00 1.600000000000000000e+01 2.100000000000000000e+01 0.000000000000000000e+00 1.600000000000000089e+00 8.210000000000000067e-04 7.130000000000000053e-03 9.999740000000000295e-01 3.005729999999999791e-01 9.537330000000000529e-01 -7.047000000000000312e-03 -9.537579999999999947e-01 3.005709999999999771e-01 -1.360000000000000098e-03
4.000000000000000000e+00 4.600000000000000000e+01 2.700000000000000000e+01 0.000000000000000000e+00 1.600000000000000089e+00 -1.822999999999999968e-03 -1.450000000000000009e-04 -9.999980000000000535e-01 6.549829999999999819e-01 7.556429999999999536e-01 -1.304000000000000038e-03 7.556420000000000359e-01 -6.549840000000000106e-01 -1.281999999999999936e-03
1.800000000000000000e+01 4.600000000000000000e+01 2.700000000000000000e+01 0.000000000000000000e+00 1.600000000000000089e+00 2.138000000000000143e-03 4.600000000000000004e-05 -9.999980000000000535e-01 6.598209999999999908e-01 7.514210000000000056e-01 1.446000000000000020e-03 7.514199999999999768e-01 -6.598230000000000484e-01 1.575999999999999927e-03
9.000000000000000000e+00 4.600000000000000000e+01 3.000000000000000000e+01 0.000000000000000000e+00 1.600000000000000089e+00 3.499999999999999693e-05 -1.939999999999999993e-04 -1.000000000000000000e+00 3.298309999999999853e-01 9.440399999999999903e-01 -1.720000000000000066e-04 9.440399999999999903e-01 -3.298309999999999853e-01 9.699999999999999963e-05
6.000000000000000000e+00 5.800000000000000000e+01 3.100000000000000000e+01 0.000000000000000000e+00 1.600000000000000089e+00 2.552000000000000015e-03 -2.779999999999999919e-03 9.999930000000000208e-01 -7.646589999999999776e-01 -6.444349999999999801e-01 1.600000000000000131e-04 6.444299999999999473e-01 -7.646539999999999448e-01 -3.769999999999999914e-03
1.300000000000000000e+01 5.800000000000000000e+01 3.100000000000000000e+01 0.000000000000000000e+00 1.600000000000000089e+00 -2.196000000000000035e-03 -5.309000000000000351e-03 9.999829999999999552e-01 -7.678719999999999990e-01 -6.405830000000000135e-01 -5.087000000000000376e-03 6.405990000000000295e-01 -7.678709999999999702e-01 -2.670000000000000064e-03
2.000000000000000000e+01 5.800000000000000000e+01 3.100000000000000000e+01 0.000000000000000000e+00 1.600000000000000089e+00 -1.515000000000000071e-03 2.951000000000000064e-03 9.999949999999999672e-01 -7.732339999999999769e-01 -6.341200000000000170e-01 6.999999999999999929e-04 6.341189999999999882e-01 -7.732290000000000552e-01 3.242000000000000090e-03
2.400000000000000000e+01 5.800000000000000000e+01 3.100000000000000000e+01 0.000000000000000000e+00 1.600000000000000089e+00 6.342999999999999680e-03 6.733000000000000269e-03 9.999569999999999848e-01 -7.748690000000000300e-01 -6.320559999999999512e-01 9.171000000000000332e-03 6.320909999999999584e-01 -7.748939999999999717e-01 1.208000000000000089e-03
2.600000000000000000e+01 5.800000000000000000e+01 3.100000000000000000e+01 0.000000000000000000e+00 1.600000000000000089e+00 7.773999999999999660e-03 8.847000000000000697e-03 9.999310000000000143e-01 -7.731360000000000454e-01 -6.341329999999999467e-01 1.162099999999999939e-02 6.341919999999999780e-01 -7.731729999999999992e-01 1.910000000000000022e-03
2.000000000000000000e+00 4.600000000000000000e+01 3.500000000000000000e+01 0.000000000000000000e+00 1.600000000000000089e+00 -2.970000000000000092e-04 5.577999999999999625e-03 -9.999839999999999840e-01 3.850950000000000206e-01 -9.228619999999999601e-01 -5.262000000000000184e-03 -9.228769999999999474e-01 -3.850899999999999879e-01 -1.874000000000000015e-03
6.000000000000000000e+00 4.600000000000000000e+01 3.500000000000000000e+01 0.000000000000000000e+00 1.600000000000000089e+00 2.599999999999999772e-04 -5.820000000000000520e-04 -1.000000000000000000e+00 3.858679999999999888e-01 -9.225539999999999852e-01 6.369999999999999794e-04 -9.225539999999999852e-01 -3.858679999999999888e-01 -1.500000000000000038e-05
1.200000000000000000e+01 4.600000000000000000e+01 3.500000000000000000e+01 0.000000000000000000e+00 1.600000000000000089e+00 -2.680000000000000090e-04 4.699999999999999859e-04 -1.000000000000000000e+00 3.855859999999999843e-01 -9.226720000000000477e-01 -5.370000000000000424e-04 -9.226720000000000477e-01 -3.855859999999999843e-01 6.499999999999999431e-05
1.700000000000000000e+01 4.600000000000000000e+01 3.500000000000000000e+01 0.000000000000000000e+00 1.600000000000000089e+00 -5.090000000000000123e-04 -2.141999999999999807e-03 -9.999980000000000535e-01 3.857400000000000273e-01 -9.226060000000000372e-01 1.779999999999999898e-03 -9.226069999999999549e-01 -3.857380000000000253e-01 1.296000000000000060e-03
2.300000000000000000e+01 4.600000000000000000e+01 3.500000000000000000e+01 0.000000000000000000e+00 1.600000000000000089e+00 -5.320000000000000293e-04 1.451999999999999949e-03 -9.999989999999999712e-01 3.854330000000000256e-01 -9.227340000000000542e-01 -1.544999999999999932e-03 -9.227360000000000007e-01 -3.854339999999999988e-01 -6.799999999999999946e-05
3.000000000000000000e+00 9.500000000000000000e+01 3.600000000000000000e+01 0.000000000000000000e+00 1.600000000000000089e+00 1.994000000000000113e-03 5.666000000000000029e-03 9.999820000000000375e-01 9.976699999999999458e-01 6.818399999999999461e-02 -2.376000000000000074e-03 -6.819600000000000661e-02 9.976570000000000160e-01 -5.517000000000000202e-03
6.000000000000000000e+00 9.500000000000000000e+01 3.600000000000000000e+01 0.000000000000000000e+00 1.600000000000000089e+00 4.612999999999999913e-03 8.080999999999999642e-03 9.999569999999999848e-01 9.974199999999999733e-01 7.160600000000000298e-02 -5.179999999999999709e-03 -7.164399999999999935e-02 9.973999999999999533e-01 -7.729999999999999892e-03
2.000000000000000000e+01 9.500000000000000000e+01 3.600000000000000000e+01 0.000000000000000000e+00 1.600000000000000089e+00 -4.299999999999999894e-04 -1.312699999999999978e-02 9.999139999999999695e-01 9.974830000000000085e-01 7.088999999999999468e-02 1.360000000000000098e-03 -7.090200000000000669e-02 9.973980000000000068e-01 1.306399999999999922e-02
2.700000000000000000e+01 9.500000000000000000e+01 3.600000000000000000e+01 0.000000000000000000e+00 1.600000000000000089e+00 1.420000000000000092e-04 3.680900000000000144e-02 9.993220000000000436e-01 9.981020000000000447e-01 6.153399999999999842e-02 -2.407999999999999984e-03 -6.158099999999999685e-02 9.974260000000000348e-01 -3.672999999999999876e-02
4.000000000000000000e+00 3.000000000000000000e+00 4.300000000000000000e+01 0.000000000000000000e+00 1.600000000000000089e+00 -8.700000000000000051e-04 -4.304999999999999799e-03 -9.999900000000000455e-01 7.394570000000000309e-01 -6.732000000000000206e-01 2.253999999999999927e-03 -6.732040000000000246e-01 -7.394479999999999942e-01 3.769000000000000215e-03
1.400000000000000000e+01 3.000000000000000000e+00 4.300000000000000000e+01 0.000000000000000000e+00 1.600000000000000089e+00 -2.618000000000000101e-03 -2.521999999999999936e-02 -9.996779999999999555e-01 7.356810000000000294e-01 -6.771580000000000377e-01 1.515700000000000033e-02 -6.773230000000000084e-01 -7.354049999999999754e-01 2.032700000000000132e-02
2.700000000000000000e+01 3.000000000000000000e+00 4.300000000000000000e+01 0.000000000000000000e+00 1.600000000000000089e+00 6.389999999999999847e-03 2.389200000000000004e-02 -9.996939999999999715e-01 7.412360000000000060e-01 -6.711500000000000243e-01 -1.130199999999999955e-02 -6.712139999999999773e-01 -7.409369999999999568e-01 -2.199800000000000019e-02
2.300000000000000000e+01 8.000000000000000000e+00 4.400000000000000000e+01 0.000000000000000000e+00 1.600000000000000089e+00 -3.700000000000000164e-03 7.820000000000000345e-04 9.999930000000000208e-01 -7.777150000000000452e-01 -6.286129999999999773e-01 -2.386000000000000100e-03 6.286059999999999981e-01 -7.777180000000000204e-01 2.935000000000000109e-03
2.000000000000000000e+00 2.900000000000000000e+01 4.400000000000000000e+01 0.000000000000000000e+00 1.600000000000000089e+00 -2.582000000000000094e-03 -9.060000000000000128e-04 -9.999959999999999960e-01 6.716320000000000068e-01 7.408810000000000118e-01 -2.406000000000000152e-03 7.408810000000000118e-01 -6.716349999999999820e-01 -1.304000000000000038e-03
6.000000000000000000e+00 2.900000000000000000e+01 4.400000000000000000e+01 0.000000000000000000e+00 1.600000000000000089e+00 -1.918000000000000000e-03 3.519999999999999908e-04 -9.999980000000000535e-01 6.701319999999999499e-01 7.422410000000000396e-01 -1.023999999999999954e-03 7.422400000000000109e-01 -6.701329999999999787e-01 -1.659000000000000101e-03
1.000000000000000000e+01 2.900000000000000000e+01 4.400000000000000000e+01 0.000000000000000000e+00 1.600000000000000089e+00 1.435000000000000078e-03 3.119999999999999944e-04 -9.999989999999999712e-01 6.744409999999999572e-01 7.383279999999999843e-01 1.198000000000000063e-03 7.383269999999999555e-01 -6.744419999999999860e-01 8.490000000000000368e-04
1.300000000000000000e+01 2.900000000000000000e+01 4.400000000000000000e+01 0.000000000000000000e+00 1.600000000000000089e+00 2.112000000000000162e-03 -4.101999999999999744e-03 -9.999890000000000168e-01 6.794059999999999544e-01 7.337609999999999966e-01 -1.575000000000000011e-03 7.337590000000000501e-01 -6.793959999999999999e-01 4.336999999999999710e-03
1.900000000000000000e+01 2.900000000000000000e+01 4.400000000000000000e+01 0.000000000000000000e+00 1.600000000000000089e+00 1.605000000000000090e-03 7.529999999999999801e-04 -9.999980000000000535e-01 6.824799999999999756e-01 7.309020000000000516e-01 1.645999999999999894e-03 7.309020000000000516e-01 -6.824820000000000331e-01 6.589999999999999721e-04
2.200000000000000000e+01 2.900000000000000000e+01 4.400000000000000000e+01 0.000000000000000000e+00 1.600000000000000089e+00 2.085000000000000048e-03 2.939999999999999905e-04 -9.999980000000000535e-01 6.810329999999999995e-01 7.322509999999999852e-01 1.634999999999999952e-03 7.322499999999999565e-01 -6.810349999999999460e-01 1.325999999999999922e-03
2.700000000000000000e+01 2.900000000000000000e+01 4.400000000000000000e+01 0.000000000000000000e+00 1.600000000000000089e+00 2.589000000000000155e-03 1.394000000000000057e-03 -9.999959999999999960e-01 6.748410000000000242e-01 7.379580000000000028e-01 2.775999999999999822e-03 7.379590000000000316e-01 -6.748450000000000282e-01 9.700000000000000505e-04
5.000000000000000000e+00 6.000000000000000000e+00 5.100000000000000000e+01 0.000000000000000000e+00 1.600000000000000089e+00 -6.290000000000000018e-04 3.976999999999999633e-03 -9.999919999999999920e-01 3.191350000000000020e-01 -9.477010000000000156e-01 -3.969999999999999571e-03 -9.477090000000000236e-01 -3.191339999999999733e-01 -6.729999999999999871e-04
1.600000000000000000e+01 7.000000000000000000e+00 5.200000000000000000e+01 0.000000000000000000e+00 1.600000000000000089e+00 -6.200999999999999915e-03 -7.642999999999999620e-03 -9.999519999999999520e-01 1.364070000000000005e-01 -9.906300000000000106e-01 6.726000000000000208e-03 -9.906340000000000146e-01 -1.363580000000000070e-01 7.185999999999999679e-03
2.800000000000000000e+01 7.000000000000000000e+00 5.200000000000000000e+01 0.000000000000000000e+00 1.600000000000000089e+00 6.001000000000000258e-03 2.805000000000000202e-03 -9.999780000000000335e-01 7.405499999999999583e-02 -9.972509999999999986e-01 -2.353000000000000057e-03 -9.972360000000000113e-01 -7.403899999999999371e-02 -6.191999999999999588e-03
5.000000000000000000e+00 6.300000000000000000e+01 5.400000000000000000e+01 0.000000000000000000e+00 1.600000000000000089e+00 -4.189999999999999931e-04 1.332000000000000068e-03 9.999989999999999712e-01 -3.609160000000000146e-01 9.325970000000000093e-01 -1.394000000000000057e-03 -9.325980000000000381e-01 -3.609160000000000146e-01 9.000000000000000567e-05
8.000000000000000000e+00 6.300000000000000000e+01 5.400000000000000000e+01 0.000000000000000000e+00 1.600000000000000089e+00 -1.582999999999999989e-03 5.999999999999999474e-04 9.999989999999999712e-01 -3.537560000000000149e-01 9.353369999999999740e-01 -1.121000000000000035e-03 -9.353369999999999740e-01 -3.537569999999999881e-01 -1.268999999999999946e-03
1.400000000000000000e+01 6.300000000000000000e+01 5.400000000000000000e+01 0.000000000000000000e+00 1.600000000000000089e+00 -9.070000000000000371e-04 5.559999999999999621e-04 9.999989999999999712e-01 -3.534479999999999844e-01 9.354540000000000077e-01 -8.409999999999999507e-04 -9.354540000000000077e-01 -3.534479999999999844e-01 -6.520000000000000188e-04
2.200000000000000000e+01 6.300000000000000000e+01 5.400000000000000000e+01 0.000000000000000000e+00 1.600000000000000089e+00 1.402999999999999950e-03 -8.840000000000000201e-04 9.999989999999999712e-01 -3.481179999999999830e-01 9.374500000000000055e-01 1.317999999999999944e-03 -9.374500000000000055e-01 -3.481190000000000118e-01 1.007000000000000083e-03
1.000000000000000000e+00 2.500000000000000000e+01 5.500000000000000000e+01 0.000000000000000000e+00 1.600000000000000089e+00 6.530000000000000431e-04 3.170000000000000075e-04 -1.000000000000000000e+00 -1.160399999999999973e-02 -9.999329999999999607e-01 -3.249999999999999851e-04 -9.999320000000000430e-01 1.160399999999999973e-02 -6.489999999999999459e-04
4.000000000000000000e+00 2.500000000000000000e+01 5.500000000000000000e+01 0.000000000000000000e+00 1.600000000000000089e+00 9.539999999999999869e-04 3.980000000000000248e-04 -9.999989999999999712e-01 -1.220500000000000057e-02 -9.999249999999999527e-01 -4.090000000000000211e-04 -9.999249999999999527e-01 1.220599999999999984e-02 -9.489999999999999738e-04
1.000000000000000000e+01 2.500000000000000000e+01 5.500000000000000000e+01 0.000000000000000000e+00 1.600000000000000089e+00 9.700000000000000505e-04 9.439999999999999607e-04 -9.999989999999999712e-01 -1.379999999999999977e-02 -9.999040000000000150e-01 -9.569999999999999514e-04 -9.999040000000000150e-01 1.380100000000000077e-02 -9.569999999999999514e-04
2.100000000000000000e+01 2.500000000000000000e+01 5.500000000000000000e+01 0.000000000000000000e+00 1.600000000000000089e+00 -3.099999999999999999e-04 -3.390000000000000001e-04 -1.000000000000000000e+00 -1.114399999999999939e-02 -9.999379999999999935e-01 3.420000000000000188e-04 -9.999379999999999935e-01 1.114399999999999939e-02 3.060000000000000111e-04
2.600000000000000000e+01 2.500000000000000000e+01 5.500000000000000000e+01 0.000000000000000000e+00 1.600000000000000089e+00 -1.577000000000000060e-03 -3.213000000000000144e-03 -9.999940000000000495e-01 -1.236600000000000026e-02 -9.999179999999999735e-01 3.232000000000000064e-03 -9.999219999999999775e-01 1.237100000000000005e-02 1.536999999999999955e-03
2.000000000000000000e+00 6.800000000000000000e+01 5.700000000000000000e+01 0.000000000000000000e+00 1.600000000000000089e+00 1.652999999999999955e-03 -3.226000000000000135e-03 -9.999930000000000208e-01 -2.452429999999999888e-01 -9.694580000000000419e-01 2.722000000000000027e-03 -9.694599999999999884e-01 2.452360000000000095e-01 -2.393999999999999861e-03
2.900000000000000000e+01 5.800000000000000000e+01 5.900000000000000000e+01 0.000000000000000000e+00 1.600000000000000089e+00 3.258000000000000045e-03 3.100000000000000135e-05 -9.999949999999999672e-01 3.951669999999999905e-01 9.186079999999999801e-01 1.315999999999999896e-03 9.186029999999999474e-01 -3.951689999999999925e-01 2.981000000000000143e-03
1.500000000000000000e+01 2.100000000000000000e+01 6.000000000000000000e+01 0.000000000000000000e+00 1.600000000000000089e+00 -2.539999999999999940e-04 4.370999999999999885e-03 9.999900000000000455e-01 -9.374300000000000688e-02 9.955869999999999997e-01 -4.375999999999999682e-03 -9.955960000000000365e-01 -9.374300000000000688e-02 1.569999999999999944e-04
2.100000000000000000e+01 2.100000000000000000e+01 6.000000000000000000e+01 0.000000000000000000e+00 1.600000000000000089e+00 2.089999999999999844e-03 5.245999999999999795e-03 9.999839999999999840e-01 -9.611799999999999511e-02 9.953570000000000473e-01 -5.021000000000000289e-03 -9.953680000000000305e-01 -9.610599999999999699e-02 2.585000000000000058e-03
2.200000000000000000e+01 3.000000000000000000e+00 6.300000000000000000e+01 0.000000000000000000e+00 1.600000000000000089e+00 -2.949999999999999931e-03 1.719000000000000042e-03 9.999940000000000495e-01 -6.125559999999999894e-01 7.904210000000000402e-01 -3.164999999999999845e-03 -7.904219999999999580e-01 -6.125610000000000221e-01 -1.278999999999999972e-03
2.000000000000000000e+00 2.700000000000000000e+01 6.300000000000000000e+01 0.000000000000000000e+00 1.600000000000000089e+00 1.717999999999999909e-03 -5.067999999999999589e-03 9.999860000000000415e-01 -2.708889999999999909e-01 9.625960000000000072e-01 5.343999999999999792e-03 -9.626090000000000479e-01 -2.708940000000000237e-01 2.809999999999999998e-04
1.000000000000000000e+01 2.700000000000000000e+01 6.300000000000000000e+01 0.000000000000000000e+00 1.600000000000000089e+00 -2.089999999999999844e-03 2.569000000000000103e-03 9.999949999999999672e-01 -2.742859999999999743e-01 9.616430000000000256e-01 -3.043999999999999831e-03 -9.616460000000000008e-01 -2.742910000000000070e-01 -1.304999999999999953e-03
1.700000000000000000e+01 2.700000000000000000e+01 6.300000000000000000e+01 0.000000000000000000e+00 1.600000000000000089e+00 7.839999999999999747e-04 6.399999999999999710e-05 1.000000000000000000e+00 -2.808559999999999945e-01 9.597499999999999920e-01 1.579999999999999916e-04 -9.597499999999999920e-01 -2.808559999999999945e-01 7.699999999999999597e-04
2.400000000000000000e+01 2.700000000000000000e+01 6.300000000000000000e+01 0.000000000000000000e+00 1.600000000000000089e+00 -9.269999999999999811e-04 3.111000000000000050e-03 9.999949999999999672e-01 -2.794780000000000042e-01 9.601469999999999727e-01 -3.246000000000000187e-03 -9.601520000000000055e-01 -2.794800000000000062e-01 -2.000000000000000164e-05
2.800000000000000000e+01 2.700000000000000000e+01 6.300000000000000000e+01 0.000000000000000000e+00 1.600000000000000089e+00 -5.969999999999999829e-04 -3.740999999999999968e-03 9.999930000000000208e-01 -2.794590000000000130e-01 9.601520000000000055e-01 3.425000000000000093e-03 -9.601579999999999560e-01 -2.794550000000000090e-01 -1.618999999999999996e-03
9.000000000000000000e+00 2.600000000000000000e+01 6.400000000000000000e+01 0.000000000000000000e+00 1.600000000000000089e+00 -1.814000000000000074e-03 -1.033999999999999980e-03 9.999980000000000535e-01 -3.524070000000000258e-01 9.358469999999999844e-01 3.289999999999999739e-04 -9.358450000000000379e-01 -3.524059999999999970e-01 -2.062000000000000031e-03
1.500000000000000000e+01 2.600000000000000000e+01 6.400000000000000000e+01 0.000000000000000000e+00 1.600000000000000089e+00 -3.499999999999999964e-04 -6.639999999999999852e-04 1.000000000000000000e+00 -3.613589999999999858e-01 9.324270000000000058e-01 4.929999999999999487e-04 -9.324270000000000058e-01 -3.613589999999999858e-01 -5.659999999999999884e-04
1.800000000000000000e+01 2.600000000000000000e+01 6.400000000000000000e+01 0.000000000000000000e+00 1.600000000000000089e+00 1.838000000000000007e-03 2.260999999999999989e-03 9.999959999999999960e-01 -3.642810000000000215e-01 9.312880000000000047e-01 -1.435999999999999993e-03 -9.312869999999999759e-01 -3.642770000000000175e-01 2.534999999999999927e-03
2.300000000000000000e+01 2.600000000000000000e+01 6.400000000000000000e+01 0.000000000000000000e+00 1.600000000000000089e+00 -4.229999999999999819e-04 4.647000000000000089e-03 9.999890000000000168e-01 -3.635450000000000070e-01 9.315660000000000052e-01 -4.483000000000000006e-03 -9.315759999999999597e-01 -3.635430000000000050e-01 1.294999999999999927e-03
2.900000000000000000e+01 2.600000000000000000e+01 6.400000000000000000e+01 0.000000000000000000e+00 1.600000000000000089e+00 -1.160000000000000007e-03 -5.589000000000000218e-03 9.999839999999999840e-01 -3.619510000000000227e-01 9.321850000000000414e-01 4.789999999999999987e-03 -9.321960000000000246e-01 -3.619399999999999840e-01 -3.103999999999999988e-03
1.200000000000000000e+01 6.900000000000000000e+01 6.600000000000000000e+01 0.000000000000000000e+00 1.600000000000000089e+00 1.022299999999999945e-02 -8.439999999999999586e-03 9.999120000000000230e-01 -9.530720000000000303e-01 3.024939999999999851e-01 1.229700000000000064e-02 -3.025720000000000076e-01 -9.531140000000000168e-01 -4.950999999999999672e-03
2.000000000000000000e+01 6.900000000000000000e+01 6.600000000000000000e+01 0.000000000000000000e+00 1.600000000000000089e+00 5.465000000000000240e-03 -8.180000000000000422e-04 9.999850000000000128e-01 -9.532840000000000202e-01 3.020260000000000167e-01 5.457000000000000045e-03 -3.020260000000000167e-01 -9.532990000000000075e-01 8.710000000000000294e-04
2.400000000000000000e+01 3.100000000000000000e+01 7.100000000000000000e+01 0.000000000000000000e+00 1.600000000000000089e+00 3.809999999999999910e-04 4.490000000000000176e-04 -1.000000000000000000e+00 -7.107489999999999641e-01 -7.034449999999999870e-01 -5.869999999999999567e-04 -7.034449999999999870e-01 7.107489999999999641e-01 5.199999999999999680e-05
2.900000000000000000e+01 2.500000000000000000e+01 7.300000000000000000e+01 0.000000000000000000e+00 1.600000000000000089e+00 1.286999999999999950e-03 2.786999999999999981e-03 9.999949999999999672e-01 7.436500000000000332e-01 -6.685689999999999689e-01 9.060000000000000128e-04 6.685680000000000511e-01 7.436450000000000005e-01 -2.932999999999999843e-03
1.000000000000000000e+00 4.400000000000000000e+01 7.300000000000000000e+01 0.000000000000000000e+00 1.600000000000000089e+00 8.289999999999999843e-04 -2.178999999999999947e-03 9.999970000000000248e-01 4.807399999999999868e-02 -9.988409999999999789e-01 -2.216999999999999787e-03 9.988430000000000364e-01 4.807600000000000068e-02 -7.230000000000000098e-04
4.000000000000000000e+00 4.400000000000000000e+01 7.300000000000000000e+01 0.000000000000000000e+00 1.600000000000000089e+00 2.273999999999999980e-03 2.919999999999999961e-04 9.999970000000000248e-01 5.000700000000000284e-02 -9.987489999999999979e-01 1.779999999999999898e-04 9.987460000000000226e-01 5.000700000000000284e-02 -2.285999999999999838e-03
