6.000000000000000000e+00 1.500000000000000000e+01 4.000000000000000000e+00 0.000000000000000000e+00 1.600000000000000089e+00 1.435000000000000078e-03 -9.296999999999999709e-03 9.999559999999999560e-01 3.009729999999999905e-01 -9.535869999999999624e-01 -9.296999999999999709e-03 9.536320000000000352e-01 3.009729999999999905e-01 1.430000000000000064e-03
1.100000000000000000e+01 1.500000000000000000e+01 4.000000000000000000e+00 0.000000000000000000e+00 1.600000000000000089e+00 -1.423999999999999919e-03 -1.652500000000000149e-02 9.998620000000000285e-01 2.913799999999999724e-01 -9.564840000000000009e-01 -1.539300000000000043e-02 9.566059999999999564e-01 2.913180000000000214e-01 6.177000000000000199e-03
1.500000000000000000e+01 1.500000000000000000e+01 4.000000000000000000e+00 0.000000000000000000e+00 1.600000000000000089e+00 -2.246999999999999865e-03 -1.603399999999999964e-02 9.998690000000000078e-01 2.817219999999999724e-01 -9.593829999999999858e-01 -1.475100000000000022e-02 9.594930000000000403e-01 2.816520000000000135e-01 6.673000000000000112e-03
2.400000000000000000e+01 1.500000000000000000e+01 4.000000000000000000e+00 0.000000000000000000e+00 1.600000000000000089e+00 2.439999999999999895e-03 1.064999999999999974e-03 9.999959999999999960e-01 2.816819999999999879e-01 -9.595080000000000275e-01 3.350000000000000113e-04 9.595050000000000523e-01 2.816799999999999859e-01 -2.641000000000000118e-03
2.800000000000000000e+01 1.500000000000000000e+01 4.000000000000000000e+00 0.000000000000000000e+00 1.600000000000000089e+00 -5.720000000000000258e-04 4.321000000000000188e-03 9.999900000000000455e-01 2.926019999999999732e-01 -9.562249999999999917e-01 4.298999999999999870e-03 9.562340000000000284e-01 2.926019999999999732e-01 -7.179999999999999967e-04
2.000000000000000000e+00 1.010000000000000000e+02 7.000000000000000000e+00 0.000000000000000000e+00 1.600000000000000089e+00 -5.518000000000000335e-03 -2.631700000000000012e-02 9.996380000000000265e-01 8.854300000000000503e-01 4.644579999999999820e-01 1.711599999999999927e-02 -4.647410000000000152e-01 8.852039999999999909e-01 2.073900000000000049e-02
1.100000000000000000e+01 1.010000000000000000e+02 7.000000000000000000e+00 0.000000000000000000e+00 1.600000000000000089e+00 1.379999999999999933e-03 1.835600000000000079e-02 9.998310000000000253e-01 8.856190000000000451e-01 4.643090000000000273e-01 -9.747000000000000455e-03 -4.644099999999999895e-01 8.854830000000000201e-01 -1.561500000000000041e-02
2.400000000000000000e+01 1.010000000000000000e+02 7.000000000000000000e+00 0.000000000000000000e+00 1.600000000000000089e+00 -1.016999999999999892e-03 -6.695999999999999695e-03 9.999770000000000048e-01 8.856209999999999916e-01 4.643909999999999982e-01 4.009999999999999676e-03 -4.644070000000000142e-01 8.856049999999999756e-01 5.458000000000000178e-03
2.800000000000000000e+01 1.010000000000000000e+02 7.000000000000000000e+00 0.000000000000000000e+00 1.600000000000000089e+00 1.596999999999999895e-03 4.512000000000000385e-03 9.999890000000000168e-01 8.847129999999999717e-01 4.661239999999999828e-01 -3.516000000000000028e-03 -4.661339999999999928e-01 8.847080000000000499e-01 -3.248000000000000019e-03
2.000000000000000000e+00 1.500000000000000000e+01 8.000000000000000000e+00 0.000000000000000000e+00 1.600000000000000089e+00 -3.262999999999999842e-03 4.780999999999999660e-03 -9.999829999999999552e-01 -5.839919999999999556e-01 -8.117569999999999508e-01 -1.975999999999999892e-03 -8.117529999999999468e-01 5.839750000000000218e-01 5.440000000000000391e-03
1.300000000000000000e+01 1.500000000000000000e+01 8.000000000000000000e+00 0.000000000000000000e+00 1.600000000000000089e+00 -2.098000000000000038e-03 -1.167100000000000082e-02 -9.999299999999999855e-01 -5.875609999999999999e-01 -8.091089999999999671e-01 1.067700000000000073e-02 -8.091770000000000351e-01 5.875420000000000087e-01 -5.159999999999999656e-03
2.200000000000000000e+01 1.500000000000000000e+01 8.000000000000000000e+00 0.000000000000000000e+00 1.600000000000000089e+00 -4.021000000000000268e-03 -6.961000000000000174e-03 -9.999679999999999680e-01 -5.900929999999999787e-01 -8.072960000000000136e-01 7.992000000000000839e-03 -8.073249999999999593e-01 5.901060000000000194e-01 -8.620000000000000275e-04
2.700000000000000000e+01 1.500000000000000000e+01 8.000000000000000000e+00 0.000000000000000000e+00 1.600000000000000089e+00 -2.083999999999999915e-03 -1.392000000000000008e-03 -9.999970000000000248e-01 -5.916439999999999477e-01 -8.061960000000000237e-01 2.354999999999999889e-03 -8.061970000000000525e-01 5.916470000000000340e-01 8.559999999999999901e-04
5.000000000000000000e+00 2.600000000000000000e+01 8.000000000000000000e+00 0.000000000000000000e+00 1.600000000000000089e+00 1.469999999999999953e-03 5.039000000000000076e-03 -9.999860000000000415e-01 4.057689999999999908e-01 9.139610000000000234e-01 5.202000000000000027e-03 9.139739999999999531e-01 -4.057709999999999928e-01 -7.010000000000000172e-04
1.800000000000000000e+01 2.600000000000000000e+01 8.000000000000000000e+00 0.000000000000000000e+00 1.600000000000000089e+00 3.650000000000000033e-03 9.306000000000000036e-03 -9.999500000000000055e-01 4.022390000000000132e-01 9.154799999999999605e-01 9.988000000000000350e-03 9.155269999999999797e-01 -4.022549999999999737e-01 -4.020000000000000136e-04
6.000000000000000000e+00 2.400000000000000000e+01 9.000000000000000000e+00 0.000000000000000000e+00 1.600000000000000089e+00 1.639999999999999965e-03 3.168999999999999942e-03 -9.999940000000000495e-01 4.617749999999999910e-01 8.869899999999999451e-01 3.567999999999999991e-03 8.869960000000000067e-01 -4.617780000000000218e-01 -9.000000000000000228e-06
1.500000000000000000e+01 2.400000000000000000e+01 9.000000000000000000e+00 0.000000000000000000e+00 1.600000000000000089e+00 2.413000000000000214e-03 3.860000000000000150e-03 -9.999900000000000455e-01 4.598920000000000230e-01 8.879629999999999468e-01 4.537000000000000234e-03 8.879719999999999835e-01 -4.598979999999999735e-01 3.669999999999999760e-04
2.200000000000000000e+01 2.400000000000000000e+01 9.000000000000000000e+00 0.000000000000000000e+00 1.600000000000000089e+00 2.886999999999999809e-03 5.381999999999999632e-03 -9.999810000000000088e-01 4.593979999999999730e-01 8.882100000000000550e-01 6.106999999999999582e-03 8.882259999999999600e-01 -4.594070000000000098e-01 9.200000000000000007e-05
2.700000000000000000e+01 2.400000000000000000e+01 9.000000000000000000e+00 0.000000000000000000e+00 1.600000000000000089e+00 2.348999999999999960e-03 9.398999999999999369e-03 -9.999529999999999808e-01 4.592950000000000088e-01 8.882339999999999680e-01 9.428000000000000616e-03 8.882809999999999873e-01 -4.592959999999999821e-01 -2.230000000000000211e-03
3.000000000000000000e+00 4.000000000000000000e+00 1.100000000000000000e+01 0.000000000000000000e+00 1.600000000000000089e+00 -3.480000000000000020e-04 1.439200000000000028e-02 -9.998960000000000070e-01 2.235030000000000072e-01 9.746029999999999971e-01 1.395000000000000059e-02 9.747029999999999861e-01 -2.234750000000000070e-01 -3.556000000000000133e-03
7.000000000000000000e+00 4.000000000000000000e+00 1.100000000000000000e+01 0.000000000000000000e+00 1.600000000000000089e+00 9.749999999999999552e-04 6.627000000000000078e-03 -9.999780000000000335e-01 2.212899999999999867e-01 9.751849999999999685e-01 6.677999999999999908e-03 9.752079999999999638e-01 -2.212919999999999887e-01 -5.159999999999999656e-04
1.000000000000000000e+01 4.000000000000000000e+00 1.100000000000000000e+01 0.000000000000000000e+00 1.600000000000000089e+00 3.820000000000000153e-04 -1.407999999999999963e-03 -9.999989999999999712e-01 2.196200000000000097e-01 9.755850000000000355e-01 -1.288999999999999998e-03 9.755850000000000355e-01 -2.196190000000000087e-01 6.819999999999999890e-04
9.000000000000000000e+00 3.100000000000000000e+01 1.200000000000000000e+01 0.000000000000000000e+00 1.600000000000000089e+00 -8.980000000000000352e-04 9.049999999999999885e-04 9.999989999999999712e-01 -2.052700000000000011e-02 9.997890000000000388e-01 -9.229999999999999923e-04 -9.997890000000000388e-01 -2.052800000000000111e-02 -8.790000000000000070e-04
1.900000000000000000e+01 3.100000000000000000e+01 1.200000000000000000e+01 0.000000000000000000e+00 1.600000000000000089e+00 -1.585000000000000037e-03 1.441999999999999922e-03 9.999980000000000535e-01 -2.453500000000000125e-02 9.996979999999999755e-01 -1.480999999999999895e-03 -9.996979999999999755e-01 -2.453800000000000078e-02 -1.549999999999999946e-03
2.400000000000000000e+01 3.100000000000000000e+01 1.200000000000000000e+01 0.000000000000000000e+00 1.600000000000000089e+00 -9.359999999999999831e-04 1.399999999999999986e-03 9.999989999999999712e-01 -2.159399999999999861e-02 9.997660000000000435e-01 -1.420000000000000038e-03 -9.997660000000000435e-01 -2.159499999999999961e-02 -9.060000000000000128e-04
5.000000000000000000e+00 3.200000000000000000e+01 1.400000000000000000e+01 0.000000000000000000e+00 1.600000000000000089e+00 -1.363999999999999978e-03 1.263000000000000017e-03 -9.999980000000000535e-01 1.101329999999999948e-01 9.939160000000000217e-01 1.105000000000000079e-03 9.939160000000000217e-01 -1.101319999999999938e-01 -1.495000000000000018e-03
1.300000000000000000e+01 3.200000000000000000e+01 1.400000000000000000e+01 0.000000000000000000e+00 1.600000000000000089e+00 1.100000000000000039e-04 -4.055999999999999710e-03 -9.999919999999999920e-01 1.179230000000000000e-01 9.930149999999999810e-01 -4.014000000000000207e-03 9.930229999999999890e-01 -1.179209999999999980e-01 5.879999999999999810e-04
1.600000000000000000e+01 3.200000000000000000e+01 1.400000000000000000e+01 0.000000000000000000e+00 1.600000000000000089e+00 2.775999999999999822e-03 -2.062000000000000031e-03 -9.999940000000000495e-01 1.190620000000000012e-01 9.928850000000000176e-01 -1.716999999999999993e-03 9.928829999999999600e-01 -1.190569999999999962e-01 3.001000000000000195e-03
7.000000000000000000e+00 1.200000000000000000e+01 1.500000000000000000e+01 0.000000000000000000e+00 1.600000000000000089e+00 -1.118000000000000070e-03 -1.180000000000000059e-03 -9.999989999999999712e-01 -4.712089999999999890e-01 -8.820200000000000262e-01 1.567999999999999949e-03 -8.820210000000000550e-01 4.712100000000000177e-01 4.310000000000000137e-04
1.300000000000000000e+01 1.200000000000000000e+01 1.500000000000000000e+01 0.000000000000000000e+00 1.600000000000000089e+00 2.970000000000000092e-04 -6.549999999999999833e-04 -1.000000000000000000e+00 -4.716670000000000029e-01 -8.817770000000000330e-01 4.369999999999999970e-04 -8.817770000000000330e-01 4.716659999999999742e-01 -5.710000000000000015e-04
1.600000000000000000e+01 1.200000000000000000e+01 1.500000000000000000e+01 0.000000000000000000e+00 1.600000000000000089e+00 -1.054000000000000032e-03 -5.599999999999999916e-05 -9.999989999999999712e-01 -4.724439999999999751e-01 -8.813609999999999500e-01 5.469999999999999602e-04 -8.813600000000000323e-01 4.724439999999999751e-01 9.030000000000000483e-04
2.200000000000000000e+01 1.200000000000000000e+01 1.500000000000000000e+01 0.000000000000000000e+00 1.600000000000000089e+00 -2.080999999999999951e-03 -1.337000000000000081e-03 -9.999970000000000248e-01 -4.736790000000000167e-01 -8.806950000000000056e-01 2.162999999999999992e-03 -8.806950000000000056e-01 4.736830000000000207e-01 1.199999999999999895e-03
2.600000000000000000e+01 1.200000000000000000e+01 1.500000000000000000e+01 0.000000000000000000e+00 1.600000000000000089e+00 -1.949999999999999965e-04 3.260000000000000094e-04 -1.000000000000000000e+00 -4.736719999999999819e-01 -8.807009999999999561e-01 -1.949999999999999965e-04 -8.807009999999999561e-01 4.736719999999999819e-01 3.269999999999999795e-04
2.200000000000000000e+01 1.100000000000000000e+01 1.600000000000000000e+01 0.000000000000000000e+00 1.600000000000000089e+00 -1.600999999999999993e-03 -1.840999999999999972e-03 -9.999970000000000248e-01 -4.216550000000000020e-01 -9.067530000000000312e-01 2.344000000000000163e-03 -9.067549999999999777e-01 4.216579999999999773e-01 6.750000000000000357e-04
1.000000000000000000e+01 1.160000000000000000e+02 1.600000000000000000e+01 0.000000000000000000e+00 1.600000000000000089e+00 9.700000000000000505e-04 -4.366000000000000089e-03 9.999900000000000455e-01 6.645469999999999988e-01 7.472419999999999618e-01 2.618000000000000101e-03 -7.472459999999999658e-01 6.645379999999999621e-01 3.625999999999999883e-03
2.000000000000000000e+01 1.160000000000000000e+02 1.600000000000000000e+01 0.000000000000000000e+00 1.600000000000000089e+00 -2.011000000000000201e-03 4.029999999999999837e-04 9.999980000000000535e-01 6.704510000000000192e-01 7.419529999999999736e-01 1.049999999999999935e-03 -7.419510000000000272e-01 6.704520000000000479e-01 -1.761999999999999894e-03
2.700000000000000000e+01 1.160000000000000000e+02 1.600000000000000000e+01 0.000000000000000000e+00 1.600000000000000089e+00 1.863000000000000073e-03 2.331999999999999872e-03 9.999959999999999960e-01 6.996379999999999821e-01 7.144909999999999872e-01 -2.969999999999999984e-03 -7.144949999999999912e-01 6.996400000000000396e-01 -2.999999999999999737e-04
3.000000000000000000e+00 2.000000000000000000e+00 1.900000000000000000e+01 0.000000000000000000e+00 1.600000000000000089e+00 3.828999999999999938e-03 -6.112000000000000245e-03 -9.999740000000000295e-01 2.083959999999999979e-01 -9.780210000000000292e-01 6.775999999999999905e-03 -9.780370000000000452e-01 -2.084169999999999912e-01 -2.471000000000000106e-03
6.000000000000000000e+00 2.000000000000000000e+00 1.900000000000000000e+01 0.000000000000000000e+00 1.600000000000000089e+00 5.689999999999999529e-04 -5.085000000000000110e-03 -9.999869999999999592e-01 2.088849999999999874e-01 -9.779269999999999907e-01 5.092000000000000172e-03 -9.779400000000000315e-01 -2.088849999999999874e-01 5.060000000000000478e-04
1.500000000000000000e+01 2.000000000000000000e+00 1.900000000000000000e+01 0.000000000000000000e+00 1.600000000000000089e+00 -1.330000000000000073e-04 -1.776999999999999934e-03 -9.999980000000000535e-01 2.109580000000000066e-01 -9.774939999999999740e-01 1.709000000000000016e-03 -9.774950000000000028e-01 -2.109580000000000066e-01 5.050000000000000235e-04
1.900000000000000000e+01 2.000000000000000000e+00 1.900000000000000000e+01 0.000000000000000000e+00 1.600000000000000089e+00 4.949999999999999973e-04 -4.993000000000000042e-03 -9.999869999999999592e-01 2.152030000000000054e-01 -9.765570000000000084e-01 4.982999999999999582e-03 -9.765690000000000204e-01 -2.152030000000000054e-01 5.910000000000000539e-04
2.300000000000000000e+01 2.000000000000000000e+00 1.900000000000000000e+01 0.000000000000000000e+00 1.600000000000000089e+00 7.659999999999999708e-04 -1.375600000000000087e-02 -9.999050000000000438e-01 2.197949999999999904e-01 -9.754509999999999570e-01 1.358799999999999938e-02 -9.755460000000000242e-01 -2.197850000000000081e-01 2.276999999999999944e-03
2.600000000000000000e+01 2.000000000000000000e+00 1.900000000000000000e+01 0.000000000000000000e+00 1.600000000000000089e+00 -1.033000000000000064e-03 -1.031999999999999931e-02 -9.999460000000000015e-01 2.202220000000000011e-01 -9.754000000000000448e-01 9.839000000000000523e-03 -9.754490000000000105e-01 -2.202000000000000068e-01 3.279999999999999930e-03
1.000000000000000000e+00 1.300000000000000000e+01 2.000000000000000000e+01 0.000000000000000000e+00 1.600000000000000089e+00 1.250000000000000026e-04 5.124000000000000082e-03 9.999869999999999592e-01 2.562980000000000258e-01 9.665850000000000275e-01 -4.984999999999999848e-03 -9.665979999999999572e-01 2.562960000000000238e-01 -1.191999999999999917e-03
5.000000000000000000e+00 1.300000000000000000e+01 2.000000000000000000e+01 0.000000000000000000e+00 1.600000000000000089e+00 4.789999999999999879e-04 -1.060000000000000016e-04 1.000000000000000000e+00 2.559589999999999921e-01 9.666879999999999917e-01 -2.000000000000000164e-05 -9.666869999999999630e-01 2.559589999999999921e-01 4.899999999999999842e-04
9.000000000000000000e+00 1.300000000000000000e+01 2.000000000000000000e+01 0.000000000000000000e+00 1.600000000000000089e+00 -1.575999999999999927e-03 -4.346000000000000037e-03 9.999890000000000168e-01 2.576550000000000229e-01 9.662260000000000293e-01 4.604999999999999719e-03 -9.662359999999999838e-01 2.576600000000000001e-01 -4.029999999999999837e-04
1.600000000000000000e+01 1.300000000000000000e+01 2.000000000000000000e+01 0.000000000000000000e+00 1.600000000000000089e+00 7.700000000000000139e-05 1.520000000000000084e-04 1.000000000000000000e+00 2.591040000000000010e-01 9.658489999999999576e-01 -1.669999999999999935e-04 -9.658489999999999576e-01 2.591040000000000010e-01 3.499999999999999693e-05
2.000000000000000000e+01 1.300000000000000000e+01 2.000000000000000000e+01 0.000000000000000000e+00 1.600000000000000089e+00 -8.769999999999999584e-04 2.811999999999999830e-03 9.999959999999999960e-01 2.608880000000000088e-01 9.653659999999999464e-01 -2.485999999999999929e-03 -9.653690000000000326e-01 2.608849999999999780e-01 -1.580000000000000024e-03
2.400000000000000000e+01 1.300000000000000000e+01 2.000000000000000000e+01 0.000000000000000000e+00 1.600000000000000089e+00 -6.509999999999999945e-04 2.194999999999999903e-03 9.999970000000000248e-01 2.606800000000000228e-01 9.654230000000000311e-01 -1.948999999999999995e-03 -9.654249999999999776e-01 2.606780000000000208e-01 -1.199999999999999895e-03
2.700000000000000000e+01 1.300000000000000000e+01 2.000000000000000000e+01 0.000000000000000000e+00 1.600000000000000089e+00 -3.750000000000000078e-04 1.170000000000000033e-03 9.999989999999999712e-01 2.602059999999999929e-01 9.655529999999999946e-01 -1.031999999999999931e-03 -9.655529999999999946e-01 2.602050000000000196e-01 -6.660000000000000338e-04
8.000000000000000000e+00 1.600000000000000000e+01 2.100000000000000000e+01 0.000000000000000000e+00 1.600000000000000089e+00 -8.729999999999999696e-04 -4.466999999999999617e-03 9.999900000000000455e-01 3.007650000000000046e-01 9.536869999999999514e-01 4.523000000000000111e-03 -9.536980000000000457e-01 3.007659999999999778e-01 5.109999999999999525e-04
1.300000000000000000e+01 1.600000000000000000e+01 2.100000000000000000e+01 0.000000000000000000e+00 1.600000000000000089e+00 -6.390000000000000280e-04 -2.631000000000000092e-03 9.999959999999999960e-01 3.019669999999999854e-01 9.533150000000000235e-01 2.700999999999999842e-03 -9.533179999999999987e-01 3.019669999999999854e-01 1.849999999999999973e-04
2.400000000000000000e+01 1.600000000000000000e+01 2.100000000000000000e+01 0.000000000000000000e+00 1.600000000000000089e+00 -1.129000000000000012e-03 1.284999999999999901e-03 9.999989999999999712e-01 3.020610000000000239e-01 9.532880000000000242e-01 -8.840000000000000201e-04 -9.532880000000000242e-01 3.020599999999999952e-01 -1.464999999999999939e-03
3.000000000000000000e+01 1.600000000000000000e+01 2.100000000000000000e+01 0.000000000000000000e+00 1.600000000000000089e+00 -1.330000000000000073e-04 1.332999999999999984e-03 9.999989999999999712e-01 3.027819999999999956e-01 9.530589999999999895e-01 -1.231000000000000106e-03 -9.530600000000000183e-01 3.027810000000000223e-01 -5.299999999999999807e-04
1.600000000000000000e+01 4.600000000000000000e+01 2.700000000000000000e+01 0.000000000000000000e+00 1.600000000000000089e+00 1.440000000000000091e-03 2.762999999999999831e-03 -9.999949999999999672e-01 6.618779999999999664e-01 7.496049999999999658e-01 3.024000000000000212e-03 7.496099999999999985e-01 -6.618789999999999951e-01 -7.489999999999999913e-04
2.300000000000000000e+01 4.600000000000000000e+01 2.700000000000000000e+01 0.000000000000000000e+00 1.600000000000000089e+00 -4.035999999999999657e-03 -3.119999999999999944e-03 -9.999869999999999592e-01 6.592130000000000489e-01 7.519390000000000240e-01 -5.006000000000000033e-03 7.519449999999999745e-01 -6.592249999999999499e-01 -9.779999999999999197e-04
2.800000000000000000e+01 4.600000000000000000e+01 2.700000000000000000e+01 0.000000000000000000e+00 1.600000000000000089e+00 2.640000000000000202e-04 2.112999999999999861e-03 -9.999980000000000535e-01 6.550470000000000459e-01 7.555859999999999799e-01 1.770000000000000089e-03 7.555880000000000374e-01 -6.550460000000000171e-01 -1.185000000000000072e-03
1.700000000000000000e+01 4.600000000000000000e+01 3.000000000000000000e+01 0.000000000000000000e+00 1.600000000000000089e+00 9.470000000000000336e-04 1.015999999999999976e-03 -9.999989999999999712e-01 3.218230000000000257e-01 9.467989999999999462e-01 1.265999999999999981e-03 9.467989999999999462e-01 -3.218239999999999990e-01 5.689999999999999529e-04
2.100000000000000000e+01 4.600000000000000000e+01 3.000000000000000000e+01 0.000000000000000000e+00 1.600000000000000089e+00 -1.311000000000000099e-03 -3.648999999999999900e-03 -9.999919999999999920e-01 3.179890000000000216e-01 9.480870000000000131e-01 -3.876000000000000105e-03 9.480939999999999923e-01 -3.179910000000000236e-01 -8.299999999999999815e-05
2.700000000000000000e+01 4.600000000000000000e+01 3.000000000000000000e+01 0.000000000000000000e+00 1.600000000000000089e+00 -4.749999999999999990e-04 1.317000000000000028e-03 -9.999989999999999712e-01 3.166820000000000190e-01 9.485310000000000130e-01 1.098999999999999934e-03 9.485320000000000418e-01 -3.166809999999999903e-01 -8.679999999999999565e-04
3.000000000000000000e+00 5.800000000000000000e+01 3.100000000000000000e+01 0.000000000000000000e+00 1.600000000000000089e+00 6.882000000000000096e-03 9.941000000000000184e-03 9.999270000000000103e-01 -7.728230000000000377e-01 -6.345150000000000512e-01 1.162700000000000018e-02 6.345840000000000369e-01 -7.728469999999999507e-01 3.315999999999999937e-03
1.100000000000000000e+01 5.800000000000000000e+01 3.100000000000000000e+01 0.000000000000000000e+00 1.600000000000000089e+00 -3.014000000000000186e-03 -6.231999999999999693e-03 9.999759999999999760e-01 -7.757849999999999469e-01 -6.309669999999999446e-01 -6.270999999999999665e-03 6.309909999999999686e-01 -7.757849999999999469e-01 -2.932000000000000144e-03
1.500000000000000000e+01 5.800000000000000000e+01 3.100000000000000000e+01 0.000000000000000000e+00 1.600000000000000089e+00 2.039000000000000014e-03 -4.409999999999999858e-04 9.999980000000000535e-01 -7.767730000000000468e-01 -6.297800000000000065e-01 1.307000000000000002e-03 6.297779999999999490e-01 -7.767739999999999645e-01 -1.626999999999999974e-03
2.300000000000000000e+01 5.800000000000000000e+01 3.100000000000000000e+01 0.000000000000000000e+00 1.600000000000000089e+00 -1.330000000000000019e-03 -2.096000000000000207e-03 9.999970000000000248e-01 -7.791519999999999557e-01 -6.268310000000000271e-01 -2.350999999999999791e-03 6.268329999999999735e-01 -7.791529999999999845e-01 -7.990000000000000140e-04
2.900000000000000000e+01 5.800000000000000000e+01 3.100000000000000000e+01 0.000000000000000000e+00 1.600000000000000089e+00 -1.696000000000000025e-03 -3.252000000000000116e-03 9.999930000000000208e-01 -7.763099999999999445e-01 -6.303419999999999579e-01 -3.367000000000000201e-03 6.303490000000000482e-01 -7.763109999999999733e-01 -1.454999999999999913e-03
7.000000000000000000e+00 4.600000000000000000e+01 3.500000000000000000e+01 0.000000000000000000e+00 1.600000000000000089e+00 7.489999999999999913e-04 -2.354000000000000190e-03 -9.999970000000000248e-01 3.853400000000000158e-01 -9.227710000000000079e-01 2.459999999999999947e-03 -9.227739999999999831e-01 -3.853409999999999891e-01 2.159999999999999919e-04
1.000000000000000000e+01 4.600000000000000000e+01 3.500000000000000000e+01 0.000000000000000000e+00 1.600000000000000089e+00 6.130000000000000466e-04 -2.467000000000000009e-03 -9.999970000000000248e-01 3.847289999999999877e-01 -9.230260000000000131e-01 2.513000000000000043e-03 -9.230300000000000171e-01 -3.847289999999999877e-01 3.829999999999999854e-04
1.400000000000000000e+01 4.600000000000000000e+01 3.500000000000000000e+01 0.000000000000000000e+00 1.600000000000000089e+00 -4.300000000000000165e-05 -3.838999999999999965e-03 -9.999930000000000208e-01 3.853690000000000171e-01 -9.227560000000000207e-01 3.526000000000000054e-03 -9.227629999999999999e-01 -3.853659999999999863e-01 1.520000000000000084e-03
1.800000000000000000e+01 4.600000000000000000e+01 3.500000000000000000e+01 0.000000000000000000e+00 1.600000000000000089e+00 3.899999999999999929e-04 -5.768999999999999823e-03 -9.999829999999999552e-01 3.854779999999999873e-01 -9.227009999999999934e-01 5.473999999999999699e-03 -9.227170000000000094e-01 -3.854730000000000101e-01 1.863999999999999988e-03
2.100000000000000000e+01 4.600000000000000000e+01 3.500000000000000000e+01 0.000000000000000000e+00 1.600000000000000089e+00 7.700000000000000139e-05 -1.177000000000000095e-03 -9.999989999999999712e-01 3.851010000000000266e-01 -9.228739999999999721e-01 1.116000000000000021e-03 -9.228750000000000009e-01 -3.851010000000000266e-01 3.820000000000000153e-04
2.700000000000000000e+01 4.600000000000000000e+01 3.500000000000000000e+01 0.000000000000000000e+00 1.600000000000000089e+00 9.000000000000000567e-05 2.049999999999999956e-04 -1.000000000000000000e+00 3.851680000000000104e-01 -9.228460000000000552e-01 -1.540000000000000028e-04 -9.228460000000000552e-01 -3.851680000000000104e-01 -1.620000000000000075e-04
4.000000000000000000e+00 9.500000000000000000e+01 3.600000000000000000e+01 0.000000000000000000e+00 1.600000000000000089e+00 9.020000000000000240e-04 3.764800000000000091e-02 9.992910000000000403e-01 9.980850000000000000e-01 6.177200000000000052e-02 -3.229000000000000099e-03 -6.185000000000000220e-02 9.973800000000000443e-01 -3.752099999999999880e-02
1.100000000000000000e+01 9.500000000000000000e+01 3.600000000000000000e+01 0.000000000000000000e+00 1.600000000000000089e+00 -5.452000000000000249e-03 -1.765900000000000108e-02 9.998289999999999678e-01 9.973400000000000043e-01 7.258199999999999374e-02 6.720000000000000279e-03 -7.268800000000000261e-02 9.972060000000000368e-01 1.721599999999999867e-02
1.600000000000000000e+01 9.500000000000000000e+01 3.600000000000000000e+01 0.000000000000000000e+00 1.600000000000000089e+00 3.582999999999999814e-03 1.494499999999999995e-02 9.998820000000000485e-01 9.975180000000000158e-01 7.026399999999999313e-02 -4.624999999999999771e-03 -7.032499999999999862e-02 9.974159999999999693e-01 -1.465600000000000062e-02
2.100000000000000000e+01 9.500000000000000000e+01 3.600000000000000000e+01 0.000000000000000000e+00 1.600000000000000089e+00 -1.800000000000000113e-04 -1.070999999999999903e-03 9.999989999999999712e-01 9.975950000000000095e-01 6.930899999999999561e-02 2.539999999999999940e-04 -6.930899999999999561e-02 9.975950000000000095e-01 1.056000000000000081e-03
2.600000000000000000e+01 9.500000000000000000e+01 3.600000000000000000e+01 0.000000000000000000e+00 1.600000000000000089e+00 3.834999999999999867e-03 -1.916700000000000001e-02 9.998089999999999478e-01 9.973969999999999780e-01 7.206799999999999318e-02 -2.445000000000000125e-03 -7.200700000000000156e-02 9.972159999999999913e-01 1.939400000000000152e-02
4.000000000000000000e+00 3.000000000000000000e+00 4.300000000000000000e+01 0.000000000000000000e+00 1.600000000000000089e+00 6.774999999999999772e-03 2.159799999999999914e-02 -9.997439999999999660e-01 7.413140000000000285e-01 -6.710909999999999931e-01 -9.473999999999999783e-03 -6.711240000000000538e-01 -7.410600000000000520e-01 -2.055699999999999888e-02
8.000000000000000000e+00 3.000000000000000000e+00 4.300000000000000000e+01 0.000000000000000000e+00 1.600000000000000089e+00 -8.189999999999999581e-04 1.003199999999999925e-02 -9.999489999999999768e-01 7.410390000000000033e-01 -6.714219999999999633e-01 -7.342999999999999701e-03 -6.714620000000000033e-01 -7.410069999999999713e-01 -6.884000000000000362e-03
1.300000000000000000e+01 3.000000000000000000e+00 4.300000000000000000e+01 0.000000000000000000e+00 1.600000000000000089e+00 -3.429999999999999889e-04 5.630000000000000239e-04 -1.000000000000000000e+00 7.365939999999999710e-01 -6.763350000000000195e-01 -6.329999999999999906e-04 -6.763350000000000195e-01 -7.365939999999999710e-01 -1.820000000000000057e-04
1.600000000000000000e+01 3.000000000000000000e+00 4.300000000000000000e+01 0.000000000000000000e+00 1.600000000000000089e+00 -2.066999999999999827e-03 -4.551999999999999623e-03 -9.999869999999999592e-01 7.346960000000000157e-01 -6.783949999999999703e-01 1.569000000000000082e-03 -6.783930000000000238e-01 -7.346840000000000037e-01 4.746000000000000218e-03
2.100000000000000000e+01 3.000000000000000000e+00 4.300000000000000000e+01 0.000000000000000000e+00 1.600000000000000089e+00 -1.569999999999999998e-03 -1.131199999999999914e-02 -9.999350000000000183e-01 7.378900000000000459e-01 -6.748899999999999899e-01 6.475999999999999986e-03 -6.749190000000000467e-01 -7.378310000000000146e-01 9.407000000000000431e-03
2.300000000000000000e+01 3.000000000000000000e+00 4.300000000000000000e+01 0.000000000000000000e+00 1.600000000000000089e+00 -2.602999999999999845e-03 -2.082600000000000076e-02 -9.997800000000000020e-01 7.388710000000000555e-01 -6.737379999999999480e-01 1.210999999999999924e-02 -6.738420000000000520e-01 -7.386770000000000280e-01 1.714200000000000099e-02
9.000000000000000000e+00 8.000000000000000000e+00 4.400000000000000000e+01 0.000000000000000000e+00 1.600000000000000089e+00 3.529000000000000019e-03 9.962000000000000369e-03 9.999440000000000550e-01 -7.792869999999999520e-01 -6.266030000000000211e-01 8.992999999999999258e-03 6.266570000000000196e-01 -7.792750000000000510e-01 5.551999999999999644e-03
2.300000000000000000e+01 8.000000000000000000e+00 4.400000000000000000e+01 0.000000000000000000e+00 1.600000000000000089e+00 -3.288999999999999823e-03 -7.361999999999999621e-03 9.999670000000000503e-01 -7.757389999999999564e-01 -6.310120000000000173e-01 -7.198000000000000405e-03 6.310449999999999671e-01 -7.757380000000000386e-01 -3.635999999999999909e-03
3.000000000000000000e+00 2.900000000000000000e+01 4.400000000000000000e+01 0.000000000000000000e+00 1.600000000000000089e+00 2.327000000000000075e-03 1.955000000000000140e-03 -9.999949999999999672e-01 6.754649999999999821e-01 7.373849999999999572e-01 3.014000000000000186e-03 7.373880000000000434e-01 -6.754689999999999861e-01 3.950000000000000061e-04
8.000000000000000000e+00 2.900000000000000000e+01 4.400000000000000000e+01 0.000000000000000000e+00 1.600000000000000089e+00 -5.900000000000000296e-04 3.100000000000000135e-05 -1.000000000000000000e+00 6.699150000000000382e-01 7.424380000000000424e-01 -3.719999999999999891e-04 7.424380000000000424e-01 -6.699150000000000382e-01 -4.589999999999999896e-04
1.400000000000000000e+01 2.900000000000000000e+01 4.400000000000000000e+01 0.000000000000000000e+00 1.600000000000000089e+00 -1.649999999999999991e-03 -1.550000000000000000e-04 -9.999989999999999712e-01 6.756429999999999936e-01 7.372279999999999944e-01 -1.229000000000000058e-03 7.372269999999999657e-01 -6.756440000000000223e-01 -1.111000000000000008e-03
1.800000000000000000e+01 2.900000000000000000e+01 4.400000000000000000e+01 0.000000000000000000e+00 1.600000000000000089e+00 -2.367999999999999879e-03 -2.151000000000000134e-03 -9.999949999999999672e-01 6.795269999999999921e-01 7.336430000000000451e-01 -3.187000000000000163e-03 7.336460000000000203e-01 -6.795309999999999961e-01 -2.759999999999999867e-04
2.700000000000000000e+01 2.900000000000000000e+01 4.400000000000000000e+01 0.000000000000000000e+00 1.600000000000000089e+00 -3.873999999999999840e-03 1.000000000000000048e-04 -9.999919999999999920e-01 6.639159999999999506e-01 7.478029999999999955e-01 -2.497000000000000088e-03 7.477979999999999627e-01 -6.639199999999999546e-01 -2.962999999999999922e-03
2.000000000000000000e+01 5.400000000000000000e+01 4.600000000000000000e+01 0.000000000000000000e+00 1.600000000000000089e+00 -5.159999999999999656e-04 -3.628999999999999847e-03 9.999930000000000208e-01 3.289139999999999842e-01 -9.443540000000000267e-01 -3.256999999999999913e-03 9.443599999999999772e-01 3.289099999999999802e-01 1.680999999999999986e-03
1.700000000000000000e+01 7.400000000000000000e+01 4.900000000000000000e+01 0.000000000000000000e+00 1.600000000000000089e+00 -3.154000000000000119e-03 -3.249999999999999851e-04 9.999949999999999672e-01 -9.798940000000000428e-01 1.994970000000000077e-01 -3.026000000000000044e-03 -1.994950000000000057e-01 -9.798980000000000468e-01 -9.470000000000000336e-04
5.000000000000000000e+00 7.000000000000000000e+00 5.200000000000000000e+01 0.000000000000000000e+00 1.600000000000000089e+00 5.318999999999999943e-03 3.566999999999999858e-03 -9.999799999999999800e-01 7.409399999999999320e-02 -9.972459999999999658e-01 -3.163000000000000013e-03 -9.972370000000000401e-01 -7.407600000000000295e-02 -5.568000000000000033e-03
8.000000000000000000e+00 6.300000000000000000e+01 5.400000000000000000e+01 0.000000000000000000e+00 1.600000000000000089e+00 1.686999999999999915e-03 -5.349999999999999938e-04 9.999980000000000535e-01 -3.497569999999999846e-01 9.368400000000000061e-01 1.090999999999999956e-03 -9.368389999999999773e-01 -3.497589999999999866e-01 1.394000000000000057e-03
1.300000000000000000e+01 6.300000000000000000e+01 5.400000000000000000e+01 0.000000000000000000e+00 1.600000000000000089e+00 -5.069999999999999637e-04 -2.418000000000000010e-03 9.999970000000000248e-01 -3.567969999999999753e-01 9.341800000000000104e-01 2.077999999999999986e-03 -9.341819999999999569e-01 -3.567949999999999733e-01 -1.335999999999999948e-03
2.100000000000000000e+01 6.300000000000000000e+01 5.400000000000000000e+01 0.000000000000000000e+00 1.600000000000000089e+00 1.179999999999999951e-04 2.644000000000000083e-03 9.999959999999999960e-01 -3.524089999999999723e-01 9.358429999999999804e-01 -2.432999999999999833e-03 -9.358459999999999557e-01 -3.524070000000000258e-01 1.041999999999999958e-03
2.500000000000000000e+01 6.300000000000000000e+01 5.400000000000000000e+01 0.000000000000000000e+00 1.600000000000000089e+00 -1.672000000000000092e-03 1.569999999999999998e-03 9.999970000000000248e-01 -3.510829999999999784e-01 9.363420000000000076e-01 -2.056999999999999801e-03 -9.363430000000000364e-01 -3.510849999999999804e-01 -1.013999999999999927e-03
3.000000000000000000e+01 6.300000000000000000e+01 5.400000000000000000e+01 0.000000000000000000e+00 1.600000000000000089e+00 -1.451000000000000033e-03 -4.989999999999999861e-04 9.999989999999999712e-01 -3.451830000000000176e-01 9.385350000000000081e-01 -3.300000000000000253e-05 -9.385339999999999794e-01 -3.451830000000000176e-01 -1.533999999999999990e-03
3.000000000000000000e+00 2.500000000000000000e+01 5.500000000000000000e+01 0.000000000000000000e+00 1.600000000000000089e+00 -1.721000000000000090e-03 -2.376000000000000074e-03 -9.999959999999999960e-01 -1.256600000000000078e-02 -9.999179999999999735e-01 2.396999999999999825e-03 -9.999200000000000310e-01 1.256999999999999958e-02 1.691000000000000012e-03
1.500000000000000000e+01 2.500000000000000000e+01 5.500000000000000000e+01 0.000000000000000000e+00 1.600000000000000089e+00 1.002999999999999985e-03 -1.263999999999999933e-03 -9.999989999999999712e-01 -1.071599999999999983e-02 -9.999419999999999975e-01 1.253999999999999906e-03 -9.999419999999999975e-01 1.071500000000000057e-02 -1.015999999999999976e-03
2.700000000000000000e+01 2.500000000000000000e+01 5.500000000000000000e+01 0.000000000000000000e+00 1.600000000000000089e+00 1.415999999999999941e-03 6.980000000000000527e-04 -9.999989999999999712e-01 -1.082299999999999929e-02 -9.999409999999999688e-01 -7.129999999999999836e-04 -9.999400000000000510e-01 1.082400000000000029e-02 -1.407999999999999963e-03
1.900000000000000000e+01 6.800000000000000000e+01 5.700000000000000000e+01 0.000000000000000000e+00 1.600000000000000089e+00 1.830000000000000029e-03 -2.432000000000000134e-03 -9.999949999999999672e-01 -2.438140000000000029e-01 -9.698200000000000154e-01 1.912999999999999987e-03 -9.698200000000000154e-01 2.438089999999999979e-01 -2.367999999999999879e-03
6.000000000000000000e+00 5.800000000000000000e+01 5.900000000000000000e+01 0.000000000000000000e+00 1.600000000000000089e+00 2.118000000000000091e-03 4.649000000000000354e-03 -9.999869999999999592e-01 3.930319999999999925e-01 9.195109999999999673e-01 5.107999999999999693e-03 9.195219999999999505e-01 -3.930379999999999985e-01 1.200000000000000030e-04
1.000000000000000000e+01 2.100000000000000000e+01 6.000000000000000000e+01 0.000000000000000000e+00 1.600000000000000089e+00 1.679999999999999907e-04 1.593000000000000015e-03 9.999989999999999712e-01 -9.636599999999999333e-02 9.953450000000000353e-01 -1.569999999999999998e-03 -9.953459999999999530e-01 -9.636500000000000621e-02 3.209999999999999963e-04
1.400000000000000000e+01 2.100000000000000000e+01 6.000000000000000000e+01 0.000000000000000000e+00 1.600000000000000089e+00 -1.191000000000000001e-03 7.540000000000000044e-04 9.999989999999999712e-01 -9.502299999999999636e-02 9.954749999999999988e-01 -8.639999999999999677e-04 -9.954739999999999700e-01 -9.502399999999999736e-02 -1.113999999999999973e-03
2.100000000000000000e+01 2.100000000000000000e+01 6.000000000000000000e+01 0.000000000000000000e+00 1.600000000000000089e+00 -3.770000000000000022e-04 -5.714999999999999594e-03 9.999839999999999840e-01 -9.566299999999999804e-02 9.953980000000000050e-01 5.651999999999999906e-03 -9.954140000000000210e-01 -9.565899999999999403e-02 -9.219999999999999680e-04
2.800000000000000000e+01 2.100000000000000000e+01 6.000000000000000000e+01 0.000000000000000000e+00 1.600000000000000089e+00 -4.300000000000000165e-05 3.680000000000000111e-03 9.999930000000000208e-01 -9.611899999999999611e-02 9.953629999999999978e-01 -3.667000000000000121e-03 -9.953699999999999770e-01 -9.611899999999999611e-02 3.110000000000000243e-04
9.000000000000000000e+00 6.000000000000000000e+00 6.100000000000000000e+01 0.000000000000000000e+00 1.600000000000000089e+00 -6.980000000000000527e-04 9.619999999999999645e-04 9.999989999999999712e-01 5.604219999999999757e-01 -8.282059999999999977e-01 1.188000000000000037e-03 8.282070000000000265e-01 5.604219999999999757e-01 3.899999999999999929e-05
2.300000000000000000e+01 6.000000000000000000e+00 6.100000000000000000e+01 0.000000000000000000e+00 1.600000000000000089e+00 1.613999999999999983e-03 6.354000000000000273e-03 9.999789999999999512e-01 5.592430000000000456e-01 -8.289929999999999799e-01 4.364999999999999956e-03 8.290020000000000167e-01 5.592230000000000256e-01 -4.891000000000000382e-03
1.600000000000000000e+01 3.000000000000000000e+00 6.300000000000000000e+01 0.000000000000000000e+00 1.600000000000000089e+00 2.919999999999999961e-04 -3.739999999999999835e-03 9.999930000000000208e-01 -6.109029999999999738e-01 7.916999999999999593e-01 3.139999999999999996e-03 -7.917060000000000208e-01 -6.108989999999999698e-01 -2.053999999999999836e-03
5.000000000000000000e+00 2.700000000000000000e+01 6.300000000000000000e+01 0.000000000000000000e+00 1.600000000000000089e+00 6.819999999999999890e-04 -2.197999999999999867e-03 9.999970000000000248e-01 -2.793140000000000067e-01 9.601969999999999672e-01 2.301000000000000094e-03 -9.601990000000000247e-01 -2.793149999999999800e-01 4.100000000000000047e-05
1.200000000000000000e+01 2.700000000000000000e+01 6.300000000000000000e+01 0.000000000000000000e+00 1.600000000000000089e+00 -5.280000000000000405e-04 -1.062000000000000010e-03 9.999989999999999712e-01 -2.786069999999999935e-01 9.604049999999999532e-01 8.729999999999999696e-04 -9.604049999999999532e-01 -2.786069999999999935e-01 -8.030000000000000028e-04
1.800000000000000000e+01 2.700000000000000000e+01 6.300000000000000000e+01 0.000000000000000000e+00 1.600000000000000089e+00 1.320000000000000101e-04 -5.328000000000000271e-03 9.999860000000000415e-01 -2.790239999999999942e-01 9.602699999999999569e-01 5.153999999999999727e-03 -9.602840000000000265e-01 -2.790210000000000190e-01 -1.360000000000000098e-03
