3.000000000000000000e+00 2.500000000000000000e+01 1.000000000000000000e+00 0.000000000000000000e+00 1.600000000000000089e+00 -4.260000000000000006e-04 -8.833000000000000573e-03 -9.999609999999999888e-01 -5.279890000000000416e-01 -8.492159999999999709e-01 7.727000000000000361e-03 -8.492509999999999781e-01 5.279709999999999681e-01 -4.302000000000000268e-03
6.000000000000000000e+00 1.500000000000000000e+01 4.000000000000000000e+00 0.000000000000000000e+00 1.600000000000000089e+00 5.029999999999999749e-04 -3.768000000000000082e-03 9.999930000000000208e-01 3.148670000000000080e-01 -9.491290000000000004e-01 -3.735000000000000039e-03 9.491359999999999797e-01 3.148659999999999792e-01 7.089999999999999948e-04
1.200000000000000000e+01 1.500000000000000000e+01 4.000000000000000000e+00 0.000000000000000000e+00 1.600000000000000089e+00 -4.255000000000000102e-03 -6.019999999999999961e-04 9.999909999999999632e-01 3.154939999999999967e-01 -9.489269999999999650e-01 7.709999999999999840e-04 9.489180000000000392e-01 3.154939999999999967e-01 4.227999999999999987e-03
1.900000000000000000e+01 1.500000000000000000e+01 4.000000000000000000e+00 0.000000000000000000e+00 1.600000000000000089e+00 -2.252999999999999794e-03 1.275000000000000092e-03 9.999970000000000248e-01 3.125620000000000065e-01 -9.498950000000000449e-01 1.915000000000000036e-03 9.498950000000000449e-01 3.125649999999999817e-01 1.742000000000000059e-03
2.400000000000000000e+01 1.500000000000000000e+01 4.000000000000000000e+00 0.000000000000000000e+00 1.600000000000000089e+00 -2.374999999999999941e-03 1.352100000000000003e-02 9.999059999999999615e-01 3.147929999999999895e-01 -9.490629999999999900e-01 1.358099999999999932e-02 9.491570000000000285e-01 3.147960000000000202e-01 -2.003000000000000006e-03
6.000000000000000000e+00 2.500000000000000000e+01 8.000000000000000000e+00 0.000000000000000000e+00 1.600000000000000089e+00 1.678000000000000021e-03 5.599999999999999943e-03 -9.999829999999999552e-01 4.461709999999999843e-01 8.949289999999999745e-01 5.760000000000000363e-03 8.949460000000000193e-01 -4.461729999999999863e-01 -9.970000000000000563e-04
1.300000000000000000e+01 2.500000000000000000e+01 8.000000000000000000e+00 0.000000000000000000e+00 1.600000000000000089e+00 1.090000000000000067e-04 -4.879999999999999898e-04 -1.000000000000000000e+00 4.443320000000000047e-01 8.958620000000000472e-01 -3.879999999999999985e-04 8.958620000000000472e-01 -4.443320000000000047e-01 3.150000000000000131e-04
2.100000000000000000e+01 2.500000000000000000e+01 8.000000000000000000e+00 0.000000000000000000e+00 1.600000000000000089e+00 -2.441000000000000027e-03 -4.414999999999999654e-03 -9.999869999999999592e-01 4.452479999999999771e-01 8.953929999999999945e-01 -5.040000000000000209e-03 8.954039999999999777e-01 -4.452539999999999831e-01 -2.200000000000000078e-04
2.400000000000000000e+01 2.500000000000000000e+01 8.000000000000000000e+00 0.000000000000000000e+00 1.600000000000000089e+00 -1.570999999999999914e-03 -4.120000000000000398e-03 -9.999900000000000455e-01 4.444219999999999837e-01 8.958070000000000199e-01 -4.388999999999999672e-03 8.958159999999999457e-01 -4.444239999999999857e-01 4.240000000000000062e-04
6.000000000000000000e+00 2.400000000000000000e+01 9.000000000000000000e+00 0.000000000000000000e+00 1.600000000000000089e+00 1.201999999999999943e-03 4.544000000000000296e-03 -9.999890000000000168e-01 4.508730000000000238e-01 8.925760000000000360e-01 4.597999999999999657e-03 8.925870000000000193e-01 -4.508739999999999970e-01 -9.759999999999999796e-04
1.400000000000000000e+01 2.400000000000000000e+01 9.000000000000000000e+00 0.000000000000000000e+00 1.600000000000000089e+00 -6.629999999999999609e-04 -4.403999999999999929e-03 -9.999900000000000455e-01 4.506310000000000038e-01 8.927000000000000490e-01 -4.230000000000000253e-03 8.927100000000000035e-01 -4.506299999999999750e-01 1.392999999999999924e-03
2.300000000000000000e+01 2.400000000000000000e+01 9.000000000000000000e+00 0.000000000000000000e+00 1.600000000000000089e+00 -1.458000000000000095e-03 -5.080999999999999579e-03 -9.999860000000000415e-01 4.501660000000000106e-01 8.929300000000000015e-01 -5.192999999999999700e-03 8.929439999999999600e-01 -4.501680000000000126e-01 9.849999999999999815e-04
6.000000000000000000e+00 5.000000000000000000e+00 1.200000000000000000e+01 0.000000000000000000e+00 1.600000000000000089e+00 1.283300000000000066e-02 -1.188069999999999959e-01 9.928339999999999943e-01 -2.330480000000000051e-01 9.652169999999999916e-01 1.185139999999999944e-01 -9.723810000000000509e-01 -2.328989999999999949e-01 -1.530100000000000036e-02
1.000000000000000000e+00 3.100000000000000000e+01 1.200000000000000000e+01 0.000000000000000000e+00 1.600000000000000089e+00 3.606999999999999963e-03 -5.290999999999999696e-03 9.999789999999999512e-01 3.631000000000000113e-03 9.999789999999999512e-01 5.277999999999999706e-03 -9.999869999999999592e-01 3.612000000000000193e-03 3.625999999999999883e-03
7.000000000000000000e+00 3.100000000000000000e+01 1.200000000000000000e+01 0.000000000000000000e+00 1.600000000000000089e+00 6.849999999999999535e-04 1.749999999999999982e-04 1.000000000000000000e+00 7.159999999999999481e-04 1.000000000000000000e+00 -1.749999999999999982e-04 -1.000000000000000000e+00 7.159999999999999481e-04 6.849999999999999535e-04
1.500000000000000000e+01 3.100000000000000000e+01 1.200000000000000000e+01 0.000000000000000000e+00 1.600000000000000089e+00 -1.224000000000000045e-03 -1.342000000000000094e-03 9.999980000000000535e-01 2.509999999999999753e-04 9.999989999999999712e-01 1.342000000000000094e-03 -9.999989999999999712e-01 2.519999999999999996e-04 -1.224000000000000045e-03
2.500000000000000000e+01 3.100000000000000000e+01 1.200000000000000000e+01 0.000000000000000000e+00 1.600000000000000089e+00 9.309999999999999699e-04 -3.699999999999999811e-05 1.000000000000000000e+00 -2.246000000000000166e-03 9.999970000000000248e-01 3.899999999999999929e-05 -9.999970000000000248e-01 -2.246000000000000166e-03 9.309999999999999699e-04
2.600000000000000000e+01 3.500000000000000000e+01 1.200000000000000000e+01 0.000000000000000000e+00 1.600000000000000089e+00 3.555000000000000000e-03 -4.380000000000000213e-03 -9.999839999999999840e-01 5.695200000000000262e-01 -8.219579999999999664e-01 5.624999999999999792e-03 -8.219689999999999497e-01 -5.695310000000000095e-01 -4.270000000000000249e-04
1.000000000000000000e+01 3.200000000000000000e+01 1.400000000000000000e+01 0.000000000000000000e+00 1.600000000000000089e+00 1.216999999999999983e-03 2.072000000000000057e-03 -9.999970000000000248e-01 1.033560000000000034e-01 9.946420000000000261e-01 2.187000000000000142e-03 9.946439999999999726e-01 -1.033590000000000064e-01 9.959999999999999236e-04
1.900000000000000000e+01 3.200000000000000000e+01 1.400000000000000000e+01 0.000000000000000000e+00 1.600000000000000089e+00 -1.691000000000000012e-03 -8.430999999999999259e-03 -9.999630000000000463e-01 1.041959999999999970e-01 9.945199999999999596e-01 -8.560999999999999166e-03 9.945549999999999669e-01 -1.042059999999999931e-01 -8.030000000000000028e-04
4.000000000000000000e+00 1.200000000000000000e+01 1.500000000000000000e+01 0.000000000000000000e+00 1.600000000000000089e+00 3.490000000000000263e-04 2.799999999999999958e-05 -1.000000000000000000e+00 -4.716739999999999822e-01 -8.817730000000000290e-01 -1.890000000000000133e-04 -8.817730000000000290e-01 4.716739999999999822e-01 -2.950000000000000148e-04
1.100000000000000000e+01 1.200000000000000000e+01 1.500000000000000000e+01 0.000000000000000000e+00 1.600000000000000089e+00 1.860000000000000108e-03 3.717999999999999951e-03 -9.999909999999999632e-01 -4.695889999999999787e-01 -8.828749999999999654e-01 -4.157000000000000105e-03 -8.828829999999999734e-01 4.695929999999999827e-01 1.039999999999999936e-04
1.700000000000000000e+01 1.200000000000000000e+01 1.500000000000000000e+01 0.000000000000000000e+00 1.600000000000000089e+00 8.499999999999999526e-04 4.342999999999999639e-03 -9.999900000000000455e-01 -4.696569999999999911e-01 -8.828390000000000404e-01 -4.233999999999999916e-03 -8.828489999999999949e-01 4.696560000000000179e-01 1.288999999999999998e-03
2.000000000000000000e+01 1.200000000000000000e+01 1.500000000000000000e+01 0.000000000000000000e+00 1.600000000000000089e+00 -1.036000000000000029e-03 7.375999999999999744e-03 -9.999719999999999720e-01 -4.661790000000000100e-01 -8.846699999999999564e-01 -6.042999999999999761e-03 -8.846899999999999764e-01 4.661600000000000188e-01 4.355000000000000364e-03
2.500000000000000000e+01 1.200000000000000000e+01 1.500000000000000000e+01 0.000000000000000000e+00 1.600000000000000089e+00 7.839999999999999747e-04 7.621000000000000170e-03 -9.999710000000000543e-01 -4.594059999999999810e-01 -8.881980000000000430e-01 -7.128999999999999920e-03 -8.882259999999999600e-01 4.593979999999999730e-01 2.805000000000000202e-03
1.100000000000000000e+01 1.160000000000000000e+02 1.600000000000000000e+01 0.000000000000000000e+00 1.600000000000000089e+00 -2.722000000000000027e-03 -1.961000000000000069e-03 9.999940000000000495e-01 8.063470000000000359e-01 5.914329999999999865e-01 3.354999999999999909e-03 -5.914359999999999618e-01 8.063519999999999577e-01 -2.799999999999999958e-05
1.800000000000000000e+01 1.160000000000000000e+02 1.600000000000000000e+01 0.000000000000000000e+00 1.600000000000000089e+00 -1.289999999999999914e-04 3.150000000000000131e-04 1.000000000000000000e+00 7.435810000000000475e-01 6.686459999999999626e-01 -1.150000000000000035e-04 -6.686459999999999626e-01 7.435810000000000475e-01 -3.209999999999999963e-04
2.300000000000000000e+01 1.160000000000000000e+02 1.600000000000000000e+01 0.000000000000000000e+00 1.600000000000000089e+00 -3.420000000000000188e-04 2.612999999999999871e-03 9.999970000000000248e-01 7.491430000000000033e-01 6.624069999999999681e-01 -1.474999999999999966e-03 -6.624079999999999968e-01 7.491400000000000281e-01 -2.183000000000000045e-03
4.000000000000000000e+00 2.000000000000000000e+00 1.900000000000000000e+01 0.000000000000000000e+00 1.600000000000000089e+00 -9.055999999999999814e-03 5.237000000000000335e-03 -9.999449999999999728e-01 2.181099999999999983e-01 -9.758989999999999609e-01 -7.086000000000000285e-03 -9.758820000000000272e-01 -2.181619999999999948e-01 7.695999999999999716e-03
1.000000000000000000e+01 2.000000000000000000e+00 1.900000000000000000e+01 0.000000000000000000e+00 1.600000000000000089e+00 -1.218299999999999939e-02 1.034400000000000076e-02 -9.998719999999999830e-01 2.356689999999999896e-01 -9.717470000000000274e-01 -1.292500000000000072e-02 -9.717569999999999819e-01 -2.357960000000000056e-01 9.400999999999999635e-03
1.400000000000000000e+01 2.000000000000000000e+00 1.900000000000000000e+01 0.000000000000000000e+00 1.600000000000000089e+00 -5.794999999999999804e-03 2.589100000000000082e-02 -9.996479999999999810e-01 2.404169999999999918e-01 -9.703070000000000306e-01 -2.652499999999999997e-02 -9.706519999999999593e-01 -2.404860000000000053e-01 -6.019999999999999961e-04
2.300000000000000000e+01 2.000000000000000000e+00 1.900000000000000000e+01 0.000000000000000000e+00 1.600000000000000089e+00 2.688899999999999971e-02 6.260899999999999799e-02 -9.976760000000000073e-01 2.352879999999999971e-01 -9.703929999999999501e-01 -5.455600000000000033e-02 -9.715540000000000287e-01 -2.332740000000000091e-01 -4.082399999999999918e-02
2.800000000000000000e+01 2.000000000000000000e+00 1.900000000000000000e+01 0.000000000000000000e+00 1.600000000000000089e+00 2.743800000000000058e-02 8.111400000000000554e-02 -9.963269999999999627e-01 2.714349999999999818e-01 -9.598590000000000177e-01 -7.066999999999999671e-02 -9.620649999999999480e-01 -2.684989999999999877e-01 -4.835300000000000015e-02
2.500000000000000000e+01 4.000000000000000000e+00 2.000000000000000000e+01 0.000000000000000000e+00 1.600000000000000089e+00 1.828300000000000064e-02 4.662800000000000278e-02 -9.987449999999999939e-01 4.009699999999999931e-01 -9.154069999999999707e-01 -3.539699999999999791e-02 -9.159089999999999732e-01 -3.998200000000000087e-01 -3.543299999999999922e-02
2.000000000000000000e+00 1.300000000000000000e+01 2.000000000000000000e+01 0.000000000000000000e+00 1.600000000000000089e+00 -9.959999999999999236e-04 -2.135000000000000179e-03 9.999970000000000248e-01 2.639299999999999979e-01 9.645390000000000352e-01 2.321999999999999845e-03 -9.645409999999999817e-01 2.639319999999999999e-01 -3.970000000000000005e-04
8.000000000000000000e+00 1.300000000000000000e+01 2.000000000000000000e+01 0.000000000000000000e+00 1.600000000000000089e+00 1.822999999999999968e-03 -1.763000000000000027e-03 9.999970000000000248e-01 2.640850000000000142e-01 9.644989999999999952e-01 1.219999999999999947e-03 -9.644979999999999665e-01 2.640819999999999834e-01 2.223999999999999849e-03
1.400000000000000000e+01 1.300000000000000000e+01 2.000000000000000000e+01 0.000000000000000000e+00 1.600000000000000089e+00 -8.180000000000000422e-04 -3.158999999999999916e-03 9.999949999999999672e-01 2.659210000000000185e-01 9.639889999999999848e-01 3.262999999999999842e-03 -9.639940000000000175e-01 2.659230000000000205e-01 5.099999999999999960e-05
2.300000000000000000e+01 1.300000000000000000e+01 2.000000000000000000e+01 0.000000000000000000e+00 1.600000000000000089e+00 1.379999999999999933e-04 1.539000000000000003e-03 9.999989999999999712e-01 2.647189999999999821e-01 9.643239999999999590e-01 -1.521000000000000000e-03 -9.643260000000000165e-01 2.647189999999999821e-01 -2.739999999999999923e-04
3.000000000000000000e+01 1.300000000000000000e+01 2.000000000000000000e+01 0.000000000000000000e+00 1.600000000000000089e+00 1.928999999999999942e-03 2.533999999999999794e-03 9.999949999999999672e-01 2.631269999999999998e-01 9.647569999999999757e-01 -2.952000000000000197e-03 -9.647590000000000332e-01 2.631310000000000038e-01 1.195000000000000099e-03
3.000000000000000000e+01 5.000000000000000000e+01 2.200000000000000000e+01 0.000000000000000000e+00 1.600000000000000089e+00 2.509999999999999753e-04 -3.565000000000000027e-03 -9.999940000000000495e-01 -5.811229999999999452e-01 8.138100000000000334e-01 -3.046999999999999795e-03 8.138149999999999551e-01 5.811199999999999699e-01 -1.866999999999999953e-03
4.000000000000000000e+00 3.000000000000000000e+00 2.500000000000000000e+01 0.000000000000000000e+00 1.600000000000000089e+00 -3.619999999999999954e-03 -2.305999999999999890e-03 9.999909999999999632e-01 -2.273299999999999974e-02 -9.997390000000000443e-01 -2.386999999999999799e-03 9.997350000000000403e-01 -2.274100000000000080e-02 3.566999999999999858e-03
1.000000000000000000e+01 3.000000000000000000e+00 2.500000000000000000e+01 0.000000000000000000e+00 1.600000000000000089e+00 -2.811000000000000131e-03 3.497000000000000108e-03 9.999900000000000455e-01 -1.741499999999999992e-02 -9.998420000000000085e-01 3.446999999999999977e-03 9.998439999999999550e-01 -1.740500000000000033e-02 2.870999999999999854e-03
1.400000000000000000e+01 3.000000000000000000e+00 2.500000000000000000e+01 0.000000000000000000e+00 1.600000000000000089e+00 2.750999999999999973e-03 8.869000000000000147e-03 9.999569999999999848e-01 -2.018199999999999855e-02 -9.997570000000000068e-01 8.921999999999999376e-03 9.997930000000000428e-01 -2.020500000000000074e-02 -2.572000000000000067e-03
2.900000000000000000e+01 3.000000000000000000e+00 2.500000000000000000e+01 0.000000000000000000e+00 1.600000000000000089e+00 -1.900999999999999912e-03 1.853000000000000133e-02 9.998259999999999925e-01 -2.928300000000000000e-02 -9.994009999999999838e-01 1.846599999999999978e-02 9.995690000000000408e-01 -2.924300000000000163e-02 2.442000000000000160e-03
3.000000000000000000e+00 4.600000000000000000e+01 2.700000000000000000e+01 0.000000000000000000e+00 1.600000000000000089e+00 -2.067999999999999960e-03 1.231000000000000106e-03 -9.999970000000000248e-01 6.648260000000000280e-01 7.469980000000000508e-01 -4.550000000000000008e-04 7.469959999999999933e-01 -6.648249999999999993e-01 -2.363000000000000083e-03
1.300000000000000000e+01 4.600000000000000000e+01 2.700000000000000000e+01 0.000000000000000000e+00 1.600000000000000089e+00 1.262000000000000101e-03 6.009999999999999717e-04 -9.999989999999999712e-01 6.718039999999999567e-01 7.407280000000000530e-01 1.293000000000000095e-03 7.407280000000000530e-01 -6.718049999999999855e-01 5.310000000000000050e-04
2.000000000000000000e+00 4.600000000000000000e+01 3.000000000000000000e+01 0.000000000000000000e+00 1.600000000000000089e+00 -2.873000000000000120e-03 -1.061000000000000094e-03 -9.999949999999999672e-01 3.150339999999999807e-01 9.490790000000000060e-01 -1.912000000000000071e-03 9.490760000000000307e-01 -3.150379999999999847e-01 -2.393000000000000162e-03
6.000000000000000000e+00 4.600000000000000000e+01 3.000000000000000000e+01 0.000000000000000000e+00 1.600000000000000089e+00 -2.057999999999999934e-03 4.090000000000000211e-04 -9.999980000000000535e-01 3.153090000000000059e-01 9.489889999999999715e-01 -2.610000000000000015e-04 9.489870000000000250e-01 -3.153090000000000059e-01 -2.082000000000000083e-03
6.000000000000000000e+00 5.800000000000000000e+01 3.100000000000000000e+01 0.000000000000000000e+00 1.600000000000000089e+00 1.621000000000000045e-03 1.845000000000000069e-03 9.999970000000000248e-01 -7.889279999999999626e-01 -6.144810000000000549e-01 2.413000000000000214e-03 6.144840000000000302e-01 -7.889289999999999914e-01 4.600000000000000139e-04
1.200000000000000000e+01 5.800000000000000000e+01 3.100000000000000000e+01 0.000000000000000000e+00 1.600000000000000089e+00 1.428000000000000016e-03 4.226999999999999855e-03 9.999900000000000455e-01 -7.872810000000000086e-01 -6.165829999999999922e-01 3.730999999999999941e-03 6.165920000000000289e-01 -7.872789999999999511e-01 2.446999999999999956e-03
1.800000000000000000e+01 5.800000000000000000e+01 3.100000000000000000e+01 0.000000000000000000e+00 1.600000000000000089e+00 2.100000000000000087e-04 -7.630000000000000063e-04 1.000000000000000000e+00 -7.832459999999999978e-01 -6.217120000000000424e-01 -3.099999999999999999e-04 6.217120000000000424e-01 -7.832449999999999690e-01 -7.290000000000000473e-04
2.500000000000000000e+01 5.800000000000000000e+01 3.100000000000000000e+01 0.000000000000000000e+00 1.600000000000000089e+00 3.821999999999999877e-03 4.647000000000000089e-03 9.999820000000000375e-01 -7.773600000000000509e-01 -6.290289999999999493e-01 5.895000000000000066e-03 6.290449999999999653e-01 -7.773679999999999479e-01 1.208000000000000089e-03
1.100000000000000000e+01 4.600000000000000000e+01 3.500000000000000000e+01 0.000000000000000000e+00 1.600000000000000089e+00 -3.770000000000000022e-04 2.255000000000000060e-03 -9.999970000000000248e-01 3.907880000000000242e-01 -9.204780000000000184e-01 -2.223000000000000149e-03 -9.204809999999999937e-01 -3.907869999999999955e-01 -5.339999999999999695e-04
1.400000000000000000e+01 4.600000000000000000e+01 3.500000000000000000e+01 0.000000000000000000e+00 1.600000000000000089e+00 -4.459999999999999989e-04 -1.472999999999999917e-03 -9.999989999999999712e-01 3.908300000000000107e-01 -9.204620000000000024e-01 1.182000000000000108e-03 -9.204630000000000312e-01 -3.908289999999999820e-01 9.859999999999998974e-04
1.900000000000000000e+01 4.600000000000000000e+01 3.500000000000000000e+01 0.000000000000000000e+00 1.600000000000000089e+00 6.109999999999999980e-04 7.399999999999999894e-04 -1.000000000000000000e+00 3.911800000000000277e-01 -9.203139999999999654e-01 -4.420000000000000101e-04 -9.203139999999999654e-01 -3.911789999999999989e-01 -8.520000000000000013e-04
2.200000000000000000e+01 4.600000000000000000e+01 3.500000000000000000e+01 0.000000000000000000e+00 1.600000000000000089e+00 -1.420000000000000092e-04 2.743999999999999911e-03 -9.999959999999999960e-01 3.915409999999999724e-01 -9.201570000000000027e-01 -2.579999999999999828e-03 -9.201610000000000067e-01 -3.915399999999999991e-01 -9.439999999999999607e-04
2.600000000000000000e+01 4.600000000000000000e+01 3.500000000000000000e+01 0.000000000000000000e+00 1.600000000000000089e+00 -2.680000000000000090e-04 1.299999999999999920e-05 -1.000000000000000000e+00 3.916789999999999994e-01 -9.201019999999999754e-01 -1.169999999999999979e-04 -9.201019999999999754e-01 -3.916789999999999994e-01 2.410000000000000033e-04
1.200000000000000000e+01 3.000000000000000000e+00 4.300000000000000000e+01 0.000000000000000000e+00 1.600000000000000089e+00 -1.210000000000000002e-04 -9.742000000000000659e-03 -9.999529999999999808e-01 7.408460000000000045e-01 -6.716440000000000188e-01 6.453999999999999668e-03 -6.716750000000000220e-01 -7.408099999999999685e-01 7.297999999999999800e-03
1.800000000000000000e+01 3.000000000000000000e+00 4.300000000000000000e+01 0.000000000000000000e+00 1.600000000000000089e+00 -1.081400000000000070e-02 -2.792299999999999990e-02 -9.995519999999999960e-01 7.361830000000000318e-01 -6.766940000000000177e-01 1.093900000000000081e-02 -6.766959999999999642e-01 -7.357350000000000279e-01 2.787399999999999947e-02
2.200000000000000000e+01 3.000000000000000000e+00 4.300000000000000000e+01 0.000000000000000000e+00 1.600000000000000089e+00 2.059999999999999928e-04 -3.480500000000000260e-02 -9.993940000000000046e-01 7.339379999999999793e-01 -6.787999999999999590e-01 2.379099999999999965e-02 -6.792169999999999597e-01 -7.334979999999999833e-01 2.540600000000000150e-02
2.800000000000000000e+01 3.000000000000000000e+00 4.300000000000000000e+01 0.000000000000000000e+00 1.600000000000000089e+00 -3.857000000000000185e-03 -5.799000000000000335e-03 -9.999759999999999760e-01 7.371839999999999504e-01 -6.756910000000000416e-01 1.075000000000000001e-03 -6.756809999999999761e-01 -7.371619999999999839e-01 6.880999999999999964e-03
5.000000000000000000e+00 2.900000000000000000e+01 4.400000000000000000e+01 0.000000000000000000e+00 1.600000000000000089e+00 1.026999999999999918e-03 -2.130000000000000003e-04 -9.999989999999999712e-01 6.569549999999999557e-01 7.539289999999999603e-01 5.140000000000000254e-04 7.539289999999999603e-01 -6.569559999999999844e-01 9.139999999999999904e-04
1.000000000000000000e+01 2.900000000000000000e+01 4.400000000000000000e+01 0.000000000000000000e+00 1.600000000000000089e+00 6.880000000000000265e-04 -1.562999999999999936e-03 -9.999989999999999712e-01 6.513139999999999485e-01 7.588080000000000380e-01 -7.380000000000000492e-04 7.588080000000000380e-01 -6.513130000000000308e-01 1.539999999999999919e-03
1.700000000000000000e+01 2.900000000000000000e+01 4.400000000000000000e+01 0.000000000000000000e+00 1.600000000000000089e+00 -2.259999999999999910e-04 1.827000000000000065e-03 -9.999980000000000535e-01 6.481289999999999552e-01 7.615300000000000402e-01 1.245000000000000013e-03 7.615309999999999580e-01 -6.481270000000000087e-01 -1.356000000000000000e-03
2.500000000000000000e+01 2.900000000000000000e+01 4.400000000000000000e+01 0.000000000000000000e+00 1.600000000000000089e+00 -2.265999999999999785e-03 1.618999999999999996e-03 -9.999959999999999960e-01 6.501139999999999697e-01 7.598359999999999559e-01 -2.439999999999999949e-04 7.598329999999999806e-01 -6.501120000000000232e-01 -2.773999999999999990e-03
5.000000000000000000e+00 6.500000000000000000e+01 4.600000000000000000e+01 0.000000000000000000e+00 1.600000000000000089e+00 -4.809999999999999823e-04 -2.138999999999999842e-03 9.999980000000000535e-01 6.802449999999999886e-01 -7.329830000000000512e-01 -1.240000000000000000e-03 7.329839999999999689e-01 6.802430000000000421e-01 1.807999999999999928e-03
1.500000000000000000e+01 6.500000000000000000e+01 4.600000000000000000e+01 0.000000000000000000e+00 1.600000000000000089e+00 8.670000000000000406e-04 -4.211000000000000333e-03 9.999909999999999632e-01 6.820349999999999469e-01 -7.313100000000000156e-01 -3.670999999999999784e-03 7.313190000000000524e-01 6.820319999999999716e-01 2.237999999999999972e-03
1.300000000000000000e+01 7.000000000000000000e+01 4.700000000000000000e+01 0.000000000000000000e+00 1.600000000000000089e+00 -5.320000000000000293e-04 5.339999999999999695e-04 -1.000000000000000000e+00 -8.428330000000000544e-01 -5.381749999999999590e-01 1.610000000000000103e-04 -5.381749999999999590e-01 8.428330000000000544e-01 7.360000000000000006e-04
2.500000000000000000e+01 7.000000000000000000e+01 4.700000000000000000e+01 0.000000000000000000e+00 1.600000000000000089e+00 -7.950000000000000252e-04 -2.550999999999999882e-03 -9.999959999999999960e-01 -8.434819999999999540e-01 -5.371529999999999916e-01 2.040999999999999846e-03 -5.371559999999999668e-01 8.434810000000000363e-01 -1.724999999999999971e-03
4.000000000000000000e+00 5.000000000000000000e+00 5.100000000000000000e+01 0.000000000000000000e+00 1.600000000000000089e+00 2.900000000000000017e-04 1.966999999999999998e-03 -9.999980000000000535e-01 4.795780000000000043e-01 -8.774980000000000002e-01 -1.587000000000000086e-03 -8.774990000000000290e-01 -4.795760000000000023e-01 -1.198000000000000063e-03
6.000000000000000000e+00 5.000000000000000000e+00 5.100000000000000000e+01 0.000000000000000000e+00 1.600000000000000089e+00 7.259999999999999743e-04 6.289999999999999584e-03 -9.999799999999999800e-01 4.796360000000000068e-01 -8.774520000000000097e-01 -5.171000000000000249e-03 -8.774669999999999970e-01 -4.796219999999999928e-01 -3.652999999999999997e-03
1.400000000000000000e+01 5.000000000000000000e+00 5.100000000000000000e+01 0.000000000000000000e+00 1.600000000000000089e+00 7.010000000000000172e-04 -3.183000000000000065e-03 -9.999949999999999672e-01 4.724249999999999838e-01 -8.813649999999999540e-01 3.135999999999999899e-03 -8.813710000000000155e-01 -4.724249999999999838e-01 8.859999999999999603e-04
2.000000000000000000e+01 5.000000000000000000e+00 5.100000000000000000e+01 0.000000000000000000e+00 1.600000000000000089e+00 -5.683999999999999816e-03 -1.337999999999999953e-02 -9.998939999999999495e-01 4.825760000000000050e-01 -8.758080000000000309e-01 8.977000000000000604e-03 -8.758359999999999479e-01 -4.824740000000000140e-01 1.143500000000000072e-02
2.500000000000000000e+01 5.000000000000000000e+00 5.100000000000000000e+01 0.000000000000000000e+00 1.600000000000000089e+00 -2.337000000000000102e-03 -3.324000000000000132e-03 -9.999919999999999920e-01 4.859800000000000231e-01 -8.739679999999999671e-01 1.768999999999999956e-03 -8.739670000000000494e-01 -4.859720000000000151e-01 3.657999999999999793e-03
2.900000000000000000e+01 5.000000000000000000e+00 5.100000000000000000e+01 0.000000000000000000e+00 1.600000000000000089e+00 1.845999999999999985e-03 -7.399999999999999623e-05 -9.999980000000000535e-01 4.873580000000000134e-01 -8.732010000000000050e-01 9.640000000000000131e-04 -8.731999999999999762e-01 -4.873589999999999867e-01 -1.575999999999999927e-03
6.000000000000000000e+00 7.000000000000000000e+00 5.200000000000000000e+01 0.000000000000000000e+00 1.600000000000000089e+00 1.003999999999999901e-03 2.069000000000000093e-03 -9.999970000000000248e-01 1.178400000000000003e-01 -9.930309999999999970e-01 -1.936999999999999920e-03 -9.930320000000000258e-01 -1.178379999999999983e-01 -1.240999999999999916e-03
1.100000000000000000e+01 7.000000000000000000e+00 5.200000000000000000e+01 0.000000000000000000e+00 1.600000000000000089e+00 -6.080000000000000335e-04 3.000000000000000076e-05 -1.000000000000000000e+00 9.956199999999999772e-02 -9.950309999999999988e-01 -9.000000000000000567e-05 -9.950309999999999988e-01 -9.956199999999999772e-02 6.019999999999999961e-04
2.500000000000000000e+01 7.000000000000000000e+00 5.200000000000000000e+01 0.000000000000000000e+00 1.600000000000000089e+00 -2.776999999999999955e-03 -1.217999999999999899e-03 -9.999949999999999672e-01 1.147139999999999965e-01 -9.933980000000000032e-01 8.909999999999999734e-04 -9.933950000000000280e-01 -1.147109999999999935e-01 2.897999999999999968e-03
3.000000000000000000e+00 6.300000000000000000e+01 5.400000000000000000e+01 0.000000000000000000e+00 1.600000000000000089e+00 -1.149999999999999981e-03 1.472999999999999917e-03 9.999980000000000535e-01 -3.463530000000000220e-01 9.381030000000000202e-01 -1.779999999999999898e-03 -9.381040000000000489e-01 -3.463539999999999952e-01 -5.680000000000000370e-04
7.000000000000000000e+00 6.300000000000000000e+01 5.400000000000000000e+01 0.000000000000000000e+00 1.600000000000000089e+00 -1.083999999999999894e-03 3.890000000000000228e-04 9.999989999999999712e-01 -3.422069999999999834e-01 9.396240000000000148e-01 -7.370000000000000249e-04 -9.396240000000000148e-01 -3.422080000000000122e-01 -8.850000000000000444e-04
1.700000000000000000e+01 6.300000000000000000e+01 5.400000000000000000e+01 0.000000000000000000e+00 1.600000000000000089e+00 1.420000000000000038e-03 2.456999999999999983e-03 9.999959999999999960e-01 -3.310239999999999849e-01 9.436200000000000143e-01 -1.848000000000000033e-03 -9.436210000000000431e-01 -3.310199999999999809e-01 2.152999999999999966e-03
2.300000000000000000e+01 6.300000000000000000e+01 5.400000000000000000e+01 0.000000000000000000e+00 1.600000000000000089e+00 -1.994999999999999812e-03 -4.769999999999999934e-04 9.999980000000000535e-01 -3.352140000000000120e-01 9.421420000000000350e-01 -2.190000000000000106e-04 -9.421399999999999775e-01 -3.352140000000000120e-01 -2.040000000000000147e-03
2.800000000000000000e+01 6.300000000000000000e+01 5.400000000000000000e+01 0.000000000000000000e+00 1.600000000000000089e+00 -2.849999999999999886e-04 -3.396000000000000147e-03 9.999940000000000495e-01 -3.475110000000000143e-01 9.376710000000000322e-01 3.086000000000000201e-03 -9.376759999999999540e-01 -3.475079999999999836e-01 -1.446999999999999936e-03
3.000000000000000000e+00 2.500000000000000000e+01 5.500000000000000000e+01 0.000000000000000000e+00 1.600000000000000089e+00 -1.317000000000000028e-03 -1.056000000000000081e-03 -9.999989999999999712e-01 -1.171699999999999998e-02 -9.999310000000000143e-01 1.072000000000000036e-03 -9.999310000000000143e-01 1.171900000000000025e-02 1.304000000000000038e-03
1.000000000000000000e+01 2.500000000000000000e+01 5.500000000000000000e+01 0.000000000000000000e+00 1.600000000000000089e+00 1.814999999999999990e-03 8.614000000000000129e-03 -9.999609999999999888e-01 -1.111799999999999941e-02 -9.999010000000000398e-01 -8.633000000000000049e-03 -9.999369999999999647e-01 1.113300000000000053e-02 -1.719999999999999958e-03
2.100000000000000000e+01 2.500000000000000000e+01 5.500000000000000000e+01 0.000000000000000000e+00 1.600000000000000089e+00 -1.118000000000000070e-03 -1.257000000000000088e-03 -9.999989999999999712e-01 -9.409000000000000696e-03 -9.999550000000000383e-01 1.266999999999999897e-03 -9.999550000000000383e-01 9.409999999999999962e-03 1.105999999999999995e-03
8.000000000000000000e+00 2.100000000000000000e+01 6.000000000000000000e+01 0.000000000000000000e+00 1.600000000000000089e+00 2.233000000000000176e-03 -1.621300000000000172e-02 9.998660000000000325e-01 -9.389300000000000423e-02 9.954479999999999995e-01 1.635100000000000095e-02 -9.955800000000000205e-01 -9.391700000000000048e-02 7.010000000000000172e-04
1.200000000000000000e+01 2.100000000000000000e+01 6.000000000000000000e+01 0.000000000000000000e+00 1.600000000000000089e+00 -2.530000000000000239e-04 -9.039999999999999425e-03 9.999590000000000423e-01 -9.060899999999999510e-02 9.958460000000000090e-01 8.978999999999999135e-03 -9.958869999999999667e-01 -9.060300000000000298e-02 -1.072000000000000036e-03
1.600000000000000000e+01 2.100000000000000000e+01 6.000000000000000000e+01 0.000000000000000000e+00 1.600000000000000089e+00 -1.716999999999999993e-03 -3.089999999999999756e-04 9.999989999999999712e-01 -8.935800000000000687e-02 9.959999999999999964e-01 1.540000000000000028e-04 -9.959980000000000500e-01 -8.935800000000000687e-02 -1.737999999999999962e-03
2.200000000000000000e+01 2.100000000000000000e+01 6.000000000000000000e+01 0.000000000000000000e+00 1.600000000000000089e+00 1.402999999999999950e-03 1.100300000000000063e-02 9.999379999999999935e-01 -8.982900000000000607e-02 9.958979999999999499e-01 -1.083199999999999961e-02 -9.959559999999999524e-01 -8.980799999999999894e-02 2.386000000000000100e-03
2.600000000000000000e+01 2.100000000000000000e+01 6.000000000000000000e+01 0.000000000000000000e+00 1.600000000000000089e+00 8.800000000000000530e-03 -6.969999999999999633e-03 9.999369999999999647e-01 -9.210400000000000531e-02 9.957190000000000207e-01 7.751000000000000077e-03 -9.957099999999999840e-01 -9.216699999999999893e-02 8.120999999999999747e-03
2.000000000000000000e+01 3.000000000000000000e+00 6.300000000000000000e+01 0.000000000000000000e+00 1.600000000000000089e+00 -1.188999999999999953e-03 -8.776000000000000814e-03 9.999609999999999888e-01 -6.144190000000000484e-01 7.889559999999999906e-01 6.193999999999999853e-03 -7.889789999999999859e-01 -6.143870000000000164e-01 -6.329999999999999689e-03
3.000000000000000000e+00 1.200000000000000000e+01 6.300000000000000000e+01 0.000000000000000000e+00 1.600000000000000089e+00 7.517000000000000244e-03 -1.057999999999999913e-03 -9.999710000000000543e-01 -1.533289999999999931e-01 -9.881750000000000256e-01 -1.069999999999999988e-04 -9.881469999999999976e-01 1.533249999999999891e-01 -7.590000000000000392e-03
3.000000000000000000e+00 2.700000000000000000e+01 6.300000000000000000e+01 0.000000000000000000e+00 1.600000000000000089e+00 6.480000000000000300e-04 -1.289999999999999914e-03 9.999989999999999712e-01 -2.722950000000000093e-01 9.622129999999999850e-01 1.417000000000000074e-03 -9.622140000000000137e-01 -2.722959999999999825e-01 2.719999999999999979e-04
6.000000000000000000e+00 2.700000000000000000e+01 6.300000000000000000e+01 0.000000000000000000e+00 1.600000000000000089e+00 1.484999999999999992e-03 -1.206000000000000041e-03 9.999980000000000535e-01 -2.715859999999999941e-01 9.624129999999999630e-01 1.564000000000000069e-03 -9.624129999999999630e-01 -2.715879999999999961e-01 1.100999999999999982e-03
1.200000000000000000e+01 2.700000000000000000e+01 6.300000000000000000e+01 0.000000000000000000e+00 1.600000000000000089e+00 3.105999999999999820e-03 8.963000000000000481e-03 9.999550000000000383e-01 -2.679699999999999860e-01 9.633960000000000301e-01 -7.803000000000000040e-03 -9.634220000000000006e-01 -2.679340000000000055e-01 5.394000000000000357e-03
1.600000000000000000e+01 2.700000000000000000e+01 6.300000000000000000e+01 0.000000000000000000e+00 1.600000000000000089e+00 -2.318999999999999881e-03 -6.165999999999999606e-03 9.999780000000000335e-01 -2.658510000000000040e-01 9.639999999999999680e-01 5.327000000000000138e-03 -9.640109999999999513e-01 -2.658320000000000127e-01 -3.874999999999999972e-03
2.400000000000000000e+01 2.700000000000000000e+01 6.300000000000000000e+01 0.000000000000000000e+00 1.600000000000000089e+00 1.239000000000000084e-03 -4.429999999999999910e-03 9.999890000000000168e-01 -2.736910000000000176e-01 9.618069999999999675e-01 4.599999999999999922e-03 -9.618170000000000330e-01 -2.736939999999999928e-01 -2.099999999999999884e-05
2.900000000000000000e+01 2.700000000000000000e+01 6.300000000000000000e+01 0.000000000000000000e+00 1.600000000000000089e+00 -4.809999999999999823e-04 -4.453000000000000361e-03 9.999900000000000455e-01 -2.837180000000000257e-01 9.588989999999999458e-01 4.133000000000000389e-03 -9.589079999999999826e-01 -2.837129999999999930e-01 -1.724999999999999971e-03
3.000000000000000000e+00 2.600000000000000000e+01 6.400000000000000000e+01 0.000000000000000000e+00 1.600000000000000089e+00 6.319999999999999663e-04 -1.224000000000000045e-03 9.999989999999999712e-01 -3.523780000000000245e-01 9.358570000000000499e-01 1.368000000000000075e-03 -9.358579999999999677e-01 -3.523780000000000245e-01 1.600000000000000131e-04
7.000000000000000000e+00 2.600000000000000000e+01 6.400000000000000000e+01 0.000000000000000000e+00 1.600000000000000089e+00 1.871999999999999966e-03 3.179999999999999776e-04 9.999980000000000535e-01 -3.513669999999999849e-01 9.362380000000000146e-01 3.600000000000000227e-04 -9.362359999999999571e-01 -3.513669999999999849e-01 1.863999999999999988e-03
1.100000000000000000e+01 2.600000000000000000e+01 6.400000000000000000e+01 0.000000000000000000e+00 1.600000000000000089e+00 1.451000000000000033e-03 6.432000000000000217e-03 9.999780000000000335e-01 -3.490570000000000062e-01 9.370849999999999458e-01 -5.520999999999999866e-03 -9.371000000000000441e-01 -3.490420000000000189e-01 3.605000000000000131e-03
1.500000000000000000e+01 2.600000000000000000e+01 6.400000000000000000e+01 0.000000000000000000e+00 1.600000000000000089e+00 -3.490000000000000263e-04 -4.714000000000000308e-03 9.999890000000000168e-01 -3.468860000000000277e-01 9.378969999999999807e-01 4.300000000000000003e-03 -9.379070000000000462e-01 -3.468809999999999949e-01 -1.962000000000000202e-03
2.000000000000000000e+01 2.600000000000000000e+01 6.400000000000000000e+01 0.000000000000000000e+00 1.600000000000000089e+00 5.710000000000000015e-04 -1.342899999999999996e-02 9.999099999999999655e-01 -3.541119999999999823e-01 9.351159999999999473e-01 1.276099999999999977e-02 -9.352030000000000065e-01 -3.540869999999999851e-01 -4.220999999999999926e-03
2.900000000000000000e+01 2.600000000000000000e+01 6.400000000000000000e+01 0.000000000000000000e+00 1.600000000000000089e+00 2.265999999999999785e-03 -5.590000000000000351e-04 9.999970000000000248e-01 -3.686169999999999725e-01 9.295809999999999906e-01 1.356000000000000000e-03 -9.295790000000000441e-01 -3.686189999999999745e-01 1.900999999999999912e-03
5.000000000000000000e+00 6.900000000000000000e+01 6.600000000000000000e+01 0.000000000000000000e+00 1.600000000000000089e+00 2.778999999999999786e-03 -4.355999999999999629e-03 9.999869999999999592e-01 -9.490680000000000227e-01 3.150470000000000215e-01 4.009999999999999676e-03 -3.150600000000000067e-01 -9.490659999999999652e-01 -3.259000000000000178e-03
5.000000000000000000e+00 2.500000000000000000e+01 7.300000000000000000e+01 0.000000000000000000e+00 1.600000000000000089e+00 -2.174000000000000151e-03 -3.572999999999999787e-03 9.999909999999999632e-01 7.456650000000000222e-01 -6.663200000000000234e-01 -7.600000000000000418e-04 6.663170000000000481e-01 7.456570000000000142e-01 4.112000000000000204e-03
1.100000000000000000e+01 2.500000000000000000e+01 7.300000000000000000e+01 0.000000000000000000e+00 1.600000000000000089e+00 3.951999999999999784e-03 1.508000000000000009e-03 9.999909999999999632e-01 7.503140000000000365e-01 -6.610789999999999722e-01 -1.968000000000000131e-03 6.610700000000000465e-01 7.503149999999999542e-01 -3.745000000000000065e-03
1.700000000000000000e+01 2.500000000000000000e+01 7.300000000000000000e+01 0.000000000000000000e+00 1.600000000000000089e+00 -3.436999999999999951e-03 8.045000000000000068e-03 9.999620000000000175e-01 7.535450000000000204e-01 -6.573489999999999611e-01 7.879000000000000586e-03 6.573870000000000546e-01 7.535429999999999628e-01 -3.802999999999999957e-03
2.200000000000000000e+01 2.500000000000000000e+01 7.300000000000000000e+01 0.000000000000000000e+00 1.600000000000000089e+00 -1.270999999999999994e-03 -7.014000000000000269e-03 9.999749999999999472e-01 7.445800000000000196e-01 -6.675229999999999775e-01 -3.736000000000000171e-03 6.675320000000000142e-01 7.445559999999999956e-01 6.071000000000000008e-03
2.800000000000000000e+01 2.500000000000000000e+01 7.300000000000000000e+01 0.000000000000000000e+00 1.600000000000000089e+00 3.938999999999999793e-03 1.975999999999999892e-03 9.999900000000000455e-01 7.492400000000000171e-01 -6.622959999999999958e-01 -1.642999999999999929e-03 6.622869999999999591e-01 7.492400000000000171e-01 -4.088999999999999753e-03
6.000000000000000000e+00 4.400000000000000000e+01 7.300000000000000000e+01 0.000000000000000000e+00 1.600000000000000089e+00 4.640000000000000027e-04 -8.189999999999999581e-04 1.000000000000000000e+00 4.725100000000000133e-02 -9.988829999999999654e-01 -8.400000000000000348e-04 9.988829999999999654e-01 4.725100000000000133e-02 -4.249999999999999763e-04
