2.200000000000000000e+01 2.500000000000000000e+01 1.000000000000000000e+00 0.000000000000000000e+00 1.600000000000000089e+00 1.809999999999999977e-03 4.911999999999999700e-03 -9.999860000000000415e-01 -5.301050000000000484e-01 -8.479160000000000030e-01 -5.125000000000000215e-03 -8.479299999999999615e-01 5.301069999999999949e-01 1.069000000000000072e-03
3.000000000000000000e+01 2.500000000000000000e+01 1.000000000000000000e+00 0.000000000000000000e+00 1.600000000000000089e+00 2.023000000000000059e-03 -8.552000000000000574e-03 -9.999609999999999888e-01 -5.342569999999999819e-01 -8.453000000000000513e-01 6.147999999999999819e-03 -8.453199999999999603e-01 5.342240000000000322e-01 -6.278999999999999859e-03
1.200000000000000000e+01 1.500000000000000000e+01 4.000000000000000000e+00 0.000000000000000000e+00 1.600000000000000089e+00 2.664000000000000135e-03 1.310500000000000033e-02 9.999109999999999943e-01 2.946730000000000183e-01 -9.555259999999999865e-01 1.173800000000000017e-02 9.555940000000000545e-01 2.946150000000000158e-01 -6.407000000000000368e-03
2.000000000000000000e+01 1.500000000000000000e+01 4.000000000000000000e+00 0.000000000000000000e+00 1.600000000000000089e+00 1.730999999999999900e-03 2.348999999999999960e-03 9.999959999999999960e-01 3.013040000000000163e-01 -9.535270000000000135e-01 1.719000000000000042e-03 9.535259999999999847e-01 3.013000000000000123e-01 -2.357999999999999853e-03
3.000000000000000000e+01 1.500000000000000000e+01 4.000000000000000000e+00 0.000000000000000000e+00 1.600000000000000089e+00 -5.479999999999999628e-03 -6.627000000000000078e-03 9.999630000000000463e-01 2.929309999999999969e-01 -9.561220000000000274e-01 -4.730999999999999962e-03 9.561180000000000234e-01 2.928950000000000164e-01 7.180999999999999883e-03
8.000000000000000000e+00 1.600000000000000000e+01 4.000000000000000000e+00 0.000000000000000000e+00 1.600000000000000089e+00 -2.090000000000000115e-04 1.008000000000000042e-02 9.999489999999999768e-01 3.698270000000000168e-01 -9.290530000000000177e-01 9.442000000000000740e-03 9.291009999999999547e-01 3.698100000000000276e-01 -3.533999999999999815e-03
6.000000000000000000e+00 1.010000000000000000e+02 7.000000000000000000e+00 0.000000000000000000e+00 1.600000000000000089e+00 -9.330000000000000186e-04 1.051000000000000024e-02 9.999440000000000550e-01 8.835690000000000488e-01 4.682819999999999760e-01 -4.096999999999999947e-03 -4.682990000000000208e-01 8.835159999999999680e-01 -9.723000000000000739e-03
1.100000000000000000e+01 1.010000000000000000e+02 7.000000000000000000e+00 0.000000000000000000e+00 1.600000000000000089e+00 2.716000000000000098e-03 -1.882999999999999908e-03 9.999949999999999672e-01 8.830829999999999513e-01 4.692149999999999932e-01 -1.515000000000000071e-03 -4.692089999999999872e-01 8.830820000000000336e-01 2.938000000000000073e-03
2.100000000000000000e+01 1.010000000000000000e+02 7.000000000000000000e+00 0.000000000000000000e+00 1.600000000000000089e+00 -5.100000000000000366e-04 -9.065000000000000141e-03 9.999590000000000423e-01 8.876190000000000468e-01 4.605549999999999922e-01 4.627000000000000036e-03 -4.605779999999999874e-01 8.875849999999999573e-01 7.811000000000000235e-03
2.500000000000000000e+01 1.010000000000000000e+02 7.000000000000000000e+00 0.000000000000000000e+00 1.600000000000000089e+00 -2.599999999999999881e-03 -1.863999999999999988e-03 9.999949999999999672e-01 8.886129999999999862e-01 4.586470000000000269e-01 3.164999999999999845e-03 -4.586500000000000021e-01 8.886169999999999902e-01 4.640000000000000027e-04
1.500000000000000000e+01 1.500000000000000000e+01 8.000000000000000000e+00 0.000000000000000000e+00 1.600000000000000089e+00 8.310000000000000329e-04 1.101300000000000022e-02 -9.999390000000000223e-01 -5.920020000000000282e-01 -8.058819999999999872e-01 -9.367999999999999591e-03 -8.059359999999999857e-01 5.919740000000000002e-01 5.851000000000000298e-03
3.000000000000000000e+00 2.400000000000000000e+01 9.000000000000000000e+00 0.000000000000000000e+00 1.600000000000000089e+00 -1.879999999999999890e-04 1.097000000000000102e-03 -9.999989999999999712e-01 4.532019999999999937e-01 8.914069999999999494e-01 8.930000000000000221e-04 8.914079999999999782e-01 -4.532010000000000205e-01 -6.639999999999999852e-04
1.200000000000000000e+01 2.400000000000000000e+01 9.000000000000000000e+00 0.000000000000000000e+00 1.600000000000000089e+00 -8.800000000000000313e-04 -5.569000000000000165e-03 -9.999839999999999840e-01 4.538329999999999864e-01 8.910709999999999464e-01 -5.361999999999999579e-03 8.910860000000000447e-01 -4.538300000000000112e-01 1.742999999999999975e-03
1.800000000000000000e+01 2.400000000000000000e+01 9.000000000000000000e+00 0.000000000000000000e+00 1.600000000000000089e+00 -1.757000000000000098e-03 -8.330999999999999864e-03 -9.999639999999999640e-01 4.546200000000000241e-01 8.906479999999999952e-01 -8.219000000000000611e-03 8.906840000000000312e-01 -4.546180000000000221e-01 2.222000000000000017e-03
2.400000000000000000e+01 2.400000000000000000e+01 9.000000000000000000e+00 0.000000000000000000e+00 1.600000000000000089e+00 -2.203999999999999796e-03 -9.129999999999999227e-03 -9.999559999999999560e-01 4.555890000000000217e-01 8.901440000000000463e-01 -9.131999999999999493e-03 8.901879999999999793e-01 -4.555890000000000217e-01 2.197000000000000168e-03
4.000000000000000000e+00 3.100000000000000000e+01 1.200000000000000000e+01 0.000000000000000000e+00 1.600000000000000089e+00 9.060000000000000128e-04 -1.093000000000000005e-03 9.999989999999999712e-01 3.366000000000000068e-03 9.999940000000000495e-01 1.090000000000000040e-03 -9.999940000000000495e-01 3.364999999999999936e-03 9.100000000000000016e-04
1.800000000000000000e+01 3.100000000000000000e+01 1.200000000000000000e+01 0.000000000000000000e+00 1.600000000000000089e+00 3.829999999999999854e-04 -4.186999999999999750e-03 9.999909999999999632e-01 7.936000000000000346e-03 9.999599999999999600e-01 4.184000000000000219e-03 -9.999679999999999680e-01 7.934000000000000080e-03 4.159999999999999744e-04
2.500000000000000000e+01 3.100000000000000000e+01 1.200000000000000000e+01 0.000000000000000000e+00 1.600000000000000089e+00 1.139000000000000038e-03 -4.052000000000000046e-03 9.999909999999999632e-01 4.231999999999999651e-03 9.999829999999999552e-01 4.047000000000000250e-03 -9.999900000000000455e-01 4.227999999999999987e-03 1.155999999999999910e-03
1.300000000000000000e+01 3.200000000000000000e+01 1.400000000000000000e+01 0.000000000000000000e+00 1.600000000000000089e+00 7.309999999999999875e-04 2.910000000000000260e-04 -1.000000000000000000e+00 1.009700000000000042e-01 9.948890000000000233e-01 3.629999999999999872e-04 9.948890000000000233e-01 -1.009700000000000042e-01 6.980000000000000527e-04
5.000000000000000000e+00 1.200000000000000000e+01 1.500000000000000000e+01 0.000000000000000000e+00 1.600000000000000089e+00 4.435999999999999839e-03 3.621000000000000087e-03 -9.999839999999999840e-01 -4.689650000000000207e-01 -8.832010000000000138e-01 -5.278999999999999838e-03 -8.832050000000000178e-01 4.689809999999999812e-01 -2.220000000000000185e-03
1.000000000000000000e+01 1.200000000000000000e+01 1.500000000000000000e+01 0.000000000000000000e+00 1.600000000000000089e+00 2.349999999999999930e-04 3.050000000000000194e-03 -9.999949999999999672e-01 -4.710360000000000102e-01 -8.821099999999999497e-01 -2.801000000000000104e-03 -8.821139999999999537e-01 4.710340000000000082e-01 1.229000000000000058e-03
1.800000000000000000e+01 1.200000000000000000e+01 1.500000000000000000e+01 0.000000000000000000e+00 1.600000000000000089e+00 -9.790000000000000525e-04 2.480000000000000108e-04 -1.000000000000000000e+00 -4.687009999999999788e-01 -8.833569999999999478e-01 2.400000000000000061e-04 -8.833560000000000301e-01 4.687009999999999788e-01 9.810000000000001011e-04
2.800000000000000000e+01 1.200000000000000000e+01 1.500000000000000000e+01 0.000000000000000000e+00 1.600000000000000089e+00 -2.110000000000000059e-04 -4.939999999999999730e-04 -1.000000000000000000e+00 -4.667040000000000077e-01 -8.844140000000000335e-01 5.349999999999999938e-04 -8.844140000000000335e-01 4.667040000000000077e-01 -4.399999999999999886e-05
6.000000000000000000e+00 1.100000000000000000e+01 1.600000000000000000e+01 0.000000000000000000e+00 1.600000000000000089e+00 3.591000000000000008e-03 4.314000000000000126e-03 -9.999839999999999840e-01 -4.168939999999999868e-01 -9.089390000000000525e-01 -5.418000000000000073e-03 -9.089479999999999782e-01 4.169070000000000276e-01 -1.466000000000000072e-03
1.400000000000000000e+01 1.100000000000000000e+01 1.600000000000000000e+01 0.000000000000000000e+00 1.600000000000000089e+00 -8.599999999999999789e-04 -2.358999999999999986e-03 -9.999970000000000248e-01 -4.166830000000000256e-01 -9.090479999999999672e-01 2.501999999999999884e-03 -9.090510000000000534e-01 4.166839999999999988e-01 -2.010000000000000068e-04
1.700000000000000000e+01 1.100000000000000000e+01 1.600000000000000000e+01 0.000000000000000000e+00 1.600000000000000089e+00 -1.036999999999999944e-03 -5.879999999999999810e-04 -9.999989999999999712e-01 -4.169820000000000193e-01 -9.089139999999999997e-01 9.669999999999999776e-04 -9.089139999999999997e-01 4.169829999999999925e-01 6.970000000000000284e-04
2.100000000000000000e+01 1.100000000000000000e+01 1.600000000000000000e+01 0.000000000000000000e+00 1.600000000000000089e+00 -1.093000000000000005e-03 3.722000000000000048e-03 -9.999919999999999920e-01 -4.185479999999999756e-01 -9.081900000000000528e-01 -2.922999999999999817e-03 -9.081939999999999458e-01 4.185420000000000251e-01 2.550999999999999882e-03
5.000000000000000000e+00 1.160000000000000000e+02 1.600000000000000000e+01 0.000000000000000000e+00 1.600000000000000089e+00 -7.519999999999999558e-04 2.187999999999999841e-03 9.999970000000000248e-01 7.195110000000000117e-01 6.944799999999999862e-01 -9.779999999999999197e-04 -6.944799999999999862e-01 7.195080000000000364e-01 -2.096999999999999906e-03
1.900000000000000000e+01 1.160000000000000000e+02 1.600000000000000000e+01 0.000000000000000000e+00 1.600000000000000089e+00 1.559999999999999972e-03 1.887999999999999921e-03 9.999970000000000248e-01 6.942939999999999667e-01 7.196879999999999944e-01 -2.442000000000000160e-03 -7.196900000000000519e-01 6.942949999999999955e-01 -1.879999999999999890e-04
6.000000000000000000e+00 2.000000000000000000e+00 1.900000000000000000e+01 0.000000000000000000e+00 1.600000000000000089e+00 2.844999999999999873e-03 5.641000000000000181e-03 -9.999799999999999800e-01 1.910630000000000106e-01 -9.815650000000000208e-01 -4.993000000000000042e-03 -9.815739999999999466e-01 -1.910449999999999926e-01 -3.870999999999999875e-03
1.000000000000000000e+01 2.000000000000000000e+00 1.900000000000000000e+01 0.000000000000000000e+00 1.600000000000000089e+00 1.981999999999999821e-03 -1.632999999999999903e-03 -9.999970000000000248e-01 1.894230000000000080e-01 -9.818940000000000445e-01 1.978999999999999856e-03 -9.818940000000000445e-01 -1.894270000000000120e-01 -1.637000000000000000e-03
1.400000000000000000e+01 2.000000000000000000e+00 1.900000000000000000e+01 0.000000000000000000e+00 1.600000000000000089e+00 -1.946000000000000030e-03 9.160000000000000390e-04 -9.999980000000000535e-01 1.862439999999999929e-01 -9.825030000000000152e-01 -1.262000000000000101e-03 -9.825019999999999865e-01 -1.862459999999999949e-01 1.742000000000000059e-03
1.800000000000000000e+01 2.000000000000000000e+00 1.900000000000000000e+01 0.000000000000000000e+00 1.600000000000000089e+00 -3.798999999999999860e-03 7.979999999999999897e-04 -9.999919999999999920e-01 1.835330000000000017e-01 -9.830119999999999969e-01 -1.482000000000000027e-03 -9.830060000000000464e-01 -1.835370000000000057e-01 3.588000000000000043e-03
2.300000000000000000e+01 2.000000000000000000e+00 1.900000000000000000e+01 0.000000000000000000e+00 1.600000000000000089e+00 3.939999999999999817e-04 -7.603999999999999648e-03 -9.999710000000000543e-01 1.791669999999999929e-01 -9.837900000000000533e-01 7.551000000000000420e-03 -9.838189999999999991e-01 -1.791649999999999909e-01 9.749999999999999552e-04
2.000000000000000000e+00 4.000000000000000000e+00 2.000000000000000000e+01 0.000000000000000000e+00 1.600000000000000089e+00 7.529999999999999801e-04 1.012000000000000052e-02 -9.999489999999999768e-01 2.906940000000000079e-01 -9.567689999999999806e-01 -9.464000000000000190e-03 -9.568159999999999998e-01 -2.906719999999999859e-01 -3.661999999999999891e-03
1.200000000000000000e+01 4.000000000000000000e+00 2.000000000000000000e+01 0.000000000000000000e+00 1.600000000000000089e+00 2.162999999999999992e-03 1.620000000000000075e-04 -9.999980000000000535e-01 2.841549999999999909e-01 -9.587780000000000191e-01 4.600000000000000139e-04 -9.587759999999999616e-01 -2.841549999999999909e-01 -2.119999999999999923e-03
1.800000000000000000e+01 4.000000000000000000e+00 2.000000000000000000e+01 0.000000000000000000e+00 1.600000000000000089e+00 -5.786999999999999610e-03 3.246999999999999886e-03 -9.999780000000000335e-01 2.758700000000000041e-01 -9.611830000000000096e-01 -4.717999999999999972e-03 -9.611779999999999768e-01 -2.758909999999999973e-01 4.667000000000000141e-03
2.200000000000000000e+01 4.000000000000000000e+00 2.000000000000000000e+01 0.000000000000000000e+00 1.600000000000000089e+00 -2.269999999999999882e-03 -9.374000000000000388e-03 -9.999540000000000095e-01 2.809940000000000215e-01 -9.596729999999999983e-01 8.358000000000000845e-03 -9.597069999999999768e-01 -2.809619999999999895e-01 4.812999999999999570e-03
2.000000000000000000e+00 1.300000000000000000e+01 2.000000000000000000e+01 0.000000000000000000e+00 1.600000000000000089e+00 1.428999999999999932e-03 1.606000000000000006e-03 9.999980000000000535e-01 2.539359999999999951e-01 9.672190000000000509e-01 -1.915999999999999951e-03 -9.672199999999999687e-01 2.539379999999999971e-01 9.740000000000000394e-04
7.000000000000000000e+00 1.300000000000000000e+01 2.000000000000000000e+01 0.000000000000000000e+00 1.600000000000000089e+00 1.159000000000000091e-03 -3.699000000000000031e-03 9.999919999999999920e-01 2.551419999999999799e-01 9.668980000000000352e-01 3.281000000000000062e-03 -9.669029999999999569e-01 2.551359999999999739e-01 2.063999999999999863e-03
1.200000000000000000e+01 1.300000000000000000e+01 2.000000000000000000e+01 0.000000000000000000e+00 1.600000000000000089e+00 -1.221000000000000080e-03 1.498999999999999898e-03 9.999980000000000535e-01 2.560660000000000158e-01 9.666590000000000460e-01 -1.136999999999999990e-03 -9.666590000000000460e-01 2.560640000000000138e-01 -1.564000000000000069e-03
1.900000000000000000e+01 1.300000000000000000e+01 2.000000000000000000e+01 0.000000000000000000e+00 1.600000000000000089e+00 -4.629999999999999784e-04 -8.100000000000000375e-05 1.000000000000000000e+00 2.526720000000000077e-01 9.675519999999999676e-01 1.959999999999999937e-04 -9.675519999999999676e-01 2.526720000000000077e-01 -4.270000000000000249e-04
2.600000000000000000e+01 1.300000000000000000e+01 2.000000000000000000e+01 0.000000000000000000e+00 1.600000000000000089e+00 -5.959999999999999586e-04 -3.206000000000000082e-03 9.999949999999999672e-01 2.547599999999999865e-01 9.669990000000000530e-01 3.252000000000000116e-03 -9.670039999999999747e-01 2.547610000000000152e-01 2.410000000000000033e-04
3.000000000000000000e+00 1.600000000000000000e+01 2.100000000000000000e+01 0.000000000000000000e+00 1.600000000000000089e+00 1.147000000000000016e-03 3.569000000000000124e-03 9.999930000000000208e-01 2.969019999999999992e-01 9.549009999999999998e-01 -3.748000000000000029e-03 -9.549069999999999503e-01 2.969040000000000012e-01 3.600000000000000091e-05
1.100000000000000000e+01 1.600000000000000000e+01 2.100000000000000000e+01 0.000000000000000000e+00 1.600000000000000089e+00 -1.428999999999999932e-03 -1.704999999999999918e-03 9.999980000000000535e-01 2.977929999999999744e-01 9.546280000000000321e-01 2.053000000000000137e-03 -9.546289999999999498e-01 2.977960000000000051e-01 -8.570000000000000144e-04
1.500000000000000000e+01 1.600000000000000000e+01 2.100000000000000000e+01 0.000000000000000000e+00 1.600000000000000089e+00 -1.118999999999999986e-03 4.000000000000000083e-03 9.999909999999999632e-01 2.980240000000000111e-01 9.545519999999999561e-01 -3.484999999999999817e-03 -9.545580000000000176e-01 2.980180000000000051e-01 -2.259999999999999856e-03
1.900000000000000000e+01 1.600000000000000000e+01 2.100000000000000000e+01 0.000000000000000000e+00 1.600000000000000089e+00 -5.890000000000000053e-04 2.148999999999999869e-03 9.999970000000000248e-01 2.966539999999999733e-01 9.549830000000000263e-01 -1.876999999999999979e-03 -9.549849999999999728e-01 2.966520000000000268e-01 -1.199999999999999895e-03
2.700000000000000000e+01 1.600000000000000000e+01 2.100000000000000000e+01 0.000000000000000000e+00 1.600000000000000089e+00 -7.389999999999999651e-04 -5.408999999999999746e-03 9.999850000000000128e-01 2.967290000000000205e-01 9.549469999999999903e-01 5.383999999999999897e-03 -9.549619999999999775e-01 2.967279999999999918e-01 8.989999999999999511e-04
1.000000000000000000e+01 3.000000000000000000e+00 2.500000000000000000e+01 0.000000000000000000e+00 1.600000000000000089e+00 -9.550000000000000112e-04 -8.540000000000000499e-04 9.999989999999999712e-01 -4.388700000000000240e-02 -9.990360000000000351e-01 -8.949999999999999623e-04 9.990360000000000351e-01 -4.388700000000000240e-02 9.160000000000000390e-04
1.400000000000000000e+01 3.000000000000000000e+00 2.500000000000000000e+01 0.000000000000000000e+00 1.600000000000000089e+00 -3.481000000000000153e-03 1.299999999999999940e-03 9.999930000000000208e-01 -3.786099999999999882e-02 -9.992820000000000036e-01 1.167000000000000069e-03 9.992769999999999708e-01 -3.785600000000000076e-02 3.527999999999999886e-03
2.100000000000000000e+01 3.000000000000000000e+00 2.500000000000000000e+01 0.000000000000000000e+00 1.600000000000000089e+00 2.272000000000000148e-03 3.190999999999999826e-03 9.999919999999999920e-01 -3.919500000000000067e-02 -9.992259999999999476e-01 3.278000000000000098e-03 9.992290000000000338e-01 -3.920200000000000073e-02 -2.145000000000000205e-03
9.000000000000000000e+00 4.600000000000000000e+01 2.700000000000000000e+01 0.000000000000000000e+00 1.600000000000000089e+00 2.573999999999999899e-03 2.543000000000000121e-03 -9.999930000000000208e-01 6.597809999999999508e-01 7.514490000000000336e-01 3.609999999999999928e-03 7.514539999999999553e-01 -6.597859999999999836e-01 2.559999999999999884e-04
2.000000000000000000e+01 4.600000000000000000e+01 2.700000000000000000e+01 0.000000000000000000e+00 1.600000000000000089e+00 2.113999999999999994e-03 1.815999999999999906e-03 -9.999959999999999960e-01 6.629270000000000440e-01 7.486789999999999834e-01 2.760999999999999999e-03 7.486810000000000409e-01 -6.629300000000000193e-01 3.789999999999999966e-04
2.800000000000000000e+01 4.600000000000000000e+01 2.700000000000000000e+01 0.000000000000000000e+00 1.600000000000000089e+00 -1.861000000000000024e-03 -3.563000000000000195e-03 -9.999919999999999920e-01 6.596429999999999794e-01 7.515690000000000426e-01 -3.905000000000000051e-03 7.515770000000000506e-01 -6.596440000000000081e-01 9.510000000000000224e-04
1.300000000000000000e+01 5.800000000000000000e+01 3.100000000000000000e+01 0.000000000000000000e+00 1.600000000000000089e+00 -2.098000000000000038e-03 3.645999999999999935e-03 9.999909999999999632e-01 -7.949450000000000127e-01 -6.066810000000000258e-01 5.439999999999999957e-04 6.066780000000000506e-01 -7.949370000000000047e-01 4.172000000000000361e-03
1.900000000000000000e+01 5.800000000000000000e+01 3.100000000000000000e+01 0.000000000000000000e+00 1.600000000000000089e+00 7.820000000000000345e-04 3.609999999999999928e-04 1.000000000000000000e+00 -7.947560000000000180e-01 -6.069280000000000230e-01 8.400000000000000348e-04 6.069280000000000230e-01 -7.947570000000000467e-01 -1.879999999999999890e-04
2.300000000000000000e+01 5.800000000000000000e+01 3.100000000000000000e+01 0.000000000000000000e+00 1.600000000000000089e+00 1.469999999999999953e-03 5.079999999999999880e-04 9.999989999999999712e-01 -7.951829999999999732e-01 -6.063680000000000181e-01 1.477000000000000014e-03 6.063680000000000181e-01 -7.951840000000000019e-01 -4.870000000000000197e-04
2.900000000000000000e+01 5.800000000000000000e+01 3.100000000000000000e+01 0.000000000000000000e+00 1.600000000000000089e+00 -7.709999999999999840e-04 1.252000000000000075e-03 9.999989999999999712e-01 -7.917229999999999546e-01 -6.108799999999999786e-01 1.550000000000000000e-04 6.108789999999999498e-01 -7.917220000000000368e-01 1.461999999999999975e-03
2.300000000000000000e+01 6.000000000000000000e+00 3.200000000000000000e+01 0.000000000000000000e+00 1.600000000000000089e+00 -2.187000000000000142e-03 -6.019000000000000045e-03 -9.999789999999999512e-01 1.378969999999999918e-01 9.904269999999999463e-01 -6.263000000000000338e-03 9.904439999999999911e-01 -1.379080000000000028e-01 -1.335999999999999948e-03
2.900000000000000000e+01 6.000000000000000000e+00 3.200000000000000000e+01 0.000000000000000000e+00 1.600000000000000089e+00 -2.724999999999999992e-03 -8.989999999999999511e-04 -9.999959999999999960e-01 1.385339999999999905e-01 9.903570000000000428e-01 -1.268000000000000030e-03 9.903539999999999566e-01 -1.385369999999999935e-01 -2.575000000000000032e-03
4.000000000000000000e+00 5.900000000000000000e+01 3.200000000000000000e+01 0.000000000000000000e+00 1.600000000000000089e+00 1.789000000000000009e-03 5.784000000000000079e-03 9.999820000000000375e-01 -6.907450000000000534e-01 -7.230779999999999985e-01 5.418000000000000073e-03 7.230969999999999898e-01 -6.907419999999999671e-01 2.701999999999999975e-03
4.000000000000000000e+00 4.600000000000000000e+01 3.500000000000000000e+01 0.000000000000000000e+00 1.600000000000000089e+00 8.369999999999999619e-04 -3.899999999999999929e-05 -1.000000000000000000e+00 3.841280000000000250e-01 -9.232799999999999896e-01 3.579999999999999741e-04 -9.232799999999999896e-01 -3.841280000000000250e-01 -7.579999999999999932e-04
8.000000000000000000e+00 4.600000000000000000e+01 3.500000000000000000e+01 0.000000000000000000e+00 1.600000000000000089e+00 -9.500000000000000523e-05 -2.030000000000000012e-04 -1.000000000000000000e+00 3.844130000000000047e-01 -9.231610000000000094e-01 1.510000000000000112e-04 -9.231610000000000094e-01 -3.844130000000000047e-01 1.659999999999999963e-04
1.400000000000000000e+01 4.600000000000000000e+01 3.500000000000000000e+01 0.000000000000000000e+00 1.600000000000000089e+00 1.013000000000000012e-03 -2.480000000000000108e-04 -9.999989999999999712e-01 3.843440000000000190e-01 -9.231899999999999551e-01 6.179999999999999513e-04 -9.231890000000000374e-01 -3.843449999999999922e-01 -8.400000000000000348e-04
1.900000000000000000e+01 4.600000000000000000e+01 3.500000000000000000e+01 0.000000000000000000e+00 1.600000000000000089e+00 -1.310000000000000129e-04 -1.789999999999999870e-04 -1.000000000000000000e+00 3.846229999999999927e-01 -9.230739999999999501e-01 1.150000000000000035e-04 -9.230739999999999501e-01 -3.846229999999999927e-01 1.890000000000000133e-04
2.700000000000000000e+01 4.600000000000000000e+01 3.500000000000000000e+01 0.000000000000000000e+00 1.600000000000000089e+00 -1.441000000000000007e-03 1.474999999999999966e-03 -9.999980000000000535e-01 3.813679999999999848e-01 -9.244219999999999660e-01 -1.912999999999999987e-03 -9.244219999999999660e-01 -3.813690000000000135e-01 7.699999999999999597e-04
6.000000000000000000e+00 9.500000000000000000e+01 3.600000000000000000e+01 0.000000000000000000e+00 1.600000000000000089e+00 -3.158999999999999916e-03 1.637100000000000014e-02 9.998609999999999998e-01 9.972670000000000146e-01 7.385799999999999310e-02 1.941999999999999933e-03 -7.381600000000000661e-02 9.971339999999999648e-01 -1.655999999999999833e-02
1.100000000000000000e+01 9.500000000000000000e+01 3.600000000000000000e+01 0.000000000000000000e+00 1.600000000000000089e+00 1.092100000000000015e-02 1.656300000000000133e-02 9.998029999999999973e-01 9.966679999999999984e-01 8.064699999999999647e-02 -1.222200000000000022e-02 -8.083400000000000307e-02 9.966049999999999631e-01 -1.562699999999999853e-02
1.600000000000000000e+01 9.500000000000000000e+01 3.600000000000000000e+01 0.000000000000000000e+00 1.600000000000000089e+00 1.034099999999999950e-02 5.180999999999999842e-03 9.999329999999999607e-01 9.965159999999999574e-01 8.270399999999999974e-02 -1.073400000000000049e-02 -8.275399999999999423e-02 9.965610000000000301e-01 -4.307000000000000065e-03
2.100000000000000000e+01 9.500000000000000000e+01 3.600000000000000000e+01 0.000000000000000000e+00 1.600000000000000089e+00 2.671000000000000197e-03 1.896899999999999975e-02 9.998169999999999558e-01 9.966599999999999904e-01 8.155199999999999949e-02 -4.209000000000000068e-03 -8.161699999999999511e-02 9.964889999999999581e-01 -1.868699999999999875e-02
2.700000000000000000e+01 9.500000000000000000e+01 3.600000000000000000e+01 0.000000000000000000e+00 1.600000000000000089e+00 -2.595999999999999783e-03 -1.689600000000000130e-02 9.998540000000000205e-01 9.961370000000000502e-01 8.772299999999999542e-02 4.067999999999999568e-03 -8.777899999999999592e-02 9.960020000000000540e-01 1.660299999999999970e-02
9.000000000000000000e+00 3.000000000000000000e+00 4.300000000000000000e+01 0.000000000000000000e+00 1.600000000000000089e+00 4.388999999999999672e-03 2.691599999999999895e-02 -9.996279999999999610e-01 7.404269999999999463e-01 -6.719730000000000425e-01 -1.484300000000000029e-02 -6.721230000000000260e-01 -7.400860000000000216e-01 -2.287799999999999903e-02
1.700000000000000000e+01 3.000000000000000000e+00 4.300000000000000000e+01 0.000000000000000000e+00 1.600000000000000089e+00 -4.194999999999999944e-03 -4.240399999999999725e-02 -9.990919999999999801e-01 7.389219999999999677e-01 -6.733090000000000463e-01 2.547400000000000012e-02 -6.737779999999999880e-01 -7.381440000000000223e-01 3.415800000000000086e-02
2.400000000000000000e+01 3.000000000000000000e+00 4.300000000000000000e+01 0.000000000000000000e+00 1.600000000000000089e+00 -7.509000000000000050e-03 -5.721199999999999897e-02 -9.983340000000000547e-01 7.439160000000000217e-01 -6.674750000000000405e-01 3.265599999999999753e-02 -6.682310000000000194e-01 -7.424309999999999521e-01 4.757299999999999723e-02
2.900000000000000000e+01 3.000000000000000000e+00 4.300000000000000000e+01 0.000000000000000000e+00 1.600000000000000089e+00 -8.474999999999999895e-03 -2.651500000000000037e-02 -9.996119999999999450e-01 7.451959999999999695e-01 -6.667480000000000073e-01 1.136799999999999963e-02 -6.667910000000000226e-01 -7.448110000000000008e-01 2.540999999999999856e-02
9.000000000000000000e+00 8.000000000000000000e+00 4.400000000000000000e+01 0.000000000000000000e+00 1.600000000000000089e+00 2.396999999999999825e-03 1.568900000000000156e-02 9.998740000000000405e-01 -7.827319999999999833e-01 -6.222499999999999698e-01 1.163999999999999931e-02 6.223539999999999628e-01 -7.826610000000000511e-01 1.078899999999999998e-02
2.000000000000000000e+00 2.900000000000000000e+01 4.400000000000000000e+01 0.000000000000000000e+00 1.600000000000000089e+00 -3.190999999999999826e-03 1.057999999999999913e-03 -9.999940000000000495e-01 6.829210000000000003e-01 7.304910000000000014e-01 -1.405999999999999915e-03 7.304859999999999687e-01 -6.829210000000000003e-01 -3.053000000000000158e-03
8.000000000000000000e+00 2.900000000000000000e+01 4.400000000000000000e+01 0.000000000000000000e+00 1.600000000000000089e+00 -2.895000000000000004e-03 3.752999999999999826e-03 -9.999890000000000168e-01 6.719089999999999785e-01 7.406329999999999858e-01 8.350000000000000217e-04 7.406279999999999530e-01 -6.718990000000000240e-01 -4.666000000000000009e-03
1.600000000000000000e+01 2.900000000000000000e+01 4.400000000000000000e+01 0.000000000000000000e+00 1.600000000000000089e+00 -5.969999999999999829e-04 2.683000000000000055e-03 -9.999959999999999960e-01 6.612590000000000412e-01 7.501560000000000450e-01 1.616999999999999948e-03 7.501569999999999627e-01 -6.612559999999999549e-01 -2.222000000000000017e-03
2.100000000000000000e+01 2.900000000000000000e+01 4.400000000000000000e+01 0.000000000000000000e+00 1.600000000000000089e+00 9.129999999999999661e-04 2.469999999999999973e-03 -9.999970000000000248e-01 6.561860000000000470e-01 7.545950000000000157e-01 2.462999999999999912e-03 7.545979999999999910e-01 -6.561860000000000470e-01 -9.319999999999999942e-04
2.600000000000000000e+01 2.900000000000000000e+01 4.400000000000000000e+01 0.000000000000000000e+00 1.600000000000000089e+00 1.162999999999999971e-03 -1.988999999999999883e-03 -9.999970000000000248e-01 6.540380000000000082e-01 7.564610000000000500e-01 -7.439999999999999782e-04 7.564610000000000500e-01 -6.540359999999999507e-01 2.180000000000000080e-03
2.900000000000000000e+01 2.900000000000000000e+01 4.400000000000000000e+01 0.000000000000000000e+00 1.600000000000000089e+00 5.899999999999999754e-05 -3.752000000000000127e-03 -9.999930000000000208e-01 6.540880000000000027e-01 7.564130000000000020e-01 -2.798999999999999839e-03 7.564180000000000348e-01 -6.540839999999999987e-01 2.498999999999999919e-03
1.000000000000000000e+01 5.400000000000000000e+01 4.600000000000000000e+01 0.000000000000000000e+00 1.600000000000000089e+00 9.600000000000000243e-04 -8.392999999999999419e-03 9.999639999999999640e-01 3.076200000000000045e-01 -9.514730000000000132e-01 -8.281000000000000166e-03 9.515090000000000492e-01 3.076169999999999738e-01 1.668999999999999911e-03
2.000000000000000000e+01 5.400000000000000000e+01 4.600000000000000000e+01 0.000000000000000000e+00 1.600000000000000089e+00 5.410000000000000312e-04 -9.591999999999999832e-03 9.999540000000000095e-01 3.175060000000000104e-01 -9.482110000000000261e-01 -9.266999999999999196e-03 9.482559999999999878e-01 3.174960000000000004e-01 2.531999999999999963e-03
3.000000000000000000e+00 6.500000000000000000e+01 4.600000000000000000e+01 0.000000000000000000e+00 1.600000000000000089e+00 2.142999999999999940e-03 -1.280000000000000105e-03 9.999970000000000248e-01 6.797830000000000261e-01 -7.334089999999999776e-01 -2.394999999999999993e-03 7.334100000000000064e-01 6.797860000000000014e-01 -7.010000000000000172e-04
1.000000000000000000e+00 6.300000000000000000e+01 5.400000000000000000e+01 0.000000000000000000e+00 1.600000000000000089e+00 -4.539999999999999765e-04 1.596999999999999895e-03 9.999989999999999712e-01 -3.600349999999999939e-01 9.329370000000000163e-01 -1.652999999999999955e-03 -9.329389999999999628e-01 -3.600360000000000227e-01 1.510000000000000112e-04
4.000000000000000000e+00 6.300000000000000000e+01 5.400000000000000000e+01 0.000000000000000000e+00 1.600000000000000089e+00 8.299999999999999815e-05 2.145999999999999904e-03 9.999980000000000535e-01 -3.626840000000000064e-01 9.319100000000000161e-01 -1.969999999999999963e-03 -9.319119999999999626e-01 -3.626829999999999776e-01 8.559999999999999901e-04
8.000000000000000000e+00 6.300000000000000000e+01 5.400000000000000000e+01 0.000000000000000000e+00 1.600000000000000089e+00 -1.440000000000000036e-04 2.269000000000000183e-03 9.999970000000000248e-01 -3.626820000000000044e-01 9.319100000000000161e-01 -2.165999999999999957e-03 -9.319129999999999914e-01 -3.626820000000000044e-01 6.890000000000000508e-04
1.300000000000000000e+01 6.300000000000000000e+01 5.400000000000000000e+01 0.000000000000000000e+00 1.600000000000000089e+00 -1.877999999999999895e-03 1.936000000000000004e-03 9.999959999999999960e-01 -3.530010000000000092e-01 9.356200000000000072e-01 -2.474000000000000071e-03 -9.356210000000000360e-01 -3.530039999999999845e-01 -1.074000000000000085e-03
1.700000000000000000e+01 6.300000000000000000e+01 5.400000000000000000e+01 0.000000000000000000e+00 1.600000000000000089e+00 1.800000000000000113e-04 4.318999999999999923e-03 9.999909999999999632e-01 -3.486620000000000275e-01 9.372399999999999620e-01 -3.984999999999999827e-03 -9.372489999999999988e-01 -3.486580000000000235e-01 1.675000000000000057e-03
2.100000000000000000e+01 6.300000000000000000e+01 5.400000000000000000e+01 0.000000000000000000e+00 1.600000000000000089e+00 -2.130000000000000003e-04 4.739999999999999747e-04 1.000000000000000000e+00 -3.477180000000000271e-01 9.375989999999999602e-01 -5.190000000000000386e-04 -9.375989999999999602e-01 -3.477180000000000271e-01 -3.499999999999999693e-05
2.900000000000000000e+01 6.300000000000000000e+01 5.400000000000000000e+01 0.000000000000000000e+00 1.600000000000000089e+00 4.299999999999999894e-04 -3.596999999999999937e-03 9.999930000000000208e-01 -3.520240000000000036e-01 9.359840000000000382e-01 3.517999999999999860e-03 -9.359910000000000174e-01 -3.520240000000000036e-01 -8.630000000000000518e-04
5.000000000000000000e+00 2.500000000000000000e+01 5.500000000000000000e+01 0.000000000000000000e+00 1.600000000000000089e+00 -3.020000000000000223e-04 -1.185000000000000072e-03 -9.999989999999999712e-01 -1.096899999999999958e-02 -9.999390000000000223e-01 1.188000000000000037e-03 -9.999400000000000510e-01 1.096899999999999958e-02 2.889999999999999774e-04
9.000000000000000000e+00 2.500000000000000000e+01 5.500000000000000000e+01 0.000000000000000000e+00 1.600000000000000089e+00 4.199999999999999768e-05 -4.800000000000000122e-05 -1.000000000000000000e+00 -1.032100000000000031e-02 -9.999470000000000303e-01 4.800000000000000122e-05 -9.999470000000000303e-01 1.032100000000000031e-02 -4.300000000000000165e-05
1.200000000000000000e+01 2.500000000000000000e+01 5.500000000000000000e+01 0.000000000000000000e+00 1.600000000000000089e+00 -7.499999999999999343e-05 -1.781999999999999947e-03 -9.999980000000000535e-01 -1.025099999999999970e-02 -9.999460000000000015e-01 1.783000000000000080e-03 -9.999470000000000303e-01 1.025099999999999970e-02 5.700000000000000314e-05
2.000000000000000000e+01 2.500000000000000000e+01 5.500000000000000000e+01 0.000000000000000000e+00 1.600000000000000089e+00 4.569999999999999952e-04 -1.510000000000000112e-04 -1.000000000000000000e+00 -1.076200000000000073e-02 -9.999419999999999975e-01 1.469999999999999953e-04 -9.999419999999999975e-01 1.076200000000000073e-02 -4.589999999999999896e-04
2.600000000000000000e+01 2.500000000000000000e+01 5.500000000000000000e+01 0.000000000000000000e+00 1.600000000000000089e+00 1.113999999999999973e-03 -2.759999999999999867e-03 -9.999959999999999960e-01 -1.197400000000000027e-02 -9.999249999999999527e-01 2.746999999999999876e-03 -9.999280000000000390e-01 1.196999999999999974e-02 -1.147000000000000016e-03
3.000000000000000000e+01 2.500000000000000000e+01 5.500000000000000000e+01 0.000000000000000000e+00 1.600000000000000089e+00 1.752000000000000085e-03 -5.041999999999999607e-03 -9.999860000000000415e-01 -1.328499999999999993e-02 -9.998989999999999823e-01 5.019000000000000024e-03 -9.999099999999999655e-01 1.327599999999999961e-02 -1.819000000000000087e-03
1.000000000000000000e+01 6.800000000000000000e+01 5.700000000000000000e+01 0.000000000000000000e+00 1.600000000000000089e+00 1.319999999999999993e-03 2.733999999999999885e-03 -9.999949999999999672e-01 -2.458950000000000025e-01 -9.692920000000000424e-01 -2.974000000000000081e-03 -9.692960000000000464e-01 2.458980000000000055e-01 -6.070000000000000092e-04
4.000000000000000000e+00 2.100000000000000000e+01 6.000000000000000000e+01 0.000000000000000000e+00 1.600000000000000089e+00 -2.139999999999999975e-03 4.654000000000000151e-03 9.999869999999999592e-01 -9.372800000000000575e-02 9.955859999999999710e-01 -4.833999999999999755e-03 -9.955960000000000365e-01 -9.373700000000000088e-02 -1.693999999999999976e-03
1.200000000000000000e+01 2.100000000000000000e+01 6.000000000000000000e+01 0.000000000000000000e+00 1.600000000000000089e+00 -9.799999999999999684e-05 8.403000000000000747e-03 9.999649999999999928e-01 -9.549599999999999755e-02 9.953950000000000298e-01 -8.373999999999999500e-03 -9.954300000000000370e-01 -9.549399999999999555e-02 7.050000000000000060e-04
1.600000000000000000e+01 2.100000000000000000e+01 6.000000000000000000e+01 0.000000000000000000e+00 1.600000000000000089e+00 -8.159999999999999936e-04 2.359999999999999902e-04 1.000000000000000000e+00 -9.449699999999999767e-02 9.955249999999999932e-01 -3.119999999999999944e-04 -9.955249999999999932e-01 -9.449799999999999867e-02 -7.900000000000000121e-04
2.500000000000000000e+01 2.100000000000000000e+01 6.000000000000000000e+01 0.000000000000000000e+00 1.600000000000000089e+00 -8.469999999999999881e-04 -7.420000000000000380e-04 9.999989999999999712e-01 -9.656399999999999706e-02 9.953269999999999618e-01 6.570000000000000319e-04 -9.953260000000000440e-01 -9.656399999999999706e-02 -9.150000000000000147e-04
2.900000000000000000e+01 2.100000000000000000e+01 6.000000000000000000e+01 0.000000000000000000e+00 1.600000000000000089e+00 -2.039000000000000014e-03 -4.910000000000000085e-04 9.999980000000000535e-01 -9.732000000000000373e-02 9.952530000000000543e-01 2.900000000000000017e-04 -9.952509999999999968e-01 -9.731900000000000273e-02 -2.076999999999999853e-03
2.500000000000000000e+01 6.000000000000000000e+00 6.100000000000000000e+01 0.000000000000000000e+00 1.600000000000000089e+00 6.478000000000000251e-03 2.971999999999999816e-03 9.999749999999999472e-01 5.772089999999999721e-01 -8.165949999999999598e-01 -1.312000000000000015e-03 8.165710000000000468e-01 5.772030000000000216e-01 -7.004999999999999942e-03
1.600000000000000000e+01 3.000000000000000000e+00 6.300000000000000000e+01 0.000000000000000000e+00 1.600000000000000089e+00 -6.229999999999999644e-04 -3.359999999999999814e-04 1.000000000000000000e+00 -6.142320000000000002e-01 7.891249999999999654e-01 -1.169999999999999979e-04 -7.891249999999999654e-01 -6.142320000000000002e-01 -6.980000000000000527e-04
2.100000000000000000e+01 3.000000000000000000e+00 6.300000000000000000e+01 0.000000000000000000e+00 1.600000000000000089e+00 -1.012000000000000096e-03 1.136999999999999990e-03 9.999989999999999712e-01 -6.156409999999999938e-01 7.880249999999999755e-01 -1.518999999999999951e-03 -7.880260000000000042e-01 -6.156420000000000226e-01 -9.699999999999999963e-05
3.000000000000000000e+00 2.700000000000000000e+01 6.300000000000000000e+01 0.000000000000000000e+00 1.600000000000000089e+00 -2.331000000000000173e-03 -1.200999999999999984e-02 9.999249999999999527e-01 -2.772970000000000157e-01 9.607229999999999936e-01 1.089200000000000064e-02 -9.607820000000000249e-01 -2.772499999999999964e-01 -5.570000000000000298e-03
6.000000000000000000e+00 2.700000000000000000e+01 6.300000000000000000e+01 0.000000000000000000e+00 1.600000000000000089e+00 -1.026999999999999918e-03 -4.957999999999999734e-03 9.999869999999999592e-01 -2.770039999999999725e-01 9.608579999999999899e-01 4.479000000000000342e-03 -9.608680000000000554e-01 -2.769960000000000200e-01 -2.360999999999999818e-03
1.100000000000000000e+01 2.700000000000000000e+01 6.300000000000000000e+01 0.000000000000000000e+00 1.600000000000000089e+00 7.479999999999999670e-04 2.625999999999999862e-03 9.999959999999999960e-01 -2.800090000000000079e-01 9.599950000000000427e-01 -2.311999999999999819e-03 -9.599969999999999892e-01 -2.800059999999999771e-01 1.453999999999999997e-03
1.700000000000000000e+01 2.700000000000000000e+01 6.300000000000000000e+01 0.000000000000000000e+00 1.600000000000000089e+00 1.263000000000000017e-03 2.286999999999999970e-03 9.999970000000000248e-01 -2.815739999999999910e-01 9.595380000000000020e-01 -1.838999999999999923e-03 -9.595390000000000308e-01 -2.815699999999999870e-01 1.855000000000000095e-03
2.100000000000000000e+01 2.700000000000000000e+01 6.300000000000000000e+01 0.000000000000000000e+00 1.600000000000000089e+00 -2.339999999999999958e-04 3.419999999999999863e-03 9.999940000000000495e-01 -2.780929999999999791e-01 9.605479999999999574e-01 -3.350000000000000113e-03 -9.605540000000000189e-01 -2.780920000000000059e-01 7.259999999999999743e-04
