4.000000000000000000e+00 1.500000000000000000e+01 4.000000000000000000e+00 0.000000000000000000e+00 1.600000000000000089e+00 -1.134000000000000025e-03 2.772799999999999918e-02 9.996150000000000313e-01 3.862269999999999870e-01 -9.220369999999999955e-01 2.601399999999999893e-02 9.224029999999999729e-01 3.861080000000000068e-01 -9.664000000000000715e-03
2.000000000000000000e+01 1.600000000000000000e+01 4.000000000000000000e+00 0.000000000000000000e+00 1.600000000000000089e+00 -2.491000000000000159e-03 1.428000000000000016e-03 9.999959999999999960e-01 4.564719999999999889e-01 -8.897340000000000249e-01 2.407999999999999984e-03 8.897340000000000249e-01 4.564759999999999929e-01 1.564999999999999985e-03
2.000000000000000000e+00 1.010000000000000000e+02 7.000000000000000000e+00 0.000000000000000000e+00 1.600000000000000089e+00 1.712999999999999896e-03 2.137299999999999964e-02 9.997700000000000475e-01 8.855549999999999811e-01 4.643930000000000002e-01 -1.144599999999999958e-02 -4.645310000000000272e-01 8.853710000000000191e-01 -1.813100000000000128e-02
1.300000000000000000e+01 1.010000000000000000e+02 7.000000000000000000e+00 0.000000000000000000e+00 1.600000000000000089e+00 -3.049999999999999868e-04 -3.628999999999999847e-03 9.999930000000000208e-01 8.856559999999999988e-01 4.643369999999999997e-01 1.955999999999999839e-03 -4.643410000000000037e-01 8.856509999999999661e-01 3.072000000000000078e-03
1.800000000000000000e+01 1.010000000000000000e+02 7.000000000000000000e+00 0.000000000000000000e+00 1.600000000000000089e+00 -1.191999999999999917e-03 -7.145999999999999575e-03 9.999740000000000295e-01 8.858340000000000103e-01 4.639820000000000055e-01 4.372000000000000018e-03 -4.640009999999999968e-01 8.858160000000000478e-01 5.777000000000000017e-03
5.000000000000000000e+00 1.500000000000000000e+01 8.000000000000000000e+00 0.000000000000000000e+00 1.600000000000000089e+00 1.046000000000000055e-03 1.786799999999999847e-02 -9.998399999999999510e-01 -6.143809999999999549e-01 -7.888709999999999889e-01 -1.473999999999999963e-02 -7.890080000000000426e-01 6.142980000000000107e-01 1.015199999999999957e-02
4.000000000000000000e+00 2.500000000000000000e+01 8.000000000000000000e+00 0.000000000000000000e+00 1.600000000000000089e+00 -3.110000000000000243e-04 -6.750000000000000357e-04 -1.000000000000000000e+00 4.485390000000000210e-01 8.937629999999999741e-01 -7.429999999999999539e-04 8.937629999999999741e-01 -4.485390000000000210e-01 2.500000000000000120e-05
6.000000000000000000e+00 2.500000000000000000e+01 8.000000000000000000e+00 0.000000000000000000e+00 1.600000000000000089e+00 3.800000000000000209e-05 -1.538000000000000088e-03 -9.999989999999999712e-01 4.483590000000000075e-01 8.938530000000000086e-01 -1.358000000000000049e-03 8.938540000000000374e-01 -4.483579999999999788e-01 7.240000000000000342e-04
2.200000000000000000e+01 2.500000000000000000e+01 8.000000000000000000e+00 0.000000000000000000e+00 1.600000000000000089e+00 1.977000000000000025e-03 2.420999999999999975e-03 -9.999949999999999672e-01 4.467969999999999997e-01 8.946300000000000363e-01 3.049000000000000061e-03 8.946330000000000116e-01 -4.468010000000000037e-01 6.870000000000000022e-04
2.600000000000000000e+01 2.500000000000000000e+01 8.000000000000000000e+00 0.000000000000000000e+00 1.600000000000000089e+00 2.817000000000000060e-03 8.526000000000000592e-03 -9.999599999999999600e-01 4.448909999999999809e-01 8.955400000000000027e-01 8.888999999999999332e-03 8.955800000000000427e-01 -4.448989999999999889e-01 -1.270000000000000078e-03
2.700000000000000000e+01 9.000000000000000000e+00 9.000000000000000000e+00 0.000000000000000000e+00 1.600000000000000089e+00 6.133000000000000430e-03 -5.209000000000000088e-03 -9.999679999999999680e-01 -9.421570000000000222e-01 -3.351469999999999727e-01 -4.033000000000000126e-03 -3.351149999999999962e-01 9.421509999999999607e-01 -6.962999999999999572e-03
6.000000000000000000e+00 2.400000000000000000e+01 9.000000000000000000e+00 0.000000000000000000e+00 1.600000000000000089e+00 1.999999999999999909e-06 -2.827000000000000086e-03 -9.999959999999999960e-01 4.559679999999999844e-01 8.899930000000000341e-01 -2.514999999999999875e-03 8.899960000000000093e-01 -4.559659999999999824e-01 1.291000000000000047e-03
1.400000000000000000e+01 2.400000000000000000e+01 9.000000000000000000e+00 0.000000000000000000e+00 1.600000000000000089e+00 -1.183000000000000024e-03 -3.703000000000000128e-03 -9.999919999999999920e-01 4.545699999999999741e-01 8.907030000000000225e-01 -3.836000000000000000e-03 8.907100000000000017e-01 -4.545710000000000028e-01 6.290000000000000018e-04
1.800000000000000000e+01 2.400000000000000000e+01 9.000000000000000000e+00 0.000000000000000000e+00 1.600000000000000089e+00 -8.009999999999999542e-04 -3.833000000000000036e-03 -9.999919999999999920e-01 4.544210000000000194e-01 8.907789999999999875e-01 -3.778000000000000108e-03 8.907869999999999955e-01 -4.544199999999999906e-01 1.028999999999999967e-03
2.600000000000000000e+01 2.400000000000000000e+01 9.000000000000000000e+00 0.000000000000000000e+00 1.600000000000000089e+00 2.890999999999999907e-03 8.807000000000000592e-03 -9.999569999999999848e-01 4.525580000000000158e-01 8.916880000000000361e-01 9.162000000000000005e-03 8.917300000000000226e-01 -4.525649999999999951e-01 -1.407999999999999963e-03
5.000000000000000000e+00 3.500000000000000000e+01 1.200000000000000000e+01 0.000000000000000000e+00 1.600000000000000089e+00 3.899999999999999929e-04 -4.697999999999999919e-03 -9.999890000000000168e-01 4.493329999999999824e-01 -8.933539999999999814e-01 4.373000000000000151e-03 -8.933640000000000470e-01 -4.493300000000000072e-01 1.763000000000000027e-03
1.000000000000000000e+01 3.500000000000000000e+01 1.200000000000000000e+01 0.000000000000000000e+00 1.600000000000000089e+00 -5.500000000000000331e-04 -5.192999999999999700e-03 -9.999860000000000415e-01 4.529449999999999865e-01 -8.915279999999999871e-01 4.381000000000000345e-03 -8.915380000000000527e-01 -4.529369999999999785e-01 2.843000000000000041e-03
1.800000000000000000e+01 3.500000000000000000e+01 1.200000000000000000e+01 0.000000000000000000e+00 1.600000000000000089e+00 8.509999999999999769e-04 -1.503999999999999912e-03 -9.999989999999999712e-01 4.424409999999999732e-01 -8.967960000000000376e-01 1.724999999999999971e-03 -8.967969999999999553e-01 -4.424420000000000019e-01 -9.699999999999999963e-05
2.200000000000000000e+01 3.500000000000000000e+01 1.200000000000000000e+01 0.000000000000000000e+00 1.600000000000000089e+00 -1.000000000000000021e-03 3.883000000000000167e-03 -9.999919999999999920e-01 4.399700000000000277e-01 -8.980040000000000244e-01 -3.926999999999999935e-03 -8.980120000000000324e-01 -4.399710000000000010e-01 -8.109999999999999805e-04
2.900000000000000000e+01 3.500000000000000000e+01 1.200000000000000000e+01 0.000000000000000000e+00 1.600000000000000089e+00 1.531000000000000026e-03 5.001000000000000237e-03 -9.999860000000000415e-01 4.532769999999999855e-01 -8.913619999999999877e-01 -3.763999999999999985e-03 -8.913689999999999669e-01 -4.532649999999999735e-01 -3.631000000000000113e-03
1.600000000000000000e+01 3.200000000000000000e+01 1.400000000000000000e+01 0.000000000000000000e+00 1.600000000000000089e+00 -9.409999999999999962e-04 1.126000000000000048e-03 -9.999989999999999712e-01 1.071560000000000012e-01 9.942419999999999591e-01 1.018999999999999941e-03 9.942419999999999591e-01 -1.071550000000000002e-01 -1.056999999999999997e-03
2.100000000000000000e+01 3.200000000000000000e+01 1.400000000000000000e+01 0.000000000000000000e+00 1.600000000000000089e+00 2.579999999999999828e-04 -3.618000000000000122e-03 -9.999930000000000208e-01 1.063759999999999983e-01 9.943199999999999816e-01 -3.569999999999999823e-03 9.943260000000000431e-01 -1.063739999999999963e-01 6.409999999999999682e-04
1.300000000000000000e+01 1.160000000000000000e+02 1.600000000000000000e+01 0.000000000000000000e+00 1.600000000000000089e+00 1.704000000000000003e-03 2.265000000000000086e-03 9.999959999999999960e-01 7.529360000000000497e-01 6.580880000000000063e-01 -2.772999999999999857e-03 -6.580909999999999815e-01 7.529379999999999962e-01 -5.839999999999999922e-04
1.000000000000000000e+00 2.000000000000000000e+00 1.900000000000000000e+01 0.000000000000000000e+00 1.600000000000000089e+00 4.644999999999999823e-03 -2.059999999999999928e-04 -9.999890000000000168e-01 3.439570000000000127e-01 -9.389840000000000408e-01 1.791000000000000057e-03 -9.389739999999999753e-01 -3.439610000000000167e-01 -4.290999999999999676e-03
4.000000000000000000e+00 2.000000000000000000e+00 1.900000000000000000e+01 0.000000000000000000e+00 1.600000000000000089e+00 2.955000000000000161e-03 1.800000000000000113e-04 -9.999959999999999960e-01 3.384179999999999966e-01 -9.409960000000000546e-01 8.310000000000000329e-04 -9.409910000000000219e-01 -3.384190000000000254e-01 -2.841000000000000209e-03
1.100000000000000000e+01 2.000000000000000000e+00 1.900000000000000000e+01 0.000000000000000000e+00 1.600000000000000089e+00 -3.419999999999999863e-03 1.525699999999999973e-02 -9.998780000000000445e-01 3.276270000000000016e-01 -9.446790000000000465e-01 -1.553599999999999946e-02 -9.448010000000000019e-01 -3.276399999999999868e-01 -1.768000000000000040e-03
1.800000000000000000e+01 2.000000000000000000e+00 1.900000000000000000e+01 0.000000000000000000e+00 1.600000000000000089e+00 -8.040000000000000271e-04 1.941400000000000070e-02 -9.998110000000000053e-01 3.284500000000000197e-01 -9.443380000000000107e-01 -1.860099999999999948e-02 -9.445210000000000550e-01 -3.284030000000000005e-01 -5.617999999999999730e-03
2.400000000000000000e+01 2.000000000000000000e+00 1.900000000000000000e+01 0.000000000000000000e+00 1.600000000000000089e+00 2.000000000000000164e-05 4.078000000000000028e-03 -9.999919999999999920e-01 3.264540000000000219e-01 -9.452049999999999619e-01 -3.847999999999999858e-03 -9.452129999999999699e-01 -3.264520000000000199e-01 -1.350000000000000071e-03
6.000000000000000000e+00 3.000000000000000000e+00 1.900000000000000000e+01 0.000000000000000000e+00 1.600000000000000089e+00 5.810000000000000277e-04 4.190000000000000148e-03 -9.999909999999999632e-01 3.077230000000000243e-01 -9.514679999999999804e-01 -3.808000000000000187e-03 -9.514759999999999884e-01 -3.077179999999999915e-01 -1.842000000000000104e-03
1.700000000000000000e+01 3.000000000000000000e+00 1.900000000000000000e+01 0.000000000000000000e+00 1.600000000000000089e+00 -1.345999999999999974e-03 1.847800000000000137e-02 -9.998280000000000500e-01 3.000249999999999861e-01 -9.537609999999999699e-01 -1.803099999999999842e-02 -9.539309999999999734e-01 -2.999970000000000137e-01 -4.259999999999999898e-03
1.000000000000000000e+00 1.300000000000000000e+01 2.000000000000000000e+01 0.000000000000000000e+00 1.600000000000000089e+00 8.350000000000000217e-04 -4.300000000000000003e-03 9.999900000000000455e-01 2.583599999999999786e-01 9.660410000000000386e-01 3.937999999999999660e-03 -9.660480000000000178e-01 2.583539999999999726e-01 1.918000000000000000e-03
5.000000000000000000e+00 1.300000000000000000e+01 2.000000000000000000e+01 0.000000000000000000e+00 1.600000000000000089e+00 3.020000000000000223e-04 7.730000000000000326e-04 1.000000000000000000e+00 2.587999999999999745e-01 9.659309999999999841e-01 -8.239999999999999712e-04 -9.659309999999999841e-01 2.587999999999999745e-01 9.200000000000000007e-05
9.000000000000000000e+00 1.300000000000000000e+01 2.000000000000000000e+01 0.000000000000000000e+00 1.600000000000000089e+00 -4.000000000000000327e-05 6.329999999999999906e-04 1.000000000000000000e+00 2.603489999999999971e-01 9.655139999999999834e-01 -6.009999999999999717e-04 -9.655150000000000121e-01 2.603489999999999971e-01 -2.030000000000000012e-04
1.200000000000000000e+01 1.300000000000000000e+01 2.000000000000000000e+01 0.000000000000000000e+00 1.600000000000000089e+00 -6.310000000000000504e-04 -3.213999999999999843e-03 9.999949999999999672e-01 2.604730000000000101e-01 9.654760000000000009e-01 3.266999999999999939e-03 -9.654810000000000336e-01 2.604739999999999833e-01 2.280000000000000126e-04
1.700000000000000000e+01 1.300000000000000000e+01 2.000000000000000000e+01 0.000000000000000000e+00 1.600000000000000089e+00 -1.311000000000000099e-03 -6.669999999999999497e-04 9.999989999999999712e-01 2.622849999999999904e-01 9.649900000000000144e-01 9.870000000000000301e-04 -9.649900000000000144e-01 2.622860000000000191e-01 -1.090999999999999956e-03
2.400000000000000000e+01 1.300000000000000000e+01 2.000000000000000000e+01 0.000000000000000000e+00 1.600000000000000089e+00 5.749999999999999903e-04 2.570000000000000127e-04 1.000000000000000000e+00 2.626669999999999838e-01 9.648860000000000214e-01 -3.989999999999999949e-04 -9.648860000000000214e-01 2.626680000000000126e-01 4.870000000000000197e-04
2.900000000000000000e+01 1.300000000000000000e+01 2.000000000000000000e+01 0.000000000000000000e+00 1.600000000000000089e+00 2.328000000000000208e-03 -1.448999999999999984e-03 9.999959999999999960e-01 2.624670000000000059e-01 9.649410000000000487e-01 7.870000000000000476e-04 -9.649379999999999624e-01 2.624639999999999751e-01 2.625999999999999862e-03
1.500000000000000000e+01 5.000000000000000000e+01 2.200000000000000000e+01 0.000000000000000000e+00 1.600000000000000089e+00 -7.200000000000000182e-05 1.832999999999999994e-03 -9.999980000000000535e-01 -5.622920000000000140e-01 8.269379999999999509e-01 1.557000000000000007e-03 8.269389999999999796e-01 5.622909999999999853e-01 9.709999999999999664e-04
2.400000000000000000e+01 5.000000000000000000e+01 2.200000000000000000e+01 0.000000000000000000e+00 1.600000000000000089e+00 -2.201999999999999964e-03 2.020000000000000040e-04 -9.999980000000000535e-01 -5.651540000000000452e-01 8.249840000000000506e-01 1.410999999999999928e-03 8.249830000000000219e-01 5.651559999999999917e-01 -1.701999999999999954e-03
2.000000000000000000e+00 2.000000000000000000e+00 2.500000000000000000e+01 0.000000000000000000e+00 1.600000000000000089e+00 4.159999999999999744e-04 -9.402000000000000635e-03 9.999559999999999560e-01 7.918999999999999651e-02 -9.968150000000000066e-01 -9.405000000000000165e-03 9.968590000000000506e-01 7.919099999999999751e-02 3.299999999999999982e-04
6.000000000000000000e+00 2.000000000000000000e+00 2.500000000000000000e+01 0.000000000000000000e+00 1.600000000000000089e+00 -4.939999999999999730e-04 -7.217999999999999590e-03 9.999740000000000295e-01 6.675000000000000377e-02 -9.977439999999999642e-01 -7.169000000000000025e-03 9.977700000000000458e-01 6.674399999999999777e-02 9.749999999999999552e-04
7.000000000000000000e+00 3.000000000000000000e+00 2.500000000000000000e+01 0.000000000000000000e+00 1.600000000000000089e+00 -1.165000000000000020e-03 -3.910000000000000281e-03 9.999919999999999920e-01 -1.708199999999999996e-02 -9.998460000000000125e-01 -3.929000000000000201e-03 9.998529999999999918e-01 -1.708700000000000149e-02 1.098000000000000018e-03
1.200000000000000000e+01 3.000000000000000000e+00 2.500000000000000000e+01 0.000000000000000000e+00 1.600000000000000089e+00 -4.964999999999999795e-03 1.391200000000000075e-02 9.998909999999999743e-01 -1.382599999999999975e-02 -9.998089999999999478e-01 1.384299999999999940e-02 9.998920000000000030e-01 -1.375600000000000087e-02 5.157000000000000126e-03
1.800000000000000000e+01 3.000000000000000000e+00 2.500000000000000000e+01 0.000000000000000000e+00 1.600000000000000089e+00 -3.340999999999999786e-03 8.887000000000000802e-03 9.999550000000000383e-01 -3.465000000000000198e-03 -9.999550000000000383e-01 8.874999999999999209e-03 9.999879999999999880e-01 -3.435000000000000119e-03 3.371999999999999997e-03
2.200000000000000000e+01 3.000000000000000000e+00 2.500000000000000000e+01 0.000000000000000000e+00 1.600000000000000089e+00 -6.620000000000000450e-04 -4.829999999999999767e-04 1.000000000000000000e+00 -1.466999999999999988e-03 -9.999989999999999712e-01 -4.840000000000000010e-04 9.999989999999999712e-01 -1.466999999999999988e-03 6.610000000000000207e-04
2.700000000000000000e+01 3.000000000000000000e+00 2.500000000000000000e+01 0.000000000000000000e+00 1.600000000000000089e+00 -3.909000000000000148e-03 5.320000000000000076e-03 9.999780000000000335e-01 -4.569999999999999952e-04 -9.999860000000000415e-01 5.318999999999999943e-03 9.999919999999999920e-01 -4.360000000000000269e-04 3.911000000000000414e-03
9.000000000000000000e+00 4.600000000000000000e+01 3.000000000000000000e+01 0.000000000000000000e+00 1.600000000000000089e+00 -1.765999999999999992e-03 -2.252999999999999794e-03 -9.999959999999999960e-01 3.324909999999999810e-01 9.431019999999999959e-01 -2.712000000000000001e-03 9.431049999999999711e-01 -3.324949999999999850e-01 -9.169999999999999549e-04
1.600000000000000000e+01 4.600000000000000000e+01 3.000000000000000000e+01 0.000000000000000000e+00 1.600000000000000089e+00 1.099999999999999971e-05 -1.110000000000000011e-04 -1.000000000000000000e+00 3.352350000000000052e-01 9.421349999999999447e-01 -1.010000000000000020e-04 9.421349999999999447e-01 -3.352350000000000052e-01 4.699999999999999724e-05
5.000000000000000000e+00 5.800000000000000000e+01 3.100000000000000000e+01 0.000000000000000000e+00 1.600000000000000089e+00 -5.689999999999999529e-04 2.116999999999999958e-03 9.999980000000000535e-01 -7.583189999999999653e-01 -6.518829999999999902e-01 9.489999999999999738e-04 6.518829999999999902e-01 -7.583170000000000188e-01 1.975999999999999892e-03
8.000000000000000000e+00 5.800000000000000000e+01 3.100000000000000000e+01 0.000000000000000000e+00 1.600000000000000089e+00 5.445000000000000187e-03 7.003999999999999809e-03 9.999609999999999888e-01 -7.600949999999999651e-01 -6.497540000000000537e-01 8.689999999999999808e-03 6.497899999999999787e-01 -7.601120000000000099e-01 1.786000000000000044e-03
1.600000000000000000e+01 5.800000000000000000e+01 3.100000000000000000e+01 0.000000000000000000e+00 1.600000000000000089e+00 3.667000000000000121e-03 5.171000000000000249e-03 9.999799999999999800e-01 -7.571759999999999602e-01 -6.531820000000000404e-01 6.153999999999999748e-03 6.532010000000000316e-01 -7.571830000000000505e-01 1.520000000000000084e-03
2.700000000000000000e+01 5.800000000000000000e+01 3.100000000000000000e+01 0.000000000000000000e+00 1.600000000000000089e+00 4.629999999999999784e-04 5.027000000000000218e-03 9.999869999999999592e-01 -7.514269999999999561e-01 -6.598060000000000036e-01 3.664999999999999855e-03 6.598159999999999581e-01 -7.514189999999999481e-01 3.471999999999999826e-03
2.600000000000000000e+01 2.300000000000000000e+01 3.400000000000000000e+01 0.000000000000000000e+00 1.600000000000000089e+00 6.870000000000000022e-04 -1.918999999999999916e-03 9.999980000000000535e-01 3.975600000000000245e-01 -9.175740000000000007e-01 -2.033999999999999784e-03 9.175759999999999472e-01 3.975600000000000245e-01 1.330000000000000073e-04
3.000000000000000000e+00 4.600000000000000000e+01 3.500000000000000000e+01 0.000000000000000000e+00 1.600000000000000089e+00 1.618000000000000081e-03 -2.462999999999999912e-03 -9.999959999999999960e-01 3.889599999999999724e-01 -9.212500000000000133e-01 2.899000000000000101e-03 -9.212529999999999886e-01 -3.889630000000000032e-01 -5.320000000000000293e-04
1.000000000000000000e+01 4.600000000000000000e+01 3.500000000000000000e+01 0.000000000000000000e+00 1.600000000000000089e+00 4.589999999999999896e-04 9.849999999999999815e-04 -9.999989999999999712e-01 3.937820000000000209e-01 -9.192040000000000211e-01 -7.249999999999999500e-04 -9.192040000000000211e-01 -3.937809999999999921e-01 -8.099999999999999561e-04
1.400000000000000000e+01 4.600000000000000000e+01 3.500000000000000000e+01 0.000000000000000000e+00 1.600000000000000089e+00 5.590000000000000351e-04 -1.590999999999999966e-03 -9.999989999999999712e-01 3.926200000000000245e-01 -9.196990000000000443e-01 1.683000000000000034e-03 -9.197009999999999907e-01 -3.926200000000000245e-01 1.110000000000000011e-04
1.700000000000000000e+01 4.600000000000000000e+01 3.500000000000000000e+01 0.000000000000000000e+00 1.600000000000000089e+00 -1.520000000000000084e-04 -2.429999999999999868e-03 -9.999970000000000248e-01 3.926560000000000050e-01 -9.196830000000000283e-01 2.174999999999999850e-03 -9.196849999999999747e-01 -3.926540000000000030e-01 1.093999999999999920e-03
2.500000000000000000e+01 4.600000000000000000e+01 3.500000000000000000e+01 0.000000000000000000e+00 1.600000000000000089e+00 6.019999999999999961e-04 1.538000000000000088e-03 -9.999989999999999712e-01 3.911540000000000017e-01 -9.203240000000000309e-01 -1.180000000000000059e-03 -9.203249999999999487e-01 -3.911529999999999729e-01 -1.155999999999999910e-03
2.900000000000000000e+01 4.600000000000000000e+01 3.500000000000000000e+01 0.000000000000000000e+00 1.600000000000000089e+00 1.376000000000000053e-03 1.595000000000000064e-03 -9.999980000000000535e-01 3.892419999999999769e-01 -9.211350000000000371e-01 -9.340000000000000429e-04 -9.211340000000000083e-01 -3.892399999999999749e-01 -1.887999999999999921e-03
3.000000000000000000e+00 3.000000000000000000e+00 4.300000000000000000e+01 0.000000000000000000e+00 1.600000000000000089e+00 1.891000000000000103e-03 -6.989999999999999686e-04 -9.999980000000000535e-01 7.432710000000000150e-01 -6.689880000000000271e-01 1.873000000000000099e-03 -6.689880000000000271e-01 -7.432729999999999615e-01 -7.450000000000000025e-04
8.000000000000000000e+00 3.000000000000000000e+00 4.300000000000000000e+01 0.000000000000000000e+00 1.600000000000000089e+00 -2.877999999999999916e-03 -4.686000000000000061e-03 -9.999850000000000128e-01 7.406760000000000010e-01 -6.718619999999999592e-01 1.016999999999999892e-03 -6.718560000000000088e-01 -7.406620000000000426e-01 5.403999999999999949e-03
1.700000000000000000e+01 3.000000000000000000e+00 4.300000000000000000e+01 0.000000000000000000e+00 1.600000000000000089e+00 -6.000000000000000152e-06 -1.037100000000000001e-02 -9.999460000000000015e-01 7.439299999999999802e-01 -6.682219999999999827e-01 6.925999999999999865e-03 -6.682580000000000187e-01 -7.438900000000000512e-01 7.719000000000000167e-03
2.300000000000000000e+01 3.000000000000000000e+00 4.300000000000000000e+01 0.000000000000000000e+00 1.600000000000000089e+00 -4.137000000000000052e-03 -1.052999999999999943e-02 -9.999360000000000470e-01 7.402699999999999836e-01 -6.722979999999999512e-01 4.016999999999999738e-03 -6.722970000000000335e-01 -7.402060000000000306e-01 1.057600000000000033e-02
4.000000000000000000e+00 8.000000000000000000e+00 4.400000000000000000e+01 0.000000000000000000e+00 1.600000000000000089e+00 4.220000000000000118e-04 2.585000000000000058e-03 9.999970000000000248e-01 -7.877659999999999663e-01 -6.159710000000000463e-01 1.925000000000000062e-03 6.159740000000000215e-01 -7.877640000000000198e-01 1.776999999999999934e-03
1.900000000000000000e+01 8.000000000000000000e+00 4.400000000000000000e+01 0.000000000000000000e+00 1.600000000000000089e+00 -1.820000000000000057e-04 -2.732000000000000053e-03 9.999959999999999960e-01 -7.833440000000000403e-01 -6.215859999999999719e-01 -1.840999999999999972e-03 6.215889999999999471e-01 -7.833409999999999540e-01 -2.027000000000000156e-03
4.000000000000000000e+00 2.900000000000000000e+01 4.400000000000000000e+01 0.000000000000000000e+00 1.600000000000000089e+00 -5.999999999999999474e-04 -4.022000000000000401e-03 -9.999919999999999920e-01 6.587749999999999995e-01 7.523320000000000007e-01 -3.420999999999999996e-03 7.523400000000000087e-01 -6.587720000000000242e-01 2.197999999999999867e-03
8.000000000000000000e+00 2.900000000000000000e+01 4.400000000000000000e+01 0.000000000000000000e+00 1.600000000000000089e+00 -9.719999999999999907e-04 -1.601999999999999908e-03 -9.999980000000000535e-01 6.589580000000000437e-01 7.521769999999999845e-01 -1.845000000000000069e-03 7.521790000000000420e-01 -6.589589999999999614e-01 3.249999999999999851e-04
1.400000000000000000e+01 2.900000000000000000e+01 4.400000000000000000e+01 0.000000000000000000e+00 1.600000000000000089e+00 1.110000000000000011e-04 -1.335000000000000032e-03 -9.999989999999999712e-01 6.583780000000000188e-01 7.526869999999999949e-01 -9.319999999999999942e-04 7.526869999999999949e-01 -6.583780000000000188e-01 9.619999999999999645e-04
1.800000000000000000e+01 2.900000000000000000e+01 4.400000000000000000e+01 0.000000000000000000e+00 1.600000000000000089e+00 7.079999999999999705e-04 -2.550000000000000183e-04 -1.000000000000000000e+00 6.598389999999999533e-01 7.514070000000000471e-01 2.750000000000000166e-04 7.514060000000000183e-01 -6.598399999999999821e-01 6.999999999999999929e-04
2.300000000000000000e+01 2.900000000000000000e+01 4.400000000000000000e+01 0.000000000000000000e+00 1.600000000000000089e+00 2.799999999999999755e-04 3.116999999999999979e-03 -9.999949999999999672e-01 6.559789999999999788e-01 7.547749999999999737e-01 2.536000000000000060e-03 7.547789999999999777e-01 -6.559770000000000323e-01 -1.833999999999999910e-03
2.700000000000000000e+01 2.900000000000000000e+01 4.400000000000000000e+01 0.000000000000000000e+00 1.600000000000000089e+00 -4.300000000000000165e-05 6.170000000000000354e-04 -1.000000000000000000e+00 6.551709999999999479e-01 7.554800000000000404e-01 4.380000000000000213e-04 7.554800000000000404e-01 -6.551709999999999479e-01 -4.360000000000000269e-04
8.000000000000000000e+00 6.500000000000000000e+01 4.600000000000000000e+01 0.000000000000000000e+00 1.600000000000000089e+00 1.448999999999999984e-03 -1.978000000000000157e-03 9.999970000000000248e-01 6.779680000000000151e-01 -7.350879999999999637e-01 -2.435999999999999797e-03 7.350900000000000212e-01 6.779690000000000438e-01 2.759999999999999867e-04
3.000000000000000000e+00 7.000000000000000000e+01 4.700000000000000000e+01 0.000000000000000000e+00 1.600000000000000089e+00 -5.379999999999999583e-04 -2.984000000000000107e-03 -9.999949999999999672e-01 -8.418949999999999489e-01 -5.396379999999999511e-01 2.063000000000000164e-03 -5.396410000000000373e-01 8.418919999999999737e-01 -2.220999999999999884e-03
2.100000000000000000e+01 7.400000000000000000e+01 4.900000000000000000e+01 0.000000000000000000e+00 1.600000000000000089e+00 1.711000000000000064e-03 -5.333000000000000067e-03 9.999839999999999840e-01 -9.820520000000000360e-01 1.885920000000000096e-01 2.686000000000000019e-03 -1.886029999999999929e-01 -9.820410000000000528e-01 -4.915000000000000098e-03
7.000000000000000000e+00 5.000000000000000000e+00 5.100000000000000000e+01 0.000000000000000000e+00 1.600000000000000089e+00 -1.350000000000000071e-03 -1.315999999999999896e-03 -9.999980000000000535e-01 4.858469999999999733e-01 -8.740440000000000431e-01 4.949999999999999973e-04 -8.740430000000000144e-01 -4.858450000000000268e-01 1.819000000000000087e-03
1.000000000000000000e+01 5.000000000000000000e+00 5.100000000000000000e+01 0.000000000000000000e+00 1.600000000000000089e+00 -1.768000000000000040e-03 -7.460000000000000268e-04 -9.999980000000000535e-01 4.937150000000000150e-01 -8.696239999999999526e-01 -2.239999999999999966e-04 -8.696220000000000061e-01 -4.937150000000000150e-01 1.905000000000000009e-03
1.300000000000000000e+01 5.000000000000000000e+00 5.100000000000000000e+01 0.000000000000000000e+00 1.600000000000000089e+00 -3.122000000000000209e-03 1.379999999999999933e-04 -9.999949999999999672e-01 4.942300000000000026e-01 -8.693300000000000471e-01 -1.662999999999999982e-03 -8.693260000000000431e-01 -4.942320000000000046e-01 2.645999999999999915e-03
1.800000000000000000e+01 5.000000000000000000e+00 5.100000000000000000e+01 0.000000000000000000e+00 1.600000000000000089e+00 -3.930000000000000117e-04 -2.256000000000000193e-03 -9.999970000000000248e-01 4.901590000000000114e-01 -8.716319999999999624e-01 1.773999999999999969e-03 -8.716329999999999911e-01 -4.901570000000000094e-01 1.448000000000000068e-03
2.600000000000000000e+01 7.000000000000000000e+00 5.200000000000000000e+01 0.000000000000000000e+00 1.600000000000000089e+00 -3.040000000000000167e-03 2.599000000000000182e-03 -9.999919999999999920e-01 1.163450000000000040e-01 -9.932050000000000045e-01 -2.935000000000000109e-03 -9.932039999999999758e-01 -1.163529999999999981e-01 2.716999999999999797e-03
1.000000000000000000e+00 6.300000000000000000e+01 5.400000000000000000e+01 0.000000000000000000e+00 1.600000000000000089e+00 -2.191999999999999938e-03 -1.173999999999999913e-03 9.999970000000000248e-01 -3.393280000000000185e-01 9.406679999999999486e-01 3.609999999999999928e-04 -9.406649999999999734e-01 -3.393269999999999897e-01 -2.459999999999999947e-03
6.000000000000000000e+00 6.300000000000000000e+01 5.400000000000000000e+01 0.000000000000000000e+00 1.600000000000000089e+00 -1.097000000000000102e-03 1.384999999999999946e-03 9.999980000000000535e-01 -3.392379999999999840e-01 9.406989999999999519e-01 -1.675000000000000057e-03 -9.406999999999999806e-01 -3.392390000000000128e-01 -5.619999999999999996e-04
1.300000000000000000e+01 6.300000000000000000e+01 5.400000000000000000e+01 0.000000000000000000e+00 1.600000000000000089e+00 2.952000000000000197e-03 5.259999999999999919e-03 9.999820000000000375e-01 -3.379369999999999874e-01 9.411599999999999966e-01 -3.952999999999999917e-03 -9.411640000000000006e-01 -3.379190000000000249e-01 4.556000000000000154e-03
2.000000000000000000e+01 6.300000000000000000e+01 5.400000000000000000e+01 0.000000000000000000e+00 1.600000000000000089e+00 -6.130000000000000466e-04 -4.956999999999999601e-03 9.999879999999999880e-01 -3.452729999999999966e-01 9.384919999999999929e-01 4.440999999999999635e-03 -9.385019999999999474e-01 -3.452660000000000173e-01 -2.286999999999999970e-03
2.400000000000000000e+01 6.300000000000000000e+01 5.400000000000000000e+01 0.000000000000000000e+00 1.600000000000000089e+00 -9.190000000000000035e-04 -7.405000000000000124e-03 9.999719999999999720e-01 -3.444249999999999812e-01 9.387900000000000134e-01 6.636000000000000405e-03 -9.388130000000000086e-01 -3.444099999999999939e-01 -3.412999999999999801e-03
2.800000000000000000e+01 6.300000000000000000e+01 5.400000000000000000e+01 0.000000000000000000e+00 1.600000000000000089e+00 6.999999999999999387e-05 -5.057999999999999996e-03 9.999869999999999592e-01 -3.404070000000000151e-01 9.402660000000000462e-01 4.780000000000000394e-03 -9.402779999999999472e-01 -3.404030000000000111e-01 -1.655999999999999920e-03
3.000000000000000000e+00 2.500000000000000000e+01 5.500000000000000000e+01 0.000000000000000000e+00 1.600000000000000089e+00 1.518999999999999951e-03 4.219999999999999793e-03 -9.999900000000000455e-01 -1.274100000000000059e-02 -9.999099999999999655e-01 -4.238999999999999713e-03 -9.999179999999999735e-01 1.274800000000000065e-02 -1.464999999999999939e-03
1.100000000000000000e+01 2.500000000000000000e+01 5.500000000000000000e+01 0.000000000000000000e+00 1.600000000000000089e+00 -2.056000000000000102e-03 -1.861999999999999940e-03 -9.999959999999999960e-01 -1.338699999999999959e-02 -9.999090000000000478e-01 1.889000000000000054e-03 -9.999080000000000190e-01 1.339100000000000013e-02 2.030999999999999819e-03
1.500000000000000000e+01 2.500000000000000000e+01 5.500000000000000000e+01 0.000000000000000000e+00 1.600000000000000089e+00 1.126000000000000048e-03 1.575000000000000011e-03 -9.999980000000000535e-01 -1.203300000000000029e-02 -9.999259999999999815e-01 -1.588999999999999918e-03 -9.999270000000000103e-01 1.203399999999999956e-02 -1.106999999999999911e-03
2.100000000000000000e+01 2.500000000000000000e+01 5.500000000000000000e+01 0.000000000000000000e+00 1.600000000000000089e+00 6.250000000000000130e-04 1.069000000000000072e-03 -9.999989999999999712e-01 -1.090799999999999929e-02 -9.999400000000000510e-01 -1.075999999999999917e-03 -9.999400000000000510e-01 1.090900000000000029e-02 -6.130000000000000466e-04
2.500000000000000000e+01 2.500000000000000000e+01 5.500000000000000000e+01 0.000000000000000000e+00 1.600000000000000089e+00 -1.190000000000000058e-04 -7.150000000000000322e-04 -1.000000000000000000e+00 -1.071300000000000030e-02 -9.999419999999999975e-01 7.169999999999999724e-04 -9.999430000000000263e-01 1.071300000000000030e-02 1.110000000000000011e-04
1.000000000000000000e+00 2.100000000000000000e+01 6.000000000000000000e+01 0.000000000000000000e+00 1.600000000000000089e+00 -1.206999999999999957e-03 -1.347199999999999960e-02 9.999090000000000478e-01 -9.337099999999999567e-02 9.955429999999999557e-01 1.329999999999999932e-02 -9.956310000000000437e-01 -9.334599999999999842e-02 -2.459999999999999947e-03
1.000000000000000000e+01 2.100000000000000000e+01 6.000000000000000000e+01 0.000000000000000000e+00 1.600000000000000089e+00 5.240000000000000517e-04 -2.759999999999999867e-04 1.000000000000000000e+00 -9.332300000000000317e-02 9.956359999999999655e-01 3.240000000000000150e-04 -9.956359999999999655e-01 -9.332300000000000317e-02 4.960000000000000216e-04
1.500000000000000000e+01 2.100000000000000000e+01 6.000000000000000000e+01 0.000000000000000000e+00 1.600000000000000089e+00 -1.691000000000000012e-03 4.119000000000000265e-03 9.999900000000000455e-01 -9.517699999999999771e-02 9.954509999999999748e-01 -4.261000000000000031e-03 -9.954589999999999828e-01 -9.518300000000000372e-02 -1.291000000000000047e-03
2.200000000000000000e+01 2.100000000000000000e+01 6.000000000000000000e+01 0.000000000000000000e+00 1.600000000000000089e+00 -6.980000000000000527e-04 5.199999999999999680e-05 1.000000000000000000e+00 -9.201600000000000057e-02 9.957580000000000320e-01 -1.160000000000000007e-04 -9.957570000000000032e-01 -9.201600000000000057e-02 -6.909999999999999910e-04
2.600000000000000000e+01 2.100000000000000000e+01 6.000000000000000000e+01 0.000000000000000000e+00 1.600000000000000089e+00 -1.079999999999999960e-04 6.899999999999999667e-04 1.000000000000000000e+00 -9.287600000000000022e-02 9.956770000000000342e-01 -6.970000000000000284e-04 -9.956779999999999520e-01 -9.287600000000000022e-02 -4.300000000000000165e-05
1.800000000000000000e+01 6.700000000000000000e+01 6.000000000000000000e+01 0.000000000000000000e+00 1.600000000000000089e+00 1.770000000000000089e-03 8.300000000000000086e-04 9.999980000000000535e-01 1.736929999999999863e-01 -9.848000000000000087e-01 5.100000000000000366e-04 9.847979999999999512e-01 1.736920000000000130e-01 -1.887000000000000005e-03
9.000000000000000000e+00 3.000000000000000000e+00 6.300000000000000000e+01 0.000000000000000000e+00 1.600000000000000089e+00 -1.018999999999999941e-03 3.720999999999999915e-03 9.999919999999999920e-01 -6.113250000000000073e-01 7.913710000000000466e-01 -3.566999999999999858e-03 -7.913790000000000546e-01 -6.113239999999999785e-01 1.467999999999999904e-03
2.700000000000000000e+01 3.000000000000000000e+00 6.300000000000000000e+01 0.000000000000000000e+00 1.600000000000000089e+00 -5.649999999999999641e-04 -4.420000000000000101e-04 1.000000000000000000e+00 -6.180050000000000265e-01 7.861740000000000395e-01 -1.999999999999999909e-06 -7.861740000000000395e-01 -6.180050000000000265e-01 -7.179999999999999967e-04
1.000000000000000000e+00 2.700000000000000000e+01 6.300000000000000000e+01 0.000000000000000000e+00 1.600000000000000089e+00 -4.341000000000000240e-03 -4.865000000000000401e-03 9.999789999999999512e-01 -2.789300000000000113e-01 9.603049999999999642e-01 3.461000000000000101e-03 -9.603019999999999889e-01 -2.789090000000000180e-01 -5.525999999999999662e-03
6.000000000000000000e+00 2.700000000000000000e+01 6.300000000000000000e+01 0.000000000000000000e+00 1.600000000000000089e+00 1.028000000000000051e-03 -6.042999999999999761e-03 9.999810000000000088e-01 -2.804349999999999898e-01 9.598539999999999850e-01 6.088999999999999795e-03 -9.598719999999999475e-01 -2.804360000000000186e-01 -7.079999999999999705e-04
1.300000000000000000e+01 2.700000000000000000e+01 6.300000000000000000e+01 0.000000000000000000e+00 1.600000000000000089e+00 -1.177000000000000095e-03 -6.660000000000000338e-04 9.999989999999999712e-01 -2.820570000000000022e-01 9.593979999999999730e-01 3.069999999999999812e-04 -9.593970000000000553e-01 -2.820559999999999734e-01 -1.317000000000000028e-03
2.400000000000000000e+01 2.700000000000000000e+01 6.300000000000000000e+01 0.000000000000000000e+00 1.600000000000000089e+00 -1.041999999999999958e-03 -4.288000000000000145e-03 9.999900000000000455e-01 -2.774920000000000164e-01 9.607200000000000184e-01 3.830000000000000071e-03 -9.607269999999999976e-01 -2.774860000000000104e-01 -2.190999999999999805e-03
2.900000000000000000e+01 2.700000000000000000e+01 6.300000000000000000e+01 0.000000000000000000e+00 1.600000000000000089e+00 -9.829999999999999329e-04 -2.874999999999999951e-03 9.999949999999999672e-01 -2.783249999999999891e-01 9.604840000000000044e-01 2.487000000000000061e-03 -9.604859999999999509e-01 -2.783220000000000138e-01 -1.744000000000000107e-03
8.000000000000000000e+00 2.600000000000000000e+01 6.400000000000000000e+01 0.000000000000000000e+00 1.600000000000000089e+00 3.661999999999999891e-03 -6.468999999999999924e-03 9.999719999999999720e-01 -3.725649999999999795e-01 9.279770000000000518e-01 7.368000000000000417e-03 -9.279990000000000183e-01 -3.725820000000000243e-01 9.879999999999999460e-04
1.200000000000000000e+01 2.600000000000000000e+01 6.400000000000000000e+01 0.000000000000000000e+00 1.600000000000000089e+00 -7.709999999999999840e-04 -3.220000000000000206e-03 9.999949999999999672e-01 -3.729310000000000125e-01 9.278549999999999853e-01 2.700000000000000143e-03 -9.278589999999999893e-01 -3.729270000000000085e-01 -1.915999999999999951e-03
1.600000000000000000e+01 2.600000000000000000e+01 6.400000000000000000e+01 0.000000000000000000e+00 1.600000000000000089e+00 -2.889999999999999774e-04 -3.004999999999999859e-03 9.999949999999999672e-01 -3.681369999999999920e-01 9.297680000000000389e-01 2.687000000000000152e-03 -9.297710000000000141e-01 -3.681349999999999900e-01 -1.374999999999999920e-03
2.500000000000000000e+01 2.600000000000000000e+01 6.400000000000000000e+01 0.000000000000000000e+00 1.600000000000000089e+00 -7.659999999999999708e-04 -4.138000000000000185e-03 9.999909999999999632e-01 -3.701090000000000213e-01 9.289809999999999457e-01 3.560999999999999929e-03 -9.289880000000000360e-01 -3.701030000000000153e-01 -2.243000000000000202e-03
2.900000000000000000e+01 2.600000000000000000e+01 6.400000000000000000e+01 0.000000000000000000e+00 1.600000000000000089e+00 -9.380000000000000317e-04 -3.116999999999999979e-03 9.999949999999999672e-01 -3.702099999999999835e-01 9.289439999999999920e-01 2.547999999999999918e-03 -9.289469999999999672e-01 -3.702059999999999795e-01 -2.026000000000000023e-03
3.000000000000000000e+00 6.900000000000000000e+01 6.600000000000000000e+01 0.000000000000000000e+00 1.600000000000000089e+00 -1.415999999999999941e-03 4.414999999999999654e-03 9.999890000000000168e-01 -9.481650000000000356e-01 3.177670000000000217e-01 -2.746000000000000177e-03 -3.177760000000000029e-01 -9.481579999999999453e-01 3.736000000000000171e-03
8.000000000000000000e+00 6.900000000000000000e+01 6.600000000000000000e+01 0.000000000000000000e+00 1.600000000000000089e+00 -4.081000000000000426e-03 4.492000000000000333e-03 9.999820000000000375e-01 -9.500330000000000163e-01 3.121050000000000213e-01 -5.278999999999999838e-03 -3.121229999999999838e-01 -9.500370000000000203e-01 2.994000000000000133e-03
1.500000000000000000e+01 6.900000000000000000e+01 6.600000000000000000e+01 0.000000000000000000e+00 1.600000000000000089e+00 -5.069999999999999637e-04 -5.370999999999999906e-03 9.999850000000000128e-01 -9.512720000000000065e-01 3.083489999999999842e-01 1.173999999999999913e-03 -3.083509999999999862e-01 -9.512580000000000480e-01 -5.265999999999999848e-03
2.200000000000000000e+01 6.900000000000000000e+01 6.600000000000000000e+01 0.000000000000000000e+00 1.600000000000000089e+00 6.050999999999999955e-03 1.003999999999999901e-03 9.999810000000000088e-01 -9.485729999999999995e-01 3.165109999999999868e-01 5.421999999999999736e-03 -3.165000000000000036e-01 -9.485879999999999868e-01 2.867000000000000191e-03
