1.400000000000000000e+01 1.900000000000000000e+01 5.000000000000000000e+00 0.000000000000000000e+00 1.600000000000000089e+00 2.849999999999999886e-04 -1.789999999999999870e-04 -1.000000000000000000e+00 -7.075190000000000090e-01 -7.066940000000000444e-01 -7.499999999999999343e-05 -7.066940000000000444e-01 7.075190000000000090e-01 -3.280000000000000038e-04
1.000000000000000000e+00 1.010000000000000000e+02 7.000000000000000000e+00 0.000000000000000000e+00 1.600000000000000089e+00 -5.956999999999999622e-03 -2.253300000000000095e-02 9.997279999999999500e-01 8.909270000000000245e-01 4.538809999999999789e-01 1.553799999999999973e-02 -4.541080000000000116e-01 8.907770000000000410e-01 1.737199999999999855e-02
6.000000000000000000e+00 1.010000000000000000e+02 7.000000000000000000e+00 0.000000000000000000e+00 1.600000000000000089e+00 -2.851999999999999934e-03 -1.672299999999999828e-02 9.998559999999999670e-01 8.897100000000000009e-01 4.564130000000000131e-01 1.017200000000000049e-02 -4.565170000000000061e-01 8.896110000000000406e-01 1.357700000000000053e-02
1.700000000000000000e+01 1.010000000000000000e+02 7.000000000000000000e+00 0.000000000000000000e+00 1.600000000000000089e+00 6.989999999999999686e-04 -7.131000000000000186e-03 9.999740000000000295e-01 8.886469999999999647e-01 4.585850000000000204e-01 2.648999999999999879e-03 -4.585919999999999996e-01 8.886220000000000230e-01 6.657999999999999856e-03
2.400000000000000000e+01 1.010000000000000000e+02 7.000000000000000000e+00 0.000000000000000000e+00 1.600000000000000089e+00 1.260000000000000052e-03 9.936000000000000387e-03 9.999500000000000055e-01 8.891189999999999927e-01 4.576410000000000200e-01 -5.668000000000000295e-03 -4.576740000000000252e-01 8.890820000000000389e-01 -8.257000000000000450e-03
5.000000000000000000e+00 2.500000000000000000e+01 8.000000000000000000e+00 0.000000000000000000e+00 1.600000000000000089e+00 -5.479999999999999845e-04 -1.103000000000000031e-03 -9.999989999999999712e-01 4.369190000000000018e-01 8.994999999999999662e-01 -1.231000000000000106e-03 8.995009999999999950e-01 -4.369190000000000018e-01 -1.099999999999999971e-05
1.400000000000000000e+01 2.500000000000000000e+01 8.000000000000000000e+00 0.000000000000000000e+00 1.600000000000000089e+00 -1.909000000000000107e-03 8.385000000000000092e-03 -9.999630000000000463e-01 4.364080000000000181e-01 8.997239999999999682e-01 6.712000000000000084e-03 8.997469999999999635e-01 -4.363790000000000169e-01 -5.376999999999999835e-03
2.000000000000000000e+01 2.500000000000000000e+01 8.000000000000000000e+00 0.000000000000000000e+00 1.600000000000000089e+00 -6.530000000000000431e-04 3.274000000000000000e-03 -9.999940000000000495e-01 4.366780000000000106e-01 8.996140000000000247e-01 2.660000000000000038e-03 8.996170000000000000e-01 -4.366740000000000066e-01 -2.017000000000000130e-03
2.300000000000000000e+01 2.500000000000000000e+01 8.000000000000000000e+00 0.000000000000000000e+00 1.600000000000000089e+00 -3.840000000000000097e-04 -1.194800000000000029e-02 -9.999289999999999567e-01 4.374120000000000230e-01 8.991949999999999665e-01 -1.091199999999999982e-02 8.992609999999999770e-01 -4.373850000000000238e-01 4.880999999999999922e-03
8.000000000000000000e+00 9.000000000000000000e+00 9.000000000000000000e+00 0.000000000000000000e+00 1.600000000000000089e+00 1.611100000000000032e-02 6.767999999999999711e-03 -9.998470000000000413e-01 -9.714359999999999662e-01 -2.366719999999999935e-01 -1.725499999999999950e-02 -2.367529999999999912e-01 9.715660000000000407e-01 2.762000000000000132e-03
1.400000000000000000e+01 9.000000000000000000e+00 9.000000000000000000e+00 0.000000000000000000e+00 1.600000000000000089e+00 2.599200000000000121e-02 1.519900000000000070e-02 -9.995469999999999633e-01 -9.741260000000000474e-01 -2.241710000000000091e-01 -2.873900000000000066e-02 -2.245060000000000111e-01 9.744310000000000471e-01 8.978999999999999135e-03
1.900000000000000000e+01 9.000000000000000000e+00 9.000000000000000000e+00 0.000000000000000000e+00 1.600000000000000089e+00 2.815300000000000094e-02 7.020000000000000198e-03 -9.995789999999999953e-01 -9.868529999999999802e-01 -1.590119999999999867e-01 -2.891099999999999920e-02 -1.591480000000000117e-01 9.872520000000000184e-01 2.451000000000000054e-03
5.000000000000000000e+00 2.400000000000000000e+01 9.000000000000000000e+00 0.000000000000000000e+00 1.600000000000000089e+00 -7.290000000000000473e-04 -5.429999999999999714e-04 -1.000000000000000000e+00 4.436329999999999996e-01 8.962080000000000046e-01 -8.099999999999999561e-04 8.962080000000000046e-01 -4.436339999999999728e-01 -4.119999999999999856e-04
1.100000000000000000e+01 2.400000000000000000e+01 9.000000000000000000e+00 0.000000000000000000e+00 1.600000000000000089e+00 -1.489000000000000089e-03 1.232999999999999938e-03 -9.999980000000000535e-01 4.438920000000000088e-01 8.960799999999999876e-01 4.440000000000000045e-04 8.960789999999999589e-01 -4.438900000000000068e-01 -1.881999999999999992e-03
1.400000000000000000e+01 2.400000000000000000e+01 9.000000000000000000e+00 0.000000000000000000e+00 1.600000000000000089e+00 -1.025000000000000086e-03 2.462000000000000213e-03 -9.999959999999999960e-01 4.426470000000000127e-01 8.966939999999999911e-01 1.753999999999999917e-03 8.966950000000000198e-01 -4.426439999999999819e-01 -2.008999999999999935e-03
2.000000000000000000e+01 2.400000000000000000e+01 9.000000000000000000e+00 0.000000000000000000e+00 1.600000000000000089e+00 -6.909999999999999910e-04 2.752000000000000106e-03 -9.999959999999999960e-01 4.416930000000000023e-01 8.971639999999999615e-01 2.164000000000000125e-03 8.971660000000000190e-01 -4.416900000000000270e-01 -1.835000000000000043e-03
2.300000000000000000e+01 2.400000000000000000e+01 9.000000000000000000e+00 0.000000000000000000e+00 1.600000000000000089e+00 -8.080000000000000160e-04 -8.999999999999999320e-03 -9.999590000000000423e-01 4.425769999999999982e-01 8.966910000000000158e-01 -8.427999999999999728e-03 8.967300000000000271e-01 -4.425660000000000149e-01 3.259000000000000178e-03
2.700000000000000000e+01 2.400000000000000000e+01 9.000000000000000000e+00 0.000000000000000000e+00 1.600000000000000089e+00 2.939999999999999905e-04 -7.302000000000000331e-03 -9.999730000000000008e-01 4.440629999999999855e-01 8.959719999999999906e-01 -6.412000000000000165e-03 8.959949999999999859e-01 -4.440500000000000003e-01 3.506000000000000002e-03
4.000000000000000000e+00 8.000000000000000000e+00 1.000000000000000000e+01 0.000000000000000000e+00 1.600000000000000089e+00 1.676000000000000059e-02 -2.458000000000000115e-03 -9.998569999999999958e-01 -9.939059999999999562e-01 -1.090030000000000027e-01 -1.639200000000000032e-02 -1.089470000000000022e-01 9.940379999999999772e-01 -4.270000000000000358e-03
5.000000000000000000e+00 4.000000000000000000e+00 1.100000000000000000e+01 0.000000000000000000e+00 1.600000000000000089e+00 -3.409999999999999837e-03 1.473799999999999936e-02 9.998860000000000525e-01 1.388250000000000040e-01 -9.902020000000000266e-01 1.506799999999999980e-02 9.903110000000000523e-01 1.388600000000000112e-01 1.330000000000000019e-03
9.000000000000000000e+00 4.000000000000000000e+00 1.100000000000000000e+01 0.000000000000000000e+00 1.600000000000000089e+00 -3.462999999999999932e-03 1.403599999999999987e-02 9.998960000000000070e-01 1.360510000000000053e-01 -9.905979999999999785e-01 1.437599999999999989e-02 9.906960000000000210e-01 1.360860000000000125e-01 1.521000000000000000e-03
2.000000000000000000e+01 2.800000000000000000e+01 1.300000000000000000e+01 0.000000000000000000e+00 1.600000000000000089e+00 -7.810000000000000102e-04 3.531900000000000317e-02 9.993760000000000421e-01 -4.768700000000000022e-02 9.982379999999999587e-01 -3.531600000000000017e-02 -9.988620000000000276e-01 -4.768499999999999822e-02 9.039999999999999642e-04
2.200000000000000000e+01 2.800000000000000000e+01 1.300000000000000000e+01 0.000000000000000000e+00 1.600000000000000089e+00 -4.852000000000000410e-03 -5.755400000000000099e-02 9.983309999999999684e-01 -6.081600000000000200e-02 9.965110000000000356e-01 5.715400000000000341e-02 -9.981370000000000520e-01 -6.043699999999999767e-02 -8.335999999999999660e-03
1.400000000000000000e+01 2.900000000000000000e+01 1.300000000000000000e+01 0.000000000000000000e+00 1.600000000000000089e+00 1.799699999999999911e-02 2.696839999999999793e-01 9.627809999999999979e-01 -1.621500000000000025e-02 9.628889999999999949e-01 -2.694110000000000116e-01 -9.997070000000000123e-01 -1.076300000000000000e-02 2.170199999999999907e-02
2.000000000000000000e+01 1.200000000000000000e+01 1.600000000000000000e+01 0.000000000000000000e+00 1.600000000000000089e+00 -3.784000000000000037e-03 2.594000000000000125e-02 9.996559999999999890e-01 2.826670000000000016e-01 -9.588670000000000249e-01 2.595199999999999937e-02 9.592110000000000358e-01 2.826679999999999748e-01 -3.703999999999999827e-03
2.600000000000000000e+01 1.200000000000000000e+01 1.600000000000000000e+01 0.000000000000000000e+00 1.600000000000000089e+00 -9.120000000000000502e-04 5.209999999999999788e-04 9.999989999999999712e-01 2.725940000000000030e-01 -9.621290000000000120e-01 7.500000000000000156e-04 9.621290000000000120e-01 2.725949999999999762e-01 7.349999999999999763e-04
1.000000000000000000e+00 1.160000000000000000e+02 1.600000000000000000e+01 0.000000000000000000e+00 1.600000000000000089e+00 -4.572999999999999808e-03 6.710000000000000469e-04 9.999890000000000168e-01 7.285099999999999909e-01 6.850289999999999990e-01 2.871999999999999987e-03 -6.850199999999999623e-01 7.285150000000000237e-01 -3.621999999999999786e-03
1.600000000000000000e+01 1.160000000000000000e+02 1.600000000000000000e+01 0.000000000000000000e+00 1.600000000000000089e+00 8.409999999999999507e-04 2.843000000000000041e-03 9.999959999999999960e-01 7.743430000000000035e-01 6.327610000000000179e-01 -2.449999999999999921e-03 -6.327650000000000219e-01 7.743419999999999748e-01 -1.668999999999999911e-03
2.600000000000000000e+01 1.160000000000000000e+02 1.600000000000000000e+01 0.000000000000000000e+00 1.600000000000000089e+00 9.250000000000000409e-04 8.399999999999999535e-05 1.000000000000000000e+00 7.679089999999999527e-01 6.405579999999999607e-01 -7.640000000000000306e-04 -6.405579999999999607e-01 7.679099999999999815e-01 5.280000000000000405e-04
2.800000000000000000e+01 3.400000000000000000e+01 1.800000000000000000e+01 0.000000000000000000e+00 1.600000000000000089e+00 4.111900000000000277e-02 1.072219999999999979e-01 9.933840000000000447e-01 -9.887590000000000545e-01 -1.386759999999999937e-01 5.589500000000000024e-02 1.437519999999999909e-01 -9.845159999999999467e-01 1.003140000000000004e-01
1.900000000000000000e+01 2.000000000000000000e+00 1.900000000000000000e+01 0.000000000000000000e+00 1.600000000000000089e+00 -3.093999999999999962e-03 2.865799999999999945e-02 -9.995849999999999458e-01 3.474740000000000051e-01 -9.372730000000000228e-01 -2.794699999999999962e-02 -9.376849999999999907e-01 -3.474160000000000026e-01 -7.058000000000000038e-03
2.800000000000000000e+01 2.000000000000000000e+00 1.900000000000000000e+01 0.000000000000000000e+00 1.600000000000000089e+00 -1.965999999999999866e-03 7.231999999999999713e-03 -9.999719999999999720e-01 3.377919999999999812e-01 -9.411909999999999998e-01 -7.471000000000000210e-03 -9.412190000000000278e-01 -3.377979999999999872e-01 -5.919999999999999698e-04
3.000000000000000000e+00 3.000000000000000000e+00 1.900000000000000000e+01 0.000000000000000000e+00 1.600000000000000089e+00 -7.550000000000000287e-03 2.325899999999999843e-02 -9.997009999999999508e-01 3.431060000000000221e-01 -9.389790000000000081e-01 -2.443700000000000039e-02 -9.392660000000000453e-01 -3.431879999999999931e-01 -8.909999999999999734e-04
8.000000000000000000e+00 3.000000000000000000e+00 1.900000000000000000e+01 0.000000000000000000e+00 1.600000000000000089e+00 -2.405000000000000020e-03 1.593999999999999931e-02 -9.998700000000000365e-01 3.456650000000000000e-01 -9.382249999999999757e-01 -1.578900000000000095e-02 -9.383550000000000502e-01 -3.456589999999999940e-01 -3.252999999999999815e-03
1.300000000000000000e+01 3.000000000000000000e+00 1.900000000000000000e+01 0.000000000000000000e+00 1.600000000000000089e+00 -3.650000000000000033e-03 1.714500000000000052e-02 -9.998460000000000125e-01 3.443780000000000174e-01 -9.386710000000000331e-01 -1.735300000000000037e-02 -9.388239999999999919e-01 -3.443880000000000274e-01 -2.478999999999999867e-03
1.600000000000000000e+01 3.000000000000000000e+00 1.900000000000000000e+01 0.000000000000000000e+00 1.600000000000000089e+00 -4.186999999999999750e-03 2.256800000000000125e-02 -9.997369999999999868e-01 3.420790000000000219e-01 -9.393979999999999553e-01 -2.263899999999999940e-02 -9.396619999999999973e-01 -3.420839999999999992e-01 -3.787000000000000002e-03
2.100000000000000000e+01 3.000000000000000000e+00 1.900000000000000000e+01 0.000000000000000000e+00 1.600000000000000089e+00 -1.760000000000000063e-03 2.305000000000000104e-02 -9.997329999999999828e-01 3.368050000000000210e-01 -9.413099999999999801e-01 -2.229599999999999985e-02 -9.415729999999999933e-01 -3.367539999999999978e-01 -6.106000000000000316e-03
9.000000000000000000e+00 4.000000000000000000e+00 2.000000000000000000e+01 0.000000000000000000e+00 1.600000000000000089e+00 -1.311000000000000099e-03 1.375299999999999960e-02 -9.999050000000000438e-01 3.792510000000000048e-01 -9.251989999999999936e-01 -1.322199999999999938e-02 -9.252930000000000321e-01 -3.792320000000000135e-01 -4.002999999999999614e-03
1.500000000000000000e+01 4.000000000000000000e+00 2.000000000000000000e+01 0.000000000000000000e+00 1.600000000000000089e+00 -3.432999999999999854e-03 1.894399999999999903e-02 -9.998150000000000093e-01 3.849230000000000151e-01 -9.227570000000000494e-01 -1.880599999999999980e-02 -9.229420000000000401e-01 -3.849159999999999804e-01 -4.124000000000000062e-03
2.200000000000000000e+01 4.000000000000000000e+00 2.000000000000000000e+01 0.000000000000000000e+00 1.600000000000000089e+00 -1.003999999999999901e-03 2.142799999999999913e-02 -9.997700000000000475e-01 3.872590000000000199e-01 -9.217509999999999870e-01 -2.014399999999999871e-02 -9.219699999999999562e-01 -3.871899999999999786e-01 -7.373000000000000213e-03
2.600000000000000000e+01 4.000000000000000000e+00 2.000000000000000000e+01 0.000000000000000000e+00 1.600000000000000089e+00 -3.820000000000000153e-04 1.119299999999999982e-02 -9.999369999999999647e-01 3.872450000000000059e-01 -9.219180000000000152e-01 -1.046799999999999987e-02 -9.219770000000000465e-01 -3.872240000000000126e-01 -3.982000000000000296e-03
4.000000000000000000e+00 1.300000000000000000e+01 2.000000000000000000e+01 0.000000000000000000e+00 1.600000000000000089e+00 -3.570000000000000040e-04 -1.667000000000000079e-03 9.999989999999999712e-01 2.596149999999999847e-01 9.657109999999999861e-01 1.703000000000000087e-03 -9.657120000000000148e-01 2.596149999999999847e-01 8.799999999999999771e-05
7.000000000000000000e+00 1.300000000000000000e+01 2.000000000000000000e+01 0.000000000000000000e+00 1.600000000000000089e+00 -1.620000000000000075e-04 -3.082999999999999803e-03 9.999949999999999672e-01 2.607369999999999965e-01 9.654049999999999576e-01 3.018999999999999982e-03 -9.654099999999999904e-01 2.607360000000000233e-01 6.480000000000000300e-04
1.100000000000000000e+01 1.300000000000000000e+01 2.000000000000000000e+01 0.000000000000000000e+00 1.600000000000000089e+00 1.185000000000000072e-03 -4.298999999999999870e-03 9.999900000000000455e-01 2.607809999999999850e-01 9.653899999999999704e-01 3.841999999999999929e-03 -9.653969999999999496e-01 2.607740000000000058e-01 2.265000000000000086e-03
1.500000000000000000e+01 1.300000000000000000e+01 2.000000000000000000e+01 0.000000000000000000e+00 1.600000000000000089e+00 1.815999999999999906e-03 -1.384999999999999946e-03 9.999970000000000248e-01 2.601280000000000259e-01 9.655740000000000434e-01 8.649999999999999920e-04 -9.655719999999999859e-01 2.601260000000000239e-01 2.112999999999999861e-03
2.100000000000000000e+01 1.300000000000000000e+01 2.000000000000000000e+01 0.000000000000000000e+00 1.600000000000000089e+00 1.240000000000000054e-04 1.510000000000000057e-03 9.999989999999999712e-01 2.623050000000000104e-01 9.649839999999999529e-01 -1.489000000000000089e-03 -9.649849999999999817e-01 2.623050000000000104e-01 -2.759999999999999867e-04
2.800000000000000000e+01 1.300000000000000000e+01 2.000000000000000000e+01 0.000000000000000000e+00 1.600000000000000089e+00 -8.040000000000000271e-04 -1.451000000000000033e-03 9.999989999999999712e-01 2.634489999999999887e-01 9.646719999999999740e-01 1.611999999999999935e-03 -9.646730000000000027e-01 2.634500000000000175e-01 -3.930000000000000117e-04
7.000000000000000000e+00 1.600000000000000000e+01 2.100000000000000000e+01 0.000000000000000000e+00 1.600000000000000089e+00 -6.660000000000000338e-04 -4.575000000000000074e-03 9.999890000000000168e-01 2.978140000000000231e-01 9.546130000000000448e-01 4.565999999999999746e-03 -9.546240000000000281e-01 2.978140000000000231e-01 7.259999999999999743e-04
5.000000000000000000e+00 2.000000000000000000e+00 2.500000000000000000e+01 0.000000000000000000e+00 1.600000000000000089e+00 -9.508000000000000826e-03 1.922300000000000050e-02 9.997700000000000475e-01 7.655800000000000105e-02 -9.968669999999999476e-01 1.989499999999999949e-02 9.970200000000000173e-01 7.672900000000000553e-02 8.005999999999999228e-03
8.000000000000000000e+00 2.000000000000000000e+00 2.500000000000000000e+01 0.000000000000000000e+00 1.600000000000000089e+00 -7.933000000000000815e-03 1.619999999999999912e-02 9.998369999999999758e-01 8.452900000000000691e-02 -9.962790000000000257e-01 1.681300000000000155e-02 9.963889999999999691e-01 8.464900000000000202e-02 6.533999999999999878e-03
1.500000000000000000e+01 3.000000000000000000e+00 2.500000000000000000e+01 0.000000000000000000e+00 1.600000000000000089e+00 -5.069999999999999854e-03 1.709099999999999855e-02 9.998409999999999798e-01 1.021700000000000039e-02 -9.998010000000000508e-01 1.714200000000000099e-02 9.999350000000000183e-01 1.030200000000000039e-02 4.893999999999999913e-03
1.900000000000000000e+01 3.000000000000000000e+00 2.500000000000000000e+01 0.000000000000000000e+00 1.600000000000000089e+00 -6.093999999999999591e-03 2.290299999999999975e-02 9.997190000000000243e-01 1.580700000000000160e-02 -9.996110000000000273e-01 2.299700000000000008e-02 9.998559999999999670e-01 1.594299999999999884e-02 5.729999999999999850e-03
2.600000000000000000e+01 3.000000000000000000e+00 2.500000000000000000e+01 0.000000000000000000e+00 1.600000000000000089e+00 -4.360000000000000160e-03 6.856000000000000115e-03 9.999670000000000503e-01 1.937600000000000086e-02 -9.997880000000000100e-01 6.938999999999999856e-03 9.998029999999999973e-01 1.940499999999999864e-02 4.225999999999999722e-03
2.100000000000000000e+01 3.000000000000000000e+01 2.500000000000000000e+01 0.000000000000000000e+00 1.600000000000000089e+00 -2.234810000000000130e-01 -8.222000000000000142e-03 9.746740000000000403e-01 -9.741570000000000507e-01 -3.174300000000000038e-02 -2.236299999999999955e-01 3.277700000000000058e-02 -9.994619999999999616e-01 -9.150000000000000147e-04
1.900000000000000000e+01 3.100000000000000000e+01 2.500000000000000000e+01 0.000000000000000000e+00 1.600000000000000089e+00 -3.081280000000000130e-01 5.639299999999999868e-02 9.496719999999999606e-01 -9.476639999999999509e-01 6.953800000000000259e-02 -3.116050000000000209e-01 -8.361100000000000476e-02 -9.959839999999999804e-01 3.201500000000000179e-02
1.400000000000000000e+01 4.600000000000000000e+01 2.700000000000000000e+01 0.000000000000000000e+00 1.600000000000000089e+00 -4.675999999999999601e-03 -2.500000000000000052e-03 -9.999860000000000415e-01 6.788910000000000222e-01 7.342220000000000413e-01 -5.009999999999999697e-03 7.342239999999999878e-01 -6.789049999999999807e-01 -1.735999999999999913e-03
2.900000000000000000e+01 3.600000000000000000e+01 2.800000000000000000e+01 0.000000000000000000e+00 1.600000000000000089e+00 -3.508200000000000207e-02 3.048100000000000115e-02 -9.989190000000000014e-01 -9.898050000000000459e-01 -1.391209999999999947e-01 3.051699999999999899e-02 -1.380399999999999960e-01 9.898059999999999636e-01 3.505099999999999882e-02
6.000000000000000000e+00 4.600000000000000000e+01 3.000000000000000000e+01 0.000000000000000000e+00 1.600000000000000089e+00 -1.348000000000000023e-03 -1.962000000000000202e-03 -9.999970000000000248e-01 3.329810000000000270e-01 9.429309999999999636e-01 -2.298999999999999828e-03 9.429319999999999924e-01 -3.329829999999999735e-01 -6.179999999999999513e-04
2.800000000000000000e+01 4.600000000000000000e+01 3.000000000000000000e+01 0.000000000000000000e+00 1.600000000000000089e+00 -4.096700000000000341e-02 -6.957099999999999396e-02 -9.967359999999999554e-01 4.409339999999999926e-01 8.939209999999999656e-01 -8.051700000000000523e-02 8.966039999999999566e-01 -4.427929999999999922e-01 -5.944999999999999764e-03
2.800000000000000000e+01 3.200000000000000000e+01 3.300000000000000000e+01 0.000000000000000000e+00 1.600000000000000089e+00 7.364800000000000513e-02 -7.502899999999999847e-02 -9.944579999999999531e-01 1.434670000000000112e-01 -9.859970000000000123e-01 8.501599999999999435e-02 -9.869109999999999827e-01 -1.489330000000000098e-01 -6.185299999999999826e-02
1.200000000000000000e+01 4.300000000000000000e+01 3.400000000000000000e+01 0.000000000000000000e+00 1.600000000000000089e+00 -1.129999999999999955e-04 -1.895999999999999899e-03 -9.999980000000000535e-01 -3.259279999999999955e-01 9.453930000000000389e-01 -1.755000000000000050e-03 9.453949999999999854e-01 3.259270000000000223e-01 -7.249999999999999500e-04
4.000000000000000000e+00 4.600000000000000000e+01 3.500000000000000000e+01 0.000000000000000000e+00 1.600000000000000089e+00 -3.600000000000000227e-04 -2.380000000000000171e-03 -9.999970000000000248e-01 3.887300000000000200e-01 -9.213489999999999736e-01 2.053000000000000137e-03 -9.213510000000000311e-01 -3.887289999999999912e-01 1.257000000000000088e-03
1.000000000000000000e+01 4.600000000000000000e+01 3.500000000000000000e+01 0.000000000000000000e+00 1.600000000000000089e+00 2.910000000000000260e-04 7.421999999999999778e-03 -9.999719999999999720e-01 3.896890000000000076e-01 -9.209220000000000184e-01 -6.721999999999999677e-03 -9.209460000000000424e-01 -3.896760000000000224e-01 -3.160000000000000048e-03
1.500000000000000000e+01 4.600000000000000000e+01 3.500000000000000000e+01 0.000000000000000000e+00 1.600000000000000089e+00 -1.118000000000000070e-03 -2.959999999999999958e-03 -9.999949999999999672e-01 3.908820000000000072e-01 -9.204379999999999784e-01 2.288000000000000103e-03 -9.204400000000000359e-01 -3.908780000000000032e-01 2.186000000000000009e-03
1.800000000000000000e+01 4.600000000000000000e+01 3.500000000000000000e+01 0.000000000000000000e+00 1.600000000000000089e+00 -1.810000000000000085e-04 -4.512000000000000385e-03 -9.999900000000000455e-01 3.919690000000000119e-01 -9.199690000000000367e-01 4.080000000000000293e-03 -9.199779999999999625e-01 -3.919639999999999791e-01 1.935000000000000088e-03
2.400000000000000000e+01 4.600000000000000000e+01 3.500000000000000000e+01 0.000000000000000000e+00 1.600000000000000089e+00 5.150000000000000498e-04 6.498900000000000510e-02 -9.978860000000000507e-01 3.951500000000000012e-01 -9.166879999999999473e-01 -5.949700000000000127e-02 -9.186170000000000169e-01 -3.942840000000000233e-01 -2.615299999999999916e-02
9.000000000000000000e+00 9.500000000000000000e+01 3.600000000000000000e+01 0.000000000000000000e+00 1.600000000000000089e+00 2.566999999999999837e-03 2.417000000000000051e-02 9.997049999999999548e-01 9.969599999999999573e-01 7.779099999999999904e-02 -4.440999999999999635e-03 -7.787600000000000078e-02 9.966770000000000351e-01 -2.389700000000000157e-02
2.200000000000000000e+01 9.500000000000000000e+01 3.600000000000000000e+01 0.000000000000000000e+00 1.600000000000000089e+00 3.415000000000000067e-03 7.842000000000000012e-03 9.999630000000000463e-01 9.970830000000000526e-01 7.622299999999999909e-02 -4.002999999999999614e-03 -7.625099999999999933e-02 9.970599999999999463e-01 -7.558999999999999747e-03
3.000000000000000000e+01 4.200000000000000000e+01 4.200000000000000000e+01 0.000000000000000000e+00 1.600000000000000089e+00 -2.641930000000000112e-01 -1.674019999999999953e-01 9.498309999999999809e-01 8.589020000000000543e-01 -4.888299999999999867e-01 1.527479999999999949e-01 4.387360000000000149e-01 8.561670000000000114e-01 2.729280000000000039e-01
5.000000000000000000e+00 2.900000000000000000e+01 4.400000000000000000e+01 0.000000000000000000e+00 1.600000000000000089e+00 -2.912000000000000092e-03 -1.895999999999999899e-03 -9.999940000000000495e-01 6.494959999999999622e-01 7.603579999999999783e-01 -3.333000000000000025e-03 7.603590000000000071e-01 -6.495020000000000238e-01 -9.820000000000000170e-04
1.100000000000000000e+01 2.900000000000000000e+01 4.400000000000000000e+01 0.000000000000000000e+00 1.600000000000000089e+00 -2.338999999999999933e-03 1.054999999999999948e-03 -9.999970000000000248e-01 6.591669999999999474e-01 7.519959999999999978e-01 -7.489999999999999913e-04 7.519930000000000225e-01 -6.591660000000000297e-01 -2.454000000000000018e-03
1.300000000000000000e+01 2.900000000000000000e+01 4.400000000000000000e+01 0.000000000000000000e+00 1.600000000000000089e+00 -1.115000000000000106e-03 8.880000000000000089e-04 -9.999989999999999712e-01 6.598490000000000189e-01 7.513980000000000103e-01 -6.899999999999999667e-05 7.513969999999999816e-01 -6.598479999999999901e-01 -1.423000000000000003e-03
1.900000000000000000e+01 2.900000000000000000e+01 4.400000000000000000e+01 0.000000000000000000e+00 1.600000000000000089e+00 2.322999999999999978e-03 4.101999999999999744e-03 -9.999890000000000168e-01 6.491350000000000176e-01 7.606589999999999741e-01 4.629000000000000302e-03 7.606699999999999573e-01 -6.491390000000000216e-01 -8.949999999999999623e-04
2.300000000000000000e+01 2.900000000000000000e+01 4.400000000000000000e+01 0.000000000000000000e+00 1.600000000000000089e+00 -4.799000000000000314e-03 6.859999999999999779e-04 -9.999879999999999880e-01 6.384769999999999612e-01 7.696359999999999868e-01 -2.537000000000000192e-03 7.696260000000000323e-01 -6.384819999999999940e-01 -4.131000000000000123e-03
2.800000000000000000e+01 2.900000000000000000e+01 4.400000000000000000e+01 0.000000000000000000e+00 1.600000000000000089e+00 -1.940700000000000064e-02 3.171000000000000207e-02 -9.993090000000000028e-01 5.748180000000000511e-01 8.181469999999999576e-01 1.479800000000000039e-02 8.180509999999999726e-01 -5.741340000000000332e-01 -3.410500000000000337e-02
1.900000000000000000e+01 6.000000000000000000e+00 5.100000000000000000e+01 0.000000000000000000e+00 1.600000000000000089e+00 3.936000000000000262e-03 2.994000000000000133e-03 -9.999879999999999880e-01 3.150760000000000227e-01 -9.490650000000000475e-01 -1.601999999999999908e-03 -9.490579999999999572e-01 -3.150660000000000127e-01 -4.678999999999999999e-03
1.300000000000000000e+01 1.150000000000000000e+02 5.100000000000000000e+01 0.000000000000000000e+00 1.600000000000000089e+00 -9.259999999999999568e-04 2.559999999999999884e-04 1.000000000000000000e+00 8.467550000000000354e-01 -5.319829999999999837e-01 9.200000000000000278e-04 5.319829999999999837e-01 8.467550000000000354e-01 2.759999999999999867e-04
1.800000000000000000e+01 1.150000000000000000e+02 5.100000000000000000e+01 0.000000000000000000e+00 1.600000000000000089e+00 2.449999999999999921e-04 1.297999999999999892e-03 9.999989999999999712e-01 8.475819999999999466e-01 -5.306640000000000246e-01 4.809999999999999823e-04 5.306640000000000246e-01 8.475810000000000288e-01 -1.229999999999999974e-03
1.300000000000000000e+01 7.000000000000000000e+00 5.200000000000000000e+01 0.000000000000000000e+00 1.600000000000000089e+00 -6.260000000000000373e-04 -8.379999999999999862e-04 -9.999989999999999712e-01 8.552700000000000580e-02 -9.963359999999999994e-01 7.810000000000000102e-04 -9.963359999999999994e-01 -8.552700000000000580e-02 6.949999999999999798e-04
2.200000000000000000e+01 7.000000000000000000e+00 5.200000000000000000e+01 0.000000000000000000e+00 1.600000000000000089e+00 5.506999999999999743e-03 -2.103999999999999967e-03 -9.999829999999999552e-01 9.636200000000000321e-02 -9.953429999999999778e-01 2.625000000000000163e-03 -9.953309999999999658e-01 -9.637500000000000233e-02 -5.277999999999999706e-03
6.000000000000000000e+00 1.600000000000000000e+01 5.200000000000000000e+01 0.000000000000000000e+00 1.600000000000000089e+00 -2.459999999999999947e-03 -5.789999999999999791e-04 -9.999970000000000248e-01 7.761369999999999658e-01 6.305600000000000094e-01 -2.273999999999999980e-03 6.305589999999999806e-01 -7.761400000000000521e-01 -1.101999999999999898e-03
7.000000000000000000e+00 6.300000000000000000e+01 5.400000000000000000e+01 0.000000000000000000e+00 1.600000000000000089e+00 9.430000000000000448e-04 -6.023999999999999841e-03 9.999810000000000088e-01 -3.541389999999999816e-01 9.351739999999999498e-01 5.968000000000000214e-03 -9.351920000000000233e-01 -3.541380000000000083e-01 -1.250999999999999942e-03
1.100000000000000000e+01 6.300000000000000000e+01 5.400000000000000000e+01 0.000000000000000000e+00 1.600000000000000089e+00 3.350000000000000113e-04 -1.118999999999999986e-03 9.999989999999999712e-01 -3.542130000000000001e-01 9.351639999999999953e-01 1.165000000000000020e-03 -9.351650000000000240e-01 -3.542130000000000001e-01 -8.299999999999999815e-05
1.500000000000000000e+01 6.300000000000000000e+01 5.400000000000000000e+01 0.000000000000000000e+00 1.600000000000000089e+00 -2.480000000000000000e-03 6.220000000000000485e-04 9.999970000000000248e-01 -3.520929999999999893e-01 9.359640000000000182e-01 -1.454999999999999913e-03 -9.359619999999999607e-01 -3.520949999999999913e-01 -2.102000000000000136e-03
2.400000000000000000e+01 6.300000000000000000e+01 5.400000000000000000e+01 0.000000000000000000e+00 1.600000000000000089e+00 -4.130000000000000099e-04 2.680000000000000090e-03 9.999959999999999960e-01 -3.465369999999999839e-01 9.380319999999999769e-01 -2.657000000000000074e-03 -9.380359999999999809e-01 -3.465369999999999839e-01 5.419999999999999471e-04
2.600000000000000000e+01 6.300000000000000000e+01 5.400000000000000000e+01 0.000000000000000000e+00 1.600000000000000089e+00 6.809999999999999647e-04 4.448999999999999830e-03 9.999900000000000455e-01 -3.507290000000000130e-01 9.364689999999999959e-01 -3.926999999999999935e-03 -9.364770000000000039e-01 -3.507219999999999782e-01 2.197999999999999867e-03
6.000000000000000000e+00 2.500000000000000000e+01 5.500000000000000000e+01 0.000000000000000000e+00 1.600000000000000089e+00 7.929999999999999766e-04 7.960000000000000495e-04 -9.999989999999999712e-01 -1.217900000000000059e-02 -9.999249999999999527e-01 -8.059999999999999673e-04 -9.999249999999999527e-01 1.217999999999999985e-02 -7.829999999999999504e-04
1.900000000000000000e+01 2.500000000000000000e+01 5.500000000000000000e+01 0.000000000000000000e+00 1.600000000000000089e+00 -2.069999999999999900e-04 2.412000000000000081e-03 -9.999970000000000248e-01 -1.138899999999999982e-02 -9.999320000000000430e-01 -2.409999999999999816e-03 -9.999350000000000183e-01 1.138899999999999982e-02 2.339999999999999958e-04
3.000000000000000000e+00 2.100000000000000000e+01 6.000000000000000000e+01 0.000000000000000000e+00 1.600000000000000089e+00 -1.450000000000000009e-04 2.770000000000000110e-04 1.000000000000000000e+00 -9.572500000000000453e-02 9.954079999999999595e-01 -2.900000000000000017e-04 -9.954079999999999595e-01 -9.572500000000000453e-02 -1.179999999999999951e-04
7.000000000000000000e+00 2.100000000000000000e+01 6.000000000000000000e+01 0.000000000000000000e+00 1.600000000000000089e+00 -1.224999999999999960e-03 1.541000000000000052e-03 9.999980000000000535e-01 -9.604999999999999649e-02 9.953750000000000098e-01 -1.650999999999999907e-03 -9.953760000000000385e-01 -9.605199999999999849e-02 -1.070999999999999903e-03
1.100000000000000000e+01 2.100000000000000000e+01 6.000000000000000000e+01 0.000000000000000000e+00 1.600000000000000089e+00 -5.640000000000000482e-04 2.580999999999999961e-03 9.999959999999999960e-01 -9.379099999999999937e-02 9.955880000000000285e-01 -2.622999999999999898e-03 -9.955920000000000325e-01 -9.379200000000000037e-02 -3.200000000000000262e-04
1.900000000000000000e+01 2.100000000000000000e+01 6.000000000000000000e+01 0.000000000000000000e+00 1.600000000000000089e+00 1.423000000000000003e-03 -8.954000000000000153e-03 9.999590000000000423e-01 -9.824600000000000000e-02 9.951210000000000333e-01 9.050000000000000752e-03 -9.951609999999999623e-01 -9.825499999999999512e-02 5.360000000000000181e-04
2.500000000000000000e+01 2.100000000000000000e+01 6.000000000000000000e+01 0.000000000000000000e+00 1.600000000000000089e+00 -8.319999999999999488e-04 5.259999999999999919e-03 9.999860000000000415e-01 -9.805800000000000627e-02 9.951670000000000238e-01 -5.316000000000000413e-03 -9.951799999999999535e-01 -9.806099999999999539e-02 -3.130000000000000187e-04
2.400000000000000000e+01 6.700000000000000000e+01 6.000000000000000000e+01 0.000000000000000000e+00 1.600000000000000089e+00 2.748000000000000009e-03 5.181999999999999974e-03 9.999829999999999552e-01 1.797680000000000111e-01 -9.836979999999999613e-01 4.603000000000000320e-03 9.837050000000000516e-01 1.797529999999999961e-01 -3.635000000000000210e-03
6.000000000000000000e+00 3.000000000000000000e+00 6.300000000000000000e+01 0.000000000000000000e+00 1.600000000000000089e+00 -1.203000000000000076e-03 -7.719000000000000167e-03 9.999689999999999968e-01 -6.148559999999999581e-01 7.886210000000000164e-01 5.348000000000000323e-03 -7.886379999999999502e-01 -6.148310000000000164e-01 -5.695000000000000409e-03
1.400000000000000000e+01 3.000000000000000000e+00 6.300000000000000000e+01 0.000000000000000000e+00 1.600000000000000089e+00 2.317000000000000049e-03 -5.271999999999999777e-03 9.999829999999999552e-01 -6.154079999999999551e-01 7.881890000000000285e-01 5.581000000000000023e-03 -7.882050000000000445e-01 -6.154110000000000413e-01 -1.417999999999999990e-03
4.000000000000000000e+00 2.700000000000000000e+01 6.300000000000000000e+01 0.000000000000000000e+00 1.600000000000000089e+00 8.549999999999999658e-04 -5.124000000000000082e-03 9.999869999999999592e-01 -2.752089999999999814e-01 9.613709999999999756e-01 5.160999999999999789e-03 -9.613840000000000163e-01 -2.752100000000000102e-01 -5.879999999999999810e-04
9.000000000000000000e+00 2.700000000000000000e+01 6.300000000000000000e+01 0.000000000000000000e+00 1.600000000000000089e+00 1.131999999999999977e-03 1.361000000000000014e-03 9.999980000000000535e-01 -2.748720000000000052e-01 9.614800000000000013e-01 -9.979999999999999722e-04 -9.614800000000000013e-01 -2.748700000000000032e-01 1.463000000000000108e-03
1.400000000000000000e+01 2.700000000000000000e+01 6.300000000000000000e+01 0.000000000000000000e+00 1.600000000000000089e+00 9.849999999999999815e-04 5.186999999999999771e-03 9.999860000000000415e-01 -2.747800000000000242e-01 9.614960000000000173e-01 -4.716999999999999839e-03 -9.615070000000000006e-01 -2.747709999999999875e-01 2.371999999999999977e-03
1.800000000000000000e+01 2.700000000000000000e+01 6.300000000000000000e+01 0.000000000000000000e+00 1.600000000000000089e+00 -1.461000000000000059e-03 -3.367999999999999900e-03 9.999930000000000208e-01 -2.706089999999999884e-01 9.626850000000000129e-01 2.847000000000000138e-03 -9.626879999999999882e-01 -2.706029999999999824e-01 -2.318000000000000182e-03
2.000000000000000000e+00 2.600000000000000000e+01 6.400000000000000000e+01 0.000000000000000000e+00 1.600000000000000089e+00 1.384999999999999946e-03 -4.309000000000000330e-03 9.999900000000000455e-01 -3.699040000000000106e-01 9.290589999999999682e-01 4.516000000000000049e-03 -9.290690000000000337e-01 -3.699060000000000126e-01 -3.069999999999999812e-04
6.000000000000000000e+00 2.600000000000000000e+01 6.400000000000000000e+01 0.000000000000000000e+00 1.600000000000000089e+00 9.290000000000000297e-04 -3.765000000000000117e-03 9.999919999999999920e-01 -3.688919999999999977e-01 9.294639999999999569e-01 3.843000000000000062e-03 -9.294719999999999649e-01 -3.688930000000000264e-01 -5.249999999999999676e-04
1.300000000000000000e+01 2.600000000000000000e+01 6.400000000000000000e+01 0.000000000000000000e+00 1.600000000000000089e+00 1.283999999999999985e-03 6.701000000000000359e-03 9.999770000000000048e-01 -3.662759999999999905e-01 9.304879999999999818e-01 -5.765000000000000159e-03 -9.305050000000000265e-01 -3.662599999999999745e-01 3.648999999999999900e-03
2.100000000000000000e+01 2.600000000000000000e+01 6.400000000000000000e+01 0.000000000000000000e+00 1.600000000000000089e+00 -8.289999999999999843e-04 -4.316999999999999657e-03 9.999900000000000455e-01 -3.646829999999999794e-01 9.311239999999999517e-01 3.717999999999999951e-03 -9.311310000000000420e-01 -3.646760000000000002e-01 -2.345999999999999995e-03
2.000000000000000000e+00 6.900000000000000000e+01 6.600000000000000000e+01 0.000000000000000000e+00 1.600000000000000089e+00 -4.076999999999999895e-03 -1.394000000000000057e-03 9.999909999999999632e-01 -9.485599999999999588e-01 3.165789999999999993e-01 -3.425999999999999792e-03 -3.165720000000000200e-01 -9.485649999999999915e-01 -2.612999999999999871e-03
1.300000000000000000e+01 6.900000000000000000e+01 6.600000000000000000e+01 0.000000000000000000e+00 1.600000000000000089e+00 -5.190000000000000169e-03 3.163000000000000013e-03 9.999820000000000375e-01 -9.489560000000000217e-01 3.153520000000000212e-01 -5.923000000000000313e-03 -3.153650000000000064e-01 -9.489699999999999802e-01 1.364999999999999894e-03
1.700000000000000000e+01 6.900000000000000000e+01 6.600000000000000000e+01 0.000000000000000000e+00 1.600000000000000089e+00 -4.433000000000000308e-03 4.310000000000000137e-04 9.999900000000000455e-01 -9.496750000000000469e-01 3.132070000000000132e-01 -4.344999999999999904e-03 -3.132059999999999844e-01 -9.496850000000000014e-01 -9.790000000000000525e-04
1.000000000000000000e+00 2.500000000000000000e+01 7.300000000000000000e+01 0.000000000000000000e+00 1.600000000000000089e+00 1.417999999999999990e-03 -3.276999999999999965e-03 9.999940000000000495e-01 7.540740000000000220e-01 -6.567809999999999482e-01 -3.220999999999999905e-03 6.567880000000000384e-01 7.540740000000000220e-01 1.539999999999999919e-03
5.000000000000000000e+00 2.500000000000000000e+01 7.300000000000000000e+01 0.000000000000000000e+00 1.600000000000000089e+00 -1.884999999999999957e-03 -2.449999999999999921e-03 9.999949999999999672e-01 7.544389999999999707e-01 -6.563700000000000090e-01 -1.859999999999999945e-04 6.563670000000000337e-01 7.544349999999999667e-01 3.086000000000000201e-03
1.500000000000000000e+01 2.500000000000000000e+01 7.300000000000000000e+01 0.000000000000000000e+00 1.600000000000000089e+00 2.256999999999999892e-03 1.737000000000000046e-03 9.999959999999999960e-01 7.550160000000000204e-01 -6.557060000000000111e-01 -5.659999999999999884e-04 6.557030000000000358e-01 7.550139999999999629e-01 -2.791000000000000078e-03
2.200000000000000000e+01 2.500000000000000000e+01 7.300000000000000000e+01 0.000000000000000000e+00 1.600000000000000089e+00 -2.628000000000000128e-03 -1.987000000000000051e-03 9.999949999999999672e-01 7.572510000000000074e-01 -6.531240000000000379e-01 6.920000000000000153e-04 6.531190000000000051e-01 7.572489999999999499e-01 3.220999999999999905e-03
3.000000000000000000e+01 2.500000000000000000e+01 7.300000000000000000e+01 0.000000000000000000e+00 1.600000000000000089e+00 3.199999999999999855e-05 6.427000000000000421e-03 9.999789999999999512e-01 7.572619999999999907e-01 -6.530979999999999563e-01 4.172999999999999626e-03 6.531109999999999971e-01 7.572459999999999747e-01 -4.887999999999999984e-03
