2.000000000000000000e+00 1.500000000000000000e+01 4.000000000000000000e+00 0.000000000000000000e+00 1.600000000000000089e+00 2.477000000000000035e-03 -5.180000000000000143e-04 9.999970000000000248e-01 3.262800000000000145e-01 -9.452720000000000011e-01 -1.297999999999999892e-03 9.452700000000000546e-01 3.262820000000000165e-01 -2.173000000000000018e-03
1.100000000000000000e+01 1.500000000000000000e+01 4.000000000000000000e+00 0.000000000000000000e+00 1.600000000000000089e+00 -1.768000000000000040e-03 9.479999999999999495e-04 9.999980000000000535e-01 3.291000000000000036e-01 -9.442939999999999667e-01 1.477000000000000014e-03 9.442930000000000490e-01 3.291020000000000056e-01 1.356999999999999916e-03
1.400000000000000000e+01 1.500000000000000000e+01 4.000000000000000000e+00 0.000000000000000000e+00 1.600000000000000089e+00 -8.210000000000000067e-04 3.049000000000000061e-03 9.999949999999999672e-01 3.261020000000000030e-01 -9.453289999999999749e-01 3.150000000000000022e-03 9.453340000000000076e-01 3.261029999999999762e-01 -2.180000000000000134e-04
1.900000000000000000e+01 1.500000000000000000e+01 4.000000000000000000e+00 0.000000000000000000e+00 1.600000000000000089e+00 7.360000000000000006e-04 6.581000000000000044e-03 9.999780000000000335e-01 3.245720000000000272e-01 -9.458419999999999606e-01 5.984999999999999869e-03 9.458609999999999518e-01 3.245600000000000152e-01 -2.831999999999999882e-03
2.100000000000000000e+01 1.500000000000000000e+01 4.000000000000000000e+00 0.000000000000000000e+00 1.600000000000000089e+00 2.530000000000000239e-04 1.070300000000000071e-02 9.999430000000000263e-01 3.223840000000000039e-01 -9.465559999999999530e-01 1.004999999999999991e-02 9.466090000000000337e-01 3.223630000000000106e-01 -3.690000000000000138e-03
2.500000000000000000e+01 1.500000000000000000e+01 4.000000000000000000e+00 0.000000000000000000e+00 1.600000000000000089e+00 1.204999999999999908e-03 1.270199999999999975e-02 9.999190000000000023e-01 3.200379999999999892e-01 -9.473329999999999806e-01 1.164899999999999963e-02 9.474040000000000239e-01 3.199980000000000047e-01 -5.206999999999999823e-03
1.300000000000000000e+01 4.000000000000000000e+00 5.000000000000000000e+00 0.000000000000000000e+00 1.600000000000000089e+00 7.500000000000000156e-04 3.135999999999999899e-03 9.999949999999999672e-01 2.325109999999999955e-01 -9.725890000000000368e-01 2.874999999999999951e-03 9.725930000000000408e-01 2.325079999999999925e-01 -1.459000000000000010e-03
1.300000000000000000e+01 1.010000000000000000e+02 7.000000000000000000e+00 0.000000000000000000e+00 1.600000000000000089e+00 -3.739999999999999835e-04 5.487999999999999823e-03 9.999850000000000128e-01 8.849559999999999649e-01 4.656689999999999996e-01 -2.224999999999999981e-03 -4.656739999999999768e-01 8.849420000000000064e-01 -5.029999999999999749e-03
2.700000000000000000e+01 1.010000000000000000e+02 7.000000000000000000e+00 0.000000000000000000e+00 1.600000000000000089e+00 -1.551999999999999994e-03 -7.739000000000000219e-03 9.999689999999999968e-01 8.824370000000000269e-01 4.704050000000000176e-01 5.009999999999999697e-03 -4.704289999999999861e-01 8.824170000000000069e-01 6.099000000000000254e-03
6.000000000000000000e+00 2.500000000000000000e+01 8.000000000000000000e+00 0.000000000000000000e+00 1.600000000000000089e+00 9.499999999999999981e-04 6.824000000000000205e-03 -9.999759999999999760e-01 4.473249999999999726e-01 8.943480000000000318e-01 6.527999999999999949e-03 8.943710000000000271e-01 -4.473199999999999954e-01 -2.203000000000000097e-03
9.000000000000000000e+00 2.500000000000000000e+01 8.000000000000000000e+00 0.000000000000000000e+00 1.600000000000000089e+00 2.680000000000000090e-04 3.686000000000000040e-03 -9.999930000000000208e-01 4.470649999999999902e-01 8.944950000000000401e-01 3.416999999999999899e-03 8.945009999999999906e-01 -4.470629999999999882e-01 -1.407999999999999963e-03
1.200000000000000000e+01 2.500000000000000000e+01 8.000000000000000000e+00 0.000000000000000000e+00 1.600000000000000089e+00 -5.419999999999999471e-04 -1.131000000000000061e-03 -9.999989999999999712e-01 4.460799999999999765e-01 8.949920000000000098e-01 -1.252999999999999991e-03 8.949930000000000385e-01 -4.460799999999999765e-01 2.000000000000000164e-05
1.600000000000000000e+01 2.500000000000000000e+01 8.000000000000000000e+00 0.000000000000000000e+00 1.600000000000000089e+00 -2.981999999999999842e-03 -3.285000000000000159e-03 -9.999900000000000455e-01 4.456390000000000073e-01 8.952020000000000532e-01 -4.270000000000000358e-03 8.952080000000000037e-01 -4.456479999999999886e-01 -1.204999999999999908e-03
2.100000000000000000e+01 2.500000000000000000e+01 8.000000000000000000e+00 0.000000000000000000e+00 1.600000000000000089e+00 -3.749000000000000162e-03 -7.608000000000000179e-03 -9.999639999999999640e-01 4.476999999999999869e-01 8.941440000000000499e-01 -8.481999999999999956e-03 8.941759999999999708e-01 -4.477160000000000029e-01 5.399999999999999798e-05
2.500000000000000000e+01 2.500000000000000000e+01 8.000000000000000000e+00 0.000000000000000000e+00 1.600000000000000089e+00 -2.170000000000000054e-03 -4.180999999999999821e-03 -9.999890000000000168e-01 4.489719999999999822e-01 8.935340000000000504e-01 -4.710999999999999910e-03 8.935429999999999762e-01 -4.489770000000000150e-01 -6.200000000000000270e-05
3.000000000000000000e+01 2.500000000000000000e+01 8.000000000000000000e+00 0.000000000000000000e+00 1.600000000000000089e+00 -1.301000000000000073e-03 1.044999999999999922e-03 -9.999989999999999712e-01 4.487920000000000242e-01 8.936359999999999859e-01 3.499999999999999964e-04 8.936349999999999572e-01 -4.487909999999999955e-01 -1.631000000000000071e-03
2.000000000000000000e+00 2.400000000000000000e+01 9.000000000000000000e+00 0.000000000000000000e+00 1.600000000000000089e+00 1.177000000000000095e-03 4.085000000000000089e-03 -9.999909999999999632e-01 4.500379999999999936e-01 8.930000000000000160e-01 4.178000000000000290e-03 8.930090000000000527e-01 -4.500390000000000224e-01 -7.870000000000000476e-04
5.000000000000000000e+00 2.400000000000000000e+01 9.000000000000000000e+00 0.000000000000000000e+00 1.600000000000000089e+00 7.849999999999999990e-04 6.662000000000000387e-03 -9.999770000000000048e-01 4.502309999999999923e-01 8.928899999999999615e-01 6.302000000000000310e-03 8.929120000000000390e-01 -4.502260000000000151e-01 -2.298999999999999828e-03
1.000000000000000000e+01 2.400000000000000000e+01 9.000000000000000000e+00 0.000000000000000000e+00 1.600000000000000089e+00 2.420000000000000005e-04 1.474999999999999966e-03 -9.999989999999999712e-01 4.494659999999999767e-01 8.932959999999999789e-01 1.425999999999999967e-03 8.932970000000000077e-01 -4.494659999999999767e-01 -4.470000000000000232e-04
1.600000000000000000e+01 2.400000000000000000e+01 9.000000000000000000e+00 0.000000000000000000e+00 1.600000000000000089e+00 -2.896000000000000137e-03 -3.998999999999999951e-03 -9.999879999999999880e-01 4.485319999999999863e-01 8.937540000000000484e-01 -4.872999999999999728e-03 8.937619999999999454e-01 -4.485399999999999943e-01 -7.940000000000000009e-04
2.100000000000000000e+01 2.400000000000000000e+01 9.000000000000000000e+00 0.000000000000000000e+00 1.600000000000000089e+00 -3.739000000000000136e-03 -7.455999999999999954e-03 -9.999649999999999928e-01 4.507010000000000183e-01 8.926359999999999850e-01 -8.340999999999999456e-03 8.926669999999999883e-01 -4.507160000000000055e-01 2.300000000000000002e-05
2.600000000000000000e+01 2.400000000000000000e+01 9.000000000000000000e+00 0.000000000000000000e+00 1.600000000000000089e+00 -1.500000000000000031e-03 -4.094999999999999682e-03 -9.999900000000000455e-01 4.518090000000000162e-01 8.921040000000000081e-01 -4.330999999999999781e-03 8.921139999999999626e-01 -4.518110000000000182e-01 5.119999999999999768e-04
3.000000000000000000e+00 1.020000000000000000e+02 9.000000000000000000e+00 0.000000000000000000e+00 1.600000000000000089e+00 2.301999999999999793e-03 3.196000000000000056e-03 9.999919999999999920e-01 9.199209999999999887e-01 3.920879999999999921e-01 -3.370999999999999865e-03 -3.920960000000000001e-01 9.199220000000000175e-01 -2.037000000000000182e-03
4.000000000000000000e+00 1.200000000000000000e+01 1.000000000000000000e+01 0.000000000000000000e+00 1.600000000000000089e+00 5.779999999999999548e-04 5.532999999999999724e-03 -9.999850000000000128e-01 -5.501920000000000144e-01 -8.350239999999999885e-01 -4.937999999999999681e-03 -8.350379999999999470e-01 5.501859999999999529e-01 2.562000000000000041e-03
8.000000000000000000e+00 3.100000000000000000e+01 1.200000000000000000e+01 0.000000000000000000e+00 1.600000000000000089e+00 -5.370000000000000424e-04 2.369999999999999874e-04 1.000000000000000000e+00 -3.408000000000000005e-03 9.999940000000000495e-01 -2.390000000000000089e-04 -9.999940000000000495e-01 -3.408000000000000005e-03 -5.360000000000000181e-04
1.300000000000000000e+01 3.100000000000000000e+01 1.200000000000000000e+01 0.000000000000000000e+00 1.600000000000000089e+00 -6.000000000000000152e-05 -1.010000000000000020e-04 1.000000000000000000e+00 -2.089000000000000145e-03 9.999980000000000535e-01 1.010000000000000020e-04 -9.999980000000000535e-01 -2.089000000000000145e-03 -6.000000000000000152e-05
2.700000000000000000e+01 3.500000000000000000e+01 1.200000000000000000e+01 0.000000000000000000e+00 1.600000000000000089e+00 -2.200000000000000078e-04 -6.856000000000000115e-03 -9.999759999999999760e-01 4.893149999999999999e-01 -8.720869999999999456e-01 5.871000000000000350e-03 -8.721069999999999656e-01 -4.893020000000000147e-01 3.546000000000000107e-03
1.000000000000000000e+01 1.160000000000000000e+02 1.600000000000000000e+01 0.000000000000000000e+00 1.600000000000000089e+00 -3.948000000000000120e-03 -3.321999999999999866e-03 9.999869999999999592e-01 7.024770000000000181e-01 7.116879999999999873e-01 5.138000000000000206e-03 -7.116959999999999953e-01 7.024880000000000013e-01 -4.760000000000000234e-04
4.000000000000000000e+00 2.000000000000000000e+00 1.900000000000000000e+01 0.000000000000000000e+00 1.600000000000000089e+00 1.335000000000000032e-03 -1.286299999999999943e-02 -9.999160000000000270e-01 1.828100000000000003e-01 -9.830640000000000489e-01 1.289099999999999968e-02 -9.831469999999999931e-01 -1.828120000000000023e-01 1.038999999999999993e-03
1.100000000000000000e+01 2.000000000000000000e+00 1.900000000000000000e+01 0.000000000000000000e+00 1.600000000000000089e+00 2.050999999999999872e-03 -2.760500000000000106e-02 -9.996169999999999778e-01 1.957830000000000126e-01 -9.802619999999999667e-01 2.747199999999999989e-02 -9.806449999999999889e-01 -1.957639999999999936e-01 3.393999999999999882e-03
1.600000000000000000e+01 2.000000000000000000e+00 1.900000000000000000e+01 0.000000000000000000e+00 1.600000000000000089e+00 4.360000000000000269e-04 -6.492000000000000375e-03 -9.999789999999999512e-01 2.062930000000000041e-01 -9.784690000000000332e-01 6.441999999999999810e-03 -9.784899999999999709e-01 -2.062920000000000031e-01 9.129999999999999661e-04
2.200000000000000000e+01 2.000000000000000000e+00 1.900000000000000000e+01 0.000000000000000000e+00 1.600000000000000089e+00 1.876999999999999979e-03 1.568500000000000102e-02 -9.998749999999999583e-01 2.038699999999999957e-01 -9.788839999999999764e-01 -1.497300000000000020e-02 -9.789959999999999773e-01 -2.038159999999999972e-01 -5.035000000000000413e-03
2.500000000000000000e+01 2.000000000000000000e+00 1.900000000000000000e+01 0.000000000000000000e+00 1.600000000000000089e+00 1.255999999999999955e-03 2.511199999999999891e-02 -9.996840000000000170e-01 1.976259999999999961e-01 -9.799750000000000405e-01 -2.436899999999999830e-02 -9.802769999999999539e-01 -1.975320000000000131e-01 -6.193999999999999853e-03
1.700000000000000000e+01 4.000000000000000000e+00 2.000000000000000000e+01 0.000000000000000000e+00 1.600000000000000089e+00 -1.036999999999999944e-03 -5.176000000000000045e-03 -9.999860000000000415e-01 3.256379999999999830e-01 -9.454839999999999911e-01 4.556000000000000154e-03 -9.454939999999999456e-01 -3.256279999999999730e-01 2.665999999999999967e-03
2.200000000000000000e+01 4.000000000000000000e+00 2.000000000000000000e+01 0.000000000000000000e+00 1.600000000000000089e+00 7.699999999999999597e-04 1.434299999999999985e-02 -9.998970000000000358e-01 3.217679999999999985e-01 -9.467250000000000387e-01 -1.333200000000000010e-02 -9.468180000000000485e-01 -3.217240000000000100e-01 -5.343999999999999792e-03
1.000000000000000000e+00 1.300000000000000000e+01 2.000000000000000000e+01 0.000000000000000000e+00 1.600000000000000089e+00 -1.391000000000000092e-03 -1.846999999999999901e-03 9.999970000000000248e-01 2.558810000000000251e-01 9.667059999999999542e-01 2.141999999999999807e-03 -9.667069999999999830e-01 2.558830000000000271e-01 -8.720000000000000537e-04
7.000000000000000000e+00 1.300000000000000000e+01 2.000000000000000000e+01 0.000000000000000000e+00 1.600000000000000089e+00 -4.449999999999999746e-04 -2.069999999999999792e-03 9.999980000000000535e-01 2.578949999999999854e-01 9.661710000000000020e-01 2.115000000000000126e-03 -9.661729999999999485e-01 2.578960000000000141e-01 1.039999999999999936e-04
2.100000000000000000e+01 1.300000000000000000e+01 2.000000000000000000e+01 0.000000000000000000e+00 1.600000000000000089e+00 -3.119999999999999944e-04 -1.196999999999999930e-03 9.999989999999999712e-01 2.672709999999999808e-01 9.636209999999999498e-01 1.237000000000000035e-03 -9.636209999999999498e-01 2.672709999999999808e-01 2.000000000000000164e-05
2.400000000000000000e+01 1.300000000000000000e+01 2.000000000000000000e+01 0.000000000000000000e+00 1.600000000000000089e+00 1.737000000000000046e-03 7.512999999999999713e-03 9.999700000000000255e-01 2.652070000000000261e-01 9.641610000000000458e-01 -7.703999999999999911e-03 -9.641899999999999915e-01 2.652129999999999765e-01 -3.170000000000000075e-04
3.000000000000000000e+01 1.300000000000000000e+01 2.000000000000000000e+01 0.000000000000000000e+00 1.600000000000000089e+00 1.079999999999999960e-04 7.216000000000000192e-03 9.999740000000000295e-01 2.600979999999999959e-01 9.655569999999999986e-01 -6.995999999999999615e-03 -9.655820000000000514e-01 2.600919999999999899e-01 -1.773000000000000053e-03
2.600000000000000000e+01 5.000000000000000000e+01 2.200000000000000000e+01 0.000000000000000000e+00 1.600000000000000089e+00 -1.010600000000000040e-02 -5.788999999999999875e-03 -9.999320000000000430e-01 -5.820640000000000258e-01 8.131420000000000314e-01 1.175000000000000046e-03 8.130800000000000249e-01 5.820359999999999978e-01 -1.158700000000000008e-02
5.000000000000000000e+00 3.000000000000000000e+00 2.500000000000000000e+01 0.000000000000000000e+00 1.600000000000000089e+00 -9.470000000000000336e-04 -1.282400000000000033e-02 9.999169999999999447e-01 -6.597100000000000186e-02 -9.977390000000000425e-01 -1.285900000000000064e-02 9.978209999999999580e-01 -6.597799999999999498e-02 9.899999999999999404e-05
1.200000000000000000e+01 3.000000000000000000e+00 2.500000000000000000e+01 0.000000000000000000e+00 1.600000000000000089e+00 -8.443000000000000851e-03 -2.787500000000000047e-02 9.995760000000000201e-01 -8.799899999999999389e-02 -9.957120000000000415e-01 -2.851000000000000062e-02 9.960849999999999982e-01 -8.820200000000000262e-02 5.954000000000000091e-03
1.700000000000000000e+01 3.000000000000000000e+00 2.500000000000000000e+01 0.000000000000000000e+00 1.600000000000000089e+00 -3.956999999999999580e-03 -6.342999999999999680e-03 9.999719999999999720e-01 -9.951000000000000123e-02 -9.950139999999999540e-01 -6.705000000000000022e-03 9.950290000000000523e-01 -9.953299999999999648e-02 3.305999999999999911e-03
2.200000000000000000e+01 3.000000000000000000e+00 2.500000000000000000e+01 0.000000000000000000e+00 1.600000000000000089e+00 2.194999999999999903e-03 1.379499999999999997e-02 9.999019999999999575e-01 -9.352800000000000002e-02 -9.955190000000000428e-01 1.393900000000000000e-02 9.956139999999999990e-01 -9.354899999999999327e-02 -8.949999999999999623e-04
2.500000000000000000e+01 3.000000000000000000e+00 2.500000000000000000e+01 0.000000000000000000e+00 1.600000000000000089e+00 3.690999999999999837e-03 1.766799999999999968e-02 9.998369999999999758e-01 -8.803999999999999326e-02 -9.959559999999999524e-01 1.792499999999999996e-02 9.961100000000000509e-01 -8.809100000000000263e-02 -2.119999999999999923e-03
1.100000000000000000e+01 4.600000000000000000e+01 2.700000000000000000e+01 0.000000000000000000e+00 1.600000000000000089e+00 -8.239999999999999712e-04 -4.650000000000000270e-04 -1.000000000000000000e+00 6.771080000000000432e-01 7.358829999999999538e-01 -8.999999999999999754e-04 7.358829999999999538e-01 -6.771080000000000432e-01 -2.919999999999999961e-04
1.800000000000000000e+01 4.600000000000000000e+01 2.700000000000000000e+01 0.000000000000000000e+00 1.600000000000000089e+00 -2.660000000000000146e-04 -1.404999999999999999e-03 -9.999989999999999712e-01 6.751470000000000526e-01 7.376819999999999489e-01 -1.216000000000000067e-03 7.376829999999999776e-01 -6.751470000000000526e-01 7.519999999999999558e-04
2.200000000000000000e+01 4.600000000000000000e+01 2.700000000000000000e+01 0.000000000000000000e+00 1.600000000000000089e+00 -6.019999999999999961e-04 -2.052000000000000005e-03 -9.999980000000000535e-01 6.703890000000000127e-01 7.420069999999999721e-01 -1.925999999999999978e-03 7.420090000000000297e-01 -6.703890000000000127e-01 9.290000000000000297e-04
3.000000000000000000e+01 4.600000000000000000e+01 2.700000000000000000e+01 0.000000000000000000e+00 1.600000000000000089e+00 7.690000000000000438e-04 2.310000000000000042e-04 -1.000000000000000000e+00 6.640470000000000539e-01 7.476909999999999945e-01 6.840000000000000377e-04 7.476909999999999945e-01 -6.640470000000000539e-01 4.220000000000000118e-04
9.000000000000000000e+00 4.600000000000000000e+01 3.000000000000000000e+01 0.000000000000000000e+00 1.600000000000000089e+00 1.250000000000000026e-04 -1.131000000000000061e-03 -9.999989999999999712e-01 3.327530000000000210e-01 9.430129999999999901e-01 -1.025000000000000086e-03 9.430140000000000189e-01 -3.327530000000000210e-01 4.939999999999999730e-04
1.200000000000000000e+01 4.600000000000000000e+01 3.000000000000000000e+01 0.000000000000000000e+00 1.600000000000000089e+00 -3.869999999999999742e-04 -1.415000000000000025e-03 -9.999989999999999712e-01 3.312160000000000104e-01 9.435540000000000038e-01 -1.463000000000000108e-03 9.435550000000000326e-01 -3.312160000000000104e-01 1.039999999999999936e-04
2.700000000000000000e+01 4.600000000000000000e+01 3.000000000000000000e+01 0.000000000000000000e+00 1.600000000000000089e+00 1.240000000000000000e-03 1.097000000000000102e-03 -9.999989999999999712e-01 3.187639999999999918e-01 9.478330000000000366e-01 1.435000000000000078e-03 9.478330000000000366e-01 -3.187650000000000206e-01 8.249999999999999955e-04
3.000000000000000000e+00 5.800000000000000000e+01 3.100000000000000000e+01 0.000000000000000000e+00 1.600000000000000089e+00 -3.766999999999999949e-03 -1.273000000000000043e-03 9.999919999999999920e-01 -8.002219999999999889e-01 -5.996920000000000028e-01 -3.778000000000000108e-03 5.996920000000000028e-01 -8.002299999999999969e-01 1.240999999999999916e-03
1.100000000000000000e+01 5.800000000000000000e+01 3.100000000000000000e+01 0.000000000000000000e+00 1.600000000000000089e+00 6.769999999999999759e-04 -7.069999999999999462e-04 1.000000000000000000e+00 -7.986600000000000366e-01 -6.017820000000000391e-01 1.150000000000000035e-04 6.017820000000000391e-01 -7.986600000000000366e-01 -9.719999999999999907e-04
1.500000000000000000e+01 5.800000000000000000e+01 3.100000000000000000e+01 0.000000000000000000e+00 1.600000000000000089e+00 -6.109999999999999980e-04 -1.696999999999999941e-03 9.999980000000000535e-01 -7.974620000000000042e-01 -6.033669999999999867e-01 -1.512000000000000106e-03 6.033680000000000154e-01 -7.974620000000000042e-01 -9.849999999999999815e-04
1.800000000000000000e+01 5.800000000000000000e+01 3.100000000000000000e+01 0.000000000000000000e+00 1.600000000000000089e+00 -3.419000000000000164e-03 -5.147999999999999798e-03 9.999810000000000088e-01 -7.984179999999999611e-01 -6.020759999999999446e-01 -5.828999999999999980e-03 6.020940000000000181e-01 -7.984219999999999651e-01 -2.052000000000000005e-03
2.300000000000000000e+01 5.800000000000000000e+01 3.100000000000000000e+01 0.000000000000000000e+00 1.600000000000000089e+00 -6.319999999999999663e-04 -4.478000000000000209e-03 9.999900000000000455e-01 -7.958070000000000421e-01 -6.055409999999999959e-01 -3.214999999999999976e-03 6.055500000000000327e-01 -7.958009999999999806e-01 -3.180999999999999800e-03
2.800000000000000000e+01 5.800000000000000000e+01 3.100000000000000000e+01 0.000000000000000000e+00 1.600000000000000089e+00 5.859999999999999758e-03 7.990999999999999839e-03 9.999510000000000343e-01 -7.850340000000000096e-01 -6.193790000000000129e-01 9.549999999999999462e-03 6.194250000000000034e-01 -7.850519999999999721e-01 2.644000000000000083e-03
1.300000000000000000e+01 1.800000000000000000e+01 3.400000000000000000e+01 0.000000000000000000e+00 1.600000000000000089e+00 -1.265000000000000065e-03 -6.258999999999999807e-03 -9.999799999999999800e-01 -3.111860000000000182e-01 -9.503279999999999506e-01 6.342000000000000415e-03 -9.503479999999999706e-01 3.111869999999999914e-01 -7.450000000000000025e-04
1.800000000000000000e+01 1.800000000000000000e+01 3.400000000000000000e+01 0.000000000000000000e+00 1.600000000000000089e+00 -4.470000000000000232e-04 -2.175999999999999983e-03 -9.999970000000000248e-01 -3.062790000000000235e-01 -9.519389999999999796e-01 2.209000000000000026e-03 -9.519419999999999549e-01 3.062790000000000235e-01 -2.410000000000000033e-04
6.000000000000000000e+00 4.600000000000000000e+01 3.500000000000000000e+01 0.000000000000000000e+00 1.600000000000000089e+00 -2.207999999999999893e-03 -1.709999999999999932e-03 -9.999959999999999960e-01 3.952320000000000277e-01 -9.185809999999999809e-01 6.980000000000000527e-04 -9.185790000000000344e-01 -3.952289999999999970e-01 2.703999999999999806e-03
1.100000000000000000e+01 4.600000000000000000e+01 3.500000000000000000e+01 0.000000000000000000e+00 1.600000000000000089e+00 6.520000000000000188e-04 -1.063399999999999936e-02 -9.999430000000000263e-01 3.921549999999999758e-01 -9.198439999999999950e-01 1.003800000000000005e-02 -9.198990000000000222e-01 -3.921399999999999886e-01 3.569999999999999823e-03
1.600000000000000000e+01 4.600000000000000000e+01 3.500000000000000000e+01 0.000000000000000000e+00 1.600000000000000089e+00 1.046999999999999971e-03 -6.682999999999999705e-03 -9.999770000000000048e-01 3.920029999999999903e-01 -9.199410000000000087e-01 6.558999999999999726e-03 -9.199629999999999752e-01 -3.920009999999999883e-01 1.657000000000000053e-03
1.900000000000000000e+01 4.600000000000000000e+01 3.500000000000000000e+01 0.000000000000000000e+00 1.600000000000000089e+00 -5.599999999999999509e-04 -1.379999999999999933e-03 -9.999989999999999712e-01 3.930089999999999972e-01 -9.195339999999999625e-01 1.049000000000000019e-03 -9.195339999999999625e-01 -3.930080000000000240e-01 1.056999999999999997e-03
2.500000000000000000e+01 4.600000000000000000e+01 3.500000000000000000e+01 0.000000000000000000e+00 1.600000000000000089e+00 1.028000000000000051e-03 -6.263000000000000338e-03 -9.999799999999999800e-01 3.914199999999999902e-01 -9.201909999999999812e-01 6.165000000000000341e-03 -9.202110000000000012e-01 -3.914190000000000169e-01 1.505999999999999960e-03
2.900000000000000000e+01 4.600000000000000000e+01 3.500000000000000000e+01 0.000000000000000000e+00 1.600000000000000089e+00 1.640000000000000019e-04 -6.487999999999999844e-03 -9.999789999999999512e-01 3.903159999999999963e-01 -9.206609999999999516e-01 6.036999999999999832e-03 -9.206809999999999716e-01 -3.903090000000000170e-01 2.382000000000000003e-03
5.000000000000000000e+00 9.500000000000000000e+01 3.600000000000000000e+01 0.000000000000000000e+00 1.600000000000000089e+00 7.326000000000000047e-03 1.198699999999999939e-02 9.999010000000000398e-01 9.981100000000000527e-01 6.092800000000000299e-02 -8.042999999999999802e-03 -6.101800000000000279e-02 9.980700000000000127e-01 -1.151800000000000046e-02
8.000000000000000000e+00 9.500000000000000000e+01 3.600000000000000000e+01 0.000000000000000000e+00 1.600000000000000089e+00 8.106000000000000358e-03 7.107999999999999735e-03 9.999419999999999975e-01 9.976530000000000120e-01 6.793699999999999739e-02 -8.569999999999999493e-03 -6.799399999999999888e-02 9.976639999999999953e-01 -6.539999999999999807e-03
1.600000000000000000e+01 9.500000000000000000e+01 3.600000000000000000e+01 0.000000000000000000e+00 1.600000000000000089e+00 4.227999999999999987e-03 -1.599400000000000127e-02 9.998629999999999463e-01 9.972609999999999530e-01 7.390700000000000047e-02 -3.034999999999999937e-03 -7.384799999999999698e-02 9.971370000000000511e-01 1.626199999999999868e-02
2.000000000000000000e+01 9.500000000000000000e+01 3.600000000000000000e+01 0.000000000000000000e+00 1.600000000000000089e+00 1.482000000000000027e-03 -5.870999999999999830e-02 9.982739999999999947e-01 9.971470000000000056e-01 7.542999999999999705e-02 2.955999999999999860e-03 -7.547299999999999842e-02 9.954210000000000003e-01 5.865399999999999781e-02
2.000000000000000000e+00 3.000000000000000000e+00 4.300000000000000000e+01 0.000000000000000000e+00 1.600000000000000089e+00 -6.104000000000000051e-03 -1.873599999999999918e-02 -9.998059999999999725e-01 7.373880000000000434e-01 -6.754200000000000204e-01 8.155000000000000790e-03 -6.754419999999999868e-01 -7.371950000000000447e-01 1.793799999999999908e-02
7.000000000000000000e+00 3.000000000000000000e+00 4.300000000000000000e+01 0.000000000000000000e+00 1.600000000000000089e+00 -4.481999999999999873e-03 -1.021999999999999905e-03 -9.999890000000000168e-01 7.376549999999999496e-01 -6.751730000000000231e-01 -2.615999999999999836e-03 -6.751629999999999576e-01 -7.376589999999999536e-01 3.779999999999999940e-03
1.400000000000000000e+01 3.000000000000000000e+00 4.300000000000000000e+01 0.000000000000000000e+00 1.600000000000000089e+00 2.648000000000000180e-03 1.153700000000000038e-02 -9.999299999999999855e-01 7.347299999999999942e-01 -6.783350000000000213e-01 -5.880999999999999943e-03 -6.783550000000000413e-01 -7.346629999999999550e-01 -1.027299999999999915e-02
1.800000000000000000e+01 3.000000000000000000e+00 4.300000000000000000e+01 0.000000000000000000e+00 1.600000000000000089e+00 2.429999999999999868e-03 1.149999999999999981e-03 -9.999959999999999960e-01 7.373420000000000529e-01 -6.755189999999999806e-01 1.015000000000000060e-03 -6.755149999999999766e-01 -7.373420000000000529e-01 -2.490000000000000026e-03
2.100000000000000000e+01 3.000000000000000000e+00 4.300000000000000000e+01 0.000000000000000000e+00 1.600000000000000089e+00 4.145000000000000247e-03 1.404299999999999993e-02 -9.998930000000000318e-01 7.367010000000000502e-01 -6.761880000000000113e-01 -6.442999999999999942e-03 -6.762059999999999738e-01 -7.365949999999999998e-01 -1.314799999999999996e-02
2.400000000000000000e+01 3.000000000000000000e+00 4.300000000000000000e+01 0.000000000000000000e+00 1.600000000000000089e+00 5.859999999999999758e-03 2.902599999999999972e-02 -9.995610000000000328e-01 7.321860000000000035e-01 -6.809290000000000065e-01 -1.548099999999999997e-02 -6.810800000000000187e-01 -7.317740000000000355e-01 -2.524300000000000155e-02
2.900000000000000000e+01 3.000000000000000000e+00 4.300000000000000000e+01 0.000000000000000000e+00 1.600000000000000089e+00 8.718000000000000055e-03 2.692699999999999955e-02 -9.995990000000000153e-01 7.291849999999999721e-01 -6.842099999999999849e-01 -1.207199999999999940e-02 -6.842610000000000081e-01 -7.287879999999999914e-01 -2.560000000000000123e-02
1.500000000000000000e+01 8.000000000000000000e+00 4.400000000000000000e+01 0.000000000000000000e+00 1.600000000000000089e+00 -2.186000000000000009e-03 4.653000000000000018e-03 9.999869999999999592e-01 -7.825170000000000181e-01 -6.226279999999999593e-01 1.186999999999999904e-03 6.226260000000000128e-01 -7.825039999999999774e-01 5.002000000000000370e-03
2.600000000000000000e+01 8.000000000000000000e+00 4.400000000000000000e+01 0.000000000000000000e+00 1.600000000000000089e+00 7.427999999999999707e-03 1.603500000000000064e-02 9.998439999999999550e-01 -7.819430000000000547e-01 -6.231499999999999817e-01 1.580300000000000107e-02 6.233060000000000267e-01 -7.819380000000000219e-01 7.910000000000000364e-03
2.000000000000000000e+00 2.900000000000000000e+01 4.400000000000000000e+01 0.000000000000000000e+00 1.600000000000000089e+00 -2.677000000000000126e-03 -1.800000000000000113e-04 -9.999959999999999960e-01 6.562299999999999800e-01 7.545579999999999510e-01 -1.892999999999999934e-03 7.545560000000000045e-01 -6.562329999999999552e-01 -1.902000000000000045e-03
6.000000000000000000e+00 2.900000000000000000e+01 4.400000000000000000e+01 0.000000000000000000e+00 1.600000000000000089e+00 -3.395000000000000014e-03 -2.039000000000000014e-03 -9.999919999999999920e-01 6.607429999999999692e-01 7.506030000000000202e-01 -3.774000000000000011e-03 7.506049999999999667e-01 -6.607499999999999485e-01 -1.201000000000000028e-03
9.000000000000000000e+00 2.900000000000000000e+01 4.400000000000000000e+01 0.000000000000000000e+00 1.600000000000000089e+00 -1.853999999999999962e-03 -2.069000000000000093e-03 -9.999959999999999960e-01 6.653790000000000537e-01 7.465009999999999701e-01 -2.778000000000000087e-03 7.465039999999999454e-01 -6.653810000000000002e-01 -7.999999999999999638e-06
1.300000000000000000e+01 2.900000000000000000e+01 4.400000000000000000e+01 0.000000000000000000e+00 1.600000000000000089e+00 -7.860000000000000233e-04 -2.289999999999999935e-03 -9.999970000000000248e-01 6.674390000000000045e-01 7.446610000000000174e-01 -2.230000000000000211e-03 7.446639999999999926e-01 -6.674390000000000045e-01 9.430000000000000448e-04
1.700000000000000000e+01 2.900000000000000000e+01 4.400000000000000000e+01 0.000000000000000000e+00 1.600000000000000089e+00 4.929999999999999487e-04 1.095000000000000053e-03 -9.999989999999999712e-01 6.697910000000000252e-01 7.425490000000000146e-01 1.142999999999999919e-03 7.425500000000000433e-01 -6.697910000000000252e-01 -3.669999999999999760e-04
2.000000000000000000e+01 2.900000000000000000e+01 4.400000000000000000e+01 0.000000000000000000e+00 1.600000000000000089e+00 1.910999999999999938e-03 1.881000000000000076e-03 -9.999959999999999960e-01 6.666539999999999688e-01 7.453619999999999690e-01 2.675999999999999993e-03 7.453650000000000553e-01 -6.666570000000000551e-01 1.710000000000000094e-04
2.400000000000000000e+01 2.900000000000000000e+01 4.400000000000000000e+01 0.000000000000000000e+00 1.600000000000000089e+00 1.364999999999999894e-03 3.009999999999999980e-04 -9.999989999999999712e-01 6.548009999999999664e-01 7.558000000000000274e-01 1.121000000000000035e-03 7.558000000000000274e-01 -6.548019999999999952e-01 8.350000000000000217e-04
2.800000000000000000e+01 2.900000000000000000e+01 4.400000000000000000e+01 0.000000000000000000e+00 1.600000000000000089e+00 -7.439999999999999782e-04 -1.389000000000000044e-03 -9.999989999999999712e-01 6.487330000000000041e-01 7.610139999999999683e-01 -1.539999999999999919e-03 7.610149999999999970e-01 -6.487340000000000328e-01 3.350000000000000113e-04
5.000000000000000000e+00 7.000000000000000000e+01 4.700000000000000000e+01 0.000000000000000000e+00 1.600000000000000089e+00 1.623000000000000094e-03 -1.681999999999999901e-03 -9.999970000000000248e-01 -8.450670000000000126e-01 -5.346610000000000529e-01 -4.719999999999999803e-04 -5.346579999999999666e-01 8.450649999999999551e-01 -2.288999999999999802e-03
3.000000000000000000e+00 6.000000000000000000e+00 5.100000000000000000e+01 0.000000000000000000e+00 1.600000000000000089e+00 -2.511999999999999910e-03 -1.358000000000000006e-02 -9.999050000000000438e-01 3.157900000000000151e-01 -9.487520000000000397e-01 1.209200000000000032e-02 -9.488259999999999472e-01 -3.157289999999999819e-01 6.670999999999999847e-03
6.000000000000000000e+00 6.000000000000000000e+00 5.100000000000000000e+01 0.000000000000000000e+00 1.600000000000000089e+00 -4.779000000000000262e-03 -1.595099999999999990e-02 -9.998609999999999998e-01 3.146320000000000228e-01 -9.491159999999999597e-01 1.363699999999999982e-02 -9.492019999999999902e-01 -3.145229999999999970e-01 9.553999999999999992e-03
1.000000000000000000e+01 6.000000000000000000e+00 5.100000000000000000e+01 0.000000000000000000e+00 1.600000000000000089e+00 -5.538999999999999653e-03 -1.005200000000000017e-02 -9.999339999999999895e-01 3.196840000000000237e-01 -9.474930000000000296e-01 7.753999999999999608e-03 -9.475080000000000169e-01 -3.196200000000000152e-01 8.460999999999999771e-03
2.400000000000000000e+01 6.000000000000000000e+00 5.100000000000000000e+01 0.000000000000000000e+00 1.600000000000000089e+00 3.938999999999999793e-03 1.587900000000000075e-02 -9.998660000000000325e-01 3.098929999999999740e-01 -9.506700000000000150e-01 -1.387700000000000045e-02 -9.507630000000000248e-01 -3.097960000000000158e-01 -8.665000000000000827e-03
9.000000000000000000e+00 7.000000000000000000e+00 5.200000000000000000e+01 0.000000000000000000e+00 1.600000000000000089e+00 -7.028000000000000393e-03 -9.344999999999999141e-03 -9.999320000000000430e-01 1.192190000000000055e-01 -9.928320000000000478e-01 8.441000000000000586e-03 -9.928430000000000311e-01 -1.191510000000000069e-01 8.090999999999999234e-03
2.500000000000000000e+01 7.000000000000000000e+00 5.200000000000000000e+01 0.000000000000000000e+00 1.600000000000000089e+00 9.608999999999999486e-03 1.458600000000000001e-02 -9.998470000000000413e-01 9.884600000000000330e-02 -9.950099999999999500e-01 -1.356500000000000067e-02 -9.950560000000000516e-01 -9.870099999999999707e-02 -1.100300000000000063e-02
3.000000000000000000e+01 7.000000000000000000e+00 5.200000000000000000e+01 0.000000000000000000e+00 1.600000000000000089e+00 7.804000000000000173e-03 1.222499999999999976e-02 -9.998949999999999783e-01 8.725600000000000023e-02 -9.961200000000000054e-01 -1.149799999999999954e-02 -9.961550000000000127e-01 -8.715699999999999836e-02 -8.840999999999999900e-03
8.000000000000000000e+00 6.300000000000000000e+01 5.400000000000000000e+01 0.000000000000000000e+00 1.600000000000000089e+00 -2.504000000000000149e-03 -4.409999999999999858e-03 9.999869999999999592e-01 -3.382820000000000271e-01 9.410389999999999588e-01 3.302999999999999946e-03 -9.410410000000000164e-01 -3.382689999999999864e-01 -3.848999999999999991e-03
1.500000000000000000e+01 6.300000000000000000e+01 5.400000000000000000e+01 0.000000000000000000e+00 1.600000000000000089e+00 1.026000000000000002e-03 1.469999999999999953e-04 1.000000000000000000e+00 -3.346339999999999870e-01 9.423479999999999634e-01 2.039999999999999984e-04 -9.423470000000000457e-01 -3.346350000000000158e-01 1.015999999999999976e-03
2.400000000000000000e+01 6.300000000000000000e+01 5.400000000000000000e+01 0.000000000000000000e+00 1.600000000000000089e+00 6.772000000000000242e-03 4.396999999999999867e-03 9.999670000000000503e-01 -3.426230000000000109e-01 9.394709999999999450e-01 -1.809999999999999977e-03 -9.394489999999999785e-01 -3.426000000000000156e-01 7.868999999999999259e-03
7.000000000000000000e+00 2.000000000000000000e+01 6.000000000000000000e+01 0.000000000000000000e+00 1.600000000000000089e+00 -2.820000000000000241e-04 -9.634999999999999468e-03 9.999540000000000095e-01 -6.187399999999999844e-02 9.980379999999999807e-01 9.598999999999999894e-03 -9.980839999999999712e-01 -6.186799999999999938e-02 -8.779999999999999827e-04
3.000000000000000000e+00 2.100000000000000000e+01 6.000000000000000000e+01 0.000000000000000000e+00 1.600000000000000089e+00 -1.521000000000000000e-03 -4.785000000000000191e-03 9.999869999999999592e-01 -9.722000000000000086e-02 9.952520000000000255e-01 4.614000000000000046e-03 -9.952619999999999800e-01 -9.721100000000000574e-02 -1.978999999999999856e-03
8.000000000000000000e+00 2.100000000000000000e+01 6.000000000000000000e+01 0.000000000000000000e+00 1.600000000000000089e+00 2.939999999999999905e-04 -4.836000000000000021e-03 9.999879999999999880e-01 -9.548199999999999743e-02 9.954190000000000538e-01 4.841999999999999950e-03 -9.954309999999999548e-01 -9.548199999999999743e-02 -1.689999999999999879e-04
1.400000000000000000e+01 2.100000000000000000e+01 6.000000000000000000e+01 0.000000000000000000e+00 1.600000000000000089e+00 -5.659999999999999884e-04 -9.048999999999999752e-03 9.999590000000000423e-01 -9.321100000000000219e-02 9.956059999999999910e-01 8.956999999999999684e-03 -9.956460000000000310e-01 -9.320199999999999319e-02 -1.407000000000000048e-03
1.800000000000000000e+01 2.100000000000000000e+01 6.000000000000000000e+01 0.000000000000000000e+00 1.600000000000000089e+00 -1.621000000000000045e-03 -6.603000000000000362e-03 9.999770000000000048e-01 -9.318500000000000394e-02 9.956279999999999575e-01 6.424000000000000023e-03 -9.956469999999999487e-01 -9.317300000000000582e-02 -2.230000000000000211e-03
2.400000000000000000e+01 2.100000000000000000e+01 6.000000000000000000e+01 0.000000000000000000e+00 1.600000000000000089e+00 -1.507000000000000093e-03 4.871999999999999595e-03 9.999869999999999592e-01 -9.582300000000000539e-02 9.953859999999999930e-01 -4.994000000000000175e-03 -9.953969999999999763e-01 -9.582999999999999852e-02 -1.033999999999999980e-03
2.900000000000000000e+01 2.100000000000000000e+01 6.000000000000000000e+01 0.000000000000000000e+00 1.600000000000000089e+00 -1.093000000000000005e-03 2.293800000000000006e-02 9.997359999999999580e-01 -9.550000000000000155e-02 9.951649999999999663e-01 -2.293800000000000006e-02 -9.954290000000000083e-01 -9.550000000000000155e-02 1.101999999999999898e-03
2.300000000000000000e+01 8.200000000000000000e+01 6.200000000000000000e+01 0.000000000000000000e+00 1.600000000000000089e+00 6.358319999999999528e-01 -7.465249999999999941e-01 1.960050000000000125e-01 -6.465929999999999733e-01 -6.538749999999999840e-01 -3.928929999999999922e-01 4.214669999999999805e-01 1.230789999999999940e-01 -8.984529999999999461e-01
2.400000000000000000e+01 3.000000000000000000e+00 6.300000000000000000e+01 0.000000000000000000e+00 1.600000000000000089e+00 1.699999999999999905e-03 1.369199999999999931e-02 9.999050000000000438e-01 -6.249789999999999512e-01 7.805819999999999981e-01 -9.627000000000000141e-03 -7.806389999999999718e-01 -6.249040000000000150e-01 9.884000000000000424e-03
8.000000000000000000e+00 2.700000000000000000e+01 6.300000000000000000e+01 0.000000000000000000e+00 1.600000000000000089e+00 1.080999999999999930e-03 -3.487000000000000082e-03 9.999930000000000208e-01 -2.787310000000000065e-01 9.603620000000000489e-01 3.650000000000000033e-03 -9.603690000000000282e-01 -2.787330000000000085e-01 6.600000000000000506e-05
1.200000000000000000e+01 2.700000000000000000e+01 6.300000000000000000e+01 0.000000000000000000e+00 1.600000000000000089e+00 1.978999999999999856e-03 -4.891000000000000382e-03 9.999860000000000415e-01 -2.802990000000000204e-01 9.598980000000000290e-01 5.250000000000000326e-03 -9.599109999999999587e-01 -2.803059999999999996e-01 5.289999999999999564e-04
1.600000000000000000e+01 2.700000000000000000e+01 6.300000000000000000e+01 0.000000000000000000e+00 1.600000000000000089e+00 7.780000000000000457e-04 -3.324000000000000132e-03 9.999940000000000495e-01 -2.815860000000000030e-01 9.595299999999999940e-01 3.408000000000000005e-03 -9.595359999999999445e-01 -2.815869999999999762e-01 -1.900000000000000105e-04
2.200000000000000000e+01 2.700000000000000000e+01 6.300000000000000000e+01 0.000000000000000000e+00 1.600000000000000089e+00 -1.229000000000000058e-03 -3.049000000000000061e-03 9.999949999999999672e-01 -2.761799999999999811e-01 9.611030000000000406e-01 2.590999999999999987e-03 -9.611049999999999871e-01 -2.761750000000000038e-01 -2.023000000000000059e-03
