1.300000000000000000e+01 2.500000000000000000e+01 1.000000000000000000e+00 0.000000000000000000e+00 1.600000000000000089e+00 1.621000000000000045e-03 -2.100000000000000087e-04 -9.999989999999999712e-01 -5.172020000000000506e-01 -8.558630000000000404e-01 -6.589999999999999721e-04 -8.558620000000000116e-01 5.172020000000000506e-01 -1.495999999999999934e-03
7.000000000000000000e+00 1.500000000000000000e+01 4.000000000000000000e+00 0.000000000000000000e+00 1.600000000000000089e+00 1.982999999999999954e-03 -4.455999999999999892e-03 9.999879999999999880e-01 3.110490000000000199e-01 -9.503810000000000313e-01 -4.852000000000000410e-03 9.503920000000000146e-01 3.110550000000000259e-01 -4.979999999999999618e-04
1.100000000000000000e+01 1.500000000000000000e+01 4.000000000000000000e+00 0.000000000000000000e+00 1.600000000000000089e+00 1.214999999999999934e-03 -1.039999999999999936e-04 9.999989999999999712e-01 3.106320000000000192e-01 -9.505299999999999860e-01 -4.760000000000000234e-04 9.505299999999999860e-01 3.106320000000000192e-01 -1.121999999999999950e-03
1.800000000000000000e+01 1.500000000000000000e+01 4.000000000000000000e+00 0.000000000000000000e+00 1.600000000000000089e+00 -3.099999999999999999e-04 6.151000000000000217e-03 9.999810000000000088e-01 3.133889999999999731e-01 -9.496059999999999501e-01 5.937999999999999702e-03 9.496250000000000524e-01 3.133850000000000247e-01 -1.632999999999999903e-03
2.500000000000000000e+01 1.500000000000000000e+01 4.000000000000000000e+00 0.000000000000000000e+00 1.600000000000000089e+00 -1.265999999999999981e-03 -7.368000000000000417e-03 9.999719999999999720e-01 3.147539999999999782e-01 -9.491500000000000492e-01 -6.595000000000000168e-03 9.491720000000000157e-01 3.147369999999999890e-01 3.520000000000000125e-03
2.700000000000000000e+01 1.500000000000000000e+01 4.000000000000000000e+00 0.000000000000000000e+00 1.600000000000000089e+00 6.759999999999999516e-04 -3.714999999999999986e-03 9.999930000000000208e-01 3.165109999999999868e-01 -9.485810000000000075e-01 -3.738000000000000003e-03 9.485879999999999868e-01 3.165120000000000156e-01 5.349999999999999938e-04
1.700000000000000000e+01 1.010000000000000000e+02 7.000000000000000000e+00 0.000000000000000000e+00 1.600000000000000089e+00 4.479999999999999933e-04 -2.039999999999999984e-04 1.000000000000000000e+00 8.863189999999999680e-01 4.630750000000000144e-01 -3.020000000000000223e-04 -4.630750000000000144e-01 8.863189999999999680e-01 3.879999999999999985e-04
2.100000000000000000e+01 1.010000000000000000e+02 7.000000000000000000e+00 0.000000000000000000e+00 1.600000000000000089e+00 3.569999999999999823e-03 8.729999999999999913e-03 9.999559999999999560e-01 8.876969999999999583e-01 4.603709999999999747e-01 -7.187999999999999945e-03 -4.604130000000000167e-01 8.876840000000000286e-01 -6.106000000000000316e-03
2.500000000000000000e+01 1.010000000000000000e+02 7.000000000000000000e+00 0.000000000000000000e+00 1.600000000000000089e+00 6.369999999999999794e-04 -7.924000000000000488e-03 9.999679999999999680e-01 8.888559999999999794e-01 4.581770000000000009e-01 3.063999999999999883e-03 -4.581870000000000109e-01 8.888260000000000050e-01 7.335000000000000374e-03
2.800000000000000000e+01 1.010000000000000000e+02 7.000000000000000000e+00 0.000000000000000000e+00 1.600000000000000089e+00 -1.812000000000000026e-03 -1.449399999999999994e-02 9.998930000000000318e-01 8.892240000000000144e-01 4.573990000000000000e-01 8.241999999999999327e-03 -4.574690000000000145e-01 8.891440000000000454e-01 1.205999999999999954e-02
6.000000000000000000e+00 2.500000000000000000e+01 8.000000000000000000e+00 0.000000000000000000e+00 1.600000000000000089e+00 1.939999999999999993e-04 -2.150000000000000001e-03 -9.999980000000000535e-01 4.449850000000000194e-01 8.955359999999999987e-01 -1.838999999999999923e-03 8.955379999999999452e-01 -4.449830000000000174e-01 1.131000000000000061e-03
9.000000000000000000e+00 2.500000000000000000e+01 8.000000000000000000e+00 0.000000000000000000e+00 1.600000000000000089e+00 -4.859999999999999954e-04 -7.474999999999999874e-03 -9.999719999999999720e-01 4.471640000000000059e-01 8.944260000000000543e-01 -6.903000000000000282e-03 8.944520000000000248e-01 -4.471539999999999959e-01 2.907999999999999995e-03
1.300000000000000000e+01 2.500000000000000000e+01 8.000000000000000000e+00 0.000000000000000000e+00 1.600000000000000089e+00 -2.099999999999999870e-03 -5.506999999999999743e-03 -9.999829999999999552e-01 4.481550000000000256e-01 8.939369999999999816e-01 -5.864000000000000289e-03 8.939540000000000264e-01 -4.481589999999999741e-01 5.910000000000000539e-04
1.700000000000000000e+01 2.500000000000000000e+01 8.000000000000000000e+00 0.000000000000000000e+00 1.600000000000000089e+00 -1.502999999999999996e-03 -6.499999999999999702e-04 -9.999989999999999712e-01 4.490879999999999872e-01 8.934870000000000312e-01 -1.255999999999999955e-03 8.934860000000000024e-01 -4.490890000000000160e-01 -1.051000000000000068e-03
2.600000000000000000e+01 2.500000000000000000e+01 8.000000000000000000e+00 0.000000000000000000e+00 1.600000000000000089e+00 -7.399999999999999623e-05 -4.226999999999999855e-03 -9.999909999999999632e-01 4.487650000000000250e-01 8.936410000000000187e-01 -3.810000000000000019e-03 8.936500000000000554e-01 -4.487619999999999942e-01 1.830999999999999945e-03
2.000000000000000000e+00 2.400000000000000000e+01 9.000000000000000000e+00 0.000000000000000000e+00 1.600000000000000089e+00 1.499999999999999869e-04 4.250999999999999571e-03 -9.999909999999999632e-01 4.486979999999999857e-01 8.936749999999999972e-01 3.866000000000000079e-03 8.936830000000000052e-01 -4.486950000000000105e-01 -1.773000000000000053e-03
6.000000000000000000e+00 2.400000000000000000e+01 9.000000000000000000e+00 0.000000000000000000e+00 1.600000000000000089e+00 -2.359999999999999902e-04 -2.814000000000000095e-03 -9.999959999999999960e-01 4.506370000000000098e-01 8.927030000000000243e-01 -2.618000000000000101e-03 8.927070000000000283e-01 -4.506359999999999810e-01 1.056999999999999997e-03
9.000000000000000000e+00 2.400000000000000000e+01 9.000000000000000000e+00 0.000000000000000000e+00 1.600000000000000089e+00 -6.999999999999999929e-04 -7.705000000000000043e-03 -9.999700000000000255e-01 4.526160000000000183e-01 8.916770000000000529e-01 -7.187999999999999945e-03 8.917049999999999699e-01 -4.526069999999999816e-01 2.863999999999999792e-03
1.300000000000000000e+01 2.400000000000000000e+01 9.000000000000000000e+00 0.000000000000000000e+00 1.600000000000000089e+00 -1.760000000000000063e-03 -4.196000000000000077e-03 -9.999900000000000455e-01 4.536410000000000164e-01 8.911729999999999929e-01 -4.538000000000000367e-03 8.911829999999999474e-01 -4.536439999999999917e-01 3.350000000000000113e-04
1.800000000000000000e+01 2.400000000000000000e+01 9.000000000000000000e+00 0.000000000000000000e+00 1.600000000000000089e+00 -1.299000000000000024e-03 3.435999999999999818e-03 -9.999930000000000208e-01 4.548139999999999961e-01 8.905830000000000135e-01 2.468999999999999841e-03 8.905849999999999600e-01 -4.548079999999999901e-01 -2.720000000000000195e-03
2.600000000000000000e+01 2.400000000000000000e+01 9.000000000000000000e+00 0.000000000000000000e+00 1.600000000000000089e+00 3.800000000000000209e-05 -4.693000000000000123e-03 -9.999890000000000168e-01 4.533179999999999987e-01 8.913389999999999924e-01 -4.166000000000000432e-03 8.913489999999999469e-01 -4.533130000000000215e-01 2.161999999999999859e-03
1.500000000000000000e+01 3.100000000000000000e+01 1.200000000000000000e+01 0.000000000000000000e+00 1.600000000000000089e+00 1.900000000000000105e-04 -2.651999999999999844e-03 9.999959999999999960e-01 -7.050000000000000060e-04 9.999959999999999960e-01 2.651999999999999844e-03 -1.000000000000000000e+00 -7.050000000000000060e-04 1.890000000000000133e-04
2.900000000000000000e+01 3.100000000000000000e+01 1.200000000000000000e+01 0.000000000000000000e+00 1.600000000000000089e+00 -1.523000000000000048e-03 -5.590999999999999616e-03 9.999829999999999552e-01 -4.192000000000000413e-03 9.999759999999999760e-01 5.584000000000000422e-03 -9.999900000000000455e-01 -4.183000000000000086e-03 -1.546000000000000065e-03
1.000000000000000000e+01 3.200000000000000000e+01 1.400000000000000000e+01 0.000000000000000000e+00 1.600000000000000089e+00 1.990000000000000124e-04 -3.399999999999999973e-05 -1.000000000000000000e+00 1.084350000000000036e-01 9.941029999999999589e-01 -1.299999999999999920e-05 9.941029999999999589e-01 -1.084350000000000036e-01 2.020000000000000040e-04
2.100000000000000000e+01 3.200000000000000000e+01 1.400000000000000000e+01 0.000000000000000000e+00 1.600000000000000089e+00 1.369999999999999961e-04 4.272999999999999889e-03 -9.999909999999999632e-01 1.063130000000000047e-01 9.943239999999999856e-01 4.264000000000000429e-03 9.943330000000000224e-01 -1.063130000000000047e-01 -3.179999999999999776e-04
3.000000000000000000e+00 1.200000000000000000e+01 1.500000000000000000e+01 0.000000000000000000e+00 1.600000000000000089e+00 -6.099999999999999737e-04 -1.023600000000000031e-02 -9.999470000000000303e-01 -4.647549999999999737e-01 -8.853900000000000103e-01 9.346999999999999406e-03 -8.854389999999999761e-01 4.647370000000000112e-01 -4.217000000000000262e-03
7.000000000000000000e+00 1.200000000000000000e+01 1.500000000000000000e+01 0.000000000000000000e+00 1.600000000000000089e+00 -2.062000000000000031e-03 -5.852999999999999696e-03 -9.999810000000000088e-01 -4.670989999999999864e-01 -8.841839999999999700e-01 6.139000000000000359e-03 -8.842029999999999612e-01 4.671020000000000172e-01 -9.110000000000000259e-04
1.000000000000000000e+01 1.200000000000000000e+01 1.500000000000000000e+01 0.000000000000000000e+00 1.600000000000000089e+00 -1.203999999999999992e-03 3.280000000000000038e-04 -9.999989999999999712e-01 -4.707540000000000058e-01 -8.822649999999999659e-01 2.770000000000000110e-04 -8.822640000000000482e-01 4.707540000000000058e-01 1.216000000000000067e-03
1.400000000000000000e+01 1.200000000000000000e+01 1.500000000000000000e+01 0.000000000000000000e+00 1.600000000000000089e+00 -6.819999999999999890e-04 -2.455000000000000151e-03 -9.999970000000000248e-01 -4.724160000000000026e-01 -8.813720000000000443e-01 2.485999999999999929e-03 -8.813760000000000483e-01 4.724160000000000026e-01 -5.590000000000000351e-04
1.600000000000000000e+01 1.160000000000000000e+02 1.600000000000000000e+01 0.000000000000000000e+00 1.600000000000000089e+00 4.879999999999999898e-04 2.416000000000000179e-03 9.999970000000000248e-01 6.948490000000000499e-01 7.191530000000000422e-01 -2.076999999999999853e-03 -7.191560000000000175e-01 6.948469999999999924e-01 -1.327000000000000055e-03
1.100000000000000000e+01 2.000000000000000000e+00 1.900000000000000000e+01 0.000000000000000000e+00 1.600000000000000089e+00 7.439999999999999782e-04 1.933999999999999955e-03 -9.999980000000000535e-01 1.901919999999999999e-01 -9.817449999999999788e-01 -1.757000000000000098e-03 -9.817470000000000363e-01 -1.901899999999999979e-01 -1.098000000000000018e-03
1.800000000000000000e+01 2.000000000000000000e+00 1.900000000000000000e+01 0.000000000000000000e+00 1.600000000000000089e+00 1.988000000000000184e-03 5.550000000000000462e-04 -9.999980000000000535e-01 1.910640000000000116e-01 -9.815779999999999506e-01 -1.649999999999999991e-04 -9.815760000000000041e-01 -1.910630000000000106e-01 -2.057999999999999934e-03
2.200000000000000000e+01 2.000000000000000000e+00 1.900000000000000000e+01 0.000000000000000000e+00 1.600000000000000089e+00 -7.860000000000000233e-04 -1.330000000000000019e-03 -9.999989999999999712e-01 1.927109999999999934e-01 -9.812549999999999883e-01 1.154000000000000078e-03 -9.812549999999999883e-01 -1.927099999999999924e-01 1.026999999999999918e-03
2.800000000000000000e+01 2.000000000000000000e+00 1.900000000000000000e+01 0.000000000000000000e+00 1.600000000000000089e+00 -2.227999999999999946e-03 -2.259999999999999856e-03 -9.999949999999999672e-01 1.948129999999999862e-01 -9.808390000000000164e-01 1.783000000000000080e-03 -9.808379999999999876e-01 -1.948080000000000089e-01 2.625999999999999862e-03
2.400000000000000000e+01 4.000000000000000000e+00 2.000000000000000000e+01 0.000000000000000000e+00 1.600000000000000089e+00 -3.027999999999999876e-03 -2.919000000000000154e-03 -9.999909999999999632e-01 3.067119999999999846e-01 -9.518010000000000081e-01 1.848999999999999949e-03 -9.517980000000000329e-01 -3.067039999999999766e-01 3.778000000000000108e-03
6.000000000000000000e+00 1.300000000000000000e+01 2.000000000000000000e+01 0.000000000000000000e+00 1.600000000000000089e+00 -8.700000000000000051e-05 -2.797000000000000007e-03 9.999959999999999960e-01 2.598949999999999871e-01 9.656329999999999636e-01 2.723999999999999859e-03 -9.656369999999999676e-01 2.598940000000000139e-01 6.430000000000000169e-04
1.200000000000000000e+01 1.300000000000000000e+01 2.000000000000000000e+01 0.000000000000000000e+00 1.600000000000000089e+00 -5.419999999999999471e-04 -3.527999999999999886e-03 9.999940000000000495e-01 2.609239999999999893e-01 9.653530000000000166e-01 3.546999999999999806e-03 -9.653589999999999671e-01 2.609250000000000180e-01 3.970000000000000005e-04
1.400000000000000000e+01 1.300000000000000000e+01 2.000000000000000000e+01 0.000000000000000000e+00 1.600000000000000089e+00 2.220000000000000022e-04 -1.098999999999999934e-03 9.999989999999999712e-01 2.608210000000000250e-01 9.653869999999999951e-01 1.002999999999999985e-03 -9.653869999999999951e-01 2.608210000000000250e-01 5.010000000000000347e-04
1.900000000000000000e+01 1.300000000000000000e+01 2.000000000000000000e+01 0.000000000000000000e+00 1.600000000000000089e+00 3.339999999999999870e-04 5.879999999999999810e-04 1.000000000000000000e+00 2.596609999999999752e-01 9.657000000000000028e-01 -6.539999999999999590e-04 -9.657000000000000028e-01 2.596609999999999752e-01 1.700000000000000122e-04
2.400000000000000000e+01 1.300000000000000000e+01 2.000000000000000000e+01 0.000000000000000000e+00 1.600000000000000089e+00 2.919999999999999961e-04 -1.441999999999999922e-03 9.999989999999999712e-01 2.582960000000000256e-01 9.660649999999999515e-01 1.317999999999999944e-03 -9.660659999999999803e-01 2.582949999999999968e-01 6.539999999999999590e-04
2.700000000000000000e+01 1.300000000000000000e+01 2.000000000000000000e+01 0.000000000000000000e+00 1.600000000000000089e+00 -1.023000000000000038e-03 4.760000000000000234e-04 9.999989999999999712e-01 2.575279999999999792e-01 9.662709999999999910e-01 -1.969999999999999909e-04 -9.662699999999999623e-01 2.575279999999999792e-01 -1.111000000000000008e-03
3.000000000000000000e+00 3.000000000000000000e+00 2.500000000000000000e+01 0.000000000000000000e+00 1.600000000000000089e+00 2.374999999999999941e-03 -2.085000000000000048e-03 9.999949999999999672e-01 -5.068899999999999795e-02 -9.987129999999999619e-01 -1.962000000000000202e-03 9.987120000000000442e-01 -5.068399999999999989e-02 -2.478000000000000168e-03
7.000000000000000000e+00 3.000000000000000000e+00 2.500000000000000000e+01 0.000000000000000000e+00 1.600000000000000089e+00 4.200000000000000174e-04 -4.330999999999999781e-03 9.999909999999999632e-01 -5.464999999999999719e-02 -9.984960000000000502e-01 -4.301000000000000136e-03 9.985049999999999759e-01 -5.464800000000000213e-02 -6.560000000000000076e-04
1.100000000000000000e+01 3.000000000000000000e+00 2.500000000000000000e+01 0.000000000000000000e+00 1.600000000000000089e+00 -8.850000000000000444e-04 2.639999999999999986e-03 9.999959999999999960e-01 -5.757999999999999924e-02 -9.983379999999999477e-01 2.583999999999999925e-03 9.983400000000000052e-01 -5.757700000000000318e-02 1.034999999999999896e-03
1.600000000000000000e+01 3.000000000000000000e+00 2.500000000000000000e+01 0.000000000000000000e+00 1.600000000000000089e+00 1.051999999999999984e-03 5.472000000000000301e-03 9.999850000000000128e-01 -5.866299999999999987e-02 -9.982630000000000114e-01 5.524000000000000264e-03 9.982769999999999699e-01 -5.866799999999999793e-02 -7.290000000000000473e-04
2.400000000000000000e+01 3.000000000000000000e+00 2.500000000000000000e+01 0.000000000000000000e+00 1.600000000000000089e+00 3.800000000000000209e-05 -2.188999999999999974e-03 9.999980000000000535e-01 -6.916600000000000525e-02 -9.976030000000000175e-01 -2.181000000000000213e-03 9.976049999999999640e-01 -6.916600000000000525e-02 -1.890000000000000133e-04
1.000000000000000000e+00 4.600000000000000000e+01 2.700000000000000000e+01 0.000000000000000000e+00 1.600000000000000089e+00 1.134000000000000025e-03 -9.669999999999999776e-04 -9.999989999999999712e-01 6.779300000000000326e-01 7.351259999999999462e-01 5.800000000000000034e-05 7.351250000000000284e-01 -6.779300000000000326e-01 1.489000000000000089e-03
1.100000000000000000e+01 4.600000000000000000e+01 2.700000000000000000e+01 0.000000000000000000e+00 1.600000000000000089e+00 -4.369999999999999970e-04 -5.100000000000000366e-04 -1.000000000000000000e+00 6.787549999999999972e-01 7.343640000000000168e-01 -6.710000000000000469e-04 7.343640000000000168e-01 -6.787560000000000260e-01 2.500000000000000120e-05
1.500000000000000000e+01 4.600000000000000000e+01 2.700000000000000000e+01 0.000000000000000000e+00 1.600000000000000089e+00 8.149999999999999693e-04 4.000000000000000327e-05 -1.000000000000000000e+00 6.782040000000000290e-01 7.348740000000000272e-01 5.829999999999999679e-04 7.348729999999999984e-01 -6.782040000000000290e-01 5.720000000000000258e-04
1.900000000000000000e+01 4.600000000000000000e+01 2.700000000000000000e+01 0.000000000000000000e+00 1.600000000000000089e+00 1.263000000000000017e-03 -5.450000000000000200e-04 -9.999989999999999712e-01 6.784949999999999593e-01 7.346049999999999525e-01 4.569999999999999952e-04 7.346040000000000347e-01 -6.784949999999999593e-01 1.297999999999999892e-03
5.000000000000000000e+00 4.600000000000000000e+01 3.000000000000000000e+01 0.000000000000000000e+00 1.600000000000000089e+00 2.489999999999999809e-04 -8.940000000000000464e-04 -1.000000000000000000e+00 3.306279999999999775e-01 9.437609999999999610e-01 -7.609999999999999577e-04 9.437609999999999610e-01 -3.306270000000000042e-01 5.310000000000000050e-04
5.000000000000000000e+00 5.800000000000000000e+01 3.100000000000000000e+01 0.000000000000000000e+00 1.600000000000000089e+00 -2.576000000000000165e-03 -1.072999999999999952e-03 9.999959999999999960e-01 -8.080199999999999605e-01 -5.891490000000000338e-01 -2.713000000000000134e-03 5.891490000000000338e-01 -8.080239999999999645e-01 6.509999999999999945e-04
9.000000000000000000e+00 5.800000000000000000e+01 3.100000000000000000e+01 0.000000000000000000e+00 1.600000000000000089e+00 -2.637000000000000021e-03 -8.289999999999999843e-04 9.999959999999999960e-01 -8.102209999999999690e-01 -5.861189999999999456e-01 -2.622999999999999898e-03 5.861189999999999456e-01 -8.102249999999999730e-01 8.739999999999999939e-04
1.300000000000000000e+01 5.800000000000000000e+01 3.100000000000000000e+01 0.000000000000000000e+00 1.600000000000000089e+00 6.380000000000000037e-04 -3.039000000000000035e-03 9.999949999999999672e-01 -8.102190000000000225e-01 -5.861269999999999536e-01 -1.263999999999999933e-03 5.861279999999999824e-01 -8.102139999999999898e-01 -2.835999999999999979e-03
1.700000000000000000e+01 5.800000000000000000e+01 3.100000000000000000e+01 0.000000000000000000e+00 1.600000000000000089e+00 -2.015999999999999997e-03 -4.310000000000000137e-04 9.999980000000000535e-01 -8.101800000000000113e-01 -5.861779999999999768e-01 -1.886000000000000090e-03 5.861779999999999768e-01 -8.101819999999999578e-01 8.329999999999999731e-04
2.400000000000000000e+01 5.800000000000000000e+01 3.100000000000000000e+01 0.000000000000000000e+00 1.600000000000000089e+00 -6.960000000000000041e-04 1.392000000000000008e-03 9.999989999999999712e-01 -8.119359999999999911e-01 -5.837470000000000159e-01 2.469999999999999865e-04 5.837470000000000159e-01 -8.119340000000000446e-01 1.536999999999999955e-03
2.800000000000000000e+01 5.800000000000000000e+01 3.100000000000000000e+01 0.000000000000000000e+00 1.600000000000000089e+00 1.329000000000000103e-03 1.665999999999999946e-03 9.999980000000000535e-01 -8.078400000000000025e-01 -5.893979999999999775e-01 2.056000000000000102e-03 5.894000000000000350e-01 -8.078410000000000313e-01 5.619999999999999996e-04
6.000000000000000000e+00 4.600000000000000000e+01 3.500000000000000000e+01 0.000000000000000000e+00 1.600000000000000089e+00 -4.889999999999999599e-04 -2.510000000000000078e-03 -9.999970000000000248e-01 3.901479999999999948e-01 -9.207499999999999574e-01 2.121000000000000055e-03 -9.207520000000000149e-01 -3.901450000000000196e-01 1.428999999999999932e-03
1.200000000000000000e+01 4.600000000000000000e+01 3.500000000000000000e+01 0.000000000000000000e+00 1.600000000000000089e+00 1.369999999999999961e-04 1.958000000000000105e-03 -9.999980000000000535e-01 3.922539999999999916e-01 -9.198549999999999782e-01 -1.747999999999999988e-03 -9.198570000000000357e-01 -3.922530000000000183e-01 -8.940000000000000464e-04
1.800000000000000000e+01 4.600000000000000000e+01 3.500000000000000000e+01 0.000000000000000000e+00 1.600000000000000089e+00 -5.270000000000000162e-04 -8.980000000000000352e-04 -1.000000000000000000e+00 3.923459999999999726e-01 -9.198180000000000245e-01 6.199999999999999999e-04 -9.198180000000000245e-01 -3.923449999999999993e-01 8.369999999999999619e-04
2.400000000000000000e+01 4.600000000000000000e+01 3.500000000000000000e+01 0.000000000000000000e+00 1.600000000000000089e+00 6.049999999999999606e-04 -6.319999999999999663e-04 -1.000000000000000000e+00 3.915890000000000204e-01 -9.201399999999999579e-01 8.180000000000000422e-04 -9.201399999999999579e-01 -3.915899999999999936e-01 -3.089999999999999756e-04
1.300000000000000000e+01 9.500000000000000000e+01 3.600000000000000000e+01 0.000000000000000000e+00 1.600000000000000089e+00 -8.109999999999999154e-03 -1.446000000000000020e-03 9.999660000000000215e-01 9.970750000000000446e-01 7.599499999999999311e-02 8.196000000000000160e-03 -7.600400000000000211e-02 9.971069999999999656e-01 8.260000000000000198e-04
1.900000000000000000e+01 9.500000000000000000e+01 3.600000000000000000e+01 0.000000000000000000e+00 1.600000000000000089e+00 1.994000000000000113e-03 -2.053500000000000117e-02 9.997869999999999813e-01 9.969799999999999773e-01 7.765800000000000480e-02 -3.930000000000000117e-04 -7.763299999999999368e-02 9.967690000000000161e-01 2.062800000000000050e-02
6.000000000000000000e+00 3.000000000000000000e+00 4.300000000000000000e+01 0.000000000000000000e+00 1.600000000000000089e+00 2.461000000000000080e-03 -1.534600000000000027e-02 -9.998789999999999623e-01 7.320830000000000393e-01 -6.811049999999999605e-01 1.225500000000000027e-02 -6.812110000000000110e-01 -7.320250000000000368e-01 9.558000000000000523e-03
9.000000000000000000e+00 3.000000000000000000e+00 4.300000000000000000e+01 0.000000000000000000e+00 1.600000000000000089e+00 4.500000000000000283e-05 -8.037000000000000741e-03 -9.999679999999999680e-01 7.353990000000000249e-01 -6.776119999999999921e-01 5.479000000000000363e-03 -6.776339999999999586e-01 -7.353760000000000296e-01 5.879999999999999810e-03
1.300000000000000000e+01 3.000000000000000000e+00 4.300000000000000000e+01 0.000000000000000000e+00 1.600000000000000089e+00 -1.861000000000000024e-03 1.104400000000000000e-02 -9.999369999999999647e-01 7.352520000000000167e-01 -6.777360000000000051e-01 -8.854000000000000759e-03 -6.777910000000000323e-01 -7.352220000000000422e-01 -6.858999999999999646e-03
1.500000000000000000e+01 3.000000000000000000e+00 4.300000000000000000e+01 0.000000000000000000e+00 1.600000000000000089e+00 -4.260000000000000006e-04 7.656999999999999744e-03 -9.999710000000000543e-01 7.364319999999999755e-01 -6.764890000000000070e-01 -5.493999999999999752e-03 -6.765109999999999735e-01 -7.364129999999999843e-01 -5.350999999999999854e-03
2.000000000000000000e+01 3.000000000000000000e+00 4.300000000000000000e+01 0.000000000000000000e+00 1.600000000000000089e+00 1.427000000000000100e-03 2.190000000000000106e-04 -9.999989999999999712e-01 7.398719999999999741e-01 -6.727469999999999839e-01 9.089999999999999773e-04 -6.727459999999999551e-01 -7.398730000000000029e-01 -1.121999999999999950e-03
2.300000000000000000e+01 3.000000000000000000e+00 4.300000000000000000e+01 0.000000000000000000e+00 1.600000000000000089e+00 1.079999999999999960e-04 -3.508999999999999966e-03 -9.999940000000000495e-01 7.414579999999999504e-01 -6.709950000000000081e-01 2.433999999999999966e-03 -6.709990000000000121e-01 -7.414539999999999464e-01 2.528999999999999998e-03
6.000000000000000000e+00 2.900000000000000000e+01 4.400000000000000000e+01 0.000000000000000000e+00 1.600000000000000089e+00 -3.170000000000000075e-04 -5.590000000000000351e-04 -1.000000000000000000e+00 6.672320000000000473e-01 7.448500000000000121e-01 -6.279999999999999775e-04 7.448500000000000121e-01 -6.672320000000000473e-01 1.369999999999999961e-04
1.200000000000000000e+01 2.900000000000000000e+01 4.400000000000000000e+01 0.000000000000000000e+00 1.600000000000000089e+00 2.484999999999999796e-03 -2.753999999999999938e-03 -9.999930000000000208e-01 6.752820000000000489e-01 7.375589999999999646e-01 -3.530000000000000152e-04 7.375549999999999606e-01 -6.752770000000000161e-01 3.693000000000000102e-03
1.500000000000000000e+01 2.900000000000000000e+01 4.400000000000000000e+01 0.000000000000000000e+00 1.600000000000000089e+00 1.252999999999999991e-03 -3.938999999999999793e-03 -9.999909999999999632e-01 6.719019999999999992e-01 7.406369999999999898e-01 -2.075000000000000022e-03 7.406390000000000473e-01 -6.718939999999999912e-01 3.573999999999999920e-03
2.100000000000000000e+01 2.900000000000000000e+01 4.400000000000000000e+01 0.000000000000000000e+00 1.600000000000000089e+00 -9.420000000000000205e-04 -5.091000000000000039e-03 -9.999869999999999592e-01 6.665360000000000174e-01 7.454589999999999828e-01 -4.422999999999999848e-03 7.454720000000000235e-01 -6.665320000000000134e-01 2.690999999999999816e-03
2.400000000000000000e+01 2.900000000000000000e+01 4.400000000000000000e+01 0.000000000000000000e+00 1.600000000000000089e+00 -2.669999999999999847e-04 -5.324999999999999872e-03 -9.999860000000000415e-01 6.644489999999999563e-01 7.473220000000000418e-01 -4.157000000000000105e-03 7.473340000000000538e-01 -6.644400000000000306e-01 3.338999999999999954e-03
2.900000000000000000e+01 2.900000000000000000e+01 4.400000000000000000e+01 0.000000000000000000e+00 1.600000000000000089e+00 1.853000000000000046e-03 5.450000000000000200e-04 -9.999980000000000535e-01 6.554860000000000131e-01 7.552060000000000439e-01 1.626000000000000058e-03 7.552050000000000152e-01 -6.554879999999999596e-01 1.041999999999999958e-03
9.000000000000000000e+00 5.000000000000000000e+00 5.100000000000000000e+01 0.000000000000000000e+00 1.600000000000000089e+00 -1.108999999999999960e-03 -2.537000000000000192e-03 -9.999959999999999960e-01 4.835820000000000118e-01 -8.752980000000000205e-01 1.683999999999999950e-03 -8.752990000000000492e-01 -4.835780000000000078e-01 2.197999999999999867e-03
1.700000000000000000e+01 5.000000000000000000e+00 5.100000000000000000e+01 0.000000000000000000e+00 1.600000000000000089e+00 7.519999999999999558e-04 1.090000000000000040e-03 -9.999989999999999712e-01 4.862819999999999920e-01 -8.738019999999999676e-01 -5.869999999999999567e-04 -8.738019999999999676e-01 -4.862810000000000188e-01 -1.188000000000000037e-03
2.200000000000000000e+01 5.000000000000000000e+00 5.100000000000000000e+01 0.000000000000000000e+00 1.600000000000000089e+00 -4.339999999999999782e-04 -5.479999999999999845e-04 -1.000000000000000000e+00 4.828589999999999827e-01 -8.756979999999999764e-01 2.700000000000000035e-04 -8.756979999999999764e-01 -4.828580000000000094e-01 6.449999999999999570e-04
2.000000000000000000e+00 6.000000000000000000e+00 5.100000000000000000e+01 0.000000000000000000e+00 1.600000000000000089e+00 1.066000000000000107e-03 -2.959999999999999849e-04 -9.999989999999999712e-01 3.172200000000000020e-01 -9.483519999999999728e-01 6.189999999999999756e-04 -9.483510000000000550e-01 -3.172200000000000020e-01 -9.169999999999999549e-04
1.000000000000000000e+00 1.150000000000000000e+02 5.100000000000000000e+01 0.000000000000000000e+00 1.600000000000000089e+00 -5.099999999999999960e-05 1.067000000000000023e-03 9.999989999999999712e-01 8.459900000000000198e-01 -5.331979999999999498e-01 6.120000000000000223e-04 5.331979999999999498e-01 8.459900000000000198e-01 -8.750000000000000182e-04
4.000000000000000000e+00 1.600000000000000000e+01 5.200000000000000000e+01 0.000000000000000000e+00 1.600000000000000089e+00 -2.000000000000000042e-02 -2.227700000000000166e-02 -9.995519999999999960e-01 7.809709999999999708e-01 6.238679999999999781e-01 -2.953100000000000169e-02 6.242469999999999963e-01 -7.812120000000000175e-01 4.919999999999999894e-03
6.000000000000000000e+00 1.600000000000000000e+01 5.200000000000000000e+01 0.000000000000000000e+00 1.600000000000000089e+00 -1.585100000000000051e-02 -2.417000000000000051e-02 -9.995819999999999705e-01 7.896779999999999911e-01 6.129120000000000124e-01 -2.734299999999999925e-02 6.133159999999999723e-01 -7.897819999999999840e-01 9.371000000000000857e-03
5.000000000000000000e+00 6.300000000000000000e+01 5.400000000000000000e+01 0.000000000000000000e+00 1.600000000000000089e+00 -4.859999999999999954e-04 -2.194999999999999903e-03 9.999970000000000248e-01 -3.489659999999999984e-01 9.371329999999999938e-01 1.887999999999999921e-03 -9.371350000000000513e-01 -3.489639999999999964e-01 -1.221000000000000080e-03
1.000000000000000000e+01 6.300000000000000000e+01 5.400000000000000000e+01 0.000000000000000000e+00 1.600000000000000089e+00 1.123000000000000083e-03 -4.510000000000000120e-04 9.999989999999999712e-01 -3.416620000000000212e-01 9.398229999999999640e-01 8.080000000000000160e-04 -9.398220000000000462e-01 -3.416620000000000212e-01 9.009999999999999997e-04
1.500000000000000000e+01 6.300000000000000000e+01 5.400000000000000000e+01 0.000000000000000000e+00 1.600000000000000089e+00 2.349999999999999930e-04 4.820000000000000066e-04 1.000000000000000000e+00 -3.456830000000000180e-01 9.383510000000000462e-01 -3.710000000000000190e-04 -9.383510000000000462e-01 -3.456830000000000180e-01 3.869999999999999742e-04
2.000000000000000000e+01 6.300000000000000000e+01 5.400000000000000000e+01 0.000000000000000000e+00 1.600000000000000089e+00 -4.169999999999999987e-04 1.494000000000000102e-03 9.999989999999999712e-01 -3.486150000000000082e-01 9.372650000000000148e-01 -1.546000000000000065e-03 -9.372660000000000435e-01 -3.486159999999999815e-01 1.299999999999999886e-04
1.300000000000000000e+01 2.500000000000000000e+01 5.500000000000000000e+01 0.000000000000000000e+00 1.600000000000000089e+00 1.240999999999999916e-03 2.066999999999999827e-03 -9.999970000000000248e-01 -8.661000000000000296e-03 -9.999599999999999600e-01 -2.077999999999999986e-03 -9.999620000000000175e-01 8.663999999999999826e-03 -1.222999999999999912e-03
1.100000000000000000e+01 6.800000000000000000e+01 5.700000000000000000e+01 0.000000000000000000e+00 1.600000000000000089e+00 6.040000000000000447e-04 3.627000000000000016e-03 -9.999930000000000208e-01 -2.426560000000000106e-01 -9.701060000000000239e-01 -3.664999999999999855e-03 -9.701119999999999743e-01 2.426560000000000106e-01 2.939999999999999905e-04
1.700000000000000000e+01 2.000000000000000000e+01 6.000000000000000000e+01 0.000000000000000000e+00 1.600000000000000089e+00 8.711999999999999258e-03 -1.754199999999999857e-02 9.998080000000000300e-01 -6.167500000000000066e-02 9.979329999999999590e-01 1.804700000000000054e-02 -9.980580000000000007e-01 -6.182100000000000095e-02 7.611999999999999843e-03
2.600000000000000000e+01 2.000000000000000000e+01 6.000000000000000000e+01 0.000000000000000000e+00 1.600000000000000089e+00 -5.661000000000000233e-03 4.389999999999999914e-04 9.999839999999999840e-01 -4.852200000000000263e-02 9.988219999999999876e-01 -7.140000000000000079e-04 -9.988059999999999716e-01 -4.852599999999999969e-02 -5.632999999999999986e-03
4.000000000000000000e+00 2.100000000000000000e+01 6.000000000000000000e+01 0.000000000000000000e+00 1.600000000000000089e+00 -2.811999999999999830e-03 -3.840000000000000097e-04 9.999959999999999960e-01 -9.621100000000000485e-02 9.953610000000000513e-01 1.110000000000000011e-04 -9.953570000000000473e-01 -9.621000000000000385e-02 -2.835999999999999979e-03
9.000000000000000000e+00 6.000000000000000000e+00 6.100000000000000000e+01 0.000000000000000000e+00 1.600000000000000089e+00 2.879000000000000049e-03 -6.565999999999999788e-03 9.999740000000000295e-01 5.688739999999999908e-01 -8.223949999999999871e-01 -7.037999999999999985e-03 8.224200000000000399e-01 5.688800000000000523e-01 1.368000000000000075e-03
1.700000000000000000e+01 3.000000000000000000e+00 6.300000000000000000e+01 0.000000000000000000e+00 1.600000000000000089e+00 1.270999999999999994e-03 -2.003000000000000006e-03 9.999970000000000248e-01 -6.167550000000000532e-01 7.871519999999999628e-01 2.360999999999999818e-03 -7.871540000000000203e-01 -6.167559999999999709e-01 -2.349999999999999930e-04
4.000000000000000000e+00 2.700000000000000000e+01 6.300000000000000000e+01 0.000000000000000000e+00 1.600000000000000089e+00 -2.913999999999999924e-03 -5.379000000000000101e-03 9.999810000000000088e-01 -2.704969999999999875e-01 9.627109999999999834e-01 4.389999999999999805e-03 -9.627170000000000449e-01 -2.704790000000000250e-01 -4.259999999999999898e-03
8.000000000000000000e+00 2.700000000000000000e+01 6.300000000000000000e+01 0.000000000000000000e+00 1.600000000000000089e+00 -3.319999999999999926e-04 -6.099999999999999737e-04 1.000000000000000000e+00 -2.737160000000000148e-01 9.618100000000000538e-01 4.960000000000000216e-04 -9.618100000000000538e-01 -2.737160000000000148e-01 -4.859999999999999954e-04
1.400000000000000000e+01 2.700000000000000000e+01 6.300000000000000000e+01 0.000000000000000000e+00 1.600000000000000089e+00 -3.759999999999999779e-04 7.086000000000000285e-03 9.999749999999999472e-01 -2.704239999999999977e-01 9.627170000000000449e-01 -6.923999999999999599e-03 -9.627409999999999579e-01 -2.704190000000000205e-01 1.554000000000000043e-03
2.100000000000000000e+01 2.700000000000000000e+01 6.300000000000000000e+01 0.000000000000000000e+00 1.600000000000000089e+00 6.043999999999999893e-03 1.175000000000000046e-03 9.999810000000000088e-01 -2.846020000000000216e-01 9.586449999999999694e-01 5.940000000000000184e-04 -9.586270000000000069e-01 -2.846009999999999929e-01 6.127999999999999767e-03
2.400000000000000000e+01 2.700000000000000000e+01 6.300000000000000000e+01 0.000000000000000000e+00 1.600000000000000089e+00 3.537999999999999912e-03 3.275999999999999832e-03 9.999879999999999880e-01 -2.886679999999999802e-01 9.574270000000000280e-01 -2.115000000000000126e-03 -9.574230000000000240e-01 -2.886569999999999969e-01 4.333000000000000046e-03
4.000000000000000000e+00 2.600000000000000000e+01 6.400000000000000000e+01 0.000000000000000000e+00 1.600000000000000089e+00 -2.201999999999999964e-03 -3.984999999999999827e-03 9.999900000000000455e-01 -3.543120000000000158e-01 9.351220000000000088e-01 2.946999999999999967e-03 -9.351249999999999840e-01 -3.543020000000000058e-01 -3.471000000000000127e-03
9.000000000000000000e+00 2.600000000000000000e+01 6.400000000000000000e+01 0.000000000000000000e+00 1.600000000000000089e+00 3.739999999999999835e-04 1.002000000000000069e-03 9.999989999999999712e-01 -3.573549999999999782e-01 9.339680000000000204e-01 -8.030000000000000028e-04 -9.339690000000000492e-01 -3.573540000000000050e-01 7.079999999999999705e-04
1.300000000000000000e+01 2.600000000000000000e+01 6.400000000000000000e+01 0.000000000000000000e+00 1.600000000000000089e+00 -8.180000000000000422e-04 6.963999999999999704e-03 9.999749999999999472e-01 -3.533419999999999894e-01 9.354689999999999950e-01 -6.804000000000000152e-03 -9.354940000000000477e-01 -3.533390000000000142e-01 1.694999999999999892e-03
2.400000000000000000e+01 2.600000000000000000e+01 6.400000000000000000e+01 0.000000000000000000e+00 1.600000000000000089e+00 5.610000000000000403e-03 8.186000000000000568e-03 9.999510000000000343e-01 -3.779480000000000062e-01 9.258110000000000506e-01 -5.459000000000000311e-03 -9.258100000000000218e-01 -3.778989999999999849e-01 8.286999999999999228e-03
2.400000000000000000e+01 6.900000000000000000e+01 6.600000000000000000e+01 0.000000000000000000e+00 1.600000000000000089e+00 -3.259000000000000178e-03 3.484999999999999817e-03 9.999890000000000168e-01 -9.498689999999999634e-01 3.126200000000000090e-01 -4.185999999999999617e-03 -3.126309999999999922e-01 -9.498720000000000496e-01 2.292000000000000200e-03
1.000000000000000000e+01 3.100000000000000000e+01 7.100000000000000000e+01 0.000000000000000000e+00 1.600000000000000089e+00 -1.330000000000000019e-03 2.345999999999999995e-03 -9.999959999999999960e-01 -7.213389999999999525e-01 -6.925820000000000309e-01 -6.650000000000000095e-04 -6.925810000000000022e-01 7.213349999999999485e-01 2.612999999999999871e-03
3.000000000000000000e+00 2.500000000000000000e+01 7.300000000000000000e+01 0.000000000000000000e+00 1.600000000000000089e+00 -3.330000000000000169e-04 5.988000000000000267e-03 9.999820000000000375e-01 7.442560000000000286e-01 -6.678809999999999469e-01 4.248000000000000040e-03 6.678950000000000164e-01 7.442440000000000166e-01 -4.233999999999999916e-03
8.000000000000000000e+00 2.500000000000000000e+01 7.300000000000000000e+01 0.000000000000000000e+00 1.600000000000000089e+00 -8.059999999999999673e-04 3.337999999999999821e-03 9.999940000000000495e-01 7.452579999999999760e-01 -6.667699999999999738e-01 2.825999999999999953e-03 6.667750000000000066e-01 7.452560000000000295e-01 -1.951000000000000043e-03
1.200000000000000000e+01 2.500000000000000000e+01 7.300000000000000000e+01 0.000000000000000000e+00 1.600000000000000089e+00 -1.000000000000000021e-03 -3.200000000000000153e-03 9.999940000000000495e-01 7.437550000000000550e-01 -6.684510000000000174e-01 -1.394999999999999973e-03 6.684510000000000174e-01 7.437500000000000222e-01 3.047999999999999928e-03
2.200000000000000000e+01 2.500000000000000000e+01 7.300000000000000000e+01 0.000000000000000000e+00 1.600000000000000089e+00 -1.675999999999999972e-03 -4.479999999999999933e-04 9.999989999999999712e-01 7.444460000000000521e-01 -6.676819999999999977e-01 9.479999999999999495e-04 6.676809999999999690e-01 7.444460000000000521e-01 1.453000000000000081e-03
2.600000000000000000e+01 2.500000000000000000e+01 7.300000000000000000e+01 0.000000000000000000e+00 1.600000000000000089e+00 -7.219999999999999855e-04 -2.952999999999999896e-03 9.999949999999999672e-01 7.459839999999999804e-01 -6.659620000000000539e-01 -1.428000000000000016e-03 6.659629999999999717e-01 7.459799999999999764e-01 2.684000000000000188e-03
2.000000000000000000e+00 4.400000000000000000e+01 7.300000000000000000e+01 0.000000000000000000e+00 1.600000000000000089e+00 -2.690000000000000117e-03 -3.150000000000000131e-04 9.999959999999999960e-01 5.414999999999999675e-02 -9.985330000000000039e-01 -1.689999999999999879e-04 9.985289999999999999e-01 5.414900000000000269e-02 2.703000000000000107e-03
5.000000000000000000e+00 4.400000000000000000e+01 7.300000000000000000e+01 0.000000000000000000e+00 1.600000000000000089e+00 -1.028999999999999967e-03 -4.769999999999999934e-04 9.999989999999999712e-01 5.414499999999999869e-02 -9.985330000000000039e-01 -4.209999999999999875e-04 9.985330000000000039e-01 5.414499999999999869e-02 1.052999999999999900e-03
1.000000000000000000e+01 4.400000000000000000e+01 7.300000000000000000e+01 0.000000000000000000e+00 1.600000000000000089e+00 -1.214000000000000018e-03 -2.027000000000000156e-03 9.999970000000000248e-01 5.032500000000000168e-02 -9.987310000000000354e-01 -1.962999999999999901e-03 9.987319999999999531e-01 5.032299999999999968e-02 1.314999999999999980e-03
