6.000000000000000000e+00 2.500000000000000000e+01 1.000000000000000000e+00 0.000000000000000000e+00 1.600000000000000089e+00 -2.539000000000000024e-03 -1.116299999999999931e-02 -9.999339999999999895e-01 -5.296800000000000397e-01 -8.481290000000000218e-01 1.081400000000000070e-02 -8.481940000000000035e-01 5.296720000000000317e-01 -3.759000000000000188e-03
1.000000000000000000e+01 2.500000000000000000e+01 1.000000000000000000e+00 0.000000000000000000e+00 1.600000000000000089e+00 -2.203000000000000097e-03 -1.685999999999999999e-03 -9.999959999999999960e-01 -5.324069999999999636e-01 -8.464840000000000142e-01 2.599999999999999881e-03 -8.464850000000000430e-01 5.324109999999999676e-01 9.669999999999999776e-04
1.400000000000000000e+01 2.500000000000000000e+01 1.000000000000000000e+00 0.000000000000000000e+00 1.600000000000000089e+00 -1.631000000000000071e-03 3.771000000000000046e-03 -9.999919999999999920e-01 -5.307570000000000343e-01 -8.475209999999999688e-01 -2.330000000000000040e-03 -8.475219999999999976e-01 5.307490000000000263e-01 3.383999999999999855e-03
2.100000000000000000e+01 2.500000000000000000e+01 1.000000000000000000e+00 0.000000000000000000e+00 1.600000000000000089e+00 -3.770000000000000022e-04 4.035999999999999657e-03 -9.999919999999999920e-01 -5.266699999999999715e-01 -8.500640000000000418e-01 -3.232000000000000064e-03 -8.500699999999999923e-01 5.266650000000000498e-01 2.445999999999999824e-03
4.000000000000000000e+00 1.500000000000000000e+01 4.000000000000000000e+00 0.000000000000000000e+00 1.600000000000000089e+00 9.959999999999999236e-04 -2.684999999999999887e-03 9.999959999999999960e-01 3.138699999999999823e-01 -9.494620000000000282e-01 -2.861999999999999961e-03 9.494650000000000034e-01 3.138719999999999843e-01 -1.029999999999999964e-04
1.000000000000000000e+01 1.500000000000000000e+01 4.000000000000000000e+00 0.000000000000000000e+00 1.600000000000000089e+00 -2.439999999999999895e-03 -3.193000000000000092e-03 9.999919999999999920e-01 3.126680000000000015e-01 -9.498600000000000376e-01 -2.269999999999999882e-03 9.498590000000000089e-01 3.126599999999999935e-01 3.315999999999999937e-03
1.300000000000000000e+01 1.500000000000000000e+01 4.000000000000000000e+00 0.000000000000000000e+00 1.600000000000000089e+00 -5.349999999999999938e-04 -2.269999999999999882e-03 9.999970000000000248e-01 3.129239999999999799e-01 -9.497759999999999536e-01 -1.988999999999999883e-03 9.497780000000000111e-01 3.129219999999999779e-01 1.217999999999999899e-03
2.300000000000000000e+01 1.500000000000000000e+01 4.000000000000000000e+00 0.000000000000000000e+00 1.600000000000000089e+00 -3.449999999999999833e-04 -5.810000000000000060e-03 9.999829999999999552e-01 3.105209999999999915e-01 -9.505510000000000348e-01 -5.414999999999999675e-03 9.505660000000000220e-01 3.105140000000000122e-01 2.132000000000000214e-03
3.000000000000000000e+01 1.500000000000000000e+01 4.000000000000000000e+00 0.000000000000000000e+00 1.600000000000000089e+00 3.236999999999999860e-03 -2.870000000000000155e-03 9.999909999999999632e-01 3.148719999999999852e-01 -9.491270000000000540e-01 -3.743999999999999932e-03 9.491290000000000004e-01 3.148810000000000220e-01 -2.168999999999999921e-03
6.000000000000000000e+00 1.600000000000000000e+01 4.000000000000000000e+00 0.000000000000000000e+00 1.600000000000000089e+00 2.149999999999999947e-04 -3.020999999999999814e-03 9.999949999999999672e-01 3.889589999999999992e-01 -9.212510000000000421e-01 -2.867000000000000191e-03 9.212550000000000461e-01 3.889580000000000259e-01 9.770000000000000039e-04
1.900000000000000000e+01 1.600000000000000000e+01 4.000000000000000000e+00 0.000000000000000000e+00 1.600000000000000089e+00 -2.099999999999999870e-03 -5.747000000000000372e-03 9.999810000000000088e-01 3.864090000000000025e-01 -9.223160000000000247e-01 -4.488999999999999935e-03 9.223249999999999504e-01 3.863929999999999865e-01 4.158000000000000237e-03
2.100000000000000000e+01 1.010000000000000000e+02 7.000000000000000000e+00 0.000000000000000000e+00 1.600000000000000089e+00 -8.340000000000000191e-03 2.255599999999999966e-02 9.997110000000000163e-01 8.785079999999999556e-01 4.777150000000000007e-01 -3.449999999999999942e-03 -4.776549999999999963e-01 8.782250000000000334e-01 -2.380000000000000171e-02
2.800000000000000000e+01 1.010000000000000000e+02 7.000000000000000000e+00 0.000000000000000000e+00 1.600000000000000089e+00 3.089999999999999865e-03 1.222200000000000022e-02 9.999200000000000310e-01 8.756119999999999459e-01 4.829379999999999784e-01 -8.609000000000000333e-03 -4.830050000000000177e-01 8.755690000000000417e-01 -9.209000000000000172e-03
6.000000000000000000e+00 2.500000000000000000e+01 8.000000000000000000e+00 0.000000000000000000e+00 1.600000000000000089e+00 -9.200000000000000007e-05 2.962999999999999922e-03 -9.999959999999999960e-01 4.525020000000000153e-01 8.917599999999999971e-01 2.601000000000000013e-03 8.917629999999999724e-01 -4.525000000000000133e-01 -1.423000000000000003e-03
1.500000000000000000e+01 2.500000000000000000e+01 8.000000000000000000e+00 0.000000000000000000e+00 1.600000000000000089e+00 2.311999999999999819e-03 -1.240999999999999916e-03 -9.999970000000000248e-01 4.502459999999999796e-01 8.929049999999999487e-01 -6.700000000000000226e-05 8.929019999999999735e-01 -4.502439999999999776e-01 2.622999999999999898e-03
1.900000000000000000e+01 2.500000000000000000e+01 8.000000000000000000e+00 0.000000000000000000e+00 1.600000000000000089e+00 7.979999999999999897e-04 4.543000000000000163e-03 -9.999890000000000168e-01 4.493730000000000224e-01 8.933330000000000437e-01 4.416999999999999919e-03 8.933440000000000270e-01 -4.493719999999999937e-01 -1.327999999999999970e-03
2.200000000000000000e+01 2.500000000000000000e+01 8.000000000000000000e+00 0.000000000000000000e+00 1.600000000000000089e+00 8.670000000000000406e-04 6.483000000000000047e-03 -9.999789999999999512e-01 4.489139999999999797e-01 8.935530000000000417e-01 6.181999999999999995e-03 8.935739999999999794e-01 -4.489099999999999757e-01 -2.135000000000000179e-03
6.000000000000000000e+00 2.400000000000000000e+01 9.000000000000000000e+00 0.000000000000000000e+00 1.600000000000000089e+00 7.899999999999999579e-05 2.471999999999999805e-03 -9.999970000000000248e-01 4.563969999999999971e-01 8.897730000000000361e-01 2.235000000000000007e-03 8.897760000000000113e-01 -4.563960000000000239e-01 -1.057999999999999913e-03
9.000000000000000000e+00 2.400000000000000000e+01 9.000000000000000000e+00 0.000000000000000000e+00 1.600000000000000089e+00 1.951000000000000043e-03 -3.335999999999999990e-03 -9.999919999999999920e-01 4.550270000000000148e-01 8.904750000000000165e-01 -2.083000000000000216e-03 8.904760000000000453e-01 -4.550190000000000068e-01 3.255000000000000081e-03
1.200000000000000000e+01 2.400000000000000000e+01 9.000000000000000000e+00 0.000000000000000000e+00 1.600000000000000089e+00 2.186000000000000009e-03 1.415999999999999941e-03 -9.999970000000000248e-01 4.536180000000000212e-01 8.911930000000000129e-01 2.253999999999999927e-03 8.911930000000000129e-01 -4.536220000000000252e-01 1.306000000000000086e-03
1.400000000000000000e+01 2.400000000000000000e+01 9.000000000000000000e+00 0.000000000000000000e+00 1.600000000000000089e+00 2.299999999999999961e-03 2.200000000000000078e-04 -9.999970000000000248e-01 4.532499999999999862e-01 8.913830000000000364e-01 1.239000000000000084e-03 8.913809999999999789e-01 -4.532510000000000150e-01 1.949999999999999910e-03
1.800000000000000000e+01 2.400000000000000000e+01 9.000000000000000000e+00 0.000000000000000000e+00 1.600000000000000089e+00 1.193000000000000050e-03 3.856000000000000053e-03 -9.999919999999999920e-01 4.525730000000000031e-01 8.917180000000000106e-01 3.977999999999999765e-03 8.917260000000000186e-01 -4.525750000000000051e-01 -6.809999999999999647e-04
2.200000000000000000e+01 2.400000000000000000e+01 9.000000000000000000e+00 0.000000000000000000e+00 1.600000000000000089e+00 6.579999999999999478e-04 7.433999999999999636e-03 -9.999719999999999720e-01 4.513559999999999794e-01 8.923170000000000268e-01 6.930999999999999661e-03 8.923440000000000261e-01 -4.513480000000000270e-01 -2.768000000000000061e-03
2.600000000000000000e+01 2.400000000000000000e+01 9.000000000000000000e+00 0.000000000000000000e+00 1.600000000000000089e+00 2.113999999999999994e-03 -1.783000000000000080e-03 -9.999959999999999960e-01 4.517039999999999944e-01 8.921679999999999611e-01 -6.359999999999999551e-04 8.921649999999999858e-01 -4.517010000000000192e-01 2.690999999999999816e-03
5.000000000000000000e+00 4.000000000000000000e+00 1.100000000000000000e+01 0.000000000000000000e+00 1.600000000000000089e+00 7.950999999999999734e-03 7.060500000000000109e-02 -9.974730000000000540e-01 1.973789999999999989e-01 9.777679999999999705e-01 7.078399999999999970e-02 9.802950000000000275e-01 -1.974430000000000074e-01 -6.161999999999999943e-03
2.800000000000000000e+01 3.100000000000000000e+01 1.200000000000000000e+01 0.000000000000000000e+00 1.600000000000000089e+00 3.820000000000000153e-04 -3.562000000000000062e-03 9.999940000000000495e-01 -1.204399999999999915e-02 9.999209999999999487e-01 3.566999999999999858e-03 -9.999270000000000103e-01 -1.204500000000000015e-02 3.400000000000000244e-04
1.100000000000000000e+01 3.500000000000000000e+01 1.200000000000000000e+01 0.000000000000000000e+00 1.600000000000000089e+00 2.797000000000000007e-03 6.975000000000000297e-03 -9.999719999999999720e-01 5.105979999999999963e-01 -8.598080000000000167e-01 -4.569000000000000145e-03 -8.598149999999999959e-01 -5.105699999999999683e-01 -5.965999999999999949e-03
1.200000000000000000e+01 3.200000000000000000e+01 1.400000000000000000e+01 0.000000000000000000e+00 1.600000000000000089e+00 -1.242000000000000048e-03 6.840000000000000377e-04 -9.999989999999999712e-01 1.106540000000000024e-01 9.938590000000000479e-01 5.419999999999999471e-04 9.938580000000000192e-01 -1.106530000000000014e-01 -1.309999999999999967e-03
1.600000000000000000e+01 3.200000000000000000e+01 1.400000000000000000e+01 0.000000000000000000e+00 1.600000000000000089e+00 3.968000000000000173e-03 -5.858000000000000360e-03 -9.999749999999999472e-01 1.107609999999999983e-01 9.938320000000000487e-01 -5.382999999999999764e-03 9.938390000000000279e-01 -1.107370000000000021e-01 4.591999999999999728e-03
8.000000000000000000e+00 1.160000000000000000e+02 1.600000000000000000e+01 0.000000000000000000e+00 1.600000000000000089e+00 -2.400000000000000061e-04 7.510000000000000399e-04 1.000000000000000000e+00 7.118250000000000410e-01 7.023570000000000091e-01 -3.559999999999999797e-04 -7.023570000000000091e-01 7.118250000000000410e-01 -7.029999999999999574e-04
5.000000000000000000e+00 2.000000000000000000e+00 1.900000000000000000e+01 0.000000000000000000e+00 1.600000000000000089e+00 6.760999999999999649e-03 -1.837700000000000097e-02 -9.998080000000000300e-01 1.982970000000000010e-01 -9.799510000000000165e-01 1.935299999999999868e-02 -9.801189999999999625e-01 -1.983900000000000108e-01 -2.981000000000000143e-03
9.000000000000000000e+00 2.000000000000000000e+00 1.900000000000000000e+01 0.000000000000000000e+00 1.600000000000000089e+00 8.054999999999999660e-03 -2.506399999999999947e-02 -9.996530000000000138e-01 1.917979999999999963e-01 -9.810860000000000136e-01 2.614400000000000057e-02 -9.814009999999999678e-01 -1.919420000000000015e-01 -3.095999999999999794e-03
1.300000000000000000e+01 2.000000000000000000e+00 1.900000000000000000e+01 0.000000000000000000e+00 1.600000000000000089e+00 3.854999999999999920e-03 -1.651599999999999943e-02 -9.998559999999999670e-01 1.827900000000000080e-01 -9.830060000000000464e-01 1.694199999999999873e-02 -9.831440000000000179e-01 -1.828289999999999915e-01 -7.709999999999999840e-04
2.000000000000000000e+01 2.000000000000000000e+00 1.900000000000000000e+01 0.000000000000000000e+00 1.600000000000000089e+00 -8.930000000000000221e-04 2.390000000000000089e-04 -1.000000000000000000e+00 1.782590000000000008e-01 -9.839839999999999698e-01 -3.939999999999999817e-04 -9.839830000000000521e-01 -1.782590000000000008e-01 8.369999999999999619e-04
2.700000000000000000e+01 2.000000000000000000e+00 1.900000000000000000e+01 0.000000000000000000e+00 1.600000000000000089e+00 -4.606999999999999984e-03 -6.364999999999999998e-03 -9.999689999999999968e-01 1.792130000000000112e-01 -9.837949999999999751e-01 5.435999999999999860e-03 -9.837989999999999791e-01 -1.791830000000000089e-01 5.673000000000000091e-03
4.000000000000000000e+00 4.000000000000000000e+00 2.000000000000000000e+01 0.000000000000000000e+00 1.600000000000000089e+00 4.596000000000000259e-03 -7.561000000000000013e-03 -9.999609999999999888e-01 2.675440000000000040e-01 -9.635080000000000311e-01 8.515999999999999265e-03 -9.635350000000000303e-01 -2.675730000000000053e-01 -2.405000000000000020e-03
1.000000000000000000e+01 4.000000000000000000e+00 2.000000000000000000e+01 0.000000000000000000e+00 1.600000000000000089e+00 6.322999999999999628e-03 -1.418299999999999943e-02 -9.998789999999999623e-01 2.656669999999999865e-01 -9.639429999999999943e-01 1.535300000000000033e-02 -9.640440000000000120e-01 -2.657320000000000237e-01 -2.327000000000000075e-03
2.000000000000000000e+00 1.300000000000000000e+01 2.000000000000000000e+01 0.000000000000000000e+00 1.600000000000000089e+00 1.737999999999999962e-03 2.318000000000000182e-03 9.999959999999999960e-01 2.516369999999999996e-01 9.678179999999999561e-01 -2.680999999999999790e-03 -9.678200000000000136e-01 2.516399999999999748e-01 1.098999999999999934e-03
7.000000000000000000e+00 1.300000000000000000e+01 2.000000000000000000e+01 0.000000000000000000e+00 1.600000000000000089e+00 1.157999999999999958e-03 1.240000000000000000e-03 9.999989999999999712e-01 2.508830000000000227e-01 9.680159999999999876e-01 -1.490999999999999921e-03 -9.680170000000000163e-01 2.508850000000000247e-01 8.099999999999999561e-04
1.300000000000000000e+01 1.300000000000000000e+01 2.000000000000000000e+01 0.000000000000000000e+00 1.600000000000000089e+00 1.794000000000000022e-03 6.432000000000000217e-03 9.999780000000000335e-01 2.505060000000000064e-01 9.680919999999999526e-01 -6.675999999999999643e-03 -9.681130000000000013e-01 2.505129999999999857e-01 1.250000000000000026e-04
1.900000000000000000e+01 1.300000000000000000e+01 2.000000000000000000e+01 0.000000000000000000e+00 1.600000000000000089e+00 5.599999999999999916e-05 -1.392000000000000008e-03 9.999989999999999712e-01 2.511410000000000031e-01 9.679499999999999771e-01 1.333999999999999899e-03 -9.679510000000000058e-01 2.511399999999999744e-01 4.040000000000000080e-04
2.400000000000000000e+01 1.300000000000000000e+01 2.000000000000000000e+01 0.000000000000000000e+00 1.600000000000000089e+00 -5.379999999999999583e-04 2.105000000000000100e-03 9.999980000000000535e-01 2.502139999999999920e-01 9.681889999999999663e-01 -1.904000000000000093e-03 -9.681910000000000238e-01 2.502119999999999900e-01 -1.048000000000000103e-03
2.800000000000000000e+01 1.300000000000000000e+01 2.000000000000000000e+01 0.000000000000000000e+00 1.600000000000000089e+00 -6.799000000000000356e-03 -1.070800000000000050e-02 9.999200000000000310e-01 2.492099999999999871e-01 9.683739999999999570e-01 1.206499999999999934e-02 -9.684260000000000090e-01 2.492719999999999936e-01 -3.916000000000000210e-03
3.000000000000000000e+00 1.600000000000000000e+01 2.100000000000000000e+01 0.000000000000000000e+00 1.600000000000000089e+00 1.853000000000000046e-03 8.580000000000000387e-04 9.999980000000000535e-01 2.978520000000000056e-01 9.546109999999999873e-01 -1.371000000000000040e-03 -9.546099999999999586e-01 2.978540000000000076e-01 1.513000000000000022e-03
8.000000000000000000e+00 1.600000000000000000e+01 2.100000000000000000e+01 0.000000000000000000e+00 1.600000000000000089e+00 1.252999999999999991e-03 2.546999999999999785e-03 9.999959999999999960e-01 2.986150000000000193e-01 9.543690000000000229e-01 -2.805000000000000202e-03 -9.543730000000000269e-01 2.986179999999999946e-01 4.360000000000000269e-04
1.400000000000000000e+01 1.600000000000000000e+01 2.100000000000000000e+01 0.000000000000000000e+00 1.600000000000000089e+00 1.600999999999999993e-03 5.216000000000000150e-03 9.999850000000000128e-01 2.978819999999999801e-01 9.545869999999999633e-01 -5.455999999999999912e-03 -9.546010000000000328e-01 2.978870000000000129e-01 -2.500000000000000120e-05
2.300000000000000000e+01 1.600000000000000000e+01 2.100000000000000000e+01 0.000000000000000000e+00 1.600000000000000089e+00 1.000000000000000082e-05 6.599999999999999964e-04 1.000000000000000000e+00 2.966849999999999765e-01 9.549750000000000183e-01 -6.329999999999999906e-04 -9.549750000000000183e-01 2.966849999999999765e-01 -1.859999999999999945e-04
2.800000000000000000e+01 1.600000000000000000e+01 2.100000000000000000e+01 0.000000000000000000e+00 1.600000000000000089e+00 -7.655000000000000346e-03 -9.965999999999999165e-03 9.999209999999999487e-01 2.966960000000000153e-01 9.548990000000000533e-01 1.178900000000000087e-02 -9.549410000000000398e-01 2.967629999999999990e-01 -4.351999999999999966e-03
1.700000000000000000e+01 3.000000000000000000e+00 2.500000000000000000e+01 0.000000000000000000e+00 1.600000000000000089e+00 -1.900999999999999912e-03 5.105000000000000163e-03 9.999850000000000128e-01 -2.945199999999999901e-02 -9.995530000000000248e-01 5.047000000000000271e-03 9.995640000000000081e-01 -2.944199999999999942e-02 2.050000000000000173e-03
4.000000000000000000e+00 4.600000000000000000e+01 2.700000000000000000e+01 0.000000000000000000e+00 1.600000000000000089e+00 1.446999999999999936e-03 5.852999999999999696e-03 -9.999820000000000375e-01 6.595710000000000184e-01 7.516239999999999588e-01 5.354000000000000252e-03 7.516410000000000036e-01 -6.595659999999999856e-01 -2.772000000000000158e-03
2.000000000000000000e+01 4.600000000000000000e+01 2.700000000000000000e+01 0.000000000000000000e+00 1.600000000000000089e+00 8.099999999999999561e-04 -2.828999999999999918e-03 -9.999959999999999960e-01 6.762089999999999490e-01 7.367080000000000295e-01 -1.536000000000000039e-03 7.367089999999999472e-01 -6.762049999999999450e-01 2.508999999999999946e-03
2.600000000000000000e+01 4.600000000000000000e+01 2.700000000000000000e+01 0.000000000000000000e+00 1.600000000000000089e+00 -2.386999999999999799e-03 -4.252999999999999836e-03 -9.999879999999999880e-01 6.703620000000000134e-01 7.420189999999999841e-01 -4.755999999999999811e-03 7.420309999999999961e-01 -6.703649999999999887e-01 1.079000000000000098e-03
1.700000000000000000e+01 4.600000000000000000e+01 3.000000000000000000e+01 0.000000000000000000e+00 1.600000000000000089e+00 9.700000000000000505e-04 -9.539999999999999869e-04 -9.999989999999999712e-01 3.424039999999999861e-01 9.395529999999999715e-01 -5.640000000000000482e-04 9.395520000000000538e-01 -3.424030000000000129e-01 1.237999999999999951e-03
6.000000000000000000e+00 5.800000000000000000e+01 3.100000000000000000e+01 0.000000000000000000e+00 1.600000000000000089e+00 3.235000000000000028e-03 4.453000000000000361e-03 9.999850000000000128e-01 -7.720310000000000228e-01 -6.355629999999999891e-01 5.328000000000000271e-03 6.355769999999999476e-01 -7.720359999999999445e-01 1.381999999999999982e-03
1.000000000000000000e+01 5.800000000000000000e+01 3.100000000000000000e+01 0.000000000000000000e+00 1.600000000000000089e+00 2.203000000000000097e-03 1.005000000000000034e-03 9.999970000000000248e-01 -7.747230000000000505e-01 -6.322969999999999979e-01 2.341999999999999898e-03 6.322969999999999979e-01 -7.747260000000000257e-01 -6.139999999999999625e-04
1.300000000000000000e+01 5.800000000000000000e+01 3.100000000000000000e+01 0.000000000000000000e+00 1.600000000000000089e+00 -5.538000000000000388e-03 -6.409999999999999899e-03 9.999639999999999640e-01 -7.779850000000000376e-01 -6.282280000000000086e-01 -8.335999999999999660e-03 6.282590000000000119e-01 -7.780030000000000001e-01 -1.507000000000000093e-03
1.700000000000000000e+01 5.800000000000000000e+01 3.100000000000000000e+01 0.000000000000000000e+00 1.600000000000000089e+00 -7.621000000000000170e-03 -1.021599999999999939e-02 9.999190000000000023e-01 -7.830819999999999448e-01 -6.217970000000000441e-01 -1.232100000000000035e-02 6.218719999999999803e-01 -7.831120000000000303e-01 -3.261000000000000010e-03
2.100000000000000000e+01 5.800000000000000000e+01 3.100000000000000000e+01 0.000000000000000000e+00 1.600000000000000089e+00 -3.494000000000000144e-03 -3.579999999999999741e-04 9.999940000000000495e-01 -7.877880000000000438e-01 -6.159400000000000430e-01 -2.974000000000000081e-03 6.159369999999999568e-01 -7.877929999999999655e-01 1.869999999999999917e-03
5.000000000000000000e+00 4.600000000000000000e+01 3.500000000000000000e+01 0.000000000000000000e+00 1.600000000000000089e+00 2.186000000000000009e-03 5.800000000000000034e-04 -9.999970000000000248e-01 3.895580000000000154e-01 -9.210019999999999873e-01 3.170000000000000075e-04 -9.209990000000000121e-01 -3.895580000000000154e-01 -2.239000000000000105e-03
1.100000000000000000e+01 4.600000000000000000e+01 3.500000000000000000e+01 0.000000000000000000e+00 1.600000000000000089e+00 1.293000000000000095e-03 3.340999999999999786e-03 -9.999940000000000495e-01 3.912340000000000262e-01 -9.202879999999999949e-01 -2.569000000000000103e-03 -9.202900000000000524e-01 -3.912280000000000202e-01 -2.497000000000000088e-03
1.600000000000000000e+01 4.600000000000000000e+01 3.500000000000000000e+01 0.000000000000000000e+00 1.600000000000000089e+00 -4.070000000000000267e-04 4.099999999999999912e-04 -1.000000000000000000e+00 3.917109999999999759e-01 -9.200880000000000170e-01 -5.370000000000000424e-04 -9.200880000000000170e-01 -3.917109999999999759e-01 2.130000000000000003e-04
2.500000000000000000e+01 4.600000000000000000e+01 3.500000000000000000e+01 0.000000000000000000e+00 1.600000000000000089e+00 1.269999999999999970e-04 3.043999999999999831e-03 -9.999949999999999672e-01 3.903949999999999920e-01 -9.206429999999999891e-01 -2.752999999999999805e-03 -9.206469999999999931e-01 -3.903929999999999900e-01 -1.304999999999999953e-03
2.900000000000000000e+01 4.600000000000000000e+01 3.500000000000000000e+01 0.000000000000000000e+00 1.600000000000000089e+00 -2.247999999999999998e-03 1.732999999999999948e-03 -9.999959999999999960e-01 3.883119999999999905e-01 -9.215250000000000385e-01 -2.469999999999999973e-03 -9.215250000000000385e-01 -3.883159999999999945e-01 1.399000000000000070e-03
3.000000000000000000e+00 9.500000000000000000e+01 3.600000000000000000e+01 0.000000000000000000e+00 1.600000000000000089e+00 4.342200000000000226e-02 2.620199999999999960e-02 9.987129999999999619e-01 9.974870000000000125e-01 5.487500000000000017e-02 -4.480800000000000061e-02 -5.597900000000000098e-02 9.981489999999999529e-01 -2.375400000000000081e-02
8.000000000000000000e+00 9.500000000000000000e+01 3.600000000000000000e+01 0.000000000000000000e+00 1.600000000000000089e+00 2.223400000000000029e-02 1.271699999999999914e-02 9.996720000000000050e-01 9.968559999999999643e-01 7.577799999999999814e-02 -2.313499999999999931e-02 -7.604800000000000448e-02 9.970440000000000413e-01 -1.099200000000000003e-02
1.900000000000000000e+01 9.500000000000000000e+01 3.600000000000000000e+01 0.000000000000000000e+00 1.600000000000000089e+00 -3.510800000000000032e-02 -4.830700000000000272e-02 9.982149999999999634e-01 9.973309999999999675e-01 6.229099999999999915e-02 3.809099999999999986e-02 -6.401999999999999358e-02 9.968879999999999963e-01 4.599099999999999716e-02
3.000000000000000000e+01 9.500000000000000000e+01 3.600000000000000000e+01 0.000000000000000000e+00 1.600000000000000089e+00 1.199099999999999992e-02 1.654800000000000021e-02 9.997909999999999853e-01 9.982140000000000457e-01 5.832500000000000184e-02 -1.293799999999999985e-02 -5.852700000000000263e-02 9.981600000000000472e-01 -1.581899999999999973e-02
4.000000000000000000e+00 1.800000000000000000e+01 3.900000000000000000e+01 0.000000000000000000e+00 1.600000000000000089e+00 4.461470000000000158e-01 -3.921850000000000058e-01 8.044519999999999449e-01 1.807850000000000013e-01 9.198330000000000117e-01 3.481719999999999815e-01 -8.765100000000000113e-01 -9.903000000000000344e-03 4.812819999999999876e-01
1.000000000000000000e+00 1.400000000000000000e+01 4.200000000000000000e+01 0.000000000000000000e+00 1.600000000000000089e+00 -6.602600000000000136e-02 1.166920000000000041e-01 9.909710000000000463e-01 -6.211790000000000367e-01 -7.820270000000000277e-01 5.070000000000000201e-02 7.808819999999999650e-01 -6.122229999999999617e-01 1.241209999999999952e-01
3.000000000000000000e+00 3.000000000000000000e+00 4.300000000000000000e+01 0.000000000000000000e+00 1.600000000000000089e+00 2.474000000000000071e-03 7.588000000000000127e-03 -9.999679999999999680e-01 7.427669999999999551e-01 -6.695419999999999705e-01 -3.242999999999999789e-03 -6.695459999999999745e-01 -7.427350000000000341e-01 -7.291999999999999871e-03
7.000000000000000000e+00 3.000000000000000000e+00 4.300000000000000000e+01 0.000000000000000000e+00 1.600000000000000089e+00 -3.100000000000000135e-05 9.709999999999999664e-04 -1.000000000000000000e+00 7.412279999999999980e-01 -6.712529999999999886e-01 -6.740000000000000114e-04 -6.712529999999999886e-01 -7.412279999999999980e-01 -6.989999999999999686e-04
1.000000000000000000e+00 4.200000000000000000e+01 4.300000000000000000e+01 0.000000000000000000e+00 1.600000000000000089e+00 3.130080000000000084e-01 1.902810000000000057e-01 -9.304940000000000433e-01 4.225869999999999904e-01 -9.053029999999999688e-01 -4.297600000000000031e-02 -8.505559999999999787e-01 -3.797630000000000172e-01 -3.637779999999999903e-01
6.000000000000000000e+00 6.500000000000000000e+01 4.600000000000000000e+01 0.000000000000000000e+00 1.600000000000000089e+00 -2.516000000000000007e-03 -1.199999999999999895e-03 9.999959999999999960e-01 6.795010000000000217e-01 -7.336740000000000483e-01 8.289999999999999843e-04 7.336700000000000443e-01 6.795010000000000217e-01 2.661999999999999870e-03
2.000000000000000000e+01 6.500000000000000000e+01 4.600000000000000000e+01 0.000000000000000000e+00 1.600000000000000089e+00 1.631999999999999987e-03 1.013000000000000012e-03 9.999980000000000535e-01 6.797720000000000429e-01 -7.334230000000000471e-01 -3.669999999999999760e-04 7.334209999999999896e-01 6.797720000000000429e-01 -1.886000000000000090e-03
2.600000000000000000e+01 6.500000000000000000e+01 4.600000000000000000e+01 0.000000000000000000e+00 1.600000000000000089e+00 3.769000000000000215e-03 -1.266999999999999897e-03 9.999919999999999920e-01 6.793850000000000167e-01 -7.337730000000000086e-01 -3.490000000000000047e-03 7.337719999999999798e-01 6.793930000000000247e-01 -1.904000000000000093e-03
1.000000000000000000e+01 2.100000000000000000e+01 4.800000000000000000e+01 0.000000000000000000e+00 1.600000000000000089e+00 -2.853000000000000067e-03 -2.890000000000000208e-03 -9.999919999999999920e-01 3.069350000000000134e-01 9.517240000000000144e-01 -3.625999999999999883e-03 9.517259999999999609e-01 -3.069419999999999926e-01 -1.827999999999999981e-03
4.000000000000000000e+00 7.000000000000000000e+00 5.200000000000000000e+01 0.000000000000000000e+00 1.600000000000000089e+00 1.379999999999999933e-04 1.052999999999999900e-03 -9.999989999999999712e-01 9.123699999999999866e-02 -9.958289999999999642e-01 -1.036000000000000029e-03 -9.958289999999999642e-01 -9.123699999999999866e-02 -2.329999999999999986e-04
2.400000000000000000e+01 7.000000000000000000e+00 5.200000000000000000e+01 0.000000000000000000e+00 1.600000000000000089e+00 -3.556999999999999832e-03 -6.390000000000000280e-04 -9.999930000000000208e-01 8.313600000000000156e-02 -9.965380000000000349e-01 3.420000000000000188e-04 -9.965319999999999734e-01 -8.313399999999999956e-02 3.598000000000000070e-03
2.700000000000000000e+01 7.000000000000000000e+00 5.200000000000000000e+01 0.000000000000000000e+00 1.600000000000000089e+00 2.324000000000000111e-03 7.001000000000000278e-03 -9.999730000000000008e-01 8.039499999999999424e-02 -9.967399999999999594e-01 -6.792000000000000294e-03 -9.967599999999999794e-01 -8.037700000000000400e-02 -2.879000000000000049e-03
2.100000000000000000e+01 5.800000000000000000e+01 5.200000000000000000e+01 0.000000000000000000e+00 1.600000000000000089e+00 -2.799999999999999958e-05 -4.253999999999999969e-03 9.999909999999999632e-01 -6.253370000000000317e-01 7.803480000000000416e-01 3.302999999999999946e-03 -7.803550000000000209e-01 -6.253309999999999702e-01 -2.681999999999999922e-03
8.000000000000000000e+00 6.300000000000000000e+01 5.400000000000000000e+01 0.000000000000000000e+00 1.600000000000000089e+00 3.171000000000000207e-03 -4.459999999999999989e-04 9.999949999999999672e-01 -3.830910000000000148e-01 9.237090000000000023e-01 1.626999999999999974e-03 -9.237049999999999983e-01 -3.830939999999999901e-01 2.759000000000000168e-03
1.800000000000000000e+01 6.300000000000000000e+01 5.400000000000000000e+01 0.000000000000000000e+00 1.600000000000000089e+00 -3.981000000000000164e-03 -1.269099999999999916e-02 9.999120000000000230e-01 -3.927149999999999808e-01 9.196050000000000058e-01 1.010800000000000066e-02 -9.196509999999999962e-01 -3.926399999999999890e-01 -8.644999999999999907e-03
2.100000000000000000e+01 6.300000000000000000e+01 5.400000000000000000e+01 0.000000000000000000e+00 1.600000000000000089e+00 -3.710000000000000190e-03 -7.226999999999999917e-03 9.999670000000000503e-01 -3.758159999999999834e-01 9.266790000000000305e-01 5.303000000000000422e-03 -9.266870000000000385e-01 -3.757840000000000069e-01 -6.153999999999999748e-03
2.400000000000000000e+01 6.300000000000000000e+01 5.400000000000000000e+01 0.000000000000000000e+00 1.600000000000000089e+00 -1.270999999999999994e-03 2.317000000000000049e-03 9.999970000000000248e-01 -3.671019999999999839e-01 9.301770000000000316e-01 -2.622000000000000199e-03 -9.301800000000000068e-01 -3.671039999999999859e-01 -3.319999999999999926e-04
2.900000000000000000e+01 6.300000000000000000e+01 5.400000000000000000e+01 0.000000000000000000e+00 1.600000000000000089e+00 1.322999999999999957e-03 6.773999999999999640e-03 9.999759999999999760e-01 -3.665439999999999809e-01 9.303829999999999600e-01 -5.817000000000000122e-03 -9.304000000000000048e-01 -3.665269999999999917e-01 3.713999999999999854e-03
6.000000000000000000e+00 2.500000000000000000e+01 5.500000000000000000e+01 0.000000000000000000e+00 1.600000000000000089e+00 -1.545000000000000019e-02 -2.201869999999999938e-01 9.753349999999999520e-01 4.192699999999999899e-02 9.744509999999999561e-01 2.206519999999999870e-01 -9.990010000000000279e-01 4.430200000000000110e-02 -5.824000000000000184e-03
8.000000000000000000e+00 2.600000000000000000e+01 5.500000000000000000e+01 0.000000000000000000e+00 1.600000000000000089e+00 -1.580600000000000060e-02 -2.918220000000000258e-01 9.563420000000000254e-01 9.114000000000000573e-03 9.563800000000000079e-01 2.919840000000000213e-01 -9.998340000000000005e-01 1.333200000000000010e-02 -1.245699999999999932e-02
2.700000000000000000e+01 2.600000000000000000e+01 5.500000000000000000e+01 0.000000000000000000e+00 1.600000000000000089e+00 1.732999999999999948e-03 -1.169999999999999979e-04 -9.999989999999999712e-01 -4.362499999999999711e-02 -9.990480000000000471e-01 4.100000000000000047e-05 -9.990470000000000184e-01 4.362499999999999711e-02 -1.735999999999999913e-03
3.000000000000000000e+00 2.000000000000000000e+01 6.000000000000000000e+01 0.000000000000000000e+00 1.600000000000000089e+00 1.807000000000000012e-03 3.217999999999999940e-03 9.999930000000000208e-01 -6.464899999999999813e-02 9.979029999999999845e-01 -3.093999999999999962e-03 -9.979059999999999597e-01 -6.464300000000000601e-02 2.011999999999999900e-03
1.000000000000000000e+01 2.100000000000000000e+01 6.000000000000000000e+01 0.000000000000000000e+00 1.600000000000000089e+00 9.399999999999999719e-04 1.940000000000000101e-03 9.999980000000000535e-01 -9.559499999999999942e-02 9.954190000000000538e-01 -1.840999999999999972e-03 -9.954199999999999715e-01 -9.559299999999999742e-02 1.121000000000000035e-03
1.500000000000000000e+01 2.100000000000000000e+01 6.000000000000000000e+01 0.000000000000000000e+00 1.600000000000000089e+00 -3.750000000000000078e-04 4.530000000000000064e-04 1.000000000000000000e+00 -9.313299999999999357e-02 9.956540000000000390e-01 -4.859999999999999954e-04 -9.956540000000000390e-01 -9.313299999999999357e-02 -3.310000000000000225e-04
1.900000000000000000e+01 2.100000000000000000e+01 6.000000000000000000e+01 0.000000000000000000e+00 1.600000000000000089e+00 -3.800000000000000209e-04 2.380000000000000117e-04 1.000000000000000000e+00 -9.413900000000000046e-02 9.955589999999999717e-01 -2.719999999999999979e-04 -9.955589999999999717e-01 -9.413900000000000046e-02 -3.559999999999999797e-04
2.400000000000000000e+01 2.100000000000000000e+01 6.000000000000000000e+01 0.000000000000000000e+00 1.600000000000000089e+00 -6.499999999999999702e-04 -2.275999999999999811e-03 9.999970000000000248e-01 -9.474100000000000577e-02 9.955000000000000515e-01 2.203999999999999796e-03 -9.955019999999999980e-01 -9.473900000000000376e-02 -8.630000000000000518e-04
2.900000000000000000e+01 2.100000000000000000e+01 6.000000000000000000e+01 0.000000000000000000e+00 1.600000000000000089e+00 -8.009999999999999542e-04 -6.139000000000000359e-03 9.999810000000000088e-01 -9.462099999999999678e-02 9.954950000000000188e-01 6.035000000000000434e-03 -9.955129999999999812e-01 -9.461500000000000465e-02 -1.378000000000000102e-03
2.500000000000000000e+01 6.700000000000000000e+01 6.000000000000000000e+01 0.000000000000000000e+00 1.600000000000000089e+00 -9.169999999999999549e-04 -4.314000000000000126e-03 9.999900000000000455e-01 1.812950000000000117e-01 -9.834199999999999608e-01 -4.076999999999999895e-03 9.834279999999999688e-01 1.812890000000000057e-01 1.683999999999999950e-03
3.000000000000000000e+00 3.000000000000000000e+00 6.300000000000000000e+01 0.000000000000000000e+00 1.600000000000000089e+00 9.909999999999999105e-04 3.896999999999999856e-03 9.999919999999999920e-01 -6.172699999999999854e-01 7.867480000000000029e-01 -2.454000000000000018e-03 -7.867509999999999781e-01 -6.172630000000000061e-01 3.184999999999999897e-03
3.000000000000000000e+01 3.000000000000000000e+00 6.300000000000000000e+01 0.000000000000000000e+00 1.600000000000000089e+00 -1.154000000000000078e-03 -2.638000000000000154e-03 9.999959999999999960e-01 -6.138909999999999645e-01 7.893890000000000073e-01 1.374000000000000004e-03 -7.893900000000000361e-01 -6.138869999999999605e-01 -2.530000000000000131e-03
5.000000000000000000e+00 2.700000000000000000e+01 6.300000000000000000e+01 0.000000000000000000e+00 1.600000000000000089e+00 2.177999999999999815e-03 -4.943999999999999610e-03 9.999850000000000128e-01 -2.890449999999999964e-01 9.573009999999999575e-01 5.362999999999999712e-03 -9.573129999999999695e-01 -2.890519999999999756e-01 6.560000000000000076e-04
1.100000000000000000e+01 2.700000000000000000e+01 6.300000000000000000e+01 0.000000000000000000e+00 1.600000000000000089e+00 1.350999999999999987e-03 4.938999999999999814e-03 9.999869999999999592e-01 -2.809320000000000150e-01 9.597179999999999600e-01 -4.360000000000000160e-03 -9.597269999999999968e-01 -2.809229999999999783e-01 2.684000000000000188e-03
1.400000000000000000e+01 2.700000000000000000e+01 6.300000000000000000e+01 0.000000000000000000e+00 1.600000000000000089e+00 6.740000000000000114e-04 1.237000000000000035e-03 9.999989999999999712e-01 -2.801199999999999801e-01 9.599640000000000395e-01 -9.990000000000001049e-04 -9.599649999999999572e-01 -2.801190000000000069e-01 9.940000000000000918e-04
2.500000000000000000e+01 2.700000000000000000e+01 6.300000000000000000e+01 0.000000000000000000e+00 1.600000000000000089e+00 -1.575999999999999927e-03 -1.227999999999999925e-03 9.999980000000000535e-01 -2.790349999999999775e-01 9.602810000000000512e-01 7.399999999999999894e-04 -9.602800000000000225e-01 -2.790329999999999755e-01 -1.856000000000000011e-03
5.000000000000000000e+00 4.400000000000000000e+01 6.300000000000000000e+01 0.000000000000000000e+00 1.600000000000000089e+00 -5.033000000000000147e-03 -1.344000000000000056e-02 -9.998970000000000358e-01 -6.580899999999999528e-01 -7.528200000000000447e-01 1.343199999999999950e-02 -7.529230000000000089e-01 6.580890000000000351e-01 -5.054999999999999598e-03
8.000000000000000000e+00 4.400000000000000000e+01 6.300000000000000000e+01 0.000000000000000000e+00 1.600000000000000089e+00 -4.098000000000000080e-03 -6.780000000000000002e-04 -9.999909999999999632e-01 -6.452510000000000190e-01 -7.639639999999999764e-01 3.161999999999999880e-03 -7.639599999999999724e-01 6.452579999999999982e-01 2.693000000000000081e-03
1.400000000000000000e+01 4.400000000000000000e+01 6.300000000000000000e+01 0.000000000000000000e+00 1.600000000000000089e+00 1.972999999999999927e-03 2.442199999999999926e-02 -9.997000000000000330e-01 -6.362219999999999542e-01 -7.712440000000000406e-01 -2.009700000000000028e-02 -7.715039999999999676e-01 6.360700000000000243e-01 1.401600000000000068e-02
1.700000000000000000e+01 4.400000000000000000e+01 6.300000000000000000e+01 0.000000000000000000e+00 1.600000000000000089e+00 4.938999999999999814e-03 1.961399999999999949e-02 -9.997949999999999893e-01 -6.366239999999999677e-01 -7.709580000000000322e-01 -1.827000000000000152e-02 -7.711590000000000389e-01 6.365840000000000387e-01 8.678999999999999215e-03
2.300000000000000000e+01 4.400000000000000000e+01 6.300000000000000000e+01 0.000000000000000000e+00 1.600000000000000089e+00 -7.699999999999999597e-04 1.337000000000000081e-03 -9.999989999999999712e-01 -6.506549999999999834e-01 -7.593729999999999647e-01 -5.150000000000000498e-04 -7.593729999999999647e-01 6.506539999999999546e-01 1.453999999999999997e-03
2.800000000000000000e+01 4.400000000000000000e+01 6.300000000000000000e+01 0.000000000000000000e+00 1.600000000000000089e+00 4.260000000000000006e-04 1.467399999999999954e-02 -9.998920000000000030e-01 -6.577790000000000026e-01 -7.531259999999999621e-01 -1.133299999999999932e-02 -7.532109999999999639e-01 6.577129999999999921e-01 9.332000000000000017e-03
6.000000000000000000e+00 2.600000000000000000e+01 6.400000000000000000e+01 0.000000000000000000e+00 1.600000000000000089e+00 2.027000000000000156e-03 -1.706000000000000051e-03 9.999959999999999960e-01 -3.697500000000000231e-01 9.291279999999999539e-01 2.334000000000000137e-03 -9.291289999999999827e-01 -3.697529999999999983e-01 1.252999999999999991e-03
1.000000000000000000e+01 2.600000000000000000e+01 6.400000000000000000e+01 0.000000000000000000e+00 1.600000000000000089e+00 5.060000000000000478e-04 4.013000000000000074e-03 9.999919999999999920e-01 -3.679120000000000168e-01 9.298539999999999583e-01 -3.546000000000000107e-03 -9.298610000000000486e-01 -3.679069999999999840e-01 1.946999999999999946e-03
1.400000000000000000e+01 2.600000000000000000e+01 6.400000000000000000e+01 0.000000000000000000e+00 1.600000000000000089e+00 6.920000000000000153e-04 1.232999999999999938e-03 9.999989999999999712e-01 -3.694189999999999974e-01 9.292620000000000324e-01 -8.899999999999999491e-04 -9.292629999999999502e-01 -3.694180000000000241e-01 1.098999999999999934e-03
2.000000000000000000e+01 2.600000000000000000e+01 6.400000000000000000e+01 0.000000000000000000e+00 1.600000000000000089e+00 -7.789999999999999616e-04 -3.311000000000000141e-03 9.999940000000000495e-01 -3.683739999999999792e-01 9.296740000000000004e-01 2.791000000000000078e-03 -9.296769999999999756e-01 -3.683690000000000020e-01 -1.943000000000000066e-03
2.700000000000000000e+01 2.600000000000000000e+01 6.400000000000000000e+01 0.000000000000000000e+00 1.600000000000000089e+00 -2.598000000000000049e-03 -1.842000000000000104e-03 9.999949999999999672e-01 -3.712389999999999857e-01 9.285369999999999457e-01 7.460000000000000268e-04 -9.285339999999999705e-01 -3.712349999999999817e-01 -3.095999999999999794e-03
