3.000000000000000000e+00 1.500000000000000000e+01 4.000000000000000000e+00 0.000000000000000000e+00 1.600000000000000089e+00 -1.599999999999999928e-05 1.242000000000000048e-02 9.999230000000000063e-01 3.234349999999999725e-01 -9.461770000000000458e-01 1.175799999999999935e-02 9.462500000000000355e-01 3.234099999999999753e-01 -4.002000000000000349e-03
7.000000000000000000e+00 1.500000000000000000e+01 4.000000000000000000e+00 0.000000000000000000e+00 1.600000000000000089e+00 1.188000000000000037e-03 1.285999999999999990e-02 9.999169999999999447e-01 3.190490000000000270e-01 -9.476649999999999796e-01 1.180900000000000005e-02 9.477379999999999693e-01 3.190080000000000138e-01 -5.229000000000000141e-03
1.600000000000000000e+01 1.500000000000000000e+01 4.000000000000000000e+00 0.000000000000000000e+00 1.600000000000000089e+00 2.219000000000000052e-03 9.318999999999999159e-03 9.999540000000000095e-01 3.183570000000000011e-01 -9.479360000000000008e-01 8.127999999999999808e-03 9.479680000000000328e-01 3.183250000000000246e-01 -5.069999999999999854e-03
2.800000000000000000e+01 1.500000000000000000e+01 4.000000000000000000e+00 0.000000000000000000e+00 1.600000000000000089e+00 -3.053999999999999857e-03 -7.283000000000000411e-03 9.999689999999999968e-01 3.204230000000000134e-01 -9.472559999999999869e-01 -5.919999999999999915e-03 9.472699999999999454e-01 3.203949999999999854e-01 5.226999999999999875e-03
1.400000000000000000e+01 7.400000000000000000e+01 4.000000000000000000e+00 0.000000000000000000e+00 1.600000000000000089e+00 -8.809040000000000203e-01 -3.781860000000000221e-01 2.845770000000000244e-01 -3.999030000000000085e-01 9.163360000000000394e-01 -2.013799999999999965e-02 -2.531519999999999881e-01 -1.315429999999999933e-01 -9.584420000000000162e-01
9.000000000000000000e+00 1.010000000000000000e+02 7.000000000000000000e+00 0.000000000000000000e+00 1.600000000000000089e+00 -1.557000000000000007e-03 -1.065900000000000007e-02 9.999419999999999975e-01 8.829110000000000014e-01 4.694980000000000264e-01 6.380000000000000254e-03 -4.695389999999999842e-01 8.828690000000000149e-01 8.680000000000000215e-03
1.600000000000000000e+01 1.010000000000000000e+02 7.000000000000000000e+00 0.000000000000000000e+00 1.600000000000000089e+00 2.830000000000000050e-03 -3.848599999999999938e-02 9.992550000000000043e-01 8.846960000000000379e-01 4.659130000000000216e-01 1.543899999999999960e-02 -4.661600000000000188e-01 8.839930000000000287e-01 3.536700000000000260e-02
2.100000000000000000e+01 1.010000000000000000e+02 7.000000000000000000e+00 0.000000000000000000e+00 1.600000000000000089e+00 4.899999999999999842e-05 -2.982800000000000035e-02 9.995549999999999713e-01 8.853799999999999448e-01 4.646629999999999927e-01 1.382199999999999922e-02 -4.648689999999999767e-01 8.849850000000000216e-01 2.643200000000000063e-02
3.000000000000000000e+00 2.500000000000000000e+01 8.000000000000000000e+00 0.000000000000000000e+00 1.600000000000000089e+00 -2.805999999999999901e-03 -5.936999999999999569e-03 -9.999780000000000335e-01 4.477840000000000154e-01 8.941179999999999684e-01 -6.564999999999999655e-03 8.941369999999999596e-01 -4.477929999999999966e-01 1.499999999999999869e-04
7.000000000000000000e+00 2.500000000000000000e+01 8.000000000000000000e+00 0.000000000000000000e+00 1.600000000000000089e+00 -2.181999999999999912e-03 -4.419000000000000185e-03 -9.999879999999999880e-01 4.490950000000000220e-01 8.934699999999999864e-01 -4.929000000000000221e-03 8.934809999999999697e-01 -4.490999999999999992e-01 3.499999999999999693e-05
1.200000000000000000e+01 2.500000000000000000e+01 8.000000000000000000e+00 0.000000000000000000e+00 1.600000000000000089e+00 -2.105999999999999799e-03 -8.286999999999999228e-03 -9.999630000000000463e-01 4.494469999999999854e-01 8.932679999999999509e-01 -8.349000000000000518e-03 8.933050000000000157e-01 -4.494480000000000142e-01 1.843000000000000020e-03
2.000000000000000000e+01 2.500000000000000000e+01 8.000000000000000000e+00 0.000000000000000000e+00 1.600000000000000089e+00 -2.700000000000000035e-04 -2.364000000000000216e-03 -9.999970000000000248e-01 4.533980000000000232e-01 8.913060000000000427e-01 -2.229000000000000078e-03 8.913079999999999892e-01 -4.533969999999999945e-01 8.310000000000000329e-04
2.600000000000000000e+01 2.500000000000000000e+01 8.000000000000000000e+00 0.000000000000000000e+00 1.600000000000000089e+00 -1.062000000000000010e-03 -4.920000000000000328e-04 -9.999989999999999712e-01 4.520339999999999914e-01 8.920000000000000151e-01 -9.190000000000000035e-04 8.920000000000000151e-01 -4.520350000000000201e-01 -7.249999999999999500e-04
3.000000000000000000e+00 2.400000000000000000e+01 9.000000000000000000e+00 0.000000000000000000e+00 1.600000000000000089e+00 -3.026000000000000044e-03 -5.917999999999999650e-03 -9.999780000000000335e-01 4.508139999999999925e-01 8.925929999999999698e-01 -6.647000000000000131e-03 8.926129999999999898e-01 -4.508240000000000025e-01 -3.300000000000000253e-05
8.000000000000000000e+00 2.400000000000000000e+01 9.000000000000000000e+00 0.000000000000000000e+00 1.600000000000000089e+00 -1.618999999999999996e-03 -4.769999999999999934e-03 -9.999869999999999592e-01 4.519389999999999796e-01 8.920350000000000223e-01 -4.987000000000000113e-03 8.920470000000000343e-01 -4.519409999999999816e-01 7.119999999999999593e-04
1.300000000000000000e+01 2.400000000000000000e+01 9.000000000000000000e+00 0.000000000000000000e+00 1.600000000000000089e+00 -2.001999999999999873e-03 -1.090600000000000076e-02 -9.999390000000000223e-01 4.517120000000000024e-01 8.921000000000000041e-01 -1.063399999999999936e-02 8.921609999999999818e-01 -4.517059999999999964e-01 3.141000000000000129e-03
1.700000000000000000e+01 2.400000000000000000e+01 9.000000000000000000e+00 0.000000000000000000e+00 1.600000000000000089e+00 -1.459000000000000010e-03 -8.115999999999999950e-03 -9.999660000000000215e-01 4.546850000000000058e-01 8.906180000000000208e-01 -7.891999999999999710e-03 8.906509999999999705e-01 -4.546810000000000018e-01 2.390000000000000197e-03
2.000000000000000000e+01 2.400000000000000000e+01 9.000000000000000000e+00 0.000000000000000000e+00 1.600000000000000089e+00 -1.659999999999999963e-04 -1.876999999999999979e-03 -9.999980000000000535e-01 4.562700000000000089e-01 8.898399999999999643e-01 -1.745999999999999939e-03 8.898409999999999931e-01 -4.562700000000000089e-01 7.089999999999999948e-04
2.900000000000000000e+01 2.400000000000000000e+01 9.000000000000000000e+00 0.000000000000000000e+00 1.600000000000000089e+00 -2.098000000000000038e-03 -3.350000000000000113e-03 -9.999919999999999920e-01 4.550270000000000148e-01 8.904689999999999550e-01 -3.937999999999999660e-03 8.904750000000000165e-01 -4.550319999999999920e-01 -3.440000000000000132e-04
1.100000000000000000e+01 3.100000000000000000e+01 1.200000000000000000e+01 0.000000000000000000e+00 1.600000000000000089e+00 1.050000000000000044e-04 -1.853999999999999962e-03 9.999980000000000535e-01 -1.326500000000000075e-02 9.999099999999999655e-01 1.855000000000000095e-03 -9.999120000000000230e-01 -1.326500000000000075e-02 8.100000000000000375e-05
2.700000000000000000e+01 3.100000000000000000e+01 1.200000000000000000e+01 0.000000000000000000e+00 1.600000000000000089e+00 -6.759999999999999516e-04 -2.384999999999999967e-03 9.999970000000000248e-01 -1.653100000000000055e-02 9.998609999999999998e-01 2.373999999999999808e-03 -9.998629999999999463e-01 -1.652899999999999855e-02 -7.150000000000000322e-04
9.000000000000000000e+00 3.500000000000000000e+01 1.200000000000000000e+01 0.000000000000000000e+00 1.600000000000000089e+00 -1.050000000000000044e-04 -5.577000000000000360e-03 -9.999850000000000128e-01 4.933710000000000040e-01 -8.698059999999999681e-01 4.799000000000000314e-03 -8.698190000000000088e-01 -4.933629999999999960e-01 2.843000000000000041e-03
1.500000000000000000e+01 3.500000000000000000e+01 1.200000000000000000e+01 0.000000000000000000e+00 1.600000000000000089e+00 1.833999999999999910e-03 -2.781000000000000052e-03 -9.999940000000000495e-01 4.802500000000000102e-01 -8.771250000000000435e-01 3.320000000000000034e-03 -8.771299999999999653e-01 -4.802540000000000142e-01 -2.739999999999999923e-04
1.900000000000000000e+01 3.500000000000000000e+01 1.200000000000000000e+01 0.000000000000000000e+00 1.600000000000000089e+00 1.543000000000000101e-03 -8.073000000000000315e-03 -9.999660000000000215e-01 4.710489999999999955e-01 -8.820719999999999672e-01 7.848000000000000809e-03 -8.821059999999999457e-01 -4.710449999999999915e-01 2.442000000000000160e-03
2.200000000000000000e+01 3.500000000000000000e+01 1.200000000000000000e+01 0.000000000000000000e+00 1.600000000000000089e+00 2.910000000000000260e-04 -5.682999999999999684e-03 -9.999839999999999840e-01 4.652470000000000216e-01 -8.851660000000000084e-01 5.165999999999999585e-03 -8.851809999999999956e-01 -4.652410000000000156e-01 2.386000000000000100e-03
2.600000000000000000e+01 3.500000000000000000e+01 1.200000000000000000e+01 0.000000000000000000e+00 1.600000000000000089e+00 -5.680000000000000370e-04 -2.503000000000000017e-03 -9.999970000000000248e-01 4.569659999999999833e-01 -8.894819999999999949e-01 1.966999999999999998e-03 -8.894840000000000524e-01 -4.569639999999999813e-01 1.649000000000000075e-03
1.200000000000000000e+01 7.300000000000000000e+01 1.300000000000000000e+01 0.000000000000000000e+00 1.600000000000000089e+00 -9.140249999999999764e-01 -2.217379999999999907e-01 3.396919999999999940e-01 -3.369599999999999818e-01 8.812600000000000433e-01 -3.314210000000000211e-01 -2.258680000000000132e-01 -4.173890000000000100e-01 -8.802100000000000479e-01
1.800000000000000000e+01 3.200000000000000000e+01 1.400000000000000000e+01 0.000000000000000000e+00 1.600000000000000089e+00 2.635000000000000189e-03 2.524999999999999901e-03 -9.999930000000000208e-01 1.032560000000000006e-01 9.946509999999999518e-01 2.784000000000000016e-03 9.946509999999999518e-01 -1.032620000000000066e-01 2.360000000000000119e-03
2.100000000000000000e+01 3.200000000000000000e+01 1.400000000000000000e+01 0.000000000000000000e+00 1.600000000000000089e+00 6.049999999999999606e-04 5.140000000000000254e-04 -1.000000000000000000e+00 1.037180000000000046e-01 9.946070000000000189e-01 5.739999999999999660e-04 9.946059999999999901e-01 -1.037190000000000056e-01 5.490000000000000088e-04
2.900000000000000000e+01 1.160000000000000000e+02 1.600000000000000000e+01 0.000000000000000000e+00 1.600000000000000089e+00 6.430000000000000169e-04 3.503000000000000037e-03 9.999940000000000495e-01 7.358240000000000336e-01 6.771669999999999634e-01 -2.844999999999999873e-03 -6.771719999999999962e-01 7.358209999999999473e-01 -2.141999999999999807e-03
4.000000000000000000e+00 2.000000000000000000e+00 1.900000000000000000e+01 0.000000000000000000e+00 1.600000000000000089e+00 2.491000000000000159e-03 1.544399999999999940e-02 -9.998780000000000445e-01 2.025919999999999943e-01 -9.791539999999999688e-01 -1.461900000000000005e-02 -9.792600000000000193e-01 -2.025309999999999888e-01 -5.568000000000000033e-03
7.000000000000000000e+00 2.000000000000000000e+00 1.900000000000000000e+01 0.000000000000000000e+00 1.600000000000000089e+00 1.291000000000000047e-03 2.501400000000000151e-02 -9.996859999999999635e-01 1.980409999999999948e-01 -9.798930000000000140e-01 -2.426299999999999985e-02 -9.801929999999999810e-01 -1.979480000000000128e-01 -6.218999999999999702e-03
1.400000000000000000e+01 2.000000000000000000e+00 1.900000000000000000e+01 0.000000000000000000e+00 1.600000000000000089e+00 -3.155999999999999951e-03 1.517800000000000052e-02 -9.998799999999999910e-01 1.855360000000000065e-01 -9.825150000000000272e-01 -1.549999999999999989e-02 -9.826319999999999499e-01 -1.855630000000000057e-01 2.840000000000000185e-04
1.800000000000000000e+01 2.000000000000000000e+00 1.900000000000000000e+01 0.000000000000000000e+00 1.600000000000000089e+00 -2.886000000000000110e-03 1.641600000000000004e-02 -9.998609999999999998e-01 1.850600000000000023e-01 -9.825859999999999594e-01 -1.666700000000000126e-02 -9.827230000000000132e-01 -1.850819999999999965e-01 -2.030000000000000012e-04
2.500000000000000000e+01 2.000000000000000000e+00 1.900000000000000000e+01 0.000000000000000000e+00 1.600000000000000089e+00 -1.036000000000000029e-03 1.817999999999999955e-03 -9.999980000000000535e-01 1.748649999999999927e-01 -9.845909999999999940e-01 -1.971000000000000096e-03 -9.845920000000000227e-01 -1.748659999999999937e-01 7.029999999999999574e-04
3.000000000000000000e+01 2.000000000000000000e+00 1.900000000000000000e+01 0.000000000000000000e+00 1.600000000000000089e+00 3.480000000000000020e-04 -4.154999999999999839e-03 -9.999909999999999632e-01 1.696429999999999882e-01 -9.854969999999999564e-01 4.152999999999999574e-03 -9.855049999999999644e-01 -1.696429999999999882e-01 3.620000000000000171e-04
4.000000000000000000e+00 4.000000000000000000e+00 2.000000000000000000e+01 0.000000000000000000e+00 1.600000000000000089e+00 1.745999999999999939e-03 1.442799999999999985e-02 -9.998939999999999495e-01 3.184520000000000128e-01 -9.478480000000000238e-01 -1.312100000000000072e-02 -9.479370000000000296e-01 -3.183960000000000123e-01 -6.250000000000000347e-03
2.600000000000000000e+01 4.000000000000000000e+00 2.000000000000000000e+01 0.000000000000000000e+00 1.600000000000000089e+00 -1.286000000000000034e-03 2.027999999999999855e-03 -9.999970000000000248e-01 2.587929999999999953e-01 -9.659299999999999553e-01 -2.292000000000000200e-03 -9.659320000000000128e-01 -2.587949999999999973e-01 7.169999999999999724e-04
3.000000000000000000e+00 1.300000000000000000e+01 2.000000000000000000e+01 0.000000000000000000e+00 1.600000000000000089e+00 4.600000000000000004e-05 4.263000000000000296e-03 9.999909999999999632e-01 2.674079999999999790e-01 9.635749999999999593e-01 -4.120000000000000398e-03 -9.635839999999999961e-01 2.674050000000000038e-01 -1.095999999999999969e-03
6.000000000000000000e+00 1.300000000000000000e+01 2.000000000000000000e+01 0.000000000000000000e+00 1.600000000000000089e+00 1.788000000000000093e-03 7.945000000000000673e-03 9.999670000000000503e-01 2.651800000000000268e-01 9.641650000000000498e-01 -8.134999999999999870e-03 -9.641969999999999708e-01 2.651859999999999773e-01 -3.829999999999999854e-04
1.200000000000000000e+01 1.300000000000000000e+01 2.000000000000000000e+01 0.000000000000000000e+00 1.600000000000000089e+00 3.110000000000000243e-04 -2.788999999999999813e-03 9.999959999999999960e-01 2.604739999999999833e-01 9.654770000000000296e-01 2.612000000000000172e-03 -9.654810000000000336e-01 2.604719999999999813e-01 1.026999999999999918e-03
1.600000000000000000e+01 1.300000000000000000e+01 2.000000000000000000e+01 0.000000000000000000e+00 1.600000000000000089e+00 1.595999999999999979e-03 8.299999999999999815e-05 9.999989999999999712e-01 2.596729999999999872e-01 9.656970000000000276e-01 -4.939999999999999730e-04 -9.656949999999999701e-01 2.596729999999999872e-01 1.520000000000000084e-03
1.900000000000000000e+01 1.300000000000000000e+01 2.000000000000000000e+01 0.000000000000000000e+00 1.600000000000000089e+00 1.755000000000000050e-03 3.467000000000000030e-03 9.999919999999999920e-01 2.573059999999999792e-01 9.663230000000000430e-01 -3.801999999999999824e-03 -9.663279999999999648e-01 2.573110000000000119e-01 8.030000000000000028e-04
2.400000000000000000e+01 1.300000000000000000e+01 2.000000000000000000e+01 0.000000000000000000e+00 1.600000000000000089e+00 1.396000000000000105e-03 5.800000000000000034e-05 9.999989999999999712e-01 2.554669999999999996e-01 9.668179999999999552e-01 -4.130000000000000099e-04 -9.668170000000000375e-01 2.554679999999999729e-01 1.335000000000000032e-03
3.000000000000000000e+01 1.300000000000000000e+01 2.000000000000000000e+01 0.000000000000000000e+00 1.600000000000000089e+00 -7.299999999999999903e-05 6.043999999999999893e-03 9.999820000000000375e-01 2.526740000000000097e-01 9.675340000000000051e-01 -5.830000000000000113e-03 -9.675519999999999676e-01 2.526689999999999769e-01 -1.598000000000000028e-03
2.000000000000000000e+01 1.600000000000000000e+01 2.100000000000000000e+01 0.000000000000000000e+00 1.600000000000000089e+00 1.910000000000000022e-03 3.774000000000000011e-03 9.999909999999999632e-01 2.998279999999999834e-01 9.539840000000000542e-01 -4.172999999999999626e-03 -9.539910000000000334e-01 2.998339999999999894e-01 6.899999999999999667e-04
2.400000000000000000e+01 1.600000000000000000e+01 2.100000000000000000e+01 0.000000000000000000e+00 1.600000000000000089e+00 1.719999999999999958e-03 -4.470000000000000232e-04 9.999980000000000535e-01 2.993859999999999855e-01 9.541319999999999801e-01 -8.799999999999999771e-05 -9.541309999999999514e-01 2.993850000000000122e-01 1.775000000000000102e-03
2.900000000000000000e+01 1.600000000000000000e+01 2.100000000000000000e+01 0.000000000000000000e+00 1.600000000000000089e+00 -8.809999999999999472e-04 4.889000000000000117e-03 9.999879999999999880e-01 2.989330000000000043e-01 9.542640000000000011e-01 -4.401999999999999663e-03 -9.542739999999999556e-01 2.989260000000000250e-01 -2.301999999999999793e-03
4.000000000000000000e+00 3.000000000000000000e+00 2.500000000000000000e+01 0.000000000000000000e+00 1.600000000000000089e+00 3.374999999999999962e-03 1.480199999999999919e-02 9.998850000000000238e-01 -9.303799999999999570e-02 -9.955490000000000173e-01 1.505199999999999941e-02 9.956570000000000142e-01 -9.307799999999999407e-02 -1.982999999999999954e-03
7.000000000000000000e+00 3.000000000000000000e+00 2.500000000000000000e+01 0.000000000000000000e+00 1.600000000000000089e+00 3.893000000000000193e-03 1.786899999999999947e-02 9.998329999999999718e-01 -8.781200000000000117e-02 -9.959719999999999684e-01 1.814100000000000087e-02 9.961299999999999599e-01 -8.786800000000000166e-02 -2.308000000000000156e-03
1.300000000000000000e+01 3.000000000000000000e+00 2.500000000000000000e+01 0.000000000000000000e+00 1.600000000000000089e+00 3.869000000000000043e-03 1.874400000000000024e-02 9.998169999999999558e-01 -6.959300000000000208e-02 -9.973950000000000315e-01 1.896799999999999875e-02 9.975680000000000103e-01 -6.965300000000000658e-02 -2.554999999999999979e-03
1.600000000000000000e+01 3.000000000000000000e+00 2.500000000000000000e+01 0.000000000000000000e+00 1.600000000000000089e+00 4.270000000000000358e-03 1.907999999999999974e-02 9.998089999999999478e-01 -6.287099999999999633e-02 -9.978350000000000275e-01 1.931099999999999831e-02 9.980130000000000390e-01 -6.294099999999999695e-02 -3.060999999999999919e-03
2.000000000000000000e+01 3.000000000000000000e+00 2.500000000000000000e+01 0.000000000000000000e+00 1.600000000000000089e+00 3.413999999999999934e-03 1.137799999999999923e-02 9.999289999999999567e-01 -4.837700000000000333e-02 -9.987629999999999564e-01 1.153000000000000032e-02 9.988230000000000164e-01 -4.841299999999999770e-02 -2.860000000000000129e-03
4.000000000000000000e+00 4.600000000000000000e+01 2.700000000000000000e+01 0.000000000000000000e+00 1.600000000000000089e+00 -6.070000000000000092e-04 -1.946000000000000030e-03 -9.999980000000000535e-01 6.684449999999999559e-01 7.437589999999999479e-01 -1.853000000000000046e-03 7.437610000000000054e-01 -6.684449999999999559e-01 8.490000000000000368e-04
1.500000000000000000e+01 4.600000000000000000e+01 2.700000000000000000e+01 0.000000000000000000e+00 1.600000000000000089e+00 -2.030000000000000012e-04 1.679999999999999907e-04 -1.000000000000000000e+00 6.637690000000000534e-01 7.479369999999999630e-01 -9.000000000000000228e-06 7.479369999999999630e-01 -6.637690000000000534e-01 -2.640000000000000202e-04
2.600000000000000000e+01 4.600000000000000000e+01 2.700000000000000000e+01 0.000000000000000000e+00 1.600000000000000089e+00 -1.072999999999999952e-03 9.979999999999999722e-04 -9.999989999999999712e-01 6.651129999999999542e-01 7.467430000000000456e-01 3.100000000000000135e-05 7.467420000000000169e-01 -6.651120000000000365e-01 -1.464999999999999939e-03
9.000000000000000000e+00 4.600000000000000000e+01 3.000000000000000000e+01 0.000000000000000000e+00 1.600000000000000089e+00 6.589999999999999721e-04 9.539999999999999869e-04 -9.999989999999999712e-01 3.201930000000000054e-01 9.473519999999999719e-01 1.115000000000000106e-03 9.473519999999999719e-01 -3.201930000000000054e-01 3.190000000000000019e-04
1.600000000000000000e+01 4.600000000000000000e+01 3.000000000000000000e+01 0.000000000000000000e+00 1.600000000000000089e+00 2.500000000000000120e-05 3.800000000000000209e-05 -1.000000000000000000e+00 3.209609999999999963e-01 9.470929999999999627e-01 4.399999999999999886e-05 9.470929999999999627e-01 -3.209609999999999963e-01 1.200000000000000030e-05
2.900000000000000000e+01 4.600000000000000000e+01 3.000000000000000000e+01 0.000000000000000000e+00 1.600000000000000089e+00 1.769999999999999926e-04 2.649999999999999903e-04 -1.000000000000000000e+00 3.261830000000000007e-01 9.453070000000000084e-01 3.080000000000000055e-04 9.453070000000000084e-01 -3.261830000000000007e-01 8.000000000000000654e-05
5.000000000000000000e+00 5.800000000000000000e+01 3.100000000000000000e+01 0.000000000000000000e+00 1.600000000000000089e+00 -1.289999999999999914e-04 -3.752999999999999826e-03 9.999930000000000208e-01 -7.945010000000000128e-01 -6.072579999999999645e-01 -2.382000000000000003e-03 6.072629999999999972e-01 -7.944949999999999513e-01 -2.903999999999999897e-03
1.000000000000000000e+01 5.800000000000000000e+01 3.100000000000000000e+01 0.000000000000000000e+00 1.600000000000000089e+00 5.133000000000000410e-03 4.061000000000000373e-03 9.999789999999999512e-01 -7.858150000000000412e-01 -6.184269999999999490e-01 6.544999999999999603e-03 6.184399999999999897e-01 -7.858319999999999750e-01 1.699999999999999987e-05
1.600000000000000000e+01 5.800000000000000000e+01 3.100000000000000000e+01 0.000000000000000000e+00 1.600000000000000089e+00 1.516999999999999902e-03 9.529999999999999626e-04 9.999980000000000535e-01 -7.787889999999999535e-01 -6.272839999999999527e-01 1.778999999999999982e-03 6.272839999999999527e-01 -7.787899999999999823e-01 -2.090000000000000115e-04
2.000000000000000000e+01 5.800000000000000000e+01 3.100000000000000000e+01 0.000000000000000000e+00 1.600000000000000089e+00 5.466999999999999638e-03 6.648000000000000263e-03 9.999630000000000463e-01 -7.753470000000000084e-01 -6.314790000000000125e-01 8.437000000000000055e-03 6.315119999999999623e-01 -7.753640000000000532e-01 1.701999999999999954e-03
2.400000000000000000e+01 5.800000000000000000e+01 3.100000000000000000e+01 0.000000000000000000e+00 1.600000000000000089e+00 4.323999999999999719e-03 5.752000000000000168e-03 9.999740000000000295e-01 -7.718960000000000266e-01 -6.357099999999999973e-01 6.994000000000000217e-03 6.357340000000000213e-01 -7.719059999999999810e-01 1.691000000000000012e-03
2.800000000000000000e+01 5.800000000000000000e+01 3.100000000000000000e+01 0.000000000000000000e+00 1.600000000000000089e+00 5.360000000000000181e-04 -1.526999999999999929e-03 9.999989999999999712e-01 -7.700289999999999635e-01 -6.380090000000000483e-01 -5.609999999999999752e-04 6.380090000000000483e-01 -7.700270000000000170e-01 -1.516999999999999902e-03
1.000000000000000000e+00 4.600000000000000000e+01 3.500000000000000000e+01 0.000000000000000000e+00 1.600000000000000089e+00 -1.487000000000000040e-03 5.630000000000000239e-04 -9.999989999999999712e-01 3.930950000000000277e-01 -9.194970000000000088e-01 -1.101999999999999898e-03 -9.194970000000000088e-01 -3.930960000000000010e-01 1.146000000000000100e-03
7.000000000000000000e+00 4.600000000000000000e+01 3.500000000000000000e+01 0.000000000000000000e+00 1.600000000000000089e+00 1.079000000000000098e-03 -5.955000000000000224e-03 -9.999820000000000375e-01 3.915390000000000259e-01 -9.201430000000000442e-01 5.902000000000000128e-03 -9.201610000000000067e-01 -3.915379999999999971e-01 1.338999999999999913e-03
1.100000000000000000e+01 4.600000000000000000e+01 3.500000000000000000e+01 0.000000000000000000e+00 1.600000000000000089e+00 5.090000000000000123e-04 -1.866000000000000037e-03 -9.999980000000000535e-01 3.910509999999999819e-01 -9.203670000000000462e-01 1.915999999999999951e-03 -9.203689999999999927e-01 -3.910520000000000107e-01 2.610000000000000015e-04
1.700000000000000000e+01 4.600000000000000000e+01 3.500000000000000000e+01 0.000000000000000000e+00 1.600000000000000089e+00 -7.600000000000000418e-04 1.724999999999999971e-03 -9.999980000000000535e-01 3.921009999999999773e-01 -9.199199999999999600e-01 -1.884999999999999957e-03 -9.199220000000000175e-01 -3.921020000000000061e-01 2.199999999999999943e-05
2.300000000000000000e+01 4.600000000000000000e+01 3.500000000000000000e+01 0.000000000000000000e+00 1.600000000000000089e+00 -6.989999999999999686e-04 2.115999999999999825e-03 -9.999980000000000535e-01 3.933039999999999869e-01 -9.194059999999999455e-01 -2.220000000000000185e-03 -9.194080000000000030e-01 -3.933050000000000157e-01 -1.900000000000000105e-04
2.600000000000000000e+01 4.600000000000000000e+01 3.500000000000000000e+01 0.000000000000000000e+00 1.600000000000000089e+00 -1.043000000000000090e-03 2.477000000000000035e-03 -9.999959999999999960e-01 3.921399999999999886e-01 -9.199009999999999687e-01 -2.687999999999999851e-03 -9.199049999999999727e-01 -3.921419999999999906e-01 -1.200000000000000030e-05
2.000000000000000000e+00 2.900000000000000000e+01 4.400000000000000000e+01 0.000000000000000000e+00 1.600000000000000089e+00 3.105000000000000121e-03 2.975999999999999913e-03 -9.999909999999999632e-01 6.636760000000000437e-01 7.480080000000000062e-01 4.287000000000000012e-03 7.480139999999999567e-01 -6.636830000000000229e-01 3.480000000000000020e-04
6.000000000000000000e+00 2.900000000000000000e+01 4.400000000000000000e+01 0.000000000000000000e+00 1.600000000000000089e+00 1.412999999999999977e-03 3.860000000000000041e-04 -9.999989999999999712e-01 6.542919999999999847e-01 7.562410000000000521e-01 1.216999999999999983e-03 7.562400000000000233e-01 -6.542930000000000135e-01 8.159999999999999936e-04
1.000000000000000000e+01 2.900000000000000000e+01 4.400000000000000000e+01 0.000000000000000000e+00 1.600000000000000089e+00 -6.660000000000000338e-04 -1.461999999999999975e-03 -9.999989999999999712e-01 6.507230000000000514e-01 7.593140000000000445e-01 -1.543000000000000101e-03 7.593149999999999622e-01 -6.507230000000000514e-01 4.459999999999999989e-04
1.800000000000000000e+01 2.900000000000000000e+01 4.400000000000000000e+01 0.000000000000000000e+00 1.600000000000000089e+00 3.570000000000000040e-04 1.062000000000000010e-03 -9.999989999999999712e-01 6.511069999999999913e-01 7.589850000000000207e-01 1.038999999999999993e-03 7.589850000000000207e-01 -6.511069999999999913e-01 -4.209999999999999875e-04
2.200000000000000000e+01 2.900000000000000000e+01 4.400000000000000000e+01 0.000000000000000000e+00 1.600000000000000089e+00 -2.559000000000000077e-03 -2.233999999999999875e-03 -9.999940000000000495e-01 6.620230000000000281e-01 7.494760000000000311e-01 -3.369000000000000033e-03 7.494790000000000063e-01 -6.620279999999999498e-01 -4.389999999999999914e-04
2.600000000000000000e+01 2.900000000000000000e+01 4.400000000000000000e+01 0.000000000000000000e+00 1.600000000000000089e+00 -3.563999999999999894e-03 -3.227999999999999967e-03 -9.999879999999999880e-01 6.685670000000000224e-01 7.436359999999999637e-01 -4.782999999999999925e-03 7.436430000000000540e-01 -6.685769999999999769e-01 -4.920000000000000328e-04
3.000000000000000000e+01 2.900000000000000000e+01 4.400000000000000000e+01 0.000000000000000000e+00 1.600000000000000089e+00 -6.669999999999999497e-04 -1.897999999999999948e-03 -9.999980000000000535e-01 6.690930000000000488e-01 7.431769999999999765e-01 -1.856999999999999927e-03 7.431790000000000340e-01 -6.690930000000000488e-01 7.739999999999999485e-04
2.700000000000000000e+01 5.000000000000000000e+01 4.500000000000000000e+01 0.000000000000000000e+00 1.600000000000000089e+00 -4.939419999999999922e-01 4.823399999999999910e-02 -8.681560000000000388e-01 -1.911339999999999983e-01 -9.800609999999999600e-01 5.429500000000000298e-02 -8.482269999999999532e-01 1.927530000000000077e-01 4.933119999999999727e-01
2.600000000000000000e+01 7.000000000000000000e+01 4.700000000000000000e+01 0.000000000000000000e+00 1.600000000000000089e+00 -2.232299999999999909e-02 1.566700000000000037e-02 -9.996279999999999610e-01 -8.422009999999999774e-01 -5.390639999999999876e-01 1.035900000000000015e-02 -5.387009999999999854e-01 8.421189999999999509e-01 2.522800000000000042e-02
2.300000000000000000e+01 5.000000000000000000e+00 5.100000000000000000e+01 0.000000000000000000e+00 1.600000000000000089e+00 -1.801999999999999999e-03 -1.776999999999999934e-03 -9.999970000000000248e-01 4.895430000000000059e-01 -8.719789999999999486e-01 6.669999999999999497e-04 -8.719770000000000021e-01 -4.895410000000000039e-01 2.441000000000000027e-03
6.000000000000000000e+00 6.000000000000000000e+00 5.100000000000000000e+01 0.000000000000000000e+00 1.600000000000000089e+00 3.621999999999999786e-03 1.531500000000000049e-02 -9.998759999999999870e-01 3.100189999999999890e-01 -9.506350000000000078e-01 -1.343699999999999929e-02 -9.507229999999999848e-01 -3.099319999999999853e-01 -8.191000000000000364e-03
3.000000000000000000e+00 1.150000000000000000e+02 5.100000000000000000e+01 0.000000000000000000e+00 1.600000000000000089e+00 -2.084300000000000042e-02 -7.703500000000000625e-02 9.968099999999999739e-01 8.387919999999999821e-01 -5.439000000000000501e-01 -2.449399999999999841e-02 5.440530000000000088e-01 8.356059999999999599e-01 7.595300000000000662e-02
7.000000000000000000e+00 7.000000000000000000e+00 5.200000000000000000e+01 0.000000000000000000e+00 1.600000000000000089e+00 9.365999999999999326e-03 1.448999999999999941e-02 -9.998510000000000453e-01 9.929599999999999538e-02 -9.949670000000000458e-01 -1.348899999999999925e-02 -9.950139999999999540e-01 -9.915499999999999314e-02 -1.075800000000000020e-02
1.100000000000000000e+01 7.000000000000000000e+00 5.200000000000000000e+01 0.000000000000000000e+00 1.600000000000000089e+00 6.542000000000000072e-03 9.416000000000000758e-03 -9.999339999999999895e-01 9.421799999999999620e-02 -9.955129999999999812e-01 -8.758000000000000160e-03 -9.955300000000000260e-01 -9.415500000000000258e-02 -7.399000000000000195e-03
2.600000000000000000e+01 7.000000000000000000e+00 5.200000000000000000e+01 0.000000000000000000e+00 1.600000000000000089e+00 -4.265999999999999827e-03 -7.657999999999999877e-03 -9.999620000000000175e-01 1.107140000000000069e-01 -9.938270000000000159e-01 7.139000000000000380e-03 -9.938430000000000319e-01 -1.106789999999999996e-01 5.087000000000000376e-03
6.000000000000000000e+00 6.300000000000000000e+01 5.400000000000000000e+01 0.000000000000000000e+00 1.600000000000000089e+00 6.871000000000000371e-03 4.445000000000000166e-03 9.999670000000000503e-01 -3.432950000000000168e-01 9.392260000000000053e-01 -1.815999999999999906e-03 -9.392019999999999813e-01 -3.432709999999999928e-01 7.979999999999999247e-03
1.700000000000000000e+01 6.300000000000000000e+01 5.400000000000000000e+01 0.000000000000000000e+00 1.600000000000000089e+00 -8.809999999999999472e-04 -5.249999999999999676e-04 1.000000000000000000e+00 -3.175640000000000129e-01 9.482369999999999965e-01 2.180000000000000134e-04 -9.482369999999999965e-01 -3.175629999999999842e-01 -1.002000000000000069e-03
2.300000000000000000e+01 6.300000000000000000e+01 5.400000000000000000e+01 0.000000000000000000e+00 1.600000000000000089e+00 -1.082800000000000082e-02 -8.160999999999999852e-03 9.999080000000000190e-01 -3.347769999999999913e-01 9.422890000000000432e-01 4.065000000000000037e-03 -9.422350000000000447e-01 -3.347019999999999995e-01 -1.293500000000000032e-02
1.600000000000000000e+01 2.500000000000000000e+01 5.500000000000000000e+01 0.000000000000000000e+00 1.600000000000000089e+00 2.120000000000000031e-04 -6.251999999999999745e-03 -9.999799999999999800e-01 -1.140599999999999947e-02 -9.999149999999999983e-01 6.250000000000000347e-03 -9.999350000000000183e-01 1.140399999999999921e-02 -2.840000000000000185e-04
2.000000000000000000e+01 2.500000000000000000e+01 5.500000000000000000e+01 0.000000000000000000e+00 1.600000000000000089e+00 5.339999999999999695e-04 -8.377000000000000765e-03 -9.999649999999999928e-01 -1.416199999999999924e-02 -9.998650000000000038e-01 8.368999999999999703e-03 -9.999000000000000110e-01 1.415699999999999945e-02 -6.520000000000000188e-04
2.900000000000000000e+01 2.500000000000000000e+01 5.500000000000000000e+01 0.000000000000000000e+00 1.600000000000000089e+00 1.066000000000000107e-03 4.237000000000000315e-03 -9.999900000000000455e-01 -1.271300000000000034e-02 -9.999099999999999655e-01 -4.250000000000000305e-03 -9.999190000000000023e-01 1.271699999999999914e-02 -1.013000000000000012e-03
6.000000000000000000e+00 2.100000000000000000e+01 6.000000000000000000e+01 0.000000000000000000e+00 1.600000000000000089e+00 -1.479999999999999979e-03 4.891000000000000382e-03 9.999869999999999592e-01 -9.573800000000000365e-02 9.953940000000000010e-01 -5.009999999999999697e-03 -9.954049999999999843e-01 -9.574499999999999678e-02 -1.003999999999999901e-03
1.100000000000000000e+01 2.100000000000000000e+01 6.000000000000000000e+01 0.000000000000000000e+00 1.600000000000000089e+00 1.353999999999999952e-03 1.072700000000000042e-02 9.999419999999999975e-01 -9.600599999999999412e-02 9.953250000000000153e-01 -1.054800000000000008e-02 -9.953800000000000425e-01 -9.598700000000000288e-02 2.377000000000000206e-03
1.500000000000000000e+01 2.100000000000000000e+01 6.000000000000000000e+01 0.000000000000000000e+00 1.600000000000000089e+00 2.769999999999999893e-03 -5.590000000000000351e-04 9.999959999999999960e-01 -9.439000000000000168e-02 9.955349999999999477e-01 8.180000000000000422e-04 -9.955310000000000548e-01 -9.439200000000000368e-02 2.704999999999999939e-03
2.200000000000000000e+01 2.100000000000000000e+01 6.000000000000000000e+01 0.000000000000000000e+00 1.600000000000000089e+00 5.789999999999999791e-04 1.505500000000000067e-02 9.998869999999999703e-01 -9.744500000000000384e-02 9.951290000000000413e-01 -1.492699999999999930e-02 -9.952410000000000423e-01 -9.742599999999999871e-02 2.043000000000000111e-03
2.600000000000000000e+01 2.100000000000000000e+01 6.000000000000000000e+01 0.000000000000000000e+00 1.600000000000000089e+00 -1.965000000000000167e-03 -2.528999999999999998e-03 9.999949999999999672e-01 -9.783999999999999642e-02 9.951989999999999448e-01 2.324000000000000111e-03 -9.951999999999999735e-01 -9.783500000000000529e-02 -2.203000000000000097e-03
5.000000000000000000e+00 8.200000000000000000e+01 6.200000000000000000e+01 0.000000000000000000e+00 1.600000000000000089e+00 6.258200000000000429e-01 -7.569850000000000190e-01 1.879440000000000000e-01 -6.552909999999999568e-01 -6.409789999999999655e-01 -3.996759999999999757e-01 4.230160000000000031e-01 1.269669999999999965e-01 -8.971829999999999528e-01
6.000000000000000000e+00 3.000000000000000000e+00 6.300000000000000000e+01 0.000000000000000000e+00 1.600000000000000089e+00 1.665999999999999946e-03 1.400299999999999982e-02 9.999010000000000398e-01 -6.245600000000000041e-01 7.809139999999999970e-01 -9.896000000000000282e-03 -7.809749999999999748e-01 -6.244819999999999816e-01 1.004599999999999937e-02
1.300000000000000000e+01 3.000000000000000000e+00 6.300000000000000000e+01 0.000000000000000000e+00 1.600000000000000089e+00 7.339999999999999520e-04 2.301000000000000094e-03 9.999970000000000248e-01 -6.174100000000000144e-01 7.866410000000000347e-01 -1.356999999999999916e-03 -7.866410000000000347e-01 -6.174070000000000391e-01 1.998000000000000210e-03
2.100000000000000000e+01 3.000000000000000000e+00 6.300000000000000000e+01 0.000000000000000000e+00 1.600000000000000089e+00 5.649999999999999641e-04 1.095000000000000053e-03 9.999989999999999712e-01 -6.175640000000000018e-01 7.865210000000000257e-01 -5.130000000000000011e-04 -7.865210000000000257e-01 -6.175629999999999731e-01 1.121000000000000035e-03
4.000000000000000000e+00 2.700000000000000000e+01 6.300000000000000000e+01 0.000000000000000000e+00 1.600000000000000089e+00 -1.165999999999999936e-03 -3.425000000000000093e-03 9.999930000000000208e-01 -2.754579999999999806e-01 9.613089999999999691e-01 2.971000000000000116e-03 -9.613120000000000553e-01 -2.754519999999999746e-01 -2.063999999999999863e-03
7.000000000000000000e+00 2.700000000000000000e+01 6.300000000000000000e+01 0.000000000000000000e+00 1.600000000000000089e+00 2.570000000000000127e-04 1.450000000000000009e-04 1.000000000000000000e+00 -2.714239999999999986e-01 9.624599999999999822e-01 -6.999999999999999387e-05 -9.624599999999999822e-01 -2.714239999999999986e-01 2.860000000000000129e-04
1.400000000000000000e+01 2.700000000000000000e+01 6.300000000000000000e+01 0.000000000000000000e+00 1.600000000000000089e+00 2.259999999999999856e-03 6.702999999999999757e-03 9.999749999999999472e-01 -2.728809999999999847e-01 9.620300000000000518e-01 -5.832000000000000378e-03 -9.620450000000000390e-01 -2.728610000000000202e-01 4.002999999999999614e-03
2.100000000000000000e+01 2.700000000000000000e+01 6.300000000000000000e+01 0.000000000000000000e+00 1.600000000000000089e+00 1.259999999999999998e-04 -1.699999999999999905e-03 9.999989999999999712e-01 -2.794209999999999749e-01 9.601669999999999927e-01 1.667000000000000079e-03 -9.601690000000000502e-01 -2.794209999999999749e-01 -3.539999999999999853e-04
2.800000000000000000e+01 2.700000000000000000e+01 6.300000000000000000e+01 0.000000000000000000e+00 1.600000000000000089e+00 -3.879999999999999985e-04 6.700000000000000226e-05 1.000000000000000000e+00 -2.782709999999999906e-01 9.605029999999999957e-01 -1.720000000000000066e-04 -9.605019999999999669e-01 -2.782709999999999906e-01 -3.539999999999999853e-04
4.000000000000000000e+00 2.600000000000000000e+01 6.400000000000000000e+01 0.000000000000000000e+00 1.600000000000000089e+00 -2.256000000000000193e-03 -2.854999999999999899e-03 9.999930000000000208e-01 -3.560909999999999909e-01 9.344489999999999741e-01 1.864999999999999904e-03 -9.344489999999999741e-01 -3.560849999999999849e-01 -3.125000000000000173e-03
8.000000000000000000e+00 2.600000000000000000e+01 6.400000000000000000e+01 0.000000000000000000e+00 1.600000000000000089e+00 2.990000000000000036e-04 -1.048000000000000103e-03 9.999989999999999712e-01 -3.528180000000000205e-01 9.356910000000000505e-01 1.085999999999999943e-03 -9.356919999999999682e-01 -3.528180000000000205e-01 -9.000000000000000567e-05
1.500000000000000000e+01 2.600000000000000000e+01 6.400000000000000000e+01 0.000000000000000000e+00 1.600000000000000089e+00 1.628000000000000107e-03 8.595999999999999475e-03 9.999620000000000175e-01 -3.590090000000000225e-01 9.333040000000000225e-01 -7.438000000000000167e-03 -9.333329999999999682e-01 -3.589829999999999965e-01 4.604999999999999719e-03
2.100000000000000000e+01 2.600000000000000000e+01 6.400000000000000000e+01 0.000000000000000000e+00 1.600000000000000089e+00 -7.299999999999999903e-05 -1.379999999999999933e-03 9.999989999999999712e-01 -3.647819999999999951e-01 9.310920000000000307e-01 1.258000000000000004e-03 -9.310929999999999485e-01 -3.647810000000000219e-01 -5.710000000000000015e-04
2.700000000000000000e+01 2.600000000000000000e+01 6.400000000000000000e+01 0.000000000000000000e+00 1.600000000000000089e+00 -7.029999999999999574e-04 -2.324999999999999810e-03 9.999970000000000248e-01 -3.633600000000000163e-01 9.316470000000000029e-01 1.910999999999999938e-03 -9.316480000000000317e-01 -3.633580000000000143e-01 -1.498999999999999898e-03
1.700000000000000000e+01 7.300000000000000000e+01 6.400000000000000000e+01 0.000000000000000000e+00 1.600000000000000089e+00 -9.697369999999999601e-01 1.568229999999999902e-01 -1.871269999999999878e-01 -1.486389999999999934e-01 -9.872429999999999817e-01 -5.708300000000000179e-02 -1.936910000000000021e-01 -2.754099999999999951e-02 9.806759999999999922e-01
