7.000000000000000000e+00 2.500000000000000000e+01 1.000000000000000000e+00 0.000000000000000000e+00 1.600000000000000089e+00 -9.120000000000000502e-04 -1.500999999999999947e-03 -9.999980000000000535e-01 -5.301249999999999574e-01 -8.479179999999999495e-01 1.755999999999999965e-03 -8.479189999999999783e-01 5.301259999999999861e-01 -2.300000000000000002e-05
1.400000000000000000e+01 2.500000000000000000e+01 1.000000000000000000e+00 0.000000000000000000e+00 1.600000000000000089e+00 -1.699999999999999987e-05 -1.536000000000000039e-03 -9.999989999999999712e-01 -5.300829999999999709e-01 -8.479449999999999488e-01 1.312000000000000015e-03 -8.479459999999999775e-01 5.300829999999999709e-01 -8.000000000000000383e-04
2.100000000000000000e+01 2.500000000000000000e+01 1.000000000000000000e+00 0.000000000000000000e+00 1.600000000000000089e+00 -3.399999999999999973e-05 -1.201999999999999943e-03 -9.999989999999999712e-01 -5.304079999999999906e-01 -8.477419999999999956e-01 1.036999999999999944e-03 -8.477430000000000243e-01 5.304079999999999906e-01 -6.089999999999999494e-04
1.800000000000000000e+01 3.000000000000000000e+00 4.000000000000000000e+00 0.000000000000000000e+00 1.600000000000000089e+00 -1.215640000000000054e-01 -3.328699999999999715e-02 -9.920250000000000457e-01 -8.339860000000000051e-01 -5.385199999999999987e-01 1.202669999999999989e-01 -5.382280000000000397e-01 8.419550000000000090e-01 3.770400000000000140e-02
7.000000000000000000e+00 1.500000000000000000e+01 4.000000000000000000e+00 0.000000000000000000e+00 1.600000000000000089e+00 -4.433999999999999574e-03 -9.920999999999999264e-03 9.999409999999999688e-01 3.201930000000000054e-01 -9.473190000000000222e-01 -7.978000000000000716e-03 9.473420000000000174e-01 3.201390000000000069e-01 7.376999999999999877e-03
1.200000000000000000e+01 1.500000000000000000e+01 4.000000000000000000e+00 0.000000000000000000e+00 1.600000000000000089e+00 2.030000000000000012e-04 -1.015600000000000010e-02 9.999479999999999480e-01 3.156129999999999769e-01 -9.488379999999999592e-01 -9.700999999999999554e-03 9.488879999999999537e-01 3.155990000000000184e-01 3.013000000000000053e-03
2.400000000000000000e+01 1.500000000000000000e+01 4.000000000000000000e+00 0.000000000000000000e+00 1.600000000000000089e+00 -3.260000000000000094e-04 5.308000000000000218e-03 9.999860000000000415e-01 3.211180000000000145e-01 -9.470250000000000057e-01 5.131000000000000144e-03 9.470389999999999642e-01 3.211149999999999838e-01 -1.394999999999999973e-03
2.900000000000000000e+01 1.500000000000000000e+01 4.000000000000000000e+00 0.000000000000000000e+00 1.600000000000000089e+00 -3.765000000000000117e-03 -6.957999999999999775e-03 9.999689999999999968e-01 3.198320000000000052e-01 -9.474590000000000511e-01 -5.388000000000000428e-03 9.474669999999999481e-01 3.198019999999999752e-01 5.792000000000000273e-03
1.700000000000000000e+01 1.600000000000000000e+01 4.000000000000000000e+00 0.000000000000000000e+00 1.600000000000000089e+00 3.572999999999999787e-03 -2.494000000000000123e-03 9.999909999999999632e-01 3.951709999999999945e-01 -9.185999999999999721e-01 -3.703000000000000128e-03 9.186010000000000009e-01 3.951799999999999757e-01 -2.295999999999999864e-03
3.000000000000000000e+00 1.010000000000000000e+02 7.000000000000000000e+00 0.000000000000000000e+00 1.600000000000000089e+00 -1.944999999999999897e-03 -1.348399999999999946e-02 9.999069999999999903e-01 8.894330000000000291e-01 4.569969999999999866e-01 7.891999999999999710e-03 -4.570609999999999951e-01 8.893659999999999899e-01 1.110399999999999929e-02
7.000000000000000000e+00 1.010000000000000000e+02 7.000000000000000000e+00 0.000000000000000000e+00 1.600000000000000089e+00 1.082000000000000062e-03 -1.457100000000000062e-02 9.998930000000000318e-01 8.890139999999999709e-01 4.578450000000000020e-01 5.709999999999999798e-03 -4.578789999999999805e-01 8.889129999999999532e-01 1.344899999999999915e-02
2.200000000000000000e+01 1.010000000000000000e+02 7.000000000000000000e+00 0.000000000000000000e+00 1.600000000000000089e+00 -6.149999999999999868e-04 4.109999999999999938e-03 9.999909999999999632e-01 8.895880000000000454e-01 4.567620000000000013e-01 -1.330000000000000019e-03 -4.567640000000000033e-01 8.895790000000000086e-01 -3.937000000000000395e-03
2.600000000000000000e+01 1.010000000000000000e+02 7.000000000000000000e+00 0.000000000000000000e+00 1.600000000000000089e+00 -1.420000000000000092e-04 4.300000000000000003e-03 9.999909999999999632e-01 8.890869999999999607e-01 4.577350000000000030e-01 -1.842000000000000104e-03 -4.577379999999999782e-01 8.890780000000000349e-01 -3.887999999999999963e-03
4.000000000000000000e+00 2.500000000000000000e+01 8.000000000000000000e+00 0.000000000000000000e+00 1.600000000000000089e+00 2.844999999999999873e-03 1.712999999999999896e-03 -9.999949999999999672e-01 4.497720000000000051e-01 8.931390000000000162e-01 2.808999999999999865e-03 8.931390000000000162e-01 -4.497769999999999824e-01 1.770000000000000089e-03
1.000000000000000000e+01 2.500000000000000000e+01 8.000000000000000000e+00 0.000000000000000000e+00 1.600000000000000089e+00 -4.499999999999999877e-04 5.671999999999999958e-03 -9.999839999999999840e-01 4.445569999999999800e-01 8.957370000000000054e-01 4.880999999999999922e-03 8.957500000000000462e-01 -4.445479999999999987e-01 -2.923999999999999950e-03
1.700000000000000000e+01 2.500000000000000000e+01 8.000000000000000000e+00 0.000000000000000000e+00 1.600000000000000089e+00 1.049999999999999935e-03 -1.819000000000000087e-03 -9.999980000000000535e-01 4.449250000000000149e-01 8.955670000000000019e-01 -1.162000000000000055e-03 8.955670000000000019e-01 -4.449230000000000129e-01 1.750000000000000036e-03
1.900000000000000000e+01 2.500000000000000000e+01 8.000000000000000000e+00 0.000000000000000000e+00 1.600000000000000089e+00 3.559999999999999797e-04 1.299999999999999920e-05 -1.000000000000000000e+00 4.451109999999999789e-01 8.954760000000000497e-01 1.700000000000000122e-04 8.954750000000000210e-01 -4.451109999999999789e-01 3.130000000000000187e-04
2.000000000000000000e+00 2.400000000000000000e+01 9.000000000000000000e+00 0.000000000000000000e+00 1.600000000000000089e+00 9.380000000000000317e-04 3.939999999999999926e-03 -9.999919999999999920e-01 4.556629999999999847e-01 8.901440000000000463e-01 3.935000000000000130e-03 8.901520000000000543e-01 -4.556629999999999847e-01 -9.600000000000000243e-04
5.000000000000000000e+00 2.400000000000000000e+01 9.000000000000000000e+00 0.000000000000000000e+00 1.600000000000000089e+00 2.700000000000000143e-03 8.689999999999999808e-04 -9.999959999999999960e-01 4.548889999999999878e-01 8.905459999999999487e-01 2.001999999999999873e-03 8.905440000000000023e-01 -4.548929999999999918e-01 2.008999999999999935e-03
1.100000000000000000e+01 2.400000000000000000e+01 9.000000000000000000e+00 0.000000000000000000e+00 1.600000000000000089e+00 -1.129999999999999955e-04 6.821999999999999939e-03 -9.999770000000000048e-01 4.498360000000000136e-01 8.930909999999999682e-01 6.041999999999999628e-03 8.931109999999999882e-01 -4.498249999999999749e-01 -3.170000000000000075e-03
1.600000000000000000e+01 2.400000000000000000e+01 9.000000000000000000e+00 0.000000000000000000e+00 1.600000000000000089e+00 9.110000000000000259e-04 -3.272000000000000169e-03 -9.999940000000000495e-01 4.509560000000000235e-01 8.925429999999999753e-01 -2.508999999999999946e-03 8.925459999999999505e-01 -4.509509999999999907e-01 2.288000000000000103e-03
2.000000000000000000e+01 2.400000000000000000e+01 9.000000000000000000e+00 0.000000000000000000e+00 1.600000000000000089e+00 -1.039999999999999936e-04 7.690000000000000438e-04 -1.000000000000000000e+00 4.511800000000000255e-01 8.924330000000000318e-01 6.400000000000000524e-04 8.924330000000000318e-01 -4.511800000000000255e-01 -4.400000000000000157e-04
2.700000000000000000e+01 2.400000000000000000e+01 9.000000000000000000e+00 0.000000000000000000e+00 1.600000000000000089e+00 -1.600000000000000131e-04 -5.399999999999999798e-05 -1.000000000000000000e+00 4.516979999999999884e-01 8.921710000000000473e-01 -1.200000000000000030e-04 8.921710000000000473e-01 -4.516979999999999884e-01 -1.179999999999999951e-04
1.300000000000000000e+01 3.100000000000000000e+01 1.200000000000000000e+01 0.000000000000000000e+00 1.600000000000000089e+00 2.347000000000000128e-03 -3.199000000000000021e-03 9.999919999999999920e-01 -5.801999999999999866e-03 9.999780000000000335e-01 3.212000000000000011e-03 -9.999799999999999800e-01 -5.808999999999999928e-03 2.328999999999999907e-03
2.300000000000000000e+01 3.100000000000000000e+01 1.200000000000000000e+01 0.000000000000000000e+00 1.600000000000000089e+00 -8.720000000000000537e-04 -1.977000000000000025e-03 9.999980000000000535e-01 5.730000000000000501e-04 9.999980000000000535e-01 1.978000000000000157e-03 -9.999989999999999712e-01 5.739999999999999660e-04 -8.710000000000000294e-04
4.000000000000000000e+00 3.500000000000000000e+01 1.200000000000000000e+01 0.000000000000000000e+00 1.600000000000000089e+00 -8.899999999999999491e-05 3.510000000000000208e-04 -1.000000000000000000e+00 5.064119999999999733e-01 -8.622919999999999474e-01 -3.480000000000000020e-04 -8.622919999999999474e-01 -5.064119999999999733e-01 -1.010000000000000020e-04
8.000000000000000000e+00 3.500000000000000000e+01 1.200000000000000000e+01 0.000000000000000000e+00 1.600000000000000089e+00 -1.856999999999999927e-03 -3.629999999999999872e-04 -9.999980000000000535e-01 5.262790000000000523e-01 -8.503119999999999568e-01 -6.679999999999999740e-04 -8.503100000000000103e-01 -5.262790000000000523e-01 1.770000000000000089e-03
1.500000000000000000e+01 3.500000000000000000e+01 1.200000000000000000e+01 0.000000000000000000e+00 1.600000000000000089e+00 2.272999999999999847e-03 6.405000000000000103e-03 -9.999770000000000048e-01 5.385590000000000099e-01 -8.425780000000000491e-01 -4.172999999999999626e-03 -8.425850000000000284e-01 -5.385370000000000434e-01 -5.364999999999999977e-03
1.800000000000000000e+01 3.500000000000000000e+01 1.200000000000000000e+01 0.000000000000000000e+00 1.600000000000000089e+00 7.420000000000000380e-04 4.720000000000000237e-03 -9.999890000000000168e-01 5.482970000000000343e-01 -8.362760000000000193e-01 -3.540000000000000178e-03 -8.362829999999999986e-01 -5.482879999999999976e-01 -3.207999999999999914e-03
2.200000000000000000e+01 3.500000000000000000e+01 1.200000000000000000e+01 0.000000000000000000e+00 1.600000000000000089e+00 -4.337999999999999842e-03 4.872999999999999728e-03 -9.999789999999999512e-01 5.591089999999999671e-01 -8.290689999999999449e-01 -6.466000000000000393e-03 -8.290830000000000144e-01 -5.591249999999999831e-01 8.720000000000000537e-04
2.900000000000000000e+01 3.500000000000000000e+01 1.200000000000000000e+01 0.000000000000000000e+00 1.600000000000000089e+00 -2.452999999999999885e-03 7.087999999999999683e-03 -9.999719999999999720e-01 5.695750000000000535e-01 -8.219079999999999719e-01 -7.223000000000000254e-03 -8.219359999999999999e-01 -5.695770000000000000e-01 -2.020999999999999793e-03
1.800000000000000000e+01 3.200000000000000000e+01 1.400000000000000000e+01 0.000000000000000000e+00 1.600000000000000089e+00 -1.286000000000000034e-03 2.445000000000000125e-03 -9.999959999999999960e-01 9.983200000000000407e-02 9.950020000000000531e-01 2.304000000000000058e-03 9.950029999999999708e-01 -9.982900000000000107e-02 -1.523999999999999964e-03
2.400000000000000000e+01 3.200000000000000000e+01 1.400000000000000000e+01 0.000000000000000000e+00 1.600000000000000089e+00 2.138000000000000143e-03 -1.791999999999999973e-03 -9.999959999999999960e-01 1.025879999999999986e-01 9.947230000000000238e-01 -1.562999999999999936e-03 9.947219999999999951e-01 -1.025839999999999946e-01 2.311000000000000120e-03
3.000000000000000000e+00 1.200000000000000000e+01 1.500000000000000000e+01 0.000000000000000000e+00 1.600000000000000089e+00 7.259999999999999743e-04 -2.109000000000000197e-03 -9.999970000000000248e-01 -4.664510000000000045e-01 -8.845460000000000544e-01 1.526999999999999929e-03 -8.845469999999999722e-01 4.664490000000000025e-01 -1.626000000000000058e-03
8.000000000000000000e+00 1.200000000000000000e+01 1.500000000000000000e+01 0.000000000000000000e+00 1.600000000000000089e+00 -9.039999999999999642e-04 -2.755000000000000070e-03 -9.999959999999999960e-01 -4.666620000000000212e-01 -8.844309999999999672e-01 2.858999999999999996e-03 -8.844349999999999712e-01 4.666620000000000212e-01 -4.870000000000000197e-04
1.400000000000000000e+01 1.200000000000000000e+01 1.500000000000000000e+01 0.000000000000000000e+00 1.600000000000000089e+00 1.304000000000000038e-03 -1.685999999999999999e-03 -9.999980000000000535e-01 -4.669499999999999762e-01 -8.842839999999999590e-01 8.819999999999999715e-04 -8.842830000000000412e-01 4.669470000000000010e-01 -1.941000000000000017e-03
2.300000000000000000e+01 1.200000000000000000e+01 1.500000000000000000e+01 0.000000000000000000e+00 1.600000000000000089e+00 3.449999999999999833e-04 -6.866999999999999840e-03 -9.999759999999999760e-01 -4.732450000000000268e-01 -8.809109999999999996e-01 5.885999999999999739e-03 -8.809310000000000196e-01 4.732319999999999860e-01 -3.553999999999999868e-03
2.900000000000000000e+01 1.200000000000000000e+01 1.500000000000000000e+01 0.000000000000000000e+00 1.600000000000000089e+00 1.557999999999999923e-03 2.262999999999999821e-03 -9.999959999999999960e-01 -4.709499999999999797e-01 -8.821560000000000512e-01 -2.729999999999999788e-03 -8.821590000000000265e-01 4.709519999999999817e-01 -3.089999999999999756e-04
8.000000000000000000e+00 1.100000000000000000e+01 1.600000000000000000e+01 0.000000000000000000e+00 1.600000000000000089e+00 -4.229999999999999819e-04 -3.465999999999999897e-03 -9.999940000000000495e-01 -4.082810000000000050e-01 -9.128500000000000503e-01 3.335999999999999990e-03 -9.128560000000000008e-01 4.082799999999999763e-01 -1.028999999999999967e-03
1.200000000000000000e+01 1.100000000000000000e+01 1.600000000000000000e+01 0.000000000000000000e+00 1.600000000000000089e+00 1.201000000000000028e-03 -4.794999999999999783e-03 -9.999879999999999880e-01 -4.086759999999999837e-01 -9.126710000000000100e-01 3.884999999999999998e-03 -9.126790000000000180e-01 4.086659999999999737e-01 -3.056000000000000123e-03
1.800000000000000000e+01 1.100000000000000000e+01 1.600000000000000000e+01 0.000000000000000000e+00 1.600000000000000089e+00 1.701000000000000038e-03 2.997999999999999797e-03 -9.999940000000000495e-01 -4.125130000000000186e-01 -9.109450000000000047e-01 -3.432999999999999854e-03 -9.109500000000000375e-01 4.125170000000000226e-01 -3.130000000000000187e-04
2.400000000000000000e+01 1.100000000000000000e+01 1.600000000000000000e+01 0.000000000000000000e+00 1.600000000000000089e+00 4.879999999999999898e-04 -6.104000000000000051e-03 -9.999810000000000088e-01 -4.158789999999999987e-01 -9.094039999999999901e-01 5.348000000000000323e-03 -9.094200000000000061e-01 4.158689999999999887e-01 -2.981999999999999842e-03
8.000000000000000000e+00 1.160000000000000000e+02 1.600000000000000000e+01 0.000000000000000000e+00 1.600000000000000089e+00 -2.709999999999999735e-04 5.039999999999999992e-04 1.000000000000000000e+00 7.600860000000000394e-01 6.498220000000000107e-01 -1.210000000000000002e-04 -6.498220000000000107e-01 7.600860000000000394e-01 -5.590000000000000351e-04
1.200000000000000000e+01 1.160000000000000000e+02 1.600000000000000000e+01 0.000000000000000000e+00 1.600000000000000089e+00 3.029999999999999924e-04 -1.016999999999999892e-03 9.999989999999999712e-01 7.617329999999999934e-01 6.478909999999999947e-01 4.279999999999999950e-04 -6.478909999999999947e-01 7.617319999999999647e-01 9.709999999999999664e-04
2.700000000000000000e+01 1.160000000000000000e+02 1.600000000000000000e+01 0.000000000000000000e+00 1.600000000000000089e+00 1.213000000000000102e-03 8.490000000000000368e-04 9.999989999999999712e-01 7.930819999999999537e-01 6.091130000000000155e-01 -1.479000000000000063e-03 -6.091140000000000443e-01 7.930829999999999824e-01 6.499999999999999431e-05
3.000000000000000000e+01 1.160000000000000000e+02 1.600000000000000000e+01 0.000000000000000000e+00 1.600000000000000089e+00 1.263000000000000017e-03 4.399999999999999886e-05 9.999989999999999712e-01 7.862689999999999957e-01 6.178839999999999888e-01 -1.020999999999999989e-03 -6.178839999999999888e-01 7.862689999999999957e-01 7.460000000000000268e-04
8.000000000000000000e+00 2.000000000000000000e+00 1.900000000000000000e+01 0.000000000000000000e+00 1.600000000000000089e+00 -6.426000000000000288e-03 -2.569000000000000103e-02 -9.996490000000000098e-01 2.713169999999999749e-01 -9.622159999999999602e-01 2.298400000000000096e-02 -9.624690000000000190e-01 -2.710739999999999816e-01 1.315299999999999976e-02
1.600000000000000000e+01 2.000000000000000000e+00 1.900000000000000000e+01 0.000000000000000000e+00 1.600000000000000089e+00 7.759000000000000272e-03 -2.960799999999999890e-02 -9.995319999999999760e-01 2.609460000000000113e-01 -9.648679999999999479e-01 3.060699999999999879e-02 -9.653220000000000134e-01 -2.610609999999999875e-01 2.390000000000000089e-04
1.900000000000000000e+01 2.000000000000000000e+00 1.900000000000000000e+01 0.000000000000000000e+00 1.600000000000000089e+00 1.367799999999999919e-02 -1.987600000000000131e-02 -9.997089999999999588e-01 2.544680000000000275e-01 -9.668149999999999800e-01 2.270300000000000096e-02 -9.669839999999999547e-01 -2.547039999999999860e-01 -8.167000000000000648e-03
2.300000000000000000e+01 2.000000000000000000e+00 1.900000000000000000e+01 0.000000000000000000e+00 1.600000000000000089e+00 1.392499999999999988e-02 4.344999999999999904e-03 -9.998939999999999495e-01 2.451429999999999998e-01 -9.694869999999999877e-01 -7.990000000000000140e-04 -9.693869999999999987e-01 -2.451049999999999895e-01 -1.456600000000000082e-02
2.400000000000000000e+01 3.000000000000000000e+00 1.900000000000000000e+01 0.000000000000000000e+00 1.600000000000000089e+00 1.430999999999999980e-02 8.397999999999999216e-03 -9.998620000000000285e-01 2.557980000000000254e-01 -9.667200000000000237e-01 -4.459000000000000290e-03 -9.666240000000000387e-01 -2.556990000000000096e-01 -1.598199999999999968e-02
2.600000000000000000e+01 3.000000000000000000e+00 1.900000000000000000e+01 0.000000000000000000e+00 1.600000000000000089e+00 8.625999999999999987e-03 1.172400000000000005e-02 -9.998939999999999495e-01 2.423659999999999981e-01 -9.701400000000000023e-01 -9.284000000000000585e-03 -9.701459999999999528e-01 -2.422610000000000041e-01 -1.120999999999999948e-02
2.300000000000000000e+01 4.000000000000000000e+00 2.000000000000000000e+01 0.000000000000000000e+00 1.600000000000000089e+00 7.556000000000000216e-03 1.071800000000000010e-02 -9.999139999999999695e-01 3.895689999999999986e-01 -9.209709999999999841e-01 -6.928000000000000130e-03 -9.209659999999999513e-01 -3.894830000000000236e-01 -1.113399999999999980e-02
2.600000000000000000e+01 4.000000000000000000e+00 2.000000000000000000e+01 0.000000000000000000e+00 1.600000000000000089e+00 1.630000000000000047e-04 1.544700000000000066e-02 -9.998810000000000198e-01 3.646679999999999922e-01 -9.310279999999999667e-01 -1.432300000000000066e-02 -9.311380000000000212e-01 -3.646220000000000017e-01 -5.785000000000000211e-03
4.000000000000000000e+00 1.300000000000000000e+01 2.000000000000000000e+01 0.000000000000000000e+00 1.600000000000000089e+00 4.739999999999999747e-04 6.599999999999999964e-04 1.000000000000000000e+00 2.584710000000000063e-01 9.660189999999999610e-01 -7.600000000000000418e-04 -9.660189999999999610e-01 2.584710000000000063e-01 2.869999999999999830e-04
9.000000000000000000e+00 1.300000000000000000e+01 2.000000000000000000e+01 0.000000000000000000e+00 1.600000000000000089e+00 7.900000000000000121e-04 1.314999999999999980e-03 9.999989999999999712e-01 2.597249999999999837e-01 9.656820000000000404e-01 -1.474999999999999966e-03 -9.656820000000000404e-01 2.597260000000000124e-01 4.209999999999999875e-04
1.500000000000000000e+01 1.300000000000000000e+01 2.000000000000000000e+01 0.000000000000000000e+00 1.600000000000000089e+00 -6.800000000000000488e-04 -2.021999999999999926e-03 9.999980000000000535e-01 2.591840000000000255e-01 9.658259999999999623e-01 2.128999999999999816e-03 -9.658280000000000198e-01 2.591849999999999987e-01 -1.320000000000000101e-04
1.900000000000000000e+01 1.300000000000000000e+01 2.000000000000000000e+01 0.000000000000000000e+00 1.600000000000000089e+00 3.009999999999999980e-04 -2.096000000000000207e-03 9.999980000000000535e-01 2.608969999999999900e-01 9.653650000000000286e-01 1.943999999999999981e-03 -9.653669999999999751e-01 2.608960000000000168e-01 8.379999999999999862e-04
2.500000000000000000e+01 1.300000000000000000e+01 2.000000000000000000e+01 0.000000000000000000e+00 1.600000000000000089e+00 2.098000000000000038e-03 2.824999999999999820e-03 9.999940000000000495e-01 2.595040000000000124e-01 9.657369999999999566e-01 -3.272999999999999868e-03 -9.657400000000000428e-01 2.595089999999999897e-01 1.293000000000000095e-03
2.900000000000000000e+01 1.300000000000000000e+01 2.000000000000000000e+01 0.000000000000000000e+00 1.600000000000000089e+00 9.219999999999999680e-04 2.262999999999999821e-03 9.999970000000000248e-01 2.584089999999999998e-01 9.660320000000000018e-01 -2.423999999999999939e-03 -9.660349999999999770e-01 2.584110000000000018e-01 3.060000000000000111e-04
2.200000000000000000e+01 5.000000000000000000e+01 2.200000000000000000e+01 0.000000000000000000e+00 1.600000000000000089e+00 3.937999999999999660e-03 3.383999999999999855e-03 -9.999869999999999592e-01 -5.766289999999999472e-01 8.170060000000000100e-01 4.939999999999999730e-04 8.169969999999999732e-01 5.766200000000000214e-01 5.167999999999999851e-03
3.000000000000000000e+00 3.000000000000000000e+00 2.500000000000000000e+01 0.000000000000000000e+00 1.600000000000000089e+00 2.312999999999999952e-03 7.243999999999999571e-03 9.999710000000000543e-01 -3.351400000000000212e-02 -9.994110000000000493e-01 7.316999999999999720e-03 9.994359999999999911e-01 -3.352999999999999731e-02 -2.069000000000000093e-03
1.300000000000000000e+01 3.000000000000000000e+00 2.500000000000000000e+01 0.000000000000000000e+00 1.600000000000000089e+00 -9.060000000000000128e-04 -4.937999999999999681e-03 9.999869999999999592e-01 -4.791299999999999726e-02 -9.988390000000000324e-01 -4.976000000000000388e-03 9.988510000000000444e-01 -4.791700000000000126e-02 6.689999999999999983e-04
1.900000000000000000e+01 3.000000000000000000e+00 2.500000000000000000e+01 0.000000000000000000e+00 1.600000000000000089e+00 6.040000000000000447e-04 -1.706000000000000051e-03 9.999980000000000535e-01 -3.358799999999999980e-02 -9.994340000000000446e-01 -1.683999999999999950e-03 9.994359999999999911e-01 -3.358699999999999880e-02 -6.610000000000000207e-04
2.100000000000000000e+01 3.000000000000000000e+00 2.500000000000000000e+01 0.000000000000000000e+00 1.600000000000000089e+00 1.686999999999999915e-03 -1.299999999999999886e-04 9.999989999999999712e-01 -3.076999999999999874e-02 -9.995270000000000543e-01 -7.899999999999999579e-05 9.995249999999999968e-01 -3.076999999999999874e-02 -1.690000000000000096e-03
2.600000000000000000e+01 3.000000000000000000e+00 2.500000000000000000e+01 0.000000000000000000e+00 1.600000000000000089e+00 -5.990000000000000316e-04 5.206999999999999823e-03 9.999860000000000415e-01 -2.354600000000000096e-02 -9.997089999999999588e-01 5.191999999999999567e-03 9.997230000000000283e-01 -2.354300000000000143e-02 7.219999999999999855e-04
2.700000000000000000e+01 4.600000000000000000e+01 2.700000000000000000e+01 0.000000000000000000e+00 1.600000000000000089e+00 -3.176000000000000004e-03 4.670000000000000214e-04 -9.999949999999999672e-01 6.770369999999999999e-01 7.359470000000000178e-01 -1.806000000000000097e-03 7.359430000000000138e-01 -6.770389999999999464e-01 -2.652999999999999976e-03
7.000000000000000000e+00 4.600000000000000000e+01 3.000000000000000000e+01 0.000000000000000000e+00 1.600000000000000089e+00 -9.349999999999999587e-04 -1.090999999999999956e-03 -9.999989999999999712e-01 3.282919999999999727e-01 9.445750000000000535e-01 -1.337000000000000081e-03 9.445759999999999712e-01 -3.282930000000000015e-01 -5.249999999999999676e-04
1.300000000000000000e+01 4.600000000000000000e+01 3.000000000000000000e+01 0.000000000000000000e+00 1.600000000000000089e+00 2.171000000000000187e-03 1.355000000000000085e-03 -9.999970000000000248e-01 3.303780000000000050e-01 9.438469999999999915e-01 1.997000000000000077e-03 9.438459999999999628e-01 -3.303809999999999802e-01 1.601999999999999908e-03
8.000000000000000000e+00 5.800000000000000000e+01 3.100000000000000000e+01 0.000000000000000000e+00 1.600000000000000089e+00 -1.544000000000000017e-03 -3.285000000000000159e-03 9.999930000000000208e-01 -7.669390000000000374e-01 -6.417110000000000314e-01 -3.291999999999999788e-03 6.417180000000000106e-01 -7.669399999999999551e-01 -1.528999999999999977e-03
1.200000000000000000e+01 5.800000000000000000e+01 3.100000000000000000e+01 0.000000000000000000e+00 1.600000000000000089e+00 -1.613999999999999983e-03 -3.883999999999999866e-03 9.999909999999999632e-01 -7.688880000000000159e-01 -6.393729999999999691e-01 -3.723999999999999880e-03 6.393820000000000059e-01 -7.688869999999999871e-01 -1.955000000000000140e-03
1.400000000000000000e+01 5.800000000000000000e+01 3.100000000000000000e+01 0.000000000000000000e+00 1.600000000000000089e+00 -1.235999999999999903e-03 -3.808000000000000187e-03 9.999919999999999920e-01 -7.693630000000000191e-01 -6.388030000000000097e-01 -3.383000000000000156e-03 6.388110000000000177e-01 -7.693609999999999616e-01 -2.139999999999999975e-03
2.200000000000000000e+01 5.800000000000000000e+01 3.100000000000000000e+01 0.000000000000000000e+00 1.600000000000000089e+00 1.260999999999999968e-03 -1.302999999999999905e-03 9.999980000000000535e-01 -7.748850000000000460e-01 -6.321020000000000527e-01 1.540000000000000028e-04 6.321010000000000240e-01 -7.748840000000000172e-01 -1.807000000000000012e-03
8.000000000000000000e+00 4.600000000000000000e+01 3.500000000000000000e+01 0.000000000000000000e+00 1.600000000000000089e+00 3.730000000000000134e-04 -1.046999999999999971e-03 -9.999989999999999712e-01 3.926950000000000163e-01 -9.196680000000000410e-01 1.110000000000000092e-03 -9.196689999999999587e-01 -3.926950000000000163e-01 6.799999999999999946e-05
1.200000000000000000e+01 4.600000000000000000e+01 3.500000000000000000e+01 0.000000000000000000e+00 1.600000000000000089e+00 -1.659999999999999963e-04 -1.041000000000000042e-03 -9.999989999999999712e-01 3.912479999999999847e-01 -9.202850000000000197e-01 8.930000000000000221e-04 -9.202850000000000197e-01 -3.912479999999999847e-01 5.599999999999999509e-04
1.900000000000000000e+01 4.600000000000000000e+01 3.500000000000000000e+01 0.000000000000000000e+00 1.600000000000000089e+00 -3.959999999999999762e-04 -2.436999999999999930e-03 -9.999970000000000248e-01 3.903030000000000110e-01 -9.206839999999999469e-01 2.089000000000000145e-03 -9.206860000000000044e-01 -3.903010000000000090e-01 1.315999999999999896e-03
2.500000000000000000e+01 4.600000000000000000e+01 3.500000000000000000e+01 0.000000000000000000e+00 1.600000000000000089e+00 -2.460000000000000164e-04 -5.659999999999999884e-04 -1.000000000000000000e+00 3.907160000000000077e-01 -9.205109999999999681e-01 4.249999999999999763e-04 -9.205109999999999681e-01 -3.907160000000000077e-01 4.470000000000000232e-04
2.800000000000000000e+01 4.600000000000000000e+01 3.500000000000000000e+01 0.000000000000000000e+00 1.600000000000000089e+00 -5.099999999999999960e-05 4.939999999999999947e-03 -9.999879999999999880e-01 3.901319999999999788e-01 -9.207480000000000109e-01 -4.568000000000000012e-03 -9.207589999999999941e-01 -3.901270000000000016e-01 -1.879999999999999944e-03
7.000000000000000000e+00 3.000000000000000000e+00 4.300000000000000000e+01 0.000000000000000000e+00 1.600000000000000089e+00 -1.044000000000000006e-03 2.323400000000000118e-02 -9.997300000000000075e-01 7.539799999999999836e-01 -6.567009999999999792e-01 -1.604900000000000077e-02 -6.568960000000000354e-01 -7.537930000000000463e-01 -1.683199999999999974e-02
1.400000000000000000e+01 3.000000000000000000e+00 4.300000000000000000e+01 0.000000000000000000e+00 1.600000000000000089e+00 -4.840000000000000010e-04 6.575000000000000115e-03 -9.999780000000000335e-01 7.408869999999999623e-01 -6.716119999999999868e-01 -4.774999999999999731e-03 -6.716290000000000315e-01 -7.408740000000000325e-01 -4.545999999999999694e-03
7.000000000000000000e+00 8.000000000000000000e+00 4.400000000000000000e+01 0.000000000000000000e+00 1.600000000000000089e+00 2.350999999999999791e-03 5.327000000000000138e-03 9.999829999999999552e-01 -7.893440000000000456e-01 -6.139299999999999757e-01 5.126000000000000348e-03 6.139470000000000205e-01 -7.893430000000000168e-01 2.762000000000000132e-03
1.100000000000000000e+01 8.000000000000000000e+00 4.400000000000000000e+01 0.000000000000000000e+00 1.600000000000000089e+00 3.896000000000000157e-03 5.126999999999999613e-03 9.999789999999999512e-01 -7.897830000000000128e-01 -6.133539999999999548e-01 6.222000000000000100e-03 6.133739999999999748e-01 -7.897910000000000208e-01 1.660000000000000017e-03
1.500000000000000000e+01 8.000000000000000000e+00 4.400000000000000000e+01 0.000000000000000000e+00 1.600000000000000089e+00 2.116999999999999958e-03 3.811000000000000151e-03 9.999909999999999632e-01 -7.904290000000000482e-01 -6.125399999999999734e-01 4.008000000000000278e-03 6.125500000000000389e-01 -7.904299999999999660e-01 1.716000000000000077e-03
1.000000000000000000e+00 2.900000000000000000e+01 4.400000000000000000e+01 0.000000000000000000e+00 1.600000000000000089e+00 -1.562999999999999936e-03 -1.446000000000000020e-03 -9.999980000000000535e-01 6.524189999999999712e-01 7.578549999999999454e-01 -2.115999999999999825e-03 7.578570000000000029e-01 -6.524210000000000287e-01 -2.410000000000000033e-04
1.000000000000000000e+01 2.900000000000000000e+01 4.400000000000000000e+01 0.000000000000000000e+00 1.600000000000000089e+00 8.549999999999999658e-04 5.569999999999999864e-04 -1.000000000000000000e+00 6.568950000000000067e-01 7.539810000000000123e-01 9.820000000000000170e-04 7.539820000000000411e-01 -6.568960000000000354e-01 2.779999999999999811e-04
1.400000000000000000e+01 2.900000000000000000e+01 4.400000000000000000e+01 0.000000000000000000e+00 1.600000000000000089e+00 4.600000000000000004e-05 -9.129999999999999661e-04 -1.000000000000000000e+00 6.562170000000000503e-01 7.545720000000000205e-01 -6.589999999999999721e-04 7.545720000000000205e-01 -6.562170000000000503e-01 6.340000000000000149e-04
1.700000000000000000e+01 2.900000000000000000e+01 4.400000000000000000e+01 0.000000000000000000e+00 1.600000000000000089e+00 -1.101999999999999898e-03 -2.053000000000000137e-03 -9.999970000000000248e-01 6.550249999999999684e-01 7.556040000000000534e-01 -2.272999999999999847e-03 7.556070000000000286e-01 -6.550249999999999684e-01 5.119999999999999768e-04
2.300000000000000000e+01 2.900000000000000000e+01 4.400000000000000000e+01 0.000000000000000000e+00 1.600000000000000089e+00 1.505000000000000044e-03 8.909999999999999734e-04 -9.999980000000000535e-01 6.528519999999999879e-01 7.574830000000000174e-01 1.657000000000000053e-03 7.574840000000000462e-01 -6.528540000000000454e-01 5.590000000000000351e-04
2.600000000000000000e+01 2.900000000000000000e+01 4.400000000000000000e+01 0.000000000000000000e+00 1.600000000000000089e+00 -1.167999999999999984e-03 -1.397000000000000021e-03 -9.999980000000000535e-01 6.537570000000000325e-01 7.567019999999999857e-01 -1.820000000000000003e-03 7.567030000000000145e-01 -6.537589999999999790e-01 3.000000000000000076e-05
2.000000000000000000e+01 6.500000000000000000e+01 4.600000000000000000e+01 0.000000000000000000e+00 1.600000000000000089e+00 3.213000000000000144e-03 -1.724999999999999971e-03 9.999930000000000208e-01 6.810589999999999700e-01 -7.322199999999999820e-01 -3.451000000000000074e-03 7.322210000000000107e-01 6.810659999999999492e-01 -1.177000000000000095e-03
3.000000000000000000e+00 7.000000000000000000e+01 4.700000000000000000e+01 0.000000000000000000e+00 1.600000000000000089e+00 2.454000000000000018e-03 -1.000999999999999937e-03 -9.999970000000000248e-01 -8.429360000000000186e-01 -5.380120000000000458e-01 -1.529999999999999893e-03 -5.380089999999999595e-01 8.429360000000000186e-01 -2.164000000000000125e-03
4.000000000000000000e+00 5.000000000000000000e+00 5.100000000000000000e+01 0.000000000000000000e+00 1.600000000000000089e+00 2.279000000000000210e-03 8.012999999999999290e-03 -9.999649999999999928e-01 4.721799999999999886e-01 -8.814819999999999878e-01 -5.987000000000000134e-03 -8.814990000000000325e-01 -4.721500000000000141e-01 -5.792000000000000273e-03
1.500000000000000000e+01 5.000000000000000000e+00 5.100000000000000000e+01 0.000000000000000000e+00 1.600000000000000089e+00 6.710000000000000469e-04 8.592999999999999944e-03 -9.999630000000000463e-01 4.668459999999999832e-01 -8.843090000000000117e-01 -7.285999999999999942e-03 -8.843379999999999574e-01 -4.668240000000000167e-01 -4.604999999999999719e-03
2.200000000000000000e+01 6.000000000000000000e+00 5.100000000000000000e+01 0.000000000000000000e+00 1.600000000000000089e+00 -2.981000000000000143e-03 1.001699999999999986e-02 -9.999449999999999728e-01 2.874450000000000061e-01 -9.577400000000000357e-01 -1.045100000000000022e-02 -9.577930000000000055e-01 -2.874599999999999933e-01 -2.400000000000000061e-05
6.000000000000000000e+00 1.150000000000000000e+02 5.100000000000000000e+01 0.000000000000000000e+00 1.600000000000000089e+00 6.470000000000000057e-04 1.420000000000000092e-04 1.000000000000000000e+00 8.484129999999999727e-01 -5.293339999999999712e-01 -4.739999999999999747e-04 5.293339999999999712e-01 8.484140000000000015e-01 -4.620000000000000083e-04
2.200000000000000000e+01 7.000000000000000000e+00 5.200000000000000000e+01 0.000000000000000000e+00 1.600000000000000089e+00 -1.219000000000000031e-03 8.710999999999999993e-03 -9.999609999999999888e-01 3.952800000000000064e-02 -9.991799999999999571e-01 -8.753000000000000363e-03 -9.992180000000000506e-01 -3.953700000000000270e-02 8.729999999999999696e-04
4.000000000000000000e+00 6.300000000000000000e+01 5.400000000000000000e+01 0.000000000000000000e+00 1.600000000000000089e+00 1.889999999999999970e-03 -8.399999999999999535e-05 9.999980000000000535e-01 -3.422789999999999999e-01 9.395980000000000443e-01 7.259999999999999743e-04 -9.395970000000000155e-01 -3.422799999999999732e-01 1.747000000000000072e-03
9.000000000000000000e+00 6.300000000000000000e+01 5.400000000000000000e+01 0.000000000000000000e+00 1.600000000000000089e+00 1.776999999999999934e-03 1.046999999999999971e-03 9.999980000000000535e-01 -3.463109999999999800e-01 9.381199999999999539e-01 -3.669999999999999760e-04 -9.381180000000000074e-01 -3.463089999999999780e-01 2.028999999999999988e-03
1.800000000000000000e+01 6.300000000000000000e+01 5.400000000000000000e+01 0.000000000000000000e+00 1.600000000000000089e+00 -8.880000000000000089e-04 -5.400000000000000069e-04 9.999989999999999712e-01 -3.469920000000000226e-01 9.378680000000000350e-01 1.979999999999999881e-04 -9.378680000000000350e-01 -3.469920000000000226e-01 -1.020999999999999989e-03
2.300000000000000000e+01 6.300000000000000000e+01 5.400000000000000000e+01 0.000000000000000000e+00 1.600000000000000089e+00 1.230000000000000082e-04 2.588000000000000023e-03 9.999970000000000248e-01 -3.486040000000000250e-01 9.372669999999999613e-01 -2.383000000000000135e-03 -9.372700000000000475e-01 -3.486029999999999962e-01 1.016999999999999892e-03
2.600000000000000000e+01 6.300000000000000000e+01 5.400000000000000000e+01 0.000000000000000000e+00 1.600000000000000089e+00 2.310000000000000042e-04 4.131000000000000123e-03 9.999909999999999632e-01 -3.541300000000000003e-01 9.351890000000000480e-01 -3.782000000000000205e-03 -9.351960000000000273e-01 -3.541259999999999963e-01 1.678999999999999937e-03
2.200000000000000000e+01 2.500000000000000000e+01 5.500000000000000000e+01 0.000000000000000000e+00 1.600000000000000089e+00 1.435999999999999993e-03 5.838999999999999573e-03 -9.999820000000000375e-01 -1.923199999999999910e-02 -9.997979999999999645e-01 -5.865000000000000421e-03 -9.998139999999999805e-01 1.924000000000000016e-02 -1.322999999999999957e-03
1.000000000000000000e+00 2.100000000000000000e+01 6.000000000000000000e+01 0.000000000000000000e+00 1.600000000000000089e+00 1.449999999999999900e-03 -4.223000000000000191e-03 9.999900000000000455e-01 -9.448299999999999754e-02 9.955169999999999852e-01 4.341000000000000240e-03 -9.955249999999999932e-01 -9.448800000000000254e-02 1.044999999999999922e-03
5.000000000000000000e+00 2.100000000000000000e+01 6.000000000000000000e+01 0.000000000000000000e+00 1.600000000000000089e+00 -6.579999999999999478e-04 -7.960000000000000495e-04 9.999989999999999712e-01 -9.442699999999999705e-02 9.955319999999999725e-01 7.299999999999999632e-04 -9.955319999999999725e-01 -9.442599999999999605e-02 -7.299999999999999632e-04
8.000000000000000000e+00 2.100000000000000000e+01 6.000000000000000000e+01 0.000000000000000000e+00 1.600000000000000089e+00 -1.734999999999999997e-03 -3.651999999999999864e-03 9.999919999999999920e-01 -9.550200000000000355e-02 9.954229999999999468e-01 3.469999999999999994e-03 -9.954279999999999795e-01 -9.549499999999999655e-02 -2.076000000000000154e-03
1.200000000000000000e+01 2.100000000000000000e+01 6.000000000000000000e+01 0.000000000000000000e+00 1.600000000000000089e+00 -3.420000000000000188e-04 2.150000000000000001e-03 9.999980000000000535e-01 -9.551900000000000668e-02 9.954250000000000043e-01 -2.173000000000000018e-03 -9.954279999999999795e-01 -9.551900000000000668e-02 -1.350000000000000017e-04
1.400000000000000000e+01 2.100000000000000000e+01 6.000000000000000000e+01 0.000000000000000000e+00 1.600000000000000089e+00 7.919999999999999523e-04 5.047000000000000271e-03 9.999869999999999592e-01 -9.461799999999999378e-02 9.955009999999999692e-01 -4.949000000000000274e-03 -9.955129999999999812e-01 -9.461300000000000265e-02 1.265999999999999981e-03
2.600000000000000000e+01 2.100000000000000000e+01 6.000000000000000000e+01 0.000000000000000000e+00 1.600000000000000089e+00 -3.040000000000000167e-04 4.919999999999999894e-03 9.999879999999999880e-01 -9.505399999999999960e-02 9.954600000000000115e-01 -4.926999999999999956e-03 -9.954720000000000235e-01 -9.505399999999999960e-02 1.649999999999999991e-04
3.000000000000000000e+01 2.100000000000000000e+01 6.000000000000000000e+01 0.000000000000000000e+00 1.600000000000000089e+00 -3.570000000000000040e-04 7.335999999999999639e-03 9.999730000000000008e-01 -9.683200000000000141e-02 9.952739999999999920e-01 -7.335999999999999639e-03 -9.953009999999999913e-01 -9.683200000000000141e-02 3.550000000000000096e-04
2.000000000000000000e+01 6.700000000000000000e+01 6.000000000000000000e+01 0.000000000000000000e+00 1.600000000000000089e+00 -1.077999999999999965e-03 -2.635000000000000189e-03 9.999959999999999960e-01 1.749610000000000054e-01 -9.845720000000000027e-01 -2.406000000000000152e-03 9.845749999999999780e-01 1.749580000000000024e-01 1.521999999999999915e-03
2.600000000000000000e+01 6.700000000000000000e+01 6.000000000000000000e+01 0.000000000000000000e+00 1.600000000000000089e+00 -9.999999999999999547e-07 2.135999999999999878e-03 9.999980000000000535e-01 1.766820000000000057e-01 -9.842659999999999743e-01 2.102000000000000136e-03 9.842680000000000318e-01 1.766810000000000047e-01 -3.759999999999999779e-04
2.000000000000000000e+00 6.000000000000000000e+00 6.100000000000000000e+01 0.000000000000000000e+00 1.600000000000000089e+00 1.490000000000000005e-03 -1.127099999999999977e-02 9.999350000000000183e-01 5.665710000000000468e-01 -8.239509999999999890e-01 -1.013099999999999938e-02 8.240119999999999667e-01 5.665489999999999693e-01 5.158000000000000258e-03
