9.000000000000000000e+00 1.900000000000000000e+01 5.000000000000000000e+00 0.000000000000000000e+00 1.600000000000000089e+00 5.139000000000000339e-03 4.525000000000000376e-03 -9.999770000000000048e-01 -6.941129999999999800e-01 -7.198339999999999739e-01 -6.825000000000000337e-03 -7.198480000000000434e-01 6.941310000000000535e-01 -5.590000000000000351e-04
2.200000000000000000e+01 1.000000000000000000e+01 7.000000000000000000e+00 0.000000000000000000e+00 1.600000000000000089e+00 3.273399999999999921e-02 -7.922000000000000222e-03 9.994330000000000158e-01 7.948389999999999622e-01 -6.060370000000000479e-01 -3.083699999999999983e-02 6.059369999999999479e-01 7.953970000000000207e-01 -1.354099999999999922e-02
1.600000000000000000e+01 1.010000000000000000e+02 7.000000000000000000e+00 0.000000000000000000e+00 1.600000000000000089e+00 9.560000000000000355e-04 -2.750000000000000166e-04 9.999989999999999712e-01 8.862269999999999870e-01 4.632510000000000239e-01 -7.200000000000000453e-04 -4.632499999999999951e-01 8.862269999999999870e-01 6.870000000000000022e-04
1.900000000000000000e+01 1.010000000000000000e+02 7.000000000000000000e+00 0.000000000000000000e+00 1.600000000000000089e+00 -1.859999999999999945e-04 -2.834000000000000147e-03 9.999959999999999960e-01 8.870590000000000419e-01 4.616540000000000088e-01 1.472999999999999917e-03 -4.616560000000000108e-01 8.870559999999999556e-01 2.428000000000000037e-03
2.700000000000000000e+01 1.010000000000000000e+02 7.000000000000000000e+00 0.000000000000000000e+00 1.600000000000000089e+00 -3.325999999999999963e-03 -1.561799999999999994e-02 9.998730000000000118e-01 8.876100000000000101e-01 4.604829999999999757e-01 1.014499999999999950e-02 -4.605830000000000202e-01 8.875309999999999588e-01 1.233099999999999995e-02
3.000000000000000000e+01 1.010000000000000000e+02 7.000000000000000000e+00 0.000000000000000000e+00 1.600000000000000089e+00 -3.076000000000000175e-03 -2.293299999999999852e-02 9.997319999999999540e-01 8.882250000000000423e-01 4.592169999999999863e-01 1.326699999999999928e-02 -4.593979999999999730e-01 8.880280000000000395e-01 1.895700000000000163e-02
2.000000000000000000e+00 2.500000000000000000e+01 8.000000000000000000e+00 0.000000000000000000e+00 1.600000000000000089e+00 1.240999999999999916e-03 -1.472000000000000001e-03 -9.999980000000000535e-01 4.356019999999999892e-01 9.001390000000000224e-01 -7.839999999999999747e-04 9.001390000000000224e-01 -4.355999999999999872e-01 1.758000000000000014e-03
6.000000000000000000e+00 2.500000000000000000e+01 8.000000000000000000e+00 0.000000000000000000e+00 1.600000000000000089e+00 2.147000000000000037e-03 9.730000000000000151e-04 -9.999970000000000248e-01 4.358110000000000039e-01 9.000359999999999472e-01 1.810999999999999893e-03 9.000359999999999472e-01 -4.358139999999999792e-01 1.508000000000000009e-03
1.200000000000000000e+01 2.500000000000000000e+01 8.000000000000000000e+00 0.000000000000000000e+00 1.600000000000000089e+00 -1.955000000000000140e-03 1.340000000000000045e-03 -9.999970000000000248e-01 4.321909999999999918e-01 9.017819999999999725e-01 3.629999999999999872e-04 9.017800000000000260e-01 -4.321889999999999898e-01 -2.341999999999999898e-03
1.600000000000000000e+01 2.500000000000000000e+01 8.000000000000000000e+00 0.000000000000000000e+00 1.600000000000000089e+00 -2.028999999999999988e-03 -1.860000000000000108e-03 -9.999959999999999960e-01 4.324299999999999811e-01 9.016640000000000210e-01 -2.553999999999999847e-03 9.016650000000000498e-01 -4.324339999999999851e-01 -1.025000000000000086e-03
2.200000000000000000e+01 2.500000000000000000e+01 8.000000000000000000e+00 0.000000000000000000e+00 1.600000000000000089e+00 1.371999999999999956e-03 9.229999999999999923e-04 -9.999989999999999712e-01 4.368139999999999801e-01 8.995509999999999895e-01 1.428999999999999932e-03 8.995509999999999895e-01 -4.368150000000000088e-01 8.310000000000000329e-04
2.800000000000000000e+01 2.500000000000000000e+01 8.000000000000000000e+00 0.000000000000000000e+00 1.600000000000000089e+00 1.835999999999999958e-03 3.683000000000000076e-03 -9.999919999999999920e-01 4.356829999999999870e-01 9.000909999999999744e-01 4.114999999999999734e-03 9.000979999999999537e-01 -4.356869999999999910e-01 4.699999999999999724e-05
2.000000000000000000e+00 2.400000000000000000e+01 9.000000000000000000e+00 0.000000000000000000e+00 1.600000000000000089e+00 8.310000000000000329e-04 -1.312000000000000015e-03 -9.999989999999999712e-01 4.413730000000000153e-01 8.973229999999999817e-01 -8.099999999999999561e-04 8.973229999999999817e-01 -4.413719999999999866e-01 1.325000000000000006e-03
7.000000000000000000e+00 2.400000000000000000e+01 9.000000000000000000e+00 0.000000000000000000e+00 1.600000000000000089e+00 1.516999999999999902e-03 2.439000000000000196e-03 -9.999959999999999960e-01 4.418739999999999890e-01 8.970719999999999805e-01 2.857999999999999863e-03 8.970759999999999845e-01 -4.418770000000000198e-01 2.829999999999999942e-04
1.100000000000000000e+01 2.400000000000000000e+01 9.000000000000000000e+00 0.000000000000000000e+00 1.600000000000000089e+00 -3.519999999999999908e-04 2.334000000000000137e-03 -9.999970000000000248e-01 4.377869999999999817e-01 8.990770000000000151e-01 1.943999999999999981e-03 8.990789999999999615e-01 -4.377849999999999797e-01 -1.337999999999999997e-03
1.900000000000000000e+01 2.400000000000000000e+01 9.000000000000000000e+00 0.000000000000000000e+00 1.600000000000000089e+00 -5.800000000000000034e-04 -2.413999999999999913e-03 -9.999970000000000248e-01 4.409750000000000059e-01 8.975159999999999805e-01 -2.422999999999999807e-03 8.975189999999999557e-01 -4.409750000000000059e-01 5.439999999999999957e-04
2.200000000000000000e+01 2.400000000000000000e+01 9.000000000000000000e+00 0.000000000000000000e+00 1.600000000000000089e+00 1.314999999999999980e-03 6.120000000000000223e-04 -9.999989999999999712e-01 4.435140000000000193e-01 8.962670000000000359e-01 1.131999999999999977e-03 8.962660000000000071e-01 -4.435149999999999926e-01 9.070000000000000371e-04
2.500000000000000000e+01 2.400000000000000000e+01 9.000000000000000000e+00 0.000000000000000000e+00 1.600000000000000089e+00 1.446000000000000020e-03 4.122999999999999929e-03 -9.999900000000000455e-01 4.430680000000000174e-01 8.964769999999999683e-01 4.336999999999999710e-03 8.964870000000000339e-01 -4.430700000000000194e-01 -5.310000000000000050e-04
7.000000000000000000e+00 8.000000000000000000e+00 1.000000000000000000e+01 0.000000000000000000e+00 1.600000000000000089e+00 8.981699999999999406e-02 5.154299999999999854e-02 -9.946239999999999526e-01 -9.850480000000000347e-01 -1.428190000000000015e-01 -9.635299999999999421e-02 -1.470170000000000088e-01 9.884060000000000068e-01 3.794399999999999856e-02
5.000000000000000000e+00 4.000000000000000000e+00 1.100000000000000000e+01 0.000000000000000000e+00 1.600000000000000089e+00 -1.069000000000000072e-03 1.120180000000000065e-01 9.937059999999999782e-01 1.536079999999999945e-01 -9.818940000000000445e-01 1.108520000000000061e-01 9.881309999999999816e-01 1.527600000000000069e-01 -1.615700000000000122e-02
2.500000000000000000e+01 4.000000000000000000e+00 1.100000000000000000e+01 0.000000000000000000e+00 1.600000000000000089e+00 3.669999999999999760e-04 -2.258900000000000144e-02 9.997449999999999948e-01 1.741620000000000112e-01 -9.844640000000000057e-01 -2.230800000000000144e-02 9.847169999999999535e-01 1.741260000000000030e-01 3.572000000000000088e-03
2.300000000000000000e+01 3.200000000000000000e+01 1.400000000000000000e+01 0.000000000000000000e+00 1.600000000000000089e+00 -5.879999999999999810e-04 2.300000000000000002e-05 -1.000000000000000000e+00 1.217749999999999944e-01 9.925580000000000513e-01 -4.899999999999999842e-05 9.925580000000000513e-01 -1.217749999999999944e-01 -5.860000000000000408e-04
2.700000000000000000e+01 3.200000000000000000e+01 1.400000000000000000e+01 0.000000000000000000e+00 1.600000000000000089e+00 2.010000000000000068e-04 5.729999999999999850e-03 -9.999839999999999840e-01 1.211450000000000027e-01 9.926180000000000003e-01 5.712000000000000063e-03 9.926350000000000451e-01 -1.211440000000000017e-01 -4.949999999999999973e-04
1.300000000000000000e+01 1.200000000000000000e+01 1.600000000000000000e+01 0.000000000000000000e+00 1.600000000000000089e+00 1.422000000000000087e-03 -1.930000000000000021e-04 9.999989999999999712e-01 2.640799999999999814e-01 -9.645000000000000240e-01 -5.619999999999999996e-04 9.645000000000000240e-01 2.640810000000000102e-01 -1.319999999999999993e-03
2.000000000000000000e+00 1.160000000000000000e+02 1.600000000000000000e+01 0.000000000000000000e+00 1.600000000000000089e+00 -6.890000000000000508e-04 2.648000000000000180e-03 9.999959999999999960e-01 7.381429999999999936e-01 6.746429999999999927e-01 -1.276999999999999923e-03 -6.746440000000000214e-01 7.381400000000000183e-01 -2.419999999999999842e-03
7.000000000000000000e+00 1.160000000000000000e+02 1.600000000000000000e+01 0.000000000000000000e+00 1.600000000000000089e+00 -2.458999999999999814e-03 -6.400000000000000524e-04 9.999970000000000248e-01 7.496249999999999858e-01 6.618579999999999464e-01 2.265999999999999785e-03 -6.618579999999999464e-01 7.496289999999999898e-01 -1.147999999999999932e-03
1.000000000000000000e+01 1.160000000000000000e+02 1.600000000000000000e+01 0.000000000000000000e+00 1.600000000000000089e+00 -3.954000000000000049e-03 -2.294000000000000032e-03 9.999900000000000455e-01 7.517160000000000508e-01 6.594719999999999471e-01 4.485000000000000271e-03 -6.594750000000000334e-01 7.517260000000000053e-01 -8.829999999999999958e-04
2.700000000000000000e+01 1.160000000000000000e+02 1.600000000000000000e+01 0.000000000000000000e+00 1.600000000000000089e+00 1.564999999999999985e-03 4.600000000000000004e-05 9.999989999999999712e-01 7.065940000000000554e-01 7.076179999999999692e-01 -1.137999999999999906e-03 -7.076170000000000515e-01 7.065949999999999731e-01 1.075000000000000001e-03
1.300000000000000000e+01 2.000000000000000000e+00 1.900000000000000000e+01 0.000000000000000000e+00 1.600000000000000089e+00 4.500000000000000283e-05 -1.958199999999999871e-02 -9.998080000000000300e-01 3.573830000000000062e-01 -9.337790000000000257e-01 1.830499999999999836e-02 -9.339579999999999549e-01 -3.573149999999999937e-01 6.956000000000000377e-03
2.300000000000000000e+01 2.000000000000000000e+00 1.900000000000000000e+01 0.000000000000000000e+00 1.600000000000000089e+00 6.190000000000000190e-03 -1.756299999999999875e-02 -9.998270000000000213e-01 3.592650000000000010e-01 -9.330500000000000460e-01 1.861399999999999860e-02 -9.332150000000000167e-01 -3.593180000000000263e-01 5.339999999999999695e-04
3.000000000000000000e+00 3.000000000000000000e+00 1.900000000000000000e+01 0.000000000000000000e+00 1.600000000000000089e+00 -4.618999999999999842e-03 4.211399999999999866e-02 -9.991020000000000456e-01 3.545269999999999810e-01 -9.341460000000000319e-01 -4.101500000000000284e-02 -9.350340000000000318e-01 -3.543979999999999908e-01 -1.061600000000000044e-02
7.000000000000000000e+00 3.000000000000000000e+00 1.900000000000000000e+01 0.000000000000000000e+00 1.600000000000000089e+00 -5.154999999999999860e-03 2.710200000000000109e-02 -9.996190000000000353e-01 3.512560000000000127e-01 -9.358849999999999669e-01 -2.718500000000000083e-02 -9.362650000000000139e-01 -3.512629999999999919e-01 -4.695000000000000388e-03
1.400000000000000000e+01 3.000000000000000000e+00 1.900000000000000000e+01 0.000000000000000000e+00 1.600000000000000089e+00 -6.089999999999999494e-04 -2.151399999999999840e-02 -9.997679999999999900e-01 3.392209999999999948e-01 -9.404930000000000234e-01 2.003200000000000119e-02 -9.407060000000000421e-01 -3.391310000000000158e-01 7.870999999999999525e-03
2.400000000000000000e+01 3.000000000000000000e+00 1.900000000000000000e+01 0.000000000000000000e+00 1.600000000000000089e+00 4.707000000000000246e-03 -1.030599999999999919e-02 -9.999360000000000470e-01 3.316109999999999891e-01 -9.433489999999999931e-01 1.128400000000000063e-02 -9.434040000000000203e-01 -3.316430000000000211e-01 -1.023000000000000038e-03
2.800000000000000000e+01 3.000000000000000000e+00 1.900000000000000000e+01 0.000000000000000000e+00 1.600000000000000089e+00 5.910000000000000539e-04 -4.963999999999999663e-03 -9.999879999999999880e-01 3.315069999999999961e-01 -9.434399999999999453e-01 4.878999999999999657e-03 -9.434529999999999861e-01 -3.315060000000000229e-01 1.087999999999999991e-03
4.000000000000000000e+00 1.300000000000000000e+01 2.000000000000000000e+01 0.000000000000000000e+00 1.600000000000000089e+00 -1.710000000000000094e-04 -3.701999999999999996e-03 9.999930000000000208e-01 2.603039999999999798e-01 9.655200000000000449e-01 3.618999999999999821e-03 -9.655270000000000241e-01 2.603030000000000066e-01 7.990000000000000140e-04
1.100000000000000000e+01 1.300000000000000000e+01 2.000000000000000000e+01 0.000000000000000000e+00 1.600000000000000089e+00 5.240000000000000517e-04 1.582000000000000073e-03 9.999989999999999712e-01 2.633460000000000245e-01 9.647000000000000020e-01 -1.663999999999999898e-03 -9.647010000000000307e-01 2.633460000000000245e-01 8.899999999999999491e-05
1.500000000000000000e+01 1.300000000000000000e+01 2.000000000000000000e+01 0.000000000000000000e+00 1.600000000000000089e+00 7.560000000000000530e-04 4.840999999999999817e-03 9.999879999999999880e-01 2.635689999999999977e-01 9.646280000000000410e-01 -4.869000000000000064e-03 -9.646400000000000530e-01 2.635689999999999977e-01 -5.469999999999999602e-04
1.900000000000000000e+01 1.300000000000000000e+01 2.000000000000000000e+01 0.000000000000000000e+00 1.600000000000000089e+00 5.770000000000000389e-04 1.105000000000000079e-03 9.999989999999999712e-01 2.614469999999999850e-01 9.652169999999999916e-01 -1.217999999999999899e-03 -9.652180000000000204e-01 2.614480000000000137e-01 2.680000000000000090e-04
2.600000000000000000e+01 1.300000000000000000e+01 2.000000000000000000e+01 0.000000000000000000e+00 1.600000000000000089e+00 -3.449999999999999833e-04 -7.389999999999999651e-04 1.000000000000000000e+00 2.594620000000000259e-01 9.657529999999999726e-01 8.030000000000000028e-04 -9.657529999999999726e-01 2.594620000000000259e-01 -1.410000000000000120e-04
1.100000000000000000e+01 1.600000000000000000e+01 2.100000000000000000e+01 0.000000000000000000e+00 1.600000000000000089e+00 5.320000000000000293e-04 2.079000000000000119e-03 9.999980000000000535e-01 3.002130000000000076e-01 9.538699999999999957e-01 -2.142999999999999940e-03 -9.538720000000000532e-01 3.002130000000000076e-01 -1.160000000000000007e-04
1.800000000000000000e+01 1.600000000000000000e+01 2.100000000000000000e+01 0.000000000000000000e+00 1.600000000000000089e+00 3.609999999999999928e-04 2.671000000000000197e-03 9.999959999999999960e-01 2.991219999999999990e-01 9.542110000000000314e-01 -2.657000000000000074e-03 -9.542150000000000354e-01 2.991219999999999990e-01 -4.539999999999999765e-04
1.700000000000000000e+01 2.000000000000000000e+00 2.500000000000000000e+01 0.000000000000000000e+00 1.600000000000000089e+00 1.016399999999999942e-02 -3.532400000000000123e-02 9.993239999999999901e-01 8.536199999999999344e-02 -9.956970000000000542e-01 -3.606399999999999884e-02 9.962980000000000169e-01 8.567099999999999715e-02 -7.105000000000000204e-03
8.000000000000000000e+00 3.000000000000000000e+00 2.500000000000000000e+01 0.000000000000000000e+00 1.600000000000000089e+00 -4.629999999999999784e-04 8.940999999999999295e-03 9.999599999999999600e-01 3.563999999999999807e-02 -9.993250000000000188e-01 8.951999999999999888e-03 9.993649999999999478e-01 3.564300000000000107e-02 1.440000000000000036e-04
1.600000000000000000e+01 3.000000000000000000e+00 2.500000000000000000e+01 0.000000000000000000e+00 1.600000000000000089e+00 5.898999999999999730e-03 -3.119699999999999904e-02 9.994960000000000511e-01 4.073000000000000231e-03 -9.995039999999999480e-01 -3.122099999999999875e-02 9.999740000000000295e-01 4.255000000000000102e-03 -5.768999999999999823e-03
2.300000000000000000e+01 3.000000000000000000e+00 2.500000000000000000e+01 0.000000000000000000e+00 1.600000000000000089e+00 3.083999999999999936e-03 -1.056900000000000027e-02 9.999390000000000223e-01 -3.282199999999999701e-02 -9.994060000000000166e-01 -1.046200000000000081e-02 9.994560000000000111e-01 -3.278799999999999770e-02 -3.429000000000000190e-03
2.900000000000000000e+01 3.000000000000000000e+00 2.500000000000000000e+01 0.000000000000000000e+00 1.600000000000000089e+00 -6.830000000000000134e-04 -5.454999999999999780e-03 9.999850000000000128e-01 -3.640700000000000186e-02 -9.993220000000000436e-01 -5.477000000000000098e-03 9.993370000000000308e-01 -3.640999999999999792e-02 4.840000000000000010e-04
3.000000000000000000e+00 4.600000000000000000e+01 2.700000000000000000e+01 0.000000000000000000e+00 1.600000000000000089e+00 1.469999999999999953e-04 4.479999999999999933e-04 -1.000000000000000000e+00 6.818400000000000016e-01 7.315009999999999568e-01 4.279999999999999950e-04 7.315009999999999568e-01 -6.818400000000000016e-01 -1.979999999999999881e-04
2.900000000000000000e+01 4.600000000000000000e+01 2.700000000000000000e+01 0.000000000000000000e+00 1.600000000000000089e+00 -1.057999999999999913e-03 4.820000000000000066e-04 -9.999989999999999712e-01 6.751030000000000086e-01 7.377240000000000464e-01 -3.579999999999999741e-04 7.377230000000000176e-01 -6.751030000000000086e-01 -1.105999999999999995e-03
4.000000000000000000e+00 4.600000000000000000e+01 3.000000000000000000e+01 0.000000000000000000e+00 1.600000000000000089e+00 8.500000000000000611e-05 1.783000000000000080e-03 -9.999980000000000535e-01 3.247729999999999784e-01 9.457900000000000196e-01 1.714000000000000029e-03 9.457919999999999661e-01 -3.247729999999999784e-01 -4.989999999999999861e-04
2.000000000000000000e+00 4.600000000000000000e+01 3.500000000000000000e+01 0.000000000000000000e+00 1.600000000000000089e+00 1.299999999999999920e-05 5.439000000000000258e-03 -9.999850000000000128e-01 3.926740000000000230e-01 -9.196640000000000370e-01 -4.996999999999999706e-03 -9.196779999999999955e-01 -3.926680000000000170e-01 -2.147000000000000037e-03
1.100000000000000000e+01 4.600000000000000000e+01 3.500000000000000000e+01 0.000000000000000000e+00 1.600000000000000089e+00 -8.630000000000000518e-04 -2.776999999999999955e-03 -9.999959999999999960e-01 3.922399999999999776e-01 -9.198600000000000110e-01 2.216000000000000088e-03 -9.198629999999999862e-01 -3.922359999999999736e-01 1.882999999999999908e-03
1.900000000000000000e+01 4.600000000000000000e+01 3.500000000000000000e+01 0.000000000000000000e+00 1.600000000000000089e+00 -4.000000000000000327e-05 1.789999999999999870e-04 -1.000000000000000000e+00 3.917209999999999859e-01 -9.200840000000000130e-01 -1.800000000000000113e-04 -9.200840000000000130e-01 -3.917209999999999859e-01 -3.300000000000000253e-05
2.900000000000000000e+01 4.600000000000000000e+01 3.500000000000000000e+01 0.000000000000000000e+00 1.600000000000000089e+00 -2.190000000000000106e-03 -1.340999999999999961e-03 -9.999970000000000248e-01 3.900239999999999818e-01 -9.208049999999999846e-01 3.809999999999999910e-04 -9.208020000000000094e-01 -3.900219999999999798e-01 2.539000000000000024e-03
4.000000000000000000e+00 9.500000000000000000e+01 3.600000000000000000e+01 0.000000000000000000e+00 1.600000000000000089e+00 -6.568000000000000053e-03 -4.871000000000000330e-03 9.999670000000000503e-01 9.958169999999999522e-01 9.110300000000000342e-02 6.983999999999999757e-03 -9.113400000000000667e-02 9.958299999999999930e-01 4.251999999999999703e-03
2.100000000000000000e+01 9.500000000000000000e+01 3.600000000000000000e+01 0.000000000000000000e+00 1.600000000000000089e+00 3.178999999999999968e-03 9.645000000000000795e-03 9.999479999999999480e-01 9.967019999999999769e-01 8.105099999999999805e-02 -3.950999999999999651e-03 -8.108500000000000429e-02 9.966629999999999656e-01 -9.355999999999999733e-03
2.700000000000000000e+01 9.500000000000000000e+01 3.600000000000000000e+01 0.000000000000000000e+00 1.600000000000000089e+00 2.245000000000000034e-03 8.600999999999999271e-03 9.999599999999999600e-01 9.962579999999999769e-01 8.638300000000000145e-02 -2.980000000000000010e-03 -8.640499999999999570e-02 9.962250000000000272e-01 -8.375000000000000500e-03
1.400000000000000000e+01 9.500000000000000000e+01 3.700000000000000000e+01 0.000000000000000000e+00 1.600000000000000089e+00 -1.626999999999999974e-03 -1.145900000000000044e-02 9.999329999999999607e-01 9.948280000000000456e-01 1.015390000000000043e-01 2.782000000000000185e-03 -1.015640000000000015e-01 9.947660000000000391e-01 1.123399999999999919e-02
8.000000000000000000e+00 6.000000000000000000e+01 3.900000000000000000e+01 0.000000000000000000e+00 1.600000000000000089e+00 -1.340000000000000045e-03 -1.139300000000000035e-02 -9.999339999999999895e-01 2.963140000000000218e-01 -9.550330000000000208e-01 1.048400000000000026e-02 -9.550899999999999945e-01 -2.962810000000000166e-01 4.655000000000000283e-03
2.000000000000000000e+00 2.900000000000000000e+01 4.400000000000000000e+01 0.000000000000000000e+00 1.600000000000000089e+00 -2.206000000000000062e-03 -2.668999999999999932e-03 -9.999940000000000495e-01 6.542430000000000190e-01 7.562759999999999483e-01 -3.461000000000000101e-03 7.562809999999999810e-01 -6.542470000000000230e-01 7.799999999999999859e-05
1.000000000000000000e+01 2.900000000000000000e+01 4.400000000000000000e+01 0.000000000000000000e+00 1.600000000000000089e+00 -1.590999999999999966e-03 -3.154000000000000119e-03 -9.999940000000000495e-01 6.610430000000000472e-01 7.503400000000000070e-01 -3.419000000000000164e-03 7.503459999999999575e-01 -6.610449999999999937e-01 8.909999999999999734e-04
1.900000000000000000e+01 2.900000000000000000e+01 4.400000000000000000e+01 0.000000000000000000e+00 1.600000000000000089e+00 3.060000000000000111e-04 -1.840000000000000001e-04 -1.000000000000000000e+00 6.616060000000000274e-01 7.498510000000000453e-01 6.399999999999999710e-05 7.498510000000000453e-01 -6.616060000000000274e-01 3.510000000000000208e-04
2.900000000000000000e+01 2.900000000000000000e+01 4.400000000000000000e+01 0.000000000000000000e+00 1.600000000000000089e+00 6.719999999999999628e-04 1.018000000000000025e-03 -9.999989999999999712e-01 6.661289999999999711e-01 7.458350000000000257e-01 1.206999999999999957e-03 7.458360000000000545e-01 -6.661299999999999999e-01 -1.769999999999999926e-04
5.000000000000000000e+00 4.000000000000000000e+00 5.000000000000000000e+01 0.000000000000000000e+00 1.600000000000000089e+00 1.487999999999999956e-03 -3.536000000000000081e-03 -9.999930000000000208e-01 5.329209999999999781e-01 -8.461560000000000192e-01 3.785000000000000170e-03 -8.461640000000000272e-01 -5.329230000000000356e-01 6.250000000000000130e-04
2.400000000000000000e+01 5.000000000000000000e+00 5.100000000000000000e+01 0.000000000000000000e+00 1.600000000000000089e+00 -1.150000000000000035e-04 7.276000000000000349e-03 -9.999740000000000295e-01 4.885430000000000050e-01 -8.725169999999999870e-01 -6.405000000000000103e-03 -8.725399999999999823e-01 -4.885300000000000198e-01 -3.454000000000000039e-03
2.700000000000000000e+01 6.000000000000000000e+00 5.100000000000000000e+01 0.000000000000000000e+00 1.600000000000000089e+00 1.052999999999999900e-03 5.951999999999999826e-03 -9.999820000000000375e-01 3.141749999999999821e-01 -9.493500000000000272e-01 -5.320000000000000076e-03 -9.493639999999999857e-01 -3.141639999999999988e-01 -2.870000000000000155e-03
9.000000000000000000e+00 1.150000000000000000e+02 5.100000000000000000e+01 0.000000000000000000e+00 1.600000000000000089e+00 -2.426000000000000205e-03 -4.473000000000000413e-03 9.999869999999999592e-01 8.471279999999999921e-01 -5.313890000000000002e-01 -3.220000000000000206e-04 5.313839999999999675e-01 8.471159999999999801e-01 5.079000000000000181e-03
1.300000000000000000e+01 1.150000000000000000e+02 5.100000000000000000e+01 0.000000000000000000e+00 1.600000000000000089e+00 5.500000000000000196e-05 4.339999999999999782e-04 1.000000000000000000e+00 8.466879999999999962e-01 -5.320899999999999519e-01 1.840000000000000001e-04 5.320899999999999519e-01 8.466879999999999962e-01 -3.959999999999999762e-04
2.000000000000000000e+00 6.300000000000000000e+01 5.400000000000000000e+01 0.000000000000000000e+00 1.600000000000000089e+00 -1.489000000000000089e-03 -3.187000000000000163e-03 9.999940000000000495e-01 -3.538709999999999911e-01 9.352909999999999835e-01 2.454000000000000018e-03 -9.352930000000000410e-01 -3.538649999999999851e-01 -2.520000000000000104e-03
1.500000000000000000e+01 6.300000000000000000e+01 5.400000000000000000e+01 0.000000000000000000e+00 1.600000000000000089e+00 1.427000000000000100e-03 -2.007000000000000103e-03 9.999970000000000248e-01 -3.462819999999999787e-01 9.381270000000000442e-01 2.377000000000000206e-03 -9.381289999999999907e-01 -3.462850000000000095e-01 6.440000000000000412e-04
1.900000000000000000e+01 6.300000000000000000e+01 5.400000000000000000e+01 0.000000000000000000e+00 1.600000000000000089e+00 -7.500000000000000156e-04 9.070000000000000371e-04 9.999989999999999712e-01 -3.423200000000000132e-01 9.395829999999999460e-01 -1.108999999999999960e-03 -9.395829999999999460e-01 -3.423200000000000132e-01 -3.939999999999999817e-04
2.800000000000000000e+01 6.300000000000000000e+01 5.400000000000000000e+01 0.000000000000000000e+00 1.600000000000000089e+00 -3.069999999999999812e-04 3.403999999999999908e-03 9.999940000000000495e-01 -3.469949999999999979e-01 9.378609999999999447e-01 -3.298999999999999849e-03 -9.378670000000000062e-01 -3.469940000000000246e-01 8.940000000000000464e-04
2.300000000000000000e+01 2.500000000000000000e+01 5.500000000000000000e+01 0.000000000000000000e+00 1.600000000000000089e+00 1.229000000000000058e-03 5.300000000000000078e-05 -9.999989999999999712e-01 -1.157599999999999948e-02 -9.999329999999999607e-01 -6.799999999999999946e-05 -9.999320000000000430e-01 1.157599999999999948e-02 -1.227999999999999925e-03
3.000000000000000000e+01 2.500000000000000000e+01 5.500000000000000000e+01 0.000000000000000000e+00 1.600000000000000089e+00 -1.659000000000000101e-03 4.377999999999999947e-03 -9.999890000000000168e-01 -1.121100000000000048e-02 -9.999280000000000390e-01 -4.359000000000000027e-03 -9.999360000000000470e-01 1.120299999999999942e-02 1.708000000000000100e-03
2.700000000000000000e+01 2.000000000000000000e+01 6.000000000000000000e+01 0.000000000000000000e+00 1.600000000000000089e+00 -1.456000000000000046e-03 -1.724000000000000055e-03 9.999970000000000248e-01 -6.274399999999999422e-02 9.980280000000000262e-01 1.629000000000000023e-03 -9.980290000000000550e-01 -6.274100000000000510e-02 -1.562000000000000020e-03
5.000000000000000000e+00 2.100000000000000000e+01 6.000000000000000000e+01 0.000000000000000000e+00 1.600000000000000089e+00 -5.689999999999999529e-04 1.580999999999999940e-03 9.999989999999999712e-01 -9.547400000000000331e-02 9.954309999999999548e-01 -1.628000000000000107e-03 -9.954319999999999835e-01 -9.547500000000000431e-02 -4.150000000000000043e-04
1.200000000000000000e+01 2.100000000000000000e+01 6.000000000000000000e+01 0.000000000000000000e+00 1.600000000000000089e+00 8.589999999999999546e-04 -1.654000000000000088e-03 9.999980000000000535e-01 -9.298099999999999421e-02 9.956660000000000510e-01 1.727000000000000019e-03 -9.956679999999999975e-01 -9.298199999999999521e-02 7.020000000000000415e-04
1.900000000000000000e+01 2.100000000000000000e+01 6.000000000000000000e+01 0.000000000000000000e+00 1.600000000000000089e+00 -5.240000000000000517e-04 7.232999999999999846e-03 9.999740000000000295e-01 -9.701400000000000301e-02 9.952569999999999473e-01 -7.249000000000000235e-03 -9.952830000000000288e-01 -9.701500000000000401e-02 1.800000000000000113e-04
2.300000000000000000e+01 2.100000000000000000e+01 6.000000000000000000e+01 0.000000000000000000e+00 1.600000000000000089e+00 1.312000000000000015e-03 3.262000000000000142e-03 9.999940000000000495e-01 -9.618799999999999573e-02 9.953579999999999650e-01 -3.119999999999999944e-03 -9.953619999999999690e-01 -9.618400000000000560e-02 1.619999999999999912e-03
2.000000000000000000e+01 3.000000000000000000e+00 6.300000000000000000e+01 0.000000000000000000e+00 1.600000000000000089e+00 1.304000000000000038e-03 -5.462999999999999974e-03 9.999839999999999840e-01 -6.122499999999999609e-01 7.906480000000000175e-01 5.118000000000000153e-03 -7.906630000000000047e-01 -6.122469999999999857e-01 -2.314000000000000085e-03
4.000000000000000000e+00 2.700000000000000000e+01 6.300000000000000000e+01 0.000000000000000000e+00 1.600000000000000089e+00 -2.300000000000000002e-05 5.173999999999999780e-03 9.999869999999999592e-01 -2.776930000000000232e-01 9.606569999999999832e-01 -4.976999999999999653e-03 -9.606700000000000239e-01 -2.776890000000000192e-01 1.413999999999999892e-03
7.000000000000000000e+00 2.700000000000000000e+01 6.300000000000000000e+01 0.000000000000000000e+00 1.600000000000000089e+00 2.645000000000000216e-03 6.416999999999999961e-03 9.999759999999999760e-01 -2.765739999999999865e-01 9.609769999999999701e-01 -5.434999999999999727e-03 -9.609889999999999821e-01 -2.765529999999999933e-01 4.316999999999999657e-03
1.200000000000000000e+01 2.700000000000000000e+01 6.300000000000000000e+01 0.000000000000000000e+00 1.600000000000000089e+00 -9.120000000000000502e-04 8.319999999999999271e-03 9.999649999999999928e-01 -2.705469999999999819e-01 9.626710000000000544e-01 -8.255999999999999450e-03 -9.627059999999999507e-01 -2.705449999999999799e-01 1.373000000000000088e-03
1.900000000000000000e+01 2.700000000000000000e+01 6.300000000000000000e+01 0.000000000000000000e+00 1.600000000000000089e+00 6.329999999999999906e-04 -9.282000000000000320e-03 9.999569999999999848e-01 -2.747709999999999875e-01 9.614669999999999606e-01 9.098999999999999450e-03 -9.615099999999999758e-01 -2.747649999999999815e-01 -1.941999999999999933e-03
2.300000000000000000e+01 2.700000000000000000e+01 6.300000000000000000e+01 0.000000000000000000e+00 1.600000000000000089e+00 3.066000000000000149e-03 -4.608000000000000117e-03 9.999850000000000128e-01 -2.733479999999999799e-01 9.619010000000000060e-01 5.270000000000000379e-03 -9.619100000000000428e-01 -2.733599999999999919e-01 1.688999999999999963e-03
2.800000000000000000e+01 2.700000000000000000e+01 6.300000000000000000e+01 0.000000000000000000e+00 1.600000000000000089e+00 6.960000000000000041e-04 -2.286999999999999970e-03 9.999970000000000248e-01 -2.715389999999999748e-01 9.624249999999999750e-01 2.390000000000000197e-03 -9.624270000000000325e-01 -2.715389999999999748e-01 4.899999999999999842e-05
1.000000000000000000e+00 2.600000000000000000e+01 6.400000000000000000e+01 0.000000000000000000e+00 1.600000000000000089e+00 -2.409999999999999816e-03 3.889000000000000096e-03 9.999900000000000455e-01 -3.704509999999999748e-01 9.288410000000000277e-01 -4.505000000000000324e-03 -9.288490000000000357e-01 -3.704580000000000095e-01 -7.969999999999999654e-04
5.000000000000000000e+00 2.600000000000000000e+01 6.400000000000000000e+01 0.000000000000000000e+00 1.600000000000000089e+00 4.420000000000000101e-04 4.237000000000000315e-03 9.999909999999999632e-01 -3.713830000000000187e-01 9.284719999999999640e-01 -3.769999999999999914e-03 -9.284799999999999720e-01 -3.713779999999999859e-01 1.984000000000000086e-03
7.000000000000000000e+00 2.600000000000000000e+01 6.400000000000000000e+01 0.000000000000000000e+00 1.600000000000000089e+00 2.187000000000000142e-03 4.392000000000000071e-03 9.999879999999999880e-01 -3.702130000000000143e-01 9.289410000000000167e-01 -3.269999999999999903e-03 -9.289439999999999920e-01 -3.702019999999999755e-01 3.657999999999999793e-03
1.300000000000000000e+01 2.600000000000000000e+01 6.400000000000000000e+01 0.000000000000000000e+00 1.600000000000000089e+00 -3.301000000000000115e-03 6.086000000000000264e-03 9.999759999999999760e-01 -3.650200000000000111e-01 9.309739999999999682e-01 -6.871000000000000371e-03 -9.309939999999999882e-01 -3.650340000000000251e-01 -8.509999999999999769e-04
2.000000000000000000e+01 2.600000000000000000e+01 6.400000000000000000e+01 0.000000000000000000e+00 1.600000000000000089e+00 2.871999999999999987e-03 -6.780999999999999701e-03 9.999730000000000008e-01 -3.709669999999999912e-01 9.286170000000000258e-01 7.361999999999999621e-03 -9.286410000000000498e-01 -3.709779999999999744e-01 1.520000000000000084e-04
2.400000000000000000e+01 2.600000000000000000e+01 6.400000000000000000e+01 0.000000000000000000e+00 1.600000000000000089e+00 2.608000000000000075e-03 -2.723000000000000160e-03 9.999930000000000208e-01 -3.656739999999999990e-01 9.307360000000000078e-01 3.488000000000000215e-03 -9.307389999999999830e-01 -3.656809999999999783e-01 1.430999999999999980e-03
2.900000000000000000e+01 2.600000000000000000e+01 6.400000000000000000e+01 0.000000000000000000e+00 1.600000000000000089e+00 6.800000000000000488e-04 -3.576000000000000185e-03 9.999930000000000208e-01 -3.634069999999999800e-01 9.316240000000000077e-01 3.579000000000000150e-03 -9.316299999999999581e-01 -3.634069999999999800e-01 -6.660000000000000338e-04
7.000000000000000000e+00 6.900000000000000000e+01 6.600000000000000000e+01 0.000000000000000000e+00 1.600000000000000089e+00 1.210000000000000002e-04 -4.159000000000000370e-03 9.999909999999999632e-01 -9.492599999999999927e-01 3.144879999999999898e-01 1.423000000000000003e-03 -3.144910000000000205e-01 -9.492519999999999847e-01 -3.910000000000000281e-03
2.000000000000000000e+01 6.900000000000000000e+01 6.600000000000000000e+01 0.000000000000000000e+00 1.600000000000000089e+00 -4.151000000000000176e-03 -3.449999999999999942e-03 9.999850000000000128e-01 -9.467100000000000515e-01 3.220740000000000269e-01 -2.818999999999999891e-03 -3.220589999999999842e-01 -9.467079999999999940e-01 -4.603000000000000320e-03
2.500000000000000000e+01 6.900000000000000000e+01 6.600000000000000000e+01 0.000000000000000000e+00 1.600000000000000089e+00 9.049999999999999885e-04 -1.253999999999999906e-03 9.999989999999999712e-01 -9.462209999999999788e-01 3.235179999999999723e-01 1.262000000000000101e-03 -3.235190000000000010e-01 -9.462209999999999788e-01 -8.940000000000000464e-04
5.000000000000000000e+00 2.500000000000000000e+01 7.300000000000000000e+01 0.000000000000000000e+00 1.600000000000000089e+00 -1.080000000000000014e-03 -1.340999999999999961e-03 9.999980000000000535e-01 7.571729999999999849e-01 -6.532149999999999901e-01 -5.899999999999999754e-05 6.532139999999999613e-01 7.571719999999999562e-01 1.721000000000000090e-03
8.000000000000000000e+00 2.500000000000000000e+01 7.300000000000000000e+01 0.000000000000000000e+00 1.600000000000000089e+00 -1.580999999999999940e-03 -3.926999999999999935e-03 9.999909999999999632e-01 7.555049999999999821e-01 -6.551409999999999734e-01 -1.379000000000000017e-03 6.551409999999999734e-01 7.554959999999999454e-01 4.002000000000000349e-03
1.300000000000000000e+01 2.500000000000000000e+01 7.300000000000000000e+01 0.000000000000000000e+00 1.600000000000000089e+00 3.809999999999999910e-04 -5.739999999999999660e-04 1.000000000000000000e+00 7.538639999999999786e-01 -6.570310000000000317e-01 -6.639999999999999852e-04 6.570310000000000317e-01 7.538639999999999786e-01 1.820000000000000057e-04
2.100000000000000000e+01 2.500000000000000000e+01 7.300000000000000000e+01 0.000000000000000000e+00 1.600000000000000089e+00 1.951000000000000043e-03 3.199999999999999855e-05 9.999980000000000535e-01 7.600710000000000521e-01 -6.498380000000000267e-01 -1.461999999999999975e-03 6.498369999999999980e-01 7.600729999999999986e-01 -1.291999999999999963e-03
2.800000000000000000e+01 2.500000000000000000e+01 7.300000000000000000e+01 0.000000000000000000e+00 1.600000000000000089e+00 -1.955999999999999839e-03 -8.989999999999999511e-04 9.999980000000000535e-01 7.560390000000000166e-01 -6.545260000000000522e-01 8.909999999999999734e-04 6.545229999999999659e-01 7.560390000000000166e-01 1.959999999999999937e-03
7.000000000000000000e+00 4.400000000000000000e+01 7.300000000000000000e+01 0.000000000000000000e+00 1.600000000000000089e+00 -9.299999999999999727e-05 -5.370000000000000424e-04 1.000000000000000000e+00 5.356799999999999756e-02 -9.985640000000000072e-01 -5.310000000000000050e-04 9.985640000000000072e-01 5.356799999999999756e-02 1.219999999999999974e-04
1.000000000000000000e+01 4.400000000000000000e+01 7.300000000000000000e+01 0.000000000000000000e+00 1.600000000000000089e+00 5.739999999999999660e-04 -1.598999999999999944e-03 9.999989999999999712e-01 5.311799999999999855e-02 -9.985870000000000024e-01 -1.626999999999999974e-03 9.985880000000000312e-01 5.311899999999999955e-02 -4.889999999999999599e-04
1.500000000000000000e+01 4.400000000000000000e+01 7.300000000000000000e+01 0.000000000000000000e+00 1.600000000000000089e+00 6.999999999999999895e-06 1.360000000000000098e-03 9.999989999999999712e-01 5.492899999999999866e-02 -9.984889999999999599e-01 1.358000000000000049e-03 9.984899999999999887e-01 5.492899999999999866e-02 -8.200000000000000095e-05
2.200000000000000000e+01 4.400000000000000000e+01 7.300000000000000000e+01 0.000000000000000000e+00 1.600000000000000089e+00 -2.959999999999999849e-04 -1.258000000000000004e-03 9.999989999999999712e-01 5.515599999999999670e-02 -9.984769999999999479e-01 -1.240000000000000000e-03 9.984779999999999767e-01 5.515599999999999670e-02 3.649999999999999816e-04
2.800000000000000000e+01 4.400000000000000000e+01 7.300000000000000000e+01 0.000000000000000000e+00 1.600000000000000089e+00 4.499999999999999877e-04 1.036000000000000029e-03 9.999989999999999712e-01 5.704999999999999655e-02 -9.983710000000000084e-01 1.007999999999999998e-03 9.983710000000000084e-01 5.704999999999999655e-02 -5.090000000000000123e-04
1.700000000000000000e+01 2.500000000000000000e+01 7.400000000000000000e+01 0.000000000000000000e+00 1.600000000000000089e+00 6.859999999999999779e-04 1.972999999999999927e-03 9.999980000000000535e-01 8.307350000000000012e-01 -5.566680000000000517e-01 5.289999999999999564e-04 5.566680000000000517e-01 8.307330000000000547e-01 -2.020999999999999793e-03
3.000000000000000000e+01 2.500000000000000000e+01 7.400000000000000000e+01 0.000000000000000000e+00 1.600000000000000089e+00 -1.469999999999999953e-03 -5.532999999999999724e-03 9.999839999999999840e-01 8.282479999999999842e-01 -5.603590000000000515e-01 -1.882999999999999908e-03 5.603599999999999692e-01 8.282319999999999682e-01 5.406000000000000215e-03
2.200000000000000000e+01 9.900000000000000000e+01 7.500000000000000000e+01 0.000000000000000000e+00 1.600000000000000089e+00 -3.039000000000000035e-03 -4.793000000000000385e-03 -9.999839999999999840e-01 -8.839709999999999512e-01 4.675409999999999844e-01 4.449999999999999746e-04 4.675320000000000031e-01 8.839580000000000215e-01 -5.657999999999999835e-03
3.000000000000000000e+00 5.100000000000000000e+01 7.600000000000000000e+01 0.000000000000000000e+00 1.600000000000000089e+00 -1.693999999999999976e-03 -1.503999999999999912e-03 -9.999970000000000248e-01 -4.004400000000000182e-01 -9.163210000000000521e-01 2.056000000000000102e-03 -9.163210000000000521e-01 4.004429999999999934e-01 9.499999999999999981e-04
3.000000000000000000e+00 9.100000000000000000e+01 7.600000000000000000e+01 0.000000000000000000e+00 1.600000000000000089e+00 3.620000000000000171e-04 5.209999999999999788e-04 1.000000000000000000e+00 2.920900000000000163e-01 -9.563909999999999911e-01 3.930000000000000117e-04 9.563909999999999911e-01 2.920889999999999875e-01 -4.979999999999999618e-04
7.000000000000000000e+00 9.100000000000000000e+01 7.600000000000000000e+01 0.000000000000000000e+00 1.600000000000000089e+00 -8.580000000000000387e-04 2.680000000000000090e-04 1.000000000000000000e+00 2.986240000000000006e-01 -9.543709999999999694e-01 5.119999999999999768e-04 9.543709999999999694e-01 2.986240000000000006e-01 7.389999999999999651e-04
