1.600000000000000000e+01 2.500000000000000000e+01 1.000000000000000000e+00 0.000000000000000000e+00 1.600000000000000089e+00 3.873000000000000140e-03 -1.449999999999999900e-03 -9.999909999999999632e-01 -5.188869999999999871e-01 -8.548419999999999908e-01 -7.699999999999999597e-04 -8.548339999999999828e-01 5.188859999999999584e-01 -4.062999999999999771e-03
2.000000000000000000e+01 2.500000000000000000e+01 1.000000000000000000e+00 0.000000000000000000e+00 1.600000000000000089e+00 3.680000000000000003e-04 3.988000000000000225e-03 -9.999919999999999920e-01 -5.179970000000000407e-01 -8.553749999999999964e-01 -3.602000000000000167e-03 -8.553819999999999757e-01 5.179939999999999545e-01 1.750000000000000036e-03
1.200000000000000000e+01 4.200000000000000000e+01 2.000000000000000000e+00 0.000000000000000000e+00 1.600000000000000089e+00 -5.049999999999999802e-03 4.222599999999999965e-02 -9.990949999999999553e-01 9.816500000000000226e-01 -1.902490000000000014e-01 -1.300199999999999967e-02 -1.906259999999999899e-01 -9.808270000000000044e-01 -4.048999999999999821e-02
5.000000000000000000e+00 1.500000000000000000e+01 4.000000000000000000e+00 0.000000000000000000e+00 1.600000000000000089e+00 5.176000000000000045e-03 4.089999999999999886e-03 9.999780000000000335e-01 3.077360000000000095e-01 -9.514690000000000092e-01 2.298999999999999828e-03 9.514580000000000259e-01 3.077179999999999915e-01 -6.184000000000000261e-03
1.000000000000000000e+01 1.500000000000000000e+01 4.000000000000000000e+00 0.000000000000000000e+00 1.600000000000000089e+00 1.611000000000000019e-03 3.753999999999999958e-03 9.999919999999999920e-01 3.047079999999999789e-01 -9.524409999999999821e-01 3.083999999999999936e-03 9.524439999999999573e-01 3.047009999999999996e-01 -2.677999999999999825e-03
1.500000000000000000e+01 1.500000000000000000e+01 4.000000000000000000e+00 0.000000000000000000e+00 1.600000000000000089e+00 1.066000000000000107e-03 4.429999999999999910e-03 9.999900000000000455e-01 3.085319999999999729e-01 -9.512059999999999960e-01 3.884999999999999998e-03 9.512129999999999752e-01 3.085249999999999937e-01 -2.380999999999999870e-03
1.800000000000000000e+01 1.500000000000000000e+01 4.000000000000000000e+00 0.000000000000000000e+00 1.600000000000000089e+00 5.010000000000000347e-04 6.096999999999999989e-03 9.999810000000000088e-01 3.098469999999999835e-01 -9.507700000000000040e-01 5.642000000000000313e-03 9.507860000000000200e-01 3.098380000000000023e-01 -2.364999999999999915e-03
2.400000000000000000e+01 1.500000000000000000e+01 4.000000000000000000e+00 0.000000000000000000e+00 1.600000000000000089e+00 6.399999999999999710e-05 4.517000000000000182e-03 9.999900000000000455e-01 3.095840000000000258e-01 -9.508630000000000138e-01 4.276000000000000287e-03 9.508720000000000505e-01 3.095809999999999951e-01 -1.459000000000000010e-03
2.000000000000000000e+00 1.010000000000000000e+02 7.000000000000000000e+00 0.000000000000000000e+00 1.600000000000000089e+00 5.860000000000000408e-04 -5.074000000000000385e-03 9.999869999999999592e-01 8.835490000000000288e-01 4.683339999999999725e-01 1.858999999999999975e-03 -4.683379999999999765e-01 8.835370000000000168e-01 4.758000000000000076e-03
5.000000000000000000e+00 1.010000000000000000e+02 7.000000000000000000e+00 0.000000000000000000e+00 1.600000000000000089e+00 -3.086000000000000201e-03 2.216999999999999787e-03 9.999930000000000208e-01 8.828470000000000484e-01 4.696580000000000199e-01 1.683999999999999950e-03 -4.696509999999999851e-01 8.828460000000000196e-01 -3.406999999999999872e-03
2.000000000000000000e+00 2.500000000000000000e+01 8.000000000000000000e+00 0.000000000000000000e+00 1.600000000000000089e+00 -2.697000000000000178e-03 -6.832000000000000399e-03 -9.999730000000000008e-01 4.431350000000000011e-01 8.964250000000000274e-01 -7.320000000000000118e-03 8.964509999999999978e-01 -4.431430000000000091e-01 6.099999999999999737e-04
9.000000000000000000e+00 2.500000000000000000e+01 8.000000000000000000e+00 0.000000000000000000e+00 1.600000000000000089e+00 6.700000000000000226e-05 -1.626000000000000058e-03 -9.999989999999999712e-01 4.425220000000000264e-01 8.967559999999999976e-01 -1.428000000000000016e-03 8.967580000000000551e-01 -4.425209999999999977e-01 7.799999999999999859e-04
1.300000000000000000e+01 2.500000000000000000e+01 8.000000000000000000e+00 0.000000000000000000e+00 1.600000000000000089e+00 -3.184000000000000198e-03 -5.069999999999999854e-03 -9.999820000000000375e-01 4.431999999999999829e-01 8.964029999999999498e-01 -5.956000000000000356e-03 8.964170000000000194e-01 -4.432119999999999949e-01 -6.070000000000000092e-04
1.600000000000000000e+01 2.500000000000000000e+01 8.000000000000000000e+00 0.000000000000000000e+00 1.600000000000000089e+00 -1.806000000000000097e-03 -6.512999999999999692e-03 -9.999770000000000048e-01 4.443039999999999767e-01 8.958509999999999529e-01 -6.636999999999999671e-03 8.958739999999999482e-01 -4.443059999999999787e-01 1.276000000000000007e-03
1.900000000000000000e+01 2.500000000000000000e+01 8.000000000000000000e+00 0.000000000000000000e+00 1.600000000000000089e+00 1.979999999999999881e-04 -4.519999999999999712e-03 -9.999900000000000455e-01 4.444609999999999950e-01 8.957889999999999464e-01 -3.961000000000000111e-03 8.957979999999999832e-01 -4.444560000000000177e-01 2.186000000000000009e-03
2.200000000000000000e+01 2.500000000000000000e+01 8.000000000000000000e+00 0.000000000000000000e+00 1.600000000000000089e+00 1.099999999999999971e-05 -5.157000000000000126e-03 -9.999869999999999592e-01 4.438219999999999943e-01 8.961029999999999829e-01 -4.616000000000000311e-03 8.961149999999999949e-01 -4.438159999999999883e-01 2.298999999999999828e-03
2.600000000000000000e+01 2.500000000000000000e+01 8.000000000000000000e+00 0.000000000000000000e+00 1.600000000000000089e+00 -2.157000000000000063e-03 -5.191999999999999567e-03 -9.999839999999999840e-01 4.443239999999999967e-01 8.958490000000000064e-01 -5.610000000000000403e-03 8.958639999999999937e-01 -4.443289999999999740e-01 3.750000000000000078e-04
9.000000000000000000e+00 2.400000000000000000e+01 9.000000000000000000e+00 0.000000000000000000e+00 1.600000000000000089e+00 5.300000000000000078e-05 -2.262000000000000122e-03 -9.999970000000000248e-01 4.455450000000000244e-01 8.952569999999999695e-01 -2.001999999999999873e-03 8.952590000000000270e-01 -4.455439999999999956e-01 1.054999999999999948e-03
1.200000000000000000e+01 2.400000000000000000e+01 9.000000000000000000e+00 0.000000000000000000e+00 1.600000000000000089e+00 -2.554999999999999979e-03 -5.338999999999999996e-03 -9.999820000000000375e-01 4.458210000000000228e-01 8.951029999999999820e-01 -5.917999999999999650e-03 8.951179999999999692e-01 -4.458280000000000021e-01 9.399999999999999448e-05
1.800000000000000000e+01 2.400000000000000000e+01 9.000000000000000000e+00 0.000000000000000000e+00 1.600000000000000089e+00 -1.900000000000000105e-04 -5.165999999999999585e-03 -9.999869999999999592e-01 4.480529999999999791e-01 8.939949999999999841e-01 -4.703999999999999848e-03 8.940069999999999961e-01 -4.480480000000000018e-01 2.144000000000000072e-03
2.200000000000000000e+01 2.400000000000000000e+01 9.000000000000000000e+00 0.000000000000000000e+00 1.600000000000000089e+00 1.939999999999999993e-04 -5.330999999999999801e-03 -9.999860000000000415e-01 4.481609999999999761e-01 8.939399999999999569e-01 -4.678999999999999999e-03 8.939529999999999976e-01 -4.481539999999999968e-01 2.562000000000000041e-03
2.500000000000000000e+01 2.400000000000000000e+01 9.000000000000000000e+00 0.000000000000000000e+00 1.600000000000000089e+00 -1.907999999999999974e-03 -5.457000000000000045e-03 -9.999829999999999552e-01 4.483590000000000075e-01 8.938350000000000461e-01 -5.734000000000000381e-03 8.938509999999999511e-01 -4.483630000000000115e-01 7.410000000000000137e-04
3.000000000000000000e+01 2.400000000000000000e+01 9.000000000000000000e+00 0.000000000000000000e+00 1.600000000000000089e+00 -5.980000000000000072e-04 -1.023699999999999957e-02 -9.999470000000000303e-01 4.500680000000000236e-01 8.929449999999999887e-01 -9.409999999999999962e-03 8.929939999999999545e-01 -4.500500000000000056e-01 4.074000000000000364e-03
1.000000000000000000e+00 3.100000000000000000e+01 1.200000000000000000e+01 0.000000000000000000e+00 1.600000000000000089e+00 9.569999999999999514e-04 -6.977999999999999828e-03 9.999749999999999472e-01 1.016300000000000016e-02 9.999240000000000350e-01 6.968000000000000235e-03 -9.999479999999999480e-01 1.015600000000000010e-02 1.028000000000000051e-03
9.000000000000000000e+00 3.100000000000000000e+01 1.200000000000000000e+01 0.000000000000000000e+00 1.600000000000000089e+00 -1.710000000000000094e-04 2.970000000000000092e-04 1.000000000000000000e+00 1.915499999999999842e-02 9.998160000000000380e-01 -2.930000000000000204e-04 -9.998169999999999558e-01 1.915499999999999842e-02 -1.769999999999999926e-04
1.400000000000000000e+01 3.100000000000000000e+01 1.200000000000000000e+01 0.000000000000000000e+00 1.600000000000000089e+00 9.810000000000001011e-04 8.019999999999999785e-04 9.999989999999999712e-01 1.878600000000000061e-02 9.998230000000000173e-01 -8.199999999999999824e-04 -9.998230000000000173e-01 1.878700000000000161e-02 9.659999999999999533e-04
2.000000000000000000e+01 3.100000000000000000e+01 1.200000000000000000e+01 0.000000000000000000e+00 1.600000000000000089e+00 -1.778999999999999982e-03 1.201999999999999943e-03 9.999980000000000535e-01 1.934900000000000161e-02 9.998120000000000340e-01 -1.167000000000000069e-03 -9.998110000000000053e-01 1.934599999999999861e-02 -1.801999999999999999e-03
2.000000000000000000e+00 1.160000000000000000e+02 1.600000000000000000e+01 0.000000000000000000e+00 1.600000000000000089e+00 3.644000000000000104e-03 4.379000000000000080e-03 9.999839999999999840e-01 6.766889999999999850e-01 7.362469999999999848e-01 -5.689999999999999745e-03 -7.362600000000000255e-01 6.766980000000000217e-01 -2.799999999999999755e-04
1.200000000000000000e+01 1.160000000000000000e+02 1.600000000000000000e+01 0.000000000000000000e+00 1.600000000000000089e+00 3.669999999999999760e-04 -1.600000000000000077e-03 9.999989999999999712e-01 6.919859999999999900e-01 7.219109999999999694e-01 9.009999999999999997e-04 -7.219109999999999694e-01 6.919840000000000435e-01 1.371999999999999956e-03
1.500000000000000000e+01 1.160000000000000000e+02 1.600000000000000000e+01 0.000000000000000000e+00 1.600000000000000089e+00 4.203000000000000139e-03 3.272999999999999868e-03 9.999860000000000415e-01 6.963310000000000333e-01 7.177019999999999511e-01 -5.276000000000000308e-03 -7.177090000000000414e-01 6.963430000000000453e-01 7.380000000000000492e-04
2.100000000000000000e+01 1.160000000000000000e+02 1.600000000000000000e+01 0.000000000000000000e+00 1.600000000000000089e+00 -3.392000000000000050e-03 -3.412999999999999801e-03 9.999879999999999880e-01 6.803109999999999991e-01 7.329069999999999752e-01 4.808999999999999907e-03 -7.329149999999999832e-01 6.803200000000000358e-01 -1.640000000000000019e-04
3.000000000000000000e+00 2.000000000000000000e+00 1.900000000000000000e+01 0.000000000000000000e+00 1.600000000000000089e+00 -4.214999999999999997e-03 1.858599999999999836e-02 -9.998179999999999845e-01 1.937059999999999893e-01 -9.808750000000000524e-01 -1.905099999999999849e-02 -9.810510000000000064e-01 -1.937510000000000066e-01 5.339999999999999695e-04
9.000000000000000000e+00 2.000000000000000000e+00 1.900000000000000000e+01 0.000000000000000000e+00 1.600000000000000089e+00 4.538999999999999632e-03 -6.441999999999999810e-03 -9.999689999999999968e-01 1.996199999999999919e-01 -9.798470000000000235e-01 7.217999999999999590e-03 -9.798630000000000395e-01 -1.996469999999999911e-01 -3.161000000000000181e-03
1.300000000000000000e+01 2.000000000000000000e+00 1.900000000000000000e+01 0.000000000000000000e+00 1.600000000000000089e+00 2.710000000000000169e-03 -3.320000000000000034e-03 -9.999909999999999632e-01 1.980679999999999941e-01 -9.801809999999999690e-01 3.791000000000000099e-03 -9.801849999999999730e-01 -1.980760000000000021e-01 -1.998999999999999909e-03
1.700000000000000000e+01 2.000000000000000000e+00 1.900000000000000000e+01 0.000000000000000000e+00 1.600000000000000089e+00 2.739999999999999814e-03 1.271999999999999910e-03 -9.999949999999999672e-01 1.964210000000000123e-01 -9.805190000000000294e-01 -7.100000000000000191e-04 -9.805160000000000542e-01 -1.964180000000000093e-01 -2.935999999999999808e-03
2.200000000000000000e+01 2.000000000000000000e+00 1.900000000000000000e+01 0.000000000000000000e+00 1.600000000000000089e+00 -8.700000000000000051e-04 3.831999999999999903e-03 -9.999919999999999920e-01 1.914559999999999873e-01 -9.814929999999999488e-01 -3.928000000000000068e-03 -9.815009999999999568e-01 -1.914569999999999883e-01 1.200000000000000030e-04
2.500000000000000000e+01 2.000000000000000000e+00 1.900000000000000000e+01 0.000000000000000000e+00 1.600000000000000089e+00 -2.930000000000000204e-04 -1.142999999999999919e-03 -9.999989999999999712e-01 1.924569999999999892e-01 -9.813049999999999828e-01 1.064999999999999974e-03 -9.813049999999999828e-01 -1.924569999999999892e-01 5.079999999999999880e-04
2.800000000000000000e+01 2.000000000000000000e+00 1.900000000000000000e+01 0.000000000000000000e+00 1.600000000000000089e+00 1.369999999999999961e-04 -8.180000000000000422e-04 -1.000000000000000000e+00 1.935570000000000068e-01 -9.810889999999999889e-01 8.289999999999999843e-04 -9.810889999999999889e-01 -1.935570000000000068e-01 2.400000000000000061e-05
1.000000000000000000e+01 4.000000000000000000e+00 2.000000000000000000e+01 0.000000000000000000e+00 1.600000000000000089e+00 6.706000000000000155e-03 -2.347999999999999827e-03 -9.999749999999999472e-01 2.832950000000000190e-01 -9.590239999999999876e-01 4.151000000000000176e-03 -9.590090000000000003e-01 -2.833149999999999835e-01 -5.766000000000000292e-03
1.700000000000000000e+01 4.000000000000000000e+00 2.000000000000000000e+01 0.000000000000000000e+00 1.600000000000000089e+00 2.318000000000000182e-03 1.824000000000000100e-03 -9.999959999999999960e-01 2.879709999999999770e-01 -9.576390000000000180e-01 -1.079000000000000098e-03 -9.576360000000000428e-01 -2.879669999999999730e-01 -2.745000000000000044e-03
6.000000000000000000e+00 1.300000000000000000e+01 2.000000000000000000e+01 0.000000000000000000e+00 1.600000000000000089e+00 -4.673000000000000070e-03 -5.859999999999999758e-03 9.999719999999999720e-01 2.563280000000000003e-01 9.665660000000000363e-01 6.862000000000000044e-03 -9.665789999999999660e-01 2.563529999999999975e-01 -3.014999999999999885e-03
1.100000000000000000e+01 1.300000000000000000e+01 2.000000000000000000e+01 0.000000000000000000e+00 1.600000000000000089e+00 6.132000000000000298e-03 8.240000000000000796e-03 9.999470000000000303e-01 2.513210000000000166e-01 9.678569999999999673e-01 -9.516999999999999418e-03 -9.678839999999999666e-01 2.513670000000000071e-01 3.863999999999999813e-03
1.900000000000000000e+01 1.300000000000000000e+01 2.000000000000000000e+01 0.000000000000000000e+00 1.600000000000000089e+00 -6.799999999999999946e-05 -1.397999999999999937e-03 9.999989999999999712e-01 2.521660000000000013e-01 9.676829999999999599e-01 1.369999999999999907e-03 -9.676839999999999886e-01 2.521660000000000013e-01 2.869999999999999830e-04
2.200000000000000000e+01 1.300000000000000000e+01 2.000000000000000000e+01 0.000000000000000000e+00 1.600000000000000089e+00 -1.614999999999999899e-03 -4.519999999999999821e-04 9.999989999999999712e-01 2.533020000000000271e-01 9.673869999999999969e-01 8.459999999999999638e-04 -9.673859999999999681e-01 2.533030000000000004e-01 -1.448000000000000068e-03
2.800000000000000000e+01 1.300000000000000000e+01 2.000000000000000000e+01 0.000000000000000000e+00 1.600000000000000089e+00 -6.639999999999999852e-04 -3.601000000000000034e-03 9.999930000000000208e-01 2.527800000000000047e-01 9.675169999999999604e-01 3.651999999999999864e-03 -9.675240000000000506e-01 2.527809999999999779e-01 2.680000000000000090e-04
4.000000000000000000e+00 1.600000000000000000e+01 2.100000000000000000e+01 0.000000000000000000e+00 1.600000000000000089e+00 -1.062500000000000076e-02 -1.855000000000000052e-02 9.997709999999999653e-01 2.996699999999999919e-01 9.538140000000000507e-01 2.088200000000000126e-02 -9.539840000000000542e-01 2.998239999999999794e-01 -4.576000000000000206e-03
7.000000000000000000e+00 1.600000000000000000e+01 2.100000000000000000e+01 0.000000000000000000e+00 1.600000000000000089e+00 -2.456999999999999983e-03 -1.820000000000000057e-04 9.999970000000000248e-01 3.010820000000000163e-01 9.535979999999999457e-01 9.129999999999999661e-04 -9.535949999999999704e-01 3.010829999999999895e-01 -2.288999999999999802e-03
1.800000000000000000e+01 1.600000000000000000e+01 2.100000000000000000e+01 0.000000000000000000e+00 1.600000000000000089e+00 1.935000000000000088e-03 1.347000000000000107e-03 9.999970000000000248e-01 2.978089999999999904e-01 9.546240000000000281e-01 -1.863000000000000073e-03 -9.546240000000000281e-01 2.978120000000000211e-01 1.446000000000000020e-03
2.700000000000000000e+01 1.600000000000000000e+01 2.100000000000000000e+01 0.000000000000000000e+00 1.600000000000000089e+00 -1.134999999999999941e-03 -1.592000000000000099e-03 9.999980000000000535e-01 2.969220000000000192e-01 9.548999999999999710e-01 1.856999999999999927e-03 -9.549009999999999998e-01 2.969229999999999925e-01 -6.109999999999999980e-04
7.000000000000000000e+00 4.800000000000000000e+01 2.400000000000000000e+01 0.000000000000000000e+00 1.600000000000000089e+00 -2.854000000000000200e-03 -1.471000000000000085e-03 9.999949999999999672e-01 8.594770000000000465e-01 5.111639999999999517e-01 3.204999999999999950e-03 -5.111660000000000093e-01 8.594819999999999682e-01 -1.949999999999999965e-04
2.000000000000000000e+00 3.000000000000000000e+00 2.500000000000000000e+01 0.000000000000000000e+00 1.600000000000000089e+00 1.852099999999999927e-02 5.040000000000000209e-03 9.998160000000000380e-01 -5.904600000000000126e-02 -9.982360000000000122e-01 6.125000000000000236e-03 9.980830000000000535e-01 -5.914900000000000019e-02 -1.819000000000000131e-02
1.300000000000000000e+01 3.000000000000000000e+00 2.500000000000000000e+01 0.000000000000000000e+00 1.600000000000000089e+00 -1.270899999999999981e-02 -2.954000000000000029e-03 9.999149999999999983e-01 -5.699599999999999805e-02 -9.983680000000000332e-01 -3.674000000000000182e-03 9.982940000000000147e-01 -5.703799999999999842e-02 1.251999999999999988e-02
1.600000000000000000e+01 3.000000000000000000e+00 2.500000000000000000e+01 0.000000000000000000e+00 1.600000000000000089e+00 -9.329000000000000486e-03 -8.469999999999999881e-04 9.999559999999999560e-01 -5.165899999999999659e-02 -9.986639999999999961e-01 -1.327000000000000055e-03 9.986209999999999809e-01 -5.166899999999999965e-02 9.272999999999999993e-03
2.300000000000000000e+01 3.000000000000000000e+00 2.500000000000000000e+01 0.000000000000000000e+00 1.600000000000000089e+00 3.154999999999999818e-03 3.661000000000000192e-03 9.999879999999999880e-01 -5.013999999999999707e-02 -9.987350000000000394e-01 3.814999999999999815e-03 9.987369999999999859e-01 -5.015100000000000113e-02 -2.968000000000000152e-03
1.300000000000000000e+01 4.600000000000000000e+01 2.700000000000000000e+01 0.000000000000000000e+00 1.600000000000000089e+00 -1.438999999999999958e-03 2.454000000000000018e-03 -9.999959999999999960e-01 6.500310000000000255e-01 7.599069999999999991e-01 9.290000000000000297e-04 7.599059999999999704e-01 -6.500270000000000215e-01 -2.688999999999999984e-03
1.700000000000000000e+01 4.600000000000000000e+01 2.700000000000000000e+01 0.000000000000000000e+00 1.600000000000000089e+00 -1.155999999999999910e-03 7.450000000000000025e-04 -9.999989999999999712e-01 6.491710000000000536e-01 7.606429999999999580e-01 -1.830000000000000029e-04 7.606420000000000403e-01 -6.491700000000000248e-01 -1.363000000000000062e-03
2.200000000000000000e+01 4.600000000000000000e+01 2.700000000000000000e+01 0.000000000000000000e+00 1.600000000000000089e+00 -1.314999999999999980e-03 -1.644000000000000062e-03 -9.999980000000000535e-01 6.433079999999999909e-01 7.656049999999999800e-01 -2.105000000000000100e-03 7.656060000000000088e-01 -6.433090000000000197e-01 5.000000000000000240e-05
4.000000000000000000e+00 5.800000000000000000e+01 3.100000000000000000e+01 0.000000000000000000e+00 1.600000000000000089e+00 7.100000000000000462e-05 -1.113999999999999973e-03 9.999989999999999712e-01 -7.969479999999999897e-01 -6.040470000000000006e-01 -6.160000000000000111e-04 6.040470000000000006e-01 -7.969479999999999897e-01 -9.309999999999999699e-04
1.000000000000000000e+01 5.800000000000000000e+01 3.100000000000000000e+01 0.000000000000000000e+00 1.600000000000000089e+00 -1.265999999999999981e-03 1.399999999999999877e-04 9.999989999999999712e-01 -7.991390000000000438e-01 -6.011450000000000404e-01 -9.280000000000000054e-04 6.011450000000000404e-01 -7.991399999999999615e-01 8.720000000000000537e-04
1.700000000000000000e+01 5.800000000000000000e+01 3.100000000000000000e+01 0.000000000000000000e+00 1.600000000000000089e+00 -8.220000000000000310e-04 1.866000000000000037e-03 9.999980000000000535e-01 -8.017180000000000417e-01 -5.977019999999999555e-01 4.560000000000000251e-04 5.977019999999999555e-01 -8.017159999999999842e-01 1.987000000000000051e-03
2.200000000000000000e+01 5.800000000000000000e+01 3.100000000000000000e+01 0.000000000000000000e+00 1.600000000000000089e+00 -6.400000000000000524e-04 -2.866000000000000058e-03 9.999959999999999960e-01 -8.008459999999999468e-01 -5.988670000000000382e-01 -2.229000000000000078e-03 5.988710000000000422e-01 -8.008440000000000003e-01 -1.912000000000000071e-03
2.700000000000000000e+01 5.800000000000000000e+01 3.100000000000000000e+01 0.000000000000000000e+00 1.600000000000000089e+00 -1.480999999999999895e-03 -3.641999999999999838e-03 9.999919999999999920e-01 -7.987589999999999968e-01 -6.016409999999999814e-01 -3.373999999999999829e-03 6.016489999999999894e-01 -7.987579999999999680e-01 -2.017999999999999829e-03
3.000000000000000000e+00 4.600000000000000000e+01 3.500000000000000000e+01 0.000000000000000000e+00 1.600000000000000089e+00 -3.880000000000000202e-03 1.510999999999999973e-03 -9.999909999999999632e-01 3.886879999999999780e-01 -9.213649999999999896e-01 -2.899999999999999800e-03 -9.213609999999999856e-01 -3.886959999999999860e-01 2.987000000000000072e-03
9.000000000000000000e+00 4.600000000000000000e+01 3.500000000000000000e+01 0.000000000000000000e+00 1.600000000000000089e+00 1.855000000000000095e-03 2.799999999999999958e-05 -9.999980000000000535e-01 3.861609999999999765e-01 -9.224310000000000009e-01 6.899999999999999667e-04 -9.224290000000000544e-01 -3.861620000000000053e-01 -1.722000000000000006e-03
1.200000000000000000e+01 4.600000000000000000e+01 3.500000000000000000e+01 0.000000000000000000e+00 1.600000000000000089e+00 1.962999999999999901e-03 4.416999999999999919e-03 -9.999879999999999880e-01 3.855310000000000126e-01 -9.226889999999999814e-01 -3.318999999999999902e-03 -9.226929999999999854e-01 -3.855199999999999738e-01 -3.514000000000000196e-03
2.200000000000000000e+01 4.600000000000000000e+01 3.500000000000000000e+01 0.000000000000000000e+00 1.600000000000000089e+00 1.330000000000000073e-04 -3.778999999999999807e-03 -9.999930000000000208e-01 3.870609999999999884e-01 -9.220469999999999500e-01 3.536000000000000081e-03 -9.220540000000000402e-01 -3.870589999999999864e-01 1.340000000000000045e-03
2.800000000000000000e+01 4.600000000000000000e+01 3.500000000000000000e+01 0.000000000000000000e+00 1.600000000000000089e+00 -1.097000000000000102e-03 -4.429999999999999802e-04 -9.999989999999999712e-01 3.858719999999999928e-01 -9.225520000000000387e-01 -1.500000000000000038e-05 -9.225520000000000387e-01 -3.858710000000000195e-01 1.183000000000000024e-03
2.000000000000000000e+00 9.500000000000000000e+01 3.600000000000000000e+01 0.000000000000000000e+00 1.600000000000000089e+00 -9.114000000000000573e-03 -1.276900000000000084e-02 9.998770000000000158e-01 9.980569999999999720e-01 6.151299999999999824e-02 9.882999999999999424e-03 -6.163199999999999928e-02 9.980250000000000510e-01 1.218299999999999939e-02
1.200000000000000000e+01 9.500000000000000000e+01 3.600000000000000000e+01 0.000000000000000000e+00 1.600000000000000089e+00 -2.883999999999999845e-03 -1.355699999999999961e-02 9.999040000000000150e-01 9.984979999999999967e-01 5.467299999999999938e-02 3.621000000000000087e-03 -5.471700000000000175e-02 9.984119999999999662e-01 1.337900000000000027e-02
1.900000000000000000e+01 9.500000000000000000e+01 3.600000000000000000e+01 0.000000000000000000e+00 1.600000000000000089e+00 -7.069999999999999462e-04 4.839000000000000419e-03 9.999879999999999880e-01 9.983009999999999939e-01 5.826499999999999735e-02 4.229999999999999819e-04 -5.826300000000000229e-02 9.982889999999999819e-01 -4.871999999999999595e-03
2.200000000000000000e+01 9.500000000000000000e+01 3.600000000000000000e+01 0.000000000000000000e+00 1.600000000000000089e+00 4.090000000000000211e-04 7.114999999999999797e-03 9.999749999999999472e-01 9.982210000000000250e-01 5.962300000000000239e-02 -8.319999999999999488e-04 -5.962699999999999945e-02 9.981959999999999722e-01 -7.078000000000000090e-03
8.000000000000000000e+00 3.000000000000000000e+00 4.300000000000000000e+01 0.000000000000000000e+00 1.600000000000000089e+00 1.492500000000000077e-02 -1.328599999999999920e-02 -9.998000000000000220e-01 7.317820000000000435e-01 -6.812460000000000182e-01 1.997700000000000170e-02 -6.813749999999999529e-01 -7.319339999999999735e-01 -4.449999999999999746e-04
6.000000000000000000e+00 2.900000000000000000e+01 4.400000000000000000e+01 0.000000000000000000e+00 1.600000000000000089e+00 7.060000000000000303e-04 5.170000000000000116e-03 -9.999860000000000415e-01 6.590489999999999959e-01 7.520869999999999500e-01 4.353000000000000098e-03 7.520999999999999908e-01 -6.590430000000000454e-01 -2.876999999999999783e-03
1.000000000000000000e+01 2.900000000000000000e+01 4.400000000000000000e+01 0.000000000000000000e+00 1.600000000000000089e+00 1.649999999999999991e-04 -2.337999999999999801e-03 -9.999970000000000248e-01 6.682090000000000529e-01 7.439719999999999667e-01 -1.629000000000000023e-03 7.439740000000000242e-01 -6.682069999999999954e-01 1.685000000000000083e-03
1.400000000000000000e+01 2.900000000000000000e+01 4.400000000000000000e+01 0.000000000000000000e+00 1.600000000000000089e+00 -1.289999999999999914e-04 -2.090999999999999977e-03 -9.999980000000000535e-01 6.657469999999999777e-01 7.461750000000000327e-01 -1.645999999999999894e-03 7.461769999999999792e-01 -6.657459999999999489e-01 1.296000000000000060e-03
1.900000000000000000e+01 2.900000000000000000e+01 4.400000000000000000e+01 0.000000000000000000e+00 1.600000000000000089e+00 6.310000000000000504e-04 -3.393000000000000183e-03 -9.999940000000000495e-01 6.660700000000000509e-01 7.458869999999999667e-01 -2.109999999999999896e-03 7.458890000000000242e-01 -6.660639999999999894e-01 2.730999999999999921e-03
2.500000000000000000e+01 2.900000000000000000e+01 4.400000000000000000e+01 0.000000000000000000e+00 1.600000000000000089e+00 1.335999999999999948e-03 -1.892999999999999934e-03 -9.999970000000000248e-01 6.683590000000000364e-01 7.438390000000000279e-01 -5.150000000000000498e-04 7.438379999999999992e-01 -6.683569999999999789e-01 2.259000000000000157e-03
1.300000000000000000e+01 5.000000000000000000e+00 5.100000000000000000e+01 0.000000000000000000e+00 1.600000000000000089e+00 -2.258000000000000024e-03 -5.738000000000000045e-03 -9.999810000000000088e-01 4.851849999999999774e-01 -8.744020000000000126e-01 3.922000000000000139e-03 -8.744079999999999631e-01 -4.851670000000000149e-01 4.758000000000000076e-03
2.100000000000000000e+01 5.000000000000000000e+00 5.100000000000000000e+01 0.000000000000000000e+00 1.600000000000000089e+00 7.699999999999999597e-04 -9.672000000000000042e-03 -9.999529999999999808e-01 4.865900000000000225e-01 -8.735859999999999737e-01 8.824000000000000246e-03 -8.736300000000000177e-01 -4.865740000000000065e-01 4.033000000000000126e-03
2.600000000000000000e+01 5.000000000000000000e+00 5.100000000000000000e+01 0.000000000000000000e+00 1.600000000000000089e+00 9.929999999999999591e-04 2.416999999999999878e-03 -9.999970000000000248e-01 4.905240000000000156e-01 -8.714260000000000339e-01 -1.618999999999999996e-03 -8.714269999999999516e-01 -4.905200000000000116e-01 -2.050999999999999872e-03
1.700000000000000000e+01 6.000000000000000000e+00 5.100000000000000000e+01 0.000000000000000000e+00 1.600000000000000089e+00 -3.667999999999999820e-03 -9.915999999999999467e-03 -9.999440000000000550e-01 3.111530000000000129e-01 -9.503239999999999466e-01 8.281999999999999432e-03 -9.503530000000000033e-01 -3.111050000000000204e-01 6.570999999999999584e-03
2.000000000000000000e+00 6.300000000000000000e+01 5.400000000000000000e+01 0.000000000000000000e+00 1.600000000000000089e+00 -9.349999999999999587e-04 -3.266999999999999939e-03 9.999940000000000495e-01 -3.568640000000000145e-01 9.341519999999999824e-01 2.717999999999999930e-03 -9.341559999999999864e-01 -3.568600000000000105e-01 -2.039000000000000014e-03
7.000000000000000000e+00 6.300000000000000000e+01 5.400000000000000000e+01 0.000000000000000000e+00 1.600000000000000089e+00 -6.800000000000000488e-04 -1.366999999999999943e-03 9.999989999999999712e-01 -3.518760000000000221e-01 9.360460000000000447e-01 1.041000000000000042e-03 -9.360460000000000447e-01 -3.518749999999999933e-01 -1.118000000000000070e-03
1.200000000000000000e+01 6.300000000000000000e+01 5.400000000000000000e+01 0.000000000000000000e+00 1.600000000000000089e+00 1.776999999999999934e-03 -2.310000000000000042e-04 9.999980000000000535e-01 -3.531670000000000087e-01 9.355599999999999472e-01 8.429999999999999993e-04 -9.355590000000000295e-01 -3.531670000000000087e-01 1.580999999999999940e-03
1.600000000000000000e+01 6.300000000000000000e+01 5.400000000000000000e+01 0.000000000000000000e+00 1.600000000000000089e+00 1.134000000000000025e-03 -1.142999999999999919e-03 9.999989999999999712e-01 -3.537680000000000269e-01 9.353320000000000523e-01 1.471000000000000085e-03 -9.353320000000000523e-01 -3.537690000000000001e-01 6.570000000000000319e-04
2.000000000000000000e+01 6.300000000000000000e+01 5.400000000000000000e+01 0.000000000000000000e+00 1.600000000000000089e+00 -9.129999999999999661e-04 -4.960000000000000216e-04 9.999989999999999712e-01 -3.517239999999999811e-01 9.361040000000000472e-01 1.430000000000000064e-04 -9.361030000000000184e-01 -3.517239999999999811e-01 -1.028999999999999967e-03
2.600000000000000000e+01 6.300000000000000000e+01 5.400000000000000000e+01 0.000000000000000000e+00 1.600000000000000089e+00 -1.479999999999999925e-04 2.611000000000000040e-03 9.999970000000000248e-01 -3.503479999999999928e-01 9.366160000000000041e-01 -2.497999999999999787e-03 -9.366200000000000081e-01 -3.503470000000000195e-01 7.759999999999999971e-04
2.900000000000000000e+01 6.300000000000000000e+01 5.400000000000000000e+01 0.000000000000000000e+00 1.600000000000000089e+00 -1.845000000000000069e-03 2.782999999999999884e-03 9.999940000000000495e-01 -3.478010000000000268e-01 9.375630000000000353e-01 -3.250999999999999984e-03 -9.375670000000000393e-01 -3.478049999999999753e-01 -7.619999999999999820e-04
1.000000000000000000e+01 7.600000000000000000e+01 5.600000000000000000e+01 0.000000000000000000e+00 1.600000000000000089e+00 -1.789999999999999870e-04 -4.126000000000000327e-03 -9.999909999999999632e-01 -1.191470000000000029e-01 9.928679999999999728e-01 -4.074999999999999629e-03 9.928770000000000095e-01 1.191450000000000009e-01 -6.689999999999999983e-04
1.200000000000000000e+01 2.000000000000000000e+01 6.000000000000000000e+01 0.000000000000000000e+00 1.600000000000000089e+00 -1.423000000000000003e-03 5.240999999999999999e-03 9.999850000000000128e-01 -6.400999999999999746e-02 9.979350000000000165e-01 -5.321000000000000209e-03 -9.979479999999999462e-01 -6.401700000000000446e-02 -1.083999999999999894e-03
3.000000000000000000e+00 2.100000000000000000e+01 6.000000000000000000e+01 0.000000000000000000e+00 1.600000000000000089e+00 -1.556000000000000091e-03 -2.534999999999999927e-03 9.999959999999999960e-01 -9.481799999999999951e-02 9.954920000000000435e-01 2.376000000000000074e-03 -9.954929999999999612e-01 -9.481399999999999550e-02 -1.789999999999999925e-03
8.000000000000000000e+00 2.100000000000000000e+01 6.000000000000000000e+01 0.000000000000000000e+00 1.600000000000000089e+00 -1.230000000000000082e-04 4.351999999999999966e-03 9.999909999999999632e-01 -9.471000000000000252e-02 9.954950000000000188e-01 -4.343999999999999771e-03 -9.955049999999999732e-01 -9.470900000000000152e-02 2.900000000000000017e-04
1.700000000000000000e+01 2.100000000000000000e+01 6.000000000000000000e+01 0.000000000000000000e+00 1.600000000000000089e+00 -1.840000000000000001e-04 7.310999999999999791e-03 9.999730000000000008e-01 -9.503699999999999648e-02 9.954469999999999708e-01 -7.296000000000000402e-03 -9.954739999999999700e-01 -9.503599999999999548e-02 5.109999999999999525e-04
2.000000000000000000e+01 2.100000000000000000e+01 6.000000000000000000e+01 0.000000000000000000e+00 1.600000000000000089e+00 7.370000000000000249e-04 6.047000000000000292e-03 9.999810000000000088e-01 -9.658899999999999431e-02 9.953070000000000528e-01 -5.948000000000000162e-03 -9.953239999999999865e-01 -9.658300000000000218e-02 1.317999999999999944e-03
2.400000000000000000e+01 2.100000000000000000e+01 6.000000000000000000e+01 0.000000000000000000e+00 1.600000000000000089e+00 3.499999999999999693e-05 -5.597999999999999678e-03 9.999839999999999840e-01 -9.634900000000000408e-02 9.953319999999999945e-01 5.575000000000000094e-03 -9.953480000000000105e-01 -9.634700000000000208e-02 -5.050000000000000235e-04
3.000000000000000000e+01 2.100000000000000000e+01 6.000000000000000000e+01 0.000000000000000000e+00 1.600000000000000089e+00 1.712999999999999896e-03 9.601999999999999424e-03 9.999519999999999520e-01 -9.132200000000000040e-02 9.957770000000000232e-01 -9.405000000000000165e-03 -9.958200000000000385e-01 -9.130099999999999327e-02 2.582999999999999793e-03
6.000000000000000000e+00 4.500000000000000000e+01 6.200000000000000000e+01 0.000000000000000000e+00 1.600000000000000089e+00 -1.763100000000000084e-02 2.487500000000000128e-02 -9.995349999999999513e-01 -6.101100000000000412e-01 -7.922660000000000258e-01 -8.954000000000000153e-03 -7.921209999999999640e-01 6.096679999999999877e-01 2.914500000000000077e-02
6.000000000000000000e+00 2.700000000000000000e+01 6.300000000000000000e+01 0.000000000000000000e+00 1.600000000000000089e+00 -1.662000000000000066e-03 1.090400000000000050e-02 9.999390000000000223e-01 -2.517619999999999858e-01 9.677270000000000039e-01 -1.097099999999999985e-02 -9.677879999999999816e-01 -2.517650000000000166e-01 1.136999999999999990e-03
1.200000000000000000e+01 2.700000000000000000e+01 6.300000000000000000e+01 0.000000000000000000e+00 1.600000000000000089e+00 3.600000000000000227e-04 -1.873199999999999865e-02 9.998240000000000460e-01 -2.662080000000000002e-01 9.637449999999999628e-01 1.815200000000000147e-02 -9.639149999999999663e-01 -2.661680000000000157e-01 -4.640000000000000027e-03
1.500000000000000000e+01 2.700000000000000000e+01 6.300000000000000000e+01 0.000000000000000000e+00 1.600000000000000089e+00 1.144000000000000052e-03 -5.544000000000000317e-03 9.999839999999999840e-01 -2.662740000000000107e-01 9.638809999999999878e-01 5.649000000000000375e-03 -9.638970000000000038e-01 -2.662760000000000127e-01 -3.730000000000000134e-04
2.200000000000000000e+01 2.700000000000000000e+01 6.300000000000000000e+01 0.000000000000000000e+00 1.600000000000000089e+00 7.860000000000000233e-04 4.556000000000000154e-03 9.999890000000000168e-01 -2.666009999999999769e-01 9.637980000000000436e-01 -4.180999999999999821e-03 -9.638069999999999693e-01 -2.665939999999999976e-01 1.971999999999999795e-03
7.000000000000000000e+00 4.400000000000000000e+01 6.300000000000000000e+01 0.000000000000000000e+00 1.600000000000000089e+00 -1.371200000000000023e-02 3.664200000000000096e-02 -9.992339999999999556e-01 -6.813569999999999904e-01 -7.317420000000000035e-01 -1.748299999999999854e-02 -7.318219999999999725e-01 6.805959999999999788e-01 3.500000000000000333e-02
1.300000000000000000e+01 4.400000000000000000e+01 6.300000000000000000e+01 0.000000000000000000e+00 1.600000000000000089e+00 2.440399999999999861e-02 -1.156689999999999940e-01 -9.929879999999999818e-01 -7.339820000000000233e-01 -6.764459999999999917e-01 6.075699999999999851e-02 -6.787300000000000555e-01 7.273530000000000273e-01 -1.014069999999999971e-01
8.000000000000000000e+00 2.600000000000000000e+01 6.400000000000000000e+01 0.000000000000000000e+00 1.600000000000000089e+00 -2.419999999999999842e-03 -6.486999999999999711e-03 9.999759999999999760e-01 -3.534019999999999939e-01 9.354569999999999830e-01 5.212999999999999752e-03 -9.354679999999999662e-01 -3.533810000000000007e-01 -4.557000000000000287e-03
1.100000000000000000e+01 2.600000000000000000e+01 6.400000000000000000e+01 0.000000000000000000e+00 1.600000000000000089e+00 1.253999999999999906e-03 -1.301599999999999979e-02 9.999149999999999983e-01 -3.546449999999999880e-01 9.349159999999999693e-01 1.261499999999999948e-02 -9.350000000000000533e-01 -3.546309999999999740e-01 -3.444000000000000013e-03
2.200000000000000000e+01 2.600000000000000000e+01 6.400000000000000000e+01 0.000000000000000000e+00 1.600000000000000089e+00 5.779999999999999548e-04 3.756999999999999923e-03 9.999930000000000208e-01 -3.478899999999999770e-01 9.375299999999999745e-01 -3.321999999999999866e-03 -9.375350000000000072e-01 -3.478849999999999998e-01 1.848999999999999949e-03
2.600000000000000000e+01 2.600000000000000000e+01 6.400000000000000000e+01 0.000000000000000000e+00 1.600000000000000089e+00 7.899999999999999579e-05 5.609000000000000270e-03 9.999839999999999840e-01 -3.467580000000000107e-01 9.379399999999999959e-01 -5.232999999999999804e-03 -9.379549999999999832e-01 -3.467520000000000047e-01 2.018999999999999961e-03
3.000000000000000000e+01 2.600000000000000000e+01 6.400000000000000000e+01 0.000000000000000000e+00 1.600000000000000089e+00 -3.510000000000000208e-04 8.193999999999999895e-03 9.999660000000000215e-01 -3.470269999999999744e-01 9.378220000000000445e-01 -7.805999999999999571e-03 -9.378549999999999942e-01 -3.470190000000000219e-01 2.514999999999999875e-03
8.000000000000000000e+00 4.300000000000000000e+01 6.400000000000000000e+01 0.000000000000000000e+00 1.600000000000000089e+00 -4.723999999999999901e-03 2.085499999999999854e-02 -9.997709999999999653e-01 -7.291879999999999473e-01 -6.842279999999999474e-01 -1.082800000000000082e-02 -6.842970000000000441e-01 7.289700000000000069e-01 1.844000000000000153e-02
6.000000000000000000e+00 3.200000000000000000e+01 6.600000000000000000e+01 0.000000000000000000e+00 1.600000000000000089e+00 -7.189000000000000078e-03 1.286600000000000070e-02 -9.998909999999999743e-01 -8.649329999999999519e-01 -5.018860000000000543e-01 -2.390000000000000089e-04 -5.018350000000000311e-01 8.648379999999999956e-01 1.473600000000000083e-02
2.000000000000000000e+00 2.500000000000000000e+01 7.400000000000000000e+01 0.000000000000000000e+00 1.600000000000000089e+00 2.567999999999999970e-03 -1.033000000000000064e-03 9.999959999999999960e-01 8.220370000000000177e-01 -5.694280000000000452e-01 -2.700000000000000143e-03 5.694289999999999630e-01 8.220399999999999929e-01 -6.130000000000000466e-04
1.200000000000000000e+01 2.500000000000000000e+01 7.400000000000000000e+01 0.000000000000000000e+00 1.600000000000000089e+00 -5.499999999999999681e-03 -3.534999999999999948e-03 9.999789999999999512e-01 8.230910000000000171e-01 -5.679030000000000467e-01 2.520000000000000104e-03 5.678819999999999979e-01 8.230880000000000418e-01 6.033000000000000168e-03
