4.000000000000000000e+00 2.500000000000000000e+01 1.000000000000000000e+00 0.000000000000000000e+00 1.600000000000000089e+00 9.060000000000000128e-04 -2.093999999999999941e-03 -9.999970000000000248e-01 -5.271519999999999539e-01 -8.497700000000000253e-01 1.301000000000000073e-03 -8.497710000000000541e-01 5.271489999999999787e-01 -1.874000000000000015e-03
2.300000000000000000e+01 2.500000000000000000e+01 1.000000000000000000e+00 0.000000000000000000e+00 1.600000000000000089e+00 8.670000000000000406e-04 -9.076000000000000734e-03 -9.999580000000000135e-01 -5.267969999999999597e-01 -8.499600000000000488e-01 7.257000000000000429e-03 -8.499910000000000521e-01 5.267690000000000428e-01 -5.518000000000000335e-03
5.000000000000000000e+00 1.500000000000000000e+01 4.000000000000000000e+00 0.000000000000000000e+00 1.600000000000000089e+00 5.999999999999999474e-04 -8.009999999999999542e-04 9.999989999999999712e-01 3.298780000000000046e-01 -9.440229999999999455e-01 -9.539999999999999869e-04 9.440229999999999455e-01 3.298780000000000046e-01 -3.020000000000000223e-04
8.000000000000000000e+00 1.500000000000000000e+01 4.000000000000000000e+00 0.000000000000000000e+00 1.600000000000000089e+00 -6.369999999999999794e-04 3.408000000000000005e-03 9.999940000000000495e-01 3.286189999999999944e-01 -9.444559999999999622e-01 3.428000000000000057e-03 9.444620000000000237e-01 3.286189999999999944e-01 -5.180000000000000143e-04
1.400000000000000000e+01 1.500000000000000000e+01 4.000000000000000000e+00 0.000000000000000000e+00 1.600000000000000089e+00 -8.520000000000000013e-04 4.939999999999999730e-04 1.000000000000000000e+00 3.234870000000000245e-01 -9.462319999999999620e-01 7.429999999999999539e-04 9.462319999999999620e-01 3.234879999999999978e-01 6.470000000000000057e-04
1.900000000000000000e+01 1.500000000000000000e+01 4.000000000000000000e+00 0.000000000000000000e+00 1.600000000000000089e+00 -2.020000000000000040e-04 4.759000000000000209e-03 9.999890000000000168e-01 3.231370000000000076e-01 -9.463409999999999878e-01 4.569000000000000145e-03 9.463519999999999710e-01 3.231350000000000056e-01 -1.347000000000000107e-03
2.600000000000000000e+01 1.500000000000000000e+01 4.000000000000000000e+00 0.000000000000000000e+00 1.600000000000000089e+00 2.575000000000000032e-03 1.093099999999999974e-02 9.999369999999999647e-01 3.214500000000000135e-01 -9.468790000000000262e-01 9.523000000000000215e-03 9.469229999999999592e-01 3.214049999999999963e-01 -5.951999999999999826e-03
1.700000000000000000e+01 1.010000000000000000e+02 7.000000000000000000e+00 0.000000000000000000e+00 1.600000000000000089e+00 1.722999999999999922e-03 -8.260000000000000198e-04 9.999980000000000535e-01 8.858070000000000110e-01 4.640529999999999933e-01 -1.142999999999999919e-03 -4.640509999999999913e-01 8.858070000000000110e-01 1.531000000000000026e-03
2.100000000000000000e+01 1.010000000000000000e+02 7.000000000000000000e+00 0.000000000000000000e+00 1.600000000000000089e+00 5.584999999999999687e-03 -1.578299999999999842e-02 9.998599999999999710e-01 8.907800000000000162e-01 4.544290000000000274e-01 2.197000000000000168e-03 -4.544000000000000261e-01 8.906429999999999625e-01 1.659700000000000064e-02
2.500000000000000000e+01 1.010000000000000000e+02 7.000000000000000000e+00 0.000000000000000000e+00 1.600000000000000089e+00 -1.002000000000000069e-03 1.300100000000000040e-02 9.999149999999999983e-01 8.917509999999999604e-01 4.525000000000000133e-01 -4.989999999999999644e-03 -4.525259999999999838e-01 8.916699999999999626e-01 -1.204700000000000042e-02
3.000000000000000000e+00 2.500000000000000000e+01 8.000000000000000000e+00 0.000000000000000000e+00 1.600000000000000089e+00 -3.440000000000000132e-04 -5.000000000000000104e-03 -9.999869999999999592e-01 4.530139999999999723e-01 8.914910000000000334e-01 -4.612999999999999913e-03 8.915030000000000454e-01 -4.530100000000000238e-01 1.958000000000000105e-03
1.200000000000000000e+01 2.500000000000000000e+01 8.000000000000000000e+00 0.000000000000000000e+00 1.600000000000000089e+00 -2.072000000000000057e-03 4.493999999999999731e-03 -9.999879999999999880e-01 4.517149999999999777e-01 8.921569999999999778e-01 3.073999999999999910e-03 8.921599999999999531e-01 -4.517030000000000212e-01 -3.877999999999999937e-03
1.600000000000000000e+01 2.500000000000000000e+01 8.000000000000000000e+00 0.000000000000000000e+00 1.600000000000000089e+00 -2.942000000000000171e-03 2.452000000000000186e-03 -9.999930000000000208e-01 4.490430000000000255e-01 8.935100000000000264e-01 8.700000000000000051e-04 8.935049999999999937e-01 -4.490370000000000195e-01 -3.729999999999999809e-03
2.000000000000000000e+01 2.500000000000000000e+01 8.000000000000000000e+00 0.000000000000000000e+00 1.600000000000000089e+00 -1.448999999999999984e-03 -4.667000000000000141e-03 -9.999879999999999880e-01 4.484500000000000153e-01 8.937950000000000061e-01 -4.820999999999999765e-03 8.938070000000000181e-01 -4.484509999999999885e-01 7.979999999999999897e-04
2.700000000000000000e+01 2.500000000000000000e+01 8.000000000000000000e+00 0.000000000000000000e+00 1.600000000000000089e+00 -1.868000000000000086e-03 -2.837999999999999811e-03 -9.999940000000000495e-01 4.510890000000000177e-01 8.924729999999999608e-01 -3.376000000000000095e-03 8.924769999999999648e-01 -4.510919999999999930e-01 -3.869999999999999742e-04
4.000000000000000000e+00 2.400000000000000000e+01 9.000000000000000000e+00 0.000000000000000000e+00 1.600000000000000089e+00 -6.070000000000000092e-04 -4.893999999999999913e-03 -9.999879999999999880e-01 4.557280000000000220e-01 8.901069999999999816e-01 -4.632999999999999965e-03 8.901189999999999936e-01 -4.557249999999999912e-01 1.690000000000000096e-03
1.100000000000000000e+01 2.400000000000000000e+01 9.000000000000000000e+00 0.000000000000000000e+00 1.600000000000000089e+00 -1.435999999999999993e-03 4.503000000000000058e-03 -9.999890000000000168e-01 4.567840000000000233e-01 8.895710000000000006e-01 3.350000000000000113e-03 8.895760000000000334e-01 -4.567740000000000133e-01 -3.334000000000000158e-03
1.800000000000000000e+01 2.400000000000000000e+01 9.000000000000000000e+00 0.000000000000000000e+00 1.600000000000000089e+00 -1.317999999999999944e-03 -1.423000000000000003e-03 -9.999980000000000535e-01 4.525319999999999898e-01 8.917460000000000386e-01 -1.864999999999999904e-03 8.917469999999999564e-01 -4.525339999999999918e-01 -5.310000000000000050e-04
2.000000000000000000e+01 2.400000000000000000e+01 9.000000000000000000e+00 0.000000000000000000e+00 1.600000000000000089e+00 -1.533999999999999990e-03 -6.176000000000000066e-03 -9.999799999999999800e-01 4.524909999999999766e-01 8.917469999999999564e-01 -6.200999999999999915e-03 8.917669999999999764e-01 -4.524920000000000053e-01 1.427000000000000100e-03
2.600000000000000000e+01 2.400000000000000000e+01 9.000000000000000000e+00 0.000000000000000000e+00 1.600000000000000089e+00 -1.838000000000000007e-03 1.530000000000000056e-04 -9.999980000000000535e-01 4.546180000000000221e-01 8.906859999999999777e-01 -6.989999999999999686e-04 8.906849999999999490e-01 -4.546180000000000221e-01 -1.706000000000000051e-03
1.700000000000000000e+01 4.000000000000000000e+00 1.100000000000000000e+01 0.000000000000000000e+00 1.600000000000000089e+00 3.547199999999999659e-02 -2.319219999999999893e-01 -9.720870000000000344e-01 8.176600000000000534e-02 9.701119999999999743e-01 -2.284670000000000034e-01 9.960200000000000164e-01 -7.137899999999999801e-02 5.337499999999999883e-02
2.500000000000000000e+01 4.000000000000000000e+00 1.100000000000000000e+01 0.000000000000000000e+00 1.600000000000000089e+00 -4.290000000000000063e-02 8.035799999999999887e-02 -9.958430000000000337e-01 1.541130000000000000e-01 9.853619999999999601e-01 7.287299999999999334e-02 9.871210000000000262e-01 -1.503460000000000074e-01 -5.465600000000000319e-02
7.000000000000000000e+00 3.100000000000000000e+01 1.200000000000000000e+01 0.000000000000000000e+00 1.600000000000000089e+00 2.577999999999999996e-03 5.539999999999999786e-03 9.999810000000000088e-01 -7.316999999999999720e-03 9.999580000000000135e-01 -5.520999999999999866e-03 -9.999700000000000255e-01 -7.302999999999999596e-03 2.618000000000000101e-03
2.500000000000000000e+01 3.100000000000000000e+01 1.200000000000000000e+01 0.000000000000000000e+00 1.600000000000000089e+00 -2.588000000000000023e-03 -1.499400000000000038e-02 9.998839999999999950e-01 -1.277499999999999990e-02 9.998059999999999725e-01 1.495999999999999934e-02 -9.999149999999999983e-01 -1.273400000000000053e-02 -2.778999999999999786e-03
2.000000000000000000e+00 3.500000000000000000e+01 1.200000000000000000e+01 0.000000000000000000e+00 1.600000000000000089e+00 1.118899999999999929e-02 -1.341299999999999958e-02 -9.998470000000000413e-01 4.840559999999999863e-01 -8.748690000000000078e-01 1.715300000000000158e-02 -8.749649999999999928e-01 -4.841739999999999933e-01 -3.297000000000000017e-03
7.000000000000000000e+00 3.500000000000000000e+01 1.200000000000000000e+01 0.000000000000000000e+00 1.600000000000000089e+00 5.622000000000000261e-03 -1.471000000000000085e-03 -9.999829999999999552e-01 5.121029999999999749e-01 -8.589139999999999553e-01 4.141999999999999849e-03 -8.589059999999999473e-01 -5.121179999999999621e-01 -4.075999999999999762e-03
1.300000000000000000e+01 3.500000000000000000e+01 1.200000000000000000e+01 0.000000000000000000e+00 1.600000000000000089e+00 -6.315000000000000301e-03 4.690000000000000158e-04 -9.999799999999999800e-01 4.929439999999999933e-01 -8.700539999999999941e-01 -3.520999999999999824e-03 -8.700379999999999781e-01 -4.929560000000000053e-01 5.263999999999999582e-03
2.300000000000000000e+01 3.500000000000000000e+01 1.200000000000000000e+01 0.000000000000000000e+00 1.600000000000000089e+00 5.294000000000000095e-03 -5.976999999999999674e-03 -9.999679999999999680e-01 5.007329999999999837e-01 -8.655659999999999465e-01 7.823999999999999358e-03 -8.655859999999999665e-01 -5.007580000000000364e-01 -1.590000000000000050e-03
2.000000000000000000e+01 3.200000000000000000e+01 1.400000000000000000e+01 0.000000000000000000e+00 1.600000000000000089e+00 2.410000000000000033e-04 3.071799999999999878e-02 -9.995279999999999720e-01 1.044780000000000014e-01 9.940569999999999684e-01 3.057500000000000148e-02 9.945270000000000499e-01 -1.044360000000000011e-01 -2.969999999999999984e-03
2.600000000000000000e+01 3.200000000000000000e+01 1.400000000000000000e+01 0.000000000000000000e+00 1.600000000000000089e+00 -4.879999999999999898e-04 -2.210799999999999918e-02 -9.997549999999999493e-01 1.062349999999999961e-01 9.940970000000000084e-01 -2.203499999999999903e-02 9.943410000000000304e-01 -1.062199999999999950e-01 1.863999999999999988e-03
2.000000000000000000e+00 1.200000000000000000e+01 1.500000000000000000e+01 0.000000000000000000e+00 1.600000000000000089e+00 6.662000000000000387e-03 1.761599999999999971e-02 -9.998230000000000173e-01 -4.995120000000000116e-01 -8.661069999999999602e-01 -1.858800000000000036e-02 -8.662809999999999677e-01 4.995479999999999920e-01 3.029000000000000008e-03
1.000000000000000000e+01 1.200000000000000000e+01 1.500000000000000000e+01 0.000000000000000000e+00 1.600000000000000089e+00 -8.660000000000000163e-04 -1.251400000000000082e-02 -9.999209999999999487e-01 -4.775150000000000228e-01 -8.785490000000000244e-01 1.140799999999999974e-02 -8.786230000000000429e-01 4.774880000000000235e-01 -5.213999999999999885e-03
2.600000000000000000e+01 1.200000000000000000e+01 1.500000000000000000e+01 0.000000000000000000e+00 1.600000000000000089e+00 1.677000000000000105e-03 6.852999999999999717e-03 -9.999749999999999472e-01 -4.792460000000000053e-01 -8.776540000000000452e-01 -6.818000000000000276e-03 -8.776789999999999869e-01 4.792460000000000053e-01 1.812999999999999941e-03
2.800000000000000000e+01 2.000000000000000000e+00 1.900000000000000000e+01 0.000000000000000000e+00 1.600000000000000089e+00 -1.944500000000000048e-02 3.471799999999999886e-02 -9.992079999999999851e-01 2.340450000000000030e-01 -9.714709999999999734e-01 -3.830900000000000277e-02 -9.720309999999999784e-01 -2.346040000000000070e-01 1.076500000000000026e-02
2.400000000000000000e+01 3.000000000000000000e+00 1.900000000000000000e+01 0.000000000000000000e+00 1.600000000000000089e+00 2.094800000000000134e-02 4.036100000000000104e-02 -9.989660000000000206e-01 2.493180000000000118e-01 -9.678290000000000504e-01 -3.387500000000000233e-02 -9.681950000000000278e-01 -2.483499999999999874e-01 -3.033699999999999938e-02
7.000000000000000000e+00 4.000000000000000000e+00 2.000000000000000000e+01 0.000000000000000000e+00 1.600000000000000089e+00 5.388999999999999693e-03 -1.728199999999999875e-02 -9.998359999999999470e-01 1.790299999999999947e-01 -9.836789999999999701e-01 1.796700000000000033e-02 -9.838289999999999536e-01 -1.790980000000000072e-01 -2.207000000000000194e-03
1.900000000000000000e+01 4.000000000000000000e+00 2.000000000000000000e+01 0.000000000000000000e+00 1.600000000000000089e+00 1.142999999999999919e-03 1.921399999999999844e-02 -9.998150000000000093e-01 3.011490000000000000e-01 -9.534080000000000332e-01 -1.797800000000000092e-02 -9.535759999999999792e-01 -3.010729999999999795e-01 -6.876000000000000167e-03
2.500000000000000000e+01 4.000000000000000000e+00 2.000000000000000000e+01 0.000000000000000000e+00 1.600000000000000089e+00 -4.819000000000000367e-03 2.943099999999999883e-02 -9.995549999999999713e-01 2.945639999999999925e-01 -9.551749999999999963e-01 -2.954400000000000082e-02 -9.556200000000000250e-01 -2.945760000000000045e-01 -4.066000000000000170e-03
1.000000000000000000e+01 1.300000000000000000e+01 2.000000000000000000e+01 0.000000000000000000e+00 1.600000000000000089e+00 2.920499999999999832e-02 8.684100000000000152e-02 9.957939999999999570e-01 2.629779999999999895e-01 9.604559999999999764e-01 -9.147199999999999775e-02 -9.643599999999999950e-01 2.645429999999999726e-01 5.212999999999999752e-03
1.900000000000000000e+01 1.300000000000000000e+01 2.000000000000000000e+01 0.000000000000000000e+00 1.600000000000000089e+00 6.589999999999999721e-04 -9.799999999999999684e-04 9.999989999999999712e-01 2.519549999999999845e-01 9.677390000000000159e-01 7.820000000000000345e-04 -9.677390000000000159e-01 2.519540000000000113e-01 8.850000000000000444e-04
2.600000000000000000e+01 1.300000000000000000e+01 2.000000000000000000e+01 0.000000000000000000e+00 1.600000000000000089e+00 -2.092000000000000109e-03 -2.061800000000000091e-02 9.997850000000000348e-01 2.558509999999999951e-01 9.665000000000000258e-01 2.046699999999999908e-02 -9.667139999999999622e-01 2.558389999999999831e-01 3.252999999999999815e-03
4.000000000000000000e+00 1.400000000000000000e+01 2.000000000000000000e+01 0.000000000000000000e+00 1.600000000000000089e+00 8.123999999999999277e-03 -3.713000000000000154e-03 9.999599999999999600e-01 2.701879999999999837e-01 9.628069999999999684e-01 1.379999999999999933e-03 -9.627729999999999899e-01 2.701660000000000172e-01 8.824999999999999512e-03
5.000000000000000000e+00 1.600000000000000000e+01 2.100000000000000000e+01 0.000000000000000000e+00 1.600000000000000089e+00 1.495400000000000028e-02 8.885000000000000536e-03 9.998489999999999878e-01 3.357470000000000176e-01 9.418570000000000553e-01 -1.339100000000000013e-02 -9.418339999999999490e-01 3.358959999999999724e-01 1.110200000000000076e-02
1.200000000000000000e+01 1.600000000000000000e+01 2.100000000000000000e+01 0.000000000000000000e+00 1.600000000000000089e+00 1.185199999999999969e-02 3.903000000000000219e-02 9.991679999999999451e-01 3.037839999999999985e-01 9.518680000000000474e-01 -4.078600000000000281e-02 -9.526670000000000416e-01 3.040140000000000065e-01 -5.760000000000000146e-04
1.600000000000000000e+01 1.600000000000000000e+01 2.100000000000000000e+01 0.000000000000000000e+00 1.600000000000000089e+00 9.399999999999999719e-04 6.749999999999999924e-03 9.999770000000000048e-01 2.981820000000000026e-01 9.544850000000000279e-01 -6.722999999999999809e-03 -9.545090000000000519e-01 2.981809999999999738e-01 -1.116000000000000021e-03
2.000000000000000000e+01 1.600000000000000000e+01 2.100000000000000000e+01 0.000000000000000000e+00 1.600000000000000089e+00 7.489999999999999913e-04 8.540000000000000499e-04 9.999989999999999712e-01 2.980220000000000091e-01 9.545580000000000176e-01 -1.038000000000000077e-03 -9.545590000000000463e-01 2.980229999999999824e-01 4.600000000000000139e-04
2.100000000000000000e+01 4.000000000000000000e+00 2.500000000000000000e+01 0.000000000000000000e+00 1.600000000000000089e+00 5.930799999999999961e-02 4.553999999999999715e-02 9.971999999999999753e-01 -5.849149999999999627e-01 -8.079210000000000003e-01 7.168299999999999672e-02 8.089229999999999476e-01 -5.875289999999999679e-01 -2.127899999999999930e-02
7.000000000000000000e+00 4.600000000000000000e+01 2.700000000000000000e+01 0.000000000000000000e+00 1.600000000000000089e+00 -2.726999999999999823e-03 1.559999999999999972e-03 -9.999949999999999672e-01 6.743329999999999602e-01 7.384269999999999445e-01 -6.870000000000000022e-04 7.384220000000000228e-01 -6.743320000000000425e-01 -3.066000000000000149e-03
1.600000000000000000e+01 4.600000000000000000e+01 2.700000000000000000e+01 0.000000000000000000e+00 1.600000000000000089e+00 -4.500000000000000283e-05 -1.791000000000000057e-03 -9.999980000000000535e-01 6.714069999999999760e-01 7.410879999999999690e-01 -1.358000000000000049e-03 7.410889999999999977e-01 -6.714059999999999473e-01 1.168999999999999900e-03
3.000000000000000000e+00 1.100000000000000000e+01 3.000000000000000000e+01 0.000000000000000000e+00 1.600000000000000089e+00 8.316300000000000081e-02 -6.474990000000000467e-01 -7.575150000000000494e-01 -4.028450000000000086e-01 6.734269999999999978e-01 -6.198479999999999546e-01 9.114820000000000144e-01 3.567089999999999983e-01 -2.048379999999999923e-01
2.100000000000000000e+01 4.600000000000000000e+01 3.000000000000000000e+01 0.000000000000000000e+00 1.600000000000000089e+00 1.526000000000000013e-03 6.988000000000000288e-03 -9.999740000000000295e-01 3.257979999999999765e-01 9.454129999999999479e-01 7.104000000000000072e-03 9.454380000000000006e-01 -3.258010000000000073e-01 -8.339999999999999974e-04
4.000000000000000000e+00 1.300000000000000000e+01 3.100000000000000000e+01 0.000000000000000000e+00 1.600000000000000089e+00 1.108539999999999942e-01 -6.596269999999999634e-01 -7.433729999999999505e-01 -4.464330000000000243e-01 6.352200000000000069e-01 -6.302320000000000144e-01 8.879240000000000466e-01 4.017299999999999760e-01 -2.240630000000000122e-01
2.000000000000000000e+00 5.800000000000000000e+01 3.100000000000000000e+01 0.000000000000000000e+00 1.600000000000000089e+00 9.332999999999999283e-03 9.041999999999999690e-03 9.999160000000000270e-01 -7.772729999999999917e-01 -6.290310000000000068e-01 1.294299999999999964e-02 6.290949999999999598e-01 -7.773280000000000189e-01 1.157000000000000042e-03
6.000000000000000000e+00 5.800000000000000000e+01 3.100000000000000000e+01 0.000000000000000000e+00 1.600000000000000089e+00 3.856000000000000053e-03 1.291000000000000047e-03 9.999919999999999920e-01 -7.776420000000000554e-01 -6.286950000000000038e-01 3.810000000000000019e-03 6.286950000000000038e-01 -7.776509999999999811e-01 -1.420000000000000038e-03
8.000000000000000000e+00 5.800000000000000000e+01 3.100000000000000000e+01 0.000000000000000000e+00 1.600000000000000089e+00 1.796000000000000070e-03 -4.319999999999999838e-04 9.999980000000000535e-01 -7.765509999999999913e-01 -6.300529999999999742e-01 1.123000000000000083e-03 6.300519999999999454e-01 -7.765520000000000200e-01 -1.466999999999999988e-03
1.200000000000000000e+01 5.800000000000000000e+01 3.100000000000000000e+01 0.000000000000000000e+00 1.600000000000000089e+00 -4.322000000000000321e-03 -6.854999999999999982e-03 9.999670000000000503e-01 -7.703839999999999577e-01 -6.375330000000000163e-01 -7.700000000000000247e-03 6.375650000000000484e-01 -7.703919999999999657e-01 -2.524999999999999901e-03
1.600000000000000000e+01 5.800000000000000000e+01 3.100000000000000000e+01 0.000000000000000000e+00 1.600000000000000089e+00 -5.967000000000000082e-03 -1.544000000000000060e-02 9.998629999999999463e-01 -7.703200000000000047e-01 -6.374940000000000051e-01 -1.444100000000000071e-02 6.376300000000000301e-01 -7.703010000000000135e-01 -8.089000000000000704e-03
2.000000000000000000e+01 5.800000000000000000e+01 3.100000000000000000e+01 0.000000000000000000e+00 1.600000000000000089e+00 5.527999999999999928e-03 7.828999999999999154e-03 9.999540000000000095e-01 -7.767880000000000340e-01 -6.296950000000000047e-01 9.223999999999999561e-03 6.297380000000000200e-01 -7.768030000000000213e-01 2.599999999999999881e-03
2.500000000000000000e+01 5.800000000000000000e+01 3.100000000000000000e+01 0.000000000000000000e+00 1.600000000000000089e+00 2.871999999999999987e-03 1.664799999999999960e-02 9.998569999999999958e-01 -7.736690000000000511e-01 -6.334610000000000518e-01 1.277000000000000010e-02 6.335830000000000073e-01 -7.735959999999999503e-01 1.106099999999999965e-02
2.900000000000000000e+01 5.800000000000000000e+01 3.100000000000000000e+01 0.000000000000000000e+00 1.600000000000000089e+00 -7.702999999999999778e-03 -7.434999999999999769e-03 9.999430000000000263e-01 -7.713370000000000504e-01 -6.363379999999999592e-01 -1.067300000000000020e-02 6.363799999999999457e-01 -7.713750000000000329e-01 -8.329999999999999731e-04
5.000000000000000000e+00 5.000000000000000000e+00 3.200000000000000000e+01 0.000000000000000000e+00 1.600000000000000089e+00 1.622909999999999908e-01 -8.491290000000000227e-01 -5.026350000000000540e-01 -6.816370000000000484e-01 2.718389999999999973e-01 -6.793190000000000062e-01 7.134650000000000158e-01 4.528619999999999868e-01 -5.346800000000000441e-01
3.000000000000000000e+00 5.000000000000000000e+00 3.300000000000000000e+01 0.000000000000000000e+00 1.600000000000000089e+00 1.356159999999999866e-01 -9.166290000000000271e-01 -3.760310000000000041e-01 -6.939060000000000228e-01 1.830289999999999973e-01 -6.964160000000000350e-01 7.071790000000000020e-01 3.553749999999999964e-01 -6.112330000000000263e-01
7.000000000000000000e+00 8.000000000000000000e+00 3.400000000000000000e+01 0.000000000000000000e+00 1.600000000000000089e+00 2.074880000000000058e-01 -9.093320000000000292e-01 -3.606440000000000201e-01 -7.100440000000000085e-01 1.135980000000000045e-01 -6.949340000000000517e-01 6.728939999999999921e-01 4.002640000000000087e-01 -6.220949999999999536e-01
1.000000000000000000e+01 9.000000000000000000e+00 3.400000000000000000e+01 0.000000000000000000e+00 1.600000000000000089e+00 2.442259999999999986e-01 -8.339029999999999498e-01 -4.949339999999999851e-01 -7.265570000000000084e-01 1.806689999999999963e-01 -6.629279999999999617e-01 6.422369999999999468e-01 5.215020000000000211e-01 -5.617539999999999756e-01
2.200000000000000000e+01 4.200000000000000000e+01 3.400000000000000000e+01 0.000000000000000000e+00 1.600000000000000089e+00 -4.184000000000000219e-03 -2.791000000000000078e-03 -9.999869999999999592e-01 -3.012489999999999890e-01 9.535439999999999472e-01 -1.400999999999999902e-03 9.535360000000000502e-01 3.012389999999999790e-01 -4.831000000000000225e-03
2.700000000000000000e+01 4.200000000000000000e+01 3.400000000000000000e+01 0.000000000000000000e+00 1.600000000000000089e+00 4.172999999999999626e-03 1.260000000000000052e-03 -9.999900000000000455e-01 -2.939100000000000046e-01 9.558330000000000437e-01 -2.199999999999999943e-05 9.558240000000000069e-01 2.939080000000000026e-01 4.359000000000000027e-03
9.000000000000000000e+00 2.600000000000000000e+01 3.500000000000000000e+01 0.000000000000000000e+00 1.600000000000000089e+00 3.122840000000000060e-01 5.628769999999999607e-01 7.652759999999999563e-01 -6.790230000000000432e-01 -4.311240000000000072e-01 5.941880000000000495e-01 6.643839999999999746e-01 -7.051960000000000450e-01 2.475729999999999875e-01
3.000000000000000000e+00 4.600000000000000000e+01 3.500000000000000000e+01 0.000000000000000000e+00 1.600000000000000089e+00 1.722999999999999922e-03 -8.965000000000000746e-03 -9.999580000000000135e-01 3.886830000000000007e-01 -9.213280000000000358e-01 8.928999999999999437e-03 -9.213700000000000223e-01 -3.886820000000000275e-01 1.897000000000000032e-03
7.000000000000000000e+00 4.600000000000000000e+01 3.500000000000000000e+01 0.000000000000000000e+00 1.600000000000000089e+00 9.970000000000000563e-04 -1.128099999999999936e-02 -9.999360000000000470e-01 3.900699999999999723e-01 -9.207220000000000404e-01 1.077600000000000086e-02 -9.207849999999999646e-01 -3.900549999999999851e-01 3.481999999999999852e-03
1.200000000000000000e+01 4.600000000000000000e+01 3.500000000000000000e+01 0.000000000000000000e+00 1.600000000000000089e+00 -1.111999999999999924e-03 -8.097000000000000031e-03 -9.999670000000000503e-01 3.893340000000000134e-01 -9.210700000000000554e-01 7.026000000000000127e-03 -9.210960000000000258e-01 -3.893139999999999934e-01 4.176000000000000024e-03
1.700000000000000000e+01 4.600000000000000000e+01 3.500000000000000000e+01 0.000000000000000000e+00 1.600000000000000089e+00 4.970000000000000459e-04 -4.603999999999999586e-03 -9.999890000000000168e-01 3.898960000000000203e-01 -9.208479999999999999e-01 4.433000000000000308e-03 -9.208589999999999831e-01 -3.898940000000000183e-01 1.337999999999999997e-03
2.200000000000000000e+01 4.600000000000000000e+01 3.500000000000000000e+01 0.000000000000000000e+00 1.600000000000000089e+00 3.794000000000000063e-03 4.415999999999999787e-03 -9.999829999999999552e-01 3.886310000000000042e-01 -9.213900000000000423e-01 -2.595000000000000084e-03 -9.213860000000000383e-01 -3.886149999999999882e-01 -5.211999999999999619e-03
2.600000000000000000e+01 4.600000000000000000e+01 3.500000000000000000e+01 0.000000000000000000e+00 1.600000000000000089e+00 -1.149999999999999981e-03 1.177899999999999954e-02 -9.999299999999999855e-01 3.865600000000000147e-01 -9.221949999999999870e-01 -1.130699999999999934e-02 -9.222630000000000550e-01 -3.865460000000000007e-01 -3.493000000000000011e-03
1.000000000000000000e+01 1.100000000000000000e+01 3.600000000000000000e+01 0.000000000000000000e+00 1.600000000000000089e+00 2.104489999999999972e-01 -9.139730000000000354e-01 -3.469349999999999934e-01 -7.260280000000000067e-01 9.153500000000000525e-02 -6.815459999999999852e-01 6.546710000000000029e-01 3.953160000000000007e-01 -6.443069999999999631e-01
1.900000000000000000e+01 2.200000000000000000e+01 3.600000000000000000e+01 0.000000000000000000e+00 1.600000000000000089e+00 -1.944430000000000047e-01 -7.411809999999999787e-01 6.425279999999999880e-01 7.282260000000000399e-01 3.297709999999999808e-01 6.007810000000000095e-01 -6.571749999999999536e-01 5.847229999999999928e-01 4.756259999999999932e-01
9.000000000000000000e+00 2.700000000000000000e+01 3.600000000000000000e+01 0.000000000000000000e+00 1.600000000000000089e+00 3.496739999999999848e-01 3.832269999999999843e-01 8.549060000000000548e-01 -6.968860000000000054e-01 -5.034849999999999604e-01 5.107369999999999965e-01 6.261609999999999676e-01 -7.743640000000000523e-01 9.100999999999999368e-02
8.000000000000000000e+00 1.100000000000000000e+01 3.700000000000000000e+01 0.000000000000000000e+00 1.600000000000000089e+00 1.726419999999999899e-01 -9.380990000000000162e-01 -3.002759999999999874e-01 -7.146730000000000027e-01 9.048399999999999499e-02 -6.935810000000000031e-01 6.778180000000000316e-01 3.343400000000000261e-01 -6.548119999999999497e-01
1.100000000000000000e+01 1.200000000000000000e+01 3.700000000000000000e+01 0.000000000000000000e+00 1.600000000000000089e+00 1.861389999999999989e-01 -9.283489999999999798e-01 -3.217470000000000052e-01 -7.370830000000000437e-01 8.458799999999999653e-02 -6.704879999999999729e-01 6.496619999999999617e-01 3.619580000000000020e-01 -6.685250000000000359e-01
2.000000000000000000e+01 2.300000000000000000e+01 3.700000000000000000e+01 0.000000000000000000e+00 1.600000000000000089e+00 -1.884069999999999911e-01 -7.533189999999999609e-01 6.300900000000000389e-01 7.255270000000000330e-01 3.256430000000000158e-01 6.062739999999999796e-01 -6.619019999999999904e-01 5.713740000000000485e-01 4.851989999999999914e-01
1.800000000000000000e+01 1.500000000000000000e+01 3.800000000000000000e+01 0.000000000000000000e+00 1.600000000000000089e+00 2.072549999999999948e-01 3.879989999999999828e-01 8.980540000000000189e-01 -7.853799999999999670e-01 -4.813430000000000208e-01 3.892140000000000044e-01 5.832869999999999999e-01 -7.859810000000000407e-01 2.049660000000000093e-01
1.300000000000000000e+01 3.600000000000000000e+01 3.800000000000000000e+01 0.000000000000000000e+00 1.600000000000000089e+00 -3.642139999999999822e-01 8.114000000000000379e-02 9.277739999999999876e-01 9.084189999999999765e-01 2.504870000000000152e-01 3.347100000000000075e-01 -2.052370000000000028e-01 9.647139999999999604e-01 -1.649400000000000033e-01
1.500000000000000000e+01 3.700000000000000000e+01 3.800000000000000000e+01 0.000000000000000000e+00 1.600000000000000089e+00 -2.916449999999999876e-01 -1.117409999999999931e-01 9.499779999999999891e-01 7.984109999999999818e-01 5.184999999999999609e-01 3.061019999999999852e-01 -5.267669999999999852e-01 8.477449999999999708e-01 -6.200300000000000256e-02
2.500000000000000000e+01 3.700000000000000000e+01 3.800000000000000000e+01 0.000000000000000000e+00 1.600000000000000089e+00 4.182799999999999713e-02 -1.103099999999999914e-02 9.990639999999999521e-01 6.544849999999999834e-01 7.558340000000000058e-01 -1.905700000000000102e-02 -7.549169999999999492e-01 6.546699999999999742e-01 3.883500000000000146e-02
1.900000000000000000e+01 3.800000000000000000e+01 3.800000000000000000e+01 0.000000000000000000e+00 1.600000000000000089e+00 -1.326499999999999901e-01 -1.730220000000000091e-01 9.759440000000000337e-01 6.914940000000000531e-01 6.892740000000000533e-01 2.161869999999999903e-01 -7.100980000000000070e-01 7.035369999999999679e-01 2.821200000000000097e-02
1.000000000000000000e+01 1.400000000000000000e+01 3.900000000000000000e+01 0.000000000000000000e+00 1.600000000000000089e+00 1.403290000000000093e-01 -8.558550000000000324e-01 -4.978150000000000075e-01 -7.142420000000000435e-01 2.606970000000000121e-01 -6.495349999999999735e-01 6.856870000000000465e-01 4.467090000000000227e-01 -5.747039999999999926e-01
2.300000000000000000e+01 2.600000000000000000e+01 3.900000000000000000e+01 0.000000000000000000e+00 1.600000000000000089e+00 -1.540819999999999967e-01 -7.620940000000000492e-01 6.288660000000000361e-01 7.139069999999999583e-01 3.541420000000000123e-01 6.040870000000000406e-01 -6.830779999999999630e-01 5.420300000000000118e-01 4.894970000000000154e-01
1.600000000000000000e+01 3.800000000000000000e+01 3.900000000000000000e+01 0.000000000000000000e+00 1.600000000000000089e+00 -2.787040000000000073e-01 -1.915350000000000108e-01 9.410840000000000316e-01 7.806039999999999646e-01 5.256469999999999754e-01 3.381609999999999894e-01 -5.594479999999999453e-01 8.288600000000000412e-01 3.013000000000000053e-03
1.900000000000000000e+01 3.900000000000000000e+01 3.900000000000000000e+01 0.000000000000000000e+00 1.600000000000000089e+00 -1.715830000000000133e-01 -2.644659999999999789e-01 9.490079999999999627e-01 7.239200000000000079e-01 6.195220000000000171e-01 3.035320000000000240e-01 -6.682059999999999667e-01 7.390870000000000495e-01 8.515300000000000646e-02
2.400000000000000000e+01 2.700000000000000000e+01 4.000000000000000000e+01 0.000000000000000000e+00 1.600000000000000089e+00 -1.431659999999999877e-01 -7.910169999999999702e-01 5.948080000000000034e-01 7.118200000000000083e-01 3.352589999999999737e-01 6.171809999999999796e-01 -6.876149999999999762e-01 5.117559999999999887e-01 5.150639999999999663e-01
1.600000000000000000e+01 6.100000000000000000e+01 4.000000000000000000e+01 0.000000000000000000e+00 1.600000000000000089e+00 2.664899999999999908e-02 -5.425959999999999672e-01 -8.395709999999999562e-01 3.524829999999999908e-01 -7.808249999999999913e-01 5.158169999999999700e-01 -9.354390000000000205e-01 -3.096809999999999841e-01 1.704479999999999884e-01
4.000000000000000000e+00 3.000000000000000000e+00 4.300000000000000000e+01 0.000000000000000000e+00 1.600000000000000089e+00 6.590000000000000371e-03 -2.971999999999999816e-03 -9.999740000000000295e-01 7.435519999999999907e-01 -6.686429999999999874e-01 6.886999999999999893e-03 -6.686459999999999626e-01 -7.435779999999999612e-01 -2.196000000000000035e-03
1.200000000000000000e+01 3.000000000000000000e+00 4.300000000000000000e+01 0.000000000000000000e+00 1.600000000000000089e+00 8.888999999999999332e-03 2.753600000000000145e-02 -9.995810000000000528e-01 7.369860000000000300e-01 -6.758009999999999851e-01 -1.206300000000000081e-02 -6.758499999999999508e-01 -7.365699999999999470e-01 -2.630000000000000046e-02
2.300000000000000000e+01 3.000000000000000000e+00 4.300000000000000000e+01 0.000000000000000000e+00 1.600000000000000089e+00 -2.305999999999999890e-03 2.804699999999999901e-02 -9.996040000000000481e-01 7.500149999999999872e-01 -6.611099999999999755e-01 -2.027899999999999842e-02 -6.614170000000000327e-01 -7.497639999999999860e-01 -1.951100000000000056e-02
2.800000000000000000e+01 3.000000000000000000e+00 4.300000000000000000e+01 0.000000000000000000e+00 1.600000000000000089e+00 1.776000000000000018e-03 3.268000000000000071e-03 -9.999930000000000208e-01 7.442560000000000286e-01 -6.678929999999999589e-01 -8.610000000000000032e-04 -6.678920000000000412e-01 -7.442499999999999671e-01 -3.618999999999999821e-03
1.000000000000000000e+00 2.900000000000000000e+01 4.400000000000000000e+01 0.000000000000000000e+00 1.600000000000000089e+00 -1.741159999999999930e-01 -3.045510000000000161e-01 -9.364470000000000294e-01 7.641670000000000407e-01 5.579969999999999652e-01 -3.235549999999999815e-01 6.210740000000000149e-01 -7.719369999999999843e-01 1.355719999999999981e-01
2.000000000000000000e+01 2.200000000000000000e+01 4.500000000000000000e+01 0.000000000000000000e+00 1.600000000000000089e+00 1.468669999999999976e-01 -7.834199999999999497e-02 -9.860489999999999533e-01 -4.684079999999999910e-01 8.724960000000000493e-01 -1.390879999999999894e-01 8.712199999999999944e-01 4.823009999999999797e-01 9.144499999999999851e-02
2.700000000000000000e+01 2.400000000000000000e+01 4.500000000000000000e+01 0.000000000000000000e+00 1.600000000000000089e+00 1.111960000000000032e-01 -2.651560000000000028e-01 -9.577719999999999567e-01 -5.926249999999999574e-01 7.559529999999999861e-01 -2.780859999999999999e-01 7.977670000000000039e-01 5.985219999999999985e-01 -7.307900000000000507e-02
1.600000000000000000e+01 2.200000000000000000e+01 4.600000000000000000e+01 0.000000000000000000e+00 1.600000000000000089e+00 6.909099999999999964e-02 -1.822100000000000108e-02 -9.974439999999999973e-01 -2.188319999999999987e-01 9.752049999999999885e-01 -3.297300000000000231e-02 9.733140000000000125e-01 2.205499999999999960e-01 6.339000000000000190e-02
2.400000000000000000e+01 6.500000000000000000e+01 4.600000000000000000e+01 0.000000000000000000e+00 1.600000000000000089e+00 -6.807999999999999816e-03 -1.543779999999999875e-01 9.879879999999999773e-01 6.615550000000000042e-01 -7.415880000000000249e-01 -1.113180000000000003e-01 7.498660000000000325e-01 6.528509999999999591e-01 1.071779999999999955e-01
1.800000000000000000e+01 5.300000000000000000e+01 4.900000000000000000e+01 0.000000000000000000e+00 1.600000000000000089e+00 -4.821630000000000082e-01 2.442850000000000021e-01 8.413350000000000550e-01 -8.670060000000000544e-01 4.819999999999999632e-03 -4.982750000000000234e-01 -1.257759999999999989e-01 -9.696919999999999984e-01 2.094719999999999915e-01
2.600000000000000000e+01 4.500000000000000000e+01 5.000000000000000000e+01 0.000000000000000000e+00 1.600000000000000089e+00 -2.412330000000000030e-01 5.345870000000000344e-01 8.099520000000000053e-01 5.279779999999999474e-01 7.725720000000000365e-01 -3.526639999999999775e-01 -8.142759999999999998e-01 3.425630000000000064e-01 -4.686199999999999810e-01
2.000000000000000000e+00 6.000000000000000000e+00 5.100000000000000000e+01 0.000000000000000000e+00 1.600000000000000089e+00 -7.232999999999999846e-03 1.018000000000000025e-03 -9.999730000000000008e-01 3.323840000000000128e-01 -9.431380000000000319e-01 -3.364999999999999936e-03 -9.431159999999999544e-01 -3.323990000000000000e-01 6.483000000000000047e-03
1.800000000000000000e+01 7.000000000000000000e+00 5.200000000000000000e+01 0.000000000000000000e+00 1.600000000000000089e+00 7.182000000000000016e-03 4.785000000000000191e-03 -9.999630000000000463e-01 8.688500000000000389e-02 -9.962100000000000399e-01 -4.142999999999999981e-03 -9.961919999999999664e-01 -8.685199999999999865e-02 -7.570000000000000340e-03
2.200000000000000000e+01 7.000000000000000000e+00 5.200000000000000000e+01 0.000000000000000000e+00 1.600000000000000089e+00 4.794999999999999783e-03 8.640999999999999376e-03 -9.999510000000000343e-01 7.290499999999999758e-02 -9.973049999999999971e-01 -8.267999999999999308e-03 -9.973269999999999635e-01 -7.286199999999999621e-02 -5.412000000000000144e-03
2.500000000000000000e+01 6.300000000000000000e+01 5.200000000000000000e+01 0.000000000000000000e+00 1.600000000000000089e+00 -3.776199999999999696e-02 2.023020000000000096e-01 -9.785949999999999926e-01 4.692310000000000092e-01 8.682050000000000045e-01 1.613749999999999907e-01 8.822680000000000522e-01 -4.530930000000000235e-01 -1.277119999999999922e-01
2.200000000000000000e+01 1.400000000000000000e+01 5.400000000000000000e+01 0.000000000000000000e+00 1.600000000000000089e+00 -4.903000000000000240e-03 -7.550000000000000287e-04 -9.999879999999999880e-01 5.804979999999999585e-01 8.142540000000000333e-01 -3.461000000000000101e-03 8.142470000000000541e-01 -5.805080000000000240e-01 -3.553999999999999868e-03
3.000000000000000000e+00 6.300000000000000000e+01 5.400000000000000000e+01 0.000000000000000000e+00 1.600000000000000089e+00 2.510300000000000031e-02 4.011399999999999688e-02 9.988799999999999901e-01 -3.302669999999999773e-01 9.434240000000000403e-01 -2.958699999999999872e-02 -9.435540000000000038e-01 -3.291549999999999754e-01 3.693099999999999855e-02
9.000000000000000000e+00 6.300000000000000000e+01 5.400000000000000000e+01 0.000000000000000000e+00 1.600000000000000089e+00 2.409789999999999988e-01 4.652560000000000029e-01 -8.517430000000000279e-01 8.389349999999999863e-01 3.413930000000000020e-01 4.238379999999999925e-01 4.879720000000000169e-01 -8.166930000000000023e-01 -3.080510000000000193e-01
2.300000000000000000e+01 7.200000000000000000e+01 5.400000000000000000e+01 0.000000000000000000e+00 1.600000000000000089e+00 -9.135419999999999652e-01 2.407710000000000128e-01 3.278249999999999775e-01 -2.851099999999999746e-01 -9.538809999999999789e-01 -9.392999999999999960e-02 2.900909999999999878e-01 -1.792749999999999899e-01 9.400570000000000315e-01
7.000000000000000000e+00 2.500000000000000000e+01 5.500000000000000000e+01 0.000000000000000000e+00 1.600000000000000089e+00 -2.148999999999999869e-03 -4.462399999999999700e-02 -9.990019999999999456e-01 -1.176600000000000042e-02 -9.989339999999999886e-01 4.464599999999999819e-02 -9.999280000000000390e-01 1.184999999999999942e-02 1.621000000000000045e-03
2.500000000000000000e+01 2.600000000000000000e+01 5.500000000000000000e+01 0.000000000000000000e+00 1.600000000000000089e+00 1.302700000000000038e-02 1.744599999999999970e-02 -9.997629999999999573e-01 -1.031659999999999938e-01 9.945349999999999469e-01 1.601100000000000093e-02 9.945789999999999909e-01 1.029329999999999967e-01 1.475600000000000002e-02
2.700000000000000000e+01 2.600000000000000000e+01 5.500000000000000000e+01 0.000000000000000000e+00 1.600000000000000089e+00 2.376500000000000140e-02 1.813100000000000128e-02 -9.995530000000000248e-01 -1.082660000000000011e-01 9.940020000000000522e-01 1.545599999999999925e-02 9.938379999999999992e-01 1.078500000000000014e-01 2.558600000000000110e-02
