5.000000000000000000e+00 1.500000000000000000e+01 4.000000000000000000e+00 0.000000000000000000e+00 1.600000000000000089e+00 -3.380000000000000192e-03 -9.034000000000000363e-03 9.999529999999999808e-01 3.226280000000000259e-01 -9.464970000000000327e-01 -7.460999999999999750e-03 9.465200000000000280e-01 3.225870000000000126e-01 6.113999999999999643e-03
1.000000000000000000e+01 1.500000000000000000e+01 4.000000000000000000e+00 0.000000000000000000e+00 1.600000000000000089e+00 1.546999999999999981e-03 -6.058000000000000017e-03 9.999799999999999800e-01 3.236910000000000065e-01 -9.461420000000000385e-01 -6.232999999999999825e-03 9.461619999999999475e-01 3.236939999999999817e-01 4.970000000000000459e-04
1.700000000000000000e+01 1.500000000000000000e+01 4.000000000000000000e+00 0.000000000000000000e+00 1.600000000000000089e+00 -5.987000000000000134e-03 -1.030299999999999966e-02 9.999289999999999567e-01 3.212809999999999833e-01 -9.469520000000000159e-01 -7.832999999999999685e-03 9.469649999999999457e-01 3.212110000000000243e-01 8.980000000000000135e-03
2.000000000000000000e+01 1.500000000000000000e+01 4.000000000000000000e+00 0.000000000000000000e+00 1.600000000000000089e+00 -4.255000000000000102e-03 -1.366999999999999986e-02 9.998979999999999535e-01 3.192849999999999855e-01 -9.475879999999999859e-01 -1.159600000000000040e-02 9.476489999999999636e-01 3.192030000000000145e-01 8.396999999999999950e-03
2.300000000000000000e+01 1.500000000000000000e+01 4.000000000000000000e+00 0.000000000000000000e+00 1.600000000000000089e+00 9.079999999999999530e-04 -9.365000000000000061e-03 9.999559999999999560e-01 3.202860000000000151e-01 -9.472760000000000069e-01 -9.162999999999999270e-03 9.473200000000000509e-01 3.202809999999999824e-01 2.139999999999999975e-03
1.100000000000000000e+01 1.900000000000000000e+01 5.000000000000000000e+00 0.000000000000000000e+00 1.600000000000000089e+00 -1.680999999999999986e-03 -4.993000000000000042e-03 -9.999860000000000415e-01 -6.743040000000000145e-01 -7.384380000000000388e-01 4.820999999999999765e-03 -7.384519999999999973e-01 6.743029999999999857e-01 -2.125999999999999852e-03
4.000000000000000000e+00 1.010000000000000000e+02 7.000000000000000000e+00 0.000000000000000000e+00 1.600000000000000089e+00 -6.068999999999999742e-03 1.208500000000000026e-02 9.999090000000000478e-01 8.805629999999999846e-01 4.739280000000000159e-01 -3.829999999999999854e-04 -4.738899999999999779e-01 8.804800000000000404e-01 -1.351699999999999950e-02
1.400000000000000000e+01 1.010000000000000000e+02 7.000000000000000000e+00 0.000000000000000000e+00 1.600000000000000089e+00 -1.965000000000000167e-03 -5.208999999999999742e-02 9.986399999999999721e-01 8.809850000000000181e-01 4.724079999999999946e-01 2.637499999999999914e-02 -4.731389999999999763e-01 8.798399999999999554e-01 4.496200000000000196e-02
3.000000000000000000e+00 2.500000000000000000e+01 8.000000000000000000e+00 0.000000000000000000e+00 1.600000000000000089e+00 -2.059999999999999928e-04 1.003399999999999952e-02 -9.999500000000000055e-01 4.528829999999999800e-01 8.915260000000000407e-01 8.852999999999999758e-03 8.915699999999999736e-01 -4.528579999999999828e-01 -4.728000000000000431e-03
6.000000000000000000e+00 2.500000000000000000e+01 8.000000000000000000e+00 0.000000000000000000e+00 1.600000000000000089e+00 -1.000999999999999937e-03 -2.076999999999999853e-03 -9.999970000000000248e-01 4.542479999999999851e-01 8.908719999999999972e-01 -2.305000000000000191e-03 8.908749999999999725e-01 -4.542490000000000139e-01 5.199999999999999680e-05
1.000000000000000000e+01 2.500000000000000000e+01 8.000000000000000000e+00 0.000000000000000000e+00 1.600000000000000089e+00 -8.750000000000000182e-04 1.257000000000000088e-03 -9.999989999999999712e-01 4.554230000000000222e-01 8.902750000000000385e-01 7.209999999999999612e-04 8.902750000000000385e-01 -4.554219999999999935e-01 -1.350999999999999987e-03
1.900000000000000000e+01 2.500000000000000000e+01 8.000000000000000000e+00 0.000000000000000000e+00 1.600000000000000089e+00 5.039999999999999992e-04 -1.144599999999999958e-02 -9.999339999999999895e-01 4.528960000000000208e-01 8.915079999999999671e-01 -9.976000000000000492e-03 8.915629999999999944e-01 -4.528610000000000135e-01 5.632999999999999986e-03
2.800000000000000000e+01 2.500000000000000000e+01 8.000000000000000000e+00 0.000000000000000000e+00 1.600000000000000089e+00 1.317000000000000028e-03 -2.675999999999999993e-03 -9.999959999999999960e-01 4.528119999999999923e-01 8.916039999999999521e-01 -1.789999999999999925e-03 8.916049999999999809e-01 -4.528070000000000150e-01 2.386000000000000100e-03
6.000000000000000000e+00 2.400000000000000000e+01 9.000000000000000000e+00 0.000000000000000000e+00 1.600000000000000089e+00 -1.221999999999999996e-03 -1.958000000000000105e-03 -9.999970000000000248e-01 4.558659999999999934e-01 8.900460000000000038e-01 -2.299999999999999961e-03 8.900479999999999503e-01 -4.558670000000000222e-01 -1.949999999999999965e-04
1.400000000000000000e+01 2.400000000000000000e+01 9.000000000000000000e+00 0.000000000000000000e+00 1.600000000000000089e+00 7.150000000000000322e-04 -3.649999999999999816e-04 -1.000000000000000000e+00 4.580500000000000127e-01 8.889259999999999939e-01 3.000000000000000076e-06 8.889259999999999939e-01 -4.580500000000000127e-01 8.030000000000000028e-04
2.000000000000000000e+01 2.400000000000000000e+01 9.000000000000000000e+00 0.000000000000000000e+00 1.600000000000000089e+00 9.929999999999999591e-04 -6.393000000000000245e-03 -9.999789999999999512e-01 4.568710000000000271e-01 8.895180000000000309e-01 -5.232999999999999804e-03 8.895319999999999894e-01 -4.568559999999999843e-01 3.804000000000000090e-03
2.600000000000000000e+01 2.400000000000000000e+01 9.000000000000000000e+00 0.000000000000000000e+00 1.600000000000000089e+00 1.528000000000000061e-03 1.703000000000000087e-03 -9.999970000000000248e-01 4.563479999999999759e-01 8.897990000000000066e-01 2.211999999999999991e-03 8.898000000000000353e-01 -4.563499999999999779e-01 5.829999999999999679e-04
1.400000000000000000e+01 1.200000000000000000e+01 1.000000000000000000e+01 0.000000000000000000e+00 1.600000000000000089e+00 -4.360000000000000269e-04 -5.109999999999999959e-03 -9.999869999999999592e-01 -5.512559999999999683e-01 -8.343239999999999545e-01 4.504000000000000191e-03 -8.343359999999999665e-01 5.512510000000000465e-01 -2.452999999999999885e-03
6.000000000000000000e+00 3.500000000000000000e+01 1.200000000000000000e+01 0.000000000000000000e+00 1.600000000000000089e+00 -4.690000000000000158e-04 -7.259999999999999743e-04 -1.000000000000000000e+00 4.143649999999999833e-01 -9.101110000000000033e-01 4.659999999999999971e-04 -9.101110000000000033e-01 -4.143649999999999833e-01 7.280000000000000230e-04
1.000000000000000000e+01 3.500000000000000000e+01 1.200000000000000000e+01 0.000000000000000000e+00 1.600000000000000089e+00 2.455999999999999850e-03 -6.039000000000000097e-03 -9.999789999999999512e-01 4.027569999999999761e-01 -9.152839999999999865e-01 6.517000000000000223e-03 -9.153040000000000065e-01 -4.027649999999999841e-01 1.849999999999999973e-04
2.900000000000000000e+01 3.500000000000000000e+01 1.200000000000000000e+01 0.000000000000000000e+00 1.600000000000000089e+00 -3.677999999999999846e-03 6.079000000000000202e-03 -9.999749999999999472e-01 4.504560000000000231e-01 -8.927709999999999813e-01 -7.084000000000000019e-03 -8.927910000000000013e-01 -4.504699999999999815e-01 5.450000000000000200e-04
1.600000000000000000e+01 3.200000000000000000e+01 1.400000000000000000e+01 0.000000000000000000e+00 1.600000000000000089e+00 8.109999999999999805e-04 2.471999999999999805e-03 -9.999970000000000248e-01 1.054559999999999942e-01 9.944209999999999994e-01 2.543999999999999821e-03 9.944239999999999746e-01 -1.054579999999999962e-01 5.450000000000000200e-04
2.400000000000000000e+01 3.200000000000000000e+01 1.400000000000000000e+01 0.000000000000000000e+00 1.600000000000000089e+00 -3.449999999999999833e-04 -4.596000000000000259e-03 -9.999890000000000168e-01 1.053980000000000056e-01 9.944190000000000529e-01 -4.606999999999999984e-03 9.944300000000000361e-01 -1.053990000000000066e-01 1.420000000000000092e-04
6.000000000000000000e+00 1.200000000000000000e+01 1.500000000000000000e+01 0.000000000000000000e+00 1.600000000000000089e+00 -1.507000000000000093e-03 -3.789999999999999966e-03 -9.999919999999999920e-01 -4.634849999999999803e-01 -8.860959999999999948e-01 4.055999999999999710e-03 -8.861040000000000028e-01 4.634869999999999823e-01 -4.209999999999999875e-04
1.100000000000000000e+01 1.160000000000000000e+02 1.600000000000000000e+01 0.000000000000000000e+00 1.600000000000000089e+00 -8.500000000000000611e-05 1.750999999999999952e-03 9.999980000000000535e-01 7.591320000000000290e-01 6.509359999999999591e-01 -1.075000000000000001e-03 -6.509359999999999591e-01 7.591310000000000002e-01 -1.384999999999999946e-03
1.600000000000000000e+01 1.160000000000000000e+02 1.600000000000000000e+01 0.000000000000000000e+00 1.600000000000000089e+00 -3.023000000000000079e-03 -4.440000000000000045e-04 9.999949999999999672e-01 7.668430000000000524e-01 6.418300000000000116e-01 2.602999999999999845e-03 -6.418279999999999541e-01 7.668469999999999454e-01 -1.600000000000000077e-03
2.400000000000000000e+01 1.160000000000000000e+02 1.600000000000000000e+01 0.000000000000000000e+00 1.600000000000000089e+00 -4.125000000000000194e-03 -9.457999999999999394e-03 9.999470000000000303e-01 7.593189999999999662e-01 6.506530000000000369e-01 9.286000000000000851e-03 -6.507060000000000066e-01 7.593159999999999910e-01 4.498000000000000262e-03
2.000000000000000000e+00 2.000000000000000000e+00 1.900000000000000000e+01 0.000000000000000000e+00 1.600000000000000089e+00 1.729999999999999984e-03 -1.001900000000000013e-02 -9.999479999999999480e-01 1.593569999999999987e-01 -9.871689999999999632e-01 1.016599999999999969e-02 -9.872189999999999577e-01 -1.593670000000000087e-01 -1.110000000000000011e-04
6.000000000000000000e+00 2.000000000000000000e+00 1.900000000000000000e+01 0.000000000000000000e+00 1.600000000000000089e+00 -1.479999999999999925e-04 -4.926999999999999956e-03 -9.999879999999999880e-01 1.606069999999999998e-01 -9.870069999999999677e-01 4.839000000000000419e-03 -9.870179999999999509e-01 -1.606049999999999978e-01 9.370000000000000074e-04
1.000000000000000000e+01 2.000000000000000000e+00 1.900000000000000000e+01 0.000000000000000000e+00 1.600000000000000089e+00 -1.430000000000000064e-03 -1.821800000000000155e-02 -9.998329999999999718e-01 1.595560000000000034e-01 -9.870290000000000452e-01 1.775600000000000095e-02 -9.871879999999999544e-01 -1.595040000000000069e-01 4.317999999999999790e-03
1.500000000000000000e+01 2.000000000000000000e+00 1.900000000000000000e+01 0.000000000000000000e+00 1.600000000000000089e+00 1.669999999999999935e-04 -1.704000000000000003e-03 -9.999989999999999712e-01 1.532910000000000106e-01 -9.881799999999999473e-01 1.709999999999999932e-03 -9.881809999999999761e-01 -1.532910000000000106e-01 9.600000000000000243e-05
1.800000000000000000e+01 2.000000000000000000e+00 1.900000000000000000e+01 0.000000000000000000e+00 1.600000000000000089e+00 1.487999999999999956e-03 7.825000000000000358e-03 -9.999679999999999680e-01 1.520100000000000062e-01 -9.883499999999999508e-01 -7.507999999999999917e-03 -9.883779999999999788e-01 -1.519939999999999902e-01 -2.660000000000000038e-03
2.600000000000000000e+01 2.000000000000000000e+00 1.900000000000000000e+01 0.000000000000000000e+00 1.600000000000000089e+00 2.530000000000000239e-04 8.290999999999999759e-03 -9.999660000000000215e-01 1.579820000000000113e-01 -9.874079999999999524e-01 -8.146999999999999728e-03 -9.874420000000000419e-01 -1.579750000000000043e-01 -1.559999999999999972e-03
2.900000000000000000e+01 2.000000000000000000e+00 1.900000000000000000e+01 0.000000000000000000e+00 1.600000000000000089e+00 1.598000000000000028e-03 1.773900000000000129e-02 -9.998409999999999798e-01 1.605209999999999970e-01 -9.868820000000000370e-01 -1.725199999999999997e-02 -9.870309999999999917e-01 -1.604679999999999995e-01 -4.423999999999999981e-03
7.000000000000000000e+00 1.300000000000000000e+01 2.000000000000000000e+01 0.000000000000000000e+00 1.600000000000000089e+00 3.199999999999999855e-05 -9.060000000000000128e-04 1.000000000000000000e+00 2.513159999999999838e-01 9.679050000000000153e-01 8.679999999999999565e-04 -9.679050000000000153e-01 2.513159999999999838e-01 2.590000000000000071e-04
1.900000000000000000e+01 1.300000000000000000e+01 2.000000000000000000e+01 0.000000000000000000e+00 1.600000000000000089e+00 1.730999999999999900e-03 -3.246000000000000187e-03 9.999930000000000208e-01 2.455489999999999895e-01 9.693800000000000194e-01 2.720999999999999894e-03 -9.693829999999999947e-01 2.455430000000000113e-01 2.475000000000000203e-03
2.800000000000000000e+01 1.300000000000000000e+01 2.000000000000000000e+01 0.000000000000000000e+00 1.600000000000000089e+00 -3.829999999999999854e-04 2.299999999999999961e-03 9.999970000000000248e-01 2.475090000000000068e-01 9.688830000000000497e-01 -2.134000000000000046e-03 -9.688849999999999962e-01 2.475080000000000058e-01 -9.399999999999999719e-04
3.000000000000000000e+00 1.600000000000000000e+01 2.100000000000000000e+01 0.000000000000000000e+00 1.600000000000000089e+00 -3.399999999999999973e-05 -6.971999999999999899e-03 9.999759999999999760e-01 2.969289999999999985e-01 9.548759999999999470e-01 6.668000000000000316e-03 -9.548999999999999710e-01 2.969220000000000192e-01 2.037999999999999881e-03
1.200000000000000000e+01 1.600000000000000000e+01 2.100000000000000000e+01 0.000000000000000000e+00 1.600000000000000089e+00 2.183000000000000045e-03 1.089299999999999990e-02 9.999379999999999935e-01 2.990389999999999993e-01 9.541770000000000529e-01 -1.104800000000000053e-02 -9.542380000000000306e-01 2.990439999999999765e-01 -1.173999999999999913e-03
1.500000000000000000e+01 1.600000000000000000e+01 2.100000000000000000e+01 0.000000000000000000e+00 1.600000000000000089e+00 1.930999999999999991e-03 1.198300000000000060e-02 9.999259999999999815e-01 2.975090000000000234e-01 9.546430000000000193e-01 -1.201499999999999964e-02 -9.547170000000000378e-01 2.975099999999999967e-01 -1.721000000000000090e-03
1.600000000000000000e+01 3.000000000000000000e+00 2.500000000000000000e+01 0.000000000000000000e+00 1.600000000000000089e+00 -2.281000000000000041e-03 1.176899999999999995e-02 9.999280000000000390e-01 -4.172100000000000114e-02 -9.990609999999999769e-01 1.166400000000000076e-02 9.991269999999999873e-01 -4.169099999999999889e-02 2.769999999999999893e-03
2.000000000000000000e+01 4.900000000000000000e+01 2.500000000000000000e+01 0.000000000000000000e+00 1.600000000000000089e+00 8.911999999999999783e-03 7.065399999999999459e-02 9.974610000000000420e-01 6.695759999999999490e-01 7.404420000000000446e-01 -5.843099999999999683e-02 -7.426899999999999613e-01 6.683970000000000189e-01 -4.071000000000000313e-02
1.800000000000000000e+01 4.500000000000000000e+01 2.600000000000000000e+01 0.000000000000000000e+00 1.600000000000000089e+00 2.143000000000000113e-02 3.178000000000000269e-02 9.992649999999999588e-01 4.842069999999999985e-01 8.741200000000000081e-01 -3.818400000000000266e-02 -8.746909999999999963e-01 4.846699999999999897e-01 3.344000000000000184e-03
6.000000000000000000e+00 4.600000000000000000e+01 2.700000000000000000e+01 0.000000000000000000e+00 1.600000000000000089e+00 1.990000000000000015e-03 -2.733999999999999885e-03 -9.999940000000000495e-01 6.725020000000000442e-01 7.400949999999999473e-01 -6.849999999999999535e-04 7.400930000000000009e-01 -6.724970000000000114e-01 3.311000000000000141e-03
2.700000000000000000e+01 4.900000000000000000e+01 2.900000000000000000e+01 0.000000000000000000e+00 1.600000000000000089e+00 -2.063000000000000164e-03 7.616900000000000059e-02 -9.970930000000000071e-01 6.666220000000000478e-01 -7.431240000000000068e-01 -5.814699999999999730e-02 -7.453929999999999723e-01 -6.648039999999999505e-01 -4.924300000000000205e-02
1.600000000000000000e+01 5.000000000000000000e+01 3.000000000000000000e+01 0.000000000000000000e+00 1.600000000000000089e+00 -6.470399999999999763e-02 -3.589919999999999778e-01 -9.310950000000000060e-01 5.978069999999999773e-01 -7.610400000000000498e-01 2.518830000000000235e-01 -7.990239999999999565e-01 -5.403170000000000472e-01 2.638510000000000022e-01
2.800000000000000000e+01 5.000000000000000000e+01 3.000000000000000000e+01 0.000000000000000000e+00 1.600000000000000089e+00 -3.272000000000000169e-03 1.191239999999999938e-01 -9.928740000000000343e-01 6.615309999999999802e-01 -7.443170000000000064e-01 -9.148199999999999388e-02 -7.499109999999999943e-01 -6.571160000000000334e-01 -7.636900000000000632e-02
7.000000000000000000e+00 5.600000000000000000e+01 3.300000000000000000e+01 0.000000000000000000e+00 1.600000000000000089e+00 -2.588679999999999870e-01 -3.137119999999999909e-01 -9.135490000000000554e-01 4.600639999999999730e-01 -8.716610000000000191e-01 1.689610000000000001e-01 -8.493110000000000381e-01 -3.765519999999999978e-01 3.699729999999999963e-01
2.000000000000000000e+00 4.600000000000000000e+01 3.500000000000000000e+01 0.000000000000000000e+00 1.600000000000000089e+00 -5.807999999999999795e-03 -6.847499999999999420e-02 -9.976359999999999673e-01 3.892999999999999794e-01 -9.191009999999999458e-01 6.081799999999999706e-02 -9.210930000000000506e-01 -3.880270000000000108e-01 3.199500000000000260e-02
6.000000000000000000e+00 4.600000000000000000e+01 3.500000000000000000e+01 0.000000000000000000e+00 1.600000000000000089e+00 -3.116500000000000173e-02 -1.701570000000000027e-01 -9.849240000000000217e-01 3.602730000000000099e-01 -9.210760000000000058e-01 1.477259999999999962e-01 -9.323259999999999881e-01 -3.502379999999999938e-01 9.000800000000000467e-02
6.000000000000000000e+00 9.500000000000000000e+01 3.600000000000000000e+01 0.000000000000000000e+00 1.600000000000000089e+00 1.140000000000000063e-04 2.681599999999999956e-02 9.996399999999999730e-01 9.976150000000000295e-01 6.900100000000000677e-02 -1.965000000000000167e-03 -6.902899999999999314e-02 9.972560000000000313e-01 -2.674500000000000141e-02
1.200000000000000000e+01 9.500000000000000000e+01 3.600000000000000000e+01 0.000000000000000000e+00 1.600000000000000089e+00 9.724000000000000005e-03 6.140999999999999757e-03 9.999339999999999895e-01 9.970020000000000548e-01 7.670499999999999541e-02 -1.016700000000000069e-02 -7.676199999999999690e-02 9.970350000000000046e-01 -5.376999999999999835e-03
2.800000000000000000e+01 9.500000000000000000e+01 3.600000000000000000e+01 0.000000000000000000e+00 1.600000000000000089e+00 -7.471000000000000210e-03 -8.682999999999999746e-03 9.999339999999999895e-01 9.975549999999999695e-01 6.941600000000000548e-02 8.056000000000000660e-03 -6.948200000000000209e-02 9.975500000000000478e-01 8.142999999999999197e-03
2.000000000000000000e+00 2.900000000000000000e+01 4.400000000000000000e+01 0.000000000000000000e+00 1.600000000000000089e+00 1.990000000000000124e-04 -1.363999999999999978e-03 -9.999989999999999712e-01 6.587929999999999620e-01 7.523239999999999927e-01 -8.959999999999999866e-04 7.523239999999999927e-01 -6.587920000000000442e-01 1.048000000000000103e-03
8.000000000000000000e+00 2.900000000000000000e+01 4.400000000000000000e+01 0.000000000000000000e+00 1.600000000000000089e+00 -3.177999999999999835e-03 -1.659999999999999963e-04 -9.999949999999999672e-01 6.580840000000000023e-01 7.529409999999999714e-01 -2.216999999999999787e-03 7.529379999999999962e-01 -6.580880000000000063e-01 -2.284000000000000006e-03
1.300000000000000000e+01 2.900000000000000000e+01 4.400000000000000000e+01 0.000000000000000000e+00 1.600000000000000089e+00 6.130000000000000466e-04 2.233000000000000176e-03 -9.999970000000000248e-01 6.594700000000000006e-01 7.517279999999999518e-01 2.083000000000000216e-03 7.517300000000000093e-01 -6.594700000000000006e-01 -1.012000000000000096e-03
1.700000000000000000e+01 2.900000000000000000e+01 4.400000000000000000e+01 0.000000000000000000e+00 1.600000000000000089e+00 6.599999999999999964e-04 5.400000000000000069e-04 -1.000000000000000000e+00 6.576180000000000359e-01 7.533509999999999929e-01 8.400000000000000348e-04 7.533509999999999929e-01 -6.576189999999999536e-01 1.420000000000000092e-04
2.100000000000000000e+01 2.900000000000000000e+01 4.400000000000000000e+01 0.000000000000000000e+00 1.600000000000000089e+00 1.299999999999999920e-05 -1.677000000000000105e-03 -9.999989999999999712e-01 6.610070000000000112e-01 7.503790000000000182e-01 -1.250000000000000026e-03 7.503800000000000470e-01 -6.610059999999999825e-01 1.118000000000000070e-03
2.800000000000000000e+01 2.900000000000000000e+01 4.400000000000000000e+01 0.000000000000000000e+00 1.600000000000000089e+00 -1.456999999999999962e-03 1.763000000000000027e-03 -9.999970000000000248e-01 6.545140000000000402e-01 7.560499999999999998e-01 3.789999999999999966e-04 7.560489999999999711e-01 -6.545109999999999539e-01 -2.256000000000000193e-03
1.400000000000000000e+01 6.000000000000000000e+01 4.600000000000000000e+01 0.000000000000000000e+00 1.600000000000000089e+00 -4.266710000000000225e-01 -2.650049999999999906e-01 8.647110000000000074e-01 2.092799999999999938e-01 9.012280000000000291e-01 3.794600000000000195e-01 -8.798599999999999755e-01 3.428709999999999813e-01 -3.290669999999999984e-01
2.500000000000000000e+01 6.500000000000000000e+01 4.600000000000000000e+01 0.000000000000000000e+00 1.600000000000000089e+00 1.660899999999999876e-02 1.578130000000000088e-01 9.873290000000000122e-01 6.492839999999999723e-01 -7.526399999999999757e-01 1.093790000000000040e-01 7.603649999999999576e-01 6.392409999999999481e-01 -1.149659999999999987e-01
2.600000000000000000e+01 4.900000000000000000e+01 5.000000000000000000e+01 0.000000000000000000e+00 1.600000000000000089e+00 4.050889999999999769e-01 8.814500000000000113e-02 9.100190000000000223e-01 -8.162420000000000231e-01 -4.135429999999999939e-01 4.033999999999999808e-01 4.118890000000000051e-01 -9.062080000000000135e-01 -9.557400000000000617e-02
1.000000000000000000e+00 5.000000000000000000e+00 5.100000000000000000e+01 0.000000000000000000e+00 1.600000000000000089e+00 -1.923999999999999929e-03 8.198000000000000426e-03 -9.999649999999999928e-01 4.851110000000000144e-01 -8.744150000000000533e-01 -8.101999999999999827e-03 -8.744509999999999783e-01 -4.851090000000000124e-01 -2.295000000000000165e-03
6.000000000000000000e+00 5.000000000000000000e+00 5.100000000000000000e+01 0.000000000000000000e+00 1.600000000000000089e+00 -6.669999999999999497e-04 6.414999999999999696e-03 -9.999789999999999512e-01 4.830639999999999934e-01 -8.755650000000000377e-01 -5.938999999999999835e-03 -8.755849999999999467e-01 -4.830579999999999874e-01 -2.514999999999999875e-03
1.000000000000000000e+01 5.000000000000000000e+00 5.100000000000000000e+01 0.000000000000000000e+00 1.600000000000000089e+00 -1.923999999999999929e-03 -4.037999999999999923e-03 -9.999900000000000455e-01 4.845999999999999752e-01 -8.747319999999999540e-01 2.599999999999999881e-03 -8.747340000000000115e-01 -4.845900000000000207e-01 3.638999999999999874e-03
1.700000000000000000e+01 5.000000000000000000e+00 5.100000000000000000e+01 0.000000000000000000e+00 1.600000000000000089e+00 3.684000000000000209e-03 3.272999999999999868e-03 -9.999879999999999880e-01 4.891730000000000245e-01 -8.721860000000000168e-01 -1.052999999999999900e-03 -8.721790000000000376e-01 -4.891630000000000145e-01 -4.813999999999999703e-03
2.100000000000000000e+01 5.000000000000000000e+00 5.100000000000000000e+01 0.000000000000000000e+00 1.600000000000000089e+00 2.592999999999999819e-03 6.408999999999999767e-03 -9.999759999999999760e-01 4.853669999999999929e-01 -8.742999999999999661e-01 -4.344999999999999904e-03 -8.743069999999999453e-01 -4.853439999999999976e-01 -5.377999999999999968e-03
2.400000000000000000e+01 5.000000000000000000e+00 5.100000000000000000e+01 0.000000000000000000e+00 1.600000000000000089e+00 -5.302000000000000289e-03 -1.490999999999999921e-03 -9.999850000000000128e-01 4.888489999999999780e-01 -8.723680000000000323e-01 -1.291000000000000047e-03 -8.723520000000000163e-01 -4.888480000000000047e-01 5.354000000000000252e-03
2.900000000000000000e+01 5.100000000000000000e+01 5.100000000000000000e+01 0.000000000000000000e+00 1.600000000000000089e+00 4.045520000000000227e-01 -1.258100000000000017e-02 9.144290000000000473e-01 -8.250300000000000411e-01 -4.364009999999999834e-01 3.589970000000000105e-01 3.945409999999999751e-01 -8.996640000000000192e-01 -1.869260000000000088e-01
1.200000000000000000e+01 1.150000000000000000e+02 5.100000000000000000e+01 0.000000000000000000e+00 1.600000000000000089e+00 1.981000000000000122e-03 8.450000000000000479e-04 9.999980000000000535e-01 8.473330000000000028e-01 -5.310610000000000053e-01 -1.229999999999999974e-03 5.310580000000000300e-01 8.473330000000000028e-01 -1.768000000000000040e-03
1.200000000000000000e+01 7.000000000000000000e+00 5.200000000000000000e+01 0.000000000000000000e+00 1.600000000000000089e+00 -1.490000000000000005e-03 -5.066000000000000190e-03 -9.999860000000000415e-01 9.939499999999999724e-02 -9.950360000000000316e-01 4.892999999999999780e-03 -9.950470000000000148e-01 -9.938600000000000212e-02 1.985999999999999918e-03
2.600000000000000000e+01 5.000000000000000000e+01 5.200000000000000000e+01 0.000000000000000000e+00 1.600000000000000089e+00 4.301440000000000263e-01 8.766300000000000481e-02 8.984940000000000149e-01 -8.084940000000000460e-01 -4.053910000000000013e-01 4.266099999999999892e-01 4.016390000000000238e-01 -9.099310000000000453e-01 -1.035009999999999958e-01
2.800000000000000000e+01 5.100000000000000000e+01 5.200000000000000000e+01 0.000000000000000000e+00 1.600000000000000089e+00 4.170099999999999918e-01 -6.928499999999999936e-02 9.062580000000000080e-01 -8.243169999999999664e-01 -4.488719999999999932e-01 3.449880000000000169e-01 3.828909999999999814e-01 -8.909059999999999757e-01 -2.442960000000000131e-01
2.300000000000000000e+01 2.500000000000000000e+01 5.500000000000000000e+01 0.000000000000000000e+00 1.600000000000000089e+00 -2.109000000000000197e-03 -2.739999999999999923e-04 -9.999980000000000535e-01 -1.369199999999999931e-02 -9.999059999999999615e-01 3.029999999999999924e-04 -9.999040000000000150e-01 1.369199999999999931e-02 2.105000000000000100e-03
2.900000000000000000e+01 2.500000000000000000e+01 5.500000000000000000e+01 0.000000000000000000e+00 1.600000000000000089e+00 -1.943000000000000066e-03 1.124999999999999915e-03 -9.999970000000000248e-01 -1.024199999999999937e-02 -9.999470000000000303e-01 -1.105000000000000079e-03 -9.999460000000000015e-01 1.024000000000000084e-02 1.954000000000000008e-03
2.500000000000000000e+01 6.000000000000000000e+01 5.500000000000000000e+01 0.000000000000000000e+00 1.600000000000000089e+00 -4.409600000000000325e-02 -9.011500000000000066e-02 9.949550000000000338e-01 -3.357500000000000068e-02 9.954939999999999900e-01 8.867600000000000482e-02 -9.984629999999999894e-01 -2.949500000000000038e-02 -4.692299999999999943e-02
2.500000000000000000e+01 5.100000000000000000e+01 5.600000000000000000e+01 0.000000000000000000e+00 1.600000000000000089e+00 4.163689999999999891e-01 -1.588449999999999862e-01 8.952120000000000077e-01 -8.852710000000000301e-01 -2.952179999999999804e-01 3.593620000000000148e-01 2.071999999999999953e-01 -9.421329999999999982e-01 -2.635410000000000252e-01
1.100000000000000000e+01 6.800000000000000000e+01 5.700000000000000000e+01 0.000000000000000000e+00 1.600000000000000089e+00 -4.904999999999999638e-03 9.726999999999999535e-03 -9.999409999999999688e-01 -2.357829999999999926e-01 -9.717700000000000227e-01 -8.295999999999999555e-03 -9.717930000000000179e-01 2.357279999999999931e-01 7.060000000000000303e-03
6.000000000000000000e+00 2.100000000000000000e+01 6.000000000000000000e+01 0.000000000000000000e+00 1.600000000000000089e+00 5.199999999999999680e-05 1.183000000000000024e-03 9.999989999999999712e-01 -9.721299999999999386e-02 9.952630000000000088e-01 -1.172000000000000082e-03 -9.952640000000000375e-01 -9.721299999999999386e-02 1.669999999999999935e-04
1.300000000000000000e+01 2.100000000000000000e+01 6.000000000000000000e+01 0.000000000000000000e+00 1.600000000000000089e+00 -8.379999999999999862e-04 8.004000000000000697e-03 9.999679999999999680e-01 -9.614799999999999736e-02 9.953349999999999698e-01 -8.047000000000000333e-03 -9.953670000000000018e-01 -9.615100000000000036e-02 -6.499999999999999431e-05
1.800000000000000000e+01 2.100000000000000000e+01 6.000000000000000000e+01 0.000000000000000000e+00 1.600000000000000089e+00 -5.180000000000000143e-04 -1.027499999999999941e-02 9.999470000000000303e-01 -9.779100000000000292e-02 9.951550000000000118e-01 1.017599999999999928e-02 -9.952069999999999528e-01 -9.778000000000000580e-02 -1.521000000000000000e-03
2.600000000000000000e+01 2.100000000000000000e+01 6.000000000000000000e+01 0.000000000000000000e+00 1.600000000000000089e+00 -6.269999999999999532e-04 4.824000000000000163e-03 9.999879999999999880e-01 -9.703900000000000026e-02 9.952689999999999593e-01 -4.862000000000000002e-03 -9.952800000000000535e-01 -9.704100000000000226e-02 -1.559999999999999972e-04
3.000000000000000000e+00 3.000000000000000000e+00 6.300000000000000000e+01 0.000000000000000000e+00 1.600000000000000089e+00 -5.630000000000000239e-04 -5.320000000000000293e-04 1.000000000000000000e+00 -6.135890000000000510e-01 7.896260000000000501e-01 7.499999999999999343e-05 -7.896250000000000213e-01 -6.135890000000000510e-01 -7.709999999999999840e-04
2.700000000000000000e+01 3.000000000000000000e+00 6.300000000000000000e+01 0.000000000000000000e+00 1.600000000000000089e+00 4.769999999999999934e-04 -1.835999999999999958e-03 9.999980000000000535e-01 -6.161069999999999602e-01 7.876609999999999445e-01 1.740000000000000010e-03 -7.876630000000000020e-01 -6.161060000000000425e-01 -7.560000000000000530e-04
1.000000000000000000e+00 2.700000000000000000e+01 6.300000000000000000e+01 0.000000000000000000e+00 1.600000000000000089e+00 -1.789000000000000009e-03 1.572000000000000047e-03 9.999970000000000248e-01 -2.775850000000000262e-01 9.606989999999999696e-01 -2.007000000000000103e-03 -9.606989999999999696e-01 -2.775880000000000014e-01 -1.281999999999999936e-03
5.000000000000000000e+00 2.700000000000000000e+01 6.300000000000000000e+01 0.000000000000000000e+00 1.600000000000000089e+00 4.780000000000000178e-04 -2.175999999999999983e-03 9.999970000000000248e-01 -2.778559999999999919e-01 9.606200000000000294e-01 2.223000000000000149e-03 -9.606230000000000047e-01 -2.778559999999999919e-01 -1.459999999999999981e-04
1.000000000000000000e+01 2.700000000000000000e+01 6.300000000000000000e+01 0.000000000000000000e+00 1.600000000000000089e+00 1.402000000000000034e-03 -4.342000000000000373e-03 9.999900000000000455e-01 -2.788050000000000250e-01 9.603369999999999962e-01 4.559999999999999817e-03 -9.603469999999999507e-01 -2.788089999999999735e-01 1.359999999999999989e-04
1.500000000000000000e+01 2.700000000000000000e+01 6.300000000000000000e+01 0.000000000000000000e+00 1.600000000000000089e+00 -4.730000000000000046e-04 -1.456999999999999962e-03 9.999989999999999712e-01 -2.710400000000000031e-01 9.625669999999999504e-01 1.273999999999999959e-03 -9.625679999999999792e-01 -2.710389999999999744e-01 -8.499999999999999526e-04
2.100000000000000000e+01 2.700000000000000000e+01 6.300000000000000000e+01 0.000000000000000000e+00 1.600000000000000089e+00 7.240000000000000342e-04 -2.442000000000000160e-03 9.999970000000000248e-01 -2.656930000000000125e-01 9.640539999999999665e-01 2.546999999999999785e-03 -9.640570000000000528e-01 -2.656939999999999857e-01 4.899999999999999842e-05
2.600000000000000000e+01 2.700000000000000000e+01 6.300000000000000000e+01 0.000000000000000000e+00 1.600000000000000089e+00 4.820000000000000066e-04 8.160999999999999852e-03 9.999670000000000503e-01 -2.674540000000000251e-01 9.635399999999999521e-01 -7.734999999999999688e-03 -9.635709999999999553e-01 -2.674409999999999843e-01 2.647000000000000047e-03
6.000000000000000000e+00 2.600000000000000000e+01 6.400000000000000000e+01 0.000000000000000000e+00 1.600000000000000089e+00 1.438999999999999958e-03 -2.350000000000000092e-03 9.999959999999999960e-01 -3.640309999999999935e-01 9.313829999999999609e-01 2.713000000000000134e-03 -9.313860000000000472e-01 -3.640340000000000242e-01 4.850000000000000253e-04
1.000000000000000000e+01 2.600000000000000000e+01 6.400000000000000000e+01 0.000000000000000000e+00 1.600000000000000089e+00 1.900999999999999912e-03 -4.523000000000000111e-03 9.999879999999999880e-01 -3.642250000000000210e-01 9.312979999999999592e-01 4.904999999999999638e-03 -9.313090000000000535e-01 -3.642299999999999982e-01 1.219999999999999974e-04
1.800000000000000000e+01 2.600000000000000000e+01 6.400000000000000000e+01 0.000000000000000000e+00 1.600000000000000089e+00 -4.629999999999999784e-04 -4.433999999999999574e-03 9.999900000000000455e-01 -3.462480000000000002e-01 9.381340000000000234e-01 3.998999999999999951e-03 -9.381429999999999492e-01 -3.462430000000000230e-01 -1.968999999999999830e-03
2.400000000000000000e+01 2.600000000000000000e+01 6.400000000000000000e+01 0.000000000000000000e+00 1.600000000000000089e+00 5.339999999999999695e-04 4.426000000000000247e-03 9.999900000000000455e-01 -3.464070000000000205e-01 9.380760000000000209e-01 -3.967000000000000040e-03 -9.380840000000000289e-01 -3.464010000000000145e-01 2.033999999999999784e-03
2.800000000000000000e+01 2.600000000000000000e+01 6.400000000000000000e+01 0.000000000000000000e+00 1.600000000000000089e+00 2.039999999999999984e-04 8.481999999999999956e-03 9.999639999999999640e-01 -3.505679999999999907e-01 9.365040000000000031e-01 -7.872000000000000525e-03 -9.365369999999999528e-01 -3.505539999999999767e-01 3.164000000000000146e-03
1.800000000000000000e+01 5.400000000000000000e+01 6.400000000000000000e+01 0.000000000000000000e+00 1.600000000000000089e+00 3.939559999999999729e-01 -7.670299999999999341e-02 -9.159230000000000427e-01 -7.829429999999999445e-01 4.939850000000000074e-01 -3.781269999999999909e-01 4.814550000000000218e-01 8.660809999999999897e-01 1.345550000000000079e-01
2.300000000000000000e+01 5.000000000000000000e+01 6.500000000000000000e+01 0.000000000000000000e+00 1.600000000000000089e+00 -1.770539999999999892e-01 -2.647269999999999901e-01 -9.479300000000000503e-01 3.031829999999999803e-01 9.016389999999999683e-01 -3.084270000000000067e-01 9.363399999999999501e-01 -3.420039999999999747e-01 -7.937900000000000511e-02
1.600000000000000000e+01 5.300000000000000000e+01 6.500000000000000000e+01 0.000000000000000000e+00 1.600000000000000089e+00 4.624630000000000130e-01 -1.084180000000000005e-01 -8.799850000000000172e-01 -7.664349999999999774e-01 4.501009999999999733e-01 -4.582430000000000114e-01 4.457639999999999936e-01 8.863720000000000487e-01 1.250600000000000045e-01
6.000000000000000000e+00 2.500000000000000000e+01 7.300000000000000000e+01 0.000000000000000000e+00 1.600000000000000089e+00 -6.849999999999999535e-04 -4.565999999999999746e-03 9.999890000000000168e-01 7.460989999999999567e-01 -6.658300000000000329e-01 -2.530000000000000131e-03 6.658349999999999547e-01 7.460890000000000022e-01 3.863000000000000114e-03
1.500000000000000000e+01 2.500000000000000000e+01 7.300000000000000000e+01 0.000000000000000000e+00 1.600000000000000089e+00 -9.810000000000001011e-04 -1.410400000000000022e-02 9.999000000000000110e-01 7.446989999999999998e-01 -6.673440000000000483e-01 -8.682999999999999746e-03 6.673989999999999645e-01 7.446159999999999446e-01 1.115799999999999952e-02
1.000000000000000000e+01 4.400000000000000000e+01 7.300000000000000000e+01 0.000000000000000000e+00 1.600000000000000089e+00 2.185000000000000137e-02 1.400270000000000126e-01 9.899059999999999526e-01 3.185999999999999943e-02 -9.897380000000000067e-01 1.393000000000000071e-01 9.992529999999999468e-01 2.849499999999999950e-02 -2.608699999999999908e-02
1.800000000000000000e+01 4.400000000000000000e+01 7.300000000000000000e+01 0.000000000000000000e+00 1.600000000000000089e+00 1.925999999999999978e-03 1.366000000000000027e-03 9.999970000000000248e-01 5.319499999999999923e-02 -9.985829999999999984e-01 1.262000000000000101e-03 9.985819999999999697e-01 5.319299999999999723e-02 -1.995999999999999944e-03
2.400000000000000000e+01 4.400000000000000000e+01 7.300000000000000000e+01 0.000000000000000000e+00 1.600000000000000089e+00 -2.950000000000000148e-04 -6.941000000000000121e-03 9.999759999999999760e-01 5.069300000000000195e-02 -9.986899999999999666e-01 -6.917999999999999670e-03 9.987139999999999906e-01 5.068999999999999895e-02 6.459999999999999814e-04
3.000000000000000000e+00 2.500000000000000000e+01 7.400000000000000000e+01 0.000000000000000000e+00 1.600000000000000089e+00 5.109999999999999525e-04 -6.407000000000000368e-03 9.999789999999999512e-01 8.226830000000000531e-01 -5.684860000000000468e-01 -4.062999999999999771e-03 5.685000000000000053e-01 8.226679999999999549e-01 4.980000000000000052e-03
5.000000000000000000e+00 2.500000000000000000e+01 7.400000000000000000e+01 0.000000000000000000e+00 1.600000000000000089e+00 -2.500000000000000120e-05 -4.595000000000000126e-03 9.999900000000000455e-01 8.229370000000000296e-01 -5.681260000000000199e-01 -2.589999999999999854e-03 5.681319999999999704e-01 8.229290000000000216e-01 3.795000000000000196e-03
1.200000000000000000e+01 2.500000000000000000e+01 7.400000000000000000e+01 0.000000000000000000e+00 1.600000000000000089e+00 1.592000000000000099e-03 -6.821999999999999939e-03 9.999749999999999472e-01 8.224289999999999656e-01 -5.688440000000000163e-01 -5.190000000000000169e-03 5.688649999999999540e-01 8.224169999999999536e-01 4.704999999999999981e-03
1.600000000000000000e+01 5.100000000000000000e+01 7.600000000000000000e+01 0.000000000000000000e+00 1.600000000000000089e+00 -1.177000000000000095e-03 -7.889000000000000179e-03 -9.999679999999999680e-01 -4.048559999999999937e-01 -9.143480000000000496e-01 7.689999999999999787e-03 -9.143799999999999706e-01 4.048519999999999897e-01 -2.118000000000000091e-03
2.800000000000000000e+01 5.100000000000000000e+01 7.600000000000000000e+01 0.000000000000000000e+00 1.600000000000000089e+00 4.565999999999999746e-03 8.413999999999999604e-03 -9.999540000000000095e-01 -4.005040000000000266e-01 -9.162449999999999761e-01 -9.539000000000000604e-03 -9.162839999999999874e-01 4.005290000000000239e-01 -8.140000000000000534e-04
9.000000000000000000e+00 9.100000000000000000e+01 7.600000000000000000e+01 0.000000000000000000e+00 1.600000000000000089e+00 1.998999999999999909e-03 -2.017999999999999829e-03 9.999959999999999960e-01 3.137210000000000276e-01 -9.495120000000000227e-01 -2.543000000000000121e-03 9.495130000000000514e-01 3.137240000000000029e-01 -1.265000000000000065e-03
1.400000000000000000e+01 9.100000000000000000e+01 7.600000000000000000e+01 0.000000000000000000e+00 1.600000000000000089e+00 1.227000000000000009e-03 -3.020999999999999814e-03 9.999949999999999672e-01 2.911020000000000274e-01 -9.566860000000000364e-01 -3.246999999999999886e-03 9.566909999999999581e-01 2.911050000000000026e-01 -2.939999999999999905e-04
2.100000000000000000e+01 9.100000000000000000e+01 7.600000000000000000e+01 0.000000000000000000e+00 1.600000000000000089e+00 -2.122000000000000188e-03 -2.954000000000000029e-03 9.999930000000000208e-01 2.762169999999999903e-01 -9.610929999999999751e-01 -2.252000000000000095e-03 9.610929999999999751e-01 2.762100000000000111e-01 2.854999999999999899e-03
2.500000000000000000e+01 9.100000000000000000e+01 7.600000000000000000e+01 0.000000000000000000e+00 1.600000000000000089e+00 1.900000000000000105e-04 -1.873000000000000099e-03 9.999980000000000535e-01 2.762939999999999841e-01 -9.610710000000000086e-01 -1.851999999999999914e-03 9.610729999999999551e-01 2.762939999999999841e-01 3.350000000000000113e-04
