2.000000000000000000e+00 2.500000000000000000e+01 1.000000000000000000e+00 0.000000000000000000e+00 1.600000000000000089e+00 2.093999999999999941e-03 4.929999999999999487e-04 -9.999980000000000535e-01 -5.215940000000000021e-01 -8.531929999999999792e-01 -1.513000000000000022e-03 -8.531919999999999504e-01 5.215950000000000308e-01 -1.529999999999999893e-03
9.000000000000000000e+00 2.500000000000000000e+01 1.000000000000000000e+00 0.000000000000000000e+00 1.600000000000000089e+00 -1.461000000000000059e-03 2.491999999999999858e-03 -9.999959999999999960e-01 -5.246549999999999825e-01 -8.513140000000000152e-01 -1.355000000000000085e-03 -8.513140000000000152e-01 5.246499999999999497e-01 2.552000000000000015e-03
2.400000000000000000e+01 2.500000000000000000e+01 1.000000000000000000e+00 0.000000000000000000e+00 1.600000000000000089e+00 -7.140000000000000079e-04 1.923999999999999929e-03 -9.999980000000000535e-01 -5.219819999999999460e-01 -8.529560000000000475e-01 -1.268999999999999946e-03 -8.529560000000000475e-01 5.219799999999999995e-01 1.613999999999999983e-03
1.700000000000000000e+01 1.500000000000000000e+01 4.000000000000000000e+00 0.000000000000000000e+00 1.600000000000000089e+00 7.269999999999999987e-04 -1.382800000000000001e-02 9.999040000000000150e-01 3.803599999999999759e-01 -9.247459999999999569e-01 -1.306500000000000022e-02 9.248380000000000489e-01 3.803329999999999766e-01 4.588000000000000064e-03
2.600000000000000000e+01 1.500000000000000000e+01 4.000000000000000000e+00 0.000000000000000000e+00 1.600000000000000089e+00 -8.404000000000000012e-03 4.005899999999999739e-02 9.991619999999999946e-01 4.243129999999999957e-01 -9.046389999999999709e-01 3.983899999999999941e-02 9.054769999999999763e-01 4.242920000000000025e-01 -9.395000000000000573e-03
3.000000000000000000e+00 1.010000000000000000e+02 7.000000000000000000e+00 0.000000000000000000e+00 1.600000000000000089e+00 -2.487000000000000061e-03 6.723999999999999942e-03 9.999740000000000295e-01 8.845549999999999802e-01 4.664349999999999885e-01 -9.370000000000000074e-04 -4.664300000000000113e-01 8.845300000000000384e-01 -7.106999999999999602e-03
6.000000000000000000e+00 1.010000000000000000e+02 7.000000000000000000e+00 0.000000000000000000e+00 1.600000000000000089e+00 -5.330000000000000536e-04 1.771999999999999921e-03 9.999980000000000535e-01 8.837570000000000148e-01 4.679459999999999731e-01 -3.579999999999999741e-04 -4.679459999999999731e-01 8.837549999999999573e-01 -1.815999999999999906e-03
2.100000000000000000e+01 1.010000000000000000e+02 7.000000000000000000e+00 0.000000000000000000e+00 1.600000000000000089e+00 2.394999999999999993e-03 -9.771999999999999437e-03 9.999489999999999768e-01 8.864549999999999930e-01 4.628079999999999972e-01 2.399999999999999790e-03 -4.628079999999999972e-01 8.864049999999999985e-01 9.769999999999999171e-03
2.800000000000000000e+01 1.010000000000000000e+02 7.000000000000000000e+00 0.000000000000000000e+00 1.600000000000000089e+00 -2.974000000000000081e-03 -7.489999999999999913e-04 9.999949999999999672e-01 8.865490000000000315e-01 4.626239999999999797e-01 2.982999999999999974e-03 -4.626250000000000084e-01 8.865539999999999532e-01 -7.119999999999999593e-04
1.400000000000000000e+01 1.500000000000000000e+01 8.000000000000000000e+00 0.000000000000000000e+00 1.600000000000000089e+00 -4.220000000000000118e-04 -2.432899999999999993e-02 -9.997040000000000370e-01 -6.186439999999999717e-01 -7.854330000000000478e-01 1.937600000000000086e-02 -7.856720000000000370e-01 6.184690000000000465e-01 -1.471899999999999945e-02
7.000000000000000000e+00 2.500000000000000000e+01 8.000000000000000000e+00 0.000000000000000000e+00 1.600000000000000089e+00 1.008999999999999914e-03 2.899999999999999800e-03 -9.999949999999999672e-01 4.439330000000000220e-01 8.960550000000000459e-01 3.046999999999999795e-03 8.960590000000000499e-01 -4.439339999999999953e-01 -3.829999999999999854e-04
1.100000000000000000e+01 2.500000000000000000e+01 8.000000000000000000e+00 0.000000000000000000e+00 1.600000000000000089e+00 1.822999999999999968e-03 5.982000000000000338e-03 -9.999799999999999800e-01 4.429199999999999804e-01 8.965400000000000036e-01 6.171000000000000270e-03 8.965589999999999948e-01 -4.429230000000000111e-01 -1.015000000000000060e-03
1.500000000000000000e+01 2.500000000000000000e+01 8.000000000000000000e+00 0.000000000000000000e+00 1.600000000000000089e+00 1.479000000000000063e-03 -2.180000000000000134e-04 -9.999989999999999712e-01 4.415410000000000168e-01 8.972409999999999553e-01 4.580000000000000195e-04 8.972400000000000375e-01 -4.415419999999999900e-01 1.423000000000000003e-03
1.900000000000000000e+01 2.500000000000000000e+01 8.000000000000000000e+00 0.000000000000000000e+00 1.600000000000000089e+00 -5.230000000000000274e-04 -2.460000000000000164e-04 -1.000000000000000000e+00 4.404390000000000249e-01 8.977829999999999977e-01 -4.510000000000000120e-04 8.977819999999999689e-01 -4.404390000000000249e-01 -3.620000000000000171e-04
2.400000000000000000e+01 2.500000000000000000e+01 8.000000000000000000e+00 0.000000000000000000e+00 1.600000000000000089e+00 2.314000000000000085e-03 6.156000000000000014e-03 -9.999780000000000335e-01 4.386240000000000139e-01 8.986469999999999736e-01 6.546999999999999868e-03 8.986680000000000224e-01 -4.386300000000000199e-01 -6.199999999999999999e-04
2.800000000000000000e+01 2.500000000000000000e+01 8.000000000000000000e+00 0.000000000000000000e+00 1.600000000000000089e+00 1.533000000000000074e-03 1.769999999999999926e-04 -9.999989999999999712e-01 4.379140000000000255e-01 8.990169999999999551e-01 8.310000000000000329e-04 8.990160000000000373e-01 -4.379149999999999987e-01 1.301000000000000073e-03
7.000000000000000000e+00 2.400000000000000000e+01 9.000000000000000000e+00 0.000000000000000000e+00 1.600000000000000089e+00 9.779999999999999197e-04 2.399000000000000091e-03 -9.999970000000000248e-01 4.511919999999999820e-01 8.924229999999999663e-01 2.582000000000000094e-03 8.924269999999999703e-01 -4.511930000000000107e-01 -2.090000000000000115e-04
1.300000000000000000e+01 2.400000000000000000e+01 9.000000000000000000e+00 0.000000000000000000e+00 1.600000000000000089e+00 2.138000000000000143e-03 4.658999999999999947e-03 -9.999869999999999592e-01 4.487459999999999782e-01 8.936439999999999939e-01 5.122999999999999950e-03 8.936570000000000347e-01 -4.487510000000000110e-01 -1.800000000000000113e-04
1.900000000000000000e+01 2.400000000000000000e+01 9.000000000000000000e+00 0.000000000000000000e+00 1.600000000000000089e+00 -2.020000000000000040e-04 -4.870000000000000197e-04 -1.000000000000000000e+00 4.468360000000000110e-01 8.946159999999999668e-01 -5.259999999999999919e-04 8.946159999999999668e-01 -4.468360000000000110e-01 3.699999999999999811e-05
2.500000000000000000e+01 2.400000000000000000e+01 9.000000000000000000e+00 0.000000000000000000e+00 1.600000000000000089e+00 2.325999999999999943e-03 3.955000000000000182e-03 -9.999900000000000455e-01 4.444589999999999930e-01 8.957869999999999999e-01 4.577000000000000339e-03 8.957960000000000367e-01 -4.444649999999999990e-01 3.249999999999999851e-04
1.100000000000000000e+01 8.000000000000000000e+00 1.000000000000000000e+01 0.000000000000000000e+00 1.600000000000000089e+00 -1.583400000000000085e-01 -1.133269999999999972e-01 -9.808599999999999541e-01 -9.489229999999999610e-01 -2.570919999999999872e-01 1.828889999999999960e-01 -2.728979999999999739e-01 9.597189999999999888e-01 -6.683100000000000152e-02
6.000000000000000000e+00 3.100000000000000000e+01 1.200000000000000000e+01 0.000000000000000000e+00 1.600000000000000089e+00 1.433999999999999945e-03 -3.840000000000000097e-04 9.999989999999999712e-01 -1.210999999999999924e-02 9.999270000000000103e-01 4.009999999999999893e-04 -9.999259999999999815e-01 -1.211100000000000024e-02 1.430000000000000064e-03
1.700000000000000000e+01 3.100000000000000000e+01 1.200000000000000000e+01 0.000000000000000000e+00 1.600000000000000089e+00 -8.159999999999999936e-04 6.159000000000000412e-03 9.999810000000000088e-01 -4.562000000000000083e-03 9.999710000000000543e-01 -6.163000000000000075e-03 -9.999890000000000168e-01 -4.566999999999999879e-03 -7.879999999999999635e-04
9.000000000000000000e+00 3.500000000000000000e+01 1.200000000000000000e+01 0.000000000000000000e+00 1.600000000000000089e+00 -4.734999999999999626e-03 1.720999999999999960e-02 -9.998409999999999798e-01 5.617349999999999843e-01 -8.271450000000000191e-01 -1.689699999999999883e-02 -8.273040000000000393e-01 -5.617250000000000298e-01 -5.751000000000000036e-03
3.000000000000000000e+00 1.200000000000000000e+01 1.600000000000000000e+01 0.000000000000000000e+00 1.600000000000000089e+00 1.093000000000000005e-03 -3.047499999999999862e-02 9.995349999999999513e-01 2.049799999999999955e-01 -9.783049999999999802e-01 -3.005199999999999885e-02 9.787649999999999961e-01 2.049179999999999890e-01 5.177000000000000178e-03
6.000000000000000000e+00 1.160000000000000000e+02 1.600000000000000000e+01 0.000000000000000000e+00 1.600000000000000089e+00 2.216000000000000088e-03 1.610000000000000103e-04 9.999980000000000535e-01 7.680839999999999890e-01 6.403459999999999708e-01 -1.804999999999999964e-03 -6.403450000000000530e-01 7.680860000000000465e-01 1.296000000000000060e-03
1.600000000000000000e+01 1.160000000000000000e+02 1.600000000000000000e+01 0.000000000000000000e+00 1.600000000000000089e+00 3.899999999999999929e-04 4.929999999999999487e-04 1.000000000000000000e+00 7.620310000000000139e-01 6.475410000000000332e-01 -6.170000000000000354e-04 -6.475410000000000332e-01 7.620310000000000139e-01 -1.230000000000000082e-04
2.100000000000000000e+01 1.160000000000000000e+02 1.600000000000000000e+01 0.000000000000000000e+00 1.600000000000000089e+00 6.700000000000000226e-05 3.249999999999999851e-04 1.000000000000000000e+00 7.525659999999999572e-01 6.585170000000000190e-01 -2.649999999999999903e-04 -6.585170000000000190e-01 7.525659999999999572e-01 -2.000000000000000096e-04
2.500000000000000000e+01 1.160000000000000000e+02 1.600000000000000000e+01 0.000000000000000000e+00 1.600000000000000089e+00 -5.450000000000000200e-04 -1.848000000000000033e-03 9.999980000000000535e-01 7.536270000000000469e-01 6.572999999999999954e-01 1.624999999999999925e-03 -6.573020000000000529e-01 7.536270000000000469e-01 1.034999999999999896e-03
9.000000000000000000e+00 2.000000000000000000e+00 1.900000000000000000e+01 0.000000000000000000e+00 1.600000000000000089e+00 7.407999999999999655e-03 -5.866400000000000087e-02 -9.982499999999999707e-01 3.411069999999999935e-01 -9.382540000000000324e-01 5.766999999999999904e-02 -9.399950000000000250e-01 -3.409369999999999901e-01 1.306000000000000043e-02
1.600000000000000000e+01 2.000000000000000000e+00 1.900000000000000000e+01 0.000000000000000000e+00 1.600000000000000089e+00 7.212999999999999794e-03 -6.456900000000000139e-02 -9.978869999999999685e-01 3.677000000000000268e-01 -9.278290000000000148e-01 6.269299999999999873e-02 -9.299169999999999936e-01 -3.673750000000000071e-01 1.704900000000000165e-02
2.300000000000000000e+01 2.000000000000000000e+00 1.900000000000000000e+01 0.000000000000000000e+00 1.600000000000000089e+00 5.959999999999999586e-04 1.103099999999999914e-02 -9.999390000000000223e-01 3.648199999999999776e-01 -9.310239999999999627e-01 -1.005400000000000044e-02 -9.310779999999999612e-01 -3.647920000000000051e-01 -4.578999999999999737e-03
2.700000000000000000e+01 3.000000000000000000e+00 1.900000000000000000e+01 0.000000000000000000e+00 1.600000000000000089e+00 3.924000000000000404e-03 3.198600000000000054e-02 -9.994809999999999528e-01 3.394139999999999935e-01 -9.401969999999999494e-01 -2.875600000000000031e-02 -9.406290000000000484e-01 -3.391250000000000098e-01 -1.454599999999999990e-02
5.000000000000000000e+00 4.000000000000000000e+00 2.000000000000000000e+01 0.000000000000000000e+00 1.600000000000000089e+00 4.624999999999999771e-03 -1.271899999999999940e-02 -9.999080000000000190e-01 3.798259999999999970e-01 -9.249589999999999756e-01 1.352300000000000030e-02 -9.250460000000000349e-01 -3.798540000000000250e-01 5.529999999999999976e-04
5.000000000000000000e+00 1.300000000000000000e+01 2.000000000000000000e+01 0.000000000000000000e+00 1.600000000000000089e+00 6.380000000000000037e-04 -3.319999999999999926e-04 1.000000000000000000e+00 2.691290000000000071e-01 9.631039999999999601e-01 1.479999999999999925e-04 -9.631039999999999601e-01 2.691279999999999784e-01 7.029999999999999574e-04
1.100000000000000000e+01 1.300000000000000000e+01 2.000000000000000000e+01 0.000000000000000000e+00 1.600000000000000089e+00 4.229999999999999819e-04 1.157999999999999958e-03 9.999989999999999712e-01 2.594940000000000024e-01 9.657440000000000468e-01 -1.227999999999999925e-03 -9.657440000000000468e-01 2.594949999999999757e-01 1.079999999999999960e-04
1.900000000000000000e+01 1.300000000000000000e+01 2.000000000000000000e+01 0.000000000000000000e+00 1.600000000000000089e+00 6.009999999999999717e-04 8.245999999999999858e-03 9.999660000000000215e-01 2.610689999999999955e-01 9.652859999999999774e-01 -8.116999999999999216e-03 -9.653199999999999559e-01 2.610649999999999915e-01 -1.572999999999999962e-03
2.300000000000000000e+01 1.300000000000000000e+01 2.000000000000000000e+01 0.000000000000000000e+00 1.600000000000000089e+00 -8.469999999999999881e-04 -2.514000000000000175e-03 9.999970000000000248e-01 2.614460000000000117e-01 9.652140000000000164e-01 2.648000000000000180e-03 -9.652180000000000204e-01 2.614469999999999850e-01 -1.600000000000000131e-04
3.000000000000000000e+01 1.300000000000000000e+01 2.000000000000000000e+01 0.000000000000000000e+00 1.600000000000000089e+00 -3.648000000000000201e-03 -2.067999999999999960e-03 9.999909999999999632e-01 2.609139999999999793e-01 9.653580000000000494e-01 2.948000000000000100e-03 -9.653549999999999631e-01 2.609219999999999873e-01 -2.981999999999999842e-03
2.300000000000000000e+01 1.600000000000000000e+01 2.100000000000000000e+01 0.000000000000000000e+00 1.600000000000000089e+00 -1.827000000000000065e-03 -5.196000000000000098e-03 9.999850000000000128e-01 2.990160000000000040e-01 9.542319999999999691e-01 5.505000000000000344e-03 -9.542460000000000386e-01 2.990209999999999813e-01 -1.900000000000000105e-04
2.000000000000000000e+01 2.000000000000000000e+00 2.500000000000000000e+01 0.000000000000000000e+00 1.600000000000000089e+00 2.337999999999999801e-03 -9.209999999999999437e-03 9.999550000000000383e-01 6.821399999999999686e-02 -9.976270000000000415e-01 -9.348000000000000406e-03 9.976679999999999993e-01 6.823300000000000198e-02 -1.704000000000000003e-03
6.000000000000000000e+00 3.000000000000000000e+00 2.500000000000000000e+01 0.000000000000000000e+00 1.600000000000000089e+00 1.579000000000000108e-03 -1.847899999999999890e-02 9.998280000000000500e-01 -1.742000000000000146e-02 -9.996779999999999555e-01 -1.844900000000000012e-02 9.998470000000000413e-01 -1.738800000000000068e-02 -1.899999999999999996e-03
1.100000000000000000e+01 3.000000000000000000e+00 2.500000000000000000e+01 0.000000000000000000e+00 1.600000000000000089e+00 9.114999999999999838e-03 -4.975399999999999961e-02 9.987200000000000522e-01 2.706899999999999931e-02 -9.983830000000000204e-01 -4.998400000000000065e-02 9.995920000000000361e-01 2.749000000000000055e-02 -7.753000000000000343e-03
1.900000000000000000e+01 3.000000000000000000e+00 2.500000000000000000e+01 0.000000000000000000e+00 1.600000000000000089e+00 1.958000000000000105e-03 -1.299900000000000014e-02 9.999139999999999695e-01 -1.321300000000000079e-02 -9.998289999999999678e-01 -1.297199999999999916e-02 9.999109999999999943e-01 -1.318700000000000080e-02 -2.128999999999999816e-03
2.500000000000000000e+01 3.000000000000000000e+00 2.500000000000000000e+01 0.000000000000000000e+00 1.600000000000000089e+00 1.863000000000000073e-03 5.669999999999999693e-03 9.999820000000000375e-01 -1.853199999999999986e-02 -9.998120000000000340e-01 5.702999999999999736e-03 9.998270000000000213e-01 -1.854199999999999945e-02 -1.758000000000000014e-03
1.400000000000000000e+01 4.600000000000000000e+01 2.700000000000000000e+01 0.000000000000000000e+00 1.600000000000000089e+00 3.400000000000000244e-04 2.497000000000000088e-03 -9.999970000000000248e-01 6.728929999999999634e-01 7.397369999999999779e-01 2.076000000000000154e-03 7.397399999999999531e-01 -6.728920000000000456e-01 -1.428000000000000016e-03
2.300000000000000000e+01 4.600000000000000000e+01 2.700000000000000000e+01 0.000000000000000000e+00 1.600000000000000089e+00 -1.510000000000000112e-04 -5.100000000000000366e-04 -1.000000000000000000e+00 6.799600000000000088e-01 7.332490000000000396e-01 -4.769999999999999934e-04 7.332490000000000396e-01 -6.799600000000000088e-01 2.359999999999999902e-04
4.000000000000000000e+00 5.800000000000000000e+01 3.100000000000000000e+01 0.000000000000000000e+00 1.600000000000000089e+00 -4.274000000000000021e-03 -6.039000000000000097e-03 9.999730000000000008e-01 -7.621820000000000261e-01 -6.473229999999999817e-01 -7.167999999999999892e-03 6.473489999999999522e-01 -7.621919999999999806e-01 -1.835999999999999958e-03
2.200000000000000000e+01 5.800000000000000000e+01 3.100000000000000000e+01 0.000000000000000000e+00 1.600000000000000089e+00 -3.937000000000000395e-03 -8.878999999999999740e-03 9.999529999999999808e-01 -7.971310000000000340e-01 -6.037470000000000336e-01 -8.498999999999999611e-03 6.037940000000000529e-01 -7.971270000000000300e-01 -4.701000000000000317e-03
1.100000000000000000e+01 2.300000000000000000e+01 3.400000000000000000e+01 0.000000000000000000e+00 1.600000000000000089e+00 -1.216000000000000067e-03 6.246999999999999949e-03 9.999799999999999800e-01 4.069749999999999757e-01 -9.134179999999999522e-01 6.200999999999999915e-03 9.134379999999999722e-01 4.069740000000000024e-01 -1.431999999999999896e-03
3.000000000000000000e+00 4.600000000000000000e+01 3.500000000000000000e+01 0.000000000000000000e+00 1.600000000000000089e+00 1.139000000000000038e-03 1.577999999999999976e-03 -9.999980000000000535e-01 3.897430000000000061e-01 -9.209230000000000471e-01 -1.008999999999999914e-03 -9.209230000000000471e-01 -3.897410000000000041e-01 -1.663999999999999898e-03
1.000000000000000000e+01 4.600000000000000000e+01 3.500000000000000000e+01 0.000000000000000000e+00 1.600000000000000089e+00 2.999999999999999737e-04 1.090000000000000040e-03 -9.999989999999999712e-01 3.901950000000000141e-01 -9.207319999999999949e-01 -8.869999999999999846e-04 -9.207319999999999949e-01 -3.901950000000000141e-01 -7.020000000000000415e-04
1.600000000000000000e+01 4.600000000000000000e+01 3.500000000000000000e+01 0.000000000000000000e+00 1.600000000000000089e+00 2.018999999999999961e-03 2.935000000000000109e-03 -9.999940000000000495e-01 3.894299999999999984e-01 -9.210540000000000393e-01 -1.917000000000000084e-03 -9.210540000000000393e-01 -3.894230000000000191e-01 -3.003000000000000027e-03
2.100000000000000000e+01 4.600000000000000000e+01 3.500000000000000000e+01 0.000000000000000000e+00 1.600000000000000089e+00 -1.296000000000000060e-03 -2.158000000000000196e-03 -9.999970000000000248e-01 3.898389999999999911e-01 -9.208819999999999784e-01 1.482000000000000027e-03 -9.208819999999999784e-01 -3.898349999999999871e-01 2.034999999999999917e-03
2.500000000000000000e+01 4.600000000000000000e+01 3.500000000000000000e+01 0.000000000000000000e+00 1.600000000000000089e+00 -1.070999999999999903e-03 -1.358999999999999965e-03 -9.999989999999999712e-01 3.905000000000000138e-01 -9.206029999999999491e-01 8.329999999999999731e-04 -9.206020000000000314e-01 -3.904980000000000118e-01 1.516999999999999902e-03
2.900000000000000000e+01 4.600000000000000000e+01 3.500000000000000000e+01 0.000000000000000000e+00 1.600000000000000089e+00 -6.579999999999999478e-04 -1.941000000000000017e-03 -9.999980000000000535e-01 3.922200000000000131e-01 -9.198699999999999655e-01 1.526999999999999929e-03 -9.198709999999999942e-01 -3.922180000000000111e-01 1.366999999999999943e-03
1.000000000000000000e+00 2.900000000000000000e+01 4.400000000000000000e+01 0.000000000000000000e+00 1.600000000000000089e+00 -1.119999999999999902e-03 -5.377999999999999968e-03 -9.999850000000000128e-01 6.548829999999999929e-01 7.557150000000000256e-01 -4.798000000000000181e-03 7.557289999999999841e-01 -6.548789999999999889e-01 2.674999999999999861e-03
7.000000000000000000e+00 2.900000000000000000e+01 4.400000000000000000e+01 0.000000000000000000e+00 1.600000000000000089e+00 -7.060000000000000303e-04 -3.701999999999999996e-03 -9.999930000000000208e-01 6.574179999999999469e-01 7.535190000000000499e-01 -3.253999999999999948e-03 7.535260000000000291e-01 -6.574149999999999716e-01 1.902000000000000045e-03
1.200000000000000000e+01 2.900000000000000000e+01 4.400000000000000000e+01 0.000000000000000000e+00 1.600000000000000089e+00 4.730000000000000046e-04 5.090000000000000123e-04 -1.000000000000000000e+00 6.561320000000000485e-01 7.546460000000000390e-01 6.949999999999999798e-04 7.546460000000000390e-01 -6.561320000000000485e-01 2.300000000000000002e-05
1.800000000000000000e+01 2.900000000000000000e+01 4.400000000000000000e+01 0.000000000000000000e+00 1.600000000000000089e+00 4.972999999999999990e-03 4.547999999999999959e-03 -9.999770000000000048e-01 6.603919999999999790e-01 7.508920000000000039e-01 6.700000000000000226e-03 7.509050000000000447e-01 -6.604100000000000525e-01 7.299999999999999632e-04
2.300000000000000000e+01 2.900000000000000000e+01 4.400000000000000000e+01 0.000000000000000000e+00 1.600000000000000089e+00 -2.272000000000000148e-03 2.459999999999999947e-03 -9.999940000000000495e-01 6.591219999999999857e-01 7.520360000000000378e-01 3.530000000000000152e-04 7.520320000000000338e-01 -6.591179999999999817e-01 -3.331000000000000193e-03
7.000000000000000000e+00 5.000000000000000000e+00 5.100000000000000000e+01 0.000000000000000000e+00 1.600000000000000089e+00 1.263999999999999933e-03 -2.023000000000000059e-03 -9.999970000000000248e-01 4.866750000000000242e-01 -8.735800000000000232e-01 2.382000000000000003e-03 -8.735819999999999697e-01 -4.866770000000000262e-01 -1.200000000000000030e-04
1.500000000000000000e+01 1.150000000000000000e+02 5.100000000000000000e+01 0.000000000000000000e+00 1.600000000000000089e+00 -2.919999999999999961e-04 -4.356999999999999762e-03 9.999900000000000455e-01 8.443789999999999907e-01 -5.357420000000000515e-01 -2.086999999999999880e-03 5.357460000000000555e-01 8.443709999999999827e-01 3.836000000000000000e-03
4.000000000000000000e+00 7.000000000000000000e+00 5.200000000000000000e+01 0.000000000000000000e+00 1.600000000000000089e+00 1.461999999999999975e-03 -4.202000000000000006e-03 -9.999900000000000455e-01 1.234959999999999947e-01 -9.923359999999999959e-01 4.349999999999999700e-03 -9.923440000000000039e-01 -1.235009999999999997e-01 -9.319999999999999942e-04
9.000000000000000000e+00 6.300000000000000000e+01 5.400000000000000000e+01 0.000000000000000000e+00 1.600000000000000089e+00 -2.590000000000000071e-04 -1.484999999999999992e-03 9.999989999999999712e-01 -3.484459999999999780e-01 9.373280000000000500e-01 1.301999999999999989e-03 -9.373289999999999678e-01 -3.484450000000000047e-01 -7.600000000000000418e-04
1.300000000000000000e+01 6.300000000000000000e+01 5.400000000000000000e+01 0.000000000000000000e+00 1.600000000000000089e+00 -1.227000000000000009e-03 1.789999999999999870e-04 9.999989999999999712e-01 -3.497520000000000073e-01 9.368419999999999526e-01 -5.969999999999999829e-04 -9.368419999999999526e-01 -3.497520000000000073e-01 -1.087000000000000076e-03
1.800000000000000000e+01 6.300000000000000000e+01 5.400000000000000000e+01 0.000000000000000000e+00 1.600000000000000089e+00 1.310000000000000129e-04 2.786999999999999981e-03 9.999959999999999960e-01 -3.496770000000000156e-01 9.368670000000000053e-01 -2.565000000000000006e-03 -9.368699999999999806e-01 -3.496750000000000136e-01 1.098000000000000018e-03
2.400000000000000000e+01 6.300000000000000000e+01 5.400000000000000000e+01 0.000000000000000000e+00 1.600000000000000089e+00 1.474999999999999966e-03 6.290000000000000018e-04 9.999989999999999712e-01 -3.529209999999999847e-01 9.356529999999999569e-01 -6.799999999999999946e-05 -9.356520000000000392e-01 -3.529209999999999847e-01 1.601999999999999908e-03
2.900000000000000000e+01 6.300000000000000000e+01 5.400000000000000000e+01 0.000000000000000000e+00 1.600000000000000089e+00 -1.879999999999999890e-04 -5.829999999999999679e-04 1.000000000000000000e+00 -3.528649999999999842e-01 9.356740000000000057e-01 4.789999999999999879e-04 -9.356740000000000057e-01 -3.528649999999999842e-01 -3.809999999999999910e-04
1.100000000000000000e+01 2.500000000000000000e+01 5.500000000000000000e+01 0.000000000000000000e+00 1.600000000000000089e+00 -3.860000000000000041e-04 1.399999999999999986e-03 -9.999989999999999712e-01 -1.188099999999999920e-02 -9.999280000000000390e-01 -1.394999999999999973e-03 -9.999289999999999567e-01 1.188099999999999920e-02 4.029999999999999837e-04
2.600000000000000000e+01 2.500000000000000000e+01 5.500000000000000000e+01 0.000000000000000000e+00 1.600000000000000089e+00 -2.180000000000000134e-04 7.799999999999999859e-05 -1.000000000000000000e+00 -1.376400000000000019e-02 -9.999050000000000438e-01 -7.499999999999999343e-05 -9.999050000000000438e-01 1.376400000000000019e-02 2.190000000000000106e-04
1.700000000000000000e+01 6.800000000000000000e+01 5.700000000000000000e+01 0.000000000000000000e+00 1.600000000000000089e+00 2.420000000000000005e-04 -4.954000000000000070e-03 -9.999879999999999880e-01 -2.416850000000000109e-01 -9.703429999999999556e-01 4.748999999999999749e-03 -9.703549999999999676e-01 2.416800000000000059e-01 -1.431999999999999896e-03
2.800000000000000000e+01 5.900000000000000000e+01 5.900000000000000000e+01 0.000000000000000000e+00 1.600000000000000089e+00 -3.770000000000000022e-04 -3.752999999999999826e-03 -9.999930000000000208e-01 3.299259999999999970e-01 9.439999999999999503e-01 -3.667999999999999820e-03 9.440070000000000405e-01 -3.299250000000000238e-01 8.819999999999999715e-04
1.100000000000000000e+01 2.000000000000000000e+01 6.000000000000000000e+01 0.000000000000000000e+00 1.600000000000000089e+00 4.290000000000000193e-04 -8.772000000000000283e-03 9.999609999999999888e-01 -6.330500000000000016e-02 9.979559999999999542e-01 8.781999999999999876e-03 -9.979940000000000477e-01 -6.330600000000000116e-02 -1.269999999999999970e-04
4.000000000000000000e+00 2.100000000000000000e+01 6.000000000000000000e+01 0.000000000000000000e+00 1.600000000000000089e+00 -3.020000000000000223e-04 1.234999999999999987e-03 9.999989999999999712e-01 -9.432799999999999518e-02 9.955399999999999805e-01 -1.258000000000000004e-03 -9.955410000000000093e-01 -9.432799999999999518e-02 -1.840000000000000001e-04
1.800000000000000000e+01 2.100000000000000000e+01 6.000000000000000000e+01 0.000000000000000000e+00 1.600000000000000089e+00 -7.200000000000000453e-04 5.506999999999999743e-03 9.999850000000000128e-01 -9.526300000000000046e-02 9.954370000000000163e-01 -5.551000000000000378e-03 -9.954520000000000035e-01 -9.526600000000000346e-02 -1.930000000000000021e-04
2.400000000000000000e+01 2.100000000000000000e+01 6.000000000000000000e+01 0.000000000000000000e+00 1.600000000000000089e+00 7.380000000000000492e-04 -7.427999999999999707e-03 9.999719999999999720e-01 -9.667499999999999705e-02 9.952879999999999505e-01 7.465000000000000281e-03 -9.953159999999999785e-01 -9.667800000000000005e-02 1.599999999999999928e-05
2.800000000000000000e+01 2.100000000000000000e+01 6.000000000000000000e+01 0.000000000000000000e+00 1.600000000000000089e+00 2.619999999999999933e-03 -2.599000000000000182e-03 9.999930000000000208e-01 -9.716099999999999737e-02 9.952649999999999553e-01 2.841000000000000209e-03 -9.952649999999999553e-01 -9.716800000000000437e-02 2.354999999999999889e-03
1.100000000000000000e+01 6.700000000000000000e+01 6.000000000000000000e+01 0.000000000000000000e+00 1.600000000000000089e+00 -8.130000000000000291e-04 -3.946999999999999988e-03 9.999919999999999920e-01 1.733260000000000078e-01 -9.848569999999999824e-01 -3.746000000000000198e-03 9.848639999999999617e-01 1.733220000000000038e-01 1.484999999999999992e-03
1.900000000000000000e+01 6.700000000000000000e+01 6.000000000000000000e+01 0.000000000000000000e+00 1.600000000000000089e+00 -1.358000000000000049e-03 -3.184000000000000198e-03 9.999940000000000495e-01 1.749729999999999897e-01 -9.845690000000000275e-01 -2.896999999999999836e-03 9.845720000000000027e-01 1.749680000000000124e-01 1.894000000000000067e-03
3.000000000000000000e+00 2.700000000000000000e+01 6.300000000000000000e+01 0.000000000000000000e+00 1.600000000000000089e+00 -3.000000000000000076e-05 9.280000000000000054e-04 1.000000000000000000e+00 -2.752970000000000139e-01 9.613589999999999636e-01 -9.009999999999999997e-04 -9.613589999999999636e-01 -2.752970000000000139e-01 2.269999999999999882e-04
1.300000000000000000e+01 2.700000000000000000e+01 6.300000000000000000e+01 0.000000000000000000e+00 1.600000000000000089e+00 -4.040000000000000080e-04 -7.470000000000000511e-04 1.000000000000000000e+00 -2.746290000000000120e-01 9.615500000000000158e-01 6.080000000000000335e-04 -9.615500000000000158e-01 -2.746290000000000120e-01 -5.940000000000000184e-04
1.800000000000000000e+01 2.700000000000000000e+01 6.300000000000000000e+01 0.000000000000000000e+00 1.600000000000000089e+00 -1.064999999999999974e-03 -2.098000000000000038e-03 9.999970000000000248e-01 -2.755279999999999951e-01 9.612920000000000353e-01 1.724000000000000055e-03 -9.612929999999999531e-01 -2.755250000000000199e-01 -1.601999999999999908e-03
2.800000000000000000e+01 2.700000000000000000e+01 6.300000000000000000e+01 0.000000000000000000e+00 1.600000000000000089e+00 2.265000000000000086e-03 4.600000000000000139e-04 9.999970000000000248e-01 -2.738149999999999751e-01 9.617820000000000258e-01 1.779999999999999898e-04 -9.617799999999999683e-01 -2.738140000000000018e-01 2.305000000000000191e-03
4.000000000000000000e+00 2.600000000000000000e+01 6.400000000000000000e+01 0.000000000000000000e+00 1.600000000000000089e+00 -8.989999999999999511e-04 -1.820000000000000057e-04 1.000000000000000000e+00 -3.640829999999999900e-01 9.313669999999999449e-01 -1.579999999999999916e-04 -9.313660000000000272e-01 -3.640829999999999900e-01 -9.039999999999999642e-04
1.000000000000000000e+01 2.600000000000000000e+01 6.400000000000000000e+01 0.000000000000000000e+00 1.600000000000000089e+00 -1.069999999999999988e-04 -8.319999999999999488e-04 1.000000000000000000e+00 -3.650660000000000016e-01 9.309819999999999762e-01 7.360000000000000006e-04 -9.309819999999999762e-01 -3.650649999999999729e-01 -4.029999999999999837e-04
1.400000000000000000e+01 2.600000000000000000e+01 6.400000000000000000e+01 0.000000000000000000e+00 1.600000000000000089e+00 6.299999999999999990e-05 -1.361000000000000014e-03 9.999989999999999712e-01 -3.683660000000000267e-01 9.296799999999999509e-01 1.288999999999999998e-03 -9.296809999999999796e-01 -3.683660000000000267e-01 -4.429999999999999802e-04
1.800000000000000000e+01 2.600000000000000000e+01 6.400000000000000000e+01 0.000000000000000000e+00 1.600000000000000089e+00 -1.062000000000000010e-03 -1.583999999999999905e-03 9.999980000000000535e-01 -3.682849999999999735e-01 9.297119999999999829e-01 1.080999999999999930e-03 -9.297130000000000116e-01 -3.682830000000000270e-01 -1.570999999999999914e-03
2.900000000000000000e+01 2.600000000000000000e+01 6.400000000000000000e+01 0.000000000000000000e+00 1.600000000000000089e+00 3.670999999999999784e-03 1.802999999999999915e-03 9.999919999999999920e-01 -3.666280000000000094e-01 9.303679999999999728e-01 -3.319999999999999926e-04 -9.303599999999999648e-01 -3.666240000000000054e-01 4.075999999999999762e-03
9.000000000000000000e+00 6.900000000000000000e+01 6.600000000000000000e+01 0.000000000000000000e+00 1.600000000000000089e+00 -1.005999999999999950e-03 -1.495999999999999934e-03 9.999980000000000535e-01 -9.556360000000000410e-01 2.945510000000000073e-01 -5.199999999999999544e-04 -2.945499999999999785e-01 -9.556350000000000122e-01 -1.726000000000000104e-03
2.200000000000000000e+01 6.900000000000000000e+01 6.600000000000000000e+01 0.000000000000000000e+00 1.600000000000000089e+00 1.593000000000000015e-03 1.335000000000000032e-03 9.999980000000000535e-01 -9.536670000000000424e-01 3.008609999999999896e-01 1.118000000000000070e-03 -3.008589999999999876e-01 -9.536670000000000424e-01 1.752000000000000085e-03
4.000000000000000000e+00 2.500000000000000000e+01 7.300000000000000000e+01 0.000000000000000000e+00 1.600000000000000089e+00 2.610000000000000015e-04 -4.976000000000000388e-03 9.999879999999999880e-01 7.539639999999999675e-01 -6.569070000000000187e-01 -3.465999999999999897e-03 6.569160000000000554e-01 7.539550000000000418e-01 3.579999999999999849e-03
9.000000000000000000e+00 2.500000000000000000e+01 7.300000000000000000e+01 0.000000000000000000e+00 1.600000000000000089e+00 5.259999999999999919e-04 -6.790000000000000245e-04 1.000000000000000000e+00 7.545049999999999812e-01 -6.562940000000000440e-01 -8.419999999999999750e-04 6.562940000000000440e-01 7.545049999999999812e-01 1.669999999999999935e-04
1.600000000000000000e+01 2.500000000000000000e+01 7.300000000000000000e+01 0.000000000000000000e+00 1.600000000000000089e+00 -7.150000000000000322e-04 1.123999999999999999e-03 9.999989999999999712e-01 7.572269999999999834e-01 -6.531500000000000083e-01 1.275000000000000092e-03 6.531510000000000371e-01 7.572269999999999834e-01 -3.840000000000000097e-04
2.100000000000000000e+01 2.500000000000000000e+01 7.300000000000000000e+01 0.000000000000000000e+00 1.600000000000000089e+00 1.644999999999999978e-03 1.224999999999999960e-03 9.999980000000000535e-01 7.573499999999999677e-01 -6.530089999999999506e-01 -4.459999999999999989e-04 6.530070000000000041e-01 7.573490000000000499e-01 -2.001999999999999873e-03
2.600000000000000000e+01 2.500000000000000000e+01 7.300000000000000000e+01 0.000000000000000000e+00 1.600000000000000089e+00 -1.160000000000000007e-04 4.620000000000000083e-04 1.000000000000000000e+00 7.590440000000000520e-01 -6.510390000000000343e-01 3.890000000000000228e-04 6.510390000000000343e-01 7.590440000000000520e-01 -2.759999999999999867e-04
1.000000000000000000e+00 4.400000000000000000e+01 7.300000000000000000e+01 0.000000000000000000e+00 1.600000000000000089e+00 3.589999999999999984e-04 6.932999999999999927e-03 9.999759999999999760e-01 5.504099999999999965e-02 -9.984600000000000142e-01 6.903000000000000282e-03 9.984840000000000382e-01 5.503700000000000259e-02 -7.399999999999999894e-04
7.000000000000000000e+00 4.400000000000000000e+01 7.300000000000000000e+01 0.000000000000000000e+00 1.600000000000000089e+00 1.038999999999999993e-03 2.686000000000000019e-03 9.999959999999999960e-01 5.628199999999999870e-02 -9.984110000000000484e-01 2.622999999999999898e-03 9.984140000000000237e-01 5.627900000000000263e-02 -1.188999999999999953e-03
1.400000000000000000e+01 4.400000000000000000e+01 7.300000000000000000e+01 0.000000000000000000e+00 1.600000000000000089e+00 -6.199999999999999999e-04 -3.288999999999999823e-03 9.999940000000000495e-01 5.412200000000000344e-02 -9.985289999999999999e-01 -3.249999999999999851e-03 9.985340000000000327e-01 5.411900000000000044e-02 7.969999999999999654e-04
1.800000000000000000e+01 4.400000000000000000e+01 7.300000000000000000e+01 0.000000000000000000e+00 1.600000000000000089e+00 6.930000000000000396e-04 -2.618000000000000101e-03 9.999959999999999960e-01 5.392099999999999671e-02 -9.985420000000000407e-01 -2.651000000000000145e-03 9.985450000000000159e-01 5.392299999999999871e-02 -5.500000000000000331e-04
2.300000000000000000e+01 4.400000000000000000e+01 7.300000000000000000e+01 0.000000000000000000e+00 1.600000000000000089e+00 3.460000000000000076e-04 5.079999999999999880e-04 1.000000000000000000e+00 5.748899999999999844e-02 -9.983459999999999557e-01 4.870000000000000197e-04 9.983459999999999557e-01 5.748899999999999844e-02 -3.750000000000000078e-04
2.900000000000000000e+01 4.400000000000000000e+01 7.300000000000000000e+01 0.000000000000000000e+00 1.600000000000000089e+00 -1.644000000000000062e-03 -4.090000000000000211e-04 9.999989999999999712e-01 5.566499999999999920e-02 -9.984490000000000309e-01 -3.170000000000000075e-04 9.984480000000000022e-01 5.566399999999999820e-02 1.663999999999999898e-03
2.000000000000000000e+00 9.100000000000000000e+01 7.600000000000000000e+01 0.000000000000000000e+00 1.600000000000000089e+00 -5.760000000000000146e-04 9.319999999999999942e-04 9.999989999999999712e-01 3.275669999999999971e-01 -9.448269999999999724e-01 1.069000000000000072e-03 9.448280000000000012e-01 3.275680000000000258e-01 2.390000000000000089e-04
6.000000000000000000e+00 9.100000000000000000e+01 7.600000000000000000e+01 0.000000000000000000e+00 1.600000000000000089e+00 -6.859999999999999779e-04 -9.110000000000000259e-04 9.999989999999999712e-01 3.210959999999999925e-01 -9.470460000000000544e-01 -6.430000000000000169e-04 9.470460000000000544e-01 3.210959999999999925e-01 9.420000000000000205e-04
9.000000000000000000e+00 9.100000000000000000e+01 7.600000000000000000e+01 0.000000000000000000e+00 1.600000000000000089e+00 1.500000000000000038e-05 -2.113999999999999994e-03 9.999980000000000535e-01 3.155029999999999779e-01 -9.489229999999999610e-01 -2.011000000000000201e-03 9.489250000000000185e-01 3.155020000000000047e-01 6.530000000000000431e-04
1.600000000000000000e+01 9.100000000000000000e+01 7.600000000000000000e+01 0.000000000000000000e+00 1.600000000000000089e+00 -2.118999999999999790e-03 1.291999999999999963e-03 9.999970000000000248e-01 3.114129999999999954e-01 -9.502730000000000343e-01 1.887999999999999921e-03 9.502720000000000056e-01 3.114160000000000261e-01 1.611999999999999935e-03
2.000000000000000000e+01 9.100000000000000000e+01 7.600000000000000000e+01 0.000000000000000000e+00 1.600000000000000089e+00 -2.689999999999999791e-04 -1.590999999999999966e-03 9.999989999999999712e-01 3.203309999999999769e-01 -9.473049999999999526e-01 -1.420999999999999954e-03 9.473059999999999814e-01 3.203300000000000036e-01 7.640000000000000306e-04
2.500000000000000000e+01 9.100000000000000000e+01 7.600000000000000000e+01 0.000000000000000000e+00 1.600000000000000089e+00 2.103999999999999967e-03 -8.249999999999999955e-04 9.999970000000000248e-01 3.203010000000000024e-01 -9.473150000000000182e-01 -1.454999999999999913e-03 9.473129999999999606e-01 3.203030000000000044e-01 -1.729000000000000068e-03
2.900000000000000000e+01 9.100000000000000000e+01 7.600000000000000000e+01 0.000000000000000000e+00 1.600000000000000089e+00 5.899999999999999754e-05 -7.119999999999999593e-04 1.000000000000000000e+00 3.170239999999999725e-01 -9.484169999999999545e-01 -6.939999999999999555e-04 9.484169999999999545e-01 3.170239999999999725e-01 1.700000000000000122e-04
2.900000000000000000e+01 9.900000000000000000e+01 8.000000000000000000e+01 0.000000000000000000e+00 1.600000000000000089e+00 -1.404000000000000083e-03 -3.559000000000000098e-03 -9.999930000000000208e-01 -9.994450000000000278e-01 -3.326899999999999996e-02 1.521000000000000000e-03 -3.327499999999999902e-02 9.994399999999999951e-01 -3.510999999999999798e-03
2.000000000000000000e+01 1.020000000000000000e+02 8.200000000000000000e+01 0.000000000000000000e+00 1.600000000000000089e+00 -9.030000000000000483e-04 -3.203999999999999817e-03 -9.999940000000000495e-01 -6.377650000000000263e-01 7.702290000000000525e-01 -1.892000000000000019e-03 7.702299999999999702e-01 6.377599999999999936e-01 -2.737999999999999982e-03
1.000000000000000000e+00 4.400000000000000000e+01 8.300000000000000000e+01 0.000000000000000000e+00 1.600000000000000089e+00 9.470000000000000336e-04 -6.200000000000000270e-05 1.000000000000000000e+00 5.757449999999999513e-01 -8.176290000000000502e-01 -5.959999999999999586e-04 8.176280000000000214e-01 5.757459999999999800e-01 -7.389999999999999651e-04
