1.000000000000000000e+01 2.500000000000000000e+01 1.000000000000000000e+00 0.000000000000000000e+00 1.600000000000000089e+00 -1.358999999999999965e-03 -2.694999999999999913e-03 -9.999949999999999672e-01 -5.345600000000000351e-01 -8.451250000000000151e-01 3.004000000000000160e-03 -8.451290000000000191e-01 5.345619999999999816e-01 -2.930000000000000204e-04
1.700000000000000000e+01 2.500000000000000000e+01 1.000000000000000000e+00 0.000000000000000000e+00 1.600000000000000089e+00 -1.859999999999999945e-04 -1.186399999999999955e-02 -9.999299999999999855e-01 -5.359709999999999752e-01 -8.441760000000000375e-01 1.011599999999999999e-02 -8.442359999999999864e-01 5.359350000000000502e-01 -6.202000000000000048e-03
2.000000000000000000e+01 2.500000000000000000e+01 1.000000000000000000e+00 0.000000000000000000e+00 1.600000000000000089e+00 -8.790000000000000070e-04 6.315000000000000301e-03 -9.999799999999999800e-01 -5.356220000000000425e-01 -8.444439999999999724e-01 -4.862000000000000002e-03 -8.444570000000000132e-01 5.356070000000000553e-01 4.125000000000000194e-03
2.400000000000000000e+01 2.500000000000000000e+01 1.000000000000000000e+00 0.000000000000000000e+00 1.600000000000000089e+00 1.899999999999999996e-03 2.684699999999999934e-02 -9.996380000000000265e-01 -5.314499999999999780e-01 -8.467569999999999819e-01 -2.375100000000000128e-02 -8.470879999999999521e-01 5.313020000000000520e-01 1.265900000000000011e-02
5.000000000000000000e+00 1.500000000000000000e+01 4.000000000000000000e+00 0.000000000000000000e+00 1.600000000000000089e+00 1.544999999999999932e-03 -2.873000000000000120e-03 9.999949999999999672e-01 3.272209999999999841e-01 -9.449419999999999487e-01 -3.220999999999999905e-03 9.449469999999999814e-01 3.272240000000000149e-01 -5.199999999999999544e-04
1.300000000000000000e+01 1.500000000000000000e+01 4.000000000000000000e+00 0.000000000000000000e+00 1.600000000000000089e+00 3.820000000000000153e-04 -9.160000000000000390e-04 1.000000000000000000e+00 3.249810000000000199e-01 -9.457200000000000051e-01 -9.899999999999999946e-04 9.457210000000000338e-01 3.249810000000000199e-01 -6.399999999999999710e-05
1.900000000000000000e+01 1.500000000000000000e+01 4.000000000000000000e+00 0.000000000000000000e+00 1.600000000000000089e+00 1.930000000000000021e-04 2.575000000000000032e-03 9.999970000000000248e-01 3.197539999999999827e-01 -9.474979999999999514e-01 2.377999999999999906e-03 9.475010000000000376e-01 3.197530000000000094e-01 -1.005999999999999950e-03
1.400000000000000000e+01 9.000000000000000000e+01 4.000000000000000000e+00 0.000000000000000000e+00 1.600000000000000089e+00 2.115710000000000091e-01 5.847050000000000303e-01 -7.831719999999999793e-01 -3.055479999999999863e-01 8.007159999999999833e-01 5.152609999999999690e-01 9.283740000000000325e-01 1.302820000000000089e-01 3.480630000000000113e-01
4.000000000000000000e+00 8.700000000000000000e+01 6.000000000000000000e+00 0.000000000000000000e+00 1.600000000000000089e+00 -6.830570000000000253e-01 -6.366249999999999964e-01 -3.579689999999999817e-01 -7.291450000000000431e-01 6.227150000000000185e-01 2.838550000000000240e-01 4.220299999999999746e-02 4.549009999999999998e-01 -8.895420000000000549e-01
5.000000000000000000e+00 8.600000000000000000e+01 7.000000000000000000e+00 0.000000000000000000e+00 1.600000000000000089e+00 -6.870829999999999993e-01 -6.663320000000000354e-01 -2.896859999999999991e-01 -7.265139999999999931e-01 6.353769999999999696e-01 2.616740000000000177e-01 9.698000000000000023e-03 3.902530000000000165e-01 -9.206569999999999476e-01
2.800000000000000000e+01 1.010000000000000000e+02 7.000000000000000000e+00 0.000000000000000000e+00 1.600000000000000089e+00 -2.343100000000000044e-02 5.324000000000000260e-02 9.983070000000000555e-01 8.778409999999999824e-01 4.789269999999999916e-01 -4.937999999999999681e-03 -4.783789999999999987e-01 8.762389999999999901e-01 -5.795800000000000257e-02
1.000000000000000000e+00 2.500000000000000000e+01 8.000000000000000000e+00 0.000000000000000000e+00 1.600000000000000089e+00 -3.519999999999999908e-04 5.088999999999999774e-03 -9.999869999999999592e-01 4.511120000000000130e-01 8.924569999999999448e-01 4.382999999999999743e-03 8.924670000000000103e-01 -4.511040000000000050e-01 -2.609999999999999907e-03
6.000000000000000000e+00 2.500000000000000000e+01 8.000000000000000000e+00 0.000000000000000000e+00 1.600000000000000089e+00 1.630000000000000047e-04 -4.000000000000000192e-04 -1.000000000000000000e+00 4.530520000000000103e-01 8.914840000000000542e-01 -2.829999999999999942e-04 8.914840000000000542e-01 -4.530520000000000103e-01 3.269999999999999795e-04
1.500000000000000000e+01 2.500000000000000000e+01 8.000000000000000000e+00 0.000000000000000000e+00 1.600000000000000089e+00 1.273000000000000043e-03 5.692000000000000011e-03 -9.999829999999999552e-01 4.528070000000000150e-01 8.915910000000000224e-01 5.650999999999999773e-03 8.916079999999999561e-01 -4.528059999999999863e-01 -1.443000000000000055e-03
1.700000000000000000e+01 2.500000000000000000e+01 8.000000000000000000e+00 0.000000000000000000e+00 1.600000000000000089e+00 1.822000000000000052e-03 3.637000000000000042e-03 -9.999919999999999920e-01 4.511530000000000262e-01 8.924379999999999535e-01 4.067999999999999568e-03 8.924450000000000438e-01 -4.511560000000000015e-01 -1.500000000000000038e-05
2.200000000000000000e+01 2.500000000000000000e+01 8.000000000000000000e+00 0.000000000000000000e+00 1.600000000000000089e+00 1.569999999999999998e-03 2.458999999999999814e-03 -9.999959999999999960e-01 4.506470000000000198e-01 8.926969999999999628e-01 2.903000000000000198e-03 8.927009999999999668e-01 -4.506499999999999950e-01 2.930000000000000204e-04
2.800000000000000000e+01 2.500000000000000000e+01 8.000000000000000000e+00 0.000000000000000000e+00 1.600000000000000089e+00 -7.200000000000000182e-05 8.146999999999999728e-03 -9.999670000000000503e-01 4.525580000000000158e-01 8.917059999999999986e-01 7.231999999999999713e-03 8.917350000000000554e-01 -4.525419999999999998e-01 -3.752000000000000127e-03
5.000000000000000000e+00 2.400000000000000000e+01 9.000000000000000000e+00 0.000000000000000000e+00 1.600000000000000089e+00 -3.359999999999999814e-04 1.031000000000000015e-03 -9.999989999999999712e-01 4.553280000000000105e-01 8.903229999999999755e-01 7.649999999999999465e-04 8.903240000000000043e-01 -4.553280000000000105e-01 -7.680000000000000195e-04
9.000000000000000000e+00 2.400000000000000000e+01 9.000000000000000000e+00 0.000000000000000000e+00 1.600000000000000089e+00 -6.059999999999999849e-04 2.174000000000000151e-03 -9.999970000000000248e-01 4.568720000000000003e-01 8.895309999999999606e-01 1.657000000000000053e-03 8.895319999999999894e-01 -4.568699999999999983e-01 -1.531999999999999942e-03
1.300000000000000000e+01 2.400000000000000000e+01 9.000000000000000000e+00 0.000000000000000000e+00 1.600000000000000089e+00 6.260000000000000373e-04 4.903000000000000240e-03 -9.999879999999999880e-01 4.559309999999999752e-01 8.900029999999999886e-01 4.649000000000000354e-03 8.900150000000000006e-01 -4.559279999999999999e-01 -1.678000000000000021e-03
1.700000000000000000e+01 2.400000000000000000e+01 9.000000000000000000e+00 0.000000000000000000e+00 1.600000000000000089e+00 2.062000000000000031e-03 3.082999999999999803e-03 -9.999930000000000208e-01 4.538679999999999937e-01 8.910609999999999919e-01 3.683000000000000076e-03 8.910660000000000247e-01 -4.538730000000000264e-01 4.380000000000000213e-04
2.200000000000000000e+01 2.400000000000000000e+01 9.000000000000000000e+00 0.000000000000000000e+00 1.600000000000000089e+00 7.010000000000000172e-04 5.738000000000000045e-03 -9.999829999999999552e-01 4.533980000000000232e-01 8.912919999999999732e-01 5.432000000000000196e-03 8.913079999999999892e-01 -4.533940000000000192e-01 -1.977000000000000025e-03
2.900000000000000000e+01 2.400000000000000000e+01 9.000000000000000000e+00 0.000000000000000000e+00 1.600000000000000089e+00 7.200000000000000182e-05 7.681999999999999593e-03 -9.999710000000000543e-01 4.549940000000000095e-01 8.904680000000000373e-01 6.872999999999999769e-03 8.904940000000000078e-01 -4.549810000000000243e-01 -3.431000000000000022e-03
3.000000000000000000e+00 8.900000000000000000e+01 9.000000000000000000e+00 0.000000000000000000e+00 1.600000000000000089e+00 -9.394069999999999920e-01 -6.192099999999999688e-02 -3.371649999999999925e-01 -1.515070000000000028e-01 9.572730000000000405e-01 2.463229999999999864e-01 3.075060000000000016e-01 2.824800000000000089e-01 -9.086499999999999577e-01
7.000000000000000000e+00 1.200000000000000000e+01 1.000000000000000000e+01 0.000000000000000000e+00 1.600000000000000089e+00 -2.632999999999999924e-03 8.610000000000000032e-04 -9.999959999999999960e-01 -5.520140000000000047e-01 -8.338339999999999641e-01 7.349999999999999763e-04 -8.338309999999999889e-01 5.520140000000000047e-01 2.671000000000000197e-03
2.600000000000000000e+01 1.200000000000000000e+01 1.000000000000000000e+01 0.000000000000000000e+00 1.600000000000000089e+00 2.043000000000000111e-03 6.002000000000000390e-03 -9.999799999999999800e-01 -5.534540000000000015e-01 -8.328569999999999585e-01 -6.130000000000000032e-03 -8.328769999999999785e-01 5.534559999999999480e-01 1.621000000000000045e-03
2.500000000000000000e+01 4.000000000000000000e+00 1.100000000000000000e+01 0.000000000000000000e+00 1.600000000000000089e+00 1.838100000000000150e-02 -1.250640000000000085e-01 -9.919780000000000264e-01 1.295779999999999987e-01 9.840759999999999508e-01 -1.216669999999999974e-01 9.913990000000000302e-01 -1.263029999999999986e-01 3.429399999999999810e-02
2.200000000000000000e+01 3.100000000000000000e+01 1.200000000000000000e+01 0.000000000000000000e+00 1.600000000000000089e+00 -5.133000000000000410e-03 -2.469599999999999920e-02 9.996819999999999595e-01 -1.611500000000000085e-02 9.995669999999999833e-01 2.461100000000000093e-02 -9.998569999999999958e-01 -1.598400000000000168e-02 -5.527999999999999928e-03
2.700000000000000000e+01 3.100000000000000000e+01 1.200000000000000000e+01 0.000000000000000000e+00 1.600000000000000089e+00 -5.630000000000000239e-04 -2.079900000000000151e-02 9.997840000000000060e-01 -2.630899999999999905e-02 9.994380000000000486e-01 2.077700000000000033e-02 -9.996540000000000425e-01 -2.629199999999999940e-02 -1.110000000000000092e-03
2.100000000000000000e+01 3.500000000000000000e+01 1.200000000000000000e+01 0.000000000000000000e+00 1.600000000000000089e+00 -1.126399999999999971e-02 1.445500000000000083e-02 -9.998320000000000540e-01 5.002520000000000300e-01 -8.656890000000000418e-01 -1.815100000000000047e-02 -8.658059999999999645e-01 -5.003729999999999567e-01 2.520000000000000104e-03
6.000000000000000000e+00 8.400000000000000000e+01 1.200000000000000000e+01 0.000000000000000000e+00 1.600000000000000089e+00 -7.830709999999999615e-01 -5.941600000000000215e-01 -1.837769999999999959e-01 -6.219149999999999956e-01 7.458609999999999962e-01 2.385639999999999983e-01 -4.673000000000000070e-03 3.011059999999999848e-01 -9.535789999999999544e-01
1.100000000000000000e+01 9.600000000000000000e+01 1.200000000000000000e+01 0.000000000000000000e+00 1.600000000000000089e+00 -1.380100000000000077e-02 8.394599999999999840e-01 -5.432470000000000354e-01 -9.146009999999999973e-01 2.089820000000000011e-01 3.461679999999999757e-01 4.041230000000000100e-01 5.016310000000000491e-01 7.648859999999999548e-01
8.000000000000000000e+00 1.160000000000000000e+02 1.600000000000000000e+01 0.000000000000000000e+00 1.600000000000000089e+00 -8.595000000000000209e-03 -8.446999999999999648e-03 9.999270000000000103e-01 7.502170000000000227e-01 6.610819999999999474e-01 1.203399999999999956e-02 -6.611359999999999459e-01 7.502659999999999885e-01 6.549999999999999833e-04
1.000000000000000000e+00 2.000000000000000000e+00 1.900000000000000000e+01 0.000000000000000000e+00 1.600000000000000089e+00 1.484000000000000076e-03 -2.524000000000000202e-03 -9.999959999999999960e-01 1.533460000000000101e-01 -9.881689999999999641e-01 2.722000000000000027e-03 -9.881710000000000216e-01 -1.533499999999999863e-01 -1.080000000000000014e-03
7.000000000000000000e+00 2.000000000000000000e+00 1.900000000000000000e+01 0.000000000000000000e+00 1.600000000000000089e+00 1.843000000000000020e-03 2.696000000000000046e-03 -9.999949999999999672e-01 1.526740000000000042e-01 -9.882739999999999858e-01 -2.383000000000000135e-03 -9.882750000000000146e-01 -1.526689999999999992e-01 -2.233000000000000176e-03
1.000000000000000000e+01 2.000000000000000000e+00 1.900000000000000000e+01 0.000000000000000000e+00 1.600000000000000089e+00 2.439000000000000196e-03 -7.079999999999999705e-04 -9.999970000000000248e-01 1.573219999999999896e-01 -9.875469999999999526e-01 1.082999999999999978e-03 -9.875439999999999774e-01 -1.573239999999999916e-01 -2.296999999999999997e-03
1.600000000000000000e+01 2.000000000000000000e+00 1.900000000000000000e+01 0.000000000000000000e+00 1.600000000000000089e+00 4.295000000000000207e-03 -2.679099999999999884e-02 -9.996319999999999650e-01 1.531510000000000093e-01 -9.878299999999999859e-01 2.713300000000000087e-02 -9.881929999999999881e-01 -1.532110000000000138e-01 -1.399999999999999877e-04
4.000000000000000000e+00 1.300000000000000000e+01 2.000000000000000000e+01 0.000000000000000000e+00 1.600000000000000089e+00 -2.781000000000000052e-03 -8.448999999999999913e-03 9.999599999999999600e-01 2.487959999999999894e-01 9.685150000000000148e-01 8.874999999999999209e-03 -9.685519999999999685e-01 2.488110000000000044e-01 -5.919999999999999698e-04
6.000000000000000000e+00 1.300000000000000000e+01 2.000000000000000000e+01 0.000000000000000000e+00 1.600000000000000089e+00 -1.510999999999999973e-03 -8.824999999999999512e-03 9.999599999999999600e-01 2.492179999999999951e-01 9.684059999999999890e-01 8.923000000000000376e-03 -9.684460000000000290e-01 2.492209999999999981e-01 7.360000000000000006e-04
1.200000000000000000e+01 1.300000000000000000e+01 2.000000000000000000e+01 0.000000000000000000e+00 1.600000000000000089e+00 4.995000000000000308e-03 7.198999999999999670e-03 9.999620000000000175e-01 2.478160000000000085e-01 9.687719999999999665e-01 -8.212999999999999814e-03 -9.687940000000000440e-01 2.478480000000000127e-01 3.054999999999999990e-03
1.700000000000000000e+01 1.300000000000000000e+01 2.000000000000000000e+01 0.000000000000000000e+00 1.600000000000000089e+00 -1.268999999999999946e-03 -6.419999999999999925e-04 9.999989999999999712e-01 2.459989999999999954e-01 9.692699999999999649e-01 9.349999999999999587e-04 -9.692690000000000472e-01 2.459999999999999964e-01 -1.072000000000000036e-03
2.100000000000000000e+01 1.300000000000000000e+01 2.000000000000000000e+01 0.000000000000000000e+00 1.600000000000000089e+00 -2.347999999999999827e-03 -3.909000000000000148e-03 9.999900000000000455e-01 2.468289999999999929e-01 9.690490000000000492e-01 4.368000000000000355e-03 -9.690560000000000285e-01 2.468370000000000009e-01 -1.309999999999999967e-03
2.700000000000000000e+01 1.300000000000000000e+01 2.000000000000000000e+01 0.000000000000000000e+00 1.600000000000000089e+00 -4.413000000000000256e-03 -1.525999999999999926e-02 9.998740000000000405e-01 2.520859999999999768e-01 9.675749999999999629e-01 1.587900000000000075e-02 -9.676949999999999719e-01 2.521240000000000148e-01 -4.229999999999999819e-04
3.000000000000000000e+01 1.300000000000000000e+01 2.000000000000000000e+01 0.000000000000000000e+00 1.600000000000000089e+00 -7.023999999999999862e-03 -2.447900000000000076e-02 9.996760000000000090e-01 2.559819999999999873e-01 9.663460000000000383e-01 2.546100000000000099e-02 -9.666559999999999597e-01 2.560779999999999723e-01 -5.209999999999999788e-04
2.000000000000000000e+00 1.600000000000000000e+01 2.100000000000000000e+01 0.000000000000000000e+00 1.600000000000000089e+00 -4.159000000000000370e-03 -7.376999999999999877e-03 9.999639999999999640e-01 2.977219999999999867e-01 9.546170000000000488e-01 8.281000000000000166e-03 -9.546440000000000481e-01 2.977460000000000107e-01 -1.773999999999999969e-03
7.000000000000000000e+00 1.600000000000000000e+01 2.100000000000000000e+01 0.000000000000000000e+00 1.600000000000000089e+00 -6.830000000000000134e-04 -5.865999999999999687e-03 9.999829999999999552e-01 2.991010000000000058e-01 9.542040000000000521e-01 5.801999999999999866e-03 -9.542209999999999859e-01 2.990999999999999770e-01 1.103000000000000031e-03
1.000000000000000000e+01 1.600000000000000000e+01 2.100000000000000000e+01 0.000000000000000000e+00 1.600000000000000089e+00 4.871000000000000330e-03 5.806000000000000397e-03 9.999710000000000543e-01 2.984479999999999911e-01 9.544000000000000261e-01 -6.995000000000000349e-03 -9.544129999999999558e-01 2.984740000000000171e-01 2.916000000000000189e-03
2.700000000000000000e+01 1.600000000000000000e+01 2.100000000000000000e+01 0.000000000000000000e+00 1.600000000000000089e+00 -2.582999999999999793e-03 -8.245000000000000592e-03 9.999630000000000463e-01 2.985599999999999921e-01 9.543519999999999781e-01 8.640000000000000110e-03 -9.543880000000000141e-01 2.985709999999999753e-01 -3.000000000000000076e-06
1.500000000000000000e+01 4.600000000000000000e+01 2.700000000000000000e+01 0.000000000000000000e+00 1.600000000000000089e+00 1.127099999999999977e-02 1.722800000000000026e-02 -9.997880000000000100e-01 6.349690000000000056e-01 7.722670000000000368e-01 2.046600000000000155e-02 7.724560000000000315e-01 -6.350649999999999906e-01 -2.235000000000000007e-03
2.100000000000000000e+01 4.600000000000000000e+01 2.700000000000000000e+01 0.000000000000000000e+00 1.600000000000000089e+00 -2.089999999999999844e-03 -9.459999999999999659e-03 -9.999529999999999808e-01 6.784259999999999735e-01 7.346209999999999685e-01 -8.368000000000000438e-03 7.346660000000000412e-01 -6.784120000000000150e-01 4.882000000000000055e-03
2.400000000000000000e+01 4.600000000000000000e+01 3.000000000000000000e+01 0.000000000000000000e+00 1.600000000000000089e+00 -2.519999999999999996e-04 -4.480999999999999740e-03 -9.999900000000000455e-01 3.247599999999999931e-01 9.457860000000000156e-01 -4.320000000000000055e-03 9.457959999999999701e-01 -3.247579999999999911e-01 1.216999999999999983e-03
9.000000000000000000e+00 8.000000000000000000e+01 3.000000000000000000e+01 0.000000000000000000e+00 1.600000000000000089e+00 -9.172949999999999715e-01 -3.903530000000000055e-01 -7.870399999999999618e-02 -3.982029999999999736e-01 8.981719999999999704e-01 1.863390000000000046e-01 -2.049000000000000040e-03 2.022680000000000033e-01 -9.793279999999999763e-01
1.000000000000000000e+01 9.000000000000000000e+01 3.000000000000000000e+01 0.000000000000000000e+00 1.600000000000000089e+00 -9.294360000000000399e-01 3.247789999999999844e-01 -1.751209999999999989e-01 2.585520000000000040e-01 9.118490000000000206e-01 3.188770000000000215e-01 2.632479999999999820e-01 2.510970000000000146e-01 -9.314769999999999994e-01
7.000000000000000000e+00 5.100000000000000000e+01 3.100000000000000000e+01 0.000000000000000000e+00 1.600000000000000089e+00 2.516799999999999940e-02 3.984269999999999756e-01 -9.168549999999999756e-01 5.481700000000000461e-01 -7.724659999999999860e-01 -3.206339999999999746e-01 -8.359879999999999534e-01 -4.945229999999999904e-01 -2.378470000000000029e-01
7.000000000000000000e+00 5.200000000000000000e+01 3.200000000000000000e+01 0.000000000000000000e+00 1.600000000000000089e+00 3.789700000000000013e-02 4.215510000000000090e-01 -9.060120000000000395e-01 5.385699999999999932e-01 -7.723290000000000433e-01 -3.368229999999999835e-01 -8.417280000000000317e-01 -4.751870000000000260e-01 -2.563039999999999763e-01
1.800000000000000000e+01 5.600000000000000000e+01 3.300000000000000000e+01 0.000000000000000000e+00 1.600000000000000089e+00 1.294170000000000043e-01 1.750289999999999901e-01 -9.760199999999999987e-01 2.829329999999999901e-01 -9.498980000000000201e-01 -1.328290000000000026e-01 -9.503690000000000193e-01 -2.589580000000000215e-01 -1.724539999999999962e-01
2.700000000000000000e+01 8.000000000000000000e+00 3.500000000000000000e+01 0.000000000000000000e+00 1.600000000000000089e+00 1.201630000000000059e-01 -2.740890000000000271e-01 -9.541680000000000161e-01 -8.362079999999999513e-01 -5.459870000000000001e-01 5.152899999999999842e-02 -5.350859999999999506e-01 7.916900000000000048e-01 -2.948029999999999817e-01
1.600000000000000000e+01 4.600000000000000000e+01 3.500000000000000000e+01 0.000000000000000000e+00 1.600000000000000089e+00 1.273400000000000053e-02 8.002700000000000091e-02 -9.967110000000000136e-01 3.803420000000000134e-01 -9.222540000000000182e-01 -6.919000000000000150e-02 -9.247579999999999689e-01 -3.782099999999999906e-01 -4.218100000000000321e-02
2.200000000000000000e+01 4.600000000000000000e+01 3.500000000000000000e+01 0.000000000000000000e+00 1.600000000000000089e+00 7.169999999999999724e-04 8.330999999999999864e-03 -9.999649999999999928e-01 3.902680000000000038e-01 -9.206720000000000459e-01 -7.389999999999999868e-03 -9.207009999999999916e-01 -3.902490000000000125e-01 -3.911999999999999679e-03
2.700000000000000000e+01 4.600000000000000000e+01 3.500000000000000000e+01 0.000000000000000000e+00 1.600000000000000089e+00 -2.099999999999999884e-05 7.751000000000000077e-03 -9.999700000000000255e-01 3.909039999999999737e-01 -9.204039999999999999e-01 -7.141999999999999911e-03 -9.204309999999999992e-01 -3.908929999999999905e-01 -3.010000000000000089e-03
1.000000000000000000e+01 7.900000000000000000e+01 3.500000000000000000e+01 0.000000000000000000e+00 1.600000000000000089e+00 -9.399690000000000545e-01 -3.375090000000000034e-01 -5.044799999999999979e-02 -3.411589999999999900e-01 9.257950000000000346e-01 1.628340000000000065e-01 -8.252999999999999919e-03 1.702700000000000047e-01 -9.853629999999999889e-01
1.100000000000000000e+01 8.900000000000000000e+01 3.500000000000000000e+01 0.000000000000000000e+00 1.600000000000000089e+00 -6.058599999999999541e-01 7.671729999999999938e-01 -2.106649999999999912e-01 7.195120000000000404e-01 6.413649999999999629e-01 2.663699999999999957e-01 3.394650000000000167e-01 9.806999999999999745e-03 -9.405679999999999596e-01
1.700000000000000000e+01 7.400000000000000000e+01 3.600000000000000000e+01 0.000000000000000000e+00 1.600000000000000089e+00 -4.300760000000000138e-01 8.560649999999999649e-01 2.866850000000000231e-01 -8.944330000000000336e-01 -3.609240000000000226e-01 -2.640509999999999802e-01 -1.225730000000000014e-01 -3.699830000000000063e-01 9.209169999999999856e-01
1.100000000000000000e+01 7.800000000000000000e+01 3.600000000000000000e+01 0.000000000000000000e+00 1.600000000000000089e+00 -7.865799999999999459e-01 -6.135739999999999528e-01 -6.941500000000000448e-02 -6.158099999999999685e-01 7.711890000000000134e-01 1.613880000000000037e-01 -4.549199999999999772e-02 1.696910000000000085e-01 -9.844469999999999610e-01
2.300000000000000000e+01 6.700000000000000000e+01 4.300000000000000000e+01 0.000000000000000000e+00 1.600000000000000089e+00 -7.200000000000000182e-05 2.464200000000000071e-02 -9.996960000000000290e-01 -4.521399999999999864e-01 8.916749999999999954e-01 2.201200000000000032e-02 8.919470000000000454e-01 4.520040000000000169e-01 1.107700000000000004e-02
3.000000000000000000e+00 2.900000000000000000e+01 4.400000000000000000e+01 0.000000000000000000e+00 1.600000000000000089e+00 7.479999999999999670e-04 -9.529999999999999626e-04 -9.999989999999999712e-01 6.534680000000000488e-01 7.569540000000000157e-01 -2.329999999999999986e-04 7.569540000000000157e-01 -6.534670000000000201e-01 1.188999999999999953e-03
6.000000000000000000e+00 2.900000000000000000e+01 4.400000000000000000e+01 0.000000000000000000e+00 1.600000000000000089e+00 9.319999999999999942e-04 -1.456000000000000046e-03 -9.999989999999999712e-01 6.564109999999999667e-01 7.544039999999999635e-01 -4.870000000000000197e-04 7.544030000000000458e-01 -6.564090000000000202e-01 1.659000000000000101e-03
1.700000000000000000e+01 2.900000000000000000e+01 4.400000000000000000e+01 0.000000000000000000e+00 1.600000000000000089e+00 -1.683999999999999950e-03 4.146999999999999645e-03 -9.999900000000000455e-01 6.575969999999999871e-01 7.533670000000000089e-01 2.017000000000000130e-03 7.533680000000000376e-01 -6.575870000000000326e-01 -3.995000000000000287e-03
2.000000000000000000e+01 2.900000000000000000e+01 4.400000000000000000e+01 0.000000000000000000e+00 1.600000000000000089e+00 -1.812999999999999941e-03 4.789999999999999987e-03 -9.999869999999999592e-01 6.602209999999999468e-01 7.510679999999999579e-01 2.400999999999999922e-03 7.510689999999999866e-01 -6.602080000000000171e-01 -4.524000000000000243e-03
2.600000000000000000e+01 2.900000000000000000e+01 4.400000000000000000e+01 0.000000000000000000e+00 1.600000000000000089e+00 -8.300000000000000086e-04 -1.147999999999999932e-03 -9.999989999999999712e-01 6.600909999999999833e-01 7.511839999999999629e-01 -1.410000000000000012e-03 7.511849999999999916e-01 -6.600909999999999833e-01 1.350000000000000017e-04
2.900000000000000000e+01 2.900000000000000000e+01 4.400000000000000000e+01 0.000000000000000000e+00 1.600000000000000089e+00 -2.263999999999999953e-03 -2.660000000000000038e-03 -9.999940000000000495e-01 6.609249999999999847e-01 7.504440000000000000e-01 -3.491999999999999878e-03 7.504480000000000040e-01 -6.609289999999999887e-01 5.899999999999999754e-05
2.100000000000000000e+01 6.900000000000000000e+01 4.700000000000000000e+01 0.000000000000000000e+00 1.600000000000000089e+00 -9.622400000000000397e-02 -1.784070000000000100e-01 -9.792410000000000281e-01 -9.918169999999999487e-01 -6.574299999999999589e-02 1.094370000000000065e-01 -8.390300000000000535e-02 9.817580000000000195e-01 -1.706209999999999949e-01
1.000000000000000000e+01 5.900000000000000000e+01 4.800000000000000000e+01 0.000000000000000000e+00 1.600000000000000089e+00 4.849370000000000069e-01 3.321700000000000208e-01 -8.090110000000000356e-01 -8.352410000000000112e-01 4.501290000000000013e-01 -3.158429999999999849e-01 2.592459999999999765e-01 8.288830000000000364e-01 4.957260000000000000e-01
2.400000000000000000e+01 6.800000000000000000e+01 4.800000000000000000e+01 0.000000000000000000e+00 1.600000000000000089e+00 -2.941699999999999871e-02 -1.575739999999999919e-01 -9.870689999999999742e-01 -9.689609999999999612e-01 -2.379989999999999883e-01 6.687099999999999989e-02 -2.454590000000000105e-01 9.583979999999999722e-01 -1.456810000000000049e-01
2.800000000000000000e+01 6.100000000000000000e+01 4.900000000000000000e+01 0.000000000000000000e+00 1.600000000000000089e+00 -1.605799999999999936e-02 -3.229000000000000099e-03 9.998660000000000325e-01 -6.392900000000000249e-01 7.689259999999999984e-01 -7.784000000000000120e-03 -7.687979999999999814e-01 -6.393299999999999539e-01 -1.441199999999999946e-02
1.000000000000000000e+01 7.400000000000000000e+01 4.900000000000000000e+01 0.000000000000000000e+00 1.600000000000000089e+00 4.305300000000000099e-02 5.813289999999999846e-01 8.125289999999999457e-01 -9.658830000000000471e-01 2.321030000000000038e-01 -1.148799999999999960e-01 -2.553739999999999899e-01 -7.798620000000000552e-01 5.714879999999999960e-01
5.000000000000000000e+00 5.000000000000000000e+00 5.100000000000000000e+01 0.000000000000000000e+00 1.600000000000000089e+00 1.521999999999999915e-03 -2.367000000000000180e-03 -9.999959999999999960e-01 4.895189999999999819e-01 -8.719879999999999853e-01 2.808999999999999865e-03 -8.719909999999999606e-01 -4.895209999999999839e-01 -1.679999999999999907e-04
1.200000000000000000e+01 5.000000000000000000e+00 5.100000000000000000e+01 0.000000000000000000e+00 1.600000000000000089e+00 2.311000000000000120e-03 9.000000000000000228e-06 -9.999970000000000248e-01 4.846440000000000192e-01 -8.747110000000000163e-01 1.111999999999999924e-03 -8.747080000000000410e-01 -4.846449999999999925e-01 -2.026000000000000023e-03
2.100000000000000000e+01 5.000000000000000000e+00 5.100000000000000000e+01 0.000000000000000000e+00 1.600000000000000089e+00 -1.108000000000000044e-03 -2.750000000000000166e-04 -9.999989999999999712e-01 4.829229999999999912e-01 -8.756629999999999692e-01 -2.939999999999999905e-04 -8.756620000000000514e-01 -4.829229999999999912e-01 1.103000000000000031e-03
2.500000000000000000e+01 5.000000000000000000e+00 5.100000000000000000e+01 0.000000000000000000e+00 1.600000000000000089e+00 -4.717999999999999972e-03 -1.975999999999999892e-03 -9.999869999999999592e-01 4.866940000000000155e-01 -8.735720000000000152e-01 -5.699999999999999772e-04 -8.735600000000000032e-01 -4.866900000000000115e-01 5.082999999999999845e-03
1.100000000000000000e+01 6.400000000000000000e+01 5.100000000000000000e+01 0.000000000000000000e+00 1.600000000000000089e+00 1.269609999999999905e-01 -3.708859999999999935e-01 -9.199589999999999712e-01 5.311160000000000325e-01 8.087250000000000272e-01 -2.527440000000000242e-01 8.377329999999999499e-01 -4.565170000000000061e-01 2.996599999999999819e-01
1.700000000000000000e+01 1.150000000000000000e+02 5.100000000000000000e+01 0.000000000000000000e+00 1.600000000000000089e+00 -1.016599999999999969e-02 7.884999999999999648e-03 9.999169999999999447e-01 8.509799999999999587e-01 -5.250430000000000375e-01 1.279199999999999955e-02 5.251000000000000112e-01 8.510389999999999899e-01 -1.373000000000000088e-03
2.000000000000000000e+00 7.000000000000000000e+00 5.200000000000000000e+01 0.000000000000000000e+00 1.600000000000000089e+00 4.235000000000000049e-03 -2.259999999999999856e-03 -9.999879999999999880e-01 1.100450000000000039e-01 -9.939230000000000009e-01 2.712000000000000001e-03 -9.939179999999999682e-01 -1.100550000000000000e-01 -3.961000000000000111e-03
8.000000000000000000e+00 8.000000000000000000e+01 5.200000000000000000e+01 0.000000000000000000e+00 1.600000000000000089e+00 5.964900000000000063e-02 -1.797620000000000051e-01 9.818999999999999950e-01 1.069930000000000048e-01 9.791360000000000063e-01 1.727569999999999939e-01 -9.924690000000000456e-01 9.475100000000000189e-02 7.763799999999999868e-02
2.700000000000000000e+01 6.300000000000000000e+01 5.400000000000000000e+01 0.000000000000000000e+00 1.600000000000000089e+00 1.017900000000000055e-02 3.239999999999999825e-02 9.994229999999999503e-01 -1.901720000000000077e-01 9.812959999999999461e-01 -2.987599999999999978e-02 -9.816979999999999595e-01 -1.897580000000000100e-01 1.615000000000000116e-02
2.200000000000000000e+01 7.100000000000000000e+01 5.400000000000000000e+01 0.000000000000000000e+00 1.600000000000000089e+00 -2.283060000000000089e-01 6.249780000000000335e-01 7.465110000000000356e-01 -9.621750000000000025e-01 -2.777299999999999908e-02 -2.710110000000000019e-01 -1.486429999999999974e-01 -7.801479999999999526e-01 6.076789999999999692e-01
2.900000000000000000e+01 7.500000000000000000e+01 5.400000000000000000e+01 0.000000000000000000e+00 1.600000000000000089e+00 -4.369580000000000131e-01 -4.924100000000000005e-02 8.981329999999999592e-01 -8.847770000000000357e-01 -1.562820000000000042e-01 -4.390290000000000026e-01 1.619800000000000129e-01 -9.864840000000000275e-01 2.472099999999999992e-02
5.000000000000000000e+00 2.500000000000000000e+01 5.500000000000000000e+01 0.000000000000000000e+00 1.600000000000000089e+00 -1.003999999999999901e-03 -2.950000000000000148e-04 -9.999989999999999712e-01 -1.048600000000000053e-02 -9.999449999999999728e-01 3.049999999999999868e-04 -9.999449999999999728e-01 1.048600000000000053e-02 1.000999999999999937e-03
1.000000000000000000e+01 2.500000000000000000e+01 5.500000000000000000e+01 0.000000000000000000e+00 1.600000000000000089e+00 -1.255000000000000039e-03 4.131000000000000123e-03 -9.999909999999999632e-01 -8.803000000000000061e-03 -9.999529999999999808e-01 -4.120000000000000398e-03 -9.999599999999999600e-01 8.796999999999999265e-03 1.291000000000000047e-03
1.400000000000000000e+01 2.500000000000000000e+01 5.500000000000000000e+01 0.000000000000000000e+00 1.600000000000000089e+00 -8.239999999999999712e-04 2.347999999999999827e-03 -9.999970000000000248e-01 -7.668999999999999602e-03 -9.999679999999999680e-01 -2.341999999999999898e-03 -9.999700000000000255e-01 7.667000000000000204e-03 8.419999999999999750e-04
1.800000000000000000e+01 2.500000000000000000e+01 5.500000000000000000e+01 0.000000000000000000e+00 1.600000000000000089e+00 1.769999999999999926e-04 8.790000000000000070e-04 -1.000000000000000000e+00 -7.389999999999999868e-03 -9.999719999999999720e-01 -8.800000000000000313e-04 -9.999730000000000008e-01 7.389999999999999868e-03 -1.700000000000000122e-04
2.000000000000000000e+01 2.500000000000000000e+01 5.500000000000000000e+01 0.000000000000000000e+00 1.600000000000000089e+00 6.980000000000000527e-04 -3.049999999999999868e-04 -1.000000000000000000e+00 -7.131000000000000186e-03 -9.999749999999999472e-01 2.999999999999999737e-04 -9.999740000000000295e-01 7.131000000000000186e-03 -7.010000000000000172e-04
2.400000000000000000e+01 2.500000000000000000e+01 5.500000000000000000e+01 0.000000000000000000e+00 1.600000000000000089e+00 1.200000000000000030e-05 -4.129999999999999991e-03 -9.999909999999999632e-01 -8.125000000000000278e-03 -9.999580000000000135e-01 4.129999999999999991e-03 -9.999670000000000503e-01 8.123999999999999277e-03 -4.600000000000000004e-05
1.000000000000000000e+01 5.800000000000000000e+01 5.500000000000000000e+01 0.000000000000000000e+00 1.600000000000000089e+00 -8.557399999999999729e-02 -3.062940000000000107e-01 9.480830000000000091e-01 -1.588420000000000110e-01 9.435959999999999903e-01 2.905079999999999885e-01 -9.835880000000000178e-01 -1.257359999999999867e-01 -1.293989999999999863e-01
2.200000000000000000e+01 8.500000000000000000e+01 5.500000000000000000e+01 0.000000000000000000e+00 1.600000000000000089e+00 8.205400000000000194e-02 -3.963300000000000156e-01 -9.144339999999999691e-01 8.177450000000000552e-01 -4.977130000000000165e-01 2.890940000000000176e-01 -5.697029999999999594e-01 -7.714950000000000419e-01 2.832569999999999810e-01
2.000000000000000000e+01 6.600000000000000000e+01 5.700000000000000000e+01 0.000000000000000000e+00 1.600000000000000089e+00 -8.456999999999999240e-03 5.154940000000000078e-01 8.568510000000000293e-01 -2.198680000000000079e-01 8.349539999999999740e-01 -5.044899999999999940e-01 -9.754930000000000545e-01 -1.926599999999999979e-01 1.062789999999999985e-01
2.000000000000000000e+00 6.800000000000000000e+01 5.700000000000000000e+01 0.000000000000000000e+00 1.600000000000000089e+00 1.296999999999999976e-03 -3.642999999999999971e-03 -9.999930000000000208e-01 -2.511519999999999864e-01 -9.679419999999999691e-01 3.200999999999999852e-03 -9.679470000000000018e-01 2.511459999999999804e-01 -2.170000000000000054e-03
8.000000000000000000e+00 5.800000000000000000e+01 5.900000000000000000e+01 0.000000000000000000e+00 1.600000000000000089e+00 -6.428599999999999592e-02 -1.771459999999999979e-01 -9.820830000000000393e-01 1.940729999999999955e-01 9.631100000000000216e-01 -1.864280000000000104e-01 9.788780000000000259e-01 -2.025800000000000101e-01 -2.753600000000000145e-02
7.000000000000000000e+00 2.100000000000000000e+01 6.000000000000000000e+01 0.000000000000000000e+00 1.600000000000000089e+00 1.887999999999999921e-03 -3.249999999999999851e-04 9.999980000000000535e-01 -9.467000000000000415e-02 9.955089999999999772e-01 5.019999999999999506e-04 -9.955070000000000308e-01 -9.467100000000000515e-02 1.848000000000000033e-03
1.500000000000000000e+01 2.100000000000000000e+01 6.000000000000000000e+01 0.000000000000000000e+00 1.600000000000000089e+00 -2.475000000000000203e-03 -5.433999999999999594e-03 9.999820000000000375e-01 -9.717599999999999849e-02 9.952539999999999720e-01 5.167999999999999851e-03 -9.952640000000000375e-01 -9.716199999999999837e-02 -2.991000000000000169e-03
2.000000000000000000e+01 2.100000000000000000e+01 6.000000000000000000e+01 0.000000000000000000e+00 1.600000000000000089e+00 -8.819999999999999715e-04 -3.969999999999999571e-03 9.999919999999999920e-01 -9.703599999999999726e-02 9.952729999999999633e-01 3.866000000000000079e-03 -9.952800000000000535e-01 -9.703199999999999326e-02 -1.263000000000000017e-03
2.900000000000000000e+01 2.100000000000000000e+01 6.000000000000000000e+01 0.000000000000000000e+00 1.600000000000000089e+00 5.021000000000000289e-03 3.917999999999999608e-03 9.999799999999999800e-01 -9.344600000000000128e-02 9.956180000000000030e-01 -3.432000000000000155e-03 -9.956120000000000525e-01 -9.342699999999999616e-02 5.364999999999999977e-03
2.000000000000000000e+01 6.800000000000000000e+01 6.000000000000000000e+01 0.000000000000000000e+00 1.600000000000000089e+00 1.368510000000000004e-01 -3.558060000000000112e-01 9.244860000000000300e-01 4.684840000000000115e-01 -7.990519999999999845e-01 -3.768799999999999928e-01 8.728089999999999460e-01 4.846829999999999750e-01 5.733900000000000108e-02
6.000000000000000000e+00 6.000000000000000000e+00 6.100000000000000000e+01 0.000000000000000000e+00 1.600000000000000089e+00 -5.472999999999999567e-03 -1.044600000000000042e-02 9.999310000000000143e-01 5.706849999999999978e-01 -8.211509999999999643e-01 -5.453999999999999647e-03 8.211509999999999643e-01 5.706149999999999833e-01 1.045500000000000075e-02
2.100000000000000000e+01 3.000000000000000000e+00 6.300000000000000000e+01 0.000000000000000000e+00 1.600000000000000089e+00 1.121999999999999950e-03 1.959999999999999937e-04 9.999989999999999712e-01 -6.142940000000000067e-01 7.890770000000000284e-01 5.349999999999999938e-04 -7.890759999999999996e-01 -6.142940000000000067e-01 1.005999999999999950e-03
2.000000000000000000e+00 2.700000000000000000e+01 6.300000000000000000e+01 0.000000000000000000e+00 1.600000000000000089e+00 -2.015999999999999997e-03 6.015999999999999646e-03 9.999799999999999800e-01 -2.695219999999999838e-01 9.629729999999999679e-01 -6.336999999999999751e-03 -9.629919999999999591e-01 -2.695290000000000186e-01 -3.190000000000000019e-04
6.000000000000000000e+00 2.700000000000000000e+01 6.300000000000000000e+01 0.000000000000000000e+00 1.600000000000000089e+00 5.450000000000000200e-04 2.997000000000000098e-03 9.999949999999999672e-01 -2.679039999999999755e-01 9.634420000000000206e-01 -2.742000000000000080e-03 -9.634449999999999958e-01 -2.679019999999999735e-01 1.327999999999999970e-03
1.700000000000000000e+01 2.700000000000000000e+01 6.300000000000000000e+01 0.000000000000000000e+00 1.600000000000000089e+00 -2.785000000000000149e-03 -2.559000000000000077e-03 9.999930000000000208e-01 -2.690009999999999901e-01 9.631380000000000496e-01 1.716000000000000077e-03 -9.631359999999999921e-01 -2.689940000000000109e-01 -3.370999999999999865e-03
2.100000000000000000e+01 2.700000000000000000e+01 6.300000000000000000e+01 0.000000000000000000e+00 1.600000000000000089e+00 -1.139000000000000038e-03 -3.520000000000000125e-03 9.999930000000000208e-01 -2.702060000000000017e-01 9.627980000000000427e-01 3.082000000000000104e-03 -9.628020000000000467e-01 -2.701999999999999957e-01 -2.047999999999999907e-03
2.500000000000000000e+01 2.700000000000000000e+01 6.300000000000000000e+01 0.000000000000000000e+00 1.600000000000000089e+00 1.610000000000000103e-04 8.099999999999999561e-04 1.000000000000000000e+00 -2.687849999999999961e-01 9.631999999999999451e-01 -7.360000000000000006e-04 -9.631999999999999451e-01 -2.687840000000000229e-01 3.730000000000000134e-04
1.700000000000000000e+01 8.200000000000000000e+01 6.300000000000000000e+01 0.000000000000000000e+00 1.600000000000000089e+00 9.068479999999999874e-01 -3.343900000000000206e-01 -2.565359999999999863e-01 -3.504979999999999762e-01 -9.363820000000000476e-01 -1.844399999999999859e-02 -2.340480000000000060e-01 1.066409999999999997e-01 -9.663589999999999680e-01
2.000000000000000000e+00 2.600000000000000000e+01 6.400000000000000000e+01 0.000000000000000000e+00 1.600000000000000089e+00 -3.194999999999999923e-03 5.823000000000000051e-03 9.999780000000000335e-01 -3.504559999999999897e-01 9.365560000000000551e-01 -6.573999999999999982e-03 -9.365740000000000176e-01 -3.504700000000000037e-01 -9.510000000000000224e-04
