1.300000000000000000e+01 2.500000000000000000e+01 1.000000000000000000e+00 0.000000000000000000e+00 1.600000000000000089e+00 -5.438500000000000278e-02 -1.110599999999999955e-02 -9.984579999999999567e-01 -5.388870000000000049e-01 -8.414880000000000138e-01 3.871299999999999741e-02 -8.406200000000000339e-01 5.401620000000000310e-01 3.977900000000000186e-02
2.500000000000000000e+01 2.500000000000000000e+01 1.000000000000000000e+00 0.000000000000000000e+00 1.600000000000000089e+00 2.343000000000000031e-03 7.820000000000000345e-04 -9.999970000000000248e-01 -5.364879999999999649e-01 -8.439060000000000450e-01 -1.915999999999999951e-03 -8.439050000000000162e-01 5.364900000000000224e-01 -1.557999999999999923e-03
1.900000000000000000e+01 1.500000000000000000e+01 4.000000000000000000e+00 0.000000000000000000e+00 1.600000000000000089e+00 2.460000000000000164e-04 6.929000000000000263e-03 9.999759999999999760e-01 3.243969999999999909e-01 -9.458990000000000453e-01 6.473999999999999720e-03 9.459210000000000118e-01 3.243880000000000097e-01 -2.481000000000000132e-03
2.400000000000000000e+01 1.500000000000000000e+01 4.000000000000000000e+00 0.000000000000000000e+00 1.600000000000000089e+00 -2.801000000000000104e-03 -2.925000000000000083e-03 9.999919999999999920e-01 3.228019999999999778e-01 -9.464650000000000007e-01 -1.863999999999999988e-03 9.464620000000000255e-01 3.227949999999999986e-01 3.595000000000000105e-03
5.000000000000000000e+00 1.600000000000000000e+01 4.000000000000000000e+00 0.000000000000000000e+00 1.600000000000000089e+00 2.991999999999999868e-03 6.625999999999999945e-03 9.999740000000000295e-01 3.263059999999999850e-01 -9.452490000000000059e-01 5.287000000000000033e-03 9.452599999999999891e-01 3.262809999999999877e-01 -4.989999999999999644e-03
1.000000000000000000e+01 1.600000000000000000e+01 4.000000000000000000e+00 0.000000000000000000e+00 1.600000000000000089e+00 3.370800000000000185e-02 -1.019420000000000048e-01 9.942189999999999639e-01 3.396339999999999915e-01 -9.344139999999999668e-01 -1.073250000000000037e-01 9.399530000000000385e-01 3.412890000000000090e-01 3.125999999999999873e-03
2.300000000000000000e+01 1.600000000000000000e+01 4.000000000000000000e+00 0.000000000000000000e+00 1.600000000000000089e+00 -2.638000000000000154e-03 -3.040000000000000167e-03 9.999919999999999920e-01 3.960699999999999776e-01 -9.182190000000000074e-01 -1.747000000000000072e-03 9.182169999999999499e-01 3.960620000000000251e-01 3.627000000000000016e-03
2.900000000000000000e+01 1.600000000000000000e+01 4.000000000000000000e+00 0.000000000000000000e+00 1.600000000000000089e+00 -3.504000000000000170e-03 -2.480000000000000108e-04 9.999940000000000495e-01 3.951810000000000045e-01 -9.186029999999999474e-01 1.157000000000000042e-03 9.185969999999999969e-01 3.951819999999999777e-01 3.317000000000000070e-03
7.000000000000000000e+00 1.010000000000000000e+02 7.000000000000000000e+00 0.000000000000000000e+00 1.600000000000000089e+00 2.815999999999999927e-03 1.228199999999999951e-02 9.999209999999999487e-01 8.902630000000000265e-01 4.553749999999999742e-01 -8.099999999999999561e-03 -4.554380000000000095e-01 8.902149999999999785e-01 -9.652000000000000857e-03
1.200000000000000000e+01 1.010000000000000000e+02 7.000000000000000000e+00 0.000000000000000000e+00 1.600000000000000089e+00 -9.699999999999999963e-05 4.066299999999999776e-02 9.991729999999999778e-01 8.876760000000000206e-01 4.600910000000000277e-01 -1.863899999999999932e-02 -4.604679999999999884e-01 8.869399999999999507e-01 -3.613999999999999851e-02
1.700000000000000000e+01 1.010000000000000000e+02 7.000000000000000000e+00 0.000000000000000000e+00 1.600000000000000089e+00 3.645999999999999935e-03 6.196000000000000119e-03 9.999740000000000295e-01 8.852539999999999853e-01 4.650679999999999814e-01 -6.109999999999999980e-03 -4.650940000000000074e-01 8.852529999999999566e-01 -3.788999999999999833e-03
2.300000000000000000e+01 1.010000000000000000e+02 7.000000000000000000e+00 0.000000000000000000e+00 1.600000000000000089e+00 2.125000000000000153e-03 9.210000000000000521e-04 9.999970000000000248e-01 8.861860000000000293e-01 4.633240000000000136e-01 -2.309999999999999987e-03 -4.633249999999999869e-01 8.861879999999999757e-01 1.679999999999999907e-04
2.800000000000000000e+01 1.010000000000000000e+02 7.000000000000000000e+00 0.000000000000000000e+00 1.600000000000000089e+00 1.663999999999999898e-03 -1.592899999999999872e-02 9.998719999999999830e-01 8.860670000000000490e-01 4.635190000000000143e-01 5.909000000000000190e-03 -4.635529999999999928e-01 8.859439999999999538e-01 1.488500000000000066e-02
1.300000000000000000e+01 2.500000000000000000e+01 8.000000000000000000e+00 0.000000000000000000e+00 1.600000000000000089e+00 5.369399999999999867e-02 1.744860000000000022e-01 -9.831940000000000124e-01 4.555170000000000052e-01 8.719189999999999996e-01 1.796149999999999969e-01 8.886060000000000070e-01 -4.575060000000000238e-01 -3.266399999999999859e-02
1.800000000000000000e+01 2.500000000000000000e+01 8.000000000000000000e+00 0.000000000000000000e+00 1.600000000000000089e+00 1.974000000000000060e-03 4.643999999999999691e-03 -9.999869999999999592e-01 4.482630000000000225e-01 8.938880000000000159e-01 5.035999999999999678e-03 8.939000000000000279e-01 -4.482670000000000265e-01 -3.170000000000000075e-04
2.200000000000000000e+01 2.500000000000000000e+01 8.000000000000000000e+00 0.000000000000000000e+00 1.600000000000000089e+00 -1.203999999999999992e-03 -5.117000000000000021e-03 -9.999860000000000415e-01 4.485339999999999883e-01 8.937509999999999621e-01 -5.113999999999999622e-03 8.937650000000000317e-01 -4.485339999999999883e-01 1.219000000000000031e-03
3.000000000000000000e+01 2.500000000000000000e+01 8.000000000000000000e+00 0.000000000000000000e+00 1.600000000000000089e+00 -3.280000000000000038e-04 2.102000000000000136e-03 -9.999980000000000535e-01 4.498449999999999949e-01 8.931050000000000377e-01 1.729999999999999984e-03 8.931069999999999842e-01 -4.498429999999999929e-01 -1.239000000000000084e-03
5.000000000000000000e+00 2.600000000000000000e+01 8.000000000000000000e+00 0.000000000000000000e+00 1.600000000000000089e+00 9.970000000000000563e-04 1.240000000000000000e-03 -9.999989999999999712e-01 4.288009999999999877e-01 9.033980000000000343e-01 1.547999999999999897e-03 9.033980000000000343e-01 -4.288020000000000165e-01 3.690000000000000246e-04
1.300000000000000000e+01 2.400000000000000000e+01 9.000000000000000000e+00 0.000000000000000000e+00 1.600000000000000089e+00 4.907799999999999663e-02 1.827219999999999955e-01 -9.819390000000000063e-01 4.607879999999999754e-01 8.681060000000000443e-01 1.845700000000000118e-01 8.861520000000000508e-01 -4.615239999999999898e-01 -4.159100000000000297e-02
2.200000000000000000e+01 2.400000000000000000e+01 9.000000000000000000e+00 0.000000000000000000e+00 1.600000000000000089e+00 -1.165000000000000020e-03 -5.852999999999999696e-03 -9.999820000000000375e-01 4.544839999999999991e-01 8.907359999999999722e-01 -5.742999999999999841e-03 8.907540000000000457e-01 -4.544830000000000259e-01 1.623000000000000094e-03
3.000000000000000000e+01 2.400000000000000000e+01 9.000000000000000000e+00 0.000000000000000000e+00 1.600000000000000089e+00 -9.799999999999999684e-05 1.618000000000000081e-03 -9.999989999999999712e-01 4.547340000000000271e-01 8.906260000000000288e-01 1.396000000000000105e-03 8.906279999999999752e-01 -4.547329999999999983e-01 -8.229999999999999469e-04
1.700000000000000000e+01 1.020000000000000000e+02 9.000000000000000000e+00 0.000000000000000000e+00 1.600000000000000089e+00 3.152999999999999987e-03 4.964999999999999795e-03 9.999829999999999552e-01 9.230009999999999604e-01 3.847670000000000257e-01 -4.820999999999999765e-03 -3.847840000000000149e-01 9.230009999999999604e-01 -3.370000000000000166e-03
1.000000000000000000e+01 4.000000000000000000e+00 1.100000000000000000e+01 0.000000000000000000e+00 1.600000000000000089e+00 -6.205399999999999805e-02 -6.637410000000000254e-01 -7.453840000000000465e-01 1.730820000000000136e-01 7.283509999999999707e-01 -6.629829999999999890e-01 9.829510000000000192e-01 -1.701529999999999987e-01 6.968499999999999694e-02
2.000000000000000000e+00 3.100000000000000000e+01 1.200000000000000000e+01 0.000000000000000000e+00 1.600000000000000089e+00 3.589999999999999984e-04 -7.100000000000000462e-05 1.000000000000000000e+00 1.621099999999999972e-02 9.998690000000000078e-01 6.499999999999999431e-05 -9.998690000000000078e-01 1.621099999999999972e-02 3.609999999999999928e-04
1.000000000000000000e+01 3.100000000000000000e+01 1.200000000000000000e+01 0.000000000000000000e+00 1.600000000000000089e+00 2.490000000000000026e-03 3.706000000000000093e-03 9.999900000000000455e-01 1.062800000000000029e-02 9.999369999999999647e-01 -3.732000000000000074e-03 -9.999400000000000510e-01 1.063700000000000062e-02 2.449999999999999921e-03
1.800000000000000000e+01 3.100000000000000000e+01 1.200000000000000000e+01 0.000000000000000000e+00 1.600000000000000089e+00 -9.460000000000000093e-04 8.329999999999999731e-04 9.999989999999999712e-01 -7.500999999999999855e-03 9.999719999999999720e-01 -8.400000000000000348e-04 -9.999710000000000543e-01 -7.501999999999999988e-03 -9.389999999999999476e-04
2.700000000000000000e+01 3.100000000000000000e+01 1.200000000000000000e+01 0.000000000000000000e+00 1.600000000000000089e+00 -1.849999999999999973e-04 -2.364000000000000216e-03 9.999970000000000248e-01 -1.089700000000000044e-02 9.999379999999999935e-01 2.360999999999999818e-03 -9.999409999999999688e-01 -1.089599999999999944e-02 -2.110000000000000059e-04
1.500000000000000000e+01 3.500000000000000000e+01 1.200000000000000000e+01 0.000000000000000000e+00 1.600000000000000089e+00 7.277999999999999747e-03 -2.641399999999999998e-02 -9.996249999999999858e-01 5.373559999999999448e-01 -8.429489999999999483e-01 2.618600000000000094e-02 -8.433239999999999625e-01 -5.373440000000000438e-01 8.057999999999999191e-03
2.200000000000000000e+01 3.500000000000000000e+01 1.200000000000000000e+01 0.000000000000000000e+00 1.600000000000000089e+00 -8.840000000000000201e-04 8.360000000000000460e-04 -9.999989999999999712e-01 5.147650000000000281e-01 -8.573309999999999542e-01 -1.172000000000000082e-03 -8.573309999999999542e-01 -5.147659999999999458e-01 3.280000000000000038e-04
2.600000000000000000e+01 3.500000000000000000e+01 1.200000000000000000e+01 0.000000000000000000e+00 1.600000000000000089e+00 -8.080000000000000160e-04 -1.634000000000000036e-03 -9.999980000000000535e-01 5.003349999999999742e-01 -8.658310000000000173e-01 1.010000000000000047e-03 -8.658320000000000460e-01 -5.003330000000000277e-01 1.516999999999999902e-03
3.000000000000000000e+01 3.500000000000000000e+01 1.200000000000000000e+01 0.000000000000000000e+00 1.600000000000000089e+00 4.813999999999999703e-03 -2.822999999999999989e-03 -9.999839999999999840e-01 4.973620000000000263e-01 -8.675300000000000233e-01 4.844000000000000215e-03 -8.675300000000000233e-01 -4.973770000000000135e-01 -2.772000000000000158e-03
5.000000000000000000e+00 3.200000000000000000e+01 1.400000000000000000e+01 0.000000000000000000e+00 1.600000000000000089e+00 1.833999999999999910e-03 2.109999999999999896e-03 -9.999959999999999960e-01 1.265479999999999938e-01 9.919580000000000064e-01 2.325999999999999943e-03 9.919590000000000352e-01 -1.265519999999999978e-01 1.551999999999999994e-03
1.300000000000000000e+01 1.200000000000000000e+01 1.500000000000000000e+01 0.000000000000000000e+00 1.600000000000000089e+00 -4.142799999999999955e-02 -5.866500000000000187e-02 -9.974180000000000268e-01 -4.641730000000000023e-01 -8.828770000000000229e-01 7.120700000000000640e-02 -8.847749999999999782e-01 4.659249999999999781e-01 9.344999999999999141e-03
2.100000000000000000e+01 1.200000000000000000e+01 1.500000000000000000e+01 0.000000000000000000e+00 1.600000000000000089e+00 -1.769999999999999926e-04 6.932999999999999927e-03 -9.999759999999999760e-01 -4.700179999999999914e-01 -8.826359999999999761e-01 -6.035999999999999699e-03 -8.826570000000000249e-01 4.700059999999999794e-01 3.415000000000000067e-03
2.000000000000000000e+01 1.100000000000000000e+01 1.600000000000000000e+01 0.000000000000000000e+00 1.600000000000000089e+00 -5.000000000000000240e-05 4.749999999999999882e-03 -9.999890000000000168e-01 -4.126639999999999753e-01 -9.108730000000000437e-01 -4.305999999999999932e-03 -9.108829999999999982e-01 4.126589999999999980e-01 2.004999999999999838e-03
7.000000000000000000e+00 1.160000000000000000e+02 1.600000000000000000e+01 0.000000000000000000e+00 1.600000000000000089e+00 5.359000000000000048e-03 6.174999999999999933e-03 9.999670000000000503e-01 6.855489999999999640e-01 7.279809999999999892e-01 -8.168999999999999179e-03 -7.280069999999999597e-01 6.855700000000000127e-01 -3.319999999999999926e-04
1.000000000000000000e+01 1.160000000000000000e+02 1.600000000000000000e+01 0.000000000000000000e+00 1.600000000000000089e+00 1.553500000000000020e-02 2.568399999999999850e-02 9.995490000000000208e-01 7.016250000000000542e-01 7.119480000000000253e-01 -2.919800000000000173e-02 -7.123770000000000380e-01 7.017619999999999969e-01 -6.961000000000000174e-03
1.600000000000000000e+01 1.160000000000000000e+02 1.600000000000000000e+01 0.000000000000000000e+00 1.600000000000000089e+00 2.786999999999999981e-03 4.320000000000000055e-03 9.999869999999999592e-01 7.565100000000000158e-01 6.539629999999999610e-01 -4.932999999999999885e-03 -6.539760000000000018e-01 7.565140000000000198e-01 -1.445000000000000104e-03
2.100000000000000000e+01 1.160000000000000000e+02 1.600000000000000000e+01 0.000000000000000000e+00 1.600000000000000089e+00 -8.559999999999999901e-04 -2.126999999999999984e-03 9.999970000000000248e-01 7.523279999999999967e-01 6.587859999999999827e-01 2.044999999999999943e-03 -6.587880000000000402e-01 7.523279999999999967e-01 1.036000000000000029e-03
2.800000000000000000e+01 1.160000000000000000e+02 1.600000000000000000e+01 0.000000000000000000e+00 1.600000000000000089e+00 -1.556000000000000091e-03 4.920000000000000328e-04 9.999989999999999712e-01 7.092479999999999896e-01 7.049590000000000023e-01 7.569999999999999689e-04 -7.049579999999999735e-01 7.092479999999999896e-01 -1.446000000000000020e-03
2.000000000000000000e+00 2.000000000000000000e+00 1.900000000000000000e+01 0.000000000000000000e+00 1.600000000000000089e+00 6.359999999999999551e-04 -1.273999999999999959e-02 -9.999190000000000023e-01 1.616589999999999971e-01 -9.867650000000000032e-01 1.267500000000000050e-02 -9.868460000000000010e-01 -1.616539999999999921e-01 1.431999999999999896e-03
1.000000000000000000e+01 2.000000000000000000e+00 1.900000000000000000e+01 0.000000000000000000e+00 1.600000000000000089e+00 -1.354999999999999954e-02 3.486800000000000316e-02 -9.992999999999999661e-01 1.820460000000000134e-01 -9.826030000000000042e-01 -3.675400000000000195e-02 -9.831969999999999876e-01 -1.824159999999999948e-01 6.967000000000000103e-03
1.900000000000000000e+01 2.000000000000000000e+00 1.900000000000000000e+01 0.000000000000000000e+00 1.600000000000000089e+00 -5.249999999999999676e-04 1.609000000000000014e-02 -9.998700000000000365e-01 2.582550000000000123e-01 -9.659499999999999753e-01 -1.567999999999999949e-02 -9.660769999999999635e-01 -2.582300000000000151e-01 -3.648000000000000201e-03
2.200000000000000000e+01 2.000000000000000000e+00 1.900000000000000000e+01 0.000000000000000000e+00 1.600000000000000089e+00 3.933999999999999997e-03 1.806599999999999873e-02 -9.998289999999999678e-01 2.533940000000000081e-01 -9.672230000000000549e-01 -1.647900000000000059e-02 -9.673549999999999649e-01 -2.532849999999999824e-01 -8.382999999999999827e-03
2.800000000000000000e+01 2.000000000000000000e+00 1.900000000000000000e+01 0.000000000000000000e+00 1.600000000000000089e+00 6.849000000000000053e-03 1.649099999999999872e-02 -9.998409999999999798e-01 2.500009999999999732e-01 -9.681410000000000293e-01 -1.425599999999999958e-02 -9.682209999999999983e-01 -2.498640000000000028e-01 -1.075399999999999967e-02
2.500000000000000000e+01 4.000000000000000000e+00 2.000000000000000000e+01 0.000000000000000000e+00 1.600000000000000089e+00 8.760000000000000425e-04 5.994000000000000196e-03 -9.999820000000000375e-01 4.530680000000000263e-01 -8.914619999999999767e-01 -4.947000000000000008e-03 -8.914760000000000462e-01 -4.530549999999999855e-01 -3.497000000000000108e-03
2.000000000000000000e+00 1.300000000000000000e+01 2.000000000000000000e+01 0.000000000000000000e+00 1.600000000000000089e+00 7.010000000000000172e-04 4.126999999999999592e-03 9.999909999999999632e-01 2.615199999999999747e-01 9.651889999999999636e-01 -4.166999999999999697e-03 -9.651980000000000004e-01 2.615210000000000035e-01 -4.029999999999999837e-04
6.000000000000000000e+00 1.300000000000000000e+01 2.000000000000000000e+01 0.000000000000000000e+00 1.600000000000000089e+00 1.111999999999999924e-03 1.098999999999999977e-02 9.999390000000000223e-01 2.612780000000000102e-01 9.652020000000000044e-01 -1.089900000000000070e-02 -9.652629999999999821e-01 2.612740000000000062e-01 -1.797999999999999902e-03
1.300000000000000000e+01 1.300000000000000000e+01 2.000000000000000000e+01 0.000000000000000000e+00 1.600000000000000089e+00 3.899999999999999821e-03 5.888899999999999690e-02 9.982569999999999499e-01 2.602260000000000129e-01 9.638120000000000021e-01 -5.787400000000000183e-02 -9.655399999999999539e-01 2.599989999999999801e-01 -1.156599999999999989e-02
1.900000000000000000e+01 1.300000000000000000e+01 2.000000000000000000e+01 0.000000000000000000e+00 1.600000000000000089e+00 5.060000000000000478e-04 1.895999999999999899e-03 9.999980000000000535e-01 2.575830000000000064e-01 9.662539999999999463e-01 -1.962999999999999901e-03 -9.662560000000000038e-01 2.575830000000000064e-01 9.999999999999999547e-07
2.400000000000000000e+01 1.300000000000000000e+01 2.000000000000000000e+01 0.000000000000000000e+00 1.600000000000000089e+00 -6.980000000000000527e-04 5.392000000000000091e-03 9.999850000000000128e-01 2.588179999999999925e-01 9.659130000000000216e-01 -5.027000000000000218e-03 -9.659259999999999513e-01 2.588110000000000133e-01 -2.069999999999999792e-03
2.800000000000000000e+01 1.300000000000000000e+01 2.000000000000000000e+01 0.000000000000000000e+00 1.600000000000000089e+00 -7.789999999999999616e-04 3.190000000000000019e-04 1.000000000000000000e+00 2.618360000000000132e-01 9.651129999999999987e-01 -1.039999999999999936e-04 -9.651119999999999699e-01 2.618349999999999844e-01 -8.350000000000000217e-04
3.000000000000000000e+00 1.600000000000000000e+01 2.100000000000000000e+01 0.000000000000000000e+00 1.600000000000000089e+00 5.839999999999999922e-04 3.775000000000000144e-03 9.999930000000000208e-01 2.948040000000000105e-01 9.555500000000000105e-01 -3.778999999999999807e-03 -9.555569999999999897e-01 2.948040000000000105e-01 -5.550000000000000462e-04
6.000000000000000000e+00 1.600000000000000000e+01 2.100000000000000000e+01 0.000000000000000000e+00 1.600000000000000089e+00 1.206000000000000041e-03 1.030099999999999939e-02 9.999460000000000015e-01 2.945570000000000133e-01 9.555799999999999850e-01 -1.020000000000000073e-02 -9.556329999999999547e-01 2.945530000000000093e-01 -1.881999999999999992e-03
1.300000000000000000e+01 1.600000000000000000e+01 2.100000000000000000e+01 0.000000000000000000e+00 1.600000000000000089e+00 6.801999999999999887e-03 6.342299999999999327e-02 9.979630000000000445e-01 2.979419999999999846e-01 9.525310000000000166e-01 -6.256699999999999762e-02 -9.545599999999999641e-01 2.977609999999999979e-01 -1.241699999999999922e-02
1.800000000000000000e+01 1.600000000000000000e+01 2.100000000000000000e+01 0.000000000000000000e+00 1.600000000000000089e+00 3.620000000000000171e-04 3.745000000000000065e-03 9.999930000000000208e-01 2.997830000000000217e-01 9.539999999999999591e-01 -3.680999999999999810e-03 -9.540079999999999671e-01 2.997819999999999929e-01 -7.770000000000000214e-04
1.900000000000000000e+01 3.000000000000000000e+00 2.500000000000000000e+01 0.000000000000000000e+00 1.600000000000000089e+00 -2.500000000000000120e-05 4.760999999999999607e-03 9.999890000000000168e-01 -3.108299999999999952e-02 -9.995049999999999768e-01 4.758000000000000076e-03 9.995169999999999888e-01 -3.108199999999999852e-02 1.730000000000000038e-04
2.800000000000000000e+01 3.000000000000000000e+00 2.500000000000000000e+01 0.000000000000000000e+00 1.600000000000000089e+00 -8.158000000000000321e-03 -3.451000000000000074e-03 9.999609999999999888e-01 -3.759799999999999948e-02 -9.992860000000000076e-01 -3.755999999999999790e-03 9.992600000000000371e-01 -3.762700000000000072e-02 8.021999999999999617e-03
5.000000000000000000e+00 5.800000000000000000e+01 3.100000000000000000e+01 0.000000000000000000e+00 1.600000000000000089e+00 8.220000000000000310e-04 -2.040000000000000147e-03 9.999980000000000535e-01 -7.967840000000000478e-01 -6.042650000000000521e-01 -5.779999999999999548e-04 6.042640000000000233e-01 -7.967809999999999615e-01 -2.122000000000000188e-03
1.000000000000000000e+01 5.800000000000000000e+01 3.100000000000000000e+01 0.000000000000000000e+00 1.600000000000000089e+00 2.007099999999999856e-02 3.830900000000000277e-02 9.990639999999999521e-01 -7.895799999999999486e-01 -6.123859999999999859e-01 3.934399999999999703e-02 6.133199999999999763e-01 -7.896300000000000541e-01 1.795700000000000074e-02
1.600000000000000000e+01 5.800000000000000000e+01 3.100000000000000000e+01 0.000000000000000000e+00 1.600000000000000089e+00 2.961999999999999789e-03 9.223000000000000295e-03 9.999529999999999808e-01 -7.707079999999999487e-01 -6.371369999999999534e-01 8.158999999999999586e-03 6.371820000000000261e-01 -7.706960000000000477e-01 5.220999999999999946e-03
2.100000000000000000e+01 5.800000000000000000e+01 3.100000000000000000e+01 0.000000000000000000e+00 1.600000000000000089e+00 -3.890999999999999927e-03 -1.897999999999999948e-03 9.999909999999999632e-01 -7.698859999999999593e-01 -6.381679999999999575e-01 -4.206999999999999802e-03 6.381700000000000150e-01 -7.698949999999999960e-01 1.021999999999999905e-03
1.000000000000000000e+01 4.600000000000000000e+01 3.500000000000000000e+01 0.000000000000000000e+00 1.600000000000000089e+00 -8.890000000000000333e-04 2.607699999999999949e-02 -9.996599999999999930e-01 3.899659999999999793e-01 -9.205069999999999641e-01 -2.435899999999999871e-02 -9.208290000000000086e-01 -3.898550000000000071e-01 -9.350999999999999937e-03
1.500000000000000000e+01 4.600000000000000000e+01 3.500000000000000000e+01 0.000000000000000000e+00 1.600000000000000089e+00 -8.009999999999999542e-04 1.406400000000000011e-02 -9.999010000000000398e-01 3.948940000000000228e-01 -9.186309999999999754e-01 -1.323700000000000050e-02 -9.187269999999999603e-01 -3.948650000000000215e-01 -4.818000000000000234e-03
1.800000000000000000e+01 4.600000000000000000e+01 3.500000000000000000e+01 0.000000000000000000e+00 1.600000000000000089e+00 -7.370000000000000249e-04 1.074000000000000085e-03 -9.999989999999999712e-01 3.948240000000000083e-01 -9.187560000000000171e-01 -1.278000000000000056e-03 -9.187560000000000171e-01 -3.948249999999999815e-01 2.530000000000000239e-04
2.200000000000000000e+01 4.600000000000000000e+01 3.500000000000000000e+01 0.000000000000000000e+00 1.600000000000000089e+00 -4.079999999999999968e-04 -1.513000000000000022e-03 -9.999989999999999712e-01 3.929239999999999955e-01 -9.195699999999999985e-01 1.231000000000000106e-03 -9.195710000000000273e-01 -3.929230000000000222e-01 9.690000000000000262e-04
2.500000000000000000e+01 4.600000000000000000e+01 3.500000000000000000e+01 0.000000000000000000e+00 1.600000000000000089e+00 2.559999999999999884e-04 -3.062000000000000052e-03 -9.999949999999999672e-01 3.927329999999999988e-01 -9.196480000000000210e-01 2.916000000000000189e-03 -9.196530000000000538e-01 -3.927320000000000255e-01 9.669999999999999776e-04
1.000000000000000000e+00 9.500000000000000000e+01 3.600000000000000000e+01 0.000000000000000000e+00 1.600000000000000089e+00 1.263999999999999933e-03 9.279000000000000789e-03 9.999559999999999560e-01 9.967460000000000209e-01 8.058400000000000285e-02 -2.007000000000000103e-03 -8.059900000000000397e-02 9.967049999999999521e-01 -9.147000000000000616e-03
1.600000000000000000e+01 9.500000000000000000e+01 3.600000000000000000e+01 0.000000000000000000e+00 1.600000000000000089e+00 6.666000000000000050e-03 5.559399999999999759e-02 9.984309999999999574e-01 9.971130000000000271e-01 7.514999999999999458e-02 -1.084199999999999921e-02 -7.563400000000000678e-02 9.956209999999999782e-01 -5.493200000000000166e-02
2.300000000000000000e+01 9.500000000000000000e+01 3.600000000000000000e+01 0.000000000000000000e+00 1.600000000000000089e+00 8.260000000000000198e-04 -7.374999999999999611e-03 9.999719999999999720e-01 9.971659999999999968e-01 7.523799999999999932e-02 -2.689999999999999791e-04 -7.523399999999999532e-02 9.971379999999999688e-01 7.415999999999999849e-03
1.300000000000000000e+01 3.000000000000000000e+00 4.300000000000000000e+01 0.000000000000000000e+00 1.600000000000000089e+00 3.157100000000000184e-02 1.759179999999999910e-01 -9.838980000000000503e-01 7.315450000000000008e-01 -6.748309999999999587e-01 -9.718400000000000649e-02 -6.810610000000000275e-01 -7.166979999999999462e-01 -1.499979999999999924e-01
1.000000000000000000e+00 2.900000000000000000e+01 4.400000000000000000e+01 0.000000000000000000e+00 1.600000000000000089e+00 -4.177000000000000157e-03 -9.374999999999999653e-03 -9.999470000000000303e-01 6.532710000000000461e-01 7.570599999999999552e-01 -9.825999999999999665e-03 7.571120000000000072e-01 -6.532780000000000253e-01 2.961999999999999789e-03
7.000000000000000000e+00 2.900000000000000000e+01 4.400000000000000000e+01 0.000000000000000000e+00 1.600000000000000089e+00 2.339999999999999958e-04 4.381000000000000345e-03 -9.999900000000000455e-01 6.542670000000000430e-01 7.562560000000000393e-01 3.465999999999999897e-03 7.562640000000000473e-01 -6.542609999999999815e-01 -2.688999999999999984e-03
1.300000000000000000e+01 2.900000000000000000e+01 4.400000000000000000e+01 0.000000000000000000e+00 1.600000000000000089e+00 1.546499999999999958e-02 2.557900000000000104e-02 -9.995530000000000248e-01 6.495419999999999527e-01 7.597540000000000404e-01 2.949200000000000085e-02 7.601689999999999836e-01 -6.497079999999999522e-01 -4.865000000000000401e-03
1.900000000000000000e+01 2.900000000000000000e+01 4.400000000000000000e+01 0.000000000000000000e+00 1.600000000000000089e+00 2.298999999999999828e-03 2.209000000000000026e-03 -9.999949999999999672e-01 6.505549999999999944e-01 7.594530000000000447e-01 3.173000000000000039e-03 7.594560000000000199e-01 -6.505589999999999984e-01 3.089999999999999756e-04
2.100000000000000000e+01 2.900000000000000000e+01 4.400000000000000000e+01 0.000000000000000000e+00 1.600000000000000089e+00 1.139999999999999954e-03 1.662000000000000066e-03 -9.999980000000000535e-01 6.505300000000000527e-01 7.594769999999999577e-01 2.004000000000000139e-03 7.594790000000000152e-01 -6.505309999999999704e-01 -2.159999999999999919e-04
2.700000000000000000e+01 2.900000000000000000e+01 4.400000000000000000e+01 0.000000000000000000e+00 1.600000000000000089e+00 -3.547999999999999939e-03 -3.609999999999999928e-04 -9.999940000000000495e-01 6.468949999999999978e-01 7.625739999999999741e-01 -2.570999999999999935e-03 7.625709999999999988e-01 -6.469000000000000306e-01 -2.471999999999999805e-03
2.000000000000000000e+01 6.500000000000000000e+01 4.600000000000000000e+01 0.000000000000000000e+00 1.600000000000000089e+00 -2.509999999999999753e-04 -5.910000000000000539e-04 1.000000000000000000e+00 6.815830000000000499e-01 -7.317399999999999460e-01 -2.610000000000000015e-04 7.317399999999999460e-01 6.815830000000000499e-01 5.869999999999999567e-04
3.000000000000000000e+01 7.000000000000000000e+01 4.700000000000000000e+01 0.000000000000000000e+00 1.600000000000000089e+00 -3.406999999999999872e-03 9.010000000000000647e-03 -9.999540000000000095e-01 -8.416430000000000300e-01 -5.400310000000000388e-01 -1.998000000000000210e-03 -5.400239999999999485e-01 8.415970000000000395e-01 9.423000000000000820e-03
1.600000000000000000e+01 5.000000000000000000e+00 5.100000000000000000e+01 0.000000000000000000e+00 1.600000000000000089e+00 2.920999999999999985e-03 1.607499999999999901e-02 -9.998660000000000325e-01 4.833640000000000159e-01 -8.753279999999999950e-01 -1.266100000000000038e-02 -8.754140000000000255e-01 -4.832629999999999981e-01 -1.032699999999999937e-02
2.500000000000000000e+01 5.000000000000000000e+00 5.100000000000000000e+01 0.000000000000000000e+00 1.600000000000000089e+00 3.533000000000000116e-03 -2.219000000000000052e-03 -9.999909999999999632e-01 4.796770000000000200e-01 -8.774380000000000512e-01 3.641000000000000139e-03 -8.774380000000000512e-01 -4.796849999999999725e-01 -2.036000000000000049e-03
4.000000000000000000e+00 6.300000000000000000e+01 5.400000000000000000e+01 0.000000000000000000e+00 1.600000000000000089e+00 -6.189999999999999756e-04 2.619999999999999933e-03 9.999959999999999960e-01 -3.572139999999999760e-01 9.340190000000000436e-01 -2.667999999999999799e-03 -9.340230000000000476e-01 -3.572139999999999760e-01 3.579999999999999741e-04
6.000000000000000000e+00 6.300000000000000000e+01 5.400000000000000000e+01 0.000000000000000000e+00 1.600000000000000089e+00 6.099999999999999872e-05 3.088000000000000033e-03 9.999949999999999672e-01 -3.558680000000000176e-01 9.345320000000000293e-01 -2.863999999999999792e-03 -9.345360000000000333e-01 -3.558660000000000156e-01 1.155999999999999910e-03
1.300000000000000000e+01 6.300000000000000000e+01 5.400000000000000000e+01 0.000000000000000000e+00 1.600000000000000089e+00 4.819999999999999632e-03 2.526199999999999973e-02 9.996690000000000298e-01 -3.510079999999999867e-01 9.361150000000000304e-01 -2.196400000000000088e-02 -9.363599999999999701e-01 -3.507859999999999867e-01 1.337900000000000027e-02
1.700000000000000000e+01 6.300000000000000000e+01 5.400000000000000000e+01 0.000000000000000000e+00 1.600000000000000089e+00 6.070000000000000092e-04 9.200000000000000007e-05 1.000000000000000000e+00 -3.475730000000000208e-01 9.376529999999999587e-01 1.240000000000000054e-04 -9.376529999999999587e-01 -3.475730000000000208e-01 6.009999999999999717e-04
2.300000000000000000e+01 6.300000000000000000e+01 5.400000000000000000e+01 0.000000000000000000e+00 1.600000000000000089e+00 -1.185999999999999988e-03 4.231999999999999651e-03 9.999900000000000455e-01 -3.408909999999999996e-01 9.400929999999999565e-01 -4.382999999999999743e-03 -9.401019999999999932e-01 -3.408930000000000016e-01 3.269999999999999795e-04
5.000000000000000000e+00 2.500000000000000000e+01 5.500000000000000000e+01 0.000000000000000000e+00 1.600000000000000089e+00 -5.209999999999999788e-04 -4.150000000000000043e-04 -1.000000000000000000e+00 -1.202800000000000050e-02 -9.999280000000000390e-01 4.209999999999999875e-04 -9.999280000000000390e-01 1.202800000000000050e-02 5.159999999999999656e-04
1.100000000000000000e+01 2.500000000000000000e+01 5.500000000000000000e+01 0.000000000000000000e+00 1.600000000000000089e+00 9.849999999999999815e-04 8.725999999999999382e-03 -9.999609999999999888e-01 -1.247000000000000018e-02 -9.998839999999999950e-01 -8.737999999999999240e-03 -9.999219999999999775e-01 1.247799999999999951e-02 -8.760000000000000425e-04
1.400000000000000000e+01 2.500000000000000000e+01 5.500000000000000000e+01 0.000000000000000000e+00 1.600000000000000089e+00 2.125999999999999852e-03 6.205999999999999711e-03 -9.999780000000000335e-01 -1.290999999999999960e-02 -9.998970000000000358e-01 -6.232999999999999825e-03 -9.999139999999999695e-01 1.292300000000000046e-02 -2.044999999999999943e-03
2.100000000000000000e+01 2.500000000000000000e+01 5.500000000000000000e+01 0.000000000000000000e+00 1.600000000000000089e+00 -3.260000000000000094e-04 1.060000000000000016e-04 -1.000000000000000000e+00 -1.187900000000000067e-02 -9.999289999999999567e-01 -1.019999999999999992e-04 -9.999289999999999567e-01 1.187900000000000067e-02 3.269999999999999795e-04
2.500000000000000000e+01 2.500000000000000000e+01 5.500000000000000000e+01 0.000000000000000000e+00 1.600000000000000089e+00 1.574000000000000095e-03 -2.432999999999999833e-03 -9.999959999999999960e-01 -1.181399999999999985e-02 -9.999270000000000103e-01 2.415000000000000046e-03 -9.999289999999999567e-01 1.180999999999999932e-02 -1.601999999999999908e-03
2.800000000000000000e+01 2.500000000000000000e+01 5.500000000000000000e+01 0.000000000000000000e+00 1.600000000000000089e+00 1.886000000000000090e-03 -2.948000000000000100e-03 -9.999940000000000495e-01 -1.297799999999999995e-02 -9.999109999999999943e-01 2.923999999999999950e-03 -9.999139999999999695e-01 1.297300000000000016e-02 -1.923999999999999929e-03
1.400000000000000000e+01 2.100000000000000000e+01 6.000000000000000000e+01 0.000000000000000000e+00 1.600000000000000089e+00 -3.011999999999999920e-03 3.575600000000000306e-02 9.993560000000000221e-01 -9.366800000000000126e-02 9.949569999999999803e-01 -3.588100000000000317e-02 -9.955990000000000117e-01 -9.371500000000000663e-02 3.530000000000000152e-04
2.300000000000000000e+01 2.100000000000000000e+01 6.000000000000000000e+01 0.000000000000000000e+00 1.600000000000000089e+00 9.330000000000000186e-04 -7.679000000000000062e-03 9.999700000000000255e-01 -9.451900000000000579e-02 9.954929999999999612e-01 7.733000000000000290e-03 -9.955230000000000468e-01 -9.452299999999999591e-02 2.030000000000000012e-04
3.000000000000000000e+01 2.100000000000000000e+01 6.000000000000000000e+01 0.000000000000000000e+00 1.600000000000000089e+00 1.028000000000000051e-03 5.599999999999999509e-04 9.999989999999999712e-01 -9.546200000000000518e-02 9.954330000000000123e-01 -4.589999999999999896e-04 -9.954330000000000123e-01 -9.546100000000000418e-02 1.075999999999999917e-03
2.800000000000000000e+01 6.700000000000000000e+01 6.000000000000000000e+01 0.000000000000000000e+00 1.600000000000000089e+00 -2.560999999999999908e-03 -6.810000000000000081e-03 9.999740000000000295e-01 1.747470000000000134e-01 -9.845939999999999692e-01 -6.257999999999999674e-03 9.846099999999999852e-01 1.747259999999999924e-01 3.712000000000000022e-03
1.600000000000000000e+01 3.000000000000000000e+00 6.300000000000000000e+01 0.000000000000000000e+00 1.600000000000000089e+00 9.439999999999999607e-04 2.377500000000000099e-02 9.997169999999999668e-01 -6.175530000000000186e-01 7.863210000000000477e-01 -1.811700000000000116e-02 -7.865290000000000337e-01 -6.173610000000000486e-01 1.542499999999999948e-02
2.000000000000000000e+01 3.000000000000000000e+00 6.300000000000000000e+01 0.000000000000000000e+00 1.600000000000000089e+00 9.359999999999999831e-04 4.683999999999999796e-03 9.999890000000000168e-01 -6.154910000000000103e-01 7.881380000000000052e-01 -3.115999999999999846e-03 -7.881430000000000380e-01 -6.154809999999999448e-01 3.619999999999999954e-03
4.000000000000000000e+00 2.700000000000000000e+01 6.300000000000000000e+01 0.000000000000000000e+00 1.600000000000000089e+00 -1.195000000000000099e-03 6.990999999999999819e-03 9.999749999999999472e-01 -2.908229999999999982e-01 9.567510000000000181e-01 -7.035999999999999720e-03 -9.567759999999999598e-01 -2.908240000000000269e-01 8.899999999999999491e-04
9.000000000000000000e+00 2.700000000000000000e+01 6.300000000000000000e+01 0.000000000000000000e+00 1.600000000000000089e+00 -3.148999999999999889e-03 2.619700000000000153e-02 9.996519999999999850e-01 -2.862330000000000152e-01 9.578069999999999640e-01 -2.600200000000000081e-02 -9.581549999999999789e-01 -2.862149999999999972e-01 4.481999999999999873e-03
1.500000000000000000e+01 2.700000000000000000e+01 6.300000000000000000e+01 0.000000000000000000e+00 1.600000000000000089e+00 -1.637999999999999916e-03 1.368300000000000072e-02 9.999050000000000438e-01 -2.801679999999999726e-01 9.598550000000000137e-01 -1.359400000000000018e-02 -9.599499999999999700e-01 -2.801640000000000241e-01 2.260999999999999989e-03
1.900000000000000000e+01 2.700000000000000000e+01 6.300000000000000000e+01 0.000000000000000000e+00 1.600000000000000089e+00 2.468000000000000142e-03 2.485999999999999929e-03 9.999940000000000495e-01 -2.774960000000000204e-01 9.607250000000000512e-01 -1.703000000000000087e-03 -9.607240000000000224e-01 -2.774900000000000144e-01 3.060999999999999919e-03
2.400000000000000000e+01 2.700000000000000000e+01 6.300000000000000000e+01 0.000000000000000000e+00 1.600000000000000089e+00 -6.229999999999999644e-04 7.730000000000000326e-04 1.000000000000000000e+00 -2.750569999999999959e-01 9.614270000000000316e-01 -9.150000000000000147e-04 -9.614279999999999493e-01 -2.750580000000000247e-01 -3.860000000000000041e-04
2.900000000000000000e+01 2.700000000000000000e+01 6.300000000000000000e+01 0.000000000000000000e+00 1.600000000000000089e+00 -2.216999999999999787e-03 8.220000000000000310e-04 9.999970000000000248e-01 -2.784639999999999893e-01 9.604460000000000219e-01 -1.407000000000000048e-03 -9.604439999999999644e-01 -2.784659999999999913e-01 -1.900999999999999912e-03
4.000000000000000000e+00 2.600000000000000000e+01 6.400000000000000000e+01 0.000000000000000000e+00 1.600000000000000089e+00 -2.064999999999999995e-03 9.211999999999999703e-03 9.999550000000000383e-01 -3.714250000000000052e-01 9.284160000000000190e-01 -9.318999999999999159e-03 -9.284609999999999808e-01 -3.714279999999999804e-01 1.505000000000000044e-03
8.000000000000000000e+00 2.600000000000000000e+01 6.400000000000000000e+01 0.000000000000000000e+00 1.600000000000000089e+00 -5.403999999999999949e-03 2.335299999999999876e-02 9.997129999999999628e-01 -3.685930000000000040e-01 9.292890000000000317e-01 -2.370099999999999985e-02 -9.295750000000000401e-01 -3.686150000000000260e-01 3.586000000000000212e-03
2.000000000000000000e+01 2.600000000000000000e+01 6.400000000000000000e+01 0.000000000000000000e+00 1.600000000000000089e+00 2.513000000000000043e-03 4.785000000000000191e-03 9.999850000000000128e-01 -3.659689999999999888e-01 9.306200000000000028e-01 -3.533000000000000116e-03 -9.306240000000000068e-01 -3.659549999999999748e-01 4.089999999999999886e-03
2.400000000000000000e+01 2.600000000000000000e+01 6.400000000000000000e+01 0.000000000000000000e+00 1.600000000000000089e+00 -3.519999999999999908e-04 1.235999999999999903e-03 9.999989999999999712e-01 -3.635369999999999990e-01 9.315790000000000459e-01 -1.280000000000000105e-03 -9.315799999999999637e-01 -3.635369999999999990e-01 1.210000000000000002e-04
2.700000000000000000e+01 2.600000000000000000e+01 6.400000000000000000e+01 0.000000000000000000e+00 1.600000000000000089e+00 -1.802999999999999915e-03 1.600000000000000131e-04 9.999980000000000535e-01 -3.656820000000000070e-01 9.307400000000000118e-01 -8.080000000000000160e-04 -9.307379999999999542e-01 -3.656820000000000070e-01 -1.619999999999999912e-03
1.800000000000000000e+01 6.900000000000000000e+01 6.600000000000000000e+01 0.000000000000000000e+00 1.600000000000000089e+00 1.020000000000000073e-03 3.972999999999999969e-03 9.999919999999999920e-01 -9.517189999999999817e-01 3.069709999999999939e-01 -2.489999999999999809e-04 -3.069689999999999919e-01 -9.517109999999999737e-01 4.094000000000000417e-03
2.300000000000000000e+01 6.900000000000000000e+01 6.600000000000000000e+01 0.000000000000000000e+00 1.600000000000000089e+00 1.136000000000000074e-03 5.211999999999999619e-03 9.999860000000000415e-01 -9.510840000000000405e-01 3.089319999999999844e-01 -5.299999999999999807e-04 -3.089299999999999824e-01 -9.510699999999999710e-01 5.308000000000000218e-03
7.000000000000000000e+00 2.500000000000000000e+01 7.300000000000000000e+01 0.000000000000000000e+00 1.600000000000000089e+00 6.778000000000000171e-03 6.973000000000000032e-03 9.999529999999999808e-01 7.572480000000000322e-01 -6.531270000000000131e-01 -5.779999999999999548e-04 6.530920000000000059e-01 7.572160000000000002e-01 -9.707999999999999616e-03
