3.000000000000000000e+00 2.500000000000000000e+01 1.000000000000000000e+00 0.000000000000000000e+00 1.600000000000000089e+00 -4.180000000000000230e-04 -1.072299999999999989e-02 -9.999419999999999975e-01 -5.357699999999999685e-01 -8.443129999999999802e-01 9.277999999999999789e-03 -8.443640000000000034e-01 5.357429999999999692e-01 -5.392000000000000091e-03
6.000000000000000000e+00 2.500000000000000000e+01 1.000000000000000000e+00 0.000000000000000000e+00 1.600000000000000089e+00 -9.039999999999999642e-04 6.690999999999999899e-03 -9.999770000000000048e-01 -5.354799999999999560e-01 -8.445319999999999494e-01 -5.166999999999999718e-03 -8.445470000000000477e-01 5.354630000000000223e-01 4.347000000000000169e-03
1.000000000000000000e+01 2.500000000000000000e+01 1.000000000000000000e+00 0.000000000000000000e+00 1.600000000000000089e+00 1.881999999999999992e-03 2.707800000000000137e-02 -9.996319999999999650e-01 -5.314389999999999947e-01 -8.467580000000000107e-01 -2.393699999999999994e-02 -8.470950000000000424e-01 5.312879999999999825e-01 1.279699999999999935e-02
2.600000000000000000e+01 2.500000000000000000e+01 1.000000000000000000e+00 0.000000000000000000e+00 1.600000000000000089e+00 7.969999999999999654e-04 -5.209999999999999788e-04 -1.000000000000000000e+00 -5.270129999999999537e-01 -8.498569999999999736e-01 2.199999999999999943e-05 -8.498569999999999736e-01 5.270120000000000360e-01 -9.520000000000000467e-04
5.000000000000000000e+00 1.500000000000000000e+01 4.000000000000000000e+00 0.000000000000000000e+00 1.600000000000000089e+00 1.399999999999999877e-04 2.603999999999999978e-03 9.999970000000000248e-01 3.212189999999999768e-01 -9.470020000000000104e-01 2.420999999999999975e-03 9.470049999999999857e-01 3.212180000000000035e-01 -9.690000000000000262e-04
9.000000000000000000e+00 1.500000000000000000e+01 4.000000000000000000e+00 0.000000000000000000e+00 1.600000000000000089e+00 1.634999999999999952e-03 3.759000000000000188e-03 9.999919999999999920e-01 3.202110000000000234e-01 -9.473409999999999886e-01 3.037999999999999902e-03 9.473449999999999926e-01 3.202030000000000154e-01 -2.752000000000000106e-03
1.300000000000000000e+01 1.500000000000000000e+01 4.000000000000000000e+00 0.000000000000000000e+00 1.600000000000000089e+00 4.597000000000000391e-03 9.346999999999999406e-03 9.999460000000000015e-01 3.246569999999999734e-01 -9.458029999999999493e-01 7.348000000000000365e-03 9.458210000000000228e-01 3.246060000000000056e-01 -7.381999999999999673e-03
2.100000000000000000e+01 1.500000000000000000e+01 4.000000000000000000e+00 0.000000000000000000e+00 1.600000000000000089e+00 -1.000999999999999937e-03 4.375999999999999682e-03 9.999900000000000455e-01 3.279110000000000080e-01 -9.446980000000000377e-01 4.461999999999999821e-03 9.447079999999999922e-01 3.279119999999999813e-01 -4.889999999999999599e-04
2.700000000000000000e+01 1.500000000000000000e+01 4.000000000000000000e+00 0.000000000000000000e+00 1.600000000000000089e+00 2.380000000000000117e-04 -2.707999999999999904e-03 9.999959999999999960e-01 3.302809999999999913e-01 -9.438790000000000235e-01 -2.634000000000000057e-03 9.438830000000000275e-01 3.302800000000000180e-01 6.700000000000000226e-04
1.400000000000000000e+01 1.010000000000000000e+02 7.000000000000000000e+00 0.000000000000000000e+00 1.600000000000000089e+00 -2.072999999999999843e-02 4.560199999999999670e-02 9.987449999999999939e-01 8.763079999999999758e-01 4.817370000000000263e-01 -3.807000000000000054e-03 -4.813049999999999828e-01 8.751290000000000457e-01 -4.994699999999999834e-02
2.300000000000000000e+01 1.010000000000000000e+02 7.000000000000000000e+00 0.000000000000000000e+00 1.600000000000000089e+00 2.498999999999999833e-02 -6.768799999999999817e-02 9.973940000000000028e-01 8.806599999999999984e-01 4.736420000000000075e-01 1.007800000000000015e-02 -4.730889999999999818e-01 8.781130000000000324e-01 7.144599999999999562e-02
3.000000000000000000e+00 2.500000000000000000e+01 8.000000000000000000e+00 0.000000000000000000e+00 1.600000000000000089e+00 2.167999999999999788e-03 2.577999999999999996e-03 -9.999940000000000495e-01 4.503260000000000041e-01 8.928580000000000405e-01 3.278000000000000098e-03 8.928620000000000445e-01 -4.503300000000000081e-01 7.749999999999999728e-04
8.000000000000000000e+00 2.500000000000000000e+01 8.000000000000000000e+00 0.000000000000000000e+00 1.600000000000000089e+00 1.567999999999999949e-03 2.448999999999999788e-03 -9.999959999999999960e-01 4.506470000000000198e-01 8.926969999999999628e-01 2.893000000000000172e-03 8.927009999999999668e-01 -4.506499999999999950e-01 2.959999999999999849e-04
1.400000000000000000e+01 2.500000000000000000e+01 8.000000000000000000e+00 0.000000000000000000e+00 1.600000000000000089e+00 -9.299999999999999727e-05 6.813999999999999745e-03 -9.999770000000000048e-01 4.524639999999999773e-01 8.917620000000000546e-01 6.035000000000000434e-03 8.917829999999999924e-01 -4.524529999999999941e-01 -3.165999999999999977e-03
1.900000000000000000e+01 2.500000000000000000e+01 8.000000000000000000e+00 0.000000000000000000e+00 1.600000000000000089e+00 1.800000000000000046e-05 -3.069000000000000113e-03 -9.999949999999999672e-01 4.519469999999999876e-01 8.920409999999999728e-01 -2.729999999999999788e-03 8.920449999999999768e-01 -4.519440000000000124e-01 1.402999999999999950e-03
2.200000000000000000e+01 2.500000000000000000e+01 8.000000000000000000e+00 0.000000000000000000e+00 1.600000000000000089e+00 -2.799999999999999755e-04 -3.379000000000000059e-03 -9.999940000000000495e-01 4.530710000000000015e-01 8.914689999999999559e-01 -3.139999999999999996e-03 8.914739999999999887e-01 -4.530689999999999995e-01 1.281000000000000021e-03
2.500000000000000000e+01 2.500000000000000000e+01 8.000000000000000000e+00 0.000000000000000000e+00 1.600000000000000089e+00 -4.929999999999999487e-04 -4.011999999999999941e-03 -9.999919999999999920e-01 4.531410000000000160e-01 8.914309999999999734e-01 -3.799999999999999992e-03 8.914389999999999814e-01 -4.531390000000000140e-01 1.378000000000000102e-03
3.000000000000000000e+00 2.400000000000000000e+01 9.000000000000000000e+00 0.000000000000000000e+00 1.600000000000000089e+00 2.333000000000000004e-03 2.740999999999999947e-03 -9.999940000000000495e-01 4.532769999999999855e-01 8.913630000000000164e-01 3.501000000000000206e-03 8.913670000000000204e-01 -4.532820000000000182e-01 8.369999999999999619e-04
8.000000000000000000e+00 2.400000000000000000e+01 9.000000000000000000e+00 0.000000000000000000e+00 1.600000000000000089e+00 6.989999999999999686e-04 5.738000000000000045e-03 -9.999829999999999552e-01 4.533980000000000232e-01 8.912919999999999732e-01 5.431000000000000064e-03 8.913079999999999892e-01 -4.533940000000000192e-01 -1.978999999999999856e-03
1.500000000000000000e+01 2.400000000000000000e+01 9.000000000000000000e+00 0.000000000000000000e+00 1.600000000000000089e+00 6.700000000000000226e-05 4.827999999999999826e-03 -9.999879999999999880e-01 4.547689999999999788e-01 8.905990000000000295e-01 4.330999999999999781e-03 8.906089999999999840e-01 -4.547640000000000016e-01 -2.135999999999999878e-03
1.900000000000000000e+01 2.400000000000000000e+01 9.000000000000000000e+00 0.000000000000000000e+00 1.600000000000000089e+00 -1.069999999999999988e-04 -4.209000000000000068e-03 -9.999909999999999632e-01 4.542479999999999851e-01 8.908669999999999645e-01 -3.798999999999999860e-03 8.908749999999999725e-01 -4.542450000000000099e-01 1.817000000000000039e-03
2.200000000000000000e+01 2.400000000000000000e+01 9.000000000000000000e+00 0.000000000000000000e+00 1.600000000000000089e+00 -4.889999999999999599e-04 -3.410999999999999970e-03 -9.999940000000000495e-01 4.550509999999999833e-01 8.904600000000000293e-01 -3.259000000000000178e-03 8.904649999999999510e-01 -4.550500000000000100e-01 1.116999999999999937e-03
2.600000000000000000e+01 2.400000000000000000e+01 9.000000000000000000e+00 0.000000000000000000e+00 1.600000000000000089e+00 -6.089999999999999494e-04 -4.625999999999999904e-03 -9.999890000000000168e-01 4.557300000000000240e-01 8.901069999999999816e-01 -4.394999999999999601e-03 8.901179999999999648e-01 -4.557269999999999932e-01 1.565999999999999901e-03
1.200000000000000000e+01 1.200000000000000000e+01 1.000000000000000000e+01 0.000000000000000000e+00 1.600000000000000089e+00 1.825000000000000016e-03 6.128999999999999899e-03 -9.999799999999999800e-01 -5.535139999999999505e-01 -8.328170000000000295e-01 -6.114999999999999776e-03 -8.328379999999999672e-01 5.535139999999999505e-01 1.873000000000000099e-03
1.100000000000000000e+01 4.000000000000000000e+00 1.100000000000000000e+01 0.000000000000000000e+00 1.600000000000000089e+00 1.776399999999999854e-02 -1.244979999999999976e-01 -9.920609999999999706e-01 1.298169999999999880e-01 9.841060000000000363e-01 -1.211760000000000059e-01 9.913790000000000102e-01 -1.266339999999999966e-01 3.364299999999999929e-02
1.900000000000000000e+01 4.000000000000000000e+00 1.100000000000000000e+01 0.000000000000000000e+00 1.600000000000000089e+00 3.339600000000000207e-02 -2.200479999999999936e-01 -9.749170000000000336e-01 1.241889999999999938e-01 9.688149999999999817e-01 -2.144159999999999955e-01 9.916960000000000219e-01 -1.139130000000000004e-01 5.968199999999999894e-02
8.000000000000000000e+00 3.100000000000000000e+01 1.200000000000000000e+01 0.000000000000000000e+00 1.600000000000000089e+00 -5.145000000000000268e-03 -2.471599999999999839e-02 9.996810000000000418e-01 -1.611399999999999985e-02 9.995669999999999833e-01 2.462999999999999912e-02 -9.998569999999999958e-01 -1.598300000000000068e-02 -5.542000000000000051e-03
1.300000000000000000e+01 3.100000000000000000e+01 1.200000000000000000e+01 0.000000000000000000e+00 1.600000000000000089e+00 -3.770000000000000022e-04 -1.822100000000000108e-02 9.998340000000000005e-01 -2.586899999999999963e-02 9.995000000000000551e-01 1.820499999999999896e-02 -9.996650000000000258e-01 -2.585799999999999904e-02 -8.480000000000000124e-04
2.000000000000000000e+01 3.100000000000000000e+01 1.200000000000000000e+01 0.000000000000000000e+00 1.600000000000000089e+00 1.067999999999999939e-03 9.717999999999999208e-03 9.999519999999999520e-01 -1.948599999999999985e-02 9.997629999999999573e-01 -9.695000000000000492e-03 -9.998099999999999765e-01 -1.947499999999999926e-02 1.257000000000000088e-03
3.000000000000000000e+01 3.100000000000000000e+01 1.200000000000000000e+01 0.000000000000000000e+00 1.600000000000000089e+00 1.825000000000000016e-03 1.098400000000000071e-02 9.999379999999999935e-01 -6.961000000000000174e-03 9.999160000000000270e-01 -1.097099999999999985e-02 -9.999740000000000295e-01 -6.939999999999999988e-03 1.900999999999999912e-03
7.000000000000000000e+00 3.500000000000000000e+01 1.200000000000000000e+01 0.000000000000000000e+00 1.600000000000000089e+00 -1.136099999999999957e-02 1.454399999999999964e-02 -9.998299999999999965e-01 4.999660000000000215e-01 -8.658519999999999550e-01 -1.827600000000000058e-02 -8.659700000000000175e-01 -5.000890000000000057e-01 2.565000000000000006e-03
2.400000000000000000e+01 3.500000000000000000e+01 1.200000000000000000e+01 0.000000000000000000e+00 1.600000000000000089e+00 1.056200000000000021e-02 -1.257100000000000058e-02 -9.998650000000000038e-01 4.846860000000000057e-01 -8.745399999999999840e-01 1.611500000000000085e-02 -8.746249999999999858e-01 -4.847910000000000275e-01 -3.144000000000000093e-03
2.900000000000000000e+01 3.500000000000000000e+01 1.200000000000000000e+01 0.000000000000000000e+00 1.600000000000000089e+00 9.409999999999999962e-03 -6.177000000000000199e-03 -9.999369999999999647e-01 5.044549999999999867e-01 -8.633790000000000076e-01 1.008099999999999968e-02 -8.633870000000000156e-01 -5.045169999999999932e-01 -5.008000000000000299e-03
2.300000000000000000e+01 1.200000000000000000e+01 1.500000000000000000e+01 0.000000000000000000e+00 1.600000000000000089e+00 1.440699999999999967e-02 -2.498300000000000173e-02 -9.995840000000000281e-01 -4.934660000000000157e-01 -8.696420000000000261e-01 1.462300000000000058e-02 -8.696460000000000301e-01 4.930499999999999883e-01 -2.485700000000000062e-02
2.800000000000000000e+01 1.160000000000000000e+02 1.600000000000000000e+01 0.000000000000000000e+00 1.600000000000000089e+00 -6.262000000000000205e-03 -1.593999999999999931e-03 9.999789999999999512e-01 8.907749999999999835e-01 4.544000000000000261e-01 6.302999999999999575e-03 -4.544009999999999994e-01 8.907960000000000322e-01 -1.425000000000000051e-03
4.000000000000000000e+00 9.200000000000000000e+01 1.800000000000000000e+01 0.000000000000000000e+00 1.600000000000000089e+00 1.346030000000000004e-01 6.676819999999999977e-01 7.321769999999999667e-01 9.813490000000000268e-01 1.251900000000000061e-02 -1.918269999999999975e-01 -1.372450000000000059e-01 7.443419999999999481e-01 -6.535440000000000138e-01
2.000000000000000000e+00 2.000000000000000000e+00 1.900000000000000000e+01 0.000000000000000000e+00 1.600000000000000089e+00 4.192000000000000413e-03 -3.991299999999999709e-02 -9.991940000000000266e-01 1.501929999999999932e-01 -9.878440000000000554e-01 4.009000000000000064e-02 -9.886479999999999713e-01 -1.502400000000000124e-01 1.853999999999999962e-03
7.000000000000000000e+00 4.000000000000000000e+00 2.000000000000000000e+01 0.000000000000000000e+00 1.600000000000000089e+00 1.482999999999999943e-02 -3.733999999999999906e-03 -9.998829999999999663e-01 2.062180000000000124e-01 -9.784829999999999917e-01 6.713000000000000217e-03 -9.783939999999999859e-01 -2.062930000000000041e-01 -1.374099999999999974e-02
1.500000000000000000e+01 4.000000000000000000e+00 2.000000000000000000e+01 0.000000000000000000e+00 1.600000000000000089e+00 -1.243499999999999987e-02 3.678700000000000025e-02 -9.992459999999999676e-01 2.456260000000000110e-01 -9.685909999999999798e-01 -3.871499999999999941e-02 -9.692849999999999522e-01 -2.459220000000000017e-01 3.007999999999999823e-03
2.200000000000000000e+01 4.000000000000000000e+00 2.000000000000000000e+01 0.000000000000000000e+00 1.600000000000000089e+00 -6.099000000000000254e-03 9.801000000000000684e-03 -9.999329999999999607e-01 2.403170000000000028e-01 -9.706320000000000503e-01 -1.097899999999999918e-02 -9.706749999999999545e-01 -2.403679999999999983e-01 3.565000000000000027e-03
3.000000000000000000e+01 4.000000000000000000e+00 2.000000000000000000e+01 0.000000000000000000e+00 1.600000000000000089e+00 9.143000000000000085e-03 -3.105099999999999874e-02 -9.994760000000000311e-01 1.766109999999999902e-01 -9.837550000000000461e-01 3.217799999999999827e-02 -9.842379999999999463e-01 -1.768119999999999969e-01 -3.510999999999999798e-03
3.000000000000000000e+00 1.300000000000000000e+01 2.000000000000000000e+01 0.000000000000000000e+00 1.600000000000000089e+00 -1.727999999999999935e-03 -2.903000000000000198e-03 9.999940000000000495e-01 2.452620000000000078e-01 9.694509999999999517e-01 3.237999999999999993e-03 -9.694549999999999557e-01 2.452660000000000118e-01 -9.640000000000000131e-04
7.000000000000000000e+00 1.300000000000000000e+01 2.000000000000000000e+01 0.000000000000000000e+00 1.600000000000000089e+00 -2.333000000000000004e-03 -3.943999999999999589e-03 9.999890000000000168e-01 2.467340000000000089e-01 9.690729999999999622e-01 4.398000000000000000e-03 -9.690800000000000525e-01 2.467419999999999891e-01 -1.288000000000000082e-03
1.300000000000000000e+01 1.300000000000000000e+01 2.000000000000000000e+01 0.000000000000000000e+00 1.600000000000000089e+00 -9.230999999999999622e-03 -2.327500000000000055e-02 9.996859999999999635e-01 2.559770000000000101e-01 9.663629999999999720e-01 2.486299999999999968e-02 -9.666390000000000260e-01 2.561260000000000203e-01 -2.961999999999999789e-03
1.600000000000000000e+01 1.300000000000000000e+01 2.000000000000000000e+01 0.000000000000000000e+00 1.600000000000000089e+00 -2.676600000000000160e-02 -6.175200000000000133e-02 9.977329999999999810e-01 2.779889999999999861e-01 9.582610000000000294e-01 6.676600000000000590e-02 -9.602110000000000367e-01 2.791460000000000052e-01 -8.482999999999999222e-03
1.700000000000000000e+01 1.400000000000000000e+01 2.000000000000000000e+01 0.000000000000000000e+00 1.600000000000000089e+00 -2.695600000000000079e-02 -7.838499999999999635e-02 9.965589999999999726e-01 2.609949999999999770e-01 9.617900000000000338e-01 8.271000000000000574e-02 -9.649640000000000439e-01 2.623269999999999769e-01 -5.467999999999999770e-03
2.600000000000000000e+01 1.400000000000000000e+01 2.000000000000000000e+01 0.000000000000000000e+00 1.600000000000000089e+00 3.354000000000000210e-03 -2.107499999999999998e-02 9.997719999999999940e-01 2.732649999999999801e-01 9.617440000000000433e-01 1.935699999999999921e-02 -9.619330000000000380e-01 2.731370000000000187e-01 8.984000000000000666e-03
1.300000000000000000e+01 1.600000000000000000e+01 2.100000000000000000e+01 0.000000000000000000e+00 1.600000000000000089e+00 -4.407999999999999592e-03 -1.327500000000000034e-02 9.999019999999999575e-01 3.003839999999999844e-01 9.537160000000000082e-01 1.398600000000000017e-02 -9.538079999999999892e-01 3.004169999999999896e-01 -2.159999999999999919e-04
1.900000000000000000e+01 1.600000000000000000e+01 2.100000000000000000e+01 0.000000000000000000e+00 1.600000000000000089e+00 -2.629599999999999993e-02 -1.108549999999999952e-01 9.934889999999999555e-01 3.326270000000000060e-01 9.362310000000000354e-01 1.132699999999999957e-01 -9.426919999999999744e-01 3.334389999999999854e-01 1.225399999999999927e-02
2.700000000000000000e+01 1.600000000000000000e+01 2.100000000000000000e+01 0.000000000000000000e+00 1.600000000000000089e+00 8.741999999999999771e-03 -1.012799999999999985e-02 9.999109999999999943e-01 3.388149999999999773e-01 9.408300000000000551e-01 6.566999999999999921e-03 -9.408130000000000104e-01 3.387270000000000003e-01 1.165599999999999969e-02
7.000000000000000000e+00 4.600000000000000000e+01 2.700000000000000000e+01 0.000000000000000000e+00 1.600000000000000089e+00 -2.186000000000000009e-03 -9.594999999999999363e-03 -9.999519999999999520e-01 6.784449999999999648e-01 7.346009999999999485e-01 -8.531000000000000388e-03 7.346479999999999677e-01 -6.784310000000000063e-01 4.904000000000000373e-03
2.900000000000000000e+01 4.600000000000000000e+01 2.700000000000000000e+01 0.000000000000000000e+00 1.600000000000000089e+00 -3.282000000000000195e-03 3.488999999999999914e-03 -9.999890000000000168e-01 6.735259999999999581e-01 7.391630000000000145e-01 3.680000000000000003e-04 7.391560000000000352e-01 -6.735179999999999501e-01 -4.775999999999999863e-03
1.000000000000000000e+01 4.600000000000000000e+01 3.000000000000000000e+01 0.000000000000000000e+00 1.600000000000000089e+00 -2.469999999999999865e-04 -4.485000000000000271e-03 -9.999900000000000455e-01 3.250020000000000131e-01 9.457039999999999891e-01 -4.321000000000000188e-03 9.457130000000000258e-01 -3.250000000000000111e-01 1.224000000000000045e-03
2.900000000000000000e+01 5.000000000000000000e+00 3.100000000000000000e+01 0.000000000000000000e+00 1.600000000000000089e+00 1.642190000000000039e-01 -7.104030000000000067e-01 -6.843690000000000051e-01 -6.725400000000000267e-01 4.269009999999999749e-01 -6.045209999999999750e-01 7.216110000000000024e-01 5.595390000000000086e-01 -4.076690000000000036e-01
7.000000000000000000e+00 5.800000000000000000e+01 3.100000000000000000e+01 0.000000000000000000e+00 1.600000000000000089e+00 -1.290000000000000001e-02 9.808799999999999464e-02 9.950940000000000341e-01 -7.674830000000000263e-01 -6.388730000000000242e-01 5.302599999999999675e-02 6.409399999999999542e-01 -7.630339999999999900e-01 8.352199999999999902e-02
1.500000000000000000e+01 5.800000000000000000e+01 3.100000000000000000e+01 0.000000000000000000e+00 1.600000000000000089e+00 -7.780000000000000457e-04 -4.164000000000000166e-03 9.999909999999999632e-01 -7.754349999999999854e-01 -6.314199999999999813e-01 -3.232000000000000064e-03 6.314269999999999605e-01 -7.754299999999999526e-01 -2.737999999999999982e-03
2.000000000000000000e+01 5.800000000000000000e+01 3.100000000000000000e+01 0.000000000000000000e+00 1.600000000000000089e+00 5.107999999999999693e-03 6.226999999999999896e-03 9.999679999999999680e-01 -7.773280000000000189e-01 -6.290459999999999940e-01 7.887999999999999179e-03 6.290750000000000508e-01 -7.773430000000000062e-01 1.628000000000000107e-03
2.400000000000000000e+01 5.800000000000000000e+01 3.100000000000000000e+01 0.000000000000000000e+00 1.600000000000000089e+00 8.174999999999999975e-03 9.442000000000000740e-03 9.999219999999999775e-01 -7.781900000000000484e-01 -6.279090000000000504e-01 1.229099999999999984e-02 6.279759999999999787e-01 -7.782289999999999486e-01 2.214999999999999955e-03
2.800000000000000000e+01 5.800000000000000000e+01 3.100000000000000000e+01 0.000000000000000000e+00 1.600000000000000089e+00 3.726000000000000145e-03 1.662999999999999982e-03 9.999919999999999920e-01 -7.771529999999999827e-01 -6.292990000000000528e-01 3.942000000000000191e-03 6.293009999999999993e-01 -7.771609999999999907e-01 -1.051999999999999984e-03
2.000000000000000000e+00 7.500000000000000000e+01 3.100000000000000000e+01 0.000000000000000000e+00 1.600000000000000089e+00 -2.858589999999999742e-01 9.316419999999999702e-01 2.243370000000000086e-01 -9.369680000000000231e-01 -2.226480000000000126e-01 -2.692939999999999778e-01 -2.009380000000000055e-01 -2.871770000000000156e-01 9.365649999999999809e-01
2.700000000000000000e+01 5.000000000000000000e+00 3.200000000000000000e+01 0.000000000000000000e+00 1.600000000000000089e+00 1.478150000000000019e-01 -8.842609999999999637e-01 -4.429810000000000136e-01 -6.770739999999999537e-01 2.360109999999999986e-01 -6.970429999999999682e-01 7.209170000000000300e-01 4.029650000000000176e-01 -5.638250000000000206e-01
2.500000000000000000e+01 5.000000000000000000e+00 3.300000000000000000e+01 0.000000000000000000e+00 1.600000000000000089e+00 1.133060000000000039e-01 -9.729480000000000350e-01 -2.013310000000000100e-01 -6.939830000000000165e-01 6.751200000000000256e-02 -7.168189999999999840e-01 7.110199999999999854e-01 2.209399999999999975e-01 -6.675600000000000422e-01
4.000000000000000000e+00 5.600000000000000000e+01 3.300000000000000000e+01 0.000000000000000000e+00 1.600000000000000089e+00 1.083839999999999942e-01 1.485879999999999979e-01 -9.829419999999999824e-01 2.798910000000000009e-01 -9.533289999999999820e-01 -1.132490000000000024e-01 -9.538940000000000197e-01 -2.628420000000000201e-01 -1.449139999999999873e-01
2.700000000000000000e+01 2.300000000000000000e+01 3.400000000000000000e+01 0.000000000000000000e+00 1.600000000000000089e+00 4.852239999999999887e-01 4.930530000000000190e-01 7.221189999999999554e-01 -7.478069999999999995e-01 -1.939939999999999998e-01 6.349409999999999776e-01 4.531459999999999932e-01 -8.480950000000000433e-01 2.745779999999999887e-01
2.000000000000000000e+00 4.600000000000000000e+01 3.500000000000000000e+01 0.000000000000000000e+00 1.600000000000000089e+00 5.248000000000000061e-03 4.823700000000000210e-02 -9.988219999999999876e-01 3.842880000000000185e-01 -9.222339999999999982e-01 -4.252000000000000224e-02 -9.231989999999999919e-01 -3.836120000000000085e-01 -2.337699999999999848e-02
8.000000000000000000e+00 4.600000000000000000e+01 3.500000000000000000e+01 0.000000000000000000e+00 1.600000000000000089e+00 7.010000000000000172e-04 8.318000000000000740e-03 -9.999649999999999928e-01 3.902689999999999770e-01 -9.206710000000000171e-01 -7.385000000000000071e-03 -9.206999999999999629e-01 -3.902510000000000145e-01 -3.892000000000000060e-03
1.300000000000000000e+01 4.600000000000000000e+01 3.500000000000000000e+01 0.000000000000000000e+00 1.600000000000000089e+00 -2.020000000000000040e-04 7.849999999999999339e-03 -9.999689999999999968e-01 3.916859999999999786e-01 -9.200700000000000545e-01 -7.302000000000000331e-03 -9.200990000000000002e-01 -3.916760000000000241e-01 -2.889000000000000075e-03
2.000000000000000000e+01 4.600000000000000000e+01 3.500000000000000000e+01 0.000000000000000000e+00 1.600000000000000089e+00 3.350000000000000113e-04 1.933000000000000039e-03 -9.999980000000000535e-01 3.915159999999999751e-01 -9.201700000000000434e-01 -1.647999999999999942e-03 -9.201709999999999612e-01 -3.915139999999999731e-01 -1.064999999999999974e-03
2.500000000000000000e+01 4.600000000000000000e+01 3.500000000000000000e+01 0.000000000000000000e+00 1.600000000000000089e+00 2.090999999999999977e-03 -7.696999999999999849e-03 -9.999679999999999680e-01 3.897990000000000066e-01 -9.208659999999999624e-01 7.903999999999999568e-03 -9.208979999999999944e-01 -3.898030000000000106e-01 1.075000000000000001e-03
3.000000000000000000e+01 4.600000000000000000e+01 3.500000000000000000e+01 0.000000000000000000e+00 1.600000000000000089e+00 2.190000000000000106e-03 -8.219999999999999876e-03 -9.999639999999999640e-01 3.899039999999999728e-01 -9.208169999999999966e-01 8.423999999999999197e-03 -9.208530000000000326e-01 -3.899079999999999768e-01 1.188999999999999953e-03
3.000000000000000000e+00 7.400000000000000000e+01 3.600000000000000000e+01 0.000000000000000000e+00 1.600000000000000089e+00 -3.697610000000000063e-01 8.929460000000000175e-01 2.567579999999999862e-01 -9.190700000000000536e-01 -3.109660000000000202e-01 -2.420970000000000066e-01 -1.363370000000000137e-01 -3.254969999999999808e-01 9.356619999999999937e-01
2.400000000000000000e+01 2.200000000000000000e+01 3.700000000000000000e+01 0.000000000000000000e+00 1.600000000000000089e+00 7.659620000000000317e-01 -3.337729999999999864e-01 5.494520000000000515e-01 -6.329360000000000541e-01 -2.417380000000000084e-01 7.354960000000000386e-01 -1.126650000000000013e-01 -9.111299999999999955e-01 -3.964199999999999946e-01
2.600000000000000000e+01 3.000000000000000000e+00 4.300000000000000000e+01 0.000000000000000000e+00 1.600000000000000089e+00 6.040000000000000230e-03 -4.160999999999999768e-03 -9.999730000000000008e-01 7.435840000000000227e-01 -6.686020000000000296e-01 7.274000000000000084e-03 -6.686149999999999594e-01 -7.436080000000000467e-01 -9.449999999999999850e-04
2.100000000000000000e+01 2.500000000000000000e+01 4.300000000000000000e+01 0.000000000000000000e+00 1.600000000000000089e+00 1.488300000000000040e-02 -1.226700000000000013e-02 -9.998139999999999805e-01 8.416270000000000140e-01 5.400270000000000348e-01 5.902000000000000128e-03 5.398539999999999450e-01 -8.415580000000000283e-01 1.836099999999999885e-02
9.000000000000000000e+00 6.700000000000000000e+01 4.300000000000000000e+01 0.000000000000000000e+00 1.600000000000000089e+00 -3.190000000000000019e-04 2.405699999999999852e-02 -9.997110000000000163e-01 -4.521859999999999769e-01 8.916619999999999546e-01 2.160099999999999867e-02 8.919230000000000214e-01 4.520620000000000194e-01 1.059299999999999999e-02
2.100000000000000000e+01 2.400000000000000000e+01 4.400000000000000000e+01 0.000000000000000000e+00 1.600000000000000089e+00 1.861900000000000013e-02 1.590799999999999853e-02 -9.997000000000000330e-01 7.839810000000000390e-01 6.203020000000000200e-01 2.447200000000000070e-02 6.205049999999999732e-01 -7.842019999999999547e-01 -9.229999999999999923e-04
3.000000000000000000e+00 2.900000000000000000e+01 4.400000000000000000e+01 0.000000000000000000e+00 1.600000000000000089e+00 -1.590000000000000050e-03 5.440999999999999656e-03 -9.999839999999999840e-01 6.559390000000000498e-01 7.548080000000000345e-01 3.063999999999999883e-03 7.548120000000000385e-01 -6.559230000000000338e-01 -4.768999999999999802e-03
6.000000000000000000e+00 2.900000000000000000e+01 4.400000000000000000e+01 0.000000000000000000e+00 1.600000000000000089e+00 -1.776000000000000018e-03 4.852000000000000410e-03 -9.999869999999999592e-01 6.596750000000000114e-01 7.515469999999999651e-01 2.475000000000000203e-03 7.515490000000000226e-01 -6.596619999999999706e-01 -4.534999999999999969e-03
1.200000000000000000e+01 2.900000000000000000e+01 4.400000000000000000e+01 0.000000000000000000e+00 1.600000000000000089e+00 -6.310000000000000504e-04 -1.413999999999999892e-03 -9.999989999999999712e-01 6.610709999999999642e-01 7.503220000000000445e-01 -1.477999999999999930e-03 7.503229999999999622e-01 -6.610709999999999642e-01 4.609999999999999840e-04
1.500000000000000000e+01 2.900000000000000000e+01 4.400000000000000000e+01 0.000000000000000000e+00 1.600000000000000089e+00 -9.100000000000000016e-04 -3.027000000000000177e-03 -9.999949999999999672e-01 6.617210000000000036e-01 7.497449999999999948e-01 -2.871999999999999987e-03 7.497500000000000275e-01 -6.617199999999999749e-01 1.320999999999999909e-03
2.100000000000000000e+01 2.900000000000000000e+01 4.400000000000000000e+01 0.000000000000000000e+00 1.600000000000000089e+00 -3.507000000000000135e-03 -4.645500000000000324e-02 -9.989139999999999686e-01 6.345229999999999482e-01 7.719629999999999548e-01 -3.812900000000000317e-02 7.728960000000000274e-01 -6.339679999999999760e-01 2.676900000000000113e-02
2.300000000000000000e+01 2.900000000000000000e+01 4.400000000000000000e+01 0.000000000000000000e+00 1.600000000000000089e+00 -4.625599999999999851e-02 -1.819850000000000079e-01 -9.822130000000000027e-01 6.561230000000000118e-01 7.358879999999999866e-01 -1.672450000000000048e-01 7.532349999999999879e-01 -6.521890000000000187e-01 8.536499999999999644e-02
7.000000000000000000e+00 6.900000000000000000e+01 4.700000000000000000e+01 0.000000000000000000e+00 1.600000000000000089e+00 -9.712899999999999312e-02 -1.848410000000000053e-01 -9.779569999999999652e-01 -9.918139999999999734e-01 -6.386100000000000110e-02 1.105750000000000066e-01 -8.289199999999999346e-02 9.806909999999999794e-01 -1.771250000000000047e-01
1.000000000000000000e+01 6.800000000000000000e+01 4.800000000000000000e+01 0.000000000000000000e+00 1.600000000000000089e+00 -2.905299999999999896e-02 -1.578060000000000018e-01 -9.870430000000000037e-01 -9.688909999999999467e-01 -2.383500000000000063e-01 6.662600000000000466e-02 -2.457759999999999945e-01 9.582730000000000414e-01 -1.459719999999999906e-01
1.400000000000000000e+01 6.100000000000000000e+01 4.900000000000000000e+01 0.000000000000000000e+00 1.600000000000000089e+00 -1.216700000000000073e-02 -2.590000000000000071e-04 9.999259999999999815e-01 -6.426520000000000010e-01 7.661200000000000232e-01 -7.621000000000000170e-03 -7.660609999999999919e-01 -6.426969999999999628e-01 -9.487999999999999906e-03
1.500000000000000000e+01 7.100000000000000000e+01 4.900000000000000000e+01 0.000000000000000000e+00 1.600000000000000089e+00 -3.946470000000000256e-01 8.801130000000000342e-01 2.639230000000000187e-01 -9.058669999999999778e-01 -3.245979999999999976e-01 -2.721049999999999858e-01 -1.538140000000000063e-01 -3.464639999999999942e-01 9.253670000000000506e-01
7.000000000000000000e+00 5.000000000000000000e+00 5.100000000000000000e+01 0.000000000000000000e+00 1.600000000000000089e+00 -1.199999999999999895e-03 -3.519999999999999908e-04 -9.999989999999999712e-01 4.830160000000000009e-01 -8.756119999999999459e-01 -2.719999999999999979e-04 -8.756110000000000282e-01 -4.830160000000000009e-01 1.221000000000000080e-03
1.100000000000000000e+01 5.000000000000000000e+00 5.100000000000000000e+01 0.000000000000000000e+00 1.600000000000000089e+00 -4.581000000000000003e-03 -2.602999999999999845e-03 -9.999860000000000415e-01 4.865010000000000168e-01 -8.736800000000000122e-01 4.500000000000000283e-05 -8.736680000000000001e-01 -4.864939999999999820e-01 5.268000000000000113e-03
2.400000000000000000e+01 6.000000000000000000e+00 5.100000000000000000e+01 0.000000000000000000e+00 1.600000000000000089e+00 -6.986000000000000022e-03 -5.701999999999999603e-03 -9.999590000000000423e-01 3.318769999999999776e-01 -9.433179999999999898e-01 3.059999999999999786e-03 -9.432970000000000521e-01 -3.318420000000000258e-01 8.482999999999999222e-03
3.000000000000000000e+00 1.150000000000000000e+02 5.100000000000000000e+01 0.000000000000000000e+00 1.600000000000000089e+00 -9.239000000000000684e-03 2.192099999999999951e-02 9.997169999999999668e-01 8.510849999999999804e-01 -5.246699999999999697e-01 1.936999999999999833e-02 5.249470000000000525e-01 8.510229999999999739e-01 -1.380999999999999936e-02
3.000000000000000000e+01 1.150000000000000000e+02 5.100000000000000000e+01 0.000000000000000000e+00 1.600000000000000089e+00 -4.693000000000000123e-03 -1.710000000000000062e-02 9.998430000000000373e-01 8.559120000000000061e-01 -5.170979999999999466e-01 -4.826000000000000428e-03 5.171000000000000041e-01 8.557550000000000434e-01 1.706299999999999831e-02
1.300000000000000000e+01 6.300000000000000000e+01 5.400000000000000000e+01 0.000000000000000000e+00 1.600000000000000089e+00 1.064900000000000048e-02 3.572499999999999981e-02 9.993049999999999988e-01 -1.843200000000000116e-01 9.823070000000000412e-01 -3.315300000000000191e-02 -9.828090000000000437e-01 -1.838390000000000024e-01 1.704599999999999865e-02
1.500000000000000000e+01 6.300000000000000000e+01 5.400000000000000000e+01 0.000000000000000000e+00 1.600000000000000089e+00 5.584000000000000422e-03 3.908199999999999869e-02 9.992199999999999971e-01 -1.986189999999999900e-01 9.793709999999999916e-01 -3.719599999999999990e-02 -9.800609999999999600e-01 -1.982559999999999878e-01 1.323099999999999971e-02
2.200000000000000000e+01 6.300000000000000000e+01 5.400000000000000000e+01 0.000000000000000000e+00 1.600000000000000089e+00 -6.198999999999999649e-03 -4.300000000000000165e-05 9.999810000000000088e-01 -3.454740000000000033e-01 9.384259999999999824e-01 -2.101000000000000003e-03 -9.384080000000000199e-01 -3.454809999999999826e-01 -5.832000000000000378e-03
2.500000000000000000e+01 6.300000000000000000e+01 5.400000000000000000e+01 0.000000000000000000e+00 1.600000000000000089e+00 1.820700000000000096e-02 2.345500000000000015e-02 9.995589999999999753e-01 -3.298260000000000081e-01 9.439039999999999653e-01 -1.614099999999999910e-02 -9.438659999999999828e-01 -3.293869999999999854e-01 2.492099999999999871e-02
8.000000000000000000e+00 7.100000000000000000e+01 5.400000000000000000e+01 0.000000000000000000e+00 1.600000000000000089e+00 -2.284549999999999914e-01 6.230799999999999672e-01 7.480499999999999927e-01 -9.621469999999999745e-01 -2.721799999999999914e-02 -2.711700000000000221e-01 -1.486010000000000109e-01 -7.816840000000000455e-01 6.057129999999999459e-01
1.500000000000000000e+01 7.500000000000000000e+01 5.400000000000000000e+01 0.000000000000000000e+00 1.600000000000000089e+00 -5.237359999999999793e-01 -1.601269999999999916e-01 8.366959999999999953e-01 -8.347999999999999865e-01 -9.922100000000000364e-02 -5.415379999999999638e-01 1.697329999999999950e-01 -9.820969999999999978e-01 -8.170800000000000285e-02
4.000000000000000000e+00 2.500000000000000000e+01 5.500000000000000000e+01 0.000000000000000000e+00 1.600000000000000089e+00 1.600000000000000131e-04 7.050000000000000060e-04 -1.000000000000000000e+00 -7.327000000000000179e-03 -9.999730000000000008e-01 -7.060000000000000303e-04 -9.999730000000000008e-01 7.327000000000000179e-03 -1.550000000000000000e-04
6.000000000000000000e+00 2.500000000000000000e+01 5.500000000000000000e+01 0.000000000000000000e+00 1.600000000000000089e+00 6.870000000000000022e-04 -3.359999999999999814e-04 -1.000000000000000000e+00 -6.993000000000000084e-03 -9.999759999999999760e-01 3.310000000000000225e-04 -9.999749999999999472e-01 6.993000000000000084e-03 -6.890000000000000508e-04
1.000000000000000000e+01 2.500000000000000000e+01 5.500000000000000000e+01 0.000000000000000000e+00 1.600000000000000089e+00 1.800000000000000046e-05 -4.054999999999999577e-03 -9.999919999999999920e-01 -8.118000000000000216e-03 -9.999590000000000423e-01 4.054999999999999577e-03 -9.999670000000000503e-01 8.118000000000000216e-03 -5.099999999999999960e-05
1.800000000000000000e+01 2.500000000000000000e+01 5.500000000000000000e+01 0.000000000000000000e+00 1.600000000000000089e+00 1.193000000000000050e-03 9.479999999999999495e-04 -9.999989999999999712e-01 -1.256900000000000031e-02 -9.999209999999999487e-01 -9.629999999999999888e-04 -9.999200000000000310e-01 1.256999999999999958e-02 -1.180999999999999975e-03
2.200000000000000000e+01 2.500000000000000000e+01 5.500000000000000000e+01 0.000000000000000000e+00 1.600000000000000089e+00 -8.739999999999999939e-04 -7.919999999999999523e-04 -9.999989999999999712e-01 -1.096899999999999958e-02 -9.999400000000000510e-01 8.009999999999999542e-04 -9.999390000000000223e-01 1.097000000000000058e-02 8.649999999999999920e-04
2.900000000000000000e+01 2.500000000000000000e+01 5.500000000000000000e+01 0.000000000000000000e+00 1.600000000000000089e+00 -3.196000000000000056e-03 -2.671999999999999896e-03 -9.999909999999999632e-01 -1.224599999999999994e-02 -9.999209999999999487e-01 2.710999999999999868e-03 -9.999200000000000310e-01 1.225500000000000027e-02 3.163000000000000013e-03
8.000000000000000000e+00 8.500000000000000000e+01 5.500000000000000000e+01 0.000000000000000000e+00 1.600000000000000089e+00 8.208200000000000218e-02 -3.965369999999999728e-01 -9.143419999999999881e-01 8.177550000000000097e-01 -4.976220000000000088e-01 2.892230000000000079e-01 -5.696839999999999682e-01 -7.714469999999999938e-01 2.834240000000000093e-01
6.000000000000000000e+00 6.600000000000000000e+01 5.700000000000000000e+01 0.000000000000000000e+00 1.600000000000000089e+00 -8.571000000000000493e-03 5.155389999999999695e-01 8.568230000000000013e-01 -2.198569999999999969e-01 8.349159999999999915e-01 -5.045570000000000332e-01 -9.754950000000000010e-01 -1.927030000000000132e-01 1.061890000000000056e-01
6.000000000000000000e+00 2.100000000000000000e+01 6.000000000000000000e+01 0.000000000000000000e+00 1.600000000000000089e+00 -7.690000000000000438e-04 -4.217000000000000262e-03 9.999909999999999632e-01 -9.687999999999999390e-02 9.952879999999999505e-01 4.121999999999999796e-03 -9.952959999999999585e-01 -9.687600000000000378e-02 -1.173999999999999913e-03
1.500000000000000000e+01 2.100000000000000000e+01 6.000000000000000000e+01 0.000000000000000000e+00 1.600000000000000089e+00 2.925000000000000083e-03 -1.757000000000000098e-03 9.999940000000000495e-01 -9.468400000000000427e-02 9.955049999999999732e-01 2.026000000000000023e-03 -9.955030000000000268e-01 -9.468899999999999539e-02 2.745000000000000044e-03
2.600000000000000000e+01 2.100000000000000000e+01 6.000000000000000000e+01 0.000000000000000000e+00 1.600000000000000089e+00 -3.879999999999999985e-04 -7.492000000000000395e-03 9.999719999999999720e-01 -9.800200000000000577e-02 9.951590000000000158e-01 7.418000000000000115e-03 -9.951860000000000150e-01 -9.799599999999999977e-02 -1.119999999999999902e-03
6.000000000000000000e+00 6.800000000000000000e+01 6.000000000000000000e+01 0.000000000000000000e+00 1.600000000000000089e+00 1.376449999999999896e-01 -3.571840000000000015e-01 9.238359999999999905e-01 4.734349999999999947e-01 -7.955410000000000537e-01 -3.781200000000000117e-01 8.700080000000000036e-01 4.894229999999999969e-01 5.960200000000000220e-02
2.800000000000000000e+01 6.000000000000000000e+00 6.100000000000000000e+01 0.000000000000000000e+00 1.600000000000000089e+00 -2.729000000000000089e-03 6.909999999999999910e-04 9.999959999999999960e-01 5.756740000000000190e-01 -8.176769999999999872e-01 2.135999999999999878e-03 8.176750000000000407e-01 5.756780000000000230e-01 1.832999999999999994e-03
7.000000000000000000e+00 3.000000000000000000e+00 6.300000000000000000e+01 0.000000000000000000e+00 1.600000000000000089e+00 1.134999999999999941e-03 2.110000000000000059e-04 9.999989999999999712e-01 -6.142170000000000130e-01 7.891369999999999774e-01 5.310000000000000050e-04 -7.891369999999999774e-01 -6.142170000000000130e-01 1.025000000000000086e-03
3.000000000000000000e+00 2.700000000000000000e+01 6.300000000000000000e+01 0.000000000000000000e+00 1.600000000000000089e+00 -2.514000000000000175e-03 -1.886000000000000090e-03 9.999949999999999672e-01 -2.683619999999999894e-01 9.633180000000000076e-01 1.142000000000000003e-03 -9.633150000000000324e-01 -2.683570000000000122e-01 -2.928000000000000047e-03
