2.000000000000000000e+00 2.500000000000000000e+01 1.000000000000000000e+00 0.000000000000000000e+00 1.600000000000000089e+00 1.887999999999999921e-03 7.900000000000000772e-03 -9.999670000000000503e-01 -5.439800000000000191e-01 -8.390630000000000033e-01 -7.655000000000000346e-03 -8.390959999999999530e-01 5.439770000000000438e-01 2.713000000000000134e-03
1.000000000000000000e+01 1.500000000000000000e+01 4.000000000000000000e+00 0.000000000000000000e+00 1.600000000000000089e+00 2.187999999999999841e-03 4.723999999999999901e-03 9.999860000000000415e-01 2.902250000000000107e-01 -9.569509999999999961e-01 3.886000000000000131e-03 9.569560000000000288e-01 2.902120000000000255e-01 -3.464000000000000065e-03
1.600000000000000000e+01 1.500000000000000000e+01 4.000000000000000000e+00 0.000000000000000000e+00 1.600000000000000089e+00 8.260000000000000198e-04 1.026499999999999982e-02 9.999470000000000303e-01 2.929649999999999754e-01 -9.560750000000000082e-01 9.572999999999999912e-03 9.561229999999999452e-01 2.929419999999999802e-01 -3.797000000000000028e-03
2.500000000000000000e+01 1.500000000000000000e+01 4.000000000000000000e+00 0.000000000000000000e+00 1.600000000000000089e+00 1.788000000000000093e-03 5.936000000000000304e-03 9.999810000000000088e-01 2.921670000000000100e-01 -9.563540000000000374e-01 5.153999999999999727e-03 9.563660000000000494e-01 2.921520000000000228e-01 -3.444000000000000013e-03
4.000000000000000000e+00 1.600000000000000000e+01 4.000000000000000000e+00 0.000000000000000000e+00 1.600000000000000089e+00 -9.300000000000000541e-04 2.445000000000000125e-03 9.999970000000000248e-01 3.552060000000000217e-01 -9.347839999999999483e-01 2.615999999999999836e-03 9.347870000000000346e-01 3.552080000000000237e-01 9.999999999999999547e-07
1.300000000000000000e+01 1.600000000000000000e+01 4.000000000000000000e+00 0.000000000000000000e+00 1.600000000000000089e+00 5.980000000000000072e-04 9.048999999999999752e-03 9.999590000000000423e-01 3.563310000000000088e-01 -9.343240000000000434e-01 8.241999999999999327e-03 9.343599999999999683e-01 3.563109999999999888e-01 -3.782999999999999904e-03
2.000000000000000000e+01 1.600000000000000000e+01 4.000000000000000000e+00 0.000000000000000000e+00 1.600000000000000089e+00 -9.799999999999999684e-04 1.165899999999999923e-02 9.999320000000000430e-01 3.547370000000000245e-01 -9.348990000000000355e-01 1.124900000000000032e-02 9.349659999999999638e-01 3.547230000000000105e-01 -3.220000000000000206e-03
6.000000000000000000e+00 1.010000000000000000e+02 7.000000000000000000e+00 0.000000000000000000e+00 1.600000000000000089e+00 -2.279000000000000210e-03 -6.854999999999999982e-03 9.999740000000000295e-01 8.888559999999999794e-01 4.581580000000000097e-01 5.165999999999999585e-03 -4.581810000000000049e-01 8.888439999999999674e-01 5.048999999999999669e-03
1.100000000000000000e+01 1.010000000000000000e+02 7.000000000000000000e+00 0.000000000000000000e+00 1.600000000000000089e+00 1.312999999999999931e-03 -7.653000000000000080e-03 9.999700000000000255e-01 8.865389999999999660e-01 4.626469999999999749e-01 2.376000000000000074e-03 -4.626509999999999789e-01 8.865100000000000202e-01 7.392000000000000133e-03
2.400000000000000000e+01 1.010000000000000000e+02 7.000000000000000000e+00 0.000000000000000000e+00 1.600000000000000089e+00 2.128999999999999816e-03 7.760999999999999670e-03 9.999679999999999680e-01 8.853400000000000158e-01 4.649119999999999919e-01 -5.492999999999999619e-03 -4.649400000000000199e-01 8.853229999999999711e-01 -5.880999999999999943e-03
2.700000000000000000e+01 1.010000000000000000e+02 7.000000000000000000e+00 0.000000000000000000e+00 1.600000000000000089e+00 8.799999999999999771e-05 -1.149700000000000027e-02 9.999339999999999895e-01 8.839799999999999880e-01 4.674949999999999939e-01 5.297999999999999758e-03 -4.675250000000000239e-01 8.839209999999999567e-01 1.020399999999999953e-02
1.000000000000000000e+00 1.500000000000000000e+01 8.000000000000000000e+00 0.000000000000000000e+00 1.600000000000000089e+00 1.124999999999999915e-03 -4.002000000000000349e-03 -9.999909999999999632e-01 -5.837759999999999616e-01 -8.119100000000000206e-01 2.592999999999999819e-03 -8.119140000000000246e-01 5.837679999999999536e-01 -3.249999999999999851e-03
5.000000000000000000e+00 1.500000000000000000e+01 8.000000000000000000e+00 0.000000000000000000e+00 1.600000000000000089e+00 1.716999999999999993e-03 1.801000000000000083e-03 -9.999970000000000248e-01 -5.841049999999999853e-01 -8.116750000000000353e-01 -2.464000000000000044e-03 -8.116759999999999531e-01 5.841070000000000428e-01 -3.420000000000000188e-04
8.000000000000000000e+00 1.500000000000000000e+01 8.000000000000000000e+00 0.000000000000000000e+00 1.600000000000000089e+00 -5.829999999999999679e-04 1.732999999999999948e-03 -9.999980000000000535e-01 -5.849490000000000522e-01 -8.110690000000000399e-01 -1.064999999999999974e-03 -8.110699999999999577e-01 5.849480000000000235e-01 1.487000000000000040e-03
1.300000000000000000e+01 1.500000000000000000e+01 8.000000000000000000e+00 0.000000000000000000e+00 1.600000000000000089e+00 1.807000000000000012e-03 9.211000000000000437e-03 -9.999559999999999560e-01 -5.857419999999999849e-01 -8.104529999999999790e-01 -8.524000000000000327e-03 -8.104959999999999942e-01 5.857310000000000016e-01 3.930999999999999599e-03
1.700000000000000000e+01 1.500000000000000000e+01 8.000000000000000000e+00 0.000000000000000000e+00 1.600000000000000089e+00 1.561000000000000104e-03 9.171999999999999598e-03 -9.999569999999999848e-01 -5.850880000000000525e-01 -8.109269999999999534e-01 -8.351000000000000784e-03 -8.109680000000000222e-01 5.850760000000000405e-01 4.100000000000000346e-03
2.100000000000000000e+01 1.500000000000000000e+01 8.000000000000000000e+00 0.000000000000000000e+00 1.600000000000000089e+00 2.246999999999999865e-03 1.135800000000000004e-02 -9.999329999999999607e-01 -5.828149999999999720e-01 -8.125369999999999537e-01 -1.053899999999999976e-02 -8.126020000000000465e-01 5.827989999999999560e-01 4.793000000000000385e-03
2.500000000000000000e+01 1.500000000000000000e+01 8.000000000000000000e+00 0.000000000000000000e+00 1.600000000000000089e+00 2.970000000000000092e-04 6.074999999999999671e-03 -9.999810000000000088e-01 -5.807930000000000037e-01 -8.140349999999999531e-01 -5.118000000000000153e-03 -8.140509999999999691e-01 5.807839999999999669e-01 3.286999999999999991e-03
2.000000000000000000e+00 2.600000000000000000e+01 8.000000000000000000e+00 0.000000000000000000e+00 1.600000000000000089e+00 -1.201999999999999943e-03 -1.958000000000000105e-03 -9.999970000000000248e-01 4.088169999999999860e-01 9.126140000000000363e-01 -2.279000000000000210e-03 9.126159999999999828e-01 -4.088189999999999880e-01 -2.959999999999999849e-04
9.000000000000000000e+00 2.600000000000000000e+01 8.000000000000000000e+00 0.000000000000000000e+00 1.600000000000000089e+00 -8.289999999999999843e-04 3.285999999999999859e-03 -9.999940000000000495e-01 4.090550000000000019e-01 9.125060000000000393e-01 2.658999999999999905e-03 9.125090000000000146e-01 -4.090500000000000247e-01 -2.099999999999999870e-03
2.500000000000000000e+01 2.600000000000000000e+01 8.000000000000000000e+00 0.000000000000000000e+00 1.600000000000000089e+00 -3.078000000000000007e-03 -9.820000000000000603e-03 -9.999470000000000303e-01 4.074980000000000269e-01 9.131489999999999885e-01 -1.022200000000000018e-02 9.132010000000000405e-01 -4.075079999999999814e-01 1.191000000000000001e-03
2.900000000000000000e+01 2.600000000000000000e+01 8.000000000000000000e+00 0.000000000000000000e+00 1.600000000000000089e+00 -3.204999999999999950e-03 -6.035000000000000434e-03 -9.999770000000000048e-01 4.078530000000000211e-01 9.130220000000000002e-01 -6.818000000000000276e-03 9.130420000000000202e-01 -4.078649999999999776e-01 -4.650000000000000270e-04
5.000000000000000000e+00 2.400000000000000000e+01 9.000000000000000000e+00 0.000000000000000000e+00 1.600000000000000089e+00 -1.579000000000000108e-03 -1.054000000000000032e-03 -9.999980000000000535e-01 4.618829999999999880e-01 8.869390000000000329e-01 -1.663999999999999898e-03 8.869390000000000329e-01 -4.618849999999999900e-01 -9.139999999999999904e-04
1.400000000000000000e+01 2.400000000000000000e+01 9.000000000000000000e+00 0.000000000000000000e+00 1.600000000000000089e+00 -8.189999999999999581e-04 -5.299999999999999807e-04 -1.000000000000000000e+00 4.627839999999999732e-01 8.864710000000000090e-01 -8.490000000000000368e-04 8.864710000000000090e-01 -4.627850000000000019e-01 -4.800000000000000122e-04
1.900000000000000000e+01 2.400000000000000000e+01 9.000000000000000000e+00 0.000000000000000000e+00 1.600000000000000089e+00 -7.429999999999999539e-04 -3.937000000000000395e-03 -9.999919999999999920e-01 4.606069999999999887e-01 8.875960000000000516e-01 -3.837000000000000133e-03 8.876039999999999486e-01 -4.606060000000000154e-01 1.154000000000000078e-03
2.500000000000000000e+01 2.400000000000000000e+01 9.000000000000000000e+00 0.000000000000000000e+00 1.600000000000000089e+00 -3.259999999999999877e-03 -1.195399999999999935e-02 -9.999230000000000063e-01 4.619119999999999893e-01 8.868430000000000479e-01 -1.210800000000000071e-02 8.869200000000000417e-01 -4.619159999999999933e-01 2.631000000000000092e-03
1.600000000000000000e+01 1.020000000000000000e+02 9.000000000000000000e+00 0.000000000000000000e+00 1.600000000000000089e+00 -8.620000000000000275e-04 7.860999999999999932e-03 9.999689999999999968e-01 9.223689999999999944e-01 3.863039999999999807e-01 -2.240999999999999936e-03 -3.863090000000000135e-01 9.223379999999999912e-01 -7.583999999999999596e-03
2.000000000000000000e+00 3.100000000000000000e+01 1.200000000000000000e+01 0.000000000000000000e+00 1.600000000000000089e+00 -1.221000000000000080e-03 -3.970000000000000005e-04 9.999989999999999712e-01 -2.446299999999999863e-02 9.997009999999999508e-01 3.669999999999999760e-04 -9.997000000000000330e-01 -2.446299999999999863e-02 -1.231000000000000106e-03
7.000000000000000000e+00 3.500000000000000000e+01 1.200000000000000000e+01 0.000000000000000000e+00 1.600000000000000089e+00 1.294999999999999927e-03 -5.163000000000000055e-03 -9.999860000000000415e-01 4.692029999999999812e-01 -8.830750000000000544e-01 5.166999999999999718e-03 -8.830890000000000128e-01 -4.692029999999999812e-01 1.278000000000000056e-03
1.300000000000000000e+01 3.500000000000000000e+01 1.200000000000000000e+01 0.000000000000000000e+00 1.600000000000000089e+00 1.154999999999999994e-03 -6.727000000000000340e-03 -9.999770000000000048e-01 4.495680000000000232e-01 -8.932219999999999605e-01 6.527999999999999949e-03 -8.932449999999999557e-01 -4.495649999999999924e-01 1.991999999999999847e-03
2.000000000000000000e+01 3.500000000000000000e+01 1.200000000000000000e+01 0.000000000000000000e+00 1.600000000000000089e+00 -1.809999999999999977e-03 1.582000000000000073e-03 -9.999970000000000248e-01 4.409890000000000199e-01 -8.975100000000000300e-01 -2.217999999999999920e-03 -8.975109999999999477e-01 -4.409919999999999951e-01 9.269999999999999811e-04
2.700000000000000000e+01 3.500000000000000000e+01 1.200000000000000000e+01 0.000000000000000000e+00 1.600000000000000089e+00 9.890000000000000787e-04 -8.100000000000000375e-05 -9.999989999999999712e-01 4.475729999999999986e-01 -8.942470000000000141e-01 5.150000000000000498e-04 -8.942470000000000141e-01 -4.475729999999999986e-01 -8.480000000000000124e-04
1.000000000000000000e+01 4.000000000000000000e+00 1.300000000000000000e+01 0.000000000000000000e+00 1.600000000000000089e+00 3.759999999999999779e-04 -2.202459999999999973e-01 9.754439999999999777e-01 -1.021539999999999948e-01 9.703330000000000011e-01 2.191309999999999925e-01 -9.947690000000000143e-01 -9.972799999999999720e-02 -2.213400000000000090e-02
3.000000000000000000e+00 1.200000000000000000e+01 1.500000000000000000e+01 0.000000000000000000e+00 1.600000000000000089e+00 3.151000000000000155e-03 -1.523000000000000048e-03 -9.999940000000000495e-01 -4.667850000000000055e-01 -8.843710000000000182e-01 -1.230000000000000082e-04 -8.843649999999999567e-01 4.667819999999999747e-01 -3.497000000000000108e-03
6.000000000000000000e+00 1.200000000000000000e+01 1.500000000000000000e+01 0.000000000000000000e+00 1.600000000000000089e+00 2.534999999999999927e-03 -4.629999999999999784e-04 -9.999970000000000248e-01 -4.678220000000000156e-01 -8.838219999999999965e-01 -7.770000000000000214e-04 -8.838190000000000213e-01 4.678229999999999889e-01 -2.456999999999999983e-03
8.000000000000000000e+00 1.200000000000000000e+01 1.500000000000000000e+01 0.000000000000000000e+00 1.600000000000000089e+00 1.502000000000000080e-03 -4.299999999999999894e-04 -9.999989999999999712e-01 -4.682509999999999728e-01 -8.835950000000000193e-01 -3.229999999999999907e-04 -8.835939999999999905e-01 4.682509999999999728e-01 -1.528999999999999977e-03
1.900000000000000000e+01 1.200000000000000000e+01 1.500000000000000000e+01 0.000000000000000000e+00 1.600000000000000089e+00 1.897999999999999948e-03 2.750999999999999973e-03 -9.999940000000000495e-01 -4.701670000000000016e-01 -8.825709999999999944e-01 -3.320000000000000034e-03 -8.825749999999999984e-01 4.701710000000000056e-01 -3.820000000000000153e-04
2.400000000000000000e+01 1.200000000000000000e+01 1.500000000000000000e+01 0.000000000000000000e+00 1.600000000000000089e+00 2.739999999999999923e-04 8.873999999999999944e-03 -9.999609999999999888e-01 -4.707660000000000178e-01 -8.822219999999999507e-01 -7.957999999999999796e-03 -8.822579999999999867e-01 4.707500000000000018e-01 3.935000000000000130e-03
2.900000000000000000e+01 1.200000000000000000e+01 1.500000000000000000e+01 0.000000000000000000e+00 1.600000000000000089e+00 -3.159999999999999832e-04 5.088999999999999774e-03 -9.999869999999999592e-01 -4.704679999999999973e-01 -8.824070000000000524e-01 -4.342000000000000373e-03 -8.824170000000000069e-01 4.704599999999999893e-01 2.674000000000000161e-03
5.000000000000000000e+00 1.100000000000000000e+01 1.600000000000000000e+01 0.000000000000000000e+00 1.600000000000000089e+00 2.435999999999999797e-03 5.730000000000000501e-04 -9.999970000000000248e-01 -4.196079999999999810e-01 -9.077039999999999553e-01 -1.543000000000000101e-03 -9.077020000000000088e-01 4.196110000000000118e-01 -1.971000000000000096e-03
2.000000000000000000e+00 1.160000000000000000e+02 1.600000000000000000e+01 0.000000000000000000e+00 1.600000000000000089e+00 2.559999999999999884e-04 2.161999999999999859e-03 9.999980000000000535e-01 7.549369999999999692e-01 6.557960000000000456e-01 -1.611000000000000019e-03 -6.557979999999999920e-01 7.549350000000000227e-01 -1.464999999999999939e-03
1.400000000000000000e+01 1.160000000000000000e+02 1.600000000000000000e+01 0.000000000000000000e+00 1.600000000000000089e+00 -3.079000000000000140e-03 -3.566000000000000159e-03 9.999890000000000168e-01 6.926139999999999519e-01 7.212929999999999620e-01 4.704999999999999981e-03 -7.213009999999999700e-01 6.926210000000000422e-01 2.489999999999999809e-04
2.800000000000000000e+01 1.160000000000000000e+02 1.600000000000000000e+01 0.000000000000000000e+00 1.600000000000000089e+00 -6.220000000000000485e-04 4.124000000000000062e-03 9.999909999999999632e-01 6.620979999999999643e-01 7.494129999999999958e-01 -2.678999999999999958e-03 -7.494169999999999998e-01 6.620899999999999563e-01 -3.197000000000000189e-03
1.000000000000000000e+00 2.000000000000000000e+00 1.900000000000000000e+01 0.000000000000000000e+00 1.600000000000000089e+00 -7.299999999999999632e-04 1.303400000000000045e-02 -9.999149999999999983e-01 1.789530000000000010e-01 -9.837719999999999798e-01 -1.295400000000000024e-02 -9.838569999999999816e-01 -1.789469999999999950e-01 -1.613999999999999983e-03
6.000000000000000000e+00 2.000000000000000000e+00 1.900000000000000000e+01 0.000000000000000000e+00 1.600000000000000089e+00 -8.540000000000000716e-03 2.396200000000000066e-02 -9.996760000000000090e-01 1.846299999999999886e-01 -9.824869999999999992e-01 -2.512700000000000003e-02 -9.827709999999999502e-01 -1.847850000000000048e-01 3.967000000000000040e-03
1.600000000000000000e+01 2.000000000000000000e+00 1.900000000000000000e+01 0.000000000000000000e+00 1.600000000000000089e+00 -8.496000000000000080e-03 1.292699999999999926e-02 -9.998799999999999910e-01 2.094280000000000030e-01 -9.777179999999999760e-01 -1.442000000000000053e-02 -9.777869999999999617e-01 -2.095249999999999890e-01 5.599999999999999943e-03
1.900000000000000000e+01 2.000000000000000000e+00 1.900000000000000000e+01 0.000000000000000000e+00 1.600000000000000089e+00 -1.428999999999999932e-03 5.904000000000000394e-03 -9.999820000000000375e-01 2.076919999999999877e-01 -9.781750000000000167e-01 -6.072000000000000140e-03 -9.781929999999999792e-01 -2.076969999999999927e-01 1.720000000000000066e-04
2.600000000000000000e+01 2.000000000000000000e+00 1.900000000000000000e+01 0.000000000000000000e+00 1.600000000000000089e+00 5.504000000000000212e-03 -4.563000000000000216e-03 -9.999740000000000295e-01 1.957909999999999928e-01 -9.806300000000000017e-01 5.551999999999999644e-03 -9.806300000000000017e-01 -1.958169999999999911e-01 -4.504000000000000191e-03
3.000000000000000000e+01 2.000000000000000000e+00 1.900000000000000000e+01 0.000000000000000000e+00 1.600000000000000089e+00 5.222000000000000079e-03 1.954000000000000008e-03 -9.999850000000000128e-01 1.960790000000000033e-01 -9.805880000000000152e-01 -8.919999999999999978e-04 -9.805739999999999457e-01 -1.960719999999999963e-01 -5.504000000000000212e-03
5.000000000000000000e+00 1.300000000000000000e+01 2.000000000000000000e+01 0.000000000000000000e+00 1.600000000000000089e+00 1.099999999999999971e-05 -6.437000000000000013e-03 9.999789999999999512e-01 2.502900000000000125e-01 9.681509999999999838e-01 6.229000000000000162e-03 -9.681710000000000038e-01 2.502849999999999797e-01 1.621999999999999961e-03
1.100000000000000000e+01 1.300000000000000000e+01 2.000000000000000000e+01 0.000000000000000000e+00 1.600000000000000089e+00 -7.699999999999999597e-04 -5.334000000000000200e-03 9.999850000000000128e-01 2.479830000000000090e-01 9.687489999999999712e-01 5.357999999999999916e-03 -9.687639999999999585e-01 2.479840000000000100e-01 5.760000000000000146e-04
2.100000000000000000e+01 1.300000000000000000e+01 2.000000000000000000e+01 0.000000000000000000e+00 1.600000000000000089e+00 3.429999999999999889e-04 1.667999999999999995e-03 9.999980000000000535e-01 2.473309999999999953e-01 9.689299999999999580e-01 -1.701000000000000038e-03 -9.689309999999999867e-01 2.473309999999999953e-01 -8.000000000000000654e-05
2.000000000000000000e+00 1.600000000000000000e+01 2.100000000000000000e+01 0.000000000000000000e+00 1.600000000000000089e+00 1.559999999999999972e-04 -6.949000000000000316e-03 9.999759999999999760e-01 2.990929999999999978e-01 9.542009999999999659e-01 6.583999999999999575e-03 -9.542239999999999611e-01 2.990840000000000165e-01 2.227999999999999946e-03
5.000000000000000000e+00 1.600000000000000000e+01 2.100000000000000000e+01 0.000000000000000000e+00 1.600000000000000089e+00 -5.619999999999999996e-04 -9.848000000000000850e-03 9.999510000000000343e-01 2.990840000000000165e-01 9.541789999999999994e-01 9.565000000000000585e-03 -9.542270000000000474e-01 2.990740000000000065e-01 2.409000000000000117e-03
1.000000000000000000e+01 1.600000000000000000e+01 2.100000000000000000e+01 0.000000000000000000e+00 1.600000000000000089e+00 -1.306000000000000086e-03 -6.445000000000000208e-03 9.999780000000000335e-01 2.989959999999999840e-01 9.542319999999999691e-01 6.540999999999999939e-03 -9.542530000000000179e-01 2.989979999999999860e-01 6.800000000000000488e-04
2.800000000000000000e+01 1.600000000000000000e+01 2.100000000000000000e+01 0.000000000000000000e+00 1.600000000000000089e+00 8.499999999999999526e-04 8.597000000000000475e-03 9.999630000000000463e-01 3.006349999999999856e-01 9.537020000000000497e-01 -8.455000000000000709e-03 -9.537390000000000034e-01 3.006309999999999816e-01 -1.773999999999999969e-03
8.000000000000000000e+00 5.000000000000000000e+01 2.200000000000000000e+01 0.000000000000000000e+00 1.600000000000000089e+00 -3.829999999999999854e-04 -3.184999999999999897e-03 -9.999949999999999672e-01 -5.800149999999999473e-01 8.146020000000000483e-01 -2.373000000000000109e-03 8.146060000000000523e-01 5.800110000000000543e-01 -2.158999999999999895e-03
3.000000000000000000e+00 4.600000000000000000e+01 2.700000000000000000e+01 0.000000000000000000e+00 1.600000000000000089e+00 1.154999999999999994e-03 3.730000000000000134e-04 -9.999989999999999712e-01 6.571559999999999624e-01 7.537540000000000351e-01 1.039999999999999909e-03 7.537540000000000351e-01 -6.571569999999999911e-01 6.250000000000000130e-04
7.000000000000000000e+00 4.600000000000000000e+01 2.700000000000000000e+01 0.000000000000000000e+00 1.600000000000000089e+00 -1.159000000000000091e-03 -1.018000000000000025e-03 -9.999989999999999712e-01 6.616940000000000044e-01 7.497719999999999940e-01 -1.531000000000000026e-03 7.497730000000000228e-01 -6.616950000000000331e-01 -1.949999999999999965e-04
1.400000000000000000e+01 4.600000000000000000e+01 2.700000000000000000e+01 0.000000000000000000e+00 1.600000000000000089e+00 -2.079999999999999818e-03 -8.869999999999999846e-04 -9.999970000000000248e-01 6.587589999999999835e-01 7.523520000000000207e-01 -2.037000000000000182e-03 7.523509999999999920e-01 -6.587610000000000410e-01 -9.810000000000001011e-04
2.000000000000000000e+01 4.600000000000000000e+01 2.700000000000000000e+01 0.000000000000000000e+00 1.600000000000000089e+00 -4.090000000000000211e-04 8.689999999999999808e-04 -1.000000000000000000e+00 6.575250000000000261e-01 7.534319999999999906e-01 3.860000000000000041e-04 7.534319999999999906e-01 -6.575250000000000261e-01 -8.800000000000000313e-04
2.600000000000000000e+01 4.600000000000000000e+01 2.700000000000000000e+01 0.000000000000000000e+00 1.600000000000000089e+00 -1.224000000000000045e-03 6.400000000000000524e-04 -9.999989999999999712e-01 6.555140000000000411e-01 7.551830000000000487e-01 -3.190000000000000019e-04 7.551820000000000199e-01 -6.555140000000000411e-01 -1.343999999999999926e-03
3.000000000000000000e+00 5.800000000000000000e+01 3.100000000000000000e+01 0.000000000000000000e+00 1.600000000000000089e+00 1.783999999999999996e-03 4.512999999999999651e-03 9.999879999999999880e-01 -7.670109999999999983e-01 -6.416199999999999681e-01 4.264000000000000429e-03 6.416309999999999514e-01 -7.670099999999999696e-01 2.317000000000000049e-03
8.000000000000000000e+00 5.800000000000000000e+01 3.100000000000000000e+01 0.000000000000000000e+00 1.600000000000000089e+00 1.467999999999999904e-03 2.276999999999999944e-03 9.999959999999999960e-01 -7.672889999999999988e-01 -6.412970000000000059e-01 2.586999999999999890e-03 6.412999999999999812e-01 -7.672889999999999988e-01 8.059999999999999673e-04
1.100000000000000000e+01 5.800000000000000000e+01 3.100000000000000000e+01 0.000000000000000000e+00 1.600000000000000089e+00 6.239999999999999887e-04 4.670000000000000214e-04 1.000000000000000000e+00 -7.642440000000000344e-01 -6.449270000000000280e-01 7.780000000000000457e-04 6.449270000000000280e-01 -7.642440000000000344e-01 -4.600000000000000004e-05
1.700000000000000000e+01 5.800000000000000000e+01 3.100000000000000000e+01 0.000000000000000000e+00 1.600000000000000089e+00 -7.825000000000000358e-03 -2.892000000000000039e-03 9.999649999999999928e-01 -7.614659999999999762e-01 -6.481580000000000119e-01 -7.832999999999999685e-03 6.481580000000000119e-01 -7.615009999999999835e-01 2.870000000000000155e-03
2.200000000000000000e+01 5.800000000000000000e+01 3.100000000000000000e+01 0.000000000000000000e+00 1.600000000000000089e+00 -2.380000000000000117e-04 1.219999999999999947e-03 9.999989999999999712e-01 -7.640449999999999742e-01 -6.451630000000000420e-01 6.059999999999999849e-04 6.451630000000000420e-01 -7.640439999999999454e-01 1.085999999999999943e-03
2.800000000000000000e+01 5.800000000000000000e+01 3.100000000000000000e+01 0.000000000000000000e+00 1.600000000000000089e+00 3.543000000000000142e-03 -3.533000000000000116e-03 9.999869999999999592e-01 -7.641010000000000302e-01 -6.450970000000000315e-01 4.279999999999999950e-04 6.450869999999999660e-01 -7.640930000000000222e-01 -4.984999999999999848e-03
5.000000000000000000e+00 4.600000000000000000e+01 3.500000000000000000e+01 0.000000000000000000e+00 1.600000000000000089e+00 2.620000000000000258e-04 1.025000000000000086e-03 -1.000000000000000000e+00 3.862229999999999830e-01 -9.224050000000000304e-01 -8.450000000000000479e-04 -9.224050000000000304e-01 -3.862229999999999830e-01 -6.369999999999999794e-04
1.400000000000000000e+01 4.600000000000000000e+01 3.500000000000000000e+01 0.000000000000000000e+00 1.600000000000000089e+00 7.119999999999999593e-04 -3.519999999999999908e-04 -1.000000000000000000e+00 3.859090000000000020e-01 -9.225370000000000514e-01 5.999999999999999474e-04 -9.225360000000000227e-01 -3.859099999999999753e-01 -5.209999999999999788e-04
2.200000000000000000e+01 4.600000000000000000e+01 3.500000000000000000e+01 0.000000000000000000e+00 1.600000000000000089e+00 5.220000000000000031e-04 -1.873000000000000099e-03 -9.999980000000000535e-01 3.866080000000000072e-01 -9.222420000000000062e-01 1.928999999999999942e-03 -9.222439999999999527e-01 -3.866080000000000072e-01 2.429999999999999977e-04
2.400000000000000000e+01 4.600000000000000000e+01 3.500000000000000000e+01 0.000000000000000000e+00 1.600000000000000089e+00 2.860000000000000129e-04 2.040000000000000147e-03 -9.999980000000000535e-01 3.864130000000000065e-01 -9.223240000000000327e-01 -1.771000000000000005e-03 -9.223259999999999792e-01 -3.864119999999999777e-01 -1.051999999999999984e-03
2.800000000000000000e+01 4.600000000000000000e+01 3.500000000000000000e+01 0.000000000000000000e+00 1.600000000000000089e+00 -3.660000000000000059e-04 6.650000000000000095e-04 -1.000000000000000000e+00 3.853679999999999883e-01 -9.227629999999999999e-01 -7.550000000000000287e-04 -9.227629999999999999e-01 -3.853679999999999883e-01 8.100000000000000375e-05
1.000000000000000000e+00 9.500000000000000000e+01 3.600000000000000000e+01 0.000000000000000000e+00 1.600000000000000089e+00 -2.930000000000000204e-04 -1.137999999999999906e-03 9.999989999999999712e-01 9.964549999999999796e-01 8.412699999999999345e-02 3.879999999999999985e-04 -8.412799999999999445e-02 9.964539999999999509e-01 1.108999999999999960e-03
4.000000000000000000e+00 9.500000000000000000e+01 3.600000000000000000e+01 0.000000000000000000e+00 1.600000000000000089e+00 1.369999999999999961e-04 8.248000000000000123e-03 9.999660000000000215e-01 9.965359999999999774e-01 8.316099999999999881e-02 -8.229999999999999469e-04 -8.316500000000000281e-02 9.965019999999999989e-01 -8.208000000000000018e-03
7.000000000000000000e+00 9.500000000000000000e+01 3.600000000000000000e+01 0.000000000000000000e+00 1.600000000000000089e+00 -8.469999999999999881e-04 1.553399999999999920e-02 9.998789999999999623e-01 9.970390000000000086e-01 7.689699999999999314e-02 -3.499999999999999964e-04 -7.689300000000000301e-02 9.969179999999999708e-01 -1.555400000000000012e-02
1.500000000000000000e+01 9.500000000000000000e+01 3.600000000000000000e+01 0.000000000000000000e+00 1.600000000000000089e+00 -1.275000000000000092e-03 -2.627600000000000074e-02 9.996540000000000425e-01 9.976089999999999680e-01 6.904399999999999427e-02 3.086999999999999900e-03 -6.910099999999999576e-02 9.972670000000000146e-01 2.612499999999999892e-02
2.500000000000000000e+01 9.500000000000000000e+01 3.600000000000000000e+01 0.000000000000000000e+00 1.600000000000000089e+00 -1.700000000000000122e-04 3.609999999999999928e-03 9.999930000000000208e-01 9.976949999999999985e-01 6.785900000000000265e-02 -7.600000000000000418e-05 -6.785900000000000265e-02 9.976880000000000193e-01 -3.612999999999999892e-03
2.800000000000000000e+01 9.500000000000000000e+01 3.600000000000000000e+01 0.000000000000000000e+00 1.600000000000000089e+00 7.026000000000000127e-03 1.013799999999999944e-02 9.999240000000000350e-01 9.974549999999999805e-01 7.088200000000000056e-02 -7.727000000000000361e-03 -7.095500000000000418e-02 9.974330000000000140e-01 -9.613999999999999282e-03
1.200000000000000000e+01 3.000000000000000000e+00 4.300000000000000000e+01 0.000000000000000000e+00 1.600000000000000089e+00 -5.770000000000000389e-04 6.657999999999999856e-03 -9.999780000000000335e-01 7.384920000000000373e-01 -6.742449999999999832e-01 -4.915000000000000098e-03 -6.742620000000000280e-01 -7.384779999999999678e-01 -4.527999999999999907e-03
2.100000000000000000e+01 3.000000000000000000e+00 4.300000000000000000e+01 0.000000000000000000e+00 1.600000000000000089e+00 6.930000000000000396e-04 3.184000000000000198e-03 -9.999949999999999672e-01 7.362520000000000175e-01 -6.767050000000000010e-01 -1.644000000000000062e-03 -6.767069999999999474e-01 -7.362469999999999848e-01 -2.814000000000000095e-03
2.600000000000000000e+01 3.000000000000000000e+00 4.300000000000000000e+01 0.000000000000000000e+00 1.600000000000000089e+00 -7.839999999999999747e-04 -7.378000000000000010e-03 -9.999719999999999720e-01 7.395429999999999504e-01 -6.730949999999999989e-01 4.387000000000000274e-03 -6.731089999999999574e-01 -7.395190000000000374e-01 5.983999999999999736e-03
6.000000000000000000e+00 8.000000000000000000e+00 4.400000000000000000e+01 0.000000000000000000e+00 1.600000000000000089e+00 2.900000000000000017e-05 -1.727000000000000019e-03 9.999989999999999712e-01 -7.815429999999999877e-01 -6.238500000000000156e-01 -1.054999999999999948e-03 6.238510000000000444e-01 -7.815419999999999590e-01 -1.368000000000000075e-03
1.000000000000000000e+01 8.000000000000000000e+00 4.400000000000000000e+01 0.000000000000000000e+00 1.600000000000000089e+00 1.010999999999999963e-03 2.298000000000000129e-03 9.999970000000000248e-01 -7.821270000000000167e-01 -6.231160000000000032e-01 2.223000000000000149e-03 6.231189999999999785e-01 -7.821259999999999879e-01 1.167999999999999984e-03
1.400000000000000000e+01 8.000000000000000000e+00 4.400000000000000000e+01 0.000000000000000000e+00 1.600000000000000089e+00 2.677000000000000126e-03 4.082999999999999824e-03 9.999879999999999880e-01 -7.836980000000000057e-01 -6.211240000000000094e-01 4.634000000000000098e-03 6.211360000000000214e-01 -7.837009999999999810e-01 1.536999999999999955e-03
1.600000000000000000e+01 8.000000000000000000e+00 4.400000000000000000e+01 0.000000000000000000e+00 1.600000000000000089e+00 2.150000000000000001e-03 4.196000000000000077e-03 9.999890000000000168e-01 -7.826300000000000479e-01 -6.224720000000000253e-01 4.295000000000000207e-03 6.224830000000000085e-01 -7.826309999999999656e-01 1.946000000000000030e-03
4.000000000000000000e+00 2.900000000000000000e+01 4.400000000000000000e+01 0.000000000000000000e+00 1.600000000000000089e+00 -5.259999999999999919e-04 2.273999999999999980e-03 -9.999970000000000248e-01 6.685910000000000464e-01 7.436289999999999845e-01 1.338999999999999913e-03 7.436300000000000132e-01 -6.685889999999999889e-01 -1.910999999999999938e-03
9.000000000000000000e+00 2.900000000000000000e+01 4.400000000000000000e+01 0.000000000000000000e+00 1.600000000000000089e+00 -3.390000000000000001e-04 -5.439999999999999957e-04 -1.000000000000000000e+00 6.729779999999999651e-01 7.396620000000000417e-01 -6.310000000000000504e-04 7.396629999999999594e-01 -6.729779999999999651e-01 1.150000000000000035e-04
1.800000000000000000e+01 2.900000000000000000e+01 4.400000000000000000e+01 0.000000000000000000e+00 1.600000000000000089e+00 7.370000000000000249e-04 -1.410000000000000012e-03 -9.999989999999999712e-01 6.723179999999999712e-01 7.402619999999999756e-01 -5.479999999999999845e-04 7.402619999999999756e-01 -6.723170000000000535e-01 1.494000000000000102e-03
2.400000000000000000e+01 2.900000000000000000e+01 4.400000000000000000e+01 0.000000000000000000e+00 1.600000000000000089e+00 -6.689999999999999983e-04 -1.966999999999999998e-03 -9.999980000000000535e-01 6.731260000000000021e-01 7.395249999999999879e-01 -1.905000000000000009e-03 7.395270000000000454e-01 -6.731260000000000021e-01 8.300000000000000086e-04
2.800000000000000000e+01 2.900000000000000000e+01 4.400000000000000000e+01 0.000000000000000000e+00 1.600000000000000089e+00 -2.632999999999999924e-03 -9.990000000000001049e-04 -9.999959999999999960e-01 6.689709999999999823e-01 7.432849999999999735e-01 -2.503000000000000017e-03 7.432839999999999447e-01 -6.689739999999999576e-01 -1.288999999999999998e-03
4.000000000000000000e+00 5.400000000000000000e+01 4.600000000000000000e+01 0.000000000000000000e+00 1.600000000000000089e+00 -1.338999999999999913e-03 1.396000000000000105e-03 9.999980000000000535e-01 3.294380000000000086e-01 -9.441749999999999865e-01 1.760000000000000063e-03 9.441760000000000153e-01 3.294400000000000106e-01 8.040000000000000271e-04
8.000000000000000000e+00 6.000000000000000000e+00 5.100000000000000000e+01 0.000000000000000000e+00 1.600000000000000089e+00 -3.299999999999999982e-04 -4.159999999999999744e-04 -1.000000000000000000e+00 3.301729999999999943e-01 -9.439210000000000100e-01 2.840000000000000185e-04 -9.439210000000000100e-01 -3.301720000000000210e-01 4.479999999999999933e-04
2.700000000000000000e+01 6.000000000000000000e+00 5.100000000000000000e+01 0.000000000000000000e+00 1.600000000000000089e+00 1.177000000000000095e-03 3.810000000000000019e-03 -9.999919999999999920e-01 3.183469999999999911e-01 -9.479689999999999506e-01 -3.237999999999999993e-03 -9.479729999999999546e-01 -3.183409999999999851e-01 -2.328999999999999907e-03
2.200000000000000000e+01 7.000000000000000000e+00 5.200000000000000000e+01 0.000000000000000000e+00 1.600000000000000089e+00 4.389999999999999914e-04 -3.834999999999999867e-03 -9.999919999999999920e-01 1.196910000000000057e-01 -9.928040000000000198e-01 3.860000000000000150e-03 -9.928109999999999991e-01 -1.196920000000000067e-01 2.300000000000000002e-05
2.000000000000000000e+00 6.300000000000000000e+01 5.400000000000000000e+01 0.000000000000000000e+00 1.600000000000000089e+00 -6.239999999999999887e-04 1.198999999999999979e-03 9.999989999999999712e-01 -3.587299999999999933e-01 9.334400000000000475e-01 -1.343000000000000010e-03 -9.334409999999999652e-01 -3.587310000000000221e-01 -1.520000000000000084e-04
8.000000000000000000e+00 6.300000000000000000e+01 5.400000000000000000e+01 0.000000000000000000e+00 1.600000000000000089e+00 4.780000000000000178e-04 -4.339999999999999782e-04 1.000000000000000000e+00 -3.491650000000000031e-01 9.370610000000000328e-01 5.739999999999999660e-04 -9.370610000000000328e-01 -3.491650000000000031e-01 2.970000000000000092e-04
1.000000000000000000e+01 6.300000000000000000e+01 5.400000000000000000e+01 0.000000000000000000e+00 1.600000000000000089e+00 1.190000000000000085e-03 -1.430000000000000064e-04 9.999989999999999712e-01 -3.468200000000000172e-01 9.379309999999999592e-01 5.469999999999999602e-04 -9.379309999999999592e-01 -3.468209999999999904e-01 1.067000000000000023e-03
1.400000000000000000e+01 6.300000000000000000e+01 5.400000000000000000e+01 0.000000000000000000e+00 1.600000000000000089e+00 5.879999999999999810e-04 3.110000000000000243e-04 1.000000000000000000e+00 -3.476429999999999798e-01 9.376269999999999882e-01 -8.700000000000000051e-05 -9.376269999999999882e-01 -3.476429999999999798e-01 6.589999999999999721e-04
1.800000000000000000e+01 6.300000000000000000e+01 5.400000000000000000e+01 0.000000000000000000e+00 1.600000000000000089e+00 1.378000000000000102e-03 8.260000000000000198e-04 9.999989999999999712e-01 -3.517930000000000224e-01 9.360779999999999657e-01 -2.880000000000000073e-04 -9.360770000000000479e-01 -3.517919999999999936e-01 1.580000000000000024e-03
2.200000000000000000e+01 6.300000000000000000e+01 5.400000000000000000e+01 0.000000000000000000e+00 1.600000000000000089e+00 9.269999999999999811e-04 -2.961999999999999789e-03 9.999949999999999672e-01 -3.584570000000000256e-01 9.335409999999999542e-01 3.096999999999999927e-03 -9.335459999999999869e-01 -3.584579999999999989e-01 -1.959999999999999937e-04
2.700000000000000000e+01 6.300000000000000000e+01 5.400000000000000000e+01 0.000000000000000000e+00 1.600000000000000089e+00 -3.400000000000000244e-04 1.523999999999999964e-03 9.999989999999999712e-01 -3.619700000000000140e-01 9.321890000000000454e-01 -1.543000000000000101e-03 -9.321899999999999631e-01 -3.619700000000000140e-01 2.339999999999999958e-04
6.000000000000000000e+00 2.500000000000000000e+01 5.500000000000000000e+01 0.000000000000000000e+00 1.600000000000000089e+00 2.460000000000000164e-04 -2.709000000000000036e-03 -9.999959999999999960e-01 -1.038299999999999987e-02 -9.999419999999999975e-01 2.706000000000000072e-03 -9.999460000000000015e-01 1.038200000000000060e-02 -2.739999999999999923e-04
9.000000000000000000e+00 2.500000000000000000e+01 5.500000000000000000e+01 0.000000000000000000e+00 1.600000000000000089e+00 1.382999999999999898e-03 -4.279999999999999950e-03 -9.999900000000000455e-01 -1.124299999999999952e-02 -9.999280000000000390e-01 4.264000000000000429e-03 -9.999360000000000470e-01 1.123700000000000046e-02 -1.430999999999999980e-03
1.400000000000000000e+01 2.500000000000000000e+01 5.500000000000000000e+01 0.000000000000000000e+00 1.600000000000000089e+00 -6.629999999999999609e-04 3.669999999999999760e-04 -1.000000000000000000e+00 -1.155600000000000030e-02 -9.999329999999999607e-01 -3.600000000000000227e-04 -9.999329999999999607e-01 1.155600000000000030e-02 6.669999999999999497e-04
1.800000000000000000e+01 2.500000000000000000e+01 5.500000000000000000e+01 0.000000000000000000e+00 1.600000000000000089e+00 -9.359999999999999831e-04 4.749999999999999990e-04 -9.999989999999999712e-01 -1.161500000000000032e-02 -9.999320000000000430e-01 -4.640000000000000027e-04 -9.999320000000000430e-01 1.161399999999999932e-02 9.409999999999999962e-04
2.300000000000000000e+01 2.500000000000000000e+01 5.500000000000000000e+01 0.000000000000000000e+00 1.600000000000000089e+00 -4.299999999999999894e-04 9.349999999999999587e-04 -9.999989999999999712e-01 -1.157900000000000075e-02 -9.999329999999999607e-01 -9.300000000000000541e-04 -9.999329999999999607e-01 1.157799999999999975e-02 4.400000000000000157e-04
2.600000000000000000e+01 2.500000000000000000e+01 5.500000000000000000e+01 0.000000000000000000e+00 1.600000000000000089e+00 7.829999999999999504e-04 1.105999999999999995e-03 -9.999989999999999712e-01 -1.200000000000000025e-02 -9.999270000000000103e-01 -1.115000000000000106e-03 -9.999280000000000390e-01 1.200099999999999952e-02 -7.699999999999999597e-04
1.600000000000000000e+01 6.800000000000000000e+01 5.700000000000000000e+01 0.000000000000000000e+00 1.600000000000000089e+00 2.730000000000000222e-04 -2.995999999999999965e-03 -9.999949999999999672e-01 -2.446810000000000096e-01 -9.695989999999999887e-01 2.837999999999999811e-03 -9.696040000000000214e-01 2.446790000000000076e-01 -9.979999999999999722e-04
2.300000000000000000e+01 6.800000000000000000e+01 5.700000000000000000e+01 0.000000000000000000e+00 1.600000000000000089e+00 1.706999999999999967e-03 -4.611999999999999780e-03 -9.999879999999999880e-01 -2.444870000000000099e-01 -9.696439999999999504e-01 4.054000000000000312e-03 -9.696510000000000407e-01 2.444769999999999999e-01 -2.782999999999999884e-03
3.000000000000000000e+00 2.100000000000000000e+01 6.000000000000000000e+01 0.000000000000000000e+00 1.600000000000000089e+00 3.739999999999999835e-04 1.680000000000000070e-03 9.999989999999999712e-01 -9.477800000000000114e-02 9.954969999999999652e-01 -1.637000000000000000e-03 -9.954979999999999940e-01 -9.477700000000000014e-02 5.310000000000000050e-04
9.000000000000000000e+00 2.100000000000000000e+01 6.000000000000000000e+01 0.000000000000000000e+00 1.600000000000000089e+00 -4.249999999999999763e-04 -3.389999999999999784e-03 9.999940000000000495e-01 -9.781600000000000017e-02 9.951989999999999448e-01 3.331999999999999892e-03 -9.952039999999999775e-01 -9.781499999999999917e-02 -7.550000000000000287e-04
