1.000000000000000000e+00 1.500000000000000000e+01 4.000000000000000000e+00 0.000000000000000000e+00 1.600000000000000089e+00 -4.525000000000000376e-03 -1.133100000000000079e-02 9.999259999999999815e-01 3.235219999999999763e-01 -9.461749999999999883e-01 -9.258000000000000604e-03 9.462099999999999955e-01 3.234560000000000213e-01 7.946999999999999204e-03
9.000000000000000000e+00 1.500000000000000000e+01 4.000000000000000000e+00 0.000000000000000000e+00 1.600000000000000089e+00 1.427000000000000100e-03 3.899000000000000122e-03 9.999909999999999632e-01 3.195029999999999815e-01 -9.475799999999999779e-01 3.239000000000000126e-03 9.475839999999999819e-01 3.194960000000000022e-01 -2.598000000000000049e-03
1.400000000000000000e+01 1.500000000000000000e+01 4.000000000000000000e+00 0.000000000000000000e+00 1.600000000000000089e+00 2.108000000000000065e-03 6.002999999999999656e-03 9.999799999999999800e-01 3.225589999999999846e-01 -9.465360000000000440e-01 5.002999999999999635e-03 9.465470000000000272e-01 3.225419999999999954e-01 -3.930999999999999599e-03
1.900000000000000000e+01 1.500000000000000000e+01 4.000000000000000000e+00 0.000000000000000000e+00 1.600000000000000089e+00 -3.129999999999999970e-03 -7.861999999999999197e-03 9.999639999999999640e-01 3.211439999999999850e-01 -9.470079999999999609e-01 -6.440000000000000412e-03 9.470250000000000057e-01 3.211120000000000085e-01 5.488999999999999956e-03
2.400000000000000000e+01 1.500000000000000000e+01 4.000000000000000000e+00 0.000000000000000000e+00 1.600000000000000089e+00 1.567999999999999949e-03 -6.066000000000000211e-03 9.999799999999999800e-01 3.238159999999999927e-01 -9.461000000000000520e-01 -6.246999999999999949e-03 9.461190000000000433e-01 3.238190000000000235e-01 4.800000000000000122e-04
2.500000000000000000e+01 1.900000000000000000e+01 5.000000000000000000e+00 0.000000000000000000e+00 1.600000000000000089e+00 -1.750000000000000036e-03 -5.088999999999999774e-03 -9.999860000000000415e-01 -6.740620000000000500e-01 -7.386580000000000368e-01 4.937999999999999681e-03 -7.386730000000000240e-01 6.740610000000000213e-01 -2.138000000000000143e-03
1.800000000000000000e+01 1.010000000000000000e+02 7.000000000000000000e+00 0.000000000000000000e+00 1.600000000000000089e+00 -6.008999999999999585e-03 1.467000000000000075e-02 9.998740000000000405e-01 8.810700000000000198e-01 4.729840000000000155e-01 -1.644999999999999978e-03 -4.729479999999999795e-01 8.809489999999999821e-01 -1.576800000000000077e-02
2.800000000000000000e+01 1.010000000000000000e+02 7.000000000000000000e+00 0.000000000000000000e+00 1.600000000000000089e+00 -1.342000000000000094e-03 -2.920999999999999985e-02 9.995720000000000161e-01 8.803560000000000274e-01 4.740750000000000242e-01 1.503499999999999975e-02 -4.743120000000000114e-01 8.800000000000000044e-01 2.507900000000000060e-02
6.000000000000000000e+00 2.500000000000000000e+01 8.000000000000000000e+00 0.000000000000000000e+00 1.600000000000000089e+00 -7.749999999999999728e-04 7.709999999999999840e-04 -9.999989999999999712e-01 4.521419999999999884e-01 8.919460000000000166e-01 3.379999999999999758e-04 8.919460000000000166e-01 -4.521410000000000151e-01 -1.039999999999999909e-03
1.100000000000000000e+01 2.500000000000000000e+01 8.000000000000000000e+00 0.000000000000000000e+00 1.600000000000000089e+00 -1.302999999999999905e-03 -1.312999999999999931e-03 -9.999980000000000535e-01 4.536180000000000212e-01 8.911940000000000417e-01 -1.761999999999999894e-03 8.911949999999999594e-01 -4.536200000000000232e-01 -5.659999999999999884e-04
1.700000000000000000e+01 2.500000000000000000e+01 8.000000000000000000e+00 0.000000000000000000e+00 1.600000000000000089e+00 -9.820000000000000170e-04 6.701999999999999624e-03 -9.999770000000000048e-01 4.530980000000000008e-01 8.914440000000000142e-01 5.529000000000000060e-03 8.914600000000000302e-01 -4.530819999999999848e-01 -3.911999999999999679e-03
2.000000000000000000e+01 2.500000000000000000e+01 8.000000000000000000e+00 0.000000000000000000e+00 1.600000000000000089e+00 -1.054000000000000032e-03 -2.191999999999999938e-03 -9.999970000000000248e-01 4.544039999999999746e-01 8.907920000000000282e-01 -2.432000000000000134e-03 8.907950000000000035e-01 -4.544050000000000034e-01 5.700000000000000314e-05
2.400000000000000000e+01 2.500000000000000000e+01 8.000000000000000000e+00 0.000000000000000000e+00 1.600000000000000089e+00 -8.639999999999999677e-04 1.322999999999999957e-03 -9.999989999999999712e-01 4.553710000000000258e-01 8.903020000000000378e-01 7.839999999999999747e-04 8.903010000000000090e-01 -4.553699999999999970e-01 -1.371999999999999956e-03
1.100000000000000000e+01 2.400000000000000000e+01 9.000000000000000000e+00 0.000000000000000000e+00 1.600000000000000089e+00 -1.266999999999999897e-03 -2.197000000000000168e-03 -9.999970000000000248e-01 4.554469999999999907e-01 8.902590000000000225e-01 -2.533000000000000095e-03 8.902619999999999978e-01 -4.554489999999999927e-01 -1.279999999999999942e-04
2.000000000000000000e+01 2.400000000000000000e+01 9.000000000000000000e+00 0.000000000000000000e+00 1.600000000000000089e+00 -1.250000000000000026e-03 -2.076000000000000154e-03 -9.999970000000000248e-01 4.559810000000000252e-01 8.899860000000000548e-01 -2.418000000000000010e-03 8.899890000000000301e-01 -4.559819999999999984e-01 -1.659999999999999963e-04
2.800000000000000000e+01 2.400000000000000000e+01 9.000000000000000000e+00 0.000000000000000000e+00 1.600000000000000089e+00 3.910000000000000172e-04 2.475999999999999902e-03 -9.999970000000000248e-01 4.580049999999999955e-01 8.889460000000000139e-01 2.380000000000000171e-03 8.889489999999999892e-01 -4.580049999999999955e-01 -7.870000000000000476e-04
2.800000000000000000e+01 1.200000000000000000e+01 1.000000000000000000e+01 0.000000000000000000e+00 1.600000000000000089e+00 -3.857999999999999884e-03 -1.081499999999999996e-02 -9.999339999999999895e-01 -5.510829999999999895e-01 -8.343760000000000066e-01 1.115000000000000019e-02 -8.344409999999999883e-01 5.510899999999999688e-01 -2.740999999999999947e-03
7.000000000000000000e+00 3.100000000000000000e+01 1.200000000000000000e+01 0.000000000000000000e+00 1.600000000000000089e+00 -5.599999999999999916e-05 -2.794000000000000043e-03 9.999959999999999960e-01 -1.642400000000000110e-02 9.998609999999999998e-01 2.792999999999999910e-03 -9.998650000000000038e-01 -1.642400000000000110e-02 -1.019999999999999992e-04
2.000000000000000000e+00 3.500000000000000000e+01 1.200000000000000000e+01 0.000000000000000000e+00 1.600000000000000089e+00 -5.509999999999999490e-04 -4.815999999999999968e-03 -9.999879999999999880e-01 4.597310000000000008e-01 -8.880489999999999773e-01 4.023999999999999799e-03 -8.880580000000000140e-01 -4.597229999999999928e-01 2.703000000000000107e-03
6.000000000000000000e+00 3.500000000000000000e+01 1.200000000000000000e+01 0.000000000000000000e+00 1.600000000000000089e+00 -6.780000000000000002e-04 -1.943999999999999981e-03 -9.999980000000000535e-01 4.577959999999999807e-01 -8.890559999999999574e-01 1.417999999999999990e-03 -8.890569999999999862e-01 -4.577939999999999787e-01 1.492999999999999969e-03
1.100000000000000000e+01 3.500000000000000000e+01 1.200000000000000000e+01 0.000000000000000000e+00 1.600000000000000089e+00 1.552999999999999910e-03 6.799999999999999946e-05 -9.999989999999999712e-01 4.500339999999999896e-01 -8.930109999999999992e-01 6.380000000000000037e-04 -8.930099999999999705e-01 -4.500339999999999896e-01 -1.417000000000000074e-03
2.000000000000000000e+01 3.500000000000000000e+01 1.200000000000000000e+01 0.000000000000000000e+00 1.600000000000000089e+00 -5.890000000000000053e-04 -8.140000000000000534e-04 -9.999989999999999712e-01 4.166880000000000028e-01 -9.090489999999999959e-01 4.939999999999999730e-04 -9.090489999999999959e-01 -4.166880000000000028e-01 8.750000000000000182e-04
2.400000000000000000e+01 3.500000000000000000e+01 1.200000000000000000e+01 0.000000000000000000e+00 1.600000000000000089e+00 2.465000000000000177e-03 -5.988000000000000267e-03 -9.999789999999999512e-01 4.024639999999999884e-01 -9.154130000000000322e-01 6.472999999999999587e-03 -9.154320000000000235e-01 -4.024719999999999964e-01 1.540000000000000028e-04
1.000000000000000000e+00 3.200000000000000000e+01 1.400000000000000000e+01 0.000000000000000000e+00 1.600000000000000089e+00 -1.789999999999999925e-03 -2.158999999999999895e-03 -9.999959999999999960e-01 1.043059999999999959e-01 9.945429999999999549e-01 -2.334000000000000137e-03 9.945439999999999836e-01 -1.043099999999999999e-01 -1.554999999999999959e-03
2.800000000000000000e+01 1.100000000000000000e+01 1.500000000000000000e+01 0.000000000000000000e+00 1.600000000000000089e+00 -7.757000000000000006e-03 -1.363999999999999935e-02 -9.998770000000000158e-01 -5.033180000000000431e-01 -8.639590000000000325e-01 1.568999999999999909e-02 -8.640660000000000007e-01 5.033779999999999921e-01 -1.640000000000000019e-04
1.100000000000000000e+01 1.200000000000000000e+01 1.500000000000000000e+01 0.000000000000000000e+00 1.600000000000000089e+00 -4.800000000000000122e-05 -1.211000000000000054e-03 -9.999989999999999712e-01 -4.635520000000000196e-01 -8.860689999999999955e-01 1.095000000000000053e-03 -8.860700000000000243e-01 4.635520000000000196e-01 -5.190000000000000386e-04
2.000000000000000000e+01 1.200000000000000000e+01 1.500000000000000000e+01 0.000000000000000000e+00 1.600000000000000089e+00 -1.512000000000000106e-03 -3.926999999999999935e-03 -9.999909999999999632e-01 -4.636460000000000026e-01 -8.860109999999999930e-01 4.179999999999999688e-03 -8.860190000000000010e-01 4.636480000000000046e-01 -4.809999999999999823e-04
9.000000000000000000e+00 1.160000000000000000e+02 1.600000000000000000e+01 0.000000000000000000e+00 1.600000000000000089e+00 2.710000000000000169e-03 7.229000000000000183e-03 9.999700000000000255e-01 7.360449999999999493e-01 6.768979999999999997e-01 -6.888000000000000025e-03 -6.769269999999999454e-01 7.360419999999999741e-01 -3.485999999999999949e-03
2.500000000000000000e+01 1.160000000000000000e+02 1.600000000000000000e+01 0.000000000000000000e+00 1.600000000000000089e+00 -1.740000000000000010e-04 1.965000000000000167e-03 9.999980000000000535e-01 7.594849999999999657e-01 6.505239999999999911e-01 -1.146000000000000100e-03 -6.505250000000000199e-01 7.594830000000000192e-01 -1.605000000000000090e-03
3.000000000000000000e+01 1.160000000000000000e+02 1.600000000000000000e+01 0.000000000000000000e+00 1.600000000000000089e+00 -5.956999999999999622e-03 3.611000000000000060e-03 9.999759999999999760e-01 7.728800000000000114e-01 6.345490000000000297e-01 2.311999999999999819e-03 -6.345250000000000057e-01 7.728749999999999787e-01 -6.570999999999999584e-03
5.000000000000000000e+00 2.000000000000000000e+00 1.900000000000000000e+01 0.000000000000000000e+00 1.600000000000000089e+00 -1.030000000000000100e-03 2.360999999999999818e-03 -9.999970000000000248e-01 1.741790000000000005e-01 -9.847110000000000030e-01 -2.504999999999999848e-03 -9.847129999999999495e-01 -1.741810000000000025e-01 6.030000000000000204e-04
1.000000000000000000e+01 2.000000000000000000e+00 1.900000000000000000e+01 0.000000000000000000e+00 1.600000000000000089e+00 -4.099999999999999912e-04 5.324999999999999872e-03 -9.999860000000000415e-01 1.690190000000000026e-01 -9.855979999999999741e-01 -5.317999999999999811e-03 -9.856129999999999614e-01 -1.690190000000000026e-01 -4.960000000000000216e-04
2.000000000000000000e+01 2.000000000000000000e+00 1.900000000000000000e+01 0.000000000000000000e+00 1.600000000000000089e+00 -1.230000000000000082e-04 -4.772000000000000200e-03 -9.999890000000000168e-01 1.611720000000000097e-01 -9.869149999999999867e-01 4.689999999999999725e-03 -9.869259999999999700e-01 -1.611700000000000077e-01 8.909999999999999734e-04
2.400000000000000000e+01 2.000000000000000000e+00 1.900000000000000000e+01 0.000000000000000000e+00 1.600000000000000089e+00 -1.487999999999999956e-03 -1.821000000000000049e-02 -9.998329999999999718e-01 1.594919999999999949e-01 -9.870400000000000285e-01 1.773999999999999883e-02 -9.871980000000000199e-01 -1.594389999999999974e-01 4.373000000000000151e-03
2.800000000000000000e+01 2.000000000000000000e+00 1.900000000000000000e+01 0.000000000000000000e+00 1.600000000000000089e+00 -2.240999999999999936e-03 -9.414999999999999758e-03 -9.999529999999999808e-01 1.540710000000000135e-01 -9.880189999999999806e-01 8.958000000000000684e-03 -9.880569999999999631e-01 -1.540439999999999865e-01 3.664999999999999855e-03
6.000000000000000000e+00 4.000000000000000000e+00 2.000000000000000000e+01 0.000000000000000000e+00 1.600000000000000089e+00 -1.572999999999999962e-03 2.945000000000000135e-03 -9.999940000000000495e-01 2.591689999999999827e-01 -9.658269999999999911e-01 -3.252000000000000116e-03 -9.658309999999999951e-01 -2.591729999999999867e-01 7.560000000000000530e-04
4.000000000000000000e+00 1.300000000000000000e+01 2.000000000000000000e+01 0.000000000000000000e+00 1.600000000000000089e+00 1.459999999999999926e-03 -9.000000000000000228e-06 9.999989999999999712e-01 2.551450000000000107e-01 9.669029999999999569e-01 -3.640000000000000115e-04 -9.669020000000000392e-01 2.551450000000000107e-01 1.413999999999999892e-03
1.000000000000000000e+01 1.300000000000000000e+01 2.000000000000000000e+01 0.000000000000000000e+00 1.600000000000000089e+00 1.279999999999999942e-04 9.719999999999999907e-04 9.999989999999999712e-01 2.520549999999999735e-01 9.677120000000000166e-01 -9.719999999999999907e-04 -9.677130000000000454e-01 2.520549999999999735e-01 -1.210000000000000002e-04
1.400000000000000000e+01 1.300000000000000000e+01 2.000000000000000000e+01 0.000000000000000000e+00 1.600000000000000089e+00 4.749999999999999990e-04 -2.864999999999999925e-03 9.999959999999999960e-01 2.500959999999999850e-01 9.682169999999999943e-01 2.654999999999999808e-03 -9.682209999999999983e-01 2.500939999999999830e-01 1.177000000000000095e-03
2.100000000000000000e+01 1.300000000000000000e+01 2.000000000000000000e+01 0.000000000000000000e+00 1.600000000000000089e+00 3.100000000000000135e-05 -8.980000000000000352e-04 1.000000000000000000e+00 2.514109999999999956e-01 9.678799999999999626e-01 8.610000000000000032e-04 -9.678799999999999626e-01 2.514109999999999956e-01 2.550000000000000183e-04
4.000000000000000000e+00 1.600000000000000000e+01 2.100000000000000000e+01 0.000000000000000000e+00 1.600000000000000089e+00 1.709000000000000016e-03 -1.690000000000000096e-03 9.999970000000000248e-01 2.991070000000000118e-01 9.542190000000000394e-01 1.101999999999999898e-03 -9.542180000000000106e-01 2.991039999999999810e-01 2.137000000000000011e-03
1.200000000000000000e+01 1.600000000000000000e+01 2.100000000000000000e+01 0.000000000000000000e+00 1.600000000000000089e+00 2.400000000000000061e-05 -5.150000000000000498e-04 1.000000000000000000e+00 2.983990000000000253e-01 9.544409999999999838e-01 4.850000000000000253e-04 -9.544409999999999838e-01 2.983990000000000253e-01 1.759999999999999954e-04
1.700000000000000000e+01 1.600000000000000000e+01 2.100000000000000000e+01 0.000000000000000000e+00 1.600000000000000089e+00 7.299999999999999903e-05 -6.712000000000000084e-03 9.999770000000000048e-01 2.973500000000000032e-01 9.547470000000000123e-01 6.386000000000000183e-03 -9.547689999999999788e-01 2.973430000000000240e-01 2.066000000000000128e-03
2.600000000000000000e+01 1.600000000000000000e+01 2.100000000000000000e+01 0.000000000000000000e+00 1.600000000000000089e+00 1.949999999999999910e-03 1.063000000000000056e-02 9.999419999999999975e-01 2.986750000000000238e-01 9.542950000000000044e-01 -1.072799999999999969e-02 -9.543530000000000069e-01 2.986779999999999990e-01 -1.314000000000000064e-03
2.900000000000000000e+01 1.600000000000000000e+01 2.100000000000000000e+01 0.000000000000000000e+00 1.600000000000000089e+00 8.490000000000000368e-04 1.348500000000000046e-02 9.999090000000000478e-01 2.975579999999999892e-01 9.546139999999999626e-01 -1.312699999999999978e-02 -9.547029999999999683e-01 2.975419999999999732e-01 -3.201999999999999985e-03
3.000000000000000000e+01 3.000000000000000000e+00 2.500000000000000000e+01 0.000000000000000000e+00 1.600000000000000089e+00 -5.266999999999999980e-03 4.784000000000000058e-03 9.999749999999999472e-01 -4.384099999999999803e-02 -9.990280000000000271e-01 4.549000000000000092e-03 9.990250000000000519e-01 -4.381600000000000078e-02 5.471000000000000169e-03
6.000000000000000000e+00 4.600000000000000000e+01 2.700000000000000000e+01 0.000000000000000000e+00 1.600000000000000089e+00 -9.280000000000000054e-04 8.689999999999999808e-04 -9.999989999999999712e-01 6.660289999999999822e-01 7.459249999999999492e-01 3.000000000000000076e-05 7.459249999999999492e-01 -6.660289999999999822e-01 -1.270999999999999994e-03
2.000000000000000000e+01 4.600000000000000000e+01 2.700000000000000000e+01 0.000000000000000000e+00 1.600000000000000089e+00 2.062000000000000031e-03 -2.762000000000000132e-03 -9.999940000000000495e-01 6.730570000000000164e-01 7.395899999999999697e-01 -6.539999999999999590e-04 7.395880000000000232e-01 -6.730519999999999836e-01 3.383999999999999855e-03
9.000000000000000000e+00 4.600000000000000000e+01 3.000000000000000000e+01 0.000000000000000000e+00 1.600000000000000089e+00 4.290000000000000193e-04 2.000000000000000164e-05 -1.000000000000000000e+00 3.295870000000000188e-01 9.441249999999999920e-01 1.610000000000000103e-04 9.441249999999999920e-01 -3.295870000000000188e-01 3.980000000000000248e-04
4.000000000000000000e+00 5.800000000000000000e+01 3.100000000000000000e+01 0.000000000000000000e+00 1.600000000000000089e+00 4.189000000000000015e-03 5.205000000000000425e-03 9.999780000000000335e-01 -7.698779999999999513e-01 -6.381580000000000030e-01 6.546999999999999868e-03 6.381780000000000230e-01 -7.698880000000000168e-01 1.333999999999999899e-03
9.000000000000000000e+00 5.800000000000000000e+01 3.100000000000000000e+01 0.000000000000000000e+00 1.600000000000000089e+00 1.211000000000000054e-03 2.509999999999999753e-04 9.999989999999999712e-01 -7.722139999999999560e-01 -6.353619999999999823e-01 1.095000000000000053e-03 6.353609999999999536e-01 -7.722149999999999848e-01 -5.760000000000000146e-04
1.700000000000000000e+01 5.800000000000000000e+01 3.100000000000000000e+01 0.000000000000000000e+00 1.600000000000000089e+00 2.639599999999999932e-02 -8.891899999999999804e-02 9.956890000000000462e-01 -7.646990000000000176e-01 -6.433149999999999702e-01 -3.717800000000000271e-02 6.438469999999999471e-01 -7.604210000000000136e-01 -8.497699999999999698e-02
4.000000000000000000e+00 7.600000000000000000e+01 3.200000000000000000e+01 0.000000000000000000e+00 1.600000000000000089e+00 9.304400000000000448e-01 -2.242069999999999896e-01 -2.898499999999999965e-01 2.405569999999999931e-01 9.703950000000000076e-01 2.158099999999999949e-02 2.764300000000000090e-01 -8.980499999999999594e-02 9.568290000000000406e-01
2.100000000000000000e+01 5.600000000000000000e+01 3.300000000000000000e+01 0.000000000000000000e+00 1.600000000000000089e+00 -2.587720000000000020e-01 -3.136340000000000239e-01 -9.136030000000000539e-01 4.600380000000000025e-01 -8.716789999999999816e-01 1.689390000000000058e-01 -8.493540000000000534e-01 -3.765749999999999931e-01 3.698500000000000121e-01
3.000000000000000000e+00 4.600000000000000000e+01 3.500000000000000000e+01 0.000000000000000000e+00 1.600000000000000089e+00 -8.829999999999999958e-04 6.000000000000000152e-06 -1.000000000000000000e+00 3.925509999999999833e-01 -9.197300000000000475e-01 -3.519999999999999908e-04 -9.197300000000000475e-01 -3.925509999999999833e-01 8.099999999999999561e-04
6.000000000000000000e+00 4.600000000000000000e+01 3.500000000000000000e+01 0.000000000000000000e+00 1.600000000000000089e+00 -9.879999999999999460e-04 2.926999999999999914e-03 -9.999949999999999672e-01 3.924199999999999910e-01 -9.197809999999999597e-01 -3.080999999999999971e-03 -9.197849999999999637e-01 -3.924219999999999930e-01 -2.400000000000000061e-04
1.000000000000000000e+01 4.600000000000000000e+01 3.500000000000000000e+01 0.000000000000000000e+00 1.600000000000000089e+00 -8.679999999999999565e-04 3.756999999999999923e-03 -9.999930000000000208e-01 3.937019999999999964e-01 -9.192299999999999915e-01 -3.795000000000000196e-03 -9.192379999999999995e-01 -3.937030000000000252e-01 -6.819999999999999890e-04
1.300000000000000000e+01 4.600000000000000000e+01 3.500000000000000000e+01 0.000000000000000000e+00 1.600000000000000089e+00 2.900000000000000017e-04 -9.265999999999999931e-03 -9.999569999999999848e-01 3.956120000000000192e-01 -9.183769999999999989e-01 8.625000000000000722e-03 -9.184179999999999566e-01 -3.955969999999999764e-01 3.399999999999999811e-03
2.000000000000000000e+01 4.600000000000000000e+01 3.500000000000000000e+01 0.000000000000000000e+00 1.600000000000000089e+00 -3.089499999999999885e-02 -1.700329999999999897e-01 -9.849539999999999962e-01 3.606969999999999898e-01 -9.209199999999999608e-01 1.476639999999999897e-01 -9.321709999999999718e-01 -3.507080000000000197e-01 8.978200000000000069e-02
1.500000000000000000e+01 9.500000000000000000e+01 3.600000000000000000e+01 0.000000000000000000e+00 1.600000000000000089e+00 -2.449700000000000141e-02 5.475599999999999912e-02 9.981989999999999474e-01 9.957840000000000025e-01 8.963300000000000434e-02 1.952100000000000016e-02 -8.840299999999999547e-02 9.944690000000000474e-01 -5.672100000000000058e-02
2.000000000000000000e+01 9.500000000000000000e+01 3.600000000000000000e+01 0.000000000000000000e+00 1.600000000000000089e+00 -3.289999999999999739e-04 2.860700000000000048e-02 9.995910000000000073e-01 9.976030000000000175e-01 6.918000000000000538e-02 -1.650999999999999907e-03 -6.919799999999999562e-02 9.971940000000000248e-01 -2.856099999999999958e-02
2.600000000000000000e+01 9.500000000000000000e+01 3.600000000000000000e+01 0.000000000000000000e+00 1.600000000000000089e+00 9.339999999999999344e-03 8.526999999999999857e-03 9.999200000000000310e-01 9.969890000000000141e-01 7.690500000000000114e-02 -9.967999999999999430e-03 -7.698399999999999688e-02 9.970020000000000548e-01 -7.782999999999999988e-03
2.000000000000000000e+00 2.900000000000000000e+01 4.400000000000000000e+01 0.000000000000000000e+00 1.600000000000000089e+00 -3.374999999999999962e-03 -3.710999999999999889e-03 -9.999869999999999592e-01 6.644910000000000538e-01 7.472800000000000553e-01 -5.015000000000000360e-03 7.472889999999999810e-01 -6.644989999999999508e-01 -5.599999999999999916e-05
6.000000000000000000e+00 2.900000000000000000e+01 4.400000000000000000e+01 0.000000000000000000e+00 1.600000000000000089e+00 -3.371999999999999997e-03 -3.262999999999999842e-03 -9.999890000000000168e-01 6.690920000000000201e-01 7.431649999999999645e-01 -4.681000000000000265e-03 7.431720000000000548e-01 -6.691000000000000281e-01 -3.229999999999999907e-04
1.000000000000000000e+01 2.900000000000000000e+01 4.400000000000000000e+01 0.000000000000000000e+00 1.600000000000000089e+00 4.730000000000000046e-04 -5.860000000000000408e-04 -1.000000000000000000e+00 6.694679999999999520e-01 7.428409999999999735e-01 -1.190000000000000058e-04 7.428409999999999735e-01 -6.694679999999999520e-01 7.439999999999999782e-04
1.600000000000000000e+01 2.900000000000000000e+01 4.400000000000000000e+01 0.000000000000000000e+00 1.600000000000000089e+00 2.530000000000000239e-04 8.210000000000000067e-04 -1.000000000000000000e+00 6.622639999999999638e-01 7.492710000000000203e-01 7.820000000000000345e-04 7.492710000000000203e-01 -6.622639999999999638e-01 -3.539999999999999853e-04
2.200000000000000000e+01 2.900000000000000000e+01 4.400000000000000000e+01 0.000000000000000000e+00 1.600000000000000089e+00 -3.178999999999999968e-03 -1.530000000000000056e-04 -9.999949999999999672e-01 6.580850000000000311e-01 7.529400000000000537e-01 -2.207000000000000194e-03 7.529369999999999674e-01 -6.580890000000000351e-01 -2.292999999999999899e-03
2.700000000000000000e+01 2.900000000000000000e+01 4.400000000000000000e+01 0.000000000000000000e+00 1.600000000000000089e+00 7.470000000000000511e-04 2.497999999999999787e-03 -9.999970000000000248e-01 6.583219999999999628e-01 7.527329999999999854e-01 2.371999999999999977e-03 7.527359999999999607e-01 -6.583210000000000450e-01 -1.082999999999999978e-03
7.000000000000000000e+00 5.000000000000000000e+01 4.500000000000000000e+01 0.000000000000000000e+00 1.600000000000000089e+00 -5.616919999999999691e-01 1.140120000000000022e-01 -8.194529999999999870e-01 -2.971239999999999992e-01 -9.521819999999999729e-01 7.118499999999999828e-02 -7.721529999999999783e-01 2.834630000000000205e-01 5.687079999999999913e-01
2.700000000000000000e+01 6.000000000000000000e+01 4.700000000000000000e+01 0.000000000000000000e+00 1.600000000000000089e+00 -2.553619999999999779e-01 -4.053889999999999993e-01 8.777530000000000054e-01 -2.281849999999999989e-01 9.074759999999999494e-01 3.527310000000000167e-01 -9.395329999999999515e-01 -1.102159999999999945e-01 -3.242380000000000262e-01
6.000000000000000000e+00 7.000000000000000000e+01 4.700000000000000000e+01 0.000000000000000000e+00 1.600000000000000089e+00 -2.146299999999999944e-02 1.791600000000000137e-02 -9.996089999999999698e-01 -8.429499999999999771e-01 -5.379260000000000153e-01 8.458000000000000240e-03 -5.375640000000000418e-01 8.428020000000000511e-01 2.664800000000000155e-02
3.000000000000000000e+00 5.000000000000000000e+00 5.100000000000000000e+01 0.000000000000000000e+00 1.600000000000000089e+00 -1.330999999999999935e-03 -5.570000000000000298e-03 -9.999839999999999840e-01 4.896750000000000269e-01 -8.718949999999999756e-01 4.205000000000000404e-03 -8.719040000000000123e-01 -4.896610000000000129e-01 3.887999999999999963e-03
1.200000000000000000e+01 5.000000000000000000e+00 5.100000000000000000e+01 0.000000000000000000e+00 1.600000000000000089e+00 1.041000000000000042e-03 2.956999999999999993e-03 -9.999949999999999672e-01 4.898390000000000244e-01 -8.718099999999999739e-01 -2.067999999999999960e-03 -8.718120000000000314e-01 -4.898350000000000204e-01 -2.356000000000000021e-03
1.500000000000000000e+01 5.000000000000000000e+00 5.100000000000000000e+01 0.000000000000000000e+00 1.600000000000000089e+00 -1.620000000000000075e-04 6.740000000000000331e-03 -9.999770000000000048e-01 4.882790000000000186e-01 -8.726669999999999705e-01 -5.961000000000000153e-03 -8.726880000000000193e-01 -4.882690000000000086e-01 -3.148999999999999889e-03
2.000000000000000000e+01 5.000000000000000000e+00 5.100000000000000000e+01 0.000000000000000000e+00 1.600000000000000089e+00 -5.689999999999999529e-04 6.394999999999999643e-03 -9.999789999999999512e-01 4.829249999999999932e-01 -8.756420000000000314e-01 -5.873999999999999881e-03 -8.756610000000000227e-01 -4.829189999999999872e-01 -2.589999999999999854e-03
2.400000000000000000e+01 5.000000000000000000e+00 5.100000000000000000e+01 0.000000000000000000e+00 1.600000000000000089e+00 -1.876999999999999979e-03 -4.027000000000000197e-03 -9.999900000000000455e-01 4.847020000000000217e-01 -8.746749999999999803e-01 2.612000000000000172e-03 -8.746770000000000378e-01 -4.846929999999999850e-01 3.593999999999999972e-03
2.600000000000000000e+01 1.150000000000000000e+02 5.100000000000000000e+01 0.000000000000000000e+00 1.600000000000000089e+00 2.565000000000000006e-03 1.969999999999999963e-03 9.999949999999999672e-01 8.474620000000000486e-01 -5.308540000000000481e-01 -1.128000000000000096e-03 5.308490000000000153e-01 8.474610000000000198e-01 -3.030999999999999840e-03
6.000000000000000000e+00 7.000000000000000000e+00 5.200000000000000000e+01 0.000000000000000000e+00 1.600000000000000089e+00 -4.024999999999999932e-03 -8.288999999999999493e-03 -9.999580000000000135e-01 1.111089999999999994e-01 -9.937780000000000502e-01 7.790000000000000049e-03 -9.938000000000000167e-01 -1.110730000000000051e-01 4.919999999999999894e-03
2.600000000000000000e+01 7.000000000000000000e+00 5.200000000000000000e+01 0.000000000000000000e+00 1.600000000000000089e+00 -1.394000000000000057e-03 -5.205000000000000425e-03 -9.999850000000000128e-01 9.864199999999999358e-02 -9.951100000000000501e-01 5.041999999999999607e-03 -9.951219999999999510e-01 -9.863399999999999945e-02 1.900999999999999912e-03
3.000000000000000000e+00 6.300000000000000000e+01 5.400000000000000000e+01 0.000000000000000000e+00 1.600000000000000089e+00 -1.024800000000000016e-02 -7.905999999999999833e-03 9.999160000000000270e-01 -3.415340000000000042e-01 9.398609999999999465e-01 3.930999999999999599e-03 -9.398130000000000095e-01 -3.414659999999999918e-01 -1.233199999999999921e-02
1.100000000000000000e+01 6.300000000000000000e+01 5.400000000000000000e+01 0.000000000000000000e+00 1.600000000000000089e+00 -4.640000000000000027e-04 -3.814000000000000116e-03 9.999930000000000208e-01 -3.332849999999999979e-01 9.428199999999999914e-01 3.442000000000000181e-03 -9.428260000000000529e-01 -3.332809999999999939e-01 -1.708000000000000100e-03
9.000000000000000000e+00 2.500000000000000000e+01 5.500000000000000000e+01 0.000000000000000000e+00 1.600000000000000089e+00 1.378000000000000102e-03 5.088999999999999774e-03 -9.999860000000000415e-01 -1.251400000000000082e-02 -9.999090000000000478e-01 -5.106000000000000295e-03 -9.999209999999999487e-01 1.252099999999999914e-02 -1.314999999999999980e-03
1.500000000000000000e+01 5.200000000000000000e+01 5.700000000000000000e+01 0.000000000000000000e+00 1.600000000000000089e+00 8.931200000000000250e-02 4.685619999999999785e-01 8.789040000000000186e-01 3.190819999999999768e-01 -8.493829999999999991e-01 4.203999999999999959e-01 9.435090000000000421e-01 2.428960000000000008e-01 -2.253699999999999870e-01
3.000000000000000000e+00 6.800000000000000000e+01 5.700000000000000000e+01 0.000000000000000000e+00 1.600000000000000089e+00 -2.159300000000000108e-02 -1.376799999999999968e-01 -9.902410000000000379e-01 -2.392459999999999865e-01 -9.609830000000000316e-01 1.388290000000000080e-01 -9.707189999999999985e-01 2.399090000000000111e-01 -1.218900000000000018e-02
2.500000000000000000e+01 6.800000000000000000e+01 5.700000000000000000e+01 0.000000000000000000e+00 1.600000000000000089e+00 -5.085000000000000110e-03 9.506999999999999826e-03 -9.999419999999999975e-01 -2.359499999999999931e-01 -9.717320000000000402e-01 -8.038999999999999271e-03 -9.717519999999999492e-01 2.358949999999999936e-01 7.184000000000000281e-03
2.000000000000000000e+00 2.100000000000000000e+01 6.000000000000000000e+01 0.000000000000000000e+00 1.600000000000000089e+00 -2.689999999999999791e-04 1.027899999999999994e-02 9.999470000000000303e-01 -9.853000000000000647e-02 9.950809999999999933e-01 -1.025500000000000023e-02 -9.951339999999999630e-01 -9.852800000000000447e-02 7.450000000000000025e-04
6.000000000000000000e+00 2.100000000000000000e+01 6.000000000000000000e+01 0.000000000000000000e+00 1.600000000000000089e+00 -1.946000000000000030e-03 -3.122999999999999908e-03 9.999930000000000208e-01 -9.793999999999999928e-02 9.951879999999999615e-01 2.918000000000000021e-03 -9.951900000000000190e-01 -9.793399999999999328e-02 -2.243000000000000202e-03
1.500000000000000000e+01 2.100000000000000000e+01 6.000000000000000000e+01 0.000000000000000000e+00 1.600000000000000089e+00 4.119999999999999856e-04 -1.028100000000000021e-02 9.999470000000000303e-01 -9.643400000000000583e-02 9.952860000000000040e-01 1.027199999999999988e-02 -9.953389999999999738e-01 -9.643300000000000483e-02 -5.820000000000000520e-04
2.000000000000000000e+01 2.100000000000000000e+01 6.000000000000000000e+01 0.000000000000000000e+00 1.600000000000000089e+00 3.000000000000000076e-05 9.229999999999999923e-04 1.000000000000000000e+00 -9.734900000000000497e-02 9.952499999999999680e-01 -9.160000000000000390e-04 -9.952499999999999680e-01 -9.734900000000000497e-02 1.190000000000000058e-04
2.700000000000000000e+01 2.100000000000000000e+01 6.000000000000000000e+01 0.000000000000000000e+00 1.600000000000000089e+00 -5.810000000000000277e-04 1.134899999999999971e-02 9.999350000000000183e-01 -9.565200000000000091e-02 9.953499999999999570e-01 -1.135300000000000024e-02 -9.954150000000000498e-01 -9.565200000000000091e-02 5.069999999999999637e-04
3.000000000000000000e+01 2.100000000000000000e+01 6.000000000000000000e+01 0.000000000000000000e+00 1.600000000000000089e+00 5.670000000000000127e-04 1.603699999999999917e-02 9.998709999999999543e-01 -9.551400000000000168e-02 9.953009999999999913e-01 -1.590899999999999953e-02 -9.954279999999999795e-01 -9.549299999999999455e-02 2.096000000000000207e-03
1.700000000000000000e+01 3.000000000000000000e+00 6.300000000000000000e+01 0.000000000000000000e+00 1.600000000000000089e+00 -7.089999999999999948e-04 7.029999999999999574e-04 9.999989999999999712e-01 -6.149149999999999894e-01 7.885929999999999884e-01 -9.899999999999999946e-04 -7.885929999999999884e-01 -6.149149999999999894e-01 -1.269999999999999970e-04
1.000000000000000000e+00 2.700000000000000000e+01 6.300000000000000000e+01 0.000000000000000000e+00 1.600000000000000089e+00 1.435999999999999993e-03 3.989999999999999623e-03 9.999909999999999632e-01 -2.787499999999999978e-01 9.603580000000000449e-01 -3.432000000000000155e-03 -9.603629999999999667e-01 -2.787419999999999898e-01 2.491999999999999858e-03
8.000000000000000000e+00 2.700000000000000000e+01 6.300000000000000000e+01 0.000000000000000000e+00 1.600000000000000089e+00 -5.529999999999999976e-04 6.430000000000000169e-04 1.000000000000000000e+00 -2.788490000000000135e-01 9.603350000000000497e-01 -7.720000000000000083e-04 -9.603350000000000497e-01 -2.788499999999999868e-01 -3.519999999999999908e-04
1.300000000000000000e+01 2.700000000000000000e+01 6.300000000000000000e+01 0.000000000000000000e+00 1.600000000000000089e+00 9.479999999999999495e-04 -1.214000000000000018e-03 9.999989999999999712e-01 -2.793590000000000240e-01 9.601859999999999840e-01 1.430999999999999980e-03 -9.601859999999999840e-01 -2.793599999999999972e-01 5.710000000000000015e-04
1.500000000000000000e+01 2.700000000000000000e+01 6.300000000000000000e+01 0.000000000000000000e+00 1.600000000000000089e+00 3.570000000000000040e-04 -2.027000000000000156e-03 9.999980000000000535e-01 -2.787399999999999878e-01 9.603639999999999954e-01 2.046000000000000076e-03 -9.603660000000000529e-01 -2.787410000000000165e-01 -2.220000000000000022e-04
1.900000000000000000e+01 2.700000000000000000e+01 6.300000000000000000e+01 0.000000000000000000e+00 1.600000000000000089e+00 6.310000000000000504e-04 -2.635000000000000189e-03 9.999959999999999960e-01 -2.781270000000000131e-01 9.605409999999999782e-01 2.707000000000000205e-03 -9.605439999999999534e-01 -2.781279999999999863e-01 -1.259999999999999998e-04
2.400000000000000000e+01 2.700000000000000000e+01 6.300000000000000000e+01 0.000000000000000000e+00 1.600000000000000089e+00 1.394000000000000057e-03 -4.342999999999999639e-03 9.999900000000000455e-01 -2.788450000000000095e-01 9.603249999999999842e-01 4.558999999999999685e-03 -9.603350000000000497e-01 -2.788479999999999848e-01 1.269999999999999970e-04
3.000000000000000000e+01 2.700000000000000000e+01 6.300000000000000000e+01 0.000000000000000000e+00 1.600000000000000089e+00 -1.139999999999999954e-03 -6.899999999999999667e-05 9.999989999999999712e-01 -2.716700000000000226e-01 9.623909999999999965e-01 -2.439999999999999949e-04 -9.623899999999999677e-01 -2.716700000000000226e-01 -1.116000000000000021e-03
1.000000000000000000e+00 2.600000000000000000e+01 6.400000000000000000e+01 0.000000000000000000e+00 1.600000000000000089e+00 1.101999999999999898e-03 2.543000000000000121e-03 9.999959999999999960e-01 -3.640200000000000102e-01 9.313890000000000224e-01 -1.968000000000000131e-03 -9.313909999999999689e-01 -3.640160000000000062e-01 1.951999999999999959e-03
7.000000000000000000e+00 2.600000000000000000e+01 6.400000000000000000e+01 0.000000000000000000e+00 1.600000000000000089e+00 -8.959999999999999866e-04 -1.105000000000000079e-03 9.999989999999999712e-01 -3.638839999999999852e-01 9.314440000000000497e-01 7.029999999999999574e-04 -9.314440000000000497e-01 -3.638830000000000120e-01 -1.235999999999999903e-03
1.400000000000000000e+01 2.600000000000000000e+01 6.400000000000000000e+01 0.000000000000000000e+00 1.600000000000000089e+00 9.409999999999999962e-04 -1.958000000000000105e-03 9.999980000000000535e-01 -3.627799999999999914e-01 9.318720000000000336e-01 2.165999999999999957e-03 -9.318739999999999801e-01 -3.627819999999999934e-01 1.659999999999999963e-04
2.000000000000000000e+01 2.600000000000000000e+01 6.400000000000000000e+01 0.000000000000000000e+00 1.600000000000000089e+00 1.503999999999999912e-03 -2.663000000000000003e-03 9.999949999999999672e-01 -3.642360000000000042e-01 9.313019999999999632e-01 3.027999999999999876e-03 -9.313050000000000495e-01 -3.642389999999999795e-01 4.299999999999999894e-04
2.400000000000000000e+01 2.600000000000000000e+01 6.400000000000000000e+01 0.000000000000000000e+00 1.600000000000000089e+00 1.894999999999999983e-03 -4.526999999999999774e-03 9.999879999999999880e-01 -3.641670000000000185e-01 9.313209999999999544e-01 4.905999999999999771e-03 -9.313320000000000487e-01 -3.641719999999999957e-01 1.169999999999999979e-04
2.900000000000000000e+01 5.300000000000000000e+01 6.500000000000000000e+01 0.000000000000000000e+00 1.600000000000000089e+00 4.287880000000000025e-01 8.767900000000000693e-02 -8.991409999999999680e-01 -8.647460000000000147e-01 3.278719999999999968e-01 -3.804130000000000011e-01 2.614480000000000137e-01 9.406449999999999534e-01 2.164069999999999883e-01
9.000000000000000000e+00 6.900000000000000000e+01 6.600000000000000000e+01 0.000000000000000000e+00 1.600000000000000089e+00 -2.743999999999999911e-03 9.809000000000000011e-03 9.999479999999999480e-01 -9.565730000000000066e-01 2.914419999999999789e-01 -5.484000000000000159e-03 -2.914800000000000169e-01 -9.565379999999999994e-01 8.583000000000000351e-03
5.000000000000000000e+00 2.500000000000000000e+01 7.300000000000000000e+01 0.000000000000000000e+00 1.600000000000000089e+00 -2.742000000000000080e-03 1.417000000000000074e-03 9.999949999999999672e-01 7.521809999999999885e-01 -6.589490000000000069e-01 2.995999999999999965e-03 6.589500000000000357e-01 7.521860000000000213e-01 7.410000000000000137e-04
1.200000000000000000e+01 2.500000000000000000e+01 7.300000000000000000e+01 0.000000000000000000e+00 1.600000000000000089e+00 -6.149999999999999868e-04 4.104000000000000009e-03 9.999909999999999632e-01 7.457789999999999697e-01 -6.661859999999999449e-01 3.193000000000000092e-03 6.661930000000000351e-01 7.457740000000000480e-01 -2.650000000000000012e-03
2.000000000000000000e+01 2.500000000000000000e+01 7.300000000000000000e+01 0.000000000000000000e+00 1.600000000000000089e+00 -6.729999999999999871e-04 -4.669000000000000407e-03 9.999890000000000168e-01 7.457489999999999952e-01 -6.662219999999999809e-01 -2.608000000000000075e-03 6.662270000000000136e-01 7.457390000000000407e-01 3.930000000000000333e-03
2.400000000000000000e+01 4.400000000000000000e+01 7.300000000000000000e+01 0.000000000000000000e+00 1.600000000000000089e+00 2.184900000000000037e-02 1.400689999999999991e-01 9.899010000000000309e-01 3.191100000000000186e-02 -9.897299999999999986e-01 1.393399999999999916e-01 9.992520000000000291e-01 2.854399999999999993e-02 -2.609399999999999914e-02
7.000000000000000000e+00 2.500000000000000000e+01 7.400000000000000000e+01 0.000000000000000000e+00 1.600000000000000089e+00 -2.699000000000000010e-03 -4.719999999999999803e-04 9.999959999999999960e-01 8.263019999999999810e-01 -5.632230000000000292e-01 1.965000000000000167e-03 5.632200000000000539e-01 8.263040000000000385e-01 1.910000000000000022e-03
1.300000000000000000e+01 2.500000000000000000e+01 7.400000000000000000e+01 0.000000000000000000e+00 1.600000000000000089e+00 -6.729999999999999871e-04 1.533999999999999990e-03 9.999989999999999712e-01 8.221249999999999947e-01 -5.693049999999999500e-01 1.425999999999999967e-03 5.693059999999999787e-01 8.221249999999999947e-01 -8.779999999999999827e-04
