8.000000000000000000e+00 4.200000000000000000e+01 2.000000000000000000e+00 0.000000000000000000e+00 1.600000000000000089e+00 4.119999999999999856e-04 -7.167900000000000660e-02 -9.974279999999999813e-01 9.670800000000000507e-01 -2.537900000000000156e-01 1.863799999999999832e-02 -2.544730000000000047e-01 -9.646000000000000130e-01 6.921499999999999875e-02
2.000000000000000000e+00 1.500000000000000000e+01 4.000000000000000000e+00 0.000000000000000000e+00 1.600000000000000089e+00 -2.988999999999999903e-03 -1.211000000000000054e-03 9.999949999999999672e-01 3.241829999999999989e-01 -9.459940000000000015e-01 -1.759999999999999954e-04 9.459899999999999975e-01 3.241809999999999969e-01 3.220000000000000206e-03
1.100000000000000000e+01 1.500000000000000000e+01 4.000000000000000000e+00 0.000000000000000000e+00 1.600000000000000089e+00 -5.730000000000000501e-04 -3.621000000000000087e-03 9.999930000000000208e-01 3.239929999999999755e-01 -9.460539999999999505e-01 -3.240999999999999957e-03 9.460589999999999833e-01 3.239890000000000270e-01 1.714999999999999945e-03
1.300000000000000000e+01 1.500000000000000000e+01 4.000000000000000000e+00 0.000000000000000000e+00 1.600000000000000089e+00 1.634999999999999952e-03 2.329999999999999986e-04 9.999989999999999712e-01 3.244290000000000229e-01 -9.459100000000000286e-01 -3.099999999999999999e-04 9.459089999999999998e-01 3.244290000000000229e-01 -1.621999999999999961e-03
2.200000000000000000e+01 1.500000000000000000e+01 4.000000000000000000e+00 0.000000000000000000e+00 1.600000000000000089e+00 -1.768999999999999956e-03 9.470000000000000336e-04 9.999980000000000535e-01 3.291009999999999769e-01 -9.442939999999999667e-01 1.476000000000000098e-03 9.442930000000000490e-01 3.291029999999999789e-01 1.358999999999999965e-03
2.500000000000000000e+01 1.500000000000000000e+01 4.000000000000000000e+00 0.000000000000000000e+00 1.600000000000000089e+00 -8.369999999999999619e-04 2.984000000000000107e-03 9.999949999999999672e-01 3.272559999999999913e-01 -9.449309999999999654e-01 3.093999999999999962e-03 9.449349999999999694e-01 3.272570000000000201e-01 -1.859999999999999945e-04
2.400000000000000000e+01 4.000000000000000000e+00 5.000000000000000000e+00 0.000000000000000000e+00 1.600000000000000089e+00 6.999999999999999929e-04 2.942999999999999870e-03 9.999949999999999672e-01 2.325019999999999865e-01 -9.725920000000000121e-01 2.700000000000000143e-03 9.725960000000000161e-01 2.324990000000000112e-01 -1.366000000000000027e-03
3.000000000000000000e+00 1.010000000000000000e+02 7.000000000000000000e+00 0.000000000000000000e+00 1.600000000000000089e+00 -2.720000000000000195e-03 9.192999999999999783e-03 9.999540000000000095e-01 8.841919999999999780e-01 4.671199999999999797e-01 -1.889000000000000054e-03 -4.671159999999999757e-01 8.841459999999999875e-01 -9.398999999999999369e-03
7.000000000000000000e+00 1.010000000000000000e+02 7.000000000000000000e+00 0.000000000000000000e+00 1.600000000000000089e+00 -3.909000000000000148e-03 -0.000000000000000000e+00 9.999919999999999920e-01 8.832929999999999948e-01 4.688089999999999757e-01 3.452999999999999906e-03 -4.688050000000000272e-01 8.832999999999999741e-01 -1.832999999999999994e-03
1.100000000000000000e+01 1.010000000000000000e+02 7.000000000000000000e+00 0.000000000000000000e+00 1.600000000000000089e+00 -4.483000000000000006e-03 -1.324999999999999963e-02 9.999019999999999575e-01 8.822830000000000394e-01 4.706080000000000263e-01 1.019100000000000041e-02 -4.706969999999999765e-01 8.822429999999999994e-01 9.580999999999999239e-03
2.400000000000000000e+01 1.010000000000000000e+02 7.000000000000000000e+00 0.000000000000000000e+00 1.600000000000000089e+00 -4.229999999999999819e-04 5.498000000000000283e-03 9.999850000000000128e-01 8.849259999999999904e-01 4.657270000000000021e-01 -2.186000000000000009e-03 -4.657319999999999793e-01 8.849110000000000031e-01 -5.062999999999999792e-03
2.000000000000000000e+00 2.500000000000000000e+01 8.000000000000000000e+00 0.000000000000000000e+00 1.600000000000000089e+00 2.730000000000000222e-04 -3.930000000000000333e-03 -9.999919999999999920e-01 4.478289999999999771e-01 8.941130000000000466e-01 -3.390999999999999917e-03 8.941189999999999971e-01 -4.478249999999999731e-01 2.004000000000000139e-03
1.000000000000000000e+01 2.500000000000000000e+01 8.000000000000000000e+00 0.000000000000000000e+00 1.600000000000000089e+00 1.600000000000000131e-04 -7.359000000000000090e-03 -9.999730000000000008e-01 4.483219999999999983e-01 8.938490000000000046e-01 -6.505999999999999631e-03 8.938719999999999999e-01 -4.483090000000000130e-01 3.442999999999999880e-03
1.700000000000000000e+01 2.500000000000000000e+01 8.000000000000000000e+00 0.000000000000000000e+00 1.600000000000000089e+00 9.309999999999999699e-04 6.275000000000000196e-03 -9.999799999999999800e-01 4.474920000000000009e-01 8.942679999999999518e-01 6.028000000000000372e-03 8.942879999999999718e-01 -4.474879999999999969e-01 -1.975999999999999892e-03
2.000000000000000000e+01 2.500000000000000000e+01 8.000000000000000000e+00 0.000000000000000000e+00 1.600000000000000089e+00 2.680000000000000090e-04 3.680000000000000111e-03 -9.999930000000000208e-01 4.470649999999999902e-01 8.944950000000000401e-01 3.412000000000000102e-03 8.945009999999999906e-01 -4.470629999999999882e-01 -1.405999999999999915e-03
2.300000000000000000e+01 2.500000000000000000e+01 8.000000000000000000e+00 0.000000000000000000e+00 1.600000000000000089e+00 -5.490000000000000088e-04 -1.154999999999999994e-03 -9.999989999999999712e-01 4.460790000000000033e-01 8.949930000000000385e-01 -1.278000000000000056e-03 8.949930000000000385e-01 -4.460790000000000033e-01 2.400000000000000061e-05
2.700000000000000000e+01 2.500000000000000000e+01 8.000000000000000000e+00 0.000000000000000000e+00 1.600000000000000089e+00 -3.203000000000000118e-03 -3.963000000000000377e-03 -9.999869999999999592e-01 4.452599999999999891e-01 8.953879999999999617e-01 -4.975000000000000255e-03 8.953959999999999697e-01 -4.452699999999999991e-01 -1.103999999999999947e-03
9.000000000000000000e+00 2.400000000000000000e+01 9.000000000000000000e+00 0.000000000000000000e+00 1.600000000000000089e+00 2.369999999999999874e-04 -8.097999999999999296e-03 -9.999670000000000503e-01 4.515190000000000037e-01 8.922330000000000538e-01 -7.118000000000000195e-03 8.922609999999999708e-01 -4.515029999999999877e-01 3.867999999999999911e-03
1.600000000000000000e+01 2.400000000000000000e+01 9.000000000000000000e+00 0.000000000000000000e+00 1.600000000000000089e+00 8.769999999999999584e-04 5.002000000000000370e-03 -9.999869999999999592e-01 4.504340000000000011e-01 8.927969999999999517e-01 4.860999999999999870e-03 8.928089999999999637e-01 -4.504319999999999991e-01 -1.469999999999999953e-03
2.100000000000000000e+01 2.400000000000000000e+01 9.000000000000000000e+00 0.000000000000000000e+00 1.600000000000000089e+00 2.420000000000000005e-04 1.474000000000000050e-03 -9.999989999999999712e-01 4.494659999999999767e-01 8.932959999999999789e-01 1.425999999999999967e-03 8.932970000000000077e-01 -4.494659999999999767e-01 -4.470000000000000232e-04
2.700000000000000000e+01 2.400000000000000000e+01 9.000000000000000000e+00 0.000000000000000000e+00 1.600000000000000089e+00 -2.913999999999999924e-03 -4.957999999999999734e-03 -9.999829999999999552e-01 4.481479999999999908e-01 8.939409999999999856e-01 -5.738000000000000045e-03 8.939550000000000551e-01 -4.481570000000000276e-01 -3.829999999999999854e-04
1.400000000000000000e+01 1.020000000000000000e+02 9.000000000000000000e+00 0.000000000000000000e+00 1.600000000000000089e+00 6.489999999999999459e-04 -9.740000000000000394e-04 9.999989999999999712e-01 9.200620000000000465e-01 3.917729999999999824e-01 -2.149999999999999947e-04 -3.917720000000000091e-01 9.200620000000000465e-01 1.150999999999999896e-03
1.000000000000000000e+00 1.200000000000000000e+01 1.000000000000000000e+01 0.000000000000000000e+00 1.600000000000000089e+00 1.288999999999999998e-03 5.989000000000000400e-03 -9.999810000000000088e-01 -5.525069999999999704e-01 -8.334890000000000354e-01 -5.703999999999999869e-03 -8.335069999999999979e-01 5.525039999999999951e-01 2.235000000000000007e-03
6.000000000000000000e+00 1.200000000000000000e+01 1.000000000000000000e+01 0.000000000000000000e+00 1.600000000000000089e+00 -1.881999999999999992e-03 -8.989999999999999727e-03 -9.999580000000000135e-01 -5.517940000000000067e-01 -8.339360000000000106e-01 8.536000000000000185e-03 -8.339779999999999971e-01 5.517870000000000275e-01 -3.390999999999999917e-03
1.500000000000000000e+01 1.200000000000000000e+01 1.000000000000000000e+01 0.000000000000000000e+00 1.600000000000000089e+00 3.460000000000000076e-04 4.955000000000000203e-03 -9.999879999999999880e-01 -5.505839999999999623e-01 -8.347679999999999545e-01 -4.327000000000000117e-03 -8.347790000000000488e-01 5.505790000000000406e-01 2.439000000000000196e-03
6.000000000000000000e+00 3.100000000000000000e+01 1.200000000000000000e+01 0.000000000000000000e+00 1.600000000000000089e+00 5.490000000000000088e-04 8.299999999999999815e-05 1.000000000000000000e+00 3.155999999999999951e-03 9.999949999999999672e-01 -8.500000000000000611e-05 -9.999949999999999672e-01 3.155999999999999951e-03 5.490000000000000088e-04
1.900000000000000000e+01 3.100000000000000000e+01 1.200000000000000000e+01 0.000000000000000000e+00 1.600000000000000089e+00 -5.439999999999999957e-04 2.329999999999999986e-04 1.000000000000000000e+00 -3.406999999999999872e-03 9.999940000000000495e-01 -2.339999999999999958e-04 -9.999940000000000495e-01 -3.406999999999999872e-03 -5.429999999999999714e-04
2.400000000000000000e+01 3.100000000000000000e+01 1.200000000000000000e+01 0.000000000000000000e+00 1.600000000000000089e+00 -1.699999999999999987e-05 2.699999999999999899e-05 1.000000000000000000e+00 -2.199000000000000000e-03 9.999980000000000535e-01 -2.699999999999999899e-05 -9.999980000000000535e-01 -2.199000000000000000e-03 -1.699999999999999987e-05
4.000000000000000000e+00 3.200000000000000000e+01 1.400000000000000000e+01 0.000000000000000000e+00 1.600000000000000089e+00 1.827999999999999981e-03 -9.290000000000000297e-04 -9.999980000000000535e-01 9.904000000000000303e-02 9.950830000000000508e-01 -7.429999999999999539e-04 9.950820000000000221e-01 -9.903900000000000203e-02 1.910999999999999938e-03
9.000000000000000000e+00 1.160000000000000000e+02 1.600000000000000000e+01 0.000000000000000000e+00 1.600000000000000089e+00 -7.820000000000000345e-04 -6.999999999999999895e-06 1.000000000000000000e+00 6.557640000000000136e-01 7.549660000000000259e-01 5.180000000000000143e-04 -7.549660000000000259e-01 6.557640000000000136e-01 -5.860000000000000408e-04
2.100000000000000000e+01 1.160000000000000000e+02 1.600000000000000000e+01 0.000000000000000000e+00 1.600000000000000089e+00 -3.948000000000000120e-03 -3.321999999999999866e-03 9.999869999999999592e-01 7.024770000000000181e-01 7.116879999999999873e-01 5.138000000000000206e-03 -7.116959999999999953e-01 7.024880000000000013e-01 -4.760000000000000234e-04
8.000000000000000000e+00 2.000000000000000000e+00 1.900000000000000000e+01 0.000000000000000000e+00 1.600000000000000089e+00 -6.954000000000000112e-03 -1.424599999999999998e-02 -9.998740000000000405e-01 1.847870000000000068e-01 -9.826960000000000139e-01 1.271599999999999987e-02 -9.827540000000000164e-01 -1.846760000000000068e-01 9.466999999999999721e-03
1.500000000000000000e+01 2.000000000000000000e+00 1.900000000000000000e+01 0.000000000000000000e+00 1.600000000000000089e+00 7.680000000000000195e-04 -1.537700000000000004e-02 -9.998820000000000485e-01 1.836000000000000132e-01 -9.828829999999999512e-01 1.525699999999999973e-02 -9.830010000000000137e-01 -1.835900000000000032e-01 2.067999999999999960e-03
2.200000000000000000e+01 2.000000000000000000e+00 1.900000000000000000e+01 0.000000000000000000e+00 1.600000000000000089e+00 2.049000000000000040e-03 -2.760299999999999906e-02 -9.996169999999999778e-01 1.957830000000000126e-01 -9.802619999999999667e-01 2.747000000000000136e-02 -9.806449999999999889e-01 -1.957639999999999936e-01 3.396000000000000147e-03
2.700000000000000000e+01 2.000000000000000000e+00 1.900000000000000000e+01 0.000000000000000000e+00 1.600000000000000089e+00 -1.259999999999999998e-04 -6.778000000000000171e-03 -9.999770000000000048e-01 2.056230000000000002e-01 -9.786089999999999511e-01 6.607000000000000026e-03 -9.786310000000000286e-01 -2.056169999999999942e-01 1.516999999999999902e-03
5.000000000000000000e+00 4.000000000000000000e+00 2.000000000000000000e+01 0.000000000000000000e+00 1.600000000000000089e+00 -5.263000000000000317e-03 -4.395999999999999734e-03 -9.999770000000000048e-01 2.759099999999999886e-01 -9.611800000000000344e-01 2.772999999999999857e-03 -9.611690000000000511e-01 -2.758889999999999953e-01 6.270999999999999665e-03
2.800000000000000000e+01 4.000000000000000000e+00 2.000000000000000000e+01 0.000000000000000000e+00 1.600000000000000089e+00 -1.654000000000000088e-03 -6.433000000000000350e-03 -9.999780000000000335e-01 3.234659999999999758e-01 -9.462230000000000363e-01 5.551999999999999644e-03 -9.462380000000000235e-01 -3.234500000000000153e-01 3.645999999999999935e-03
4.000000000000000000e+00 1.300000000000000000e+01 2.000000000000000000e+01 0.000000000000000000e+00 1.600000000000000089e+00 -1.819000000000000087e-03 3.735000000000000039e-03 9.999909999999999632e-01 2.521769999999999845e-01 9.676759999999999806e-01 -3.155999999999999951e-03 -9.676789999999999559e-01 2.521689999999999765e-01 -2.701999999999999975e-03
1.200000000000000000e+01 1.300000000000000000e+01 2.000000000000000000e+01 0.000000000000000000e+00 1.600000000000000089e+00 -2.768000000000000061e-03 -7.481999999999999935e-03 9.999679999999999680e-01 2.552050000000000152e-01 9.668539999999999912e-01 7.941000000000000142e-03 -9.668830000000000480e-01 2.552189999999999737e-01 -7.669999999999999951e-04
1.800000000000000000e+01 1.300000000000000000e+01 2.000000000000000000e+01 0.000000000000000000e+00 1.600000000000000089e+00 -4.550000000000000008e-04 -2.158000000000000196e-03 9.999980000000000535e-01 2.579899999999999971e-01 9.661450000000000315e-01 2.201999999999999964e-03 -9.661469999999999780e-01 2.579899999999999971e-01 1.169999999999999979e-04
6.000000000000000000e+00 3.000000000000000000e+00 2.500000000000000000e+01 0.000000000000000000e+00 1.600000000000000089e+00 -2.452999999999999885e-03 -9.563000000000000320e-03 9.999510000000000343e-01 -7.058200000000000585e-02 -9.974589999999999845e-01 -9.712000000000000147e-03 9.975030000000000285e-01 -7.060299999999999909e-02 1.771999999999999921e-03
1.600000000000000000e+01 3.000000000000000000e+00 2.500000000000000000e+01 0.000000000000000000e+00 1.600000000000000089e+00 -9.810000000000001011e-04 -1.418999999999999949e-02 9.998989999999999823e-01 -6.600599999999999523e-02 -9.977179999999999938e-01 -1.422400000000000053e-02 9.978190000000000115e-01 -6.601400000000000323e-02 4.199999999999999768e-05
2.300000000000000000e+01 3.000000000000000000e+00 2.500000000000000000e+01 0.000000000000000000e+00 1.600000000000000089e+00 -8.448999999999999913e-03 -2.787200000000000094e-02 9.995760000000000201e-01 -8.800199999999999689e-02 -9.957120000000000415e-01 -2.850799999999999862e-02 9.960849999999999982e-01 -8.820500000000000562e-02 5.960000000000000020e-03
2.800000000000000000e+01 3.000000000000000000e+00 2.500000000000000000e+01 0.000000000000000000e+00 1.600000000000000089e+00 -5.615000000000000199e-03 -8.559999999999999901e-03 9.999479999999999480e-01 -1.005960000000000049e-01 -9.948860000000000481e-01 -9.081999999999999795e-03 9.949109999999999898e-01 -1.006419999999999954e-01 4.726000000000000166e-03
6.000000000000000000e+00 4.600000000000000000e+01 2.700000000000000000e+01 0.000000000000000000e+00 1.600000000000000089e+00 -1.361000000000000014e-03 2.889999999999999774e-04 -9.999989999999999712e-01 6.715119999999999978e-01 7.409930000000000128e-01 -6.999999999999999929e-04 7.409919999999999840e-01 -6.715119999999999978e-01 -1.201999999999999943e-03
1.200000000000000000e+01 4.600000000000000000e+01 2.700000000000000000e+01 0.000000000000000000e+00 1.600000000000000089e+00 -2.719999999999999979e-04 -1.090999999999999956e-03 -9.999989999999999712e-01 6.718370000000000175e-01 7.406979999999999675e-01 -9.909999999999999105e-04 7.406989999999999963e-01 -6.718370000000000175e-01 5.320000000000000293e-04
2.200000000000000000e+01 4.600000000000000000e+01 2.700000000000000000e+01 0.000000000000000000e+00 1.600000000000000089e+00 -8.249999999999999955e-04 -4.650000000000000270e-04 -1.000000000000000000e+00 6.771080000000000432e-01 7.358829999999999538e-01 -8.999999999999999754e-04 7.358829999999999538e-01 -6.771080000000000432e-01 -2.919999999999999961e-04
2.900000000000000000e+01 4.600000000000000000e+01 2.700000000000000000e+01 0.000000000000000000e+00 1.600000000000000089e+00 -3.280000000000000038e-04 -8.220000000000000310e-04 -1.000000000000000000e+00 6.757990000000000386e-01 7.370860000000000190e-01 -8.279999999999999600e-04 7.370860000000000190e-01 -6.757990000000000386e-01 3.139999999999999888e-04
2.000000000000000000e+00 4.600000000000000000e+01 3.000000000000000000e+01 0.000000000000000000e+00 1.600000000000000089e+00 1.616999999999999948e-03 -8.350000000000000217e-04 -9.999980000000000535e-01 3.291990000000000194e-01 9.442610000000000170e-01 -2.559999999999999884e-04 9.442589999999999595e-01 -3.291979999999999906e-01 1.801000000000000083e-03
2.000000000000000000e+01 4.600000000000000000e+01 3.000000000000000000e+01 0.000000000000000000e+00 1.600000000000000089e+00 1.240000000000000054e-04 -1.131000000000000061e-03 -9.999989999999999712e-01 3.327530000000000210e-01 9.430129999999999901e-01 -1.026000000000000002e-03 9.430140000000000189e-01 -3.327530000000000210e-01 4.929999999999999487e-04
2.300000000000000000e+01 4.600000000000000000e+01 3.000000000000000000e+01 0.000000000000000000e+00 1.600000000000000089e+00 -3.910000000000000172e-04 -1.428999999999999932e-03 -9.999989999999999712e-01 3.312180000000000124e-01 9.435529999999999751e-01 -1.477999999999999930e-03 9.435540000000000038e-01 -3.312180000000000124e-01 1.050000000000000044e-04
2.000000000000000000e+00 5.800000000000000000e+01 3.100000000000000000e+01 0.000000000000000000e+00 1.600000000000000089e+00 -4.386000000000000142e-03 -4.320000000000000055e-03 9.999810000000000088e-01 -7.947950000000000292e-01 -6.068480000000000540e-01 -6.107999999999999714e-03 6.068630000000000413e-01 -7.948060000000000125e-01 -7.720000000000000083e-04
6.000000000000000000e+00 5.800000000000000000e+01 3.100000000000000000e+01 0.000000000000000000e+00 1.600000000000000089e+00 -2.386999999999999799e-03 -5.014000000000000228e-03 9.999850000000000128e-01 -7.952839999999999909e-01 -6.062159999999999771e-01 -4.937999999999999681e-03 6.062319999999999931e-01 -7.952839999999999909e-01 -2.540999999999999856e-03
9.000000000000000000e+00 5.800000000000000000e+01 3.100000000000000000e+01 0.000000000000000000e+00 1.600000000000000089e+00 -3.798000000000000161e-03 -4.532999999999999703e-03 9.999820000000000375e-01 -7.968330000000000135e-01 -6.041720000000000423e-01 -5.765000000000000159e-03 6.041879999999999473e-01 -7.968410000000000215e-01 -1.317000000000000028e-03
1.400000000000000000e+01 5.800000000000000000e+01 3.100000000000000000e+01 0.000000000000000000e+00 1.600000000000000089e+00 -5.046000000000000138e-03 -2.383000000000000135e-03 9.999850000000000128e-01 -8.009690000000000420e-01 -5.986799999999999899e-01 -5.467999999999999770e-03 5.986839999999999939e-01 -8.009849999999999470e-01 1.111999999999999924e-03
2.200000000000000000e+01 5.800000000000000000e+01 3.100000000000000000e+01 0.000000000000000000e+00 1.600000000000000089e+00 6.740000000000000114e-04 -7.079999999999999705e-04 1.000000000000000000e+00 -7.986609999999999543e-01 -6.017820000000000391e-01 1.119999999999999983e-04 6.017810000000000104e-01 -7.986600000000000366e-01 -9.719999999999999907e-04
2.600000000000000000e+01 5.800000000000000000e+01 3.100000000000000000e+01 0.000000000000000000e+00 1.600000000000000089e+00 -5.100000000000000366e-04 -1.828999999999999897e-03 9.999980000000000535e-01 -7.961529999999999996e-01 -6.050940000000000207e-01 -1.512000000000000106e-03 6.050959999999999672e-01 -7.961519999999999708e-01 -1.147000000000000016e-03
2.900000000000000000e+01 5.800000000000000000e+01 3.100000000000000000e+01 0.000000000000000000e+00 1.600000000000000089e+00 -2.314000000000000085e-03 -7.171000000000000291e-03 9.999719999999999720e-01 -7.967809999999999615e-01 -6.042370000000000241e-01 -6.177000000000000199e-03 6.042640000000000233e-01 -7.967729999999999535e-01 -4.316000000000000392e-03
2.400000000000000000e+01 1.800000000000000000e+01 3.400000000000000000e+01 0.000000000000000000e+00 1.600000000000000089e+00 -1.289999999999999914e-03 -6.270000000000000399e-03 -9.999789999999999512e-01 -3.111659999999999981e-01 -9.503340000000000121e-01 6.360000000000000202e-03 -9.503549999999999498e-01 3.111680000000000001e-01 -7.249999999999999500e-04
3.000000000000000000e+01 1.800000000000000000e+01 3.400000000000000000e+01 0.000000000000000000e+00 1.600000000000000089e+00 -1.021999999999999905e-03 -3.792999999999999931e-03 -9.999919999999999920e-01 -3.066389999999999949e-01 -9.518180000000000529e-01 3.923000000000000272e-03 -9.518250000000000322e-01 3.066409999999999969e-01 -1.900000000000000105e-04
4.000000000000000000e+00 2.300000000000000000e+01 3.400000000000000000e+01 0.000000000000000000e+00 1.600000000000000089e+00 1.234000000000000071e-03 2.959999999999999958e-03 9.999949999999999672e-01 4.096279999999999921e-01 -9.122500000000000053e-01 2.194999999999999903e-03 9.122519999999999518e-01 4.096230000000000149e-01 -2.338999999999999933e-03
2.000000000000000000e+00 4.600000000000000000e+01 3.500000000000000000e+01 0.000000000000000000e+00 1.600000000000000089e+00 -1.025000000000000086e-03 -1.708000000000000100e-03 -9.999980000000000535e-01 3.910899999999999932e-01 -9.203519999999999479e-01 1.170999999999999949e-03 -9.203519999999999479e-01 -3.910879999999999912e-01 1.611999999999999935e-03
6.000000000000000000e+00 4.600000000000000000e+01 3.500000000000000000e+01 0.000000000000000000e+00 1.600000000000000089e+00 -4.299999999999999894e-04 3.524999999999999922e-03 -9.999940000000000495e-01 3.941709999999999936e-01 -9.190310000000000423e-01 -3.409000000000000138e-03 -9.190369999999999928e-01 -3.941700000000000204e-01 -9.950000000000000077e-04
1.100000000000000000e+01 4.600000000000000000e+01 3.500000000000000000e+01 0.000000000000000000e+00 1.600000000000000089e+00 1.546000000000000065e-03 4.995000000000000308e-03 -9.999860000000000415e-01 3.957350000000000034e-01 -9.183559999999999501e-01 -3.975000000000000235e-03 -9.183630000000000404e-01 -3.957240000000000202e-01 -3.396999999999999846e-03
1.700000000000000000e+01 4.600000000000000000e+01 3.500000000000000000e+01 0.000000000000000000e+00 1.600000000000000089e+00 -2.200000000000000133e-03 -1.520000000000000084e-03 -9.999959999999999960e-01 3.953499999999999792e-01 -9.185299999999999576e-01 5.270000000000000162e-04 -9.185280000000000111e-01 -3.953470000000000040e-01 2.621000000000000066e-03
2.200000000000000000e+01 4.600000000000000000e+01 3.500000000000000000e+01 0.000000000000000000e+00 1.600000000000000089e+00 6.520000000000000188e-04 -1.063799999999999989e-02 -9.999430000000000263e-01 3.921549999999999758e-01 -9.198439999999999950e-01 1.004200000000000058e-02 -9.198990000000000222e-01 -3.921399999999999886e-01 3.572000000000000088e-03
2.700000000000000000e+01 4.600000000000000000e+01 3.500000000000000000e+01 0.000000000000000000e+00 1.600000000000000089e+00 1.363000000000000062e-03 -7.629000000000000364e-03 -9.999700000000000255e-01 3.911870000000000069e-01 -9.202799999999999869e-01 7.553999999999999951e-03 -9.203099999999999614e-01 -3.911850000000000049e-01 1.729999999999999984e-03
1.000000000000000000e+01 9.500000000000000000e+01 3.600000000000000000e+01 0.000000000000000000e+00 1.600000000000000089e+00 8.267000000000000043e-03 2.033599999999999991e-02 9.997589999999999533e-01 9.983699999999999797e-01 5.629900000000000182e-02 -9.400000000000000369e-03 -5.647699999999999942e-02 9.982069999999999554e-01 -1.983700000000000047e-02
1.600000000000000000e+01 9.500000000000000000e+01 3.600000000000000000e+01 0.000000000000000000e+00 1.600000000000000089e+00 7.570999999999999605e-03 1.118000000000000070e-02 9.999090000000000478e-01 9.981240000000000112e-01 6.066200000000000064e-02 -8.236000000000000265e-03 -6.074800000000000338e-02 9.980959999999999832e-01 -1.069999999999999944e-02
1.900000000000000000e+01 9.500000000000000000e+01 3.600000000000000000e+01 0.000000000000000000e+00 1.600000000000000089e+00 8.113000000000000420e-03 7.074000000000000427e-03 9.999419999999999975e-01 9.976530000000000120e-01 6.793799999999999839e-02 -8.574999999999999289e-03 -6.799399999999999888e-02 9.976650000000000240e-01 -6.505999999999999631e-03
2.700000000000000000e+01 9.500000000000000000e+01 3.600000000000000000e+01 0.000000000000000000e+00 1.600000000000000089e+00 3.937000000000000395e-03 -1.357000000000000046e-02 9.999000000000000110e-01 9.972459999999999658e-01 7.410899999999999432e-02 -2.919999999999999853e-03 -7.406200000000000283e-02 9.971579999999999888e-01 1.382399999999999948e-02
4.000000000000000000e+00 3.000000000000000000e+00 4.300000000000000000e+01 0.000000000000000000e+00 1.600000000000000089e+00 -3.789999999999999966e-04 -1.862899999999999973e-02 -9.998259999999999925e-01 7.405150000000000343e-01 -6.719279999999999697e-01 1.223899999999999988e-02 -6.720399999999999707e-01 -7.403819999999999846e-01 1.404900000000000072e-02
8.000000000000000000e+00 3.000000000000000000e+00 4.300000000000000000e+01 0.000000000000000000e+00 1.600000000000000089e+00 -6.041999999999999628e-03 -2.332700000000000051e-02 -9.997099999999999875e-01 7.399809999999999999e-01 -6.725339999999999652e-01 1.122100000000000007e-02 -6.726010000000000044e-01 -7.396979999999999666e-01 2.132500000000000021e-02
1.800000000000000000e+01 3.000000000000000000e+00 4.300000000000000000e+01 0.000000000000000000e+00 1.600000000000000089e+00 -4.512999999999999651e-03 -1.361999999999999929e-03 -9.999890000000000168e-01 7.375890000000000502e-01 -6.752449999999999841e-01 -2.409000000000000117e-03 -6.752350000000000296e-01 -7.375920000000000254e-01 4.052000000000000046e-03
2.500000000000000000e+01 3.000000000000000000e+00 4.300000000000000000e+01 0.000000000000000000e+00 1.600000000000000089e+00 2.735000000000000018e-03 1.150400000000000034e-02 -9.999299999999999855e-01 7.348459999999999992e-01 -6.782089999999999508e-01 -5.793000000000000406e-03 -6.782280000000000530e-01 -7.347789999999999599e-01 -1.030799999999999945e-02
2.900000000000000000e+01 3.000000000000000000e+00 4.300000000000000000e+01 0.000000000000000000e+00 1.600000000000000089e+00 2.834000000000000147e-03 -4.981000000000000184e-03 -9.999839999999999840e-01 7.366789999999999727e-01 -6.762200000000000433e-01 5.455999999999999912e-03 -6.762359999999999483e-01 -7.366829999999999767e-01 1.753000000000000001e-03
2.600000000000000000e+01 8.000000000000000000e+00 4.400000000000000000e+01 0.000000000000000000e+00 1.600000000000000089e+00 -2.237999999999999972e-03 5.277999999999999706e-03 9.999839999999999840e-01 -7.817779999999999729e-01 -6.235549999999999704e-01 1.541000000000000052e-03 6.235530000000000239e-01 -7.817610000000000392e-01 5.521999999999999999e-03
6.000000000000000000e+00 2.900000000000000000e+01 4.400000000000000000e+01 0.000000000000000000e+00 1.600000000000000089e+00 -9.470000000000000336e-04 -6.740000000000000114e-04 -9.999989999999999712e-01 6.570000000000000284e-01 7.538890000000000313e-01 -1.131000000000000061e-03 7.538899999999999491e-01 -6.570009999999999462e-01 -2.709999999999999735e-04
1.000000000000000000e+01 2.900000000000000000e+01 4.400000000000000000e+01 0.000000000000000000e+00 1.600000000000000089e+00 -1.779999999999999898e-04 2.988000000000000204e-03 -9.999949999999999672e-01 6.530510000000000481e-01 7.573109999999999564e-01 2.145999999999999904e-03 7.573140000000000427e-01 -6.530479999999999619e-01 -2.086000000000000180e-03
1.300000000000000000e+01 2.900000000000000000e+01 4.400000000000000000e+01 0.000000000000000000e+00 1.600000000000000089e+00 -1.732999999999999948e-03 3.190000000000000019e-04 -9.999980000000000535e-01 6.554100000000000481e-01 7.552729999999999722e-01 -8.949999999999999623e-04 7.552710000000000257e-01 -6.554109999999999658e-01 -1.518000000000000035e-03
1.700000000000000000e+01 2.900000000000000000e+01 4.400000000000000000e+01 0.000000000000000000e+00 1.600000000000000089e+00 -3.363999999999999803e-03 -2.086999999999999880e-03 -9.999919999999999920e-01 6.611949999999999772e-01 7.502050000000000107e-01 -3.789999999999999966e-03 7.502069999999999572e-01 -6.612019999999999564e-01 -1.144000000000000052e-03
2.000000000000000000e+01 2.900000000000000000e+01 4.400000000000000000e+01 0.000000000000000000e+00 1.600000000000000089e+00 -1.853999999999999962e-03 -2.069999999999999792e-03 -9.999959999999999960e-01 6.653780000000000250e-01 7.465009999999999701e-01 -2.778999999999999786e-03 7.465039999999999454e-01 -6.653810000000000002e-01 -6.999999999999999895e-06
2.400000000000000000e+01 2.900000000000000000e+01 4.400000000000000000e+01 0.000000000000000000e+00 1.600000000000000089e+00 -8.530000000000000256e-04 -2.350000000000000092e-03 -9.999970000000000248e-01 6.671839999999999993e-01 7.448890000000000233e-01 -2.320000000000000014e-03 7.448919999999999986e-01 -6.671839999999999993e-01 9.330000000000000186e-04
2.800000000000000000e+01 2.900000000000000000e+01 4.400000000000000000e+01 0.000000000000000000e+00 1.600000000000000089e+00 -5.800000000000000034e-04 -4.199999999999999768e-05 -1.000000000000000000e+00 6.691340000000000066e-01 7.431410000000000515e-01 -4.189999999999999931e-04 7.431410000000000515e-01 -6.691340000000000066e-01 -4.029999999999999837e-04
1.600000000000000000e+01 7.000000000000000000e+01 4.700000000000000000e+01 0.000000000000000000e+00 1.600000000000000089e+00 1.958000000000000105e-03 -1.291000000000000047e-03 -9.999970000000000248e-01 -8.454380000000000228e-01 -5.340730000000000199e-01 -9.659999999999999533e-04 -5.340700000000000447e-01 8.454369999999999941e-01 -2.137000000000000011e-03
5.000000000000000000e+00 5.000000000000000000e+00 5.100000000000000000e+01 0.000000000000000000e+00 1.600000000000000089e+00 6.400000000000000524e-04 -3.112999999999999882e-03 -9.999949999999999672e-01 4.821690000000000142e-01 -8.760729999999999906e-01 3.036000000000000070e-03 -8.760780000000000234e-01 -4.821690000000000142e-01 9.409999999999999962e-04
1.100000000000000000e+01 5.000000000000000000e+00 5.100000000000000000e+01 0.000000000000000000e+00 1.600000000000000089e+00 -4.695000000000000388e-03 -1.484399999999999956e-02 -9.998789999999999623e-01 4.847049999999999970e-01 -8.746119999999999450e-01 1.070899999999999977e-02 -8.746650000000000258e-01 -4.845960000000000267e-01 1.130100000000000028e-02
1.400000000000000000e+01 6.000000000000000000e+00 5.100000000000000000e+01 0.000000000000000000e+00 1.600000000000000089e+00 -4.291999999999999808e-03 -1.625700000000000062e-02 -9.998590000000000533e-01 3.162639999999999896e-01 -9.485670000000000490e-01 1.406499999999999938e-02 -9.486620000000000053e-01 -3.161590000000000233e-01 9.213000000000000703e-03
1.700000000000000000e+01 6.000000000000000000e+00 5.100000000000000000e+01 0.000000000000000000e+00 1.600000000000000089e+00 -4.959999999999999999e-03 -1.636200000000000154e-02 -9.998540000000000205e-01 3.144399999999999973e-01 -9.491749999999999909e-01 1.397299999999999931e-02 -9.492639999999999967e-01 -3.143239999999999923e-01 9.853000000000000647e-03
2.100000000000000000e+01 6.000000000000000000e+00 5.100000000000000000e+01 0.000000000000000000e+00 1.600000000000000089e+00 -5.538999999999999653e-03 -1.005299999999999944e-02 -9.999339999999999895e-01 3.196840000000000237e-01 -9.474930000000000296e-01 7.754999999999999741e-03 -9.475080000000000169e-01 -3.196200000000000152e-01 8.462000000000000771e-03
2.000000000000000000e+01 7.000000000000000000e+00 5.200000000000000000e+01 0.000000000000000000e+00 1.600000000000000089e+00 -7.029999999999999791e-03 -9.348000000000000406e-03 -9.999320000000000430e-01 1.192190000000000055e-01 -9.928320000000000478e-01 8.444000000000000117e-03 -9.928430000000000311e-01 -1.191510000000000069e-01 8.094000000000000500e-03
3.000000000000000000e+00 6.300000000000000000e+01 5.400000000000000000e+01 0.000000000000000000e+00 1.600000000000000089e+00 -6.729999999999999871e-04 -3.500000000000000073e-03 9.999940000000000495e-01 -3.556400000000000117e-01 9.346179999999999488e-01 3.031999999999999973e-03 -9.346229999999999816e-01 -3.556360000000000077e-01 -1.874000000000000015e-03
8.000000000000000000e+00 6.300000000000000000e+01 5.400000000000000000e+01 0.000000000000000000e+00 1.600000000000000089e+00 -1.075999999999999917e-03 2.105000000000000100e-03 9.999970000000000248e-01 -3.515780000000000016e-01 9.361559999999999881e-01 -2.348999999999999960e-03 -9.361580000000000457e-01 -3.515789999999999749e-01 -2.680000000000000090e-04
1.900000000000000000e+01 6.300000000000000000e+01 5.400000000000000000e+01 0.000000000000000000e+00 1.600000000000000089e+00 -2.497999999999999787e-03 -4.416999999999999919e-03 9.999869999999999592e-01 -3.382850000000000024e-01 9.410380000000000411e-01 3.311000000000000141e-03 -9.410399999999999876e-01 -3.382720000000000171e-01 -3.844999999999999894e-03
2.600000000000000000e+01 6.300000000000000000e+01 5.400000000000000000e+01 0.000000000000000000e+00 1.600000000000000089e+00 1.195000000000000099e-03 4.600000000000000139e-04 9.999989999999999712e-01 -3.357840000000000269e-01 9.419389999999999707e-01 -3.199999999999999855e-05 -9.419380000000000530e-01 -3.357840000000000269e-01 1.280000000000000105e-03
1.800000000000000000e+01 2.000000000000000000e+01 6.000000000000000000e+01 0.000000000000000000e+00 1.600000000000000089e+00 -2.519999999999999996e-04 -9.721000000000000474e-03 9.999529999999999808e-01 -6.189000000000000057e-02 9.980360000000000342e-01 9.686999999999999431e-03 -9.980830000000000535e-01 -6.188400000000000151e-02 -8.530000000000000256e-04
8.000000000000000000e+00 2.100000000000000000e+01 6.000000000000000000e+01 0.000000000000000000e+00 1.600000000000000089e+00 -5.839999999999999922e-04 -4.492999999999999598e-03 9.999900000000000455e-01 -9.913299999999999890e-02 9.950639999999999485e-01 4.413000000000000256e-03 -9.950740000000000141e-01 -9.912999999999999590e-02 -1.026000000000000002e-03
1.400000000000000000e+01 2.100000000000000000e+01 6.000000000000000000e+01 0.000000000000000000e+00 1.600000000000000089e+00 -8.199999999999999824e-04 -7.721000000000000432e-03 9.999700000000000255e-01 -9.763299999999999756e-02 9.951929999999999943e-01 7.603999999999999648e-03 -9.952220000000000510e-01 -9.762400000000000244e-02 -1.569999999999999998e-03
1.900000000000000000e+01 2.100000000000000000e+01 6.000000000000000000e+01 0.000000000000000000e+00 1.600000000000000089e+00 2.990000000000000036e-04 -4.856000000000000073e-03 9.999879999999999880e-01 -9.548099999999999643e-02 9.954190000000000538e-01 4.863000000000000135e-03 -9.954309999999999548e-01 -9.548199999999999743e-02 -1.659999999999999963e-04
2.500000000000000000e+01 2.100000000000000000e+01 6.000000000000000000e+01 0.000000000000000000e+00 1.600000000000000089e+00 -4.479999999999999933e-04 -9.048000000000000487e-03 9.999590000000000423e-01 -9.307100000000000095e-02 9.956190000000000317e-01 8.966999999999999277e-03 -9.956589999999999607e-01 -9.306300000000000683e-02 -1.288000000000000082e-03
2.900000000000000000e+01 2.100000000000000000e+01 6.000000000000000000e+01 0.000000000000000000e+00 1.600000000000000089e+00 -6.599999999999999964e-04 -7.688000000000000389e-03 9.999700000000000255e-01 -9.249899999999999789e-02 9.956840000000000135e-01 7.594000000000000056e-03 -9.957129999999999592e-01 -9.249200000000000477e-02 -1.368999999999999991e-03
1.000000000000000000e+00 2.700000000000000000e+01 6.300000000000000000e+01 0.000000000000000000e+00 1.600000000000000089e+00 -2.279999999999999909e-03 9.778999999999999498e-03 9.999500000000000055e-01 -2.697899999999999743e-01 9.628670000000000284e-01 -1.003199999999999925e-02 -9.629170000000000229e-01 -2.697990000000000110e-01 4.429999999999999802e-04
7.000000000000000000e+00 2.700000000000000000e+01 6.300000000000000000e+01 0.000000000000000000e+00 1.600000000000000089e+00 5.460000000000000443e-04 -9.810000000000001011e-04 9.999989999999999712e-01 -2.742120000000000113e-01 9.616689999999999960e-01 1.093000000000000005e-03 -9.616689999999999960e-01 -2.742129999999999845e-01 2.570000000000000127e-04
1.200000000000000000e+01 2.700000000000000000e+01 6.300000000000000000e+01 0.000000000000000000e+00 1.600000000000000089e+00 -3.380000000000000192e-03 -4.274000000000000021e-03 9.999850000000000128e-01 -2.739840000000000053e-01 9.617289999999999450e-01 3.184000000000000198e-03 -9.617280000000000273e-01 -2.739690000000000181e-01 -4.421999999999999716e-03
1.900000000000000000e+01 2.700000000000000000e+01 6.300000000000000000e+01 0.000000000000000000e+00 1.600000000000000089e+00 1.077999999999999965e-03 -3.491000000000000179e-03 9.999930000000000208e-01 -2.787310000000000065e-01 9.603620000000000489e-01 3.652999999999999997e-03 -9.603690000000000282e-01 -2.787330000000000085e-01 6.200000000000000270e-05
2.300000000000000000e+01 2.700000000000000000e+01 6.300000000000000000e+01 0.000000000000000000e+00 1.600000000000000089e+00 1.978000000000000157e-03 -4.891999999999999647e-03 9.999860000000000415e-01 -2.803010000000000224e-01 9.598980000000000290e-01 5.250999999999999591e-03 -9.599100000000000410e-01 -2.803069999999999729e-01 5.270000000000000162e-04
2.700000000000000000e+01 2.700000000000000000e+01 6.300000000000000000e+01 0.000000000000000000e+00 1.600000000000000089e+00 1.049000000000000019e-03 -2.533999999999999794e-03 9.999959999999999960e-01 -2.814969999999999972e-01 9.595580000000000220e-01 2.726999999999999823e-03 -9.595620000000000260e-01 -2.814980000000000260e-01 2.930000000000000204e-04
6.000000000000000000e+00 2.600000000000000000e+01 6.400000000000000000e+01 0.000000000000000000e+00 1.600000000000000089e+00 5.929999999999999941e-04 2.641000000000000118e-03 9.999959999999999960e-01 -3.572500000000000120e-01 9.340060000000000029e-01 -2.253999999999999927e-03 -9.340089999999999781e-01 -3.572469999999999812e-01 1.497000000000000067e-03
1.100000000000000000e+01 2.600000000000000000e+01 6.400000000000000000e+01 0.000000000000000000e+00 1.600000000000000089e+00 -2.105000000000000100e-03 -2.956999999999999993e-03 9.999930000000000208e-01 -3.554919999999999747e-01 9.346769999999999801e-01 2.014999999999999864e-03 -9.346769999999999801e-01 -3.554849999999999954e-01 -3.017999999999999849e-03
2.300000000000000000e+01 2.600000000000000000e+01 6.400000000000000000e+01 0.000000000000000000e+00 1.600000000000000089e+00 3.036000000000000070e-03 -7.856000000000000136e-03 9.999649999999999928e-01 -3.637000000000000233e-01 9.314780000000000282e-01 8.422000000000000666e-03 -9.315109999999999779e-01 -3.637130000000000085e-01 -3.000000000000000076e-05
2.500000000000000000e+01 3.100000000000000000e+01 7.100000000000000000e+01 0.000000000000000000e+00 1.600000000000000089e+00 -2.799999999999999972e-03 -1.660000000000000017e-03 -9.999949999999999672e-01 -7.082319999999999727e-01 -7.059720000000000439e-01 3.154999999999999818e-03 -7.059739999999999904e-01 7.082370000000000054e-01 8.009999999999999542e-04
2.800000000000000000e+01 7.100000000000000000e+01 7.200000000000000000e+01 0.000000000000000000e+00 1.600000000000000089e+00 3.805140000000000189e-01 -5.268300000000000066e-02 -9.232730000000000103e-01 9.159169999999999812e-01 1.593229999999999924e-01 3.683910000000000240e-01 1.276909999999999989e-01 -9.858200000000000296e-01 1.088780000000000026e-01
