2.000000000000000000e+00 2.500000000000000000e+01 1.000000000000000000e+00 0.000000000000000000e+00 1.600000000000000089e+00 -1.933000000000000039e-03 -1.087000000000000076e-03 -9.999970000000000248e-01 -5.216439999999999966e-01 -8.531609999999999472e-01 1.936000000000000004e-03 -8.531609999999999472e-01 5.216469999999999718e-01 1.082000000000000062e-03
4.000000000000000000e+00 1.500000000000000000e+01 4.000000000000000000e+00 0.000000000000000000e+00 1.600000000000000089e+00 4.589999999999999896e-04 4.537000000000000234e-03 9.999900000000000455e-01 3.090069999999999761e-01 -9.510499999999999510e-01 4.172999999999999626e-03 9.510589999999999877e-01 3.090019999999999989e-01 -1.838999999999999923e-03
8.000000000000000000e+00 1.500000000000000000e+01 4.000000000000000000e+00 0.000000000000000000e+00 1.600000000000000089e+00 -7.680000000000000195e-04 -1.428999999999999932e-03 9.999989999999999712e-01 3.091369999999999951e-01 -9.510170000000000012e-01 -1.121999999999999950e-03 9.510170000000000012e-01 3.091360000000000219e-01 1.172000000000000082e-03
1.500000000000000000e+01 1.500000000000000000e+01 4.000000000000000000e+00 0.000000000000000000e+00 1.600000000000000089e+00 -6.780999999999999701e-03 -1.375499999999999987e-02 9.998820000000000485e-01 2.990760000000000085e-01 -9.541650000000000409e-01 -1.109800000000000023e-02 9.542049999999999699e-01 2.989649999999999808e-01 1.058300000000000039e-02
2.000000000000000000e+01 1.500000000000000000e+01 4.000000000000000000e+00 0.000000000000000000e+00 1.600000000000000089e+00 -4.910000000000000085e-04 -1.258000000000000004e-03 9.999989999999999712e-01 2.961119999999999863e-01 -9.551530000000000298e-01 -1.056000000000000081e-03 9.551530000000000298e-01 2.961119999999999863e-01 8.419999999999999750e-04
2.900000000000000000e+01 1.500000000000000000e+01 4.000000000000000000e+00 0.000000000000000000e+00 1.600000000000000089e+00 -3.438000000000000084e-03 9.152000000000000413e-03 9.999519999999999520e-01 3.075490000000000168e-01 -9.514820000000000499e-01 9.766000000000000375e-03 9.515259999999999829e-01 3.075680000000000081e-01 4.569999999999999952e-04
2.100000000000000000e+01 4.000000000000000000e+00 5.000000000000000000e+00 0.000000000000000000e+00 1.600000000000000089e+00 -6.670999999999999847e-03 -2.230199999999999891e-02 9.997289999999999788e-01 2.280469999999999997e-01 -9.734410000000000007e-01 -2.019400000000000014e-02 9.736270000000000202e-01 2.278499999999999970e-01 1.158000000000000002e-02
1.300000000000000000e+01 1.010000000000000000e+02 7.000000000000000000e+00 0.000000000000000000e+00 1.600000000000000089e+00 -7.477000000000000139e-03 -4.479999999999999933e-04 9.999719999999999720e-01 8.792600000000000415e-01 4.762930000000000219e-01 6.787999999999999763e-03 -4.762830000000000119e-01 8.792860000000000120e-01 -3.167999999999999809e-03
2.000000000000000000e+01 1.010000000000000000e+02 7.000000000000000000e+00 0.000000000000000000e+00 1.600000000000000089e+00 4.248000000000000040e-03 -9.664999999999999980e-03 9.999440000000000550e-01 8.787329999999999863e-01 4.773129999999999873e-01 8.800000000000000313e-04 -4.772950000000000248e-01 8.786800000000000166e-01 1.052100000000000084e-02
3.000000000000000000e+00 2.500000000000000000e+01 8.000000000000000000e+00 0.000000000000000000e+00 1.600000000000000089e+00 6.340000000000000149e-04 5.144000000000000135e-03 -9.999869999999999592e-01 4.440109999999999890e-01 8.960080000000000267e-01 4.891000000000000382e-03 8.960209999999999564e-01 -4.440080000000000138e-01 -1.716000000000000077e-03
8.000000000000000000e+00 2.500000000000000000e+01 8.000000000000000000e+00 0.000000000000000000e+00 1.600000000000000089e+00 1.824000000000000100e-03 1.231000000000000106e-03 -9.999980000000000535e-01 4.452400000000000246e-01 8.954090000000000105e-01 1.915000000000000036e-03 8.954100000000000392e-01 -4.452420000000000266e-01 1.085000000000000027e-03
1.300000000000000000e+01 2.500000000000000000e+01 8.000000000000000000e+00 0.000000000000000000e+00 1.600000000000000089e+00 1.113999999999999973e-03 3.030000000000000141e-03 -9.999949999999999672e-01 4.439270000000000160e-01 8.960569999999999924e-01 3.210000000000000180e-03 8.960620000000000251e-01 -4.439279999999999893e-01 -3.469999999999999777e-04
1.700000000000000000e+01 2.500000000000000000e+01 8.000000000000000000e+00 0.000000000000000000e+00 1.600000000000000089e+00 -1.121000000000000035e-03 2.239999999999999804e-03 -9.999970000000000248e-01 4.433250000000000246e-01 8.963600000000000456e-01 1.510999999999999973e-03 8.963600000000000456e-01 -4.433219999999999938e-01 -1.998000000000000210e-03
2.400000000000000000e+01 2.500000000000000000e+01 8.000000000000000000e+00 0.000000000000000000e+00 1.600000000000000089e+00 3.330000000000000169e-04 -1.523999999999999964e-03 -9.999989999999999712e-01 4.425129999999999897e-01 8.967610000000000303e-01 -1.219000000000000031e-03 8.967619999999999481e-01 -4.425120000000000164e-01 9.740000000000000394e-04
3.000000000000000000e+01 2.500000000000000000e+01 8.000000000000000000e+00 0.000000000000000000e+00 1.600000000000000089e+00 1.247999999999999977e-03 -2.944000000000000002e-03 -9.999949999999999672e-01 4.417829999999999813e-01 8.971189999999999998e-01 -2.089999999999999844e-03 8.971209999999999463e-01 -4.417780000000000040e-01 2.419999999999999842e-03
3.000000000000000000e+00 2.400000000000000000e+01 9.000000000000000000e+00 0.000000000000000000e+00 1.600000000000000089e+00 1.999999999999999909e-06 5.185999999999999638e-03 -9.999869999999999592e-01 4.460859999999999825e-01 8.949780000000000513e-01 4.642000000000000293e-03 8.949899999999999523e-01 -4.460799999999999765e-01 -2.311999999999999819e-03
8.000000000000000000e+00 2.400000000000000000e+01 9.000000000000000000e+00 0.000000000000000000e+00 1.600000000000000089e+00 1.572000000000000047e-03 2.765999999999999796e-03 -9.999949999999999672e-01 4.472709999999999742e-01 8.943929999999999936e-01 3.177000000000000136e-03 8.943969999999999976e-01 -4.472740000000000049e-01 1.689999999999999879e-04
1.300000000000000000e+01 2.400000000000000000e+01 9.000000000000000000e+00 0.000000000000000000e+00 1.600000000000000089e+00 1.317999999999999944e-03 2.948000000000000100e-03 -9.999949999999999672e-01 4.466269999999999962e-01 8.947140000000000093e-01 3.226999999999999834e-03 8.947190000000000420e-01 -4.466289999999999982e-01 -1.369999999999999961e-04
1.700000000000000000e+01 2.400000000000000000e+01 9.000000000000000000e+00 0.000000000000000000e+00 1.600000000000000089e+00 -8.890000000000000333e-04 3.060999999999999919e-03 -9.999949999999999672e-01 4.456499999999999906e-01 8.952039999999999997e-01 2.344000000000000163e-03 8.952069999999999750e-01 -4.456450000000000133e-01 -2.160000000000000028e-03
2.400000000000000000e+01 2.400000000000000000e+01 9.000000000000000000e+00 0.000000000000000000e+00 1.600000000000000089e+00 3.589999999999999984e-04 -2.985999999999999939e-03 -9.999949999999999672e-01 4.446410000000000085e-01 8.957049999999999734e-01 -2.514999999999999875e-03 8.957089999999999774e-01 -4.446379999999999777e-01 1.649000000000000075e-03
1.000000000000000000e+00 3.100000000000000000e+01 1.200000000000000000e+01 0.000000000000000000e+00 1.600000000000000089e+00 4.427999999999999645e-03 4.648000000000000222e-03 9.999789999999999512e-01 -3.801999999999999824e-03 9.999820000000000375e-01 -4.631999999999999833e-03 -9.999829999999999552e-01 -3.781000000000000073e-03 4.446000000000000299e-03
3.000000000000000000e+00 1.160000000000000000e+02 1.600000000000000000e+01 0.000000000000000000e+00 1.600000000000000089e+00 -1.320000000000000101e-04 2.148999999999999869e-03 9.999980000000000535e-01 6.913540000000000241e-01 7.225150000000000183e-01 -1.461000000000000059e-03 -7.225169999999999648e-01 6.913519999999999666e-01 -1.580999999999999940e-03
1.400000000000000000e+01 1.160000000000000000e+02 1.600000000000000000e+01 0.000000000000000000e+00 1.600000000000000089e+00 7.759999999999999971e-04 -1.467999999999999904e-03 9.999989999999999712e-01 7.035740000000000327e-01 7.106219999999999759e-01 4.979999999999999618e-04 -7.106219999999999759e-01 7.035730000000000040e-01 1.583999999999999905e-03
2.100000000000000000e+01 1.160000000000000000e+02 1.600000000000000000e+01 0.000000000000000000e+00 1.600000000000000089e+00 -1.232000000000000022e-03 -4.440000000000000045e-04 9.999989999999999712e-01 6.937919999999999643e-01 7.201739999999999808e-01 1.175000000000000046e-03 -7.201739999999999808e-01 6.937929999999999930e-01 -5.789999999999999791e-04
5.000000000000000000e+00 2.000000000000000000e+00 1.900000000000000000e+01 0.000000000000000000e+00 1.600000000000000089e+00 2.468999999999999841e-03 -1.755000000000000050e-03 -9.999949999999999672e-01 1.806399999999999950e-01 -9.835469999999999491e-01 2.171999999999999886e-03 -9.835460000000000313e-01 -1.806450000000000000e-01 -2.111000000000000029e-03
1.200000000000000000e+01 2.000000000000000000e+00 1.900000000000000000e+01 0.000000000000000000e+00 1.600000000000000089e+00 -1.832000000000000078e-03 8.576999999999999555e-03 -9.999620000000000175e-01 1.856180000000000052e-01 -9.825829999999999842e-01 -8.767999999999999752e-03 -9.826200000000000490e-01 -1.856269999999999865e-01 2.079999999999999872e-04
1.700000000000000000e+01 2.000000000000000000e+00 1.900000000000000000e+01 0.000000000000000000e+00 1.600000000000000089e+00 9.200000000000000007e-05 9.627000000000000141e-03 -9.999540000000000095e-01 1.904740000000000044e-01 -9.816470000000000473e-01 -9.433000000000000412e-03 -9.816920000000000091e-01 -1.904639999999999944e-01 -1.923999999999999929e-03
2.100000000000000000e+01 2.000000000000000000e+00 1.900000000000000000e+01 0.000000000000000000e+00 1.600000000000000089e+00 3.299999999999999982e-03 -1.045500000000000075e-02 -9.999400000000000510e-01 1.931249999999999911e-01 -9.811140000000000416e-01 1.089500000000000017e-02 -9.811689999999999579e-01 -1.931489999999999874e-01 -1.217999999999999899e-03
1.200000000000000000e+01 1.300000000000000000e+01 2.000000000000000000e+01 0.000000000000000000e+00 1.600000000000000089e+00 -1.358000000000000049e-03 -2.661000000000000171e-03 9.999959999999999960e-01 2.497640000000000138e-01 9.683019999999999960e-01 2.915000000000000056e-03 -9.683060000000000000e-01 2.497669999999999890e-01 -6.509999999999999945e-04
1.600000000000000000e+01 1.300000000000000000e+01 2.000000000000000000e+01 0.000000000000000000e+00 1.600000000000000089e+00 -2.580999999999999961e-03 -1.137799999999999923e-02 9.999320000000000430e-01 2.510240000000000249e-01 9.679109999999999658e-01 1.166099999999999949e-02 -9.679769999999999763e-01 2.510370000000000101e-01 3.579999999999999741e-04
2.900000000000000000e+01 1.300000000000000000e+01 2.000000000000000000e+01 0.000000000000000000e+00 1.600000000000000089e+00 1.005000000000000034e-03 -1.224999999999999960e-03 9.999989999999999712e-01 2.476079999999999948e-01 9.688600000000000545e-01 9.380000000000000317e-04 -9.688600000000000545e-01 2.476069999999999938e-01 1.276999999999999923e-03
2.000000000000000000e+00 1.600000000000000000e+01 2.100000000000000000e+01 0.000000000000000000e+00 1.600000000000000089e+00 5.322000000000000342e-03 8.616000000000000394e-03 9.999489999999999768e-01 2.985189999999999788e-01 9.543530000000000069e-01 -9.811999999999999542e-03 -9.543890000000000429e-01 2.985559999999999881e-01 2.507000000000000114e-03
6.000000000000000000e+00 1.600000000000000000e+01 2.100000000000000000e+01 0.000000000000000000e+00 1.600000000000000089e+00 5.138000000000000206e-03 1.215699999999999940e-02 9.999130000000000518e-01 2.971630000000000105e-01 9.547360000000000291e-01 -1.313500000000000084e-02 -9.548130000000000228e-01 2.972040000000000237e-01 1.291999999999999963e-03
1.700000000000000000e+01 1.600000000000000000e+01 2.100000000000000000e+01 0.000000000000000000e+00 1.600000000000000089e+00 -1.105000000000000079e-03 -9.658999999999999184e-03 9.999529999999999808e-01 2.966170000000000195e-01 9.549490000000000478e-01 9.551999999999999727e-03 -9.549959999999999560e-01 2.966139999999999888e-01 1.809000000000000061e-03
2.100000000000000000e+01 1.600000000000000000e+01 2.100000000000000000e+01 0.000000000000000000e+00 1.600000000000000089e+00 7.955999999999999531e-03 2.052999999999999964e-02 9.997580000000000355e-01 2.956679999999999864e-01 9.550380000000000535e-01 -2.196400000000000088e-02 -9.552580000000000515e-01 2.957710000000000061e-01 1.528999999999999977e-03
1.100000000000000000e+01 3.000000000000000000e+00 2.500000000000000000e+01 0.000000000000000000e+00 1.600000000000000089e+00 3.706999999999999792e-03 1.142999999999999919e-03 9.999919999999999920e-01 -5.600200000000000317e-02 -9.984300000000000397e-01 1.348999999999999939e-03 9.984239999999999782e-01 -5.600700000000000123e-02 -3.638000000000000175e-03
1.400000000000000000e+01 3.000000000000000000e+00 2.500000000000000000e+01 0.000000000000000000e+00 1.600000000000000089e+00 4.649000000000000354e-03 1.502000000000000036e-02 9.998759999999999870e-01 -5.224899999999999683e-02 -9.985180000000000167e-01 1.524299999999999961e-02 9.986230000000000384e-01 -5.231299999999999839e-02 -3.857000000000000185e-03
1.800000000000000000e+01 3.000000000000000000e+00 2.500000000000000000e+01 0.000000000000000000e+00 1.600000000000000089e+00 -1.730999999999999900e-03 7.695999999999999716e-03 9.999689999999999968e-01 -4.954000000000000070e-02 -9.987430000000000474e-01 7.601000000000000117e-03 9.987709999999999644e-01 -4.952600000000000058e-02 2.109999999999999896e-03
2.500000000000000000e+01 3.000000000000000000e+00 2.500000000000000000e+01 0.000000000000000000e+00 1.600000000000000089e+00 6.299999999999999990e-05 -1.846999999999999901e-03 9.999980000000000535e-01 -5.710099999999999898e-02 -9.983670000000000044e-01 -1.840000000000000056e-03 9.983680000000000332e-01 -5.710099999999999898e-02 -1.689999999999999879e-04
3.000000000000000000e+01 3.000000000000000000e+00 2.500000000000000000e+01 0.000000000000000000e+00 1.600000000000000089e+00 1.711000000000000064e-03 -3.010999999999999788e-03 9.999940000000000495e-01 -6.174400000000000027e-02 -9.980879999999999752e-01 -2.899999999999999800e-03 9.980909999999999505e-01 -6.173900000000000221e-02 -1.894000000000000067e-03
1.500000000000000000e+01 4.600000000000000000e+01 2.700000000000000000e+01 0.000000000000000000e+00 1.600000000000000089e+00 -5.379999999999999583e-04 -3.395000000000000014e-03 -9.999940000000000495e-01 6.625039999999999818e-01 7.490529999999999688e-01 -2.899999999999999800e-03 7.490590000000000304e-01 -6.625010000000000066e-01 1.846999999999999901e-03
2.700000000000000000e+01 4.600000000000000000e+01 2.700000000000000000e+01 0.000000000000000000e+00 1.600000000000000089e+00 -1.237000000000000035e-03 -7.159999999999999481e-04 -9.999989999999999712e-01 6.587880000000000402e-01 7.523279999999999967e-01 -1.353999999999999952e-03 7.523279999999999967e-01 -6.587889999999999580e-01 -4.589999999999999896e-04
3.000000000000000000e+01 4.600000000000000000e+01 2.700000000000000000e+01 0.000000000000000000e+00 1.600000000000000089e+00 -4.350000000000000026e-04 2.697000000000000178e-03 -9.999959999999999960e-01 6.573769999999999891e-01 7.535589999999999788e-01 1.747000000000000072e-03 7.535610000000000364e-01 -6.573740000000000139e-01 -2.099999999999999870e-03
2.800000000000000000e+01 4.600000000000000000e+01 3.000000000000000000e+01 0.000000000000000000e+00 1.600000000000000089e+00 -9.250000000000000409e-04 1.809999999999999977e-03 -9.999980000000000535e-01 3.314750000000000196e-01 9.434630000000000516e-01 1.400999999999999902e-03 9.434639999999999693e-01 -3.314730000000000176e-01 -1.472999999999999917e-03
2.800000000000000000e+01 2.300000000000000000e+01 3.400000000000000000e+01 0.000000000000000000e+00 1.600000000000000089e+00 -8.200000000000000095e-05 8.419999999999999750e-04 1.000000000000000000e+00 4.012609999999999788e-01 -9.159629999999999717e-01 8.040000000000000271e-04 9.159640000000000004e-01 4.012609999999999788e-01 -2.629999999999999959e-04
2.800000000000000000e+01 4.200000000000000000e+01 3.400000000000000000e+01 0.000000000000000000e+00 1.600000000000000089e+00 -2.559999999999999884e-04 -1.629000000000000023e-03 -9.999989999999999712e-01 -2.911989999999999856e-01 9.566609999999999836e-01 -1.484000000000000076e-03 9.566620000000000124e-01 2.911980000000000124e-01 -7.190000000000000210e-04
2.000000000000000000e+00 4.600000000000000000e+01 3.500000000000000000e+01 0.000000000000000000e+00 1.600000000000000089e+00 1.546999999999999981e-03 -6.960000000000000041e-04 -9.999989999999999712e-01 3.876319999999999766e-01 -9.218129999999999935e-01 1.240999999999999916e-03 -9.218129999999999935e-01 -3.876330000000000053e-01 -1.155999999999999910e-03
5.000000000000000000e+00 4.600000000000000000e+01 3.500000000000000000e+01 0.000000000000000000e+00 1.600000000000000089e+00 6.260000000000000373e-04 -3.334000000000000158e-03 -9.999940000000000495e-01 3.887880000000000225e-01 -9.213209999999999456e-01 3.314999999999999804e-03 -9.213270000000000071e-01 -3.887880000000000225e-01 7.190000000000000210e-04
8.000000000000000000e+00 4.600000000000000000e+01 3.500000000000000000e+01 0.000000000000000000e+00 1.600000000000000089e+00 -1.840000000000000001e-04 -4.453999999999999626e-03 -9.999900000000000455e-01 3.892579999999999929e-01 -9.211200000000000498e-01 4.030999999999999861e-03 -9.211289999999999756e-01 -3.892530000000000157e-01 1.902999999999999961e-03
1.500000000000000000e+01 4.600000000000000000e+01 3.500000000000000000e+01 0.000000000000000000e+00 1.600000000000000089e+00 -2.082000000000000083e-03 1.590000000000000050e-03 -9.999970000000000248e-01 3.908929999999999905e-01 -9.204329999999999457e-01 -2.276999999999999944e-03 -9.204339999999999744e-01 -3.908969999999999945e-01 1.294999999999999927e-03
2.100000000000000000e+01 4.600000000000000000e+01 3.500000000000000000e+01 0.000000000000000000e+00 1.600000000000000089e+00 5.372000000000000039e-03 -5.363999999999999845e-03 -9.999710000000000543e-01 3.872209999999999819e-01 -9.219600000000000017e-01 7.026000000000000127e-03 -9.219709999999999850e-01 -3.872470000000000079e-01 -2.874999999999999951e-03
2.400000000000000000e+01 4.600000000000000000e+01 3.500000000000000000e+01 0.000000000000000000e+00 1.600000000000000089e+00 3.556000000000000133e-03 -3.902999999999999785e-03 -9.999860000000000415e-01 3.847889999999999922e-01 -9.229910000000000059e-01 4.970999999999999724e-03 -9.229979999999999851e-01 -3.848019999999999774e-01 -1.779999999999999898e-03
2.900000000000000000e+01 4.600000000000000000e+01 3.500000000000000000e+01 0.000000000000000000e+00 1.600000000000000089e+00 1.329000000000000103e-03 -2.301000000000000094e-03 -9.999959999999999960e-01 3.825040000000000107e-01 -9.239500000000000490e-01 2.634000000000000057e-03 -9.239530000000000243e-01 -3.825060000000000127e-01 -3.480000000000000020e-04
1.600000000000000000e+01 9.500000000000000000e+01 3.600000000000000000e+01 0.000000000000000000e+00 1.600000000000000089e+00 -7.440999999999999698e-03 -1.290499999999999980e-02 9.998890000000000278e-01 9.979479999999999462e-01 6.349299999999999389e-02 8.245999999999999858e-03 -6.359299999999999675e-02 9.978989999999999805e-01 1.240600000000000036e-02
2.600000000000000000e+01 9.500000000000000000e+01 3.600000000000000000e+01 0.000000000000000000e+00 1.600000000000000089e+00 1.633700000000000083e-02 2.323700000000000071e-02 9.995969999999999578e-01 9.973360000000000003e-01 7.069799999999999696e-02 -1.794300000000000062e-02 -7.108599999999999641e-02 9.972269999999999746e-01 -2.202000000000000138e-02
9.000000000000000000e+00 2.900000000000000000e+01 4.400000000000000000e+01 0.000000000000000000e+00 1.600000000000000089e+00 -5.550000000000000462e-04 -1.539199999999999943e-02 -9.998810000000000198e-01 6.756619999999999848e-01 7.371180000000000510e-01 -1.172300000000000078e-02 7.372109999999999497e-01 -6.755889999999999951e-01 9.990999999999999881e-03
1.900000000000000000e+01 2.900000000000000000e+01 4.400000000000000000e+01 0.000000000000000000e+00 1.600000000000000089e+00 3.226000000000000135e-03 5.636999999999999650e-03 -9.999789999999999512e-01 6.404900000000000038e-01 7.679399999999999560e-01 6.394999999999999643e-03 7.679599999999999760e-01 -6.404969999999999830e-01 -1.132999999999999893e-03
2.700000000000000000e+01 2.900000000000000000e+01 4.400000000000000000e+01 0.000000000000000000e+00 1.600000000000000089e+00 -9.150000000000000147e-04 -6.059999999999999849e-04 -9.999989999999999712e-01 6.421109999999999873e-01 7.666110000000000424e-01 -1.051999999999999984e-03 7.666110000000000424e-01 -6.421120000000000161e-01 -3.119999999999999944e-04
1.000000000000000000e+00 6.500000000000000000e+01 4.600000000000000000e+01 0.000000000000000000e+00 1.600000000000000089e+00 -7.979999999999999897e-04 -5.729999999999999850e-03 9.999829999999999552e-01 6.799979999999999913e-01 -7.332049999999999956e-01 -3.658999999999999926e-03 7.332140000000000324e-01 6.799830000000000041e-01 4.481999999999999873e-03
2.600000000000000000e+01 6.500000000000000000e+01 4.600000000000000000e+01 0.000000000000000000e+00 1.600000000000000089e+00 -1.299999999999999886e-04 -1.492999999999999969e-03 9.999989999999999712e-01 6.794580000000000064e-01 -7.337129999999999486e-01 -1.007000000000000083e-03 7.337139999999999773e-01 6.794569999999999776e-01 1.110000000000000092e-03
7.000000000000000000e+00 2.900000000000000000e+01 4.800000000000000000e+01 0.000000000000000000e+00 1.600000000000000089e+00 -9.716999999999999943e-03 -8.567299999999999915e-02 9.962760000000000504e-01 3.780569999999999764e-01 9.220559999999999867e-01 8.297799999999999621e-02 -9.257309999999999706e-01 3.774560000000000137e-01 2.342999999999999944e-02
1.500000000000000000e+01 5.000000000000000000e+00 5.100000000000000000e+01 0.000000000000000000e+00 1.600000000000000089e+00 1.219000000000000031e-03 -8.340000000000000191e-03 -9.999639999999999640e-01 4.879000000000000004e-01 -8.728639999999999732e-01 7.875000000000000056e-03 -8.728989999999999805e-01 -4.878919999999999924e-01 3.005999999999999991e-03
2.100000000000000000e+01 5.000000000000000000e+00 5.100000000000000000e+01 0.000000000000000000e+00 1.600000000000000089e+00 -2.703000000000000107e-03 3.000000000000000076e-06 -9.999959999999999960e-01 4.876460000000000239e-01 -8.730400000000000382e-01 -1.320999999999999909e-03 -8.730369999999999520e-01 -4.876480000000000259e-01 2.357999999999999853e-03
3.000000000000000000e+01 5.000000000000000000e+00 5.100000000000000000e+01 0.000000000000000000e+00 1.600000000000000089e+00 4.041999999999999586e-03 3.680000000000000003e-04 -9.999919999999999920e-01 4.918560000000000154e-01 -8.706749999999999767e-01 1.667999999999999995e-03 -8.706669999999999687e-01 -4.918580000000000174e-01 -3.700000000000000164e-03
1.400000000000000000e+01 3.900000000000000000e+01 5.100000000000000000e+01 0.000000000000000000e+00 1.600000000000000089e+00 -1.027800000000000068e-02 -3.279429999999999845e-01 9.446419999999999817e-01 3.330290000000000195e-01 8.896370000000000111e-01 3.124709999999999988e-01 -9.428600000000000314e-01 3.178050000000000042e-01 1.000709999999999933e-01
8.000000000000000000e+00 1.150000000000000000e+02 5.100000000000000000e+01 0.000000000000000000e+00 1.600000000000000089e+00 2.132000000000000214e-03 1.451500000000000012e-02 9.998920000000000030e-01 8.455909999999999815e-01 -5.337979999999999947e-01 5.945999999999999897e-03 5.338270000000000515e-01 8.454869999999999886e-01 -1.341200000000000031e-02
1.300000000000000000e+01 7.000000000000000000e+00 5.200000000000000000e+01 0.000000000000000000e+00 1.600000000000000089e+00 -2.680999999999999790e-03 -6.507999999999999896e-03 -9.999749999999999472e-01 1.068759999999999988e-01 -9.942530000000000534e-01 6.184000000000000261e-03 -9.942689999999999584e-01 -1.068569999999999937e-01 3.360999999999999838e-03
1.500000000000000000e+01 4.000000000000000000e+01 5.200000000000000000e+01 0.000000000000000000e+00 1.600000000000000089e+00 2.435000000000000098e-03 -2.116449999999999998e-01 9.773429999999999618e-01 1.693580000000000085e-01 9.633150000000000324e-01 2.081860000000000099e-01 -9.855519999999999836e-01 1.650139999999999940e-01 3.819000000000000172e-02
2.200000000000000000e+01 4.200000000000000000e+01 5.200000000000000000e+01 0.000000000000000000e+00 1.600000000000000089e+00 3.332299999999999846e-02 -6.810580000000000522e-01 7.314709999999999823e-01 8.296800000000000008e-02 7.312370000000000259e-01 6.770589999999999664e-01 -9.959949999999999637e-01 3.812700000000000117e-02 8.087300000000000044e-02
2.800000000000000000e+01 4.400000000000000000e+01 5.300000000000000000e+01 0.000000000000000000e+00 1.600000000000000089e+00 6.570299999999999752e-02 -5.573339999999999961e-01 -8.276850000000000041e-01 8.914600000000000302e-02 -8.228820000000000023e-01 5.611760000000000081e-01 -9.938489999999999824e-01 -1.106560000000000044e-01 -4.381000000000000345e-03
2.700000000000000000e+01 4.500000000000000000e+01 5.300000000000000000e+01 0.000000000000000000e+00 1.600000000000000089e+00 8.536299999999999444e-02 -6.828049999999999953e-01 -7.255970000000000475e-01 8.430400000000000393e-02 -7.206930000000000280e-01 6.881089999999999707e-01 -9.927770000000000206e-01 -1.199100000000000027e-01 -3.956999999999999580e-03
2.600000000000000000e+01 4.600000000000000000e+01 5.300000000000000000e+01 0.000000000000000000e+00 1.600000000000000089e+00 1.061420000000000002e-01 -7.323429999999999662e-01 -6.726119999999999877e-01 1.080490000000000061e-01 -6.639329999999999954e-01 7.399449999999999639e-01 -9.884629999999999805e-01 -1.512139999999999873e-01 8.658000000000000765e-03
1.000000000000000000e+00 3.700000000000000000e+01 5.400000000000000000e+01 0.000000000000000000e+00 1.600000000000000089e+00 -7.502999999999999947e-02 -2.722080000000000055e-01 9.593089999999999673e-01 6.621010000000000506e-01 7.057590000000000252e-01 2.520459999999999923e-01 -7.456490000000000062e-01 6.540700000000000403e-01 1.272760000000000002e-01
2.000000000000000000e+00 6.300000000000000000e+01 5.400000000000000000e+01 0.000000000000000000e+00 1.600000000000000089e+00 2.110000000000000059e-04 -1.399999999999999986e-03 9.999989999999999712e-01 -3.718339999999999979e-01 9.282979999999999565e-01 1.378000000000000102e-03 -9.282989999999999853e-01 -3.718339999999999979e-01 -3.249999999999999851e-04
6.000000000000000000e+00 6.300000000000000000e+01 5.400000000000000000e+01 0.000000000000000000e+00 1.600000000000000089e+00 3.739999999999999835e-04 -4.703999999999999848e-03 9.999890000000000168e-01 -3.700990000000000113e-01 9.289809999999999457e-01 4.507999999999999854e-03 -9.289920000000000400e-01 -3.700970000000000093e-01 -1.392999999999999924e-03
1.200000000000000000e+01 6.300000000000000000e+01 5.400000000000000000e+01 0.000000000000000000e+00 1.600000000000000089e+00 -1.000000000000000048e-04 -5.199999999999999680e-05 1.000000000000000000e+00 -3.636110000000000175e-01 9.315510000000000179e-01 1.200000000000000030e-05 -9.315510000000000179e-01 -3.636110000000000175e-01 -1.119999999999999983e-04
1.500000000000000000e+01 6.300000000000000000e+01 5.400000000000000000e+01 0.000000000000000000e+00 1.600000000000000089e+00 -6.329999999999999906e-04 1.275000000000000092e-03 9.999989999999999712e-01 -3.637199999999999878e-01 9.315069999999999739e-01 -1.417999999999999990e-03 -9.315080000000000027e-01 -3.637199999999999878e-01 -1.259999999999999998e-04
1.900000000000000000e+01 6.300000000000000000e+01 5.400000000000000000e+01 0.000000000000000000e+00 1.600000000000000089e+00 -4.040000000000000080e-04 2.187000000000000142e-03 9.999980000000000535e-01 -3.621670000000000167e-01 9.321110000000000229e-01 -2.184999999999999876e-03 -9.321129999999999693e-01 -3.621670000000000167e-01 4.159999999999999744e-04
2.300000000000000000e+01 6.300000000000000000e+01 5.400000000000000000e+01 0.000000000000000000e+00 1.600000000000000089e+00 -8.000000000000000383e-04 4.438000000000000105e-03 9.999900000000000455e-01 -3.602739999999999831e-01 9.328359999999999985e-01 -4.427999999999999645e-03 -9.328459999999999530e-01 -3.602739999999999831e-01 8.530000000000000256e-04
2.000000000000000000e+01 2.500000000000000000e+01 5.500000000000000000e+01 0.000000000000000000e+00 1.600000000000000089e+00 3.209999999999999963e-04 -4.262000000000000163e-03 -9.999909999999999632e-01 -1.220000000000000077e-02 -9.999160000000000270e-01 4.257999999999999632e-03 -9.999259999999999815e-01 1.219800000000000051e-02 -3.730000000000000134e-04
2.500000000000000000e+01 2.500000000000000000e+01 5.500000000000000000e+01 0.000000000000000000e+00 1.600000000000000089e+00 -5.869999999999999567e-04 -3.285000000000000159e-03 -9.999940000000000495e-01 -1.118700000000000076e-02 -9.999320000000000430e-01 3.291000000000000088e-03 -9.999369999999999647e-01 1.118899999999999929e-02 5.509999999999999490e-04
1.700000000000000000e+01 7.600000000000000000e+01 5.600000000000000000e+01 0.000000000000000000e+00 1.600000000000000089e+00 1.330000000000000019e-03 -2.831999999999999882e-03 -9.999949999999999672e-01 -1.389890000000000014e-01 9.902889999999999748e-01 -2.988999999999999903e-03 9.902929999999999788e-01 1.389920000000000044e-01 9.229999999999999923e-04
2.200000000000000000e+01 4.600000000000000000e+01 5.700000000000000000e+01 0.000000000000000000e+00 1.600000000000000089e+00 3.769000000000000215e-03 -5.572709999999999608e-01 -8.303220000000000045e-01 -1.910900000000000098e-01 -8.154289999999999594e-01 5.464069999999999760e-01 -9.815650000000000208e-01 1.566069999999999962e-01 -1.095629999999999937e-01
2.300000000000000000e+01 6.800000000000000000e+01 5.700000000000000000e+01 0.000000000000000000e+00 1.600000000000000089e+00 1.469000000000000037e-03 2.125999999999999852e-03 -9.999970000000000248e-01 -2.506829999999999892e-01 -9.680659999999999821e-01 -2.426000000000000205e-03 -9.680680000000000396e-01 2.506860000000000199e-01 -8.890000000000000333e-04
3.000000000000000000e+01 6.800000000000000000e+01 5.700000000000000000e+01 0.000000000000000000e+00 1.600000000000000089e+00 -1.860000000000000108e-03 -7.828999999999999154e-03 -9.999679999999999680e-01 -2.502929999999999877e-01 -9.681370000000000253e-01 8.045999999999999333e-03 -9.681680000000000286e-01 2.503000000000000225e-01 -1.579999999999999916e-04
2.000000000000000000e+00 2.100000000000000000e+01 6.000000000000000000e+01 0.000000000000000000e+00 1.600000000000000089e+00 1.463000000000000108e-03 9.183999999999999456e-03 9.999569999999999848e-01 -9.377699999999999925e-02 9.955519999999999925e-01 -9.006000000000000116e-03 -9.955920000000000325e-01 -9.375999999999999612e-02 2.318000000000000182e-03
9.000000000000000000e+00 2.100000000000000000e+01 6.000000000000000000e+01 0.000000000000000000e+00 1.600000000000000089e+00 5.910000000000000539e-04 -6.080000000000000335e-04 1.000000000000000000e+00 -9.644300000000000095e-02 9.953379999999999450e-01 6.620000000000000450e-04 -9.953379999999999450e-01 -9.644300000000000095e-02 5.299999999999999807e-04
1.200000000000000000e+01 2.100000000000000000e+01 6.000000000000000000e+01 0.000000000000000000e+00 1.600000000000000089e+00 8.970000000000000109e-04 -3.518999999999999993e-03 9.999930000000000208e-01 -9.804300000000000515e-02 9.951759999999999495e-01 3.589999999999999875e-03 -9.951820000000000110e-01 -9.804499999999999327e-02 5.479999999999999845e-04
1.800000000000000000e+01 2.100000000000000000e+01 6.000000000000000000e+01 0.000000000000000000e+00 1.600000000000000089e+00 -7.110000000000000434e-04 4.891999999999999647e-03 9.999879999999999880e-01 -9.944100000000000161e-02 9.950309999999999988e-01 -4.937999999999999681e-03 -9.950430000000000108e-01 -9.944400000000000461e-02 -2.210000000000000050e-04
2.200000000000000000e+01 2.100000000000000000e+01 6.000000000000000000e+01 0.000000000000000000e+00 1.600000000000000089e+00 -1.799000000000000035e-03 -7.799999999999999859e-04 9.999980000000000535e-01 -9.942600000000000049e-02 9.950449999999999573e-01 5.969999999999999829e-04 -9.950430000000000108e-01 -9.942499999999999949e-02 -1.868000000000000086e-03
2.800000000000000000e+01 2.100000000000000000e+01 6.000000000000000000e+01 0.000000000000000000e+00 1.600000000000000089e+00 2.609999999999999907e-03 2.165999999999999957e-03 9.999940000000000495e-01 -9.753699999999999870e-02 9.952299999999999480e-01 -1.900999999999999912e-03 -9.952280000000000015e-01 -9.753100000000000658e-02 2.808999999999999865e-03
4.000000000000000000e+00 2.700000000000000000e+01 6.300000000000000000e+01 0.000000000000000000e+00 1.600000000000000089e+00 -2.168999999999999921e-03 -2.828999999999999918e-03 9.999940000000000495e-01 -2.734940000000000149e-01 9.618710000000000315e-01 2.128000000000000117e-03 -9.618710000000000315e-01 -2.734880000000000089e-01 -2.860000000000000129e-03
1.000000000000000000e+01 2.700000000000000000e+01 6.300000000000000000e+01 0.000000000000000000e+00 1.600000000000000089e+00 -1.270000000000000078e-03 -2.949999999999999931e-03 9.999949999999999672e-01 -2.794380000000000197e-01 9.601600000000000135e-01 2.478000000000000168e-03 -9.601629999999999887e-01 -2.794340000000000157e-01 -2.043999999999999810e-03
1.300000000000000000e+01 2.700000000000000000e+01 6.300000000000000000e+01 0.000000000000000000e+00 1.600000000000000089e+00 1.116999999999999937e-03 -2.539999999999999940e-04 9.999989999999999712e-01 -2.789940000000000198e-01 9.602929999999999522e-01 5.550000000000000462e-04 -9.602920000000000345e-01 -2.789940000000000198e-01 1.002000000000000069e-03
1.700000000000000000e+01 2.700000000000000000e+01 6.300000000000000000e+01 0.000000000000000000e+00 1.600000000000000089e+00 3.039000000000000035e-03 1.832999999999999994e-03 9.999940000000000495e-01 -2.750040000000000262e-01 9.614430000000000476e-01 -9.259999999999999568e-04 -9.614380000000000148e-01 -2.749989999999999934e-01 3.425999999999999792e-03
2.300000000000000000e+01 2.700000000000000000e+01 6.300000000000000000e+01 0.000000000000000000e+00 1.600000000000000089e+00 1.759999999999999954e-04 6.654000000000000192e-03 9.999780000000000335e-01 -2.728200000000000069e-01 9.620440000000000103e-01 -6.354000000000000273e-03 -9.620649999999999480e-01 -2.728119999999999989e-01 1.984000000000000086e-03
3.000000000000000000e+01 2.700000000000000000e+01 6.300000000000000000e+01 0.000000000000000000e+00 1.600000000000000089e+00 4.473000000000000413e-03 3.269999999999999795e-04 9.999900000000000455e-01 -2.708180000000000032e-01 9.626299999999999857e-01 8.959999999999999866e-04 -9.626200000000000312e-01 -2.708200000000000052e-01 4.394000000000000336e-03
1.000000000000000000e+00 4.400000000000000000e+01 6.300000000000000000e+01 0.000000000000000000e+00 1.600000000000000089e+00 1.420800000000000014e-02 1.719400000000000095e-02 -9.997509999999999453e-01 -6.789899999999999824e-01 -7.338099999999999623e-01 -2.227000000000000160e-02 -7.340100000000000513e-01 6.791380000000000194e-01 1.248999999999999893e-03
9.000000000000000000e+00 4.400000000000000000e+01 6.300000000000000000e+01 0.000000000000000000e+00 1.600000000000000089e+00 9.811000000000000276e-03 -2.875099999999999878e-02 -9.995380000000000376e-01 -7.163709999999999800e-01 -6.975980000000000514e-01 1.303400000000000045e-02 -6.976510000000000211e-01 7.159119999999999928e-01 -2.744100000000000011e-02
4.000000000000000000e+00 2.600000000000000000e+01 6.400000000000000000e+01 0.000000000000000000e+00 1.600000000000000089e+00 -1.727000000000000019e-03 -2.739000000000000115e-03 9.999949999999999672e-01 -3.617850000000000232e-01 9.322599999999999776e-01 1.928999999999999942e-03 -9.322599999999999776e-01 -3.617790000000000172e-01 -2.601000000000000013e-03
1.000000000000000000e+01 2.600000000000000000e+01 6.400000000000000000e+01 0.000000000000000000e+00 1.600000000000000089e+00 -1.020999999999999989e-03 -2.729000000000000089e-03 9.999959999999999960e-01 -3.693850000000000189e-01 9.292740000000000444e-01 2.158999999999999895e-03 -9.292759999999999909e-01 -3.693810000000000149e-01 -1.956999999999999972e-03
1.300000000000000000e+01 2.600000000000000000e+01 6.400000000000000000e+01 0.000000000000000000e+00 1.600000000000000089e+00 7.100000000000000191e-04 7.169999999999999724e-04 9.999989999999999712e-01 -3.692460000000000186e-01 9.293310000000000182e-01 -4.049999999999999781e-04 -9.293310000000000182e-01 -3.692460000000000186e-01 9.250000000000000409e-04
1.700000000000000000e+01 2.600000000000000000e+01 6.400000000000000000e+01 0.000000000000000000e+00 1.600000000000000089e+00 2.407999999999999984e-03 2.128999999999999816e-03 9.999949999999999672e-01 -3.634129999999999860e-01 9.316269999999999829e-01 -1.108000000000000044e-03 -9.316250000000000364e-01 -3.634089999999999820e-01 3.017000000000000150e-03
2.300000000000000000e+01 2.600000000000000000e+01 6.400000000000000000e+01 0.000000000000000000e+00 1.600000000000000089e+00 -4.319999999999999838e-04 1.128000000000000096e-03 9.999989999999999712e-01 -3.600720000000000032e-01 9.329239999999999755e-01 -1.208000000000000089e-03 -9.329239999999999755e-01 -3.600729999999999764e-01 3.999999999999999819e-06
2.900000000000000000e+01 2.600000000000000000e+01 6.400000000000000000e+01 0.000000000000000000e+00 1.600000000000000089e+00 4.305999999999999932e-03 6.093000000000000325e-03 9.999719999999999720e-01 -3.585570000000000146e-01 9.334989999999999677e-01 -4.144000000000000114e-03 -9.334980000000000500e-01 -3.585289999999999866e-01 6.204000000000000313e-03
1.200000000000000000e+01 5.600000000000000000e+01 6.400000000000000000e+01 0.000000000000000000e+00 1.600000000000000089e+00 -1.450450000000000073e-01 2.622380000000000266e-01 -9.540410000000000279e-01 1.317499999999999921e-02 9.646639999999999660e-01 2.631549999999999723e-01 9.893370000000000219e-01 2.559900000000000023e-02 -1.433740000000000014e-01
2.800000000000000000e+01 4.800000000000000000e+01 6.500000000000000000e+01 0.000000000000000000e+00 1.600000000000000089e+00 -1.250840000000000007e-01 1.969690000000000052e-01 -9.723979999999999846e-01 -1.047960000000000003e-01 9.719889999999999919e-01 2.103669999999999984e-01 9.865960000000000285e-01 1.282169999999999976e-01 -1.009390000000000009e-01
2.200000000000000000e+01 5.100000000000000000e+01 6.600000000000000000e+01 0.000000000000000000e+00 1.600000000000000089e+00 2.217929999999999902e-01 9.704100000000000226e-02 9.702530000000000321e-01 4.330109999999999792e-01 8.817409999999999970e-01 -1.871720000000000050e-01 -8.736760000000000081e-01 4.616439999999999988e-01 1.535440000000000138e-01
5.000000000000000000e+00 4.300000000000000000e+01 7.300000000000000000e+01 0.000000000000000000e+00 1.600000000000000089e+00 -4.830700000000000272e-02 -1.123849999999999988e-01 9.924899999999999833e-01 5.032600000000000268e-02 -9.926620000000000443e-01 -1.099549999999999972e-01 9.975640000000000063e-01 4.463700000000000306e-02 5.360899999999999693e-02
2.900000000000000000e+01 4.300000000000000000e+01 7.300000000000000000e+01 0.000000000000000000e+00 1.600000000000000089e+00 -2.311699999999999866e-02 -4.636900000000000049e-02 9.986570000000000169e-01 3.615700000000000164e-02 -9.983090000000000019e-01 -4.551600000000000090e-02 9.990790000000000504e-01 3.505599999999999689e-02 2.475400000000000170e-02
5.000000000000000000e+00 2.500000000000000000e+01 7.400000000000000000e+01 0.000000000000000000e+00 1.600000000000000089e+00 9.770000000000000039e-04 -5.509999999999999490e-04 9.999989999999999712e-01 8.280349999999999655e-01 -5.606759999999999522e-01 -1.118000000000000070e-03 5.606759999999999522e-01 8.280349999999999655e-01 -9.100000000000000287e-05
1.000000000000000000e+01 2.500000000000000000e+01 7.400000000000000000e+01 0.000000000000000000e+00 1.600000000000000089e+00 -3.445999999999999844e-03 -9.105000000000000246e-03 9.999529999999999808e-01 8.202129999999999699e-01 -5.720530000000000337e-01 -2.383000000000000135e-03 5.720480000000000009e-01 8.201659999999999506e-01 9.438999999999999474e-03
