6.000000000000000000e+00 1.010000000000000000e+02 7.000000000000000000e+00 0.000000000000000000e+00 1.600000000000000089e+00 1.257000000000000088e-03 1.019199999999999967e-02 9.999470000000000303e-01 8.889749999999999597e-01 4.579190000000000205e-01 -5.785000000000000211e-03 -4.579540000000000277e-01 8.889350000000000307e-01 -8.484999999999999487e-03
1.500000000000000000e+01 1.010000000000000000e+02 7.000000000000000000e+00 0.000000000000000000e+00 1.600000000000000089e+00 -5.670000000000000127e-04 -7.320000000000000118e-03 9.999730000000000008e-01 8.895410000000000261e-01 4.568389999999999951e-01 3.847999999999999858e-03 -4.568550000000000111e-01 8.895189999999999486e-01 6.252999999999999878e-03
2.000000000000000000e+00 2.500000000000000000e+01 8.000000000000000000e+00 0.000000000000000000e+00 1.600000000000000089e+00 -8.149999999999999693e-04 -1.804000000000000048e-03 -9.999980000000000535e-01 4.365160000000000151e-01 8.996939999999999937e-01 -1.978999999999999856e-03 8.996960000000000512e-01 -4.365169999999999884e-01 5.399999999999999798e-05
5.000000000000000000e+00 2.500000000000000000e+01 8.000000000000000000e+00 0.000000000000000000e+00 1.600000000000000089e+00 -4.780000000000000178e-04 -1.288699999999999915e-02 -9.999169999999999447e-01 4.371470000000000078e-01 8.993130000000000290e-01 -1.179999999999999973e-02 8.993900000000000228e-01 -4.371160000000000045e-01 5.204000000000000292e-03
1.300000000000000000e+01 2.500000000000000000e+01 8.000000000000000000e+00 0.000000000000000000e+00 1.600000000000000089e+00 2.183000000000000045e-03 2.831999999999999882e-03 -9.999940000000000495e-01 4.380100000000000104e-01 8.989629999999999566e-01 3.501999999999999905e-03 8.989679999999999893e-01 -4.380149999999999877e-01 7.219999999999999855e-04
1.600000000000000000e+01 2.500000000000000000e+01 8.000000000000000000e+00 0.000000000000000000e+00 1.600000000000000089e+00 1.330000000000000019e-03 3.644000000000000104e-03 -9.999919999999999920e-01 4.380249999999999977e-01 8.989549999999999486e-01 3.857999999999999884e-03 8.989620000000000388e-01 -4.380260000000000264e-01 -4.009999999999999893e-04
2.200000000000000000e+01 2.500000000000000000e+01 8.000000000000000000e+00 0.000000000000000000e+00 1.600000000000000089e+00 4.459999999999999989e-04 2.962999999999999922e-03 -9.999949999999999672e-01 4.381309999999999927e-01 8.989059999999999828e-01 2.858999999999999996e-03 8.989110000000000156e-01 -4.381309999999999927e-01 -8.980000000000000352e-04
1.000000000000000000e+00 9.000000000000000000e+00 9.000000000000000000e+00 0.000000000000000000e+00 1.600000000000000089e+00 1.864100000000000132e-02 1.629999999999999939e-03 -9.998249999999999638e-01 -9.904560000000000031e-01 -1.365560000000000107e-01 -1.868900000000000075e-02 -1.365629999999999900e-01 9.906310000000000393e-01 -9.309999999999999699e-04
1.700000000000000000e+01 9.000000000000000000e+00 9.000000000000000000e+00 0.000000000000000000e+00 1.600000000000000089e+00 -3.708999999999999797e-02 -1.566599999999999937e-02 -9.991889999999999938e-01 -9.770870000000000388e-01 -2.091339999999999866e-01 3.954900000000000082e-02 -2.095839999999999925e-01 9.777620000000000200e-01 -7.550000000000000287e-03
2.100000000000000000e+01 9.000000000000000000e+00 9.000000000000000000e+00 0.000000000000000000e+00 1.600000000000000089e+00 -7.305100000000000482e-02 -5.275900000000000034e-02 -9.959320000000000395e-01 -9.520950000000000246e-01 -2.936380000000000101e-01 8.539099999999999469e-02 -2.969490000000000185e-01 9.544599999999999751e-01 -2.878100000000000103e-02
2.000000000000000000e+00 2.400000000000000000e+01 9.000000000000000000e+00 0.000000000000000000e+00 1.600000000000000089e+00 -8.880000000000000089e-04 -6.679999999999999740e-04 -9.999989999999999712e-01 4.413520000000000221e-01 8.973339999999999650e-01 -9.920000000000000432e-04 8.973339999999999650e-01 -4.413520000000000221e-01 -5.019999999999999506e-04
5.000000000000000000e+00 2.400000000000000000e+01 9.000000000000000000e+00 0.000000000000000000e+00 1.600000000000000089e+00 -8.940000000000000464e-04 -9.783999999999999295e-03 -9.999519999999999520e-01 4.423839999999999995e-01 8.967789999999999928e-01 -9.169999999999999332e-03 8.968249999999999833e-01 -4.423710000000000142e-01 3.527000000000000187e-03
9.000000000000000000e+00 2.400000000000000000e+01 9.000000000000000000e+00 0.000000000000000000e+00 1.600000000000000089e+00 6.579999999999999478e-04 -6.623000000000000415e-03 -9.999780000000000335e-01 4.443409999999999860e-01 8.958399999999999697e-01 -5.641000000000000181e-03 8.958580000000000432e-01 -4.443270000000000275e-01 3.531999999999999983e-03
1.200000000000000000e+01 2.400000000000000000e+01 9.000000000000000000e+00 0.000000000000000000e+00 1.600000000000000089e+00 1.825999999999999932e-03 3.395000000000000014e-03 -9.999930000000000208e-01 4.442619999999999902e-01 8.958890000000000464e-01 3.853000000000000088e-03 8.958949999999999969e-01 -4.442659999999999942e-01 1.269999999999999970e-04
1.600000000000000000e+01 2.400000000000000000e+01 9.000000000000000000e+00 0.000000000000000000e+00 1.600000000000000089e+00 9.179999999999999792e-04 5.340000000000000129e-03 -9.999850000000000128e-01 4.446160000000000112e-01 8.957060000000000022e-01 5.191000000000000301e-03 8.957209999999999894e-01 -4.446149999999999824e-01 -1.551999999999999994e-03
2.200000000000000000e+01 2.400000000000000000e+01 9.000000000000000000e+00 0.000000000000000000e+00 1.600000000000000089e+00 3.879999999999999985e-04 3.542000000000000010e-03 -9.999940000000000495e-01 4.442619999999999902e-01 8.958909999999999929e-01 3.346000000000000016e-03 8.958970000000000544e-01 -4.442599999999999882e-01 -1.226000000000000093e-03
2.600000000000000000e+01 2.400000000000000000e+01 9.000000000000000000e+00 0.000000000000000000e+00 1.600000000000000089e+00 7.299999999999999903e-05 6.560000000000000076e-04 -1.000000000000000000e+00 4.428389999999999826e-01 8.966009999999999813e-01 6.199999999999999999e-04 8.966009999999999813e-01 -4.428389999999999826e-01 -2.249999999999999938e-04
2.900000000000000000e+01 2.400000000000000000e+01 9.000000000000000000e+00 0.000000000000000000e+00 1.600000000000000089e+00 -1.142999999999999919e-03 2.579999999999999828e-04 -9.999989999999999712e-01 4.436329999999999996e-01 8.962080000000000046e-01 -2.759999999999999867e-04 8.962080000000000046e-01 -4.436329999999999996e-01 -1.139000000000000038e-03
2.800000000000000000e+01 4.000000000000000000e+00 1.100000000000000000e+01 0.000000000000000000e+00 1.600000000000000089e+00 7.301000000000000198e-03 -9.578000000000000402e-02 9.953760000000000385e-01 2.046979999999999911e-01 -9.741800000000000459e-01 -9.524199999999999333e-02 9.787979999999999459e-01 2.044469999999999898e-01 1.249399999999999990e-02
1.400000000000000000e+01 3.000000000000000000e+01 1.200000000000000000e+01 0.000000000000000000e+00 1.600000000000000089e+00 -7.927999999999999284e-03 -1.245409999999999989e-01 9.921830000000000371e-01 -2.163500000000000145e-02 9.920029999999999681e-01 1.243459999999999982e-01 -9.997350000000000403e-01 -2.048000000000000168e-02 -1.055900000000000068e-02
1.800000000000000000e+01 3.100000000000000000e+01 1.200000000000000000e+01 0.000000000000000000e+00 1.600000000000000089e+00 2.925000000000000083e-03 -2.143410000000000037e-01 9.767540000000000111e-01 -6.581900000000000250e-02 9.745989999999999931e-01 2.140650000000000053e-01 -9.978270000000000195e-01 -6.491500000000000048e-02 -1.125699999999999965e-02
4.000000000000000000e+00 2.800000000000000000e+01 1.300000000000000000e+01 0.000000000000000000e+00 1.600000000000000089e+00 -5.780999999999999681e-03 -7.896100000000000341e-02 9.968609999999999971e-01 -6.282300000000000384e-02 9.949369999999999603e-01 7.844399999999999984e-02 -9.980080000000000062e-01 -6.217199999999999810e-02 -1.071199999999999930e-02
2.000000000000000000e+01 3.500000000000000000e+01 1.300000000000000000e+01 0.000000000000000000e+00 1.600000000000000089e+00 -1.912079999999999891e-01 -5.317500000000000004e-02 9.801079999999999792e-01 9.676749999999999519e-01 -1.775110000000000021e-01 1.791520000000000057e-01 1.644539999999999891e-01 9.826810000000000267e-01 8.539800000000000169e-02
2.900000000000000000e+01 3.200000000000000000e+01 1.400000000000000000e+01 0.000000000000000000e+00 1.600000000000000089e+00 6.509999999999999945e-04 -4.043999999999999852e-03 -9.999919999999999920e-01 1.164170000000000066e-01 9.931929999999999925e-01 -3.941000000000000059e-03 9.931999999999999718e-01 -1.164140000000000036e-01 1.116999999999999937e-03
2.000000000000000000e+00 1.200000000000000000e+01 1.600000000000000000e+01 0.000000000000000000e+00 1.600000000000000089e+00 -2.828999999999999918e-03 2.528199999999999892e-02 9.996760000000000090e-01 2.822709999999999941e-01 -9.590079999999999716e-01 2.505299999999999888e-02 9.593310000000000448e-01 2.822500000000000009e-01 -4.422999999999999848e-03
8.000000000000000000e+00 1.200000000000000000e+01 1.600000000000000000e+01 0.000000000000000000e+00 1.600000000000000089e+00 -5.670000000000000127e-04 -4.760000000000000234e-04 1.000000000000000000e+00 2.733610000000000206e-01 -9.619109999999999605e-01 -3.029999999999999924e-04 9.619109999999999605e-01 2.733610000000000206e-01 6.759999999999999516e-04
1.200000000000000000e+01 1.200000000000000000e+01 1.600000000000000000e+01 0.000000000000000000e+00 1.600000000000000089e+00 4.471000000000000148e-03 -1.383000000000000028e-02 9.998939999999999495e-01 2.695670000000000011e-01 -9.628719999999999501e-01 -1.452400000000000045e-02 9.629710000000000214e-01 2.696029999999999816e-01 -5.770000000000000389e-04
1.500000000000000000e+01 1.200000000000000000e+01 1.600000000000000000e+01 0.000000000000000000e+00 1.600000000000000089e+00 7.315999999999999587e-03 -2.104299999999999921e-02 9.997519999999999740e-01 2.701270000000000060e-01 -9.625679999999999792e-01 -2.223699999999999982e-02 9.627970000000000139e-01 2.702229999999999910e-01 -1.356999999999999916e-03
8.000000000000000000e+00 1.160000000000000000e+02 1.600000000000000000e+01 0.000000000000000000e+00 1.600000000000000089e+00 1.185000000000000072e-03 1.689999999999999879e-04 9.999989999999999712e-01 7.659799999999999942e-01 6.428639999999999910e-01 -1.016999999999999892e-03 -6.428629999999999622e-01 7.659810000000000230e-01 6.319999999999999663e-04
1.200000000000000000e+01 1.160000000000000000e+02 1.600000000000000000e+01 0.000000000000000000e+00 1.600000000000000089e+00 2.426999999999999904e-03 2.681999999999999922e-03 9.999930000000000208e-01 7.668139999999999956e-01 6.418589999999999574e-01 -3.582000000000000114e-03 -6.418639999999999901e-01 7.668179999999999996e-01 -4.989999999999999861e-04
2.400000000000000000e+01 1.160000000000000000e+02 1.600000000000000000e+01 0.000000000000000000e+00 1.600000000000000089e+00 1.714000000000000029e-03 4.389999999999999805e-03 9.999890000000000168e-01 7.158200000000000118e-01 6.982720000000000038e-01 -4.291999999999999808e-03 -6.982829999999999870e-01 7.158189999999999831e-01 -1.944999999999999897e-03
3.000000000000000000e+01 1.160000000000000000e+02 1.600000000000000000e+01 0.000000000000000000e+00 1.600000000000000089e+00 3.089999999999999756e-04 2.004999999999999838e-03 9.999980000000000535e-01 6.870239999999999680e-01 7.266329999999999734e-01 -1.668999999999999911e-03 -7.266350000000000309e-01 6.870230000000000503e-01 -1.152999999999999945e-03
1.300000000000000000e+01 3.400000000000000000e+01 1.800000000000000000e+01 0.000000000000000000e+00 1.600000000000000089e+00 2.079860000000000042e-01 2.789200000000000013e-01 9.375210000000000488e-01 -9.683279999999999665e-01 1.940810000000000035e-01 1.570799999999999974e-01 -1.381419999999999870e-01 -9.404979999999999452e-01 3.104529999999999790e-01
1.000000000000000000e+01 2.000000000000000000e+00 1.900000000000000000e+01 0.000000000000000000e+00 1.600000000000000089e+00 -3.589999999999999984e-04 1.909000000000000107e-03 -9.999980000000000535e-01 3.389179999999999970e-01 -9.408140000000000391e-01 -1.917000000000000084e-03 -9.408159999999999856e-01 -3.389179999999999970e-01 -3.089999999999999756e-04
2.800000000000000000e+01 2.000000000000000000e+00 1.900000000000000000e+01 0.000000000000000000e+00 1.600000000000000089e+00 9.988000000000000350e-03 -5.495499999999999691e-02 -9.984389999999999654e-01 3.642329999999999735e-01 -9.296929999999999916e-01 5.481400000000000161e-02 -9.312540000000000262e-01 -3.642119999999999802e-01 1.073099999999999922e-02
3.000000000000000000e+00 3.000000000000000000e+00 1.900000000000000000e+01 0.000000000000000000e+00 1.600000000000000089e+00 -1.064999999999999974e-03 2.130599999999999855e-02 -9.997719999999999940e-01 3.354130000000000167e-01 -9.418499999999999650e-01 -2.042899999999999924e-02 -9.420709999999999917e-01 -3.353590000000000182e-01 -6.143000000000000023e-03
2.100000000000000000e+01 3.000000000000000000e+00 1.900000000000000000e+01 0.000000000000000000e+00 1.600000000000000089e+00 8.694000000000000339e-03 -4.697300000000000086e-02 -9.988580000000000236e-01 3.398100000000000009e-01 -9.393120000000000358e-01 4.712999999999999828e-02 -9.404540000000000122e-01 -3.398320000000000229e-01 7.795999999999999978e-03
4.000000000000000000e+00 4.000000000000000000e+00 2.000000000000000000e+01 0.000000000000000000e+00 1.600000000000000089e+00 -8.000000000000000383e-04 2.058099999999999860e-02 -9.997880000000000100e-01 3.862570000000000170e-01 -9.221890000000000365e-01 -1.929200000000000012e-02 -9.223909999999999609e-01 -3.861910000000000065e-01 -7.211999999999999661e-03
8.000000000000000000e+00 4.000000000000000000e+00 2.000000000000000000e+01 0.000000000000000000e+00 1.600000000000000089e+00 -1.830000000000000029e-04 1.015199999999999957e-02 -9.999489999999999768e-01 3.877269999999999883e-01 -9.217260000000000453e-01 -9.428000000000000616e-03 -9.217739999999999823e-01 -3.877090000000000258e-01 -3.768000000000000082e-03
1.900000000000000000e+01 4.000000000000000000e+00 2.000000000000000000e+01 0.000000000000000000e+00 1.600000000000000089e+00 3.850000000000000124e-03 -3.427899999999999697e-02 -9.994049999999999878e-01 3.813790000000000235e-01 -9.238239999999999785e-01 3.315599999999999797e-02 -9.244109999999999827e-01 -3.812800000000000078e-01 9.516000000000000153e-03
3.000000000000000000e+00 1.300000000000000000e+01 2.000000000000000000e+01 0.000000000000000000e+00 1.600000000000000089e+00 1.029999999999999964e-04 1.064999999999999974e-03 9.999989999999999712e-01 2.622120000000000006e-01 9.650100000000000344e-01 -1.054999999999999948e-03 -9.650100000000000344e-01 2.622120000000000006e-01 -1.800000000000000113e-04
1.000000000000000000e+01 1.300000000000000000e+01 2.000000000000000000e+01 0.000000000000000000e+00 1.600000000000000089e+00 -6.080000000000000335e-04 1.030000000000000100e-03 9.999989999999999712e-01 2.636970000000000147e-01 9.646050000000000457e-01 -8.329999999999999731e-04 -9.646059999999999635e-01 2.636959999999999860e-01 -8.580000000000000387e-04
1.600000000000000000e+01 1.300000000000000000e+01 2.000000000000000000e+01 0.000000000000000000e+00 1.600000000000000089e+00 -1.438000000000000042e-03 4.375999999999999682e-03 9.999890000000000168e-01 2.625399999999999956e-01 9.649130000000000207e-01 -3.844999999999999894e-03 -9.649199999999999999e-01 2.625310000000000143e-01 -2.536000000000000060e-03
2.100000000000000000e+01 1.300000000000000000e+01 2.000000000000000000e+01 0.000000000000000000e+00 1.600000000000000089e+00 8.620000000000000275e-04 -3.402000000000000076e-03 9.999940000000000495e-01 2.602470000000000061e-01 9.655369999999999786e-01 3.060999999999999919e-03 -9.655420000000000114e-01 2.602430000000000021e-01 1.717999999999999909e-03
2.400000000000000000e+01 1.300000000000000000e+01 2.000000000000000000e+01 0.000000000000000000e+00 1.600000000000000089e+00 1.052999999999999900e-03 -8.737999999999999240e-03 9.999609999999999888e-01 2.579870000000000219e-01 9.661140000000000283e-01 8.170999999999999444e-03 -9.661480000000000068e-01 2.579679999999999751e-01 3.272000000000000169e-03
1.300000000000000000e+01 1.600000000000000000e+01 2.100000000000000000e+01 0.000000000000000000e+00 1.600000000000000089e+00 -5.450000000000000200e-04 4.099000000000000213e-03 9.999909999999999632e-01 2.956559999999999744e-01 9.552869999999999973e-01 -3.755000000000000091e-03 -9.552939999999999765e-01 2.956509999999999971e-01 -1.732000000000000033e-03
2.700000000000000000e+01 1.600000000000000000e+01 2.100000000000000000e+01 0.000000000000000000e+00 1.600000000000000089e+00 6.170000000000000354e-04 -1.000500000000000000e-02 9.999500000000000055e-01 2.970209999999999795e-01 9.548250000000000348e-01 9.371000000000000857e-03 -9.548710000000000253e-01 2.969999999999999862e-01 3.560999999999999929e-03
2.900000000000000000e+01 4.000000000000000000e+01 2.400000000000000000e+01 0.000000000000000000e+00 1.600000000000000089e+00 3.404519999999999769e-01 2.026040000000000063e-01 9.181740000000000457e-01 -8.726939999999999698e-01 4.315769999999999884e-01 2.283570000000000044e-01 -3.499970000000000026e-01 -8.790289999999999493e-01 3.237430000000000030e-01
2.600000000000000000e+01 2.000000000000000000e+00 2.500000000000000000e+01 0.000000000000000000e+00 1.600000000000000089e+00 1.160800000000000026e-02 -4.495299999999999990e-02 9.989219999999999766e-01 7.617400000000000559e-02 -9.960459999999999869e-01 -4.570899999999999963e-02 9.970269999999999966e-01 7.662299999999999667e-02 -8.137000000000000136e-03
1.000000000000000000e+00 3.000000000000000000e+00 2.500000000000000000e+01 0.000000000000000000e+00 1.600000000000000089e+00 -4.087000000000000355e-03 2.420399999999999982e-02 9.996990000000000043e-01 1.653500000000000109e-02 -9.995690000000000408e-01 2.426899999999999891e-02 9.998550000000000493e-01 1.662999999999999895e-02 3.684999999999999908e-03
8.000000000000000000e+00 3.000000000000000000e+00 2.500000000000000000e+01 0.000000000000000000e+00 1.600000000000000089e+00 -3.591000000000000008e-03 6.320000000000000097e-03 9.999740000000000295e-01 2.033300000000000038e-02 -9.997730000000000228e-01 6.390999999999999980e-03 9.997869999999999813e-01 2.035500000000000156e-02 3.461999999999999800e-03
1.200000000000000000e+01 3.000000000000000000e+00 2.500000000000000000e+01 0.000000000000000000e+00 1.600000000000000089e+00 4.173999999999999759e-03 -5.331999999999999934e-03 9.999770000000000048e-01 3.289899999999999769e-02 -9.994439999999999991e-01 -5.466000000000000372e-03 9.994499999999999496e-01 3.292099999999999888e-02 -3.996000000000000420e-03
1.900000000000000000e+01 3.000000000000000000e+00 2.500000000000000000e+01 0.000000000000000000e+00 1.600000000000000089e+00 9.577000000000000443e-03 -2.094199999999999881e-02 9.997350000000000403e-01 1.686500000000000152e-02 -9.996350000000000513e-01 -2.110100000000000170e-02 9.998120000000000340e-01 1.706200000000000078e-02 -9.220000000000000764e-03
2.700000000000000000e+01 3.000000000000000000e+00 2.500000000000000000e+01 0.000000000000000000e+00 1.600000000000000089e+00 3.161999999999999880e-03 -3.948700000000000127e-02 9.992149999999999643e-01 -1.482600000000000064e-02 -9.991120000000000001e-01 -3.943599999999999883e-02 9.998850000000000238e-01 -1.468900000000000067e-02 -3.745000000000000065e-03
1.200000000000000000e+01 2.900000000000000000e+01 2.600000000000000000e+01 0.000000000000000000e+00 1.600000000000000089e+00 5.354000000000000252e-03 3.861900000000000055e-02 -9.992400000000000171e-01 1.294909999999999950e-01 -9.908670000000000533e-01 -3.760100000000000248e-02 -9.915659999999999474e-01 -1.291920000000000013e-01 -1.030599999999999919e-02
5.000000000000000000e+00 5.800000000000000000e+01 3.100000000000000000e+01 0.000000000000000000e+00 1.600000000000000089e+00 -3.359000000000000007e-03 2.869999999999999830e-04 9.999940000000000495e-01 -8.091890000000000471e-01 -5.875420000000000087e-01 -2.550000000000000183e-03 5.875380000000000047e-01 -8.091930000000000511e-01 2.206000000000000062e-03
2.400000000000000000e+01 5.800000000000000000e+01 3.100000000000000000e+01 0.000000000000000000e+00 1.600000000000000089e+00 8.904999999999999721e-03 1.103699999999999994e-02 9.998989999999999823e-01 -8.106309999999999905e-01 -5.853969999999999452e-01 1.368100000000000045e-02 5.854899999999999549e-01 -8.106710000000000305e-01 3.733999999999999906e-03
3.000000000000000000e+01 5.800000000000000000e+01 3.100000000000000000e+01 0.000000000000000000e+00 1.600000000000000089e+00 5.280000000000000405e-04 -1.856000000000000011e-03 9.999980000000000535e-01 -8.095660000000000078e-01 -5.870279999999999943e-01 -6.620000000000000450e-04 5.870290000000000230e-01 -8.095639999999999503e-01 -1.812999999999999941e-03
1.000000000000000000e+01 3.200000000000000000e+01 3.300000000000000000e+01 0.000000000000000000e+00 1.600000000000000089e+00 8.078599999999999670e-02 -8.635800000000000420e-02 -9.929829999999999490e-01 1.396100000000000119e-01 -9.854380000000000361e-01 9.705999999999999350e-02 -9.869059999999999500e-01 -1.464709999999999901e-01 -6.755300000000000193e-02
1.000000000000000000e+00 4.200000000000000000e+01 3.400000000000000000e+01 0.000000000000000000e+00 1.600000000000000089e+00 -1.453600000000000031e-02 -1.162269999999999970e-01 -9.931159999999999988e-01 -3.026880000000000126e-01 9.471300000000000274e-01 -1.064149999999999957e-01 9.529790000000000205e-01 2.990579999999999905e-01 -4.894799999999999846e-02
6.000000000000000000e+00 4.600000000000000000e+01 3.500000000000000000e+01 0.000000000000000000e+00 1.600000000000000089e+00 4.789999999999999879e-04 6.655800000000000605e-02 -9.977819999999999467e-01 3.950580000000000203e-01 -9.166320000000000023e-01 -6.095500000000000224e-02 -9.186560000000000281e-01 -3.941520000000000024e-01 -2.673400000000000082e-02
4.000000000000000000e+00 9.500000000000000000e+01 3.600000000000000000e+01 0.000000000000000000e+00 1.600000000000000089e+00 4.583000000000000268e-03 8.724000000000000851e-03 9.999510000000000343e-01 9.970740000000000158e-01 7.626600000000000046e-02 -5.236000000000000203e-03 -7.630800000000000083e-02 9.970489999999999631e-01 -8.349000000000000518e-03
2.100000000000000000e+01 4.600000000000000000e+01 4.100000000000000000e+01 0.000000000000000000e+00 1.600000000000000089e+00 -4.954609999999999848e-01 5.244000000000000397e-03 8.686139999999999972e-01 5.987689999999999957e-01 -7.223760000000000181e-01 3.459010000000000140e-01 6.292799999999999505e-01 6.914799999999999836e-01 3.547690000000000010e-01
3.000000000000000000e+00 3.000000000000000000e+00 4.300000000000000000e+01 0.000000000000000000e+00 1.600000000000000089e+00 -3.989000000000000358e-03 -1.497500000000000046e-02 -9.998799999999999910e-01 7.342199999999999838e-01 -6.788729999999999487e-01 7.237999999999999642e-03 -6.788999999999999480e-01 -7.341029999999999500e-01 1.370299999999999990e-02
1.200000000000000000e+01 3.000000000000000000e+00 4.300000000000000000e+01 0.000000000000000000e+00 1.600000000000000089e+00 -1.461999999999999975e-03 -3.079000000000000140e-03 -9.999940000000000495e-01 7.318729999999999958e-01 -6.814400000000000457e-01 1.028000000000000051e-03 -6.814390000000000169e-01 -7.318670000000000453e-01 3.249000000000000152e-03
1.600000000000000000e+01 3.000000000000000000e+00 4.300000000000000000e+01 0.000000000000000000e+00 1.600000000000000089e+00 -3.808999999999999886e-03 1.180000000000000059e-03 -9.999919999999999920e-01 7.299069999999999725e-01 -6.835369999999999502e-01 -3.586999999999999911e-03 -6.835360000000000325e-01 -7.299149999999999805e-01 1.742000000000000059e-03
2.500000000000000000e+01 8.000000000000000000e+00 4.400000000000000000e+01 0.000000000000000000e+00 1.600000000000000089e+00 -1.034999999999999896e-03 -1.698000000000000074e-03 9.999980000000000535e-01 -7.902869999999999617e-01 -6.127340000000000009e-01 -1.858000000000000059e-03 6.127359999999999474e-01 -7.902879999999999905e-01 -7.069999999999999462e-04
2.800000000000000000e+01 8.000000000000000000e+00 4.400000000000000000e+01 0.000000000000000000e+00 1.600000000000000089e+00 2.798999999999999839e-03 2.890999999999999907e-03 9.999919999999999920e-01 -7.899960000000000315e-01 -6.130989999999999496e-01 3.983999999999999694e-03 6.131050000000000111e-01 -7.900009999999999533e-01 5.680000000000000370e-04
2.000000000000000000e+00 2.900000000000000000e+01 4.400000000000000000e+01 0.000000000000000000e+00 1.600000000000000089e+00 -2.285000000000000139e-03 -1.137999999999999906e-03 -9.999970000000000248e-01 6.444309999999999761e-01 7.646589999999999776e-01 -2.341999999999999898e-03 7.646589999999999776e-01 -6.444349999999999801e-01 -1.013000000000000012e-03
5.000000000000000000e+00 2.900000000000000000e+01 4.400000000000000000e+01 0.000000000000000000e+00 1.600000000000000089e+00 -5.372000000000000039e-03 8.000000000000000654e-05 -9.999860000000000415e-01 6.371839999999999726e-01 7.707039999999999447e-01 -3.360999999999999838e-03 7.706929999999999614e-01 -6.371930000000000094e-01 -4.191000000000000281e-03
1.500000000000000000e+01 3.500000000000000000e+01 4.400000000000000000e+01 0.000000000000000000e+00 1.600000000000000089e+00 -2.907500000000000084e-01 -5.625160000000000160e-01 -7.739770000000000261e-01 -8.943699999999999983e-01 4.471930000000000072e-01 1.096300000000000052e-02 3.399499999999999744e-01 6.954099999999999726e-01 -6.331189999999999873e-01
1.000000000000000000e+00 6.000000000000000000e+00 5.100000000000000000e+01 0.000000000000000000e+00 1.600000000000000089e+00 6.433000000000000350e-03 8.536999999999999450e-03 -9.999430000000000263e-01 3.147760000000000002e-01 -9.491460000000000452e-01 -6.078000000000000069e-03 -9.491439999999999877e-01 -3.147190000000000265e-01 -8.793000000000000468e-03
2.400000000000000000e+01 3.700000000000000000e+01 5.100000000000000000e+01 0.000000000000000000e+00 1.600000000000000089e+00 -4.019059999999999855e-01 -3.835109999999999908e-01 8.314989999999999881e-01 9.003390000000000004e-01 -3.310390000000000277e-01 2.824949999999999961e-01 1.669190000000000118e-01 8.621680000000000454e-01 4.783359999999999834e-01
2.600000000000000000e+01 3.800000000000000000e+01 5.100000000000000000e+01 0.000000000000000000e+00 1.600000000000000089e+00 -3.769609999999999905e-01 -3.919250000000000234e-01 8.392230000000000523e-01 9.205489999999999506e-01 -2.587220000000000075e-01 2.926650000000000085e-01 1.024219999999999992e-01 8.828690000000000149e-01 4.583139999999999992e-01
4.000000000000000000e+00 7.000000000000000000e+00 5.200000000000000000e+01 0.000000000000000000e+00 1.600000000000000089e+00 5.969000000000000347e-03 -2.518999999999999972e-03 -9.999789999999999512e-01 9.415600000000000358e-02 -9.955530000000000213e-01 3.069999999999999812e-03 -9.955399999999999805e-01 -9.417200000000000570e-02 -5.706000000000000134e-03
6.000000000000000000e+00 6.300000000000000000e+01 5.400000000000000000e+01 0.000000000000000000e+00 1.600000000000000089e+00 -2.700000000000000035e-04 2.582000000000000094e-03 9.999970000000000248e-01 -3.472089999999999899e-01 9.377839999999999510e-01 -2.514999999999999875e-03 -9.377879999999999550e-01 -3.472080000000000166e-01 6.430000000000000169e-04
8.000000000000000000e+00 6.300000000000000000e+01 5.400000000000000000e+01 0.000000000000000000e+00 1.600000000000000089e+00 7.249999999999999500e-04 3.961000000000000111e-03 9.999919999999999920e-01 -3.493649999999999811e-01 9.369800000000000351e-01 -3.458000000000000136e-03 -9.369859999999999856e-01 -3.493600000000000039e-01 2.063000000000000164e-03
2.100000000000000000e+01 6.300000000000000000e+01 5.400000000000000000e+01 0.000000000000000000e+00 1.600000000000000089e+00 2.329999999999999986e-04 -2.680000000000000090e-03 9.999959999999999960e-01 -3.587270000000000181e-01 9.334390000000000187e-01 2.585000000000000058e-03 -9.334430000000000227e-01 -3.587259999999999893e-01 -7.439999999999999782e-04
2.700000000000000000e+01 6.300000000000000000e+01 5.400000000000000000e+01 0.000000000000000000e+00 1.600000000000000089e+00 1.770000000000000089e-03 5.680000000000000370e-04 9.999980000000000535e-01 -3.646460000000000257e-01 9.311460000000000292e-01 1.169999999999999979e-04 -9.311439999999999717e-01 -3.646460000000000257e-01 1.855000000000000095e-03
1.800000000000000000e+01 2.500000000000000000e+01 5.500000000000000000e+01 0.000000000000000000e+00 1.600000000000000089e+00 7.979999999999999897e-04 1.570999999999999914e-03 -9.999980000000000535e-01 -1.069100000000000085e-02 -9.999419999999999975e-01 -1.580000000000000024e-03 -9.999430000000000263e-01 1.069200000000000012e-02 -7.810000000000000102e-04
2.300000000000000000e+01 2.000000000000000000e+01 6.000000000000000000e+01 0.000000000000000000e+00 1.600000000000000089e+00 1.392999999999999924e-03 -2.154000000000000099e-03 9.999970000000000248e-01 -6.040899999999999742e-02 9.981710000000000305e-01 2.233999999999999875e-03 -9.981729999999999769e-01 -6.041200000000000042e-02 1.260000000000000052e-03
7.000000000000000000e+00 2.100000000000000000e+01 6.000000000000000000e+01 0.000000000000000000e+00 1.600000000000000089e+00 -8.469999999999999881e-04 5.634000000000000119e-03 9.999839999999999840e-01 -9.818699999999999650e-02 9.951520000000000366e-01 -5.689999999999999745e-03 -9.951680000000000526e-01 -9.818999999999999950e-02 -2.889999999999999774e-04
1.400000000000000000e+01 2.100000000000000000e+01 6.000000000000000000e+01 0.000000000000000000e+00 1.600000000000000089e+00 -5.789999999999999791e-04 -6.638999999999999936e-03 9.999780000000000335e-01 -9.601600000000000412e-02 9.953579999999999650e-01 6.552999999999999797e-03 -9.953800000000000425e-01 -9.600999999999999812e-02 -1.214000000000000018e-03
1.900000000000000000e+01 2.100000000000000000e+01 6.000000000000000000e+01 0.000000000000000000e+00 1.600000000000000089e+00 7.810000000000000102e-04 -6.605999999999999893e-03 9.999780000000000335e-01 -9.288499999999999535e-02 9.956549999999999567e-01 6.649999999999999661e-03 -9.956770000000000342e-01 -9.288799999999999835e-02 1.640000000000000019e-04
2.700000000000000000e+01 2.100000000000000000e+01 6.000000000000000000e+01 0.000000000000000000e+00 1.600000000000000089e+00 -2.000000000000000096e-04 -4.153999999999999707e-03 9.999909999999999632e-01 -9.714000000000000412e-02 9.952619999999999800e-01 4.114999999999999734e-03 -9.952710000000000168e-01 -9.713800000000000212e-02 -6.019999999999999961e-04
6.000000000000000000e+00 6.700000000000000000e+01 6.000000000000000000e+01 0.000000000000000000e+00 1.600000000000000089e+00 2.769999999999999893e-03 5.159999999999999656e-03 9.999829999999999552e-01 1.801879999999999871e-01 -9.836209999999999676e-01 4.577000000000000339e-03 9.836279999999999468e-01 1.801729999999999998e-01 -3.654000000000000130e-03
1.300000000000000000e+01 2.700000000000000000e+01 6.300000000000000000e+01 0.000000000000000000e+00 1.600000000000000089e+00 2.011000000000000201e-03 -6.819999999999999674e-03 9.999749999999999472e-01 -2.749199999999999977e-01 9.614409999999999901e-01 7.110000000000000001e-03 -9.614650000000000141e-01 -2.749280000000000057e-01 5.899999999999999754e-05
1.700000000000000000e+01 2.700000000000000000e+01 6.300000000000000000e+01 0.000000000000000000e+00 1.600000000000000089e+00 2.028999999999999988e-03 -1.397000000000000021e-03 9.999970000000000248e-01 -2.749110000000000165e-01 9.614679999999999893e-01 1.900999999999999912e-03 -9.614679999999999893e-01 -2.749139999999999917e-01 1.567000000000000033e-03
2.000000000000000000e+01 2.700000000000000000e+01 6.300000000000000000e+01 0.000000000000000000e+00 1.600000000000000089e+00 4.899999999999999842e-04 -7.145999999999999575e-03 9.999740000000000295e-01 -2.758959999999999746e-01 9.611619999999999608e-01 7.003999999999999809e-03 -9.611870000000000136e-01 -2.758920000000000261e-01 -1.500999999999999947e-03
2.500000000000000000e+01 2.700000000000000000e+01 6.300000000000000000e+01 0.000000000000000000e+00 1.600000000000000089e+00 -1.665000000000000030e-03 -8.446000000000000382e-03 9.999630000000000463e-01 -2.765969999999999818e-01 9.609550000000000036e-01 7.655999999999999611e-03 -9.609849999999999781e-01 -2.765739999999999865e-01 -3.936000000000000262e-03
4.000000000000000000e+00 2.600000000000000000e+01 6.400000000000000000e+01 0.000000000000000000e+00 1.600000000000000089e+00 -1.036000000000000029e-03 -2.519999999999999996e-04 9.999989999999999712e-01 -3.667219999999999924e-01 9.303299999999999903e-01 -1.459999999999999981e-04 -9.303299999999999903e-01 -3.667219999999999924e-01 -1.056000000000000081e-03
1.400000000000000000e+01 2.600000000000000000e+01 6.400000000000000000e+01 0.000000000000000000e+00 1.600000000000000089e+00 2.851999999999999934e-03 -4.468999999999999882e-03 9.999860000000000415e-01 -3.677349999999999786e-01 9.299159999999999648e-01 5.204000000000000292e-03 -9.299260000000000304e-01 -3.677449999999999886e-01 1.008999999999999914e-03
2.000000000000000000e+01 2.600000000000000000e+01 6.400000000000000000e+01 0.000000000000000000e+00 1.600000000000000089e+00 1.889999999999999970e-03 -7.346000000000000099e-03 9.999710000000000543e-01 -3.653310000000000168e-01 9.308469999999999800e-01 7.529000000000000102e-03 -9.308760000000000367e-01 -3.653339999999999921e-01 -9.240000000000000166e-04
2.500000000000000000e+01 2.600000000000000000e+01 6.400000000000000000e+01 0.000000000000000000e+00 1.600000000000000089e+00 -1.018000000000000025e-03 -9.962999999999999634e-03 9.999500000000000055e-01 -3.673040000000000194e-01 9.300580000000000513e-01 8.892999999999999863e-03 -9.301000000000000378e-01 -3.672770000000000201e-01 -4.606999999999999984e-03
2.800000000000000000e+01 3.100000000000000000e+01 7.100000000000000000e+01 0.000000000000000000e+00 1.600000000000000089e+00 -1.275399999999999971e-02 4.130000000000000099e-04 -9.999190000000000023e-01 -7.452569999999999473e-01 -6.667130000000000001e-01 9.230999999999999622e-03 -6.666549999999999976e-01 7.453140000000000320e-01 8.810999999999999388e-03
4.000000000000000000e+00 2.500000000000000000e+01 7.300000000000000000e+01 0.000000000000000000e+00 1.600000000000000089e+00 -4.344999999999999904e-03 -2.576000000000000165e-03 9.999869999999999592e-01 7.578540000000000276e-01 -6.524219999999999464e-01 1.611999999999999935e-03 6.524100000000000454e-01 7.578510000000000524e-01 4.786999999999999589e-03
1.200000000000000000e+01 2.500000000000000000e+01 7.300000000000000000e+01 0.000000000000000000e+00 1.600000000000000089e+00 1.899999999999999996e-03 3.200999999999999852e-03 9.999930000000000208e-01 7.598179999999999934e-01 -6.501360000000000472e-01 6.380000000000000037e-04 6.501329999999999609e-01 7.598110000000000142e-01 -3.667000000000000121e-03
1.500000000000000000e+01 2.500000000000000000e+01 7.300000000000000000e+01 0.000000000000000000e+00 1.600000000000000089e+00 2.701999999999999975e-03 -4.539999999999999765e-04 9.999959999999999960e-01 7.629489999999999883e-01 -6.464539999999999731e-01 -2.354999999999999889e-03 6.464530000000000554e-01 7.629529999999999923e-01 -1.399999999999999986e-03
2.100000000000000000e+01 2.500000000000000000e+01 7.300000000000000000e+01 0.000000000000000000e+00 1.600000000000000089e+00 -3.523000000000000090e-03 -1.354900000000000028e-02 9.999019999999999575e-01 7.526669999999999749e-01 -6.583719999999999573e-01 -6.269000000000000267e-03 6.583919999999999773e-01 7.525709999999999900e-01 1.251700000000000035e-02
2.900000000000000000e+01 2.500000000000000000e+01 7.300000000000000000e+01 0.000000000000000000e+00 1.600000000000000089e+00 -9.319999999999999942e-04 -2.746999999999999876e-03 9.999959999999999960e-01 7.496019999999999905e-01 -6.618880000000000319e-01 -1.119999999999999902e-03 6.618880000000000319e-01 7.495979999999999865e-01 2.675999999999999993e-03
2.000000000000000000e+00 4.400000000000000000e+01 7.300000000000000000e+01 0.000000000000000000e+00 1.600000000000000089e+00 2.321000000000000146e-03 5.651999999999999906e-03 9.999810000000000088e-01 5.665300000000000197e-02 -9.983790000000000164e-01 5.512000000000000406e-03 9.983910000000000284e-01 5.664000000000000284e-02 -2.637000000000000021e-03
5.000000000000000000e+00 4.400000000000000000e+01 7.300000000000000000e+01 0.000000000000000000e+00 1.600000000000000089e+00 1.747999999999999988e-03 2.667000000000000100e-03 9.999949999999999672e-01 5.715599999999999847e-02 -9.983619999999999717e-01 2.563000000000000174e-03 9.983640000000000292e-01 5.715100000000000041e-02 -1.897999999999999948e-03
1.500000000000000000e+01 4.400000000000000000e+01 7.300000000000000000e+01 0.000000000000000000e+00 1.600000000000000089e+00 -9.610000000000000486e-04 -2.909999999999999826e-03 9.999949999999999672e-01 5.377400000000000235e-02 -9.985490000000000199e-01 -2.854000000000000200e-03 9.985530000000000239e-01 5.377099999999999935e-02 1.116000000000000021e-03
2.200000000000000000e+01 4.400000000000000000e+01 7.300000000000000000e+01 0.000000000000000000e+00 1.600000000000000089e+00 3.480000000000000020e-04 8.959999999999999866e-04 1.000000000000000000e+00 5.484699999999999992e-02 -9.984939999999999927e-01 8.760000000000000425e-04 9.984950000000000214e-01 5.484699999999999992e-02 -3.970000000000000005e-04
1.000000000000000000e+00 9.900000000000000000e+01 7.500000000000000000e+01 0.000000000000000000e+00 1.600000000000000089e+00 9.749999999999999552e-04 2.229999999999999994e-04 -1.000000000000000000e+00 -8.871989999999999599e-01 4.613860000000000183e-01 -7.619999999999999820e-04 4.613860000000000183e-01 8.871989999999999599e-01 6.470000000000000057e-04
7.000000000000000000e+00 5.100000000000000000e+01 7.600000000000000000e+01 0.000000000000000000e+00 1.600000000000000089e+00 1.868000000000000086e-03 4.529000000000000040e-03 -9.999879999999999880e-01 -4.052379999999999871e-01 -9.141979999999999551e-01 -4.897999999999999576e-03 -9.142090000000000494e-01 4.052430000000000199e-01 1.279999999999999942e-04
1.600000000000000000e+01 5.100000000000000000e+01 7.600000000000000000e+01 0.000000000000000000e+00 1.600000000000000089e+00 1.075000000000000001e-03 -1.278999999999999972e-03 -9.999989999999999712e-01 -4.003950000000000009e-01 -9.163419999999999899e-01 7.420000000000000380e-04 -9.163419999999999899e-01 4.003929999999999989e-01 -1.497000000000000067e-03
5.000000000000000000e+00 9.100000000000000000e+01 7.600000000000000000e+01 0.000000000000000000e+00 1.600000000000000089e+00 2.110000000000000059e-04 3.089999999999999756e-04 1.000000000000000000e+00 2.882700000000000262e-01 -9.575489999999999835e-01 2.359999999999999902e-04 9.575489999999999835e-01 2.882700000000000262e-01 -2.910000000000000260e-04
1.100000000000000000e+01 9.100000000000000000e+01 7.600000000000000000e+01 0.000000000000000000e+00 1.600000000000000089e+00 6.279999999999999775e-04 7.230000000000000098e-04 1.000000000000000000e+00 2.752550000000000274e-01 -9.613709999999999756e-01 5.220000000000000031e-04 9.613709999999999756e-01 2.752539999999999987e-01 -8.030000000000000028e-04
1.600000000000000000e+01 9.100000000000000000e+01 7.600000000000000000e+01 0.000000000000000000e+00 1.600000000000000089e+00 -2.305000000000000191e-03 2.900000000000000017e-05 9.999970000000000248e-01 2.951329999999999787e-01 -9.554559999999999720e-01 7.079999999999999705e-04 9.554529999999999967e-01 2.951340000000000074e-01 2.194000000000000204e-03
2.100000000000000000e+01 9.100000000000000000e+01 7.600000000000000000e+01 0.000000000000000000e+00 1.600000000000000089e+00 2.860000000000000129e-04 -9.240000000000000166e-04 1.000000000000000000e+00 2.907719999999999749e-01 -9.567919999999999758e-01 -9.669999999999999776e-04 9.567919999999999758e-01 2.907719999999999749e-01 -5.000000000000000409e-06
2.600000000000000000e+01 9.100000000000000000e+01 7.600000000000000000e+01 0.000000000000000000e+00 1.600000000000000089e+00 -3.170000000000000075e-04 -4.257999999999999632e-03 9.999909999999999632e-01 2.842029999999999834e-01 -9.587560000000000526e-01 -3.991999999999999889e-03 9.587639999999999496e-01 2.841989999999999794e-01 1.513999999999999938e-03
