8.000000000000000000e+00 1.500000000000000000e+01 4.000000000000000000e+00 0.000000000000000000e+00 1.600000000000000089e+00 3.089999999999999865e-03 7.620000000000000037e-03 9.999660000000000215e-01 2.688559999999999839e-01 -9.631579999999999586e-01 6.509000000000000029e-03 9.631760000000000321e-01 2.688260000000000094e-01 -5.024999999999999953e-03
1.200000000000000000e+01 1.500000000000000000e+01 4.000000000000000000e+00 0.000000000000000000e+00 1.600000000000000089e+00 -1.717999999999999909e-03 6.641000000000000202e-03 9.999759999999999760e-01 2.723369999999999957e-01 -9.621769999999999490e-01 6.858000000000000380e-03 9.622000000000000552e-01 2.723430000000000017e-01 -1.559999999999999972e-04
6.000000000000000000e+00 1.600000000000000000e+01 4.000000000000000000e+00 0.000000000000000000e+00 1.600000000000000089e+00 3.102999999999999856e-03 1.540000000000000028e-04 9.999949999999999672e-01 3.307320000000000260e-01 -9.437240000000000073e-01 -8.809999999999999472e-04 9.437200000000000033e-01 3.307329999999999992e-01 -2.980000000000000010e-03
2.300000000000000000e+01 1.600000000000000000e+01 4.000000000000000000e+00 0.000000000000000000e+00 1.600000000000000089e+00 7.321000000000000250e-03 -1.185100000000000042e-02 9.999029999999999863e-01 3.410020000000000273e-01 -9.399640000000000217e-01 -1.363800000000000082e-02 9.400340000000000362e-01 3.410690000000000111e-01 -2.840000000000000076e-03
2.000000000000000000e+00 1.010000000000000000e+02 7.000000000000000000e+00 0.000000000000000000e+00 1.600000000000000089e+00 1.817999999999999955e-03 -4.054000000000000312e-03 9.999900000000000455e-01 8.849449999999999816e-01 4.656950000000000256e-01 2.790000000000000054e-04 -4.656919999999999948e-01 8.849359999999999449e-01 4.433999999999999574e-03
5.000000000000000000e+00 1.010000000000000000e+02 7.000000000000000000e+00 0.000000000000000000e+00 1.600000000000000089e+00 1.178000000000000011e-03 1.773000000000000053e-03 9.999980000000000535e-01 8.841989999999999572e-01 4.671060000000000212e-01 -1.869999999999999917e-03 -4.671080000000000232e-01 8.841999999999999860e-01 -1.018000000000000025e-03
2.100000000000000000e+01 1.010000000000000000e+02 7.000000000000000000e+00 0.000000000000000000e+00 1.600000000000000089e+00 9.250000000000000409e-04 -1.286000000000000034e-03 9.999989999999999712e-01 8.838780000000000525e-01 4.677180000000000226e-01 -2.159999999999999919e-04 -4.677180000000000226e-01 8.838770000000000238e-01 1.569000000000000082e-03
4.000000000000000000e+00 1.500000000000000000e+01 8.000000000000000000e+00 0.000000000000000000e+00 1.600000000000000089e+00 -2.106999999999999932e-03 -2.199000000000000000e-03 -9.999949999999999672e-01 -5.791570000000000329e-01 -8.152099999999999902e-01 3.013000000000000053e-03 -8.152129999999999654e-01 5.791610000000000369e-01 4.449999999999999746e-04
8.000000000000000000e+00 1.500000000000000000e+01 8.000000000000000000e+00 0.000000000000000000e+00 1.600000000000000089e+00 -3.579999999999999741e-04 6.969000000000000368e-03 -9.999759999999999760e-01 -5.799490000000000478e-01 -8.146339999999999693e-01 -5.470000000000000036e-03 -8.146529999999999605e-01 5.799330000000000318e-01 4.334000000000000179e-03
1.100000000000000000e+01 1.500000000000000000e+01 8.000000000000000000e+00 0.000000000000000000e+00 1.600000000000000089e+00 1.494000000000000102e-03 6.056999999999999884e-03 -9.999810000000000088e-01 -5.793509999999999494e-01 -8.150570000000000315e-01 -5.801999999999999866e-03 -8.150770000000000515e-01 5.793490000000000029e-01 2.291000000000000068e-03
1.500000000000000000e+01 1.500000000000000000e+01 8.000000000000000000e+00 0.000000000000000000e+00 1.600000000000000089e+00 9.740000000000000394e-04 -4.961000000000000132e-03 -9.999869999999999592e-01 -5.776780000000000248e-01 -8.162570000000000103e-01 3.487000000000000082e-03 -8.162639999999999896e-01 5.776679999999999593e-01 -3.661000000000000192e-03
1.800000000000000000e+01 1.500000000000000000e+01 8.000000000000000000e+00 0.000000000000000000e+00 1.600000000000000089e+00 -2.981000000000000143e-03 -9.983999999999999819e-03 -9.999460000000000015e-01 -5.779680000000000373e-01 -8.159999999999999476e-01 9.870999999999999566e-03 -8.160539999999999461e-01 5.779659999999999798e-01 -3.337999999999999821e-03
2.300000000000000000e+01 1.500000000000000000e+01 8.000000000000000000e+00 0.000000000000000000e+00 1.600000000000000089e+00 -8.215000000000000080e-03 -1.328700000000000020e-02 -9.998780000000000445e-01 -5.828109999999999680e-01 -8.124580000000000135e-01 1.558499999999999990e-02 -8.125660000000000105e-01 5.828680000000000527e-01 -1.069000000000000072e-03
2.900000000000000000e+01 1.500000000000000000e+01 8.000000000000000000e+00 0.000000000000000000e+00 1.600000000000000089e+00 -3.301000000000000115e-03 -2.634000000000000057e-03 -9.999909999999999632e-01 -5.855230000000000157e-01 -8.106459999999999777e-01 4.067999999999999568e-03 -8.106489999999999529e-01 5.855310000000000237e-01 1.134000000000000025e-03
1.000000000000000000e+00 2.600000000000000000e+01 8.000000000000000000e+00 0.000000000000000000e+00 1.600000000000000089e+00 4.479999999999999608e-03 1.150799999999999913e-02 -9.999240000000000350e-01 4.102759999999999740e-01 9.118779999999999664e-01 1.233300000000000021e-02 9.119509999999999561e-01 -4.102999999999999980e-01 -6.359999999999999551e-04
7.000000000000000000e+00 2.600000000000000000e+01 8.000000000000000000e+00 0.000000000000000000e+00 1.600000000000000089e+00 6.750000000000000357e-04 -1.531999999999999942e-03 -9.999989999999999712e-01 4.094389999999999974e-01 9.123369999999999536e-01 -1.121000000000000035e-03 9.123369999999999536e-01 -4.094369999999999954e-01 1.242999999999999964e-03
1.500000000000000000e+01 2.600000000000000000e+01 8.000000000000000000e+00 0.000000000000000000e+00 1.600000000000000089e+00 5.180000000000000143e-04 6.310000000000000504e-04 -1.000000000000000000e+00 4.106110000000000038e-01 9.118100000000000094e-01 7.879999999999999635e-04 9.118100000000000094e-01 -4.106119999999999770e-01 2.139999999999999975e-04
2.200000000000000000e+01 2.600000000000000000e+01 8.000000000000000000e+00 0.000000000000000000e+00 1.600000000000000089e+00 5.845999999999999634e-03 1.150400000000000034e-02 -9.999169999999999447e-01 4.085449999999999915e-01 9.126469999999999860e-01 1.288800000000000015e-02 9.127189999999999470e-01 -4.085860000000000047e-01 6.350000000000000392e-04
2.700000000000000000e+01 2.600000000000000000e+01 8.000000000000000000e+00 0.000000000000000000e+00 1.600000000000000089e+00 3.824999999999999841e-03 6.986000000000000022e-03 -9.999679999999999680e-01 4.068109999999999782e-01 9.134780000000000122e-01 7.936999999999999611e-03 9.135039999999999827e-01 -4.068289999999999962e-01 6.520000000000000188e-04
4.000000000000000000e+00 2.400000000000000000e+01 9.000000000000000000e+00 0.000000000000000000e+00 1.600000000000000089e+00 4.023999999999999799e-03 1.183099999999999950e-02 -9.999219999999999775e-01 4.631810000000000094e-01 8.861780000000000213e-01 1.234999999999999987e-02 8.862539999999999862e-01 -4.631950000000000234e-01 -1.913999999999999903e-03
1.200000000000000000e+01 2.400000000000000000e+01 9.000000000000000000e+00 0.000000000000000000e+00 1.600000000000000089e+00 -5.150000000000000498e-04 -3.681999999999999943e-03 -9.999930000000000208e-01 4.623920000000000252e-01 8.866690000000000405e-01 -3.503000000000000037e-03 8.866749999999999909e-01 -4.623909999999999965e-01 1.245999999999999929e-03
1.500000000000000000e+01 2.400000000000000000e+01 9.000000000000000000e+00 0.000000000000000000e+00 1.600000000000000089e+00 5.140000000000000254e-04 2.003000000000000006e-03 -9.999980000000000535e-01 4.626720000000000277e-01 8.865269999999999539e-01 2.013000000000000032e-03 8.865290000000000115e-01 -4.626720000000000277e-01 -4.710000000000000102e-04
2.100000000000000000e+01 2.400000000000000000e+01 9.000000000000000000e+00 0.000000000000000000e+00 1.600000000000000089e+00 5.692000000000000011e-03 9.405000000000000165e-03 -9.999400000000000510e-01 4.599739999999999940e-01 8.878639999999999866e-01 1.097000000000000058e-02 8.879139999999999810e-01 -4.600090000000000012e-01 7.280000000000000230e-04
1.500000000000000000e+01 1.040000000000000000e+02 1.100000000000000000e+01 0.000000000000000000e+00 1.600000000000000089e+00 2.719999999999999979e-04 -3.995000000000000287e-03 9.999919999999999920e-01 -9.725530000000000008e-01 -2.326799999999999979e-01 -6.650000000000000095e-04 2.326809999999999989e-01 -9.725449999999999928e-01 -3.949000000000000253e-03
2.300000000000000000e+01 1.040000000000000000e+02 1.100000000000000000e+01 0.000000000000000000e+00 1.600000000000000089e+00 -2.186000000000000009e-03 4.498000000000000262e-03 9.999879999999999880e-01 -9.737930000000000197e-01 -2.274339999999999973e-01 -1.105999999999999995e-03 2.274259999999999893e-01 -9.737829999999999542e-01 4.877000000000000259e-03
2.000000000000000000e+00 3.100000000000000000e+01 1.200000000000000000e+01 0.000000000000000000e+00 1.600000000000000089e+00 -1.005999999999999950e-03 5.017999999999999891e-03 9.999869999999999592e-01 -8.972000000000000808e-03 9.999470000000000303e-01 -5.027000000000000218e-03 -9.999590000000000423e-01 -8.977000000000000604e-03 -9.610000000000000486e-04
8.000000000000000000e+00 3.100000000000000000e+01 1.200000000000000000e+01 0.000000000000000000e+00 1.600000000000000089e+00 -2.979999999999999793e-04 8.019999999999999785e-04 1.000000000000000000e+00 -5.666000000000000029e-03 9.999839999999999840e-01 -8.040000000000000271e-04 -9.999839999999999840e-01 -5.667000000000000162e-03 -2.939999999999999905e-04
1.200000000000000000e+01 3.100000000000000000e+01 1.200000000000000000e+01 0.000000000000000000e+00 1.600000000000000089e+00 1.910000000000000077e-04 2.657000000000000074e-03 9.999959999999999960e-01 -9.089999999999999773e-04 9.999959999999999960e-01 -2.657000000000000074e-03 -1.000000000000000000e+00 -9.079999999999999530e-04 1.939999999999999993e-04
1.900000000000000000e+01 3.100000000000000000e+01 1.200000000000000000e+01 0.000000000000000000e+00 1.600000000000000089e+00 -8.300000000000000086e-04 5.021000000000000289e-03 9.999869999999999592e-01 4.572999999999999808e-03 9.999770000000000048e-01 -5.017999999999999891e-03 -9.999890000000000168e-01 4.569000000000000145e-03 -8.530000000000000256e-04
2.600000000000000000e+01 3.100000000000000000e+01 1.200000000000000000e+01 0.000000000000000000e+00 1.600000000000000089e+00 3.789999999999999966e-04 -1.699999999999999987e-05 1.000000000000000000e+00 6.688000000000000368e-03 9.999780000000000335e-01 1.399999999999999979e-05 -9.999780000000000335e-01 6.688000000000000368e-03 3.789999999999999966e-04
2.000000000000000000e+00 1.200000000000000000e+01 1.500000000000000000e+01 0.000000000000000000e+00 1.600000000000000089e+00 -4.310000000000000137e-04 -3.340000000000000087e-03 -9.999940000000000495e-01 -4.722740000000000271e-01 -8.814459999999999518e-01 3.148000000000000190e-03 -8.814520000000000133e-01 4.722720000000000251e-01 -1.196999999999999930e-03
7.000000000000000000e+00 1.200000000000000000e+01 1.500000000000000000e+01 0.000000000000000000e+00 1.600000000000000089e+00 -7.780000000000000457e-04 3.122999999999999908e-03 -9.999949999999999672e-01 -4.744510000000000116e-01 -8.802790000000000337e-01 -2.380000000000000171e-03 -8.802820000000000089e-01 4.744470000000000076e-01 2.167000000000000089e-03
1.300000000000000000e+01 1.200000000000000000e+01 1.500000000000000000e+01 0.000000000000000000e+00 1.600000000000000089e+00 1.289999999999999914e-03 4.091000000000000018e-03 -9.999909999999999632e-01 -4.739229999999999832e-01 -8.805560000000000054e-01 -4.212999999999999731e-03 -8.805650000000000421e-01 4.739240000000000119e-01 8.019999999999999785e-04
1.800000000000000000e+01 1.200000000000000000e+01 1.500000000000000000e+01 0.000000000000000000e+00 1.600000000000000089e+00 -2.227999999999999946e-03 -3.246000000000000187e-03 -9.999919999999999920e-01 -4.713430000000000120e-01 -8.819409999999999750e-01 3.912999999999999812e-03 -8.819470000000000365e-01 4.713479999999999892e-01 4.350000000000000026e-04
2.200000000000000000e+01 1.200000000000000000e+01 1.500000000000000000e+01 0.000000000000000000e+00 1.600000000000000089e+00 -5.890000000000000270e-03 -3.020000000000000115e-03 -9.999780000000000335e-01 -4.691270000000000162e-01 -8.831139999999999546e-01 5.429999999999999931e-03 -8.831109999999999793e-01 4.691489999999999827e-01 3.785000000000000170e-03
2.900000000000000000e+01 1.200000000000000000e+01 1.500000000000000000e+01 0.000000000000000000e+00 1.600000000000000089e+00 -2.335999999999999969e-03 -1.310900000000000086e-02 -9.999109999999999943e-01 -4.687089999999999868e-01 -8.832619999999999916e-01 1.267500000000000050e-02 -8.833490000000000508e-01 4.686969999999999748e-01 -4.081000000000000426e-03
1.000000000000000000e+00 2.000000000000000000e+00 1.900000000000000000e+01 0.000000000000000000e+00 1.600000000000000089e+00 1.778999999999999982e-03 8.911000000000000518e-03 -9.999590000000000423e-01 1.665099999999999913e-01 -9.860029999999999628e-01 -8.489999999999999283e-03 -9.860379999999999701e-01 -1.664879999999999971e-01 -3.237999999999999993e-03
6.000000000000000000e+00 2.000000000000000000e+00 1.900000000000000000e+01 0.000000000000000000e+00 1.600000000000000089e+00 -6.269999999999999532e-04 9.816000000000000072e-03 -9.999519999999999520e-01 1.659319999999999962e-01 -9.860889999999999933e-01 -9.783999999999999295e-03 -9.861370000000000413e-01 -1.659299999999999942e-01 -1.010999999999999963e-03
1.000000000000000000e+01 2.000000000000000000e+00 1.900000000000000000e+01 0.000000000000000000e+00 1.600000000000000089e+00 1.373000000000000088e-03 4.936000000000000283e-03 -9.999869999999999592e-01 1.657480000000000064e-01 -9.861569999999999503e-01 -4.641000000000000160e-03 -9.861670000000000158e-01 -1.657399999999999984e-01 -2.171999999999999886e-03
1.300000000000000000e+01 2.000000000000000000e+00 1.900000000000000000e+01 0.000000000000000000e+00 1.600000000000000089e+00 2.575000000000000032e-03 -7.039999999999999817e-04 -9.999959999999999960e-01 1.648439999999999905e-01 -9.863189999999999458e-01 1.118999999999999986e-03 -9.863159999999999705e-01 -1.648459999999999925e-01 -2.423999999999999939e-03
1.500000000000000000e+01 2.000000000000000000e+00 1.900000000000000000e+01 0.000000000000000000e+00 1.600000000000000089e+00 1.195000000000000099e-03 -1.041999999999999958e-03 -9.999989999999999712e-01 1.652470000000000050e-01 -9.862509999999999888e-01 1.224999999999999960e-03 -9.862509999999999888e-01 -1.652490000000000070e-01 -1.005999999999999950e-03
1.900000000000000000e+01 2.000000000000000000e+00 1.900000000000000000e+01 0.000000000000000000e+00 1.600000000000000089e+00 -1.863999999999999988e-03 -3.559000000000000098e-03 -9.999919999999999920e-01 1.695160000000000000e-01 -9.855220000000000091e-01 3.191999999999999959e-03 -9.855260000000000131e-01 -1.695089999999999930e-01 2.439999999999999895e-03
3.000000000000000000e+01 2.000000000000000000e+00 1.900000000000000000e+01 0.000000000000000000e+00 1.600000000000000089e+00 -7.209999999999999612e-04 9.407000000000000431e-03 -9.999559999999999560e-01 1.838500000000000134e-01 -9.829099999999999504e-01 -9.379000000000000184e-03 -9.829539999999999944e-01 -1.838480000000000114e-01 -1.020999999999999989e-03
9.000000000000000000e+00 4.000000000000000000e+00 2.000000000000000000e+01 0.000000000000000000e+00 1.600000000000000089e+00 1.849999999999999973e-04 5.651999999999999906e-03 -9.999839999999999840e-01 2.552780000000000049e-01 -9.668520000000000447e-01 -5.416999999999999940e-03 -9.668679999999999497e-01 -2.552730000000000277e-01 -1.621999999999999961e-03
1.400000000000000000e+01 4.000000000000000000e+00 2.000000000000000000e+01 0.000000000000000000e+00 1.600000000000000089e+00 2.625000000000000163e-03 1.887999999999999921e-03 -9.999949999999999672e-01 2.567590000000000150e-01 -9.664749999999999730e-01 -1.149999999999999981e-03 -9.664719999999999978e-01 -2.567550000000000110e-01 -3.021999999999999947e-03
2.100000000000000000e+01 4.000000000000000000e+00 2.000000000000000000e+01 0.000000000000000000e+00 1.600000000000000089e+00 1.126999999999999964e-03 -9.272999999999999993e-03 -9.999559999999999560e-01 2.678579999999999850e-01 -9.634139999999999926e-01 9.235999999999999419e-03 -9.634580000000000366e-01 -2.678570000000000118e-01 1.397999999999999937e-03
2.800000000000000000e+01 4.000000000000000000e+00 2.000000000000000000e+01 0.000000000000000000e+00 1.600000000000000089e+00 1.229000000000000058e-03 4.592999999999999861e-03 -9.999890000000000168e-01 2.718800000000000106e-01 -9.623230000000000395e-01 -4.085000000000000089e-03 -9.623300000000000187e-01 -2.718720000000000026e-01 -2.432000000000000134e-03
4.000000000000000000e+00 1.300000000000000000e+01 2.000000000000000000e+01 0.000000000000000000e+00 1.600000000000000089e+00 -1.075000000000000001e-03 -1.441999999999999922e-03 9.999980000000000535e-01 2.567200000000000037e-01 9.664840000000000098e-01 1.670000000000000043e-03 -9.664850000000000385e-01 2.567209999999999770e-01 -6.679999999999999740e-04
1.200000000000000000e+01 1.300000000000000000e+01 2.000000000000000000e+01 0.000000000000000000e+00 1.600000000000000089e+00 3.020000000000000223e-04 7.630000000000000063e-04 1.000000000000000000e+00 2.559339999999999948e-01 9.666940000000000532e-01 -8.149999999999999693e-04 -9.666940000000000532e-01 2.559339999999999948e-01 9.600000000000000243e-05
2.000000000000000000e+01 1.300000000000000000e+01 2.000000000000000000e+01 0.000000000000000000e+00 1.600000000000000089e+00 -1.010000000000000020e-04 8.307999999999999413e-03 9.999649999999999928e-01 2.590290000000000092e-01 9.658360000000000278e-01 -7.997999999999999901e-03 -9.658689999999999776e-01 2.590199999999999725e-01 -2.249999999999999830e-03
2.600000000000000000e+01 1.300000000000000000e+01 2.000000000000000000e+01 0.000000000000000000e+00 1.600000000000000089e+00 -1.430000000000000064e-04 3.605000000000000131e-03 9.999940000000000495e-01 2.594750000000000112e-01 9.657440000000000468e-01 -3.444000000000000013e-03 -9.657499999999999973e-01 2.594719999999999804e-01 -1.072999999999999952e-03
2.900000000000000000e+01 1.300000000000000000e+01 2.000000000000000000e+01 0.000000000000000000e+00 1.600000000000000089e+00 4.670000000000000214e-04 -4.487999999999999802e-03 9.999900000000000455e-01 2.591809999999999947e-01 9.658200000000000118e-01 4.212999999999999731e-03 -9.658290000000000486e-01 2.591760000000000175e-01 1.613999999999999983e-03
6.000000000000000000e+00 1.600000000000000000e+01 2.100000000000000000e+01 0.000000000000000000e+00 1.600000000000000089e+00 -1.876000000000000063e-03 -7.870000000000000476e-04 9.999980000000000535e-01 2.995360000000000245e-01 9.540840000000000432e-01 1.312999999999999931e-03 -9.540830000000000144e-01 2.995380000000000265e-01 -1.554000000000000043e-03
1.200000000000000000e+01 1.600000000000000000e+01 2.100000000000000000e+01 0.000000000000000000e+00 1.600000000000000089e+00 -1.150000000000000035e-04 2.338999999999999933e-03 9.999970000000000248e-01 2.976170000000000204e-01 9.546829999999999483e-01 -2.199000000000000000e-03 -9.546850000000000058e-01 2.976159999999999917e-01 -8.059999999999999673e-04
2.100000000000000000e+01 1.600000000000000000e+01 2.100000000000000000e+01 0.000000000000000000e+00 1.600000000000000089e+00 4.009999999999999893e-04 9.403999999999999165e-03 9.999559999999999560e-01 2.982739999999999836e-01 9.544369999999999798e-01 -9.095999999999999919e-03 -9.544799999999999951e-01 2.982650000000000023e-01 -2.422999999999999807e-03
2.600000000000000000e+01 1.600000000000000000e+01 2.100000000000000000e+01 0.000000000000000000e+00 1.600000000000000089e+00 1.890000000000000133e-04 4.810000000000000039e-03 9.999879999999999880e-01 2.987449999999999828e-01 9.543220000000000036e-01 -4.647000000000000089e-03 -9.543329999999999869e-01 2.987429999999999808e-01 -1.257000000000000088e-03
2.400000000000000000e+01 4.600000000000000000e+01 2.700000000000000000e+01 0.000000000000000000e+00 1.600000000000000089e+00 3.902000000000000086e-03 1.820000000000000003e-03 -9.999909999999999632e-01 6.768129999999999979e-01 7.361440000000000206e-01 3.981000000000000164e-03 7.361450000000000493e-01 -6.768220000000000347e-01 1.641000000000000097e-03
4.000000000000000000e+00 5.800000000000000000e+01 3.100000000000000000e+01 0.000000000000000000e+00 1.600000000000000089e+00 -3.566000000000000159e-03 -5.198000000000000363e-03 9.999799999999999800e-01 -7.858049999999999757e-01 -6.184460000000000512e-01 -6.016999999999999779e-03 6.184650000000000425e-01 -7.858100000000000085e-01 -1.879000000000000028e-03
1.000000000000000000e+01 5.800000000000000000e+01 3.100000000000000000e+01 0.000000000000000000e+00 1.600000000000000089e+00 -2.358999999999999986e-03 2.220000000000000022e-04 9.999970000000000248e-01 -7.919340000000000268e-01 -6.106040000000000356e-01 -1.732999999999999948e-03 6.106019999999999781e-01 -7.919359999999999733e-01 1.616000000000000032e-03
1.400000000000000000e+01 5.800000000000000000e+01 3.100000000000000000e+01 0.000000000000000000e+00 1.600000000000000089e+00 2.079999999999999872e-04 -2.177000000000000116e-03 9.999980000000000535e-01 -7.926729999999999610e-01 -6.096460000000000212e-01 -1.162000000000000055e-03 6.096470000000000500e-01 -7.926710000000000145e-01 -1.851999999999999914e-03
1.800000000000000000e+01 5.800000000000000000e+01 3.100000000000000000e+01 0.000000000000000000e+00 1.600000000000000089e+00 -6.170000000000000354e-04 2.137000000000000011e-03 9.999970000000000248e-01 -7.961650000000000116e-01 -6.050790000000000335e-01 8.009999999999999542e-04 6.050790000000000335e-01 -7.961629999999999541e-01 2.075000000000000022e-03
2.200000000000000000e+01 5.800000000000000000e+01 3.100000000000000000e+01 0.000000000000000000e+00 1.600000000000000089e+00 -5.199999999999999680e-05 1.062999999999999926e-03 9.999989999999999712e-01 -7.988929999999999643e-01 -6.014730000000000354e-01 5.980000000000000072e-04 6.014730000000000354e-01 -7.988920000000000465e-01 8.800000000000000313e-04
3.000000000000000000e+01 5.800000000000000000e+01 3.100000000000000000e+01 0.000000000000000000e+00 1.600000000000000089e+00 -1.776999999999999934e-03 -2.631000000000000092e-03 9.999949999999999672e-01 -8.007940000000000058e-01 -5.989320000000000199e-01 -2.998999999999999930e-03 5.989370000000000527e-01 -8.007950000000000346e-01 -1.041999999999999958e-03
1.600000000000000000e+01 6.000000000000000000e+00 3.200000000000000000e+01 0.000000000000000000e+00 1.600000000000000089e+00 1.722000000000000006e-03 5.634000000000000119e-03 -9.999829999999999552e-01 1.816309999999999869e-01 9.833490000000000286e-01 5.852999999999999696e-03 9.833650000000000446e-01 -1.816379999999999939e-01 6.700000000000000226e-04
2.100000000000000000e+01 6.000000000000000000e+00 3.200000000000000000e+01 0.000000000000000000e+00 1.600000000000000089e+00 1.186999999999999904e-03 -1.255000000000000039e-03 -9.999989999999999712e-01 1.723870000000000124e-01 9.850290000000000434e-01 -1.031000000000000015e-03 9.850290000000000434e-01 -1.723860000000000114e-01 1.386000000000000079e-03
9.000000000000000000e+00 2.200000000000000000e+01 3.400000000000000000e+01 0.000000000000000000e+00 1.600000000000000089e+00 1.093000000000000005e-03 1.866999999999999953e-03 9.999980000000000535e-01 3.794699999999999740e-01 -9.252029999999999976e-01 1.312999999999999931e-03 9.252040000000000264e-01 3.794669999999999987e-01 -1.719999999999999958e-03
9.000000000000000000e+00 4.300000000000000000e+01 3.400000000000000000e+01 0.000000000000000000e+00 1.600000000000000089e+00 1.175999999999999962e-03 -3.082000000000000104e-03 -9.999949999999999672e-01 -3.319520000000000248e-01 9.432909999999999906e-01 -3.298000000000000150e-03 9.432960000000000234e-01 3.319540000000000268e-01 8.600000000000000331e-05
5.000000000000000000e+00 4.600000000000000000e+01 3.500000000000000000e+01 0.000000000000000000e+00 1.600000000000000089e+00 3.770000000000000022e-04 1.557000000000000007e-03 -9.999989999999999712e-01 3.871919999999999806e-01 -9.219979999999999842e-01 -1.289999999999999914e-03 -9.219990000000000130e-01 -3.871910000000000074e-01 -9.510000000000000224e-04
1.100000000000000000e+01 4.600000000000000000e+01 3.500000000000000000e+01 0.000000000000000000e+00 1.600000000000000089e+00 -1.208000000000000089e-03 -1.649999999999999991e-04 -9.999989999999999712e-01 3.889380000000000059e-01 -9.212639999999999718e-01 -3.179999999999999776e-04 -9.212630000000000541e-01 -3.889380000000000059e-01 1.178000000000000011e-03
1.500000000000000000e+01 4.600000000000000000e+01 3.500000000000000000e+01 0.000000000000000000e+00 1.600000000000000089e+00 1.139000000000000038e-03 -3.399000000000000112e-03 -9.999940000000000495e-01 3.883610000000000118e-01 -9.214999999999999858e-01 3.575000000000000053e-03 -9.215069999999999650e-01 -3.883619999999999850e-01 2.709999999999999735e-04
1.900000000000000000e+01 4.600000000000000000e+01 3.500000000000000000e+01 0.000000000000000000e+00 1.600000000000000089e+00 -3.040000000000000167e-04 -1.529999999999999893e-03 -9.999989999999999712e-01 3.880830000000000113e-01 -9.216239999999999988e-01 1.293000000000000095e-03 -9.216239999999999988e-01 -3.880819999999999825e-01 8.739999999999999939e-04
2.200000000000000000e+01 4.600000000000000000e+01 3.500000000000000000e+01 0.000000000000000000e+00 1.600000000000000089e+00 -7.699999999999999597e-04 -3.422000000000000128e-03 -9.999940000000000495e-01 3.881009999999999738e-01 -9.216130000000000155e-01 2.854999999999999899e-03 -9.216170000000000195e-01 -3.880959999999999965e-01 2.037999999999999881e-03
2.700000000000000000e+01 4.600000000000000000e+01 3.500000000000000000e+01 0.000000000000000000e+00 1.600000000000000089e+00 3.780000000000000265e-04 -6.830000000000000134e-04 -1.000000000000000000e+00 3.854830000000000201e-01 -9.227149999999999519e-01 7.759999999999999971e-04 -9.227149999999999519e-01 -3.854830000000000201e-01 -8.600000000000000331e-05
3.000000000000000000e+00 9.500000000000000000e+01 3.600000000000000000e+01 0.000000000000000000e+00 1.600000000000000089e+00 -2.455999999999999850e-03 1.361999999999999929e-03 9.999959999999999960e-01 9.964849999999999541e-01 8.374099999999999600e-02 2.333000000000000004e-03 -8.373700000000000587e-02 9.964870000000000116e-01 -1.562999999999999936e-03
7.000000000000000000e+00 9.500000000000000000e+01 3.600000000000000000e+01 0.000000000000000000e+00 1.600000000000000089e+00 -8.809000000000000857e-03 -1.737899999999999862e-02 9.998099999999999765e-01 9.967200000000000504e-01 8.028000000000000413e-02 1.017700000000000028e-02 -8.044199999999999962e-02 9.966209999999999791e-01 1.661500000000000130e-02
1.600000000000000000e+01 9.500000000000000000e+01 3.600000000000000000e+01 0.000000000000000000e+00 1.600000000000000089e+00 4.375999999999999682e-03 -1.428100000000000029e-02 9.998879999999999990e-01 9.967719999999999914e-01 8.022200000000000164e-02 -3.216000000000000109e-03 -8.016700000000000215e-02 9.966749999999999776e-01 1.458600000000000001e-02
2.400000000000000000e+01 9.500000000000000000e+01 3.600000000000000000e+01 0.000000000000000000e+00 1.600000000000000089e+00 2.219000000000000052e-03 -5.205999999999999690e-03 9.999839999999999840e-01 9.965739999999999599e-01 8.269200000000000161e-02 -1.781000000000000031e-03 -8.268200000000000549e-02 9.965619999999999479e-01 5.372000000000000039e-03
3.000000000000000000e+00 2.900000000000000000e+01 4.400000000000000000e+01 0.000000000000000000e+00 1.600000000000000089e+00 -2.200999999999999832e-03 -7.489999999999999913e-04 -9.999970000000000248e-01 6.804200000000000248e-01 7.328189999999999982e-01 -2.047000000000000208e-03 7.328189999999999982e-01 -6.804230000000000000e-01 -1.103000000000000031e-03
7.000000000000000000e+00 2.900000000000000000e+01 4.400000000000000000e+01 0.000000000000000000e+00 1.600000000000000089e+00 -6.520000000000000188e-04 2.435999999999999797e-03 -9.999970000000000248e-01 6.791890000000000427e-01 7.339620000000000033e-01 1.345000000000000058e-03 7.339630000000000321e-01 -6.791859999999999564e-01 -2.132999999999999913e-03
1.100000000000000000e+01 2.900000000000000000e+01 4.400000000000000000e+01 0.000000000000000000e+00 1.600000000000000089e+00 1.245000000000000013e-03 2.893999999999999871e-03 -9.999949999999999672e-01 6.739929999999999533e-01 7.387320000000000553e-01 2.978000000000000178e-03 7.387369999999999770e-01 -6.739939999999999820e-01 -1.031000000000000015e-03
1.500000000000000000e+01 2.900000000000000000e+01 4.400000000000000000e+01 0.000000000000000000e+00 1.600000000000000089e+00 -8.639999999999999677e-04 9.590000000000000000e-04 -9.999989999999999712e-01 6.757849999999999691e-01 7.370980000000000310e-01 1.230000000000000082e-04 7.370980000000000310e-01 -6.757849999999999691e-01 -1.283999999999999985e-03
1.800000000000000000e+01 2.900000000000000000e+01 4.400000000000000000e+01 0.000000000000000000e+00 1.600000000000000089e+00 -1.691000000000000012e-03 7.230000000000000098e-04 -9.999980000000000535e-01 6.840720000000000134e-01 7.294140000000000068e-01 -6.290000000000000018e-04 7.294119999999999493e-01 -6.840720000000000134e-01 -1.727999999999999935e-03
2.200000000000000000e+01 2.900000000000000000e+01 4.400000000000000000e+01 0.000000000000000000e+00 1.600000000000000089e+00 -5.800000000000000034e-05 -4.185000000000000352e-03 -9.999909999999999632e-01 6.882200000000000539e-01 7.254950000000000010e-01 -3.076000000000000175e-03 7.255019999999999802e-01 -6.882139999999999924e-01 2.837999999999999811e-03
2.800000000000000000e+01 2.900000000000000000e+01 4.400000000000000000e+01 0.000000000000000000e+00 1.600000000000000089e+00 8.170000000000000179e-04 -7.846000000000000543e-03 -9.999689999999999968e-01 6.807299999999999462e-01 7.325159999999999449e-01 -5.191000000000000301e-03 7.325340000000000185e-01 -6.807050000000000045e-01 5.939999999999999968e-03
1.800000000000000000e+01 6.500000000000000000e+01 4.600000000000000000e+01 0.000000000000000000e+00 1.600000000000000089e+00 2.259999999999999910e-04 -1.247000000000000062e-03 9.999989999999999712e-01 6.825160000000000116e-01 -7.308700000000000196e-01 -1.064999999999999974e-03 7.308700000000000196e-01 6.825160000000000116e-01 6.859999999999999779e-04
2.400000000000000000e+01 6.500000000000000000e+01 4.600000000000000000e+01 0.000000000000000000e+00 1.600000000000000089e+00 -2.199999999999999943e-05 5.460000000000000443e-04 1.000000000000000000e+00 6.817769999999999664e-01 -7.315599999999999881e-01 4.139999999999999800e-04 7.315599999999999881e-01 6.817769999999999664e-01 -3.559999999999999797e-04
1.200000000000000000e+01 7.000000000000000000e+01 4.700000000000000000e+01 0.000000000000000000e+00 1.600000000000000089e+00 -3.959999999999999762e-04 8.200000000000000095e-05 -1.000000000000000000e+00 -8.375230000000000175e-01 -5.464010000000000256e-01 2.869999999999999830e-04 -5.464010000000000256e-01 8.375240000000000462e-01 2.849999999999999886e-04
5.000000000000000000e+00 5.000000000000000000e+00 5.100000000000000000e+01 0.000000000000000000e+00 1.600000000000000089e+00 2.064999999999999995e-03 2.112000000000000162e-03 -9.999959999999999960e-01 4.895059999999999967e-01 -8.719999999999999973e-01 -8.310000000000000329e-04 -8.719980000000000508e-01 -4.895019999999999927e-01 -2.834999999999999847e-03
1.400000000000000000e+01 5.000000000000000000e+00 5.100000000000000000e+01 0.000000000000000000e+00 1.600000000000000089e+00 -1.172999999999999998e-03 2.069000000000000093e-03 -9.999970000000000248e-01 4.798609999999999820e-01 -8.773410000000000375e-01 -2.377999999999999906e-03 -8.773440000000000127e-01 -4.798629999999999840e-01 3.600000000000000091e-05
1.700000000000000000e+01 5.000000000000000000e+00 5.100000000000000000e+01 0.000000000000000000e+00 1.600000000000000089e+00 1.144000000000000052e-03 -9.690000000000000262e-04 -9.999989999999999712e-01 4.818000000000000060e-01 -8.762799999999999478e-01 1.399999999999999986e-03 -8.762799999999999478e-01 -4.818009999999999793e-01 -5.349999999999999938e-04
2.400000000000000000e+01 5.000000000000000000e+00 5.100000000000000000e+01 0.000000000000000000e+00 1.600000000000000089e+00 -2.445999999999999824e-03 3.060999999999999919e-03 -9.999919999999999920e-01 4.866909999999999847e-01 -8.735659999999999537e-01 -3.863999999999999813e-03 -8.735709999999999864e-01 -4.866969999999999907e-01 6.470000000000000057e-04
1.400000000000000000e+01 7.000000000000000000e+00 5.200000000000000000e+01 0.000000000000000000e+00 1.600000000000000089e+00 -1.484000000000000076e-03 2.409000000000000117e-03 -9.999959999999999960e-01 7.095700000000000618e-02 -9.974760000000000293e-01 -2.507999999999999813e-03 -9.974779999999999758e-01 -7.096099999999999630e-02 1.309999999999999967e-03
4.000000000000000000e+00 6.300000000000000000e+01 5.400000000000000000e+01 0.000000000000000000e+00 1.600000000000000089e+00 -3.640000000000000006e-03 -2.220000000000000022e-04 9.999930000000000208e-01 -3.474260000000000126e-01 9.377069999999999572e-01 -1.056999999999999997e-03 -9.376999999999999780e-01 -3.474269999999999858e-01 -3.491000000000000179e-03
1.000000000000000000e+01 6.300000000000000000e+01 5.400000000000000000e+01 0.000000000000000000e+00 1.600000000000000089e+00 9.139999999999999904e-04 1.985999999999999918e-03 9.999980000000000535e-01 -3.502279999999999838e-01 9.366630000000000233e-01 -1.539999999999999919e-03 -9.366640000000000521e-01 -3.502259999999999818e-01 1.551999999999999994e-03
1.300000000000000000e+01 6.300000000000000000e+01 5.400000000000000000e+01 0.000000000000000000e+00 1.600000000000000089e+00 -1.559000000000000056e-03 1.699999999999999987e-05 9.999989999999999712e-01 -3.504419999999999757e-01 9.365839999999999721e-01 -5.619999999999999996e-04 -9.365830000000000544e-01 -3.504430000000000045e-01 -1.453999999999999997e-03
1.800000000000000000e+01 6.300000000000000000e+01 5.400000000000000000e+01 0.000000000000000000e+00 1.600000000000000089e+00 4.510000000000000120e-04 -3.359999999999999814e-04 1.000000000000000000e+00 -3.510920000000000152e-01 9.363409999999999789e-01 4.730000000000000046e-04 -9.363409999999999789e-01 -3.510920000000000152e-01 3.049999999999999868e-04
2.200000000000000000e+01 6.300000000000000000e+01 5.400000000000000000e+01 0.000000000000000000e+00 1.600000000000000089e+00 9.000000000000000567e-05 1.310000000000000129e-04 1.000000000000000000e+00 -3.493439999999999879e-01 9.369939999999999936e-01 -9.100000000000000287e-05 -9.369939999999999936e-01 -3.493439999999999879e-01 1.299999999999999886e-04
2.600000000000000000e+01 6.300000000000000000e+01 5.400000000000000000e+01 0.000000000000000000e+00 1.600000000000000089e+00 -3.229999999999999907e-04 1.028000000000000051e-03 9.999989999999999712e-01 -3.507950000000000235e-01 9.364519999999999511e-01 -1.075999999999999917e-03 -9.364519999999999511e-01 -3.507950000000000235e-01 5.800000000000000034e-05
3.000000000000000000e+00 2.500000000000000000e+01 5.500000000000000000e+01 0.000000000000000000e+00 1.600000000000000089e+00 1.550000000000000000e-04 5.249999999999999676e-04 -1.000000000000000000e+00 -1.011699999999999926e-02 -9.999489999999999768e-01 -5.270000000000000162e-04 -9.999489999999999768e-01 1.011800000000000026e-02 -1.499999999999999869e-04
5.000000000000000000e+00 2.500000000000000000e+01 5.500000000000000000e+01 0.000000000000000000e+00 1.600000000000000089e+00 3.179999999999999776e-04 3.510000000000000208e-04 -1.000000000000000000e+00 -1.019399999999999994e-02 -9.999479999999999480e-01 -3.539999999999999853e-04 -9.999479999999999480e-01 1.019399999999999994e-02 -3.139999999999999888e-04
1.800000000000000000e+01 2.500000000000000000e+01 5.500000000000000000e+01 0.000000000000000000e+00 1.600000000000000089e+00 -1.479999999999999925e-04 5.730999999999999983e-03 -9.999839999999999840e-01 -1.229899999999999917e-02 -9.999080000000000190e-01 -5.728999999999999718e-03 -9.999240000000000350e-01 1.229799999999999990e-02 2.190000000000000106e-04
2.200000000000000000e+01 6.800000000000000000e+01 5.700000000000000000e+01 0.000000000000000000e+00 1.600000000000000089e+00 2.390000000000000089e-04 -2.194000000000000204e-03 -9.999970000000000248e-01 -2.444600000000000106e-01 -9.696569999999999911e-01 2.069000000000000093e-03 -9.696590000000000487e-01 2.444590000000000096e-01 -7.680000000000000195e-04
3.000000000000000000e+00 2.100000000000000000e+01 6.000000000000000000e+01 0.000000000000000000e+00 1.600000000000000089e+00 5.100000000000000366e-04 -8.212000000000000549e-03 9.999660000000000215e-01 -9.661699999999999455e-02 9.952879999999999505e-01 8.222999999999999407e-03 -9.953220000000000400e-01 -9.661799999999999555e-02 -2.860000000000000129e-04
2.100000000000000000e+01 2.100000000000000000e+01 6.000000000000000000e+01 0.000000000000000000e+00 1.600000000000000089e+00 -4.159999999999999744e-04 8.115999999999999950e-03 9.999670000000000503e-01 -9.534099999999999520e-02 9.954119999999999635e-01 -8.118999999999999481e-03 -9.954450000000000243e-01 -9.534099999999999520e-02 3.600000000000000227e-04
9.000000000000000000e+00 3.000000000000000000e+00 6.300000000000000000e+01 0.000000000000000000e+00 1.600000000000000089e+00 1.162000000000000055e-03 -6.258999999999999807e-03 9.999799999999999800e-01 -6.158329999999999638e-01 7.878560000000000008e-01 5.647000000000000110e-03 -7.878760000000000208e-01 -6.158270000000000133e-01 -2.939000000000000206e-03
1.600000000000000000e+01 3.000000000000000000e+00 6.300000000000000000e+01 0.000000000000000000e+00 1.600000000000000089e+00 1.363999999999999978e-03 -1.201000000000000028e-03 9.999980000000000535e-01 -6.142379999999999507e-01 7.891190000000000149e-01 1.784999999999999911e-03 -7.891200000000000436e-01 -6.142400000000000082e-01 3.379999999999999758e-04
2.200000000000000000e+01 3.000000000000000000e+00 6.300000000000000000e+01 0.000000000000000000e+00 1.600000000000000089e+00 -5.969999999999999829e-04 -1.918000000000000000e-03 9.999980000000000535e-01 -6.142079999999999762e-01 7.891430000000000389e-01 1.147000000000000016e-03 -7.891439999999999566e-01 -6.142060000000000297e-01 -1.649999999999999991e-03
1.000000000000000000e+00 2.700000000000000000e+01 6.300000000000000000e+01 0.000000000000000000e+00 1.600000000000000089e+00 -2.799999999999999755e-04 5.419999999999999471e-04 1.000000000000000000e+00 -2.752350000000000074e-01 9.613770000000000371e-01 -5.980000000000000072e-04 -9.613770000000000371e-01 -2.752350000000000074e-01 -1.200000000000000030e-04
6.000000000000000000e+00 2.700000000000000000e+01 6.300000000000000000e+01 0.000000000000000000e+00 1.600000000000000089e+00 -2.640000000000000202e-04 -5.131000000000000144e-03 9.999869999999999592e-01 -2.776390000000000247e-01 9.606729999999999992e-01 4.856000000000000073e-03 -9.606850000000000112e-01 -2.776339999999999919e-01 -1.678000000000000021e-03
1.000000000000000000e+01 2.700000000000000000e+01 6.300000000000000000e+01 0.000000000000000000e+00 1.600000000000000089e+00 8.130000000000000291e-04 -2.531999999999999963e-03 9.999959999999999960e-01 -2.805460000000000176e-01 9.598370000000000513e-01 2.658000000000000206e-03 -9.598400000000000265e-01 -2.805469999999999908e-01 6.999999999999999387e-05
1.500000000000000000e+01 2.700000000000000000e+01 6.300000000000000000e+01 0.000000000000000000e+00 1.600000000000000089e+00 3.210000000000000180e-03 3.690000000000000138e-03 9.999879999999999880e-01 -2.785270000000000246e-01 9.604249999999999732e-01 -2.650000000000000012e-03 -9.604230000000000267e-01 -2.785150000000000126e-01 4.109999999999999938e-03
2.200000000000000000e+01 2.700000000000000000e+01 6.300000000000000000e+01 0.000000000000000000e+00 1.600000000000000089e+00 4.000000000000000327e-05 -1.329000000000000103e-03 9.999989999999999712e-01 -2.749519999999999742e-01 9.614570000000000061e-01 1.288999999999999998e-03 -9.614580000000000348e-01 -2.749519999999999742e-01 -3.269999999999999795e-04
