6.000000000000000000e+00 2.500000000000000000e+01 1.000000000000000000e+00 0.000000000000000000e+00 1.600000000000000089e+00 9.340000000000000429e-04 -8.902000000000000191e-03 -9.999599999999999600e-01 -5.266420000000000545e-01 -8.500579999999999803e-01 7.074999999999999692e-03 -8.500870000000000370e-01 5.266150000000000553e-01 -5.481999999999999894e-03
2.000000000000000000e+00 1.500000000000000000e+01 4.000000000000000000e+00 0.000000000000000000e+00 1.600000000000000089e+00 1.210000000000000002e-04 5.629000000000000323e-03 9.999839999999999840e-01 3.239279999999999937e-01 -9.460669999999999913e-01 5.287000000000000033e-03 9.460819999999999785e-01 3.239219999999999877e-01 -1.938000000000000052e-03
9.000000000000000000e+00 1.500000000000000000e+01 4.000000000000000000e+00 0.000000000000000000e+00 1.600000000000000089e+00 2.628000000000000128e-03 1.077700000000000012e-02 9.999379999999999935e-01 3.200720000000000232e-01 -9.473470000000000502e-01 9.369000000000000591e-03 9.473899999999999544e-01 3.200270000000000059e-01 -5.938999999999999835e-03
1.600000000000000000e+01 1.500000000000000000e+01 4.000000000000000000e+00 0.000000000000000000e+00 1.600000000000000089e+00 -6.780000000000000002e-04 -2.722000000000000027e-03 9.999959999999999960e-01 3.266169999999999907e-01 -9.451540000000000497e-01 -2.350999999999999791e-03 9.451570000000000249e-01 3.266140000000000154e-01 1.529999999999999893e-03
2.100000000000000000e+01 1.500000000000000000e+01 4.000000000000000000e+00 0.000000000000000000e+00 1.600000000000000089e+00 -1.039999999999999936e-04 -6.583999999999999575e-03 9.999780000000000335e-01 3.198170000000000179e-01 -9.474590000000000511e-01 -6.204000000000000313e-03 9.474789999999999601e-01 3.198099999999999832e-01 2.204999999999999929e-03
2.600000000000000000e+01 1.500000000000000000e+01 4.000000000000000000e+00 0.000000000000000000e+00 1.600000000000000089e+00 1.838000000000000007e-03 -2.093999999999999941e-03 9.999959999999999960e-01 3.138110000000000066e-01 -9.494820000000000482e-01 -2.565000000000000006e-03 9.494839999999999947e-01 3.138139999999999818e-01 -1.087999999999999991e-03
3.000000000000000000e+01 1.500000000000000000e+01 4.000000000000000000e+00 0.000000000000000000e+00 1.600000000000000089e+00 2.909000000000000127e-03 4.170000000000000095e-03 9.999869999999999592e-01 3.125129999999999852e-01 -9.499090000000000034e-01 3.052000000000000025e-03 9.499090000000000034e-01 3.125000000000000000e-01 -4.067000000000000302e-03
2.800000000000000000e+01 1.600000000000000000e+01 4.000000000000000000e+00 0.000000000000000000e+00 1.600000000000000089e+00 2.469999999999999973e-03 5.240000000000000517e-04 9.999970000000000248e-01 3.894599999999999729e-01 -9.210429999999999451e-01 -4.800000000000000122e-04 9.210399999999999698e-01 3.894599999999999729e-01 -2.478999999999999867e-03
4.000000000000000000e+00 1.010000000000000000e+02 7.000000000000000000e+00 0.000000000000000000e+00 1.600000000000000089e+00 5.409999999999999878e-03 -1.427900000000000003e-02 9.998829999999999663e-01 8.908209999999999740e-01 4.543519999999999781e-01 1.667999999999999995e-03 -4.543220000000000036e-01 8.907080000000000553e-01 1.517800000000000052e-02
8.000000000000000000e+00 1.010000000000000000e+02 7.000000000000000000e+00 0.000000000000000000e+00 1.600000000000000089e+00 -1.293000000000000095e-03 1.361599999999999963e-02 9.999059999999999615e-01 8.919080000000000341e-01 4.521879999999999789e-01 -5.004999999999999900e-03 -4.522140000000000049e-01 8.918190000000000284e-01 -1.272900000000000073e-02
2.300000000000000000e+01 1.010000000000000000e+02 7.000000000000000000e+00 0.000000000000000000e+00 1.600000000000000089e+00 1.267599999999999977e-02 -1.553900000000000073e-02 9.997989999999999933e-01 8.710510000000000197e-01 4.911809999999999787e-01 -3.409999999999999837e-03 -4.910289999999999933e-01 8.709189999999999987e-01 1.976100000000000079e-02
3.000000000000000000e+00 2.500000000000000000e+01 8.000000000000000000e+00 0.000000000000000000e+00 1.600000000000000089e+00 -1.240000000000000000e-03 -6.197000000000000251e-03 -9.999799999999999800e-01 4.486559999999999993e-01 8.936840000000000339e-01 -6.093999999999999591e-03 8.937040000000000539e-01 -4.486539999999999973e-01 1.672000000000000092e-03
1.000000000000000000e+01 2.500000000000000000e+01 8.000000000000000000e+00 0.000000000000000000e+00 1.600000000000000089e+00 -1.647999999999999942e-03 -3.400999999999999943e-03 -9.999930000000000208e-01 4.514460000000000139e-01 8.922909999999999453e-01 -3.778999999999999807e-03 8.922970000000000068e-01 -4.514489999999999892e-01 6.499999999999999431e-05
1.800000000000000000e+01 2.500000000000000000e+01 8.000000000000000000e+00 0.000000000000000000e+00 1.600000000000000089e+00 2.086999999999999880e-03 8.640999999999999376e-03 -9.999599999999999600e-01 4.512880000000000225e-01 8.923360000000000181e-01 8.652999999999999234e-03 8.923759999999999470e-01 -4.512880000000000225e-01 -2.037999999999999881e-03
2.800000000000000000e+01 2.500000000000000000e+01 8.000000000000000000e+00 0.000000000000000000e+00 1.600000000000000089e+00 -1.226000000000000093e-03 5.202000000000000027e-03 -9.999860000000000415e-01 4.528249999999999775e-01 8.915899999999999936e-01 4.082999999999999824e-03 8.915990000000000304e-01 -4.528130000000000210e-01 -3.448999999999999809e-03
3.000000000000000000e+00 2.400000000000000000e+01 9.000000000000000000e+00 0.000000000000000000e+00 1.600000000000000089e+00 -1.396000000000000105e-03 -8.819000000000000450e-03 -9.999599999999999600e-01 4.524400000000000088e-01 8.917540000000000466e-01 -8.496999999999999345e-03 8.917939999999999756e-01 -4.524340000000000028e-01 2.746000000000000177e-03
9.000000000000000000e+00 2.400000000000000000e+01 9.000000000000000000e+00 0.000000000000000000e+00 1.600000000000000089e+00 -1.773999999999999969e-03 -3.589999999999999984e-04 -9.999980000000000535e-01 4.547950000000000048e-01 8.905950000000000255e-01 -1.126000000000000048e-03 8.905939999999999968e-01 -4.547959999999999781e-01 -1.417000000000000074e-03
1.800000000000000000e+01 2.400000000000000000e+01 9.000000000000000000e+00 0.000000000000000000e+00 1.600000000000000089e+00 1.935000000000000088e-03 7.400000000000000328e-03 -9.999710000000000543e-01 4.551709999999999923e-01 8.903729999999999700e-01 7.470000000000000077e-03 8.904020000000000268e-01 -4.551720000000000210e-01 -1.644999999999999978e-03
2.200000000000000000e+01 2.400000000000000000e+01 9.000000000000000000e+00 0.000000000000000000e+00 1.600000000000000089e+00 1.450000000000000009e-04 7.781999999999999855e-03 -9.999700000000000255e-01 4.551439999999999930e-01 8.903900000000000148e-01 6.995000000000000349e-03 8.904180000000000428e-01 -4.551319999999999810e-01 -3.412999999999999801e-03
2.800000000000000000e+01 2.400000000000000000e+01 9.000000000000000000e+00 0.000000000000000000e+00 1.600000000000000089e+00 -1.309000000000000051e-03 5.028999999999999616e-03 -9.999860000000000415e-01 4.567749999999999866e-01 8.895739999999999759e-01 3.876000000000000105e-03 8.895809999999999551e-01 -4.567640000000000033e-01 -3.461000000000000101e-03
8.000000000000000000e+00 4.000000000000000000e+00 1.100000000000000000e+01 0.000000000000000000e+00 1.600000000000000089e+00 -4.283900000000000208e-02 7.925699999999999412e-02 -9.959329999999999572e-01 1.550630000000000064e-01 9.852959999999999496e-01 7.174099999999999921e-02 9.869750000000000467e-01 -1.513599999999999945e-01 -5.449899999999999883e-02
1.400000000000000000e+01 4.000000000000000000e+00 1.100000000000000000e+01 0.000000000000000000e+00 1.600000000000000089e+00 -6.235000000000000091e-03 -2.462500000000000105e-02 -9.996770000000000378e-01 2.400380000000000014e-01 9.704310000000000436e-01 -2.540099999999999997e-02 9.707440000000000513e-01 -2.401189999999999991e-01 -1.399999999999999877e-04
2.100000000000000000e+01 4.000000000000000000e+00 1.100000000000000000e+01 0.000000000000000000e+00 1.600000000000000089e+00 7.367000000000000284e-03 3.798399999999999693e-02 -9.992510000000000003e-01 2.370420000000000027e-01 9.707299999999999818e-01 3.864800000000000180e-02 9.714709999999999734e-01 -2.371499999999999997e-01 -1.853000000000000046e-03
2.800000000000000000e+01 4.000000000000000000e+00 1.100000000000000000e+01 0.000000000000000000e+00 1.600000000000000089e+00 6.849000000000000053e-03 6.556800000000000128e-02 -9.978249999999999620e-01 1.955490000000000006e-01 9.784950000000000037e-01 6.564000000000000390e-02 9.806700000000000417e-01 -1.955729999999999968e-01 -6.119999999999999572e-03
8.000000000000000000e+00 3.100000000000000000e+01 1.200000000000000000e+01 0.000000000000000000e+00 1.600000000000000089e+00 -2.547999999999999918e-03 -1.517399999999999999e-02 9.998820000000000485e-01 -1.248100000000000077e-02 9.998070000000000013e-01 1.514099999999999994e-02 -9.999190000000000023e-01 -1.244100000000000067e-02 -2.736999999999999850e-03
1.000000000000000000e+00 3.500000000000000000e+01 1.200000000000000000e+01 0.000000000000000000e+00 1.600000000000000089e+00 1.285400000000000084e-02 -8.410000000000000808e-03 -9.998820000000000485e-01 4.656970000000000276e-01 -8.848430000000000462e-01 1.342899999999999996e-02 -8.848510000000000542e-01 -4.658140000000000058e-01 -7.457000000000000087e-03
6.000000000000000000e+00 3.500000000000000000e+01 1.200000000000000000e+01 0.000000000000000000e+00 1.600000000000000089e+00 5.222000000000000079e-03 -5.975000000000000276e-03 -9.999689999999999968e-01 4.984990000000000254e-01 -8.668550000000000422e-01 7.782999999999999988e-03 -8.668740000000000334e-01 -4.985240000000000227e-01 -1.547999999999999897e-03
2.000000000000000000e+01 3.500000000000000000e+01 1.200000000000000000e+01 0.000000000000000000e+00 1.600000000000000089e+00 -8.120000000000000048e-04 6.882000000000000096e-03 -9.999759999999999760e-01 4.488099999999999867e-01 -8.936030000000000362e-01 -6.513999999999999825e-03 -8.936269999999999492e-01 -4.488050000000000095e-01 -2.364000000000000216e-03
3.000000000000000000e+00 3.200000000000000000e+01 1.400000000000000000e+01 0.000000000000000000e+00 1.600000000000000089e+00 1.418999999999999906e-03 3.681399999999999950e-02 -9.993210000000000148e-01 1.042590000000000044e-01 9.938709999999999489e-01 3.676100000000000201e-02 9.945490000000000164e-01 -1.042399999999999993e-01 -2.428000000000000037e-03
9.000000000000000000e+00 3.200000000000000000e+01 1.400000000000000000e+01 0.000000000000000000e+00 1.600000000000000089e+00 -6.629999999999999609e-04 -2.244399999999999867e-02 -9.997479999999999700e-01 1.067469999999999947e-01 9.940339999999999732e-01 -2.238599999999999965e-02 9.942860000000000031e-01 -1.067349999999999965e-01 1.737000000000000046e-03
9.000000000000000000e+00 1.200000000000000000e+01 1.500000000000000000e+01 0.000000000000000000e+00 1.600000000000000089e+00 1.853999999999999962e-03 6.622000000000000282e-03 -9.999759999999999760e-01 -4.798450000000000215e-01 -8.773279999999999967e-01 -6.700000000000000226e-03 -8.773509999999999920e-01 4.798459999999999948e-01 1.551000000000000078e-03
1.100000000000000000e+01 2.000000000000000000e+00 1.900000000000000000e+01 0.000000000000000000e+00 1.600000000000000089e+00 -1.631099999999999911e-02 2.570300000000000015e-02 -9.995370000000000088e-01 2.316410000000000136e-01 -9.723749999999999893e-01 -2.878400000000000056e-02 -9.726650000000000018e-01 -2.320029999999999870e-01 9.905999999999999875e-03
1.600000000000000000e+01 2.000000000000000000e+00 1.900000000000000000e+01 0.000000000000000000e+00 1.600000000000000089e+00 -3.233999999999999896e-03 2.835999999999999979e-03 -9.999909999999999632e-01 2.155030000000000001e-01 -9.764969999999999484e-01 -3.467000000000000030e-03 -9.764979999999999771e-01 -2.155120000000000091e-01 2.546999999999999785e-03
1.900000000000000000e+01 2.000000000000000000e+00 1.900000000000000000e+01 0.000000000000000000e+00 1.600000000000000089e+00 -7.200000000000000182e-05 5.206999999999999823e-03 -9.999860000000000415e-01 2.146260000000000112e-01 -9.766829999999999679e-01 -5.100999999999999632e-03 -9.766960000000000086e-01 -2.146240000000000092e-01 -1.046999999999999971e-03
2.700000000000000000e+01 2.000000000000000000e+00 1.900000000000000000e+01 0.000000000000000000e+00 1.600000000000000089e+00 5.511000000000000273e-03 -1.420500000000000061e-02 -9.998839999999999950e-01 1.993689999999999907e-01 -9.798090000000000410e-01 1.501899999999999936e-02 -9.799090000000000300e-01 -1.994289999999999952e-01 -2.567999999999999970e-03
7.000000000000000000e+00 3.000000000000000000e+00 1.900000000000000000e+01 0.000000000000000000e+00 1.600000000000000089e+00 2.101300000000000043e-02 4.012899999999999801e-02 -9.989729999999999999e-01 2.493910000000000016e-01 -9.678189999999999849e-01 -3.363200000000000217e-02 -9.681750000000000078e-01 -2.484280000000000099e-01 -3.034500000000000045e-02
8.000000000000000000e+00 4.000000000000000000e+00 2.000000000000000000e+01 0.000000000000000000e+00 1.600000000000000089e+00 -4.589000000000000197e-03 2.866300000000000098e-02 -9.995789999999999953e-01 2.954359999999999764e-01 -9.549299999999999455e-01 -2.874000000000000166e-02 -9.553519999999999790e-01 -2.954430000000000112e-01 -4.086000000000000222e-03
2.100000000000000000e+01 4.000000000000000000e+00 2.000000000000000000e+01 0.000000000000000000e+00 1.600000000000000089e+00 -2.321000000000000146e-03 3.553000000000000169e-03 -9.999909999999999632e-01 2.775279999999999969e-01 -9.607090000000000352e-01 -4.057999999999999975e-03 -9.607149999999999856e-01 -2.775349999999999762e-01 1.244000000000000097e-03
2.600000000000000000e+01 4.000000000000000000e+00 2.000000000000000000e+01 0.000000000000000000e+00 1.600000000000000089e+00 2.905000000000000030e-03 -5.159000000000000391e-03 -9.999820000000000375e-01 2.684449999999999892e-01 -9.632779999999999676e-01 5.749999999999999903e-03 -9.632910000000000084e-01 -2.684570000000000012e-01 -1.413999999999999892e-03
2.000000000000000000e+00 1.300000000000000000e+01 2.000000000000000000e+01 0.000000000000000000e+00 1.600000000000000089e+00 3.289999999999999739e-04 -4.129999999999999991e-03 9.999909999999999632e-01 2.508960000000000079e-01 9.680060000000000331e-01 3.915000000000000077e-03 -9.680140000000000411e-01 2.508929999999999771e-01 1.355000000000000085e-03
9.000000000000000000e+00 1.300000000000000000e+01 2.000000000000000000e+01 0.000000000000000000e+00 1.600000000000000089e+00 -2.101000000000000003e-03 -1.960500000000000090e-02 9.998059999999999725e-01 2.564420000000000033e-01 9.663629999999999720e-01 1.948899999999999938e-02 -9.665569999999999995e-01 2.564330000000000220e-01 2.997000000000000098e-03
1.800000000000000000e+01 1.300000000000000000e+01 2.000000000000000000e+01 0.000000000000000000e+00 1.600000000000000089e+00 1.644000000000000062e-03 1.872800000000000159e-02 9.998230000000000173e-01 2.564069999999999960e-01 9.663920000000000288e-01 -1.852399999999999880e-02 -9.665679999999999827e-01 2.563920000000000088e-01 -3.213000000000000144e-03
2.400000000000000000e+01 1.300000000000000000e+01 2.000000000000000000e+01 0.000000000000000000e+00 1.600000000000000089e+00 1.489000000000000089e-03 2.674999999999999861e-03 9.999949999999999672e-01 2.519109999999999960e-01 9.677459999999999951e-01 -2.962999999999999922e-03 -9.677489999999999704e-01 2.519150000000000000e-01 7.669999999999999951e-04
2.900000000000000000e+01 1.300000000000000000e+01 2.000000000000000000e+01 0.000000000000000000e+00 1.600000000000000089e+00 1.422000000000000087e-03 -3.516000000000000028e-03 9.999930000000000208e-01 2.501229999999999842e-01 9.682089999999999863e-01 3.049000000000000061e-03 -9.682129999999999903e-01 2.501169999999999782e-01 2.256000000000000193e-03
3.000000000000000000e+00 1.600000000000000000e+01 2.100000000000000000e+01 0.000000000000000000e+00 1.600000000000000089e+00 6.109999999999999980e-04 -3.800000000000000209e-04 1.000000000000000000e+00 2.976190000000000224e-01 9.546850000000000058e-01 1.810000000000000085e-04 -9.546850000000000058e-01 2.976190000000000224e-01 6.960000000000000041e-04
1.400000000000000000e+01 1.600000000000000000e+01 2.100000000000000000e+01 0.000000000000000000e+00 1.600000000000000089e+00 -6.440000000000000412e-04 -4.832999999999999623e-03 9.999879999999999880e-01 3.026739999999999986e-01 9.530819999999999848e-01 4.800999999999999712e-03 -9.530939999999999968e-01 3.026730000000000254e-01 8.490000000000000368e-04
1.800000000000000000e+01 1.600000000000000000e+01 2.100000000000000000e+01 0.000000000000000000e+00 1.600000000000000089e+00 -1.213000000000000102e-03 4.229000000000000120e-03 9.999900000000000455e-01 3.009080000000000088e-01 9.536459999999999937e-01 -3.667999999999999820e-03 -9.536520000000000552e-01 3.009009999999999740e-01 -2.429000000000000169e-03
2.500000000000000000e+01 1.600000000000000000e+01 2.100000000000000000e+01 0.000000000000000000e+00 1.600000000000000089e+00 1.626000000000000058e-03 9.590000000000000000e-04 9.999980000000000535e-01 2.982400000000000051e-01 9.544899999999999496e-01 -1.399999999999999986e-03 -9.544890000000000319e-01 2.982420000000000071e-01 1.265999999999999981e-03
1.500000000000000000e+01 3.000000000000000000e+00 2.500000000000000000e+01 0.000000000000000000e+00 1.600000000000000089e+00 3.095799999999999941e-02 9.709000000000000616e-03 9.994739999999999736e-01 -3.108299999999999952e-02 -9.994600000000000151e-01 1.067199999999999920e-02 9.990369999999999528e-01 -3.139700000000000130e-02 -3.064000000000000057e-02
2.200000000000000000e+01 3.000000000000000000e+00 2.500000000000000000e+01 0.000000000000000000e+00 1.600000000000000089e+00 1.564199999999999965e-02 3.707999999999999925e-03 9.998709999999999543e-01 -1.869099999999999928e-02 -9.998169999999999558e-01 4.000000000000000083e-03 9.997030000000000083e-01 -1.875100000000000031e-02 -1.557000000000000051e-02
4.000000000000000000e+00 4.000000000000000000e+00 2.500000000000000000e+01 0.000000000000000000e+00 1.600000000000000089e+00 5.023600000000000287e-02 4.344599999999999851e-02 9.977920000000000122e-01 -5.660809999999999453e-01 -8.218400000000000150e-01 6.428499999999999492e-02 8.228180000000000494e-01 -5.680600000000000094e-01 -1.669199999999999851e-02
2.000000000000000000e+01 4.600000000000000000e+01 2.700000000000000000e+01 0.000000000000000000e+00 1.600000000000000089e+00 -2.086999999999999880e-03 -2.413999999999999913e-03 -9.999949999999999672e-01 6.584349999999999925e-01 7.526310000000000500e-01 -3.190999999999999826e-03 7.526350000000000540e-01 -6.584379999999999677e-01 1.800000000000000046e-05
2.600000000000000000e+01 4.600000000000000000e+01 2.700000000000000000e+01 0.000000000000000000e+00 1.600000000000000089e+00 8.649999999999999920e-04 5.274000000000000042e-03 -9.999860000000000415e-01 6.589639999999999942e-01 7.521609999999999685e-01 4.537000000000000234e-03 7.521740000000000093e-01 -6.589589999999999614e-01 -2.824999999999999820e-03
1.500000000000000000e+01 1.100000000000000000e+01 3.000000000000000000e+01 0.000000000000000000e+00 1.600000000000000089e+00 6.747200000000000419e-02 8.324529999999999985e-01 5.499730000000000452e-01 -2.730409999999999782e-01 -5.147800000000000153e-01 8.126809999999999867e-01 9.596329999999999583e-01 -2.049980000000000135e-01 1.925600000000000089e-01
4.000000000000000000e+00 4.600000000000000000e+01 3.000000000000000000e+01 0.000000000000000000e+00 1.600000000000000089e+00 1.642000000000000013e-03 7.960999999999999327e-03 -9.999670000000000503e-01 3.245480000000000032e-01 9.458349999999999813e-01 8.063000000000000722e-03 9.458680000000000421e-01 -3.245500000000000052e-01 -1.030000000000000100e-03
3.000000000000000000e+00 5.800000000000000000e+01 3.100000000000000000e+01 0.000000000000000000e+00 1.600000000000000089e+00 7.435999999999999902e-03 1.190100000000000012e-02 9.999019999999999575e-01 -7.761590000000000433e-01 -6.303980000000000139e-01 1.327500000000000034e-02 6.304939999999999989e-01 -7.761810000000000098e-01 4.549000000000000092e-03
8.000000000000000000e+00 5.800000000000000000e+01 3.100000000000000000e+01 0.000000000000000000e+00 1.600000000000000089e+00 3.005999999999999991e-03 1.649700000000000125e-02 9.998590000000000533e-01 -7.744649999999999590e-01 -6.324880000000000502e-01 1.276399999999999930e-02 6.326089999999999769e-01 -7.743949999999999445e-01 1.087499999999999925e-02
1.200000000000000000e+01 5.800000000000000000e+01 3.100000000000000000e+01 0.000000000000000000e+00 1.600000000000000089e+00 -5.784000000000000079e-03 -7.828999999999999154e-03 9.999529999999999808e-01 -7.719359999999999555e-01 -6.356300000000000283e-01 -9.442000000000000740e-03 6.356739999999999613e-01 -7.719540000000000290e-01 -2.367000000000000180e-03
1.600000000000000000e+01 5.800000000000000000e+01 3.100000000000000000e+01 0.000000000000000000e+00 1.600000000000000089e+00 -3.690999999999999837e-03 -3.200000000000000153e-03 9.999879999999999880e-01 -7.708460000000000312e-01 -6.370029999999999859e-01 -4.883000000000000188e-03 6.370109999999999939e-01 -7.708549999999999569e-01 -1.160000000000000007e-04
2.300000000000000000e+01 5.800000000000000000e+01 3.100000000000000000e+01 0.000000000000000000e+00 1.600000000000000089e+00 5.252999999999999857e-03 3.258000000000000045e-03 9.999810000000000088e-01 -7.731550000000000367e-01 -6.341879999999999740e-01 6.127999999999999767e-03 6.341959999999999820e-01 -7.731719999999999704e-01 -8.130000000000000291e-04
2.800000000000000000e+01 5.800000000000000000e+01 3.100000000000000000e+01 0.000000000000000000e+00 1.600000000000000089e+00 1.276000000000000007e-03 3.857000000000000185e-03 9.999919999999999920e-01 -7.708570000000000144e-01 -6.369989999999999819e-01 3.439999999999999915e-03 6.370069999999999899e-01 -7.708549999999999569e-01 2.160000000000000028e-03
1.900000000000000000e+01 1.800000000000000000e+01 3.200000000000000000e+01 0.000000000000000000e+00 1.600000000000000089e+00 -8.790299999999999503e-02 6.698720000000000230e-01 7.372539999999999649e-01 -3.894199999999999884e-01 -7.043289999999999829e-01 5.935259999999999980e-01 9.168560000000000043e-01 -2.349289999999999989e-01 3.227749999999999786e-01
2.000000000000000000e+01 1.900000000000000000e+01 3.300000000000000000e+01 0.000000000000000000e+00 1.600000000000000089e+00 -1.275409999999999877e-01 6.351560000000000539e-01 7.617810000000000414e-01 -5.165830000000000144e-01 -6.981929999999999525e-01 4.956490000000000062e-01 8.466850000000000209e-01 -3.303079999999999905e-01 4.171590000000000020e-01
5.000000000000000000e+00 4.200000000000000000e+01 3.400000000000000000e+01 0.000000000000000000e+00 1.600000000000000089e+00 -4.102999999999999876e-03 -2.694000000000000214e-03 -9.999879999999999880e-01 -3.007569999999999966e-01 9.536999999999999922e-01 -1.335000000000000032e-03 9.536919999999999842e-01 3.007480000000000153e-01 -4.722999999999999768e-03
1.000000000000000000e+01 4.200000000000000000e+01 3.400000000000000000e+01 0.000000000000000000e+00 1.600000000000000089e+00 4.026000000000000065e-03 1.479000000000000063e-03 -9.999909999999999632e-01 -2.948120000000000185e-01 9.555550000000000432e-01 2.269999999999999882e-04 9.555470000000000352e-01 2.948080000000000145e-01 4.283000000000000348e-03
5.000000000000000000e+00 4.600000000000000000e+01 3.500000000000000000e+01 0.000000000000000000e+00 1.600000000000000089e+00 3.867999999999999911e-03 4.623000000000000373e-03 -9.999820000000000375e-01 3.881970000000000143e-01 -9.215719999999999468e-01 -2.759000000000000168e-03 -9.215680000000000538e-01 -3.881800000000000250e-01 -5.359000000000000048e-03
9.000000000000000000e+00 4.600000000000000000e+01 3.500000000000000000e+01 0.000000000000000000e+00 1.600000000000000089e+00 -1.090999999999999956e-03 1.110200000000000076e-02 -9.999379999999999935e-01 3.870020000000000127e-01 -9.220169999999999755e-01 -1.065900000000000007e-02 -9.220779999999999532e-01 -3.869900000000000007e-01 -3.291000000000000088e-03
1.500000000000000000e+01 4.600000000000000000e+01 3.500000000000000000e+01 0.000000000000000000e+00 1.600000000000000089e+00 -6.300000000000000261e-04 3.944999999999999722e-03 -9.999919999999999920e-01 3.891560000000000019e-01 -9.211629999999999541e-01 -3.879000000000000069e-03 -9.211709999999999621e-01 -3.891560000000000019e-01 -9.550000000000000112e-04
2.300000000000000000e+01 4.600000000000000000e+01 3.500000000000000000e+01 0.000000000000000000e+00 1.600000000000000089e+00 4.970000000000000459e-04 8.369999999999999619e-04 -1.000000000000000000e+00 3.903499999999999748e-01 -9.206659999999999844e-01 -5.770000000000000389e-04 -9.206670000000000131e-01 -3.903490000000000015e-01 -7.849999999999999990e-04
2.700000000000000000e+01 4.600000000000000000e+01 3.500000000000000000e+01 0.000000000000000000e+00 1.600000000000000089e+00 2.220999999999999884e-03 2.099999999999999884e-05 -9.999980000000000535e-01 3.890170000000000017e-01 -9.212299999999999933e-01 8.450000000000000479e-04 -9.212280000000000468e-01 -3.890179999999999749e-01 -2.053999999999999836e-03
2.000000000000000000e+00 2.200000000000000000e+01 3.600000000000000000e+01 0.000000000000000000e+00 1.600000000000000089e+00 -1.929970000000000019e-01 -7.062619999999999454e-01 6.811359999999999637e-01 7.418289999999999607e-01 3.493319999999999759e-01 5.724129999999999496e-01 -6.422170000000000378e-01 6.157599999999999740e-01 4.565060000000000229e-01
1.500000000000000000e+01 9.500000000000000000e+01 3.600000000000000000e+01 0.000000000000000000e+00 1.600000000000000089e+00 -5.969499999999999806e-02 5.102700000000000291e-02 9.969120000000000203e-01 9.958019999999999650e-01 7.247099999999999376e-02 5.591900000000000343e-02 -6.939399999999999735e-02 9.960639999999999494e-01 -5.513900000000000051e-02
1.600000000000000000e+01 2.200000000000000000e+01 3.700000000000000000e+01 0.000000000000000000e+00 1.600000000000000089e+00 -1.559299999999999922e-02 6.317559999999999842e-01 -7.750099999999999767e-01 6.674790000000000445e-01 -5.705320000000000391e-01 -4.785030000000000117e-01 -7.444659999999999611e-01 -5.247640000000000082e-01 -4.127870000000000150e-01
3.000000000000000000e+00 2.300000000000000000e+01 3.700000000000000000e+01 0.000000000000000000e+00 1.600000000000000089e+00 -1.860300000000000009e-01 -7.319569999999999688e-01 6.554630000000000178e-01 7.322920000000000540e-01 3.414909999999999890e-01 5.891800000000000370e-01 -6.550890000000000324e-01 5.895949999999999802e-01 4.724780000000000091e-01
2.100000000000000000e+01 2.800000000000000000e+01 3.700000000000000000e+01 0.000000000000000000e+00 1.600000000000000089e+00 -2.416300000000000045e-02 -1.672250000000000125e-01 -9.856230000000000269e-01 -7.197329999999999561e-01 -6.813439999999999497e-01 1.332440000000000013e-01 -6.938299999999999468e-01 7.126050000000000439e-01 -1.038940000000000002e-01
8.000000000000000000e+00 3.700000000000000000e+01 3.800000000000000000e+01 0.000000000000000000e+00 1.600000000000000089e+00 4.703000000000000236e-02 -8.250999999999999654e-03 9.988590000000000524e-01 6.524680000000000479e-01 7.574210000000000109e-01 -2.446399999999999963e-02 -7.563549999999999995e-01 6.528749999999999831e-01 4.100499999999999978e-02
6.000000000000000000e+00 2.600000000000000000e+01 3.900000000000000000e+01 0.000000000000000000e+00 1.600000000000000089e+00 -1.534979999999999956e-01 -7.598219999999999974e-01 6.317509999999999515e-01 7.142150000000000443e-01 3.565159999999999996e-01 6.023230000000000528e-01 -6.828870000000000218e-01 5.436609999999999498e-01 4.879519999999999968e-01
7.000000000000000000e+00 2.700000000000000000e+01 4.000000000000000000e+01 0.000000000000000000e+00 1.600000000000000089e+00 -1.422440000000000093e-01 -7.933750000000000524e-01 5.918809999999999905e-01 7.118769999999999820e-01 3.334759999999999946e-01 6.180820000000000203e-01 -6.877480000000000260e-01 5.092649999999999677e-01 5.173499999999999766e-01
1.800000000000000000e+01 3.400000000000000000e+01 4.000000000000000000e+01 0.000000000000000000e+00 1.600000000000000089e+00 -1.393870000000000109e-01 3.820180000000000242e-01 -9.135830000000000339e-01 5.409890000000000532e-01 8.021150000000000224e-01 2.528670000000000084e-01 8.293989999999999974e-01 -4.589920000000000111e-01 -3.184719999999999773e-01
2.300000000000000000e+01 1.300000000000000000e+01 4.100000000000000000e+01 0.000000000000000000e+00 1.600000000000000089e+00 -4.606500000000000178e-02 1.380339999999999900e-01 9.893560000000000132e-01 -7.061870000000000092e-01 -7.049910000000000343e-01 6.547899999999999554e-02 7.065259999999999874e-01 -6.956529999999999658e-01 1.299530000000000129e-01
2.400000000000000000e+01 1.400000000000000000e+01 4.200000000000000000e+01 0.000000000000000000e+00 1.600000000000000089e+00 -5.953800000000000064e-02 1.247970000000000051e-01 9.903939999999999966e-01 -6.229890000000000150e-01 -7.798629999999999729e-01 6.081700000000000300e-02 7.799620000000000442e-01 -6.133830000000000116e-01 1.241779999999999967e-01
6.000000000000000000e+00 3.000000000000000000e+00 4.300000000000000000e+01 0.000000000000000000e+00 1.600000000000000089e+00 -2.635000000000000189e-03 2.747399999999999842e-02 -9.996190000000000353e-01 7.502339999999999565e-01 -6.608659999999999535e-01 -2.014099999999999918e-02 -6.611679999999999779e-01 -7.500010000000000288e-01 -1.887099999999999889e-02
1.100000000000000000e+01 3.000000000000000000e+00 4.300000000000000000e+01 0.000000000000000000e+00 1.600000000000000089e+00 4.279999999999999950e-04 2.769000000000000194e-03 -9.999959999999999960e-01 7.439710000000000489e-01 -6.682099999999999707e-01 -1.531000000000000026e-03 -6.682109999999999994e-01 -7.439679999999999627e-01 -2.345999999999999995e-03
2.500000000000000000e+01 3.000000000000000000e+00 4.300000000000000000e+01 0.000000000000000000e+00 1.600000000000000089e+00 4.789999999999999879e-04 1.035999999999999942e-02 -9.999460000000000015e-01 7.437939999999999552e-01 -6.683769999999999989e-01 -6.569000000000000186e-03 -6.684090000000000309e-01 -7.437510000000000510e-01 -8.026000000000000148e-03
2.900000000000000000e+01 3.000000000000000000e+00 4.300000000000000000e+01 0.000000000000000000e+00 1.600000000000000089e+00 6.599999999999999964e-04 3.542000000000000010e-03 -9.999940000000000495e-01 7.419379999999999864e-01 -6.704649999999999777e-01 -1.884999999999999957e-03 -6.704679999999999529e-01 -7.419320000000000359e-01 -3.069999999999999812e-03
1.500000000000000000e+01 8.000000000000000000e+00 4.400000000000000000e+01 0.000000000000000000e+00 1.600000000000000089e+00 3.344000000000000184e-03 3.779999999999999940e-03 9.999869999999999592e-01 -7.923350000000000115e-01 -6.100659999999999972e-01 4.956000000000000336e-03 6.100769999999999804e-01 -7.923409999999999620e-01 9.550000000000000112e-04
2.000000000000000000e+01 8.000000000000000000e+00 4.400000000000000000e+01 0.000000000000000000e+00 1.600000000000000089e+00 6.145000000000000288e-03 1.257199999999999984e-02 9.999019999999999575e-01 -7.901129999999999542e-01 -6.128320000000000434e-01 1.256099999999999925e-02 6.129299999999999748e-01 -7.901129999999999542e-01 6.166999999999999739e-03
3.000000000000000000e+00 2.200000000000000000e+01 4.500000000000000000e+01 0.000000000000000000e+00 1.600000000000000089e+00 1.455440000000000067e-01 -7.348300000000000665e-02 -9.866190000000000238e-01 -4.783649999999999847e-01 8.676930000000000476e-01 -1.351930000000000076e-01 8.660160000000000080e-01 4.916400000000000214e-01 9.113599999999999479e-02
1.000000000000000000e+01 2.400000000000000000e+01 4.500000000000000000e+01 0.000000000000000000e+00 1.600000000000000089e+00 1.229110000000000064e-01 -3.021510000000000029e-01 -9.453030000000000044e-01 -5.978109999999999813e-01 7.377740000000000409e-01 -3.135470000000000201e-01 7.921580000000000288e-01 6.036510000000000487e-01 -8.994900000000000118e-02
7.000000000000000000e+00 6.500000000000000000e+01 4.600000000000000000e+01 0.000000000000000000e+00 1.600000000000000089e+00 -7.375999999999999744e-03 -1.558460000000000123e-01 9.877540000000000209e-01 6.617849999999999566e-01 -7.412779999999999925e-01 -1.120150000000000035e-01 7.496570000000000178e-01 6.528549999999999631e-01 1.086040000000000061e-01
2.800000000000000000e+01 6.500000000000000000e+01 4.600000000000000000e+01 0.000000000000000000e+00 1.600000000000000089e+00 -1.881000000000000076e-03 -7.529999999999999801e-04 9.999980000000000535e-01 6.794459999999999944e-01 -7.337249999999999606e-01 7.259999999999999743e-04 7.337230000000000141e-01 6.794459999999999944e-01 1.892000000000000019e-03
2.000000000000000000e+00 7.400000000000000000e+01 4.900000000000000000e+01 0.000000000000000000e+00 1.600000000000000089e+00 -5.950300000000000034e-02 -8.506470000000000420e-01 -5.223590000000000177e-01 -9.902549999999999963e-01 -1.570399999999999921e-02 1.383770000000000000e-01 -1.259129999999999971e-01 5.255030000000000534e-01 -8.414230000000000320e-01
9.000000000000000000e+00 4.500000000000000000e+01 5.000000000000000000e+01 0.000000000000000000e+00 1.600000000000000089e+00 -2.336439999999999906e-01 6.442379999999999773e-01 7.282629999999999937e-01 5.328159999999999563e-01 7.113570000000000171e-01 -4.583430000000000004e-01 -8.133369999999999767e-01 2.809409999999999963e-01 -5.094649999999999457e-01
2.000000000000000000e+01 6.000000000000000000e+00 5.100000000000000000e+01 0.000000000000000000e+00 1.600000000000000089e+00 1.689999999999999879e-04 4.244000000000000376e-03 -9.999909999999999632e-01 3.186450000000000116e-01 -9.478659999999999863e-01 -3.969000000000000306e-03 -9.478739999999999943e-01 -3.186419999999999808e-01 -1.512000000000000106e-03
1.400000000000000000e+01 4.800000000000000000e+01 5.100000000000000000e+01 0.000000000000000000e+00 1.600000000000000089e+00 1.691600000000000048e-02 -9.432120000000000504e-01 3.317590000000000261e-01 6.282450000000000534e-01 2.681529999999999747e-01 7.303439999999999932e-01 -7.778319999999999679e-01 1.960719999999999963e-01 5.971049999999999969e-01
1.000000000000000000e+00 7.000000000000000000e+00 5.200000000000000000e+01 0.000000000000000000e+00 1.600000000000000089e+00 7.173999999999999821e-03 1.234200000000000054e-02 -9.998979999999999535e-01 7.860300000000000620e-02 -9.968369999999999731e-01 -1.174099999999999970e-02 -9.968799999999999883e-01 -7.851099999999999746e-02 -8.120999999999999747e-03
5.000000000000000000e+00 7.000000000000000000e+00 5.200000000000000000e+01 0.000000000000000000e+00 1.600000000000000089e+00 4.436999999999999972e-03 9.308000000000000301e-03 -9.999470000000000303e-01 7.142999999999999350e-02 -9.974049999999999860e-01 -8.966999999999999277e-03 -9.974359999999999893e-01 -7.138600000000000501e-02 -5.089999999999999906e-03
2.600000000000000000e+01 7.000000000000000000e+00 5.200000000000000000e+01 0.000000000000000000e+00 1.600000000000000089e+00 9.219999999999999680e-04 -1.278000000000000056e-03 -9.999989999999999712e-01 9.347199999999999953e-02 -9.956209999999999782e-01 1.358000000000000049e-03 -9.956209999999999782e-01 -9.347300000000000053e-02 -7.990000000000000140e-04
1.500000000000000000e+01 4.900000000000000000e+01 5.200000000000000000e+01 0.000000000000000000e+00 1.600000000000000089e+00 -2.736900000000000097e-02 -9.574409999999999865e-01 2.873279999999999723e-01 6.379839999999999955e-01 2.045520000000000116e-01 7.423840000000000439e-01 -7.695629999999999971e-01 2.036290000000000044e-01 6.052340000000000497e-01
8.000000000000000000e+00 6.300000000000000000e+01 5.200000000000000000e+01 0.000000000000000000e+00 1.600000000000000089e+00 -3.895699999999999857e-02 2.104479999999999962e-01 -9.768289999999999473e-01 4.692609999999999837e-01 8.669210000000000527e-01 1.680550000000000099e-01 8.821999999999999842e-01 -4.518409999999999926e-01 -1.325280000000000069e-01
1.500000000000000000e+01 5.000000000000000000e+01 5.300000000000000000e+01 0.000000000000000000e+00 1.600000000000000089e+00 -8.444100000000000217e-02 -9.560969999999999747e-01 2.806210000000000093e-01 6.266890000000000516e-01 1.679940000000000044e-01 7.609460000000000113e-01 -7.746809999999999530e-01 2.401169999999999971e-01 5.849900000000000100e-01
5.000000000000000000e+00 1.400000000000000000e+01 5.400000000000000000e+01 0.000000000000000000e+00 1.600000000000000089e+00 -5.191999999999999567e-03 -9.899999999999999946e-04 -9.999860000000000415e-01 5.809090000000000087e-01 8.139589999999999881e-01 -3.821999999999999877e-03 8.139520000000000088e-01 -5.809210000000000207e-01 -3.651000000000000165e-03
1.900000000000000000e+01 6.300000000000000000e+01 5.400000000000000000e+01 0.000000000000000000e+00 1.600000000000000089e+00 1.221999999999999996e-03 2.056300000000000142e-02 9.997880000000000100e-01 -3.580630000000000202e-01 9.335090000000000332e-01 -1.876200000000000090e-02 -9.336969999999999992e-01 -3.579640000000000044e-01 8.503000000000000141e-03
3.000000000000000000e+01 6.300000000000000000e+01 5.400000000000000000e+01 0.000000000000000000e+00 1.600000000000000089e+00 4.285999999999999879e-03 -1.059299999999999999e-02 9.999350000000000183e-01 -3.792360000000000175e-01 9.252299999999999969e-01 1.142699999999999966e-02 -9.252899999999999459e-01 -3.792599999999999860e-01 -5.199999999999999680e-05
6.000000000000000000e+00 7.200000000000000000e+01 5.400000000000000000e+01 0.000000000000000000e+00 1.600000000000000089e+00 -9.148479999999999945e-01 2.344040000000000012e-01 3.287979999999999792e-01 -2.781420000000000003e-01 -9.560959999999999459e-01 -9.228899999999999604e-02 2.927299999999999902e-01 -1.758830000000000116e-01 9.398800000000000487e-01
1.700000000000000000e+01 2.400000000000000000e+01 5.500000000000000000e+01 0.000000000000000000e+00 1.600000000000000089e+00 -3.821999999999999703e-02 1.407049999999999967e-01 -9.893140000000000267e-01 1.832400000000000001e-02 9.899689999999999879e-01 1.400899999999999923e-01 9.991010000000000169e-01 -1.277400000000000063e-02 -4.041499999999999954e-02
8.000000000000000000e+00 2.600000000000000000e+01 5.500000000000000000e+01 0.000000000000000000e+00 1.600000000000000089e+00 1.343300000000000050e-02 1.848100000000000090e-02 -9.997390000000000443e-01 -1.031549999999999967e-01 9.945199999999999596e-01 1.699799999999999922e-02 9.945749999999999869e-01 1.029000000000000054e-01 1.526500000000000079e-02
1.000000000000000000e+01 2.600000000000000000e+01 5.500000000000000000e+01 0.000000000000000000e+00 1.600000000000000089e+00 2.501899999999999957e-02 2.332899999999999904e-02 -9.994150000000000533e-01 -1.083839999999999942e-01 9.938979999999999482e-01 2.048699999999999827e-02 9.937939999999999552e-01 1.078080000000000011e-01 2.739499999999999921e-02
1.800000000000000000e+01 5.300000000000000000e+01 5.500000000000000000e+01 0.000000000000000000e+00 1.600000000000000089e+00 4.996300000000000047e-02 -5.964990000000000014e-01 8.010570000000000190e-01 9.445999999999999536e-03 8.023050000000000459e-01 5.968390000000000084e-01 -9.987059999999999826e-01 -2.225399999999999948e-02 4.571999999999999675e-02
1.700000000000000000e+01 2.600000000000000000e+01 5.600000000000000000e+01 0.000000000000000000e+00 1.600000000000000089e+00 -1.220199999999999931e-02 1.112439999999999957e-01 -9.937179999999999902e-01 8.186999999999999833e-03 9.937700000000000422e-01 1.111489999999999978e-01 9.998920000000000030e-01 -6.779000000000000303e-03 -1.303600000000000071e-02
1.400000000000000000e+01 4.200000000000000000e+01 5.800000000000000000e+01 0.000000000000000000e+00 1.600000000000000089e+00 -5.129749999999999588e-01 -4.639300000000000090e-01 7.222370000000000179e-01 -3.651100000000000179e-02 -8.288189999999999724e-01 -5.583249999999999602e-01 8.576270000000000282e-01 -3.127759999999999985e-01 4.082250000000000045e-01
8.000000000000000000e+00 6.500000000000000000e+01 5.800000000000000000e+01 0.000000000000000000e+00 1.600000000000000089e+00 -5.559680000000000177e-01 -8.233679999999999888e-01 1.138649999999999940e-01 1.116830000000000045e-01 -2.097430000000000128e-01 -9.713570000000000260e-01 8.236670000000000380e-01 -5.273259999999999614e-01 2.085660000000000014e-01
