4.000000000000000000e+00 1.500000000000000000e+01 4.000000000000000000e+00 0.000000000000000000e+00 1.600000000000000089e+00 -6.470000000000000057e-03 1.305599999999999990e-02 9.998939999999999495e-01 2.886159999999999837e-01 -9.573369999999999935e-01 1.436800000000000056e-02 9.574230000000000240e-01 2.886779999999999902e-01 2.426000000000000205e-03
2.200000000000000000e+01 1.600000000000000000e+01 4.000000000000000000e+00 0.000000000000000000e+00 1.600000000000000089e+00 -3.178999999999999968e-03 1.933400000000000049e-02 9.998080000000000300e-01 3.220520000000000049e-01 -9.465249999999999497e-01 1.932800000000000143e-02 9.467160000000000020e-01 3.220520000000000049e-01 -3.217999999999999940e-03
2.500000000000000000e+01 1.600000000000000000e+01 4.000000000000000000e+00 0.000000000000000000e+00 1.600000000000000089e+00 3.305999999999999911e-03 2.614899999999999863e-02 9.996530000000000138e-01 3.235600000000000143e-01 -9.459109999999999463e-01 2.367299999999999960e-02 9.462019999999999875e-01 3.233699999999999908e-01 -1.158799999999999934e-02
1.000000000000000000e+01 1.010000000000000000e+02 7.000000000000000000e+00 0.000000000000000000e+00 1.600000000000000089e+00 2.598000000000000049e-03 -4.846999999999999746e-03 9.999850000000000128e-01 8.882870000000000488e-01 4.592899999999999761e-01 -8.100000000000000375e-05 -4.592820000000000236e-01 8.882729999999999793e-01 5.499000000000000415e-03
4.000000000000000000e+00 1.500000000000000000e+01 8.000000000000000000e+00 0.000000000000000000e+00 1.600000000000000089e+00 1.062800000000000029e-02 1.031600000000000052e-02 -9.998899999999999455e-01 -5.779790000000000205e-01 -8.159210000000000074e-01 -1.456099999999999929e-02 -8.159819999999999851e-01 5.780710000000000015e-01 -2.709000000000000036e-03
9.000000000000000000e+00 1.500000000000000000e+01 8.000000000000000000e+00 0.000000000000000000e+00 1.600000000000000089e+00 1.138699999999999955e-02 2.253700000000000148e-02 -9.996810000000000418e-01 -5.751500000000000501e-01 -8.176660000000000039e-01 -2.498500000000000026e-02 -8.179680000000000284e-01 5.752519999999999856e-01 3.651000000000000165e-03
1.700000000000000000e+01 1.500000000000000000e+01 8.000000000000000000e+00 0.000000000000000000e+00 1.600000000000000089e+00 6.532999999999999745e-03 2.121899999999999828e-02 -9.997530000000000028e-01 -5.680880000000000374e-01 -8.226949999999999541e-01 -2.117399999999999838e-02 -8.229419999999999513e-01 5.680859999999999799e-01 6.679000000000000041e-03
2.200000000000000000e+01 1.500000000000000000e+01 8.000000000000000000e+00 0.000000000000000000e+00 1.600000000000000089e+00 7.322000000000000383e-03 1.507299999999999959e-02 -9.998599999999999710e-01 -5.648840000000000527e-01 -8.250039999999999596e-01 -1.657399999999999846e-02 -8.251380000000000381e-01 5.649260000000000392e-01 2.474000000000000071e-03
2.700000000000000000e+01 1.500000000000000000e+01 8.000000000000000000e+00 0.000000000000000000e+00 1.600000000000000089e+00 4.262000000000000163e-03 2.102499999999999855e-02 -9.997700000000000475e-01 -5.641329999999999956e-01 -8.254470000000000418e-01 -1.976400000000000032e-02 -8.256729999999999903e-01 5.640870000000000051e-01 8.342999999999999722e-03
1.500000000000000000e+01 2.600000000000000000e+01 8.000000000000000000e+00 0.000000000000000000e+00 1.600000000000000089e+00 -7.340000000000000170e-03 -2.073900000000000049e-02 -9.997580000000000355e-01 4.126360000000000028e-01 9.106319999999999970e-01 -2.191999999999999851e-02 9.108659999999999535e-01 -4.126969999999999805e-01 1.874000000000000015e-03
2.100000000000000000e+01 2.600000000000000000e+01 8.000000000000000000e+00 0.000000000000000000e+00 1.600000000000000089e+00 -5.473999999999999699e-03 -1.444699999999999977e-02 -9.998810000000000198e-01 4.174689999999999790e-01 9.085600000000000342e-01 -1.541299999999999962e-02 9.086739999999999817e-01 -4.175039999999999862e-01 1.057999999999999913e-03
2.800000000000000000e+01 2.600000000000000000e+01 8.000000000000000000e+00 0.000000000000000000e+00 1.600000000000000089e+00 -4.086000000000000222e-03 -1.821700000000000055e-02 -9.998259999999999925e-01 4.210550000000000126e-01 9.068519999999999914e-01 -1.824399999999999980e-02 9.070259999999999989e-01 -4.210559999999999858e-01 3.964999999999999775e-03
9.000000000000000000e+00 2.400000000000000000e+01 9.000000000000000000e+00 0.000000000000000000e+00 1.600000000000000089e+00 -9.532000000000000542e-03 -2.487999999999999934e-02 -9.996450000000000058e-01 4.642310000000000048e-01 8.853189999999999671e-01 -2.646099999999999841e-02 8.856629999999999781e-01 -4.643189999999999817e-01 3.112000000000000183e-03
1.400000000000000000e+01 2.400000000000000000e+01 9.000000000000000000e+00 0.000000000000000000e+00 1.600000000000000089e+00 -8.073999999999999580e-03 -2.545599999999999946e-02 -9.996429999999999483e-01 4.661989999999999745e-01 8.842900000000000205e-01 -2.628399999999999834e-02 8.846429999999999572e-01 -4.662439999999999918e-01 4.728000000000000431e-03
4.000000000000000000e+00 3.100000000000000000e+01 1.200000000000000000e+01 0.000000000000000000e+00 1.600000000000000089e+00 -6.380000000000000037e-04 -3.579999999999999741e-04 1.000000000000000000e+00 1.883999999999999911e-02 9.998219999999999885e-01 3.699999999999999947e-04 -9.998219999999999885e-01 1.883999999999999911e-02 -6.319999999999999663e-04
1.400000000000000000e+01 3.100000000000000000e+01 1.200000000000000000e+01 0.000000000000000000e+00 1.600000000000000089e+00 9.049999999999999885e-04 -1.381999999999999982e-03 9.999989999999999712e-01 9.676000000000000573e-03 9.999519999999999520e-01 1.373000000000000088e-03 -9.999529999999999808e-01 9.674999999999999573e-03 9.190000000000000035e-04
2.900000000000000000e+01 3.100000000000000000e+01 1.200000000000000000e+01 0.000000000000000000e+00 1.600000000000000089e+00 -2.766999999999999928e-03 2.090000000000000115e-04 9.999959999999999960e-01 1.493899999999999915e-02 9.998879999999999990e-01 -1.679999999999999907e-04 -9.998850000000000238e-01 1.493899999999999915e-02 -2.769999999999999893e-03
2.700000000000000000e+01 3.200000000000000000e+01 1.400000000000000000e+01 0.000000000000000000e+00 1.600000000000000089e+00 4.704999999999999981e-03 7.029999999999999574e-04 -9.999890000000000168e-01 1.215439999999999993e-01 9.925850000000000506e-01 1.270000000000000078e-03 9.925749999999999851e-01 -1.215490000000000043e-01 4.584000000000000401e-03
2.000000000000000000e+00 1.200000000000000000e+01 1.500000000000000000e+01 0.000000000000000000e+00 1.600000000000000089e+00 7.032000000000000056e-03 9.631999999999999937e-03 -9.999289999999999567e-01 -4.655690000000000106e-01 -8.849329999999999696e-01 -1.179799999999999946e-02 -8.849829999999999641e-01 4.656190000000000051e-01 -1.739000000000000094e-03
1.000000000000000000e+01 1.200000000000000000e+01 1.500000000000000000e+01 0.000000000000000000e+00 1.600000000000000089e+00 7.656999999999999744e-03 1.235999999999999946e-02 -9.998939999999999495e-01 -4.683249999999999913e-01 -8.834370000000000278e-01 -1.450700000000000080e-02 -8.835229999999999473e-01 4.683860000000000245e-01 -9.759999999999999796e-04
2.200000000000000000e+01 1.200000000000000000e+01 1.500000000000000000e+01 0.000000000000000000e+00 1.600000000000000089e+00 5.480999999999999761e-03 5.477000000000000098e-03 -9.999700000000000255e-01 -4.701199999999999823e-01 -8.825709999999999944e-01 -7.411000000000000053e-03 -8.825859999999999816e-01 4.701460000000000083e-01 -2.262000000000000122e-03
2.500000000000000000e+01 1.200000000000000000e+01 1.500000000000000000e+01 0.000000000000000000e+00 1.600000000000000089e+00 3.853999999999999787e-03 9.034000000000000363e-03 -9.999519999999999520e-01 -4.699010000000000131e-01 -8.826650000000000329e-01 -9.785000000000000295e-03 -8.827110000000000234e-01 4.699160000000000004e-01 8.429999999999999993e-04
3.000000000000000000e+01 1.200000000000000000e+01 1.500000000000000000e+01 0.000000000000000000e+00 1.600000000000000089e+00 -1.699999999999999987e-05 1.341299999999999958e-02 -9.999099999999999655e-01 -4.675460000000000171e-01 -8.838890000000000358e-01 -1.184900000000000016e-02 -8.839690000000000047e-01 4.675039999999999751e-01 6.287000000000000054e-03
3.000000000000000000e+00 1.160000000000000000e+02 1.600000000000000000e+01 0.000000000000000000e+00 1.600000000000000089e+00 -6.319999999999999663e-04 2.895000000000000004e-03 9.999959999999999960e-01 7.131669999999999954e-01 7.009929999999999772e-01 -1.579000000000000108e-03 -7.009940000000000060e-01 7.131619999999999626e-01 -2.507999999999999813e-03
8.000000000000000000e+00 1.160000000000000000e+02 1.600000000000000000e+01 0.000000000000000000e+00 1.600000000000000089e+00 -2.369999999999999874e-04 -2.843000000000000041e-03 9.999959999999999960e-01 7.048860000000000126e-01 7.093169999999999753e-01 2.184000000000000177e-03 -7.093199999999999505e-01 7.048839999999999550e-01 1.835999999999999958e-03
1.700000000000000000e+01 1.160000000000000000e+02 1.600000000000000000e+01 0.000000000000000000e+00 1.600000000000000089e+00 6.049999999999999606e-04 1.879999999999999944e-03 9.999980000000000535e-01 6.692219999999999835e-01 7.430600000000000538e-01 -1.801999999999999999e-03 -7.430620000000000003e-01 6.692219999999999835e-01 -8.090000000000000403e-04
2.100000000000000000e+01 1.160000000000000000e+02 1.600000000000000000e+01 0.000000000000000000e+00 1.600000000000000089e+00 -2.599999999999999772e-04 -1.258000000000000004e-03 9.999989999999999712e-01 6.716539999999999733e-01 7.408649999999999958e-01 1.105999999999999995e-03 -7.408649999999999958e-01 6.716529999999999445e-01 6.520000000000000188e-04
1.100000000000000000e+01 2.000000000000000000e+00 1.900000000000000000e+01 0.000000000000000000e+00 1.600000000000000089e+00 -5.289999999999999564e-04 4.852999999999999675e-03 -9.999879999999999880e-01 1.725520000000000109e-01 -9.849879999999999747e-01 -4.871999999999999595e-03 -9.849999999999999867e-01 -1.725530000000000119e-01 -3.159999999999999832e-04
1.600000000000000000e+01 2.000000000000000000e+00 1.900000000000000000e+01 0.000000000000000000e+00 1.600000000000000089e+00 -1.062000000000000010e-03 9.020000000000000240e-04 -9.999989999999999712e-01 1.685869999999999869e-01 -9.856859999999999511e-01 -1.067999999999999939e-03 -9.856859999999999511e-01 -1.685879999999999879e-01 8.949999999999999623e-04
1.900000000000000000e+01 2.000000000000000000e+00 1.900000000000000000e+01 0.000000000000000000e+00 1.600000000000000089e+00 -2.299999999999999961e-03 6.409999999999999682e-04 -9.999970000000000248e-01 1.669619999999999993e-01 -9.859630000000000338e-01 -1.015999999999999976e-03 -9.859609999999999763e-01 -1.669640000000000013e-01 2.161000000000000160e-03
2.300000000000000000e+01 2.000000000000000000e+00 1.900000000000000000e+01 0.000000000000000000e+00 1.600000000000000089e+00 -1.000999999999999937e-03 -2.489999999999999809e-04 -9.999989999999999712e-01 1.672659999999999980e-01 -9.859120000000000106e-01 7.799999999999999859e-05 -9.859109999999999818e-01 -1.672659999999999980e-01 1.028999999999999967e-03
2.800000000000000000e+01 2.000000000000000000e+00 1.900000000000000000e+01 0.000000000000000000e+00 1.600000000000000089e+00 2.602000000000000146e-03 1.673000000000000008e-03 -9.999949999999999672e-01 1.692800000000000138e-01 -9.855669999999999709e-01 -1.208000000000000089e-03 -9.855650000000000244e-01 -1.692760000000000098e-01 -2.847000000000000138e-03
3.000000000000000000e+00 4.000000000000000000e+00 2.000000000000000000e+01 0.000000000000000000e+00 1.600000000000000089e+00 -3.980000000000000031e-03 3.020999999999999814e-03 -9.999869999999999592e-01 2.727720000000000145e-01 -9.620699999999999807e-01 -3.991999999999999889e-03 -9.620710000000000095e-01 -2.727840000000000265e-01 3.004999999999999859e-03
7.000000000000000000e+00 4.000000000000000000e+00 2.000000000000000000e+01 0.000000000000000000e+00 1.600000000000000089e+00 -1.417000000000000074e-03 2.429000000000000169e-03 -9.999959999999999960e-01 2.779499999999999749e-01 -9.605920000000000014e-01 -2.726999999999999823e-03 -9.605939999999999479e-01 -2.779530000000000056e-01 6.859999999999999779e-04
1.100000000000000000e+01 4.000000000000000000e+00 2.000000000000000000e+01 0.000000000000000000e+00 1.600000000000000089e+00 -1.446999999999999936e-03 6.837000000000000195e-03 -9.999759999999999760e-01 2.727040000000000020e-01 -9.620729999999999560e-01 -6.971999999999999899e-03 -9.620969999999999800e-01 -2.727080000000000060e-01 -4.730000000000000046e-04
2.000000000000000000e+00 1.300000000000000000e+01 2.000000000000000000e+01 0.000000000000000000e+00 1.600000000000000089e+00 2.072000000000000057e-03 2.504999999999999848e-03 9.999949999999999672e-01 2.576060000000000016e-01 9.662460000000000493e-01 -2.954000000000000029e-03 -9.662479999999999958e-01 2.576100000000000056e-01 1.356000000000000000e-03
6.000000000000000000e+00 1.300000000000000000e+01 2.000000000000000000e+01 0.000000000000000000e+00 1.600000000000000089e+00 1.637999999999999916e-03 -7.217999999999999590e-03 9.999730000000000008e-01 2.587829999999999853e-01 9.659130000000000216e-01 6.548000000000000001e-03 -9.659339999999999593e-01 2.587659999999999960e-01 3.451000000000000074e-03
1.000000000000000000e+01 1.300000000000000000e+01 2.000000000000000000e+01 0.000000000000000000e+00 1.600000000000000089e+00 3.069999999999999812e-04 -1.025700000000000049e-02 9.999470000000000303e-01 2.583239999999999981e-01 9.660079999999999778e-01 9.830000000000000196e-03 -9.660579999999999723e-01 2.583070000000000088e-01 2.945999999999999834e-03
1.500000000000000000e+01 1.300000000000000000e+01 2.000000000000000000e+01 0.000000000000000000e+00 1.600000000000000089e+00 -5.360000000000000181e-04 -1.479999999999999925e-04 1.000000000000000000e+00 2.594130000000000047e-01 9.657660000000000133e-01 2.820000000000000241e-04 -9.657660000000000133e-01 2.594130000000000047e-01 -4.789999999999999879e-04
2.200000000000000000e+01 1.300000000000000000e+01 2.000000000000000000e+01 0.000000000000000000e+00 1.600000000000000089e+00 -6.799999999999999946e-05 -7.571999999999999738e-03 9.999710000000000543e-01 2.594770000000000132e-01 9.657210000000000516e-01 7.330999999999999843e-03 -9.657489999999999686e-01 2.594699999999999784e-01 1.899999999999999996e-03
2.600000000000000000e+01 1.300000000000000000e+01 2.000000000000000000e+01 0.000000000000000000e+00 1.600000000000000089e+00 -3.469999999999999777e-04 2.423999999999999939e-03 9.999970000000000248e-01 2.597729999999999762e-01 9.656670000000000531e-01 -2.250999999999999963e-03 -9.656700000000000284e-01 2.597720000000000029e-01 -9.650000000000000374e-04
3.000000000000000000e+01 1.300000000000000000e+01 2.000000000000000000e+01 0.000000000000000000e+00 1.600000000000000089e+00 -2.216000000000000088e-03 7.666000000000000071e-03 9.999679999999999680e-01 2.624319999999999986e-01 9.649259999999999504e-01 -6.814999999999999877e-03 -9.649480000000000279e-01 2.624079999999999746e-01 -4.150000000000000043e-03
7.000000000000000000e+00 1.600000000000000000e+01 2.100000000000000000e+01 0.000000000000000000e+00 1.600000000000000089e+00 1.541999999999999968e-03 -3.742000000000000100e-03 9.999919999999999920e-01 2.954269999999999952e-01 9.553599999999999870e-01 3.119999999999999944e-03 -9.553639999999999910e-01 2.954200000000000159e-01 2.579000000000000129e-03
1.500000000000000000e+01 1.600000000000000000e+01 2.100000000000000000e+01 0.000000000000000000e+00 1.600000000000000089e+00 1.029999999999999964e-04 5.546999999999999847e-03 9.999850000000000128e-01 2.965800000000000103e-01 9.549929999999999808e-01 -5.328000000000000271e-03 -9.550079999999999680e-01 2.965760000000000063e-01 -1.546000000000000065e-03
1.900000000000000000e+01 1.600000000000000000e+01 2.100000000000000000e+01 0.000000000000000000e+00 1.600000000000000089e+00 -6.890000000000000508e-04 -5.002999999999999635e-03 9.999869999999999592e-01 2.965380000000000238e-01 9.550079999999999680e-01 4.982999999999999582e-03 -9.550210000000000088e-01 2.965380000000000238e-01 8.249999999999999955e-04
2.300000000000000000e+01 1.600000000000000000e+01 2.100000000000000000e+01 0.000000000000000000e+00 1.600000000000000089e+00 -4.800000000000000122e-05 -5.349999999999999721e-03 9.999860000000000415e-01 2.967420000000000058e-01 9.549440000000000150e-01 5.122999999999999950e-03 -9.549579999999999735e-01 2.967380000000000018e-01 1.541999999999999968e-03
9.000000000000000000e+00 3.000000000000000000e+00 2.500000000000000000e+01 0.000000000000000000e+00 1.600000000000000089e+00 -4.804000000000000110e-03 8.137999999999999401e-03 9.999550000000000383e-01 -1.603999999999999870e-02 -9.998390000000000333e-01 8.059999999999999457e-03 9.998599999999999710e-01 -1.600000000000000033e-02 4.934000000000000018e-03
6.000000000000000000e+00 4.600000000000000000e+01 2.700000000000000000e+01 0.000000000000000000e+00 1.600000000000000089e+00 9.550000000000000112e-04 1.593999999999999931e-03 -9.999980000000000535e-01 6.808330000000000215e-01 7.324359999999999760e-01 1.817999999999999955e-03 7.324380000000000335e-01 -6.808340000000000503e-01 -3.860000000000000041e-04
1.200000000000000000e+01 4.600000000000000000e+01 2.700000000000000000e+01 0.000000000000000000e+00 1.600000000000000089e+00 5.969999999999999829e-04 -6.310000000000000504e-04 -1.000000000000000000e+00 6.847680000000000433e-01 7.287620000000000209e-01 -5.099999999999999960e-05 7.287609999999999921e-01 -6.847670000000000146e-01 8.670000000000000406e-04
2.200000000000000000e+01 4.600000000000000000e+01 2.700000000000000000e+01 0.000000000000000000e+00 1.600000000000000089e+00 8.249999999999999955e-04 1.203999999999999992e-03 -9.999989999999999712e-01 6.799730000000000496e-01 7.332359999999999989e-01 1.443999999999999971e-03 7.332370000000000276e-01 -6.799730000000000496e-01 -2.139999999999999975e-04
2.400000000000000000e+01 4.600000000000000000e+01 3.000000000000000000e+01 0.000000000000000000e+00 1.600000000000000089e+00 4.400000000000000157e-04 2.599999999999999840e-05 -1.000000000000000000e+00 3.363110000000000266e-01 9.417510000000000048e-01 1.720000000000000066e-04 9.417510000000000048e-01 -3.363110000000000266e-01 4.060000000000000024e-04
1.300000000000000000e+01 5.800000000000000000e+01 3.100000000000000000e+01 0.000000000000000000e+00 1.600000000000000089e+00 6.629999999999999609e-04 2.849999999999999886e-04 1.000000000000000000e+00 -8.013710000000000555e-01 -5.981670000000000043e-01 7.010000000000000172e-04 5.981670000000000043e-01 -8.013710000000000555e-01 -1.679999999999999907e-04
2.900000000000000000e+01 5.800000000000000000e+01 3.100000000000000000e+01 0.000000000000000000e+00 1.600000000000000089e+00 -3.033999999999999805e-03 -2.207999999999999893e-03 9.999930000000000208e-01 -7.970009999999999595e-01 -6.039670000000000316e-01 -3.752000000000000127e-03 6.039710000000000356e-01 -7.970059999999999922e-01 7.200000000000000182e-05
9.000000000000000000e+00 4.600000000000000000e+01 3.500000000000000000e+01 0.000000000000000000e+00 1.600000000000000089e+00 -4.380000000000000213e-04 -5.289999999999999564e-04 -1.000000000000000000e+00 3.866160000000000152e-01 -9.222409999999999775e-01 3.179999999999999776e-04 -9.222409999999999775e-01 -3.866149999999999864e-01 6.089999999999999494e-04
1.200000000000000000e+01 4.600000000000000000e+01 3.500000000000000000e+01 0.000000000000000000e+00 1.600000000000000089e+00 -6.679999999999999740e-04 1.358999999999999965e-03 -9.999989999999999712e-01 3.860049999999999870e-01 -9.224949999999999539e-01 -1.512000000000000106e-03 -9.224959999999999827e-01 -3.860060000000000158e-01 9.100000000000000287e-05
1.600000000000000000e+01 4.600000000000000000e+01 3.500000000000000000e+01 0.000000000000000000e+00 1.600000000000000089e+00 -5.320000000000000293e-04 1.544999999999999932e-03 -9.999989999999999712e-01 3.864049999999999985e-01 -9.223280000000000367e-01 -1.629999999999999939e-03 -9.223289999999999544e-01 -3.864049999999999985e-01 -1.069999999999999988e-04
2.700000000000000000e+01 4.600000000000000000e+01 3.500000000000000000e+01 0.000000000000000000e+00 1.600000000000000089e+00 -2.001999999999999873e-03 5.754999999999999699e-03 -9.999810000000000088e-01 3.910710000000000020e-01 -9.203400000000000469e-01 -6.079000000000000202e-03 -9.203580000000000094e-01 -3.910759999999999792e-01 -4.079999999999999968e-04
4.000000000000000000e+00 9.500000000000000000e+01 3.600000000000000000e+01 0.000000000000000000e+00 1.600000000000000089e+00 -2.392000000000000029e-03 1.067399999999999946e-02 9.999400000000000510e-01 9.971170000000000311e-01 7.585999999999999688e-02 1.575999999999999927e-03 -7.583900000000000363e-02 9.970609999999999751e-01 -1.082400000000000029e-02
1.000000000000000000e+01 9.500000000000000000e+01 3.600000000000000000e+01 0.000000000000000000e+00 1.600000000000000089e+00 5.487999999999999823e-03 -1.497099999999999993e-02 9.998730000000000118e-01 9.975549999999999695e-01 6.974700000000000344e-02 -4.431000000000000043e-03 -6.967199999999999782e-02 9.974520000000000053e-01 1.531700000000000075e-02
1.900000000000000000e+01 9.500000000000000000e+01 3.600000000000000000e+01 0.000000000000000000e+00 1.600000000000000089e+00 -2.286999999999999970e-03 3.000000000000000076e-05 9.999970000000000248e-01 9.970729999999999871e-01 7.641699999999999882e-02 2.278000000000000077e-03 -7.641599999999999782e-02 9.970759999999999623e-01 -2.039999999999999984e-04
2.300000000000000000e+01 9.500000000000000000e+01 3.600000000000000000e+01 0.000000000000000000e+00 1.600000000000000089e+00 -4.767999999999999669e-03 -1.812700000000000075e-02 9.998240000000000460e-01 9.968510000000000426e-01 7.905600000000000127e-02 6.186999999999999791e-03 -7.915400000000000214e-02 9.967049999999999521e-01 1.769300000000000039e-02
2.700000000000000000e+01 9.500000000000000000e+01 3.600000000000000000e+01 0.000000000000000000e+00 1.600000000000000089e+00 4.034000000000000259e-03 9.953999999999999307e-03 9.999419999999999975e-01 9.965119999999999534e-01 8.330899999999999417e-02 -4.849000000000000012e-03 -8.335299999999999654e-02 9.964739999999999709e-01 -9.584000000000000505e-03
3.000000000000000000e+00 2.900000000000000000e+01 4.400000000000000000e+01 0.000000000000000000e+00 1.600000000000000089e+00 -9.089999999999999773e-04 2.369999999999999874e-04 -1.000000000000000000e+00 6.658300000000000329e-01 7.461039999999999894e-01 -4.279999999999999950e-04 7.461029999999999607e-01 -6.658300000000000329e-01 -8.360000000000000460e-04
7.000000000000000000e+00 2.900000000000000000e+01 4.400000000000000000e+01 0.000000000000000000e+00 1.600000000000000089e+00 -1.394999999999999973e-03 2.501999999999999884e-03 -9.999959999999999960e-01 6.652329999999999632e-01 7.466350000000000486e-01 9.399999999999999719e-04 7.466350000000000486e-01 -6.652289999999999592e-01 -2.706000000000000072e-03
1.300000000000000000e+01 2.900000000000000000e+01 4.400000000000000000e+01 0.000000000000000000e+00 1.600000000000000089e+00 -6.026000000000000106e-03 -1.902999999999999961e-03 -9.999799999999999800e-01 6.446739999999999693e-01 7.644389999999999796e-01 -5.340000000000000129e-03 7.644339999999999469e-01 -6.446929999999999605e-01 -3.379000000000000059e-03
1.800000000000000000e+01 2.900000000000000000e+01 4.400000000000000000e+01 0.000000000000000000e+00 1.600000000000000089e+00 -1.616000000000000032e-03 -1.683999999999999950e-03 -9.999970000000000248e-01 6.391850000000000032e-01 7.690489999999999826e-01 -2.328000000000000208e-03 7.690510000000000401e-01 -6.391869999999999497e-01 -1.669999999999999935e-04
2.900000000000000000e+01 2.900000000000000000e+01 4.400000000000000000e+01 0.000000000000000000e+00 1.600000000000000089e+00 4.525999999999999641e-03 1.325000000000000006e-03 -9.999890000000000168e-01 6.673310000000000075e-01 7.447510000000000518e-01 4.007000000000000145e-03 7.447479999999999656e-01 -6.673419999999999908e-01 2.487000000000000061e-03
2.100000000000000000e+01 6.000000000000000000e+00 5.100000000000000000e+01 0.000000000000000000e+00 1.600000000000000089e+00 -5.421999999999999736e-03 2.269999999999999882e-03 -9.999829999999999552e-01 3.232729999999999770e-01 -9.462979999999999725e-01 -3.900999999999999954e-03 -9.462899999999999645e-01 -3.232889999999999930e-01 4.396999999999999867e-03
2.500000000000000000e+01 7.000000000000000000e+00 5.200000000000000000e+01 0.000000000000000000e+00 1.600000000000000089e+00 -3.163000000000000013e-03 1.915999999999999951e-03 -9.999930000000000208e-01 8.825900000000000412e-02 -9.960949999999999527e-01 -2.187999999999999841e-03 -9.960919999999999774e-01 -8.826599999999999724e-02 2.981999999999999842e-03
8.000000000000000000e+00 1.500000000000000000e+01 5.300000000000000000e+01 0.000000000000000000e+00 1.600000000000000089e+00 1.172000000000000082e-03 6.999999999999999387e-05 -9.999989999999999712e-01 6.774350000000000094e-01 7.355819999999999581e-01 8.459999999999999638e-04 7.355810000000000404e-01 -6.774360000000000381e-01 8.149999999999999693e-04
1.000000000000000000e+00 6.300000000000000000e+01 5.400000000000000000e+01 0.000000000000000000e+00 1.600000000000000089e+00 9.479999999999999495e-04 4.500000000000000283e-05 1.000000000000000000e+00 -3.501029999999999975e-01 9.367109999999999603e-01 2.900000000000000017e-04 -9.367109999999999603e-01 -3.501029999999999975e-01 9.030000000000000483e-04
4.000000000000000000e+00 6.300000000000000000e+01 5.400000000000000000e+01 0.000000000000000000e+00 1.600000000000000089e+00 1.101999999999999898e-03 2.180000000000000134e-04 9.999989999999999712e-01 -3.514340000000000241e-01 9.362129999999999619e-01 1.830000000000000029e-04 -9.362120000000000442e-01 -3.514340000000000241e-01 1.108000000000000044e-03
8.000000000000000000e+00 6.300000000000000000e+01 5.400000000000000000e+01 0.000000000000000000e+00 1.600000000000000089e+00 -4.960000000000000216e-04 4.560000000000000251e-04 1.000000000000000000e+00 -3.487970000000000237e-01 9.371979999999999755e-01 -5.999999999999999474e-04 -9.371979999999999755e-01 -3.487970000000000237e-01 -3.049999999999999868e-04
1.800000000000000000e+01 6.300000000000000000e+01 5.400000000000000000e+01 0.000000000000000000e+00 1.600000000000000089e+00 -5.410000000000000312e-04 2.099999999999999884e-05 1.000000000000000000e+00 -3.519939999999999736e-01 9.360020000000000007e-01 -2.100000000000000087e-04 -9.360020000000000007e-01 -3.519939999999999736e-01 -4.989999999999999861e-04
2.400000000000000000e+01 6.300000000000000000e+01 5.400000000000000000e+01 0.000000000000000000e+00 1.600000000000000089e+00 1.015000000000000060e-03 -1.051000000000000068e-03 9.999989999999999712e-01 -3.531679999999999819e-01 9.355590000000000295e-01 1.342000000000000094e-03 -9.355590000000000295e-01 -3.531690000000000107e-01 5.779999999999999548e-04
2.900000000000000000e+01 6.300000000000000000e+01 5.400000000000000000e+01 0.000000000000000000e+00 1.600000000000000089e+00 -9.269999999999999811e-04 1.546999999999999981e-03 9.999980000000000535e-01 -3.572529999999999872e-01 9.340060000000000029e-01 -1.776000000000000018e-03 -9.340070000000000316e-01 -3.572540000000000160e-01 -3.130000000000000187e-04
4.000000000000000000e+00 2.500000000000000000e+01 5.500000000000000000e+01 0.000000000000000000e+00 1.600000000000000089e+00 1.061000000000000094e-03 1.113000000000000057e-03 -9.999989999999999712e-01 -1.123299999999999993e-02 -9.999360000000000470e-01 -1.124999999999999915e-03 -9.999360000000000470e-01 1.123399999999999919e-02 -1.049000000000000019e-03
6.000000000000000000e+00 2.500000000000000000e+01 5.500000000000000000e+01 0.000000000000000000e+00 1.600000000000000089e+00 1.260000000000000052e-03 3.046000000000000096e-03 -9.999949999999999672e-01 -1.126500000000000071e-02 -9.999320000000000430e-01 -3.059999999999999786e-03 -9.999360000000000470e-01 1.126899999999999950e-02 -1.226000000000000093e-03
1.700000000000000000e+01 2.500000000000000000e+01 5.500000000000000000e+01 0.000000000000000000e+00 1.600000000000000089e+00 1.314999999999999980e-03 -1.978999999999999856e-03 -9.999970000000000248e-01 -1.272000000000000040e-02 -9.999169999999999447e-01 1.962000000000000202e-03 -9.999179999999999735e-01 1.271800000000000014e-02 -1.340000000000000045e-03
2.200000000000000000e+01 2.500000000000000000e+01 5.500000000000000000e+01 0.000000000000000000e+00 1.600000000000000089e+00 -1.150999999999999896e-03 1.538000000000000088e-03 -9.999980000000000535e-01 -1.270800000000000055e-02 -9.999179999999999735e-01 -1.523000000000000048e-03 -9.999190000000000023e-01 1.270600000000000028e-02 1.170000000000000033e-03
2.700000000000000000e+01 2.500000000000000000e+01 5.500000000000000000e+01 0.000000000000000000e+00 1.600000000000000089e+00 -1.116999999999999937e-03 -4.585999999999999799e-03 -9.999890000000000168e-01 -1.047999999999999973e-02 -9.999339999999999895e-01 4.597999999999999657e-03 -9.999440000000000550e-01 1.048499999999999953e-02 1.069000000000000072e-03
5.000000000000000000e+00 5.800000000000000000e+01 5.900000000000000000e+01 0.000000000000000000e+00 1.600000000000000089e+00 -4.562000000000000083e-03 6.121999999999999838e-03 -9.999710000000000543e-01 3.866780000000000217e-01 9.222069999999999990e-01 3.882000000000000034e-03 9.222029999999999950e-01 -3.866490000000000204e-01 -6.573999999999999982e-03
2.800000000000000000e+01 5.800000000000000000e+01 5.900000000000000000e+01 0.000000000000000000e+00 1.600000000000000089e+00 -4.270999999999999623e-03 -4.405000000000000061e-03 -9.999810000000000088e-01 3.818420000000000147e-01 9.242099999999999760e-01 -5.701999999999999603e-03 9.242179999999999840e-01 -3.818590000000000040e-01 -2.265000000000000086e-03
1.200000000000000000e+01 3.000000000000000000e+00 6.300000000000000000e+01 0.000000000000000000e+00 1.600000000000000089e+00 3.477000000000000056e-03 -7.067999999999999630e-03 9.999689999999999968e-01 -6.168209999999999527e-01 7.870650000000000146e-01 7.707999999999999574e-03 -7.870960000000000178e-01 -6.168289999999999607e-01 -1.623000000000000094e-03
1.500000000000000000e+01 3.000000000000000000e+00 6.300000000000000000e+01 0.000000000000000000e+00 1.600000000000000089e+00 9.909999999999999105e-04 -4.890000000000000249e-03 9.999869999999999592e-01 -6.177570000000000006e-01 7.863560000000000549e-01 4.457000000000000024e-03 -7.863679999999999559e-01 -6.177540000000000253e-01 -2.242000000000000069e-03
4.000000000000000000e+00 2.700000000000000000e+01 6.300000000000000000e+01 0.000000000000000000e+00 1.600000000000000089e+00 5.159999999999999656e-04 -8.918000000000000579e-03 9.999599999999999600e-01 -2.793490000000000140e-01 9.601499999999999480e-01 8.706999999999999462e-03 -9.601889999999999592e-01 -2.793430000000000080e-01 -1.995999999999999944e-03
1.200000000000000000e+01 2.700000000000000000e+01 6.300000000000000000e+01 0.000000000000000000e+00 1.600000000000000089e+00 2.300000000000000070e-04 1.208000000000000089e-03 9.999989999999999712e-01 -2.828979999999999828e-01 9.591490000000000293e-01 -1.093999999999999920e-03 -9.591499999999999471e-01 -2.828970000000000096e-01 5.630000000000000239e-04
1.600000000000000000e+01 2.700000000000000000e+01 6.300000000000000000e+01 0.000000000000000000e+00 1.600000000000000089e+00 4.500000000000000283e-05 1.257000000000000088e-03 9.999989999999999712e-01 -2.836400000000000032e-01 9.589299999999999491e-01 -1.193000000000000050e-03 -9.589309999999999778e-01 -2.836400000000000032e-01 3.989999999999999949e-04
2.000000000000000000e+01 2.700000000000000000e+01 6.300000000000000000e+01 0.000000000000000000e+00 1.600000000000000089e+00 -2.849999999999999886e-04 4.565999999999999746e-03 9.999900000000000455e-01 -2.837120000000000197e-01 9.588989999999999458e-01 -4.460000000000000422e-03 -9.589100000000000401e-01 -2.837100000000000177e-01 1.021999999999999905e-03
2.500000000000000000e+01 2.700000000000000000e+01 6.300000000000000000e+01 0.000000000000000000e+00 1.600000000000000089e+00 -1.817999999999999955e-03 -2.534999999999999927e-03 9.999949999999999672e-01 -2.838879999999999737e-01 9.588560000000000416e-01 1.913999999999999903e-03 -9.588560000000000416e-01 -2.838829999999999965e-01 -2.462999999999999912e-03
3.000000000000000000e+01 2.700000000000000000e+01 6.300000000000000000e+01 0.000000000000000000e+00 1.600000000000000089e+00 -2.449999999999999921e-03 -9.336000000000000548e-03 9.999529999999999808e-01 -2.823280000000000234e-01 9.592819999999999681e-01 8.264000000000000512e-03 -9.593150000000000288e-01 -2.822950000000000181e-01 -4.985999999999999981e-03
4.000000000000000000e+00 2.600000000000000000e+01 6.400000000000000000e+01 0.000000000000000000e+00 1.600000000000000089e+00 1.487999999999999956e-03 -8.717000000000000789e-03 9.999609999999999888e-01 -3.593640000000000168e-01 9.331570000000000142e-01 8.668999999999999623e-03 -9.331960000000000255e-01 -3.593629999999999880e-01 -1.744000000000000107e-03
9.000000000000000000e+00 2.600000000000000000e+01 6.400000000000000000e+01 0.000000000000000000e+00 1.600000000000000089e+00 4.000000000000000192e-04 1.763000000000000027e-03 9.999980000000000535e-01 -3.627059999999999729e-01 9.319020000000000081e-01 -1.497999999999999983e-03 -9.319030000000000369e-01 -3.627049999999999996e-01 1.012000000000000096e-03
1.600000000000000000e+01 2.600000000000000000e+01 6.400000000000000000e+01 0.000000000000000000e+00 1.600000000000000089e+00 1.820000000000000057e-04 1.562000000000000020e-03 9.999989999999999712e-01 -3.639490000000000225e-01 9.314179999999999682e-01 -1.387999999999999911e-03 -9.314189999999999969e-01 -3.639479999999999937e-01 7.380000000000000492e-04
2.000000000000000000e+01 2.600000000000000000e+01 6.400000000000000000e+01 0.000000000000000000e+00 1.600000000000000089e+00 -8.239999999999999712e-04 3.981000000000000164e-03 9.999919999999999920e-01 -3.649020000000000041e-01 9.310370000000000035e-01 -4.008000000000000278e-03 -9.310460000000000402e-01 -3.649020000000000041e-01 6.849999999999999535e-04
2.400000000000000000e+01 2.600000000000000000e+01 6.400000000000000000e+01 0.000000000000000000e+00 1.600000000000000089e+00 -2.482999999999999964e-03 -1.338999999999999913e-03 9.999959999999999960e-01 -3.668969999999999732e-01 9.302610000000000046e-01 3.350000000000000113e-04 -9.302580000000000293e-01 -3.668950000000000267e-01 -2.801000000000000104e-03
1.800000000000000000e+01 6.900000000000000000e+01 6.600000000000000000e+01 0.000000000000000000e+00 1.600000000000000089e+00 -1.330000000000000019e-03 -9.859999999999998974e-04 9.999989999999999712e-01 -9.502059999999999951e-01 3.116209999999999813e-01 -9.569999999999999514e-04 -3.116200000000000081e-01 -9.502059999999999951e-01 -1.351999999999999903e-03
2.000000000000000000e+00 2.500000000000000000e+01 7.300000000000000000e+01 0.000000000000000000e+00 1.600000000000000089e+00 4.299999999999999894e-04 2.726999999999999823e-03 9.999959999999999960e-01 7.571329999999999449e-01 -6.532590000000000341e-01 1.456000000000000046e-03 6.532599999999999518e-01 7.571299999999999697e-01 -2.345999999999999995e-03
7.000000000000000000e+00 2.500000000000000000e+01 7.300000000000000000e+01 0.000000000000000000e+00 1.600000000000000089e+00 -1.580999999999999940e-03 -3.226000000000000135e-03 9.999940000000000495e-01 7.561489999999999601e-01 -6.543989999999999529e-01 -9.160000000000000390e-04 6.543970000000000065e-01 7.561430000000000096e-01 3.474000000000000091e-03
1.300000000000000000e+01 2.500000000000000000e+01 7.300000000000000000e+01 0.000000000000000000e+00 1.600000000000000089e+00 1.299999999999999886e-04 8.440000000000000236e-04 1.000000000000000000e+00 7.540540000000000020e-01 -6.568119999999999514e-01 4.560000000000000251e-04 6.568129999999999802e-01 7.540529999999999733e-01 -7.209999999999999612e-04
2.100000000000000000e+01 2.500000000000000000e+01 7.300000000000000000e+01 0.000000000000000000e+00 1.600000000000000089e+00 9.340000000000000429e-04 -1.108999999999999960e-03 9.999989999999999712e-01 7.532539999999999791e-01 -6.577290000000000081e-01 -1.433000000000000029e-03 6.577300000000000368e-01 7.532539999999999791e-01 2.210000000000000050e-04
2.800000000000000000e+01 2.500000000000000000e+01 7.300000000000000000e+01 0.000000000000000000e+00 1.600000000000000089e+00 2.779999999999999811e-04 6.087000000000000396e-03 9.999810000000000088e-01 7.552259999999999529e-01 -6.554539999999999811e-01 3.779999999999999940e-03 6.554649999999999643e-01 7.552109999999999657e-01 -4.780000000000000394e-03
4.000000000000000000e+00 4.400000000000000000e+01 7.300000000000000000e+01 0.000000000000000000e+00 1.600000000000000089e+00 -2.660000000000000146e-04 -2.128000000000000117e-03 9.999980000000000535e-01 4.905500000000000138e-02 -9.987939999999999596e-01 -2.112000000000000162e-03 9.987960000000000171e-01 4.905500000000000138e-02 3.699999999999999947e-04
1.000000000000000000e+01 4.400000000000000000e+01 7.300000000000000000e+01 0.000000000000000000e+00 1.600000000000000089e+00 5.339999999999999695e-04 2.122000000000000188e-03 9.999980000000000535e-01 5.017400000000000332e-02 -9.987380000000000146e-01 2.092000000000000109e-03 9.987399999999999611e-01 5.017300000000000232e-02 -6.390000000000000280e-04
1.400000000000000000e+01 4.400000000000000000e+01 7.300000000000000000e+01 0.000000000000000000e+00 1.600000000000000089e+00 3.820000000000000153e-04 -1.815999999999999906e-03 9.999980000000000535e-01 5.139200000000000018e-02 -9.986770000000000369e-01 -1.832999999999999994e-03 9.986789999999999834e-01 5.139300000000000118e-02 -2.880000000000000073e-04
2.100000000000000000e+01 4.400000000000000000e+01 7.300000000000000000e+01 0.000000000000000000e+00 1.600000000000000089e+00 -2.059999999999999928e-04 -1.858999999999999975e-03 9.999980000000000535e-01 5.252799999999999830e-02 -9.986180000000000057e-01 -1.845999999999999985e-03 9.986190000000000344e-01 5.252699999999999730e-02 3.040000000000000167e-04
2.800000000000000000e+01 4.400000000000000000e+01 7.300000000000000000e+01 0.000000000000000000e+00 1.600000000000000089e+00 8.000000000000000383e-04 2.105000000000000100e-03 9.999970000000000248e-01 5.219100000000000128e-02 -9.986350000000000504e-01 2.060999999999999898e-03 9.986369999999999969e-01 5.218899999999999928e-02 -9.089999999999999773e-04
9.000000000000000000e+00 9.100000000000000000e+01 7.600000000000000000e+01 0.000000000000000000e+00 1.600000000000000089e+00 -2.023000000000000059e-03 -7.140000000000000079e-04 9.999980000000000535e-01 3.182840000000000114e-01 -9.479950000000000321e-01 -3.300000000000000253e-05 9.479929999999999746e-01 3.182829999999999826e-01 2.145000000000000205e-03
1.900000000000000000e+01 9.100000000000000000e+01 7.600000000000000000e+01 0.000000000000000000e+00 1.600000000000000089e+00 -1.485999999999999908e-03 2.199999999999999943e-05 9.999989999999999712e-01 3.037059999999999760e-01 -9.527660000000000018e-01 4.730000000000000046e-04 9.527649999999999730e-01 3.037059999999999760e-01 1.409000000000000096e-03
2.600000000000000000e+01 9.100000000000000000e+01 7.600000000000000000e+01 0.000000000000000000e+00 1.600000000000000089e+00 -5.389999999999999826e-04 -5.950000000000000427e-04 1.000000000000000000e+00 3.189719999999999778e-01 -9.477640000000000509e-01 -3.919999999999999873e-04 9.477640000000000509e-01 3.189719999999999778e-01 6.999999999999999929e-04
5.000000000000000000e+00 4.400000000000000000e+01 8.300000000000000000e+01 0.000000000000000000e+00 1.600000000000000089e+00 5.800000000000000034e-04 -8.271999999999999839e-03 9.999660000000000215e-01 5.896850000000000147e-01 -8.076029999999999598e-01 -7.022999999999999729e-03 8.076330000000000453e-01 5.896689999999999987e-01 4.409999999999999858e-03
1.000000000000000000e+01 4.400000000000000000e+01 8.300000000000000000e+01 0.000000000000000000e+00 1.600000000000000089e+00 1.644999999999999978e-03 -2.827999999999999785e-03 9.999949999999999672e-01 5.935740000000000460e-01 -8.047729999999999606e-01 -3.252999999999999815e-03 8.047779999999999934e-01 5.935759999999999925e-01 3.550000000000000096e-04
