5.000000000000000000e+00 1.500000000000000000e+01 4.000000000000000000e+00 0.000000000000000000e+00 1.600000000000000089e+00 -2.546000000000000086e-03 1.395899999999999919e-02 9.998989999999999823e-01 3.163489999999999913e-01 -9.485390000000000210e-01 1.404799999999999972e-02 9.486400000000000388e-01 3.163529999999999953e-01 -2.001000000000000174e-03
1.400000000000000000e+01 1.500000000000000000e+01 4.000000000000000000e+00 0.000000000000000000e+00 1.600000000000000089e+00 -2.642999999999999950e-03 2.818500000000000172e-02 9.995990000000000153e-01 3.230489999999999751e-01 -9.459819999999999895e-01 2.752699999999999939e-02 9.463789999999999702e-01 3.229920000000000013e-01 -6.604999999999999760e-03
1.800000000000000000e+01 1.300000000000000000e+01 5.000000000000000000e+00 0.000000000000000000e+00 1.600000000000000089e+00 -6.285999999999999921e-03 6.377599999999999936e-02 9.979440000000000532e-01 3.310119999999999729e-01 -9.415710000000000468e-01 6.225900000000000184e-02 9.436059999999999448e-01 3.307229999999999892e-01 -1.519200000000000064e-02
2.400000000000000000e+01 1.000000000000000000e+00 6.000000000000000000e+00 0.000000000000000000e+00 1.600000000000000089e+00 -1.767799999999999927e-02 1.144349999999999951e-01 -9.932729999999999615e-01 -1.817769999999999941e-01 -9.772410000000000263e-01 -1.093530000000000058e-01 -9.831809999999999716e-01 1.786210000000000020e-01 3.807699999999999974e-02
1.300000000000000000e+01 1.010000000000000000e+02 7.000000000000000000e+00 0.000000000000000000e+00 1.600000000000000089e+00 -1.033000000000000064e-03 -5.264999999999999715e-03 9.999860000000000415e-01 8.881310000000000038e-01 4.595779999999999865e-01 3.337000000000000122e-03 -4.595890000000000253e-01 8.881219999999999670e-01 4.200999999999999873e-03
2.000000000000000000e+01 1.010000000000000000e+02 7.000000000000000000e+00 0.000000000000000000e+00 1.600000000000000089e+00 2.020000000000000040e-04 1.673499999999999988e-02 9.998599999999999710e-01 8.893760000000000554e-01 4.571089999999999876e-01 -7.830999999999999420e-03 -4.571760000000000268e-01 8.892529999999999601e-01 -1.479100000000000033e-02
2.900000000000000000e+01 1.010000000000000000e+02 7.000000000000000000e+00 0.000000000000000000e+00 1.600000000000000089e+00 9.020000000000000240e-04 9.899999999999999404e-05 1.000000000000000000e+00 8.885389999999999677e-01 4.588010000000000144e-01 -8.469999999999999881e-04 -4.588010000000000144e-01 8.885389999999999677e-01 3.260000000000000094e-04
5.000000000000000000e+00 2.500000000000000000e+01 8.000000000000000000e+00 0.000000000000000000e+00 1.600000000000000089e+00 -1.592000000000000099e-03 -4.634000000000000098e-03 -9.999879999999999880e-01 4.441629999999999745e-01 8.959329999999999794e-01 -4.858999999999999604e-03 8.959449999999999914e-01 -4.441649999999999765e-01 6.319999999999999663e-04
1.100000000000000000e+01 2.500000000000000000e+01 8.000000000000000000e+00 0.000000000000000000e+00 1.600000000000000089e+00 -1.448999999999999984e-03 -5.926999999999999977e-03 -9.999810000000000088e-01 4.459779999999999855e-01 8.950240000000000418e-01 -5.950999999999999693e-03 8.950430000000000330e-01 -4.459779999999999855e-01 1.347000000000000107e-03
2.100000000000000000e+01 2.500000000000000000e+01 8.000000000000000000e+00 0.000000000000000000e+00 1.600000000000000089e+00 -1.801000000000000083e-03 -2.394999999999999993e-03 -9.999949999999999672e-01 4.468269999999999742e-01 8.946159999999999668e-01 -2.946999999999999967e-03 8.946190000000000531e-01 -4.468300000000000050e-01 -5.419999999999999471e-04
2.800000000000000000e+01 2.500000000000000000e+01 8.000000000000000000e+00 0.000000000000000000e+00 1.600000000000000089e+00 -2.799999999999999958e-05 1.180999999999999975e-03 -9.999989999999999712e-01 4.465700000000000225e-01 8.947479999999999878e-01 1.044000000000000006e-03 8.947490000000000165e-01 -4.465700000000000225e-01 -5.529999999999999976e-04
4.000000000000000000e+00 2.400000000000000000e+01 9.000000000000000000e+00 0.000000000000000000e+00 1.600000000000000089e+00 -1.446000000000000020e-03 -5.553999999999999909e-03 -9.999839999999999840e-01 4.498119999999999896e-01 8.931059999999999555e-01 -5.610999999999999668e-03 8.931219999999999715e-01 -4.498130000000000184e-01 1.206999999999999957e-03
1.200000000000000000e+01 2.400000000000000000e+01 9.000000000000000000e+00 0.000000000000000000e+00 1.600000000000000089e+00 -1.698000000000000074e-03 -8.111999999999999419e-03 -9.999660000000000215e-01 4.513730000000000242e-01 8.922989999999999533e-01 -8.004999999999999963e-03 8.923339999999999606e-01 -4.513719999999999954e-01 2.145999999999999904e-03
1.600000000000000000e+01 2.400000000000000000e+01 9.000000000000000000e+00 0.000000000000000000e+00 1.600000000000000089e+00 -1.796000000000000070e-03 -4.641000000000000160e-03 -9.999879999999999880e-01 4.518289999999999806e-01 8.920909999999999673e-01 -4.951999999999999805e-03 8.921029999999999793e-01 -4.518329999999999846e-01 4.949999999999999973e-04
2.100000000000000000e+01 2.400000000000000000e+01 9.000000000000000000e+00 0.000000000000000000e+00 1.600000000000000089e+00 -9.970000000000000563e-04 -9.990000000000001049e-04 -9.999989999999999712e-01 4.529719999999999858e-01 8.915239999999999831e-01 -1.343000000000000010e-03 8.915239999999999831e-01 -4.529730000000000145e-01 -4.369999999999999970e-04
2.500000000000000000e+01 2.400000000000000000e+01 9.000000000000000000e+00 0.000000000000000000e+00 1.600000000000000089e+00 -4.789999999999999879e-04 -5.133000000000000410e-03 -9.999869999999999592e-01 4.520770000000000066e-01 8.919660000000000366e-01 -4.794999999999999783e-03 8.919789999999999663e-01 -4.520730000000000026e-01 1.892999999999999934e-03
3.000000000000000000e+01 7.000000000000000000e+00 1.000000000000000000e+01 0.000000000000000000e+00 1.600000000000000089e+00 1.020810000000000051e-01 9.752800000000000358e-02 -9.899839999999999751e-01 -9.285029999999999673e-01 -3.478229999999999933e-01 -1.300080000000000124e-01 -3.570189999999999753e-01 9.324740000000000251e-01 5.504900000000000071e-02
6.000000000000000000e+00 3.100000000000000000e+01 1.200000000000000000e+01 0.000000000000000000e+00 1.600000000000000089e+00 7.969999999999999654e-04 -2.239999999999999966e-04 1.000000000000000000e+00 -2.281000000000000041e-03 9.999970000000000248e-01 2.259999999999999910e-04 -9.999970000000000248e-01 -2.281000000000000041e-03 7.960000000000000495e-04
1.300000000000000000e+01 3.100000000000000000e+01 1.200000000000000000e+01 0.000000000000000000e+00 1.600000000000000089e+00 2.500000000000000120e-05 -3.661000000000000192e-03 9.999930000000000208e-01 -3.322999999999999999e-03 9.999879999999999880e-01 3.661000000000000192e-03 -9.999940000000000495e-01 -3.322999999999999999e-03 1.299999999999999920e-05
7.000000000000000000e+00 3.500000000000000000e+01 1.200000000000000000e+01 0.000000000000000000e+00 1.600000000000000089e+00 3.444000000000000013e-03 -4.131000000000000123e-03 -9.999860000000000415e-01 5.723690000000000166e-01 -8.199790000000000134e-01 5.357999999999999916e-03 -8.199889999999999679e-01 -5.723789999999999711e-01 -4.600000000000000139e-04
1.200000000000000000e+01 3.500000000000000000e+01 1.200000000000000000e+01 0.000000000000000000e+00 1.600000000000000089e+00 5.800000000000000034e-04 -4.549000000000000092e-03 -9.999900000000000455e-01 5.539589999999999792e-01 -8.325339999999999963e-01 4.108999999999999805e-03 -8.325439999999999507e-01 -5.539549999999999752e-01 2.037000000000000182e-03
1.800000000000000000e+01 3.500000000000000000e+01 1.200000000000000000e+01 0.000000000000000000e+00 1.600000000000000089e+00 1.902000000000000045e-03 -7.387999999999999602e-03 -9.999710000000000543e-01 5.328869999999999996e-01 -8.461549999999999905e-01 7.264999999999999757e-03 -8.461840000000000472e-01 -5.328850000000000531e-01 2.328000000000000208e-03
2.200000000000000000e+01 3.500000000000000000e+01 1.200000000000000000e+01 0.000000000000000000e+00 1.600000000000000089e+00 -9.640000000000000131e-04 -6.462999999999999995e-03 -9.999789999999999512e-01 5.146859999999999769e-01 -8.573640000000000150e-01 5.045000000000000005e-03 -8.573779999999999735e-01 -5.146699999999999608e-01 4.152999999999999574e-03
2.700000000000000000e+01 3.500000000000000000e+01 1.200000000000000000e+01 0.000000000000000000e+00 1.600000000000000089e+00 5.339999999999999695e-04 -2.978000000000000178e-03 -9.999949999999999672e-01 4.915220000000000145e-01 -8.708599999999999675e-01 2.856000000000000032e-03 -8.708650000000000002e-01 -4.915220000000000145e-01 9.979999999999999722e-04
1.000000000000000000e+00 3.200000000000000000e+01 1.400000000000000000e+01 0.000000000000000000e+00 1.600000000000000089e+00 2.190999999999999805e-03 -4.980000000000000052e-03 -9.999850000000000128e-01 1.008539999999999992e-01 9.948900000000000521e-01 -4.734000000000000360e-03 9.948989999999999778e-01 -1.008420000000000011e-01 2.681999999999999922e-03
6.000000000000000000e+00 1.200000000000000000e+01 1.500000000000000000e+01 0.000000000000000000e+00 1.600000000000000089e+00 8.729999999999999696e-04 8.167999999999999913e-03 -9.999660000000000215e-01 -4.592450000000000143e-01 -8.882769999999999833e-01 -7.655999999999999611e-03 -8.883090000000000153e-01 4.592359999999999776e-01 2.975000000000000214e-03
1.100000000000000000e+01 1.200000000000000000e+01 1.500000000000000000e+01 0.000000000000000000e+00 1.600000000000000089e+00 -7.439999999999999782e-04 1.123099999999999966e-02 -9.999369999999999647e-01 -4.517559999999999909e-01 -8.920890000000000208e-01 -9.683999999999999900e-03 -8.921409999999999618e-01 4.517200000000000104e-01 5.738000000000000045e-03
1.700000000000000000e+01 1.200000000000000000e+01 1.500000000000000000e+01 0.000000000000000000e+00 1.600000000000000089e+00 -6.400000000000000307e-03 5.849000000000000032e-03 -9.999620000000000175e-01 -4.260249999999999870e-01 -9.047079999999999567e-01 -2.565000000000000006e-03 -9.046889999999999654e-01 4.259930000000000105e-01 8.281999999999999432e-03
4.000000000000000000e+00 1.160000000000000000e+02 1.600000000000000000e+01 0.000000000000000000e+00 1.600000000000000089e+00 -3.899999999999999929e-04 2.805000000000000202e-03 9.999959999999999960e-01 7.571809999999999929e-01 6.532040000000000068e-01 -1.536999999999999955e-03 -6.532050000000000356e-01 7.571769999999999889e-01 -2.377999999999999906e-03
2.000000000000000000e+01 1.160000000000000000e+02 1.600000000000000000e+01 0.000000000000000000e+00 1.600000000000000089e+00 1.031000000000000015e-03 -5.599999999999999509e-04 9.999989999999999712e-01 7.561670000000000336e-01 6.543790000000000440e-01 -4.130000000000000099e-04 -6.543780000000000152e-01 7.561670000000000336e-01 1.098000000000000018e-03
4.000000000000000000e+00 2.000000000000000000e+00 1.900000000000000000e+01 0.000000000000000000e+00 1.600000000000000089e+00 2.742299999999999946e-02 6.561500000000000665e-02 -9.974680000000000213e-01 2.355589999999999906e-01 -9.701670000000000016e-01 -5.734299999999999814e-02 -9.714730000000000310e-01 -2.333899999999999864e-01 -4.206100000000000116e-02
1.000000000000000000e+01 2.000000000000000000e+00 1.900000000000000000e+01 0.000000000000000000e+00 1.600000000000000089e+00 2.920599999999999932e-02 7.661900000000000654e-02 -9.966329999999999911e-01 2.897689999999999988e-01 -9.548919999999999630e-01 -6.491900000000000448e-02 -9.566510000000000291e-01 -2.868970000000000131e-01 -5.009099999999999664e-02
1.500000000000000000e+01 2.000000000000000000e+00 1.900000000000000000e+01 0.000000000000000000e+00 1.600000000000000089e+00 2.322300000000000059e-02 5.635099999999999831e-02 -9.981409999999999449e-01 3.257979999999999765e-01 -9.443329999999999780e-01 -4.573300000000000282e-02 -9.451540000000000497e-01 -3.241310000000000024e-01 -4.028899999999999842e-02
2.700000000000000000e+01 2.000000000000000000e+00 1.900000000000000000e+01 0.000000000000000000e+00 1.600000000000000089e+00 1.469999999999999953e-03 4.878199999999999897e-02 -9.988080000000000291e-01 3.476679999999999771e-01 -9.365259999999999696e-01 -4.522799999999999737e-02 -9.376160000000000050e-01 -3.471870000000000234e-01 -1.833699999999999913e-02
2.400000000000000000e+01 3.000000000000000000e+00 1.900000000000000000e+01 0.000000000000000000e+00 1.600000000000000089e+00 -4.589000000000000197e-03 3.215300000000000102e-02 -9.994720000000000271e-01 3.320389999999999731e-01 -9.427280000000000104e-01 -3.185199999999999837e-02 -9.432549999999999546e-01 -3.320100000000000273e-01 -6.348999999999999609e-03
6.000000000000000000e+00 4.000000000000000000e+00 2.000000000000000000e+01 0.000000000000000000e+00 1.600000000000000089e+00 1.860099999999999948e-02 4.705299999999999760e-02 -9.987190000000000234e-01 4.001170000000000004e-01 -9.157690000000000552e-01 -3.569200000000000150e-02 -9.162749999999999506e-01 -3.989400000000000168e-01 -3.586099999999999705e-02
1.300000000000000000e+01 4.000000000000000000e+00 2.000000000000000000e+01 0.000000000000000000e+00 1.600000000000000089e+00 2.512999999999999956e-02 2.353399999999999936e-02 -9.994070000000000453e-01 3.664160000000000195e-01 -9.303649999999999975e-01 -1.269499999999999969e-02 -9.301120000000000498e-01 -3.658799999999999830e-01 -3.200299999999999673e-02
1.600000000000000000e+01 4.000000000000000000e+00 2.000000000000000000e+01 0.000000000000000000e+00 1.600000000000000089e+00 2.091200000000000003e-02 1.898899999999999894e-02 -9.996009999999999618e-01 3.587509999999999866e-01 -9.333770000000000122e-01 -1.022600000000000071e-02 -9.331990000000000007e-01 -3.583939999999999904e-01 -2.633100000000000024e-02
1.900000000000000000e+01 4.000000000000000000e+00 2.000000000000000000e+01 0.000000000000000000e+00 1.600000000000000089e+00 5.807999999999999795e-03 1.026200000000000029e-02 -9.999310000000000143e-01 3.574120000000000075e-01 -9.339169999999999972e-01 -7.509000000000000050e-03 -9.339290000000000092e-01 -3.573439999999999950e-01 -9.091999999999999388e-03
4.000000000000000000e+00 1.300000000000000000e+01 2.000000000000000000e+01 0.000000000000000000e+00 1.600000000000000089e+00 6.899999999999999667e-05 1.417999999999999990e-03 9.999989999999999712e-01 2.642970000000000041e-01 9.644399999999999640e-01 -1.386000000000000079e-03 -9.644409999999999927e-01 2.642970000000000041e-01 -3.080000000000000055e-04
1.000000000000000000e+01 1.300000000000000000e+01 2.000000000000000000e+01 0.000000000000000000e+00 1.600000000000000089e+00 3.130000000000000187e-04 5.230000000000000274e-04 1.000000000000000000e+00 2.626649999999999818e-01 9.648870000000000502e-01 -5.869999999999999567e-04 -9.648870000000000502e-01 2.626649999999999818e-01 1.649999999999999991e-04
1.500000000000000000e+01 1.300000000000000000e+01 2.000000000000000000e+01 0.000000000000000000e+00 1.600000000000000089e+00 2.259999999999999910e-04 1.206000000000000041e-03 9.999989999999999712e-01 2.612949999999999995e-01 9.652579999999999494e-01 -1.224000000000000045e-03 -9.652589999999999781e-01 2.612949999999999995e-01 -9.699999999999999963e-05
2.000000000000000000e+01 1.300000000000000000e+01 2.000000000000000000e+01 0.000000000000000000e+00 1.600000000000000089e+00 -5.400000000000000069e-04 -2.714999999999999965e-03 9.999959999999999960e-01 2.640159999999999729e-01 9.645139999999999825e-01 2.760999999999999999e-03 -9.645179999999999865e-01 2.640170000000000017e-01 1.959999999999999937e-04
2.600000000000000000e+01 1.300000000000000000e+01 2.000000000000000000e+01 0.000000000000000000e+00 1.600000000000000089e+00 -6.530000000000000431e-04 2.990000000000000036e-03 9.999949999999999672e-01 2.636820000000000275e-01 9.646059999999999635e-01 -2.712000000000000001e-03 -9.646099999999999675e-01 2.636789999999999967e-01 -1.417999999999999990e-03
3.000000000000000000e+01 1.300000000000000000e+01 2.000000000000000000e+01 0.000000000000000000e+00 1.600000000000000089e+00 -4.299999999999999894e-04 6.824000000000000205e-03 9.999770000000000048e-01 2.611569999999999725e-01 9.652749999999999941e-01 -6.474999999999999853e-03 -9.652960000000000429e-01 2.611479999999999912e-01 -2.197000000000000168e-03
2.600000000000000000e+01 1.600000000000000000e+01 2.100000000000000000e+01 0.000000000000000000e+00 1.600000000000000089e+00 -1.422000000000000087e-03 1.266999999999999897e-03 9.999980000000000535e-01 2.994839999999999725e-01 9.541009999999999769e-01 -7.829999999999999504e-04 -9.540999999999999481e-01 2.994820000000000260e-01 -1.737000000000000046e-03
1.000000000000000000e+01 3.000000000000000000e+00 2.500000000000000000e+01 0.000000000000000000e+00 1.600000000000000089e+00 -1.230000000000000082e-04 1.344200000000000082e-02 9.999099999999999655e-01 -3.264800000000000341e-02 -9.993769999999999598e-01 1.343100000000000023e-02 9.994669999999999943e-01 -3.264399999999999941e-02 5.619999999999999996e-04
1.800000000000000000e+01 3.000000000000000000e+00 2.500000000000000000e+01 0.000000000000000000e+00 1.600000000000000089e+00 3.335999999999999990e-03 -3.720000000000000216e-03 9.999879999999999880e-01 -4.912400000000000100e-02 -9.987859999999999516e-01 -3.552000000000000036e-03 9.987869999999999804e-01 -4.911100000000000187e-02 -3.514000000000000196e-03
2.400000000000000000e+01 3.000000000000000000e+00 2.500000000000000000e+01 0.000000000000000000e+00 1.600000000000000089e+00 2.634000000000000057e-03 2.282000000000000174e-03 9.999940000000000495e-01 -4.357500000000000262e-02 -9.990470000000000184e-01 2.393999999999999861e-03 9.990470000000000184e-01 -4.358100000000000168e-02 -2.531999999999999963e-03
2.900000000000000000e+01 3.000000000000000000e+00 2.500000000000000000e+01 0.000000000000000000e+00 1.600000000000000089e+00 -4.100000000000000047e-05 1.239700000000000003e-02 9.999230000000000063e-01 -2.715800000000000158e-02 -9.995540000000000536e-01 1.239099999999999924e-02 9.996310000000000473e-01 -2.715499999999999858e-02 3.780000000000000265e-04
1.500000000000000000e+01 4.600000000000000000e+01 2.700000000000000000e+01 0.000000000000000000e+00 1.600000000000000089e+00 -1.605000000000000090e-03 -1.430000000000000064e-04 -9.999989999999999712e-01 6.699540000000000495e-01 7.424020000000000064e-01 -1.180999999999999975e-03 7.424009999999999776e-01 -6.699549999999999672e-01 -1.095999999999999969e-03
2.200000000000000000e+01 4.600000000000000000e+01 2.700000000000000000e+01 0.000000000000000000e+00 1.600000000000000089e+00 -1.141000000000000087e-03 -1.856999999999999927e-03 -9.999980000000000535e-01 6.645189999999999708e-01 7.472680000000000433e-01 -2.145999999999999904e-03 7.472699999999999898e-01 -6.645199999999999996e-01 3.820000000000000153e-04
2.600000000000000000e+01 4.600000000000000000e+01 2.700000000000000000e+01 0.000000000000000000e+00 1.600000000000000089e+00 -1.502999999999999996e-03 1.252000000000000075e-03 -9.999980000000000535e-01 6.602339999999999876e-01 7.510599999999999499e-01 -5.300000000000000078e-05 7.510580000000000034e-01 -6.602329999999999588e-01 -1.955000000000000140e-03
1.200000000000000000e+01 4.600000000000000000e+01 3.000000000000000000e+01 0.000000000000000000e+00 1.600000000000000089e+00 -1.379999999999999933e-03 -1.758999999999999930e-03 -9.999970000000000248e-01 3.252430000000000043e-01 9.456280000000000241e-01 -2.112000000000000162e-03 9.456290000000000529e-01 -3.252450000000000063e-01 -7.330000000000000361e-04
2.500000000000000000e+01 4.600000000000000000e+01 3.000000000000000000e+01 0.000000000000000000e+00 1.600000000000000089e+00 -1.712999999999999896e-03 -1.147000000000000016e-03 -9.999980000000000535e-01 3.248159999999999936e-01 9.457759999999999501e-01 -1.641000000000000097e-03 9.457759999999999501e-01 -3.248179999999999956e-01 -1.247000000000000062e-03
6.000000000000000000e+00 5.800000000000000000e+01 3.100000000000000000e+01 0.000000000000000000e+00 1.600000000000000089e+00 3.694999999999999934e-03 4.438000000000000105e-03 9.999829999999999552e-01 -7.772729999999999917e-01 -6.291379999999999750e-01 5.663999999999999764e-03 6.291529999999999623e-01 -7.772809999999999997e-01 1.124999999999999915e-03
1.600000000000000000e+01 5.800000000000000000e+01 3.100000000000000000e+01 0.000000000000000000e+00 1.600000000000000089e+00 -3.569999999999999823e-03 -1.722999999999999922e-03 9.999919999999999920e-01 -7.719510000000000538e-01 -6.356709999999999861e-01 -3.850999999999999823e-03 6.356720000000000148e-01 -7.719580000000000330e-01 9.389999999999999476e-04
2.000000000000000000e+01 5.800000000000000000e+01 3.100000000000000000e+01 0.000000000000000000e+00 1.600000000000000089e+00 6.089999999999999494e-04 -6.340000000000000149e-04 1.000000000000000000e+00 -7.693929999999999936e-01 -6.387760000000000105e-01 6.299999999999999990e-05 6.387749999999999817e-01 -7.693929999999999936e-01 -8.769999999999999584e-04
2.700000000000000000e+01 5.800000000000000000e+01 3.100000000000000000e+01 0.000000000000000000e+00 1.600000000000000089e+00 3.899999999999999929e-04 1.513999999999999938e-03 9.999989999999999712e-01 -7.651069999999999816e-01 -6.439019999999999744e-01 1.273000000000000043e-03 6.439030000000000031e-01 -7.651069999999999816e-01 9.070000000000000371e-04
3.000000000000000000e+00 4.600000000000000000e+01 3.500000000000000000e+01 0.000000000000000000e+00 1.600000000000000089e+00 -8.399999999999999535e-05 2.840000000000000076e-03 -9.999959999999999960e-01 3.907459999999999822e-01 -9.204949999999999521e-01 -2.647000000000000047e-03 -9.204980000000000384e-01 -3.907450000000000090e-01 -1.031999999999999931e-03
7.000000000000000000e+00 4.600000000000000000e+01 3.500000000000000000e+01 0.000000000000000000e+00 1.600000000000000089e+00 -3.209999999999999963e-04 -4.199999999999999768e-05 -1.000000000000000000e+00 3.921490000000000253e-01 -9.199019999999999975e-01 -8.700000000000000051e-05 -9.199019999999999975e-01 -3.921490000000000253e-01 3.119999999999999944e-04
1.200000000000000000e+01 4.600000000000000000e+01 3.500000000000000000e+01 0.000000000000000000e+00 1.600000000000000089e+00 1.160000000000000007e-04 6.139999999999999625e-04 -1.000000000000000000e+00 3.938479999999999759e-01 -9.191759999999999931e-01 -5.190000000000000386e-04 -9.191759999999999931e-01 -3.938470000000000026e-01 -3.480000000000000020e-04
1.500000000000000000e+01 4.600000000000000000e+01 3.500000000000000000e+01 0.000000000000000000e+00 1.600000000000000089e+00 7.050000000000000060e-04 9.000000000000000228e-06 -1.000000000000000000e+00 3.945100000000000273e-01 -9.188920000000000421e-01 2.700000000000000035e-04 -9.188910000000000133e-01 -3.945100000000000273e-01 -6.520000000000000188e-04
2.100000000000000000e+01 4.600000000000000000e+01 3.500000000000000000e+01 0.000000000000000000e+00 1.600000000000000089e+00 4.000000000000000192e-04 -4.780000000000000178e-04 -1.000000000000000000e+00 3.944730000000000181e-01 -9.189070000000000293e-01 5.969999999999999829e-04 -9.189070000000000293e-01 -3.944730000000000181e-01 -1.789999999999999870e-04
2.500000000000000000e+01 4.600000000000000000e+01 3.500000000000000000e+01 0.000000000000000000e+00 1.600000000000000089e+00 9.399999999999999448e-05 4.981000000000000184e-03 -9.999879999999999880e-01 3.929039999999999755e-01 -9.195680000000000520e-01 -4.544000000000000296e-03 -9.195799999999999530e-01 -3.928989999999999982e-01 -2.043999999999999810e-03
3.000000000000000000e+00 3.000000000000000000e+00 4.300000000000000000e+01 0.000000000000000000e+00 1.600000000000000089e+00 3.678999999999999979e-03 -3.296199999999999825e-02 -9.994499999999999496e-01 7.337540000000000173e-01 -6.789509999999999712e-01 2.509300000000000072e-02 -6.794050000000000367e-01 -7.334429999999999561e-01 2.168799999999999895e-02
9.000000000000000000e+00 3.000000000000000000e+00 4.300000000000000000e+01 0.000000000000000000e+00 1.600000000000000089e+00 -2.962999999999999922e-03 -3.582000000000000114e-03 -9.999890000000000168e-01 7.370400000000000285e-01 -6.758490000000000331e-01 2.369999999999999874e-04 -6.758429999999999715e-01 -7.370309999999999917e-01 4.643000000000000425e-03
1.400000000000000000e+01 3.000000000000000000e+00 4.300000000000000000e+01 0.000000000000000000e+00 1.600000000000000089e+00 1.247999999999999977e-03 5.709999999999999798e-03 -9.999829999999999552e-01 7.357829999999999648e-01 -6.772110000000000074e-01 -2.948000000000000100e-03 -6.772169999999999579e-01 -7.357660000000000311e-01 -5.046000000000000138e-03
1.900000000000000000e+01 3.000000000000000000e+00 4.300000000000000000e+01 0.000000000000000000e+00 1.600000000000000089e+00 2.464000000000000044e-03 3.268999999999999684e-02 -9.994619999999999616e-01 7.350809999999999844e-01 -6.776739999999999986e-01 -2.035299999999999956e-02 -6.779749999999999943e-01 -7.346359999999999557e-01 -2.569899999999999962e-02
2.500000000000000000e+01 3.000000000000000000e+00 4.300000000000000000e+01 0.000000000000000000e+00 1.600000000000000089e+00 2.919999999999999853e-03 5.785000000000000211e-03 -9.999789999999999512e-01 7.344199999999999617e-01 -6.786929999999999907e-01 -1.781999999999999947e-03 -6.786889999999999867e-01 -7.343990000000000240e-01 -6.230000000000000294e-03
2.900000000000000000e+01 3.000000000000000000e+00 4.300000000000000000e+01 0.000000000000000000e+00 1.600000000000000089e+00 2.222000000000000017e-03 -2.252099999999999935e-02 -9.997439999999999660e-01 7.352990000000000359e-01 -6.775330000000000519e-01 1.689699999999999883e-02 -6.777400000000000091e-01 -7.351480000000000237e-01 1.505399999999999967e-02
6.000000000000000000e+00 2.900000000000000000e+01 4.400000000000000000e+01 0.000000000000000000e+00 1.600000000000000089e+00 -2.419999999999999842e-03 1.541999999999999968e-03 -9.999959999999999960e-01 6.501569999999999849e-01 7.598000000000000309e-01 -4.020000000000000136e-04 7.597960000000000269e-01 -6.501550000000000384e-01 -2.841000000000000209e-03
1.200000000000000000e+01 2.900000000000000000e+01 4.400000000000000000e+01 0.000000000000000000e+00 1.600000000000000089e+00 -1.765999999999999992e-03 2.223999999999999849e-03 -9.999959999999999960e-01 6.596889999999999699e-01 7.515389999999999571e-01 5.060000000000000478e-04 7.515370000000000106e-01 -6.596849999999999659e-01 -2.794000000000000043e-03
1.700000000000000000e+01 2.900000000000000000e+01 4.400000000000000000e+01 0.000000000000000000e+00 1.600000000000000089e+00 1.588000000000000002e-03 -1.224999999999999960e-03 -9.999980000000000535e-01 6.583719999999999573e-01 7.526920000000000277e-01 1.240000000000000054e-04 7.526909999999999989e-01 -6.583710000000000395e-01 2.001999999999999873e-03
2.100000000000000000e+01 2.900000000000000000e+01 4.400000000000000000e+01 0.000000000000000000e+00 1.600000000000000089e+00 9.920000000000000432e-04 -3.836000000000000000e-03 -9.999919999999999920e-01 6.538389999999999480e-01 7.566300000000000248e-01 -2.253999999999999927e-03 7.566330000000000000e-01 -6.538319999999999688e-01 3.259000000000000178e-03
2.800000000000000000e+01 2.900000000000000000e+01 4.400000000000000000e+01 0.000000000000000000e+00 1.600000000000000089e+00 -1.402999999999999950e-03 -4.081999999999999691e-03 -9.999909999999999632e-01 6.558349999999999458e-01 7.548939999999999539e-01 -4.002000000000000349e-03 7.549029999999999907e-01 -6.558349999999999458e-01 1.618000000000000081e-03
1.900000000000000000e+01 6.500000000000000000e+01 4.600000000000000000e+01 0.000000000000000000e+00 1.600000000000000089e+00 -1.686999999999999915e-03 2.700999999999999842e-03 9.999949999999999672e-01 6.782439999999999580e-01 -7.348299999999999832e-01 3.128999999999999837e-03 7.348339999999999872e-01 6.782460000000000155e-01 -5.929999999999999941e-04
6.000000000000000000e+00 7.000000000000000000e+01 4.700000000000000000e+01 0.000000000000000000e+00 1.600000000000000089e+00 -7.979999999999999897e-04 -2.552000000000000015e-03 -9.999959999999999960e-01 -8.435059999999999780e-01 -5.371150000000000091e-01 2.043999999999999810e-03 -5.371190000000000131e-01 8.435049999999999493e-01 -1.724000000000000055e-03
6.000000000000000000e+00 5.000000000000000000e+00 5.100000000000000000e+01 0.000000000000000000e+00 1.600000000000000089e+00 -2.233999999999999875e-03 -2.383999999999999835e-03 -9.999949999999999672e-01 4.861030000000000073e-01 -8.739010000000000389e-01 9.979999999999999722e-04 -8.738989999999999814e-01 -4.860979999999999746e-01 3.111000000000000050e-03
1.000000000000000000e+01 5.000000000000000000e+00 5.100000000000000000e+01 0.000000000000000000e+00 1.600000000000000089e+00 -6.030000000000000204e-04 3.660000000000000059e-03 -9.999930000000000208e-01 4.896699999999999942e-01 -8.719010000000000371e-01 -3.485999999999999949e-03 -8.719080000000000163e-01 -4.896690000000000209e-01 -1.265999999999999981e-03
1.900000000000000000e+01 5.000000000000000000e+00 5.100000000000000000e+01 0.000000000000000000e+00 1.600000000000000089e+00 2.593999999999999952e-03 1.709400000000000155e-02 -9.998510000000000453e-01 4.828270000000000062e-01 -8.756080000000000529e-01 -1.371700000000000003e-02 -8.757120000000000459e-01 -4.827199999999999824e-01 -1.052400000000000037e-02
2.400000000000000000e+01 5.000000000000000000e+00 5.100000000000000000e+01 0.000000000000000000e+00 1.600000000000000089e+00 -1.438000000000000042e-03 1.047599999999999920e-02 -9.999440000000000550e-01 4.816989999999999883e-01 -8.762809999999999766e-01 -9.874000000000000832e-03 -8.763349999999999751e-01 -4.816869999999999763e-01 -3.785999999999999869e-03
1.600000000000000000e+01 1.150000000000000000e+02 5.100000000000000000e+01 0.000000000000000000e+00 1.600000000000000089e+00 8.229999999999999469e-04 6.409999999999999682e-04 9.999989999999999712e-01 8.472260000000000346e-01 -5.312320000000000375e-01 -3.570000000000000040e-04 5.312320000000000375e-01 8.472260000000000346e-01 -9.810000000000001011e-04
6.000000000000000000e+00 7.000000000000000000e+00 5.200000000000000000e+01 0.000000000000000000e+00 1.600000000000000089e+00 -2.546999999999999785e-03 -8.440000000000000236e-04 -9.999959999999999960e-01 1.146889999999999993e-01 -9.934009999999999785e-01 5.460000000000000443e-04 -9.933980000000000032e-01 -1.146869999999999973e-01 2.626999999999999995e-03
3.000000000000000000e+01 7.000000000000000000e+00 5.200000000000000000e+01 0.000000000000000000e+00 1.600000000000000089e+00 -3.746999999999999897e-03 -2.243999999999999901e-03 -9.999900000000000455e-01 9.329600000000000393e-02 -9.956369999999999942e-01 1.884999999999999957e-03 -9.956310000000000437e-01 -9.328799999999999593e-02 3.939999999999999926e-03
4.000000000000000000e+00 6.300000000000000000e+01 5.400000000000000000e+01 0.000000000000000000e+00 1.600000000000000089e+00 -2.275999999999999811e-03 -1.886000000000000090e-03 9.999959999999999960e-01 -3.381549999999999834e-01 9.410899999999999821e-01 1.005000000000000034e-03 -9.410880000000000356e-01 -3.381509999999999794e-01 -2.779999999999999919e-03
9.000000000000000000e+00 6.300000000000000000e+01 5.400000000000000000e+01 0.000000000000000000e+00 1.600000000000000089e+00 -1.420000000000000038e-03 -3.416999999999999899e-03 9.999930000000000208e-01 -3.448539999999999939e-01 9.386529999999999596e-01 2.716999999999999797e-03 -9.386550000000000171e-01 -3.448470000000000146e-01 -2.511000000000000211e-03
1.900000000000000000e+01 6.300000000000000000e+01 5.400000000000000000e+01 0.000000000000000000e+00 1.600000000000000089e+00 1.513999999999999938e-03 6.089999999999999494e-04 9.999989999999999712e-01 -3.325429999999999775e-01 9.430880000000000374e-01 -7.100000000000000462e-05 -9.430870000000000086e-01 -3.325429999999999775e-01 1.629999999999999939e-03
2.400000000000000000e+01 6.300000000000000000e+01 5.400000000000000000e+01 0.000000000000000000e+00 1.600000000000000089e+00 2.932999999999999843e-03 -1.739000000000000094e-03 9.999940000000000495e-01 -3.467580000000000107e-01 9.379509999999999792e-01 2.648000000000000180e-03 -9.379499999999999504e-01 -3.467640000000000167e-01 2.148000000000000170e-03
3.000000000000000000e+00 2.500000000000000000e+01 5.500000000000000000e+01 0.000000000000000000e+00 1.600000000000000089e+00 -7.280000000000000230e-04 3.673000000000000050e-03 -9.999930000000000208e-01 -9.074999999999999734e-03 -9.999519999999999520e-01 -3.665999999999999988e-03 -9.999590000000000423e-01 9.072000000000000203e-03 7.609999999999999577e-04
1.300000000000000000e+01 2.600000000000000000e+01 5.500000000000000000e+01 0.000000000000000000e+00 1.600000000000000089e+00 -9.959999999999999236e-04 6.750000000000000357e-04 -9.999989999999999712e-01 -2.614599999999999910e-02 -9.996580000000000465e-01 -6.489999999999999459e-04 -9.996580000000000465e-01 2.614599999999999910e-02 1.013000000000000012e-03
1.400000000000000000e+01 6.800000000000000000e+01 5.700000000000000000e+01 0.000000000000000000e+00 1.600000000000000089e+00 -3.899999999999999929e-04 5.610000000000000403e-03 -9.999839999999999840e-01 -2.418170000000000042e-01 -9.703070000000000306e-01 -5.348999999999999588e-03 -9.703220000000000178e-01 2.418109999999999982e-01 1.735999999999999913e-03
3.000000000000000000e+00 2.100000000000000000e+01 6.000000000000000000e+01 0.000000000000000000e+00 1.600000000000000089e+00 2.132000000000000214e-03 1.616199999999999928e-02 9.998669999999999503e-01 -8.940599999999999936e-02 9.958679999999999755e-01 -1.590700000000000100e-02 -9.959930000000000172e-01 -8.935999999999999499e-02 3.567999999999999991e-03
7.000000000000000000e+00 2.100000000000000000e+01 6.000000000000000000e+01 0.000000000000000000e+00 1.600000000000000089e+00 8.014999999999999555e-03 -6.695000000000000430e-03 9.999449999999999728e-01 -9.231699999999999628e-02 9.957019999999999760e-01 7.406000000000000257e-03 -9.956970000000000542e-01 -9.237099999999999478e-02 7.361999999999999621e-03
1.400000000000000000e+01 2.100000000000000000e+01 6.000000000000000000e+01 0.000000000000000000e+00 1.600000000000000089e+00 -4.799000000000000314e-03 3.651999999999999864e-03 9.999820000000000375e-01 -9.464599999999999402e-02 9.955030000000000268e-01 -4.089999999999999886e-03 -9.954990000000000228e-01 -9.466399999999999815e-02 -4.432000000000000176e-03
2.200000000000000000e+01 2.100000000000000000e+01 6.000000000000000000e+01 0.000000000000000000e+00 1.600000000000000089e+00 1.185000000000000072e-03 2.321999999999999845e-03 9.999970000000000248e-01 -9.575899999999999690e-02 9.954020000000000090e-01 -2.197999999999999867e-03 -9.954039999999999555e-01 -9.575599999999999390e-02 1.402000000000000034e-03
2.500000000000000000e+01 2.100000000000000000e+01 6.000000000000000000e+01 0.000000000000000000e+00 1.600000000000000089e+00 1.379999999999999933e-03 -7.068999999999999763e-03 9.999740000000000295e-01 -9.584700000000000164e-02 9.953699999999999770e-01 7.167999999999999892e-03 -9.953950000000000298e-01 -9.585499999999999576e-02 6.960000000000000041e-04
5.000000000000000000e+00 2.700000000000000000e+01 6.300000000000000000e+01 0.000000000000000000e+00 1.600000000000000089e+00 1.557999999999999923e-03 -3.011999999999999920e-03 9.999940000000000495e-01 -2.735360000000000014e-01 9.618560000000000443e-01 3.322999999999999999e-03 -9.618600000000000483e-01 -2.735400000000000054e-01 6.750000000000000357e-04
1.000000000000000000e+01 2.700000000000000000e+01 6.300000000000000000e+01 0.000000000000000000e+00 1.600000000000000089e+00 -1.386000000000000079e-03 -1.185000000000000072e-03 9.999980000000000535e-01 -2.825650000000000106e-01 9.592479999999999896e-01 7.450000000000000025e-04 -9.592469999999999608e-01 -2.825630000000000086e-01 -1.663999999999999898e-03
1.600000000000000000e+01 2.700000000000000000e+01 6.300000000000000000e+01 0.000000000000000000e+00 1.600000000000000089e+00 3.879999999999999985e-04 -4.272999999999999889e-03 9.999909999999999632e-01 -2.760310000000000263e-01 9.611389999999999656e-01 4.213999999999999864e-03 -9.611490000000000311e-01 -2.760310000000000263e-01 -8.059999999999999673e-04
1.900000000000000000e+01 2.700000000000000000e+01 6.300000000000000000e+01 0.000000000000000000e+00 1.600000000000000089e+00 -1.879999999999999890e-04 -4.426000000000000247e-03 9.999900000000000455e-01 -2.735810000000000186e-01 9.618400000000000283e-01 4.205999999999999669e-03 -9.618489999999999540e-01 -2.735770000000000146e-01 -1.392000000000000008e-03
2.600000000000000000e+01 2.700000000000000000e+01 6.300000000000000000e+01 0.000000000000000000e+00 1.600000000000000089e+00 2.027000000000000156e-03 4.130000000000000099e-04 9.999980000000000535e-01 -2.773660000000000014e-01 9.607639999999999514e-01 1.659999999999999963e-04 -9.607620000000000049e-01 -2.773660000000000014e-01 2.062000000000000031e-03
2.000000000000000000e+00 2.600000000000000000e+01 6.400000000000000000e+01 0.000000000000000000e+00 1.600000000000000089e+00 2.892000000000000039e-03 -3.948000000000000120e-03 9.999879999999999880e-01 -3.550249999999999795e-01 9.348450000000000371e-01 4.716999999999999839e-03 -9.348520000000000163e-01 -3.550340000000000162e-01 1.301999999999999989e-03
1.000000000000000000e+01 2.600000000000000000e+01 6.400000000000000000e+01 0.000000000000000000e+00 1.600000000000000089e+00 -9.179999999999999792e-04 8.170000000000000179e-04 9.999989999999999712e-01 -3.670959999999999779e-01 9.301829999999999821e-01 -1.095999999999999969e-03 -9.301829999999999821e-01 -3.670959999999999779e-01 -5.540000000000000219e-04
1.500000000000000000e+01 2.600000000000000000e+01 6.400000000000000000e+01 0.000000000000000000e+00 1.600000000000000089e+00 -8.319999999999999488e-04 -6.904000000000000414e-03 9.999759999999999760e-01 -3.614359999999999795e-01 9.323770000000000113e-01 6.137000000000000094e-03 -9.323970000000000313e-01 -3.614220000000000210e-01 -3.271000000000000036e-03
2.300000000000000000e+01 2.600000000000000000e+01 6.400000000000000000e+01 0.000000000000000000e+00 1.600000000000000089e+00 -2.570000000000000127e-04 -2.987000000000000072e-03 9.999949999999999672e-01 -3.644399999999999862e-01 9.312230000000000230e-01 2.687999999999999851e-03 -9.312270000000000270e-01 -3.644379999999999842e-01 -1.327999999999999970e-03
2.600000000000000000e+01 2.600000000000000000e+01 6.400000000000000000e+01 0.000000000000000000e+00 1.600000000000000089e+00 2.345999999999999995e-03 -4.600000000000000004e-05 9.999970000000000248e-01 -3.663620000000000210e-01 9.304719999999999658e-01 9.020000000000000240e-04 -9.304689999999999905e-01 -3.663629999999999942e-01 2.165999999999999957e-03
1.600000000000000000e+01 6.900000000000000000e+01 6.600000000000000000e+01 0.000000000000000000e+00 1.600000000000000089e+00 7.172000000000000423e-03 -2.137000000000000011e-03 9.999719999999999720e-01 -9.443759999999999932e-01 3.287829999999999919e-01 7.476000000000000006e-03 -3.287900000000000267e-01 -9.444029999999999925e-01 3.400000000000000244e-04
2.300000000000000000e+01 6.900000000000000000e+01 6.600000000000000000e+01 0.000000000000000000e+00 1.600000000000000089e+00 6.689999999999999983e-04 -1.943999999999999981e-03 9.999980000000000535e-01 -9.488490000000000535e-01 3.157289999999999819e-01 1.247999999999999977e-03 -3.157309999999999839e-01 -9.488469999999999960e-01 -1.632999999999999903e-03
3.000000000000000000e+00 3.100000000000000000e+01 7.100000000000000000e+01 0.000000000000000000e+00 1.600000000000000089e+00 -7.733000000000000290e-03 -4.714999999999999573e-03 -9.999590000000000423e-01 -7.342570000000000485e-01 -6.788129999999999997e-01 8.878999999999999740e-03 -6.788269999999999582e-01 7.342959999999999487e-01 1.788000000000000093e-03
2.400000000000000000e+01 3.100000000000000000e+01 7.100000000000000000e+01 0.000000000000000000e+00 1.600000000000000089e+00 -2.567999999999999970e-03 9.089999999999999773e-04 -9.999959999999999960e-01 -7.307479999999999531e-01 -6.826459999999999750e-01 1.255999999999999955e-03 -6.826429999999999998e-01 7.307479999999999531e-01 2.416999999999999878e-03
2.700000000000000000e+01 3.100000000000000000e+01 7.100000000000000000e+01 0.000000000000000000e+00 1.600000000000000089e+00 -4.458000000000000157e-03 -6.170000000000000354e-04 -9.999900000000000455e-01 -7.197470000000000256e-01 -6.942270000000000385e-01 3.637000000000000042e-03 -6.942220000000000057e-01 7.197559999999999514e-01 2.651000000000000145e-03
