5.000000000000000000e+00 1.500000000000000000e+01 4.000000000000000000e+00 0.000000000000000000e+00 1.600000000000000089e+00 -8.321000000000000271e-03 4.437699999999999978e-02 9.989799999999999791e-01 4.272610000000000019e-01 -9.030730000000000146e-01 4.367499999999999855e-02 9.040899999999999492e-01 4.271889999999999854e-01 -1.144599999999999958e-02
2.000000000000000000e+01 1.900000000000000000e+01 5.000000000000000000e+00 0.000000000000000000e+00 1.600000000000000089e+00 5.139999999999999604e-03 4.525999999999999641e-03 -9.999770000000000048e-01 -6.941119999999999512e-01 -7.198339999999999739e-01 -6.825999999999999603e-03 -7.198480000000000434e-01 6.941310000000000535e-01 -5.590000000000000351e-04
7.000000000000000000e+00 1.010000000000000000e+02 7.000000000000000000e+00 0.000000000000000000e+00 1.600000000000000089e+00 -1.760000000000000063e-03 7.097000000000000010e-03 9.999730000000000008e-01 8.866849999999999454e-01 4.623720000000000052e-01 -1.721000000000000090e-03 -4.623709999999999765e-01 8.866579999999999462e-01 -7.106999999999999602e-03
2.700000000000000000e+01 1.010000000000000000e+02 7.000000000000000000e+00 0.000000000000000000e+00 1.600000000000000089e+00 1.113000000000000057e-03 3.150000000000000131e-04 9.999989999999999712e-01 8.857099999999999973e-01 4.642370000000000108e-01 -1.131999999999999977e-03 -4.642370000000000108e-01 8.857110000000000261e-01 2.369999999999999874e-04
3.000000000000000000e+01 1.010000000000000000e+02 7.000000000000000000e+00 0.000000000000000000e+00 1.600000000000000089e+00 7.150000000000000322e-04 -8.599999999999999789e-04 9.999989999999999712e-01 8.865509999999999780e-01 4.626299999999999857e-01 -2.359999999999999902e-04 -4.626299999999999857e-01 8.865509999999999780e-01 1.093999999999999920e-03
3.000000000000000000e+00 2.500000000000000000e+01 8.000000000000000000e+00 0.000000000000000000e+00 1.600000000000000089e+00 3.428000000000000057e-03 6.459999999999999597e-03 -9.999730000000000008e-01 4.381249999999999867e-01 8.988840000000000163e-01 7.309000000000000392e-03 8.989070000000000116e-01 -4.381390000000000007e-01 2.509999999999999753e-04
7.000000000000000000e+00 2.500000000000000000e+01 8.000000000000000000e+00 0.000000000000000000e+00 1.600000000000000089e+00 1.683000000000000034e-03 2.020999999999999793e-03 -9.999970000000000248e-01 4.379870000000000152e-01 8.989780000000000548e-01 2.553999999999999847e-03 8.989800000000000013e-01 -4.379899999999999904e-01 6.279999999999999775e-04
1.300000000000000000e+01 2.500000000000000000e+01 8.000000000000000000e+00 0.000000000000000000e+00 1.600000000000000089e+00 1.768999999999999956e-03 3.431000000000000022e-03 -9.999930000000000208e-01 4.363330000000000264e-01 8.997770000000000490e-01 3.857999999999999884e-03 8.997840000000000282e-01 -4.363360000000000016e-01 9.500000000000000523e-05
1.700000000000000000e+01 2.500000000000000000e+01 8.000000000000000000e+00 0.000000000000000000e+00 1.600000000000000089e+00 2.213000000000000123e-03 1.373000000000000088e-03 -9.999970000000000248e-01 4.360350000000000059e-01 8.999270000000000325e-01 2.200000000000000133e-03 8.999270000000000325e-01 -4.360379999999999812e-01 1.392999999999999924e-03
2.300000000000000000e+01 2.500000000000000000e+01 8.000000000000000000e+00 0.000000000000000000e+00 1.600000000000000089e+00 -1.962000000000000202e-03 1.348999999999999939e-03 -9.999970000000000248e-01 4.321920000000000206e-01 9.017819999999999725e-01 3.680000000000000003e-04 9.017800000000000260e-01 -4.321900000000000186e-01 -2.351999999999999924e-03
2.700000000000000000e+01 2.500000000000000000e+01 8.000000000000000000e+00 0.000000000000000000e+00 1.600000000000000089e+00 -2.779999999999999919e-03 -1.373000000000000088e-03 -9.999949999999999672e-01 4.317280000000000006e-01 9.020000000000000240e-01 -2.439000000000000196e-03 9.019989999999999952e-01 -4.317329999999999779e-01 -1.913999999999999903e-03
4.000000000000000000e+00 2.400000000000000000e+01 9.000000000000000000e+00 0.000000000000000000e+00 1.600000000000000089e+00 2.942000000000000171e-03 3.210999999999999879e-03 -9.999909999999999632e-01 4.441910000000000025e-01 8.959230000000000249e-01 4.184000000000000219e-03 8.959279999999999466e-01 -4.441990000000000105e-01 1.209000000000000005e-03
1.300000000000000000e+01 2.400000000000000000e+01 9.000000000000000000e+00 0.000000000000000000e+00 1.600000000000000089e+00 1.497000000000000067e-03 4.300000000000000003e-03 -9.999900000000000455e-01 4.419310000000000183e-01 8.970380000000000020e-01 4.518999999999999580e-03 8.970479999999999565e-01 -4.419330000000000203e-01 -5.569999999999999864e-04
1.800000000000000000e+01 2.400000000000000000e+01 9.000000000000000000e+00 0.000000000000000000e+00 1.600000000000000089e+00 1.539999999999999919e-03 2.606999999999999942e-03 -9.999949999999999672e-01 4.419259999999999855e-01 8.970460000000000100e-01 3.018999999999999982e-03 8.970500000000000140e-01 -4.419290000000000163e-01 2.300000000000000070e-04
2.200000000000000000e+01 2.400000000000000000e+01 9.000000000000000000e+00 0.000000000000000000e+00 1.600000000000000089e+00 -3.530000000000000152e-04 2.335999999999999969e-03 -9.999970000000000248e-01 4.377869999999999817e-01 8.990770000000000151e-01 1.944999999999999897e-03 8.990789999999999615e-01 -4.377849999999999797e-01 -1.340000000000000045e-03
3.000000000000000000e+01 2.400000000000000000e+01 9.000000000000000000e+00 0.000000000000000000e+00 1.600000000000000089e+00 -4.075999999999999762e-03 -1.750000000000000036e-03 -9.999900000000000455e-01 4.384739999999999749e-01 8.987380000000000368e-01 -3.360000000000000139e-03 8.987349999999999506e-01 -4.384830000000000116e-01 -2.896000000000000137e-03
1.800000000000000000e+01 8.000000000000000000e+00 1.000000000000000000e+01 0.000000000000000000e+00 1.600000000000000089e+00 9.020999999999999852e-02 5.180499999999999688e-02 -9.945739999999999581e-01 -9.850039999999999907e-01 -1.428290000000000115e-01 -9.678200000000000691e-02 -1.470670000000000033e-01 9.883910000000000196e-01 3.814399999999999735e-02
7.000000000000000000e+00 3.000000000000000000e+00 1.100000000000000000e+01 0.000000000000000000e+00 1.600000000000000089e+00 -6.185999999999999659e-03 1.060890000000000027e-01 9.943370000000000264e-01 1.352690000000000003e-01 -9.851280000000000037e-01 1.059480000000000005e-01 9.907899999999999485e-01 1.351580000000000004e-01 -8.255999999999999450e-03
1.600000000000000000e+01 4.000000000000000000e+00 1.100000000000000000e+01 0.000000000000000000e+00 1.600000000000000089e+00 -1.191000000000000001e-03 1.156770000000000020e-01 9.932860000000000023e-01 1.541210000000000080e-01 -9.813979999999999926e-01 1.144769999999999954e-01 9.880510000000000126e-01 1.532219999999999971e-01 -1.665900000000000020e-02
2.400000000000000000e+01 1.200000000000000000e+01 1.600000000000000000e+01 0.000000000000000000e+00 1.600000000000000089e+00 1.446999999999999936e-03 -1.140000000000000063e-04 9.999989999999999712e-01 2.641749999999999932e-01 -9.644749999999999712e-01 -4.929999999999999487e-04 9.644740000000000535e-01 2.641760000000000219e-01 -1.364999999999999894e-03
4.000000000000000000e+00 1.160000000000000000e+02 1.600000000000000000e+01 0.000000000000000000e+00 1.600000000000000089e+00 -2.489999999999999809e-04 -2.155999999999999930e-03 9.999980000000000535e-01 7.572980000000000267e-01 6.530669999999999531e-01 1.596999999999999895e-03 -6.530690000000000106e-01 7.572969999999999979e-01 1.469999999999999953e-03
7.000000000000000000e+00 1.160000000000000000e+02 1.600000000000000000e+01 0.000000000000000000e+00 1.600000000000000089e+00 -3.179999999999999776e-04 -2.249000000000000131e-03 9.999970000000000248e-01 7.590829999999999522e-01 6.509920000000000151e-01 1.706000000000000051e-03 -6.509939999999999616e-01 7.590810000000000057e-01 1.500000000000000031e-03
1.300000000000000000e+01 1.160000000000000000e+02 1.600000000000000000e+01 0.000000000000000000e+00 1.600000000000000089e+00 -1.374999999999999920e-03 -9.169999999999999549e-04 9.999989999999999712e-01 7.415079999999999449e-01 6.709420000000000384e-01 1.634000000000000036e-03 -6.709429999999999561e-01 7.415089999999999737e-01 -2.420000000000000005e-04
1.800000000000000000e+01 1.160000000000000000e+02 1.600000000000000000e+01 0.000000000000000000e+00 1.600000000000000089e+00 -2.507999999999999813e-03 -7.280000000000000230e-04 9.999970000000000248e-01 7.501560000000000450e-01 6.612569999999999837e-01 2.363000000000000083e-03 -6.612569999999999837e-01 7.501590000000000202e-01 -1.113000000000000057e-03
2.100000000000000000e+01 1.160000000000000000e+02 1.600000000000000000e+01 0.000000000000000000e+00 1.600000000000000089e+00 -3.954000000000000049e-03 -2.294000000000000032e-03 9.999900000000000455e-01 7.517160000000000508e-01 6.594719999999999471e-01 4.485000000000000271e-03 -6.594750000000000334e-01 7.517260000000000053e-01 -8.829999999999999958e-04
2.000000000000000000e+00 2.000000000000000000e+00 1.900000000000000000e+01 0.000000000000000000e+00 1.600000000000000089e+00 -1.121999999999999950e-03 2.016099999999999837e-02 -9.997960000000000180e-01 3.634390000000000120e-01 -9.314200000000000257e-01 -1.918999999999999873e-02 -9.316170000000000284e-01 -3.633870000000000156e-01 -6.282000000000000257e-03
2.400000000000000000e+01 2.000000000000000000e+00 1.900000000000000000e+01 0.000000000000000000e+00 1.600000000000000089e+00 -5.500000000000000196e-05 -1.933199999999999849e-02 -9.998129999999999518e-01 3.573580000000000090e-01 -9.337929999999999842e-01 1.803599999999999995e-02 -9.339669999999999916e-01 -3.572899999999999965e-01 6.958999999999999908e-03
6.000000000000000000e+00 3.000000000000000000e+00 1.900000000000000000e+01 0.000000000000000000e+00 1.600000000000000089e+00 3.246000000000000187e-03 3.624499999999999944e-02 -9.993379999999999486e-01 3.402660000000000129e-01 -9.397510000000000030e-01 -3.297900000000000137e-02 -9.403240000000000487e-01 -3.399340000000000139e-01 -1.538300000000000084e-02
1.000000000000000000e+01 3.000000000000000000e+00 1.900000000000000000e+01 0.000000000000000000e+00 1.600000000000000089e+00 5.559999999999999621e-04 5.049100000000000116e-02 -9.987239999999999451e-01 3.483939999999999815e-01 -9.361620000000000497e-01 -4.713400000000000228e-02 -9.373479999999999590e-01 -3.479229999999999823e-01 -1.811099999999999863e-02
1.400000000000000000e+01 3.000000000000000000e+00 1.900000000000000000e+01 0.000000000000000000e+00 1.600000000000000089e+00 -4.081000000000000426e-03 4.698499999999999899e-02 -9.988869999999999694e-01 3.541070000000000051e-01 -9.341030000000000166e-01 -4.538400000000000073e-02 -9.351960000000000273e-01 -3.538979999999999904e-01 -1.282600000000000059e-02
1.800000000000000000e+01 3.000000000000000000e+00 1.900000000000000000e+01 0.000000000000000000e+00 1.600000000000000089e+00 -5.165000000000000320e-03 2.725800000000000098e-02 -9.996150000000000313e-01 3.512910000000000199e-01 -9.358670000000000044e-01 -2.733500000000000166e-02 -9.362519999999999731e-01 -3.512970000000000259e-01 -4.741999999999999688e-03
2.500000000000000000e+01 3.000000000000000000e+00 1.900000000000000000e+01 0.000000000000000000e+00 1.600000000000000089e+00 -9.269999999999999811e-04 -2.091600000000000056e-02 -9.997810000000000308e-01 3.386770000000000058e-01 -9.407029999999999559e-01 1.936600000000000127e-02 -9.409020000000000161e-01 -3.385850000000000248e-01 7.955000000000000265e-03
2.000000000000000000e+00 1.300000000000000000e+01 2.000000000000000000e+01 0.000000000000000000e+00 1.600000000000000089e+00 -6.440000000000000412e-04 -7.119000000000000328e-03 9.999740000000000295e-01 2.608800000000000008e-01 9.653450000000000086e-01 7.041000000000000383e-03 -9.653709999999999791e-01 2.608779999999999988e-01 1.235999999999999903e-03
1.500000000000000000e+01 1.300000000000000000e+01 2.000000000000000000e+01 0.000000000000000000e+00 1.600000000000000089e+00 1.119999999999999983e-04 -3.487000000000000082e-03 9.999940000000000495e-01 2.606740000000000168e-01 9.654209999999999736e-01 3.337000000000000122e-03 -9.654270000000000351e-01 2.606720000000000148e-01 1.016999999999999892e-03
2.200000000000000000e+01 1.300000000000000000e+01 2.000000000000000000e+01 0.000000000000000000e+00 1.600000000000000089e+00 5.240000000000000517e-04 1.585000000000000037e-03 9.999989999999999712e-01 2.633460000000000245e-01 9.647000000000000020e-01 -1.665999999999999946e-03 -9.647010000000000307e-01 2.633460000000000245e-01 8.799999999999999771e-05
2.600000000000000000e+01 1.300000000000000000e+01 2.000000000000000000e+01 0.000000000000000000e+00 1.600000000000000089e+00 6.849999999999999535e-04 5.373000000000000172e-03 9.999850000000000128e-01 2.634650000000000047e-01 9.646540000000000115e-01 -5.363999999999999845e-03 -9.646689999999999987e-01 2.634650000000000047e-01 -7.540000000000000044e-04
2.000000000000000000e+00 1.600000000000000000e+01 2.100000000000000000e+01 0.000000000000000000e+00 1.600000000000000089e+00 -1.472000000000000001e-03 -1.080799999999999990e-02 9.999409999999999688e-01 2.980459999999999776e-01 9.544909999999999783e-01 1.075500000000000067e-02 -9.545500000000000096e-01 2.980450000000000044e-01 1.815999999999999906e-03
2.200000000000000000e+01 1.600000000000000000e+01 2.100000000000000000e+01 0.000000000000000000e+00 1.600000000000000089e+00 5.320000000000000293e-04 2.079000000000000119e-03 9.999980000000000535e-01 3.002130000000000076e-01 9.538699999999999957e-01 -2.142999999999999940e-03 -9.538720000000000532e-01 3.002130000000000076e-01 -1.160000000000000007e-04
2.900000000000000000e+01 1.600000000000000000e+01 2.100000000000000000e+01 0.000000000000000000e+00 1.600000000000000089e+00 3.559999999999999797e-04 4.616999999999999577e-03 9.999890000000000168e-01 2.989749999999999908e-01 9.542500000000000426e-01 -4.512000000000000385e-03 -9.542610000000000259e-01 2.989729999999999888e-01 -1.041000000000000042e-03
4.000000000000000000e+00 3.000000000000000000e+00 2.500000000000000000e+01 0.000000000000000000e+00 1.600000000000000089e+00 1.696999999999999941e-03 6.728999999999999738e-03 9.999759999999999760e-01 -1.827000000000000152e-02 -9.998099999999999765e-01 6.759000000000000251e-03 9.998320000000000540e-01 -1.828099999999999864e-02 -1.572999999999999962e-03
1.900000000000000000e+01 3.000000000000000000e+00 2.500000000000000000e+01 0.000000000000000000e+00 1.600000000000000089e+00 -4.640000000000000027e-04 8.942000000000000295e-03 9.999599999999999600e-01 3.563899999999999707e-02 -9.993250000000000188e-01 8.952999999999999153e-03 9.993649999999999478e-01 3.564200000000000007e-02 1.450000000000000009e-04
2.700000000000000000e+01 3.000000000000000000e+00 2.500000000000000000e+01 0.000000000000000000e+00 1.600000000000000089e+00 5.139999999999999604e-03 -3.015800000000000078e-02 9.995319999999999760e-01 5.658999999999999968e-03 -9.995279999999999720e-01 -3.018699999999999856e-02 9.999710000000000543e-01 5.811000000000000193e-03 -4.967000000000000061e-03
2.000000000000000000e+00 4.600000000000000000e+01 2.700000000000000000e+01 0.000000000000000000e+00 1.600000000000000089e+00 3.770000000000000022e-04 -7.339999999999999520e-04 -1.000000000000000000e+00 6.769190000000000484e-01 7.360579999999999901e-01 -2.849999999999999886e-04 7.360579999999999901e-01 -6.769190000000000484e-01 7.749999999999999728e-04
4.000000000000000000e+00 4.600000000000000000e+01 3.500000000000000000e+01 0.000000000000000000e+00 1.600000000000000089e+00 -1.010000000000000047e-03 -1.147000000000000016e-03 -9.999989999999999712e-01 3.898530000000000051e-01 -9.208769999999999456e-01 6.629999999999999609e-04 -9.208769999999999456e-01 -3.898510000000000031e-01 1.376999999999999969e-03
8.000000000000000000e+00 4.600000000000000000e+01 3.500000000000000000e+01 0.000000000000000000e+00 1.600000000000000089e+00 -8.570000000000000144e-04 -3.680999999999999810e-03 -9.999930000000000208e-01 3.933159999999999989e-01 -9.193980000000000485e-01 3.047999999999999928e-03 -9.194029999999999703e-01 -3.933099999999999929e-01 2.235000000000000007e-03
1.300000000000000000e+01 4.600000000000000000e+01 3.500000000000000000e+01 0.000000000000000000e+00 1.600000000000000089e+00 -9.000000000000000228e-06 1.154000000000000078e-03 -9.999989999999999712e-01 3.936899999999999844e-01 -9.192430000000000323e-01 -1.064000000000000059e-03 -9.192430000000000323e-01 -3.936890000000000112e-01 -4.459999999999999989e-04
2.200000000000000000e+01 4.600000000000000000e+01 3.500000000000000000e+01 0.000000000000000000e+00 1.600000000000000089e+00 -8.620000000000000275e-04 -2.776999999999999955e-03 -9.999959999999999960e-01 3.922399999999999776e-01 -9.198600000000000110e-01 2.216000000000000088e-03 -9.198629999999999862e-01 -3.922359999999999736e-01 1.881999999999999992e-03
1.500000000000000000e+01 9.500000000000000000e+01 3.600000000000000000e+01 0.000000000000000000e+00 1.600000000000000089e+00 -6.322999999999999628e-03 -1.044800000000000069e-02 9.999249999999999527e-01 9.957570000000000032e-01 9.173499999999999710e-02 7.256000000000000297e-03 -9.180399999999999672e-02 9.957289999999999752e-01 9.823000000000000134e-03
2.500000000000000000e+01 9.500000000000000000e+01 3.700000000000000000e+01 0.000000000000000000e+00 1.600000000000000089e+00 -1.714999999999999945e-03 -1.179000000000000013e-02 9.999289999999999567e-01 9.948289999999999633e-01 1.015220000000000011e-01 2.903000000000000198e-03 -1.015490000000000004e-01 9.947629999999999528e-01 1.155400000000000003e-02
1.900000000000000000e+01 6.000000000000000000e+01 3.900000000000000000e+01 0.000000000000000000e+00 1.600000000000000089e+00 -1.340999999999999961e-03 -1.140399999999999921e-02 -9.999339999999999895e-01 2.963149999999999951e-01 -9.550330000000000208e-01 1.049399999999999986e-02 -9.550889999999999658e-01 -2.962810000000000166e-01 4.658999999999999947e-03
2.000000000000000000e+00 2.900000000000000000e+01 4.400000000000000000e+01 0.000000000000000000e+00 1.600000000000000089e+00 -4.126999999999999592e-03 3.879999999999999985e-04 -9.999909999999999632e-01 6.571409999999999751e-01 7.537639999999999896e-01 -2.419999999999999842e-03 7.537570000000000103e-01 -6.571449999999999791e-01 -3.364999999999999936e-03
1.300000000000000000e+01 2.900000000000000000e+01 4.400000000000000000e+01 0.000000000000000000e+00 1.600000000000000089e+00 -1.730999999999999900e-03 -1.874000000000000015e-03 -9.999970000000000248e-01 6.577979999999999938e-01 7.531900000000000261e-01 -2.550000000000000183e-03 7.531919999999999726e-01 -6.578000000000000513e-01 -7.100000000000000462e-05
2.100000000000000000e+01 2.900000000000000000e+01 4.400000000000000000e+01 0.000000000000000000e+00 1.600000000000000089e+00 -1.590999999999999966e-03 -3.154000000000000119e-03 -9.999940000000000495e-01 6.610430000000000472e-01 7.503400000000000070e-01 -3.418000000000000031e-03 7.503459999999999575e-01 -6.610449999999999937e-01 8.909999999999999734e-04
3.000000000000000000e+01 2.900000000000000000e+01 4.400000000000000000e+01 0.000000000000000000e+00 1.600000000000000089e+00 1.802999999999999915e-03 2.792999999999999910e-03 -9.999949999999999672e-01 6.591069999999999984e-01 7.520419999999999883e-01 3.288999999999999823e-03 7.520470000000000210e-01 -6.591089999999999449e-01 -4.850000000000000253e-04
1.600000000000000000e+01 4.000000000000000000e+00 5.000000000000000000e+01 0.000000000000000000e+00 1.600000000000000089e+00 1.178999999999999927e-03 -3.275999999999999832e-03 -9.999940000000000495e-01 5.323999999999999844e-01 -8.464859999999999607e-01 3.400999999999999943e-03 -8.464920000000000222e-01 -5.324010000000000131e-01 7.460000000000000268e-04
2.000000000000000000e+01 1.150000000000000000e+02 5.100000000000000000e+01 0.000000000000000000e+00 1.600000000000000089e+00 -2.425000000000000072e-03 -4.471000000000000148e-03 9.999869999999999592e-01 8.471279999999999921e-01 -5.313890000000000002e-01 -3.220000000000000206e-04 5.313839999999999675e-01 8.471159999999999801e-01 5.074999999999999650e-03
2.400000000000000000e+01 1.150000000000000000e+02 5.100000000000000000e+01 0.000000000000000000e+00 1.600000000000000089e+00 6.399999999999999710e-05 4.739999999999999747e-04 1.000000000000000000e+00 8.466949999999999754e-01 -5.320780000000000509e-01 1.979999999999999881e-04 5.320780000000000509e-01 8.466949999999999754e-01 -4.360000000000000269e-04
3.000000000000000000e+00 6.300000000000000000e+01 5.400000000000000000e+01 0.000000000000000000e+00 1.600000000000000089e+00 1.737000000000000046e-03 8.149999999999999693e-04 9.999980000000000535e-01 -3.551860000000000017e-01 9.347950000000000426e-01 -1.450000000000000009e-04 -9.347940000000000138e-01 -3.551860000000000017e-01 1.913999999999999903e-03
8.000000000000000000e+00 6.300000000000000000e+01 5.400000000000000000e+01 0.000000000000000000e+00 1.600000000000000089e+00 1.330000000000000073e-04 -3.199000000000000021e-03 9.999949999999999672e-01 -3.506639999999999757e-01 9.364970000000000239e-01 3.041999999999999999e-03 -9.365019999999999456e-01 -3.506619999999999737e-01 -9.970000000000000563e-04
1.300000000000000000e+01 6.300000000000000000e+01 5.400000000000000000e+01 0.000000000000000000e+00 1.600000000000000089e+00 -1.417000000000000074e-03 -4.225999999999999722e-03 9.999900000000000455e-01 -3.513049999999999784e-01 9.362549999999999484e-01 3.458999999999999835e-03 -9.362599999999999811e-01 -3.512959999999999972e-01 -2.811000000000000131e-03
2.600000000000000000e+01 6.300000000000000000e+01 5.400000000000000000e+01 0.000000000000000000e+00 1.600000000000000089e+00 1.721000000000000090e-03 -2.066999999999999827e-03 9.999959999999999960e-01 -3.479470000000000063e-01 9.375109999999999832e-01 2.537000000000000192e-03 -9.375130000000000408e-01 -3.479499999999999815e-01 8.940000000000000464e-04
5.000000000000000000e+00 2.500000000000000000e+01 5.500000000000000000e+01 0.000000000000000000e+00 1.600000000000000089e+00 -6.799999999999999946e-05 1.226000000000000093e-03 -9.999989999999999712e-01 -1.382000000000000069e-02 -9.999040000000000150e-01 -1.224999999999999960e-03 -9.999050000000000438e-01 1.382000000000000069e-02 8.500000000000000611e-05
9.000000000000000000e+00 2.600000000000000000e+01 5.500000000000000000e+01 0.000000000000000000e+00 1.600000000000000089e+00 1.317000000000000028e-03 5.102999999999999897e-03 -9.999860000000000415e-01 -3.304499999999999799e-02 -9.994410000000000238e-01 -5.144000000000000135e-03 -9.994530000000000358e-01 3.305099999999999705e-02 -1.147000000000000016e-03
3.000000000000000000e+00 2.100000000000000000e+01 6.000000000000000000e+01 0.000000000000000000e+00 1.600000000000000089e+00 1.284999999999999901e-03 -9.726999999999999535e-03 9.999519999999999520e-01 -9.640600000000000558e-02 9.952940000000000120e-01 9.804999999999999480e-03 -9.953410000000000313e-01 -9.641399999999999970e-02 3.409999999999999945e-04
7.000000000000000000e+00 2.100000000000000000e+01 6.000000000000000000e+01 0.000000000000000000e+00 1.600000000000000089e+00 1.675999999999999972e-03 -1.271999999999999910e-03 9.999980000000000535e-01 -9.718200000000000449e-02 9.952659999999999840e-01 1.428999999999999932e-03 -9.952649999999999553e-01 -9.718400000000000649e-02 1.544999999999999932e-03
1.100000000000000000e+01 2.100000000000000000e+01 6.000000000000000000e+01 0.000000000000000000e+00 1.600000000000000089e+00 -1.601999999999999908e-03 6.786000000000000365e-03 9.999759999999999760e-01 -9.576999999999999402e-02 9.953800000000000425e-01 -6.908000000000000078e-03 -9.954020000000000090e-01 -9.577900000000000302e-02 -9.439999999999999607e-04
1.600000000000000000e+01 2.100000000000000000e+01 6.000000000000000000e+01 0.000000000000000000e+00 1.600000000000000089e+00 -7.540000000000000044e-04 1.760999999999999979e-03 9.999980000000000535e-01 -9.568899999999999628e-02 9.954100000000000170e-01 -1.825000000000000016e-03 -9.954110000000000458e-01 -9.568999999999999728e-02 -5.820000000000000520e-04
2.300000000000000000e+01 2.100000000000000000e+01 6.000000000000000000e+01 0.000000000000000000e+00 1.600000000000000089e+00 8.649999999999999920e-04 -1.642999999999999929e-03 9.999980000000000535e-01 -9.297999999999999321e-02 9.956660000000000510e-01 1.716000000000000077e-03 -9.956679999999999975e-01 -9.298199999999999521e-02 7.079999999999999705e-04
3.000000000000000000e+01 2.100000000000000000e+01 6.000000000000000000e+01 0.000000000000000000e+00 1.600000000000000089e+00 -1.662999999999999982e-03 8.462000000000000771e-03 9.999630000000000463e-01 -9.664699999999999680e-02 9.952820000000000000e-01 -8.583000000000000351e-03 -9.953170000000000073e-01 -9.665700000000000680e-02 -8.369999999999999619e-04
1.000000000000000000e+01 3.000000000000000000e+00 6.300000000000000000e+01 0.000000000000000000e+00 1.600000000000000089e+00 -1.121000000000000035e-03 -3.820000000000000045e-03 9.999919999999999920e-01 -6.132250000000000201e-01 7.899049999999999683e-01 2.330000000000000040e-03 -7.899080000000000545e-01 -6.132170000000000121e-01 -3.227999999999999967e-03
3.000000000000000000e+01 3.000000000000000000e+00 6.300000000000000000e+01 0.000000000000000000e+00 1.600000000000000089e+00 8.630000000000000518e-04 -3.772999999999999878e-03 9.999919999999999920e-01 -6.112469999999999848e-01 7.914320000000000244e-01 3.514000000000000196e-03 -7.914400000000000324e-01 -6.112450000000000383e-01 -1.624000000000000010e-03
7.000000000000000000e+00 2.700000000000000000e+01 6.300000000000000000e+01 0.000000000000000000e+00 1.600000000000000089e+00 1.760000000000000063e-03 -5.559999999999999621e-04 9.999980000000000535e-01 -2.747919999999999807e-01 9.615029999999999966e-01 1.018000000000000025e-03 -9.615019999999999678e-01 -2.747930000000000095e-01 1.539000000000000003e-03
1.200000000000000000e+01 2.700000000000000000e+01 6.300000000000000000e+01 0.000000000000000000e+00 1.600000000000000089e+00 -1.544000000000000017e-03 1.642000000000000013e-03 9.999970000000000248e-01 -2.777229999999999976e-01 9.606590000000000407e-01 -2.005999999999999971e-03 -9.606599999999999584e-01 -2.777249999999999996e-01 -1.026999999999999918e-03
1.500000000000000000e+01 2.700000000000000000e+01 6.300000000000000000e+01 0.000000000000000000e+00 1.600000000000000089e+00 -2.869999999999999830e-04 4.325999999999999984e-03 9.999909999999999632e-01 -2.780309999999999726e-01 9.605629999999999447e-01 -4.235000000000000049e-03 -9.605719999999999814e-01 -2.780299999999999994e-01 9.269999999999999811e-04
1.800000000000000000e+01 2.700000000000000000e+01 6.300000000000000000e+01 0.000000000000000000e+00 1.600000000000000089e+00 2.625999999999999862e-03 6.368000000000000396e-03 9.999759999999999760e-01 -2.765420000000000100e-01 9.609870000000000356e-01 -5.393000000000000224e-03 -9.609980000000000189e-01 -2.765219999999999900e-01 4.284999999999999747e-03
2.300000000000000000e+01 2.700000000000000000e+01 6.300000000000000000e+01 0.000000000000000000e+00 1.600000000000000089e+00 -9.060000000000000128e-04 8.340999999999999456e-03 9.999649999999999928e-01 -2.705480000000000107e-01 9.626710000000000544e-01 -8.274999999999999370e-03 -9.627059999999999507e-01 -2.705460000000000087e-01 1.384999999999999946e-03
3.000000000000000000e+01 2.700000000000000000e+01 6.300000000000000000e+01 0.000000000000000000e+00 1.600000000000000089e+00 -1.539000000000000003e-03 -6.892999999999999822e-03 9.999749999999999472e-01 -2.750989999999999824e-01 9.613960000000000283e-01 6.204000000000000313e-03 -9.614150000000000196e-01 -2.750819999999999932e-01 -3.374999999999999962e-03
7.000000000000000000e+00 2.600000000000000000e+01 6.400000000000000000e+01 0.000000000000000000e+00 1.600000000000000089e+00 2.328000000000000208e-03 1.959999999999999937e-04 9.999970000000000248e-01 -3.669930000000000136e-01 9.302240000000000508e-01 6.719999999999999628e-04 -9.302209999999999646e-01 -3.669930000000000136e-01 2.237999999999999972e-03
1.200000000000000000e+01 2.600000000000000000e+01 6.400000000000000000e+01 0.000000000000000000e+00 1.600000000000000089e+00 -1.978000000000000157e-03 2.317000000000000049e-03 9.999949999999999672e-01 -3.711459999999999759e-01 9.285700000000000065e-01 -2.886000000000000110e-03 -9.285719999999999530e-01 -3.711499999999999799e-01 -9.770000000000000039e-04
1.600000000000000000e+01 2.600000000000000000e+01 6.400000000000000000e+01 0.000000000000000000e+00 1.600000000000000089e+00 2.200000000000000078e-04 3.983000000000000429e-03 9.999919999999999920e-01 -3.717520000000000269e-01 9.283249999999999558e-01 -3.615999999999999857e-03 -9.283320000000000460e-01 -3.717489999999999961e-01 1.685000000000000083e-03
1.800000000000000000e+01 2.600000000000000000e+01 6.400000000000000000e+01 0.000000000000000000e+00 1.600000000000000089e+00 2.161000000000000160e-03 4.366000000000000089e-03 9.999879999999999880e-01 -3.702949999999999853e-01 9.289079999999999560e-01 -3.255000000000000081e-03 -9.289119999999999600e-01 -3.702840000000000020e-01 3.624000000000000051e-03
2.400000000000000000e+01 2.600000000000000000e+01 6.400000000000000000e+01 0.000000000000000000e+00 1.600000000000000089e+00 -3.291000000000000088e-03 6.212999999999999773e-03 9.999749999999999472e-01 -3.649200000000000221e-01 9.310119999999999507e-01 -6.986000000000000022e-03 -9.310329999999999995e-01 -3.649339999999999806e-01 -7.969999999999999654e-04
1.800000000000000000e+01 6.900000000000000000e+01 6.600000000000000000e+01 0.000000000000000000e+00 1.600000000000000089e+00 1.550000000000000000e-04 -4.198000000000000342e-03 9.999909999999999632e-01 -9.493099999999999872e-01 3.143380000000000063e-01 1.466999999999999988e-03 -3.143420000000000103e-01 -9.493019999999999792e-01 -3.937000000000000395e-03
5.000000000000000000e+00 2.500000000000000000e+01 7.300000000000000000e+01 0.000000000000000000e+00 1.600000000000000089e+00 -5.450000000000000200e-04 1.044000000000000006e-03 9.999989999999999712e-01 7.588260000000000005e-01 -6.512930000000000108e-01 1.093999999999999920e-03 6.512930000000000108e-01 7.588260000000000005e-01 -4.369999999999999970e-04
1.200000000000000000e+01 2.500000000000000000e+01 7.300000000000000000e+01 0.000000000000000000e+00 1.600000000000000089e+00 -4.550000000000000008e-04 1.464999999999999939e-03 9.999989999999999712e-01 7.541710000000000358e-01 -6.566769999999999552e-01 1.304999999999999953e-03 6.566779999999999839e-01 7.541700000000000070e-01 -8.059999999999999673e-04
1.600000000000000000e+01 2.500000000000000000e+01 7.300000000000000000e+01 0.000000000000000000e+00 1.600000000000000089e+00 -9.340000000000000429e-04 -4.539999999999999765e-04 9.999989999999999712e-01 7.565300000000000358e-01 -6.539589999999999570e-01 4.099999999999999912e-04 6.539589999999999570e-01 7.565300000000000358e-01 9.539999999999999869e-04
1.900000000000000000e+01 2.500000000000000000e+01 7.300000000000000000e+01 0.000000000000000000e+00 1.600000000000000089e+00 -1.572999999999999962e-03 -3.896000000000000157e-03 9.999909999999999632e-01 7.555020000000000069e-01 -6.551449999999999774e-01 -1.363999999999999978e-03 6.551439999999999486e-01 7.554929999999999701e-01 3.974000000000000102e-03
2.400000000000000000e+01 2.500000000000000000e+01 7.300000000000000000e+01 0.000000000000000000e+00 1.600000000000000089e+00 3.370000000000000057e-04 -6.199999999999999999e-04 1.000000000000000000e+00 7.539280000000000426e-01 -6.569559999999999844e-01 -6.610000000000000207e-04 6.569570000000000132e-01 7.539280000000000426e-01 2.460000000000000164e-04
2.000000000000000000e+00 4.400000000000000000e+01 7.300000000000000000e+01 0.000000000000000000e+00 1.600000000000000089e+00 -4.979999999999999618e-04 -1.369999999999999961e-04 1.000000000000000000e+00 5.910100000000000076e-02 -9.982520000000000282e-01 -1.069999999999999988e-04 9.982520000000000282e-01 5.910100000000000076e-02 5.050000000000000235e-04
8.000000000000000000e+00 4.400000000000000000e+01 7.300000000000000000e+01 0.000000000000000000e+00 1.600000000000000089e+00 -6.489999999999999459e-04 -1.544999999999999932e-03 9.999989999999999712e-01 5.469600000000000156e-02 -9.985020000000000007e-01 -1.507000000000000093e-03 9.985030000000000294e-01 5.469500000000000056e-02 7.330000000000000361e-04
1.200000000000000000e+01 4.400000000000000000e+01 7.300000000000000000e+01 0.000000000000000000e+00 1.600000000000000089e+00 -2.460000000000000164e-04 -8.760000000000000425e-04 1.000000000000000000e+00 5.497300000000000103e-02 -9.984870000000000134e-01 -8.610000000000000032e-04 9.984880000000000422e-01 5.497300000000000103e-02 2.939999999999999905e-04
1.800000000000000000e+01 4.400000000000000000e+01 7.300000000000000000e+01 0.000000000000000000e+00 1.600000000000000089e+00 -6.700000000000000226e-05 -5.000000000000000104e-04 1.000000000000000000e+00 5.351399999999999907e-02 -9.985669999999999824e-01 -4.960000000000000216e-04 9.985669999999999824e-01 5.351399999999999907e-02 9.299999999999999727e-05
2.100000000000000000e+01 4.400000000000000000e+01 7.300000000000000000e+01 0.000000000000000000e+00 1.600000000000000089e+00 5.749999999999999903e-04 -1.598000000000000028e-03 9.999989999999999712e-01 5.311799999999999855e-02 -9.985870000000000024e-01 -1.626999999999999974e-03 9.985880000000000312e-01 5.311899999999999955e-02 -4.889999999999999599e-04
2.600000000000000000e+01 4.400000000000000000e+01 7.300000000000000000e+01 0.000000000000000000e+00 1.600000000000000089e+00 1.949999999999999965e-04 2.077999999999999986e-03 9.999980000000000535e-01 5.543200000000000210e-02 -9.984600000000000142e-01 2.063999999999999863e-03 9.984619999999999607e-01 5.543200000000000210e-02 -3.099999999999999999e-04
2.800000000000000000e+01 2.500000000000000000e+01 7.400000000000000000e+01 0.000000000000000000e+00 1.600000000000000089e+00 4.500000000000000283e-05 1.833999999999999910e-03 9.999980000000000535e-01 8.299729999999999608e-01 -5.578020000000000200e-01 9.859999999999998974e-04 5.578030000000000488e-01 8.299720000000000431e-01 -1.546999999999999981e-03
4.000000000000000000e+00 9.100000000000000000e+01 7.600000000000000000e+01 0.000000000000000000e+00 1.600000000000000089e+00 2.121000000000000055e-03 -1.979999999999999881e-04 9.999980000000000535e-01 3.197650000000000214e-01 -9.474960000000000049e-01 -8.660000000000000163e-04 9.474949999999999761e-01 3.197659999999999947e-01 -1.946000000000000030e-03
1.000000000000000000e+01 9.100000000000000000e+01 7.600000000000000000e+01 0.000000000000000000e+00 1.600000000000000089e+00 -2.139999999999999975e-03 -1.456000000000000046e-03 9.999970000000000248e-01 3.009669999999999845e-01 -9.536339999999999817e-01 -7.439999999999999782e-04 9.536320000000000352e-01 3.009640000000000093e-01 2.478999999999999867e-03
1.400000000000000000e+01 9.100000000000000000e+01 7.600000000000000000e+01 0.000000000000000000e+00 1.600000000000000089e+00 -4.099999999999999912e-04 2.930000000000000204e-04 1.000000000000000000e+00 2.920800000000000063e-01 -9.563939999999999664e-01 4.000000000000000192e-04 9.563939999999999664e-01 2.920800000000000063e-01 3.069999999999999812e-04
1.800000000000000000e+01 9.100000000000000000e+01 7.600000000000000000e+01 0.000000000000000000e+00 1.600000000000000089e+00 -8.750000000000000182e-04 2.700000000000000035e-04 1.000000000000000000e+00 2.983600000000000141e-01 -9.544529999999999959e-01 5.190000000000000386e-04 9.544529999999999959e-01 2.983600000000000141e-01 7.550000000000000287e-04
2.600000000000000000e+01 9.100000000000000000e+01 7.600000000000000000e+01 0.000000000000000000e+00 1.600000000000000089e+00 -4.479999999999999933e-04 -1.064999999999999974e-03 9.999989999999999712e-01 3.036200000000000010e-01 -9.527930000000000010e-01 -8.790000000000000070e-04 9.527930000000000010e-01 3.036190000000000278e-01 7.500000000000000156e-04
1.200000000000000000e+01 6.300000000000000000e+01 8.100000000000000000e+01 0.000000000000000000e+00 1.600000000000000089e+00 -1.599999999999999928e-05 7.040000000000000251e-03 9.999749999999999472e-01 3.079199999999999993e-02 -9.995009999999999728e-01 7.036999999999999852e-03 9.995260000000000256e-01 3.079099999999999893e-02 -2.000000000000000096e-04
2.800000000000000000e+01 6.300000000000000000e+01 8.100000000000000000e+01 0.000000000000000000e+00 1.600000000000000089e+00 -7.497000000000000192e-03 -1.555400000000000012e-02 9.998510000000000453e-01 3.283799999999999913e-02 -9.993440000000000101e-01 -1.529999999999999936e-02 9.994330000000000158e-01 3.271799999999999708e-02 8.002999999999999697e-03
6.000000000000000000e+00 4.400000000000000000e+01 8.300000000000000000e+01 0.000000000000000000e+00 1.600000000000000089e+00 -1.095000000000000053e-03 6.098000000000000122e-03 9.999810000000000088e-01 5.811460000000000514e-01 -8.137799999999999478e-01 5.598999999999999810e-03 8.137980000000000214e-01 5.811410000000000187e-01 -2.652999999999999976e-03
1.200000000000000000e+01 4.400000000000000000e+01 8.300000000000000000e+01 0.000000000000000000e+00 1.600000000000000089e+00 3.049999999999999868e-04 3.667000000000000121e-03 9.999930000000000208e-01 5.772209999999999841e-01 -8.165829999999999478e-01 2.818000000000000192e-03 8.165879999999999805e-01 5.772159999999999513e-01 -2.366000000000000048e-03
1.600000000000000000e+01 4.400000000000000000e+01 8.300000000000000000e+01 0.000000000000000000e+00 1.600000000000000089e+00 -4.879999999999999898e-04 -1.965000000000000167e-03 9.999980000000000535e-01 5.735179999999999723e-01 -8.191920000000000313e-01 -1.330000000000000019e-03 8.191929999999999490e-01 5.735160000000000258e-01 1.526999999999999929e-03
1.900000000000000000e+01 4.400000000000000000e+01 8.300000000000000000e+01 0.000000000000000000e+00 1.600000000000000089e+00 -1.028999999999999967e-03 -2.413000000000000214e-03 9.999970000000000248e-01 5.719899999999999984e-01 -8.202589999999999604e-01 -1.389999999999999960e-03 8.202599999999999891e-01 5.719870000000000232e-01 2.223999999999999849e-03
2.400000000000000000e+01 4.400000000000000000e+01 8.300000000000000000e+01 0.000000000000000000e+00 1.600000000000000089e+00 1.198000000000000063e-03 -3.393999999999999882e-03 9.999940000000000495e-01 5.779800000000000493e-01 -8.160439999999999916e-01 -3.461999999999999800e-03 8.160500000000000531e-01 5.779800000000000493e-01 9.840000000000000656e-04
2.500000000000000000e+01 1.010000000000000000e+02 8.300000000000000000e+01 0.000000000000000000e+00 1.600000000000000089e+00 -3.152999999999999987e-03 -9.972999999999999227e-03 9.999449999999999728e-01 9.930959999999999788e-01 1.172269999999999979e-01 4.301000000000000136e-03 -1.172630000000000061e-01 9.930550000000000210e-01 9.535000000000000073e-03
2.000000000000000000e+00 4.800000000000000000e+01 8.400000000000000000e+01 0.000000000000000000e+00 1.600000000000000089e+00 4.001000000000000216e-03 3.448999999999999809e-03 -9.999860000000000415e-01 -9.473200000000000509e-01 -3.202499999999999791e-01 -4.895000000000000046e-03 -3.202630000000000199e-01 9.473270000000000302e-01 1.985999999999999918e-03
8.000000000000000000e+00 4.800000000000000000e+01 8.400000000000000000e+01 0.000000000000000000e+00 1.600000000000000089e+00 5.311999999999999882e-03 5.183000000000000107e-03 -9.999719999999999720e-01 -9.478050000000000086e-01 -3.187800000000000078e-01 -6.687000000000000235e-03 -3.188059999999999783e-01 9.478149999999999631e-01 3.219000000000000073e-03
1.300000000000000000e+01 4.800000000000000000e+01 8.400000000000000000e+01 0.000000000000000000e+00 1.600000000000000089e+00 2.397999999999999958e-03 2.001000000000000174e-03 -9.999949999999999672e-01 -9.487900000000000222e-01 -3.158940000000000081e-01 -2.906999999999999862e-03 -3.158989999999999854e-01 9.487919999999999687e-01 1.141000000000000087e-03
1.700000000000000000e+01 4.800000000000000000e+01 8.400000000000000000e+01 0.000000000000000000e+00 1.600000000000000089e+00 -1.036000000000000029e-03 -1.734000000000000081e-03 -9.999980000000000535e-01 -9.476329999999999476e-01 -3.193570000000000020e-01 1.536000000000000039e-03 -3.193590000000000040e-01 9.476329999999999476e-01 -1.312999999999999931e-03
