1.200000000000000000e+01 2.500000000000000000e+01 1.000000000000000000e+00 0.000000000000000000e+00 1.600000000000000089e+00 -4.063999999999999904e-03 -4.662000000000000345e-03 -9.999810000000000088e-01 -5.310570000000000013e-01 -8.473140000000000116e-01 6.107999999999999714e-03 -8.473270000000000524e-01 5.310709999999999598e-01 9.669999999999999776e-04
2.100000000000000000e+01 2.500000000000000000e+01 1.000000000000000000e+00 0.000000000000000000e+00 1.600000000000000089e+00 -7.590000000000000175e-04 -3.134000000000000067e-03 -9.999949999999999672e-01 -5.252259999999999707e-01 -8.509569999999999634e-01 3.065000000000000016e-03 -8.509619999999999962e-01 5.252259999999999707e-01 -1.000000000000000021e-03
6.000000000000000000e+00 1.500000000000000000e+01 4.000000000000000000e+00 0.000000000000000000e+00 1.600000000000000089e+00 4.240000000000000062e-04 -2.916000000000000189e-03 9.999959999999999960e-01 2.950780000000000070e-01 -9.554690000000000127e-01 -2.910999999999999959e-03 9.554730000000000167e-01 2.950780000000000070e-01 4.550000000000000008e-04
1.200000000000000000e+01 1.500000000000000000e+01 4.000000000000000000e+00 0.000000000000000000e+00 1.600000000000000089e+00 2.750000000000000166e-04 -1.964700000000000127e-02 9.998070000000000013e-01 2.903589999999999782e-01 -9.567320000000000269e-01 -1.888000000000000095e-02 9.569180000000000463e-01 2.903080000000000105e-01 5.441999999999999789e-03
2.200000000000000000e+01 1.500000000000000000e+01 4.000000000000000000e+00 0.000000000000000000e+00 1.600000000000000089e+00 -2.337000000000000102e-03 -1.002399999999999992e-02 9.999470000000000303e-01 2.810349999999999793e-01 -9.596559999999999535e-01 -8.963999999999999746e-03 9.596949999999999648e-01 2.809989999999999988e-01 5.060000000000000261e-03
8.000000000000000000e+00 1.010000000000000000e+02 7.000000000000000000e+00 0.000000000000000000e+00 1.600000000000000089e+00 -2.070999999999999924e-03 -1.565300000000000025e-02 9.998749999999999583e-01 8.867660000000000542e-01 4.621290000000000120e-01 9.070999999999999203e-03 -4.622129999999999850e-01 8.866749999999999909e-01 1.292399999999999972e-02
1.800000000000000000e+01 1.010000000000000000e+02 7.000000000000000000e+00 0.000000000000000000e+00 1.600000000000000089e+00 -1.092000000000000089e-03 -3.154000000000000119e-03 9.999940000000000495e-01 8.859489999999999865e-01 4.637760000000000216e-01 2.429999999999999868e-03 -4.637809999999999988e-01 8.859470000000000400e-01 2.288000000000000103e-03
2.400000000000000000e+01 1.010000000000000000e+02 7.000000000000000000e+00 0.000000000000000000e+00 1.600000000000000089e+00 -2.034999999999999917e-03 -4.403999999999999929e-03 9.999879999999999880e-01 8.841959999999999820e-01 4.671000000000000152e-01 3.856000000000000053e-03 -4.671109999999999984e-01 8.841940000000000355e-01 2.944000000000000002e-03
1.000000000000000000e+01 1.500000000000000000e+01 8.000000000000000000e+00 0.000000000000000000e+00 1.600000000000000089e+00 -2.096999999999999906e-03 -6.573999999999999982e-03 -9.999759999999999760e-01 -5.911969999999999725e-01 -8.065010000000000234e-01 6.542000000000000072e-03 -8.065250000000000474e-01 5.911969999999999725e-01 -2.196000000000000035e-03
1.400000000000000000e+01 1.500000000000000000e+01 8.000000000000000000e+00 0.000000000000000000e+00 1.600000000000000089e+00 -3.115000000000000147e-03 -2.016199999999999937e-02 -9.997920000000000140e-01 -5.937989999999999657e-01 -8.044099999999999584e-01 1.807200000000000126e-02 -8.046069999999999611e-01 5.937320000000000375e-01 -9.466999999999999721e-03
2.400000000000000000e+01 1.500000000000000000e+01 8.000000000000000000e+00 0.000000000000000000e+00 1.600000000000000089e+00 -3.932999999999999864e-03 -3.014000000000000186e-03 -9.999879999999999880e-01 -5.943619999999999459e-01 -8.041840000000000099e-01 4.761999999999999740e-03 -8.041880000000000139e-01 5.943730000000000402e-01 1.371000000000000040e-03
3.000000000000000000e+01 1.500000000000000000e+01 8.000000000000000000e+00 0.000000000000000000e+00 1.600000000000000089e+00 7.069999999999999462e-04 -1.030000000000000100e-03 -9.999989999999999712e-01 -5.969069999999999654e-01 -8.023099999999999676e-01 4.040000000000000080e-04 -8.023099999999999676e-01 5.969060000000000477e-01 -1.182000000000000108e-03
4.000000000000000000e+00 2.400000000000000000e+01 9.000000000000000000e+00 0.000000000000000000e+00 1.600000000000000089e+00 8.689999999999999808e-04 3.772999999999999878e-03 -9.999919999999999920e-01 4.596270000000000078e-01 8.881040000000000045e-01 3.750999999999999994e-03 8.881120000000000125e-01 -4.596270000000000078e-01 -9.619999999999999645e-04
9.000000000000000000e+00 2.400000000000000000e+01 9.000000000000000000e+00 0.000000000000000000e+00 1.600000000000000089e+00 2.370999999999999844e-03 8.449999999999999178e-03 -9.999609999999999888e-01 4.585879999999999956e-01 8.886070000000000357e-01 8.595999999999999475e-03 8.886460000000000470e-01 -4.585910000000000264e-01 -1.768000000000000040e-03
1.400000000000000000e+01 2.400000000000000000e+01 9.000000000000000000e+00 0.000000000000000000e+00 1.600000000000000089e+00 4.266999999999999960e-03 1.063300000000000009e-02 -9.999339999999999895e-01 4.581990000000000229e-01 8.887760000000000105e-01 1.140599999999999947e-02 8.888390000000000457e-01 -4.582180000000000142e-01 -1.080000000000000014e-03
1.600000000000000000e+01 2.400000000000000000e+01 9.000000000000000000e+00 0.000000000000000000e+00 1.600000000000000089e+00 4.536000000000000101e-03 1.042200000000000071e-02 -9.999350000000000183e-01 4.574650000000000105e-01 8.891550000000000287e-01 1.134199999999999965e-02 8.892160000000000064e-01 -4.574869999999999770e-01 -7.349999999999999763e-04
1.900000000000000000e+01 2.400000000000000000e+01 9.000000000000000000e+00 0.000000000000000000e+00 1.600000000000000089e+00 3.844999999999999894e-03 7.435999999999999902e-03 -9.999649999999999928e-01 4.560750000000000082e-01 8.899019999999999708e-01 8.370999999999999969e-03 8.899329999999999741e-01 -4.560910000000000242e-01 3.000000000000000076e-05
2.300000000000000000e+01 2.400000000000000000e+01 9.000000000000000000e+00 0.000000000000000000e+00 1.600000000000000089e+00 3.260000000000000094e-04 -4.290000000000000193e-04 -1.000000000000000000e+00 4.542209999999999859e-01 8.908890000000000420e-01 -2.339999999999999958e-04 8.908890000000000420e-01 -4.542209999999999859e-01 4.859999999999999954e-04
2.000000000000000000e+00 4.000000000000000000e+00 1.100000000000000000e+01 0.000000000000000000e+00 1.600000000000000089e+00 1.711999999999999980e-03 1.416800000000000004e-02 -9.998979999999999535e-01 2.078780000000000072e-01 9.780520000000000325e-01 1.421500000000000020e-02 9.781530000000000502e-01 -2.078810000000000102e-01 -1.270000000000000078e-03
6.000000000000000000e+00 4.000000000000000000e+00 1.100000000000000000e+01 0.000000000000000000e+00 1.600000000000000089e+00 3.033999999999999805e-03 2.094700000000000034e-02 -9.997759999999999980e-01 2.015019999999999867e-01 9.792600000000000193e-01 2.112899999999999848e-02 9.794829999999999925e-01 -2.015210000000000057e-01 -1.250000000000000026e-03
1.600000000000000000e+01 4.000000000000000000e+00 1.100000000000000000e+01 0.000000000000000000e+00 1.600000000000000089e+00 8.750000000000000182e-04 2.206299999999999928e-02 -9.997559999999999780e-01 1.752279999999999949e-01 9.842849999999999655e-01 2.187499999999999861e-02 9.845270000000000410e-01 -1.752049999999999996e-01 -3.004999999999999859e-03
3.000000000000000000e+00 3.100000000000000000e+01 1.200000000000000000e+01 0.000000000000000000e+00 1.600000000000000089e+00 7.179999999999999967e-04 -1.451000000000000033e-03 9.999989999999999712e-01 -1.671900000000000122e-02 9.998590000000000533e-01 1.461999999999999975e-03 -9.998599999999999710e-01 -1.672099999999999975e-02 6.939999999999999555e-04
7.000000000000000000e+00 3.100000000000000000e+01 1.200000000000000000e+01 0.000000000000000000e+00 1.600000000000000089e+00 2.579999999999999828e-04 2.141000000000000108e-03 9.999980000000000535e-01 -1.665700000000000167e-02 9.998590000000000533e-01 -2.135999999999999878e-03 -9.998609999999999998e-01 -1.665600000000000067e-02 2.939999999999999905e-04
1.600000000000000000e+01 3.000000000000000000e+00 1.300000000000000000e+01 0.000000000000000000e+00 1.600000000000000089e+00 6.520000000000000188e-04 2.221800000000000164e-02 9.997530000000000028e-01 -2.867000000000000191e-03 9.997489999999999988e-01 -2.221599999999999964e-02 -9.999959999999999960e-01 -2.851999999999999934e-03 7.150000000000000322e-04
1.800000000000000000e+01 3.000000000000000000e+00 1.300000000000000000e+01 0.000000000000000000e+00 1.600000000000000089e+00 4.929999999999999487e-04 1.635899999999999854e-02 9.998660000000000325e-01 -1.585999999999999953e-03 9.998650000000000038e-01 -1.635800000000000101e-02 -9.999989999999999712e-01 -1.577999999999999976e-03 5.190000000000000386e-04
2.100000000000000000e+01 3.000000000000000000e+00 1.300000000000000000e+01 0.000000000000000000e+00 1.600000000000000089e+00 1.190000000000000058e-04 7.400000000000000328e-03 9.999730000000000008e-01 -1.093999999999999920e-03 9.999719999999999720e-01 -7.400000000000000328e-03 -9.999989999999999712e-01 -1.093999999999999920e-03 1.269999999999999970e-04
1.100000000000000000e+01 1.200000000000000000e+01 1.500000000000000000e+01 0.000000000000000000e+00 1.600000000000000089e+00 -1.008999999999999914e-03 -2.772000000000000158e-03 -9.999959999999999960e-01 -4.731009999999999938e-01 -8.810040000000000093e-01 2.919999999999999853e-03 -8.810080000000000133e-01 4.731009999999999938e-01 -4.229999999999999819e-04
1.800000000000000000e+01 1.200000000000000000e+01 1.500000000000000000e+01 0.000000000000000000e+00 1.600000000000000089e+00 -1.366999999999999943e-03 -9.726999999999999535e-03 -9.999519999999999520e-01 -4.710690000000000155e-01 -8.820480000000000542e-01 9.223999999999999561e-03 -8.820959999999999912e-01 4.710579999999999767e-01 -3.376000000000000095e-03
2.300000000000000000e+01 1.200000000000000000e+01 1.500000000000000000e+01 0.000000000000000000e+00 1.600000000000000089e+00 -3.347999999999999848e-03 -3.334999999999999857e-03 -9.999890000000000168e-01 -4.691060000000000230e-01 -8.831299999999999706e-01 4.516000000000000049e-03 -8.831360000000000321e-01 4.691159999999999775e-01 1.392999999999999924e-03
7.000000000000000000e+00 1.160000000000000000e+02 1.600000000000000000e+01 0.000000000000000000e+00 1.600000000000000089e+00 -1.492000000000000054e-03 -1.923000000000000013e-03 9.999970000000000248e-01 6.677009999999999890e-01 7.444260000000000321e-01 2.428000000000000037e-03 -7.444279999999999786e-01 6.677030000000000465e-01 1.730000000000000038e-04
8.000000000000000000e+00 2.000000000000000000e+00 1.900000000000000000e+01 0.000000000000000000e+00 1.600000000000000089e+00 4.029999999999999728e-03 4.126000000000000327e-03 -9.999829999999999552e-01 2.149429999999999952e-01 -9.766209999999999614e-01 -3.163000000000000013e-03 -9.766179999999999861e-01 -2.149270000000000069e-01 -4.823000000000000030e-03
1.500000000000000000e+01 2.000000000000000000e+00 1.900000000000000000e+01 0.000000000000000000e+00 1.600000000000000089e+00 -5.900000000000000296e-04 -6.229000000000000162e-03 -9.999799999999999800e-01 2.100450000000000095e-01 -9.776730000000000143e-01 5.967000000000000082e-03 -9.776909999999999767e-01 -2.100380000000000025e-01 1.884999999999999957e-03
2.100000000000000000e+01 2.000000000000000000e+00 1.900000000000000000e+01 0.000000000000000000e+00 1.600000000000000089e+00 1.526000000000000013e-03 -1.436499999999999930e-02 -9.998960000000000070e-01 2.143039999999999945e-01 -9.766610000000000014e-01 1.435900000000000024e-02 -9.767660000000000231e-01 -2.143039999999999945e-01 1.588999999999999918e-03
2.500000000000000000e+01 2.000000000000000000e+00 1.900000000000000000e+01 0.000000000000000000e+00 1.600000000000000089e+00 -2.599999999999999840e-05 -3.227999999999999967e-03 -9.999949999999999672e-01 2.110309999999999964e-01 -9.774739999999999540e-01 3.150000000000000022e-03 -9.774789999999999868e-01 -2.110299999999999954e-01 7.069999999999999462e-04
1.700000000000000000e+01 4.000000000000000000e+00 2.000000000000000000e+01 0.000000000000000000e+00 1.600000000000000089e+00 1.100000000000000066e-03 -7.683999999999999858e-03 -9.999700000000000255e-01 2.981260000000000021e-01 -9.544960000000000111e-01 7.662000000000000408e-03 -9.545259999999999856e-01 -2.981249999999999734e-01 1.240000000000000000e-03
2.900000000000000000e+01 4.000000000000000000e+00 2.000000000000000000e+01 0.000000000000000000e+00 1.600000000000000089e+00 1.193999999999999966e-03 2.383000000000000135e-03 -9.999959999999999960e-01 2.897199999999999775e-01 -9.571089999999999876e-01 -1.935000000000000088e-03 -9.571110000000000451e-01 -2.897170000000000023e-01 -1.833999999999999910e-03
8.000000000000000000e+00 1.300000000000000000e+01 2.000000000000000000e+01 0.000000000000000000e+00 1.600000000000000089e+00 -2.380000000000000117e-04 1.168999999999999900e-03 9.999989999999999712e-01 2.618320000000000092e-01 9.651129999999999987e-01 -1.066000000000000107e-03 -9.651129999999999987e-01 2.618320000000000092e-01 -5.360000000000000181e-04
1.100000000000000000e+01 1.300000000000000000e+01 2.000000000000000000e+01 0.000000000000000000e+00 1.600000000000000089e+00 -9.129999999999999661e-04 -6.173999999999999801e-03 9.999810000000000088e-01 2.623610000000000109e-01 9.649499999999999744e-01 6.198000000000000384e-03 -9.649689999999999657e-01 2.623610000000000109e-01 7.380000000000000492e-04
1.900000000000000000e+01 1.300000000000000000e+01 2.000000000000000000e+01 0.000000000000000000e+00 1.600000000000000089e+00 4.690000000000000158e-04 7.129999999999999836e-04 1.000000000000000000e+00 2.645390000000000241e-01 9.643749999999999822e-01 -8.120000000000000048e-04 -9.643749999999999822e-01 2.645390000000000241e-01 2.629999999999999959e-04
2.400000000000000000e+01 1.300000000000000000e+01 2.000000000000000000e+01 0.000000000000000000e+00 1.600000000000000089e+00 -1.330000000000000073e-04 8.170000000000000179e-04 1.000000000000000000e+00 2.639099999999999779e-01 9.645470000000000432e-01 -7.529999999999999801e-04 -9.645470000000000432e-01 2.639099999999999779e-01 -3.429999999999999889e-04
3.000000000000000000e+01 1.300000000000000000e+01 2.000000000000000000e+01 0.000000000000000000e+00 1.600000000000000089e+00 -1.941999999999999933e-03 1.177399999999999974e-02 9.999289999999999567e-01 2.637769999999999837e-01 9.645230000000000192e-01 -1.084399999999999947e-02 -9.645820000000000505e-01 2.637379999999999725e-01 -4.978999999999999919e-03
2.000000000000000000e+00 1.600000000000000000e+01 2.100000000000000000e+01 0.000000000000000000e+00 1.600000000000000089e+00 1.250000000000000026e-04 3.314000000000000105e-03 9.999949999999999672e-01 3.020809999999999884e-01 9.532770000000000410e-01 -3.197000000000000189e-03 -9.532819999999999627e-01 3.020800000000000152e-01 -8.819999999999999715e-04
8.000000000000000000e+00 1.600000000000000000e+01 2.100000000000000000e+01 0.000000000000000000e+00 1.600000000000000089e+00 -3.739999999999999835e-04 3.297000000000000017e-03 9.999949999999999672e-01 2.998500000000000054e-01 9.539809999999999679e-01 -3.033000000000000106e-03 -9.539860000000000007e-01 2.998480000000000034e-01 -1.345999999999999974e-03
1.100000000000000000e+01 1.600000000000000000e+01 2.100000000000000000e+01 0.000000000000000000e+00 1.600000000000000089e+00 -2.149999999999999947e-04 -8.184000000000000302e-03 9.999670000000000503e-01 3.005329999999999946e-01 9.537390000000000034e-01 7.870000000000000259e-03 -9.537710000000000354e-01 3.005249999999999866e-01 2.255000000000000060e-03
1.500000000000000000e+01 1.600000000000000000e+01 2.100000000000000000e+01 0.000000000000000000e+00 1.600000000000000089e+00 1.281999999999999936e-03 -7.832999999999999685e-03 9.999679999999999680e-01 3.034080000000000110e-01 9.528339999999999588e-01 7.074999999999999692e-03 -9.528600000000000403e-01 3.033899999999999930e-01 3.598000000000000070e-03
1.900000000000000000e+01 1.600000000000000000e+01 2.100000000000000000e+01 0.000000000000000000e+00 1.600000000000000089e+00 -3.289999999999999739e-04 -3.495999999999999976e-03 9.999940000000000495e-01 3.029510000000000258e-01 9.529999999999999583e-01 3.431000000000000022e-03 -9.530060000000000198e-01 3.029499999999999971e-01 7.450000000000000025e-04
2.500000000000000000e+01 1.600000000000000000e+01 2.100000000000000000e+01 0.000000000000000000e+00 1.600000000000000089e+00 -9.999999999999999547e-07 3.170000000000000075e-03 9.999949999999999672e-01 3.027159999999999851e-01 9.530760000000000343e-01 -3.020999999999999814e-03 -9.530809999999999560e-01 3.027139999999999831e-01 -9.610000000000000486e-04
1.900000000000000000e+01 4.600000000000000000e+01 2.700000000000000000e+01 0.000000000000000000e+00 1.600000000000000089e+00 -1.340000000000000045e-03 5.039999999999999992e-04 -9.999989999999999712e-01 6.685459999999999736e-01 7.436709999999999710e-01 -5.209999999999999788e-04 7.436700000000000532e-01 -6.685459999999999736e-01 -1.333999999999999899e-03
3.000000000000000000e+00 4.600000000000000000e+01 3.000000000000000000e+01 0.000000000000000000e+00 1.600000000000000089e+00 1.965000000000000167e-03 -1.190000000000000085e-03 -9.999970000000000248e-01 3.238269999999999760e-01 9.461159999999999570e-01 -4.899999999999999842e-04 9.461140000000000105e-01 -3.238249999999999740e-01 2.243999999999999901e-03
1.100000000000000000e+01 4.600000000000000000e+01 3.000000000000000000e+01 0.000000000000000000e+00 1.600000000000000089e+00 1.183999999999999940e-03 2.079000000000000119e-03 -9.999970000000000248e-01 3.256339999999999790e-01 9.454930000000000279e-01 2.350999999999999791e-03 9.454949999999999743e-01 -3.256359999999999810e-01 4.420000000000000101e-04
1.600000000000000000e+01 4.600000000000000000e+01 3.000000000000000000e+01 0.000000000000000000e+00 1.600000000000000089e+00 -3.609999999999999928e-04 -1.681999999999999901e-03 -9.999989999999999712e-01 3.238199999999999967e-01 9.461169999999999858e-01 -1.708000000000000100e-03 9.461190000000000433e-01 -3.238199999999999967e-01 2.030000000000000012e-04
2.600000000000000000e+01 4.600000000000000000e+01 3.000000000000000000e+01 0.000000000000000000e+00 1.600000000000000089e+00 -9.200000000000000007e-05 2.930000000000000204e-04 -1.000000000000000000e+00 3.161129999999999773e-01 9.487210000000000365e-01 2.480000000000000108e-04 9.487210000000000365e-01 -3.161129999999999773e-01 -1.800000000000000113e-04
3.000000000000000000e+00 5.800000000000000000e+01 3.100000000000000000e+01 0.000000000000000000e+00 1.600000000000000089e+00 -1.077999999999999965e-03 -2.480000000000000108e-04 9.999989999999999712e-01 -7.797429999999999639e-01 -6.260989999999999611e-01 -9.959999999999999236e-04 6.260989999999999611e-01 -7.797439999999999927e-01 4.820000000000000066e-04
1.500000000000000000e+01 5.800000000000000000e+01 3.100000000000000000e+01 0.000000000000000000e+00 1.600000000000000089e+00 -2.325999999999999943e-03 -4.074999999999999629e-03 9.999890000000000168e-01 -7.858300000000000285e-01 -6.184279999999999777e-01 -4.348000000000000302e-03 6.184389999999999610e-01 -7.858309999999999462e-01 -1.763999999999999943e-03
2.200000000000000000e+01 5.800000000000000000e+01 3.100000000000000000e+01 0.000000000000000000e+00 1.600000000000000089e+00 1.049999999999999935e-03 -2.027999999999999855e-03 9.999970000000000248e-01 -7.838699999999999557e-01 -6.209249999999999492e-01 -4.360000000000000269e-04 6.209240000000000315e-01 -7.838680000000000092e-01 -2.240999999999999936e-03
2.600000000000000000e+01 5.800000000000000000e+01 3.100000000000000000e+01 0.000000000000000000e+00 1.600000000000000089e+00 -1.188000000000000037e-03 -1.461999999999999975e-03 9.999980000000000535e-01 -7.826739999999999808e-01 -6.224290000000000100e-01 -1.838999999999999923e-03 6.224300000000000388e-01 -7.826750000000000096e-01 -4.049999999999999781e-04
2.000000000000000000e+00 4.600000000000000000e+01 3.500000000000000000e+01 0.000000000000000000e+00 1.600000000000000089e+00 -1.734999999999999997e-03 -1.724999999999999971e-03 -9.999970000000000248e-01 3.838559999999999750e-01 -9.233919999999999906e-01 9.269999999999999811e-04 -9.233909999999999618e-01 -3.838529999999999998e-01 2.265000000000000086e-03
8.000000000000000000e+00 4.600000000000000000e+01 3.500000000000000000e+01 0.000000000000000000e+00 1.600000000000000089e+00 -1.164000000000000104e-03 3.353000000000000078e-03 -9.999940000000000495e-01 3.860040000000000138e-01 -9.224900000000000322e-01 -3.542000000000000010e-03 -9.224959999999999827e-01 -3.860060000000000158e-01 -2.200000000000000078e-04
1.400000000000000000e+01 4.600000000000000000e+01 3.500000000000000000e+01 0.000000000000000000e+00 1.600000000000000089e+00 -7.600000000000000418e-05 -2.465000000000000177e-03 -9.999970000000000248e-01 3.860850000000000115e-01 -9.224609999999999754e-01 2.245000000000000034e-03 -9.224630000000000329e-01 -3.860830000000000095e-01 1.021999999999999905e-03
1.800000000000000000e+01 4.600000000000000000e+01 3.500000000000000000e+01 0.000000000000000000e+00 1.600000000000000089e+00 -4.920000000000000328e-04 4.229999999999999819e-04 -1.000000000000000000e+00 3.869790000000000174e-01 -9.220880000000000187e-01 -5.800000000000000034e-04 -9.220880000000000187e-01 -3.869799999999999907e-01 2.900000000000000017e-04
2.400000000000000000e+01 4.600000000000000000e+01 3.500000000000000000e+01 0.000000000000000000e+00 1.600000000000000089e+00 2.139999999999999975e-04 -8.319999999999999488e-04 -1.000000000000000000e+00 3.861899999999999777e-01 -9.224189999999999889e-01 8.499999999999999526e-04 -9.224189999999999889e-01 -3.861899999999999777e-01 1.240000000000000054e-04
3.000000000000000000e+00 9.500000000000000000e+01 3.600000000000000000e+01 0.000000000000000000e+00 1.600000000000000089e+00 2.752000000000000106e-03 4.270000000000000358e-03 9.999869999999999592e-01 9.966930000000000511e-01 8.120299999999999740e-02 -3.089000000000000166e-03 -8.121499999999999553e-02 9.966880000000000184e-01 -4.031999999999999994e-03
8.000000000000000000e+00 9.500000000000000000e+01 3.600000000000000000e+01 0.000000000000000000e+00 1.600000000000000089e+00 -2.699000000000000010e-03 -3.187000000000000163e-03 9.999909999999999632e-01 9.965730000000000421e-01 8.266700000000000437e-02 2.952999999999999896e-03 -8.267599999999999949e-02 9.965720000000000134e-01 2.952999999999999896e-03
1.600000000000000000e+01 9.500000000000000000e+01 3.600000000000000000e+01 0.000000000000000000e+00 1.600000000000000089e+00 -4.329999999999999648e-03 -2.439099999999999949e-02 9.996930000000000538e-01 9.972579999999999778e-01 7.375600000000000211e-02 6.119000000000000307e-03 -7.388300000000000423e-02 9.969780000000000308e-01 2.400400000000000103e-02
2.100000000000000000e+01 9.500000000000000000e+01 3.600000000000000000e+01 0.000000000000000000e+00 1.600000000000000089e+00 -2.547999999999999918e-03 -1.467100000000000001e-02 9.998890000000000278e-01 9.975979999999999848e-01 6.917600000000000138e-02 3.557999999999999965e-03 -6.922000000000000375e-02 9.974969999999999670e-01 1.446000000000000063e-02
2.800000000000000000e+01 9.500000000000000000e+01 3.600000000000000000e+01 0.000000000000000000e+00 1.600000000000000089e+00 7.209999999999999612e-04 -2.854599999999999846e-02 9.995920000000000361e-01 9.977319999999999522e-01 6.730400000000000271e-02 1.201999999999999943e-03 -6.731099999999999584e-02 9.973239999999999883e-01 2.852999999999999980e-02
2.000000000000000000e+00 3.000000000000000000e+00 4.300000000000000000e+01 0.000000000000000000e+00 1.600000000000000089e+00 -3.534999999999999948e-03 -1.010800000000000066e-02 -9.999430000000000263e-01 7.421560000000000379e-01 -6.702150000000000052e-01 4.151000000000000176e-03 -6.702179999999999804e-01 -7.420980000000000354e-01 9.870999999999999566e-03
6.000000000000000000e+00 3.000000000000000000e+00 4.300000000000000000e+01 0.000000000000000000e+00 1.600000000000000089e+00 -7.529999999999999801e-04 1.124600000000000079e-02 -9.999369999999999647e-01 7.411379999999999635e-01 -6.713040000000000118e-01 -8.108000000000000623e-03 -6.713529999999999776e-01 -7.410970000000000057e-01 -7.830000000000000154e-03
1.200000000000000000e+01 3.000000000000000000e+00 4.300000000000000000e+01 0.000000000000000000e+00 1.600000000000000089e+00 -1.724000000000000055e-03 3.201999999999999985e-03 -9.999930000000000208e-01 7.382830000000000226e-01 -6.744830000000000547e-01 -3.432000000000000155e-03 -6.744890000000000052e-01 -7.382840000000000513e-01 -1.201000000000000028e-03
1.500000000000000000e+01 3.000000000000000000e+00 4.300000000000000000e+01 0.000000000000000000e+00 1.600000000000000089e+00 3.805999999999999921e-03 -7.291999999999999871e-03 -9.999660000000000215e-01 7.378770000000000051e-01 -6.748910000000000187e-01 7.729999999999999892e-03 -6.749239999999999684e-01 -7.378820000000000379e-01 2.811999999999999830e-03
2.100000000000000000e+01 3.000000000000000000e+00 4.300000000000000000e+01 0.000000000000000000e+00 1.600000000000000089e+00 -2.448000000000000089e-03 -9.529999999999999626e-04 -9.999970000000000248e-01 7.398190000000000044e-01 -6.728049999999999864e-01 -1.170000000000000033e-03 -6.728020000000000111e-01 -7.398190000000000044e-01 2.351999999999999924e-03
2.800000000000000000e+01 3.000000000000000000e+00 4.300000000000000000e+01 0.000000000000000000e+00 1.600000000000000089e+00 -1.441999999999999922e-03 -1.940000000000000058e-02 -9.998110000000000053e-01 7.414279999999999760e-01 -6.709260000000000224e-01 1.194899999999999955e-02 -6.710310000000000441e-01 -7.412699999999999845e-01 1.535100000000000006e-02
1.400000000000000000e+01 2.900000000000000000e+01 4.400000000000000000e+01 0.000000000000000000e+00 1.600000000000000089e+00 2.088000000000000012e-03 -4.600000000000000139e-04 -9.999980000000000535e-01 6.626319999999999988e-01 7.489440000000000541e-01 1.038999999999999993e-03 7.489419999999999966e-01 -6.626330000000000275e-01 1.869000000000000002e-03
1.800000000000000000e+01 2.900000000000000000e+01 4.400000000000000000e+01 0.000000000000000000e+00 1.600000000000000089e+00 -3.339999999999999870e-04 -5.190000000000000386e-04 -1.000000000000000000e+00 6.718199999999999728e-01 7.407139999999999835e-01 -6.080000000000000335e-04 7.407139999999999835e-01 -6.718199999999999728e-01 1.019999999999999992e-04
3.000000000000000000e+01 2.900000000000000000e+01 4.400000000000000000e+01 0.000000000000000000e+00 1.600000000000000089e+00 3.223000000000000170e-03 2.724999999999999992e-03 -9.999909999999999632e-01 6.813829999999999609e-01 7.319149999999999823e-01 4.191000000000000281e-03 7.319200000000000150e-01 -6.813909999999999689e-01 5.019999999999999506e-04
2.300000000000000000e+01 6.000000000000000000e+00 5.100000000000000000e+01 0.000000000000000000e+00 1.600000000000000089e+00 1.694999999999999892e-03 -2.109999999999999896e-03 -9.999959999999999960e-01 3.316009999999999791e-01 -9.434160000000000323e-01 2.553000000000000148e-03 -9.434179999999999788e-01 -3.316040000000000099e-01 -8.999999999999999754e-04
2.800000000000000000e+01 6.000000000000000000e+00 5.100000000000000000e+01 0.000000000000000000e+00 1.600000000000000089e+00 -8.819999999999999715e-04 -5.906999999999999924e-03 -9.999820000000000375e-01 3.244900000000000007e-01 -9.458739999999999926e-01 5.301000000000000156e-03 -9.458889999999999798e-01 -3.244790000000000174e-01 2.750999999999999973e-03
1.500000000000000000e+01 7.000000000000000000e+00 5.200000000000000000e+01 0.000000000000000000e+00 1.600000000000000089e+00 -5.656999999999999702e-03 -3.791000000000000099e-03 -9.999770000000000048e-01 1.232950000000000018e-01 -9.923650000000000526e-01 3.063999999999999883e-03 -9.923539999999999583e-01 -1.232749999999999957e-01 6.080999999999999600e-03
2.600000000000000000e+01 7.000000000000000000e+00 5.200000000000000000e+01 0.000000000000000000e+00 1.600000000000000089e+00 5.800000000000000034e-05 -3.086000000000000201e-03 -9.999949999999999672e-01 1.112609999999999988e-01 -9.937869999999999759e-01 3.073000000000000211e-03 -9.937909999999999799e-01 -1.112599999999999978e-01 2.860000000000000129e-04
2.100000000000000000e+01 1.600000000000000000e+01 5.200000000000000000e+01 0.000000000000000000e+00 1.600000000000000089e+00 8.472000000000000364e-03 1.108199999999999984e-02 -9.999029999999999863e-01 7.780030000000000001e-01 6.281149999999999789e-01 1.355300000000000081e-02 6.282039999999999846e-01 -7.780420000000000114e-01 -3.301000000000000115e-03
5.000000000000000000e+00 6.300000000000000000e+01 5.400000000000000000e+01 0.000000000000000000e+00 1.600000000000000089e+00 6.070000000000000092e-04 -1.435999999999999993e-03 9.999989999999999712e-01 -3.492959999999999954e-01 9.370110000000000383e-01 1.557999999999999923e-03 -9.370119999999999560e-01 -3.492970000000000241e-01 6.700000000000000226e-05
9.000000000000000000e+00 6.300000000000000000e+01 5.400000000000000000e+01 0.000000000000000000e+00 1.600000000000000089e+00 8.099999999999999561e-04 7.730000000000000326e-04 9.999989999999999712e-01 -3.529599999999999960e-01 9.356379999999999697e-01 -4.369999999999999970e-04 -9.356379999999999697e-01 -3.529599999999999960e-01 1.031000000000000015e-03
1.300000000000000000e+01 6.300000000000000000e+01 5.400000000000000000e+01 0.000000000000000000e+00 1.600000000000000089e+00 6.970000000000000284e-04 2.197000000000000168e-03 9.999970000000000248e-01 -3.552130000000000010e-01 9.347839999999999483e-01 -1.806000000000000097e-03 -9.347849999999999770e-01 -3.552109999999999990e-01 1.431999999999999896e-03
1.700000000000000000e+01 6.300000000000000000e+01 5.400000000000000000e+01 0.000000000000000000e+00 1.600000000000000089e+00 1.121999999999999950e-03 -3.681999999999999943e-03 9.999930000000000208e-01 -3.554479999999999862e-01 9.346879999999999633e-01 3.840000000000000097e-03 -9.346950000000000536e-01 -3.554490000000000149e-01 -2.599999999999999772e-04
2.100000000000000000e+01 6.300000000000000000e+01 5.400000000000000000e+01 0.000000000000000000e+00 1.600000000000000089e+00 -1.136000000000000074e-03 -1.779999999999999898e-04 9.999989999999999712e-01 -3.497390000000000221e-01 9.368469999999999853e-01 -2.310000000000000042e-04 -9.368469999999999853e-01 -3.497390000000000221e-01 -1.126999999999999964e-03
2.600000000000000000e+01 6.300000000000000000e+01 5.400000000000000000e+01 0.000000000000000000e+00 1.600000000000000089e+00 7.399999999999999894e-04 1.484000000000000076e-03 9.999989999999999712e-01 -3.520269999999999788e-01 9.359889999999999599e-01 -1.128000000000000096e-03 -9.359889999999999599e-01 -3.520260000000000056e-01 1.214999999999999934e-03
2.900000000000000000e+01 6.300000000000000000e+01 5.400000000000000000e+01 0.000000000000000000e+00 1.600000000000000089e+00 1.757000000000000098e-03 -2.509999999999999753e-04 9.999980000000000535e-01 -3.527390000000000247e-01 9.357210000000000250e-01 8.540000000000000499e-04 -9.357199999999999962e-01 -3.527399999999999980e-01 1.554999999999999959e-03
7.000000000000000000e+00 2.500000000000000000e+01 5.500000000000000000e+01 0.000000000000000000e+00 1.600000000000000089e+00 -1.371000000000000040e-03 -9.730000000000000151e-04 -9.999989999999999712e-01 -9.532999999999999807e-03 -9.999540000000000095e-01 9.859999999999998974e-04 -9.999540000000000095e-01 9.535000000000000073e-03 1.361000000000000014e-03
1.300000000000000000e+01 2.500000000000000000e+01 5.500000000000000000e+01 0.000000000000000000e+00 1.600000000000000089e+00 1.430000000000000064e-04 -5.980000000000000072e-04 -1.000000000000000000e+00 -1.068599999999999932e-02 -9.999430000000000263e-01 5.959999999999999586e-04 -9.999430000000000263e-01 1.068599999999999932e-02 -1.499999999999999869e-04
1.600000000000000000e+01 2.500000000000000000e+01 5.500000000000000000e+01 0.000000000000000000e+00 1.600000000000000089e+00 1.552999999999999910e-03 1.371000000000000040e-03 -9.999980000000000535e-01 -1.174799999999999976e-02 -9.999299999999999855e-01 -1.389999999999999960e-03 -9.999299999999999855e-01 1.175000000000000003e-02 -1.536999999999999955e-03
1.900000000000000000e+01 2.500000000000000000e+01 5.500000000000000000e+01 0.000000000000000000e+00 1.600000000000000089e+00 7.770000000000000214e-04 -1.583999999999999905e-03 -9.999980000000000535e-01 -1.187900000000000067e-02 -9.999280000000000390e-01 1.575000000000000011e-03 -9.999289999999999567e-01 1.187799999999999967e-02 -7.960000000000000495e-04
2.900000000000000000e+01 2.500000000000000000e+01 5.500000000000000000e+01 0.000000000000000000e+00 1.600000000000000089e+00 -1.129999999999999928e-03 -1.466000000000000072e-03 -9.999980000000000535e-01 -1.121699999999999954e-02 -9.999360000000000470e-01 1.477999999999999930e-03 -9.999360000000000470e-01 1.121800000000000054e-02 1.113999999999999973e-03
2.400000000000000000e+01 6.800000000000000000e+01 5.700000000000000000e+01 0.000000000000000000e+00 1.600000000000000089e+00 4.400000000000000157e-04 -4.451000000000000095e-03 -9.999900000000000455e-01 -2.404560000000000031e-01 -9.706510000000000415e-01 4.214999999999999997e-03 -9.706599999999999673e-01 2.404519999999999991e-01 -1.497000000000000067e-03
3.000000000000000000e+00 2.100000000000000000e+01 6.000000000000000000e+01 0.000000000000000000e+00 1.600000000000000089e+00 8.419999999999999750e-04 -7.584999999999999729e-03 9.999710000000000543e-01 -9.681299999999999628e-02 9.952729999999999633e-01 7.629999999999999630e-03 -9.953020000000000200e-01 -9.681700000000000028e-02 1.039999999999999936e-04
1.000000000000000000e+01 2.100000000000000000e+01 6.000000000000000000e+01 0.000000000000000000e+00 1.600000000000000089e+00 -1.930000000000000021e-04 -2.929999999999999879e-03 9.999959999999999960e-01 -9.734199999999999797e-02 9.952469999999999928e-01 2.896999999999999836e-03 -9.952509999999999968e-01 -9.734099999999999697e-02 -4.769999999999999934e-04
1.500000000000000000e+01 2.100000000000000000e+01 6.000000000000000000e+01 0.000000000000000000e+00 1.600000000000000089e+00 1.007000000000000083e-03 -1.562999999999999936e-03 9.999980000000000535e-01 -9.680700000000000416e-02 9.953020000000000200e-01 1.652999999999999955e-03 -9.953030000000000488e-01 -9.680900000000000616e-02 8.509999999999999769e-04
2.100000000000000000e+01 2.100000000000000000e+01 6.000000000000000000e+01 0.000000000000000000e+00 1.600000000000000089e+00 -9.879999999999999460e-04 -3.585000000000000079e-03 9.999930000000000208e-01 -9.755300000000000082e-02 9.952239999999999975e-01 3.471000000000000127e-03 -9.952299999999999480e-01 -9.754899999999999682e-02 -1.332999999999999984e-03
2.600000000000000000e+01 2.100000000000000000e+01 6.000000000000000000e+01 0.000000000000000000e+00 1.600000000000000089e+00 -3.420000000000000188e-04 5.361999999999999579e-03 9.999860000000000415e-01 -9.732599999999999585e-02 9.952379999999999560e-01 -5.369999999999999774e-03 -9.952520000000000255e-01 -9.732599999999999585e-02 1.810000000000000085e-04
8.000000000000000000e+00 3.000000000000000000e+00 6.300000000000000000e+01 0.000000000000000000e+00 1.600000000000000089e+00 7.079999999999999705e-04 4.307000000000000065e-03 9.999900000000000455e-01 -6.123739999999999739e-01 7.905619999999999870e-01 -2.971999999999999816e-03 -7.905680000000000485e-01 -6.123659999999999659e-01 3.197000000000000189e-03
4.000000000000000000e+00 2.700000000000000000e+01 6.300000000000000000e+01 0.000000000000000000e+00 1.600000000000000089e+00 -5.619999999999999996e-04 -1.900000000000000105e-05 1.000000000000000000e+00 -2.768789999999999862e-01 9.609050000000000091e-01 -1.379999999999999933e-04 -9.609050000000000091e-01 -2.768789999999999862e-01 -5.450000000000000200e-04
9.000000000000000000e+00 2.700000000000000000e+01 6.300000000000000000e+01 0.000000000000000000e+00 1.600000000000000089e+00 4.389999999999999914e-04 2.626999999999999995e-03 9.999959999999999960e-01 -2.755750000000000144e-01 9.612770000000000481e-01 -2.403999999999999887e-03 -9.612800000000000233e-01 -2.755730000000000124e-01 1.146000000000000100e-03
1.500000000000000000e+01 2.700000000000000000e+01 6.300000000000000000e+01 0.000000000000000000e+00 1.600000000000000089e+00 -1.077000000000000049e-03 4.826000000000000428e-03 9.999879999999999880e-01 -2.731819999999999804e-01 9.619499999999999718e-01 -4.937000000000000416e-03 -9.619619999999999838e-01 -2.731839999999999824e-01 2.829999999999999942e-04
1.800000000000000000e+01 2.700000000000000000e+01 6.300000000000000000e+01 0.000000000000000000e+00 1.600000000000000089e+00 3.860000000000000041e-04 -8.270000000000000441e-04 1.000000000000000000e+00 -2.742559999999999998e-01 9.616559999999999553e-01 9.009999999999999997e-04 -9.616569999999999840e-01 -2.742559999999999998e-01 1.450000000000000009e-04
2.400000000000000000e+01 2.700000000000000000e+01 6.300000000000000000e+01 0.000000000000000000e+00 1.600000000000000089e+00 -9.890000000000000787e-04 -2.491000000000000159e-03 9.999959999999999960e-01 -2.736160000000000259e-01 9.618370000000000530e-01 2.125000000000000153e-03 -9.618389999999999995e-01 -2.736129999999999951e-01 -1.632999999999999903e-03
2.900000000000000000e+01 2.700000000000000000e+01 6.300000000000000000e+01 0.000000000000000000e+00 1.600000000000000089e+00 7.140000000000000079e-04 -9.420000000000000205e-04 9.999989999999999712e-01 -2.731660000000000199e-01 9.619659999999999878e-01 1.101999999999999898e-03 -9.619670000000000165e-01 -2.731669999999999932e-01 4.299999999999999894e-04
7.000000000000000000e+00 2.600000000000000000e+01 6.400000000000000000e+01 0.000000000000000000e+00 1.600000000000000089e+00 -7.899999999999999579e-05 6.799999999999999946e-05 1.000000000000000000e+00 -3.610869999999999913e-01 9.325320000000000276e-01 -9.200000000000000007e-05 -9.325320000000000276e-01 -3.610869999999999913e-01 -4.899999999999999842e-05
1.200000000000000000e+01 2.600000000000000000e+01 6.400000000000000000e+01 0.000000000000000000e+00 1.600000000000000089e+00 -1.033000000000000064e-03 6.341000000000000282e-03 9.999789999999999512e-01 -3.581849999999999756e-01 9.336290000000000422e-01 -6.289999999999999584e-03 -9.336499999999999799e-01 -3.581840000000000024e-01 1.307000000000000002e-03
1.700000000000000000e+01 2.600000000000000000e+01 6.400000000000000000e+01 0.000000000000000000e+00 1.600000000000000089e+00 3.310000000000000225e-04 1.732000000000000033e-03 9.999980000000000535e-01 -3.591440000000000188e-01 9.332810000000000272e-01 -1.497000000000000067e-03 -9.332819999999999450e-01 -3.591429999999999900e-01 9.309999999999999699e-04
2.400000000000000000e+01 2.600000000000000000e+01 6.400000000000000000e+01 0.000000000000000000e+00 1.600000000000000089e+00 -1.183999999999999940e-03 -2.491000000000000159e-03 9.999959999999999960e-01 -3.585789999999999811e-01 9.334970000000000212e-01 1.900999999999999912e-03 -9.334989999999999677e-01 -3.585760000000000058e-01 -1.998000000000000210e-03
2.800000000000000000e+01 2.600000000000000000e+01 6.400000000000000000e+01 0.000000000000000000e+00 1.600000000000000089e+00 8.679999999999999565e-04 2.380000000000000117e-04 1.000000000000000000e+00 -3.569490000000000163e-01 9.341239999999999544e-01 8.700000000000000051e-05 -9.341230000000000366e-01 -3.569490000000000163e-01 8.959999999999999866e-04
1.000000000000000000e+01 8.500000000000000000e+01 6.600000000000000000e+01 0.000000000000000000e+00 1.600000000000000089e+00 -8.326000000000000068e-03 1.202499999999999923e-02 9.998930000000000318e-01 1.499179999999999957e-01 -9.886110000000000175e-01 1.313800000000000037e-02 9.886629999999999585e-01 1.500120000000000064e-01 6.427999999999999686e-03
2.300000000000000000e+01 3.100000000000000000e+01 7.100000000000000000e+01 0.000000000000000000e+00 1.600000000000000089e+00 1.445000000000000104e-03 -6.056999999999999884e-03 -9.999810000000000088e-01 -7.087489999999999624e-01 -7.054529999999999967e-01 3.249000000000000152e-03 -7.054589999999999472e-01 7.087299999999999711e-01 -5.311999999999999882e-03
