7.000000000000000000e+00 1.900000000000000000e+01 5.000000000000000000e+00 0.000000000000000000e+00 1.600000000000000089e+00 5.153999999999999727e-03 4.617999999999999709e-03 -9.999759999999999760e-01 -6.940809999999999480e-01 -7.198639999999999484e-01 -6.902000000000000149e-03 -7.198790000000000466e-01 6.940990000000000215e-01 -5.039999999999999992e-04
2.000000000000000000e+01 1.000000000000000000e+01 7.000000000000000000e+00 0.000000000000000000e+00 1.600000000000000089e+00 3.272900000000000115e-02 -7.922999999999999488e-03 9.994330000000000158e-01 7.948389999999999622e-01 -6.060370000000000479e-01 -3.083400000000000030e-02 6.059369999999999479e-01 7.953970000000000207e-01 -1.353700000000000042e-02
1.400000000000000000e+01 1.010000000000000000e+02 7.000000000000000000e+00 0.000000000000000000e+00 1.600000000000000089e+00 9.560000000000000355e-04 -2.750000000000000166e-04 9.999989999999999712e-01 8.862269999999999870e-01 4.632510000000000239e-01 -7.200000000000000453e-04 -4.632499999999999951e-01 8.862269999999999870e-01 6.870000000000000022e-04
1.700000000000000000e+01 1.010000000000000000e+02 7.000000000000000000e+00 0.000000000000000000e+00 1.600000000000000089e+00 -1.859999999999999945e-04 -2.834000000000000147e-03 9.999959999999999960e-01 8.870590000000000419e-01 4.616540000000000088e-01 1.472999999999999917e-03 -4.616560000000000108e-01 8.870559999999999556e-01 2.428000000000000037e-03
2.500000000000000000e+01 1.010000000000000000e+02 7.000000000000000000e+00 0.000000000000000000e+00 1.600000000000000089e+00 -3.615000000000000158e-03 -1.553599999999999946e-02 9.998730000000000118e-01 8.880409999999999693e-01 4.596469999999999723e-01 1.035299999999999936e-02 -4.597490000000000188e-01 8.879660000000000331e-01 1.213499999999999995e-02
2.700000000000000000e+01 1.010000000000000000e+02 7.000000000000000000e+00 0.000000000000000000e+00 1.600000000000000089e+00 -3.432000000000000155e-03 -1.780599999999999891e-02 9.998359999999999470e-01 8.885370000000000212e-01 4.586680000000000201e-01 1.121800000000000054e-02 -4.587919999999999776e-01 8.884290000000000243e-01 1.424800000000000025e-02
4.000000000000000000e+00 2.500000000000000000e+01 8.000000000000000000e+00 0.000000000000000000e+00 1.600000000000000089e+00 2.188999999999999974e-03 5.180000000000000143e-04 -9.999970000000000248e-01 4.357090000000000130e-01 9.000869999999999704e-01 1.420000000000000038e-03 9.000850000000000239e-01 -4.357110000000000150e-01 1.745000000000000023e-03
1.000000000000000000e+01 2.500000000000000000e+01 8.000000000000000000e+00 0.000000000000000000e+00 1.600000000000000089e+00 -1.955000000000000140e-03 1.340000000000000045e-03 -9.999970000000000248e-01 4.321909999999999918e-01 9.017819999999999725e-01 3.629999999999999872e-04 9.017800000000000260e-01 -4.321889999999999898e-01 -2.341999999999999898e-03
1.400000000000000000e+01 2.500000000000000000e+01 8.000000000000000000e+00 0.000000000000000000e+00 1.600000000000000089e+00 -2.028999999999999988e-03 -1.860000000000000108e-03 -9.999959999999999960e-01 4.324299999999999811e-01 9.016640000000000210e-01 -2.553999999999999847e-03 9.016650000000000498e-01 -4.324339999999999851e-01 -1.025000000000000086e-03
2.000000000000000000e+01 2.500000000000000000e+01 8.000000000000000000e+00 0.000000000000000000e+00 1.600000000000000089e+00 1.369999999999999907e-03 9.219999999999999680e-04 -9.999989999999999712e-01 4.368139999999999801e-01 8.995509999999999895e-01 1.428000000000000016e-03 8.995509999999999895e-01 -4.368150000000000088e-01 8.300000000000000086e-04
2.600000000000000000e+01 2.500000000000000000e+01 8.000000000000000000e+00 0.000000000000000000e+00 1.600000000000000089e+00 5.540000000000000219e-04 3.103999999999999988e-03 -9.999949999999999672e-01 4.355080000000000062e-01 9.001799999999999802e-01 3.036000000000000070e-03 9.001850000000000129e-01 -4.355069999999999775e-01 -8.530000000000000256e-04
5.000000000000000000e+00 2.400000000000000000e+01 9.000000000000000000e+00 0.000000000000000000e+00 1.600000000000000089e+00 1.464000000000000024e-03 2.200000000000000133e-03 -9.999970000000000248e-01 4.417400000000000215e-01 8.971400000000000485e-01 2.621000000000000066e-03 8.971419999999999950e-01 -4.417420000000000235e-01 3.420000000000000188e-04
9.000000000000000000e+00 2.400000000000000000e+01 9.000000000000000000e+00 0.000000000000000000e+00 1.600000000000000089e+00 -3.519999999999999908e-04 2.333000000000000004e-03 -9.999970000000000248e-01 4.377869999999999817e-01 8.990770000000000151e-01 1.943000000000000066e-03 8.990789999999999615e-01 -4.377849999999999797e-01 -1.337999999999999997e-03
1.700000000000000000e+01 2.400000000000000000e+01 9.000000000000000000e+00 0.000000000000000000e+00 1.600000000000000089e+00 -5.800000000000000034e-04 -2.413999999999999913e-03 -9.999970000000000248e-01 4.409750000000000059e-01 8.975159999999999805e-01 -2.422999999999999807e-03 8.975189999999999557e-01 -4.409750000000000059e-01 5.439999999999999957e-04
2.000000000000000000e+01 2.400000000000000000e+01 9.000000000000000000e+00 0.000000000000000000e+00 1.600000000000000089e+00 1.314000000000000064e-03 6.139999999999999625e-04 -9.999989999999999712e-01 4.435140000000000193e-01 8.962670000000000359e-01 1.132999999999999893e-03 8.962660000000000071e-01 -4.435149999999999926e-01 9.060000000000000128e-04
2.300000000000000000e+01 2.400000000000000000e+01 9.000000000000000000e+00 0.000000000000000000e+00 1.600000000000000089e+00 1.325999999999999922e-03 4.129999999999999991e-03 -9.999909999999999632e-01 4.432099999999999929e-01 8.964069999999999538e-01 4.290000000000000410e-03 8.964170000000000194e-01 -4.432119999999999949e-01 -6.419999999999999925e-04
5.000000000000000000e+00 8.000000000000000000e+00 1.000000000000000000e+01 0.000000000000000000e+00 1.600000000000000089e+00 8.675199999999999578e-02 5.017200000000000132e-02 -9.949660000000000171e-01 -9.850210000000000354e-01 -1.450740000000000085e-01 -9.320000000000000506e-02 -1.490200000000000136e-01 9.881480000000000263e-01 3.683499999999999969e-02
3.000000000000000000e+00 4.000000000000000000e+00 1.100000000000000000e+01 0.000000000000000000e+00 1.600000000000000089e+00 -1.337999999999999997e-03 1.017900000000000055e-01 9.948050000000000503e-01 1.518730000000000080e-01 -9.832459999999999534e-01 1.008109999999999978e-01 9.883990000000000276e-01 1.512179999999999913e-01 -1.414299999999999932e-02
2.300000000000000000e+01 4.000000000000000000e+00 1.100000000000000000e+01 0.000000000000000000e+00 1.600000000000000089e+00 5.010000000000000347e-04 -2.264599999999999946e-02 9.997430000000000483e-01 1.745250000000000135e-01 -9.843979999999999952e-01 -2.238599999999999965e-02 9.846530000000000005e-01 1.744920000000000082e-01 3.458999999999999835e-03
2.900000000000000000e+01 4.000000000000000000e+00 1.100000000000000000e+01 0.000000000000000000e+00 1.600000000000000089e+00 4.122999999999999929e-03 -2.159799999999999914e-02 9.997580000000000355e-01 1.839639999999999886e-01 -9.826869999999999772e-01 -2.198800000000000060e-02 9.829240000000000199e-01 1.840100000000000069e-01 -7.799999999999999859e-05
2.100000000000000000e+01 3.200000000000000000e+01 1.400000000000000000e+01 0.000000000000000000e+00 1.600000000000000089e+00 -5.850000000000000165e-04 6.000000000000000152e-06 -1.000000000000000000e+00 1.217769999999999964e-01 9.925580000000000513e-01 -6.499999999999999431e-05 9.925570000000000226e-01 -1.217769999999999964e-01 -5.820000000000000520e-04
2.500000000000000000e+01 3.200000000000000000e+01 1.400000000000000000e+01 0.000000000000000000e+00 1.600000000000000089e+00 3.020000000000000223e-04 4.403999999999999929e-03 -9.999900000000000455e-01 1.213909999999999989e-01 9.925950000000000051e-01 4.407999999999999592e-03 9.926049999999999596e-01 -1.213909999999999989e-01 -2.349999999999999930e-04
1.100000000000000000e+01 1.200000000000000000e+01 1.600000000000000000e+01 0.000000000000000000e+00 1.600000000000000089e+00 1.422000000000000087e-03 -1.930000000000000021e-04 9.999989999999999712e-01 2.640799999999999814e-01 -9.645000000000000240e-01 -5.619999999999999996e-04 9.645000000000000240e-01 2.640810000000000102e-01 -1.319999999999999993e-03
5.000000000000000000e+00 1.160000000000000000e+02 1.600000000000000000e+01 0.000000000000000000e+00 1.600000000000000089e+00 -2.511000000000000211e-03 -8.480000000000000124e-04 9.999959999999999960e-01 7.532159999999999966e-01 6.577690000000000481e-01 2.448999999999999788e-03 -6.577680000000000193e-01 7.532200000000000006e-01 -1.013000000000000012e-03
8.000000000000000000e+00 1.160000000000000000e+02 1.600000000000000000e+01 0.000000000000000000e+00 1.600000000000000089e+00 -3.956000000000000315e-03 -2.299999999999999961e-03 9.999900000000000455e-01 7.517270000000000341e-01 6.594590000000000174e-01 4.491000000000000200e-03 -6.594619999999999926e-01 7.517369999999999886e-01 -8.800000000000000313e-04
2.500000000000000000e+01 1.160000000000000000e+02 1.600000000000000000e+01 0.000000000000000000e+00 1.600000000000000089e+00 1.701999999999999954e-03 -3.609999999999999928e-04 9.999989999999999712e-01 7.008619999999999850e-01 7.132969999999999589e-01 -9.349999999999999587e-04 -7.132950000000000124e-01 7.008619999999999850e-01 1.466999999999999988e-03
1.100000000000000000e+01 2.000000000000000000e+00 1.900000000000000000e+01 0.000000000000000000e+00 1.600000000000000089e+00 4.500000000000000283e-05 -1.958199999999999871e-02 -9.998080000000000300e-01 3.573830000000000062e-01 -9.337790000000000257e-01 1.830499999999999836e-02 -9.339579999999999549e-01 -3.573149999999999937e-01 6.956000000000000377e-03
2.100000000000000000e+01 2.000000000000000000e+00 1.900000000000000000e+01 0.000000000000000000e+00 1.600000000000000089e+00 6.193999999999999853e-03 -1.756399999999999975e-02 -9.998270000000000213e-01 3.592650000000000010e-01 -9.330500000000000460e-01 1.861600000000000060e-02 -9.332150000000000167e-01 -3.593180000000000263e-01 5.310000000000000050e-04
5.000000000000000000e+00 3.000000000000000000e+00 1.900000000000000000e+01 0.000000000000000000e+00 1.600000000000000089e+00 -5.138000000000000206e-03 2.522699999999999942e-02 -9.996690000000000298e-01 3.506159999999999832e-01 -9.361739999999999506e-01 -2.542700000000000168e-02 -9.365050000000000319e-01 -3.506310000000000260e-01 -4.035000000000000392e-03
1.200000000000000000e+01 3.000000000000000000e+00 1.900000000000000000e+01 0.000000000000000000e+00 1.600000000000000089e+00 -6.089999999999999494e-04 -2.151399999999999840e-02 -9.997679999999999900e-01 3.392209999999999948e-01 -9.404930000000000234e-01 2.003200000000000119e-02 -9.407060000000000421e-01 -3.391310000000000158e-01 7.870999999999999525e-03
2.200000000000000000e+01 3.000000000000000000e+00 1.900000000000000000e+01 0.000000000000000000e+00 1.600000000000000089e+00 4.725000000000000033e-03 -1.027299999999999915e-02 -9.999360000000000470e-01 3.316640000000000144e-01 -9.433300000000000018e-01 1.125800000000000065e-02 -9.433859999999999468e-01 -3.316959999999999908e-01 -1.049999999999999935e-03
2.600000000000000000e+01 3.000000000000000000e+00 1.900000000000000000e+01 0.000000000000000000e+00 1.600000000000000089e+00 1.059999999999999961e-03 -1.631000000000000071e-03 -9.999980000000000535e-01 3.320409999999999751e-01 -9.432629999999999626e-01 1.889999999999999970e-03 -9.432639999999999914e-01 -3.320420000000000038e-01 -4.580000000000000195e-04
3.000000000000000000e+01 3.000000000000000000e+00 1.900000000000000000e+01 0.000000000000000000e+00 1.600000000000000089e+00 1.258000000000000004e-03 9.258999999999999869e-03 -9.999559999999999560e-01 3.352490000000000192e-01 -9.420929999999999582e-01 -8.300999999999999351e-03 -9.421289999999999942e-01 -3.352240000000000220e-01 -4.289000000000000278e-03
2.000000000000000000e+00 1.300000000000000000e+01 2.000000000000000000e+01 0.000000000000000000e+00 1.600000000000000089e+00 -8.520000000000000013e-04 -7.019000000000000065e-03 9.999749999999999472e-01 2.598179999999999934e-01 9.656320000000000459e-01 7.000000000000000146e-03 -9.656569999999999876e-01 2.598170000000000202e-01 1.000999999999999937e-03
9.000000000000000000e+00 1.300000000000000000e+01 2.000000000000000000e+01 0.000000000000000000e+00 1.600000000000000089e+00 5.240000000000000517e-04 1.582000000000000073e-03 9.999989999999999712e-01 2.633460000000000245e-01 9.647000000000000020e-01 -1.663999999999999898e-03 -9.647010000000000307e-01 2.633460000000000245e-01 8.899999999999999491e-05
1.300000000000000000e+01 1.300000000000000000e+01 2.000000000000000000e+01 0.000000000000000000e+00 1.600000000000000089e+00 7.560000000000000530e-04 4.840999999999999817e-03 9.999879999999999880e-01 2.635689999999999977e-01 9.646280000000000410e-01 -4.869000000000000064e-03 -9.646400000000000530e-01 2.635689999999999977e-01 -5.469999999999999602e-04
1.700000000000000000e+01 1.300000000000000000e+01 2.000000000000000000e+01 0.000000000000000000e+00 1.600000000000000089e+00 5.770000000000000389e-04 1.105000000000000079e-03 9.999989999999999712e-01 2.614469999999999850e-01 9.652169999999999916e-01 -1.217999999999999899e-03 -9.652180000000000204e-01 2.614480000000000137e-01 2.680000000000000090e-04
2.400000000000000000e+01 1.300000000000000000e+01 2.000000000000000000e+01 0.000000000000000000e+00 1.600000000000000089e+00 -1.459999999999999981e-04 -1.281000000000000021e-03 9.999989999999999712e-01 2.594960000000000044e-01 9.657430000000000181e-01 1.275000000000000092e-03 -9.657440000000000468e-01 2.594960000000000044e-01 1.920000000000000049e-04
2.800000000000000000e+01 1.300000000000000000e+01 2.000000000000000000e+01 0.000000000000000000e+00 1.600000000000000089e+00 6.220000000000000485e-04 -1.317000000000000028e-03 9.999989999999999712e-01 2.580770000000000008e-01 9.661239999999999828e-01 1.111999999999999924e-03 -9.661239999999999828e-01 2.580760000000000276e-01 9.409999999999999962e-04
9.000000000000000000e+00 1.600000000000000000e+01 2.100000000000000000e+01 0.000000000000000000e+00 1.600000000000000089e+00 5.330000000000000536e-04 2.076999999999999853e-03 9.999980000000000535e-01 3.002130000000000076e-01 9.538699999999999957e-01 -2.141000000000000108e-03 -9.538720000000000532e-01 3.002130000000000076e-01 -1.150000000000000035e-04
1.600000000000000000e+01 1.600000000000000000e+01 2.100000000000000000e+01 0.000000000000000000e+00 1.600000000000000089e+00 3.609999999999999928e-04 2.671000000000000197e-03 9.999959999999999960e-01 2.991219999999999990e-01 9.542110000000000314e-01 -2.657000000000000074e-03 -9.542150000000000354e-01 2.991219999999999990e-01 -4.539999999999999765e-04
1.500000000000000000e+01 2.000000000000000000e+00 2.500000000000000000e+01 0.000000000000000000e+00 1.600000000000000089e+00 1.016399999999999942e-02 -3.532400000000000123e-02 9.993239999999999901e-01 8.536199999999999344e-02 -9.956970000000000542e-01 -3.606399999999999884e-02 9.962980000000000169e-01 8.567099999999999715e-02 -7.105000000000000204e-03
6.000000000000000000e+00 3.000000000000000000e+00 2.500000000000000000e+01 0.000000000000000000e+00 1.600000000000000089e+00 -4.899999999999999842e-05 8.292000000000000759e-03 9.999660000000000215e-01 3.533599999999999935e-02 -9.993410000000000348e-01 8.288000000000000228e-03 9.993750000000000133e-01 3.533599999999999935e-02 -2.439999999999999949e-04
1.400000000000000000e+01 3.000000000000000000e+00 2.500000000000000000e+01 0.000000000000000000e+00 1.600000000000000089e+00 5.898999999999999730e-03 -3.119699999999999904e-02 9.994960000000000511e-01 4.073000000000000231e-03 -9.995039999999999480e-01 -3.122099999999999875e-02 9.999740000000000295e-01 4.255000000000000102e-03 -5.768999999999999823e-03
2.100000000000000000e+01 3.000000000000000000e+00 2.500000000000000000e+01 0.000000000000000000e+00 1.600000000000000089e+00 3.076999999999999874e-03 -1.056200000000000021e-02 9.999400000000000510e-01 -3.282399999999999901e-02 -9.994060000000000166e-01 -1.045500000000000075e-02 9.994560000000000111e-01 -3.278999999999999970e-02 -3.422000000000000128e-03
2.700000000000000000e+01 3.000000000000000000e+00 2.500000000000000000e+01 0.000000000000000000e+00 1.600000000000000089e+00 -2.498999999999999919e-03 -1.368000000000000075e-03 9.999959999999999960e-01 -3.499000000000000027e-02 -9.993870000000000253e-01 -1.454999999999999913e-03 9.993849999999999678e-01 -3.499300000000000327e-02 2.449999999999999921e-03
2.700000000000000000e+01 4.600000000000000000e+01 2.700000000000000000e+01 0.000000000000000000e+00 1.600000000000000089e+00 -2.132999999999999913e-03 -9.529999999999999626e-04 -9.999970000000000248e-01 6.746330000000000382e-01 7.381510000000000016e-01 -2.141999999999999807e-03 7.381510000000000016e-01 -6.746349999999999847e-01 -9.309999999999999699e-04
9.000000000000000000e+00 4.600000000000000000e+01 3.500000000000000000e+01 0.000000000000000000e+00 1.600000000000000089e+00 -8.620000000000000275e-04 -2.778999999999999786e-03 -9.999959999999999960e-01 3.922390000000000043e-01 -9.198600000000000110e-01 2.217999999999999920e-03 -9.198629999999999862e-01 -3.922359999999999736e-01 1.882999999999999908e-03
1.700000000000000000e+01 4.600000000000000000e+01 3.500000000000000000e+01 0.000000000000000000e+00 1.600000000000000089e+00 -4.000000000000000327e-05 1.789999999999999870e-04 -1.000000000000000000e+00 3.917209999999999859e-01 -9.200840000000000130e-01 -1.800000000000000113e-04 -9.200840000000000130e-01 -3.917209999999999859e-01 -3.300000000000000253e-05
2.700000000000000000e+01 4.600000000000000000e+01 3.500000000000000000e+01 0.000000000000000000e+00 1.600000000000000089e+00 -1.484999999999999992e-03 3.559999999999999797e-04 -9.999989999999999712e-01 3.899340000000000028e-01 -9.208429999999999671e-01 -9.070000000000000371e-04 -9.208420000000000494e-01 -3.899349999999999761e-01 1.227999999999999925e-03
2.000000000000000000e+00 9.500000000000000000e+01 3.600000000000000000e+01 0.000000000000000000e+00 1.600000000000000089e+00 -3.648000000000000201e-03 -5.605999999999999872e-03 9.999780000000000335e-01 9.958559999999999635e-01 9.085500000000000520e-02 4.141999999999999849e-03 -9.087599999999999845e-02 9.958479999999999555e-01 5.251999999999999724e-03
1.900000000000000000e+01 9.500000000000000000e+01 3.600000000000000000e+01 0.000000000000000000e+00 1.600000000000000089e+00 3.180000000000000101e-03 9.645000000000000795e-03 9.999479999999999480e-01 9.967019999999999769e-01 8.105099999999999805e-02 -3.950999999999999651e-03 -8.108500000000000429e-02 9.966629999999999656e-01 -9.355000000000000468e-03
2.500000000000000000e+01 9.500000000000000000e+01 3.600000000000000000e+01 0.000000000000000000e+00 1.600000000000000089e+00 2.419000000000000143e-03 5.865999999999999687e-03 9.999799999999999800e-01 9.962349999999999817e-01 8.664399999999999880e-02 -2.918000000000000021e-03 -8.666000000000000092e-02 9.962220000000000519e-01 -5.634000000000000119e-03
1.200000000000000000e+01 9.500000000000000000e+01 3.700000000000000000e+01 0.000000000000000000e+00 1.600000000000000089e+00 -1.626999999999999974e-03 -1.145900000000000044e-02 9.999329999999999607e-01 9.948280000000000456e-01 1.015390000000000043e-01 2.782000000000000185e-03 -1.015640000000000015e-01 9.947660000000000391e-01 1.123399999999999919e-02
6.000000000000000000e+00 6.000000000000000000e+01 3.900000000000000000e+01 0.000000000000000000e+00 1.600000000000000089e+00 -1.306000000000000086e-03 -1.164199999999999957e-02 -9.999310000000000143e-01 2.961509999999999976e-01 -9.550809999999999578e-01 1.073299999999999949e-02 -9.551399999999999890e-01 -2.961170000000000191e-01 4.695000000000000388e-03
4.000000000000000000e+00 2.900000000000000000e+01 4.400000000000000000e+01 0.000000000000000000e+00 1.600000000000000089e+00 -3.699999999999999947e-04 3.119999999999999944e-04 -1.000000000000000000e+00 6.596119999999999761e-01 7.516059999999999963e-01 -9.000000000000000228e-06 7.516059999999999963e-01 -6.596119999999999761e-01 -4.840000000000000010e-04
8.000000000000000000e+00 2.900000000000000000e+01 4.400000000000000000e+01 0.000000000000000000e+00 1.600000000000000089e+00 -1.588999999999999918e-03 -3.141999999999999828e-03 -9.999940000000000495e-01 6.610409999999999897e-01 7.503419999999999535e-01 -3.408000000000000005e-03 7.503480000000000150e-01 -6.610420000000000185e-01 8.840000000000000201e-04
1.700000000000000000e+01 2.900000000000000000e+01 4.400000000000000000e+01 0.000000000000000000e+00 1.600000000000000089e+00 3.060000000000000111e-04 -1.840000000000000001e-04 -1.000000000000000000e+00 6.616060000000000274e-01 7.498510000000000453e-01 6.399999999999999710e-05 7.498510000000000453e-01 -6.616060000000000274e-01 3.510000000000000208e-04
2.700000000000000000e+01 2.900000000000000000e+01 4.400000000000000000e+01 0.000000000000000000e+00 1.600000000000000089e+00 -8.200000000000000095e-05 1.502000000000000080e-03 -9.999989999999999712e-01 6.624010000000000176e-01 7.491489999999999538e-01 1.070999999999999903e-03 7.491489999999999538e-01 -6.623999999999999888e-01 -1.056000000000000081e-03
3.000000000000000000e+00 4.000000000000000000e+00 5.000000000000000000e+01 0.000000000000000000e+00 1.600000000000000089e+00 1.134000000000000025e-03 -3.344999999999999883e-03 -9.999940000000000495e-01 5.323630000000000306e-01 -8.465099999999999847e-01 3.435999999999999818e-03 -8.465160000000000462e-01 -5.323630000000000306e-01 8.210000000000000067e-04
2.200000000000000000e+01 5.000000000000000000e+00 5.100000000000000000e+01 0.000000000000000000e+00 1.600000000000000089e+00 -1.830000000000000029e-04 7.115999999999999930e-03 -9.999749999999999472e-01 4.884569999999999745e-01 -8.725650000000000350e-01 -6.298999999999999912e-03 -8.725880000000000303e-01 -4.884459999999999913e-01 -3.315999999999999937e-03
2.500000000000000000e+01 6.000000000000000000e+00 5.100000000000000000e+01 0.000000000000000000e+00 1.600000000000000089e+00 -1.910000000000000077e-04 4.340000000000000108e-03 -9.999909999999999632e-01 3.152400000000000202e-01 -9.490030000000000410e-01 -4.179000000000000423e-03 -9.490119999999999667e-01 -3.152380000000000182e-01 -1.186999999999999904e-03
7.000000000000000000e+00 1.150000000000000000e+02 5.100000000000000000e+01 0.000000000000000000e+00 1.600000000000000089e+00 -2.422999999999999807e-03 -4.505000000000000324e-03 9.999869999999999592e-01 8.471509999999999874e-01 -5.313520000000000465e-01 -3.409999999999999945e-04 5.313470000000000137e-01 8.471389999999999754e-01 5.104000000000000030e-03
1.100000000000000000e+01 1.150000000000000000e+02 5.100000000000000000e+01 0.000000000000000000e+00 1.600000000000000089e+00 5.500000000000000196e-05 4.339999999999999782e-04 1.000000000000000000e+00 8.466879999999999962e-01 -5.320899999999999519e-01 1.840000000000000001e-04 5.320899999999999519e-01 8.466879999999999962e-01 -3.959999999999999762e-04
1.300000000000000000e+01 6.300000000000000000e+01 5.400000000000000000e+01 0.000000000000000000e+00 1.600000000000000089e+00 1.427000000000000100e-03 -2.007000000000000103e-03 9.999970000000000248e-01 -3.462819999999999787e-01 9.381270000000000442e-01 2.377000000000000206e-03 -9.381289999999999907e-01 -3.462850000000000095e-01 6.440000000000000412e-04
1.700000000000000000e+01 6.300000000000000000e+01 5.400000000000000000e+01 0.000000000000000000e+00 1.600000000000000089e+00 -7.500000000000000156e-04 9.070000000000000371e-04 9.999989999999999712e-01 -3.423200000000000132e-01 9.395829999999999460e-01 -1.108999999999999960e-03 -9.395829999999999460e-01 -3.423200000000000132e-01 -3.939999999999999817e-04
2.600000000000000000e+01 6.300000000000000000e+01 5.400000000000000000e+01 0.000000000000000000e+00 1.600000000000000089e+00 -1.200000000000000030e-04 3.157000000000000084e-03 9.999949999999999672e-01 -3.473459999999999881e-01 9.377320000000000100e-01 -3.001999999999999894e-03 -9.377370000000000427e-01 -3.473450000000000149e-01 9.840000000000000656e-04
2.100000000000000000e+01 2.500000000000000000e+01 5.500000000000000000e+01 0.000000000000000000e+00 1.600000000000000089e+00 1.234999999999999987e-03 4.800000000000000122e-05 -9.999989999999999712e-01 -1.157700000000000048e-02 -9.999329999999999607e-01 -6.200000000000000270e-05 -9.999320000000000430e-01 1.157700000000000048e-02 -1.234000000000000071e-03
2.800000000000000000e+01 2.500000000000000000e+01 5.500000000000000000e+01 0.000000000000000000e+00 1.600000000000000089e+00 -1.669999999999999935e-04 9.550000000000000112e-04 -1.000000000000000000e+00 -1.157599999999999948e-02 -9.999329999999999607e-01 -9.529999999999999626e-04 -9.999329999999999607e-01 1.157500000000000022e-02 1.779999999999999898e-04
2.500000000000000000e+01 2.000000000000000000e+01 6.000000000000000000e+01 0.000000000000000000e+00 1.600000000000000089e+00 -8.800000000000000313e-04 -9.899999999999999404e-05 1.000000000000000000e+00 -6.271500000000000685e-02 9.980310000000000015e-01 4.399999999999999886e-05 -9.980310000000000015e-01 -6.271500000000000685e-02 -8.850000000000000444e-04
3.000000000000000000e+01 2.000000000000000000e+01 6.000000000000000000e+01 0.000000000000000000e+00 1.600000000000000089e+00 9.680000000000000019e-04 5.768999999999999823e-03 9.999829999999999552e-01 -6.180000000000000077e-02 9.980719999999999592e-01 -5.699000000000000073e-03 -9.980879999999999752e-01 -6.179300000000000070e-02 1.322999999999999957e-03
3.000000000000000000e+00 2.100000000000000000e+01 6.000000000000000000e+01 0.000000000000000000e+00 1.600000000000000089e+00 -2.750000000000000166e-04 -3.102999999999999856e-03 9.999949999999999672e-01 -9.529500000000000470e-02 9.954439999999999955e-01 3.062000000000000052e-03 -9.954490000000000283e-01 -9.529400000000000370e-02 -5.689999999999999529e-04
1.000000000000000000e+01 2.100000000000000000e+01 6.000000000000000000e+01 0.000000000000000000e+00 1.600000000000000089e+00 8.589999999999999546e-04 -1.655000000000000004e-03 9.999980000000000535e-01 -9.298099999999999421e-02 9.956660000000000510e-01 1.727000000000000019e-03 -9.956679999999999975e-01 -9.298199999999999521e-02 7.020000000000000415e-04
1.700000000000000000e+01 2.100000000000000000e+01 6.000000000000000000e+01 0.000000000000000000e+00 1.600000000000000089e+00 -5.240000000000000517e-04 7.232999999999999846e-03 9.999740000000000295e-01 -9.701400000000000301e-02 9.952569999999999473e-01 -7.249000000000000235e-03 -9.952830000000000288e-01 -9.701500000000000401e-02 1.800000000000000113e-04
2.100000000000000000e+01 2.100000000000000000e+01 6.000000000000000000e+01 0.000000000000000000e+00 1.600000000000000089e+00 1.319999999999999993e-03 3.307000000000000044e-03 9.999940000000000495e-01 -9.618899999999999673e-02 9.953579999999999650e-01 -3.164999999999999845e-03 -9.953619999999999690e-01 -9.618400000000000560e-02 1.631999999999999987e-03
2.800000000000000000e+01 6.700000000000000000e+01 6.000000000000000000e+01 0.000000000000000000e+00 1.600000000000000089e+00 -2.442000000000000160e-03 -6.413000000000000297e-03 9.999759999999999760e-01 1.737219999999999875e-01 -9.847770000000000135e-01 -5.891000000000000403e-03 9.847920000000000007e-01 1.737029999999999963e-01 3.518999999999999993e-03
1.800000000000000000e+01 3.000000000000000000e+00 6.300000000000000000e+01 0.000000000000000000e+00 1.600000000000000089e+00 1.304000000000000038e-03 -5.462999999999999974e-03 9.999839999999999840e-01 -6.122499999999999609e-01 7.906480000000000175e-01 5.118000000000000153e-03 -7.906630000000000047e-01 -6.122469999999999857e-01 -2.314000000000000085e-03
2.000000000000000000e+00 2.700000000000000000e+01 6.300000000000000000e+01 0.000000000000000000e+00 1.600000000000000089e+00 1.407000000000000048e-03 4.198000000000000342e-03 9.999900000000000455e-01 -2.779479999999999729e-01 9.605890000000000262e-01 -3.641000000000000139e-03 -9.605949999999999767e-01 -2.779400000000000204e-01 2.517999999999999839e-03
5.000000000000000000e+00 2.700000000000000000e+01 6.300000000000000000e+01 0.000000000000000000e+00 1.600000000000000089e+00 2.926999999999999914e-03 6.156000000000000014e-03 9.999770000000000048e-01 -2.763680000000000025e-01 9.610379999999999479e-01 -5.107000000000000428e-03 -9.610469999999999846e-01 -2.763459999999999805e-01 4.514999999999999916e-03
1.000000000000000000e+01 2.700000000000000000e+01 6.300000000000000000e+01 0.000000000000000000e+00 1.600000000000000089e+00 -9.120000000000000502e-04 8.319999999999999271e-03 9.999649999999999928e-01 -2.705469999999999819e-01 9.626710000000000544e-01 -8.255999999999999450e-03 -9.627059999999999507e-01 -2.705449999999999799e-01 1.373000000000000088e-03
1.700000000000000000e+01 2.700000000000000000e+01 6.300000000000000000e+01 0.000000000000000000e+00 1.600000000000000089e+00 6.329999999999999906e-04 -9.282000000000000320e-03 9.999569999999999848e-01 -2.747709999999999875e-01 9.614669999999999606e-01 9.098999999999999450e-03 -9.615099999999999758e-01 -2.747649999999999815e-01 -1.941999999999999933e-03
2.100000000000000000e+01 2.700000000000000000e+01 6.300000000000000000e+01 0.000000000000000000e+00 1.600000000000000089e+00 3.075000000000000042e-03 -4.592999999999999861e-03 9.999850000000000128e-01 -2.733479999999999799e-01 9.619010000000000060e-01 5.258999999999999786e-03 -9.619100000000000428e-01 -2.733599999999999919e-01 1.701999999999999954e-03
2.600000000000000000e+01 2.700000000000000000e+01 6.300000000000000000e+01 0.000000000000000000e+00 1.600000000000000089e+00 6.340000000000000149e-04 -1.804999999999999964e-03 9.999980000000000535e-01 -2.714070000000000094e-01 9.624629999999999574e-01 1.909000000000000107e-03 -9.624650000000000150e-01 -2.714079999999999826e-01 1.200000000000000030e-04
2.000000000000000000e+00 2.600000000000000000e+01 6.400000000000000000e+01 0.000000000000000000e+00 1.600000000000000089e+00 9.730000000000000151e-04 3.095000000000000095e-03 9.999949999999999672e-01 -3.716559999999999864e-01 9.283670000000000533e-01 -2.511999999999999910e-03 -9.283700000000000285e-01 -3.716519999999999824e-01 2.053999999999999836e-03
5.000000000000000000e+00 2.600000000000000000e+01 6.400000000000000000e+01 0.000000000000000000e+00 1.600000000000000089e+00 2.477000000000000035e-03 4.098000000000000080e-03 9.999890000000000168e-01 -3.699760000000000271e-01 9.290370000000000017e-01 -2.890999999999999907e-03 -9.290380000000000305e-01 -3.699649999999999883e-01 3.817000000000000080e-03
1.100000000000000000e+01 2.600000000000000000e+01 6.400000000000000000e+01 0.000000000000000000e+00 1.600000000000000089e+00 -3.301000000000000115e-03 6.086000000000000264e-03 9.999759999999999760e-01 -3.650200000000000111e-01 9.309739999999999682e-01 -6.871000000000000371e-03 -9.309939999999999882e-01 -3.650340000000000251e-01 -8.509999999999999769e-04
1.800000000000000000e+01 2.600000000000000000e+01 6.400000000000000000e+01 0.000000000000000000e+00 1.600000000000000089e+00 2.871999999999999987e-03 -6.780999999999999701e-03 9.999730000000000008e-01 -3.709669999999999912e-01 9.286170000000000258e-01 7.361999999999999621e-03 -9.286410000000000498e-01 -3.709779999999999744e-01 1.520000000000000084e-04
2.200000000000000000e+01 2.600000000000000000e+01 6.400000000000000000e+01 0.000000000000000000e+00 1.600000000000000089e+00 2.648000000000000180e-03 -2.760999999999999999e-03 9.999930000000000208e-01 -3.657529999999999948e-01 9.307050000000000045e-01 3.537999999999999912e-03 -9.307079999999999798e-01 -3.657599999999999740e-01 1.453999999999999997e-03
2.700000000000000000e+01 2.600000000000000000e+01 6.400000000000000000e+01 0.000000000000000000e+00 1.600000000000000089e+00 1.142999999999999919e-03 -4.512999999999999651e-03 9.999890000000000168e-01 -3.634120000000000128e-01 9.316170000000000284e-01 4.619999999999999975e-03 -9.316280000000000117e-01 -3.634129999999999860e-01 -5.749999999999999903e-04
5.000000000000000000e+00 6.900000000000000000e+01 6.600000000000000000e+01 0.000000000000000000e+00 1.600000000000000089e+00 -1.840000000000000001e-04 -4.074999999999999629e-03 9.999919999999999920e-01 -9.486499999999999932e-01 3.163259999999999961e-01 1.115000000000000106e-03 -3.163279999999999981e-01 -9.486419999999999852e-01 -3.924000000000000404e-03
1.800000000000000000e+01 6.900000000000000000e+01 6.600000000000000000e+01 0.000000000000000000e+00 1.600000000000000089e+00 -4.151000000000000176e-03 -3.449999999999999942e-03 9.999850000000000128e-01 -9.467100000000000515e-01 3.220740000000000269e-01 -2.818999999999999891e-03 -3.220589999999999842e-01 -9.467079999999999940e-01 -4.603000000000000320e-03
2.300000000000000000e+01 6.900000000000000000e+01 6.600000000000000000e+01 0.000000000000000000e+00 1.600000000000000089e+00 8.850000000000000444e-04 -1.402999999999999950e-03 9.999989999999999712e-01 -9.467219999999999525e-01 3.220500000000000029e-01 1.288999999999999998e-03 -3.220509999999999762e-01 -9.467219999999999525e-01 -1.043000000000000090e-03
3.000000000000000000e+00 2.500000000000000000e+01 7.300000000000000000e+01 0.000000000000000000e+00 1.600000000000000089e+00 -9.560000000000000355e-04 7.950000000000000252e-04 9.999989999999999712e-01 7.572480000000000322e-01 -6.531259999999999843e-01 1.242999999999999964e-03 6.531270000000000131e-01 7.572489999999999499e-01 2.199999999999999943e-05
6.000000000000000000e+00 2.500000000000000000e+01 7.300000000000000000e+01 0.000000000000000000e+00 1.600000000000000089e+00 -1.556000000000000091e-03 -3.660000000000000059e-03 9.999919999999999920e-01 7.557770000000000321e-01 -6.548270000000000479e-01 -1.221000000000000080e-03 6.548270000000000479e-01 7.557700000000000529e-01 3.785000000000000170e-03
1.100000000000000000e+01 2.500000000000000000e+01 7.300000000000000000e+01 0.000000000000000000e+00 1.600000000000000089e+00 3.809999999999999910e-04 -5.739999999999999660e-04 1.000000000000000000e+00 7.538639999999999786e-01 -6.570310000000000317e-01 -6.639999999999999852e-04 6.570310000000000317e-01 7.538639999999999786e-01 1.820000000000000057e-04
1.900000000000000000e+01 2.500000000000000000e+01 7.300000000000000000e+01 0.000000000000000000e+00 1.600000000000000089e+00 1.951000000000000043e-03 3.199999999999999855e-05 9.999980000000000535e-01 7.600710000000000521e-01 -6.498380000000000267e-01 -1.461999999999999975e-03 6.498369999999999980e-01 7.600729999999999986e-01 -1.291999999999999963e-03
2.600000000000000000e+01 2.500000000000000000e+01 7.300000000000000000e+01 0.000000000000000000e+00 1.600000000000000089e+00 -1.343000000000000010e-03 -2.217999999999999920e-03 9.999970000000000248e-01 7.558810000000000251e-01 -6.547079999999999567e-01 -4.369999999999999970e-04 6.547070000000000389e-01 7.558780000000000499e-01 2.556000000000000112e-03
5.000000000000000000e+00 4.400000000000000000e+01 7.300000000000000000e+01 0.000000000000000000e+00 1.600000000000000089e+00 8.799999999999999771e-05 -5.299999999999999807e-04 1.000000000000000000e+00 5.397099999999999814e-02 -9.985420000000000407e-01 -5.339999999999999695e-04 9.985420000000000407e-01 5.397099999999999814e-02 -5.899999999999999754e-05
8.000000000000000000e+00 4.400000000000000000e+01 7.300000000000000000e+01 0.000000000000000000e+00 1.600000000000000089e+00 5.800000000000000034e-04 -1.595000000000000064e-03 9.999989999999999712e-01 5.311799999999999855e-02 -9.985870000000000024e-01 -1.623000000000000094e-03 9.985880000000000312e-01 5.311799999999999855e-02 -4.949999999999999973e-04
1.300000000000000000e+01 4.400000000000000000e+01 7.300000000000000000e+01 0.000000000000000000e+00 1.600000000000000089e+00 6.999999999999999895e-06 1.360000000000000098e-03 9.999989999999999712e-01 5.492899999999999866e-02 -9.984889999999999599e-01 1.358000000000000049e-03 9.984899999999999887e-01 5.492899999999999866e-02 -8.200000000000000095e-05
2.000000000000000000e+01 4.400000000000000000e+01 7.300000000000000000e+01 0.000000000000000000e+00 1.600000000000000089e+00 -2.959999999999999849e-04 -1.258999999999999920e-03 9.999989999999999712e-01 5.515599999999999670e-02 -9.984769999999999479e-01 -1.240999999999999916e-03 9.984779999999999767e-01 5.515599999999999670e-02 3.649999999999999816e-04
2.600000000000000000e+01 4.400000000000000000e+01 7.300000000000000000e+01 0.000000000000000000e+00 1.600000000000000089e+00 6.639999999999999852e-04 2.259999999999999910e-04 1.000000000000000000e+00 5.722200000000000203e-02 -9.983610000000000539e-01 1.879999999999999890e-04 9.983610000000000539e-01 5.722200000000000203e-02 -6.759999999999999516e-04
1.500000000000000000e+01 2.500000000000000000e+01 7.400000000000000000e+01 0.000000000000000000e+00 1.600000000000000089e+00 6.859999999999999779e-04 1.972999999999999927e-03 9.999980000000000535e-01 8.307350000000000012e-01 -5.566680000000000517e-01 5.289999999999999564e-04 5.566680000000000517e-01 8.307330000000000547e-01 -2.020999999999999793e-03
2.000000000000000000e+01 9.900000000000000000e+01 7.500000000000000000e+01 0.000000000000000000e+00 1.600000000000000089e+00 -3.037000000000000203e-03 -4.793000000000000385e-03 -9.999839999999999840e-01 -8.839709999999999512e-01 4.675409999999999844e-01 4.440000000000000045e-04 4.675320000000000031e-01 8.839580000000000215e-01 -5.656999999999999702e-03
1.000000000000000000e+00 9.100000000000000000e+01 7.600000000000000000e+01 0.000000000000000000e+00 1.600000000000000089e+00 7.399999999999999623e-05 8.400000000000000348e-04 1.000000000000000000e+00 2.929200000000000137e-01 -9.561370000000000147e-01 7.810000000000000102e-04 9.561370000000000147e-01 2.929200000000000137e-01 -3.170000000000000075e-04
5.000000000000000000e+00 9.100000000000000000e+01 7.600000000000000000e+01 0.000000000000000000e+00 1.600000000000000089e+00 -9.680000000000000019e-04 2.910000000000000260e-04 1.000000000000000000e+00 2.993790000000000062e-01 -9.541340000000000376e-01 5.680000000000000370e-04 9.541340000000000376e-01 2.993790000000000062e-01 8.369999999999999619e-04
1.300000000000000000e+01 9.100000000000000000e+01 7.600000000000000000e+01 0.000000000000000000e+00 1.600000000000000089e+00 -4.640000000000000027e-04 -1.056999999999999997e-03 9.999989999999999712e-01 3.026130000000000209e-01 -9.531129999999999880e-01 -8.670000000000000406e-04 9.531140000000000168e-01 3.026119999999999921e-01 7.619999999999999820e-04
1.900000000000000000e+01 9.100000000000000000e+01 7.600000000000000000e+01 0.000000000000000000e+00 1.600000000000000089e+00 -1.899999999999999996e-03 -2.295999999999999864e-03 9.999959999999999960e-01 2.939860000000000251e-01 -9.558079999999999909e-01 -1.636000000000000084e-03 9.558079999999999909e-01 2.939820000000000211e-01 2.491000000000000159e-03
2.400000000000000000e+01 9.100000000000000000e+01 7.600000000000000000e+01 0.000000000000000000e+00 1.600000000000000089e+00 -8.599999999999999789e-04 -3.399999999999999973e-05 1.000000000000000000e+00 2.861560000000000215e-01 -9.581830000000000069e-01 2.130000000000000003e-04 9.581830000000000069e-01 2.861560000000000215e-01 8.329999999999999731e-04
2.700000000000000000e+01 9.100000000000000000e+01 7.600000000000000000e+01 0.000000000000000000e+00 1.600000000000000089e+00 -1.673000000000000008e-03 2.020000000000000040e-04 9.999989999999999712e-01 2.893749999999999933e-01 -9.572159999999999558e-01 6.780000000000000002e-04 9.572140000000000093e-01 2.893760000000000221e-01 1.543000000000000101e-03
1.500000000000000000e+01 6.300000000000000000e+01 8.100000000000000000e+01 0.000000000000000000e+00 1.600000000000000089e+00 -5.507999999999999875e-03 -1.042900000000000077e-02 9.999299999999999855e-01 3.076999999999999874e-02 -9.994739999999999736e-01 -1.025500000000000023e-02 9.995110000000000383e-01 3.071199999999999972e-02 5.825999999999999582e-03
3.000000000000000000e+00 4.400000000000000000e+01 8.300000000000000000e+01 0.000000000000000000e+00 1.600000000000000089e+00 -6.009999999999999717e-04 -3.199000000000000021e-03 9.999949999999999672e-01 5.738950000000000440e-01 -8.189260000000000428e-01 -2.275000000000000112e-03 8.189290000000000180e-01 5.738900000000000112e-01 2.328000000000000208e-03
