1.500000000000000000e+01 2.500000000000000000e+01 1.000000000000000000e+00 0.000000000000000000e+00 1.600000000000000089e+00 3.873000000000000140e-03 -1.449999999999999900e-03 -9.999909999999999632e-01 -5.188869999999999871e-01 -8.548419999999999908e-01 -7.699999999999999597e-04 -8.548339999999999828e-01 5.188859999999999584e-01 -4.062999999999999771e-03
1.900000000000000000e+01 2.500000000000000000e+01 1.000000000000000000e+00 0.000000000000000000e+00 1.600000000000000089e+00 3.680000000000000003e-04 3.988000000000000225e-03 -9.999919999999999920e-01 -5.179970000000000407e-01 -8.553749999999999964e-01 -3.602000000000000167e-03 -8.553819999999999757e-01 5.179939999999999545e-01 1.750999999999999952e-03
1.100000000000000000e+01 4.200000000000000000e+01 2.000000000000000000e+00 0.000000000000000000e+00 1.600000000000000089e+00 -5.049999999999999802e-03 4.222599999999999965e-02 -9.990949999999999553e-01 9.816500000000000226e-01 -1.902490000000000014e-01 -1.300199999999999967e-02 -1.906259999999999899e-01 -9.808270000000000044e-01 -4.048999999999999821e-02
4.000000000000000000e+00 1.500000000000000000e+01 4.000000000000000000e+00 0.000000000000000000e+00 1.600000000000000089e+00 4.904999999999999638e-03 4.218000000000000395e-03 9.999789999999999512e-01 3.084219999999999740e-01 -9.512460000000000360e-01 2.500000000000000052e-03 9.512369999999999992e-01 3.084040000000000115e-01 -5.967000000000000082e-03
9.000000000000000000e+00 1.500000000000000000e+01 4.000000000000000000e+00 0.000000000000000000e+00 1.600000000000000089e+00 1.611000000000000019e-03 3.752999999999999826e-03 9.999919999999999920e-01 3.047079999999999789e-01 -9.524409999999999821e-01 3.083999999999999936e-03 9.524439999999999573e-01 3.047009999999999996e-01 -2.677999999999999825e-03
1.400000000000000000e+01 1.500000000000000000e+01 4.000000000000000000e+00 0.000000000000000000e+00 1.600000000000000089e+00 1.066000000000000107e-03 4.429999999999999910e-03 9.999900000000000455e-01 3.085319999999999729e-01 -9.512059999999999960e-01 3.884999999999999998e-03 9.512129999999999752e-01 3.085249999999999937e-01 -2.380999999999999870e-03
1.700000000000000000e+01 1.500000000000000000e+01 4.000000000000000000e+00 0.000000000000000000e+00 1.600000000000000089e+00 5.010000000000000347e-04 6.096999999999999989e-03 9.999810000000000088e-01 3.098469999999999835e-01 -9.507700000000000040e-01 5.642000000000000313e-03 9.507860000000000200e-01 3.098380000000000023e-01 -2.364999999999999915e-03
2.300000000000000000e+01 1.500000000000000000e+01 4.000000000000000000e+00 0.000000000000000000e+00 1.600000000000000089e+00 1.029999999999999964e-04 4.643999999999999691e-03 9.999890000000000168e-01 3.094480000000000008e-01 -9.509060000000000290e-01 4.383999999999999876e-03 9.509159999999999835e-01 3.094439999999999968e-01 -1.534999999999999906e-03
3.000000000000000000e+01 1.500000000000000000e+01 4.000000000000000000e+00 0.000000000000000000e+00 1.600000000000000089e+00 1.905000000000000009e-03 2.576000000000000165e-03 9.999949999999999672e-01 3.084339999999999860e-01 -9.512439999999999785e-01 1.863000000000000073e-03 9.512439999999999785e-01 3.084290000000000087e-01 -2.605999999999999810e-03
4.000000000000000000e+00 1.010000000000000000e+02 7.000000000000000000e+00 0.000000000000000000e+00 1.600000000000000089e+00 -3.222000000000000038e-03 4.009999999999999676e-03 9.999869999999999592e-01 8.826969999999999539e-01 4.699420000000000264e-01 9.590000000000000000e-04 -4.699320000000000164e-01 8.826880000000000281e-01 -5.054000000000000332e-03
2.900000000000000000e+01 1.010000000000000000e+02 7.000000000000000000e+00 0.000000000000000000e+00 1.600000000000000089e+00 -2.037000000000000182e-03 -1.450700000000000080e-02 9.998930000000000318e-01 8.807319999999999593e-01 4.735360000000000125e-01 8.665000000000000827e-03 -4.736110000000000042e-01 8.806549999999999656e-01 1.181199999999999958e-02
8.000000000000000000e+00 2.500000000000000000e+01 8.000000000000000000e+00 0.000000000000000000e+00 1.600000000000000089e+00 6.700000000000000226e-05 -1.613999999999999983e-03 -9.999989999999999712e-01 4.425220000000000264e-01 8.967559999999999976e-01 -1.417000000000000074e-03 8.967580000000000551e-01 -4.425220000000000264e-01 7.739999999999999485e-04
1.200000000000000000e+01 2.500000000000000000e+01 8.000000000000000000e+00 0.000000000000000000e+00 1.600000000000000089e+00 -3.184000000000000198e-03 -5.069999999999999854e-03 -9.999820000000000375e-01 4.431999999999999829e-01 8.964029999999999498e-01 -5.956000000000000356e-03 8.964170000000000194e-01 -4.432119999999999949e-01 -6.070000000000000092e-04
1.500000000000000000e+01 2.500000000000000000e+01 8.000000000000000000e+00 0.000000000000000000e+00 1.600000000000000089e+00 -1.806000000000000097e-03 -6.512999999999999692e-03 -9.999770000000000048e-01 4.443039999999999767e-01 8.958509999999999529e-01 -6.636999999999999671e-03 8.958739999999999482e-01 -4.443059999999999787e-01 1.276000000000000007e-03
1.800000000000000000e+01 2.500000000000000000e+01 8.000000000000000000e+00 0.000000000000000000e+00 1.600000000000000089e+00 1.979999999999999881e-04 -4.519999999999999712e-03 -9.999900000000000455e-01 4.444609999999999950e-01 8.957889999999999464e-01 -3.961000000000000111e-03 8.957979999999999832e-01 -4.444560000000000177e-01 2.186000000000000009e-03
2.100000000000000000e+01 2.500000000000000000e+01 8.000000000000000000e+00 0.000000000000000000e+00 1.600000000000000089e+00 1.200000000000000030e-05 -5.150000000000000064e-03 -9.999869999999999592e-01 4.438219999999999943e-01 8.961029999999999829e-01 -4.610000000000000382e-03 8.961149999999999949e-01 -4.438159999999999883e-01 2.296999999999999997e-03
2.500000000000000000e+01 2.500000000000000000e+01 8.000000000000000000e+00 0.000000000000000000e+00 1.600000000000000089e+00 -1.955000000000000140e-03 -4.348000000000000302e-03 -9.999890000000000168e-01 4.444270000000000165e-01 8.958019999999999872e-01 -4.764000000000000005e-03 8.958129999999999704e-01 -4.444319999999999937e-01 1.810000000000000085e-04
8.000000000000000000e+00 2.400000000000000000e+01 9.000000000000000000e+00 0.000000000000000000e+00 1.600000000000000089e+00 5.300000000000000078e-05 -2.245000000000000034e-03 -9.999970000000000248e-01 4.455459999999999976e-01 8.952569999999999695e-01 -1.985999999999999918e-03 8.952590000000000270e-01 -4.455439999999999956e-01 1.048000000000000103e-03
1.100000000000000000e+01 2.400000000000000000e+01 9.000000000000000000e+00 0.000000000000000000e+00 1.600000000000000089e+00 -2.554999999999999979e-03 -5.338999999999999996e-03 -9.999820000000000375e-01 4.458210000000000228e-01 8.951029999999999820e-01 -5.917999999999999650e-03 8.951179999999999692e-01 -4.458280000000000021e-01 9.399999999999999448e-05
1.700000000000000000e+01 2.400000000000000000e+01 9.000000000000000000e+00 0.000000000000000000e+00 1.600000000000000089e+00 -1.900000000000000105e-04 -5.165999999999999585e-03 -9.999869999999999592e-01 4.480529999999999791e-01 8.939949999999999841e-01 -4.703999999999999848e-03 8.940069999999999961e-01 -4.480480000000000018e-01 2.144000000000000072e-03
2.100000000000000000e+01 2.400000000000000000e+01 9.000000000000000000e+00 0.000000000000000000e+00 1.600000000000000089e+00 1.939999999999999993e-04 -5.327000000000000138e-03 -9.999860000000000415e-01 4.481609999999999761e-01 8.939399999999999569e-01 -4.675000000000000336e-03 8.939529999999999976e-01 -4.481539999999999968e-01 2.560999999999999908e-03
2.400000000000000000e+01 2.400000000000000000e+01 9.000000000000000000e+00 0.000000000000000000e+00 1.600000000000000089e+00 -1.860000000000000108e-03 -5.172999999999999647e-03 -9.999850000000000128e-01 4.484449999999999825e-01 8.937939999999999774e-01 -5.458000000000000178e-03 8.938080000000000469e-01 -4.484489999999999865e-01 6.570000000000000319e-04
2.800000000000000000e+01 2.400000000000000000e+01 9.000000000000000000e+00 0.000000000000000000e+00 1.600000000000000089e+00 -6.689999999999999983e-04 -6.205999999999999711e-03 -9.999810000000000088e-01 4.497140000000000026e-01 8.931540000000000035e-01 -5.844000000000000236e-03 8.931729999999999947e-01 -4.497090000000000254e-01 2.194000000000000204e-03
8.000000000000000000e+00 3.100000000000000000e+01 1.200000000000000000e+01 0.000000000000000000e+00 1.600000000000000089e+00 -1.720000000000000066e-04 3.080000000000000055e-04 1.000000000000000000e+00 1.915400000000000089e-02 9.998160000000000380e-01 -3.049999999999999868e-04 -9.998169999999999558e-01 1.915400000000000089e-02 -1.779999999999999898e-04
1.300000000000000000e+01 3.100000000000000000e+01 1.200000000000000000e+01 0.000000000000000000e+00 1.600000000000000089e+00 9.810000000000001011e-04 8.019999999999999785e-04 9.999989999999999712e-01 1.878600000000000061e-02 9.998230000000000173e-01 -8.199999999999999824e-04 -9.998230000000000173e-01 1.878700000000000161e-02 9.659999999999999533e-04
1.900000000000000000e+01 3.100000000000000000e+01 1.200000000000000000e+01 0.000000000000000000e+00 1.600000000000000089e+00 -1.778999999999999982e-03 1.201999999999999943e-03 9.999980000000000535e-01 1.934900000000000161e-02 9.998120000000000340e-01 -1.167000000000000069e-03 -9.998110000000000053e-01 1.934599999999999861e-02 -1.801999999999999999e-03
1.100000000000000000e+01 1.160000000000000000e+02 1.600000000000000000e+01 0.000000000000000000e+00 1.600000000000000089e+00 3.669999999999999760e-04 -1.600000000000000077e-03 9.999989999999999712e-01 6.919859999999999900e-01 7.219109999999999694e-01 9.009999999999999997e-04 -7.219109999999999694e-01 6.919840000000000435e-01 1.371999999999999956e-03
1.400000000000000000e+01 1.160000000000000000e+02 1.600000000000000000e+01 0.000000000000000000e+00 1.600000000000000089e+00 4.203000000000000139e-03 3.272999999999999868e-03 9.999860000000000415e-01 6.963310000000000333e-01 7.177019999999999511e-01 -5.276000000000000308e-03 -7.177090000000000414e-01 6.963430000000000453e-01 7.380000000000000492e-04
2.000000000000000000e+01 1.160000000000000000e+02 1.600000000000000000e+01 0.000000000000000000e+00 1.600000000000000089e+00 -3.392000000000000050e-03 -3.412999999999999801e-03 9.999879999999999880e-01 6.803120000000000278e-01 7.329069999999999752e-01 4.808999999999999907e-03 -7.329149999999999832e-01 6.803200000000000358e-01 -1.640000000000000019e-04
8.000000000000000000e+00 2.000000000000000000e+00 1.900000000000000000e+01 0.000000000000000000e+00 1.600000000000000089e+00 4.544000000000000296e-03 -6.472999999999999587e-03 -9.999689999999999968e-01 1.996189999999999909e-01 -9.798470000000000235e-01 7.250000000000000368e-03 -9.798630000000000395e-01 -1.996459999999999901e-01 -3.161000000000000181e-03
1.200000000000000000e+01 2.000000000000000000e+00 1.900000000000000000e+01 0.000000000000000000e+00 1.600000000000000089e+00 2.710000000000000169e-03 -3.320000000000000034e-03 -9.999909999999999632e-01 1.980679999999999941e-01 -9.801809999999999690e-01 3.791000000000000099e-03 -9.801849999999999730e-01 -1.980760000000000021e-01 -1.998999999999999909e-03
1.600000000000000000e+01 2.000000000000000000e+00 1.900000000000000000e+01 0.000000000000000000e+00 1.600000000000000089e+00 2.739999999999999814e-03 1.271999999999999910e-03 -9.999949999999999672e-01 1.964210000000000123e-01 -9.805190000000000294e-01 -7.100000000000000191e-04 -9.805160000000000542e-01 -1.964180000000000093e-01 -2.935999999999999808e-03
2.100000000000000000e+01 2.000000000000000000e+00 1.900000000000000000e+01 0.000000000000000000e+00 1.600000000000000089e+00 -8.689999999999999808e-04 3.830000000000000071e-03 -9.999919999999999920e-01 1.914559999999999873e-01 -9.814929999999999488e-01 -3.925999999999999802e-03 -9.815009999999999568e-01 -1.914579999999999893e-01 1.200000000000000030e-04
2.400000000000000000e+01 2.000000000000000000e+00 1.900000000000000000e+01 0.000000000000000000e+00 1.600000000000000089e+00 -3.119999999999999944e-04 -1.397999999999999937e-03 -9.999989999999999712e-01 1.929490000000000094e-01 -9.812079999999999691e-01 1.312000000000000015e-03 -9.812089999999999979e-01 -1.929490000000000094e-01 5.760000000000000146e-04
2.700000000000000000e+01 2.000000000000000000e+00 1.900000000000000000e+01 0.000000000000000000e+00 1.600000000000000089e+00 -2.139999999999999975e-04 -2.778000000000000087e-03 -9.999959999999999960e-01 1.937919999999999920e-01 -9.810389999999999944e-01 2.684000000000000188e-03 -9.810429999999999984e-01 -1.937909999999999910e-01 7.479999999999999670e-04
3.000000000000000000e+01 2.000000000000000000e+00 1.900000000000000000e+01 0.000000000000000000e+00 1.600000000000000089e+00 -2.331000000000000173e-03 -5.669999999999999693e-03 -9.999810000000000088e-01 1.941990000000000105e-01 -9.809489999999999599e-01 5.108999999999999826e-03 -9.809590000000000254e-01 -1.941829999999999945e-01 3.386999999999999820e-03
9.000000000000000000e+00 4.000000000000000000e+00 2.000000000000000000e+01 0.000000000000000000e+00 1.600000000000000089e+00 6.707000000000000288e-03 -2.353000000000000057e-03 -9.999749999999999472e-01 2.832950000000000190e-01 -9.590239999999999876e-01 4.155999999999999972e-03 -9.590090000000000003e-01 -2.833149999999999835e-01 -5.766000000000000292e-03
1.600000000000000000e+01 4.000000000000000000e+00 2.000000000000000000e+01 0.000000000000000000e+00 1.600000000000000089e+00 2.318000000000000182e-03 1.824000000000000100e-03 -9.999959999999999960e-01 2.879709999999999770e-01 -9.576390000000000180e-01 -1.079000000000000098e-03 -9.576360000000000428e-01 -2.879669999999999730e-01 -2.745000000000000044e-03
5.000000000000000000e+00 1.300000000000000000e+01 2.000000000000000000e+01 0.000000000000000000e+00 1.600000000000000089e+00 -4.296999999999999605e-03 -5.172999999999999647e-03 9.999770000000000048e-01 2.564069999999999960e-01 9.665500000000000203e-01 6.101999999999999785e-03 -9.665589999999999460e-01 2.564279999999999893e-01 -2.825999999999999953e-03
1.000000000000000000e+01 1.300000000000000000e+01 2.000000000000000000e+01 0.000000000000000000e+00 1.600000000000000089e+00 6.132000000000000298e-03 8.241000000000000061e-03 9.999470000000000303e-01 2.513210000000000166e-01 9.678569999999999673e-01 -9.516999999999999418e-03 -9.678839999999999666e-01 2.513670000000000071e-01 3.863999999999999813e-03
1.800000000000000000e+01 1.300000000000000000e+01 2.000000000000000000e+01 0.000000000000000000e+00 1.600000000000000089e+00 -6.799999999999999946e-05 -1.397999999999999937e-03 9.999989999999999712e-01 2.521660000000000013e-01 9.676829999999999599e-01 1.369999999999999907e-03 -9.676839999999999886e-01 2.521660000000000013e-01 2.869999999999999830e-04
2.100000000000000000e+01 1.300000000000000000e+01 2.000000000000000000e+01 0.000000000000000000e+00 1.600000000000000089e+00 -1.614999999999999899e-03 -4.459999999999999989e-04 9.999989999999999712e-01 2.533020000000000271e-01 9.673869999999999969e-01 8.400000000000000348e-04 -9.673859999999999681e-01 2.533030000000000004e-01 -1.448999999999999984e-03
2.700000000000000000e+01 1.300000000000000000e+01 2.000000000000000000e+01 0.000000000000000000e+00 1.600000000000000089e+00 -5.379999999999999583e-04 -9.719999999999999907e-04 9.999989999999999712e-01 2.528150000000000119e-01 9.675139999999999851e-01 1.077000000000000049e-03 -9.675150000000000139e-01 2.528150000000000119e-01 -2.750000000000000166e-04
6.000000000000000000e+00 1.600000000000000000e+01 2.100000000000000000e+01 0.000000000000000000e+00 1.600000000000000089e+00 -2.269999999999999882e-03 3.780000000000000265e-04 9.999970000000000248e-01 3.009069999999999800e-01 9.536529999999999729e-01 3.220000000000000206e-04 -9.536510000000000264e-01 3.009069999999999800e-01 -2.278000000000000077e-03
1.700000000000000000e+01 1.600000000000000000e+01 2.100000000000000000e+01 0.000000000000000000e+00 1.600000000000000089e+00 1.935000000000000088e-03 1.347000000000000107e-03 9.999970000000000248e-01 2.978089999999999904e-01 9.546240000000000281e-01 -1.863000000000000073e-03 -9.546240000000000281e-01 2.978120000000000211e-01 1.446000000000000020e-03
2.600000000000000000e+01 1.600000000000000000e+01 2.100000000000000000e+01 0.000000000000000000e+00 1.600000000000000089e+00 -8.509999999999999769e-04 3.519999999999999908e-04 1.000000000000000000e+00 2.969049999999999745e-01 9.549069999999999503e-01 -8.299999999999999815e-05 -9.549069999999999503e-01 2.969049999999999745e-01 -9.169999999999999549e-04
6.000000000000000000e+00 4.800000000000000000e+01 2.400000000000000000e+01 0.000000000000000000e+00 1.600000000000000089e+00 -2.699000000000000010e-03 -1.502000000000000080e-03 9.999949999999999672e-01 8.592659999999999743e-01 5.115189999999999459e-01 3.086999999999999900e-03 -5.115220000000000322e-01 8.592699999999999783e-01 -9.000000000000000567e-05
1.200000000000000000e+01 3.000000000000000000e+00 2.500000000000000000e+01 0.000000000000000000e+00 1.600000000000000089e+00 -1.270899999999999981e-02 -2.954000000000000029e-03 9.999149999999999983e-01 -5.699599999999999805e-02 -9.983680000000000332e-01 -3.674000000000000182e-03 9.982940000000000147e-01 -5.703799999999999842e-02 1.251999999999999988e-02
1.500000000000000000e+01 3.000000000000000000e+00 2.500000000000000000e+01 0.000000000000000000e+00 1.600000000000000089e+00 -9.329000000000000486e-03 -8.469999999999999881e-04 9.999559999999999560e-01 -5.165899999999999659e-02 -9.986639999999999961e-01 -1.327000000000000055e-03 9.986209999999999809e-01 -5.166899999999999965e-02 9.272999999999999993e-03
2.200000000000000000e+01 3.000000000000000000e+00 2.500000000000000000e+01 0.000000000000000000e+00 1.600000000000000089e+00 3.148000000000000190e-03 3.657999999999999793e-03 9.999879999999999880e-01 -5.013900000000000301e-02 -9.987350000000000394e-01 3.811000000000000151e-03 9.987369999999999859e-01 -5.015000000000000013e-02 -2.959999999999999958e-03
2.900000000000000000e+01 3.000000000000000000e+00 2.500000000000000000e+01 0.000000000000000000e+00 1.600000000000000089e+00 5.460000000000000443e-04 -2.661000000000000171e-03 9.999959999999999960e-01 -5.769099999999999923e-02 -9.983309999999999684e-01 -2.625000000000000163e-03 9.983340000000000547e-01 -5.768899999999999723e-02 -6.980000000000000527e-04
1.200000000000000000e+01 4.600000000000000000e+01 2.700000000000000000e+01 0.000000000000000000e+00 1.600000000000000089e+00 -1.438999999999999958e-03 2.454000000000000018e-03 -9.999959999999999960e-01 6.500310000000000255e-01 7.599069999999999991e-01 9.290000000000000297e-04 7.599059999999999704e-01 -6.500270000000000215e-01 -2.688999999999999984e-03
1.600000000000000000e+01 4.600000000000000000e+01 2.700000000000000000e+01 0.000000000000000000e+00 1.600000000000000089e+00 -1.155999999999999910e-03 7.450000000000000025e-04 -9.999989999999999712e-01 6.491710000000000536e-01 7.606429999999999580e-01 -1.830000000000000029e-04 7.606420000000000403e-01 -6.491700000000000248e-01 -1.363000000000000062e-03
2.100000000000000000e+01 4.600000000000000000e+01 2.700000000000000000e+01 0.000000000000000000e+00 1.600000000000000089e+00 -1.314999999999999980e-03 -1.642999999999999929e-03 -9.999980000000000535e-01 6.433079999999999909e-01 7.656049999999999800e-01 -2.103999999999999967e-03 7.656070000000000375e-01 -6.433090000000000197e-01 5.000000000000000240e-05
3.000000000000000000e+00 5.800000000000000000e+01 3.100000000000000000e+01 0.000000000000000000e+00 1.600000000000000089e+00 -2.300000000000000002e-05 -1.144000000000000052e-03 9.999989999999999712e-01 -7.968950000000000200e-01 -6.041180000000000438e-01 -7.100000000000000191e-04 6.041180000000000438e-01 -7.968939999999999912e-01 -8.980000000000000352e-04
9.000000000000000000e+00 5.800000000000000000e+01 3.100000000000000000e+01 0.000000000000000000e+00 1.600000000000000089e+00 -1.265999999999999981e-03 1.399999999999999877e-04 9.999989999999999712e-01 -7.991390000000000438e-01 -6.011450000000000404e-01 -9.269999999999999811e-04 6.011450000000000404e-01 -7.991399999999999615e-01 8.729999999999999696e-04
1.600000000000000000e+01 5.800000000000000000e+01 3.100000000000000000e+01 0.000000000000000000e+00 1.600000000000000089e+00 -8.220000000000000310e-04 1.866000000000000037e-03 9.999980000000000535e-01 -8.017180000000000417e-01 -5.977019999999999555e-01 4.560000000000000251e-04 5.977019999999999555e-01 -8.017159999999999842e-01 1.987000000000000051e-03
2.100000000000000000e+01 5.800000000000000000e+01 3.100000000000000000e+01 0.000000000000000000e+00 1.600000000000000089e+00 -6.459999999999999814e-04 -2.871999999999999987e-03 9.999959999999999960e-01 -8.008450000000000291e-01 -5.988670000000000382e-01 -2.236999999999999839e-03 5.988710000000000422e-01 -8.008429999999999715e-01 -1.912999999999999987e-03
2.600000000000000000e+01 5.800000000000000000e+01 3.100000000000000000e+01 0.000000000000000000e+00 1.600000000000000089e+00 -2.644000000000000083e-03 -5.033000000000000147e-03 9.999839999999999840e-01 -7.991129999999999622e-01 -6.011589999999999989e-01 -5.139000000000000339e-03 6.011750000000000149e-01 -7.991139999999999910e-01 -2.432999999999999833e-03
2.000000000000000000e+00 4.600000000000000000e+01 3.500000000000000000e+01 0.000000000000000000e+00 1.600000000000000089e+00 -3.262999999999999842e-03 2.062000000000000031e-03 -9.999930000000000208e-01 3.888590000000000102e-01 -9.212919999999999998e-01 -3.167999999999999809e-03 -9.212919999999999998e-01 -3.888659999999999894e-01 2.203999999999999796e-03
8.000000000000000000e+00 4.600000000000000000e+01 3.500000000000000000e+01 0.000000000000000000e+00 1.600000000000000089e+00 1.860000000000000108e-03 4.300000000000000165e-05 -9.999980000000000535e-01 3.861620000000000053e-01 -9.224310000000000009e-01 6.780000000000000002e-04 -9.224290000000000544e-01 -3.861620000000000053e-01 -1.732000000000000033e-03
1.100000000000000000e+01 4.600000000000000000e+01 3.500000000000000000e+01 0.000000000000000000e+00 1.600000000000000089e+00 1.962999999999999901e-03 4.416999999999999919e-03 -9.999879999999999880e-01 3.855310000000000126e-01 -9.226889999999999814e-01 -3.318999999999999902e-03 -9.226929999999999854e-01 -3.855199999999999738e-01 -3.514000000000000196e-03
2.100000000000000000e+01 4.600000000000000000e+01 3.500000000000000000e+01 0.000000000000000000e+00 1.600000000000000089e+00 1.340000000000000045e-04 -3.776999999999999975e-03 -9.999930000000000208e-01 3.870609999999999884e-01 -9.220469999999999500e-01 3.534999999999999948e-03 -9.220540000000000402e-01 -3.870589999999999864e-01 1.337999999999999997e-03
2.700000000000000000e+01 4.600000000000000000e+01 3.500000000000000000e+01 0.000000000000000000e+00 1.600000000000000089e+00 -7.929999999999999766e-04 -2.239999999999999966e-04 -1.000000000000000000e+00 3.855970000000000231e-01 -9.226670000000000149e-01 -9.899999999999999404e-05 -9.226670000000000149e-01 -3.855970000000000231e-01 8.180000000000000422e-04
1.000000000000000000e+00 9.500000000000000000e+01 3.600000000000000000e+01 0.000000000000000000e+00 1.600000000000000089e+00 -1.194500000000000076e-02 -1.203500000000000056e-02 9.998559999999999670e-01 9.979479999999999462e-01 6.276299999999999935e-02 1.267800000000000003e-02 -6.290700000000000458e-02 9.979559999999999542e-01 1.126100000000000018e-02
1.100000000000000000e+01 9.500000000000000000e+01 3.600000000000000000e+01 0.000000000000000000e+00 1.600000000000000089e+00 -2.883999999999999845e-03 -1.355699999999999961e-02 9.999040000000000150e-01 9.984979999999999967e-01 5.467299999999999938e-02 3.621000000000000087e-03 -5.471700000000000175e-02 9.984119999999999662e-01 1.337900000000000027e-02
1.800000000000000000e+01 9.500000000000000000e+01 3.600000000000000000e+01 0.000000000000000000e+00 1.600000000000000089e+00 -7.069999999999999462e-04 4.839000000000000419e-03 9.999879999999999880e-01 9.983009999999999939e-01 5.826499999999999735e-02 4.229999999999999819e-04 -5.826300000000000229e-02 9.982889999999999819e-01 -4.871999999999999595e-03
2.100000000000000000e+01 9.500000000000000000e+01 3.600000000000000000e+01 0.000000000000000000e+00 1.600000000000000089e+00 4.119999999999999856e-04 7.126999999999999655e-03 9.999749999999999472e-01 9.982210000000000250e-01 5.962200000000000139e-02 -8.360000000000000460e-04 -5.962699999999999945e-02 9.981959999999999722e-01 -7.089999999999999948e-03
7.000000000000000000e+00 3.000000000000000000e+00 4.300000000000000000e+01 0.000000000000000000e+00 1.600000000000000089e+00 1.488699999999999919e-02 -1.365899999999999927e-02 -9.997960000000000180e-01 7.318480000000000540e-01 -6.811679999999999957e-01 2.020399999999999974e-02 -6.813050000000000495e-01 -7.319999999999999840e-01 -1.440000000000000036e-04
5.000000000000000000e+00 2.900000000000000000e+01 4.400000000000000000e+01 0.000000000000000000e+00 1.600000000000000089e+00 8.610000000000000032e-04 5.523000000000000131e-03 -9.999839999999999840e-01 6.588410000000000100e-01 7.522670000000000190e-01 4.721999999999999635e-03 7.522820000000000062e-01 -6.588349999999999485e-01 -2.991999999999999868e-03
9.000000000000000000e+00 2.900000000000000000e+01 4.400000000000000000e+01 0.000000000000000000e+00 1.600000000000000089e+00 1.659999999999999963e-04 -2.337000000000000102e-03 -9.999970000000000248e-01 6.682090000000000529e-01 7.439719999999999667e-01 -1.626999999999999974e-03 7.439740000000000242e-01 -6.682069999999999954e-01 1.685000000000000083e-03
1.300000000000000000e+01 2.900000000000000000e+01 4.400000000000000000e+01 0.000000000000000000e+00 1.600000000000000089e+00 -1.289999999999999914e-04 -2.090999999999999977e-03 -9.999980000000000535e-01 6.657469999999999777e-01 7.461750000000000327e-01 -1.645999999999999894e-03 7.461769999999999792e-01 -6.657459999999999489e-01 1.296000000000000060e-03
1.800000000000000000e+01 2.900000000000000000e+01 4.400000000000000000e+01 0.000000000000000000e+00 1.600000000000000089e+00 6.310000000000000504e-04 -3.393000000000000183e-03 -9.999940000000000495e-01 6.660700000000000509e-01 7.458869999999999667e-01 -2.109999999999999896e-03 7.458890000000000242e-01 -6.660639999999999894e-01 2.730999999999999921e-03
2.400000000000000000e+01 2.900000000000000000e+01 4.400000000000000000e+01 0.000000000000000000e+00 1.600000000000000089e+00 1.494000000000000102e-03 -1.729999999999999984e-03 -9.999970000000000248e-01 6.687370000000000259e-01 7.434990000000000210e-01 -2.869999999999999830e-04 7.434969999999999635e-01 -6.687349999999999683e-01 2.266999999999999918e-03
1.200000000000000000e+01 5.000000000000000000e+00 5.100000000000000000e+01 0.000000000000000000e+00 1.600000000000000089e+00 -2.258000000000000024e-03 -5.738000000000000045e-03 -9.999810000000000088e-01 4.851849999999999774e-01 -8.744020000000000126e-01 3.922000000000000139e-03 -8.744079999999999631e-01 -4.851670000000000149e-01 4.758000000000000076e-03
2.000000000000000000e+01 5.000000000000000000e+00 5.100000000000000000e+01 0.000000000000000000e+00 1.600000000000000089e+00 7.699999999999999597e-04 -9.671000000000000776e-03 -9.999529999999999808e-01 4.865900000000000225e-01 -8.735859999999999737e-01 8.824000000000000246e-03 -8.736300000000000177e-01 -4.865740000000000065e-01 4.033000000000000126e-03
2.500000000000000000e+01 5.000000000000000000e+00 5.100000000000000000e+01 0.000000000000000000e+00 1.600000000000000089e+00 7.609999999999999577e-04 2.298999999999999828e-03 -9.999970000000000248e-01 4.904669999999999863e-01 -8.714579999999999549e-01 -1.631000000000000071e-03 -8.714600000000000124e-01 -4.904640000000000111e-01 -1.791000000000000057e-03
1.600000000000000000e+01 6.000000000000000000e+00 5.100000000000000000e+01 0.000000000000000000e+00 1.600000000000000089e+00 -3.667999999999999820e-03 -9.915999999999999467e-03 -9.999440000000000550e-01 3.111530000000000129e-01 -9.503239999999999466e-01 8.281999999999999432e-03 -9.503530000000000033e-01 -3.111050000000000204e-01 6.570999999999999584e-03
6.000000000000000000e+00 6.300000000000000000e+01 5.400000000000000000e+01 0.000000000000000000e+00 1.600000000000000089e+00 -7.829999999999999504e-04 -1.345000000000000058e-03 9.999989999999999712e-01 -3.525280000000000080e-01 9.358009999999999939e-01 9.829999999999999329e-04 -9.358009999999999939e-01 -3.525269999999999793e-01 -1.206999999999999957e-03
1.100000000000000000e+01 6.300000000000000000e+01 5.400000000000000000e+01 0.000000000000000000e+00 1.600000000000000089e+00 1.776999999999999934e-03 -2.310000000000000042e-04 9.999980000000000535e-01 -3.531670000000000087e-01 9.355599999999999472e-01 8.429999999999999993e-04 -9.355590000000000295e-01 -3.531670000000000087e-01 1.580999999999999940e-03
1.500000000000000000e+01 6.300000000000000000e+01 5.400000000000000000e+01 0.000000000000000000e+00 1.600000000000000089e+00 1.134000000000000025e-03 -1.142999999999999919e-03 9.999989999999999712e-01 -3.537680000000000269e-01 9.353320000000000523e-01 1.471000000000000085e-03 -9.353320000000000523e-01 -3.537690000000000001e-01 6.570000000000000319e-04
1.900000000000000000e+01 6.300000000000000000e+01 5.400000000000000000e+01 0.000000000000000000e+00 1.600000000000000089e+00 -9.129999999999999661e-04 -4.960000000000000216e-04 9.999989999999999712e-01 -3.517239999999999811e-01 9.361040000000000472e-01 1.430000000000000064e-04 -9.361030000000000184e-01 -3.517239999999999811e-01 -1.028999999999999967e-03
2.500000000000000000e+01 6.300000000000000000e+01 5.400000000000000000e+01 0.000000000000000000e+00 1.600000000000000089e+00 -7.999999999999999638e-06 2.141999999999999807e-03 9.999980000000000535e-01 -3.499829999999999885e-01 9.367539999999999756e-01 -2.008999999999999935e-03 -9.367560000000000331e-01 -3.499820000000000153e-01 7.420000000000000380e-04
2.800000000000000000e+01 6.300000000000000000e+01 5.400000000000000000e+01 0.000000000000000000e+00 1.600000000000000089e+00 -1.052999999999999900e-03 4.440000000000000045e-04 9.999989999999999712e-01 -3.483539999999999970e-01 9.373629999999999463e-01 -7.829999999999999504e-04 -9.373620000000000285e-01 -3.483550000000000257e-01 -8.329999999999999731e-04
9.000000000000000000e+00 7.600000000000000000e+01 5.600000000000000000e+01 0.000000000000000000e+00 1.600000000000000089e+00 -1.769999999999999926e-04 -4.126000000000000327e-03 -9.999909999999999632e-01 -1.191470000000000029e-01 9.928679999999999728e-01 -4.075999999999999762e-03 9.928770000000000095e-01 1.191450000000000009e-01 -6.679999999999999740e-04
1.100000000000000000e+01 2.000000000000000000e+01 6.000000000000000000e+01 0.000000000000000000e+00 1.600000000000000089e+00 -1.423000000000000003e-03 5.240999999999999999e-03 9.999850000000000128e-01 -6.400999999999999746e-02 9.979350000000000165e-01 -5.321000000000000209e-03 -9.979479999999999462e-01 -6.401700000000000446e-02 -1.083999999999999894e-03
2.000000000000000000e+00 2.100000000000000000e+01 6.000000000000000000e+01 0.000000000000000000e+00 1.600000000000000089e+00 -1.162000000000000055e-03 -2.821999999999999856e-03 9.999949999999999672e-01 -9.419099999999999695e-02 9.955509999999999637e-01 2.700000000000000143e-03 -9.955530000000000213e-01 -9.418700000000000683e-02 -1.423000000000000003e-03
7.000000000000000000e+00 2.100000000000000000e+01 6.000000000000000000e+01 0.000000000000000000e+00 1.600000000000000089e+00 -1.129999999999999955e-04 4.372000000000000018e-03 9.999900000000000455e-01 -9.469099999999999739e-02 9.954969999999999652e-01 -4.362999999999999691e-03 -9.955070000000000308e-01 -9.469099999999999739e-02 3.009999999999999980e-04
1.600000000000000000e+01 2.100000000000000000e+01 6.000000000000000000e+01 0.000000000000000000e+00 1.600000000000000089e+00 -1.840000000000000001e-04 7.310999999999999791e-03 9.999730000000000008e-01 -9.503699999999999648e-02 9.954469999999999708e-01 -7.296000000000000402e-03 -9.954739999999999700e-01 -9.503599999999999548e-02 5.109999999999999525e-04
1.900000000000000000e+01 2.100000000000000000e+01 6.000000000000000000e+01 0.000000000000000000e+00 1.600000000000000089e+00 7.370000000000000249e-04 6.047000000000000292e-03 9.999810000000000088e-01 -9.658899999999999431e-02 9.953070000000000528e-01 -5.947000000000000029e-03 -9.953239999999999865e-01 -9.658300000000000218e-02 1.317999999999999944e-03
2.300000000000000000e+01 2.100000000000000000e+01 6.000000000000000000e+01 0.000000000000000000e+00 1.600000000000000089e+00 6.899999999999999667e-05 -5.732000000000000116e-03 9.999839999999999840e-01 -9.636300000000000421e-02 9.953300000000000480e-01 5.712000000000000063e-03 -9.953459999999999530e-01 -9.636100000000000221e-02 -4.840000000000000010e-04
2.900000000000000000e+01 2.100000000000000000e+01 6.000000000000000000e+01 0.000000000000000000e+00 1.600000000000000089e+00 2.664999999999999834e-03 4.000000000000000083e-03 9.999879999999999880e-01 -9.053300000000000236e-02 9.958860000000000490e-01 -3.742999999999999799e-03 -9.958900000000000530e-01 -9.052200000000000524e-02 3.016000000000000018e-03
5.000000000000000000e+00 4.500000000000000000e+01 6.200000000000000000e+01 0.000000000000000000e+00 1.600000000000000089e+00 -1.862400000000000166e-02 2.553300000000000014e-02 -9.995000000000000551e-01 -6.085420000000000273e-01 -7.934710000000000374e-01 -8.930999999999999703e-03 -7.933029999999999804e-01 6.080719999999999459e-01 3.031599999999999920e-02
5.000000000000000000e+00 2.700000000000000000e+01 6.300000000000000000e+01 0.000000000000000000e+00 1.600000000000000089e+00 -1.709000000000000016e-03 1.075399999999999967e-02 9.999409999999999688e-01 -2.513329999999999731e-01 9.678400000000000336e-01 -1.083899999999999968e-02 -9.678989999999999538e-01 -2.513369999999999771e-01 1.049000000000000019e-03
1.100000000000000000e+01 2.700000000000000000e+01 6.300000000000000000e+01 0.000000000000000000e+00 1.600000000000000089e+00 3.600000000000000227e-04 -1.873199999999999865e-02 9.998240000000000460e-01 -2.662080000000000002e-01 9.637449999999999628e-01 1.815200000000000147e-02 -9.639149999999999663e-01 -2.661680000000000157e-01 -4.640000000000000027e-03
1.400000000000000000e+01 2.700000000000000000e+01 6.300000000000000000e+01 0.000000000000000000e+00 1.600000000000000089e+00 1.144000000000000052e-03 -5.544000000000000317e-03 9.999839999999999840e-01 -2.662740000000000107e-01 9.638809999999999878e-01 5.649000000000000375e-03 -9.638970000000000038e-01 -2.662760000000000127e-01 -3.730000000000000134e-04
2.100000000000000000e+01 2.700000000000000000e+01 6.300000000000000000e+01 0.000000000000000000e+00 1.600000000000000089e+00 7.879999999999999635e-04 4.558999999999999685e-03 9.999890000000000168e-01 -2.666000000000000036e-01 9.637980000000000436e-01 -4.184000000000000219e-03 -9.638069999999999693e-01 -2.665939999999999976e-01 1.975000000000000193e-03
2.900000000000000000e+01 2.700000000000000000e+01 6.300000000000000000e+01 0.000000000000000000e+00 1.600000000000000089e+00 2.249999999999999938e-04 8.196000000000000160e-03 9.999660000000000215e-01 -2.677570000000000228e-01 9.634549999999999503e-01 -7.835999999999999216e-03 -9.634859999999999536e-01 -2.677459999999999840e-01 2.412000000000000081e-03
6.000000000000000000e+00 4.400000000000000000e+01 6.300000000000000000e+01 0.000000000000000000e+00 1.600000000000000089e+00 -1.387200000000000065e-02 3.703000000000000042e-02 -9.992180000000000506e-01 -6.809039999999999537e-01 -7.321590000000000042e-01 -1.768000000000000127e-02 -7.322410000000000307e-01 6.801260000000000083e-01 3.536999999999999866e-02
1.200000000000000000e+01 4.400000000000000000e+01 6.300000000000000000e+01 0.000000000000000000e+00 1.600000000000000089e+00 2.440399999999999861e-02 -1.156689999999999940e-01 -9.929879999999999818e-01 -7.339820000000000233e-01 -6.764459999999999917e-01 6.075699999999999851e-02 -6.787300000000000555e-01 7.273530000000000273e-01 -1.014069999999999971e-01
7.000000000000000000e+00 2.600000000000000000e+01 6.400000000000000000e+01 0.000000000000000000e+00 1.600000000000000089e+00 -2.416999999999999878e-03 -6.501999999999999967e-03 9.999759999999999760e-01 -3.533330000000000082e-01 9.354829999999999535e-01 5.228000000000000008e-03 -9.354949999999999655e-01 -3.533120000000000149e-01 -4.558000000000000419e-03
1.000000000000000000e+01 2.600000000000000000e+01 6.400000000000000000e+01 0.000000000000000000e+00 1.600000000000000089e+00 1.253999999999999906e-03 -1.301599999999999979e-02 9.999149999999999983e-01 -3.546449999999999880e-01 9.349159999999999693e-01 1.261499999999999948e-02 -9.350000000000000533e-01 -3.546309999999999740e-01 -3.444000000000000013e-03
2.100000000000000000e+01 2.600000000000000000e+01 6.400000000000000000e+01 0.000000000000000000e+00 1.600000000000000089e+00 5.789999999999999791e-04 3.758000000000000056e-03 9.999930000000000208e-01 -3.478890000000000038e-01 9.375299999999999745e-01 -3.321999999999999866e-03 -9.375350000000000072e-01 -3.478849999999999998e-01 1.850000000000000082e-03
2.500000000000000000e+01 2.600000000000000000e+01 6.400000000000000000e+01 0.000000000000000000e+00 1.600000000000000089e+00 2.579999999999999828e-04 5.532999999999999724e-03 9.999850000000000128e-01 -3.468840000000000257e-01 9.378940000000000055e-01 -5.100000000000000366e-03 -9.379079999999999639e-01 -3.468780000000000197e-01 2.161000000000000160e-03
7.000000000000000000e+00 4.300000000000000000e+01 6.400000000000000000e+01 0.000000000000000000e+00 1.600000000000000089e+00 -4.703999999999999848e-03 2.089099999999999985e-02 -9.997709999999999653e-01 -7.291050000000000031e-01 -6.843160000000000354e-01 -1.086799999999999919e-02 -6.843860000000000499e-01 7.288869999999999516e-01 1.845000000000000112e-02
5.000000000000000000e+00 3.200000000000000000e+01 6.600000000000000000e+01 0.000000000000000000e+00 1.600000000000000089e+00 -7.043999999999999914e-03 1.483600000000000023e-02 -9.998650000000000038e-01 -8.647909999999999764e-01 -5.021290000000000475e-01 -1.358000000000000049e-03 -5.020820000000000283e-01 8.646650000000000169e-01 1.636699999999999960e-02
1.000000000000000000e+00 2.500000000000000000e+01 7.400000000000000000e+01 0.000000000000000000e+00 1.600000000000000089e+00 7.789999999999999616e-04 -2.226000000000000114e-03 9.999970000000000248e-01 8.221209999999999907e-01 -5.693099999999999827e-01 -1.907999999999999974e-03 5.693129999999999580e-01 8.221199999999999619e-01 1.386999999999999995e-03
1.100000000000000000e+01 2.500000000000000000e+01 7.400000000000000000e+01 0.000000000000000000e+00 1.600000000000000089e+00 -5.499999999999999681e-03 -3.534999999999999948e-03 9.999789999999999512e-01 8.230910000000000171e-01 -5.679030000000000467e-01 2.520000000000000104e-03 5.678819999999999979e-01 8.230880000000000418e-01 6.033000000000000168e-03
2.000000000000000000e+01 2.500000000000000000e+01 7.400000000000000000e+01 0.000000000000000000e+00 1.600000000000000089e+00 2.840000000000000076e-03 -8.890000000000000333e-04 9.999959999999999960e-01 8.233099999999999863e-01 -5.675850000000000062e-01 -2.843000000000000041e-03 5.675850000000000062e-01 8.233150000000000190e-01 -8.800000000000000313e-04
2.400000000000000000e+01 2.500000000000000000e+01 7.400000000000000000e+01 0.000000000000000000e+00 1.600000000000000089e+00 1.849999999999999973e-04 -1.307000000000000002e-03 9.999989999999999712e-01 8.223329999999999806e-01 -5.690049999999999830e-01 -8.959999999999999866e-04 5.690060000000000118e-01 8.223329999999999806e-01 9.690000000000000262e-04
2.600000000000000000e+01 2.500000000000000000e+01 7.400000000000000000e+01 0.000000000000000000e+00 1.600000000000000089e+00 -4.730000000000000046e-04 -2.647000000000000047e-03 9.999959999999999960e-01 8.228550000000000031e-01 -5.682509999999999506e-01 -1.115000000000000106e-03 5.682509999999999506e-01 8.228509999999999991e-01 2.446999999999999956e-03
3.000000000000000000e+01 2.500000000000000000e+01 7.400000000000000000e+01 0.000000000000000000e+00 1.600000000000000089e+00 -5.379999999999999583e-04 -6.211000000000000375e-03 9.999810000000000088e-01 8.223310000000000342e-01 -5.690009999999999790e-01 -3.090999999999999998e-03 5.690089999999999870e-01 8.223139999999999894e-01 5.414000000000000409e-03
