2.000000000000000000e+00 1.500000000000000000e+01 4.000000000000000000e+00 0.000000000000000000e+00 1.600000000000000089e+00 -1.691000000000000012e-03 -1.463000000000000064e-02 9.998920000000000030e-01 2.903530000000000277e-01 -9.568240000000000078e-01 -1.350900000000000017e-02 9.569180000000000463e-01 2.902980000000000005e-01 5.865000000000000421e-03
6.000000000000000000e+00 1.500000000000000000e+01 4.000000000000000000e+00 0.000000000000000000e+00 1.600000000000000089e+00 -2.214999999999999955e-03 -1.570799999999999974e-02 9.998740000000000405e-01 2.826899999999999968e-01 -9.591030000000000388e-01 -1.444100000000000071e-02 9.592089999999999783e-01 2.826219999999999843e-01 6.564999999999999655e-03
1.500000000000000000e+01 1.500000000000000000e+01 4.000000000000000000e+00 0.000000000000000000e+00 1.600000000000000089e+00 2.410999999999999949e-03 1.015999999999999976e-03 9.999970000000000248e-01 2.815739999999999910e-01 -9.595390000000000308e-01 2.959999999999999849e-04 9.595359999999999445e-01 2.815719999999999890e-01 -2.599000000000000182e-03
1.900000000000000000e+01 1.500000000000000000e+01 4.000000000000000000e+00 0.000000000000000000e+00 1.600000000000000089e+00 -9.430000000000000448e-04 2.931000000000000012e-03 9.999949999999999672e-01 2.913020000000000054e-01 -9.566259999999999764e-01 3.079000000000000140e-03 9.566310000000000091e-01 2.913029999999999786e-01 4.800000000000000122e-05
2.500000000000000000e+01 1.500000000000000000e+01 4.000000000000000000e+00 0.000000000000000000e+00 1.600000000000000089e+00 2.460000000000000164e-04 -2.570999999999999935e-03 9.999970000000000248e-01 2.951289999999999747e-01 -9.554540000000000255e-01 -2.528999999999999998e-03 9.554570000000000007e-01 2.951289999999999747e-01 5.240000000000000517e-04
1.500000000000000000e+01 1.010000000000000000e+02 7.000000000000000000e+00 0.000000000000000000e+00 1.600000000000000089e+00 -9.610000000000000486e-04 -6.768999999999999843e-03 9.999770000000000048e-01 8.856469999999999620e-01 4.643419999999999770e-01 3.994000000000000154e-03 -4.643579999999999930e-01 8.856300000000000283e-01 5.549000000000000113e-03
1.900000000000000000e+01 1.010000000000000000e+02 7.000000000000000000e+00 0.000000000000000000e+00 1.600000000000000089e+00 2.057999999999999934e-03 1.652999999999999955e-03 9.999959999999999960e-01 8.849759999999999849e-01 4.656299999999999883e-01 -2.590999999999999987e-03 -4.656330000000000191e-01 8.849780000000000424e-01 -5.050000000000000235e-04
2.700000000000000000e+01 1.010000000000000000e+02 7.000000000000000000e+00 0.000000000000000000e+00 1.600000000000000089e+00 -2.203000000000000097e-03 -1.578900000000000095e-02 9.998730000000000118e-01 8.864509999999999890e-01 4.627299999999999747e-01 9.259999999999999135e-03 -4.628169999999999784e-01 8.863590000000000080e-01 1.297599999999999969e-02
4.000000000000000000e+00 1.500000000000000000e+01 8.000000000000000000e+00 0.000000000000000000e+00 1.600000000000000089e+00 -2.350000000000000092e-03 -1.133100000000000079e-02 -9.999329999999999607e-01 -5.874209999999999710e-01 -8.092129999999999601e-01 1.055000000000000035e-02 -8.092780000000000529e-01 5.874070000000000125e-01 -4.754000000000000413e-03
1.300000000000000000e+01 1.500000000000000000e+01 8.000000000000000000e+00 0.000000000000000000e+00 1.600000000000000089e+00 -4.021000000000000268e-03 -6.963999999999999704e-03 -9.999679999999999680e-01 -5.900929999999999787e-01 -8.072960000000000136e-01 7.995000000000000370e-03 -8.073249999999999593e-01 5.901060000000000194e-01 -8.630000000000000518e-04
1.800000000000000000e+01 1.500000000000000000e+01 8.000000000000000000e+00 0.000000000000000000e+00 1.600000000000000089e+00 -2.168999999999999921e-03 -2.095000000000000074e-03 -9.999949999999999672e-01 -5.918299999999999672e-01 -8.060580000000000522e-01 2.972999999999999948e-03 -8.060599999999999987e-01 5.918330000000000535e-01 5.090000000000000123e-04
2.900000000000000000e+01 1.500000000000000000e+01 8.000000000000000000e+00 0.000000000000000000e+00 1.600000000000000089e+00 -8.369999999999999619e-04 -4.942000000000000212e-03 -9.999869999999999592e-01 -5.902159999999999629e-01 -8.072329999999999783e-01 4.484000000000000138e-03 -8.072449999999999903e-01 5.902129999999999876e-01 -2.240999999999999936e-03
9.000000000000000000e+00 2.600000000000000000e+01 8.000000000000000000e+00 0.000000000000000000e+00 1.600000000000000089e+00 3.650000000000000033e-03 9.305000000000000770e-03 -9.999500000000000055e-01 4.022390000000000132e-01 9.154799999999999605e-01 9.986999999999999350e-03 9.155269999999999797e-01 -4.022549999999999737e-01 -4.009999999999999893e-04
6.000000000000000000e+00 2.400000000000000000e+01 9.000000000000000000e+00 0.000000000000000000e+00 1.600000000000000089e+00 2.426000000000000205e-03 3.925999999999999802e-03 -9.999890000000000168e-01 4.597419999999999840e-01 8.880409999999999693e-01 4.602000000000000188e-03 8.880489999999999773e-01 -4.597479999999999900e-01 3.490000000000000263e-04
1.300000000000000000e+01 2.400000000000000000e+01 9.000000000000000000e+00 0.000000000000000000e+00 1.600000000000000089e+00 2.887999999999999942e-03 5.386000000000000162e-03 -9.999810000000000088e-01 4.593979999999999730e-01 8.882100000000000550e-01 6.111000000000000112e-03 8.882259999999999600e-01 -4.594070000000000098e-01 9.100000000000000287e-05
1.800000000000000000e+01 2.400000000000000000e+01 9.000000000000000000e+00 0.000000000000000000e+00 1.600000000000000089e+00 2.488999999999999893e-03 9.589000000000000301e-03 -9.999510000000000343e-01 4.595210000000000128e-01 8.881139999999999590e-01 9.660999999999999449e-03 8.881639999999999535e-01 -4.595219999999999860e-01 -2.196000000000000035e-03
2.300000000000000000e+01 2.400000000000000000e+01 9.000000000000000000e+00 0.000000000000000000e+00 1.600000000000000089e+00 1.142999999999999919e-03 3.895000000000000025e-03 -9.999919999999999920e-01 4.598070000000000213e-01 8.880099999999999660e-01 3.984999999999999827e-03 8.880179999999999740e-01 -4.598079999999999945e-01 -7.759999999999999971e-04
2.900000000000000000e+01 2.400000000000000000e+01 9.000000000000000000e+00 0.000000000000000000e+00 1.600000000000000089e+00 1.781999999999999947e-03 6.753000000000000322e-03 -9.999759999999999760e-01 4.581890000000000129e-01 8.888279999999999514e-01 6.819000000000000408e-03 8.888530000000000042e-01 -4.581899999999999862e-01 -1.510000000000000057e-03
1.000000000000000000e+00 4.000000000000000000e+00 1.100000000000000000e+01 0.000000000000000000e+00 1.600000000000000089e+00 -1.891000000000000103e-03 -8.406999999999999543e-03 -9.999630000000000463e-01 2.190729999999999900e-01 9.756700000000000372e-01 -8.616999999999999660e-03 9.757069999999999910e-01 -2.190809999999999980e-01 -3.999999999999999819e-06
2.100000000000000000e+01 4.000000000000000000e+00 1.100000000000000000e+01 0.000000000000000000e+00 1.600000000000000089e+00 2.004999999999999838e-03 1.476399999999999935e-02 -9.998890000000000278e-01 2.084789999999999976e-01 9.779139999999999500e-01 1.485700000000000041e-02 9.780250000000000332e-01 -2.084860000000000047e-01 -1.116999999999999937e-03
2.500000000000000000e+01 4.000000000000000000e+00 1.100000000000000000e+01 0.000000000000000000e+00 1.600000000000000089e+00 3.112999999999999882e-03 2.084400000000000142e-02 -9.997779999999999445e-01 2.017599999999999949e-01 9.792089999999999961e-01 2.104299999999999921e-02 9.794300000000000228e-01 -2.017799999999999871e-01 -1.157000000000000042e-03
1.000000000000000000e+01 3.100000000000000000e+01 1.200000000000000000e+01 0.000000000000000000e+00 1.600000000000000089e+00 -1.585000000000000037e-03 1.443000000000000055e-03 9.999980000000000535e-01 -2.453500000000000125e-02 9.996979999999999755e-01 -1.480999999999999895e-03 -9.996979999999999755e-01 -2.453800000000000078e-02 -1.549999999999999946e-03
1.500000000000000000e+01 3.100000000000000000e+01 1.200000000000000000e+01 0.000000000000000000e+00 1.600000000000000089e+00 -9.150000000000000147e-04 1.381999999999999982e-03 9.999989999999999712e-01 -2.145899999999999891e-02 9.997690000000000188e-01 -1.400999999999999902e-03 -9.997690000000000188e-01 -2.145999999999999991e-02 -8.850000000000000444e-04
2.200000000000000000e+01 3.100000000000000000e+01 1.200000000000000000e+01 0.000000000000000000e+00 1.600000000000000089e+00 -2.599999999999999772e-04 5.039999999999999992e-04 1.000000000000000000e+00 -1.630099999999999952e-02 9.998669999999999503e-01 -5.079999999999999880e-04 -9.998669999999999503e-01 -1.630099999999999952e-02 -2.519999999999999996e-04
2.600000000000000000e+01 3.100000000000000000e+01 1.200000000000000000e+01 0.000000000000000000e+00 1.600000000000000089e+00 2.970000000000000092e-04 2.546999999999999785e-03 9.999970000000000248e-01 -1.698600000000000110e-02 9.998519999999999630e-01 -2.540999999999999856e-03 -9.998559999999999670e-01 -1.698500000000000010e-02 3.400000000000000244e-04
2.900000000000000000e+01 3.100000000000000000e+01 1.200000000000000000e+01 0.000000000000000000e+00 1.600000000000000089e+00 1.128000000000000096e-03 4.699999999999999859e-04 9.999989999999999712e-01 -1.816900000000000112e-02 9.998350000000000293e-01 -4.490000000000000176e-04 -9.998340000000000005e-01 -1.816800000000000012e-02 1.136999999999999990e-03
4.000000000000000000e+00 3.200000000000000000e+01 1.400000000000000000e+01 0.000000000000000000e+00 1.600000000000000089e+00 -8.170000000000000179e-04 -4.670999999999999805e-03 -9.999890000000000168e-01 1.181760000000000033e-01 9.929810000000000025e-01 -4.734999999999999626e-03 9.929919999999999858e-01 -1.181790000000000063e-01 -2.590000000000000071e-04
7.000000000000000000e+00 3.200000000000000000e+01 1.400000000000000000e+01 0.000000000000000000e+00 1.600000000000000089e+00 2.716000000000000098e-03 -2.086999999999999880e-03 -9.999940000000000495e-01 1.189309999999999951e-01 9.929010000000000336e-01 -1.748999999999999904e-03 9.928989999999999760e-01 -1.189260000000000039e-01 2.945000000000000135e-03
4.000000000000000000e+00 1.200000000000000000e+01 1.500000000000000000e+01 0.000000000000000000e+00 1.600000000000000089e+00 4.240000000000000062e-04 -5.890000000000000053e-04 -1.000000000000000000e+00 -4.705190000000000206e-01 -8.823900000000000077e-01 3.209999999999999963e-04 -8.823900000000000077e-01 4.705179999999999918e-01 -6.520000000000000188e-04
7.000000000000000000e+00 1.200000000000000000e+01 1.500000000000000000e+01 0.000000000000000000e+00 1.600000000000000089e+00 -1.048000000000000103e-03 -4.899999999999999842e-05 -9.999989999999999712e-01 -4.723879999999999746e-01 -8.813910000000000355e-01 5.379999999999999583e-04 -8.813900000000000068e-01 4.723879999999999746e-01 8.999999999999999754e-04
1.300000000000000000e+01 1.200000000000000000e+01 1.500000000000000000e+01 0.000000000000000000e+00 1.600000000000000089e+00 -2.080999999999999951e-03 -1.337999999999999997e-03 -9.999970000000000248e-01 -4.736799999999999899e-01 -8.806950000000000056e-01 2.164000000000000125e-03 -8.806950000000000056e-01 4.736830000000000207e-01 1.198999999999999979e-03
1.700000000000000000e+01 1.200000000000000000e+01 1.500000000000000000e+01 0.000000000000000000e+00 1.600000000000000089e+00 -2.290000000000000098e-04 3.190000000000000019e-04 -1.000000000000000000e+00 -4.741969999999999796e-01 -8.804189999999999516e-01 -1.730000000000000038e-04 -8.804189999999999516e-01 4.741969999999999796e-01 3.530000000000000152e-04
2.800000000000000000e+01 1.200000000000000000e+01 1.500000000000000000e+01 0.000000000000000000e+00 1.600000000000000089e+00 -2.339999999999999958e-04 -2.557999999999999944e-03 -9.999970000000000248e-01 -4.707450000000000245e-01 -8.822659999999999947e-01 2.367000000000000180e-03 -8.822689999999999699e-01 4.707439999999999958e-01 -9.979999999999999722e-04
1.300000000000000000e+01 1.100000000000000000e+01 1.600000000000000000e+01 0.000000000000000000e+00 1.600000000000000089e+00 -1.600999999999999993e-03 -1.842000000000000104e-03 -9.999970000000000248e-01 -4.216550000000000020e-01 -9.067530000000000312e-01 2.344999999999999862e-03 -9.067549999999999777e-01 4.216579999999999773e-01 6.750000000000000357e-04
1.100000000000000000e+01 1.160000000000000000e+02 1.600000000000000000e+01 0.000000000000000000e+00 1.600000000000000089e+00 -2.011000000000000201e-03 4.029999999999999837e-04 9.999980000000000535e-01 6.704510000000000192e-01 7.419529999999999736e-01 1.049999999999999935e-03 -7.419510000000000272e-01 6.704520000000000479e-01 -1.761999999999999894e-03
1.800000000000000000e+01 1.160000000000000000e+02 1.600000000000000000e+01 0.000000000000000000e+00 1.600000000000000089e+00 1.048000000000000103e-03 1.814000000000000074e-03 9.999980000000000535e-01 6.910680000000000156e-01 7.227869999999999573e-01 -2.034999999999999917e-03 -7.227890000000000148e-01 6.910690000000000444e-01 -4.960000000000000216e-04
2.600000000000000000e+01 1.160000000000000000e+02 1.600000000000000000e+01 0.000000000000000000e+00 1.600000000000000089e+00 -1.311000000000000099e-03 -1.994999999999999812e-03 9.999970000000000248e-01 6.705259999999999554e-01 7.418829999999999592e-01 2.358999999999999986e-03 -7.418850000000000167e-01 6.705269999999999841e-01 3.649999999999999816e-04
1.000000000000000000e+00 2.000000000000000000e+00 1.900000000000000000e+01 0.000000000000000000e+00 1.600000000000000089e+00 -2.896000000000000137e-03 -5.334000000000000200e-03 -9.999820000000000375e-01 2.111979999999999968e-01 -9.774319999999999675e-01 4.602000000000000188e-03 -9.774389999999999468e-01 -2.111810000000000076e-01 3.956999999999999580e-03
6.000000000000000000e+00 2.000000000000000000e+00 1.900000000000000000e+01 0.000000000000000000e+00 1.600000000000000089e+00 -1.129999999999999955e-04 -2.148999999999999869e-03 -9.999980000000000535e-01 2.105029999999999957e-01 -9.775909999999999878e-01 2.076999999999999853e-03 -9.775930000000000453e-01 -2.105019999999999947e-01 5.630000000000000239e-04
1.000000000000000000e+01 2.000000000000000000e+00 1.900000000000000000e+01 0.000000000000000000e+00 1.600000000000000089e+00 4.949999999999999973e-04 -4.994000000000000175e-03 -9.999869999999999592e-01 2.152030000000000054e-01 -9.765570000000000084e-01 4.982999999999999582e-03 -9.765690000000000204e-01 -2.152030000000000054e-01 5.910000000000000539e-04
1.400000000000000000e+01 2.000000000000000000e+00 1.900000000000000000e+01 0.000000000000000000e+00 1.600000000000000089e+00 7.680000000000000195e-04 -1.375600000000000087e-02 -9.999050000000000438e-01 2.197929999999999884e-01 -9.754519999999999857e-01 1.358900000000000038e-02 -9.755460000000000242e-01 -2.197830000000000061e-01 2.275000000000000112e-03
1.700000000000000000e+01 2.000000000000000000e+00 1.900000000000000000e+01 0.000000000000000000e+00 1.600000000000000089e+00 -8.090000000000000403e-04 -1.002800000000000046e-02 -9.999489999999999768e-01 2.207679999999999920e-01 -9.752790000000000070e-01 9.601999999999999424e-03 -9.753260000000000263e-01 -2.207490000000000008e-01 3.003000000000000027e-03
2.700000000000000000e+01 2.000000000000000000e+00 1.900000000000000000e+01 0.000000000000000000e+00 1.600000000000000089e+00 5.081999999999999712e-03 3.350999999999999812e-03 -9.999820000000000375e-01 2.151409999999999989e-01 -9.765810000000000324e-01 -2.178999999999999947e-03 -9.765700000000000491e-01 -2.151260000000000117e-01 -5.683999999999999816e-03
7.000000000000000000e+00 1.300000000000000000e+01 2.000000000000000000e+01 0.000000000000000000e+00 1.600000000000000089e+00 7.899999999999999579e-05 1.920000000000000049e-04 1.000000000000000000e+00 2.590089999999999892e-01 9.658750000000000391e-01 -2.059999999999999928e-04 -9.658750000000000391e-01 2.590089999999999892e-01 2.699999999999999899e-05
1.100000000000000000e+01 1.300000000000000000e+01 2.000000000000000000e+01 0.000000000000000000e+00 1.600000000000000089e+00 -8.769999999999999584e-04 2.811999999999999830e-03 9.999959999999999960e-01 2.608880000000000088e-01 9.653659999999999464e-01 -2.485999999999999929e-03 -9.653690000000000326e-01 2.608849999999999780e-01 -1.580000000000000024e-03
1.500000000000000000e+01 1.300000000000000000e+01 2.000000000000000000e+01 0.000000000000000000e+00 1.600000000000000089e+00 -6.489999999999999459e-04 2.207999999999999893e-03 9.999970000000000248e-01 2.607679999999999998e-01 9.653990000000000071e-01 -1.962000000000000202e-03 -9.654009999999999536e-01 2.607659999999999978e-01 -1.201999999999999943e-03
1.800000000000000000e+01 1.300000000000000000e+01 2.000000000000000000e+01 0.000000000000000000e+00 1.600000000000000089e+00 -3.190000000000000019e-04 1.348999999999999939e-03 9.999989999999999712e-01 2.606220000000000203e-01 9.654399999999999649e-01 -1.219000000000000031e-03 -9.654409999999999936e-01 2.606209999999999916e-01 -6.599999999999999964e-04
2.700000000000000000e+01 1.300000000000000000e+01 2.000000000000000000e+01 0.000000000000000000e+00 1.600000000000000089e+00 -1.389999999999999905e-04 3.474000000000000091e-03 9.999940000000000495e-01 2.612900000000000222e-01 9.652549999999999741e-01 -3.317000000000000070e-03 -9.652600000000000069e-01 2.612869999999999915e-01 -1.041999999999999958e-03
4.000000000000000000e+00 1.600000000000000000e+01 2.100000000000000000e+01 0.000000000000000000e+00 1.600000000000000089e+00 -4.939999999999999730e-04 -1.201000000000000028e-03 9.999989999999999712e-01 3.017130000000000090e-01 9.533979999999999677e-01 1.294000000000000011e-03 -9.533989999999999965e-01 3.017139999999999822e-01 -1.090000000000000067e-04
1.500000000000000000e+01 1.600000000000000000e+01 2.100000000000000000e+01 0.000000000000000000e+00 1.600000000000000089e+00 -1.131000000000000061e-03 1.302999999999999905e-03 9.999989999999999712e-01 3.021209999999999729e-01 9.532690000000000330e-01 -8.999999999999999754e-04 -9.532690000000000330e-01 3.021199999999999997e-01 -1.472000000000000001e-03
2.100000000000000000e+01 1.600000000000000000e+01 2.100000000000000000e+01 0.000000000000000000e+00 1.600000000000000089e+00 3.890000000000000228e-04 3.393999999999999882e-03 9.999940000000000495e-01 3.023680000000000256e-01 9.531849999999999490e-01 -3.353000000000000078e-03 -9.531910000000000105e-01 3.023680000000000256e-01 -6.549999999999999833e-04
2.700000000000000000e+01 1.600000000000000000e+01 2.100000000000000000e+01 0.000000000000000000e+00 1.600000000000000089e+00 -8.109999999999999805e-04 8.746000000000000302e-03 9.999609999999999888e-01 2.992480000000000140e-01 9.541410000000000169e-01 -8.103000000000000827e-03 -9.541749999999999954e-01 2.992299999999999960e-01 -3.390999999999999917e-03
7.000000000000000000e+00 4.600000000000000000e+01 2.700000000000000000e+01 0.000000000000000000e+00 1.600000000000000089e+00 1.485999999999999908e-03 2.784000000000000016e-03 -9.999949999999999672e-01 6.618540000000000534e-01 7.496270000000000433e-01 3.070999999999999945e-03 7.496310000000000473e-01 -6.618549999999999711e-01 -7.290000000000000473e-04
1.400000000000000000e+01 4.600000000000000000e+01 2.700000000000000000e+01 0.000000000000000000e+00 1.600000000000000089e+00 -4.028999999999999596e-03 -3.122999999999999908e-03 -9.999869999999999592e-01 6.592149999999999954e-01 7.519379999999999953e-01 -5.003999999999999768e-03 7.519439999999999458e-01 -6.592259999999999787e-01 -9.700000000000000505e-04
1.900000000000000000e+01 4.600000000000000000e+01 2.700000000000000000e+01 0.000000000000000000e+00 1.600000000000000089e+00 6.960000000000000041e-04 1.479000000000000063e-03 -9.999989999999999712e-01 6.579239999999999533e-01 7.530829999999999469e-01 1.572000000000000047e-03 7.530839999999999756e-01 -6.579239999999999533e-01 -4.490000000000000176e-04
8.000000000000000000e+00 4.600000000000000000e+01 3.000000000000000000e+01 0.000000000000000000e+00 1.600000000000000089e+00 9.520000000000000467e-04 1.028000000000000051e-03 -9.999989999999999712e-01 3.218210000000000237e-01 9.467999999999999750e-01 1.280000000000000105e-03 9.467999999999999750e-01 -3.218219999999999970e-01 5.710000000000000015e-04
1.200000000000000000e+01 4.600000000000000000e+01 3.000000000000000000e+01 0.000000000000000000e+00 1.600000000000000089e+00 -1.311000000000000099e-03 -3.648999999999999900e-03 -9.999919999999999920e-01 3.179890000000000216e-01 9.480870000000000131e-01 -3.876000000000000105e-03 9.480939999999999923e-01 -3.179910000000000236e-01 -8.299999999999999815e-05
1.800000000000000000e+01 4.600000000000000000e+01 3.000000000000000000e+01 0.000000000000000000e+00 1.600000000000000089e+00 -1.920000000000000049e-04 8.170000000000000179e-04 -1.000000000000000000e+00 3.187860000000000138e-01 9.478269999999999751e-01 7.140000000000000079e-04 9.478269999999999751e-01 -3.187849999999999850e-01 -4.420000000000000101e-04
2.200000000000000000e+01 4.600000000000000000e+01 3.000000000000000000e+01 0.000000000000000000e+00 1.600000000000000089e+00 1.348999999999999939e-03 -1.090000000000000067e-04 -9.999989999999999712e-01 3.241780000000000217e-01 9.459959999999999480e-01 3.339999999999999870e-04 9.459950000000000303e-01 -3.241780000000000217e-01 1.312000000000000015e-03
3.000000000000000000e+01 4.600000000000000000e+01 3.000000000000000000e+01 0.000000000000000000e+00 1.600000000000000089e+00 -1.579999999999999916e-04 2.615999999999999836e-03 -9.999970000000000248e-01 3.252120000000000011e-01 9.456379999999999786e-01 2.422000000000000108e-03 9.456409999999999538e-01 -3.252109999999999723e-01 -1.000000000000000021e-03
3.000000000000000000e+00 5.800000000000000000e+01 3.100000000000000000e+01 0.000000000000000000e+00 1.600000000000000089e+00 -1.259999999999999998e-04 -3.850000000000000124e-03 9.999930000000000208e-01 -7.747000000000000552e-01 -6.323239999999999972e-01 -2.531999999999999963e-03 6.323290000000000299e-01 -7.746950000000000225e-01 -2.903000000000000198e-03
6.000000000000000000e+00 5.800000000000000000e+01 3.100000000000000000e+01 0.000000000000000000e+00 1.600000000000000089e+00 2.167000000000000089e-03 -2.999999999999999737e-04 9.999980000000000535e-01 -7.758840000000000181e-01 -6.308740000000000459e-01 1.492000000000000054e-03 6.308719999999999883e-01 -7.758850000000000469e-01 -1.598999999999999944e-03
1.400000000000000000e+01 5.800000000000000000e+01 3.100000000000000000e+01 0.000000000000000000e+00 1.600000000000000089e+00 -1.348999999999999939e-03 -2.106999999999999932e-03 9.999970000000000248e-01 -7.791529999999999845e-01 -6.268289999999999695e-01 -2.371999999999999977e-03 6.268319999999999448e-01 -7.791540000000000132e-01 -7.960000000000000495e-04
2.000000000000000000e+01 5.800000000000000000e+01 3.100000000000000000e+01 0.000000000000000000e+00 1.600000000000000089e+00 -2.175999999999999983e-03 -2.124000000000000020e-03 9.999949999999999672e-01 -7.793029999999999680e-01 -6.266399999999999748e-01 -3.027000000000000177e-03 6.266429999999999501e-01 -7.793060000000000542e-01 -2.919999999999999961e-04
2.200000000000000000e+01 5.800000000000000000e+01 3.100000000000000000e+01 0.000000000000000000e+00 1.600000000000000089e+00 -1.288000000000000082e-03 -1.871999999999999966e-03 9.999970000000000248e-01 -7.809829999999999828e-01 -6.245490000000000208e-01 -2.174999999999999850e-03 6.245509999999999673e-01 -7.809840000000000115e-01 -6.579999999999999478e-04
5.000000000000000000e+00 4.600000000000000000e+01 3.500000000000000000e+01 0.000000000000000000e+00 1.600000000000000089e+00 -3.699999999999999811e-05 -3.422999999999999828e-03 -9.999940000000000495e-01 3.849989999999999801e-01 -9.229119999999999546e-01 3.144999999999999792e-03 -9.229169999999999874e-01 -3.849969999999999781e-01 1.351999999999999903e-03
9.000000000000000000e+00 4.600000000000000000e+01 3.500000000000000000e+01 0.000000000000000000e+00 1.600000000000000089e+00 3.899999999999999929e-04 -5.766000000000000292e-03 -9.999829999999999552e-01 3.854779999999999873e-01 -9.227009999999999934e-01 5.471000000000000169e-03 -9.227170000000000094e-01 -3.854730000000000101e-01 1.863000000000000073e-03
1.200000000000000000e+01 4.600000000000000000e+01 3.500000000000000000e+01 0.000000000000000000e+00 1.600000000000000089e+00 7.700000000000000139e-05 -1.177000000000000095e-03 -9.999989999999999712e-01 3.851010000000000266e-01 -9.228739999999999721e-01 1.116000000000000021e-03 -9.228750000000000009e-01 -3.851010000000000266e-01 3.820000000000000153e-04
1.800000000000000000e+01 4.600000000000000000e+01 3.500000000000000000e+01 0.000000000000000000e+00 1.600000000000000089e+00 -1.610000000000000103e-04 -1.589999999999999888e-04 -1.000000000000000000e+00 3.858969999999999900e-01 -9.225419999999999732e-01 8.399999999999999535e-05 -9.225419999999999732e-01 -3.858969999999999900e-01 2.100000000000000087e-04
2.200000000000000000e+01 4.600000000000000000e+01 3.500000000000000000e+01 0.000000000000000000e+00 1.600000000000000089e+00 -1.624999999999999925e-03 6.030000000000000204e-04 -9.999980000000000535e-01 3.852829999999999866e-01 -9.227980000000000071e-01 -1.182000000000000108e-03 -9.227969999999999784e-01 -3.852840000000000154e-01 1.268000000000000030e-03
2.700000000000000000e+01 4.600000000000000000e+01 3.500000000000000000e+01 0.000000000000000000e+00 1.600000000000000089e+00 -1.476000000000000098e-03 4.316000000000000392e-03 -9.999900000000000455e-01 3.852769999999999806e-01 -9.227899999999999991e-01 -4.551000000000000358e-03 -9.227999999999999536e-01 -3.852800000000000114e-01 -3.009999999999999980e-04
2.000000000000000000e+00 9.500000000000000000e+01 3.600000000000000000e+01 0.000000000000000000e+00 1.600000000000000089e+00 -6.615000000000000220e-03 -2.423399999999999860e-02 9.996840000000000170e-01 9.971609999999999641e-01 7.482600000000000362e-02 8.413000000000000339e-03 -7.500600000000000322e-02 9.969019999999999548e-01 2.367000000000000007e-02
7.000000000000000000e+00 9.500000000000000000e+01 3.600000000000000000e+01 0.000000000000000000e+00 1.600000000000000089e+00 3.602000000000000167e-03 1.479300000000000059e-02 9.998839999999999950e-01 9.975190000000000445e-01 7.023999999999999688e-02 -4.631999999999999833e-03 -7.030100000000000238e-02 9.974199999999999733e-01 -1.450399999999999953e-02
1.200000000000000000e+01 9.500000000000000000e+01 3.600000000000000000e+01 0.000000000000000000e+00 1.600000000000000089e+00 -1.810000000000000085e-04 -1.069999999999999988e-03 9.999989999999999712e-01 9.975950000000000095e-01 6.930899999999999561e-02 2.539999999999999940e-04 -6.930899999999999561e-02 9.975950000000000095e-01 1.054999999999999948e-03
1.700000000000000000e+01 9.500000000000000000e+01 3.600000000000000000e+01 0.000000000000000000e+00 1.600000000000000089e+00 3.148000000000000190e-03 -1.822800000000000115e-02 9.998289999999999678e-01 9.973940000000000028e-01 7.212999999999999967e-02 -1.825000000000000016e-03 -7.208399999999999530e-02 9.972290000000000321e-01 1.840800000000000075e-02
2.200000000000000000e+01 9.500000000000000000e+01 3.600000000000000000e+01 0.000000000000000000e+00 1.600000000000000089e+00 3.351999999999999945e-03 2.449999999999999921e-03 9.999909999999999632e-01 9.967979999999999619e-01 7.987700000000000355e-02 -3.537000000000000213e-03 -7.988499999999999768e-02 9.968019999999999659e-01 -2.174000000000000151e-03
2.700000000000000000e+01 9.500000000000000000e+01 3.600000000000000000e+01 0.000000000000000000e+00 1.600000000000000089e+00 -2.547999999999999918e-03 -4.238999999999999713e-03 9.999879999999999880e-01 9.965399999999999814e-01 8.305899999999999395e-02 2.890999999999999907e-03 -8.307100000000000595e-02 9.965359999999999774e-01 4.013000000000000074e-03
4.000000000000000000e+00 3.000000000000000000e+00 4.300000000000000000e+01 0.000000000000000000e+00 1.600000000000000089e+00 -1.900000000000000105e-04 1.283000000000000069e-03 -9.999989999999999712e-01 7.361109999999999598e-01 -6.768610000000000460e-01 -1.007999999999999998e-03 -6.768610000000000460e-01 -7.361100000000000421e-01 -8.159999999999999936e-04
7.000000000000000000e+00 3.000000000000000000e+00 4.300000000000000000e+01 0.000000000000000000e+00 1.600000000000000089e+00 -2.066000000000000128e-03 -4.494999999999999864e-03 -9.999879999999999880e-01 7.347460000000000102e-01 -6.783400000000000540e-01 1.531000000000000026e-03 -6.783390000000000253e-01 -7.347339999999999982e-01 4.703999999999999848e-03
1.200000000000000000e+01 3.000000000000000000e+00 4.300000000000000000e+01 0.000000000000000000e+00 1.600000000000000089e+00 -1.570999999999999914e-03 -1.131199999999999914e-02 -9.999350000000000183e-01 7.378900000000000459e-01 -6.748899999999999899e-01 6.475999999999999986e-03 -6.749190000000000467e-01 -7.378310000000000146e-01 9.407000000000000431e-03
1.400000000000000000e+01 3.000000000000000000e+00 4.300000000000000000e+01 0.000000000000000000e+00 1.600000000000000089e+00 -2.618999999999999800e-03 -2.087599999999999872e-02 -9.997789999999999733e-01 7.388719999999999732e-01 -6.737370000000000303e-01 1.213200000000000042e-02 -6.738410000000000233e-01 -7.386770000000000280e-01 1.718899999999999942e-02
2.100000000000000000e+01 3.000000000000000000e+00 4.300000000000000000e+01 0.000000000000000000e+00 1.600000000000000089e+00 -1.783000000000000080e-03 -7.438000000000000167e-03 -9.999710000000000543e-01 7.416540000000000354e-01 -6.707729999999999526e-01 3.667000000000000121e-03 -6.707800000000000429e-01 -7.416260000000000074e-01 6.712000000000000084e-03
2.500000000000000000e+01 3.000000000000000000e+00 4.300000000000000000e+01 0.000000000000000000e+00 1.600000000000000089e+00 -5.999999999999999474e-04 1.126599999999999997e-02 -9.999360000000000470e-01 7.411609999999999587e-01 -6.712789999999999591e-01 -8.007999999999999494e-03 -6.713270000000000071e-01 -7.411189999999999722e-01 -7.946999999999999204e-03
5.000000000000000000e+00 2.900000000000000000e+01 4.400000000000000000e+01 0.000000000000000000e+00 1.600000000000000089e+00 -1.248999999999999893e-03 6.239999999999999887e-04 -9.999989999999999712e-01 6.749239999999999684e-01 7.378869999999999596e-01 -3.820000000000000153e-04 7.378860000000000419e-01 -6.749239999999999684e-01 -1.343000000000000010e-03
9.000000000000000000e+00 2.900000000000000000e+01 4.400000000000000000e+01 0.000000000000000000e+00 1.600000000000000089e+00 -2.364999999999999915e-03 -2.145000000000000205e-03 -9.999949999999999672e-01 6.795269999999999921e-01 7.336430000000000451e-01 -3.180999999999999800e-03 7.336460000000000203e-01 -6.795320000000000249e-01 -2.779999999999999811e-04
1.800000000000000000e+01 2.900000000000000000e+01 4.400000000000000000e+01 0.000000000000000000e+00 1.600000000000000089e+00 -3.327999999999999795e-03 1.026999999999999918e-03 -9.999940000000000495e-01 6.648140000000000160e-01 7.470069999999999766e-01 -1.445000000000000104e-03 7.470010000000000261e-01 -6.648150000000000448e-01 -3.168999999999999942e-03
1.100000000000000000e+01 5.400000000000000000e+01 4.600000000000000000e+01 0.000000000000000000e+00 1.600000000000000089e+00 -5.159999999999999656e-04 -3.628999999999999847e-03 9.999930000000000208e-01 3.289139999999999842e-01 -9.443540000000000267e-01 -3.256999999999999913e-03 9.443599999999999772e-01 3.289099999999999802e-01 1.680999999999999986e-03
8.000000000000000000e+00 7.400000000000000000e+01 4.900000000000000000e+01 0.000000000000000000e+00 1.600000000000000089e+00 -3.148000000000000190e-03 -3.269999999999999795e-04 9.999949999999999672e-01 -9.798940000000000428e-01 1.994960000000000067e-01 -3.018999999999999982e-03 -1.994940000000000047e-01 -9.798989999999999645e-01 -9.489999999999999738e-04
4.000000000000000000e+00 6.300000000000000000e+01 5.400000000000000000e+01 0.000000000000000000e+00 1.600000000000000089e+00 -4.850000000000000253e-04 -2.194999999999999903e-03 9.999970000000000248e-01 -3.592219999999999858e-01 9.332500000000000240e-01 1.874999999999999931e-03 -9.332519999999999705e-01 -3.592210000000000125e-01 -1.240999999999999916e-03
1.200000000000000000e+01 6.300000000000000000e+01 5.400000000000000000e+01 0.000000000000000000e+00 1.600000000000000089e+00 1.179999999999999951e-04 2.644000000000000083e-03 9.999959999999999960e-01 -3.524089999999999723e-01 9.358429999999999804e-01 -2.432999999999999833e-03 -9.358459999999999557e-01 -3.524070000000000258e-01 1.041999999999999958e-03
1.600000000000000000e+01 6.300000000000000000e+01 5.400000000000000000e+01 0.000000000000000000e+00 1.600000000000000089e+00 -1.572999999999999962e-03 1.518999999999999951e-03 9.999980000000000535e-01 -3.500409999999999910e-01 9.367320000000000091e-01 -1.972999999999999927e-03 -9.367330000000000378e-01 -3.500429999999999930e-01 -9.420000000000000205e-04
2.400000000000000000e+01 6.300000000000000000e+01 5.400000000000000000e+01 0.000000000000000000e+00 1.600000000000000089e+00 2.380000000000000117e-04 -1.639999999999999965e-03 9.999989999999999712e-01 -3.481199999999999850e-01 9.374479999999999480e-01 1.619999999999999912e-03 -9.374500000000000055e-01 -3.481199999999999850e-01 -3.480000000000000020e-04
2.800000000000000000e+01 6.300000000000000000e+01 5.400000000000000000e+01 0.000000000000000000e+00 1.600000000000000089e+00 6.880000000000000265e-04 -4.879999999999999898e-04 1.000000000000000000e+00 -3.547919999999999963e-01 9.349450000000000260e-01 7.010000000000000172e-04 -9.349450000000000260e-01 -3.547919999999999963e-01 4.699999999999999859e-04
6.000000000000000000e+00 2.500000000000000000e+01 5.500000000000000000e+01 0.000000000000000000e+00 1.600000000000000089e+00 9.650000000000000374e-04 -1.057999999999999913e-03 -9.999989999999999712e-01 -1.060099999999999931e-02 -9.999430000000000263e-01 1.048000000000000103e-03 -9.999430000000000263e-01 1.060000000000000005e-02 -9.759999999999999796e-04
1.800000000000000000e+01 2.500000000000000000e+01 5.500000000000000000e+01 0.000000000000000000e+00 1.600000000000000089e+00 1.164000000000000104e-03 1.100000000000000066e-03 -9.999989999999999712e-01 -1.082200000000000002e-02 -9.999409999999999688e-01 -1.111999999999999924e-03 -9.999409999999999688e-01 1.082400000000000029e-02 -1.152000000000000029e-03
2.600000000000000000e+01 2.500000000000000000e+01 5.500000000000000000e+01 0.000000000000000000e+00 1.600000000000000089e+00 -1.226000000000000093e-03 -2.460000000000000164e-04 -9.999989999999999712e-01 -9.346999999999999406e-03 -9.999559999999999560e-01 2.570000000000000127e-04 -9.999559999999999560e-01 9.348000000000000406e-03 1.224000000000000045e-03
1.000000000000000000e+01 6.800000000000000000e+01 5.700000000000000000e+01 0.000000000000000000e+00 1.600000000000000089e+00 1.830000000000000029e-03 -2.432000000000000134e-03 -9.999949999999999672e-01 -2.438140000000000029e-01 -9.698200000000000154e-01 1.912999999999999987e-03 -9.698200000000000154e-01 2.438089999999999979e-01 -2.367999999999999879e-03
5.000000000000000000e+00 2.100000000000000000e+01 6.000000000000000000e+01 0.000000000000000000e+00 1.600000000000000089e+00 -1.234999999999999987e-03 3.869999999999999742e-04 9.999989999999999712e-01 -9.478899999999999826e-02 9.954969999999999652e-01 -5.019999999999999506e-04 -9.954969999999999652e-01 -9.478899999999999826e-02 -1.193000000000000050e-03
1.200000000000000000e+01 2.100000000000000000e+01 6.000000000000000000e+01 0.000000000000000000e+00 1.600000000000000089e+00 -3.770000000000000022e-04 -5.714000000000000329e-03 9.999839999999999840e-01 -9.566299999999999804e-02 9.953980000000000050e-01 5.651999999999999906e-03 -9.954140000000000210e-01 -9.565899999999999403e-02 -9.219999999999999680e-04
1.900000000000000000e+01 2.100000000000000000e+01 6.000000000000000000e+01 0.000000000000000000e+00 1.600000000000000089e+00 -1.699999999999999987e-05 1.696999999999999941e-03 9.999989999999999712e-01 -9.661699999999999455e-02 9.953199999999999825e-01 -1.690000000000000096e-03 -9.953220000000000400e-01 -9.661699999999999455e-02 1.469999999999999953e-04
2.200000000000000000e+01 2.100000000000000000e+01 6.000000000000000000e+01 0.000000000000000000e+00 1.600000000000000089e+00 6.769999999999999759e-04 -5.400000000000000286e-03 9.999850000000000128e-01 -9.713900000000000312e-02 9.952560000000000295e-01 5.440000000000000391e-03 -9.952710000000000168e-01 -9.714100000000000512e-02 1.489999999999999897e-04
2.900000000000000000e+01 2.100000000000000000e+01 6.000000000000000000e+01 0.000000000000000000e+00 1.600000000000000089e+00 2.079999999999999872e-04 2.641000000000000118e-03 9.999959999999999960e-01 -9.713900000000000312e-02 9.952670000000000128e-01 -2.608000000000000075e-03 -9.952710000000000168e-01 -9.713800000000000212e-02 4.640000000000000027e-04
1.400000000000000000e+01 6.000000000000000000e+00 6.100000000000000000e+01 0.000000000000000000e+00 1.600000000000000089e+00 1.595000000000000064e-03 6.329000000000000424e-03 9.999789999999999512e-01 5.592420000000000169e-01 -8.289929999999999799e-01 4.355000000000000364e-03 8.290030000000000454e-01 5.592230000000000256e-01 -4.862000000000000002e-03
1.600000000000000000e+01 4.000000000000000000e+00 6.200000000000000000e+01 0.000000000000000000e+00 1.600000000000000089e+00 -1.587000000000000086e-03 -2.154000000000000099e-03 9.999959999999999960e-01 -6.131079999999999863e-01 7.899990000000000068e-01 7.290000000000000473e-04 -7.899969999999999493e-01 -6.131050000000000111e-01 -2.573999999999999899e-03
7.000000000000000000e+00 3.000000000000000000e+00 6.300000000000000000e+01 0.000000000000000000e+00 1.600000000000000089e+00 3.089999999999999756e-04 -3.798999999999999860e-03 9.999930000000000208e-01 -6.108120000000000216e-01 7.917689999999999451e-01 3.197000000000000189e-03 -7.917760000000000353e-01 -6.108090000000000463e-01 -2.076000000000000154e-03
2.800000000000000000e+01 3.000000000000000000e+00 6.300000000000000000e+01 0.000000000000000000e+00 1.600000000000000089e+00 2.590000000000000071e-04 6.712000000000000084e-03 9.999770000000000048e-01 -6.106580000000000341e-01 7.918779999999999708e-01 -5.157000000000000126e-03 -7.918939999999999868e-01 -6.106430000000000469e-01 4.303999999999999666e-03
3.000000000000000000e+00 2.700000000000000000e+01 6.300000000000000000e+01 0.000000000000000000e+00 1.600000000000000089e+00 -6.870000000000000022e-04 -5.389999999999999826e-04 1.000000000000000000e+00 -2.785110000000000086e-01 9.604329999999999812e-01 3.260000000000000094e-04 -9.604329999999999812e-01 -2.785110000000000086e-01 -8.099999999999999561e-04
9.000000000000000000e+00 2.700000000000000000e+01 6.300000000000000000e+01 0.000000000000000000e+00 1.600000000000000089e+00 1.320000000000000101e-04 -5.327000000000000138e-03 9.999860000000000415e-01 -2.790239999999999942e-01 9.602699999999999569e-01 5.152999999999999595e-03 -9.602840000000000265e-01 -2.790210000000000190e-01 -1.360000000000000098e-03
1.200000000000000000e+01 2.700000000000000000e+01 6.300000000000000000e+01 0.000000000000000000e+00 1.600000000000000089e+00 5.039999999999999992e-04 -2.112000000000000162e-03 9.999980000000000535e-01 -2.778619999999999979e-01 9.606179999999999719e-01 2.168999999999999921e-03 -9.606209999999999471e-01 -2.778630000000000266e-01 -1.029999999999999964e-04
1.600000000000000000e+01 2.700000000000000000e+01 6.300000000000000000e+01 0.000000000000000000e+00 1.600000000000000089e+00 -6.740000000000000114e-04 4.510000000000000120e-04 1.000000000000000000e+00 -2.755210000000000159e-01 9.612950000000000106e-01 -6.189999999999999756e-04 -9.612950000000000106e-01 -2.755219999999999891e-01 -5.230000000000000274e-04
2.000000000000000000e+01 2.700000000000000000e+01 6.300000000000000000e+01 0.000000000000000000e+00 1.600000000000000089e+00 4.300000000000000165e-05 1.100000000000000039e-04 1.000000000000000000e+00 -2.757830000000000004e-01 9.612199999999999633e-01 -9.299999999999999727e-05 -9.612199999999999633e-01 -2.757830000000000004e-01 7.200000000000000182e-05
2.300000000000000000e+01 2.700000000000000000e+01 6.300000000000000000e+01 0.000000000000000000e+00 1.600000000000000089e+00 -2.570000000000000127e-04 -5.339999999999999695e-04 1.000000000000000000e+00 -2.770599999999999730e-01 9.608520000000000394e-01 4.409999999999999858e-04 -9.608529999999999571e-01 -2.770599999999999730e-01 -3.950000000000000061e-04
