1.700000000000000000e+01 2.500000000000000000e+01 1.000000000000000000e+00 0.000000000000000000e+00 1.600000000000000089e+00 4.506999999999999722e-03 6.823000000000000072e-03 -9.999670000000000503e-01 -5.215889999999999693e-01 -8.531579999999999719e-01 -8.172000000000000444e-03 -8.531849999999999712e-01 5.216089999999999893e-01 -2.860000000000000129e-04
2.300000000000000000e+01 2.500000000000000000e+01 1.000000000000000000e+00 0.000000000000000000e+00 1.600000000000000089e+00 -2.177999999999999815e-03 -1.053800000000000049e-02 -9.999419999999999975e-01 -5.182160000000000100e-01 -8.551900000000000057e-01 1.014100000000000071e-02 -8.552469999999999795e-01 5.182080000000000020e-01 -3.598000000000000070e-03
1.900000000000000000e+01 1.900000000000000000e+01 5.000000000000000000e+00 0.000000000000000000e+00 1.600000000000000089e+00 1.423999999999999919e-03 2.367000000000000180e-03 -9.999959999999999960e-01 -6.926639999999999464e-01 -7.212549999999999795e-01 -2.693000000000000081e-03 -7.212589999999999835e-01 6.926660000000000039e-01 6.130000000000000466e-04
2.200000000000000000e+01 1.900000000000000000e+01 5.000000000000000000e+00 0.000000000000000000e+00 1.600000000000000089e+00 8.399999999999999535e-05 -8.347000000000000253e-03 -9.999649999999999928e-01 -6.927919999999999634e-01 -7.211130000000000040e-01 5.961000000000000153e-03 -7.211379999999999457e-01 6.927670000000000217e-01 -5.843000000000000103e-03
2.600000000000000000e+01 1.900000000000000000e+01 5.000000000000000000e+00 0.000000000000000000e+00 1.600000000000000089e+00 7.389999999999999651e-04 -3.580999999999999982e-03 -9.999930000000000208e-01 -6.942869999999999875e-01 -7.196949999999999736e-01 2.063999999999999863e-03 -7.196979999999999489e-01 6.942810000000000370e-01 -3.017999999999999849e-03
1.400000000000000000e+01 1.010000000000000000e+02 7.000000000000000000e+00 0.000000000000000000e+00 1.600000000000000089e+00 8.710000000000000294e-04 -7.360000000000000223e-03 9.999730000000000008e-01 8.897070000000000256e-01 4.565239999999999854e-01 2.586000000000000191e-03 -4.565310000000000201e-01 8.896810000000000551e-01 6.945999999999999917e-03
2.500000000000000000e+01 1.010000000000000000e+02 7.000000000000000000e+00 0.000000000000000000e+00 1.600000000000000089e+00 1.639000000000000049e-03 -1.454899999999999943e-02 9.998930000000000318e-01 8.827239999999999531e-01 4.698620000000000019e-01 5.389999999999999826e-03 -4.698899999999999744e-01 8.826199999999999601e-01 1.361200000000000083e-02
4.000000000000000000e+00 2.500000000000000000e+01 8.000000000000000000e+00 0.000000000000000000e+00 1.600000000000000089e+00 7.249999999999999500e-04 4.441999999999999768e-03 -9.999900000000000455e-01 4.377670000000000172e-01 8.990780000000000438e-01 4.311999999999999861e-03 8.990879999999999983e-01 -4.377659999999999885e-01 -1.293000000000000095e-03
1.300000000000000000e+01 2.500000000000000000e+01 8.000000000000000000e+00 0.000000000000000000e+00 1.600000000000000089e+00 -2.419000000000000143e-03 -4.160999999999999768e-03 -9.999879999999999880e-01 4.396809999999999885e-01 8.981409999999999672e-01 -4.800999999999999712e-03 8.981510000000000327e-01 -4.396880000000000233e-01 -3.440000000000000132e-04
1.700000000000000000e+01 2.500000000000000000e+01 8.000000000000000000e+00 0.000000000000000000e+00 1.600000000000000089e+00 -3.383999999999999855e-03 -4.821999999999999897e-03 -9.999829999999999552e-01 4.404449999999999754e-01 8.977610000000000312e-01 -5.819999999999999653e-03 8.977730000000000432e-01 -4.404569999999999874e-01 -9.139999999999999904e-04
2.000000000000000000e+01 2.500000000000000000e+01 8.000000000000000000e+00 0.000000000000000000e+00 1.600000000000000089e+00 -1.495000000000000018e-03 -8.208000000000000018e-03 -9.999649999999999928e-01 4.396599999999999953e-01 8.981280000000000374e-01 -8.028999999999999679e-03 8.981630000000000447e-01 -4.396570000000000200e-01 2.265999999999999785e-03
2.500000000000000000e+01 2.500000000000000000e+01 8.000000000000000000e+00 0.000000000000000000e+00 1.600000000000000089e+00 1.093000000000000005e-03 -8.118999999999999481e-03 -9.999660000000000215e-01 4.377510000000000012e-01 8.990700000000000358e-01 -6.821999999999999939e-03 8.990960000000000063e-01 -4.377289999999999792e-01 4.537000000000000234e-03
2.900000000000000000e+01 2.500000000000000000e+01 8.000000000000000000e+00 0.000000000000000000e+00 1.600000000000000089e+00 2.900000000000000017e-05 -1.294000000000000011e-03 -9.999989999999999712e-01 4.387880000000000114e-01 8.985899999999999999e-01 -1.149999999999999981e-03 8.985910000000000286e-01 -4.387880000000000114e-01 5.940000000000000184e-04
3.000000000000000000e+00 9.000000000000000000e+00 9.000000000000000000e+00 0.000000000000000000e+00 1.600000000000000089e+00 -7.531499999999999306e-02 -5.840499999999999858e-02 -9.954479999999999995e-01 -9.433489999999999931e-01 -3.193329999999999780e-01 9.010899999999999466e-02 -3.231419999999999848e-01 9.458410000000000428e-01 -3.104499999999999968e-02
4.000000000000000000e+00 2.400000000000000000e+01 9.000000000000000000e+00 0.000000000000000000e+00 1.600000000000000089e+00 6.470000000000000057e-04 4.978999999999999919e-03 -9.999869999999999592e-01 4.438810000000000255e-01 8.960730000000000084e-01 4.748999999999999749e-03 8.960860000000000491e-01 -4.438779999999999948e-01 -1.631000000000000071e-03
8.000000000000000000e+00 2.400000000000000000e+01 9.000000000000000000e+00 0.000000000000000000e+00 1.600000000000000089e+00 -7.499999999999999343e-05 2.100000000000000087e-04 -1.000000000000000000e+00 4.431339999999999724e-01 8.964550000000000018e-01 1.550000000000000000e-04 8.964550000000000018e-01 -4.431339999999999724e-01 -1.600000000000000131e-04
1.100000000000000000e+01 2.400000000000000000e+01 9.000000000000000000e+00 0.000000000000000000e+00 1.600000000000000089e+00 -1.685000000000000083e-03 -3.487000000000000082e-03 -9.999919999999999920e-01 4.446140000000000092e-01 8.957140000000000102e-01 -3.872000000000000008e-03 8.957199999999999607e-01 -4.446180000000000132e-01 4.100000000000000047e-05
1.700000000000000000e+01 2.400000000000000000e+01 9.000000000000000000e+00 0.000000000000000000e+00 1.600000000000000089e+00 -2.736000000000000151e-03 -6.714999999999999615e-03 -9.999740000000000295e-01 4.467610000000000192e-01 8.946239999999999748e-01 -7.230000000000000315e-03 8.946490000000000276e-01 -4.467690000000000272e-01 5.529999999999999976e-04
2.000000000000000000e+01 2.400000000000000000e+01 9.000000000000000000e+00 0.000000000000000000e+00 1.600000000000000089e+00 -5.540000000000000219e-04 -9.709000000000000616e-03 -9.999529999999999808e-01 4.460359999999999880e-01 8.949709999999999610e-01 -8.937000000000000499e-03 8.950150000000000050e-01 -4.460189999999999988e-01 3.834999999999999867e-03
2.400000000000000000e+01 2.400000000000000000e+01 9.000000000000000000e+00 0.000000000000000000e+00 1.600000000000000089e+00 1.399000000000000070e-03 -1.024800000000000016e-02 -9.999470000000000303e-01 4.446439999999999837e-01 8.956659999999999622e-01 -8.557000000000000370e-03 8.957060000000000022e-01 -4.446080000000000032e-01 5.810000000000000060e-03
3.000000000000000000e+01 2.400000000000000000e+01 9.000000000000000000e+00 0.000000000000000000e+00 1.600000000000000089e+00 4.070000000000000267e-04 1.711000000000000064e-03 -9.999980000000000535e-01 4.447189999999999754e-01 8.956690000000000484e-01 1.714000000000000029e-03 8.956699999999999662e-01 -4.447189999999999754e-01 -3.959999999999999762e-04
1.600000000000000000e+01 7.000000000000000000e+00 1.000000000000000000e+01 0.000000000000000000e+00 1.600000000000000089e+00 -5.871900000000000036e-02 -3.833299999999999902e-02 -9.975380000000000358e-01 -9.862880000000000535e-01 -1.521609999999999907e-01 6.390300000000000147e-02 -1.542360000000000120e-01 9.876120000000000454e-01 -2.887199999999999836e-02
2.000000000000000000e+01 7.000000000000000000e+00 1.000000000000000000e+01 0.000000000000000000e+00 1.600000000000000089e+00 5.329999999999999669e-03 -6.853999999999999850e-03 -9.999620000000000175e-01 -9.911459999999999715e-01 -1.327049999999999896e-01 -4.373000000000000151e-03 -1.326700000000000101e-01 9.911320000000000130e-01 -7.500999999999999855e-03
1.500000000000000000e+01 3.000000000000000000e+00 1.100000000000000000e+01 0.000000000000000000e+00 1.600000000000000089e+00 -6.949999999999999798e-04 -7.528999999999999582e-02 9.971609999999999641e-01 1.378369999999999873e-01 -9.876509999999999456e-01 -7.447600000000000053e-02 9.904549999999999743e-01 1.373939999999999884e-01 1.106399999999999918e-02
2.100000000000000000e+01 3.000000000000000000e+00 1.100000000000000000e+01 0.000000000000000000e+00 1.600000000000000089e+00 -1.461000000000000059e-03 1.862000000000000113e-02 9.998259999999999925e-01 1.209540000000000060e-01 -9.924830000000000041e-01 1.865999999999999950e-02 9.926570000000000116e-01 1.209599999999999981e-01 -8.030000000000000028e-04
1.100000000000000000e+01 3.200000000000000000e+01 1.400000000000000000e+01 0.000000000000000000e+00 1.600000000000000089e+00 1.033000000000000064e-03 -1.531000000000000026e-03 -9.999980000000000535e-01 1.169800000000000006e-01 9.931330000000000435e-01 -1.399999999999999986e-03 9.931339999999999613e-01 -1.169779999999999986e-01 1.204999999999999908e-03
1.500000000000000000e+01 3.200000000000000000e+01 1.400000000000000000e+01 0.000000000000000000e+00 1.600000000000000089e+00 2.930000000000000204e-04 2.726999999999999823e-03 -9.999959999999999960e-01 1.179349999999999982e-01 9.930179999999999563e-01 2.743000000000000212e-03 9.930210000000000425e-01 -1.179349999999999982e-01 -3.100000000000000135e-05
1.900000000000000000e+01 3.200000000000000000e+01 1.400000000000000000e+01 0.000000000000000000e+00 1.600000000000000089e+00 6.960000000000000041e-04 2.351999999999999924e-03 -9.999970000000000248e-01 1.196119999999999961e-01 9.928179999999999783e-01 2.418000000000000010e-03 9.928200000000000358e-01 -1.196129999999999971e-01 4.090000000000000211e-04
2.200000000000000000e+01 3.200000000000000000e+01 1.400000000000000000e+01 0.000000000000000000e+00 1.600000000000000089e+00 3.115999999999999846e-03 -2.606999999999999942e-03 -9.999919999999999920e-01 1.200969999999999954e-01 9.927599999999999758e-01 -2.213999999999999822e-03 9.927570000000000006e-01 -1.200890000000000013e-01 3.406000000000000173e-03
2.600000000000000000e+01 3.200000000000000000e+01 1.400000000000000000e+01 0.000000000000000000e+00 1.600000000000000089e+00 1.840000000000000056e-03 -5.586999999999999952e-03 -9.999829999999999552e-01 1.192340000000000066e-01 9.928519999999999568e-01 -5.328000000000000271e-03 9.928639999999999688e-01 -1.192219999999999946e-01 2.492999999999999990e-03
6.000000000000000000e+00 1.160000000000000000e+02 1.600000000000000000e+01 0.000000000000000000e+00 1.600000000000000089e+00 1.544999999999999932e-03 4.538999999999999632e-03 9.999879999999999880e-01 7.166470000000000340e-01 6.974230000000000151e-01 -4.272999999999999889e-03 -6.974350000000000271e-01 7.166449999999999765e-01 -2.175999999999999983e-03
1.200000000000000000e+01 1.160000000000000000e+02 1.600000000000000000e+01 0.000000000000000000e+00 1.600000000000000089e+00 -4.620000000000000083e-04 1.900999999999999912e-03 9.999980000000000535e-01 7.056090000000000417e-01 7.086010000000000364e-01 -1.020999999999999989e-03 -7.086010000000000364e-01 7.056069999999999842e-01 -1.668999999999999911e-03
1.800000000000000000e+01 1.160000000000000000e+02 1.600000000000000000e+01 0.000000000000000000e+00 1.600000000000000089e+00 -3.804999999999999789e-03 -4.028000000000000330e-03 9.999850000000000128e-01 7.365319999999999645e-01 6.763799999999999812e-01 5.526999999999999795e-03 -6.763919999999999932e-01 7.365420000000000300e-01 3.930000000000000117e-04
1.000000000000000000e+01 2.000000000000000000e+00 1.900000000000000000e+01 0.000000000000000000e+00 1.600000000000000089e+00 9.860000000000000708e-03 -5.233100000000000251e-02 -9.985810000000000519e-01 3.640970000000000040e-01 -9.298899999999999944e-01 5.232699999999999851e-02 -9.313090000000000535e-01 -3.640959999999999752e-01 9.884999999999999690e-03
2.000000000000000000e+01 2.000000000000000000e+00 1.900000000000000000e+01 0.000000000000000000e+00 1.600000000000000089e+00 -4.360000000000000160e-03 -9.573999999999999178e-03 -9.999449999999999728e-01 3.457660000000000178e-01 -9.382909999999999862e-01 7.476000000000000006e-03 -9.383110000000000062e-01 -3.457140000000000213e-01 7.400999999999999593e-03
3.000000000000000000e+00 3.000000000000000000e+00 1.900000000000000000e+01 0.000000000000000000e+00 1.600000000000000089e+00 8.822999999999999246e-03 -4.435100000000000153e-02 -9.989770000000000039e-01 3.399599999999999844e-01 -9.393770000000000175e-01 4.470699999999999674e-02 -9.403989999999999849e-01 -3.400059999999999749e-01 6.788999999999999896e-03
2.300000000000000000e+01 3.000000000000000000e+00 1.900000000000000000e+01 0.000000000000000000e+00 1.600000000000000089e+00 -7.738000000000000086e-03 1.262500000000000080e-02 -9.998899999999999455e-01 3.125260000000000260e-01 -9.497999999999999776e-01 -1.441100000000000020e-02 -9.498780000000000001e-01 -3.126039999999999930e-01 3.403999999999999908e-03
2.600000000000000000e+01 3.000000000000000000e+00 1.900000000000000000e+01 0.000000000000000000e+00 1.600000000000000089e+00 -5.244000000000000397e-03 2.448900000000000035e-02 -9.996859999999999635e-01 3.188460000000000183e-01 -9.474799999999999889e-01 -2.488299999999999887e-02 -9.477919999999999678e-01 -3.188770000000000215e-01 -2.840000000000000076e-03
1.700000000000000000e+01 4.000000000000000000e+00 2.000000000000000000e+01 0.000000000000000000e+00 1.600000000000000089e+00 -8.199999999999999824e-04 -1.442700000000000059e-02 -9.998960000000000070e-01 3.275109999999999966e-01 -9.447529999999999539e-01 1.336299999999999988e-02 -9.448469999999999924e-01 -3.274650000000000061e-01 5.499999999999999681e-03
3.000000000000000000e+00 1.300000000000000000e+01 2.000000000000000000e+01 0.000000000000000000e+00 1.600000000000000089e+00 1.915999999999999951e-03 -3.250999999999999984e-03 9.999930000000000208e-01 2.596859999999999724e-01 9.656900000000000484e-01 2.641999999999999817e-03 -9.656909999999999661e-01 2.596789999999999932e-01 2.694999999999999913e-03
6.000000000000000000e+00 1.300000000000000000e+01 2.000000000000000000e+01 0.000000000000000000e+00 1.600000000000000089e+00 1.146000000000000100e-03 -8.543999999999999512e-03 9.999630000000000463e-01 2.579520000000000146e-01 9.661250000000000115e-01 7.960000000000000062e-03 -9.661570000000000435e-01 2.579330000000000234e-01 3.311000000000000141e-03
1.200000000000000000e+01 1.300000000000000000e+01 2.000000000000000000e+01 0.000000000000000000e+00 1.600000000000000089e+00 -1.364999999999999894e-03 -1.969999999999999909e-04 9.999989999999999712e-01 2.599069999999999991e-01 9.656329999999999636e-01 5.450000000000000200e-04 -9.656329999999999636e-01 2.599079999999999724e-01 -1.266999999999999897e-03
1.800000000000000000e+01 1.300000000000000000e+01 2.000000000000000000e+01 0.000000000000000000e+00 1.600000000000000089e+00 -2.256000000000000193e-03 -1.536000000000000039e-03 9.999959999999999960e-01 2.627840000000000176e-01 9.648529999999999607e-01 2.073999999999999889e-03 -9.648520000000000429e-01 2.627869999999999928e-01 -1.773000000000000053e-03
2.300000000000000000e+01 1.300000000000000000e+01 2.000000000000000000e+01 0.000000000000000000e+00 1.600000000000000089e+00 -9.810000000000001011e-04 -3.190000000000000019e-04 9.999989999999999712e-01 2.618750000000000244e-01 9.651020000000000154e-01 5.649999999999999641e-04 -9.651009999999999867e-01 2.618759999999999977e-01 -8.639999999999999677e-04
2.700000000000000000e+01 1.300000000000000000e+01 2.000000000000000000e+01 0.000000000000000000e+00 1.600000000000000089e+00 8.899999999999999491e-04 6.134999999999999828e-03 9.999810000000000088e-01 2.590160000000000240e-01 9.658539999999999903e-01 -6.156000000000000014e-03 -9.658729999999999816e-01 2.590160000000000240e-01 -7.299999999999999632e-04
9.000000000000000000e+00 1.600000000000000000e+01 2.100000000000000000e+01 0.000000000000000000e+00 1.600000000000000089e+00 3.550000000000000096e-04 -9.046000000000000221e-03 9.999590000000000423e-01 2.974580000000000002e-01 9.546970000000000178e-01 8.531000000000000388e-03 -9.547350000000000003e-01 2.974430000000000129e-01 3.029000000000000008e-03
1.400000000000000000e+01 1.600000000000000000e+01 2.100000000000000000e+01 0.000000000000000000e+00 1.600000000000000089e+00 -8.610000000000000032e-04 5.823000000000000051e-03 9.999829999999999552e-01 2.982569999999999943e-01 9.544709999999999583e-01 -5.301000000000000156e-03 -9.544850000000000279e-01 2.982469999999999843e-01 -2.559000000000000077e-03
1.900000000000000000e+01 1.600000000000000000e+01 2.100000000000000000e+01 0.000000000000000000e+00 1.600000000000000089e+00 -2.580999999999999961e-03 -4.893999999999999913e-03 9.999850000000000128e-01 2.989189999999999903e-01 9.542629999999999724e-01 5.441999999999999789e-03 -9.542749999999999844e-01 2.989280000000000270e-01 -1.000000000000000021e-03
1.400000000000000000e+01 4.100000000000000000e+01 2.400000000000000000e+01 0.000000000000000000e+00 1.600000000000000089e+00 2.229800000000000115e-01 4.071099999999999719e-02 9.739719999999999489e-01 -9.067020000000000080e-01 3.755970000000000142e-01 1.918799999999999950e-01 -3.580090000000000217e-01 -9.258889999999999620e-01 1.206639999999999935e-01
8.000000000000000000e+00 2.000000000000000000e+00 2.500000000000000000e+01 0.000000000000000000e+00 1.600000000000000089e+00 1.103699999999999994e-02 -4.364500000000000324e-02 9.989860000000000406e-01 7.584299999999999375e-02 -9.961330000000000462e-01 -4.435800000000000159e-02 9.970590000000000286e-01 7.625600000000000434e-02 -7.683999999999999858e-03
9.000000000000000000e+00 3.000000000000000000e+00 2.500000000000000000e+01 0.000000000000000000e+00 1.600000000000000089e+00 2.409999999999999816e-03 -3.641099999999999892e-02 9.993339999999999446e-01 -1.603600000000000164e-02 -9.992100000000000426e-01 -3.636799999999999755e-02 9.998690000000000078e-01 -1.593800000000000078e-02 -2.991999999999999868e-03
1.200000000000000000e+01 3.000000000000000000e+00 2.500000000000000000e+01 0.000000000000000000e+00 1.600000000000000089e+00 -3.163000000000000013e-03 -1.704599999999999865e-02 9.998500000000000165e-01 -2.986499999999999919e-02 -9.994070000000000453e-01 -1.713299999999999892e-02 9.995490000000000208e-01 -2.991399999999999962e-02 2.651999999999999844e-03
2.300000000000000000e+01 3.000000000000000000e+00 2.500000000000000000e+01 0.000000000000000000e+00 1.600000000000000089e+00 -2.601000000000000013e-03 5.523000000000000131e-03 9.999810000000000088e-01 -4.048600000000000115e-02 -9.991649999999999698e-01 5.413000000000000277e-03 9.991769999999999818e-01 -4.047100000000000003e-02 2.821999999999999856e-03
2.000000000000000000e+01 4.300000000000000000e+01 2.600000000000000000e+01 0.000000000000000000e+00 1.600000000000000089e+00 -9.254500000000000226e-02 2.331439999999999901e-01 -9.680290000000000283e-01 9.838519999999999488e-01 -1.281730000000000091e-01 -1.249279999999999974e-01 -1.532010000000000038e-01 -9.639579999999999815e-01 -2.175169999999999881e-01
2.000000000000000000e+00 5.800000000000000000e+01 3.100000000000000000e+01 0.000000000000000000e+00 1.600000000000000089e+00 6.518999999999999621e-03 3.069000000000000113e-03 9.999740000000000295e-01 -8.097379999999999578e-01 -5.867489999999999650e-01 7.079000000000000223e-03 5.867560000000000553e-01 -8.097630000000000106e-01 -1.340000000000000045e-03
6.000000000000000000e+00 5.800000000000000000e+01 3.100000000000000000e+01 0.000000000000000000e+00 1.600000000000000089e+00 8.699000000000000135e-03 1.093200000000000074e-02 9.999019999999999575e-01 -8.099549999999999805e-01 -5.863380000000000258e-01 1.345700000000000021e-02 5.864279999999999493e-01 -8.099929999999999630e-01 3.753999999999999958e-03
1.200000000000000000e+01 5.800000000000000000e+01 3.100000000000000000e+01 0.000000000000000000e+00 1.600000000000000089e+00 3.800000000000000209e-04 -5.818000000000000255e-03 9.999829999999999552e-01 -8.101319999999999633e-01 -5.862399999999999833e-01 -3.102999999999999856e-03 5.862479999999999913e-01 -8.101169999999999760e-01 -4.937000000000000416e-03
1.600000000000000000e+01 5.800000000000000000e+01 3.100000000000000000e+01 0.000000000000000000e+00 1.600000000000000089e+00 2.860000000000000129e-04 -6.891999999999999689e-03 9.999759999999999760e-01 -8.087619999999999809e-01 -5.881239999999999801e-01 -3.821999999999999877e-03 5.881359999999999921e-01 -8.087419999999999609e-01 -5.741999999999999708e-03
2.400000000000000000e+01 5.800000000000000000e+01 3.100000000000000000e+01 0.000000000000000000e+00 1.600000000000000089e+00 -5.168999999999999984e-03 1.417999999999999990e-03 9.999860000000000415e-01 -8.081270000000000397e-01 -5.889990000000000503e-01 -3.341999999999999919e-03 5.889860000000000095e-01 -8.081319999999999615e-01 4.190000000000000148e-03
2.200000000000000000e+01 3.700000000000000000e+01 3.500000000000000000e+01 0.000000000000000000e+00 1.600000000000000089e+00 2.129590000000000094e-01 2.372150000000000092e-01 -9.478280000000000038e-01 -4.393310000000000271e-01 -8.432349999999999568e-01 -3.097469999999999946e-01 -8.727179999999999938e-01 4.823740000000000250e-01 -7.535899999999999543e-02
2.300000000000000000e+01 9.500000000000000000e+01 3.600000000000000000e+01 0.000000000000000000e+00 1.600000000000000089e+00 8.543999999999999512e-03 -1.418639999999999901e-01 9.898489999999999789e-01 9.974680000000000213e-01 7.109200000000000241e-02 1.579000000000000108e-03 -7.059500000000000497e-02 9.873300000000000409e-01 1.421119999999999883e-01
3.000000000000000000e+00 4.600000000000000000e+01 4.100000000000000000e+01 0.000000000000000000e+00 1.600000000000000089e+00 -4.878089999999999926e-01 1.750300000000000120e-02 8.727749999999999675e-01 6.048480000000000523e-01 -7.141340000000000465e-01 3.523809999999999998e-01 6.294459999999999500e-01 6.997910000000000519e-01 3.377740000000000187e-01
2.100000000000000000e+01 4.800000000000000000e+01 4.100000000000000000e+01 0.000000000000000000e+00 1.600000000000000089e+00 1.232199999999999962e-01 5.198000000000000363e-03 9.923659999999999703e-01 8.260750000000000037e-01 5.536020000000000385e-01 -1.054719999999999963e-01 -5.499239999999999684e-01 8.327649999999999775e-01 6.392100000000000559e-02
2.300000000000000000e+01 4.800000000000000000e+01 4.200000000000000000e+01 0.000000000000000000e+00 1.600000000000000089e+00 1.240730000000000027e-01 -9.409499999999999809e-02 9.878019999999999579e-01 8.785330000000000084e-01 4.732009999999999827e-01 -6.527199999999999669e-02 -4.612870000000000026e-01 8.759149999999999991e-01 1.413770000000000027e-01
7.000000000000000000e+00 8.000000000000000000e+00 4.400000000000000000e+01 0.000000000000000000e+00 1.600000000000000089e+00 -1.301999999999999989e-03 -1.495000000000000018e-03 9.999980000000000535e-01 -7.907690000000000552e-01 -6.121119999999999894e-01 -1.944999999999999897e-03 6.121140000000000470e-01 -7.907699999999999729e-01 -3.849999999999999798e-04
1.000000000000000000e+01 8.000000000000000000e+00 4.400000000000000000e+01 0.000000000000000000e+00 1.600000000000000089e+00 4.260000000000000006e-04 4.414000000000000389e-03 9.999900000000000455e-01 -7.916889999999999761e-01 -6.109170000000000433e-01 3.033999999999999805e-03 6.109240000000000226e-01 -7.916819999999999968e-01 3.233999999999999896e-03
1.400000000000000000e+01 8.000000000000000000e+00 4.400000000000000000e+01 0.000000000000000000e+00 1.600000000000000089e+00 -3.075000000000000042e-03 6.509999999999999945e-04 9.999949999999999672e-01 -7.930749999999999744e-01 -6.091210000000000235e-01 -2.041999999999999978e-03 6.091170000000000195e-01 -7.930770000000000319e-01 2.390000000000000197e-03
2.200000000000000000e+01 8.000000000000000000e+00 4.400000000000000000e+01 0.000000000000000000e+00 1.600000000000000089e+00 -1.667999999999999995e-03 2.762999999999999831e-03 9.999949999999999672e-01 -8.027410000000000379e-01 -5.963279999999999692e-01 3.089999999999999756e-04 5.963260000000000227e-01 -8.027360000000000051e-01 3.212000000000000011e-03
2.400000000000000000e+01 5.400000000000000000e+01 4.600000000000000000e+01 0.000000000000000000e+00 1.600000000000000089e+00 -1.278699999999999976e-02 -4.144300000000000067e-02 9.990590000000000304e-01 2.684869999999999757e-01 -9.625920000000000032e-01 -3.649399999999999866e-02 9.631979999999999986e-01 2.677680000000000060e-01 2.343500000000000097e-02
2.000000000000000000e+01 2.900000000000000000e+01 4.800000000000000000e+01 0.000000000000000000e+00 1.600000000000000089e+00 4.883000000000000188e-03 -1.071420000000000011e-01 9.942320000000000046e-01 3.583450000000000246e-01 9.284010000000000318e-01 9.828800000000000037e-02 -9.335759999999999614e-01 3.557980000000000032e-01 4.292699999999999988e-02
2.900000000000000000e+01 2.900000000000000000e+01 4.800000000000000000e+01 0.000000000000000000e+00 1.600000000000000089e+00 -1.167999999999999984e-03 -3.905900000000000344e-02 9.992360000000000131e-01 3.544999999999999818e-01 9.343259999999999899e-01 3.693599999999999661e-02 -9.350549999999999695e-01 3.542719999999999758e-01 1.275500000000000071e-02
6.000000000000000000e+00 3.700000000000000000e+01 5.100000000000000000e+01 0.000000000000000000e+00 1.600000000000000089e+00 -3.880109999999999948e-01 -3.888420000000000210e-01 8.356130000000000502e-01 9.073170000000000401e-01 -3.204500000000000126e-01 2.721879999999999855e-01 1.619339999999999946e-01 8.637789999999999635e-01 4.771409999999999818e-01
8.000000000000000000e+00 3.800000000000000000e+01 5.100000000000000000e+01 0.000000000000000000e+00 1.600000000000000089e+00 -3.723710000000000075e-01 -3.988470000000000071e-01 8.380100000000000326e-01 9.230059999999999931e-01 -2.534810000000000119e-01 2.894959999999999756e-01 9.695499999999999952e-02 8.812879999999999603e-01 4.625270000000000215e-01
3.000000000000000000e+01 1.150000000000000000e+02 5.100000000000000000e+01 0.000000000000000000e+00 1.600000000000000089e+00 7.910999999999999630e-03 -1.762499999999999831e-02 9.998129999999999518e-01 8.395850000000000257e-01 -5.429869999999999974e-01 -1.621600000000000125e-02 5.431709999999999594e-01 8.395559999999999690e-01 1.050199999999999918e-02
2.000000000000000000e+00 7.000000000000000000e+00 5.200000000000000000e+01 0.000000000000000000e+00 1.600000000000000089e+00 -9.551000000000000462e-03 -1.662599999999999842e-02 -9.998160000000000380e-01 1.151169999999999971e-01 -9.932320000000000038e-01 1.541599999999999915e-02 -9.933060000000000223e-01 -1.149479999999999946e-01 1.140000000000000041e-02
1.200000000000000000e+01 7.000000000000000000e+00 5.200000000000000000e+01 0.000000000000000000e+00 1.600000000000000089e+00 -3.570000000000000040e-04 2.139999999999999975e-03 -9.999980000000000535e-01 7.695599999999999663e-02 -9.970320000000000293e-01 -2.161000000000000160e-03 -9.970339999999999758e-01 -7.695699999999999763e-02 1.910000000000000077e-04
2.000000000000000000e+01 5.800000000000000000e+01 5.200000000000000000e+01 0.000000000000000000e+00 1.600000000000000089e+00 -6.477000000000000118e-03 -3.177300000000000263e-02 9.994739999999999736e-01 -6.175460000000000393e-01 7.862540000000000084e-01 2.099300000000000124e-02 -7.865079999999999849e-01 -6.170860000000000234e-01 -2.471399999999999986e-02
1.600000000000000000e+01 5.700000000000000000e+01 5.300000000000000000e+01 0.000000000000000000e+00 1.600000000000000089e+00 -1.273099999999999926e-02 -1.573599999999999999e-02 9.997949999999999893e-01 -5.393649999999999833e-01 8.420480000000000187e-01 6.385000000000000051e-03 -8.419759999999999467e-01 -5.391730000000000134e-01 -1.920699999999999838e-02
3.000000000000000000e+00 6.300000000000000000e+01 5.400000000000000000e+01 0.000000000000000000e+00 1.600000000000000089e+00 5.130000000000000011e-04 -1.623000000000000094e-03 9.999989999999999712e-01 -3.614189999999999903e-01 9.324019999999999531e-01 1.698999999999999989e-03 -9.324029999999999818e-01 -3.614189999999999903e-01 -1.090000000000000067e-04
9.000000000000000000e+00 6.300000000000000000e+01 5.400000000000000000e+01 0.000000000000000000e+00 1.600000000000000089e+00 1.806000000000000097e-03 -8.200000000000000095e-05 9.999980000000000535e-01 -3.630390000000000006e-01 9.317739999999999911e-01 7.320000000000000118e-04 -9.317720000000000447e-01 -3.630390000000000006e-01 1.652999999999999955e-03
1.700000000000000000e+01 6.300000000000000000e+01 5.400000000000000000e+01 0.000000000000000000e+00 1.600000000000000089e+00 -2.001000000000000174e-03 -5.239999999999999866e-03 9.999839999999999840e-01 -3.685479999999999867e-01 9.295999999999999819e-01 4.133999999999999654e-03 -9.296069999999999611e-01 -3.685329999999999995e-01 -3.791000000000000099e-03
2.200000000000000000e+01 6.300000000000000000e+01 5.400000000000000000e+01 0.000000000000000000e+00 1.600000000000000089e+00 -2.756000000000000203e-03 -1.070399999999999997e-02 9.999390000000000223e-01 -3.687650000000000095e-01 9.294799999999999729e-01 8.932999999999999968e-03 -9.295179999999999554e-01 -3.687179999999999902e-01 -6.509000000000000029e-03
2.700000000000000000e+01 6.300000000000000000e+01 5.400000000000000000e+01 0.000000000000000000e+00 1.600000000000000089e+00 1.624000000000000010e-03 2.950000000000000148e-04 9.999989999999999712e-01 -3.841879999999999740e-01 9.232550000000000479e-01 3.510000000000000208e-04 -9.232529999999999903e-01 -3.841879999999999740e-01 1.611999999999999935e-03
1.800000000000000000e+01 2.600000000000000000e+01 5.500000000000000000e+01 0.000000000000000000e+00 1.600000000000000089e+00 -3.289999999999999739e-04 -4.808999999999999907e-03 -9.999879999999999880e-01 -2.832000000000000142e-02 -9.995870000000000033e-01 4.817000000000000101e-03 -9.995990000000000153e-01 2.832199999999999995e-02 1.920000000000000049e-04
1.900000000000000000e+01 2.900000000000000000e+01 5.500000000000000000e+01 0.000000000000000000e+00 1.600000000000000089e+00 2.709000000000000036e-03 4.295199999999999713e-02 9.990729999999999889e-01 7.050900000000000223e-02 -9.965990000000000126e-01 4.265499999999999847e-02 9.975070000000000325e-01 7.032800000000000162e-02 -5.727999999999999585e-03
5.000000000000000000e+00 2.000000000000000000e+01 6.000000000000000000e+01 0.000000000000000000e+00 1.600000000000000089e+00 1.399999999999999986e-03 -2.396999999999999825e-03 9.999959999999999960e-01 -6.023599999999999788e-02 9.981809999999999850e-01 2.477000000000000035e-03 -9.981830000000000425e-01 -6.023900000000000088e-02 1.252999999999999991e-03
1.800000000000000000e+01 2.000000000000000000e+01 6.000000000000000000e+01 0.000000000000000000e+00 1.600000000000000089e+00 1.595000000000000064e-03 1.694999999999999892e-03 9.999970000000000248e-01 -6.308400000000000118e-02 9.980069999999999775e-01 -1.590999999999999966e-03 -9.980069999999999775e-01 -6.308099999999999818e-02 1.698000000000000074e-03
1.000000000000000000e+00 2.100000000000000000e+01 6.000000000000000000e+01 0.000000000000000000e+00 1.600000000000000089e+00 6.359999999999999551e-04 -1.077999999999999965e-02 9.999419999999999975e-01 -9.103300000000000280e-02 9.957890000000000352e-01 1.079300000000000051e-02 -9.958479999999999555e-01 -9.103500000000000481e-02 -3.469999999999999777e-04
9.000000000000000000e+00 2.100000000000000000e+01 6.000000000000000000e+01 0.000000000000000000e+00 1.600000000000000089e+00 -9.219999999999999680e-04 -3.886999999999999830e-03 9.999919999999999920e-01 -9.734299999999999897e-02 9.952440000000000175e-01 3.778999999999999807e-03 -9.952499999999999680e-01 -9.733899999999999497e-02 -1.296000000000000060e-03
1.500000000000000000e+01 2.100000000000000000e+01 6.000000000000000000e+01 0.000000000000000000e+00 1.600000000000000089e+00 -2.090000000000000115e-04 2.730999999999999921e-03 9.999959999999999960e-01 -9.524199999999999333e-02 9.954499999999999460e-01 -2.739000000000000115e-03 -9.954539999999999500e-01 -9.524199999999999333e-02 5.199999999999999680e-05
2.400000000000000000e+01 2.100000000000000000e+01 6.000000000000000000e+01 0.000000000000000000e+00 1.600000000000000089e+00 1.320000000000000101e-04 3.099999999999999891e-03 9.999949999999999672e-01 -9.608600000000000474e-02 9.953680000000000305e-01 -3.073000000000000211e-03 -9.953729999999999523e-01 -9.608500000000000374e-02 4.290000000000000193e-04
2.800000000000000000e+01 2.100000000000000000e+01 6.000000000000000000e+01 0.000000000000000000e+00 1.600000000000000089e+00 7.269999999999999987e-04 -8.536000000000000185e-03 9.999630000000000463e-01 -9.699699999999999989e-02 9.952480000000000215e-01 8.566000000000000697e-03 -9.952839999999999465e-01 -9.700000000000000289e-02 -1.039999999999999936e-04
2.800000000000000000e+01 6.000000000000000000e+00 6.100000000000000000e+01 0.000000000000000000e+00 1.600000000000000089e+00 6.499999999999999702e-04 -4.837000000000000154e-03 9.999879999999999880e-01 5.689760000000000373e-01 -8.223430000000000462e-01 -4.348000000000000302e-03 8.223540000000000294e-01 5.689720000000000333e-01 2.217999999999999920e-03
2.000000000000000000e+00 2.700000000000000000e+01 6.300000000000000000e+01 0.000000000000000000e+00 1.600000000000000089e+00 -1.900000000000000105e-04 -1.108300000000000084e-02 9.999390000000000223e-01 -2.760639999999999761e-01 9.610809999999999631e-01 1.060000000000000005e-02 -9.611389999999999656e-01 -2.760449999999999848e-01 -3.242000000000000090e-03
7.000000000000000000e+00 2.700000000000000000e+01 6.300000000000000000e+01 0.000000000000000000e+00 1.600000000000000089e+00 -1.773000000000000053e-03 -8.234999999999999265e-03 9.999639999999999640e-01 -2.765909999999999758e-01 9.609590000000000076e-01 7.424000000000000044e-03 -9.609860000000000069e-01 -2.765679999999999805e-01 -3.982000000000000296e-03
1.800000000000000000e+01 2.700000000000000000e+01 6.300000000000000000e+01 0.000000000000000000e+00 1.600000000000000089e+00 1.479999999999999925e-04 3.150000000000000131e-04 1.000000000000000000e+00 -2.707160000000000122e-01 9.626590000000000424e-01 -2.629999999999999959e-04 -9.626590000000000424e-01 -2.707149999999999834e-01 2.280000000000000126e-04
2.600000000000000000e+01 2.700000000000000000e+01 6.300000000000000000e+01 0.000000000000000000e+00 1.600000000000000089e+00 2.605999999999999810e-03 -8.276000000000000370e-03 9.999620000000000175e-01 -2.655489999999999795e-01 9.640579999999999705e-01 8.670999999999999888e-03 -9.640940000000000065e-01 -2.655609999999999915e-01 3.150000000000000131e-04
2.900000000000000000e+01 2.700000000000000000e+01 6.300000000000000000e+01 0.000000000000000000e+00 1.600000000000000089e+00 1.966999999999999998e-03 -5.030999999999999882e-03 9.999850000000000128e-01 -2.632499999999999840e-01 9.647130000000000427e-01 5.370999999999999906e-03 -9.647259999999999724e-01 -2.632570000000000188e-01 5.730000000000000501e-04
2.400000000000000000e+01 4.400000000000000000e+01 6.300000000000000000e+01 0.000000000000000000e+00 1.600000000000000089e+00 9.080949999999999855e-01 3.096550000000000136e-01 -2.819159999999999999e-01 4.152910000000000212e-01 -7.524459999999999482e-01 5.112330000000000485e-01 -5.382100000000000078e-02 -5.813249999999999806e-01 -8.118889999999999718e-01
2.000000000000000000e+00 2.600000000000000000e+01 6.400000000000000000e+01 0.000000000000000000e+00 1.600000000000000089e+00 1.753000000000000001e-03 -1.084599999999999974e-02 9.999400000000000510e-01 -3.643259999999999832e-01 9.312089999999999534e-01 1.073900000000000028e-02 -9.312700000000000422e-01 -3.643230000000000079e-01 -2.318999999999999881e-03
7.000000000000000000e+00 2.600000000000000000e+01 6.400000000000000000e+01 0.000000000000000000e+00 1.600000000000000089e+00 -1.149000000000000065e-03 -9.830999999999999461e-03 9.999510000000000343e-01 -3.673480000000000079e-01 9.300429999999999531e-01 8.722000000000000586e-03 -9.300829999999999931e-01 -3.673199999999999799e-01 -4.680000000000000132e-03
1.200000000000000000e+01 2.600000000000000000e+01 6.400000000000000000e+01 0.000000000000000000e+00 1.600000000000000089e+00 -1.129999999999999955e-04 -1.301000000000000073e-03 9.999989999999999712e-01 -3.623560000000000114e-01 9.320389999999999509e-01 1.172000000000000082e-03 -9.320399999999999796e-01 -3.623560000000000114e-01 -5.770000000000000389e-04
1.800000000000000000e+01 2.600000000000000000e+01 6.400000000000000000e+01 0.000000000000000000e+00 1.600000000000000089e+00 7.370000000000000249e-04 1.379999999999999933e-04 1.000000000000000000e+00 -3.629299999999999748e-01 9.318159999999999776e-01 1.389999999999999905e-04 -9.318159999999999776e-01 -3.629299999999999748e-01 7.360000000000000006e-04
2.600000000000000000e+01 2.600000000000000000e+01 6.400000000000000000e+01 0.000000000000000000e+00 1.600000000000000089e+00 2.635999999999999888e-03 -7.050999999999999976e-03 9.999719999999999720e-01 -3.606730000000000214e-01 9.326619999999999910e-01 7.527999999999999969e-03 -9.326889999999999903e-01 -3.606829999999999758e-01 -8.399999999999999535e-05
2.900000000000000000e+01 2.600000000000000000e+01 6.400000000000000000e+01 0.000000000000000000e+00 1.600000000000000089e+00 2.237999999999999972e-03 -4.493999999999999731e-03 9.999869999999999592e-01 -3.581210000000000226e-01 9.336619999999999919e-01 4.997999999999999839e-03 -9.336729999999999752e-01 -3.581280000000000019e-01 4.800000000000000122e-04
2.800000000000000000e+01 5.000000000000000000e+01 6.400000000000000000e+01 0.000000000000000000e+00 1.600000000000000089e+00 9.261319999999999553e-01 -1.356539999999999968e-01 -3.519630000000000258e-01 3.721860000000000168e-01 4.802799999999999847e-01 7.942350000000000243e-01 6.130000000000000032e-02 -8.665620000000000545e-01 4.952909999999999813e-01
2.900000000000000000e+01 3.300000000000000000e+01 6.500000000000000000e+01 0.000000000000000000e+00 1.600000000000000089e+00 4.095300000000000329e-02 1.044309999999999961e-01 9.936890000000000445e-01 6.958200000000000496e-02 9.918099999999999694e-01 -1.071010000000000018e-01 -9.967350000000000376e-01 7.352899999999999714e-02 3.335199999999999970e-02
1.900000000000000000e+01 8.000000000000000000e+00 6.700000000000000000e+01 0.000000000000000000e+00 1.600000000000000089e+00 -3.684999999999999908e-03 -4.926999999999999956e-03 -9.999810000000000088e-01 -1.383469999999999978e-01 -9.903690000000000548e-01 5.388999999999999693e-03 -9.903769999999999518e-01 1.383649999999999880e-01 2.968000000000000152e-03
2.000000000000000000e+01 7.100000000000000000e+01 7.200000000000000000e+01 0.000000000000000000e+00 1.600000000000000089e+00 7.263410000000000144e-01 5.155170000000000030e-01 4.546109999999999873e-01 -2.955289999999999861e-01 -3.629200000000000204e-01 8.837150000000000283e-01 6.205580000000000540e-01 -7.762289999999999468e-01 -1.112530000000000047e-01
3.000000000000000000e+00 2.500000000000000000e+01 7.300000000000000000e+01 0.000000000000000000e+00 1.600000000000000089e+00 -3.812999999999999983e-03 -1.515999999999999986e-02 9.998780000000000445e-01 7.512799999999999478e-01 -6.599460000000000326e-01 -7.140999999999999778e-03 6.599730000000000318e-01 7.511609999999999676e-01 1.390599999999999996e-02
1.100000000000000000e+01 2.500000000000000000e+01 7.300000000000000000e+01 0.000000000000000000e+00 1.600000000000000089e+00 -1.072999999999999952e-03 -6.629999999999999609e-04 9.999989999999999712e-01 7.505669999999999842e-01 -6.607939999999999925e-01 3.669999999999999760e-04 6.607929999999999637e-01 7.505669999999999842e-01 1.206999999999999957e-03
1.700000000000000000e+01 2.500000000000000000e+01 7.300000000000000000e+01 0.000000000000000000e+00 1.600000000000000089e+00 1.830999999999999945e-03 5.465000000000000240e-03 9.999829999999999552e-01 7.552640000000000464e-01 -6.554170000000000273e-01 2.199000000000000000e-03 6.554189999999999738e-01 7.552470000000000017e-01 -5.327000000000000138e-03
