2.600000000000000000e+01 2.500000000000000000e+01 1.000000000000000000e+00 0.000000000000000000e+00 1.600000000000000089e+00 -1.474000000000000050e-03 5.720000000000000258e-04 -9.999989999999999712e-01 -5.224199999999999955e-01 -8.526880000000000015e-01 2.829999999999999942e-04 -8.526869999999999727e-01 5.224199999999999955e-01 1.556000000000000091e-03
1.000000000000000000e+00 1.500000000000000000e+01 4.000000000000000000e+00 0.000000000000000000e+00 1.600000000000000089e+00 -1.283999999999999985e-03 8.700000000000000051e-04 9.999989999999999712e-01 3.097809999999999730e-01 -9.508069999999999578e-01 1.224999999999999960e-03 9.508069999999999578e-01 3.097820000000000018e-01 9.520000000000000467e-04
8.000000000000000000e+00 1.500000000000000000e+01 4.000000000000000000e+00 0.000000000000000000e+00 1.600000000000000089e+00 -3.139999999999999888e-04 6.152999999999999615e-03 9.999810000000000088e-01 3.133879999999999999e-01 -9.496059999999999501e-01 5.942000000000000233e-03 9.496250000000000524e-01 3.133839999999999959e-01 -1.629999999999999939e-03
1.500000000000000000e+01 1.500000000000000000e+01 4.000000000000000000e+00 0.000000000000000000e+00 1.600000000000000089e+00 -1.240000000000000000e-03 -7.636999999999999691e-03 9.999700000000000255e-01 3.136289999999999911e-01 -9.495209999999999484e-01 -6.863000000000000177e-03 9.495449999999999724e-01 3.136109999999999731e-01 3.572999999999999787e-03
1.700000000000000000e+01 1.500000000000000000e+01 4.000000000000000000e+00 0.000000000000000000e+00 1.600000000000000089e+00 9.319999999999999942e-04 -4.303999999999999666e-03 9.999900000000000455e-01 3.143070000000000030e-01 -9.493110000000000159e-01 -4.379000000000000080e-03 9.493209999999999704e-01 3.143079999999999763e-01 4.679999999999999915e-04
2.100000000000000000e+01 1.500000000000000000e+01 4.000000000000000000e+00 0.000000000000000000e+00 1.600000000000000089e+00 3.661999999999999891e-03 4.687000000000000194e-03 9.999820000000000375e-01 3.144159999999999733e-01 -9.492800000000000127e-01 3.298000000000000150e-03 9.492779999999999552e-01 3.143980000000000108e-01 -4.950000000000000407e-03
2.600000000000000000e+01 1.500000000000000000e+01 4.000000000000000000e+00 0.000000000000000000e+00 1.600000000000000089e+00 2.311000000000000120e-03 -4.296000000000000339e-03 9.999879999999999880e-01 3.191120000000000068e-01 -9.477050000000000196e-01 -4.808999999999999907e-03 9.477139999999999453e-01 3.191200000000000148e-01 -8.189999999999999581e-04
2.200000000000000000e+01 4.000000000000000000e+00 5.000000000000000000e+00 0.000000000000000000e+00 1.600000000000000089e+00 -8.533999999999999919e-03 -2.060100000000000126e-02 9.997509999999999453e-01 2.224299999999999888e-01 -9.747789999999999511e-01 -1.818799999999999931e-02 9.749109999999999721e-01 2.222189999999999999e-01 1.290099999999999927e-02
7.000000000000000000e+00 1.010000000000000000e+02 7.000000000000000000e+00 0.000000000000000000e+00 1.600000000000000089e+00 4.510000000000000120e-04 -2.400000000000000061e-04 1.000000000000000000e+00 8.862860000000000182e-01 4.631379999999999941e-01 -2.880000000000000073e-04 -4.631379999999999941e-01 8.862860000000000182e-01 4.220000000000000118e-04
1.100000000000000000e+01 1.010000000000000000e+02 7.000000000000000000e+00 0.000000000000000000e+00 1.600000000000000089e+00 3.569999999999999823e-03 8.730999999999999178e-03 9.999559999999999560e-01 8.876969999999999583e-01 4.603709999999999747e-01 -7.189000000000000078e-03 -4.604130000000000167e-01 8.876840000000000286e-01 -6.106999999999999582e-03
1.500000000000000000e+01 1.010000000000000000e+02 7.000000000000000000e+00 0.000000000000000000e+00 1.600000000000000089e+00 7.759999999999999971e-04 -7.342999999999999701e-03 9.999730000000000008e-01 8.890599999999999614e-01 4.577820000000000222e-01 2.671999999999999896e-03 -4.577890000000000015e-01 8.890339999999999909e-01 6.884000000000000362e-03
1.800000000000000000e+01 1.010000000000000000e+02 7.000000000000000000e+00 0.000000000000000000e+00 1.600000000000000089e+00 -9.340000000000000429e-04 -1.027299999999999915e-02 9.999470000000000303e-01 8.898859999999999548e-01 4.561490000000000267e-01 5.517000000000000202e-03 -4.561819999999999764e-01 8.898439999999999683e-01 8.715000000000000524e-03
3.000000000000000000e+00 2.500000000000000000e+01 8.000000000000000000e+00 0.000000000000000000e+00 1.600000000000000089e+00 -2.432999999999999833e-03 -1.737999999999999962e-03 -9.999959999999999960e-01 4.479719999999999813e-01 8.940439999999999499e-01 -2.644000000000000083e-03 8.940439999999999499e-01 -4.479759999999999853e-01 -1.397000000000000021e-03
7.000000000000000000e+00 2.500000000000000000e+01 8.000000000000000000e+00 0.000000000000000000e+00 1.600000000000000089e+00 -1.498999999999999898e-03 -4.409999999999999858e-04 -9.999989999999999712e-01 4.490279999999999827e-01 8.935170000000000057e-01 -1.067000000000000023e-03 8.935159999999999769e-01 -4.490299999999999847e-01 -1.141000000000000087e-03
1.600000000000000000e+01 2.500000000000000000e+01 8.000000000000000000e+00 0.000000000000000000e+00 1.600000000000000089e+00 -1.440000000000000036e-04 -4.093000000000000284e-03 -9.999919999999999920e-01 4.490359999999999907e-01 8.935060000000000224e-01 -3.722000000000000048e-03 8.935140000000000304e-01 -4.490330000000000155e-01 1.709000000000000016e-03
2.000000000000000000e+01 2.500000000000000000e+01 8.000000000000000000e+00 0.000000000000000000e+00 1.600000000000000089e+00 5.980000000000000072e-04 -4.590000000000000330e-03 -9.999890000000000168e-01 4.493289999999999784e-01 8.933579999999999854e-01 -3.831999999999999903e-03 8.933659999999999934e-01 -4.493219999999999992e-01 2.596999999999999916e-03
2.400000000000000000e+01 2.500000000000000000e+01 8.000000000000000000e+00 0.000000000000000000e+00 1.600000000000000089e+00 1.905999999999999925e-03 3.233000000000000197e-03 -9.999930000000000208e-01 4.489879999999999982e-01 8.935300000000000464e-01 3.745000000000000065e-03 8.935359999999999969e-01 -4.489920000000000022e-01 2.519999999999999996e-04
2.000000000000000000e+00 2.400000000000000000e+01 9.000000000000000000e+00 0.000000000000000000e+00 1.600000000000000089e+00 -1.559999999999999972e-03 4.620000000000000083e-04 -9.999989999999999712e-01 4.534549999999999970e-01 8.912790000000000434e-01 -2.959999999999999849e-04 8.912780000000000147e-01 -4.534549999999999970e-01 -1.600000000000000077e-03
8.000000000000000000e+00 2.400000000000000000e+01 9.000000000000000000e+00 0.000000000000000000e+00 1.600000000000000089e+00 -1.294000000000000011e-03 3.493000000000000011e-03 -9.999930000000000208e-01 4.548150000000000248e-01 8.905819999999999848e-01 2.521999999999999936e-03 8.905849999999999600e-01 -4.548090000000000188e-01 -2.740999999999999947e-03
1.600000000000000000e+01 2.400000000000000000e+01 9.000000000000000000e+00 0.000000000000000000e+00 1.600000000000000089e+00 3.399999999999999973e-05 -4.433000000000000308e-03 -9.999900000000000455e-01 4.534869999999999735e-01 8.912539999999999907e-01 -3.935000000000000130e-03 8.912630000000000274e-01 -4.534819999999999962e-01 2.040000000000000147e-03
2.400000000000000000e+01 2.400000000000000000e+01 9.000000000000000000e+00 0.000000000000000000e+00 1.600000000000000089e+00 1.909000000000000107e-03 5.263999999999999582e-03 -9.999839999999999840e-01 4.534819999999999962e-01 8.912480000000000402e-01 5.557000000000000307e-03 8.912639999999999452e-01 -4.534850000000000270e-01 -6.859999999999999779e-04
5.000000000000000000e+00 3.100000000000000000e+01 1.200000000000000000e+01 0.000000000000000000e+00 1.600000000000000089e+00 3.280000000000000038e-04 -2.458000000000000115e-03 9.999970000000000248e-01 -1.020999999999999989e-03 9.999959999999999960e-01 2.458000000000000115e-03 -9.999989999999999712e-01 -1.020999999999999989e-03 3.260000000000000094e-04
1.900000000000000000e+01 3.100000000000000000e+01 1.200000000000000000e+01 0.000000000000000000e+00 1.600000000000000089e+00 -1.497999999999999983e-03 -4.923000000000000292e-03 9.999869999999999592e-01 -2.586999999999999890e-03 9.999850000000000128e-01 4.918999999999999762e-03 -9.999959999999999960e-01 -2.579999999999999828e-03 -1.510000000000000057e-03
2.200000000000000000e+01 3.100000000000000000e+01 1.200000000000000000e+01 0.000000000000000000e+00 1.600000000000000089e+00 -1.118999999999999986e-03 -2.729000000000000089e-03 9.999959999999999960e-01 6.999999999999999387e-05 9.999959999999999960e-01 2.729000000000000089e-03 -9.999989999999999712e-01 7.299999999999999903e-05 -1.118000000000000070e-03
2.500000000000000000e+01 3.100000000000000000e+01 1.200000000000000000e+01 0.000000000000000000e+00 1.600000000000000089e+00 -5.599999999999999509e-04 -6.329999999999999906e-04 1.000000000000000000e+00 1.280000000000000105e-03 9.999989999999999712e-01 6.329999999999999906e-04 -9.999989999999999712e-01 1.280000000000000105e-03 -5.590000000000000351e-04
2.900000000000000000e+01 3.100000000000000000e+01 1.200000000000000000e+01 0.000000000000000000e+00 1.600000000000000089e+00 1.394000000000000057e-03 -2.116999999999999958e-03 9.999970000000000248e-01 1.773000000000000053e-03 9.999959999999999960e-01 2.115000000000000126e-03 -9.999970000000000248e-01 1.770000000000000089e-03 1.397999999999999937e-03
1.100000000000000000e+01 3.200000000000000000e+01 1.400000000000000000e+01 0.000000000000000000e+00 1.600000000000000089e+00 1.369999999999999961e-04 4.272999999999999889e-03 -9.999909999999999632e-01 1.063130000000000047e-01 9.943239999999999856e-01 4.263000000000000296e-03 9.943330000000000224e-01 -1.063130000000000047e-01 -3.190000000000000019e-04
4.000000000000000000e+00 1.200000000000000000e+01 1.500000000000000000e+01 0.000000000000000000e+00 1.600000000000000089e+00 -6.449999999999999570e-04 -2.259999999999999856e-03 -9.999970000000000248e-01 -4.713200000000000167e-01 -8.819590000000000485e-01 2.296999999999999997e-03 -8.819620000000000237e-01 4.713200000000000167e-01 -4.960000000000000216e-04
6.000000000000000000e+00 1.160000000000000000e+02 1.600000000000000000e+01 0.000000000000000000e+00 1.600000000000000089e+00 3.989999999999999949e-04 2.418000000000000010e-03 9.999970000000000248e-01 6.957879999999999621e-01 7.182439999999999936e-01 -2.014000000000000165e-03 -7.182469999999999688e-01 6.957870000000000443e-01 -1.396000000000000105e-03
1.000000000000000000e+00 2.000000000000000000e+00 1.900000000000000000e+01 0.000000000000000000e+00 1.600000000000000089e+00 -1.019999999999999992e-04 1.399800000000000003e-02 -9.999019999999999575e-01 1.908940000000000081e-01 -9.815139999999999976e-01 -1.375999999999999966e-02 -9.816110000000000113e-01 -1.908769999999999911e-01 -2.572000000000000067e-03
8.000000000000000000e+00 2.000000000000000000e+00 1.900000000000000000e+01 0.000000000000000000e+00 1.600000000000000089e+00 1.988000000000000184e-03 5.649999999999999641e-04 -9.999980000000000535e-01 1.910650000000000126e-01 -9.815770000000000328e-01 -1.749999999999999982e-04 -9.815749999999999753e-01 -1.910640000000000116e-01 -2.059000000000000066e-03
1.200000000000000000e+01 2.000000000000000000e+00 1.900000000000000000e+01 0.000000000000000000e+00 1.600000000000000089e+00 -7.849999999999999990e-04 -1.332000000000000068e-03 -9.999989999999999712e-01 1.927109999999999934e-01 -9.812549999999999883e-01 1.154999999999999994e-03 -9.812549999999999883e-01 -1.927099999999999924e-01 1.026999999999999918e-03
1.800000000000000000e+01 2.000000000000000000e+00 1.900000000000000000e+01 0.000000000000000000e+00 1.600000000000000089e+00 -1.575000000000000011e-03 -2.714999999999999965e-03 -9.999949999999999672e-01 1.957119999999999971e-01 -9.806589999999999474e-01 2.354999999999999889e-03 -9.806599999999999762e-01 -1.957079999999999931e-01 2.076000000000000154e-03
2.400000000000000000e+01 2.000000000000000000e+00 1.900000000000000000e+01 0.000000000000000000e+00 1.600000000000000089e+00 -1.048000000000000103e-03 -8.968000000000000277e-03 -9.999590000000000423e-01 1.949490000000000112e-01 -9.807759999999999811e-01 8.592000000000000678e-03 -9.808130000000000459e-01 -1.949319999999999942e-01 2.776999999999999955e-03
2.800000000000000000e+01 2.000000000000000000e+00 1.900000000000000000e+01 0.000000000000000000e+00 1.600000000000000089e+00 -1.526000000000000013e-03 2.876999999999999783e-03 -9.999949999999999672e-01 1.932030000000000136e-01 -9.811539999999999706e-01 -3.118000000000000112e-03 -9.811579999999999746e-01 -1.932059999999999889e-01 9.409999999999999962e-04
1.400000000000000000e+01 4.000000000000000000e+00 2.000000000000000000e+01 0.000000000000000000e+00 1.600000000000000089e+00 -3.033999999999999805e-03 -2.883999999999999845e-03 -9.999909999999999632e-01 3.068429999999999769e-01 -9.517579999999999929e-01 1.814000000000000074e-03 -9.517550000000000177e-01 -3.068350000000000244e-01 3.772999999999999878e-03
1.000000000000000000e+00 1.300000000000000000e+01 2.000000000000000000e+01 0.000000000000000000e+00 1.600000000000000089e+00 -5.869999999999999567e-04 2.300000000000000002e-05 1.000000000000000000e+00 2.606829999999999981e-01 9.654249999999999776e-01 1.299999999999999886e-04 -9.654239999999999489e-01 2.606829999999999981e-01 -5.730000000000000501e-04
4.000000000000000000e+00 1.300000000000000000e+01 2.000000000000000000e+01 0.000000000000000000e+00 1.600000000000000089e+00 3.579999999999999741e-04 -3.139999999999999888e-04 1.000000000000000000e+00 2.604170000000000096e-01 9.654960000000000209e-01 2.100000000000000087e-04 -9.654960000000000209e-01 2.604170000000000096e-01 4.270000000000000249e-04
9.000000000000000000e+00 1.300000000000000000e+01 2.000000000000000000e+01 0.000000000000000000e+00 1.600000000000000089e+00 3.339999999999999870e-04 5.879999999999999810e-04 1.000000000000000000e+00 2.596609999999999752e-01 9.657000000000000028e-01 -6.539999999999999590e-04 -9.657000000000000028e-01 2.596609999999999752e-01 1.700000000000000122e-04
1.400000000000000000e+01 1.300000000000000000e+01 2.000000000000000000e+01 0.000000000000000000e+00 1.600000000000000089e+00 2.759999999999999867e-04 -1.407000000000000048e-03 9.999989999999999712e-01 2.583770000000000233e-01 9.660429999999999851e-01 1.288000000000000082e-03 -9.660440000000000138e-01 2.583759999999999946e-01 6.310000000000000504e-04
1.700000000000000000e+01 1.300000000000000000e+01 2.000000000000000000e+01 0.000000000000000000e+00 1.600000000000000089e+00 -9.740000000000000394e-04 7.479999999999999670e-04 9.999989999999999712e-01 2.577269999999999839e-01 9.662180000000000213e-01 -4.719999999999999803e-04 -9.662169999999999925e-01 2.577260000000000106e-01 -1.134000000000000025e-03
1.000000000000000000e+00 3.000000000000000000e+00 2.500000000000000000e+01 0.000000000000000000e+00 1.600000000000000089e+00 2.086000000000000180e-03 1.845000000000000112e-02 9.998280000000000500e-01 -5.709399999999999892e-02 -9.981970000000000010e-01 1.853899999999999992e-02 9.983670000000000044e-01 -5.712300000000000016e-02 -1.028999999999999967e-03
6.000000000000000000e+00 3.000000000000000000e+00 2.500000000000000000e+01 0.000000000000000000e+00 1.600000000000000089e+00 1.144999999999999967e-03 6.185999999999999659e-03 9.999799999999999800e-01 -5.870800000000000324e-02 -9.982560000000000322e-01 6.242000000000000152e-03 9.982750000000000234e-01 -5.871400000000000230e-02 -7.799999999999999859e-04
1.400000000000000000e+01 3.000000000000000000e+00 2.500000000000000000e+01 0.000000000000000000e+00 1.600000000000000089e+00 -3.000000000000000076e-05 -2.168999999999999921e-03 9.999980000000000535e-01 -6.919400000000000550e-02 -9.976009999999999600e-01 -2.165999999999999957e-03 9.976030000000000175e-01 -6.919400000000000550e-02 -1.200000000000000030e-04
2.000000000000000000e+01 3.000000000000000000e+00 2.500000000000000000e+01 0.000000000000000000e+00 1.600000000000000089e+00 -4.341000000000000240e-03 -8.144000000000000197e-03 9.999569999999999848e-01 -6.634199999999999819e-02 -9.977610000000000090e-01 -8.413999999999999604e-03 9.977880000000000082e-01 -6.637500000000000344e-02 3.791000000000000099e-03
2.300000000000000000e+01 3.000000000000000000e+00 2.500000000000000000e+01 0.000000000000000000e+00 1.600000000000000089e+00 -2.913999999999999924e-03 -7.669999999999999735e-03 9.999660000000000215e-01 -6.827600000000000335e-02 -9.976359999999999673e-01 -7.851000000000000340e-03 9.976620000000000488e-01 -6.829699999999999660e-02 2.383999999999999835e-03
2.600000000000000000e+01 3.000000000000000000e+00 2.500000000000000000e+01 0.000000000000000000e+00 1.600000000000000089e+00 2.537000000000000192e-03 -3.386000000000000121e-03 9.999909999999999632e-01 -7.421700000000000519e-02 -9.972370000000000401e-01 -3.188999999999999994e-03 9.972389999999999866e-01 -7.420899999999999719e-02 -2.781000000000000052e-03
1.000000000000000000e+00 4.600000000000000000e+01 2.700000000000000000e+01 0.000000000000000000e+00 1.600000000000000089e+00 2.500000000000000120e-05 3.582999999999999814e-03 -9.999940000000000495e-01 6.784149999999999903e-01 7.346740000000000492e-01 2.650000000000000012e-03 7.346789999999999710e-01 -6.784109999999999863e-01 -2.412000000000000081e-03
5.000000000000000000e+00 4.600000000000000000e+01 2.700000000000000000e+01 0.000000000000000000e+00 1.600000000000000089e+00 8.959999999999999866e-04 4.730000000000000046e-04 -1.000000000000000000e+00 6.772200000000000442e-01 7.357799999999999896e-01 9.550000000000000112e-04 7.357799999999999896e-01 -6.772209999999999619e-01 3.390000000000000001e-04
9.000000000000000000e+00 4.600000000000000000e+01 2.700000000000000000e+01 0.000000000000000000e+00 1.600000000000000089e+00 1.263999999999999933e-03 -5.429999999999999714e-04 -9.999989999999999712e-01 6.784949999999999593e-01 7.346049999999999525e-01 4.589999999999999896e-04 7.346040000000000347e-01 -6.784949999999999593e-01 1.296999999999999976e-03
3.000000000000000000e+01 4.600000000000000000e+01 3.000000000000000000e+01 0.000000000000000000e+00 1.600000000000000089e+00 -1.347000000000000107e-03 7.330000000000000361e-04 -9.999989999999999712e-01 3.304050000000000042e-01 9.438389999999999835e-01 2.469999999999999865e-04 9.438379999999999548e-01 -3.304050000000000042e-01 -1.513000000000000022e-03
2.000000000000000000e+00 4.600000000000000000e+01 3.500000000000000000e+01 0.000000000000000000e+00 1.600000000000000089e+00 9.870000000000000301e-04 2.606999999999999942e-03 -9.999959999999999960e-01 3.913749999999999729e-01 -9.202289999999999637e-01 -2.013000000000000032e-03 -9.202310000000000212e-01 -3.913719999999999977e-01 -1.928999999999999942e-03
8.000000000000000000e+00 4.600000000000000000e+01 3.500000000000000000e+01 0.000000000000000000e+00 1.600000000000000089e+00 -5.249999999999999676e-04 -8.949999999999999623e-04 -9.999989999999999712e-01 3.923459999999999726e-01 -9.198180000000000245e-01 6.170000000000000354e-04 -9.198180000000000245e-01 -3.923449999999999993e-01 8.339999999999999974e-04
1.400000000000000000e+01 4.600000000000000000e+01 3.500000000000000000e+01 0.000000000000000000e+00 1.600000000000000089e+00 5.990000000000000316e-04 -6.930000000000000396e-04 -1.000000000000000000e+00 3.915669999999999984e-01 -9.201489999999999947e-01 8.720000000000000537e-04 -9.201489999999999947e-01 -3.915669999999999984e-01 -2.799999999999999755e-04
2.000000000000000000e+01 4.600000000000000000e+01 3.500000000000000000e+01 0.000000000000000000e+00 1.600000000000000089e+00 -6.310000000000000504e-04 -5.624999999999999792e-03 -9.999839999999999840e-01 3.926660000000000150e-01 -9.196680000000000410e-01 4.925999999999999823e-03 -9.196809999999999707e-01 -3.926569999999999783e-01 2.788999999999999813e-03
2.400000000000000000e+01 4.600000000000000000e+01 3.500000000000000000e+01 0.000000000000000000e+00 1.600000000000000089e+00 -2.990000000000000036e-04 8.809999999999999472e-04 -1.000000000000000000e+00 3.928200000000000025e-01 -9.196149999999999602e-01 -9.280000000000000054e-04 -9.196149999999999602e-01 -3.928200000000000025e-01 -7.100000000000000462e-05
2.800000000000000000e+01 4.600000000000000000e+01 3.500000000000000000e+01 0.000000000000000000e+00 1.600000000000000089e+00 -4.180000000000000230e-04 3.661999999999999891e-03 -9.999930000000000208e-01 3.905040000000000178e-01 -9.205950000000000522e-01 -3.533999999999999815e-03 -9.206010000000000026e-01 -3.905029999999999890e-01 -1.044999999999999922e-03
3.000000000000000000e+00 9.500000000000000000e+01 3.600000000000000000e+01 0.000000000000000000e+00 1.600000000000000089e+00 -6.667000000000000183e-03 7.560000000000000530e-04 9.999780000000000335e-01 9.972050000000000081e-01 7.442899999999999516e-02 6.591999999999999769e-03 -7.442200000000000204e-02 9.972259999999999458e-01 -1.250999999999999942e-03
9.000000000000000000e+00 9.500000000000000000e+01 3.600000000000000000e+01 0.000000000000000000e+00 1.600000000000000089e+00 1.994999999999999812e-03 -2.052700000000000011e-02 9.997869999999999813e-01 9.969799999999999773e-01 7.765800000000000480e-02 -3.950000000000000061e-04 -7.763299999999999368e-02 9.967690000000000161e-01 2.061999999999999944e-02
5.000000000000000000e+00 2.900000000000000000e+01 4.400000000000000000e+01 0.000000000000000000e+00 1.600000000000000089e+00 1.410000000000000012e-03 -4.095999999999999815e-03 -9.999909999999999632e-01 6.707309999999999661e-01 7.416970000000000507e-01 -2.092000000000000109e-03 7.416989999999999972e-01 -6.707220000000000404e-01 3.792999999999999931e-03
1.100000000000000000e+01 2.900000000000000000e+01 4.400000000000000000e+01 0.000000000000000000e+00 1.600000000000000089e+00 -9.420000000000000205e-04 -5.089999999999999906e-03 -9.999869999999999592e-01 6.665360000000000174e-01 7.454589999999999828e-01 -4.422999999999999848e-03 7.454720000000000235e-01 -6.665320000000000134e-01 2.690000000000000117e-03
1.400000000000000000e+01 2.900000000000000000e+01 4.400000000000000000e+01 0.000000000000000000e+00 1.600000000000000089e+00 -2.730000000000000222e-04 -5.278999999999999838e-03 -9.999860000000000415e-01 6.646980000000000111e-01 7.471010000000000151e-01 -4.126000000000000327e-03 7.471119999999999983e-01 -6.646900000000000031e-01 3.305000000000000212e-03
1.900000000000000000e+01 2.900000000000000000e+01 4.400000000000000000e+01 0.000000000000000000e+00 1.600000000000000089e+00 1.173999999999999913e-03 1.683000000000000034e-03 -9.999980000000000535e-01 6.566940000000000000e-01 7.541539999999999910e-01 2.040000000000000147e-03 7.541560000000000485e-01 -6.566950000000000287e-01 -2.200000000000000078e-04
2.400000000000000000e+01 2.900000000000000000e+01 4.400000000000000000e+01 0.000000000000000000e+00 1.600000000000000089e+00 4.789999999999999879e-04 -7.579999999999999932e-04 -1.000000000000000000e+00 6.594100000000000517e-01 7.517829999999999790e-01 -2.539999999999999940e-04 7.517829999999999790e-01 -6.594100000000000517e-01 8.599999999999999789e-04
2.800000000000000000e+01 2.900000000000000000e+01 4.400000000000000000e+01 0.000000000000000000e+00 1.600000000000000089e+00 -7.349999999999999763e-04 -3.412999999999999801e-03 -9.999940000000000495e-01 6.624419999999999753e-01 7.491069999999999673e-01 -3.043000000000000132e-03 7.491130000000000289e-01 -6.624400000000000288e-01 1.709999999999999932e-03
7.000000000000000000e+00 5.000000000000000000e+00 5.100000000000000000e+01 0.000000000000000000e+00 1.600000000000000089e+00 7.460000000000000268e-04 1.105999999999999995e-03 -9.999989999999999712e-01 4.863589999999999858e-01 -8.737589999999999524e-01 -6.030000000000000204e-04 -8.737589999999999524e-01 -4.863580000000000125e-01 -1.190000000000000085e-03
1.200000000000000000e+01 5.000000000000000000e+00 5.100000000000000000e+01 0.000000000000000000e+00 1.600000000000000089e+00 -4.290000000000000193e-04 -5.439999999999999957e-04 -1.000000000000000000e+00 4.828580000000000094e-01 -8.756990000000000052e-01 2.689999999999999791e-04 -8.756990000000000052e-01 -4.828580000000000094e-01 6.380000000000000037e-04
2.000000000000000000e+01 5.000000000000000000e+00 5.100000000000000000e+01 0.000000000000000000e+00 1.600000000000000089e+00 -1.381000000000000066e-03 -4.330999999999999781e-03 -9.999900000000000455e-01 4.904470000000000218e-01 -8.714659999999999629e-01 3.096999999999999927e-03 -8.714699999999999669e-01 -4.904379999999999851e-01 3.327000000000000096e-03
2.700000000000000000e+01 5.000000000000000000e+00 5.100000000000000000e+01 0.000000000000000000e+00 1.600000000000000089e+00 -2.222000000000000017e-03 -6.601000000000000097e-03 -9.999759999999999760e-01 4.958259999999999890e-01 -8.684100000000000152e-01 4.630999999999999700e-03 -8.684190000000000520e-01 -4.958029999999999937e-01 5.202000000000000027e-03
5.000000000000000000e+00 6.300000000000000000e+01 5.400000000000000000e+01 0.000000000000000000e+00 1.600000000000000089e+00 1.479999999999999925e-04 3.130000000000000187e-04 1.000000000000000000e+00 -3.472339999999999871e-01 9.377790000000000292e-01 -2.420000000000000005e-04 -9.377790000000000292e-01 -3.472339999999999871e-01 2.469999999999999865e-04
1.000000000000000000e+01 6.300000000000000000e+01 5.400000000000000000e+01 0.000000000000000000e+00 1.600000000000000089e+00 -4.169999999999999987e-04 1.494000000000000102e-03 9.999989999999999712e-01 -3.486150000000000082e-01 9.372650000000000148e-01 -1.546000000000000065e-03 -9.372660000000000435e-01 -3.486159999999999815e-01 1.299999999999999886e-04
1.900000000000000000e+01 6.300000000000000000e+01 5.400000000000000000e+01 0.000000000000000000e+00 1.600000000000000089e+00 1.677000000000000105e-03 4.508999999999999987e-03 9.999879999999999880e-01 -3.544240000000000168e-01 9.350779999999999648e-01 -3.621999999999999786e-03 -9.350829999999999975e-01 -3.544140000000000068e-01 3.167000000000000110e-03
3.000000000000000000e+00 2.500000000000000000e+01 5.500000000000000000e+01 0.000000000000000000e+00 1.600000000000000089e+00 2.057999999999999934e-03 3.851999999999999955e-03 -9.999909999999999632e-01 -8.014999999999999555e-03 -9.999599999999999600e-01 -3.867999999999999911e-03 -9.999660000000000215e-01 8.023000000000000617e-03 -2.027000000000000156e-03
2.700000000000000000e+01 2.500000000000000000e+01 5.500000000000000000e+01 0.000000000000000000e+00 1.600000000000000089e+00 3.399999999999999811e-03 1.610000000000000103e-04 -9.999940000000000495e-01 -1.421700000000000047e-02 -9.998989999999999823e-01 -2.100000000000000087e-04 -9.998930000000000318e-01 1.421799999999999974e-02 -3.397999999999999979e-03
1.000000000000000000e+00 6.800000000000000000e+01 5.700000000000000000e+01 0.000000000000000000e+00 1.600000000000000089e+00 -1.392000000000000008e-03 4.240999999999999978e-03 -9.999900000000000455e-01 -2.435599999999999987e-01 -9.698780000000000179e-01 -3.775000000000000144e-03 -9.698849999999999971e-01 2.435519999999999907e-01 2.383000000000000135e-03
7.000000000000000000e+00 2.000000000000000000e+01 6.000000000000000000e+01 0.000000000000000000e+00 1.600000000000000089e+00 8.736000000000000709e-03 -1.785499999999999934e-02 9.998019999999999685e-01 -6.167299999999999865e-02 9.979270000000000085e-01 1.836099999999999885e-02 -9.980580000000000007e-01 -6.182200000000000195e-02 7.616000000000000374e-03
1.600000000000000000e+01 2.000000000000000000e+01 6.000000000000000000e+01 0.000000000000000000e+00 1.600000000000000089e+00 -5.863000000000000156e-03 1.248999999999999893e-03 9.999820000000000375e-01 -4.900600000000000095e-02 9.987970000000000459e-01 -1.534999999999999906e-03 -9.987810000000000299e-01 -4.901400000000000201e-02 -5.794999999999999804e-03
2.100000000000000000e+01 2.100000000000000000e+01 6.000000000000000000e+01 0.000000000000000000e+00 1.600000000000000089e+00 -5.714000000000000329e-03 5.075999999999999783e-03 9.999710000000000543e-01 -9.500599999999999323e-02 9.954610000000000403e-01 -5.596000000000000280e-03 -9.954600000000000115e-01 -9.503499999999999448e-02 -5.205999999999999690e-03
2.700000000000000000e+01 2.100000000000000000e+01 6.000000000000000000e+01 0.000000000000000000e+00 1.600000000000000089e+00 4.650999999999999752e-03 5.689999999999999529e-04 9.999890000000000168e-01 -9.650400000000000644e-02 9.953330000000000233e-01 -1.179999999999999951e-04 -9.953220000000000400e-01 -9.650300000000000544e-02 4.683999999999999796e-03
7.000000000000000000e+00 3.000000000000000000e+00 6.300000000000000000e+01 0.000000000000000000e+00 1.600000000000000089e+00 1.332000000000000068e-03 -2.203000000000000097e-03 9.999970000000000248e-01 -6.166800000000000059e-01 7.872090000000000476e-01 2.554999999999999979e-03 -7.872120000000000228e-01 -6.166819999999999524e-01 -3.099999999999999999e-04
4.000000000000000000e+00 2.700000000000000000e+01 6.300000000000000000e+01 0.000000000000000000e+00 1.600000000000000089e+00 -8.369999999999999619e-04 6.880999999999999964e-03 9.999759999999999760e-01 -2.696689999999999920e-01 9.629290000000000349e-01 -6.851999999999999584e-03 -9.629529999999999479e-01 -2.696689999999999920e-01 1.049000000000000019e-03
1.100000000000000000e+01 2.700000000000000000e+01 6.300000000000000000e+01 0.000000000000000000e+00 1.600000000000000089e+00 6.043999999999999893e-03 1.175000000000000046e-03 9.999810000000000088e-01 -2.846029999999999949e-01 9.586449999999999694e-01 5.940000000000000184e-04 -9.586270000000000069e-01 -2.846009999999999929e-01 6.127999999999999767e-03
1.400000000000000000e+01 2.700000000000000000e+01 6.300000000000000000e+01 0.000000000000000000e+00 1.600000000000000089e+00 3.510000000000000099e-03 3.285000000000000159e-03 9.999879999999999880e-01 -2.886329999999999729e-01 9.574380000000000113e-01 -2.132000000000000214e-03 -9.574340000000000073e-01 -2.886219999999999897e-01 4.309000000000000330e-03
2.100000000000000000e+01 2.700000000000000000e+01 6.300000000000000000e+01 0.000000000000000000e+00 1.600000000000000089e+00 -5.296999999999999625e-03 1.067000000000000023e-03 9.999850000000000128e-01 -2.703389999999999960e-01 9.627620000000000067e-01 -2.458999999999999814e-03 -9.627510000000000234e-01 -2.703479999999999772e-01 -4.812000000000000305e-03
2.500000000000000000e+01 2.700000000000000000e+01 6.300000000000000000e+01 0.000000000000000000e+00 1.600000000000000089e+00 2.135000000000000179e-03 1.860000000000000108e-03 9.999959999999999960e-01 -2.680980000000000030e-01 9.633909999999999973e-01 -1.219999999999999947e-03 -9.633890000000000509e-01 -2.680939999999999990e-01 2.554999999999999979e-03
3.000000000000000000e+01 2.700000000000000000e+01 6.300000000000000000e+01 0.000000000000000000e+00 1.600000000000000089e+00 2.253999999999999927e-03 1.562999999999999936e-03 9.999959999999999960e-01 -2.713189999999999769e-01 9.624890000000000390e-01 -8.930000000000000221e-04 -9.624869999999999814e-01 -2.713160000000000016e-01 2.592999999999999819e-03
3.000000000000000000e+00 2.600000000000000000e+01 6.400000000000000000e+01 0.000000000000000000e+00 1.600000000000000089e+00 -1.263000000000000017e-03 7.760000000000000404e-03 9.999689999999999968e-01 -3.514709999999999779e-01 9.361669999999999714e-01 -7.708999999999999707e-03 -9.361979999999999746e-01 -3.514700000000000046e-01 1.544999999999999932e-03
1.400000000000000000e+01 2.600000000000000000e+01 6.400000000000000000e+01 0.000000000000000000e+00 1.600000000000000089e+00 5.559999999999999838e-03 8.245999999999999858e-03 9.999510000000000343e-01 -3.780029999999999779e-01 9.257880000000000553e-01 -5.532999999999999724e-03 -9.257880000000000553e-01 -3.779529999999999834e-01 8.264999999999999777e-03
2.400000000000000000e+01 2.600000000000000000e+01 6.400000000000000000e+01 0.000000000000000000e+00 1.600000000000000089e+00 8.360000000000000460e-04 -2.799999999999999958e-05 1.000000000000000000e+00 -3.449740000000000029e-01 9.386120000000000019e-01 3.139999999999999888e-04 -9.386120000000000019e-01 -3.449740000000000029e-01 7.749999999999999728e-04
1.400000000000000000e+01 6.900000000000000000e+01 6.600000000000000000e+01 0.000000000000000000e+00 1.600000000000000089e+00 -3.321000000000000167e-03 3.514000000000000196e-03 9.999879999999999880e-01 -9.499220000000000441e-01 3.124589999999999868e-01 -4.252999999999999836e-03 -3.124700000000000255e-01 -9.499250000000000194e-01 2.301000000000000094e-03
2.000000000000000000e+00 2.500000000000000000e+01 7.300000000000000000e+01 0.000000000000000000e+00 1.600000000000000089e+00 1.894000000000000067e-03 -3.331000000000000193e-03 9.999930000000000208e-01 7.438709999999999489e-01 -6.683130000000000459e-01 -3.635000000000000210e-03 6.683200000000000252e-01 7.438730000000000064e-01 1.211999999999999970e-03
1.200000000000000000e+01 2.500000000000000000e+01 7.300000000000000000e+01 0.000000000000000000e+00 1.600000000000000089e+00 -1.672000000000000092e-03 -4.440000000000000045e-04 9.999989999999999712e-01 7.444460000000000521e-01 -6.676819999999999977e-01 9.489999999999999738e-04 6.676809999999999690e-01 7.444460000000000521e-01 1.446999999999999936e-03
1.600000000000000000e+01 2.500000000000000000e+01 7.300000000000000000e+01 0.000000000000000000e+00 1.600000000000000089e+00 1.230000000000000082e-04 -2.099000000000000171e-03 9.999980000000000535e-01 7.458289999999999642e-01 -6.661359999999999504e-01 -1.490000000000000005e-03 6.661369999999999791e-01 7.458280000000000465e-01 1.484000000000000076e-03
9.000000000000000000e+00 4.400000000000000000e+01 7.300000000000000000e+01 0.000000000000000000e+00 1.600000000000000089e+00 -1.016999999999999892e-03 -1.219000000000000031e-03 9.999989999999999712e-01 4.971400000000000124e-02 -9.987629999999999564e-01 -1.167000000000000069e-03 9.987629999999999564e-01 4.971300000000000024e-02 1.075999999999999917e-03
1.200000000000000000e+01 4.400000000000000000e+01 7.300000000000000000e+01 0.000000000000000000e+00 1.600000000000000089e+00 -3.959999999999999762e-04 -1.075999999999999917e-03 9.999989999999999712e-01 5.008699999999999958e-02 -9.987439999999999651e-01 -1.054999999999999948e-03 9.987449999999999939e-01 5.008599999999999858e-02 4.499999999999999877e-04
1.500000000000000000e+01 4.400000000000000000e+01 7.300000000000000000e+01 0.000000000000000000e+00 1.600000000000000089e+00 -1.459999999999999926e-03 -1.392000000000000008e-03 9.999980000000000535e-01 5.074100000000000138e-02 -9.987110000000000154e-01 -1.315999999999999896e-03 9.987110000000000154e-01 5.073899999999999938e-02 1.528999999999999977e-03
2.300000000000000000e+01 4.400000000000000000e+01 7.300000000000000000e+01 0.000000000000000000e+00 1.600000000000000089e+00 -5.710000000000000015e-04 -2.291000000000000068e-03 9.999970000000000248e-01 5.110599999999999865e-02 -9.986909999999999954e-01 -2.259000000000000157e-03 9.986930000000000529e-01 5.110499999999999765e-02 6.880000000000000265e-04
2.800000000000000000e+01 4.400000000000000000e+01 7.300000000000000000e+01 0.000000000000000000e+00 1.600000000000000089e+00 -1.552999999999999910e-03 -2.654000000000000109e-03 9.999949999999999672e-01 5.246100000000000069e-02 -9.986199999999999521e-01 -2.569000000000000103e-03 9.986220000000000097e-01 5.245699999999999669e-02 1.690000000000000096e-03
5.000000000000000000e+00 2.500000000000000000e+01 7.400000000000000000e+01 0.000000000000000000e+00 1.600000000000000089e+00 1.873000000000000099e-03 -1.564000000000000069e-03 9.999970000000000248e-01 8.204590000000000494e-01 -5.716999999999999860e-01 -2.431000000000000001e-03 5.717020000000000435e-01 8.204620000000000246e-01 2.120000000000000031e-04
2.200000000000000000e+01 2.500000000000000000e+01 7.400000000000000000e+01 0.000000000000000000e+00 1.600000000000000089e+00 1.095600000000000046e-02 1.239099999999999924e-02 9.998629999999999463e-01 8.344650000000000123e-01 -5.510570000000000190e-01 -2.314000000000000085e-03 5.509519999999999973e-01 8.343760000000000066e-01 -1.637699999999999920e-02
4.000000000000000000e+00 5.100000000000000000e+01 7.600000000000000000e+01 0.000000000000000000e+00 1.600000000000000089e+00 6.589999999999999721e-04 7.519999999999999558e-04 -1.000000000000000000e+00 -3.996600000000000152e-01 -9.166630000000000056e-01 -9.520000000000000467e-04 -9.166630000000000056e-01 3.996600000000000152e-01 -3.040000000000000167e-04
2.000000000000000000e+00 9.100000000000000000e+01 7.600000000000000000e+01 0.000000000000000000e+00 1.600000000000000089e+00 -2.207000000000000194e-03 -9.899999999999999404e-05 9.999980000000000535e-01 3.106479999999999797e-01 -9.505249999999999533e-01 5.910000000000000539e-04 9.505219999999999780e-01 3.106490000000000085e-01 2.128999999999999816e-03
5.000000000000000000e+00 9.100000000000000000e+01 7.600000000000000000e+01 0.000000000000000000e+00 1.600000000000000089e+00 -1.443999999999999971e-03 -7.659999999999999708e-04 9.999989999999999712e-01 3.092639999999999834e-01 -9.509760000000000435e-01 -2.820000000000000241e-04 9.509750000000000147e-01 3.092630000000000101e-01 1.610000000000000103e-03
9.000000000000000000e+00 9.100000000000000000e+01 7.600000000000000000e+01 0.000000000000000000e+00 1.600000000000000089e+00 6.570000000000000319e-04 -2.090000000000000115e-04 1.000000000000000000e+00 3.097360000000000113e-01 -9.508219999999999450e-01 -4.020000000000000136e-04 9.508219999999999450e-01 3.097369999999999846e-01 -5.599999999999999509e-04
1.200000000000000000e+01 9.100000000000000000e+01 7.600000000000000000e+01 0.000000000000000000e+00 1.600000000000000089e+00 -8.600000000000000331e-05 -1.226000000000000093e-03 9.999989999999999712e-01 3.159589999999999899e-01 -9.487719999999999487e-01 -1.136000000000000074e-03 9.487729999999999775e-01 3.159589999999999899e-01 4.690000000000000158e-04
2.000000000000000000e+01 9.100000000000000000e+01 7.600000000000000000e+01 0.000000000000000000e+00 1.600000000000000089e+00 -1.498999999999999898e-03 -2.177999999999999815e-03 9.999959999999999960e-01 3.130470000000000197e-01 -9.497360000000000246e-01 -1.598999999999999944e-03 9.497370000000000534e-01 3.130430000000000157e-01 2.105999999999999799e-03
2.700000000000000000e+01 9.100000000000000000e+01 7.600000000000000000e+01 0.000000000000000000e+00 1.600000000000000089e+00 2.820000000000000241e-04 2.690999999999999816e-03 9.999959999999999960e-01 3.169469999999999787e-01 -9.484399999999999498e-01 2.462999999999999912e-03 9.484430000000000360e-01 3.169449999999999767e-01 -1.121000000000000035e-03
2.000000000000000000e+00 4.400000000000000000e+01 8.300000000000000000e+01 0.000000000000000000e+00 1.600000000000000089e+00 6.909999999999999910e-04 1.247999999999999977e-03 9.999989999999999712e-01 5.778729999999999700e-01 -8.161270000000000469e-01 6.189999999999999756e-04 8.161270000000000469e-01 5.778720000000000523e-01 -1.284999999999999901e-03
1.900000000000000000e+01 4.400000000000000000e+01 8.300000000000000000e+01 0.000000000000000000e+00 1.600000000000000089e+00 1.691999999999999928e-03 -3.761000000000000020e-03 9.999919999999999920e-01 5.817769999999999886e-01 -8.133380000000000054e-01 -4.042999999999999719e-03 8.133460000000000134e-01 5.817790000000000461e-01 8.120000000000000048e-04
2.400000000000000000e+01 4.400000000000000000e+01 8.300000000000000000e+01 0.000000000000000000e+00 1.600000000000000089e+00 -2.990000000000000036e-04 -2.540000000000000157e-03 9.999970000000000248e-01 5.863979999999999748e-01 -8.100209999999999910e-01 -1.881999999999999992e-03 8.100230000000000485e-01 5.863960000000000283e-01 1.732000000000000033e-03
1.200000000000000000e+01 1.400000000000000000e+01 8.600000000000000000e+01 0.000000000000000000e+00 1.600000000000000089e+00 -3.099999999999999999e-04 4.124000000000000062e-03 -9.999909999999999632e-01 1.922659999999999925e-01 9.813349999999999573e-01 3.987000000000000093e-03 9.813429999999999653e-01 -1.922629999999999895e-01 -1.097000000000000102e-03
3.000000000000000000e+00 1.500000000000000000e+01 8.600000000000000000e+01 0.000000000000000000e+00 1.600000000000000089e+00 -1.700000000000000122e-04 4.102999999999999876e-03 -9.999919999999999920e-01 1.825160000000000116e-01 9.831950000000000411e-01 4.002999999999999614e-03 9.832030000000000491e-01 -1.825140000000000096e-01 -9.160000000000000390e-04
