1.000000000000000000e+01 1.010000000000000000e+02 7.000000000000000000e+00 0.000000000000000000e+00 1.600000000000000089e+00 -1.250999999999999942e-03 -3.461999999999999800e-03 9.999930000000000208e-01 8.856009999999999716e-01 4.644389999999999907e-01 2.714999999999999965e-03 -4.644460000000000255e-01 8.855979999999999963e-01 2.484999999999999796e-03
2.000000000000000000e+01 1.010000000000000000e+02 7.000000000000000000e+00 0.000000000000000000e+00 1.600000000000000089e+00 -1.072000000000000036e-03 4.553999999999999888e-03 9.999890000000000168e-01 8.824140000000000317e-01 4.704729999999999746e-01 -1.196000000000000014e-03 -4.704729999999999746e-01 8.824030000000000484e-01 -4.523000000000000111e-03
2.600000000000000000e+01 1.010000000000000000e+02 7.000000000000000000e+00 0.000000000000000000e+00 1.600000000000000089e+00 2.187000000000000142e-03 2.162999999999999992e-03 9.999949999999999672e-01 8.814389999999999725e-01 4.722879999999999856e-01 -2.948999999999999799e-03 -4.722919999999999896e-01 8.814419999999999478e-01 -8.739999999999999939e-04
2.900000000000000000e+01 1.010000000000000000e+02 7.000000000000000000e+00 0.000000000000000000e+00 1.600000000000000089e+00 3.007000000000000124e-03 -1.052600000000000063e-02 9.999400000000000510e-01 8.820900000000000407e-01 4.710759999999999947e-01 2.305999999999999890e-03 -4.710719999999999907e-01 8.820299999999999807e-01 1.070199999999999971e-02
1.800000000000000000e+01 1.500000000000000000e+01 8.000000000000000000e+00 0.000000000000000000e+00 1.600000000000000089e+00 -1.884000000000000041e-03 -1.262500000000000080e-02 -9.999179999999999735e-01 -6.279839999999999867e-01 -7.781479999999999508e-01 1.100800000000000042e-02 -7.782240000000000268e-01 6.279540000000000122e-01 -6.461999999999999862e-03
2.300000000000000000e+01 1.500000000000000000e+01 8.000000000000000000e+00 0.000000000000000000e+00 1.600000000000000089e+00 -2.500000000000000052e-04 1.007800000000000015e-02 -9.999489999999999768e-01 -6.287530000000000063e-01 -7.775670000000000082e-01 -7.680000000000000195e-03 -7.776049999999999907e-01 6.287190000000000278e-01 6.531000000000000347e-03
5.000000000000000000e+00 2.500000000000000000e+01 8.000000000000000000e+00 0.000000000000000000e+00 1.600000000000000089e+00 -1.689999999999999879e-04 6.880000000000000265e-04 -1.000000000000000000e+00 4.437139999999999973e-01 8.961679999999999646e-01 5.419999999999999471e-04 8.961679999999999646e-01 -4.437139999999999973e-01 -4.569999999999999952e-04
9.000000000000000000e+00 2.500000000000000000e+01 8.000000000000000000e+00 0.000000000000000000e+00 1.600000000000000089e+00 -9.139999999999999904e-04 -1.626999999999999974e-03 -9.999980000000000535e-01 4.457559999999999856e-01 8.951529999999999765e-01 -1.863999999999999988e-03 8.951540000000000052e-01 -4.457570000000000143e-01 -9.299999999999999727e-05
1.200000000000000000e+01 2.500000000000000000e+01 8.000000000000000000e+00 0.000000000000000000e+00 1.600000000000000089e+00 2.919999999999999961e-04 -2.798000000000000140e-03 -9.999959999999999960e-01 4.467220000000000080e-01 8.946690000000000476e-01 -2.371999999999999977e-03 8.946730000000000516e-01 -4.467200000000000060e-01 1.510999999999999973e-03
1.700000000000000000e+01 2.500000000000000000e+01 8.000000000000000000e+00 0.000000000000000000e+00 1.600000000000000089e+00 8.760000000000000425e-04 6.179999999999999513e-04 -9.999989999999999712e-01 4.452940000000000231e-01 8.953839999999999577e-01 9.439999999999999607e-04 8.953839999999999577e-01 -4.452949999999999964e-01 5.090000000000000123e-04
2.100000000000000000e+01 2.500000000000000000e+01 8.000000000000000000e+00 0.000000000000000000e+00 1.600000000000000089e+00 1.002000000000000069e-03 -5.002000000000000370e-03 -9.999869999999999592e-01 4.445290000000000075e-01 8.957549999999999679e-01 -4.035000000000000392e-03 8.957640000000000047e-01 -4.445189999999999975e-01 3.121000000000000076e-03
2.600000000000000000e+01 2.500000000000000000e+01 8.000000000000000000e+00 0.000000000000000000e+00 1.600000000000000089e+00 1.600000000000000131e-04 4.020000000000000136e-03 -9.999919999999999920e-01 4.456700000000000106e-01 8.951900000000000412e-01 3.670000000000000085e-03 8.951970000000000205e-01 -4.456669999999999798e-01 -1.649000000000000075e-03
8.000000000000000000e+00 9.000000000000000000e+00 9.000000000000000000e+00 0.000000000000000000e+00 1.600000000000000089e+00 -2.072900000000000090e-02 -2.301500000000000073e-02 -9.995199999999999640e-01 -9.462080000000000490e-01 -3.224259999999999904e-01 2.704799999999999913e-02 -3.228940000000000143e-01 9.463150000000000173e-01 -1.509399999999999978e-02
3.000000000000000000e+00 2.400000000000000000e+01 9.000000000000000000e+00 0.000000000000000000e+00 1.600000000000000089e+00 3.049999999999999868e-04 4.330000000000000081e-04 -1.000000000000000000e+00 4.508320000000000105e-01 8.926089999999999858e-01 5.240000000000000517e-04 8.926089999999999858e-01 -4.508320000000000105e-01 7.700000000000000139e-05
9.000000000000000000e+00 2.400000000000000000e+01 9.000000000000000000e+00 0.000000000000000000e+00 1.600000000000000089e+00 -1.221000000000000080e-03 -1.840999999999999972e-03 -9.999980000000000535e-01 4.534949999999999815e-01 8.912560000000000482e-01 -2.194999999999999903e-03 8.912579999999999947e-01 -4.534969999999999835e-01 -2.530000000000000239e-04
1.200000000000000000e+01 2.400000000000000000e+01 9.000000000000000000e+00 0.000000000000000000e+00 1.600000000000000089e+00 -6.200000000000000270e-05 -2.867000000000000191e-03 -9.999959999999999960e-01 4.547010000000000218e-01 8.906399999999999872e-01 -2.580999999999999961e-03 8.906439999999999912e-01 -4.546999999999999931e-01 1.247999999999999977e-03
1.800000000000000000e+01 2.400000000000000000e+01 9.000000000000000000e+00 0.000000000000000000e+00 1.600000000000000089e+00 1.026999999999999918e-03 -1.479999999999999979e-03 -9.999980000000000535e-01 4.532459999999999822e-01 8.913849999999999829e-01 -8.540000000000000499e-04 8.913849999999999829e-01 -4.532450000000000090e-01 1.585999999999999953e-03
2.500000000000000000e+01 2.400000000000000000e+01 9.000000000000000000e+00 0.000000000000000000e+00 1.600000000000000089e+00 -2.910000000000000260e-04 4.719000000000000104e-03 -9.999890000000000168e-01 4.535899999999999932e-01 8.912010000000000209e-01 4.073000000000000231e-03 8.912099999999999467e-01 -4.535839999999999872e-01 -2.399999999999999790e-03
3.000000000000000000e+00 3.500000000000000000e+01 1.200000000000000000e+01 0.000000000000000000e+00 1.600000000000000089e+00 9.330000000000000186e-04 1.209000000000000005e-03 -9.999989999999999712e-01 4.583340000000000192e-01 -8.887800000000000145e-01 -6.470000000000000057e-04 -8.887800000000000145e-01 -4.583329999999999904e-01 -1.382999999999999898e-03
6.000000000000000000e+00 3.500000000000000000e+01 1.200000000000000000e+01 0.000000000000000000e+00 1.600000000000000089e+00 9.169999999999999549e-04 -3.507999999999999834e-03 -9.999930000000000208e-01 4.655110000000000081e-01 -8.850350000000000161e-01 3.531999999999999983e-03 -8.850419999999999954e-01 -4.655110000000000081e-01 8.210000000000000067e-04
9.000000000000000000e+00 3.500000000000000000e+01 1.200000000000000000e+01 0.000000000000000000e+00 1.600000000000000089e+00 8.419999999999999750e-04 -1.079000000000000098e-03 -9.999989999999999712e-01 4.724599999999999911e-01 -8.813509999999999955e-01 1.348999999999999939e-03 -8.813520000000000243e-01 -4.724610000000000198e-01 -2.329999999999999986e-04
1.300000000000000000e+01 3.500000000000000000e+01 1.200000000000000000e+01 0.000000000000000000e+00 1.600000000000000089e+00 -2.445999999999999824e-03 1.734000000000000081e-03 -9.999959999999999960e-01 4.710340000000000082e-01 -8.821109999999999784e-01 -2.681999999999999922e-03 -8.821109999999999784e-01 -4.710389999999999855e-01 1.340999999999999961e-03
2.200000000000000000e+01 3.500000000000000000e+01 1.200000000000000000e+01 0.000000000000000000e+00 1.600000000000000089e+00 -4.920000000000000328e-04 6.780000000000000002e-04 -1.000000000000000000e+00 4.705739999999999923e-01 -8.823600000000000332e-01 -8.300000000000000086e-04 -8.823600000000000332e-01 -4.705739999999999923e-01 1.150000000000000035e-04
2.700000000000000000e+01 3.500000000000000000e+01 1.200000000000000000e+01 0.000000000000000000e+00 1.600000000000000089e+00 4.487999999999999802e-03 -4.601000000000000055e-03 -9.999789999999999512e-01 4.743820000000000259e-01 -8.802980000000000249e-01 6.178999999999999597e-03 -8.803079999999999794e-01 -4.743999999999999884e-01 -1.768000000000000040e-03
7.000000000000000000e+00 3.200000000000000000e+01 1.400000000000000000e+01 0.000000000000000000e+00 1.600000000000000089e+00 -1.299999999999999920e-05 2.122000000000000188e-03 -9.999980000000000535e-01 1.031360000000000054e-01 9.946650000000000214e-01 2.109000000000000197e-03 9.946669999999999678e-01 -1.031360000000000054e-01 -2.320000000000000014e-04
1.400000000000000000e+01 3.200000000000000000e+01 1.400000000000000000e+01 0.000000000000000000e+00 1.600000000000000089e+00 8.880000000000000089e-04 -6.102999999999999918e-03 -9.999810000000000088e-01 1.034869999999999957e-01 9.946129999999999693e-01 -5.977999999999999807e-03 9.946300000000000141e-01 -1.034800000000000025e-01 1.515000000000000071e-03
2.100000000000000000e+01 3.200000000000000000e+01 1.400000000000000000e+01 0.000000000000000000e+00 1.600000000000000089e+00 1.180999999999999975e-03 1.283999999999999985e-03 -9.999980000000000535e-01 9.665799999999999392e-02 9.953170000000000073e-01 1.392999999999999924e-03 9.953170000000000073e-01 -9.665899999999999492e-02 1.051999999999999984e-03
4.000000000000000000e+00 1.160000000000000000e+02 1.600000000000000000e+01 0.000000000000000000e+00 1.600000000000000089e+00 1.302999999999999905e-03 2.083999999999999915e-03 9.999970000000000248e-01 7.096529999999999783e-01 7.045470000000000343e-01 -2.393000000000000162e-03 -7.045500000000000096e-01 7.096540000000000070e-01 -5.609999999999999752e-04
1.200000000000000000e+01 1.160000000000000000e+02 1.600000000000000000e+01 0.000000000000000000e+00 1.600000000000000089e+00 -1.435999999999999993e-03 4.479999999999999933e-04 9.999989999999999712e-01 7.577869999999999884e-01 6.525020000000000264e-01 7.960000000000000495e-04 -6.525009999999999977e-01 7.577869999999999884e-01 -1.276000000000000007e-03
2.600000000000000000e+01 1.160000000000000000e+02 1.600000000000000000e+01 0.000000000000000000e+00 1.600000000000000089e+00 1.556000000000000091e-03 -1.662999999999999982e-03 9.999970000000000248e-01 7.602889999999999926e-01 6.495840000000000503e-01 -1.029999999999999964e-04 -6.495830000000000215e-01 7.602879999999999638e-01 2.275000000000000112e-03
4.000000000000000000e+00 2.000000000000000000e+00 1.900000000000000000e+01 0.000000000000000000e+00 1.600000000000000089e+00 1.567000000000000033e-03 6.105000000000000183e-03 -9.999799999999999800e-01 3.255520000000000080e-01 -9.455099999999999616e-01 -5.263000000000000317e-03 -9.455230000000000024e-01 -3.255370000000000208e-01 -3.468999999999999861e-03
9.000000000000000000e+00 2.000000000000000000e+00 1.900000000000000000e+01 0.000000000000000000e+00 1.600000000000000089e+00 -3.119999999999999944e-04 -4.904999999999999638e-03 -9.999879999999999880e-01 3.297260000000000191e-01 -9.440659999999999608e-01 4.527999999999999907e-03 -9.440770000000000550e-01 -3.297200000000000131e-01 1.910999999999999938e-03
1.500000000000000000e+01 2.000000000000000000e+00 1.900000000000000000e+01 0.000000000000000000e+00 1.600000000000000089e+00 -6.419999999999999925e-04 6.578999999999999779e-03 -9.999780000000000335e-01 3.351790000000000047e-01 -9.421329999999999982e-01 -6.413000000000000297e-03 -9.421540000000000470e-01 -3.351759999999999740e-01 -1.600000000000000077e-03
2.000000000000000000e+01 2.000000000000000000e+00 1.900000000000000000e+01 0.000000000000000000e+00 1.600000000000000089e+00 3.240000000000000150e-04 3.840999999999999796e-03 -9.999930000000000208e-01 3.429180000000000006e-01 -9.393590000000000551e-01 -3.497000000000000108e-03 -9.393650000000000055e-01 -3.429150000000000253e-01 -1.621000000000000045e-03
2.500000000000000000e+01 2.000000000000000000e+00 1.900000000000000000e+01 0.000000000000000000e+00 1.600000000000000089e+00 9.079999999999999530e-04 -4.808999999999999907e-03 -9.999879999999999880e-01 3.435059999999999780e-01 -9.391380000000000283e-01 4.827999999999999826e-03 -9.391500000000000403e-01 -3.435059999999999780e-01 7.990000000000000140e-04
3.000000000000000000e+00 1.300000000000000000e+01 2.000000000000000000e+01 0.000000000000000000e+00 1.600000000000000089e+00 1.817000000000000039e-03 7.569999999999999689e-04 9.999980000000000535e-01 2.622039999999999926e-01 9.650119999999999809e-01 -1.206999999999999957e-03 -9.650109999999999522e-01 2.622059999999999946e-01 1.554999999999999959e-03
8.000000000000000000e+00 1.300000000000000000e+01 2.000000000000000000e+01 0.000000000000000000e+00 1.600000000000000089e+00 -8.599999999999999789e-04 3.919999999999999873e-04 1.000000000000000000e+00 2.642439999999999789e-01 9.644559999999999800e-01 -1.499999999999999869e-04 -9.644549999999999512e-01 2.642439999999999789e-01 -9.330000000000000186e-04
1.100000000000000000e+01 1.300000000000000000e+01 2.000000000000000000e+01 0.000000000000000000e+00 1.600000000000000089e+00 -1.590000000000000050e-03 9.439999999999999607e-04 9.999980000000000535e-01 2.649590000000000001e-01 9.642600000000000060e-01 -4.889999999999999599e-04 -9.642579999999999485e-01 2.649569999999999981e-01 -1.783999999999999996e-03
1.600000000000000000e+01 1.300000000000000000e+01 2.000000000000000000e+01 0.000000000000000000e+00 1.600000000000000089e+00 1.185999999999999988e-03 -4.107999999999999673e-03 9.999909999999999632e-01 2.623989999999999934e-01 9.649529999999999497e-01 3.652999999999999997e-03 -9.649590000000000112e-01 2.623920000000000141e-01 2.222000000000000017e-03
1.900000000000000000e+01 1.300000000000000000e+01 2.000000000000000000e+01 0.000000000000000000e+00 1.600000000000000089e+00 2.047999999999999907e-03 -2.488000000000000194e-03 9.999949999999999672e-01 2.609670000000000045e-01 9.653460000000000374e-01 1.866999999999999953e-03 -9.653450000000000086e-01 2.609620000000000273e-01 2.626999999999999995e-03
5.000000000000000000e+00 3.000000000000000000e+00 2.500000000000000000e+01 0.000000000000000000e+00 1.600000000000000089e+00 -3.694999999999999934e-03 9.779999999999999197e-04 9.999930000000000208e-01 9.043999999999999956e-03 -9.999590000000000423e-01 1.012000000000000096e-03 9.999519999999999520e-01 9.048000000000000487e-03 3.686000000000000040e-03
2.900000000000000000e+01 3.000000000000000000e+00 2.500000000000000000e+01 0.000000000000000000e+00 1.600000000000000089e+00 4.110000000000000155e-04 -3.469999999999999994e-03 9.999940000000000495e-01 1.374599999999999954e-02 -9.998989999999999823e-01 -3.475999999999999923e-03 9.999050000000000438e-01 1.374700000000000054e-02 -3.629999999999999872e-04
2.200000000000000000e+01 4.600000000000000000e+01 2.700000000000000000e+01 0.000000000000000000e+00 1.600000000000000089e+00 -1.592000000000000099e-03 -1.343000000000000010e-03 -9.999980000000000535e-01 6.644259999999999611e-01 7.473509999999999875e-01 -2.062000000000000031e-03 7.473520000000000163e-01 -6.644280000000000186e-01 -2.970000000000000092e-04
2.200000000000000000e+01 4.600000000000000000e+01 3.000000000000000000e+01 0.000000000000000000e+00 1.600000000000000089e+00 -1.258999999999999920e-03 1.520000000000000084e-04 -9.999989999999999712e-01 3.282669999999999755e-01 9.445850000000000080e-01 -2.689999999999999791e-04 9.445839999999999792e-01 -3.282669999999999755e-01 -1.240000000000000000e-03
1.100000000000000000e+01 5.800000000000000000e+01 3.100000000000000000e+01 0.000000000000000000e+00 1.600000000000000089e+00 -7.386000000000000204e-03 -1.535599999999999986e-02 9.998550000000000493e-01 -7.597589999999999621e-01 -6.500179999999999847e-01 -1.559499999999999949e-02 6.501630000000000464e-01 -7.597639999999999949e-01 -6.865999999999999708e-03
2.100000000000000000e+01 5.800000000000000000e+01 3.100000000000000000e+01 0.000000000000000000e+00 1.600000000000000089e+00 3.595000000000000105e-03 4.199999999999999768e-05 9.999940000000000495e-01 -7.646249999999999991e-01 -6.444699999999999873e-01 2.775999999999999822e-03 6.444659999999999833e-01 -7.646300000000000319e-01 -2.285000000000000139e-03
3.000000000000000000e+01 5.800000000000000000e+01 3.100000000000000000e+01 0.000000000000000000e+00 1.600000000000000089e+00 -9.280000000000000054e-04 6.296999999999999646e-03 9.999799999999999800e-01 -7.662710000000000354e-01 -6.425089999999999968e-01 3.334999999999999857e-03 6.425170000000000048e-01 -7.662529999999999619e-01 5.421999999999999736e-03
3.000000000000000000e+00 4.600000000000000000e+01 3.500000000000000000e+01 0.000000000000000000e+00 1.600000000000000089e+00 5.890000000000000053e-04 -1.397999999999999937e-03 -9.999989999999999712e-01 3.887180000000000080e-01 -9.213559999999999528e-01 1.516999999999999902e-03 -9.213569999999999816e-01 -3.887180000000000080e-01 9.999999999999999547e-07
6.000000000000000000e+00 4.600000000000000000e+01 3.500000000000000000e+01 0.000000000000000000e+00 1.600000000000000089e+00 -4.099999999999999912e-04 6.390000000000000280e-04 -1.000000000000000000e+00 3.895660000000000234e-01 -9.209979999999999833e-01 -7.479999999999999670e-04 -9.209979999999999833e-01 -3.895669999999999966e-01 1.289999999999999914e-04
1.100000000000000000e+01 4.600000000000000000e+01 3.500000000000000000e+01 0.000000000000000000e+00 1.600000000000000089e+00 -5.469999999999999602e-04 -2.386999999999999799e-03 -9.999970000000000248e-01 3.907640000000000002e-01 -9.204890000000000017e-01 1.982999999999999954e-03 -9.204909999999999481e-01 -3.907619999999999982e-01 1.435999999999999993e-03
1.800000000000000000e+01 4.600000000000000000e+01 3.500000000000000000e+01 0.000000000000000000e+00 1.600000000000000089e+00 1.050000000000000044e-04 -3.507000000000000135e-03 -9.999940000000000495e-01 3.914409999999999834e-01 -9.201970000000000427e-01 3.269000000000000204e-03 -9.202029999999999932e-01 -3.914389999999999814e-01 1.276000000000000007e-03
2.200000000000000000e+01 4.600000000000000000e+01 3.500000000000000000e+01 0.000000000000000000e+00 1.600000000000000089e+00 6.199999999999999999e-04 4.568000000000000012e-03 -9.999890000000000168e-01 3.911390000000000144e-01 -9.203230000000000022e-01 -3.961000000000000111e-03 -9.203310000000000102e-01 -3.911319999999999797e-01 -2.357999999999999853e-03
1.000000000000000000e+00 2.900000000000000000e+01 4.400000000000000000e+01 0.000000000000000000e+00 1.600000000000000089e+00 -2.739999999999999923e-04 6.930000000000000396e-04 -1.000000000000000000e+00 6.584060000000000468e-01 7.526620000000000532e-01 3.409999999999999945e-04 7.526620000000000532e-01 -6.584060000000000468e-01 -6.620000000000000450e-04
5.000000000000000000e+00 2.900000000000000000e+01 4.400000000000000000e+01 0.000000000000000000e+00 1.600000000000000089e+00 -8.500000000000000611e-05 8.899999999999999491e-04 -1.000000000000000000e+00 6.590620000000000367e-01 7.520879999999999788e-01 6.130000000000000466e-04 7.520879999999999788e-01 -6.590620000000000367e-01 -6.499999999999999702e-04
1.100000000000000000e+01 2.900000000000000000e+01 4.400000000000000000e+01 0.000000000000000000e+00 1.600000000000000089e+00 2.037000000000000182e-03 -7.360000000000000006e-04 -9.999980000000000535e-01 6.621179999999999843e-01 7.493990000000000373e-01 7.969999999999999654e-04 7.493969999999999798e-01 -6.621179999999999843e-01 2.014000000000000165e-03
1.600000000000000000e+01 2.900000000000000000e+01 4.400000000000000000e+01 0.000000000000000000e+00 1.600000000000000089e+00 -1.753000000000000001e-03 4.530000000000000172e-03 -9.999879999999999880e-01 6.572820000000000329e-01 7.536410000000000053e-01 2.262000000000000122e-03 7.536429999999999518e-01 -6.572700000000000209e-01 -4.298999999999999870e-03
2.300000000000000000e+01 2.900000000000000000e+01 4.400000000000000000e+01 0.000000000000000000e+00 1.600000000000000089e+00 -1.800000000000000046e-05 -6.986000000000000022e-03 -9.999759999999999760e-01 6.685449999999999449e-01 7.436540000000000372e-01 -5.206999999999999823e-03 7.436719999999999997e-01 -6.685280000000000111e-01 4.656999999999999681e-03
3.000000000000000000e+01 2.900000000000000000e+01 4.400000000000000000e+01 0.000000000000000000e+00 1.600000000000000089e+00 3.726000000000000145e-03 7.966000000000000858e-03 -9.999609999999999888e-01 6.638079999999999536e-01 7.478559999999999652e-01 8.430999999999999259e-03 7.478939999999999477e-01 -6.638129999999999864e-01 -2.501000000000000185e-03
2.700000000000000000e+01 7.000000000000000000e+01 4.700000000000000000e+01 0.000000000000000000e+00 1.600000000000000089e+00 5.409999999999999878e-03 1.007000000000000083e-03 -9.999850000000000128e-01 -8.457230000000000025e-01 -5.335969999999999880e-01 -5.112000000000000224e-03 -5.335940000000000127e-01 8.457379999999999898e-01 -2.034999999999999917e-03
1.500000000000000000e+01 5.000000000000000000e+00 5.100000000000000000e+01 0.000000000000000000e+00 1.600000000000000089e+00 -3.327000000000000096e-03 -3.033000000000000106e-03 -9.999900000000000455e-01 4.926740000000000008e-01 -8.702140000000000430e-01 1.000000000000000021e-03 -8.702079999999999815e-01 -4.926650000000000196e-01 4.388999999999999672e-03
2.200000000000000000e+01 5.000000000000000000e+00 5.100000000000000000e+01 0.000000000000000000e+00 1.600000000000000089e+00 4.388999999999999672e-03 -6.292999999999999983e-03 -9.999710000000000543e-01 4.875320000000000209e-01 -8.730719999999999592e-01 7.634000000000000161e-03 -8.730940000000000367e-01 -4.875510000000000121e-01 -7.640000000000000306e-04
2.900000000000000000e+01 5.000000000000000000e+00 5.100000000000000000e+01 0.000000000000000000e+00 1.600000000000000089e+00 6.429999999999999952e-03 9.950000000000000077e-04 -9.999789999999999512e-01 4.794930000000000025e-01 -8.775429999999999620e-01 2.210000000000000159e-03 -8.775220000000000242e-01 -4.794970000000000065e-01 -6.119000000000000307e-03
1.000000000000000000e+01 1.150000000000000000e+02 5.100000000000000000e+01 0.000000000000000000e+00 1.600000000000000089e+00 -1.515999999999999986e-03 -3.363000000000000104e-03 9.999930000000000208e-01 8.461600000000000232e-01 -5.329279999999999573e-01 -5.100000000000000366e-04 5.329260000000000108e-01 8.461539999999999617e-01 3.652999999999999997e-03
1.000000000000000000e+00 7.000000000000000000e+00 5.200000000000000000e+01 0.000000000000000000e+00 1.600000000000000089e+00 -2.050999999999999872e-03 1.135099999999999998e-02 -9.999329999999999607e-01 1.237280000000000046e-01 -9.922490000000000476e-01 -1.151699999999999946e-02 -9.923140000000000294e-01 -1.237440000000000068e-01 6.300000000000000261e-04
2.000000000000000000e+01 7.000000000000000000e+00 5.200000000000000000e+01 0.000000000000000000e+00 1.600000000000000089e+00 -1.812000000000000026e-03 -3.686000000000000040e-03 -9.999919999999999920e-01 1.088279999999999942e-01 -9.940550000000000219e-01 3.467000000000000030e-03 -9.940590000000000259e-01 -1.088210000000000011e-01 2.201999999999999964e-03
2.000000000000000000e+00 6.300000000000000000e+01 5.400000000000000000e+01 0.000000000000000000e+00 1.600000000000000089e+00 -7.649999999999999465e-04 -1.186999999999999904e-03 9.999989999999999712e-01 -3.395779999999999910e-01 9.405780000000000252e-01 8.570000000000000144e-04 -9.405780000000000252e-01 -3.395770000000000177e-01 -1.123000000000000083e-03
4.000000000000000000e+00 6.300000000000000000e+01 5.400000000000000000e+01 0.000000000000000000e+00 1.600000000000000089e+00 1.640000000000000019e-04 4.299999999999999894e-04 1.000000000000000000e+00 -3.409119999999999928e-01 9.400950000000000140e-01 -3.480000000000000020e-04 -9.400950000000000140e-01 -3.409119999999999928e-01 3.009999999999999980e-04
9.000000000000000000e+00 6.300000000000000000e+01 5.400000000000000000e+01 0.000000000000000000e+00 1.600000000000000089e+00 3.750000000000000078e-04 1.129000000000000012e-03 9.999989999999999712e-01 -3.413649999999999740e-01 9.399300000000000432e-01 -9.330000000000000186e-04 -9.399309999999999610e-01 -3.413640000000000008e-01 7.380000000000000492e-04
1.500000000000000000e+01 6.300000000000000000e+01 5.400000000000000000e+01 0.000000000000000000e+00 1.600000000000000089e+00 -2.919999999999999961e-04 1.520000000000000084e-04 1.000000000000000000e+00 -3.407800000000000273e-01 9.401429999999999509e-01 -2.420000000000000005e-04 -9.401429999999999509e-01 -3.407810000000000006e-01 -2.229999999999999994e-04
2.200000000000000000e+01 6.300000000000000000e+01 5.400000000000000000e+01 0.000000000000000000e+00 1.600000000000000089e+00 6.620000000000000450e-04 1.574000000000000095e-03 9.999980000000000535e-01 -3.452970000000000206e-01 9.384930000000000216e-01 -1.247999999999999977e-03 -9.384930000000000216e-01 -3.452959999999999918e-01 1.165000000000000020e-03
2.700000000000000000e+01 6.300000000000000000e+01 5.400000000000000000e+01 0.000000000000000000e+00 1.600000000000000089e+00 -1.477999999999999930e-03 4.130000000000000099e-04 9.999989999999999712e-01 -3.421620000000000217e-01 9.396400000000000308e-01 -8.940000000000000464e-04 -9.396400000000000308e-01 -3.421629999999999949e-01 -1.247999999999999977e-03
4.000000000000000000e+00 2.500000000000000000e+01 5.500000000000000000e+01 0.000000000000000000e+00 1.600000000000000089e+00 -1.427000000000000100e-03 8.739999999999999939e-04 -9.999989999999999712e-01 -1.015300000000000057e-02 -9.999479999999999480e-01 -8.599999999999999789e-04 -9.999470000000000303e-01 1.015199999999999957e-02 1.435999999999999993e-03
1.500000000000000000e+01 2.500000000000000000e+01 5.500000000000000000e+01 0.000000000000000000e+00 1.600000000000000089e+00 1.356999999999999916e-03 -4.270000000000000358e-03 -9.999900000000000455e-01 -1.266100000000000038e-02 -9.999109999999999943e-01 4.251999999999999703e-03 -9.999190000000000023e-01 1.265600000000000058e-02 -1.410999999999999928e-03
7.000000000000000000e+00 2.100000000000000000e+01 6.000000000000000000e+01 0.000000000000000000e+00 1.600000000000000089e+00 2.590000000000000071e-04 -7.693000000000000185e-03 9.999700000000000255e-01 -9.351700000000000290e-02 9.955880000000000285e-01 7.683999999999999858e-03 -9.956180000000000030e-01 -9.351600000000000190e-02 -4.609999999999999840e-04
1.400000000000000000e+01 2.100000000000000000e+01 6.000000000000000000e+01 0.000000000000000000e+00 1.600000000000000089e+00 -1.074000000000000085e-03 -2.180000000000000134e-04 9.999989999999999712e-01 -9.421499999999999320e-02 9.955519999999999925e-01 1.150000000000000035e-04 -9.955509999999999637e-01 -9.421499999999999320e-02 -1.090000000000000040e-03
2.300000000000000000e+01 2.100000000000000000e+01 6.000000000000000000e+01 0.000000000000000000e+00 1.600000000000000089e+00 7.560000000000000530e-04 3.399000000000000112e-03 9.999940000000000495e-01 -9.397099999999999898e-02 9.955690000000000373e-01 -3.312999999999999973e-03 -9.955749999999999877e-01 -9.396799999999999597e-02 1.072000000000000036e-03
5.000000000000000000e+00 2.700000000000000000e+01 6.300000000000000000e+01 0.000000000000000000e+00 1.600000000000000089e+00 2.028999999999999988e-03 3.288000000000000124e-03 9.999930000000000208e-01 -2.768610000000000237e-01 9.609069999999999556e-01 -2.596999999999999916e-03 -9.609079999999999844e-01 -2.768539999999999890e-01 2.860000000000000129e-03
1.200000000000000000e+01 2.700000000000000000e+01 6.300000000000000000e+01 0.000000000000000000e+00 1.600000000000000089e+00 -9.560000000000000355e-04 1.758999999999999930e-03 9.999980000000000535e-01 -2.729570000000000052e-01 9.620239999999999903e-01 -1.953000000000000092e-03 -9.620260000000000478e-01 -2.729590000000000072e-01 -4.400000000000000157e-04
1.700000000000000000e+01 2.700000000000000000e+01 6.300000000000000000e+01 0.000000000000000000e+00 1.600000000000000089e+00 8.329999999999999731e-04 -3.569000000000000124e-03 9.999930000000000208e-01 -2.720049999999999968e-01 9.622889999999999500e-01 3.661000000000000192e-03 -9.622960000000000402e-01 -2.720060000000000255e-01 -1.689999999999999879e-04
2.300000000000000000e+01 2.700000000000000000e+01 6.300000000000000000e+01 0.000000000000000000e+00 1.600000000000000089e+00 1.915000000000000036e-03 5.086000000000000243e-03 9.999850000000000128e-01 -2.714699999999999891e-01 9.624369999999999870e-01 -4.375000000000000416e-03 -9.624449999999999950e-01 -2.714579999999999771e-01 3.223999999999999869e-03
3.000000000000000000e+00 2.600000000000000000e+01 6.400000000000000000e+01 0.000000000000000000e+00 1.600000000000000089e+00 1.360000000000000098e-03 -2.489999999999999809e-04 9.999989999999999712e-01 -3.690800000000000192e-01 9.293970000000000287e-01 7.330000000000000361e-04 -9.293970000000000287e-01 -3.690809999999999924e-01 1.172000000000000082e-03
6.000000000000000000e+00 2.600000000000000000e+01 6.400000000000000000e+01 0.000000000000000000e+00 1.600000000000000089e+00 1.595999999999999979e-03 5.176000000000000045e-03 9.999850000000000128e-01 -3.673310000000000186e-01 9.300810000000000466e-01 -4.227999999999999987e-03 -9.300890000000000546e-01 -3.673190000000000066e-01 3.384999999999999988e-03
1.700000000000000000e+01 2.600000000000000000e+01 6.400000000000000000e+01 0.000000000000000000e+00 1.600000000000000089e+00 1.010000000000000047e-03 -4.101999999999999744e-03 9.999909999999999632e-01 -3.611759999999999970e-01 9.324879999999999836e-01 4.190000000000000148e-03 -9.324970000000000203e-01 -3.611770000000000258e-01 -5.389999999999999826e-04
2.000000000000000000e+01 2.600000000000000000e+01 6.400000000000000000e+01 0.000000000000000000e+00 1.600000000000000089e+00 3.100000000000000135e-05 6.310000000000000504e-04 1.000000000000000000e+00 -3.618709999999999982e-01 9.322279999999999456e-01 -5.770000000000000389e-04 -9.322279999999999456e-01 -3.618709999999999982e-01 2.570000000000000127e-04
2.300000000000000000e+01 2.600000000000000000e+01 6.400000000000000000e+01 0.000000000000000000e+00 1.600000000000000089e+00 1.732999999999999948e-03 5.144000000000000135e-03 9.999850000000000128e-01 -3.605470000000000064e-01 9.327320000000000055e-01 -4.172999999999999626e-03 -9.327389999999999848e-01 -3.605340000000000211e-01 3.471000000000000127e-03
6.000000000000000000e+00 2.500000000000000000e+01 7.300000000000000000e+01 0.000000000000000000e+00 1.600000000000000089e+00 -2.067999999999999960e-03 -2.742000000000000080e-03 9.999940000000000495e-01 7.514269999999999561e-01 -6.598159999999999581e-01 -2.559999999999999884e-04 6.598129999999999828e-01 7.514220000000000343e-01 3.425000000000000093e-03
9.000000000000000000e+00 2.500000000000000000e+01 7.300000000000000000e+01 0.000000000000000000e+00 1.600000000000000089e+00 -3.373999999999999829e-03 -7.427999999999999707e-03 9.999670000000000503e-01 7.522299999999999542e-01 -6.588960000000000372e-01 -2.356000000000000021e-03 6.588920000000000332e-01 7.521970000000000045e-01 7.810000000000000102e-03
1.400000000000000000e+01 2.500000000000000000e+01 7.300000000000000000e+01 0.000000000000000000e+00 1.600000000000000089e+00 -1.642999999999999929e-03 -2.438000000000000063e-03 9.999959999999999960e-01 7.542649999999999633e-01 -6.565699999999999870e-01 -3.620000000000000171e-04 6.565680000000000405e-01 7.542609999999999593e-01 2.918000000000000021e-03
2.000000000000000000e+01 2.500000000000000000e+01 7.300000000000000000e+01 0.000000000000000000e+00 1.600000000000000089e+00 -9.499999999999999981e-04 2.305000000000000191e-03 9.999970000000000248e-01 7.511980000000000324e-01 -6.600740000000000496e-01 2.235000000000000007e-03 6.600770000000000248e-01 7.511970000000000036e-01 -1.103999999999999947e-03
2.600000000000000000e+01 2.500000000000000000e+01 7.300000000000000000e+01 0.000000000000000000e+00 1.600000000000000089e+00 3.139999999999999888e-04 -4.870000000000000197e-04 1.000000000000000000e+00 7.562130000000000241e-01 -6.543259999999999632e-01 -5.569999999999999864e-04 6.543259999999999632e-01 7.562130000000000241e-01 1.630000000000000047e-04
3.000000000000000000e+01 2.500000000000000000e+01 7.300000000000000000e+01 0.000000000000000000e+00 1.600000000000000089e+00 -1.366999999999999943e-03 1.979999999999999881e-04 9.999989999999999712e-01 7.556690000000000351e-01 -6.549519999999999786e-01 1.162999999999999971e-03 6.549519999999999786e-01 7.556699999999999529e-01 7.460000000000000268e-04
6.000000000000000000e+00 4.400000000000000000e+01 7.300000000000000000e+01 0.000000000000000000e+00 1.600000000000000089e+00 -9.550000000000000112e-04 -1.606999999999999922e-03 9.999980000000000535e-01 5.101800000000000085e-02 -9.986969999999999459e-01 -1.556000000000000091e-03 9.986969999999999459e-01 5.101699999999999985e-02 1.036000000000000029e-03
1.500000000000000000e+01 4.400000000000000000e+01 7.300000000000000000e+01 0.000000000000000000e+00 1.600000000000000089e+00 -1.030000000000000100e-03 -1.302999999999999905e-03 9.999989999999999712e-01 5.339800000000000102e-02 -9.985730000000000439e-01 -1.245999999999999929e-03 9.985730000000000439e-01 5.339700000000000002e-02 1.098000000000000018e-03
2.700000000000000000e+01 4.400000000000000000e+01 7.300000000000000000e+01 0.000000000000000000e+00 1.600000000000000089e+00 1.090999999999999956e-03 7.789999999999999616e-04 9.999989999999999712e-01 5.380100000000000160e-02 -9.985509999999999664e-01 7.190000000000000210e-04 9.985509999999999664e-01 5.380000000000000060e-02 -1.131999999999999977e-03
4.000000000000000000e+00 9.100000000000000000e+01 7.600000000000000000e+01 0.000000000000000000e+00 1.600000000000000089e+00 2.519999999999999996e-04 1.051999999999999984e-03 9.999989999999999712e-01 3.142429999999999946e-01 -9.493420000000000192e-01 9.200000000000000278e-04 9.493430000000000479e-01 3.142420000000000213e-01 -5.699999999999999772e-04
9.000000000000000000e+00 9.100000000000000000e+01 7.600000000000000000e+01 0.000000000000000000e+00 1.600000000000000089e+00 -3.939999999999999817e-04 -1.851999999999999914e-03 9.999980000000000535e-01 3.270649999999999946e-01 -9.450009999999999799e-01 -1.621000000000000045e-03 9.450020000000000087e-01 3.270629999999999926e-01 9.779999999999999197e-04
1.300000000000000000e+01 9.100000000000000000e+01 7.600000000000000000e+01 0.000000000000000000e+00 1.600000000000000089e+00 -2.090000000000000115e-04 -7.739999999999999485e-04 1.000000000000000000e+00 3.191039999999999988e-01 -9.477200000000000069e-01 -6.660000000000000338e-04 9.477200000000000069e-01 3.191039999999999988e-01 4.449999999999999746e-04
1.600000000000000000e+01 9.100000000000000000e+01 7.600000000000000000e+01 0.000000000000000000e+00 1.600000000000000089e+00 3.669999999999999760e-04 6.179999999999999513e-04 1.000000000000000000e+00 3.151129999999999765e-01 -9.490539999999999532e-01 4.710000000000000102e-04 9.490539999999999532e-01 3.151129999999999765e-01 -5.429999999999999714e-04
2.000000000000000000e+01 9.100000000000000000e+01 7.600000000000000000e+01 0.000000000000000000e+00 1.600000000000000089e+00 9.590000000000000000e-04 4.699999999999999724e-05 1.000000000000000000e+00 3.134640000000000204e-01 -9.495999999999999996e-01 -2.559999999999999884e-04 9.495999999999999996e-01 3.134640000000000204e-01 -9.250000000000000409e-04
2.500000000000000000e+01 9.100000000000000000e+01 7.600000000000000000e+01 0.000000000000000000e+00 1.600000000000000089e+00 -1.876000000000000063e-03 -1.482000000000000027e-03 9.999970000000000248e-01 3.093489999999999851e-01 -9.509480000000000155e-01 -8.289999999999999843e-04 9.509469999999999867e-01 3.093469999999999831e-01 2.242000000000000069e-03
3.000000000000000000e+00 9.000000000000000000e+00 8.200000000000000000e+01 0.000000000000000000e+00 1.600000000000000089e+00 -2.027999999999999855e-03 -4.444000000000000034e-03 -9.999879999999999880e-01 5.636989999999999501e-01 8.259659999999999780e-01 -4.813999999999999703e-03 8.259769999999999612e-01 -5.637029999999999541e-01 8.300000000000000086e-04
5.000000000000000000e+00 4.400000000000000000e+01 8.300000000000000000e+01 0.000000000000000000e+00 1.600000000000000089e+00 -2.023000000000000059e-03 3.190000000000000019e-04 9.999980000000000535e-01 5.728410000000000446e-01 -8.196649999999999769e-01 1.420000000000000038e-03 8.196639999999999482e-01 5.728419999999999623e-01 1.476000000000000098e-03
8.000000000000000000e+00 4.400000000000000000e+01 8.300000000000000000e+01 0.000000000000000000e+00 1.600000000000000089e+00 1.479999999999999925e-04 -3.073000000000000211e-03 9.999949999999999672e-01 5.729140000000000343e-01 -8.196109999999999784e-01 -2.602999999999999845e-03 8.196149999999999824e-01 5.729119999999999768e-01 1.639000000000000049e-03
1.100000000000000000e+01 4.400000000000000000e+01 8.300000000000000000e+01 0.000000000000000000e+00 1.600000000000000089e+00 9.309999999999999699e-04 -6.069999999999999875e-03 9.999810000000000088e-01 5.769790000000000196e-01 -8.167410000000000503e-01 -5.494999999999999885e-03 8.167590000000000128e-01 5.769729999999999581e-01 2.742000000000000080e-03
2.100000000000000000e+01 4.400000000000000000e+01 8.300000000000000000e+01 0.000000000000000000e+00 1.600000000000000089e+00 9.870000000000000301e-04 -1.642000000000000013e-03 9.999980000000000535e-01 5.847700000000000120e-01 -8.111969999999999459e-01 -1.909000000000000107e-03 8.111979999999999746e-01 5.847710000000000408e-01 1.600000000000000131e-04
6.000000000000000000e+00 4.800000000000000000e+01 8.400000000000000000e+01 0.000000000000000000e+00 1.600000000000000089e+00 6.799999999999999946e-05 -1.956999999999999972e-03 -9.999980000000000535e-01 -9.475710000000000521e-01 -3.195450000000000235e-01 5.609999999999999752e-04 -3.195450000000000235e-01 9.475689999999999946e-01 -1.876000000000000063e-03
1.000000000000000000e+01 4.800000000000000000e+01 8.400000000000000000e+01 0.000000000000000000e+00 1.600000000000000089e+00 -5.945999999999999897e-03 -2.965000000000000187e-03 -9.999780000000000335e-01 -9.479060000000000263e-01 -3.184819999999999873e-01 6.581000000000000044e-03 -3.184939999999999993e-01 9.479239999999999888e-01 -9.169999999999999549e-04
1.400000000000000000e+01 4.800000000000000000e+01 8.400000000000000000e+01 0.000000000000000000e+00 1.600000000000000089e+00 -5.682000000000000418e-03 -4.531000000000000305e-03 -9.999740000000000295e-01 -9.474679999999999769e-01 -3.197769999999999779e-01 6.832999999999999664e-03 -3.197999999999999732e-01 9.474820000000000464e-01 -2.475999999999999902e-03
1.700000000000000000e+01 4.800000000000000000e+01 8.400000000000000000e+01 0.000000000000000000e+00 1.600000000000000089e+00 -3.062000000000000052e-03 -2.942000000000000171e-03 -9.999909999999999632e-01 -9.476360000000000339e-01 -3.193289999999999740e-01 3.840999999999999796e-03 -3.193380000000000107e-01 9.476390000000000091e-01 -1.809999999999999977e-03
2.200000000000000000e+01 4.800000000000000000e+01 8.400000000000000000e+01 0.000000000000000000e+00 1.600000000000000089e+00 -2.383999999999999835e-03 6.399999999999999710e-05 -9.999970000000000248e-01 -9.469619999999999704e-01 -3.213380000000000125e-01 2.236999999999999839e-03 -3.213369999999999838e-01 9.469649999999999457e-01 8.270000000000000441e-04
2.700000000000000000e+01 4.800000000000000000e+01 8.400000000000000000e+01 0.000000000000000000e+00 1.600000000000000089e+00 5.509999999999999490e-04 -9.039999999999999642e-04 -9.999989999999999712e-01 -9.458999999999999631e-01 -3.244569999999999954e-01 -2.280000000000000126e-04 -3.244569999999999954e-01 9.458999999999999631e-01 -1.033999999999999980e-03
2.000000000000000000e+00 1.500000000000000000e+01 8.600000000000000000e+01 0.000000000000000000e+00 1.600000000000000089e+00 -3.540999999999999877e-03 -3.719999999999999891e-04 -9.999940000000000495e-01 1.821170000000000011e-01 9.832760000000000389e-01 -1.010999999999999963e-03 9.832710000000000061e-01 -1.821190000000000031e-01 -3.413999999999999934e-03
