3.000000000000000000e+00 2.500000000000000000e+01 1.000000000000000000e+00 0.000000000000000000e+00 1.600000000000000089e+00 1.629000000000000023e-03 -3.882000000000000034e-03 -9.999909999999999632e-01 -5.275969999999999827e-01 -8.494909999999999961e-01 2.438000000000000063e-03 -8.494930000000000536e-01 5.275889999999999747e-01 -3.432000000000000155e-03
2.200000000000000000e+01 2.500000000000000000e+01 1.000000000000000000e+00 0.000000000000000000e+00 1.600000000000000089e+00 8.779999999999999827e-04 -9.058999999999999345e-03 -9.999590000000000423e-01 -5.267979999999999885e-01 -8.499600000000000488e-01 7.237000000000000377e-03 -8.499900000000000233e-01 5.267699999999999605e-01 -5.518000000000000335e-03
4.000000000000000000e+00 1.500000000000000000e+01 4.000000000000000000e+00 0.000000000000000000e+00 1.600000000000000089e+00 -1.710000000000000094e-04 -2.124000000000000020e-03 9.999980000000000535e-01 3.301979999999999915e-01 -9.439100000000000268e-01 -1.948000000000000079e-03 9.439119999999999733e-01 3.301970000000000183e-01 8.630000000000000518e-04
7.000000000000000000e+00 1.500000000000000000e+01 4.000000000000000000e+00 0.000000000000000000e+00 1.600000000000000089e+00 -7.050000000000000060e-04 3.308000000000000176e-03 9.999940000000000495e-01 3.287390000000000034e-01 -9.444150000000000045e-01 3.356000000000000042e-03 9.444200000000000372e-01 3.287399999999999767e-01 -4.220000000000000118e-04
1.300000000000000000e+01 1.500000000000000000e+01 4.000000000000000000e+00 0.000000000000000000e+00 1.600000000000000089e+00 -8.520000000000000013e-04 4.939999999999999730e-04 1.000000000000000000e+00 3.234870000000000245e-01 -9.462319999999999620e-01 7.429999999999999539e-04 9.462319999999999620e-01 3.234879999999999978e-01 6.470000000000000057e-04
1.800000000000000000e+01 1.500000000000000000e+01 4.000000000000000000e+00 0.000000000000000000e+00 1.600000000000000089e+00 -2.020000000000000040e-04 4.759000000000000209e-03 9.999890000000000168e-01 3.231370000000000076e-01 -9.463409999999999878e-01 4.569000000000000145e-03 9.463519999999999710e-01 3.231350000000000056e-01 -1.347000000000000107e-03
2.500000000000000000e+01 1.500000000000000000e+01 4.000000000000000000e+00 0.000000000000000000e+00 1.600000000000000089e+00 2.520999999999999804e-03 1.067500000000000046e-02 9.999400000000000510e-01 3.211260000000000225e-01 -9.469910000000000272e-01 9.299999999999999239e-03 9.470330000000000137e-01 3.210830000000000073e-01 -5.815999999999999989e-03
1.600000000000000000e+01 1.010000000000000000e+02 7.000000000000000000e+00 0.000000000000000000e+00 1.600000000000000089e+00 1.722999999999999922e-03 -8.260000000000000198e-04 9.999980000000000535e-01 8.858070000000000110e-01 4.640529999999999933e-01 -1.142999999999999919e-03 -4.640509999999999913e-01 8.858070000000000110e-01 1.531000000000000026e-03
2.000000000000000000e+01 1.010000000000000000e+02 7.000000000000000000e+00 0.000000000000000000e+00 1.600000000000000089e+00 5.584999999999999687e-03 -1.578299999999999842e-02 9.998599999999999710e-01 8.907800000000000162e-01 4.544290000000000274e-01 2.197999999999999867e-03 -4.544000000000000261e-01 8.906429999999999625e-01 1.659800000000000164e-02
2.400000000000000000e+01 1.010000000000000000e+02 7.000000000000000000e+00 0.000000000000000000e+00 1.600000000000000089e+00 -1.216999999999999983e-03 1.331700000000000071e-02 9.999109999999999943e-01 8.918789999999999774e-01 4.522470000000000101e-01 -4.937999999999999681e-03 -4.522720000000000073e-01 8.917939999999999756e-01 -1.242799999999999981e-02
2.000000000000000000e+00 2.500000000000000000e+01 8.000000000000000000e+00 0.000000000000000000e+00 1.600000000000000089e+00 -6.520000000000000188e-04 -2.739000000000000115e-03 -9.999959999999999960e-01 4.531800000000000272e-01 8.914149999999999574e-01 -2.737999999999999982e-03 8.914189999999999614e-01 -4.531800000000000272e-01 6.599999999999999964e-04
1.100000000000000000e+01 2.500000000000000000e+01 8.000000000000000000e+00 0.000000000000000000e+00 1.600000000000000089e+00 -2.072000000000000057e-03 4.493999999999999731e-03 -9.999879999999999880e-01 4.517149999999999777e-01 8.921569999999999778e-01 3.073999999999999910e-03 8.921599999999999531e-01 -4.517030000000000212e-01 -3.877999999999999937e-03
1.500000000000000000e+01 2.500000000000000000e+01 8.000000000000000000e+00 0.000000000000000000e+00 1.600000000000000089e+00 -2.942000000000000171e-03 2.452000000000000186e-03 -9.999930000000000208e-01 4.490430000000000255e-01 8.935100000000000264e-01 8.700000000000000051e-04 8.935049999999999937e-01 -4.490370000000000195e-01 -3.729999999999999809e-03
1.900000000000000000e+01 2.500000000000000000e+01 8.000000000000000000e+00 0.000000000000000000e+00 1.600000000000000089e+00 -1.448999999999999984e-03 -4.667000000000000141e-03 -9.999879999999999880e-01 4.484500000000000153e-01 8.937950000000000061e-01 -4.820999999999999765e-03 8.938070000000000181e-01 -4.484509999999999885e-01 7.979999999999999897e-04
2.600000000000000000e+01 2.500000000000000000e+01 8.000000000000000000e+00 0.000000000000000000e+00 1.600000000000000089e+00 -1.882999999999999908e-03 -3.314999999999999804e-03 -9.999930000000000208e-01 4.511689999999999867e-01 8.924299999999999455e-01 -3.808000000000000187e-03 8.924360000000000070e-01 -4.511729999999999907e-01 -1.849999999999999973e-04
3.000000000000000000e+00 2.400000000000000000e+01 9.000000000000000000e+00 0.000000000000000000e+00 1.600000000000000089e+00 -6.400000000000000524e-04 -3.967000000000000040e-03 -9.999919999999999920e-01 4.558490000000000042e-01 8.900489999999999791e-01 -3.823000000000000009e-03 8.900569999999999871e-01 -4.558479999999999754e-01 1.239000000000000084e-03
1.000000000000000000e+01 2.400000000000000000e+01 9.000000000000000000e+00 0.000000000000000000e+00 1.600000000000000089e+00 -1.435999999999999993e-03 4.503000000000000058e-03 -9.999890000000000168e-01 4.567840000000000233e-01 8.895710000000000006e-01 3.350000000000000113e-03 8.895760000000000334e-01 -4.567740000000000133e-01 -3.334000000000000158e-03
1.700000000000000000e+01 2.400000000000000000e+01 9.000000000000000000e+00 0.000000000000000000e+00 1.600000000000000089e+00 -1.317999999999999944e-03 -1.423000000000000003e-03 -9.999980000000000535e-01 4.525319999999999898e-01 8.917460000000000386e-01 -1.864999999999999904e-03 8.917469999999999564e-01 -4.525339999999999918e-01 -5.310000000000000050e-04
1.900000000000000000e+01 2.400000000000000000e+01 9.000000000000000000e+00 0.000000000000000000e+00 1.600000000000000089e+00 -1.533999999999999990e-03 -6.176000000000000066e-03 -9.999799999999999800e-01 4.524909999999999766e-01 8.917469999999999564e-01 -6.202000000000000048e-03 8.917669999999999764e-01 -4.524920000000000053e-01 1.427000000000000100e-03
2.500000000000000000e+01 2.400000000000000000e+01 9.000000000000000000e+00 0.000000000000000000e+00 1.600000000000000089e+00 -1.842000000000000104e-03 -2.049999999999999956e-04 -9.999980000000000535e-01 4.546569999999999778e-01 8.906659999999999577e-01 -1.020000000000000073e-03 8.906650000000000400e-01 -4.546580000000000066e-01 -1.546999999999999981e-03
1.600000000000000000e+01 4.000000000000000000e+00 1.100000000000000000e+01 0.000000000000000000e+00 1.600000000000000089e+00 3.547199999999999659e-02 -2.319219999999999893e-01 -9.720870000000000344e-01 8.176600000000000534e-02 9.701119999999999743e-01 -2.284670000000000034e-01 9.960200000000000164e-01 -7.137899999999999801e-02 5.337499999999999883e-02
2.400000000000000000e+01 4.000000000000000000e+00 1.100000000000000000e+01 0.000000000000000000e+00 1.600000000000000089e+00 -4.276200000000000140e-02 7.907500000000000639e-02 -9.959510000000000307e-01 1.548670000000000047e-01 9.853380000000000472e-01 7.158299999999999386e-02 9.870090000000000252e-01 -1.511790000000000078e-01 -5.438099999999999878e-02
6.000000000000000000e+00 3.100000000000000000e+01 1.200000000000000000e+01 0.000000000000000000e+00 1.600000000000000089e+00 2.645999999999999915e-03 5.061000000000000394e-03 9.999839999999999840e-01 -7.505000000000000386e-03 9.999590000000000423e-01 -5.041000000000000342e-03 -9.999679999999999680e-01 -7.492000000000000395e-03 2.684000000000000188e-03
2.400000000000000000e+01 3.100000000000000000e+01 1.200000000000000000e+01 0.000000000000000000e+00 1.600000000000000089e+00 -2.567999999999999970e-03 -1.504400000000000008e-02 9.998839999999999950e-01 -1.259900000000000082e-02 9.998080000000000300e-01 1.501100000000000004e-02 -9.999169999999999447e-01 -1.255900000000000072e-02 -2.756999999999999902e-03
1.000000000000000000e+00 3.500000000000000000e+01 1.200000000000000000e+01 0.000000000000000000e+00 1.600000000000000089e+00 1.122000000000000081e-02 -1.038900000000000066e-02 -9.998829999999999663e-01 4.900390000000000024e-01 -8.715789999999999926e-01 1.455399999999999923e-02 -8.716279999999999584e-01 -4.901449999999999974e-01 -4.688000000000000327e-03
6.000000000000000000e+00 3.500000000000000000e+01 1.200000000000000000e+01 0.000000000000000000e+00 1.600000000000000089e+00 5.472000000000000301e-03 -1.188000000000000037e-03 -9.999839999999999840e-01 5.102619999999999933e-01 -8.600109999999999699e-01 3.814000000000000116e-03 -8.600020000000000442e-01 -5.102750000000000341e-01 -4.100000000000000346e-03
1.200000000000000000e+01 3.500000000000000000e+01 1.200000000000000000e+01 0.000000000000000000e+00 1.600000000000000089e+00 -6.315000000000000301e-03 4.690000000000000158e-04 -9.999799999999999800e-01 4.929439999999999933e-01 -8.700539999999999941e-01 -3.520999999999999824e-03 -8.700379999999999781e-01 -4.929560000000000053e-01 5.263999999999999582e-03
2.200000000000000000e+01 3.500000000000000000e+01 1.200000000000000000e+01 0.000000000000000000e+00 1.600000000000000089e+00 5.284999999999999767e-03 -5.944999999999999764e-03 -9.999679999999999680e-01 5.007319999999999549e-01 -8.655669999999999753e-01 7.792000000000000315e-03 -8.655859999999999665e-01 -5.007570000000000077e-01 -1.596999999999999895e-03
1.900000000000000000e+01 3.200000000000000000e+01 1.400000000000000000e+01 0.000000000000000000e+00 1.600000000000000089e+00 2.410000000000000033e-04 3.071799999999999878e-02 -9.995279999999999720e-01 1.044780000000000014e-01 9.940569999999999684e-01 3.057500000000000148e-02 9.945270000000000499e-01 -1.044360000000000011e-01 -2.968999999999999851e-03
2.500000000000000000e+01 3.200000000000000000e+01 1.400000000000000000e+01 0.000000000000000000e+00 1.600000000000000089e+00 -3.530000000000000152e-04 -2.217299999999999827e-02 -9.997540000000000315e-01 1.064210000000000017e-01 9.940759999999999597e-01 -2.208500000000000046e-02 9.943210000000000104e-01 -1.064029999999999976e-01 2.008999999999999935e-03
9.000000000000000000e+00 1.200000000000000000e+01 1.500000000000000000e+01 0.000000000000000000e+00 1.600000000000000089e+00 -8.660000000000000163e-04 -1.251400000000000082e-02 -9.999209999999999487e-01 -4.775150000000000228e-01 -8.785490000000000244e-01 1.140799999999999974e-02 -8.786230000000000429e-01 4.774880000000000235e-01 -5.213999999999999885e-03
2.500000000000000000e+01 1.200000000000000000e+01 1.500000000000000000e+01 0.000000000000000000e+00 1.600000000000000089e+00 1.902000000000000045e-03 6.647000000000000131e-03 -9.999759999999999760e-01 -4.796810000000000240e-01 -8.774170000000000025e-01 -6.745000000000000127e-03 -8.774410000000000265e-01 4.796819999999999973e-01 1.520000000000000084e-03
2.700000000000000000e+01 2.000000000000000000e+00 1.900000000000000000e+01 0.000000000000000000e+00 1.600000000000000089e+00 -1.752099999999999838e-02 2.972299999999999942e-02 -9.994049999999999878e-01 2.319090000000000040e-01 -9.721779999999999866e-01 -3.297900000000000137e-02 -9.725800000000000001e-01 -2.323490000000000000e-01 1.014100000000000071e-02
2.300000000000000000e+01 3.000000000000000000e+00 1.900000000000000000e+01 0.000000000000000000e+00 1.600000000000000089e+00 2.099200000000000024e-02 4.022599999999999787e-02 -9.989700000000000246e-01 2.493769999999999876e-01 -9.678189999999999849e-01 -3.373199999999999810e-02 -9.681790000000000118e-01 -2.484119999999999939e-01 -3.034799999999999998e-02
6.000000000000000000e+00 4.000000000000000000e+00 2.000000000000000000e+01 0.000000000000000000e+00 1.600000000000000089e+00 5.614000000000000067e-03 -1.772599999999999870e-02 -9.998270000000000213e-01 1.782519999999999938e-01 -9.838120000000000198e-01 1.844300000000000106e-02 -9.839689999999999825e-01 -1.783240000000000103e-01 -2.364000000000000216e-03
1.800000000000000000e+01 4.000000000000000000e+00 2.000000000000000000e+01 0.000000000000000000e+00 1.600000000000000089e+00 1.142999999999999919e-03 1.921399999999999844e-02 -9.998150000000000093e-01 3.011490000000000000e-01 -9.534080000000000332e-01 -1.797800000000000092e-02 -9.535759999999999792e-01 -3.010729999999999795e-01 -6.876000000000000167e-03
2.400000000000000000e+01 4.000000000000000000e+00 2.000000000000000000e+01 0.000000000000000000e+00 1.600000000000000089e+00 -4.651999999999999885e-03 2.886700000000000030e-02 -9.995720000000000161e-01 2.952429999999999777e-01 -9.549830000000000263e-01 -2.895299999999999957e-02 -9.554110000000000102e-01 -2.952509999999999857e-01 -4.080000000000000293e-03
9.000000000000000000e+00 1.300000000000000000e+01 2.000000000000000000e+01 0.000000000000000000e+00 1.600000000000000089e+00 2.920100000000000126e-02 8.680400000000000615e-02 9.957970000000000432e-01 2.629779999999999895e-01 9.604589999999999517e-01 -9.143500000000000238e-02 -9.643599999999999950e-01 2.645419999999999994e-01 5.218999999999999681e-03
1.800000000000000000e+01 1.300000000000000000e+01 2.000000000000000000e+01 0.000000000000000000e+00 1.600000000000000089e+00 6.589999999999999721e-04 -9.799999999999999684e-04 9.999989999999999712e-01 2.519549999999999845e-01 9.677390000000000159e-01 7.820000000000000345e-04 -9.677390000000000159e-01 2.519540000000000113e-01 8.850000000000000444e-04
2.500000000000000000e+01 1.300000000000000000e+01 2.000000000000000000e+01 0.000000000000000000e+00 1.600000000000000089e+00 -2.253999999999999927e-03 -2.094599999999999934e-02 9.997779999999999445e-01 2.562119999999999953e-01 9.663960000000000328e-01 2.082399999999999876e-02 -9.666179999999999772e-01 2.562019999999999853e-01 3.187999999999999862e-03
3.000000000000000000e+00 1.400000000000000000e+01 2.000000000000000000e+01 0.000000000000000000e+00 1.600000000000000089e+00 7.367000000000000284e-03 -1.614399999999999863e-02 9.998430000000000373e-01 2.715150000000000063e-01 9.623390000000000555e-01 1.353799999999999969e-02 -9.624059999999999837e-01 2.713720000000000021e-01 1.147300000000000056e-02
2.900000000000000000e+01 1.400000000000000000e+01 2.000000000000000000e+01 0.000000000000000000e+00 1.600000000000000089e+00 -3.730999999999999941e-03 -2.386699999999999933e-02 9.997080000000000410e-01 2.369809999999999972e-01 9.712159999999999682e-01 2.407099999999999865e-02 -9.715070000000000094e-01 2.370019999999999905e-01 2.031999999999999952e-03
4.000000000000000000e+00 1.600000000000000000e+01 2.100000000000000000e+01 0.000000000000000000e+00 1.600000000000000089e+00 1.568999999999999909e-02 3.240999999999999957e-03 9.998719999999999830e-01 3.353149999999999742e-01 9.420690000000000452e-01 -8.316000000000000475e-03 -9.419750000000000068e-01 3.354030000000000067e-01 1.369399999999999958e-02
1.100000000000000000e+01 1.600000000000000000e+01 2.100000000000000000e+01 0.000000000000000000e+00 1.600000000000000089e+00 1.185199999999999969e-02 3.903000000000000219e-02 9.991679999999999451e-01 3.037839999999999985e-01 9.518680000000000474e-01 -4.078600000000000281e-02 -9.526670000000000416e-01 3.040140000000000065e-01 -5.760000000000000146e-04
1.500000000000000000e+01 1.600000000000000000e+01 2.100000000000000000e+01 0.000000000000000000e+00 1.600000000000000089e+00 9.399999999999999719e-04 6.749999999999999924e-03 9.999770000000000048e-01 2.981820000000000026e-01 9.544850000000000279e-01 -6.722999999999999809e-03 -9.545090000000000519e-01 2.981809999999999738e-01 -1.116000000000000021e-03
1.900000000000000000e+01 1.600000000000000000e+01 2.100000000000000000e+01 0.000000000000000000e+00 1.600000000000000089e+00 7.489999999999999913e-04 8.540000000000000499e-04 9.999989999999999712e-01 2.980220000000000091e-01 9.545580000000000176e-01 -1.038000000000000077e-03 -9.545590000000000463e-01 2.980229999999999824e-01 4.600000000000000139e-04
2.000000000000000000e+01 4.000000000000000000e+00 2.500000000000000000e+01 0.000000000000000000e+00 1.600000000000000089e+00 5.930699999999999861e-02 4.553900000000000309e-02 9.971999999999999753e-01 -5.849149999999999627e-01 -8.079210000000000003e-01 7.168199999999999572e-02 8.089239999999999764e-01 -5.875289999999999679e-01 -2.127899999999999930e-02
6.000000000000000000e+00 4.600000000000000000e+01 2.700000000000000000e+01 0.000000000000000000e+00 1.600000000000000089e+00 -2.906000000000000163e-03 1.449999999999999900e-03 -9.999949999999999672e-01 6.739720000000000155e-01 7.387559999999999683e-01 -8.869999999999999846e-04 7.387510000000000465e-01 -6.739709999999999868e-01 -3.124000000000000041e-03
1.500000000000000000e+01 4.600000000000000000e+01 2.700000000000000000e+01 0.000000000000000000e+00 1.600000000000000089e+00 -4.500000000000000283e-05 -1.791000000000000057e-03 -9.999980000000000535e-01 6.714069999999999760e-01 7.410879999999999690e-01 -1.358000000000000049e-03 7.410889999999999977e-01 -6.714059999999999473e-01 1.168999999999999900e-03
2.000000000000000000e+00 1.100000000000000000e+01 3.000000000000000000e+01 0.000000000000000000e+00 1.600000000000000089e+00 8.039399999999999324e-02 -6.416669999999999874e-01 -7.627580000000000471e-01 -4.056009999999999893e-01 6.779560000000000031e-01 -6.130769999999999831e-01 9.105079999999999840e-01 3.586630000000000096e-01 -2.057579999999999965e-01
2.000000000000000000e+01 4.600000000000000000e+01 3.000000000000000000e+01 0.000000000000000000e+00 1.600000000000000089e+00 1.526000000000000013e-03 6.988000000000000288e-03 -9.999740000000000295e-01 3.257979999999999765e-01 9.454129999999999479e-01 7.104000000000000072e-03 9.454380000000000006e-01 -3.258010000000000073e-01 -8.339999999999999974e-04
3.000000000000000000e+00 1.300000000000000000e+01 3.100000000000000000e+01 0.000000000000000000e+00 1.600000000000000089e+00 1.047529999999999989e-01 -6.480960000000000054e-01 -7.543199999999999905e-01 -4.449759999999999827e-01 6.477870000000000017e-01 -6.183589999999999920e-01 8.893950000000000466e-01 4.004289999999999794e-01 -2.205290000000000028e-01
5.000000000000000000e+00 5.800000000000000000e+01 3.100000000000000000e+01 0.000000000000000000e+00 1.600000000000000089e+00 3.592000000000000141e-03 7.940000000000000009e-04 9.999930000000000208e-01 -7.771700000000000275e-01 -6.292830000000000368e-01 3.291000000000000088e-03 6.292809999999999793e-01 -7.771759999999999780e-01 -1.642999999999999929e-03
7.000000000000000000e+00 5.800000000000000000e+01 3.100000000000000000e+01 0.000000000000000000e+00 1.600000000000000089e+00 1.760999999999999979e-03 -4.789999999999999879e-04 9.999980000000000535e-01 -7.764429999999999943e-01 -6.301860000000000239e-01 1.064999999999999974e-03 6.301849999999999952e-01 -7.764440000000000230e-01 -1.482000000000000027e-03
1.100000000000000000e+01 5.800000000000000000e+01 3.100000000000000000e+01 0.000000000000000000e+00 1.600000000000000089e+00 -4.322000000000000321e-03 -6.854999999999999982e-03 9.999670000000000503e-01 -7.703839999999999577e-01 -6.375330000000000163e-01 -7.700000000000000247e-03 6.375650000000000484e-01 -7.703919999999999657e-01 -2.524999999999999901e-03
1.500000000000000000e+01 5.800000000000000000e+01 3.100000000000000000e+01 0.000000000000000000e+00 1.600000000000000089e+00 -5.967000000000000082e-03 -1.544000000000000060e-02 9.998629999999999463e-01 -7.703200000000000047e-01 -6.374940000000000051e-01 -1.444100000000000071e-02 6.376300000000000301e-01 -7.703010000000000135e-01 -8.089000000000000704e-03
1.900000000000000000e+01 5.800000000000000000e+01 3.100000000000000000e+01 0.000000000000000000e+00 1.600000000000000089e+00 5.527999999999999928e-03 7.828999999999999154e-03 9.999540000000000095e-01 -7.767880000000000340e-01 -6.296950000000000047e-01 9.225000000000000561e-03 6.297380000000000200e-01 -7.768030000000000213e-01 2.599999999999999881e-03
2.400000000000000000e+01 5.800000000000000000e+01 3.100000000000000000e+01 0.000000000000000000e+00 1.600000000000000089e+00 3.082000000000000104e-03 1.661100000000000076e-02 9.998569999999999958e-01 -7.743590000000000195e-01 -6.326150000000000384e-01 1.289700000000000048e-02 6.327390000000000514e-01 -7.742879999999999763e-01 1.091300000000000082e-02
2.800000000000000000e+01 5.800000000000000000e+01 3.100000000000000000e+01 0.000000000000000000e+00 1.600000000000000089e+00 -4.650999999999999752e-03 -6.447999999999999739e-03 9.999679999999999680e-01 -7.705309999999999659e-01 -6.373569999999999514e-01 -7.694000000000000318e-03 6.373860000000000081e-01 -7.705419999999999492e-01 -2.004000000000000139e-03
4.000000000000000000e+00 5.000000000000000000e+00 3.200000000000000000e+01 0.000000000000000000e+00 1.600000000000000089e+00 1.595070000000000099e-01 -8.298149999999999693e-01 -5.347560000000000091e-01 -6.829269999999999508e-01 2.984040000000000026e-01 -6.667570000000000441e-01 7.128590000000000204e-01 4.715520000000000267e-01 -5.191059999999999564e-01
6.000000000000000000e+00 8.000000000000000000e+00 3.400000000000000000e+01 0.000000000000000000e+00 1.600000000000000089e+00 2.070089999999999986e-01 -9.062090000000000423e-01 -3.686909999999999910e-01 -7.103549999999999587e-01 1.199039999999999967e-01 -6.935550000000000326e-01 6.727130000000000054e-01 4.054740000000000011e-01 -6.189090000000000424e-01
9.000000000000000000e+00 9.000000000000000000e+00 3.400000000000000000e+01 0.000000000000000000e+00 1.600000000000000089e+00 2.442159999999999886e-01 -8.338489999999999513e-01 -4.950300000000000256e-01 -7.265599999999999836e-01 1.807509999999999950e-01 -6.629030000000000200e-01 6.422379999999999756e-01 5.215600000000000236e-01 -5.616989999999999483e-01
2.100000000000000000e+01 4.200000000000000000e+01 3.400000000000000000e+01 0.000000000000000000e+00 1.600000000000000089e+00 -4.184000000000000219e-03 -2.791000000000000078e-03 -9.999869999999999592e-01 -3.012489999999999890e-01 9.535439999999999472e-01 -1.400999999999999902e-03 9.535360000000000502e-01 3.012389999999999790e-01 -4.830000000000000092e-03
2.600000000000000000e+01 4.200000000000000000e+01 3.400000000000000000e+01 0.000000000000000000e+00 1.600000000000000089e+00 4.075999999999999762e-03 1.319000000000000077e-03 -9.999909999999999632e-01 -2.941270000000000273e-01 9.557660000000000045e-01 6.200000000000000270e-05 9.557579999999999965e-01 2.941239999999999966e-01 4.283999999999999614e-03
8.000000000000000000e+00 2.600000000000000000e+01 3.500000000000000000e+01 0.000000000000000000e+00 1.600000000000000089e+00 3.121840000000000170e-01 5.627529999999999477e-01 7.654090000000000060e-01 -6.790460000000000385e-01 -4.312790000000000235e-01 5.940499999999999670e-01 6.644079999999999986e-01 -7.052000000000000490e-01 2.474969999999999948e-01
2.000000000000000000e+00 4.600000000000000000e+01 3.500000000000000000e+01 0.000000000000000000e+00 1.600000000000000089e+00 1.008999999999999914e-03 -8.637000000000000580e-03 -9.999620000000000175e-01 3.886919999999999820e-01 -9.213299999999999823e-01 8.349999999999999784e-03 -9.213670000000000471e-01 -3.886859999999999760e-01 2.426999999999999904e-03
6.000000000000000000e+00 4.600000000000000000e+01 3.500000000000000000e+01 0.000000000000000000e+00 1.600000000000000089e+00 9.179999999999999792e-04 -1.123299999999999993e-02 -9.999360000000000470e-01 3.899349999999999761e-01 -9.207800000000000429e-01 1.070199999999999971e-02 -9.208420000000000494e-01 -3.899199999999999888e-01 3.534999999999999948e-03
1.100000000000000000e+01 4.600000000000000000e+01 3.500000000000000000e+01 0.000000000000000000e+00 1.600000000000000089e+00 -1.111999999999999924e-03 -8.097000000000000031e-03 -9.999670000000000503e-01 3.893340000000000134e-01 -9.210700000000000554e-01 7.026000000000000127e-03 -9.210960000000000258e-01 -3.893139999999999934e-01 4.176000000000000024e-03
1.600000000000000000e+01 4.600000000000000000e+01 3.500000000000000000e+01 0.000000000000000000e+00 1.600000000000000089e+00 4.970000000000000459e-04 -4.603999999999999586e-03 -9.999890000000000168e-01 3.898960000000000203e-01 -9.208479999999999999e-01 4.433000000000000308e-03 -9.208589999999999831e-01 -3.898940000000000183e-01 1.337999999999999997e-03
2.100000000000000000e+01 4.600000000000000000e+01 3.500000000000000000e+01 0.000000000000000000e+00 1.600000000000000089e+00 3.794000000000000063e-03 4.412000000000000123e-03 -9.999829999999999552e-01 3.886310000000000042e-01 -9.213900000000000423e-01 -2.590999999999999987e-03 -9.213860000000000383e-01 -3.886140000000000150e-01 -5.210000000000000221e-03
2.500000000000000000e+01 4.600000000000000000e+01 3.500000000000000000e+01 0.000000000000000000e+00 1.600000000000000089e+00 -1.070999999999999903e-03 1.123700000000000046e-02 -9.999360000000000470e-01 3.868699999999999917e-01 -9.220709999999999740e-01 -1.077600000000000086e-02 -9.221340000000000092e-01 -3.868570000000000064e-01 -3.359000000000000007e-03
9.000000000000000000e+00 1.100000000000000000e+01 3.600000000000000000e+01 0.000000000000000000e+00 1.600000000000000089e+00 2.104570000000000052e-01 -9.139760000000000106e-01 -3.469229999999999814e-01 -7.260269999999999779e-01 9.152100000000000513e-02 -6.815489999999999604e-01 6.546699999999999742e-01 3.953119999999999967e-01 -6.443100000000000493e-01
1.800000000000000000e+01 2.200000000000000000e+01 3.600000000000000000e+01 0.000000000000000000e+00 1.600000000000000089e+00 -1.944430000000000047e-01 -7.411809999999999787e-01 6.425279999999999880e-01 7.282260000000000399e-01 3.297709999999999808e-01 6.007810000000000095e-01 -6.571749999999999536e-01 5.847229999999999928e-01 4.756259999999999932e-01
8.000000000000000000e+00 2.700000000000000000e+01 3.600000000000000000e+01 0.000000000000000000e+00 1.600000000000000089e+00 3.495280000000000054e-01 3.829940000000000011e-01 8.550710000000000255e-01 -6.968849999999999767e-01 -5.037340000000000151e-01 5.104929999999999746e-01 6.262440000000000229e-01 -7.743170000000000330e-01 9.083299999999999708e-02
7.000000000000000000e+00 1.100000000000000000e+01 3.700000000000000000e+01 0.000000000000000000e+00 1.600000000000000089e+00 1.730309999999999904e-01 -9.378720000000000390e-01 -3.007600000000000273e-01 -7.146470000000000322e-01 9.057700000000000473e-02 -6.935959999999999903e-01 6.777469999999999883e-01 3.349509999999999987e-01 -6.545739999999999892e-01
1.000000000000000000e+01 1.200000000000000000e+01 3.700000000000000000e+01 0.000000000000000000e+00 1.600000000000000089e+00 1.861399999999999999e-01 -9.283500000000000085e-01 -3.217419999999999725e-01 -7.370830000000000437e-01 8.458400000000000640e-02 -6.704879999999999729e-01 6.496619999999999617e-01 3.619550000000000267e-01 -6.685259999999999536e-01
1.900000000000000000e+01 2.300000000000000000e+01 3.700000000000000000e+01 0.000000000000000000e+00 1.600000000000000089e+00 -1.884069999999999911e-01 -7.533189999999999609e-01 6.300900000000000389e-01 7.255270000000000330e-01 3.256430000000000158e-01 6.062739999999999796e-01 -6.619019999999999904e-01 5.713740000000000485e-01 4.851989999999999914e-01
1.700000000000000000e+01 1.500000000000000000e+01 3.800000000000000000e+01 0.000000000000000000e+00 1.600000000000000089e+00 2.072549999999999948e-01 3.879989999999999828e-01 8.980540000000000189e-01 -7.853799999999999670e-01 -4.813430000000000208e-01 3.892140000000000044e-01 5.832869999999999999e-01 -7.859810000000000407e-01 2.049660000000000093e-01
1.200000000000000000e+01 3.600000000000000000e+01 3.800000000000000000e+01 0.000000000000000000e+00 1.600000000000000089e+00 -3.642139999999999822e-01 8.114000000000000379e-02 9.277739999999999876e-01 9.084189999999999765e-01 2.504870000000000152e-01 3.347100000000000075e-01 -2.052370000000000028e-01 9.647139999999999604e-01 -1.649400000000000033e-01
1.400000000000000000e+01 3.700000000000000000e+01 3.800000000000000000e+01 0.000000000000000000e+00 1.600000000000000089e+00 -2.916449999999999876e-01 -1.117409999999999931e-01 9.499779999999999891e-01 7.984109999999999818e-01 5.184999999999999609e-01 3.061019999999999852e-01 -5.267669999999999852e-01 8.477449999999999708e-01 -6.200300000000000256e-02
2.400000000000000000e+01 3.700000000000000000e+01 3.800000000000000000e+01 0.000000000000000000e+00 1.600000000000000089e+00 4.481799999999999673e-02 -8.443000000000000851e-03 9.989590000000000414e-01 6.528000000000000469e-01 7.571849999999999969e-01 -2.288799999999999862e-02 -7.562039999999999873e-01 6.531460000000000043e-01 3.944799999999999696e-02
1.800000000000000000e+01 3.800000000000000000e+01 3.800000000000000000e+01 0.000000000000000000e+00 1.600000000000000089e+00 -1.326499999999999901e-01 -1.730220000000000091e-01 9.759440000000000337e-01 6.914940000000000531e-01 6.892740000000000533e-01 2.161869999999999903e-01 -7.100980000000000070e-01 7.035369999999999679e-01 2.821200000000000097e-02
9.000000000000000000e+00 1.400000000000000000e+01 3.900000000000000000e+01 0.000000000000000000e+00 1.600000000000000089e+00 1.403310000000000113e-01 -8.558449999999999669e-01 -4.978330000000000255e-01 -7.142410000000000148e-01 2.607099999999999973e-01 -6.495300000000000518e-01 6.856870000000000465e-01 4.467220000000000080e-01 -5.746940000000000381e-01
3.000000000000000000e+01 2.500000000000000000e+01 3.900000000000000000e+01 0.000000000000000000e+00 1.600000000000000089e+00 6.156299999999999967e-02 -6.296690000000000342e-01 7.744199999999999973e-01 6.284710000000000019e-01 6.272189999999999710e-01 4.600219999999999865e-01 -7.753929999999999989e-01 4.583809999999999829e-01 4.343420000000000059e-01
2.200000000000000000e+01 2.600000000000000000e+01 3.900000000000000000e+01 0.000000000000000000e+00 1.600000000000000089e+00 -1.540130000000000110e-01 -7.626020000000000021e-01 6.282659999999999911e-01 7.139199999999999990e-01 3.536949999999999816e-01 6.043330000000000091e-01 -6.830800000000000205e-01 5.416069999999999496e-01 4.899629999999999819e-01
1.500000000000000000e+01 3.800000000000000000e+01 3.900000000000000000e+01 0.000000000000000000e+00 1.600000000000000089e+00 -2.787040000000000073e-01 -1.915350000000000108e-01 9.410840000000000316e-01 7.806039999999999646e-01 5.256469999999999754e-01 3.381609999999999894e-01 -5.594479999999999453e-01 8.288600000000000412e-01 3.013000000000000053e-03
1.800000000000000000e+01 3.900000000000000000e+01 3.900000000000000000e+01 0.000000000000000000e+00 1.600000000000000089e+00 -1.715830000000000133e-01 -2.644659999999999789e-01 9.490079999999999627e-01 7.239200000000000079e-01 6.195220000000000171e-01 3.035320000000000240e-01 -6.682059999999999667e-01 7.390870000000000495e-01 8.515300000000000646e-02
2.300000000000000000e+01 2.700000000000000000e+01 4.000000000000000000e+01 0.000000000000000000e+00 1.600000000000000089e+00 -1.426890000000000103e-01 -7.935370000000000479e-01 5.915559999999999707e-01 7.118339999999999668e-01 3.329929999999999835e-01 6.183920000000000528e-01 -6.877010000000000067e-01 5.093269999999999742e-01 5.173520000000000341e-01
1.500000000000000000e+01 6.100000000000000000e+01 4.000000000000000000e+01 0.000000000000000000e+00 1.600000000000000089e+00 2.664899999999999908e-02 -5.425959999999999672e-01 -8.395709999999999562e-01 3.524829999999999908e-01 -7.808249999999999913e-01 5.158169999999999700e-01 -9.354390000000000205e-01 -3.096809999999999841e-01 1.704479999999999884e-01
3.000000000000000000e+00 3.000000000000000000e+00 4.300000000000000000e+01 0.000000000000000000e+00 1.600000000000000089e+00 6.793000000000000427e-03 -1.629999999999999939e-03 -9.999759999999999760e-01 7.439289999999999514e-01 -6.682310000000000194e-01 6.143000000000000023e-03 -6.682249999999999579e-01 -7.439519999999999467e-01 -3.327000000000000096e-03
1.100000000000000000e+01 3.000000000000000000e+00 4.300000000000000000e+01 0.000000000000000000e+00 1.600000000000000089e+00 8.888999999999999332e-03 2.753600000000000145e-02 -9.995810000000000528e-01 7.369860000000000300e-01 -6.758009999999999851e-01 -1.206300000000000081e-02 -6.758499999999999508e-01 -7.365699999999999470e-01 -2.630100000000000146e-02
2.200000000000000000e+01 3.000000000000000000e+00 4.300000000000000000e+01 0.000000000000000000e+00 1.600000000000000089e+00 -2.307000000000000023e-03 2.804200000000000095e-02 -9.996040000000000481e-01 7.500130000000000408e-01 -6.611120000000000330e-01 -2.027699999999999989e-02 -6.614189999999999792e-01 -7.497629999999999573e-01 -1.950700000000000003e-02
2.700000000000000000e+01 3.000000000000000000e+00 4.300000000000000000e+01 0.000000000000000000e+00 1.600000000000000089e+00 1.342000000000000094e-03 3.272000000000000169e-03 -9.999940000000000495e-01 7.439459999999999962e-01 -6.682390000000000274e-01 -1.188000000000000037e-03 -6.682390000000000274e-01 -7.439400000000000457e-01 -3.330000000000000061e-03
1.900000000000000000e+01 2.200000000000000000e+01 4.500000000000000000e+01 0.000000000000000000e+00 1.600000000000000089e+00 1.468669999999999976e-01 -7.834199999999999497e-02 -9.860489999999999533e-01 -4.684079999999999910e-01 8.724960000000000493e-01 -1.390879999999999894e-01 8.712199999999999944e-01 4.823009999999999797e-01 9.144499999999999851e-02
2.600000000000000000e+01 2.400000000000000000e+01 4.500000000000000000e+01 0.000000000000000000e+00 1.600000000000000089e+00 1.168570000000000025e-01 -2.838049999999999740e-01 -9.517349999999999977e-01 -5.955749999999999655e-01 7.468420000000000059e-01 -2.958330000000000126e-01 7.947549999999999892e-01 6.014000000000000457e-01 -8.175300000000000622e-02
1.500000000000000000e+01 2.200000000000000000e+01 4.600000000000000000e+01 0.000000000000000000e+00 1.600000000000000089e+00 6.909099999999999964e-02 -1.822100000000000108e-02 -9.974439999999999973e-01 -2.188319999999999987e-01 9.752049999999999885e-01 -3.297300000000000231e-02 9.733140000000000125e-01 2.205499999999999960e-01 6.339000000000000190e-02
2.300000000000000000e+01 6.500000000000000000e+01 4.600000000000000000e+01 0.000000000000000000e+00 1.600000000000000089e+00 -7.199999999999999803e-03 -1.538509999999999878e-01 9.880679999999999463e-01 6.616610000000000547e-01 -7.415929999999999467e-01 -1.106509999999999994e-01 7.497679999999999900e-01 6.529700000000000504e-01 1.071369999999999961e-01
1.700000000000000000e+01 5.300000000000000000e+01 4.900000000000000000e+01 0.000000000000000000e+00 1.600000000000000089e+00 -4.821630000000000082e-01 2.442850000000000021e-01 8.413350000000000550e-01 -8.670060000000000544e-01 4.819999999999999632e-03 -4.982750000000000234e-01 -1.257759999999999989e-01 -9.696919999999999984e-01 2.094719999999999915e-01
2.500000000000000000e+01 4.500000000000000000e+01 5.000000000000000000e+01 0.000000000000000000e+00 1.600000000000000089e+00 -2.341789999999999983e-01 6.387199999999999545e-01 7.329369999999999497e-01 5.321299999999999919e-01 7.151530000000000387e-01 -4.532030000000000225e-01 -8.136320000000000219e-01 2.838870000000000005e-01 -5.073569999999999469e-01
1.700000000000000000e+01 7.000000000000000000e+00 5.200000000000000000e+01 0.000000000000000000e+00 1.600000000000000089e+00 7.182000000000000016e-03 4.785000000000000191e-03 -9.999630000000000463e-01 8.688500000000000389e-02 -9.962100000000000399e-01 -4.142999999999999981e-03 -9.961919999999999664e-01 -8.685199999999999865e-02 -7.570000000000000340e-03
2.100000000000000000e+01 7.000000000000000000e+00 5.200000000000000000e+01 0.000000000000000000e+00 1.600000000000000089e+00 4.797000000000000049e-03 8.639000000000000845e-03 -9.999510000000000343e-01 7.290599999999999858e-02 -9.973049999999999971e-01 -8.267000000000000043e-03 -9.973269999999999635e-01 -7.286299999999999721e-02 -5.414000000000000409e-03
2.400000000000000000e+01 6.300000000000000000e+01 5.200000000000000000e+01 0.000000000000000000e+00 1.600000000000000089e+00 -3.840699999999999670e-02 2.052219999999999878e-01 -9.779619999999999980e-01 4.688640000000000030e-01 8.679630000000000400e-01 1.637260000000000104e-01 8.824349999999999694e-01 -4.522430000000000061e-01 -1.295580000000000065e-01
2.800000000000000000e+01 4.100000000000000000e+01 5.300000000000000000e+01 0.000000000000000000e+00 1.600000000000000089e+00 2.784000000000000016e-02 8.781649999999999734e-01 4.775460000000000260e-01 7.266789999999999639e-01 3.102679999999999882e-01 -6.129200000000000204e-01 -6.864120000000000221e-01 3.640869999999999940e-01 -6.295070000000000388e-01
2.100000000000000000e+01 1.400000000000000000e+01 5.400000000000000000e+01 0.000000000000000000e+00 1.600000000000000089e+00 -4.902000000000000107e-03 -7.550000000000000287e-04 -9.999879999999999880e-01 5.804979999999999585e-01 8.142540000000000333e-01 -3.459999999999999968e-03 8.142470000000000541e-01 -5.805080000000000240e-01 -3.553000000000000169e-03
1.000000000000000000e+00 6.300000000000000000e+01 5.400000000000000000e+01 0.000000000000000000e+00 1.600000000000000089e+00 2.223400000000000029e-02 2.407300000000000065e-02 9.994629999999999903e-01 -3.260950000000000237e-01 9.452099999999999946e-01 -1.551199999999999975e-02 -9.450760000000000272e-01 -3.255750000000000033e-01 2.886599999999999930e-02
8.000000000000000000e+00 6.300000000000000000e+01 5.400000000000000000e+01 0.000000000000000000e+00 1.600000000000000089e+00 2.409759999999999958e-01 4.652660000000000129e-01 -8.517379999999999951e-01 8.389370000000000438e-01 3.413869999999999960e-01 4.238379999999999925e-01 4.879700000000000149e-01 -8.166900000000000270e-01 -3.080629999999999757e-01
2.200000000000000000e+01 7.200000000000000000e+01 5.400000000000000000e+01 0.000000000000000000e+00 1.600000000000000089e+00 -9.135450000000000514e-01 2.407600000000000018e-01 3.278260000000000063e-01 -2.850989999999999913e-01 -9.538849999999999829e-01 -9.392999999999999960e-02 2.900940000000000185e-01 -1.792719999999999869e-01 9.400570000000000315e-01
6.000000000000000000e+00 2.500000000000000000e+01 5.500000000000000000e+01 0.000000000000000000e+00 1.600000000000000089e+00 -2.154000000000000099e-03 -4.469299999999999662e-02 -9.989980000000000526e-01 -1.162200000000000039e-02 -9.989320000000000421e-01 4.471499999999999780e-02 -9.999299999999999855e-01 1.170700000000000039e-02 1.632999999999999903e-03
2.400000000000000000e+01 2.600000000000000000e+01 5.500000000000000000e+01 0.000000000000000000e+00 1.600000000000000089e+00 1.342800000000000070e-02 1.821400000000000102e-02 -9.997439999999999660e-01 -1.031279999999999974e-01 9.945270000000000499e-01 1.673399999999999888e-02 9.945770000000000444e-01 1.028769999999999962e-01 1.523300000000000001e-02
2.600000000000000000e+01 2.600000000000000000e+01 5.500000000000000000e+01 0.000000000000000000e+00 1.600000000000000089e+00 2.501700000000000104e-02 2.083899999999999988e-02 -9.994699999999999696e-01 -1.085870000000000030e-01 9.939240000000000297e-01 1.800600000000000117e-02 9.937719999999999887e-01 1.080789999999999945e-01 2.712799999999999934e-02
7.000000000000000000e+00 8.000000000000000000e+01 5.500000000000000000e+01 0.000000000000000000e+00 1.600000000000000089e+00 -1.353550000000000031e-01 -6.064389999999999503e-01 -7.835250000000000270e-01 -1.061659999999999965e-01 -7.773719999999999519e-01 6.200170000000000403e-01 -9.850929999999999964e-01 1.671060000000000045e-01 4.083799999999999930e-02
1.800000000000000000e+01 5.500000000000000000e+01 5.800000000000000000e+01 0.000000000000000000e+00 1.600000000000000089e+00 7.554100000000000259e-01 4.310220000000000162e-01 -4.935329999999999995e-01 6.012629999999999919e-01 -7.553530000000000522e-01 2.606240000000000223e-01 -2.604569999999999941e-01 -4.936209999999999765e-01 -8.297590000000000243e-01
