2.725798130035400391e+00
3.100472450256347656e+00
4.745649337768554688e+00
4.195455074310302734e+00
3.428566217422485352e+00
4.400810718536376953e+00
2.795940399169921875e+00
5.892074584960937500e+00
2.806520938873291016e+00
2.973497390747070312e+00
1.859274864196777344e+00
1.294816255569458008e+00
3.809148788452148438e+00
3.070903539657592773e+00
4.809896469116210938e+00
3.488751649856567383e+00
4.499759197235107422e+00
4.283771038055419922e+00
7.356478214263916016e+00
5.150126457214355469e+00
1.978271603584289551e+00
6.307659626007080078e+00
3.099258422851562500e+00
3.732922077178955078e+00
3.375603914260864258e+00
2.841771364212036133e+00
5.736294746398925781e+00
4.040616035461425781e+00
1.810721755027770996e+00
4.044007301330566406e+00
3.127739429473876953e+00
3.460649251937866211e+00
3.496536254882812500e+00
4.438847541809082031e+00
3.271013021469116211e+00
5.839255332946777344e+00
5.604263782501220703e+00
3.256860494613647461e+00
3.218554496765136719e+00
5.143214225769042969e+00
2.751604795455932617e+00
5.040450572967529297e+00
3.436673879623413086e+00
3.546007633209228516e+00
3.376033067703247070e+00
3.426418542861938477e+00
4.554948806762695312e+00
3.313320636749267578e+00
3.120486497879028320e+00
6.103088378906250000e+00
7.234428882598876953e+00
3.142340898513793945e+00
2.731454610824584961e+00
7.462248325347900391e+00
3.999632835388183594e+00
4.509191513061523438e+00
4.587246894836425781e+00
3.142848491668701172e+00
3.150602579116821289e+00
2.494882822036743164e+00
4.249210834503173828e+00
4.133477210998535156e+00
2.497968673706054688e+00
2.432121038436889648e+00
3.627703428268432617e+00
1.753658294677734375e+00
5.157285213470458984e+00
4.594865322113037109e+00
5.331731796264648438e+00
7.310957908630371094e+00
5.522506713867187500e+00
3.402724981307983398e+00
2.752556324005126953e+00
3.231251478195190430e+00
3.460226535797119141e+00
3.309790849685668945e+00
3.363499402999877930e+00
3.750436305999755859e+00
3.738832235336303711e+00
6.502072334289550781e+00
5.446325778961181641e+00
3.213475942611694336e+00
2.798698186874389648e+00
3.229288101196289062e+00
2.872532844543457031e+00
3.361307621002197266e+00
2.686768770217895508e+00
2.902548313140869141e+00
3.081161737442016602e+00
2.780754566192626953e+00
3.118278264999389648e+00
4.586663722991943359e+00
2.808288574218750000e+00
2.245968103408813477e+00
3.112743377685546875e+00
2.580541372299194336e+00
3.611671924591064453e+00
2.958032608032226562e+00
2.978702068328857422e+00
2.786545276641845703e+00
3.511223554611206055e+00
3.472991466522216797e+00
3.268344163894653320e+00
3.117408990859985352e+00
2.895574808120727539e+00
3.777076959609985352e+00
2.645424127578735352e+00
5.072888374328613281e+00
2.975798606872558594e+00
3.220455169677734375e+00
3.071731805801391602e+00
3.347133398056030273e+00
5.120116710662841797e+00
3.150680780410766602e+00
3.202624797821044922e+00
2.986986398696899414e+00
3.319743633270263672e+00
2.262490272521972656e+00
7.123410224914550781e+00
4.161307334899902344e+00
4.283675670623779297e+00
3.300434589385986328e+00
4.198845386505126953e+00
3.760661125183105469e+00
4.082603931427001953e+00
3.245334863662719727e+00
3.678251266479492188e+00
6.714921474456787109e+00
3.106943607330322266e+00
3.622749567031860352e+00
2.181472063064575195e+00
3.151234865188598633e+00
5.147282600402832031e+00
3.954591512680053711e+00
4.158746242523193359e+00
3.275238513946533203e+00
4.031479835510253906e+00
4.461497306823730469e+00
2.849565505981445312e+00
3.584924221038818359e+00
3.429008007049560547e+00
3.500982522964477539e+00
3.819804906845092773e+00
2.944678783416748047e+00
3.469928264617919922e+00
3.494203805923461914e+00
3.534742116928100586e+00
3.785927772521972656e+00
3.386039257049560547e+00
3.374534130096435547e+00
2.784168004989624023e+00
2.946909427642822266e+00
2.930193662643432617e+00
3.616473674774169922e+00
3.591438293457031250e+00
3.022512912750244141e+00
3.161569833755493164e+00
2.425020456314086914e+00
2.855046510696411133e+00
3.406687021255493164e+00
3.627937316894531250e+00
2.951877355575561523e+00
2.844594955444335938e+00
4.563249111175537109e+00
4.282896518707275391e+00
2.714633703231811523e+00
2.573174715042114258e+00
3.060706853866577148e+00
4.049456596374511719e+00
3.123989582061767578e+00
3.126036405563354492e+00
4.757407188415527344e+00
4.235784053802490234e+00
3.569169759750366211e+00
4.619768142700195312e+00
2.728276968002319336e+00
6.103209972381591797e+00
2.855885028839111328e+00
2.921802043914794922e+00
1.728249192237854004e+00
1.236699581146240234e+00
3.769632816314697266e+00
3.408994674682617188e+00
4.984819889068603516e+00
3.526832818984985352e+00
4.341736316680908203e+00
4.270551681518554688e+00
7.661871433258056641e+00
5.374474525451660156e+00
2.020384311676025391e+00
6.605347156524658203e+00
3.123123407363891602e+00
3.995776653289794922e+00
3.503956079483032227e+00
2.738365888595581055e+00
6.445725440979003906e+00
4.083669185638427734e+00
1.819427490234375000e+00
4.128992557525634766e+00
3.161635160446166992e+00
3.506433486938476562e+00
3.505634307861328125e+00
4.498796463012695312e+00
3.299046993255615234e+00
6.070762634277343750e+00
5.906129360198974609e+00
3.419846296310424805e+00
3.414737701416015625e+00
5.126752853393554688e+00
2.685946464538574219e+00
5.541420459747314453e+00
3.579794168472290039e+00
3.740243911743164062e+00
3.438831090927124023e+00
3.555794954299926758e+00
4.611522197723388672e+00
3.417200088500976562e+00
3.250169992446899414e+00
6.327615261077880859e+00
7.492447376251220703e+00
3.162263631820678711e+00
3.540808200836181641e+00
7.719695568084716797e+00
4.107921123504638672e+00
4.736036777496337891e+00
4.705471038818359375e+00
3.056986808776855469e+00
3.165987730026245117e+00
2.642011404037475586e+00
4.298470020294189453e+00
4.211376667022705078e+00
2.454638242721557617e+00
2.556849241256713867e+00
3.611445188522338867e+00
2.149617910385131836e+00
5.393414497375488281e+00
4.678540706634521484e+00
5.613627910614013672e+00
7.577706336975097656e+00
5.832169055938720703e+00
3.309697389602661133e+00
2.775457382202148438e+00
3.144845485687255859e+00
3.505623340606689453e+00
3.325487375259399414e+00
3.632559299468994141e+00
3.735915899276733398e+00
3.784403085708618164e+00
6.942924976348876953e+00
5.542469501495361328e+00
3.411021947860717773e+00
2.689027070999145508e+00
3.231148242950439453e+00
2.863689661026000977e+00
3.291959047317504883e+00
2.743125677108764648e+00
2.939296245574951172e+00
3.075536012649536133e+00
2.868381500244140625e+00
3.101094007492065430e+00
4.625023365020751953e+00
2.871633291244506836e+00
2.079056024551391602e+00
3.113827705383300781e+00
2.532165288925170898e+00
3.459491491317749023e+00
2.945981979370117188e+00
3.039074420928955078e+00
2.625513076782226562e+00
4.775349617004394531e+00
3.521610021591186523e+00
2.903408527374267578e+00
3.243873357772827148e+00
2.952241182327270508e+00
3.817152738571166992e+00
2.628844976425170898e+00
5.313422203063964844e+00
3.015598773956298828e+00
3.246349334716796875e+00
2.953863143920898438e+00
4.912440299987792969e+00
2.512962341308593750e+00
3.189175844192504883e+00
3.796406507492065430e+00
3.899016380310058594e+00
3.335715532302856445e+00
2.603680849075317383e+00
7.359918594360351562e+00
4.087857723236083984e+00
4.401552200317382812e+00
3.357246398925781250e+00
4.286324024200439453e+00
4.192103862762451172e+00
3.037810087203979492e+00
3.025655269622802734e+00
3.153558015823364258e+00
3.561682701110839844e+00
3.176417827606201172e+00
3.864837646484375000e+00
3.095271348953247070e+00
3.294860839843750000e+00
5.232624530792236328e+00
3.970461606979370117e+00
4.312606811523437500e+00
3.407478332519531250e+00
4.070899486541748047e+00
3.212513208389282227e+00
2.930041074752807617e+00
3.536085128784179688e+00
3.440918684005737305e+00
3.283987760543823242e+00
3.859472990036010742e+00
3.662571430206298828e+00
3.482433080673217773e+00
3.505865335464477539e+00
3.572205781936645508e+00
3.756012201309204102e+00
3.376799345016479492e+00
3.435493946075439453e+00
2.711905241012573242e+00
2.880782604217529297e+00
3.005690336227416992e+00
3.595343351364135742e+00
3.552732944488525391e+00
3.109212398529052734e+00
3.263318777084350586e+00
2.380256175994873047e+00
2.822633743286132812e+00
3.462569952011108398e+00
3.637485980987548828e+00
3.058305263519287109e+00
2.862450838088989258e+00
4.690100669860839844e+00
4.339801788330078125e+00
2.685152530670166016e+00
2.625613689422607422e+00
3.026172399520874023e+00
4.113468647003173828e+00
3.156788110733032227e+00
3.172322750091552734e+00
4.768912315368652344e+00
4.346252441406250000e+00
3.567038774490356445e+00
4.646825790405273438e+00
2.714110374450683594e+00
6.115854740142822266e+00
2.852556467056274414e+00
3.033389091491699219e+00
1.686012387275695801e+00
1.198938846588134766e+00
3.694226741790771484e+00
3.393096446990966797e+00
4.985339164733886719e+00
3.513342618942260742e+00
4.373210430145263672e+00
4.289347171783447266e+00
7.600085258483886719e+00
5.267688751220703125e+00
1.984324216842651367e+00
6.644802093505859375e+00
3.080438613891601562e+00
3.912469863891601562e+00
3.534216403961181641e+00
2.848204374313354492e+00
6.365842342376708984e+00
4.172760963439941406e+00
1.915123939514160156e+00
4.135433197021484375e+00
3.201897144317626953e+00
3.455249786376953125e+00
3.482202053070068359e+00
4.474950790405273438e+00
3.359693288803100586e+00
5.982376575469970703e+00
5.842564105987548828e+00
3.516617298126220703e+00
3.443305015563964844e+00
5.180789470672607422e+00
2.661345720291137695e+00
5.554734230041503906e+00
3.429730653762817383e+00
3.748394250869750977e+00
3.352509021759033203e+00
3.563532352447509766e+00
4.695245265960693359e+00
3.458860158920288086e+00
3.311626911163330078e+00
6.280219554901123047e+00
7.674247741699218750e+00
3.086858510971069336e+00
3.549153089523315430e+00
7.825912952423095703e+00
4.138611793518066406e+00
4.667926788330078125e+00
4.693204879760742188e+00
3.094819307327270508e+00
3.201852083206176758e+00
2.579158306121826172e+00
4.261928558349609375e+00
4.228498458862304688e+00
2.469626903533935547e+00
2.746600627899169922e+00
3.610446214675903320e+00
2.116967678070068359e+00
5.395290374755859375e+00
4.663665294647216797e+00
5.643046379089355469e+00
7.549238681793212891e+00
5.730347633361816406e+00
3.308616876602172852e+00
2.844647645950317383e+00
3.149232864379882812e+00
3.548212289810180664e+00
3.395260334014892578e+00
3.564550399780273438e+00
3.653432607650756836e+00
3.845637321472167969e+00
6.963349819183349609e+00
5.647617340087890625e+00
3.447313547134399414e+00
2.675289392471313477e+00
3.209419727325439453e+00
2.865992307662963867e+00
3.287404060363769531e+00
2.723054170608520508e+00
2.315877914428710938e+00
3.866679906845092773e+00
3.833028793334960938e+00
3.616969585418701172e+00
4.821099281311035156e+00
2.838450908660888672e+00
2.161074638366699219e+00
3.195195674896240234e+00
2.444279193878173828e+00
3.640128612518310547e+00
2.905243635177612305e+00
3.064031362533569336e+00
4.171905040740966797e+00
4.013967037200927734e+00
3.707263708114624023e+00
2.697684764862060547e+00
3.705672264099121094e+00
2.895914077758789062e+00
3.836802244186401367e+00
2.674666643142700195e+00
5.361199855804443359e+00
3.040188550949096680e+00
3.265623807907104492e+00
3.083285331726074219e+00
4.161474704742431641e+00
3.562380075454711914e+00
2.844671726226806641e+00
3.465255498886108398e+00
3.250475406646728516e+00
3.361811876296997070e+00
2.551259517669677734e+00
7.446347713470458984e+00
4.060723781585693359e+00
4.414109230041503906e+00
3.385204792022705078e+00
4.206985473632812500e+00
4.262033462524414062e+00
3.415265560150146484e+00
3.016629695892333984e+00
3.048185110092163086e+00
3.386861324310302734e+00
3.335100412368774414e+00
3.401118516921997070e+00
3.133613109588623047e+00
3.249441146850585938e+00
5.253103733062744141e+00
4.033567905426025391e+00
4.274549961090087891e+00
3.375799894332885742e+00
4.066329956054687500e+00
3.197251319885253906e+00
2.887686491012573242e+00
3.565185308456420898e+00
3.509952783584594727e+00
3.470481157302856445e+00
4.287113666534423828e+00
3.656546831130981445e+00
3.381908416748046875e+00
3.555355072021484375e+00
3.618292570114135742e+00
3.779335021972656250e+00
3.455457925796508789e+00
3.424486398696899414e+00
2.743303537368774414e+00
3.001785516738891602e+00
2.964895248413085938e+00
3.567903995513916016e+00
3.675943851470947266e+00
3.147278785705566406e+00
3.148986339569091797e+00
2.451351404190063477e+00
2.867210865020751953e+00
3.470890283584594727e+00
3.694879055023193359e+00
3.001336574554443359e+00
2.813191413879394531e+00
4.681387901306152344e+00
4.387564182281494141e+00
2.779268503189086914e+00
2.626174211502075195e+00
3.055479288101196289e+00
4.071722984313964844e+00
3.121254205703735352e+00
3.188484191894531250e+00
4.804707050323486328e+00
4.275346279144287109e+00
3.560359239578247070e+00
4.634922027587890625e+00
2.754494667053222656e+00
6.027308940887451172e+00
2.765109300613403320e+00
2.954912185668945312e+00
1.585812568664550781e+00
1.161255836486816406e+00
3.677287817001342773e+00
3.461475372314453125e+00
5.032420158386230469e+00
3.497168779373168945e+00
4.443385124206542969e+00
4.310277462005615234e+00
7.492899894714355469e+00
5.266380310058593750e+00
1.960773229598999023e+00
6.553727626800537109e+00
3.128279209136962891e+00
3.966295480728149414e+00
3.591746091842651367e+00
2.892132520675659180e+00
6.259922981262207031e+00
4.050641536712646484e+00
1.814111590385437012e+00
4.083535194396972656e+00
3.167693138122558594e+00
3.469395875930786133e+00
3.500036954879760742e+00
4.497225284576416016e+00
3.303232431411743164e+00
6.020687103271484375e+00
5.869303226470947266e+00
3.424515485763549805e+00
3.377043008804321289e+00
5.099988937377929688e+00
2.684350013732910156e+00
5.543285846710205078e+00
3.614690303802490234e+00
3.703039407730102539e+00
3.359479665756225586e+00
3.507781028747558594e+00
4.751668930053710938e+00
3.347301244735717773e+00
3.290677070617675781e+00
6.294250965118408203e+00
7.711379051208496094e+00
3.099629163742065430e+00
3.569409608840942383e+00
7.865131855010986328e+00
4.208975315093994141e+00
4.724191188812255859e+00
4.707810878753662109e+00
3.080024480819702148e+00
3.207413673400878906e+00
2.630727052688598633e+00
4.265718460083007812e+00
4.249390602111816406e+00
2.508344650268554688e+00
2.742729425430297852e+00
3.483169317245483398e+00
2.100277185440063477e+00
5.410643100738525391e+00
4.675999164581298828e+00
5.416565895080566406e+00
7.472892761230468750e+00
5.669431686401367188e+00
3.267060756683349609e+00
2.810232877731323242e+00
3.187259197235107422e+00
3.504830360412597656e+00
3.285440206527709961e+00
3.617566585540771484e+00
3.669337511062622070e+00
3.770253181457519531e+00
6.782858371734619141e+00
5.653360366821289062e+00
3.390287876129150391e+00
2.822327136993408203e+00
3.281289577484130859e+00
2.887505769729614258e+00
3.381264686584472656e+00
2.738119125366210938e+00
2.874289512634277344e+00
2.612195730209350586e+00
4.879301548004150391e+00
3.513922452926635742e+00
4.798859596252441406e+00
2.830375671386718750e+00
2.147428035736083984e+00
3.136337757110595703e+00
2.512255907058715820e+00
3.538210391998291016e+00
2.943958759307861328e+00
3.022663593292236328e+00
2.716136217117309570e+00
4.750631809234619141e+00
3.161638021469116211e+00
3.241140842437744141e+00
3.610642194747924805e+00
2.831828594207763672e+00
3.855237960815429688e+00
2.620707511901855469e+00
5.300965785980224609e+00
2.975907087326049805e+00
3.299557209014892578e+00
3.039906263351440430e+00
3.690975189208984375e+00
4.760734558105468750e+00
4.683827400207519531e+00
2.467758417129516602e+00
3.436534166336059570e+00
3.214869022369384766e+00
2.532261133193969727e+00
7.468189716339111328e+00
4.151880264282226562e+00
4.467264175415039062e+00
3.352938175201416016e+00
4.330232143402099609e+00
4.161860466003417969e+00
3.477933883666992188e+00
2.841312885284423828e+00
3.179507970809936523e+00
3.683757781982421875e+00
4.166497230529785156e+00
3.110429763793945312e+00
3.021342754364013672e+00
3.350632667541503906e+00
5.293766498565673828e+00
3.936002016067504883e+00
4.290375232696533203e+00
3.299250841140747070e+00
4.149940967559814453e+00
3.229398488998413086e+00
2.842127799987792969e+00
3.660871505737304688e+00
3.451209068298339844e+00
3.892692565917968750e+00
3.707307577133178711e+00
3.578400611877441406e+00
3.535075426101684570e+00
3.500797986984252930e+00
3.503107786178588867e+00
3.765657663345336914e+00
3.459517717361450195e+00
3.531178712844848633e+00
2.690584897994995117e+00
2.900800943374633789e+00
3.053995847702026367e+00
3.614477872848510742e+00
3.652415752410888672e+00
3.047477006912231445e+00
3.208636999130249023e+00
2.362723112106323242e+00
2.830343961715698242e+00
3.482029199600219727e+00
3.604053020477294922e+00
3.020319700241088867e+00
2.825105428695678711e+00
4.613429546356201172e+00
4.376354217529296875e+00
2.772614717483520508e+00
2.581733942031860352e+00
3.107679605484008789e+00
3.987917900085449219e+00
3.175756931304931641e+00
3.135717391967773438e+00
4.800959110260009766e+00
4.321434974670410156e+00
3.525782108306884766e+00
4.537820816040039062e+00
2.715930938720703125e+00
6.165596485137939453e+00
2.815314054489135742e+00
2.963981389999389648e+00
1.629833340644836426e+00
1.287680983543395996e+00
3.702265501022338867e+00
3.319819211959838867e+00
4.960038661956787109e+00
3.517953395843505859e+00
4.477057933807373047e+00
4.276696205139160156e+00
7.564980030059814453e+00
5.316965103149414062e+00
1.959321260452270508e+00
6.506124496459960938e+00
3.127930402755737305e+00
3.945681095123291016e+00
3.573780536651611328e+00
2.716428041458129883e+00
6.358165740966796875e+00
4.064845085144042969e+00
1.952277660369873047e+00
4.147452354431152344e+00
3.151355981826782227e+00
3.404650688171386719e+00
3.498162746429443359e+00
4.575054645538330078e+00
3.258463859558105469e+00
5.957461357116699219e+00
5.931086063385009766e+00
3.422942876815795898e+00
3.332608938217163086e+00
5.082751750946044922e+00
2.583179473876953125e+00
5.604053974151611328e+00
3.485015392303466797e+00
3.792605400085449219e+00
3.444199085235595703e+00
3.544811010360717773e+00
4.576435089111328125e+00
3.448616981506347656e+00
3.232367515563964844e+00
6.303474426269531250e+00
7.719864368438720703e+00
2.981591224670410156e+00
3.469886064529418945e+00
7.873834609985351562e+00
4.221587181091308594e+00
4.742362022399902344e+00
4.695485115051269531e+00
3.055502653121948242e+00
3.168614387512207031e+00
2.693845033645629883e+00
4.429203033447265625e+00
4.169784545898437500e+00
2.364814519882202148e+00
2.713013410568237305e+00
3.554351806640625000e+00
2.154063463211059570e+00
5.405683517456054688e+00
4.699573516845703125e+00
5.595765590667724609e+00
7.537239551544189453e+00
5.752680301666259766e+00
3.283336877822875977e+00
2.707526683807373047e+00
3.341802358627319336e+00
3.561380147933959961e+00
3.227166414260864258e+00
3.246715068817138672e+00
4.183286666870117188e+00
3.822189092636108398e+00
6.771141529083251953e+00
5.671194553375244141e+00
3.392144680023193359e+00
2.669107913970947266e+00
3.374954700469970703e+00
2.795120716094970703e+00
3.216954231262207031e+00
2.736484050750732422e+00
2.759750366210937500e+00
3.968153953552246094e+00
3.722219705581665039e+00
3.074952840805053711e+00
4.812263965606689453e+00
2.947347640991210938e+00
2.174003839492797852e+00
3.198903083801269531e+00
2.462973594665527344e+00
3.524923563003540039e+00
2.964148759841918945e+00
3.083457946777343750e+00
3.079067945480346680e+00
3.257210731506347656e+00
3.837940216064453125e+00
2.842525482177734375e+00
3.342141151428222656e+00
2.837843418121337891e+00
3.829440355300903320e+00
2.702429294586181641e+00
5.420938968658447266e+00
3.079708337783813477e+00
3.282611131668090820e+00
3.046152830123901367e+00
2.815290927886962891e+00
6.406507968902587891e+00
3.143810987472534180e+00
3.730308294296264648e+00
3.007772445678710938e+00
3.607501268386840820e+00
2.559311866760253906e+00
7.381340026855468750e+00
4.149963855743408203e+00
4.438725471496582031e+00
3.433097839355468750e+00
4.287457942962646484e+00
4.185739994049072266e+00
3.472289562225341797e+00
2.661851406097412109e+00
3.160417556762695312e+00
3.076504945755004883e+00
3.463504791259765625e+00
2.787947177886962891e+00
3.106989860534667969e+00
3.278612375259399414e+00
5.268319606781005859e+00
4.016175746917724609e+00
4.263215065002441406e+00
3.384338855743408203e+00
4.139658451080322266e+00
3.226538419723510742e+00
2.828865289688110352e+00
3.538586854934692383e+00
3.449083566665649414e+00
3.695375442504882812e+00
4.496198654174804688e+00
3.630400180816650391e+00
3.449338912963867188e+00
3.548312664031982422e+00
3.555091142654418945e+00
3.729440450668334961e+00
3.514541149139404297e+00
3.415108203887939453e+00
2.711676597595214844e+00
3.003351211547851562e+00
2.889220714569091797e+00
3.604270696640014648e+00
3.622423887252807617e+00
3.120607137680053711e+00
3.186518430709838867e+00
2.376495599746704102e+00
2.870256423950195312e+00
3.514314174652099609e+00
3.705162286758422852e+00
3.082251548767089844e+00
2.852348327636718750e+00
4.644986152648925781e+00
4.322295188903808594e+00
2.772494077682495117e+00
2.566413640975952148e+00
3.009255170822143555e+00
4.061676025390625000e+00
3.196043491363525391e+00
3.212538719177246094e+00
4.823443889617919922e+00
4.344089984893798828e+00
3.545213460922241211e+00
4.461911201477050781e+00
2.759017229080200195e+00
6.168685436248779297e+00
2.746303319931030273e+00
2.935537338256835938e+00
1.536579728126525879e+00
1.173152685165405273e+00
3.640747070312500000e+00
3.380342245101928711e+00
4.943996906280517578e+00
3.505545854568481445e+00
4.379409790039062500e+00
4.363265514373779297e+00
7.468685150146484375e+00
5.360201358795166016e+00
1.983061671257019043e+00
6.521969795227050781e+00
3.032629251480102539e+00
3.911306858062744141e+00
3.567814588546752930e+00
2.845897674560546875e+00
6.352993965148925781e+00
4.063081264495849609e+00
1.912812590599060059e+00
4.155407428741455078e+00
3.192194700241088867e+00
3.457638740539550781e+00
3.506398439407348633e+00
4.529557228088378906e+00
3.258985280990600586e+00
5.919563293457031250e+00
5.804652214050292969e+00
3.499364137649536133e+00
3.406184196472167969e+00
5.221513748168945312e+00
2.654542207717895508e+00
5.535246372222900391e+00
3.621705770492553711e+00
3.713400125503540039e+00
3.367389917373657227e+00
3.528972148895263672e+00
4.706210613250732422e+00
3.421923875808715820e+00
3.221522331237792969e+00
6.266560554504394531e+00
7.661829471588134766e+00
3.058011293411254883e+00
3.592316865921020508e+00
7.886608123779296875e+00
4.149478435516357422e+00
4.725174903869628906e+00
4.725931644439697266e+00
3.001364707946777344e+00
3.186940908432006836e+00
2.583520889282226562e+00
4.304442882537841797e+00
4.293327331542968750e+00
2.552897930145263672e+00
2.752317667007446289e+00
2.586646556854248047e+00
2.184857130050659180e+00
5.248769283294677734e+00
4.672916889190673828e+00
5.478465557098388672e+00
7.549704074859619141e+00
5.759101867675781250e+00
3.293482780456542969e+00
2.724734306335449219e+00
3.387975215911865234e+00
3.544556379318237305e+00
2.857420921325683594e+00
4.816843509674072266e+00
2.919754981994628906e+00
3.875582933425903320e+00
6.841287136077880859e+00
5.625945091247558594e+00
3.354405403137207031e+00
2.625655412673950195e+00
3.190397977828979492e+00
2.888981580734252930e+00
3.249730825424194336e+00
2.695432186126708984e+00
2.887398719787597656e+00
3.161144733428955078e+00
2.757187843322753906e+00
3.173923015594482422e+00
4.698018074035644531e+00
2.993439674377441406e+00
2.131367206573486328e+00
3.117950439453125000e+00
2.577847719192504883e+00
3.441965103149414062e+00
2.994270324707031250e+00
3.031001567840576172e+00
4.508022785186767578e+00
3.029503345489501953e+00
2.992814064025878906e+00
3.191484689712524414e+00
3.164777755737304688e+00
2.940091848373413086e+00
3.855648279190063477e+00
2.634253978729248047e+00
5.332575321197509766e+00
3.027355194091796875e+00
3.275672912597656250e+00
3.065065860748291016e+00
3.402987480163574219e+00
3.862269878387451172e+00
3.855497360229492188e+00
3.141811370849609375e+00
3.051285505294799805e+00
2.716813564300537109e+00
2.507966279983520508e+00
7.436450481414794922e+00
4.029296875000000000e+00
4.566883087158203125e+00
3.335111618041992188e+00
4.187756061553955078e+00
4.091948509216308594e+00
3.465201377868652344e+00
3.155601978302001953e+00
3.081120252609252930e+00
3.864904880523681641e+00
3.581538200378417969e+00
3.375843763351440430e+00
3.051184415817260742e+00
3.223392248153686523e+00
5.322815895080566406e+00
4.048700809478759766e+00
4.274411201477050781e+00
3.494559764862060547e+00
4.063171386718750000e+00
3.152980089187622070e+00
2.890784978866577148e+00
3.380942583084106445e+00
3.464999437332153320e+00
3.753772974014282227e+00
4.367238998413085938e+00
3.670922994613647461e+00
3.468075513839721680e+00
3.610958337783813477e+00
3.550777435302734375e+00
3.764789581298828125e+00
3.485901594161987305e+00
3.413979291915893555e+00
2.716850757598876953e+00
3.011591434478759766e+00
2.639592885971069336e+00
3.849193334579467773e+00
3.653380632400512695e+00
3.099402427673339844e+00
3.165057420730590820e+00
2.365920066833496094e+00
2.853477001190185547e+00
3.564542531967163086e+00
3.681414842605590820e+00
3.023414373397827148e+00
2.794231653213500977e+00
4.662307739257812500e+00
4.171083927154541016e+00
2.631783246994018555e+00
2.546917676925659180e+00
3.158637762069702148e+00
4.017769813537597656e+00
3.033313751220703125e+00
3.179031133651733398e+00
4.751656055450439453e+00
4.205461025238037109e+00
3.508894920349121094e+00
4.525084018707275391e+00
2.741655826568603516e+00
6.070885181427001953e+00
2.771627426147460938e+00
2.937170743942260742e+00
1.672467947006225586e+00
1.147995471954345703e+00
3.635997056961059570e+00
3.278733015060424805e+00
4.916915416717529297e+00
3.619459390640258789e+00
4.373298645019531250e+00
4.270826816558837891e+00
7.542118549346923828e+00
5.224865913391113281e+00
1.941983819007873535e+00
6.424118041992187500e+00
2.996642351150512695e+00
3.892610788345336914e+00
3.438503265380859375e+00
2.892508506774902344e+00
6.178999900817871094e+00
3.990707397460937500e+00
1.811755895614624023e+00
4.193759441375732422e+00
3.202428579330444336e+00
3.463549852371215820e+00
3.429328203201293945e+00
4.422171115875244141e+00
3.272504568099975586e+00
5.985895156860351562e+00
5.767151355743408203e+00
3.511418581008911133e+00
3.322233438491821289e+00
5.196250915527343750e+00
2.648135423660278320e+00
5.411654472351074219e+00
3.536498308181762695e+00
3.683067321777343750e+00
3.372247695922851562e+00
3.456961870193481445e+00
4.495405197143554688e+00
3.320551395416259766e+00
3.135433912277221680e+00
6.212380886077880859e+00
7.476081848144531250e+00
3.043828964233398438e+00
3.232380151748657227e+00
7.580489158630371094e+00
4.106437683105468750e+00
4.687784671783447266e+00
4.617008209228515625e+00
3.052013874053955078e+00
3.092393159866333008e+00
2.601214408874511719e+00
4.175972938537597656e+00
4.075267314910888672e+00
2.439204216003417969e+00
2.719926118850708008e+00
3.134702682495117188e+00
1.927392005920410156e+00
5.266212463378906250e+00
4.671002388000488281e+00
5.482226371765136719e+00
7.411524772644042969e+00
5.720601081848144531e+00
3.326709985733032227e+00
2.800928354263305664e+00
3.251640796661376953e+00
3.468526840209960938e+00
3.384413242340087891e+00
3.547010660171508789e+00
3.682321310043334961e+00
3.817357301712036133e+00
6.770990848541259766e+00
5.622942447662353516e+00
3.351500749588012695e+00
2.714726924896240234e+00
3.174925327301025391e+00
2.889937400817871094e+00
3.373954057693481445e+00
2.708057403564453125e+00
2.953745603561401367e+00
3.031417846679687500e+00
2.795145750045776367e+00
3.077834367752075195e+00
4.685811042785644531e+00
2.795452594757080078e+00
2.180474758148193359e+00
3.134492397308349609e+00
2.524440050125122070e+00
3.506856441497802734e+00
2.923510789871215820e+00
2.552168846130371094e+00
2.561610221862792969e+00
3.607924222946166992e+00
2.896090745925903320e+00
3.195377349853515625e+00
3.190100193023681641e+00
2.893309831619262695e+00
3.873833656311035156e+00
2.617489337921142578e+00
5.295489788055419922e+00
2.988062143325805664e+00
3.270582675933837891e+00
2.892725944519042969e+00
4.428564548492431641e+00
2.413026571273803711e+00
4.019556999206542969e+00
4.802058696746826172e+00
2.792443990707397461e+00
3.015777826309204102e+00
2.358149051666259766e+00
7.308300971984863281e+00
4.174901008605957031e+00
4.507994174957275391e+00
3.328808546066284180e+00
4.284831047058105469e+00
4.103090763092041016e+00
3.501520395278930664e+00
3.707082033157348633e+00
4.572842121124267578e+00
3.382873773574829102e+00
3.727702140808105469e+00
3.072648048400878906e+00
2.792417049407958984e+00
3.165762186050415039e+00
5.311491012573242188e+00
4.033239364624023438e+00
4.258233547210693359e+00
3.404185056686401367e+00
4.152373313903808594e+00
3.240766286849975586e+00
2.945737123489379883e+00
3.477026700973510742e+00
3.519477844238281250e+00
3.842613697052001953e+00
4.408627033233642578e+00
3.320544719696044922e+00
3.478914260864257812e+00
3.509988784790039062e+00
3.547497987747192383e+00
3.757080078125000000e+00
3.410138130187988281e+00
3.415188550949096680e+00
2.782742500305175781e+00
3.013495206832885742e+00
2.682581186294555664e+00
3.872792959213256836e+00
3.651757717132568359e+00
3.139220952987670898e+00
3.274788618087768555e+00
2.363562107086181641e+00
2.874683856964111328e+00
3.340483903884887695e+00
3.518800020217895508e+00
3.086748361587524414e+00
2.729665040969848633e+00
4.493944168090820312e+00
4.300477981567382812e+00
2.626400232315063477e+00
2.507771492004394531e+00
3.099802970886230469e+00
3.978273391723632812e+00
5.192313194274902344e+00
3.257650613784790039e+00
2.733986616134643555e+00
3.992692708969116211e+00
4.651170253753662109e+00
1.876796603202819824e+00
3.285140037536621094e+00
1.857694029808044434e+00
2.819654941558837891e+00
3.443727016448974609e+00
5.458032608032226562e+00
5.347580432891845703e+00
6.141428470611572266e+00
4.543161392211914062e+00
3.049230098724365234e+00
4.362017631530761719e+00
5.209655761718750000e+00
3.331952571868896484e+00
5.186063289642333984e+00
1.604936718940734863e+00
4.441270351409912109e+00
1.632759094238281250e+00
2.958208084106445312e+00
5.919444561004638672e+00
2.995239496231079102e+00
5.969858169555664062e+00
3.941753625869750977e+00
7.263123512268066406e+00
4.841573238372802734e+00
6.414432525634765625e+00
5.125848293304443359e+00
4.394622325897216797e+00
5.695663928985595703e+00
2.206805944442749023e+00
2.895510435104370117e+00
1.166981935501098633e+00
1.963336706161499023e+00
3.432216882705688477e+00
2.935803651809692383e+00
5.392621994018554688e+00
7.308956146240234375e+00
6.719221115112304688e+00
4.004403114318847656e+00
2.647291183471679688e+00
3.630367994308471680e+00
3.312451839447021484e+00
1.713150858879089355e+00
5.565902709960937500e+00
2.691330671310424805e+00
4.441810607910156250e+00
1.349728465080261230e+00
3.127454519271850586e+00
7.451938629150390625e+00
1.122064590454101562e+00
5.360668659210205078e+00
2.781648635864257812e+00
3.691824674606323242e+00
5.155024051666259766e+00
3.352470397949218750e+00
6.660432338714599609e+00
4.184034347534179688e+00
2.290935754776000977e+00
3.911830425262451172e+00
6.736554622650146484e+00
2.813516139984130859e+00
6.512626171112060547e+00
2.423203706741333008e+00
2.619364261627197266e+00
3.857624530792236328e+00
3.332905054092407227e+00
2.884359121322631836e+00
2.839219570159912109e+00
2.900154829025268555e+00
3.599483489990234375e+00
3.771814823150634766e+00
2.658215761184692383e+00
4.200582981109619141e+00
6.081622123718261719e+00
3.539178371429443359e+00
3.909625053405761719e+00
3.085231542587280273e+00
3.434097766876220703e+00
4.067871570587158203e+00
2.718799829483032227e+00
2.953975915908813477e+00
2.805514097213745117e+00
3.060929536819458008e+00
2.829133510589599609e+00
2.632686138153076172e+00
3.336602210998535156e+00
2.962837934494018555e+00
2.820997714996337891e+00
6.001824378967285156e+00
6.072069168090820312e+00
3.102015256881713867e+00
4.054099559783935547e+00
2.804020404815673828e+00
2.900369882583618164e+00
2.983416080474853516e+00
3.801519155502319336e+00
3.574214696884155273e+00
2.514153718948364258e+00
3.832588672637939453e+00
2.735447168350219727e+00
2.807305097579956055e+00
2.864661931991577148e+00
4.743758678436279297e+00
2.889429807662963867e+00
5.092957496643066406e+00
2.799671888351440430e+00
3.072537422180175781e+00
2.687484502792358398e+00
3.773694515228271484e+00
3.126219272613525391e+00
3.057398080825805664e+00
3.820738077163696289e+00
3.044433832168579102e+00
5.960440635681152344e+00
5.510707855224609375e+00
2.737280845642089844e+00
2.367555379867553711e+00
2.902586221694946289e+00
2.611913919448852539e+00
3.774053573608398438e+00
2.549540519714355469e+00
3.138460636138916016e+00
3.887441396713256836e+00
3.919632673263549805e+00
2.677713871002197266e+00
3.912402153015136719e+00
7.931563854217529297e+00
2.776772022247314453e+00
2.865048885345458984e+00
3.190434455871582031e+00
2.702858209609985352e+00
3.278002023696899414e+00
3.253573656082153320e+00
3.272917509078979492e+00
3.967401742935180664e+00
2.710276842117309570e+00
2.727846622467041016e+00
3.433108329772949219e+00
2.474792957305908203e+00
5.949719429016113281e+00
2.402390241622924805e+00
2.553761959075927734e+00
2.944561243057250977e+00
2.671767473220825195e+00
3.445744991302490234e+00
2.513297080993652344e+00
3.294591665267944336e+00
2.879347562789916992e+00
2.757773637771606445e+00
2.819909811019897461e+00
3.083423852920532227e+00
3.662017107009887695e+00
2.742087602615356445e+00
3.680452346801757812e+00
3.921330928802490234e+00
4.191762447357177734e+00
2.455150365829467773e+00
3.204127788543701172e+00
5.302939891815185547e+00
2.155977964401245117e+00
2.458164691925048828e+00
3.894451618194580078e+00
3.455921411514282227e+00
2.743861198425292969e+00
3.350126504898071289e+00
5.459431648254394531e+00
3.374035120010375977e+00
2.844114303588867188e+00
4.066123485565185547e+00
4.791726589202880859e+00
1.933103442192077637e+00
3.236419677734375000e+00
1.818709254264831543e+00
2.828620433807373047e+00
3.526465892791748047e+00
5.730185508728027344e+00
5.643514633178710938e+00
6.455478668212890625e+00
4.636018753051757812e+00
3.093452930450439453e+00
4.501428127288818359e+00
5.378743171691894531e+00
3.335092306137084961e+00
5.413124561309814453e+00
1.628601431846618652e+00
4.643864631652832031e+00
1.735267043113708496e+00
2.927046537399291992e+00
6.099975109100341797e+00
3.038191795349121094e+00
6.287863254547119141e+00
4.157413959503173828e+00
7.639008045196533203e+00
5.008107662200927734e+00
6.587697982788085938e+00
5.307228565216064453e+00
4.373463630676269531e+00
5.901389598846435547e+00
2.275131225585937500e+00
2.943188905715942383e+00
1.043867230415344238e+00
1.773612856864929199e+00
3.399334907531738281e+00
2.891413688659667969e+00
5.856864929199218750e+00
7.569236278533935547e+00
7.011176586151123047e+00
4.278067111968994141e+00
2.609659671783447266e+00
3.741777896881103516e+00
3.390770196914672852e+00
1.855205893516540527e+00
5.827529430389404297e+00
2.641886472702026367e+00
4.521120548248291016e+00
1.204005241394042969e+00
3.027620315551757812e+00
7.790503978729248047e+00
1.092291831970214844e+00
5.626636505126953125e+00
2.790313005447387695e+00
3.810292959213256836e+00
5.231751918792724609e+00
3.412517547607421875e+00
7.101262092590332031e+00
4.317558288574218750e+00
2.360964536666870117e+00
3.960754871368408203e+00
7.092458248138427734e+00
2.680798053741455078e+00
6.696228504180908203e+00
2.308177709579467773e+00
2.712487936019897461e+00
3.813135862350463867e+00
3.366141796112060547e+00
2.883026599884033203e+00
2.816598892211914062e+00
2.968579530715942383e+00
3.822033643722534180e+00
3.879006624221801758e+00
2.704917192459106445e+00
4.318964481353759766e+00
6.233230590820312500e+00
3.570157766342163086e+00
4.063941001892089844e+00
3.129612207412719727e+00
3.509895563125610352e+00
4.204867362976074219e+00
2.704382181167602539e+00
3.028393268585205078e+00
2.780930280685424805e+00
3.122514486312866211e+00
2.870343446731567383e+00
2.713402509689331055e+00
3.400512933731079102e+00
2.826097249984741211e+00
2.882002115249633789e+00
6.326978683471679688e+00
6.341020584106445312e+00
3.214689254760742188e+00
4.204048633575439453e+00
2.800636291503906250e+00
3.039493083953857422e+00
3.036568403244018555e+00
4.561468124389648438e+00
3.005432605743408203e+00
2.846194505691528320e+00
3.466066360473632812e+00
3.786298990249633789e+00
2.830068349838256836e+00
2.912947654724121094e+00
4.937844276428222656e+00
2.878227710723876953e+00
5.194604873657226562e+00
2.763748168945312500e+00
3.242276191711425781e+00
2.515838623046875000e+00
3.773671150207519531e+00
2.796077251434326172e+00
2.508795499801635742e+00
4.162134647369384766e+00
2.744474887847900391e+00
6.179212570190429688e+00
5.849886417388916016e+00
2.647356033325195312e+00
2.345400810241699219e+00
2.886121511459350586e+00
2.632797718048095703e+00
2.562346935272216797e+00
4.964959144592285156e+00
2.938468456268310547e+00
3.739405155181884766e+00
3.343517780303955078e+00
2.565424680709838867e+00
2.398355007171630859e+00
8.297762870788574219e+00
2.806045055389404297e+00
2.921402454376220703e+00
3.251944303512573242e+00
2.623994827270507812e+00
3.219414234161376953e+00
3.227195978164672852e+00
2.675741910934448242e+00
4.075239181518554688e+00
2.676605939865112305e+00
2.747445344924926758e+00
3.009846448898315430e+00
1.931359052658081055e+00
6.045289993286132812e+00
2.353082418441772461e+00
2.524621963500976562e+00
3.175873756408691406e+00
2.587947607040405273e+00
3.592668056488037109e+00
2.520378589630126953e+00
3.254772663116455078e+00
2.922138690948486328e+00
2.665755748748779297e+00
2.901565074920654297e+00
3.398695707321166992e+00
3.762628078460693359e+00
2.680406808853149414e+00
3.766130447387695312e+00
4.072427272796630859e+00
4.378474235534667969e+00
2.375370502471923828e+00
3.318576574325561523e+00
5.599510669708251953e+00
2.268442153930664062e+00
2.488479375839233398e+00
4.111608028411865234e+00
3.577203989028930664e+00
2.922767639160156250e+00
3.688735485076904297e+00
5.478837490081787109e+00
3.334573507308959961e+00
2.694175958633422852e+00
4.225340366363525391e+00
4.790723323822021484e+00
1.842089056968688965e+00
3.263031959533691406e+00
1.823724269866943359e+00
2.963518142700195312e+00
3.609171152114868164e+00
5.734385013580322266e+00
5.635543346405029297e+00
6.318891048431396484e+00
4.604241371154785156e+00
3.079932212829589844e+00
4.484519958496093750e+00
5.412413597106933594e+00
3.397270917892456055e+00
5.492619514465332031e+00
1.589308261871337891e+00
4.618830204010009766e+00
1.696524858474731445e+00
2.994196891784667969e+00
6.097548007965087891e+00
3.087338924407958984e+00
6.136607170104980469e+00
4.195460319519042969e+00
7.567406654357910156e+00
5.091060638427734375e+00
6.669387340545654297e+00
5.244481086730957031e+00
4.384540557861328125e+00
5.971600055694580078e+00
2.152494430541992188e+00
3.041766405105590820e+00
1.134683012962341309e+00
1.880236983299255371e+00
3.406815052032470703e+00
2.958164215087890625e+00
5.831336021423339844e+00
7.559391498565673828e+00
7.008968353271484375e+00
4.058051586151123047e+00
2.609477996826171875e+00
3.706492662429809570e+00
3.400300502777099609e+00
1.694265604019165039e+00
5.847412586212158203e+00
2.653413772583007812e+00
4.455125331878662109e+00
1.190860629081726074e+00
3.050209283828735352e+00
7.856203556060791016e+00
1.170033812522888184e+00
5.546019077301025391e+00
2.768091440200805664e+00
3.807337760925292969e+00
5.210902214050292969e+00
3.465487003326416016e+00
7.008840560913085938e+00
4.291184425354003906e+00
2.338308334350585938e+00
3.941609144210815430e+00
7.090454578399658203e+00
2.676367759704589844e+00
6.672805786132812500e+00
2.305397510528564453e+00
2.727316617965698242e+00
3.961801052093505859e+00
3.314541816711425781e+00
2.947770118713378906e+00
2.895323514938354492e+00
2.930272102355957031e+00
3.833988666534423828e+00
3.768431663513183594e+00
2.768014907836914062e+00
4.096124649047851562e+00
6.200551509857177734e+00
3.616857528686523438e+00
3.860869169235229492e+00
3.258220672607421875e+00
3.521069765090942383e+00
4.238371372222900391e+00
2.804385900497436523e+00
2.961595058441162109e+00
2.715664386749267578e+00
3.112862586975097656e+00
3.393246173858642578e+00
3.034351348876953125e+00
3.593168258666992188e+00
2.239187479019165039e+00
2.852378845214843750e+00
6.312443733215332031e+00
6.287132263183593750e+00
3.163681030273437500e+00
4.287603855133056641e+00
2.807839870452880859e+00
2.954967498779296875e+00
2.991166114807128906e+00
3.317985534667968750e+00
2.883510351181030273e+00
2.877442598342895508e+00
3.458562374114990234e+00
2.968038082122802734e+00
2.813041687011718750e+00
2.990046739578247070e+00
4.937360763549804688e+00
2.918481826782226562e+00
5.263126373291015625e+00
2.854822874069213867e+00
3.139280796051025391e+00
2.227922439575195312e+00
4.251625061035156250e+00
3.619797468185424805e+00
2.948681831359863281e+00
2.999482631683349609e+00
2.845503568649291992e+00
6.207309722900390625e+00
5.795310974121093750e+00
2.683341503143310547e+00
2.259429454803466797e+00
2.854430913925170898e+00
2.612105131149291992e+00
2.541287183761596680e+00
2.779116630554199219e+00
3.165498733520507812e+00
3.793420791625976562e+00
2.354578018188476562e+00
2.750463008880615234e+00
2.758962631225585938e+00
8.294095039367675781e+00
2.787931680679321289e+00
2.905418157577514648e+00
3.201305389404296875e+00
2.587123155593872070e+00
3.206526756286621094e+00
3.332837820053100586e+00
2.623825073242187500e+00
4.000277996063232422e+00
2.712021350860595703e+00
2.805751562118530273e+00
3.266470432281494141e+00
2.625045537948608398e+00
6.029624938964843750e+00
2.417606353759765625e+00
2.545648097991943359e+00
3.042662858963012695e+00
2.687623500823974609e+00
3.535257339477539062e+00
2.532205581665039062e+00
3.167559146881103516e+00
2.852303743362426758e+00
2.687950134277343750e+00
2.919809103012084961e+00
3.108324527740478516e+00
3.713587999343872070e+00
2.776405096054077148e+00
3.765914440155029297e+00
4.103420257568359375e+00
4.458118915557861328e+00
2.444236278533935547e+00
3.244681358337402344e+00
5.585473537445068359e+00
2.236340045928955078e+00
2.455646514892578125e+00
4.162239551544189453e+00
3.548929452896118164e+00
2.927119970321655273e+00
3.768638372421264648e+00
5.452826023101806641e+00
3.332627773284912109e+00
2.734220504760742188e+00
4.140368938446044922e+00
4.773460865020751953e+00
1.821021914482116699e+00
3.264390707015991211e+00
1.768689513206481934e+00
2.873956203460693359e+00
3.624866008758544922e+00
5.816864013671875000e+00
5.615869998931884766e+00
6.259483814239501953e+00
4.661890029907226562e+00
3.179718732833862305e+00
4.464297294616699219e+00
5.487635135650634766e+00
3.482968330383300781e+00
5.428702831268310547e+00
1.534158468246459961e+00
4.609866619110107422e+00
1.717729330062866211e+00
3.042130470275878906e+00
6.199419498443603516e+00
3.019412755966186523e+00
6.177624225616455078e+00
4.157727241516113281e+00
7.633388042449951172e+00
5.095588207244873047e+00
6.668163299560546875e+00
5.352948665618896484e+00
4.375273227691650391e+00
5.877674102783203125e+00
2.170249462127685547e+00
3.082638502120971680e+00
1.128485798835754395e+00
1.947703361511230469e+00
3.528249740600585938e+00
2.950071573257446289e+00
5.889801025390625000e+00
7.553281784057617188e+00
7.017834663391113281e+00
4.237830162048339844e+00
2.647113084793090820e+00
3.694846630096435547e+00
3.404232025146484375e+00
1.710242271423339844e+00
5.897271633148193359e+00
2.693595647811889648e+00
4.419620037078857422e+00
1.182737708091735840e+00
2.963238954544067383e+00
7.837687492370605469e+00
1.073921203613281250e+00
5.556862831115722656e+00
2.745184659957885742e+00
3.780612945556640625e+00
5.266821384429931641e+00
3.375651836395263672e+00
7.069638252258300781e+00
4.330468177795410156e+00
2.337513923645019531e+00
3.970361948013305664e+00
7.189270496368408203e+00
2.853199481964111328e+00
6.787887096405029297e+00
2.302439451217651367e+00
2.766492605209350586e+00
3.947779655456542969e+00
3.300353050231933594e+00
2.916270017623901367e+00
2.989439249038696289e+00
2.943214654922485352e+00
3.766385793685913086e+00
3.773627996444702148e+00
2.736902475357055664e+00
4.100850582122802734e+00
6.238426685333251953e+00
3.556002378463745117e+00
3.998570919036865234e+00
3.223763942718505859e+00
3.545467853546142578e+00
4.125585079193115234e+00
2.679019212722778320e+00
2.954852819442749023e+00
2.852023124694824219e+00
3.057423114776611328e+00
2.837322950363159180e+00
3.542399406433105469e+00
2.424564599990844727e+00
2.907810926437377930e+00
2.873941421508789062e+00
6.332230091094970703e+00
6.282135963439941406e+00
3.154674530029296875e+00
4.276010513305664062e+00
2.897024631500244141e+00
2.912755966186523438e+00
3.013518095016479492e+00
4.308456897735595703e+00
2.611602306365966797e+00
3.721008300781250000e+00
3.073458194732666016e+00
3.609881877899169922e+00
2.767360687255859375e+00
2.916075944900512695e+00
4.928984165191650391e+00
2.873191595077514648e+00
5.220607280731201172e+00
2.813487529754638672e+00
3.109134435653686523e+00
4.720746994018554688e+00
3.228501319885253906e+00
2.496996641159057617e+00
3.986224889755249023e+00
2.764118194580078125e+00
2.785497188568115234e+00
6.265257358551025391e+00
5.807357311248779297e+00
2.625735759735107422e+00
2.352506399154663086e+00
2.848944902420043945e+00
2.699156999588012695e+00
2.484263181686401367e+00
2.699579238891601562e+00
3.217569828033447266e+00
3.160109519958496094e+00
2.774696350097656250e+00
2.985239505767822266e+00
3.364659309387207031e+00
8.332962989807128906e+00
2.773096084594726562e+00
2.865814685821533203e+00
3.245257854461669922e+00
2.622988462448120117e+00
3.235969543457031250e+00
3.305946111679077148e+00
2.670305728912353516e+00
4.029702186584472656e+00
2.789076805114746094e+00
2.748329401016235352e+00
3.258209228515625000e+00
2.612616777420043945e+00
6.103008270263671875e+00
2.331407308578491211e+00
2.535880088806152344e+00
3.051940441131591797e+00
2.643331527709960938e+00
3.478551387786865234e+00
2.500556945800781250e+00
3.118866443634033203e+00
2.845628261566162109e+00
2.705071926116943359e+00
2.912015676498413086e+00
3.099438667297363281e+00
3.742965936660766602e+00
2.782080173492431641e+00
3.742528438568115234e+00
4.124701023101806641e+00
4.388095378875732422e+00
2.442982912063598633e+00
3.282911300659179688e+00
5.607903957366943359e+00
2.215675592422485352e+00
2.501163721084594727e+00
4.135061264038085938e+00
3.627532958984375000e+00
2.864629030227661133e+00
3.774939537048339844e+00
5.473308086395263672e+00
3.354151964187622070e+00
2.809111595153808594e+00
4.180718898773193359e+00
4.737334728240966797e+00
1.880316734313964844e+00
3.218919754028320312e+00
1.812111854553222656e+00
2.983330965042114258e+00
3.548439025878906250e+00
5.795727729797363281e+00
5.487264633178710938e+00
6.443572998046875000e+00
4.682051181793212891e+00
3.134960651397705078e+00
4.470686435699462891e+00
5.485281467437744141e+00
3.416280508041381836e+00
5.517867088317871094e+00
1.563789486885070801e+00
4.580548286437988281e+00
1.707743883132934570e+00
2.910801410675048828e+00
6.161522388458251953e+00
3.105880975723266602e+00
5.846340656280517578e+00
4.241112232208251953e+00
7.507467746734619141e+00
5.141086578369140625e+00
6.713060855865478516e+00
5.341223716735839844e+00
4.463937759399414062e+00
5.996907711029052734e+00
2.200283765792846680e+00
2.997201442718505859e+00
1.083609580993652344e+00
1.908578991889953613e+00
3.463075876235961914e+00
2.886344671249389648e+00
5.782519340515136719e+00
7.522161960601806641e+00
6.982332706451416016e+00
4.192598819732666016e+00
2.575963497161865234e+00
3.735041379928588867e+00
3.391201734542846680e+00
1.664975523948669434e+00
5.826963901519775391e+00
2.731216907501220703e+00
4.467827320098876953e+00
1.250582098960876465e+00
3.168464899063110352e+00
7.846242904663085938e+00
1.029079675674438477e+00
5.571230888366699219e+00
2.727864980697631836e+00
3.763425111770629883e+00
5.306284904479980469e+00
3.416510820388793945e+00
7.076191902160644531e+00
4.400625705718994141e+00
2.399923801422119141e+00
4.002245903015136719e+00
7.227477550506591797e+00
2.825248479843139648e+00
6.726233482360839844e+00
2.282548427581787109e+00
2.788758277893066406e+00
3.995098590850830078e+00
3.417040824890136719e+00
3.006494998931884766e+00
2.925920724868774414e+00
2.922935247421264648e+00
3.761566400527954102e+00
3.817411184310913086e+00
2.757199048995971680e+00
4.329526424407958984e+00
2.648156166076660156e+00
3.604254961013793945e+00
4.063809871673583984e+00
3.233404159545898438e+00
3.550766706466674805e+00
4.355100631713867188e+00
2.821795225143432617e+00
3.019922018051147461e+00
2.736907958984375000e+00
3.240187406539916992e+00
3.335232496261596680e+00
3.112697362899780273e+00
2.739137887954711914e+00
2.856290817260742188e+00
2.909515857696533203e+00
6.348649024963378906e+00
6.263530731201171875e+00
3.156720638275146484e+00
4.337119102478027344e+00
2.853483676910400391e+00
2.939084529876708984e+00
2.980074405670166016e+00
3.083981513977050781e+00
2.872769594192504883e+00
2.891453981399536133e+00
3.226818084716796875e+00
2.551966190338134766e+00
2.847038269042968750e+00
2.905897617340087891e+00
4.881016254425048828e+00
2.939248323440551758e+00
5.240506649017333984e+00
2.703932046890258789e+00
3.097519636154174805e+00
6.103451251983642578e+00
2.828012704849243164e+00
3.593727588653564453e+00
2.698945999145507812e+00
2.839799880981445312e+00
2.764971494674682617e+00
6.217415809631347656e+00
5.686287403106689453e+00
2.711775064468383789e+00
2.239781379699707031e+00
2.840171575546264648e+00
2.672611951828002930e+00
2.491882801055908203e+00
2.674119949340820312e+00
3.293449640274047852e+00
3.127456665039062500e+00
2.706329584121704102e+00
2.596861124038696289e+00
3.013246536254882812e+00
8.250089645385742188e+00
2.746199607849121094e+00
2.934382200241088867e+00
3.280389308929443359e+00
2.613703250885009766e+00
3.249907732009887695e+00
3.261490345001220703e+00
2.663358449935913086e+00
4.100846290588378906e+00
2.661379337310791016e+00
2.687143087387084961e+00
3.437667369842529297e+00
2.116936922073364258e+00
6.046351909637451172e+00
2.350101470947265625e+00
2.515308856964111328e+00
3.038400411605834961e+00
2.652493715286254883e+00
3.440295457839965820e+00
2.564790964126586914e+00
3.177824020385742188e+00
2.826459407806396484e+00
2.782603263854980469e+00
2.905479669570922852e+00
3.193331003189086914e+00
3.724788427352905273e+00
2.745147228240966797e+00
3.743481397628784180e+00
4.075736045837402344e+00
4.368179321289062500e+00
2.398662567138671875e+00
3.247642040252685547e+00
5.700821876525878906e+00
2.192718505859375000e+00
2.578388690948486328e+00
4.183724880218505859e+00
3.584499835968017578e+00
2.937412500381469727e+00
3.889410734176635742e+00
5.427691459655761719e+00
3.329184055328369141e+00
2.776665687561035156e+00
4.307902812957763672e+00
4.769700050354003906e+00
1.902346611022949219e+00
3.357066869735717773e+00
1.757463097572326660e+00
2.971040010452270508e+00
3.518549442291259766e+00
5.802506923675537109e+00
5.601951599121093750e+00
6.363348484039306641e+00
4.691679000854492188e+00
3.124155044555664062e+00
4.428946971893310547e+00
5.470833778381347656e+00
3.402740716934204102e+00
5.358634948730468750e+00
1.663246631622314453e+00
4.599711418151855469e+00
1.636956930160522461e+00
2.971860170364379883e+00
6.071397781372070312e+00
3.078469514846801758e+00
6.234763145446777344e+00
4.206756114959716797e+00
7.568045616149902344e+00
5.069356441497802734e+00
6.797441959381103516e+00
5.308029651641845703e+00
4.459660053253173828e+00
5.939253807067871094e+00
2.149646997451782227e+00
2.987491846084594727e+00
1.086360454559326172e+00
1.807522058486938477e+00
3.669860839843750000e+00
2.907025575637817383e+00
5.860541820526123047e+00
7.526059627532958984e+00
6.990271091461181641e+00
4.277738094329833984e+00
2.618907213211059570e+00
3.716558694839477539e+00
3.355001211166381836e+00
1.687399268150329590e+00
5.828004360198974609e+00
2.808765411376953125e+00
4.494813919067382812e+00
1.122339487075805664e+00
3.062292098999023438e+00
7.825497627258300781e+00
1.157543301582336426e+00
5.520196914672851562e+00
2.685552835464477539e+00
3.739149332046508789e+00
5.276736736297607422e+00
3.407646417617797852e+00
7.060761928558349609e+00
4.300326347351074219e+00
2.337535142898559570e+00
3.983802080154418945e+00
6.923485279083251953e+00
4.301002025604248047e+00
6.724068641662597656e+00
2.392353057861328125e+00
2.683902025222778320e+00
3.884018898010253906e+00
3.305453538894653320e+00
2.913361310958862305e+00
2.906216382980346680e+00
2.966262340545654297e+00
3.838296413421630859e+00
3.802007913589477539e+00
3.041468620300292969e+00
1.576715946197509766e+00
3.011692047119140625e+00
3.592743873596191406e+00
4.003340721130371094e+00
3.294726133346557617e+00
3.474059820175170898e+00
4.206659793853759766e+00
2.782613754272460938e+00
2.997258663177490234e+00
2.692833423614501953e+00
3.080918788909912109e+00
2.874595642089843750e+00
2.498576402664184570e+00
3.317546606063842773e+00
2.870278120040893555e+00
2.880737304687500000e+00
6.329249382019042969e+00
6.315735816955566406e+00
3.215096473693847656e+00
4.224679946899414062e+00
2.694903850555419922e+00
2.964176654815673828e+00
3.046204328536987305e+00
4.054106235504150391e+00
2.669888019561767578e+00
3.044365167617797852e+00
3.359165906906127930e+00
2.880218982696533203e+00
2.768251895904541016e+00
2.879646539688110352e+00
4.902181625366210938e+00
2.849119901657104492e+00
5.278752326965332031e+00
2.765451669692993164e+00
3.088374614715576172e+00
3.832407474517822266e+00
3.407160282135009766e+00
2.753557682037353516e+00
2.736445665359497070e+00
2.799025535583496094e+00
3.603911161422729492e+00
6.199363708496093750e+00
5.892067432403564453e+00
2.710695743560791016e+00
2.359914541244506836e+00
2.881674528121948242e+00
2.593669891357421875e+00
2.495679616928100586e+00
2.664623022079467773e+00
3.674562692642211914e+00
3.212258577346801758e+00
2.518558979034423828e+00
2.424652099609375000e+00
2.975608825683593750e+00
8.304508209228515625e+00
2.781648397445678711e+00
2.999305725097656250e+00
3.174886465072631836e+00
2.649635791778564453e+00
3.289456605911254883e+00
3.288655519485473633e+00
2.728523969650268555e+00
4.023884773254394531e+00
2.661047220230102539e+00
2.793401479721069336e+00
3.405741453170776367e+00
2.334984779357910156e+00
6.024924278259277344e+00
2.328705072402954102e+00
2.593761205673217773e+00
3.096082687377929688e+00
2.639255285263061523e+00
3.536076307296752930e+00
2.470126152038574219e+00
3.187056779861450195e+00
2.751549720764160156e+00
3.096683979034423828e+00
2.829986810684204102e+00
3.197811841964721680e+00
3.672055244445800781e+00
2.808184862136840820e+00
3.766852617263793945e+00
4.130586624145507812e+00
4.380787372589111328e+00
2.458311080932617188e+00
3.315597057342529297e+00
5.632564544677734375e+00
2.236749649047851562e+00
2.774827718734741211e+00
4.304891109466552734e+00
3.512017011642456055e+00
3.013133525848388672e+00
3.771344184875488281e+00
5.347572326660156250e+00
3.327935218811035156e+00
2.735329151153564453e+00
4.122016429901123047e+00
4.711702823638916016e+00
1.859792113304138184e+00
3.298926353454589844e+00
1.746471166610717773e+00
2.886809825897216797e+00
3.491121530532836914e+00
5.672325134277343750e+00
5.574267387390136719e+00
6.273326396942138672e+00
4.680597782135009766e+00
3.082749843597412109e+00
4.494638442993164062e+00
5.451655387878417969e+00
3.371315479278564453e+00
5.425140380859375000e+00
1.534208059310913086e+00
4.575159072875976562e+00
1.584954500198364258e+00
2.880263328552246094e+00
6.057501316070556641e+00
3.056169509887695312e+00
6.120194911956787109e+00
4.188688278198242188e+00
7.448044776916503906e+00
5.113010883331298828e+00
6.917548656463623047e+00
5.264031410217285156e+00
4.400598526000976562e+00
5.815619945526123047e+00
2.140778541564941406e+00
3.057031154632568359e+00
1.151563405990600586e+00
1.896447062492370605e+00
3.626869916915893555e+00
2.990479707717895508e+00
5.695990562438964844e+00
7.432838916778564453e+00
6.950172424316406250e+00
4.342969417572021484e+00
2.582648038864135742e+00
3.655789852142333984e+00
3.369519233703613281e+00
1.692833542823791504e+00
5.725949287414550781e+00
2.667737722396850586e+00
4.343073844909667969e+00
1.218607187271118164e+00
2.910454273223876953e+00
7.762404441833496094e+00
1.059328436851501465e+00
5.515188217163085938e+00
2.757603883743286133e+00
3.702088117599487305e+00
5.176208496093750000e+00
3.354763507843017578e+00
7.001905441284179688e+00
4.153181076049804688e+00
2.396283149719238281e+00
3.894622087478637695e+00
6.946640491485595703e+00
4.743737697601318359e+00
6.656534194946289062e+00
2.262321233749389648e+00
2.761636495590209961e+00
3.947762489318847656e+00
3.338124990463256836e+00
2.970993041992187500e+00
2.880127429962158203e+00
2.875162839889526367e+00
3.756629467010498047e+00
3.854780673980712891e+00
2.674045801162719727e+00
4.296347141265869141e+00
6.184307575225830078e+00
3.572971105575561523e+00
4.057524204254150391e+00
3.196970224380493164e+00
3.551205635070800781e+00
4.247231483459472656e+00
2.733569145202636719e+00
2.965306997299194336e+00
2.713899850845336914e+00
3.161288976669311523e+00
2.836270809173583984e+00
2.701984167098999023e+00
3.423604011535644531e+00
2.857680797576904297e+00
2.855717420578002930e+00
6.258903026580810547e+00
6.255301475524902344e+00
3.201082706451416016e+00
4.236660957336425781e+00
2.826761960983276367e+00
2.995707511901855469e+00
5.243999958038330078e+00
4.397727012634277344e+00
2.267217397689819336e+00
2.769271373748779297e+00
3.439128160476684570e+00
2.748520851135253906e+00
2.709732532501220703e+00
3.017539739608764648e+00
4.887708187103271484e+00
2.901270151138305664e+00
5.219785213470458984e+00
2.787083387374877930e+00
3.086779117584228516e+00
2.816758632659912109e+00
4.374079227447509766e+00
2.701840400695800781e+00
2.618847370147705078e+00
3.424869775772094727e+00
3.097790002822875977e+00
6.232574462890625000e+00
5.755430698394775391e+00
2.640437126159667969e+00
2.264129638671875000e+00
2.863198280334472656e+00
2.661607980728149414e+00
2.535464763641357422e+00
2.641416788101196289e+00
2.915890455245971680e+00
3.316345453262329102e+00
2.792269706726074219e+00
2.514061927795410156e+00
2.924328804016113281e+00
8.283650398254394531e+00
2.796677589416503906e+00
2.898583889007568359e+00
3.144658088684082031e+00
2.584449052810668945e+00
3.220782995223999023e+00
3.225859880447387695e+00
2.753224849700927734e+00
3.920010328292846680e+00
2.786689996719360352e+00
2.794993877410888672e+00
3.331195354461669922e+00
2.348928213119506836e+00
6.065224170684814453e+00
2.333637475967407227e+00
2.431673288345336914e+00
3.004159688949584961e+00
2.611557245254516602e+00
3.513556957244873047e+00
2.568802118301391602e+00
3.212769985198974609e+00
2.874850988388061523e+00
3.146015405654907227e+00
2.762391328811645508e+00
3.190174102783203125e+00
3.736929655075073242e+00
2.728773117065429688e+00
3.671727657318115234e+00
4.068367004394531250e+00
4.406993865966796875e+00
2.339250802993774414e+00
3.337923049926757812e+00
5.532935619354248047e+00
2.202365875244140625e+00
2.743214607238769531e+00
4.261326789855957031e+00
3.494586706161499023e+00
3.081663131713867188e+00
3.683752775192260742e+00
5.137736320495605469e+00
3.462452888488769531e+00
4.035280227661132812e+00
2.344369173049926758e+00
4.593997001647949219e+00
2.878529787063598633e+00
6.797729015350341797e+00
6.670561313629150391e+00
3.000804424285888672e+00
4.404520034790039062e+00
5.575516223907470703e+00
7.923194408416748047e+00
3.875276803970336914e+00
3.288779735565185547e+00
3.253038883209228516e+00
3.811443567276000977e+00
2.881334781646728516e+00
2.522095441818237305e+00
3.506025791168212891e+00
2.335997343063354492e+00
6.338589191436767578e+00
6.168281555175781250e+00
2.436652898788452148e+00
2.355963468551635742e+00
4.294367790222167969e+00
2.908023118972778320e+00
4.178087711334228516e+00
6.242998123168945312e+00
3.371596574783325195e+00
2.771558046340942383e+00
3.705610275268554688e+00
4.936116695404052734e+00
3.303033351898193359e+00
2.885249137878417969e+00
4.162487030029296875e+00
5.160854816436767578e+00
2.366716623306274414e+00
2.798079490661621094e+00
3.273808240890502930e+00
5.088066577911376953e+00
2.968471050262451172e+00
2.538372039794921875e+00
5.767090320587158203e+00
3.246649503707885742e+00
3.673022508621215820e+00
2.508661270141601562e+00
2.534488439559936523e+00
2.785291910171508789e+00
2.672658920288085938e+00
4.729365825653076172e+00
3.038651943206787109e+00
2.701144218444824219e+00
3.035135984420776367e+00
4.555668830871582031e+00
3.168631076812744141e+00
2.802495718002319336e+00
3.691276311874389648e+00
6.297980308532714844e+00
3.237400770187377930e+00
7.280460357666015625e+00
4.690966606140136719e+00
3.985501289367675781e+00
3.345928192138671875e+00
1.945061087608337402e+00
3.940080642700195312e+00
2.035053253173828125e+00
2.425249814987182617e+00
3.610222578048706055e+00
4.045958995819091797e+00
2.723314285278320312e+00
3.611113309860229492e+00
2.764117956161499023e+00
2.760368585586547852e+00
3.773230791091918945e+00
3.290635585784912109e+00
2.681670427322387695e+00
1.923845767974853516e+00
4.052062988281250000e+00
2.692683935165405273e+00
3.659453153610229492e+00
3.123744726181030273e+00
3.119976520538330078e+00
2.984610795974731445e+00
2.949449777603149414e+00
2.919694423675537109e+00
3.229204177856445312e+00
3.363521814346313477e+00
2.768263816833496094e+00
2.973738193511962891e+00
2.636485815048217773e+00
2.756452798843383789e+00
3.750475883483886719e+00
5.073877334594726562e+00
3.995901584625244141e+00
3.365892171859741211e+00
3.068911314010620117e+00
3.846212863922119141e+00
4.137229919433593750e+00
3.610790014266967773e+00
3.680415153503417969e+00
5.324979782104492188e+00
1.009863138198852539e+00
2.211609601974487305e+00
2.818671464920043945e+00
2.938400268554687500e+00
4.142542362213134766e+00
3.140981197357177734e+00
2.428480386734008789e+00
3.714344501495361328e+00
3.349534511566162109e+00
3.448489189147949219e+00
3.961326599121093750e+00
4.293764591217041016e+00
4.185669898986816406e+00
4.038708209991455078e+00
3.320892095565795898e+00
3.598673343658447266e+00
4.201278686523437500e+00
5.405806064605712891e+00
2.547757148742675781e+00
2.895192861557006836e+00
3.901694536209106445e+00
2.490112543106079102e+00
3.003904819488525391e+00
3.114104509353637695e+00
3.105739593505859375e+00
1.927254676818847656e+00
1.802806109189987183e-01
2.833594322204589844e+00
2.788793802261352539e+00
3.171424865722656250e+00
2.594492197036743164e+00
3.453148365020751953e+00
2.932002067565917969e+00
9.431623816490173340e-01
2.483693838119506836e+00
3.225453376770019531e+00
3.205964088439941406e+00
3.826466321945190430e+00
3.360187530517578125e+00
3.199262380599975586e+00
3.209419488906860352e+00
3.945300579071044922e+00
2.350967168807983398e+00
2.776432275772094727e+00
2.891265392303466797e+00
3.359557151794433594e+00
4.174119949340820312e+00
4.201781749725341797e+00
3.876397371292114258e+00
3.303829908370971680e+00
2.509898900985717773e+00
2.702408790588378906e+00
2.864922285079956055e+00
2.695019721984863281e+00
3.690881490707397461e+00
2.636968851089477539e+00
1.891036152839660645e+00
5.232831954956054688e+00
5.724210262298583984e+00
1.527834653854370117e+00
7.594991207122802734e+00
5.890303611755371094e+00
4.540968894958496094e+00
5.054204940795898438e+00
5.004371166229248047e+00
6.860188007354736328e+00
6.744395732879638672e+00
4.811966419219970703e+00
5.496366500854492188e+00
3.580500602722167969e+00
4.109468460083007812e+00
2.498303890228271484e+00
4.872542381286621094e+00
2.841740846633911133e+00
7.234690189361572266e+00
7.090091228485107422e+00
3.017093420028686523e+00
4.436938762664794922e+00
6.009230136871337891e+00
8.658051490783691406e+00
4.010659217834472656e+00
3.377694129943847656e+00
3.361955881118774414e+00
3.704303264617919922e+00
2.602893590927124023e+00
2.497536182403564453e+00
3.473724126815795898e+00
2.385723352432250977e+00
6.586154937744140625e+00
6.529603481292724609e+00
2.720684289932250977e+00
2.400222301483154297e+00
4.725306034088134766e+00
3.083622455596923828e+00
4.382383823394775391e+00
6.449633598327636719e+00
3.440013885498046875e+00
2.722646713256835938e+00
3.754355669021606445e+00
5.215963363647460938e+00
3.420794010162353516e+00
3.124818086624145508e+00
4.456006050109863281e+00
5.371793746948242188e+00
2.451068401336669922e+00
2.855184555053710938e+00
3.584994077682495117e+00
5.112534999847412109e+00
2.862490415573120117e+00
2.600198745727539062e+00
6.021944522857666016e+00
3.349042177200317383e+00
3.785217285156250000e+00
2.685202598571777344e+00
2.757165431976318359e+00
3.059581995010375977e+00
2.819044113159179688e+00
4.855828762054443359e+00
3.237173795700073242e+00
2.714102268218994141e+00
3.272664785385131836e+00
4.665672779083251953e+00
3.328781127929687500e+00
2.941690683364868164e+00
3.813702821731567383e+00
6.466750144958496094e+00
3.494964122772216797e+00
7.712660789489746094e+00
5.041419982910156250e+00
4.221771240234375000e+00
3.564509630203247070e+00
2.053929090499877930e+00
3.655060768127441406e+00
2.173507452011108398e+00
2.449857473373413086e+00
3.644514560699462891e+00
4.050658226013183594e+00
2.755623817443847656e+00
3.686604976654052734e+00
2.654875993728637695e+00
2.790990352630615234e+00
3.737199068069458008e+00
3.313609123229980469e+00
2.739087820053100586e+00
2.109217643737792969e+00
4.213508605957031250e+00
2.670639038085937500e+00
3.951896667480468750e+00
3.017895460128784180e+00
3.191262483596801758e+00
3.025877714157104492e+00
3.046487569808959961e+00
2.954500436782836914e+00
3.187762498855590820e+00
3.307610273361206055e+00
3.029435396194458008e+00
3.088801622390747070e+00
3.501232385635375977e+00
2.847112178802490234e+00
3.777811288833618164e+00
5.225434780120849609e+00
3.983505487442016602e+00
3.468033075332641602e+00
3.018626451492309570e+00
3.878292083740234375e+00
4.310034275054931641e+00
3.664067745208740234e+00
4.601333141326904297e+00
4.180522441864013672e+00
4.231920719146728516e+00
5.143611431121826172e+00
3.413262128829956055e+00
2.931933164596557617e+00
4.205616950988769531e+00
3.084386587142944336e+00
2.379541635513305664e+00
3.691305160522460938e+00
3.306466817855834961e+00
3.507010221481323242e+00
3.671853065490722656e+00
4.667233943939208984e+00
4.682391643524169922e+00
4.214131832122802734e+00
3.438071966171264648e+00
4.114722251892089844e+00
4.353583812713623047e+00
5.609755516052246094e+00
2.495063304901123047e+00
2.856467485427856445e+00
3.957591295242309570e+00
2.461380481719970703e+00
1.843596458435058594e+00
1.572431206703186035e+00
2.201322793960571289e+00
1.867515563964843750e+00
3.363643407821655273e+00
3.047909736633300781e+00
2.787186384201049805e+00
3.448270082473754883e+00
2.874695301055908203e+00
3.467052459716796875e+00
2.842245817184448242e+00
9.561859965324401855e-01
2.513324022293090820e+00
3.231564044952392578e+00
4.098818302154541016e+00
3.843491315841674805e+00
3.432492971420288086e+00
3.043220520019531250e+00
2.837052345275878906e+00
3.301756143569946289e+00
2.446784734725952148e+00
2.827831506729125977e+00
2.969530820846557617e+00
3.249525308609008789e+00
4.220618724822998047e+00
4.340455055236816406e+00
3.893968582153320312e+00
3.385661125183105469e+00
2.414597034454345703e+00
2.713825941085815430e+00
2.830771923065185547e+00
2.735703229904174805e+00
3.725536108016967773e+00
2.583163499832153320e+00
2.034394025802612305e+00
5.584968090057373047e+00
6.055368423461914062e+00
1.782302021980285645e+00
7.885871410369873047e+00
6.171399116516113281e+00
4.800337791442871094e+00
5.164803504943847656e+00
5.219391345977783203e+00
7.356327056884765625e+00
7.238290309906005859e+00
5.191253662109375000e+00
5.488479614257812500e+00
3.496824264526367188e+00
4.139497280120849609e+00
2.458114147186279297e+00
4.856054782867431641e+00
2.927250146865844727e+00
7.226326465606689453e+00
7.108454227447509766e+00
3.033857583999633789e+00
4.426455020904541016e+00
6.005289554595947266e+00
8.665422439575195312e+00
4.099639892578125000e+00
3.347933769226074219e+00
3.319423437118530273e+00
3.728459119796752930e+00
2.606219291687011719e+00
2.658504724502563477e+00
3.500633478164672852e+00
2.415655136108398438e+00
6.619794845581054688e+00
6.528045654296875000e+00
2.714097023010253906e+00
2.317019224166870117e+00
4.593013763427734375e+00
3.044628381729125977e+00
4.360772609710693359e+00
6.442662239074707031e+00
3.462596416473388672e+00
2.685893297195434570e+00
3.653494358062744141e+00
5.191276550292968750e+00
3.426829099655151367e+00
3.144839763641357422e+00
4.390757083892822266e+00
5.328188896179199219e+00
2.537336349487304688e+00
2.779681444168090820e+00
3.627460956573486328e+00
5.160817146301269531e+00
2.942474842071533203e+00
2.583507061004638672e+00
5.992604732513427734e+00
3.424066305160522461e+00
3.757174968719482422e+00
2.602546453475952148e+00
2.689201354980468750e+00
2.994513988494873047e+00
2.955907583236694336e+00
4.900486469268798828e+00
3.132576227188110352e+00
2.647406101226806641e+00
3.266239881515502930e+00
4.672708511352539062e+00
3.364242076873779297e+00
2.933876514434814453e+00
3.856216430664062500e+00
6.461543560028076172e+00
3.459417819976806641e+00
7.701960563659667969e+00
5.051659584045410156e+00
4.224781513214111328e+00
3.513791322708129883e+00
2.119421482086181641e+00
3.820044517517089844e+00
2.196624279022216797e+00
2.487534284591674805e+00
3.574744462966918945e+00
4.088740348815917969e+00
2.727954626083374023e+00
3.719988346099853516e+00
2.701563596725463867e+00
2.687292098999023438e+00
3.751534223556518555e+00
3.228756666183471680e+00
2.712204217910766602e+00
1.909327983856201172e+00
4.149415969848632812e+00
2.687570095062255859e+00
3.698715925216674805e+00
3.077993392944335938e+00
3.166253805160522461e+00
2.965248107910156250e+00
2.982060432434082031e+00
2.982938528060913086e+00
3.173882246017456055e+00
3.329039812088012695e+00
3.371839284896850586e+00
5.008372783660888672e+00
5.246800422668457031e+00
1.337362527847290039e+00
3.773521900177001953e+00
5.285789489746093750e+00
4.041332721710205078e+00
3.485742092132568359e+00
2.996042013168334961e+00
3.924577951431274414e+00
4.246818065643310547e+00
3.745230674743652344e+00
4.778521060943603516e+00
4.598308086395263672e+00
4.271472454071044922e+00
5.182377815246582031e+00
4.258092403411865234e+00
2.855990886688232422e+00
4.265696048736572266e+00
3.062724590301513672e+00
2.437056779861450195e+00
3.714527130126953125e+00
3.398578882217407227e+00
3.495275497436523438e+00
3.535727739334106445e+00
4.779074668884277344e+00
4.485515594482421875e+00
4.034814834594726562e+00
5.705372333526611328e+00
4.947008609771728516e+00
4.442650318145751953e+00
5.473515033721923828e+00
2.442654132843017578e+00
2.849387407302856445e+00
4.016131401062011719e+00
2.469608545303344727e+00
1.829349398612976074e+00
1.676132082939147949e+00
2.194459676742553711e+00
1.040367841720581055e+00
2.289112329483032227e+00
2.971079826354980469e+00
3.283007621765136719e+00
3.453147649765014648e+00
2.861751079559326172e+00
3.531598806381225586e+00
2.819439649581909180e+00
9.829503893852233887e-01
2.491564750671386719e+00
3.196803331375122070e+00
4.146626472473144531e+00
3.795322895050048828e+00
3.408656835556030273e+00
3.012445926666259766e+00
3.024409532546997070e+00
4.043007850646972656e+00
2.415690898895263672e+00
2.939451456069946289e+00
2.954510927200317383e+00
3.161357641220092773e+00
4.220664978027343750e+00
4.284570693969726562e+00
3.851080179214477539e+00
3.132812976837158203e+00
2.442363023757934570e+00
2.857927322387695312e+00
2.906397104263305664e+00
2.683696031570434570e+00
3.737644433975219727e+00
2.591083288192749023e+00
2.092555046081542969e+00
5.662571430206298828e+00
6.081029891967773438e+00
1.766241788864135742e+00
7.885900974273681641e+00
6.159337043762207031e+00
4.921340942382812500e+00
5.219607830047607422e+00
5.235246181488037109e+00
7.512162685394287109e+00
7.386022567749023438e+00
5.288048744201660156e+00
5.451576232910156250e+00
3.528507232666015625e+00
4.155907630920410156e+00
2.507447719573974609e+00
4.854905128479003906e+00
2.925608634948730469e+00
7.247037410736083984e+00
7.142733097076416016e+00
3.003849029541015625e+00
4.450764656066894531e+00
6.047012805938720703e+00
8.631406784057617188e+00
4.115877151489257812e+00
3.371311426162719727e+00
3.353968620300292969e+00
3.761430263519287109e+00
2.550461053848266602e+00
2.470542192459106445e+00
3.453858137130737305e+00
2.403840065002441406e+00
6.642710208892822266e+00
6.568221569061279297e+00
2.739284753799438477e+00
2.340576648712158203e+00
4.750345706939697266e+00
3.067499876022338867e+00
4.279452323913574219e+00
6.376484870910644531e+00
3.519953727722167969e+00
2.640827178955078125e+00
3.713273286819458008e+00
5.061449050903320312e+00
3.381354808807373047e+00
3.103239297866821289e+00
4.458774566650390625e+00
5.494019508361816406e+00
2.585193395614624023e+00
2.804831981658935547e+00
3.599452257156372070e+00
5.116944789886474609e+00
2.977786779403686523e+00
2.582395076751708984e+00
5.965013504028320312e+00
3.328504800796508789e+00
3.749293327331542969e+00
2.633696317672729492e+00
2.728085756301879883e+00
3.022867679595947266e+00
2.885339260101318359e+00
4.830162048339843750e+00
3.057819128036499023e+00
2.671531915664672852e+00
3.264376401901245117e+00
4.668068408966064453e+00
3.364764928817749023e+00
2.979253530502319336e+00
3.857002019882202148e+00
6.428101062774658203e+00
3.504318237304687500e+00
7.695744037628173828e+00
5.052402019500732422e+00
4.191176414489746094e+00
3.581023693084716797e+00
2.164697408676147461e+00
3.817054510116577148e+00
2.199624300003051758e+00
2.412379026412963867e+00
3.620100736618041992e+00
4.092620849609375000e+00
2.682205677032470703e+00
3.583602428436279297e+00
2.702358961105346680e+00
2.806444883346557617e+00
3.786309003829956055e+00
3.252648115158081055e+00
2.753350973129272461e+00
1.977572917938232422e+00
4.686557292938232422e+00
2.783950805664062500e+00
3.786511182785034180e+00
3.081803798675537109e+00
3.160429000854492188e+00
3.113505840301513672e+00
2.913828372955322266e+00
2.860021591186523438e+00
3.257370233535766602e+00
3.402583837509155273e+00
2.776006937026977539e+00
3.374060392379760742e+00
2.389573335647583008e+00
4.448159217834472656e+00
3.843158721923828125e+00
5.298397064208984375e+00
4.043845176696777344e+00
3.511137247085571289e+00
2.977880001068115234e+00
3.967223882675170898e+00
4.278960704803466797e+00
3.594744205474853516e+00
2.941578865051269531e+00
3.118172407150268555e+00
5.555539608001708984e+00
4.032265663146972656e+00
5.272576808929443359e+00
2.873102188110351562e+00
4.184932231903076172e+00
3.143688201904296875e+00
2.388235330581665039e+00
3.831454515457153320e+00
3.435075998306274414e+00
3.542097330093383789e+00
3.519335269927978516e+00
4.564372062683105469e+00
6.190839767456054688e+00
6.654830932617187500e+00
4.656116485595703125e+00
4.168189048767089844e+00
4.404981613159179688e+00
5.514955997467041016e+00
2.439389944076538086e+00
2.855516910552978516e+00
3.991268396377563477e+00
2.451738834381103516e+00
1.724376320838928223e+00
1.689368963241577148e+00
2.112453699111938477e+00
1.416895985603332520e+00
3.186219215393066406e+00
2.346178293228149414e+00
4.625030040740966797e+00
3.413010358810424805e+00
2.880754709243774414e+00
3.542979478836059570e+00
2.797054290771484375e+00
9.713715314865112305e-01
2.528042793273925781e+00
3.176704883575439453e+00
4.120325088500976562e+00
3.732580661773681641e+00
3.499336719512939453e+00
3.038763046264648438e+00
3.449133634567260742e+00
3.313226222991943359e+00
2.419302940368652344e+00
2.919357299804687500e+00
2.921055316925048828e+00
3.259449481964111328e+00
4.220829486846923828e+00
4.215897083282470703e+00
3.786171197891235352e+00
3.063414335250854492e+00
2.340158939361572266e+00
2.871548414230346680e+00
2.929810523986816406e+00
2.746464014053344727e+00
3.660860061645507812e+00
2.577694654464721680e+00
1.966831564903259277e+00
5.608684062957763672e+00
6.062089920043945312e+00
1.825199127197265625e+00
7.966793060302734375e+00
6.136712551116943359e+00
5.000890731811523438e+00
5.384194850921630859e+00
5.331886291503906250e+00
7.627668380737304688e+00
7.334998607635498047e+00
5.003241062164306641e+00
5.457677364349365234e+00
3.580101490020751953e+00
4.128443717956542969e+00
2.461155176162719727e+00
4.829099178314208984e+00
2.837582826614379883e+00
7.291239738464355469e+00
7.196565628051757812e+00
3.108490705490112305e+00
4.470300674438476562e+00
6.011836051940917969e+00
8.733500480651855469e+00
4.060000896453857422e+00
3.360138416290283203e+00
3.363611221313476562e+00
3.765367269515991211e+00
2.594353675842285156e+00
2.610715627670288086e+00
3.402637481689453125e+00
2.438343524932861328e+00
6.598901271820068359e+00
6.537957668304443359e+00
2.760482549667358398e+00
2.274781227111816406e+00
4.750799655914306641e+00
3.175414800643920898e+00
4.403379440307617188e+00
6.387440204620361328e+00
3.508506059646606445e+00
2.556843042373657227e+00
3.690090894699096680e+00
5.075073242187500000e+00
3.389344692230224609e+00
3.146471977233886719e+00
4.456942558288574219e+00
5.409829616546630859e+00
2.507788181304931641e+00
2.830432176589965820e+00
3.648298740386962891e+00
5.051218509674072266e+00
2.932236433029174805e+00
2.516745090484619141e+00
6.024848461151123047e+00
3.378083944320678711e+00
3.788524866104125977e+00
2.579622030258178711e+00
2.689380168914794922e+00
3.071955919265747070e+00
2.835910320281982422e+00
4.811715126037597656e+00
3.093823432922363281e+00
2.785854339599609375e+00
3.253456115722656250e+00
4.688346862792968750e+00
3.382656335830688477e+00
2.957659006118774414e+00
3.865099906921386719e+00
6.416635513305664062e+00
3.436603307723999023e+00
7.699662685394287109e+00
5.075815200805664062e+00
4.212307453155517578e+00
3.519589185714721680e+00
2.114104509353637695e+00
3.818753719329833984e+00
2.176955938339233398e+00
2.412541151046752930e+00
3.735162496566772461e+00
4.054301261901855469e+00
2.668396234512329102e+00
3.569473743438720703e+00
2.665936231613159180e+00
2.693501949310302734e+00
3.868659496307373047e+00
3.318874120712280273e+00
2.640672206878662109e+00
2.197291135787963867e+00
3.055608749389648438e+00
2.703054904937744141e+00
3.796219587326049805e+00
2.961042165756225586e+00
3.184581279754638672e+00
3.040928602218627930e+00
3.014412403106689453e+00
2.982770681381225586e+00
3.236136198043823242e+00
3.357925653457641602e+00
5.256840229034423828e+00
5.404098510742187500e+00
3.659326791763305664e+00
3.780067920684814453e+00
3.806557893753051758e+00
5.260912418365478516e+00
3.953765392303466797e+00
3.451132535934448242e+00
3.005666255950927734e+00
3.938665866851806641e+00
4.217166423797607422e+00
3.714527845382690430e+00
4.360193729400634766e+00
3.905173301696777344e+00
2.860829114913940430e+00
3.604584932327270508e+00
2.717725992202758789e+00
2.833721399307250977e+00
4.224503517150878906e+00
3.123313188552856445e+00
2.431582689285278320e+00
3.747134923934936523e+00
3.326888561248779297e+00
3.527797460556030273e+00
6.046216964721679688e+00
6.472986698150634766e+00
5.487133026123046875e+00
4.955733776092529297e+00
4.015952587127685547e+00
3.258089065551757812e+00
4.421326160430908203e+00
5.429941177368164062e+00
2.449520587921142578e+00
2.867991209030151367e+00
3.937853574752807617e+00
2.456529378890991211e+00
1.896646142005920410e+00
1.655147194862365723e+00
1.712479829788208008e+00
1.782027959823608398e+00
2.705453395843505859e+00
4.044230461120605469e+00
3.439495801925659180e+00
3.424695491790771484e+00
2.829874753952026367e+00
3.554087877273559570e+00
2.855391502380371094e+00
9.950543642044067383e-01
2.446290731430053711e+00
3.242343664169311523e+00
4.121927738189697266e+00
3.803708791732788086e+00
3.765756845474243164e+00
3.149149656295776367e+00
3.530775547027587891e+00
3.929690122604370117e+00
2.446182966232299805e+00
2.881132841110229492e+00
2.926988363265991211e+00
3.294662237167358398e+00
4.174272537231445312e+00
4.243573188781738281e+00
3.752369880676269531e+00
3.130398750305175781e+00
2.406759738922119141e+00
2.916300535202026367e+00
2.939015626907348633e+00
2.707854032516479492e+00
3.612387657165527344e+00
2.600556850433349609e+00
2.002701520919799805e+00
5.633440494537353516e+00
6.109194278717041016e+00
1.734145998954772949e+00
7.996851921081542969e+00
6.139989376068115234e+00
5.233619689941406250e+00
5.427927017211914062e+00
5.400039672851562500e+00
7.486300468444824219e+00
7.325933933258056641e+00
5.054270744323730469e+00
5.453124523162841797e+00
3.611674070358276367e+00
4.089424133300781250e+00
2.457389116287231445e+00
4.815967559814453125e+00
2.836331129074096680e+00
7.255679607391357422e+00
7.225246429443359375e+00
3.066747426986694336e+00
4.531200885772705078e+00
6.080323219299316406e+00
8.630354881286621094e+00
4.056406021118164062e+00
3.472534656524658203e+00
3.384266853332519531e+00
3.798685789108276367e+00
2.508864879608154297e+00
2.621599435806274414e+00
3.525327920913696289e+00
2.422617673873901367e+00
6.628759860992431641e+00
6.556564331054687500e+00
2.717498302459716797e+00
2.316275596618652344e+00
4.688885211944580078e+00
3.132081747055053711e+00
4.356902599334716797e+00
6.339883804321289062e+00
3.496241807937622070e+00
2.658401727676391602e+00
3.747824192047119141e+00
5.186718940734863281e+00
3.437499284744262695e+00
3.045490980148315430e+00
4.405195236206054688e+00
5.332409381866455078e+00
2.444933414459228516e+00
2.865348815917968750e+00
3.663164615631103516e+00
5.143070220947265625e+00
2.887782335281372070e+00
2.531253337860107422e+00
6.032045364379882812e+00
3.440134286880493164e+00
3.816380977630615234e+00
2.617029428482055664e+00
2.649161815643310547e+00
3.069550991058349609e+00
2.853868961334228516e+00
4.895254611968994141e+00
3.075481891632080078e+00
2.714693546295166016e+00
3.299407720565795898e+00
4.750476837158203125e+00
3.324422836303710938e+00
2.924658060073852539e+00
3.787728786468505859e+00
6.534053325653076172e+00
3.411270618438720703e+00
7.786937236785888672e+00
4.973755359649658203e+00
4.118719577789306641e+00
3.608803272247314453e+00
2.044615268707275391e+00
5.615220546722412109e+00
2.226928710937500000e+00
2.482774257659912109e+00
3.652585744857788086e+00
4.046660900115966797e+00
2.664453029632568359e+00
3.647652864456176758e+00
2.614264488220214844e+00
2.829144716262817383e+00
3.895805120468139648e+00
3.224630594253540039e+00
2.554735898971557617e+00
4.380709171295166016e+00
4.607800483703613281e+00
2.679706573486328125e+00
3.801478385925292969e+00
3.010333538055419922e+00
3.110770225524902344e+00
2.982710599899291992e+00
3.038636922836303711e+00
2.876769304275512695e+00
3.242105484008789062e+00
3.394355535507202148e+00
2.883815765380859375e+00
2.581968307495117188e+00
2.641049146652221680e+00
2.814013481140136719e+00
3.783996105194091797e+00
5.282158851623535156e+00
3.884203433990478516e+00
3.509448528289794922e+00
2.989963293075561523e+00
3.976612567901611328e+00
4.209581851959228516e+00
3.581878662109375000e+00
2.501205205917358398e+00
3.030122518539428711e+00
3.090158700942993164e+00
3.645788669586181641e+00
2.793094158172607422e+00
2.920393943786621094e+00
4.155955791473388672e+00
3.120580911636352539e+00
2.423140525817871094e+00
3.698907613754272461e+00
3.368353605270385742e+00
3.491620779037475586e+00
3.700366258621215820e+00
4.260674476623535156e+00
3.711899995803833008e+00
3.844476222991943359e+00
3.498504877090454102e+00
2.643212318420410156e+00
4.451767444610595703e+00
5.527212619781494141e+00
2.410716772079467773e+00
2.882658243179321289e+00
3.999400377273559570e+00
2.474203348159790039e+00
1.964483022689819336e+00
1.685719609260559082e+00
1.955504775047302246e+00
2.552593708038330078e+00
3.421946287155151367e+00
3.314118862152099609e+00
2.468208312988281250e+00
3.474285602569580078e+00
2.922499656677246094e+00
3.540328979492187500e+00
2.786133050918579102e+00
9.710526466369628906e-01
2.485514163970947266e+00
3.189478158950805664e+00
4.175054073333740234e+00
3.790787220001220703e+00
3.336255311965942383e+00
3.070312976837158203e+00
3.387917995452880859e+00
4.086681365966796875e+00
2.446431398391723633e+00
2.877762079238891602e+00
2.948948144912719727e+00
3.212524175643920898e+00
4.206924438476562500e+00
4.251618862152099609e+00
3.680802583694458008e+00
3.117045164108276367e+00
2.474233627319335938e+00
3.068335533142089844e+00
2.919324398040771484e+00
2.725466966629028320e+00
3.707473039627075195e+00
2.576329708099365234e+00
1.999523401260375977e+00
5.591632843017578125e+00
6.131312847137451172e+00
1.782206416130065918e+00
7.921112060546875000e+00
6.173984050750732422e+00
5.339311122894287109e+00
5.526439189910888672e+00
5.401881694793701172e+00
7.278590202331542969e+00
7.417964935302734375e+00
4.887203693389892578e+00
5.309256076812744141e+00
3.568053007125854492e+00
4.090292930603027344e+00
2.480911493301391602e+00
4.802515506744384766e+00
2.917050123214721680e+00
7.163875579833984375e+00
7.153121471405029297e+00
3.033100605010986328e+00
4.502350330352783203e+00
5.917887210845947266e+00
8.533050537109375000e+00
4.013106346130371094e+00
3.395790100097656250e+00
3.290683269500732422e+00
3.728091001510620117e+00
2.579578876495361328e+00
2.597630977630615234e+00
3.493015527725219727e+00
2.402167797088623047e+00
6.567340373992919922e+00
6.424700260162353516e+00
2.685995340347290039e+00
2.329873323440551758e+00
4.629743576049804688e+00
3.091547727584838867e+00
4.294024467468261719e+00
6.200965881347656250e+00
3.466355085372924805e+00
2.662415504455566406e+00
3.701667070388793945e+00
5.134172916412353516e+00
3.407442331314086914e+00
3.112189292907714844e+00
4.316232681274414062e+00
5.424463748931884766e+00
2.431032657623291016e+00
2.884082078933715820e+00
3.590720176696777344e+00
5.009136676788330078e+00
2.932287216186523438e+00
2.509530305862426758e+00
6.037614345550537109e+00
3.249643325805664062e+00
3.680128812789916992e+00
2.671164512634277344e+00
2.673329353332519531e+00
2.953008413314819336e+00
2.782272338867187500e+00
4.816179275512695312e+00
3.184597253799438477e+00
2.583091259002685547e+00
3.229820728302001953e+00
4.713622093200683594e+00
3.293405294418334961e+00
2.956443309783935547e+00
3.820019721984863281e+00
6.428803920745849609e+00
3.451202630996704102e+00
7.735332012176513672e+00
4.876970767974853516e+00
4.207435131072998047e+00
3.477484941482543945e+00
2.117770195007324219e+00
3.919565200805664062e+00
2.118319511413574219e+00
2.371018409729003906e+00
3.658338546752929688e+00
3.937972068786621094e+00
2.674573421478271484e+00
3.608910083770751953e+00
2.606009721755981445e+00
2.763300180435180664e+00
3.843412399291992188e+00
3.267112493515014648e+00
2.685871839523315430e+00
2.056638002395629883e+00
4.086238861083984375e+00
2.653694152832031250e+00
3.819081068038940430e+00
3.066367149353027344e+00
3.229405879974365234e+00
2.982179641723632812e+00
3.007715940475463867e+00
2.873558282852172852e+00
3.156348228454589844e+00
3.335525274276733398e+00
2.962482929229736328e+00
2.972797632217407227e+00
2.768558979034423828e+00
2.834950685501098633e+00
3.844026327133178711e+00
5.193142414093017578e+00
3.980552911758422852e+00
3.440152406692504883e+00
2.971071720123291016e+00
3.828233242034912109e+00
4.178851604461669922e+00
3.536962985992431641e+00
3.200828075408935547e+00
3.049047470092773438e+00
2.941317558288574219e+00
3.703350067138671875e+00
3.002413272857666016e+00
3.025211572647094727e+00
4.040523052215576172e+00
3.071723699569702148e+00
2.411158084869384766e+00
3.676207065582275391e+00
3.392357349395751953e+00
3.490401983261108398e+00
3.367622613906860352e+00
4.657353401184082031e+00
4.511416435241699219e+00
1.267363429069519043e+00
2.353031873703002930e+00
2.175398111343383789e+00
4.345896720886230469e+00
5.440942764282226562e+00
2.603879451751708984e+00
2.786940336227416992e+00
3.985083103179931641e+00
2.466203689575195312e+00
1.864483475685119629e+00
1.483248710632324219e+00
2.127555847167968750e+00
2.586854696273803711e+00
3.333971977233886719e+00
3.434140443801879883e+00
2.596459627151489258e+00
3.371702194213867188e+00
2.878238916397094727e+00
3.542147636413574219e+00
2.803520441055297852e+00
1.033459305763244629e+00
2.421490907669067383e+00
3.221936702728271484e+00
4.021481990814208984e+00
3.766102313995361328e+00
3.438304662704467773e+00
3.060872316360473633e+00
3.333539485931396484e+00
4.139089107513427734e+00
2.410575151443481445e+00
2.852723836898803711e+00
2.932978391647338867e+00
3.199164867401123047e+00
4.147842884063720703e+00
4.236096858978271484e+00
3.709301233291625977e+00
3.271533489227294922e+00
2.539663314819335938e+00
2.990564107894897461e+00
2.974691390991210938e+00
2.736686706542968750e+00
3.634979963302612305e+00
2.533465623855590820e+00
1.978446841239929199e+00
5.541381835937500000e+00
6.110546588897705078e+00
1.850908041000366211e+00
7.852684974670410156e+00
6.098226070404052734e+00
5.355865955352783203e+00
5.225171089172363281e+00
5.387869834899902344e+00
7.253351211547851562e+00
7.386867523193359375e+00
4.907865524291992188e+00
2.472153186798095703e+00
3.262786865234375000e+00
2.421487092971801758e+00
4.234880447387695312e+00
2.205448865890502930e+00
3.545273065567016602e+00
1.733003258705139160e+00
2.456492424011230469e+00
2.640482664108276367e+00
1.995692491531372070e+00
3.635859966278076172e+00
3.899063587188720703e+00
2.550724267959594727e+00
4.680855274200439453e+00
3.156208992004394531e+00
2.463204383850097656e+00
2.476380109786987305e+00
3.141396760940551758e+00
2.801796436309814453e+00
5.241578102111816406e+00
2.787287473678588867e+00
1.665711641311645508e+00
3.543150901794433594e+00
4.273069381713867188e+00
2.173614740371704102e+00
3.238653898239135742e+00
2.756947278976440430e+00
3.625468254089355469e+00
2.274562120437622070e+00
2.708225250244140625e+00
2.468002080917358398e+00
2.982890367507934570e+00
5.907026767730712891e+00
3.105232000350952148e+00
3.181671380996704102e+00
4.232840061187744141e+00
5.510851860046386719e+00
6.705118656158447266e+00
4.608999729156494141e+00
2.335971593856811523e+00
3.554325342178344727e+00
4.058442592620849609e+00
3.391626358032226562e+00
3.076220989227294922e+00
3.361603975296020508e+00
3.893761396408081055e+00
3.609844207763671875e+00
4.659132957458496094e+00
3.073599815368652344e+00
3.417934417724609375e+00
2.731663465499877930e+00
2.931035518646240234e+00
3.321604251861572266e+00
1.830804467201232910e+00
3.157335042953491211e+00
4.380684375762939453e+00
3.221846818923950195e+00
2.463765859603881836e+00
2.966512441635131836e+00
5.056365489959716797e+00
6.614078998565673828e+00
2.021712303161621094e+00
2.764500617980957031e+00
5.204276084899902344e+00
2.629901409149169922e+00
4.424942493438720703e+00
4.109245300292968750e+00
2.575867891311645508e+00
2.463288784027099609e+00
3.170216321945190430e+00
7.489074707031250000e+00
3.205878019332885742e+00
2.924739837646484375e+00
2.890766143798828125e+00
4.402597904205322266e+00
3.345301866531372070e+00
5.053285121917724609e+00
2.395340919494628906e+00
3.007489681243896484e+00
4.769801139831542969e+00
2.841387271881103516e+00
3.282359361648559570e+00
2.409168243408203125e+00
2.721254348754882812e+00
2.684085607528686523e+00
2.579769849777221680e+00
2.422076702117919922e+00
2.665847778320312500e+00
2.923644542694091797e+00
3.059092044830322266e+00
3.073950529098510742e+00
2.677759408950805664e+00
3.104578495025634766e+00
2.801060438156127930e+00
3.594048738479614258e+00
3.040580749511718750e+00
3.702970504760742188e+00
2.123160839080810547e+00
2.308243513107299805e+00
2.520704507827758789e+00
5.085467338562011719e+00
6.562161445617675781e+00
5.158509731292724609e+00
2.677976846694946289e+00
2.594216585159301758e+00
3.510584115982055664e+00
2.612375736236572266e+00
4.641860008239746094e+00
2.315714597702026367e+00
2.510124683380126953e+00
2.534760713577270508e+00
2.591892004013061523e+00
4.946961402893066406e+00
4.028978824615478516e+00
3.492903232574462891e+00
3.164631605148315430e+00
3.041894674301147461e+00
2.351010084152221680e+00
3.411396503448486328e+00
3.102213382720947266e+00
2.947703123092651367e+00
3.217626333236694336e+00
3.903180122375488281e+00
3.967421293258666992e+00
3.032150030136108398e+00
3.649616718292236328e+00
5.133286952972412109e+00
8.252610206604003906e+00
3.495184898376464844e+00
3.459505796432495117e+00
3.101082324981689453e+00
4.062175273895263672e+00
2.989901781082153320e+00
2.921055078506469727e+00
5.822321414947509766e+00
7.728298664093017578e+00
3.432670354843139648e+00
3.553089380264282227e+00
2.668721199035644531e+00
3.114722251892089844e+00
2.683622598648071289e+00
4.043915271759033203e+00
2.233950138092041016e+00
4.456151485443115234e+00
2.992439031600952148e+00
2.652819156646728516e+00
2.626386404037475586e+00
2.574852943420410156e+00
2.605104207992553711e+00
2.630316972732543945e+00
2.560158252716064453e+00
2.941183090209960938e+00
3.907599449157714844e+00
3.355994939804077148e+00
3.462405443191528320e+00
3.108024597167968750e+00
3.060629844665527344e+00
5.056412696838378906e+00
1.964568376541137695e+00
4.323290824890136719e+00
4.865023136138916016e+00
1.605198144912719727e+00
2.810670375823974609e+00
2.801767349243164062e+00
2.764860391616821289e+00
2.299506902694702148e+00
4.299346804618835449e-01
1.785239219665527344e+00
3.037225008010864258e+00
2.661217451095581055e+00
3.484287500381469727e+00
2.652282238006591797e+00
4.284799575805664062e+00
2.493875265121459961e+00
3.817964792251586914e+00
2.375971555709838867e+00
2.790004968643188477e+00
2.555129051208496094e+00
2.037382602691650391e+00
4.132230758666992188e+00
4.929695129394531250e+00
2.514427900314331055e+00
4.852916717529296875e+00
3.267225980758666992e+00
2.445833206176757812e+00
2.537360668182373047e+00
3.186118841171264648e+00
2.978878498077392578e+00
5.378088951110839844e+00
2.890030384063720703e+00
1.879735350608825684e+00
3.506443023681640625e+00
4.350210189819335938e+00
2.294872760772705078e+00
3.305244445800781250e+00
2.912393808364868164e+00
3.697531223297119141e+00
2.283621549606323242e+00
2.670267581939697266e+00
2.441817998886108398e+00
3.031159639358520508e+00
5.841914176940917969e+00
3.195754289627075195e+00
3.100527048110961914e+00
4.439699649810791016e+00
5.953886508941650391e+00
7.025323867797851562e+00
4.339702129364013672e+00
2.330998659133911133e+00
3.353300333023071289e+00
4.265397071838378906e+00
3.768217802047729492e+00
3.216189384460449219e+00
3.431583642959594727e+00
4.142821788787841797e+00
3.724310636520385742e+00
4.704295158386230469e+00
3.087241172790527344e+00
3.387908935546875000e+00
2.902141571044921875e+00
2.860544204711914062e+00
3.375123023986816406e+00
1.970230221748352051e+00
3.287547826766967773e+00
4.520081043243408203e+00
3.258830547332763672e+00
2.399661064147949219e+00
3.053979873657226562e+00
5.183115005493164062e+00
6.790189266204833984e+00
2.116866111755371094e+00
2.890604734420776367e+00
5.251396656036376953e+00
2.563531160354614258e+00
4.497088432312011719e+00
4.147677421569824219e+00
2.493937253952026367e+00
2.418163299560546875e+00
3.345177650451660156e+00
7.595881938934326172e+00
3.205851554870605469e+00
2.931371688842773438e+00
2.981464862823486328e+00
4.595660686492919922e+00
3.284358501434326172e+00
5.232233047485351562e+00
2.356288671493530273e+00
3.018821239471435547e+00
5.099425315856933594e+00
2.890537500381469727e+00
3.236261129379272461e+00
2.450007915496826172e+00
2.698270559310913086e+00
2.591706275939941406e+00
2.452136278152465820e+00
2.422170400619506836e+00
2.767145395278930664e+00
2.560777425765991211e+00
2.783527612686157227e+00
2.967155456542968750e+00
2.729886531829833984e+00
3.200998306274414062e+00
2.689206600189208984e+00
3.685312509536743164e+00
2.890902996063232422e+00
3.659026861190795898e+00
2.066848754882812500e+00
2.343604803085327148e+00
1.982158422470092773e+00
5.672881126403808594e+00
4.778245449066162109e+00
4.673984527587890625e+00
2.916443586349487305e+00
2.564767122268676758e+00
3.460846900939941406e+00
2.631472826004028320e+00
4.780834197998046875e+00
2.299385070800781250e+00
2.580487489700317383e+00
2.585254192352294922e+00
2.816628217697143555e+00
3.375834465026855469e+00
2.460568666458129883e+00
1.714162230491638184e+00
5.040535449981689453e+00
4.564625740051269531e+00
2.208180665969848633e+00
3.369915962219238281e+00
3.093491315841674805e+00
3.071128368377685547e+00
3.258405923843383789e+00
4.084487915039062500e+00
4.215254306793212891e+00
5.504489421844482422e+00
3.536134481430053711e+00
6.581332206726074219e+00
5.764975547790527344e+00
3.736327171325683594e+00
5.438084125518798828e+00
3.147565841674804688e+00
4.205035209655761719e+00
3.048945665359497070e+00
2.944711446762084961e+00
5.934858798980712891e+00
7.735900402069091797e+00
3.651509761810302734e+00
1.979732513427734375e+00
2.599484443664550781e+00
3.225737094879150391e+00
2.706096887588500977e+00
3.271869897842407227e+00
2.550978422164916992e+00
4.620813369750976562e+00
3.050614595413208008e+00
2.639197349548339844e+00
2.607854604721069336e+00
2.566008090972900391e+00
2.612497568130493164e+00
2.732903003692626953e+00
2.474264860153198242e+00
3.041314840316772461e+00
3.849983215332031250e+00
3.345878362655639648e+00
3.610237598419189453e+00
3.138558864593505859e+00
2.982007980346679688e+00
5.045963287353515625e+00
2.004779100418090820e+00
4.280934333801269531e+00
4.991100788116455078e+00
1.682081937789916992e+00
2.826183319091796875e+00
3.134625911712646484e+00
2.854615688323974609e+00
2.322661161422729492e+00
4.563823640346527100e-01
1.942951440811157227e+00
2.990299224853515625e+00
2.672632694244384766e+00
3.440428733825683594e+00
2.662888765335083008e+00
4.297294616699218750e+00
2.528124094009399414e+00
3.701208829879760742e+00
2.380254030227661133e+00
2.814420223236083984e+00
2.753074884414672852e+00
2.034166812896728516e+00
4.184208869934082031e+00
4.905270099639892578e+00
2.664290666580200195e+00
4.816920757293701172e+00
3.267146110534667969e+00
2.590411901473999023e+00
2.520422458648681641e+00
3.203678369522094727e+00
3.003887414932250977e+00
5.389214992523193359e+00
2.929340839385986328e+00
1.829857468605041504e+00
3.495590925216674805e+00
4.432296276092529297e+00
2.265235424041748047e+00
3.277396917343139648e+00
2.929106712341308594e+00
3.708935976028442383e+00
2.374325037002563477e+00
2.687726736068725586e+00
2.639722108840942383e+00
3.130509614944458008e+00
5.896971225738525391e+00
3.253817796707153320e+00
3.188751935958862305e+00
4.375762462615966797e+00
5.764229297637939453e+00
6.867512702941894531e+00
4.320781230926513672e+00
2.377766609191894531e+00
3.446362257003784180e+00
4.400444507598876953e+00
3.811487436294555664e+00
3.223945856094360352e+00
3.276157617568969727e+00
4.084855556488037109e+00
3.757298469543457031e+00
4.665765285491943359e+00
3.184729337692260742e+00
3.375350236892700195e+00
2.849572181701660156e+00
2.979242801666259766e+00
3.335956811904907227e+00
1.790472269058227539e+00
3.256721019744873047e+00
4.505993843078613281e+00
3.202478647232055664e+00
2.384523153305053711e+00
3.018145322799682617e+00
5.255772113800048828e+00
6.832757949829101562e+00
2.139256715774536133e+00
2.900982379913330078e+00
5.270676612854003906e+00
2.595928668975830078e+00
4.426676273345947266e+00
4.217751502990722656e+00
2.556598186492919922e+00
2.471992969512939453e+00
3.379839181900024414e+00
7.545295715332031250e+00
3.139142274856567383e+00
2.977529048919677734e+00
2.819679737091064453e+00
4.605507850646972656e+00
3.405833244323730469e+00
5.229907989501953125e+00
2.071979999542236328e+00
2.996641397476196289e+00
5.069372177124023438e+00
3.009434461593627930e+00
3.189199686050415039e+00
2.394125461578369141e+00
2.732542753219604492e+00
2.587920904159545898e+00
2.432726144790649414e+00
2.472940921783447266e+00
3.028922080993652344e+00
1.566784143447875977e+00
6.176474094390869141e+00
5.809290409088134766e+00
2.738522768020629883e+00
3.245827436447143555e+00
2.803971052169799805e+00
3.652621269226074219e+00
2.883406639099121094e+00
3.666764974594116211e+00
2.026403903961181641e+00
2.325759410858154297e+00
3.446181297302246094e+00
4.568109512329101562e+00
5.029018402099609375e+00
3.773771047592163086e+00
3.687639713287353516e+00
2.582201719284057617e+00
3.477959156036376953e+00
2.699182510375976562e+00
4.802187919616699219e+00
2.299635648727416992e+00
2.570253849029541016e+00
2.582127332687377930e+00
2.550535202026367188e+00
3.204238891601562500e+00
3.275813341140747070e+00
4.818070411682128906e+00
2.928917884826660156e+00
5.195882797241210938e+00
2.249229669570922852e+00
3.403126239776611328e+00
3.028789281845092773e+00
3.039265155792236328e+00
3.303864717483520508e+00
4.009900569915771484e+00
4.270409107208251953e+00
5.446031093597412109e+00
3.683338880538940430e+00
5.969175338745117188e+00
4.269347667694091797e+00
3.724586725234985352e+00
3.915930271148681641e+00
3.229853153228759766e+00
4.208361148834228516e+00
3.039583683013916016e+00
2.989710569381713867e+00
6.004541397094726562e+00
7.772716045379638672e+00
3.580013513565063477e+00
1.941614985466003418e+00
2.591206073760986328e+00
3.193370103836059570e+00
2.622082948684692383e+00
3.427765369415283203e+00
2.258262634277343750e+00
4.575037002563476562e+00
2.895441532135009766e+00
2.624283313751220703e+00
2.571634292602539062e+00
2.583435535430908203e+00
2.687732458114624023e+00
2.688410043716430664e+00
2.715417861938476562e+00
3.089006423950195312e+00
3.798767805099487305e+00
3.233028650283813477e+00
3.663024425506591797e+00
3.062662363052368164e+00
2.994631767272949219e+00
5.035247802734375000e+00
2.073348760604858398e+00
4.402597904205322266e+00
5.016252517700195312e+00
1.643571615219116211e+00
2.934692859649658203e+00
3.181373834609985352e+00
2.910520553588867188e+00
2.320252180099487305e+00
3.721173703670501709e-01
1.980601072311401367e+00
2.948115110397338867e+00
2.673600435256958008e+00
3.497592687606811523e+00
2.641137838363647461e+00
4.246684074401855469e+00
2.535104274749755859e+00
3.786384820938110352e+00
2.433539152145385742e+00
2.794612169265747070e+00
2.642247915267944336e+00
2.042958259582519531e+00
4.179161071777343750e+00
4.883212566375732422e+00
2.608126401901245117e+00
4.928345203399658203e+00
3.252817153930664062e+00
2.520337820053100586e+00
2.506244182586669922e+00
3.115077495574951172e+00
3.020538091659545898e+00
5.402019500732421875e+00
2.949596405029296875e+00
1.818271636962890625e+00
3.544851064682006836e+00
4.452992439270019531e+00
2.222775697708129883e+00
3.298569679260253906e+00
2.896703004837036133e+00
3.646091699600219727e+00
2.259869337081909180e+00
2.731005668640136719e+00
2.532575607299804688e+00
3.136264801025390625e+00
5.902883052825927734e+00
3.234600782394409180e+00
3.241783380508422852e+00
4.485216140747070312e+00
5.764744281768798828e+00
6.824179649353027344e+00
4.334679126739501953e+00
2.279783010482788086e+00
3.388931989669799805e+00
4.242898464202880859e+00
3.724323987960815430e+00
3.194938898086547852e+00
3.302546739578247070e+00
4.099870681762695312e+00
3.743112087249755859e+00
4.707081794738769531e+00
3.230747222900390625e+00
3.409920930862426758e+00
2.844475269317626953e+00
2.969145298004150391e+00
3.436453342437744141e+00
1.975014090538024902e+00
3.282673120498657227e+00
4.533970355987548828e+00
3.305298328399658203e+00
2.358400106430053711e+00
3.055894613265991211e+00
5.178229331970214844e+00
6.782217502593994141e+00
2.141228199005126953e+00
2.830830574035644531e+00
5.316219329833984375e+00
2.728729009628295898e+00
4.574488639831542969e+00
4.328133106231689453e+00
2.519282579421997070e+00
2.389837265014648438e+00
3.297461032867431641e+00
7.336523532867431641e+00
3.210337400436401367e+00
2.977817535400390625e+00
2.745561361312866211e+00
4.559175968170166016e+00
3.305807828903198242e+00
5.120901107788085938e+00
2.084778308868408203e+00
2.991343021392822266e+00
4.954903602600097656e+00
2.962536096572875977e+00
3.149770736694335938e+00
2.426199674606323242e+00
2.743965864181518555e+00
2.697595357894897461e+00
2.483488321304321289e+00
2.543096542358398438e+00
2.836709260940551758e+00
2.768419504165649414e+00
5.593883514404296875e+00
4.849328517913818359e+00
2.817217588424682617e+00
3.252261638641357422e+00
2.673438310623168945e+00
3.703313112258911133e+00
2.935410976409912109e+00
3.721288204193115234e+00
1.951144099235534668e+00
2.250050544738769531e+00
4.833629131317138672e+00
4.383633613586425781e+00
2.994761466979980469e+00
2.613494157791137695e+00
4.507616519927978516e+00
2.541066408157348633e+00
3.436264276504516602e+00
2.667023181915283203e+00
4.671760559082031250e+00
2.316094875335693359e+00
2.534065961837768555e+00
2.484634399414062500e+00
3.685439109802246094e+00
2.879810571670532227e+00
3.492081642150878906e+00
5.728196620941162109e+00
5.309260368347167969e+00
4.735009670257568359e+00
2.184920310974121094e+00
3.304559707641601562e+00
3.174112796783447266e+00
3.032719612121582031e+00
3.272960901260375977e+00
4.131200313568115234e+00
4.241167068481445312e+00
5.447639942169189453e+00
4.338285923004150391e+00
4.653114318847656250e+00
3.894199609756469727e+00
3.949220418930053711e+00
4.188294410705566406e+00
3.129626989364624023e+00
4.234552860260009766e+00
3.011893510818481445e+00
2.934860944747924805e+00
5.900537967681884766e+00
7.757210254669189453e+00
3.548119783401489258e+00
1.935387969017028809e+00
2.562630176544189453e+00
3.103803873062133789e+00
2.688573598861694336e+00
3.308332681655883789e+00
2.537349700927734375e+00
4.577639579772949219e+00
3.047984838485717773e+00
2.669160127639770508e+00
2.539171695709228516e+00
2.625654697418212891e+00
2.757540225982666016e+00
2.830695629119873047e+00
2.734896421432495117e+00
3.038066625595092773e+00
3.780718803405761719e+00
3.163524389266967773e+00
3.710184574127197266e+00
3.058917522430419922e+00
2.932403802871704102e+00
5.114940643310546875e+00
2.046393632888793945e+00
4.295639991760253906e+00
5.015961647033691406e+00
1.714815020561218262e+00
2.843233108520507812e+00
3.185325622558593750e+00
2.890790224075317383e+00
2.194942235946655273e+00
3.694958090782165527e-01
1.766022682189941406e+00
2.987067222595214844e+00
2.628537654876708984e+00
3.468941688537597656e+00
2.700328588485717773e+00
4.316154479980468750e+00
2.575391292572021484e+00
3.809440612792968750e+00
2.458822011947631836e+00
2.818807601928710938e+00
2.761589765548706055e+00
2.028364181518554688e+00
4.121637821197509766e+00
4.766855239868164062e+00
2.569981813430786133e+00
4.864241123199462891e+00
3.249220609664916992e+00
2.415994644165039062e+00
2.541678428649902344e+00
3.162724018096923828e+00
3.067070722579956055e+00
5.451332569122314453e+00
2.949277877807617188e+00
1.723955035209655762e+00
3.472573518753051758e+00
4.436260700225830078e+00
2.279326677322387695e+00
3.283462524414062500e+00
2.962744235992431641e+00
3.630859851837158203e+00
2.265281915664672852e+00
2.690375328063964844e+00
2.520657062530517578e+00
3.059364557266235352e+00
5.905886173248291016e+00
3.268456220626831055e+00
3.241724252700805664e+00
4.483126163482666016e+00
5.734744548797607422e+00
6.805197238922119141e+00
4.231371402740478516e+00
2.514720439910888672e+00
3.388042449951171875e+00
4.394288539886474609e+00
3.717991352081298828e+00
3.279662370681762695e+00
3.369755983352661133e+00
4.074759483337402344e+00
3.773695945739746094e+00
4.801800251007080078e+00
3.126675605773925781e+00
3.404189109802246094e+00
2.813377618789672852e+00
2.889888048171997070e+00
3.364844083786010742e+00
1.817539691925048828e+00
3.249603271484375000e+00
4.528981685638427734e+00
3.288320541381835938e+00
2.278883457183837891e+00
3.102022409439086914e+00
5.128923416137695312e+00
6.715415477752685547e+00
2.053964376449584961e+00
2.868894577026367188e+00
5.289378166198730469e+00
2.597522974014282227e+00
4.527775287628173828e+00
4.199522972106933594e+00
2.505769014358520508e+00
2.380729675292968750e+00
3.369206190109252930e+00
7.480455398559570312e+00
3.219813585281372070e+00
2.927359104156494141e+00
2.889432430267333984e+00
4.608165264129638672e+00
3.275404453277587891e+00
4.875725269317626953e+00
4.316458225250244141e+00
2.999137878417968750e+00
4.998463630676269531e+00
2.828112363815307617e+00
3.256968498229980469e+00
2.804174184799194336e+00
2.785907506942749023e+00
2.621284484863281250e+00
2.445935010910034180e+00
2.473131418228149414e+00
2.395079612731933594e+00
3.432769060134887695e+00
5.482514858245849609e+00
3.183553218841552734e+00
2.728678464889526367e+00
3.303187370300292969e+00
2.698269605636596680e+00
3.695307731628417969e+00
2.936959505081176758e+00
3.628117561340332031e+00
2.027477025985717773e+00
2.330001592636108398e+00
3.803252696990966797e+00
4.553462028503417969e+00
4.189187049865722656e+00
2.568160772323608398e+00
3.612816333770751953e+00
2.521775245666503906e+00
3.501798629760742188e+00
2.609117269515991211e+00
4.741460800170898438e+00
2.314921379089355469e+00
2.470178604125976562e+00
2.559099197387695312e+00
3.351613521575927734e+00
4.070159435272216797e+00
4.881050109863281250e+00
4.554406166076660156e+00
3.672961711883544922e+00
4.940426826477050781e+00
2.236519575119018555e+00
3.349559068679809570e+00
3.067555904388427734e+00
3.095608949661254883e+00
3.293867588043212891e+00
4.070688724517822266e+00
4.331813812255859375e+00
5.449440479278564453e+00
5.633301258087158203e+00
4.147963047027587891e+00
2.937036514282226562e+00
3.746546030044555664e+00
3.025187253952026367e+00
3.195931673049926758e+00
4.214456081390380859e+00
2.975721597671508789e+00
2.911587953567504883e+00
5.992781639099121094e+00
7.732348918914794922e+00
3.566563367843627930e+00
1.908102750778198242e+00
2.640903472900390625e+00
3.190464258193969727e+00
2.706458806991577148e+00
3.061649560928344727e+00
1.863612771034240723e+00
4.587071895599365234e+00
2.964749813079833984e+00
2.683904647827148438e+00
2.535650014877319336e+00
2.569656133651733398e+00
2.637806177139282227e+00
2.815250873565673828e+00
2.730314016342163086e+00
3.034372091293334961e+00
3.676462650299072266e+00
3.166894197463989258e+00
3.659733057022094727e+00
3.022198200225830078e+00
2.886170148849487305e+00
5.068510055541992188e+00
2.011603593826293945e+00
4.386321067810058594e+00
5.068109512329101562e+00
1.584212183952331543e+00
2.909638881683349609e+00
3.268060207366943359e+00
2.950183391571044922e+00
2.103602170944213867e+00
3.764752745628356934e-01
1.829258084297180176e+00
3.011958599090576172e+00
2.673977851867675781e+00
3.463762998580932617e+00
2.652823686599731445e+00
4.307650566101074219e+00
2.602129220962524414e+00
3.787673473358154297e+00
2.457053661346435547e+00
2.911465883255004883e+00
2.685921907424926758e+00
2.012519598007202148e+00
4.124800205230712891e+00
4.866565704345703125e+00
2.543224573135375977e+00
4.852713584899902344e+00
3.168554067611694336e+00
2.546667337417602539e+00
2.565089464187622070e+00
3.100153923034667969e+00
3.118967771530151367e+00
5.457299709320068359e+00
2.955842018127441406e+00
1.773678183555603027e+00
3.462881088256835938e+00
4.414318561553955078e+00
2.256445169448852539e+00
3.406929969787597656e+00
2.933253288269042969e+00
3.695461750030517578e+00
2.319121360778808594e+00
2.643193960189819336e+00
2.490209817886352539e+00
3.030811786651611328e+00
5.859075546264648438e+00
3.228686809539794922e+00
3.225617408752441406e+00
4.388752937316894531e+00
5.764239311218261719e+00
6.918433189392089844e+00
4.246261119842529297e+00
2.409716844558715820e+00
3.417939424514770508e+00
4.247770309448242188e+00
3.695118427276611328e+00
3.197295904159545898e+00
3.340239048004150391e+00
4.158927917480468750e+00
3.777641534805297852e+00
4.738542556762695312e+00
3.017478466033935547e+00
3.354070425033569336e+00
2.848243951797485352e+00
2.984859704971313477e+00
3.385750055313110352e+00
1.796404600143432617e+00
3.260993480682373047e+00
4.539178848266601562e+00
3.247903108596801758e+00
2.324329137802124023e+00
3.005835533142089844e+00
5.095360755920410156e+00
6.736454010009765625e+00
2.094739675521850586e+00
2.847275733947753906e+00
5.210861682891845703e+00
2.296033143997192383e+00
4.549616336822509766e+00
4.228134632110595703e+00
2.587348699569702148e+00
2.382166385650634766e+00
3.345824956893920898e+00
7.571658611297607422e+00
3.145305633544921875e+00
3.013719320297241211e+00
2.913556337356567383e+00
4.577635765075683594e+00
3.293926239013671875e+00
4.649586677551269531e+00
2.219033002853393555e+00
2.982938766479492188e+00
5.090432643890380859e+00
2.939325571060180664e+00
3.207591056823730469e+00
2.520120382308959961e+00
2.817401885986328125e+00
2.577313661575317383e+00
2.438245773315429688e+00
2.509137153625488281e+00
2.754712343215942383e+00
3.341856241226196289e+00
3.226563215255737305e+00
3.048687458038330078e+00
2.754911899566650391e+00
3.306913137435913086e+00
2.620938062667846680e+00
3.694574594497680664e+00
2.943893671035766602e+00
3.655717611312866211e+00
2.049331426620483398e+00
2.332790136337280273e+00
6.308311939239501953e+00
2.821048736572265625e+00
2.709752082824707031e+00
2.500118017196655273e+00
2.958960771560668945e+00
2.558834791183471680e+00
3.476996660232543945e+00
2.632784366607666016e+00
4.752063274383544922e+00
2.351057767868041992e+00
2.537709951400756836e+00
2.549324512481689453e+00
3.181310653686523438e+00
4.171831607818603516e+00
3.437244176864624023e+00
4.323766231536865234e+00
4.280778884887695312e+00
3.678121328353881836e+00
2.244423389434814453e+00
3.391726970672607422e+00
3.086898565292358398e+00
3.024558067321777344e+00
3.275718688964843750e+00
4.083374977111816406e+00
4.272782802581787109e+00
5.448700428009033203e+00
3.727018356323242188e+00
3.903495550155639648e+00
2.394747257232666016e+00
3.078189373016357422e+00
3.761715650558471680e+00
3.136191844940185547e+00
4.273105621337890625e+00
3.033317804336547852e+00
2.950451374053955078e+00
5.934014320373535156e+00
7.681697368621826172e+00
3.576947450637817383e+00
1.883156538009643555e+00
2.560301065444946289e+00
3.152667522430419922e+00
2.639108180999755859e+00
2.897690773010253906e+00
1.703174829483032227e+00
4.554080486297607422e+00
2.973616838455200195e+00
2.668927431106567383e+00
2.574413299560546875e+00
2.584086179733276367e+00
2.633408069610595703e+00
2.722029685974121094e+00
2.807662487030029297e+00
2.949335813522338867e+00
3.942097425460815430e+00
3.340436220169067383e+00
3.697228431701660156e+00
3.085238456726074219e+00
2.883152008056640625e+00
5.036029338836669922e+00
2.068986415863037109e+00
4.417103290557861328e+00
5.060370922088623047e+00
1.630591988563537598e+00
2.841999769210815430e+00
3.159945726394653320e+00
2.693438768386840820e+00
2.052475690841674805e+00
3.968269228935241699e-01
1.760949730873107910e+00
3.144627809524536133e+00
2.553851127624511719e+00
3.412319183349609375e+00
2.627319097518920898e+00
4.284953117370605469e+00
2.432293176651000977e+00
3.696991682052612305e+00
2.249417781829833984e+00
2.828702211380004883e+00
2.650760412216186523e+00
1.965709090232849121e+00
3.944278955459594727e+00
4.375954151153564453e+00
2.390243530273437500e+00
4.857247829437255859e+00
3.195985794067382812e+00
2.548981428146362305e+00
2.623330831527709961e+00
3.143785476684570312e+00
3.044119834899902344e+00
5.295401096343994141e+00
2.867141008377075195e+00
1.707916975021362305e+00
3.467686653137207031e+00
4.452026844024658203e+00
2.209165096282958984e+00
3.173210382461547852e+00
2.925804615020751953e+00
3.656776666641235352e+00
2.271259784698486328e+00
2.712353706359863281e+00
2.556035757064819336e+00
2.950002193450927734e+00
5.878355503082275391e+00
3.133545637130737305e+00
3.238476753234863281e+00
4.422562122344970703e+00
5.591714382171630859e+00
6.843002796173095703e+00
4.175032138824462891e+00
2.346833467483520508e+00
3.439421415328979492e+00
4.279401302337646484e+00
3.612263202667236328e+00
3.258911132812500000e+00
3.283555030822753906e+00
4.017274379730224609e+00
3.743992090225219727e+00
4.609323024749755859e+00
3.078557014465332031e+00
3.361722707748413086e+00
2.869992494583129883e+00
2.967453002929687500e+00
3.300076961517333984e+00
1.827522873878479004e+00
3.207758665084838867e+00
4.543821334838867188e+00
3.211641788482666016e+00
2.329815149307250977e+00
3.047168493270874023e+00
5.083846569061279297e+00
6.600395202636718750e+00
2.025088071823120117e+00
2.794885635375976562e+00
5.191698074340820312e+00
2.797349929809570312e+00
4.422430992126464844e+00
4.202328681945800781e+00
2.546769857406616211e+00
2.386076211929321289e+00
3.352176666259765625e+00
7.551369667053222656e+00
3.116094589233398438e+00
2.794436216354370117e+00
2.892757654190063477e+00
4.576102733612060547e+00
3.265436887741088867e+00
5.130578517913818359e+00
2.246886968612670898e+00
2.993035316467285156e+00
4.971949100494384766e+00
2.973808050155639648e+00
3.382822751998901367e+00
2.457480192184448242e+00
2.745017766952514648e+00
2.568913936614990234e+00
2.449874401092529297e+00
2.401844978332519531e+00
2.726253986358642578e+00
3.023648023605346680e+00
3.133996725082397461e+00
2.970194816589355469e+00
2.781477689743041992e+00
3.174603462219238281e+00
2.680224657058715820e+00
3.670055866241455078e+00
2.907824277877807617e+00
3.627710103988647461e+00
2.154417753219604492e+00
3.364235639572143555e+00
4.720681667327880859e+00
2.868075370788574219e+00
2.608690977096557617e+00
2.351845979690551758e+00
2.834957122802734375e+00
2.532819271087646484e+00
3.339324235916137695e+00
2.594875335693359375e+00
4.822439670562744141e+00
2.218788623809814453e+00
2.570595026016235352e+00
2.600411891937255859e+00
4.116058349609375000e+00
4.652508258819580078e+00
4.076270580291748047e+00
4.923468589782714844e+00
3.524755477905273438e+00
4.329528331756591797e+00
2.201079368591308594e+00
3.330046415328979492e+00
3.161870479583740234e+00
3.068716287612915039e+00
3.224579811096191406e+00
4.036711692810058594e+00
4.315893173217773438e+00
5.552262783050537109e+00
4.322029590606689453e+00
6.243363380432128906e+00
2.307577371597290039e+00
2.779256582260131836e+00
3.027775764465332031e+00
3.132653236389160156e+00
4.122556209564208984e+00
3.004570722579956055e+00
2.957201480865478516e+00
5.847856044769287109e+00
7.644464969635009766e+00
3.538492918014526367e+00
1.969605803489685059e+00
2.667252063751220703e+00
3.297609806060791016e+00
2.658730983734130859e+00
2.908528804779052734e+00
1.683616042137145996e+00
4.501727104187011719e+00
3.026864290237426758e+00
2.606008291244506836e+00
2.553391695022583008e+00
2.547556161880493164e+00
2.685783863067626953e+00
2.660068988800048828e+00
2.597655296325683594e+00
2.920222043991088867e+00
3.877431631088256836e+00
3.249747037887573242e+00
3.579588651657104492e+00
3.103379249572753906e+00
2.937026023864746094e+00
5.065409183502197266e+00
1.986472010612487793e+00
4.302648067474365234e+00
4.864876270294189453e+00
1.612685203552246094e+00
2.826359510421752930e+00
3.059603452682495117e+00
2.641385078430175781e+00
2.085505247116088867e+00
3.295097947120666504e-01
1.678276181221008301e+00
3.144865751266479492e+00
