2.782239198684692383e+00
3.203026294708251953e+00
4.756696224212646484e+00
4.035131454467773438e+00
3.405380010604858398e+00
4.337164402008056641e+00
2.653203487396240234e+00
5.990853309631347656e+00
2.882203578948974609e+00
2.979487419128417969e+00
1.836740493774414062e+00
1.226061820983886719e+00
3.683074235916137695e+00
3.046595811843872070e+00
4.804233074188232422e+00
3.461060523986816406e+00
4.359894752502441406e+00
4.199738502502441406e+00
7.460937023162841797e+00
5.120695114135742188e+00
1.865669012069702148e+00
6.321157455444335938e+00
3.030625581741333008e+00
3.749351978302001953e+00
3.367966175079345703e+00
2.986565113067626953e+00
5.778788089752197266e+00
4.040316104888916016e+00
1.870060682296752930e+00
4.132896900177001953e+00
3.138155460357666016e+00
3.390782833099365234e+00
3.424464464187622070e+00
4.081132411956787109e+00
3.230373144149780273e+00
5.852388858795166016e+00
5.619173526763916016e+00
3.282782077789306641e+00
3.387253522872924805e+00
5.213175296783447266e+00
2.757284402847290039e+00
5.096043586730957031e+00
3.403642177581787109e+00
3.679970979690551758e+00
3.335532903671264648e+00
3.399789333343505859e+00
4.444789409637451172e+00
3.480874300003051758e+00
3.172080993652343750e+00
5.957750320434570312e+00
7.378187656402587891e+00
3.075874090194702148e+00
2.808529376983642578e+00
7.484620094299316406e+00
3.763719558715820312e+00
4.579737663269042969e+00
4.549995422363281250e+00
3.196294307708740234e+00
2.985910654067993164e+00
2.656978607177734375e+00
4.142205715179443359e+00
4.156196117401123047e+00
2.504544496536254883e+00
2.538113117218017578e+00
3.653799295425415039e+00
1.921031355857849121e+00
5.097503662109375000e+00
4.515192508697509766e+00
5.411411762237548828e+00
7.366330146789550781e+00
5.041772842407226562e+00
3.329282522201538086e+00
2.754853248596191406e+00
3.185532569885253906e+00
3.501264572143554688e+00
3.251389980316162109e+00
3.611219406127929688e+00
3.668077945709228516e+00
3.902269124984741211e+00
6.666673183441162109e+00
5.461881637573242188e+00
3.116598367691040039e+00
2.812833309173583984e+00
3.338803052902221680e+00
2.926050662994384766e+00
3.350247621536254883e+00
2.718393087387084961e+00
2.872603416442871094e+00
3.060388326644897461e+00
2.784726858139038086e+00
3.021864652633666992e+00
4.761287689208984375e+00
2.788194417953491211e+00
2.361260890960693359e+00
3.154002904891967773e+00
2.594672918319702148e+00
3.412253856658935547e+00
3.071358203887939453e+00
2.962841272354125977e+00
2.811637163162231445e+00
2.902792930603027344e+00
3.149711847305297852e+00
3.034601926803588867e+00
3.220942497253417969e+00
2.910205364227294922e+00
3.815329551696777344e+00
2.612484931945800781e+00
5.038341045379638672e+00
2.944022178649902344e+00
3.238950490951538086e+00
3.082291841506958008e+00
3.412626266479492188e+00
3.297639846801757812e+00
3.396831989288330078e+00
5.027251243591308594e+00
2.725390911102294922e+00
3.280211687088012695e+00
2.236111402511596680e+00
7.203531265258789062e+00
4.128244876861572266e+00
4.228047370910644531e+00
3.323706388473510742e+00
4.160239219665527344e+00
4.102950096130371094e+00
3.437129974365234375e+00
3.429345369338989258e+00
3.600342512130737305e+00
3.296666383743286133e+00
3.694824934005737305e+00
3.315081357955932617e+00
2.207379579544067383e+00
3.176078081130981445e+00
5.108988761901855469e+00
3.863859653472900391e+00
4.080781459808349609e+00
3.337568998336791992e+00
4.020524501800537109e+00
3.303942918777465820e+00
2.832491874694824219e+00
3.492325067520141602e+00
3.373705387115478516e+00
3.689428567886352539e+00
4.345386505126953125e+00
2.927769184112548828e+00
3.415503263473510742e+00
3.467280626296997070e+00
3.483325719833374023e+00
3.701070070266723633e+00
3.314766645431518555e+00
3.453802585601806641e+00
2.709205627441406250e+00
3.010651350021362305e+00
2.673622131347656250e+00
3.867063760757446289e+00
3.468256711959838867e+00
3.111334323883056641e+00
3.211833477020263672e+00
2.430403947830200195e+00
2.828829765319824219e+00
3.405556440353393555e+00
3.566408634185791016e+00
3.038212299346923828e+00
2.977502107620239258e+00
4.253033638000488281e+00
4.520427703857421875e+00
2.535969257354736328e+00
2.642935037612915039e+00
3.171458959579467773e+00
3.970307588577270508e+00
3.158411026000976562e+00
3.181324720382690430e+00
4.806970596313476562e+00
4.196760654449462891e+00
3.539990901947021484e+00
4.423090934753417969e+00
2.656533479690551758e+00
6.172031879425048828e+00
2.837137460708618164e+00
2.991947412490844727e+00
1.746232151985168457e+00
1.222197294235229492e+00
3.727183580398559570e+00
3.413591861724853516e+00
4.945522308349609375e+00
3.528141975402832031e+00
4.276483058929443359e+00
4.221173286437988281e+00
7.819252967834472656e+00
5.235960483551025391e+00
1.882373690605163574e+00
6.347421646118164062e+00
3.095110654830932617e+00
3.953247308731079102e+00
3.512856245040893555e+00
2.615339279174804688e+00
6.428646564483642578e+00
4.057936191558837891e+00
1.836012840270996094e+00
4.053694248199462891e+00
3.110757827758789062e+00
3.576304674148559570e+00
3.504623174667358398e+00
4.255721092224121094e+00
3.248162508010864258e+00
5.941306114196777344e+00
5.742573261260986328e+00
3.420557260513305664e+00
3.303184509277343750e+00
5.282075881958007812e+00
2.666622638702392578e+00
5.560471534729003906e+00
3.572655916213989258e+00
3.714052915573120117e+00
3.431672334671020508e+00
3.545377254486083984e+00
4.602384567260742188e+00
3.648285388946533203e+00
3.239644527435302734e+00
6.311152935028076172e+00
7.703384399414062500e+00
3.085807561874389648e+00
3.563445091247558594e+00
7.830577373504638672e+00
3.966013669967651367e+00
4.827422142028808594e+00
4.718503952026367188e+00
3.087521076202392578e+00
2.991043090820312500e+00
2.654154062271118164e+00
4.167423248291015625e+00
4.224605083465576172e+00
2.469992399215698242e+00
2.817449092864990234e+00
3.602465391159057617e+00
2.153255701065063477e+00
5.307411670684814453e+00
4.547484874725341797e+00
5.634080410003662109e+00
7.630932807922363281e+00
5.178244113922119141e+00
3.386462211608886719e+00
2.811174631118774414e+00
3.190180063247680664e+00
3.675096035003662109e+00
3.385545253753662109e+00
3.776531457901000977e+00
3.639207363128662109e+00
3.915742874145507812e+00
6.979065418243408203e+00
5.605298042297363281e+00
3.234164953231811523e+00
2.614505529403686523e+00
3.207755088806152344e+00
2.860255718231201172e+00
3.352399587631225586e+00
2.703530073165893555e+00
2.871524810791015625e+00
3.052039384841918945e+00
2.838387250900268555e+00
3.092321634292602539e+00
4.930389404296875000e+00
2.864167690277099609e+00
2.211488485336303711e+00
3.171569347381591797e+00
2.698040246963500977e+00
3.366559028625488281e+00
2.998177766799926758e+00
3.006321668624877930e+00
2.946625709533691406e+00
2.935781002044677734e+00
3.191244363784790039e+00
3.126275062561035156e+00
3.542448520660400391e+00
2.869279623031616211e+00
3.642185211181640625e+00
2.600311040878295898e+00
5.211340904235839844e+00
2.961491823196411133e+00
3.250893115997314453e+00
3.088980436325073242e+00
3.419816732406616211e+00
3.357406854629516602e+00
3.420420885086059570e+00
5.117738246917724609e+00
2.677064180374145508e+00
3.079585075378417969e+00
2.560006856918334961e+00
7.417911529541015625e+00
4.181797504425048828e+00
4.411104679107666016e+00
3.287875413894653320e+00
4.241332530975341797e+00
4.140573024749755859e+00
3.490032672882080078e+00
3.412525653839111328e+00
3.751567363739013672e+00
3.267287254333496094e+00
3.709744930267333984e+00
3.041532754898071289e+00
3.073235750198364258e+00
3.305567979812622070e+00
5.121335029602050781e+00
3.882431745529174805e+00
4.260098457336425781e+00
3.470181703567504883e+00
4.152796268463134766e+00
3.178773641586303711e+00
2.824604749679565430e+00
3.557036638259887695e+00
3.436478853225708008e+00
3.791260957717895508e+00
4.340771198272705078e+00
3.621596336364746094e+00
3.449199199676513672e+00
3.552556991577148438e+00
3.520581007003784180e+00
3.813572168350219727e+00
3.392200231552124023e+00
3.500491380691528320e+00
2.702908754348754883e+00
2.958068132400512695e+00
2.712113857269287109e+00
3.958428621292114258e+00
3.669098854064941406e+00
3.167334794998168945e+00
3.329805135726928711e+00
2.358987331390380859e+00
2.916081190109252930e+00
3.567006349563598633e+00
3.699542999267578125e+00
2.986726284027099609e+00
2.890409469604492188e+00
4.343056201934814453e+00
4.570370197296142578e+00
2.490462064743041992e+00
2.653999567031860352e+00
3.081827640533447266e+00
4.064139842987060547e+00
3.150210857391357422e+00
3.231289863586425781e+00
4.753272056579589844e+00
4.190158367156982422e+00
3.483930826187133789e+00
4.500235080718994141e+00
2.603251218795776367e+00
6.198856830596923828e+00
2.909386634826660156e+00
2.972304344177246094e+00
1.604538440704345703e+00
1.151339411735534668e+00
3.751726150512695312e+00
3.424339532852172852e+00
5.013409614562988281e+00
3.502769708633422852e+00
4.185646057128906250e+00
4.266547203063964844e+00
7.721630096435546875e+00
5.282163143157958984e+00
1.955830097198486328e+00
6.401906967163085938e+00
3.075760364532470703e+00
3.966160058975219727e+00
3.490792036056518555e+00
2.742312192916870117e+00
6.387899875640869141e+00
4.124712944030761719e+00
1.809550881385803223e+00
4.159567832946777344e+00
3.186693429946899414e+00
3.467789411544799805e+00
3.495214700698852539e+00
4.234246730804443359e+00
3.309610843658447266e+00
5.896568775177001953e+00
5.768385887145996094e+00
3.453353166580200195e+00
3.548010349273681641e+00
5.248126029968261719e+00
2.633612632751464844e+00
5.512384414672851562e+00
3.562373399734497070e+00
3.693568706512451172e+00
3.417175769805908203e+00
3.466367721557617188e+00
4.654738426208496094e+00
3.570362329483032227e+00
3.211460590362548828e+00
6.152105808258056641e+00
7.804217815399169922e+00
3.280420303344726562e+00
3.608217000961303711e+00
7.843070507049560547e+00
3.981533288955688477e+00
4.720929145812988281e+00
4.626039028167724609e+00
3.115149736404418945e+00
2.990195989608764648e+00
2.610090494155883789e+00
4.254047393798828125e+00
4.206090927124023438e+00
2.478959321975708008e+00
2.791845798492431641e+00
3.579269170761108398e+00
2.120957612991333008e+00
5.219319820404052734e+00
4.590638160705566406e+00
5.628788948059082031e+00
7.493344783782958984e+00
5.649468421936035156e+00
3.364859342575073242e+00
2.799770832061767578e+00
3.204671382904052734e+00
3.616314888000488281e+00
3.286527633666992188e+00
3.908892154693603516e+00
3.716055154800415039e+00
3.902106285095214844e+00
7.042459964752197266e+00
5.554359912872314453e+00
3.331281900405883789e+00
2.636036634445190430e+00
3.277365207672119141e+00
2.881021976470947266e+00
3.343539237976074219e+00
2.638614416122436523e+00
2.859232187271118164e+00
3.130988836288452148e+00
2.874129056930541992e+00
3.031498432159423828e+00
4.937029361724853516e+00
2.891285896301269531e+00
2.158696174621582031e+00
3.164716482162475586e+00
2.572356939315795898e+00
3.523615598678588867e+00
2.968044757843017578e+00
2.996979713439941406e+00
2.842796802520751953e+00
2.905562162399291992e+00
3.201957941055297852e+00
3.060496807098388672e+00
3.248563289642333984e+00
2.861227273941040039e+00
3.833413600921630859e+00
2.578628301620483398e+00
5.280999183654785156e+00
3.054761648178100586e+00
3.207726716995239258e+00
3.057399511337280273e+00
3.370652437210083008e+00
3.256023645401000977e+00
3.459990978240966797e+00
5.193412780761718750e+00
2.719458341598510742e+00
3.108717918395996094e+00
2.599671602249145508e+00
7.344110012054443359e+00
4.098603248596191406e+00
4.446852684020996094e+00
3.327908754348754883e+00
4.200328350067138672e+00
4.184244155883789062e+00
3.435716629028320312e+00
3.450415849685668945e+00
3.691703557968139648e+00
3.302463054656982422e+00
3.684030055999755859e+00
3.327787399291992188e+00
3.055822372436523438e+00
3.198525190353393555e+00
5.198097229003906250e+00
3.876220226287841797e+00
4.258838653564453125e+00
3.360191345214843750e+00
4.052414417266845703e+00
3.213751792907714844e+00
2.826573848724365234e+00
3.510345935821533203e+00
3.404100418090820312e+00
3.765069723129272461e+00
4.283628463745117188e+00
3.560070753097534180e+00
3.483632326126098633e+00
3.522727012634277344e+00
3.525692701339721680e+00
3.835923194885253906e+00
3.380518674850463867e+00
3.502248287200927734e+00
2.704599142074584961e+00
2.982755899429321289e+00
2.708942174911499023e+00
3.807250738143920898e+00
3.455056190490722656e+00
3.115489482879638672e+00
3.313464164733886719e+00
2.463652372360229492e+00
2.847125053405761719e+00
3.523674726486206055e+00
3.652577161788940430e+00
2.995819330215454102e+00
2.896847248077392578e+00
4.308971881866455078e+00
4.602269172668457031e+00
2.518105030059814453e+00
2.595235824584960938e+00
3.076706647872924805e+00
3.747200012207031250e+00
3.202613115310668945e+00
3.158874988555908203e+00
4.875232219696044922e+00
4.197626113891601562e+00
3.583088636398315430e+00
4.462588787078857422e+00
2.655889511108398438e+00
6.278817653656005859e+00
2.744231939315795898e+00
2.983330726623535156e+00
1.707018733024597168e+00
1.197520136833190918e+00
3.684824705123901367e+00
3.358088731765747070e+00
4.853770732879638672e+00
3.425576686859130859e+00
4.385432720184326172e+00
4.225882530212402344e+00
7.699134826660156250e+00
5.309005260467529297e+00
1.873451948165893555e+00
6.468313694000244141e+00
3.028261661529541016e+00
3.948103666305541992e+00
3.508013486862182617e+00
2.744711160659790039e+00
6.448467254638671875e+00
4.133040428161621094e+00
1.878369688987731934e+00
4.196274757385253906e+00
3.204847097396850586e+00
3.475485563278198242e+00
3.443496465682983398e+00
4.152992248535156250e+00
3.296103000640869141e+00
5.879553318023681641e+00
5.743129730224609375e+00
3.483207225799560547e+00
3.493493795394897461e+00
5.265011787414550781e+00
2.600802659988403320e+00
5.497428417205810547e+00
3.564287424087524414e+00
3.693380117416381836e+00
3.416839838027954102e+00
3.544306278228759766e+00
4.662490367889404297e+00
3.615980148315429688e+00
3.198593616485595703e+00
6.252208232879638672e+00
7.759186267852783203e+00
3.150763273239135742e+00
3.691843032836914062e+00
7.886739253997802734e+00
4.033172130584716797e+00
4.742793083190917969e+00
4.712656974792480469e+00
3.180816411972045898e+00
3.020621776580810547e+00
2.612146139144897461e+00
4.198044300079345703e+00
4.163509845733642578e+00
2.493752479553222656e+00
2.872228384017944336e+00
3.695508956909179688e+00
2.174046754837036133e+00
5.273242473602294922e+00
4.575319290161132812e+00
5.547574043273925781e+00
7.499561786651611328e+00
5.610150814056396484e+00
3.323113679885864258e+00
2.860100507736206055e+00
3.098725318908691406e+00
3.686748504638671875e+00
3.297280788421630859e+00
3.815239191055297852e+00
3.682799339294433594e+00
3.941563844680786133e+00
6.993866920471191406e+00
5.623864650726318359e+00
3.345098257064819336e+00
2.684571266174316406e+00
3.343341350555419922e+00
2.909126043319702148e+00
3.324217319488525391e+00
2.659412622451782227e+00
2.920360803604125977e+00
3.086535453796386719e+00
2.788607835769653320e+00
3.093055963516235352e+00
4.906230449676513672e+00
2.871310949325561523e+00
2.140866518020629883e+00
3.127398014068603516e+00
2.601540327072143555e+00
3.464044094085693359e+00
3.039534807205200195e+00
3.006136417388916016e+00
2.908837795257568359e+00
2.904299497604370117e+00
3.133059740066528320e+00
3.097411870956420898e+00
3.211190700531005859e+00
2.924635648727416992e+00
3.773249626159667969e+00
2.639807701110839844e+00
5.209059238433837891e+00
3.024527788162231445e+00
3.230278015136718750e+00
3.072801113128662109e+00
3.362099885940551758e+00
3.391736745834350586e+00
3.428138256072998047e+00
5.078794956207275391e+00
2.748202085494995117e+00
3.044918060302734375e+00
2.596159458160400391e+00
7.291629314422607422e+00
4.044738292694091797e+00
4.310112953186035156e+00
3.387695789337158203e+00
4.209469795227050781e+00
4.158033847808837891e+00
3.401654481887817383e+00
3.473115205764770508e+00
3.735245704650878906e+00
3.341438293457031250e+00
3.811022996902465820e+00
3.033626794815063477e+00
3.123999595642089844e+00
3.263140678405761719e+00
5.129893779754638672e+00
3.867968082427978516e+00
4.249615669250488281e+00
3.321734666824340820e+00
4.146180152893066406e+00
3.220520973205566406e+00
2.827439308166503906e+00
3.605265617370605469e+00
3.443101406097412109e+00
3.925052165985107422e+00
4.273427009582519531e+00
3.617390155792236328e+00
3.418267011642456055e+00
3.583010435104370117e+00
3.513556957244873047e+00
3.720380783081054688e+00
3.354645490646362305e+00
3.524911403656005859e+00
2.758092403411865234e+00
2.898807764053344727e+00
2.756375551223754883e+00
3.912963151931762695e+00
3.736432552337646484e+00
3.092473268508911133e+00
3.298920631408691406e+00
2.431029319763183594e+00
2.809166193008422852e+00
3.496941804885864258e+00
3.642905473709106445e+00
3.036487579345703125e+00
2.900346517562866211e+00
4.316973686218261719e+00
4.598478317260742188e+00
2.437800407409667969e+00
2.638298034667968750e+00
3.047967433929443359e+00
3.698931694030761719e+00
3.190657138824462891e+00
3.186192035675048828e+00
4.846546173095703125e+00
4.182669639587402344e+00
3.435534238815307617e+00
4.551514625549316406e+00
2.593385934829711914e+00
6.208242416381835938e+00
2.781885147094726562e+00
2.894891023635864258e+00
1.569658160209655762e+00
1.287543177604675293e+00
3.712171792984008789e+00
3.378690481185913086e+00
4.886606216430664062e+00
3.483925580978393555e+00
4.284673213958740234e+00
4.287644863128662109e+00
7.698442459106445312e+00
5.244837760925292969e+00
1.875970482826232910e+00
6.614323616027832031e+00
3.099973678588867188e+00
3.948488712310791016e+00
3.565707921981811523e+00
2.818192005157470703e+00
6.262991905212402344e+00
4.095206260681152344e+00
1.857073307037353516e+00
4.114409923553466797e+00
3.189231634140014648e+00
3.447829484939575195e+00
3.442421197891235352e+00
4.206470012664794922e+00
3.386748552322387695e+00
5.936024188995361328e+00
5.824124813079833984e+00
3.614455938339233398e+00
3.417835712432861328e+00
5.199749469757080078e+00
2.595412492752075195e+00
5.522178649902343750e+00
3.543690919876098633e+00
3.702115297317504883e+00
3.421808481216430664e+00
3.542916297912597656e+00
4.623167991638183594e+00
3.558035850524902344e+00
3.251037120819091797e+00
6.272949695587158203e+00
7.701107501983642578e+00
3.148213148117065430e+00
3.566037893295288086e+00
7.846295356750488281e+00
3.918565750122070312e+00
4.842208385467529297e+00
4.699292182922363281e+00
3.123292446136474609e+00
3.102015256881713867e+00
2.722318410873413086e+00
4.192758560180664062e+00
4.239893436431884766e+00
2.452104806900024414e+00
2.873396396636962891e+00
3.481267690658569336e+00
2.145584583282470703e+00
5.211540222167968750e+00
4.623353958129882812e+00
5.641388893127441406e+00
7.620807170867919922e+00
5.428435802459716797e+00
3.319017410278320312e+00
2.797067880630493164e+00
3.201914787292480469e+00
3.584785223007202148e+00
3.278540611267089844e+00
3.646975517272949219e+00
3.628335475921630859e+00
3.996452569961547852e+00
7.011189460754394531e+00
5.600999355316162109e+00
3.237301349639892578e+00
2.737035036087036133e+00
3.276527404785156250e+00
2.896633386611938477e+00
3.360426187515258789e+00
2.717210769653320312e+00
2.892680168151855469e+00
3.098049879074096680e+00
2.828257799148559570e+00
3.075373411178588867e+00
4.919735431671142578e+00
2.858023881912231445e+00
2.107643365859985352e+00
3.117697954177856445e+00
2.630893945693969727e+00
3.532642602920532227e+00
3.021016597747802734e+00
3.012786149978637695e+00
2.861029624938964844e+00
2.886485815048217773e+00
3.113734006881713867e+00
3.089618682861328125e+00
3.268709182739257812e+00
2.968338727951049805e+00
3.922279834747314453e+00
2.595218181610107422e+00
5.262646675109863281e+00
2.996401786804199219e+00
3.323325872421264648e+00
3.067440509796142578e+00
3.368500947952270508e+00
3.365143060684204102e+00
3.408209562301635742e+00
5.167838096618652344e+00
2.703362941741943359e+00
3.047396421432495117e+00
2.554959058761596680e+00
7.366664886474609375e+00
4.141968250274658203e+00
4.376554489135742188e+00
3.347969293594360352e+00
4.238704681396484375e+00
4.134129047393798828e+00
3.531730651855468750e+00
3.344327926635742188e+00
3.760513305664062500e+00
3.328841209411621094e+00
3.648843765258789062e+00
3.117843627929687500e+00
3.053309202194213867e+00
3.234488725662231445e+00
5.147149085998535156e+00
3.863060712814331055e+00
4.290519237518310547e+00
3.463513851165771484e+00
4.058083534240722656e+00
3.150220394134521484e+00
2.876901149749755859e+00
3.539011478424072266e+00
3.459780931472778320e+00
3.650666475296020508e+00
4.311643600463867188e+00
3.597987651824951172e+00
3.529683351516723633e+00
3.521584033966064453e+00
3.524505615234375000e+00
3.804700851440429688e+00
3.368038177490234375e+00
3.482991933822631836e+00
2.737965583801269531e+00
3.048608541488647461e+00
2.679685592651367188e+00
3.955328464508056641e+00
3.724366188049316406e+00
2.344392538070678711e+00
3.341107368469238281e+00
2.411413192749023438e+00
2.886453628540039062e+00
3.520444393157958984e+00
3.700026988983154297e+00
3.023535966873168945e+00
2.838330030441284180e+00
4.361467838287353516e+00
4.554778099060058594e+00
2.466603755950927734e+00
2.629906654357910156e+00
6.546773433685302734e+00
2.841571331024169922e+00
3.205908060073852539e+00
3.179440498352050781e+00
4.785717964172363281e+00
4.357419013977050781e+00
3.482010126113891602e+00
4.478341102600097656e+00
2.629434823989868164e+00
6.303925514221191406e+00
2.750982284545898438e+00
2.926881074905395508e+00
1.644164681434631348e+00
1.225973606109619141e+00
3.758004188537597656e+00
3.448960304260253906e+00
4.945466518402099609e+00
3.582363843917846680e+00
4.301548004150390625e+00
4.211758136749267578e+00
7.773001670837402344e+00
5.273548126220703125e+00
1.901314139366149902e+00
6.566580772399902344e+00
3.061226129531860352e+00
3.935940265655517578e+00
3.449235916137695312e+00
2.866512060165405273e+00
6.343495368957519531e+00
4.136152267456054688e+00
1.804474830627441406e+00
4.210540771484375000e+00
3.221410512924194336e+00
3.431187391281127930e+00
3.460188627243041992e+00
4.277565002441406250e+00
3.292965650558471680e+00
6.023008346557617188e+00
5.784551143646240234e+00
3.486676454544067383e+00
3.353333950042724609e+00
5.256136417388916016e+00
2.542492628097534180e+00
5.448824882507324219e+00
3.557070016860961914e+00
3.726576805114746094e+00
3.468385457992553711e+00
3.572078943252563477e+00
4.719094276428222656e+00
3.722463369369506836e+00
3.230586528778076172e+00
6.245900154113769531e+00
7.722815990447998047e+00
3.247460365295410156e+00
3.553012132644653320e+00
7.839085578918457031e+00
3.939046382904052734e+00
4.774835586547851562e+00
4.717704772949218750e+00
3.037659168243408203e+00
3.053055286407470703e+00
2.593472719192504883e+00
4.275969028472900391e+00
4.214168071746826172e+00
2.352025032043457031e+00
2.905344009399414062e+00
3.598933696746826172e+00
2.210013628005981445e+00
5.228381633758544922e+00
4.638975620269775391e+00
5.542319774627685547e+00
7.518199443817138672e+00
5.253718852996826172e+00
3.398632764816284180e+00
2.818476915359497070e+00
3.198951482772827148e+00
3.561727762222290039e+00
3.297078132629394531e+00
3.564581871032714844e+00
3.573976039886474609e+00
3.979231595993041992e+00
7.013121604919433594e+00
5.531296730041503906e+00
3.208865404129028320e+00
2.676856756210327148e+00
3.224326848983764648e+00
2.885277748107910156e+00
3.351589918136596680e+00
2.687811613082885742e+00
2.901517152786254883e+00
3.116446733474731445e+00
2.851216316223144531e+00
3.028759002685546875e+00
4.812560081481933594e+00
2.826606273651123047e+00
2.122267961502075195e+00
3.201552152633666992e+00
2.591545343399047852e+00
3.502231836318969727e+00
3.027527570724487305e+00
2.989870548248291016e+00
2.776661396026611328e+00
2.889483928680419922e+00
3.138665676116943359e+00
3.109821796417236328e+00
3.338046789169311523e+00
2.880085945129394531e+00
3.791057348251342773e+00
2.596634864807128906e+00
5.230026245117187500e+00
2.979669094085693359e+00
3.299626350402832031e+00
3.104822635650634766e+00
3.430177927017211914e+00
3.365226984024047852e+00
3.407845735549926758e+00
5.089792251586914062e+00
2.719820022583007812e+00
3.076789140701293945e+00
2.572310686111450195e+00
7.372104644775390625e+00
4.166535377502441406e+00
4.253609657287597656e+00
3.247788906097412109e+00
4.254017829895019531e+00
4.113122940063476562e+00
3.526075124740600586e+00
3.330188751220703125e+00
3.713043689727783203e+00
3.266425848007202148e+00
3.540658712387084961e+00
3.120024204254150391e+00
3.113178968429565430e+00
3.279026031494140625e+00
5.124486446380615234e+00
3.887624979019165039e+00
4.354861259460449219e+00
3.384234428405761719e+00
4.087035179138183594e+00
3.149317264556884766e+00
2.905164957046508789e+00
3.568239212036132812e+00
3.409707307815551758e+00
3.734155893325805664e+00
4.409276485443115234e+00
3.617455720901489258e+00
3.599337816238403320e+00
3.518222570419311523e+00
3.555428981781005859e+00
3.778410911560058594e+00
3.312422513961791992e+00
3.513943672180175781e+00
2.642976284027099609e+00
2.940435886383056641e+00
2.664619207382202148e+00
3.896366119384765625e+00
3.632326364517211914e+00
3.676464080810546875e+00
3.269845008850097656e+00
2.418145418167114258e+00
2.809335947036743164e+00
3.597199440002441406e+00
3.719356775283813477e+00
2.991818189620971680e+00
2.875285148620605469e+00
4.338914871215820312e+00
4.535372734069824219e+00
2.476453781127929688e+00
2.731699228286743164e+00
6.362600326538085938e+00
7.332882404327392578e+00
3.062614202499389648e+00
3.175821065902709961e+00
4.743575096130371094e+00
4.022547245025634766e+00
3.469784736633300781e+00
4.378333568572998047e+00
2.673157691955566406e+00
6.221149444580078125e+00
2.813227415084838867e+00
2.980481147766113281e+00
1.738912343978881836e+00
1.176681399345397949e+00
3.661129236221313477e+00
3.306290149688720703e+00
4.872986316680908203e+00
3.615215063095092773e+00
4.337237834930419922e+00
4.236209869384765625e+00
7.826816082000732422e+00
5.141033172607421875e+00
1.843126296997070312e+00
6.455078601837158203e+00
3.045454978942871094e+00
3.903630018234252930e+00
3.443717718124389648e+00
2.811421632766723633e+00
6.233401775360107422e+00
4.323995113372802734e+00
1.849261760711669922e+00
4.204324722290039062e+00
3.158002138137817383e+00
3.513133287429809570e+00
3.300905227661132812e+00
4.308307647705078125e+00
3.237712860107421875e+00
5.944941043853759766e+00
5.703612804412841797e+00
3.494544267654418945e+00
3.428629636764526367e+00
5.322353839874267578e+00
2.624183893203735352e+00
5.438874721527099609e+00
3.505529880523681641e+00
3.663714170455932617e+00
3.330302000045776367e+00
3.391037702560424805e+00
4.544169902801513672e+00
3.394410610198974609e+00
3.143659353256225586e+00
6.144640922546386719e+00
7.622529506683349609e+00
3.102728366851806641e+00
3.291907310485839844e+00
7.671746730804443359e+00
3.950072526931762695e+00
4.744599819183349609e+00
4.599103450775146484e+00
2.980539560317993164e+00
2.912338972091674805e+00
2.591049671173095703e+00
4.070125102996826172e+00
4.152372360229492188e+00
2.382676362991333008e+00
2.818171977996826172e+00
3.574137449264526367e+00
2.030064821243286133e+00
5.159139633178710938e+00
4.646617412567138672e+00
5.645826816558837891e+00
7.446960449218750000e+00
5.476610660552978516e+00
3.323590040206909180e+00
2.878812551498413086e+00
3.262268781661987305e+00
3.601989984512329102e+00
3.210321187973022461e+00
3.499210357666015625e+00
3.752349615097045898e+00
3.955065250396728516e+00
6.812763690948486328e+00
5.538929939270019531e+00
3.162352561950683594e+00
2.782652378082275391e+00
3.319983005523681641e+00
2.863956928253173828e+00
3.456952095031738281e+00
2.725956678390502930e+00
2.867753505706787109e+00
3.059334278106689453e+00
2.815109252929687500e+00
3.089311361312866211e+00
4.881901264190673828e+00
2.784402847290039062e+00
2.224687337875366211e+00
3.128172874450683594e+00
2.725175857543945312e+00
3.490837335586547852e+00
3.213279962539672852e+00
3.041473150253295898e+00
2.858966350555419922e+00
2.923029422760009766e+00
3.056029796600341797e+00
3.188770771026611328e+00
3.347238302230834961e+00
2.866976976394653320e+00
3.801110029220581055e+00
2.549972534179687500e+00
5.237217903137207031e+00
3.015046119689941406e+00
3.268017053604125977e+00
3.102557182312011719e+00
3.489163875579833984e+00
3.311933517456054688e+00
3.421875715255737305e+00
4.976533412933349609e+00
2.768381595611572266e+00
3.083997488021850586e+00
2.381365060806274414e+00
7.211236476898193359e+00
4.112748622894287109e+00
4.402071952819824219e+00
3.265270471572875977e+00
4.236600875854492188e+00
4.137963771820068359e+00
3.680164813995361328e+00
3.403216361999511719e+00
3.774941205978393555e+00
3.357018232345581055e+00
3.690217018127441406e+00
3.113575458526611328e+00
2.794190883636474609e+00
3.191869497299194336e+00
5.075789928436279297e+00
3.983543157577514648e+00
4.178241729736328125e+00
3.297962427139282227e+00
4.082812309265136719e+00
3.231102705001831055e+00
2.839467525482177734e+00
3.507898807525634766e+00
3.420265674591064453e+00
3.772881507873535156e+00
4.328684806823730469e+00
3.315806865692138672e+00
3.457884550094604492e+00
3.531662702560424805e+00
3.581565380096435547e+00
3.748801708221435547e+00
3.369020462036132812e+00
3.413921117782592773e+00
2.703523159027099609e+00
3.004684448242187500e+00
2.667083740234375000e+00
3.915824413299560547e+00
3.707568168640136719e+00
2.550933361053466797e+00
3.258586883544921875e+00
2.385223627090454102e+00
2.833100795745849609e+00
3.371240854263305664e+00
3.589640617370605469e+00
3.073327302932739258e+00
2.860813856124877930e+00
4.257698535919189453e+00
4.531422615051269531e+00
2.543964862823486328e+00
2.598749876022338867e+00
6.648157119750976562e+00
2.398903131484985352e+00
5.010883808135986328e+00
3.155057668685913086e+00
2.638797760009765625e+00
3.826305866241455078e+00
4.476690292358398438e+00
1.979363918304443359e+00
3.188322305679321289e+00
1.754842042922973633e+00
2.923549890518188477e+00
3.408638715744018555e+00
5.459516525268554688e+00
5.400314807891845703e+00
6.183385372161865234e+00
4.377438545227050781e+00
2.911135196685791016e+00
4.345871448516845703e+00
5.093081951141357422e+00
3.303257942199707031e+00
4.890409469604492188e+00
1.693318128585815430e+00
4.598678588867187500e+00
1.759025573730468750e+00
3.138278007507324219e+00
5.958841800689697266e+00
3.016856431961059570e+00
5.847208976745605469e+00
3.913838386535644531e+00
7.075136184692382812e+00
4.913592338562011719e+00
6.167080402374267578e+00
5.099625110626220703e+00
4.362853527069091797e+00
5.499511241912841797e+00
2.108215093612670898e+00
3.032427310943603516e+00
1.156814217567443848e+00
1.992418766021728516e+00
3.500051259994506836e+00
2.687430858612060547e+00
5.513217449188232422e+00
7.242776870727539062e+00
6.809792995452880859e+00
3.922602415084838867e+00
2.618422985076904297e+00
3.573878288269042969e+00
3.332178592681884766e+00
1.739313721656799316e+00
5.304206371307373047e+00
2.726456165313720703e+00
4.318789482116699219e+00
1.311228156089782715e+00
2.986483097076416016e+00
7.236937046051025391e+00
1.133805632591247559e+00
5.188023090362548828e+00
2.733076095581054688e+00
3.855308532714843750e+00
5.082569599151611328e+00
3.509307622909545898e+00
6.736600399017333984e+00
4.108855247497558594e+00
2.464106798171997070e+00
3.774514198303222656e+00
6.768805027008056641e+00
2.850345373153686523e+00
6.137041568756103516e+00
2.348453998565673828e+00
2.586132049560546875e+00
3.870143651962280273e+00
3.151142835617065430e+00
2.937495708465576172e+00
2.915573358535766602e+00
2.896166563034057617e+00
3.720601320266723633e+00
3.814231634140014648e+00
2.707530260086059570e+00
3.991505384445190430e+00
6.223424434661865234e+00
3.527000188827514648e+00
4.004403114318847656e+00
3.138751268386840820e+00
3.462184429168701172e+00
4.029364585876464844e+00
2.695046663284301758e+00
2.946903467178344727e+00
2.847305059432983398e+00
3.009274721145629883e+00
2.853328704833984375e+00
2.580747842788696289e+00
3.269538402557373047e+00
2.846421957015991211e+00
2.760638713836669922e+00
6.064008712768554688e+00
6.072019577026367188e+00
3.158007383346557617e+00
4.023015022277832031e+00
2.829951286315917969e+00
2.939089298248291016e+00
2.988146066665649414e+00
3.036445617675781250e+00
2.854827165603637695e+00
2.520891427993774414e+00
3.283058881759643555e+00
2.847990751266479492e+00
2.787621498107910156e+00
2.916439771652221680e+00
4.733914852142333984e+00
2.841989278793334961e+00
4.997883319854736328e+00
2.715659856796264648e+00
3.029962778091430664e+00
2.707562685012817383e+00
3.036901235580444336e+00
2.867417812347412109e+00
2.691923141479492188e+00
3.501483440399169922e+00
2.843993902206420898e+00
5.915318965911865234e+00
5.522392272949218750e+00
2.777845144271850586e+00
2.305917978286743164e+00
2.859092712402343750e+00
2.550244092941284180e+00
2.471827507019042969e+00
2.635983228683471680e+00
3.056703567504882812e+00
3.605606555938720703e+00
3.384920120239257812e+00
2.388695478439331055e+00
3.122533798217773438e+00
7.906626224517822266e+00
2.785140037536621094e+00
2.977713823318481445e+00
3.255753278732299805e+00
2.660181999206542969e+00
3.304462909698486328e+00
3.216432332992553711e+00
2.677158594131469727e+00
4.030078887939453125e+00
2.667512178421020508e+00
2.734405755996704102e+00
3.196242570877075195e+00
2.347390174865722656e+00
5.839817047119140625e+00
2.331341266632080078e+00
2.464181184768676758e+00
2.972098588943481445e+00
2.630624771118164062e+00
3.611623525619506836e+00
2.515865802764892578e+00
3.338032722473144531e+00
2.887285947799682617e+00
3.107142925262451172e+00
2.706701040267944336e+00
3.143914937973022461e+00
3.613070964813232422e+00
2.738677024841308594e+00
3.640201330184936523e+00
4.013829231262207031e+00
4.196389675140380859e+00
2.411610364913940430e+00
3.289088249206542969e+00
5.333052635192871094e+00
2.290472269058227539e+00
2.466660737991333008e+00
4.109477519989013672e+00
3.355774879455566406e+00
2.924728155136108398e+00
3.530081987380981445e+00
5.222008705139160156e+00
3.285860538482666016e+00
2.711140155792236328e+00
3.971598625183105469e+00
4.561138629913330078e+00
1.993692755699157715e+00
3.216490030288696289e+00
1.704745054244995117e+00
2.846151113510131836e+00
3.601027250289916992e+00
5.682838916778564453e+00
5.649076461791992188e+00
6.373770236968994141e+00
4.487911224365234375e+00
3.038914442062377930e+00
4.466275691986083984e+00
5.229448795318603516e+00
3.396104812622070312e+00
5.122233390808105469e+00
1.699574708938598633e+00
4.780017852783203125e+00
1.764045119285583496e+00
3.079563379287719727e+00
6.179875850677490234e+00
3.075992584228515625e+00
6.154496192932128906e+00
3.973253011703491211e+00
7.532183170318603516e+00
5.004475593566894531e+00
6.439358234405517578e+00
5.176243782043457031e+00
4.344095706939697266e+00
5.745276451110839844e+00
2.021772623062133789e+00
3.232087850570678711e+00
1.085459470748901367e+00
2.001564979553222656e+00
3.525795698165893555e+00
2.873603820800781250e+00
5.962968826293945312e+00
7.477635860443115234e+00
7.100569725036621094e+00
4.188236713409423828e+00
2.572125434875488281e+00
3.722972631454467773e+00
3.399758577346801758e+00
1.708801865577697754e+00
5.529820442199707031e+00
2.747828006744384766e+00
4.532915592193603516e+00
1.114736557006835938e+00
2.948189735412597656e+00
7.597336769104003906e+00
1.192836165428161621e+00
5.507846832275390625e+00
2.859719991683959961e+00
3.827368736267089844e+00
5.134397506713867188e+00
3.538551330566406250e+00
7.033557891845703125e+00
4.213770389556884766e+00
2.466791152954101562e+00
3.935063123703002930e+00
7.025535106658935547e+00
2.789414167404174805e+00
6.242871761322021484e+00
2.325583219528198242e+00
2.694210529327392578e+00
4.010940074920654297e+00
3.365469694137573242e+00
2.904082536697387695e+00
2.840663671493530273e+00
2.844489097595214844e+00
3.804658412933349609e+00
3.878227710723876953e+00
2.749994516372680664e+00
4.137750625610351562e+00
6.373026371002197266e+00
3.553193330764770508e+00
4.162753582000732422e+00
3.165089845657348633e+00
3.536450624465942383e+00
3.963356256484985352e+00
2.792083978652954102e+00
2.982936143875122070e+00
2.738693714141845703e+00
3.110961198806762695e+00
2.851286649703979492e+00
2.713153123855590820e+00
3.343793392181396484e+00
2.821692228317260742e+00
2.807794570922851562e+00
6.282043933868408203e+00
6.329008579254150391e+00
3.225857257843017578e+00
4.113564014434814453e+00
2.806166887283325195e+00
2.967950105667114258e+00
3.044777393341064453e+00
3.161046504974365234e+00
2.819353103637695312e+00
2.529315710067749023e+00
3.444483995437622070e+00
2.813022375106811523e+00
2.750342845916748047e+00
2.689661979675292969e+00
4.870224952697753906e+00
2.905570745468139648e+00
5.202104091644287109e+00
2.807194471359252930e+00
3.096495151519775391e+00
2.695970535278320312e+00
3.071826934814453125e+00
2.902490377426147461e+00
2.683983325958251953e+00
3.504173994064331055e+00
3.130299091339111328e+00
6.155656337738037109e+00
5.755716323852539062e+00
2.720333337783813477e+00
2.330900907516479492e+00
2.876503944396972656e+00
2.664321184158325195e+00
2.524550676345825195e+00
2.631042242050170898e+00
2.960775375366210938e+00
3.743613958358764648e+00
3.386399030685424805e+00
2.488744497299194336e+00
2.887315511703491211e+00
8.261501312255859375e+00
2.744984626770019531e+00
3.001612663269042969e+00
3.436717033386230469e+00
2.588618993759155273e+00
3.277112245559692383e+00
3.274487257003784180e+00
2.730498075485229492e+00
4.038749217987060547e+00
2.656390428543090820e+00
2.850983142852783203e+00
3.342863082885742188e+00
2.338404655456542969e+00
6.112418174743652344e+00
2.340746641159057617e+00
2.464067220687866211e+00
3.004293680191040039e+00
2.581657886505126953e+00
3.722669839859008789e+00
2.501027345657348633e+00
3.363795995712280273e+00
2.969058513641357422e+00
3.152253627777099609e+00
2.839228630065917969e+00
3.200468540191650391e+00
3.667155504226684570e+00
2.716675996780395508e+00
3.751223564147949219e+00
4.106948852539062500e+00
4.323873043060302734e+00
2.454530477523803711e+00
3.303298950195312500e+00
5.504106044769287109e+00
2.245946407318115234e+00
2.595055580139160156e+00
4.176880359649658203e+00
3.478108882904052734e+00
3.073067665100097656e+00
3.839324712753295898e+00
5.234927654266357422e+00
3.321759223937988281e+00
2.687371492385864258e+00
4.035487174987792969e+00
4.583304882049560547e+00
1.956200480461120605e+00
3.221750259399414062e+00
1.728576302528381348e+00
3.105905771255493164e+00
3.566410064697265625e+00
5.730247974395751953e+00
5.678656101226806641e+00
6.456401824951171875e+00
4.484829902648925781e+00
3.168840408325195312e+00
4.493278026580810547e+00
5.234742641448974609e+00
3.390257596969604492e+00
5.124140262603759766e+00
1.750451445579528809e+00
4.652208328247070312e+00
1.779098033905029297e+00
3.053165912628173828e+00
6.213486194610595703e+00
3.069820880889892578e+00
6.152798652648925781e+00
4.064177036285400391e+00
7.490075588226318359e+00
5.049878120422363281e+00
6.603255271911621094e+00
5.214900493621826172e+00
4.451041698455810547e+00
5.703175067901611328e+00
2.091824769973754883e+00
3.020199775695800781e+00
1.098706960678100586e+00
1.926203489303588867e+00
3.629751443862915039e+00
2.858411312103271484e+00
5.902453422546386719e+00
7.437545776367187500e+00
7.008240222930908203e+00
4.267224788665771484e+00
2.679509639739990234e+00
3.714406251907348633e+00
3.371150970458984375e+00
1.675418376922607422e+00
5.541325569152832031e+00
2.757421255111694336e+00
4.446241378784179688e+00
1.382589459419250488e+00
3.089718341827392578e+00
7.592851161956787109e+00
9.994643926620483398e-01
5.452489852905273438e+00
2.844665288925170898e+00
3.837988138198852539e+00
5.119642734527587891e+00
3.609387874603271484e+00
7.030106067657470703e+00
4.201762676239013672e+00
2.503363609313964844e+00
3.903728246688842773e+00
7.117922306060791016e+00
2.765521526336669922e+00
6.245974540710449219e+00
2.403798580169677734e+00
2.668591260910034180e+00
3.942479133605957031e+00
3.318221807479858398e+00
2.915126562118530273e+00
2.908275365829467773e+00
2.900289058685302734e+00
3.757950782775878906e+00
3.855312108993530273e+00
2.711139917373657227e+00
3.984717369079589844e+00
6.358791828155517578e+00
3.572863817214965820e+00
4.007737159729003906e+00
3.202872753143310547e+00
3.464014291763305664e+00
4.111951351165771484e+00
2.814372777938842773e+00
2.939651727676391602e+00
2.777638912200927734e+00
3.056084156036376953e+00
2.889692306518554688e+00
2.591190338134765625e+00
3.319346189498901367e+00
2.881334066390991211e+00
2.826886653900146484e+00
6.205861568450927734e+00
6.320901870727539062e+00
3.203346967697143555e+00
4.142710208892822266e+00
2.826680898666381836e+00
2.956726551055908203e+00
3.061201810836791992e+00
3.075291633605957031e+00
2.828198432922363281e+00
2.493409156799316406e+00
3.412071704864501953e+00
2.889737844467163086e+00
2.821554899215698242e+00
2.945150375366210938e+00
4.859753608703613281e+00
2.928742408752441406e+00
5.205358028411865234e+00
2.754202365875244141e+00
3.001807689666748047e+00
2.750457525253295898e+00
3.083537340164184570e+00
2.908871889114379883e+00
2.712053775787353516e+00
3.433773994445800781e+00
3.123103380203247070e+00
6.206504344940185547e+00
5.771065235137939453e+00
2.734474658966064453e+00
2.355049610137939453e+00
2.898633718490600586e+00
2.665315866470336914e+00
2.583422183990478516e+00
2.702953815460205078e+00
2.934953212738037109e+00
3.722881793975830078e+00
3.319553136825561523e+00
2.495843172073364258e+00
3.160306453704833984e+00
8.291451454162597656e+00
2.767339229583740234e+00
2.973875284194946289e+00
3.343733310699462891e+00
2.576327562332153320e+00
3.179554939270019531e+00
3.215968132019042969e+00
2.782549381256103516e+00
4.140022277832031250e+00
2.719622135162353516e+00
2.680526256561279297e+00
3.318222045898437500e+00
2.295154571533203125e+00
6.091502189636230469e+00
2.341556549072265625e+00
2.524922132492065430e+00
3.023334741592407227e+00
2.595333576202392578e+00
3.675011157989501953e+00
2.394402265548706055e+00
3.330192565917968750e+00
2.969429969787597656e+00
3.108753681182861328e+00
2.718150854110717773e+00
3.247937917709350586e+00
3.688129663467407227e+00
2.758002281188964844e+00
3.854694366455078125e+00
4.126267433166503906e+00
4.339403152465820312e+00
2.445858001708984375e+00
3.351797342300415039e+00
5.506195545196533203e+00
2.295040369033813477e+00
2.565093517303466797e+00
4.210868835449218750e+00
3.455238342285156250e+00
3.071890115737915039e+00
3.047898769378662109e+00
5.243544578552246094e+00
3.252753973007202148e+00
2.714574098587036133e+00
4.051211833953857422e+00
4.625131607055664062e+00
1.942082285881042480e+00
3.141126632690429688e+00
1.722546696662902832e+00
3.007234096527099609e+00
3.603175163269042969e+00
5.676244735717773438e+00
5.617241859436035156e+00
6.440841197967529297e+00
4.524743556976318359e+00
3.094741821289062500e+00
4.556928634643554688e+00
5.295276165008544922e+00
3.396789073944091797e+00
5.264902591705322266e+00
1.639374256134033203e+00
4.695831298828125000e+00
1.902111411094665527e+00
3.034033536911010742e+00
6.120122432708740234e+00
3.050066471099853516e+00
6.189391136169433594e+00
4.030397891998291016e+00
7.601632118225097656e+00
5.108750820159912109e+00
6.642178535461425781e+00
5.273736000061035156e+00
4.395328998565673828e+00
5.794469833374023438e+00
2.165929794311523438e+00
2.993416547775268555e+00
1.118841886520385742e+00
1.981460213661193848e+00
3.646693944931030273e+00
2.766046762466430664e+00
5.884551525115966797e+00
7.452569007873535156e+00
6.998574733734130859e+00
4.172827243804931641e+00
2.589457988739013672e+00
3.783567667007446289e+00
3.354603052139282227e+00
1.720969557762145996e+00
5.522998332977294922e+00
2.715571403503417969e+00
4.537775516510009766e+00
1.253596663475036621e+00
2.929040193557739258e+00
7.609094142913818359e+00
9.303694367408752441e-01
5.398311614990234375e+00
2.797535896301269531e+00
3.858953237533569336e+00
5.167670726776123047e+00
3.542160749435424805e+00
7.093951225280761719e+00
4.324258327484130859e+00
2.435413122177124023e+00
3.924625396728515625e+00
7.166995048522949219e+00
2.750358581542968750e+00
6.331411361694335938e+00
2.381908655166625977e+00
2.730200052261352539e+00
4.035554885864257812e+00
3.338428497314453125e+00
3.001582145690917969e+00
2.852497100830078125e+00
2.921580076217651367e+00
3.742281198501586914e+00
3.833174943923950195e+00
2.648324012756347656e+00
4.005355834960937500e+00
6.410491466522216797e+00
3.579125404357910156e+00
4.149437904357910156e+00
3.182883977890014648e+00
3.484813451766967773e+00
4.119123935699462891e+00
2.766870737075805664e+00
2.960189104080200195e+00
2.719714879989624023e+00
3.152887344360351562e+00
2.857106447219848633e+00
2.682512283325195312e+00
3.328874826431274414e+00
2.826571702957153320e+00
2.841483592987060547e+00
6.275064468383789062e+00
6.381018638610839844e+00
3.255746603012084961e+00
4.202924251556396484e+00
2.828431606292724609e+00
2.959696054458618164e+00
2.978956937789916992e+00
3.115590572357177734e+00
2.850042104721069336e+00
2.524660825729370117e+00
3.440902948379516602e+00
2.817124843597412109e+00
2.791840553283691406e+00
3.048595190048217773e+00
4.894248008728027344e+00
2.891927480697631836e+00
5.162870407104492188e+00
2.845252752304077148e+00
3.073534011840820312e+00
2.660806417465209961e+00
3.065718173980712891e+00
2.892553567886352539e+00
2.885481834411621094e+00
3.458358049392700195e+00
3.161059379577636719e+00
6.164418697357177734e+00
5.830208301544189453e+00
2.742326736450195312e+00
2.412706613540649414e+00
2.808290958404541016e+00
2.619009733200073242e+00
2.508763551712036133e+00
2.727883815765380859e+00
2.991640090942382812e+00
3.779494524002075195e+00
3.350361347198486328e+00
2.460550308227539062e+00
2.930207967758178711e+00
8.214431762695312500e+00
2.744611740112304688e+00
2.946251630783081055e+00
3.339571952819824219e+00
2.560606479644775391e+00
3.233093976974487305e+00
3.353889226913452148e+00
2.642985105514526367e+00
4.044462680816650391e+00
2.741095542907714844e+00
2.721312284469604492e+00
3.208244323730468750e+00
2.318820714950561523e+00
6.073282241821289062e+00
2.369690179824829102e+00
2.471465587615966797e+00
3.037362337112426758e+00
2.595579147338867188e+00
3.602372407913208008e+00
2.484987974166870117e+00
3.336632490158081055e+00
2.953806638717651367e+00
3.107681035995483398e+00
2.760154008865356445e+00
3.110965013504028320e+00
4.176024436950683594e+00
2.730488538742065430e+00
3.806803703308105469e+00
4.072614192962646484e+00
4.330665111541748047e+00
2.414908409118652344e+00
3.361611127853393555e+00
5.487825870513916016e+00
2.276492357254028320e+00
2.603784799575805664e+00
4.236454486846923828e+00
3.470325469970703125e+00
3.104534864425659180e+00
3.412045240402221680e+00
5.172415733337402344e+00
3.312227487564086914e+00
2.809749126434326172e+00
4.027492046356201172e+00
4.673038482666015625e+00
1.898195505142211914e+00
3.231085538864135742e+00
1.637702822685241699e+00
2.996890068054199219e+00
3.550953626632690430e+00
5.742725372314453125e+00
5.662079334259033203e+00
6.492777347564697266e+00
4.473422527313232422e+00
3.024954557418823242e+00
4.512669563293457031e+00
5.285545349121093750e+00
3.369973182678222656e+00
5.254397392272949219e+00
1.659973025321960449e+00
4.650754928588867188e+00
1.814600110054016113e+00
3.140479087829589844e+00
6.093704223632812500e+00
3.085966110229492188e+00
6.219897747039794922e+00
4.087860107421875000e+00
7.542217254638671875e+00
5.018411636352539062e+00
6.556211471557617188e+00
5.238214492797851562e+00
4.402879714965820312e+00
5.740372180938720703e+00
2.147089004516601562e+00
2.889837503433227539e+00
1.074746131896972656e+00
1.993236899375915527e+00
3.679063081741333008e+00
2.732053518295288086e+00
5.857102870941162109e+00
7.432329654693603516e+00
7.070856571197509766e+00
4.182815074920654297e+00
2.612470388412475586e+00
3.717302799224853516e+00
3.333329200744628906e+00
1.697572708129882812e+00
5.431891918182373047e+00
2.754291057586669922e+00
4.385300159454345703e+00
1.225893378257751465e+00
3.077463865280151367e+00
7.604116916656494141e+00
1.052185535430908203e+00
5.386185169219970703e+00
2.793838739395141602e+00
3.788337469100952148e+00
5.145307540893554688e+00
3.525594711303710938e+00
7.034160137176513672e+00
4.100255489349365234e+00
2.420747995376586914e+00
3.918973207473754883e+00
7.088315486907958984e+00
2.819882154464721680e+00
6.269050598144531250e+00
2.453212261199951172e+00
2.664479970932006836e+00
3.910137653350830078e+00
3.306829690933227539e+00
3.041495800018310547e+00
2.818751811981201172e+00
2.896728754043579102e+00
3.715373754501342773e+00
3.910006761550903320e+00
2.664259195327758789e+00
4.213479042053222656e+00
6.423828601837158203e+00
3.602610826492309570e+00
4.153452873229980469e+00
3.202961683273315430e+00
3.386611461639404297e+00
4.142562866210937500e+00
2.746193647384643555e+00
3.029372692108154297e+00
2.787335634231567383e+00
3.176898717880249023e+00
2.900236129760742188e+00
2.655856847763061523e+00
3.348437786102294922e+00
2.828639507293701172e+00
2.832046747207641602e+00
6.328055381774902344e+00
6.435597896575927734e+00
3.261821985244750977e+00
4.007496833801269531e+00
2.786013603210449219e+00
2.981286287307739258e+00
3.019064426422119141e+00
3.081769227981567383e+00
2.904595136642456055e+00
2.490805387496948242e+00
3.458890676498413086e+00
2.858428001403808594e+00
2.741739988327026367e+00
2.903942346572875977e+00
4.876326084136962891e+00
2.898443698883056641e+00
5.165081977844238281e+00
2.750155925750732422e+00
3.090654134750366211e+00
2.715857505798339844e+00
3.107133865356445312e+00
2.927500963211059570e+00
2.706714153289794922e+00
3.336153745651245117e+00
3.122548580169677734e+00
6.135049819946289062e+00
5.879446029663085938e+00
2.782570838928222656e+00
2.364838123321533203e+00
2.900685548782348633e+00
2.544150114059448242e+00
2.575420141220092773e+00
2.554743051528930664e+00
3.031764984130859375e+00
3.794901371002197266e+00
3.391861915588378906e+00
2.387146472930908203e+00
2.969683885574340820e+00
8.280821800231933594e+00
2.761030673980712891e+00
2.987726449966430664e+00
3.325616121292114258e+00
2.554326534271240234e+00
3.296442508697509766e+00
3.244425296783447266e+00
2.726037502288818359e+00
4.092811584472656250e+00
2.668371915817260742e+00
2.680517911911010742e+00
2.989953756332397461e+00
2.275944709777832031e+00
6.064803600311279297e+00
2.319381237030029297e+00
2.527057647705078125e+00
3.027291059494018555e+00
2.581756353378295898e+00
3.617670297622680664e+00
2.576245784759521484e+00
3.328864574432373047e+00
3.019290447235107422e+00
3.157430171966552734e+00
2.752895116806030273e+00
3.137988805770874023e+00
4.454352855682373047e+00
2.717751502990722656e+00
3.793723106384277344e+00
4.048814296722412109e+00
4.372755527496337891e+00
2.375685930252075195e+00
3.320178985595703125e+00
5.485884189605712891e+00
2.281483888626098633e+00
2.571327209472656250e+00
4.201353549957275391e+00
3.458796024322509766e+00
2.647237777709960938e+00
4.713204860687255859e+00
5.202543258666992188e+00
3.342390298843383789e+00
2.684333324432373047e+00
4.099266052246093750e+00
4.746303558349609375e+00
1.976326942443847656e+00
3.190094947814941406e+00
1.695163726806640625e+00
3.060184717178344727e+00
3.597166538238525391e+00
5.762806415557861328e+00
5.603409767150878906e+00
6.375503540039062500e+00
4.354121208190917969e+00
3.107154846191406250e+00
4.505192279815673828e+00
5.250127315521240234e+00
3.294430971145629883e+00
5.145020961761474609e+00
1.619468808174133301e+00
4.675547599792480469e+00
1.935382604598999023e+00
3.073680400848388672e+00
6.110764503479003906e+00
3.142077922821044922e+00
6.173414230346679688e+00
4.050332069396972656e+00
7.543990135192871094e+00
5.208718776702880859e+00
6.564227104187011719e+00
5.292745590209960938e+00
4.468690872192382812e+00
5.785483837127685547e+00
1.997207641601562500e+00
2.965081453323364258e+00
1.176966786384582520e+00
1.897142767906188965e+00
3.583949804306030273e+00
2.847303867340087891e+00
5.945556640625000000e+00
7.453661441802978516e+00
6.975570678710937500e+00
4.196839332580566406e+00
2.606933593750000000e+00
3.728770971298217773e+00
3.336740493774414062e+00
1.666060090065002441e+00
5.493104934692382812e+00
2.704685211181640625e+00
4.409273147583007812e+00
1.249634742736816406e+00
3.118894815444946289e+00
7.628330707550048828e+00
1.005993008613586426e+00
5.429119586944580078e+00
2.770296096801757812e+00
3.763206005096435547e+00
5.186522483825683594e+00
3.454325199127197266e+00
7.057256221771240234e+00
4.181761741638183594e+00
2.505757570266723633e+00
3.964041233062744141e+00
7.149761199951171875e+00
2.795447111129760742e+00
6.413487911224365234e+00
2.406854152679443359e+00
2.745491504669189453e+00
3.964761734008789062e+00
3.325915098190307617e+00
2.977198600769042969e+00
2.792582988739013672e+00
2.883190870285034180e+00
3.764208316802978516e+00
3.990560770034790039e+00
2.678632974624633789e+00
4.246039390563964844e+00
6.318011283874511719e+00
3.576997518539428711e+00
4.108225345611572266e+00
3.236095666885375977e+00
3.504200935363769531e+00
3.981032609939575195e+00
2.806599378585815430e+00
3.002967596054077148e+00
2.781512975692749023e+00
3.155095577239990234e+00
2.843953609466552734e+00
2.662986993789672852e+00
3.424180984497070312e+00
2.853983640670776367e+00
2.804648160934448242e+00
6.272202968597412109e+00
6.356117725372314453e+00
3.259899616241455078e+00
4.135306835174560547e+00
2.823026180267333984e+00
2.941397666931152344e+00
3.036152839660644531e+00
3.144690990447998047e+00
2.902884960174560547e+00
2.525258541107177734e+00
3.457999467849731445e+00
2.860293865203857422e+00
2.744387149810791016e+00
2.911853075027465820e+00
4.835906505584716797e+00
2.893611431121826172e+00
5.155995368957519531e+00
2.801683187484741211e+00
3.096215009689331055e+00
2.807915925979614258e+00
3.015777587890625000e+00
2.885119199752807617e+00
2.716630935668945312e+00
3.352336645126342773e+00
3.145308732986450195e+00
6.143301010131835938e+00
5.793356418609619141e+00
2.695195674896240234e+00
2.379719495773315430e+00
2.905397891998291016e+00
2.552870035171508789e+00
2.548804759979248047e+00
2.560196399688720703e+00
3.056576013565063477e+00
3.663005352020263672e+00
3.394865036010742188e+00
2.388139009475708008e+00
2.962389230728149414e+00
8.231986999511718750e+00
2.736125946044921875e+00
2.976987361907958984e+00
3.385091781616210938e+00
2.603776693344116211e+00
3.222601652145385742e+00
3.165635108947753906e+00
2.708710432052612305e+00
4.087382316589355469e+00
2.670206785202026367e+00
2.739165067672729492e+00
3.425820589065551758e+00
2.376952409744262695e+00
6.085692882537841797e+00
2.320780754089355469e+00
2.553992748260498047e+00
3.059169769287109375e+00
2.629013299942016602e+00
3.688580989837646484e+00
2.441571474075317383e+00
3.383560657501220703e+00
2.958898067474365234e+00
3.125262022018432617e+00
2.760319471359252930e+00
3.125435113906860352e+00
4.150937557220458984e+00
2.724586009979248047e+00
3.740932941436767578e+00
4.095193862915039062e+00
4.384967327117919922e+00
2.337646007537841797e+00
3.344016551971435547e+00
5.401050090789794922e+00
2.236840248107910156e+00
2.629077434539794922e+00
4.306713581085205078e+00
3.449808835983276367e+00
1.883046388626098633e+00
3.700431823730468750e+00
5.184421539306640625e+00
3.343401193618774414e+00
2.704879045486450195e+00
3.975415468215942383e+00
4.636111736297607422e+00
1.944005012512207031e+00
3.240396738052368164e+00
1.690806627273559570e+00
2.884753465652465820e+00
3.559675693511962891e+00
5.635564804077148438e+00
5.679085254669189453e+00
6.361978054046630859e+00
4.490649700164794922e+00
3.005152940750122070e+00
4.564621925354003906e+00
5.273641109466552734e+00
3.346624612808227539e+00
5.023371696472167969e+00
1.717543601989746094e+00
4.715978622436523438e+00
2.028991222381591797e+00
3.120626449584960938e+00
6.046944141387939453e+00
3.116851568222045898e+00
6.093751907348632812e+00
4.046579837799072266e+00
7.459836006164550781e+00
5.052700996398925781e+00
6.418123245239257812e+00
5.193882465362548828e+00
4.462663173675537109e+00
5.628187179565429688e+00
1.884125947952270508e+00
3.086401462554931641e+00
1.148870706558227539e+00
1.805570602416992188e+00
3.555437326431274414e+00
2.831576108932495117e+00
5.854710578918457031e+00
7.351235866546630859e+00
6.975543975830078125e+00
4.212116718292236328e+00
2.597837686538696289e+00
3.663464546203613281e+00
3.367688179016113281e+00
1.759081482887268066e+00
5.313261508941650391e+00
2.657561063766479492e+00
4.332481384277343750e+00
1.310541033744812012e+00
2.966956377029418945e+00
7.575266838073730469e+00
1.107976436614990234e+00
5.409753799438476562e+00
2.766278982162475586e+00
3.727026939392089844e+00
5.188785552978515625e+00
3.454200029373168945e+00
6.892149925231933594e+00
4.079779148101806641e+00
2.440715312957763672e+00
3.934091567993164062e+00
7.041128158569335938e+00
2.666327476501464844e+00
6.318315029144287109e+00
2.298166036605834961e+00
2.726680994033813477e+00
4.047689914703369141e+00
3.325550317764282227e+00
2.946923255920410156e+00
2.657171487808227539e+00
2.867854833602905273e+00
3.770864963531494141e+00
3.994381904602050781e+00
2.652839422225952148e+00
4.171419620513916016e+00
6.409668922424316406e+00
3.574973344802856445e+00
4.106882095336914062e+00
3.247211694717407227e+00
3.515283823013305664e+00
4.109392642974853516e+00
2.819771051406860352e+00
2.915686845779418945e+00
2.698260784149169922e+00
3.151798248291015625e+00
2.830726623535156250e+00
2.632779121398925781e+00
3.337896585464477539e+00
2.854699373245239258e+00
2.793683290481567383e+00
6.262239933013916016e+00
6.362932205200195312e+00
3.276170969009399414e+00
4.063518047332763672e+00
2.792047023773193359e+00
2.964118480682373047e+00
3.014951944351196289e+00
3.067394495010375977e+00
2.947710514068603516e+00
2.549703359603881836e+00
3.491532564163208008e+00
2.879015207290649414e+00
2.780094146728515625e+00
2.996319293975830078e+00
4.859249114990234375e+00
2.855442285537719727e+00
5.197546482086181641e+00
2.743511199951171875e+00
3.137206792831420898e+00
2.791642189025878906e+00
3.014017105102539062e+00
2.901996374130249023e+00
2.607200145721435547e+00
3.329807758331298828e+00
3.076544523239135742e+00
6.184195995330810547e+00
5.581836223602294922e+00
2.773018121719360352e+00
2.273090600967407227e+00
2.911564826965332031e+00
2.478029012680053711e+00
2.581986904144287109e+00
2.423105478286743164e+00
2.995102167129516602e+00
3.811184167861938477e+00
3.426342964172363281e+00
2.496098995208740234e+00
2.968052625656127930e+00
8.165319442749023438e+00
2.621013879776000977e+00
2.954603672027587891e+00
3.333631277084350586e+00
2.576527833938598633e+00
3.212224245071411133e+00
3.201403617858886719e+00
2.710380315780639648e+00
4.060976505279541016e+00
2.629762649536132812e+00
2.732599258422851562e+00
3.279914140701293945e+00
2.367437362670898438e+00
6.040287494659423828e+00
2.347007513046264648e+00
2.537271976470947266e+00
2.944087266921997070e+00
2.601453304290771484e+00
3.664673089981079102e+00
2.475460290908813477e+00
3.289208650588989258e+00
2.909201622009277344e+00
3.106568336486816406e+00
2.731214284896850586e+00
3.150634527206420898e+00
4.379137992858886719e+00
2.708981037139892578e+00
3.700970411300659180e+00
4.033523082733154297e+00
4.361599922180175781e+00
2.323813199996948242e+00
3.390951633453369141e+00
5.483478546142578125e+00
2.305292129516601562e+00
2.680764675140380859e+00
4.378033638000488281e+00
3.453903675079345703e+00
2.155746221542358398e+00
5.675624847412109375e+00
4.974337577819824219e+00
3.343729496002197266e+00
3.909692764282226562e+00
2.385453224182128906e+00
4.469689846038818359e+00
2.822217226028442383e+00
6.664957523345947266e+00
6.696549415588378906e+00
3.037545680999755859e+00
4.475904464721679688e+00
5.500541210174560547e+00
7.828667163848876953e+00
3.931819915771484375e+00
3.283705949783325195e+00
3.243571281433105469e+00
3.855754375457763672e+00
2.638163089752197266e+00
2.580555915832519531e+00
3.451355457305908203e+00
2.198006629943847656e+00
6.499891757965087891e+00
6.213366985321044922e+00
2.520069599151611328e+00
2.324348449707031250e+00
4.434545516967773438e+00
2.816668510437011719e+00
4.159219264984130859e+00
6.202200889587402344e+00
3.326325416564941406e+00
2.718053340911865234e+00
3.630435466766357422e+00
4.883781909942626953e+00
3.304535627365112305e+00
2.801599025726318359e+00
4.101286411285400391e+00
5.091133594512939453e+00
2.540888071060180664e+00
2.864378452301025391e+00
3.418975114822387695e+00
5.277402877807617188e+00
3.012869596481323242e+00
2.462530851364135742e+00
5.821833610534667969e+00
3.222837924957275391e+00
3.667277097702026367e+00
2.611217975616455078e+00
2.443691253662109375e+00
2.800130844116210938e+00
2.732993602752685547e+00
4.614231109619140625e+00
3.074226617813110352e+00
2.739253520965576172e+00
2.854637861251831055e+00
4.463815212249755859e+00
3.258344888687133789e+00
2.920397996902465820e+00
3.634850740432739258e+00
5.937997341156005859e+00
3.112505197525024414e+00
7.112338542938232422e+00
4.599663734436035156e+00
4.142635822296142578e+00
3.340316772460937500e+00
2.014687299728393555e+00
3.839128255844116211e+00
2.197527408599853516e+00
2.388146877288818359e+00
3.625476837158203125e+00
4.068642616271972656e+00
2.719703435897827148e+00
3.681882858276367188e+00
2.584791660308837891e+00
2.805807113647460938e+00
3.762103080749511719e+00
3.123172998428344727e+00
2.645500421524047852e+00
1.910548806190490723e+00
4.031620025634765625e+00
2.667484283447265625e+00
3.698547124862670898e+00
3.148002624511718750e+00
3.151677131652832031e+00
3.068121194839477539e+00
2.956005573272705078e+00
2.953491449356079102e+00
3.232134342193603516e+00
3.310194015502929688e+00
2.767918825149536133e+00
2.879192352294921875e+00
2.756821393966674805e+00
2.754914045333862305e+00
3.906982898712158203e+00
5.057505607604980469e+00
4.034262657165527344e+00
3.382559299468994141e+00
3.026132822036743164e+00
3.824881076812744141e+00
4.202742576599121094e+00
3.587446689605712891e+00
3.158971309661865234e+00
3.254081249237060547e+00
3.066719770431518555e+00
3.508101463317871094e+00
2.880942106246948242e+00
2.859841585159301758e+00
3.987724542617797852e+00
3.207138061523437500e+00
2.375429391860961914e+00
3.676726341247558594e+00
3.338703870773315430e+00
3.428265094757080078e+00
4.037387847900390625e+00
2.987587690353393555e+00
3.167052507400512695e+00
1.231926202774047852e+00
2.432347297668457031e+00
2.574380159378051758e+00
4.159417152404785156e+00
5.313717842102050781e+00
2.563849210739135742e+00
2.906221628189086914e+00
3.794349431991577148e+00
2.565615415573120117e+00
2.067345142364501953e+00
1.644050598144531250e+00
2.625832796096801758e+00
3.403378725051879883e+00
3.393955469131469727e+00
3.649344205856323242e+00
2.642054319381713867e+00
3.078692436218261719e+00
2.529316186904907227e+00
3.455500364303588867e+00
2.951397418975830078e+00
9.863542318344116211e-01
2.495068311691284180e+00
3.273435592651367188e+00
4.149187564849853516e+00
3.833590745925903320e+00
3.425155401229858398e+00
3.198083877563476562e+00
3.407951116561889648e+00
4.179847240447998047e+00
2.328554868698120117e+00
2.783329725265502930e+00
2.861843824386596680e+00
3.244483709335327148e+00
4.203695774078369141e+00
4.261665344238281250e+00
4.096263885498046875e+00
3.495530605316162109e+00
2.673668861389160156e+00
2.905559062957763672e+00
2.910010337829589844e+00
2.739022254943847656e+00
3.608257770538330078e+00
2.562079668045043945e+00
2.001625776290893555e+00
5.366688251495361328e+00
5.677647113800048828e+00
1.498628973960876465e+00
7.441283702850341797e+00
5.764573574066162109e+00
4.394024372100830078e+00
5.399286270141601562e+00
5.390708446502685547e+00
6.930558204650878906e+00
7.238069534301757812e+00
4.611416816711425781e+00
5.258355617523193359e+00
3.436063289642333984e+00
3.954604625701904297e+00
2.496850013732910156e+00
4.732276916503906250e+00
2.844525098800659180e+00
7.057952404022216797e+00
7.120670795440673828e+00
2.909905195236206055e+00
4.467954635620117188e+00
5.927448272705078125e+00
8.528220176696777344e+00
4.012797355651855469e+00
3.398478984832763672e+00
3.311873435974121094e+00
3.783767700195312500e+00
2.518014430999755859e+00
2.465410709381103516e+00
3.551049709320068359e+00
2.326997995376586914e+00
6.858464717864990234e+00
6.488189220428466797e+00
2.619548797607421875e+00
2.407837390899658203e+00
4.722179412841796875e+00
3.047971963882446289e+00
4.245963573455810547e+00
6.319643497467041016e+00
3.415352582931518555e+00
2.652338266372680664e+00
3.690195322036743164e+00
5.182521820068359375e+00
3.241891145706176758e+00
3.078594684600830078e+00
4.357768058776855469e+00
5.404469490051269531e+00
2.620965719223022461e+00
2.899641752243041992e+00
3.610437393188476562e+00
5.168379306793212891e+00
2.713013648986816406e+00
2.592601060867309570e+00
5.995879650115966797e+00
3.341787099838256836e+00
3.809587717056274414e+00
2.701042890548706055e+00
2.576385021209716797e+00
2.943722248077392578e+00
2.894479513168334961e+00
4.845073223114013672e+00
3.138355731964111328e+00
2.614013910293579102e+00
3.112289190292358398e+00
4.643523693084716797e+00
3.445358753204345703e+00
3.018675088882446289e+00
3.865938186645507812e+00
6.122307300567626953e+00
3.311825990676879883e+00
7.487071037292480469e+00
4.865580081939697266e+00
4.297924995422363281e+00
3.544567346572875977e+00
2.077831745147705078e+00
3.737930536270141602e+00
2.344772100448608398e+00
2.423495292663574219e+00
3.710244894027709961e+00
4.117118835449218750e+00
2.716767311096191406e+00
3.643708467483520508e+00
2.620921611785888672e+00
2.715428113937377930e+00
3.840454101562500000e+00
3.269527673721313477e+00
2.850769758224487305e+00
2.146953582763671875e+00
4.115097999572753906e+00
2.668417215347290039e+00
3.825320243835449219e+00
3.075051307678222656e+00
3.103225708007812500e+00
2.987850427627563477e+00
2.989706039428710938e+00
2.881331920623779297e+00
3.270689725875854492e+00
3.294996023178100586e+00
2.813432931900024414e+00
3.019401550292968750e+00
2.705114364624023438e+00
2.803313016891479492e+00
3.894766569137573242e+00
5.281989097595214844e+00
4.034442424774169922e+00
3.468883514404296875e+00
3.056740760803222656e+00
3.817969322204589844e+00
4.250811576843261719e+00
3.660765647888183594e+00
3.197310447692871094e+00
3.321478843688964844e+00
3.102229833602905273e+00
3.748528242111206055e+00
2.938251495361328125e+00
2.904206275939941406e+00
4.191461563110351562e+00
3.113084077835083008e+00
2.411340713500976562e+00
3.741213798522949219e+00
3.313657283782958984e+00
3.501616716384887695e+00
4.055568218231201172e+00
2.962488889694213867e+00
3.368638753890991211e+00
1.001666784286499023e+00
2.330449581146240234e+00
2.841700792312622070e+00
4.377081871032714844e+00
5.489860057830810547e+00
2.463137388229370117e+00
2.840926647186279297e+00
3.767452716827392578e+00
2.532280206680297852e+00
1.879477024078369141e+00
1.451777577400207520e+00
2.443155050277709961e+00
3.284605741500854492e+00
3.258712053298950195e+00
3.385135173797607422e+00
2.580342054367065430e+00
3.433389663696289062e+00
2.863056182861328125e+00
3.570459127426147461e+00
2.929580688476562500e+00
9.393151402473449707e-01
2.504453182220458984e+00
3.231343507766723633e+00
4.203793525695800781e+00
3.933511018753051758e+00
3.531678915023803711e+00
3.122040987014770508e+00
3.403762817382812500e+00
4.154508590698242188e+00
2.416700124740600586e+00
2.920531272888183594e+00
2.961824178695678711e+00
3.080763578414916992e+00
4.229082107543945312e+00
4.454617023468017578e+00
4.086259841918945312e+00
3.560652494430541992e+00
2.535359859466552734e+00
2.976215839385986328e+00
2.994931936264038086e+00
2.777034282684326172e+00
3.657950401306152344e+00
2.556355476379394531e+00
2.139775276184082031e+00
5.535633087158203125e+00
6.141159057617187500e+00
1.777401447296142578e+00
7.825128078460693359e+00
6.065685749053955078e+00
4.653630733489990234e+00
5.587727069854736328e+00
5.542490959167480469e+00
7.272144317626953125e+00
7.472863674163818359e+00
4.794649600982666016e+00
5.258065223693847656e+00
3.459609746932983398e+00
3.945064306259155273e+00
2.521569490432739258e+00
4.750793933868408203e+00
2.799573898315429688e+00
7.104446411132812500e+00
7.176473140716552734e+00
3.042148113250732422e+00
4.450487136840820312e+00
5.937283515930175781e+00
8.569596290588378906e+00
3.985539913177490234e+00
3.382247447967529297e+00
3.417486190795898438e+00
3.805305957794189453e+00
2.530131578445434570e+00
2.494126558303833008e+00
3.530659914016723633e+00
2.332609653472900391e+00
6.861252784729003906e+00
6.612107753753662109e+00
2.643574714660644531e+00
2.373573303222656250e+00
4.700683593750000000e+00
3.052538871765136719e+00
4.337800979614257812e+00
6.410374164581298828e+00
3.473384618759155273e+00
2.650147199630737305e+00
3.626627683639526367e+00
5.129190444946289062e+00
3.339476823806762695e+00
3.131530523300170898e+00
4.351644515991210938e+00
5.483245849609375000e+00
2.568564653396606445e+00
2.844537258148193359e+00
3.683175563812255859e+00
5.086803913116455078e+00
2.741395235061645508e+00
2.512467384338378906e+00
6.052514076232910156e+00
3.343370676040649414e+00
3.799543857574462891e+00
2.684528112411499023e+00
2.629882335662841797e+00
3.051232337951660156e+00
2.895869731903076172e+00
4.829979896545410156e+00
3.147718906402587891e+00
2.562910556793212891e+00
3.083148717880249023e+00
4.672661304473876953e+00
3.422646760940551758e+00
3.013792753219604492e+00
3.885413885116577148e+00
6.202331542968750000e+00
3.400438308715820312e+00
7.450931549072265625e+00
4.883652687072753906e+00
4.282217025756835938e+00
3.567401409149169922e+00
2.040695428848266602e+00
3.803049325942993164e+00
2.314947605133056641e+00
2.468527793884277344e+00
3.636152505874633789e+00
4.154631137847900391e+00
2.720549106597900391e+00
3.602360963821411133e+00
2.694334745407104492e+00
2.708723783493041992e+00
3.701448202133178711e+00
3.244240045547485352e+00
2.715564966201782227e+00
2.006764411926269531e+00
4.108219146728515625e+00
2.642573356628417969e+00
3.860574722290039062e+00
3.084841966629028320e+00
3.158524274826049805e+00
3.056133747100830078e+00
2.988499641418457031e+00
2.907322645187377930e+00
3.242611646652221680e+00
3.296937942504882812e+00
2.869562625885009766e+00
2.974241971969604492e+00
2.742647886276245117e+00
2.774425268173217773e+00
3.874358415603637695e+00
5.316385269165039062e+00
4.107825756072998047e+00
3.455316305160522461e+00
3.006060838699340820e+00
3.922926664352416992e+00
4.234759330749511719e+00
3.681032896041870117e+00
3.167744398117065430e+00
3.282051801681518555e+00
3.136632442474365234e+00
3.731429576873779297e+00
2.917699575424194336e+00
2.907547712326049805e+00
4.084945201873779297e+00
3.144532203674316406e+00
2.468240499496459961e+00
3.758550405502319336e+00
3.302851438522338867e+00
3.466135740280151367e+00
4.232296466827392578e+00
3.010543346405029297e+00
3.461266279220581055e+00
1.166354775428771973e+00
2.330847024917602539e+00
2.210466861724853516e+00
4.388763904571533203e+00
5.466159343719482422e+00
2.514107465744018555e+00
2.892760992050170898e+00
3.781291246414184570e+00
2.393472671508789062e+00
1.960458874702453613e+00
1.573981881141662598e+00
2.448070287704467773e+00
3.211143732070922852e+00
3.217209577560424805e+00
3.361140251159667969e+00
2.749157667160034180e+00
3.443705081939697266e+00
2.911629438400268555e+00
3.545218467712402344e+00
2.809468507766723633e+00
9.929827451705932617e-01
2.471080064773559570e+00
3.142789602279663086e+00
4.156888961791992188e+00
3.805396080017089844e+00
3.464303255081176758e+00
3.125879526138305664e+00
3.406213045120239258e+00
4.217219352722167969e+00
2.411039113998413086e+00
2.856140375137329102e+00
2.963001489639282227e+00
3.041652202606201172e+00
4.184159755706787109e+00
4.429794788360595703e+00
4.028657436370849609e+00
3.517594099044799805e+00
2.542011976242065430e+00
2.998146533966064453e+00
2.939878225326538086e+00
2.797950506210327148e+00
3.682063341140747070e+00
2.569004058837890625e+00
2.107481479644775391e+00
5.640116691589355469e+00
6.078334331512451172e+00
1.789663195610046387e+00
7.812394618988037109e+00
6.095860004425048828e+00
4.630095005035400391e+00
5.652876377105712891e+00
5.530294895172119141e+00
7.248600006103515625e+00
7.450224876403808594e+00
4.812604904174804688e+00
5.248697757720947266e+00
3.388257980346679688e+00
3.961371660232543945e+00
2.531053304672241211e+00
4.753834247589111328e+00
2.791992425918579102e+00
7.071679115295410156e+00
7.150404453277587891e+00
2.966121435165405273e+00
4.445931434631347656e+00
5.932461261749267578e+00
8.593718528747558594e+00
4.041774272918701172e+00
3.381973505020141602e+00
3.454788923263549805e+00
3.694190025329589844e+00
2.558269023895263672e+00
2.554684877395629883e+00
3.427987337112426758e+00
2.342868328094482422e+00
6.833103656768798828e+00
6.592439174652099609e+00
2.684309005737304688e+00
2.372561693191528320e+00
4.660733699798583984e+00
3.072637081146240234e+00
4.381562232971191406e+00
6.516375064849853516e+00
3.475761175155639648e+00
2.625275135040283203e+00
3.705244541168212891e+00
5.088601112365722656e+00
3.295228004455566406e+00
2.974929571151733398e+00
4.429459571838378906e+00
5.368621349334716797e+00
2.568062782287597656e+00
2.825680017471313477e+00
3.622348785400390625e+00
5.128631114959716797e+00
2.936535358428955078e+00
2.456450939178466797e+00
6.092560291290283203e+00
3.376847505569458008e+00
3.727531433105468750e+00
2.641622304916381836e+00
2.720241546630859375e+00
2.970907449722290039e+00
2.873156070709228516e+00
4.881719112396240234e+00
3.127990007400512695e+00
2.675146818161010742e+00
3.037066698074340820e+00
4.628026008605957031e+00
3.400436401367187500e+00
3.008066892623901367e+00
3.750366926193237305e+00
6.226686954498291016e+00
3.307271718978881836e+00
7.488401889801025391e+00
4.839217662811279297e+00
4.333842754364013672e+00
3.556867599487304688e+00
1.934576153755187988e+00
3.915205240249633789e+00
2.307821512222290039e+00
2.569383144378662109e+00
3.603974342346191406e+00
4.122570991516113281e+00
2.666445255279541016e+00
3.624510526657104492e+00
2.664676189422607422e+00
2.841114282608032227e+00
3.804970741271972656e+00
3.195805788040161133e+00
2.639354944229125977e+00
2.035664796829223633e+00
4.131165504455566406e+00
2.608929395675659180e+00
3.791034460067749023e+00
3.093596220016479492e+00
3.150907039642333984e+00
2.970414400100708008e+00
3.009984016418457031e+00
2.944665431976318359e+00
3.287710189819335938e+00
3.394632101058959961e+00
2.836883068084716797e+00
3.055105686187744141e+00
2.728517770767211914e+00
2.749572277069091797e+00
3.859403371810913086e+00
5.295452117919921875e+00
3.995444536209106445e+00
3.431541681289672852e+00
3.006360292434692383e+00
3.893180847167968750e+00
4.210716724395751953e+00
3.613811254501342773e+00
3.192958116531372070e+00
3.269987106323242188e+00
3.126644134521484375e+00
3.703809976577758789e+00
2.964868783950805664e+00
2.864923477172851562e+00
4.089251995086669922e+00
3.167030334472656250e+00
2.419036149978637695e+00
3.720280885696411133e+00
3.283728122711181641e+00
3.498587846755981445e+00
4.130117893218994141e+00
3.064297199249267578e+00
3.357062816619873047e+00
1.177378416061401367e+00
2.401541233062744141e+00
2.182915687561035156e+00
4.363538742065429688e+00
5.462304592132568359e+00
2.449170351028442383e+00
2.891492128372192383e+00
3.814796686172485352e+00
2.505151748657226562e+00
2.006184577941894531e+00
1.555957317352294922e+00
2.502881526947021484e+00
3.223630666732788086e+00
3.241981267929077148e+00
3.478537797927856445e+00
2.605460166931152344e+00
3.425894498825073242e+00
2.830886602401733398e+00
3.526004552841186523e+00
2.880570173263549805e+00
9.970797300338745117e-01
2.467762947082519531e+00
3.173827409744262695e+00
4.240543365478515625e+00
3.800773859024047852e+00
3.451714515686035156e+00
3.112463951110839844e+00
3.436069250106811523e+00
4.124708175659179688e+00
2.412931442260742188e+00
2.895205974578857422e+00
2.927458286285400391e+00
3.072949886322021484e+00
4.179475784301757812e+00
4.318719387054443359e+00
4.149436473846435547e+00
3.493971347808837891e+00
2.482891798019409180e+00
2.989937543869018555e+00
2.984180212020874023e+00
2.776028156280517578e+00
3.959934473037719727e+00
2.566740274429321289e+00
2.092648267745971680e+00
5.559535026550292969e+00
6.085787296295166016e+00
1.804224133491516113e+00
7.813546657562255859e+00
6.025381565093994141e+00
4.619069576263427734e+00
5.702445030212402344e+00
5.523124217987060547e+00
7.223975181579589844e+00
7.452407360076904297e+00
4.589322566986083984e+00
5.180595874786376953e+00
3.401945352554321289e+00
3.982435464859008789e+00
2.506542205810546875e+00
4.748775959014892578e+00
2.864416360855102539e+00
7.097448825836181641e+00
7.244809150695800781e+00
2.962021827697753906e+00
4.492403030395507812e+00
5.982155799865722656e+00
8.585583686828613281e+00
4.015516757965087891e+00
3.363156557083129883e+00
3.294922113418579102e+00
3.787652969360351562e+00
2.551892757415771484e+00
2.578181743621826172e+00
3.504236936569213867e+00
2.362293481826782227e+00
6.620079994201660156e+00
6.507441997528076172e+00
2.687405109405517578e+00
2.389073133468627930e+00
4.723592281341552734e+00
3.143168687820434570e+00
4.358590126037597656e+00
6.399549007415771484e+00
3.440450429916381836e+00
2.551019906997680664e+00
3.716650247573852539e+00
5.112852573394775391e+00
3.358206748962402344e+00
3.100588321685791016e+00
4.366007328033447266e+00
5.402415275573730469e+00
2.486637353897094727e+00
2.870868206024169922e+00
3.539519786834716797e+00
5.114728450775146484e+00
2.892486095428466797e+00
2.537613391876220703e+00
5.971857070922851562e+00
3.297391891479492188e+00
3.751888751983642578e+00
2.659207820892333984e+00
2.692842721939086914e+00
2.962765932083129883e+00
2.881384611129760742e+00
4.800895214080810547e+00
3.114963769912719727e+00
2.614041090011596680e+00
3.114317893981933594e+00
4.676718235015869141e+00
3.392095088958740234e+00
2.990063667297363281e+00
3.872765302658081055e+00
6.427193641662597656e+00
3.398856639862060547e+00
7.484359741210937500e+00
4.808619499206542969e+00
4.324621677398681641e+00
3.488191366195678711e+00
1.957054138183593750e+00
3.739343881607055664e+00
2.308847427368164062e+00
2.420450925827026367e+00
3.617844581604003906e+00
4.080141544342041016e+00
2.737318277359008789e+00
3.713888406753540039e+00
2.655980110168457031e+00
2.691700458526611328e+00
3.734022855758666992e+00
3.311039209365844727e+00
2.729727029800415039e+00
2.258273363113403320e+00
4.165191173553466797e+00
2.692646026611328125e+00
3.815229654312133789e+00
3.038123130798339844e+00
3.088383436203002930e+00
2.940201997756958008e+00
3.044990777969360352e+00
2.967838764190673828e+00
3.284920454025268555e+00
3.391495704650878906e+00
2.815069913864135742e+00
3.043607950210571289e+00
2.812536478042602539e+00
2.858643054962158203e+00
3.886391162872314453e+00
5.238119602203369141e+00
4.033411026000976562e+00
3.431687593460083008e+00
3.025436639785766602e+00
3.756683349609375000e+00
4.240805625915527344e+00
3.697911977767944336e+00
3.198371887207031250e+00
3.392929315567016602e+00
3.157039165496826172e+00
3.673775672912597656e+00
3.005463361740112305e+00
2.931855678558349609e+00
3.988591909408569336e+00
3.123067378997802734e+00
2.482244968414306641e+00
3.755527019500732422e+00
3.385802745819091797e+00
3.412020683288574219e+00
4.188114166259765625e+00
3.015198945999145508e+00
3.331665039062500000e+00
9.893072843551635742e-01
2.325267314910888672e+00
2.198654174804687500e+00
4.395362854003906250e+00
5.544219970703125000e+00
2.459976911544799805e+00
2.830996990203857422e+00
3.813777923583984375e+00
2.521391868591308594e+00
1.916426062583923340e+00
1.519953608512878418e+00
2.442827701568603516e+00
3.291952610015869141e+00
3.335771083831787109e+00
3.447584152221679688e+00
2.644154071807861328e+00
3.424091815948486328e+00
2.809451818466186523e+00
3.435054540634155273e+00
2.877856731414794922e+00
9.932034611701965332e-01
2.509459018707275391e+00
3.249592781066894531e+00
4.196134090423583984e+00
3.762891769409179688e+00
3.462536811828613281e+00
3.069278478622436523e+00
3.249261617660522461e+00
4.161984443664550781e+00
2.450411796569824219e+00
2.840156793594360352e+00
2.993050336837768555e+00
3.126536369323730469e+00
4.214075088500976562e+00
4.417908668518066406e+00
4.027771949768066406e+00
3.541986227035522461e+00
2.564423084259033203e+00
2.977315902709960938e+00
3.011390686035156250e+00
2.761415481567382812e+00
3.884538173675537109e+00
2.566642999649047852e+00
2.044654607772827148e+00
5.594595909118652344e+00
6.055901527404785156e+00
1.745529174804687500e+00
7.776324272155761719e+00
6.016106128692626953e+00
4.591892242431640625e+00
5.639702320098876953e+00
5.422378540039062500e+00
7.297808170318603516e+00
7.416158199310302734e+00
5.735305786132812500e+00
5.245863437652587891e+00
3.449086189270019531e+00
4.049287319183349609e+00
2.502180099487304688e+00
4.719755649566650391e+00
2.762584686279296875e+00
7.070722579956054688e+00
7.227460384368896484e+00
3.013309955596923828e+00
4.448309898376464844e+00
5.976786613464355469e+00
8.565755844116210938e+00
3.963923454284667969e+00
3.304407835006713867e+00
3.359321594238281250e+00
3.751825571060180664e+00
2.544380903244018555e+00
2.523540735244750977e+00
3.522191047668457031e+00
2.353461027145385742e+00
6.579530239105224609e+00
6.537175655364990234e+00
2.628915071487426758e+00
2.350974798202514648e+00
4.733252525329589844e+00
3.127031803131103516e+00
4.316481113433837891e+00
6.468959808349609375e+00
3.444849729537963867e+00
2.662070035934448242e+00
3.632352113723754883e+00
5.134003162384033203e+00
3.374562740325927734e+00
3.107559204101562500e+00
4.361236572265625000e+00
5.424271583557128906e+00
2.505635261535644531e+00
2.841108560562133789e+00
3.547770977020263672e+00
5.177286624908447266e+00
2.905231952667236328e+00
2.517181396484375000e+00
5.987017154693603516e+00
3.374013662338256836e+00
3.868286609649658203e+00
2.627412796020507812e+00
2.659360647201538086e+00
3.208637237548828125e+00
2.839847087860107422e+00
4.820342540740966797e+00
3.155830383300781250e+00
2.639086723327636719e+00
3.143027782440185547e+00
4.642628192901611328e+00
3.437485218048095703e+00
2.954087972640991211e+00
3.807617664337158203e+00
6.263103008270263672e+00
3.337349891662597656e+00
7.656496047973632812e+00
4.638799190521240234e+00
4.270676136016845703e+00
3.438875198364257812e+00
1.967668533325195312e+00
3.858176469802856445e+00
2.243730783462524414e+00
2.491065502166748047e+00
3.717557907104492188e+00
4.079245567321777344e+00
2.665062904357910156e+00
3.629533529281616211e+00
2.577938556671142578e+00
2.697115898132324219e+00
3.774037361145019531e+00
3.366235256195068359e+00
2.780403614044189453e+00
2.537181854248046875e+00
4.117157459259033203e+00
2.637407064437866211e+00
3.822596788406372070e+00
2.990885019302368164e+00
3.154561042785644531e+00
2.980598449707031250e+00
3.021839857101440430e+00
2.921505689620971680e+00
3.251929044723510742e+00
3.376506567001342773e+00
2.858974218368530273e+00
3.038367748260498047e+00
2.758241653442382812e+00
2.859274387359619141e+00
3.935888290405273438e+00
5.316721439361572266e+00
4.096242904663085938e+00
3.408352613449096680e+00
2.880904197692871094e+00
3.754244804382324219e+00
4.235198497772216797e+00
3.668560266494750977e+00
3.209201335906982422e+00
3.438292264938354492e+00
3.174386501312255859e+00
3.623092651367187500e+00
3.002273082733154297e+00
2.882728099822998047e+00
4.066513538360595703e+00
3.114213228225708008e+00
2.501046657562255859e+00
3.739505290985107422e+00
3.380942821502685547e+00
3.500638961791992188e+00
4.114891529083251953e+00
2.932482481002807617e+00
3.361006498336791992e+00
1.085564732551574707e+00
2.281429290771484375e+00
2.186778783798217773e+00
4.379446983337402344e+00
5.524600505828857422e+00
2.479332685470581055e+00
2.813298940658569336e+00
3.734174728393554688e+00
2.500475645065307617e+00
2.094796895980834961e+00
1.666884899139404297e+00
2.344982147216796875e+00
3.233599185943603516e+00
3.187469244003295898e+00
3.555316925048828125e+00
2.616156578063964844e+00
3.402268171310424805e+00
2.863292455673217773e+00
3.510565757751464844e+00
2.822601556777954102e+00
8.768215179443359375e-01
2.444859027862548828e+00
3.227475881576538086e+00
4.174307823181152344e+00
3.819894790649414062e+00
3.462106704711914062e+00
3.079044580459594727e+00
3.332843065261840820e+00
4.157557487487792969e+00
2.425493478775024414e+00
2.917592525482177734e+00
2.959443807601928711e+00
3.135633468627929688e+00
4.216320514678955078e+00
4.454909801483154297e+00
4.116196155548095703e+00
3.590263605117797852e+00
2.515527486801147461e+00
2.922387123107910156e+00
2.966581821441650391e+00
2.780517101287841797e+00
3.754063129425048828e+00
2.571848392486572266e+00
2.088768005371093750e+00
5.563853740692138672e+00
6.119205951690673828e+00
1.778887867927551270e+00
7.732156276702880859e+00
6.021811008453369141e+00
4.564341545104980469e+00
5.668797492980957031e+00
5.442455768585205078e+00
7.273811817169189453e+00
6.293277263641357422e+00
4.533579826354980469e+00
5.169560909271240234e+00
3.439911127090454102e+00
3.988672733306884766e+00
2.134733200073242188e+00
4.680023670196533203e+00
2.874533653259277344e+00
7.012287139892578125e+00
7.166384220123291016e+00
2.868059873580932617e+00
4.461305618286132812e+00
5.879545688629150391e+00
8.479833602905273438e+00
3.997350454330444336e+00
3.351965665817260742e+00
3.352797746658325195e+00
3.738937616348266602e+00
2.614301681518554688e+00
2.505635976791381836e+00
3.467975378036499023e+00
2.330175399780273438e+00
6.447582244873046875e+00
6.491659164428710938e+00
2.662870168685913086e+00
2.390228033065795898e+00
4.655797481536865234e+00
3.089163541793823242e+00
4.320490360260009766e+00
6.318901062011718750e+00
3.454414606094360352e+00
2.572064638137817383e+00
3.630546092987060547e+00
5.050218105316162109e+00
3.410270690917968750e+00
3.000051736831665039e+00
4.311884403228759766e+00
5.470657825469970703e+00
2.506666183471679688e+00
2.769794702529907227e+00
3.573526859283447266e+00
5.145273208618164062e+00
2.902497529983520508e+00
2.507785081863403320e+00
5.896688938140869141e+00
3.352461338043212891e+00
3.678147077560424805e+00
2.619710445404052734e+00
2.702371597290039062e+00
2.872914791107177734e+00
2.818188667297363281e+00
4.747676849365234375e+00
3.076449155807495117e+00
2.558405399322509766e+00
3.106079101562500000e+00
4.600576877593994141e+00
3.344794511795043945e+00
2.934353828430175781e+00
3.773923158645629883e+00
6.264942646026611328e+00
3.271514892578125000e+00
7.637430191040039062e+00
4.734911441802978516e+00
4.294823169708251953e+00
3.454655408859252930e+00
1.995745062828063965e+00
3.757355451583862305e+00
2.259302377700805664e+00
2.474772453308105469e+00
3.638073921203613281e+00
4.092499256134033203e+00
2.671740531921386719e+00
3.707939147949218750e+00
2.546949386596679688e+00
2.578670501708984375e+00
3.713663816452026367e+00
3.379003524780273438e+00
2.807820796966552734e+00
2.559562683105468750e+00
4.098391056060791016e+00
2.641192197799682617e+00
3.735870599746704102e+00
3.019288778305053711e+00
3.121667623519897461e+00
2.936131477355957031e+00
3.020489692687988281e+00
2.853422164916992188e+00
3.191464185714721680e+00
3.276061296463012695e+00
2.834183454513549805e+00
2.997386932373046875e+00
2.748126983642578125e+00
2.905597925186157227e+00
3.918005704879760742e+00
5.227241992950439453e+00
4.043184280395507812e+00
3.392751932144165039e+00
3.002833604812622070e+00
3.731187343597412109e+00
4.257683277130126953e+00
3.674773454666137695e+00
3.203581571578979492e+00
3.514341831207275391e+00
3.119684457778930664e+00
3.690948963165283203e+00
3.076772212982177734e+00
2.887529134750366211e+00
3.954712867736816406e+00
3.065361261367797852e+00
2.590960741043090820e+00
3.697479963302612305e+00
3.335806369781494141e+00
3.431034088134765625e+00
3.981099605560302734e+00
2.882283449172973633e+00
3.185645103454589844e+00
1.133383274078369141e+00
2.283564090728759766e+00
2.170238494873046875e+00
4.317401409149169922e+00
5.360458850860595703e+00
2.500242233276367188e+00
2.816322565078735352e+00
3.763581275939941406e+00
2.578831195831298828e+00
2.028902292251586914e+00
1.750243782997131348e+00
2.452682971954345703e+00
3.195915222167968750e+00
3.295059919357299805e+00
3.449425697326660156e+00
2.614971637725830078e+00
3.352244377136230469e+00
2.783177375793457031e+00
3.435823917388916016e+00
2.857570648193359375e+00
1.077804803848266602e+00
2.483001947402954102e+00
3.286979913711547852e+00
4.130858898162841797e+00
3.801676511764526367e+00
3.462522268295288086e+00
3.175257205963134766e+00
3.268007040023803711e+00
4.183996677398681641e+00
2.412061214447021484e+00
2.836460828781127930e+00
2.961039304733276367e+00
3.008570909500122070e+00
4.165123939514160156e+00
4.379255294799804688e+00
4.016853809356689453e+00
3.473014831542968750e+00
2.495962381362915039e+00
2.957131862640380859e+00
3.000880956649780273e+00
2.793466806411743164e+00
3.672940015792846680e+00
2.597049236297607422e+00
2.087295532226562500e+00
5.540280818939208984e+00
6.041777610778808594e+00
1.855354309082031250e+00
7.694771766662597656e+00
5.957862854003906250e+00
4.527066230773925781e+00
5.576908111572265625e+00
5.421899795532226562e+00
7.115501403808593750e+00
7.028555870056152344e+00
4.351918220520019531e+00
2.483864307403564453e+00
3.200422048568725586e+00
2.514441728591918945e+00
4.368435382843017578e+00
2.224913120269775391e+00
3.587471723556518555e+00
1.857272744178771973e+00
2.671556234359741211e+00
2.673521280288696289e+00
2.035769224166870117e+00
3.619874238967895508e+00
3.826619386672973633e+00
2.541160583496093750e+00
4.525798320770263672e+00
3.093938350677490234e+00
2.554680347442626953e+00
2.583775043487548828e+00
3.108933925628662109e+00
2.738436222076416016e+00
5.298139095306396484e+00
2.751282930374145508e+00
1.490997433662414551e+00
3.486979246139526367e+00
4.306978702545166016e+00
2.098320007324218750e+00
3.200829744338989258e+00
2.727228164672851562e+00
3.607315063476562500e+00
2.424542427062988281e+00
2.770339250564575195e+00
2.522917747497558594e+00
2.822019815444946289e+00
5.783794403076171875e+00
3.124316692352294922e+00
3.342643499374389648e+00
4.201181411743164062e+00
5.516721725463867188e+00
6.727437019348144531e+00
4.225918769836425781e+00
2.411319971084594727e+00
3.598230123519897461e+00
4.212561607360839844e+00
3.410736799240112305e+00
3.060180664062500000e+00
3.331310272216796875e+00
3.943303585052490234e+00
3.650367736816406250e+00
4.596422672271728516e+00
3.030621290206909180e+00
3.274124622344970703e+00
2.694286346435546875e+00
2.955106496810913086e+00
3.282793045043945312e+00
1.763114333152770996e+00
3.109985828399658203e+00
4.470632553100585938e+00
3.297000885009765625e+00
2.527243852615356445e+00
2.982665777206420898e+00
5.096486568450927734e+00
6.406524658203125000e+00
2.054687738418579102e+00
2.853324651718139648e+00
5.157713413238525391e+00
2.627387046813964844e+00
4.192907810211181641e+00
4.214714527130126953e+00
2.567291736602783203e+00
2.432721376419067383e+00
3.088336706161499023e+00
6.220526695251464844e+00
3.317662239074707031e+00
2.928133249282836914e+00
2.875255584716796875e+00
4.456345558166503906e+00
3.285078048706054688e+00
4.939203262329101562e+00
2.123118162155151367e+00
3.018914699554443359e+00
4.883842945098876953e+00
2.769047975540161133e+00
3.122137308120727539e+00
2.499832153320312500e+00
2.732590913772583008e+00
2.652214765548706055e+00
2.496348619461059570e+00
2.441190719604492188e+00
2.764235734939575195e+00
2.911963939666748047e+00
3.146529197692871094e+00
2.965974092483520508e+00
2.696639299392700195e+00
3.264935493469238281e+00
2.859707117080688477e+00
3.668950080871582031e+00
2.935784101486206055e+00
3.589846372604370117e+00
2.099967718124389648e+00
2.308663368225097656e+00
2.362102270126342773e+00
2.623733997344970703e+00
2.426415205001831055e+00
2.488546133041381836e+00
2.823538064956665039e+00
2.539606571197509766e+00
3.430941343307495117e+00
2.689508199691772461e+00
4.554196834564208984e+00
2.313738822937011719e+00
2.526744365692138672e+00
2.633242607116699219e+00
2.562234878540039062e+00
3.338168621063232422e+00
3.284208774566650391e+00
5.102466583251953125e+00
3.764081478118896484e+00
3.699796915054321289e+00
2.257883548736572266e+00
3.354398965835571289e+00
3.227294445037841797e+00
2.935353755950927734e+00
3.271331548690795898e+00
3.976235628128051758e+00
4.328349113464355469e+00
5.479369640350341797e+00
3.475635051727294922e+00
2.406663417816162109e+00
2.363317251205444336e+00
2.762992620468139648e+00
3.864476680755615234e+00
3.089039087295532227e+00
4.004724025726318359e+00
3.014422655105590820e+00
2.864608764648437500e+00
5.742597103118896484e+00
7.455894947052001953e+00
3.451289653778076172e+00
1.920749545097351074e+00
2.516306638717651367e+00
3.153280019760131836e+00
2.702316284179687500e+00
2.891148328781127930e+00
1.699380159378051758e+00
4.421382904052734375e+00
2.974811553955078125e+00
2.584874153137207031e+00
2.491239786148071289e+00
2.606871366500854492e+00
2.501255035400390625e+00
2.662226200103759766e+00
2.406639575958251953e+00
2.960625410079956055e+00
3.872799158096313477e+00
3.380202054977416992e+00
3.401238918304443359e+00
3.086263418197631836e+00
2.871941328048706055e+00
5.071155548095703125e+00
2.109462499618530273e+00
4.218839645385742188e+00
4.885036945343017578e+00
1.672417402267456055e+00
2.851974010467529297e+00
3.259736776351928711e+00
2.810513496398925781e+00
2.104953765869140625e+00
2.960591614246368408e-01
1.655058741569519043e+00
3.172920703887939453e+00
2.616862773895263672e+00
3.502745628356933594e+00
2.680230140686035156e+00
4.335956096649169922e+00
2.525712728500366211e+00
3.738378524780273438e+00
2.460491895675659180e+00
2.884076833724975586e+00
2.747653007507324219e+00
2.093517303466796875e+00
4.155766010284423828e+00
4.829848766326904297e+00
2.640826702117919922e+00
4.672106742858886719e+00
3.164434432983398438e+00
2.458673715591430664e+00
2.601350307464599609e+00
3.130390405654907227e+00
3.143391609191894531e+00
5.464998245239257812e+00
2.939711332321166992e+00
1.639599084854125977e+00
3.520676374435424805e+00
4.434238433837890625e+00
2.210619211196899414e+00
3.401068925857543945e+00
2.840061187744140625e+00
3.533595323562622070e+00
2.311596870422363281e+00
2.661637544631958008e+00
2.559755802154541016e+00
2.885648727416992188e+00
5.671650886535644531e+00
3.177739143371582031e+00
3.346652507781982422e+00
4.409604072570800781e+00
5.716177940368652344e+00
6.937000751495361328e+00
4.363406181335449219e+00
2.333143711090087891e+00
3.393469810485839844e+00
4.544656753540039062e+00
3.737586498260498047e+00
3.161684513092041016e+00
3.318758726119995117e+00
3.988232135772705078e+00
3.832150697708129883e+00
4.549905300140380859e+00
3.155525922775268555e+00
3.421677589416503906e+00
2.858314037322998047e+00
2.915719032287597656e+00
3.353274106979370117e+00
1.853225231170654297e+00
3.231823921203613281e+00
4.614847660064697266e+00
3.256808042526245117e+00
2.405716896057128906e+00
3.091907739639282227e+00
5.147396564483642578e+00
6.563198089599609375e+00
2.054190158843994141e+00
2.858430862426757812e+00
5.230803012847900391e+00
2.652666807174682617e+00
4.185263633728027344e+00
4.188404083251953125e+00
2.662728309631347656e+00
2.425225257873535156e+00
3.418953657150268555e+00
6.313316345214843750e+00
3.130367755889892578e+00
3.004803180694580078e+00
2.877651453018188477e+00
4.546457767486572266e+00
3.181353807449340820e+00
4.997865200042724609e+00
2.141891241073608398e+00
3.034547328948974609e+00
5.213666915893554688e+00
3.007732629776000977e+00
3.202426433563232422e+00
2.511889934539794922e+00
2.778163433074951172e+00
2.621845722198486328e+00
2.364019393920898438e+00
2.448118925094604492e+00
2.758631944656372070e+00
3.003087282180786133e+00
3.243046998977661133e+00
3.005528926849365234e+00
2.775315761566162109e+00
3.235208511352539062e+00
2.674874782562255859e+00
3.646805524826049805e+00
3.012839317321777344e+00
3.496290683746337891e+00
2.104232072830200195e+00
2.332374572753906250e+00
2.237532615661621094e+00
2.617414712905883789e+00
2.390064001083374023e+00
2.495485067367553711e+00
3.167223215103149414e+00
2.590219736099243164e+00
3.443189859390258789e+00
2.597330570220947266e+00
4.698464870452880859e+00
2.292972326278686523e+00
2.506921768188476562e+00
2.660434484481811523e+00
2.655692338943481445e+00
3.410567998886108398e+00
3.319988727569580078e+00
5.142199039459228516e+00
3.765412569046020508e+00
4.259310245513916016e+00
2.222019672393798828e+00
3.411456108093261719e+00
3.203876256942749023e+00
2.958532810211181641e+00
3.193045139312744141e+00
4.066918849945068359e+00
4.300853729248046875e+00
5.478299617767333984e+00
3.462466239929199219e+00
2.303020715713500977e+00
2.316546440124511719e+00
2.784673690795898438e+00
3.045684576034545898e+00
3.188263177871704102e+00
4.032827854156494141e+00
3.036921501159667969e+00
3.110903739929199219e+00
5.845265388488769531e+00
7.643832683563232422e+00
3.549206972122192383e+00
1.893267035484313965e+00
2.412584543228149414e+00
3.175657987594604492e+00
2.701372146606445312e+00
2.903877258300781250e+00
1.671281814575195312e+00
4.629610061645507812e+00
2.924975395202636719e+00
2.625298500061035156e+00
2.501496791839599609e+00
2.538739681243896484e+00
2.616363286972045898e+00
2.651859283447265625e+00
2.348867177963256836e+00
2.958230733871459961e+00
3.958290338516235352e+00
3.486178636550903320e+00
3.633526563644409180e+00
3.109015464782714844e+00
3.014189243316650391e+00
5.126113891601562500e+00
2.086815118789672852e+00
4.300421237945556641e+00
4.927272319793701172e+00
1.694255352020263672e+00
2.922097682952880859e+00
3.355095863342285156e+00
2.909353256225585938e+00
2.061983346939086914e+00
4.597571492195129395e-01
1.763539195060729980e+00
3.125410318374633789e+00
2.613534927368164062e+00
3.480933189392089844e+00
2.671090126037597656e+00
4.321930885314941406e+00
2.475883245468139648e+00
3.720567464828491211e+00
2.481567621231079102e+00
2.870206356048583984e+00
2.712155103683471680e+00
2.038194179534912109e+00
4.204181671142578125e+00
4.874935150146484375e+00
2.496807575225830078e+00
4.683462142944335938e+00
3.219022512435913086e+00
2.475485324859619141e+00
2.504702329635620117e+00
3.158675909042358398e+00
3.072846412658691406e+00
5.442474842071533203e+00
2.928030490875244141e+00
1.537007570266723633e+00
3.474671840667724609e+00
4.349672317504882812e+00
2.166781425476074219e+00
3.251715660095214844e+00
2.853374004364013672e+00
3.614518165588378906e+00
2.440054655075073242e+00
2.680758714675903320e+00
2.589070320129394531e+00
2.937203645706176758e+00
5.753281116485595703e+00
3.271190643310546875e+00
3.216427803039550781e+00
4.471262454986572266e+00
5.769379138946533203e+00
6.953462123870849609e+00
4.416109085083007812e+00
2.378860235214233398e+00
3.397534132003784180e+00
4.498201370239257812e+00
3.665403366088867188e+00
3.179456710815429688e+00
3.272885322570800781e+00
3.975961685180664062e+00
3.740061759948730469e+00
4.658586025238037109e+00
3.212167978286743164e+00
3.431985855102539062e+00
2.775119543075561523e+00
2.931910753250122070e+00
3.404535293579101562e+00
1.979134798049926758e+00
3.269361734390258789e+00
4.554124355316162109e+00
3.289560556411743164e+00
2.413655996322631836e+00
2.960551261901855469e+00
5.138294219970703125e+00
6.621918678283691406e+00
2.134189605712890625e+00
2.881737470626831055e+00
5.227454185485839844e+00
2.659986972808837891e+00
4.149178504943847656e+00
4.176422119140625000e+00
2.533582925796508789e+00
2.452977657318115234e+00
3.322582960128784180e+00
6.410370349884033203e+00
3.079572916030883789e+00
2.885045766830444336e+00
2.699067354202270508e+00
4.549598693847656250e+00
3.241954088211059570e+00
5.085676193237304688e+00
2.077162742614746094e+00
2.963453531265258789e+00
5.252745628356933594e+00
2.850870370864868164e+00
3.175159931182861328e+00
2.515099525451660156e+00
2.765719890594482422e+00
2.621202945709228516e+00
2.412600994110107422e+00
2.426404714584350586e+00
2.746056795120239258e+00
3.068910598754882812e+00
3.202162027359008789e+00
3.018894910812377930e+00
2.735495090484619141e+00
3.240508794784545898e+00
2.740842819213867188e+00
3.694545745849609375e+00
2.936710834503173828e+00
3.570896625518798828e+00
1.994969367980957031e+00
2.327487945556640625e+00
2.254041194915771484e+00
2.583481073379516602e+00
2.462280988693237305e+00
2.447990655899047852e+00
2.941121578216552734e+00
2.569023132324218750e+00
3.479568004608154297e+00
2.576024532318115234e+00
4.751058101654052734e+00
2.291177034378051758e+00
2.428343057632446289e+00
2.613023281097412109e+00
2.584384441375732422e+00
3.440546274185180664e+00
3.363749504089355469e+00
5.087683677673339844e+00
3.691003084182739258e+00
4.500025749206542969e+00
2.251429080963134766e+00
3.338229894638061523e+00
3.145101547241210938e+00
3.017678499221801758e+00
3.197223424911499023e+00
4.038698673248291016e+00
4.258067131042480469e+00
5.504433631896972656e+00
3.468688011169433594e+00
2.326614618301391602e+00
2.383910655975341797e+00
2.784345149993896484e+00
2.875737905502319336e+00
3.199703931808471680e+00
4.111250877380371094e+00
3.057127475738525391e+00
2.935762882232666016e+00
5.749020576477050781e+00
7.582669734954833984e+00
3.412216186523437500e+00
1.932931423187255859e+00
2.490251064300537109e+00
3.135849714279174805e+00
2.692782163619995117e+00
2.965527057647705078e+00
1.617647528648376465e+00
4.522419929504394531e+00
2.943663358688354492e+00
2.593883037567138672e+00
2.516311883926391602e+00
2.628178834915161133e+00
2.614861488342285156e+00
2.713629484176635742e+00
2.385629653930664062e+00
2.943456649780273438e+00
3.978052616119384766e+00
3.386582612991333008e+00
3.543808698654174805e+00
3.004448175430297852e+00
2.931670427322387695e+00
5.139442443847656250e+00
2.077872753143310547e+00
4.290582656860351562e+00
5.054954528808593750e+00
1.674492835998535156e+00
2.946312904357910156e+00
3.382418155670166016e+00
2.978572130203247070e+00
1.995166778564453125e+00
4.321411252021789551e-01
1.789349555969238281e+00
2.890488862991333008e+00
2.645865201950073242e+00
3.472757101058959961e+00
2.772083997726440430e+00
4.315599441528320312e+00
2.520435571670532227e+00
3.827783584594726562e+00
2.429718255996704102e+00
2.930534839630126953e+00
2.718895435333251953e+00
2.083179712295532227e+00
4.176595211029052734e+00
4.879904270172119141e+00
2.486319303512573242e+00
4.728752136230468750e+00
3.108955860137939453e+00
2.478586673736572266e+00
2.506131887435913086e+00
3.178292274475097656e+00
2.993012666702270508e+00
5.455569744110107422e+00
2.961441278457641602e+00
1.624430418014526367e+00
3.379657745361328125e+00
4.429703235626220703e+00
2.224672794342041016e+00
3.281905412673950195e+00
2.976235628128051758e+00
3.657519578933715820e+00
2.298083782196044922e+00
2.712573766708374023e+00
2.556236267089843750e+00
2.938029050827026367e+00
5.794530391693115234e+00
3.272807359695434570e+00
3.189217805862426758e+00
4.429011344909667969e+00
5.733186244964599609e+00
6.986848354339599609e+00
4.368600845336914062e+00
2.351128101348876953e+00
3.505051374435424805e+00
4.590476512908935547e+00
3.712125301361083984e+00
3.129157781600952148e+00
3.336301803588867188e+00
4.053950309753417969e+00
3.837458610534667969e+00
4.582023143768310547e+00
3.096704244613647461e+00
3.477624893188476562e+00
2.761356115341186523e+00
2.757606029510498047e+00
3.444010257720947266e+00
1.872163295745849609e+00
3.322487354278564453e+00
4.638561248779296875e+00
3.319903135299682617e+00
2.357736825942993164e+00
3.069188594818115234e+00
5.182179450988769531e+00
6.595523834228515625e+00
2.084553241729736328e+00
2.935739517211914062e+00
5.316123485565185547e+00
2.623980760574340820e+00
4.341963291168212891e+00
4.170440673828125000e+00
2.494353771209716797e+00
2.426538944244384766e+00
3.297300577163696289e+00
6.306137561798095703e+00
3.145868778228759766e+00
2.940507411956787109e+00
2.887455701828002930e+00
4.570425987243652344e+00
3.146898031234741211e+00
5.065927028656005859e+00
2.114716291427612305e+00
2.955074787139892578e+00
5.267707347869873047e+00
2.925490140914916992e+00
3.133259773254394531e+00
2.561760187149047852e+00
2.823182821273803711e+00
2.578730821609497070e+00
2.319556713104248047e+00
2.454190492630004883e+00
2.736140012741088867e+00
3.021152973175048828e+00
3.081574916839599609e+00
3.032628297805786133e+00
2.832815170288085938e+00
3.301558494567871094e+00
2.732949972152709961e+00
3.690961122512817383e+00
2.951646327972412109e+00
3.650410413742065430e+00
2.051655054092407227e+00
2.376467227935791016e+00
2.182954072952270508e+00
2.583575963973999023e+00
2.435401439666748047e+00
2.453314065933227539e+00
2.968763113021850586e+00
2.536266565322875977e+00
3.497719287872314453e+00
2.567052841186523438e+00
4.711075305938720703e+00
2.289585351943969727e+00
2.598960399627685547e+00
2.625539779663085938e+00
2.664088487625122070e+00
3.445627689361572266e+00
3.312106132507324219e+00
5.086577415466308594e+00
3.750880241394042969e+00
4.394179344177246094e+00
2.243774175643920898e+00
3.347245216369628906e+00
3.038187742233276367e+00
3.001061201095581055e+00
3.251578092575073242e+00
4.009986400604248047e+00
4.318447589874267578e+00
5.515230655670166016e+00
3.443248271942138672e+00
2.311029195785522461e+00
2.372808456420898438e+00
2.793310165405273438e+00
3.016812324523925781e+00
3.127548694610595703e+00
3.993490457534790039e+00
3.084176063537597656e+00
2.968236446380615234e+00
5.810758590698242188e+00
7.613609790802001953e+00
3.462041378021240234e+00
1.924904942512512207e+00
2.501385927200317383e+00
3.210302352905273438e+00
2.699424505233764648e+00
2.947177886962890625e+00
1.670661330223083496e+00
4.600981712341308594e+00
2.937232494354248047e+00
2.659983158111572266e+00
2.593807458877563477e+00
2.570890665054321289e+00
2.591025114059448242e+00
2.807756900787353516e+00
2.397560596466064453e+00
2.977151870727539062e+00
3.990579843521118164e+00
3.322141647338867188e+00
3.571645498275756836e+00
3.046138763427734375e+00
2.970153331756591797e+00
5.097927570343017578e+00
2.067355632781982422e+00
4.302606105804443359e+00
4.967350959777832031e+00
1.711220979690551758e+00
2.885621309280395508e+00
3.360099077224731445e+00
2.955623626708984375e+00
2.044558048248291016e+00
3.851926326751708984e-01
1.875683307647705078e+00
2.377597570419311523e+00
2.650038242340087891e+00
3.456787109375000000e+00
2.654753684997558594e+00
4.420499801635742188e+00
2.494588136672973633e+00
3.749623298645019531e+00
2.491802215576171875e+00
2.888612747192382812e+00
2.634963035583496094e+00
2.069318294525146484e+00
4.159654140472412109e+00
4.829642295837402344e+00
2.649672985076904297e+00
4.706453800201416016e+00
3.233806133270263672e+00
2.500325918197631836e+00
2.511617898941040039e+00
3.161708831787109375e+00
3.078904867172241211e+00
5.437932491302490234e+00
2.853187322616577148e+00
1.645343661308288574e+00
3.463519573211669922e+00
4.397064685821533203e+00
2.151901721954345703e+00
3.213129281997680664e+00
2.964277267456054688e+00
3.567531108856201172e+00
2.381938457489013672e+00
2.710527896881103516e+00
2.551410913467407227e+00
2.985922098159790039e+00
5.891097545623779297e+00
3.180695533752441406e+00
3.164849519729614258e+00
4.459637165069580078e+00
5.698813915252685547e+00
7.043819904327392578e+00
4.468782424926757812e+00
2.375308036804199219e+00
3.415028095245361328e+00
4.640403270721435547e+00
3.616913795471191406e+00
3.191879510879516602e+00
3.361728191375732422e+00
4.124472618103027344e+00
3.863991498947143555e+00
4.612806797027587891e+00
3.156859636306762695e+00
3.254197835922241211e+00
2.864403247833251953e+00
2.952764511108398438e+00
3.321052074432373047e+00
1.767556428909301758e+00
3.260790348052978516e+00
4.590875148773193359e+00
3.305857896804809570e+00
2.433159589767456055e+00
3.048264026641845703e+00
5.096208572387695312e+00
6.464955806732177734e+00
2.049328804016113281e+00
2.874090194702148438e+00
5.266470909118652344e+00
2.440978288650512695e+00
4.239900112152099609e+00
4.164731025695800781e+00
2.546267032623291016e+00
2.475130319595336914e+00
3.312448978424072266e+00
6.376458644866943359e+00
3.100155591964721680e+00
2.931875467300415039e+00
2.822709083557128906e+00
4.563915729522705078e+00
3.259536981582641602e+00
4.863920211791992188e+00
2.270918130874633789e+00
3.041063070297241211e+00
5.178037166595458984e+00
2.947836160659790039e+00
3.200970888137817383e+00
2.470559358596801758e+00
2.805216073989868164e+00
2.678471326828002930e+00
2.494589328765869141e+00
2.497775316238403320e+00
2.759965181350708008e+00
2.919214487075805664e+00
3.151620626449584961e+00
2.905105352401733398e+00
2.744008541107177734e+00
3.238466501235961914e+00
2.652177572250366211e+00
3.668393373489379883e+00
2.989862442016601562e+00
3.569104433059692383e+00
2.203750848770141602e+00
2.359943628311157227e+00
2.208290100097656250e+00
2.471197128295898438e+00
2.466180562973022461e+00
2.555424451828002930e+00
2.768328905105590820e+00
2.542479276657104492e+00
3.462713479995727539e+00
2.590586900711059570e+00
4.771687030792236328e+00
2.284342527389526367e+00
2.556859016418457031e+00
2.595961570739746094e+00
2.614574432373046875e+00
3.490734577178955078e+00
3.224660634994506836e+00
5.131767749786376953e+00
3.705140113830566406e+00
4.461428642272949219e+00
2.239119529724121094e+00
3.317264795303344727e+00
3.181376695632934570e+00
3.023082494735717773e+00
3.224169015884399414e+00
3.977292537689208984e+00
4.419661998748779297e+00
5.672183513641357422e+00
3.507395982742309570e+00
2.417570114135742188e+00
2.300630092620849609e+00
2.744785547256469727e+00
3.116064548492431641e+00
3.181467771530151367e+00
4.072778224945068359e+00
3.142280578613281250e+00
2.969110727310180664e+00
5.900417804718017578e+00
7.637870311737060547e+00
3.467462062835693359e+00
1.948385596275329590e+00
2.572690963745117188e+00
3.109664201736450195e+00
2.599581480026245117e+00
2.852087259292602539e+00
1.654998064041137695e+00
4.569070339202880859e+00
3.009872436523437500e+00
2.644266366958618164e+00
2.566548585891723633e+00
2.620669364929199219e+00
2.662175655364990234e+00
2.710602045059204102e+00
2.257671594619750977e+00
2.965560913085937500e+00
4.013706684112548828e+00
3.446592569351196289e+00
3.562851905822753906e+00
2.477390527725219727e+00
2.964879751205444336e+00
5.117563724517822266e+00
2.017561435699462891e+00
4.324795722961425781e+00
4.994863986968994141e+00
1.740690231323242188e+00
2.881375551223754883e+00
3.404334306716918945e+00
2.942995309829711914e+00
1.980275511741638184e+00
4.716315865516662598e-01
2.717374086380004883e+00
3.192965745925903320e+00
2.638208150863647461e+00
3.458848476409912109e+00
2.653817892074584961e+00
4.404500484466552734e+00
2.478285551071166992e+00
3.751139402389526367e+00
2.413220405578613281e+00
2.897966623306274414e+00
2.658845186233520508e+00
2.154428005218505859e+00
4.277638912200927734e+00
4.872598648071289062e+00
2.710148811340332031e+00
4.540236949920654297e+00
3.127794027328491211e+00
2.458652496337890625e+00
2.581238985061645508e+00
3.090747117996215820e+00
3.129783391952514648e+00
5.448110580444335938e+00
2.899566650390625000e+00
1.673223495483398438e+00
3.517081975936889648e+00
4.357927799224853516e+00
2.276780605316162109e+00
3.260912179946899414e+00
2.920948982238769531e+00
3.592587947845458984e+00
2.355871200561523438e+00
2.668166160583496094e+00
2.469864845275878906e+00
3.028451681137084961e+00
5.825129508972167969e+00
3.155170202255249023e+00
3.099177122116088867e+00
4.445824623107910156e+00
5.711027622222900391e+00
7.105310440063476562e+00
4.449180126190185547e+00
2.395601034164428711e+00
3.402037858963012695e+00
4.538276195526123047e+00
3.644954681396484375e+00
3.129393100738525391e+00
3.405808687210083008e+00
4.115800380706787109e+00
3.768417596817016602e+00
4.670600891113281250e+00
3.219951152801513672e+00
3.317912578582763672e+00
2.936517715454101562e+00
2.871976852416992188e+00
3.339039087295532227e+00
1.880769371986389160e+00
3.335220336914062500e+00
4.532272338867187500e+00
3.308867692947387695e+00
2.303148508071899414e+00
3.063391208648681641e+00
5.214463710784912109e+00
6.455911636352539062e+00
2.010626077651977539e+00
2.867853164672851562e+00
5.273991107940673828e+00
2.613862752914428711e+00
4.365732192993164062e+00
4.229214191436767578e+00
2.590644359588623047e+00
2.369988203048706055e+00
3.352262973785400391e+00
6.916593074798583984e+00
3.226344347000122070e+00
2.862434864044189453e+00
2.868682384490966797e+00
4.529618740081787109e+00
3.311403274536132812e+00
4.851205348968505859e+00
2.295837402343750000e+00
2.997325897216796875e+00
5.170529365539550781e+00
2.924628734588623047e+00
3.270123243331909180e+00
2.371983528137207031e+00
2.757062435150146484e+00
2.578953504562377930e+00
2.463332414627075195e+00
2.446649789810180664e+00
2.832559823989868164e+00
2.877698421478271484e+00
3.066688537597656250e+00
2.894281864166259766e+00
2.777633190155029297e+00
3.249797821044921875e+00
2.675615310668945312e+00
3.603410482406616211e+00
2.884080171585083008e+00
3.598864555358886719e+00
2.205501556396484375e+00
2.342793703079223633e+00
2.241539239883422852e+00
2.580571413040161133e+00
2.409322977066040039e+00
2.629408597946166992e+00
2.683308839797973633e+00
2.533187627792358398e+00
3.505368947982788086e+00
2.717587471008300781e+00
4.754013061523437500e+00
2.264563083648681641e+00
2.473675489425659180e+00
2.650527715682983398e+00
2.577390193939208984e+00
3.476064205169677734e+00
3.225293874740600586e+00
5.133245468139648438e+00
3.625591278076171875e+00
4.464048862457275391e+00
2.244173765182495117e+00
3.286499977111816406e+00
3.173723459243774414e+00
2.970054149627685547e+00
3.203532934188842773e+00
3.980562925338745117e+00
4.550802230834960938e+00
5.623828887939453125e+00
3.522684097290039062e+00
2.392582893371582031e+00
2.410616874694824219e+00
2.650378942489624023e+00
2.967153549194335938e+00
3.186507463455200195e+00
4.094931602478027344e+00
3.061381340026855469e+00
2.973979234695434570e+00
5.867639541625976562e+00
7.630301952362060547e+00
3.469055891036987305e+00
1.876189947128295898e+00
2.438315153121948242e+00
3.176437377929687500e+00
2.610849857330322266e+00
2.894915580749511719e+00
1.657734155654907227e+00
4.665797710418701172e+00
2.969865798950195312e+00
2.603482961654663086e+00
2.589241981506347656e+00
2.568522453308105469e+00
2.626568794250488281e+00
2.813660383224487305e+00
2.341359376907348633e+00
3.003991365432739258e+00
3.972985744476318359e+00
3.381252288818359375e+00
3.513187885284423828e+00
3.884169101715087891e+00
2.972969770431518555e+00
5.087653636932373047e+00
2.039653778076171875e+00
4.323919773101806641e+00
5.012321949005126953e+00
1.654280066490173340e+00
2.905884027481079102e+00
3.334946632385253906e+00
2.918690204620361328e+00
1.946357131004333496e+00
4.472858905792236328e-01
4.152937412261962891e+00
4.940941810607910156e+00
2.508870601654052734e+00
3.438848972320556641e+00
2.543708324432373047e+00
4.304367065429687500e+00
2.365591526031494141e+00
3.667810678482055664e+00
2.212380170822143555e+00
2.799050569534301758e+00
2.711359262466430664e+00
2.047649383544921875e+00
4.009321212768554688e+00
4.302371501922607422e+00
2.527150392532348633e+00
4.619145393371582031e+00
3.171511173248291016e+00
2.569053649902343750e+00
2.597677707672119141e+00
3.119174242019653320e+00
3.116857051849365234e+00
5.413193702697753906e+00
2.549470901489257812e+00
1.700253367424011230e+00
3.454349517822265625e+00
4.236679553985595703e+00
2.265987396240234375e+00
3.229375839233398438e+00
2.975674629211425781e+00
3.487169027328491211e+00
2.323056697845458984e+00
2.717767477035522461e+00
2.469522714614868164e+00
2.908494234085083008e+00
5.830825805664062500e+00
3.265241622924804688e+00
3.144246101379394531e+00
4.360539913177490234e+00
5.677319526672363281e+00
7.017992496490478516e+00
4.333873271942138672e+00
2.444009304046630859e+00
3.388980865478515625e+00
4.404832839965820312e+00
3.554571628570556641e+00
3.124604701995849609e+00
3.195487260818481445e+00
4.022267818450927734e+00
3.793855428695678711e+00
4.599892139434814453e+00
3.151352167129516602e+00
3.414229393005371094e+00
2.820391178131103516e+00
2.847081899642944336e+00
3.329619407653808594e+00
1.905946254730224609e+00
3.223557472229003906e+00
4.514718532562255859e+00
3.266259431838989258e+00
2.389835119247436523e+00
2.984627246856689453e+00
5.139763832092285156e+00
6.186631202697753906e+00
2.019017219543457031e+00
2.821996688842773438e+00
5.170357704162597656e+00
2.903604507446289062e+00
4.291588306427001953e+00
4.200981616973876953e+00
2.489193916320800781e+00
2.405755519866943359e+00
3.316617012023925781e+00
7.566609382629394531e+00
3.192095994949340820e+00
3.018334388732910156e+00
3.034679651260375977e+00
4.480128288269042969e+00
3.418664693832397461e+00
4.753331184387207031e+00
2.334487915039062500e+00
2.975912332534790039e+00
5.135830402374267578e+00
2.888211011886596680e+00
3.396417617797851562e+00
2.551118373870849609e+00
2.836101293563842773e+00
2.635130167007446289e+00
2.535315990447998047e+00
2.416964054107666016e+00
2.752412319183349609e+00
2.811459779739379883e+00
3.124469280242919922e+00
2.925508260726928711e+00
2.714396715164184570e+00
3.193923950195312500e+00
2.643862962722778320e+00
3.642643928527832031e+00
3.047805786132812500e+00
3.572681188583374023e+00
2.279498338699340820e+00
2.331361055374145508e+00
2.253279447555541992e+00
2.573646068572998047e+00
2.322814702987670898e+00
2.611064672470092773e+00
2.647715091705322266e+00
2.584443569183349609e+00
3.512625932693481445e+00
2.649167060852050781e+00
4.741385936737060547e+00
2.250954627990722656e+00
2.428281068801879883e+00
2.643393516540527344e+00
2.575316190719604492e+00
3.469643592834472656e+00
3.108054399490356445e+00
5.123053073883056641e+00
3.700575828552246094e+00
4.421207904815673828e+00
2.223618030548095703e+00
3.268987178802490234e+00
3.264356851577758789e+00
2.907062053680419922e+00
3.219205617904663086e+00
3.889604091644287109e+00
4.609802246093750000e+00
5.666120052337646484e+00
3.521746397018432617e+00
2.364169359207153320e+00
2.382302761077880859e+00
2.720977544784545898e+00
2.990549087524414062e+00
3.137692928314208984e+00
4.067434787750244141e+00
3.098650932312011719e+00
2.936281204223632812e+00
5.748023509979248047e+00
7.561753749847412109e+00
3.527409553527832031e+00
1.925694942474365234e+00
2.573198795318603516e+00
3.164704084396362305e+00
2.690052509307861328e+00
2.803694486618041992e+00
1.679386615753173828e+00
4.586652278900146484e+00
2.960489273071289062e+00
2.582517385482788086e+00
2.552786588668823242e+00
2.633074283599853516e+00
2.581418275833129883e+00
2.618260383605957031e+00
2.359582901000976562e+00
3.083118438720703125e+00
3.929127216339111328e+00
3.406437873840332031e+00
3.570505142211914062e+00
2.873360633850097656e+00
3.001570463180541992e+00
5.061820030212402344e+00
2.030390262603759766e+00
4.283005237579345703e+00
4.895028114318847656e+00
1.742644190788269043e+00
2.866702318191528320e+00
3.302124023437500000e+00
2.862253189086914062e+00
1.993356347084045410e+00
4.924374222755432129e-01
3.948554992675781250e+00
3.880000591278076172e+00
